0.000000000000000000e+00,3.683232762921698211e-01,0.000000000000000000e+00,0.000000000000000000e+00,0.000000000000000000e+00,3.961507025547392202e-01,4.191121468037194986e-01,4.150418400025054910e-01,0.000000000000000000e+00,3.673027740855893120e-01,0.000000000000000000e+00,3.436467403279879207e-01,4.119933666893633162e-01,0.000000000000000000e+00,3.641221978078352239e-01,3.652526389457951272e-01,0.000000000000000000e+00,3.564900799655570940e-01,0.000000000000000000e+00,3.902796884693002788e-01,3.345271357342088914e-01,3.806454811276733241e-01,4.039251909653865935e-01,3.109374844199558896e-01,3.530986103479318849e-01,3.409859638935786030e-01,4.015642977201265840e-01,3.994694718877320194e-01,3.903174708534525861e-01,3.966165507633527820e-01,3.466421119632159820e-01,4.119278624781266274e-01,2.919148446943435893e-01,3.460581933349227146e-01,4.263418488834259112e-01,0.000000000000000000e+00,0.000000000000000000e+00,0.000000000000000000e+00,4.236005236734122770e-01,3.838197432064163750e-01,3.930972264910068126e-01,4.500609335668914746e-01,0.000000000000000000e+00,0.000000000000000000e+00,0.000000000000000000e+00,2.704919506495532255e-01,4.337523254954109841e-01,0.000000000000000000e+00,0.000000000000000000e+00,0.000000000000000000e+00,4.045008280214618113e-01,0.000000000000000000e+00,3.468583975576700063e-01,0.000000000000000000e+00,0.000000000000000000e+00,0.000000000000000000e+00,3.430546651742111819e-01,0.000000000000000000e+00,0.000000000000000000e+00,3.944402386581866149e-01,4.230306397675612784e-01,0.000000000000000000e+00,3.869162183337810923e-01,0.000000000000000000e+00,3.977551369175240104e-01,2.920629247320679078e-01,4.210040097259972192e-01,3.637473445470817968e-01,2.939182962904712260e-01,4.019826494257934812e-01,3.969980937049281122e-01,0.000000000000000000e+00,0.000000000000000000e+00,4.112780363140184914e-01,0.000000000000000000e+00,3.888166477936849108e-01
3.683232762921698211e-01,0.000000000000000000e+00,3.876568748524745756e-01,0.000000000000000000e+00,0.000000000000000000e+00,3.978621437724040866e-01,4.318130782305827919e-01,4.233684021981212742e-01,4.187671858277214887e-01,3.709107803132724035e-01,0.000000000000000000e+00,0.000000000000000000e+00,4.272463220692668817e-01,0.000000000000000000e+00,4.006155969661889249e-01,4.060979287777407021e-01,3.862250878611352967e-01,3.754871571837434807e-01,0.000000000000000000e+00,4.306364381881724879e-01,3.935001859645020916e-01,4.239548669060418939e-01,4.012498453667516229e-01,3.562304870821865754e-01,3.814972172126575023e-01,4.049020742917268101e-01,4.046852459253635903e-01,4.173178393089644889e-01,4.133321784731874837e-01,3.810820130120735061e-01,3.700346665706075178e-01,4.311579351198022159e-01,3.564000099373118013e-01,3.760685367497598186e-01,4.665802784579217155e-01,4.747740942766178751e-01,0.000000000000000000e+00,0.000000000000000000e+00,4.453341111304229272e-01,4.344274650568831220e-01,4.263140503820648797e-01,4.552486255004994931e-01,0.000000000000000000e+00,0.000000000000000000e+00,0.000000000000000000e+00,3.978381080430963834e-01,4.482541777838002783e-01,0.000000000000000000e+00,0.000000000000000000e+00,0.000000000000000000e+00,4.301115045909986723e-01,0.000000000000000000e+00,4.195821895412493174e-01,0.000000000000000000e+00,4.187493219905867869e-01,0.000000000000000000e+00,4.034986582216900097e-01,4.293245884264899059e-01,0.000000000000000000e+00,4.352972515082627059e-01,4.419184693946727749e-01,4.431081072808639165e-01,4.268103216331576855e-01,0.000000000000000000e+00,4.313936453732966081e-01,4.060513391535052197e-01,4.330798800650613178e-01,4.288182933089151883e-01,3.825315169086385136e-01,4.428592371396304905e-01,4.455398471434592889e-01,4.386620598278159200e-01,4.313324702914391184e-01,4.290639966700702801e-01,0.000000000000000000e+00,4.224153679943353779e-01
0.000000000000000000e+00,3.876568748524745756e-01,0.000000000000000000e+00,4.159531558076619007e-01,4.087743043864959791e-01,3.798368277190705133e-01,4.450566593883517053e-01,4.416115405704941765e-01,3.292567787970033244e-01,4.501298306389138748e-01,3.423669131026962908e-01,4.199144653205342248e-01,4.512912282982304846e-01,4.008889063764908833e-01,0.000000000000000000e+00,0.000000000000000000e+00,0.000000000000000000e+00,4.386097232592081063e-01,2.704380035592510167e-01,0.000000000000000000e+00,4.235795746375501936e-01,4.266511280475127066e-01,3.443980376169907820e-01,0.000000000000000000e+00,0.000000000000000000e+00,4.390762588205460171e-01,2.765032058574549145e-01,4.394145338683325130e-01,3.889938954288285067e-01,4.278349579605031927e-01,4.409901994121807056e-01,4.098024174898818872e-01,3.928180272544031792e-01,4.358026382624360928e-01,4.252350033323705758e-01,4.065789743491359798e-01,4.207013957163068252e-01,4.158486426403947833e-01,4.875504700747759768e-01,0.000000000000000000e+00,5.117775485209776765e-01,0.000000000000000000e+00,4.935821634584097173e-01,0.000000000000000000e+00,0.000000000000000000e+00,0.000000000000000000e+00,0.000000000000000000e+00,2.949823069999911729e-01,0.000000000000000000e+00,5.153850710898557619e-01,5.374851152918703745e-01,5.263404159453475284e-01,5.231548738917269903e-01,4.262164649487322210e-01,0.000000000000000000e+00,4.414066435423100176e-01,0.000000000000000000e+00,5.044936412713584284e-01,4.820384818784338998e-01,0.000000000000000000e+00,0.000000000000000000e+00,0.000000000000000000e+00,0.000000000000000000e+00,2.209235350187281899e-01,0.000000000000000000e+00,0.000000000000000000e+00,0.000000000000000000e+00,5.445561471634307038e-01,0.000000000000000000e+00,0.000000000000000000e+00,0.000000000000000000e+00,4.793041404737328204e-01,4.845695030815012072e-01,4.675431741512033890e-01,0.000000000000000000e+00,5.001948538328462313e-01
0.000000000000000000e+00,0.000000000000000000e+00,4.159531558076619007e-01,0.000000000000000000e+00,2.637916249785621781e-01,4.104728945345011981e-01,2.564257934265202210e-01,3.915677283154637145e-01,4.103951319106606266e-01,0.000000000000000000e+00,3.592342421366396810e-01,0.000000000000000000e+00,3.199980556032567258e-01,3.302214987719132022e-01,0.000000000000000000e+00,0.000000000000000000e+00,0.000000000000000000e+00,0.000000000000000000e+00,4.230096748240775861e-01,4.418835731422633972e-01,0.000000000000000000e+00,4.526243505615988871e-01,3.904218604393439040e-01,0.000000000000000000e+00,0.000000000000000000e+00,0.000000000000000000e+00,3.980790099050212083e-01,2.840558107213125849e-01,4.047348113690075744e-01,0.000000000000000000e+00,3.459659538647347210e-01,3.021754597843565038e-01,0.000000000000000000e+00,2.434599763302464914e-01,0.000000000000000000e+00,2.772085900490349197e-01,1.834110197526211128e-01,0.000000000000000000e+00,0.000000000000000000e+00,0.000000000000000000e+00,0.000000000000000000e+00,0.000000000000000000e+00,0.000000000000000000e+00,0.000000000000000000e+00,0.000000000000000000e+00,0.000000000000000000e+00,0.000000000000000000e+00,0.000000000000000000e+00,0.000000000000000000e+00,0.000000000000000000e+00,0.000000000000000000e+00,0.000000000000000000e+00,0.000000000000000000e+00,0.000000000000000000e+00,0.000000000000000000e+00,0.000000000000000000e+00,0.000000000000000000e+00,0.000000000000000000e+00,0.000000000000000000e+00,0.000000000000000000e+00,0.000000000000000000e+00,0.000000000000000000e+00,0.000000000000000000e+00,0.000000000000000000e+00,0.000000000000000000e+00,0.000000000000000000e+00,0.000000000000000000e+00,0.000000000000000000e+00,0.000000000000000000e+00,0.000000000000000000e+00,0.000000000000000000e+00,0.000000000000000000e+00,0.000000000000000000e+00,0.000000000000000000e+00,0.000000000000000000e+00,0.000000000000000000e+00
0.000000000000000000e+00,0.000000000000000000e+00,4.087743043864959791e-01,2.637916249785621781e-01,0.000000000000000000e+00,3.770241551067010088e-01,3.381143685854303138e-01,3.880036585762802748e-01,3.403441658833574190e-01,4.312880116154431120e-01,3.180122667392153990e-01,4.101926502284756193e-01,3.856926375845394772e-01,2.815779725567140734e-01,0.000000000000000000e+00,0.000000000000000000e+00,0.000000000000000000e+00,4.184225852660963807e-01,3.817143598223075029e-01,0.000000000000000000e+00,3.712240534955996152e-01,4.637235476089148767e-01,3.962230423050345784e-01,0.000000000000000000e+00,0.000000000000000000e+00,4.239420275940712912e-01,4.054948937520583274e-01,3.788316781839086156e-01,4.400954684746479773e-01,0.000000000000000000e+00,4.348774445307708736e-01,3.450831766208418139e-01,4.339178767934284142e-01,4.145278533727460024e-01,0.000000000000000000e+00,2.638819561061380159e-01,3.451047478065927820e-01,3.557662987391980169e-01,4.615938460475466076e-01,0.000000000000000000e+00,0.000000000000000000e+00,0.000000000000000000e+00,4.642786764220204754e-01,0.000000000000000000e+00,0.000000000000000000e+00,0.000000000000000000e+00,0.000000000000000000e+00,4.878733416961100189e-01,0.000000000000000000e+00,4.789062459585868847e-01,5.084614431545880775e-01,5.001972851948567333e-01,4.712228237956536114e-01,4.855712432688966129e-01,0.000000000000000000e+00,4.278526931748308781e-01,0.000000000000000000e+00,4.796253133578504135e-01,0.000000000000000000e+00,0.000000000000000000e+00,0.000000000000000000e+00,0.000000000000000000e+00,0.000000000000000000e+00,4.647116078271175121e-01,0.000000000000000000e+00,0.000000000000000000e+00,0.000000000000000000e+00,5.127064198453170629e-01,0.000000000000000000e+00,0.000000000000000000e+00,0.000000000000000000e+00,5.061272773781374523e-01,4.712464656172988264e-01,4.519365946994503003e-01,0.000000000000000000e+00,4.735818467667928799e-01
3.961507025547392202e-01,3.978621437724040866e-01,3.798368277190705133e-01,4.104728945345011981e-01,3.770241551067010088e-01,0.000000000000000000e+00,4.209374657445882906e-01,3.969563908383482165e-01,3.373060906346687093e-01,4.435248167976049150e-01,3.824669425329325079e-01,4.203980435006389738e-01,3.712368803170960074e-01,4.076689928164756727e-01,3.837533480142428233e-01,4.384391063766654995e-01,4.431187299350549114e-01,4.334295852586417808e-01,3.850395794143259831e-01,3.950383362393726228e-01,3.712153363542632922e-01,4.193501726922356787e-01,3.743002756735673842e-01,4.274370993470397728e-01,4.014932079053531999e-01,3.993427919257669934e-01,3.402499190235855897e-01,3.652588858784565073e-01,3.107372569152688779e-01,3.988231578169315061e-01,4.139432514018033249e-01,3.671041121546074204e-01,3.285580963283862843e-01,4.103289765856668048e-01,4.241483827767272841e-01,4.059616662604572102e-01,4.116489072761633783e-01,3.976547718395079256e-01,4.530004382028708920e-01,0.000000000000000000e+00,4.582677371338351735e-01,0.000000000000000000e+00,4.753505307946481184e-01,0.000000000000000000e+00,0.000000000000000000e+00,0.000000000000000000e+00,4.145651417463904753e-01,5.306513049811446558e-01,0.000000000000000000e+00,4.978466569615260795e-01,5.216955249749657408e-01,5.104410072749508975e-01,4.633467392835752818e-01,5.190818516817564676e-01,0.000000000000000000e+00,4.771121405937597815e-01,0.000000000000000000e+00,4.864717938729890001e-01,4.617951321544427890e-01,4.088463291861966220e-01,4.103505044116552147e-01,0.000000000000000000e+00,0.000000000000000000e+00,4.894720249303097792e-01,4.594267943791647824e-01,3.680866901831831850e-01,4.107500221157550091e-01,5.273390767679628777e-01,0.000000000000000000e+00,4.101363745071349154e-01,4.222710269186317755e-01,5.140648572173198705e-01,4.698446945295616239e-01,4.483748069895130972e-01,4.810297312619635224e-01,4.730333069097210075e-01
4.191121468037194986e-01,4.318130782305827919e-01,4.450566593883517053e-01,2.564257934265202210e-01,3.381143685854303138e-01,4.209374657445882906e-01,0.000000000000000000e+00,4.214738001462637884e-01,4.188218960795470069e-01,4.056964817799089129e-01,4.385611746676235101e-01,3.630988384682107828e-01,3.392396973518339021e-01,3.160352856416939193e-01,4.039672785980790159e-01,4.618934191723481075e-01,4.320705574201356147e-01,4.364486986412570158e-01,4.534830135504178128e-01,4.437706201452121801e-01,4.059957844096376833e-01,4.541119197110917161e-01,4.247568062272480960e-01,4.374719416152064166e-01,4.279076374277727135e-01,4.334614855354467777e-01,4.279483234852634044e-01,3.647634794998613206e-01,4.380913764399601007e-01,4.215470236697724249e-01,4.257982207558855814e-01,3.863233477303817942e-01,3.523455384493404119e-01,3.940918902876174856e-01,4.610665379660469076e-01,3.306617748971454884e-01,3.297433687466133079e-01,3.441169079224591920e-01,4.623867439567875270e-01,0.000000000000000000e+00,4.749554163474596913e-01,0.000000000000000000e+00,4.677398668419068817e-01,0.000000000000000000e+00,0.000000000000000000e+00,0.000000000000000000e+00,4.313806283010083731e-01,5.061802541951937462e-01,0.000000000000000000e+00,4.967087579285667243e-01,5.127563731123024882e-01,5.004536139268696004e-01,4.643966418692495046e-01,5.016327221659292457e-01,0.000000000000000000e+00,4.569564534708587256e-01,0.000000000000000000e+00,4.835078415863738877e-01,4.294303161455563234e-01,0.000000000000000000e+00,0.000000000000000000e+00,0.000000000000000000e+00,0.000000000000000000e+00,4.980849285717082742e-01,0.000000000000000000e+00,4.124489450320804051e-01,4.245621790908621906e-01,5.129091957158885551e-01,0.000000000000000000e+00,0.000000000000000000e+00,4.390131985173333917e-01,5.018116983013545251e-01,4.681199479789395212e-01,4.504456501227355192e-01,0.000000000000000000e+00,4.778564659255319924e-01
4.150418400025054910e-01,4.233684021981212742e-01,4.416115405704941765e-01,3.915677283154637145e-01,3.880036585762802748e-01,3.969563908383482165e-01,4.214738001462637884e-01,0.000000000000000000e+00,4.544869042954727822e-01,4.108625812802095267e-01,3.134712061102590264e-01,4.215653714769901916e-01,4.012564709237850802e-01,3.213662976064087795e-01,2.935340884381718030e-01,4.229649414152650277e-01,0.000000000000000000e+00,4.347652490243814061e-01,3.921815347377917149e-01,3.610522647403054952e-01,3.258532055302743036e-01,3.925947890731509848e-01,3.627406676135814245e-01,4.462458799974847734e-01,4.303046563475338981e-01,4.336748876913925077e-01,4.104876402323713869e-01,3.780984233448598242e-01,3.417052630665753932e-01,3.521122367513908058e-01,3.725685301994928200e-01,3.189580103169458725e-01,2.884753922786473801e-01,3.821018603200063146e-01,0.000000000000000000e+00,3.103262075532642883e-01,3.470531841059861788e-01,3.658034334174619095e-01,4.298079784935219250e-01,0.000000000000000000e+00,4.506527524893932934e-01,0.000000000000000000e+00,3.826919957245404902e-01,0.000000000000000000e+00,0.000000000000000000e+00,3.832541596950326257e-01,4.342377204945481184e-01,4.680717431957301944e-01,0.000000000000000000e+00,4.070842978951281221e-01,5.059884255656718066e-01,4.805288596526646749e-01,4.358904817154943823e-01,4.597109153603100018e-01,0.000000000000000000e+00,4.092413122657445057e-01,0.000000000000000000e+00,4.630938245905554806e-01,3.587146909901435810e-01,4.139824293545195100e-01,4.412212373085401262e-01,0.000000000000000000e+00,0.000000000000000000e+00,4.758553984290025962e-01,3.853048738743415913e-01,3.684696651800372091e-01,4.300608507721601081e-01,4.997813265458209142e-01,3.684525239507249195e-01,4.306917188371184868e-01,4.296577157747268894e-01,5.100425295756167987e-01,4.553304064514926974e-01,4.462868681527782933e-01,0.000000000000000000e+00,4.597926723731721732e-01
0.000000000000000000e+00,4.187671858277214887e-01,3.292567787970033244e-01,4.103951319106606266e-01,3.403441658833574190e-01,3.373060906346687093e-01,4.188218960795470069e-01,4.544869042954727822e-01,0.000000000000000000e+00,4.605919992770369231e-01,2.718656916874492846e-01,4.326166824542722056e-01,3.716834424273741111e-01,4.008651604243576028e-01,0.000000000000000000e+00,4.474515353757976266e-01,0.000000000000000000e+00,4.595737408653430833e-01,2.811949074037375929e-01,4.200880112463943883e-01,4.205030232068101004e-01,4.243972567958715914e-01,3.922516364895979879e-01,4.487407645604419848e-01,4.463493700472633829e-01,4.363726214602764997e-01,3.312546503200349268e-01,4.528217013965402105e-01,4.143018281868153796e-01,4.426245658564215146e-01,4.560652952079152778e-01,4.201710288441561914e-01,4.059891674773580261e-01,4.495507278213782265e-01,0.000000000000000000e+00,4.195883968883453163e-01,4.377109459297038874e-01,4.259244722402968919e-01,4.838722037152520250e-01,0.000000000000000000e+00,4.940987043703671255e-01,0.000000000000000000e+00,4.980905373265501757e-01,0.000000000000000000e+00,0.000000000000000000e+00,0.000000000000000000e+00,0.000000000000000000e+00,4.511680221024768067e-01,0.000000000000000000e+00,4.977807501484449171e-01,5.469071190759456913e-01,5.281461368647499821e-01,5.294664900720799094e-01,5.339178125123091867e-01,0.000000000000000000e+00,4.707661536721636231e-01,0.000000000000000000e+00,5.127173601890057109e-01,5.060562954310747763e-01,0.000000000000000000e+00,0.000000000000000000e+00,0.000000000000000000e+00,0.000000000000000000e+00,4.892741808343694099e-01,5.032673940971211790e-01,4.053539497278421111e-01,0.000000000000000000e+00,5.478781798871369402e-01,0.000000000000000000e+00,0.000000000000000000e+00,0.000000000000000000e+00,5.400598227082703540e-01,4.941091093106648735e-01,4.847518855541507188e-01,0.000000000000000000e+00,5.070444558783072653e-01
3.673027740855893120e-01,3.709107803132724035e-01,4.501298306389138748e-01,0.000000000000000000e+00,4.312880116154431120e-01,4.435248167976049150e-01,4.056964817799089129e-01,4.108625812802095267e-01,4.605919992770369231e-01,0.000000000000000000e+00,4.471719341262612724e-01,3.166027575813453732e-01,4.218290249096759981e-01,4.313125908374785822e-01,4.237719153771781766e-01,3.815093086530899069e-01,3.482524375189546273e-01,3.593578651907083921e-01,4.519993396716108780e-01,4.152758488698410910e-01,4.033469329649426727e-01,4.231276618141331936e-01,4.188419977428001206e-01,3.232763481676618755e-01,3.383789142614929135e-01,3.666820659235416890e-01,4.181254014283827258e-01,4.068209716098025730e-01,4.097822079585268784e-01,4.184051235017108850e-01,3.673215555674276267e-01,3.259515260556548055e-01,3.167316395756029079e-01,3.326908910500541161e-01,3.983725335778933174e-01,3.811244690552694214e-01,3.077440223909866934e-01,2.842325552044763226e-01,4.477628117021413834e-01,3.923108252984858213e-01,3.776713761725318808e-01,0.000000000000000000e+00,0.000000000000000000e+00,0.000000000000000000e+00,3.409501405097418170e-01,3.674331287366263132e-01,0.000000000000000000e+00,0.000000000000000000e+00,0.000000000000000000e+00,0.000000000000000000e+00,4.851839091788519021e-01,0.000000000000000000e+00,4.447728939343618126e-01,0.000000000000000000e+00,4.511851504992422934e-01,0.000000000000000000e+00,4.412742362185306244e-01,4.661835823118026245e-01,0.000000000000000000e+00,0.000000000000000000e+00,4.253917239605014000e-01,4.512625730941143831e-01,4.420347087298672206e-01,0.000000000000000000e+00,0.000000000000000000e+00,0.000000000000000000e+00,0.000000000000000000e+00,4.885618535881072755e-01,4.195907183253649864e-01,4.498074320336993837e-01,4.532625739512542995e-01,4.759932739595085782e-01,0.000000000000000000e+00,0.000000000000000000e+00,0.000000000000000000e+00,4.188621002934940218e-01
0.000000000000000000e+00,0.000000000000000000e+00,3.423669131026962908e-01,3.592342421366396810e-01,3.180122667392153990e-01,3.824669425329325079e-01,4.385611746676235101e-01,3.134712061102590264e-01,2.718656916874492846e-01,4.471719341262612724e-01,0.000000000000000000e+00,4.199074837160299833e-01,4.563061341782045921e-01,2.856524875797967211e-01,0.000000000000000000e+00,0.000000000000000000e+00,0.000000000000000000e+00,4.487955187739078866e-01,2.812109512389139865e-01,0.000000000000000000e+00,0.000000000000000000e+00,0.000000000000000000e+00,3.019389990783076239e-01,0.000000000000000000e+00,0.000000000000000000e+00,0.000000000000000000e+00,3.702103535158933756e-01,4.343511603566800883e-01,0.000000000000000000e+00,4.370453423771665791e-01,4.398890018052334927e-01,3.265255812273316072e-01,4.089310882827437155e-01,4.403229776670036788e-01,0.000000000000000000e+00,2.768629139625679025e-01,3.375852862425035017e-01,4.166167937361358042e-01,0.000000000000000000e+00,0.000000000000000000e+00,0.000000000000000000e+00,0.000000000000000000e+00,4.040520953863008802e-01,0.000000000000000000e+00,0.000000000000000000e+00,0.000000000000000000e+00,0.000000000000000000e+00,3.977184551667847789e-01,0.000000000000000000e+00,3.264285248330288103e-01,4.962417426640992058e-01,4.412657344670434245e-01,4.325395155898812960e-01,4.791541674763823977e-01,0.000000000000000000e+00,2.312976111008422930e-01,0.000000000000000000e+00,4.612738921161191885e-01,3.515394656113706162e-01,0.000000000000000000e+00,0.000000000000000000e+00,0.000000000000000000e+00,0.000000000000000000e+00,1.552659116195755085e-01,0.000000000000000000e+00,0.000000000000000000e+00,0.000000000000000000e+00,4.970241320652912242e-01,0.000000000000000000e+00,0.000000000000000000e+00,0.000000000000000000e+00,4.956801576695392120e-01,4.256156790868674822e-01,0.000000000000000000e+00,0.000000000000000000e+00,4.334746206666785784e-01
3.436467403279879207e-01,0.000000000000000000e+00,4.199144653205342248e-01,0.000000000000000000e+00,4.101926502284756193e-01,4.203980435006389738e-01,3.630988384682107828e-01,4.215653714769901916e-01,4.326166824542722056e-01,3.166027575813453732e-01,4.199074837160299833e-01,0.000000000000000000e+00,3.980933139915143193e-01,0.000000000000000000e+00,4.381782700654611729e-01,3.697784976931489109e-01,3.709834695189119236e-01,3.645376847598221226e-01,4.213524923088159957e-01,4.280777764982368061e-01,4.028853840280863796e-01,4.439106091284027999e-01,4.170193948022065111e-01,2.948870028774627783e-01,3.522972448214281016e-01,3.346355491677844851e-01,3.997059548292016817e-01,3.732723415847825077e-01,4.025206883303670824e-01,0.000000000000000000e+00,3.754166035989167094e-01,2.838804106541383820e-01,2.747716090353483076e-01,2.818804959574803815e-01,3.598445240010907931e-01,2.657139362204565813e-01,2.740177566501216244e-01,2.422127922987634963e-01,2.845310685468688261e-01,4.119579340878661844e-01,3.630811903450639200e-01,3.438424416483977231e-01,0.000000000000000000e+00,0.000000000000000000e+00,3.561221438156769170e-01,3.587202225877674788e-01,0.000000000000000000e+00,0.000000000000000000e+00,0.000000000000000000e+00,0.000000000000000000e+00,0.000000000000000000e+00,0.000000000000000000e+00,0.000000000000000000e+00,0.000000000000000000e+00,4.577500210218807819e-01,0.000000000000000000e+00,4.465709819971084849e-01,0.000000000000000000e+00,0.000000000000000000e+00,0.000000000000000000e+00,4.502248611161053238e-01,4.450442402167438249e-01,4.372890151697856886e-01,0.000000000000000000e+00,0.000000000000000000e+00,0.000000000000000000e+00,0.000000000000000000e+00,0.000000000000000000e+00,4.058232048983944074e-01,4.441108120425885097e-01,4.459796338274237271e-01,0.000000000000000000e+00,4.199782455650499235e-01,0.000000000000000000e+00,0.000000000000000000e+00,4.115332344089320804e-01
4.119933666893633162e-01,4.272463220692668817e-01,4.512912282982304846e-01,3.199980556032567258e-01,3.856926375845394772e-01,3.712368803170960074e-01,3.392396973518339021e-01,4.012564709237850802e-01,3.716834424273741111e-01,4.218290249096759981e-01,4.563061341782045921e-01,3.980933139915143193e-01,0.000000000000000000e+00,3.954002484088027236e-01,4.204774670100512868e-01,4.540648831579606748e-01,4.378344851073259214e-01,4.399102938338805835e-01,4.636330815414014817e-01,4.263368202362116111e-01,3.909632350027988923e-01,4.523282083381606755e-01,4.134206166394170934e-01,4.041291363264878922e-01,4.253201911336618735e-01,4.250130427193221094e-01,4.097749624644924094e-01,3.449011124131010075e-01,3.970797452059728894e-01,3.808764763893652261e-01,4.118703192986549189e-01,4.006717899311564857e-01,3.610071020008587817e-01,4.161402320476180194e-01,4.596104380762657815e-01,3.845883612738941748e-01,3.863069610853380187e-01,3.674409983974291083e-01,4.468686484766469236e-01,0.000000000000000000e+00,4.588152018806431198e-01,0.000000000000000000e+00,4.599188321623606246e-01,0.000000000000000000e+00,0.000000000000000000e+00,0.000000000000000000e+00,4.267450877841459933e-01,4.980979517110474264e-01,0.000000000000000000e+00,4.957098858065908109e-01,5.027324612307668694e-01,4.959213791356806844e-01,4.430509560369828015e-01,4.983709612731976879e-01,0.000000000000000000e+00,4.784308965463459073e-01,0.000000000000000000e+00,4.786435272964518761e-01,0.000000000000000000e+00,4.076379458003671075e-01,4.313105175912542166e-01,0.000000000000000000e+00,0.000000000000000000e+00,4.913596992649660877e-01,4.525295270609893117e-01,3.950692119295144966e-01,4.211020821825964822e-01,5.039716739577811966e-01,0.000000000000000000e+00,4.263502709079837194e-01,4.356039465092695906e-01,4.869536228432019831e-01,4.652867184884407203e-01,4.460246789341467122e-01,0.000000000000000000e+00,4.683570906775251785e-01
0.000000000000000000e+00,0.000000000000000000e+00,4.008889063764908833e-01,3.302214987719132022e-01,2.815779725567140734e-01,4.076689928164756727e-01,3.160352856416939193e-01,3.213662976064087795e-01,4.008651604243576028e-01,4.313125908374785822e-01,2.856524875797967211e-01,0.000000000000000000e+00,3.954002484088027236e-01,0.000000000000000000e+00,0.000000000000000000e+00,0.000000000000000000e+00,0.000000000000000000e+00,0.000000000000000000e+00,3.624711475249572934e-01,0.000000000000000000e+00,0.000000000000000000e+00,0.000000000000000000e+00,3.716317417996590211e-01,0.000000000000000000e+00,0.000000000000000000e+00,0.000000000000000000e+00,4.198800303979354220e-01,3.596719603923815844e-01,0.000000000000000000e+00,0.000000000000000000e+00,3.816337639542077276e-01,2.635569010202086226e-01,0.000000000000000000e+00,4.187069035356518754e-01,0.000000000000000000e+00,2.563968244473837088e-01,2.115746725226582969e-01,0.000000000000000000e+00,0.000000000000000000e+00,0.000000000000000000e+00,0.000000000000000000e+00,0.000000000000000000e+00,0.000000000000000000e+00,0.000000000000000000e+00,0.000000000000000000e+00,0.000000000000000000e+00,0.000000000000000000e+00,0.000000000000000000e+00,0.000000000000000000e+00,0.000000000000000000e+00,4.625287141796539103e-01,0.000000000000000000e+00,0.000000000000000000e+00,0.000000000000000000e+00,0.000000000000000000e+00,0.000000000000000000e+00,0.000000000000000000e+00,0.000000000000000000e+00,0.000000000000000000e+00,0.000000000000000000e+00,0.000000000000000000e+00,0.000000000000000000e+00,0.000000000000000000e+00,0.000000000000000000e+00,0.000000000000000000e+00,0.000000000000000000e+00,0.000000000000000000e+00,4.942235871994558050e-01,0.000000000000000000e+00,0.000000000000000000e+00,0.000000000000000000e+00,0.000000000000000000e+00,0.000000000000000000e+00,0.000000000000000000e+00,0.000000000000000000e+00,0.000000000000000000e+00
3.641221978078352239e-01,4.006155969661889249e-01,0.000000000000000000e+00,0.000000000000000000e+00,0.000000000000000000e+00,3.837533480142428233e-01,4.039672785980790159e-01,2.935340884381718030e-01,0.000000000000000000e+00,4.237719153771781766e-01,0.000000000000000000e+00,4.381782700654611729e-01,4.204774670100512868e-01,0.000000000000000000e+00,0.000000000000000000e+00,4.080985953470124272e-01,4.057447710080517855e-01,3.980101201848189052e-01,0.000000000000000000e+00,3.089412031664086067e-01,3.502440027048687177e-01,3.634067516880826187e-01,3.530955147763035207e-01,4.172987573851246190e-01,3.891375239859322099e-01,3.905876813655885793e-01,3.846909713393287245e-01,3.850401925996845276e-01,3.842522871360021797e-01,3.560548788981938162e-01,3.926166625369242880e-01,4.239266020250442857e-01,3.533772030755750748e-01,4.142230495761843878e-01,4.733817378311945268e-01,4.918619559640783900e-01,4.508240368724618086e-01,4.090220439781958039e-01,4.542917149070634930e-01,4.322390758899454788e-01,4.472587796302303076e-01,4.765759569201192813e-01,0.000000000000000000e+00,0.000000000000000000e+00,0.000000000000000000e+00,4.223933628145707941e-01,4.769443685671675981e-01,0.000000000000000000e+00,0.000000000000000000e+00,0.000000000000000000e+00,4.488054725825942892e-01,4.389288985110358920e-01,4.017766735011181201e-01,0.000000000000000000e+00,0.000000000000000000e+00,0.000000000000000000e+00,0.000000000000000000e+00,0.000000000000000000e+00,0.000000000000000000e+00,4.600667084809643148e-01,4.540201026478880020e-01,0.000000000000000000e+00,4.398728148416122252e-01,0.000000000000000000e+00,4.350839537811427848e-01,3.813675466073717102e-01,4.588130605161888087e-01,4.272368696200269933e-01,4.170906011937574043e-01,4.270113942311669075e-01,4.945132073029295250e-01,4.490903906274482105e-01,4.590919301004279252e-01,4.409828274696044881e-01,0.000000000000000000e+00,4.323194664500851214e-01
3.652526389457951272e-01,4.060979287777407021e-01,0.000000000000000000e+00,0.000000000000000000e+00,0.000000000000000000e+00,4.384391063766654995e-01,4.618934191723481075e-01,4.229649414152650277e-01,4.474515353757976266e-01,3.815093086530899069e-01,0.000000000000000000e+00,3.697784976931489109e-01,4.540648831579606748e-01,0.000000000000000000e+00,4.080985953470124272e-01,0.000000000000000000e+00,3.855548955753194118e-01,3.286293997981327153e-01,0.000000000000000000e+00,4.171961511546470880e-01,3.979927013729244178e-01,3.743012592285885898e-01,4.100633402153103235e-01,3.550372056204501026e-01,3.807350696912957244e-01,3.926459180127743198e-01,4.248195132869134749e-01,4.330676345843186836e-01,4.382967439049270109e-01,4.228529202592158920e-01,3.834634968271576905e-01,4.521956356799792798e-01,3.606419974336604883e-01,3.871459859372575751e-01,4.705197589957521020e-01,4.962603671500226965e-01,4.600523401200031781e-01,0.000000000000000000e+00,4.385672446393610868e-01,4.046401325592693943e-01,4.127460543865075770e-01,4.471073325009036759e-01,0.000000000000000000e+00,0.000000000000000000e+00,0.000000000000000000e+00,3.821777466043150828e-01,4.432848380800922805e-01,0.000000000000000000e+00,0.000000000000000000e+00,0.000000000000000000e+00,4.218973992196797806e-01,0.000000000000000000e+00,4.572748940188234856e-01,0.000000000000000000e+00,4.088086201553371990e-01,0.000000000000000000e+00,4.230994620235942749e-01,0.000000000000000000e+00,0.000000000000000000e+00,4.317921923881439250e-01,4.381848558897852852e-01,3.925274558166149119e-01,4.062629709527872945e-01,0.000000000000000000e+00,4.281024124905900008e-01,4.153023560280401094e-01,4.327420812216253854e-01,4.251590435179881111e-01,3.708523827343613855e-01,4.203835845649728231e-01,4.304500831066119804e-01,4.417598415528707911e-01,0.000000000000000000e+00,4.252843342448368036e-01,0.000000000000000000e+00,4.153100768047300884e-01
0.000000000000000000e+00,3.862250878611352967e-01,0.000000000000000000e+00,0.000000000000000000e+00,0.000000000000000000e+00,4.431187299350549114e-01,4.320705574201356147e-01,0.000000000000000000e+00,0.000000000000000000e+00,3.482524375189546273e-01,0.000000000000000000e+00,3.709834695189119236e-01,4.378344851073259214e-01,0.000000000000000000e+00,4.057447710080517855e-01,3.855548955753194118e-01,0.000000000000000000e+00,3.017789683827166169e-01,0.000000000000000000e+00,3.907439196754998179e-01,3.618680360568807264e-01,4.047468926216846175e-01,0.000000000000000000e+00,3.568660229898332759e-01,3.041737498728220856e-01,3.574858995845066056e-01,0.000000000000000000e+00,4.166521361780504140e-01,3.968084990634705989e-01,0.000000000000000000e+00,3.795775401010766936e-01,4.311404545947403188e-01,3.399400253190257848e-01,3.815650090364934854e-01,4.164904595913124785e-01,0.000000000000000000e+00,0.000000000000000000e+00,3.645024495517454888e-01,0.000000000000000000e+00,4.033296064341108100e-01,4.546190759850617935e-01,0.000000000000000000e+00,0.000000000000000000e+00,0.000000000000000000e+00,0.000000000000000000e+00,0.000000000000000000e+00,0.000000000000000000e+00,0.000000000000000000e+00,0.000000000000000000e+00,0.000000000000000000e+00,0.000000000000000000e+00,0.000000000000000000e+00,0.000000000000000000e+00,0.000000000000000000e+00,4.484608895089656211e-01,0.000000000000000000e+00,4.489228606855770187e-01,0.000000000000000000e+00,0.000000000000000000e+00,0.000000000000000000e+00,4.219732047013534104e-01,4.448521156443118185e-01,4.297188577586262825e-01,0.000000000000000000e+00,0.000000000000000000e+00,0.000000000000000000e+00,0.000000000000000000e+00,0.000000000000000000e+00,4.153310760236825216e-01,4.401066562291586215e-01,4.544140857647340215e-01,0.000000000000000000e+00,0.000000000000000000e+00,0.000000000000000000e+00,0.000000000000000000e+00,0.000000000000000000e+00
3.564900799655570940e-01,3.754871571837434807e-01,4.386097232592081063e-01,0.000000000000000000e+00,4.184225852660963807e-01,4.334295852586417808e-01,4.364486986412570158e-01,4.347652490243814061e-01,4.595737408653430833e-01,3.593578651907083921e-01,4.487955187739078866e-01,3.645376847598221226e-01,4.399102938338805835e-01,0.000000000000000000e+00,3.980101201848189052e-01,3.286293997981327153e-01,3.017789683827166169e-01,0.000000000000000000e+00,0.000000000000000000e+00,4.249416373555646165e-01,3.829719973927573906e-01,3.834188451898746242e-01,4.186500548322277249e-01,3.453238400089809756e-01,3.530492515141723797e-01,3.706517542553284250e-01,4.181432016656035922e-01,4.249112042140492096e-01,4.372333012357761950e-01,0.000000000000000000e+00,3.892959107086311210e-01,4.437772414575064106e-01,3.336131889807005257e-01,3.897208397233454247e-01,4.424932816435395155e-01,4.350964240661743254e-01,0.000000000000000000e+00,3.299577557165048192e-01,4.246831563588359115e-01,3.875356172318344949e-01,4.040557964131495927e-01,4.409703238459191099e-01,0.000000000000000000e+00,0.000000000000000000e+00,0.000000000000000000e+00,3.708987476862373733e-01,4.266729200707132796e-01,0.000000000000000000e+00,0.000000000000000000e+00,0.000000000000000000e+00,4.136759211025535232e-01,0.000000000000000000e+00,0.000000000000000000e+00,0.000000000000000000e+00,4.494423334748511856e-01,0.000000000000000000e+00,4.471733202589286971e-01,0.000000000000000000e+00,0.000000000000000000e+00,0.000000000000000000e+00,4.101459778741142759e-01,4.373883002426903754e-01,4.072166428614152900e-01,0.000000000000000000e+00,3.984200948663930153e-01,0.000000000000000000e+00,4.115327978869148806e-01,4.306143739279483240e-01,3.974261377151538932e-01,4.031568121166779761e-01,4.193168508195946886e-01,0.000000000000000000e+00,0.000000000000000000e+00,4.214566337511260752e-01,0.000000000000000000e+00,4.017284754514521272e-01
0.000000000000000000e+00,0.000000000000000000e+00,2.704380035592510167e-01,4.230096748240775861e-01,3.817143598223075029e-01,3.850395794143259831e-01,4.534830135504178128e-01,3.921815347377917149e-01,2.811949074037375929e-01,4.519993396716108780e-01,2.812109512389139865e-01,4.213524923088159957e-01,4.636330815414014817e-01,3.624711475249572934e-01,0.000000000000000000e+00,0.000000000000000000e+00,0.000000000000000000e+00,0.000000000000000000e+00,0.000000000000000000e+00,0.000000000000000000e+00,3.891709523224924916e-01,0.000000000000000000e+00,3.299689861878247199e-01,0.000000000000000000e+00,0.000000000000000000e+00,4.394136241451251923e-01,3.335366546479259231e-01,4.452146974149276959e-01,4.451642509419077021e-01,4.496197440886138263e-01,4.454491750664504868e-01,4.049655846955126925e-01,4.066921418852471048e-01,4.430830508469333906e-01,0.000000000000000000e+00,3.784546003451449980e-01,4.114832135242800226e-01,4.015782792793138878e-01,0.000000000000000000e+00,0.000000000000000000e+00,0.000000000000000000e+00,0.000000000000000000e+00,4.681893704954929181e-01,0.000000000000000000e+00,0.000000000000000000e+00,0.000000000000000000e+00,0.000000000000000000e+00,2.963422313734941915e-01,0.000000000000000000e+00,4.970692084419817136e-01,5.096369849277151420e-01,4.946797241984232096e-01,4.690713680615121728e-01,4.842279408218891912e-01,0.000000000000000000e+00,2.563298087092433231e-01,0.000000000000000000e+00,4.830028578385541227e-01,3.579746782779694159e-01,0.000000000000000000e+00,0.000000000000000000e+00,0.000000000000000000e+00,0.000000000000000000e+00,4.832815222531520738e-01,0.000000000000000000e+00,0.000000000000000000e+00,0.000000000000000000e+00,5.265444686068341262e-01,0.000000000000000000e+00,0.000000000000000000e+00,0.000000000000000000e+00,5.025247158629605471e-01,4.732455120440871021e-01,4.265890556795146060e-01,0.000000000000000000e+00,5.167180893849711021e-01
3.902796884693002788e-01,4.306364381881724879e-01,0.000000000000000000e+00,4.418835731422633972e-01,0.000000000000000000e+00,3.950383362393726228e-01,4.437706201452121801e-01,3.610522647403054952e-01,4.200880112463943883e-01,4.152758488698410910e-01,0.000000000000000000e+00,4.280777764982368061e-01,4.263368202362116111e-01,0.000000000000000000e+00,3.089412031664086067e-01,4.171961511546470880e-01,3.907439196754998179e-01,4.249416373555646165e-01,0.000000000000000000e+00,0.000000000000000000e+00,3.648143012194894896e-01,3.743562896365090209e-01,2.925951930850558269e-01,4.294903708488336247e-01,4.138228951979425196e-01,4.254702842974282251e-01,3.461952099718146880e-01,3.925911955694844080e-01,3.201201279866097149e-01,3.521754892777805845e-01,3.796134260639125735e-01,4.204734266041654234e-01,3.419440887812694729e-01,4.055641481170904061e-01,4.631275891261414923e-01,4.956612457069887179e-01,4.457711185309505830e-01,4.130989517029526881e-01,4.291291993967937812e-01,3.892517128267907189e-01,4.167605420844430753e-01,4.325183493961001768e-01,4.292938506797491782e-01,0.000000000000000000e+00,0.000000000000000000e+00,0.000000000000000000e+00,4.403373196140816792e-01,0.000000000000000000e+00,0.000000000000000000e+00,0.000000000000000000e+00,4.482897598359320002e-01,4.473661503951121832e-01,4.234680138966038787e-01,0.000000000000000000e+00,0.000000000000000000e+00,0.000000000000000000e+00,0.000000000000000000e+00,4.358155220384589135e-01,0.000000000000000000e+00,4.241299312463779891e-01,4.255363350904607933e-01,0.000000000000000000e+00,4.037493313415275176e-01,0.000000000000000000e+00,4.144296461878205773e-01,3.860128436853816902e-01,4.300769447288710912e-01,4.425015395126845053e-01,0.000000000000000000e+00,4.055681025083420765e-01,4.616708781830116126e-01,4.447633410483811112e-01,4.360315669981846276e-01,4.209763510179027057e-01,0.000000000000000000e+00,4.177884117759808058e-01
3.345271357342088914e-01,3.935001859645020916e-01,4.235795746375501936e-01,0.000000000000000000e+00,3.712240534955996152e-01,3.712153363542632922e-01,4.059957844096376833e-01,3.258532055302743036e-01,4.205030232068101004e-01,4.033469329649426727e-01,0.000000000000000000e+00,4.028853840280863796e-01,3.909632350027988923e-01,0.000000000000000000e+00,3.502440027048687177e-01,3.979927013729244178e-01,3.618680360568807264e-01,3.829719973927573906e-01,3.891709523224924916e-01,3.648143012194894896e-01,0.000000000000000000e+00,4.120388637577537816e-01,3.486682988398179806e-01,3.957214079012413843e-01,3.849143012468158043e-01,3.756752885873909098e-01,3.770062854277931863e-01,3.690455382074762092e-01,3.513405698063500893e-01,3.531114746442112762e-01,3.534804322043655911e-01,3.706036061158560768e-01,3.212527204114163926e-01,3.723271511920084875e-01,4.534691176187303219e-01,3.844641449820540013e-01,3.960972189798954157e-01,3.826911618494199807e-01,4.443126230612287064e-01,4.176416814639024033e-01,4.207644681755082217e-01,4.729044780686428862e-01,0.000000000000000000e+00,0.000000000000000000e+00,0.000000000000000000e+00,3.521498043543748180e-01,4.558774362000536096e-01,0.000000000000000000e+00,0.000000000000000000e+00,0.000000000000000000e+00,4.518852518645236072e-01,4.695953961971793267e-01,3.558488546865288815e-01,0.000000000000000000e+00,0.000000000000000000e+00,0.000000000000000000e+00,0.000000000000000000e+00,4.468533458240839806e-01,0.000000000000000000e+00,4.312795837380131170e-01,4.383470665813977152e-01,0.000000000000000000e+00,4.150146984989954158e-01,0.000000000000000000e+00,3.850463084922253754e-01,3.489278821609281822e-01,4.391391485736925726e-01,4.771716134715319746e-01,3.280398506856854746e-01,4.156539106470021894e-01,4.603305839811038802e-01,4.659119214995138258e-01,4.527553820744174007e-01,4.329957693356136783e-01,0.000000000000000000e+00,4.112801552879182254e-01
