0.000000000000000000e+00,4.406850472041785038e-01,0.000000000000000000e+00,0.000000000000000000e+00,0.000000000000000000e+00,4.405061778536321082e-01,4.999826931572907140e-01,5.381568762153862151e-01,5.231663794277122692e-01,3.925406039424588212e-01,0.000000000000000000e+00,3.839639360093948239e-01,4.852281658156872846e-01,0.000000000000000000e+00,4.326554683988116934e-01,4.057672021077072255e-01,4.089450208903467887e-01,3.838285471117596215e-01,4.892138242721558172e-01,4.844316925084484193e-01,4.595338897780624210e-01,4.696642804378595160e-01,4.655221019928952875e-01,3.894575296108346851e-01,3.664420044132453147e-01,3.787417756894073118e-01,4.405459472792387920e-01,4.794626687611864835e-01,4.767451094804602274e-01,0.000000000000000000e+00,3.593202111150595179e-01,4.667821380540930765e-01,3.527496732356282250e-01,3.830128116436475882e-01,4.241331027390766173e-01,0.000000000000000000e+00,0.000000000000000000e+00,4.520901600800544817e-01,4.810526345086744149e-01,4.284645538794917274e-01,4.280746329230216141e-01,4.719675080766050912e-01,0.000000000000000000e+00,0.000000000000000000e+00,0.000000000000000000e+00,3.883217636149349228e-01,4.671217754960633184e-01,0.000000000000000000e+00,0.000000000000000000e+00,0.000000000000000000e+00,3.827523289746309065e-01,0.000000000000000000e+00,0.000000000000000000e+00,0.000000000000000000e+00,4.444469332916419768e-01,0.000000000000000000e+00,4.342876506412122195e-01,4.199618057356128142e-01,0.000000000000000000e+00,4.851095482842652795e-01,4.527460272098737248e-01,4.375592817846323812e-01,4.375408871700293134e-01,0.000000000000000000e+00,0.000000000000000000e+00,4.737218027999585135e-01,4.755530975278268735e-01,0.000000000000000000e+00,3.989963282496354902e-01,4.409026076469093058e-01,4.616124633410814138e-01,0.000000000000000000e+00,4.239411853117215911e-01,4.516089947697858875e-01,0.000000000000000000e+00,4.410752603143608952e-01
4.406850472041785038e-01,0.000000000000000000e+00,0.000000000000000000e+00,0.000000000000000000e+00,4.660021010787543938e-01,4.373048599620739108e-01,4.733173790706721173e-01,4.701765534637056820e-01,4.620290561947477115e-01,3.538961974058861260e-01,0.000000000000000000e+00,3.439432556379778960e-01,4.830444959061616084e-01,0.000000000000000000e+00,4.640226050148897885e-01,4.301699678456111786e-01,3.979906134523503169e-01,4.088440142629751750e-01,0.000000000000000000e+00,4.563594256337917821e-01,4.683357063529127728e-01,4.619010737308593129e-01,4.498160317784848927e-01,3.661425134692534167e-01,3.771806249645867082e-01,4.370071501769193789e-01,4.497282529673076734e-01,4.723858497216686936e-01,4.528931006657548886e-01,4.584423983379155021e-01,4.167842030981016022e-01,4.877477357988158069e-01,4.014213495036654256e-01,4.331104706020644790e-01,4.730734402728852261e-01,4.599624457021943003e-01,0.000000000000000000e+00,0.000000000000000000e+00,4.970867585168478042e-01,4.725106783882540018e-01,4.658692733713561962e-01,4.833109208727779937e-01,0.000000000000000000e+00,0.000000000000000000e+00,0.000000000000000000e+00,4.876912080981163911e-01,4.924464908307008004e-01,0.000000000000000000e+00,0.000000000000000000e+00,0.000000000000000000e+00,4.643369205776324837e-01,4.501947557447392723e-01,0.000000000000000000e+00,0.000000000000000000e+00,4.296253893755491160e-01,0.000000000000000000e+00,4.302636412068098215e-01,4.615815480916357072e-01,0.000000000000000000e+00,5.184215195906364260e-01,4.775007623480178043e-01,4.465091732973333061e-01,4.605833177683468782e-01,0.000000000000000000e+00,4.851911288899721231e-01,5.158823612208806031e-01,4.893792902650305199e-01,4.972867940202596038e-01,4.627596853685936873e-01,4.683699540318677079e-01,4.996243559211405727e-01,5.079591040120569057e-01,4.696723903011514878e-01,4.835131873784648260e-01,0.000000000000000000e+00,4.649196337186075056e-01
0.000000000000000000e+00,0.000000000000000000e+00,0.000000000000000000e+00,0.000000000000000000e+00,4.131204272813878142e-01,3.952043180086244889e-01,4.568140201111404175e-01,4.582584365403004067e-01,3.168061987905432253e-01,4.720876823190156002e-01,2.993593204951637832e-01,4.580065426274941842e-01,4.732855375462645120e-01,4.415341493123742800e-01,0.000000000000000000e+00,0.000000000000000000e+00,0.000000000000000000e+00,0.000000000000000000e+00,2.533692359380934067e-01,4.213527290147975890e-01,0.000000000000000000e+00,4.455782089102233168e-01,3.328763289450277219e-01,0.000000000000000000e+00,0.000000000000000000e+00,0.000000000000000000e+00,3.345473405731996253e-01,4.745420887746907845e-01,4.142418217522971791e-01,4.663150600205703267e-01,4.820326214485706195e-01,4.557440009869123121e-01,0.000000000000000000e+00,4.768248908201163094e-01,4.610925516377811784e-01,4.321687033635894237e-01,4.436411143237882215e-01,0.000000000000000000e+00,5.404716509908731314e-01,0.000000000000000000e+00,5.762020287995480716e-01,0.000000000000000000e+00,5.304188920570285237e-01,0.000000000000000000e+00,0.000000000000000000e+00,0.000000000000000000e+00,0.000000000000000000e+00,3.514670255050164061e-01,0.000000000000000000e+00,5.712655013004744875e-01,5.850302921405579060e-01,5.830461990983843990e-01,5.690444073259202096e-01,5.846366421053313944e-01,0.000000000000000000e+00,4.136112010063058841e-01,0.000000000000000000e+00,5.824299850930638733e-01,5.297656459996353817e-01,0.000000000000000000e+00,0.000000000000000000e+00,0.000000000000000000e+00,0.000000000000000000e+00,4.020013792244698236e-01,0.000000000000000000e+00,0.000000000000000000e+00,5.571356314294216849e-01,5.965030440911872622e-01,0.000000000000000000e+00,0.000000000000000000e+00,0.000000000000000000e+00,5.827509917093159908e-01,5.770389074941212337e-01,5.495517486114249728e-01,0.000000000000000000e+00,5.771919241035615711e-01
0.000000000000000000e+00,0.000000000000000000e+00,0.000000000000000000e+00,0.000000000000000000e+00,2.659950288169372068e-01,0.000000000000000000e+00,2.861879860634444217e-01,4.311097916525076790e-01,4.593383113371546922e-01,0.000000000000000000e+00,4.195437083577067128e-01,0.000000000000000000e+00,3.023036642262740270e-01,3.350312166530364788e-01,0.000000000000000000e+00,0.000000000000000000e+00,0.000000000000000000e+00,0.000000000000000000e+00,4.875287798182568189e-01,0.000000000000000000e+00,0.000000000000000000e+00,0.000000000000000000e+00,4.163462633649567812e-01,0.000000000000000000e+00,0.000000000000000000e+00,0.000000000000000000e+00,0.000000000000000000e+00,2.709152363945537267e-01,0.000000000000000000e+00,0.000000000000000000e+00,2.939409669113355883e-01,2.987198419046845910e-01,0.000000000000000000e+00,3.580386786445978187e-01,3.451512952344156782e-01,1.961692446419049107e-01,1.554652894468933066e-01,0.000000000000000000e+00,0.000000000000000000e+00,0.000000000000000000e+00,0.000000000000000000e+00,0.000000000000000000e+00,0.000000000000000000e+00,0.000000000000000000e+00,0.000000000000000000e+00,0.000000000000000000e+00,0.000000000000000000e+00,0.000000000000000000e+00,0.000000000000000000e+00,0.000000000000000000e+00,0.000000000000000000e+00,0.000000000000000000e+00,0.000000000000000000e+00,0.000000000000000000e+00,0.000000000000000000e+00,0.000000000000000000e+00,0.000000000000000000e+00,0.000000000000000000e+00,0.000000000000000000e+00,0.000000000000000000e+00,0.000000000000000000e+00,0.000000000000000000e+00,0.000000000000000000e+00,0.000000000000000000e+00,0.000000000000000000e+00,0.000000000000000000e+00,0.000000000000000000e+00,0.000000000000000000e+00,0.000000000000000000e+00,0.000000000000000000e+00,0.000000000000000000e+00,0.000000000000000000e+00,0.000000000000000000e+00,0.000000000000000000e+00,0.000000000000000000e+00,0.000000000000000000e+00
0.000000000000000000e+00,4.660021010787543938e-01,4.131204272813878142e-01,2.659950288169372068e-01,0.000000000000000000e+00,4.022711577093052160e-01,3.351985302019445112e-01,4.490081306286852203e-01,3.566278566818740225e-01,4.566221114287881133e-01,3.503083292454283737e-01,4.387891981683053055e-01,3.830165993253771273e-01,2.947367662734818872e-01,0.000000000000000000e+00,0.000000000000000000e+00,4.499473584465232268e-01,0.000000000000000000e+00,3.886172832973636138e-01,4.403896054941470739e-01,4.740277452507671851e-01,4.571629666348133725e-01,4.349905367867242800e-01,4.349547017027837748e-01,0.000000000000000000e+00,4.119889915602050201e-01,4.121519517706643265e-01,3.281893449272175745e-01,4.272327007018206779e-01,0.000000000000000000e+00,4.668761148255657911e-01,4.175859177958567980e-01,4.254604539577276912e-01,4.382744898884324836e-01,4.251442528852273917e-01,2.748125605668664262e-01,2.656718968617685084e-01,4.227666646711383813e-01,5.408860030744722103e-01,0.000000000000000000e+00,5.701959155376823407e-01,5.743554830551147461e-01,4.919793941793387804e-01,0.000000000000000000e+00,0.000000000000000000e+00,0.000000000000000000e+00,0.000000000000000000e+00,5.666518037890583281e-01,0.000000000000000000e+00,5.395275165722243083e-01,5.720189486864158956e-01,5.733746474820773376e-01,5.361568765378994517e-01,5.676943730559570467e-01,0.000000000000000000e+00,5.344545516553601550e-01,0.000000000000000000e+00,5.746578763311257498e-01,5.105487423376487977e-01,0.000000000000000000e+00,0.000000000000000000e+00,0.000000000000000000e+00,0.000000000000000000e+00,5.544629035467905087e-01,5.155332998431192415e-01,0.000000000000000000e+00,0.000000000000000000e+00,5.811259816534813938e-01,0.000000000000000000e+00,0.000000000000000000e+00,0.000000000000000000e+00,5.688843724115320022e-01,5.693995949851256011e-01,5.427275335590064920e-01,0.000000000000000000e+00,5.692525997003594629e-01
4.405061778536321082e-01,4.373048599620739108e-01,3.952043180086244889e-01,0.000000000000000000e+00,4.022711577093052160e-01,0.000000000000000000e+00,4.161626493556173090e-01,4.111353535210390264e-01,3.482668412492584964e-01,4.712761331229566863e-01,4.050681277147699100e-01,4.538808311720048949e-01,3.974091903822272176e-01,0.000000000000000000e+00,3.913213756184037995e-01,4.407672388841725186e-01,0.000000000000000000e+00,4.341918763939319748e-01,3.833313780980566188e-01,4.133593385291519096e-01,4.027783716030978733e-01,4.258716297649003946e-01,3.795979755748747908e-01,4.823421899150894809e-01,4.162329521931796839e-01,4.266719117953038931e-01,3.558390975565058900e-01,3.833475418288713743e-01,3.519917185429747852e-01,4.219821115840953207e-01,4.435587353605747740e-01,4.341245520476770259e-01,3.958092216737251756e-01,4.486859820525895270e-01,4.567634393428339767e-01,4.539018288814956059e-01,0.000000000000000000e+00,0.000000000000000000e+00,5.306123886701561432e-01,4.544716718278560275e-01,5.399751956484634130e-01,5.367970192835161969e-01,5.427373395158061609e-01,0.000000000000000000e+00,0.000000000000000000e+00,0.000000000000000000e+00,4.671677483991764079e-01,5.596143464096112741e-01,0.000000000000000000e+00,5.524868532837905466e-01,5.514803676467316951e-01,5.569892944097554199e-01,5.109034568567267787e-01,5.655114770488678388e-01,0.000000000000000000e+00,5.553553780060429546e-01,0.000000000000000000e+00,5.571549989619353216e-01,0.000000000000000000e+00,4.960083307609335912e-01,4.813064808061071065e-01,0.000000000000000000e+00,0.000000000000000000e+00,5.534715518250737931e-01,5.239853669072290776e-01,4.786749978979000231e-01,4.747438334246256164e-01,5.512040583838192509e-01,0.000000000000000000e+00,0.000000000000000000e+00,4.881725717849251800e-01,5.415156093832574902e-01,5.492659945489449802e-01,5.396153837844093193e-01,5.413349333360496507e-01,5.494332202280751698e-01
4.999826931572907140e-01,4.733173790706721173e-01,4.568140201111404175e-01,2.861879860634444217e-01,3.351985302019445112e-01,4.161626493556173090e-01,0.000000000000000000e+00,4.846210398327078228e-01,4.238471948290971070e-01,4.122458988421415782e-01,4.612628301889020732e-01,3.966324150743336108e-01,3.380829896572227766e-01,3.332838145320035084e-01,4.340952794624872157e-01,4.800061310908240175e-01,4.157469107574119915e-01,4.357915313463243123e-01,4.755976982496126770e-01,4.483061234789100791e-01,4.703387836571510938e-01,4.668751489524363141e-01,4.463944462561300064e-01,4.064510305615500751e-01,4.509904544415930805e-01,4.560410043979177819e-01,4.352972636176822840e-01,3.420143322390254981e-01,4.452331800886106805e-01,0.000000000000000000e+00,3.810001637611583059e-01,4.221444501330107180e-01,3.817220219398430037e-01,3.949129339658081217e-01,3.874711736681696883e-01,3.642063445734938232e-01,3.668052723208312105e-01,3.803421312103805185e-01,5.250992794522698626e-01,0.000000000000000000e+00,5.732028032736395939e-01,5.602804766420400595e-01,5.288018129929618061e-01,0.000000000000000000e+00,0.000000000000000000e+00,0.000000000000000000e+00,4.837416182716242075e-01,5.572074579895843760e-01,0.000000000000000000e+00,5.688972036168455926e-01,5.673341192246530440e-01,5.764790390296894440e-01,5.393444389225166002e-01,5.717205742691471304e-01,0.000000000000000000e+00,5.429542470923508501e-01,0.000000000000000000e+00,5.682349564022702859e-01,0.000000000000000000e+00,5.242563427820678967e-01,4.958594319825418983e-01,0.000000000000000000e+00,0.000000000000000000e+00,5.614912782370949929e-01,5.349579790785914390e-01,0.000000000000000000e+00,4.967401662480571134e-01,5.683209444769496965e-01,0.000000000000000000e+00,0.000000000000000000e+00,4.931679035029213898e-01,5.560791437091631151e-01,5.589813999726228610e-01,5.432762143344725958e-01,5.369595062520965412e-01,5.628162648795103085e-01
5.381568762153862151e-01,4.701765534637056820e-01,4.582584365403004067e-01,4.311097916525076790e-01,4.490081306286852203e-01,4.111353535210390264e-01,4.846210398327078228e-01,0.000000000000000000e+00,4.720806382689629044e-01,4.719394175673636838e-01,3.877861664673549758e-01,0.000000000000000000e+00,4.875596885100981770e-01,4.298594423186163915e-01,4.420402882831616087e-01,4.776572873150403131e-01,0.000000000000000000e+00,5.037555565966224114e-01,4.237582434733689896e-01,4.283092916004250239e-01,4.616272474766383027e-01,4.679997403487672902e-01,3.948499036606624157e-01,5.550273589033153376e-01,5.125368991292814647e-01,5.084735342858420770e-01,4.452101689384119765e-01,4.694399967062887202e-01,4.183881726660226841e-01,4.667515266980358235e-01,4.766396417533451113e-01,4.341370677068084882e-01,4.230815545913866882e-01,4.904252995630689060e-01,5.029871481097064612e-01,3.672376613640870868e-01,4.308837052787343191e-01,0.000000000000000000e+00,5.326990358076471033e-01,0.000000000000000000e+00,5.454716603581433176e-01,0.000000000000000000e+00,5.284736312554928483e-01,0.000000000000000000e+00,0.000000000000000000e+00,5.580866509151215515e-01,5.369218677266350825e-01,5.709838323363677359e-01,0.000000000000000000e+00,5.574822294076534623e-01,5.433676850651012469e-01,5.612561705120638900e-01,5.103710834630833526e-01,5.694605266384901165e-01,0.000000000000000000e+00,5.556886677826999854e-01,0.000000000000000000e+00,5.439205203044166215e-01,0.000000000000000000e+00,5.460325024714494102e-01,5.258252634214223287e-01,0.000000000000000000e+00,0.000000000000000000e+00,5.694074021448093381e-01,5.441460748532459535e-01,5.391874025408766036e-01,5.516317671644868081e-01,5.501063611338391501e-01,0.000000000000000000e+00,0.000000000000000000e+00,5.445143927280784446e-01,5.280929807859190417e-01,5.353017030821420885e-01,5.296639437203589651e-01,0.000000000000000000e+00,5.433221826139142951e-01
5.231663794277122692e-01,4.620290561947477115e-01,3.168061987905432253e-01,4.593383113371546922e-01,3.566278566818740225e-01,3.482668412492584964e-01,4.238471948290971070e-01,4.720806382689629044e-01,0.000000000000000000e+00,4.886972999823723240e-01,3.053110995911629266e-01,4.588871936366814008e-01,4.337944436363759815e-01,4.234512189209012067e-01,3.829635583441943769e-01,0.000000000000000000e+00,4.714213835606448910e-01,0.000000000000000000e+00,2.827256845311211797e-01,4.223699592297138761e-01,4.655690100806190723e-01,4.313519901444304860e-01,4.109935698673491955e-01,4.680883712258501195e-01,4.590287541396835813e-01,4.278028583322681100e-01,3.658099270456173224e-01,4.804110899340439111e-01,4.178402831990887245e-01,4.781726511603893726e-01,4.921482777384150742e-01,4.684946837838839251e-01,4.368369461198118864e-01,4.864318442582161728e-01,4.815909614701934793e-01,4.476689498923768218e-01,4.688703305112085773e-01,4.674226981133249859e-01,5.396802077620268534e-01,0.000000000000000000e+00,5.736204467686260022e-01,5.628723512632406445e-01,5.191146167849375326e-01,0.000000000000000000e+00,0.000000000000000000e+00,0.000000000000000000e+00,0.000000000000000000e+00,5.705073925737925711e-01,0.000000000000000000e+00,5.629339583359481702e-01,5.809357305074113187e-01,5.823036913031851558e-01,5.637262221479870661e-01,5.791675426730975573e-01,0.000000000000000000e+00,5.572251787734104900e-01,0.000000000000000000e+00,5.763973806450165549e-01,5.624186221228428817e-01,0.000000000000000000e+00,0.000000000000000000e+00,0.000000000000000000e+00,0.000000000000000000e+00,5.739458406884661024e-01,5.232963460983131032e-01,0.000000000000000000e+00,5.616295817747095631e-01,5.915198758937092460e-01,0.000000000000000000e+00,0.000000000000000000e+00,0.000000000000000000e+00,5.798331264134911622e-01,5.709737701766357532e-01,5.546028343721964848e-01,5.981585178571522388e-01,5.722525939334490719e-01
3.925406039424588212e-01,3.538961974058861260e-01,4.720876823190156002e-01,0.000000000000000000e+00,4.566221114287881133e-01,4.712761331229566863e-01,4.122458988421415782e-01,4.719394175673636838e-01,4.886972999823723240e-01,0.000000000000000000e+00,4.640643646189512861e-01,2.758589663656212942e-01,4.226703101192805789e-01,4.284616690073969059e-01,4.192793003973357968e-01,3.784295098852443751e-01,3.167764595388599114e-01,3.509442275922601273e-01,4.797002744265341234e-01,4.069812757363662215e-01,0.000000000000000000e+00,3.925696282013513838e-01,4.516277597617993078e-01,3.051785285916263080e-01,2.980930485901208127e-01,2.871194201464368767e-01,4.686768101892654914e-01,3.992333460175483961e-01,4.240090653613581839e-01,0.000000000000000000e+00,3.146151242132914083e-01,3.587668379878677927e-01,2.867135067457504127e-01,3.102471415869886839e-01,3.070573640564260853e-01,3.905004386056287746e-01,3.105038253622595112e-01,2.635927626902848098e-01,3.055268038676545728e-01,4.373352483540178248e-01,4.030212331995121078e-01,4.020366694339275737e-01,3.342713844182880756e-01,0.000000000000000000e+00,3.616954980503059858e-01,4.167743853721015967e-01,4.436784523339356023e-01,0.000000000000000000e+00,0.000000000000000000e+00,0.000000000000000000e+00,0.000000000000000000e+00,0.000000000000000000e+00,0.000000000000000000e+00,0.000000000000000000e+00,4.533306787968430229e-01,0.000000000000000000e+00,4.602314328793777887e-01,0.000000000000000000e+00,0.000000000000000000e+00,0.000000000000000000e+00,4.069601295301947252e-01,4.408962250743692080e-01,4.316076284384511852e-01,0.000000000000000000e+00,0.000000000000000000e+00,0.000000000000000000e+00,4.522304351277243728e-01,0.000000000000000000e+00,4.086143576925703735e-01,4.314803677768760948e-01,4.415804451477626236e-01,0.000000000000000000e+00,4.502245082037883983e-01,5.405093875575477380e-01,0.000000000000000000e+00,4.406401054401524187e-01
0.000000000000000000e+00,0.000000000000000000e+00,2.993593204951637832e-01,4.195437083577067128e-01,3.503083292454283737e-01,4.050681277147699100e-01,4.612628301889020732e-01,3.877861664673549758e-01,3.053110995911629266e-01,4.640643646189512861e-01,0.000000000000000000e+00,4.449583116921507209e-01,4.750440606275074806e-01,3.366613750558167251e-01,0.000000000000000000e+00,0.000000000000000000e+00,4.511560356426120855e-01,0.000000000000000000e+00,2.829408155566405236e-01,0.000000000000000000e+00,4.747967775760990050e-01,0.000000000000000000e+00,3.236879021609324059e-01,4.556334978018781179e-01,0.000000000000000000e+00,4.370310945363015120e-01,3.834581607601162956e-01,4.631720223358772870e-01,0.000000000000000000e+00,0.000000000000000000e+00,4.767145046163415723e-01,4.260471493381463026e-01,4.513234719129282091e-01,4.639641038618079194e-01,4.533136523060479206e-01,3.550000406887994786e-01,3.758434620069440735e-01,4.641576388178632051e-01,4.966754043582480849e-01,0.000000000000000000e+00,5.330053382755947089e-01,0.000000000000000000e+00,4.899797481759887163e-01,0.000000000000000000e+00,0.000000000000000000e+00,0.000000000000000000e+00,0.000000000000000000e+00,5.442057367575737770e-01,0.000000000000000000e+00,5.089532252144722824e-01,5.556534941649706738e-01,5.583581866264641924e-01,5.446589492916602548e-01,5.527356390807867115e-01,0.000000000000000000e+00,4.124678161337105853e-01,0.000000000000000000e+00,5.433644536395010327e-01,5.226464453420162082e-01,0.000000000000000000e+00,0.000000000000000000e+00,0.000000000000000000e+00,0.000000000000000000e+00,3.951051748561059118e-01,0.000000000000000000e+00,0.000000000000000000e+00,0.000000000000000000e+00,5.645088872735890551e-01,0.000000000000000000e+00,0.000000000000000000e+00,0.000000000000000000e+00,5.601128674324207246e-01,5.296077227056422698e-01,5.309391376216733294e-01,0.000000000000000000e+00,5.514424995765621063e-01
3.839639360093948239e-01,3.439432556379778960e-01,4.580065426274941842e-01,0.000000000000000000e+00,4.387891981683053055e-01,4.538808311720048949e-01,3.966324150743336108e-01,0.000000000000000000e+00,4.588871936366814008e-01,2.758589663656212942e-01,4.449583116921507209e-01,0.000000000000000000e+00,4.149892570584094997e-01,0.000000000000000000e+00,0.000000000000000000e+00,3.541212076666452879e-01,3.440433702273105743e-01,3.381533837087696837e-01,4.677408020951653866e-01,4.057846901468578071e-01,4.794453877920886731e-01,3.751140620441866802e-01,4.610456057639267247e-01,2.715907994189838970e-01,3.113098897779303931e-01,2.741908072693743925e-01,0.000000000000000000e+00,3.948052744312289808e-01,0.000000000000000000e+00,0.000000000000000000e+00,3.342002520056439052e-01,2.852792455931982274e-01,2.705143810652325120e-01,2.705450160120245751e-01,3.053906075765602801e-01,3.152986572190559222e-01,2.712379803324533878e-01,2.213087992955795058e-01,2.636368928475025242e-01,3.422840872163981918e-01,3.287234221441345805e-01,2.977733454760375098e-01,3.083707611598239251e-01,0.000000000000000000e+00,2.889894508631863923e-01,3.791281775998706083e-01,0.000000000000000000e+00,0.000000000000000000e+00,0.000000000000000000e+00,0.000000000000000000e+00,0.000000000000000000e+00,0.000000000000000000e+00,0.000000000000000000e+00,0.000000000000000000e+00,4.420352210338994170e-01,0.000000000000000000e+00,4.443852644003943864e-01,4.432424742700417086e-01,0.000000000000000000e+00,0.000000000000000000e+00,4.165866930317397854e-01,4.297442185271265758e-01,4.240861143592146165e-01,0.000000000000000000e+00,0.000000000000000000e+00,0.000000000000000000e+00,0.000000000000000000e+00,0.000000000000000000e+00,3.580134307480652978e-01,4.279262473754318896e-01,4.320757656814904202e-01,0.000000000000000000e+00,4.541739252701342822e-01,0.000000000000000000e+00,0.000000000000000000e+00,4.332368073852951862e-01
4.852281658156872846e-01,4.830444959061616084e-01,4.732855375462645120e-01,3.023036642262740270e-01,3.830165993253771273e-01,3.974091903822272176e-01,3.380829896572227766e-01,4.875596885100981770e-01,4.337944436363759815e-01,4.226703101192805789e-01,4.750440606275074806e-01,4.149892570584094997e-01,0.000000000000000000e+00,3.923952930075735868e-01,4.404015772669835904e-01,4.856542018054055276e-01,4.179597353573755170e-01,4.510126175216738753e-01,4.820603535639618187e-01,4.546442387116791939e-01,4.764549157602204210e-01,4.760648061038951218e-01,4.509822060695943824e-01,4.096893669253990899e-01,4.554378301484410252e-01,4.567850387150714786e-01,4.325920946965187142e-01,3.753692968704749888e-01,4.348424945780391959e-01,3.997941064215361218e-01,4.063276916801529248e-01,4.433495452411074234e-01,3.980048485931281799e-01,4.155352152268413923e-01,4.182448077706272804e-01,4.156507427280903277e-01,4.028175454561429003e-01,3.977958115308188880e-01,5.503569744933346497e-01,4.737629232842394122e-01,5.642332932656010103e-01,5.540473042354211453e-01,5.390751262442353697e-01,0.000000000000000000e+00,0.000000000000000000e+00,0.000000000000000000e+00,4.867607997727032010e-01,5.605091898732129652e-01,0.000000000000000000e+00,5.592765334236594610e-01,5.672413114085461672e-01,5.740021784866570220e-01,5.426061638428913980e-01,5.766262927040551878e-01,0.000000000000000000e+00,5.493420062901136491e-01,0.000000000000000000e+00,5.695902159919852270e-01,0.000000000000000000e+00,5.174399370457124503e-01,4.848355198821516221e-01,0.000000000000000000e+00,4.832863446203212732e-01,5.655226874520956626e-01,5.351765616467265563e-01,5.154360660102536018e-01,5.057730778792914883e-01,5.660056795644490268e-01,0.000000000000000000e+00,4.744842250420164276e-01,4.959123229479622808e-01,5.569555997965591754e-01,5.612570143696414826e-01,5.527582962298105418e-01,5.582880065211160980e-01,5.538055191376705100e-01
0.000000000000000000e+00,0.000000000000000000e+00,4.415341493123742800e-01,3.350312166530364788e-01,2.947367662734818872e-01,0.000000000000000000e+00,3.332838145320035084e-01,4.298594423186163915e-01,4.234512189209012067e-01,4.284616690073969059e-01,3.366613750558167251e-01,0.000000000000000000e+00,3.923952930075735868e-01,0.000000000000000000e+00,0.000000000000000000e+00,0.000000000000000000e+00,0.000000000000000000e+00,0.000000000000000000e+00,3.930631411699520017e-01,0.000000000000000000e+00,0.000000000000000000e+00,0.000000000000000000e+00,4.192688220921900188e-01,0.000000000000000000e+00,0.000000000000000000e+00,0.000000000000000000e+00,4.687721288301400224e-01,2.973306357654650900e-01,0.000000000000000000e+00,0.000000000000000000e+00,4.441777763884053876e-01,2.525260392529907749e-01,0.000000000000000000e+00,4.217543209383695091e-01,4.141143589171036865e-01,2.361752817661463000e-01,1.724898790283093120e-01,3.427760717902206822e-01,4.843419338841897237e-01,0.000000000000000000e+00,0.000000000000000000e+00,0.000000000000000000e+00,4.839579758640003004e-01,0.000000000000000000e+00,0.000000000000000000e+00,0.000000000000000000e+00,0.000000000000000000e+00,5.452722850113361774e-01,0.000000000000000000e+00,5.196832691349777544e-01,5.508521436568368790e-01,5.445591214151918047e-01,5.389581128188404291e-01,0.000000000000000000e+00,0.000000000000000000e+00,5.185347133887503457e-01,0.000000000000000000e+00,5.322850056743145819e-01,5.485160580228982674e-01,0.000000000000000000e+00,0.000000000000000000e+00,0.000000000000000000e+00,0.000000000000000000e+00,5.379383547011085120e-01,0.000000000000000000e+00,0.000000000000000000e+00,0.000000000000000000e+00,5.569701652170200301e-01,0.000000000000000000e+00,0.000000000000000000e+00,0.000000000000000000e+00,5.535340084170358166e-01,5.284296557045812248e-01,0.000000000000000000e+00,0.000000000000000000e+00,0.000000000000000000e+00
4.326554683988116934e-01,4.640226050148897885e-01,0.000000000000000000e+00,0.000000000000000000e+00,0.000000000000000000e+00,3.913213756184037995e-01,4.340952794624872157e-01,4.420402882831616087e-01,3.829635583441943769e-01,4.192793003973357968e-01,0.000000000000000000e+00,0.000000000000000000e+00,4.404015772669835904e-01,0.000000000000000000e+00,0.000000000000000000e+00,4.509420931586239911e-01,0.000000000000000000e+00,4.333681082394013062e-01,0.000000000000000000e+00,3.925950924934735742e-01,3.939183203992344118e-01,4.335702169271374862e-01,3.660945304096748787e-01,5.046221081241750728e-01,4.321051570993594826e-01,4.122874469362726724e-01,3.913431703425832020e-01,4.190368865357567141e-01,4.184242839846922801e-01,4.118199260201602097e-01,4.427552022271096233e-01,4.777947116916411163e-01,4.154916909263008939e-01,4.626775245660529889e-01,5.174579941635240043e-01,5.409394724425971024e-01,0.000000000000000000e+00,0.000000000000000000e+00,5.409581179528206718e-01,5.121992021439284448e-01,5.178976691310928082e-01,5.483686332091816107e-01,0.000000000000000000e+00,0.000000000000000000e+00,0.000000000000000000e+00,4.837368205798903142e-01,5.175099182818370114e-01,0.000000000000000000e+00,0.000000000000000000e+00,0.000000000000000000e+00,4.773259312846125924e-01,5.087659084792266473e-01,5.755796457776614083e-01,0.000000000000000000e+00,0.000000000000000000e+00,0.000000000000000000e+00,0.000000000000000000e+00,5.037628609598586715e-01,0.000000000000000000e+00,5.463705613802577465e-01,5.006160234087078109e-01,0.000000000000000000e+00,4.731536930394901752e-01,0.000000000000000000e+00,5.280947423992948808e-01,5.220139043615172891e-01,5.316966063353888439e-01,5.235242251751962561e-01,0.000000000000000000e+00,4.737053107999846246e-01,5.559622313865530963e-01,5.252373390575462153e-01,5.199493199718866476e-01,5.375661728787010096e-01,0.000000000000000000e+00,5.142616910708642797e-01
4.057672021077072255e-01,4.301699678456111786e-01,0.000000000000000000e+00,0.000000000000000000e+00,0.000000000000000000e+00,4.407672388841725186e-01,4.800061310908240175e-01,4.776572873150403131e-01,0.000000000000000000e+00,3.784295098852443751e-01,0.000000000000000000e+00,3.541212076666452879e-01,4.856542018054055276e-01,0.000000000000000000e+00,4.509420931586239911e-01,0.000000000000000000e+00,3.900704799767348852e-01,3.804485755995614116e-01,0.000000000000000000e+00,4.283532271614576836e-01,4.540564948148745894e-01,4.029965987381993742e-01,4.445887563550601773e-01,3.765124700578491024e-01,3.594808200330414927e-01,4.418871894478533791e-01,4.400536625164379045e-01,4.579274054739954081e-01,4.474377739797074094e-01,4.402185338733706210e-01,3.872572778839615815e-01,4.850414038924065196e-01,4.004083361449746192e-01,4.155018569705785092e-01,4.672229602773900203e-01,5.214195847511291504e-01,0.000000000000000000e+00,0.000000000000000000e+00,4.941167504038567748e-01,4.564051430827654743e-01,4.527842260456104162e-01,4.821860694974847150e-01,0.000000000000000000e+00,0.000000000000000000e+00,0.000000000000000000e+00,4.668956551948564848e-01,4.817045326952585915e-01,0.000000000000000000e+00,0.000000000000000000e+00,0.000000000000000000e+00,4.387703061605117139e-01,0.000000000000000000e+00,0.000000000000000000e+00,0.000000000000000000e+00,4.562922090242784723e-01,0.000000000000000000e+00,4.537659738741574023e-01,4.447915173825257029e-01,0.000000000000000000e+00,5.049660555328203682e-01,4.671857381933655073e-01,4.724912745845917250e-01,4.576968795959898140e-01,0.000000000000000000e+00,4.978940152009582731e-01,4.908180292561600266e-01,4.898609027410575911e-01,4.907611018881125053e-01,4.619674688585236888e-01,4.607645272346260201e-01,4.782040597508553925e-01,5.160012902398132262e-01,4.728123782529828900e-01,4.882626033535023002e-01,0.000000000000000000e+00,4.570438939705466774e-01
4.089450208903467887e-01,3.979906134523503169e-01,0.000000000000000000e+00,0.000000000000000000e+00,4.499473584465232268e-01,0.000000000000000000e+00,4.157469107574119915e-01,0.000000000000000000e+00,4.714213835606448910e-01,3.167764595388599114e-01,4.511560356426120855e-01,3.440433702273105743e-01,4.179597353573755170e-01,0.000000000000000000e+00,0.000000000000000000e+00,3.900704799767348852e-01,0.000000000000000000e+00,3.447420460833149902e-01,0.000000000000000000e+00,4.219421997431692106e-01,0.000000000000000000e+00,4.211457520344689121e-01,0.000000000000000000e+00,3.444019812341128084e-01,3.305020431228943845e-01,3.336737484695020961e-01,0.000000000000000000e+00,4.039528881014640138e-01,4.420280076451398865e-01,0.000000000000000000e+00,3.470648524868064078e-01,4.403775051444451250e-01,3.313793744080356096e-01,3.491408189285646890e-01,3.979170641971367939e-01,0.000000000000000000e+00,0.000000000000000000e+00,3.185910040450207203e-01,0.000000000000000000e+00,4.563775879467624197e-01,4.292054560330815782e-01,4.368208993599094758e-01,0.000000000000000000e+00,0.000000000000000000e+00,3.901280299639450777e-01,4.143517085513226950e-01,4.393779374690818251e-01,0.000000000000000000e+00,0.000000000000000000e+00,0.000000000000000000e+00,0.000000000000000000e+00,0.000000000000000000e+00,0.000000000000000000e+00,0.000000000000000000e+00,4.701727507608636225e-01,0.000000000000000000e+00,4.727906187401665905e-01,4.606649241653517080e-01,0.000000000000000000e+00,0.000000000000000000e+00,4.447372966367748037e-01,4.620970392852357111e-01,4.498382080252922854e-01,0.000000000000000000e+00,0.000000000000000000e+00,0.000000000000000000e+00,0.000000000000000000e+00,0.000000000000000000e+00,4.361649050420206009e-01,4.514826182303903201e-01,4.596416491265424842e-01,0.000000000000000000e+00,0.000000000000000000e+00,0.000000000000000000e+00,0.000000000000000000e+00,4.562753845969682032e-01
3.838285471117596215e-01,4.088440142629751750e-01,0.000000000000000000e+00,0.000000000000000000e+00,0.000000000000000000e+00,4.341918763939319748e-01,4.357915313463243123e-01,5.037555565966224114e-01,0.000000000000000000e+00,3.509442275922601273e-01,0.000000000000000000e+00,3.381533837087696837e-01,4.510126175216738753e-01,0.000000000000000000e+00,4.333681082394013062e-01,3.804485755995614116e-01,3.447420460833149902e-01,0.000000000000000000e+00,0.000000000000000000e+00,4.405029269214961185e-01,4.394471111774739813e-01,4.251240964081605123e-01,4.431087316584155777e-01,3.402252614090948146e-01,3.488032112499793724e-01,3.591234903629493824e-01,4.382087976441346733e-01,4.386631426891293151e-01,4.426476352296485062e-01,4.416902597862741864e-01,3.751684286748758201e-01,4.414909630121667816e-01,3.446350320869496775e-01,3.773513343503622774e-01,4.219367577621466192e-01,0.000000000000000000e+00,0.000000000000000000e+00,3.227329946226986102e-01,4.651864098574380879e-01,4.476444907582438071e-01,4.434125345985993061e-01,4.521611206713990194e-01,0.000000000000000000e+00,0.000000000000000000e+00,0.000000000000000000e+00,4.351920755363308246e-01,4.533686904641530124e-01,0.000000000000000000e+00,0.000000000000000000e+00,0.000000000000000000e+00,0.000000000000000000e+00,0.000000000000000000e+00,0.000000000000000000e+00,0.000000000000000000e+00,4.614326919479895817e-01,0.000000000000000000e+00,4.617376780955340099e-01,0.000000000000000000e+00,0.000000000000000000e+00,5.154772720092678506e-01,4.509422054123409795e-01,4.612712137884156793e-01,4.553476294492723175e-01,0.000000000000000000e+00,4.637454544648249022e-01,4.376058687893082944e-01,4.634318047408580998e-01,0.000000000000000000e+00,4.307718181881686204e-01,4.536582115683732153e-01,4.548638192794285939e-01,5.343006359736346411e-01,4.603909225576963138e-01,4.610089830958101764e-01,0.000000000000000000e+00,4.577743781640490894e-01
4.892138242721558172e-01,0.000000000000000000e+00,2.533692359380934067e-01,4.875287798182568189e-01,3.886172832973636138e-01,3.833313780980566188e-01,4.755976982496126770e-01,4.237582434733689896e-01,2.827256845311211797e-01,4.797002744265341234e-01,2.829408155566405236e-01,4.677408020951653866e-01,4.820603535639618187e-01,3.930631411699520017e-01,0.000000000000000000e+00,0.000000000000000000e+00,0.000000000000000000e+00,0.000000000000000000e+00,0.000000000000000000e+00,0.000000000000000000e+00,4.868176973427474907e-01,0.000000000000000000e+00,2.681465042640149843e-01,0.000000000000000000e+00,0.000000000000000000e+00,4.702296586064407258e-01,3.837548874338567728e-01,4.733339752461325767e-01,0.000000000000000000e+00,4.726951483395755993e-01,4.852478541836943160e-01,4.556493603764569245e-01,4.710148372776801207e-01,4.732071340637323265e-01,4.703910302273316968e-01,4.342144535664004823e-01,4.747245720005127123e-01,4.468650194332278169e-01,4.948123988054459743e-01,0.000000000000000000e+00,5.700351009975476169e-01,0.000000000000000000e+00,4.928054331408688871e-01,0.000000000000000000e+00,0.000000000000000000e+00,0.000000000000000000e+00,0.000000000000000000e+00,4.638296040154422095e-01,0.000000000000000000e+00,5.423721603131840263e-01,5.673269674282799269e-01,5.694232875541890282e-01,5.298332686096515198e-01,5.568200832872362005e-01,0.000000000000000000e+00,5.248261106417769772e-01,0.000000000000000000e+00,5.686398987739833544e-01,5.181097280747087863e-01,0.000000000000000000e+00,0.000000000000000000e+00,0.000000000000000000e+00,0.000000000000000000e+00,5.551610796468170461e-01,0.000000000000000000e+00,0.000000000000000000e+00,0.000000000000000000e+00,5.726703278740825631e-01,0.000000000000000000e+00,0.000000000000000000e+00,0.000000000000000000e+00,5.725574565404863980e-01,5.586656559995426541e-01,5.264627272864917940e-01,0.000000000000000000e+00,5.793158907941396984e-01
4.844316925084484193e-01,4.563594256337917821e-01,4.213527290147975890e-01,0.000000000000000000e+00,4.403896054941470739e-01,4.133593385291519096e-01,4.483061234789100791e-01,4.283092916004250239e-01,4.223699592297138761e-01,4.069812757363662215e-01,0.000000000000000000e+00,4.057846901468578071e-01,4.546442387116791939e-01,0.000000000000000000e+00,3.925950924934735742e-01,4.283532271614576836e-01,4.219421997431692106e-01,4.405029269214961185e-01,0.000000000000000000e+00,0.000000000000000000e+00,4.316034052065854110e-01,4.155052469361947276e-01,3.825421338670768057e-01,5.069741659150756030e-01,4.247268029462730743e-01,4.539362684978702212e-01,3.864465549396737254e-01,4.220871640939308778e-01,3.793813614047268912e-01,4.059952056675905085e-01,4.017926063290522265e-01,4.813701408524460046e-01,3.945813401339218207e-01,4.559565488875612083e-01,5.172732705086178218e-01,5.604529893469573087e-01,5.153650641441345215e-01,3.468642768681399757e-01,5.427220540200198284e-01,5.039646762676472935e-01,5.271739321949722168e-01,5.460712222103362157e-01,5.534246105624421874e-01,0.000000000000000000e+00,0.000000000000000000e+00,0.000000000000000000e+00,4.807520403899803729e-01,0.000000000000000000e+00,0.000000000000000000e+00,0.000000000000000000e+00,5.183615956034393069e-01,5.285654304634167522e-01,5.668077671149169827e-01,4.861896100100513984e-01,0.000000000000000000e+00,0.000000000000000000e+00,0.000000000000000000e+00,5.331498203997973029e-01,0.000000000000000000e+00,5.278509328322950056e-01,4.826350794938358835e-01,0.000000000000000000e+00,4.635024458545972115e-01,0.000000000000000000e+00,5.341122433686888993e-01,5.224935761448434857e-01,5.178736145068728591e-01,5.455121621306056046e-01,0.000000000000000000e+00,4.649406088510367741e-01,4.998235968529599060e-01,5.448340503258689571e-01,5.456372179336433925e-01,5.439461215776181247e-01,5.452452948432922053e-01,5.288539878134421723e-01
4.595338897780624210e-01,4.683357063529127728e-01,0.000000000000000000e+00,0.000000000000000000e+00,4.740277452507671851e-01,4.027783716030978733e-01,4.703387836571510938e-01,4.616272474766383027e-01,4.655690100806190723e-01,0.000000000000000000e+00,4.747967775760990050e-01,4.794453877920886731e-01,4.764549157602204210e-01,0.000000000000000000e+00,3.939183203992344118e-01,4.540564948148745894e-01,0.000000000000000000e+00,4.394471111774739813e-01,4.868176973427474907e-01,4.316034052065854110e-01,0.000000000000000000e+00,4.728746322027695959e-01,3.998046346947066731e-01,5.272731218461045311e-01,4.577238393449010734e-01,4.356617445660574961e-01,4.001659910348238092e-01,4.684287353875458138e-01,4.336796732116349751e-01,4.628383430519563135e-01,4.568481886550250226e-01,4.726584668660440136e-01,4.038670313454006955e-01,4.798609183469345063e-01,5.282083488388170656e-01,4.967981536032899936e-01,0.000000000000000000e+00,0.000000000000000000e+00,5.147919476914460946e-01,4.514811384129828742e-01,5.029100114609812433e-01,5.558887803785650394e-01,5.424958715545128429e-01,0.000000000000000000e+00,0.000000000000000000e+00,5.015371046974161917e-01,4.931106011512145781e-01,0.000000000000000000e+00,0.000000000000000000e+00,0.000000000000000000e+00,4.609037073380832239e-01,0.000000000000000000e+00,5.486249906606524007e-01,0.000000000000000000e+00,0.000000000000000000e+00,0.000000000000000000e+00,0.000000000000000000e+00,5.180915413595443830e-01,0.000000000000000000e+00,5.128132537956069381e-01,4.801105783452853104e-01,0.000000000000000000e+00,4.761654354878844253e-01,0.000000000000000000e+00,5.147650792507396655e-01,4.437400538585413723e-01,5.194806630084016774e-01,5.008440356355750023e-01,0.000000000000000000e+00,4.704503318699546077e-01,5.284586260748698194e-01,5.033796244628756522e-01,5.160691189884677454e-01,5.136357901204913201e-01,5.042644143104553223e-01,4.949237218379899939e-01
