0.000000000000000000e+00,4.023432421282526761e-01,0.000000000000000000e+00,0.000000000000000000e+00,0.000000000000000000e+00,4.048612133529774781e-01,4.366892732416225997e-01,5.212357965751145406e-01,0.000000000000000000e+00,3.824323633063406724e-01,0.000000000000000000e+00,3.687177934987863059e-01,4.488359034160674943e-01,0.000000000000000000e+00,3.912111525212753071e-01,3.999525913774177877e-01,3.824950338259440197e-01,3.676514255397436148e-01,0.000000000000000000e+00,4.538704180350309203e-01,4.132329902539397248e-01,4.353536284593290118e-01,4.531102154863644871e-01,3.281278244593507920e-01,3.673806813001491145e-01,3.818237027629893254e-01,4.466166875525299784e-01,4.513770830989494165e-01,4.486253487546619234e-01,0.000000000000000000e+00,3.720005632556093733e-01,4.350051697520271876e-01,3.397100516059332054e-01,3.778682828777942260e-01,4.338202778240177193e-01,0.000000000000000000e+00,0.000000000000000000e+00,4.147899561250588119e-01,4.444639703619189808e-01,4.307534503883840848e-01,4.231421210026337087e-01,4.164603948593140204e-01,0.000000000000000000e+00,0.000000000000000000e+00,0.000000000000000000e+00,3.525952134940347760e-01,4.718921282129313055e-01,0.000000000000000000e+00,0.000000000000000000e+00,0.000000000000000000e+00,0.000000000000000000e+00,0.000000000000000000e+00,0.000000000000000000e+00,0.000000000000000000e+00,4.552321434020996094e-01,0.000000000000000000e+00,4.046592264599335187e-01,0.000000000000000000e+00,0.000000000000000000e+00,0.000000000000000000e+00,4.487211957545322871e-01,4.669738315071417234e-01,4.432207321147900725e-01,0.000000000000000000e+00,5.210020328846594051e-01,3.505831007720989212e-01,4.700854934701340082e-01,0.000000000000000000e+00,3.373004385398281069e-01,4.564186681915228250e-01,4.493775519249628148e-01,0.000000000000000000e+00,0.000000000000000000e+00,0.000000000000000000e+00,0.000000000000000000e+00,4.042584379058378197e-01
4.023432421282526761e-01,0.000000000000000000e+00,3.874532760930545217e-01,0.000000000000000000e+00,4.017486188378385226e-01,4.105932552584157236e-01,4.377607897603061904e-01,4.883370289132734077e-01,3.913680697239370065e-01,3.502632913409496895e-01,0.000000000000000000e+00,3.808735479244689248e-01,4.459636318493745977e-01,0.000000000000000000e+00,4.319301143984952129e-01,3.981742039753008999e-01,0.000000000000000000e+00,3.848309758347964182e-01,3.777747186394735945e-01,4.372637464294005238e-01,4.365730712965615878e-01,4.248830691928633940e-01,4.217419396313710767e-01,3.673175277533546890e-01,3.807268957662521269e-01,4.093574156941703901e-01,4.151897408099671782e-01,4.479554596322741222e-01,4.349478652902671882e-01,4.444032155947009732e-01,3.788967139615818103e-01,4.304525556250229923e-01,3.696574760289353945e-01,3.842881449264389238e-01,4.272553873935885926e-01,0.000000000000000000e+00,0.000000000000000000e+00,0.000000000000000000e+00,4.834257478895683247e-01,4.749723927625995046e-01,4.630510186221621916e-01,4.914975785899431959e-01,0.000000000000000000e+00,0.000000000000000000e+00,0.000000000000000000e+00,4.706757341024090935e-01,5.024084234139291061e-01,0.000000000000000000e+00,0.000000000000000000e+00,4.007920964890813731e-01,4.422451404638104155e-01,4.513723836596219008e-01,4.888877266207470873e-01,0.000000000000000000e+00,4.479587330305018766e-01,0.000000000000000000e+00,4.670879227409687751e-01,4.505407106666138861e-01,0.000000000000000000e+00,5.009309358014082392e-01,4.765933184109906184e-01,4.495604771199057104e-01,4.665340267623940829e-01,0.000000000000000000e+00,4.752227890489734152e-01,4.793509541191742218e-01,4.865264451112796817e-01,4.765069132838097854e-01,4.609729301472353935e-01,4.911462283434496756e-01,5.001603832837711039e-01,4.782889434797742978e-01,4.478285560340948823e-01,4.600842046272273778e-01,0.000000000000000000e+00,4.582049298998204234e-01
0.000000000000000000e+00,3.874532760930545217e-01,0.000000000000000000e+00,4.369451594655329729e-01,3.639077797888430887e-01,3.742026088337229162e-01,4.228571493665728154e-01,4.443554941940343062e-01,2.986924306979065746e-01,4.670426552827374733e-01,3.171538760185512729e-01,4.752588158139042229e-01,4.421595188305620927e-01,3.808727947134031844e-01,0.000000000000000000e+00,0.000000000000000000e+00,0.000000000000000000e+00,0.000000000000000000e+00,2.351215325247650867e-01,0.000000000000000000e+00,0.000000000000000000e+00,0.000000000000000000e+00,3.181771108454076735e-01,0.000000000000000000e+00,3.804177130368784909e-01,4.159370727727388917e-01,3.109718536659534238e-01,4.509209833485067764e-01,3.829639394069538905e-01,4.502499936441601847e-01,4.578462659121416145e-01,4.328655263396555819e-01,0.000000000000000000e+00,4.579831389698402200e-01,4.508779498580491873e-01,4.193751581796615890e-01,4.547279658594746143e-01,4.552224199402022942e-01,5.242690989644093191e-01,0.000000000000000000e+00,5.567577296233706674e-01,0.000000000000000000e+00,5.260162767462674971e-01,0.000000000000000000e+00,0.000000000000000000e+00,0.000000000000000000e+00,0.000000000000000000e+00,3.565515648508488233e-01,0.000000000000000000e+00,5.671376473653247929e-01,5.679166432453324198e-01,5.670667668496296443e-01,5.157744330815974276e-01,5.688255634817059869e-01,0.000000000000000000e+00,4.429611688509911271e-01,0.000000000000000000e+00,5.616432882897605117e-01,5.398244973635648591e-01,0.000000000000000000e+00,0.000000000000000000e+00,0.000000000000000000e+00,0.000000000000000000e+00,4.227974198872905265e-01,0.000000000000000000e+00,0.000000000000000000e+00,0.000000000000000000e+00,5.475775687882591392e-01,0.000000000000000000e+00,0.000000000000000000e+00,0.000000000000000000e+00,5.643376959730819209e-01,5.465586778690466607e-01,5.292506827508940415e-01,0.000000000000000000e+00,5.562099896904195706e-01
0.000000000000000000e+00,0.000000000000000000e+00,4.369451594655329729e-01,0.000000000000000000e+00,2.596507217802986878e-01,4.044395557492921900e-01,2.714775664262533139e-01,3.725688181789437170e-01,4.151273307296228787e-01,3.824898172414891162e-01,3.462151620545261821e-01,3.029083356268392202e-01,2.926254052662256022e-01,2.911825454868016139e-01,0.000000000000000000e+00,0.000000000000000000e+00,0.000000000000000000e+00,0.000000000000000000e+00,3.931796300347081274e-01,0.000000000000000000e+00,0.000000000000000000e+00,0.000000000000000000e+00,4.021399851809319137e-01,2.589745223522185724e-01,0.000000000000000000e+00,0.000000000000000000e+00,4.360787191804791907e-01,2.875465216704842786e-01,0.000000000000000000e+00,0.000000000000000000e+00,3.220751482224269990e-01,3.333668158392250058e-01,0.000000000000000000e+00,3.474437765088388974e-01,3.198840361142331057e-01,2.316908293483679881e-01,1.873458700473825955e-01,2.851419001321244817e-01,0.000000000000000000e+00,0.000000000000000000e+00,0.000000000000000000e+00,0.000000000000000000e+00,0.000000000000000000e+00,0.000000000000000000e+00,0.000000000000000000e+00,0.000000000000000000e+00,0.000000000000000000e+00,0.000000000000000000e+00,0.000000000000000000e+00,0.000000000000000000e+00,0.000000000000000000e+00,0.000000000000000000e+00,0.000000000000000000e+00,0.000000000000000000e+00,0.000000000000000000e+00,0.000000000000000000e+00,0.000000000000000000e+00,0.000000000000000000e+00,0.000000000000000000e+00,0.000000000000000000e+00,0.000000000000000000e+00,0.000000000000000000e+00,0.000000000000000000e+00,0.000000000000000000e+00,0.000000000000000000e+00,0.000000000000000000e+00,0.000000000000000000e+00,0.000000000000000000e+00,0.000000000000000000e+00,0.000000000000000000e+00,0.000000000000000000e+00,5.023830702321020469e-01,0.000000000000000000e+00,0.000000000000000000e+00,0.000000000000000000e+00,0.000000000000000000e+00
0.000000000000000000e+00,4.017486188378385226e-01,3.639077797888430887e-01,2.596507217802986878e-01,0.000000000000000000e+00,3.703346262292485092e-01,3.152286921277622223e-01,3.934117420093096729e-01,2.937800808241227135e-01,4.512134141250400132e-01,3.217828071448941007e-01,4.275686589149764183e-01,3.618584807084547217e-01,2.881699242328946142e-01,0.000000000000000000e+00,4.316427256677951019e-01,4.483777021288730125e-01,4.153656211430539202e-01,3.425388053845376812e-01,4.198825657215570217e-01,4.285345268992795109e-01,4.272645281302572817e-01,4.020666096048627902e-01,4.442016461422541029e-01,3.950944643353688224e-01,3.945919900858915197e-01,3.967161313507305276e-01,3.633771566017042209e-01,4.110505754614273144e-01,4.224091208355900129e-01,4.438573712253712222e-01,3.730489130890515259e-01,4.150540495447284095e-01,4.375821957735345769e-01,4.238153109854779776e-01,2.781932190909217062e-01,2.998936797224301953e-01,4.150264173536650780e-01,4.998429295634331804e-01,4.262132561324734059e-01,5.043312163189564989e-01,4.884806413091291044e-01,4.802253641048296884e-01,0.000000000000000000e+00,4.177647706128311267e-01,0.000000000000000000e+00,4.612035608573527012e-01,5.453372283519404284e-01,0.000000000000000000e+00,5.323400298363464289e-01,5.404497934523809777e-01,5.452748307455753674e-01,5.007379074928491880e-01,5.442029406789602453e-01,0.000000000000000000e+00,4.615917446949117098e-01,0.000000000000000000e+00,5.420774314886149803e-01,4.949878545669271213e-01,0.000000000000000000e+00,4.352022970029392757e-01,0.000000000000000000e+00,0.000000000000000000e+00,5.312194069307104582e-01,4.817416976518996141e-01,0.000000000000000000e+00,4.679545054642462731e-01,5.318000400080246104e-01,0.000000000000000000e+00,4.232274923692653790e-01,4.663090016339346833e-01,5.362858308366963422e-01,5.389003062224245744e-01,5.130173474461238170e-01,0.000000000000000000e+00,5.352857513760985730e-01
4.048612133529774781e-01,4.105932552584157236e-01,3.742026088337229162e-01,4.044395557492921900e-01,3.703346262292485092e-01,0.000000000000000000e+00,3.879133355716294917e-01,4.250634435780730747e-01,3.436608887498380227e-01,4.696670712973500250e-01,3.676392307340720089e-01,4.443097278288070107e-01,3.522439518101453948e-01,4.114499143191637787e-01,4.274791958703239025e-01,4.230882362998812929e-01,4.079945486381461039e-01,4.102709174078351118e-01,3.532144502527211904e-01,4.007871844594150246e-01,4.207274042832174765e-01,4.273238807386097182e-01,3.993886200699385824e-01,4.010032796725706006e-01,3.977962451757706130e-01,4.151716640030895245e-01,3.723185350265486027e-01,3.573513746782622236e-01,3.121426410553801989e-01,4.276967153112231079e-01,4.452295858222742875e-01,4.179403983785254795e-01,3.995004388361902969e-01,4.515279158137245896e-01,4.484889061253499176e-01,4.477497572295355832e-01,4.482996479135951118e-01,4.419091226539971218e-01,4.973411802596995890e-01,4.517687532008765050e-01,5.112150728762948626e-01,5.144855853110360533e-01,5.194912472082995336e-01,0.000000000000000000e+00,0.000000000000000000e+00,4.052033823265230872e-01,4.671025646581815072e-01,5.596650811025376537e-01,0.000000000000000000e+00,5.616568086378914693e-01,5.468681739963180410e-01,5.490653270917464912e-01,5.036236515905189171e-01,5.674621891917901451e-01,5.181060775217922743e-01,5.385678325889562412e-01,0.000000000000000000e+00,5.434602632209856177e-01,0.000000000000000000e+00,4.828494448936480055e-01,4.467588631459860071e-01,0.000000000000000000e+00,4.168023885612174850e-01,5.570046004233948356e-01,4.887024905766322869e-01,4.613148866145079796e-01,4.709551082285853840e-01,5.321180665745774974e-01,4.042906171419828887e-01,4.315154180264407779e-01,4.652994033884942926e-01,5.339221574387885694e-01,5.334023965158251057e-01,5.178070095388109806e-01,5.318716306319120068e-01,5.174654977610720907e-01
4.366892732416225997e-01,4.377607897603061904e-01,4.228571493665728154e-01,2.714775664262533139e-01,3.152286921277622223e-01,3.879133355716294917e-01,0.000000000000000000e+00,4.534358698926970743e-01,4.065048915702665910e-01,4.471034210948763854e-01,4.232045624917888937e-01,4.269444659145418264e-01,3.406566375122950241e-01,3.079904755918084769e-01,4.460116644795715235e-01,4.656036528889249126e-01,4.390040322385814764e-01,4.486450917737758171e-01,4.380085404880996736e-01,4.507605864388862238e-01,4.621149744477042187e-01,4.640577828253056869e-01,4.389469458737585983e-01,4.295341674224196771e-01,4.300817419463999758e-01,4.384713711325023966e-01,4.279290958723592220e-01,3.711434288846638951e-01,4.312110453954078881e-01,0.000000000000000000e+00,4.239302120170335142e-01,4.130162560492078860e-01,4.203767083919507930e-01,4.157886862962248964e-01,4.067422349367030843e-01,3.213105155527389845e-01,3.629216945207546785e-01,4.232777465240192272e-01,4.672790035810109877e-01,4.165342788489473924e-01,4.809580039463173806e-01,4.773350766649532839e-01,5.105268501090304278e-01,0.000000000000000000e+00,4.177563602016363120e-01,0.000000000000000000e+00,4.874485417521768893e-01,5.378101820312215509e-01,0.000000000000000000e+00,5.572268155043174076e-01,5.394965947984904364e-01,5.468021126076202387e-01,5.091303742066085603e-01,5.466392006586496821e-01,0.000000000000000000e+00,4.700713816331362760e-01,0.000000000000000000e+00,5.425326168030962792e-01,0.000000000000000000e+00,4.984321321282008110e-01,4.738270168568918805e-01,0.000000000000000000e+00,0.000000000000000000e+00,5.319676176005465607e-01,5.130757530853909953e-01,5.056155389975831582e-01,4.863186552461986056e-01,5.336372619877135515e-01,0.000000000000000000e+00,4.612306911097526219e-01,4.904010526403481118e-01,5.350393309281952225e-01,5.349264146112562290e-01,5.242436353167604368e-01,5.356799564295494642e-01,5.210334639128618717e-01
5.212357965751145406e-01,4.883370289132734077e-01,4.443554941940343062e-01,3.725688181789437170e-01,3.934117420093096729e-01,4.250634435780730747e-01,4.534358698926970743e-01,0.000000000000000000e+00,4.492214638938091253e-01,4.991092595126893072e-01,3.604392066096667735e-01,5.060439307883030091e-01,4.683128297836420262e-01,3.745478642353987087e-01,4.541548570212711189e-01,4.870099695721528121e-01,0.000000000000000000e+00,4.898886083768448918e-01,4.186915546067708216e-01,4.066126593943377165e-01,4.652680423786906827e-01,4.581008169564277921e-01,3.887769645661383056e-01,5.261611804475180287e-01,4.963870552215440268e-01,5.017988050419756041e-01,4.259698682885469934e-01,4.519638178311354837e-01,4.157538377743856817e-01,4.381867773086238205e-01,4.497284895722428177e-01,4.241141255980979130e-01,4.506455164659594059e-01,4.690397028285379077e-01,4.736178772427588890e-01,3.780371379932204734e-01,4.337812912176212121e-01,5.075165771020533345e-01,5.111154766239894842e-01,5.432646403249578038e-01,5.277382108160060259e-01,5.194427695947650969e-01,4.936310568132785126e-01,0.000000000000000000e+00,0.000000000000000000e+00,0.000000000000000000e+00,5.436913130828221474e-01,5.278254903536893083e-01,0.000000000000000000e+00,5.233701772724498325e-01,5.150185426953499679e-01,5.193426466665684860e-01,4.558525633862339221e-01,5.415605834154352261e-01,0.000000000000000000e+00,4.768891805299216857e-01,0.000000000000000000e+00,5.196613153307444444e-01,4.870726709652565822e-01,5.090214042082494839e-01,5.066335063871086897e-01,0.000000000000000000e+00,0.000000000000000000e+00,5.336125696527439510e-01,5.304822033323752795e-01,5.190562126977517066e-01,5.139828466054811029e-01,4.994979836753111746e-01,0.000000000000000000e+00,0.000000000000000000e+00,5.069873859029326857e-01,5.169200141362887413e-01,5.169325712223804548e-01,4.987785219825031091e-01,0.000000000000000000e+00,5.137136055934067302e-01
0.000000000000000000e+00,3.913680697239370065e-01,2.986924306979065746e-01,4.151273307296228787e-01,2.937800808241227135e-01,3.436608887498380227e-01,4.065048915702665910e-01,4.492214638938091253e-01,0.000000000000000000e+00,4.742900498176644275e-01,2.837621101772860865e-01,4.575086069426435031e-01,4.098876845007690117e-01,3.774348495840921802e-01,0.000000000000000000e+00,3.907903599321103094e-01,4.598417332273441738e-01,4.425905800212596164e-01,2.789977578279577153e-01,4.027204172888083078e-01,4.080836023894774955e-01,4.191116425998531181e-01,4.023424973808881200e-01,4.599752869560975732e-01,3.946076546305097854e-01,4.071644855588594791e-01,3.727758933168263122e-01,4.615453216648425783e-01,4.166367102421598134e-01,4.454636031746547764e-01,4.798367444834834017e-01,4.495242246089481974e-01,4.527382116316552851e-01,4.715537600618990854e-01,4.656167366819571884e-01,4.431579651151891786e-01,4.590897348953130730e-01,4.598708608024489886e-01,5.258689995110670257e-01,4.412022335892453184e-01,5.280664385348273759e-01,5.123268735145174446e-01,5.204486493581241824e-01,0.000000000000000000e+00,4.568819915587051250e-01,0.000000000000000000e+00,4.823458814220242807e-01,5.596713401990210945e-01,0.000000000000000000e+00,5.586496555112774320e-01,5.575382173793176355e-01,5.595810706904457144e-01,5.134789968424280371e-01,5.651237266829292061e-01,0.000000000000000000e+00,5.169943086794013265e-01,0.000000000000000000e+00,5.515146466388048951e-01,5.441543909803887580e-01,5.014390309674977564e-01,4.276259259780439970e-01,0.000000000000000000e+00,0.000000000000000000e+00,5.544282656556719369e-01,4.855986707379241762e-01,5.547300456637159760e-01,4.660715928169856248e-01,5.480245425818771610e-01,0.000000000000000000e+00,4.209050083871246906e-01,4.754747226247927894e-01,5.495645157624877708e-01,5.420632459676064663e-01,5.260275296170188186e-01,0.000000000000000000e+00,5.478728207683285500e-01
3.824323633063406724e-01,3.502632913409496895e-01,4.670426552827374733e-01,3.824898172414891162e-01,4.512134141250400132e-01,4.696670712973500250e-01,4.471034210948763854e-01,4.991092595126893072e-01,4.742900498176644275e-01,0.000000000000000000e+00,4.726637397764988924e-01,2.971004563955841893e-01,4.359302378189949811e-01,4.327847885398832251e-01,4.053371529582587840e-01,3.972229444618328165e-01,3.122958191354793800e-01,3.475669008039857233e-01,4.736408464606091107e-01,4.026614747265975236e-01,4.793283555611138058e-01,4.023288739036640083e-01,4.715282859991957731e-01,3.164194433547272145e-01,3.198797794515070847e-01,3.377733132275105854e-01,4.552712294034041984e-01,4.245410008765175269e-01,4.301796448473623191e-01,0.000000000000000000e+00,3.539022556186651181e-01,4.047696354494673132e-01,3.011547842711906897e-01,3.301123345028261213e-01,3.393141310404341748e-01,4.126633528531161166e-01,3.490435918140071259e-01,2.948899717549796073e-01,3.295106078716039111e-01,4.960861024835646060e-01,4.020260825099660207e-01,0.000000000000000000e+00,0.000000000000000000e+00,0.000000000000000000e+00,3.891839309336209141e-01,4.068873088249974068e-01,0.000000000000000000e+00,0.000000000000000000e+00,0.000000000000000000e+00,0.000000000000000000e+00,5.385304600683593623e-01,0.000000000000000000e+00,0.000000000000000000e+00,0.000000000000000000e+00,4.839734108221481201e-01,4.616452479253665975e-01,4.778278355027659186e-01,4.646180362052850787e-01,0.000000000000000000e+00,0.000000000000000000e+00,0.000000000000000000e+00,4.875035327236263982e-01,4.636603238171320140e-01,0.000000000000000000e+00,0.000000000000000000e+00,0.000000000000000000e+00,0.000000000000000000e+00,5.301301153232631513e-01,4.053935557255500810e-01,4.691763055814908157e-01,4.713215408013026742e-01,5.300600854968804398e-01,5.526243981892035029e-01,5.275418496465003049e-01,0.000000000000000000e+00,4.583458454543968275e-01
0.000000000000000000e+00,0.000000000000000000e+00,3.171538760185512729e-01,3.462151620545261821e-01,3.217828071448941007e-01,3.676392307340720089e-01,4.232045624917888937e-01,3.604392066096667735e-01,2.837621101772860865e-01,4.726637397764988924e-01,0.000000000000000000e+00,4.474627236400480212e-01,4.589046737605534942e-01,2.917891559676566993e-01,0.000000000000000000e+00,0.000000000000000000e+00,4.665588530214581087e-01,4.618329766348626131e-01,2.700987400668524163e-01,0.000000000000000000e+00,4.599814576054626070e-01,0.000000000000000000e+00,3.580477435952069132e-01,4.550265262439691094e-01,4.574224961950346113e-01,4.530430456110206006e-01,3.604745502270305102e-01,4.607813638910807086e-01,0.000000000000000000e+00,0.000000000000000000e+00,4.810756850350850211e-01,4.295091353558693759e-01,4.505327245540606262e-01,4.687905705366384734e-01,4.547550198370309271e-01,3.413566992167302860e-01,4.250810110813236786e-01,4.498717382488385819e-01,4.715195060862220067e-01,4.584107995033264160e-01,4.782848436625036226e-01,4.624855796396057928e-01,4.778647907102192005e-01,0.000000000000000000e+00,4.382194666024176177e-01,0.000000000000000000e+00,0.000000000000000000e+00,5.008057351718604444e-01,0.000000000000000000e+00,4.732006312878623833e-01,5.417786624010559882e-01,4.857946560156701232e-01,4.787670927392553843e-01,4.771009445761276169e-01,4.523133669225892772e-01,2.603959362713911818e-01,0.000000000000000000e+00,5.009097465129687121e-01,5.043711170209543848e-01,0.000000000000000000e+00,0.000000000000000000e+00,0.000000000000000000e+00,0.000000000000000000e+00,3.360831953388893067e-01,0.000000000000000000e+00,0.000000000000000000e+00,0.000000000000000000e+00,5.250986625777026573e-01,0.000000000000000000e+00,0.000000000000000000e+00,0.000000000000000000e+00,5.417444407881498725e-01,4.820622595950038169e-01,5.005407798625813864e-01,0.000000000000000000e+00,4.788581097451873880e-01
3.687177934987863059e-01,3.808735479244689248e-01,4.752588158139042229e-01,3.029083356268392202e-01,4.275686589149764183e-01,4.443097278288070107e-01,4.269444659145418264e-01,5.060439307883030091e-01,4.575086069426435031e-01,2.971004563955841893e-01,4.474627236400480212e-01,0.000000000000000000e+00,4.241487655765798781e-01,0.000000000000000000e+00,0.000000000000000000e+00,3.724441746891782867e-01,3.582100041362696885e-01,3.713146051492691724e-01,4.588705378967344872e-01,0.000000000000000000e+00,4.605718220396545770e-01,4.026885835845966932e-01,4.613574360028722121e-01,2.730759976050463056e-01,3.411669103559669125e-01,3.201733515723795276e-01,4.496562284066232262e-01,4.084937999495750205e-01,0.000000000000000000e+00,0.000000000000000000e+00,3.620075770325665854e-01,3.073948888580860239e-01,3.246724787270519053e-01,3.034142509855164982e-01,3.427467404619172209e-01,3.516323373786736095e-01,3.450766677867280197e-01,2.502240741450494910e-01,0.000000000000000000e+00,4.997691679467979875e-01,4.213580638812940982e-01,3.623892145233659767e-01,0.000000000000000000e+00,0.000000000000000000e+00,4.086595517566373181e-01,0.000000000000000000e+00,0.000000000000000000e+00,0.000000000000000000e+00,0.000000000000000000e+00,0.000000000000000000e+00,0.000000000000000000e+00,0.000000000000000000e+00,0.000000000000000000e+00,0.000000000000000000e+00,4.845283782082229207e-01,0.000000000000000000e+00,4.690560052207963793e-01,4.398756906663444100e-01,0.000000000000000000e+00,0.000000000000000000e+00,0.000000000000000000e+00,4.858011331800892729e-01,4.732233617690965177e-01,0.000000000000000000e+00,0.000000000000000000e+00,0.000000000000000000e+00,0.000000000000000000e+00,0.000000000000000000e+00,4.131516291839081867e-01,4.679629089446376011e-01,4.637065043138300924e-01,5.139569353465947010e-01,4.298398277387325828e-01,0.000000000000000000e+00,0.000000000000000000e+00,4.571677013777272203e-01
4.488359034160674943e-01,4.459636318493745977e-01,4.421595188305620927e-01,2.926254052662256022e-01,3.618584807084547217e-01,3.522439518101453948e-01,3.406566375122950241e-01,4.683128297836420262e-01,4.098876845007690117e-01,4.359302378189949811e-01,4.589046737605534942e-01,4.241487655765798781e-01,0.000000000000000000e+00,3.630068424817359807e-01,4.470916560329573075e-01,4.755179153629818800e-01,4.296603969239846110e-01,4.593359148559535976e-01,4.575243052826998835e-01,4.400398783079418896e-01,4.654560163662299077e-01,4.675133937447407129e-01,4.486183162126474167e-01,4.333224576088544056e-01,4.420717457533773209e-01,4.410442097833797148e-01,4.315051831220063083e-01,3.643755403203370880e-01,3.895815459387388935e-01,3.947856657399939073e-01,4.075629987082574068e-01,4.320451925076366773e-01,4.339262344526514936e-01,4.103540111968299042e-01,4.228263309915958890e-01,3.692763884249024020e-01,3.785974694290926146e-01,4.197454706452731776e-01,4.867024376039509881e-01,4.663162137461575041e-01,4.923230741307216829e-01,4.979420713020629163e-01,5.224091576597785780e-01,0.000000000000000000e+00,4.238575528434828099e-01,4.883893178110846889e-01,4.986669470896624157e-01,5.416129770540868416e-01,0.000000000000000000e+00,5.603685242346770901e-01,5.410678125121117787e-01,5.480397449661653653e-01,5.143160293295917507e-01,5.547283785260161970e-01,4.243227730983762935e-01,4.923296521354084132e-01,0.000000000000000000e+00,5.426004354566273946e-01,0.000000000000000000e+00,5.044113907472841385e-01,4.824640241606344970e-01,4.711250925151390101e-01,4.584147498084080175e-01,5.341204860939502419e-01,5.144563391985536027e-01,5.147402189923790949e-01,4.892567846281827837e-01,5.339670072565948500e-01,0.000000000000000000e+00,4.649757307737799050e-01,4.923952589511088052e-01,5.378456947574622449e-01,5.378822103486534667e-01,5.292184255093007605e-01,5.378677226002180900e-01,5.295963916582305808e-01
0.000000000000000000e+00,0.000000000000000000e+00,3.808727947134031844e-01,2.911825454868016139e-01,2.881699242328946142e-01,4.114499143191637787e-01,3.079904755918084769e-01,3.745478642353987087e-01,3.774348495840921802e-01,4.327847885398832251e-01,2.917891559676566993e-01,0.000000000000000000e+00,3.630068424817359807e-01,0.000000000000000000e+00,0.000000000000000000e+00,0.000000000000000000e+00,0.000000000000000000e+00,0.000000000000000000e+00,3.560829896257388105e-01,0.000000000000000000e+00,0.000000000000000000e+00,0.000000000000000000e+00,4.002570859735007924e-01,0.000000000000000000e+00,0.000000000000000000e+00,4.953998002843231774e-01,4.316561503379721110e-01,3.282279657827911756e-01,4.250739275134691741e-01,0.000000000000000000e+00,4.419022419327469087e-01,2.924130682718765750e-01,0.000000000000000000e+00,4.018356123694775128e-01,3.837785113046435770e-01,2.675546081636674955e-01,2.179154468641945896e-01,3.866229860815890151e-01,4.935879781755608264e-01,0.000000000000000000e+00,0.000000000000000000e+00,0.000000000000000000e+00,4.665756524590177756e-01,0.000000000000000000e+00,0.000000000000000000e+00,0.000000000000000000e+00,0.000000000000000000e+00,5.457345046050444681e-01,0.000000000000000000e+00,0.000000000000000000e+00,5.403802511387986174e-01,0.000000000000000000e+00,4.849442958983147811e-01,5.595337389616334978e-01,0.000000000000000000e+00,4.005427420049383902e-01,0.000000000000000000e+00,0.000000000000000000e+00,0.000000000000000000e+00,0.000000000000000000e+00,0.000000000000000000e+00,0.000000000000000000e+00,0.000000000000000000e+00,5.322017089030224302e-01,0.000000000000000000e+00,5.257880091667175293e-01,0.000000000000000000e+00,5.266889194641588556e-01,0.000000000000000000e+00,0.000000000000000000e+00,0.000000000000000000e+00,5.244261988730999358e-01,0.000000000000000000e+00,0.000000000000000000e+00,0.000000000000000000e+00,0.000000000000000000e+00
3.912111525212753071e-01,4.319301143984952129e-01,0.000000000000000000e+00,0.000000000000000000e+00,0.000000000000000000e+00,4.274791958703239025e-01,4.460116644795715235e-01,4.541548570212711189e-01,0.000000000000000000e+00,4.053371529582587840e-01,0.000000000000000000e+00,0.000000000000000000e+00,4.470916560329573075e-01,0.000000000000000000e+00,0.000000000000000000e+00,4.414708773076861936e-01,4.180408890345843065e-01,4.299112336613873930e-01,0.000000000000000000e+00,3.376055717580254134e-01,3.937182595271928043e-01,3.538552467748766750e-01,3.899872142459004931e-01,4.548318299507719265e-01,4.184353279430128025e-01,4.029509825557238134e-01,4.040512401473279058e-01,4.340908226599676789e-01,4.033708049980421761e-01,4.243856464186392952e-01,4.163479335751171795e-01,4.374167314913394167e-01,4.220889910908194875e-01,4.380780595483778073e-01,4.648066346032969087e-01,4.969698215891708015e-01,0.000000000000000000e+00,0.000000000000000000e+00,5.036774915309375489e-01,4.922569236798037262e-01,5.033437117620060963e-01,5.285873476571842922e-01,5.528106653888779087e-01,0.000000000000000000e+00,0.000000000000000000e+00,4.649971283950997125e-01,5.081967533243135771e-01,0.000000000000000000e+00,0.000000000000000000e+00,0.000000000000000000e+00,4.744195597734435221e-01,4.876616385494246253e-01,0.000000000000000000e+00,0.000000000000000000e+00,0.000000000000000000e+00,0.000000000000000000e+00,0.000000000000000000e+00,4.890773858788010076e-01,0.000000000000000000e+00,5.199271841753492218e-01,4.809938049449408726e-01,0.000000000000000000e+00,4.749322518269215032e-01,0.000000000000000000e+00,4.898698282911791990e-01,4.992463739070364115e-01,5.179720088327034455e-01,4.996754152705845109e-01,0.000000000000000000e+00,4.605829853366282256e-01,5.348736870407637678e-01,4.992269203154203194e-01,4.921548544030651118e-01,4.901795581492626730e-01,5.211519122659274972e-01,4.839198323737967100e-01
3.999525913774177877e-01,3.981742039753008999e-01,0.000000000000000000e+00,0.000000000000000000e+00,4.316427256677951019e-01,4.230882362998812929e-01,4.656036528889249126e-01,4.870099695721528121e-01,3.907903599321103094e-01,3.972229444618328165e-01,0.000000000000000000e+00,3.724441746891782867e-01,4.755179153629818800e-01,0.000000000000000000e+00,4.414708773076861936e-01,0.000000000000000000e+00,4.042842916645578155e-01,3.446893431551981135e-01,0.000000000000000000e+00,4.292398364284604195e-01,4.429522846518588741e-01,4.030543645071659742e-01,4.453351835278809845e-01,3.680265340790315753e-01,3.674925723568888136e-01,4.121590950086430061e-01,4.413120396515803900e-01,4.655559073782291057e-01,4.451412837092061925e-01,4.248919765219580924e-01,3.863357829956691192e-01,4.530598787538693828e-01,3.845314718800174059e-01,4.087361736421837866e-01,4.387356864049259952e-01,0.000000000000000000e+00,0.000000000000000000e+00,0.000000000000000000e+00,4.782738542673589111e-01,4.643586524636196255e-01,4.594738593914856062e-01,4.901200802413916979e-01,0.000000000000000000e+00,0.000000000000000000e+00,0.000000000000000000e+00,4.594059701074084123e-01,4.934508233538704158e-01,0.000000000000000000e+00,0.000000000000000000e+00,0.000000000000000000e+00,4.420757612675151882e-01,4.464543572091296264e-01,0.000000000000000000e+00,0.000000000000000000e+00,4.461910272861340232e-01,0.000000000000000000e+00,4.547775325731783780e-01,4.431374070337170124e-01,0.000000000000000000e+00,5.054997361189861316e-01,4.725914752468913238e-01,4.654340640161561127e-01,4.626416801156926772e-01,0.000000000000000000e+00,4.918071925670083888e-01,4.634814757941376762e-01,4.909900199442128188e-01,4.927479975551877223e-01,4.671094466334013151e-01,4.821506614749229147e-01,4.863051212964095149e-01,4.975695582856383137e-01,4.582227486068625177e-01,4.650256685506309884e-01,0.000000000000000000e+00,4.566589194392782214e-01
3.824950338259440197e-01,0.000000000000000000e+00,0.000000000000000000e+00,0.000000000000000000e+00,4.483777021288730125e-01,4.079945486381461039e-01,4.390040322385814764e-01,0.000000000000000000e+00,4.598417332273441738e-01,3.122958191354793800e-01,4.665588530214581087e-01,3.582100041362696885e-01,4.296603969239846110e-01,0.000000000000000000e+00,4.180408890345843065e-01,4.042842916645578155e-01,0.000000000000000000e+00,2.976194037625924937e-01,0.000000000000000000e+00,4.118861985967853800e-01,4.730195081939724266e-01,4.119652573386550221e-01,4.832791768068752103e-01,3.765191267144963883e-01,3.087444824841206747e-01,3.681989423456816790e-01,0.000000000000000000e+00,4.167797260146892113e-01,4.177978684835330081e-01,3.957450628640699075e-01,3.538399034441269131e-01,4.372797793065743011e-01,3.190898653348109848e-01,3.647107671808740847e-01,3.893638105969868812e-01,0.000000000000000000e+00,0.000000000000000000e+00,3.305945866613014261e-01,0.000000000000000000e+00,5.094119121592803889e-01,4.632182551599364762e-01,0.000000000000000000e+00,0.000000000000000000e+00,0.000000000000000000e+00,4.199499505530919219e-01,0.000000000000000000e+00,0.000000000000000000e+00,0.000000000000000000e+00,0.000000000000000000e+00,0.000000000000000000e+00,0.000000000000000000e+00,0.000000000000000000e+00,0.000000000000000000e+00,0.000000000000000000e+00,4.944519651651799186e-01,0.000000000000000000e+00,4.847665319843372234e-01,0.000000000000000000e+00,0.000000000000000000e+00,0.000000000000000000e+00,0.000000000000000000e+00,4.913094636739859244e-01,4.747961973990322271e-01,0.000000000000000000e+00,0.000000000000000000e+00,0.000000000000000000e+00,4.593066770073316873e-01,0.000000000000000000e+00,4.407236883102303993e-01,4.779992736233987238e-01,4.786806500666306863e-01,0.000000000000000000e+00,0.000000000000000000e+00,0.000000000000000000e+00,0.000000000000000000e+00,4.605315842976724916e-01
3.676514255397436148e-01,3.848309758347964182e-01,0.000000000000000000e+00,0.000000000000000000e+00,4.153656211430539202e-01,4.102709174078351118e-01,4.486450917737758171e-01,4.898886083768448918e-01,4.425905800212596164e-01,3.475669008039857233e-01,4.618329766348626131e-01,3.713146051492691724e-01,4.593359148559535976e-01,0.000000000000000000e+00,4.299112336613873930e-01,3.446893431551981135e-01,2.976194037625924937e-01,0.000000000000000000e+00,0.000000000000000000e+00,4.314501800456286840e-01,4.399248068299885794e-01,4.289043161136483762e-01,4.399251829343646114e-01,3.594847785397876083e-01,3.382194116016026264e-01,3.777747025623898192e-01,4.337306773783934921e-01,4.506361012942775024e-01,4.431710283469731948e-01,4.293235635334520794e-01,3.780992126985229795e-01,4.439667058143613732e-01,3.227945406565275732e-01,3.912680744147487011e-01,4.247901452902971275e-01,0.000000000000000000e+00,0.000000000000000000e+00,3.070118363560687125e-01,4.623282539678347236e-01,4.563029002096635200e-01,4.546728343357857027e-01,4.635136242014157859e-01,0.000000000000000000e+00,0.000000000000000000e+00,0.000000000000000000e+00,4.235185771027987767e-01,4.768119549980934790e-01,0.000000000000000000e+00,0.000000000000000000e+00,0.000000000000000000e+00,4.467835521137534793e-01,0.000000000000000000e+00,0.000000000000000000e+00,0.000000000000000000e+00,4.836942805906733200e-01,0.000000000000000000e+00,4.680789987365188143e-01,4.505550453811896783e-01,0.000000000000000000e+00,4.828742203738530803e-01,4.605755719991501129e-01,4.739766611967604071e-01,4.631840733764631124e-01,0.000000000000000000e+00,4.772875502014489735e-01,4.336683329608170268e-01,4.746344444560792741e-01,0.000000000000000000e+00,4.348401699683969168e-01,4.639951480202739731e-01,4.723679155261387153e-01,5.023274981127771044e-01,0.000000000000000000e+00,4.378636793330155097e-01,0.000000000000000000e+00,4.507795796802904209e-01
0.000000000000000000e+00,3.777747186394735945e-01,2.351215325247650867e-01,3.931796300347081274e-01,3.425388053845376812e-01,3.532144502527211904e-01,4.380085404880996736e-01,4.186915546067708216e-01,2.789977578279577153e-01,4.736408464606091107e-01,2.700987400668524163e-01,4.588705378967344872e-01,4.575243052826998835e-01,3.560829896257388105e-01,0.000000000000000000e+00,0.000000000000000000e+00,0.000000000000000000e+00,0.000000000000000000e+00,0.000000000000000000e+00,0.000000000000000000e+00,4.998589158058167059e-01,0.000000000000000000e+00,3.148281333127598836e-01,4.714231561860333097e-01,0.000000000000000000e+00,4.168934298728997900e-01,3.406723365564218176e-01,4.586573051977976823e-01,4.158163351149911091e-01,4.408402802453941782e-01,4.725996748629833211e-01,4.392518549595387234e-01,4.583664977194096268e-01,4.665882925959735084e-01,4.597367787074889134e-01,4.096787384588276848e-01,4.431738104717182769e-01,4.527537677934593829e-01,5.095033321942165072e-01,0.000000000000000000e+00,5.419606831800691804e-01,0.000000000000000000e+00,4.986653935873531229e-01,0.000000000000000000e+00,0.000000000000000000e+00,0.000000000000000000e+00,0.000000000000000000e+00,3.600571444206546179e-01,0.000000000000000000e+00,5.512345972738996736e-01,5.533165586976341865e-01,5.555574620336499736e-01,4.902378109518765181e-01,5.573712897510428865e-01,0.000000000000000000e+00,3.101070532683163905e-01,0.000000000000000000e+00,5.524817384728040182e-01,5.122404084268910029e-01,0.000000000000000000e+00,0.000000000000000000e+00,0.000000000000000000e+00,0.000000000000000000e+00,5.452746384038578142e-01,4.735095463548222861e-01,0.000000000000000000e+00,5.406467318534851074e-01,5.419071861691541203e-01,0.000000000000000000e+00,0.000000000000000000e+00,5.267109787823801570e-01,5.487999070722686668e-01,5.291729540557030820e-01,5.118266636805550718e-01,0.000000000000000000e+00,5.411937383970116811e-01
4.538704180350309203e-01,4.372637464294005238e-01,0.000000000000000000e+00,0.000000000000000000e+00,4.198825657215570217e-01,4.007871844594150246e-01,4.507605864388862238e-01,4.066126593943377165e-01,4.027204172888083078e-01,4.026614747265975236e-01,0.000000000000000000e+00,0.000000000000000000e+00,4.400398783079418896e-01,0.000000000000000000e+00,3.376055717580254134e-01,4.292398364284604195e-01,4.118861985967853800e-01,4.314501800456286840e-01,0.000000000000000000e+00,0.000000000000000000e+00,4.242272640237790826e-01,3.830894078733981245e-01,3.080674784201862804e-01,4.772743312889163869e-01,4.176410373680041754e-01,4.347875410943282115e-01,3.606427992422334139e-01,4.103706540843364836e-01,3.477723360510863171e-01,3.804662300594974789e-01,3.833035018303729835e-01,4.259983781507131195e-01,4.056962372354402935e-01,4.181596951703526743e-01,4.587077940254883912e-01,4.952517808497912122e-01,4.493470294532129761e-01,0.000000000000000000e+00,5.025976547921165993e-01,4.837167645314158770e-01,5.029940922402712511e-01,5.162462424221571089e-01,4.929711281603663120e-01,0.000000000000000000e+00,0.000000000000000000e+00,4.671818787693098884e-01,4.849578595392745051e-01,0.000000000000000000e+00,0.000000000000000000e+00,4.732291380576520989e-01,4.863995051264854985e-01,4.883864611016813795e-01,5.041449885403159747e-01,0.000000000000000000e+00,0.000000000000000000e+00,0.000000000000000000e+00,0.000000000000000000e+00,5.005327467556138776e-01,0.000000000000000000e+00,4.993683950551691120e-01,4.692194611809112903e-01,0.000000000000000000e+00,4.630628636695697242e-01,0.000000000000000000e+00,4.920444413288780905e-01,4.822192678312656744e-01,4.965385270065995060e-01,5.052335929867257658e-01,0.000000000000000000e+00,4.577410420668451829e-01,4.865562071046585224e-01,5.093939604255047771e-01,5.100239724939964470e-01,5.025771495317424842e-01,5.132503956734333350e-01,4.928122654503486744e-01
4.132329902539397248e-01,4.365730712965615878e-01,0.000000000000000000e+00,0.000000000000000000e+00,4.285345268992795109e-01,4.207274042832174765e-01,4.621149744477042187e-01,4.652680423786906827e-01,4.080836023894774955e-01,4.793283555611138058e-01,4.599814576054626070e-01,4.605718220396545770e-01,4.654560163662299077e-01,0.000000000000000000e+00,3.937182595271928043e-01,4.429522846518588741e-01,4.730195081939724266e-01,4.399248068299885794e-01,4.998589158058167059e-01,4.242272640237790826e-01,0.000000000000000000e+00,4.595984433611107756e-01,4.048743945962312019e-01,4.765848671665656178e-01,4.355799957065281114e-01,4.228134548930819747e-01,4.252897815173675156e-01,4.624524977945170257e-01,4.290767062214411176e-01,4.576825442896327867e-01,4.265911035617547808e-01,4.486534253729855259e-01,4.275280526217510868e-01,4.557641374834053849e-01,4.812780498981690247e-01,4.855935693018855193e-01,0.000000000000000000e+00,4.855523180877776013e-01,4.800990918305277910e-01,4.532936545455936161e-01,4.830614014374804976e-01,5.172448567481487958e-01,0.000000000000000000e+00,0.000000000000000000e+00,0.000000000000000000e+00,4.601699569418499225e-01,5.173675298922576493e-01,0.000000000000000000e+00,0.000000000000000000e+00,0.000000000000000000e+00,4.765837144110656176e-01,5.105159934680794098e-01,4.778195845674643172e-01,0.000000000000000000e+00,0.000000000000000000e+00,0.000000000000000000e+00,5.172827811904093798e-01,4.908610199342665070e-01,0.000000000000000000e+00,4.802577612098731241e-01,4.814014362750765885e-01,0.000000000000000000e+00,4.593520667837749927e-01,0.000000000000000000e+00,4.692013782385425213e-01,4.146537590083095859e-01,4.951112574027404234e-01,4.808288413685751772e-01,4.389078347052005058e-01,4.670865913163079752e-01,5.198422140531884228e-01,4.911108924535272924e-01,4.941423931908062173e-01,4.847795568251300757e-01,0.000000000000000000e+00,4.721245707718129125e-01
