0.000000000000000000e+00,3.858524123224815194e-01,0.000000000000000000e+00,0.000000000000000000e+00,0.000000000000000000e+00,4.121995199476728988e-01,0.000000000000000000e+00,4.945423038130484228e-01,0.000000000000000000e+00,3.469623543366640028e-01,0.000000000000000000e+00,3.320446793143966846e-01,4.475591033723562151e-01,0.000000000000000000e+00,4.098017741390290736e-01,3.626582251951390723e-01,3.330400812499945129e-01,3.487663217611052247e-01,0.000000000000000000e+00,4.448838323815397788e-01,3.914252919656915908e-01,3.986692382576433880e-01,4.419047329215485265e-01,3.255791835191695904e-01,3.471500433310000244e-01,3.414356189050479773e-01,4.358435368839470025e-01,4.399103947849555829e-01,4.342449470214976848e-01,0.000000000000000000e+00,3.727966053282186221e-01,4.312613943230684255e-01,3.168002562587455828e-01,3.735817337132121829e-01,4.299362262299121218e-01,0.000000000000000000e+00,0.000000000000000000e+00,0.000000000000000000e+00,4.202114596335581043e-01,3.805902817511233049e-01,3.994331668074718178e-01,0.000000000000000000e+00,0.000000000000000000e+00,0.000000000000000000e+00,0.000000000000000000e+00,3.205562252790962741e-01,4.329337540585764255e-01,0.000000000000000000e+00,0.000000000000000000e+00,0.000000000000000000e+00,0.000000000000000000e+00,0.000000000000000000e+00,0.000000000000000000e+00,0.000000000000000000e+00,3.841269329114955222e-01,0.000000000000000000e+00,0.000000000000000000e+00,0.000000000000000000e+00,0.000000000000000000e+00,4.702059569250506277e-01,4.041604434500973841e-01,0.000000000000000000e+00,3.925592395841746018e-01,0.000000000000000000e+00,0.000000000000000000e+00,3.322056473841276114e-01,4.628292347324400868e-01,0.000000000000000000e+00,3.403791285509422115e-01,4.076169034845844030e-01,4.059257423008458265e-01,0.000000000000000000e+00,0.000000000000000000e+00,0.000000000000000000e+00,0.000000000000000000e+00,3.382573127746582031e-01
3.858524123224815194e-01,0.000000000000000000e+00,4.057462447921699189e-01,0.000000000000000000e+00,3.954207629905269195e-01,3.993219424602533207e-01,4.226903999562057201e-01,4.248181425737168060e-01,3.930908595173266962e-01,0.000000000000000000e+00,0.000000000000000000e+00,0.000000000000000000e+00,4.261470656237502097e-01,0.000000000000000000e+00,4.178428054440277983e-01,3.504935564993874042e-01,0.000000000000000000e+00,3.580056497196151266e-01,0.000000000000000000e+00,4.198043867953435981e-01,4.173165573803889195e-01,3.977379590886315208e-01,4.082208191776103834e-01,3.524878109731052200e-01,3.391229408609777174e-01,3.859151996627160908e-01,3.978598478507606728e-01,4.095385102219181728e-01,4.018080247298231877e-01,3.963812004550972823e-01,3.587730088232776171e-01,4.238272852225407061e-01,3.513855216243824131e-01,3.678539447543132113e-01,4.265280815281535243e-01,3.586378624883879151e-01,0.000000000000000000e+00,0.000000000000000000e+00,4.557507577602298854e-01,4.327636623178329200e-01,4.309730760843362152e-01,4.589007254725924745e-01,4.121622817410565132e-01,0.000000000000000000e+00,0.000000000000000000e+00,4.464349023152632823e-01,4.414466086545162926e-01,0.000000000000000000e+00,0.000000000000000000e+00,0.000000000000000000e+00,4.357578975608656924e-01,4.484764651836781746e-01,0.000000000000000000e+00,4.897801001712825952e-01,3.816448459989921771e-01,0.000000000000000000e+00,0.000000000000000000e+00,4.554023350318759933e-01,0.000000000000000000e+00,4.601605844234977760e-01,4.197278052136338977e-01,3.902047677503033829e-01,4.017298817319405746e-01,0.000000000000000000e+00,4.543067854009517070e-01,4.552111770201188179e-01,4.460334135138435130e-01,4.600464944109716181e-01,4.473955754535505758e-01,4.184419370873546096e-01,4.569168842003749065e-01,4.685179191927241749e-01,4.485032474470098118e-01,4.520493454795490029e-01,4.828896077523743835e-01,4.221041181577911972e-01
0.000000000000000000e+00,4.057462447921699189e-01,0.000000000000000000e+00,0.000000000000000000e+00,3.504657396290236093e-01,3.684181107460868798e-01,4.122434458525742196e-01,4.355183513107864779e-01,3.000209136219387784e-01,4.336477757198077265e-01,2.948326611165363875e-01,4.322431201676162904e-01,4.238098395272533736e-01,3.990121081161178140e-01,0.000000000000000000e+00,4.084291463787849130e-01,4.292659173457420985e-01,0.000000000000000000e+00,2.443259049510070058e-01,3.811916779945633826e-01,0.000000000000000000e+00,3.915081727275431800e-01,2.936869502997038195e-01,0.000000000000000000e+00,3.889792090801503788e-01,3.633518221885109201e-01,3.381816024129725151e-01,4.296218270954612062e-01,3.790432243056849893e-01,4.418694007191927842e-01,4.409840111457525857e-01,4.253142093484533759e-01,4.323759271811998817e-01,4.311810010260357928e-01,4.137682033602443910e-01,3.827322814453262834e-01,4.075179923458356890e-01,0.000000000000000000e+00,4.975981449817514779e-01,0.000000000000000000e+00,5.120288889842063984e-01,0.000000000000000000e+00,4.910492964008215111e-01,0.000000000000000000e+00,0.000000000000000000e+00,0.000000000000000000e+00,0.000000000000000000e+00,4.837733255827353918e-01,0.000000000000000000e+00,5.219828348838063681e-01,5.418239702835478955e-01,5.221618042194253739e-01,5.184484906219289924e-01,5.193393701093068637e-01,0.000000000000000000e+00,5.081602311180846154e-01,0.000000000000000000e+00,5.171632660279299465e-01,4.999558456359697867e-01,0.000000000000000000e+00,0.000000000000000000e+00,0.000000000000000000e+00,0.000000000000000000e+00,5.112745664131321810e-01,0.000000000000000000e+00,0.000000000000000000e+00,0.000000000000000000e+00,5.447927164769594821e-01,0.000000000000000000e+00,0.000000000000000000e+00,0.000000000000000000e+00,5.521192760447769521e-01,5.151496521708995857e-01,4.769680225472591739e-01,0.000000000000000000e+00,5.188696466223138293e-01
0.000000000000000000e+00,0.000000000000000000e+00,0.000000000000000000e+00,0.000000000000000000e+00,2.469706240542544062e-01,3.853787608904962192e-01,2.509917683932972876e-01,3.972132802009583075e-01,3.908466741253430743e-01,3.449363366093122774e-01,3.406933013419911060e-01,0.000000000000000000e+00,3.127669551616872878e-01,3.474638682925627053e-01,0.000000000000000000e+00,0.000000000000000000e+00,0.000000000000000000e+00,0.000000000000000000e+00,0.000000000000000000e+00,0.000000000000000000e+00,0.000000000000000000e+00,0.000000000000000000e+00,3.964951396386697802e-01,0.000000000000000000e+00,0.000000000000000000e+00,0.000000000000000000e+00,0.000000000000000000e+00,2.620794380987955807e-01,0.000000000000000000e+00,0.000000000000000000e+00,3.266970471329639913e-01,3.594949208892496140e-01,2.701506111673190880e-01,4.071342559443997255e-01,4.237146177072425024e-01,2.561164536162173211e-01,2.186348737153729072e-01,0.000000000000000000e+00,0.000000000000000000e+00,0.000000000000000000e+00,0.000000000000000000e+00,0.000000000000000000e+00,0.000000000000000000e+00,0.000000000000000000e+00,0.000000000000000000e+00,0.000000000000000000e+00,0.000000000000000000e+00,0.000000000000000000e+00,0.000000000000000000e+00,0.000000000000000000e+00,0.000000000000000000e+00,0.000000000000000000e+00,0.000000000000000000e+00,0.000000000000000000e+00,0.000000000000000000e+00,0.000000000000000000e+00,0.000000000000000000e+00,0.000000000000000000e+00,0.000000000000000000e+00,0.000000000000000000e+00,0.000000000000000000e+00,0.000000000000000000e+00,0.000000000000000000e+00,0.000000000000000000e+00,0.000000000000000000e+00,0.000000000000000000e+00,0.000000000000000000e+00,0.000000000000000000e+00,0.000000000000000000e+00,0.000000000000000000e+00,0.000000000000000000e+00,0.000000000000000000e+00,0.000000000000000000e+00,0.000000000000000000e+00,0.000000000000000000e+00,0.000000000000000000e+00
0.000000000000000000e+00,3.954207629905269195e-01,3.504657396290236093e-01,2.469706240542544062e-01,0.000000000000000000e+00,3.506551555032061951e-01,3.114130557964766011e-01,3.779162498825268113e-01,3.016871079840964809e-01,4.001464214660717111e-01,2.929061934459253891e-01,4.107210216789238810e-01,3.564827596974601831e-01,2.864076977137082203e-01,0.000000000000000000e+00,4.025117746175466138e-01,4.113209599973757236e-01,4.061217574195944979e-01,3.134055190907513166e-01,3.698669995853404169e-01,0.000000000000000000e+00,3.857429219261226949e-01,3.764521384839261131e-01,3.859106452979587099e-01,3.929355648976706195e-01,3.777414658032514083e-01,3.634844703838460145e-01,3.156274818259310888e-01,3.720327087699630830e-01,0.000000000000000000e+00,4.185757468152420113e-01,3.280548938176581775e-01,3.827026918137281242e-01,3.827316922709294023e-01,3.767663283008125252e-01,2.493938187242124016e-01,2.506711888003351207e-01,3.799796225309771125e-01,4.728768490449014039e-01,0.000000000000000000e+00,5.026798465557870133e-01,0.000000000000000000e+00,4.385831347451036866e-01,0.000000000000000000e+00,0.000000000000000000e+00,0.000000000000000000e+00,0.000000000000000000e+00,5.239290876856899093e-01,0.000000000000000000e+00,4.913749210912906062e-01,5.032728533680356220e-01,5.011187434489358106e-01,4.558943794836616825e-01,5.205569355494586992e-01,0.000000000000000000e+00,4.460907089050433760e-01,0.000000000000000000e+00,4.984301778975551156e-01,5.423769678120932136e-01,0.000000000000000000e+00,0.000000000000000000e+00,0.000000000000000000e+00,0.000000000000000000e+00,4.855967287279492894e-01,4.342381964410362838e-01,0.000000000000000000e+00,4.111291929657509003e-01,5.090821716517217599e-01,0.000000000000000000e+00,0.000000000000000000e+00,0.000000000000000000e+00,5.120729460585626835e-01,4.888318132190144216e-01,4.655724027676154120e-01,0.000000000000000000e+00,5.016550995530222323e-01
4.121995199476728988e-01,3.993219424602533207e-01,3.684181107460868798e-01,3.853787608904962192e-01,3.506551555032061951e-01,0.000000000000000000e+00,3.911660160514610074e-01,3.777475707545875916e-01,3.159255266036951060e-01,4.204258818600771219e-01,3.264091534460641930e-01,4.242603247473746841e-01,3.598412024665029740e-01,3.825730870803983885e-01,3.713821639043732858e-01,4.014293735984741929e-01,4.166695291512867994e-01,4.007387891763646848e-01,3.481648489433811777e-01,3.649160199195449761e-01,3.724368068962716216e-01,3.887583454882361789e-01,3.662158870532308819e-01,4.220763103345023803e-01,3.963210545936778906e-01,3.768501425610105149e-01,3.364254705011969215e-01,3.606923934324763881e-01,3.202389075808770857e-01,4.114868217395720729e-01,4.152677288477822914e-01,3.867232982912721106e-01,3.768661806671836922e-01,4.101827006367613770e-01,4.061580576207374227e-01,4.020472554380231101e-01,3.933287295687580842e-01,4.057310836436789914e-01,4.649987310693035059e-01,4.768891275146027176e-01,4.827756715990955128e-01,4.670805882595048253e-01,4.491744213295943977e-01,0.000000000000000000e+00,0.000000000000000000e+00,0.000000000000000000e+00,4.236333036084038994e-01,5.360396675243473963e-01,0.000000000000000000e+00,5.089552593023745075e-01,5.000218662397661884e-01,5.024484482507868277e-01,4.475895807656324887e-01,5.369671849060075886e-01,4.788530225960013209e-01,5.186506103506698384e-01,0.000000000000000000e+00,4.920885082278655953e-01,4.922927925936184113e-01,4.431711561439827252e-01,4.321057431806842875e-01,4.788649257599252862e-01,0.000000000000000000e+00,5.306938082680340285e-01,4.578489713355193835e-01,4.709961528468378789e-01,4.393453297658936885e-01,4.986105680711312993e-01,0.000000000000000000e+00,4.248893235637625221e-01,4.344479845129639028e-01,5.008408111247654171e-01,4.881278355052027784e-01,4.723387003405681850e-01,4.863748165318355077e-01,4.827912718805753012e-01
0.000000000000000000e+00,4.226903999562057201e-01,4.122434458525742196e-01,2.509917683932972876e-01,3.114130557964766011e-01,3.911660160514610074e-01,0.000000000000000000e+00,4.302711217814926270e-01,3.895341641194531856e-01,3.999778925969877941e-01,3.915091393035528000e-01,4.044549742388794944e-01,3.433095988550630140e-01,3.099633014185245727e-01,3.881546695502420263e-01,4.323017700999874924e-01,4.109153955672236735e-01,4.238188368488557956e-01,4.203305678074938934e-01,4.050064005121142841e-01,4.361656370416955864e-01,4.221565855973670733e-01,4.152086238356613723e-01,4.019334010450059114e-01,4.196653277706117735e-01,4.023302502551627247e-01,4.037639691522305063e-01,3.470070928909191887e-01,4.056686237640441117e-01,0.000000000000000000e+00,3.904073259274206120e-01,3.776594955626010885e-01,3.812076157791097764e-01,3.720441122755656083e-01,3.570558560456015273e-01,3.021020680237335165e-01,3.371197486966824863e-01,3.685002293304313059e-01,4.847863000254388210e-01,0.000000000000000000e+00,4.994776439834460180e-01,4.929302467520669251e-01,4.716918420612097873e-01,0.000000000000000000e+00,0.000000000000000000e+00,0.000000000000000000e+00,4.442805329498483724e-01,5.395188162229500595e-01,0.000000000000000000e+00,5.109546846735247838e-01,5.135127218381658754e-01,5.187290673591563595e-01,4.738631070106382737e-01,5.368094287114077989e-01,5.083363152072938318e-01,4.815479612392509212e-01,0.000000000000000000e+00,5.053436735306294780e-01,0.000000000000000000e+00,4.563485455138819868e-01,0.000000000000000000e+00,0.000000000000000000e+00,0.000000000000000000e+00,5.019047146957078542e-01,4.678229975927041817e-01,0.000000000000000000e+00,4.577197951778860241e-01,5.079876073445006579e-01,0.000000000000000000e+00,4.165589782368627203e-01,4.299157564709283896e-01,5.112254222364249756e-01,5.004156267950234938e-01,4.845355190043085791e-01,4.855340825457394871e-01,4.954195696543852168e-01
4.945423038130484228e-01,4.248181425737168060e-01,4.355183513107864779e-01,3.972132802009583075e-01,3.779162498825268113e-01,3.777475707545875916e-01,4.302711217814926270e-01,0.000000000000000000e+00,4.481627000881093226e-01,4.320698963116534896e-01,3.582593855209765810e-01,4.678660549030704274e-01,4.287889063110837951e-01,3.246588391894090209e-01,4.227622786317297154e-01,4.277941685845438879e-01,4.230576674926028180e-01,4.254258170416542750e-01,4.369840475261683732e-01,3.755434688012609934e-01,4.423526815814404212e-01,3.966883469742331081e-01,3.763195970787248101e-01,4.953400522445203791e-01,4.447236757500381832e-01,4.761062207930332191e-01,4.014938467710282843e-01,4.205266107922223107e-01,3.744516962954678729e-01,4.308466711134947835e-01,4.270484610378063040e-01,3.939239252511462785e-01,4.262926215617173775e-01,4.305341337862874096e-01,4.326964501436658117e-01,3.261213612937484130e-01,4.045864105346448913e-01,4.348875289941745992e-01,4.564786161669199260e-01,0.000000000000000000e+00,4.599259051971327228e-01,0.000000000000000000e+00,4.546833052285332855e-01,0.000000000000000000e+00,0.000000000000000000e+00,4.603689176489869084e-01,4.801915368434391262e-01,5.249065675077005944e-01,0.000000000000000000e+00,4.733856912720699195e-01,4.531034403934238730e-01,4.675677680247726786e-01,4.293822104285773822e-01,5.228464398693716264e-01,4.504190217355019121e-01,4.941122020435199103e-01,0.000000000000000000e+00,4.651252628461758909e-01,4.651263027359585078e-01,4.570596127673838827e-01,0.000000000000000000e+00,0.000000000000000000e+00,0.000000000000000000e+00,5.201516880293332035e-01,4.628849168570132178e-01,4.238971398409551727e-01,4.729238055917744932e-01,4.614275095350832134e-01,4.557914846625389926e-01,4.566895933886854220e-01,4.841265967639035162e-01,4.776355237293506972e-01,4.673563406734301262e-01,4.422326029346536069e-01,0.000000000000000000e+00,4.840128689048249777e-01
0.000000000000000000e+00,3.930908595173266962e-01,3.000209136219387784e-01,3.908466741253430743e-01,3.016871079840964809e-01,3.159255266036951060e-01,3.895341641194531856e-01,4.481627000881093226e-01,0.000000000000000000e+00,4.375966035681201904e-01,2.646010793537877936e-01,4.346972261266143778e-01,3.802466918570399090e-01,4.070830239412995266e-01,0.000000000000000000e+00,3.976727684997333756e-01,4.307981760992615206e-01,4.136859864361187022e-01,2.696785133512876742e-01,3.677691559559093104e-01,3.774797621473973130e-01,3.852109322475050224e-01,3.847639741478809938e-01,4.339379902386756860e-01,4.044017367614254899e-01,3.976258945673005751e-01,3.336523073999169142e-01,4.234212440046115078e-01,3.640021870720973052e-01,4.450344443732344168e-01,4.406573637227320095e-01,4.265076101420035015e-01,4.125678671971088063e-01,4.364118276222678228e-01,4.240875033820626916e-01,4.114163797143954859e-01,4.098969872086892230e-01,4.239995914041417846e-01,4.950966784666738230e-01,0.000000000000000000e+00,5.057176387032913389e-01,5.119126501993683798e-01,4.946626192809814859e-01,0.000000000000000000e+00,0.000000000000000000e+00,0.000000000000000000e+00,0.000000000000000000e+00,5.556387702990022159e-01,0.000000000000000000e+00,5.244985692999550864e-01,5.360596773427974693e-01,5.266673376408864682e-01,5.209452712155910881e-01,5.530705390593246840e-01,5.083579389682856275e-01,5.284254148599590861e-01,0.000000000000000000e+00,5.176094661663170893e-01,5.048670003980588739e-01,0.000000000000000000e+00,0.000000000000000000e+00,0.000000000000000000e+00,0.000000000000000000e+00,5.459274662592966676e-01,4.438690881286377898e-01,0.000000000000000000e+00,4.370664493048181942e-01,5.426873555549398542e-01,0.000000000000000000e+00,0.000000000000000000e+00,4.564495013427480874e-01,5.518112948064158862e-01,5.072531648354459133e-01,4.776296458241933163e-01,0.000000000000000000e+00,5.212577581576673946e-01
3.469623543366640028e-01,0.000000000000000000e+00,4.336477757198077265e-01,3.449363366093122774e-01,4.001464214660717111e-01,4.204258818600771219e-01,3.999778925969877941e-01,4.320698963116534896e-01,4.375966035681201904e-01,0.000000000000000000e+00,4.259083384127327898e-01,2.985819084852410210e-01,4.006346655901313891e-01,3.823696367242627181e-01,0.000000000000000000e+00,3.254047328861441879e-01,2.807683245551124140e-01,2.953535093134458944e-01,4.334235391432120221e-01,3.896821040489926724e-01,4.431308765767265068e-01,3.696591382100807843e-01,4.233993818035433065e-01,3.052753098058437753e-01,2.722449539942177754e-01,2.693133952719284907e-01,4.214201402961831877e-01,3.901547317844104024e-01,3.803486434021788876e-01,4.409748123437137179e-01,3.266228113740610728e-01,3.852427255622973834e-01,2.908146791098473738e-01,3.134417375645288106e-01,3.394308271233095753e-01,3.300864442870021231e-01,3.399654372201568742e-01,2.952816590453249956e-01,3.362263701595519794e-01,4.003396051061514083e-01,3.784763414590959774e-01,0.000000000000000000e+00,4.498354411966766775e-01,0.000000000000000000e+00,3.756566067756675897e-01,3.624909617427113928e-01,0.000000000000000000e+00,0.000000000000000000e+00,0.000000000000000000e+00,0.000000000000000000e+00,4.979814135101682804e-01,5.010932975239827947e-01,0.000000000000000000e+00,5.337075479070015893e-01,3.989494822207906854e-01,0.000000000000000000e+00,3.962335047790876974e-01,4.932190795755316270e-01,0.000000000000000000e+00,0.000000000000000000e+00,0.000000000000000000e+00,4.070129706324112084e-01,4.069301048956653899e-01,0.000000000000000000e+00,0.000000000000000000e+00,0.000000000000000000e+00,0.000000000000000000e+00,5.010359354083111505e-01,3.671740007372670811e-01,4.106399861227256198e-01,3.914090675084657134e-01,4.945373237007121836e-01,4.953150598472961241e-01,4.796066238734755238e-01,0.000000000000000000e+00,3.911885077289812829e-01
0.000000000000000000e+00,0.000000000000000000e+00,2.948326611165363875e-01,3.406933013419911060e-01,2.929061934459253891e-01,3.264091534460641930e-01,3.915091393035528000e-01,3.582593855209765810e-01,2.646010793537877936e-01,4.259083384127327898e-01,0.000000000000000000e+00,4.188684371372062842e-01,4.109608859674587777e-01,2.864956864853028806e-01,0.000000000000000000e+00,0.000000000000000000e+00,4.239769670901393228e-01,4.210491873338910174e-01,2.338928922645263087e-01,0.000000000000000000e+00,0.000000000000000000e+00,3.767453551279624779e-01,3.149397341895252000e-01,4.173456583458520219e-01,4.129759677725218237e-01,4.131789162614856736e-01,3.573593870920619975e-01,4.105727380549389904e-01,3.579573199184533094e-01,0.000000000000000000e+00,4.356893734567887089e-01,3.020506153166302998e-01,4.098607145094939064e-01,4.181285661181399216e-01,3.957564968599135979e-01,2.451849279491170042e-01,3.078386178529480821e-01,3.939071182540291871e-01,4.741126856359695885e-01,0.000000000000000000e+00,5.113992835582537033e-01,0.000000000000000000e+00,4.626911440700117173e-01,0.000000000000000000e+00,0.000000000000000000e+00,0.000000000000000000e+00,0.000000000000000000e+00,5.324964336830676492e-01,0.000000000000000000e+00,4.941910023815976882e-01,5.292599055141786746e-01,5.020523214720062910e-01,5.062563671658043551e-01,5.335354082674953480e-01,0.000000000000000000e+00,3.067865759521650748e-01,0.000000000000000000e+00,4.944276964562990817e-01,4.516111467519107192e-01,0.000000000000000000e+00,0.000000000000000000e+00,0.000000000000000000e+00,0.000000000000000000e+00,3.503894901406964801e-01,0.000000000000000000e+00,0.000000000000000000e+00,0.000000000000000000e+00,5.253764280455996971e-01,0.000000000000000000e+00,0.000000000000000000e+00,0.000000000000000000e+00,5.371828805558452880e-01,4.929892072700204908e-01,4.752933700935141892e-01,0.000000000000000000e+00,5.059110511205457961e-01
3.320446793143966846e-01,0.000000000000000000e+00,4.322431201676162904e-01,0.000000000000000000e+00,4.107210216789238810e-01,4.242603247473746841e-01,4.044549742388794944e-01,4.678660549030704274e-01,4.346972261266143778e-01,2.985819084852410210e-01,4.188684371372062842e-01,0.000000000000000000e+00,4.035883196647486737e-01,0.000000000000000000e+00,4.481350671759601889e-01,3.262492289010592850e-01,3.162787173234760107e-01,3.106103260872244975e-01,4.327877026592887866e-01,4.031225117242485112e-01,4.150646248151136919e-01,3.675387061977671843e-01,4.397038763489209967e-01,2.699948513407823270e-01,2.949145288102681950e-01,2.763144751099119167e-01,4.248970251063362014e-01,3.944307893253057862e-01,0.000000000000000000e+00,0.000000000000000000e+00,3.495758603960923971e-01,2.918637689569644755e-01,3.036314759133956209e-01,2.976089925569722072e-01,3.351780177522762916e-01,2.969819422830458078e-01,3.135241819183032796e-01,2.576101159592389944e-01,2.627676226588184227e-01,4.234304111364617929e-01,3.782946918160077221e-01,4.103235322145539765e-01,0.000000000000000000e+00,0.000000000000000000e+00,3.904067464954086852e-01,3.566662172255600227e-01,4.562865100160006793e-01,0.000000000000000000e+00,0.000000000000000000e+00,0.000000000000000000e+00,4.799396807383953800e-01,0.000000000000000000e+00,0.000000000000000000e+00,0.000000000000000000e+00,4.100153088441654270e-01,0.000000000000000000e+00,4.070743730687129136e-01,0.000000000000000000e+00,0.000000000000000000e+00,0.000000000000000000e+00,4.083310498256318977e-01,4.198525357687363790e-01,4.060910154835516983e-01,0.000000000000000000e+00,0.000000000000000000e+00,0.000000000000000000e+00,0.000000000000000000e+00,4.944476339005989818e-01,3.527041437905221732e-01,4.098947856493819208e-01,3.918595657192611159e-01,4.930067044003100252e-01,4.745621630850678785e-01,4.753219505600008166e-01,0.000000000000000000e+00,3.776515379637288006e-01
4.475591033723562151e-01,4.261470656237502097e-01,4.238098395272533736e-01,3.127669551616872878e-01,3.564827596974601831e-01,3.598412024665029740e-01,3.433095988550630140e-01,4.287889063110837951e-01,3.802466918570399090e-01,4.006346655901313891e-01,4.109608859674587777e-01,4.035883196647486737e-01,0.000000000000000000e+00,3.396307976365499082e-01,3.968570730813805736e-01,4.309412511864504913e-01,4.006972300163139100e-01,4.219593396365459159e-01,4.324310432278352101e-01,4.059091141655433166e-01,4.386168601391559063e-01,4.253161471989727049e-01,4.150720731160317256e-01,4.071247970490908252e-01,4.178045477992828882e-01,3.977529351546095771e-01,4.016085369110309888e-01,3.326314145916107745e-01,3.851325721732112850e-01,3.836690043697977837e-01,3.954331433607816138e-01,3.882516269699524125e-01,3.884561906421982180e-01,3.866541153349897786e-01,3.737233445143646193e-01,3.405685723504335849e-01,3.506665943323560852e-01,3.859279548743629884e-01,4.793257932820079725e-01,4.333455810466331770e-01,4.866295120723875267e-01,4.880506278278710086e-01,4.726583827222378131e-01,0.000000000000000000e+00,0.000000000000000000e+00,0.000000000000000000e+00,4.411713227183997055e-01,5.247521141883128015e-01,0.000000000000000000e+00,5.102629531126354756e-01,5.059454315992673035e-01,5.110021973265074235e-01,4.677502925881070750e-01,5.355620365972337815e-01,4.425605939698744051e-01,4.832387723008594871e-01,4.039651723709504760e-01,4.975659350502785738e-01,0.000000000000000000e+00,4.666518542768904876e-01,4.338880800567070928e-01,0.000000000000000000e+00,0.000000000000000000e+00,5.183944596277534345e-01,4.702753013395093995e-01,4.675678252464807727e-01,4.686077966502374959e-01,5.008263221048837588e-01,0.000000000000000000e+00,4.316597910166781182e-01,4.358609057726117730e-01,5.018236575149024326e-01,4.956228152573438073e-01,4.851408846458838964e-01,4.887662642006778135e-01,4.855774146775452271e-01
0.000000000000000000e+00,0.000000000000000000e+00,3.990121081161178140e-01,3.474638682925627053e-01,2.864076977137082203e-01,3.825730870803983885e-01,3.099633014185245727e-01,3.246588391894090209e-01,4.070830239412995266e-01,3.823696367242627181e-01,2.864956864853028806e-01,0.000000000000000000e+00,3.396307976365499082e-01,0.000000000000000000e+00,0.000000000000000000e+00,0.000000000000000000e+00,0.000000000000000000e+00,0.000000000000000000e+00,3.820402685909655149e-01,0.000000000000000000e+00,0.000000000000000000e+00,0.000000000000000000e+00,3.520702970627577755e-01,0.000000000000000000e+00,0.000000000000000000e+00,0.000000000000000000e+00,3.991168842192975852e-01,3.127313374667748946e-01,3.635112633346451738e-01,0.000000000000000000e+00,4.078108925618528779e-01,2.297799182428942877e-01,0.000000000000000000e+00,3.653110294726245044e-01,4.771269046124346769e-01,2.251679538540468095e-01,2.065591679679127934e-01,0.000000000000000000e+00,0.000000000000000000e+00,0.000000000000000000e+00,0.000000000000000000e+00,0.000000000000000000e+00,0.000000000000000000e+00,0.000000000000000000e+00,0.000000000000000000e+00,0.000000000000000000e+00,0.000000000000000000e+00,5.478118317137912197e-01,0.000000000000000000e+00,4.327399657634449781e-01,4.634772570778363798e-01,0.000000000000000000e+00,0.000000000000000000e+00,4.666655258295899777e-01,0.000000000000000000e+00,4.540611443920524182e-01,0.000000000000000000e+00,0.000000000000000000e+00,3.779134816556771193e-01,0.000000000000000000e+00,0.000000000000000000e+00,0.000000000000000000e+00,0.000000000000000000e+00,4.822361544253889742e-01,0.000000000000000000e+00,0.000000000000000000e+00,0.000000000000000000e+00,5.621430466832929573e-01,0.000000000000000000e+00,0.000000000000000000e+00,0.000000000000000000e+00,5.291813758128163236e-01,0.000000000000000000e+00,0.000000000000000000e+00,0.000000000000000000e+00,0.000000000000000000e+00
4.098017741390290736e-01,4.178428054440277983e-01,0.000000000000000000e+00,0.000000000000000000e+00,0.000000000000000000e+00,3.713821639043732858e-01,3.881546695502420263e-01,4.227622786317297154e-01,0.000000000000000000e+00,0.000000000000000000e+00,0.000000000000000000e+00,4.481350671759601889e-01,3.968570730813805736e-01,0.000000000000000000e+00,0.000000000000000000e+00,3.994644411150997110e-01,3.811024641578815153e-01,3.928184060591308757e-01,0.000000000000000000e+00,3.272943744948315081e-01,3.712672744681110859e-01,3.518540965021844102e-01,3.768066358484976064e-01,4.626755139671944739e-01,3.947274967434846182e-01,3.726472392442511938e-01,3.472854245296539966e-01,3.678039224654925943e-01,3.519441134957813078e-01,3.552662562404211855e-01,3.931796519090944853e-01,4.267765674194056169e-01,3.902236034840919077e-01,4.285300390347658861e-01,4.585275258852152813e-01,4.803921188864261893e-01,4.315213096847486107e-01,0.000000000000000000e+00,4.886495656521941955e-01,4.801687160273981902e-01,4.789587635011033906e-01,4.889112510347222162e-01,4.913100557822974723e-01,0.000000000000000000e+00,0.000000000000000000e+00,4.723661420104339204e-01,4.766459781228489234e-01,0.000000000000000000e+00,0.000000000000000000e+00,0.000000000000000000e+00,4.509502588203547213e-01,4.802149105556792752e-01,4.623555787502131031e-01,0.000000000000000000e+00,0.000000000000000000e+00,0.000000000000000000e+00,0.000000000000000000e+00,4.737422554645892014e-01,0.000000000000000000e+00,4.958192890223883098e-01,4.515031958951576940e-01,0.000000000000000000e+00,4.346809852883009029e-01,0.000000000000000000e+00,4.715171502454666985e-01,4.661352217813428123e-01,5.004079971723865983e-01,4.669630069085132784e-01,4.609725579696773989e-01,4.446537616046635777e-01,5.131521256441415879e-01,4.777584865626676169e-01,4.799773552447760827e-01,4.689511676286616804e-01,4.813594979089165782e-01,4.692475203374764092e-01
3.626582251951390723e-01,3.504935564993874042e-01,4.084291463787849130e-01,0.000000000000000000e+00,4.025117746175466138e-01,4.014293735984741929e-01,4.323017700999874924e-01,4.277941685845438879e-01,3.976727684997333756e-01,3.254047328861441879e-01,0.000000000000000000e+00,3.262492289010592850e-01,4.309412511864504913e-01,0.000000000000000000e+00,3.994644411150997110e-01,0.000000000000000000e+00,3.315678391904970934e-01,2.877248065840671276e-01,0.000000000000000000e+00,3.608148788733350765e-01,3.939324211491764260e-01,3.400755324840624150e-01,3.981211878932376935e-01,3.454983145220297813e-01,3.354354657691130948e-01,3.641717468757024734e-01,3.909099881748994143e-01,4.106637525185268811e-01,3.950507074478907810e-01,4.039039078634759083e-01,3.403753020373184168e-01,4.407653396552578262e-01,3.372564279347272098e-01,3.588456773291828217e-01,4.175515272694070856e-01,4.571217012477024055e-01,0.000000000000000000e+00,0.000000000000000000e+00,4.333940638016082203e-01,4.076683719458902844e-01,4.163667441624849808e-01,4.275172866030544916e-01,0.000000000000000000e+00,0.000000000000000000e+00,4.288643300533295233e-01,4.109977749178977957e-01,4.238538396654847884e-01,0.000000000000000000e+00,0.000000000000000000e+00,0.000000000000000000e+00,4.726705015696103795e-01,0.000000000000000000e+00,0.000000000000000000e+00,0.000000000000000000e+00,4.009979763400841057e-01,0.000000000000000000e+00,4.198233117355235078e-01,4.612705488837632872e-01,0.000000000000000000e+00,4.527627050725521740e-01,4.066980514716670991e-01,4.175716924597955848e-01,3.962487029553765083e-01,0.000000000000000000e+00,4.521125083357320218e-01,0.000000000000000000e+00,4.358035087018928833e-01,4.707861700970148999e-01,4.237615626703232774e-01,4.079564246342093914e-01,4.240814996169711137e-01,4.648901674807470741e-01,4.498390655922160919e-01,4.486064364962675244e-01,0.000000000000000000e+00,4.144205217041920797e-01
3.330400812499945129e-01,0.000000000000000000e+00,4.292659173457420985e-01,0.000000000000000000e+00,4.113209599973757236e-01,4.166695291512867994e-01,4.109153955672236735e-01,4.230576674926028180e-01,4.307981760992615206e-01,2.807683245551124140e-01,4.239769670901393228e-01,3.162787173234760107e-01,4.006972300163139100e-01,0.000000000000000000e+00,3.811024641578815153e-01,3.315678391904970934e-01,0.000000000000000000e+00,3.076275739535633269e-01,4.373066733434491926e-01,3.628695378298262275e-01,4.141239917752835842e-01,3.747120524524609197e-01,4.190750527164834871e-01,3.110413638203899933e-01,2.854114580797386114e-01,3.007859414460125058e-01,4.130621277620071807e-01,3.882993404867060017e-01,3.696741296770196250e-01,3.587533944693396259e-01,3.312982615270079201e-01,4.108415384667514214e-01,3.041089449452861748e-01,3.391524970701392250e-01,3.608918795823641834e-01,3.840527335561996214e-01,0.000000000000000000e+00,2.997456915573741831e-01,0.000000000000000000e+00,4.101580064958593730e-01,3.933029878251376177e-01,0.000000000000000000e+00,0.000000000000000000e+00,0.000000000000000000e+00,3.773280069119963054e-01,3.532530649607780737e-01,4.199047901644086811e-01,0.000000000000000000e+00,0.000000000000000000e+00,0.000000000000000000e+00,0.000000000000000000e+00,0.000000000000000000e+00,0.000000000000000000e+00,0.000000000000000000e+00,4.151803979684544066e-01,0.000000000000000000e+00,4.122665321440975861e-01,0.000000000000000000e+00,0.000000000000000000e+00,0.000000000000000000e+00,0.000000000000000000e+00,4.215272732780849796e-01,4.144307884967852740e-01,0.000000000000000000e+00,0.000000000000000000e+00,0.000000000000000000e+00,0.000000000000000000e+00,4.721473518231051880e-01,3.542968043061547889e-01,4.166952223027327040e-01,4.105032477499229726e-01,0.000000000000000000e+00,0.000000000000000000e+00,0.000000000000000000e+00,0.000000000000000000e+00,0.000000000000000000e+00
3.487663217611052247e-01,3.580056497196151266e-01,0.000000000000000000e+00,0.000000000000000000e+00,4.061217574195944979e-01,4.007387891763646848e-01,4.238188368488557956e-01,4.254258170416542750e-01,4.136859864361187022e-01,2.953535093134458944e-01,4.210491873338910174e-01,3.106103260872244975e-01,4.219593396365459159e-01,0.000000000000000000e+00,3.928184060591308757e-01,2.877248065840671276e-01,3.076275739535633269e-01,0.000000000000000000e+00,4.397777929893155746e-01,3.788535530557968767e-01,4.031250867332267784e-01,3.653075742493837041e-01,4.057723566789183112e-01,3.263746875001485859e-01,3.154698908789576040e-01,3.249903648222173258e-01,3.856577757458001243e-01,4.028572525606288757e-01,3.977511873068512727e-01,3.941637531882741796e-01,3.395909624308334762e-01,4.322154187421395899e-01,3.201968953300767806e-01,3.513742164178947913e-01,3.910836325496077071e-01,0.000000000000000000e+00,0.000000000000000000e+00,2.903023158652677793e-01,4.220637486771183222e-01,4.135680218090729832e-01,4.031575873579956171e-01,4.333665815899169216e-01,0.000000000000000000e+00,0.000000000000000000e+00,3.930025578959038812e-01,3.788927561241399733e-01,4.135606944333726775e-01,0.000000000000000000e+00,0.000000000000000000e+00,0.000000000000000000e+00,0.000000000000000000e+00,0.000000000000000000e+00,0.000000000000000000e+00,0.000000000000000000e+00,4.158174632961503803e-01,0.000000000000000000e+00,4.055850031280718859e-01,0.000000000000000000e+00,0.000000000000000000e+00,4.420529638399650074e-01,3.965275086620794198e-01,4.191279962065377895e-01,4.059545894880404737e-01,0.000000000000000000e+00,4.401818527453378871e-01,0.000000000000000000e+00,4.226121560008879174e-01,4.080459371988566231e-01,3.951646177841788843e-01,4.075158869745141854e-01,4.120487706717160803e-01,4.601069994761712856e-01,4.348612943450492763e-01,4.395413247972282944e-01,0.000000000000000000e+00,3.950017770625057767e-01
0.000000000000000000e+00,0.000000000000000000e+00,2.443259049510070058e-01,0.000000000000000000e+00,3.134055190907513166e-01,3.481648489433811777e-01,4.203305678074938934e-01,4.369840475261683732e-01,2.696785133512876742e-01,4.334235391432120221e-01,2.338928922645263087e-01,4.327877026592887866e-01,4.324310432278352101e-01,3.820402685909655149e-01,0.000000000000000000e+00,0.000000000000000000e+00,4.373066733434491926e-01,4.397777929893155746e-01,0.000000000000000000e+00,0.000000000000000000e+00,0.000000000000000000e+00,3.856591975696573860e-01,3.113807185592590843e-01,0.000000000000000000e+00,4.245493342888259081e-01,4.268662730735626187e-01,3.574689592783439895e-01,4.337913724567081242e-01,3.792021190862024937e-01,4.721678664828419802e-01,4.520671328186148252e-01,4.313211706030565251e-01,4.232767304725383872e-01,4.379072762921287776e-01,4.177080625636329092e-01,3.792012044567569795e-01,4.140579054134254089e-01,4.125462295498006915e-01,4.967485415650806924e-01,0.000000000000000000e+00,5.159738665925380774e-01,0.000000000000000000e+00,4.879274587669693020e-01,0.000000000000000000e+00,0.000000000000000000e+00,0.000000000000000000e+00,0.000000000000000000e+00,5.517223820045032978e-01,0.000000000000000000e+00,5.178801026328982982e-01,5.435893983087567438e-01,5.281870407521623845e-01,5.151492277140623521e-01,5.515816042217484005e-01,0.000000000000000000e+00,3.448485694362360965e-01,0.000000000000000000e+00,5.248876081468408783e-01,4.958080020855721859e-01,0.000000000000000000e+00,0.000000000000000000e+00,0.000000000000000000e+00,0.000000000000000000e+00,3.837546334482401789e-01,0.000000000000000000e+00,0.000000000000000000e+00,0.000000000000000000e+00,5.490002506657606363e-01,0.000000000000000000e+00,0.000000000000000000e+00,0.000000000000000000e+00,5.550809813921481206e-01,5.093600191334819449e-01,4.949457842050488110e-01,0.000000000000000000e+00,5.304475738874763202e-01
4.448838323815397788e-01,4.198043867953435981e-01,3.811916779945633826e-01,0.000000000000000000e+00,3.698669995853404169e-01,3.649160199195449761e-01,4.050064005121142841e-01,3.755434688012609934e-01,3.677691559559093104e-01,3.896821040489926724e-01,0.000000000000000000e+00,4.031225117242485112e-01,4.059091141655433166e-01,0.000000000000000000e+00,3.272943744948315081e-01,3.608148788733350765e-01,3.628695378298262275e-01,3.788535530557968767e-01,0.000000000000000000e+00,0.000000000000000000e+00,3.964925057436504141e-01,3.508788248578100788e-01,2.985733256496377885e-01,4.737300021187987875e-01,3.829576926721325880e-01,3.996424336259852828e-01,3.338754795354363925e-01,3.694205299457014036e-01,3.070616709890796048e-01,3.540816479997216937e-01,3.458525837097157218e-01,4.158619554367596893e-01,3.631955820541057922e-01,3.966479346147627760e-01,4.363760873011641173e-01,4.732495569009467773e-01,4.420786826370700084e-01,0.000000000000000000e+00,4.463773897880288777e-01,4.196709394156178941e-01,4.527578065151581788e-01,4.499306264201817229e-01,4.465430300096108196e-01,0.000000000000000000e+00,0.000000000000000000e+00,4.510217256578495926e-01,4.384611766169446145e-01,0.000000000000000000e+00,0.000000000000000000e+00,4.416929189240904052e-01,4.596265265054108040e-01,4.692212020974335096e-01,4.419184030971681221e-01,4.794591223655544909e-01,0.000000000000000000e+00,0.000000000000000000e+00,0.000000000000000000e+00,4.755838780375901131e-01,0.000000000000000000e+00,4.631529962802403144e-01,4.293920505580325897e-01,0.000000000000000000e+00,4.131441465395754853e-01,0.000000000000000000e+00,4.555559039546451805e-01,4.386080258171611845e-01,4.613631936785734244e-01,4.651211586671610831e-01,0.000000000000000000e+00,4.291921888213811043e-01,4.599387552627671738e-01,4.693836150658619033e-01,4.704947637170788233e-01,4.605731790077042809e-01,4.667917153339142255e-01,4.490532260341847937e-01
3.914252919656915908e-01,4.173165573803889195e-01,0.000000000000000000e+00,0.000000000000000000e+00,0.000000000000000000e+00,3.724368068962716216e-01,4.361656370416955864e-01,4.423526815814404212e-01,3.774797621473973130e-01,4.431308765767265068e-01,0.000000000000000000e+00,4.150646248151136919e-01,4.386168601391559063e-01,0.000000000000000000e+00,3.712672744681110859e-01,3.939324211491764260e-01,4.141239917752835842e-01,4.031250867332267784e-01,0.000000000000000000e+00,3.964925057436504141e-01,0.000000000000000000e+00,4.053661533437363240e-01,3.992159721687745244e-01,4.400387892947488777e-01,3.982825219420538798e-01,3.872475571783949855e-01,4.022553889406079164e-01,4.261555796394861928e-01,3.951505677697692009e-01,4.317067011952516742e-01,4.072839363321881234e-01,4.167930447662325788e-01,3.784191821413910861e-01,4.224414014903856152e-01,4.467080730298377267e-01,4.516445668408227143e-01,4.372539384478335012e-01,3.944415992268788806e-01,4.458368424815659092e-01,4.230679317512420212e-01,4.342918805455099895e-01,0.000000000000000000e+00,0.000000000000000000e+00,0.000000000000000000e+00,0.000000000000000000e+00,4.053780113950600228e-01,4.636452601705060017e-01,0.000000000000000000e+00,0.000000000000000000e+00,0.000000000000000000e+00,4.511830356546676080e-01,0.000000000000000000e+00,3.918569869422550145e-01,0.000000000000000000e+00,0.000000000000000000e+00,0.000000000000000000e+00,0.000000000000000000e+00,4.582082684730489075e-01,0.000000000000000000e+00,4.441455391968692212e-01,4.238380441043181901e-01,0.000000000000000000e+00,0.000000000000000000e+00,0.000000000000000000e+00,4.380292705832379840e-01,3.422356503941326733e-01,4.714956158625827065e-01,4.089429139267979907e-01,4.132137380673426841e-01,4.196185865887189226e-01,4.671635601780984026e-01,4.353237790503753923e-01,4.596255719790244276e-01,4.455806748853886057e-01,4.570141696166954981e-01,4.287113214156637042e-01
