0.000000000000000000e+00,4.034573657335920882e-01,0.000000000000000000e+00,0.000000000000000000e+00,0.000000000000000000e+00,3.879361307326085195e-01,4.459101094571006896e-01,5.347372629079818473e-01,0.000000000000000000e+00,3.607936288610905096e-01,0.000000000000000000e+00,3.305397906091123161e-01,4.482497675457675079e-01,4.424063563346862793e-01,4.137729005614433908e-01,4.168988298371049117e-01,4.011246763841160856e-01,3.845625630190859789e-01,0.000000000000000000e+00,4.393488307353586864e-01,4.709242827084461069e-01,4.138790308553159103e-01,4.905924012024596159e-01,3.803729908540097737e-01,3.785028676904031997e-01,3.546978179323562741e-01,4.509080874998659949e-01,4.731521782083883965e-01,4.531937646264854735e-01,0.000000000000000000e+00,3.901001110154891927e-01,4.532043188251332899e-01,3.867225588238836775e-01,3.828123588604863126e-01,4.333836941432244183e-01,0.000000000000000000e+00,0.000000000000000000e+00,4.070278523732290821e-01,4.707064126428954220e-01,4.404830743749160171e-01,4.288964980668040217e-01,0.000000000000000000e+00,0.000000000000000000e+00,0.000000000000000000e+00,3.696451734166755210e-01,3.891382240554708272e-01,4.777398434717087805e-01,0.000000000000000000e+00,0.000000000000000000e+00,0.000000000000000000e+00,0.000000000000000000e+00,0.000000000000000000e+00,0.000000000000000000e+00,0.000000000000000000e+00,4.247726828960258771e-01,0.000000000000000000e+00,4.080031983078040159e-01,0.000000000000000000e+00,0.000000000000000000e+00,5.531218647956848145e-01,4.636129358039082216e-01,0.000000000000000000e+00,4.490259527283853025e-01,0.000000000000000000e+00,0.000000000000000000e+00,4.317451535500536064e-01,4.820826964019457872e-01,4.878423693909713088e-01,3.479443303143536781e-01,4.523584227725425122e-01,4.722267403614078818e-01,4.497386084015360108e-01,0.000000000000000000e+00,0.000000000000000000e+00,0.000000000000000000e+00,4.324969325064829118e-01
4.034573657335920882e-01,0.000000000000000000e+00,4.022705595750827867e-01,0.000000000000000000e+00,3.915372881321734222e-01,4.051544093225865062e-01,4.260728660376293941e-01,4.186016066788056933e-01,3.883325778678777818e-01,3.731815768110817166e-01,0.000000000000000000e+00,3.855728700379181806e-01,4.456495835887063217e-01,0.000000000000000000e+00,4.396082385103681212e-01,4.295127076414511080e-01,3.599364434504607746e-01,4.037890478054563248e-01,0.000000000000000000e+00,4.482001672632152101e-01,4.169630138507354200e-01,4.314642024413458121e-01,4.287149002470191927e-01,3.730705909207622795e-01,3.830181517829703841e-01,4.234495772676308833e-01,4.320933363748161726e-01,4.267200970830158924e-01,4.310520763307478243e-01,0.000000000000000000e+00,3.773947986172819236e-01,4.405635786582310920e-01,3.636857479176793806e-01,3.814075698369189249e-01,4.262533103347732055e-01,0.000000000000000000e+00,0.000000000000000000e+00,0.000000000000000000e+00,4.794312407782720942e-01,4.406689865988442922e-01,4.566587966404446752e-01,4.828529150369412215e-01,0.000000000000000000e+00,0.000000000000000000e+00,0.000000000000000000e+00,4.891759217741035726e-01,4.785456796252475220e-01,0.000000000000000000e+00,0.000000000000000000e+00,0.000000000000000000e+00,4.465895466415901738e-01,4.534585087232915201e-01,0.000000000000000000e+00,0.000000000000000000e+00,4.202804152532090831e-01,0.000000000000000000e+00,4.277136720567977779e-01,4.549772268658380248e-01,0.000000000000000000e+00,5.332689697626411540e-01,4.652186936496688907e-01,4.225365272514934878e-01,4.302025787576658211e-01,0.000000000000000000e+00,4.707267932426625889e-01,5.225578692119233759e-01,4.735843834156110987e-01,4.886535576140468851e-01,0.000000000000000000e+00,4.486789269625474086e-01,5.048945639662949514e-01,4.698674013064628729e-01,4.715938648486169837e-01,4.643824706033694016e-01,0.000000000000000000e+00,4.412407030972281818e-01
0.000000000000000000e+00,4.022705595750827867e-01,0.000000000000000000e+00,4.555389473241823750e-01,3.873177452607314830e-01,3.727185072754313766e-01,4.206251739889906860e-01,4.836023345439782739e-01,3.120488668894004780e-01,4.642164059162445233e-01,3.467943716364630946e-01,4.462476125662088178e-01,4.563312284745764114e-01,4.442651854477520090e-01,0.000000000000000000e+00,4.629037442497390131e-01,4.634850439239476816e-01,0.000000000000000000e+00,2.947284828426963155e-01,0.000000000000000000e+00,0.000000000000000000e+00,4.267154193174568788e-01,3.769217329800048089e-01,0.000000000000000000e+00,4.079141001899012076e-01,4.102005592512285026e-01,3.400943772797968001e-01,4.627597392772260232e-01,4.113234959160366189e-01,4.757299912714266221e-01,4.672956208660951072e-01,4.537672376004123209e-01,4.370593682439146144e-01,4.713979685068643843e-01,4.678906901074859070e-01,4.419787742151558008e-01,4.399671234673199205e-01,4.382047355175017755e-01,5.390442641354642461e-01,0.000000000000000000e+00,5.518601614929989907e-01,5.373440826967205153e-01,5.266002399691475100e-01,4.450053272916901781e-01,0.000000000000000000e+00,0.000000000000000000e+00,5.201678851101343426e-01,5.057757993459840451e-01,0.000000000000000000e+00,5.592794783110911494e-01,5.714665058840742162e-01,5.667143754039198900e-01,5.485820837102571845e-01,5.488698392023058092e-01,5.666549175191284426e-01,4.561956952669002918e-01,0.000000000000000000e+00,5.525950731217934564e-01,5.522019869684859916e-01,0.000000000000000000e+00,0.000000000000000000e+00,0.000000000000000000e+00,0.000000000000000000e+00,5.076529655827437537e-01,0.000000000000000000e+00,0.000000000000000000e+00,0.000000000000000000e+00,5.798245939570362273e-01,0.000000000000000000e+00,0.000000000000000000e+00,0.000000000000000000e+00,5.462520691626953084e-01,5.389852027574144611e-01,5.182279318075120322e-01,0.000000000000000000e+00,0.000000000000000000e+00
0.000000000000000000e+00,0.000000000000000000e+00,4.555389473241823750e-01,0.000000000000000000e+00,2.934617990142031063e-01,4.414812972105373046e-01,3.014737054242285774e-01,4.443600388837509740e-01,4.359446407661782819e-01,0.000000000000000000e+00,3.992342334521701841e-01,0.000000000000000000e+00,3.153396145965334796e-01,3.774284424911226177e-01,0.000000000000000000e+00,0.000000000000000000e+00,0.000000000000000000e+00,0.000000000000000000e+00,4.344774231725759273e-01,5.056895017623901367e-01,4.951278862547279225e-01,5.023627634239887785e-01,4.485621342686070823e-01,0.000000000000000000e+00,0.000000000000000000e+00,0.000000000000000000e+00,4.546803971384142939e-01,2.982603549824803246e-01,0.000000000000000000e+00,0.000000000000000000e+00,4.926397800445557196e-01,4.620300695688563941e-01,5.088569946634792229e-01,4.544661695727570949e-01,4.766543907341048159e-01,2.740460513063123216e-01,1.892570993990211892e-01,0.000000000000000000e+00,0.000000000000000000e+00,0.000000000000000000e+00,0.000000000000000000e+00,0.000000000000000000e+00,0.000000000000000000e+00,0.000000000000000000e+00,0.000000000000000000e+00,0.000000000000000000e+00,0.000000000000000000e+00,0.000000000000000000e+00,0.000000000000000000e+00,0.000000000000000000e+00,0.000000000000000000e+00,0.000000000000000000e+00,0.000000000000000000e+00,0.000000000000000000e+00,0.000000000000000000e+00,0.000000000000000000e+00,0.000000000000000000e+00,0.000000000000000000e+00,0.000000000000000000e+00,0.000000000000000000e+00,0.000000000000000000e+00,0.000000000000000000e+00,0.000000000000000000e+00,0.000000000000000000e+00,0.000000000000000000e+00,0.000000000000000000e+00,0.000000000000000000e+00,0.000000000000000000e+00,0.000000000000000000e+00,0.000000000000000000e+00,0.000000000000000000e+00,0.000000000000000000e+00,0.000000000000000000e+00,0.000000000000000000e+00,0.000000000000000000e+00,0.000000000000000000e+00
0.000000000000000000e+00,3.915372881321734222e-01,3.873177452607314830e-01,2.934617990142031063e-01,0.000000000000000000e+00,3.784192955685813931e-01,3.360700630981118264e-01,4.430516335327215893e-01,3.257783794336590044e-01,4.485007667914681084e-01,3.136524154898672756e-01,4.237573967618464832e-01,3.903727601765699107e-01,3.195944845096242992e-01,0.000000000000000000e+00,4.729917997320614020e-01,4.582686044475127174e-01,4.825611648523254193e-01,3.651032426371151884e-01,0.000000000000000000e+00,0.000000000000000000e+00,4.219511614831161217e-01,4.122411629820441070e-01,4.153719530907357127e-01,4.235142057311523933e-01,4.081720430329437987e-01,3.941831669417680262e-01,3.887997371972947147e-01,3.923295275705718788e-01,0.000000000000000000e+00,4.581988875975350206e-01,4.110399588362418921e-01,4.249502079639099206e-01,4.469377522058128882e-01,4.332372423564342934e-01,2.602682270779427265e-01,2.081342445801807883e-01,4.082760768550526831e-01,4.695917312354161988e-01,0.000000000000000000e+00,5.308438484468176455e-01,0.000000000000000000e+00,4.797427860445698800e-01,0.000000000000000000e+00,0.000000000000000000e+00,0.000000000000000000e+00,0.000000000000000000e+00,5.490018995749719188e-01,0.000000000000000000e+00,5.195934455151344222e-01,5.411683445158579353e-01,5.375048498227745775e-01,5.195656046826434560e-01,5.422776058234307639e-01,0.000000000000000000e+00,4.963824565114330900e-01,0.000000000000000000e+00,5.281097691232901070e-01,4.974202345589446850e-01,0.000000000000000000e+00,0.000000000000000000e+00,0.000000000000000000e+00,0.000000000000000000e+00,5.222786451796240792e-01,0.000000000000000000e+00,0.000000000000000000e+00,0.000000000000000000e+00,5.516218461395206996e-01,0.000000000000000000e+00,0.000000000000000000e+00,0.000000000000000000e+00,5.484193541236991321e-01,5.179511056801612279e-01,5.177591026098672389e-01,0.000000000000000000e+00,5.365688913645939584e-01
3.879361307326085195e-01,4.051544093225865062e-01,3.727185072754313766e-01,4.414812972105373046e-01,3.784192955685813931e-01,0.000000000000000000e+00,3.961826089343665758e-01,4.005282158300668138e-01,3.237526803776079043e-01,4.390350514175164198e-01,3.745477857039279934e-01,4.222243779582032230e-01,3.762395429292940130e-01,4.196982652587679108e-01,4.271849518752506847e-01,4.522266716529029784e-01,4.464918935494210928e-01,4.346453343026924210e-01,3.699869094780102174e-01,3.978453392454032733e-01,4.008291325424044871e-01,4.224190879765674089e-01,3.834477080870026255e-01,4.155168735724653062e-01,4.110046038004588898e-01,3.959157284418851064e-01,3.402630588000480905e-01,3.714759817659966101e-01,3.381304809264774058e-01,4.189643674952707175e-01,4.259110407871519732e-01,4.099697296200260910e-01,3.742678881350546272e-01,4.271377901091648055e-01,4.269092661415572199e-01,4.236219732230804835e-01,4.137065849652669103e-01,4.212303220108182256e-01,4.833153067882752785e-01,3.992459170740809138e-01,5.197282673982088763e-01,5.229478863917152998e-01,4.904057716018225266e-01,0.000000000000000000e+00,0.000000000000000000e+00,0.000000000000000000e+00,4.319541197001471877e-01,5.577876255935130256e-01,0.000000000000000000e+00,5.323624444910293185e-01,5.271715453056248224e-01,5.343080661216331739e-01,4.927490761170664202e-01,5.578386734383962153e-01,5.131670210379305486e-01,5.268175982614077268e-01,0.000000000000000000e+00,5.213098653218055656e-01,5.193889960512944048e-01,4.784240790111071173e-01,4.209850794640265792e-01,0.000000000000000000e+00,4.121400906596889846e-01,5.362068268988167130e-01,4.684690732998653129e-01,0.000000000000000000e+00,4.533972344836670887e-01,5.321463215015963533e-01,0.000000000000000000e+00,4.109969703699343224e-01,4.504238440394450205e-01,5.294513262312376956e-01,5.164558875709568397e-01,5.047283601467803527e-01,5.196948058156095618e-01,5.162089072888965680e-01
4.459101094571006896e-01,4.260728660376293941e-01,4.206251739889906860e-01,3.014737054242285774e-01,3.360700630981118264e-01,3.961826089343665758e-01,0.000000000000000000e+00,4.514532125610790092e-01,3.811063039541954245e-01,4.301471989657130179e-01,4.088852590136595744e-01,4.045965502927911794e-01,3.258536535320679106e-01,3.508306704171776924e-01,0.000000000000000000e+00,4.781662506015620928e-01,4.461912474043224219e-01,4.522103999585542766e-01,4.346160644341576784e-01,4.287094059821098813e-01,4.328650831187375037e-01,4.526041159464965213e-01,4.214603516300476915e-01,4.098888053383937247e-01,4.377211086348224978e-01,4.193529475005903229e-01,4.060080218248792727e-01,3.738550512840975726e-01,4.086105165346997081e-01,4.306736429362295060e-01,4.334884652685351836e-01,4.137243517614683785e-01,4.009767655212778115e-01,4.332875473262619015e-01,4.175207573416345186e-01,3.257352708977515054e-01,2.961123457425315908e-01,3.957200502710551127e-01,4.852224299156123188e-01,4.305969014136120099e-01,5.410425837022252438e-01,5.407595969567523531e-01,4.945019745844276837e-01,0.000000000000000000e+00,0.000000000000000000e+00,0.000000000000000000e+00,0.000000000000000000e+00,5.573467635783425633e-01,0.000000000000000000e+00,5.463711323893577498e-01,5.423860993035708455e-01,5.448861150906257889e-01,5.097500060777592212e-01,5.555317900856968638e-01,0.000000000000000000e+00,5.232257013632148901e-01,4.525423993983028748e-01,5.364267759009652137e-01,5.170655974736233507e-01,0.000000000000000000e+00,0.000000000000000000e+00,0.000000000000000000e+00,0.000000000000000000e+00,5.341194642620287203e-01,4.704242245117692955e-01,0.000000000000000000e+00,4.652473694173723251e-01,5.487583629579335653e-01,0.000000000000000000e+00,0.000000000000000000e+00,4.534072979629090172e-01,5.433852151082825266e-01,5.299005463557767692e-01,5.168658572952351538e-01,5.235280458727350483e-01,5.299639067580351748e-01
5.347372629079818473e-01,4.186016066788056933e-01,4.836023345439782739e-01,4.443600388837509740e-01,4.430516335327215893e-01,4.005282158300668138e-01,4.514532125610790092e-01,0.000000000000000000e+00,4.923572633694611178e-01,4.585903392247939192e-01,3.835696370792929799e-01,4.823314367213266118e-01,4.540311457462937184e-01,3.929722301020138753e-01,4.441946689939048065e-01,4.666147682623802972e-01,0.000000000000000000e+00,4.980438946080444906e-01,4.649746495467316221e-01,3.997388911277058865e-01,4.297808397604456210e-01,4.235941084545074009e-01,3.665315080697416072e-01,5.527699653048553374e-01,5.157178511099750340e-01,5.010819187972009869e-01,4.323125921278939132e-01,4.469265412516054137e-01,4.051785194391495093e-01,4.479218608737404739e-01,4.349412795935835852e-01,4.137337712338333140e-01,3.698098992320841272e-01,4.559127843473930741e-01,4.548186643064742740e-01,3.727857233474888843e-01,3.091798756419993910e-01,0.000000000000000000e+00,4.979023538218403933e-01,0.000000000000000000e+00,5.196663908853919045e-01,5.799621343612670898e-01,4.994292602099846823e-01,0.000000000000000000e+00,0.000000000000000000e+00,0.000000000000000000e+00,5.104208389479111263e-01,5.360094885410197074e-01,0.000000000000000000e+00,5.151456020464405539e-01,4.962615169384145819e-01,5.093658476898916820e-01,5.144484060655533098e-01,5.277024988898665336e-01,0.000000000000000000e+00,4.996940880814759733e-01,0.000000000000000000e+00,5.073599739157664823e-01,4.995692290132203728e-01,4.967357085144415985e-01,0.000000000000000000e+00,0.000000000000000000e+00,0.000000000000000000e+00,5.172462887402997644e-01,4.854165506035085231e-01,4.999989612285746787e-01,5.178055448562801644e-01,5.113890076740126300e-01,0.000000000000000000e+00,0.000000000000000000e+00,5.317465309549480601e-01,5.053592820335532920e-01,5.026951183778589627e-01,4.861772348218371120e-01,5.131047410137725695e-01,5.105563113531176311e-01
0.000000000000000000e+00,3.883325778678777818e-01,3.120488668894004780e-01,4.359446407661782819e-01,3.257783794336590044e-01,3.237526803776079043e-01,3.811063039541954245e-01,4.923572633694611178e-01,0.000000000000000000e+00,4.682218584631179237e-01,3.082039713647385937e-01,4.460165684224596805e-01,4.217827682541446799e-01,4.393286497825423242e-01,0.000000000000000000e+00,4.374417854771163738e-01,4.677328995298212777e-01,4.618750216637940165e-01,2.858183474063434870e-01,4.037328353878416043e-01,0.000000000000000000e+00,4.159272769393480007e-01,4.066186461226727888e-01,4.379966456622308990e-01,4.176766549157635011e-01,3.961970363878354884e-01,3.518280404956590779e-01,4.617341737195289064e-01,3.849067982278479017e-01,4.497820539382753058e-01,4.711336933577006114e-01,4.540203658123765917e-01,4.206209506135519804e-01,4.696804107487120850e-01,4.686652264521405931e-01,4.489457349217209070e-01,4.457098385829794118e-01,4.481126001957230764e-01,5.286657048346047327e-01,0.000000000000000000e+00,5.316520838406847416e-01,5.630603734276738992e-01,5.201422330821511286e-01,4.608419320940623232e-01,0.000000000000000000e+00,0.000000000000000000e+00,4.041350586501989972e-01,5.682284659198543197e-01,0.000000000000000000e+00,5.498594737598675453e-01,5.595544930197891009e-01,5.548364144931668962e-01,5.394646176225269540e-01,5.660151945742429858e-01,0.000000000000000000e+00,5.394128167569068877e-01,0.000000000000000000e+00,5.532595214708294629e-01,5.472495361898964683e-01,0.000000000000000000e+00,0.000000000000000000e+00,0.000000000000000000e+00,0.000000000000000000e+00,5.555119343628919237e-01,4.679219382358402735e-01,0.000000000000000000e+00,4.185018779675042100e-01,5.707978292274465959e-01,0.000000000000000000e+00,0.000000000000000000e+00,4.196536316430108937e-01,5.642052228900168442e-01,5.392741038128980868e-01,5.175087343876002555e-01,0.000000000000000000e+00,5.376481617450106221e-01
3.607936288610905096e-01,3.731815768110817166e-01,4.642164059162445233e-01,0.000000000000000000e+00,4.485007667914681084e-01,4.390350514175164198e-01,4.301471989657130179e-01,4.585903392247939192e-01,4.682218584631179237e-01,0.000000000000000000e+00,4.577735100578111949e-01,2.675408935747918826e-01,4.362770218903159747e-01,4.237754739005111793e-01,3.980075651906770928e-01,3.748473499260994157e-01,3.347719567015517983e-01,3.420608600350150130e-01,4.675026382305206840e-01,4.089522524606993836e-01,4.471258540712647056e-01,3.970643968770065091e-01,4.462075787157773754e-01,3.044098882408051154e-01,2.928531426281997252e-01,3.083762528712499229e-01,4.429461215683196951e-01,4.056535049366308820e-01,4.277092591661357246e-01,0.000000000000000000e+00,3.359364419689829240e-01,3.682566057713420049e-01,3.023967792939660226e-01,3.335577556558094736e-01,3.417298226548193818e-01,4.002784189429375861e-01,2.763009946370783010e-01,2.769027392548795152e-01,3.036602680864253778e-01,4.361386570177913091e-01,4.031559179725324737e-01,4.322270402868335082e-01,0.000000000000000000e+00,0.000000000000000000e+00,3.962163005970609220e-01,4.112747013568878174e-01,4.172906529522394936e-01,0.000000000000000000e+00,0.000000000000000000e+00,0.000000000000000000e+00,0.000000000000000000e+00,0.000000000000000000e+00,0.000000000000000000e+00,0.000000000000000000e+00,4.301493491487504151e-01,0.000000000000000000e+00,4.284559234152741092e-01,4.271856713349627133e-01,0.000000000000000000e+00,0.000000000000000000e+00,4.246542889056375003e-01,4.343075259758065743e-01,4.279750525727131771e-01,0.000000000000000000e+00,0.000000000000000000e+00,0.000000000000000000e+00,0.000000000000000000e+00,5.250317625637398455e-01,3.849724609601892222e-01,4.265543451850006273e-01,4.278285529103770801e-01,0.000000000000000000e+00,0.000000000000000000e+00,0.000000000000000000e+00,0.000000000000000000e+00,4.332869506670478099e-01
0.000000000000000000e+00,0.000000000000000000e+00,3.467943716364630946e-01,3.992342334521701841e-01,3.136524154898672756e-01,3.745477857039279934e-01,4.088852590136595744e-01,3.835696370792929799e-01,3.082039713647385937e-01,4.577735100578111949e-01,0.000000000000000000e+00,4.348757380925076244e-01,4.496449444960490260e-01,3.071134726829820027e-01,0.000000000000000000e+00,0.000000000000000000e+00,4.592993349608265885e-01,4.648383236260043017e-01,2.970570285358278273e-01,0.000000000000000000e+00,0.000000000000000000e+00,0.000000000000000000e+00,3.466989590748705274e-01,4.335145990653627157e-01,4.572861660023587738e-01,4.643302696740477242e-01,3.674654709956268750e-01,4.491928322125143258e-01,0.000000000000000000e+00,0.000000000000000000e+00,4.708197588544091872e-01,4.258345764725212090e-01,4.348343614561616111e-01,4.626477822951172159e-01,4.411221447187708145e-01,3.278013918014858197e-01,3.844865539017364164e-01,4.384911538092202132e-01,4.796262091637905067e-01,0.000000000000000000e+00,5.101776649767734151e-01,0.000000000000000000e+00,4.783218744202253903e-01,0.000000000000000000e+00,0.000000000000000000e+00,0.000000000000000000e+00,0.000000000000000000e+00,5.412153056707090792e-01,0.000000000000000000e+00,5.078190972169669415e-01,5.363820649258999040e-01,5.301641227078980334e-01,5.120114821838239738e-01,5.423233788629988616e-01,0.000000000000000000e+00,4.630506560778228087e-01,0.000000000000000000e+00,5.185917854644020997e-01,4.961193513714715064e-01,0.000000000000000000e+00,0.000000000000000000e+00,0.000000000000000000e+00,0.000000000000000000e+00,4.452883821894111915e-01,0.000000000000000000e+00,0.000000000000000000e+00,0.000000000000000000e+00,5.427387185413954374e-01,0.000000000000000000e+00,0.000000000000000000e+00,0.000000000000000000e+00,5.494195888135646744e-01,4.995460646403859228e-01,0.000000000000000000e+00,0.000000000000000000e+00,0.000000000000000000e+00
3.305397906091123161e-01,3.855728700379181806e-01,4.462476125662088178e-01,0.000000000000000000e+00,4.237573967618464832e-01,4.222243779582032230e-01,4.045965502927911794e-01,4.823314367213266118e-01,4.460165684224596805e-01,2.675408935747918826e-01,4.348757380925076244e-01,0.000000000000000000e+00,4.162292452363091089e-01,4.346847270484475723e-01,4.018903146363553835e-01,3.795714902579527261e-01,3.460995462527177158e-01,3.437427967773789006e-01,4.534126940203561107e-01,3.993980011993000789e-01,4.404318463474418133e-01,3.994061762220091905e-01,4.602717932834510806e-01,2.546670378409920943e-01,3.207689698256929178e-01,3.231396520460825816e-01,4.147659543996263243e-01,3.861428827142129871e-01,3.888596432946703207e-01,0.000000000000000000e+00,3.324562625562255125e-01,3.140019447980663125e-01,3.188500179329616935e-01,2.895252168521377789e-01,3.123889255508857099e-01,3.410855254463444064e-01,2.750450667523631765e-01,2.414188516512275895e-01,2.813529421908945727e-01,4.333285032774060186e-01,3.205014829550134059e-01,4.019873090162611184e-01,0.000000000000000000e+00,0.000000000000000000e+00,3.992680633999550199e-01,3.692939724908305132e-01,4.188499621311780885e-01,0.000000000000000000e+00,0.000000000000000000e+00,0.000000000000000000e+00,0.000000000000000000e+00,0.000000000000000000e+00,0.000000000000000000e+00,0.000000000000000000e+00,4.242960739618000798e-01,0.000000000000000000e+00,3.958243611666600881e-01,4.572662090650947975e-01,0.000000000000000000e+00,0.000000000000000000e+00,4.196526356795635126e-01,4.333450872808873866e-01,4.312215641474494987e-01,0.000000000000000000e+00,0.000000000000000000e+00,0.000000000000000000e+00,0.000000000000000000e+00,0.000000000000000000e+00,3.517467541116769958e-01,4.194528885602352153e-01,4.193518097847984127e-01,0.000000000000000000e+00,4.264541425129492191e-01,0.000000000000000000e+00,0.000000000000000000e+00,4.248759526205004855e-01
4.482497675457675079e-01,4.456495835887063217e-01,4.563312284745764114e-01,3.153396145965334796e-01,3.903727601765699107e-01,3.762395429292940130e-01,3.258536535320679106e-01,4.540311457462937184e-01,4.217827682541446799e-01,4.362770218903159747e-01,4.496449444960490260e-01,4.162292452363091089e-01,0.000000000000000000e+00,3.843546043537311996e-01,4.544252995265556927e-01,4.900220356557016821e-01,4.451924754841194987e-01,4.554206564599179163e-01,4.679445563557724230e-01,4.292960700804416829e-01,4.394164392848187162e-01,4.599713447267814725e-01,4.286491401613168883e-01,4.346083744119683123e-01,4.507857515010845750e-01,4.401900951000128903e-01,4.131396189363675253e-01,3.655617900337436166e-01,3.792901910364308016e-01,4.392951343024333877e-01,4.297034520437568728e-01,4.338565079847144235e-01,4.202702967658281108e-01,4.437787858309920064e-01,4.305966068224312271e-01,3.821367951715903821e-01,3.724975636867842166e-01,4.096139509606921969e-01,4.665672996010093998e-01,4.354317589516519815e-01,5.176407699781808702e-01,5.336353792861454615e-01,4.957490125780079082e-01,0.000000000000000000e+00,0.000000000000000000e+00,0.000000000000000000e+00,4.659230179568386032e-01,5.568848267673347507e-01,0.000000000000000000e+00,5.389499089846636615e-01,5.329670492979874385e-01,5.402849799404043640e-01,5.133335422874831799e-01,5.517932507950671361e-01,4.562696417564193196e-01,5.126477186583078272e-01,4.478469059584653245e-01,5.319780407597513028e-01,5.300333166556671083e-01,5.002720786532416364e-01,4.520210064055449894e-01,0.000000000000000000e+00,4.547861613421562144e-01,5.313389079537180759e-01,4.937535492332603138e-01,0.000000000000000000e+00,4.771875470988958812e-01,5.397473069870325491e-01,0.000000000000000000e+00,4.497334935813965262e-01,4.667030704567636246e-01,5.354777334214355644e-01,5.261925891106981057e-01,5.174339592008376787e-01,5.264944571171993326e-01,5.217625613166001486e-01
4.424063563346862793e-01,0.000000000000000000e+00,4.442651854477520090e-01,3.774284424911226177e-01,3.195944845096242992e-01,4.196982652587679108e-01,3.508306704171776924e-01,3.929722301020138753e-01,4.393286497825423242e-01,4.237754739005111793e-01,3.071134726829820027e-01,4.346847270484475723e-01,3.843546043537311996e-01,0.000000000000000000e+00,0.000000000000000000e+00,0.000000000000000000e+00,0.000000000000000000e+00,0.000000000000000000e+00,4.132790884557374089e-01,0.000000000000000000e+00,0.000000000000000000e+00,0.000000000000000000e+00,3.971999094830624966e-01,0.000000000000000000e+00,0.000000000000000000e+00,5.008748824538520328e-01,4.432369644524644103e-01,3.578474076307159857e-01,0.000000000000000000e+00,0.000000000000000000e+00,4.300953502273939799e-01,3.016049280400507904e-01,0.000000000000000000e+00,4.166915854038368838e-01,4.035370682924593888e-01,2.441763349381042003e-01,1.787012785725392017e-01,0.000000000000000000e+00,0.000000000000000000e+00,0.000000000000000000e+00,0.000000000000000000e+00,0.000000000000000000e+00,5.050767197938738073e-01,0.000000000000000000e+00,0.000000000000000000e+00,0.000000000000000000e+00,0.000000000000000000e+00,5.394268128123089756e-01,0.000000000000000000e+00,0.000000000000000000e+00,5.007720771163148843e-01,5.115055831650384688e-01,0.000000000000000000e+00,0.000000000000000000e+00,0.000000000000000000e+00,0.000000000000000000e+00,0.000000000000000000e+00,0.000000000000000000e+00,0.000000000000000000e+00,0.000000000000000000e+00,0.000000000000000000e+00,0.000000000000000000e+00,0.000000000000000000e+00,0.000000000000000000e+00,0.000000000000000000e+00,0.000000000000000000e+00,0.000000000000000000e+00,5.251139921842277181e-01,0.000000000000000000e+00,0.000000000000000000e+00,0.000000000000000000e+00,4.968242923726319815e-01,0.000000000000000000e+00,0.000000000000000000e+00,0.000000000000000000e+00,0.000000000000000000e+00
4.137729005614433908e-01,4.396082385103681212e-01,0.000000000000000000e+00,0.000000000000000000e+00,0.000000000000000000e+00,4.271849518752506847e-01,0.000000000000000000e+00,4.441946689939048065e-01,0.000000000000000000e+00,3.980075651906770928e-01,0.000000000000000000e+00,4.018903146363553835e-01,4.544252995265556927e-01,0.000000000000000000e+00,0.000000000000000000e+00,4.474754211767988932e-01,0.000000000000000000e+00,4.156581790235568952e-01,0.000000000000000000e+00,3.468609984395475965e-01,3.909211661435468832e-01,4.210946577281520775e-01,3.836129526357435759e-01,4.573186004233538160e-01,4.193212476215297246e-01,4.179730629720266877e-01,3.849021176104577835e-01,4.274254781502340172e-01,4.115550913956220747e-01,0.000000000000000000e+00,4.186271260803943739e-01,4.428275854904432096e-01,4.172484449086433789e-01,4.335086784150906092e-01,4.683027966085758220e-01,4.820479613278567110e-01,4.989516437053679865e-01,3.837945082666299745e-01,4.737807409338448128e-01,4.740559869707385854e-01,4.814021952088514134e-01,5.091432671159240586e-01,4.277711456765850850e-01,0.000000000000000000e+00,3.946955016825636764e-01,4.943864437399614897e-01,5.128725481801184038e-01,0.000000000000000000e+00,0.000000000000000000e+00,0.000000000000000000e+00,4.717454293164073942e-01,0.000000000000000000e+00,4.893922520668583243e-01,0.000000000000000000e+00,3.931646808323708830e-01,0.000000000000000000e+00,3.879230059612959192e-01,4.747109642928887263e-01,0.000000000000000000e+00,5.201696282818315531e-01,4.858734281220661866e-01,0.000000000000000000e+00,4.365387460330447111e-01,0.000000000000000000e+00,4.678945784134846964e-01,4.995370861378797267e-01,5.223912703686620640e-01,5.028450812696909633e-01,0.000000000000000000e+00,4.465666747505178114e-01,5.481630055833911497e-01,5.029362283980866044e-01,4.813376089631610233e-01,4.750509035326668794e-01,4.799835393495572866e-01,4.697658238763600114e-01
4.168988298371049117e-01,4.295127076414511080e-01,4.629037442497390131e-01,0.000000000000000000e+00,4.729917997320614020e-01,4.522266716529029784e-01,4.781662506015620928e-01,4.666147682623802972e-01,4.374417854771163738e-01,3.748473499260994157e-01,0.000000000000000000e+00,3.795714902579527261e-01,4.900220356557016821e-01,0.000000000000000000e+00,4.474754211767988932e-01,0.000000000000000000e+00,4.050928759533454770e-01,3.694504305620502915e-01,0.000000000000000000e+00,4.337638812052700965e-01,4.292399193022621851e-01,4.009207923204944901e-01,4.566705214505625277e-01,3.859196539909302004e-01,3.874623601604502143e-01,4.333450894216487881e-01,4.537165546276951122e-01,4.785519333190654256e-01,4.604787067497508879e-01,4.806250101185335910e-01,3.920922946469543868e-01,4.562913837081720159e-01,3.790021577718151180e-01,4.142048338469799806e-01,4.454171592023665194e-01,0.000000000000000000e+00,0.000000000000000000e+00,0.000000000000000000e+00,4.647972309848205086e-01,4.343957217836075246e-01,4.372428603436643857e-01,4.553746118731247794e-01,0.000000000000000000e+00,0.000000000000000000e+00,0.000000000000000000e+00,4.711537020387683850e-01,4.631301821745653080e-01,0.000000000000000000e+00,0.000000000000000000e+00,0.000000000000000000e+00,4.506839441802740764e-01,0.000000000000000000e+00,0.000000000000000000e+00,0.000000000000000000e+00,4.327870995979062885e-01,0.000000000000000000e+00,4.372864993566206171e-01,4.427071448612592830e-01,0.000000000000000000e+00,5.017693074453980495e-01,4.530561058796148122e-01,4.461954661741617256e-01,4.378640845601258769e-01,0.000000000000000000e+00,4.677686956534692908e-01,0.000000000000000000e+00,4.662586254135709929e-01,4.883576331421405903e-01,4.567388808255415933e-01,4.431824627301931274e-01,4.656036651661286108e-01,4.634077586912456193e-01,4.658283577422641097e-01,4.436427299767716770e-01,0.000000000000000000e+00,4.323155496110280827e-01
4.011246763841160856e-01,3.599364434504607746e-01,4.634850439239476816e-01,0.000000000000000000e+00,4.582686044475127174e-01,4.464918935494210928e-01,4.461912474043224219e-01,0.000000000000000000e+00,4.677328995298212777e-01,3.347719567015517983e-01,4.592993349608265885e-01,3.460995462527177158e-01,4.451924754841194987e-01,0.000000000000000000e+00,0.000000000000000000e+00,4.050928759533454770e-01,0.000000000000000000e+00,3.653871860973080810e-01,4.746663433665134213e-01,4.047382730586087107e-01,4.893556176888184117e-01,3.995101179923377099e-01,4.619440369081936892e-01,3.623016615416421171e-01,3.393682592271263232e-01,3.574794852623993102e-01,4.124115798272223743e-01,4.275215909331305242e-01,4.158278057332109867e-01,0.000000000000000000e+00,3.744529233149286873e-01,4.511545128663810855e-01,3.418158573109826848e-01,3.897114353058124259e-01,4.063342192747211867e-01,0.000000000000000000e+00,0.000000000000000000e+00,3.481825012110876250e-01,4.033815981842355236e-01,4.582596225340492824e-01,4.279712565756402243e-01,4.389242184960789883e-01,0.000000000000000000e+00,0.000000000000000000e+00,4.565777062658011864e-01,3.868764547455793013e-01,0.000000000000000000e+00,0.000000000000000000e+00,0.000000000000000000e+00,0.000000000000000000e+00,0.000000000000000000e+00,0.000000000000000000e+00,0.000000000000000000e+00,0.000000000000000000e+00,4.570557542979107879e-01,0.000000000000000000e+00,4.591747181176730752e-01,0.000000000000000000e+00,0.000000000000000000e+00,0.000000000000000000e+00,4.399495807257250979e-01,4.640186638752690218e-01,4.603997261193628066e-01,0.000000000000000000e+00,0.000000000000000000e+00,0.000000000000000000e+00,0.000000000000000000e+00,0.000000000000000000e+00,4.207697623573964929e-01,4.517137435816627744e-01,4.585802893826642079e-01,0.000000000000000000e+00,4.519075517309737999e-01,0.000000000000000000e+00,0.000000000000000000e+00,4.512163085873128199e-01
3.845625630190859789e-01,4.037890478054563248e-01,0.000000000000000000e+00,0.000000000000000000e+00,4.825611648523254193e-01,4.346453343026924210e-01,4.522103999585542766e-01,4.980438946080444906e-01,4.618750216637940165e-01,3.420608600350150130e-01,4.648383236260043017e-01,3.437427967773789006e-01,4.554206564599179163e-01,0.000000000000000000e+00,4.156581790235568952e-01,3.694504305620502915e-01,3.653871860973080810e-01,0.000000000000000000e+00,4.775016319658774155e-01,4.231632852870155226e-01,4.375523361363468089e-01,4.185217577139336842e-01,4.466618466527336184e-01,3.390116595613831274e-01,3.381970201197886938e-01,3.667285004364225776e-01,4.325114421654335239e-01,4.430370149466277829e-01,4.424807005699715745e-01,0.000000000000000000e+00,3.742567782436744261e-01,4.513749066949244160e-01,3.364508718899060224e-01,3.913157731822264895e-01,4.164147547666324223e-01,4.346386889393993869e-01,0.000000000000000000e+00,2.957594701613324162e-01,4.632217716649406070e-01,4.292278773363771838e-01,4.281263225155783059e-01,4.438023185771192147e-01,0.000000000000000000e+00,0.000000000000000000e+00,0.000000000000000000e+00,4.427190654800514102e-01,4.538745166989340274e-01,0.000000000000000000e+00,0.000000000000000000e+00,0.000000000000000000e+00,4.366042095800486966e-01,0.000000000000000000e+00,0.000000000000000000e+00,0.000000000000000000e+00,4.377329520727810119e-01,0.000000000000000000e+00,4.452453613312826186e-01,4.433718609516559273e-01,0.000000000000000000e+00,0.000000000000000000e+00,4.486713386557122929e-01,4.465777873002744758e-01,4.431589237744127940e-01,0.000000000000000000e+00,4.522224810195020761e-01,0.000000000000000000e+00,4.465023462754135197e-01,4.749561239556994163e-01,4.191064839502561812e-01,4.380331081722916853e-01,4.477881731839112867e-01,4.486799084282311889e-01,4.263961247726604231e-01,4.510881860674028077e-01,0.000000000000000000e+00,4.381385854458169082e-01
0.000000000000000000e+00,0.000000000000000000e+00,2.947284828426963155e-01,4.344774231725759273e-01,3.651032426371151884e-01,3.699869094780102174e-01,4.346160644341576784e-01,4.649746495467316221e-01,2.858183474063434870e-01,4.675026382305206840e-01,2.970570285358278273e-01,4.534126940203561107e-01,4.679445563557724230e-01,4.132790884557374089e-01,0.000000000000000000e+00,0.000000000000000000e+00,4.746663433665134213e-01,4.775016319658774155e-01,0.000000000000000000e+00,0.000000000000000000e+00,0.000000000000000000e+00,0.000000000000000000e+00,3.696563188204590733e-01,0.000000000000000000e+00,4.505042193459152799e-01,0.000000000000000000e+00,3.385957131554718225e-01,4.689280495686810046e-01,4.064105070698829092e-01,0.000000000000000000e+00,4.767565849858553251e-01,4.525547623341996117e-01,4.458841672416511970e-01,4.746464413184984243e-01,4.686847307999252865e-01,4.367322485156279743e-01,4.411437147088643207e-01,4.408128078165747255e-01,5.188070862248624904e-01,0.000000000000000000e+00,5.368822166496859394e-01,6.085330411387482874e-01,5.136765283020533479e-01,0.000000000000000000e+00,0.000000000000000000e+00,0.000000000000000000e+00,0.000000000000000000e+00,5.681844435957642547e-01,0.000000000000000000e+00,5.412126491180664356e-01,5.600438012951604039e-01,5.581200831123365180e-01,5.530890810718196438e-01,5.703279428431832221e-01,0.000000000000000000e+00,5.334437101669590175e-01,0.000000000000000000e+00,5.435746280809002906e-01,5.396374941138787351e-01,0.000000000000000000e+00,0.000000000000000000e+00,0.000000000000000000e+00,0.000000000000000000e+00,5.449728715021174841e-01,0.000000000000000000e+00,0.000000000000000000e+00,0.000000000000000000e+00,5.710285679451669871e-01,0.000000000000000000e+00,0.000000000000000000e+00,0.000000000000000000e+00,5.726759614532705989e-01,5.276372486755638302e-01,5.232069990444635499e-01,0.000000000000000000e+00,5.411469198022971216e-01
4.393488307353586864e-01,4.482001672632152101e-01,0.000000000000000000e+00,5.056895017623901367e-01,0.000000000000000000e+00,3.978453392454032733e-01,4.287094059821098813e-01,3.997388911277058865e-01,4.037328353878416043e-01,4.089522524606993836e-01,0.000000000000000000e+00,3.993980011993000789e-01,4.292960700804416829e-01,0.000000000000000000e+00,3.468609984395475965e-01,4.337638812052700965e-01,4.047382730586087107e-01,4.231632852870155226e-01,0.000000000000000000e+00,0.000000000000000000e+00,4.036524693905625960e-01,3.913235005554345225e-01,3.305353537430500976e-01,4.285533044823586768e-01,4.250839385142091142e-01,4.457309066670864239e-01,3.613126601811030847e-01,4.026037568663938249e-01,3.488733494952733216e-01,4.069353466529628260e-01,3.962509443645906848e-01,4.292787478863611117e-01,3.826328428180799102e-01,4.358354206452862978e-01,4.612851519290626090e-01,4.855135525657574003e-01,4.623443631269942844e-01,3.726637242793596760e-01,4.446100114164425743e-01,4.152635851297015734e-01,4.685241203866585824e-01,4.933083098938210731e-01,4.063289942427227852e-01,0.000000000000000000e+00,0.000000000000000000e+00,0.000000000000000000e+00,4.680144426530095103e-01,0.000000000000000000e+00,0.000000000000000000e+00,0.000000000000000000e+00,4.761621405740670276e-01,4.720814030637466852e-01,4.874442602242073930e-01,4.735390885675953010e-01,0.000000000000000000e+00,0.000000000000000000e+00,3.674865797825155878e-01,4.793758509401019885e-01,0.000000000000000000e+00,4.885501562623306149e-01,4.570161613011963220e-01,4.347799595229783209e-01,4.436506223195519905e-01,0.000000000000000000e+00,4.782481574033718985e-01,4.710913239830202270e-01,4.841114363474889881e-01,5.019969527460234060e-01,0.000000000000000000e+00,4.319166310906534245e-01,4.921202994977645906e-01,4.962939840753411991e-01,4.895077904120487267e-01,4.831588750782723762e-01,4.905246497954184881e-01,4.765457511957447156e-01
4.709242827084461069e-01,4.169630138507354200e-01,0.000000000000000000e+00,4.951278862547279225e-01,0.000000000000000000e+00,4.008291325424044871e-01,4.328650831187375037e-01,4.297808397604456210e-01,0.000000000000000000e+00,4.471258540712647056e-01,0.000000000000000000e+00,4.404318463474418133e-01,4.394164392848187162e-01,0.000000000000000000e+00,3.909211661435468832e-01,4.292399193022621851e-01,4.893556176888184117e-01,4.375523361363468089e-01,0.000000000000000000e+00,4.036524693905625960e-01,0.000000000000000000e+00,4.469468689396718930e-01,4.085755386221632812e-01,5.215322574308485226e-01,4.314622946581558871e-01,4.072241619302188753e-01,4.139629695686309896e-01,4.362768271544115728e-01,4.119569654134715986e-01,4.383044694732349256e-01,4.198326173798834771e-01,4.211310168973709800e-01,3.832359317931797182e-01,4.402815876583949239e-01,4.560062566060059108e-01,4.860331284662973150e-01,0.000000000000000000e+00,0.000000000000000000e+00,4.755208210068894159e-01,4.806023337503803061e-01,4.655129695582267968e-01,4.966198947000720065e-01,0.000000000000000000e+00,0.000000000000000000e+00,0.000000000000000000e+00,4.433025218301002157e-01,5.146503480324459145e-01,0.000000000000000000e+00,0.000000000000000000e+00,0.000000000000000000e+00,4.492421744907569847e-01,0.000000000000000000e+00,4.478275712611068937e-01,0.000000000000000000e+00,0.000000000000000000e+00,0.000000000000000000e+00,0.000000000000000000e+00,4.711374425108689756e-01,0.000000000000000000e+00,4.914765606411177212e-01,4.727769346081440172e-01,0.000000000000000000e+00,0.000000000000000000e+00,0.000000000000000000e+00,4.671765439673202236e-01,4.420786936553007251e-01,5.124370365211210476e-01,4.791379525946807272e-01,0.000000000000000000e+00,0.000000000000000000e+00,5.354965910662514705e-01,4.879725685142243807e-01,4.713175128063661901e-01,4.534358549033494779e-01,4.664707753585706773e-01,4.590275042687284035e-01
