0.000000000000000000e+00,3.998899797699114744e-01,4.787840665086198211e-01,0.000000000000000000e+00,0.000000000000000000e+00,4.394909962785327195e-01,4.741458364604895226e-01,5.254630225914191932e-01,4.372239476716300866e-01,3.896776423486302821e-01,0.000000000000000000e+00,3.561161422245410213e-01,4.601232211059609889e-01,0.000000000000000000e+00,4.256685516847146245e-01,4.225997017597898919e-01,3.792507960779610832e-01,4.014334596710121827e-01,0.000000000000000000e+00,4.644891862959005246e-01,4.650619862692775830e-01,4.250136805752867120e-01,4.753042253848087095e-01,3.398276044387517070e-01,3.733441215090255727e-01,3.686093365854701265e-01,4.548916963688345860e-01,4.515069106534302934e-01,4.592508831724145812e-01,0.000000000000000000e+00,3.839030949537348136e-01,4.548523947582417959e-01,3.723893931858143769e-01,3.900954331846747114e-01,4.365940193529693203e-01,0.000000000000000000e+00,0.000000000000000000e+00,4.153156802434411210e-01,4.573534990166223113e-01,4.185566472782388248e-01,4.285028850892119157e-01,0.000000000000000000e+00,0.000000000000000000e+00,0.000000000000000000e+00,0.000000000000000000e+00,3.441307489040608125e-01,4.700132625689149024e-01,0.000000000000000000e+00,0.000000000000000000e+00,0.000000000000000000e+00,0.000000000000000000e+00,0.000000000000000000e+00,0.000000000000000000e+00,0.000000000000000000e+00,4.540611888650907257e-01,0.000000000000000000e+00,0.000000000000000000e+00,0.000000000000000000e+00,0.000000000000000000e+00,0.000000000000000000e+00,4.620722670535211130e-01,0.000000000000000000e+00,4.473982352637350113e-01,0.000000000000000000e+00,5.158279623822698001e-01,3.893954205942691260e-01,4.465975510162505935e-01,0.000000000000000000e+00,2.370850753112984932e-01,4.464359748683072171e-01,4.535256523634008108e-01,0.000000000000000000e+00,0.000000000000000000e+00,0.000000000000000000e+00,0.000000000000000000e+00,4.214483927534308783e-01
3.998899797699114744e-01,0.000000000000000000e+00,0.000000000000000000e+00,0.000000000000000000e+00,4.217724886825531816e-01,4.183976823341811757e-01,4.428406924164003944e-01,4.535927147967548922e-01,4.318774532698678725e-01,3.547226066566642744e-01,0.000000000000000000e+00,3.782174140930923967e-01,4.509670543910039853e-01,0.000000000000000000e+00,4.225287104744501754e-01,4.209707112831794773e-01,3.749780328325674206e-01,4.204795105784995268e-01,0.000000000000000000e+00,4.487670215493124726e-01,4.564020026821007936e-01,4.437379203712256137e-01,4.224715768791845738e-01,3.651247614337925773e-01,3.918650115355369890e-01,4.321235255113435869e-01,4.385763537601923834e-01,4.410828963786677104e-01,4.325786105048221031e-01,0.000000000000000000e+00,3.889631276349694855e-01,4.448714574084294826e-01,3.759584974825468939e-01,3.967527472755085216e-01,4.469743490477947057e-01,3.730358239507933216e-01,0.000000000000000000e+00,0.000000000000000000e+00,4.881062422363551812e-01,4.708311411285702186e-01,4.647197444846860037e-01,4.914053436903115246e-01,0.000000000000000000e+00,0.000000000000000000e+00,0.000000000000000000e+00,4.676814735118852151e-01,4.924115761929725998e-01,0.000000000000000000e+00,0.000000000000000000e+00,0.000000000000000000e+00,4.491773618518025146e-01,4.541249976327523252e-01,4.911282140842769817e-01,0.000000000000000000e+00,4.444761177336644109e-01,0.000000000000000000e+00,0.000000000000000000e+00,4.541534868215322818e-01,0.000000000000000000e+00,4.932180555942770050e-01,4.780053701317191761e-01,4.677591765088376929e-01,4.736577914147189761e-01,0.000000000000000000e+00,4.639546357629235063e-01,4.961758605481801920e-01,4.790987731192545840e-01,4.734354201061177214e-01,4.515322857551845037e-01,4.777042599766258002e-01,5.086002503575719480e-01,4.610824297590094267e-01,4.703657756964577108e-01,4.647446156419772212e-01,0.000000000000000000e+00,4.664273232847692130e-01
4.787840665086198211e-01,0.000000000000000000e+00,0.000000000000000000e+00,3.802134658381228216e-01,3.984499801178129075e-01,3.769178761399314959e-01,4.569505924450203982e-01,4.589140959279496834e-01,3.350941572537203816e-01,4.995084194810299749e-01,2.926966097689575053e-01,4.923027046085787783e-01,4.806131422794012176e-01,4.070266328740927975e-01,4.192640185356140137e-01,0.000000000000000000e+00,0.000000000000000000e+00,4.832177553562094774e-01,2.877039359664402829e-01,4.104019298284843908e-01,4.063143484576737241e-01,4.522076726890518761e-01,3.436128821055113858e-01,5.403903368098219584e-01,0.000000000000000000e+00,4.487817590654034072e-01,3.294768161803842133e-01,4.924329177930151236e-01,4.336529412157467123e-01,5.047139856435588490e-01,5.034821928012634951e-01,4.666686129293629026e-01,4.530450544031909832e-01,4.984193044739019252e-01,4.875690419806971154e-01,4.639530711617748104e-01,4.907258951716774731e-01,4.786706998310045758e-01,5.389912404659772394e-01,0.000000000000000000e+00,5.778892783249013343e-01,5.791501754408667768e-01,5.534372557735885989e-01,0.000000000000000000e+00,0.000000000000000000e+00,0.000000000000000000e+00,0.000000000000000000e+00,4.586061990951845191e-01,0.000000000000000000e+00,5.581929004312811138e-01,5.734963369407913847e-01,5.826668829616507006e-01,5.724588673243503623e-01,5.897867255160357258e-01,0.000000000000000000e+00,3.112776940242156787e-01,0.000000000000000000e+00,5.653123671631085090e-01,5.776349145477066571e-01,0.000000000000000000e+00,0.000000000000000000e+00,0.000000000000000000e+00,0.000000000000000000e+00,3.094619791862477931e-01,0.000000000000000000e+00,0.000000000000000000e+00,0.000000000000000000e+00,5.818493162555071763e-01,0.000000000000000000e+00,0.000000000000000000e+00,0.000000000000000000e+00,5.790664555573558081e-01,5.739812752422072117e-01,5.276358023242055939e-01,5.742131520885125351e-01,5.709303276233801405e-01
0.000000000000000000e+00,0.000000000000000000e+00,3.802134658381228216e-01,0.000000000000000000e+00,3.060644781965856098e-01,4.587293247184717204e-01,3.139083388930414276e-01,4.021051097380419770e-01,4.388792945580173854e-01,4.162946318622423036e-01,3.887493729567003120e-01,0.000000000000000000e+00,3.604719320970494190e-01,3.639716168142819730e-01,0.000000000000000000e+00,0.000000000000000000e+00,0.000000000000000000e+00,0.000000000000000000e+00,4.377953794487738914e-01,0.000000000000000000e+00,0.000000000000000000e+00,0.000000000000000000e+00,3.788137275430932260e-01,0.000000000000000000e+00,0.000000000000000000e+00,0.000000000000000000e+00,0.000000000000000000e+00,2.865368531014064191e-01,0.000000000000000000e+00,0.000000000000000000e+00,3.259496195432963206e-01,3.340939260993134874e-01,0.000000000000000000e+00,3.887712169333031875e-01,3.194044618352174236e-01,2.501350162941812227e-01,2.126786764785326134e-01,0.000000000000000000e+00,0.000000000000000000e+00,0.000000000000000000e+00,0.000000000000000000e+00,0.000000000000000000e+00,0.000000000000000000e+00,0.000000000000000000e+00,0.000000000000000000e+00,0.000000000000000000e+00,0.000000000000000000e+00,0.000000000000000000e+00,0.000000000000000000e+00,0.000000000000000000e+00,0.000000000000000000e+00,0.000000000000000000e+00,0.000000000000000000e+00,0.000000000000000000e+00,0.000000000000000000e+00,0.000000000000000000e+00,0.000000000000000000e+00,0.000000000000000000e+00,0.000000000000000000e+00,0.000000000000000000e+00,0.000000000000000000e+00,0.000000000000000000e+00,0.000000000000000000e+00,0.000000000000000000e+00,0.000000000000000000e+00,0.000000000000000000e+00,0.000000000000000000e+00,0.000000000000000000e+00,0.000000000000000000e+00,0.000000000000000000e+00,0.000000000000000000e+00,0.000000000000000000e+00,0.000000000000000000e+00,0.000000000000000000e+00,0.000000000000000000e+00,0.000000000000000000e+00
0.000000000000000000e+00,4.217724886825531816e-01,3.984499801178129075e-01,3.060644781965856098e-01,0.000000000000000000e+00,3.881411794188949216e-01,3.676648696444674846e-01,4.186778982635984137e-01,3.404174053479189777e-01,4.766527753589003269e-01,3.391186439524899177e-01,4.472195856669001768e-01,4.345181949903609842e-01,3.263532017613082759e-01,0.000000000000000000e+00,4.602034678815113966e-01,4.915605041032525269e-01,4.907907119553068243e-01,3.814616657840840253e-01,4.281837913412395724e-01,0.000000000000000000e+00,4.514346229959191881e-01,4.052260291881344956e-01,4.758684257299342080e-01,4.164797225200508879e-01,4.338589888299875796e-01,3.906299903448451905e-01,4.177297264592326198e-01,4.083344635569808867e-01,4.608396957009950889e-01,5.051409180984708369e-01,4.145619468404704855e-01,4.542073400690003759e-01,4.754912155127952733e-01,4.384990574427440890e-01,3.116386744084996829e-01,2.632162113327655151e-01,4.422400007628852769e-01,4.893711521168159773e-01,0.000000000000000000e+00,5.379621360327881963e-01,0.000000000000000000e+00,4.918685469720893155e-01,0.000000000000000000e+00,0.000000000000000000e+00,0.000000000000000000e+00,0.000000000000000000e+00,5.586825526984712242e-01,0.000000000000000000e+00,5.131955302410459163e-01,5.351073243863069262e-01,5.482747012238259332e-01,5.093138970737312032e-01,5.548237103615796251e-01,0.000000000000000000e+00,5.160553935507453671e-01,0.000000000000000000e+00,5.450261940181870823e-01,5.077977085160332305e-01,0.000000000000000000e+00,0.000000000000000000e+00,0.000000000000000000e+00,0.000000000000000000e+00,5.350133328911667041e-01,4.698976515837329226e-01,0.000000000000000000e+00,0.000000000000000000e+00,5.414992962655326147e-01,0.000000000000000000e+00,0.000000000000000000e+00,0.000000000000000000e+00,5.366906297485987132e-01,5.454776657695739051e-01,5.076078231614966629e-01,0.000000000000000000e+00,5.467731341644687104e-01
4.394909962785327195e-01,4.183976823341811757e-01,3.769178761399314959e-01,4.587293247184717204e-01,3.881411794188949216e-01,0.000000000000000000e+00,4.175731419359727248e-01,3.951747603876691883e-01,3.403571046279049161e-01,5.019767188362712629e-01,4.009077813044676919e-01,4.518757071648693002e-01,3.790256667554556813e-01,3.970609433415365763e-01,3.865730835227986217e-01,4.511260552617197273e-01,4.852037803051104103e-01,4.467696181705588243e-01,4.208428935031460760e-01,4.122012488052659851e-01,4.067516691853710897e-01,4.433644704532502812e-01,3.907881773444484841e-01,4.351976503853088873e-01,4.161267355367294085e-01,4.464670724246995737e-01,3.515253148413666207e-01,4.031409989145128825e-01,3.230658073618288828e-01,4.426670749581351205e-01,4.513740770559002136e-01,4.155173044699911888e-01,3.742142117069445217e-01,4.581844212066614186e-01,4.541009942559843249e-01,4.599048078954762198e-01,4.603735712914184819e-01,4.629095025229374993e-01,5.002278982938584972e-01,4.700140700389354165e-01,4.962373364954602017e-01,4.970875344019740072e-01,4.984214755865895019e-01,0.000000000000000000e+00,0.000000000000000000e+00,3.807402684689548122e-01,4.584587611618861080e-01,5.579392507538045720e-01,0.000000000000000000e+00,5.297574800247880633e-01,5.090445279698047054e-01,5.327962680458172562e-01,4.792122507371889273e-01,5.559493438861587977e-01,5.278185827591878043e-01,5.412545310095828732e-01,0.000000000000000000e+00,5.202132567867958635e-01,5.279269344782893114e-01,4.732541793963520038e-01,4.514669603963749056e-01,0.000000000000000000e+00,4.433432975488956762e-01,5.533362128252363732e-01,4.767507734058448188e-01,4.475928525317293127e-01,4.630754949835388934e-01,5.145299414643375036e-01,0.000000000000000000e+00,4.439910434858664878e-01,4.743634283646697147e-01,5.127075370060166781e-01,5.190130506963012147e-01,4.975561246617574152e-01,5.145730286758382066e-01,5.011368960847344400e-01
4.741458364604895226e-01,4.428406924164003944e-01,4.569505924450203982e-01,3.139083388930414276e-01,3.676648696444674846e-01,4.175731419359727248e-01,0.000000000000000000e+00,4.597749702446884967e-01,4.321439021514834056e-01,4.561259153786830778e-01,4.666337749378963173e-01,4.275993020265519973e-01,3.427179725500266727e-01,3.428710363499276048e-01,4.331259832277293276e-01,4.776686350437924777e-01,4.607877703383200796e-01,4.637558916930106800e-01,4.754093737271145037e-01,4.549224977233710110e-01,4.472067784782258193e-01,4.729324060298155108e-01,4.344355904557297143e-01,4.518073275096546881e-01,4.453015415573868818e-01,4.490444044598864148e-01,4.277345235260687217e-01,3.819923474659719931e-01,4.451622982950427243e-01,4.592815293123945208e-01,4.412413946419058153e-01,4.468604498310749795e-01,4.189764274929885790e-01,4.330761728046910730e-01,3.905804050536542116e-01,3.738959786672292895e-01,4.040562753566515064e-01,4.177588097883643270e-01,5.116623241881887996e-01,0.000000000000000000e+00,4.921407045417713899e-01,5.522314072322832557e-01,5.186865633723217739e-01,0.000000000000000000e+00,0.000000000000000000e+00,0.000000000000000000e+00,4.740949191208790880e-01,5.539072453784890104e-01,0.000000000000000000e+00,5.508558229849774834e-01,5.275808171190397022e-01,5.482697422491495942e-01,5.106426954738944035e-01,5.526277977503030181e-01,5.020464997331208767e-01,5.372956773338305458e-01,3.605893442281506989e-01,5.408483357585082141e-01,0.000000000000000000e+00,4.996119686097741930e-01,4.590675502456130763e-01,0.000000000000000000e+00,0.000000000000000000e+00,5.529232477319380168e-01,4.931962665125069756e-01,0.000000000000000000e+00,4.817153136883607911e-01,5.361911883520655842e-01,0.000000000000000000e+00,0.000000000000000000e+00,4.795290088138041140e-01,5.304769028237582562e-01,5.380952436629462543e-01,5.176329686494385296e-01,5.345073351329630018e-01,5.355779522749756216e-01
5.254630225914191932e-01,4.535927147967548922e-01,4.589140959279496834e-01,4.021051097380419770e-01,4.186778982635984137e-01,3.951747603876691883e-01,4.597749702446884967e-01,0.000000000000000000e+00,4.984602152543554099e-01,4.920105192572643005e-01,3.406215233262904207e-01,4.800725239692307800e-01,4.627348146237489912e-01,3.603482822604298086e-01,4.010008650196539848e-01,4.765940979132153865e-01,0.000000000000000000e+00,4.737568153899254786e-01,4.393524047829023838e-01,4.212527380623222184e-01,4.282961065382051014e-01,4.533681868318646946e-01,3.547090651616526813e-01,5.070105647575475771e-01,4.759431100347826238e-01,4.813645503842823858e-01,4.200470726686256207e-01,4.639652092677218898e-01,3.923025302043307017e-01,4.482833001380310267e-01,4.718257973634876201e-01,4.265593518541251905e-01,3.949756019663269724e-01,4.783286086317191099e-01,4.572041303876228091e-01,3.669050114289976738e-01,0.000000000000000000e+00,0.000000000000000000e+00,4.816569790654082750e-01,0.000000000000000000e+00,4.984460406689152911e-01,0.000000000000000000e+00,5.181009393441979860e-01,0.000000000000000000e+00,0.000000000000000000e+00,0.000000000000000000e+00,0.000000000000000000e+00,5.548923966305768785e-01,0.000000000000000000e+00,5.185963920860668930e-01,4.823277723761886238e-01,5.244542416950536134e-01,4.517351074880134876e-01,5.535167376579511744e-01,0.000000000000000000e+00,5.296671888441115694e-01,0.000000000000000000e+00,5.048569157115592176e-01,5.480836316123340879e-01,4.964272046974030905e-01,0.000000000000000000e+00,0.000000000000000000e+00,0.000000000000000000e+00,5.491633952154830745e-01,4.977421609451028739e-01,4.763540109846862158e-01,4.988679870175606879e-01,5.145845633738286296e-01,0.000000000000000000e+00,0.000000000000000000e+00,5.143873001961551950e-01,5.029155371858745616e-01,5.100824343219959589e-01,4.998793793131157126e-01,0.000000000000000000e+00,5.031427371613702570e-01
4.372239476716300866e-01,4.318774532698678725e-01,3.350941572537203816e-01,4.388792945580173854e-01,3.404174053479189777e-01,3.403571046279049161e-01,4.321439021514834056e-01,4.984602152543554099e-01,0.000000000000000000e+00,5.094597948366007545e-01,2.687873663807253122e-01,4.921944840469275051e-01,4.324328428655356826e-01,4.061229655805472238e-01,0.000000000000000000e+00,4.543539963208900190e-01,4.982569033432461270e-01,5.078783929692807231e-01,2.508715023585912918e-01,4.356169691069073924e-01,4.140575405798714859e-01,4.606202193270961254e-01,4.257035736748641108e-01,4.990926081734388120e-01,4.469407781243369127e-01,4.398210007486841877e-01,3.663132310459550900e-01,4.981387707828501821e-01,3.929557604798230019e-01,5.141704427545232825e-01,5.166647492222440352e-01,4.777320332337942066e-01,4.540515191444968734e-01,5.104338265818324505e-01,4.949648211809767884e-01,4.533676997367190875e-01,4.853146443401646914e-01,4.778057015984558120e-01,5.314199342899931233e-01,0.000000000000000000e+00,5.380474113057871488e-01,5.435485171667157056e-01,5.455882204137766367e-01,0.000000000000000000e+00,4.306423925914107942e-01,0.000000000000000000e+00,4.551454119477399973e-01,5.913755316197548684e-01,5.330482103745773914e-01,5.606885729266777307e-01,5.657727677635822072e-01,5.782671604290359202e-01,5.684517374803821355e-01,5.879695574194521157e-01,5.077015103565345466e-01,5.651896849870504669e-01,0.000000000000000000e+00,5.647573067070110753e-01,5.714396493781861430e-01,4.755259940085266868e-01,4.649848962917855766e-01,0.000000000000000000e+00,0.000000000000000000e+00,5.815705503711251501e-01,4.836403779814157922e-01,0.000000000000000000e+00,4.770579740415065162e-01,5.825200229275683261e-01,0.000000000000000000e+00,0.000000000000000000e+00,4.776137571709314078e-01,5.726375347714881547e-01,5.659208945442998351e-01,5.309000944934183508e-01,5.574603746635723445e-01,5.602450252188416746e-01
3.896776423486302821e-01,3.547226066566642744e-01,4.995084194810299749e-01,4.162946318622423036e-01,4.766527753589003269e-01,5.019767188362712629e-01,4.561259153786830778e-01,4.920105192572643005e-01,5.094597948366007545e-01,0.000000000000000000e+00,4.948044437781400906e-01,2.879061352357447090e-01,4.435348336690799753e-01,4.738302655703168220e-01,0.000000000000000000e+00,3.968551659757478811e-01,3.389516784720059128e-01,3.566918170569944868e-01,4.982026194564985744e-01,4.267921755266023132e-01,4.683703774589144109e-01,3.930668026110414881e-01,4.736192862481445887e-01,3.508262209604626758e-01,2.829725752081441725e-01,3.027470583842374885e-01,4.688209336063378085e-01,4.285926878918656091e-01,4.323463526441018723e-01,0.000000000000000000e+00,3.552796127418649808e-01,3.762277575795094919e-01,3.208336439678978191e-01,3.214082527378733234e-01,2.993185530105704761e-01,4.269207483502637790e-01,3.115406692536832889e-01,3.133268092434928209e-01,3.225630858056319217e-01,5.089783724142639132e-01,3.881756469534358156e-01,3.229060531728938921e-01,0.000000000000000000e+00,0.000000000000000000e+00,4.405394168527542731e-01,4.395319995229118870e-01,0.000000000000000000e+00,0.000000000000000000e+00,4.840143972296481745e-01,0.000000000000000000e+00,5.405801733369792750e-01,4.687076693326348020e-01,0.000000000000000000e+00,0.000000000000000000e+00,4.883132324388289036e-01,0.000000000000000000e+00,4.784113719333635828e-01,4.700669486699585176e-01,0.000000000000000000e+00,0.000000000000000000e+00,4.569706686748383206e-01,4.947414027586358731e-01,4.803606843575711216e-01,0.000000000000000000e+00,0.000000000000000000e+00,0.000000000000000000e+00,0.000000000000000000e+00,5.431633768370969229e-01,4.378272902704101188e-01,4.727741072116063981e-01,4.666650950083325866e-01,5.365891953222430288e-01,4.386753577941320814e-01,0.000000000000000000e+00,0.000000000000000000e+00,4.902932559317411121e-01
0.000000000000000000e+00,0.000000000000000000e+00,2.926966097689575053e-01,3.887493729567003120e-01,3.391186439524899177e-01,4.009077813044676919e-01,4.666337749378963173e-01,3.406215233262904207e-01,2.687873663807253122e-01,4.948044437781400906e-01,0.000000000000000000e+00,4.806527552646169266e-01,4.774189216420713922e-01,2.827773940575951106e-01,0.000000000000000000e+00,0.000000000000000000e+00,4.831006852531427032e-01,5.070154969589875105e-01,2.443521103715118881e-01,0.000000000000000000e+00,4.506943861908959126e-01,0.000000000000000000e+00,3.197056815587250855e-01,4.921942950354485924e-01,4.741953265072819113e-01,4.769959919253707881e-01,3.788589277846111103e-01,4.871185074903234269e-01,0.000000000000000000e+00,5.098907586996410668e-01,5.097706020787943215e-01,4.398992950589992179e-01,4.683254817264057013e-01,4.934465736554112802e-01,4.597431348063562018e-01,3.084165913037251738e-01,3.789700928806777891e-01,4.678033742734474254e-01,4.924354309926430862e-01,0.000000000000000000e+00,5.506496588758832411e-01,0.000000000000000000e+00,5.043201533742008857e-01,0.000000000000000000e+00,0.000000000000000000e+00,0.000000000000000000e+00,0.000000000000000000e+00,3.707924719438521199e-01,0.000000000000000000e+00,5.142333403840354533e-01,5.362766065234537693e-01,5.575197853904818590e-01,5.112774650914156949e-01,5.609837986993232439e-01,0.000000000000000000e+00,2.933116001978084975e-01,0.000000000000000000e+00,5.365179473464550819e-01,5.223872678942551584e-01,0.000000000000000000e+00,0.000000000000000000e+00,0.000000000000000000e+00,0.000000000000000000e+00,3.634636487518069781e-01,0.000000000000000000e+00,0.000000000000000000e+00,0.000000000000000000e+00,5.610022927125283276e-01,0.000000000000000000e+00,0.000000000000000000e+00,0.000000000000000000e+00,5.646660848339059013e-01,5.354512382445741903e-01,4.943604279403969737e-01,0.000000000000000000e+00,0.000000000000000000e+00
3.561161422245410213e-01,3.782174140930923967e-01,4.923027046085787783e-01,0.000000000000000000e+00,4.472195856669001768e-01,4.518757071648693002e-01,4.275993020265519973e-01,4.800725239692307800e-01,4.921944840469275051e-01,2.879061352357447090e-01,4.806527552646169266e-01,0.000000000000000000e+00,4.189943289959848771e-01,0.000000000000000000e+00,4.444852311293808200e-01,3.838870890434676886e-01,3.584143939309963889e-01,3.632132045472771242e-01,4.834233531639093862e-01,4.664622090237460772e-01,4.529821359936597180e-01,4.619150341513493241e-01,4.670528832291004906e-01,2.742314809837946843e-01,3.256171390373839847e-01,3.127331547692613900e-01,4.470168040560006939e-01,4.015063838173050792e-01,4.435557158126253174e-01,0.000000000000000000e+00,3.738739028335851255e-01,3.080096373580061275e-01,3.208553174612117087e-01,3.154013977022230852e-01,3.575480488801747736e-01,3.448545700703137817e-01,3.487720161054523871e-01,2.542124392878882810e-01,2.779579293508721016e-01,5.062399808606929952e-01,3.773519600192328793e-01,2.849596251658654822e-01,3.397280573844910223e-01,0.000000000000000000e+00,4.283740737089289929e-01,0.000000000000000000e+00,0.000000000000000000e+00,0.000000000000000000e+00,0.000000000000000000e+00,0.000000000000000000e+00,0.000000000000000000e+00,0.000000000000000000e+00,0.000000000000000000e+00,0.000000000000000000e+00,4.883876792108449161e-01,0.000000000000000000e+00,4.752873293098611729e-01,4.743633342394478203e-01,0.000000000000000000e+00,0.000000000000000000e+00,4.654526054625586218e-01,4.929208397047695200e-01,4.726993117593047966e-01,0.000000000000000000e+00,0.000000000000000000e+00,0.000000000000000000e+00,0.000000000000000000e+00,0.000000000000000000e+00,4.252812582700616906e-01,4.660124497874206795e-01,4.619443035865736791e-01,0.000000000000000000e+00,4.744608502189873178e-01,0.000000000000000000e+00,0.000000000000000000e+00,4.876510959961560809e-01
4.601232211059609889e-01,4.509670543910039853e-01,4.806131422794012176e-01,3.604719320970494190e-01,4.345181949903609842e-01,3.790256667554556813e-01,3.427179725500266727e-01,4.627348146237489912e-01,4.324328428655356826e-01,4.435348336690799753e-01,4.774189216420713922e-01,4.189943289959848771e-01,0.000000000000000000e+00,4.163795715513480267e-01,4.310554229906685131e-01,4.806151178993757211e-01,4.455690330171794833e-01,4.674131605575532200e-01,4.856266913841889021e-01,4.519400869635145090e-01,4.539358080756156766e-01,4.798649414778041744e-01,4.388034395277661259e-01,4.395724644905166234e-01,4.581376298061035079e-01,4.499752939124753159e-01,4.332862714980141861e-01,3.504968164072911896e-01,4.192095995869736802e-01,4.299890884485487730e-01,4.210423469714856259e-01,4.476920898819041206e-01,4.230635392942673212e-01,4.325675319170976807e-01,3.997784720771008771e-01,4.207428951506712034e-01,4.112557840070292792e-01,4.090760298539546924e-01,4.703144110645987030e-01,5.182853445433310835e-01,4.969861449095300809e-01,4.600215758606632233e-01,5.067643370718292184e-01,0.000000000000000000e+00,0.000000000000000000e+00,0.000000000000000000e+00,4.796196828378441745e-01,5.510667529169839263e-01,0.000000000000000000e+00,5.438730965463964839e-01,5.250544942659635117e-01,5.419232203586679120e-01,5.122019522283397519e-01,5.424767387219766590e-01,4.320105984220861117e-01,5.089511060037932300e-01,4.871984507387034924e-01,5.349850953850303625e-01,0.000000000000000000e+00,5.009308973710112634e-01,4.660354554657781256e-01,0.000000000000000000e+00,4.776099216185257790e-01,5.495556342656467974e-01,5.005392540705739801e-01,4.828962084476062233e-01,4.900646550911377242e-01,5.317606110824081300e-01,0.000000000000000000e+00,4.709055413756201847e-01,4.859586133877017988e-01,5.300784315484589060e-01,5.381823143690278588e-01,5.209548127106858884e-01,5.380530951915509785e-01,5.228247348385194337e-01
0.000000000000000000e+00,0.000000000000000000e+00,4.070266328740927975e-01,3.639716168142819730e-01,3.263532017613082759e-01,3.970609433415365763e-01,3.428710363499276048e-01,3.603482822604298086e-01,4.061229655805472238e-01,4.738302655703168220e-01,2.827773940575951106e-01,0.000000000000000000e+00,4.163795715513480267e-01,0.000000000000000000e+00,0.000000000000000000e+00,0.000000000000000000e+00,0.000000000000000000e+00,0.000000000000000000e+00,3.710378966392632871e-01,0.000000000000000000e+00,4.515728982432670735e-01,0.000000000000000000e+00,3.382888762694573059e-01,0.000000000000000000e+00,0.000000000000000000e+00,0.000000000000000000e+00,4.024089095580931086e-01,3.712821625801928094e-01,0.000000000000000000e+00,0.000000000000000000e+00,4.490209310467476733e-01,2.969184565262635855e-01,0.000000000000000000e+00,4.596859090752368204e-01,0.000000000000000000e+00,2.675979615536783762e-01,2.176632599361854881e-01,0.000000000000000000e+00,4.742092556289765892e-01,0.000000000000000000e+00,0.000000000000000000e+00,0.000000000000000000e+00,5.039464711087642268e-01,0.000000000000000000e+00,0.000000000000000000e+00,0.000000000000000000e+00,0.000000000000000000e+00,5.567871873768305280e-01,0.000000000000000000e+00,5.020509034416174021e-01,5.714849723548046656e-01,0.000000000000000000e+00,4.553063339511060903e-01,5.459912406832079235e-01,0.000000000000000000e+00,4.890398962725022725e-01,0.000000000000000000e+00,0.000000000000000000e+00,0.000000000000000000e+00,0.000000000000000000e+00,0.000000000000000000e+00,0.000000000000000000e+00,0.000000000000000000e+00,5.407462539356009401e-01,0.000000000000000000e+00,0.000000000000000000e+00,0.000000000000000000e+00,5.311118650795466634e-01,0.000000000000000000e+00,0.000000000000000000e+00,0.000000000000000000e+00,5.749609784683119562e-01,0.000000000000000000e+00,0.000000000000000000e+00,0.000000000000000000e+00,0.000000000000000000e+00
4.256685516847146245e-01,4.225287104744501754e-01,4.192640185356140137e-01,0.000000000000000000e+00,0.000000000000000000e+00,3.865730835227986217e-01,4.331259832277293276e-01,4.010008650196539848e-01,0.000000000000000000e+00,0.000000000000000000e+00,0.000000000000000000e+00,4.444852311293808200e-01,4.310554229906685131e-01,0.000000000000000000e+00,0.000000000000000000e+00,4.438043667653325253e-01,0.000000000000000000e+00,4.391747205375534091e-01,0.000000000000000000e+00,3.455485647366285940e-01,3.868425676642853195e-01,3.948256729601761217e-01,3.436030936363926869e-01,4.434724890769984884e-01,4.258501256716663019e-01,3.984991092317305972e-01,3.756301023653247917e-01,4.058879250535957772e-01,3.955054114714041114e-01,0.000000000000000000e+00,4.307086245565391880e-01,4.415892233962975255e-01,4.226588370948556883e-01,4.452748400084494129e-01,4.982516352218859246e-01,5.110982596131659061e-01,4.684532411364232263e-01,0.000000000000000000e+00,4.964724920073718128e-01,4.747146468709325107e-01,4.895207389887590854e-01,5.188777433087760071e-01,4.185356204617561859e-01,0.000000000000000000e+00,0.000000000000000000e+00,5.195177170926237320e-01,5.221260916785882555e-01,0.000000000000000000e+00,0.000000000000000000e+00,0.000000000000000000e+00,4.758443891854277075e-01,4.986509830599160087e-01,4.727520142274246884e-01,0.000000000000000000e+00,0.000000000000000000e+00,0.000000000000000000e+00,0.000000000000000000e+00,4.927132690262727155e-01,0.000000000000000000e+00,5.039950216212266687e-01,4.784348840916248236e-01,0.000000000000000000e+00,4.695320153835760846e-01,0.000000000000000000e+00,4.566121810575036744e-01,4.821648100018797178e-01,5.059066694042525514e-01,4.770289406684772859e-01,0.000000000000000000e+00,4.583112421929699809e-01,5.418266227916737066e-01,4.819796890443924231e-01,4.881655926731094941e-01,4.820636248057799111e-01,5.059904655858834532e-01,4.877911336524892172e-01
4.225997017597898919e-01,4.209707112831794773e-01,0.000000000000000000e+00,0.000000000000000000e+00,4.602034678815113966e-01,4.511260552617197273e-01,4.776686350437924777e-01,4.765940979132153865e-01,4.543539963208900190e-01,3.968551659757478811e-01,0.000000000000000000e+00,3.838870890434676886e-01,4.806151178993757211e-01,0.000000000000000000e+00,4.438043667653325253e-01,0.000000000000000000e+00,4.085275377831907861e-01,3.719711403917226877e-01,0.000000000000000000e+00,4.315185095083539091e-01,4.494212916918831069e-01,3.970229714752115946e-01,4.529512324945704216e-01,3.916890760411491090e-01,4.092736769414980769e-01,4.396787091157937089e-01,4.461274215286856748e-01,4.691190984641492867e-01,4.603067517962762811e-01,0.000000000000000000e+00,4.095904407989036100e-01,4.796094076965626840e-01,4.240760998271554949e-01,4.264704587479608011e-01,4.654169714288153847e-01,4.550172997681191100e-01,0.000000000000000000e+00,0.000000000000000000e+00,4.800108882390897724e-01,4.646897819519997253e-01,4.622940686047435910e-01,4.831409505774560964e-01,0.000000000000000000e+00,0.000000000000000000e+00,0.000000000000000000e+00,4.649442758612197246e-01,4.866351639504630233e-01,0.000000000000000000e+00,0.000000000000000000e+00,0.000000000000000000e+00,4.610757088099763923e-01,0.000000000000000000e+00,0.000000000000000000e+00,0.000000000000000000e+00,4.498138925694530887e-01,0.000000000000000000e+00,0.000000000000000000e+00,0.000000000000000000e+00,0.000000000000000000e+00,5.020240057872507045e-01,4.784406517436681217e-01,4.639249163820017841e-01,4.785714457104227049e-01,0.000000000000000000e+00,4.796228104998945807e-01,5.106514184436037329e-01,4.719430184644947124e-01,5.197436858991995035e-01,4.539072846131896877e-01,4.801178774072061839e-01,4.885177742488149844e-01,4.747488021034506067e-01,0.000000000000000000e+00,4.791927825226329762e-01,0.000000000000000000e+00,4.624531282465053073e-01
3.792507960779610832e-01,3.749780328325674206e-01,0.000000000000000000e+00,0.000000000000000000e+00,4.915605041032525269e-01,4.852037803051104103e-01,4.607877703383200796e-01,0.000000000000000000e+00,4.982569033432461270e-01,3.389516784720059128e-01,4.831006852531427032e-01,3.584143939309963889e-01,4.455690330171794833e-01,0.000000000000000000e+00,0.000000000000000000e+00,4.085275377831907861e-01,0.000000000000000000e+00,3.519236105088444089e-01,0.000000000000000000e+00,0.000000000000000000e+00,0.000000000000000000e+00,4.206760552763468830e-01,0.000000000000000000e+00,3.623051763853050167e-01,2.918406643736237149e-01,3.503868579174174158e-01,0.000000000000000000e+00,4.295978835815830732e-01,4.540030399279593176e-01,0.000000000000000000e+00,3.624463016818303962e-01,4.647295141001853147e-01,3.483047896394548260e-01,3.823284831792745919e-01,4.015633430034709073e-01,4.798756595434451877e-01,0.000000000000000000e+00,3.381386302444943093e-01,0.000000000000000000e+00,4.763270188807601224e-01,4.698246525114049277e-01,5.085639334803183642e-01,0.000000000000000000e+00,0.000000000000000000e+00,5.309977609013437627e-01,4.399144649505615234e-01,0.000000000000000000e+00,0.000000000000000000e+00,0.000000000000000000e+00,0.000000000000000000e+00,0.000000000000000000e+00,0.000000000000000000e+00,0.000000000000000000e+00,0.000000000000000000e+00,4.915058189283644796e-01,0.000000000000000000e+00,4.888738003208659144e-01,0.000000000000000000e+00,0.000000000000000000e+00,0.000000000000000000e+00,4.598731020479898124e-01,5.045146649715571696e-01,4.799288320993487234e-01,0.000000000000000000e+00,0.000000000000000000e+00,0.000000000000000000e+00,0.000000000000000000e+00,0.000000000000000000e+00,4.393351540905410801e-01,4.808585852188925758e-01,4.755141537372504223e-01,0.000000000000000000e+00,0.000000000000000000e+00,0.000000000000000000e+00,0.000000000000000000e+00,4.907024963001409001e-01
4.014334596710121827e-01,4.204795105784995268e-01,4.832177553562094774e-01,0.000000000000000000e+00,4.907907119553068243e-01,4.467696181705588243e-01,4.637558916930106800e-01,4.737568153899254786e-01,5.078783929692807231e-01,3.566918170569944868e-01,5.070154969589875105e-01,3.632132045472771242e-01,4.674131605575532200e-01,0.000000000000000000e+00,4.391747205375534091e-01,3.719711403917226877e-01,3.519236105088444089e-01,0.000000000000000000e+00,5.043251756075518566e-01,4.323345462079388191e-01,4.470184029685260740e-01,4.278289959770059103e-01,4.577244713537956811e-01,3.653738477274258156e-01,3.441440187797886185e-01,3.756783865419957014e-01,4.529050990047034930e-01,4.477177583114461124e-01,4.628014899571141760e-01,0.000000000000000000e+00,3.966996957896711806e-01,4.777130691139502838e-01,3.887707772824995911e-01,4.108621644902116232e-01,4.364147520804754765e-01,4.254604966190291271e-01,0.000000000000000000e+00,3.388501518267609258e-01,4.780821554215332059e-01,4.509979700929778179e-01,4.602164330826887251e-01,4.780552010377694949e-01,0.000000000000000000e+00,0.000000000000000000e+00,0.000000000000000000e+00,4.370058844414906885e-01,4.881130767719505936e-01,0.000000000000000000e+00,0.000000000000000000e+00,0.000000000000000000e+00,0.000000000000000000e+00,0.000000000000000000e+00,0.000000000000000000e+00,0.000000000000000000e+00,4.663802040161412754e-01,0.000000000000000000e+00,4.534300198673102966e-01,0.000000000000000000e+00,0.000000000000000000e+00,0.000000000000000000e+00,4.770610742409328031e-01,4.792652016132434856e-01,4.726289702234324763e-01,0.000000000000000000e+00,4.667786741920750826e-01,0.000000000000000000e+00,4.587247168348779769e-01,0.000000000000000000e+00,4.304823817929686047e-01,4.696499373147178247e-01,4.704966472808221889e-01,4.687619527710414902e-01,0.000000000000000000e+00,4.784103645576701092e-01,0.000000000000000000e+00,4.619176524294371089e-01
0.000000000000000000e+00,0.000000000000000000e+00,2.877039359664402829e-01,4.377953794487738914e-01,3.814616657840840253e-01,4.208428935031460760e-01,4.754093737271145037e-01,4.393524047829023838e-01,2.508715023585912918e-01,4.982026194564985744e-01,2.443521103715118881e-01,4.834233531639093862e-01,4.856266913841889021e-01,3.710378966392632871e-01,0.000000000000000000e+00,0.000000000000000000e+00,0.000000000000000000e+00,5.043251756075518566e-01,0.000000000000000000e+00,0.000000000000000000e+00,0.000000000000000000e+00,0.000000000000000000e+00,3.391528322531411899e-01,4.956878029854038803e-01,0.000000000000000000e+00,4.774006630288554209e-01,3.804581854946830766e-01,4.977592384568340078e-01,0.000000000000000000e+00,0.000000000000000000e+00,5.129019882805694319e-01,4.679118250521165923e-01,4.904106710724019935e-01,5.049998958242544189e-01,4.812222309242233931e-01,4.219875495915922925e-01,4.757132603292110740e-01,4.869063531390280253e-01,5.001088271901624749e-01,0.000000000000000000e+00,5.655684667302824931e-01,0.000000000000000000e+00,5.194141142045954895e-01,0.000000000000000000e+00,0.000000000000000000e+00,0.000000000000000000e+00,0.000000000000000000e+00,3.975011290525882757e-01,0.000000000000000000e+00,5.342889897611216021e-01,5.626392191028446454e-01,5.646382955820040683e-01,5.480218479548559785e-01,5.769877700179578683e-01,0.000000000000000000e+00,2.778700956778962783e-01,0.000000000000000000e+00,5.523496243208374512e-01,5.454511745536878564e-01,0.000000000000000000e+00,0.000000000000000000e+00,0.000000000000000000e+00,0.000000000000000000e+00,5.603637422924115929e-01,0.000000000000000000e+00,0.000000000000000000e+00,0.000000000000000000e+00,5.774605534628833858e-01,0.000000000000000000e+00,0.000000000000000000e+00,0.000000000000000000e+00,5.718295629401839442e-01,5.517294360903808315e-01,5.334645457456889117e-01,5.798930909082452567e-01,5.760455126623955646e-01
4.644891862959005246e-01,4.487670215493124726e-01,4.104019298284843908e-01,0.000000000000000000e+00,4.281837913412395724e-01,4.122012488052659851e-01,4.549224977233710110e-01,4.212527380623222184e-01,4.356169691069073924e-01,4.267921755266023132e-01,0.000000000000000000e+00,4.664622090237460772e-01,4.519400869635145090e-01,0.000000000000000000e+00,3.455485647366285940e-01,4.315185095083539091e-01,0.000000000000000000e+00,4.323345462079388191e-01,0.000000000000000000e+00,0.000000000000000000e+00,4.200350174970732264e-01,4.182996259478836132e-01,2.957892537008325884e-01,4.637185420994375251e-01,4.285064956760509802e-01,4.624671580487558220e-01,3.752004361947831046e-01,4.149180291232169027e-01,3.719621035801152775e-01,3.855588194327260187e-01,4.048315372301133919e-01,4.478115737546031760e-01,3.983210213333879257e-01,4.365908444415292911e-01,4.888494501239394885e-01,5.127365825859435677e-01,4.693805451437226273e-01,0.000000000000000000e+00,4.782464690693499776e-01,4.347689521676023072e-01,4.848140046903889888e-01,4.964212019190474834e-01,0.000000000000000000e+00,0.000000000000000000e+00,3.983042782554658823e-01,4.444560928501993802e-01,4.724287005693038055e-01,0.000000000000000000e+00,0.000000000000000000e+00,0.000000000000000000e+00,4.878528659200073725e-01,5.089141878473167901e-01,4.932933552510815889e-01,0.000000000000000000e+00,0.000000000000000000e+00,0.000000000000000000e+00,3.831276783054116120e-01,4.957370163595916090e-01,0.000000000000000000e+00,4.899764685711363033e-01,4.633248793914543917e-01,0.000000000000000000e+00,4.632803103537775913e-01,0.000000000000000000e+00,4.861544445873928755e-01,4.758881562365034901e-01,4.959464024872253796e-01,4.944117753512791147e-01,0.000000000000000000e+00,4.533277370308851917e-01,5.003505665190914886e-01,4.938245353013729910e-01,5.080971101435092230e-01,4.953480523227071219e-01,5.109079708038429812e-01,4.896880963820890997e-01
4.650619862692775830e-01,4.564020026821007936e-01,4.063143484576737241e-01,0.000000000000000000e+00,0.000000000000000000e+00,4.067516691853710897e-01,4.472067784782258193e-01,4.282961065382051014e-01,4.140575405798714859e-01,4.683703774589144109e-01,4.506943861908959126e-01,4.529821359936597180e-01,4.539358080756156766e-01,4.515728982432670735e-01,3.868425676642853195e-01,4.494212916918831069e-01,0.000000000000000000e+00,4.470184029685260740e-01,0.000000000000000000e+00,4.200350174970732264e-01,0.000000000000000000e+00,4.664187391721367759e-01,3.933751642585894270e-01,4.745508817128967771e-01,4.431346671692116823e-01,4.190150111354570828e-01,4.111251829351219023e-01,4.464301197837061141e-01,4.182095760924904870e-01,4.375522574636105944e-01,4.242187043988701056e-01,4.419227561679939242e-01,4.356510517273040062e-01,4.421784218846170900e-01,4.850528521007037019e-01,0.000000000000000000e+00,0.000000000000000000e+00,4.913689206340888793e-01,4.621967129338733771e-01,4.254482612146017750e-01,4.421683621723974111e-01,4.743997011449466172e-01,0.000000000000000000e+00,0.000000000000000000e+00,0.000000000000000000e+00,4.235357356115357907e-01,4.814946874052553061e-01,0.000000000000000000e+00,0.000000000000000000e+00,0.000000000000000000e+00,4.497933355078584938e-01,0.000000000000000000e+00,4.198033105592270942e-01,0.000000000000000000e+00,0.000000000000000000e+00,0.000000000000000000e+00,0.000000000000000000e+00,4.912283440405739166e-01,4.436908662319182794e-01,4.596408380288640738e-01,4.680218873414929148e-01,0.000000000000000000e+00,0.000000000000000000e+00,0.000000000000000000e+00,4.671943122182676267e-01,3.910801168211535117e-01,4.789185517188058183e-01,4.537538661776617799e-01,0.000000000000000000e+00,4.680744408963387060e-01,5.165507618829096037e-01,4.633083175024341194e-01,4.834055462434987960e-01,4.737609887377399742e-01,4.965242577083511799e-01,4.404836453361827275e-01
