0.000000000000000000e+00,4.421039247852274756e-01,0.000000000000000000e+00,0.000000000000000000e+00,0.000000000000000000e+00,4.299146283594096896e-01,0.000000000000000000e+00,5.867604903342807932e-01,0.000000000000000000e+00,4.311719823386320205e-01,0.000000000000000000e+00,4.172737162683167189e-01,4.977717127327154767e-01,5.378265976905822754e-01,4.385038108857072237e-01,4.501330130168039734e-01,4.605861366175277860e-01,4.439445065901920784e-01,0.000000000000000000e+00,4.880079692954092940e-01,5.026819108181934670e-01,4.563110188488890273e-01,5.436332932172152077e-01,3.950828743451288982e-01,4.181945808485577065e-01,4.100380042917091128e-01,5.125508764042000509e-01,5.195417046814756468e-01,5.340476853756017661e-01,5.507132759123437582e-01,4.008692701019420102e-01,4.784613092707217796e-01,3.824703059917659020e-01,4.165540228038052128e-01,4.609473242016480232e-01,0.000000000000000000e+00,0.000000000000000000e+00,4.667912808938747271e-01,5.198402858931735482e-01,5.010938495288347339e-01,4.802700953274895990e-01,5.536050242471012295e-01,0.000000000000000000e+00,0.000000000000000000e+00,0.000000000000000000e+00,4.068593347888562750e-01,5.187006710904743523e-01,0.000000000000000000e+00,0.000000000000000000e+00,0.000000000000000000e+00,4.621923246771971749e-01,0.000000000000000000e+00,0.000000000000000000e+00,0.000000000000000000e+00,0.000000000000000000e+00,0.000000000000000000e+00,0.000000000000000000e+00,0.000000000000000000e+00,0.000000000000000000e+00,4.934694417654362786e-01,5.159449884393173535e-01,0.000000000000000000e+00,5.129462471417683966e-01,0.000000000000000000e+00,0.000000000000000000e+00,4.324719439269081867e-01,5.081955591514490944e-01,5.404280007444073330e-01,3.712716096662511123e-01,5.161116181457172658e-01,5.142756212922022785e-01,5.358851532663040373e-01,0.000000000000000000e+00,0.000000000000000000e+00,0.000000000000000000e+00,4.711304407336895927e-01
4.421039247852274756e-01,0.000000000000000000e+00,4.631725563440832749e-01,0.000000000000000000e+00,4.748580073199442086e-01,4.616786802811250756e-01,5.166581969740534630e-01,5.614748620410011659e-01,4.581279671462875069e-01,0.000000000000000000e+00,0.000000000000000000e+00,0.000000000000000000e+00,5.188299930664105331e-01,0.000000000000000000e+00,4.869830446590230899e-01,4.474354850765351888e-01,4.448069760642930914e-01,4.407858464784440988e-01,0.000000000000000000e+00,4.913303564601179119e-01,4.714448957006189822e-01,4.657601496705012778e-01,4.861380800692123860e-01,3.936852384181673825e-01,4.049774554784926761e-01,4.421744416670733147e-01,4.789281174663967966e-01,5.161938593679755716e-01,4.969827817996814168e-01,4.909570499955950851e-01,4.092020823419493247e-01,4.759737386772782131e-01,3.811092571478015834e-01,4.229130105941025231e-01,4.779735228134359137e-01,0.000000000000000000e+00,0.000000000000000000e+00,0.000000000000000000e+00,4.914934646802968099e-01,4.720850154664573139e-01,4.768345964975083118e-01,4.868750138221423773e-01,0.000000000000000000e+00,0.000000000000000000e+00,0.000000000000000000e+00,4.968101908963852842e-01,5.009256791795658748e-01,5.153216673193194985e-01,0.000000000000000000e+00,0.000000000000000000e+00,4.766508352767677148e-01,4.870491881480603080e-01,0.000000000000000000e+00,4.740737757226161087e-01,0.000000000000000000e+00,0.000000000000000000e+00,0.000000000000000000e+00,4.867291703655213797e-01,0.000000000000000000e+00,5.296522957647432639e-01,4.925969811990668079e-01,4.848052717955019242e-01,4.911032590687705035e-01,0.000000000000000000e+00,4.997473909357285082e-01,5.192604295760041566e-01,4.816791546801325041e-01,5.392024870341060039e-01,4.936642291076320799e-01,5.023525460882469762e-01,5.275999643944730977e-01,5.254920046453698257e-01,4.642454214812691271e-01,4.989013660069245848e-01,0.000000000000000000e+00,4.588736544448829835e-01
0.000000000000000000e+00,4.631725563440832749e-01,0.000000000000000000e+00,4.507421481873218894e-01,4.075759143820603114e-01,3.962423770527966904e-01,4.912912326898732918e-01,4.959101939521783908e-01,3.563546003707944165e-01,5.085790923761475124e-01,3.146982564886230960e-01,4.667527988403861738e-01,5.124490044672495026e-01,4.590040102546555922e-01,0.000000000000000000e+00,4.793607815573754927e-01,5.143485823270045332e-01,4.885307635379720903e-01,2.761013349472697942e-01,4.688615927210010859e-01,0.000000000000000000e+00,4.868002766513125912e-01,3.786024045215208855e-01,4.500192253753803051e-01,4.409157964807046137e-01,4.606753756621975726e-01,3.253039712217272728e-01,5.157437970253223591e-01,4.460134759100631840e-01,5.079507633528332899e-01,5.028933466726177581e-01,4.922331405474487109e-01,4.747047979159652042e-01,5.107268493151818634e-01,5.108048011102370722e-01,4.522882897345203990e-01,4.755605460185565736e-01,4.690677661304176738e-01,5.667347534106308427e-01,0.000000000000000000e+00,5.011626200458230151e-01,6.018830536239559992e-01,5.607316734283738224e-01,0.000000000000000000e+00,0.000000000000000000e+00,0.000000000000000000e+00,0.000000000000000000e+00,5.391275535613390124e-01,0.000000000000000000e+00,5.909047932515281154e-01,5.904686066063391525e-01,6.056657638778808472e-01,5.836128513230866011e-01,6.080687740720580603e-01,0.000000000000000000e+00,5.228766230387504876e-01,0.000000000000000000e+00,5.861896218640504364e-01,5.894498358289265161e-01,0.000000000000000000e+00,0.000000000000000000e+00,0.000000000000000000e+00,0.000000000000000000e+00,5.901863045232710325e-01,5.147780988116759104e-01,0.000000000000000000e+00,0.000000000000000000e+00,5.986153649945225030e-01,0.000000000000000000e+00,0.000000000000000000e+00,5.001797491632860027e-01,5.846769884565838904e-01,5.759794102529998128e-01,5.444368838446385084e-01,0.000000000000000000e+00,5.812178496300006714e-01
0.000000000000000000e+00,0.000000000000000000e+00,4.507421481873218894e-01,0.000000000000000000e+00,3.220442695319106763e-01,4.946327534490879141e-01,3.426791111758549779e-01,4.285103737644200272e-01,4.554126919876255175e-01,0.000000000000000000e+00,3.902225433264078780e-01,0.000000000000000000e+00,4.020349870288393856e-01,3.087221425793796881e-01,0.000000000000000000e+00,0.000000000000000000e+00,0.000000000000000000e+00,0.000000000000000000e+00,4.144132503277738189e-01,0.000000000000000000e+00,0.000000000000000000e+00,0.000000000000000000e+00,4.512079631598964746e-01,0.000000000000000000e+00,0.000000000000000000e+00,0.000000000000000000e+00,4.909875125296880860e-01,3.129201397398900797e-01,0.000000000000000000e+00,0.000000000000000000e+00,0.000000000000000000e+00,3.894869983067605901e-01,0.000000000000000000e+00,4.801046353644730091e-01,4.631882151537988213e-01,2.208216292860988028e-01,1.764402695986765079e-01,0.000000000000000000e+00,0.000000000000000000e+00,0.000000000000000000e+00,0.000000000000000000e+00,0.000000000000000000e+00,0.000000000000000000e+00,0.000000000000000000e+00,0.000000000000000000e+00,0.000000000000000000e+00,0.000000000000000000e+00,0.000000000000000000e+00,0.000000000000000000e+00,0.000000000000000000e+00,0.000000000000000000e+00,0.000000000000000000e+00,0.000000000000000000e+00,0.000000000000000000e+00,0.000000000000000000e+00,0.000000000000000000e+00,0.000000000000000000e+00,0.000000000000000000e+00,0.000000000000000000e+00,0.000000000000000000e+00,0.000000000000000000e+00,0.000000000000000000e+00,0.000000000000000000e+00,0.000000000000000000e+00,0.000000000000000000e+00,0.000000000000000000e+00,0.000000000000000000e+00,0.000000000000000000e+00,0.000000000000000000e+00,0.000000000000000000e+00,0.000000000000000000e+00,0.000000000000000000e+00,0.000000000000000000e+00,0.000000000000000000e+00,0.000000000000000000e+00,0.000000000000000000e+00
0.000000000000000000e+00,4.748580073199442086e-01,4.075759143820603114e-01,3.220442695319106763e-01,0.000000000000000000e+00,4.114869226214705189e-01,3.933501249581943804e-01,4.706800448895829825e-01,3.492946037916939139e-01,5.018323915498839050e-01,3.703848839665617176e-01,4.787039088833471845e-01,4.601116842213046065e-01,3.408331760496685070e-01,0.000000000000000000e+00,4.983892210900079944e-01,5.050476370362646517e-01,4.963063662823822830e-01,3.945628948906942934e-01,4.823566280241211035e-01,0.000000000000000000e+00,5.020023184346777967e-01,4.566532329130956747e-01,4.628030668594381170e-01,4.986245817512088840e-01,4.714584210581633794e-01,4.237743251148525236e-01,4.405721704189811128e-01,4.479069764203995052e-01,5.003296689577618750e-01,5.018771947196734029e-01,4.541018378451239235e-01,4.490034224269718877e-01,5.034286562375543950e-01,4.688203491737156225e-01,3.024531994373609867e-01,3.340423387491808782e-01,4.535901450299236193e-01,5.275219599367731993e-01,0.000000000000000000e+00,5.780325832557006160e-01,5.909484423997010127e-01,5.493644824380112812e-01,0.000000000000000000e+00,0.000000000000000000e+00,0.000000000000000000e+00,0.000000000000000000e+00,6.025028122284189491e-01,0.000000000000000000e+00,5.832007859242184233e-01,5.822090963764171567e-01,6.007532886553174079e-01,5.422630706086006835e-01,6.101586940271543913e-01,0.000000000000000000e+00,5.777789809245760244e-01,0.000000000000000000e+00,5.859782335505665518e-01,5.737724981217329212e-01,0.000000000000000000e+00,0.000000000000000000e+00,0.000000000000000000e+00,0.000000000000000000e+00,5.927327725970311656e-01,5.171875822012711454e-01,0.000000000000000000e+00,0.000000000000000000e+00,5.939502728715362334e-01,0.000000000000000000e+00,0.000000000000000000e+00,0.000000000000000000e+00,5.758479934213983631e-01,5.622501808720978822e-01,5.484044853677693121e-01,0.000000000000000000e+00,5.699213014817321454e-01
4.299146283594096896e-01,4.616786802811250756e-01,3.962423770527966904e-01,4.946327534490879141e-01,4.114869226214705189e-01,0.000000000000000000e+00,4.573612951393210002e-01,4.468910950856728181e-01,3.520672201687573000e-01,5.107791023865203561e-01,4.212597256919903277e-01,4.692071324928480114e-01,4.124003805113469201e-01,0.000000000000000000e+00,4.704606647908174955e-01,4.737027471254449118e-01,4.917161871615017832e-01,4.458629847289983794e-01,4.178601983051851154e-01,4.636480061795738017e-01,4.828033846331037937e-01,4.777488834997580258e-01,4.070994725429891159e-01,4.615625475163354086e-01,4.177232335316010126e-01,4.213554451731760797e-01,3.840212552674950874e-01,4.321006986212849732e-01,3.648327540499907151e-01,4.750095139139187128e-01,4.622489164046609256e-01,4.583335920064173230e-01,4.312906996821458949e-01,4.716122374655832838e-01,4.766124857547409110e-01,4.926670465460791792e-01,4.698456902595545825e-01,4.570714713845501764e-01,5.340300489485574342e-01,0.000000000000000000e+00,5.013872693363397026e-01,5.557889577594409269e-01,5.358565791471195938e-01,0.000000000000000000e+00,4.133944410407847103e-01,4.339957298903430738e-01,4.752413024800776764e-01,5.813191330973819237e-01,0.000000000000000000e+00,5.717450650134057177e-01,5.662228923102917699e-01,5.809838851206120536e-01,5.089564750134810689e-01,5.893170413086236126e-01,0.000000000000000000e+00,5.548560536971237633e-01,0.000000000000000000e+00,5.715234186398435723e-01,0.000000000000000000e+00,5.080243914902060620e-01,4.691998770625142035e-01,0.000000000000000000e+00,4.535788329287044895e-01,5.850494053012330609e-01,5.213445862497912975e-01,0.000000000000000000e+00,4.808502381500712741e-01,5.614473382938797164e-01,0.000000000000000000e+00,4.613674080175976244e-01,4.985464864373042038e-01,5.530494479470735580e-01,5.500019478809808904e-01,5.365432199222878173e-01,5.653885291182506601e-01,5.498172753301064919e-01
0.000000000000000000e+00,5.166581969740534630e-01,4.912912326898732918e-01,3.426791111758549779e-01,3.933501249581943804e-01,4.573612951393210002e-01,0.000000000000000000e+00,5.024473249306564693e-01,4.320105069666976272e-01,4.702724804637358202e-01,4.867452115797841761e-01,4.517013704746866143e-01,3.905765960807813797e-01,3.511194439934757217e-01,0.000000000000000000e+00,5.368638326266856886e-01,4.864699387422732890e-01,5.093198025653966621e-01,5.011036700243320929e-01,5.005958558874343822e-01,0.000000000000000000e+00,5.289351413292561199e-01,4.931958210706938739e-01,4.627583608117907255e-01,4.826842796046574846e-01,4.839747296009480060e-01,4.848381563535799077e-01,4.006970251140590800e-01,4.859163315065969102e-01,4.995753757284329133e-01,4.788397241086018163e-01,4.628113670837276095e-01,4.237490340546942180e-01,4.616864367585902240e-01,4.192857400731672124e-01,3.785742283489759163e-01,4.275553606871744794e-01,4.139904419666773916e-01,5.161902084023588522e-01,0.000000000000000000e+00,5.700182984146554555e-01,5.935414983178722848e-01,5.463909615665372144e-01,4.654909074306488037e-01,0.000000000000000000e+00,0.000000000000000000e+00,5.043320943155173985e-01,5.976379201305307420e-01,0.000000000000000000e+00,5.844357976249062725e-01,5.782855540294649099e-01,5.929323028562862863e-01,5.398284103847701410e-01,6.049736687531905854e-01,0.000000000000000000e+00,5.773440802012554940e-01,4.521037122528545060e-01,5.814096095601007930e-01,0.000000000000000000e+00,0.000000000000000000e+00,0.000000000000000000e+00,0.000000000000000000e+00,0.000000000000000000e+00,5.949440095963646202e-01,5.312656889764213464e-01,0.000000000000000000e+00,4.888497144608797140e-01,5.823570833146570758e-01,0.000000000000000000e+00,0.000000000000000000e+00,5.290642415982993452e-01,5.701405326883594027e-01,5.675567618572635586e-01,5.528257837427626997e-01,0.000000000000000000e+00,5.665168359811690868e-01
5.867604903342807932e-01,5.614748620410011659e-01,4.959101939521783908e-01,4.285103737644200272e-01,4.706800448895829825e-01,4.468910950856728181e-01,5.024473249306564693e-01,0.000000000000000000e+00,5.238466250165615401e-01,5.367247051583926565e-01,4.199155067886782833e-01,5.584627479193363664e-01,5.214313397344284562e-01,4.592289243579071867e-01,4.670821647661622111e-01,0.000000000000000000e+00,0.000000000000000000e+00,5.507124356916637264e-01,4.820989099263578992e-01,0.000000000000000000e+00,4.893402682890025113e-01,5.231380015273408013e-01,4.187861231868563183e-01,5.802309928705233766e-01,5.543503103996726411e-01,5.619445749389905265e-01,4.684813262017166191e-01,5.088584908421522890e-01,4.557197853112249231e-01,5.035662268104030836e-01,5.010741309788068198e-01,4.802473250244029268e-01,0.000000000000000000e+00,5.127294184095259055e-01,5.144249678905319367e-01,4.179383968974363928e-01,3.986315098452595240e-01,5.098636150360107422e-01,5.217612601826648877e-01,0.000000000000000000e+00,5.228690604650108043e-01,0.000000000000000000e+00,4.929859169452389112e-01,0.000000000000000000e+00,0.000000000000000000e+00,0.000000000000000000e+00,0.000000000000000000e+00,5.528400697116963025e-01,0.000000000000000000e+00,5.201198602143617400e-01,5.154823637802568026e-01,5.442087822758193694e-01,4.262897376010846839e-01,5.766099297065911955e-01,0.000000000000000000e+00,5.306272503709703603e-01,0.000000000000000000e+00,5.283948802503430908e-01,5.373219537545591562e-01,5.407054319694406530e-01,0.000000000000000000e+00,0.000000000000000000e+00,0.000000000000000000e+00,5.429585465079699302e-01,5.623622605038706146e-01,5.342437849200308841e-01,0.000000000000000000e+00,5.242459137793588075e-01,0.000000000000000000e+00,0.000000000000000000e+00,0.000000000000000000e+00,5.320839306454668849e-01,5.320560602649319071e-01,5.314151164154615747e-01,0.000000000000000000e+00,5.284701930578181717e-01
0.000000000000000000e+00,4.581279671462875069e-01,3.563546003707944165e-01,4.554126919876255175e-01,3.492946037916939139e-01,3.520672201687573000e-01,4.320105069666976272e-01,5.238466250165615401e-01,0.000000000000000000e+00,5.249163186507206369e-01,3.318803630310637187e-01,5.002634897856544915e-01,4.394446158870483066e-01,4.613465442959251983e-01,0.000000000000000000e+00,4.871876033066873113e-01,5.247427008557703498e-01,4.945185101804214778e-01,2.956319767301857082e-01,4.666649990289912786e-01,0.000000000000000000e+00,4.824096814097552088e-01,4.438458268297569842e-01,4.967626563754493074e-01,4.397301050980539916e-01,4.607286480433708808e-01,3.757721476993619025e-01,5.191197857872924537e-01,4.383436631236424241e-01,5.090137634250734289e-01,5.100189291452446039e-01,5.042001387265919732e-01,4.725610983374409768e-01,5.182535750035127675e-01,5.123011997487837421e-01,4.778283184491762814e-01,5.005289358008373490e-01,4.623386210373707783e-01,5.621458975936943769e-01,0.000000000000000000e+00,5.736516669438052052e-01,5.828102105642188890e-01,5.598702858192988741e-01,0.000000000000000000e+00,0.000000000000000000e+00,0.000000000000000000e+00,4.713676914721903755e-01,5.549704173674094854e-01,0.000000000000000000e+00,5.823628537563289020e-01,5.831498620183989123e-01,6.011562760897769531e-01,5.827834499147723779e-01,6.058476315599349293e-01,0.000000000000000000e+00,5.767304273479908483e-01,0.000000000000000000e+00,5.822825906726782907e-01,5.758046015992892563e-01,0.000000000000000000e+00,0.000000000000000000e+00,0.000000000000000000e+00,0.000000000000000000e+00,5.916126433781765392e-01,5.350769540244276756e-01,0.000000000000000000e+00,4.526425272418447276e-01,5.971384444860339258e-01,0.000000000000000000e+00,4.534614573404692206e-01,4.979155419221442114e-01,5.844454494672718381e-01,5.747535621431688613e-01,5.394089717494813252e-01,0.000000000000000000e+00,5.701623711507278758e-01
4.311719823386320205e-01,0.000000000000000000e+00,5.085790923761475124e-01,0.000000000000000000e+00,5.018323915498839050e-01,5.107791023865203561e-01,4.702724804637358202e-01,5.367247051583926565e-01,5.249163186507206369e-01,0.000000000000000000e+00,5.156025510549285817e-01,3.116910440219756162e-01,4.717271086127969859e-01,0.000000000000000000e+00,3.798275291919708252e-01,4.179261460148953056e-01,3.596268560105385093e-01,3.900035520772772157e-01,5.200425529267395097e-01,4.322790815385865182e-01,5.298587201419631132e-01,0.000000000000000000e+00,5.079900560427443867e-01,3.296562353637148002e-01,3.547167388790469778e-01,3.328916912530314187e-01,4.734020338923278781e-01,4.366966271388976195e-01,4.687755844886171142e-01,4.758503322821047155e-01,3.520225607672812784e-01,3.447682674720157769e-01,3.234176058393227193e-01,3.511995886243166054e-01,3.637194938679110257e-01,4.188734538375266103e-01,3.043104458557515102e-01,3.071588167620972198e-01,2.993753107137261948e-01,4.530432203432558924e-01,3.487493142704112814e-01,5.284694259054782961e-01,3.105514407909041874e-01,0.000000000000000000e+00,4.321468466115592211e-01,4.647050935753235801e-01,0.000000000000000000e+00,0.000000000000000000e+00,0.000000000000000000e+00,0.000000000000000000e+00,0.000000000000000000e+00,0.000000000000000000e+00,0.000000000000000000e+00,0.000000000000000000e+00,5.078850461205958178e-01,0.000000000000000000e+00,5.022439210060518633e-01,0.000000000000000000e+00,0.000000000000000000e+00,0.000000000000000000e+00,5.294646018300716017e-01,5.314322187991717961e-01,5.273826682572232416e-01,0.000000000000000000e+00,0.000000000000000000e+00,5.027371644973754883e-01,0.000000000000000000e+00,5.617039091734401524e-01,4.747516764746205764e-01,5.308279367122606951e-01,5.259947808204060715e-01,5.127073579443919282e-01,5.617403820537182346e-01,5.515755991884457865e-01,0.000000000000000000e+00,4.906510089978308731e-01
0.000000000000000000e+00,0.000000000000000000e+00,3.146982564886230960e-01,3.902225433264078780e-01,3.703848839665617176e-01,4.212597256919903277e-01,4.867452115797841761e-01,4.199155067886782833e-01,3.318803630310637187e-01,5.156025510549285817e-01,0.000000000000000000e+00,4.895666498940806077e-01,5.111386889990542359e-01,3.851154676739352856e-01,0.000000000000000000e+00,0.000000000000000000e+00,5.141023015615518998e-01,5.118002146982689737e-01,2.530141564864890058e-01,0.000000000000000000e+00,0.000000000000000000e+00,0.000000000000000000e+00,3.832178993526743072e-01,5.050806150365876324e-01,5.112766358628116903e-01,5.095020616883548792e-01,3.561195777870618806e-01,5.024276140032761795e-01,0.000000000000000000e+00,5.214748114976660576e-01,5.107858155969261515e-01,4.483468637990544736e-01,4.856159505154554745e-01,5.121666253356710330e-01,4.930249943925070211e-01,3.555776786373516796e-01,4.093702479953282847e-01,4.730922592066222898e-01,4.921905674606911751e-01,0.000000000000000000e+00,5.339341304286204792e-01,0.000000000000000000e+00,5.001052794305438365e-01,0.000000000000000000e+00,0.000000000000000000e+00,0.000000000000000000e+00,0.000000000000000000e+00,4.289328979345334858e-01,0.000000000000000000e+00,5.372444918830227012e-01,5.666166744057798965e-01,5.750411951120328879e-01,5.570522915559659172e-01,5.756706127503868897e-01,0.000000000000000000e+00,3.883323901350171914e-01,0.000000000000000000e+00,5.650475260702670921e-01,5.249256852934924833e-01,0.000000000000000000e+00,0.000000000000000000e+00,0.000000000000000000e+00,0.000000000000000000e+00,5.474836151752264790e-01,0.000000000000000000e+00,0.000000000000000000e+00,0.000000000000000000e+00,5.741205577001959881e-01,0.000000000000000000e+00,0.000000000000000000e+00,0.000000000000000000e+00,5.619298874256047904e-01,5.413260544975551092e-01,5.115666856196663392e-01,0.000000000000000000e+00,5.491728514916615067e-01
4.172737162683167189e-01,0.000000000000000000e+00,4.667527988403861738e-01,0.000000000000000000e+00,4.787039088833471845e-01,4.692071324928480114e-01,4.517013704746866143e-01,5.584627479193363664e-01,5.002634897856544915e-01,3.116910440219756162e-01,4.895666498940806077e-01,0.000000000000000000e+00,4.639351067700216991e-01,0.000000000000000000e+00,0.000000000000000000e+00,0.000000000000000000e+00,3.986258991797648754e-01,3.958059575139641906e-01,4.920747101767595777e-01,0.000000000000000000e+00,5.268195465754984541e-01,0.000000000000000000e+00,4.795295679452031834e-01,2.975438552138935933e-01,3.763278017563934097e-01,3.083355923336723037e-01,4.469009961628915839e-01,4.388750310875155769e-01,4.473512298551580724e-01,3.822884691065753793e-01,3.975047800692190769e-01,3.174687348741925264e-01,3.729512499913493762e-01,3.134778462584257852e-01,3.465899580615635078e-01,2.882109318499158079e-01,2.894336799317129838e-01,2.653999397065722188e-01,2.905658838069736793e-01,4.824350882471055146e-01,3.491289541871290814e-01,2.910123218905216191e-01,3.362380348287707932e-01,0.000000000000000000e+00,4.345903581462232101e-01,4.950515031814575195e-01,0.000000000000000000e+00,0.000000000000000000e+00,0.000000000000000000e+00,0.000000000000000000e+00,0.000000000000000000e+00,4.508173670861105875e-01,0.000000000000000000e+00,4.552556144988039177e-01,5.124599508452417629e-01,0.000000000000000000e+00,5.033092459570122079e-01,4.982314366747270240e-01,0.000000000000000000e+00,0.000000000000000000e+00,0.000000000000000000e+00,5.282921008770726790e-01,5.311343269292594371e-01,0.000000000000000000e+00,0.000000000000000000e+00,0.000000000000000000e+00,0.000000000000000000e+00,4.834306950048827822e-01,4.472122444895403892e-01,5.373530385293439071e-01,5.228149682950828936e-01,4.225337305537439914e-01,4.357541423133514114e-01,0.000000000000000000e+00,0.000000000000000000e+00,4.872615473666410124e-01
4.977717127327154767e-01,5.188299930664105331e-01,5.124490044672495026e-01,4.020349870288393856e-01,4.601116842213046065e-01,4.124003805113469201e-01,3.905765960807813797e-01,5.214313397344284562e-01,4.394446158870483066e-01,4.717271086127969859e-01,5.111386889990542359e-01,4.639351067700216991e-01,0.000000000000000000e+00,3.763908384193638268e-01,5.205738284564590534e-01,5.409739686132174485e-01,4.876433006957173744e-01,5.131379027294826756e-01,5.246478331041540821e-01,4.981960383675355097e-01,5.309863018994532835e-01,5.293709077999055879e-01,5.078154977158181316e-01,4.696084977562023921e-01,4.897250266864218160e-01,4.842775723614419769e-01,4.744714760464647241e-01,3.964171506052456273e-01,4.647531077418379786e-01,4.672193403836201187e-01,4.698779434972563118e-01,4.819884483005881237e-01,4.550760500015820775e-01,4.780474521408106248e-01,4.808569795661218893e-01,4.297688487646343924e-01,4.448452405233486728e-01,4.354444023904616157e-01,5.419799571212523537e-01,0.000000000000000000e+00,5.313123540228162911e-01,5.695425421233550889e-01,5.519669812023934030e-01,0.000000000000000000e+00,0.000000000000000000e+00,0.000000000000000000e+00,5.083159225955538041e-01,5.879138328698629845e-01,0.000000000000000000e+00,5.822597217683612714e-01,5.807015718949221084e-01,5.910623122230845850e-01,5.522124831220864838e-01,5.998015998214479838e-01,0.000000000000000000e+00,5.782587327113543063e-01,3.819226920604705811e-01,5.827615118025133434e-01,0.000000000000000000e+00,5.753913680374477257e-01,0.000000000000000000e+00,0.000000000000000000e+00,0.000000000000000000e+00,5.909487840487933630e-01,5.546072557604764253e-01,0.000000000000000000e+00,5.119309076339804143e-01,5.808650083372102202e-01,0.000000000000000000e+00,5.275154933180534744e-01,5.390816150137565099e-01,5.755595141731106867e-01,5.737638543820551273e-01,5.638234247369171559e-01,5.769481149973325618e-01,5.711702100768684121e-01
5.378265976905822754e-01,0.000000000000000000e+00,4.590040102546555922e-01,3.087221425793796881e-01,3.408331760496685070e-01,0.000000000000000000e+00,3.511194439934757217e-01,4.592289243579071867e-01,4.613465442959251983e-01,0.000000000000000000e+00,3.851154676739352856e-01,0.000000000000000000e+00,3.763908384193638268e-01,0.000000000000000000e+00,0.000000000000000000e+00,0.000000000000000000e+00,0.000000000000000000e+00,0.000000000000000000e+00,4.231284967938011010e-01,0.000000000000000000e+00,0.000000000000000000e+00,0.000000000000000000e+00,4.591655303143464817e-01,5.746813416481018066e-01,0.000000000000000000e+00,5.510294031537968928e-01,4.725425664870304132e-01,3.533564847267275932e-01,0.000000000000000000e+00,0.000000000000000000e+00,0.000000000000000000e+00,2.914668645562382143e-01,0.000000000000000000e+00,4.273052713902992239e-01,0.000000000000000000e+00,2.473830388488880982e-01,2.060670553260222082e-01,0.000000000000000000e+00,0.000000000000000000e+00,0.000000000000000000e+00,4.087754189968109131e-01,0.000000000000000000e+00,0.000000000000000000e+00,0.000000000000000000e+00,0.000000000000000000e+00,0.000000000000000000e+00,0.000000000000000000e+00,5.002501077572089061e-01,0.000000000000000000e+00,0.000000000000000000e+00,0.000000000000000000e+00,0.000000000000000000e+00,0.000000000000000000e+00,0.000000000000000000e+00,0.000000000000000000e+00,0.000000000000000000e+00,0.000000000000000000e+00,0.000000000000000000e+00,0.000000000000000000e+00,0.000000000000000000e+00,0.000000000000000000e+00,0.000000000000000000e+00,0.000000000000000000e+00,0.000000000000000000e+00,0.000000000000000000e+00,0.000000000000000000e+00,0.000000000000000000e+00,5.360192614449296178e-01,0.000000000000000000e+00,0.000000000000000000e+00,0.000000000000000000e+00,0.000000000000000000e+00,0.000000000000000000e+00,0.000000000000000000e+00,0.000000000000000000e+00,0.000000000000000000e+00
4.385038108857072237e-01,4.869830446590230899e-01,0.000000000000000000e+00,0.000000000000000000e+00,0.000000000000000000e+00,4.704606647908174955e-01,0.000000000000000000e+00,4.670821647661622111e-01,0.000000000000000000e+00,3.798275291919708252e-01,0.000000000000000000e+00,0.000000000000000000e+00,5.205738284564590534e-01,0.000000000000000000e+00,0.000000000000000000e+00,4.873974760883099111e-01,4.565149579735602869e-01,4.736339973818269877e-01,0.000000000000000000e+00,3.912812059718155933e-01,4.261201358488241886e-01,4.335497069525021119e-01,4.351351001036737887e-01,4.809454683132403097e-01,4.526061329183436732e-01,4.433529698165836752e-01,4.445824006030021924e-01,4.770129364166886266e-01,4.358541043851357766e-01,4.452096819877625067e-01,4.696079495102201129e-01,4.955899941723259094e-01,4.878880438775425876e-01,4.919545332251121783e-01,5.288597395021408243e-01,5.319017497319057375e-01,0.000000000000000000e+00,0.000000000000000000e+00,5.397348378984285766e-01,5.362860768285974133e-01,5.244127796961202126e-01,5.509671746908370027e-01,0.000000000000000000e+00,0.000000000000000000e+00,0.000000000000000000e+00,4.914709754165776934e-01,5.310131159227272635e-01,5.363551703291060679e-01,0.000000000000000000e+00,0.000000000000000000e+00,5.155033046836592359e-01,5.272783075328458802e-01,5.469173408783921664e-01,5.059995527311111907e-01,0.000000000000000000e+00,0.000000000000000000e+00,0.000000000000000000e+00,5.109877274714658135e-01,0.000000000000000000e+00,5.533158520556137328e-01,5.140565506342816837e-01,0.000000000000000000e+00,5.023047859621365685e-01,0.000000000000000000e+00,5.349489325758786107e-01,5.368659006223374108e-01,5.395047078158407006e-01,5.463674264671368741e-01,0.000000000000000000e+00,4.985783680218626723e-01,5.699605922980203188e-01,5.465845637279457270e-01,5.280200413635754986e-01,5.348793498087530685e-01,5.566395238460319916e-01,5.115591953795456392e-01
4.501330130168039734e-01,4.474354850765351888e-01,4.793607815573754927e-01,0.000000000000000000e+00,4.983892210900079944e-01,4.737027471254449118e-01,5.368638326266856886e-01,0.000000000000000000e+00,4.871876033066873113e-01,4.179261460148953056e-01,0.000000000000000000e+00,0.000000000000000000e+00,5.409739686132174485e-01,0.000000000000000000e+00,4.873974760883099111e-01,0.000000000000000000e+00,4.206970422940539134e-01,3.816402136335562134e-01,0.000000000000000000e+00,4.474283910944203968e-01,4.744612261458631131e-01,4.061024614594500037e-01,4.995104025507953183e-01,4.332777821117101968e-01,4.410960047621955149e-01,4.652019000452655151e-01,4.890665932045143993e-01,5.218146436886570427e-01,4.918952254267173752e-01,4.869386555521164062e-01,4.076407023177874844e-01,4.869636105890453037e-01,4.342319871531603037e-01,4.379238252633624873e-01,4.771691188684856755e-01,0.000000000000000000e+00,0.000000000000000000e+00,0.000000000000000000e+00,5.038304551193759639e-01,5.001808962996145969e-01,4.968819414051119931e-01,5.422348451645210288e-01,0.000000000000000000e+00,0.000000000000000000e+00,0.000000000000000000e+00,4.998637392476569796e-01,5.005899559408635291e-01,0.000000000000000000e+00,0.000000000000000000e+00,0.000000000000000000e+00,4.821415631984741212e-01,4.882274040565660056e-01,0.000000000000000000e+00,0.000000000000000000e+00,0.000000000000000000e+00,0.000000000000000000e+00,0.000000000000000000e+00,4.808155952223144847e-01,0.000000000000000000e+00,5.341964133216402510e-01,5.057626493520944733e-01,0.000000000000000000e+00,5.083174209395286969e-01,0.000000000000000000e+00,5.232060811190646366e-01,5.154345035552978516e-01,4.995354938924582155e-01,5.533643457006997002e-01,5.080979918733196099e-01,5.163622578026717536e-01,5.257258566829005053e-01,5.358331672950190638e-01,5.331786329620982201e-01,5.356725874033516632e-01,0.000000000000000000e+00,4.775524624069000801e-01
4.605861366175277860e-01,4.448069760642930914e-01,5.143485823270045332e-01,0.000000000000000000e+00,5.050476370362646517e-01,4.917161871615017832e-01,4.864699387422732890e-01,0.000000000000000000e+00,5.247427008557703498e-01,3.596268560105385093e-01,5.141023015615518998e-01,3.986258991797648754e-01,4.876433006957173744e-01,0.000000000000000000e+00,4.565149579735602869e-01,4.206970422940539134e-01,0.000000000000000000e+00,3.662450767072414903e-01,5.210434716449735548e-01,4.465356216736225958e-01,0.000000000000000000e+00,4.409959422631113957e-01,5.102120366500746407e-01,4.061586479427259921e-01,3.474007488820307077e-01,4.090300998466359084e-01,4.771276985914719160e-01,4.565245472627271206e-01,4.596156063401953817e-01,0.000000000000000000e+00,3.840659691292684919e-01,4.772404314423744909e-01,3.825628911405594135e-01,4.101043115978940112e-01,4.375756242570866816e-01,4.823474573747386085e-01,0.000000000000000000e+00,3.680021552457984901e-01,0.000000000000000000e+00,4.901966370986874932e-01,5.169646311770812463e-01,0.000000000000000000e+00,0.000000000000000000e+00,0.000000000000000000e+00,0.000000000000000000e+00,5.508436539405966448e-01,0.000000000000000000e+00,0.000000000000000000e+00,0.000000000000000000e+00,0.000000000000000000e+00,0.000000000000000000e+00,0.000000000000000000e+00,0.000000000000000000e+00,0.000000000000000000e+00,5.268330733326862525e-01,0.000000000000000000e+00,5.340251424211552855e-01,0.000000000000000000e+00,0.000000000000000000e+00,0.000000000000000000e+00,0.000000000000000000e+00,5.258316589601408353e-01,5.242454462030466944e-01,0.000000000000000000e+00,0.000000000000000000e+00,0.000000000000000000e+00,0.000000000000000000e+00,5.626336094803080501e-01,5.112780039358008066e-01,5.277386973733777520e-01,5.313884220001657832e-01,0.000000000000000000e+00,0.000000000000000000e+00,0.000000000000000000e+00,0.000000000000000000e+00,0.000000000000000000e+00
4.439445065901920784e-01,4.407858464784440988e-01,4.885307635379720903e-01,0.000000000000000000e+00,4.963063662823822830e-01,4.458629847289983794e-01,5.093198025653966621e-01,5.507124356916637264e-01,4.945185101804214778e-01,3.900035520772772157e-01,5.118002146982689737e-01,3.958059575139641906e-01,5.131379027294826756e-01,0.000000000000000000e+00,4.736339973818269877e-01,3.816402136335562134e-01,3.662450767072414903e-01,0.000000000000000000e+00,5.542389634595786818e-01,4.718820072621721096e-01,4.825646142361403879e-01,4.535627203914943117e-01,4.937584643768059833e-01,4.214985306766648732e-01,4.012607889260481064e-01,4.217027144526924731e-01,4.733087720850016056e-01,4.915524501870885965e-01,4.981166748294051927e-01,4.966731795787132087e-01,4.105998567201831762e-01,4.808227535419707932e-01,3.963427522618547805e-01,4.324668211368969950e-01,4.668811547365561143e-01,4.989564560764361834e-01,0.000000000000000000e+00,3.646710838816252798e-01,5.224712618204463421e-01,5.025571363805327874e-01,4.994055547045012089e-01,5.332932899020025319e-01,0.000000000000000000e+00,0.000000000000000000e+00,0.000000000000000000e+00,4.888406310796314935e-01,4.943973283525883167e-01,0.000000000000000000e+00,0.000000000000000000e+00,0.000000000000000000e+00,4.770246007932614773e-01,0.000000000000000000e+00,0.000000000000000000e+00,0.000000000000000000e+00,5.196630046583319285e-01,0.000000000000000000e+00,5.170549511219436623e-01,0.000000000000000000e+00,0.000000000000000000e+00,5.207175373895219783e-01,5.087000793739927529e-01,5.187209228131781646e-01,5.107667660524781716e-01,0.000000000000000000e+00,5.163223727470950264e-01,0.000000000000000000e+00,4.979496213248205128e-01,5.549040820618960090e-01,5.101655489596208515e-01,5.157665481653725958e-01,5.223511692321279876e-01,5.575238564338156344e-01,0.000000000000000000e+00,5.163319539913709955e-01,0.000000000000000000e+00,4.857813965853904903e-01
0.000000000000000000e+00,0.000000000000000000e+00,2.761013349472697942e-01,4.144132503277738189e-01,3.945628948906942934e-01,4.178601983051851154e-01,5.011036700243320929e-01,4.820989099263578992e-01,2.956319767301857082e-01,5.200425529267395097e-01,2.530141564864890058e-01,4.920747101767595777e-01,5.246478331041540821e-01,4.231284967938011010e-01,0.000000000000000000e+00,0.000000000000000000e+00,5.210434716449735548e-01,5.542389634595786818e-01,0.000000000000000000e+00,0.000000000000000000e+00,0.000000000000000000e+00,0.000000000000000000e+00,3.802597708909887797e-01,4.926503635581309104e-01,5.135838709460116558e-01,4.797468580488881140e-01,3.754758310284019851e-01,5.206300259292805377e-01,0.000000000000000000e+00,5.282566509506767538e-01,5.127656082939223703e-01,4.873697600424413134e-01,4.699113353280571226e-01,5.179266877391921486e-01,5.062472233015322676e-01,4.275777296331286781e-01,4.654090248488694792e-01,4.803130294669828992e-01,5.402947182731262510e-01,0.000000000000000000e+00,0.000000000000000000e+00,0.000000000000000000e+00,5.380014745230359274e-01,0.000000000000000000e+00,0.000000000000000000e+00,0.000000000000000000e+00,0.000000000000000000e+00,4.797402169120411064e-01,0.000000000000000000e+00,5.795978606357061746e-01,5.924907844548096270e-01,6.017285476566691660e-01,5.904789078214079945e-01,5.959150266513220107e-01,0.000000000000000000e+00,3.800768362735740813e-01,0.000000000000000000e+00,5.741152903815595065e-01,5.754131882115745000e-01,0.000000000000000000e+00,0.000000000000000000e+00,0.000000000000000000e+00,0.000000000000000000e+00,5.740947038359365262e-01,0.000000000000000000e+00,0.000000000000000000e+00,0.000000000000000000e+00,6.064104834945368561e-01,0.000000000000000000e+00,0.000000000000000000e+00,0.000000000000000000e+00,5.784332829523861630e-01,5.716697097632819080e-01,5.283308319851536261e-01,0.000000000000000000e+00,5.790743802247441119e-01
4.880079692954092940e-01,4.913303564601179119e-01,4.688615927210010859e-01,0.000000000000000000e+00,4.823566280241211035e-01,4.636480061795738017e-01,5.005958558874343822e-01,0.000000000000000000e+00,4.666649990289912786e-01,4.322790815385865182e-01,0.000000000000000000e+00,0.000000000000000000e+00,4.981960383675355097e-01,0.000000000000000000e+00,3.912812059718155933e-01,4.474283910944203968e-01,4.465356216736225958e-01,4.718820072621721096e-01,0.000000000000000000e+00,0.000000000000000000e+00,4.770935449836309905e-01,4.217813061327078117e-01,3.765809740507790049e-01,5.282096282294943546e-01,4.623177678445390959e-01,4.790324157408575867e-01,4.248395070955142128e-01,4.501183403450118026e-01,3.987465514303232816e-01,3.978321348958404058e-01,4.287287922323663736e-01,4.736798002535735908e-01,4.410230330318641867e-01,4.723261044272695774e-01,5.104655679717117200e-01,5.210334566456908956e-01,4.819526676684007249e-01,4.247314035892487127e-01,5.354961125808448408e-01,4.754209123434898210e-01,5.296123087552342401e-01,5.404464075778314669e-01,0.000000000000000000e+00,0.000000000000000000e+00,0.000000000000000000e+00,0.000000000000000000e+00,4.934866436015564739e-01,5.568364332902631109e-01,0.000000000000000000e+00,0.000000000000000000e+00,5.251512442767243272e-01,5.378068684462264937e-01,5.655100868706471884e-01,5.217129821328924111e-01,0.000000000000000000e+00,5.568523406982421875e-01,0.000000000000000000e+00,5.344370579595220105e-01,0.000000000000000000e+00,5.426573549040547562e-01,5.020357575560009389e-01,0.000000000000000000e+00,4.931008764411720091e-01,0.000000000000000000e+00,5.322579943049129403e-01,5.240571211775455485e-01,5.203716902410854273e-01,5.596444533876631100e-01,0.000000000000000000e+00,4.908544572322363075e-01,5.341101790799022142e-01,5.575403698902540173e-01,5.430704885405115423e-01,5.342308162715451170e-01,5.467418751740474869e-01,5.267197901146033479e-01
5.026819108181934670e-01,4.714448957006189822e-01,0.000000000000000000e+00,0.000000000000000000e+00,0.000000000000000000e+00,4.828033846331037937e-01,0.000000000000000000e+00,4.893402682890025113e-01,0.000000000000000000e+00,5.298587201419631132e-01,0.000000000000000000e+00,5.268195465754984541e-01,5.309863018994532835e-01,0.000000000000000000e+00,4.261201358488241886e-01,4.744612261458631131e-01,0.000000000000000000e+00,4.825646142361403879e-01,0.000000000000000000e+00,4.770935449836309905e-01,0.000000000000000000e+00,4.853356578110235020e-01,4.437830024614609070e-01,5.405523378172488735e-01,4.841956677419740895e-01,4.656626548691961132e-01,4.858308905275490197e-01,5.002387453061986067e-01,4.764012715868394254e-01,4.954662995361039934e-01,4.721407539587775259e-01,4.920463257959117875e-01,4.616082723045580871e-01,4.765442519002441868e-01,5.148494013510229728e-01,0.000000000000000000e+00,0.000000000000000000e+00,5.456878542900085449e-01,5.153504375937595361e-01,0.000000000000000000e+00,4.999533451641742232e-01,5.472898589901017408e-01,0.000000000000000000e+00,0.000000000000000000e+00,0.000000000000000000e+00,4.234149972571571996e-01,5.386151836101038537e-01,0.000000000000000000e+00,0.000000000000000000e+00,0.000000000000000000e+00,5.019760584115280366e-01,0.000000000000000000e+00,5.290424451242473625e-01,0.000000000000000000e+00,0.000000000000000000e+00,0.000000000000000000e+00,0.000000000000000000e+00,5.340756568494773315e-01,0.000000000000000000e+00,5.315608186907180288e-01,5.088352829264639610e-01,0.000000000000000000e+00,0.000000000000000000e+00,0.000000000000000000e+00,5.363038017464838436e-01,4.626728757299157224e-01,5.371491123785229194e-01,5.293928287237007480e-01,0.000000000000000000e+00,5.107556559213871639e-01,5.491073079238639743e-01,5.520875701535783442e-01,5.192130583415949241e-01,5.220636046509830042e-01,0.000000000000000000e+00,5.063279036045766901e-01
