0.000000000000000000e+00,4.533070519146882860e-01,5.155089178742725542e-01,0.000000000000000000e+00,0.000000000000000000e+00,4.811424711069425264e-01,4.773708914329010122e-01,5.763015531343042008e-01,0.000000000000000000e+00,0.000000000000000000e+00,0.000000000000000000e+00,4.271213377813780077e-01,4.822093060092508265e-01,0.000000000000000000e+00,4.481724724502378909e-01,4.358164485832373147e-01,4.627717628950275275e-01,4.270945682590486792e-01,0.000000000000000000e+00,4.942746381191676086e-01,4.947759727245272243e-01,4.677269778862276906e-01,5.237886867011192216e-01,3.942539794331528791e-01,4.204966168218666200e-01,3.982488597688894072e-01,4.998522473375474062e-01,4.577429642236421903e-01,4.816943845576915906e-01,0.000000000000000000e+00,4.216859498880157764e-01,4.718042041800282194e-01,3.963156641281095904e-01,4.161172337814864064e-01,4.659130282725580940e-01,0.000000000000000000e+00,0.000000000000000000e+00,4.776993983486140793e-01,4.841448321750360106e-01,4.247820597660347808e-01,4.417676032361390059e-01,0.000000000000000000e+00,0.000000000000000000e+00,0.000000000000000000e+00,0.000000000000000000e+00,4.150408705560997835e-01,5.028349250439809737e-01,0.000000000000000000e+00,0.000000000000000000e+00,0.000000000000000000e+00,0.000000000000000000e+00,0.000000000000000000e+00,0.000000000000000000e+00,0.000000000000000000e+00,0.000000000000000000e+00,0.000000000000000000e+00,0.000000000000000000e+00,0.000000000000000000e+00,0.000000000000000000e+00,4.924503700674334183e-01,4.813156630015684168e-01,0.000000000000000000e+00,4.704043972142387120e-01,0.000000000000000000e+00,0.000000000000000000e+00,3.557125323586736165e-01,4.992100179528273229e-01,0.000000000000000000e+00,4.134788951205035090e-01,4.797437847227187246e-01,4.825526921318524232e-01,0.000000000000000000e+00,0.000000000000000000e+00,0.000000000000000000e+00,0.000000000000000000e+00,4.557595051529536034e-01
4.533070519146882860e-01,0.000000000000000000e+00,4.393176001670184849e-01,0.000000000000000000e+00,4.369006857695785229e-01,4.512896509783930754e-01,4.530906129916514868e-01,5.369003209374336727e-01,4.395456373375024040e-01,0.000000000000000000e+00,0.000000000000000000e+00,4.207724582166493810e-01,4.699738196630258158e-01,0.000000000000000000e+00,4.738177019018702807e-01,4.251923502117200271e-01,4.019339911533154064e-01,4.290131707739925915e-01,0.000000000000000000e+00,4.744857413370376920e-01,4.736812981421160140e-01,4.372097245185100900e-01,4.642013013124596243e-01,4.058896234092544963e-01,3.773154671527644832e-01,4.154344707960250238e-01,4.639754486261454813e-01,4.750037184301402204e-01,4.762320759908373891e-01,4.736213217519907870e-01,4.328144919728835194e-01,4.787146209318289825e-01,4.089006538750690201e-01,4.249980692428013129e-01,4.777594367463847136e-01,4.017667624479397959e-01,0.000000000000000000e+00,0.000000000000000000e+00,4.904570953536029898e-01,4.622216618991161208e-01,4.548116545993139970e-01,4.760844490711416133e-01,0.000000000000000000e+00,0.000000000000000000e+00,0.000000000000000000e+00,5.178639918705111311e-01,4.885645555215015201e-01,0.000000000000000000e+00,0.000000000000000000e+00,0.000000000000000000e+00,4.697247092394313261e-01,0.000000000000000000e+00,0.000000000000000000e+00,0.000000000000000000e+00,0.000000000000000000e+00,0.000000000000000000e+00,0.000000000000000000e+00,4.585475736580106876e-01,0.000000000000000000e+00,5.130573026691582772e-01,4.799193433565877021e-01,4.147168738141295830e-01,4.642658317247352895e-01,0.000000000000000000e+00,4.720238788901134908e-01,5.204507628970905797e-01,4.840597941193661158e-01,5.094399162804900127e-01,4.697259517045139776e-01,4.824803718359217952e-01,5.151652212644758366e-01,4.934010440857415913e-01,4.298422605683335229e-01,4.737500166457710993e-01,0.000000000000000000e+00,4.572065610863529916e-01
5.155089178742725542e-01,4.393176001670184849e-01,0.000000000000000000e+00,0.000000000000000000e+00,4.089649054097611036e-01,3.764196154521105009e-01,4.528050951902741761e-01,4.598275457703420166e-01,3.203208363591463770e-01,4.794770854445405961e-01,3.438941079403283752e-01,4.669913319353533043e-01,4.720286511157242848e-01,4.205856066599512055e-01,0.000000000000000000e+00,0.000000000000000000e+00,0.000000000000000000e+00,0.000000000000000000e+00,2.690305010753298864e-01,4.463555915184672096e-01,4.230862483754477266e-01,4.550010950552519917e-01,3.175514312112294735e-01,0.000000000000000000e+00,4.767969129240108850e-01,4.535138653100744266e-01,3.087301484933990259e-01,4.894491500067454925e-01,4.298211165860719163e-01,4.804190169827142753e-01,4.995721351744550898e-01,4.441875683962474008e-01,4.238965572541149029e-01,4.955381452787065988e-01,4.963295895762466770e-01,4.359627927459938102e-01,4.463874438587728255e-01,4.657158115549889787e-01,5.044549167564366110e-01,0.000000000000000000e+00,5.577407605666804269e-01,5.531881499189823526e-01,5.104641529323277194e-01,0.000000000000000000e+00,0.000000000000000000e+00,0.000000000000000000e+00,0.000000000000000000e+00,5.400056735657859930e-01,0.000000000000000000e+00,5.447688348531284364e-01,5.646215544068169390e-01,5.812284509632881235e-01,5.345815496804191547e-01,5.688640383942964451e-01,0.000000000000000000e+00,5.107154782006642080e-01,0.000000000000000000e+00,5.672991404212427424e-01,5.203320538441755794e-01,0.000000000000000000e+00,0.000000000000000000e+00,0.000000000000000000e+00,0.000000000000000000e+00,5.684847035253274283e-01,4.830038093194810034e-01,0.000000000000000000e+00,0.000000000000000000e+00,5.714016077374419744e-01,0.000000000000000000e+00,0.000000000000000000e+00,0.000000000000000000e+00,5.674954306090232992e-01,5.592375281362373940e-01,5.330415860216242141e-01,0.000000000000000000e+00,5.633781081994114759e-01
0.000000000000000000e+00,0.000000000000000000e+00,0.000000000000000000e+00,0.000000000000000000e+00,2.938215845590800845e-01,0.000000000000000000e+00,2.931946353467078104e-01,4.303658011372998859e-01,4.333214771420926259e-01,0.000000000000000000e+00,4.026338532858955155e-01,0.000000000000000000e+00,3.425883820999268137e-01,4.015568162814234787e-01,0.000000000000000000e+00,0.000000000000000000e+00,0.000000000000000000e+00,0.000000000000000000e+00,4.112765070501432918e-01,0.000000000000000000e+00,0.000000000000000000e+00,0.000000000000000000e+00,4.404188445805000129e-01,0.000000000000000000e+00,0.000000000000000000e+00,0.000000000000000000e+00,0.000000000000000000e+00,3.319558412100246936e-01,0.000000000000000000e+00,0.000000000000000000e+00,3.834824766979326172e-01,3.019630955302253228e-01,0.000000000000000000e+00,3.883629895028138934e-01,3.761206656296415818e-01,3.001580067147390785e-01,2.210125538151433977e-01,0.000000000000000000e+00,0.000000000000000000e+00,0.000000000000000000e+00,0.000000000000000000e+00,0.000000000000000000e+00,0.000000000000000000e+00,0.000000000000000000e+00,0.000000000000000000e+00,0.000000000000000000e+00,0.000000000000000000e+00,0.000000000000000000e+00,0.000000000000000000e+00,0.000000000000000000e+00,0.000000000000000000e+00,0.000000000000000000e+00,0.000000000000000000e+00,0.000000000000000000e+00,0.000000000000000000e+00,0.000000000000000000e+00,0.000000000000000000e+00,0.000000000000000000e+00,0.000000000000000000e+00,0.000000000000000000e+00,0.000000000000000000e+00,0.000000000000000000e+00,0.000000000000000000e+00,0.000000000000000000e+00,0.000000000000000000e+00,0.000000000000000000e+00,0.000000000000000000e+00,0.000000000000000000e+00,0.000000000000000000e+00,0.000000000000000000e+00,0.000000000000000000e+00,0.000000000000000000e+00,0.000000000000000000e+00,0.000000000000000000e+00,0.000000000000000000e+00,0.000000000000000000e+00
0.000000000000000000e+00,4.369006857695785229e-01,4.089649054097611036e-01,2.938215845590800845e-01,0.000000000000000000e+00,4.030881096591452106e-01,3.528260391702014998e-01,3.939050782641326798e-01,3.614943155070681202e-01,4.794464374399001194e-01,3.513756942993194188e-01,4.652916233708087046e-01,4.154899816870589735e-01,3.258776873348023795e-01,0.000000000000000000e+00,4.716752729031445934e-01,4.929577104313638269e-01,0.000000000000000000e+00,3.970558192709713885e-01,4.405591166665018266e-01,4.125727117061614990e-01,4.540608119743620996e-01,4.114587202506719832e-01,0.000000000000000000e+00,4.393340042918820187e-01,4.266018899599597902e-01,4.147197565532744767e-01,3.943328328258289828e-01,4.328000563993846250e-01,4.484587656700386726e-01,4.900161546945664970e-01,3.986011364107083232e-01,4.366038403508578081e-01,4.598824151798162063e-01,4.472350519230930965e-01,3.105273589202919848e-01,2.488912915784680102e-01,4.294689572640770225e-01,4.660529912453528212e-01,0.000000000000000000e+00,0.000000000000000000e+00,0.000000000000000000e+00,4.487330018729340786e-01,0.000000000000000000e+00,0.000000000000000000e+00,0.000000000000000000e+00,0.000000000000000000e+00,5.244732400847745835e-01,0.000000000000000000e+00,4.705929256328565957e-01,5.218667564761266808e-01,5.325122669236160844e-01,4.844987119420728905e-01,5.178110073875621389e-01,0.000000000000000000e+00,4.805612549300272152e-01,0.000000000000000000e+00,5.169035079039869807e-01,4.676245913402861110e-01,0.000000000000000000e+00,0.000000000000000000e+00,0.000000000000000000e+00,0.000000000000000000e+00,5.115053836895356865e-01,0.000000000000000000e+00,0.000000000000000000e+00,0.000000000000000000e+00,5.226584017871777066e-01,0.000000000000000000e+00,0.000000000000000000e+00,0.000000000000000000e+00,5.271769222901347973e-01,4.879068364764967969e-01,4.802989765420040968e-01,0.000000000000000000e+00,0.000000000000000000e+00
4.811424711069425264e-01,4.512896509783930754e-01,3.764196154521105009e-01,0.000000000000000000e+00,4.030881096591452106e-01,0.000000000000000000e+00,4.243612236142714211e-01,4.445373391242142258e-01,3.699424971295572906e-01,4.935806855669068738e-01,3.709687740984570770e-01,4.661860739561943245e-01,4.139456642984500889e-01,4.280366431365557056e-01,4.356517329686069862e-01,4.825242287362925819e-01,4.878071310104893921e-01,4.930983655717940950e-01,3.789148618971088789e-01,4.365175555671015895e-01,4.529094521411434204e-01,4.608193389360851766e-01,3.826315676791228748e-01,5.419286948811150584e-01,4.459658891802829039e-01,4.439212780756218724e-01,3.708542305963131724e-01,4.246413917270158156e-01,3.972770511172142860e-01,4.516104971340582086e-01,4.790108422749774220e-01,4.272614905088089055e-01,4.126336363536091123e-01,4.837997847286025777e-01,4.859116174725566228e-01,4.626254935549943270e-01,4.464991265710955837e-01,4.554989491958804093e-01,4.993506499637969109e-01,4.428906118739570075e-01,5.466423614954906141e-01,5.431651101619698885e-01,5.081093485631150708e-01,0.000000000000000000e+00,0.000000000000000000e+00,0.000000000000000000e+00,4.615250555492512730e-01,5.714117755710338420e-01,0.000000000000000000e+00,5.644807520281358570e-01,5.406786118022789411e-01,5.531893723263209273e-01,4.990442003903182155e-01,5.599798375944181617e-01,5.138925574675258234e-01,5.054728045582750351e-01,0.000000000000000000e+00,5.393320127505230044e-01,0.000000000000000000e+00,4.990506169935771119e-01,4.631660386216616132e-01,0.000000000000000000e+00,0.000000000000000000e+00,5.527886595228593825e-01,4.987421542863542112e-01,5.037084687320927401e-01,4.629471060656157877e-01,5.446185422634600704e-01,0.000000000000000000e+00,4.559471030146413084e-01,4.808186617458383161e-01,5.408361337176768036e-01,5.374224256828750157e-01,5.279972291498796766e-01,5.253336114242083132e-01,5.363542688430832373e-01
4.773708914329010122e-01,4.530906129916514868e-01,4.528050951902741761e-01,2.931946353467078104e-01,3.528260391702014998e-01,4.243612236142714211e-01,0.000000000000000000e+00,4.462784827271569221e-01,4.287872915173220889e-01,4.526378856815687080e-01,4.750631406549586933e-01,4.413425323262588074e-01,3.742850315344122825e-01,3.594366044275251193e-01,4.425549968651462107e-01,4.898310336315260249e-01,4.642482811989743219e-01,4.904090176768335918e-01,4.827641784184593110e-01,4.554162553965100946e-01,4.653339021517897134e-01,4.800930765253358934e-01,4.371264380655078274e-01,4.376203757325203836e-01,4.580872477896911765e-01,4.459136206697699722e-01,4.349631534944021771e-01,4.161966009668884858e-01,4.501358914942121814e-01,4.613667419760245081e-01,4.589037679961098792e-01,4.360227572049297784e-01,4.139461033267832768e-01,4.226582370943376965e-01,4.100892973633090133e-01,3.977013203626009186e-01,3.684897624688954765e-01,4.111472022318797825e-01,4.579132657178461852e-01,0.000000000000000000e+00,5.303865057386670800e-01,0.000000000000000000e+00,4.511630606231016860e-01,0.000000000000000000e+00,0.000000000000000000e+00,0.000000000000000000e+00,4.460962251667698886e-01,5.495729993956021131e-01,0.000000000000000000e+00,0.000000000000000000e+00,5.371805463677792325e-01,0.000000000000000000e+00,4.999973042630374009e-01,5.471353804705473278e-01,0.000000000000000000e+00,4.752835638880332225e-01,0.000000000000000000e+00,5.341188028616927763e-01,0.000000000000000000e+00,4.956181162336389945e-01,4.470143477281365851e-01,0.000000000000000000e+00,0.000000000000000000e+00,5.490716297259802259e-01,4.892225936448552082e-01,0.000000000000000000e+00,4.726534848944609069e-01,5.341515152343409012e-01,0.000000000000000000e+00,4.629602728724024896e-01,4.757939625063445921e-01,5.286154282015443906e-01,5.263214257585142608e-01,5.100852853415100974e-01,0.000000000000000000e+00,5.114595870477838258e-01
5.763015531343042008e-01,5.369003209374336727e-01,4.598275457703420166e-01,4.303658011372998859e-01,3.939050782641326798e-01,4.445373391242142258e-01,4.462784827271569221e-01,0.000000000000000000e+00,4.908584416048529797e-01,5.408017266486236929e-01,3.902834811327569042e-01,5.422797338390241695e-01,4.697004897459305939e-01,3.671183024321211796e-01,4.353948212516711158e-01,5.476056084189659945e-01,0.000000000000000000e+00,5.462479303083984661e-01,4.410120259512467777e-01,4.543273342805270731e-01,4.550564795477953228e-01,4.793555197351084263e-01,3.953194216537139760e-01,5.857794880917882585e-01,5.648681716277307308e-01,5.545408811494536572e-01,4.476562789393416786e-01,4.749427483938922778e-01,4.522454560782270816e-01,4.602851053761747857e-01,4.844272437123147146e-01,3.956837791157902240e-01,4.307424758933097175e-01,4.855040449047003936e-01,4.965553662162205950e-01,3.588648483026625757e-01,2.748198182702480952e-01,0.000000000000000000e+00,4.798568151318663988e-01,0.000000000000000000e+00,5.118179723496948386e-01,0.000000000000000000e+00,4.561288823281918758e-01,0.000000000000000000e+00,0.000000000000000000e+00,0.000000000000000000e+00,0.000000000000000000e+00,5.532331910671332009e-01,0.000000000000000000e+00,5.138565378396782179e-01,5.050908126109685536e-01,5.346184523734298644e-01,4.148169857877975764e-01,5.303894563908496673e-01,0.000000000000000000e+00,4.991304416182847925e-01,0.000000000000000000e+00,5.091572788000449101e-01,4.873634278774260919e-01,5.268967379299983600e-01,0.000000000000000000e+00,0.000000000000000000e+00,0.000000000000000000e+00,5.259864512107369494e-01,5.301065429392689543e-01,4.287225718324759738e-01,5.479521881119647775e-01,5.064973455801159430e-01,0.000000000000000000e+00,0.000000000000000000e+00,5.158438149910112847e-01,5.161061327524327780e-01,5.017392678633979530e-01,4.976406962939224909e-01,0.000000000000000000e+00,5.189740886143879850e-01
0.000000000000000000e+00,4.395456373375024040e-01,3.203208363591463770e-01,4.333214771420926259e-01,3.614943155070681202e-01,3.699424971295572906e-01,4.287872915173220889e-01,4.908584416048529797e-01,0.000000000000000000e+00,5.025112595736179744e-01,3.243859800228565127e-01,4.943837760688599148e-01,4.261368374224743238e-01,4.256142619721726139e-01,0.000000000000000000e+00,4.838828836941900247e-01,4.884326068257572873e-01,5.004658057492792356e-01,3.026204741130048004e-01,4.404583548905287027e-01,4.392898936773377838e-01,4.557996429208280853e-01,3.816199413636425231e-01,4.948350549042829782e-01,4.662411579679792140e-01,4.420058604740181862e-01,3.491275613589990834e-01,4.960905320773765781e-01,4.272901476995750736e-01,4.824819385628387747e-01,5.169731639604536744e-01,4.643067602171294106e-01,4.598453929167226062e-01,5.025492675037749324e-01,4.945146417034800845e-01,4.584379257271610220e-01,4.637334843554625219e-01,4.661540947349960273e-01,5.020702587307576126e-01,4.125467244500967134e-01,5.527602279569913124e-01,5.517772352348312426e-01,5.158056152443646347e-01,0.000000000000000000e+00,4.523340868027163064e-01,0.000000000000000000e+00,4.327112702393219879e-01,5.819671130167103357e-01,0.000000000000000000e+00,5.444230506974708783e-01,5.607625001842557744e-01,5.734522401983063178e-01,5.470125125876619254e-01,5.712108268986763049e-01,0.000000000000000000e+00,5.409873049455309335e-01,0.000000000000000000e+00,5.564788619368383760e-01,5.290056589729765779e-01,4.828796860588824846e-01,0.000000000000000000e+00,0.000000000000000000e+00,0.000000000000000000e+00,5.705885330418583035e-01,4.760782887558013821e-01,0.000000000000000000e+00,4.623580876799899819e-01,5.725755706691748603e-01,0.000000000000000000e+00,0.000000000000000000e+00,4.719171468855972162e-01,5.676081597665659784e-01,5.582923411955279525e-01,5.193352301946314586e-01,0.000000000000000000e+00,5.556528999528133062e-01
0.000000000000000000e+00,0.000000000000000000e+00,4.794770854445405961e-01,0.000000000000000000e+00,4.794464374399001194e-01,4.935806855669068738e-01,4.526378856815687080e-01,5.408017266486236929e-01,5.025112595736179744e-01,0.000000000000000000e+00,4.974950269238719858e-01,3.288432847858501207e-01,4.624333534010908742e-01,0.000000000000000000e+00,0.000000000000000000e+00,4.060707510569838141e-01,3.701238498109736264e-01,3.672087704669804165e-01,4.967147644408039797e-01,4.617263078689575195e-01,5.363655817837604811e-01,4.435296649176054262e-01,4.948820908531301188e-01,3.544628680087554828e-01,3.370517122353021144e-01,3.661268470464151270e-01,4.693890174120742831e-01,4.383869313526775890e-01,4.621129483450487907e-01,0.000000000000000000e+00,3.904759888349761954e-01,3.480854817658812772e-01,3.248732937883302974e-01,3.308666558053425244e-01,3.391675195653552910e-01,3.742610313857762105e-01,3.581033022976479741e-01,2.958541915660184984e-01,3.208314747321108773e-01,4.540689452723478126e-01,3.627964351647848806e-01,3.921795163986149246e-01,3.354433099474579127e-01,0.000000000000000000e+00,3.861108816490604889e-01,0.000000000000000000e+00,0.000000000000000000e+00,0.000000000000000000e+00,0.000000000000000000e+00,0.000000000000000000e+00,4.836100564281645142e-01,0.000000000000000000e+00,0.000000000000000000e+00,0.000000000000000000e+00,5.078980458413876464e-01,0.000000000000000000e+00,5.025754803665322124e-01,0.000000000000000000e+00,0.000000000000000000e+00,0.000000000000000000e+00,0.000000000000000000e+00,5.008580178564567831e-01,4.868625891399070982e-01,0.000000000000000000e+00,0.000000000000000000e+00,0.000000000000000000e+00,0.000000000000000000e+00,5.355464974373338460e-01,4.726617954736859750e-01,4.997541076857044962e-01,4.932091905369282991e-01,5.350962560945502489e-01,4.370913946683022133e-01,0.000000000000000000e+00,0.000000000000000000e+00,4.808451655495590837e-01
0.000000000000000000e+00,0.000000000000000000e+00,3.438941079403283752e-01,4.026338532858955155e-01,3.513756942993194188e-01,3.709687740984570770e-01,4.750631406549586933e-01,3.902834811327569042e-01,3.243859800228565127e-01,4.974950269238719858e-01,0.000000000000000000e+00,4.890936887054402882e-01,4.937613560637397203e-01,3.223896228019285104e-01,0.000000000000000000e+00,0.000000000000000000e+00,4.817502206607535142e-01,0.000000000000000000e+00,2.967323665228412954e-01,0.000000000000000000e+00,0.000000000000000000e+00,0.000000000000000000e+00,3.395192916210881817e-01,4.822656496948813931e-01,4.792879392724367915e-01,4.837175059319687165e-01,3.767540638138174858e-01,4.955827683049712773e-01,0.000000000000000000e+00,0.000000000000000000e+00,5.130443141014666697e-01,4.234034670672420786e-01,4.714782028474219233e-01,4.862621220058632177e-01,4.704907201168009867e-01,3.541685723666819219e-01,3.894744454784916932e-01,4.658028420907083800e-01,4.700297703877229227e-01,0.000000000000000000e+00,5.109522170720081080e-01,0.000000000000000000e+00,4.731849154439142779e-01,0.000000000000000000e+00,0.000000000000000000e+00,0.000000000000000000e+00,0.000000000000000000e+00,5.195817671712892327e-01,0.000000000000000000e+00,5.163874785297848380e-01,5.305815423879118864e-01,5.483161210058802304e-01,5.092339080212743285e-01,5.375341980350665239e-01,0.000000000000000000e+00,2.970882473345680119e-01,0.000000000000000000e+00,5.149298409780588281e-01,4.878528724933270944e-01,0.000000000000000000e+00,0.000000000000000000e+00,0.000000000000000000e+00,0.000000000000000000e+00,3.835927923210988855e-01,0.000000000000000000e+00,0.000000000000000000e+00,0.000000000000000000e+00,5.463181012014199922e-01,0.000000000000000000e+00,0.000000000000000000e+00,0.000000000000000000e+00,5.472945258895389742e-01,5.127150175563773837e-01,4.754347097305862135e-01,0.000000000000000000e+00,5.125300881325335345e-01
4.271213377813780077e-01,4.207724582166493810e-01,4.669913319353533043e-01,0.000000000000000000e+00,4.652916233708087046e-01,4.661860739561943245e-01,4.413425323262588074e-01,5.422797338390241695e-01,4.943837760688599148e-01,3.288432847858501207e-01,4.890936887054402882e-01,0.000000000000000000e+00,4.540178296577330186e-01,0.000000000000000000e+00,0.000000000000000000e+00,4.243532017541866153e-01,3.974711008306046067e-01,3.934156270943101052e-01,4.895798598345741937e-01,4.227983645140099833e-01,5.262367650606598612e-01,4.546377956867218018e-01,5.227040306145426252e-01,3.139586384798304097e-01,3.704494894467779131e-01,3.334044816620028162e-01,4.476772334803394982e-01,4.128644514725903769e-01,4.445348951590740172e-01,0.000000000000000000e+00,4.110439310957563208e-01,3.107800133725184821e-01,3.251095181925309774e-01,3.053076381558963992e-01,3.489678056996811106e-01,3.651935029687514156e-01,3.274544895019462776e-01,2.523997607365494056e-01,3.314619894363322050e-01,4.078498600859024048e-01,3.625323148349680058e-01,3.477809926587748790e-01,3.595657075607873732e-01,0.000000000000000000e+00,4.079240130296094002e-01,4.094814001012646032e-01,0.000000000000000000e+00,0.000000000000000000e+00,0.000000000000000000e+00,0.000000000000000000e+00,4.325730158689614080e-01,0.000000000000000000e+00,0.000000000000000000e+00,0.000000000000000000e+00,4.989703148672615107e-01,0.000000000000000000e+00,4.871893775621464195e-01,0.000000000000000000e+00,0.000000000000000000e+00,4.428988537111323009e-01,0.000000000000000000e+00,5.018309562914304855e-01,4.797768668740564069e-01,0.000000000000000000e+00,4.091808633015273089e-01,0.000000000000000000e+00,0.000000000000000000e+00,4.358165676846246783e-01,4.450747752769119159e-01,4.857569721313232947e-01,4.846526922999974119e-01,0.000000000000000000e+00,4.563323561498370262e-01,4.378468096549609778e-01,0.000000000000000000e+00,4.654855021296691042e-01
4.822093060092508265e-01,4.699738196630258158e-01,4.720286511157242848e-01,3.425883820999268137e-01,4.154899816870589735e-01,4.139456642984500889e-01,3.742850315344122825e-01,4.697004897459305939e-01,4.261368374224743238e-01,4.624333534010908742e-01,4.937613560637397203e-01,4.540178296577330186e-01,0.000000000000000000e+00,3.991580090320084873e-01,4.453936618447936757e-01,5.070314185781807925e-01,4.693303436140469076e-01,4.998834803528049986e-01,4.950525530578286926e-01,4.663064605729054790e-01,4.709265600010744124e-01,4.998820743260232735e-01,4.462158125243141926e-01,4.457118140960837915e-01,4.711847144520420194e-01,4.654643354863000071e-01,4.451303733051765188e-01,4.118820609007727840e-01,4.434264755116649748e-01,4.461939706676442130e-01,4.531668421168292271e-01,4.497856809873074235e-01,4.289130968374895159e-01,4.445916180977793064e-01,4.422605107952710113e-01,4.379320729084589248e-01,3.937656034461854970e-01,4.277123993188081119e-01,4.892310870846289794e-01,4.522390457805756103e-01,5.221529954485228942e-01,5.500247020164726885e-01,4.758771514012278270e-01,0.000000000000000000e+00,0.000000000000000000e+00,0.000000000000000000e+00,4.638353653824920930e-01,5.616807705336767098e-01,0.000000000000000000e+00,0.000000000000000000e+00,5.351515479428055055e-01,5.541259614130317201e-01,5.077008958615463197e-01,5.481834796723447090e-01,5.001542514946120122e-01,5.024788694941209055e-01,4.970005916784390743e-01,5.305043650172431846e-01,0.000000000000000000e+00,5.083866928943052699e-01,4.722369814539251753e-01,0.000000000000000000e+00,4.864491191296291817e-01,5.504884409447189375e-01,5.003581466780856468e-01,4.956011672481263064e-01,4.819498050367935216e-01,5.386702302864456726e-01,0.000000000000000000e+00,4.887133575176558775e-01,4.876259014529883973e-01,5.338632092727391143e-01,5.269069034657976047e-01,5.228218376894310238e-01,0.000000000000000000e+00,5.269843777434779497e-01
0.000000000000000000e+00,0.000000000000000000e+00,4.205856066599512055e-01,4.015568162814234787e-01,3.258776873348023795e-01,4.280366431365557056e-01,3.594366044275251193e-01,3.671183024321211796e-01,4.256142619721726139e-01,0.000000000000000000e+00,3.223896228019285104e-01,0.000000000000000000e+00,3.991580090320084873e-01,0.000000000000000000e+00,0.000000000000000000e+00,0.000000000000000000e+00,0.000000000000000000e+00,0.000000000000000000e+00,3.939307972520835754e-01,0.000000000000000000e+00,4.690678326546601773e-01,0.000000000000000000e+00,3.955704236060991752e-01,5.542371348872399128e-01,0.000000000000000000e+00,5.292925179720834317e-01,4.428025752429928241e-01,3.635802066256055842e-01,0.000000000000000000e+00,0.000000000000000000e+00,4.284188008266847092e-01,2.769718465150373121e-01,0.000000000000000000e+00,3.989308196701035203e-01,0.000000000000000000e+00,2.582774207512668063e-01,2.086330333795639869e-01,0.000000000000000000e+00,0.000000000000000000e+00,0.000000000000000000e+00,0.000000000000000000e+00,0.000000000000000000e+00,4.391900503242475162e-01,0.000000000000000000e+00,0.000000000000000000e+00,0.000000000000000000e+00,0.000000000000000000e+00,5.218046220334706664e-01,0.000000000000000000e+00,4.822169594892519173e-01,0.000000000000000000e+00,0.000000000000000000e+00,0.000000000000000000e+00,5.191911528220055638e-01,0.000000000000000000e+00,4.792439690799555896e-01,0.000000000000000000e+00,0.000000000000000000e+00,0.000000000000000000e+00,0.000000000000000000e+00,0.000000000000000000e+00,0.000000000000000000e+00,0.000000000000000000e+00,5.161760890967377335e-01,0.000000000000000000e+00,0.000000000000000000e+00,0.000000000000000000e+00,5.070112508806349227e-01,0.000000000000000000e+00,0.000000000000000000e+00,0.000000000000000000e+00,4.906321494832853181e-01,0.000000000000000000e+00,0.000000000000000000e+00,0.000000000000000000e+00,0.000000000000000000e+00
4.481724724502378909e-01,4.738177019018702807e-01,0.000000000000000000e+00,0.000000000000000000e+00,0.000000000000000000e+00,4.356517329686069862e-01,4.425549968651462107e-01,4.353948212516711158e-01,0.000000000000000000e+00,0.000000000000000000e+00,0.000000000000000000e+00,0.000000000000000000e+00,4.453936618447936757e-01,0.000000000000000000e+00,0.000000000000000000e+00,4.706593932880764886e-01,0.000000000000000000e+00,4.720518059347468265e-01,0.000000000000000000e+00,3.390892498049309922e-01,3.806467907803802175e-01,4.015168314094743063e-01,3.841438875112361817e-01,5.274794941907067214e-01,4.695701060386390235e-01,4.476684859165401820e-01,3.846426774666419912e-01,4.391433928526897734e-01,4.246360342915774799e-01,0.000000000000000000e+00,4.493329865914006960e-01,4.524828546757979075e-01,4.208691731201896769e-01,4.635518329408809257e-01,5.141757706223067936e-01,5.705941319465637207e-01,0.000000000000000000e+00,0.000000000000000000e+00,5.078959806926790499e-01,5.113714125782952147e-01,5.125909078575008326e-01,5.355557601884177732e-01,4.484433798926419912e-01,0.000000000000000000e+00,0.000000000000000000e+00,4.364274473233873963e-01,5.243829012912092358e-01,4.923081218836911077e-01,0.000000000000000000e+00,0.000000000000000000e+00,5.032813857608048336e-01,5.157049771521737824e-01,5.225824840630195478e-01,0.000000000000000000e+00,0.000000000000000000e+00,0.000000000000000000e+00,0.000000000000000000e+00,5.003113440237422216e-01,0.000000000000000000e+00,5.382391844727868468e-01,5.017261388282834300e-01,0.000000000000000000e+00,4.881135610882442188e-01,0.000000000000000000e+00,5.116681365548457761e-01,5.136050395780337174e-01,5.399892154566128255e-01,5.252259423215943634e-01,0.000000000000000000e+00,4.726147317918081847e-01,5.553621263518591089e-01,5.165214667829014505e-01,5.060472178417424471e-01,5.156905815364110079e-01,0.000000000000000000e+00,5.003886329132698485e-01
4.358164485832373147e-01,4.251923502117200271e-01,0.000000000000000000e+00,0.000000000000000000e+00,4.716752729031445934e-01,4.825242287362925819e-01,4.898310336315260249e-01,5.476056084189659945e-01,4.838828836941900247e-01,4.060707510569838141e-01,0.000000000000000000e+00,4.243532017541866153e-01,5.070314185781807925e-01,0.000000000000000000e+00,4.706593932880764886e-01,0.000000000000000000e+00,4.172729972830904743e-01,4.064037664312559195e-01,0.000000000000000000e+00,4.014810617688854277e-01,4.813740329037436982e-01,3.865563497600704168e-01,4.816984571389095193e-01,4.217433049364063269e-01,4.047466715611802157e-01,4.513644434850975218e-01,4.586783666722156205e-01,4.685579387467794787e-01,4.735121175568016150e-01,4.818395609870991247e-01,4.112368775400946919e-01,4.810219367939614910e-01,4.174649920990711749e-01,4.159954379411541781e-01,4.368825631965441159e-01,0.000000000000000000e+00,0.000000000000000000e+00,0.000000000000000000e+00,4.777020888788909847e-01,4.475574533633492891e-01,4.432847237711221022e-01,4.650079934730728115e-01,0.000000000000000000e+00,0.000000000000000000e+00,0.000000000000000000e+00,4.801869525632712077e-01,4.684223134247492148e-01,0.000000000000000000e+00,0.000000000000000000e+00,0.000000000000000000e+00,4.574929212646475229e-01,0.000000000000000000e+00,0.000000000000000000e+00,0.000000000000000000e+00,4.630078888680611016e-01,0.000000000000000000e+00,0.000000000000000000e+00,0.000000000000000000e+00,0.000000000000000000e+00,5.063406084203065927e-01,4.566210551175088894e-01,4.425828688689721901e-01,4.613555957623919901e-01,0.000000000000000000e+00,5.084246274153471079e-01,0.000000000000000000e+00,4.767792443736068031e-01,5.328733227044848419e-01,4.764734579117613777e-01,4.711231410765208127e-01,4.851409118925681940e-01,5.027450683480836346e-01,0.000000000000000000e+00,4.760945378375477932e-01,0.000000000000000000e+00,4.571801115771418900e-01
4.627717628950275275e-01,4.019339911533154064e-01,0.000000000000000000e+00,0.000000000000000000e+00,4.929577104313638269e-01,4.878071310104893921e-01,4.642482811989743219e-01,0.000000000000000000e+00,4.884326068257572873e-01,3.701238498109736264e-01,4.817502206607535142e-01,3.974711008306046067e-01,4.693303436140469076e-01,0.000000000000000000e+00,0.000000000000000000e+00,4.172729972830904743e-01,0.000000000000000000e+00,3.626542566705839854e-01,4.942079393510058760e-01,4.416830724315010115e-01,0.000000000000000000e+00,4.194283816363326145e-01,0.000000000000000000e+00,4.178421035910702130e-01,3.722525642279185809e-01,3.984101396828422792e-01,0.000000000000000000e+00,4.625081203127530127e-01,4.659501369985081798e-01,5.084152221679687500e-01,3.917539355967363801e-01,4.709806891566581943e-01,3.800404417859630790e-01,3.991844537753058142e-01,4.275822521653347974e-01,0.000000000000000000e+00,0.000000000000000000e+00,3.667143960134583991e-01,3.804730214394181909e-01,4.922934602613239230e-01,4.793030588381588242e-01,0.000000000000000000e+00,0.000000000000000000e+00,0.000000000000000000e+00,4.812277173274905895e-01,0.000000000000000000e+00,0.000000000000000000e+00,0.000000000000000000e+00,0.000000000000000000e+00,0.000000000000000000e+00,0.000000000000000000e+00,0.000000000000000000e+00,0.000000000000000000e+00,0.000000000000000000e+00,5.234745904031595787e-01,0.000000000000000000e+00,5.221271277029574387e-01,0.000000000000000000e+00,0.000000000000000000e+00,0.000000000000000000e+00,0.000000000000000000e+00,5.098872661437973131e-01,4.971330964957225151e-01,0.000000000000000000e+00,0.000000000000000000e+00,0.000000000000000000e+00,0.000000000000000000e+00,0.000000000000000000e+00,4.902273894651434927e-01,5.136391818906747009e-01,5.072722157996140124e-01,0.000000000000000000e+00,0.000000000000000000e+00,0.000000000000000000e+00,0.000000000000000000e+00,5.139613450671092210e-01
4.270945682590486792e-01,4.290131707739925915e-01,0.000000000000000000e+00,0.000000000000000000e+00,0.000000000000000000e+00,4.930983655717940950e-01,4.904090176768335918e-01,5.462479303083984661e-01,5.004658057492792356e-01,3.672087704669804165e-01,0.000000000000000000e+00,3.934156270943101052e-01,4.998834803528049986e-01,0.000000000000000000e+00,4.720518059347468265e-01,4.064037664312559195e-01,3.626542566705839854e-01,0.000000000000000000e+00,0.000000000000000000e+00,4.467228907221231782e-01,5.233942563494433653e-01,4.315714208768315907e-01,5.237695148153186375e-01,3.975915433826460177e-01,3.664259535390961275e-01,4.080202697187900185e-01,4.721213667450581131e-01,4.937539103899665216e-01,4.917878430302691783e-01,4.826578481060794790e-01,3.979851010119642152e-01,4.719636670025140202e-01,3.710006261577378783e-01,4.028040122878451812e-01,4.354893256634584930e-01,0.000000000000000000e+00,0.000000000000000000e+00,0.000000000000000000e+00,4.949688681875468177e-01,4.673104423336041924e-01,4.669955931039269093e-01,4.719171242547999801e-01,0.000000000000000000e+00,0.000000000000000000e+00,4.357974827289580744e-01,4.507882584844146168e-01,4.634526585643998775e-01,0.000000000000000000e+00,0.000000000000000000e+00,0.000000000000000000e+00,4.659533028104457242e-01,0.000000000000000000e+00,0.000000000000000000e+00,0.000000000000000000e+00,5.023121628400989414e-01,0.000000000000000000e+00,4.898842372593941730e-01,0.000000000000000000e+00,0.000000000000000000e+00,0.000000000000000000e+00,4.602061382595161176e-01,4.822558262702675846e-01,4.737825122274363920e-01,0.000000000000000000e+00,0.000000000000000000e+00,0.000000000000000000e+00,4.469854299360497274e-01,0.000000000000000000e+00,4.716439010222289174e-01,4.780191411870963192e-01,4.879626124439254142e-01,0.000000000000000000e+00,0.000000000000000000e+00,4.690709892913471069e-01,0.000000000000000000e+00,4.728666046543438806e-01
0.000000000000000000e+00,0.000000000000000000e+00,2.690305010753298864e-01,4.112765070501432918e-01,3.970558192709713885e-01,3.789148618971088789e-01,4.827641784184593110e-01,4.410120259512467777e-01,3.026204741130048004e-01,4.967147644408039797e-01,2.967323665228412954e-01,4.895798598345741937e-01,4.950525530578286926e-01,3.939307972520835754e-01,0.000000000000000000e+00,0.000000000000000000e+00,4.942079393510058760e-01,0.000000000000000000e+00,0.000000000000000000e+00,0.000000000000000000e+00,0.000000000000000000e+00,0.000000000000000000e+00,3.287782133406995100e-01,4.459880692952605807e-01,0.000000000000000000e+00,4.753187412156459901e-01,3.389772372768026232e-01,4.996925996525176106e-01,4.389439420037564155e-01,0.000000000000000000e+00,5.178468340656992019e-01,4.497755829423712992e-01,4.871640854887666072e-01,4.983062048402042143e-01,4.815359884127254908e-01,4.270670074666623184e-01,4.580067221040490799e-01,4.757740841224575856e-01,4.737240923422338934e-01,0.000000000000000000e+00,5.523119124360127419e-01,0.000000000000000000e+00,4.750831384236506860e-01,0.000000000000000000e+00,0.000000000000000000e+00,0.000000000000000000e+00,0.000000000000000000e+00,5.691013808856718592e-01,0.000000000000000000e+00,5.156871702892166232e-01,5.599064372598810957e-01,5.508878602866636998e-01,5.268617756316147371e-01,5.554423857000422293e-01,0.000000000000000000e+00,4.280337680476545836e-01,0.000000000000000000e+00,5.483695633684037007e-01,5.052433454895582932e-01,0.000000000000000000e+00,0.000000000000000000e+00,0.000000000000000000e+00,0.000000000000000000e+00,5.517725610228462196e-01,0.000000000000000000e+00,0.000000000000000000e+00,0.000000000000000000e+00,5.643978836309724301e-01,0.000000000000000000e+00,0.000000000000000000e+00,0.000000000000000000e+00,5.641976695555993571e-01,5.409965093583729567e-01,5.028660283082514448e-01,0.000000000000000000e+00,5.560621063006504494e-01
4.942746381191676086e-01,4.744857413370376920e-01,4.463555915184672096e-01,0.000000000000000000e+00,4.405591166665018266e-01,4.365175555671015895e-01,4.554162553965100946e-01,4.543273342805270731e-01,4.404583548905287027e-01,4.617263078689575195e-01,0.000000000000000000e+00,4.227983645140099833e-01,4.663064605729054790e-01,0.000000000000000000e+00,3.390892498049309922e-01,4.014810617688854277e-01,4.416830724315010115e-01,4.467228907221231782e-01,0.000000000000000000e+00,0.000000000000000000e+00,4.540184143906086933e-01,3.889475074055853132e-01,3.506827729080458922e-01,5.550274662875571696e-01,4.407855261072798903e-01,4.663884673988655249e-01,3.850565227322806927e-01,4.334957205659482060e-01,3.853713211240787917e-01,3.412599487775249130e-01,4.194655821018246078e-01,4.490081484323739103e-01,4.003261259684849915e-01,4.525488507838636987e-01,5.033823485070617609e-01,5.395938338359422826e-01,4.991742756099367129e-01,0.000000000000000000e+00,4.893816579378896248e-01,4.254218353959968169e-01,5.110932384968108755e-01,5.140971707547397074e-01,4.411275214680658863e-01,0.000000000000000000e+00,0.000000000000000000e+00,0.000000000000000000e+00,4.789730168381898801e-01,0.000000000000000000e+00,0.000000000000000000e+00,0.000000000000000000e+00,5.108765966216676224e-01,5.048197448843444457e-01,5.213602909714775135e-01,0.000000000000000000e+00,0.000000000000000000e+00,0.000000000000000000e+00,3.959345670420971186e-01,5.128262169367627799e-01,0.000000000000000000e+00,5.161024988037621331e-01,4.841101951535953796e-01,0.000000000000000000e+00,4.730486717844945010e-01,0.000000000000000000e+00,5.017417636233300060e-01,5.179040891593357232e-01,5.109656421325691200e-01,5.276483284300149679e-01,0.000000000000000000e+00,4.661691659811458277e-01,5.087984598249388757e-01,5.174533694374922055e-01,5.119437200123342357e-01,5.151633686625112230e-01,5.114820174857613866e-01,5.039612366806003330e-01
4.947759727245272243e-01,4.736812981421160140e-01,4.230862483754477266e-01,0.000000000000000000e+00,4.125727117061614990e-01,4.529094521411434204e-01,4.653339021517897134e-01,4.550564795477953228e-01,4.392898936773377838e-01,5.363655817837604811e-01,0.000000000000000000e+00,5.262367650606598612e-01,4.709265600010744124e-01,4.690678326546601773e-01,3.806467907803802175e-01,4.813740329037436982e-01,0.000000000000000000e+00,5.233942563494433653e-01,0.000000000000000000e+00,4.540184143906086933e-01,0.000000000000000000e+00,4.704444096785482810e-01,4.397855483670043975e-01,5.586199282859396487e-01,5.278670632127894224e-01,4.625425731777080829e-01,4.485317377833826225e-01,4.758809627102614792e-01,4.617442110482474216e-01,4.722789068900767884e-01,4.626169808682437101e-01,4.501758378866337895e-01,4.507859425417812815e-01,4.619860849373362277e-01,5.146296472368432351e-01,4.692590202613550199e-01,0.000000000000000000e+00,0.000000000000000000e+00,4.903835175455131812e-01,4.504344786616585883e-01,4.892169838826065931e-01,5.392850694717464810e-01,0.000000000000000000e+00,0.000000000000000000e+00,0.000000000000000000e+00,4.592461557760412205e-01,5.232187407402291157e-01,0.000000000000000000e+00,0.000000000000000000e+00,0.000000000000000000e+00,4.716643404679813911e-01,0.000000000000000000e+00,4.725257660811786886e-01,0.000000000000000000e+00,0.000000000000000000e+00,0.000000000000000000e+00,0.000000000000000000e+00,5.073661372904484379e-01,0.000000000000000000e+00,5.184930212683986905e-01,5.076230141575792665e-01,0.000000000000000000e+00,0.000000000000000000e+00,0.000000000000000000e+00,5.010619759521602878e-01,4.351825416265466817e-01,5.271683523051692299e-01,4.941867667976397871e-01,0.000000000000000000e+00,5.140119421936880650e-01,5.408460918842364906e-01,4.971647129609360061e-01,4.963280584801473827e-01,4.949546180187380795e-01,0.000000000000000000e+00,4.814724143208182205e-01
