0.000000000000000000e+00,4.039195939625271903e-01,0.000000000000000000e+00,0.000000000000000000e+00,0.000000000000000000e+00,3.773737127971241168e-01,4.208104162409079807e-01,4.520653002209683025e-01,0.000000000000000000e+00,3.866591650430213911e-01,0.000000000000000000e+00,3.500381344930568184e-01,4.069539740515554782e-01,0.000000000000000000e+00,4.177801616350393932e-01,3.777024791883090149e-01,3.734074265328929942e-01,3.617375761735818762e-01,0.000000000000000000e+00,4.017159542434022845e-01,3.868777561128612930e-01,4.127210700217148753e-01,4.166080150749710831e-01,3.259224174245253791e-01,3.568115176479613737e-01,3.506371744844414828e-01,4.345551815877610191e-01,4.154232992718864814e-01,3.962163283735766206e-01,0.000000000000000000e+00,3.472866508077294134e-01,4.209282028714074753e-01,2.934077445788864091e-01,3.470446338614783244e-01,4.050389037273546267e-01,0.000000000000000000e+00,0.000000000000000000e+00,3.752697288224537964e-01,4.223508148436398990e-01,3.832999827627708855e-01,3.820751154311591846e-01,4.184498625390236093e-01,0.000000000000000000e+00,0.000000000000000000e+00,0.000000000000000000e+00,3.321537160993143223e-01,4.225357693640047207e-01,0.000000000000000000e+00,0.000000000000000000e+00,0.000000000000000000e+00,0.000000000000000000e+00,0.000000000000000000e+00,0.000000000000000000e+00,0.000000000000000000e+00,4.157310666029457868e-01,0.000000000000000000e+00,4.381632253987929881e-01,0.000000000000000000e+00,4.513710439205170233e-01,5.039059416754890774e-01,4.081273780123718109e-01,3.249502473416974735e-01,3.838974210702310041e-01,0.000000000000000000e+00,0.000000000000000000e+00,3.591184224877411180e-01,4.520681828127138258e-01,4.386988716399665145e-01,3.245652233249715080e-01,3.848701331835236994e-01,4.274265921423642811e-01,0.000000000000000000e+00,0.000000000000000000e+00,3.866916210491075923e-01,0.000000000000000000e+00,3.761977617000538121e-01
4.039195939625271903e-01,0.000000000000000000e+00,3.735457158636005248e-01,0.000000000000000000e+00,3.623889915253202254e-01,3.798675556670870757e-01,3.799381174852783927e-01,4.204481676949475277e-01,3.634259565693265803e-01,3.587672264942893818e-01,0.000000000000000000e+00,0.000000000000000000e+00,3.840709476150160895e-01,0.000000000000000000e+00,4.089095271613342741e-01,4.385463746919974759e-01,3.878166005184249254e-01,4.121335061612360073e-01,0.000000000000000000e+00,4.135598765576615765e-01,4.256149112836438153e-01,4.479199643353908855e-01,3.804893623564463145e-01,3.063195526453482143e-01,4.068575618736973154e-01,4.293450465984663955e-01,4.033990842870263105e-01,3.884546909378742141e-01,3.985827648606042883e-01,3.424081105798265079e-01,3.879827148783775992e-01,4.437524893164929152e-01,3.426771582936484206e-01,3.934359202505425257e-01,4.475829366517984909e-01,0.000000000000000000e+00,0.000000000000000000e+00,0.000000000000000000e+00,4.545003824683427895e-01,4.443837526890883072e-01,4.370182463188722055e-01,4.666910539970134941e-01,0.000000000000000000e+00,0.000000000000000000e+00,0.000000000000000000e+00,4.438365555949249086e-01,4.618027211712593116e-01,0.000000000000000000e+00,0.000000000000000000e+00,0.000000000000000000e+00,4.261703203315039268e-01,0.000000000000000000e+00,0.000000000000000000e+00,0.000000000000000000e+00,0.000000000000000000e+00,0.000000000000000000e+00,0.000000000000000000e+00,4.124204271252501219e-01,0.000000000000000000e+00,4.710376281984340885e-01,4.450606599575774869e-01,0.000000000000000000e+00,4.191052233775757752e-01,0.000000000000000000e+00,4.247405319352483000e-01,4.903515547504935790e-01,4.643247671922278164e-01,4.316220057602062066e-01,0.000000000000000000e+00,4.183027802399664208e-01,4.882296553797453864e-01,4.365203199251612154e-01,4.196071187526648205e-01,4.324675188569980233e-01,0.000000000000000000e+00,4.263802751440021188e-01
0.000000000000000000e+00,3.735457158636005248e-01,0.000000000000000000e+00,3.783171936173089778e-01,3.354218088564305811e-01,3.608910811747729208e-01,3.916990888449666808e-01,4.200803790284748929e-01,3.163615783857964825e-01,4.244955625275724787e-01,2.861202702508980900e-01,4.257157849680229256e-01,4.103704160701048265e-01,3.414962619773456165e-01,0.000000000000000000e+00,3.977106371618079894e-01,0.000000000000000000e+00,0.000000000000000000e+00,2.370818149000452069e-01,3.776235135810400156e-01,3.635590297711022156e-01,3.838524830018690825e-01,3.260959535700392875e-01,0.000000000000000000e+00,0.000000000000000000e+00,3.831093624407215792e-01,3.085771497605517832e-01,4.201789930059783851e-01,3.787282771463331144e-01,4.177219266963447808e-01,4.387170874840528034e-01,4.151100218237910866e-01,4.172140716609475941e-01,4.462198371717038259e-01,4.420905424590105270e-01,3.589518625477463032e-01,4.388756485741611146e-01,4.170894262616395842e-01,4.664033492755276789e-01,0.000000000000000000e+00,4.935112693030134223e-01,0.000000000000000000e+00,4.615470612872141221e-01,0.000000000000000000e+00,0.000000000000000000e+00,0.000000000000000000e+00,0.000000000000000000e+00,3.896968945684367025e-01,0.000000000000000000e+00,4.965431406948080939e-01,5.450373114477202741e-01,5.183458865786542136e-01,5.304936243151053832e-01,4.837888995205654741e-01,0.000000000000000000e+00,4.143834882914482765e-01,0.000000000000000000e+00,5.118524019730791297e-01,4.870999705670021052e-01,0.000000000000000000e+00,0.000000000000000000e+00,0.000000000000000000e+00,0.000000000000000000e+00,3.971542439133023961e-01,0.000000000000000000e+00,0.000000000000000000e+00,0.000000000000000000e+00,5.328450048613302403e-01,0.000000000000000000e+00,0.000000000000000000e+00,0.000000000000000000e+00,4.896126448536036735e-01,4.866812899923136926e-01,4.375296091461415848e-01,0.000000000000000000e+00,4.999034433320911908e-01
0.000000000000000000e+00,0.000000000000000000e+00,3.783171936173089778e-01,0.000000000000000000e+00,2.908507598074243083e-01,4.126920164796420987e-01,2.894818998937088161e-01,3.925417920597613075e-01,3.777112760702323047e-01,3.740033096140943925e-01,3.449922439268818253e-01,2.361935377120971957e-01,3.083256077298758835e-01,3.653319136397578104e-01,0.000000000000000000e+00,0.000000000000000000e+00,0.000000000000000000e+00,0.000000000000000000e+00,3.575434530246592857e-01,4.920176027095771731e-01,0.000000000000000000e+00,4.441508890457798175e-01,3.846395658756270874e-01,3.976497054100037176e-01,0.000000000000000000e+00,0.000000000000000000e+00,4.309916518599062885e-01,2.699872154104481781e-01,4.707966367889085957e-01,0.000000000000000000e+00,3.604130058220326172e-01,3.623466671716946141e-01,5.879833698272705078e-01,3.611138990579966790e-01,3.982533396007483795e-01,3.093850447052374220e-01,2.140395775618300078e-01,2.995419174034507082e-01,0.000000000000000000e+00,0.000000000000000000e+00,0.000000000000000000e+00,0.000000000000000000e+00,0.000000000000000000e+00,0.000000000000000000e+00,0.000000000000000000e+00,0.000000000000000000e+00,0.000000000000000000e+00,0.000000000000000000e+00,0.000000000000000000e+00,0.000000000000000000e+00,4.737562965351093114e-01,0.000000000000000000e+00,0.000000000000000000e+00,0.000000000000000000e+00,0.000000000000000000e+00,0.000000000000000000e+00,0.000000000000000000e+00,0.000000000000000000e+00,0.000000000000000000e+00,0.000000000000000000e+00,0.000000000000000000e+00,0.000000000000000000e+00,0.000000000000000000e+00,0.000000000000000000e+00,0.000000000000000000e+00,0.000000000000000000e+00,0.000000000000000000e+00,4.778696704121622174e-01,0.000000000000000000e+00,0.000000000000000000e+00,0.000000000000000000e+00,0.000000000000000000e+00,0.000000000000000000e+00,0.000000000000000000e+00,0.000000000000000000e+00,0.000000000000000000e+00
0.000000000000000000e+00,3.623889915253202254e-01,3.354218088564305811e-01,2.908507598074243083e-01,0.000000000000000000e+00,3.510274400683193186e-01,3.258174367829497764e-01,3.650714417840260073e-01,3.190691944009181880e-01,3.893882379990867837e-01,3.068770948014091227e-01,3.853350181192977120e-01,3.619406923930360009e-01,2.790459684125650153e-01,0.000000000000000000e+00,3.997018310468705149e-01,4.442501758034290149e-01,3.927522988887510169e-01,3.308609538646171133e-01,3.721066095799568929e-01,3.803536449093484206e-01,3.858984203312835204e-01,3.565218131500583199e-01,3.472437312240845841e-01,3.728153749998516231e-01,3.848980414095196090e-01,3.744650289265052945e-01,3.552208809757573804e-01,3.787431502310720233e-01,3.962647121353830015e-01,4.047023332831307108e-01,3.451521856553276812e-01,3.674557378206150804e-01,3.950338628764952786e-01,3.856998316463596255e-01,2.504780702054009156e-01,2.713987229755174257e-01,3.671578546246042074e-01,4.360252438873071790e-01,0.000000000000000000e+00,4.816973609322446892e-01,0.000000000000000000e+00,3.907933046316870995e-01,0.000000000000000000e+00,0.000000000000000000e+00,0.000000000000000000e+00,0.000000000000000000e+00,4.816268485345908124e-01,0.000000000000000000e+00,4.505527232024347795e-01,4.959287934830263755e-01,4.781596162203234912e-01,4.611767801965176994e-01,4.682486478394937146e-01,0.000000000000000000e+00,3.840716014171984827e-01,0.000000000000000000e+00,4.775264540333676866e-01,4.051116311488275890e-01,0.000000000000000000e+00,0.000000000000000000e+00,0.000000000000000000e+00,0.000000000000000000e+00,4.520858395577097011e-01,4.014565890798936776e-01,0.000000000000000000e+00,0.000000000000000000e+00,4.794812390887475129e-01,0.000000000000000000e+00,0.000000000000000000e+00,0.000000000000000000e+00,4.711217830473671264e-01,4.629150752055776752e-01,4.403582770115437861e-01,0.000000000000000000e+00,4.661107568201405815e-01
3.773737127971241168e-01,3.798675556670870757e-01,3.608910811747729208e-01,4.126920164796420987e-01,3.510274400683193186e-01,0.000000000000000000e+00,3.800756216638208063e-01,3.833541052226481227e-01,3.346166602620542219e-01,4.294351210862780155e-01,3.457581813539754023e-01,4.256466873082597746e-01,3.664143517285993190e-01,3.807464167460983262e-01,3.811068350297757146e-01,4.155727275773986040e-01,4.374037590424619815e-01,3.940701786743702750e-01,3.530410890134906277e-01,3.816171913525849835e-01,3.634477440765159773e-01,4.051160634258700877e-01,3.679228217390033140e-01,4.013294316979085230e-01,3.738970705201988820e-01,3.842314078291695911e-01,3.657147738490708067e-01,3.794846676963620768e-01,3.294026652372423758e-01,4.005575476689263170e-01,4.065481651797687723e-01,3.999041837123281096e-01,3.444365919146623045e-01,4.142909095914665829e-01,4.302815963404709176e-01,4.162195549117502225e-01,4.271186982286852007e-01,4.147619807686521165e-01,4.645918541191033091e-01,3.973999706531746723e-01,4.689156259914573077e-01,4.723295207943259966e-01,4.556740091817195193e-01,0.000000000000000000e+00,0.000000000000000000e+00,0.000000000000000000e+00,4.189815561206308159e-01,5.266707758948986351e-01,0.000000000000000000e+00,4.963933392452762883e-01,5.194255635388672632e-01,5.056897836545777292e-01,4.737071958933127269e-01,5.138965022238037861e-01,4.847299919701911208e-01,4.778316352730426209e-01,0.000000000000000000e+00,5.005945101843525258e-01,4.585948260507241026e-01,4.169189467045825159e-01,4.082367315671152075e-01,0.000000000000000000e+00,0.000000000000000000e+00,4.939200701714396846e-01,4.277324435631029154e-01,4.163292881015522862e-01,4.229792254752600122e-01,4.976322795095760032e-01,0.000000000000000000e+00,3.776159395472000746e-01,4.356205502421289788e-01,4.890649652541699810e-01,4.826294135847047917e-01,4.498574296865949229e-01,4.802581485588208188e-01,4.811965996320272110e-01
4.208104162409079807e-01,3.799381174852783927e-01,3.916990888449666808e-01,2.894818998937088161e-01,3.258174367829497764e-01,3.800756216638208063e-01,0.000000000000000000e+00,4.071291785379418937e-01,3.725041542305824738e-01,4.085132749713171196e-01,3.715097962867193737e-01,3.908325180494354179e-01,3.145607646541231928e-01,3.240809545594325880e-01,3.717646318246861092e-01,4.269878905492167087e-01,4.137835422449420153e-01,4.077943581828378239e-01,3.823805171488032784e-01,4.003861656472231245e-01,3.978248447761902895e-01,4.117352027525488234e-01,3.852500322413405787e-01,3.821008445465913783e-01,3.839966927420220832e-01,3.951781047722225937e-01,3.950591861870523802e-01,3.375143900388705154e-01,4.155339262654113019e-01,4.134831139560625757e-01,4.066890979200344924e-01,4.002966233546881858e-01,3.609943873494875777e-01,4.029614205881970057e-01,3.956643023149005178e-01,3.210143131083881829e-01,3.533873575097535857e-01,3.708810463069733276e-01,4.717554042814713910e-01,3.381159251539911925e-01,4.679636495397830886e-01,0.000000000000000000e+00,4.420640035548487057e-01,0.000000000000000000e+00,0.000000000000000000e+00,0.000000000000000000e+00,4.004034051440433783e-01,5.098216521309135718e-01,0.000000000000000000e+00,4.824483616188761093e-01,5.162562733599914688e-01,5.031851810697637317e-01,4.846448436542734051e-01,5.007839070930922842e-01,4.205509577408090838e-01,4.593324433763050774e-01,0.000000000000000000e+00,4.955534133064278257e-01,4.608791274524868253e-01,4.388310268886975174e-01,0.000000000000000000e+00,0.000000000000000000e+00,0.000000000000000000e+00,4.876729620144624744e-01,4.356838880757756827e-01,0.000000000000000000e+00,4.214052337509379131e-01,4.958013159033878847e-01,3.335530757904052734e-01,0.000000000000000000e+00,4.056122656046823871e-01,4.931124189291584137e-01,4.829670469901112817e-01,4.554316348179276996e-01,4.622468773250532070e-01,4.830516305525043852e-01
4.520653002209683025e-01,4.204481676949475277e-01,4.200803790284748929e-01,3.925417920597613075e-01,3.650714417840260073e-01,3.833541052226481227e-01,4.071291785379418937e-01,0.000000000000000000e+00,4.248037162889420904e-01,4.187678381724249110e-01,3.301298689469512881e-01,4.396766040159589828e-01,4.117126650595445136e-01,3.529103257936045956e-01,4.028093101082224070e-01,4.231250785848494900e-01,0.000000000000000000e+00,4.447986361621262819e-01,3.928410205993078108e-01,3.793887750401219727e-01,3.713789987858970854e-01,4.459988075985641953e-01,3.359027174839985252e-01,4.557139270582479251e-01,4.301659886802278177e-01,4.526357728254113977e-01,4.010918952102252022e-01,4.075711003512101915e-01,3.603980969658840960e-01,3.775600706763186931e-01,4.133542075877330024e-01,3.864534443936151198e-01,3.440090376744082135e-01,4.215281816095335921e-01,4.315402149545328192e-01,3.481524330713303139e-01,3.869462872376874252e-01,4.003560555867520243e-01,4.627830221135993960e-01,0.000000000000000000e+00,4.787557037803715776e-01,0.000000000000000000e+00,4.560457744925923151e-01,0.000000000000000000e+00,0.000000000000000000e+00,0.000000000000000000e+00,0.000000000000000000e+00,5.175969025324858031e-01,0.000000000000000000e+00,4.778511152348183244e-01,5.048097599970133853e-01,4.912904572430514261e-01,4.734679012480704219e-01,5.137691818332049687e-01,0.000000000000000000e+00,4.626184781524945167e-01,0.000000000000000000e+00,4.874251540772963076e-01,4.558401394416992103e-01,4.518058978128999259e-01,4.233000887062662865e-01,0.000000000000000000e+00,0.000000000000000000e+00,4.936140744628265131e-01,4.582948139283399835e-01,4.606759263221771872e-01,4.505582453613378724e-01,4.800467726766259879e-01,0.000000000000000000e+00,0.000000000000000000e+00,4.381836138385432067e-01,4.946593812089002951e-01,4.811758143927424847e-01,4.565426215903020113e-01,4.484307709174534806e-01,4.748571229447917097e-01
0.000000000000000000e+00,3.634259565693265803e-01,3.163615783857964825e-01,3.777112760702323047e-01,3.190691944009181880e-01,3.346166602620542219e-01,3.725041542305824738e-01,4.248037162889420904e-01,0.000000000000000000e+00,4.187073098625986867e-01,2.949099967062568939e-01,4.139626582086237128e-01,3.783322630740756920e-01,3.236100168700762891e-01,0.000000000000000000e+00,3.874322422761902196e-01,0.000000000000000000e+00,0.000000000000000000e+00,2.645718378991024911e-01,3.884262413866790831e-01,3.598899170176058093e-01,3.890421169879125229e-01,3.757817205834810270e-01,3.989372169619075925e-01,3.685026133952131189e-01,3.806958958022260142e-01,3.518038020070995975e-01,4.162740808408441073e-01,3.858781928645219073e-01,4.150098205831436737e-01,4.283889089614648094e-01,4.167470813078498759e-01,4.068028550185872061e-01,4.331088525509915188e-01,4.276932522344923937e-01,3.599373416670926806e-01,4.163035897193934076e-01,4.074277146003275063e-01,4.773589857542263060e-01,0.000000000000000000e+00,4.763887916671611933e-01,0.000000000000000000e+00,4.458973530144169084e-01,0.000000000000000000e+00,0.000000000000000000e+00,0.000000000000000000e+00,0.000000000000000000e+00,5.208439235496328257e-01,0.000000000000000000e+00,4.962378406675251874e-01,5.338360492935483315e-01,5.083117769407374809e-01,5.150938030150821190e-01,5.124961234745096794e-01,4.995601109348909996e-01,4.724214207405841859e-01,0.000000000000000000e+00,5.045584209267436337e-01,4.691567509201962083e-01,0.000000000000000000e+00,0.000000000000000000e+00,0.000000000000000000e+00,0.000000000000000000e+00,4.948584753998532260e-01,4.071882803558614095e-01,0.000000000000000000e+00,0.000000000000000000e+00,5.153484142239016519e-01,0.000000000000000000e+00,0.000000000000000000e+00,4.193467871320347151e-01,5.220782676413178169e-01,4.861242304258692748e-01,4.453456016242138271e-01,4.615876919555579883e-01,4.855499799705975117e-01
3.866591650430213911e-01,3.587672264942893818e-01,4.244955625275724787e-01,3.740033096140943925e-01,3.893882379990867837e-01,4.294351210862780155e-01,4.085132749713171196e-01,4.187678381724249110e-01,4.187073098625986867e-01,0.000000000000000000e+00,4.021376374606162041e-01,2.814452208692818092e-01,4.074514373923879273e-01,3.889061135365742827e-01,0.000000000000000000e+00,3.745847312789081784e-01,3.214229127094420102e-01,3.374587303593168941e-01,4.111202008343239900e-01,3.992289938519473225e-01,4.415658943289418881e-01,4.028725935562454952e-01,4.127681917189269245e-01,3.109854494527333202e-01,3.107551803008076763e-01,2.936329597610656816e-01,4.223460518189127155e-01,4.029031517902514903e-01,4.154928575078269959e-01,4.062837435168021871e-01,3.345520107058219117e-01,3.811931496203432856e-01,2.917730265787877864e-01,3.193818862632121225e-01,3.335408943791782210e-01,3.516764540486849167e-01,3.232006350827654195e-01,3.001224713117027210e-01,3.680963913879162219e-01,3.991858926080282255e-01,4.044243503307828891e-01,3.974170384834210257e-01,0.000000000000000000e+00,3.346031150673923205e-01,3.393232104168740215e-01,4.036500436053779839e-01,0.000000000000000000e+00,0.000000000000000000e+00,0.000000000000000000e+00,0.000000000000000000e+00,4.905910195364163728e-01,5.211269179638190474e-01,0.000000000000000000e+00,4.936459459516557846e-01,4.357059999950549933e-01,0.000000000000000000e+00,4.378906498516704215e-01,4.159402120947450765e-01,0.000000000000000000e+00,0.000000000000000000e+00,4.100819279417041163e-01,4.314073895954727011e-01,4.269896391618506204e-01,0.000000000000000000e+00,0.000000000000000000e+00,0.000000000000000000e+00,4.249035268615348193e-01,4.828269298096560247e-01,3.914077233510712128e-01,4.298735807434109213e-01,4.282637468286392135e-01,4.670110375661966073e-01,4.385117351727476076e-01,4.145939222546697889e-01,0.000000000000000000e+00,4.186410111069979179e-01
0.000000000000000000e+00,0.000000000000000000e+00,2.861202702508980900e-01,3.449922439268818253e-01,3.068770948014091227e-01,3.457581813539754023e-01,3.715097962867193737e-01,3.301298689469512881e-01,2.949099967062568939e-01,4.021376374606162041e-01,0.000000000000000000e+00,3.897993416166483094e-01,3.899035195642184259e-01,2.910409767965139727e-01,0.000000000000000000e+00,0.000000000000000000e+00,0.000000000000000000e+00,0.000000000000000000e+00,2.566695356263262728e-01,0.000000000000000000e+00,0.000000000000000000e+00,0.000000000000000000e+00,3.202986743292052241e-01,3.958372670865066834e-01,0.000000000000000000e+00,0.000000000000000000e+00,3.249421791299629270e-01,3.941393683157156103e-01,4.095609640683888775e-01,4.045740652508409974e-01,4.110804140154827868e-01,3.643796993928445915e-01,3.625067698411514883e-01,4.095032578574486770e-01,4.098945038534573260e-01,2.796300306905846189e-01,2.981005207502525067e-01,3.784171995931236987e-01,4.162709971531373121e-01,0.000000000000000000e+00,4.736894405783804163e-01,0.000000000000000000e+00,3.824291830480693877e-01,0.000000000000000000e+00,0.000000000000000000e+00,0.000000000000000000e+00,0.000000000000000000e+00,4.812917657629312007e-01,0.000000000000000000e+00,4.394334822457938161e-01,4.963561565484130855e-01,4.607806493826435146e-01,4.726090881659438803e-01,4.727744888919340194e-01,0.000000000000000000e+00,2.487776291072563983e-01,0.000000000000000000e+00,4.602261179178330774e-01,4.213033252354673186e-01,0.000000000000000000e+00,0.000000000000000000e+00,0.000000000000000000e+00,0.000000000000000000e+00,4.611622134930368766e-01,0.000000000000000000e+00,0.000000000000000000e+00,0.000000000000000000e+00,4.732766135571134236e-01,0.000000000000000000e+00,0.000000000000000000e+00,0.000000000000000000e+00,4.794702030855287900e-01,4.335558340487800089e-01,3.775040495215176151e-01,0.000000000000000000e+00,4.012802899929908129e-01
3.500381344930568184e-01,0.000000000000000000e+00,4.257157849680229256e-01,2.361935377120971957e-01,3.853350181192977120e-01,4.256466873082597746e-01,3.908325180494354179e-01,4.396766040159589828e-01,4.139626582086237128e-01,2.814452208692818092e-01,3.897993416166483094e-01,0.000000000000000000e+00,3.940966537024983007e-01,0.000000000000000000e+00,0.000000000000000000e+00,3.697351794270349878e-01,3.536382564545169083e-01,3.496612243511464935e-01,3.910540492872576213e-01,4.563076205854810774e-01,4.481666025507499151e-01,3.711688869252773859e-01,4.174749702538956275e-01,2.711696768732808072e-01,3.102520908252213161e-01,2.686888025178404971e-01,4.236530419906385792e-01,3.917251463957457935e-01,4.387979052570439853e-01,4.027111258848962150e-01,3.628260997157807255e-01,3.059927773360394121e-01,3.107915743437791867e-01,3.198080596466821857e-01,3.554744391682461147e-01,3.193833253770481106e-01,3.117035456097272950e-01,2.824174177905550143e-01,3.324272619310100207e-01,3.945482371150915157e-01,3.948541459132650089e-01,3.677770205204586862e-01,0.000000000000000000e+00,0.000000000000000000e+00,3.484558458680859783e-01,3.432218417296101776e-01,0.000000000000000000e+00,0.000000000000000000e+00,0.000000000000000000e+00,0.000000000000000000e+00,0.000000000000000000e+00,0.000000000000000000e+00,0.000000000000000000e+00,0.000000000000000000e+00,4.334355107039215005e-01,0.000000000000000000e+00,4.350587661524550898e-01,4.296526756298286731e-01,0.000000000000000000e+00,0.000000000000000000e+00,4.063551826569983261e-01,4.277909046464722920e-01,4.229453971756036990e-01,0.000000000000000000e+00,0.000000000000000000e+00,0.000000000000000000e+00,0.000000000000000000e+00,0.000000000000000000e+00,3.666488898921346773e-01,4.184620430705903171e-01,4.081906359580563803e-01,0.000000000000000000e+00,4.183013094277244215e-01,4.395811299429169816e-01,0.000000000000000000e+00,4.185051960453569087e-01
4.069539740515554782e-01,3.840709476150160895e-01,4.103704160701048265e-01,3.083256077298758835e-01,3.619406923930360009e-01,3.664143517285993190e-01,3.145607646541231928e-01,4.117126650595445136e-01,3.783322630740756920e-01,4.074514373923879273e-01,3.899035195642184259e-01,3.940966537024983007e-01,0.000000000000000000e+00,3.407070388229345159e-01,3.807713912845461790e-01,4.261562846519100223e-01,4.063988877640560826e-01,4.091876505459823843e-01,3.976891585623449910e-01,3.966434303690680729e-01,3.993287884525533737e-01,4.133887956246432016e-01,3.945261822567875942e-01,3.856666544244621853e-01,3.905358618146598793e-01,3.946459850509119738e-01,4.022852322557591842e-01,3.271545467297037879e-01,3.901253301264855922e-01,3.868617608846260936e-01,3.875233281443519751e-01,4.135287025871478006e-01,3.656494773387597985e-01,4.015049107747422075e-01,4.170287963576435053e-01,3.568225953747654056e-01,3.786047976504454127e-01,3.706683133279867759e-01,4.671405289918620918e-01,3.428367453980509238e-01,4.522978169541728155e-01,4.852410158502142856e-01,4.497768912663774876e-01,0.000000000000000000e+00,0.000000000000000000e+00,0.000000000000000000e+00,4.216575179136540230e-01,5.068221871144557023e-01,0.000000000000000000e+00,4.949955203779247137e-01,5.086470729874963403e-01,4.949723213650362164e-01,4.718243672203684125e-01,5.028334695761744744e-01,4.503062653874049803e-01,4.649758618328060922e-01,4.095280892260266814e-01,4.930326814079412090e-01,0.000000000000000000e+00,4.429939859967350069e-01,4.129661184055917755e-01,0.000000000000000000e+00,0.000000000000000000e+00,4.812809068466959994e-01,4.453731909738570249e-01,4.260210287168453847e-01,4.252596080659821753e-01,4.916583866654826163e-01,0.000000000000000000e+00,4.235677896340845905e-01,4.222926034047697064e-01,4.845120156719679994e-01,4.807876195001195008e-01,4.629656053119103887e-01,4.854784596893430004e-01,4.713513236571090781e-01
0.000000000000000000e+00,0.000000000000000000e+00,3.414962619773456165e-01,3.653319136397578104e-01,2.790459684125650153e-01,3.807464167460983262e-01,3.240809545594325880e-01,3.529103257936045956e-01,3.236100168700762891e-01,3.889061135365742827e-01,2.910409767965139727e-01,0.000000000000000000e+00,3.407070388229345159e-01,0.000000000000000000e+00,0.000000000000000000e+00,0.000000000000000000e+00,0.000000000000000000e+00,0.000000000000000000e+00,3.168034382357207135e-01,0.000000000000000000e+00,4.211859985102026083e-01,0.000000000000000000e+00,3.509441700008413267e-01,0.000000000000000000e+00,0.000000000000000000e+00,0.000000000000000000e+00,3.976562069678830080e-01,3.462991799462030174e-01,0.000000000000000000e+00,4.198583156150629825e-01,3.796719657260136938e-01,2.977457173281737868e-01,0.000000000000000000e+00,3.596379317116891738e-01,0.000000000000000000e+00,2.502662017360178237e-01,2.032360699245084890e-01,0.000000000000000000e+00,0.000000000000000000e+00,0.000000000000000000e+00,0.000000000000000000e+00,0.000000000000000000e+00,3.976090152281515078e-01,0.000000000000000000e+00,0.000000000000000000e+00,0.000000000000000000e+00,0.000000000000000000e+00,4.794627210251540816e-01,0.000000000000000000e+00,4.273499122935331962e-01,4.948087723051807219e-01,4.597432308565820858e-01,4.641969583848679082e-01,4.518383409904538905e-01,0.000000000000000000e+00,3.709316782777674071e-01,0.000000000000000000e+00,4.844934880155447043e-01,0.000000000000000000e+00,0.000000000000000000e+00,0.000000000000000000e+00,0.000000000000000000e+00,0.000000000000000000e+00,4.661206157263991234e-01,0.000000000000000000e+00,0.000000000000000000e+00,0.000000000000000000e+00,5.013172716702151144e-01,0.000000000000000000e+00,0.000000000000000000e+00,0.000000000000000000e+00,5.034336592695102253e-01,3.989602089514180938e-01,0.000000000000000000e+00,0.000000000000000000e+00,0.000000000000000000e+00
4.177801616350393932e-01,4.089095271613342741e-01,0.000000000000000000e+00,0.000000000000000000e+00,0.000000000000000000e+00,3.811068350297757146e-01,3.717646318246861092e-01,4.028093101082224070e-01,0.000000000000000000e+00,0.000000000000000000e+00,0.000000000000000000e+00,0.000000000000000000e+00,3.807713912845461790e-01,0.000000000000000000e+00,0.000000000000000000e+00,4.125488233594061249e-01,0.000000000000000000e+00,3.892383742752362208e-01,0.000000000000000000e+00,2.970635245488906229e-01,3.893515469344592250e-01,3.737053733912475972e-01,3.483877228681671046e-01,3.864827786084835126e-01,3.891706004586443224e-01,3.939474818787226940e-01,3.760447421823092107e-01,3.864976626057146092e-01,3.649926040998648924e-01,3.498363361589906240e-01,3.984653314248569056e-01,4.183624543112994254e-01,3.352169586082965891e-01,4.120485053015383037e-01,4.546541111234773114e-01,5.301541567155720891e-01,4.654593026817107071e-01,0.000000000000000000e+00,4.495187856223111234e-01,4.518695066949243166e-01,4.554753750879095842e-01,4.830943690480529740e-01,3.953734284366676177e-01,0.000000000000000000e+00,0.000000000000000000e+00,0.000000000000000000e+00,4.656681253967940859e-01,0.000000000000000000e+00,0.000000000000000000e+00,0.000000000000000000e+00,4.353042137805392953e-01,0.000000000000000000e+00,4.695605733798913772e-01,0.000000000000000000e+00,0.000000000000000000e+00,0.000000000000000000e+00,0.000000000000000000e+00,4.448275111614172217e-01,0.000000000000000000e+00,4.667817870207480180e-01,4.394926286899424883e-01,0.000000000000000000e+00,0.000000000000000000e+00,0.000000000000000000e+00,4.336031055097602227e-01,4.525352720223014824e-01,4.717492693418238736e-01,4.481311491614489162e-01,0.000000000000000000e+00,3.924580940622043879e-01,5.061614324364129835e-01,4.594969249607477879e-01,4.272625711717670804e-01,4.180660741115965751e-01,0.000000000000000000e+00,4.333168030002021998e-01
3.777024791883090149e-01,4.385463746919974759e-01,3.977106371618079894e-01,0.000000000000000000e+00,3.997018310468705149e-01,4.155727275773986040e-01,4.269878905492167087e-01,4.231250785848494900e-01,3.874322422761902196e-01,3.745847312789081784e-01,0.000000000000000000e+00,3.697351794270349878e-01,4.261562846519100223e-01,0.000000000000000000e+00,4.125488233594061249e-01,0.000000000000000000e+00,3.862014105346974202e-01,3.865563391398650905e-01,0.000000000000000000e+00,4.069439024042763031e-01,4.058438227525678066e-01,4.092229601710714038e-01,3.971150186571869023e-01,3.559262994791282941e-01,4.011636972884792263e-01,4.208537970991148014e-01,4.197048906247469180e-01,4.188447456603703878e-01,4.209438401510391947e-01,4.117256706959395163e-01,3.672136226331231268e-01,4.655907715299790750e-01,3.742488023640048733e-01,3.880654975016553099e-01,4.503715596551042255e-01,0.000000000000000000e+00,0.000000000000000000e+00,0.000000000000000000e+00,4.415434800003150140e-01,4.240657378580540149e-01,4.204489501948726060e-01,4.494374953045391918e-01,0.000000000000000000e+00,0.000000000000000000e+00,0.000000000000000000e+00,4.215239408218378059e-01,4.413758690346407110e-01,0.000000000000000000e+00,0.000000000000000000e+00,0.000000000000000000e+00,4.169334969642576882e-01,0.000000000000000000e+00,4.555800509967802836e-01,0.000000000000000000e+00,4.120453889026178262e-01,0.000000000000000000e+00,4.194818417012529110e-01,4.096568552579482048e-01,0.000000000000000000e+00,4.553363542031584887e-01,4.335349194970625764e-01,4.175486443713207763e-01,4.178282120556602863e-01,0.000000000000000000e+00,4.260700187514970816e-01,4.732686349358996014e-01,4.488124156527558140e-01,4.245128102810837856e-01,4.205843545323166843e-01,4.149757071797374186e-01,4.617579550238801178e-01,4.267694967320548871e-01,4.009265749559263736e-01,4.201849082286310821e-01,0.000000000000000000e+00,4.112902436241879789e-01
3.734074265328929942e-01,3.878166005184249254e-01,0.000000000000000000e+00,0.000000000000000000e+00,4.442501758034290149e-01,4.374037590424619815e-01,4.137835422449420153e-01,0.000000000000000000e+00,0.000000000000000000e+00,3.214229127094420102e-01,0.000000000000000000e+00,3.536382564545169083e-01,4.063988877640560826e-01,0.000000000000000000e+00,0.000000000000000000e+00,3.862014105346974202e-01,0.000000000000000000e+00,3.315046011121758895e-01,0.000000000000000000e+00,3.822431707040310211e-01,4.554984223850261915e-01,3.822302250608750063e-01,0.000000000000000000e+00,3.415909222516059773e-01,3.130430804822039725e-01,3.497736665054946847e-01,3.969832236670788883e-01,4.005678493975761145e-01,3.793454033423592775e-01,0.000000000000000000e+00,3.380380177922143736e-01,4.309039583119275152e-01,3.115344890236628750e-01,3.511075121446053937e-01,3.756134130752323275e-01,4.122963845729827881e-01,0.000000000000000000e+00,3.197854023876904872e-01,4.264803479899524907e-01,4.243158565204533939e-01,4.224004527452646096e-01,4.180706990776487109e-01,0.000000000000000000e+00,0.000000000000000000e+00,0.000000000000000000e+00,3.688335344041877017e-01,3.996726626285019845e-01,0.000000000000000000e+00,0.000000000000000000e+00,0.000000000000000000e+00,0.000000000000000000e+00,0.000000000000000000e+00,0.000000000000000000e+00,0.000000000000000000e+00,4.366397315207791174e-01,0.000000000000000000e+00,4.366854552636145748e-01,0.000000000000000000e+00,0.000000000000000000e+00,0.000000000000000000e+00,4.187429077740976169e-01,4.318021488734706814e-01,4.259721154018688005e-01,0.000000000000000000e+00,0.000000000000000000e+00,0.000000000000000000e+00,0.000000000000000000e+00,0.000000000000000000e+00,3.864979812035119200e-01,4.308729992038088930e-01,4.242365288903868770e-01,0.000000000000000000e+00,0.000000000000000000e+00,4.032057051151731741e-01,0.000000000000000000e+00,4.224505953606720876e-01
3.617375761735818762e-01,4.121335061612360073e-01,0.000000000000000000e+00,0.000000000000000000e+00,3.927522988887510169e-01,3.940701786743702750e-01,4.077943581828378239e-01,4.447986361621262819e-01,0.000000000000000000e+00,3.374587303593168941e-01,0.000000000000000000e+00,3.496612243511464935e-01,4.091876505459823843e-01,0.000000000000000000e+00,3.892383742752362208e-01,3.865563391398650905e-01,3.315046011121758895e-01,0.000000000000000000e+00,0.000000000000000000e+00,4.059899118041345178e-01,4.205098304464436887e-01,4.184196366229698816e-01,3.921167257146537799e-01,3.463459931311551054e-01,3.642041664283356961e-01,3.753796838343309017e-01,3.999486110505002801e-01,4.003616331712621101e-01,4.103836075888441792e-01,0.000000000000000000e+00,3.600931722789051936e-01,4.527572667301961173e-01,3.312168745682544935e-01,3.746202607029667231e-01,4.186078304677355866e-01,0.000000000000000000e+00,0.000000000000000000e+00,3.162733394174255253e-01,4.291741575482773130e-01,4.135667939219367928e-01,4.087492440971616792e-01,4.221548789014992198e-01,0.000000000000000000e+00,0.000000000000000000e+00,0.000000000000000000e+00,3.928539066966333926e-01,4.141398976516235120e-01,0.000000000000000000e+00,0.000000000000000000e+00,0.000000000000000000e+00,4.043230466341928842e-01,0.000000000000000000e+00,0.000000000000000000e+00,0.000000000000000000e+00,4.296126676499427144e-01,0.000000000000000000e+00,4.278575291244828271e-01,4.039027989261617102e-01,0.000000000000000000e+00,3.956146410357149201e-01,4.143302897531029871e-01,4.238738030019901237e-01,4.188722975250195879e-01,0.000000000000000000e+00,3.748708987513261759e-01,4.082843682312153888e-01,4.126702305402651927e-01,4.130358056764527053e-01,3.964240369417181276e-01,4.201490875098649047e-01,4.225346512911368202e-01,3.816080915501988136e-01,4.083468959454453762e-01,4.065063143310195248e-01,0.000000000000000000e+00,4.070374858853234024e-01
0.000000000000000000e+00,0.000000000000000000e+00,2.370818149000452069e-01,3.575434530246592857e-01,3.308609538646171133e-01,3.530410890134906277e-01,3.823805171488032784e-01,3.928410205993078108e-01,2.645718378991024911e-01,4.111202008343239900e-01,2.566695356263262728e-01,3.910540492872576213e-01,3.976891585623449910e-01,3.168034382357207135e-01,0.000000000000000000e+00,0.000000000000000000e+00,0.000000000000000000e+00,0.000000000000000000e+00,0.000000000000000000e+00,0.000000000000000000e+00,0.000000000000000000e+00,0.000000000000000000e+00,3.154758052286755765e-01,0.000000000000000000e+00,0.000000000000000000e+00,0.000000000000000000e+00,3.250134981486706987e-01,4.056465670893034114e-01,4.116694327426990152e-01,4.243557264002618123e-01,4.163052495996745206e-01,3.894292563285006170e-01,3.911804056692004816e-01,4.214078511437212016e-01,4.233193672986714229e-01,3.232157802881892028e-01,3.888187109951796727e-01,3.900243103829907909e-01,4.252250702108297808e-01,0.000000000000000000e+00,4.883788784231573032e-01,0.000000000000000000e+00,4.278492311101890766e-01,0.000000000000000000e+00,0.000000000000000000e+00,0.000000000000000000e+00,0.000000000000000000e+00,5.132650933386890824e-01,0.000000000000000000e+00,4.735284355615100860e-01,5.264794481731424058e-01,5.005920750621195570e-01,5.055566977020461428e-01,4.967248762057706046e-01,0.000000000000000000e+00,3.290794709340967850e-01,0.000000000000000000e+00,4.923720179145363862e-01,4.568317328093668972e-01,0.000000000000000000e+00,0.000000000000000000e+00,0.000000000000000000e+00,0.000000000000000000e+00,4.813063234141531921e-01,0.000000000000000000e+00,0.000000000000000000e+00,0.000000000000000000e+00,5.140935760144981215e-01,0.000000000000000000e+00,0.000000000000000000e+00,0.000000000000000000e+00,5.137700173030873563e-01,4.627587412556785074e-01,4.411980761728765965e-01,0.000000000000000000e+00,4.891450204833225901e-01
4.017159542434022845e-01,4.135598765576615765e-01,3.776235135810400156e-01,4.920176027095771731e-01,3.721066095799568929e-01,3.816171913525849835e-01,4.003861656472231245e-01,3.793887750401219727e-01,3.884262413866790831e-01,3.992289938519473225e-01,0.000000000000000000e+00,4.563076205854810774e-01,3.966434303690680729e-01,0.000000000000000000e+00,2.970635245488906229e-01,4.069439024042763031e-01,3.822431707040310211e-01,4.059899118041345178e-01,0.000000000000000000e+00,0.000000000000000000e+00,3.852055295789365008e-01,3.761687445629284254e-01,3.049824621863218010e-01,3.212856169824738761e-01,3.912337806711793098e-01,4.147640718726038900e-01,3.673193010916765977e-01,3.717324702432960870e-01,3.376583161188748128e-01,3.504904342042208243e-01,3.804461118213320892e-01,4.353270159491300917e-01,3.281757362225263264e-01,4.269706002922020738e-01,4.764883723882927247e-01,5.143538712641467781e-01,4.096964967730984952e-01,4.637303639735049221e-01,4.261490718848405246e-01,4.150337329626925253e-01,4.330473106578062725e-01,4.539628833794023821e-01,4.404194297667691216e-01,0.000000000000000000e+00,0.000000000000000000e+00,3.753778362837805749e-01,4.298825182343116169e-01,0.000000000000000000e+00,0.000000000000000000e+00,0.000000000000000000e+00,4.247112085476353882e-01,4.268366469196546165e-01,4.438811082701838995e-01,4.018118801078265911e-01,0.000000000000000000e+00,0.000000000000000000e+00,0.000000000000000000e+00,4.307812306834282179e-01,0.000000000000000000e+00,4.355895473519618144e-01,4.153999034797494216e-01,0.000000000000000000e+00,0.000000000000000000e+00,0.000000000000000000e+00,4.236096466106851754e-01,4.147296653314819781e-01,4.425181018594763760e-01,4.400211496302530167e-01,0.000000000000000000e+00,3.754325469847084040e-01,4.591726501320408937e-01,4.467636788959251093e-01,4.285198455900605108e-01,4.140201676245396922e-01,0.000000000000000000e+00,4.235469160499262253e-01
3.868777561128612930e-01,4.256149112836438153e-01,3.635590297711022156e-01,0.000000000000000000e+00,3.803536449093484206e-01,3.634477440765159773e-01,3.978248447761902895e-01,3.713789987858970854e-01,3.598899170176058093e-01,4.415658943289418881e-01,0.000000000000000000e+00,4.481666025507499151e-01,3.993287884525533737e-01,4.211859985102026083e-01,3.893515469344592250e-01,4.058438227525678066e-01,4.554984223850261915e-01,4.205098304464436887e-01,0.000000000000000000e+00,3.852055295789365008e-01,0.000000000000000000e+00,4.392449105382881802e-01,3.491730592688854218e-01,4.388803073443617864e-01,3.967501968305832127e-01,4.155238373935030149e-01,3.964522998961694245e-01,3.824367385182133039e-01,3.393697687463879120e-01,3.685435518508045072e-01,3.811340806213335264e-01,3.993462408636708760e-01,3.172081962431492763e-01,4.045660145518781836e-01,4.628105448331176763e-01,4.349968666926827821e-01,4.302666741385507976e-01,0.000000000000000000e+00,4.391542638521857000e-01,4.164742736504711274e-01,4.420292922187811779e-01,4.927638737233122068e-01,4.703890728587227232e-01,0.000000000000000000e+00,0.000000000000000000e+00,4.183061678424090934e-01,4.534855953714643229e-01,0.000000000000000000e+00,0.000000000000000000e+00,0.000000000000000000e+00,4.317139533001541074e-01,0.000000000000000000e+00,4.362784864383086880e-01,0.000000000000000000e+00,0.000000000000000000e+00,0.000000000000000000e+00,0.000000000000000000e+00,4.417697835325076761e-01,0.000000000000000000e+00,4.561311512054417872e-01,4.317037621195544128e-01,0.000000000000000000e+00,4.119460439290211773e-01,0.000000000000000000e+00,4.347756565490152880e-01,3.745753180073473909e-01,4.716026924026395784e-01,4.432656516232673094e-01,0.000000000000000000e+00,4.099638238630786136e-01,4.802475442740697931e-01,4.671044762534489747e-01,4.314612805077183144e-01,4.133904919142806222e-01,4.377095254478631237e-01,4.277572022163496079e-01
