0.000000000000000000e+00,4.232420549559495759e-01,0.000000000000000000e+00,0.000000000000000000e+00,0.000000000000000000e+00,4.322378985610638158e-01,4.826668884618809940e-01,5.266179208926464739e-01,0.000000000000000000e+00,4.303870037343234256e-01,4.760656495698987745e-01,4.173954574333114120e-01,4.777339942975036835e-01,5.082765166308870208e-01,3.963658511606498736e-01,4.245892148689249246e-01,4.193547666072844904e-01,4.067850992300611757e-01,0.000000000000000000e+00,4.168582172770807781e-01,4.678595435004673231e-01,4.301393227646775896e-01,4.728114200439096915e-01,3.836436131012690987e-01,4.031347074062314739e-01,3.922617962335340769e-01,4.407307046638470061e-01,4.636153815746603124e-01,4.287841365367706103e-01,0.000000000000000000e+00,4.133714474692555818e-01,4.519102309508891135e-01,3.721723258328580863e-01,4.084507487348538191e-01,4.612253076592920942e-01,0.000000000000000000e+00,0.000000000000000000e+00,4.409249607621970046e-01,4.802112057658747268e-01,4.700091082190628877e-01,4.565753931674431110e-01,4.867264541641008191e-01,0.000000000000000000e+00,0.000000000000000000e+00,0.000000000000000000e+00,3.672621005025706875e-01,4.986760895263246951e-01,0.000000000000000000e+00,0.000000000000000000e+00,0.000000000000000000e+00,4.615009523176655803e-01,0.000000000000000000e+00,4.912249757960719942e-01,0.000000000000000000e+00,0.000000000000000000e+00,0.000000000000000000e+00,4.634932039170326923e-01,0.000000000000000000e+00,0.000000000000000000e+00,4.751220267141567088e-01,4.780768609695312255e-01,0.000000000000000000e+00,4.631525912585682803e-01,0.000000000000000000e+00,0.000000000000000000e+00,4.313194721201318860e-01,4.619295413754178070e-01,4.679663526878887203e-01,3.559291772673002785e-01,4.673263702664534058e-01,4.827224398731698174e-01,0.000000000000000000e+00,0.000000000000000000e+00,4.628864676727285077e-01,0.000000000000000000e+00,4.451638491721879864e-01
4.232420549559495759e-01,0.000000000000000000e+00,3.974388868307309752e-01,0.000000000000000000e+00,4.412224161629599850e-01,4.238301107605614848e-01,4.750612991673817120e-01,4.119096603572273141e-01,4.347332941923444105e-01,3.825267271385142109e-01,0.000000000000000000e+00,3.714648313413921876e-01,4.786113447104056173e-01,0.000000000000000000e+00,3.911840212555119933e-01,4.243835649013772970e-01,4.087403768124072134e-01,4.097127270235021990e-01,0.000000000000000000e+00,4.152084587871138210e-01,4.004599902276346768e-01,4.108440180011794229e-01,4.005516661975023762e-01,4.049129270197279196e-01,3.898100513417717128e-01,4.015685512892261944e-01,4.212949699370884260e-01,4.540423807163213032e-01,4.333017053001966823e-01,0.000000000000000000e+00,4.219975589765492807e-01,4.549910043170425911e-01,3.696523810400729193e-01,4.134261831885521765e-01,4.612953871757667912e-01,0.000000000000000000e+00,5.289428345873768977e-01,0.000000000000000000e+00,4.808905061185106966e-01,4.714800228976632757e-01,4.623496557922897043e-01,4.825708606631207154e-01,0.000000000000000000e+00,0.000000000000000000e+00,0.000000000000000000e+00,4.818077369981970115e-01,4.877679105176225827e-01,0.000000000000000000e+00,0.000000000000000000e+00,0.000000000000000000e+00,4.612566872560299736e-01,4.755089235795060820e-01,5.118574818436529839e-01,0.000000000000000000e+00,4.527752913240790100e-01,0.000000000000000000e+00,4.650386665168287914e-01,4.671204424511120057e-01,0.000000000000000000e+00,4.765466465073164848e-01,4.776375787274130813e-01,4.545130404563280102e-01,4.674676358830834877e-01,0.000000000000000000e+00,4.428567973704573002e-01,4.916191978911980121e-01,4.560156822212723116e-01,4.657105831505904958e-01,4.763142381361377131e-01,4.802420219203176188e-01,5.070135665964548011e-01,4.526873958523888186e-01,4.292982871824572166e-01,4.654921919745094727e-01,0.000000000000000000e+00,4.581178076690208267e-01
0.000000000000000000e+00,3.974388868307309752e-01,0.000000000000000000e+00,4.494684766713926138e-01,4.164107212450857132e-01,4.065393753930485188e-01,4.527582917572313126e-01,4.768497712585724191e-01,3.591019088891596045e-01,4.873759245421246944e-01,3.305758342261717053e-01,4.850239928525488797e-01,4.647756881361980730e-01,4.374897895179212237e-01,3.949262934792786006e-01,0.000000000000000000e+00,4.991042586016433136e-01,4.874042375707268726e-01,2.873041543834076728e-01,3.981826714477894047e-01,3.831640245918320198e-01,4.084276769740615154e-01,2.926824823830381783e-01,4.830650473997991079e-01,4.783859862871747137e-01,4.591574686553466234e-01,3.533145447055506816e-01,4.661254589127997727e-01,4.003891895496987097e-01,4.463320172087072990e-01,4.785819873332344265e-01,4.565630294465484740e-01,4.554323164942236102e-01,4.881612395571601759e-01,4.954785840772079064e-01,4.315419132671444169e-01,4.696941279699464178e-01,4.822762970820589912e-01,5.209762801684878486e-01,4.235932528972625732e-01,5.392321739290885096e-01,5.296697694898813147e-01,5.170994913392156223e-01,0.000000000000000000e+00,0.000000000000000000e+00,0.000000000000000000e+00,0.000000000000000000e+00,3.155055257223703946e-01,0.000000000000000000e+00,5.629872204362313948e-01,5.602741167096575436e-01,5.722478010190943376e-01,5.479561362732850993e-01,5.829598944264379190e-01,0.000000000000000000e+00,4.091368197555493857e-01,0.000000000000000000e+00,5.302671556413804943e-01,5.371418251436494984e-01,0.000000000000000000e+00,0.000000000000000000e+00,0.000000000000000000e+00,0.000000000000000000e+00,2.822581892524428926e-01,0.000000000000000000e+00,0.000000000000000000e+00,0.000000000000000000e+00,5.692468176677664138e-01,0.000000000000000000e+00,0.000000000000000000e+00,5.548432843914337109e-01,5.440939488612750452e-01,5.168444179107554159e-01,5.019713409856590980e-01,0.000000000000000000e+00,5.288567277124116561e-01
0.000000000000000000e+00,0.000000000000000000e+00,4.494684766713926138e-01,0.000000000000000000e+00,3.122105271204000942e-01,0.000000000000000000e+00,3.098843968428414142e-01,4.562130240880932774e-01,4.789106617279749734e-01,0.000000000000000000e+00,4.048623784500712808e-01,0.000000000000000000e+00,3.732068495954395937e-01,3.611693544978333836e-01,0.000000000000000000e+00,0.000000000000000000e+00,0.000000000000000000e+00,0.000000000000000000e+00,4.668468939185709266e-01,0.000000000000000000e+00,0.000000000000000000e+00,0.000000000000000000e+00,4.449186185162928853e-01,0.000000000000000000e+00,0.000000000000000000e+00,0.000000000000000000e+00,4.597891245118849168e-01,3.130938463221660806e-01,0.000000000000000000e+00,0.000000000000000000e+00,0.000000000000000000e+00,3.567434316980921949e-01,3.661467730998992920e-01,3.961145661275314867e-01,4.086847901344298761e-01,3.154474031621841146e-01,2.177334178044763868e-01,0.000000000000000000e+00,0.000000000000000000e+00,0.000000000000000000e+00,0.000000000000000000e+00,0.000000000000000000e+00,0.000000000000000000e+00,0.000000000000000000e+00,0.000000000000000000e+00,0.000000000000000000e+00,0.000000000000000000e+00,0.000000000000000000e+00,0.000000000000000000e+00,0.000000000000000000e+00,0.000000000000000000e+00,0.000000000000000000e+00,0.000000000000000000e+00,0.000000000000000000e+00,0.000000000000000000e+00,0.000000000000000000e+00,0.000000000000000000e+00,0.000000000000000000e+00,0.000000000000000000e+00,0.000000000000000000e+00,0.000000000000000000e+00,0.000000000000000000e+00,0.000000000000000000e+00,0.000000000000000000e+00,0.000000000000000000e+00,0.000000000000000000e+00,0.000000000000000000e+00,0.000000000000000000e+00,0.000000000000000000e+00,0.000000000000000000e+00,0.000000000000000000e+00,0.000000000000000000e+00,0.000000000000000000e+00,0.000000000000000000e+00,0.000000000000000000e+00,0.000000000000000000e+00
0.000000000000000000e+00,4.412224161629599850e-01,4.164107212450857132e-01,3.122105271204000942e-01,0.000000000000000000e+00,4.031137630316941056e-01,3.898047228674226261e-01,4.295000136363862908e-01,3.730045018627197728e-01,4.836798807094848107e-01,3.735270027619140842e-01,4.856102444891555181e-01,4.336352720026591112e-01,3.394562356855567731e-01,3.821602955270895774e-01,4.701440021931448943e-01,4.887077276906385825e-01,4.852264940553637773e-01,4.197640322998105744e-01,4.379632223531461088e-01,4.128580370830827739e-01,4.586396199230527992e-01,4.188752591863462160e-01,4.845832360840994224e-01,4.680573245432472218e-01,4.742069345263589253e-01,4.154394585989599209e-01,4.271857920559414823e-01,4.235982803457102874e-01,4.255603454459597201e-01,4.828038598534554748e-01,4.292504507853110995e-01,4.393113204156071094e-01,4.703448996590456899e-01,4.609834293431092078e-01,3.329922071027024977e-01,3.354581215249982096e-01,4.355203517253518064e-01,4.851127325493052034e-01,0.000000000000000000e+00,5.126054731034820344e-01,5.146520596112972301e-01,4.577129887098743133e-01,0.000000000000000000e+00,0.000000000000000000e+00,0.000000000000000000e+00,0.000000000000000000e+00,5.600812966705194240e-01,0.000000000000000000e+00,5.538963257568163545e-01,5.393953519986594003e-01,5.562780556702983104e-01,5.091303749712696725e-01,5.640604569413478764e-01,0.000000000000000000e+00,4.930250644371967916e-01,0.000000000000000000e+00,5.065464804831850687e-01,0.000000000000000000e+00,4.135338432501516892e-01,0.000000000000000000e+00,0.000000000000000000e+00,0.000000000000000000e+00,5.483405155603666703e-01,4.336410732526119749e-01,0.000000000000000000e+00,4.254666508396424129e-01,5.391749580001464759e-01,0.000000000000000000e+00,0.000000000000000000e+00,4.895369133758656899e-01,5.229639039245503884e-01,4.944834832193453211e-01,4.772740636259342750e-01,0.000000000000000000e+00,4.952870019017863723e-01
4.322378985610638158e-01,4.238301107605614848e-01,4.065393753930485188e-01,0.000000000000000000e+00,4.031137630316941056e-01,0.000000000000000000e+00,4.251466714971944838e-01,4.103538530934480177e-01,3.607230109764317794e-01,4.757673421628568766e-01,3.992417077436443140e-01,4.697111121955271917e-01,4.044636737139247762e-01,4.339685862239235914e-01,3.717958641233994888e-01,4.482830645549765736e-01,4.706699266460406261e-01,4.457186670919774940e-01,4.036549664499209933e-01,4.076806247631720725e-01,3.711051954956787191e-01,4.235828656010248161e-01,4.116991388527848073e-01,4.665482088264943927e-01,4.326008474170808249e-01,4.121113471776748916e-01,3.852471258004994126e-01,4.004494717231718015e-01,3.393317151372527984e-01,4.089240717791686186e-01,4.248031563531117216e-01,4.141992050939162229e-01,3.651533742184286946e-01,4.492883314859892896e-01,4.479546734133101893e-01,4.391326662078112175e-01,4.598861115453313220e-01,0.000000000000000000e+00,4.487517306647679227e-01,3.702622476681873831e-01,4.845525737961708934e-01,4.661677012276593257e-01,4.677305866610679819e-01,4.371906133498871805e-01,0.000000000000000000e+00,0.000000000000000000e+00,4.440963025279214271e-01,5.553713361722232289e-01,0.000000000000000000e+00,5.268473361412111533e-01,5.026708780852769953e-01,5.096760842182644913e-01,4.692380860632904827e-01,5.567594913173494753e-01,5.017186191227255287e-01,5.270483478143670464e-01,4.260038857124137102e-01,4.742268977981116129e-01,0.000000000000000000e+00,4.116095326725783266e-01,4.488331545594876903e-01,0.000000000000000000e+00,0.000000000000000000e+00,5.498015843271747416e-01,4.234837201174740939e-01,4.162989044742553268e-01,4.184405830960831185e-01,5.006210923875507035e-01,0.000000000000000000e+00,0.000000000000000000e+00,4.526789361167269932e-01,4.852749283713064243e-01,4.589587895200755163e-01,4.550784698197455902e-01,4.285633841276569878e-01,4.709150701060466071e-01
4.826668884618809940e-01,4.750612991673817120e-01,4.527582917572313126e-01,3.098843968428414142e-01,3.898047228674226261e-01,4.251466714971944838e-01,0.000000000000000000e+00,4.607465094638074077e-01,4.206054000942294757e-01,4.751978172862442729e-01,4.713514505233267204e-01,4.537836374783151272e-01,3.644134236384736769e-01,3.764690756573965125e-01,4.104626561696658182e-01,5.030498122439281961e-01,4.754979748893767844e-01,4.790043117105672876e-01,4.746796492620313779e-01,4.671500871087643780e-01,4.325208519892044245e-01,4.910450788002559963e-01,4.378040368746259903e-01,4.478055929853880790e-01,4.722341781585939757e-01,4.667494925271855055e-01,4.354411303152407875e-01,4.166993078839636988e-01,4.462936498976314836e-01,4.398143774389918215e-01,4.785778188277429734e-01,4.564649385900839129e-01,4.285498577976015189e-01,4.535335770610178785e-01,4.650843284625790774e-01,4.170740154757551221e-01,4.408639802323314205e-01,4.331312946253613183e-01,4.689754126945998025e-01,0.000000000000000000e+00,4.977834072482155148e-01,4.952470063073762252e-01,4.793304623058687874e-01,0.000000000000000000e+00,0.000000000000000000e+00,0.000000000000000000e+00,4.879845202821608829e-01,5.737855118627086526e-01,0.000000000000000000e+00,5.556513750014268060e-01,5.123118111322779722e-01,5.210169546364622484e-01,5.008071863498081422e-01,5.731502624041822092e-01,0.000000000000000000e+00,5.438870909444828428e-01,0.000000000000000000e+00,4.824188439745992762e-01,0.000000000000000000e+00,4.423343402947971792e-01,0.000000000000000000e+00,0.000000000000000000e+00,0.000000000000000000e+00,5.511723951171895175e-01,4.550212134085807048e-01,4.450618568307130873e-01,4.434156959730088943e-01,5.120086598060541450e-01,0.000000000000000000e+00,0.000000000000000000e+00,4.927884521147413155e-01,4.993049535264568184e-01,4.753065301936897913e-01,4.674240137800501071e-01,4.286781971354676202e-01,4.844688992413941908e-01
5.266179208926464739e-01,4.119096603572273141e-01,4.768497712585724191e-01,4.562130240880932774e-01,4.295000136363862908e-01,4.103538530934480177e-01,4.607465094638074077e-01,0.000000000000000000e+00,5.075279213962718972e-01,4.996349044920794791e-01,3.969950998300573741e-01,0.000000000000000000e+00,4.602327954159197154e-01,4.159153534640951944e-01,3.806060830099289860e-01,4.535117760732724768e-01,0.000000000000000000e+00,5.039045703319601222e-01,4.814147336092122198e-01,3.849773739894999935e-01,4.234140822170970875e-01,4.026583864263980073e-01,3.758509413928695087e-01,5.358180013603055514e-01,4.938385290421942186e-01,4.883669594608400777e-01,4.350041452214262194e-01,4.391554541084617957e-01,3.825907732562174868e-01,4.184232416203055860e-01,4.411671474680932126e-01,4.320393517697265762e-01,3.935419768341872904e-01,4.779944739024665767e-01,4.930085973698014046e-01,3.911867878062179060e-01,4.158451648960809210e-01,0.000000000000000000e+00,4.115601545457266974e-01,4.424690817578645907e-01,4.304805565113546950e-01,0.000000000000000000e+00,4.558319171744713016e-01,0.000000000000000000e+00,0.000000000000000000e+00,4.935830714598393731e-01,4.989489043809838265e-01,5.721662124149493600e-01,0.000000000000000000e+00,5.503729358328296462e-01,4.820631502549799219e-01,4.987013163790440795e-01,4.651078146004551939e-01,5.745270467083912758e-01,0.000000000000000000e+00,4.978734372564210808e-01,0.000000000000000000e+00,4.434206458929648154e-01,5.088396765346268058e-01,4.624701520800738042e-01,4.931531772382583001e-01,0.000000000000000000e+00,0.000000000000000000e+00,5.456794945552474463e-01,4.429036003795852050e-01,4.514885444599175957e-01,4.595126640719371935e-01,4.961705013497009209e-01,0.000000000000000000e+00,0.000000000000000000e+00,5.055232681948211848e-01,4.864222805102039193e-01,4.211765870315674065e-01,4.233534286054599916e-01,0.000000000000000000e+00,4.215528830872288801e-01
0.000000000000000000e+00,4.347332941923444105e-01,3.591019088891596045e-01,4.789106617279749734e-01,3.730045018627197728e-01,3.607230109764317794e-01,4.206054000942294757e-01,5.075279213962718972e-01,0.000000000000000000e+00,5.076837127946403072e-01,3.548859528833370192e-01,5.000786860626079688e-01,4.307104055103440077e-01,4.675205090091167914e-01,3.767484191672861860e-01,4.795464701824813103e-01,5.091430971088207746e-01,5.046609020554796432e-01,3.355724338531679840e-01,4.122027986029220270e-01,3.991976196594885784e-01,4.376265444743321908e-01,4.216599399589838759e-01,4.964082068039983864e-01,4.961284868857033237e-01,4.909237912582337104e-01,3.937825766647560788e-01,4.836597868489441732e-01,3.979635338184496773e-01,4.530534289320438113e-01,4.984440395071110252e-01,4.826356076979900211e-01,4.675434493565298055e-01,5.127019419795191268e-01,5.167630700458125670e-01,4.696095781116703116e-01,4.891494589663530901e-01,4.800746293463832859e-01,5.251870683960658814e-01,0.000000000000000000e+00,5.516233811200396131e-01,5.427491513463670314e-01,5.341834045905360373e-01,0.000000000000000000e+00,0.000000000000000000e+00,0.000000000000000000e+00,0.000000000000000000e+00,5.564729434502283523e-01,0.000000000000000000e+00,5.718207847241389974e-01,5.673476966828564505e-01,5.778269330774989943e-01,5.702912216245155097e-01,5.937541918096551630e-01,0.000000000000000000e+00,5.595297984152890480e-01,0.000000000000000000e+00,5.366426297782627142e-01,5.546201873374670965e-01,4.163972136026304893e-01,0.000000000000000000e+00,0.000000000000000000e+00,0.000000000000000000e+00,5.800868148446666206e-01,4.478192860925080954e-01,0.000000000000000000e+00,4.268524729988860122e-01,5.765545822488831185e-01,0.000000000000000000e+00,0.000000000000000000e+00,5.265325364803206121e-01,5.677524061750239825e-01,5.239345725170345691e-01,4.859769108540556992e-01,0.000000000000000000e+00,5.245221049783842515e-01
4.303870037343234256e-01,3.825267271385142109e-01,4.873759245421246944e-01,0.000000000000000000e+00,4.836798807094848107e-01,4.757673421628568766e-01,4.751978172862442729e-01,4.996349044920794791e-01,5.076837127946403072e-01,0.000000000000000000e+00,5.080013766999655900e-01,3.188291058269512868e-01,4.720528839335634830e-01,2.279190660321880058e-01,0.000000000000000000e+00,3.929230440262608814e-01,3.325611845692160173e-01,3.667905807888666159e-01,5.043451325544023867e-01,4.212035410319002193e-01,5.113382905117501709e-01,4.284421619892149757e-01,4.676022540178532139e-01,3.268142415714426208e-01,3.466390508265400072e-01,3.433414027529672063e-01,4.724290799737959068e-01,4.824478031066405936e-01,4.506653778258751797e-01,4.647682839656944731e-01,3.768515658554609793e-01,3.699342252306578871e-01,3.297727308384154066e-01,3.396345413784838119e-01,3.695174793257671730e-01,3.751736310734908875e-01,2.970541521661175799e-01,3.049191787254663111e-01,0.000000000000000000e+00,5.009736009711094340e-01,4.851780869091006920e-01,5.207902636394705631e-01,0.000000000000000000e+00,0.000000000000000000e+00,4.330908735355540884e-01,4.118142382458411244e-01,4.264179295882140064e-01,0.000000000000000000e+00,0.000000000000000000e+00,0.000000000000000000e+00,5.129580773267301552e-01,0.000000000000000000e+00,0.000000000000000000e+00,0.000000000000000000e+00,4.935905792251287783e-01,5.250096226281975031e-01,4.918664381023726828e-01,0.000000000000000000e+00,0.000000000000000000e+00,0.000000000000000000e+00,4.424632664243474123e-01,4.973410730524727152e-01,4.809253600528020089e-01,0.000000000000000000e+00,0.000000000000000000e+00,0.000000000000000000e+00,0.000000000000000000e+00,5.186288003712744565e-01,4.372877753364998732e-01,4.930129196857684915e-01,5.050679073249909612e-01,5.086421822845419438e-01,0.000000000000000000e+00,0.000000000000000000e+00,0.000000000000000000e+00,4.634309535910725031e-01
4.760656495698987745e-01,0.000000000000000000e+00,3.305758342261717053e-01,4.048623784500712808e-01,3.735270027619140842e-01,3.992417077436443140e-01,4.713514505233267204e-01,3.969950998300573741e-01,3.548859528833370192e-01,5.080013766999655900e-01,0.000000000000000000e+00,5.069857235812458285e-01,4.890878548834268758e-01,3.254622810705096181e-01,0.000000000000000000e+00,0.000000000000000000e+00,5.052252007064427231e-01,5.124425069404739963e-01,2.929107484622732183e-01,0.000000000000000000e+00,0.000000000000000000e+00,0.000000000000000000e+00,3.221335270354219182e-01,4.898096702988393170e-01,5.031714662377356762e-01,4.936205685468130766e-01,4.077287472615642172e-01,5.003884411333179294e-01,4.920819402264982045e-01,4.862219899411585056e-01,5.167493035322323625e-01,4.447210232152684073e-01,4.972270334469662822e-01,5.138491234583777434e-01,5.153027801704707089e-01,3.359710616600894983e-01,3.668035213260373850e-01,4.890414162213889138e-01,4.855928540902038071e-01,0.000000000000000000e+00,5.482697463027397244e-01,0.000000000000000000e+00,4.789576015248201979e-01,0.000000000000000000e+00,0.000000000000000000e+00,0.000000000000000000e+00,0.000000000000000000e+00,3.844810685154191887e-01,0.000000000000000000e+00,5.312098232538099429e-01,5.512967028285105098e-01,5.560111670054181943e-01,5.228604229459693498e-01,5.654934925048344940e-01,0.000000000000000000e+00,3.787068524662033919e-01,0.000000000000000000e+00,5.125158430586945757e-01,4.820934546418148003e-01,0.000000000000000000e+00,0.000000000000000000e+00,0.000000000000000000e+00,0.000000000000000000e+00,3.879909659603690275e-01,0.000000000000000000e+00,0.000000000000000000e+00,0.000000000000000000e+00,5.592371336465903342e-01,0.000000000000000000e+00,0.000000000000000000e+00,0.000000000000000000e+00,5.474332146072526939e-01,5.063540892094764434e-01,4.727864237773223843e-01,0.000000000000000000e+00,5.340192349610938249e-01
4.173954574333114120e-01,3.714648313413921876e-01,4.850239928525488797e-01,0.000000000000000000e+00,4.856102444891555181e-01,4.697111121955271917e-01,4.537836374783151272e-01,0.000000000000000000e+00,5.000786860626079688e-01,3.188291058269512868e-01,5.069857235812458285e-01,0.000000000000000000e+00,4.651899080370748840e-01,0.000000000000000000e+00,0.000000000000000000e+00,0.000000000000000000e+00,3.755413612785238886e-01,3.761926500355248226e-01,4.845326780004475253e-01,0.000000000000000000e+00,5.169784214972339420e-01,0.000000000000000000e+00,4.880541711949316075e-01,3.111256402536323740e-01,3.635684799793654776e-01,3.039592324386857780e-01,4.606552502942781735e-01,4.503154276849086202e-01,0.000000000000000000e+00,3.979519605636597235e-01,3.981397733783813009e-01,3.242911849378700140e-01,3.280506956937975227e-01,3.044434298665205096e-01,3.709834040632555840e-01,3.325929583503874909e-01,3.292122183842828842e-01,3.078304687043265098e-01,5.259869679110564800e-01,5.029667348363831003e-01,4.580436119733529154e-01,0.000000000000000000e+00,0.000000000000000000e+00,0.000000000000000000e+00,4.660758266399516181e-01,3.949390053749083918e-01,0.000000000000000000e+00,0.000000000000000000e+00,0.000000000000000000e+00,0.000000000000000000e+00,0.000000000000000000e+00,0.000000000000000000e+00,0.000000000000000000e+00,0.000000000000000000e+00,4.889895940925106932e-01,0.000000000000000000e+00,4.921263185673968032e-01,0.000000000000000000e+00,0.000000000000000000e+00,0.000000000000000000e+00,4.452119364082852138e-01,4.937125182895941156e-01,4.797987197593898134e-01,0.000000000000000000e+00,0.000000000000000000e+00,0.000000000000000000e+00,0.000000000000000000e+00,0.000000000000000000e+00,4.218225113541287929e-01,4.976973211890811100e-01,4.901676348562110097e-01,0.000000000000000000e+00,0.000000000000000000e+00,0.000000000000000000e+00,0.000000000000000000e+00,0.000000000000000000e+00
4.777339942975036835e-01,4.786113447104056173e-01,4.647756881361980730e-01,3.732068495954395937e-01,4.336352720026591112e-01,4.044636737139247762e-01,3.644134236384736769e-01,4.602327954159197154e-01,4.307104055103440077e-01,4.720528839335634830e-01,4.890878548834268758e-01,4.651899080370748840e-01,0.000000000000000000e+00,3.994836531925726186e-01,4.019191629401004939e-01,4.984709182825439733e-01,4.628746265077592903e-01,4.678610104865464914e-01,4.834728413818222270e-01,4.574281284651259272e-01,4.287246118356827784e-01,4.889583430922564977e-01,4.368715076461668900e-01,4.535912958379378912e-01,4.596560694095908062e-01,4.556041434203210727e-01,4.382867298818272084e-01,3.984290987583276045e-01,4.172974616642580736e-01,4.198055987501211894e-01,4.593721858902125033e-01,4.594124774389973243e-01,4.366828412347730226e-01,4.575733425678097932e-01,4.739993131521406111e-01,4.431151931660521903e-01,4.576173361809385276e-01,4.396137666355832141e-01,4.656110982447170810e-01,0.000000000000000000e+00,4.845039030506654854e-01,4.831021327224673256e-01,4.817295111166408073e-01,0.000000000000000000e+00,0.000000000000000000e+00,0.000000000000000000e+00,4.930169810694993160e-01,5.259763077728477620e-01,0.000000000000000000e+00,5.200791766971702978e-01,5.011859353843544085e-01,5.062535463555768445e-01,4.868602554757980871e-01,5.622768995509714873e-01,0.000000000000000000e+00,5.242334282869921536e-01,0.000000000000000000e+00,4.809931297701628972e-01,0.000000000000000000e+00,4.392632498592847212e-01,4.918354643580977181e-01,0.000000000000000000e+00,0.000000000000000000e+00,5.481662437008801847e-01,4.508192922971097083e-01,4.612604748138930955e-01,4.488681580026224749e-01,5.007005674290507802e-01,0.000000000000000000e+00,0.000000000000000000e+00,5.031353184001698953e-01,4.914083497563153102e-01,4.700993062589077232e-01,4.739902506806685234e-01,4.566843953112040833e-01,4.801366969867629786e-01
5.082765166308870208e-01,0.000000000000000000e+00,4.374897895179212237e-01,3.611693544978333836e-01,3.394562356855567731e-01,4.339685862239235914e-01,3.764690756573965125e-01,4.159153534640951944e-01,4.675205090091167914e-01,2.279190660321880058e-01,3.254622810705096181e-01,0.000000000000000000e+00,3.994836531925726186e-01,0.000000000000000000e+00,0.000000000000000000e+00,0.000000000000000000e+00,0.000000000000000000e+00,0.000000000000000000e+00,4.220292110912037264e-01,0.000000000000000000e+00,4.597589645291986216e-01,0.000000000000000000e+00,4.189596705275210886e-01,0.000000000000000000e+00,0.000000000000000000e+00,4.734719765329079011e-01,4.553937734548407223e-01,3.715931600135216062e-01,0.000000000000000000e+00,0.000000000000000000e+00,4.785147206962203081e-01,2.606665760645169860e-01,0.000000000000000000e+00,4.701804810256958178e-01,0.000000000000000000e+00,2.512318734764295014e-01,1.947423778368443104e-01,0.000000000000000000e+00,0.000000000000000000e+00,0.000000000000000000e+00,0.000000000000000000e+00,0.000000000000000000e+00,4.507481954744625985e-01,0.000000000000000000e+00,0.000000000000000000e+00,0.000000000000000000e+00,0.000000000000000000e+00,5.463141306633346739e-01,0.000000000000000000e+00,4.911706965881110776e-01,5.206047064519511158e-01,5.425735652758711947e-01,5.023021890275840562e-01,5.564536427065749358e-01,0.000000000000000000e+00,4.607541280000421180e-01,0.000000000000000000e+00,0.000000000000000000e+00,0.000000000000000000e+00,0.000000000000000000e+00,0.000000000000000000e+00,0.000000000000000000e+00,0.000000000000000000e+00,5.232750852423273535e-01,0.000000000000000000e+00,0.000000000000000000e+00,0.000000000000000000e+00,5.172555047917803961e-01,0.000000000000000000e+00,0.000000000000000000e+00,0.000000000000000000e+00,5.055474098806129746e-01,0.000000000000000000e+00,0.000000000000000000e+00,0.000000000000000000e+00,0.000000000000000000e+00
3.963658511606498736e-01,3.911840212555119933e-01,3.949262934792786006e-01,0.000000000000000000e+00,3.821602955270895774e-01,3.717958641233994888e-01,4.104626561696658182e-01,3.806060830099289860e-01,3.767484191672861860e-01,0.000000000000000000e+00,0.000000000000000000e+00,0.000000000000000000e+00,4.019191629401004939e-01,0.000000000000000000e+00,0.000000000000000000e+00,4.121375987567393873e-01,0.000000000000000000e+00,4.096649067951009249e-01,0.000000000000000000e+00,3.302320756128325208e-01,3.342513733665622988e-01,3.441213341414602889e-01,3.653161793022041137e-01,4.633779514190359272e-01,3.885448258179532988e-01,3.668172781386940251e-01,3.829074729544524880e-01,3.662763591773691152e-01,3.442626838087072816e-01,3.276289968694164889e-01,3.808804767036502725e-01,3.731352517104573052e-01,3.236491256551322082e-01,3.901193514615131086e-01,4.143860336644978881e-01,4.519153436167975824e-01,0.000000000000000000e+00,5.255138128645727713e-01,4.125732946756880959e-01,3.993307842575450906e-01,4.135188117908362160e-01,4.412732953461114827e-01,0.000000000000000000e+00,0.000000000000000000e+00,0.000000000000000000e+00,4.387381600799115100e-01,4.593280059838263929e-01,0.000000000000000000e+00,0.000000000000000000e+00,0.000000000000000000e+00,4.164868665181845064e-01,4.311940423622497853e-01,4.300501303533419972e-01,0.000000000000000000e+00,0.000000000000000000e+00,0.000000000000000000e+00,0.000000000000000000e+00,4.143356098495107886e-01,0.000000000000000000e+00,4.264752743260292189e-01,4.463637361832181738e-01,0.000000000000000000e+00,0.000000000000000000e+00,0.000000000000000000e+00,4.125617490517649033e-01,4.090369306940415117e-01,4.245925185207040098e-01,4.215633108529264206e-01,0.000000000000000000e+00,4.227840915588813031e-01,4.812271129880412168e-01,4.267403442696814930e-01,3.869662368784925754e-01,4.072546580412665929e-01,4.419998811648532810e-01,4.150322209067889845e-01
4.245892148689249246e-01,4.243835649013772970e-01,0.000000000000000000e+00,0.000000000000000000e+00,4.701440021931448943e-01,4.482830645549765736e-01,5.030498122439281961e-01,4.535117760732724768e-01,4.795464701824813103e-01,3.929230440262608814e-01,0.000000000000000000e+00,0.000000000000000000e+00,4.984709182825439733e-01,0.000000000000000000e+00,4.121375987567393873e-01,0.000000000000000000e+00,3.886885198984826872e-01,3.737301006144311821e-01,0.000000000000000000e+00,3.996981608747222081e-01,4.215742010764108039e-01,3.858625005615303194e-01,4.230407825666678834e-01,3.965631849386949126e-01,4.083177902816539917e-01,4.321897646477010912e-01,4.355579648171161167e-01,4.618363404618813228e-01,4.373626772926259010e-01,4.363749716904474774e-01,3.953841887702431723e-01,4.725091460194129067e-01,3.882435282540699917e-01,4.176385922765956105e-01,4.640342553390652824e-01,0.000000000000000000e+00,0.000000000000000000e+00,0.000000000000000000e+00,4.690886794733595266e-01,4.697818136108958265e-01,4.544789340996306937e-01,4.839327022959906133e-01,0.000000000000000000e+00,0.000000000000000000e+00,0.000000000000000000e+00,4.876994609433408789e-01,4.845248917351253071e-01,0.000000000000000000e+00,0.000000000000000000e+00,0.000000000000000000e+00,4.589447488601343106e-01,0.000000000000000000e+00,0.000000000000000000e+00,0.000000000000000000e+00,0.000000000000000000e+00,0.000000000000000000e+00,4.988589202505497866e-01,4.883091368107200236e-01,0.000000000000000000e+00,4.497846165380959826e-01,4.720169011808029724e-01,4.727047278779122896e-01,4.762841251742859217e-01,0.000000000000000000e+00,4.302789882665778998e-01,4.618583886709957120e-01,4.459096144583958865e-01,4.531387536406670247e-01,4.982473492796126724e-01,4.762369990509289219e-01,4.971703999030966936e-01,4.462227321311343919e-01,4.408738948694356785e-01,4.664335400284977950e-01,0.000000000000000000e+00,4.495801619095275981e-01
4.193547666072844904e-01,4.087403768124072134e-01,4.991042586016433136e-01,0.000000000000000000e+00,4.887077276906385825e-01,4.706699266460406261e-01,4.754979748893767844e-01,0.000000000000000000e+00,5.091430971088207746e-01,3.325611845692160173e-01,5.052252007064427231e-01,3.755413612785238886e-01,4.628746265077592903e-01,0.000000000000000000e+00,0.000000000000000000e+00,3.886885198984826872e-01,0.000000000000000000e+00,3.471572720571219905e-01,5.067840674307388937e-01,4.211647710822470914e-01,4.968157644016674146e-01,4.200241420391466196e-01,4.752999368826669735e-01,3.585095537190928217e-01,3.778562788204388179e-01,3.697084353104657106e-01,4.547864576796831759e-01,4.631471274241167890e-01,4.444460955818930747e-01,0.000000000000000000e+00,3.833496875889368938e-01,4.685078513585829163e-01,3.596941404560796141e-01,4.002032853326495943e-01,4.337649079129823892e-01,0.000000000000000000e+00,0.000000000000000000e+00,3.569213746254947250e-01,0.000000000000000000e+00,4.839137940569456786e-01,4.670368688201180229e-01,0.000000000000000000e+00,0.000000000000000000e+00,0.000000000000000000e+00,0.000000000000000000e+00,0.000000000000000000e+00,5.274279117584228516e-01,0.000000000000000000e+00,0.000000000000000000e+00,0.000000000000000000e+00,0.000000000000000000e+00,0.000000000000000000e+00,0.000000000000000000e+00,0.000000000000000000e+00,4.948357592881850731e-01,0.000000000000000000e+00,4.966031407248532870e-01,0.000000000000000000e+00,0.000000000000000000e+00,0.000000000000000000e+00,4.442323059453691103e-01,4.896125215864379765e-01,4.698229821554816277e-01,0.000000000000000000e+00,0.000000000000000000e+00,0.000000000000000000e+00,0.000000000000000000e+00,0.000000000000000000e+00,4.484423588477227107e-01,4.907704459325438751e-01,5.055549423639615902e-01,0.000000000000000000e+00,0.000000000000000000e+00,0.000000000000000000e+00,0.000000000000000000e+00,0.000000000000000000e+00
4.067850992300611757e-01,4.097127270235021990e-01,4.874042375707268726e-01,0.000000000000000000e+00,4.852264940553637773e-01,4.457186670919774940e-01,4.790043117105672876e-01,5.039045703319601222e-01,5.046609020554796432e-01,3.667905807888666159e-01,5.124425069404739963e-01,3.761926500355248226e-01,4.678610104865464914e-01,0.000000000000000000e+00,4.096649067951009249e-01,3.737301006144311821e-01,3.471572720571219905e-01,0.000000000000000000e+00,5.000287666214523474e-01,4.284722250509478969e-01,4.283626439763826843e-01,4.120892655910258773e-01,4.360397939963571723e-01,3.611202805258305060e-01,3.705780072982248208e-01,3.935893491436512903e-01,4.387894367500009274e-01,4.616205711643421861e-01,4.554143019344782939e-01,0.000000000000000000e+00,3.961700332979181116e-01,4.663977844899296898e-01,3.579410882880024736e-01,4.047780587129645169e-01,4.480874696454613115e-01,0.000000000000000000e+00,0.000000000000000000e+00,3.286693448753543745e-01,4.708128886482473852e-01,4.661848739549782072e-01,4.590327080857223851e-01,4.757395944081164174e-01,0.000000000000000000e+00,0.000000000000000000e+00,0.000000000000000000e+00,4.372485469365999244e-01,4.575772544358993055e-01,0.000000000000000000e+00,0.000000000000000000e+00,0.000000000000000000e+00,0.000000000000000000e+00,0.000000000000000000e+00,0.000000000000000000e+00,0.000000000000000000e+00,4.735166459063516187e-01,0.000000000000000000e+00,4.714921275555229996e-01,0.000000000000000000e+00,0.000000000000000000e+00,4.476112629318287905e-01,4.636383508451080160e-01,4.817003563558848733e-01,4.774034831850820781e-01,0.000000000000000000e+00,0.000000000000000000e+00,0.000000000000000000e+00,4.313478270871226039e-01,4.259129855670186204e-01,4.457048689298748756e-01,4.781441940293894022e-01,4.944733715620651116e-01,4.510491778275090846e-01,0.000000000000000000e+00,4.688665919055726161e-01,0.000000000000000000e+00,4.666081118146382933e-01
0.000000000000000000e+00,0.000000000000000000e+00,2.873041543834076728e-01,4.668468939185709266e-01,4.197640322998105744e-01,4.036549664499209933e-01,4.746796492620313779e-01,4.814147336092122198e-01,3.355724338531679840e-01,5.043451325544023867e-01,2.929107484622732183e-01,4.845326780004475253e-01,4.834728413818222270e-01,4.220292110912037264e-01,0.000000000000000000e+00,0.000000000000000000e+00,5.067840674307388937e-01,5.000287666214523474e-01,0.000000000000000000e+00,0.000000000000000000e+00,4.007400170026264030e-01,0.000000000000000000e+00,2.859016276346827978e-01,0.000000000000000000e+00,4.930380771921519800e-01,4.892441160469536143e-01,3.832275475733036840e-01,4.938122124610407893e-01,0.000000000000000000e+00,4.737778772753615808e-01,5.124217553882318699e-01,4.746379606543715268e-01,5.023071171369467569e-01,5.110810390292890304e-01,5.036221176416102452e-01,4.220949699570559766e-01,4.787910785160598981e-01,4.801451767033225182e-01,5.227422258731584392e-01,0.000000000000000000e+00,5.517141937939991081e-01,0.000000000000000000e+00,5.075010343077522856e-01,0.000000000000000000e+00,0.000000000000000000e+00,0.000000000000000000e+00,0.000000000000000000e+00,3.873490309492307881e-01,0.000000000000000000e+00,5.487244286377228608e-01,5.678534000620052424e-01,5.796052125918044196e-01,5.588443669160455540e-01,5.803315575186099862e-01,0.000000000000000000e+00,4.141305560931637930e-01,0.000000000000000000e+00,5.357941161255382889e-01,5.572124323985540029e-01,0.000000000000000000e+00,0.000000000000000000e+00,0.000000000000000000e+00,0.000000000000000000e+00,5.650718386787166869e-01,0.000000000000000000e+00,0.000000000000000000e+00,0.000000000000000000e+00,5.700811432027035330e-01,0.000000000000000000e+00,0.000000000000000000e+00,0.000000000000000000e+00,5.685242209999699092e-01,5.167045318892283801e-01,4.992238237351789842e-01,0.000000000000000000e+00,5.447322585592785371e-01
4.168582172770807781e-01,4.152084587871138210e-01,3.981826714477894047e-01,0.000000000000000000e+00,4.379632223531461088e-01,4.076806247631720725e-01,4.671500871087643780e-01,3.849773739894999935e-01,4.122027986029220270e-01,4.212035410319002193e-01,0.000000000000000000e+00,0.000000000000000000e+00,4.574281284651259272e-01,0.000000000000000000e+00,3.302320756128325208e-01,3.996981608747222081e-01,4.211647710822470914e-01,4.284722250509478969e-01,0.000000000000000000e+00,0.000000000000000000e+00,3.635058793868886085e-01,3.833878691056876176e-01,3.444405450955166925e-01,4.674217440380529776e-01,4.172042989787833056e-01,4.082372894321634749e-01,3.747668115289665147e-01,4.038601937567931066e-01,3.629217964410225150e-01,3.707032054816157829e-01,3.904902862676329911e-01,4.163544962222681112e-01,3.436483230247434073e-01,4.273593596547730078e-01,4.586630704517907775e-01,4.878372042386630025e-01,4.614444414372693148e-01,0.000000000000000000e+00,4.120105663836439724e-01,3.851294426128731851e-01,4.157191225110331012e-01,4.322683795866055778e-01,0.000000000000000000e+00,0.000000000000000000e+00,0.000000000000000000e+00,0.000000000000000000e+00,4.397642932788887182e-01,0.000000000000000000e+00,0.000000000000000000e+00,0.000000000000000000e+00,4.217820173863063848e-01,4.419598904900053915e-01,4.230868716229707061e-01,0.000000000000000000e+00,0.000000000000000000e+00,0.000000000000000000e+00,0.000000000000000000e+00,4.291020417683070742e-01,0.000000000000000000e+00,4.091191804281570921e-01,4.448421911720534805e-01,0.000000000000000000e+00,0.000000000000000000e+00,0.000000000000000000e+00,4.194950770572664078e-01,3.932034848859453091e-01,4.136802367878951725e-01,4.279804764783802784e-01,0.000000000000000000e+00,4.221248524899400834e-01,4.576726445120042897e-01,4.304131334624434202e-01,4.127220975492217891e-01,4.111917779739929779e-01,4.354087600023163196e-01,4.109453844400561273e-01
4.678595435004673231e-01,4.004599902276346768e-01,3.831640245918320198e-01,0.000000000000000000e+00,4.128580370830827739e-01,3.711051954956787191e-01,4.325208519892044245e-01,4.234140822170970875e-01,3.991976196594885784e-01,5.113382905117501709e-01,0.000000000000000000e+00,5.169784214972339420e-01,4.287246118356827784e-01,4.597589645291986216e-01,3.342513733665622988e-01,4.215742010764108039e-01,4.968157644016674146e-01,4.283626439763826843e-01,4.007400170026264030e-01,3.635058793868886085e-01,0.000000000000000000e+00,3.797063108950021748e-01,3.756894664941993756e-01,5.124424808903024209e-01,4.346117261480362259e-01,4.186524494132397023e-01,3.820810596854117835e-01,3.917019033962482744e-01,3.519247332367970160e-01,3.832390325293977829e-01,3.891307755377205191e-01,3.793091958552953225e-01,3.252341099697724780e-01,4.079258309247866254e-01,4.311604510967900761e-01,4.365025681430835247e-01,4.926472008228302002e-01,0.000000000000000000e+00,4.426837264880165157e-01,4.344470695460451171e-01,4.324130683380396079e-01,4.829578699875849979e-01,0.000000000000000000e+00,0.000000000000000000e+00,0.000000000000000000e+00,4.073124726896654169e-01,4.979021016028215008e-01,0.000000000000000000e+00,0.000000000000000000e+00,0.000000000000000000e+00,4.252132710244894143e-01,4.468747134447663139e-01,4.296519332141501835e-01,0.000000000000000000e+00,0.000000000000000000e+00,0.000000000000000000e+00,0.000000000000000000e+00,4.197285679995650942e-01,0.000000000000000000e+00,4.376450079964678830e-01,4.803588676497657084e-01,0.000000000000000000e+00,0.000000000000000000e+00,0.000000000000000000e+00,4.339932237732065934e-01,3.910111031547380822e-01,4.421558946872027884e-01,4.326784668661027844e-01,0.000000000000000000e+00,4.592803953209829149e-01,5.111934854368224146e-01,4.407826491173815198e-01,3.942445464939174915e-01,4.135778290615496067e-01,3.810052921701089779e-01,4.193289190236045849e-01
