0.000000000000000000e+00,4.022192734495024236e-01,4.725077659219700799e-01,0.000000000000000000e+00,0.000000000000000000e+00,4.657124543802650951e-01,0.000000000000000000e+00,5.463347769821689237e-01,0.000000000000000000e+00,3.988620446545815268e-01,0.000000000000000000e+00,3.902532837900751783e-01,4.918700044731422749e-01,0.000000000000000000e+00,4.110552788864326179e-01,4.014372038613874261e-01,4.241560810827338934e-01,3.977777602348240849e-01,0.000000000000000000e+00,4.833590798038110981e-01,4.370637854294547875e-01,4.310274477566600204e-01,5.077140337889419763e-01,3.818751634628165248e-01,3.807320808322157135e-01,3.785309362922333887e-01,4.932165330561474881e-01,4.849075821689108889e-01,4.918714471393612064e-01,5.180015690130279626e-01,3.822996742422393734e-01,4.313747621988396896e-01,3.610109312630884748e-01,3.879373751431680062e-01,4.114551171926936757e-01,4.082749187946320135e-01,0.000000000000000000e+00,4.036253988742827814e-01,4.557655287011346257e-01,4.787104137766379219e-01,4.314935962436217132e-01,0.000000000000000000e+00,0.000000000000000000e+00,0.000000000000000000e+00,4.123950898647307794e-01,3.854382938103005918e-01,4.669256587263557745e-01,0.000000000000000000e+00,0.000000000000000000e+00,0.000000000000000000e+00,0.000000000000000000e+00,0.000000000000000000e+00,0.000000000000000000e+00,0.000000000000000000e+00,4.445340214533102796e-01,0.000000000000000000e+00,4.647648168523205725e-01,0.000000000000000000e+00,0.000000000000000000e+00,0.000000000000000000e+00,4.682393848041762063e-01,0.000000000000000000e+00,4.508424197189135896e-01,0.000000000000000000e+00,0.000000000000000000e+00,3.767146282708442873e-01,4.553759250429000871e-01,0.000000000000000000e+00,3.641926705568513944e-01,4.606104926126203258e-01,4.609380320418733912e-01,0.000000000000000000e+00,0.000000000000000000e+00,4.344277236897983174e-01,0.000000000000000000e+00,4.406085411347592240e-01
4.022192734495024236e-01,0.000000000000000000e+00,4.342868744214566923e-01,0.000000000000000000e+00,0.000000000000000000e+00,4.190286940816251859e-01,4.549429228345955867e-01,5.030799647821821985e-01,4.155842092390336084e-01,3.829069384943273868e-01,0.000000000000000000e+00,3.864499994853223264e-01,4.530390292565311117e-01,0.000000000000000000e+00,4.216741469026767941e-01,4.123734298212448079e-01,3.984448358001900226e-01,3.968892645532258734e-01,4.431468638931402859e-01,4.292045282387987881e-01,4.267913005651761127e-01,4.215391380782997910e-01,4.421279503434409897e-01,3.790742150696725932e-01,3.725954154498247739e-01,4.020602329149968734e-01,4.204427273432739254e-01,4.415989459599187761e-01,4.251212524018916916e-01,4.275172924882412739e-01,3.931421373741164071e-01,4.376595665216507225e-01,3.610122164546274992e-01,3.965109719126930221e-01,4.413426111215352776e-01,3.635714881619340755e-01,0.000000000000000000e+00,0.000000000000000000e+00,4.627817802416199222e-01,4.402704620884577147e-01,4.466789871870752160e-01,4.677095341641210879e-01,0.000000000000000000e+00,0.000000000000000000e+00,0.000000000000000000e+00,4.560882443509505779e-01,4.689828424039350074e-01,0.000000000000000000e+00,0.000000000000000000e+00,0.000000000000000000e+00,4.594262963183933235e-01,4.814040256585319089e-01,0.000000000000000000e+00,0.000000000000000000e+00,4.508932060578204060e-01,0.000000000000000000e+00,4.069341868999162837e-01,4.737672501562146810e-01,0.000000000000000000e+00,4.770792401609145195e-01,4.630150367261707256e-01,0.000000000000000000e+00,4.560225647175760177e-01,0.000000000000000000e+00,4.731273797986075835e-01,4.729391568120064893e-01,4.681941907060551133e-01,4.826438121579086915e-01,4.405922811751604162e-01,4.565674699584810203e-01,4.779060458085854779e-01,4.829894594121448836e-01,4.611905177929969124e-01,4.756593995244283724e-01,0.000000000000000000e+00,4.370203452284648904e-01
4.725077659219700799e-01,4.342868744214566923e-01,0.000000000000000000e+00,5.018391597260787318e-01,3.839616250296026823e-01,3.382428249823141164e-01,4.240829321168034793e-01,4.328038472819307203e-01,3.053425336659190137e-01,4.682019594020748188e-01,2.717112167469397099e-01,4.602972053398344809e-01,4.465852754266537161e-01,4.166008537490801245e-01,0.000000000000000000e+00,0.000000000000000000e+00,4.716279305301965263e-01,4.693729750226269259e-01,2.644279906106292155e-01,4.259540772495892247e-01,4.011543299688837272e-01,4.429694629881377743e-01,3.107770533538625757e-01,4.791732080207760092e-01,0.000000000000000000e+00,4.757764287419771199e-01,2.913977043163806790e-01,4.708309282268701157e-01,3.968039276733963949e-01,4.816858773417708184e-01,4.801185864289905236e-01,4.474849736336765083e-01,4.333578913991861792e-01,4.861518619584818124e-01,4.927333277064447903e-01,4.265455114108707146e-01,4.694656979244132833e-01,4.459485642027388175e-01,5.251587130434636208e-01,0.000000000000000000e+00,5.356226613068137965e-01,5.518886531001768736e-01,5.129827680080319974e-01,0.000000000000000000e+00,0.000000000000000000e+00,0.000000000000000000e+00,0.000000000000000000e+00,5.012767315296112747e-01,0.000000000000000000e+00,4.334428692171546915e-01,5.331898223778402945e-01,5.443953587647500925e-01,5.323212821339806666e-01,5.265566049440502105e-01,4.903659306706695808e-01,3.407674757284033795e-01,0.000000000000000000e+00,5.390964668737724397e-01,5.408558305407483724e-01,0.000000000000000000e+00,0.000000000000000000e+00,0.000000000000000000e+00,0.000000000000000000e+00,2.303787694074664882e-01,0.000000000000000000e+00,0.000000000000000000e+00,0.000000000000000000e+00,5.352219106860209852e-01,0.000000000000000000e+00,0.000000000000000000e+00,5.324293727894333639e-01,5.396075365143174762e-01,5.342042943418062739e-01,5.035983379316054664e-01,0.000000000000000000e+00,5.252914568092584835e-01
0.000000000000000000e+00,0.000000000000000000e+00,5.018391597260787318e-01,0.000000000000000000e+00,3.340681100668755898e-01,0.000000000000000000e+00,3.211492608054090092e-01,4.380431025921394106e-01,4.325046180376622140e-01,4.003973645909261747e-01,3.843993648227777005e-01,0.000000000000000000e+00,3.421002790482339795e-01,3.573169932715111186e-01,0.000000000000000000e+00,0.000000000000000000e+00,4.602166414260864258e-01,0.000000000000000000e+00,4.000133815869226783e-01,0.000000000000000000e+00,0.000000000000000000e+00,0.000000000000000000e+00,4.096981992411276030e-01,4.559276401996613104e-01,0.000000000000000000e+00,0.000000000000000000e+00,0.000000000000000000e+00,3.258273943198761180e-01,0.000000000000000000e+00,0.000000000000000000e+00,3.473620194647329962e-01,3.434053107478753919e-01,0.000000000000000000e+00,3.912918874763900989e-01,5.382964579665360239e-01,2.515007428018886104e-01,1.966813983607302030e-01,0.000000000000000000e+00,0.000000000000000000e+00,0.000000000000000000e+00,0.000000000000000000e+00,0.000000000000000000e+00,0.000000000000000000e+00,0.000000000000000000e+00,0.000000000000000000e+00,0.000000000000000000e+00,0.000000000000000000e+00,0.000000000000000000e+00,0.000000000000000000e+00,0.000000000000000000e+00,0.000000000000000000e+00,0.000000000000000000e+00,0.000000000000000000e+00,0.000000000000000000e+00,0.000000000000000000e+00,0.000000000000000000e+00,0.000000000000000000e+00,0.000000000000000000e+00,0.000000000000000000e+00,0.000000000000000000e+00,0.000000000000000000e+00,0.000000000000000000e+00,0.000000000000000000e+00,0.000000000000000000e+00,0.000000000000000000e+00,0.000000000000000000e+00,0.000000000000000000e+00,0.000000000000000000e+00,0.000000000000000000e+00,0.000000000000000000e+00,0.000000000000000000e+00,4.549708963400577733e-01,0.000000000000000000e+00,0.000000000000000000e+00,0.000000000000000000e+00,0.000000000000000000e+00
0.000000000000000000e+00,0.000000000000000000e+00,3.839616250296026823e-01,3.340681100668755898e-01,0.000000000000000000e+00,3.464895193849075739e-01,3.422326976516070207e-01,3.752669514411262064e-01,3.088905375928289176e-01,4.753277532049373089e-01,3.226335650209716799e-01,4.439223280110408121e-01,4.062013084539364827e-01,3.429290469287756826e-01,0.000000000000000000e+00,0.000000000000000000e+00,4.815302149247651098e-01,4.791439760732104092e-01,3.655698358447130869e-01,0.000000000000000000e+00,0.000000000000000000e+00,0.000000000000000000e+00,3.720226547824662111e-01,4.574577029300391229e-01,4.750882665549238104e-01,4.705859986662305205e-01,3.701681560173706864e-01,3.943177967370052883e-01,0.000000000000000000e+00,0.000000000000000000e+00,4.792442433464360052e-01,3.805714740897613857e-01,4.437327136751144097e-01,4.766203216852989977e-01,4.466587190886250891e-01,2.918619574631038938e-01,2.997236455098312158e-01,4.300061643507572251e-01,4.831036036455718108e-01,0.000000000000000000e+00,5.489264903880478608e-01,0.000000000000000000e+00,4.086610056098777810e-01,0.000000000000000000e+00,0.000000000000000000e+00,0.000000000000000000e+00,0.000000000000000000e+00,4.806645445657433124e-01,0.000000000000000000e+00,0.000000000000000000e+00,5.102101501974817266e-01,5.235180252567225301e-01,4.457853432854724240e-01,0.000000000000000000e+00,0.000000000000000000e+00,4.233454352813710853e-01,0.000000000000000000e+00,5.407851501388268867e-01,0.000000000000000000e+00,0.000000000000000000e+00,0.000000000000000000e+00,0.000000000000000000e+00,0.000000000000000000e+00,0.000000000000000000e+00,0.000000000000000000e+00,0.000000000000000000e+00,0.000000000000000000e+00,5.134119600028721475e-01,0.000000000000000000e+00,0.000000000000000000e+00,0.000000000000000000e+00,5.104305144392854432e-01,5.343757117283315372e-01,0.000000000000000000e+00,0.000000000000000000e+00,0.000000000000000000e+00
4.657124543802650951e-01,4.190286940816251859e-01,3.382428249823141164e-01,0.000000000000000000e+00,3.464895193849075739e-01,0.000000000000000000e+00,3.911236103761583927e-01,4.147266180652166012e-01,3.067942039829196776e-01,4.647442793696359153e-01,3.666178452281059763e-01,4.537389469184727742e-01,3.639070101967034065e-01,4.224101062952889118e-01,4.287396678415927864e-01,4.444381404156295123e-01,4.663479450020128758e-01,4.341060395154118789e-01,3.489696549552209204e-01,3.990307424071146136e-01,4.321029877290024079e-01,4.230128977660522760e-01,3.814270139837236950e-01,0.000000000000000000e+00,4.195467313455676917e-01,4.267430740987052107e-01,3.262573692216347854e-01,3.591843623633885763e-01,3.247105208767023243e-01,4.169122219702489085e-01,4.271794406069098771e-01,4.332464012288145261e-01,3.956836103266139770e-01,4.385295295115220759e-01,4.485240594302621897e-01,4.578426687247221794e-01,4.634149730075969864e-01,4.444411462424021075e-01,5.168890414747309148e-01,4.184272318782312761e-01,5.222691618682946402e-01,5.345027125640419152e-01,4.935594760377540191e-01,5.565392374992370605e-01,0.000000000000000000e+00,0.000000000000000000e+00,4.418269788455921887e-01,5.231172550830935908e-01,0.000000000000000000e+00,0.000000000000000000e+00,5.216031898884029294e-01,5.376139921596509996e-01,4.844093152944328184e-01,5.123684135158697028e-01,0.000000000000000000e+00,5.164485651426120594e-01,0.000000000000000000e+00,5.340687872948054471e-01,0.000000000000000000e+00,4.780863276436573828e-01,4.284522508940297736e-01,0.000000000000000000e+00,0.000000000000000000e+00,0.000000000000000000e+00,4.928639529518101803e-01,4.713213776196351068e-01,4.513172309551561900e-01,5.233932535137724162e-01,0.000000000000000000e+00,4.331157050892983085e-01,4.567053765212822913e-01,5.206932778599147049e-01,5.252245892515365888e-01,5.061257220608429419e-01,5.155441491135275278e-01,5.203468092714998994e-01
0.000000000000000000e+00,4.549429228345955867e-01,4.240829321168034793e-01,3.211492608054090092e-01,3.422326976516070207e-01,3.911236103761583927e-01,0.000000000000000000e+00,4.576044470428016209e-01,3.807804457480087890e-01,4.385583615629891074e-01,4.419928902051178943e-01,4.158534505423704952e-01,3.263162567414443771e-01,3.566843280683927864e-01,0.000000000000000000e+00,4.769081853112839275e-01,4.549479034253577914e-01,4.577420447203485177e-01,4.584937237985188263e-01,4.486352785304348889e-01,4.763861012440798737e-01,4.696590914235133085e-01,4.303528330369906230e-01,4.358301852327514103e-01,4.483203840337128265e-01,4.526644747613858821e-01,4.012901474793181267e-01,3.850200412618394186e-01,4.304436863250314937e-01,4.655097974537226180e-01,4.440201040093734175e-01,4.392683021204655813e-01,4.141525504697137205e-01,4.421205867003039081e-01,4.276164559648830132e-01,3.601428814232403020e-01,3.561108247925616199e-01,3.907367563875642213e-01,5.155245054500060542e-01,4.409009338012495061e-01,5.423167335190909322e-01,0.000000000000000000e+00,4.729903464704450222e-01,0.000000000000000000e+00,0.000000000000000000e+00,0.000000000000000000e+00,4.589024622015450139e-01,5.370028858356008516e-01,0.000000000000000000e+00,0.000000000000000000e+00,5.242685285028574338e-01,5.395839739192047624e-01,5.091569634646866405e-01,5.253313849411229697e-01,0.000000000000000000e+00,5.029301958422890406e-01,0.000000000000000000e+00,5.432872154593757497e-01,0.000000000000000000e+00,5.049004088796050782e-01,0.000000000000000000e+00,0.000000000000000000e+00,0.000000000000000000e+00,0.000000000000000000e+00,5.021061068848702291e-01,0.000000000000000000e+00,4.794304360717688840e-01,5.323963150648250986e-01,0.000000000000000000e+00,0.000000000000000000e+00,4.639150468972665919e-01,5.285103566620937832e-01,5.346827577678350263e-01,5.189981412170958652e-01,0.000000000000000000e+00,5.312394074567673430e-01
5.463347769821689237e-01,5.030799647821821985e-01,4.328038472819307203e-01,4.380431025921394106e-01,3.752669514411262064e-01,4.147266180652166012e-01,4.576044470428016209e-01,0.000000000000000000e+00,4.314614522353926174e-01,4.893685424505851977e-01,3.450188389516358201e-01,5.180369064716928706e-01,4.604250382919254925e-01,4.024867326528414058e-01,3.780260913443809212e-01,4.923143065929868056e-01,5.253838871753268025e-01,5.102677777940941573e-01,4.191844561360626997e-01,4.012963484059802743e-01,4.308339934262628845e-01,4.534630471806240237e-01,3.699322511840141825e-01,5.368777368005736017e-01,5.153637592971429537e-01,5.222263310244398271e-01,4.160501890949618864e-01,4.518816049699472814e-01,4.111045421109629783e-01,4.441410959654459867e-01,4.591367956834178088e-01,3.751881208262812240e-01,3.788473407598432763e-01,4.719102584174055814e-01,4.972772325353658207e-01,3.318760212367772855e-01,4.217674435096746000e-01,0.000000000000000000e+00,5.061651338341329742e-01,0.000000000000000000e+00,5.464767020019235533e-01,5.216661535893357682e-01,4.780145063915242076e-01,0.000000000000000000e+00,4.430263340473175049e-01,0.000000000000000000e+00,0.000000000000000000e+00,5.358431535973211535e-01,0.000000000000000000e+00,0.000000000000000000e+00,4.960919512827252076e-01,5.277568761160311706e-01,4.625419893308990171e-01,5.272306228831195041e-01,0.000000000000000000e+00,4.670785892186640753e-01,0.000000000000000000e+00,5.227365136120710742e-01,5.454988479614257812e-01,5.312566129942881687e-01,0.000000000000000000e+00,0.000000000000000000e+00,0.000000000000000000e+00,5.753339529037475586e-01,5.226315581894347417e-01,5.105134631954905133e-01,5.285822874982670783e-01,5.070310748329366346e-01,0.000000000000000000e+00,0.000000000000000000e+00,4.488020804738959146e-01,5.153543799560268424e-01,5.155514997011616529e-01,5.166870555196750869e-01,0.000000000000000000e+00,5.246992385044924045e-01
0.000000000000000000e+00,4.155842092390336084e-01,3.053425336659190137e-01,4.325046180376622140e-01,3.088905375928289176e-01,3.067942039829196776e-01,3.807804457480087890e-01,4.314614522353926174e-01,0.000000000000000000e+00,4.819036303138268251e-01,2.944143566364686992e-01,4.616490542613064241e-01,4.098289007693889929e-01,4.151611218318259078e-01,0.000000000000000000e+00,4.499395948532665113e-01,4.916078279090940195e-01,4.867815574093700137e-01,2.795701027297843866e-01,4.028973452600451144e-01,0.000000000000000000e+00,4.234255990398329006e-01,3.823955907851084857e-01,4.759001150730907126e-01,4.573292947694371779e-01,4.707117838443227731e-01,3.335117633405266790e-01,4.741930819704002764e-01,3.866747144218611876e-01,4.714517085106150196e-01,4.829419386236376011e-01,4.528326718179611077e-01,4.433230970845301044e-01,4.905248178867301911e-01,4.851717954499242258e-01,4.531765955869532236e-01,4.736518382347735812e-01,4.512260136995501769e-01,5.107993154207921549e-01,0.000000000000000000e+00,5.370830794576268996e-01,0.000000000000000000e+00,0.000000000000000000e+00,0.000000000000000000e+00,0.000000000000000000e+00,0.000000000000000000e+00,4.391795394348259052e-01,4.844113174147752221e-01,0.000000000000000000e+00,0.000000000000000000e+00,5.225426246113988871e-01,5.368213910078328821e-01,5.049560883396573274e-01,5.228202747862062960e-01,0.000000000000000000e+00,3.805594145990401911e-01,0.000000000000000000e+00,5.427903331060639491e-01,0.000000000000000000e+00,0.000000000000000000e+00,0.000000000000000000e+00,0.000000000000000000e+00,0.000000000000000000e+00,0.000000000000000000e+00,4.875172439449660944e-01,0.000000000000000000e+00,0.000000000000000000e+00,5.274023322605353448e-01,0.000000000000000000e+00,0.000000000000000000e+00,4.762055575289437792e-01,5.302754066638571961e-01,5.300048484323902631e-01,5.005890526498470994e-01,0.000000000000000000e+00,5.348524550695347157e-01
3.988620446545815268e-01,3.829069384943273868e-01,4.682019594020748188e-01,4.003973645909261747e-01,4.753277532049373089e-01,4.647442793696359153e-01,4.385583615629891074e-01,4.893685424505851977e-01,4.819036303138268251e-01,0.000000000000000000e+00,4.756647260518940823e-01,2.823236487595668920e-01,4.294980225788261885e-01,4.278518405705327154e-01,0.000000000000000000e+00,3.794325398079393952e-01,3.356745927215559755e-01,3.477751025023733122e-01,4.863263208665893900e-01,4.068436930576340149e-01,4.855680597971427925e-01,4.057219219876359029e-01,4.622777456985082134e-01,3.030002304061281126e-01,3.044589271972590883e-01,2.952816264647060152e-01,4.541119649596532248e-01,4.107639163077588251e-01,4.357900358286286857e-01,3.877715980774669724e-01,3.531594039093141069e-01,3.637049272144818879e-01,3.155479512122743024e-01,3.279785347376520943e-01,3.140573806327074946e-01,4.041549402028378202e-01,2.746776923311650132e-01,3.075492283284074202e-01,3.237628124150058184e-01,4.316048608686032795e-01,4.099177218450025806e-01,0.000000000000000000e+00,3.465159118625472101e-01,0.000000000000000000e+00,3.711697383131902228e-01,4.307181944572037735e-01,4.276467851449780033e-01,0.000000000000000000e+00,0.000000000000000000e+00,0.000000000000000000e+00,0.000000000000000000e+00,4.503292896352701913e-01,0.000000000000000000e+00,0.000000000000000000e+00,4.580051110714086215e-01,0.000000000000000000e+00,4.505718964318682906e-01,4.691230603189476267e-01,0.000000000000000000e+00,0.000000000000000000e+00,4.695251549973455951e-01,4.793750364995720270e-01,4.699201658048315910e-01,0.000000000000000000e+00,0.000000000000000000e+00,0.000000000000000000e+00,0.000000000000000000e+00,5.014789583916683391e-01,4.181814101005387196e-01,4.711375804770325804e-01,4.718189301769766808e-01,5.062893588155918945e-01,4.599877423588074055e-01,0.000000000000000000e+00,0.000000000000000000e+00,4.734257550420640226e-01
0.000000000000000000e+00,0.000000000000000000e+00,2.717112167469397099e-01,3.843993648227777005e-01,3.226335650209716799e-01,3.666178452281059763e-01,4.419928902051178943e-01,3.450188389516358201e-01,2.944143566364686992e-01,4.756647260518940823e-01,0.000000000000000000e+00,4.534379299148936782e-01,4.690921243634936233e-01,3.244633719402362226e-01,0.000000000000000000e+00,4.852897363247125062e-01,4.854961291998540762e-01,4.839499011254225769e-01,2.589676323250577061e-01,0.000000000000000000e+00,4.577484555407070888e-01,4.929669340990249782e-01,3.092881998747628036e-01,4.597933462474185218e-01,4.828239405546673191e-01,4.777737833104198084e-01,3.255464491085497958e-01,4.730685203707047926e-01,0.000000000000000000e+00,4.649944548955913248e-01,4.827375343321156920e-01,3.743492995288265068e-01,4.205490458683803223e-01,4.782328229661301777e-01,4.637307326821695219e-01,3.120507317532630887e-01,4.507615318466838272e-01,4.458509559029619207e-01,4.409396364550062231e-01,0.000000000000000000e+00,5.033232236179401298e-01,0.000000000000000000e+00,4.015687695436456761e-01,0.000000000000000000e+00,0.000000000000000000e+00,0.000000000000000000e+00,0.000000000000000000e+00,2.089349394139164984e-01,0.000000000000000000e+00,3.943085991003145163e-01,4.843719417085987078e-01,4.980749570886897071e-01,4.518538814891743804e-01,3.610303157507551153e-01,0.000000000000000000e+00,2.225706035257332127e-01,0.000000000000000000e+00,4.962891809371077212e-01,4.635814428329467773e-01,4.257823615693718811e-01,0.000000000000000000e+00,0.000000000000000000e+00,0.000000000000000000e+00,2.169092383518045064e-01,3.902932672547718140e-01,0.000000000000000000e+00,3.789230666737853914e-01,4.703780416028180977e-01,4.349253773689270020e-01,0.000000000000000000e+00,0.000000000000000000e+00,4.809123219961053963e-01,4.889613364704262222e-01,4.257064854381563124e-01,0.000000000000000000e+00,5.090017381902638416e-01
3.902532837900751783e-01,3.864499994853223264e-01,4.602972053398344809e-01,0.000000000000000000e+00,4.439223280110408121e-01,4.537389469184727742e-01,4.158534505423704952e-01,5.180369064716928706e-01,4.616490542613064241e-01,2.823236487595668920e-01,4.534379299148936782e-01,0.000000000000000000e+00,4.137323328294882918e-01,0.000000000000000000e+00,4.302888470590788828e-01,3.875055432076279227e-01,3.777206097085297198e-01,3.628423892992443944e-01,4.617883165676717194e-01,4.211229497525004195e-01,4.852065505099587006e-01,0.000000000000000000e+00,5.081784462534391089e-01,2.603779123252429883e-01,3.327786093785555788e-01,2.881045636543286825e-01,4.373778898046897790e-01,3.907831113962396130e-01,4.205252551063001221e-01,0.000000000000000000e+00,3.560537077132522876e-01,2.785924854071791246e-01,2.680304195191350880e-01,2.762179557459878976e-01,2.755438002090995764e-01,3.191953624596445271e-01,2.687340434192200811e-01,2.359475310521521041e-01,2.743524923837341034e-01,4.100864845864666264e-01,3.488672776619055060e-01,3.604884111411956749e-01,3.200917212788225164e-01,2.742135997355614196e-01,3.288495607519832942e-01,4.144531417170099208e-01,0.000000000000000000e+00,0.000000000000000000e+00,0.000000000000000000e+00,0.000000000000000000e+00,0.000000000000000000e+00,0.000000000000000000e+00,0.000000000000000000e+00,0.000000000000000000e+00,4.475183374776072198e-01,0.000000000000000000e+00,4.346840223581726059e-01,4.652977590643533889e-01,0.000000000000000000e+00,0.000000000000000000e+00,4.775506235932637233e-01,4.698186233084050145e-01,4.585187524128360170e-01,0.000000000000000000e+00,0.000000000000000000e+00,0.000000000000000000e+00,0.000000000000000000e+00,0.000000000000000000e+00,3.926975921528900182e-01,4.588349279387021751e-01,4.607173136103784872e-01,0.000000000000000000e+00,4.574573043667697902e-01,0.000000000000000000e+00,0.000000000000000000e+00,4.509590709281212084e-01
4.918700044731422749e-01,4.530390292565311117e-01,4.465852754266537161e-01,3.421002790482339795e-01,4.062013084539364827e-01,3.639070101967034065e-01,3.263162567414443771e-01,4.604250382919254925e-01,4.098289007693889929e-01,4.294980225788261885e-01,4.690921243634936233e-01,4.137323328294882918e-01,0.000000000000000000e+00,3.921083664614847253e-01,4.495161195473608151e-01,4.685327962332481166e-01,4.499446621513238931e-01,4.495750164810610183e-01,4.704110129609335167e-01,4.381334028041731221e-01,4.711925700830604802e-01,4.678332389433279004e-01,4.363472507930353794e-01,4.203439458416681207e-01,4.433170897456291115e-01,4.426469345476473083e-01,4.036492103134264875e-01,3.573087037650873876e-01,3.931642495658808079e-01,4.479743677509180899e-01,4.104125695037009747e-01,4.458846159246875884e-01,4.178318076726821872e-01,4.273085925871810131e-01,4.458366193530070021e-01,3.949580694558971206e-01,3.842030996974630797e-01,3.957101477043658000e-01,5.200031442434021045e-01,4.380337442944405857e-01,5.309235492914491372e-01,5.419953503157471930e-01,4.894850753524372933e-01,0.000000000000000000e+00,0.000000000000000000e+00,0.000000000000000000e+00,4.576752868857538181e-01,5.321521897127097223e-01,0.000000000000000000e+00,0.000000000000000000e+00,5.242438740119842455e-01,5.411007988988121298e-01,5.029301907601174682e-01,5.283610083691003823e-01,0.000000000000000000e+00,5.034047867149287203e-01,0.000000000000000000e+00,5.432824930158587362e-01,0.000000000000000000e+00,5.074389618856078865e-01,4.547232837469892264e-01,0.000000000000000000e+00,0.000000000000000000e+00,0.000000000000000000e+00,5.092410868933460177e-01,5.046735093665477567e-01,4.835387757016503252e-01,5.307666308984055892e-01,0.000000000000000000e+00,4.555701107065072142e-01,4.702680798316208888e-01,5.270411600170504807e-01,5.302700058692543239e-01,5.151381066520097640e-01,5.266989035326798962e-01,5.244245192580095916e-01
0.000000000000000000e+00,0.000000000000000000e+00,4.166008537490801245e-01,3.573169932715111186e-01,3.429290469287756826e-01,4.224101062952889118e-01,3.566843280683927864e-01,4.024867326528414058e-01,4.151611218318259078e-01,4.278518405705327154e-01,3.244633719402362226e-01,0.000000000000000000e+00,3.921083664614847253e-01,0.000000000000000000e+00,0.000000000000000000e+00,0.000000000000000000e+00,0.000000000000000000e+00,0.000000000000000000e+00,3.669776820374138215e-01,5.326493510706354906e-01,5.281956710071643579e-01,0.000000000000000000e+00,3.808893912648612101e-01,5.294388156801366208e-01,0.000000000000000000e+00,5.129380843976857340e-01,4.655719612112403927e-01,3.726560407561322896e-01,0.000000000000000000e+00,0.000000000000000000e+00,5.093159504459047193e-01,3.310365132895854989e-01,3.017943596595721867e-01,4.680336567893991773e-01,6.225309090748075702e-01,2.793975120259841183e-01,2.348282155287491069e-01,0.000000000000000000e+00,4.471694606576658848e-01,0.000000000000000000e+00,0.000000000000000000e+00,0.000000000000000000e+00,4.327009799878909768e-01,0.000000000000000000e+00,0.000000000000000000e+00,0.000000000000000000e+00,0.000000000000000000e+00,4.915739595890045166e-01,0.000000000000000000e+00,0.000000000000000000e+00,4.857655157147280911e-01,5.106385743562552593e-01,4.933948571149004980e-01,0.000000000000000000e+00,0.000000000000000000e+00,4.513030964269141854e-01,0.000000000000000000e+00,0.000000000000000000e+00,4.865824897390875758e-01,4.892349619222567947e-01,0.000000000000000000e+00,0.000000000000000000e+00,0.000000000000000000e+00,0.000000000000000000e+00,4.893864722113390187e-01,0.000000000000000000e+00,0.000000000000000000e+00,4.909532898054640992e-01,0.000000000000000000e+00,0.000000000000000000e+00,0.000000000000000000e+00,5.039433903282493077e-01,5.063051091995437458e-01,4.760341058349932264e-01,0.000000000000000000e+00,0.000000000000000000e+00
4.110552788864326179e-01,4.216741469026767941e-01,0.000000000000000000e+00,0.000000000000000000e+00,0.000000000000000000e+00,4.287396678415927864e-01,0.000000000000000000e+00,3.780260913443809212e-01,0.000000000000000000e+00,0.000000000000000000e+00,0.000000000000000000e+00,4.302888470590788828e-01,4.495161195473608151e-01,0.000000000000000000e+00,0.000000000000000000e+00,4.271575306987588916e-01,4.287014593042273725e-01,4.218316379921420167e-01,0.000000000000000000e+00,3.300503350859516072e-01,4.010970368682044151e-01,3.868398077935595869e-01,3.546250254683068204e-01,4.690187248956899091e-01,4.046558635892327227e-01,4.090314751813651228e-01,3.428130123602227131e-01,4.252016888819735163e-01,4.100356292375360034e-01,4.142651831716673838e-01,4.313634712391227199e-01,4.532147417547172097e-01,4.028636856168393843e-01,4.463966459169794176e-01,4.876002628713934084e-01,3.754898401098137883e-01,0.000000000000000000e+00,4.228210915389729041e-01,4.875761011556554170e-01,4.553580782854397269e-01,4.768463223027530895e-01,5.036679957970101595e-01,0.000000000000000000e+00,0.000000000000000000e+00,4.351408646598449170e-01,4.598956406116486151e-01,4.807564179823016759e-01,0.000000000000000000e+00,0.000000000000000000e+00,0.000000000000000000e+00,4.771613115640814251e-01,4.939089423750714913e-01,5.291283896285499111e-01,0.000000000000000000e+00,0.000000000000000000e+00,0.000000000000000000e+00,0.000000000000000000e+00,4.896982764483572836e-01,0.000000000000000000e+00,5.052867792878347197e-01,4.713375698244742229e-01,0.000000000000000000e+00,4.510790942582735830e-01,0.000000000000000000e+00,4.954434589013976264e-01,4.908840950982187867e-01,4.995397038027739045e-01,5.000833597492870819e-01,0.000000000000000000e+00,4.464714472380871269e-01,5.139429754163857833e-01,4.997596388180184923e-01,5.003576393716622217e-01,5.056504903204110946e-01,0.000000000000000000e+00,4.848228370134661236e-01
4.014372038613874261e-01,4.123734298212448079e-01,0.000000000000000000e+00,0.000000000000000000e+00,0.000000000000000000e+00,4.444381404156295123e-01,4.769081853112839275e-01,4.923143065929868056e-01,4.499395948532665113e-01,3.794325398079393952e-01,4.852897363247125062e-01,3.875055432076279227e-01,4.685327962332481166e-01,0.000000000000000000e+00,4.271575306987588916e-01,0.000000000000000000e+00,3.857884296254880940e-01,3.363247708001664837e-01,0.000000000000000000e+00,4.069452676934838808e-01,4.149857685596580192e-01,3.934158270410125224e-01,4.424624462158084914e-01,3.836147756029160139e-01,3.826420416192439222e-01,4.079445402179527891e-01,4.325105436152623106e-01,4.516340186726673922e-01,4.310917431913053877e-01,4.431923834268000073e-01,3.788879705386620222e-01,4.602055609587893947e-01,3.687266007135677204e-01,3.901456214890741125e-01,4.238448712556007192e-01,0.000000000000000000e+00,0.000000000000000000e+00,0.000000000000000000e+00,4.613080780283456139e-01,4.434458871532310775e-01,4.502923887657243052e-01,0.000000000000000000e+00,0.000000000000000000e+00,0.000000000000000000e+00,0.000000000000000000e+00,4.536288979135045807e-01,4.630877249797902273e-01,0.000000000000000000e+00,0.000000000000000000e+00,0.000000000000000000e+00,4.632091656451495232e-01,0.000000000000000000e+00,0.000000000000000000e+00,0.000000000000000000e+00,4.685157884823252794e-01,0.000000000000000000e+00,4.460752997427820943e-01,0.000000000000000000e+00,0.000000000000000000e+00,4.804899747887417250e-01,4.573212578571175246e-01,4.586994224078517202e-01,4.627560517392825812e-01,0.000000000000000000e+00,4.995226498080598265e-01,4.856183918862262971e-01,4.585438727785219881e-01,5.055879700845422597e-01,4.587915276811692089e-01,4.567830576229227058e-01,4.676555978163984273e-01,5.091165847597513006e-01,0.000000000000000000e+00,4.578240703517986732e-01,0.000000000000000000e+00,4.443987643367101059e-01
4.241560810827338934e-01,3.984448358001900226e-01,4.716279305301965263e-01,4.602166414260864258e-01,4.815302149247651098e-01,4.663479450020128758e-01,4.549479034253577914e-01,5.253838871753268025e-01,4.916078279090940195e-01,3.356745927215559755e-01,4.854961291998540762e-01,3.777206097085297198e-01,4.499446621513238931e-01,0.000000000000000000e+00,4.287014593042273725e-01,3.857884296254880940e-01,0.000000000000000000e+00,3.250213905407329240e-01,4.924558458887445256e-01,4.147083276979838806e-01,5.029873804717990282e-01,4.053820989221568194e-01,4.818717225626252820e-01,3.843388106985681230e-01,2.964074514258502879e-01,3.768680975713283865e-01,4.326226809510417826e-01,4.337585722732694160e-01,4.220923898334109081e-01,0.000000000000000000e+00,3.801621817343930898e-01,4.724494005634051752e-01,3.794529705242201123e-01,3.961268356875076724e-01,4.134308996314733919e-01,4.768499070472468904e-01,0.000000000000000000e+00,3.586481749236682948e-01,4.832387688372614121e-01,4.752816589668076852e-01,4.738601116852098061e-01,0.000000000000000000e+00,0.000000000000000000e+00,0.000000000000000000e+00,4.119165676573380841e-01,4.524447406801297977e-01,4.465647438074287767e-01,0.000000000000000000e+00,0.000000000000000000e+00,0.000000000000000000e+00,0.000000000000000000e+00,0.000000000000000000e+00,0.000000000000000000e+00,0.000000000000000000e+00,4.892283879696804894e-01,0.000000000000000000e+00,4.848107193056461206e-01,0.000000000000000000e+00,0.000000000000000000e+00,0.000000000000000000e+00,4.680239509039886836e-01,4.886732823933240266e-01,4.819177952598865944e-01,0.000000000000000000e+00,0.000000000000000000e+00,0.000000000000000000e+00,0.000000000000000000e+00,0.000000000000000000e+00,4.734971391077468228e-01,4.795588201005709927e-01,4.877712817150283153e-01,0.000000000000000000e+00,0.000000000000000000e+00,0.000000000000000000e+00,0.000000000000000000e+00,5.105587388550761885e-01
3.977777602348240849e-01,3.968892645532258734e-01,4.693729750226269259e-01,0.000000000000000000e+00,4.791439760732104092e-01,4.341060395154118789e-01,4.577420447203485177e-01,5.102677777940941573e-01,4.867815574093700137e-01,3.477751025023733122e-01,4.839499011254225769e-01,3.628423892992443944e-01,4.495750164810610183e-01,0.000000000000000000e+00,4.218316379921420167e-01,3.363247708001664837e-01,3.250213905407329240e-01,0.000000000000000000e+00,4.808168461746435973e-01,4.273596970053863964e-01,4.447705705046842151e-01,4.183170972216991856e-01,4.559811938420392785e-01,3.752842598914826744e-01,3.245472732183514175e-01,3.811049217190640159e-01,4.314856318667171231e-01,4.377852641678783852e-01,4.385409510077860062e-01,0.000000000000000000e+00,3.850805802619156060e-01,4.702079063470426257e-01,3.778364460671302938e-01,4.035175452126480988e-01,4.240112563483959818e-01,4.652794502533676990e-01,0.000000000000000000e+00,3.485512624243941038e-01,4.587222261035897031e-01,4.493232605946491098e-01,4.604377747959991218e-01,4.765052967451842147e-01,0.000000000000000000e+00,0.000000000000000000e+00,0.000000000000000000e+00,4.404879068009258103e-01,4.548753919819361058e-01,0.000000000000000000e+00,0.000000000000000000e+00,0.000000000000000000e+00,4.782864946163729036e-01,0.000000000000000000e+00,0.000000000000000000e+00,0.000000000000000000e+00,4.768113821056185753e-01,0.000000000000000000e+00,4.685123642114631948e-01,0.000000000000000000e+00,0.000000000000000000e+00,0.000000000000000000e+00,4.596379539789169910e-01,4.812958854266360942e-01,4.696039476959560921e-01,0.000000000000000000e+00,0.000000000000000000e+00,0.000000000000000000e+00,4.453389302750598855e-01,0.000000000000000000e+00,4.640899682530668091e-01,4.605785273884255848e-01,4.668136309344715906e-01,0.000000000000000000e+00,0.000000000000000000e+00,4.671128024317787175e-01,0.000000000000000000e+00,4.659041857309588197e-01
0.000000000000000000e+00,4.431468638931402859e-01,2.644279906106292155e-01,4.000133815869226783e-01,3.655698358447130869e-01,3.489696549552209204e-01,4.584937237985188263e-01,4.191844561360626997e-01,2.795701027297843866e-01,4.863263208665893900e-01,2.589676323250577061e-01,4.617883165676717194e-01,4.704110129609335167e-01,3.669776820374138215e-01,0.000000000000000000e+00,0.000000000000000000e+00,4.924558458887445256e-01,4.808168461746435973e-01,0.000000000000000000e+00,0.000000000000000000e+00,3.540688157081604004e-01,4.587539861412430753e-01,3.076072335197607144e-01,4.524370162853658117e-01,4.845661084056951950e-01,4.742531345737119874e-01,3.056497702045328779e-01,4.795077746914903072e-01,4.694039337936211087e-01,4.713798371371111240e-01,4.823800451731785066e-01,4.293974509640224868e-01,4.555223842231798104e-01,4.872471946842396040e-01,4.780462539580800918e-01,4.079701375842377242e-01,4.644169237563586794e-01,4.498746355117203000e-01,4.941931698776840798e-01,0.000000000000000000e+00,0.000000000000000000e+00,0.000000000000000000e+00,0.000000000000000000e+00,0.000000000000000000e+00,0.000000000000000000e+00,0.000000000000000000e+00,0.000000000000000000e+00,0.000000000000000000e+00,0.000000000000000000e+00,0.000000000000000000e+00,5.294078393009490346e-01,5.363154212842499158e-01,5.117329017148222192e-01,0.000000000000000000e+00,0.000000000000000000e+00,2.101204490127137059e-01,0.000000000000000000e+00,0.000000000000000000e+00,5.042466952509255806e-01,0.000000000000000000e+00,0.000000000000000000e+00,0.000000000000000000e+00,0.000000000000000000e+00,0.000000000000000000e+00,0.000000000000000000e+00,0.000000000000000000e+00,0.000000000000000000e+00,5.176609333925015211e-01,0.000000000000000000e+00,0.000000000000000000e+00,0.000000000000000000e+00,5.216373706490520235e-01,5.386223734462305401e-01,4.946131244204380883e-01,0.000000000000000000e+00,0.000000000000000000e+00
4.833590798038110981e-01,4.292045282387987881e-01,4.259540772495892247e-01,0.000000000000000000e+00,0.000000000000000000e+00,3.990307424071146136e-01,4.486352785304348889e-01,4.012963484059802743e-01,4.028973452600451144e-01,4.068436930576340149e-01,0.000000000000000000e+00,4.211229497525004195e-01,4.381334028041731221e-01,5.326493510706354906e-01,3.300503350859516072e-01,4.069452676934838808e-01,4.147083276979838806e-01,4.273596970053863964e-01,0.000000000000000000e+00,0.000000000000000000e+00,4.353744915788119174e-01,3.620265093102307818e-01,3.147709755898919215e-01,5.166307450473701657e-01,4.161172532747408059e-01,4.391962327648329945e-01,3.342204297216592179e-01,4.019489764783359953e-01,3.468678601330048017e-01,3.360757293507904975e-01,3.992232246251922190e-01,4.520663632221140205e-01,3.988756727017416237e-01,4.378543260041440899e-01,4.826206348965412229e-01,3.645486417729394968e-01,0.000000000000000000e+00,4.125948820492201796e-01,4.906013458390489079e-01,4.261949196021022068e-01,4.888869753328338175e-01,4.911349384114381267e-01,0.000000000000000000e+00,0.000000000000000000e+00,0.000000000000000000e+00,0.000000000000000000e+00,4.505292981661969121e-01,0.000000000000000000e+00,0.000000000000000000e+00,0.000000000000000000e+00,4.830252797794856723e-01,5.107423083210658188e-01,5.209188610083079762e-01,0.000000000000000000e+00,0.000000000000000000e+00,0.000000000000000000e+00,0.000000000000000000e+00,0.000000000000000000e+00,0.000000000000000000e+00,4.898841207286890875e-01,4.625658365183145104e-01,0.000000000000000000e+00,0.000000000000000000e+00,0.000000000000000000e+00,4.941882023302134885e-01,4.774279222779859166e-01,4.819670617285414238e-01,5.068690078589280779e-01,0.000000000000000000e+00,4.267004329255312256e-01,4.850134764335046755e-01,5.050784774632056662e-01,5.072317813846689560e-01,5.042552788975648292e-01,5.035567275169245960e-01,4.958424072014893103e-01
4.370637854294547875e-01,4.267913005651761127e-01,4.011543299688837272e-01,0.000000000000000000e+00,0.000000000000000000e+00,4.321029877290024079e-01,4.763861012440798737e-01,4.308339934262628845e-01,0.000000000000000000e+00,4.855680597971427925e-01,4.577484555407070888e-01,4.852065505099587006e-01,4.711925700830604802e-01,5.281956710071643579e-01,4.010970368682044151e-01,4.149857685596580192e-01,5.029873804717990282e-01,4.447705705046842151e-01,3.540688157081604004e-01,4.353744915788119174e-01,0.000000000000000000e+00,4.642553288854535110e-01,4.050761115106976118e-01,5.039247592067767068e-01,4.224507454559670028e-01,4.289557612771269790e-01,4.221380784936005770e-01,4.753580951285545919e-01,4.417523568012884927e-01,4.641549592955265813e-01,4.212231234395177881e-01,4.447476716303674915e-01,3.954926767069458782e-01,4.398111205008501945e-01,4.643040707143279988e-01,4.634037143852846041e-01,0.000000000000000000e+00,0.000000000000000000e+00,4.604106427290928782e-01,4.599038158700459178e-01,4.663840504536552745e-01,5.057577424258685728e-01,0.000000000000000000e+00,0.000000000000000000e+00,0.000000000000000000e+00,3.717847075222330266e-01,4.790993286419493735e-01,0.000000000000000000e+00,0.000000000000000000e+00,0.000000000000000000e+00,4.769543913827530845e-01,0.000000000000000000e+00,4.394515958340238782e-01,0.000000000000000000e+00,0.000000000000000000e+00,0.000000000000000000e+00,0.000000000000000000e+00,4.949531250382669945e-01,0.000000000000000000e+00,4.883930599528342187e-01,4.686171070515948167e-01,0.000000000000000000e+00,0.000000000000000000e+00,0.000000000000000000e+00,4.891563916398984913e-01,4.122713085057069238e-01,4.908267895115046020e-01,4.918311671653453065e-01,0.000000000000000000e+00,4.487377367106952231e-01,5.002817853933124725e-01,5.043437797445188275e-01,5.042279316301173653e-01,4.996970189711937849e-01,0.000000000000000000e+00,4.583276580870083161e-01
