0.000000000000000000e+00,3.959392341816981853e-01,0.000000000000000000e+00,0.000000000000000000e+00,0.000000000000000000e+00,4.500741961101645816e-01,4.902086462750014917e-01,5.209394731115052357e-01,0.000000000000000000e+00,4.040458271842641835e-01,0.000000000000000000e+00,3.902765344985941187e-01,4.783647223018744898e-01,0.000000000000000000e+00,4.035368163474348790e-01,4.243845684658101858e-01,3.843792161834426735e-01,3.910198675879684727e-01,0.000000000000000000e+00,4.495748723878986164e-01,4.073620979318984259e-01,4.093483367641839732e-01,4.554222179472250942e-01,3.385718220011050827e-01,3.727799006477621746e-01,3.726928213731602879e-01,4.660265195475203903e-01,4.774460338270459792e-01,4.515332321804972904e-01,5.122236009531023759e-01,3.957500997324662761e-01,4.803951303651983751e-01,3.396240548582614149e-01,3.896012813931413188e-01,4.584127533124646159e-01,0.000000000000000000e+00,0.000000000000000000e+00,0.000000000000000000e+00,4.775297902571351005e-01,4.136843220984540159e-01,4.206315664062125759e-01,4.623777775731142126e-01,0.000000000000000000e+00,0.000000000000000000e+00,0.000000000000000000e+00,2.763149602137858762e-01,4.687913778409656951e-01,0.000000000000000000e+00,0.000000000000000000e+00,0.000000000000000000e+00,0.000000000000000000e+00,0.000000000000000000e+00,4.432997319881948894e-01,0.000000000000000000e+00,0.000000000000000000e+00,0.000000000000000000e+00,4.012425837558927233e-01,0.000000000000000000e+00,0.000000000000000000e+00,4.921779571506568751e-01,4.463006445255841004e-01,3.498448612697724891e-01,4.001784034787359001e-01,0.000000000000000000e+00,5.092710578415314826e-01,3.137019950202601937e-01,4.653027202545985119e-01,4.754928310878783759e-01,2.350638229312687899e-01,4.160288938551506277e-01,4.522219598982173960e-01,5.539787878758560824e-01,0.000000000000000000e+00,0.000000000000000000e+00,0.000000000000000000e+00,4.160544754379015830e-01
3.959392341816981853e-01,0.000000000000000000e+00,0.000000000000000000e+00,0.000000000000000000e+00,4.242107066359157019e-01,4.184783117827765020e-01,4.632657582176625266e-01,4.495313261216363765e-01,4.086753049929521819e-01,3.867420970464119923e-01,0.000000000000000000e+00,0.000000000000000000e+00,4.586601038446482259e-01,0.000000000000000000e+00,4.352272301600519921e-01,4.375694999780482819e-01,4.031124790699341931e-01,4.206727363848724033e-01,0.000000000000000000e+00,4.418962874585153910e-01,4.142977322609758262e-01,4.245850320404003786e-01,4.089737833368173869e-01,3.885435949941081768e-01,3.863564053372525731e-01,4.218009439324255094e-01,4.280909144983758852e-01,4.594870153112591837e-01,4.394421883009769214e-01,4.448268704184903943e-01,4.254358577105392114e-01,4.922866019405988114e-01,3.975222127035323849e-01,4.204858751812063922e-01,4.849787718678432169e-01,0.000000000000000000e+00,0.000000000000000000e+00,0.000000000000000000e+00,4.896087008818030828e-01,4.689227143180216828e-01,4.578021566347701965e-01,4.783099647767189988e-01,4.920965135097504217e-01,0.000000000000000000e+00,0.000000000000000000e+00,4.244221962574952767e-01,4.838664606013809988e-01,0.000000000000000000e+00,0.000000000000000000e+00,0.000000000000000000e+00,4.488080822997286834e-01,4.556264951913784889e-01,0.000000000000000000e+00,0.000000000000000000e+00,0.000000000000000000e+00,0.000000000000000000e+00,0.000000000000000000e+00,4.598473596579387146e-01,0.000000000000000000e+00,4.885372738936697989e-01,4.716405506468165920e-01,4.520084603299919790e-01,4.568213939821674230e-01,0.000000000000000000e+00,4.566205623852213069e-01,4.490428423045869089e-01,4.668403738509322998e-01,4.766321608817867816e-01,4.004748396913381248e-01,4.672770907625122816e-01,4.928190645666534753e-01,4.713882337759711105e-01,4.585561319574775752e-01,4.518297587538648852e-01,0.000000000000000000e+00,4.442918557557944959e-01
0.000000000000000000e+00,0.000000000000000000e+00,0.000000000000000000e+00,0.000000000000000000e+00,4.037091946259885877e-01,3.971389332013808837e-01,4.321558117129591925e-01,4.282612371221045100e-01,3.648476439034755159e-01,4.621620339381227738e-01,3.417288265035481887e-01,4.406570520810514924e-01,4.428450780009960952e-01,3.732668383000449785e-01,0.000000000000000000e+00,0.000000000000000000e+00,0.000000000000000000e+00,0.000000000000000000e+00,3.025419647098819831e-01,4.329820289457829152e-01,0.000000000000000000e+00,4.404976045065617796e-01,3.053420788375182937e-01,4.106775089012270064e-01,0.000000000000000000e+00,4.444540538656787110e-01,3.507665740620645178e-01,4.494824950411110964e-01,4.342195917961417240e-01,4.742118396731466179e-01,4.521126812714594823e-01,4.277738639848592261e-01,0.000000000000000000e+00,4.516086226872135789e-01,4.499437566153144941e-01,3.750093696793603271e-01,4.456802833203525882e-01,4.169934714662424935e-01,5.304110413383835709e-01,0.000000000000000000e+00,5.512862283001478403e-01,0.000000000000000000e+00,4.891792758001063945e-01,0.000000000000000000e+00,0.000000000000000000e+00,0.000000000000000000e+00,0.000000000000000000e+00,5.601728188894224969e-01,0.000000000000000000e+00,5.631649859800579305e-01,5.898202102133935920e-01,5.747870346850492140e-01,5.261698888735453217e-01,5.683887876318426402e-01,0.000000000000000000e+00,5.278976178854181134e-01,0.000000000000000000e+00,5.756607307838598198e-01,5.120526620850276434e-01,0.000000000000000000e+00,0.000000000000000000e+00,0.000000000000000000e+00,0.000000000000000000e+00,5.671047708206157223e-01,4.931028433095899222e-01,0.000000000000000000e+00,0.000000000000000000e+00,5.646743696501025367e-01,0.000000000000000000e+00,0.000000000000000000e+00,0.000000000000000000e+00,5.595767363698654906e-01,5.500660647203552411e-01,5.165169391775563668e-01,0.000000000000000000e+00,5.608111703806512027e-01
0.000000000000000000e+00,0.000000000000000000e+00,0.000000000000000000e+00,0.000000000000000000e+00,2.936297682404608866e-01,0.000000000000000000e+00,2.899195127127867089e-01,4.022340825727717117e-01,3.690737775172210910e-01,0.000000000000000000e+00,3.536144648185999273e-01,2.458298057317734042e-01,3.187576284858977815e-01,3.804738042402667775e-01,0.000000000000000000e+00,0.000000000000000000e+00,0.000000000000000000e+00,0.000000000000000000e+00,3.655902083962027094e-01,0.000000000000000000e+00,0.000000000000000000e+00,0.000000000000000000e+00,4.134648030089057014e-01,0.000000000000000000e+00,0.000000000000000000e+00,0.000000000000000000e+00,0.000000000000000000e+00,2.798263736856437256e-01,0.000000000000000000e+00,0.000000000000000000e+00,0.000000000000000000e+00,2.750339812963027986e-01,0.000000000000000000e+00,3.350384103708581862e-01,3.981508437741648754e-01,2.855998337936742071e-01,1.789902757485420104e-01,0.000000000000000000e+00,0.000000000000000000e+00,0.000000000000000000e+00,0.000000000000000000e+00,0.000000000000000000e+00,0.000000000000000000e+00,0.000000000000000000e+00,0.000000000000000000e+00,0.000000000000000000e+00,0.000000000000000000e+00,0.000000000000000000e+00,0.000000000000000000e+00,0.000000000000000000e+00,0.000000000000000000e+00,0.000000000000000000e+00,0.000000000000000000e+00,0.000000000000000000e+00,0.000000000000000000e+00,0.000000000000000000e+00,0.000000000000000000e+00,0.000000000000000000e+00,0.000000000000000000e+00,0.000000000000000000e+00,0.000000000000000000e+00,0.000000000000000000e+00,0.000000000000000000e+00,0.000000000000000000e+00,0.000000000000000000e+00,0.000000000000000000e+00,0.000000000000000000e+00,0.000000000000000000e+00,0.000000000000000000e+00,0.000000000000000000e+00,0.000000000000000000e+00,0.000000000000000000e+00,0.000000000000000000e+00,0.000000000000000000e+00,0.000000000000000000e+00,0.000000000000000000e+00
0.000000000000000000e+00,4.242107066359157019e-01,4.037091946259885877e-01,2.936297682404608866e-01,0.000000000000000000e+00,4.069366218804090218e-01,3.431442172991452932e-01,3.886342391338132862e-01,3.359718280667506884e-01,4.614791220046990938e-01,3.427149588225957277e-01,4.295342304972836200e-01,3.808732641093333093e-01,2.934441420651895949e-01,0.000000000000000000e+00,4.689494603204770740e-01,0.000000000000000000e+00,4.502059819613761227e-01,3.657199191803912064e-01,4.419934623814872898e-01,0.000000000000000000e+00,4.426318429902215135e-01,4.245858502008232893e-01,3.895251338354875914e-01,4.454145730252845881e-01,4.439936820770843950e-01,4.275765196413630065e-01,3.574192414329351863e-01,4.275247354310929837e-01,0.000000000000000000e+00,4.531471398805472228e-01,3.921376364658669122e-01,4.258306208486016819e-01,4.329184634999931891e-01,4.064570499238980839e-01,2.598634834743032140e-01,2.969252739811011899e-01,3.933207555877166750e-01,5.266519808238269151e-01,0.000000000000000000e+00,5.455991684318114432e-01,0.000000000000000000e+00,4.925939283478424913e-01,0.000000000000000000e+00,0.000000000000000000e+00,0.000000000000000000e+00,0.000000000000000000e+00,5.681252046955606039e-01,0.000000000000000000e+00,5.791264180487036839e-01,5.733697674465456640e-01,5.712424287917808874e-01,4.967498364216502149e-01,5.735384037119610756e-01,0.000000000000000000e+00,4.394498021873550764e-01,0.000000000000000000e+00,5.582260895317393556e-01,4.775953136614201067e-01,0.000000000000000000e+00,0.000000000000000000e+00,0.000000000000000000e+00,0.000000000000000000e+00,5.665540373882633762e-01,4.698107094949720008e-01,0.000000000000000000e+00,0.000000000000000000e+00,5.529334793761188083e-01,0.000000000000000000e+00,0.000000000000000000e+00,0.000000000000000000e+00,5.444852796507677617e-01,5.445721491901832634e-01,5.046099631882398073e-01,0.000000000000000000e+00,5.471194802873682317e-01
4.500741961101645816e-01,4.184783117827765020e-01,3.971389332013808837e-01,0.000000000000000000e+00,4.069366218804090218e-01,0.000000000000000000e+00,4.157999216194124270e-01,4.467439987805210122e-01,3.524237223196944879e-01,4.798549060957693069e-01,4.005404245776191252e-01,4.529425311163491896e-01,3.887210974172026212e-01,4.544913084495396105e-01,4.175083735037212751e-01,4.544316919484561734e-01,4.445168333559860741e-01,4.410182701022974938e-01,3.775587919526013914e-01,4.249959941892241244e-01,4.309079330951525733e-01,4.350685507081958892e-01,4.227935560190922981e-01,4.669421805475428844e-01,4.301344786186083735e-01,4.283126252401199263e-01,3.934319534620092096e-01,3.979906795583332824e-01,3.743259130472609830e-01,4.381444778450777067e-01,4.494986103333176164e-01,4.466483623748825904e-01,4.462970568232331181e-01,4.568042357687011057e-01,4.618782147496424129e-01,4.559140451507309733e-01,4.565410168386079270e-01,4.347579854998521731e-01,5.202146974687845704e-01,0.000000000000000000e+00,5.494288673806471124e-01,0.000000000000000000e+00,5.125863024222661046e-01,0.000000000000000000e+00,0.000000000000000000e+00,0.000000000000000000e+00,4.402215246904512824e-01,5.744699894018095998e-01,0.000000000000000000e+00,5.842341212718354937e-01,5.715976808189421332e-01,5.812885780141839875e-01,4.971411322326900750e-01,5.769371283919848548e-01,5.749080438918807712e-01,5.523030991099474596e-01,0.000000000000000000e+00,5.662040526032132703e-01,5.227222071677105619e-01,4.680608319385433091e-01,4.356303237182816979e-01,0.000000000000000000e+00,0.000000000000000000e+00,5.738820600573361075e-01,4.920654000934274741e-01,0.000000000000000000e+00,4.373435168565403819e-01,5.526625715497991420e-01,0.000000000000000000e+00,0.000000000000000000e+00,4.529541348769826059e-01,5.521550923682230216e-01,5.485853990864796303e-01,5.220534289628875335e-01,5.602232807378880741e-01,5.549731585475997653e-01
4.902086462750014917e-01,4.632657582176625266e-01,4.321558117129591925e-01,2.899195127127867089e-01,3.431442172991452932e-01,4.157999216194124270e-01,0.000000000000000000e+00,4.719936747317621806e-01,4.003678504815185168e-01,4.623020209065656916e-01,4.069676200471435967e-01,4.142657391674313128e-01,3.529530251193360724e-01,3.282591585718356852e-01,4.588780109415244723e-01,4.880690123419805793e-01,4.620209867194695064e-01,4.730147740672567269e-01,4.196528767316151098e-01,4.669155008899915082e-01,4.709694620575547996e-01,4.767988116169843971e-01,4.479896058368791900e-01,4.182141179685470167e-01,4.607150320820059264e-01,4.538861095755564179e-01,4.420195985239684933e-01,3.716022002867571117e-01,4.482481964626272020e-01,4.734097284222029134e-01,4.608465105967400888e-01,4.051287768657487187e-01,4.007847750971604839e-01,4.225600347967919945e-01,4.193299278516182116e-01,3.681057287196281003e-01,4.056635441756339944e-01,3.865135971110795210e-01,5.162869011716108014e-01,0.000000000000000000e+00,5.372142922216789351e-01,5.500227679108682377e-01,5.078081586269237446e-01,0.000000000000000000e+00,0.000000000000000000e+00,0.000000000000000000e+00,4.705440244842455932e-01,5.636079671869955732e-01,0.000000000000000000e+00,5.700825348435344386e-01,5.587392083239710594e-01,5.605869559058650475e-01,5.000047255900849086e-01,5.701614903188360062e-01,0.000000000000000000e+00,5.142198239479351951e-01,0.000000000000000000e+00,5.491625233213397461e-01,5.108880761193987929e-01,4.925359477605972813e-01,0.000000000000000000e+00,0.000000000000000000e+00,0.000000000000000000e+00,5.632775474683174854e-01,4.962685670502903212e-01,0.000000000000000000e+00,4.667430192499764097e-01,5.445295010569433103e-01,0.000000000000000000e+00,0.000000000000000000e+00,4.772393513372483187e-01,5.361288436594324747e-01,5.382010074826555357e-01,5.151439654255456357e-01,5.508080360117753038e-01,5.444358768077025568e-01
5.209394731115052357e-01,4.495313261216363765e-01,4.282612371221045100e-01,4.022340825727717117e-01,3.886342391338132862e-01,4.467439987805210122e-01,4.719936747317621806e-01,0.000000000000000000e+00,4.485898013811093210e-01,5.075098142185782146e-01,3.140842261573257854e-01,4.945230876298343792e-01,4.784488356012833732e-01,3.664282115554002850e-01,4.130277995389727841e-01,4.871284929810895115e-01,5.137262590272072549e-01,4.930513611889075776e-01,3.860079476246230934e-01,4.184387309820404854e-01,4.214390594935679135e-01,4.221632199067559821e-01,3.803295299889378200e-01,5.389045484295866828e-01,5.081674568640801581e-01,5.241319789708790422e-01,4.360504535203416077e-01,4.711263238131406239e-01,4.173007357610742929e-01,4.668859161516127898e-01,4.717837577496475920e-01,4.365386119921528807e-01,5.069233397048814593e-01,4.844384410906981131e-01,5.065214143090209786e-01,3.485570222643297189e-01,4.772626088534746014e-01,5.448046431703589265e-01,4.657480623930297936e-01,0.000000000000000000e+00,5.157811068314434033e-01,0.000000000000000000e+00,4.383342939494180857e-01,0.000000000000000000e+00,0.000000000000000000e+00,4.747226891175171937e-01,4.714690271284032175e-01,5.286877780104635161e-01,0.000000000000000000e+00,5.093080327173497013e-01,5.318098621510422008e-01,5.467179978153183795e-01,3.631831297164723193e-01,5.438293081804411733e-01,0.000000000000000000e+00,4.777524285040232743e-01,0.000000000000000000e+00,5.210443674979576834e-01,4.688164182622597820e-01,4.909668656482764071e-01,0.000000000000000000e+00,0.000000000000000000e+00,0.000000000000000000e+00,5.249010489794316836e-01,4.770539331722630227e-01,4.639986437919900175e-01,4.891089835593839252e-01,4.881591577788365055e-01,4.092161567851846926e-01,4.758544654284763142e-01,4.814728287025544784e-01,5.095310381085957907e-01,5.042020521676120470e-01,4.609843307456142902e-01,0.000000000000000000e+00,5.017928313228523507e-01
0.000000000000000000e+00,4.086753049929521819e-01,3.648476439034755159e-01,3.690737775172210910e-01,3.359718280667506884e-01,3.524237223196944879e-01,4.003678504815185168e-01,4.485898013811093210e-01,0.000000000000000000e+00,4.598626619994364839e-01,3.320997357154288898e-01,4.303465076194296079e-01,3.710804052891130134e-01,4.064460430262016866e-01,0.000000000000000000e+00,0.000000000000000000e+00,4.550076586306059934e-01,4.532440786557375145e-01,2.869075118237434108e-01,4.207779301716140230e-01,0.000000000000000000e+00,4.270992325450306826e-01,4.254742836275758888e-01,4.305392297092732190e-01,4.414390499160150139e-01,4.429189873490488871e-01,3.739892089313641144e-01,4.354150985720390277e-01,4.106982351865275938e-01,4.412118938211184171e-01,4.357282126947865097e-01,4.037364187516300218e-01,4.264701800902085949e-01,4.320048010533181770e-01,4.308480332278645797e-01,4.079284128576102231e-01,4.254261823302347145e-01,4.108661071317735725e-01,5.306020052898681172e-01,0.000000000000000000e+00,5.468722280218442089e-01,0.000000000000000000e+00,4.896852574282705151e-01,0.000000000000000000e+00,0.000000000000000000e+00,0.000000000000000000e+00,0.000000000000000000e+00,5.645956511022055535e-01,0.000000000000000000e+00,5.498808963461874200e-01,5.816056862878550282e-01,5.766610343204577882e-01,5.220882537218284325e-01,5.717911357129096261e-01,5.448076962869266016e-01,5.257975876382069425e-01,0.000000000000000000e+00,5.702551558311881319e-01,5.119372664295736008e-01,0.000000000000000000e+00,0.000000000000000000e+00,0.000000000000000000e+00,0.000000000000000000e+00,5.610340378705437336e-01,0.000000000000000000e+00,0.000000000000000000e+00,0.000000000000000000e+00,5.609928515742454991e-01,0.000000000000000000e+00,0.000000000000000000e+00,0.000000000000000000e+00,5.570522882354167482e-01,5.499002540671529271e-01,0.000000000000000000e+00,5.451893686182340826e-01,5.588628662708575723e-01
4.040458271842641835e-01,3.867420970464119923e-01,4.621620339381227738e-01,0.000000000000000000e+00,4.614791220046990938e-01,4.798549060957693069e-01,4.623020209065656916e-01,5.075098142185782146e-01,4.598626619994364839e-01,0.000000000000000000e+00,4.573558457387412179e-01,3.095899544094343203e-01,4.686106354063184209e-01,4.318635889103838998e-01,0.000000000000000000e+00,3.996349493291290744e-01,3.665139796105790770e-01,3.868885465121332246e-01,4.637400298301230794e-01,4.335552722228344091e-01,0.000000000000000000e+00,4.205223576852898937e-01,4.769395557022507726e-01,3.517050531266988078e-01,3.565043384427882822e-01,3.337112745678886827e-01,4.822743017272643762e-01,4.541592970843902899e-01,4.457081871229038872e-01,0.000000000000000000e+00,3.882468578295805162e-01,3.664582668517956110e-01,3.409469588006631136e-01,3.658470601677247247e-01,3.678725767586213946e-01,3.983849529608005091e-01,3.434075434634046853e-01,3.248557039122557111e-01,3.121448419533647267e-01,5.029652677712043163e-01,3.713133725034826194e-01,4.492198854702474931e-01,2.841309911879054129e-01,0.000000000000000000e+00,4.642502133346657067e-01,3.899165137867340869e-01,0.000000000000000000e+00,0.000000000000000000e+00,0.000000000000000000e+00,0.000000000000000000e+00,5.494486896011457899e-01,5.631590577965855937e-01,5.007539743929505516e-01,0.000000000000000000e+00,4.930737040764416879e-01,0.000000000000000000e+00,4.921909335145110975e-01,0.000000000000000000e+00,0.000000000000000000e+00,0.000000000000000000e+00,4.469854662575207804e-01,4.836420910436921017e-01,4.563649400530818134e-01,0.000000000000000000e+00,0.000000000000000000e+00,0.000000000000000000e+00,4.596857047893745940e-01,5.315259698647373243e-01,4.407288933893764860e-01,4.716250282301912011e-01,4.879355838679630963e-01,5.297183717091489275e-01,0.000000000000000000e+00,0.000000000000000000e+00,0.000000000000000000e+00,4.605370795379994941e-01
0.000000000000000000e+00,0.000000000000000000e+00,3.417288265035481887e-01,3.536144648185999273e-01,3.427149588225957277e-01,4.005404245776191252e-01,4.069676200471435967e-01,3.140842261573257854e-01,3.320997357154288898e-01,4.573558457387412179e-01,0.000000000000000000e+00,4.300746430502688233e-01,4.258833308470357792e-01,2.918306851332607144e-01,0.000000000000000000e+00,0.000000000000000000e+00,4.545720405626462179e-01,0.000000000000000000e+00,2.889310333914505979e-01,0.000000000000000000e+00,0.000000000000000000e+00,0.000000000000000000e+00,2.520196130819941094e-01,4.346860142874922062e-01,4.505265426325489875e-01,4.485862125421450908e-01,3.686431577364612244e-01,4.294517560401467926e-01,0.000000000000000000e+00,0.000000000000000000e+00,4.457559860813148922e-01,3.646505454495043153e-01,4.239812911271392815e-01,4.371469098276067888e-01,4.205904948730803117e-01,2.848023752878851012e-01,4.190404872053445917e-01,4.137460289891201071e-01,4.410055662799741150e-01,0.000000000000000000e+00,5.175054758166314217e-01,0.000000000000000000e+00,4.081416805586792207e-01,0.000000000000000000e+00,0.000000000000000000e+00,0.000000000000000000e+00,0.000000000000000000e+00,5.115806895278588451e-01,0.000000000000000000e+00,0.000000000000000000e+00,5.346980457167923584e-01,0.000000000000000000e+00,4.683227196729765063e-01,5.149272060715408550e-01,0.000000000000000000e+00,2.760119327075188922e-01,0.000000000000000000e+00,5.152366611928377305e-01,4.356374407325935838e-01,0.000000000000000000e+00,0.000000000000000000e+00,0.000000000000000000e+00,0.000000000000000000e+00,5.035476591588858852e-01,0.000000000000000000e+00,0.000000000000000000e+00,0.000000000000000000e+00,4.810916385138028772e-01,0.000000000000000000e+00,0.000000000000000000e+00,0.000000000000000000e+00,5.074619094499277505e-01,4.959789394183926059e-01,0.000000000000000000e+00,0.000000000000000000e+00,0.000000000000000000e+00
3.902765344985941187e-01,0.000000000000000000e+00,4.406570520810514924e-01,2.458298057317734042e-01,4.295342304972836200e-01,4.529425311163491896e-01,4.142657391674313128e-01,4.945230876298343792e-01,4.303465076194296079e-01,3.095899544094343203e-01,4.300746430502688233e-01,0.000000000000000000e+00,4.327396219731245997e-01,0.000000000000000000e+00,0.000000000000000000e+00,0.000000000000000000e+00,3.832155433624562790e-01,3.662987669281130843e-01,4.311992960985551182e-01,4.699381866795815932e-01,4.866361821610603045e-01,0.000000000000000000e+00,4.592809218985953179e-01,3.076120067363247723e-01,3.081658377235049207e-01,2.660743932808757872e-01,4.451344560904810788e-01,3.835310501376488768e-01,4.599375070355682937e-01,0.000000000000000000e+00,3.995954597750159265e-01,2.961779300160514161e-01,3.508252882864629774e-01,3.161989155522001993e-01,3.304885915949782871e-01,2.757541262888720812e-01,2.919007178425737092e-01,2.948165776433189778e-01,2.834638809134523152e-01,4.767505434243594076e-01,3.264290229343838057e-01,3.242756474936996924e-01,2.801111583873748256e-01,0.000000000000000000e+00,4.399909416455228817e-01,0.000000000000000000e+00,0.000000000000000000e+00,4.513740241527556818e-01,0.000000000000000000e+00,0.000000000000000000e+00,4.007733912515246133e-01,0.000000000000000000e+00,0.000000000000000000e+00,0.000000000000000000e+00,4.797656988982749726e-01,0.000000000000000000e+00,4.764861083678207931e-01,4.361439775867992918e-01,0.000000000000000000e+00,0.000000000000000000e+00,0.000000000000000000e+00,4.835690177929815037e-01,4.413884004665091787e-01,0.000000000000000000e+00,0.000000000000000000e+00,3.144184085835898257e-01,0.000000000000000000e+00,4.353912503747187079e-01,4.334834003497632926e-01,4.734060571944873064e-01,4.812741740657138223e-01,4.182299269307618861e-01,0.000000000000000000e+00,3.899038648600551271e-01,0.000000000000000000e+00,4.357120690637121818e-01
4.783647223018744898e-01,4.586601038446482259e-01,4.428450780009960952e-01,3.187576284858977815e-01,3.808732641093333093e-01,3.887210974172026212e-01,3.529530251193360724e-01,4.784488356012833732e-01,3.710804052891130134e-01,4.686106354063184209e-01,4.258833308470357792e-01,4.327396219731245997e-01,0.000000000000000000e+00,3.477961297989061729e-01,4.513534309377288944e-01,4.861614007395536063e-01,4.563334378774310807e-01,4.678542066464579929e-01,4.269919074816672100e-01,4.594047571179600831e-01,4.740588476056186162e-01,4.720985768017241235e-01,4.554250528044573865e-01,4.305633753493950944e-01,4.555812648537490017e-01,4.495710241844398936e-01,4.417491697515256166e-01,3.929639739356878825e-01,4.235103316781820837e-01,4.272550314012383277e-01,4.510083464600047054e-01,4.264819911910138761e-01,4.221054010299029047e-01,4.353612394365291016e-01,4.430474567983633261e-01,4.117822903998767936e-01,4.268298818499579039e-01,3.992662749169498260e-01,5.279110450488113671e-01,0.000000000000000000e+00,5.517514258927428417e-01,5.482733276933772215e-01,5.164630770724212283e-01,0.000000000000000000e+00,0.000000000000000000e+00,0.000000000000000000e+00,4.749240035709154095e-01,5.610946972422184986e-01,0.000000000000000000e+00,5.710092931783953274e-01,5.603505254688641024e-01,5.671605278309512777e-01,5.082328964076843203e-01,5.651788449291400562e-01,5.380239328513114483e-01,5.423538864596300080e-01,0.000000000000000000e+00,5.552632996731211579e-01,5.077262981349898174e-01,4.980977366681866858e-01,4.648755350296895905e-01,0.000000000000000000e+00,0.000000000000000000e+00,5.640853769413415320e-01,5.071161286373042643e-01,4.923170868530832855e-01,4.789723700359785896e-01,5.475332916028395891e-01,0.000000000000000000e+00,4.734207018670941736e-01,4.767146610757920788e-01,5.394531017833690267e-01,5.421297068590366086e-01,5.246485791642030438e-01,5.424633997218465398e-01,5.449036151511864601e-01
0.000000000000000000e+00,0.000000000000000000e+00,3.732668383000449785e-01,3.804738042402667775e-01,2.934441420651895949e-01,4.544913084495396105e-01,3.282591585718356852e-01,3.664282115554002850e-01,4.064460430262016866e-01,4.318635889103838998e-01,2.918306851332607144e-01,0.000000000000000000e+00,3.477961297989061729e-01,0.000000000000000000e+00,0.000000000000000000e+00,0.000000000000000000e+00,0.000000000000000000e+00,0.000000000000000000e+00,3.289321941007996020e-01,0.000000000000000000e+00,0.000000000000000000e+00,0.000000000000000000e+00,3.834997057607614224e-01,0.000000000000000000e+00,0.000000000000000000e+00,0.000000000000000000e+00,4.435506090357841935e-01,3.091540531731585273e-01,0.000000000000000000e+00,0.000000000000000000e+00,0.000000000000000000e+00,2.000222946881901054e-01,0.000000000000000000e+00,0.000000000000000000e+00,0.000000000000000000e+00,2.264327555939943115e-01,1.789039051482256004e-01,3.505475521087645929e-01,4.101754831182640726e-01,0.000000000000000000e+00,0.000000000000000000e+00,0.000000000000000000e+00,4.098232568569954992e-01,0.000000000000000000e+00,0.000000000000000000e+00,0.000000000000000000e+00,0.000000000000000000e+00,5.160524937059448591e-01,0.000000000000000000e+00,0.000000000000000000e+00,5.148351218511183491e-01,0.000000000000000000e+00,0.000000000000000000e+00,5.177197729377361890e-01,0.000000000000000000e+00,4.521574299205511904e-01,0.000000000000000000e+00,0.000000000000000000e+00,4.544225104206284782e-01,0.000000000000000000e+00,0.000000000000000000e+00,0.000000000000000000e+00,0.000000000000000000e+00,5.122396945282596814e-01,0.000000000000000000e+00,0.000000000000000000e+00,0.000000000000000000e+00,4.984603756064027724e-01,0.000000000000000000e+00,0.000000000000000000e+00,0.000000000000000000e+00,5.389613089827450798e-01,0.000000000000000000e+00,0.000000000000000000e+00,0.000000000000000000e+00,0.000000000000000000e+00
4.035368163474348790e-01,4.352272301600519921e-01,0.000000000000000000e+00,0.000000000000000000e+00,0.000000000000000000e+00,4.175083735037212751e-01,4.588780109415244723e-01,4.130277995389727841e-01,0.000000000000000000e+00,0.000000000000000000e+00,0.000000000000000000e+00,0.000000000000000000e+00,4.513534309377288944e-01,0.000000000000000000e+00,0.000000000000000000e+00,4.564260803584586079e-01,4.228221652931435925e-01,4.467722701578413225e-01,0.000000000000000000e+00,3.797337221297177878e-01,3.718785737930750956e-01,3.922090819031580078e-01,3.685951715418979147e-01,4.568541158239833866e-01,4.173798330605799078e-01,4.224457575007040111e-01,4.003599409227164840e-01,4.363620837187087154e-01,4.244309841180115006e-01,4.387878605872044258e-01,4.460615702574269870e-01,4.909684949115984964e-01,3.854768997863681212e-01,4.690496886449674885e-01,5.174138804508533473e-01,5.646336785280136050e-01,5.188199319487034611e-01,4.556646963507098858e-01,5.001060404062267484e-01,4.895164908310760121e-01,4.877844162179524878e-01,5.161172256256578716e-01,4.885069538451025095e-01,0.000000000000000000e+00,0.000000000000000000e+00,4.930318542057602893e-01,4.863568669443626979e-01,0.000000000000000000e+00,0.000000000000000000e+00,0.000000000000000000e+00,4.993563496566585935e-01,5.125841286297436739e-01,4.969887011661927034e-01,0.000000000000000000e+00,0.000000000000000000e+00,0.000000000000000000e+00,0.000000000000000000e+00,5.076092281525048655e-01,0.000000000000000000e+00,5.170664540338317794e-01,4.719463672118638931e-01,4.476747963344321901e-01,4.549872429739298951e-01,0.000000000000000000e+00,4.850354603140317189e-01,4.914949637799828075e-01,5.146068071287046575e-01,4.972262114877097905e-01,0.000000000000000000e+00,4.539365264732587724e-01,5.176139445883773949e-01,5.079157982338792232e-01,5.054951524338989755e-01,4.908459486565778240e-01,5.137649166594222550e-01,4.766351979045271858e-01
4.243845684658101858e-01,4.375694999780482819e-01,0.000000000000000000e+00,0.000000000000000000e+00,4.689494603204770740e-01,4.544316919484561734e-01,4.880690123419805793e-01,4.871284929810895115e-01,0.000000000000000000e+00,3.996349493291290744e-01,0.000000000000000000e+00,0.000000000000000000e+00,4.861614007395536063e-01,0.000000000000000000e+00,4.564260803584586079e-01,0.000000000000000000e+00,4.122424241995922833e-01,3.607340658022306079e-01,0.000000000000000000e+00,4.480202769521224870e-01,4.380298863098963102e-01,4.245232107868264770e-01,4.500895438632926959e-01,3.999845845834745228e-01,4.165784261758367912e-01,4.526173790001852271e-01,4.531297258848159260e-01,4.602636280629022192e-01,4.458686732291531896e-01,4.481698096302099144e-01,4.138456861168043899e-01,5.100777855838481978e-01,4.302911101789905768e-01,4.400936853924294900e-01,4.916030944208982234e-01,5.486543608786202952e-01,0.000000000000000000e+00,0.000000000000000000e+00,4.918853433252708962e-01,4.732018378831497896e-01,4.668496939112409816e-01,4.813184233540381274e-01,0.000000000000000000e+00,0.000000000000000000e+00,0.000000000000000000e+00,4.428549744037055258e-01,4.905970749828791888e-01,0.000000000000000000e+00,0.000000000000000000e+00,0.000000000000000000e+00,5.010865972823370651e-01,5.277233840785945373e-01,0.000000000000000000e+00,0.000000000000000000e+00,0.000000000000000000e+00,0.000000000000000000e+00,0.000000000000000000e+00,4.989652111706949777e-01,0.000000000000000000e+00,4.922427225943503126e-01,4.766765753774062087e-01,4.619766823345127227e-01,4.612790399415572784e-01,0.000000000000000000e+00,4.830372413842410895e-01,4.504551571501688167e-01,4.713287024356019872e-01,5.007988538263348222e-01,4.240039939747655140e-01,4.743709241721760228e-01,4.954531634848460264e-01,5.060643182999247092e-01,5.025668236053272286e-01,4.861493198360500867e-01,0.000000000000000000e+00,4.533098222519040821e-01
3.843792161834426735e-01,4.031124790699341931e-01,0.000000000000000000e+00,0.000000000000000000e+00,0.000000000000000000e+00,4.445168333559860741e-01,4.620209867194695064e-01,5.137262590272072549e-01,4.550076586306059934e-01,3.665139796105790770e-01,4.545720405626462179e-01,3.832155433624562790e-01,4.563334378774310807e-01,0.000000000000000000e+00,4.228221652931435925e-01,4.122424241995922833e-01,0.000000000000000000e+00,3.304356044316499874e-01,4.415291475853185821e-01,4.259417739491461186e-01,4.704580806741620047e-01,4.242992451821798183e-01,4.709537965914145086e-01,3.767871904250992832e-01,3.671608316296935959e-01,3.727051404231143117e-01,4.246054397556320859e-01,4.430392225061334233e-01,4.345518727823866056e-01,4.511799551766337846e-01,3.764259596511030925e-01,4.464393952552552225e-01,3.390590448450310768e-01,3.811835392251847199e-01,3.965318306577629848e-01,0.000000000000000000e+00,0.000000000000000000e+00,3.876358297651478213e-01,4.784382937004021952e-01,4.384593296725605160e-01,4.430955271621673797e-01,4.490184790143764149e-01,0.000000000000000000e+00,0.000000000000000000e+00,4.106096625328063965e-01,3.489100063337920998e-01,4.513583616052118108e-01,0.000000000000000000e+00,0.000000000000000000e+00,0.000000000000000000e+00,5.481668114662170410e-01,0.000000000000000000e+00,0.000000000000000000e+00,0.000000000000000000e+00,4.867377512568946130e-01,0.000000000000000000e+00,4.901302492244163922e-01,0.000000000000000000e+00,0.000000000000000000e+00,0.000000000000000000e+00,4.452872027269860755e-01,4.623371403778507860e-01,4.553123944781578003e-01,0.000000000000000000e+00,0.000000000000000000e+00,4.480604231357573908e-01,4.415233018151406008e-01,0.000000000000000000e+00,4.165384283026553058e-01,4.569167551122578219e-01,4.667508604770537195e-01,0.000000000000000000e+00,0.000000000000000000e+00,0.000000000000000000e+00,0.000000000000000000e+00,4.419207355713226093e-01
3.910198675879684727e-01,4.206727363848724033e-01,0.000000000000000000e+00,0.000000000000000000e+00,4.502059819613761227e-01,4.410182701022974938e-01,4.730147740672567269e-01,4.930513611889075776e-01,4.532440786557375145e-01,3.868885465121332246e-01,0.000000000000000000e+00,3.662987669281130843e-01,4.678542066464579929e-01,0.000000000000000000e+00,4.467722701578413225e-01,3.607340658022306079e-01,3.304356044316499874e-01,0.000000000000000000e+00,0.000000000000000000e+00,4.488328716824631082e-01,4.333936746099470994e-01,4.377149070778528772e-01,4.462099360601785025e-01,3.618297219002005738e-01,3.730852340257251876e-01,4.019666267344585986e-01,4.437373032312948995e-01,4.565835724092018877e-01,4.507649826963406881e-01,4.470600292922168872e-01,3.952468085801946196e-01,4.735496776334571223e-01,3.580881511090546199e-01,3.981972197458050755e-01,4.315375730890420036e-01,0.000000000000000000e+00,0.000000000000000000e+00,0.000000000000000000e+00,4.799557401746198937e-01,4.414983558537652897e-01,4.493025376956770733e-01,4.567026914580176178e-01,0.000000000000000000e+00,0.000000000000000000e+00,0.000000000000000000e+00,3.802804658184302244e-01,4.737036718771991950e-01,0.000000000000000000e+00,0.000000000000000000e+00,0.000000000000000000e+00,0.000000000000000000e+00,0.000000000000000000e+00,0.000000000000000000e+00,0.000000000000000000e+00,4.813089772675682165e-01,0.000000000000000000e+00,4.660525758503651916e-01,0.000000000000000000e+00,0.000000000000000000e+00,4.821353599613117935e-01,4.552792842039298793e-01,4.612873841610610759e-01,4.568738834727413267e-01,0.000000000000000000e+00,0.000000000000000000e+00,3.938456978467713143e-01,4.591867954244779892e-01,4.927175613867904036e-01,3.911259994393674888e-01,4.553896849310096195e-01,4.630223509956836181e-01,4.975243805938309727e-01,5.178874350987887620e-01,4.776804625398278215e-01,0.000000000000000000e+00,4.438676426062933000e-01
0.000000000000000000e+00,0.000000000000000000e+00,3.025419647098819831e-01,3.655902083962027094e-01,3.657199191803912064e-01,3.775587919526013914e-01,4.196528767316151098e-01,3.860079476246230934e-01,2.869075118237434108e-01,4.637400298301230794e-01,2.889310333914505979e-01,4.311992960985551182e-01,4.269919074816672100e-01,3.289321941007996020e-01,0.000000000000000000e+00,0.000000000000000000e+00,4.415291475853185821e-01,0.000000000000000000e+00,0.000000000000000000e+00,0.000000000000000000e+00,0.000000000000000000e+00,0.000000000000000000e+00,2.098056064785183972e-01,0.000000000000000000e+00,0.000000000000000000e+00,4.484471057095116842e-01,3.838178040224944909e-01,4.335676097098635773e-01,0.000000000000000000e+00,0.000000000000000000e+00,4.437281649187025945e-01,4.052301122972052916e-01,4.435411739996025227e-01,4.310390311050045775e-01,4.279670008001897896e-01,3.475529668499844904e-01,4.307707451278722233e-01,4.128253539000795724e-01,5.126686013949798282e-01,0.000000000000000000e+00,5.498560290092285863e-01,0.000000000000000000e+00,4.688908763629677789e-01,0.000000000000000000e+00,0.000000000000000000e+00,0.000000000000000000e+00,0.000000000000000000e+00,5.511170834139412777e-01,0.000000000000000000e+00,5.570096020732093756e-01,5.838944038679095838e-01,5.791927517724480001e-01,5.156593724639716436e-01,5.666395100260049889e-01,0.000000000000000000e+00,4.478090568495846080e-01,0.000000000000000000e+00,5.669780485317793550e-01,5.030570630871700200e-01,0.000000000000000000e+00,0.000000000000000000e+00,0.000000000000000000e+00,0.000000000000000000e+00,5.677460087621385432e-01,0.000000000000000000e+00,0.000000000000000000e+00,0.000000000000000000e+00,5.477011528255978368e-01,0.000000000000000000e+00,0.000000000000000000e+00,0.000000000000000000e+00,5.491629858658585439e-01,5.344725723263099582e-01,5.161117744495105075e-01,0.000000000000000000e+00,5.428421677952733893e-01
4.495748723878986164e-01,4.418962874585153910e-01,4.329820289457829152e-01,0.000000000000000000e+00,4.419934623814872898e-01,4.249959941892241244e-01,4.669155008899915082e-01,4.184387309820404854e-01,4.207779301716140230e-01,4.335552722228344091e-01,0.000000000000000000e+00,4.699381866795815932e-01,4.594047571179600831e-01,0.000000000000000000e+00,3.797337221297177878e-01,4.480202769521224870e-01,4.259417739491461186e-01,4.488328716824631082e-01,0.000000000000000000e+00,0.000000000000000000e+00,4.029717797736093732e-01,4.284414025781724811e-01,3.998581787213508765e-01,4.893802213697263093e-01,4.413136100408798779e-01,4.775099090879105779e-01,3.965595733264064005e-01,4.236191785138315180e-01,3.853973080765323855e-01,4.056360350513859014e-01,4.329076207481366012e-01,5.005362723772789346e-01,4.196887461354281146e-01,4.695193041028342118e-01,5.196435091769170400e-01,5.702711879713260323e-01,5.162057547729052009e-01,0.000000000000000000e+00,4.891500654643747836e-01,4.565076238166143052e-01,4.974315735180260822e-01,4.944823385644014913e-01,4.760856520296968264e-01,0.000000000000000000e+00,0.000000000000000000e+00,0.000000000000000000e+00,4.603308351826039257e-01,5.236949141957519815e-01,0.000000000000000000e+00,5.256537936929284172e-01,5.066504077606236445e-01,5.204180212672397943e-01,4.846038514067829150e-01,5.279398202301387455e-01,5.243159180602110503e-01,5.582973597457033810e-01,0.000000000000000000e+00,5.134196142361758808e-01,0.000000000000000000e+00,4.913177336898330028e-01,4.596218336782729730e-01,0.000000000000000000e+00,0.000000000000000000e+00,0.000000000000000000e+00,4.854762581227985985e-01,4.658751420484230077e-01,4.846525168443804876e-01,4.979843258825665253e-01,0.000000000000000000e+00,4.536006231605124728e-01,4.841000784619797215e-01,5.065371923925766628e-01,5.021839929961712246e-01,4.913207532255510213e-01,5.079945853362238806e-01,4.802236163492138998e-01
4.073620979318984259e-01,4.142977322609758262e-01,0.000000000000000000e+00,0.000000000000000000e+00,0.000000000000000000e+00,4.309079330951525733e-01,4.709694620575547996e-01,4.214390594935679135e-01,0.000000000000000000e+00,0.000000000000000000e+00,0.000000000000000000e+00,4.866361821610603045e-01,4.740588476056186162e-01,0.000000000000000000e+00,3.718785737930750956e-01,4.380298863098963102e-01,4.704580806741620047e-01,4.333936746099470994e-01,0.000000000000000000e+00,4.029717797736093732e-01,0.000000000000000000e+00,4.212893625827415778e-01,3.858701510923061018e-01,4.895599355733453728e-01,4.389463933745916813e-01,4.222385594559653899e-01,4.143315283874126065e-01,4.634740599097523783e-01,4.259506078778804161e-01,4.659804877645660759e-01,4.241439914946221745e-01,4.573671960648481027e-01,4.309206333476767736e-01,4.440600342753150964e-01,4.956004126534858112e-01,5.418711614662164999e-01,0.000000000000000000e+00,0.000000000000000000e+00,4.758286246135959852e-01,4.493382830788869020e-01,4.559647204166050738e-01,4.970471723362774874e-01,0.000000000000000000e+00,0.000000000000000000e+00,0.000000000000000000e+00,3.305179069797912206e-01,4.642551068268803149e-01,0.000000000000000000e+00,0.000000000000000000e+00,0.000000000000000000e+00,4.851580588946928230e-01,0.000000000000000000e+00,4.237349895713629078e-01,0.000000000000000000e+00,0.000000000000000000e+00,0.000000000000000000e+00,4.798378337628245727e-01,4.965733927378537804e-01,0.000000000000000000e+00,4.911726013320784068e-01,4.475214316288018135e-01,0.000000000000000000e+00,4.169304014896654254e-01,0.000000000000000000e+00,4.452906834379167234e-01,3.779163471330511115e-01,4.898842998005679128e-01,4.681624348327115825e-01,3.247526844789068723e-01,4.408679334993885757e-01,4.947108732208926885e-01,4.853626800256459206e-01,4.613145289804801985e-01,4.557800087619329199e-01,0.000000000000000000e+00,4.290208819048780819e-01
