0.000000000000000000e+00,4.508733317741557833e-01,0.000000000000000000e+00,0.000000000000000000e+00,0.000000000000000000e+00,4.352272399998891039e-01,0.000000000000000000e+00,5.547256753373102089e-01,0.000000000000000000e+00,4.368382410446072783e-01,0.000000000000000000e+00,4.349616102284348806e-01,4.944369812866398761e-01,0.000000000000000000e+00,4.321247273532278221e-01,4.282232539407092031e-01,4.337965525602950900e-01,3.946877609132128928e-01,0.000000000000000000e+00,5.064185473464792864e-01,4.771355967832757727e-01,4.648482471881457134e-01,5.066150360736751956e-01,3.760262947970383074e-01,4.023926124416559724e-01,4.002284156325288111e-01,4.908745003934398832e-01,4.977847452880497792e-01,4.933184256834202142e-01,0.000000000000000000e+00,4.129478655595367753e-01,4.829529788242626909e-01,3.974328724777991817e-01,4.106539022188713806e-01,4.746953050752544256e-01,0.000000000000000000e+00,0.000000000000000000e+00,4.537620875208481785e-01,0.000000000000000000e+00,4.453643277204090145e-01,4.630909142781597931e-01,0.000000000000000000e+00,0.000000000000000000e+00,0.000000000000000000e+00,0.000000000000000000e+00,4.035744980041791052e-01,4.890068313815607026e-01,0.000000000000000000e+00,0.000000000000000000e+00,0.000000000000000000e+00,0.000000000000000000e+00,0.000000000000000000e+00,0.000000000000000000e+00,0.000000000000000000e+00,5.301475854035800905e-01,0.000000000000000000e+00,0.000000000000000000e+00,0.000000000000000000e+00,0.000000000000000000e+00,0.000000000000000000e+00,4.847196513673434071e-01,0.000000000000000000e+00,4.572203287416760076e-01,0.000000000000000000e+00,0.000000000000000000e+00,4.385559927258562141e-01,4.569914437899115778e-01,0.000000000000000000e+00,3.867834106037931763e-01,4.677345861334584187e-01,4.802339164468221733e-01,0.000000000000000000e+00,0.000000000000000000e+00,0.000000000000000000e+00,0.000000000000000000e+00,0.000000000000000000e+00
4.508733317741557833e-01,0.000000000000000000e+00,3.652291476193362252e-01,0.000000000000000000e+00,3.747821262130959785e-01,3.779889454467019738e-01,4.017729297784540243e-01,4.659366556240613910e-01,3.641215926336969777e-01,3.617822075935065995e-01,0.000000000000000000e+00,0.000000000000000000e+00,4.184191563821129112e-01,0.000000000000000000e+00,4.364716048518483271e-01,4.229541714423797893e-01,3.877953462399049145e-01,4.025505953749519139e-01,3.769931060015394020e-01,4.439720997476845898e-01,4.590454101866299208e-01,4.179810270907832193e-01,4.039111847110853915e-01,3.629075872305808081e-01,3.827827152360440133e-01,4.056787928803001209e-01,4.105237882078813239e-01,4.283416955677071258e-01,4.441705895745102772e-01,4.201392956367117071e-01,4.099328844488038803e-01,4.660196420761785197e-01,3.712755688771364193e-01,4.169406666600514177e-01,4.835068073873847738e-01,0.000000000000000000e+00,0.000000000000000000e+00,0.000000000000000000e+00,4.711346779006118091e-01,4.702707460185854837e-01,4.576308983932891872e-01,4.986577743271490837e-01,3.937878798146339232e-01,0.000000000000000000e+00,0.000000000000000000e+00,5.000369082187217096e-01,4.789797856150131983e-01,0.000000000000000000e+00,0.000000000000000000e+00,0.000000000000000000e+00,4.364155282362098820e-01,4.295762496151507848e-01,0.000000000000000000e+00,0.000000000000000000e+00,0.000000000000000000e+00,0.000000000000000000e+00,0.000000000000000000e+00,4.394744803666417732e-01,0.000000000000000000e+00,4.910788330973642757e-01,4.747125581900309976e-01,0.000000000000000000e+00,4.606417459740689835e-01,0.000000000000000000e+00,4.303593949082473724e-01,5.074079686774479736e-01,4.606944391647865844e-01,4.689603248921367928e-01,0.000000000000000000e+00,4.650511613986261783e-01,5.117052384872737836e-01,4.546746088670168828e-01,4.306690444753645264e-01,4.399570658363106124e-01,4.511242488264193828e-01,4.540399844369523152e-01
0.000000000000000000e+00,3.652291476193362252e-01,0.000000000000000000e+00,3.682562708854674738e-01,3.721383305556041909e-01,3.546553338263095934e-01,4.244198762097823874e-01,4.422478891750601937e-01,3.114729876474344739e-01,4.538212977177880081e-01,3.026412242003345132e-01,4.401876228102840072e-01,4.363291154404854155e-01,3.689278334502267831e-01,0.000000000000000000e+00,3.666058013650900782e-01,4.540637488018088863e-01,0.000000000000000000e+00,2.444898715517334065e-01,3.990527553218581880e-01,3.831220082936048210e-01,3.823137689057720112e-01,2.881669650720138920e-01,0.000000000000000000e+00,3.877867765489537155e-01,3.900382165102648790e-01,3.181199626203154995e-01,4.406553920137419866e-01,3.586718440073530800e-01,4.199861955778270151e-01,4.541339521521635114e-01,4.326644583458963966e-01,4.500759950747251770e-01,4.626005693037584798e-01,4.599198446617486780e-01,3.861031205341241002e-01,4.405439480905751215e-01,0.000000000000000000e+00,4.999331300112824228e-01,0.000000000000000000e+00,5.520922491642124008e-01,0.000000000000000000e+00,4.975335784198087197e-01,0.000000000000000000e+00,0.000000000000000000e+00,0.000000000000000000e+00,0.000000000000000000e+00,2.757375247328731072e-01,0.000000000000000000e+00,5.086255053781776336e-01,5.414527335599393920e-01,5.450597968802262105e-01,5.473152638201296272e-01,4.903042263906590148e-01,0.000000000000000000e+00,4.014364663589429782e-01,0.000000000000000000e+00,5.140339501585470261e-01,4.966823165279605767e-01,0.000000000000000000e+00,0.000000000000000000e+00,0.000000000000000000e+00,0.000000000000000000e+00,2.851649968698081739e-01,4.496522247791289728e-01,0.000000000000000000e+00,0.000000000000000000e+00,5.612201421250189171e-01,0.000000000000000000e+00,0.000000000000000000e+00,4.273242949540891900e-01,5.197787314483922616e-01,5.156223115477506225e-01,5.086402819656795637e-01,5.154415433697213667e-01,5.396295638923119808e-01
0.000000000000000000e+00,0.000000000000000000e+00,3.682562708854674738e-01,0.000000000000000000e+00,3.164439427398554883e-01,0.000000000000000000e+00,3.129165704281500759e-01,3.919426504390577937e-01,4.414720248304668249e-01,4.370998636681782124e-01,3.886119102770200784e-01,4.193749638727699014e-01,3.230119983938837813e-01,3.207114148109221907e-01,0.000000000000000000e+00,0.000000000000000000e+00,0.000000000000000000e+00,0.000000000000000000e+00,4.368364156922501795e-01,0.000000000000000000e+00,0.000000000000000000e+00,0.000000000000000000e+00,3.862167751579230757e-01,0.000000000000000000e+00,0.000000000000000000e+00,0.000000000000000000e+00,0.000000000000000000e+00,3.367235206560573735e-01,0.000000000000000000e+00,0.000000000000000000e+00,4.073685821154439113e-01,3.914562539536344810e-01,0.000000000000000000e+00,4.186970226564226127e-01,4.104341170320983112e-01,2.262626066978979111e-01,1.821159120793620079e-01,0.000000000000000000e+00,0.000000000000000000e+00,0.000000000000000000e+00,0.000000000000000000e+00,0.000000000000000000e+00,0.000000000000000000e+00,0.000000000000000000e+00,0.000000000000000000e+00,0.000000000000000000e+00,0.000000000000000000e+00,0.000000000000000000e+00,0.000000000000000000e+00,0.000000000000000000e+00,0.000000000000000000e+00,0.000000000000000000e+00,0.000000000000000000e+00,0.000000000000000000e+00,0.000000000000000000e+00,0.000000000000000000e+00,0.000000000000000000e+00,0.000000000000000000e+00,0.000000000000000000e+00,0.000000000000000000e+00,0.000000000000000000e+00,0.000000000000000000e+00,0.000000000000000000e+00,0.000000000000000000e+00,0.000000000000000000e+00,0.000000000000000000e+00,0.000000000000000000e+00,0.000000000000000000e+00,0.000000000000000000e+00,0.000000000000000000e+00,0.000000000000000000e+00,0.000000000000000000e+00,0.000000000000000000e+00,0.000000000000000000e+00,0.000000000000000000e+00,0.000000000000000000e+00
0.000000000000000000e+00,3.747821262130959785e-01,3.721383305556041909e-01,3.164439427398554883e-01,0.000000000000000000e+00,3.570062039591633818e-01,3.422156412883600729e-01,3.893059440400155058e-01,3.329672278751695802e-01,4.608935719111352802e-01,3.354442349099832077e-01,4.275878601214971875e-01,3.961178600157542751e-01,2.985046367250275834e-01,0.000000000000000000e+00,4.159509609349988923e-01,4.644048820197712035e-01,4.957764505170578206e-01,3.789986045819552229e-01,4.256794665142901724e-01,0.000000000000000000e+00,4.117687343902332042e-01,3.779251374304696820e-01,4.373939181024866785e-01,4.186487524656649084e-01,4.204979137325293159e-01,3.510191914582354022e-01,3.938676030815611018e-01,3.872408943988139840e-01,0.000000000000000000e+00,4.583715471746365733e-01,4.227489456601681850e-01,4.354996527442008825e-01,4.450973172079956131e-01,4.251146700870536144e-01,2.983629979995207071e-01,2.969105778014233810e-01,4.341099136230840982e-01,0.000000000000000000e+00,4.185553937908367828e-01,0.000000000000000000e+00,4.578580641618164027e-01,4.176757353549346852e-01,0.000000000000000000e+00,3.986276641492734196e-01,0.000000000000000000e+00,0.000000000000000000e+00,4.858497635346282206e-01,0.000000000000000000e+00,0.000000000000000000e+00,0.000000000000000000e+00,5.089858366373826160e-01,0.000000000000000000e+00,5.108337569786096655e-01,0.000000000000000000e+00,4.628158808143504888e-01,4.096932110722871223e-01,4.740178939226236121e-01,0.000000000000000000e+00,0.000000000000000000e+00,0.000000000000000000e+00,0.000000000000000000e+00,0.000000000000000000e+00,4.728785719303095214e-01,0.000000000000000000e+00,0.000000000000000000e+00,0.000000000000000000e+00,5.049275489728127786e-01,0.000000000000000000e+00,0.000000000000000000e+00,0.000000000000000000e+00,4.775939148738790885e-01,4.736066159315497903e-01,4.655586154381629038e-01,0.000000000000000000e+00,0.000000000000000000e+00
4.352272399998891039e-01,3.779889454467019738e-01,3.546553338263095934e-01,0.000000000000000000e+00,3.570062039591633818e-01,0.000000000000000000e+00,3.923004317858406753e-01,3.672265353880245220e-01,3.162270579696738748e-01,4.638009288768639160e-01,3.857247725328082910e-01,4.291466439625107876e-01,3.632441256157447063e-01,4.093838833078861095e-01,3.775378635842872033e-01,4.199447466949728924e-01,4.081298930037360884e-01,4.139265126817854856e-01,3.973914780231344035e-01,4.007449769301992815e-01,3.735822619581882775e-01,4.004128094451011033e-01,3.517761108817988869e-01,4.742766746782153264e-01,3.794237998663749778e-01,3.830777116559859752e-01,3.255390168387785055e-01,3.658644859439935115e-01,3.237475727310508145e-01,3.904217969309271008e-01,4.164486446508249839e-01,3.934654561125413008e-01,3.516696507209470246e-01,4.300074054799571943e-01,4.357359602881974991e-01,4.270336093218823903e-01,4.417319395965739193e-01,4.327295416226751845e-01,4.898533555804991946e-01,0.000000000000000000e+00,5.034381152595790443e-01,4.985574032186332882e-01,4.675723004875135258e-01,0.000000000000000000e+00,0.000000000000000000e+00,0.000000000000000000e+00,4.168220898381916895e-01,5.280404183427273024e-01,0.000000000000000000e+00,0.000000000000000000e+00,5.056598715941859057e-01,5.127661085663415275e-01,4.607881644985685754e-01,5.315294633742796426e-01,0.000000000000000000e+00,5.148987630384043168e-01,0.000000000000000000e+00,5.012881707042258217e-01,4.924149820806857925e-01,4.391097933612613802e-01,4.081536421741558951e-01,0.000000000000000000e+00,0.000000000000000000e+00,5.223249147199452436e-01,4.521533397834446855e-01,4.194620164853716804e-01,4.178477090287813778e-01,5.134114332356927157e-01,0.000000000000000000e+00,4.026813194590004863e-01,4.403854705035605832e-01,4.886842898774265143e-01,5.039461014274683182e-01,4.887243928229105250e-01,5.089940111982889093e-01,5.146190628889882879e-01
0.000000000000000000e+00,4.017729297784540243e-01,4.244198762097823874e-01,3.129165704281500759e-01,3.422156412883600729e-01,3.923004317858406753e-01,0.000000000000000000e+00,4.208164040755302815e-01,3.930859775392870903e-01,4.406482862873014050e-01,4.240522905531157738e-01,4.190735817216986181e-01,3.426101377393264147e-01,3.464395953005500739e-01,0.000000000000000000e+00,4.415378288461205836e-01,4.373752794606822758e-01,4.363796693150028827e-01,4.415658870571346761e-01,4.503036579355043090e-01,4.258816232481811848e-01,4.568625980388347774e-01,3.968494047228928734e-01,4.216944684887042882e-01,4.087844909306707075e-01,4.227608770046680786e-01,3.886506760495767043e-01,3.801284140703771741e-01,4.222500668549736824e-01,0.000000000000000000e+00,4.193942438483088120e-01,4.513458776717245158e-01,4.204339452131067856e-01,4.299683080238320132e-01,4.215198822271430945e-01,3.678726346152578208e-01,3.703258407081633785e-01,4.200061320554441813e-01,4.572999187137163912e-01,4.196519195132230040e-01,4.429946773692636786e-01,4.615124058122753725e-01,4.832869199948999772e-01,0.000000000000000000e+00,4.237504532282589942e-01,0.000000000000000000e+00,0.000000000000000000e+00,5.244408235066956303e-01,0.000000000000000000e+00,0.000000000000000000e+00,5.251308420456383130e-01,5.195039470781911417e-01,4.747163030596223132e-01,5.406619407998852767e-01,0.000000000000000000e+00,5.211488196372409121e-01,5.001414724305122128e-01,5.107037496678946686e-01,0.000000000000000000e+00,0.000000000000000000e+00,0.000000000000000000e+00,0.000000000000000000e+00,0.000000000000000000e+00,5.419321853802125943e-01,4.687217451163180892e-01,0.000000000000000000e+00,0.000000000000000000e+00,5.247233769383751190e-01,0.000000000000000000e+00,0.000000000000000000e+00,4.523459775121457249e-01,4.958829128858479041e-01,4.775196844804314167e-01,4.924006350148701916e-01,0.000000000000000000e+00,0.000000000000000000e+00
5.547256753373102089e-01,4.659366556240613910e-01,4.422478891750601937e-01,3.919426504390577937e-01,3.893059440400155058e-01,3.672265353880245220e-01,4.208164040755302815e-01,0.000000000000000000e+00,4.659297296054950022e-01,4.985712216061842228e-01,3.274197371749815733e-01,5.163361038110051426e-01,4.190023458140371138e-01,3.321431462777679755e-01,4.488536878079960046e-01,4.696429944542495072e-01,5.421375965217616333e-01,5.267253887389370393e-01,4.338247183106974103e-01,4.130474304622471227e-01,4.375836080514521886e-01,4.347163722868683244e-01,3.719932754343641124e-01,5.522937192302325160e-01,5.032783086358416647e-01,5.329646232717210053e-01,3.863707104874500864e-01,4.167611683284825896e-01,3.775565986429503251e-01,4.153529855374827884e-01,4.394658106848947088e-01,4.022140246525416907e-01,4.591333223881486902e-01,4.550418697117062927e-01,4.703917209091965090e-01,2.952196419098016000e-01,2.220549387730801072e-01,0.000000000000000000e+00,4.840890747792914728e-01,0.000000000000000000e+00,5.114995429846124209e-01,4.793133132614568748e-01,4.586945274440520914e-01,0.000000000000000000e+00,0.000000000000000000e+00,0.000000000000000000e+00,0.000000000000000000e+00,5.397041122395829227e-01,0.000000000000000000e+00,4.647701727675865868e-01,4.819926145613442903e-01,5.020415044343958799e-01,4.671251531701963167e-01,5.454907870537315517e-01,0.000000000000000000e+00,5.073464558407669855e-01,0.000000000000000000e+00,4.793780083066135900e-01,0.000000000000000000e+00,4.963470629216352181e-01,0.000000000000000000e+00,0.000000000000000000e+00,0.000000000000000000e+00,5.564327080765235634e-01,5.065219513439114252e-01,5.254200898052835411e-01,4.972016820072047150e-01,5.079868709306208929e-01,0.000000000000000000e+00,0.000000000000000000e+00,5.411497434604632950e-01,4.808297060487257135e-01,4.943560936540137840e-01,5.019481578838131952e-01,5.140699741853433924e-01,5.217236016036914670e-01
0.000000000000000000e+00,3.641215926336969777e-01,3.114729876474344739e-01,4.414720248304668249e-01,3.329672278751695802e-01,3.162270579696738748e-01,3.930859775392870903e-01,4.659297296054950022e-01,0.000000000000000000e+00,4.829811095129188936e-01,3.060637405655944887e-01,4.595777725698105276e-01,3.923265711832775726e-01,3.929015892572719770e-01,0.000000000000000000e+00,4.119738985785350027e-01,4.560165212077900154e-01,4.340843012572601078e-01,2.915170238868540209e-01,4.092217868633826749e-01,3.537065971731462866e-01,4.033328045339902856e-01,3.773445735792401723e-01,4.671515765148642751e-01,3.956181172770840138e-01,3.740937491867419862e-01,3.128680696449139820e-01,4.491524949235932151e-01,3.675558192961806969e-01,4.335087490024587820e-01,4.680994785570781191e-01,4.548546270811473224e-01,4.241180073447389787e-01,4.749393596867066969e-01,4.779828035167901779e-01,4.359806483876452754e-01,4.538703311721581923e-01,4.572103566539981734e-01,5.222138501987608761e-01,4.457279513813862115e-01,5.220443031850805493e-01,4.961112977997724216e-01,5.098046609061057666e-01,0.000000000000000000e+00,4.457815662491074749e-01,0.000000000000000000e+00,4.029291743074812082e-01,5.370848443410515261e-01,0.000000000000000000e+00,5.222587897962963632e-01,5.444173213008648426e-01,5.458388308138761857e-01,5.428376792283282626e-01,5.509156326385259428e-01,0.000000000000000000e+00,5.275650671321240326e-01,0.000000000000000000e+00,5.355723779839737242e-01,5.095849027178498414e-01,0.000000000000000000e+00,0.000000000000000000e+00,0.000000000000000000e+00,0.000000000000000000e+00,5.343420142998446254e-01,4.769317044486428014e-01,0.000000000000000000e+00,4.049678542609849163e-01,5.548744054371790302e-01,0.000000000000000000e+00,0.000000000000000000e+00,4.285405946290523072e-01,5.322650721937477458e-01,5.301970394212164317e-01,5.065606311295824948e-01,5.272879638792496992e-01,5.391938823656069468e-01
4.368382410446072783e-01,3.617822075935065995e-01,4.538212977177880081e-01,4.370998636681782124e-01,4.608935719111352802e-01,4.638009288768639160e-01,4.406482862873014050e-01,4.985712216061842228e-01,4.829811095129188936e-01,0.000000000000000000e+00,4.671128331032973202e-01,3.091487747615326853e-01,4.325222313569743182e-01,4.379164610140097169e-01,4.060730338096619207e-01,4.014726774980436064e-01,3.519800833469551860e-01,3.676577824158618890e-01,4.772045249368582209e-01,4.581539480103393180e-01,5.082117962142219669e-01,4.140702061012270785e-01,4.617476426411187274e-01,3.513956081243875262e-01,3.312845343146960109e-01,3.735853629174075152e-01,4.308532880663716869e-01,4.128604992200944901e-01,4.494712843431328264e-01,0.000000000000000000e+00,3.535730615791415898e-01,3.704819406156855122e-01,3.141013106438753089e-01,3.190067376001587962e-01,3.687325632378496976e-01,3.517633533717243743e-01,3.302554985626051098e-01,2.956452417733446136e-01,3.346705659076760209e-01,4.737408499600113121e-01,4.253532250445001828e-01,3.919197584632577169e-01,0.000000000000000000e+00,0.000000000000000000e+00,4.306395351365924218e-01,4.555973212105248193e-01,4.261951913794148061e-01,0.000000000000000000e+00,0.000000000000000000e+00,0.000000000000000000e+00,0.000000000000000000e+00,0.000000000000000000e+00,0.000000000000000000e+00,4.846075392865668019e-01,4.872287909501948899e-01,0.000000000000000000e+00,4.778662930082531179e-01,3.867071205027380887e-01,0.000000000000000000e+00,0.000000000000000000e+00,4.333994375068728755e-01,4.951599351607631760e-01,4.832428929677741181e-01,0.000000000000000000e+00,0.000000000000000000e+00,0.000000000000000000e+00,0.000000000000000000e+00,0.000000000000000000e+00,4.565101750810138248e-01,4.811779653958423997e-01,4.893037517970912909e-01,0.000000000000000000e+00,3.885884436984179957e-01,0.000000000000000000e+00,0.000000000000000000e+00,4.830498958707918900e-01
0.000000000000000000e+00,0.000000000000000000e+00,3.026412242003345132e-01,3.886119102770200784e-01,3.354442349099832077e-01,3.857247725328082910e-01,4.240522905531157738e-01,3.274197371749815733e-01,3.060637405655944887e-01,4.671128331032973202e-01,0.000000000000000000e+00,4.128923300412751796e-01,4.446897680559124821e-01,3.062541063823622789e-01,0.000000000000000000e+00,0.000000000000000000e+00,4.633344140030424274e-01,0.000000000000000000e+00,2.508396442950185934e-01,0.000000000000000000e+00,0.000000000000000000e+00,0.000000000000000000e+00,2.787515874922734116e-01,4.517694703126586830e-01,4.565100768449574797e-01,4.574746102779796986e-01,3.548456128052556724e-01,4.517156941835374084e-01,0.000000000000000000e+00,4.701137922286516835e-01,4.633112706482405141e-01,3.774390559881424800e-01,4.569229851033405065e-01,4.583440160250342732e-01,4.376099549046851833e-01,2.856380888457116241e-01,3.580535370566487741e-01,4.281245897586877791e-01,4.522252691532291924e-01,4.265898272573910854e-01,4.639690804645352773e-01,4.699584165472818209e-01,4.437357479071393218e-01,0.000000000000000000e+00,0.000000000000000000e+00,0.000000000000000000e+00,0.000000000000000000e+00,4.187558319160631926e-01,0.000000000000000000e+00,3.687155240345201812e-01,5.043095110971629325e-01,4.882726296217481110e-01,4.983576562104785057e-01,4.109793308462721950e-01,0.000000000000000000e+00,2.783161711909192815e-01,0.000000000000000000e+00,4.665152009037277225e-01,4.586015027736555782e-01,0.000000000000000000e+00,0.000000000000000000e+00,0.000000000000000000e+00,0.000000000000000000e+00,2.501317510253243115e-01,0.000000000000000000e+00,0.000000000000000000e+00,0.000000000000000000e+00,5.238828976061246090e-01,0.000000000000000000e+00,0.000000000000000000e+00,0.000000000000000000e+00,4.916781609896883065e-01,4.707432707016355189e-01,4.522982160723486023e-01,0.000000000000000000e+00,4.851751521888458818e-01
4.349616102284348806e-01,0.000000000000000000e+00,4.401876228102840072e-01,4.193749638727699014e-01,4.275878601214971875e-01,4.291466439625107876e-01,4.190735817216986181e-01,5.163361038110051426e-01,4.595777725698105276e-01,3.091487747615326853e-01,4.128923300412751796e-01,0.000000000000000000e+00,4.233673650968529101e-01,3.858729272193788251e-01,0.000000000000000000e+00,0.000000000000000000e+00,3.824231009176731200e-01,3.701503290478608266e-01,4.540906599669662924e-01,0.000000000000000000e+00,5.170482978986652434e-01,0.000000000000000000e+00,0.000000000000000000e+00,3.019616422132038180e-01,3.551408688338176800e-01,3.007785924134859790e-01,0.000000000000000000e+00,4.079108899643659192e-01,4.378483979099693779e-01,3.675525188446044922e-01,3.772645059300623882e-01,3.065560453581220868e-01,3.096214751737346726e-01,3.038650012411948098e-01,3.906504916696973972e-01,3.371532808019663263e-01,3.237475099504967813e-01,2.547398246944792000e-01,2.968369952753779906e-01,4.980331524649910246e-01,3.857916215733078746e-01,3.619490522260825904e-01,3.546598836065738003e-01,0.000000000000000000e+00,3.505457287105419040e-01,4.560398981395655249e-01,0.000000000000000000e+00,0.000000000000000000e+00,0.000000000000000000e+00,4.027157723903656006e-01,4.059632332062166893e-01,3.856030277212015855e-01,0.000000000000000000e+00,4.601949368254419914e-01,4.977921621722237733e-01,0.000000000000000000e+00,3.905182128299560795e-01,4.279193391697954096e-01,0.000000000000000000e+00,0.000000000000000000e+00,0.000000000000000000e+00,5.054537175770351665e-01,4.992276080402046068e-01,0.000000000000000000e+00,4.034880208004905100e-01,0.000000000000000000e+00,0.000000000000000000e+00,4.169151234599366984e-01,4.508983475459382162e-01,4.891337088987390835e-01,4.935434628594386752e-01,4.020920336970155162e-01,3.984884574685323977e-01,4.014711586881162253e-01,0.000000000000000000e+00,4.760695268931037227e-01
4.944369812866398761e-01,4.184191563821129112e-01,4.363291154404854155e-01,3.230119983938837813e-01,3.961178600157542751e-01,3.632441256157447063e-01,3.426101377393264147e-01,4.190023458140371138e-01,3.923265711832775726e-01,4.325222313569743182e-01,4.446897680559124821e-01,4.233673650968529101e-01,0.000000000000000000e+00,3.800336930398354740e-01,4.355876562761084037e-01,4.589675467309478063e-01,4.304762302701815035e-01,4.481001876214619761e-01,4.587636040198742049e-01,4.479424293329825058e-01,4.318675632332636960e-01,4.632336355800734107e-01,3.921733753542707146e-01,4.219918162616110857e-01,4.192788616154574100e-01,4.287447882166884883e-01,3.841465924244463204e-01,3.457230041422049149e-01,3.974286228747183070e-01,3.821067057172841119e-01,4.072157029033047215e-01,4.532260598238622151e-01,4.145935608073160750e-01,4.294026777497551017e-01,4.476400634273812185e-01,4.048868794283546069e-01,4.141016967790284165e-01,4.182002120294724956e-01,4.630311276167405898e-01,4.263873630758974742e-01,5.273836357323573587e-01,4.724867597575758138e-01,4.909154583138293781e-01,0.000000000000000000e+00,4.057500058815787791e-01,0.000000000000000000e+00,4.332987033849590164e-01,5.133867723053303633e-01,0.000000000000000000e+00,0.000000000000000000e+00,5.109482681519282865e-01,5.085324143124304586e-01,4.740521337162845183e-01,5.236850706425614232e-01,4.758402533238180743e-01,5.179856195555039289e-01,4.281085804491491786e-01,4.991234055396525093e-01,0.000000000000000000e+00,0.000000000000000000e+00,0.000000000000000000e+00,0.000000000000000000e+00,0.000000000000000000e+00,5.293753864769163986e-01,4.734953114299167987e-01,0.000000000000000000e+00,4.322614007802680902e-01,5.165175248627538185e-01,0.000000000000000000e+00,0.000000000000000000e+00,4.676801291568836172e-01,4.982849634921199256e-01,4.903533644709773820e-01,5.031505939122503657e-01,5.183452174867687612e-01,5.200535932149317198e-01
0.000000000000000000e+00,0.000000000000000000e+00,3.689278334502267831e-01,3.207114148109221907e-01,2.985046367250275834e-01,4.093838833078861095e-01,3.464395953005500739e-01,3.321431462777679755e-01,3.929015892572719770e-01,4.379164610140097169e-01,3.062541063823622789e-01,3.858729272193788251e-01,3.800336930398354740e-01,0.000000000000000000e+00,0.000000000000000000e+00,0.000000000000000000e+00,0.000000000000000000e+00,0.000000000000000000e+00,3.513734030918770901e-01,0.000000000000000000e+00,4.263496706003714887e-01,0.000000000000000000e+00,3.485850088746518249e-01,0.000000000000000000e+00,0.000000000000000000e+00,5.382177225385307295e-01,4.855773707694980845e-01,3.357435648042830789e-01,5.518553256988525391e-01,0.000000000000000000e+00,4.199037600906868062e-01,2.677376542403333004e-01,3.323410451412200928e-01,4.047752230237329218e-01,4.414933859050708120e-01,2.241738441108996893e-01,1.925563671077054895e-01,3.875839647848016156e-01,0.000000000000000000e+00,0.000000000000000000e+00,0.000000000000000000e+00,0.000000000000000000e+00,3.701981817635056071e-01,0.000000000000000000e+00,0.000000000000000000e+00,0.000000000000000000e+00,0.000000000000000000e+00,4.855753713470337130e-01,0.000000000000000000e+00,0.000000000000000000e+00,4.411445889472873083e-01,0.000000000000000000e+00,0.000000000000000000e+00,4.887858324293504197e-01,0.000000000000000000e+00,0.000000000000000000e+00,0.000000000000000000e+00,0.000000000000000000e+00,0.000000000000000000e+00,0.000000000000000000e+00,0.000000000000000000e+00,0.000000000000000000e+00,0.000000000000000000e+00,4.750135659096590968e-01,0.000000000000000000e+00,0.000000000000000000e+00,0.000000000000000000e+00,4.705251696267688244e-01,0.000000000000000000e+00,0.000000000000000000e+00,0.000000000000000000e+00,4.053468967720837979e-01,0.000000000000000000e+00,3.945905069599094928e-01,0.000000000000000000e+00,0.000000000000000000e+00
4.321247273532278221e-01,4.364716048518483271e-01,0.000000000000000000e+00,0.000000000000000000e+00,0.000000000000000000e+00,3.775378635842872033e-01,0.000000000000000000e+00,4.488536878079960046e-01,0.000000000000000000e+00,4.060730338096619207e-01,0.000000000000000000e+00,0.000000000000000000e+00,4.355876562761084037e-01,0.000000000000000000e+00,0.000000000000000000e+00,4.536600199818185963e-01,0.000000000000000000e+00,4.344804029883946872e-01,0.000000000000000000e+00,3.687769493461570125e-01,4.129993936238535168e-01,3.475597455368910071e-01,3.777413569220388068e-01,5.020389966389959824e-01,4.340279967048207843e-01,4.038224312055377907e-01,3.900534572832811131e-01,0.000000000000000000e+00,4.196737194049133812e-01,0.000000000000000000e+00,4.458620157208681989e-01,4.420981827932907726e-01,4.008992486376760089e-01,4.520964639326369161e-01,5.006024709311130971e-01,5.528254788657342989e-01,5.667913948277236713e-01,0.000000000000000000e+00,4.577856000187369157e-01,3.995821579255762201e-01,4.820967598993757264e-01,4.999495940470108923e-01,0.000000000000000000e+00,0.000000000000000000e+00,0.000000000000000000e+00,0.000000000000000000e+00,5.062655921096084199e-01,0.000000000000000000e+00,0.000000000000000000e+00,0.000000000000000000e+00,4.553858210234518200e-01,0.000000000000000000e+00,5.166128466375133899e-01,0.000000000000000000e+00,0.000000000000000000e+00,0.000000000000000000e+00,0.000000000000000000e+00,4.664028098083580764e-01,0.000000000000000000e+00,4.635620111998052240e-01,4.830622787336243951e-01,0.000000000000000000e+00,0.000000000000000000e+00,0.000000000000000000e+00,4.604249927664946784e-01,4.960611621147613115e-01,5.015141781646988983e-01,4.747549365744079819e-01,0.000000000000000000e+00,4.592791319325624788e-01,5.435648538667353646e-01,4.738732984123623093e-01,4.859972529074497172e-01,4.833367523846335834e-01,0.000000000000000000e+00,4.749296326901880083e-01
4.282232539407092031e-01,4.229541714423797893e-01,3.666058013650900782e-01,0.000000000000000000e+00,4.159509609349988923e-01,4.199447466949728924e-01,4.415378288461205836e-01,4.696429944542495072e-01,4.119738985785350027e-01,4.014726774980436064e-01,0.000000000000000000e+00,0.000000000000000000e+00,4.589675467309478063e-01,0.000000000000000000e+00,4.536600199818185963e-01,0.000000000000000000e+00,4.097320725573824762e-01,3.974385506627292064e-01,0.000000000000000000e+00,4.311990051051641237e-01,4.649149958957781159e-01,4.056770744065751888e-01,4.421459640780187050e-01,3.843270874997133935e-01,3.775957740089638803e-01,4.393076255719082224e-01,4.350689972970899211e-01,4.546469466592608089e-01,4.561437527666338809e-01,4.477602226883160008e-01,4.216674041734346234e-01,4.959398920487829154e-01,3.982953580574293273e-01,4.444980413761350224e-01,5.012223011088958735e-01,0.000000000000000000e+00,0.000000000000000000e+00,0.000000000000000000e+00,4.699053537973619799e-01,4.445520007405999729e-01,4.482697897895817074e-01,4.747066303131017850e-01,4.042573836528978171e-01,0.000000000000000000e+00,0.000000000000000000e+00,4.929426455410557129e-01,4.723742955683554734e-01,0.000000000000000000e+00,0.000000000000000000e+00,0.000000000000000000e+00,4.464294173537721178e-01,0.000000000000000000e+00,0.000000000000000000e+00,0.000000000000000000e+00,4.728787243366240900e-01,0.000000000000000000e+00,0.000000000000000000e+00,4.680043661459469817e-01,0.000000000000000000e+00,4.889481638267090813e-01,4.644336749194091785e-01,0.000000000000000000e+00,4.568222956682260194e-01,0.000000000000000000e+00,4.909005235141837842e-01,4.929838079528173211e-01,4.628148351892231727e-01,4.931935698845210103e-01,0.000000000000000000e+00,4.605981322150861090e-01,4.938480538740602221e-01,4.820296918089889138e-01,4.984469054605156213e-01,4.750407722364554108e-01,0.000000000000000000e+00,4.475782443261421828e-01
4.337965525602950900e-01,3.877953462399049145e-01,4.540637488018088863e-01,0.000000000000000000e+00,4.644048820197712035e-01,4.081298930037360884e-01,4.373752794606822758e-01,5.421375965217616333e-01,4.560165212077900154e-01,3.519800833469551860e-01,4.633344140030424274e-01,3.824231009176731200e-01,4.304762302701815035e-01,0.000000000000000000e+00,0.000000000000000000e+00,4.097320725573824762e-01,0.000000000000000000e+00,3.462393030437734831e-01,4.711048403494362824e-01,4.340704809594985725e-01,5.050416626269513820e-01,4.188619711353189223e-01,4.949407757006628050e-01,3.921044842377349182e-01,3.321115191665056088e-01,3.935866448016884234e-01,4.173220485816270808e-01,4.237700863518096828e-01,4.482233383415831773e-01,0.000000000000000000e+00,3.637146881498511952e-01,4.769655473242476185e-01,3.525351706978739896e-01,3.834250121206584927e-01,4.414241485349276184e-01,0.000000000000000000e+00,0.000000000000000000e+00,3.359935259690737253e-01,5.039173361999984557e-01,4.729403640527177766e-01,4.746950015387466082e-01,5.115597023968389001e-01,0.000000000000000000e+00,0.000000000000000000e+00,4.195164465178349844e-01,4.543286939831386873e-01,4.450172357058613803e-01,0.000000000000000000e+00,0.000000000000000000e+00,0.000000000000000000e+00,0.000000000000000000e+00,0.000000000000000000e+00,0.000000000000000000e+00,0.000000000000000000e+00,4.915254570263027922e-01,0.000000000000000000e+00,4.997180563965569200e-01,0.000000000000000000e+00,0.000000000000000000e+00,0.000000000000000000e+00,4.535758026278378097e-01,4.992780403015715240e-01,4.910591659849011803e-01,0.000000000000000000e+00,0.000000000000000000e+00,0.000000000000000000e+00,0.000000000000000000e+00,0.000000000000000000e+00,4.795702983285209942e-01,4.835681912597709076e-01,4.959580711593005731e-01,0.000000000000000000e+00,0.000000000000000000e+00,0.000000000000000000e+00,0.000000000000000000e+00,4.778557193786818758e-01
3.946877609132128928e-01,4.025505953749519139e-01,0.000000000000000000e+00,0.000000000000000000e+00,4.957764505170578206e-01,4.139265126817854856e-01,4.363796693150028827e-01,5.267253887389370393e-01,4.340843012572601078e-01,3.676577824158618890e-01,0.000000000000000000e+00,3.701503290478608266e-01,4.481001876214619761e-01,0.000000000000000000e+00,4.344804029883946872e-01,3.974385506627292064e-01,3.462393030437734831e-01,0.000000000000000000e+00,0.000000000000000000e+00,4.506746009345757864e-01,4.731671704659343725e-01,4.328138719265768875e-01,4.533338682943812148e-01,3.627421445018690904e-01,3.456986988923138049e-01,3.944568949352383891e-01,4.279011575132091183e-01,4.377438731030329211e-01,4.586213064249680116e-01,0.000000000000000000e+00,3.877913559267273103e-01,4.862682205708717120e-01,3.647948173675121808e-01,4.094180606925725829e-01,4.630987644268367842e-01,0.000000000000000000e+00,0.000000000000000000e+00,0.000000000000000000e+00,4.657413112591187732e-01,4.417441669924572767e-01,4.487837285922179897e-01,4.562106838184600277e-01,0.000000000000000000e+00,0.000000000000000000e+00,0.000000000000000000e+00,4.566521977013280886e-01,4.567022514020888102e-01,0.000000000000000000e+00,0.000000000000000000e+00,0.000000000000000000e+00,0.000000000000000000e+00,0.000000000000000000e+00,0.000000000000000000e+00,0.000000000000000000e+00,4.678677316957360888e-01,0.000000000000000000e+00,4.669719282892231260e-01,0.000000000000000000e+00,0.000000000000000000e+00,4.557546933692467883e-01,4.511867632906014225e-01,4.712402216883775918e-01,4.528355795949661755e-01,0.000000000000000000e+00,4.726738812324455807e-01,4.649757281687115773e-01,4.459741203184259817e-01,5.093728561442080194e-01,4.627975692685806219e-01,4.553073020539353810e-01,4.796792878486726974e-01,4.667640777504559191e-01,0.000000000000000000e+00,4.647129888550525223e-01,0.000000000000000000e+00,4.376387664215090068e-01
0.000000000000000000e+00,3.769931060015394020e-01,2.444898715517334065e-01,4.368364156922501795e-01,3.789986045819552229e-01,3.973914780231344035e-01,4.415658870571346761e-01,4.338247183106974103e-01,2.915170238868540209e-01,4.772045249368582209e-01,2.508396442950185934e-01,4.540906599669662924e-01,4.587636040198742049e-01,3.513734030918770901e-01,0.000000000000000000e+00,0.000000000000000000e+00,4.711048403494362824e-01,0.000000000000000000e+00,0.000000000000000000e+00,0.000000000000000000e+00,0.000000000000000000e+00,4.044296324723211100e-01,2.531700108322144094e-01,4.654954681713608933e-01,4.609578094329693787e-01,4.369269297319284262e-01,3.536540342625327793e-01,4.635792348557050135e-01,3.778506300755692937e-01,4.548920834546500980e-01,4.728728988655859222e-01,4.414217263275900249e-01,4.574016735808897893e-01,4.757765766998627854e-01,4.722554912912816927e-01,3.894634787216196825e-01,4.471918648772795213e-01,4.453066271533597242e-01,4.881931486328650038e-01,4.353129047185744227e-01,5.214691604203762765e-01,0.000000000000000000e+00,4.916263275614232153e-01,0.000000000000000000e+00,0.000000000000000000e+00,0.000000000000000000e+00,0.000000000000000000e+00,3.931732917449191067e-01,0.000000000000000000e+00,5.263858331109926292e-01,5.381044835390820236e-01,5.525324836373911586e-01,5.403626196204367460e-01,5.370345398735905107e-01,0.000000000000000000e+00,5.105757068442976498e-01,0.000000000000000000e+00,5.205350461890569935e-01,4.868322059767026810e-01,0.000000000000000000e+00,0.000000000000000000e+00,0.000000000000000000e+00,0.000000000000000000e+00,5.190833769330212011e-01,0.000000000000000000e+00,0.000000000000000000e+00,0.000000000000000000e+00,5.516745050034397302e-01,0.000000000000000000e+00,0.000000000000000000e+00,0.000000000000000000e+00,5.254141338639579661e-01,5.199119473783704315e-01,4.758675405136352232e-01,0.000000000000000000e+00,5.366127709026732306e-01
5.064185473464792864e-01,4.439720997476845898e-01,3.990527553218581880e-01,0.000000000000000000e+00,4.256794665142901724e-01,4.007449769301992815e-01,4.503036579355043090e-01,4.130474304622471227e-01,4.092217868633826749e-01,4.581539480103393180e-01,0.000000000000000000e+00,0.000000000000000000e+00,4.479424293329825058e-01,0.000000000000000000e+00,3.687769493461570125e-01,4.311990051051641237e-01,4.340704809594985725e-01,4.506746009345757864e-01,0.000000000000000000e+00,0.000000000000000000e+00,4.532106893336074749e-01,4.072772687210963194e-01,3.250907756021281791e-01,5.197364930488980184e-01,4.255712957916921724e-01,4.535497308028884067e-01,3.733425040431974096e-01,4.190480605630427235e-01,3.399530379617022868e-01,3.241722088797643897e-01,4.181795023681283974e-01,4.633249224725450865e-01,4.093764842744008203e-01,4.589591320804159991e-01,5.144307596977053532e-01,5.482469804013757608e-01,5.277415420117599343e-01,4.383133390684991748e-01,4.813029837918975096e-01,4.633786394173660117e-01,4.902099728171593895e-01,4.968088586050581901e-01,4.331567058732764264e-01,0.000000000000000000e+00,0.000000000000000000e+00,0.000000000000000000e+00,4.646958536976655840e-01,4.787748656127108204e-01,0.000000000000000000e+00,0.000000000000000000e+00,4.738512899966341729e-01,4.864417317287699771e-01,5.106306571561577412e-01,4.727850386929519089e-01,0.000000000000000000e+00,0.000000000000000000e+00,0.000000000000000000e+00,4.848267711374913969e-01,0.000000000000000000e+00,4.797753288357408108e-01,4.667712739903587260e-01,0.000000000000000000e+00,0.000000000000000000e+00,0.000000000000000000e+00,4.842360052791027103e-01,4.889118895337968840e-01,4.799622289614163817e-01,4.945553875976221869e-01,0.000000000000000000e+00,4.353114035465220910e-01,4.995816298052612736e-01,4.895087088914710782e-01,4.970844654203384061e-01,4.892897871684006028e-01,4.956342070739309102e-01,4.967980488564067154e-01
4.771355967832757727e-01,4.590454101866299208e-01,3.831220082936048210e-01,0.000000000000000000e+00,0.000000000000000000e+00,3.735822619581882775e-01,4.258816232481811848e-01,4.375836080514521886e-01,3.537065971731462866e-01,5.082117962142219669e-01,0.000000000000000000e+00,5.170482978986652434e-01,4.318675632332636960e-01,4.263496706003714887e-01,4.129993936238535168e-01,4.649149958957781159e-01,5.050416626269513820e-01,4.731671704659343725e-01,0.000000000000000000e+00,4.532106893336074749e-01,0.000000000000000000e+00,4.598111036074756242e-01,4.063144685654712096e-01,5.143439715721945804e-01,4.941258061073786068e-01,4.666948772620844177e-01,4.187293891661164058e-01,4.308147001272052967e-01,4.234870523300879874e-01,4.237341471153420192e-01,4.580058766929402947e-01,4.496873648700352999e-01,4.576134595045404097e-01,4.652132698837713187e-01,5.134299772973845988e-01,0.000000000000000000e+00,0.000000000000000000e+00,4.688475430011749268e-01,4.759329712722373817e-01,0.000000000000000000e+00,4.769239757195797846e-01,5.118722957854738853e-01,5.404314398765563965e-01,0.000000000000000000e+00,0.000000000000000000e+00,3.584862636671095060e-01,4.881482447177821204e-01,0.000000000000000000e+00,0.000000000000000000e+00,0.000000000000000000e+00,4.474821585893798970e-01,0.000000000000000000e+00,4.980465548763575723e-01,0.000000000000000000e+00,0.000000000000000000e+00,0.000000000000000000e+00,0.000000000000000000e+00,4.845485276464263080e-01,0.000000000000000000e+00,4.870327872642153944e-01,4.400247219637998253e-01,0.000000000000000000e+00,0.000000000000000000e+00,0.000000000000000000e+00,4.767845129837329776e-01,4.227415586087219790e-01,5.042454093496807621e-01,4.734424208062146811e-01,0.000000000000000000e+00,4.362084268295384204e-01,5.230078375596232121e-01,4.756726023446170015e-01,4.881516689307857093e-01,4.770570542656858981e-01,4.716616075757182891e-01,4.948703348826744008e-01
