0.000000000000000000e+00,4.329974563539624177e-01,0.000000000000000000e+00,0.000000000000000000e+00,0.000000000000000000e+00,4.413052341769175269e-01,0.000000000000000000e+00,5.249017271287351738e-01,0.000000000000000000e+00,4.085414731438755109e-01,0.000000000000000000e+00,4.049883323827853099e-01,4.685174654418575724e-01,0.000000000000000000e+00,4.258819675875247235e-01,4.351749108842665748e-01,3.871253039796531126e-01,3.988886316881682936e-01,0.000000000000000000e+00,4.602910916576808953e-01,4.343998170574097095e-01,4.473581090379051828e-01,4.684779203306023154e-01,3.665169835372201201e-01,3.979272880371598764e-01,3.839248039941460799e-01,4.682544272049388168e-01,4.877636791355383084e-01,4.779165240641871093e-01,5.202673743351450275e-01,3.934317420707464930e-01,4.731873511187016934e-01,3.624456798554747117e-01,3.968399936629475877e-01,4.635549391582213241e-01,0.000000000000000000e+00,0.000000000000000000e+00,4.457530897930558900e-01,4.838148993710911783e-01,4.199970328327973235e-01,4.360388029154473877e-01,4.966856736738978761e-01,0.000000000000000000e+00,0.000000000000000000e+00,0.000000000000000000e+00,3.876680509940617081e-01,4.713342110750304847e-01,0.000000000000000000e+00,0.000000000000000000e+00,0.000000000000000000e+00,0.000000000000000000e+00,0.000000000000000000e+00,0.000000000000000000e+00,0.000000000000000000e+00,0.000000000000000000e+00,0.000000000000000000e+00,0.000000000000000000e+00,0.000000000000000000e+00,0.000000000000000000e+00,4.986362798309065814e-01,4.730796919157196911e-01,3.840474046358248739e-01,4.506580537466217118e-01,0.000000000000000000e+00,5.075224250071284082e-01,3.959429405178110928e-01,4.796976130384570935e-01,0.000000000000000000e+00,0.000000000000000000e+00,4.560553895948630809e-01,4.564756784416356128e-01,0.000000000000000000e+00,0.000000000000000000e+00,0.000000000000000000e+00,0.000000000000000000e+00,4.326279983786712746e-01
4.329974563539624177e-01,0.000000000000000000e+00,0.000000000000000000e+00,0.000000000000000000e+00,4.088609989042408799e-01,3.992360793436601218e-01,4.463084371045918930e-01,4.738680782603912900e-01,3.853846284221502105e-01,3.629123597863246897e-01,0.000000000000000000e+00,3.368735404684966017e-01,4.513471782640329777e-01,0.000000000000000000e+00,4.495463759619949817e-01,4.384789681754088231e-01,4.027280021177125913e-01,4.128452567886264912e-01,0.000000000000000000e+00,4.445868997385408750e-01,4.428397314776006954e-01,4.395315529294719914e-01,4.423464013056533917e-01,3.891207241227401803e-01,3.919936253598140796e-01,4.297032026795397086e-01,4.215586774803817827e-01,4.502562467440915928e-01,4.192854705432548790e-01,4.571884654164111161e-01,4.008945976239968734e-01,4.708536405878466780e-01,3.996858479491767757e-01,4.090098950570352221e-01,4.867136453837502263e-01,0.000000000000000000e+00,0.000000000000000000e+00,0.000000000000000000e+00,4.976848509608379212e-01,4.691324376452211120e-01,4.760695282284024277e-01,5.079530895255250922e-01,0.000000000000000000e+00,0.000000000000000000e+00,0.000000000000000000e+00,4.862200723919901102e-01,4.895394007961019200e-01,0.000000000000000000e+00,0.000000000000000000e+00,0.000000000000000000e+00,4.616714514873567210e-01,4.647674479095489919e-01,5.321957543028488224e-01,0.000000000000000000e+00,0.000000000000000000e+00,0.000000000000000000e+00,0.000000000000000000e+00,4.748588364898390091e-01,0.000000000000000000e+00,5.188464561369743322e-01,4.936530139852153276e-01,0.000000000000000000e+00,4.703204723376016028e-01,0.000000000000000000e+00,4.792285682719599205e-01,4.997954476504621879e-01,4.788792686542854837e-01,4.907810241260565087e-01,0.000000000000000000e+00,4.849498062822740763e-01,5.107144322449437279e-01,4.783458209210523226e-01,4.988333582597854754e-01,4.862312583540843169e-01,4.798337007814278965e-01,4.701922684260099738e-01
0.000000000000000000e+00,0.000000000000000000e+00,0.000000000000000000e+00,5.065908439574170474e-01,3.829298735513521068e-01,3.678291800282321167e-01,4.380078072140005108e-01,4.599644327779179864e-01,3.080786679293879837e-01,4.693509524866594784e-01,3.567522559182257913e-01,4.338383425904074886e-01,4.585166322229585201e-01,4.438444708113596926e-01,0.000000000000000000e+00,0.000000000000000000e+00,0.000000000000000000e+00,0.000000000000000000e+00,2.898966032124071779e-01,0.000000000000000000e+00,0.000000000000000000e+00,0.000000000000000000e+00,3.286423821323622985e-01,0.000000000000000000e+00,0.000000000000000000e+00,0.000000000000000000e+00,3.106723070850381796e-01,4.665937644271315188e-01,3.948684843999835103e-01,4.633551529670947855e-01,4.743772080335534880e-01,4.509939735472114908e-01,4.612958448010889834e-01,4.754663734787176743e-01,4.714975910108631929e-01,4.478276404379630815e-01,4.512098788085054935e-01,0.000000000000000000e+00,5.058548058461720398e-01,0.000000000000000000e+00,5.608882737469359503e-01,0.000000000000000000e+00,5.148284161923830649e-01,0.000000000000000000e+00,0.000000000000000000e+00,0.000000000000000000e+00,0.000000000000000000e+00,4.253530567507279869e-01,0.000000000000000000e+00,5.594995734671615040e-01,5.454431474599812368e-01,5.723114006049796476e-01,5.328765682198871589e-01,5.282892065915989477e-01,0.000000000000000000e+00,5.490271335644453243e-01,0.000000000000000000e+00,5.479300476016114585e-01,5.586403117082628933e-01,0.000000000000000000e+00,0.000000000000000000e+00,0.000000000000000000e+00,0.000000000000000000e+00,5.776496300988300803e-01,0.000000000000000000e+00,0.000000000000000000e+00,0.000000000000000000e+00,5.778297034815056410e-01,0.000000000000000000e+00,0.000000000000000000e+00,0.000000000000000000e+00,5.438441413215774345e-01,5.415962339643921597e-01,4.895409846037592771e-01,0.000000000000000000e+00,5.608268438126369215e-01
0.000000000000000000e+00,0.000000000000000000e+00,5.065908439574170474e-01,0.000000000000000000e+00,2.755199772250193080e-01,0.000000000000000000e+00,2.779545243475021743e-01,4.425057552829034790e-01,4.637216060128174777e-01,0.000000000000000000e+00,4.208314887898901846e-01,0.000000000000000000e+00,3.409789081552151990e-01,3.612590154043122115e-01,0.000000000000000000e+00,0.000000000000000000e+00,0.000000000000000000e+00,0.000000000000000000e+00,4.426989774684921275e-01,0.000000000000000000e+00,0.000000000000000000e+00,0.000000000000000000e+00,4.357122010314655736e-01,0.000000000000000000e+00,0.000000000000000000e+00,0.000000000000000000e+00,0.000000000000000000e+00,2.514320176159698939e-01,0.000000000000000000e+00,0.000000000000000000e+00,0.000000000000000000e+00,3.372518475146650818e-01,0.000000000000000000e+00,0.000000000000000000e+00,0.000000000000000000e+00,2.618235257283914041e-01,2.233715240855640993e-01,0.000000000000000000e+00,0.000000000000000000e+00,0.000000000000000000e+00,0.000000000000000000e+00,0.000000000000000000e+00,0.000000000000000000e+00,0.000000000000000000e+00,0.000000000000000000e+00,0.000000000000000000e+00,0.000000000000000000e+00,0.000000000000000000e+00,0.000000000000000000e+00,0.000000000000000000e+00,0.000000000000000000e+00,0.000000000000000000e+00,0.000000000000000000e+00,0.000000000000000000e+00,0.000000000000000000e+00,0.000000000000000000e+00,0.000000000000000000e+00,0.000000000000000000e+00,0.000000000000000000e+00,0.000000000000000000e+00,0.000000000000000000e+00,0.000000000000000000e+00,0.000000000000000000e+00,0.000000000000000000e+00,0.000000000000000000e+00,0.000000000000000000e+00,0.000000000000000000e+00,0.000000000000000000e+00,0.000000000000000000e+00,0.000000000000000000e+00,0.000000000000000000e+00,0.000000000000000000e+00,0.000000000000000000e+00,0.000000000000000000e+00,0.000000000000000000e+00,0.000000000000000000e+00
0.000000000000000000e+00,4.088609989042408799e-01,3.829298735513521068e-01,2.755199772250193080e-01,0.000000000000000000e+00,3.743217254753232193e-01,3.378685586849061728e-01,4.309171568893603865e-01,3.222740528482354039e-01,4.547772163286705194e-01,3.234295534086685242e-01,4.203157975484653752e-01,4.006588748306039727e-01,3.309798976922371239e-01,0.000000000000000000e+00,0.000000000000000000e+00,0.000000000000000000e+00,4.799613784195557731e-01,3.643343231685969852e-01,4.148090868997880154e-01,0.000000000000000000e+00,4.173809705172905060e-01,3.973427485116793889e-01,0.000000000000000000e+00,4.620566559103141957e-01,4.311233782897234135e-01,3.761805389153574097e-01,3.477955765357022000e-01,4.118264933426513119e-01,4.448146972163700141e-01,4.755861888800523851e-01,4.000154906119626763e-01,4.303882889124204802e-01,4.561842746408770743e-01,4.175418685015844789e-01,3.206771320779959744e-01,2.707399492931816254e-01,4.328155961422722742e-01,4.503061907880023806e-01,3.419948220252990723e-01,5.219331280462895517e-01,5.025971117894375562e-01,4.628057480358108156e-01,0.000000000000000000e+00,0.000000000000000000e+00,0.000000000000000000e+00,0.000000000000000000e+00,5.608225204676252629e-01,0.000000000000000000e+00,5.420758566614769514e-01,5.319448134822498675e-01,5.497252886051825493e-01,5.054924165285739068e-01,5.642974350640767023e-01,0.000000000000000000e+00,5.119998435903402312e-01,0.000000000000000000e+00,5.486780637172521402e-01,4.912680014296065822e-01,0.000000000000000000e+00,0.000000000000000000e+00,0.000000000000000000e+00,0.000000000000000000e+00,5.578633546028078927e-01,0.000000000000000000e+00,0.000000000000000000e+00,0.000000000000000000e+00,5.451759232563604396e-01,0.000000000000000000e+00,0.000000000000000000e+00,0.000000000000000000e+00,5.302701188712631852e-01,5.342815736189364673e-01,5.100011780197141187e-01,0.000000000000000000e+00,5.499867736215949821e-01
4.413052341769175269e-01,3.992360793436601218e-01,3.678291800282321167e-01,0.000000000000000000e+00,3.743217254753232193e-01,0.000000000000000000e+00,4.170727951573444114e-01,3.745571739283816148e-01,3.341780665416287932e-01,4.540098162200804088e-01,3.901202004134307066e-01,4.288922643272459756e-01,3.845324246148197900e-01,4.109476930586004051e-01,3.949480514771351869e-01,4.207395860924529885e-01,4.541406115831774781e-01,4.185961080539838952e-01,3.962397478376766813e-01,4.043229449730562086e-01,3.921790859650267080e-01,4.130482206349043728e-01,3.745037385478536263e-01,4.817695516856692062e-01,3.954765799841699070e-01,4.343246551617810924e-01,3.359781257808415189e-01,4.055784061533510010e-01,3.340256795200960971e-01,4.297928768768409791e-01,4.407660688834192930e-01,4.051935381820122029e-01,3.766270501499465184e-01,4.498540822341847156e-01,4.562526279864387857e-01,4.476157660391030246e-01,4.452377186492427752e-01,4.307226235240562140e-01,4.855146876624282237e-01,0.000000000000000000e+00,5.272598640648421542e-01,5.006723551893010882e-01,5.012069217997767723e-01,0.000000000000000000e+00,0.000000000000000000e+00,0.000000000000000000e+00,4.330679390949598861e-01,5.392126325936611453e-01,0.000000000000000000e+00,5.340808126129212852e-01,5.006491459715225467e-01,5.264382254588939603e-01,4.350595598767258987e-01,5.536077057804341672e-01,5.188312660146694455e-01,5.253551080847188581e-01,0.000000000000000000e+00,5.179460085277288739e-01,0.000000000000000000e+00,4.751981628367630828e-01,4.470316245009077760e-01,0.000000000000000000e+00,0.000000000000000000e+00,5.541324652465368095e-01,4.802213015090340265e-01,4.457025057289183967e-01,4.778047254078940931e-01,5.030780833912813499e-01,0.000000000000000000e+00,0.000000000000000000e+00,4.569233314765823728e-01,4.836722165134794138e-01,5.134708296837775521e-01,4.957127344685903214e-01,5.103446724473831297e-01,5.274415209522509418e-01
0.000000000000000000e+00,4.463084371045918930e-01,4.380078072140005108e-01,2.779545243475021743e-01,3.378685586849061728e-01,4.170727951573444114e-01,0.000000000000000000e+00,4.620527666000227018e-01,3.905298373977346138e-01,4.193602304899903266e-01,4.739196587721928866e-01,3.922829375651373240e-01,3.775664047516182897e-01,3.417612449271035802e-01,0.000000000000000000e+00,4.696067653145450937e-01,4.417569041252136230e-01,4.595770623449452752e-01,4.509914959228852882e-01,4.593981439402159972e-01,4.473351023426562767e-01,4.519681947256892207e-01,4.320827644667928902e-01,0.000000000000000000e+00,4.393673333596239128e-01,4.434119956912470073e-01,4.192856416329563962e-01,3.609753312713945839e-01,4.598622425129811897e-01,4.579613230272129853e-01,4.201083616415394739e-01,4.422077397569801893e-01,3.958398038675022268e-01,4.119734467287846091e-01,3.887466583361273154e-01,3.628979881304593147e-01,3.309806256592208729e-01,3.877546292617459756e-01,4.772866097460580215e-01,3.354907631874083918e-01,5.247302027053336593e-01,4.938015429654757926e-01,5.090009416273055809e-01,0.000000000000000000e+00,0.000000000000000000e+00,0.000000000000000000e+00,0.000000000000000000e+00,5.688036797996857130e-01,0.000000000000000000e+00,5.474823843296681147e-01,5.371374191871546300e-01,5.596700802807129671e-01,5.076544488368726071e-01,5.746084141959804104e-01,0.000000000000000000e+00,5.385019492052164347e-01,0.000000000000000000e+00,5.472434162220314313e-01,4.953816644550324000e-01,0.000000000000000000e+00,0.000000000000000000e+00,0.000000000000000000e+00,0.000000000000000000e+00,5.808898024217304945e-01,5.044616304817147734e-01,0.000000000000000000e+00,0.000000000000000000e+00,5.450248827170063315e-01,0.000000000000000000e+00,0.000000000000000000e+00,4.849278104563424230e-01,5.258427516896510001e-01,5.454571418519276182e-01,5.281527170002324745e-01,5.410801192430046980e-01,5.551904239968944443e-01
5.249017271287351738e-01,4.738680782603912900e-01,4.599644327779179864e-01,4.425057552829034790e-01,4.309171568893603865e-01,3.745571739283816148e-01,4.620527666000227018e-01,0.000000000000000000e+00,4.666019649860851937e-01,5.004274220856925748e-01,3.364469545213095159e-01,5.157474235670114204e-01,4.617901638669166253e-01,4.044148876048170860e-01,4.893831120917137012e-01,5.007233088031601831e-01,0.000000000000000000e+00,5.064410855969109226e-01,4.491177022108185923e-01,4.185354406573644770e-01,4.202376943584525959e-01,4.441630289229880901e-01,3.559976634374206750e-01,5.408901295635050177e-01,5.075572730558103318e-01,5.126706381181832528e-01,3.925722211746672241e-01,4.507819394519809730e-01,3.871463395228800231e-01,4.433823645421847148e-01,4.572143583464152727e-01,4.187647309936469164e-01,3.999099980333066240e-01,4.786751794181695052e-01,4.910564095967251963e-01,3.932527137361421787e-01,3.695364777684184143e-01,5.236869991789057099e-01,4.911548589607760973e-01,0.000000000000000000e+00,5.215547243392621990e-01,5.348347274809412966e-01,4.843067170815462119e-01,0.000000000000000000e+00,4.239810109138488770e-01,0.000000000000000000e+00,5.177999598758084021e-01,5.339181809310846738e-01,0.000000000000000000e+00,5.057100052085333752e-01,4.444666632892462221e-01,4.991942502810032822e-01,3.726881229251520766e-01,5.603297061336072193e-01,0.000000000000000000e+00,5.111550762132366366e-01,0.000000000000000000e+00,4.868838191542875782e-01,0.000000000000000000e+00,5.037879577089190430e-01,0.000000000000000000e+00,0.000000000000000000e+00,0.000000000000000000e+00,5.523471860416531154e-01,5.043401516794144834e-01,4.920755815790874843e-01,5.050001744010688132e-01,4.737582377201396966e-01,0.000000000000000000e+00,0.000000000000000000e+00,5.297278984807122226e-01,4.437029912965638201e-01,4.973741061998920854e-01,4.716725129842532227e-01,4.909228485198093850e-01,5.108671282742898168e-01
0.000000000000000000e+00,3.853846284221502105e-01,3.080786679293879837e-01,4.637216060128174777e-01,3.222740528482354039e-01,3.341780665416287932e-01,3.905298373977346138e-01,4.666019649860851937e-01,0.000000000000000000e+00,4.754814371599772049e-01,3.166494851034836744e-01,4.486952182625720265e-01,4.199308679865538241e-01,4.300727478162685857e-01,0.000000000000000000e+00,0.000000000000000000e+00,4.755429506421252062e-01,4.732658328780554036e-01,2.910300037620526803e-01,4.125557315984328954e-01,0.000000000000000000e+00,3.965440838515755795e-01,3.858051205552460172e-01,4.623658505341329827e-01,4.632432034986219138e-01,4.492400892849129912e-01,3.553796967650195149e-01,4.657348819536312745e-01,3.993926818315419180e-01,4.606092597241494002e-01,4.766639862752878876e-01,4.553592018842684275e-01,4.507392438949444080e-01,4.769091686987969037e-01,4.691136359514944121e-01,4.549580457689660906e-01,4.577132279604791965e-01,4.537625567794824066e-01,5.266957773713134561e-01,4.368779176542559872e-01,5.230517366666509460e-01,4.807974753919808109e-01,5.032075030150959805e-01,0.000000000000000000e+00,0.000000000000000000e+00,0.000000000000000000e+00,0.000000000000000000e+00,5.706042485170438328e-01,0.000000000000000000e+00,5.585103696726413380e-01,5.506509210488033101e-01,5.659987711122518306e-01,5.306341458357641816e-01,5.813914332867476942e-01,0.000000000000000000e+00,5.497386796702549150e-01,0.000000000000000000e+00,5.565849140894358893e-01,5.440431725424736964e-01,0.000000000000000000e+00,0.000000000000000000e+00,0.000000000000000000e+00,0.000000000000000000e+00,5.841257427570463179e-01,0.000000000000000000e+00,0.000000000000000000e+00,0.000000000000000000e+00,5.653308446765606954e-01,0.000000000000000000e+00,0.000000000000000000e+00,0.000000000000000000e+00,5.608026002685215783e-01,5.350017100662928238e-01,4.902574780755262207e-01,0.000000000000000000e+00,5.580222598099556786e-01
4.085414731438755109e-01,3.629123597863246897e-01,4.693509524866594784e-01,0.000000000000000000e+00,4.547772163286705194e-01,4.540098162200804088e-01,4.193602304899903266e-01,5.004274220856925748e-01,4.754814371599772049e-01,0.000000000000000000e+00,4.883890127760273092e-01,2.861040024626566036e-01,4.356702473886029936e-01,4.628360238809486882e-01,0.000000000000000000e+00,3.713119777102458219e-01,3.286908747480252746e-01,3.701665667141115779e-01,4.765537568878535080e-01,3.790285421841789182e-01,4.894840565368046015e-01,3.908484219392123205e-01,4.727775624276199795e-01,3.101485513447285736e-01,3.341708690083697864e-01,3.247108775139542769e-01,4.598721784870100082e-01,3.984023556045748760e-01,4.151869648906337806e-01,0.000000000000000000e+00,3.169571294351811730e-01,3.448742367261898867e-01,3.293789276440898250e-01,3.375432663025976221e-01,3.384517371147462983e-01,3.879047350580653863e-01,3.183527107133324874e-01,3.177864915856192796e-01,3.220430501534080059e-01,4.078964727881972951e-01,3.663499338732678079e-01,3.180147494496592953e-01,3.592544332503115889e-01,0.000000000000000000e+00,3.599119095275454816e-01,0.000000000000000000e+00,4.293556024167021201e-01,0.000000000000000000e+00,0.000000000000000000e+00,0.000000000000000000e+00,5.233656296308849543e-01,0.000000000000000000e+00,0.000000000000000000e+00,0.000000000000000000e+00,4.493956598869783270e-01,0.000000000000000000e+00,4.457022820935500063e-01,4.340844327458299179e-01,0.000000000000000000e+00,0.000000000000000000e+00,4.380133553925917855e-01,4.700310922469185804e-01,4.551409727143813089e-01,0.000000000000000000e+00,0.000000000000000000e+00,0.000000000000000000e+00,0.000000000000000000e+00,5.263399457038604456e-01,4.112942207190279920e-01,4.481966806176412854e-01,4.604309920493562247e-01,0.000000000000000000e+00,3.690212306892067251e-01,0.000000000000000000e+00,0.000000000000000000e+00,4.495666795885219780e-01
0.000000000000000000e+00,0.000000000000000000e+00,3.567522559182257913e-01,4.208314887898901846e-01,3.234295534086685242e-01,3.901202004134307066e-01,4.739196587721928866e-01,3.364469545213095159e-01,3.166494851034836744e-01,4.883890127760273092e-01,0.000000000000000000e+00,4.608545637613630785e-01,4.823946361987050957e-01,3.046847203822339867e-01,0.000000000000000000e+00,0.000000000000000000e+00,4.798336435825222845e-01,0.000000000000000000e+00,2.630191842161951898e-01,0.000000000000000000e+00,0.000000000000000000e+00,0.000000000000000000e+00,3.258769751421242145e-01,0.000000000000000000e+00,4.721210622013892189e-01,4.713538321081772731e-01,3.967213764001555898e-01,4.816813124824826930e-01,0.000000000000000000e+00,0.000000000000000000e+00,5.016603945906736861e-01,4.445045454099946780e-01,4.586212458726002805e-01,4.903097220034348114e-01,4.792849234412396853e-01,3.581881178149964873e-01,3.796531872811952923e-01,4.539244109897653257e-01,4.574881219011939781e-01,0.000000000000000000e+00,4.874058855574541216e-01,4.774761004588258251e-01,4.631665769998820070e-01,0.000000000000000000e+00,0.000000000000000000e+00,0.000000000000000000e+00,0.000000000000000000e+00,4.301118214084566072e-01,0.000000000000000000e+00,4.175018349935131767e-01,5.370677777060324232e-01,4.926572053926164263e-01,4.944797555731381133e-01,4.472420338985905186e-01,4.731010241879912148e-01,3.235133471422418916e-01,0.000000000000000000e+00,4.852675408595479856e-01,4.869082515040711878e-01,0.000000000000000000e+00,0.000000000000000000e+00,0.000000000000000000e+00,0.000000000000000000e+00,2.812411006168087924e-01,0.000000000000000000e+00,0.000000000000000000e+00,0.000000000000000000e+00,5.438182115751418744e-01,0.000000000000000000e+00,0.000000000000000000e+00,0.000000000000000000e+00,5.494528690499577150e-01,4.846383216824329265e-01,0.000000000000000000e+00,0.000000000000000000e+00,5.040312390135596177e-01
4.049883323827853099e-01,3.368735404684966017e-01,4.338383425904074886e-01,0.000000000000000000e+00,4.203157975484653752e-01,4.288922643272459756e-01,3.922829375651373240e-01,5.157474235670114204e-01,4.486952182625720265e-01,2.861040024626566036e-01,4.608545637613630785e-01,0.000000000000000000e+00,4.090571597467412834e-01,0.000000000000000000e+00,0.000000000000000000e+00,3.452522880210008860e-01,3.672114495643700183e-01,3.764422742361014929e-01,4.516986960460904199e-01,0.000000000000000000e+00,4.995044601578976784e-01,3.768641090048229780e-01,4.561027504725306270e-01,2.991915329228553855e-01,3.562752816619337848e-01,3.170883456467040729e-01,4.408553023606083809e-01,3.817074283723019268e-01,0.000000000000000000e+00,0.000000000000000000e+00,3.401184137022938980e-01,2.891244628028761254e-01,3.253298881694378086e-01,2.875601363304908786e-01,3.411914049115213898e-01,3.708084526874045883e-01,2.966380375794130941e-01,2.833991606144177222e-01,2.928362210795114051e-01,3.944548823933711756e-01,3.346792753481432903e-01,2.940635057835624955e-01,3.503835616149816867e-01,2.732424099497258174e-01,3.317557781431506037e-01,0.000000000000000000e+00,0.000000000000000000e+00,0.000000000000000000e+00,0.000000000000000000e+00,0.000000000000000000e+00,4.178832426352651064e-01,4.083748915748202091e-01,0.000000000000000000e+00,0.000000000000000000e+00,4.558711184746979117e-01,0.000000000000000000e+00,3.585606322577760130e-01,3.855692799307061103e-01,0.000000000000000000e+00,0.000000000000000000e+00,0.000000000000000000e+00,4.725135671148785743e-01,4.621669428024057780e-01,0.000000000000000000e+00,0.000000000000000000e+00,0.000000000000000000e+00,0.000000000000000000e+00,0.000000000000000000e+00,3.760871755321322230e-01,4.500512292398261005e-01,4.628211199119842134e-01,0.000000000000000000e+00,3.616415608088717759e-01,0.000000000000000000e+00,0.000000000000000000e+00,4.543439536597593809e-01
4.685174654418575724e-01,4.513471782640329777e-01,4.585166322229585201e-01,3.409789081552151990e-01,4.006588748306039727e-01,3.845324246148197900e-01,3.775664047516182897e-01,4.617901638669166253e-01,4.199308679865538241e-01,4.356702473886029936e-01,4.823946361987050957e-01,4.090571597467412834e-01,0.000000000000000000e+00,3.938357065641311938e-01,4.637433420249594263e-01,4.792054573278025087e-01,4.438008777490543011e-01,4.553349487856017119e-01,4.738986227936097251e-01,4.611626058920669791e-01,4.448258418208165255e-01,4.601812419699793932e-01,4.377588349391849931e-01,4.283242336326810173e-01,4.453773492286882130e-01,4.505386047450923859e-01,4.184601041079035744e-01,3.650713712420317059e-01,4.479171256272362900e-01,4.087405585072506065e-01,4.280095913180503864e-01,4.559773182325482233e-01,4.134741332483721221e-01,4.343479262996768897e-01,4.132796590689424843e-01,4.274563875085138909e-01,4.108932190983894950e-01,4.108182410268800822e-01,4.793391995593960231e-01,3.832730295779285812e-01,5.239674731007368802e-01,4.778744541208521102e-01,5.207643726042279209e-01,0.000000000000000000e+00,3.925871553500803746e-01,0.000000000000000000e+00,4.756656143020142058e-01,5.675251131050383924e-01,0.000000000000000000e+00,5.541235768800154560e-01,5.321007876482950483e-01,5.502823447709597193e-01,5.011978289964744704e-01,5.721309501592674041e-01,3.645150736515205270e-01,5.369855775029809264e-01,3.703615134942476739e-01,5.397961740873266079e-01,0.000000000000000000e+00,5.017120438045893360e-01,4.795729439924489856e-01,0.000000000000000000e+00,0.000000000000000000e+00,5.756927416750662330e-01,5.044339596936431303e-01,5.173079943367342448e-01,4.890242912136436026e-01,5.390416547173274564e-01,0.000000000000000000e+00,4.703798201799803125e-01,4.877464850636460958e-01,5.208367705507288559e-01,5.436519036389708681e-01,5.275837756103356480e-01,5.408837467610677630e-01,5.462773261009139514e-01
0.000000000000000000e+00,0.000000000000000000e+00,4.438444708113596926e-01,3.612590154043122115e-01,3.309798976922371239e-01,4.109476930586004051e-01,3.417612449271035802e-01,4.044148876048170860e-01,4.300727478162685857e-01,4.628360238809486882e-01,3.046847203822339867e-01,0.000000000000000000e+00,3.938357065641311938e-01,0.000000000000000000e+00,0.000000000000000000e+00,0.000000000000000000e+00,0.000000000000000000e+00,0.000000000000000000e+00,3.912545409387296891e-01,0.000000000000000000e+00,4.653843919714840127e-01,0.000000000000000000e+00,4.101978922170980146e-01,0.000000000000000000e+00,0.000000000000000000e+00,0.000000000000000000e+00,4.321095294428691225e-01,3.405769847852420096e-01,0.000000000000000000e+00,0.000000000000000000e+00,0.000000000000000000e+00,3.418289540228202084e-01,0.000000000000000000e+00,5.140038598717391327e-01,0.000000000000000000e+00,2.529650388000138084e-01,2.152698980938030915e-01,0.000000000000000000e+00,4.172998738056364898e-01,0.000000000000000000e+00,0.000000000000000000e+00,0.000000000000000000e+00,4.341315630074175091e-01,0.000000000000000000e+00,0.000000000000000000e+00,0.000000000000000000e+00,0.000000000000000000e+00,5.389662921061677547e-01,0.000000000000000000e+00,0.000000000000000000e+00,0.000000000000000000e+00,0.000000000000000000e+00,5.114155843298692217e-01,5.495874240257292431e-01,0.000000000000000000e+00,4.712529011917391819e-01,0.000000000000000000e+00,0.000000000000000000e+00,5.131673812866210938e-01,0.000000000000000000e+00,0.000000000000000000e+00,0.000000000000000000e+00,0.000000000000000000e+00,5.607821853369010512e-01,0.000000000000000000e+00,0.000000000000000000e+00,0.000000000000000000e+00,0.000000000000000000e+00,0.000000000000000000e+00,0.000000000000000000e+00,0.000000000000000000e+00,0.000000000000000000e+00,0.000000000000000000e+00,0.000000000000000000e+00,0.000000000000000000e+00,0.000000000000000000e+00
4.258819675875247235e-01,4.495463759619949817e-01,0.000000000000000000e+00,0.000000000000000000e+00,0.000000000000000000e+00,3.949480514771351869e-01,0.000000000000000000e+00,4.893831120917137012e-01,0.000000000000000000e+00,0.000000000000000000e+00,0.000000000000000000e+00,0.000000000000000000e+00,4.637433420249594263e-01,0.000000000000000000e+00,0.000000000000000000e+00,4.588271837406432963e-01,4.623124547238577908e-01,4.428656178054062864e-01,0.000000000000000000e+00,3.601212562754549928e-01,4.015104663433566867e-01,3.904423917803500066e-01,3.695059235810125853e-01,4.828625465536985906e-01,4.364841965584441152e-01,4.258575417079124015e-01,3.798296898999258264e-01,4.645078044474311163e-01,4.323974450383907819e-01,4.597065448760985773e-01,4.482216087798551740e-01,4.832428042735399942e-01,4.473832986699555758e-01,4.703174796282983960e-01,5.269816808584654177e-01,5.275122523307800293e-01,0.000000000000000000e+00,0.000000000000000000e+00,5.327180410622867068e-01,5.227033247011249051e-01,5.237504553570325738e-01,5.542867258949245590e-01,0.000000000000000000e+00,0.000000000000000000e+00,0.000000000000000000e+00,5.322201466581438778e-01,5.119191742423057079e-01,0.000000000000000000e+00,0.000000000000000000e+00,0.000000000000000000e+00,4.775876744076480995e-01,0.000000000000000000e+00,5.179719113973915157e-01,0.000000000000000000e+00,0.000000000000000000e+00,0.000000000000000000e+00,0.000000000000000000e+00,4.977173805081431257e-01,0.000000000000000000e+00,5.395634381851754924e-01,5.048959414420715053e-01,0.000000000000000000e+00,4.721193856280516132e-01,0.000000000000000000e+00,5.022776413845544408e-01,5.307607005395892363e-01,5.334784337589687508e-01,5.160946611802775807e-01,0.000000000000000000e+00,4.772119944256812962e-01,5.532505086878400924e-01,5.089635272285483181e-01,5.080472439506986682e-01,5.036161831960059843e-01,0.000000000000000000e+00,5.069008403863910495e-01
4.351749108842665748e-01,4.384789681754088231e-01,0.000000000000000000e+00,0.000000000000000000e+00,0.000000000000000000e+00,4.207395860924529885e-01,4.696067653145450937e-01,5.007233088031601831e-01,0.000000000000000000e+00,3.713119777102458219e-01,0.000000000000000000e+00,3.452522880210008860e-01,4.792054573278025087e-01,0.000000000000000000e+00,4.588271837406432963e-01,0.000000000000000000e+00,4.324516602706316992e-01,4.225844465871781974e-01,0.000000000000000000e+00,4.452433679975373870e-01,4.574808173399501077e-01,4.295245279222363877e-01,4.567468001993814086e-01,4.064234277457001165e-01,3.978784396139591895e-01,4.452240686051217033e-01,4.408691105119247888e-01,4.735734313210688828e-01,4.672498007695333744e-01,4.804886740912585052e-01,4.093057228253803026e-01,4.924631992365762212e-01,4.129032001194524182e-01,4.190320238369151240e-01,4.913555342299785744e-01,0.000000000000000000e+00,0.000000000000000000e+00,0.000000000000000000e+00,4.945664641886657886e-01,4.598782454294794153e-01,4.694565609710297793e-01,5.008313941766435740e-01,0.000000000000000000e+00,0.000000000000000000e+00,0.000000000000000000e+00,4.801553842935438743e-01,4.832099716179991122e-01,0.000000000000000000e+00,0.000000000000000000e+00,0.000000000000000000e+00,4.530250214300693967e-01,4.472076549470679896e-01,5.270204962766148471e-01,0.000000000000000000e+00,0.000000000000000000e+00,0.000000000000000000e+00,0.000000000000000000e+00,4.629676736715532814e-01,0.000000000000000000e+00,4.963019004773476239e-01,4.863629159857115192e-01,0.000000000000000000e+00,4.697711982875210079e-01,0.000000000000000000e+00,4.872264695783590227e-01,4.944209893033942871e-01,4.747674178347388030e-01,4.892993523484949203e-01,4.684248864650725763e-01,4.759234283270395993e-01,4.928792804212284162e-01,4.756397280096971159e-01,5.004477583188374767e-01,4.841771899412801172e-01,0.000000000000000000e+00,4.615587445726038740e-01
3.871253039796531126e-01,4.027280021177125913e-01,0.000000000000000000e+00,0.000000000000000000e+00,0.000000000000000000e+00,4.541406115831774781e-01,4.417569041252136230e-01,0.000000000000000000e+00,4.755429506421252062e-01,3.286908747480252746e-01,4.798336435825222845e-01,3.672114495643700183e-01,4.438008777490543011e-01,0.000000000000000000e+00,4.623124547238577908e-01,4.324516602706316992e-01,0.000000000000000000e+00,3.747805448463740197e-01,4.557718099680325152e-01,4.428611793591664125e-01,4.539114609836141234e-01,4.304744525906933905e-01,4.625656810201568270e-01,3.727382457205962729e-01,3.284077935781652968e-01,3.767357769135603052e-01,0.000000000000000000e+00,4.197802653468307166e-01,4.511517987529045093e-01,0.000000000000000000e+00,3.628801432226446133e-01,4.812666929229463819e-01,3.638620102319133909e-01,3.766113608573739002e-01,4.297554336532676822e-01,4.746837611429364778e-01,0.000000000000000000e+00,3.515707231313531800e-01,4.792195137631409807e-01,4.585672042566144024e-01,4.433992704388923789e-01,4.761497835344556950e-01,0.000000000000000000e+00,0.000000000000000000e+00,4.268491381888622760e-01,0.000000000000000000e+00,4.608626372765611268e-01,0.000000000000000000e+00,0.000000000000000000e+00,0.000000000000000000e+00,0.000000000000000000e+00,0.000000000000000000e+00,0.000000000000000000e+00,0.000000000000000000e+00,4.798492452085765247e-01,0.000000000000000000e+00,4.759679589273432820e-01,0.000000000000000000e+00,0.000000000000000000e+00,0.000000000000000000e+00,4.615714506705461129e-01,4.825971305994283256e-01,4.664365810749405150e-01,0.000000000000000000e+00,0.000000000000000000e+00,0.000000000000000000e+00,0.000000000000000000e+00,0.000000000000000000e+00,4.216516806621389835e-01,4.586112180824861162e-01,4.683950840582534192e-01,0.000000000000000000e+00,0.000000000000000000e+00,0.000000000000000000e+00,0.000000000000000000e+00,4.728065260270071790e-01
3.988886316881682936e-01,4.128452567886264912e-01,0.000000000000000000e+00,0.000000000000000000e+00,4.799613784195557731e-01,4.185961080539838952e-01,4.595770623449452752e-01,5.064410855969109226e-01,4.732658328780554036e-01,3.701665667141115779e-01,0.000000000000000000e+00,3.764422742361014929e-01,4.553349487856017119e-01,0.000000000000000000e+00,4.428656178054062864e-01,4.225844465871781974e-01,3.747805448463740197e-01,0.000000000000000000e+00,0.000000000000000000e+00,4.341861054415869225e-01,4.718724441255717217e-01,4.373971561661362251e-01,4.541716432339216181e-01,3.693131576731719101e-01,3.549000025999197172e-01,3.861445504233215753e-01,4.377968743760787818e-01,4.490306415105780879e-01,4.610165190381927958e-01,0.000000000000000000e+00,3.925658437086715913e-01,4.870611201981370209e-01,3.793883539318702036e-01,4.044670772717903207e-01,4.635453333761556105e-01,0.000000000000000000e+00,0.000000000000000000e+00,3.464924375290189262e-01,4.920060100697907224e-01,4.493618079140611066e-01,4.537233736894011882e-01,4.753779944302183869e-01,0.000000000000000000e+00,0.000000000000000000e+00,0.000000000000000000e+00,4.367256988791842209e-01,4.722373429627240160e-01,0.000000000000000000e+00,0.000000000000000000e+00,0.000000000000000000e+00,4.499387408725992188e-01,0.000000000000000000e+00,0.000000000000000000e+00,0.000000000000000000e+00,4.777847338213012107e-01,0.000000000000000000e+00,4.775424655007505792e-01,4.658988623107662153e-01,0.000000000000000000e+00,4.797184658397872226e-01,4.770253852074157197e-01,4.766255010854771879e-01,4.713048070479871066e-01,0.000000000000000000e+00,4.714818571624370125e-01,0.000000000000000000e+00,4.597943124238033086e-01,4.829391439587321089e-01,4.367440155201194885e-01,4.656953230257975251e-01,4.677064183267367059e-01,4.755765964660105816e-01,4.530485007840924783e-01,4.812932924204316176e-01,0.000000000000000000e+00,4.641162145899753733e-01
0.000000000000000000e+00,0.000000000000000000e+00,2.898966032124071779e-01,4.426989774684921275e-01,3.643343231685969852e-01,3.962397478376766813e-01,4.509914959228852882e-01,4.491177022108185923e-01,2.910300037620526803e-01,4.765537568878535080e-01,2.630191842161951898e-01,4.516986960460904199e-01,4.738986227936097251e-01,3.912545409387296891e-01,0.000000000000000000e+00,0.000000000000000000e+00,4.557718099680325152e-01,0.000000000000000000e+00,0.000000000000000000e+00,0.000000000000000000e+00,0.000000000000000000e+00,0.000000000000000000e+00,3.366547859504380180e-01,0.000000000000000000e+00,0.000000000000000000e+00,0.000000000000000000e+00,3.583790761566911232e-01,4.776248646833143874e-01,0.000000000000000000e+00,5.035809012909221449e-01,4.911978864678622214e-01,4.608631650679089753e-01,4.532375237785966071e-01,4.864795341584335908e-01,4.740975958103257892e-01,4.342663393222401247e-01,4.662986460303946146e-01,4.689855666729408901e-01,4.896001449441472197e-01,0.000000000000000000e+00,5.788526594531737679e-01,0.000000000000000000e+00,5.019925865129387654e-01,0.000000000000000000e+00,0.000000000000000000e+00,0.000000000000000000e+00,0.000000000000000000e+00,5.599350662676120249e-01,0.000000000000000000e+00,5.493050964597848695e-01,5.589544232265118984e-01,5.786393303620495088e-01,5.514470296300594265e-01,5.904924989858285622e-01,0.000000000000000000e+00,5.187108901405701467e-01,0.000000000000000000e+00,5.570438743148318217e-01,5.457965535259101664e-01,0.000000000000000000e+00,0.000000000000000000e+00,0.000000000000000000e+00,0.000000000000000000e+00,5.876378655706070431e-01,0.000000000000000000e+00,0.000000000000000000e+00,0.000000000000000000e+00,5.686331329332949824e-01,0.000000000000000000e+00,0.000000000000000000e+00,0.000000000000000000e+00,5.624033764313647321e-01,5.500680056475523161e-01,0.000000000000000000e+00,0.000000000000000000e+00,5.769856691572601282e-01
4.602910916576808953e-01,4.445868997385408750e-01,0.000000000000000000e+00,0.000000000000000000e+00,4.148090868997880154e-01,4.043229449730562086e-01,4.593981439402159972e-01,4.185354406573644770e-01,4.125557315984328954e-01,3.790285421841789182e-01,0.000000000000000000e+00,0.000000000000000000e+00,4.611626058920669791e-01,0.000000000000000000e+00,3.601212562754549928e-01,4.452433679975373870e-01,4.428611793591664125e-01,4.341861054415869225e-01,0.000000000000000000e+00,0.000000000000000000e+00,4.451824438819593777e-01,4.081934122801008091e-01,3.626313612605759906e-01,4.998678381764378731e-01,4.246306778438477258e-01,4.730195267073041832e-01,3.362836887548494857e-01,4.165855886474927883e-01,3.717388069854860033e-01,3.546263327204998150e-01,4.026404556688190084e-01,4.545383387715382084e-01,4.004094687379328166e-01,4.442932790603518201e-01,5.052167948980865742e-01,5.343143164020914826e-01,5.596124358194468629e-01,0.000000000000000000e+00,5.095160031517503851e-01,4.874832975378516897e-01,5.140203118517968628e-01,5.330428295628543145e-01,5.294510179722429211e-01,0.000000000000000000e+00,0.000000000000000000e+00,0.000000000000000000e+00,4.791995615942862830e-01,0.000000000000000000e+00,0.000000000000000000e+00,0.000000000000000000e+00,4.878842315023260157e-01,4.989456759359421900e-01,5.087916206302880440e-01,4.790706236751992031e-01,0.000000000000000000e+00,0.000000000000000000e+00,0.000000000000000000e+00,5.056607366241595569e-01,0.000000000000000000e+00,4.971451372808968205e-01,4.967288222963842093e-01,0.000000000000000000e+00,4.728432565251312059e-01,0.000000000000000000e+00,4.997440616602646934e-01,4.986062433385153869e-01,4.995738394467739152e-01,5.044820164953337516e-01,0.000000000000000000e+00,4.576823978442937091e-01,5.016914828663705528e-01,5.053825299360507062e-01,5.137600873612209185e-01,5.094404661444652538e-01,5.064204562600174153e-01,5.031244997835773169e-01
4.343998170574097095e-01,4.428397314776006954e-01,0.000000000000000000e+00,0.000000000000000000e+00,0.000000000000000000e+00,3.921790859650267080e-01,4.473351023426562767e-01,4.202376943584525959e-01,0.000000000000000000e+00,4.894840565368046015e-01,0.000000000000000000e+00,4.995044601578976784e-01,4.448258418208165255e-01,4.653843919714840127e-01,4.015104663433566867e-01,4.574808173399501077e-01,4.539114609836141234e-01,4.718724441255717217e-01,0.000000000000000000e+00,4.451824438819593777e-01,0.000000000000000000e+00,4.723089398113278770e-01,3.960857885505548182e-01,5.072219242834364872e-01,4.605717234653931014e-01,4.443351519016526807e-01,4.275740820005067278e-01,4.422479092225006791e-01,4.096760638973185875e-01,4.323778659661448032e-01,4.374080118734697820e-01,4.529140699488881094e-01,4.262817098123810045e-01,4.641272349153138799e-01,5.228050771398766727e-01,4.787325955503752839e-01,0.000000000000000000e+00,5.053702574839876727e-01,5.023117520340555364e-01,4.524068452908984184e-01,4.960892313336955906e-01,5.444882070420934417e-01,0.000000000000000000e+00,0.000000000000000000e+00,0.000000000000000000e+00,4.092998358025070060e-01,4.790224628973943077e-01,0.000000000000000000e+00,0.000000000000000000e+00,0.000000000000000000e+00,4.813570236170423011e-01,4.964054888117038766e-01,4.872006635623655213e-01,0.000000000000000000e+00,0.000000000000000000e+00,0.000000000000000000e+00,0.000000000000000000e+00,4.948992447940039896e-01,0.000000000000000000e+00,4.948101392956142930e-01,4.742194265640191086e-01,0.000000000000000000e+00,0.000000000000000000e+00,0.000000000000000000e+00,4.863670964726973245e-01,4.421993509990161941e-01,4.979218540268262050e-01,4.825395743854951069e-01,0.000000000000000000e+00,4.543159167108309915e-01,5.125184050785769330e-01,4.870056716819822218e-01,4.945665776079918863e-01,5.005722729720981645e-01,4.728643820874117165e-01,4.819521892211006131e-01
