0.000000000000000000e+00,4.121316920059783784e-01,0.000000000000000000e+00,0.000000000000000000e+00,0.000000000000000000e+00,4.350133474090631114e-01,4.598374912894009903e-01,5.116940648426125948e-01,0.000000000000000000e+00,3.896833020077211107e-01,0.000000000000000000e+00,3.679181121284473832e-01,4.729095045375282802e-01,0.000000000000000000e+00,4.315840053842828761e-01,4.087756842022330916e-01,3.990550051445613811e-01,4.018667077211960925e-01,0.000000000000000000e+00,4.404067943899203086e-01,4.633176371866266074e-01,4.281109748901927858e-01,4.974469743773570207e-01,3.492957192219455220e-01,3.847662312375639826e-01,3.853725932255008813e-01,4.872527370128468260e-01,4.738839886378695132e-01,4.755766006472618157e-01,0.000000000000000000e+00,3.827103847927181834e-01,4.446461468880149037e-01,3.611398097356495751e-01,3.781171857779774825e-01,4.149004467990113909e-01,0.000000000000000000e+00,0.000000000000000000e+00,4.032001600601569091e-01,4.401215836944319948e-01,4.249947653452024743e-01,3.759079173153527798e-01,0.000000000000000000e+00,0.000000000000000000e+00,0.000000000000000000e+00,0.000000000000000000e+00,3.308989185958396972e-01,4.755941421244783140e-01,0.000000000000000000e+00,0.000000000000000000e+00,0.000000000000000000e+00,0.000000000000000000e+00,0.000000000000000000e+00,0.000000000000000000e+00,0.000000000000000000e+00,0.000000000000000000e+00,0.000000000000000000e+00,0.000000000000000000e+00,0.000000000000000000e+00,0.000000000000000000e+00,4.677262764138184203e-01,4.388691617916231080e-01,4.544998141426490057e-01,4.597196121456452733e-01,0.000000000000000000e+00,0.000000000000000000e+00,3.820899945568432265e-01,4.629712257863032865e-01,4.665345164737075834e-01,3.331187182197639096e-01,4.529424926560547959e-01,4.700504415509548783e-01,0.000000000000000000e+00,0.000000000000000000e+00,4.668796724718374258e-01,0.000000000000000000e+00,3.756939617572325196e-01
4.121316920059783784e-01,0.000000000000000000e+00,4.574917352853062891e-01,0.000000000000000000e+00,4.370571529240365183e-01,4.525408724090804746e-01,4.739855956537388226e-01,4.734301279883795233e-01,4.318564635108054217e-01,3.666238334664415066e-01,0.000000000000000000e+00,3.775658960026750943e-01,4.810499815597494844e-01,0.000000000000000000e+00,4.638051066419480728e-01,4.329548464348316750e-01,3.881413251724170066e-01,4.093604053712628921e-01,0.000000000000000000e+00,4.772025851371621830e-01,4.412416294167247899e-01,4.472935288180592828e-01,4.680879904244558132e-01,3.905018780620114205e-01,4.008623729707517236e-01,4.142468039036528160e-01,4.653754919658930067e-01,5.088150829793801622e-01,4.755185430919044998e-01,4.831200308613665118e-01,4.093946227654937098e-01,4.424384190629532254e-01,3.768727037739921792e-01,4.043330862406699922e-01,4.454478734300829079e-01,0.000000000000000000e+00,0.000000000000000000e+00,0.000000000000000000e+00,4.804923441549556196e-01,4.572991373887351774e-01,4.523346320951230903e-01,4.810324318677354771e-01,4.217835407629634825e-01,0.000000000000000000e+00,0.000000000000000000e+00,4.609339028898850055e-01,4.881676881433409942e-01,0.000000000000000000e+00,0.000000000000000000e+00,0.000000000000000000e+00,4.771236692102321930e-01,4.815352412085778799e-01,4.998687681263566107e-01,0.000000000000000000e+00,4.396889803298972832e-01,0.000000000000000000e+00,4.565749967619662231e-01,4.779621993854155093e-01,0.000000000000000000e+00,5.288115281107232946e-01,4.678519151194017178e-01,4.490667042224857908e-01,4.531087893577124270e-01,0.000000000000000000e+00,4.985535436199813875e-01,4.872067732977081178e-01,4.976907644945037235e-01,5.210128933242018645e-01,4.542720168181632046e-01,4.648320914511613888e-01,5.052035156540725103e-01,5.152385564435374432e-01,4.490160010217313924e-01,4.785369134509648847e-01,4.218586987712273917e-01,4.472873275421522798e-01
0.000000000000000000e+00,4.574917352853062891e-01,0.000000000000000000e+00,4.590795151898656723e-01,4.093667187407079022e-01,4.099219427480281230e-01,4.870935824859918828e-01,4.846076676406254058e-01,3.718162861120211105e-01,5.202813223458493397e-01,2.850907886651122825e-01,5.014102358967631456e-01,4.928417457357168741e-01,4.243774710995580901e-01,0.000000000000000000e+00,4.571952449104633165e-01,0.000000000000000000e+00,0.000000000000000000e+00,2.769068059209944810e-01,4.595713980782956121e-01,0.000000000000000000e+00,4.657577337197016942e-01,4.106532719443080071e-01,0.000000000000000000e+00,4.287888124663902789e-01,4.862618779750674802e-01,3.510095532216518932e-01,5.145768466965775501e-01,4.339579075052626966e-01,5.067834503833470450e-01,5.343089103820073404e-01,4.850865799402798162e-01,4.404008068593415204e-01,5.330017715552139990e-01,5.360741758059773820e-01,4.533208431329016075e-01,5.126260519287766382e-01,0.000000000000000000e+00,5.450372147650704990e-01,0.000000000000000000e+00,5.955788250150793051e-01,6.041438600887586441e-01,5.478413593373203661e-01,0.000000000000000000e+00,0.000000000000000000e+00,0.000000000000000000e+00,0.000000000000000000e+00,5.486034003419439919e-01,0.000000000000000000e+00,4.445936944007775060e-01,5.992219531538816035e-01,5.826278007254573899e-01,5.741792743445406355e-01,5.980849983178619933e-01,0.000000000000000000e+00,3.121984877246452017e-01,0.000000000000000000e+00,5.903483490452928750e-01,5.614392353185789775e-01,0.000000000000000000e+00,0.000000000000000000e+00,0.000000000000000000e+00,0.000000000000000000e+00,3.828094059670519855e-01,5.057785191016065385e-01,0.000000000000000000e+00,5.026436874791845311e-01,6.031671987108314648e-01,0.000000000000000000e+00,0.000000000000000000e+00,4.564278646747710888e-01,6.023466282735465693e-01,5.818098211599586067e-01,5.487641715194360170e-01,5.723550165859638827e-01,5.876634368252627860e-01
0.000000000000000000e+00,0.000000000000000000e+00,4.590795151898656723e-01,0.000000000000000000e+00,3.152838761068789131e-01,0.000000000000000000e+00,2.681743383136617198e-01,4.940619581028385943e-01,4.535851025171034889e-01,0.000000000000000000e+00,4.565029843791156838e-01,0.000000000000000000e+00,3.540614135523347805e-01,4.207073254540784069e-01,0.000000000000000000e+00,0.000000000000000000e+00,0.000000000000000000e+00,0.000000000000000000e+00,4.347105648465063865e-01,0.000000000000000000e+00,0.000000000000000000e+00,0.000000000000000000e+00,4.877236491609038271e-01,0.000000000000000000e+00,0.000000000000000000e+00,0.000000000000000000e+00,0.000000000000000000e+00,3.049809959294326189e-01,0.000000000000000000e+00,0.000000000000000000e+00,0.000000000000000000e+00,3.767115134601550785e-01,0.000000000000000000e+00,0.000000000000000000e+00,0.000000000000000000e+00,3.130920904765283064e-01,2.094237429583629129e-01,0.000000000000000000e+00,0.000000000000000000e+00,0.000000000000000000e+00,0.000000000000000000e+00,0.000000000000000000e+00,0.000000000000000000e+00,0.000000000000000000e+00,0.000000000000000000e+00,0.000000000000000000e+00,0.000000000000000000e+00,0.000000000000000000e+00,0.000000000000000000e+00,0.000000000000000000e+00,0.000000000000000000e+00,0.000000000000000000e+00,0.000000000000000000e+00,0.000000000000000000e+00,0.000000000000000000e+00,0.000000000000000000e+00,0.000000000000000000e+00,0.000000000000000000e+00,0.000000000000000000e+00,0.000000000000000000e+00,0.000000000000000000e+00,0.000000000000000000e+00,0.000000000000000000e+00,0.000000000000000000e+00,0.000000000000000000e+00,0.000000000000000000e+00,0.000000000000000000e+00,0.000000000000000000e+00,0.000000000000000000e+00,0.000000000000000000e+00,0.000000000000000000e+00,0.000000000000000000e+00,0.000000000000000000e+00,0.000000000000000000e+00,0.000000000000000000e+00,0.000000000000000000e+00
0.000000000000000000e+00,4.370571529240365183e-01,4.093667187407079022e-01,3.152838761068789131e-01,0.000000000000000000e+00,3.766146079911916744e-01,3.789965892961448257e-01,3.971017580787429835e-01,3.626029967922789754e-01,5.008667530568247095e-01,3.580413601139327273e-01,4.593414665555419774e-01,4.158638734533112724e-01,3.430661268409411768e-01,0.000000000000000000e+00,4.679013844156845181e-01,4.941512196280331004e-01,4.629766556644723807e-01,3.974317502732184204e-01,4.344194358693062030e-01,0.000000000000000000e+00,4.481200177248700900e-01,4.197800109945841740e-01,4.205596817911981811e-01,4.236671379750643895e-01,4.516595794585027135e-01,4.149701921242450742e-01,4.038947610559355250e-01,4.109720604140129074e-01,4.676829685447296270e-01,5.187945402329826594e-01,4.371546901964126763e-01,4.348642119461734179e-01,5.077419765465441825e-01,4.845629575618046192e-01,3.106352582890746783e-01,2.770718657892184966e-01,4.392149508629786814e-01,5.639835047635136656e-01,0.000000000000000000e+00,5.804064499897941820e-01,0.000000000000000000e+00,4.958703108029098860e-01,0.000000000000000000e+00,0.000000000000000000e+00,0.000000000000000000e+00,0.000000000000000000e+00,5.711071094636347434e-01,0.000000000000000000e+00,0.000000000000000000e+00,0.000000000000000000e+00,0.000000000000000000e+00,5.216595068663381074e-01,5.770906719238393379e-01,0.000000000000000000e+00,0.000000000000000000e+00,0.000000000000000000e+00,5.748647004558846696e-01,0.000000000000000000e+00,0.000000000000000000e+00,0.000000000000000000e+00,0.000000000000000000e+00,0.000000000000000000e+00,0.000000000000000000e+00,0.000000000000000000e+00,0.000000000000000000e+00,4.738045756732173208e-01,5.726769856900876254e-01,0.000000000000000000e+00,0.000000000000000000e+00,4.714510676569165781e-01,5.708242605925896163e-01,5.768370995198042195e-01,0.000000000000000000e+00,0.000000000000000000e+00,5.875939733737380877e-01
4.350133474090631114e-01,4.525408724090804746e-01,4.099219427480281230e-01,0.000000000000000000e+00,3.766146079911916744e-01,0.000000000000000000e+00,4.273720259319481740e-01,4.257337776580024102e-01,3.354470741895768104e-01,4.799404142985870814e-01,4.144748272522352783e-01,4.729870778108072882e-01,3.912338151912529982e-01,4.561108298141747230e-01,4.705684176010598851e-01,4.781768783806358836e-01,4.310782403296287146e-01,4.411474624378443066e-01,4.231200721872723780e-01,4.402497163804781066e-01,4.557146668057290850e-01,4.647182056603743061e-01,4.238369552406344165e-01,4.433409342027863076e-01,4.368563526854761236e-01,4.706413016742431177e-01,3.934841922605655795e-01,4.073009511722682774e-01,3.320666962295041880e-01,4.505804782014146137e-01,4.753470395230335876e-01,4.449351951112178738e-01,4.017053502067419180e-01,4.838334559822796144e-01,4.843251456374130237e-01,5.079244121438903914e-01,5.017105058829511854e-01,0.000000000000000000e+00,5.267483886773838275e-01,4.343305262140272904e-01,5.414662303025049583e-01,5.424977839921961698e-01,5.384241053415388389e-01,0.000000000000000000e+00,0.000000000000000000e+00,0.000000000000000000e+00,4.690718442043586012e-01,5.778116474709530381e-01,0.000000000000000000e+00,5.687891362438363130e-01,5.488997414744914982e-01,5.598976394094423714e-01,5.094651900330702254e-01,5.675403893382886533e-01,0.000000000000000000e+00,5.739444494247436523e-01,0.000000000000000000e+00,5.493479103722285206e-01,0.000000000000000000e+00,5.125212474232340165e-01,4.619010424596138864e-01,0.000000000000000000e+00,4.430700048650271228e-01,5.611667645765227030e-01,5.185174396783356343e-01,4.785163739239461922e-01,4.971001331137487877e-01,5.503359661934442704e-01,0.000000000000000000e+00,4.415070429212828995e-01,4.846128340710353921e-01,5.491239311057247718e-01,5.526846512908765163e-01,5.274772515148228313e-01,5.444621818231140109e-01,5.531310298298486305e-01
4.598374912894009903e-01,4.739855956537388226e-01,4.870935824859918828e-01,2.681743383136617198e-01,3.789965892961448257e-01,4.273720259319481740e-01,0.000000000000000000e+00,5.058300999390572539e-01,4.400509129596564817e-01,4.615034132077562856e-01,4.978786891711564078e-01,4.126247193442105776e-01,3.638403389726945769e-01,3.580152142595028897e-01,4.894007378188841018e-01,5.094226964166361782e-01,4.613139909433512931e-01,4.840672781454590790e-01,5.057245651311378376e-01,4.781033385435162764e-01,4.935464017841004192e-01,4.996669917025083896e-01,4.918323868165715984e-01,4.463710694761103270e-01,4.655441554086486855e-01,4.798046378368768239e-01,4.692356740889431777e-01,3.834334849950333246e-01,4.743190527997617201e-01,4.597648901494614804e-01,4.582220319044083001e-01,4.677953373409001192e-01,4.249386957030902856e-01,4.523338204442748922e-01,4.597758629857878199e-01,4.231746370455218842e-01,4.512360631407502098e-01,3.925001246520711806e-01,5.638963569403352416e-01,0.000000000000000000e+00,5.833836665909774011e-01,5.929008460590634577e-01,5.694498913420547037e-01,0.000000000000000000e+00,0.000000000000000000e+00,0.000000000000000000e+00,4.826518333610099742e-01,5.863041299439881726e-01,0.000000000000000000e+00,5.626278168895368914e-01,5.730613138495810333e-01,5.801860009926799178e-01,5.431445241128742829e-01,5.841870218284965777e-01,0.000000000000000000e+00,5.699626393339400909e-01,0.000000000000000000e+00,5.763646666635606763e-01,5.435926770056191959e-01,0.000000000000000000e+00,0.000000000000000000e+00,0.000000000000000000e+00,0.000000000000000000e+00,5.785100320375566874e-01,5.364318097455608170e-01,0.000000000000000000e+00,4.940061394651971138e-01,5.786320324402214332e-01,0.000000000000000000e+00,4.740503021738236011e-01,4.935024747905988884e-01,5.758449838976569257e-01,5.737944506095258301e-01,5.555714411844862033e-01,5.531077680075389136e-01,5.817376783253194183e-01
5.116940648426125948e-01,4.734301279883795233e-01,4.846076676406254058e-01,4.940619581028385943e-01,3.971017580787429835e-01,4.257337776580024102e-01,5.058300999390572539e-01,0.000000000000000000e+00,5.028292118317588821e-01,5.122230930458299136e-01,3.509738793114904887e-01,4.898889128502398882e-01,5.008912313935106608e-01,4.232278852502853184e-01,4.439866124057719743e-01,4.792833561243436957e-01,4.873732474403680848e-01,4.790841227068454167e-01,4.445972474324441093e-01,4.373875979259422841e-01,4.137616236627906230e-01,4.671759948166023801e-01,3.841577764913369220e-01,5.059037479078797306e-01,4.751046449810383265e-01,4.852633017759748202e-01,4.568951700077296119e-01,4.882031880991987149e-01,4.267331461654507163e-01,4.498490899021945766e-01,5.015727738337840691e-01,4.159759951489799268e-01,4.270120297793670860e-01,5.030790153915662977e-01,5.045611942210543877e-01,4.144238123952144748e-01,3.263508314896066964e-01,0.000000000000000000e+00,5.245860476814545592e-01,0.000000000000000000e+00,5.628140376899535280e-01,5.599473954410086884e-01,5.239848061739196261e-01,0.000000000000000000e+00,0.000000000000000000e+00,0.000000000000000000e+00,5.186047878812181100e-01,5.649338302290570768e-01,0.000000000000000000e+00,0.000000000000000000e+00,5.267005504905017954e-01,5.477319371105163759e-01,4.558919628761655130e-01,5.537229257947311467e-01,0.000000000000000000e+00,5.111121037045280868e-01,0.000000000000000000e+00,5.372603865873986084e-01,5.563893170892683093e-01,5.363055158503589048e-01,4.970084867192989253e-01,0.000000000000000000e+00,0.000000000000000000e+00,5.604994207351168267e-01,5.717274400424314784e-01,5.372946227158359456e-01,5.497970663803805058e-01,5.185394015485178532e-01,0.000000000000000000e+00,4.944742516077090255e-01,5.086846728575972199e-01,5.467057576378903105e-01,5.421563268977993566e-01,5.392971637457408818e-01,5.363969325361035434e-01,5.490821314449025881e-01
0.000000000000000000e+00,4.318564635108054217e-01,3.718162861120211105e-01,4.535851025171034889e-01,3.626029967922789754e-01,3.354470741895768104e-01,4.400509129596564817e-01,5.028292118317588821e-01,0.000000000000000000e+00,5.363340337591073759e-01,3.333484617390458093e-01,4.862653672286504913e-01,3.956862349834128212e-01,4.293807398294290922e-01,4.537754704440831177e-01,4.652274431440298064e-01,5.124028148439783159e-01,4.720647257267095998e-01,3.058685637714063099e-01,4.285752379675881740e-01,0.000000000000000000e+00,4.474271448892322978e-01,4.665337575962170136e-01,4.882489229577295919e-01,4.219472246159219897e-01,4.588158708646866146e-01,3.738817678686939816e-01,5.171920867077343109e-01,4.183802513948152724e-01,4.994399008346895874e-01,5.352585703136560902e-01,4.919659172169382200e-01,4.581619554324444232e-01,5.320905699571845116e-01,5.300167438365832595e-01,4.966347068875180959e-01,5.208124649487100299e-01,4.818780425759939257e-01,5.708649574154057715e-01,0.000000000000000000e+00,5.914225900270897451e-01,5.927991054693760864e-01,5.439490718336846831e-01,0.000000000000000000e+00,0.000000000000000000e+00,0.000000000000000000e+00,4.537276741110666256e-01,6.006154365336552337e-01,0.000000000000000000e+00,5.976974943889784564e-01,5.893954255638919060e-01,5.946143735546562947e-01,5.724175928473632657e-01,5.924430251671735093e-01,5.618021617907936749e-01,5.822069861139894664e-01,4.682313959068553078e-01,5.850204074730400716e-01,5.809108334815528130e-01,5.066176638378507846e-01,4.355077104500845175e-01,0.000000000000000000e+00,0.000000000000000000e+00,5.964390485720540980e-01,5.198615557443678759e-01,0.000000000000000000e+00,4.861920855935584762e-01,5.931215851301596675e-01,5.096879010376768049e-01,4.272590105428452079e-01,4.669779325389358804e-01,5.922834140952653037e-01,5.881760968774211173e-01,5.496695275049082730e-01,5.677255522111628316e-01,5.945734719868750462e-01
3.896833020077211107e-01,3.666238334664415066e-01,5.202813223458493397e-01,0.000000000000000000e+00,5.008667530568247095e-01,4.799404142985870814e-01,4.615034132077562856e-01,5.122230930458299136e-01,5.363340337591073759e-01,0.000000000000000000e+00,5.231058463530889879e-01,2.841742788886796878e-01,4.607763059447099740e-01,4.522919995293189221e-01,4.293344697361978213e-01,4.121529157065439986e-01,3.589059113296713122e-01,3.811742231981419815e-01,5.227006164647400865e-01,4.436221135635181057e-01,4.610595782291854183e-01,4.256732103188176075e-01,5.161149726566083284e-01,3.217451008632346010e-01,3.491906221352811257e-01,3.469136163671315276e-01,5.042751644261043165e-01,4.514732214580510217e-01,4.433373236047162824e-01,0.000000000000000000e+00,3.714671888746438055e-01,3.814300334171297213e-01,3.224562520301855195e-01,3.399222628787125777e-01,3.434267831451240927e-01,4.174705298860157954e-01,3.253853196691716132e-01,2.979149804183052752e-01,3.576245266571586034e-01,5.043536880743714201e-01,3.988094153564816224e-01,4.145449583669220117e-01,0.000000000000000000e+00,0.000000000000000000e+00,4.152264594458999203e-01,4.438664432482348765e-01,4.442032062180614749e-01,5.768945673098276883e-01,0.000000000000000000e+00,0.000000000000000000e+00,0.000000000000000000e+00,0.000000000000000000e+00,5.431297997534386690e-01,5.799224452406288588e-01,4.908061693410317172e-01,0.000000000000000000e+00,4.784851867988185181e-01,0.000000000000000000e+00,0.000000000000000000e+00,0.000000000000000000e+00,4.454817050602911110e-01,5.040469367129173373e-01,5.030411527708877895e-01,0.000000000000000000e+00,0.000000000000000000e+00,0.000000000000000000e+00,0.000000000000000000e+00,5.756792741442887662e-01,4.218887743566703818e-01,4.914694221625288129e-01,4.917918570651131915e-01,5.099777179792355231e-01,5.668028075150629563e-01,0.000000000000000000e+00,0.000000000000000000e+00,4.854766126076318078e-01
0.000000000000000000e+00,0.000000000000000000e+00,2.850907886651122825e-01,4.565029843791156838e-01,3.580413601139327273e-01,4.144748272522352783e-01,4.978786891711564078e-01,3.509738793114904887e-01,3.333484617390458093e-01,5.231058463530889879e-01,0.000000000000000000e+00,4.860254339141211188e-01,5.206791422518913803e-01,3.257508246247662886e-01,0.000000000000000000e+00,0.000000000000000000e+00,5.189925716113040766e-01,5.071558973983743002e-01,2.564105732088596823e-01,0.000000000000000000e+00,0.000000000000000000e+00,0.000000000000000000e+00,3.499916135796988237e-01,4.893205776378761751e-01,0.000000000000000000e+00,4.996286258497578125e-01,3.676009905080744877e-01,5.272006373719317907e-01,0.000000000000000000e+00,5.076726844126077109e-01,5.365761414466698742e-01,4.154057282103327253e-01,4.871491560116604225e-01,5.289823346957491790e-01,5.178215144688670390e-01,3.451264513266327216e-01,4.302062361894828935e-01,4.790609730127919907e-01,4.524490363750017230e-01,0.000000000000000000e+00,5.843377738186456005e-01,0.000000000000000000e+00,4.630795064817759821e-01,0.000000000000000000e+00,0.000000000000000000e+00,0.000000000000000000e+00,0.000000000000000000e+00,4.633799109307822905e-01,0.000000000000000000e+00,4.353341497125324255e-01,5.484476217711762303e-01,5.093850225738483228e-01,5.101402105977813628e-01,5.454729617844998879e-01,0.000000000000000000e+00,2.684185509127324232e-01,0.000000000000000000e+00,5.154113142553995441e-01,4.861729126385835875e-01,0.000000000000000000e+00,0.000000000000000000e+00,0.000000000000000000e+00,0.000000000000000000e+00,2.655787781133959191e-01,4.623463557557366266e-01,0.000000000000000000e+00,0.000000000000000000e+00,5.563139113630183319e-01,0.000000000000000000e+00,0.000000000000000000e+00,0.000000000000000000e+00,5.591064281185263996e-01,5.277411250648598173e-01,5.013764411580973190e-01,0.000000000000000000e+00,5.830023414046544561e-01
3.679181121284473832e-01,3.775658960026750943e-01,5.014102358967631456e-01,0.000000000000000000e+00,4.593414665555419774e-01,4.729870778108072882e-01,4.126247193442105776e-01,4.898889128502398882e-01,4.862653672286504913e-01,2.841742788886796878e-01,4.860254339141211188e-01,0.000000000000000000e+00,4.142247401422551878e-01,0.000000000000000000e+00,4.159571774579781112e-01,3.881189843635335923e-01,3.833615335788541079e-01,3.737364703148275957e-01,4.686342901087617863e-01,4.619038323664655943e-01,4.592641741392419208e-01,4.365462192386421192e-01,4.821329941537008112e-01,2.745300207164206863e-01,3.544329362754420898e-01,3.271647246405067766e-01,4.575598926940391276e-01,4.132817473482662263e-01,4.349451155794921142e-01,4.110364019870758057e-01,3.856326537947650790e-01,3.115118530095524196e-01,3.308591766542965940e-01,2.795854653328047057e-01,3.210338432001594855e-01,3.555900013029467122e-01,2.940613439242937832e-01,2.708794726575399214e-01,3.365466778359286204e-01,5.137569986816817869e-01,3.985024763241176160e-01,4.406416288128662817e-01,3.732810840036631106e-01,0.000000000000000000e+00,4.139883454634141202e-01,4.409403892230677746e-01,4.559552441459024941e-01,0.000000000000000000e+00,0.000000000000000000e+00,0.000000000000000000e+00,0.000000000000000000e+00,0.000000000000000000e+00,0.000000000000000000e+00,4.750354569643798763e-01,4.878501501438458066e-01,0.000000000000000000e+00,4.791300492865747107e-01,0.000000000000000000e+00,0.000000000000000000e+00,0.000000000000000000e+00,0.000000000000000000e+00,4.955278235006324028e-01,4.885558989336311053e-01,0.000000000000000000e+00,0.000000000000000000e+00,0.000000000000000000e+00,0.000000000000000000e+00,4.725907742977141779e-01,3.982212599875706860e-01,4.749573740269341093e-01,4.700974168576488865e-01,4.491382768177725193e-01,4.245196415569212900e-01,0.000000000000000000e+00,0.000000000000000000e+00,4.811163879032722135e-01
4.729095045375282802e-01,4.810499815597494844e-01,4.928417457357168741e-01,3.540614135523347805e-01,4.158638734533112724e-01,3.912338151912529982e-01,3.638403389726945769e-01,5.008912313935106608e-01,3.956862349834128212e-01,4.607763059447099740e-01,5.206791422518913803e-01,4.142247401422551878e-01,0.000000000000000000e+00,4.148166251983521069e-01,4.919494120372910895e-01,5.182106002884848683e-01,4.676728179138355812e-01,4.945120790238388131e-01,5.233283434519031552e-01,4.744243659263429058e-01,4.854214083534941770e-01,5.046302049090707342e-01,4.852963512312277738e-01,4.248788455480583259e-01,4.767022663415995121e-01,4.874541661882719756e-01,4.520641250900825914e-01,3.721873696035041257e-01,4.412943848169960104e-01,4.480077715721028087e-01,4.437221739252323882e-01,4.733594248017639061e-01,4.501596016131805822e-01,4.544708046815760238e-01,4.721970802018429225e-01,4.656210359127833098e-01,4.602152631451607023e-01,3.854817576429491743e-01,5.684480823728665921e-01,4.957330477235467048e-01,5.812563162130949257e-01,5.844795137707420318e-01,5.723083712321215266e-01,0.000000000000000000e+00,0.000000000000000000e+00,0.000000000000000000e+00,4.936723535904635751e-01,5.813472395612130361e-01,0.000000000000000000e+00,5.836838889872161262e-01,5.746870108683247436e-01,5.819140674794636148e-01,5.434670012825393304e-01,5.750031403476565384e-01,0.000000000000000000e+00,6.184102459054041656e-01,0.000000000000000000e+00,5.727937753042139368e-01,0.000000000000000000e+00,5.326526505079530738e-01,4.741811014905363830e-01,0.000000000000000000e+00,4.781961904555547260e-01,5.788452886466044500e-01,5.424256543840547673e-01,5.190024977027087871e-01,5.067204340394204642e-01,5.750567128371122383e-01,0.000000000000000000e+00,4.855261798626316905e-01,5.032754043575570213e-01,5.710138515640529322e-01,5.688518011864707180e-01,5.517323425415998628e-01,0.000000000000000000e+00,5.780604567360205781e-01
0.000000000000000000e+00,0.000000000000000000e+00,4.243774710995580901e-01,4.207073254540784069e-01,3.430661268409411768e-01,4.561108298141747230e-01,3.580152142595028897e-01,4.232278852502853184e-01,4.293807398294290922e-01,4.522919995293189221e-01,3.257508246247662886e-01,0.000000000000000000e+00,4.148166251983521069e-01,0.000000000000000000e+00,0.000000000000000000e+00,0.000000000000000000e+00,0.000000000000000000e+00,0.000000000000000000e+00,3.823430935550513055e-01,0.000000000000000000e+00,4.821083443709525129e-01,0.000000000000000000e+00,4.361854001544152037e-01,0.000000000000000000e+00,0.000000000000000000e+00,0.000000000000000000e+00,4.701378697949941121e-01,3.592165639661976106e-01,0.000000000000000000e+00,0.000000000000000000e+00,5.029792466132619877e-01,3.451050139542238271e-01,0.000000000000000000e+00,4.937702620479252902e-01,5.652916678118834470e-01,2.652379897134771181e-01,2.058939930298998022e-01,0.000000000000000000e+00,0.000000000000000000e+00,0.000000000000000000e+00,0.000000000000000000e+00,0.000000000000000000e+00,0.000000000000000000e+00,0.000000000000000000e+00,0.000000000000000000e+00,0.000000000000000000e+00,0.000000000000000000e+00,5.281402059604650701e-01,0.000000000000000000e+00,0.000000000000000000e+00,0.000000000000000000e+00,0.000000000000000000e+00,0.000000000000000000e+00,0.000000000000000000e+00,0.000000000000000000e+00,0.000000000000000000e+00,0.000000000000000000e+00,0.000000000000000000e+00,0.000000000000000000e+00,0.000000000000000000e+00,0.000000000000000000e+00,0.000000000000000000e+00,0.000000000000000000e+00,0.000000000000000000e+00,0.000000000000000000e+00,0.000000000000000000e+00,0.000000000000000000e+00,6.082793474197387695e-01,0.000000000000000000e+00,0.000000000000000000e+00,0.000000000000000000e+00,5.294286816364210946e-01,0.000000000000000000e+00,0.000000000000000000e+00,0.000000000000000000e+00,0.000000000000000000e+00
4.315840053842828761e-01,4.638051066419480728e-01,0.000000000000000000e+00,0.000000000000000000e+00,0.000000000000000000e+00,4.705684176010598851e-01,4.894007378188841018e-01,4.439866124057719743e-01,4.537754704440831177e-01,4.293344697361978213e-01,0.000000000000000000e+00,4.159571774579781112e-01,4.919494120372910895e-01,0.000000000000000000e+00,0.000000000000000000e+00,4.640258060944167928e-01,4.161175026923967790e-01,4.383808958084943752e-01,0.000000000000000000e+00,3.757100789894600723e-01,4.077945093806932264e-01,4.045288185553411742e-01,4.191758711281156069e-01,4.334322778110016872e-01,4.329842646941166051e-01,4.201874261680619838e-01,4.414910197438559059e-01,4.706459265304694939e-01,4.495678715582672180e-01,4.563447833061218262e-01,4.478286980907927872e-01,4.735624488595647219e-01,4.276008408647747894e-01,4.539018797748570200e-01,5.044229945294315121e-01,5.358070094991989052e-01,5.055866241455078125e-01,0.000000000000000000e+00,5.316306379505544299e-01,5.060540358190431798e-01,5.194487820861517502e-01,5.504413894021079612e-01,0.000000000000000000e+00,0.000000000000000000e+00,0.000000000000000000e+00,0.000000000000000000e+00,5.219336820158357870e-01,0.000000000000000000e+00,0.000000000000000000e+00,0.000000000000000000e+00,5.272489670312420218e-01,0.000000000000000000e+00,5.433079198941650478e-01,0.000000000000000000e+00,0.000000000000000000e+00,0.000000000000000000e+00,0.000000000000000000e+00,0.000000000000000000e+00,0.000000000000000000e+00,5.548298186634951223e-01,4.958916143718417047e-01,0.000000000000000000e+00,4.600340667505182224e-01,0.000000000000000000e+00,5.333763253391530235e-01,5.151784964797017086e-01,5.559630843456853100e-01,5.455794299705972739e-01,0.000000000000000000e+00,4.586817822545437018e-01,5.531586736618498978e-01,5.407088468123657510e-01,5.363441382004022762e-01,5.272157033996377473e-01,5.472329526786295917e-01,5.138692949974014157e-01
4.087756842022330916e-01,4.329548464348316750e-01,4.571952449104633165e-01,0.000000000000000000e+00,4.679013844156845181e-01,4.781768783806358836e-01,5.094226964166361782e-01,4.792833561243436957e-01,4.652274431440298064e-01,4.121529157065439986e-01,0.000000000000000000e+00,3.881189843635335923e-01,5.182106002884848683e-01,0.000000000000000000e+00,4.640258060944167928e-01,0.000000000000000000e+00,4.166195581168546935e-01,3.893267108006642774e-01,0.000000000000000000e+00,4.505244249465963913e-01,4.464166738656957234e-01,4.032592873326076854e-01,4.660769854841385063e-01,3.807010845064254245e-01,4.018764338713455841e-01,4.483973908409752962e-01,4.797943489835936881e-01,5.086459958792218794e-01,4.820530994975696926e-01,4.825463512947011924e-01,4.046710510043881048e-01,4.745411911907725933e-01,3.911771840243942755e-01,4.170596291247369858e-01,4.666393501140658207e-01,0.000000000000000000e+00,0.000000000000000000e+00,0.000000000000000000e+00,4.746886789353739755e-01,4.594347484075276822e-01,4.470471633314466731e-01,4.724502183634057828e-01,0.000000000000000000e+00,0.000000000000000000e+00,0.000000000000000000e+00,4.506250488026726231e-01,4.843440568783587974e-01,0.000000000000000000e+00,0.000000000000000000e+00,0.000000000000000000e+00,4.714262297042254857e-01,4.768489438150054216e-01,5.019697458875945761e-01,0.000000000000000000e+00,4.384818043915810204e-01,0.000000000000000000e+00,4.512371063933293125e-01,4.769898007992415256e-01,0.000000000000000000e+00,5.238855759154855685e-01,4.643244754555306830e-01,4.647401992119282732e-01,4.627542187684003938e-01,0.000000000000000000e+00,5.044934407414309874e-01,4.877096693425190255e-01,4.941512671559801784e-01,5.173705687558513011e-01,4.277059137190307170e-01,4.658647018869324086e-01,4.889575257798977059e-01,5.220057446620512964e-01,5.179095025579485423e-01,4.813431416512389260e-01,0.000000000000000000e+00,4.449032728333062736e-01
3.990550051445613811e-01,3.881413251724170066e-01,0.000000000000000000e+00,0.000000000000000000e+00,4.941512196280331004e-01,4.310782403296287146e-01,4.613139909433512931e-01,4.873732474403680848e-01,5.124028148439783159e-01,3.589059113296713122e-01,5.189925716113040766e-01,3.833615335788541079e-01,4.676728179138355812e-01,0.000000000000000000e+00,4.161175026923967790e-01,4.166195581168546935e-01,0.000000000000000000e+00,3.794202174595633914e-01,0.000000000000000000e+00,4.300492221291790096e-01,4.548369302881273835e-01,4.394816984425469752e-01,4.887857543457275189e-01,3.722053626092646228e-01,3.592672230714196724e-01,3.769735508264390189e-01,4.744561046570229257e-01,4.558945500195202838e-01,4.688342577383501908e-01,0.000000000000000000e+00,4.010454576903754176e-01,4.658217160488609121e-01,3.708386086661680792e-01,3.962716267085863997e-01,4.137170783907697102e-01,0.000000000000000000e+00,0.000000000000000000e+00,3.432799577478979902e-01,4.950902575671622952e-01,5.237404386869085604e-01,4.658084398838104878e-01,5.246548853859006600e-01,0.000000000000000000e+00,0.000000000000000000e+00,0.000000000000000000e+00,4.148436672203124065e-01,4.546359618353765786e-01,0.000000000000000000e+00,0.000000000000000000e+00,0.000000000000000000e+00,0.000000000000000000e+00,0.000000000000000000e+00,0.000000000000000000e+00,0.000000000000000000e+00,4.987584627548761196e-01,0.000000000000000000e+00,5.009424194007855435e-01,0.000000000000000000e+00,0.000000000000000000e+00,0.000000000000000000e+00,4.597438134511008245e-01,5.030786783063193601e-01,4.995827377957270943e-01,0.000000000000000000e+00,0.000000000000000000e+00,0.000000000000000000e+00,0.000000000000000000e+00,0.000000000000000000e+00,4.167320225459527072e-01,4.907558488839168787e-01,4.934441221879646844e-01,0.000000000000000000e+00,0.000000000000000000e+00,4.846163926274891232e-01,0.000000000000000000e+00,5.057165404561806410e-01
4.018667077211960925e-01,4.093604053712628921e-01,0.000000000000000000e+00,0.000000000000000000e+00,4.629766556644723807e-01,4.411474624378443066e-01,4.840672781454590790e-01,4.790841227068454167e-01,4.720647257267095998e-01,3.811742231981419815e-01,5.071558973983743002e-01,3.737364703148275957e-01,4.945120790238388131e-01,0.000000000000000000e+00,4.383808958084943752e-01,3.893267108006642774e-01,3.794202174595633914e-01,0.000000000000000000e+00,0.000000000000000000e+00,4.528070576058894070e-01,4.448570551412542873e-01,4.477479875686384836e-01,4.657150378101025945e-01,3.753295209764133111e-01,3.553590451348149770e-01,3.933235225069863783e-01,4.499856183160140244e-01,4.848136574900149265e-01,4.775157025364132890e-01,4.616974665369186215e-01,4.004722586615109270e-01,4.625675187362965901e-01,3.771639294635489859e-01,4.035718814516318087e-01,4.213703744143600938e-01,0.000000000000000000e+00,0.000000000000000000e+00,0.000000000000000000e+00,4.782659320173892059e-01,4.714317533277089245e-01,4.505937072180488112e-01,4.684058956774739824e-01,0.000000000000000000e+00,0.000000000000000000e+00,5.322910547256469727e-01,4.327165646721666814e-01,4.701999240635101884e-01,0.000000000000000000e+00,0.000000000000000000e+00,0.000000000000000000e+00,4.731263464508200789e-01,0.000000000000000000e+00,0.000000000000000000e+00,0.000000000000000000e+00,4.707786699561037902e-01,0.000000000000000000e+00,4.655102690977527269e-01,4.784878025527671275e-01,0.000000000000000000e+00,5.398352704763779153e-01,4.689695208836198170e-01,4.839295847538561124e-01,4.861123714882560898e-01,0.000000000000000000e+00,4.906801434840621923e-01,0.000000000000000000e+00,4.643467799493521952e-01,0.000000000000000000e+00,4.216606117270880194e-01,4.786775088467549732e-01,4.804342113484805776e-01,5.141998424124361033e-01,0.000000000000000000e+00,4.812462709439846997e-01,0.000000000000000000e+00,4.653727574514929799e-01
0.000000000000000000e+00,0.000000000000000000e+00,2.769068059209944810e-01,4.347105648465063865e-01,3.974317502732184204e-01,4.231200721872723780e-01,5.057245651311378376e-01,4.445972474324441093e-01,3.058685637714063099e-01,5.227006164647400865e-01,2.564105732088596823e-01,4.686342901087617863e-01,5.233283434519031552e-01,3.823430935550513055e-01,0.000000000000000000e+00,0.000000000000000000e+00,0.000000000000000000e+00,0.000000000000000000e+00,0.000000000000000000e+00,0.000000000000000000e+00,0.000000000000000000e+00,0.000000000000000000e+00,4.212862656480220735e-01,5.042958335107972090e-01,0.000000000000000000e+00,4.828030478650818802e-01,3.957453644766444900e-01,5.307190624166397974e-01,0.000000000000000000e+00,5.126754448760999505e-01,5.435111050886840545e-01,4.471089849928392979e-01,4.652730079938159902e-01,5.317650102870489226e-01,5.244955329702513103e-01,3.953355325298131828e-01,4.628778096334715264e-01,0.000000000000000000e+00,4.867166803711808210e-01,0.000000000000000000e+00,5.908397072796798266e-01,6.005399747172857072e-01,4.963109636603426078e-01,0.000000000000000000e+00,0.000000000000000000e+00,0.000000000000000000e+00,0.000000000000000000e+00,5.824887426159842674e-01,0.000000000000000000e+00,5.790237380463499894e-01,5.730419164852945668e-01,5.859697902659231072e-01,5.457623244052212108e-01,5.754277747015082989e-01,0.000000000000000000e+00,3.350074234170419274e-01,0.000000000000000000e+00,5.827279327144511134e-01,5.234644213852057693e-01,0.000000000000000000e+00,0.000000000000000000e+00,0.000000000000000000e+00,0.000000000000000000e+00,5.704783943136427782e-01,5.036252574724803255e-01,0.000000000000000000e+00,0.000000000000000000e+00,5.909612537305520830e-01,0.000000000000000000e+00,0.000000000000000000e+00,5.149372482825165243e-01,5.861475476868216461e-01,5.811440357393677925e-01,5.362608503483291544e-01,5.914739369078854114e-01,5.904566320023785231e-01
4.404067943899203086e-01,4.772025851371621830e-01,4.595713980782956121e-01,0.000000000000000000e+00,4.344194358693062030e-01,4.402497163804781066e-01,4.781033385435162764e-01,4.373875979259422841e-01,4.285752379675881740e-01,4.436221135635181057e-01,0.000000000000000000e+00,4.619038323664655943e-01,4.744243659263429058e-01,0.000000000000000000e+00,3.757100789894600723e-01,4.505244249465963913e-01,4.300492221291790096e-01,4.528070576058894070e-01,0.000000000000000000e+00,0.000000000000000000e+00,4.730312352181392788e-01,4.196672908298990090e-01,3.651679937287530264e-01,4.259712481173825727e-01,4.511731601700170180e-01,4.687247529360000775e-01,3.692090811551498875e-01,4.212447289459965161e-01,3.685795124513820964e-01,2.858748408992214940e-01,4.357847458537885132e-01,4.746948905631100946e-01,4.216525958119349826e-01,4.731081174402851919e-01,5.191853812155050596e-01,5.538246319177249077e-01,5.142720979775400325e-01,0.000000000000000000e+00,5.330829330486338558e-01,4.878947668963957152e-01,5.335597909016418505e-01,5.459309996948347177e-01,0.000000000000000000e+00,0.000000000000000000e+00,4.232432226925746943e-01,0.000000000000000000e+00,4.924481398141709043e-01,5.031727291826095794e-01,0.000000000000000000e+00,5.318335890769958496e-01,5.237664665244913254e-01,5.283471403034115665e-01,5.368216266058007946e-01,0.000000000000000000e+00,0.000000000000000000e+00,0.000000000000000000e+00,0.000000000000000000e+00,5.353065192526411664e-01,0.000000000000000000e+00,5.425090493927594570e-01,4.938174868799410921e-01,0.000000000000000000e+00,4.575100712988781071e-01,0.000000000000000000e+00,5.412396236005967420e-01,5.330502141648605363e-01,5.387651213809802053e-01,5.539815086168173863e-01,0.000000000000000000e+00,4.591436658815227778e-01,4.960369627675588755e-01,5.485061184321818883e-01,5.428997963241323221e-01,5.326584222674997093e-01,5.442783054178481628e-01,5.316554688251357019e-01
4.633176371866266074e-01,4.412416294167247899e-01,0.000000000000000000e+00,0.000000000000000000e+00,0.000000000000000000e+00,4.557146668057290850e-01,4.935464017841004192e-01,4.137616236627906230e-01,0.000000000000000000e+00,4.610595782291854183e-01,0.000000000000000000e+00,4.592641741392419208e-01,4.854214083534941770e-01,4.821083443709525129e-01,4.077945093806932264e-01,4.464166738656957234e-01,4.548369302881273835e-01,4.448570551412542873e-01,0.000000000000000000e+00,4.730312352181392788e-01,0.000000000000000000e+00,4.957526190882399764e-01,4.221643381646819071e-01,4.701153370958688904e-01,4.339117310905665770e-01,4.448181296023899223e-01,4.619059918902169160e-01,4.834788714166761148e-01,4.703113472887643920e-01,4.849136324614977123e-01,4.323310572572259813e-01,4.701058432395857078e-01,4.287610613923770742e-01,4.384945641934636096e-01,5.075129556542894438e-01,0.000000000000000000e+00,0.000000000000000000e+00,0.000000000000000000e+00,5.029242907773894267e-01,4.877681714587561168e-01,5.106780882706448699e-01,5.501395759683791464e-01,0.000000000000000000e+00,0.000000000000000000e+00,0.000000000000000000e+00,4.429904323784860098e-01,5.219872088895456397e-01,0.000000000000000000e+00,0.000000000000000000e+00,0.000000000000000000e+00,4.991391124201852159e-01,0.000000000000000000e+00,4.675553481292291091e-01,0.000000000000000000e+00,0.000000000000000000e+00,0.000000000000000000e+00,0.000000000000000000e+00,0.000000000000000000e+00,0.000000000000000000e+00,5.336096352452932567e-01,4.896938550864020079e-01,0.000000000000000000e+00,0.000000000000000000e+00,0.000000000000000000e+00,5.230432948588878972e-01,4.372324216559067001e-01,5.596756175233051911e-01,5.130636174064374666e-01,0.000000000000000000e+00,4.704310275928110796e-01,5.352049694472822416e-01,5.236702013673604217e-01,5.094084552344352312e-01,5.078053572607165167e-01,5.161876755824752472e-01,4.894372111350894783e-01
