0.000000000000000000e+00,4.045144782082776835e-01,0.000000000000000000e+00,0.000000000000000000e+00,0.000000000000000000e+00,4.119824142805686984e-01,0.000000000000000000e+00,5.190061167141861720e-01,0.000000000000000000e+00,3.904053750146362911e-01,0.000000000000000000e+00,3.857135213220461156e-01,4.180770402458786061e-01,4.918865667013869736e-01,3.666299854096052857e-01,4.006770163500654736e-01,3.663823703930271236e-01,3.631967592428175240e-01,0.000000000000000000e+00,4.267180520933406829e-01,4.178997722588211894e-01,4.155104879367734205e-01,4.638516227540762094e-01,3.352578328394378859e-01,3.543363744883458177e-01,3.405949263641384062e-01,4.608443809319339723e-01,4.288803383820172788e-01,4.522515182549163848e-01,0.000000000000000000e+00,3.679515875754216236e-01,4.409209142912822177e-01,3.668000400948978057e-01,3.713694814088711049e-01,4.066198023726522170e-01,0.000000000000000000e+00,0.000000000000000000e+00,3.996928334236145020e-01,4.709398649057536246e-01,4.443212088529425730e-01,4.213529966421101225e-01,0.000000000000000000e+00,0.000000000000000000e+00,0.000000000000000000e+00,3.666445016860961914e-01,3.425980523372804121e-01,4.796135882339139234e-01,0.000000000000000000e+00,0.000000000000000000e+00,0.000000000000000000e+00,0.000000000000000000e+00,0.000000000000000000e+00,0.000000000000000000e+00,0.000000000000000000e+00,3.820972295929938034e-01,0.000000000000000000e+00,3.800368486029302995e-01,0.000000000000000000e+00,0.000000000000000000e+00,5.109851001382978986e-01,4.552033969383976753e-01,3.992105378071664767e-01,4.306406859007702037e-01,0.000000000000000000e+00,0.000000000000000000e+00,3.470912945877481781e-01,4.859212476115857826e-01,4.807497520617826092e-01,2.681044294701357966e-01,4.279292844880249191e-01,4.549305751715996826e-01,5.542916450296222486e-01,0.000000000000000000e+00,0.000000000000000000e+00,0.000000000000000000e+00,4.153579109803128833e-01
4.045144782082776835e-01,0.000000000000000000e+00,0.000000000000000000e+00,0.000000000000000000e+00,3.759788204260495204e-01,4.021960144575784102e-01,4.008942897429101926e-01,4.507269076840397792e-01,3.790260720214577161e-01,3.469415736473476231e-01,0.000000000000000000e+00,3.612232407797886236e-01,4.221064206772979222e-01,0.000000000000000000e+00,4.401578372428098795e-01,3.966803012649630089e-01,3.880059366519413855e-01,3.936740310977113189e-01,0.000000000000000000e+00,4.313827451971044002e-01,4.413057476874248097e-01,3.936770221601850750e-01,4.358812039698704011e-01,3.757692324288451902e-01,3.572021836846998033e-01,3.904301209179775745e-01,4.224557144519914820e-01,4.344143288641921785e-01,4.262083316865010740e-01,4.289320279706210770e-01,3.711586347045536805e-01,4.392258047740896232e-01,3.621406953025582132e-01,3.783109936784265770e-01,4.231161856476184924e-01,2.807742059230803888e-01,0.000000000000000000e+00,0.000000000000000000e+00,4.883916853920358125e-01,4.651062881295667251e-01,4.525021808612135765e-01,4.679500753151845105e-01,3.903211981093286931e-01,0.000000000000000000e+00,0.000000000000000000e+00,4.752717665569266003e-01,4.814333474260665824e-01,0.000000000000000000e+00,0.000000000000000000e+00,0.000000000000000000e+00,4.348587620441978219e-01,4.326111703279321152e-01,5.011817886806000377e-01,0.000000000000000000e+00,4.314366690247736225e-01,0.000000000000000000e+00,4.375837119713392176e-01,4.385810418035702152e-01,0.000000000000000000e+00,5.075994624900455054e-01,4.693274789040419170e-01,4.514960771194034272e-01,4.518517778222657100e-01,0.000000000000000000e+00,4.498749342939772911e-01,4.901325441410490091e-01,4.805579970812339785e-01,4.805922804310499008e-01,4.414393160719756182e-01,4.622309221360738074e-01,4.944426537013257850e-01,4.713291670717050796e-01,4.444341099477097101e-01,4.445264131177925071e-01,0.000000000000000000e+00,4.462628686323418803e-01
0.000000000000000000e+00,0.000000000000000000e+00,0.000000000000000000e+00,0.000000000000000000e+00,3.583386165630362830e-01,3.754685446287674977e-01,4.302091103102629877e-01,4.287353828073990902e-01,2.773907826889389083e-01,4.675551107389583905e-01,3.073343483097972784e-01,4.467766872853908833e-01,4.409781596728095110e-01,3.981244707010602180e-01,0.000000000000000000e+00,0.000000000000000000e+00,4.789568047996565769e-01,4.652236599419706242e-01,2.601365685661278793e-01,0.000000000000000000e+00,0.000000000000000000e+00,0.000000000000000000e+00,3.309879597493207148e-01,0.000000000000000000e+00,0.000000000000000000e+00,4.640186708699566842e-01,3.212964646783578182e-01,4.441703162276460226e-01,4.168937454386502095e-01,4.383401057079336915e-01,4.518343926165628854e-01,4.258402183530078933e-01,4.183601623064527875e-01,4.637299840084950775e-01,4.482829858682835233e-01,4.087735076298651959e-01,4.463844601892366093e-01,4.471077365498127842e-01,5.131343931023646388e-01,3.864100976255738229e-01,5.392074514031065524e-01,0.000000000000000000e+00,4.926732807929555258e-01,0.000000000000000000e+00,0.000000000000000000e+00,0.000000000000000000e+00,0.000000000000000000e+00,3.631575018938735799e-01,0.000000000000000000e+00,5.122962699329148828e-01,5.398675743805531058e-01,5.115259006086184668e-01,5.368438026627229132e-01,5.404934694587231192e-01,0.000000000000000000e+00,4.542032255450247913e-01,0.000000000000000000e+00,5.069314464835952272e-01,5.026619371097644784e-01,0.000000000000000000e+00,0.000000000000000000e+00,0.000000000000000000e+00,0.000000000000000000e+00,4.045660365898632871e-01,0.000000000000000000e+00,0.000000000000000000e+00,0.000000000000000000e+00,5.049215001888506249e-01,0.000000000000000000e+00,0.000000000000000000e+00,0.000000000000000000e+00,5.261311590443595865e-01,5.105043823439261441e-01,4.693399687215807914e-01,0.000000000000000000e+00,5.279406958400389982e-01
0.000000000000000000e+00,0.000000000000000000e+00,0.000000000000000000e+00,0.000000000000000000e+00,2.490072083226068933e-01,0.000000000000000000e+00,2.568511202620786804e-01,3.995773292266175947e-01,3.839096015885858915e-01,0.000000000000000000e+00,3.325689439673237269e-01,0.000000000000000000e+00,2.947780636341714167e-01,2.874169299141273726e-01,0.000000000000000000e+00,0.000000000000000000e+00,0.000000000000000000e+00,0.000000000000000000e+00,3.607468008995056152e-01,0.000000000000000000e+00,0.000000000000000000e+00,0.000000000000000000e+00,3.908952662395365762e-01,0.000000000000000000e+00,0.000000000000000000e+00,0.000000000000000000e+00,4.142297192034974929e-01,2.532179366330630232e-01,0.000000000000000000e+00,0.000000000000000000e+00,0.000000000000000000e+00,3.138579267007645113e-01,0.000000000000000000e+00,3.311886597301467727e-01,2.527199687314006793e-01,2.415570379091067088e-01,1.718753492071689870e-01,0.000000000000000000e+00,0.000000000000000000e+00,3.908694982528687079e-01,0.000000000000000000e+00,0.000000000000000000e+00,0.000000000000000000e+00,0.000000000000000000e+00,0.000000000000000000e+00,0.000000000000000000e+00,0.000000000000000000e+00,0.000000000000000000e+00,0.000000000000000000e+00,0.000000000000000000e+00,0.000000000000000000e+00,0.000000000000000000e+00,0.000000000000000000e+00,0.000000000000000000e+00,0.000000000000000000e+00,0.000000000000000000e+00,0.000000000000000000e+00,0.000000000000000000e+00,0.000000000000000000e+00,0.000000000000000000e+00,0.000000000000000000e+00,0.000000000000000000e+00,0.000000000000000000e+00,0.000000000000000000e+00,0.000000000000000000e+00,0.000000000000000000e+00,0.000000000000000000e+00,0.000000000000000000e+00,0.000000000000000000e+00,0.000000000000000000e+00,0.000000000000000000e+00,0.000000000000000000e+00,0.000000000000000000e+00,0.000000000000000000e+00,0.000000000000000000e+00,0.000000000000000000e+00
0.000000000000000000e+00,3.759788204260495204e-01,3.583386165630362830e-01,2.490072083226068933e-01,0.000000000000000000e+00,3.419220212453490948e-01,3.348907513057042262e-01,3.840626014876061811e-01,2.905903781934158214e-01,4.741057321745117958e-01,3.059175279983399887e-01,4.413601611004011049e-01,3.689251849213375789e-01,2.869677343604156161e-01,0.000000000000000000e+00,3.781165553008613012e-01,4.807931069328812979e-01,3.869825266458012947e-01,3.471811324375185248e-01,3.664169606333255724e-01,0.000000000000000000e+00,3.883685251481632239e-01,3.771943103913306117e-01,0.000000000000000000e+00,0.000000000000000000e+00,3.450523006949018923e-01,3.671801325272026073e-01,3.150059212499768946e-01,3.637490092327255731e-01,0.000000000000000000e+00,4.357638124801194168e-01,3.679613841647760841e-01,3.731857395032692204e-01,4.600049890811219733e-01,4.385022520687982817e-01,2.824244905325248856e-01,2.967882724128765859e-01,4.364477633620451047e-01,4.682300669200690768e-01,0.000000000000000000e+00,5.123464594257219895e-01,0.000000000000000000e+00,4.230632506462151943e-01,0.000000000000000000e+00,0.000000000000000000e+00,0.000000000000000000e+00,4.120992527589646959e-01,5.002504644846301751e-01,0.000000000000000000e+00,4.692404193469925100e-01,5.029333778539998301e-01,4.920304443839462194e-01,0.000000000000000000e+00,5.032101116439615662e-01,0.000000000000000000e+00,4.673145801032433932e-01,0.000000000000000000e+00,5.033184313446842362e-01,4.452344082659513980e-01,0.000000000000000000e+00,0.000000000000000000e+00,0.000000000000000000e+00,0.000000000000000000e+00,4.956395764426286821e-01,4.264592355435186111e-01,0.000000000000000000e+00,4.313311378121011952e-01,5.023671790982818797e-01,0.000000000000000000e+00,0.000000000000000000e+00,4.241611270150383861e-01,5.030760701329874962e-01,4.880029321430783273e-01,4.584892053689644809e-01,0.000000000000000000e+00,4.970444792009878765e-01
4.119824142805686984e-01,4.021960144575784102e-01,3.754685446287674977e-01,0.000000000000000000e+00,3.419220212453490948e-01,0.000000000000000000e+00,3.795463258201092760e-01,4.123464235064585037e-01,2.865688792560374121e-01,4.569770908900613882e-01,3.789997412403174892e-01,4.485617866647537144e-01,3.594941395098695813e-01,4.269094995876829834e-01,4.229800853519473103e-01,4.110287041347300829e-01,4.574539000357732976e-01,4.136445374237053274e-01,3.747897391657900035e-01,3.828599098237607246e-01,4.113787579308276210e-01,4.060897386058960890e-01,3.993024810084880860e-01,0.000000000000000000e+00,3.691339560175190271e-01,3.946744691116981785e-01,3.696539953256798849e-01,3.646432703485643079e-01,3.299059396714694170e-01,4.133518479436177895e-01,4.214043363101049877e-01,3.998844474324008136e-01,3.751318503344073796e-01,4.442392801133491775e-01,4.404701710502558210e-01,4.384841182069488807e-01,4.325943820438299947e-01,4.366580486727987265e-01,4.952098479039186985e-01,4.034154990195515933e-01,5.098341962156024421e-01,0.000000000000000000e+00,4.801347355232141179e-01,0.000000000000000000e+00,0.000000000000000000e+00,0.000000000000000000e+00,4.438334655636143045e-01,5.553299597456475833e-01,0.000000000000000000e+00,5.198402208389881762e-01,5.151289380713246491e-01,5.132889138668143003e-01,4.857266769808387119e-01,5.377708683196795736e-01,5.239906470867186083e-01,5.225853299100506888e-01,0.000000000000000000e+00,5.113779928314953205e-01,5.017880773319548515e-01,4.637228683532582107e-01,4.290353169819431933e-01,0.000000000000000000e+00,0.000000000000000000e+00,5.430904175212312168e-01,4.629544752719554901e-01,4.327840622996790843e-01,4.634467350870060121e-01,5.120091489107350124e-01,0.000000000000000000e+00,4.099645209998267759e-01,4.591870796372252150e-01,5.136398709887595171e-01,5.035433244138467490e-01,4.758034195543042189e-01,5.047421013451066640e-01,4.994143449962490933e-01
0.000000000000000000e+00,4.008942897429101926e-01,4.302091103102629877e-01,2.568511202620786804e-01,3.348907513057042262e-01,3.795463258201092760e-01,0.000000000000000000e+00,4.389537529775729974e-01,3.813359167423919227e-01,4.275052720680393992e-01,4.226020943536776264e-01,4.104499064180108236e-01,3.318387891990188798e-01,3.146632113848756851e-01,0.000000000000000000e+00,4.256883662259198786e-01,4.501969604624613264e-01,4.192874227327210157e-01,4.371754056170568115e-01,4.063173593792669958e-01,4.235578831784240217e-01,4.248376884781613905e-01,4.335609407927681902e-01,4.632818358197878239e-01,3.858286918203142069e-01,3.871923739837691003e-01,4.187934840836934902e-01,3.191945894473766088e-01,4.058777139351588126e-01,4.116928872210220969e-01,3.779969551853358256e-01,4.174043908816623127e-01,3.854455734550054080e-01,4.070930606720570277e-01,3.942968234848908127e-01,3.580351951144847833e-01,3.674216438940742790e-01,3.914277408453175067e-01,4.516170406433527851e-01,3.623772002209186827e-01,4.986671561776928052e-01,3.540700972080231268e-01,4.596608216346437792e-01,0.000000000000000000e+00,0.000000000000000000e+00,0.000000000000000000e+00,4.356007792448792770e-01,5.063785128029238969e-01,0.000000000000000000e+00,4.938888656779619746e-01,5.113466139584681436e-01,5.090498007411277115e-01,4.816075871885404092e-01,5.147414089441656460e-01,0.000000000000000000e+00,4.744796102520287273e-01,4.543468752363332142e-01,5.053782970565703359e-01,4.606015345830554164e-01,0.000000000000000000e+00,4.264646146710229235e-01,0.000000000000000000e+00,0.000000000000000000e+00,5.039530834767034229e-01,4.668029311414018112e-01,0.000000000000000000e+00,4.534064623916221892e-01,5.109646636621348881e-01,0.000000000000000000e+00,4.305713228525948066e-01,4.419533017783872086e-01,5.082949622046160076e-01,5.015409988972132638e-01,4.808757094007279909e-01,0.000000000000000000e+00,5.107496286068096136e-01
5.190061167141861720e-01,4.507269076840397792e-01,4.287353828073990902e-01,3.995773292266175947e-01,3.840626014876061811e-01,4.123464235064585037e-01,4.389537529775729974e-01,0.000000000000000000e+00,4.477572768818440796e-01,4.811122222147932170e-01,3.589813411136105192e-01,5.075068564715434771e-01,4.445824525820529227e-01,4.036204533778265935e-01,4.477880114625333863e-01,4.678284943761643055e-01,4.916783876914145868e-01,4.718804337017493133e-01,3.988690473850696749e-01,4.015613324310526866e-01,4.115058575532551943e-01,4.220389619743120102e-01,3.445975653418156814e-01,5.179712512003057379e-01,4.733508597348934921e-01,4.812900884937457158e-01,4.330414690115150789e-01,4.201350006639216761e-01,3.775618988266393194e-01,3.971633392234161231e-01,4.137713273952322024e-01,3.683275377430744735e-01,4.278697029040158806e-01,4.479655295676114868e-01,4.490725457390706832e-01,3.968705814479637217e-01,4.353165305573901134e-01,4.910431200528885265e-01,4.761204422973148165e-01,0.000000000000000000e+00,5.096652343501747451e-01,0.000000000000000000e+00,4.269365981959172274e-01,0.000000000000000000e+00,0.000000000000000000e+00,0.000000000000000000e+00,4.694671489775292250e-01,5.319615102631335413e-01,0.000000000000000000e+00,4.917153527725419138e-01,4.860335130300619810e-01,4.885482338377412082e-01,4.483775122453125817e-01,5.136297089065977595e-01,5.042579077160292966e-01,4.698453207739344273e-01,0.000000000000000000e+00,4.904227277394275775e-01,4.577297919773175017e-01,4.838072435390963211e-01,0.000000000000000000e+00,0.000000000000000000e+00,0.000000000000000000e+00,5.138724918646575546e-01,4.740894868069829848e-01,4.440406234688815124e-01,4.832628379490149229e-01,4.841887578620949206e-01,0.000000000000000000e+00,4.861836674377447154e-01,4.881643209065457123e-01,5.025927974549726507e-01,4.800670982506509143e-01,4.637312309453124892e-01,0.000000000000000000e+00,4.866684480015889269e-01
0.000000000000000000e+00,3.790260720214577161e-01,2.773907826889389083e-01,3.839096015885858915e-01,2.905903781934158214e-01,2.865688792560374121e-01,3.813359167423919227e-01,4.477572768818440796e-01,0.000000000000000000e+00,4.760340978262542211e-01,2.725156811134817891e-01,4.555973329317983822e-01,3.855172851152626756e-01,3.923404949184752799e-01,0.000000000000000000e+00,4.089634982034970889e-01,4.736346079409414211e-01,4.458526455894660234e-01,2.590329615568244814e-01,3.654806815400841180e-01,0.000000000000000000e+00,3.915844746149775846e-01,4.004919428907935952e-01,4.579055153362002750e-01,4.079995725824442920e-01,4.099632390899282108e-01,3.433390208823305922e-01,4.423770685120708146e-01,3.822822144672609057e-01,4.336018257085447747e-01,4.498830238783247948e-01,4.288467431446030820e-01,4.260718421449035120e-01,4.628269806938830055e-01,4.499761572287007128e-01,4.168121686490989242e-01,4.468041985328073951e-01,4.455949302127050204e-01,4.977882787233546824e-01,4.029481420919764911e-01,5.246420071023035758e-01,0.000000000000000000e+00,4.917664021217348913e-01,0.000000000000000000e+00,4.279431198349313847e-01,0.000000000000000000e+00,4.339213473781374231e-01,5.162249853812509448e-01,0.000000000000000000e+00,5.147689525173057001e-01,5.282579942992661204e-01,5.187700280243146000e-01,5.265486997884272213e-01,5.386905640352999125e-01,5.209887190813625724e-01,5.236181136957211990e-01,4.729853079550275230e-01,5.192856675901654784e-01,5.160968138360670920e-01,0.000000000000000000e+00,0.000000000000000000e+00,0.000000000000000000e+00,0.000000000000000000e+00,5.380295864453030763e-01,4.388172745029739197e-01,0.000000000000000000e+00,4.353665748772447275e-01,5.321379587430692393e-01,0.000000000000000000e+00,0.000000000000000000e+00,4.545726441166187959e-01,5.392324149659695198e-01,5.139239953353761381e-01,4.730367726644318926e-01,0.000000000000000000e+00,5.194635763459889422e-01
3.904053750146362911e-01,3.469415736473476231e-01,4.675551107389583905e-01,0.000000000000000000e+00,4.741057321745117958e-01,4.569770908900613882e-01,4.275052720680393992e-01,4.811122222147932170e-01,4.760340978262542211e-01,0.000000000000000000e+00,4.775579781571661075e-01,2.716941892246472201e-01,4.368000728492438256e-01,4.718177131086784826e-01,0.000000000000000000e+00,3.819626261939830791e-01,3.393820740825834181e-01,3.548586153233903029e-01,4.820633364146337807e-01,4.124961071733908025e-01,4.637979436050633231e-01,3.958970306130851768e-01,4.667436326448756168e-01,3.652247856317505925e-01,2.959961350552315906e-01,2.963326269773602917e-01,4.567407447722007796e-01,4.076940277103016097e-01,4.186724676850818172e-01,4.411347947326004215e-01,3.502458984325630964e-01,3.971086599844000919e-01,3.409174020318890275e-01,3.411985242990718814e-01,3.172276469186804948e-01,3.793093913326546218e-01,2.887663005539595762e-01,3.517119332103973983e-01,3.373515847779364751e-01,5.518823950821581947e-01,4.132942787953893804e-01,0.000000000000000000e+00,4.727818545152449037e-01,2.624556422233582098e-01,4.988866529367063096e-01,3.771242751310043828e-01,4.153992002282996809e-01,5.093135947314537670e-01,0.000000000000000000e+00,0.000000000000000000e+00,5.172074852554718882e-01,0.000000000000000000e+00,0.000000000000000000e+00,0.000000000000000000e+00,4.895504916503358173e-01,0.000000000000000000e+00,4.828090933062643142e-01,0.000000000000000000e+00,0.000000000000000000e+00,0.000000000000000000e+00,4.448447383801941157e-01,4.957118206255021198e-01,4.645701911540395801e-01,0.000000000000000000e+00,0.000000000000000000e+00,0.000000000000000000e+00,4.549509952394046874e-01,5.219038299910521150e-01,4.402630832624938040e-01,4.629819684688866177e-01,4.648635302099374256e-01,5.175798232456104708e-01,0.000000000000000000e+00,4.927897169245574749e-01,0.000000000000000000e+00,4.815867392774179079e-01
0.000000000000000000e+00,0.000000000000000000e+00,3.073343483097972784e-01,3.325689439673237269e-01,3.059175279983399887e-01,3.789997412403174892e-01,4.226020943536776264e-01,3.589813411136105192e-01,2.725156811134817891e-01,4.775579781571661075e-01,0.000000000000000000e+00,4.613675344282688884e-01,4.510351239780959753e-01,2.922689480962126218e-01,0.000000000000000000e+00,0.000000000000000000e+00,4.790476745951353088e-01,4.817426871871332006e-01,2.692311514472289224e-01,0.000000000000000000e+00,0.000000000000000000e+00,0.000000000000000000e+00,3.328291549485875023e-01,0.000000000000000000e+00,4.657775843837360097e-01,4.681954521998207275e-01,3.685266417259224769e-01,4.456191648456929166e-01,0.000000000000000000e+00,0.000000000000000000e+00,4.710552236144234239e-01,3.956857471854666186e-01,4.540483899051099836e-01,4.708985480942775026e-01,4.498323833894071200e-01,2.968204641588266801e-01,3.680127511217933800e-01,4.416864203487496088e-01,4.255080225036744213e-01,3.778458881858212104e-01,4.795045090106335173e-01,0.000000000000000000e+00,4.325344378406030255e-01,0.000000000000000000e+00,0.000000000000000000e+00,0.000000000000000000e+00,0.000000000000000000e+00,3.126680704887038198e-01,0.000000000000000000e+00,3.413501681733033255e-01,5.135534957704609438e-01,4.233447759749098260e-01,4.833518430249713060e-01,4.157999262190613110e-01,4.565169267210216764e-01,2.377766194552576873e-01,4.776001082654650065e-01,4.536583751155870980e-01,4.158794949066059732e-01,0.000000000000000000e+00,0.000000000000000000e+00,0.000000000000000000e+00,0.000000000000000000e+00,2.864111127022119785e-01,0.000000000000000000e+00,0.000000000000000000e+00,0.000000000000000000e+00,5.038711962323233484e-01,0.000000000000000000e+00,0.000000000000000000e+00,0.000000000000000000e+00,5.103846398019885600e-01,4.532186500834298748e-01,4.339937021191099253e-01,0.000000000000000000e+00,4.773416503375915165e-01
3.857135213220461156e-01,3.612232407797886236e-01,4.467766872853908833e-01,0.000000000000000000e+00,4.413601611004011049e-01,4.485617866647537144e-01,4.104499064180108236e-01,5.075068564715434771e-01,4.555973329317983822e-01,2.716941892246472201e-01,4.613675344282688884e-01,0.000000000000000000e+00,4.326508931418843740e-01,3.033660650253295898e-01,0.000000000000000000e+00,3.737566644578654840e-01,3.559191876274245825e-01,3.543995659085696914e-01,4.690805368011697896e-01,0.000000000000000000e+00,4.739609296465632782e-01,0.000000000000000000e+00,4.876154285982435277e-01,2.814750995811974854e-01,3.138288471811849778e-01,3.081990104104809225e-01,4.509349206240056973e-01,3.991436387487122261e-01,0.000000000000000000e+00,0.000000000000000000e+00,3.661230347500142868e-01,2.836343755136440103e-01,3.520115675309262726e-01,3.004789292617193741e-01,2.854045394758421006e-01,3.089120839072310165e-01,2.446540783434235089e-01,3.556143674926480758e-01,2.631475501053310850e-01,5.151957862178253578e-01,2.988066470098387772e-01,2.529922772467245728e-01,2.785937786102294922e-01,2.200165414910547901e-01,4.374634485499058756e-01,3.536605266093300060e-01,0.000000000000000000e+00,0.000000000000000000e+00,0.000000000000000000e+00,0.000000000000000000e+00,0.000000000000000000e+00,0.000000000000000000e+00,0.000000000000000000e+00,0.000000000000000000e+00,4.770340884714402985e-01,0.000000000000000000e+00,4.643316683586348748e-01,0.000000000000000000e+00,0.000000000000000000e+00,0.000000000000000000e+00,4.400296661033922252e-01,4.868094389546018808e-01,4.521235808860640248e-01,0.000000000000000000e+00,0.000000000000000000e+00,0.000000000000000000e+00,0.000000000000000000e+00,4.955613301398913983e-01,3.984335573871172209e-01,4.519417671010231841e-01,4.427728520927549094e-01,5.053956822153047312e-01,0.000000000000000000e+00,5.105215101265194733e-01,0.000000000000000000e+00,4.743347300631439167e-01
4.180770402458786061e-01,4.221064206772979222e-01,4.409781596728095110e-01,2.947780636341714167e-01,3.689251849213375789e-01,3.594941395098695813e-01,3.318387891990188798e-01,4.445824525820529227e-01,3.855172851152626756e-01,4.368000728492438256e-01,4.510351239780959753e-01,4.326508931418843740e-01,0.000000000000000000e+00,3.850281086558554056e-01,4.419978015792490056e-01,4.500602955915927739e-01,4.524387614939229807e-01,4.358759728981274062e-01,4.555001289945432852e-01,4.205641731331988820e-01,4.427023526935625064e-01,4.397519420596457951e-01,4.340435797118284977e-01,4.431466168522658067e-01,4.083766418313488078e-01,4.089540758030784096e-01,4.293279859474017912e-01,3.310967020605872224e-01,3.846331201398249244e-01,3.795942495186980237e-01,3.969648921382750162e-01,4.352730323934436152e-01,4.074270711907901910e-01,4.286199417643620224e-01,4.195444459681184068e-01,4.167650338578257063e-01,4.249314658479154128e-01,4.080780109981714809e-01,4.734356716583957847e-01,4.073718871871068736e-01,4.993311610039719017e-01,5.202321959780997762e-01,4.801305641894992871e-01,0.000000000000000000e+00,3.887716531753540039e-01,4.390695891589624922e-01,4.479511501976736199e-01,5.246610069843735680e-01,0.000000000000000000e+00,5.085464996694762929e-01,5.158900675422547488e-01,5.093071983486595622e-01,4.942145754722068740e-01,5.288991481031776187e-01,0.000000000000000000e+00,5.005350902434710925e-01,4.656904118448593199e-01,5.122748064794884204e-01,4.724136100461004961e-01,4.747009579945852820e-01,4.449989946493767001e-01,0.000000000000000000e+00,4.663300678172290770e-01,5.223549441652661773e-01,4.886239857733302161e-01,4.629914952999231725e-01,4.598984207707569882e-01,5.140438280145480654e-01,0.000000000000000000e+00,4.534565875611735186e-01,4.578842559937790213e-01,5.133930964598355517e-01,5.121153124913685462e-01,4.884144229232519896e-01,0.000000000000000000e+00,5.009988845272788094e-01
4.918865667013869736e-01,0.000000000000000000e+00,3.981244707010602180e-01,2.874169299141273726e-01,2.869677343604156161e-01,4.269094995876829834e-01,3.146632113848756851e-01,4.036204533778265935e-01,3.923404949184752799e-01,4.718177131086784826e-01,2.922689480962126218e-01,3.033660650253295898e-01,3.850281086558554056e-01,0.000000000000000000e+00,0.000000000000000000e+00,0.000000000000000000e+00,0.000000000000000000e+00,0.000000000000000000e+00,3.687327507995831199e-01,0.000000000000000000e+00,0.000000000000000000e+00,0.000000000000000000e+00,3.838286998911555892e-01,0.000000000000000000e+00,0.000000000000000000e+00,4.526270440448273980e-01,4.253160626832144797e-01,2.935868679012278992e-01,0.000000000000000000e+00,0.000000000000000000e+00,4.123581198285318772e-01,3.411048780431656935e-01,0.000000000000000000e+00,4.361791623548558205e-01,0.000000000000000000e+00,2.487968309493633901e-01,1.868375633060427032e-01,0.000000000000000000e+00,4.379488755847156245e-01,0.000000000000000000e+00,0.000000000000000000e+00,0.000000000000000000e+00,4.731434637678280097e-01,0.000000000000000000e+00,0.000000000000000000e+00,0.000000000000000000e+00,0.000000000000000000e+00,4.914230368448653796e-01,0.000000000000000000e+00,3.849441669726019200e-01,0.000000000000000000e+00,0.000000000000000000e+00,0.000000000000000000e+00,5.454507817664178138e-01,0.000000000000000000e+00,4.570765476182755971e-01,0.000000000000000000e+00,0.000000000000000000e+00,4.034322138206301034e-01,0.000000000000000000e+00,0.000000000000000000e+00,0.000000000000000000e+00,0.000000000000000000e+00,4.763342517208289939e-01,0.000000000000000000e+00,0.000000000000000000e+00,0.000000000000000000e+00,0.000000000000000000e+00,0.000000000000000000e+00,0.000000000000000000e+00,0.000000000000000000e+00,4.834695997346554197e-01,0.000000000000000000e+00,0.000000000000000000e+00,0.000000000000000000e+00,0.000000000000000000e+00
3.666299854096052857e-01,4.401578372428098795e-01,0.000000000000000000e+00,0.000000000000000000e+00,0.000000000000000000e+00,4.229800853519473103e-01,0.000000000000000000e+00,4.477880114625333863e-01,0.000000000000000000e+00,0.000000000000000000e+00,0.000000000000000000e+00,0.000000000000000000e+00,4.419978015792490056e-01,0.000000000000000000e+00,0.000000000000000000e+00,4.344554219311521082e-01,0.000000000000000000e+00,4.120282146505733212e-01,0.000000000000000000e+00,2.840914202518042830e-01,3.796367260230876228e-01,3.636759881460118748e-01,3.874628144136070262e-01,4.357777343938444847e-01,4.033463169592588216e-01,3.853177913969423884e-01,3.966891571098727920e-01,4.277569478128701030e-01,4.069125474677933729e-01,0.000000000000000000e+00,4.173081742793716131e-01,4.497165059511175067e-01,4.080030065097808856e-01,4.320717300352205914e-01,4.657244365720525914e-01,4.641835327712259818e-01,0.000000000000000000e+00,0.000000000000000000e+00,5.071509656016288670e-01,4.793402546828551825e-01,4.992406460171304738e-01,5.194815672609707224e-01,4.111318554032182271e-01,0.000000000000000000e+00,0.000000000000000000e+00,4.462314331208733775e-01,5.059028618252425780e-01,0.000000000000000000e+00,0.000000000000000000e+00,0.000000000000000000e+00,4.655501540617484890e-01,0.000000000000000000e+00,5.050266612952966083e-01,0.000000000000000000e+00,0.000000000000000000e+00,0.000000000000000000e+00,0.000000000000000000e+00,4.840879519587035773e-01,0.000000000000000000e+00,5.110179785545363451e-01,4.827233718179488875e-01,0.000000000000000000e+00,4.813828476482219232e-01,0.000000000000000000e+00,4.905694045657220115e-01,4.894056725147796216e-01,5.255646476553959001e-01,5.033121243353679830e-01,0.000000000000000000e+00,4.606919042082744942e-01,5.275374040622995420e-01,5.020245592638550303e-01,4.872051171241756906e-01,4.734610156230252276e-01,0.000000000000000000e+00,4.823620332968562852e-01
4.006770163500654736e-01,3.966803012649630089e-01,0.000000000000000000e+00,0.000000000000000000e+00,3.781165553008613012e-01,4.110287041347300829e-01,4.256883662259198786e-01,4.678284943761643055e-01,4.089634982034970889e-01,3.819626261939830791e-01,0.000000000000000000e+00,3.737566644578654840e-01,4.500602955915927739e-01,0.000000000000000000e+00,4.344554219311521082e-01,0.000000000000000000e+00,3.947644206832426894e-01,3.519391873386681913e-01,0.000000000000000000e+00,4.103617902010319174e-01,4.313930258317191790e-01,3.808497295540317906e-01,4.476890883511053798e-01,3.746761952304226151e-01,3.749376181666381758e-01,4.067405622367761264e-01,4.340730967553214081e-01,4.361226512716175896e-01,4.300247699105959054e-01,4.278678990169911267e-01,3.753138875520825035e-01,4.534109703972692973e-01,3.731466834034600777e-01,3.935510992210641823e-01,4.282426084765044161e-01,0.000000000000000000e+00,0.000000000000000000e+00,3.118606695962499176e-01,4.786940053767432812e-01,4.595849839048922192e-01,4.533192350659561165e-01,4.602900696583395734e-01,4.047873078456594165e-01,0.000000000000000000e+00,0.000000000000000000e+00,4.579174048639407801e-01,4.744878957475598957e-01,0.000000000000000000e+00,0.000000000000000000e+00,0.000000000000000000e+00,4.257300724341678277e-01,4.169775986956372749e-01,0.000000000000000000e+00,0.000000000000000000e+00,4.410899952644369848e-01,0.000000000000000000e+00,4.380080712145271726e-01,4.385248194164910740e-01,0.000000000000000000e+00,4.813715483816655150e-01,4.649022935276659885e-01,4.491589892125957828e-01,4.594173858566535928e-01,0.000000000000000000e+00,4.485764252181904110e-01,4.567088445996549950e-01,4.746404087874008804e-01,4.794252516520319252e-01,0.000000000000000000e+00,4.606730531075823865e-01,4.779932462025057172e-01,4.725593725629885777e-01,4.488992211355294915e-01,4.498085324346068892e-01,0.000000000000000000e+00,4.434275640061253743e-01
3.663823703930271236e-01,3.880059366519413855e-01,4.789568047996565769e-01,0.000000000000000000e+00,4.807931069328812979e-01,4.574539000357732976e-01,4.501969604624613264e-01,4.916783876914145868e-01,4.736346079409414211e-01,3.393820740825834181e-01,4.790476745951353088e-01,3.559191876274245825e-01,4.524387614939229807e-01,0.000000000000000000e+00,0.000000000000000000e+00,3.947644206832426894e-01,0.000000000000000000e+00,3.388260892440357885e-01,4.829943442117758945e-01,4.003009142281083732e-01,4.418563775535346849e-01,4.096310370891838026e-01,4.604033052085164113e-01,3.716839228587763833e-01,3.239415892320168244e-01,3.540874245353567984e-01,4.468031113209993133e-01,4.266783630926371251e-01,4.055509317237637745e-01,4.386013279584726199e-01,3.647019563321303171e-01,4.357470913255919176e-01,3.527637607742314940e-01,3.818815895036090091e-01,3.699877579197061728e-01,4.693090228322674973e-01,4.301849007606505793e-01,3.610825642721173789e-01,4.771002569062773868e-01,5.213933241809011188e-01,4.702061790144533848e-01,0.000000000000000000e+00,0.000000000000000000e+00,0.000000000000000000e+00,4.066286599207228902e-01,0.000000000000000000e+00,4.362985964986436094e-01,0.000000000000000000e+00,0.000000000000000000e+00,0.000000000000000000e+00,0.000000000000000000e+00,0.000000000000000000e+00,0.000000000000000000e+00,0.000000000000000000e+00,4.832648032925144221e-01,0.000000000000000000e+00,4.629925561896310882e-01,0.000000000000000000e+00,0.000000000000000000e+00,0.000000000000000000e+00,4.502885876720352787e-01,4.860428576109142029e-01,4.726103132991478217e-01,0.000000000000000000e+00,0.000000000000000000e+00,0.000000000000000000e+00,4.455384996798466002e-01,0.000000000000000000e+00,4.123449211115802204e-01,4.629275759993841111e-01,4.633852624939738263e-01,0.000000000000000000e+00,0.000000000000000000e+00,0.000000000000000000e+00,0.000000000000000000e+00,4.686663138300057874e-01
3.631967592428175240e-01,3.936740310977113189e-01,4.652236599419706242e-01,0.000000000000000000e+00,3.869825266458012947e-01,4.136445374237053274e-01,4.192874227327210157e-01,4.718804337017493133e-01,4.458526455894660234e-01,3.548586153233903029e-01,4.817426871871332006e-01,3.543995659085696914e-01,4.358759728981274062e-01,0.000000000000000000e+00,4.120282146505733212e-01,3.519391873386681913e-01,3.388260892440357885e-01,0.000000000000000000e+00,4.769818633088295234e-01,4.096247753316484275e-01,4.122192136740898127e-01,4.103826334542423071e-01,4.442203062936505020e-01,3.441259154599546899e-01,3.437961485619738800e-01,3.592296500424568828e-01,4.256605766187639972e-01,4.238201972969700138e-01,4.303872617171691228e-01,4.075458062506631118e-01,3.649275870610004802e-01,4.354646146765159820e-01,3.463089830162949245e-01,3.809939145993008203e-01,3.855812223686082008e-01,4.980477827324845119e-01,0.000000000000000000e+00,3.481622663655237759e-01,4.728207077135279102e-01,4.608986442723908006e-01,4.434064180565726043e-01,4.509467861373330222e-01,3.764641216148059133e-01,0.000000000000000000e+00,4.093478322029113770e-01,4.259302503945491813e-01,4.602588674621134190e-01,0.000000000000000000e+00,0.000000000000000000e+00,0.000000000000000000e+00,4.252791599534306854e-01,4.296911437656267263e-01,4.832587314123967248e-01,0.000000000000000000e+00,4.585349817363312819e-01,0.000000000000000000e+00,4.378587963622749824e-01,4.266644183619963115e-01,0.000000000000000000e+00,4.506654871699775078e-01,4.576750306719408190e-01,4.658372438670708160e-01,4.564929609062112759e-01,0.000000000000000000e+00,4.305990884008100150e-01,4.533091050815393208e-01,4.494419111610474804e-01,4.696812806713264177e-01,3.952975369944737860e-01,4.500568276212171814e-01,4.539236638797684020e-01,4.790722168874587128e-01,4.191934648981042733e-01,4.448243935411025918e-01,0.000000000000000000e+00,4.406756956083409116e-01
0.000000000000000000e+00,0.000000000000000000e+00,2.601365685661278793e-01,3.607468008995056152e-01,3.471811324375185248e-01,3.747897391657900035e-01,4.371754056170568115e-01,3.988690473850696749e-01,2.590329615568244814e-01,4.820633364146337807e-01,2.692311514472289224e-01,4.690805368011697896e-01,4.555001289945432852e-01,3.687327507995831199e-01,0.000000000000000000e+00,0.000000000000000000e+00,4.829943442117758945e-01,4.769818633088295234e-01,0.000000000000000000e+00,0.000000000000000000e+00,0.000000000000000000e+00,0.000000000000000000e+00,3.429543815125027928e-01,0.000000000000000000e+00,0.000000000000000000e+00,4.690414524681060238e-01,3.437433347192567767e-01,4.563531263851218212e-01,4.011106265689762251e-01,4.449818908522222838e-01,4.651536746284494761e-01,4.202881859469423942e-01,4.455957142385282843e-01,4.759456516949541194e-01,4.561157516832700098e-01,3.782619503211234191e-01,4.503990433075661937e-01,4.549255839144569213e-01,4.740731419591867057e-01,3.861634004388920238e-01,5.234556325643752173e-01,0.000000000000000000e+00,4.622913581674182870e-01,0.000000000000000000e+00,0.000000000000000000e+00,0.000000000000000000e+00,0.000000000000000000e+00,4.073722995756002274e-01,0.000000000000000000e+00,4.896426852515233796e-01,5.296344374982625558e-01,5.050234059743544668e-01,5.228897986731587677e-01,5.275740854404524782e-01,0.000000000000000000e+00,3.911405473386971865e-01,0.000000000000000000e+00,5.129018351326257719e-01,4.850599085494208818e-01,0.000000000000000000e+00,0.000000000000000000e+00,0.000000000000000000e+00,0.000000000000000000e+00,5.226981909781465152e-01,4.413056400233991150e-01,0.000000000000000000e+00,0.000000000000000000e+00,5.225108870880305068e-01,0.000000000000000000e+00,0.000000000000000000e+00,0.000000000000000000e+00,5.382640496488396709e-01,5.040800953947832674e-01,4.668631434333677110e-01,0.000000000000000000e+00,5.257494306535038797e-01
4.267180520933406829e-01,4.313827451971044002e-01,0.000000000000000000e+00,0.000000000000000000e+00,3.664169606333255724e-01,3.828599098237607246e-01,4.063173593792669958e-01,4.015613324310526866e-01,3.654806815400841180e-01,4.124961071733908025e-01,0.000000000000000000e+00,0.000000000000000000e+00,4.205641731331988820e-01,0.000000000000000000e+00,2.840914202518042830e-01,4.103617902010319174e-01,4.003009142281083732e-01,4.096247753316484275e-01,0.000000000000000000e+00,0.000000000000000000e+00,4.177440715401536941e-01,3.573755420992862919e-01,2.548883025699660854e-01,4.768348939854469837e-01,3.985985961857185789e-01,4.315026171724444248e-01,3.468623091349232190e-01,3.841724287889108913e-01,3.323967083543634127e-01,3.770325266080833959e-01,3.784878071089824991e-01,4.339140428235164215e-01,3.717074440693260984e-01,4.079229991333421235e-01,4.547701383260793762e-01,4.936984252219343006e-01,4.624943066008826986e-01,3.653796804170751922e-01,4.742271994290446213e-01,4.172838975468097233e-01,4.896262922228744041e-01,4.895145190197353058e-01,3.924310200155314843e-01,0.000000000000000000e+00,0.000000000000000000e+00,0.000000000000000000e+00,4.338191249501638924e-01,0.000000000000000000e+00,0.000000000000000000e+00,0.000000000000000000e+00,4.562399258470049013e-01,4.553296415982179268e-01,4.841877380169992140e-01,4.116344036847960908e-01,0.000000000000000000e+00,0.000000000000000000e+00,0.000000000000000000e+00,4.786527718641335749e-01,0.000000000000000000e+00,4.850847952488365755e-01,4.466693976755233830e-01,0.000000000000000000e+00,4.582150524432069272e-01,0.000000000000000000e+00,4.737233969028766811e-01,4.818083165072103990e-01,4.855153050840789741e-01,5.013413931381813793e-01,0.000000000000000000e+00,4.432704632063785843e-01,4.620610826994197007e-01,4.962458566207161859e-01,4.934708849291469246e-01,4.761771273605813759e-01,4.770612325120823227e-01,4.726318741318307204e-01
4.178997722588211894e-01,4.413057476874248097e-01,0.000000000000000000e+00,0.000000000000000000e+00,0.000000000000000000e+00,4.113787579308276210e-01,4.235578831784240217e-01,4.115058575532551943e-01,0.000000000000000000e+00,4.637979436050633231e-01,0.000000000000000000e+00,4.739609296465632782e-01,4.427023526935625064e-01,0.000000000000000000e+00,3.796367260230876228e-01,4.313930258317191790e-01,4.418563775535346849e-01,4.122192136740898127e-01,0.000000000000000000e+00,4.177440715401536941e-01,0.000000000000000000e+00,4.532207448494470770e-01,3.854345245831612976e-01,4.672717623406876242e-01,4.126997181006251125e-01,3.942586583679847934e-01,4.079734941617311761e-01,4.452214720204318854e-01,4.118250937179562809e-01,4.485272514792311149e-01,4.118175824598426238e-01,4.612080135426301908e-01,4.105618562170516017e-01,4.301764955590652861e-01,4.776119534504578157e-01,0.000000000000000000e+00,0.000000000000000000e+00,4.885871091359659801e-01,4.802580816185160195e-01,4.578871506076194753e-01,4.624038893308619058e-01,4.771010050347052056e-01,4.215995817963226755e-01,0.000000000000000000e+00,0.000000000000000000e+00,3.331885627343414980e-01,4.874900373794219810e-01,0.000000000000000000e+00,0.000000000000000000e+00,0.000000000000000000e+00,0.000000000000000000e+00,0.000000000000000000e+00,4.297906639509945781e-01,0.000000000000000000e+00,0.000000000000000000e+00,0.000000000000000000e+00,0.000000000000000000e+00,0.000000000000000000e+00,0.000000000000000000e+00,4.676147999487568208e-01,4.585162746033221159e-01,0.000000000000000000e+00,4.486029037909778916e-01,0.000000000000000000e+00,4.674333717847202752e-01,3.860270313159803734e-01,5.009884303594637212e-01,4.789321197333175073e-01,3.172043260924761743e-01,4.235398916282839266e-01,4.963165064528003989e-01,4.851623683752767091e-01,4.819611603727149141e-01,4.587416493270407014e-01,0.000000000000000000e+00,4.521720190271029116e-01
