0.000000000000000000e+00,3.454093311346165263e-01,3.615417072746108795e-01,0.000000000000000000e+00,0.000000000000000000e+00,4.015118871041165050e-01,0.000000000000000000e+00,4.998878787052002948e-01,0.000000000000000000e+00,3.664048736147412777e-01,0.000000000000000000e+00,3.742582340531234730e-01,4.178032975485808098e-01,0.000000000000000000e+00,3.864117769720256113e-01,3.582327840549264231e-01,3.515238122504719120e-01,3.335084146728833909e-01,0.000000000000000000e+00,4.151498790639365777e-01,3.941045841540378736e-01,3.915401256722714218e-01,4.270524580938713788e-01,3.086990897231832176e-01,3.250900932140656230e-01,3.436578520430946804e-01,4.266421923394901894e-01,4.377373713438844072e-01,4.200433108000322102e-01,0.000000000000000000e+00,3.367484038239186850e-01,3.988057622807348879e-01,2.782459321444398226e-01,3.291977304329559151e-01,4.119981238288913938e-01,0.000000000000000000e+00,4.338646233081818182e-01,3.945298652815725227e-01,4.213413756016263223e-01,3.713743562564326139e-01,3.827369428217113900e-01,4.264483651810476172e-01,4.829612672328948975e-01,0.000000000000000000e+00,3.733984529972075861e-01,3.421600978637734936e-01,4.157889926789031243e-01,0.000000000000000000e+00,0.000000000000000000e+00,0.000000000000000000e+00,0.000000000000000000e+00,0.000000000000000000e+00,4.323593860979011994e-01,0.000000000000000000e+00,3.863767877357627833e-01,0.000000000000000000e+00,3.643509166905690155e-01,0.000000000000000000e+00,0.000000000000000000e+00,4.506138517797699250e-01,4.009885738345593253e-01,3.720243048764172999e-01,3.843091136184083045e-01,0.000000000000000000e+00,4.085209245700521796e-01,3.718353169512623180e-01,4.306616084150042822e-01,4.188593734078113195e-01,2.425224228361075041e-01,3.873175499788650833e-01,4.170777047859332010e-01,4.401317915676747905e-01,0.000000000000000000e+00,3.774825217738170258e-01,0.000000000000000000e+00,3.808478070469852872e-01
3.454093311346165263e-01,0.000000000000000000e+00,3.524756744293037203e-01,0.000000000000000000e+00,3.549480993925313022e-01,3.562463194545479883e-01,3.726129009629404742e-01,4.427089523785269209e-01,3.491639131040060184e-01,3.306516379884287815e-01,0.000000000000000000e+00,0.000000000000000000e+00,3.849302457739897099e-01,0.000000000000000000e+00,3.978687199314355771e-01,3.896054192942317029e-01,3.506202436504243236e-01,3.552141538942655274e-01,0.000000000000000000e+00,4.060100318824272914e-01,3.896289591450574075e-01,3.975091356717614932e-01,3.835974693250231993e-01,3.349078715707671794e-01,3.329075602963119107e-01,3.911986842767057881e-01,3.840902472779880172e-01,4.087235637885123229e-01,3.864398702680850728e-01,0.000000000000000000e+00,3.632651600006803760e-01,4.153178511651224869e-01,3.143237598150397938e-01,3.584555392511983851e-01,4.289573753223859254e-01,4.861705789182810822e-01,0.000000000000000000e+00,0.000000000000000000e+00,4.163521621623721969e-01,3.806025974186091898e-01,3.913650244092131136e-01,4.204876765072795841e-01,3.788310813033345936e-01,0.000000000000000000e+00,0.000000000000000000e+00,3.964050800847491729e-01,4.116510239859036968e-01,0.000000000000000000e+00,0.000000000000000000e+00,0.000000000000000000e+00,3.981944093464832024e-01,4.134645113396361871e-01,4.593286752333484158e-01,4.247093491538745935e-01,3.410838585671879253e-01,0.000000000000000000e+00,0.000000000000000000e+00,4.080817484219640967e-01,0.000000000000000000e+00,4.399200206741402108e-01,4.023161610945368838e-01,3.814952316338167115e-01,3.952018529991284113e-01,0.000000000000000000e+00,4.020475382924865726e-01,4.209503724136821057e-01,4.144118105202072022e-01,4.333841461447909826e-01,3.855777399856408771e-01,3.960026510471386096e-01,4.287551511113131819e-01,4.314860321618820271e-01,4.095016211008430940e-01,4.001662261775417728e-01,0.000000000000000000e+00,3.901907748517920993e-01
3.615417072746108795e-01,3.524756744293037203e-01,0.000000000000000000e+00,3.341804825309485083e-01,3.512261787251876877e-01,3.636219307135988843e-01,3.654731830873090836e-01,3.919462377817791165e-01,3.239131756096337855e-01,3.912065349216010124e-01,3.018016469586842221e-01,0.000000000000000000e+00,3.839031964111946915e-01,3.542303007577419227e-01,3.499023783194201154e-01,3.840872223189127910e-01,0.000000000000000000e+00,0.000000000000000000e+00,2.690555845966753901e-01,3.689337954726442104e-01,3.685063407684662229e-01,3.851609050025732728e-01,3.302265313944960923e-01,0.000000000000000000e+00,3.388771757693375131e-01,3.851962756511267960e-01,3.308434791130857033e-01,3.793917819731832952e-01,3.476490231322668101e-01,3.848413798590245016e-01,3.912929780255957057e-01,3.716887380315840872e-01,3.223211371615233856e-01,3.944475923907864168e-01,4.007207178345121856e-01,3.483635123930284849e-01,3.742091339705492237e-01,0.000000000000000000e+00,4.734960262727592184e-01,0.000000000000000000e+00,4.863609660478415142e-01,0.000000000000000000e+00,4.438344753859810865e-01,0.000000000000000000e+00,0.000000000000000000e+00,0.000000000000000000e+00,0.000000000000000000e+00,4.344518397732871073e-01,0.000000000000000000e+00,4.404369052045031818e-01,5.072566405742240381e-01,4.867098305125391877e-01,4.877593182349341805e-01,5.015456253980649093e-01,0.000000000000000000e+00,2.982461407842217915e-01,0.000000000000000000e+00,4.851036151496436188e-01,3.999139272320538230e-01,0.000000000000000000e+00,0.000000000000000000e+00,0.000000000000000000e+00,0.000000000000000000e+00,3.014469014609912900e-01,0.000000000000000000e+00,0.000000000000000000e+00,4.175272894998289797e-01,5.073172272804750138e-01,0.000000000000000000e+00,0.000000000000000000e+00,4.026630889323477014e-01,5.012009619514582459e-01,4.792563204724580861e-01,4.542009938258838031e-01,0.000000000000000000e+00,4.825135336967821820e-01
0.000000000000000000e+00,0.000000000000000000e+00,3.341804825309485083e-01,0.000000000000000000e+00,2.870259600910108899e-01,3.665957821446442777e-01,2.360183527605700937e-01,3.382640591600550861e-01,3.366328665707558065e-01,2.027002459966293080e-01,3.084826409828371752e-01,0.000000000000000000e+00,3.339346009181242136e-01,2.833293988258190899e-01,0.000000000000000000e+00,0.000000000000000000e+00,0.000000000000000000e+00,0.000000000000000000e+00,3.254799381614916776e-01,0.000000000000000000e+00,0.000000000000000000e+00,0.000000000000000000e+00,3.464513523188599842e-01,0.000000000000000000e+00,0.000000000000000000e+00,0.000000000000000000e+00,3.506083233254561060e-01,2.739727982148891239e-01,0.000000000000000000e+00,0.000000000000000000e+00,3.404833725175738790e-01,3.108248405645214207e-01,0.000000000000000000e+00,3.453969209626824854e-01,3.785263658416065935e-01,2.322027119670813933e-01,1.920229262754580002e-01,0.000000000000000000e+00,0.000000000000000000e+00,0.000000000000000000e+00,0.000000000000000000e+00,0.000000000000000000e+00,0.000000000000000000e+00,0.000000000000000000e+00,0.000000000000000000e+00,0.000000000000000000e+00,0.000000000000000000e+00,0.000000000000000000e+00,0.000000000000000000e+00,0.000000000000000000e+00,0.000000000000000000e+00,0.000000000000000000e+00,0.000000000000000000e+00,0.000000000000000000e+00,0.000000000000000000e+00,0.000000000000000000e+00,0.000000000000000000e+00,0.000000000000000000e+00,0.000000000000000000e+00,0.000000000000000000e+00,0.000000000000000000e+00,0.000000000000000000e+00,0.000000000000000000e+00,0.000000000000000000e+00,0.000000000000000000e+00,0.000000000000000000e+00,0.000000000000000000e+00,0.000000000000000000e+00,0.000000000000000000e+00,0.000000000000000000e+00,0.000000000000000000e+00,0.000000000000000000e+00,0.000000000000000000e+00,0.000000000000000000e+00,0.000000000000000000e+00,0.000000000000000000e+00
0.000000000000000000e+00,3.549480993925313022e-01,3.512261787251876877e-01,2.870259600910108899e-01,0.000000000000000000e+00,3.601874833305137025e-01,3.152578938808144882e-01,3.662675147552458266e-01,3.320860516216118108e-01,3.536469620368529188e-01,3.134818847852142154e-01,3.637427391170677815e-01,3.526356011426474146e-01,2.948769221628627091e-01,0.000000000000000000e+00,3.850695217036196882e-01,3.903517723083496094e-01,0.000000000000000000e+00,3.244500943626387190e-01,3.859070119606292093e-01,3.760547243256842087e-01,3.975788771966144997e-01,3.394590072191123187e-01,0.000000000000000000e+00,3.517118783516596792e-01,3.689108954122535255e-01,3.651006672282597898e-01,3.351186818989915217e-01,3.786743180828608946e-01,0.000000000000000000e+00,3.630697802809780828e-01,3.416130866934580235e-01,3.603072458545893975e-01,3.480465052444267071e-01,3.413725443651597913e-01,2.806894069825713878e-01,2.647416305331252162e-01,0.000000000000000000e+00,4.515613806784756212e-01,0.000000000000000000e+00,4.584953481627311866e-01,0.000000000000000000e+00,4.162092905827957101e-01,0.000000000000000000e+00,0.000000000000000000e+00,0.000000000000000000e+00,0.000000000000000000e+00,4.768281984183864175e-01,0.000000000000000000e+00,4.784922867738968799e-01,4.720569170390215841e-01,4.815369089536545855e-01,4.550642495104864071e-01,4.918905857968572937e-01,0.000000000000000000e+00,4.447521067943691064e-01,0.000000000000000000e+00,4.651889941389931726e-01,0.000000000000000000e+00,0.000000000000000000e+00,0.000000000000000000e+00,0.000000000000000000e+00,0.000000000000000000e+00,4.632259237954166053e-01,0.000000000000000000e+00,0.000000000000000000e+00,3.928923885407575867e-01,4.862252120326839844e-01,0.000000000000000000e+00,0.000000000000000000e+00,0.000000000000000000e+00,4.804320441313770784e-01,4.609290796874642160e-01,4.302579634861902758e-01,0.000000000000000000e+00,4.555588810983419168e-01
4.015118871041165050e-01,3.562463194545479883e-01,3.636219307135988843e-01,3.665957821446442777e-01,3.601874833305137025e-01,0.000000000000000000e+00,3.816350777894095825e-01,3.747879480331430258e-01,3.366831444165698795e-01,4.070064592173552875e-01,3.530294700092626026e-01,4.136490083195125123e-01,3.757869537079652766e-01,3.709267754236771908e-01,3.740139375212614969e-01,3.855121606221310060e-01,4.026321568813726048e-01,3.750477771503695767e-01,3.421408265804576909e-01,3.860998491617174122e-01,3.814599164474939963e-01,3.923727846607192871e-01,3.552982726525160118e-01,4.457295321683718003e-01,3.455959718159277161e-01,3.796574139689410932e-01,3.726414139692001970e-01,3.647049071952671029e-01,3.347543169872829738e-01,3.865150621534498843e-01,3.931215183191181239e-01,3.762854435573961265e-01,3.335815692326630777e-01,3.956366354406163910e-01,4.097477399417028265e-01,3.776865690531306941e-01,4.023704493280327865e-01,4.053739737137346255e-01,4.522871595008233214e-01,3.913121548397449079e-01,4.415017975338004219e-01,4.225864199646827135e-01,4.289170934566878257e-01,0.000000000000000000e+00,0.000000000000000000e+00,3.598886166270556797e-01,3.896441686604030785e-01,4.938161387103540134e-01,0.000000000000000000e+00,4.827560381232469111e-01,4.718320363966826969e-01,4.745187268497459976e-01,4.498830991621718955e-01,4.978039328770594851e-01,0.000000000000000000e+00,4.556276324642151154e-01,0.000000000000000000e+00,4.622407617422273907e-01,0.000000000000000000e+00,4.225718209796017200e-01,3.865509595519547870e-01,0.000000000000000000e+00,3.852049419340867198e-01,4.717926727085643979e-01,4.120277487639333880e-01,4.026025766181935972e-01,4.042788946126554261e-01,4.794356049190260927e-01,0.000000000000000000e+00,3.658930774961791088e-01,4.181759559886156774e-01,4.779070061834589933e-01,4.582057283588432117e-01,4.473217028035256781e-01,4.567312337389655141e-01,4.655535953667873095e-01
0.000000000000000000e+00,3.726129009629404742e-01,3.654731830873090836e-01,2.360183527605700937e-01,3.152578938808144882e-01,3.816350777894095825e-01,0.000000000000000000e+00,3.778699763601796047e-01,3.520109817830662235e-01,3.721250870623608042e-01,3.350640863357388088e-01,3.809582249642491925e-01,3.036368708024668184e-01,3.019572837810832744e-01,3.781700056261935172e-01,4.316749817134671874e-01,0.000000000000000000e+00,4.216363784525675729e-01,3.465478319843627864e-01,4.103082674404823216e-01,3.845102130200959145e-01,4.237838383703078082e-01,3.549326587141484191e-01,0.000000000000000000e+00,3.738864819504286174e-01,3.875799239100558014e-01,3.715375101848760186e-01,3.386147998232921230e-01,4.099560123167801939e-01,3.353547108042820857e-01,3.677578159772211808e-01,3.626417217717283203e-01,3.603860474078532938e-01,3.672473468045370226e-01,3.882862028377345731e-01,3.094743608533047086e-01,3.266612256564915273e-01,0.000000000000000000e+00,4.446059321113757790e-01,0.000000000000000000e+00,4.542433032330018272e-01,0.000000000000000000e+00,4.086291882215710158e-01,0.000000000000000000e+00,0.000000000000000000e+00,0.000000000000000000e+00,0.000000000000000000e+00,4.709707287493496985e-01,0.000000000000000000e+00,4.603758268421940802e-01,4.567199853493287831e-01,4.602472829650798847e-01,4.310673227892188875e-01,4.707186415766492216e-01,0.000000000000000000e+00,4.341887504498794792e-01,0.000000000000000000e+00,4.547799486903569832e-01,0.000000000000000000e+00,4.433562674026387818e-01,0.000000000000000000e+00,0.000000000000000000e+00,0.000000000000000000e+00,4.436225769332700075e-01,4.152569715968305042e-01,0.000000000000000000e+00,4.031549227656671119e-01,4.639457021399782111e-01,0.000000000000000000e+00,0.000000000000000000e+00,4.162007171896037194e-01,4.607097601453031821e-01,4.499711440267560869e-01,4.355958328076358077e-01,4.542919742567392838e-01,4.489363739854720925e-01
4.998878787052002948e-01,4.427089523785269209e-01,3.919462377817791165e-01,3.382640591600550861e-01,3.662675147552458266e-01,3.747879480331430258e-01,3.778699763601796047e-01,0.000000000000000000e+00,3.954528121021542164e-01,4.219921631147230956e-01,2.878261209316517188e-01,4.632602694725260761e-01,3.918718356880124820e-01,3.223284657306165202e-01,4.244692758745806094e-01,4.538430388619544842e-01,4.868270652952306765e-01,4.577709167250633149e-01,3.573003138804549117e-01,3.905527236185942774e-01,4.202135329192567270e-01,4.177577826799546146e-01,3.391389736690654799e-01,4.964138727614533231e-01,4.590048100903578732e-01,4.852830439098445026e-01,3.917739174739932051e-01,3.880464033329584228e-01,3.604019391715039822e-01,3.962712324052076740e-01,4.041013219580572025e-01,3.816260827857385074e-01,3.292456849001689223e-01,4.131061265787048797e-01,4.358001104023851990e-01,3.134799100138491168e-01,3.829959152298836877e-01,3.796888765917669217e-01,4.414795115139247828e-01,0.000000000000000000e+00,4.542124248141731213e-01,0.000000000000000000e+00,4.227104630872238200e-01,0.000000000000000000e+00,0.000000000000000000e+00,4.851887462728673994e-01,0.000000000000000000e+00,4.750569837461313116e-01,0.000000000000000000e+00,0.000000000000000000e+00,4.550100287772553820e-01,4.618839139506992764e-01,4.041112216007635149e-01,4.933569714977409926e-01,0.000000000000000000e+00,4.250575429026466900e-01,0.000000000000000000e+00,4.449293312548632806e-01,4.613171815872191828e-01,4.383193819107611966e-01,0.000000000000000000e+00,0.000000000000000000e+00,0.000000000000000000e+00,4.581586486092518729e-01,4.104711629436001985e-01,4.452477440218011173e-01,4.731329804632576908e-01,4.557648578593845867e-01,0.000000000000000000e+00,0.000000000000000000e+00,4.976606886436115151e-01,4.700698186868711992e-01,4.380082634445683909e-01,4.324549345971779868e-01,4.448623684445580095e-01,4.486125892826183792e-01
0.000000000000000000e+00,3.491639131040060184e-01,3.239131756096337855e-01,3.366328665707558065e-01,3.320860516216118108e-01,3.366831444165698795e-01,3.520109817830662235e-01,3.954528121021542164e-01,0.000000000000000000e+00,3.749822676610504724e-01,3.001820622298219110e-01,3.793909484724594106e-01,3.507727708574659986e-01,3.404753874742147968e-01,3.570439812096086740e-01,3.876059405527066959e-01,3.736215233802794855e-01,4.197298100665329823e-01,2.846080545296659770e-01,3.828908332186881092e-01,3.732045468988168802e-01,3.896021777066919212e-01,3.578328911209827101e-01,3.737572852272034729e-01,3.503246223139419024e-01,3.688203717507296808e-01,3.777286503734009204e-01,3.628537698821693858e-01,3.726108474622750744e-01,3.837606960210553919e-01,3.733528618380644870e-01,3.553772976090064928e-01,3.406970202955358906e-01,3.743893379090443840e-01,3.814822351851647197e-01,3.393331407620697737e-01,3.618141876266933732e-01,3.631786280108996179e-01,4.685330188127864726e-01,0.000000000000000000e+00,4.675018085570694093e-01,0.000000000000000000e+00,4.299651375311939194e-01,0.000000000000000000e+00,0.000000000000000000e+00,0.000000000000000000e+00,0.000000000000000000e+00,4.843619743903210817e-01,0.000000000000000000e+00,4.951488055210672146e-01,4.911977480374705163e-01,4.878198690489499167e-01,4.866436261428427890e-01,4.910686103571672012e-01,0.000000000000000000e+00,4.551603538392670067e-01,0.000000000000000000e+00,4.798109498611384804e-01,4.583189514456130764e-01,4.111637100442943060e-01,0.000000000000000000e+00,0.000000000000000000e+00,0.000000000000000000e+00,4.645233186113483792e-01,4.124919460458693066e-01,0.000000000000000000e+00,3.978354949142102193e-01,5.000684414352078999e-01,0.000000000000000000e+00,0.000000000000000000e+00,4.039819744197216123e-01,4.997186568178633159e-01,4.695042106066680820e-01,4.335439415882210157e-01,4.358555595588727849e-01,4.831525838891885805e-01
3.664048736147412777e-01,3.306516379884287815e-01,3.912065349216010124e-01,2.027002459966293080e-01,3.536469620368529188e-01,4.070064592173552875e-01,3.721250870623608042e-01,4.219921631147230956e-01,3.749822676610504724e-01,0.000000000000000000e+00,3.507802424029435873e-01,3.125824974682391844e-01,3.815087564938191012e-01,2.175249755135781893e-01,0.000000000000000000e+00,3.799976877563612798e-01,3.180489529043192265e-01,3.423734198049215860e-01,3.671362116486496796e-01,0.000000000000000000e+00,4.405960366450301091e-01,4.440266580578813849e-01,3.856417966291268984e-01,3.290428036711682269e-01,3.188127273306129994e-01,3.260499357443993884e-01,3.937597086297615068e-01,3.647029642483486933e-01,4.283145588490167022e-01,0.000000000000000000e+00,3.416673142012753850e-01,3.673218129762150230e-01,3.003600658874456819e-01,3.067791036856806763e-01,3.517153420882581094e-01,3.266604697596450224e-01,3.174189029972246945e-01,3.110465300854570736e-01,3.482815258166073735e-01,4.243220725375311253e-01,3.974414851554979866e-01,4.413466198090376102e-01,0.000000000000000000e+00,0.000000000000000000e+00,3.991990641786056226e-01,3.982679548649725731e-01,0.000000000000000000e+00,0.000000000000000000e+00,0.000000000000000000e+00,0.000000000000000000e+00,4.484843988672361226e-01,0.000000000000000000e+00,0.000000000000000000e+00,4.698610974343159774e-01,4.327938741910885012e-01,0.000000000000000000e+00,4.346147555775348725e-01,0.000000000000000000e+00,0.000000000000000000e+00,0.000000000000000000e+00,3.926395127836488919e-01,4.405471373337410124e-01,4.293774500838893893e-01,0.000000000000000000e+00,0.000000000000000000e+00,0.000000000000000000e+00,3.043254502705547981e-01,4.594144417684907222e-01,3.929503815347816786e-01,4.291319348350499108e-01,4.369145132009515931e-01,4.604621738534244724e-01,4.172984440710946763e-01,0.000000000000000000e+00,0.000000000000000000e+00,4.172947516852851813e-01
0.000000000000000000e+00,0.000000000000000000e+00,3.018016469586842221e-01,3.084826409828371752e-01,3.134818847852142154e-01,3.530294700092626026e-01,3.350640863357388088e-01,2.878261209316517188e-01,3.001820622298219110e-01,3.507802424029435873e-01,0.000000000000000000e+00,0.000000000000000000e+00,3.552881123201451774e-01,2.818535460600694043e-01,0.000000000000000000e+00,0.000000000000000000e+00,0.000000000000000000e+00,0.000000000000000000e+00,2.691325881184650770e-01,0.000000000000000000e+00,0.000000000000000000e+00,0.000000000000000000e+00,2.946871291625619005e-01,0.000000000000000000e+00,0.000000000000000000e+00,0.000000000000000000e+00,3.513922710120748194e-01,3.375481929369317236e-01,2.974653542041779120e-01,0.000000000000000000e+00,3.563118957685296184e-01,3.157344440948823827e-01,0.000000000000000000e+00,3.544744476521782262e-01,3.056752038456591047e-01,2.616335192027985923e-01,2.544541485762655264e-01,0.000000000000000000e+00,4.375405061787481231e-01,0.000000000000000000e+00,5.040140326084723288e-01,0.000000000000000000e+00,3.612186033620010117e-01,0.000000000000000000e+00,0.000000000000000000e+00,0.000000000000000000e+00,0.000000000000000000e+00,3.966390991007575084e-01,0.000000000000000000e+00,3.500207186660572733e-01,4.709552120995618152e-01,4.497749904964071788e-01,3.898864782082054892e-01,4.390432233965922970e-01,0.000000000000000000e+00,2.898755208988180732e-01,0.000000000000000000e+00,4.410015101274555871e-01,3.702829235354401782e-01,0.000000000000000000e+00,0.000000000000000000e+00,0.000000000000000000e+00,0.000000000000000000e+00,2.941707127977126190e-01,0.000000000000000000e+00,0.000000000000000000e+00,0.000000000000000000e+00,4.613781350914846757e-01,0.000000000000000000e+00,0.000000000000000000e+00,0.000000000000000000e+00,4.692728184012229242e-01,4.407392319430469274e-01,0.000000000000000000e+00,0.000000000000000000e+00,4.619639553558648193e-01
3.742582340531234730e-01,0.000000000000000000e+00,0.000000000000000000e+00,0.000000000000000000e+00,3.637427391170677815e-01,4.136490083195125123e-01,3.809582249642491925e-01,4.632602694725260761e-01,3.793909484724594106e-01,3.125824974682391844e-01,0.000000000000000000e+00,0.000000000000000000e+00,3.814480421529741205e-01,0.000000000000000000e+00,0.000000000000000000e+00,3.656422176656938250e-01,3.569292686545276760e-01,3.572725674913667104e-01,0.000000000000000000e+00,0.000000000000000000e+00,0.000000000000000000e+00,0.000000000000000000e+00,4.137144731564066924e-01,2.872734023217949906e-01,3.174654171747537945e-01,2.892002724519965873e-01,3.999920315186624165e-01,3.743854405219260162e-01,0.000000000000000000e+00,0.000000000000000000e+00,3.580563605563619745e-01,3.062590106374881160e-01,2.828308545835406251e-01,2.845522058036173974e-01,3.639220054685888828e-01,3.260667831685846729e-01,3.098694728204631765e-01,2.738080338151772097e-01,3.095660512220259064e-01,4.331896434085820147e-01,3.916602564797255215e-01,4.363217903260456221e-01,0.000000000000000000e+00,0.000000000000000000e+00,3.983714408011935770e-01,3.933855437522512100e-01,0.000000000000000000e+00,0.000000000000000000e+00,0.000000000000000000e+00,0.000000000000000000e+00,0.000000000000000000e+00,0.000000000000000000e+00,0.000000000000000000e+00,0.000000000000000000e+00,4.336640288201302762e-01,0.000000000000000000e+00,4.331955826866314974e-01,4.132530133750039192e-01,0.000000000000000000e+00,0.000000000000000000e+00,0.000000000000000000e+00,4.433112670708397873e-01,4.288552994929522022e-01,0.000000000000000000e+00,0.000000000000000000e+00,0.000000000000000000e+00,0.000000000000000000e+00,0.000000000000000000e+00,3.828104655018635949e-01,4.321471469772941165e-01,4.311658181279298119e-01,0.000000000000000000e+00,4.272276781670640844e-01,0.000000000000000000e+00,0.000000000000000000e+00,4.211187767627290746e-01
4.178032975485808098e-01,3.849302457739897099e-01,3.839031964111946915e-01,3.339346009181242136e-01,3.526356011426474146e-01,3.757869537079652766e-01,3.036368708024668184e-01,3.918718356880124820e-01,3.507727708574659986e-01,3.815087564938191012e-01,3.552881123201451774e-01,3.814480421529741205e-01,0.000000000000000000e+00,3.392819199939338115e-01,3.845510859557119132e-01,4.438383605851902725e-01,4.146692116872907063e-01,4.336167717546742240e-01,3.588417613603052114e-01,4.173984918465982186e-01,3.999083201735338933e-01,4.335854049667565158e-01,3.760717242152787909e-01,4.186460449008646001e-01,3.848611894055813942e-01,4.035432790039399920e-01,3.893546229122207269e-01,3.464797240492709096e-01,4.031783554135747738e-01,3.653468368172009817e-01,3.753797775038775209e-01,3.923198897269085106e-01,3.657259893460089173e-01,3.942888043978813872e-01,4.398509494209921766e-01,3.456198080376201021e-01,3.700847790082373856e-01,3.783725526142007189e-01,4.523817643554551848e-01,0.000000000000000000e+00,4.530261235889493920e-01,0.000000000000000000e+00,4.187230439617400934e-01,0.000000000000000000e+00,0.000000000000000000e+00,0.000000000000000000e+00,4.080154589857338254e-01,4.661321405965058173e-01,0.000000000000000000e+00,4.660344225384985828e-01,4.645435922632684123e-01,4.668300836588996083e-01,4.381217118435957181e-01,4.717405565632182829e-01,0.000000000000000000e+00,4.327493212988310911e-01,0.000000000000000000e+00,4.588087255426818167e-01,0.000000000000000000e+00,4.300241403908346971e-01,3.997426601286501735e-01,0.000000000000000000e+00,0.000000000000000000e+00,4.446034641815687083e-01,4.226588143836749190e-01,4.153685581645935043e-01,4.182856543330880084e-01,4.710699658956525870e-01,0.000000000000000000e+00,0.000000000000000000e+00,4.243332034393940133e-01,4.689099879816213123e-01,4.576665927606307083e-01,4.508614378482975193e-01,4.590500209777285123e-01,4.638040037921993264e-01
0.000000000000000000e+00,0.000000000000000000e+00,3.542303007577419227e-01,2.833293988258190899e-01,2.948769221628627091e-01,3.709267754236771908e-01,3.019572837810832744e-01,3.223284657306165202e-01,3.404753874742147968e-01,2.175249755135781893e-01,2.818535460600694043e-01,0.000000000000000000e+00,3.392819199939338115e-01,0.000000000000000000e+00,0.000000000000000000e+00,0.000000000000000000e+00,0.000000000000000000e+00,0.000000000000000000e+00,3.210716036172384102e-01,0.000000000000000000e+00,0.000000000000000000e+00,0.000000000000000000e+00,3.131380307650249994e-01,0.000000000000000000e+00,0.000000000000000000e+00,0.000000000000000000e+00,3.811885867975490783e-01,2.997783734193870120e-01,0.000000000000000000e+00,0.000000000000000000e+00,3.336117951080715960e-01,2.053433848827322106e-01,0.000000000000000000e+00,3.211163710649571068e-01,0.000000000000000000e+00,2.138694676110317050e-01,1.871288067643653019e-01,0.000000000000000000e+00,0.000000000000000000e+00,0.000000000000000000e+00,0.000000000000000000e+00,0.000000000000000000e+00,3.167713248584113073e-01,0.000000000000000000e+00,0.000000000000000000e+00,0.000000000000000000e+00,0.000000000000000000e+00,4.162979605380446868e-01,0.000000000000000000e+00,0.000000000000000000e+00,4.380190518448682235e-01,0.000000000000000000e+00,3.752380441268434730e-01,4.346045970391991253e-01,0.000000000000000000e+00,3.626308779911158187e-01,0.000000000000000000e+00,0.000000000000000000e+00,0.000000000000000000e+00,0.000000000000000000e+00,0.000000000000000000e+00,0.000000000000000000e+00,0.000000000000000000e+00,3.800092786891028918e-01,0.000000000000000000e+00,0.000000000000000000e+00,0.000000000000000000e+00,4.345006016011861982e-01,0.000000000000000000e+00,0.000000000000000000e+00,0.000000000000000000e+00,4.417273112813285274e-01,0.000000000000000000e+00,0.000000000000000000e+00,0.000000000000000000e+00,0.000000000000000000e+00
3.864117769720256113e-01,3.978687199314355771e-01,3.499023783194201154e-01,0.000000000000000000e+00,0.000000000000000000e+00,3.740139375212614969e-01,3.781700056261935172e-01,4.244692758745806094e-01,3.570439812096086740e-01,0.000000000000000000e+00,0.000000000000000000e+00,0.000000000000000000e+00,3.845510859557119132e-01,0.000000000000000000e+00,0.000000000000000000e+00,4.120009755487409886e-01,0.000000000000000000e+00,4.000939072147817188e-01,0.000000000000000000e+00,3.235516736727718223e-01,3.675751340319590166e-01,3.650948959037468855e-01,3.573920981741616210e-01,4.270756176739067267e-01,3.806938081729311918e-01,3.591186979492644871e-01,3.815385816926594176e-01,3.763018232795998230e-01,3.659166473232771111e-01,0.000000000000000000e+00,4.171111715651599217e-01,4.169344713513025158e-01,3.658870673372853766e-01,4.225462733969581053e-01,4.674783164180909001e-01,4.975707998130404763e-01,4.632245574277701894e-01,0.000000000000000000e+00,4.557600009557009058e-01,4.372526392183019861e-01,4.544275701892814268e-01,4.868950413581353276e-01,4.823250738213892830e-01,0.000000000000000000e+00,0.000000000000000000e+00,0.000000000000000000e+00,4.502496654577087254e-01,0.000000000000000000e+00,0.000000000000000000e+00,0.000000000000000000e+00,4.278345007313080761e-01,4.510871442120613084e-01,4.438770152380246969e-01,0.000000000000000000e+00,0.000000000000000000e+00,0.000000000000000000e+00,0.000000000000000000e+00,4.429628874451386755e-01,0.000000000000000000e+00,4.746505001860119033e-01,4.344390804911906212e-01,0.000000000000000000e+00,4.214717229989490832e-01,0.000000000000000000e+00,4.273731392657890149e-01,4.577444357529752983e-01,4.694746187422467743e-01,4.416334343920287897e-01,0.000000000000000000e+00,4.142672923997698931e-01,4.906907140630081821e-01,4.476294396245493745e-01,4.293517002585989784e-01,4.279398267885942131e-01,4.275549219275828206e-01,4.454534256764542954e-01
3.582327840549264231e-01,3.896054192942317029e-01,3.840872223189127910e-01,0.000000000000000000e+00,3.850695217036196882e-01,3.855121606221310060e-01,4.316749817134671874e-01,4.538430388619544842e-01,3.876059405527066959e-01,3.799976877563612798e-01,0.000000000000000000e+00,3.656422176656938250e-01,4.438383605851902725e-01,0.000000000000000000e+00,4.120009755487409886e-01,0.000000000000000000e+00,3.706556164053804170e-01,3.247772878726479795e-01,0.000000000000000000e+00,4.049398695092247258e-01,3.951770740789845027e-01,3.839954155059818186e-01,4.065405282355151195e-01,3.407552579585744756e-01,3.623410998205227052e-01,3.955294912743799185e-01,4.071278123978825936e-01,4.436221301708064835e-01,4.265652706952401951e-01,4.210117717563214845e-01,3.744391442625064070e-01,4.494031756986927029e-01,3.548617253837710872e-01,3.842438075993857005e-01,4.580475608893941897e-01,4.931495841790503043e-01,0.000000000000000000e+00,0.000000000000000000e+00,4.227955652660985164e-01,3.874077127381381769e-01,3.969354491405691077e-01,4.241901683847364990e-01,0.000000000000000000e+00,0.000000000000000000e+00,0.000000000000000000e+00,3.974347516242369149e-01,4.125695609693688093e-01,0.000000000000000000e+00,0.000000000000000000e+00,0.000000000000000000e+00,4.184320707462101940e-01,0.000000000000000000e+00,0.000000000000000000e+00,0.000000000000000000e+00,3.820174976824838864e-01,0.000000000000000000e+00,4.276809864579264042e-01,4.290920786639049744e-01,0.000000000000000000e+00,4.424770087398470775e-01,4.041636146857693901e-01,3.939358103911034803e-01,4.020053239428061920e-01,0.000000000000000000e+00,4.181605034731781800e-01,4.302998858671914229e-01,4.241115090467207915e-01,4.363958186774036241e-01,3.638185047246944026e-01,4.031978964842116153e-01,4.238860124349819736e-01,4.433531104759996788e-01,4.398217710206340225e-01,4.249241492527097153e-01,0.000000000000000000e+00,3.992683354957355935e-01
3.515238122504719120e-01,3.506202436504243236e-01,0.000000000000000000e+00,0.000000000000000000e+00,3.903517723083496094e-01,4.026321568813726048e-01,0.000000000000000000e+00,4.868270652952306765e-01,3.736215233802794855e-01,3.180489529043192265e-01,0.000000000000000000e+00,3.569292686545276760e-01,4.146692116872907063e-01,0.000000000000000000e+00,0.000000000000000000e+00,3.706556164053804170e-01,0.000000000000000000e+00,3.300866160873203725e-01,0.000000000000000000e+00,3.919266286498280238e-01,4.496309551193917176e-01,3.808532090651722268e-01,4.241924469763276861e-01,3.538477154940973257e-01,3.314808980566116836e-01,3.596650370408190911e-01,3.938449609429778842e-01,4.124821020379125236e-01,4.054848103271944115e-01,0.000000000000000000e+00,3.481322733173956019e-01,4.245819089672154822e-01,3.100553479461585216e-01,3.518800956421757054e-01,4.212303281395828880e-01,0.000000000000000000e+00,0.000000000000000000e+00,3.279623006218608805e-01,4.237632324585564048e-01,4.221431162166390805e-01,4.132500472803352087e-01,4.437482047770042737e-01,0.000000000000000000e+00,0.000000000000000000e+00,3.877640986395068934e-01,3.937917491305575890e-01,3.578312762517785184e-01,0.000000000000000000e+00,0.000000000000000000e+00,0.000000000000000000e+00,0.000000000000000000e+00,0.000000000000000000e+00,0.000000000000000000e+00,0.000000000000000000e+00,4.389135389050161096e-01,0.000000000000000000e+00,4.401765633031631819e-01,0.000000000000000000e+00,0.000000000000000000e+00,0.000000000000000000e+00,3.878199214252726068e-01,4.359811355303849778e-01,4.244831018418463997e-01,0.000000000000000000e+00,0.000000000000000000e+00,0.000000000000000000e+00,3.685756996495800908e-01,0.000000000000000000e+00,4.142413005796024006e-01,4.199932192664961872e-01,4.394007911174840908e-01,0.000000000000000000e+00,0.000000000000000000e+00,3.830884825943727812e-01,0.000000000000000000e+00,4.088265320047507201e-01
3.335084146728833909e-01,3.552141538942655274e-01,0.000000000000000000e+00,0.000000000000000000e+00,0.000000000000000000e+00,3.750477771503695767e-01,4.216363784525675729e-01,4.577709167250633149e-01,4.197298100665329823e-01,3.423734198049215860e-01,0.000000000000000000e+00,3.572725674913667104e-01,4.336167717546742240e-01,0.000000000000000000e+00,4.000939072147817188e-01,3.247772878726479795e-01,3.300866160873203725e-01,0.000000000000000000e+00,0.000000000000000000e+00,4.061386463681151970e-01,3.930018814790954829e-01,3.957587831488538210e-01,4.047031289348934080e-01,3.485420814695958103e-01,3.244188336190734212e-01,3.589640696598201952e-01,3.935228970693169792e-01,4.277571511638229018e-01,4.164015040946721924e-01,0.000000000000000000e+00,3.652466720417339996e-01,4.250944289215489169e-01,3.080892691807690098e-01,3.594037399639651853e-01,4.259759960425814063e-01,0.000000000000000000e+00,0.000000000000000000e+00,3.211113906568667242e-01,4.184353403099729807e-01,3.833158286735922071e-01,3.958148423980147879e-01,4.160284177680925732e-01,0.000000000000000000e+00,0.000000000000000000e+00,0.000000000000000000e+00,3.602883196280696754e-01,3.900750348554202218e-01,0.000000000000000000e+00,0.000000000000000000e+00,0.000000000000000000e+00,0.000000000000000000e+00,0.000000000000000000e+00,0.000000000000000000e+00,0.000000000000000000e+00,4.134823332209676128e-01,0.000000000000000000e+00,4.131795462668321206e-01,0.000000000000000000e+00,0.000000000000000000e+00,4.244106634104148901e-01,3.870313022508384826e-01,4.112455469921426077e-01,4.065868987302864723e-01,0.000000000000000000e+00,4.055144789519241066e-01,4.137051343304846140e-01,3.974990415467964944e-01,4.183534916793822944e-01,3.964200501512044061e-01,3.966746904933061146e-01,4.137516153992942258e-01,4.606570608134091804e-01,3.803768045465145131e-01,3.926105887937476058e-01,0.000000000000000000e+00,3.922995835387503849e-01
0.000000000000000000e+00,0.000000000000000000e+00,2.690555845966753901e-01,3.254799381614916776e-01,3.244500943626387190e-01,3.421408265804576909e-01,3.465478319843627864e-01,3.573003138804549117e-01,2.846080545296659770e-01,3.671362116486496796e-01,2.691325881184650770e-01,0.000000000000000000e+00,3.588417613603052114e-01,3.210716036172384102e-01,0.000000000000000000e+00,0.000000000000000000e+00,0.000000000000000000e+00,0.000000000000000000e+00,0.000000000000000000e+00,3.193846940994263250e-01,0.000000000000000000e+00,0.000000000000000000e+00,3.164016030332034157e-01,0.000000000000000000e+00,0.000000000000000000e+00,0.000000000000000000e+00,3.503902000595581212e-01,3.502362515729429138e-01,3.283595415397331796e-01,3.775399054443561164e-01,3.614284760119134132e-01,3.487619851657616787e-01,0.000000000000000000e+00,3.664105016101543155e-01,0.000000000000000000e+00,3.203752495415186918e-01,3.707331669155313758e-01,0.000000000000000000e+00,4.656900030962404236e-01,0.000000000000000000e+00,4.454885231729692197e-01,0.000000000000000000e+00,4.119035364360401075e-01,0.000000000000000000e+00,0.000000000000000000e+00,0.000000000000000000e+00,0.000000000000000000e+00,4.497031017275148757e-01,0.000000000000000000e+00,4.633280041807957272e-01,4.761894726919794762e-01,4.809171201538133822e-01,4.562377964099061933e-01,4.726771929318995258e-01,0.000000000000000000e+00,3.045747982684751110e-01,0.000000000000000000e+00,4.676975147805679245e-01,4.251977616917556047e-01,0.000000000000000000e+00,0.000000000000000000e+00,0.000000000000000000e+00,0.000000000000000000e+00,4.441917824793725766e-01,0.000000000000000000e+00,0.000000000000000000e+00,0.000000000000000000e+00,4.851329146188245178e-01,0.000000000000000000e+00,0.000000000000000000e+00,0.000000000000000000e+00,4.817270405481881013e-01,4.583872901032994274e-01,0.000000000000000000e+00,0.000000000000000000e+00,4.819058437371523951e-01
4.151498790639365777e-01,4.060100318824272914e-01,3.689337954726442104e-01,0.000000000000000000e+00,3.859070119606292093e-01,3.860998491617174122e-01,4.103082674404823216e-01,3.905527236185942774e-01,3.828908332186881092e-01,0.000000000000000000e+00,0.000000000000000000e+00,0.000000000000000000e+00,4.173984918465982186e-01,0.000000000000000000e+00,3.235516736727718223e-01,4.049398695092247258e-01,3.919266286498280238e-01,4.061386463681151970e-01,3.193846940994263250e-01,0.000000000000000000e+00,3.948949931401916080e-01,3.827510186375780998e-01,3.244061745107431061e-01,4.549081971118498213e-01,3.852185705966986173e-01,4.257088845442500991e-01,3.763018003109093734e-01,3.959351348296040740e-01,3.677862793331316826e-01,3.865698275381024840e-01,3.902335447621523845e-01,4.107418617971544950e-01,3.346944010177199114e-01,4.162217625706748914e-01,4.595210113476104752e-01,4.232238156870822832e-01,4.580725868224657105e-01,0.000000000000000000e+00,4.430829187040256079e-01,3.934248124046865192e-01,4.493916915022013181e-01,4.488948527532272137e-01,4.431349630893995917e-01,0.000000000000000000e+00,0.000000000000000000e+00,0.000000000000000000e+00,4.164812246588779909e-01,0.000000000000000000e+00,0.000000000000000000e+00,0.000000000000000000e+00,4.464219555514891136e-01,4.513318551310501192e-01,4.374266011275262933e-01,4.406538726306201137e-01,0.000000000000000000e+00,0.000000000000000000e+00,0.000000000000000000e+00,4.588563691452354765e-01,0.000000000000000000e+00,4.372906144299150144e-01,4.166309813580709731e-01,0.000000000000000000e+00,4.145953026328744739e-01,0.000000000000000000e+00,4.363610372960844974e-01,4.269683243240516846e-01,4.335968941915661068e-01,4.554020683575348838e-01,0.000000000000000000e+00,3.983591941732492203e-01,4.477612267086917841e-01,4.619730844590090868e-01,4.532292010576762231e-01,4.479403039514516238e-01,4.536748261788219883e-01,4.489352245668911112e-01
3.941045841540378736e-01,3.896289591450574075e-01,3.685063407684662229e-01,0.000000000000000000e+00,3.760547243256842087e-01,3.814599164474939963e-01,3.845102130200959145e-01,4.202135329192567270e-01,3.732045468988168802e-01,4.405960366450301091e-01,0.000000000000000000e+00,0.000000000000000000e+00,3.999083201735338933e-01,0.000000000000000000e+00,3.675751340319590166e-01,3.951770740789845027e-01,4.496309551193917176e-01,3.930018814790954829e-01,0.000000000000000000e+00,3.948949931401916080e-01,0.000000000000000000e+00,4.163247245250301098e-01,3.829823488950300781e-01,4.439990461085905893e-01,3.995517456121387978e-01,3.963121009200533118e-01,3.942849908729625930e-01,4.025744120062347275e-01,3.761245719919578123e-01,4.081753339876965092e-01,4.006076572713044848e-01,4.039028562289342927e-01,3.532529986745481243e-01,4.092675167183494889e-01,4.527785367224381741e-01,4.434638984147560858e-01,4.405418769407106194e-01,4.511515080582539916e-01,4.307585042045707913e-01,3.675383961464154248e-01,4.317864788326699066e-01,4.680270479061295896e-01,0.000000000000000000e+00,0.000000000000000000e+00,0.000000000000000000e+00,3.649759516513024216e-01,4.445592737159185792e-01,0.000000000000000000e+00,0.000000000000000000e+00,0.000000000000000000e+00,4.156927947376521937e-01,0.000000000000000000e+00,4.032937366459494744e-01,3.747790585438092181e-01,0.000000000000000000e+00,0.000000000000000000e+00,0.000000000000000000e+00,4.433298600815818169e-01,0.000000000000000000e+00,4.492094172700590859e-01,4.188881737848383913e-01,0.000000000000000000e+00,4.174671279975202820e-01,0.000000000000000000e+00,3.995959374663701213e-01,4.126722849367736035e-01,4.494169475371301847e-01,4.104626937224796768e-01,3.211415403543322888e-01,4.083949461818915938e-01,4.754755559990240243e-01,4.408692617717530071e-01,4.147104405252136083e-01,4.082452345566314755e-01,0.000000000000000000e+00,4.203435543861422929e-01
