0.000000000000000000e+00,4.046872862048010999e-01,4.304674300642838958e-01,0.000000000000000000e+00,0.000000000000000000e+00,4.290835752266953240e-01,4.569660842832771186e-01,5.194062337819731479e-01,4.212617054845201880e-01,3.948507970270954126e-01,0.000000000000000000e+00,3.856226189284949757e-01,4.523717183614974213e-01,5.178505479637350861e-01,4.105942763626068137e-01,3.824494835113997904e-01,3.623546839622195925e-01,3.702948435539031857e-01,0.000000000000000000e+00,4.576276678622833161e-01,4.453767477010461828e-01,4.334823156017104107e-01,4.727505142642928204e-01,3.516236688929588183e-01,3.712428047491305727e-01,3.597138720471221851e-01,4.475658845543246112e-01,4.498829961780024811e-01,4.711946263628831177e-01,4.839068236161360725e-01,3.797721746598877179e-01,4.600359592471874870e-01,3.361534793732340876e-01,3.949096021602568896e-01,4.421731032817560747e-01,0.000000000000000000e+00,0.000000000000000000e+00,4.265995676050758911e-01,4.504237116987739875e-01,3.703838559222671911e-01,3.949654730694556748e-01,0.000000000000000000e+00,0.000000000000000000e+00,0.000000000000000000e+00,0.000000000000000000e+00,3.646542328729351912e-01,4.353061807626308899e-01,0.000000000000000000e+00,0.000000000000000000e+00,0.000000000000000000e+00,0.000000000000000000e+00,0.000000000000000000e+00,0.000000000000000000e+00,0.000000000000000000e+00,3.941667148896689232e-01,0.000000000000000000e+00,4.208300052865591723e-01,0.000000000000000000e+00,0.000000000000000000e+00,0.000000000000000000e+00,4.316916820742784933e-01,3.627182317783433918e-01,3.967628215468578801e-01,0.000000000000000000e+00,0.000000000000000000e+00,4.950645017291022132e-01,4.655297858615686235e-01,0.000000000000000000e+00,2.991428765397458056e-01,3.934651699959735849e-01,4.235776368972761219e-01,0.000000000000000000e+00,0.000000000000000000e+00,0.000000000000000000e+00,0.000000000000000000e+00,3.600177889019409161e-01
4.046872862048010999e-01,0.000000000000000000e+00,3.805458253547023828e-01,0.000000000000000000e+00,3.907744617926571795e-01,3.866259484275755276e-01,4.202730542608900111e-01,4.301751228655020243e-01,3.767916048128810980e-01,3.355773606976585888e-01,3.797106326481642924e-01,3.311960967511248799e-01,4.239139318090422992e-01,0.000000000000000000e+00,4.350849512631486116e-01,4.094993265226347101e-01,3.762212083309777744e-01,3.800835073356796934e-01,0.000000000000000000e+00,4.407892760668242205e-01,4.184102708102366841e-01,4.495169958031227098e-01,4.008750639310600938e-01,3.464877653692305937e-01,3.701612377390298136e-01,4.079411534900280745e-01,4.153385415921223012e-01,4.296348319488690892e-01,4.146204119101791208e-01,0.000000000000000000e+00,3.999892820444044816e-01,4.825717207443320222e-01,3.833491163761358900e-01,4.151669226023658177e-01,4.757532348227577201e-01,0.000000000000000000e+00,0.000000000000000000e+00,0.000000000000000000e+00,4.620040320313191784e-01,4.326093354646097788e-01,4.363619693378518183e-01,4.606160669202156166e-01,0.000000000000000000e+00,0.000000000000000000e+00,0.000000000000000000e+00,4.584285638029896859e-01,4.557553119996529123e-01,0.000000000000000000e+00,0.000000000000000000e+00,0.000000000000000000e+00,4.432399649648344764e-01,0.000000000000000000e+00,0.000000000000000000e+00,0.000000000000000000e+00,4.005304785042561044e-01,0.000000000000000000e+00,3.907683115261874063e-01,4.597189179461643738e-01,0.000000000000000000e+00,4.815838906246118767e-01,4.505364275459007861e-01,0.000000000000000000e+00,4.377193622104775805e-01,0.000000000000000000e+00,4.521990460107602749e-01,5.109527276342364921e-01,4.494392952844856737e-01,4.599295870301807754e-01,4.113456434816005758e-01,4.383591671599398887e-01,4.733699416878465738e-01,4.623066601515475882e-01,4.530841918909246924e-01,4.424092232202506136e-01,0.000000000000000000e+00,4.325890279948242934e-01
4.304674300642838958e-01,3.805458253547023828e-01,0.000000000000000000e+00,3.947567075096595213e-01,3.572954074654564049e-01,3.475737234317681779e-01,3.988476686440136088e-01,4.049619250637410128e-01,2.886673090699434230e-01,4.349597784190367133e-01,2.826478069302246210e-01,0.000000000000000000e+00,4.073185843759435931e-01,3.701964481041351007e-01,3.707139674853699995e-01,3.936375549388037021e-01,0.000000000000000000e+00,4.073025635738010131e-01,2.596993176916634893e-01,3.637299796101809979e-01,3.735594939225729827e-01,4.009028302122866760e-01,3.388731811648362235e-01,0.000000000000000000e+00,3.883167634938428092e-01,4.144758349028023758e-01,3.185391243905237868e-01,4.147816325802344273e-01,3.650334103330851732e-01,4.031637727965018958e-01,4.215526534183732243e-01,4.023086712384100760e-01,0.000000000000000000e+00,4.240837414365661862e-01,4.222319243701895264e-01,3.800965575252264195e-01,4.184261930023823739e-01,0.000000000000000000e+00,4.878632398219325261e-01,0.000000000000000000e+00,5.057802270218012541e-01,0.000000000000000000e+00,4.177004384334683240e-01,0.000000000000000000e+00,0.000000000000000000e+00,0.000000000000000000e+00,0.000000000000000000e+00,3.503190495982603792e-01,0.000000000000000000e+00,4.664166374784521896e-01,5.106615678519211832e-01,5.008008524762604941e-01,4.956277495742810735e-01,4.440425480065618991e-01,0.000000000000000000e+00,3.738366430147587738e-01,0.000000000000000000e+00,4.989129474234144102e-01,4.470901655605449276e-01,0.000000000000000000e+00,0.000000000000000000e+00,0.000000000000000000e+00,0.000000000000000000e+00,2.859297167222276115e-01,0.000000000000000000e+00,0.000000000000000000e+00,4.064031954761119780e-01,5.157989540239189541e-01,0.000000000000000000e+00,0.000000000000000000e+00,4.474120818784023124e-01,5.092442248971011942e-01,4.881184188483281838e-01,4.955204319408845204e-01,0.000000000000000000e+00,5.078593813371625743e-01
0.000000000000000000e+00,0.000000000000000000e+00,3.947567075096595213e-01,0.000000000000000000e+00,3.126243057758533728e-01,4.179384523096584259e-01,2.792379942559747863e-01,4.230541538773566201e-01,4.033826629688079812e-01,2.956554045234756067e-01,3.944288762351049749e-01,0.000000000000000000e+00,3.191617304412063816e-01,2.964583660791971775e-01,5.141249538734943281e-01,0.000000000000000000e+00,0.000000000000000000e+00,0.000000000000000000e+00,3.902592723392607210e-01,5.217515078812675622e-01,5.374844266848416430e-01,5.524932680405062468e-01,4.288956667521737209e-01,0.000000000000000000e+00,0.000000000000000000e+00,0.000000000000000000e+00,4.685819757516249129e-01,2.649667292328231061e-01,5.253548219348064263e-01,0.000000000000000000e+00,2.557159712889713887e-01,4.096774457062209995e-01,0.000000000000000000e+00,3.849893400415519973e-01,4.228927570999236885e-01,2.054290471223050862e-01,1.607939185745141109e-01,0.000000000000000000e+00,0.000000000000000000e+00,0.000000000000000000e+00,0.000000000000000000e+00,0.000000000000000000e+00,0.000000000000000000e+00,0.000000000000000000e+00,0.000000000000000000e+00,0.000000000000000000e+00,0.000000000000000000e+00,0.000000000000000000e+00,0.000000000000000000e+00,0.000000000000000000e+00,0.000000000000000000e+00,0.000000000000000000e+00,0.000000000000000000e+00,0.000000000000000000e+00,0.000000000000000000e+00,0.000000000000000000e+00,0.000000000000000000e+00,0.000000000000000000e+00,0.000000000000000000e+00,0.000000000000000000e+00,0.000000000000000000e+00,0.000000000000000000e+00,0.000000000000000000e+00,0.000000000000000000e+00,0.000000000000000000e+00,0.000000000000000000e+00,0.000000000000000000e+00,0.000000000000000000e+00,0.000000000000000000e+00,0.000000000000000000e+00,0.000000000000000000e+00,0.000000000000000000e+00,0.000000000000000000e+00,0.000000000000000000e+00,0.000000000000000000e+00,0.000000000000000000e+00
0.000000000000000000e+00,3.907744617926571795e-01,3.572954074654564049e-01,3.126243057758533728e-01,0.000000000000000000e+00,3.438753986436787202e-01,3.356780630199445725e-01,3.759945981820339012e-01,3.088377925286587833e-01,4.449846168597753060e-01,3.137475094375761220e-01,4.368304603845000189e-01,3.760935800972470267e-01,3.110223934845072202e-01,3.754783299495059734e-01,4.268134736571553844e-01,0.000000000000000000e+00,4.386224314357671239e-01,3.474075688530419148e-01,3.827122866925289912e-01,3.797820509057004967e-01,4.191212432522906095e-01,3.637873041086018833e-01,4.552764212094578267e-01,4.172764568871721869e-01,4.155342042635267186e-01,3.612563214757554819e-01,3.737195780616001106e-01,3.754834427634983762e-01,4.078131263938348794e-01,4.464735193478462927e-01,4.187788198270238071e-01,0.000000000000000000e+00,4.485174626783863250e-01,4.388348785476315905e-01,2.914042612359588058e-01,3.303965056748396911e-01,0.000000000000000000e+00,4.679031632997053269e-01,0.000000000000000000e+00,4.956616095648517795e-01,0.000000000000000000e+00,3.778187937730996815e-01,0.000000000000000000e+00,0.000000000000000000e+00,0.000000000000000000e+00,0.000000000000000000e+00,4.775700575698068051e-01,0.000000000000000000e+00,4.486717609687336794e-01,4.897838454981495726e-01,4.781977325186637096e-01,4.715188219510759726e-01,4.694502532891551838e-01,0.000000000000000000e+00,4.340994644739449848e-01,0.000000000000000000e+00,4.882247887737460879e-01,4.054996128158713797e-01,0.000000000000000000e+00,0.000000000000000000e+00,0.000000000000000000e+00,0.000000000000000000e+00,4.627977517165455246e-01,0.000000000000000000e+00,0.000000000000000000e+00,4.143806763436300167e-01,4.895100619217642723e-01,0.000000000000000000e+00,0.000000000000000000e+00,4.267044491952549090e-01,4.910707411675906964e-01,4.858218643075584153e-01,4.842029679117972885e-01,0.000000000000000000e+00,4.801069121864471878e-01
4.290835752266953240e-01,3.866259484275755276e-01,3.475737234317681779e-01,4.179384523096584259e-01,3.438753986436787202e-01,0.000000000000000000e+00,3.834513019440569104e-01,3.664895361573202726e-01,2.879889997528021772e-01,4.065589862401751131e-01,3.518386300742643025e-01,0.000000000000000000e+00,3.430781333108888775e-01,3.923533645158088223e-01,3.815081049018784753e-01,4.228049776808415761e-01,4.189576352199900766e-01,4.110166445105141175e-01,3.406332499892847920e-01,3.759378150016080000e-01,3.845800166767233130e-01,4.139484378667419029e-01,3.465482446950101103e-01,4.837760579315854015e-01,3.869343992776957952e-01,4.078371417962972090e-01,3.428370762135984906e-01,3.548937555798352128e-01,3.366205034188035072e-01,3.966347968394491885e-01,3.977050262580680839e-01,4.006315169091437256e-01,3.433124923711391996e-01,4.112409308644384143e-01,4.333858609119539129e-01,4.133854582068974270e-01,0.000000000000000000e+00,0.000000000000000000e+00,4.957693316994343791e-01,0.000000000000000000e+00,5.042955618461304468e-01,4.875524175036480834e-01,4.850324311885236828e-01,0.000000000000000000e+00,0.000000000000000000e+00,0.000000000000000000e+00,4.144907812620289844e-01,5.036681097574400301e-01,0.000000000000000000e+00,5.079090366440341953e-01,5.146133575527696014e-01,5.175449052188365595e-01,4.791051444597221876e-01,5.181526955202546691e-01,0.000000000000000000e+00,4.844998089935880770e-01,0.000000000000000000e+00,5.129048466190777589e-01,4.903384667347052139e-01,4.318885258852808162e-01,4.181970527445713071e-01,0.000000000000000000e+00,0.000000000000000000e+00,5.139375090095111842e-01,4.533001960037763012e-01,4.159233991983031231e-01,4.277675015016941806e-01,5.040705037049816317e-01,0.000000000000000000e+00,4.004203431868975094e-01,4.505160565010590812e-01,5.145145944871502008e-01,5.070826408702650001e-01,5.076655701816804589e-01,5.210615521539134765e-01,5.050159254156787458e-01
4.569660842832771186e-01,4.202730542608900111e-01,3.988476686440136088e-01,2.792379942559747863e-01,3.356780630199445725e-01,3.834513019440569104e-01,0.000000000000000000e+00,4.288532764347142145e-01,3.728737629182130031e-01,4.212223848491898903e-01,4.166757144781814137e-01,4.005140128884351891e-01,3.144659551218720872e-01,3.271554182038621805e-01,4.178611346658658854e-01,4.637043461034203173e-01,0.000000000000000000e+00,4.393357158868740897e-01,4.137608089658902921e-01,4.222347175203360892e-01,4.206643510841495126e-01,4.613390869823565943e-01,4.010944418579150961e-01,4.032417488216257229e-01,4.260150944606995727e-01,4.214030097280905829e-01,3.957354466578653085e-01,3.307080987412913120e-01,4.230025195592982956e-01,4.236113768315831751e-01,3.966069275826218932e-01,4.169308132781862075e-01,3.926862273483093801e-01,4.182495822774788818e-01,4.149537770098785106e-01,3.508517746609409738e-01,2.882787455212473815e-01,3.976499094511163901e-01,4.821830319377772844e-01,0.000000000000000000e+00,4.994727183763726930e-01,0.000000000000000000e+00,4.293535455004169887e-01,0.000000000000000000e+00,0.000000000000000000e+00,0.000000000000000000e+00,0.000000000000000000e+00,4.759581887167836922e-01,0.000000000000000000e+00,4.907974545751312978e-01,5.013976774215175292e-01,4.995545687989310091e-01,4.919612054144413826e-01,4.888483778663392232e-01,0.000000000000000000e+00,4.558602419165508901e-01,0.000000000000000000e+00,5.034996238113600420e-01,4.839539983771927734e-01,0.000000000000000000e+00,0.000000000000000000e+00,0.000000000000000000e+00,0.000000000000000000e+00,4.810577256880920749e-01,4.667190079345007736e-01,0.000000000000000000e+00,4.161856453141213885e-01,5.005665408424553320e-01,0.000000000000000000e+00,0.000000000000000000e+00,4.384478963907080806e-01,5.087143850189775884e-01,4.976437069798879120e-01,5.040375477270943039e-01,5.047836155243657918e-01,5.027573720301937721e-01
5.194062337819731479e-01,4.301751228655020243e-01,4.049619250637410128e-01,4.230541538773566201e-01,3.759945981820339012e-01,3.664895361573202726e-01,4.288532764347142145e-01,0.000000000000000000e+00,4.044894448936092735e-01,4.964895640398382937e-01,3.414295207924348263e-01,4.959333951721178191e-01,4.451911511721574066e-01,3.821086814234667117e-01,4.441926017781329117e-01,4.551877765975048118e-01,5.014523164035630254e-01,4.816848755110790803e-01,3.880719269170689878e-01,3.954057756988406114e-01,3.824504681895180003e-01,4.418775510619993852e-01,3.444056027275844145e-01,5.293490544295929023e-01,4.931281476523673990e-01,4.968940359343925195e-01,3.918185103817988235e-01,4.480792603469391233e-01,3.987029019056400059e-01,4.324567250920673955e-01,4.395555948647204003e-01,4.370136528024399780e-01,3.697640562022874167e-01,4.667557591254635208e-01,4.907245298325715877e-01,3.088540911877786233e-01,3.778839362146558245e-01,5.161643384597676132e-01,4.826064009004540911e-01,0.000000000000000000e+00,5.132903027235439231e-01,4.844447315726734260e-01,4.239154865443626186e-01,0.000000000000000000e+00,0.000000000000000000e+00,0.000000000000000000e+00,0.000000000000000000e+00,4.808516696241483812e-01,0.000000000000000000e+00,4.953910152901225272e-01,4.987707411988184791e-01,4.924534954190553093e-01,4.891703139769181807e-01,4.935748663638346856e-01,0.000000000000000000e+00,4.408023116600027769e-01,0.000000000000000000e+00,5.062056297057990761e-01,4.564536807360806137e-01,4.704678614142587811e-01,0.000000000000000000e+00,0.000000000000000000e+00,0.000000000000000000e+00,4.944199182197309139e-01,4.792558272746544890e-01,4.293098449411010264e-01,4.496151941111646844e-01,4.793530213908714921e-01,0.000000000000000000e+00,0.000000000000000000e+00,4.882527692509975870e-01,4.985789304355506824e-01,4.939786800861883931e-01,4.905088978163962277e-01,5.071097400747842654e-01,4.998965338902273126e-01
4.212617054845201880e-01,3.767916048128810980e-01,2.886673090699434230e-01,4.033826629688079812e-01,3.088377925286587833e-01,2.879889997528021772e-01,3.728737629182130031e-01,4.044894448936092735e-01,0.000000000000000000e+00,4.410561678536255026e-01,2.720001272802823888e-01,4.269047971074881875e-01,3.532315845147669942e-01,3.756141348991908213e-01,3.743856409397501861e-01,4.161648182934424844e-01,0.000000000000000000e+00,4.093330576553281808e-01,2.746538702369172857e-01,3.746145980603036163e-01,3.803636969112567101e-01,4.091791233604393785e-01,3.540015055312527026e-01,4.469533798964441806e-01,3.908992154701664834e-01,4.002631350877913774e-01,3.231105155347270830e-01,4.136854963606770852e-01,3.619985033001694164e-01,3.987115565150339824e-01,4.238436931269676244e-01,4.073585397297539989e-01,3.375965882626361103e-01,4.284070254588849269e-01,4.259171632711056255e-01,4.087952381035497851e-01,4.038705472743432945e-01,0.000000000000000000e+00,4.763144117633454910e-01,0.000000000000000000e+00,4.958982945559710087e-01,4.925706136056596240e-01,4.276352135707623958e-01,0.000000000000000000e+00,0.000000000000000000e+00,0.000000000000000000e+00,4.034393292393465003e-01,4.899744804789851749e-01,0.000000000000000000e+00,4.803018201048582236e-01,5.032332153684151432e-01,4.916352547856813748e-01,4.880417608025621745e-01,4.961431725851498942e-01,0.000000000000000000e+00,4.543612370676077261e-01,0.000000000000000000e+00,4.972638464650842027e-01,4.604991296762246944e-01,4.202827953736805178e-01,0.000000000000000000e+00,0.000000000000000000e+00,0.000000000000000000e+00,4.870542026933306068e-01,4.109763465865304277e-01,4.874604607325345729e-01,4.051739016745192212e-01,5.054555768974934304e-01,0.000000000000000000e+00,0.000000000000000000e+00,4.346693864971700183e-01,5.040482269480732747e-01,4.866254188016818083e-01,4.974237135690117162e-01,4.812712882394187819e-01,4.882532307243693248e-01
3.948507970270954126e-01,3.355773606976585888e-01,4.349597784190367133e-01,2.956554045234756067e-01,4.449846168597753060e-01,4.065589862401751131e-01,4.212223848491898903e-01,4.964895640398382937e-01,4.410561678536255026e-01,0.000000000000000000e+00,4.595415437571594985e-01,2.744228992401092082e-01,4.096244659303961977e-01,1.695047191885535043e-01,4.314940256568388088e-01,3.534476009046749745e-01,3.027868078124837936e-01,3.393075033360306025e-01,4.455029563187268837e-01,4.081160790663340143e-01,4.866180097021933770e-01,3.940121265114031046e-01,4.872297051563623249e-01,2.963470648906285088e-01,2.901488939645862075e-01,3.061730673578190176e-01,4.326646663101407220e-01,3.878234640680551792e-01,4.148136118442343201e-01,0.000000000000000000e+00,2.956295414130740151e-01,3.761300211732708232e-01,2.654507760172303277e-01,3.046413049316744059e-01,3.230034112858042872e-01,3.479280283863850909e-01,2.730377725121054255e-01,2.736420993698915893e-01,3.579995731521988800e-01,3.419507662256057179e-01,3.722007962150257754e-01,3.892418933272093207e-01,0.000000000000000000e+00,0.000000000000000000e+00,2.936468755979901868e-01,4.120744880177675262e-01,3.995129255979992799e-01,0.000000000000000000e+00,0.000000000000000000e+00,0.000000000000000000e+00,0.000000000000000000e+00,4.127704061116060918e-01,0.000000000000000000e+00,0.000000000000000000e+00,4.016787987826337947e-01,0.000000000000000000e+00,4.193680184109341846e-01,4.189038313218431120e-01,0.000000000000000000e+00,0.000000000000000000e+00,4.057489857677388234e-01,4.098471228529811938e-01,4.014049189505092263e-01,0.000000000000000000e+00,0.000000000000000000e+00,0.000000000000000000e+00,0.000000000000000000e+00,0.000000000000000000e+00,3.757379778106650914e-01,3.992868300549702876e-01,4.155740938394031914e-01,5.105381030948948906e-01,4.048530733530528725e-01,4.041907206918485262e-01,0.000000000000000000e+00,3.907755652551315739e-01
0.000000000000000000e+00,3.797106326481642924e-01,2.826478069302246210e-01,3.944288762351049749e-01,3.137475094375761220e-01,3.518386300742643025e-01,4.166757144781814137e-01,3.414295207924348263e-01,2.720001272802823888e-01,4.595415437571594985e-01,0.000000000000000000e+00,4.124706314708997956e-01,4.279554621749622201e-01,3.107380651038070818e-01,0.000000000000000000e+00,0.000000000000000000e+00,0.000000000000000000e+00,4.391745136303986108e-01,2.508150247309576253e-01,0.000000000000000000e+00,3.772609845352419833e-01,4.014327736315310147e-01,2.924256049791009171e-01,4.564387553342318937e-01,4.350123859070306187e-01,4.381749655796973175e-01,3.389104597846184230e-01,4.225658119500469989e-01,0.000000000000000000e+00,0.000000000000000000e+00,4.371582485676426821e-01,4.049804366238589082e-01,4.355576327371831202e-01,4.435131720192904137e-01,4.304472351974225064e-01,2.699053296286677006e-01,3.151874699544212066e-01,4.218214095317959211e-01,4.652410490339963234e-01,0.000000000000000000e+00,4.665608568544888923e-01,0.000000000000000000e+00,3.671338231585725143e-01,0.000000000000000000e+00,0.000000000000000000e+00,0.000000000000000000e+00,0.000000000000000000e+00,4.635134082919646903e-01,0.000000000000000000e+00,0.000000000000000000e+00,4.767175651360412991e-01,4.640160553299125801e-01,4.335953296265088741e-01,4.639819564282117170e-01,0.000000000000000000e+00,2.738678507830736852e-01,0.000000000000000000e+00,4.657904144140916913e-01,4.001715266467033016e-01,0.000000000000000000e+00,0.000000000000000000e+00,0.000000000000000000e+00,0.000000000000000000e+00,4.546761107493516030e-01,0.000000000000000000e+00,0.000000000000000000e+00,0.000000000000000000e+00,4.643015533991016741e-01,0.000000000000000000e+00,0.000000000000000000e+00,0.000000000000000000e+00,4.765939433461227059e-01,4.546102712557157921e-01,0.000000000000000000e+00,0.000000000000000000e+00,0.000000000000000000e+00
3.856226189284949757e-01,3.311960967511248799e-01,0.000000000000000000e+00,0.000000000000000000e+00,4.368304603845000189e-01,0.000000000000000000e+00,4.005140128884351891e-01,4.959333951721178191e-01,4.269047971074881875e-01,2.744228992401092082e-01,4.124706314708997956e-01,0.000000000000000000e+00,3.959361169755700738e-01,0.000000000000000000e+00,0.000000000000000000e+00,3.306553310189758732e-01,3.254590201052210974e-01,3.313194953773622164e-01,0.000000000000000000e+00,0.000000000000000000e+00,0.000000000000000000e+00,3.729992734739747129e-01,4.872714429780380940e-01,2.673527222155617222e-01,3.024832217800775824e-01,2.877402137976771135e-01,0.000000000000000000e+00,3.688227990765053921e-01,0.000000000000000000e+00,0.000000000000000000e+00,3.072156941179821077e-01,2.832205259102347772e-01,2.529688987911692943e-01,2.912409847098095250e-01,3.336609859224716201e-01,2.868493599896155266e-01,2.992646153346090743e-01,2.387781044013440046e-01,2.933241867460644747e-01,3.492047752750210843e-01,3.672537059294384010e-01,0.000000000000000000e+00,0.000000000000000000e+00,0.000000000000000000e+00,2.921893881092421097e-01,0.000000000000000000e+00,0.000000000000000000e+00,0.000000000000000000e+00,0.000000000000000000e+00,0.000000000000000000e+00,0.000000000000000000e+00,0.000000000000000000e+00,0.000000000000000000e+00,0.000000000000000000e+00,3.989042685260483223e-01,0.000000000000000000e+00,4.162371514864006139e-01,4.053095130454896777e-01,0.000000000000000000e+00,0.000000000000000000e+00,0.000000000000000000e+00,4.034337181444193066e-01,3.955166435907794820e-01,0.000000000000000000e+00,0.000000000000000000e+00,0.000000000000000000e+00,0.000000000000000000e+00,0.000000000000000000e+00,3.728503546803688118e-01,4.042645949887759826e-01,4.156850323478670783e-01,0.000000000000000000e+00,4.019850031393091827e-01,0.000000000000000000e+00,0.000000000000000000e+00,3.910615252512577023e-01
4.523717183614974213e-01,4.239139318090422992e-01,4.073185843759435931e-01,3.191617304412063816e-01,3.760935800972470267e-01,3.430781333108888775e-01,3.144659551218720872e-01,4.451911511721574066e-01,3.532315845147669942e-01,4.096244659303961977e-01,4.279554621749622201e-01,3.959361169755700738e-01,0.000000000000000000e+00,3.462009165673903266e-01,4.109272360644286026e-01,4.690301080423980862e-01,4.186439905198174882e-01,4.524364634005411112e-01,4.202699896730865969e-01,4.250385120176800036e-01,4.380472522959167891e-01,4.665415756729702212e-01,4.060359817718803832e-01,4.006258150897767933e-01,4.273258727287612135e-01,4.233655508522977118e-01,3.894022359414708867e-01,3.318678874226533848e-01,4.071660565439457757e-01,3.805009362623871239e-01,3.857799232394384936e-01,4.223654572870427781e-01,3.800955113193654755e-01,4.152098882645087197e-01,4.278101086751426863e-01,3.873270161274137147e-01,3.833093959133085926e-01,3.879784292663349121e-01,4.954031610928806839e-01,0.000000000000000000e+00,5.213728394777240593e-01,5.157866182533860089e-01,4.673400051523589060e-01,0.000000000000000000e+00,0.000000000000000000e+00,0.000000000000000000e+00,4.237605745180653138e-01,4.911563272310073835e-01,0.000000000000000000e+00,4.948490581347996242e-01,5.110255004630434028e-01,5.141770610443208156e-01,4.983998823433677949e-01,5.045472584222832069e-01,0.000000000000000000e+00,4.547674680390669244e-01,0.000000000000000000e+00,5.144414984121946643e-01,4.331511962304452901e-01,4.421987785482999755e-01,0.000000000000000000e+00,0.000000000000000000e+00,0.000000000000000000e+00,4.985444261165342117e-01,4.775787653953459944e-01,4.673209130719976900e-01,4.581185458166945890e-01,5.070190232054320179e-01,0.000000000000000000e+00,4.408228925355324179e-01,4.528896774382931145e-01,5.107133690667787773e-01,5.101142626162976645e-01,5.056957184456702947e-01,5.086872340493379108e-01,5.082686406508254429e-01
5.178505479637350861e-01,0.000000000000000000e+00,3.701964481041351007e-01,2.964583660791971775e-01,3.110223934845072202e-01,3.923533645158088223e-01,3.271554182038621805e-01,3.821086814234667117e-01,3.756141348991908213e-01,1.695047191885535043e-01,3.107380651038070818e-01,0.000000000000000000e+00,3.462009165673903266e-01,0.000000000000000000e+00,0.000000000000000000e+00,0.000000000000000000e+00,0.000000000000000000e+00,0.000000000000000000e+00,3.553538795761769231e-01,0.000000000000000000e+00,4.618989176859064072e-01,0.000000000000000000e+00,3.694815425227063743e-01,5.193112630201741631e-01,0.000000000000000000e+00,5.010763748844891952e-01,4.441197109909327811e-01,3.241198103410101172e-01,0.000000000000000000e+00,0.000000000000000000e+00,3.846792611279403751e-01,1.880692251025228023e-01,0.000000000000000000e+00,4.416025695115907146e-01,3.048544500640346100e-01,1.971582537524735890e-01,1.807679245907642118e-01,0.000000000000000000e+00,0.000000000000000000e+00,0.000000000000000000e+00,0.000000000000000000e+00,0.000000000000000000e+00,3.377863623384165792e-01,0.000000000000000000e+00,0.000000000000000000e+00,0.000000000000000000e+00,0.000000000000000000e+00,4.337911313304800842e-01,0.000000000000000000e+00,0.000000000000000000e+00,4.415641933223445892e-01,0.000000000000000000e+00,4.433700969616817811e-01,4.381108864026919125e-01,0.000000000000000000e+00,3.996485789142609213e-01,0.000000000000000000e+00,4.600315872753701907e-01,4.121642410755156916e-01,0.000000000000000000e+00,0.000000000000000000e+00,0.000000000000000000e+00,0.000000000000000000e+00,0.000000000000000000e+00,0.000000000000000000e+00,0.000000000000000000e+00,0.000000000000000000e+00,4.619649459716343998e-01,0.000000000000000000e+00,0.000000000000000000e+00,0.000000000000000000e+00,4.544693134470226825e-01,3.610789387665108152e-01,0.000000000000000000e+00,0.000000000000000000e+00,0.000000000000000000e+00
4.105942763626068137e-01,4.350849512631486116e-01,3.707139674853699995e-01,5.141249538734943281e-01,3.754783299495059734e-01,3.815081049018784753e-01,4.178611346658658854e-01,4.441926017781329117e-01,3.743856409397501861e-01,4.314940256568388088e-01,0.000000000000000000e+00,0.000000000000000000e+00,4.109272360644286026e-01,0.000000000000000000e+00,0.000000000000000000e+00,4.294544345445612810e-01,4.203453323980135270e-01,4.117516114859929854e-01,0.000000000000000000e+00,3.265983007216917144e-01,4.104244918032068923e-01,3.932323945904709905e-01,3.647028137657324920e-01,4.451163180405587894e-01,4.137242518255367929e-01,4.136300617812129765e-01,3.897244660154244866e-01,4.188896312269280164e-01,4.025552029125384901e-01,3.972088051435607170e-01,4.328548495138849206e-01,4.735540300823989912e-01,3.906005290808092778e-01,4.721172081050125091e-01,5.189927376521020763e-01,5.193930314596407749e-01,0.000000000000000000e+00,0.000000000000000000e+00,4.729525682764779138e-01,4.665063112075721885e-01,4.686982516417141920e-01,4.993761897199233135e-01,0.000000000000000000e+00,0.000000000000000000e+00,0.000000000000000000e+00,5.047910809516906738e-01,4.940061133227284240e-01,0.000000000000000000e+00,0.000000000000000000e+00,0.000000000000000000e+00,4.493718686963680264e-01,0.000000000000000000e+00,4.845655916045463196e-01,0.000000000000000000e+00,0.000000000000000000e+00,0.000000000000000000e+00,0.000000000000000000e+00,0.000000000000000000e+00,0.000000000000000000e+00,5.040191400979218139e-01,4.664626028035471217e-01,0.000000000000000000e+00,4.603191339558636019e-01,0.000000000000000000e+00,4.484444214121717232e-01,4.940997678027613804e-01,4.839990654446963969e-01,4.621234905010994098e-01,0.000000000000000000e+00,4.425080742189457794e-01,5.268927887606890126e-01,4.592828374286282989e-01,4.235017658381490802e-01,4.269163882871530036e-01,0.000000000000000000e+00,4.478554783457833754e-01
3.824494835113997904e-01,4.094993265226347101e-01,3.936375549388037021e-01,0.000000000000000000e+00,4.268134736571553844e-01,4.228049776808415761e-01,4.637043461034203173e-01,4.551877765975048118e-01,4.161648182934424844e-01,3.534476009046749745e-01,0.000000000000000000e+00,3.306553310189758732e-01,4.690301080423980862e-01,0.000000000000000000e+00,4.294544345445612810e-01,0.000000000000000000e+00,3.605043996841674203e-01,3.373884418782628902e-01,0.000000000000000000e+00,4.130143491948826129e-01,4.237492296667060843e-01,3.875886536757242040e-01,4.251114037720831185e-01,3.449853481103918873e-01,3.605252071332634145e-01,4.122590835375787854e-01,4.312665581215707755e-01,4.608191814770125072e-01,4.429022722623111030e-01,4.474147412104830801e-01,3.647923554236214838e-01,4.649256726052101163e-01,3.748446392548023254e-01,3.956938494563392861e-01,4.527240642937865878e-01,0.000000000000000000e+00,0.000000000000000000e+00,0.000000000000000000e+00,4.585853389714538153e-01,4.226292810181762061e-01,4.301046862372939206e-01,4.527510050722807211e-01,0.000000000000000000e+00,0.000000000000000000e+00,0.000000000000000000e+00,4.468991675470646019e-01,4.458810653499998833e-01,0.000000000000000000e+00,0.000000000000000000e+00,0.000000000000000000e+00,4.192896102240645240e-01,0.000000000000000000e+00,0.000000000000000000e+00,0.000000000000000000e+00,3.991645671370234183e-01,0.000000000000000000e+00,4.456493470265560086e-01,0.000000000000000000e+00,0.000000000000000000e+00,4.853416975972532077e-01,4.416323184220581899e-01,4.114020733652338779e-01,4.349744507439047836e-01,0.000000000000000000e+00,4.476215411283028245e-01,0.000000000000000000e+00,4.444629837766699842e-01,4.408239552494914171e-01,4.165520617453853935e-01,4.322908185516021184e-01,4.454593937653988922e-01,4.698315551069072171e-01,0.000000000000000000e+00,4.371928275042757939e-01,0.000000000000000000e+00,4.246691289229824195e-01
3.623546839622195925e-01,3.762212083309777744e-01,0.000000000000000000e+00,0.000000000000000000e+00,0.000000000000000000e+00,4.189576352199900766e-01,0.000000000000000000e+00,5.014523164035630254e-01,0.000000000000000000e+00,3.027868078124837936e-01,0.000000000000000000e+00,3.254590201052210974e-01,4.186439905198174882e-01,0.000000000000000000e+00,4.203453323980135270e-01,3.605043996841674203e-01,0.000000000000000000e+00,3.262701625166570807e-01,0.000000000000000000e+00,4.050551617700279272e-01,4.737876630435270964e-01,4.011595053727952109e-01,4.865372345056154790e-01,3.198868223934929755e-01,2.798256157636965780e-01,3.258561212431139165e-01,0.000000000000000000e+00,4.017053045039982728e-01,4.282880781021223826e-01,0.000000000000000000e+00,3.172477588177726737e-01,4.446747677015281952e-01,3.151302278820345970e-01,3.459314168587064864e-01,3.773069594393030912e-01,4.078382849693297785e-01,0.000000000000000000e+00,2.941636542306381163e-01,4.308614645312859870e-01,3.979748273264981928e-01,4.130702441946059733e-01,4.255627775221004216e-01,0.000000000000000000e+00,0.000000000000000000e+00,0.000000000000000000e+00,4.200224520116764837e-01,4.263206083405908786e-01,0.000000000000000000e+00,0.000000000000000000e+00,0.000000000000000000e+00,0.000000000000000000e+00,0.000000000000000000e+00,0.000000000000000000e+00,0.000000000000000000e+00,4.323886526017780008e-01,0.000000000000000000e+00,4.378828151881866138e-01,0.000000000000000000e+00,0.000000000000000000e+00,0.000000000000000000e+00,3.874121694685939143e-01,4.230135444014588852e-01,4.108901221466934039e-01,0.000000000000000000e+00,0.000000000000000000e+00,0.000000000000000000e+00,0.000000000000000000e+00,0.000000000000000000e+00,3.827185622055573888e-01,4.121212017273030992e-01,4.280658753933329064e-01,0.000000000000000000e+00,0.000000000000000000e+00,0.000000000000000000e+00,0.000000000000000000e+00,4.146246157453525871e-01
3.702948435539031857e-01,3.800835073356796934e-01,4.073025635738010131e-01,0.000000000000000000e+00,4.386224314357671239e-01,4.110166445105141175e-01,4.393357158868740897e-01,4.816848755110790803e-01,4.093330576553281808e-01,3.393075033360306025e-01,4.391745136303986108e-01,3.313194953773622164e-01,4.524364634005411112e-01,0.000000000000000000e+00,4.117516114859929854e-01,3.373884418782628902e-01,3.262701625166570807e-01,0.000000000000000000e+00,4.357188145840997784e-01,4.259202880295002158e-01,4.189457743470456075e-01,4.086742979612247861e-01,4.301669691034989973e-01,3.186469952785646043e-01,3.220576481832956861e-01,3.562627659765539856e-01,4.169249360913367952e-01,4.360360680917668152e-01,4.409566406281156259e-01,4.308139288846439263e-01,3.470161207875436249e-01,4.333199762036316072e-01,3.302653669186174090e-01,3.713493115061857752e-01,4.060014337750867952e-01,0.000000000000000000e+00,0.000000000000000000e+00,2.748247739205815221e-01,4.458173883348819921e-01,4.088927157415112035e-01,4.176972335050486151e-01,4.320055080475059262e-01,0.000000000000000000e+00,0.000000000000000000e+00,0.000000000000000000e+00,4.226918502652806109e-01,4.323018966657263262e-01,0.000000000000000000e+00,0.000000000000000000e+00,0.000000000000000000e+00,4.162356680034342005e-01,0.000000000000000000e+00,0.000000000000000000e+00,0.000000000000000000e+00,4.283021208123812817e-01,0.000000000000000000e+00,4.304352222740838174e-01,4.262633708425523915e-01,0.000000000000000000e+00,0.000000000000000000e+00,4.378454353131637777e-01,4.209344373374587223e-01,4.217366619790948179e-01,0.000000000000000000e+00,4.274191661432715228e-01,4.494394882435429062e-01,4.208048988783754107e-01,4.461222725298535918e-01,3.882071545310241123e-01,4.172638583835815984e-01,4.283530977843563736e-01,4.191200031022577766e-01,4.200787081183264271e-01,4.288325861366236724e-01,0.000000000000000000e+00,4.188185079877517203e-01
0.000000000000000000e+00,0.000000000000000000e+00,2.596993176916634893e-01,3.902592723392607210e-01,3.474075688530419148e-01,3.406332499892847920e-01,4.137608089658902921e-01,3.880719269170689878e-01,2.746538702369172857e-01,4.455029563187268837e-01,2.508150247309576253e-01,0.000000000000000000e+00,4.202699896730865969e-01,3.553538795761769231e-01,0.000000000000000000e+00,0.000000000000000000e+00,0.000000000000000000e+00,4.357188145840997784e-01,0.000000000000000000e+00,0.000000000000000000e+00,3.981079727570406845e-01,3.856545004148829170e-01,3.203699492295464246e-01,0.000000000000000000e+00,4.120998599840772214e-01,4.128965479231733182e-01,3.428124554245305933e-01,4.228823697108005097e-01,3.532557040964722228e-01,0.000000000000000000e+00,4.291917878524397767e-01,4.054645713712646260e-01,0.000000000000000000e+00,4.358206560926394246e-01,4.293080179153196951e-01,3.642048963751152724e-01,4.506729384963611973e-01,4.195907403168003258e-01,4.751761071883012222e-01,0.000000000000000000e+00,4.808655344867042158e-01,0.000000000000000000e+00,3.674308715811140935e-01,0.000000000000000000e+00,0.000000000000000000e+00,0.000000000000000000e+00,0.000000000000000000e+00,4.721573743217475916e-01,0.000000000000000000e+00,4.422530772563555979e-01,4.958948808387860230e-01,4.662719959416468107e-01,4.651004015318100926e-01,4.754262368619279755e-01,0.000000000000000000e+00,2.136271626095518905e-01,0.000000000000000000e+00,4.842762724023081944e-01,4.167844760683083183e-01,0.000000000000000000e+00,0.000000000000000000e+00,0.000000000000000000e+00,0.000000000000000000e+00,4.676601246697837944e-01,0.000000000000000000e+00,0.000000000000000000e+00,0.000000000000000000e+00,4.921222409395620834e-01,0.000000000000000000e+00,0.000000000000000000e+00,0.000000000000000000e+00,4.890066288307194919e-01,4.809973637911050814e-01,0.000000000000000000e+00,0.000000000000000000e+00,0.000000000000000000e+00
4.576276678622833161e-01,4.407892760668242205e-01,3.637299796101809979e-01,5.217515078812675622e-01,3.827122866925289912e-01,3.759378150016080000e-01,4.222347175203360892e-01,3.954057756988406114e-01,3.746145980603036163e-01,4.081160790663340143e-01,0.000000000000000000e+00,0.000000000000000000e+00,4.250385120176800036e-01,0.000000000000000000e+00,3.265983007216917144e-01,4.130143491948826129e-01,4.050551617700279272e-01,4.259202880295002158e-01,0.000000000000000000e+00,0.000000000000000000e+00,4.316825834898411762e-01,4.179876344289087942e-01,2.749505467956500082e-01,4.970392099430733235e-01,4.129972833499335749e-01,4.398588309411652908e-01,3.831157946294062033e-01,4.039646137205378795e-01,3.712444945071151081e-01,4.035790815556972166e-01,4.106565662489961022e-01,4.775593915644003040e-01,3.999589325145426200e-01,4.678392079543141069e-01,5.189079084211244419e-01,5.296456434459690943e-01,5.144982320701431133e-01,0.000000000000000000e+00,4.442279469594598851e-01,4.288340060484250871e-01,4.503232757566065225e-01,4.738887645434521900e-01,4.792607363769578743e-01,0.000000000000000000e+00,0.000000000000000000e+00,0.000000000000000000e+00,4.526431167436049119e-01,0.000000000000000000e+00,0.000000000000000000e+00,0.000000000000000000e+00,4.431037420277131877e-01,0.000000000000000000e+00,0.000000000000000000e+00,0.000000000000000000e+00,0.000000000000000000e+00,0.000000000000000000e+00,0.000000000000000000e+00,4.645026505007981976e-01,0.000000000000000000e+00,4.632635234066733165e-01,4.428432741777079129e-01,0.000000000000000000e+00,4.375625653781660129e-01,0.000000000000000000e+00,4.359805899562860243e-01,4.533957389739219912e-01,4.575157768618109966e-01,4.498278321666415169e-01,0.000000000000000000e+00,4.294737296350145117e-01,4.944849459984856921e-01,4.546818756290488261e-01,4.468279184542475191e-01,4.312742768111499925e-01,4.397452587962654147e-01,4.361789521530617941e-01
4.453767477010461828e-01,4.184102708102366841e-01,3.735594939225729827e-01,5.374844266848416430e-01,3.797820509057004967e-01,3.845800166767233130e-01,4.206643510841495126e-01,3.824504681895180003e-01,3.803636969112567101e-01,4.866180097021933770e-01,3.772609845352419833e-01,0.000000000000000000e+00,4.380472522959167891e-01,4.618989176859064072e-01,4.104244918032068923e-01,4.237492296667060843e-01,4.737876630435270964e-01,4.189457743470456075e-01,3.981079727570406845e-01,4.316825834898411762e-01,0.000000000000000000e+00,4.709143793235366915e-01,3.879126712017846867e-01,5.005314711674742068e-01,4.443447589533879860e-01,4.108091089767371140e-01,4.071594381072994873e-01,4.465094916518864143e-01,4.249274011856760125e-01,4.369333220242789806e-01,4.185671588607546845e-01,4.689662229520494829e-01,3.774876949327093945e-01,4.737288421567041885e-01,5.280307167129095758e-01,5.124146203479235107e-01,5.324464790585549112e-01,5.017376542091369629e-01,4.644416407562512172e-01,4.104676956659277787e-01,4.680009989026365225e-01,5.048484019105714538e-01,0.000000000000000000e+00,0.000000000000000000e+00,0.000000000000000000e+00,3.737064308411675029e-01,4.477965387947410170e-01,0.000000000000000000e+00,0.000000000000000000e+00,0.000000000000000000e+00,4.412730251614175869e-01,0.000000000000000000e+00,4.280358099940940186e-01,0.000000000000000000e+00,0.000000000000000000e+00,0.000000000000000000e+00,0.000000000000000000e+00,4.705818400136563273e-01,0.000000000000000000e+00,4.699273534316545931e-01,4.251607649176064041e-01,0.000000000000000000e+00,0.000000000000000000e+00,0.000000000000000000e+00,4.465377053794752915e-01,3.908792124598102213e-01,4.727646913597199907e-01,4.559152418544676899e-01,0.000000000000000000e+00,4.409358006614736980e-01,4.968847762830542747e-01,4.747289726733264215e-01,4.491509089079975259e-01,4.313896409606751137e-01,4.458313356514179149e-01,4.452974124622577912e-01
