0.000000000000000000e+00,3.828595484472729904e-01,0.000000000000000000e+00,0.000000000000000000e+00,0.000000000000000000e+00,4.173353866785842192e-01,4.413831167878258244e-01,5.054512312894243742e-01,0.000000000000000000e+00,3.778923633802450111e-01,0.000000000000000000e+00,3.546525668430272060e-01,4.363554145355061920e-01,0.000000000000000000e+00,3.894312333999327969e-01,4.041807505267259182e-01,3.966088337830148136e-01,4.030856355564765847e-01,0.000000000000000000e+00,4.168318981698043157e-01,3.966322441804451815e-01,4.066925461892182958e-01,4.551171299614946153e-01,3.518649373820216253e-01,3.807542522728210033e-01,3.519207775163399887e-01,4.330570291547504169e-01,4.345544635615931073e-01,4.165827250883465949e-01,0.000000000000000000e+00,3.793980658750201740e-01,4.254284486918009089e-01,3.536322039413551943e-01,3.732897889844103978e-01,3.992433000012711730e-01,0.000000000000000000e+00,0.000000000000000000e+00,4.112534058485032840e-01,4.637825419087219236e-01,4.533682975025243866e-01,4.284337694031408739e-01,0.000000000000000000e+00,0.000000000000000000e+00,0.000000000000000000e+00,0.000000000000000000e+00,3.365588379731936919e-01,4.668341321688804224e-01,0.000000000000000000e+00,0.000000000000000000e+00,0.000000000000000000e+00,0.000000000000000000e+00,0.000000000000000000e+00,4.295034408569335938e-01,0.000000000000000000e+00,4.675485376918603886e-01,0.000000000000000000e+00,4.575689193360030771e-01,0.000000000000000000e+00,0.000000000000000000e+00,4.187951291097932738e-01,4.671940966984938215e-01,4.881514922782563826e-01,4.639309365977852817e-01,0.000000000000000000e+00,0.000000000000000000e+00,3.017497171242600751e-01,4.528596216660611962e-01,0.000000000000000000e+00,3.718146479652327807e-01,4.617415469154427798e-01,4.422037204194543825e-01,0.000000000000000000e+00,0.000000000000000000e+00,0.000000000000000000e+00,0.000000000000000000e+00,4.363307633254058238e-01
3.828595484472729904e-01,0.000000000000000000e+00,0.000000000000000000e+00,0.000000000000000000e+00,0.000000000000000000e+00,4.227832467299654784e-01,4.412830296346493819e-01,4.616135372925130875e-01,0.000000000000000000e+00,3.552057479655150174e-01,0.000000000000000000e+00,3.663597958860519976e-01,4.560419800825059045e-01,0.000000000000000000e+00,4.202037436414379212e-01,4.046015350010387923e-01,3.995444710902366081e-01,3.945497294807839839e-01,0.000000000000000000e+00,4.213363361423361209e-01,4.165400016653730275e-01,4.092870438547673850e-01,4.159728453619260247e-01,3.798609083751401938e-01,3.597505771279351228e-01,3.791210447349199764e-01,4.028982961766537918e-01,4.272733209306079916e-01,4.272481105665865142e-01,0.000000000000000000e+00,3.769240763170221831e-01,4.214555806606308797e-01,3.559401091472451095e-01,3.762615795392276752e-01,4.117455372544220893e-01,0.000000000000000000e+00,0.000000000000000000e+00,0.000000000000000000e+00,4.687026740482589937e-01,4.589028101537552806e-01,4.473912908672942890e-01,4.605523758275635871e-01,0.000000000000000000e+00,0.000000000000000000e+00,0.000000000000000000e+00,4.263742218371484038e-01,4.747400306850533824e-01,0.000000000000000000e+00,0.000000000000000000e+00,0.000000000000000000e+00,4.497618226320154733e-01,4.483241568910358854e-01,4.399681826285549158e-01,0.000000000000000000e+00,0.000000000000000000e+00,0.000000000000000000e+00,0.000000000000000000e+00,4.614528619821807176e-01,0.000000000000000000e+00,4.831954114466313066e-01,4.639660141410805183e-01,4.678367768476691113e-01,4.673982887579842815e-01,0.000000000000000000e+00,4.624382745444712839e-01,4.597318264757708772e-01,4.667204141149957075e-01,4.727951669427756243e-01,4.450633665935604943e-01,4.704183519701384264e-01,4.811494221340084088e-01,4.659154801541411928e-01,4.892510455280156823e-01,4.697059232953145202e-01,0.000000000000000000e+00,4.393286284166050826e-01
0.000000000000000000e+00,0.000000000000000000e+00,0.000000000000000000e+00,4.466316032716650120e-01,3.601886267750756265e-01,3.660071808976226859e-01,4.198900417063081147e-01,4.415136295802007949e-01,2.759858681359798060e-01,4.449111968108463988e-01,2.878191762185594027e-01,4.625816695847099758e-01,4.373020499115942150e-01,4.076323756852489044e-01,0.000000000000000000e+00,0.000000000000000000e+00,0.000000000000000000e+00,0.000000000000000000e+00,2.389246866474384057e-01,0.000000000000000000e+00,0.000000000000000000e+00,0.000000000000000000e+00,3.323339154652614202e-01,0.000000000000000000e+00,0.000000000000000000e+00,4.428576541525475752e-01,2.951186368124310011e-01,4.453581803465471167e-01,3.936898198448064989e-01,4.505409701355300167e-01,4.532324549655694090e-01,4.319943823290869900e-01,4.052498055569215829e-01,4.556995806364729229e-01,4.393195431765106185e-01,4.110118664333237137e-01,4.421648583552598155e-01,4.222220826390393200e-01,4.802465464444262144e-01,0.000000000000000000e+00,4.804715277273047258e-01,0.000000000000000000e+00,4.945122119120932136e-01,0.000000000000000000e+00,0.000000000000000000e+00,0.000000000000000000e+00,0.000000000000000000e+00,2.834236807076196962e-01,0.000000000000000000e+00,4.542894953633144217e-01,5.527540418404627287e-01,5.169905064837808650e-01,4.815787074292398051e-01,5.569380161825444597e-01,4.637588750866962206e-01,2.831506102339476083e-01,0.000000000000000000e+00,5.053529679387867013e-01,4.548485073184838079e-01,0.000000000000000000e+00,0.000000000000000000e+00,0.000000000000000000e+00,0.000000000000000000e+00,3.149826815236655975e-01,0.000000000000000000e+00,0.000000000000000000e+00,0.000000000000000000e+00,5.609909749182752092e-01,0.000000000000000000e+00,0.000000000000000000e+00,0.000000000000000000e+00,5.652556907462784608e-01,4.921432361641611131e-01,5.177421908125697803e-01,0.000000000000000000e+00,0.000000000000000000e+00
0.000000000000000000e+00,0.000000000000000000e+00,4.466316032716650120e-01,0.000000000000000000e+00,2.806729456879643037e-01,4.048369482094072991e-01,2.802889105571180206e-01,0.000000000000000000e+00,4.023884938671062894e-01,4.047368764877318781e-01,3.569179657398979799e-01,0.000000000000000000e+00,3.510585570360241214e-01,3.288430096568102923e-01,0.000000000000000000e+00,0.000000000000000000e+00,0.000000000000000000e+00,0.000000000000000000e+00,4.069702676362765836e-01,0.000000000000000000e+00,0.000000000000000000e+00,0.000000000000000000e+00,3.801061173239200230e-01,0.000000000000000000e+00,0.000000000000000000e+00,0.000000000000000000e+00,0.000000000000000000e+00,3.028520764326376180e-01,0.000000000000000000e+00,0.000000000000000000e+00,3.318678199711774801e-01,3.221545172255145806e-01,0.000000000000000000e+00,3.628416043371388011e-01,3.544526795887725235e-01,2.385197253764700098e-01,1.812833854270581024e-01,0.000000000000000000e+00,0.000000000000000000e+00,0.000000000000000000e+00,0.000000000000000000e+00,0.000000000000000000e+00,0.000000000000000000e+00,0.000000000000000000e+00,0.000000000000000000e+00,0.000000000000000000e+00,0.000000000000000000e+00,0.000000000000000000e+00,0.000000000000000000e+00,0.000000000000000000e+00,0.000000000000000000e+00,0.000000000000000000e+00,0.000000000000000000e+00,0.000000000000000000e+00,0.000000000000000000e+00,0.000000000000000000e+00,0.000000000000000000e+00,0.000000000000000000e+00,0.000000000000000000e+00,0.000000000000000000e+00,0.000000000000000000e+00,0.000000000000000000e+00,0.000000000000000000e+00,0.000000000000000000e+00,0.000000000000000000e+00,0.000000000000000000e+00,0.000000000000000000e+00,0.000000000000000000e+00,0.000000000000000000e+00,0.000000000000000000e+00,0.000000000000000000e+00,0.000000000000000000e+00,0.000000000000000000e+00,0.000000000000000000e+00,0.000000000000000000e+00,0.000000000000000000e+00
0.000000000000000000e+00,0.000000000000000000e+00,3.601886267750756265e-01,2.806729456879643037e-01,0.000000000000000000e+00,3.687291088292675156e-01,3.230407564819516852e-01,3.841856904722105726e-01,3.212563337889999815e-01,4.356065120781759115e-01,3.141806831431406266e-01,4.000289009023890729e-01,3.648948534914154274e-01,3.057495358849133815e-01,0.000000000000000000e+00,4.487119868522492228e-01,4.606880838586283056e-01,4.437882377041811877e-01,3.600113514035577222e-01,4.032366296273514061e-01,0.000000000000000000e+00,4.464777152018554185e-01,3.883459330109694796e-01,4.125656752153343820e-01,4.200653292806205141e-01,4.222414902751622789e-01,3.604333068355269898e-01,3.765921982868413731e-01,4.065433308389231892e-01,0.000000000000000000e+00,4.371508826107777246e-01,3.801755007555723820e-01,3.974749726557225138e-01,4.237640104184000056e-01,4.174660882505193960e-01,2.734099106418069192e-01,2.609289102507102998e-01,4.034531826617723249e-01,4.547358562126456727e-01,0.000000000000000000e+00,4.999826367846086916e-01,0.000000000000000000e+00,4.274620506108854912e-01,0.000000000000000000e+00,0.000000000000000000e+00,0.000000000000000000e+00,0.000000000000000000e+00,5.336015260307448438e-01,0.000000000000000000e+00,5.022787387781006974e-01,5.144414898472188247e-01,5.288624349260278024e-01,4.717602148114927174e-01,5.321057579250964009e-01,0.000000000000000000e+00,3.533529111243903231e-01,0.000000000000000000e+00,5.103852765501429856e-01,4.677980802462993193e-01,0.000000000000000000e+00,0.000000000000000000e+00,0.000000000000000000e+00,0.000000000000000000e+00,5.138614462087133239e-01,4.642557828315562740e-01,0.000000000000000000e+00,0.000000000000000000e+00,5.216550099415631081e-01,0.000000000000000000e+00,0.000000000000000000e+00,0.000000000000000000e+00,5.249926144053008725e-01,4.981366051362425829e-01,4.906465112300560927e-01,0.000000000000000000e+00,0.000000000000000000e+00
4.173353866785842192e-01,4.227832467299654784e-01,3.660071808976226859e-01,4.048369482094072991e-01,3.687291088292675156e-01,0.000000000000000000e+00,3.875651102879820176e-01,4.098714727880594100e-01,3.264207852417599920e-01,4.619430025198125178e-01,3.454610860071378187e-01,4.416225725224119936e-01,3.939340917340444781e-01,4.077258688984748969e-01,4.084110631727683183e-01,4.495037892228305743e-01,4.418532303756594892e-01,4.323826150855630823e-01,3.471387333275707254e-01,4.037786456520620071e-01,4.136464678533229855e-01,4.329616686914958823e-01,3.848489923252836897e-01,4.507165622754049084e-01,4.093426971745600107e-01,4.098874827637207785e-01,3.441764233498786907e-01,3.850509947933490884e-01,3.405809048502453917e-01,4.175563706977782896e-01,4.376631017348635022e-01,4.203040657055087115e-01,3.749066556223150104e-01,4.455260910723358170e-01,4.374915722931697060e-01,4.288950268995058157e-01,4.430983114682658930e-01,4.149018965089795175e-01,5.140208975266664648e-01,4.991220416101648794e-01,5.202794567729425168e-01,5.114554791333008055e-01,4.943940317118359906e-01,0.000000000000000000e+00,0.000000000000000000e+00,0.000000000000000000e+00,4.524851244894365077e-01,5.334756250331080807e-01,0.000000000000000000e+00,5.408514355569712384e-01,5.228040549505102996e-01,5.361965651416291667e-01,4.753447542544658178e-01,5.563118968418895305e-01,5.112287448994431438e-01,4.985621817840867886e-01,0.000000000000000000e+00,5.263560113668912521e-01,5.087093624727642149e-01,4.854600961059374886e-01,4.714385491801574846e-01,0.000000000000000000e+00,4.984719297005342220e-01,5.552622525880334114e-01,4.960875420014559944e-01,4.782128025039084074e-01,4.689073465132345131e-01,5.298658369784063904e-01,0.000000000000000000e+00,4.544377942666654180e-01,4.584466533854643089e-01,5.324179745464656666e-01,5.215936031127519357e-01,5.157615907104441400e-01,5.185557952635491130e-01,5.137230941835282394e-01
4.413831167878258244e-01,4.412830296346493819e-01,4.198900417063081147e-01,2.802889105571180206e-01,3.230407564819516852e-01,3.875651102879820176e-01,0.000000000000000000e+00,4.392950140411314153e-01,3.675566439221029102e-01,4.227624517151334915e-01,3.975627958113293059e-01,4.071869454882374728e-01,3.404487279559060275e-01,3.202052087908610067e-01,0.000000000000000000e+00,4.727399025815208211e-01,4.452566470491124972e-01,4.560203956468917852e-01,4.313948385180155776e-01,4.285291212632725832e-01,4.304290682120178735e-01,4.647725662743065755e-01,4.167583227612309260e-01,4.142848525702936269e-01,4.348069597498055994e-01,4.325063735843274193e-01,4.132022995622329220e-01,3.712786929952832105e-01,4.316536268809256782e-01,4.247792718034610893e-01,4.105559189858316027e-01,4.155295996887919951e-01,3.913507011017108850e-01,4.070652481404095080e-01,3.985789503887289253e-01,3.310896036796269204e-01,3.671179582830227939e-01,3.947094397108548147e-01,4.929926249645005809e-01,3.845482975465973063e-01,4.426869664256550818e-01,4.433797805125774261e-01,4.642689852476051815e-01,0.000000000000000000e+00,3.729131384558982965e-01,0.000000000000000000e+00,4.725170986068911727e-01,5.513883917316814154e-01,0.000000000000000000e+00,5.260153492410100107e-01,5.161070455104040944e-01,5.276033656169585306e-01,4.849491029668341890e-01,5.499881547007745564e-01,0.000000000000000000e+00,4.308592858007376791e-01,4.790844142143559914e-01,5.169832199431246833e-01,0.000000000000000000e+00,4.950205220820784180e-01,4.835506032184300196e-01,0.000000000000000000e+00,4.904329815122016045e-01,5.407691085427935862e-01,4.960053962287088725e-01,0.000000000000000000e+00,4.770631248481612130e-01,5.234999794862794653e-01,0.000000000000000000e+00,4.755246179976910792e-01,4.677157914371177228e-01,5.242538412828706695e-01,5.156851187921109858e-01,5.080731820150089506e-01,5.178802319730884118e-01,5.058219886550694433e-01
5.054512312894243742e-01,4.616135372925130875e-01,4.415136295802007949e-01,0.000000000000000000e+00,3.841856904722105726e-01,4.098714727880594100e-01,4.392950140411314153e-01,0.000000000000000000e+00,4.584072371337494789e-01,4.749346801516524108e-01,3.029034793807056092e-01,4.793094051421520896e-01,4.442285577679185860e-01,3.375801001453245798e-01,4.335572662221673923e-01,4.604397481741224207e-01,0.000000000000000000e+00,4.822659990678976882e-01,4.197313120720412849e-01,4.171674195031576104e-01,4.154227127542581277e-01,4.422647843514764809e-01,3.685216908204930752e-01,5.052239506892323151e-01,4.868497973154495839e-01,4.847529176289667729e-01,4.005228469977932804e-01,4.326686889849840068e-01,4.164741991394860787e-01,4.212402381613256086e-01,4.324834624605051747e-01,3.110167160479536119e-01,4.375178918779911164e-01,4.425952067921891109e-01,4.375686304964003792e-01,3.140870597774397810e-01,4.385973732730434893e-01,4.820618479418727897e-01,4.166505064556579874e-01,0.000000000000000000e+00,4.709506273628699113e-01,4.681827178003932777e-01,4.036419515828799098e-01,0.000000000000000000e+00,0.000000000000000000e+00,4.801151402906910226e-01,4.871009095589988180e-01,5.227845707259153318e-01,0.000000000000000000e+00,4.398789743931770801e-01,4.716743975478189799e-01,4.970218150354027142e-01,3.824015842999864967e-01,5.313088410053925514e-01,0.000000000000000000e+00,4.356216907540316208e-01,0.000000000000000000e+00,4.808057427551306051e-01,4.266295553988088129e-01,4.915259929414695916e-01,4.929768282357844811e-01,0.000000000000000000e+00,0.000000000000000000e+00,4.999051898543561134e-01,4.795582929502603120e-01,4.437357968227381155e-01,4.886951936548724063e-01,4.768380468578610754e-01,0.000000000000000000e+00,4.875386288138343072e-01,4.849090456521956138e-01,5.041659188317350049e-01,4.876379348304559214e-01,4.769866335863510165e-01,4.863201742647778048e-01,4.903670016547687083e-01
0.000000000000000000e+00,0.000000000000000000e+00,2.759858681359798060e-01,4.023884938671062894e-01,3.212563337889999815e-01,3.264207852417599920e-01,3.675566439221029102e-01,4.584072371337494789e-01,0.000000000000000000e+00,4.648341606463640141e-01,3.003149168630513954e-01,4.391005684188136748e-01,4.085688325268346799e-01,4.001859765439942929e-01,0.000000000000000000e+00,4.324757843120642931e-01,4.654017178056744086e-01,4.585125510783115144e-01,2.492034842916910076e-01,0.000000000000000000e+00,0.000000000000000000e+00,0.000000000000000000e+00,3.843851999856777724e-01,4.496697695230351122e-01,4.531007548640307858e-01,4.498646436430830953e-01,3.262991338648474904e-01,4.467574139183171922e-01,4.057631731941230835e-01,4.501724099348761166e-01,4.595858400612191086e-01,4.361080369671755941e-01,4.227781488802829779e-01,4.572595049315513194e-01,4.485346693393650885e-01,4.243003966272054228e-01,4.496163876033458240e-01,4.312722372563532747e-01,5.026795015476380746e-01,4.266074909693364225e-01,4.934802257349201193e-01,5.117461683833479658e-01,4.961533667334901976e-01,0.000000000000000000e+00,4.185306439467669781e-01,0.000000000000000000e+00,0.000000000000000000e+00,4.700758237512271953e-01,0.000000000000000000e+00,5.309285488060062619e-01,5.437406878993102932e-01,5.520012571290803249e-01,5.148687963125372358e-01,5.633481995309300716e-01,0.000000000000000000e+00,3.614303486220512007e-01,0.000000000000000000e+00,5.429701893441436500e-01,5.108496548018911509e-01,0.000000000000000000e+00,0.000000000000000000e+00,0.000000000000000000e+00,0.000000000000000000e+00,5.515936118125717158e-01,4.946222798407868826e-01,0.000000000000000000e+00,0.000000000000000000e+00,5.614350466406867746e-01,0.000000000000000000e+00,0.000000000000000000e+00,0.000000000000000000e+00,5.611382031152840622e-01,5.376997028910375231e-01,5.164151988531480164e-01,0.000000000000000000e+00,5.254094351727354173e-01
3.778923633802450111e-01,3.552057479655150174e-01,4.449111968108463988e-01,4.047368764877318781e-01,4.356065120781759115e-01,4.619430025198125178e-01,4.227624517151334915e-01,4.749346801516524108e-01,4.648341606463640141e-01,0.000000000000000000e+00,4.577699295422210102e-01,2.803598188543162117e-01,4.323980386320775970e-01,0.000000000000000000e+00,0.000000000000000000e+00,4.056501581828562131e-01,3.579466464495965061e-01,3.843603976314824977e-01,4.668310382220993149e-01,4.014230966665414124e-01,4.418855780625112195e-01,3.956938460580711192e-01,4.516546813406803196e-01,3.407247823737776793e-01,3.170983112507769208e-01,3.057318616402480149e-01,4.444692687734345116e-01,4.153103140483114797e-01,4.345571447602442072e-01,3.963790885228946070e-01,3.450254456777179790e-01,3.730838453586701187e-01,3.274269769793862750e-01,3.253634056019188980e-01,3.132133015418160915e-01,3.923557148203253853e-01,3.755704197521561039e-01,2.931380105843365835e-01,3.418844323601075152e-01,4.582001158076182135e-01,4.120814184958945803e-01,3.999880533088502887e-01,3.094410390611738726e-01,3.506627380847930908e-01,4.103132977476799947e-01,3.986823024044076069e-01,0.000000000000000000e+00,0.000000000000000000e+00,0.000000000000000000e+00,0.000000000000000000e+00,5.102634889148051078e-01,4.349081895186793778e-01,0.000000000000000000e+00,4.721714655505458991e-01,4.651251146507344725e-01,0.000000000000000000e+00,4.505865396805366907e-01,4.542645244385686842e-01,0.000000000000000000e+00,0.000000000000000000e+00,4.317669129122712057e-01,4.772292154090124194e-01,4.757834383486577168e-01,4.490767333811735984e-01,0.000000000000000000e+00,0.000000000000000000e+00,0.000000000000000000e+00,5.023967005338995095e-01,4.043464094567051914e-01,4.655774573791882087e-01,4.411221745794129956e-01,5.160676649204409827e-01,4.007970878779337776e-01,5.019189359077652623e-01,0.000000000000000000e+00,4.517344522310642874e-01
0.000000000000000000e+00,0.000000000000000000e+00,2.878191762185594027e-01,3.569179657398979799e-01,3.141806831431406266e-01,3.454610860071378187e-01,3.975627958113293059e-01,3.029034793807056092e-01,3.003149168630513954e-01,4.577699295422210102e-01,0.000000000000000000e+00,4.169174952351745178e-01,4.449485475176072069e-01,2.725817181205701933e-01,0.000000000000000000e+00,0.000000000000000000e+00,4.620345196528305998e-01,4.611786786176513275e-01,2.459479517554082895e-01,0.000000000000000000e+00,0.000000000000000000e+00,0.000000000000000000e+00,2.648817206510509781e-01,4.001238031611316082e-01,4.504828443442024932e-01,4.572224999152891267e-01,3.371061084585276202e-01,4.495028466260587163e-01,0.000000000000000000e+00,0.000000000000000000e+00,4.658220310768134143e-01,4.126262467288530078e-01,4.163283334179508910e-01,4.516081395951987987e-01,4.364680494892180240e-01,3.040409856931647892e-01,3.993955025787637170e-01,4.012336847745113788e-01,4.303805677806307184e-01,0.000000000000000000e+00,4.568233945624841086e-01,0.000000000000000000e+00,4.373310547552898830e-01,0.000000000000000000e+00,0.000000000000000000e+00,0.000000000000000000e+00,0.000000000000000000e+00,4.697011189770908257e-01,0.000000000000000000e+00,5.022883121482257796e-01,5.132090241337757819e-01,5.155775820363353024e-01,4.618528242411221174e-01,5.335361894041921182e-01,0.000000000000000000e+00,2.314712864003961035e-01,0.000000000000000000e+00,5.015381574441301060e-01,4.638902308758243165e-01,0.000000000000000000e+00,0.000000000000000000e+00,0.000000000000000000e+00,0.000000000000000000e+00,3.066107298846318940e-01,4.428395167652582898e-01,0.000000000000000000e+00,0.000000000000000000e+00,5.199548748694485800e-01,0.000000000000000000e+00,0.000000000000000000e+00,0.000000000000000000e+00,5.370891221447623431e-01,4.842440078710211204e-01,4.717126958057201169e-01,0.000000000000000000e+00,4.558545524724703091e-01
3.546525668430272060e-01,3.663597958860519976e-01,4.625816695847099758e-01,0.000000000000000000e+00,4.000289009023890729e-01,4.416225725224119936e-01,4.071869454882374728e-01,4.793094051421520896e-01,4.391005684188136748e-01,2.803598188543162117e-01,4.169174952351745178e-01,0.000000000000000000e+00,4.174178572796239939e-01,0.000000000000000000e+00,0.000000000000000000e+00,3.901479966490847828e-01,3.713483212589219207e-01,3.613892346013163892e-01,4.525823069075439187e-01,3.998648724254516007e-01,4.371597511622897780e-01,3.870012426527644767e-01,4.564691735880100909e-01,3.137043068021391767e-01,3.334727370482671871e-01,3.036723621519161753e-01,0.000000000000000000e+00,3.947447203753505773e-01,4.125641029131867921e-01,0.000000000000000000e+00,3.721310954142885152e-01,3.145632208066890256e-01,3.402969804225272066e-01,2.785708111676427068e-01,3.032294859971924050e-01,3.280597861680654148e-01,2.915386098173777252e-01,2.771804006422574074e-01,3.098355218832227198e-01,4.617768081404132197e-01,3.836071355871332744e-01,4.039666340022661228e-01,2.977153793408321980e-01,0.000000000000000000e+00,3.963775222286877176e-01,3.918398251455628145e-01,0.000000000000000000e+00,0.000000000000000000e+00,0.000000000000000000e+00,0.000000000000000000e+00,0.000000000000000000e+00,4.433030909694811172e-01,0.000000000000000000e+00,4.825262153802143961e-01,4.650446349928736844e-01,0.000000000000000000e+00,4.471018877868139230e-01,4.460864367015445198e-01,0.000000000000000000e+00,0.000000000000000000e+00,4.452547243165270729e-01,4.757478327913179927e-01,4.742231058342238903e-01,0.000000000000000000e+00,0.000000000000000000e+00,0.000000000000000000e+00,0.000000000000000000e+00,0.000000000000000000e+00,3.862154340018376097e-01,4.559092993861864063e-01,4.331182238991532207e-01,0.000000000000000000e+00,4.408207099682934782e-01,0.000000000000000000e+00,0.000000000000000000e+00,4.438463050390911158e-01
4.363554145355061920e-01,4.560419800825059045e-01,4.373020499115942150e-01,3.510585570360241214e-01,3.648948534914154274e-01,3.939340917340444781e-01,3.404487279559060275e-01,4.442285577679185860e-01,4.085688325268346799e-01,4.323980386320775970e-01,4.449485475176072069e-01,4.174178572796239939e-01,0.000000000000000000e+00,3.760319066753259887e-01,4.217145628080263831e-01,4.787984974816141270e-01,4.465843778425254151e-01,4.606605368449808169e-01,4.580859466107020106e-01,4.350815511480912168e-01,4.407524648124848121e-01,4.672061783600415796e-01,4.253025535508940247e-01,4.280906026881682869e-01,4.390045025817467250e-01,4.350017044483197037e-01,4.204069430836552268e-01,3.860152906139279194e-01,4.175166603784756236e-01,4.222101698941098102e-01,4.196371065273861167e-01,4.295455735640468786e-01,4.003623838226444964e-01,4.247834955872678009e-01,4.216004688290864166e-01,4.007650551461864885e-01,4.067072467031406791e-01,4.058772134534143761e-01,4.750695168860019080e-01,3.807342758256563875e-01,4.587276894911244129e-01,4.862648482459661081e-01,4.561228662467575190e-01,0.000000000000000000e+00,3.825023170844862874e-01,0.000000000000000000e+00,4.676717778382564750e-01,5.499437301228038422e-01,0.000000000000000000e+00,5.299479525169779048e-01,5.215323097382825734e-01,5.292189357781171832e-01,4.896069810816264245e-01,5.498597020261869472e-01,0.000000000000000000e+00,4.624340133650071127e-01,0.000000000000000000e+00,5.194078931546209921e-01,5.019118516769587313e-01,4.961770204170726228e-01,4.752337811700054759e-01,0.000000000000000000e+00,4.827314837671328740e-01,5.350589777726296736e-01,4.933834486380750950e-01,4.743624294288020793e-01,4.782349201485244783e-01,5.274740487976683490e-01,0.000000000000000000e+00,4.741428821444855224e-01,4.725989123312855922e-01,5.280763837022540708e-01,5.181851079088194423e-01,5.113767364203762877e-01,5.155378493841746845e-01,5.064081410693105356e-01
0.000000000000000000e+00,0.000000000000000000e+00,4.076323756852489044e-01,3.288430096568102923e-01,3.057495358849133815e-01,4.077258688984748969e-01,3.202052087908610067e-01,3.375801001453245798e-01,4.001859765439942929e-01,0.000000000000000000e+00,2.725817181205701933e-01,0.000000000000000000e+00,3.760319066753259887e-01,0.000000000000000000e+00,0.000000000000000000e+00,0.000000000000000000e+00,0.000000000000000000e+00,0.000000000000000000e+00,3.579336834777949727e-01,0.000000000000000000e+00,0.000000000000000000e+00,0.000000000000000000e+00,3.767426044699022092e-01,0.000000000000000000e+00,0.000000000000000000e+00,4.753139567446589275e-01,4.067986112069931770e-01,3.478255836365607978e-01,0.000000000000000000e+00,0.000000000000000000e+00,0.000000000000000000e+00,2.212637709629569072e-01,0.000000000000000000e+00,0.000000000000000000e+00,0.000000000000000000e+00,2.646455316655357826e-01,2.061844449812623992e-01,0.000000000000000000e+00,4.269940951612096747e-01,0.000000000000000000e+00,0.000000000000000000e+00,0.000000000000000000e+00,4.133466740334094114e-01,0.000000000000000000e+00,0.000000000000000000e+00,0.000000000000000000e+00,0.000000000000000000e+00,4.896304297817922757e-01,0.000000000000000000e+00,0.000000000000000000e+00,4.786805771096950823e-01,4.792203545320303792e-01,0.000000000000000000e+00,5.251415569619634072e-01,0.000000000000000000e+00,3.825674291795158055e-01,0.000000000000000000e+00,0.000000000000000000e+00,0.000000000000000000e+00,0.000000000000000000e+00,0.000000000000000000e+00,0.000000000000000000e+00,0.000000000000000000e+00,4.950681789248317921e-01,0.000000000000000000e+00,0.000000000000000000e+00,0.000000000000000000e+00,5.190215877202885020e-01,0.000000000000000000e+00,0.000000000000000000e+00,0.000000000000000000e+00,5.226054540756640554e-01,0.000000000000000000e+00,0.000000000000000000e+00,0.000000000000000000e+00,0.000000000000000000e+00
3.894312333999327969e-01,4.202037436414379212e-01,0.000000000000000000e+00,0.000000000000000000e+00,0.000000000000000000e+00,4.084110631727683183e-01,0.000000000000000000e+00,4.335572662221673923e-01,0.000000000000000000e+00,0.000000000000000000e+00,0.000000000000000000e+00,0.000000000000000000e+00,4.217145628080263831e-01,0.000000000000000000e+00,0.000000000000000000e+00,4.268249289283341241e-01,4.147115408978236939e-01,4.210855640093307262e-01,0.000000000000000000e+00,3.079209160552532909e-01,3.895942381738854987e-01,3.633851760633604044e-01,3.537870941718693207e-01,4.276073682610543880e-01,4.066731703040529777e-01,3.713031332162193832e-01,3.831291736903801870e-01,3.928655604355005826e-01,3.926659735910155158e-01,0.000000000000000000e+00,4.007336543627875725e-01,4.288493631564472830e-01,3.736178012496622070e-01,4.133629224837687133e-01,4.426632961032127001e-01,0.000000000000000000e+00,0.000000000000000000e+00,0.000000000000000000e+00,4.805280713539020199e-01,4.521837770176582727e-01,4.530265001689762205e-01,4.900417865278012264e-01,4.025951683500224032e-01,0.000000000000000000e+00,0.000000000000000000e+00,5.047420106595142952e-01,4.957370288298170169e-01,0.000000000000000000e+00,0.000000000000000000e+00,0.000000000000000000e+00,4.740731593932417942e-01,0.000000000000000000e+00,0.000000000000000000e+00,0.000000000000000000e+00,0.000000000000000000e+00,0.000000000000000000e+00,3.993580430401644787e-01,5.042393890435236115e-01,0.000000000000000000e+00,4.927980363149729870e-01,4.559322914129467774e-01,0.000000000000000000e+00,4.504289357146816775e-01,0.000000000000000000e+00,4.657742507453979108e-01,4.609309298376416120e-01,5.010863392830903207e-01,4.870346330225691078e-01,3.983285412359138244e-01,4.543674419022067923e-01,5.112273244613074752e-01,4.876183974113157960e-01,4.854214283733183088e-01,4.831001785087126188e-01,4.930404802535803821e-01,4.583747719656339203e-01
4.041807505267259182e-01,4.046015350010387923e-01,0.000000000000000000e+00,0.000000000000000000e+00,4.487119868522492228e-01,4.495037892228305743e-01,4.727399025815208211e-01,4.604397481741224207e-01,4.324757843120642931e-01,4.056501581828562131e-01,0.000000000000000000e+00,3.901479966490847828e-01,4.787984974816141270e-01,0.000000000000000000e+00,4.268249289283341241e-01,0.000000000000000000e+00,4.119596147707227929e-01,3.816112584615887204e-01,0.000000000000000000e+00,4.128505049218922918e-01,4.195099392026755969e-01,3.942967826369241924e-01,4.398942890591915900e-01,3.981909996019057929e-01,3.955074261889636733e-01,4.181156287739121735e-01,4.270806667695757897e-01,4.622740617422527176e-01,4.503735313287747233e-01,4.282003285980058860e-01,3.829054856318854227e-01,4.479333676716811818e-01,3.708110228167482147e-01,4.035815024998016254e-01,4.316055716713548818e-01,0.000000000000000000e+00,0.000000000000000000e+00,0.000000000000000000e+00,4.690129604256995099e-01,4.526506872610072119e-01,4.480980288321357863e-01,4.575883132233313222e-01,0.000000000000000000e+00,0.000000000000000000e+00,0.000000000000000000e+00,4.417538791394649000e-01,4.692666929818893884e-01,0.000000000000000000e+00,0.000000000000000000e+00,0.000000000000000000e+00,4.916148453501251181e-01,5.256358186893798079e-01,0.000000000000000000e+00,0.000000000000000000e+00,4.602809424073270872e-01,0.000000000000000000e+00,4.225085260883563731e-01,4.889686279253280810e-01,0.000000000000000000e+00,4.798333786344761154e-01,4.644627290855851132e-01,0.000000000000000000e+00,4.763704920146901167e-01,0.000000000000000000e+00,4.715699166389953900e-01,4.380661965899466104e-01,4.594771290975487865e-01,5.046154110282046190e-01,4.557131488348505899e-01,4.744286910789575207e-01,4.728048620587506079e-01,4.922134613365942157e-01,5.154324728696261237e-01,4.960022241438937218e-01,5.415813822997769256e-01,4.342151562474105830e-01
3.966088337830148136e-01,3.995444710902366081e-01,0.000000000000000000e+00,0.000000000000000000e+00,4.606880838586283056e-01,4.418532303756594892e-01,4.452566470491124972e-01,0.000000000000000000e+00,4.654017178056744086e-01,3.579466464495965061e-01,4.620345196528305998e-01,3.713483212589219207e-01,4.465843778425254151e-01,0.000000000000000000e+00,4.147115408978236939e-01,4.119596147707227929e-01,0.000000000000000000e+00,3.722096710976928180e-01,4.745355089882807853e-01,4.187048497018936999e-01,4.579677339391012847e-01,4.204975975218150919e-01,4.271061760688429909e-01,3.932879803191887125e-01,3.597652041308608273e-01,3.683502716412044853e-01,4.240881525604928148e-01,4.390638476891798869e-01,4.346190807606493123e-01,0.000000000000000000e+00,3.897370640244702811e-01,4.361027683801486088e-01,3.641299416064300853e-01,3.850325133292981095e-01,3.860802047289578209e-01,4.417467117309569757e-01,0.000000000000000000e+00,3.607035018354792233e-01,4.867690292593784829e-01,4.462871317541456939e-01,4.513873921675705114e-01,4.592156929469289883e-01,0.000000000000000000e+00,0.000000000000000000e+00,4.240687281420861265e-01,4.324113076900156227e-01,4.573563491618545807e-01,0.000000000000000000e+00,0.000000000000000000e+00,0.000000000000000000e+00,0.000000000000000000e+00,0.000000000000000000e+00,0.000000000000000000e+00,0.000000000000000000e+00,4.854218854660001803e-01,0.000000000000000000e+00,4.672359053820773211e-01,4.574336802858807172e-01,0.000000000000000000e+00,0.000000000000000000e+00,4.621458477794230801e-01,4.956461538441775949e-01,4.938390820875859788e-01,0.000000000000000000e+00,0.000000000000000000e+00,0.000000000000000000e+00,4.382745354396602733e-01,0.000000000000000000e+00,4.324461602084991863e-01,4.852280516116165843e-01,4.743254816359462889e-01,0.000000000000000000e+00,4.665704748337675123e-01,0.000000000000000000e+00,0.000000000000000000e+00,4.757085874214250776e-01
4.030856355564765847e-01,3.945497294807839839e-01,0.000000000000000000e+00,0.000000000000000000e+00,4.437882377041811877e-01,4.323826150855630823e-01,4.560203956468917852e-01,4.822659990678976882e-01,4.585125510783115144e-01,3.843603976314824977e-01,4.611786786176513275e-01,3.613892346013163892e-01,4.606605368449808169e-01,0.000000000000000000e+00,4.210855640093307262e-01,3.816112584615887204e-01,3.722096710976928180e-01,0.000000000000000000e+00,4.707781210441562836e-01,4.265113566601909101e-01,4.448553630437199202e-01,4.156830198427760026e-01,4.398428016603855850e-01,3.669234658475281075e-01,3.438814269506096921e-01,3.728074214515061935e-01,4.243017995192437941e-01,4.503942202575224041e-01,4.482329627997141963e-01,0.000000000000000000e+00,3.952778654764740884e-01,4.530037261616994271e-01,3.694350380935088052e-01,4.034647361683104116e-01,4.267239083766696806e-01,4.499636445631740034e-01,0.000000000000000000e+00,3.638626015918183243e-01,4.764454909457310205e-01,4.553179091838038817e-01,4.508703966835114763e-01,4.580258015293801055e-01,0.000000000000000000e+00,0.000000000000000000e+00,0.000000000000000000e+00,4.458392576781355920e-01,4.630505324354169949e-01,0.000000000000000000e+00,0.000000000000000000e+00,0.000000000000000000e+00,5.050431133521886551e-01,0.000000000000000000e+00,0.000000000000000000e+00,0.000000000000000000e+00,4.698406983286744776e-01,0.000000000000000000e+00,4.581271125564442270e-01,4.636081609895734146e-01,0.000000000000000000e+00,4.736870444406737768e-01,4.714939541739889828e-01,4.914279047288396263e-01,4.838793499817991006e-01,0.000000000000000000e+00,4.655940711913745256e-01,0.000000000000000000e+00,4.477612071631431045e-01,5.043837404014184234e-01,4.484288106397220086e-01,4.800636511873926926e-01,4.740486119265461262e-01,4.860152255976802893e-01,4.927015906108577203e-01,4.956709352513963274e-01,0.000000000000000000e+00,4.599531718821570081e-01
0.000000000000000000e+00,0.000000000000000000e+00,2.389246866474384057e-01,4.069702676362765836e-01,3.600113514035577222e-01,3.471387333275707254e-01,4.313948385180155776e-01,4.197313120720412849e-01,2.492034842916910076e-01,4.668310382220993149e-01,2.459479517554082895e-01,4.525823069075439187e-01,4.580859466107020106e-01,3.579336834777949727e-01,0.000000000000000000e+00,0.000000000000000000e+00,4.745355089882807853e-01,4.707781210441562836e-01,0.000000000000000000e+00,0.000000000000000000e+00,0.000000000000000000e+00,0.000000000000000000e+00,3.267447483579216105e-01,4.445805203208381129e-01,4.638817936241407258e-01,4.574551401202149870e-01,3.235700786654647221e-01,4.632043595490384913e-01,0.000000000000000000e+00,4.380954786954134872e-01,4.722005898325917217e-01,4.378790735058442074e-01,4.164803124023169767e-01,4.686275673872428160e-01,4.474954233416820193e-01,3.979964624232256165e-01,4.403901810589833099e-01,4.305568050051645779e-01,4.729350400857474934e-01,0.000000000000000000e+00,4.880818775713863800e-01,0.000000000000000000e+00,4.847771121969065011e-01,0.000000000000000000e+00,0.000000000000000000e+00,0.000000000000000000e+00,0.000000000000000000e+00,3.257730279645648097e-01,0.000000000000000000e+00,5.275253599780204139e-01,5.530434737095976105e-01,5.611826491178376619e-01,5.198734686634325364e-01,5.656802398280709188e-01,0.000000000000000000e+00,2.660980528129229805e-01,0.000000000000000000e+00,5.549693732183397232e-01,5.036456538055663623e-01,0.000000000000000000e+00,0.000000000000000000e+00,0.000000000000000000e+00,0.000000000000000000e+00,5.449620055262952567e-01,0.000000000000000000e+00,0.000000000000000000e+00,0.000000000000000000e+00,5.686379238507979217e-01,0.000000000000000000e+00,0.000000000000000000e+00,0.000000000000000000e+00,5.704943327839169243e-01,5.294611648962915806e-01,5.229432488325722606e-01,0.000000000000000000e+00,5.302347201120996001e-01
4.168318981698043157e-01,4.213363361423361209e-01,0.000000000000000000e+00,0.000000000000000000e+00,4.032366296273514061e-01,4.037786456520620071e-01,4.285291212632725832e-01,4.171674195031576104e-01,0.000000000000000000e+00,4.014230966665414124e-01,0.000000000000000000e+00,3.998648724254516007e-01,4.350815511480912168e-01,0.000000000000000000e+00,3.079209160552532909e-01,4.128505049218922918e-01,4.187048497018936999e-01,4.265113566601909101e-01,0.000000000000000000e+00,0.000000000000000000e+00,4.075312040888984799e-01,3.673261207321644184e-01,3.037931506018887173e-01,4.219429023216189067e-01,4.149648256858832207e-01,4.142489781611303212e-01,3.402416929590197925e-01,4.024749894935938932e-01,3.571977216346036155e-01,3.699781899763107118e-01,3.735774188765326187e-01,4.270094626714744934e-01,3.542050122570324922e-01,4.061268721613762733e-01,4.377167261365321749e-01,5.202750920748921981e-01,4.024269401765525056e-01,4.471720755100250244e-01,4.759342305114540039e-01,4.001326802669472049e-01,4.547066847615571783e-01,4.709327398510835816e-01,4.097115963524514126e-01,0.000000000000000000e+00,3.718567451988625261e-01,0.000000000000000000e+00,4.539510460809382808e-01,4.746951968604595229e-01,0.000000000000000000e+00,0.000000000000000000e+00,4.821715955367423811e-01,4.922850719958883903e-01,4.800342457665798812e-01,4.661481116129707059e-01,0.000000000000000000e+00,0.000000000000000000e+00,3.882215320570164829e-01,4.871829177325268101e-01,0.000000000000000000e+00,4.713875356404120254e-01,4.490801575929744827e-01,0.000000000000000000e+00,4.464709413568542229e-01,0.000000000000000000e+00,4.737176853987584146e-01,4.513993365782346112e-01,4.691467686800270265e-01,4.926516620624157849e-01,0.000000000000000000e+00,4.427134715614782778e-01,4.708903683338556134e-01,4.974407410505036764e-01,4.977199346902377863e-01,4.912175736328032727e-01,4.979535497753659889e-01,4.633380143765252202e-01
3.966322441804451815e-01,4.165400016653730275e-01,0.000000000000000000e+00,0.000000000000000000e+00,0.000000000000000000e+00,4.136464678533229855e-01,4.304290682120178735e-01,4.154227127542581277e-01,0.000000000000000000e+00,4.418855780625112195e-01,0.000000000000000000e+00,4.371597511622897780e-01,4.407524648124848121e-01,0.000000000000000000e+00,3.895942381738854987e-01,4.195099392026755969e-01,4.579677339391012847e-01,4.448553630437199202e-01,0.000000000000000000e+00,4.075312040888984799e-01,0.000000000000000000e+00,4.356898103824666801e-01,3.932650182064109101e-01,4.626410211261641758e-01,4.262325693309833019e-01,4.063851289160959057e-01,4.021467885510784934e-01,4.361064784591723864e-01,4.174946338131529933e-01,4.272582344735760818e-01,4.018909236300077237e-01,4.203878734762387936e-01,4.096537471206352921e-01,3.910822221469079096e-01,4.296014968268028755e-01,0.000000000000000000e+00,0.000000000000000000e+00,4.663273195672504867e-01,4.692491155529748825e-01,4.831298332228800008e-01,4.506832908237127788e-01,4.686528305139852080e-01,4.349346435123019883e-01,0.000000000000000000e+00,0.000000000000000000e+00,3.919597173069627738e-01,4.826138296652420223e-01,0.000000000000000000e+00,0.000000000000000000e+00,0.000000000000000000e+00,4.641132885914530104e-01,0.000000000000000000e+00,4.428607979703946818e-01,0.000000000000000000e+00,4.885431011107868038e-01,0.000000000000000000e+00,4.782160266435183105e-01,4.861072574393003887e-01,0.000000000000000000e+00,4.664017207827033107e-01,4.597519912771064199e-01,0.000000000000000000e+00,4.477597196036904870e-01,0.000000000000000000e+00,4.645312332892940210e-01,3.771111222389462725e-01,4.904773100314204215e-01,4.747203418450866019e-01,0.000000000000000000e+00,4.567011654989551750e-01,4.764962824381303030e-01,4.829500175446018173e-01,4.828438043541645741e-01,4.865688806012279932e-01,4.925962101034935814e-01,4.567640203611719740e-01
