0.000000000000000000e+00,3.832678208820439747e-01,0.000000000000000000e+00,0.000000000000000000e+00,0.000000000000000000e+00,4.373987553254238825e-01,4.890020584798214220e-01,5.155094944394620349e-01,4.562749589558571794e-01,3.969924925552312245e-01,0.000000000000000000e+00,3.907712054553049152e-01,4.716068233766816942e-01,0.000000000000000000e+00,3.741677169958685933e-01,3.700009722322756822e-01,3.617587174468603894e-01,3.479838022613975235e-01,0.000000000000000000e+00,4.144655533188199015e-01,3.964927262473951219e-01,3.885159246922664233e-01,4.702030127030307205e-01,3.390911747032107071e-01,3.480299559628631800e-01,3.220064682589712790e-01,4.512759131292132797e-01,4.560884517286188933e-01,4.332349264466497929e-01,4.803168888456326724e-01,3.645519178584654130e-01,4.152771957795559077e-01,3.438902180435671196e-01,3.587021032004835130e-01,3.893151298019669748e-01,0.000000000000000000e+00,0.000000000000000000e+00,4.098695770403404937e-01,4.604145870538521867e-01,4.491558785180597146e-01,4.231334805151468759e-01,4.725837566329533779e-01,0.000000000000000000e+00,0.000000000000000000e+00,0.000000000000000000e+00,2.878517672199673028e-01,4.485674638336231146e-01,0.000000000000000000e+00,0.000000000000000000e+00,0.000000000000000000e+00,0.000000000000000000e+00,0.000000000000000000e+00,0.000000000000000000e+00,0.000000000000000000e+00,0.000000000000000000e+00,0.000000000000000000e+00,4.317341777223617783e-01,0.000000000000000000e+00,0.000000000000000000e+00,4.614960513315711221e-01,4.403313918435409202e-01,0.000000000000000000e+00,4.236176134189402198e-01,0.000000000000000000e+00,0.000000000000000000e+00,3.594411419131927077e-01,4.587887878405367270e-01,4.803885310792953001e-01,2.911322422349654215e-01,4.386562279986893076e-01,4.394398286992265978e-01,0.000000000000000000e+00,0.000000000000000000e+00,4.503663446019197103e-01,0.000000000000000000e+00,4.100848002152360783e-01
3.832678208820439747e-01,0.000000000000000000e+00,4.095405094101803867e-01,0.000000000000000000e+00,4.143894199901634878e-01,4.014268962618962044e-01,4.341504632046112033e-01,5.014873558392750619e-01,4.036667060810367191e-01,3.463740418501379814e-01,0.000000000000000000e+00,3.336210078717701255e-01,4.430903559395372171e-01,0.000000000000000000e+00,4.027142675332541777e-01,3.840330532482145176e-01,0.000000000000000000e+00,3.473847760435730958e-01,4.196536622168485220e-01,4.145609924865920060e-01,4.264298109483887211e-01,3.750206107270596112e-01,4.111372053926256043e-01,3.521573364960817187e-01,3.476017746997260849e-01,3.515626965231399836e-01,4.001958850908202137e-01,4.535270654923624911e-01,4.291260330427678071e-01,4.287955575317224932e-01,3.633712284898146239e-01,4.257812648146540035e-01,3.546191410123776810e-01,3.644023169102468263e-01,4.054115728468993263e-01,0.000000000000000000e+00,0.000000000000000000e+00,0.000000000000000000e+00,4.707952329104235778e-01,4.325905985796089093e-01,4.476407491950348816e-01,4.830716283862646065e-01,0.000000000000000000e+00,0.000000000000000000e+00,0.000000000000000000e+00,4.513745056970825953e-01,4.587094259364630777e-01,0.000000000000000000e+00,0.000000000000000000e+00,0.000000000000000000e+00,4.514539845084967196e-01,0.000000000000000000e+00,0.000000000000000000e+00,0.000000000000000000e+00,0.000000000000000000e+00,0.000000000000000000e+00,4.129216288128408907e-01,0.000000000000000000e+00,0.000000000000000000e+00,4.756211093910646115e-01,4.514615627552415744e-01,0.000000000000000000e+00,4.423269708295333169e-01,0.000000000000000000e+00,4.548730312281742960e-01,4.828496236025173194e-01,4.632955501094689899e-01,4.767538354092157871e-01,4.795618355274199884e-01,4.406429676777728899e-01,4.708732483665474255e-01,4.725831893659497851e-01,0.000000000000000000e+00,4.607228473291026249e-01,0.000000000000000000e+00,4.333983748373307909e-01
0.000000000000000000e+00,4.095405094101803867e-01,0.000000000000000000e+00,3.950001695342350017e-01,3.416562380123174258e-01,3.474843820655160731e-01,4.334687682754777005e-01,3.999114193419834873e-01,2.620267472731899749e-01,4.596112969141605276e-01,2.509024735074454893e-01,4.330962654086609187e-01,4.558447939831775098e-01,3.748303928952653741e-01,0.000000000000000000e+00,4.733385701025338843e-01,0.000000000000000000e+00,4.559202625591636249e-01,1.997217983128795893e-01,4.196371863289583004e-01,0.000000000000000000e+00,4.172783236305775967e-01,2.674183151287817806e-01,0.000000000000000000e+00,4.227405361372000847e-01,4.222370264669044748e-01,2.867021692762041774e-01,4.602218983228664184e-01,4.197347620664190204e-01,4.422316525048867741e-01,4.699269932760447022e-01,4.320297307503068729e-01,3.858990761759591992e-01,4.722103378668421891e-01,4.721699380700494220e-01,3.897133678663218803e-01,4.358883776628473816e-01,4.328501566533468070e-01,5.144411352570593676e-01,4.144168794155120850e-01,5.387349391074220950e-01,0.000000000000000000e+00,5.112839263088265751e-01,5.296968817710876465e-01,0.000000000000000000e+00,0.000000000000000000e+00,0.000000000000000000e+00,5.033245921338129758e-01,0.000000000000000000e+00,5.172187694471145347e-01,5.440712945640844289e-01,5.560026498712776766e-01,5.079036757627052312e-01,5.347848082315881380e-01,0.000000000000000000e+00,5.117832839429019565e-01,0.000000000000000000e+00,5.356815894317572546e-01,5.560025183542091076e-01,4.701503182375241785e-01,0.000000000000000000e+00,0.000000000000000000e+00,0.000000000000000000e+00,4.843098888572632821e-01,4.854059195598380838e-01,0.000000000000000000e+00,4.496850225881539043e-01,5.428202414696471356e-01,0.000000000000000000e+00,0.000000000000000000e+00,0.000000000000000000e+00,5.372651104169895442e-01,5.251904312225097460e-01,5.327841391667972326e-01,5.395566659114016117e-01,5.391345701883190067e-01
0.000000000000000000e+00,0.000000000000000000e+00,3.950001695342350017e-01,0.000000000000000000e+00,2.923392791270441049e-01,4.412915967208455026e-01,3.009908876869609173e-01,4.308141838745465080e-01,4.234288585719491738e-01,0.000000000000000000e+00,3.783179691079632256e-01,0.000000000000000000e+00,3.989797453054783061e-01,3.262404181780856893e-01,0.000000000000000000e+00,0.000000000000000000e+00,0.000000000000000000e+00,0.000000000000000000e+00,4.098516008974265046e-01,0.000000000000000000e+00,0.000000000000000000e+00,0.000000000000000000e+00,4.086813795560547136e-01,0.000000000000000000e+00,0.000000000000000000e+00,0.000000000000000000e+00,4.408497869273337866e-01,3.005779422512874222e-01,0.000000000000000000e+00,0.000000000000000000e+00,3.732443251947151208e-01,3.670823885379210227e-01,0.000000000000000000e+00,3.865816539798371809e-01,3.164641091675564066e-01,2.689218633542195813e-01,1.707197916749655098e-01,0.000000000000000000e+00,0.000000000000000000e+00,0.000000000000000000e+00,0.000000000000000000e+00,0.000000000000000000e+00,0.000000000000000000e+00,0.000000000000000000e+00,0.000000000000000000e+00,0.000000000000000000e+00,0.000000000000000000e+00,0.000000000000000000e+00,0.000000000000000000e+00,0.000000000000000000e+00,0.000000000000000000e+00,0.000000000000000000e+00,0.000000000000000000e+00,0.000000000000000000e+00,0.000000000000000000e+00,0.000000000000000000e+00,0.000000000000000000e+00,0.000000000000000000e+00,0.000000000000000000e+00,0.000000000000000000e+00,0.000000000000000000e+00,0.000000000000000000e+00,0.000000000000000000e+00,0.000000000000000000e+00,0.000000000000000000e+00,0.000000000000000000e+00,0.000000000000000000e+00,5.182207667032141529e-01,0.000000000000000000e+00,0.000000000000000000e+00,0.000000000000000000e+00,0.000000000000000000e+00,0.000000000000000000e+00,0.000000000000000000e+00,0.000000000000000000e+00,0.000000000000000000e+00
0.000000000000000000e+00,4.143894199901634878e-01,3.416562380123174258e-01,2.923392791270441049e-01,0.000000000000000000e+00,3.797128128101258104e-01,3.392066746872217098e-01,4.154953823979123939e-01,2.979395300503132060e-01,4.666281529898592129e-01,3.001299957723992939e-01,4.392709543066584121e-01,4.202535183886533243e-01,3.111307229800560070e-01,0.000000000000000000e+00,4.777235526344699168e-01,4.547034255230428812e-01,4.532271486626421875e-01,3.304593616186928817e-01,4.290452870562492804e-01,0.000000000000000000e+00,4.406837613629628891e-01,4.154798038916531211e-01,4.658325371607037746e-01,4.433597859654828111e-01,4.321106660499968166e-01,3.682030994081794129e-01,4.138099270122795881e-01,4.190029925330658878e-01,4.392317737409485723e-01,4.811305742088283210e-01,4.003134580163105194e-01,4.291536621306453192e-01,4.610563561553063794e-01,4.376303632420560086e-01,3.046646363512379163e-01,3.315757403890541855e-01,4.215233317172624727e-01,4.922590456962575023e-01,0.000000000000000000e+00,4.967123332290985793e-01,0.000000000000000000e+00,4.827617448773536268e-01,0.000000000000000000e+00,0.000000000000000000e+00,0.000000000000000000e+00,0.000000000000000000e+00,5.229886328304539367e-01,0.000000000000000000e+00,4.707161216128448733e-01,5.314481909886868971e-01,5.516342723254001879e-01,5.000154175188021854e-01,5.220776911936610976e-01,0.000000000000000000e+00,4.775860219833644171e-01,0.000000000000000000e+00,5.461408130295200003e-01,0.000000000000000000e+00,4.860843418508649094e-01,0.000000000000000000e+00,0.000000000000000000e+00,0.000000000000000000e+00,4.987611658692697736e-01,0.000000000000000000e+00,0.000000000000000000e+00,4.602322662516820095e-01,5.421164961679848515e-01,0.000000000000000000e+00,0.000000000000000000e+00,0.000000000000000000e+00,5.264208838466220008e-01,5.274539645557111411e-01,0.000000000000000000e+00,0.000000000000000000e+00,0.000000000000000000e+00
4.373987553254238825e-01,4.014268962618962044e-01,3.474843820655160731e-01,4.412915967208455026e-01,3.797128128101258104e-01,0.000000000000000000e+00,4.024428415423875749e-01,4.014158682702974046e-01,3.126256001268927776e-01,4.696143954367464901e-01,3.827464793456243908e-01,4.377526418631236260e-01,3.789501433585921730e-01,0.000000000000000000e+00,3.875454131596794971e-01,4.590425816638047940e-01,4.552497310361349192e-01,4.427475449640158045e-01,3.519872826523818277e-01,3.867967653333507783e-01,3.954841428603700915e-01,4.147587032839968879e-01,3.565503045666114090e-01,4.602917395963179725e-01,4.119390757044166795e-01,4.059405505626815791e-01,3.267039262518077747e-01,3.673671915273126753e-01,3.212872618293258209e-01,4.108286638803321789e-01,4.331357916732704871e-01,4.173935209491301812e-01,3.707533843702037757e-01,4.458174426508184074e-01,4.496167487231171878e-01,4.520885678323580126e-01,4.566438471663866183e-01,4.231435207615585892e-01,4.860201015395320123e-01,4.224282544706273179e-01,4.892405505351087869e-01,4.701684420269872100e-01,5.049022955099953247e-01,0.000000000000000000e+00,0.000000000000000000e+00,0.000000000000000000e+00,4.448373232824349155e-01,5.369811175563674599e-01,0.000000000000000000e+00,5.349126202861924639e-01,5.291654208652409874e-01,5.488291637019206970e-01,4.830379516046386934e-01,5.383657809009414486e-01,4.764817222974597200e-01,5.150976722216344950e-01,0.000000000000000000e+00,5.271731701530286696e-01,0.000000000000000000e+00,4.643376896033081236e-01,4.344716906834641956e-01,0.000000000000000000e+00,0.000000000000000000e+00,5.229456105201559790e-01,4.818416924282776792e-01,4.423205589919004810e-01,4.555573646774335739e-01,5.325006700967100937e-01,0.000000000000000000e+00,4.376358987160782199e-01,4.608656071868816873e-01,5.199152107785494081e-01,5.150667540253618393e-01,4.937331526838318885e-01,5.147327558084667798e-01,5.042064441681797238e-01
4.890020584798214220e-01,4.341504632046112033e-01,4.334687682754777005e-01,3.009908876869609173e-01,3.392066746872217098e-01,4.024428415423875749e-01,0.000000000000000000e+00,4.472907270471269126e-01,3.752595033492048260e-01,4.511440157219295810e-01,4.283722848426635976e-01,4.460778944853466266e-01,3.602558318479324173e-01,3.340762651896226898e-01,0.000000000000000000e+00,4.911983927153220075e-01,4.417034333390787992e-01,4.609310807447136171e-01,4.457729533658801868e-01,4.415973210080451072e-01,4.572828998662560873e-01,4.677817236894111774e-01,4.326780913176522247e-01,4.570985600140127780e-01,4.446053993222157108e-01,4.301994684146588921e-01,4.164559019679585083e-01,4.094521870828889964e-01,4.261068774059664221e-01,4.399228054377257724e-01,4.587532367892349083e-01,4.312854976442502264e-01,4.096972810807044119e-01,4.424965100370258919e-01,4.186996547360766208e-01,3.428672390967377193e-01,3.942872585020886222e-01,3.918893468678026903e-01,5.035003518159543168e-01,4.568600721986986746e-01,4.274881166796624110e-01,0.000000000000000000e+00,5.215856621777406055e-01,0.000000000000000000e+00,0.000000000000000000e+00,0.000000000000000000e+00,4.572691892177274120e-01,5.564638858027399770e-01,0.000000000000000000e+00,0.000000000000000000e+00,5.490154592129982136e-01,5.561880792969899900e-01,5.158065094766246528e-01,5.489608932964604726e-01,0.000000000000000000e+00,5.223443522232293912e-01,0.000000000000000000e+00,5.466936348159803227e-01,0.000000000000000000e+00,4.915332715886726045e-01,0.000000000000000000e+00,0.000000000000000000e+00,0.000000000000000000e+00,5.334095205892671610e-01,5.117995566048852973e-01,0.000000000000000000e+00,4.612229881314999225e-01,5.529462984427732097e-01,0.000000000000000000e+00,0.000000000000000000e+00,4.645272451861942042e-01,5.424425070363299017e-01,5.375377854253824417e-01,5.265246434921844187e-01,0.000000000000000000e+00,5.278112850058811478e-01
5.155094944394620349e-01,5.014873558392750619e-01,3.999114193419834873e-01,4.308141838745465080e-01,4.154953823979123939e-01,4.014158682702974046e-01,4.472907270471269126e-01,0.000000000000000000e+00,4.372302886732000182e-01,4.972018882561570208e-01,3.147530302132833246e-01,5.130989460855158724e-01,4.586168089757626798e-01,3.747237765086965933e-01,4.920673045301857118e-01,4.958527726283165071e-01,0.000000000000000000e+00,4.962147923550569995e-01,4.005040203265496923e-01,4.198042498128358724e-01,4.148700612899244855e-01,4.827209581391472271e-01,3.254126471056080772e-01,5.217163617211149074e-01,4.960490398583978222e-01,5.004156522047072952e-01,4.029420598538602794e-01,4.367541290713907731e-01,3.991527263833781758e-01,4.018453967975744723e-01,4.534288288702655878e-01,4.000235194799696137e-01,4.641777501181750809e-01,4.648454079721336951e-01,4.618564952353511055e-01,3.631034431773266791e-01,3.563513084371034978e-01,5.161548290893553936e-01,5.033293813229710034e-01,5.423038656641915312e-01,5.199202407545711058e-01,0.000000000000000000e+00,5.000390870556452594e-01,0.000000000000000000e+00,0.000000000000000000e+00,4.766543958131982950e-01,5.084159886551069540e-01,4.994116103080490920e-01,0.000000000000000000e+00,5.259897721798963977e-01,4.887278333347750969e-01,5.202735158106751578e-01,4.382472079667901199e-01,5.103154900920594539e-01,4.746315840062050873e-01,4.807763548859094183e-01,0.000000000000000000e+00,5.000374177881067306e-01,0.000000000000000000e+00,5.002161566263778614e-01,5.162372202483400674e-01,0.000000000000000000e+00,0.000000000000000000e+00,4.818305286337836169e-01,5.045084204706065112e-01,4.597402674510889797e-01,5.063116001200513860e-01,4.947785250683799929e-01,0.000000000000000000e+00,5.069495075378898097e-01,4.975246777908121087e-01,4.989370133991957168e-01,4.879658574168406759e-01,4.718377389993194115e-01,4.934256235895492781e-01,4.955291821081788117e-01
4.562749589558571794e-01,4.036667060810367191e-01,2.620267472731899749e-01,4.234288585719491738e-01,2.979395300503132060e-01,3.126256001268927776e-01,3.752595033492048260e-01,4.372302886732000182e-01,0.000000000000000000e+00,4.846776912751373789e-01,2.736242274594044011e-01,4.648207697242878189e-01,3.947486853230428028e-01,3.743571307969558171e-01,3.894861369323653899e-01,4.634473530338610869e-01,4.714113194890868219e-01,4.504042919979551751e-01,2.311284997315475043e-01,4.112806545202510877e-01,4.033946508287640231e-01,4.276606262147576998e-01,3.888031155569157127e-01,4.821275619100697241e-01,4.136427494658966864e-01,4.136068628049193729e-01,3.181986206521276173e-01,4.591284711974136235e-01,3.813552822135929943e-01,4.364839750004854135e-01,4.811852004740148070e-01,4.485405023733678997e-01,4.147895171154630800e-01,4.808506203133527945e-01,4.755140126018880808e-01,4.308141645168865885e-01,4.582204434947949045e-01,4.364355589525868995e-01,5.219307365403328403e-01,4.055540680491372951e-01,4.957024303630159778e-01,0.000000000000000000e+00,5.120065872347113745e-01,4.925950125008879965e-01,4.124081374779002274e-01,0.000000000000000000e+00,4.293127038820022112e-01,5.367388419499499186e-01,0.000000000000000000e+00,5.271722374672946909e-01,5.443761891493638094e-01,5.560658249731580405e-01,5.123384704688004332e-01,5.407407856272473667e-01,3.955150745941096169e-01,5.064398487465324727e-01,0.000000000000000000e+00,5.346627886553348974e-01,5.389431050533817213e-01,4.597093297503447862e-01,4.306606895198720752e-01,0.000000000000000000e+00,0.000000000000000000e+00,5.143064278056687089e-01,4.625535721228786756e-01,0.000000000000000000e+00,4.459180238267116958e-01,5.454639153769781368e-01,0.000000000000000000e+00,0.000000000000000000e+00,4.467446387396135088e-01,5.354085710439813184e-01,5.362476805095870436e-01,5.135138828950973622e-01,5.304603405946934913e-01,5.273558986956887740e-01
3.969924925552312245e-01,3.463740418501379814e-01,4.596112969141605276e-01,0.000000000000000000e+00,4.666281529898592129e-01,4.696143954367464901e-01,4.511440157219295810e-01,4.972018882561570208e-01,4.846776912751373789e-01,0.000000000000000000e+00,4.729091615934359893e-01,2.770786277504023731e-01,4.510774108528802229e-01,4.820151279369906949e-01,3.907293607102531041e-01,3.590732846496623165e-01,2.916258765370614015e-01,3.231094331589757784e-01,4.766020746789200735e-01,3.809577507248682049e-01,4.660308157110822913e-01,3.713236128298590955e-01,4.576240473001513820e-01,3.409517880059745876e-01,2.839075932030277194e-01,3.019857048615792183e-01,4.387242154331905120e-01,4.288866433891149743e-01,3.976571162838787865e-01,4.216298653211120184e-01,3.295323026211096074e-01,3.804258413936538186e-01,3.302651036837453979e-01,3.065305563059845806e-01,2.724351566864403051e-01,4.186044175352697239e-01,3.239048322381962164e-01,3.010634022593592918e-01,3.078960487881560737e-01,4.384700743241713994e-01,3.580858008636739198e-01,0.000000000000000000e+00,0.000000000000000000e+00,0.000000000000000000e+00,4.251508620851741083e-01,4.520041807902460129e-01,0.000000000000000000e+00,0.000000000000000000e+00,0.000000000000000000e+00,0.000000000000000000e+00,0.000000000000000000e+00,0.000000000000000000e+00,0.000000000000000000e+00,0.000000000000000000e+00,4.748181395924531145e-01,0.000000000000000000e+00,4.641172608416554990e-01,0.000000000000000000e+00,0.000000000000000000e+00,0.000000000000000000e+00,4.293586317476303926e-01,4.645384144682527250e-01,4.395636775344244906e-01,0.000000000000000000e+00,0.000000000000000000e+00,0.000000000000000000e+00,0.000000000000000000e+00,5.343136896738057695e-01,4.245495807764129159e-01,4.497906709328525210e-01,4.504546572469038113e-01,5.277160990384601735e-01,0.000000000000000000e+00,0.000000000000000000e+00,0.000000000000000000e+00,4.605187086225328019e-01
0.000000000000000000e+00,0.000000000000000000e+00,2.509024735074454893e-01,3.783179691079632256e-01,3.001299957723992939e-01,3.827464793456243908e-01,4.283722848426635976e-01,3.147530302132833246e-01,2.736242274594044011e-01,4.729091615934359893e-01,0.000000000000000000e+00,4.293121394971833871e-01,4.630583083061203253e-01,3.221503995455040070e-01,0.000000000000000000e+00,0.000000000000000000e+00,4.681154846829795879e-01,4.552679660953088958e-01,2.072876687744346913e-01,0.000000000000000000e+00,0.000000000000000000e+00,0.000000000000000000e+00,3.010866773699383825e-01,4.508727953202187888e-01,4.618821777315890165e-01,4.523245361776649931e-01,3.136956696077948248e-01,4.614501345965492107e-01,0.000000000000000000e+00,4.396041121394814177e-01,4.779548654067609093e-01,3.930115950628039756e-01,4.127919625753285193e-01,4.661320024278072793e-01,4.439232139530164267e-01,3.189708180729128872e-01,3.794948795530896923e-01,4.332024048752151080e-01,4.664466123447730261e-01,0.000000000000000000e+00,5.128355025277676615e-01,0.000000000000000000e+00,4.651757474130702175e-01,3.841955687222691207e-01,0.000000000000000000e+00,0.000000000000000000e+00,0.000000000000000000e+00,4.996551997629918862e-01,0.000000000000000000e+00,4.909200427223214813e-01,5.278912677680919208e-01,5.281333600014238572e-01,4.927153651277217938e-01,5.111718495205603841e-01,0.000000000000000000e+00,4.062123878643271180e-01,0.000000000000000000e+00,5.107811683488133747e-01,4.823575764657332954e-01,0.000000000000000000e+00,0.000000000000000000e+00,0.000000000000000000e+00,0.000000000000000000e+00,3.332061374054758884e-01,0.000000000000000000e+00,0.000000000000000000e+00,0.000000000000000000e+00,5.210592310455539611e-01,0.000000000000000000e+00,0.000000000000000000e+00,0.000000000000000000e+00,5.087917432969334408e-01,5.019941040476892935e-01,0.000000000000000000e+00,0.000000000000000000e+00,4.985840615758950212e-01
3.907712054553049152e-01,3.336210078717701255e-01,4.330962654086609187e-01,0.000000000000000000e+00,4.392709543066584121e-01,4.377526418631236260e-01,4.460778944853466266e-01,5.130989460855158724e-01,4.648207697242878189e-01,2.770786277504023731e-01,4.293121394971833871e-01,0.000000000000000000e+00,4.436494687897634126e-01,0.000000000000000000e+00,4.907129255324746975e-01,3.692070422828436782e-01,3.403797973295306090e-01,3.488016857566944018e-01,4.815375202764338725e-01,4.363692465898609263e-01,4.722439832062939047e-01,4.258742529181179792e-01,4.781311787947121750e-01,2.942943065664552771e-01,2.941355887246256962e-01,3.044162967976278833e-01,4.268130974741242145e-01,4.037325206205261141e-01,4.150267942618356964e-01,0.000000000000000000e+00,3.612877373986512208e-01,2.855298970179214746e-01,3.043805920200967075e-01,2.792603125559390831e-01,2.743722745542606090e-01,3.554404834354966125e-01,2.601824045656463968e-01,2.541249419745646998e-01,3.102951739241717743e-01,4.302624545494049269e-01,2.974340754106519769e-01,0.000000000000000000e+00,3.368007599094047233e-01,0.000000000000000000e+00,3.958642943648639778e-01,4.352496175753998164e-01,4.546495639652545218e-01,0.000000000000000000e+00,0.000000000000000000e+00,0.000000000000000000e+00,0.000000000000000000e+00,0.000000000000000000e+00,0.000000000000000000e+00,0.000000000000000000e+00,4.665468089831513177e-01,0.000000000000000000e+00,4.518529037076642885e-01,0.000000000000000000e+00,0.000000000000000000e+00,4.091236671082614240e-01,4.399573224063558219e-01,4.657816018594356788e-01,4.395760514954494824e-01,0.000000000000000000e+00,4.160336635346865153e-01,0.000000000000000000e+00,0.000000000000000000e+00,0.000000000000000000e+00,3.954626182225283726e-01,4.474298517660292851e-01,4.415590652417651918e-01,0.000000000000000000e+00,4.025972080397062225e-01,0.000000000000000000e+00,0.000000000000000000e+00,0.000000000000000000e+00
4.716068233766816942e-01,4.430903559395372171e-01,4.558447939831775098e-01,3.989797453054783061e-01,4.202535183886533243e-01,3.789501433585921730e-01,3.602558318479324173e-01,4.586168089757626798e-01,3.947486853230428028e-01,4.510774108528802229e-01,4.630583083061203253e-01,4.436494687897634126e-01,0.000000000000000000e+00,3.851341937506541080e-01,4.364393535756022069e-01,4.874932608892428854e-01,4.389128416730184168e-01,4.509931970518927247e-01,4.716359363741581823e-01,4.312756931306512276e-01,4.661381522315051207e-01,4.730388844903841150e-01,4.368008121849972780e-01,4.468031566297441803e-01,4.470993229980291250e-01,4.273031446620896845e-01,4.309993314728016167e-01,3.735709884241216194e-01,3.926423713216510847e-01,3.973541692773830958e-01,4.404100734216641055e-01,4.369826540257126246e-01,4.159366860458507120e-01,4.413502559080669241e-01,4.321166074994806094e-01,4.014684243105008932e-01,4.105445961799217836e-01,4.103142450988320755e-01,4.679099987873259203e-01,4.579618764123891128e-01,4.282260779309133847e-01,0.000000000000000000e+00,5.065699320204801737e-01,0.000000000000000000e+00,0.000000000000000000e+00,0.000000000000000000e+00,4.576686932745263059e-01,5.395270549935390347e-01,0.000000000000000000e+00,0.000000000000000000e+00,5.312743861589226402e-01,5.470507560031976357e-01,5.023585837437344326e-01,5.446889684016303912e-01,0.000000000000000000e+00,5.101142068665117657e-01,0.000000000000000000e+00,5.382221584788596802e-01,0.000000000000000000e+00,4.986601552749537758e-01,4.592274331388401243e-01,0.000000000000000000e+00,0.000000000000000000e+00,5.229181107155281838e-01,5.051289622943728741e-01,4.925513610520851904e-01,4.595041836442441130e-01,5.375900188852804629e-01,0.000000000000000000e+00,4.632443439467692770e-01,4.654769267948238864e-01,5.293490551289251611e-01,5.219837764902749422e-01,5.167637070471648997e-01,0.000000000000000000e+00,5.126032134667778406e-01
0.000000000000000000e+00,0.000000000000000000e+00,3.748303928952653741e-01,3.262404181780856893e-01,3.111307229800560070e-01,0.000000000000000000e+00,3.340762651896226898e-01,3.747237765086965933e-01,3.743571307969558171e-01,4.820151279369906949e-01,3.221503995455040070e-01,0.000000000000000000e+00,3.851341937506541080e-01,0.000000000000000000e+00,0.000000000000000000e+00,0.000000000000000000e+00,0.000000000000000000e+00,0.000000000000000000e+00,3.695836220865096888e-01,0.000000000000000000e+00,0.000000000000000000e+00,0.000000000000000000e+00,3.717749802429997086e-01,0.000000000000000000e+00,0.000000000000000000e+00,0.000000000000000000e+00,4.019197682478343747e-01,3.312494743687733889e-01,0.000000000000000000e+00,0.000000000000000000e+00,4.189567844328236923e-01,3.459543074513199978e-01,0.000000000000000000e+00,4.463056598338063785e-01,0.000000000000000000e+00,2.717984480463204178e-01,2.105008881410078969e-01,0.000000000000000000e+00,0.000000000000000000e+00,0.000000000000000000e+00,0.000000000000000000e+00,0.000000000000000000e+00,0.000000000000000000e+00,0.000000000000000000e+00,0.000000000000000000e+00,0.000000000000000000e+00,0.000000000000000000e+00,4.874172820389204852e-01,0.000000000000000000e+00,0.000000000000000000e+00,0.000000000000000000e+00,0.000000000000000000e+00,5.329818129539489746e-01,5.193974140775797776e-01,0.000000000000000000e+00,5.106505864496958536e-01,0.000000000000000000e+00,0.000000000000000000e+00,0.000000000000000000e+00,0.000000000000000000e+00,0.000000000000000000e+00,0.000000000000000000e+00,0.000000000000000000e+00,0.000000000000000000e+00,0.000000000000000000e+00,0.000000000000000000e+00,0.000000000000000000e+00,5.086968935148303839e-01,0.000000000000000000e+00,0.000000000000000000e+00,0.000000000000000000e+00,5.142246023782771625e-01,0.000000000000000000e+00,0.000000000000000000e+00,0.000000000000000000e+00,0.000000000000000000e+00
3.741677169958685933e-01,4.027142675332541777e-01,0.000000000000000000e+00,0.000000000000000000e+00,0.000000000000000000e+00,3.875454131596794971e-01,0.000000000000000000e+00,4.920673045301857118e-01,3.894861369323653899e-01,3.907293607102531041e-01,0.000000000000000000e+00,4.907129255324746975e-01,4.364393535756022069e-01,0.000000000000000000e+00,0.000000000000000000e+00,4.109062887375399820e-01,3.872462857645094236e-01,3.899361373981267143e-01,0.000000000000000000e+00,3.191918945828812193e-01,3.487190654175629234e-01,3.334489146288991956e-01,3.072952835056059762e-01,4.180801629486884941e-01,3.881025002124808831e-01,3.625528869220419059e-01,3.399902432607239122e-01,4.053118426757116866e-01,3.821065073197608131e-01,0.000000000000000000e+00,4.062019660705157853e-01,4.275599644158449841e-01,3.904608262462841983e-01,4.191385201244243741e-01,4.540661504643769275e-01,5.098828449754632119e-01,0.000000000000000000e+00,4.093438606116294731e-01,4.857436696407596011e-01,4.499877956119350819e-01,4.825678730962688068e-01,5.007545061402806086e-01,5.012624018494060696e-01,0.000000000000000000e+00,4.138606809354569149e-01,4.609921500271969008e-01,4.803912043763440276e-01,0.000000000000000000e+00,0.000000000000000000e+00,0.000000000000000000e+00,4.661985109257095750e-01,4.849361114253046834e-01,4.941403940975421794e-01,0.000000000000000000e+00,4.455060735794714732e-01,0.000000000000000000e+00,0.000000000000000000e+00,4.740974120098981892e-01,0.000000000000000000e+00,4.829943529407775826e-01,4.593811389125510014e-01,0.000000000000000000e+00,4.707163134793039827e-01,0.000000000000000000e+00,4.791945285885144123e-01,4.434654853733265845e-01,4.923902315675804942e-01,4.846975564698736139e-01,0.000000000000000000e+00,4.373960004505189070e-01,4.964001555281563061e-01,4.849524629262986775e-01,4.699462936045393224e-01,4.669384390808523078e-01,4.762771519664608100e-01,4.673448424698626869e-01
3.700009722322756822e-01,3.840330532482145176e-01,4.733385701025338843e-01,0.000000000000000000e+00,4.777235526344699168e-01,4.590425816638047940e-01,4.911983927153220075e-01,4.958527726283165071e-01,4.634473530338610869e-01,3.590732846496623165e-01,0.000000000000000000e+00,3.692070422828436782e-01,4.874932608892428854e-01,0.000000000000000000e+00,4.109062887375399820e-01,0.000000000000000000e+00,3.602792790069748730e-01,3.249983652070898010e-01,0.000000000000000000e+00,3.660021531045455911e-01,4.257149963516128066e-01,3.541054803383600902e-01,4.539992510184363006e-01,3.603119660747822750e-01,3.623259753586848264e-01,3.862587342166652893e-01,4.212002952345790252e-01,4.781824384696368169e-01,4.127180069113521865e-01,4.473661872876816825e-01,3.512558976783949904e-01,4.341518652428811853e-01,3.635049446488836100e-01,3.744833570852377225e-01,4.009022241939754760e-01,0.000000000000000000e+00,0.000000000000000000e+00,0.000000000000000000e+00,4.646144745092494754e-01,4.301691954471614232e-01,4.414188304702956200e-01,4.776220501091343884e-01,0.000000000000000000e+00,0.000000000000000000e+00,0.000000000000000000e+00,4.379384439409799157e-01,4.558152196566537806e-01,0.000000000000000000e+00,0.000000000000000000e+00,0.000000000000000000e+00,4.505601054931531180e-01,0.000000000000000000e+00,0.000000000000000000e+00,0.000000000000000000e+00,3.975780370483882886e-01,0.000000000000000000e+00,4.419692966216026142e-01,0.000000000000000000e+00,0.000000000000000000e+00,4.702886573736131948e-01,4.476342888958058097e-01,4.652201533893524088e-01,4.349064373040877896e-01,0.000000000000000000e+00,4.530821875029439894e-01,4.416595370448285207e-01,4.579624923388260216e-01,4.804963543155633121e-01,4.277719861117876277e-01,4.361115871129699895e-01,4.602432072172988886e-01,4.837041749103533905e-01,0.000000000000000000e+00,4.577866751358358743e-01,0.000000000000000000e+00,4.334417656824889886e-01
3.617587174468603894e-01,0.000000000000000000e+00,0.000000000000000000e+00,0.000000000000000000e+00,4.547034255230428812e-01,4.552497310361349192e-01,4.417034333390787992e-01,0.000000000000000000e+00,4.714113194890868219e-01,2.916258765370614015e-01,4.681154846829795879e-01,3.403797973295306090e-01,4.389128416730184168e-01,0.000000000000000000e+00,3.872462857645094236e-01,3.602792790069748730e-01,0.000000000000000000e+00,3.018890817966214946e-01,4.909835825588046987e-01,3.823463267328925941e-01,0.000000000000000000e+00,3.695809137831704838e-01,0.000000000000000000e+00,3.641317703866964739e-01,2.737989658553577899e-01,3.295730041505778862e-01,0.000000000000000000e+00,4.237183593333551102e-01,3.963081527528340975e-01,0.000000000000000000e+00,3.278358253613791184e-01,4.069620068741648944e-01,3.326562205840667974e-01,3.529997284672803937e-01,3.576374348848055940e-01,4.431992745653047794e-01,0.000000000000000000e+00,3.369333731973773172e-01,0.000000000000000000e+00,4.479814539911781135e-01,4.698027522457876026e-01,0.000000000000000000e+00,0.000000000000000000e+00,0.000000000000000000e+00,4.655883510014984239e-01,4.217767715454102118e-01,0.000000000000000000e+00,0.000000000000000000e+00,0.000000000000000000e+00,0.000000000000000000e+00,0.000000000000000000e+00,0.000000000000000000e+00,0.000000000000000000e+00,0.000000000000000000e+00,4.788458730930120200e-01,0.000000000000000000e+00,4.751918112459896926e-01,0.000000000000000000e+00,0.000000000000000000e+00,0.000000000000000000e+00,0.000000000000000000e+00,4.672493665901817916e-01,4.410009204335891830e-01,0.000000000000000000e+00,0.000000000000000000e+00,0.000000000000000000e+00,0.000000000000000000e+00,0.000000000000000000e+00,4.299997534534522048e-01,4.505543087564850002e-01,4.560388932884004154e-01,0.000000000000000000e+00,0.000000000000000000e+00,0.000000000000000000e+00,0.000000000000000000e+00,0.000000000000000000e+00
3.479838022613975235e-01,3.473847760435730958e-01,4.559202625591636249e-01,0.000000000000000000e+00,4.532271486626421875e-01,4.427475449640158045e-01,4.609310807447136171e-01,4.962147923550569995e-01,4.504042919979551751e-01,3.231094331589757784e-01,4.552679660953088958e-01,3.488016857566944018e-01,4.509931970518927247e-01,0.000000000000000000e+00,3.899361373981267143e-01,3.249983652070898010e-01,3.018890817966214946e-01,0.000000000000000000e+00,4.793103599579678908e-01,3.961784082514376859e-01,4.287322317933849880e-01,3.737745615303348923e-01,4.459312979238688190e-01,3.465667224317843798e-01,3.245009238751573877e-01,3.394695377342331066e-01,4.161942885083967925e-01,4.454094770285610960e-01,4.370865934576180778e-01,4.166338202724961803e-01,3.352699422744069846e-01,4.047405332029168079e-01,3.194754998077108943e-01,3.540133512514320180e-01,3.707402567188153863e-01,0.000000000000000000e+00,0.000000000000000000e+00,3.365423366193039945e-01,4.440932063289689813e-01,4.200459398406862777e-01,4.263701291917463831e-01,4.549558737684207821e-01,0.000000000000000000e+00,0.000000000000000000e+00,0.000000000000000000e+00,4.122246103148147767e-01,4.309136154183123013e-01,0.000000000000000000e+00,0.000000000000000000e+00,0.000000000000000000e+00,4.431775512081819746e-01,0.000000000000000000e+00,0.000000000000000000e+00,0.000000000000000000e+00,4.618464911758615732e-01,0.000000000000000000e+00,4.537365617694291142e-01,0.000000000000000000e+00,0.000000000000000000e+00,0.000000000000000000e+00,4.273133653304209134e-01,4.564642113608670115e-01,4.376777782623179069e-01,0.000000000000000000e+00,4.178598602985502120e-01,0.000000000000000000e+00,4.364217741005614881e-01,0.000000000000000000e+00,4.225405477759455741e-01,4.371629395905554105e-01,4.435689413660480751e-01,4.487749213708647211e-01,0.000000000000000000e+00,4.392671509959266141e-01,0.000000000000000000e+00,4.261656672790651856e-01
0.000000000000000000e+00,4.196536622168485220e-01,1.997217983128795893e-01,4.098516008974265046e-01,3.304593616186928817e-01,3.519872826523818277e-01,4.457729533658801868e-01,4.005040203265496923e-01,2.311284997315475043e-01,4.766020746789200735e-01,2.072876687744346913e-01,4.815375202764338725e-01,4.716359363741581823e-01,3.695836220865096888e-01,0.000000000000000000e+00,0.000000000000000000e+00,4.909835825588046987e-01,4.793103599579678908e-01,0.000000000000000000e+00,4.516188453605513020e-01,0.000000000000000000e+00,0.000000000000000000e+00,2.404818793029070978e-01,4.437245437194297093e-01,4.645085521135250972e-01,4.530067713428622134e-01,2.972992267316645898e-01,4.772034203966469823e-01,4.384766664633356070e-01,4.624486521960465835e-01,4.941865756838237922e-01,4.387406610236830873e-01,4.169688861538075053e-01,4.854348316098970884e-01,4.742229394147520205e-01,3.979464314771399835e-01,4.336734721534667991e-01,4.440932876195187173e-01,5.237293184962633630e-01,0.000000000000000000e+00,5.460449455897181670e-01,0.000000000000000000e+00,5.238868349791970802e-01,0.000000000000000000e+00,0.000000000000000000e+00,0.000000000000000000e+00,0.000000000000000000e+00,5.184721942705530218e-01,0.000000000000000000e+00,5.150236271389104781e-01,5.487553903987479886e-01,5.499170190141710046e-01,5.167944391184314812e-01,5.388717625561538771e-01,0.000000000000000000e+00,5.096579829361864711e-01,0.000000000000000000e+00,5.413597147189067593e-01,5.451633159456084066e-01,4.376916975872349735e-01,0.000000000000000000e+00,0.000000000000000000e+00,0.000000000000000000e+00,5.085430470154205240e-01,4.899326847542512797e-01,0.000000000000000000e+00,0.000000000000000000e+00,5.517807187497306698e-01,0.000000000000000000e+00,0.000000000000000000e+00,0.000000000000000000e+00,5.429274277608281407e-01,5.274861354458517670e-01,5.252356331477170404e-01,0.000000000000000000e+00,5.419312273996562679e-01
4.144655533188199015e-01,4.145609924865920060e-01,4.196371863289583004e-01,0.000000000000000000e+00,4.290452870562492804e-01,3.867967653333507783e-01,4.415973210080451072e-01,4.198042498128358724e-01,4.112806545202510877e-01,3.809577507248682049e-01,0.000000000000000000e+00,4.363692465898609263e-01,4.312756931306512276e-01,0.000000000000000000e+00,3.191918945828812193e-01,3.660021531045455911e-01,3.823463267328925941e-01,3.961784082514376859e-01,4.516188453605513020e-01,0.000000000000000000e+00,4.013581869582494854e-01,3.594782197690524206e-01,3.348725913340669935e-01,4.198315936915070767e-01,3.986737651397223026e-01,4.048820765650639197e-01,3.468279984735155863e-01,3.874080528396726120e-01,3.162408084048484169e-01,3.478167579810366727e-01,3.845003252705007091e-01,4.414425653718810905e-01,3.622228841752141992e-01,4.304112396319729195e-01,4.693973260560769245e-01,5.320397460982023707e-01,4.569421323258536782e-01,4.177263554533908185e-01,4.943391338922998868e-01,4.259399677838687226e-01,5.030239303882897417e-01,4.856016177013638968e-01,5.143228443747789314e-01,0.000000000000000000e+00,4.130418672486710907e-01,0.000000000000000000e+00,4.367840471999218099e-01,4.781155103738968792e-01,0.000000000000000000e+00,0.000000000000000000e+00,4.815961598306798264e-01,4.958998611670755730e-01,5.210103925445134232e-01,4.780563371919012150e-01,4.541991926538865854e-01,4.529982602673673919e-01,4.165153265301704821e-01,4.903397823125993926e-01,0.000000000000000000e+00,4.856717229996698193e-01,4.584696100275845176e-01,4.699491956878296128e-01,4.630022987050478878e-01,0.000000000000000000e+00,4.957597992615919158e-01,4.637390860501335865e-01,4.813221755160285165e-01,5.095332618194274854e-01,0.000000000000000000e+00,4.333786874256277954e-01,4.659737619361080108e-01,5.012511702185433737e-01,4.923672307477462984e-01,4.820773405837919245e-01,4.911915929488573918e-01,4.895747707962816997e-01
3.964927262473951219e-01,4.264298109483887211e-01,0.000000000000000000e+00,0.000000000000000000e+00,0.000000000000000000e+00,3.954841428603700915e-01,4.572828998662560873e-01,4.148700612899244855e-01,4.033946508287640231e-01,4.660308157110822913e-01,0.000000000000000000e+00,4.722439832062939047e-01,4.661381522315051207e-01,0.000000000000000000e+00,3.487190654175629234e-01,4.257149963516128066e-01,0.000000000000000000e+00,4.287322317933849880e-01,0.000000000000000000e+00,4.013581869582494854e-01,0.000000000000000000e+00,4.062846698598002737e-01,3.877748677583434112e-01,4.619016435586452141e-01,4.206311189805173045e-01,3.922142445394133925e-01,3.974552640033002238e-01,4.496528773822983105e-01,4.150969641171647906e-01,0.000000000000000000e+00,4.241463929514139863e-01,4.456058623025511145e-01,4.088829051270830850e-01,4.232145578804413777e-01,4.407128903659678909e-01,3.803712701795782802e-01,0.000000000000000000e+00,4.848695319999585807e-01,4.664666951913220005e-01,4.534101285925873914e-01,4.572635325379542093e-01,4.954269067071007115e-01,0.000000000000000000e+00,0.000000000000000000e+00,0.000000000000000000e+00,3.736024616586522962e-01,4.708342387383965821e-01,0.000000000000000000e+00,0.000000000000000000e+00,0.000000000000000000e+00,4.322390832324740084e-01,0.000000000000000000e+00,4.314287075048479081e-01,0.000000000000000000e+00,0.000000000000000000e+00,0.000000000000000000e+00,0.000000000000000000e+00,4.641986257396005233e-01,0.000000000000000000e+00,4.595740376017304896e-01,4.464885466861717167e-01,0.000000000000000000e+00,0.000000000000000000e+00,0.000000000000000000e+00,4.621961058558541890e-01,3.177873974129689083e-01,4.836117554043158906e-01,4.626416382917705739e-01,0.000000000000000000e+00,4.442840394569493867e-01,4.760573621598913063e-01,4.673381134332820763e-01,4.484957947917613263e-01,4.297210478161503922e-01,4.325318903995555853e-01,4.583697878457377861e-01
