0.000000000000000000e+00,3.909822883903805724e-01,3.862976549885723254e-01,0.000000000000000000e+00,0.000000000000000000e+00,3.825463605045276161e-01,4.410882644543023257e-01,4.975596393456261923e-01,4.340975060642277006e-01,3.764695637338865142e-01,0.000000000000000000e+00,3.742537388102579188e-01,4.246817745488842277e-01,4.866985241957615949e-01,3.941123384472062785e-01,3.760715038487486006e-01,3.829017183493638732e-01,3.366802241306871002e-01,0.000000000000000000e+00,4.277517957046346742e-01,4.533901275079619819e-01,4.129797037612529254e-01,4.309963915833348036e-01,3.655160070717545229e-01,3.493273937734081014e-01,3.657471312130584074e-01,4.243522432290228741e-01,4.571988030547938231e-01,4.214347434563531780e-01,4.748527332275980228e-01,3.625845646054141058e-01,4.845256131229774832e-01,3.323158455744725792e-01,3.707381964410513819e-01,4.224407933339970889e-01,4.502570539890218271e-01,0.000000000000000000e+00,4.040520886881469043e-01,4.641052888165045909e-01,4.049297943922626764e-01,3.892792940065968876e-01,4.529883694939317862e-01,0.000000000000000000e+00,0.000000000000000000e+00,4.318473908043474752e-01,3.248247610611700864e-01,4.172147736945446272e-01,0.000000000000000000e+00,0.000000000000000000e+00,0.000000000000000000e+00,0.000000000000000000e+00,0.000000000000000000e+00,4.998088330268440904e-01,0.000000000000000000e+00,4.360947336252357087e-01,0.000000000000000000e+00,3.982744096244705267e-01,0.000000000000000000e+00,0.000000000000000000e+00,4.661421846350282117e-01,4.153377570228395932e-01,3.965068962223839977e-01,3.991224506004352190e-01,0.000000000000000000e+00,4.718970071120990872e-01,4.125080520087808233e-01,4.256073302841117956e-01,4.659992320144594191e-01,2.997337651628766975e-01,3.895292414745405996e-01,4.243639291556570159e-01,4.546177838620575895e-01,0.000000000000000000e+00,0.000000000000000000e+00,0.000000000000000000e+00,3.728235282124823247e-01
3.909822883903805724e-01,0.000000000000000000e+00,3.735771680263527128e-01,0.000000000000000000e+00,0.000000000000000000e+00,3.818455999980915894e-01,4.155665271289906149e-01,4.001456866641978083e-01,3.618657002264875078e-01,0.000000000000000000e+00,0.000000000000000000e+00,0.000000000000000000e+00,4.094954872167166915e-01,0.000000000000000000e+00,4.200198247524720152e-01,3.982997528733365766e-01,0.000000000000000000e+00,3.582284781075174007e-01,0.000000000000000000e+00,4.164441372273178787e-01,4.104570885839606276e-01,4.160596874782228061e-01,3.967663403298550273e-01,3.568970628706509829e-01,3.711975425102471138e-01,3.993808400746757248e-01,4.003955931172449856e-01,4.127655528877433033e-01,4.035387280667234733e-01,0.000000000000000000e+00,4.000348433557224803e-01,5.069798380696964868e-01,3.649703072217612143e-01,4.077737417585651780e-01,4.572743752267895978e-01,0.000000000000000000e+00,0.000000000000000000e+00,0.000000000000000000e+00,4.746418356120863935e-01,4.256268266042907977e-01,4.283264968588326727e-01,4.721831863198415191e-01,0.000000000000000000e+00,0.000000000000000000e+00,0.000000000000000000e+00,4.561106337644705855e-01,4.553256186543673256e-01,0.000000000000000000e+00,0.000000000000000000e+00,0.000000000000000000e+00,4.319163018930974873e-01,0.000000000000000000e+00,4.947958170116014132e-01,0.000000000000000000e+00,0.000000000000000000e+00,0.000000000000000000e+00,0.000000000000000000e+00,4.397324908531746734e-01,0.000000000000000000e+00,4.578654262220854809e-01,4.453723131879726016e-01,0.000000000000000000e+00,4.146811121245406184e-01,0.000000000000000000e+00,4.296901046083522191e-01,4.693799924261700118e-01,4.587884361208042772e-01,4.547382351288806190e-01,0.000000000000000000e+00,4.107161870220685795e-01,4.823132531411727930e-01,4.486832584797613155e-01,4.431007988860726221e-01,4.402590654553127925e-01,0.000000000000000000e+00,4.272099492594184089e-01
3.862976549885723254e-01,3.735771680263527128e-01,0.000000000000000000e+00,3.973821429408823103e-01,3.661716475821789052e-01,3.520239815465582844e-01,4.011488414471380270e-01,3.948763236326454096e-01,2.573906554801633773e-01,4.154963668326934756e-01,3.258166073023779918e-01,4.192985729486963242e-01,3.913205390318265087e-01,3.821685565102351800e-01,0.000000000000000000e+00,3.884429154177477250e-01,0.000000000000000000e+00,3.789972424367009096e-01,2.793805745594036827e-01,3.623946937946979086e-01,0.000000000000000000e+00,3.803678149434636113e-01,3.123755382245694268e-01,0.000000000000000000e+00,3.841275787631646121e-01,3.994840087106029114e-01,2.816188104894234989e-01,3.976379941435796983e-01,3.376706842216615767e-01,4.104941752610113959e-01,4.073394016842040166e-01,3.774941579447569917e-01,0.000000000000000000e+00,4.010621706573275214e-01,4.198709788270286736e-01,3.701116600674462243e-01,3.995603499854972762e-01,0.000000000000000000e+00,4.411487526086022015e-01,0.000000000000000000e+00,4.524575688444030241e-01,0.000000000000000000e+00,0.000000000000000000e+00,0.000000000000000000e+00,0.000000000000000000e+00,0.000000000000000000e+00,0.000000000000000000e+00,3.555931948274451138e-01,0.000000000000000000e+00,4.657613232790374092e-01,5.038858927507945396e-01,4.860734648711722006e-01,4.788335302291373829e-01,4.964160299857838243e-01,0.000000000000000000e+00,3.299835171564973191e-01,0.000000000000000000e+00,4.653271247532160260e-01,4.362605582233851087e-01,0.000000000000000000e+00,0.000000000000000000e+00,0.000000000000000000e+00,0.000000000000000000e+00,3.266972056202159802e-01,0.000000000000000000e+00,0.000000000000000000e+00,0.000000000000000000e+00,5.050582914698492631e-01,0.000000000000000000e+00,0.000000000000000000e+00,0.000000000000000000e+00,4.519210426735867925e-01,4.405946100724125736e-01,4.331412370958270808e-01,0.000000000000000000e+00,4.476143159905802138e-01
0.000000000000000000e+00,0.000000000000000000e+00,3.973821429408823103e-01,0.000000000000000000e+00,2.767222358966962004e-01,4.289685829748817181e-01,2.919131678153881193e-01,4.159665884924936829e-01,4.072946867064908827e-01,0.000000000000000000e+00,3.753783931502068794e-01,0.000000000000000000e+00,2.917256016387224093e-01,3.241364087893151003e-01,0.000000000000000000e+00,0.000000000000000000e+00,0.000000000000000000e+00,4.029679298400878906e-01,3.967786217405024907e-01,0.000000000000000000e+00,0.000000000000000000e+00,0.000000000000000000e+00,4.017548898238937904e-01,0.000000000000000000e+00,0.000000000000000000e+00,0.000000000000000000e+00,4.686088843953912231e-01,2.579486081122078223e-01,0.000000000000000000e+00,0.000000000000000000e+00,2.913559938797968263e-01,3.670234717582607220e-01,0.000000000000000000e+00,3.638254667609164272e-01,4.055536183609302903e-01,2.323795601087449980e-01,1.969169126292527050e-01,0.000000000000000000e+00,0.000000000000000000e+00,0.000000000000000000e+00,0.000000000000000000e+00,0.000000000000000000e+00,3.686285850623087224e-01,0.000000000000000000e+00,0.000000000000000000e+00,0.000000000000000000e+00,0.000000000000000000e+00,4.337435320972234942e-01,0.000000000000000000e+00,0.000000000000000000e+00,0.000000000000000000e+00,0.000000000000000000e+00,0.000000000000000000e+00,4.055617233792390142e-01,0.000000000000000000e+00,3.852044393542595202e-01,0.000000000000000000e+00,0.000000000000000000e+00,0.000000000000000000e+00,0.000000000000000000e+00,0.000000000000000000e+00,0.000000000000000000e+00,0.000000000000000000e+00,4.315565424226476821e-01,0.000000000000000000e+00,0.000000000000000000e+00,0.000000000000000000e+00,0.000000000000000000e+00,0.000000000000000000e+00,0.000000000000000000e+00,0.000000000000000000e+00,0.000000000000000000e+00,0.000000000000000000e+00,0.000000000000000000e+00,0.000000000000000000e+00,0.000000000000000000e+00
0.000000000000000000e+00,0.000000000000000000e+00,3.661716475821789052e-01,2.767222358966962004e-01,0.000000000000000000e+00,3.364196352884811780e-01,3.476826272694095166e-01,3.656368722884629774e-01,3.086642078117763921e-01,4.353019900276144938e-01,3.256175363773862186e-01,4.332677208780524869e-01,3.777000548961942927e-01,3.000280809434581752e-01,0.000000000000000000e+00,0.000000000000000000e+00,0.000000000000000000e+00,0.000000000000000000e+00,3.464130079562238174e-01,3.638878024516398746e-01,3.551078006380348207e-01,3.883036376979723259e-01,3.529137741313618237e-01,4.272691421609450257e-01,3.795373155119544095e-01,4.177962045258635237e-01,3.732183808575175177e-01,3.609741992377493158e-01,3.468563724128354009e-01,0.000000000000000000e+00,4.233208324649828103e-01,4.013390022186684725e-01,3.980637165898910923e-01,4.102817127199692160e-01,3.995874656336180220e-01,2.465494224540173973e-01,3.299155097889360233e-01,3.937409260594760818e-01,3.988338758179056920e-01,4.318894162119675251e-01,4.148780544818461147e-01,0.000000000000000000e+00,3.458018389063032272e-01,0.000000000000000000e+00,0.000000000000000000e+00,0.000000000000000000e+00,0.000000000000000000e+00,4.460338411022553018e-01,0.000000000000000000e+00,4.261147810731302776e-01,4.493951639181337776e-01,4.441050681758568763e-01,4.198499712007109919e-01,4.497935336008819784e-01,0.000000000000000000e+00,4.021184045096131143e-01,0.000000000000000000e+00,4.282130301783200199e-01,3.909705525196799925e-01,0.000000000000000000e+00,0.000000000000000000e+00,0.000000000000000000e+00,0.000000000000000000e+00,4.172797743704350082e-01,0.000000000000000000e+00,0.000000000000000000e+00,0.000000000000000000e+00,4.540874336222224805e-01,0.000000000000000000e+00,0.000000000000000000e+00,0.000000000000000000e+00,4.466968207277399738e-01,4.182027018271167740e-01,4.035843680016695245e-01,0.000000000000000000e+00,4.262346006573006774e-01
3.825463605045276161e-01,3.818455999980915894e-01,3.520239815465582844e-01,4.289685829748817181e-01,3.364196352884811780e-01,0.000000000000000000e+00,3.648630840443706780e-01,3.052497218875758755e-01,3.033981471083275760e-01,4.366356447587850798e-01,3.291967373057472224e-01,4.405517683968120934e-01,3.239887388543324920e-01,3.606268232039598898e-01,3.548717486813388056e-01,3.935647441828012960e-01,0.000000000000000000e+00,3.736412643598959749e-01,3.176854295126477767e-01,3.563454701565280103e-01,3.383670230844886828e-01,3.838565133911889249e-01,3.183664513138352858e-01,4.382141232219652904e-01,3.773971299211255070e-01,3.935689198449203174e-01,3.084584916118033870e-01,3.263063606838094155e-01,2.948737218209799837e-01,3.692350461833340813e-01,3.953146844178430097e-01,4.091547064793170096e-01,0.000000000000000000e+00,4.129135119615062188e-01,4.331460297482656041e-01,4.068735842123514246e-01,3.939660797721480923e-01,0.000000000000000000e+00,4.227610706777427119e-01,0.000000000000000000e+00,4.341081116837676168e-01,0.000000000000000000e+00,3.639626251976088023e-01,0.000000000000000000e+00,0.000000000000000000e+00,0.000000000000000000e+00,4.212370652466196908e-01,4.677971759870294122e-01,0.000000000000000000e+00,4.551025949233056256e-01,4.368063911842222091e-01,4.386013093737695101e-01,3.769060449170570926e-01,4.621325809789718075e-01,0.000000000000000000e+00,4.347878600802868032e-01,0.000000000000000000e+00,4.305351521017755090e-01,0.000000000000000000e+00,4.245969057083129883e-01,4.137766609891637137e-01,0.000000000000000000e+00,0.000000000000000000e+00,4.454702622136244017e-01,4.067416060824448065e-01,0.000000000000000000e+00,4.206026433197965209e-01,4.354596741764719114e-01,0.000000000000000000e+00,3.964652680738329216e-01,4.380583950021045836e-01,4.390972113802508181e-01,4.249863106079606045e-01,4.216521268502623210e-01,0.000000000000000000e+00,4.300198698880479120e-01
4.410882644543023257e-01,4.155665271289906149e-01,4.011488414471380270e-01,2.919131678153881193e-01,3.476826272694095166e-01,3.648630840443706780e-01,0.000000000000000000e+00,3.917037945892283268e-01,3.890633113271881882e-01,4.182367542461953858e-01,4.289727709454976834e-01,4.187639079007383081e-01,3.297247473252686856e-01,3.523295402947312915e-01,0.000000000000000000e+00,4.335740833185747767e-01,4.424516951535030218e-01,4.200932987839419153e-01,4.118960488980776824e-01,4.130656695299951831e-01,4.030308001485237157e-01,4.290250150324240730e-01,3.795859357029560122e-01,3.927508979919054899e-01,4.185494705031226892e-01,4.258296261722651077e-01,3.844678435379140780e-01,3.357688465296628788e-01,4.082398174572612892e-01,4.232754330671941734e-01,4.244912944971920843e-01,4.177780020119256088e-01,3.892838050193691002e-01,3.996299180694768971e-01,3.936377502848382171e-01,3.616919558425312209e-01,3.688178044512248066e-01,4.147291147782942167e-01,4.384442499383294223e-01,0.000000000000000000e+00,4.464752485596523157e-01,0.000000000000000000e+00,3.890681494872663126e-01,0.000000000000000000e+00,0.000000000000000000e+00,0.000000000000000000e+00,0.000000000000000000e+00,4.633277737963250043e-01,0.000000000000000000e+00,4.636587159138645942e-01,4.552508292261471801e-01,4.533301159021307924e-01,4.263353171577288769e-01,4.684446648401747182e-01,0.000000000000000000e+00,4.226477917555752084e-01,4.658317885943465964e-01,4.483499814945148820e-01,4.455412534043565742e-01,0.000000000000000000e+00,0.000000000000000000e+00,0.000000000000000000e+00,0.000000000000000000e+00,4.413493261014407865e-01,0.000000000000000000e+00,0.000000000000000000e+00,0.000000000000000000e+00,4.595832485406873835e-01,0.000000000000000000e+00,0.000000000000000000e+00,0.000000000000000000e+00,4.562326292254231253e-01,4.377667175760442952e-01,4.503652583235394080e-01,0.000000000000000000e+00,4.414202300828556913e-01
4.975596393456261923e-01,4.001456866641978083e-01,3.948763236326454096e-01,4.159665884924936829e-01,3.656368722884629774e-01,3.052497218875758755e-01,3.917037945892283268e-01,0.000000000000000000e+00,3.776270429319887878e-01,4.229383162945437036e-01,3.111792421435954914e-01,4.696972882929567050e-01,3.912042004465948741e-01,4.056749585373876088e-01,4.006504998013509788e-01,4.306460390201740096e-01,4.946872999277764915e-01,4.810527654039655765e-01,3.678270528832813802e-01,3.820942933814128750e-01,3.934958470194276914e-01,4.001015781974248120e-01,3.361967753859245178e-01,5.115647091381004818e-01,4.531913526968803785e-01,4.578652626361450761e-01,3.673913186084732940e-01,4.161604208028337748e-01,3.619824764607689760e-01,4.508821442820459269e-01,4.374314351900471798e-01,4.235421994968560089e-01,4.118689777679229724e-01,4.532848374010233772e-01,4.855979737659102957e-01,3.854207914710109928e-01,4.360671361742944896e-01,0.000000000000000000e+00,4.328838663440324197e-01,0.000000000000000000e+00,4.550165936798543087e-01,0.000000000000000000e+00,3.854186809884567189e-01,0.000000000000000000e+00,0.000000000000000000e+00,0.000000000000000000e+00,4.478085825765564243e-01,4.782480500002486146e-01,0.000000000000000000e+00,4.340107105689247069e-01,4.484607165900205139e-01,4.471673625108510963e-01,4.255206104606937823e-01,4.780417373517633073e-01,0.000000000000000000e+00,4.278127576391442255e-01,0.000000000000000000e+00,4.386186962437206849e-01,4.346102440013324131e-01,4.713829408270189814e-01,0.000000000000000000e+00,0.000000000000000000e+00,0.000000000000000000e+00,4.382237246780328888e-01,4.292402792361056929e-01,4.393410331976599914e-01,4.489051566199415144e-01,4.562062578760817111e-01,0.000000000000000000e+00,4.301326971852894032e-01,4.569124059129396898e-01,4.427753021344181250e-01,4.326892996345174103e-01,4.358433491069391152e-01,4.423702351957303214e-01,4.502465552440647056e-01
4.340975060642277006e-01,3.618657002264875078e-01,2.573906554801633773e-01,4.072946867064908827e-01,3.086642078117763921e-01,3.033981471083275760e-01,3.890633113271881882e-01,3.776270429319887878e-01,0.000000000000000000e+00,4.344981420160662910e-01,2.771678579502651063e-01,4.533089804502548059e-01,3.672873969861464860e-01,3.769742890114731737e-01,0.000000000000000000e+00,3.797685531923106206e-01,0.000000000000000000e+00,4.325812622453441003e-01,2.407700032807686130e-01,3.423045618644842136e-01,3.515777878457105876e-01,3.618327347414023731e-01,3.507427402900822888e-01,4.334447418405040775e-01,3.932627875998767064e-01,4.108266870535117188e-01,3.289033938863278883e-01,4.017250044076208226e-01,3.091420922582949204e-01,3.906288172617773946e-01,4.130044095336521948e-01,3.738833447746052752e-01,4.104454190194981034e-01,4.068828735871535263e-01,4.068662907782158999e-01,3.736083247344257896e-01,3.924710720269480868e-01,4.083262425069035251e-01,4.302709217363834271e-01,0.000000000000000000e+00,4.438492579108865854e-01,0.000000000000000000e+00,4.169513577486788081e-01,0.000000000000000000e+00,0.000000000000000000e+00,0.000000000000000000e+00,0.000000000000000000e+00,4.956098751109607181e-01,0.000000000000000000e+00,4.829239382378024970e-01,4.859689349141966264e-01,4.704857147631943959e-01,4.466452694770012832e-01,4.889598547423505970e-01,0.000000000000000000e+00,4.496975127515960846e-01,0.000000000000000000e+00,4.595694263613250841e-01,4.594171160076018778e-01,0.000000000000000000e+00,0.000000000000000000e+00,0.000000000000000000e+00,0.000000000000000000e+00,4.746096226492740877e-01,0.000000000000000000e+00,0.000000000000000000e+00,4.192409711515223125e-01,4.891648997217473149e-01,0.000000000000000000e+00,0.000000000000000000e+00,0.000000000000000000e+00,4.761224059025960798e-01,4.445248944878877895e-01,4.345111787366576772e-01,0.000000000000000000e+00,4.416451285162463214e-01
3.764695637338865142e-01,0.000000000000000000e+00,4.154963668326934756e-01,0.000000000000000000e+00,4.353019900276144938e-01,4.366356447587850798e-01,4.182367542461953858e-01,4.229383162945437036e-01,4.344981420160662910e-01,0.000000000000000000e+00,4.367347751794533051e-01,2.809258073845994907e-01,4.209272849212145062e-01,3.819871622065554861e-01,0.000000000000000000e+00,3.465367259767125896e-01,2.912278095805038158e-01,3.206533161027360079e-01,4.280094806498124793e-01,0.000000000000000000e+00,4.529808415479973926e-01,4.431743064823240874e-01,4.174662337810368107e-01,3.081512248257879949e-01,2.965674448894852211e-01,2.831729466722662236e-01,4.247271015366647084e-01,4.080938875270490040e-01,4.421561083393484859e-01,4.381758067340679186e-01,3.219556452524660051e-01,3.870604739473240130e-01,3.084674864266940819e-01,3.424919544592482934e-01,3.258035220458526116e-01,4.151146985329228767e-01,2.976706642239904110e-01,2.991081720612194794e-01,3.318089655759883794e-01,4.129643239534933064e-01,3.772636457625613837e-01,3.610721787250050774e-01,3.572378793291420274e-01,0.000000000000000000e+00,3.848311542559991194e-01,4.182648658752440851e-01,0.000000000000000000e+00,0.000000000000000000e+00,0.000000000000000000e+00,0.000000000000000000e+00,0.000000000000000000e+00,4.225475413421312942e-01,0.000000000000000000e+00,4.399727712233854060e-01,4.402770526900817161e-01,0.000000000000000000e+00,4.469027509371267248e-01,4.453754498660997263e-01,0.000000000000000000e+00,0.000000000000000000e+00,4.185357691606361730e-01,4.369973231949608183e-01,4.318713748263728891e-01,0.000000000000000000e+00,0.000000000000000000e+00,0.000000000000000000e+00,0.000000000000000000e+00,0.000000000000000000e+00,4.051968179181025254e-01,4.193890455244296267e-01,4.361035715682676783e-01,4.535889076390005048e-01,4.428739961225295896e-01,0.000000000000000000e+00,0.000000000000000000e+00,4.354053531792473897e-01
0.000000000000000000e+00,0.000000000000000000e+00,3.258166073023779918e-01,3.753783931502068794e-01,3.256175363773862186e-01,3.291967373057472224e-01,4.289727709454976834e-01,3.111792421435954914e-01,2.771678579502651063e-01,4.367347751794533051e-01,0.000000000000000000e+00,4.382566847964716183e-01,4.211408467523988230e-01,3.213633004271935767e-01,0.000000000000000000e+00,0.000000000000000000e+00,0.000000000000000000e+00,4.354303727422709769e-01,2.613547713457234911e-01,0.000000000000000000e+00,0.000000000000000000e+00,3.684760401686628106e-01,3.297984277987106028e-01,4.298988368981921937e-01,4.329238070650313075e-01,4.261414237549874806e-01,3.527030017260158745e-01,4.211318357071596186e-01,3.173350093679326855e-01,0.000000000000000000e+00,4.364608171551770943e-01,3.815250202108397826e-01,4.276653544021196129e-01,4.275617074160509845e-01,4.262028761875011895e-01,2.854867840973492887e-01,3.887873279736308030e-01,4.118719503629980072e-01,3.837830022929694107e-01,0.000000000000000000e+00,4.090547047364530009e-01,0.000000000000000000e+00,3.679302013973835273e-01,0.000000000000000000e+00,0.000000000000000000e+00,0.000000000000000000e+00,0.000000000000000000e+00,4.449646529678801810e-01,0.000000000000000000e+00,4.354559625050186122e-01,4.676779578901539836e-01,4.435352923934546832e-01,4.239595793119401157e-01,4.633297934309715260e-01,0.000000000000000000e+00,4.119873995366160058e-01,0.000000000000000000e+00,4.094259017023081926e-01,4.144604837201252834e-01,0.000000000000000000e+00,0.000000000000000000e+00,0.000000000000000000e+00,0.000000000000000000e+00,4.272128793731350127e-01,0.000000000000000000e+00,0.000000000000000000e+00,0.000000000000000000e+00,4.727603844830529090e-01,0.000000000000000000e+00,0.000000000000000000e+00,0.000000000000000000e+00,4.655167951055301234e-01,4.040855246674184276e-01,4.033893855828576958e-01,0.000000000000000000e+00,4.242543378601852933e-01
3.742537388102579188e-01,0.000000000000000000e+00,4.192985729486963242e-01,0.000000000000000000e+00,4.332677208780524869e-01,4.405517683968120934e-01,4.187639079007383081e-01,4.696972882929567050e-01,4.533089804502548059e-01,2.809258073845994907e-01,4.382566847964716183e-01,0.000000000000000000e+00,4.274025688106790066e-01,0.000000000000000000e+00,0.000000000000000000e+00,3.449083947554889007e-01,3.443525184589834032e-01,3.462472136119867927e-01,4.379558176030844963e-01,0.000000000000000000e+00,4.653934643840386132e-01,3.971091340854062124e-01,4.358265206373267975e-01,2.971109887304049235e-01,2.967879694781865862e-01,2.769610404510369772e-01,4.446802107832756867e-01,4.246013695637064211e-01,0.000000000000000000e+00,0.000000000000000000e+00,3.738961809483067888e-01,3.497936844579684901e-01,3.203507080623438918e-01,3.397276459796660930e-01,3.446945979487767153e-01,3.793523477113862064e-01,2.982985953551535174e-01,2.681836361448708961e-01,2.882184775472581006e-01,4.197690199006742229e-01,3.893217218504904098e-01,3.653671877082101949e-01,3.494559353140452851e-01,0.000000000000000000e+00,3.986967895634855874e-01,3.979975007789084973e-01,3.747264861419646875e-01,0.000000000000000000e+00,0.000000000000000000e+00,4.941240857287615973e-01,0.000000000000000000e+00,4.474953711544791268e-01,0.000000000000000000e+00,4.416367485934121762e-01,4.484942989924204926e-01,4.400844825011613892e-01,4.576140581223039905e-01,4.506087207623967195e-01,0.000000000000000000e+00,0.000000000000000000e+00,4.159872939865633112e-01,4.428024606452928835e-01,4.333584710417958119e-01,0.000000000000000000e+00,0.000000000000000000e+00,0.000000000000000000e+00,0.000000000000000000e+00,0.000000000000000000e+00,4.087469768113277113e-01,4.209314447610327248e-01,4.426794172155339990e-01,0.000000000000000000e+00,4.558818885176890157e-01,0.000000000000000000e+00,0.000000000000000000e+00,4.455300778938857120e-01
4.246817745488842277e-01,4.094954872167166915e-01,3.913205390318265087e-01,2.917256016387224093e-01,3.777000548961942927e-01,3.239887388543324920e-01,3.297247473252686856e-01,3.912042004465948741e-01,3.672873969861464860e-01,4.209272849212145062e-01,4.211408467523988230e-01,4.274025688106790066e-01,0.000000000000000000e+00,3.832304452088384217e-01,4.149161076711769258e-01,4.278239220880226124e-01,4.210070603296541814e-01,4.130575332152560120e-01,3.959844465619012932e-01,3.998534675005436800e-01,4.196988314051370850e-01,4.214022740354665952e-01,3.793461395966529204e-01,4.104514686147985869e-01,4.101512998375277941e-01,4.166515400331127772e-01,3.708151290953395907e-01,3.426132429518662925e-01,3.802102322236121101e-01,4.174461779808081863e-01,4.115306350419706272e-01,4.270372767586880225e-01,4.050002740394815781e-01,4.083197823320104947e-01,4.026337735311095734e-01,3.923551575146190240e-01,3.809045618033617964e-01,3.770375759765157153e-01,4.282482604918634861e-01,3.642948112645552072e-01,4.541808885716592803e-01,4.480032352631779791e-01,3.782324728369976796e-01,0.000000000000000000e+00,0.000000000000000000e+00,0.000000000000000000e+00,4.417742405910343728e-01,4.622177815158460268e-01,0.000000000000000000e+00,4.555353404255669814e-01,4.494724201744098036e-01,4.489979142827514869e-01,4.192803484978832040e-01,4.592124183893800948e-01,0.000000000000000000e+00,4.183443271469486913e-01,4.457807217574746850e-01,4.452118113903523744e-01,4.208896718982855778e-01,0.000000000000000000e+00,4.349176105021214100e-01,0.000000000000000000e+00,0.000000000000000000e+00,4.434946866428987056e-01,4.605923583403663257e-01,0.000000000000000000e+00,4.355357422188028127e-01,4.554670235576825932e-01,0.000000000000000000e+00,4.201306454807783863e-01,4.505448801054999786e-01,4.518820148916927737e-01,4.454626820511655150e-01,4.502570911979156820e-01,4.500066000781576814e-01,4.471231433282131240e-01
4.866985241957615949e-01,0.000000000000000000e+00,3.821685565102351800e-01,3.241364087893151003e-01,3.000280809434581752e-01,3.606268232039598898e-01,3.523295402947312915e-01,4.056749585373876088e-01,3.769742890114731737e-01,3.819871622065554861e-01,3.213633004271935767e-01,0.000000000000000000e+00,3.832304452088384217e-01,0.000000000000000000e+00,0.000000000000000000e+00,0.000000000000000000e+00,0.000000000000000000e+00,0.000000000000000000e+00,3.617189394594473861e-01,0.000000000000000000e+00,4.426123028190825925e-01,0.000000000000000000e+00,3.856250587929239138e-01,4.965976245572080172e-01,0.000000000000000000e+00,4.654545681105796140e-01,3.980679158939394169e-01,3.376450528019792063e-01,3.817816869706089911e-01,0.000000000000000000e+00,3.900224568585676788e-01,1.910381803887903074e-01,0.000000000000000000e+00,3.733143923509181228e-01,3.712223236865497822e-01,2.005996059094526940e-01,1.796632319437428960e-01,0.000000000000000000e+00,3.859868347644805908e-01,0.000000000000000000e+00,0.000000000000000000e+00,0.000000000000000000e+00,3.330751283051581191e-01,0.000000000000000000e+00,0.000000000000000000e+00,0.000000000000000000e+00,0.000000000000000000e+00,4.346701072239393948e-01,0.000000000000000000e+00,3.911326239172305819e-01,4.107677533518003243e-01,3.997809411591944917e-01,4.116587444566133791e-01,4.262008125928670732e-01,0.000000000000000000e+00,3.857433724990805834e-01,0.000000000000000000e+00,3.843754022400697745e-01,0.000000000000000000e+00,0.000000000000000000e+00,0.000000000000000000e+00,0.000000000000000000e+00,0.000000000000000000e+00,3.994665114588176191e-01,0.000000000000000000e+00,0.000000000000000000e+00,0.000000000000000000e+00,4.348323902741895730e-01,0.000000000000000000e+00,0.000000000000000000e+00,0.000000000000000000e+00,4.131867193742080890e-01,3.990172792223463105e-01,0.000000000000000000e+00,0.000000000000000000e+00,0.000000000000000000e+00
3.941123384472062785e-01,4.200198247524720152e-01,0.000000000000000000e+00,0.000000000000000000e+00,0.000000000000000000e+00,3.548717486813388056e-01,0.000000000000000000e+00,4.006504998013509788e-01,0.000000000000000000e+00,0.000000000000000000e+00,0.000000000000000000e+00,0.000000000000000000e+00,4.149161076711769258e-01,0.000000000000000000e+00,0.000000000000000000e+00,4.418351039729743746e-01,0.000000000000000000e+00,4.072371360865066903e-01,0.000000000000000000e+00,3.408651551803307256e-01,4.033523552175056204e-01,3.766897004441516206e-01,3.862591080910531827e-01,4.186461590156028145e-01,4.130482522357826203e-01,3.995646560220211252e-01,3.844928542920226233e-01,4.372718107430669798e-01,3.892359397543436184e-01,4.408519111437970150e-01,4.612984517651804728e-01,5.347897240632734084e-01,4.442228661277751733e-01,5.014672606702271773e-01,5.576474511771953857e-01,5.805809578123968251e-01,5.420769935443359167e-01,0.000000000000000000e+00,4.800489381419169033e-01,4.595799784665746124e-01,4.720019281504286845e-01,5.024269919599217982e-01,4.935007355528912010e-01,0.000000000000000000e+00,0.000000000000000000e+00,0.000000000000000000e+00,4.447326897337535723e-01,0.000000000000000000e+00,0.000000000000000000e+00,0.000000000000000000e+00,4.385332640624062250e-01,0.000000000000000000e+00,4.648220159916022776e-01,0.000000000000000000e+00,0.000000000000000000e+00,0.000000000000000000e+00,0.000000000000000000e+00,4.500606758612499259e-01,0.000000000000000000e+00,4.776673835226089015e-01,4.502738566444122181e-01,0.000000000000000000e+00,0.000000000000000000e+00,0.000000000000000000e+00,4.378657774346796927e-01,4.723468402109116115e-01,4.879196592821796186e-01,4.613539469734110887e-01,0.000000000000000000e+00,4.227478517845710826e-01,5.108119464793687836e-01,4.747924311361735872e-01,4.556144224381851737e-01,4.575369236065129908e-01,4.729224539632385094e-01,4.560862136395766875e-01
3.760715038487486006e-01,3.982997528733365766e-01,3.884429154177477250e-01,0.000000000000000000e+00,0.000000000000000000e+00,3.935647441828012960e-01,4.335740833185747767e-01,4.306460390201740096e-01,3.797685531923106206e-01,3.465367259767125896e-01,0.000000000000000000e+00,3.449083947554889007e-01,4.278239220880226124e-01,0.000000000000000000e+00,4.418351039729743746e-01,0.000000000000000000e+00,3.329711463113108061e-01,3.346509395327442182e-01,0.000000000000000000e+00,4.230766355567555093e-01,4.194691944441988896e-01,3.894849034215026040e-01,4.125570180758851846e-01,3.164541268004353869e-01,3.435620790427951765e-01,3.994066720885767197e-01,4.121545747599991150e-01,4.247910304547344862e-01,4.212214715217774130e-01,4.269262810256256868e-01,3.604886731385784082e-01,4.755226550603937063e-01,3.595585798800847166e-01,3.846305075960428921e-01,4.306003830176208802e-01,4.493309917283532240e-01,0.000000000000000000e+00,3.938075006008148193e-01,4.633161354775056084e-01,4.017440313187766177e-01,4.115894366086205181e-01,4.434987640890811211e-01,0.000000000000000000e+00,0.000000000000000000e+00,0.000000000000000000e+00,4.105097939671872864e-01,4.414957798611112150e-01,0.000000000000000000e+00,0.000000000000000000e+00,0.000000000000000000e+00,4.241045128391653929e-01,0.000000000000000000e+00,4.823168024669560738e-01,4.381658555272445743e-01,3.867060204724275252e-01,0.000000000000000000e+00,3.889103225335882041e-01,4.265447414747648991e-01,0.000000000000000000e+00,4.540377859113047809e-01,4.239867175437810887e-01,4.052311175662057230e-01,3.997307092360137259e-01,0.000000000000000000e+00,4.320996966772499004e-01,4.582072563967056755e-01,4.528469484439319181e-01,4.528530886611349948e-01,4.144444934465326136e-01,4.061002471779772138e-01,4.388244426496797912e-01,4.446979644220622752e-01,4.354845145429068198e-01,4.341058411121312965e-01,0.000000000000000000e+00,4.048596343798651076e-01
3.829017183493638732e-01,0.000000000000000000e+00,0.000000000000000000e+00,0.000000000000000000e+00,0.000000000000000000e+00,0.000000000000000000e+00,4.424516951535030218e-01,4.946872999277764915e-01,0.000000000000000000e+00,2.912278095805038158e-01,0.000000000000000000e+00,3.443525184589834032e-01,4.210070603296541814e-01,0.000000000000000000e+00,0.000000000000000000e+00,3.329711463113108061e-01,0.000000000000000000e+00,3.098518934270316216e-01,0.000000000000000000e+00,0.000000000000000000e+00,0.000000000000000000e+00,3.554284525874689127e-01,0.000000000000000000e+00,3.386957705849522049e-01,3.103939754544104979e-01,3.354116380056247904e-01,0.000000000000000000e+00,4.499218463897705078e-01,0.000000000000000000e+00,0.000000000000000000e+00,3.287019487247043181e-01,4.428782368822217208e-01,3.156528039289475118e-01,3.637022403902970824e-01,3.716775759611343766e-01,0.000000000000000000e+00,0.000000000000000000e+00,3.470438712963309080e-01,4.670360219374320998e-01,4.073326077391106748e-01,4.323483601443264268e-01,0.000000000000000000e+00,0.000000000000000000e+00,0.000000000000000000e+00,0.000000000000000000e+00,0.000000000000000000e+00,0.000000000000000000e+00,0.000000000000000000e+00,0.000000000000000000e+00,0.000000000000000000e+00,0.000000000000000000e+00,0.000000000000000000e+00,0.000000000000000000e+00,0.000000000000000000e+00,4.482156408904188205e-01,0.000000000000000000e+00,4.625504275099073803e-01,0.000000000000000000e+00,0.000000000000000000e+00,0.000000000000000000e+00,4.282994312554267990e-01,4.424074688442746206e-01,4.423887888491320197e-01,0.000000000000000000e+00,0.000000000000000000e+00,0.000000000000000000e+00,0.000000000000000000e+00,0.000000000000000000e+00,4.118402642010207115e-01,4.329366043039369893e-01,4.431657384061665206e-01,0.000000000000000000e+00,3.802579641342163086e-01,0.000000000000000000e+00,0.000000000000000000e+00,4.269425139118285806e-01
3.366802241306871002e-01,3.582284781075174007e-01,3.789972424367009096e-01,4.029679298400878906e-01,0.000000000000000000e+00,3.736412643598959749e-01,4.200932987839419153e-01,4.810527654039655765e-01,4.325812622453441003e-01,3.206533161027360079e-01,4.354303727422709769e-01,3.462472136119867927e-01,4.130575332152560120e-01,0.000000000000000000e+00,4.072371360865066903e-01,3.346509395327442182e-01,3.098518934270316216e-01,0.000000000000000000e+00,0.000000000000000000e+00,4.069912511761841212e-01,4.629947618416532795e-01,3.847103046461571862e-01,4.012278235551343109e-01,3.320519817575312005e-01,3.308538646674267780e-01,3.357886613435783207e-01,3.974731107971465893e-01,4.078974001913712732e-01,4.003402990078783197e-01,3.892078101634979248e-01,3.371149846564158170e-01,4.343630570954942205e-01,3.087689310471545823e-01,3.526163964686376828e-01,3.669108390292276090e-01,0.000000000000000000e+00,0.000000000000000000e+00,0.000000000000000000e+00,4.447844499092116211e-01,3.803528102871210903e-01,3.985287156158018873e-01,4.234392614266717092e-01,0.000000000000000000e+00,0.000000000000000000e+00,0.000000000000000000e+00,3.737438210406163197e-01,4.018800664164787761e-01,0.000000000000000000e+00,0.000000000000000000e+00,0.000000000000000000e+00,0.000000000000000000e+00,0.000000000000000000e+00,0.000000000000000000e+00,0.000000000000000000e+00,4.369248364751657232e-01,0.000000000000000000e+00,4.434873174016166208e-01,0.000000000000000000e+00,0.000000000000000000e+00,0.000000000000000000e+00,4.004692356369953243e-01,4.369242446389490220e-01,4.281273039579430728e-01,0.000000000000000000e+00,4.070112142845864200e-01,4.234880882577554129e-01,4.057668174200653177e-01,4.721638940376987059e-01,4.275433280358922894e-01,4.185998475918095152e-01,4.323145631348632723e-01,4.092801067686330230e-01,4.162770466243891909e-01,4.230912912664233083e-01,0.000000000000000000e+00,4.033904369567282155e-01
0.000000000000000000e+00,0.000000000000000000e+00,2.793805745594036827e-01,3.967786217405024907e-01,3.464130079562238174e-01,3.176854295126477767e-01,4.118960488980776824e-01,3.678270528832813802e-01,2.407700032807686130e-01,4.280094806498124793e-01,2.613547713457234911e-01,4.379558176030844963e-01,3.959844465619012932e-01,3.617189394594473861e-01,0.000000000000000000e+00,0.000000000000000000e+00,0.000000000000000000e+00,0.000000000000000000e+00,0.000000000000000000e+00,0.000000000000000000e+00,0.000000000000000000e+00,3.677316987404268822e-01,3.097162915314694009e-01,4.286394880074900771e-01,0.000000000000000000e+00,4.161763034782203774e-01,3.387642327344533855e-01,4.053108171579459795e-01,3.146917723664517941e-01,0.000000000000000000e+00,4.152410991211715752e-01,3.719262564244980029e-01,0.000000000000000000e+00,4.055965067634724752e-01,3.967836813528450857e-01,3.648478834108245805e-01,4.037221361202186221e-01,3.651774992633944894e-01,4.701724298768832910e-01,0.000000000000000000e+00,4.391848476839438908e-01,0.000000000000000000e+00,4.024258573538647132e-01,0.000000000000000000e+00,0.000000000000000000e+00,0.000000000000000000e+00,0.000000000000000000e+00,3.701051639675503879e-01,0.000000000000000000e+00,4.487199167699351121e-01,4.787085303493753274e-01,4.563857040248424091e-01,4.463430858275108104e-01,4.864515698473824146e-01,0.000000000000000000e+00,4.078438486254502005e-01,0.000000000000000000e+00,4.338344082120164091e-01,0.000000000000000000e+00,0.000000000000000000e+00,0.000000000000000000e+00,0.000000000000000000e+00,0.000000000000000000e+00,4.490513542959909121e-01,0.000000000000000000e+00,0.000000000000000000e+00,0.000000000000000000e+00,4.766382614035105103e-01,0.000000000000000000e+00,0.000000000000000000e+00,0.000000000000000000e+00,4.697458602516885184e-01,4.411888195493651743e-01,4.111483797948493057e-01,0.000000000000000000e+00,4.490640203142191034e-01
4.277517957046346742e-01,4.164441372273178787e-01,3.623946937946979086e-01,0.000000000000000000e+00,3.638878024516398746e-01,3.563454701565280103e-01,4.130656695299951831e-01,3.820942933814128750e-01,3.423045618644842136e-01,0.000000000000000000e+00,0.000000000000000000e+00,0.000000000000000000e+00,3.998534675005436800e-01,0.000000000000000000e+00,3.408651551803307256e-01,4.230766355567555093e-01,0.000000000000000000e+00,4.069912511761841212e-01,0.000000000000000000e+00,0.000000000000000000e+00,4.074066749924871167e-01,3.881169204132220996e-01,3.518214989847113783e-01,4.712841270471039845e-01,4.041114443088624220e-01,4.410975089770899915e-01,3.590978330336780933e-01,3.933656146257447084e-01,3.513888770920812754e-01,3.778624102114935268e-01,4.117511866550535027e-01,5.106478804437377672e-01,4.708857259143424123e-01,4.705897801793356150e-01,5.344795106779640648e-01,5.503177646525838629e-01,5.412408992226365179e-01,0.000000000000000000e+00,4.493633959134138989e-01,4.375227311196375757e-01,4.625148955746712920e-01,4.765719388890761743e-01,4.718413175578344831e-01,0.000000000000000000e+00,0.000000000000000000e+00,0.000000000000000000e+00,4.449046577357256838e-01,0.000000000000000000e+00,0.000000000000000000e+00,0.000000000000000000e+00,4.305046139732207067e-01,4.367053095120287942e-01,4.429151574861964757e-01,0.000000000000000000e+00,0.000000000000000000e+00,0.000000000000000000e+00,0.000000000000000000e+00,4.322402963810382803e-01,0.000000000000000000e+00,4.389451961182178064e-01,4.311225328960696102e-01,0.000000000000000000e+00,0.000000000000000000e+00,0.000000000000000000e+00,4.424465352625038816e-01,4.428042985626312045e-01,4.553175885042646254e-01,4.571866346922360824e-01,0.000000000000000000e+00,4.137466976821271847e-01,4.696863171185601815e-01,4.680820077883122154e-01,4.512634944882740751e-01,4.507033941803402777e-01,4.624033484196701793e-01,4.466267352783674927e-01
4.533901275079619819e-01,4.104570885839606276e-01,0.000000000000000000e+00,0.000000000000000000e+00,3.551078006380348207e-01,3.383670230844886828e-01,4.030308001485237157e-01,3.934958470194276914e-01,3.515777878457105876e-01,4.529808415479973926e-01,0.000000000000000000e+00,4.653934643840386132e-01,4.196988314051370850e-01,4.426123028190825925e-01,4.033523552175056204e-01,4.194691944441988896e-01,0.000000000000000000e+00,4.629947618416532795e-01,0.000000000000000000e+00,4.074066749924871167e-01,0.000000000000000000e+00,4.515876819944920073e-01,3.577100976931015808e-01,4.950891434761318100e-01,4.298133432247386865e-01,4.302163630891682189e-01,4.031596994962166058e-01,4.444857174079200890e-01,3.767882068134396079e-01,4.657452155896488200e-01,4.513412118220878066e-01,5.142063298580950015e-01,4.210786956459660058e-01,4.895206678136829748e-01,5.494228457480104799e-01,5.376979182342159769e-01,5.124474952881071799e-01,4.802675124641060944e-01,4.848508581652227201e-01,4.425828428665060099e-01,4.450543159967825790e-01,5.199922652039478121e-01,0.000000000000000000e+00,0.000000000000000000e+00,0.000000000000000000e+00,0.000000000000000000e+00,4.320303219728087174e-01,0.000000000000000000e+00,0.000000000000000000e+00,0.000000000000000000e+00,4.050055637358435101e-01,0.000000000000000000e+00,4.644259851724591992e-01,5.016659289691216550e-01,0.000000000000000000e+00,0.000000000000000000e+00,0.000000000000000000e+00,4.445539252584235768e-01,0.000000000000000000e+00,4.714406828477109013e-01,4.394900616487080747e-01,0.000000000000000000e+00,0.000000000000000000e+00,0.000000000000000000e+00,4.145446760665711938e-01,4.348308169838058235e-01,4.817824844252063254e-01,4.446811082345543120e-01,0.000000000000000000e+00,4.340253309997650910e-01,5.186953659693320784e-01,4.534921655985311162e-01,4.332867765156547812e-01,4.143585281734586956e-01,4.047495901351573777e-01,4.474403321640776920e-01
