0.000000000000000000e+00,4.040221640179043061e-01,0.000000000000000000e+00,0.000000000000000000e+00,0.000000000000000000e+00,4.365166261240209788e-01,4.412451581265626199e-01,5.450138058349754955e-01,4.321260967298978795e-01,3.906991990392711944e-01,0.000000000000000000e+00,3.645334560807649837e-01,4.569177729653010056e-01,0.000000000000000000e+00,4.250185381741383162e-01,4.046789805732213252e-01,3.481427921132683179e-01,3.801005046159305900e-01,0.000000000000000000e+00,4.659249477776821746e-01,4.239390049966312857e-01,4.322808754031888800e-01,4.937129947216539749e-01,3.769590297845680782e-01,3.758775216412018061e-01,3.808956771194423885e-01,4.727557100293889869e-01,4.782458034976536099e-01,4.920876665317232002e-01,5.118710859253354784e-01,3.816680320314023156e-01,4.492080776879759929e-01,3.451959754376682787e-01,3.804968616939092829e-01,4.549034773737730131e-01,0.000000000000000000e+00,0.000000000000000000e+00,4.216160589404646108e-01,4.549114076814499974e-01,4.261410333117304772e-01,4.142980530833821895e-01,0.000000000000000000e+00,0.000000000000000000e+00,0.000000000000000000e+00,4.360403901436418206e-01,4.171812197442774095e-01,4.558439466596181933e-01,0.000000000000000000e+00,0.000000000000000000e+00,0.000000000000000000e+00,0.000000000000000000e+00,0.000000000000000000e+00,0.000000000000000000e+00,0.000000000000000000e+00,4.262583062855405114e-01,0.000000000000000000e+00,4.238667532043732256e-01,0.000000000000000000e+00,0.000000000000000000e+00,0.000000000000000000e+00,4.366806919194948233e-01,4.060187838636585833e-01,4.223186128949545926e-01,0.000000000000000000e+00,0.000000000000000000e+00,4.791958563057879261e-01,4.686047845255905120e-01,4.716056786573977200e-01,4.419178145999940188e-01,4.399338786980088734e-01,4.443622141724887231e-01,0.000000000000000000e+00,0.000000000000000000e+00,0.000000000000000000e+00,0.000000000000000000e+00,3.958717697562347260e-01
4.040221640179043061e-01,0.000000000000000000e+00,4.062103069077017126e-01,0.000000000000000000e+00,4.057926223516630793e-01,4.096682278566318725e-01,4.290733779782319179e-01,4.725240111544716237e-01,4.113061133383896228e-01,3.380189554212196801e-01,0.000000000000000000e+00,3.407523588527592850e-01,4.392045825607268084e-01,0.000000000000000000e+00,4.392152782372346076e-01,3.861929840716137874e-01,3.712164724321880827e-01,3.753648211981068794e-01,0.000000000000000000e+00,4.524744964207031983e-01,4.319610419266188273e-01,4.408922580576494776e-01,4.424414757105937235e-01,3.224456916217567914e-01,3.516536560845298087e-01,3.837959994235590755e-01,4.317594103286360174e-01,4.463988493983144790e-01,4.288965543485149801e-01,4.616720836332943723e-01,3.815216648538243271e-01,4.412687011698279149e-01,3.613701344038542929e-01,3.864736939843407271e-01,4.707033263898893205e-01,3.764679809069423899e-01,0.000000000000000000e+00,0.000000000000000000e+00,4.370176357535985878e-01,4.268284902029477745e-01,4.200281913057132277e-01,4.657721477986387915e-01,0.000000000000000000e+00,0.000000000000000000e+00,4.517590999603270929e-01,4.481096398806665992e-01,4.410849418729131943e-01,0.000000000000000000e+00,0.000000000000000000e+00,0.000000000000000000e+00,4.468643692035054182e-01,4.461059596868304777e-01,5.184413264340359540e-01,0.000000000000000000e+00,3.906978351622708012e-01,0.000000000000000000e+00,4.212762401045790916e-01,4.486155844502032752e-01,0.000000000000000000e+00,4.584290652425999091e-01,4.270220916865318794e-01,4.002608999132072909e-01,4.162460681336371260e-01,0.000000000000000000e+00,4.560990280578782752e-01,5.019192924431239433e-01,4.595401560434900778e-01,4.659446924880185081e-01,4.599502540509453063e-01,4.241722553182434852e-01,4.565303061722860156e-01,4.688450370898755160e-01,4.767693708859243040e-01,4.526723904865996850e-01,0.000000000000000000e+00,4.092189392899289735e-01
0.000000000000000000e+00,4.062103069077017126e-01,0.000000000000000000e+00,0.000000000000000000e+00,3.998709857068917239e-01,3.894313119710948179e-01,4.451017597078874011e-01,4.595784084131780967e-01,3.348328989968588076e-01,4.763376228349872066e-01,3.591260434455438855e-01,4.581990649605963140e-01,4.623121016802393957e-01,4.368361846725872799e-01,0.000000000000000000e+00,0.000000000000000000e+00,0.000000000000000000e+00,4.726952516294687934e-01,2.749291776279186861e-01,4.391877664663804137e-01,0.000000000000000000e+00,4.370220206879835145e-01,3.620871689781007818e-01,4.764732358839571802e-01,4.417406988774805199e-01,4.502913891125212009e-01,3.320352230458665788e-01,4.661361188732177085e-01,4.247787933201703781e-01,4.775634179808868063e-01,4.753310816774680148e-01,4.452185802224455924e-01,4.406213945651906161e-01,4.798905769167319812e-01,4.732088205036392159e-01,4.242025575478293731e-01,4.699586008233335166e-01,4.427601898676232772e-01,5.330807506248328442e-01,0.000000000000000000e+00,5.605623346764870840e-01,0.000000000000000000e+00,5.179814916437465167e-01,0.000000000000000000e+00,0.000000000000000000e+00,0.000000000000000000e+00,4.972997725371958166e-01,5.696090200718892937e-01,0.000000000000000000e+00,5.562102945477593874e-01,5.624182276254212631e-01,5.650895865137899321e-01,5.418530574683143586e-01,5.885662983937770543e-01,0.000000000000000000e+00,5.056777681916052591e-01,0.000000000000000000e+00,5.512366202681772132e-01,5.520132137504196734e-01,0.000000000000000000e+00,0.000000000000000000e+00,0.000000000000000000e+00,0.000000000000000000e+00,5.425790286463032519e-01,0.000000000000000000e+00,0.000000000000000000e+00,0.000000000000000000e+00,5.653712771604820775e-01,0.000000000000000000e+00,0.000000000000000000e+00,0.000000000000000000e+00,5.686897317671516516e-01,5.516904432292329963e-01,5.171652863421618562e-01,0.000000000000000000e+00,5.591261368341732263e-01
0.000000000000000000e+00,0.000000000000000000e+00,0.000000000000000000e+00,0.000000000000000000e+00,2.876658027812866725e-01,0.000000000000000000e+00,2.901598018468535267e-01,4.528946012885440853e-01,0.000000000000000000e+00,0.000000000000000000e+00,4.139779122509131826e-01,0.000000000000000000e+00,0.000000000000000000e+00,3.917799730635723177e-01,0.000000000000000000e+00,0.000000000000000000e+00,0.000000000000000000e+00,0.000000000000000000e+00,4.431125772079547165e-01,0.000000000000000000e+00,0.000000000000000000e+00,0.000000000000000000e+00,4.617582862977900882e-01,0.000000000000000000e+00,0.000000000000000000e+00,0.000000000000000000e+00,0.000000000000000000e+00,3.042837783261125861e-01,0.000000000000000000e+00,0.000000000000000000e+00,3.311422973524352220e-01,2.819530555366721036e-01,0.000000000000000000e+00,0.000000000000000000e+00,3.196613272407373141e-01,2.591241063678336731e-01,1.590701497418620936e-01,0.000000000000000000e+00,0.000000000000000000e+00,0.000000000000000000e+00,0.000000000000000000e+00,0.000000000000000000e+00,0.000000000000000000e+00,0.000000000000000000e+00,0.000000000000000000e+00,0.000000000000000000e+00,0.000000000000000000e+00,0.000000000000000000e+00,0.000000000000000000e+00,0.000000000000000000e+00,0.000000000000000000e+00,0.000000000000000000e+00,0.000000000000000000e+00,0.000000000000000000e+00,0.000000000000000000e+00,0.000000000000000000e+00,0.000000000000000000e+00,0.000000000000000000e+00,0.000000000000000000e+00,0.000000000000000000e+00,0.000000000000000000e+00,0.000000000000000000e+00,0.000000000000000000e+00,0.000000000000000000e+00,0.000000000000000000e+00,0.000000000000000000e+00,0.000000000000000000e+00,0.000000000000000000e+00,0.000000000000000000e+00,0.000000000000000000e+00,0.000000000000000000e+00,0.000000000000000000e+00,0.000000000000000000e+00,0.000000000000000000e+00,0.000000000000000000e+00,0.000000000000000000e+00
0.000000000000000000e+00,4.057926223516630793e-01,3.998709857068917239e-01,2.876658027812866725e-01,0.000000000000000000e+00,3.797341679028777839e-01,3.335668803348669775e-01,4.056724815592659961e-01,3.377282100655326080e-01,4.705303760642270960e-01,3.371509450881652881e-01,4.463319647417516856e-01,4.109156980155921901e-01,3.254022563924812150e-01,0.000000000000000000e+00,0.000000000000000000e+00,4.688341025942305840e-01,4.425034715294344778e-01,3.779902862148862841e-01,4.194314934307418197e-01,0.000000000000000000e+00,4.260376467623737118e-01,4.093191623348527153e-01,4.618443535056929727e-01,3.855914212890618198e-01,4.160323334888281210e-01,4.045949625425250828e-01,3.892373475071289057e-01,3.968427756381510130e-01,0.000000000000000000e+00,4.617107809804589236e-01,4.027175974073237130e-01,4.101887810899277897e-01,4.553469360792611886e-01,4.396176114373113730e-01,2.867122159665920211e-01,1.948221910189064099e-01,4.212532378409322154e-01,5.056590191619173558e-01,0.000000000000000000e+00,5.515725911016997607e-01,0.000000000000000000e+00,4.107683404370970903e-01,0.000000000000000000e+00,0.000000000000000000e+00,0.000000000000000000e+00,4.095092149447954744e-01,5.413327418575399896e-01,0.000000000000000000e+00,4.818270988384000253e-01,5.437194343895224158e-01,5.576409561299459083e-01,4.974859707454530877e-01,5.446407889399593749e-01,0.000000000000000000e+00,4.604473308230512818e-01,0.000000000000000000e+00,5.427488868729747340e-01,4.610944319064381181e-01,0.000000000000000000e+00,0.000000000000000000e+00,0.000000000000000000e+00,0.000000000000000000e+00,5.137866063248781590e-01,0.000000000000000000e+00,0.000000000000000000e+00,4.412732875944584965e-01,5.402053380612759081e-01,0.000000000000000000e+00,0.000000000000000000e+00,0.000000000000000000e+00,5.475798075488156336e-01,5.258260668225649415e-01,5.138868837966285019e-01,0.000000000000000000e+00,5.491077874037868511e-01
4.365166261240209788e-01,4.096682278566318725e-01,3.894313119710948179e-01,0.000000000000000000e+00,3.797341679028777839e-01,0.000000000000000000e+00,3.964907295681731059e-01,4.094598465042488256e-01,3.383265470544771780e-01,4.596686783215537808e-01,4.069863318692398257e-01,4.298124957154869086e-01,3.785014290528573855e-01,4.256156682300329952e-01,4.332242282349769158e-01,4.311217285363048157e-01,4.317539609914310961e-01,4.177781067335549769e-01,3.783046506526751007e-01,4.086452432986297789e-01,4.160107522171155869e-01,4.228136839843497086e-01,3.912470821060444193e-01,4.609040925015109869e-01,3.893876834236961737e-01,4.179528700419328224e-01,3.645249952619097900e-01,3.981799445697998263e-01,3.393613840249082858e-01,4.253155151811018886e-01,4.396428736630060841e-01,4.152026107650547138e-01,3.875615896345097067e-01,4.513517763919807080e-01,4.541615920979312215e-01,4.467706449250397061e-01,4.549209090807653788e-01,4.306342576743267814e-01,4.994744138958208124e-01,0.000000000000000000e+00,5.274849713817091335e-01,0.000000000000000000e+00,5.072216399254895203e-01,0.000000000000000000e+00,0.000000000000000000e+00,0.000000000000000000e+00,4.316893103473460891e-01,5.707252479016472480e-01,0.000000000000000000e+00,5.454314513359310723e-01,5.266715532050525450e-01,5.433990810208366717e-01,4.708479085646044004e-01,5.754677847742808439e-01,0.000000000000000000e+00,5.383130562282001375e-01,0.000000000000000000e+00,5.278872924481797790e-01,5.408895991177496976e-01,4.574268552078448180e-01,4.095677811868722040e-01,0.000000000000000000e+00,0.000000000000000000e+00,5.563461862091531041e-01,4.877402421912612196e-01,0.000000000000000000e+00,4.463782780929256844e-01,5.298743647640900001e-01,0.000000000000000000e+00,4.088059740591625246e-01,4.427133063951145808e-01,5.218646218328290010e-01,5.223528428470917140e-01,4.985929499823640865e-01,5.304108727940259893e-01,5.194204918600592302e-01
4.412451581265626199e-01,4.290733779782319179e-01,4.451017597078874011e-01,2.901598018468535267e-01,3.335668803348669775e-01,3.964907295681731059e-01,0.000000000000000000e+00,4.424040065082489037e-01,4.062512252257192147e-01,4.294938549883707823e-01,4.351534793636214760e-01,4.301773821736429859e-01,3.323753579552580772e-01,3.363024629778352814e-01,0.000000000000000000e+00,4.659653199601820894e-01,4.343227451701571207e-01,4.505607083730808760e-01,4.594202874194436848e-01,4.386513479109052094e-01,4.442879997936550751e-01,4.546283134477762111e-01,4.338876419592774814e-01,4.256399204797085001e-01,4.192018640005891195e-01,4.222372507134148911e-01,4.254006926562494129e-01,3.730732933924080230e-01,4.119057051323349872e-01,0.000000000000000000e+00,4.165346059090732078e-01,4.069397456890386788e-01,3.991926204417773905e-01,4.145421613304283159e-01,4.097666449900912999e-01,3.569503052475657134e-01,4.108289734064453080e-01,3.925786738555773758e-01,4.990562543597352740e-01,0.000000000000000000e+00,5.426048602699610202e-01,0.000000000000000000e+00,4.969826636710346079e-01,0.000000000000000000e+00,0.000000000000000000e+00,0.000000000000000000e+00,4.415483470613347783e-01,5.674426982212401604e-01,0.000000000000000000e+00,5.367604835996239165e-01,5.375703950279504539e-01,5.526835203333171354e-01,4.749383000116312870e-01,5.608889611306490108e-01,0.000000000000000000e+00,5.171320162287663669e-01,0.000000000000000000e+00,5.338124340453161976e-01,0.000000000000000000e+00,0.000000000000000000e+00,4.314125492981459864e-01,0.000000000000000000e+00,0.000000000000000000e+00,5.432173160849044224e-01,5.014272702418322014e-01,0.000000000000000000e+00,4.731785883803311110e-01,5.359137945584977469e-01,0.000000000000000000e+00,4.330478280500603128e-01,4.472325683718649247e-01,5.274998762298246380e-01,5.323906862987691779e-01,5.131292408132061000e-01,0.000000000000000000e+00,5.419312076507667442e-01
5.450138058349754955e-01,4.725240111544716237e-01,4.595784084131780967e-01,4.528946012885440853e-01,4.056724815592659961e-01,4.094598465042488256e-01,4.424040065082489037e-01,0.000000000000000000e+00,4.874892419689771939e-01,4.875605822372849896e-01,3.933241259798753164e-01,5.085192378600310592e-01,4.546801807214779778e-01,4.211544674058136928e-01,4.229488174934744049e-01,4.953973732959318088e-01,0.000000000000000000e+00,4.834960308467159962e-01,4.316043354592937198e-01,4.140137318495811791e-01,4.176039553762133094e-01,4.466065527766009957e-01,3.669504401648938097e-01,5.375012351300073599e-01,5.087303935373521657e-01,5.154001118547509863e-01,4.287010550487083127e-01,4.540347496882894962e-01,3.925502612469913832e-01,4.465484669547660768e-01,4.613299392119389886e-01,4.322934826735870262e-01,4.539899017838476269e-01,4.873044114985615738e-01,4.847431111909478174e-01,3.606245933028562889e-01,4.576497183610739872e-01,0.000000000000000000e+00,4.893461490962759952e-01,0.000000000000000000e+00,5.442526835350852688e-01,0.000000000000000000e+00,4.731314048504641767e-01,0.000000000000000000e+00,0.000000000000000000e+00,0.000000000000000000e+00,4.658874716464054822e-01,5.579581378891482757e-01,0.000000000000000000e+00,5.151121740910689084e-01,4.897344831921918162e-01,5.159111687206467955e-01,3.632627327943451778e-01,5.634296429483356405e-01,5.332094149570992814e-01,5.021111428755122841e-01,0.000000000000000000e+00,5.018367001592043408e-01,5.235036214475182748e-01,0.000000000000000000e+00,0.000000000000000000e+00,0.000000000000000000e+00,0.000000000000000000e+00,5.330964864175575801e-01,4.803922823968417855e-01,3.809848191934098738e-01,4.759899129163848164e-01,4.844664667333449803e-01,0.000000000000000000e+00,4.753150546471636151e-01,5.061064245592133970e-01,5.002720777914479999e-01,5.049102173806030436e-01,4.668047288254044136e-01,4.990621139447450894e-01,5.074343222615443905e-01
4.321260967298978795e-01,4.113061133383896228e-01,3.348328989968588076e-01,0.000000000000000000e+00,3.377282100655326080e-01,3.383265470544771780e-01,4.062512252257192147e-01,4.874892419689771939e-01,0.000000000000000000e+00,4.816962089687460979e-01,3.226793013836026791e-01,4.768552828225441909e-01,3.991770164635859985e-01,4.413334178345352798e-01,0.000000000000000000e+00,4.578339217980709197e-01,0.000000000000000000e+00,4.636437413714467048e-01,3.037546438515389968e-01,4.181561210960076935e-01,0.000000000000000000e+00,4.309367385035415277e-01,4.152792419928181267e-01,4.671034428468300859e-01,4.256483583819796190e-01,4.456082450530908234e-01,3.880384675365318170e-01,4.643334502805280817e-01,3.942598569495988081e-01,4.576650919478768009e-01,4.779999201436089806e-01,4.425316903963242843e-01,4.417960353052650113e-01,4.784911590252636793e-01,4.703037117604659811e-01,4.456050847497273759e-01,4.599220024547248098e-01,4.540064182486799882e-01,5.377511509879181473e-01,0.000000000000000000e+00,5.553963614908414836e-01,0.000000000000000000e+00,5.084515436809964317e-01,0.000000000000000000e+00,0.000000000000000000e+00,0.000000000000000000e+00,0.000000000000000000e+00,5.818948623147041088e-01,0.000000000000000000e+00,5.575860389947924212e-01,5.655347009323929974e-01,5.642487963485234292e-01,5.594759699883485871e-01,5.877073852167498114e-01,0.000000000000000000e+00,5.406488551526205111e-01,0.000000000000000000e+00,5.551214041163127222e-01,5.412100702013281639e-01,0.000000000000000000e+00,0.000000000000000000e+00,0.000000000000000000e+00,0.000000000000000000e+00,5.709622941588156086e-01,0.000000000000000000e+00,0.000000000000000000e+00,4.489605289827978130e-01,5.729373718688953732e-01,0.000000000000000000e+00,0.000000000000000000e+00,4.531294618315194200e-01,5.745218236739429996e-01,5.427650348360382182e-01,5.187010926344441941e-01,0.000000000000000000e+00,5.529791894038162958e-01
3.906991990392711944e-01,3.380189554212196801e-01,4.763376228349872066e-01,0.000000000000000000e+00,4.705303760642270960e-01,4.596686783215537808e-01,4.294938549883707823e-01,4.875605822372849896e-01,4.816962089687460979e-01,0.000000000000000000e+00,4.832893462036830790e-01,2.628378123043931813e-01,4.385819263892268838e-01,0.000000000000000000e+00,4.140190388749753203e-01,3.623740899480564770e-01,3.119756361651769838e-01,3.543739980948257262e-01,4.889643986244500140e-01,4.136535983747219869e-01,4.546867794054473833e-01,4.011494937597779864e-01,4.560278138127543124e-01,3.035530690714288160e-01,3.120513635940503905e-01,3.201329302905234209e-01,4.482241233645927192e-01,4.129600426711430017e-01,4.076125762051325263e-01,0.000000000000000000e+00,3.342902815170032960e-01,3.877780238271638091e-01,2.874091089296472723e-01,3.155783788705671111e-01,3.437992974264024171e-01,3.626850409263865926e-01,3.153503627613697957e-01,2.765375795711961238e-01,3.336574339629332919e-01,3.853071194535250821e-01,4.081675310303030102e-01,3.898061887963267802e-01,0.000000000000000000e+00,0.000000000000000000e+00,3.192614179193143942e-01,4.095015285156611839e-01,4.126977319848130210e-01,0.000000000000000000e+00,0.000000000000000000e+00,0.000000000000000000e+00,5.295340662402020504e-01,4.371719668437367146e-01,0.000000000000000000e+00,4.719823384519626908e-01,4.093067234984150149e-01,0.000000000000000000e+00,3.997443129969872055e-01,4.309900948123410735e-01,0.000000000000000000e+00,0.000000000000000000e+00,4.062277791559750217e-01,4.221105598223403033e-01,4.106653608006308187e-01,0.000000000000000000e+00,0.000000000000000000e+00,0.000000000000000000e+00,4.418613683055799823e-01,5.009713416839202127e-01,3.817584140807873117e-01,4.159762239833376118e-01,4.351734658486107188e-01,5.246648485449459942e-01,4.420366517675944906e-01,5.133052723587181454e-01,0.000000000000000000e+00,4.160655676363664845e-01
0.000000000000000000e+00,0.000000000000000000e+00,3.591260434455438855e-01,4.139779122509131826e-01,3.371509450881652881e-01,4.069863318692398257e-01,4.351534793636214760e-01,3.933241259798753164e-01,3.226793013836026791e-01,4.832893462036830790e-01,0.000000000000000000e+00,4.711717573503653167e-01,4.694826723243977207e-01,3.285414767884792253e-01,0.000000000000000000e+00,0.000000000000000000e+00,4.803316378307895262e-01,0.000000000000000000e+00,2.871860627799290855e-01,0.000000000000000000e+00,0.000000000000000000e+00,0.000000000000000000e+00,3.594467668181540732e-01,4.646022993561337855e-01,4.667561327450467923e-01,4.659010694263985841e-01,4.027520004592343161e-01,4.598960380250692870e-01,0.000000000000000000e+00,0.000000000000000000e+00,4.862543993888099880e-01,4.305323812507946268e-01,4.491983763911204797e-01,4.738745626412532164e-01,4.628758595351102900e-01,2.931594090395083230e-01,3.621657617524148831e-01,4.476042908733842141e-01,4.951025359923644786e-01,0.000000000000000000e+00,5.009809702324505842e-01,0.000000000000000000e+00,4.384984462526497762e-01,0.000000000000000000e+00,0.000000000000000000e+00,0.000000000000000000e+00,0.000000000000000000e+00,4.240068962761147087e-01,0.000000000000000000e+00,4.274907710705668218e-01,5.257633634793250632e-01,5.077385482939292816e-01,4.987236791570552885e-01,4.715265142508547891e-01,4.965588226371713820e-01,2.897712145236063241e-01,0.000000000000000000e+00,4.912367332789642216e-01,4.807573701964710788e-01,0.000000000000000000e+00,0.000000000000000000e+00,0.000000000000000000e+00,0.000000000000000000e+00,2.732415949227712249e-01,0.000000000000000000e+00,0.000000000000000000e+00,0.000000000000000000e+00,5.369666971245196097e-01,0.000000000000000000e+00,0.000000000000000000e+00,0.000000000000000000e+00,5.376163350879976655e-01,4.923680814344242873e-01,4.985287115900454147e-01,0.000000000000000000e+00,4.909612578689229734e-01
3.645334560807649837e-01,3.407523588527592850e-01,4.581990649605963140e-01,0.000000000000000000e+00,4.463319647417516856e-01,4.298124957154869086e-01,4.301773821736429859e-01,5.085192378600310592e-01,4.768552828225441909e-01,2.628378123043931813e-01,4.711717573503653167e-01,0.000000000000000000e+00,4.305326606843534742e-01,0.000000000000000000e+00,4.010431255555758079e-01,3.645345328859230793e-01,3.437129797076953763e-01,3.562459072603852972e-01,4.787647681323298765e-01,0.000000000000000000e+00,4.596627682834146245e-01,3.777355711891514090e-01,4.785127061402174031e-01,2.730910722263149015e-01,3.285278757713422926e-01,3.202106272902426887e-01,4.432925897142830918e-01,4.142059113868010178e-01,4.858582969523682071e-01,0.000000000000000000e+00,3.429077581984110168e-01,2.756762514384744067e-01,2.585106697443296797e-01,3.223456736623521723e-01,3.619202882704283253e-01,3.090048744749395171e-01,3.376718847739689777e-01,2.294518491640898938e-01,3.311239991938169092e-01,4.113516609813672731e-01,4.170963700817704733e-01,3.332999023450680109e-01,3.137610577574995174e-01,0.000000000000000000e+00,3.432326107376169055e-01,4.141949624176883837e-01,4.174084590605716127e-01,0.000000000000000000e+00,0.000000000000000000e+00,0.000000000000000000e+00,0.000000000000000000e+00,4.263354241847991943e-01,0.000000000000000000e+00,4.988154684186933974e-01,4.241700138783081053e-01,0.000000000000000000e+00,4.202499489463918936e-01,4.395848216049573209e-01,0.000000000000000000e+00,0.000000000000000000e+00,4.095536836212025911e-01,4.216662378734430949e-01,4.184161385832335101e-01,0.000000000000000000e+00,0.000000000000000000e+00,0.000000000000000000e+00,0.000000000000000000e+00,0.000000000000000000e+00,3.881520912613213858e-01,4.246775737833757836e-01,4.394435126858822205e-01,0.000000000000000000e+00,4.330489014193584230e-01,0.000000000000000000e+00,0.000000000000000000e+00,4.235334998490298264e-01
4.569177729653010056e-01,4.392045825607268084e-01,4.623121016802393957e-01,0.000000000000000000e+00,4.109156980155921901e-01,3.785014290528573855e-01,3.323753579552580772e-01,4.546801807214779778e-01,3.991770164635859985e-01,4.385819263892268838e-01,4.694826723243977207e-01,4.305326606843534742e-01,0.000000000000000000e+00,4.097272170338427943e-01,4.443411582081168154e-01,4.730284641823350178e-01,4.413811866902195846e-01,4.587406011706600117e-01,4.741431512518606839e-01,4.340561509553563790e-01,4.593617488499244228e-01,4.583981194648045210e-01,4.402990121410159108e-01,4.367046548424615149e-01,4.288384544815859734e-01,4.309852759310093817e-01,4.221316854596237067e-01,3.573360451549891237e-01,3.684553181059386229e-01,3.846561338545578801e-01,4.153974635026200235e-01,4.027351233872636938e-01,4.145859638412702775e-01,4.305605864704167840e-01,4.210118090966860072e-01,4.131651015128989246e-01,4.163101408586781238e-01,4.145153098207027820e-01,5.234159735920713707e-01,4.446727567747005838e-01,5.509354229621090671e-01,0.000000000000000000e+00,5.150891573284176461e-01,0.000000000000000000e+00,0.000000000000000000e+00,0.000000000000000000e+00,4.472122193656484779e-01,5.591786072525091189e-01,0.000000000000000000e+00,5.439950263521657892e-01,5.356413754609261613e-01,5.479219089683351473e-01,4.825936590261328263e-01,5.607019165861816257e-01,0.000000000000000000e+00,5.228723616526127493e-01,0.000000000000000000e+00,5.406106000549034674e-01,0.000000000000000000e+00,4.800587544183477773e-01,4.395482348180311249e-01,0.000000000000000000e+00,4.556468070183294916e-01,5.482966991231401632e-01,5.065949232690761805e-01,0.000000000000000000e+00,4.711553520306451248e-01,5.301759661975227189e-01,0.000000000000000000e+00,4.430601657751663813e-01,4.586364194207455114e-01,5.285335740080218114e-01,5.312621378177613263e-01,5.152359344970055544e-01,5.349485088294904100e-01,5.366724785996926927e-01
0.000000000000000000e+00,0.000000000000000000e+00,4.368361846725872799e-01,3.917799730635723177e-01,3.254022563924812150e-01,4.256156682300329952e-01,3.363024629778352814e-01,4.211544674058136928e-01,4.413334178345352798e-01,0.000000000000000000e+00,3.285414767884792253e-01,0.000000000000000000e+00,4.097272170338427943e-01,0.000000000000000000e+00,0.000000000000000000e+00,0.000000000000000000e+00,0.000000000000000000e+00,0.000000000000000000e+00,4.003816471547524958e-01,0.000000000000000000e+00,0.000000000000000000e+00,0.000000000000000000e+00,4.127703002821165867e-01,0.000000000000000000e+00,0.000000000000000000e+00,0.000000000000000000e+00,4.392785826770562174e-01,3.697607944352602205e-01,0.000000000000000000e+00,0.000000000000000000e+00,4.349715461076210099e-01,2.051396784239349069e-01,0.000000000000000000e+00,3.481956124305725098e-01,0.000000000000000000e+00,2.432040304314840029e-01,1.802635935948269930e-01,0.000000000000000000e+00,0.000000000000000000e+00,0.000000000000000000e+00,0.000000000000000000e+00,0.000000000000000000e+00,4.329268866593388165e-01,0.000000000000000000e+00,0.000000000000000000e+00,0.000000000000000000e+00,0.000000000000000000e+00,5.266499686555149440e-01,0.000000000000000000e+00,0.000000000000000000e+00,0.000000000000000000e+00,0.000000000000000000e+00,0.000000000000000000e+00,5.320687903362937288e-01,0.000000000000000000e+00,4.679014713577646090e-01,0.000000000000000000e+00,0.000000000000000000e+00,5.356149461956912772e-01,0.000000000000000000e+00,0.000000000000000000e+00,0.000000000000000000e+00,0.000000000000000000e+00,5.035085572735185089e-01,0.000000000000000000e+00,0.000000000000000000e+00,0.000000000000000000e+00,4.950149227887862269e-01,0.000000000000000000e+00,0.000000000000000000e+00,0.000000000000000000e+00,0.000000000000000000e+00,0.000000000000000000e+00,0.000000000000000000e+00,0.000000000000000000e+00,0.000000000000000000e+00
4.250185381741383162e-01,4.392152782372346076e-01,0.000000000000000000e+00,0.000000000000000000e+00,0.000000000000000000e+00,4.332242282349769158e-01,0.000000000000000000e+00,4.229488174934744049e-01,0.000000000000000000e+00,4.140190388749753203e-01,0.000000000000000000e+00,4.010431255555758079e-01,4.443411582081168154e-01,0.000000000000000000e+00,0.000000000000000000e+00,4.473246375061223912e-01,4.201672031475485736e-01,4.301359408596279743e-01,0.000000000000000000e+00,3.495604919728106941e-01,4.228480185639688083e-01,4.134767400896960932e-01,3.980473823263445121e-01,4.586119208846516915e-01,4.060626369236347011e-01,4.132332709220865041e-01,4.417321462725702919e-01,4.147135821404516753e-01,4.208854352229021156e-01,0.000000000000000000e+00,4.392568019198633822e-01,4.641117961826162763e-01,3.964791440173554005e-01,4.648233347169192786e-01,5.168491431420415561e-01,5.450737680541383190e-01,0.000000000000000000e+00,0.000000000000000000e+00,4.970067401612540126e-01,4.727534596061450101e-01,5.008486544404334717e-01,5.269074743503997516e-01,0.000000000000000000e+00,0.000000000000000000e+00,0.000000000000000000e+00,4.683820605278015137e-01,4.872747982312199966e-01,4.779424031687715124e-01,0.000000000000000000e+00,0.000000000000000000e+00,4.660575195349098143e-01,4.705240204792742742e-01,5.282594250576615469e-01,0.000000000000000000e+00,0.000000000000000000e+00,0.000000000000000000e+00,0.000000000000000000e+00,4.766217397463142214e-01,0.000000000000000000e+00,4.835753443833117893e-01,4.775855692693046217e-01,0.000000000000000000e+00,4.561819491883898903e-01,0.000000000000000000e+00,4.988778372975615216e-01,5.116848628319713432e-01,4.967437917750591736e-01,5.059682475914899502e-01,0.000000000000000000e+00,4.489861538129590879e-01,5.143452187584280910e-01,5.133680536005310602e-01,5.084185028219870839e-01,4.986115144024528822e-01,5.498874275963729907e-01,4.884902893860881834e-01
4.046789805732213252e-01,3.861929840716137874e-01,0.000000000000000000e+00,0.000000000000000000e+00,0.000000000000000000e+00,4.311217285363048157e-01,4.659653199601820894e-01,4.953973732959318088e-01,4.578339217980709197e-01,3.623740899480564770e-01,0.000000000000000000e+00,3.645345328859230793e-01,4.730284641823350178e-01,0.000000000000000000e+00,4.473246375061223912e-01,0.000000000000000000e+00,3.601893598392875151e-01,3.311477580585173164e-01,0.000000000000000000e+00,3.941762258085940163e-01,4.368162798322112184e-01,3.579964530933736899e-01,4.468956298455359910e-01,3.506234251142124059e-01,3.802809626070151050e-01,4.007671323719436129e-01,4.366520252644965905e-01,4.538603075372225071e-01,4.143649825796468789e-01,4.384426079500023943e-01,3.539348661394385864e-01,4.454284362047821189e-01,3.816822539015353732e-01,3.693892416571740167e-01,4.478294083825986038e-01,0.000000000000000000e+00,0.000000000000000000e+00,0.000000000000000000e+00,4.374273370606797107e-01,4.253428103165818874e-01,4.205910277127897223e-01,4.555844137756968060e-01,0.000000000000000000e+00,0.000000000000000000e+00,0.000000000000000000e+00,4.501826370459053872e-01,4.423053510414450828e-01,0.000000000000000000e+00,0.000000000000000000e+00,0.000000000000000000e+00,0.000000000000000000e+00,0.000000000000000000e+00,0.000000000000000000e+00,0.000000000000000000e+00,4.240092857993539854e-01,0.000000000000000000e+00,4.449721869453732159e-01,4.493456627595975861e-01,0.000000000000000000e+00,4.736700220630529201e-01,4.284584762438404804e-01,4.270048613306453023e-01,4.189594770348756270e-01,0.000000000000000000e+00,4.828010358977187777e-01,4.986756483145233787e-01,4.564223882343765859e-01,4.590353423076328210e-01,4.549867373684725047e-01,4.284338340250127830e-01,4.516916946120839160e-01,4.820028129186395005e-01,4.978132026955117140e-01,4.569636973068477159e-01,0.000000000000000000e+00,4.149257146699544818e-01
3.481427921132683179e-01,3.712164724321880827e-01,0.000000000000000000e+00,0.000000000000000000e+00,4.688341025942305840e-01,4.317539609914310961e-01,4.343227451701571207e-01,0.000000000000000000e+00,0.000000000000000000e+00,3.119756361651769838e-01,4.803316378307895262e-01,3.437129797076953763e-01,4.413811866902195846e-01,0.000000000000000000e+00,4.201672031475485736e-01,3.601893598392875151e-01,0.000000000000000000e+00,3.299324630629993926e-01,4.802903090768286809e-01,4.187519370452703060e-01,4.192553075385960781e-01,4.057734205184865273e-01,4.429002636844224239e-01,3.366956768990814752e-01,2.750785861119934839e-01,3.510843665654984069e-01,4.327817754054330002e-01,4.186924360185075855e-01,4.087448027310103815e-01,4.152808675295759921e-01,3.403549805543167883e-01,4.323385031503882980e-01,3.269188717394593824e-01,3.509908215701235124e-01,4.069969656234234123e-01,0.000000000000000000e+00,0.000000000000000000e+00,3.249668451909960010e-01,4.320004731378280782e-01,3.915627087427918096e-01,4.185988697924281077e-01,0.000000000000000000e+00,0.000000000000000000e+00,0.000000000000000000e+00,3.491343899421011088e-01,0.000000000000000000e+00,3.990445183568592791e-01,0.000000000000000000e+00,0.000000000000000000e+00,0.000000000000000000e+00,0.000000000000000000e+00,0.000000000000000000e+00,0.000000000000000000e+00,0.000000000000000000e+00,4.370553630293442238e-01,0.000000000000000000e+00,4.311722675046776865e-01,0.000000000000000000e+00,0.000000000000000000e+00,0.000000000000000000e+00,3.877596775958442876e-01,4.276180453952971861e-01,4.094208269539986733e-01,0.000000000000000000e+00,0.000000000000000000e+00,0.000000000000000000e+00,4.460158143233394767e-01,0.000000000000000000e+00,4.094340987912594154e-01,4.186707268154670758e-01,4.386555769361935031e-01,0.000000000000000000e+00,0.000000000000000000e+00,0.000000000000000000e+00,0.000000000000000000e+00,4.257070627485953218e-01
3.801005046159305900e-01,3.753648211981068794e-01,4.726952516294687934e-01,0.000000000000000000e+00,4.425034715294344778e-01,4.177781067335549769e-01,4.505607083730808760e-01,4.834960308467159962e-01,4.636437413714467048e-01,3.543739980948257262e-01,0.000000000000000000e+00,3.562459072603852972e-01,4.587406011706600117e-01,0.000000000000000000e+00,4.301359408596279743e-01,3.311477580585173164e-01,3.299324630629993926e-01,0.000000000000000000e+00,4.724912513090098187e-01,4.357731977602991025e-01,4.206736148668461794e-01,3.962216208524647065e-01,4.376773242725662261e-01,3.312180057880635964e-01,3.438310613331160837e-01,3.689820835459711734e-01,4.275048563067563867e-01,4.420622491294324830e-01,4.356902144891320883e-01,4.392023922952378867e-01,3.554812322004389236e-01,4.259917061658589077e-01,3.402415880723909103e-01,3.640049565571468193e-01,4.116018699849798845e-01,0.000000000000000000e+00,0.000000000000000000e+00,3.285793886617134896e-01,4.341399777307147767e-01,4.122948421608880198e-01,4.146892523755377202e-01,4.502063649782719890e-01,0.000000000000000000e+00,0.000000000000000000e+00,3.636137000477813741e-01,4.319636178197466814e-01,4.330885970972704890e-01,0.000000000000000000e+00,0.000000000000000000e+00,0.000000000000000000e+00,4.426429968684298943e-01,0.000000000000000000e+00,0.000000000000000000e+00,0.000000000000000000e+00,4.229803388336961789e-01,0.000000000000000000e+00,4.270549033087697732e-01,4.344005263219323232e-01,0.000000000000000000e+00,4.644548538073892119e-01,4.197545114713326919e-01,4.178342649144253240e-01,4.134120116557364888e-01,0.000000000000000000e+00,4.668964478893470882e-01,0.000000000000000000e+00,4.471907845050752117e-01,4.575806021530678946e-01,4.133998706415600854e-01,4.236994609833351078e-01,4.339632966042420992e-01,4.900641432291096833e-01,4.144326222998864773e-01,4.360658366867363744e-01,0.000000000000000000e+00,4.185711651220406782e-01
0.000000000000000000e+00,0.000000000000000000e+00,2.749291776279186861e-01,4.431125772079547165e-01,3.779902862148862841e-01,3.783046506526751007e-01,4.594202874194436848e-01,4.316043354592937198e-01,3.037546438515389968e-01,4.889643986244500140e-01,2.871860627799290855e-01,4.787647681323298765e-01,4.741431512518606839e-01,4.003816471547524958e-01,0.000000000000000000e+00,0.000000000000000000e+00,4.802903090768286809e-01,4.724912513090098187e-01,0.000000000000000000e+00,0.000000000000000000e+00,0.000000000000000000e+00,0.000000000000000000e+00,3.186328840649065852e-01,4.778165276625984115e-01,4.654461470935709055e-01,4.734712647184161072e-01,3.693755307446479064e-01,4.737220211421321880e-01,0.000000000000000000e+00,4.943630063128590102e-01,4.857552852574779090e-01,4.431971563157138805e-01,4.598794959785630909e-01,4.800180547927411778e-01,4.669745492661538933e-01,4.262378899653874731e-01,4.522885902676664904e-01,4.608922447278477885e-01,5.060596406288091487e-01,0.000000000000000000e+00,5.730428383779317958e-01,0.000000000000000000e+00,4.716992313810696169e-01,0.000000000000000000e+00,0.000000000000000000e+00,0.000000000000000000e+00,0.000000000000000000e+00,5.639021611465341310e-01,0.000000000000000000e+00,5.364705932865173610e-01,5.713046866299386073e-01,5.551519996778849775e-01,5.480556618677661085e-01,5.719986311772528031e-01,0.000000000000000000e+00,4.908286228865448853e-01,0.000000000000000000e+00,5.421578493038619051e-01,5.075028343969035793e-01,0.000000000000000000e+00,0.000000000000000000e+00,0.000000000000000000e+00,0.000000000000000000e+00,5.495198200016058188e-01,0.000000000000000000e+00,0.000000000000000000e+00,0.000000000000000000e+00,5.565843595208649353e-01,0.000000000000000000e+00,0.000000000000000000e+00,0.000000000000000000e+00,5.750789456155815937e-01,5.338375440274623074e-01,5.238504385690276877e-01,0.000000000000000000e+00,0.000000000000000000e+00
4.659249477776821746e-01,4.524744964207031983e-01,4.391877664663804137e-01,0.000000000000000000e+00,4.194314934307418197e-01,4.086452432986297789e-01,4.386513479109052094e-01,4.140137318495811791e-01,4.181561210960076935e-01,4.136535983747219869e-01,0.000000000000000000e+00,0.000000000000000000e+00,4.340561509553563790e-01,0.000000000000000000e+00,3.495604919728106941e-01,3.941762258085940163e-01,4.187519370452703060e-01,4.357731977602991025e-01,0.000000000000000000e+00,0.000000000000000000e+00,4.499719938790662233e-01,4.040327376319522990e-01,3.882059789976352038e-01,4.907143720914026730e-01,4.235384055143365800e-01,4.576496816848497073e-01,4.193798287106367817e-01,4.011025447064717753e-01,3.539170546105547821e-01,3.969333039375627092e-01,4.212486225698919839e-01,4.878764670489290078e-01,4.073071820622137240e-01,4.799859467511591871e-01,5.474201391126827243e-01,5.582215915969894748e-01,5.337742004308674293e-01,4.965395744124994071e-01,5.005656796266551023e-01,4.621503426675594994e-01,5.210526121502662145e-01,5.228235477545243315e-01,5.504209871137986099e-01,0.000000000000000000e+00,0.000000000000000000e+00,4.602936208248137873e-01,4.538714862294159214e-01,0.000000000000000000e+00,0.000000000000000000e+00,0.000000000000000000e+00,4.804230901583315116e-01,5.017387245674942431e-01,0.000000000000000000e+00,0.000000000000000000e+00,0.000000000000000000e+00,0.000000000000000000e+00,0.000000000000000000e+00,5.081575240690846540e-01,0.000000000000000000e+00,4.950241364675220801e-01,4.584237451918692918e-01,0.000000000000000000e+00,4.378155119360372938e-01,0.000000000000000000e+00,5.026464236252188300e-01,4.983803270929217932e-01,4.863840139392489048e-01,5.128889160882716958e-01,0.000000000000000000e+00,4.414951192751727094e-01,4.719072208121957157e-01,5.211335527089747677e-01,5.207730976554353353e-01,5.037900861899478056e-01,5.200997455784540646e-01,5.046711637277075946e-01
4.239390049966312857e-01,4.319610419266188273e-01,0.000000000000000000e+00,0.000000000000000000e+00,0.000000000000000000e+00,4.160107522171155869e-01,4.442879997936550751e-01,4.176039553762133094e-01,0.000000000000000000e+00,4.546867794054473833e-01,0.000000000000000000e+00,4.596627682834146245e-01,4.593617488499244228e-01,0.000000000000000000e+00,4.228480185639688083e-01,4.368162798322112184e-01,4.192553075385960781e-01,4.206736148668461794e-01,0.000000000000000000e+00,4.499719938790662233e-01,0.000000000000000000e+00,4.589189698003127149e-01,4.002657468539294050e-01,5.000103615674020840e-01,4.185623552146714998e-01,4.368135762050142090e-01,4.210569326023345105e-01,4.552781835675943078e-01,4.209618820253763771e-01,4.559209110049149971e-01,4.425344631087224090e-01,4.610360114867388948e-01,3.913727007595871887e-01,4.705306503764830062e-01,5.259620848905841584e-01,5.402152079012570995e-01,0.000000000000000000e+00,4.912204294949286121e-01,4.856108941039942728e-01,4.440596515610891748e-01,5.185281844294316045e-01,5.404179245995917036e-01,0.000000000000000000e+00,0.000000000000000000e+00,0.000000000000000000e+00,4.426663207735215821e-01,4.842648596599026245e-01,0.000000000000000000e+00,0.000000000000000000e+00,0.000000000000000000e+00,4.775593440552718949e-01,0.000000000000000000e+00,4.513411050506356825e-01,0.000000000000000000e+00,0.000000000000000000e+00,0.000000000000000000e+00,5.006855217594159413e-01,4.825266205714447976e-01,0.000000000000000000e+00,4.775539525580321798e-01,4.670237262098285158e-01,0.000000000000000000e+00,4.506864883380142794e-01,0.000000000000000000e+00,4.989702990773469127e-01,4.034955949182602031e-01,4.922229937900364227e-01,4.856604755461523260e-01,0.000000000000000000e+00,4.423178915515981746e-01,4.921356402525203788e-01,5.099579614112367265e-01,4.954289902595603867e-01,4.733549089751252770e-01,5.149946122691683170e-01,5.003435910209528270e-01
