0.000000000000000000e+00,4.232133958442206856e-01,0.000000000000000000e+00,0.000000000000000000e+00,0.000000000000000000e+00,4.555765753880705038e-01,4.749990366080776849e-01,5.597939853773650221e-01,4.656078209049033245e-01,4.385170563404077182e-01,0.000000000000000000e+00,4.086069480606798199e-01,4.706346641940359898e-01,0.000000000000000000e+00,4.414853987618502784e-01,3.935391261577094735e-01,3.925101319314648896e-01,3.908107763447968841e-01,0.000000000000000000e+00,4.650767285093204140e-01,4.830486532327302185e-01,4.098334556789243743e-01,4.984064543607250042e-01,3.757595828918546266e-01,3.817604343103225828e-01,3.837259335785300762e-01,4.862522599315182159e-01,5.051071728854492626e-01,4.551330006979201759e-01,5.028104908501439541e-01,3.828275483663229894e-01,4.240720823832868080e-01,3.411213243839584797e-01,3.804401123533954765e-01,4.413989283832081001e-01,0.000000000000000000e+00,0.000000000000000000e+00,4.702001551829971260e-01,4.410856233392416725e-01,4.586221685235493117e-01,4.086697880125945148e-01,5.231910347938537598e-01,0.000000000000000000e+00,0.000000000000000000e+00,0.000000000000000000e+00,4.134971021903360855e-01,4.854416759199067233e-01,0.000000000000000000e+00,0.000000000000000000e+00,0.000000000000000000e+00,0.000000000000000000e+00,0.000000000000000000e+00,0.000000000000000000e+00,0.000000000000000000e+00,0.000000000000000000e+00,0.000000000000000000e+00,0.000000000000000000e+00,0.000000000000000000e+00,0.000000000000000000e+00,5.645256062688923659e-01,4.540089068195675148e-01,4.910235806548358117e-01,4.463426046861785901e-01,0.000000000000000000e+00,0.000000000000000000e+00,4.883678166747201232e-01,4.728328425264807233e-01,0.000000000000000000e+00,2.765257102525194854e-01,4.484421781970817089e-01,4.746491868291793925e-01,5.674088231518243930e-01,0.000000000000000000e+00,0.000000000000000000e+00,0.000000000000000000e+00,3.987043680845758775e-01
4.232133958442206856e-01,0.000000000000000000e+00,3.988211689595974052e-01,0.000000000000000000e+00,4.054664614596460992e-01,3.959795719554335958e-01,4.223503917634299776e-01,4.485210442265005204e-01,3.999866210604666739e-01,4.099347391336470858e-01,0.000000000000000000e+00,3.826884371524512107e-01,4.198581235413095802e-01,0.000000000000000000e+00,4.684309187101615146e-01,4.219000297371692798e-01,3.977199141005723915e-01,4.136377456476443837e-01,0.000000000000000000e+00,4.343655418944182833e-01,4.394917743428053969e-01,4.336052102017746157e-01,4.251476772181527197e-01,3.880389412068666055e-01,3.971621961683199920e-01,4.207048977673474854e-01,4.125494926367482829e-01,4.214015257037566076e-01,4.103421785603549865e-01,4.269057974089940921e-01,4.004057858635384215e-01,4.451497448940188173e-01,3.641485350750350847e-01,3.957020599076244149e-01,4.703227247078599071e-01,3.591778821834932800e-01,0.000000000000000000e+00,0.000000000000000000e+00,4.763870748996799076e-01,4.561267598374066923e-01,4.468639128175597164e-01,4.902704435796350069e-01,0.000000000000000000e+00,0.000000000000000000e+00,0.000000000000000000e+00,4.936965858078253278e-01,4.994466652109301741e-01,0.000000000000000000e+00,0.000000000000000000e+00,0.000000000000000000e+00,4.442059677973760889e-01,4.585349268289721225e-01,5.064698378634483467e-01,0.000000000000000000e+00,0.000000000000000000e+00,0.000000000000000000e+00,0.000000000000000000e+00,4.596611325508012103e-01,0.000000000000000000e+00,5.137691657198415474e-01,4.749715239254703181e-01,4.507871296553693230e-01,4.658571964532605136e-01,0.000000000000000000e+00,4.710865571445924105e-01,5.075640132487911904e-01,4.766694768632975809e-01,4.838921984129446185e-01,0.000000000000000000e+00,4.839514047775542172e-01,5.035118182001490084e-01,4.814766419823329202e-01,4.693475685993311886e-01,4.697659444873780177e-01,0.000000000000000000e+00,4.519238855821646750e-01
0.000000000000000000e+00,3.988211689595974052e-01,0.000000000000000000e+00,0.000000000000000000e+00,3.869505006320613227e-01,3.895127260507227906e-01,4.265161131637335012e-01,4.300760110084608234e-01,3.326496129838759086e-01,4.457438299872176213e-01,3.199582037011662883e-01,0.000000000000000000e+00,4.503959620964518851e-01,4.052169603206469128e-01,0.000000000000000000e+00,0.000000000000000000e+00,0.000000000000000000e+00,0.000000000000000000e+00,2.661050007044993837e-01,0.000000000000000000e+00,4.154380563641177915e-01,0.000000000000000000e+00,3.252412666141266118e-01,0.000000000000000000e+00,0.000000000000000000e+00,4.521066868195631749e-01,3.302231271859423778e-01,4.563851735211262861e-01,4.228623246192155793e-01,4.556021444601560111e-01,4.704843376545093103e-01,4.421398322508554024e-01,0.000000000000000000e+00,4.697630745889717074e-01,4.699780563851226889e-01,3.947316567880089777e-01,0.000000000000000000e+00,0.000000000000000000e+00,5.246062213689267617e-01,0.000000000000000000e+00,5.424339272993303762e-01,0.000000000000000000e+00,5.191479511843267725e-01,0.000000000000000000e+00,0.000000000000000000e+00,0.000000000000000000e+00,0.000000000000000000e+00,3.816204278911917158e-01,0.000000000000000000e+00,5.600970673190432958e-01,5.436974556864481167e-01,5.641937542601366262e-01,5.280833483578453169e-01,5.501331119196196662e-01,0.000000000000000000e+00,4.121034705828042211e-01,0.000000000000000000e+00,5.527813022819854094e-01,5.431271160534096865e-01,0.000000000000000000e+00,0.000000000000000000e+00,0.000000000000000000e+00,0.000000000000000000e+00,4.145670293963726882e-01,0.000000000000000000e+00,0.000000000000000000e+00,0.000000000000000000e+00,5.543675418451414760e-01,0.000000000000000000e+00,0.000000000000000000e+00,0.000000000000000000e+00,5.546293975389599007e-01,5.436300317096383061e-01,5.153615351316640503e-01,0.000000000000000000e+00,5.743136200659356705e-01
0.000000000000000000e+00,0.000000000000000000e+00,0.000000000000000000e+00,0.000000000000000000e+00,2.877840447241232225e-01,0.000000000000000000e+00,2.840878298971751814e-01,0.000000000000000000e+00,0.000000000000000000e+00,0.000000000000000000e+00,3.714990439655280197e-01,0.000000000000000000e+00,3.134279106675381121e-01,3.471148755484108062e-01,0.000000000000000000e+00,0.000000000000000000e+00,0.000000000000000000e+00,0.000000000000000000e+00,0.000000000000000000e+00,0.000000000000000000e+00,0.000000000000000000e+00,0.000000000000000000e+00,0.000000000000000000e+00,0.000000000000000000e+00,0.000000000000000000e+00,0.000000000000000000e+00,0.000000000000000000e+00,3.109261091255143272e-01,0.000000000000000000e+00,0.000000000000000000e+00,4.672227068464400168e-01,2.907742856456295155e-01,0.000000000000000000e+00,4.022761177711036140e-01,3.684586882591248114e-01,2.193654293040118997e-01,1.695602720704668109e-01,0.000000000000000000e+00,0.000000000000000000e+00,0.000000000000000000e+00,0.000000000000000000e+00,0.000000000000000000e+00,0.000000000000000000e+00,0.000000000000000000e+00,0.000000000000000000e+00,0.000000000000000000e+00,0.000000000000000000e+00,0.000000000000000000e+00,0.000000000000000000e+00,0.000000000000000000e+00,0.000000000000000000e+00,0.000000000000000000e+00,0.000000000000000000e+00,0.000000000000000000e+00,0.000000000000000000e+00,0.000000000000000000e+00,0.000000000000000000e+00,0.000000000000000000e+00,0.000000000000000000e+00,0.000000000000000000e+00,0.000000000000000000e+00,0.000000000000000000e+00,0.000000000000000000e+00,0.000000000000000000e+00,0.000000000000000000e+00,0.000000000000000000e+00,0.000000000000000000e+00,0.000000000000000000e+00,0.000000000000000000e+00,0.000000000000000000e+00,0.000000000000000000e+00,0.000000000000000000e+00,0.000000000000000000e+00,0.000000000000000000e+00,0.000000000000000000e+00,0.000000000000000000e+00
0.000000000000000000e+00,4.054664614596460992e-01,3.869505006320613227e-01,2.877840447241232225e-01,0.000000000000000000e+00,3.814890121115657728e-01,3.636011957344678081e-01,4.385295288519676093e-01,3.542212165287985104e-01,4.709277199706198846e-01,3.520337286381892139e-01,4.687164508065302937e-01,4.039946967871331784e-01,3.427153978893642816e-01,0.000000000000000000e+00,0.000000000000000000e+00,4.727971996288460876e-01,4.635967055540791137e-01,3.594025162013870789e-01,4.310326765791249737e-01,4.355234174376951262e-01,4.257609317393725723e-01,4.156738407848565853e-01,4.743307327889250136e-01,4.583271597148843024e-01,4.355338967820823748e-01,3.975220003031719185e-01,4.131432365711010801e-01,4.277633630478239746e-01,4.461055127156504096e-01,4.824223036340143933e-01,4.172772650242880244e-01,4.104241581229435831e-01,4.587180750912753235e-01,4.519006031849022165e-01,3.155634241666755990e-01,2.880169830213453186e-01,4.170054314504361148e-01,5.185592046433608049e-01,0.000000000000000000e+00,5.374549125458010224e-01,0.000000000000000000e+00,4.666029554509716903e-01,0.000000000000000000e+00,0.000000000000000000e+00,0.000000000000000000e+00,0.000000000000000000e+00,5.318659445628806104e-01,0.000000000000000000e+00,5.334887710896024648e-01,5.465391262221180879e-01,5.529258983267550942e-01,5.309268047634901899e-01,5.342039879908180300e-01,0.000000000000000000e+00,4.808115318477068079e-01,0.000000000000000000e+00,5.514115418079524877e-01,0.000000000000000000e+00,0.000000000000000000e+00,0.000000000000000000e+00,0.000000000000000000e+00,0.000000000000000000e+00,5.081403086013606130e-01,0.000000000000000000e+00,0.000000000000000000e+00,0.000000000000000000e+00,5.461745607810507552e-01,0.000000000000000000e+00,0.000000000000000000e+00,0.000000000000000000e+00,5.470428236518355414e-01,5.338403003814748971e-01,5.129305750553224685e-01,0.000000000000000000e+00,5.404412750382479036e-01
4.555765753880705038e-01,3.959795719554335958e-01,3.895127260507227906e-01,0.000000000000000000e+00,3.814890121115657728e-01,0.000000000000000000e+00,4.180915671445321058e-01,3.952546337606321902e-01,3.553028444969589805e-01,4.597482498174315091e-01,3.744742997906134740e-01,0.000000000000000000e+00,3.995598113814285979e-01,4.118212444279265028e-01,4.084302352852601237e-01,4.353506798055005178e-01,4.259782602703340859e-01,4.229266812198531067e-01,3.900641701846100928e-01,4.027532098522503268e-01,4.112063569492512838e-01,4.123686836812394119e-01,3.811209117117371759e-01,4.909624418282069191e-01,4.049488941151466737e-01,4.259162555348888213e-01,3.665473427010588758e-01,4.040235728383939073e-01,3.396221455376334242e-01,4.226757341934334056e-01,4.306609733162202747e-01,4.183894323989377773e-01,3.716693524297505213e-01,4.414845556502152157e-01,4.480364277511886817e-01,4.591560034339138840e-01,4.411794617608603142e-01,0.000000000000000000e+00,5.096526908128090616e-01,4.202683403402313056e-01,5.214282335082790487e-01,5.254976015183461246e-01,5.040041748725279103e-01,0.000000000000000000e+00,0.000000000000000000e+00,0.000000000000000000e+00,4.505979053375742116e-01,5.377335191328556085e-01,0.000000000000000000e+00,5.505756715860067319e-01,5.280768399571277305e-01,5.467021378232700402e-01,5.009802160867322662e-01,5.544766506232740033e-01,0.000000000000000000e+00,5.165487450852443985e-01,0.000000000000000000e+00,5.372046562068855113e-01,0.000000000000000000e+00,4.903394324258468773e-01,4.423499474138767873e-01,0.000000000000000000e+00,0.000000000000000000e+00,5.353338488793782934e-01,4.997425212244728243e-01,4.667852489584827236e-01,4.694003295389140851e-01,5.334171615756593265e-01,0.000000000000000000e+00,4.416169792987493237e-01,4.724146217728065200e-01,5.302409935579404099e-01,5.309169542626926974e-01,5.121666208708532952e-01,5.308733887947681973e-01,5.183057752475623836e-01
4.749990366080776849e-01,4.223503917634299776e-01,4.265161131637335012e-01,2.840878298971751814e-01,3.636011957344678081e-01,4.180915671445321058e-01,0.000000000000000000e+00,4.518164601711002759e-01,4.169727687551150752e-01,4.631153397541417083e-01,4.154992281701396784e-01,4.676107115088323773e-01,3.839628571862467865e-01,3.506594720398004128e-01,4.263872696625535252e-01,4.712706373367199220e-01,4.567924297640411080e-01,4.553670980615994734e-01,4.333236704210481904e-01,4.438235359991936080e-01,4.573597394659332238e-01,4.501793489604383747e-01,4.282163019304777163e-01,4.599130911908906882e-01,4.405729152095885226e-01,4.440606540393128854e-01,4.277164290487036058e-01,3.919735139151498959e-01,4.413526666212992944e-01,4.530358150707449738e-01,4.654563709713778752e-01,4.242558756849932888e-01,3.917127470094565189e-01,4.384355261059433850e-01,4.306161779987152105e-01,3.710629342188376811e-01,3.540993386342886073e-01,4.016405562815614227e-01,5.244275040591079851e-01,5.592356238037917704e-01,5.386186272399463570e-01,5.399979129476060180e-01,5.090038294426805221e-01,0.000000000000000000e+00,0.000000000000000000e+00,0.000000000000000000e+00,4.537888704516481186e-01,5.295916289966189350e-01,0.000000000000000000e+00,5.382748770322000054e-01,5.405141087441395209e-01,5.482727010247649968e-01,5.329571126552201665e-01,5.395797659832362037e-01,0.000000000000000000e+00,0.000000000000000000e+00,0.000000000000000000e+00,5.488917867959400843e-01,0.000000000000000000e+00,5.142415769015303839e-01,0.000000000000000000e+00,0.000000000000000000e+00,0.000000000000000000e+00,5.164225108479121307e-01,5.051425482497501340e-01,5.093912862428385813e-01,5.029730154103856377e-01,5.422128837947074453e-01,0.000000000000000000e+00,0.000000000000000000e+00,4.731674628749977241e-01,5.407778525774298295e-01,5.402948782067052980e-01,5.261151755496590310e-01,5.418331785444253645e-01,5.335296849615349668e-01
5.597939853773650221e-01,4.485210442265005204e-01,4.300760110084608234e-01,0.000000000000000000e+00,4.385295288519676093e-01,3.952546337606321902e-01,4.518164601711002759e-01,0.000000000000000000e+00,4.468464647712431792e-01,5.185839398388876198e-01,3.203112273540464905e-01,5.169611227277975951e-01,4.553776073950204784e-01,4.073890858572016826e-01,4.191738302891714896e-01,4.881439472746699204e-01,5.206115610906552060e-01,5.177545209766463152e-01,4.065010877352693841e-01,4.150610773757453797e-01,4.479731420414769794e-01,4.293831843066374110e-01,3.686979220013446024e-01,5.545254297311924541e-01,5.257148469015205938e-01,5.207594311567971257e-01,4.090371760778707122e-01,4.449650784333862852e-01,3.986397758355237908e-01,4.159424964549702231e-01,4.347330733849729123e-01,4.232344326789930777e-01,4.502867949830923755e-01,4.572489655228633154e-01,4.635857511374865125e-01,3.652290135021631912e-01,3.287987370052707914e-01,5.436427514220911750e-01,4.832775605079006054e-01,0.000000000000000000e+00,5.028572158845718842e-01,0.000000000000000000e+00,5.023417269894043802e-01,0.000000000000000000e+00,0.000000000000000000e+00,0.000000000000000000e+00,5.363642230249537901e-01,5.481592897202164361e-01,0.000000000000000000e+00,5.297677129913125338e-01,4.881977403412512961e-01,5.213737927831968433e-01,4.245230043897187944e-01,5.490763661303068588e-01,0.000000000000000000e+00,5.147086908105644731e-01,0.000000000000000000e+00,5.067097113314237289e-01,0.000000000000000000e+00,4.944580003217667885e-01,5.283319077557407928e-01,0.000000000000000000e+00,0.000000000000000000e+00,5.462422620014607544e-01,5.073815797052447785e-01,5.264713849242689259e-01,0.000000000000000000e+00,5.078848572024821095e-01,0.000000000000000000e+00,5.319319101008715966e-01,5.330783715292553016e-01,5.167028159038952184e-01,5.016590632525890214e-01,4.941777718674220110e-01,5.008221664583256683e-01,5.082752628255233773e-01
4.656078209049033245e-01,3.999866210604666739e-01,3.326496129838759086e-01,0.000000000000000000e+00,3.542212165287985104e-01,3.553028444969589805e-01,4.169727687551150752e-01,4.468464647712431792e-01,0.000000000000000000e+00,4.770789287067465079e-01,3.215436083399043077e-01,4.678055415578514231e-01,4.183617669433261077e-01,4.150610916993056065e-01,4.010982607802527911e-01,4.440272080915305120e-01,4.709482853569532113e-01,4.578166790481417725e-01,3.054285946391784856e-01,4.191576945134919963e-01,4.179022939390414915e-01,4.188136764229407061e-01,3.991870605781758230e-01,4.708950448703089209e-01,4.469594517807364276e-01,4.335064911637901974e-01,3.555903350599607937e-01,4.645378910007765261e-01,4.206004186937439826e-01,4.552355190984588851e-01,4.802936086484069778e-01,4.507864127865682802e-01,4.178765691585363817e-01,4.800215322758332182e-01,4.805890215202686111e-01,4.334707764863082180e-01,4.643184321496399147e-01,4.380519755253144965e-01,5.091554248454167597e-01,0.000000000000000000e+00,5.536141549976084653e-01,5.436458357049606116e-01,5.197640175704523191e-01,0.000000000000000000e+00,0.000000000000000000e+00,0.000000000000000000e+00,4.647516450441034896e-01,5.462052416540750244e-01,0.000000000000000000e+00,5.531031139320714551e-01,5.475720847841170080e-01,5.646429724808744721e-01,5.316233810608698152e-01,5.502049792599811306e-01,0.000000000000000000e+00,5.202514918282942213e-01,0.000000000000000000e+00,5.564379862961327250e-01,5.064674687630440486e-01,4.869319581175928224e-01,0.000000000000000000e+00,0.000000000000000000e+00,0.000000000000000000e+00,5.392648812908085176e-01,4.974211976540767743e-01,0.000000000000000000e+00,4.866175074600531114e-01,5.556948282102541770e-01,0.000000000000000000e+00,0.000000000000000000e+00,4.654415425122553907e-01,5.524691946907598350e-01,5.466845705830624125e-01,5.169586885404428012e-01,5.315832091300924933e-01,5.380419698821687913e-01
4.385170563404077182e-01,4.099347391336470858e-01,4.457438299872176213e-01,0.000000000000000000e+00,4.709277199706198846e-01,4.597482498174315091e-01,4.631153397541417083e-01,5.185839398388876198e-01,4.770789287067465079e-01,0.000000000000000000e+00,4.632301428840900903e-01,3.170199687587005877e-01,4.605738234775054729e-01,3.909831120824879824e-01,0.000000000000000000e+00,3.918785309033184783e-01,3.374713518255683109e-01,3.737796499543766804e-01,4.688257437454009247e-01,4.103959387478555154e-01,5.080929648709833213e-01,4.014012052224901206e-01,4.820226515500571907e-01,3.674916509694864941e-01,3.257352686365356242e-01,3.407750463156755116e-01,4.485571224627956100e-01,4.414300297197504275e-01,4.156710320198100939e-01,0.000000000000000000e+00,3.579322776078697199e-01,3.636742049940500099e-01,3.236093873179127223e-01,3.259832234408250873e-01,3.541315303570272133e-01,4.118445184287762850e-01,3.625980819239864039e-01,3.297853140144422213e-01,3.898643672693876128e-01,5.079654407619167422e-01,4.244422141494594847e-01,4.011155320837542226e-01,0.000000000000000000e+00,0.000000000000000000e+00,4.531188610416090889e-01,4.518942644927381735e-01,0.000000000000000000e+00,0.000000000000000000e+00,0.000000000000000000e+00,0.000000000000000000e+00,0.000000000000000000e+00,0.000000000000000000e+00,0.000000000000000000e+00,0.000000000000000000e+00,4.922741585483709770e-01,0.000000000000000000e+00,4.912763404673792245e-01,0.000000000000000000e+00,0.000000000000000000e+00,0.000000000000000000e+00,4.720197874937707150e-01,4.980486963504254239e-01,4.956328698088686147e-01,0.000000000000000000e+00,0.000000000000000000e+00,0.000000000000000000e+00,0.000000000000000000e+00,0.000000000000000000e+00,4.594511659850519791e-01,4.967322425087685733e-01,4.968909887507700907e-01,0.000000000000000000e+00,4.922505956302897778e-01,0.000000000000000000e+00,0.000000000000000000e+00,4.888092520580386013e-01
0.000000000000000000e+00,0.000000000000000000e+00,3.199582037011662883e-01,3.714990439655280197e-01,3.520337286381892139e-01,3.744742997906134740e-01,4.154992281701396784e-01,3.203112273540464905e-01,3.215436083399043077e-01,4.632301428840900903e-01,0.000000000000000000e+00,4.623687713070283034e-01,4.436216694862917254e-01,3.277128006986170239e-01,0.000000000000000000e+00,0.000000000000000000e+00,4.678358737790919153e-01,4.608793766469492792e-01,2.666914895551585896e-01,0.000000000000000000e+00,0.000000000000000000e+00,0.000000000000000000e+00,3.309924565917973238e-01,4.642699925865115818e-01,4.616015318059923933e-01,4.695163652997458859e-01,3.785901173106169804e-01,4.503496466103277807e-01,4.627677736453599810e-01,0.000000000000000000e+00,4.754780902888330885e-01,3.774548551075843084e-01,4.142428662422679153e-01,4.603504427631245899e-01,4.496906760073082210e-01,2.851299782573514796e-01,3.043648717471377774e-01,4.200245689918782888e-01,0.000000000000000000e+00,0.000000000000000000e+00,4.918341124183521207e-01,0.000000000000000000e+00,4.654174774134496873e-01,0.000000000000000000e+00,0.000000000000000000e+00,0.000000000000000000e+00,0.000000000000000000e+00,5.044855744202938475e-01,0.000000000000000000e+00,5.138975407581566346e-01,5.216627521199015405e-01,5.332403021370665241e-01,5.022593115659923502e-01,5.159910667743765611e-01,0.000000000000000000e+00,3.722654773903447123e-01,0.000000000000000000e+00,5.219408112276101575e-01,4.737134870782342966e-01,0.000000000000000000e+00,0.000000000000000000e+00,0.000000000000000000e+00,0.000000000000000000e+00,3.986283248010599189e-01,0.000000000000000000e+00,0.000000000000000000e+00,0.000000000000000000e+00,5.335371989053671049e-01,0.000000000000000000e+00,0.000000000000000000e+00,0.000000000000000000e+00,5.305656745342854919e-01,5.136979937044381384e-01,0.000000000000000000e+00,0.000000000000000000e+00,5.147174624407870880e-01
4.086069480606798199e-01,3.826884371524512107e-01,0.000000000000000000e+00,0.000000000000000000e+00,4.687164508065302937e-01,0.000000000000000000e+00,4.676107115088323773e-01,5.169611227277975951e-01,4.678055415578514231e-01,3.170199687587005877e-01,4.623687713070283034e-01,0.000000000000000000e+00,4.565565471872520820e-01,0.000000000000000000e+00,0.000000000000000000e+00,3.868215125681013777e-01,3.720006344920641084e-01,3.719366925846105953e-01,4.738641122128867122e-01,0.000000000000000000e+00,4.964755263879545022e-01,0.000000000000000000e+00,5.086164423136447787e-01,3.134017594966964082e-01,3.498622026595412104e-01,3.336119593719388265e-01,0.000000000000000000e+00,4.351956391927007117e-01,0.000000000000000000e+00,0.000000000000000000e+00,3.891329963174033901e-01,2.790759390605410117e-01,3.099327366390738914e-01,3.217626880592768801e-01,3.602240892675079853e-01,2.924623916397111056e-01,2.640440612895590955e-01,2.634333247751545759e-01,2.720302542645806065e-01,5.010005505237007384e-01,4.219927126899428727e-01,3.673170645949910273e-01,0.000000000000000000e+00,0.000000000000000000e+00,4.088368537159147165e-01,4.442416703382728871e-01,0.000000000000000000e+00,0.000000000000000000e+00,0.000000000000000000e+00,0.000000000000000000e+00,0.000000000000000000e+00,0.000000000000000000e+00,0.000000000000000000e+00,0.000000000000000000e+00,4.956591676427629101e-01,0.000000000000000000e+00,4.695963527696968010e-01,4.817403773880131745e-01,0.000000000000000000e+00,0.000000000000000000e+00,4.877265480949706244e-01,5.049996667281313467e-01,5.029263427569029554e-01,0.000000000000000000e+00,0.000000000000000000e+00,0.000000000000000000e+00,0.000000000000000000e+00,0.000000000000000000e+00,4.565538148374955196e-01,5.063562804034633658e-01,5.036247126498049065e-01,0.000000000000000000e+00,4.847165425688100271e-01,0.000000000000000000e+00,0.000000000000000000e+00,4.912749886232367080e-01
4.706346641940359898e-01,4.198581235413095802e-01,4.503959620964518851e-01,3.134279106675381121e-01,4.039946967871331784e-01,3.995598113814285979e-01,3.839628571862467865e-01,4.553776073950204784e-01,4.183617669433261077e-01,4.605738234775054729e-01,4.436216694862917254e-01,4.565565471872520820e-01,0.000000000000000000e+00,3.407657710134994189e-01,4.283105876933341882e-01,4.769255276158235191e-01,4.535142878500026953e-01,4.583779735904631725e-01,4.569358666753308151e-01,4.362956761007903972e-01,4.585647403533151256e-01,4.497518908282661099e-01,4.291849618985859038e-01,4.597093278556824147e-01,4.414016395518605140e-01,4.378706975458456219e-01,4.212823791065897217e-01,3.940692566916236261e-01,4.145578773056112221e-01,4.419420136163300095e-01,4.482712475907971172e-01,4.329629483754611763e-01,4.098642134455225960e-01,4.477123044016316222e-01,4.569281162354250081e-01,3.989375447060943825e-01,4.093080191044642935e-01,4.085223081214652274e-01,5.074037822533173925e-01,4.629289807092207831e-01,5.436753220727158498e-01,5.320805629775707812e-01,5.088792417430932913e-01,0.000000000000000000e+00,0.000000000000000000e+00,0.000000000000000000e+00,4.576374126343502047e-01,5.340050163437071173e-01,0.000000000000000000e+00,5.312325593320952333e-01,5.422483128987464207e-01,5.486555577099406777e-01,5.328830824442306602e-01,5.410996935032386101e-01,5.027001100478710738e-01,4.958656131510830178e-01,4.969992612784390751e-01,5.496749394571576186e-01,0.000000000000000000e+00,5.166709667363245106e-01,4.736169552619998169e-01,4.954691395183822844e-01,5.062379370069393092e-01,5.213850312378698337e-01,5.152373307439496175e-01,5.061060404841404292e-01,4.903221454051923112e-01,5.452459096803801142e-01,4.827627582960443142e-01,4.820979839653211085e-01,4.754281254483457841e-01,5.404640430014110430e-01,5.428413467591426400e-01,5.279959586251837811e-01,5.398409655689905273e-01,5.309360364347697203e-01
0.000000000000000000e+00,0.000000000000000000e+00,4.052169603206469128e-01,3.471148755484108062e-01,3.427153978893642816e-01,4.118212444279265028e-01,3.506594720398004128e-01,4.073890858572016826e-01,4.150610916993056065e-01,3.909831120824879824e-01,3.277128006986170239e-01,0.000000000000000000e+00,3.407657710134994189e-01,0.000000000000000000e+00,0.000000000000000000e+00,0.000000000000000000e+00,0.000000000000000000e+00,0.000000000000000000e+00,3.806272439140552799e-01,0.000000000000000000e+00,0.000000000000000000e+00,0.000000000000000000e+00,4.040904759399666091e-01,5.393086312452950448e-01,0.000000000000000000e+00,0.000000000000000000e+00,4.206399938824614826e-01,3.587327949575171981e-01,0.000000000000000000e+00,0.000000000000000000e+00,4.573094802749959054e-01,2.100765209928983079e-01,0.000000000000000000e+00,4.203098757062413982e-01,0.000000000000000000e+00,2.339108453551954070e-01,2.228381223571382908e-01,0.000000000000000000e+00,0.000000000000000000e+00,0.000000000000000000e+00,0.000000000000000000e+00,0.000000000000000000e+00,0.000000000000000000e+00,0.000000000000000000e+00,0.000000000000000000e+00,0.000000000000000000e+00,0.000000000000000000e+00,0.000000000000000000e+00,0.000000000000000000e+00,0.000000000000000000e+00,0.000000000000000000e+00,0.000000000000000000e+00,0.000000000000000000e+00,4.939073352561113017e-01,0.000000000000000000e+00,0.000000000000000000e+00,0.000000000000000000e+00,0.000000000000000000e+00,0.000000000000000000e+00,0.000000000000000000e+00,0.000000000000000000e+00,0.000000000000000000e+00,0.000000000000000000e+00,0.000000000000000000e+00,0.000000000000000000e+00,0.000000000000000000e+00,0.000000000000000000e+00,5.188593950984173864e-01,0.000000000000000000e+00,0.000000000000000000e+00,0.000000000000000000e+00,0.000000000000000000e+00,0.000000000000000000e+00,0.000000000000000000e+00,0.000000000000000000e+00,0.000000000000000000e+00
4.414853987618502784e-01,4.684309187101615146e-01,0.000000000000000000e+00,0.000000000000000000e+00,0.000000000000000000e+00,4.084302352852601237e-01,4.263872696625535252e-01,4.191738302891714896e-01,4.010982607802527911e-01,0.000000000000000000e+00,0.000000000000000000e+00,0.000000000000000000e+00,4.283105876933341882e-01,0.000000000000000000e+00,0.000000000000000000e+00,4.512864751689389942e-01,0.000000000000000000e+00,4.421855689597655736e-01,0.000000000000000000e+00,3.397730436061995873e-01,4.182114744672132955e-01,3.656854108852271024e-01,3.893768598604738229e-01,4.867552742701041213e-01,4.378425298624338269e-01,4.010662056293475830e-01,3.888516201937060046e-01,4.139463968143469175e-01,3.861431541846673809e-01,3.924124495480585950e-01,4.245324745405468225e-01,4.453222551890522185e-01,3.914839545878541771e-01,4.408105553387320907e-01,5.105257941802526789e-01,5.065276993518487147e-01,0.000000000000000000e+00,0.000000000000000000e+00,5.170269847284822973e-01,5.136463640518114104e-01,5.101646406442228443e-01,5.385212925887410407e-01,5.376903268165162952e-01,0.000000000000000000e+00,0.000000000000000000e+00,5.121683458602517280e-01,5.231420089428331366e-01,0.000000000000000000e+00,0.000000000000000000e+00,0.000000000000000000e+00,4.930244075720828789e-01,4.997795116191137144e-01,5.143106694033103832e-01,0.000000000000000000e+00,0.000000000000000000e+00,0.000000000000000000e+00,0.000000000000000000e+00,4.958192367715931193e-01,0.000000000000000000e+00,5.450237771782882046e-01,4.900507329035759252e-01,0.000000000000000000e+00,4.768844550499587998e-01,0.000000000000000000e+00,5.150648434707301160e-01,5.216325518689995944e-01,5.390056837172951809e-01,5.119875965997267020e-01,0.000000000000000000e+00,4.768917589134533119e-01,5.600518553670065236e-01,5.132651658972466890e-01,5.046364912416909654e-01,5.021180391554519451e-01,4.929222464561461847e-01,4.980479490309728252e-01
3.935391261577094735e-01,4.219000297371692798e-01,0.000000000000000000e+00,0.000000000000000000e+00,0.000000000000000000e+00,4.353506798055005178e-01,4.712706373367199220e-01,4.881439472746699204e-01,4.440272080915305120e-01,3.918785309033184783e-01,0.000000000000000000e+00,3.868215125681013777e-01,4.769255276158235191e-01,0.000000000000000000e+00,4.512864751689389942e-01,0.000000000000000000e+00,3.881963094599408803e-01,3.881268444485018732e-01,0.000000000000000000e+00,4.408432013611029987e-01,4.282247771223616217e-01,3.993578336285703023e-01,4.512073379071271928e-01,3.702838040951286214e-01,3.916868532600746855e-01,4.201814345772537096e-01,4.447522172988935263e-01,4.566893076951683006e-01,4.490065146395521012e-01,0.000000000000000000e+00,3.888294919900516788e-01,4.513976320927802766e-01,3.485653998012276933e-01,4.019251242841334060e-01,4.678948572300524189e-01,0.000000000000000000e+00,0.000000000000000000e+00,0.000000000000000000e+00,4.629930559078080932e-01,4.383219110790230744e-01,4.388977485411224011e-01,4.640435369433104085e-01,0.000000000000000000e+00,0.000000000000000000e+00,0.000000000000000000e+00,4.618112120711687085e-01,4.798208769720564981e-01,0.000000000000000000e+00,0.000000000000000000e+00,0.000000000000000000e+00,4.433778294200054759e-01,0.000000000000000000e+00,0.000000000000000000e+00,0.000000000000000000e+00,0.000000000000000000e+00,0.000000000000000000e+00,0.000000000000000000e+00,4.586473657379532276e-01,0.000000000000000000e+00,5.123674623233167580e-01,4.626220737709058062e-01,4.381774342212728102e-01,4.610683703287716262e-01,0.000000000000000000e+00,4.872843889745078205e-01,4.939737010587723076e-01,4.572989456111318796e-01,4.814978620967315104e-01,0.000000000000000000e+00,4.729813108781775743e-01,4.804469041735049961e-01,5.149786255766169996e-01,5.387103390910175094e-01,4.904341406018312144e-01,0.000000000000000000e+00,4.394093494349168849e-01
3.925101319314648896e-01,3.977199141005723915e-01,0.000000000000000000e+00,0.000000000000000000e+00,4.727971996288460876e-01,4.259782602703340859e-01,4.567924297640411080e-01,5.206115610906552060e-01,4.709482853569532113e-01,3.374713518255683109e-01,4.678358737790919153e-01,3.720006344920641084e-01,4.535142878500026953e-01,0.000000000000000000e+00,0.000000000000000000e+00,3.881963094599408803e-01,0.000000000000000000e+00,3.731551933160445200e-01,4.766876457780385157e-01,4.115893251303425204e-01,4.883322495082323966e-01,3.995517800150051868e-01,0.000000000000000000e+00,3.704000019643483022e-01,3.288354824548905819e-01,3.646806312284421869e-01,4.097659082271548070e-01,4.346570530091448115e-01,4.185791227790914837e-01,0.000000000000000000e+00,3.642810816506242277e-01,4.295270958301016795e-01,3.246567056997042844e-01,3.713556081026921918e-01,4.046454098018510970e-01,4.643514939938663266e-01,3.709145032915803220e-01,3.369868714424403833e-01,4.617409405891291785e-01,4.573830105222801978e-01,4.416575434062361971e-01,4.678668559059371845e-01,0.000000000000000000e+00,0.000000000000000000e+00,4.178220780206708951e-01,4.361864844923402096e-01,4.562457443616516062e-01,0.000000000000000000e+00,0.000000000000000000e+00,0.000000000000000000e+00,0.000000000000000000e+00,0.000000000000000000e+00,0.000000000000000000e+00,0.000000000000000000e+00,4.894180954226994840e-01,0.000000000000000000e+00,4.809705401663870172e-01,0.000000000000000000e+00,0.000000000000000000e+00,0.000000000000000000e+00,4.650075309219348085e-01,4.991484567543241768e-01,4.873273101486276238e-01,0.000000000000000000e+00,0.000000000000000000e+00,0.000000000000000000e+00,0.000000000000000000e+00,0.000000000000000000e+00,4.278152243551684997e-01,4.871834933854283789e-01,4.882074643102140010e-01,0.000000000000000000e+00,4.868672490119934082e-01,0.000000000000000000e+00,0.000000000000000000e+00,4.767199605518300798e-01
3.908107763447968841e-01,4.136377456476443837e-01,0.000000000000000000e+00,0.000000000000000000e+00,4.635967055540791137e-01,4.229266812198531067e-01,4.553670980615994734e-01,5.177545209766463152e-01,4.578166790481417725e-01,3.737796499543766804e-01,4.608793766469492792e-01,3.719366925846105953e-01,4.583779735904631725e-01,0.000000000000000000e+00,4.421855689597655736e-01,3.881268444485018732e-01,3.731551933160445200e-01,0.000000000000000000e+00,4.346856849572923176e-01,4.346493135761034243e-01,4.715547493721802819e-01,4.123453987675668175e-01,4.636971507834151129e-01,3.681910406097643751e-01,3.583259403990711189e-01,3.796130660602138884e-01,4.307970427973221161e-01,4.393278807475882175e-01,4.416683594327038276e-01,0.000000000000000000e+00,3.826367469118467923e-01,4.329681773354495111e-01,3.393021036243378252e-01,3.861697493341463838e-01,4.265773710724812262e-01,0.000000000000000000e+00,0.000000000000000000e+00,3.099275385553130757e-01,4.670227521351045796e-01,4.447452223722505038e-01,4.560052444625268264e-01,4.740960224843648874e-01,0.000000000000000000e+00,0.000000000000000000e+00,4.846374392509459894e-01,4.315496946653480936e-01,4.711879542355976724e-01,0.000000000000000000e+00,0.000000000000000000e+00,0.000000000000000000e+00,4.705840851623310228e-01,0.000000000000000000e+00,0.000000000000000000e+00,0.000000000000000000e+00,4.765809081660262736e-01,0.000000000000000000e+00,4.692557150529305110e-01,4.570748212734612737e-01,0.000000000000000000e+00,4.895702657491238785e-01,4.687306793480657263e-01,4.873223183328790897e-01,4.805052559192206085e-01,0.000000000000000000e+00,4.705756991445319004e-01,0.000000000000000000e+00,4.447016357233020134e-01,0.000000000000000000e+00,4.361105463795866832e-01,4.773768840550862147e-01,4.788753178834915802e-01,4.591398260335436965e-01,0.000000000000000000e+00,4.634617383820506253e-01,0.000000000000000000e+00,4.626622929639404025e-01
0.000000000000000000e+00,0.000000000000000000e+00,2.661050007044993837e-01,0.000000000000000000e+00,3.594025162013870789e-01,3.900641701846100928e-01,4.333236704210481904e-01,4.065010877352693841e-01,3.054285946391784856e-01,4.688257437454009247e-01,2.666914895551585896e-01,4.738641122128867122e-01,4.569358666753308151e-01,3.806272439140552799e-01,0.000000000000000000e+00,0.000000000000000000e+00,4.766876457780385157e-01,4.346856849572923176e-01,0.000000000000000000e+00,0.000000000000000000e+00,0.000000000000000000e+00,0.000000000000000000e+00,3.282956903774145174e-01,4.759243163868949744e-01,0.000000000000000000e+00,4.706455659854302809e-01,3.655629015287514272e-01,4.635053657993323251e-01,0.000000000000000000e+00,0.000000000000000000e+00,4.716367093786967835e-01,4.392643298490183090e-01,4.624133403489362748e-01,4.688665820679314145e-01,4.716427043316013257e-01,3.819904279094467059e-01,4.366726924728457915e-01,4.202293136987619859e-01,0.000000000000000000e+00,0.000000000000000000e+00,5.350280931749696878e-01,0.000000000000000000e+00,4.921407129916209877e-01,0.000000000000000000e+00,0.000000000000000000e+00,0.000000000000000000e+00,0.000000000000000000e+00,5.340980654541782613e-01,0.000000000000000000e+00,5.268914366275847527e-01,5.438680421061681258e-01,5.595057161318980343e-01,5.176254909992532571e-01,5.301576029022181391e-01,0.000000000000000000e+00,4.202852124953613266e-01,0.000000000000000000e+00,5.396756155931705656e-01,0.000000000000000000e+00,0.000000000000000000e+00,0.000000000000000000e+00,0.000000000000000000e+00,0.000000000000000000e+00,5.173516798151043261e-01,0.000000000000000000e+00,0.000000000000000000e+00,0.000000000000000000e+00,5.461314715681699905e-01,0.000000000000000000e+00,0.000000000000000000e+00,0.000000000000000000e+00,5.497101371988606378e-01,5.384462985085121112e-01,5.254471754879925793e-01,0.000000000000000000e+00,0.000000000000000000e+00
4.650767285093204140e-01,4.343655418944182833e-01,0.000000000000000000e+00,0.000000000000000000e+00,4.310326765791249737e-01,4.027532098522503268e-01,4.438235359991936080e-01,4.150610773757453797e-01,4.191576945134919963e-01,4.103959387478555154e-01,0.000000000000000000e+00,0.000000000000000000e+00,4.362956761007903972e-01,0.000000000000000000e+00,3.397730436061995873e-01,4.408432013611029987e-01,4.115893251303425204e-01,4.346493135761034243e-01,0.000000000000000000e+00,0.000000000000000000e+00,4.261898209915009894e-01,4.055381685161129068e-01,3.254420745855252095e-01,4.595833338389884726e-01,4.289825839122674012e-01,4.370553497902239792e-01,3.752711632339881254e-01,4.094521170231060769e-01,3.658338970502144072e-01,4.023193672082234218e-01,3.853071405614090228e-01,4.261073025681065274e-01,3.658954132858622810e-01,4.259518602847479074e-01,4.987611011448612741e-01,4.934641755985215150e-01,4.503912480261428875e-01,0.000000000000000000e+00,4.945151607490785861e-01,4.736915921451442801e-01,5.086421952675012070e-01,4.962262270659836827e-01,4.815345370967498151e-01,0.000000000000000000e+00,0.000000000000000000e+00,4.540577993640395049e-01,4.724911073002818207e-01,0.000000000000000000e+00,0.000000000000000000e+00,0.000000000000000000e+00,4.838004593870546266e-01,4.920650357403559272e-01,4.916082302728124742e-01,0.000000000000000000e+00,0.000000000000000000e+00,0.000000000000000000e+00,0.000000000000000000e+00,5.035554313884674782e-01,0.000000000000000000e+00,5.012232712085330499e-01,4.691521033987653966e-01,0.000000000000000000e+00,4.631562714787367807e-01,0.000000000000000000e+00,4.952313768965667107e-01,4.818979583462350003e-01,4.990635842502330055e-01,5.038624159982171280e-01,0.000000000000000000e+00,4.605001893240641131e-01,4.913873558793899199e-01,5.077410748502925175e-01,5.110359234802948070e-01,5.008042691498438836e-01,5.133327404360915613e-01,4.947111973050720146e-01
4.830486532327302185e-01,4.394917743428053969e-01,4.154380563641177915e-01,0.000000000000000000e+00,4.355234174376951262e-01,4.112063569492512838e-01,4.573597394659332238e-01,4.479731420414769794e-01,4.179022939390414915e-01,5.080929648709833213e-01,0.000000000000000000e+00,4.964755263879545022e-01,4.585647403533151256e-01,0.000000000000000000e+00,4.182114744672132955e-01,4.282247771223616217e-01,4.883322495082323966e-01,4.715547493721802819e-01,0.000000000000000000e+00,4.261898209915009894e-01,0.000000000000000000e+00,4.505466907209139116e-01,4.102623352129246004e-01,5.249617928684545687e-01,4.841870510534442840e-01,4.460865737231918815e-01,4.169705986002433251e-01,4.510256575616581887e-01,4.201536952323078888e-01,4.402991143310642785e-01,4.298046769501174813e-01,4.430347985001756861e-01,3.816360711414630846e-01,4.400031101669136246e-01,4.851070842623323998e-01,4.925663159876429997e-01,0.000000000000000000e+00,5.380100737277891954e-01,4.975142955598435002e-01,4.859268071380680731e-01,5.012253374178935461e-01,0.000000000000000000e+00,0.000000000000000000e+00,0.000000000000000000e+00,0.000000000000000000e+00,4.234017360645528916e-01,5.002738045736544459e-01,0.000000000000000000e+00,0.000000000000000000e+00,0.000000000000000000e+00,4.830041894586726836e-01,5.237780447286840557e-01,4.517748452244884083e-01,0.000000000000000000e+00,0.000000000000000000e+00,0.000000000000000000e+00,0.000000000000000000e+00,4.913220714650435861e-01,0.000000000000000000e+00,5.164337441847732801e-01,4.774731184613298929e-01,0.000000000000000000e+00,0.000000000000000000e+00,0.000000000000000000e+00,4.915651986758072245e-01,4.380628321092266964e-01,5.179641652417957820e-01,4.919852150640611210e-01,0.000000000000000000e+00,4.950428632165401743e-01,5.360825278972179975e-01,5.028395559219975830e-01,5.005357093841479310e-01,4.843516279835675120e-01,0.000000000000000000e+00,4.840283892854225223e-01
