0.000000000000000000e+00,4.163906972151398267e-01,0.000000000000000000e+00,0.000000000000000000e+00,0.000000000000000000e+00,4.212863703313686203e-01,4.543628274241632847e-01,5.438929091305163555e-01,0.000000000000000000e+00,3.791536409156308074e-01,0.000000000000000000e+00,3.854564875411867764e-01,4.370536745273819190e-01,0.000000000000000000e+00,3.898528624227395878e-01,3.820923313923993980e-01,3.812371606198857177e-01,3.723232385901292796e-01,0.000000000000000000e+00,4.351344005811967897e-01,4.362265003108046213e-01,4.045712084508820139e-01,4.799442791163575084e-01,3.510361458135807244e-01,3.583926507474219925e-01,3.588133499560969830e-01,4.587997598848219116e-01,4.622807560515608261e-01,4.665258715262390887e-01,5.171106395910692877e-01,3.735729093586964145e-01,4.437022602919766801e-01,3.402892667765650137e-01,3.810529455384331077e-01,4.386198412321011819e-01,0.000000000000000000e+00,0.000000000000000000e+00,4.195395967760439104e-01,4.562900447778688862e-01,4.248950105762500096e-01,4.128573363031223797e-01,4.554937901437053904e-01,0.000000000000000000e+00,0.000000000000000000e+00,4.173746705055236816e-01,3.212982567647125753e-01,4.581715810713917758e-01,0.000000000000000000e+00,0.000000000000000000e+00,0.000000000000000000e+00,4.079615985031828096e-01,0.000000000000000000e+00,0.000000000000000000e+00,0.000000000000000000e+00,4.212737196312488774e-01,0.000000000000000000e+00,4.056245282674030839e-01,0.000000000000000000e+00,0.000000000000000000e+00,4.670944291903020851e-01,4.323865032598809277e-01,0.000000000000000000e+00,4.239305393779643216e-01,0.000000000000000000e+00,3.748641709959500967e-01,4.138642514948446816e-01,4.554399118324117812e-01,4.509498206125046038e-01,2.034637316169619903e-01,4.263762957546061161e-01,4.395724655336853970e-01,4.800143805393464747e-01,0.000000000000000000e+00,4.201338636894498824e-01,0.000000000000000000e+00,4.241326595939564070e-01
4.163906972151398267e-01,0.000000000000000000e+00,3.989978818868553101e-01,0.000000000000000000e+00,0.000000000000000000e+00,4.008042937744564771e-01,4.353204041096869203e-01,5.067214820218322036e-01,3.889219583621190135e-01,3.446973611149800054e-01,0.000000000000000000e+00,3.560775588497159805e-01,4.256468628481492877e-01,0.000000000000000000e+00,4.251451237156860241e-01,4.065525371603844751e-01,3.793531925921452275e-01,3.921105394582738990e-01,0.000000000000000000e+00,4.185250272293485896e-01,4.240116438373706109e-01,4.227134074495926264e-01,4.360393980376164880e-01,3.628572942086040753e-01,3.867402340692652207e-01,4.060592933064006149e-01,4.094700510149972272e-01,4.212242611624307242e-01,4.092414252500241045e-01,0.000000000000000000e+00,3.829301276848328106e-01,4.522256119893787174e-01,4.019696785951379914e-01,3.958663427227298026e-01,4.566419981979908949e-01,3.816745742044211909e-01,0.000000000000000000e+00,0.000000000000000000e+00,4.628286088535470966e-01,4.413087721500433269e-01,4.319908686434915102e-01,4.633791726181329951e-01,0.000000000000000000e+00,0.000000000000000000e+00,0.000000000000000000e+00,4.676783122088293831e-01,4.573374023103022878e-01,0.000000000000000000e+00,0.000000000000000000e+00,0.000000000000000000e+00,4.353187904579843837e-01,4.461493564168966253e-01,4.985851600067863210e-01,0.000000000000000000e+00,4.223797911623232149e-01,0.000000000000000000e+00,0.000000000000000000e+00,4.373185237661046942e-01,0.000000000000000000e+00,4.733520137905650738e-01,4.448113728950794932e-01,0.000000000000000000e+00,4.375133062434368725e-01,0.000000000000000000e+00,4.578441421567384095e-01,4.759915932141893791e-01,4.570091453599953168e-01,4.672832075132907215e-01,0.000000000000000000e+00,4.472690666551785155e-01,4.760820486408435803e-01,4.696567619732819887e-01,4.642663278286067730e-01,4.404840744624181070e-01,0.000000000000000000e+00,4.268186515188808761e-01
0.000000000000000000e+00,3.989978818868553101e-01,0.000000000000000000e+00,4.508757139055284968e-01,4.015776343107743118e-01,3.773648074011808906e-01,4.659901198658040755e-01,4.450695310818639228e-01,3.197903733556896055e-01,4.856875188233202856e-01,3.257615957234826221e-01,4.562666239640015831e-01,4.724843139002717907e-01,4.045021847009073190e-01,0.000000000000000000e+00,4.391038676124459084e-01,0.000000000000000000e+00,4.622856239643945986e-01,2.744836506238976792e-01,3.950330886587052892e-01,0.000000000000000000e+00,4.166859627055566895e-01,3.570978713700028173e-01,4.877760821213854014e-01,4.326653074908897723e-01,4.452009725129730255e-01,3.167575456860696748e-01,4.814309631416620050e-01,3.896818658661377888e-01,4.822131838776230195e-01,4.888327310287983174e-01,4.669305395112430812e-01,4.539733072986258944e-01,4.903516157807991105e-01,4.798781902286997081e-01,4.272877465162956967e-01,4.501968953026270759e-01,4.540906807431008274e-01,5.241288434832669374e-01,0.000000000000000000e+00,5.473703505241802603e-01,0.000000000000000000e+00,5.073549877117411455e-01,0.000000000000000000e+00,0.000000000000000000e+00,0.000000000000000000e+00,0.000000000000000000e+00,4.061588968746185913e-01,0.000000000000000000e+00,5.326013935258253618e-01,5.721977978835842693e-01,5.624444311747426317e-01,5.438393704692460195e-01,5.643329306336658524e-01,0.000000000000000000e+00,5.319529959001298991e-01,0.000000000000000000e+00,5.561102729472695572e-01,5.221147312992037159e-01,0.000000000000000000e+00,0.000000000000000000e+00,0.000000000000000000e+00,0.000000000000000000e+00,3.672278698303242939e-01,0.000000000000000000e+00,0.000000000000000000e+00,0.000000000000000000e+00,5.728877525130861015e-01,0.000000000000000000e+00,0.000000000000000000e+00,0.000000000000000000e+00,5.734359802686730401e-01,5.469886500325189527e-01,5.372865552222975127e-01,0.000000000000000000e+00,5.621587158942468188e-01
0.000000000000000000e+00,0.000000000000000000e+00,4.508757139055284968e-01,0.000000000000000000e+00,3.228356764413263247e-01,0.000000000000000000e+00,3.134646056772902867e-01,4.139774061744169731e-01,4.775556957552085091e-01,4.128237701928427761e-01,4.023510013209387060e-01,0.000000000000000000e+00,3.876593147225351754e-01,3.390127566448435936e-01,0.000000000000000000e+00,0.000000000000000000e+00,0.000000000000000000e+00,0.000000000000000000e+00,4.390308150721011771e-01,5.180400821604933537e-01,0.000000000000000000e+00,5.248109037185594294e-01,4.555268978534857127e-01,0.000000000000000000e+00,0.000000000000000000e+00,0.000000000000000000e+00,4.708216144120228042e-01,3.564125427426437231e-01,0.000000000000000000e+00,0.000000000000000000e+00,3.726045362148350248e-01,4.693868570107305738e-01,0.000000000000000000e+00,4.413287721680168030e-01,5.778315505049079759e-01,2.719826819530150042e-01,2.128175310138044896e-01,0.000000000000000000e+00,0.000000000000000000e+00,0.000000000000000000e+00,0.000000000000000000e+00,0.000000000000000000e+00,0.000000000000000000e+00,0.000000000000000000e+00,0.000000000000000000e+00,0.000000000000000000e+00,0.000000000000000000e+00,0.000000000000000000e+00,0.000000000000000000e+00,0.000000000000000000e+00,0.000000000000000000e+00,0.000000000000000000e+00,0.000000000000000000e+00,0.000000000000000000e+00,0.000000000000000000e+00,0.000000000000000000e+00,0.000000000000000000e+00,0.000000000000000000e+00,0.000000000000000000e+00,0.000000000000000000e+00,0.000000000000000000e+00,0.000000000000000000e+00,0.000000000000000000e+00,0.000000000000000000e+00,0.000000000000000000e+00,0.000000000000000000e+00,0.000000000000000000e+00,0.000000000000000000e+00,0.000000000000000000e+00,0.000000000000000000e+00,0.000000000000000000e+00,0.000000000000000000e+00,0.000000000000000000e+00,0.000000000000000000e+00,0.000000000000000000e+00,0.000000000000000000e+00
0.000000000000000000e+00,0.000000000000000000e+00,4.015776343107743118e-01,3.228356764413263247e-01,0.000000000000000000e+00,3.876692861042456140e-01,3.703216977461795123e-01,4.190364310867825126e-01,3.486618797202851727e-01,4.611511476321648040e-01,3.663446259317230114e-01,4.268138104443660041e-01,4.285720786567697727e-01,3.372202709866365944e-01,0.000000000000000000e+00,0.000000000000000000e+00,0.000000000000000000e+00,0.000000000000000000e+00,4.145743729240379261e-01,0.000000000000000000e+00,0.000000000000000000e+00,4.877390838024007746e-01,4.224029028655743034e-01,4.204358392023723190e-01,0.000000000000000000e+00,4.530659646987342248e-01,3.954737399309312118e-01,3.969559928529828863e-01,0.000000000000000000e+00,0.000000000000000000e+00,4.834236285251948817e-01,4.112512841477212744e-01,4.399453555363315171e-01,4.674205786547178110e-01,4.321082877178710202e-01,3.066883079103904231e-01,2.752151474740249792e-01,4.033197928287042822e-01,4.589905594773799891e-01,0.000000000000000000e+00,0.000000000000000000e+00,0.000000000000000000e+00,4.441849868993100747e-01,0.000000000000000000e+00,0.000000000000000000e+00,0.000000000000000000e+00,0.000000000000000000e+00,5.425333716175176901e-01,0.000000000000000000e+00,4.802307220392845744e-01,5.509776926516306572e-01,5.259311965525519383e-01,0.000000000000000000e+00,5.408522765734143922e-01,0.000000000000000000e+00,4.928162441398701854e-01,0.000000000000000000e+00,5.373409794411307949e-01,0.000000000000000000e+00,0.000000000000000000e+00,0.000000000000000000e+00,0.000000000000000000e+00,0.000000000000000000e+00,5.221413374010888120e-01,0.000000000000000000e+00,0.000000000000000000e+00,0.000000000000000000e+00,5.480875290972777591e-01,0.000000000000000000e+00,0.000000000000000000e+00,0.000000000000000000e+00,5.546474328386046260e-01,5.235850434030444589e-01,0.000000000000000000e+00,0.000000000000000000e+00,0.000000000000000000e+00
4.212863703313686203e-01,4.008042937744564771e-01,3.773648074011808906e-01,0.000000000000000000e+00,3.876692861042456140e-01,0.000000000000000000e+00,4.321160281812991277e-01,4.199655420431259167e-01,3.274288586704264259e-01,4.373122300833163223e-01,3.633344575151611910e-01,4.383989416816156948e-01,3.880575778542835197e-01,4.214134650227340240e-01,4.125580326493100136e-01,4.394893994416739780e-01,4.221392222059052179e-01,4.194737232356269274e-01,3.972615803862952211e-01,3.961204387011540984e-01,4.318518363502553137e-01,4.090489649480297252e-01,3.913674151061670159e-01,4.903900386832226732e-01,3.977336927073928941e-01,4.100925543540864804e-01,3.552000239957158190e-01,3.874149513487816221e-01,3.277839665161697003e-01,4.162337535889324980e-01,4.341540501994711754e-01,4.233942029716866173e-01,3.862619574118331123e-01,4.465721605993385190e-01,4.440171650006214943e-01,4.556717092026373872e-01,4.446505234201112988e-01,0.000000000000000000e+00,5.098402356514548650e-01,0.000000000000000000e+00,5.234242030569523640e-01,5.179964628600045584e-01,4.747864912618857125e-01,0.000000000000000000e+00,4.956927181467599142e-01,0.000000000000000000e+00,4.334063856649963964e-01,5.701992677798826126e-01,0.000000000000000000e+00,5.381611500127901904e-01,5.345396424240721478e-01,5.453495973310832357e-01,4.880438645111231932e-01,5.603905723794512239e-01,5.073009018827701055e-01,5.346524198520973270e-01,0.000000000000000000e+00,5.321465977631957278e-01,4.864804266344466277e-01,4.600559143110093951e-01,4.282926624840768248e-01,0.000000000000000000e+00,4.219855397887892767e-01,5.584059620686854242e-01,4.903583654022791172e-01,4.374059187119895831e-01,4.296979781570753887e-01,5.394412541249659077e-01,0.000000000000000000e+00,4.331507304949587245e-01,4.469423400475457941e-01,5.413167916310419603e-01,5.256134409259121121e-01,5.101670364684098846e-01,5.277353032136026245e-01,5.132214652851055936e-01
4.543628274241632847e-01,4.353204041096869203e-01,4.659901198658040755e-01,3.134646056772902867e-01,3.703216977461795123e-01,4.321160281812991277e-01,0.000000000000000000e+00,4.824154672477262151e-01,4.382563408443886921e-01,4.394917419041473039e-01,4.776496692495785235e-01,4.015016408339395770e-01,3.637310864732721249e-01,3.779514394842308778e-01,4.434675332012346094e-01,4.756277645055375092e-01,4.481498130704407168e-01,4.483985571499705114e-01,4.981115404323461782e-01,4.467567595304680061e-01,4.793051751818317996e-01,4.543623736015369730e-01,4.597077888724916961e-01,4.334522357830752903e-01,4.324407351877256889e-01,4.335775611706276234e-01,4.455805076466933246e-01,3.813827019777680238e-01,4.543821452226540214e-01,4.756238408922942029e-01,4.422591551270033117e-01,4.510816130500521770e-01,4.095405174702098083e-01,4.285210526425328736e-01,4.007561026247040137e-01,3.846787807055392916e-01,3.898754962043333161e-01,3.901913728214003174e-01,5.075906247710532115e-01,0.000000000000000000e+00,5.463730069274909118e-01,5.484620612683414054e-01,5.033994662245937501e-01,0.000000000000000000e+00,0.000000000000000000e+00,0.000000000000000000e+00,4.490218574975456955e-01,5.687879063925580514e-01,0.000000000000000000e+00,5.375729570224955234e-01,5.560476381447969629e-01,5.659921496024959975e-01,5.284133991414153853e-01,5.638243212906076662e-01,0.000000000000000000e+00,5.264981837570956724e-01,0.000000000000000000e+00,5.532302307433011324e-01,5.116136013210517142e-01,0.000000000000000000e+00,0.000000000000000000e+00,0.000000000000000000e+00,0.000000000000000000e+00,5.738413515728255643e-01,5.005045661177812688e-01,0.000000000000000000e+00,4.455790819776692113e-01,5.639815562486102385e-01,0.000000000000000000e+00,0.000000000000000000e+00,4.684772924584866827e-01,5.620551593190218354e-01,5.485134040108471387e-01,5.285433527180547486e-01,0.000000000000000000e+00,5.425344956729687418e-01
5.438929091305163555e-01,5.067214820218322036e-01,4.450695310818639228e-01,4.139774061744169731e-01,4.190364310867825126e-01,4.199655420431259167e-01,4.824154672477262151e-01,0.000000000000000000e+00,4.442987630733433169e-01,4.751944042569681836e-01,3.497646109895570232e-01,5.224732692377399568e-01,4.746658387629293929e-01,3.901932600738483026e-01,4.509905856838514193e-01,4.876564994570565803e-01,0.000000000000000000e+00,4.889827188418833792e-01,4.305767777943130814e-01,4.101806312894976103e-01,4.548650081622092056e-01,4.313042663511122976e-01,3.787325854838932138e-01,5.434849204219323049e-01,4.906431747897417872e-01,5.050579602141251900e-01,4.364685581080529064e-01,4.602997458614022097e-01,4.161961261613775775e-01,4.432669253222519812e-01,4.746971277510783072e-01,4.213721367547547114e-01,4.546484715167342094e-01,4.975384092593804763e-01,5.005297236500974023e-01,3.560687869600702160e-01,4.090168020596630094e-01,0.000000000000000000e+00,5.231056434229215402e-01,0.000000000000000000e+00,5.433596635767276029e-01,5.802914500236511230e-01,4.956252425678562834e-01,0.000000000000000000e+00,0.000000000000000000e+00,0.000000000000000000e+00,0.000000000000000000e+00,5.251384523690865169e-01,0.000000000000000000e+00,0.000000000000000000e+00,4.994515882957301089e-01,5.252941221486097101e-01,4.035179565523461798e-01,5.285647581356074376e-01,0.000000000000000000e+00,5.232034940390305477e-01,0.000000000000000000e+00,5.061639412157856732e-01,0.000000000000000000e+00,5.385171072845795770e-01,0.000000000000000000e+00,0.000000000000000000e+00,0.000000000000000000e+00,5.521514280098791527e-01,5.303534142964704268e-01,4.997258484683160806e-01,5.127329515192013965e-01,5.046041855377166874e-01,0.000000000000000000e+00,0.000000000000000000e+00,0.000000000000000000e+00,5.417253498664494904e-01,5.103713800009641588e-01,5.051566558497044834e-01,5.375592050457452808e-01,5.092452179426704140e-01
0.000000000000000000e+00,3.889219583621190135e-01,3.197903733556896055e-01,4.775556957552085091e-01,3.486618797202851727e-01,3.274288586704264259e-01,4.382563408443886921e-01,4.442987630733433169e-01,0.000000000000000000e+00,4.918336299128054923e-01,3.122871747993413161e-01,4.705466236252011103e-01,4.040877159981827726e-01,4.025476105949110095e-01,0.000000000000000000e+00,4.178569361992992004e-01,4.816138942653597765e-01,4.680724356582097179e-01,2.875100192425544821e-01,3.855997717151959936e-01,0.000000000000000000e+00,3.963548326125853061e-01,3.922526346224669003e-01,4.883020505179611059e-01,4.285458376182973983e-01,4.742798968515705149e-01,3.387999241782094773e-01,4.899320763744359764e-01,3.784829701182638728e-01,4.782735273296669920e-01,4.951345522661175780e-01,4.689465334814593156e-01,4.579094505330728038e-01,4.957202084246293272e-01,4.856536960290857019e-01,4.498482172844239235e-01,4.684924863700608011e-01,4.648296132520223223e-01,5.157933569201271773e-01,4.188403091048342186e-01,5.410458372532740423e-01,0.000000000000000000e+00,4.986576963777187843e-01,0.000000000000000000e+00,0.000000000000000000e+00,0.000000000000000000e+00,0.000000000000000000e+00,5.367623825152524342e-01,0.000000000000000000e+00,5.348571665010626308e-01,5.549783644913647285e-01,5.599780848988789028e-01,5.294440539904641252e-01,5.586892759821274757e-01,0.000000000000000000e+00,5.355589449998661156e-01,0.000000000000000000e+00,5.468868730702304282e-01,5.135012368922404757e-01,0.000000000000000000e+00,0.000000000000000000e+00,0.000000000000000000e+00,0.000000000000000000e+00,5.557261598581735296e-01,0.000000000000000000e+00,0.000000000000000000e+00,4.276049250251631184e-01,5.663194025144757671e-01,0.000000000000000000e+00,0.000000000000000000e+00,0.000000000000000000e+00,5.660390293965659181e-01,5.403092000535593131e-01,5.152661552262114419e-01,0.000000000000000000e+00,5.507850234584716898e-01
3.791536409156308074e-01,3.446973611149800054e-01,4.856875188233202856e-01,4.128237701928427761e-01,4.611511476321648040e-01,4.373122300833163223e-01,4.394917419041473039e-01,4.751944042569681836e-01,4.918336299128054923e-01,0.000000000000000000e+00,4.911348790076910942e-01,2.916315976743282246e-01,4.405791869710197761e-01,3.960665413724858142e-01,4.198987818068722899e-01,3.872862900685045129e-01,3.527036694957725871e-01,3.739560622699896753e-01,5.024047392059699524e-01,4.022073587893046920e-01,4.544469603848572126e-01,3.940527941828280145e-01,4.694218274251867884e-01,3.317292003357361074e-01,3.188147968156553880e-01,3.032469006693858105e-01,4.706918550006108926e-01,4.072628654141899895e-01,4.087324117119199851e-01,0.000000000000000000e+00,3.525026420017681184e-01,3.644866524313142842e-01,3.040014600805763800e-01,3.269949389871555923e-01,3.444657204174791931e-01,3.475008706856286822e-01,2.839050574070560162e-01,2.964607811949689919e-01,3.001678247499208751e-01,4.104566073255844771e-01,3.211506189138352840e-01,2.616190048594859152e-01,3.253292287595960786e-01,0.000000000000000000e+00,3.778352206210935926e-01,4.018142424233223098e-01,4.113700851623727783e-01,5.698856436419795779e-01,0.000000000000000000e+00,0.000000000000000000e+00,5.350597834531182206e-01,5.224447369799963825e-01,0.000000000000000000e+00,0.000000000000000000e+00,4.391867221112916164e-01,0.000000000000000000e+00,4.140238538925800071e-01,0.000000000000000000e+00,0.000000000000000000e+00,0.000000000000000000e+00,4.204702033999365152e-01,4.595998794269184895e-01,4.558795711086238156e-01,0.000000000000000000e+00,0.000000000000000000e+00,0.000000000000000000e+00,4.317222116379210162e-01,5.299762204395014331e-01,3.865732999453934116e-01,4.432264689010058101e-01,4.370304183739022741e-01,4.971109654985074178e-01,4.044920070768505127e-01,4.179385796648852902e-01,0.000000000000000000e+00,4.382940951104232208e-01
0.000000000000000000e+00,0.000000000000000000e+00,3.257615957234826221e-01,4.023510013209387060e-01,3.663446259317230114e-01,3.633344575151611910e-01,4.776496692495785235e-01,3.497646109895570232e-01,3.122871747993413161e-01,4.911348790076910942e-01,0.000000000000000000e+00,4.618382341546481973e-01,4.984862756001960937e-01,3.316396280815244735e-01,0.000000000000000000e+00,0.000000000000000000e+00,4.780687298314009182e-01,4.855143320049554734e-01,3.018124292215974003e-01,0.000000000000000000e+00,0.000000000000000000e+00,0.000000000000000000e+00,3.413906356920031748e-01,4.673168617363830935e-01,4.851559952559751920e-01,4.767015591088640813e-01,3.591245084264654830e-01,5.000103227793500915e-01,0.000000000000000000e+00,0.000000000000000000e+00,5.066976607743585159e-01,4.287508887836072868e-01,4.551659326588157750e-01,5.014613670203729168e-01,4.726994425953425782e-01,3.221923808491676255e-01,3.569304536866769184e-01,4.595721790263714857e-01,4.527509535522056816e-01,0.000000000000000000e+00,0.000000000000000000e+00,0.000000000000000000e+00,4.548063590601246764e-01,0.000000000000000000e+00,0.000000000000000000e+00,0.000000000000000000e+00,0.000000000000000000e+00,4.382647716328099130e-01,0.000000000000000000e+00,4.843075193103629772e-01,5.351436362244331724e-01,5.121136667500738593e-01,4.924822464548168077e-01,5.315394081512491153e-01,0.000000000000000000e+00,4.974038357097189111e-01,0.000000000000000000e+00,5.038786242643595870e-01,4.697866544495837848e-01,0.000000000000000000e+00,0.000000000000000000e+00,0.000000000000000000e+00,0.000000000000000000e+00,5.308585212505144701e-01,0.000000000000000000e+00,0.000000000000000000e+00,0.000000000000000000e+00,5.419187400799244658e-01,0.000000000000000000e+00,0.000000000000000000e+00,0.000000000000000000e+00,5.475350157117877536e-01,5.074063670207099586e-01,0.000000000000000000e+00,0.000000000000000000e+00,0.000000000000000000e+00
3.854564875411867764e-01,3.560775588497159805e-01,4.562666239640015831e-01,0.000000000000000000e+00,4.268138104443660041e-01,4.383989416816156948e-01,4.015016408339395770e-01,5.224732692377399568e-01,4.705466236252011103e-01,2.916315976743282246e-01,4.618382341546481973e-01,0.000000000000000000e+00,4.157150262169472255e-01,3.465241630903369008e-01,0.000000000000000000e+00,3.737602413339541907e-01,3.617417095418538064e-01,3.605136689377997916e-01,4.714444475103934939e-01,4.029927330533640273e-01,4.822359156677845093e-01,3.607155563246277064e-01,4.751186783139674796e-01,2.836466038411906143e-01,3.344502887005720848e-01,3.027338969232684085e-01,4.468594225696991273e-01,3.728399102585807090e-01,4.347329301518235156e-01,0.000000000000000000e+00,3.618357409244583045e-01,2.937494776242591255e-01,2.654113546233887733e-01,2.556549492997551853e-01,3.097960772627033066e-01,3.142575360369542214e-01,2.809830523304078786e-01,2.426965762737263999e-01,2.884486498452505931e-01,3.468015172601491836e-01,2.827817682567332902e-01,4.810696482454469014e-01,3.386667355460011852e-01,0.000000000000000000e+00,3.302437755769371264e-01,3.785946844509152087e-01,4.277519629206075202e-01,0.000000000000000000e+00,0.000000000000000000e+00,0.000000000000000000e+00,0.000000000000000000e+00,0.000000000000000000e+00,0.000000000000000000e+00,0.000000000000000000e+00,4.485563933258928104e-01,0.000000000000000000e+00,4.200527217646343736e-01,4.191930004679622068e-01,0.000000000000000000e+00,0.000000000000000000e+00,4.367411759812349081e-01,4.528558663597146983e-01,4.496258709649755270e-01,0.000000000000000000e+00,0.000000000000000000e+00,0.000000000000000000e+00,0.000000000000000000e+00,4.044798624774835760e-01,3.634036437245445894e-01,4.414105716648502042e-01,4.279750536886761103e-01,4.440631866455078125e-01,4.065002753407719882e-01,4.457077889154307249e-01,0.000000000000000000e+00,4.500447787723393933e-01
4.370536745273819190e-01,4.256468628481492877e-01,4.724843139002717907e-01,3.876593147225351754e-01,4.285720786567697727e-01,3.880575778542835197e-01,3.637310864732721249e-01,4.746658387629293929e-01,4.040877159981827726e-01,4.405791869710197761e-01,4.984862756001960937e-01,4.157150262169472255e-01,0.000000000000000000e+00,4.257757655990895840e-01,4.334126754745447063e-01,4.624627020290703050e-01,4.375354045731100205e-01,4.414754246648894265e-01,5.095161662671510161e-01,4.230638674703220969e-01,4.722474844917151082e-01,4.418370920927998102e-01,4.601182061688238178e-01,4.299052801028612203e-01,4.262006338149180729e-01,4.258391220022044732e-01,4.287186132090484159e-01,3.520145103501388095e-01,4.021055241720731255e-01,3.993758414749575825e-01,4.190020844749047790e-01,4.606660451820679958e-01,4.210787832478177228e-01,4.324266003127125169e-01,4.366466691004188272e-01,4.338172470300910022e-01,4.335241520238382051e-01,4.027142700845999235e-01,4.973868149711654918e-01,3.587310370670803161e-01,5.358915570990648858e-01,5.361200741134752867e-01,5.000643267377903323e-01,0.000000000000000000e+00,0.000000000000000000e+00,4.545090934002998795e-01,4.463435451050463132e-01,5.462604795340135766e-01,0.000000000000000000e+00,5.393762614766602903e-01,5.446087212721010262e-01,5.507280741149929160e-01,5.056885456309302418e-01,5.608396884750963540e-01,4.612353973024386211e-01,5.387211216601993646e-01,0.000000000000000000e+00,5.402195883412845845e-01,0.000000000000000000e+00,4.613346663160510230e-01,4.428932407691427153e-01,0.000000000000000000e+00,4.495360504382759914e-01,5.497425106334010714e-01,5.126714882581574484e-01,4.927245566746178973e-01,4.441027687019066805e-01,5.453864910751828887e-01,0.000000000000000000e+00,4.530706477391152065e-01,4.590520734479898723e-01,5.471425249032129123e-01,5.372857699736602877e-01,5.256558750333620855e-01,5.344729183410085183e-01,5.312364313997950394e-01
0.000000000000000000e+00,0.000000000000000000e+00,4.045021847009073190e-01,3.390127566448435936e-01,3.372202709866365944e-01,4.214134650227340240e-01,3.779514394842308778e-01,3.901932600738483026e-01,4.025476105949110095e-01,3.960665413724858142e-01,3.316396280815244735e-01,3.465241630903369008e-01,4.257757655990895840e-01,0.000000000000000000e+00,0.000000000000000000e+00,0.000000000000000000e+00,0.000000000000000000e+00,0.000000000000000000e+00,3.875888979269714874e-01,4.901039302349091131e-01,4.802917547770739204e-01,5.098668198239291183e-01,3.923748810753607263e-01,0.000000000000000000e+00,0.000000000000000000e+00,5.013775147361432261e-01,4.574902364719393155e-01,3.760131444303806969e-01,0.000000000000000000e+00,0.000000000000000000e+00,4.526150458643283803e-01,2.677824457066169117e-01,0.000000000000000000e+00,4.318582068672667251e-01,3.996063741387931856e-01,2.786024416866488274e-01,2.120300709027161112e-01,0.000000000000000000e+00,4.515170891488369254e-01,0.000000000000000000e+00,0.000000000000000000e+00,0.000000000000000000e+00,4.479929110904887768e-01,0.000000000000000000e+00,0.000000000000000000e+00,0.000000000000000000e+00,0.000000000000000000e+00,4.940692970929548844e-01,0.000000000000000000e+00,5.007266402244567871e-01,5.237468755597346481e-01,5.286117216436208022e-01,4.896567171415128761e-01,5.207282225170373202e-01,0.000000000000000000e+00,4.978962458392757751e-01,0.000000000000000000e+00,5.389393807228169964e-01,4.506462951125370098e-01,0.000000000000000000e+00,0.000000000000000000e+00,0.000000000000000000e+00,0.000000000000000000e+00,5.093361697399855226e-01,0.000000000000000000e+00,0.000000000000000000e+00,0.000000000000000000e+00,5.308065519578046842e-01,0.000000000000000000e+00,0.000000000000000000e+00,0.000000000000000000e+00,5.447061634012991815e-01,0.000000000000000000e+00,0.000000000000000000e+00,0.000000000000000000e+00,0.000000000000000000e+00
3.898528624227395878e-01,4.251451237156860241e-01,0.000000000000000000e+00,0.000000000000000000e+00,0.000000000000000000e+00,4.125580326493100136e-01,4.434675332012346094e-01,4.509905856838514193e-01,0.000000000000000000e+00,4.198987818068722899e-01,0.000000000000000000e+00,0.000000000000000000e+00,4.334126754745447063e-01,0.000000000000000000e+00,0.000000000000000000e+00,4.319929535390374942e-01,3.949593641477222028e-01,4.046128511466253741e-01,0.000000000000000000e+00,3.529466480106637216e-01,4.028793436496931890e-01,4.083462292014861106e-01,3.557946683413619193e-01,4.269339141245642177e-01,3.956110868489661758e-01,4.107578042263612117e-01,3.963620706026507179e-01,4.206898422089436762e-01,4.091487624074733875e-01,3.524248012131340757e-01,4.232967805592012245e-01,4.473565071457732967e-01,4.122426918648172123e-01,4.449584210343012214e-01,4.870017555410675048e-01,5.114460385283315924e-01,5.005487703458586513e-01,0.000000000000000000e+00,5.041597127391381772e-01,4.870188920951030731e-01,5.057180301446485560e-01,5.228529444788203584e-01,5.322627863851914221e-01,0.000000000000000000e+00,0.000000000000000000e+00,0.000000000000000000e+00,4.853374133359036890e-01,0.000000000000000000e+00,0.000000000000000000e+00,0.000000000000000000e+00,4.750950752123412890e-01,0.000000000000000000e+00,5.193574677839041254e-01,0.000000000000000000e+00,0.000000000000000000e+00,0.000000000000000000e+00,0.000000000000000000e+00,4.924419073095733235e-01,0.000000000000000000e+00,5.145105436941764809e-01,4.641613633787857740e-01,0.000000000000000000e+00,4.520737562047233982e-01,0.000000000000000000e+00,4.999374359321617778e-01,4.930531895332048165e-01,4.984792784694818124e-01,5.220316001377051096e-01,0.000000000000000000e+00,4.403093091557936933e-01,5.179442439982439028e-01,5.227347095777454822e-01,5.117292783495930308e-01,5.041607720042996510e-01,5.231431339045331530e-01,4.903690460563014941e-01
3.820923313923993980e-01,4.065525371603844751e-01,4.391038676124459084e-01,0.000000000000000000e+00,0.000000000000000000e+00,4.394893994416739780e-01,4.756277645055375092e-01,4.876564994570565803e-01,4.178569361992992004e-01,3.872862900685045129e-01,0.000000000000000000e+00,3.737602413339541907e-01,4.624627020290703050e-01,0.000000000000000000e+00,4.319929535390374942e-01,0.000000000000000000e+00,3.983719715776605219e-01,3.759877985438906944e-01,0.000000000000000000e+00,4.320826982303576091e-01,4.133423658467386130e-01,4.092099068551148799e-01,4.377251703180878861e-01,3.837187694904536928e-01,3.702465258852429830e-01,4.005161793525944258e-01,4.317987080310944914e-01,4.507911411346223196e-01,4.444271600335367167e-01,4.431162649303809209e-01,3.828595352910051930e-01,4.593863153870073046e-01,4.062084034785121145e-01,4.136972461233335840e-01,4.698681379820277004e-01,0.000000000000000000e+00,0.000000000000000000e+00,0.000000000000000000e+00,4.584444429550821876e-01,4.378185622197314220e-01,4.286207737995181843e-01,4.549529273431973109e-01,0.000000000000000000e+00,0.000000000000000000e+00,0.000000000000000000e+00,4.465803534093574223e-01,4.531722429974254229e-01,0.000000000000000000e+00,0.000000000000000000e+00,0.000000000000000000e+00,4.327119487993035807e-01,0.000000000000000000e+00,0.000000000000000000e+00,0.000000000000000000e+00,4.626756969549145060e-01,0.000000000000000000e+00,4.628310259606023824e-01,4.267618818538375103e-01,0.000000000000000000e+00,4.803083275407338815e-01,4.327149460928235158e-01,4.516163994776343782e-01,4.290646942508513084e-01,0.000000000000000000e+00,4.632356270451782887e-01,4.685310606573260817e-01,4.531853179724062985e-01,4.843831030722022257e-01,0.000000000000000000e+00,4.374951381147849094e-01,4.609217278172976218e-01,4.878059488422679113e-01,4.778318615082493004e-01,4.432515704067124251e-01,0.000000000000000000e+00,4.278567855936212805e-01
3.812371606198857177e-01,3.793531925921452275e-01,0.000000000000000000e+00,0.000000000000000000e+00,0.000000000000000000e+00,4.221392222059052179e-01,4.481498130704407168e-01,0.000000000000000000e+00,4.816138942653597765e-01,3.527036694957725871e-01,4.780687298314009182e-01,3.617417095418538064e-01,4.375354045731100205e-01,0.000000000000000000e+00,3.949593641477222028e-01,3.983719715776605219e-01,0.000000000000000000e+00,3.649222825509353951e-01,0.000000000000000000e+00,4.134010250563118216e-01,0.000000000000000000e+00,3.924141941933452782e-01,4.456243785885751207e-01,3.917129357601896733e-01,3.369609087072502063e-01,3.580891818168437934e-01,4.299934510569636825e-01,4.238654217074203090e-01,4.243366136888955809e-01,0.000000000000000000e+00,3.662430022920110106e-01,4.592635742404094779e-01,3.529725639493612732e-01,3.882900494344149189e-01,4.236566706991581888e-01,0.000000000000000000e+00,0.000000000000000000e+00,3.275996342070123801e-01,4.797131282545086806e-01,4.390755160013171121e-01,4.642955102864714245e-01,0.000000000000000000e+00,0.000000000000000000e+00,0.000000000000000000e+00,4.107225936450495940e-01,0.000000000000000000e+00,4.223321093217382027e-01,0.000000000000000000e+00,0.000000000000000000e+00,0.000000000000000000e+00,0.000000000000000000e+00,0.000000000000000000e+00,0.000000000000000000e+00,0.000000000000000000e+00,4.685007041055307964e-01,0.000000000000000000e+00,4.592139740017662231e-01,0.000000000000000000e+00,0.000000000000000000e+00,0.000000000000000000e+00,4.466612689774099865e-01,4.784113020980362840e-01,4.778528031225157124e-01,0.000000000000000000e+00,0.000000000000000000e+00,0.000000000000000000e+00,4.329117343769599002e-01,0.000000000000000000e+00,4.244749698295264273e-01,4.712498825304964889e-01,4.662830792252968815e-01,0.000000000000000000e+00,0.000000000000000000e+00,4.387155259258295747e-01,0.000000000000000000e+00,4.666553379087837183e-01
3.723232385901292796e-01,3.921105394582738990e-01,4.622856239643945986e-01,0.000000000000000000e+00,0.000000000000000000e+00,4.194737232356269274e-01,4.483985571499705114e-01,4.889827188418833792e-01,4.680724356582097179e-01,3.739560622699896753e-01,4.855143320049554734e-01,3.605136689377997916e-01,4.414754246648894265e-01,0.000000000000000000e+00,4.046128511466253741e-01,3.759877985438906944e-01,3.649222825509353951e-01,0.000000000000000000e+00,0.000000000000000000e+00,4.222167661761239144e-01,4.073584395431931737e-01,4.022403018588994739e-01,4.285387850505121277e-01,3.759178242284795801e-01,3.558695154155379070e-01,3.650907949468825131e-01,4.163923064252724182e-01,4.294304571637974077e-01,4.295642295914967046e-01,4.180276911601178980e-01,3.786781190821018050e-01,4.629166786297750913e-01,3.763879570422615228e-01,4.052466935796372183e-01,4.356543982916568081e-01,4.599440350288783175e-01,0.000000000000000000e+00,3.285310339456579132e-01,4.597064573244049046e-01,4.481475950556784160e-01,4.462040042357525160e-01,4.640963989308803939e-01,0.000000000000000000e+00,0.000000000000000000e+00,4.098850868628027833e-01,4.224304738595763831e-01,4.391619467667813859e-01,0.000000000000000000e+00,0.000000000000000000e+00,0.000000000000000000e+00,4.297328961140994275e-01,0.000000000000000000e+00,0.000000000000000000e+00,0.000000000000000000e+00,4.729947896615718239e-01,0.000000000000000000e+00,4.718495262196450990e-01,4.372076771696697950e-01,0.000000000000000000e+00,4.684339127032943195e-01,4.353048677642478159e-01,4.753316328307324867e-01,4.607689419465960112e-01,0.000000000000000000e+00,4.492265547719834773e-01,4.361815199891697081e-01,4.374334043372344882e-01,4.671232785050736802e-01,4.252267928519823936e-01,4.610606831906576275e-01,4.656421459720319067e-01,4.515918373092641103e-01,4.291985964815758225e-01,4.404027650190260879e-01,0.000000000000000000e+00,4.547007172330261859e-01
0.000000000000000000e+00,0.000000000000000000e+00,2.744836506238976792e-01,4.390308150721011771e-01,4.145743729240379261e-01,3.972615803862952211e-01,4.981115404323461782e-01,4.305767777943130814e-01,2.875100192425544821e-01,5.024047392059699524e-01,3.018124292215974003e-01,4.714444475103934939e-01,5.095161662671510161e-01,3.875888979269714874e-01,0.000000000000000000e+00,0.000000000000000000e+00,0.000000000000000000e+00,0.000000000000000000e+00,0.000000000000000000e+00,0.000000000000000000e+00,0.000000000000000000e+00,0.000000000000000000e+00,3.091440999903776188e-01,4.962405735363875081e-01,4.905972639017346926e-01,4.896151737229932910e-01,3.435951097617808148e-01,5.052730245905731055e-01,0.000000000000000000e+00,0.000000000000000000e+00,5.046259243923060245e-01,4.748671833839122058e-01,4.653006974983320276e-01,5.075570335894381557e-01,4.914129164598163846e-01,4.247643851145848082e-01,4.521424788470397860e-01,4.623663155638373934e-01,4.927184904685132927e-01,0.000000000000000000e+00,5.423603914042369745e-01,0.000000000000000000e+00,4.790082427476464177e-01,0.000000000000000000e+00,0.000000000000000000e+00,0.000000000000000000e+00,0.000000000000000000e+00,3.891283212401540070e-01,0.000000000000000000e+00,5.056988700483150412e-01,5.651302022007977932e-01,5.373423869390702157e-01,5.190159079464280456e-01,5.419057646931020322e-01,0.000000000000000000e+00,5.269729210034314049e-01,0.000000000000000000e+00,5.380591955350926270e-01,4.987829603356034869e-01,0.000000000000000000e+00,0.000000000000000000e+00,0.000000000000000000e+00,0.000000000000000000e+00,5.378045027249946930e-01,0.000000000000000000e+00,0.000000000000000000e+00,0.000000000000000000e+00,5.627227296214707408e-01,0.000000000000000000e+00,0.000000000000000000e+00,0.000000000000000000e+00,5.635944352761660392e-01,5.307555513714750095e-01,0.000000000000000000e+00,0.000000000000000000e+00,0.000000000000000000e+00
4.351344005811967897e-01,4.185250272293485896e-01,3.950330886587052892e-01,5.180400821604933537e-01,0.000000000000000000e+00,3.961204387011540984e-01,4.467567595304680061e-01,4.101806312894976103e-01,3.855997717151959936e-01,4.022073587893046920e-01,0.000000000000000000e+00,4.029927330533640273e-01,4.230638674703220969e-01,4.901039302349091131e-01,3.529466480106637216e-01,4.320826982303576091e-01,4.134010250563118216e-01,4.222167661761239144e-01,0.000000000000000000e+00,0.000000000000000000e+00,4.349280648081598200e-01,3.906473715298229843e-01,3.588724331062079220e-01,4.973814168137520864e-01,4.077486502809651858e-01,4.282930904842670028e-01,3.714240161936336881e-01,3.946510321744953753e-01,3.599447870742519817e-01,3.870510788121444001e-01,4.030910760356793965e-01,4.422272524690232798e-01,4.039634450063243065e-01,4.457961550466474909e-01,4.871748843949696983e-01,5.089213844575095624e-01,4.774329256802332111e-01,0.000000000000000000e+00,5.050582488853682106e-01,4.808888568589699264e-01,5.168347783517230898e-01,5.248529483139054985e-01,5.079453190782885486e-01,6.002510190010070801e-01,0.000000000000000000e+00,0.000000000000000000e+00,4.556075536537474990e-01,4.888705765611173204e-01,0.000000000000000000e+00,0.000000000000000000e+00,5.036827563306435218e-01,5.003121113789010810e-01,5.163535283839784107e-01,0.000000000000000000e+00,4.918272519525476172e-01,0.000000000000000000e+00,0.000000000000000000e+00,5.090073212335181063e-01,0.000000000000000000e+00,5.025610689267804299e-01,4.533753469696614191e-01,0.000000000000000000e+00,4.503866548374885759e-01,0.000000000000000000e+00,4.999810915152018143e-01,4.926384057343269895e-01,4.719332425928470798e-01,5.302117805934812855e-01,0.000000000000000000e+00,4.421896927665998067e-01,4.747298703487066729e-01,5.227023744843183328e-01,5.177492902016342935e-01,5.048867724290772019e-01,5.215321766850853358e-01,5.027957707708016200e-01
4.362265003108046213e-01,4.240116438373706109e-01,0.000000000000000000e+00,0.000000000000000000e+00,0.000000000000000000e+00,4.318518363502553137e-01,4.793051751818317996e-01,4.548650081622092056e-01,0.000000000000000000e+00,4.544469603848572126e-01,0.000000000000000000e+00,4.822359156677845093e-01,4.722474844917151082e-01,4.802917547770739204e-01,4.028793436496931890e-01,4.133423658467386130e-01,0.000000000000000000e+00,4.073584395431931737e-01,0.000000000000000000e+00,4.349280648081598200e-01,0.000000000000000000e+00,4.499629761272558870e-01,4.087742816232901033e-01,4.974157745039448075e-01,4.091421248738857930e-01,4.162840347104482253e-01,4.395907239438202052e-01,4.558397892627018000e-01,4.262507448395098097e-01,4.509379602117510877e-01,4.368937664934999798e-01,4.456358944798132771e-01,4.132831941072260262e-01,4.471503195556167931e-01,4.818082881027336839e-01,4.832687005779954803e-01,0.000000000000000000e+00,0.000000000000000000e+00,4.873907165954631249e-01,0.000000000000000000e+00,4.977869005292359095e-01,5.203273470797576961e-01,0.000000000000000000e+00,0.000000000000000000e+00,0.000000000000000000e+00,3.778075600385851218e-01,4.692595307450810882e-01,0.000000000000000000e+00,0.000000000000000000e+00,0.000000000000000000e+00,4.663410981760852114e-01,0.000000000000000000e+00,4.775008689318452904e-01,0.000000000000000000e+00,0.000000000000000000e+00,0.000000000000000000e+00,0.000000000000000000e+00,4.869180765686311751e-01,0.000000000000000000e+00,4.923710516999115216e-01,4.530739062964728170e-01,0.000000000000000000e+00,4.303564372195254895e-01,0.000000000000000000e+00,4.886950687471635080e-01,4.323578396446096095e-01,4.881243124298341174e-01,4.835600584955391246e-01,0.000000000000000000e+00,4.476257596937476269e-01,4.874811508555302875e-01,5.189520547776572679e-01,4.972113167726964766e-01,4.832215408518628075e-01,4.841177861776658764e-01,4.883531123389677764e-01
