0.000000000000000000e+00,4.101663091373751180e-01,5.282338814417876227e-01,0.000000000000000000e+00,0.000000000000000000e+00,4.601394753080536026e-01,4.464788777766002248e-01,5.628910873486205890e-01,0.000000000000000000e+00,4.098071645864265200e-01,0.000000000000000000e+00,4.000732957740881779e-01,4.479684176091540126e-01,0.000000000000000000e+00,4.351659505298656749e-01,4.124434426321497149e-01,3.784638063276483111e-01,3.784977804582003724e-01,0.000000000000000000e+00,4.696266454264843015e-01,4.810405906987608171e-01,4.224000104060521843e-01,5.226548914502959775e-01,3.686093747333160087e-01,3.797800505399063775e-01,3.876221994492490275e-01,5.005146931082923301e-01,4.623172381650291207e-01,4.685330454874878092e-01,0.000000000000000000e+00,3.885756704524667149e-01,4.537700697296828123e-01,3.535851221521911780e-01,3.882532843875283746e-01,4.368579246354545864e-01,0.000000000000000000e+00,0.000000000000000000e+00,4.611485554292155120e-01,4.858254441469507801e-01,4.467702306146774105e-01,4.639011740021642960e-01,0.000000000000000000e+00,0.000000000000000000e+00,0.000000000000000000e+00,0.000000000000000000e+00,3.780843892893022140e-01,4.791619838725427183e-01,0.000000000000000000e+00,0.000000000000000000e+00,0.000000000000000000e+00,0.000000000000000000e+00,0.000000000000000000e+00,0.000000000000000000e+00,0.000000000000000000e+00,4.814669532957788767e-01,0.000000000000000000e+00,4.279813218540944875e-01,0.000000000000000000e+00,0.000000000000000000e+00,0.000000000000000000e+00,4.855009174714242093e-01,3.954281983644823972e-01,4.600900273242449767e-01,0.000000000000000000e+00,0.000000000000000000e+00,4.150447649284564888e-01,4.747367691741197215e-01,0.000000000000000000e+00,3.558026567278013141e-01,4.688627427884975996e-01,4.703598647014828882e-01,0.000000000000000000e+00,0.000000000000000000e+00,0.000000000000000000e+00,0.000000000000000000e+00,4.049474895000457764e-01
4.101663091373751180e-01,0.000000000000000000e+00,4.274328131129461195e-01,0.000000000000000000e+00,4.160189054870825909e-01,4.176075405344005786e-01,4.373626252660183789e-01,4.790988647393846778e-01,4.088175479768503817e-01,3.705346455791513893e-01,0.000000000000000000e+00,3.663927602849382237e-01,4.378232616027135093e-01,0.000000000000000000e+00,4.535727702778657999e-01,4.126765568286764885e-01,3.986657235487562900e-01,3.992951474705587755e-01,0.000000000000000000e+00,4.241960616629787961e-01,4.406394873138378965e-01,4.327059647307400780e-01,4.526262290567795166e-01,3.637546891152089179e-01,3.879331949479942754e-01,4.039395305788044954e-01,4.272378182029457072e-01,4.489711715215566890e-01,4.218363935450277213e-01,4.343345622566792130e-01,3.929449229298876967e-01,4.639580238928097122e-01,3.632882768844108989e-01,3.983510371832720831e-01,4.493601451980592243e-01,0.000000000000000000e+00,0.000000000000000000e+00,0.000000000000000000e+00,4.866519488602483734e-01,4.380695237726761060e-01,4.575101707267077988e-01,4.779210253819181076e-01,0.000000000000000000e+00,0.000000000000000000e+00,0.000000000000000000e+00,4.903254343629300793e-01,4.830045937210952212e-01,0.000000000000000000e+00,0.000000000000000000e+00,0.000000000000000000e+00,4.807598220887879248e-01,0.000000000000000000e+00,4.885095437140122843e-01,0.000000000000000000e+00,4.392946015520364789e-01,0.000000000000000000e+00,0.000000000000000000e+00,4.694244291852476270e-01,0.000000000000000000e+00,5.076433380989158195e-01,4.786525910978994824e-01,4.464148079249347090e-01,4.645775403925286873e-01,0.000000000000000000e+00,4.912078525588984834e-01,4.948583148929898146e-01,4.772266909442249849e-01,5.067148269192809362e-01,4.845963437193566148e-01,4.678735738271965205e-01,5.002104928589189425e-01,5.018138964521411394e-01,5.124117797090464999e-01,4.971541397615890090e-01,0.000000000000000000e+00,4.615504937965034249e-01
5.282338814417876227e-01,4.274328131129461195e-01,0.000000000000000000e+00,4.306281295379851826e-01,3.961786662290652239e-01,3.816476756216415911e-01,4.576409305944090233e-01,4.903526603534409944e-01,3.114100459245687791e-01,4.968558510827109087e-01,3.129432022392490964e-01,4.856103608823862938e-01,4.770344822117643102e-01,4.319352649849099168e-01,0.000000000000000000e+00,4.460797517683395830e-01,5.070810711820934458e-01,4.761585404447027936e-01,2.661462639308260769e-01,0.000000000000000000e+00,4.573546012932679927e-01,4.468074931225343160e-01,3.646439964442909076e-01,4.535649291156237939e-01,4.157556776299021206e-01,4.654756443214548844e-01,3.252428996132348815e-01,4.824290630003542080e-01,4.264427987956880828e-01,4.833147931539883979e-01,5.016138675482859632e-01,4.556348530811855091e-01,4.616621127972577732e-01,4.938204640058788120e-01,4.910430183239847812e-01,4.123474051709323795e-01,4.687553176957949819e-01,4.713308336763080142e-01,5.244070680532892936e-01,4.665583996145339918e-01,5.482113647135486989e-01,4.779598176447842905e-01,5.196757723659272132e-01,0.000000000000000000e+00,0.000000000000000000e+00,0.000000000000000000e+00,0.000000000000000000e+00,5.210907734344586428e-01,0.000000000000000000e+00,5.899718524390829000e-01,5.876959980007883111e-01,5.931921228434730020e-01,5.500950454413618962e-01,5.903440102055188543e-01,0.000000000000000000e+00,5.457691027397786332e-01,0.000000000000000000e+00,5.699205985437451050e-01,5.133481876363735763e-01,0.000000000000000000e+00,0.000000000000000000e+00,0.000000000000000000e+00,0.000000000000000000e+00,4.079403743026537854e-01,0.000000000000000000e+00,0.000000000000000000e+00,0.000000000000000000e+00,5.934026689442740699e-01,0.000000000000000000e+00,0.000000000000000000e+00,0.000000000000000000e+00,5.888394174738083020e-01,5.811926144554231399e-01,5.390377974743861822e-01,0.000000000000000000e+00,5.822582303212741062e-01
0.000000000000000000e+00,0.000000000000000000e+00,4.306281295379851826e-01,0.000000000000000000e+00,3.178758778095018833e-01,4.750941039755141038e-01,3.273412870093859173e-01,4.486326353110626219e-01,4.695930410580608227e-01,2.124083489179610928e-01,4.135419132572782930e-01,0.000000000000000000e+00,4.036807575361445188e-01,3.966710044587374862e-01,0.000000000000000000e+00,0.000000000000000000e+00,0.000000000000000000e+00,0.000000000000000000e+00,4.087419816953253848e-01,0.000000000000000000e+00,0.000000000000000000e+00,0.000000000000000000e+00,4.592961746790050204e-01,0.000000000000000000e+00,0.000000000000000000e+00,0.000000000000000000e+00,0.000000000000000000e+00,3.394156171987506854e-01,0.000000000000000000e+00,0.000000000000000000e+00,0.000000000000000000e+00,3.395307800075558213e-01,0.000000000000000000e+00,0.000000000000000000e+00,3.915896983513673102e-01,2.870301165604050020e-01,2.468872442166402115e-01,0.000000000000000000e+00,0.000000000000000000e+00,0.000000000000000000e+00,0.000000000000000000e+00,0.000000000000000000e+00,0.000000000000000000e+00,0.000000000000000000e+00,0.000000000000000000e+00,0.000000000000000000e+00,0.000000000000000000e+00,0.000000000000000000e+00,0.000000000000000000e+00,0.000000000000000000e+00,0.000000000000000000e+00,0.000000000000000000e+00,0.000000000000000000e+00,0.000000000000000000e+00,0.000000000000000000e+00,0.000000000000000000e+00,0.000000000000000000e+00,0.000000000000000000e+00,0.000000000000000000e+00,0.000000000000000000e+00,0.000000000000000000e+00,0.000000000000000000e+00,0.000000000000000000e+00,0.000000000000000000e+00,0.000000000000000000e+00,0.000000000000000000e+00,0.000000000000000000e+00,0.000000000000000000e+00,0.000000000000000000e+00,0.000000000000000000e+00,0.000000000000000000e+00,0.000000000000000000e+00,0.000000000000000000e+00,0.000000000000000000e+00,0.000000000000000000e+00,0.000000000000000000e+00
0.000000000000000000e+00,4.160189054870825909e-01,3.961786662290652239e-01,3.178758778095018833e-01,0.000000000000000000e+00,4.064160498497481067e-01,3.842985640347286180e-01,4.763754473471751849e-01,3.586633120684252773e-01,5.171964596043479023e-01,3.535433077474828822e-01,4.928740002258775177e-01,4.349710408642524229e-01,3.496030532266810043e-01,0.000000000000000000e+00,4.481871994186211738e-01,5.021568791377214458e-01,4.963924056342453039e-01,3.664687013621220069e-01,4.257782798494965104e-01,4.173738597543549811e-01,4.398492091966461071e-01,4.398655960422860889e-01,4.741993193085429215e-01,4.473273128691692135e-01,4.535818348633275932e-01,4.090447522149345816e-01,4.139778869443537790e-01,4.162916294783142734e-01,4.738031637258374174e-01,5.095101779088221372e-01,4.413329183611638951e-01,4.627760629287402949e-01,4.905062051460136185e-01,4.843848604358029775e-01,3.213165000534128901e-01,2.979187260525900105e-01,4.831915128756765210e-01,5.135318496651420928e-01,4.292713533118873159e-01,5.132117692861822844e-01,4.884554188364430005e-01,5.087219247234942010e-01,0.000000000000000000e+00,0.000000000000000000e+00,0.000000000000000000e+00,0.000000000000000000e+00,5.762206649362110467e-01,0.000000000000000000e+00,5.810184593826674959e-01,5.686384858535509235e-01,5.741701685367264218e-01,5.237464179037805145e-01,5.750849757462435097e-01,0.000000000000000000e+00,5.315784681204853701e-01,0.000000000000000000e+00,5.627289673292984462e-01,4.103912798283627095e-01,0.000000000000000000e+00,0.000000000000000000e+00,0.000000000000000000e+00,0.000000000000000000e+00,5.583068367577502800e-01,5.187972681908754602e-01,0.000000000000000000e+00,0.000000000000000000e+00,5.711997059956884781e-01,0.000000000000000000e+00,0.000000000000000000e+00,4.846127298786556126e-01,5.691905756914077408e-01,5.596028960974276378e-01,5.316741073657633709e-01,0.000000000000000000e+00,5.659622362501911530e-01
4.601394753080536026e-01,4.176075405344005786e-01,3.816476756216415911e-01,4.750941039755141038e-01,4.064160498497481067e-01,0.000000000000000000e+00,4.322683379283410177e-01,4.523792838509296255e-01,3.514973711846888782e-01,5.084319606333468355e-01,4.256018351881800110e-01,4.810525082955541820e-01,3.996711830739583804e-01,4.731240275367533110e-01,4.328273130222234921e-01,4.468623436060559784e-01,4.693137845318235968e-01,4.366800992626740929e-01,4.442336036521051246e-01,4.060608987652143953e-01,4.532503170299663209e-01,4.362577702684510839e-01,3.668896705726967244e-01,4.594167729428189073e-01,4.148740864236685755e-01,4.463819462713651820e-01,3.389179697453709728e-01,3.962011277688303190e-01,3.435365308138422225e-01,4.338908605656919271e-01,4.627686930118429798e-01,4.461324283318784945e-01,4.027913630270271161e-01,4.670712998496738266e-01,4.615439115265707049e-01,5.055212670233563133e-01,4.868876283970863805e-01,4.849307861672829123e-01,5.333412446423140274e-01,4.290230482914446086e-01,5.306443474200472910e-01,5.024926511872791490e-01,5.191770423593435879e-01,0.000000000000000000e+00,0.000000000000000000e+00,0.000000000000000000e+00,4.523234498425466876e-01,5.827248744431261507e-01,0.000000000000000000e+00,5.751464468435142363e-01,5.553230292004357471e-01,5.688077435564358186e-01,5.020639804505863113e-01,5.814521699466416171e-01,0.000000000000000000e+00,5.512447958074910837e-01,0.000000000000000000e+00,5.570852087791249296e-01,0.000000000000000000e+00,5.114079764587462495e-01,4.585515758895509775e-01,0.000000000000000000e+00,0.000000000000000000e+00,5.815238169112687538e-01,5.057746828473407286e-01,5.082418772582151245e-01,4.838631313666362788e-01,5.529667985664247221e-01,0.000000000000000000e+00,4.394035913996068854e-01,4.723468562106927782e-01,5.426529890123608091e-01,5.436549628479794283e-01,5.241190870170910898e-01,5.873016134832306223e-01,5.474702770413980568e-01
4.464788777766002248e-01,4.373626252660183789e-01,4.576409305944090233e-01,3.273412870093859173e-01,3.842985640347286180e-01,4.322683379283410177e-01,0.000000000000000000e+00,4.830987848064359214e-01,4.290450434209527875e-01,4.561148929122630924e-01,4.734179979514341885e-01,4.519209153577177784e-01,3.681418911449009790e-01,3.717269132866354853e-01,0.000000000000000000e+00,4.763702934141649803e-01,4.530991768140303910e-01,4.552761787467317078e-01,4.801115419626852954e-01,4.534664296013438123e-01,4.738176469203442265e-01,4.713001735679949733e-01,4.526034618798993048e-01,4.292353767926901931e-01,4.398615926668388854e-01,4.530461059393596224e-01,4.395601734030927243e-01,4.001272817269183046e-01,4.470268518319989171e-01,4.688506244446474236e-01,4.314114985851141837e-01,4.697500631928751003e-01,4.238386962034402239e-01,4.373480801796508222e-01,4.416301161078218795e-01,3.893871356630028147e-01,3.679357094678306073e-01,4.269951883904586909e-01,5.363916110554619587e-01,4.094754806607865949e-01,4.627138457311472108e-01,4.621385740410879905e-01,5.268000702479564978e-01,0.000000000000000000e+00,0.000000000000000000e+00,0.000000000000000000e+00,4.607402989144684935e-01,5.864591593407983972e-01,0.000000000000000000e+00,5.763662090164884955e-01,5.627354128692819701e-01,5.771951105062422815e-01,5.215058350917518570e-01,5.868907780983466660e-01,4.658220020908072079e-01,5.559051482435386493e-01,4.576679353264612726e-01,5.635496925729013284e-01,0.000000000000000000e+00,0.000000000000000000e+00,0.000000000000000000e+00,0.000000000000000000e+00,0.000000000000000000e+00,5.785159237947941069e-01,5.067694761068666232e-01,0.000000000000000000e+00,5.193485963798067928e-01,5.679496632312267534e-01,0.000000000000000000e+00,0.000000000000000000e+00,4.734548752577446007e-01,5.587132327071065996e-01,5.636740370601467376e-01,5.376283698594563898e-01,0.000000000000000000e+00,5.645856988083352013e-01
5.628910873486205890e-01,4.790988647393846778e-01,4.903526603534409944e-01,4.486326353110626219e-01,4.763754473471751849e-01,4.523792838509296255e-01,4.830987848064359214e-01,0.000000000000000000e+00,5.049350787408108943e-01,5.199593774587768502e-01,3.316541796399790076e-01,5.243209091226990193e-01,4.791398850660619768e-01,4.161971993908155087e-01,4.568636277744589913e-01,5.050806854890161901e-01,4.969952671198185068e-01,4.895205525267781188e-01,4.194908960603981884e-01,4.342133201662414232e-01,4.550680822846914220e-01,4.724466603836676160e-01,4.088271922082378218e-01,5.488328922616011463e-01,5.052294372305842218e-01,5.191936633718582383e-01,4.505835135537263891e-01,4.625241341669015793e-01,4.213203092191941113e-01,4.590599901996100796e-01,4.845975269344410807e-01,3.980279763717092800e-01,4.725433115349801927e-01,4.946135408609271811e-01,5.045011072298849486e-01,3.946925943475008136e-01,4.065395499637026733e-01,0.000000000000000000e+00,4.844116015196187064e-01,5.039683046224301410e-01,5.227608404031777178e-01,5.500158665448080519e-01,4.824451273247448158e-01,0.000000000000000000e+00,0.000000000000000000e+00,4.803235563624020932e-01,5.231029024194175925e-01,5.478206607714146692e-01,0.000000000000000000e+00,5.518491320580154458e-01,5.323987455735038621e-01,5.490926617005396082e-01,3.941342856529431726e-01,5.454664087363606528e-01,0.000000000000000000e+00,4.711156285629881091e-01,0.000000000000000000e+00,5.348251771194723059e-01,0.000000000000000000e+00,5.478739833894996636e-01,5.210501536835318026e-01,0.000000000000000000e+00,0.000000000000000000e+00,5.241556101405214774e-01,5.375025469038550163e-01,4.276582147182755866e-01,0.000000000000000000e+00,5.084707821782625814e-01,0.000000000000000000e+00,5.042047571083621005e-01,5.085207917817832213e-01,5.200139247176107649e-01,5.190427420147586401e-01,5.171146659037860749e-01,5.006917934556469607e-01,5.322776539828361075e-01
0.000000000000000000e+00,4.088175479768503817e-01,3.114100459245687791e-01,4.695930410580608227e-01,3.586633120684252773e-01,3.514973711846888782e-01,4.290450434209527875e-01,5.049350787408108943e-01,0.000000000000000000e+00,5.229879676582243064e-01,3.119050389009466184e-01,5.093424439051427166e-01,4.343299252460868787e-01,4.480950711318488766e-01,0.000000000000000000e+00,4.451400362108319242e-01,5.170465637911062506e-01,4.904167176141556173e-01,3.033968082151126122e-01,4.188192510761534204e-01,0.000000000000000000e+00,4.383778074857123119e-01,4.218534631296734227e-01,4.936384031974743181e-01,4.669563603251783990e-01,4.786077236610549734e-01,3.691315066163700087e-01,4.859724225958246824e-01,4.154008263806012735e-01,4.919978943144256989e-01,5.192358351909689418e-01,4.788087286964026745e-01,4.755625435580250193e-01,5.129920242403860353e-01,4.990680777869275220e-01,4.651227118075899059e-01,4.928912295989921755e-01,4.882855704644715189e-01,5.349218182041981517e-01,4.658973665166479816e-01,5.178764538996016853e-01,4.945256469390285070e-01,5.178394130949406371e-01,0.000000000000000000e+00,4.678601092472527978e-01,0.000000000000000000e+00,4.356361620257017120e-01,5.859872959008680660e-01,0.000000000000000000e+00,5.787070820601917243e-01,5.759795365287562197e-01,5.821775006656016993e-01,5.428724583230486456e-01,5.834092964150703331e-01,4.683459957402100193e-01,5.477919789587555321e-01,4.524542761010357794e-01,5.713816700251277414e-01,5.258905107893548925e-01,0.000000000000000000e+00,0.000000000000000000e+00,0.000000000000000000e+00,0.000000000000000000e+00,5.757435220458946290e-01,4.948523949815837875e-01,0.000000000000000000e+00,0.000000000000000000e+00,5.826664733589097533e-01,0.000000000000000000e+00,0.000000000000000000e+00,4.606993972657010827e-01,5.788668469192262966e-01,5.702353194165854511e-01,5.359650880846308363e-01,0.000000000000000000e+00,5.760833585083187103e-01
4.098071645864265200e-01,3.705346455791513893e-01,4.968558510827109087e-01,2.124083489179610928e-01,5.171964596043479023e-01,5.084319606333468355e-01,4.561148929122630924e-01,5.199593774587768502e-01,5.229879676582243064e-01,0.000000000000000000e+00,5.196174492710604609e-01,2.814035953414105173e-01,4.702358921291319160e-01,4.826706749687976195e-01,0.000000000000000000e+00,3.977322502702357876e-01,3.228936501516314062e-01,3.541602310531148934e-01,5.099890675798451900e-01,4.470278598729112152e-01,4.895869490025622772e-01,4.220411669071894023e-01,5.033001490549581236e-01,3.311296468721797726e-01,3.135540417136646885e-01,3.323292264149946273e-01,4.929557774946142779e-01,4.489739958760213256e-01,4.687209409335532095e-01,4.898207653496893799e-01,3.528190568738809874e-01,4.237697040073851729e-01,3.426597553217284875e-01,3.334251065057903807e-01,3.161442335807568838e-01,4.553540908331981107e-01,2.797537007531444853e-01,3.071846316142560207e-01,3.414164541285117926e-01,5.011033825037607414e-01,3.509213936642486820e-01,3.449426880596638822e-01,0.000000000000000000e+00,0.000000000000000000e+00,4.231191951227684100e-01,0.000000000000000000e+00,0.000000000000000000e+00,0.000000000000000000e+00,0.000000000000000000e+00,0.000000000000000000e+00,5.569797716027565793e-01,0.000000000000000000e+00,0.000000000000000000e+00,0.000000000000000000e+00,5.089163675437968770e-01,0.000000000000000000e+00,4.988098840958686830e-01,3.747210695139838177e-01,0.000000000000000000e+00,0.000000000000000000e+00,0.000000000000000000e+00,4.932373899215671820e-01,4.914611612347423164e-01,0.000000000000000000e+00,0.000000000000000000e+00,0.000000000000000000e+00,0.000000000000000000e+00,5.667938607226924441e-01,4.315285396813121066e-01,4.991425599817425063e-01,4.958168920585848127e-01,5.555030041255225592e-01,3.315097802551140171e-01,5.531875890721266176e-01,0.000000000000000000e+00,5.077839457394900391e-01
0.000000000000000000e+00,0.000000000000000000e+00,3.129432022392490964e-01,4.135419132572782930e-01,3.535433077474828822e-01,4.256018351881800110e-01,4.734179979514341885e-01,3.316541796399790076e-01,3.119050389009466184e-01,5.196174492710604609e-01,0.000000000000000000e+00,5.064428067660351473e-01,5.034095485335657871e-01,3.283309334054357875e-01,0.000000000000000000e+00,0.000000000000000000e+00,5.061868715267624497e-01,5.026501989657543579e-01,2.665203168455761995e-01,0.000000000000000000e+00,0.000000000000000000e+00,0.000000000000000000e+00,3.246351986885924190e-01,4.452623101080506740e-01,5.100140723801388498e-01,5.014768745260087535e-01,3.817274217362058852e-01,5.025754006638717408e-01,0.000000000000000000e+00,5.124280046147321466e-01,5.241348100639179330e-01,4.397246019527886185e-01,4.789909249120382073e-01,5.074006889858506675e-01,4.829205036184575084e-01,3.414089394882569017e-01,3.965776466152410862e-01,4.750681863139993855e-01,4.155753432173678874e-01,4.339929832985590097e-01,4.694178484978773214e-01,4.925394992288776863e-01,4.291414205593205855e-01,0.000000000000000000e+00,4.601348556824603753e-01,0.000000000000000000e+00,0.000000000000000000e+00,5.301579017216797585e-01,0.000000000000000000e+00,5.159411307276328129e-01,5.344631794041529993e-01,5.333237302558975212e-01,4.726317817939911237e-01,5.321337126796623629e-01,4.669763565425740781e-01,2.727779466099323757e-01,4.687911899017435102e-01,5.148128935595093214e-01,4.402022054009059882e-01,0.000000000000000000e+00,0.000000000000000000e+00,0.000000000000000000e+00,0.000000000000000000e+00,3.260764749810005081e-01,0.000000000000000000e+00,0.000000000000000000e+00,0.000000000000000000e+00,5.335009480302632667e-01,0.000000000000000000e+00,0.000000000000000000e+00,0.000000000000000000e+00,5.433816945514720054e-01,5.288918312464635507e-01,4.709450475076852882e-01,0.000000000000000000e+00,0.000000000000000000e+00
4.000732957740881779e-01,3.663927602849382237e-01,4.856103608823862938e-01,0.000000000000000000e+00,4.928740002258775177e-01,4.810525082955541820e-01,4.519209153577177784e-01,5.243209091226990193e-01,5.093424439051427166e-01,2.814035953414105173e-01,5.064428067660351473e-01,0.000000000000000000e+00,4.614091068844458077e-01,0.000000000000000000e+00,0.000000000000000000e+00,3.906387447696821891e-01,3.613182016355325210e-01,3.695024635508242228e-01,5.062659440322372362e-01,0.000000000000000000e+00,4.843591440961699246e-01,3.928600722922804822e-01,4.976225713380159066e-01,2.783960410241678174e-01,3.489366842252988876e-01,3.032083754119326846e-01,4.725670776874871248e-01,4.417663885067585894e-01,0.000000000000000000e+00,0.000000000000000000e+00,3.951606094506471267e-01,3.062806239644160211e-01,3.297329158641674751e-01,2.907351511057517102e-01,3.185952369916993931e-01,3.772492739697129727e-01,2.797598329670495931e-01,2.639641691589831862e-01,3.301094843412952784e-01,4.994455484672353784e-01,3.238192105978144886e-01,2.959965329430914727e-01,3.908761961427891229e-01,2.351215822878311990e-01,4.085904568407570103e-01,0.000000000000000000e+00,0.000000000000000000e+00,0.000000000000000000e+00,0.000000000000000000e+00,0.000000000000000000e+00,0.000000000000000000e+00,3.855844655539620858e-01,0.000000000000000000e+00,0.000000000000000000e+00,5.066276693078767268e-01,0.000000000000000000e+00,4.799684865184781213e-01,4.073680878403853067e-01,0.000000000000000000e+00,0.000000000000000000e+00,0.000000000000000000e+00,4.991832586896929880e-01,4.865571711014610168e-01,0.000000000000000000e+00,0.000000000000000000e+00,0.000000000000000000e+00,0.000000000000000000e+00,5.139948725700378418e-01,4.161673427971742112e-01,4.952057305193930947e-01,4.928324118009407839e-01,0.000000000000000000e+00,0.000000000000000000e+00,0.000000000000000000e+00,0.000000000000000000e+00,5.216966356359961088e-01
4.479684176091540126e-01,4.378232616027135093e-01,4.770344822117643102e-01,4.036807575361445188e-01,4.349710408642524229e-01,3.996711830739583804e-01,3.681418911449009790e-01,4.791398850660619768e-01,4.343299252460868787e-01,4.702358921291319160e-01,5.034095485335657871e-01,4.614091068844458077e-01,0.000000000000000000e+00,4.214888495330588181e-01,4.510646688047124098e-01,4.803136128073129951e-01,4.641070018653070117e-01,4.581695798538896192e-01,4.955465936485153877e-01,4.462831912317126726e-01,4.606867802453871175e-01,4.675127952750691152e-01,4.599628744228703159e-01,4.491799317790379220e-01,4.479672582593078878e-01,4.539751869144684759e-01,4.471976599003081865e-01,3.665770839850955864e-01,4.251723756600386817e-01,4.241915466302825233e-01,4.411121239914350123e-01,4.654611494405487271e-01,4.322588004904208137e-01,4.473454083072785914e-01,4.448174873379698857e-01,4.576242740443802193e-01,4.403459656832847124e-01,4.432532571722351267e-01,5.009383860748526374e-01,4.219774691041044967e-01,4.313904900915099816e-01,4.597867774295782972e-01,5.300612034988293475e-01,0.000000000000000000e+00,4.196374887742599924e-01,0.000000000000000000e+00,4.598878227974234068e-01,5.747200808836763208e-01,0.000000000000000000e+00,5.667018138963065832e-01,5.525880274108306844e-01,5.259954591118273237e-01,5.229619860187531000e-01,5.694400779402432056e-01,4.187021690840643240e-01,5.491619005190342406e-01,4.091079051041293102e-01,5.330463312933295672e-01,0.000000000000000000e+00,5.102733259407489230e-01,4.688127373285790878e-01,0.000000000000000000e+00,0.000000000000000000e+00,5.704840828935029418e-01,5.121972876062487190e-01,5.416374175744732566e-01,4.919075829696135105e-01,5.561527775309316191e-01,4.042665660381317139e-01,4.621246184753332042e-01,4.768459304643691277e-01,5.449659760119687224e-01,5.575735639215217976e-01,5.321805600363593847e-01,0.000000000000000000e+00,5.527999482583750845e-01
0.000000000000000000e+00,0.000000000000000000e+00,4.319352649849099168e-01,3.966710044587374862e-01,3.496030532266810043e-01,4.731240275367533110e-01,3.717269132866354853e-01,4.161971993908155087e-01,4.480950711318488766e-01,4.826706749687976195e-01,3.283309334054357875e-01,0.000000000000000000e+00,4.214888495330588181e-01,0.000000000000000000e+00,0.000000000000000000e+00,0.000000000000000000e+00,0.000000000000000000e+00,0.000000000000000000e+00,3.763930812813702786e-01,0.000000000000000000e+00,0.000000000000000000e+00,0.000000000000000000e+00,4.500002517922906953e-01,0.000000000000000000e+00,0.000000000000000000e+00,0.000000000000000000e+00,4.756999971435723062e-01,3.756982847808916226e-01,0.000000000000000000e+00,0.000000000000000000e+00,5.526260054213106843e-01,3.711632245420424803e-01,0.000000000000000000e+00,5.358649419686007942e-01,5.877473354339599609e-01,3.105255800616911199e-01,2.452260792670155065e-01,0.000000000000000000e+00,3.834407233149232930e-01,0.000000000000000000e+00,0.000000000000000000e+00,0.000000000000000000e+00,0.000000000000000000e+00,0.000000000000000000e+00,0.000000000000000000e+00,0.000000000000000000e+00,0.000000000000000000e+00,5.051363711990175531e-01,0.000000000000000000e+00,4.920192860084813824e-01,0.000000000000000000e+00,0.000000000000000000e+00,0.000000000000000000e+00,5.049864066574418775e-01,0.000000000000000000e+00,4.393999387847877802e-01,0.000000000000000000e+00,0.000000000000000000e+00,4.121560156345366877e-01,0.000000000000000000e+00,0.000000000000000000e+00,0.000000000000000000e+00,0.000000000000000000e+00,4.818434609489766207e-01,0.000000000000000000e+00,0.000000000000000000e+00,0.000000000000000000e+00,5.100405103762362113e-01,0.000000000000000000e+00,0.000000000000000000e+00,0.000000000000000000e+00,5.183518693069600891e-01,0.000000000000000000e+00,0.000000000000000000e+00,0.000000000000000000e+00,0.000000000000000000e+00
4.351659505298656749e-01,4.535727702778657999e-01,0.000000000000000000e+00,0.000000000000000000e+00,0.000000000000000000e+00,4.328273130222234921e-01,0.000000000000000000e+00,4.568636277744589913e-01,0.000000000000000000e+00,0.000000000000000000e+00,0.000000000000000000e+00,0.000000000000000000e+00,4.510646688047124098e-01,0.000000000000000000e+00,0.000000000000000000e+00,4.663916142400728049e-01,0.000000000000000000e+00,4.470880178395196802e-01,0.000000000000000000e+00,3.503021582317580873e-01,4.032804717593297950e-01,4.156364913370790837e-01,3.922191106634885238e-01,5.119064097178036565e-01,4.305457234787816723e-01,3.793953656887346093e-01,3.892857963025995183e-01,4.173987247879302198e-01,4.131488477634979173e-01,4.265594421209448206e-01,4.646377604552425211e-01,4.841123579400928856e-01,4.414214387116954796e-01,4.844621088525242203e-01,5.278778749446321195e-01,5.683008235862860857e-01,4.789483234612529894e-01,0.000000000000000000e+00,5.324126799345209049e-01,5.119178030087742082e-01,5.229437441700003353e-01,5.486090801130527606e-01,4.765125794138220239e-01,5.619823932647705078e-01,0.000000000000000000e+00,4.760879206020858789e-01,5.204485949581062476e-01,0.000000000000000000e+00,0.000000000000000000e+00,0.000000000000000000e+00,4.943044698737825149e-01,0.000000000000000000e+00,5.348990180547362749e-01,0.000000000000000000e+00,0.000000000000000000e+00,0.000000000000000000e+00,3.927919864654541016e-01,5.192123654984250880e-01,0.000000000000000000e+00,5.494474675180897050e-01,5.066749565862291860e-01,0.000000000000000000e+00,4.890837186055094765e-01,0.000000000000000000e+00,5.324859467933998891e-01,5.236426735759215356e-01,5.504937868966964798e-01,5.292069890672947974e-01,0.000000000000000000e+00,5.044961025722581871e-01,5.556060947879826184e-01,5.230689587275001440e-01,5.261452832526707368e-01,5.109544963512421267e-01,0.000000000000000000e+00,5.061799535101224601e-01
4.124434426321497149e-01,4.126765568286764885e-01,4.460797517683395830e-01,0.000000000000000000e+00,4.481871994186211738e-01,4.468623436060559784e-01,4.763702934141649803e-01,5.050806854890161901e-01,4.451400362108319242e-01,3.977322502702357876e-01,0.000000000000000000e+00,3.906387447696821891e-01,4.803136128073129951e-01,0.000000000000000000e+00,4.663916142400728049e-01,0.000000000000000000e+00,4.077495008296960766e-01,3.784189082177030761e-01,0.000000000000000000e+00,4.230482314059685889e-01,4.475360450135941748e-01,4.032787613635627211e-01,4.787284440076388092e-01,3.864090529683459896e-01,3.709305893424972855e-01,4.318364407120843240e-01,4.464963716571105912e-01,4.639115541615139171e-01,4.480450339909161084e-01,4.554739720119809210e-01,3.955839131575424883e-01,4.789556207892529116e-01,3.819311344800528918e-01,4.084209442599702755e-01,4.302312797782900100e-01,0.000000000000000000e+00,0.000000000000000000e+00,0.000000000000000000e+00,4.818697623644058181e-01,4.408314789390063160e-01,4.607320362589392149e-01,4.549765666036690859e-01,0.000000000000000000e+00,0.000000000000000000e+00,0.000000000000000000e+00,4.703092098935673926e-01,4.751427639109628842e-01,0.000000000000000000e+00,0.000000000000000000e+00,0.000000000000000000e+00,5.144256447321151615e-01,0.000000000000000000e+00,5.823670506839973005e-01,0.000000000000000000e+00,4.557360806951574195e-01,0.000000000000000000e+00,0.000000000000000000e+00,0.000000000000000000e+00,0.000000000000000000e+00,5.190000280759731188e-01,4.741986990315302242e-01,4.806297407577000969e-01,4.724552655092840170e-01,0.000000000000000000e+00,5.013484570922017713e-01,0.000000000000000000e+00,4.764016530298980090e-01,5.168698702149475688e-01,4.690455239990087843e-01,4.707191847668169005e-01,4.888227335747922786e-01,5.314794334230839024e-01,5.276922658106960595e-01,5.150131035579816885e-01,0.000000000000000000e+00,4.671705290922232856e-01
3.784638063276483111e-01,3.986657235487562900e-01,5.070810711820934458e-01,0.000000000000000000e+00,5.021568791377214458e-01,4.693137845318235968e-01,4.530991768140303910e-01,4.969952671198185068e-01,5.170465637911062506e-01,3.228936501516314062e-01,5.061868715267624497e-01,3.613182016355325210e-01,4.641070018653070117e-01,0.000000000000000000e+00,0.000000000000000000e+00,4.077495008296960766e-01,0.000000000000000000e+00,3.537670368792101838e-01,4.985151136004694061e-01,4.202199350821603785e-01,4.670729212129307029e-01,4.193529079723790076e-01,4.771594881511879160e-01,3.658932772847560133e-01,3.079442846787036059e-01,3.719547217655084781e-01,4.565771434453009259e-01,4.404611203459343205e-01,4.390892034228510155e-01,0.000000000000000000e+00,3.692199893508931186e-01,4.652027209879190939e-01,3.658762593757405868e-01,4.010167230039263786e-01,4.147529569787746784e-01,0.000000000000000000e+00,0.000000000000000000e+00,3.605166616877252261e-01,0.000000000000000000e+00,4.961492214921843225e-01,5.079889960454796460e-01,0.000000000000000000e+00,0.000000000000000000e+00,0.000000000000000000e+00,4.165226939357227764e-01,3.764081407176371186e-01,4.484378106375884743e-01,0.000000000000000000e+00,0.000000000000000000e+00,0.000000000000000000e+00,0.000000000000000000e+00,0.000000000000000000e+00,0.000000000000000000e+00,0.000000000000000000e+00,5.142952310528569049e-01,0.000000000000000000e+00,5.178701801092883139e-01,0.000000000000000000e+00,0.000000000000000000e+00,5.158221721649169922e-01,4.498304517497369037e-01,5.059654707077948510e-01,4.944447752863713186e-01,0.000000000000000000e+00,0.000000000000000000e+00,0.000000000000000000e+00,0.000000000000000000e+00,0.000000000000000000e+00,4.171452106836551210e-01,5.008605922522446630e-01,5.037833972799985460e-01,0.000000000000000000e+00,0.000000000000000000e+00,0.000000000000000000e+00,0.000000000000000000e+00,5.376310522830358707e-01
3.784977804582003724e-01,3.992951474705587755e-01,4.761585404447027936e-01,0.000000000000000000e+00,4.963924056342453039e-01,4.366800992626740929e-01,4.552761787467317078e-01,4.895205525267781188e-01,4.904167176141556173e-01,3.541602310531148934e-01,5.026501989657543579e-01,3.695024635508242228e-01,4.581695798538896192e-01,0.000000000000000000e+00,4.470880178395196802e-01,3.784189082177030761e-01,3.537670368792101838e-01,0.000000000000000000e+00,0.000000000000000000e+00,4.377730701186273166e-01,4.381817965552998739e-01,4.323262314824671271e-01,4.628906565959416963e-01,3.564201354868405947e-01,3.403658914985180917e-01,3.817507912881659138e-01,4.410234711577779021e-01,4.460021063239120731e-01,4.456274862246855095e-01,4.481569045135991858e-01,3.849992903360824892e-01,4.618331717703386130e-01,3.640700929838919797e-01,4.022929691713609812e-01,4.259974918634483187e-01,0.000000000000000000e+00,0.000000000000000000e+00,3.250633094487078156e-01,4.853086753542567022e-01,4.457090239159041123e-01,4.706681035691299142e-01,0.000000000000000000e+00,0.000000000000000000e+00,0.000000000000000000e+00,4.314753115177155096e-01,4.301982814647247189e-01,4.545318645448097050e-01,0.000000000000000000e+00,0.000000000000000000e+00,0.000000000000000000e+00,0.000000000000000000e+00,0.000000000000000000e+00,0.000000000000000000e+00,0.000000000000000000e+00,4.978930425449942798e-01,0.000000000000000000e+00,4.913498216052514245e-01,0.000000000000000000e+00,0.000000000000000000e+00,0.000000000000000000e+00,4.702432095055467109e-01,4.892848906147099219e-01,4.795860707859583849e-01,0.000000000000000000e+00,0.000000000000000000e+00,0.000000000000000000e+00,4.794886361962464871e-01,0.000000000000000000e+00,4.170294469837361739e-01,4.807923512230432017e-01,4.867400391530943837e-01,5.233724267567798627e-01,0.000000000000000000e+00,0.000000000000000000e+00,0.000000000000000000e+00,4.902050678402807837e-01
0.000000000000000000e+00,0.000000000000000000e+00,2.661462639308260769e-01,4.087419816953253848e-01,3.664687013621220069e-01,4.442336036521051246e-01,4.801115419626852954e-01,4.194908960603981884e-01,3.033968082151126122e-01,5.099890675798451900e-01,2.665203168455761995e-01,5.062659440322372362e-01,4.955465936485153877e-01,3.763930812813702786e-01,0.000000000000000000e+00,0.000000000000000000e+00,4.985151136004694061e-01,0.000000000000000000e+00,0.000000000000000000e+00,0.000000000000000000e+00,0.000000000000000000e+00,0.000000000000000000e+00,3.800630802047451073e-01,4.803291922177957973e-01,4.978988475207459796e-01,5.018104495797082176e-01,3.659150589684728727e-01,4.967713435191373206e-01,0.000000000000000000e+00,5.080109644189960694e-01,5.174626866356473176e-01,4.586153260209264171e-01,4.781953630967070157e-01,4.995767649625764140e-01,4.884783252668943865e-01,3.967619015822997919e-01,4.597403850661981872e-01,4.943501727380186783e-01,4.899167972788840975e-01,0.000000000000000000e+00,5.275932655525685799e-01,4.832501139698421877e-01,4.843690726006069092e-01,0.000000000000000000e+00,0.000000000000000000e+00,0.000000000000000000e+00,0.000000000000000000e+00,5.705869477487672814e-01,0.000000000000000000e+00,5.477192968675124174e-01,5.663723556846922413e-01,5.711990604137838767e-01,5.270528592926925215e-01,5.715607882592866895e-01,0.000000000000000000e+00,3.420045035222276097e-01,0.000000000000000000e+00,5.564293950559395796e-01,0.000000000000000000e+00,0.000000000000000000e+00,0.000000000000000000e+00,0.000000000000000000e+00,0.000000000000000000e+00,5.501074702773022240e-01,0.000000000000000000e+00,0.000000000000000000e+00,0.000000000000000000e+00,5.749820352655725664e-01,0.000000000000000000e+00,0.000000000000000000e+00,0.000000000000000000e+00,5.708839182691181069e-01,5.646604916654833772e-01,5.215100111469823663e-01,0.000000000000000000e+00,5.706658910042285981e-01
4.696266454264843015e-01,4.241960616629787961e-01,0.000000000000000000e+00,0.000000000000000000e+00,4.257782798494965104e-01,4.060608987652143953e-01,4.534664296013438123e-01,4.342133201662414232e-01,4.188192510761534204e-01,4.470278598729112152e-01,0.000000000000000000e+00,0.000000000000000000e+00,4.462831912317126726e-01,0.000000000000000000e+00,3.503021582317580873e-01,4.230482314059685889e-01,4.202199350821603785e-01,4.377730701186273166e-01,0.000000000000000000e+00,0.000000000000000000e+00,4.398853372218686775e-01,3.886138911645721783e-01,2.984951152636998173e-01,5.157593615430334788e-01,4.274716337383627773e-01,4.421140960349430049e-01,3.281430132064868110e-01,4.119497645295657207e-01,3.396330288526890895e-01,4.051417364537183152e-01,4.074886312430983093e-01,4.743395202118809162e-01,4.049036529042316923e-01,4.601469661288091761e-01,5.059398353765569567e-01,5.609288847993502136e-01,5.254291949517060356e-01,0.000000000000000000e+00,5.213213584678649815e-01,4.519178782702166774e-01,5.151972614324162869e-01,5.309708159993531407e-01,4.400897137962080929e-01,0.000000000000000000e+00,0.000000000000000000e+00,0.000000000000000000e+00,4.757384847894466917e-01,0.000000000000000000e+00,0.000000000000000000e+00,0.000000000000000000e+00,5.099957160759154284e-01,5.098800482405981827e-01,5.345654278239999613e-01,0.000000000000000000e+00,0.000000000000000000e+00,0.000000000000000000e+00,0.000000000000000000e+00,5.168172455682056299e-01,0.000000000000000000e+00,5.205302479625968370e-01,4.938780241779259783e-01,0.000000000000000000e+00,0.000000000000000000e+00,0.000000000000000000e+00,5.190572017542838257e-01,5.084213853739159017e-01,5.240012479110778276e-01,5.297288246060749550e-01,0.000000000000000000e+00,4.590990840419034158e-01,5.012807044443323701e-01,5.249197274263411872e-01,5.284304433575636173e-01,5.108754694424103571e-01,5.280995988462575674e-01,5.132040303867502207e-01
4.810405906987608171e-01,4.406394873138378965e-01,4.573546012932679927e-01,0.000000000000000000e+00,4.173738597543549811e-01,4.532503170299663209e-01,4.738176469203442265e-01,4.550680822846914220e-01,0.000000000000000000e+00,4.895869490025622772e-01,0.000000000000000000e+00,4.843591440961699246e-01,4.606867802453871175e-01,0.000000000000000000e+00,4.032804717593297950e-01,4.475360450135941748e-01,4.670729212129307029e-01,4.381817965552998739e-01,0.000000000000000000e+00,4.398853372218686775e-01,0.000000000000000000e+00,4.468382058620736785e-01,4.263467885307313798e-01,5.111336806345960770e-01,4.661884087683830780e-01,4.470350759247788131e-01,4.492445908424260170e-01,4.615612968322829746e-01,4.383085461497215896e-01,4.639580204149472142e-01,4.333885056927315182e-01,4.621186191589465864e-01,3.922118735522481803e-01,4.244064882211736056e-01,4.672099378058517938e-01,0.000000000000000000e+00,0.000000000000000000e+00,5.123454392427768678e-01,5.092344573862714885e-01,4.799503545565749207e-01,4.814480972052427865e-01,0.000000000000000000e+00,0.000000000000000000e+00,0.000000000000000000e+00,0.000000000000000000e+00,4.363108512650664128e-01,4.940867056051684858e-01,0.000000000000000000e+00,0.000000000000000000e+00,0.000000000000000000e+00,0.000000000000000000e+00,0.000000000000000000e+00,3.755932938233689233e-01,0.000000000000000000e+00,0.000000000000000000e+00,0.000000000000000000e+00,0.000000000000000000e+00,5.168500511117988250e-01,0.000000000000000000e+00,5.127329292356062052e-01,4.763729611769205730e-01,0.000000000000000000e+00,0.000000000000000000e+00,0.000000000000000000e+00,5.265615714951304982e-01,4.176125079586617828e-01,5.324817870066493875e-01,5.073397278886447870e-01,0.000000000000000000e+00,4.909028270957184192e-01,5.073741286031268061e-01,5.140313262293685348e-01,5.034056645087053861e-01,5.044658139150788312e-01,0.000000000000000000e+00,5.085440898675642751e-01
