0.000000000000000000e+00,4.227820219853519190e-01,0.000000000000000000e+00,0.000000000000000000e+00,0.000000000000000000e+00,0.000000000000000000e+00,4.629201681789271161e-01,4.773765255103554206e-01,0.000000000000000000e+00,4.011119229890148796e-01,0.000000000000000000e+00,3.740135920024402760e-01,4.635210763566960934e-01,4.664386694591223792e-01,3.819496885627028937e-01,4.118424729745571167e-01,3.903982101654612236e-01,4.106462074191398748e-01,0.000000000000000000e+00,4.306693855231538137e-01,3.957908805655904749e-01,4.222017242100009060e-01,4.317608089899331869e-01,3.513246648824379093e-01,3.943609914663321891e-01,3.818502044534106132e-01,4.426943797087876109e-01,4.572542862876877168e-01,4.428992860675933230e-01,0.000000000000000000e+00,3.851169094333005138e-01,4.703221797215063060e-01,3.746762861105106812e-01,3.967873015212647902e-01,4.631232209312097226e-01,0.000000000000000000e+00,0.000000000000000000e+00,4.364839244340685820e-01,4.597149304503063139e-01,4.577179965283902918e-01,4.534689734719977161e-01,4.839455449949761068e-01,0.000000000000000000e+00,0.000000000000000000e+00,0.000000000000000000e+00,3.365824375993247131e-01,4.807817830355036182e-01,0.000000000000000000e+00,0.000000000000000000e+00,0.000000000000000000e+00,0.000000000000000000e+00,0.000000000000000000e+00,0.000000000000000000e+00,0.000000000000000000e+00,4.735136839535591946e-01,0.000000000000000000e+00,4.689524103300107827e-01,0.000000000000000000e+00,0.000000000000000000e+00,4.940799097311388000e-01,4.659459415108105906e-01,0.000000000000000000e+00,4.524370825253893891e-01,0.000000000000000000e+00,4.874396474082690056e-01,2.737838578223455999e-01,4.756998521732436758e-01,0.000000000000000000e+00,2.928033105285722248e-01,4.649820599932856791e-01,4.591370042720572253e-01,0.000000000000000000e+00,0.000000000000000000e+00,0.000000000000000000e+00,0.000000000000000000e+00,4.286409950668033098e-01
4.227820219853519190e-01,0.000000000000000000e+00,0.000000000000000000e+00,0.000000000000000000e+00,4.065243723853443902e-01,4.124979366792396185e-01,4.393157908517493770e-01,4.669411676405624267e-01,4.043783828197912156e-01,3.584888410101472744e-01,0.000000000000000000e+00,3.694756859339434762e-01,4.442235245859141868e-01,0.000000000000000000e+00,4.290690627010271818e-01,4.132075642753048061e-01,4.083792259874292063e-01,4.196216743573327190e-01,0.000000000000000000e+00,4.242716193807822833e-01,4.442769059411952881e-01,4.137765882223815028e-01,4.367826706031647799e-01,3.755261716719704990e-01,3.663258678879350860e-01,4.074033815947423753e-01,4.213274607690725149e-01,4.427330520182484186e-01,4.266036518454934257e-01,4.449257460875851167e-01,4.041901812102652869e-01,4.818741716734660785e-01,3.810164241157327769e-01,4.169257111633954960e-01,4.730582331395460916e-01,0.000000000000000000e+00,0.000000000000000000e+00,0.000000000000000000e+00,4.842053350379318943e-01,4.787182173816171837e-01,4.725587931586577861e-01,5.082172935652488066e-01,0.000000000000000000e+00,0.000000000000000000e+00,0.000000000000000000e+00,4.844767756500025224e-01,4.848501623736379273e-01,0.000000000000000000e+00,0.000000000000000000e+00,0.000000000000000000e+00,4.424790904188737883e-01,0.000000000000000000e+00,0.000000000000000000e+00,0.000000000000000000e+00,0.000000000000000000e+00,0.000000000000000000e+00,0.000000000000000000e+00,4.575850314261014073e-01,0.000000000000000000e+00,5.016917346892997287e-01,4.788432432623808133e-01,0.000000000000000000e+00,4.629382846600221257e-01,0.000000000000000000e+00,4.684870430749428216e-01,5.153492702849546969e-01,4.755681480510364767e-01,4.947180300490668925e-01,0.000000000000000000e+00,4.786827162184358886e-01,5.133495818315740866e-01,4.785278208973106073e-01,4.885598992819862874e-01,4.637761199829342762e-01,0.000000000000000000e+00,4.537953380273657134e-01
0.000000000000000000e+00,0.000000000000000000e+00,0.000000000000000000e+00,4.230205194392658852e-01,3.866741448375305978e-01,3.852185666458479152e-01,4.497499984955953267e-01,4.917380923920682823e-01,3.253316871342377126e-01,4.777337010571752751e-01,3.227791052243095815e-01,4.559901356230569025e-01,4.528511359927834268e-01,4.386574199410812058e-01,0.000000000000000000e+00,0.000000000000000000e+00,0.000000000000000000e+00,4.905006188831397829e-01,2.594079946593939034e-01,0.000000000000000000e+00,0.000000000000000000e+00,0.000000000000000000e+00,3.438687637176757184e-01,0.000000000000000000e+00,0.000000000000000000e+00,0.000000000000000000e+00,3.209989185510592202e-01,4.731646969811971748e-01,0.000000000000000000e+00,4.591666350268753805e-01,4.694908546459313770e-01,4.551060136673525935e-01,4.684156510620711145e-01,4.665397857083323219e-01,4.406273328916167076e-01,4.345137823462912885e-01,4.419342749297973105e-01,4.629905784074850872e-01,5.427670708225382779e-01,0.000000000000000000e+00,5.345455263967825443e-01,0.000000000000000000e+00,5.326584783974088744e-01,4.420863919036043255e-01,0.000000000000000000e+00,0.000000000000000000e+00,0.000000000000000000e+00,4.661251357485857727e-01,0.000000000000000000e+00,5.610437376003449828e-01,5.740728621214724603e-01,5.696107430981698361e-01,5.382365646642950363e-01,5.753964500924212411e-01,0.000000000000000000e+00,5.305305288461655833e-01,4.334793090820311945e-01,5.375016846779071544e-01,5.378155344634312218e-01,0.000000000000000000e+00,0.000000000000000000e+00,0.000000000000000000e+00,0.000000000000000000e+00,4.206178188014919050e-01,4.938615049512585231e-01,0.000000000000000000e+00,0.000000000000000000e+00,5.471967626537408425e-01,0.000000000000000000e+00,0.000000000000000000e+00,0.000000000000000000e+00,5.676323244816318114e-01,5.288013853544504261e-01,5.055858393891899949e-01,0.000000000000000000e+00,5.636398375954384532e-01
0.000000000000000000e+00,0.000000000000000000e+00,4.230205194392658852e-01,0.000000000000000000e+00,2.690582295789595846e-01,4.076772628369679241e-01,2.662630208432281154e-01,4.021191110215729947e-01,4.294623789936228841e-01,3.790105773692302726e-01,3.702958715208702900e-01,0.000000000000000000e+00,3.343556421786277877e-01,3.132892365231582099e-01,0.000000000000000000e+00,0.000000000000000000e+00,0.000000000000000000e+00,0.000000000000000000e+00,4.048714815392736033e-01,4.651503594021376142e-01,0.000000000000000000e+00,0.000000000000000000e+00,4.018765554527243267e-01,0.000000000000000000e+00,0.000000000000000000e+00,0.000000000000000000e+00,4.382136900122606815e-01,2.797550639714448950e-01,4.112672248094070837e-01,0.000000000000000000e+00,0.000000000000000000e+00,3.461844791661213838e-01,0.000000000000000000e+00,3.846431409359065134e-01,3.201505158290787745e-01,2.583199206612348808e-01,1.773398332775368014e-01,0.000000000000000000e+00,0.000000000000000000e+00,0.000000000000000000e+00,0.000000000000000000e+00,0.000000000000000000e+00,0.000000000000000000e+00,0.000000000000000000e+00,0.000000000000000000e+00,0.000000000000000000e+00,0.000000000000000000e+00,0.000000000000000000e+00,0.000000000000000000e+00,0.000000000000000000e+00,0.000000000000000000e+00,0.000000000000000000e+00,0.000000000000000000e+00,0.000000000000000000e+00,0.000000000000000000e+00,0.000000000000000000e+00,0.000000000000000000e+00,0.000000000000000000e+00,0.000000000000000000e+00,0.000000000000000000e+00,0.000000000000000000e+00,0.000000000000000000e+00,0.000000000000000000e+00,0.000000000000000000e+00,0.000000000000000000e+00,0.000000000000000000e+00,0.000000000000000000e+00,0.000000000000000000e+00,0.000000000000000000e+00,0.000000000000000000e+00,0.000000000000000000e+00,0.000000000000000000e+00,0.000000000000000000e+00,0.000000000000000000e+00,0.000000000000000000e+00,0.000000000000000000e+00
0.000000000000000000e+00,4.065243723853443902e-01,3.866741448375305978e-01,2.690582295789595846e-01,0.000000000000000000e+00,3.828104622729681106e-01,3.231657960423306997e-01,4.337679256700122110e-01,3.469356748728408824e-01,4.805191678895646135e-01,3.287133707759207213e-01,4.500545976721683217e-01,3.717079146862727890e-01,2.908108724872024986e-01,0.000000000000000000e+00,0.000000000000000000e+00,0.000000000000000000e+00,4.787321841834225045e-01,3.564326705078137980e-01,4.061500948400311173e-01,0.000000000000000000e+00,4.212280314170553930e-01,4.155348087545975844e-01,4.821521289764337248e-01,4.058844568002378805e-01,4.114151096145097219e-01,4.093116439889906144e-01,3.786661149503033896e-01,4.175363003273380169e-01,4.480490494795791867e-01,4.875807357877833814e-01,3.983792993837286245e-01,4.489511779372221123e-01,4.553533170681732800e-01,4.350009125454846748e-01,2.946819089291498051e-01,2.852054834351899770e-01,4.474375605913902265e-01,4.598446173640907131e-01,0.000000000000000000e+00,4.809590684280560247e-01,0.000000000000000000e+00,4.523743577503187008e-01,0.000000000000000000e+00,0.000000000000000000e+00,0.000000000000000000e+00,0.000000000000000000e+00,5.463344720333385141e-01,0.000000000000000000e+00,5.321358446194111025e-01,5.403193691233937335e-01,5.399960075683871707e-01,5.013502667356888320e-01,5.447068814493984945e-01,4.403419500448790824e-01,4.965896808903926263e-01,0.000000000000000000e+00,5.360268964914040035e-01,0.000000000000000000e+00,0.000000000000000000e+00,0.000000000000000000e+00,0.000000000000000000e+00,0.000000000000000000e+00,5.276893194126889286e-01,4.378558906104793036e-01,0.000000000000000000e+00,0.000000000000000000e+00,5.315124562329049951e-01,0.000000000000000000e+00,0.000000000000000000e+00,0.000000000000000000e+00,5.303567869896681497e-01,5.279975242087953102e-01,4.751876543233709005e-01,0.000000000000000000e+00,5.210039869724095718e-01
0.000000000000000000e+00,4.124979366792396185e-01,3.852185666458479152e-01,4.076772628369679241e-01,3.828104622729681106e-01,0.000000000000000000e+00,4.210542187586143181e-01,4.234699671412514022e-01,3.256463633070216801e-01,4.771303919618261058e-01,4.099653874415263854e-01,4.564242440364449926e-01,3.860374582763304030e-01,0.000000000000000000e+00,4.449504723927666938e-01,4.373401059923727741e-01,4.712166205680871078e-01,4.521755773675372736e-01,4.498998814627124254e-01,4.167668035437243068e-01,4.448219734808546155e-01,4.281019182606294882e-01,3.989768864305637819e-01,4.823070940054463018e-01,3.915890822901242907e-01,4.411282505499081186e-01,3.820810040324467138e-01,3.975130731042680887e-01,3.497870158856946077e-01,4.531334439481495835e-01,4.552768620535198041e-01,4.353243053351136260e-01,4.206817474200130746e-01,4.579015556950600252e-01,4.533879082784587067e-01,4.395590419482077738e-01,4.337055554276478819e-01,4.229321842039155954e-01,4.935982547266606901e-01,4.205473687122411874e-01,5.026564277890793742e-01,0.000000000000000000e+00,4.759074501738062013e-01,4.885432462355437933e-01,0.000000000000000000e+00,0.000000000000000000e+00,4.464414703984210808e-01,5.626634494087929816e-01,0.000000000000000000e+00,5.442597602256845635e-01,5.312512312444752638e-01,5.368898297354325333e-01,4.794263179567225808e-01,5.534808463901494946e-01,4.714224350366090222e-01,5.162230641439795598e-01,3.959086805197284953e-01,5.199214142122600135e-01,0.000000000000000000e+00,4.968644242313968729e-01,0.000000000000000000e+00,0.000000000000000000e+00,0.000000000000000000e+00,5.407424832628547895e-01,5.010154844246820227e-01,0.000000000000000000e+00,4.763688175047821050e-01,5.132325305641591839e-01,0.000000000000000000e+00,4.264418548278369747e-01,4.694843607909218730e-01,5.234382230707785855e-01,5.159582518900583947e-01,5.023305010200419529e-01,5.040028163024116159e-01,5.157668363318599347e-01
4.629201681789271161e-01,4.393157908517493770e-01,4.497499984955953267e-01,2.662630208432281154e-01,3.231657960423306997e-01,4.210542187586143181e-01,0.000000000000000000e+00,4.598332584945896140e-01,4.137334226484501998e-01,4.648777135773390912e-01,4.434607476953681959e-01,4.285211417441878168e-01,3.444845056780878045e-01,3.247599158181139201e-01,4.583081601194826105e-01,4.675023096413726265e-01,4.758875746486359026e-01,4.664205918242029236e-01,4.627599208369889139e-01,4.393888198912649923e-01,4.617895708835054736e-01,4.597694995987745004e-01,4.442678773904211176e-01,4.559016333262013165e-01,4.226328290459028247e-01,4.249477216883693065e-01,4.403253499130875825e-01,3.707433386478338200e-01,4.429346331988949226e-01,4.560580935541114211e-01,4.819439099839559759e-01,4.374587596416523172e-01,4.101621670610843817e-01,4.364603637662961000e-01,4.137607554593418779e-01,3.791334557981739795e-01,3.847688222092967014e-01,4.143445062450720751e-01,4.570705279566198986e-01,3.724067395093699218e-01,4.454522821350737072e-01,4.195330377029777846e-01,4.870103865402694021e-01,0.000000000000000000e+00,3.853045019368505075e-01,0.000000000000000000e+00,4.556350783943320937e-01,5.675024709725499106e-01,0.000000000000000000e+00,5.506611856305546615e-01,5.371420438052282309e-01,5.431646508150844710e-01,4.963969886732483849e-01,5.526845282176994223e-01,4.233864818662103069e-01,5.072596401066966632e-01,4.116469919681549072e-01,5.269689062718596606e-01,0.000000000000000000e+00,5.015903229177325340e-01,4.586911252454429766e-01,0.000000000000000000e+00,0.000000000000000000e+00,5.505087233453814788e-01,5.000216162083651605e-01,0.000000000000000000e+00,4.594039516960646830e-01,5.309726032432475762e-01,0.000000000000000000e+00,0.000000000000000000e+00,4.726888473370592925e-01,5.288610897582615156e-01,5.230173777205695540e-01,5.100409200781124142e-01,0.000000000000000000e+00,5.279125396339642284e-01
4.773765255103554206e-01,4.669411676405624267e-01,4.917380923920682823e-01,4.021191110215729947e-01,4.337679256700122110e-01,4.234699671412514022e-01,4.598332584945896140e-01,0.000000000000000000e+00,4.895228986294141160e-01,4.889525912001344010e-01,3.585835664313107851e-01,4.777644351852570748e-01,4.532920095531211002e-01,3.692121552941912133e-01,3.992376433466771068e-01,4.568220577820040762e-01,0.000000000000000000e+00,4.697299331304877201e-01,4.583991805040125156e-01,4.178843471543186028e-01,3.817295188993953259e-01,4.390076134299576993e-01,3.711936453185694096e-01,4.972224329075777272e-01,4.659720774420367251e-01,4.675821503194975137e-01,4.392253157094769267e-01,4.498424221533786072e-01,4.035398496393931000e-01,4.322698115361165994e-01,4.420953530276912069e-01,4.094278344484881815e-01,4.835808135264341723e-01,4.619618675963061971e-01,4.574198749849162082e-01,3.713381873960354129e-01,3.869428893814099157e-01,4.881624828700513175e-01,4.684089748973387923e-01,0.000000000000000000e+00,4.948108561487655765e-01,0.000000000000000000e+00,4.492083955506985804e-01,0.000000000000000000e+00,0.000000000000000000e+00,0.000000000000000000e+00,0.000000000000000000e+00,5.418603670755571811e-01,0.000000000000000000e+00,5.171660610563393323e-01,4.845504997484496035e-01,4.969238911097981770e-01,3.628983055224048737e-01,5.502018934700757535e-01,0.000000000000000000e+00,4.986110832441748020e-01,5.104491866458518157e-01,4.857320884149537998e-01,4.397320583780248149e-01,5.004210934081333439e-01,0.000000000000000000e+00,0.000000000000000000e+00,0.000000000000000000e+00,5.332700298756941626e-01,4.948350897325817788e-01,2.957465917132359179e-01,5.147239713976491382e-01,4.382800255019169144e-01,0.000000000000000000e+00,5.049242021131908897e-01,4.982927837855863906e-01,4.955646969691808734e-01,4.850108140796948186e-01,4.656145835209435924e-01,0.000000000000000000e+00,4.646781882071778780e-01
0.000000000000000000e+00,4.043783828197912156e-01,3.253316871342377126e-01,4.294623789936228841e-01,3.469356748728408824e-01,3.256463633070216801e-01,4.137334226484501998e-01,4.895228986294141160e-01,0.000000000000000000e+00,4.960216654412502035e-01,3.039249273473039192e-01,4.782003297984999124e-01,3.933506189494516136e-01,4.314479122343540807e-01,4.263778681643167756e-01,0.000000000000000000e+00,4.863893453424351088e-01,4.956767354448726182e-01,2.722327146117076158e-01,4.330764748213496995e-01,0.000000000000000000e+00,4.093812225537329930e-01,3.887972914675780212e-01,4.819624723384197118e-01,0.000000000000000000e+00,4.798299417889118068e-01,3.512073041721597844e-01,4.765489806272473761e-01,4.161072307945660742e-01,4.627599963847828235e-01,4.814729538038319268e-01,4.632586407316712784e-01,4.630122934150586733e-01,4.824883790219526847e-01,4.652970888084588807e-01,4.529009661255883890e-01,4.479677953403685131e-01,4.729508787333545072e-01,5.340205768432320088e-01,4.122525193423852152e-01,4.770992434936809912e-01,4.903771032728054813e-01,5.148912252701399739e-01,0.000000000000000000e+00,0.000000000000000000e+00,0.000000000000000000e+00,0.000000000000000000e+00,5.758844626023064128e-01,0.000000000000000000e+00,5.556582549657096415e-01,5.619430555446049969e-01,5.614546463072124238e-01,5.291257698661402387e-01,5.716626064946076502e-01,4.571873846470025926e-01,5.448416906596539322e-01,4.364776145829800114e-01,5.402928249444141073e-01,5.268232102766780001e-01,0.000000000000000000e+00,0.000000000000000000e+00,0.000000000000000000e+00,0.000000000000000000e+00,5.657741618105509573e-01,4.706691119034123183e-01,0.000000000000000000e+00,5.102614209127681599e-01,5.550706226326710402e-01,5.043761730194091797e-01,0.000000000000000000e+00,0.000000000000000000e+00,5.576166895874824503e-01,5.311395467754997934e-01,4.992495032243561837e-01,0.000000000000000000e+00,5.405875031647646711e-01
4.011119229890148796e-01,3.584888410101472744e-01,4.777337010571752751e-01,3.790105773692302726e-01,4.805191678895646135e-01,4.771303919618261058e-01,4.648777135773390912e-01,4.889525912001344010e-01,4.960216654412502035e-01,0.000000000000000000e+00,5.033942738136649719e-01,2.957621274558497881e-01,4.873621896746110904e-01,3.347949657818325986e-01,0.000000000000000000e+00,4.086661698626081196e-01,3.270892590152376100e-01,3.538537990812524736e-01,5.144230780874621267e-01,4.550754741908973888e-01,4.724532131921436728e-01,4.317591639723614150e-01,4.756137294668358884e-01,3.342869048314914271e-01,2.997441283411325097e-01,2.938460214655829739e-01,4.645607072648653135e-01,4.651934468873806794e-01,4.349418284946687252e-01,4.265672937344264226e-01,3.327481576819271147e-01,3.543826443684440775e-01,3.142055685851741775e-01,3.273446988362623822e-01,3.419634815690413276e-01,3.086264094571056216e-01,3.077462577833419144e-01,3.132377529822515938e-01,3.387268446364786745e-01,4.593593664384806874e-01,3.421257003137658237e-01,3.537412478234319146e-01,3.270208684540317767e-01,0.000000000000000000e+00,3.930571320407514890e-01,4.250426380321647990e-01,0.000000000000000000e+00,0.000000000000000000e+00,0.000000000000000000e+00,0.000000000000000000e+00,5.365364810388376648e-01,3.959624183083456095e-01,0.000000000000000000e+00,5.124344738787810494e-01,4.804209127884366271e-01,3.694117586407461018e-01,4.653501494672532268e-01,4.008176319723528169e-01,0.000000000000000000e+00,0.000000000000000000e+00,4.394145718349570240e-01,4.750716968092025816e-01,4.649219958681353182e-01,0.000000000000000000e+00,0.000000000000000000e+00,0.000000000000000000e+00,4.028017286966589228e-01,5.269597356966351231e-01,4.108247462570221997e-01,4.558436002507642026e-01,4.613138099677591142e-01,5.468308068073379768e-01,4.030465152266862194e-01,5.221256484435654599e-01,0.000000000000000000e+00,4.524603468125577010e-01
0.000000000000000000e+00,0.000000000000000000e+00,3.227791052243095815e-01,3.702958715208702900e-01,3.287133707759207213e-01,4.099653874415263854e-01,4.434607476953681959e-01,3.585835664313107851e-01,3.039249273473039192e-01,5.033942738136649719e-01,0.000000000000000000e+00,4.762576306478046861e-01,4.565969746703918974e-01,3.124926534385785160e-01,0.000000000000000000e+00,0.000000000000000000e+00,5.002348248408092779e-01,4.941513421329983835e-01,2.523053891843038965e-01,0.000000000000000000e+00,4.232597274309234936e-01,0.000000000000000000e+00,3.592241603042274911e-01,4.930326571505512234e-01,4.907722028722661944e-01,4.849613018397794240e-01,3.830916675318650766e-01,4.809029881936863204e-01,0.000000000000000000e+00,0.000000000000000000e+00,5.143794649285552412e-01,4.363096375735979748e-01,4.809822427832682878e-01,4.980760616646340844e-01,4.655346699227955742e-01,2.897470639241189194e-01,2.881930420088347766e-01,4.705305187704235115e-01,4.779655626717104200e-01,0.000000000000000000e+00,4.563485969634545891e-01,0.000000000000000000e+00,4.732666110014818184e-01,0.000000000000000000e+00,0.000000000000000000e+00,0.000000000000000000e+00,0.000000000000000000e+00,4.501150325743686897e-01,0.000000000000000000e+00,4.052034816449873178e-01,5.395527231448491445e-01,4.775795895998569129e-01,5.084925213781061881e-01,3.865544270927074866e-01,4.572688747674235055e-01,2.173314581165878001e-01,0.000000000000000000e+00,4.556025436497723180e-01,4.170492477939259923e-01,0.000000000000000000e+00,0.000000000000000000e+00,0.000000000000000000e+00,0.000000000000000000e+00,2.397309598931434971e-01,0.000000000000000000e+00,0.000000000000000000e+00,0.000000000000000000e+00,5.340664849834489969e-01,0.000000000000000000e+00,0.000000000000000000e+00,0.000000000000000000e+00,5.426039315733363066e-01,4.569480137501928940e-01,4.376009235556099775e-01,0.000000000000000000e+00,4.591690424771501244e-01
3.740135920024402760e-01,3.694756859339434762e-01,4.559901356230569025e-01,0.000000000000000000e+00,4.500545976721683217e-01,4.564242440364449926e-01,4.285211417441878168e-01,4.777644351852570748e-01,4.782003297984999124e-01,2.957621274558497881e-01,4.762576306478046861e-01,0.000000000000000000e+00,4.540893889916116088e-01,3.788214510745868124e-01,0.000000000000000000e+00,0.000000000000000000e+00,3.555809413411555875e-01,3.596374216318445893e-01,4.823281714148732746e-01,4.491261477658001211e-01,4.588245805032235003e-01,0.000000000000000000e+00,4.670579704967687262e-01,2.940919871860663837e-01,3.135497116845876175e-01,3.151056339989217192e-01,4.422964880496549900e-01,4.422399016117717907e-01,4.389053626320055246e-01,0.000000000000000000e+00,3.560509427192288245e-01,2.668844450235853261e-01,2.920152551026020116e-01,2.673891247702857021e-01,3.164260776384349994e-01,3.063437537735819727e-01,2.579482284019511962e-01,2.646720633679270906e-01,2.858597421903519842e-01,4.650237968653687104e-01,3.163428863021364723e-01,3.956091443714441769e-01,3.389621573924542774e-01,0.000000000000000000e+00,4.048077943154417824e-01,4.325097132753898954e-01,0.000000000000000000e+00,0.000000000000000000e+00,0.000000000000000000e+00,0.000000000000000000e+00,0.000000000000000000e+00,0.000000000000000000e+00,0.000000000000000000e+00,0.000000000000000000e+00,4.713769674499241891e-01,0.000000000000000000e+00,4.602791040040876136e-01,3.721211550564679227e-01,0.000000000000000000e+00,0.000000000000000000e+00,0.000000000000000000e+00,4.648628471823684771e-01,4.585725923488085942e-01,0.000000000000000000e+00,0.000000000000000000e+00,0.000000000000000000e+00,0.000000000000000000e+00,4.990602353549288273e-01,3.861282582825695808e-01,4.560274326942523881e-01,4.494500606039998902e-01,4.374963071302914730e-01,4.676579245314627098e-01,0.000000000000000000e+00,0.000000000000000000e+00,4.470777487010478835e-01
4.635210763566960934e-01,4.442235245859141868e-01,4.528511359927834268e-01,3.343556421786277877e-01,3.717079146862727890e-01,3.860374582763304030e-01,3.444845056780878045e-01,4.532920095531211002e-01,3.933506189494516136e-01,4.873621896746110904e-01,4.565969746703918974e-01,4.540893889916116088e-01,0.000000000000000000e+00,3.580445648997231944e-01,4.523802606853951080e-01,4.704737188350144872e-01,4.729091508554651990e-01,4.687448286930133157e-01,4.744598411025062745e-01,4.314357786736461864e-01,4.700545866949303875e-01,4.599507844986192029e-01,4.371222745026080991e-01,4.694617848489920919e-01,4.405448612897450156e-01,4.399184332566413724e-01,4.298072246967268861e-01,3.685954932955801122e-01,4.264985760289888850e-01,4.259879936243695098e-01,4.739306631618859789e-01,4.371972505782468765e-01,4.335689752546658116e-01,4.554776566450711162e-01,4.267414465140647040e-01,4.221142882260519036e-01,4.205040386667258101e-01,4.475138160168983248e-01,4.605302216335829257e-01,3.976175193673719965e-01,4.521314774097546230e-01,4.228443105655321776e-01,4.688829966709530117e-01,3.827986506423732838e-01,4.119938043466909172e-01,0.000000000000000000e+00,4.674710685674218769e-01,5.544340352224739199e-01,0.000000000000000000e+00,5.350258098574148802e-01,5.275299855972058749e-01,5.338590085354345538e-01,4.866153802052994859e-01,5.493158511420358492e-01,4.549746773181370108e-01,5.188813071547676570e-01,4.746028012404763241e-01,5.136607501181047475e-01,0.000000000000000000e+00,4.962155748531117960e-01,4.614033439714478879e-01,0.000000000000000000e+00,4.884023878866847745e-01,5.632530113562665974e-01,5.142684805273302073e-01,4.995193648998900726e-01,4.791661999726752885e-01,5.266731504816910547e-01,0.000000000000000000e+00,4.680808221564076166e-01,4.790780662797377021e-01,5.253186208620718167e-01,5.215600184613463641e-01,5.104135780590557392e-01,5.350487500077489855e-01,5.160398187482075905e-01
4.664386694591223792e-01,0.000000000000000000e+00,4.386574199410812058e-01,3.132892365231582099e-01,2.908108724872024986e-01,0.000000000000000000e+00,3.247599158181139201e-01,3.692121552941912133e-01,4.314479122343540807e-01,3.347949657818325986e-01,3.124926534385785160e-01,3.788214510745868124e-01,3.580445648997231944e-01,0.000000000000000000e+00,0.000000000000000000e+00,0.000000000000000000e+00,0.000000000000000000e+00,0.000000000000000000e+00,3.953288201709785898e-01,0.000000000000000000e+00,4.379750235699269023e-01,0.000000000000000000e+00,3.953094654391118845e-01,0.000000000000000000e+00,0.000000000000000000e+00,0.000000000000000000e+00,4.387746953452095755e-01,3.381522568056444800e-01,0.000000000000000000e+00,0.000000000000000000e+00,4.984550277366397997e-01,2.760292875894597153e-01,0.000000000000000000e+00,4.257968801766958133e-01,4.647172644221804760e-01,2.529644794585900747e-01,2.071498052793437072e-01,0.000000000000000000e+00,0.000000000000000000e+00,0.000000000000000000e+00,0.000000000000000000e+00,0.000000000000000000e+00,4.549513647873472122e-01,0.000000000000000000e+00,0.000000000000000000e+00,0.000000000000000000e+00,0.000000000000000000e+00,5.315688680945844791e-01,0.000000000000000000e+00,0.000000000000000000e+00,5.150985903358291651e-01,5.245847476022152955e-01,0.000000000000000000e+00,5.427803355599795099e-01,0.000000000000000000e+00,5.083282276898204444e-01,0.000000000000000000e+00,0.000000000000000000e+00,0.000000000000000000e+00,0.000000000000000000e+00,0.000000000000000000e+00,0.000000000000000000e+00,0.000000000000000000e+00,5.098876336814708310e-01,0.000000000000000000e+00,0.000000000000000000e+00,0.000000000000000000e+00,5.046316127107934868e-01,4.645292460918427069e-01,0.000000000000000000e+00,0.000000000000000000e+00,5.233251682334545407e-01,0.000000000000000000e+00,0.000000000000000000e+00,0.000000000000000000e+00,0.000000000000000000e+00
3.819496885627028937e-01,4.290690627010271818e-01,0.000000000000000000e+00,0.000000000000000000e+00,0.000000000000000000e+00,4.449504723927666938e-01,4.583081601194826105e-01,3.992376433466771068e-01,4.263778681643167756e-01,0.000000000000000000e+00,0.000000000000000000e+00,0.000000000000000000e+00,4.523802606853951080e-01,0.000000000000000000e+00,0.000000000000000000e+00,4.569861448770394796e-01,4.600315055142965015e-01,4.467993772407806152e-01,0.000000000000000000e+00,3.148577969061449044e-01,3.738516297016292178e-01,3.440268130462392215e-01,3.755779012472040268e-01,4.552076972524360943e-01,4.165886613909178804e-01,3.925136626238880933e-01,3.876375961127557779e-01,4.404776202249314765e-01,4.241689987244343096e-01,4.398706289313711881e-01,4.401397679801509200e-01,4.716677737550143967e-01,4.237202873931945057e-01,4.523909329712477168e-01,5.069116600295160424e-01,5.306824017622422396e-01,4.988436786276503887e-01,0.000000000000000000e+00,4.929954918779967943e-01,4.907654994279341265e-01,4.851291144546128198e-01,5.101882588890231940e-01,5.135217198068929845e-01,0.000000000000000000e+00,0.000000000000000000e+00,4.645218451919043146e-01,5.015797324806893220e-01,0.000000000000000000e+00,0.000000000000000000e+00,0.000000000000000000e+00,4.656479703998118724e-01,4.695784531410481244e-01,0.000000000000000000e+00,0.000000000000000000e+00,0.000000000000000000e+00,0.000000000000000000e+00,0.000000000000000000e+00,4.665333219039062840e-01,0.000000000000000000e+00,4.990570404206732813e-01,4.917971747288720774e-01,0.000000000000000000e+00,4.582423199280740156e-01,0.000000000000000000e+00,4.856504845716663188e-01,4.699209367554297856e-01,5.074137536246747793e-01,4.907681357685657053e-01,0.000000000000000000e+00,4.679061793554417092e-01,5.324518439792962354e-01,4.905019823939366086e-01,4.922453396970202788e-01,4.799086200818020731e-01,5.042041910131562776e-01,4.752670665143939877e-01
4.118424729745571167e-01,4.132075642753048061e-01,0.000000000000000000e+00,0.000000000000000000e+00,0.000000000000000000e+00,4.373401059923727741e-01,4.675023096413726265e-01,4.568220577820040762e-01,0.000000000000000000e+00,4.086661698626081196e-01,0.000000000000000000e+00,0.000000000000000000e+00,4.704737188350144872e-01,0.000000000000000000e+00,4.569861448770394796e-01,0.000000000000000000e+00,4.001275302491539843e-01,3.684358897481365136e-01,0.000000000000000000e+00,4.196814931505162827e-01,4.417950063673221073e-01,4.004632048467893224e-01,4.504253739184880256e-01,4.005281773066021178e-01,3.751832006207084791e-01,4.444692352493668785e-01,4.354939794593343239e-01,4.585327150582503841e-01,4.401023500977371827e-01,4.494509870170856902e-01,3.948965274440375262e-01,4.985728748756368955e-01,4.029638753502651771e-01,4.182899736405363833e-01,4.851601081605013133e-01,0.000000000000000000e+00,0.000000000000000000e+00,0.000000000000000000e+00,4.785153367544294767e-01,4.694285056692545921e-01,4.586258205152117240e-01,4.861439854178389863e-01,0.000000000000000000e+00,0.000000000000000000e+00,0.000000000000000000e+00,4.871086804388338742e-01,4.778243904274384057e-01,0.000000000000000000e+00,0.000000000000000000e+00,0.000000000000000000e+00,0.000000000000000000e+00,0.000000000000000000e+00,0.000000000000000000e+00,0.000000000000000000e+00,0.000000000000000000e+00,0.000000000000000000e+00,0.000000000000000000e+00,0.000000000000000000e+00,0.000000000000000000e+00,4.877798264053943011e-01,4.714513220803986937e-01,0.000000000000000000e+00,4.681581679563123211e-01,0.000000000000000000e+00,4.783573042434844935e-01,5.134855650548713069e-01,4.744518492945168919e-01,5.021472572852109240e-01,0.000000000000000000e+00,4.743959954323129224e-01,5.006502300163927499e-01,4.923853619231352008e-01,4.993603700631221165e-01,4.825268864773784028e-01,0.000000000000000000e+00,4.504171546592828923e-01
3.903982101654612236e-01,4.083792259874292063e-01,0.000000000000000000e+00,0.000000000000000000e+00,0.000000000000000000e+00,4.712166205680871078e-01,4.758875746486359026e-01,0.000000000000000000e+00,4.863893453424351088e-01,3.270892590152376100e-01,5.002348248408092779e-01,3.555809413411555875e-01,4.729091508554651990e-01,0.000000000000000000e+00,4.600315055142965015e-01,4.001275302491539843e-01,0.000000000000000000e+00,3.323231311595961079e-01,5.086281364437901242e-01,4.196085167925150960e-01,4.545494026074868854e-01,4.176996885098717138e-01,4.637730484850290935e-01,3.618381249118641230e-01,3.259879899818923232e-01,3.708300128240297755e-01,0.000000000000000000e+00,4.451877836138122824e-01,4.185354640571146145e-01,4.535857182403545962e-01,3.589060233036844849e-01,4.630482385064423889e-01,3.431074416276905237e-01,3.666157008231712977e-01,3.898458320149060796e-01,0.000000000000000000e+00,0.000000000000000000e+00,3.368782333140705743e-01,4.715231023020229895e-01,4.591910466687468273e-01,4.493203016967903252e-01,4.980194387277618873e-01,0.000000000000000000e+00,0.000000000000000000e+00,0.000000000000000000e+00,3.858120338770463231e-01,4.349611617994373902e-01,0.000000000000000000e+00,0.000000000000000000e+00,0.000000000000000000e+00,0.000000000000000000e+00,0.000000000000000000e+00,0.000000000000000000e+00,0.000000000000000000e+00,4.794545452705609168e-01,0.000000000000000000e+00,4.714046638915984078e-01,0.000000000000000000e+00,0.000000000000000000e+00,0.000000000000000000e+00,4.686584532961439176e-01,4.769991959318897745e-01,4.712929071679781146e-01,0.000000000000000000e+00,0.000000000000000000e+00,0.000000000000000000e+00,0.000000000000000000e+00,0.000000000000000000e+00,4.196016675512810878e-01,4.658336101171485222e-01,4.696530886477022770e-01,0.000000000000000000e+00,4.659787613569434939e-01,0.000000000000000000e+00,0.000000000000000000e+00,4.652556638714627768e-01
4.106462074191398748e-01,4.196216743573327190e-01,4.905006188831397829e-01,0.000000000000000000e+00,4.787321841834225045e-01,4.521755773675372736e-01,4.664205918242029236e-01,4.697299331304877201e-01,4.956767354448726182e-01,3.538537990812524736e-01,4.941513421329983835e-01,3.596374216318445893e-01,4.687448286930133157e-01,0.000000000000000000e+00,4.467993772407806152e-01,3.684358897481365136e-01,3.323231311595961079e-01,0.000000000000000000e+00,4.992564567247277929e-01,4.357030677262779816e-01,4.490139771422657078e-01,4.269788521253384816e-01,4.620465935152707204e-01,3.718847758815583826e-01,3.425012400404743862e-01,3.944765875649005049e-01,4.381524859478885814e-01,4.577119684330701044e-01,4.507110706771461084e-01,4.656059038932557903e-01,3.897464805732323012e-01,4.916109339125463995e-01,3.784562660705028114e-01,4.032004475526391740e-01,4.491373636683588244e-01,0.000000000000000000e+00,0.000000000000000000e+00,3.322742258653271774e-01,4.659495877262315733e-01,4.558705099139280237e-01,4.577552877910878171e-01,4.899700004730702108e-01,0.000000000000000000e+00,0.000000000000000000e+00,0.000000000000000000e+00,4.365086951380736102e-01,4.792227390259213848e-01,0.000000000000000000e+00,0.000000000000000000e+00,0.000000000000000000e+00,0.000000000000000000e+00,0.000000000000000000e+00,0.000000000000000000e+00,0.000000000000000000e+00,4.691940622676474271e-01,0.000000000000000000e+00,4.613942516525452175e-01,4.637510235077247911e-01,0.000000000000000000e+00,4.819763243480845172e-01,4.708535792653841812e-01,4.728143887200546014e-01,4.659992984919031911e-01,0.000000000000000000e+00,4.620925463857684101e-01,0.000000000000000000e+00,4.630242438514108883e-01,5.014884077029937437e-01,4.244592627948823860e-01,4.684531119329788940e-01,4.699090296863981941e-01,5.000010944651052114e-01,4.592304490537508777e-01,4.503225584229966216e-01,0.000000000000000000e+00,4.572397542542157023e-01
0.000000000000000000e+00,0.000000000000000000e+00,2.594079946593939034e-01,4.048714815392736033e-01,3.564326705078137980e-01,4.498998814627124254e-01,4.627599208369889139e-01,4.583991805040125156e-01,2.722327146117076158e-01,5.144230780874621267e-01,2.523053891843038965e-01,4.823281714148732746e-01,4.744598411025062745e-01,3.953288201709785898e-01,0.000000000000000000e+00,0.000000000000000000e+00,5.086281364437901242e-01,4.992564567247277929e-01,0.000000000000000000e+00,0.000000000000000000e+00,3.653082549571990967e-01,0.000000000000000000e+00,2.997693442236145089e-01,5.123740164890885351e-01,4.893459109215804181e-01,4.868977040556567992e-01,3.368505187650274180e-01,4.940508201587627268e-01,0.000000000000000000e+00,4.869914223522694985e-01,5.025113390239817068e-01,4.619297926619537753e-01,4.827516907115081968e-01,5.032016313556348930e-01,4.711323581270931982e-01,3.993221282689374263e-01,4.100497688131090057e-01,4.787017322229167871e-01,5.257181334400702344e-01,0.000000000000000000e+00,5.121869948593972266e-01,0.000000000000000000e+00,5.072854866872041901e-01,0.000000000000000000e+00,0.000000000000000000e+00,0.000000000000000000e+00,0.000000000000000000e+00,5.160135201947367856e-01,0.000000000000000000e+00,5.460186192885067014e-01,5.707330493886947353e-01,5.666784536379633197e-01,5.438107118950725738e-01,5.698543508913633815e-01,0.000000000000000000e+00,5.300962611560714466e-01,0.000000000000000000e+00,5.414063279722438615e-01,5.133065178583010590e-01,0.000000000000000000e+00,0.000000000000000000e+00,0.000000000000000000e+00,0.000000000000000000e+00,5.590008436558263627e-01,0.000000000000000000e+00,0.000000000000000000e+00,0.000000000000000000e+00,5.644894000060384220e-01,0.000000000000000000e+00,0.000000000000000000e+00,0.000000000000000000e+00,5.658081284848965886e-01,5.188670242367829921e-01,4.976165406340740116e-01,0.000000000000000000e+00,5.427656419374421448e-01
4.306693855231538137e-01,4.242716193807822833e-01,0.000000000000000000e+00,4.651503594021376142e-01,4.061500948400311173e-01,4.167668035437243068e-01,4.393888198912649923e-01,4.178843471543186028e-01,4.330764748213496995e-01,4.550754741908973888e-01,0.000000000000000000e+00,4.491261477658001211e-01,4.314357786736461864e-01,0.000000000000000000e+00,3.148577969061449044e-01,4.196814931505162827e-01,4.196085167925150960e-01,4.357030677262779816e-01,0.000000000000000000e+00,0.000000000000000000e+00,4.299572254101888258e-01,3.770838880743621058e-01,3.097147894945023183e-01,4.770723747485652866e-01,4.172527786412295048e-01,4.407916080520071778e-01,3.574306974659298142e-01,3.961126670246162829e-01,3.462535832272847780e-01,3.992501454697970908e-01,3.867851179159860209e-01,4.636683823278550109e-01,3.902146610360566203e-01,4.291362413072842275e-01,4.882695885493911203e-01,5.223955829830518871e-01,4.869866869765844819e-01,4.405058268821699929e-01,4.885760380765039046e-01,4.695355042225933806e-01,4.852756533696814811e-01,4.859896006719354178e-01,0.000000000000000000e+00,0.000000000000000000e+00,0.000000000000000000e+00,0.000000000000000000e+00,4.725697737632922890e-01,0.000000000000000000e+00,0.000000000000000000e+00,0.000000000000000000e+00,4.807864073357940859e-01,4.795127847415773803e-01,5.056142500008019569e-01,4.753309736467102864e-01,0.000000000000000000e+00,0.000000000000000000e+00,0.000000000000000000e+00,4.936538074374113849e-01,0.000000000000000000e+00,4.909051448072411783e-01,4.659470957195053775e-01,0.000000000000000000e+00,4.545177217461606745e-01,0.000000000000000000e+00,4.980919588173817747e-01,4.852538911312193060e-01,4.847805691948310902e-01,5.182193892888082853e-01,0.000000000000000000e+00,4.592336221426812082e-01,4.928705736800270132e-01,5.150293110894427207e-01,5.106605702646815903e-01,4.959541579210748896e-01,5.081046058313752889e-01,4.882171491444288747e-01
3.957908805655904749e-01,4.442769059411952881e-01,0.000000000000000000e+00,0.000000000000000000e+00,0.000000000000000000e+00,4.448219734808546155e-01,4.617895708835054736e-01,3.817295188993953259e-01,0.000000000000000000e+00,4.724532131921436728e-01,4.232597274309234936e-01,4.588245805032235003e-01,4.700545866949303875e-01,4.379750235699269023e-01,3.738516297016292178e-01,4.417950063673221073e-01,4.545494026074868854e-01,4.490139771422657078e-01,3.653082549571990967e-01,4.299572254101888258e-01,0.000000000000000000e+00,4.547924242891452917e-01,3.742053666098271170e-01,4.703407906662169236e-01,4.382304784438187939e-01,4.315172296215797898e-01,4.223863471155425153e-01,4.590111672200972159e-01,4.240927876942625074e-01,4.540898686184753896e-01,4.395486356542502859e-01,4.504282569044865125e-01,4.577345107047355866e-01,4.489342868560912136e-01,4.946563871951735192e-01,4.508364125842744263e-01,0.000000000000000000e+00,4.774264593620954900e-01,4.690952308148785832e-01,4.623610331979369215e-01,4.610038977953858086e-01,5.123616774282291342e-01,0.000000000000000000e+00,0.000000000000000000e+00,0.000000000000000000e+00,3.700264890664805018e-01,4.864195598398495801e-01,0.000000000000000000e+00,0.000000000000000000e+00,0.000000000000000000e+00,0.000000000000000000e+00,0.000000000000000000e+00,2.792659318864580964e-01,0.000000000000000000e+00,5.006858503042840303e-01,0.000000000000000000e+00,5.018680239154501566e-01,4.768345205828671829e-01,0.000000000000000000e+00,4.718313167841626798e-01,4.798956369692334856e-01,0.000000000000000000e+00,4.813790375350097128e-01,0.000000000000000000e+00,4.839959498077621158e-01,3.765481387154360760e-01,4.925158192476848940e-01,4.788438669019222105e-01,0.000000000000000000e+00,4.754856259511607841e-01,5.132972698105930931e-01,4.983733279935845251e-01,4.783191920612359094e-01,4.707089329348920215e-01,4.804370457164813812e-01,4.559003167695601100e-01
