0.000000000000000000e+00,4.159140414780702066e-01,5.024651829451748375e-01,0.000000000000000000e+00,4.712302942340020895e-01,4.645999482711196116e-01,4.710755321018154085e-01,5.531695941255289073e-01,4.699665256722723172e-01,4.092215012322428791e-01,0.000000000000000000e+00,3.849803587690163731e-01,4.630792776943192246e-01,5.312672992852447429e-01,4.541242817916346097e-01,4.123969879567587760e-01,3.745764078705408062e-01,3.992507925320796791e-01,0.000000000000000000e+00,4.618869708537732821e-01,4.743750195264400116e-01,4.328873632630537149e-01,4.976948054185287851e-01,3.813693139246959185e-01,3.777694828653975212e-01,3.849479362832958773e-01,4.893252651714571910e-01,4.462404783775181238e-01,4.641961531594587242e-01,0.000000000000000000e+00,3.778909696853893774e-01,4.182958152486840886e-01,3.316245036597342266e-01,3.777889854097105093e-01,4.361072058122419937e-01,0.000000000000000000e+00,0.000000000000000000e+00,4.254335670784364920e-01,4.733994354076930255e-01,4.359016298745295726e-01,4.385395437423462162e-01,4.752405177893718746e-01,0.000000000000000000e+00,0.000000000000000000e+00,0.000000000000000000e+00,4.306420759973808021e-01,4.946142391565901963e-01,0.000000000000000000e+00,0.000000000000000000e+00,0.000000000000000000e+00,4.943691399486129789e-01,0.000000000000000000e+00,5.113243936314442184e-01,0.000000000000000000e+00,0.000000000000000000e+00,0.000000000000000000e+00,0.000000000000000000e+00,4.851966918767868786e-01,0.000000000000000000e+00,4.938661478812911843e-01,4.838878095091678766e-01,0.000000000000000000e+00,4.671115475078063128e-01,0.000000000000000000e+00,0.000000000000000000e+00,3.378954734250405045e-01,4.942475782491975167e-01,5.086719338419672942e-01,3.807916030393045936e-01,4.792731257499734943e-01,4.933797718662847887e-01,4.848574478743932770e-01,0.000000000000000000e+00,4.989512254227013166e-01,0.000000000000000000e+00,4.296129473481051231e-01
4.159140414780702066e-01,0.000000000000000000e+00,4.583170346853828181e-01,0.000000000000000000e+00,4.604119579230838144e-01,4.520271296437837760e-01,4.903890866253486913e-01,5.117935206521854186e-01,4.486549740829482991e-01,3.725549444517700093e-01,0.000000000000000000e+00,3.748782226223872915e-01,4.871644656385276106e-01,0.000000000000000000e+00,4.708674937905453217e-01,4.379006757183143139e-01,4.109641130294112155e-01,4.273776036991682181e-01,0.000000000000000000e+00,4.553695508570316242e-01,4.635006835602986097e-01,4.374379021895742903e-01,4.767231946654628127e-01,3.775480688661814188e-01,3.781109404856700107e-01,4.340147075126343790e-01,4.575892022617600863e-01,4.925410971869236265e-01,4.602697645651969149e-01,4.747211403604695845e-01,3.939452611033921192e-01,4.333446435372940164e-01,3.756086212991173734e-01,3.949627355534923168e-01,4.537249792570898221e-01,4.982724636492327219e-01,0.000000000000000000e+00,0.000000000000000000e+00,4.836664293899308742e-01,4.514158700533169033e-01,4.688774143337610112e-01,4.933497548403092958e-01,0.000000000000000000e+00,0.000000000000000000e+00,0.000000000000000000e+00,4.978763587038185223e-01,4.947804567074997051e-01,0.000000000000000000e+00,0.000000000000000000e+00,0.000000000000000000e+00,4.890428435718882083e-01,4.976154684390161065e-01,5.302398655878330924e-01,0.000000000000000000e+00,0.000000000000000000e+00,0.000000000000000000e+00,0.000000000000000000e+00,4.945818696907391954e-01,0.000000000000000000e+00,5.236394799048521564e-01,4.800981386472417123e-01,4.622403837729953113e-01,4.637524488922269983e-01,0.000000000000000000e+00,4.979335728306710229e-01,5.150177325758338309e-01,5.004302424153848072e-01,5.119458679574527826e-01,4.608138424868902794e-01,4.750604035808554948e-01,5.139902660424131575e-01,4.960492784707322134e-01,4.884667924056094734e-01,4.863314863788800735e-01,0.000000000000000000e+00,4.657636590558104084e-01
5.024651829451748375e-01,4.583170346853828181e-01,0.000000000000000000e+00,0.000000000000000000e+00,4.298464152862110921e-01,3.973118605636298262e-01,4.818017565292043725e-01,4.245770423035173935e-01,3.419648088166594158e-01,4.929215772080681179e-01,3.151197572006690928e-01,4.571550444670334779e-01,5.030489444816598210e-01,4.528749034734477763e-01,4.743013769165418947e-01,4.543741322618516931e-01,0.000000000000000000e+00,0.000000000000000000e+00,2.871004771998295069e-01,4.491174255713689112e-01,4.442086660080564742e-01,4.681767498958864238e-01,3.466140047035871086e-01,4.957218176773355856e-01,4.349295813711889780e-01,4.843878793398321836e-01,3.545042499550147830e-01,5.014140041501689016e-01,4.244386347482361210e-01,4.961980667151124069e-01,5.083578887045568928e-01,4.605775335673559234e-01,4.298256461720014188e-01,4.990784595508965249e-01,4.845079446450744065e-01,4.648377340594871954e-01,4.713624500494074110e-01,4.642407078016246857e-01,4.784160447978850206e-01,4.275982370618777728e-01,5.467600895898279134e-01,5.441744063902836936e-01,5.015515716797518397e-01,0.000000000000000000e+00,0.000000000000000000e+00,0.000000000000000000e+00,4.948986362549420148e-01,4.759396883173783732e-01,0.000000000000000000e+00,5.472552727205172163e-01,5.648862286037784619e-01,5.734037825988410608e-01,5.290569614830161749e-01,5.693999262969717812e-01,0.000000000000000000e+00,4.802044700822001855e-01,4.636992760098557764e-01,5.674172101378356370e-01,5.129311667530382923e-01,5.268970453715866586e-01,0.000000000000000000e+00,0.000000000000000000e+00,0.000000000000000000e+00,3.583103325789456228e-01,5.273761187415921814e-01,0.000000000000000000e+00,4.987680781077742931e-01,5.773834273733879918e-01,0.000000000000000000e+00,0.000000000000000000e+00,4.939328350556694835e-01,5.647323907374721674e-01,5.599452766444392715e-01,5.360948874429232180e-01,5.801509949384859866e-01,5.610777128142189207e-01
0.000000000000000000e+00,0.000000000000000000e+00,0.000000000000000000e+00,0.000000000000000000e+00,3.338445804954022766e-01,0.000000000000000000e+00,3.250248632433775930e-01,0.000000000000000000e+00,4.864352153879907825e-01,2.205509841442107877e-01,3.999198210040740831e-01,4.831188339265323761e-01,3.734461670054334270e-01,3.578124144226941805e-01,0.000000000000000000e+00,0.000000000000000000e+00,0.000000000000000000e+00,0.000000000000000000e+00,4.845577342748940142e-01,0.000000000000000000e+00,0.000000000000000000e+00,0.000000000000000000e+00,0.000000000000000000e+00,0.000000000000000000e+00,0.000000000000000000e+00,0.000000000000000000e+00,0.000000000000000000e+00,3.175484373536147098e-01,0.000000000000000000e+00,0.000000000000000000e+00,3.236704760067790065e-01,3.514334434310771860e-01,0.000000000000000000e+00,3.755529005334066195e-01,3.804247529075497902e-01,2.369098505224735973e-01,2.290429673602284999e-01,4.623151649632386007e-01,0.000000000000000000e+00,0.000000000000000000e+00,0.000000000000000000e+00,0.000000000000000000e+00,0.000000000000000000e+00,0.000000000000000000e+00,0.000000000000000000e+00,0.000000000000000000e+00,0.000000000000000000e+00,0.000000000000000000e+00,0.000000000000000000e+00,0.000000000000000000e+00,0.000000000000000000e+00,0.000000000000000000e+00,0.000000000000000000e+00,0.000000000000000000e+00,0.000000000000000000e+00,0.000000000000000000e+00,0.000000000000000000e+00,5.323353409767150879e-01,0.000000000000000000e+00,0.000000000000000000e+00,0.000000000000000000e+00,0.000000000000000000e+00,0.000000000000000000e+00,0.000000000000000000e+00,0.000000000000000000e+00,0.000000000000000000e+00,0.000000000000000000e+00,4.974597692489624023e-01,0.000000000000000000e+00,0.000000000000000000e+00,0.000000000000000000e+00,0.000000000000000000e+00,0.000000000000000000e+00,0.000000000000000000e+00,0.000000000000000000e+00,0.000000000000000000e+00
4.712302942340020895e-01,4.604119579230838144e-01,4.298464152862110921e-01,3.338445804954022766e-01,0.000000000000000000e+00,4.220424875821883748e-01,3.431713645294195980e-01,4.553698330881736922e-01,3.783065416552813809e-01,4.749702452479633852e-01,3.770852329431755856e-01,4.475952450390208170e-01,4.328516296405129915e-01,3.471348803406135164e-01,4.705590378821815079e-01,4.623189015906454813e-01,4.522782428191077786e-01,4.603406799945001238e-01,4.324515116166051110e-01,4.605590155827756771e-01,4.621515784952986983e-01,4.665199674396561247e-01,4.497729217323718776e-01,4.750799415227904832e-01,4.464507634097051869e-01,4.809003780959522079e-01,4.401444147326468159e-01,4.500768010912621908e-01,4.540086747246789844e-01,0.000000000000000000e+00,4.910493142873428862e-01,4.236664390648758882e-01,4.466257395418494203e-01,4.665826228760374117e-01,4.581201612030724180e-01,3.148256954794347862e-01,2.495964885157216928e-01,4.486872102637505799e-01,4.406690925360107758e-01,0.000000000000000000e+00,5.158754965725975694e-01,0.000000000000000000e+00,4.343491445420256114e-01,0.000000000000000000e+00,0.000000000000000000e+00,0.000000000000000000e+00,4.756728548592811801e-01,5.490364855998610683e-01,0.000000000000000000e+00,5.046561150436714716e-01,5.432494813436709036e-01,5.529864389917878986e-01,5.105303113704947604e-01,5.357677191264373917e-01,0.000000000000000000e+00,4.980198654456329810e-01,0.000000000000000000e+00,5.492940949098195080e-01,4.424548625265454227e-01,5.050779616645346692e-01,0.000000000000000000e+00,0.000000000000000000e+00,0.000000000000000000e+00,5.430947590816077586e-01,5.161158945683056443e-01,0.000000000000000000e+00,4.921225641140988816e-01,5.557164927130003873e-01,0.000000000000000000e+00,0.000000000000000000e+00,5.073230671597911412e-01,5.508614167673407946e-01,5.413930610362750473e-01,5.291822934390958411e-01,0.000000000000000000e+00,0.000000000000000000e+00
4.645999482711196116e-01,4.520271296437837760e-01,3.973118605636298262e-01,0.000000000000000000e+00,4.220424875821883748e-01,0.000000000000000000e+00,4.644422776575938827e-01,4.486988524897729258e-01,3.346857845766231243e-01,4.816666571564184873e-01,4.045045726099830152e-01,4.635538725401727178e-01,4.176427880348694277e-01,4.647558647710717250e-01,4.655347445265535233e-01,4.645374923156466163e-01,4.857029136943303849e-01,4.584545544918530724e-01,4.050816584936118847e-01,4.288087851409144724e-01,4.534377305807504865e-01,4.548227001227824751e-01,4.231633845102497071e-01,4.618973647854723863e-01,4.460750882200150147e-01,4.691229056493638194e-01,3.853172343049869886e-01,4.232910125992908057e-01,3.599379677089500906e-01,4.354700242742410854e-01,4.584993614131112061e-01,4.266236265458607790e-01,4.037761452004052787e-01,4.647991843955894264e-01,4.716936945398614855e-01,4.803451729764576794e-01,4.687593668007978831e-01,4.408433527427573773e-01,4.869900136521725931e-01,4.303616636539819851e-01,5.250793696415735345e-01,0.000000000000000000e+00,4.900107628238491997e-01,0.000000000000000000e+00,0.000000000000000000e+00,4.597030818007167841e-01,4.697715197221438155e-01,5.612882018039312415e-01,0.000000000000000000e+00,5.409862764675537061e-01,5.321375943342719905e-01,5.372351070900108772e-01,4.923641561445082915e-01,5.392258973804532340e-01,0.000000000000000000e+00,5.202761790596958091e-01,0.000000000000000000e+00,5.386831545995762749e-01,4.736823304890778186e-01,5.110704352694901420e-01,4.620829279123476185e-01,0.000000000000000000e+00,0.000000000000000000e+00,5.525083538530650706e-01,5.181709916713327368e-01,4.911007489672034043e-01,4.895236882043348947e-01,5.443428863604670154e-01,0.000000000000000000e+00,4.546046960270043735e-01,4.944589698161203084e-01,5.353086453012840806e-01,5.424261872678949326e-01,5.215423520803543767e-01,5.405682477960918053e-01,5.366893890439012882e-01
4.710755321018154085e-01,4.903890866253486913e-01,4.818017565292043725e-01,3.250248632433775930e-01,3.431713645294195980e-01,4.644422776575938827e-01,0.000000000000000000e+00,5.013585866028928972e-01,4.473257655406773226e-01,4.614035890392195194e-01,4.571536487474646138e-01,4.466281640936783925e-01,3.582103923908553922e-01,3.785058270852842965e-01,4.835964183738092892e-01,5.023927247170345556e-01,4.709355827136140760e-01,4.932208286017987220e-01,5.007882945354552584e-01,4.829047688294886842e-01,4.724164355460732101e-01,4.961503563939754780e-01,4.681381425151626141e-01,4.445357621601325748e-01,4.740799795337741762e-01,4.753183267877327811e-01,4.694745890089008222e-01,3.878540656902820793e-01,4.825558535306602170e-01,4.659451514217383128e-01,4.443366864518946135e-01,4.520887676628436158e-01,4.468401550759399932e-01,4.325362876976390214e-01,4.276162683719184066e-01,3.773642140898282871e-01,3.100829000731825102e-01,4.366604265365399140e-01,4.480442377099250750e-01,4.530781734722045817e-01,4.830803384761991892e-01,4.586000321938640822e-01,4.802130095789657882e-01,0.000000000000000000e+00,4.559402568325603977e-01,4.864531035074822207e-01,4.822060472445012791e-01,5.750826355137438339e-01,0.000000000000000000e+00,0.000000000000000000e+00,5.554703926681352488e-01,5.621232101893816058e-01,5.256273676797542649e-01,5.522764014834775637e-01,0.000000000000000000e+00,5.294226894257522131e-01,0.000000000000000000e+00,5.359907888634042328e-01,3.734596967697144110e-01,5.180622894652753274e-01,4.709190156883171774e-01,0.000000000000000000e+00,0.000000000000000000e+00,5.660299202716951861e-01,5.166627264010310583e-01,0.000000000000000000e+00,4.944114785455939742e-01,5.634639546339500482e-01,0.000000000000000000e+00,4.754604520392863853e-01,4.935402378030325221e-01,5.571566843330626462e-01,5.418791500366166858e-01,5.308981170934066185e-01,0.000000000000000000e+00,5.541804845250187794e-01
5.531695941255289073e-01,5.117935206521854186e-01,4.245770423035173935e-01,0.000000000000000000e+00,4.553698330881736922e-01,4.486988524897729258e-01,5.013585866028928972e-01,0.000000000000000000e+00,4.810864157529671781e-01,5.175315815170288269e-01,3.801711232128178741e-01,0.000000000000000000e+00,4.976173064514340938e-01,4.183613065401686759e-01,4.596468945072775258e-01,5.046814819124036955e-01,0.000000000000000000e+00,5.041099903722142672e-01,4.439647111982404915e-01,4.510529040025826886e-01,4.731410268383257067e-01,4.566837798900282852e-01,3.938349405653281954e-01,5.309851184716571915e-01,5.003086261165002879e-01,5.027825759047721554e-01,4.475128497181312115e-01,4.537568380648129840e-01,4.252584193215329100e-01,4.445526734235509814e-01,4.716187048813880178e-01,3.502441973253738738e-01,3.530050610484802842e-01,4.812239130164515100e-01,5.660650134086608887e-01,3.802197757993167060e-01,5.198926329612731934e-01,0.000000000000000000e+00,4.158660663862159823e-01,0.000000000000000000e+00,5.206875688245277134e-01,0.000000000000000000e+00,3.938752522873065209e-01,0.000000000000000000e+00,0.000000000000000000e+00,0.000000000000000000e+00,0.000000000000000000e+00,5.518620429924634418e-01,0.000000000000000000e+00,4.239672801315350070e-01,5.185237210428432775e-01,5.331126259370140286e-01,3.733831948886908170e-01,5.299389835689837236e-01,0.000000000000000000e+00,4.576681149875516108e-01,0.000000000000000000e+00,5.291973361576713941e-01,4.370385139054405732e-01,5.509219775583198420e-01,0.000000000000000000e+00,0.000000000000000000e+00,0.000000000000000000e+00,5.461839633008076511e-01,5.518882323380763788e-01,5.034690041668404836e-01,5.409510818126760379e-01,5.232914121476183178e-01,0.000000000000000000e+00,5.246451683775624764e-01,5.264310125400656348e-01,5.243111616702976763e-01,5.257649690789316654e-01,5.102379287982186096e-01,5.320224561354716108e-01,5.454827549928266128e-01
4.699665256722723172e-01,4.486549740829482991e-01,3.419648088166594158e-01,4.864352153879907825e-01,3.783065416552813809e-01,3.346857845766231243e-01,4.473257655406773226e-01,4.810864157529671781e-01,0.000000000000000000e+00,5.095722995604241579e-01,3.604999427391666900e-01,4.888351154417264199e-01,4.491535254441313962e-01,4.338305456009087235e-01,4.627678057159336777e-01,4.662791033076679748e-01,5.072414065457235832e-01,4.934138172026075742e-01,3.320766798587866941e-01,4.440900064207420894e-01,4.511419505230049865e-01,4.598998974750372892e-01,4.506825779006484178e-01,4.794485494214512089e-01,4.684831137023747205e-01,4.864303808385038175e-01,3.705509528713292200e-01,5.032456713184124686e-01,4.491756597263604767e-01,4.913029291158060863e-01,5.159036424825116374e-01,4.771514563117933982e-01,4.519678070274593118e-01,5.029293313493609086e-01,4.974342849312765047e-01,4.709183453483625770e-01,4.905822266566817746e-01,4.857606433370275090e-01,4.543383698265940907e-01,4.820493416750611937e-01,5.126169634812645093e-01,0.000000000000000000e+00,4.752717054231120897e-01,0.000000000000000000e+00,4.926723716660599828e-01,0.000000000000000000e+00,4.905092619453220726e-01,5.079950961012504873e-01,0.000000000000000000e+00,5.583847800880142875e-01,5.439265033995389631e-01,5.536171255667204916e-01,5.160229721301483607e-01,5.462383351730848435e-01,0.000000000000000000e+00,5.178735657286096528e-01,4.920595707827984944e-01,5.531711008669234486e-01,4.954715808113130948e-01,5.121067104297122308e-01,4.630692882075380101e-01,0.000000000000000000e+00,0.000000000000000000e+00,5.382225485613091331e-01,5.161931594127218137e-01,5.024218445057808680e-01,4.869072941405839794e-01,5.623416519660030533e-01,0.000000000000000000e+00,0.000000000000000000e+00,5.093574352071623679e-01,5.485363558294474862e-01,5.451305844496786568e-01,5.234763229148704511e-01,0.000000000000000000e+00,5.476746412873874092e-01
4.092215012322428791e-01,3.725549444517700093e-01,4.929215772080681179e-01,2.205509841442107877e-01,4.749702452479633852e-01,4.816666571564184873e-01,4.614035890392195194e-01,5.175315815170288269e-01,5.095722995604241579e-01,0.000000000000000000e+00,4.880577734580686111e-01,2.911123712925289819e-01,4.530979668219056733e-01,3.970786802524344794e-01,0.000000000000000000e+00,4.074111665955810202e-01,3.453372695188164920e-01,3.682218088151321123e-01,5.044750870595365866e-01,0.000000000000000000e+00,4.756918834531181917e-01,4.174069339289537828e-01,4.946283885807598035e-01,3.444106512101920980e-01,3.196163334565443881e-01,2.907794184600610010e-01,4.678107144029288178e-01,4.299427875373834085e-01,4.799637181512669271e-01,4.189502464663040215e-01,3.644227075523380210e-01,3.503534558412499944e-01,3.133082393639360919e-01,3.369965923265854091e-01,3.701698674388684274e-01,3.752088804079036777e-01,3.029071046370681031e-01,2.959553678708343183e-01,3.114560642285558179e-01,4.268915519112833068e-01,3.601580475521807267e-01,4.206921458244323730e-01,3.794343365305694049e-01,0.000000000000000000e+00,3.640202483183330728e-01,3.914966802575460258e-01,0.000000000000000000e+00,0.000000000000000000e+00,0.000000000000000000e+00,0.000000000000000000e+00,0.000000000000000000e+00,4.453381451518970136e-01,0.000000000000000000e+00,0.000000000000000000e+00,4.505481315565241229e-01,0.000000000000000000e+00,4.622028164523224736e-01,4.311715450525925863e-01,0.000000000000000000e+00,0.000000000000000000e+00,4.627720971708298991e-01,4.696057159737379028e-01,4.592090348873545946e-01,0.000000000000000000e+00,0.000000000000000000e+00,0.000000000000000000e+00,0.000000000000000000e+00,5.439961332591914944e-01,4.068685707208246072e-01,4.599492487539432184e-01,4.543076312148501827e-01,0.000000000000000000e+00,4.374619694962361138e-01,0.000000000000000000e+00,0.000000000000000000e+00,4.359646522399351909e-01
0.000000000000000000e+00,0.000000000000000000e+00,3.151197572006690928e-01,3.999198210040740831e-01,3.770852329431755856e-01,4.045045726099830152e-01,4.571536487474646138e-01,3.801711232128178741e-01,3.604999427391666900e-01,4.880577734580686111e-01,0.000000000000000000e+00,4.606743455269988741e-01,4.843209353120713212e-01,3.396672655282441111e-01,0.000000000000000000e+00,0.000000000000000000e+00,0.000000000000000000e+00,0.000000000000000000e+00,2.881912264623779918e-01,0.000000000000000000e+00,4.897608357172641980e-01,0.000000000000000000e+00,3.295766536280225201e-01,4.510579657199845771e-01,4.666677228388815268e-01,0.000000000000000000e+00,3.727395675602623859e-01,4.838567701137034271e-01,0.000000000000000000e+00,4.728596690054315821e-01,4.987293767733801952e-01,4.069653596276243124e-01,4.411270528231848176e-01,4.701559152336133862e-01,4.679314494441140226e-01,3.737880801365416894e-01,2.706459049909137882e-01,4.355297038712402924e-01,3.826210337750047263e-01,0.000000000000000000e+00,4.643961924254247919e-01,0.000000000000000000e+00,4.099166965902769078e-01,0.000000000000000000e+00,0.000000000000000000e+00,0.000000000000000000e+00,0.000000000000000000e+00,3.808766901286771978e-01,0.000000000000000000e+00,4.678204957789712792e-01,5.256551892057259590e-01,5.253892816296000801e-01,4.443644579226678770e-01,5.208987690592061792e-01,0.000000000000000000e+00,2.515531385682419074e-01,0.000000000000000000e+00,5.323704619663377491e-01,4.553817103997976901e-01,0.000000000000000000e+00,0.000000000000000000e+00,0.000000000000000000e+00,0.000000000000000000e+00,1.939284144315646941e-01,0.000000000000000000e+00,0.000000000000000000e+00,0.000000000000000000e+00,5.346161800831500388e-01,0.000000000000000000e+00,0.000000000000000000e+00,0.000000000000000000e+00,5.333357468013886216e-01,5.209366607347409861e-01,0.000000000000000000e+00,0.000000000000000000e+00,5.095167160034179688e-01
3.849803587690163731e-01,3.748782226223872915e-01,4.571550444670334779e-01,4.831188339265323761e-01,4.475952450390208170e-01,4.635538725401727178e-01,4.466281640936783925e-01,0.000000000000000000e+00,4.888351154417264199e-01,2.911123712925289819e-01,4.606743455269988741e-01,0.000000000000000000e+00,4.376628450995951880e-01,4.006452958944289877e-01,0.000000000000000000e+00,3.821734317979775253e-01,3.853009549009211998e-01,3.764373742892925812e-01,4.836588347892232242e-01,4.755271483776324914e-01,4.667540215114934776e-01,0.000000000000000000e+00,4.859735923175712013e-01,2.940812994855572793e-01,3.384991044040708830e-01,2.817154961057016793e-01,4.607395656067068135e-01,4.103864404304781166e-01,0.000000000000000000e+00,0.000000000000000000e+00,3.824415037044753274e-01,3.191160166103205742e-01,2.887572603759502865e-01,2.978527285153982906e-01,3.576002562341085156e-01,3.734306018339583200e-01,3.177179169189494057e-01,2.420915335110059019e-01,2.981327682540930724e-01,4.413343098130225739e-01,3.387250883209877994e-01,0.000000000000000000e+00,3.616027174942725853e-01,0.000000000000000000e+00,3.345415725892060266e-01,4.171880781650543213e-01,0.000000000000000000e+00,4.327288367193333762e-01,0.000000000000000000e+00,0.000000000000000000e+00,0.000000000000000000e+00,4.234477491356751777e-01,0.000000000000000000e+00,0.000000000000000000e+00,4.578754944425550977e-01,0.000000000000000000e+00,4.652446199611943167e-01,4.329664873496318900e-01,0.000000000000000000e+00,0.000000000000000000e+00,4.672064016944242892e-01,4.732261535072547765e-01,4.649327828867502732e-01,0.000000000000000000e+00,0.000000000000000000e+00,0.000000000000000000e+00,0.000000000000000000e+00,4.450803940242666901e-01,4.051973429474444166e-01,4.629518434817789241e-01,4.534912354515632793e-01,0.000000000000000000e+00,3.783864258784548906e-01,0.000000000000000000e+00,0.000000000000000000e+00,4.414478032539906893e-01
4.630792776943192246e-01,4.871644656385276106e-01,5.030489444816598210e-01,3.734461670054334270e-01,4.328516296405129915e-01,4.176427880348694277e-01,3.582103923908553922e-01,4.976173064514340938e-01,4.491535254441313962e-01,4.530979668219056733e-01,4.843209353120713212e-01,4.376628450995951880e-01,0.000000000000000000e+00,4.177062423391780799e-01,4.801783238118083053e-01,5.022810685323254587e-01,4.691587009315446033e-01,4.825857615803644252e-01,5.142291591670529183e-01,4.735334168079072814e-01,4.731425255453569068e-01,4.912915149386115066e-01,4.806714751696020138e-01,4.437546237966049079e-01,4.725940565899678925e-01,4.664698192685193257e-01,4.697583871320721860e-01,3.640079787445317239e-01,4.542684314214663899e-01,3.991530339917140902e-01,4.333717709041304822e-01,4.591200042078348864e-01,4.400416612092435953e-01,4.300579501913350811e-01,4.314052235393259216e-01,4.425481729182941248e-01,4.121696678704391270e-01,4.388770142643380057e-01,4.667182476346465880e-01,4.674144641005261724e-01,4.831913581402401126e-01,4.814564364591267243e-01,5.091613709616008565e-01,0.000000000000000000e+00,4.373414607760972017e-01,4.888663112767113739e-01,4.783672715349788773e-01,5.669821132440403533e-01,0.000000000000000000e+00,5.612747783947612534e-01,5.474220952297077503e-01,5.551085130301472992e-01,5.299441788630183670e-01,5.603096385030419402e-01,4.794825096100169826e-01,5.324517452401603679e-01,4.776517765707197771e-01,5.294613178436430312e-01,0.000000000000000000e+00,5.200400368640096804e-01,4.747781219818514864e-01,0.000000000000000000e+00,4.710663650477145969e-01,5.535029520706359341e-01,5.256796469604733124e-01,4.900727274474308004e-01,4.938262214567747943e-01,5.583068215702435833e-01,0.000000000000000000e+00,4.750845481703113160e-01,4.930629968007416153e-01,5.490765047307324398e-01,5.486423884630238224e-01,5.320572706188940737e-01,0.000000000000000000e+00,5.377322725284321425e-01
5.312672992852447429e-01,0.000000000000000000e+00,4.528749034734477763e-01,3.578124144226941805e-01,3.471348803406135164e-01,4.647558647710717250e-01,3.785058270852842965e-01,4.183613065401686759e-01,4.338305456009087235e-01,3.970786802524344794e-01,3.396672655282441111e-01,4.006452958944289877e-01,4.177062423391780799e-01,0.000000000000000000e+00,0.000000000000000000e+00,0.000000000000000000e+00,0.000000000000000000e+00,0.000000000000000000e+00,4.352322608523430114e-01,0.000000000000000000e+00,5.039958143216486386e-01,0.000000000000000000e+00,4.422277709113222044e-01,5.287473114325891288e-01,0.000000000000000000e+00,4.995654120329039993e-01,4.597806373084756260e-01,3.802691351952527943e-01,0.000000000000000000e+00,0.000000000000000000e+00,4.173409141980545245e-01,2.938849066055175263e-01,2.573016749383730262e-01,4.194595288873820826e-01,4.238777183699455886e-01,2.855145201761795093e-01,2.273567145070788109e-01,4.212389473164827036e-01,3.889472994664294192e-01,0.000000000000000000e+00,0.000000000000000000e+00,0.000000000000000000e+00,4.093236564963326218e-01,0.000000000000000000e+00,0.000000000000000000e+00,0.000000000000000000e+00,0.000000000000000000e+00,5.248583829700945724e-01,0.000000000000000000e+00,4.675756881776890750e-01,0.000000000000000000e+00,0.000000000000000000e+00,4.283346350115608825e-01,4.639260219163163779e-01,0.000000000000000000e+00,4.190517535042651009e-01,0.000000000000000000e+00,5.426089359479426832e-01,4.395269896191060233e-01,0.000000000000000000e+00,0.000000000000000000e+00,0.000000000000000000e+00,0.000000000000000000e+00,5.090224503668204781e-01,0.000000000000000000e+00,0.000000000000000000e+00,0.000000000000000000e+00,5.227868637192105705e-01,0.000000000000000000e+00,0.000000000000000000e+00,0.000000000000000000e+00,0.000000000000000000e+00,0.000000000000000000e+00,0.000000000000000000e+00,0.000000000000000000e+00,0.000000000000000000e+00
4.541242817916346097e-01,4.708674937905453217e-01,4.743013769165418947e-01,0.000000000000000000e+00,4.705590378821815079e-01,4.655347445265535233e-01,4.835964183738092892e-01,4.596468945072775258e-01,4.627678057159336777e-01,0.000000000000000000e+00,0.000000000000000000e+00,0.000000000000000000e+00,4.801783238118083053e-01,0.000000000000000000e+00,0.000000000000000000e+00,4.698697450658984032e-01,0.000000000000000000e+00,4.611244615660167745e-01,0.000000000000000000e+00,3.480680974957300888e-01,4.206306765163118078e-01,4.237127447749188813e-01,4.308691998803442780e-01,4.917025815154020263e-01,4.458526980039130838e-01,4.152889961760224957e-01,4.361248888599825735e-01,4.681657584149688800e-01,4.509242676303056863e-01,0.000000000000000000e+00,4.629468694121804950e-01,4.761136620047429768e-01,4.474528990298726749e-01,4.756444561103508883e-01,5.201738735739113162e-01,5.425800085067749023e-01,0.000000000000000000e+00,0.000000000000000000e+00,5.118271444848737639e-01,5.117671032041765100e-01,5.216592619577583578e-01,5.446886493531319928e-01,0.000000000000000000e+00,0.000000000000000000e+00,0.000000000000000000e+00,5.098906146487465207e-01,5.207932155138308428e-01,0.000000000000000000e+00,0.000000000000000000e+00,0.000000000000000000e+00,5.099966255454209119e-01,0.000000000000000000e+00,5.113522699220049983e-01,0.000000000000000000e+00,0.000000000000000000e+00,0.000000000000000000e+00,0.000000000000000000e+00,5.157763044954855047e-01,0.000000000000000000e+00,5.417228120474926190e-01,5.037326606742933421e-01,0.000000000000000000e+00,5.084858206045710372e-01,0.000000000000000000e+00,5.236855876251291786e-01,5.268123151246139058e-01,5.325478614257684873e-01,5.362159143093307989e-01,0.000000000000000000e+00,4.764959864851999738e-01,5.526116059375667522e-01,5.242774864348558328e-01,4.990971042233290911e-01,5.150303757397680648e-01,0.000000000000000000e+00,5.137640837106922653e-01
4.123969879567587760e-01,4.379006757183143139e-01,4.543741322618516931e-01,0.000000000000000000e+00,4.623189015906454813e-01,4.645374923156466163e-01,5.023927247170345556e-01,5.046814819124036955e-01,4.662791033076679748e-01,4.074111665955810202e-01,0.000000000000000000e+00,3.821734317979775253e-01,5.022810685323254587e-01,0.000000000000000000e+00,4.698697450658984032e-01,0.000000000000000000e+00,4.205890677229591201e-01,3.961334753750501148e-01,0.000000000000000000e+00,4.414144763776352010e-01,4.520747784452947005e-01,3.979576841945078880e-01,4.740739352224240255e-01,3.904980699009735767e-01,4.328572827539143852e-01,4.446502750488202094e-01,4.582375467515730771e-01,4.896305519176554211e-01,4.597295293337467226e-01,4.668972732333083742e-01,4.092495903070592078e-01,4.575147860903441277e-01,3.868767096683469742e-01,4.051720371532012144e-01,4.649530209862827168e-01,0.000000000000000000e+00,0.000000000000000000e+00,0.000000000000000000e+00,4.725907691854844828e-01,4.368075486317731237e-01,4.449996150892989166e-01,4.769107113834505918e-01,0.000000000000000000e+00,0.000000000000000000e+00,0.000000000000000000e+00,4.852025026539714125e-01,4.796320342228854172e-01,0.000000000000000000e+00,0.000000000000000000e+00,0.000000000000000000e+00,4.746014907624344081e-01,0.000000000000000000e+00,0.000000000000000000e+00,0.000000000000000000e+00,0.000000000000000000e+00,0.000000000000000000e+00,4.580487768293748929e-01,4.865130327723148906e-01,0.000000000000000000e+00,4.984207328894468825e-01,4.667986891041736031e-01,4.655126564094014263e-01,4.584721133897702861e-01,0.000000000000000000e+00,5.093784429972414429e-01,4.855694587268141738e-01,4.836141362077853167e-01,5.060340379727634730e-01,0.000000000000000000e+00,4.653225446426376144e-01,4.890875727476183821e-01,4.912837429239307885e-01,0.000000000000000000e+00,4.996601737493538975e-01,0.000000000000000000e+00,4.442503807029627994e-01
3.745764078705408062e-01,4.109641130294112155e-01,0.000000000000000000e+00,0.000000000000000000e+00,4.522782428191077786e-01,4.857029136943303849e-01,4.709355827136140760e-01,0.000000000000000000e+00,5.072414065457235832e-01,3.453372695188164920e-01,0.000000000000000000e+00,3.853009549009211998e-01,4.691587009315446033e-01,0.000000000000000000e+00,0.000000000000000000e+00,4.205890677229591201e-01,0.000000000000000000e+00,3.563456608979442275e-01,4.968864653310434143e-01,4.357132440819664887e-01,0.000000000000000000e+00,4.263022849659913738e-01,0.000000000000000000e+00,3.922779675014563816e-01,3.485310263323382896e-01,3.768476104007550953e-01,4.239176177736718731e-01,4.476253132772631260e-01,4.493602471353687067e-01,0.000000000000000000e+00,3.955442772740728752e-01,4.325208291390553184e-01,3.267763750839369763e-01,3.868981588218941003e-01,3.992758033639858817e-01,0.000000000000000000e+00,0.000000000000000000e+00,3.604809857466512724e-01,4.562826534259017963e-01,4.842336612907425786e-01,4.514298772089271883e-01,4.380354451283728912e-01,0.000000000000000000e+00,0.000000000000000000e+00,0.000000000000000000e+00,4.618535927945385255e-01,4.484062558101564733e-01,0.000000000000000000e+00,0.000000000000000000e+00,0.000000000000000000e+00,0.000000000000000000e+00,0.000000000000000000e+00,0.000000000000000000e+00,0.000000000000000000e+00,4.904134040258099070e-01,0.000000000000000000e+00,4.938473825543661100e-01,0.000000000000000000e+00,0.000000000000000000e+00,0.000000000000000000e+00,4.655028426320945156e-01,4.804352374363569100e-01,4.741347954357507111e-01,0.000000000000000000e+00,0.000000000000000000e+00,0.000000000000000000e+00,0.000000000000000000e+00,0.000000000000000000e+00,4.367784648876448239e-01,4.766320275741546819e-01,4.756636395194865918e-01,0.000000000000000000e+00,0.000000000000000000e+00,0.000000000000000000e+00,0.000000000000000000e+00,4.611678397943583252e-01
3.992507925320796791e-01,4.273776036991682181e-01,0.000000000000000000e+00,0.000000000000000000e+00,4.603406799945001238e-01,4.584545544918530724e-01,4.932208286017987220e-01,5.041099903722142672e-01,4.934138172026075742e-01,3.682218088151321123e-01,0.000000000000000000e+00,3.764373742892925812e-01,4.825857615803644252e-01,0.000000000000000000e+00,4.611244615660167745e-01,3.961334753750501148e-01,3.563456608979442275e-01,0.000000000000000000e+00,0.000000000000000000e+00,4.545787986453234120e-01,4.491860269478679113e-01,4.269793991892856244e-01,4.707767703641276835e-01,3.769765187734940848e-01,3.742458024854571907e-01,3.913360351191725872e-01,4.467248701944053768e-01,4.698393581032644928e-01,4.702991905253389171e-01,4.528740740609076831e-01,4.032798613028313883e-01,4.453167914592969234e-01,3.444285141716608156e-01,3.946796621274862860e-01,4.183300537115953732e-01,0.000000000000000000e+00,0.000000000000000000e+00,3.593639090002349046e-01,4.499497050701061207e-01,4.419145243261958789e-01,4.384475976799676045e-01,4.428615966151027150e-01,0.000000000000000000e+00,0.000000000000000000e+00,0.000000000000000000e+00,4.453317212269953806e-01,4.618054541703913163e-01,0.000000000000000000e+00,0.000000000000000000e+00,0.000000000000000000e+00,4.642560309615824110e-01,0.000000000000000000e+00,0.000000000000000000e+00,0.000000000000000000e+00,4.808178782272360952e-01,0.000000000000000000e+00,4.767211665380132746e-01,4.609591586398483765e-01,0.000000000000000000e+00,0.000000000000000000e+00,4.531051939594312183e-01,4.655170120623263186e-01,4.577536790346030116e-01,0.000000000000000000e+00,4.581072317423033891e-01,0.000000000000000000e+00,4.581071028331141215e-01,4.773454133497083141e-01,4.332301092985956781e-01,4.653791177825781222e-01,4.614265408063367158e-01,4.497825447221329154e-01,0.000000000000000000e+00,4.700063233498378845e-01,0.000000000000000000e+00,4.417673326082848795e-01
0.000000000000000000e+00,0.000000000000000000e+00,2.871004771998295069e-01,4.845577342748940142e-01,4.324515116166051110e-01,4.050816584936118847e-01,5.007882945354552584e-01,4.439647111982404915e-01,3.320766798587866941e-01,5.044750870595365866e-01,2.881912264623779918e-01,4.836588347892232242e-01,5.142291591670529183e-01,4.352322608523430114e-01,0.000000000000000000e+00,0.000000000000000000e+00,4.968864653310434143e-01,0.000000000000000000e+00,0.000000000000000000e+00,0.000000000000000000e+00,0.000000000000000000e+00,0.000000000000000000e+00,3.429225413173911940e-01,4.956132066677850778e-01,4.859190043819909266e-01,4.825135420220968974e-01,3.617828467563560801e-01,5.124387522842420717e-01,5.041844874547160016e-01,5.145532650844157896e-01,5.222059059755438382e-01,4.583927403475847040e-01,4.536620724463816812e-01,4.984178533022157187e-01,4.921516434816279872e-01,4.615960467886903729e-01,4.879070315030484828e-01,4.596924065109130875e-01,4.288840179643271244e-01,4.781455038602041019e-01,5.125697696988742447e-01,0.000000000000000000e+00,4.570962312098901803e-01,0.000000000000000000e+00,0.000000000000000000e+00,0.000000000000000000e+00,0.000000000000000000e+00,4.671483790434537986e-01,0.000000000000000000e+00,5.080281370586260392e-01,5.560902413589590143e-01,5.641573180569773305e-01,5.067057319960280859e-01,5.540971096250415506e-01,0.000000000000000000e+00,3.885335206391186125e-01,0.000000000000000000e+00,5.628084910736832480e-01,4.773276756456759085e-01,0.000000000000000000e+00,0.000000000000000000e+00,0.000000000000000000e+00,0.000000000000000000e+00,3.330513599858114793e-01,0.000000000000000000e+00,0.000000000000000000e+00,0.000000000000000000e+00,5.672090339396977932e-01,0.000000000000000000e+00,0.000000000000000000e+00,0.000000000000000000e+00,5.572466140025676973e-01,5.608641444300651591e-01,5.360032851664131570e-01,0.000000000000000000e+00,5.581972888926945986e-01
4.618869708537732821e-01,4.553695508570316242e-01,4.491174255713689112e-01,0.000000000000000000e+00,4.605590155827756771e-01,4.288087851409144724e-01,4.829047688294886842e-01,4.510529040025826886e-01,4.440900064207420894e-01,0.000000000000000000e+00,0.000000000000000000e+00,4.755271483776324914e-01,4.735334168079072814e-01,0.000000000000000000e+00,3.480680974957300888e-01,4.414144763776352010e-01,4.357132440819664887e-01,4.545787986453234120e-01,0.000000000000000000e+00,0.000000000000000000e+00,4.624366514812934259e-01,3.984617966664252831e-01,3.198545237430147070e-01,4.661403064686044928e-01,4.448662151940018794e-01,4.469249186360164106e-01,3.803614389453672251e-01,4.232625983330300934e-01,3.611598611419585270e-01,4.118093148264210246e-01,4.166909473980350276e-01,4.634168625439979983e-01,4.058264929773451879e-01,4.516221286388691913e-01,5.053782894471506859e-01,5.387348727826395400e-01,5.015662964892585451e-01,0.000000000000000000e+00,4.920557909701568922e-01,4.578611509639606836e-01,5.127049482240412237e-01,5.190410632737790797e-01,5.035118288696015521e-01,0.000000000000000000e+00,0.000000000000000000e+00,4.743971555742018120e-01,4.735525454842032245e-01,0.000000000000000000e+00,0.000000000000000000e+00,0.000000000000000000e+00,5.130337381918347317e-01,5.364083027769256384e-01,5.172436233262422967e-01,0.000000000000000000e+00,0.000000000000000000e+00,0.000000000000000000e+00,0.000000000000000000e+00,5.242124902293207045e-01,0.000000000000000000e+00,5.203252278316206070e-01,4.745835599620150114e-01,0.000000000000000000e+00,4.681094333801026908e-01,0.000000000000000000e+00,5.210189547864547688e-01,5.101297662536214972e-01,5.046727373786620285e-01,5.279002462247288641e-01,0.000000000000000000e+00,4.654363652265334217e-01,4.946164461332072104e-01,5.236095215026066452e-01,5.164072838054736270e-01,5.140013481647088822e-01,5.291796206829174620e-01,5.123750464346510380e-01
4.743750195264400116e-01,4.635006835602986097e-01,4.442086660080564742e-01,0.000000000000000000e+00,4.621515784952986983e-01,4.534377305807504865e-01,4.724164355460732101e-01,4.731410268383257067e-01,4.511419505230049865e-01,4.756918834531181917e-01,4.897608357172641980e-01,4.667540215114934776e-01,4.731425255453569068e-01,5.039958143216486386e-01,4.206306765163118078e-01,4.520747784452947005e-01,0.000000000000000000e+00,4.491860269478679113e-01,0.000000000000000000e+00,4.624366514812934259e-01,0.000000000000000000e+00,4.757548875060009230e-01,4.373670618573677893e-01,4.879129905697762726e-01,4.540625305225832742e-01,4.427817486241997780e-01,4.609959490141796179e-01,4.503691804399779786e-01,4.520382154391404117e-01,0.000000000000000000e+00,4.583987006771602091e-01,4.578487056577408842e-01,3.986576601548881271e-01,4.645386552732537200e-01,5.050138961089885026e-01,5.457959544002574104e-01,0.000000000000000000e+00,0.000000000000000000e+00,5.003775031149712005e-01,4.708085084721357894e-01,5.002069512878341007e-01,5.340770196218418420e-01,0.000000000000000000e+00,0.000000000000000000e+00,0.000000000000000000e+00,4.879498188497831124e-01,5.128219269323083251e-01,5.491166260418836043e-01,0.000000000000000000e+00,0.000000000000000000e+00,5.015644407930103243e-01,0.000000000000000000e+00,3.983343511553327776e-01,0.000000000000000000e+00,0.000000000000000000e+00,0.000000000000000000e+00,0.000000000000000000e+00,5.123479463441236170e-01,0.000000000000000000e+00,5.241703341693682017e-01,4.876819255626412275e-01,0.000000000000000000e+00,0.000000000000000000e+00,0.000000000000000000e+00,5.076345559152557474e-01,4.419188641775245174e-01,5.188648299578373368e-01,5.137155377651658750e-01,0.000000000000000000e+00,4.762225679324362804e-01,5.382850321464143217e-01,5.258424817476424762e-01,5.069551267705131314e-01,5.021229533844818738e-01,0.000000000000000000e+00,4.963867802774787896e-01
