0.000000000000000000e+00,4.542751824366508817e-01,0.000000000000000000e+00,0.000000000000000000e+00,0.000000000000000000e+00,4.675877708086425000e-01,0.000000000000000000e+00,5.530754313725932958e-01,0.000000000000000000e+00,4.314770309913887880e-01,0.000000000000000000e+00,4.037579837478388889e-01,4.986926075071427267e-01,0.000000000000000000e+00,4.317231425569583725e-01,4.200189266970484891e-01,4.233834123713838271e-01,4.146497141988126911e-01,0.000000000000000000e+00,4.993240894344652125e-01,4.757592169111674041e-01,4.578143822160262166e-01,5.088264424836600464e-01,3.972005002712047927e-01,4.161196146605203872e-01,3.822280347214310203e-01,5.081880864312963153e-01,5.287409735263552957e-01,5.070177829282245252e-01,5.142215926787574443e-01,4.396489827929829231e-01,4.850095457064602100e-01,4.006524424408395846e-01,4.185064465550353274e-01,4.734848787828224159e-01,5.885190367698669434e-01,0.000000000000000000e+00,0.000000000000000000e+00,5.094885501254710070e-01,4.955626569246815993e-01,4.762199656333114817e-01,5.024009479293846114e-01,0.000000000000000000e+00,0.000000000000000000e+00,0.000000000000000000e+00,4.396910752632878228e-01,5.243462218121505147e-01,0.000000000000000000e+00,0.000000000000000000e+00,0.000000000000000000e+00,4.736448151381805749e-01,0.000000000000000000e+00,0.000000000000000000e+00,0.000000000000000000e+00,4.963527026242240958e-01,0.000000000000000000e+00,4.809607559419367129e-01,0.000000000000000000e+00,0.000000000000000000e+00,4.610212254321681136e-01,5.028810398853240660e-01,0.000000000000000000e+00,4.782507901381249926e-01,0.000000000000000000e+00,0.000000000000000000e+00,4.197066074106765021e-01,5.029112079675758240e-01,4.724761411541005263e-01,4.005775762674880225e-01,4.931381946683189854e-01,5.058733714186548491e-01,0.000000000000000000e+00,0.000000000000000000e+00,4.773211988322165200e-01,0.000000000000000000e+00,5.303102135658264160e-01
4.542751824366508817e-01,0.000000000000000000e+00,4.348066579615875171e-01,0.000000000000000000e+00,4.356151059923111801e-01,4.260727481974110886e-01,4.457007701901646857e-01,4.452531450301173144e-01,4.186831343628347746e-01,3.499276698729050783e-01,0.000000000000000000e+00,0.000000000000000000e+00,4.457895875461693747e-01,0.000000000000000000e+00,4.714600977999676146e-01,4.179988804237880773e-01,3.797303439650887014e-01,4.067235212831566971e-01,0.000000000000000000e+00,4.530123216196106917e-01,4.706174977072455912e-01,4.338431906224000101e-01,4.511609206149673201e-01,0.000000000000000000e+00,3.983666872420641991e-01,4.304231499949627837e-01,4.294752907957590238e-01,4.555761993629459106e-01,4.434647356752263736e-01,0.000000000000000000e+00,3.974007723080307808e-01,4.580705672652162774e-01,3.941680267893271084e-01,4.072026590265255819e-01,4.611170088021929736e-01,0.000000000000000000e+00,0.000000000000000000e+00,0.000000000000000000e+00,5.275115276860874447e-01,4.863313511904250874e-01,4.959694204412928853e-01,5.219878477153767626e-01,0.000000000000000000e+00,0.000000000000000000e+00,0.000000000000000000e+00,5.223298884226733607e-01,5.011368622195286893e-01,0.000000000000000000e+00,0.000000000000000000e+00,0.000000000000000000e+00,4.771309919115552245e-01,0.000000000000000000e+00,5.323059868306017073e-01,0.000000000000000000e+00,0.000000000000000000e+00,0.000000000000000000e+00,0.000000000000000000e+00,4.863330082915122143e-01,0.000000000000000000e+00,5.338731506433133100e-01,4.942997116104734801e-01,0.000000000000000000e+00,4.867454839716103265e-01,0.000000000000000000e+00,4.997086636603115806e-01,5.266470958487293741e-01,5.015257340910553863e-01,5.121077190624840902e-01,0.000000000000000000e+00,5.016957006496935989e-01,5.355195572019916250e-01,4.968739727421900843e-01,4.897374534555464787e-01,4.851794290623330785e-01,0.000000000000000000e+00,4.783143671778907757e-01
0.000000000000000000e+00,4.348066579615875171e-01,0.000000000000000000e+00,5.430589637407833292e-01,4.133831737456883926e-01,3.965258327527855231e-01,4.520414371554183908e-01,4.568980786375326786e-01,3.507614054885033750e-01,4.938434244282461916e-01,3.189752880341111263e-01,4.690276877840383052e-01,4.758464989020670943e-01,4.148790654844626835e-01,0.000000000000000000e+00,4.659355783418410724e-01,5.086357054552843593e-01,0.000000000000000000e+00,2.664552953931709767e-01,0.000000000000000000e+00,0.000000000000000000e+00,4.594376318502613743e-01,3.699145993603393801e-01,0.000000000000000000e+00,4.475175264579441814e-01,4.693063769421795817e-01,3.400702006545238132e-01,4.873114336719078787e-01,4.401926457748782107e-01,4.907987160002805771e-01,4.981009288999675988e-01,4.743262050336651825e-01,4.445470876235196878e-01,5.014106565593395848e-01,5.199163242246355177e-01,4.594519490625849079e-01,4.933178908132432872e-01,4.762763984156301866e-01,5.350842236696168319e-01,4.893073172020452888e-01,5.399237688038633909e-01,5.488627836334074583e-01,5.105951632493372916e-01,0.000000000000000000e+00,0.000000000000000000e+00,0.000000000000000000e+00,0.000000000000000000e+00,3.910921713432298774e-01,0.000000000000000000e+00,5.160394559848390239e-01,5.705731248727883287e-01,5.573514937673845759e-01,5.226955746584930340e-01,5.412725581023147825e-01,4.925694957854329092e-01,2.896713222273151755e-01,5.067987289103362825e-01,5.350164242534755088e-01,5.283000751457186395e-01,0.000000000000000000e+00,0.000000000000000000e+00,0.000000000000000000e+00,0.000000000000000000e+00,2.975966351541400878e-01,4.823837899783555150e-01,0.000000000000000000e+00,0.000000000000000000e+00,5.709396525443529713e-01,0.000000000000000000e+00,0.000000000000000000e+00,0.000000000000000000e+00,5.806989600641925264e-01,5.409509820253169954e-01,5.219565567690742647e-01,0.000000000000000000e+00,5.338076889551692794e-01
0.000000000000000000e+00,0.000000000000000000e+00,5.430589637407833292e-01,0.000000000000000000e+00,3.430777658022881038e-01,4.726188608450928030e-01,3.351055621448825184e-01,4.410187953095924818e-01,4.876050313239126965e-01,0.000000000000000000e+00,4.276489636129112148e-01,0.000000000000000000e+00,4.273939153408917169e-01,3.742176001799181195e-01,0.000000000000000000e+00,0.000000000000000000e+00,0.000000000000000000e+00,0.000000000000000000e+00,4.994484864737356866e-01,6.237685680389404297e-01,0.000000000000000000e+00,0.000000000000000000e+00,5.204727510386379929e-01,0.000000000000000000e+00,0.000000000000000000e+00,0.000000000000000000e+00,5.075551232346544595e-01,3.600151260864746794e-01,5.332825508129143133e-01,0.000000000000000000e+00,4.288337926091788099e-01,4.197058928673267908e-01,0.000000000000000000e+00,3.916844549239051898e-01,4.627864632768871056e-01,2.785593310558669988e-01,2.067481623050436979e-01,0.000000000000000000e+00,0.000000000000000000e+00,0.000000000000000000e+00,0.000000000000000000e+00,0.000000000000000000e+00,0.000000000000000000e+00,0.000000000000000000e+00,0.000000000000000000e+00,0.000000000000000000e+00,0.000000000000000000e+00,0.000000000000000000e+00,0.000000000000000000e+00,0.000000000000000000e+00,0.000000000000000000e+00,0.000000000000000000e+00,0.000000000000000000e+00,0.000000000000000000e+00,0.000000000000000000e+00,0.000000000000000000e+00,0.000000000000000000e+00,0.000000000000000000e+00,0.000000000000000000e+00,0.000000000000000000e+00,0.000000000000000000e+00,0.000000000000000000e+00,0.000000000000000000e+00,0.000000000000000000e+00,0.000000000000000000e+00,0.000000000000000000e+00,0.000000000000000000e+00,0.000000000000000000e+00,0.000000000000000000e+00,0.000000000000000000e+00,0.000000000000000000e+00,0.000000000000000000e+00,0.000000000000000000e+00,0.000000000000000000e+00,0.000000000000000000e+00,0.000000000000000000e+00
0.000000000000000000e+00,4.356151059923111801e-01,4.133831737456883926e-01,3.430777658022881038e-01,0.000000000000000000e+00,4.019003183503340737e-01,3.701284037321717069e-01,4.497291351191823883e-01,3.550554499363430261e-01,5.069026408169694520e-01,3.559548379030532117e-01,4.807158672202522798e-01,4.434464702467182939e-01,3.582864418535833262e-01,0.000000000000000000e+00,4.771205158374545729e-01,4.934619711167035905e-01,4.960879440768736770e-01,3.976965782604484079e-01,0.000000000000000000e+00,0.000000000000000000e+00,4.863928616073938116e-01,4.438709971837261903e-01,4.953447840829569015e-01,4.548546533141882842e-01,5.013224141211337637e-01,4.223164518985764726e-01,4.461023044043246899e-01,4.325375595222654135e-01,4.761122272006438894e-01,4.998093112208886191e-01,4.352044585144996258e-01,4.416314839556276239e-01,4.965681145203384994e-01,4.944832150080589739e-01,3.187476874849237141e-01,3.206283893779303118e-01,4.703551544139243923e-01,5.046874205409236369e-01,0.000000000000000000e+00,5.447442444267093231e-01,0.000000000000000000e+00,4.792088843521037922e-01,0.000000000000000000e+00,0.000000000000000000e+00,0.000000000000000000e+00,0.000000000000000000e+00,5.654891892609319459e-01,0.000000000000000000e+00,5.255687123657658555e-01,5.584614547237923832e-01,5.415325258688590271e-01,5.155323745929063506e-01,5.662225876321447249e-01,5.166564715628317872e-01,4.672068504852445181e-01,0.000000000000000000e+00,5.368910588917426008e-01,4.998317777982954069e-01,0.000000000000000000e+00,0.000000000000000000e+00,0.000000000000000000e+00,0.000000000000000000e+00,5.340085276919943613e-01,4.835956406954097231e-01,0.000000000000000000e+00,5.050999486297331753e-01,5.609710289832504637e-01,0.000000000000000000e+00,0.000000000000000000e+00,0.000000000000000000e+00,5.616900385965003517e-01,5.448818804582906683e-01,5.303214532163015305e-01,0.000000000000000000e+00,5.392708650642554780e-01
4.675877708086425000e-01,4.260727481974110886e-01,3.965258327527855231e-01,4.726188608450928030e-01,4.019003183503340737e-01,0.000000000000000000e+00,4.221864426015489169e-01,4.367878287582890873e-01,3.330981325814004745e-01,4.761319227433388201e-01,4.175048440604893774e-01,4.737359498837522276e-01,4.017514856432108927e-01,4.922971760479742942e-01,4.449489021226413210e-01,4.737540149498011832e-01,4.514336883225478769e-01,4.667373694618763835e-01,3.855949463119089926e-01,4.180020411967506067e-01,4.529760132185965960e-01,4.540732281598213738e-01,4.067694280511864879e-01,4.843842449564311203e-01,4.207410721050662827e-01,4.145530892047616933e-01,3.709795990122973230e-01,4.062795124558152837e-01,3.485808872069039999e-01,4.490890527367477070e-01,4.544390113815027776e-01,4.472286922748016091e-01,4.022011116867401093e-01,4.672652938741719830e-01,4.746900784581840060e-01,4.888663311631575858e-01,4.896080044796932151e-01,4.571034368140464155e-01,5.323035005624534577e-01,4.603188435260817113e-01,5.461045744756020115e-01,5.458766516140326486e-01,4.925114547055571834e-01,0.000000000000000000e+00,4.440745443960010808e-01,0.000000000000000000e+00,4.684103644751219098e-01,5.705742622414092802e-01,0.000000000000000000e+00,5.434163389774302466e-01,5.421978074179946150e-01,5.543829803011346424e-01,5.092053099102090696e-01,5.726457266870570439e-01,5.146047629141474733e-01,5.218776925244386078e-01,4.549742221222757843e-01,5.354394952538306107e-01,0.000000000000000000e+00,5.065259347146776614e-01,4.618059741223419223e-01,0.000000000000000000e+00,0.000000000000000000e+00,5.520782604505727331e-01,5.044357630908784529e-01,4.878252414279101168e-01,4.873604309767217146e-01,5.487039057325130420e-01,0.000000000000000000e+00,4.596319695793131266e-01,4.868382135817925227e-01,5.444079519109339405e-01,5.415896596515668016e-01,5.257315068157996096e-01,5.390721205172357422e-01,5.352113443315973385e-01
0.000000000000000000e+00,4.457007701901646857e-01,4.520414371554183908e-01,3.351055621448825184e-01,3.701284037321717069e-01,4.221864426015489169e-01,0.000000000000000000e+00,4.713626112438141225e-01,4.136402266362350089e-01,4.782217608792426189e-01,4.522798475417619812e-01,4.594169533883948886e-01,3.764080412376927809e-01,3.910344151022718817e-01,0.000000000000000000e+00,4.903428962077595044e-01,4.688951894944536902e-01,4.658287618315791745e-01,4.624622813076291195e-01,4.563570457357162269e-01,4.784057920879273840e-01,4.789245712666256871e-01,4.574966666375940849e-01,4.753904411718402057e-01,4.367951826578098107e-01,4.488925589105218772e-01,4.453846345009385144e-01,4.207854399354299946e-01,4.500758887065298142e-01,4.615865858725701765e-01,4.644124312459769754e-01,4.618300857195145048e-01,4.419329097955657093e-01,4.602564195182617945e-01,4.946239095662816054e-01,3.823663407285388116e-01,3.880728560052362774e-01,4.345976770706591052e-01,5.140637172086941487e-01,0.000000000000000000e+00,5.525912085744746349e-01,5.246486361304348867e-01,4.938332320452785140e-01,0.000000000000000000e+00,0.000000000000000000e+00,0.000000000000000000e+00,0.000000000000000000e+00,5.737487002269265890e-01,0.000000000000000000e+00,5.373223733999831220e-01,5.516774196564232513e-01,5.693336156916527502e-01,5.137792863645163077e-01,5.735744676462228853e-01,0.000000000000000000e+00,4.852059199794023225e-01,0.000000000000000000e+00,5.416736763327688609e-01,5.146586862960335074e-01,0.000000000000000000e+00,0.000000000000000000e+00,0.000000000000000000e+00,0.000000000000000000e+00,5.375916362461865550e-01,5.254161087840540922e-01,0.000000000000000000e+00,0.000000000000000000e+00,5.527153724094763243e-01,0.000000000000000000e+00,0.000000000000000000e+00,4.946300611248118928e-01,5.534716030858112257e-01,5.411321554871435513e-01,5.369632415692254801e-01,0.000000000000000000e+00,5.413139803652923243e-01
5.530754313725932958e-01,4.452531450301173144e-01,4.568980786375326786e-01,4.410187953095924818e-01,4.497291351191823883e-01,4.367878287582890873e-01,4.713626112438141225e-01,0.000000000000000000e+00,4.690996203976455781e-01,4.930236342267020899e-01,3.480284724334111734e-01,5.104265896699168303e-01,4.804754168075509035e-01,4.255892670629937147e-01,4.785969931378561970e-01,4.626907290794644023e-01,0.000000000000000000e+00,4.937988772139645932e-01,4.078596434011004246e-01,4.198878685161483992e-01,4.540080642777281072e-01,4.524822238403943819e-01,3.951972430181430740e-01,5.449396813617233271e-01,4.964771153712342899e-01,5.182587873417747737e-01,4.600495870415852728e-01,4.778694701233889841e-01,4.222479168809101790e-01,4.517358217123811914e-01,4.800373330318665199e-01,4.361313515177592803e-01,4.362775022219945731e-01,4.927681797767066163e-01,5.004207210977337228e-01,3.968402936438568118e-01,4.419706580294002207e-01,0.000000000000000000e+00,5.272186802656338989e-01,0.000000000000000000e+00,5.427181252528943123e-01,5.441218692150499026e-01,5.083962735183702453e-01,0.000000000000000000e+00,0.000000000000000000e+00,0.000000000000000000e+00,0.000000000000000000e+00,5.255662514009100672e-01,0.000000000000000000e+00,5.013414246411890263e-01,5.351707467950053143e-01,5.429686987865064429e-01,5.184705560858897666e-01,5.625567417208107157e-01,5.059885947753625102e-01,4.682499872929026252e-01,0.000000000000000000e+00,5.255696224301783515e-01,0.000000000000000000e+00,5.315110237037606877e-01,0.000000000000000000e+00,0.000000000000000000e+00,0.000000000000000000e+00,5.008996580269577947e-01,5.457818384173496185e-01,5.147210382673057527e-01,0.000000000000000000e+00,5.387684243745304302e-01,0.000000000000000000e+00,0.000000000000000000e+00,5.495068673441328988e-01,5.465076577739719221e-01,5.346177783992357435e-01,5.321284160860617618e-01,5.104700633726872994e-01,5.165588679129914373e-01
0.000000000000000000e+00,4.186831343628347746e-01,3.507614054885033750e-01,4.876050313239126965e-01,3.550554499363430261e-01,3.330981325814004745e-01,4.136402266362350089e-01,4.690996203976455781e-01,0.000000000000000000e+00,5.052720251702279564e-01,3.091188176392634102e-01,4.853926987332445875e-01,4.065953514611266861e-01,4.561185624058187726e-01,0.000000000000000000e+00,4.661968230207170771e-01,5.030428185554185472e-01,4.872259118591190097e-01,2.853162734329406924e-01,4.302644971158353093e-01,0.000000000000000000e+00,4.535579659765244798e-01,4.237069699454827920e-01,5.017645183517444041e-01,4.355838157790642984e-01,4.742669982348597935e-01,3.576332260469802238e-01,4.813637735864412792e-01,4.134437955621934058e-01,4.730228523043428779e-01,4.956303480954423746e-01,4.670600862726411728e-01,4.483861878074953955e-01,4.971082772194919119e-01,4.960978688303571138e-01,4.742589488648196183e-01,4.853423479646535865e-01,4.638117332682076821e-01,5.339006212742969382e-01,0.000000000000000000e+00,5.511801435493053347e-01,5.699533012674876664e-01,5.161379190981502108e-01,0.000000000000000000e+00,0.000000000000000000e+00,0.000000000000000000e+00,0.000000000000000000e+00,5.752171279553176531e-01,0.000000000000000000e+00,5.524947457495144043e-01,5.636305454209359356e-01,5.619125660583069726e-01,5.336362234286391448e-01,5.759047515210378165e-01,5.388392038292713071e-01,4.686090317002222227e-01,4.911081495344197800e-01,5.427356571700621135e-01,5.355218658599576464e-01,0.000000000000000000e+00,0.000000000000000000e+00,0.000000000000000000e+00,0.000000000000000000e+00,5.479645490891686954e-01,4.784856750747580878e-01,0.000000000000000000e+00,4.781473988633779815e-01,5.642527431156110218e-01,0.000000000000000000e+00,0.000000000000000000e+00,4.766406577815930912e-01,5.698186776774583073e-01,5.440574929842246776e-01,5.195955869026122054e-01,5.551944460833493356e-01,5.459436726791859762e-01
4.314770309913887880e-01,3.499276698729050783e-01,4.938434244282461916e-01,0.000000000000000000e+00,5.069026408169694520e-01,4.761319227433388201e-01,4.782217608792426189e-01,4.930236342267020899e-01,5.052720251702279564e-01,0.000000000000000000e+00,4.932409896465462240e-01,3.520547033280048144e-01,4.682533725839269079e-01,4.743977739555242934e-01,0.000000000000000000e+00,3.874159654002776176e-01,3.462504327287705963e-01,3.678575447495501805e-01,4.979207958072616180e-01,4.316283279213031232e-01,4.796019999523489785e-01,4.251678714382343127e-01,4.823999203706905159e-01,3.504194655411475012e-01,3.400156752141080263e-01,3.752085394852859856e-01,4.638001816159930124e-01,4.491868236346527876e-01,4.454321847855691741e-01,5.000582403971139955e-01,3.829216945842424114e-01,4.109688751043649724e-01,3.307702282111096848e-01,3.460814553828081008e-01,3.604123957177385873e-01,4.418506542753093957e-01,2.792996702726647240e-01,3.193593114753494056e-01,3.368800588140233865e-01,4.885757190673383210e-01,3.707807687940127273e-01,0.000000000000000000e+00,3.861769870487287148e-01,0.000000000000000000e+00,4.165606570503794792e-01,0.000000000000000000e+00,0.000000000000000000e+00,0.000000000000000000e+00,0.000000000000000000e+00,0.000000000000000000e+00,5.467610495013383032e-01,0.000000000000000000e+00,0.000000000000000000e+00,0.000000000000000000e+00,5.099264335701574336e-01,0.000000000000000000e+00,4.942274068469740822e-01,0.000000000000000000e+00,0.000000000000000000e+00,0.000000000000000000e+00,4.784297878579817920e-01,4.996283537044718948e-01,4.933256784116263893e-01,0.000000000000000000e+00,0.000000000000000000e+00,0.000000000000000000e+00,0.000000000000000000e+00,5.465144794981171561e-01,4.454631616124083981e-01,4.972806369624129808e-01,4.994948331278257769e-01,5.403723821324328824e-01,0.000000000000000000e+00,0.000000000000000000e+00,0.000000000000000000e+00,4.860911008262461253e-01
0.000000000000000000e+00,0.000000000000000000e+00,3.189752880341111263e-01,4.276489636129112148e-01,3.559548379030532117e-01,4.175048440604893774e-01,4.522798475417619812e-01,3.480284724334111734e-01,3.091188176392634102e-01,4.932409896465462240e-01,0.000000000000000000e+00,4.867425736716500251e-01,4.778869855405016853e-01,3.208794911817434148e-01,0.000000000000000000e+00,0.000000000000000000e+00,5.024576345693319013e-01,5.061476288776179944e-01,2.599525861197741206e-01,0.000000000000000000e+00,0.000000000000000000e+00,0.000000000000000000e+00,3.378937248187515174e-01,4.943027354295931874e-01,4.978634133068214895e-01,5.009899451344879129e-01,3.678116455873475799e-01,4.845599529449490239e-01,4.716187299910523101e-01,0.000000000000000000e+00,5.072564361886275908e-01,4.498033076356325877e-01,4.665960613064767948e-01,4.971507926930088250e-01,4.792155889096391119e-01,3.326369941013542220e-01,4.147978010143340000e-01,4.534252405695269883e-01,4.545021053432282132e-01,0.000000000000000000e+00,5.336646616224565154e-01,0.000000000000000000e+00,4.639264362024648758e-01,0.000000000000000000e+00,0.000000000000000000e+00,0.000000000000000000e+00,0.000000000000000000e+00,3.727037884607747875e-01,0.000000000000000000e+00,4.986028978938897849e-01,5.438966413284026524e-01,5.082365720114069285e-01,4.819069658579703264e-01,5.380734025978818336e-01,0.000000000000000000e+00,2.392834823229240959e-01,0.000000000000000000e+00,4.986809415561310188e-01,4.827901323779745235e-01,0.000000000000000000e+00,0.000000000000000000e+00,0.000000000000000000e+00,0.000000000000000000e+00,2.617487925590062936e-01,0.000000000000000000e+00,0.000000000000000000e+00,0.000000000000000000e+00,5.315821391130916007e-01,0.000000000000000000e+00,0.000000000000000000e+00,0.000000000000000000e+00,5.530124301384026220e-01,5.055946926004707409e-01,0.000000000000000000e+00,0.000000000000000000e+00,4.999719742980295867e-01
4.037579837478388889e-01,0.000000000000000000e+00,4.690276877840383052e-01,0.000000000000000000e+00,4.807158672202522798e-01,4.737359498837522276e-01,4.594169533883948886e-01,5.104265896699168303e-01,4.853926987332445875e-01,3.520547033280048144e-01,4.867425736716500251e-01,0.000000000000000000e+00,4.637107330612519895e-01,0.000000000000000000e+00,0.000000000000000000e+00,3.839761722854603820e-01,3.744539145483510856e-01,3.694980220040627872e-01,4.879664966524154823e-01,4.217138689982561917e-01,4.786662117234876113e-01,4.218941873780615026e-01,4.855105220745725148e-01,2.804042911741450039e-01,3.488090963731836913e-01,2.967424142636260753e-01,4.687394152978540118e-01,4.449540920492930929e-01,0.000000000000000000e+00,0.000000000000000000e+00,4.053247124576079274e-01,3.343032402248978796e-01,3.253204327555804798e-01,3.241701205313258227e-01,3.553240966558854907e-01,4.019973709553705810e-01,2.994104380406273913e-01,2.588483896573460230e-01,3.193793327800247273e-01,5.016295329760581678e-01,3.832412730327566797e-01,0.000000000000000000e+00,0.000000000000000000e+00,0.000000000000000000e+00,4.291438643632833894e-01,4.562983170484898876e-01,0.000000000000000000e+00,0.000000000000000000e+00,0.000000000000000000e+00,0.000000000000000000e+00,0.000000000000000000e+00,0.000000000000000000e+00,0.000000000000000000e+00,0.000000000000000000e+00,4.983128827043412090e-01,0.000000000000000000e+00,4.827997558715558246e-01,5.097211250112220204e-01,0.000000000000000000e+00,0.000000000000000000e+00,5.040073249170603509e-01,4.975908782215128778e-01,4.857444892245219026e-01,0.000000000000000000e+00,0.000000000000000000e+00,0.000000000000000000e+00,0.000000000000000000e+00,0.000000000000000000e+00,4.033482001636186087e-01,4.896949941086581881e-01,4.812327000444228120e-01,0.000000000000000000e+00,0.000000000000000000e+00,0.000000000000000000e+00,0.000000000000000000e+00,0.000000000000000000e+00
4.986926075071427267e-01,4.457895875461693747e-01,4.758464989020670943e-01,4.273939153408917169e-01,4.434464702467182939e-01,4.017514856432108927e-01,3.764080412376927809e-01,4.804754168075509035e-01,4.065953514611266861e-01,4.682533725839269079e-01,4.778869855405016853e-01,4.637107330612519895e-01,0.000000000000000000e+00,4.529301373969581990e-01,0.000000000000000000e+00,4.864213643212347837e-01,4.605307843185241223e-01,4.684496995456535196e-01,4.812340441510807865e-01,4.473663135552909953e-01,4.829003047035151930e-01,4.818507663305208744e-01,4.699877887093483753e-01,4.673612638302263034e-01,4.446563565745257907e-01,4.543749521521190937e-01,4.519487653967029783e-01,4.002685781414173083e-01,4.280259536278693266e-01,4.553913971859114840e-01,4.485203980532195267e-01,4.685046621492410801e-01,4.539804937519830164e-01,4.630632859288342784e-01,4.813245702860057262e-01,4.357099151706412821e-01,4.470491055139723113e-01,4.491303876325282163e-01,5.161427815263033292e-01,4.900918867912896215e-01,5.506007836680045786e-01,5.458703385749422710e-01,5.052947217240328914e-01,0.000000000000000000e+00,0.000000000000000000e+00,0.000000000000000000e+00,4.891183707669553016e-01,5.604402003592600101e-01,0.000000000000000000e+00,5.310024231963558217e-01,5.497344068059544231e-01,5.427027272636165689e-01,5.224957745590306235e-01,5.603449586566928708e-01,0.000000000000000000e+00,4.972303507935402767e-01,5.227867470857082699e-01,5.382777500789138747e-01,0.000000000000000000e+00,0.000000000000000000e+00,4.843923031900390086e-01,0.000000000000000000e+00,0.000000000000000000e+00,5.410405364676494910e-01,5.222156548340702864e-01,0.000000000000000000e+00,4.999922894550331010e-01,5.519660161137905918e-01,0.000000000000000000e+00,4.937235348787424871e-01,4.980150621847460046e-01,5.455740616603023119e-01,5.443509626516445099e-01,5.322596520388614971e-01,5.384195136588408870e-01,5.382051677490954367e-01
0.000000000000000000e+00,0.000000000000000000e+00,4.148790654844626835e-01,3.742176001799181195e-01,3.582864418535833262e-01,4.922971760479742942e-01,3.910344151022718817e-01,4.255892670629937147e-01,4.561185624058187726e-01,4.743977739555242934e-01,3.208794911817434148e-01,0.000000000000000000e+00,4.529301373969581990e-01,0.000000000000000000e+00,5.348727107048034668e-01,0.000000000000000000e+00,0.000000000000000000e+00,0.000000000000000000e+00,3.733346645150584786e-01,5.509597454015149331e-01,4.565778374038078069e-01,0.000000000000000000e+00,4.118066165159781078e-01,0.000000000000000000e+00,0.000000000000000000e+00,5.027302692714908927e-01,5.204040306838397800e-01,4.195474248627124036e-01,5.248680528383246058e-01,0.000000000000000000e+00,5.017624090210430765e-01,4.387538407974673205e-01,4.747517818394046962e-01,4.879344397443569070e-01,0.000000000000000000e+00,2.660399213292963250e-01,2.261243536730334069e-01,0.000000000000000000e+00,4.666428147329836906e-01,0.000000000000000000e+00,5.395947358332253696e-01,0.000000000000000000e+00,4.527192748029246205e-01,0.000000000000000000e+00,0.000000000000000000e+00,0.000000000000000000e+00,0.000000000000000000e+00,5.356707067086162732e-01,0.000000000000000000e+00,4.723919744078187155e-01,5.225987572938485259e-01,4.812742722398075101e-01,4.669558842983327906e-01,5.326972091170353307e-01,0.000000000000000000e+00,4.543367155050969108e-01,0.000000000000000000e+00,4.861431478390372263e-01,4.859447130827054817e-01,0.000000000000000000e+00,0.000000000000000000e+00,0.000000000000000000e+00,0.000000000000000000e+00,5.242632763796577500e-01,5.147435057205055342e-01,0.000000000000000000e+00,0.000000000000000000e+00,5.392964429583343433e-01,0.000000000000000000e+00,0.000000000000000000e+00,0.000000000000000000e+00,5.338133882498433680e-01,4.809390543971234222e-01,0.000000000000000000e+00,0.000000000000000000e+00,0.000000000000000000e+00
4.317231425569583725e-01,4.714600977999676146e-01,0.000000000000000000e+00,0.000000000000000000e+00,0.000000000000000000e+00,4.449489021226413210e-01,0.000000000000000000e+00,4.785969931378561970e-01,0.000000000000000000e+00,0.000000000000000000e+00,0.000000000000000000e+00,0.000000000000000000e+00,0.000000000000000000e+00,5.348727107048034668e-01,0.000000000000000000e+00,4.663412366808278864e-01,4.550899940732491822e-01,4.545222244394014899e-01,0.000000000000000000e+00,3.355868360619235213e-01,4.241414297431407854e-01,3.720253452817063877e-01,4.025361703257510082e-01,4.449996870848603736e-01,4.617925578458041969e-01,4.139705373120171061e-01,3.768312183049132846e-01,4.313284331208864231e-01,4.304795023275411192e-01,3.787012575695192784e-01,4.535002155848015803e-01,4.876969664618598932e-01,4.588310414281198124e-01,4.742432884804844151e-01,5.232737122479956815e-01,5.483101266865935131e-01,0.000000000000000000e+00,0.000000000000000000e+00,5.437708073775379125e-01,5.273157221104118886e-01,5.385459480814187572e-01,5.568620774739085899e-01,5.303948102205950921e-01,0.000000000000000000e+00,0.000000000000000000e+00,0.000000000000000000e+00,5.429574260079506054e-01,0.000000000000000000e+00,0.000000000000000000e+00,0.000000000000000000e+00,5.264149544173902795e-01,0.000000000000000000e+00,5.279833752850473516e-01,0.000000000000000000e+00,0.000000000000000000e+00,0.000000000000000000e+00,4.973048819594796943e-01,5.148779437907508028e-01,0.000000000000000000e+00,5.537541479364730401e-01,5.233311342413429212e-01,0.000000000000000000e+00,4.767113443095192804e-01,0.000000000000000000e+00,5.427913432550078854e-01,5.268163996479479083e-01,5.673202580770578818e-01,5.342627085732470915e-01,0.000000000000000000e+00,4.914241237319181832e-01,5.734996109939017872e-01,5.361932536211935219e-01,5.290563332631390558e-01,5.252085877548123838e-01,5.307878092084535870e-01,5.206623058240367197e-01
4.200189266970484891e-01,4.179988804237880773e-01,4.659355783418410724e-01,0.000000000000000000e+00,4.771205158374545729e-01,4.737540149498011832e-01,4.903428962077595044e-01,4.626907290794644023e-01,4.661968230207170771e-01,3.874159654002776176e-01,0.000000000000000000e+00,3.839761722854603820e-01,4.864213643212347837e-01,0.000000000000000000e+00,4.663412366808278864e-01,0.000000000000000000e+00,3.819601462764444788e-01,3.642330215387549752e-01,0.000000000000000000e+00,4.196881891773899254e-01,4.563095815801552768e-01,3.869883146054398093e-01,4.699260287403996816e-01,4.003174426894782201e-01,3.853767193464947005e-01,4.291931520813053735e-01,4.498282900680941054e-01,4.721192714756559106e-01,4.612241549460709966e-01,4.447723921891524879e-01,3.803661073440671725e-01,4.841779582742014032e-01,3.788552126004515186e-01,4.104539486901133127e-01,4.621074480986914756e-01,4.680738028621743152e-01,0.000000000000000000e+00,0.000000000000000000e+00,5.052818621073432714e-01,4.556503604139222063e-01,4.653773392888653770e-01,4.900896871946970879e-01,0.000000000000000000e+00,0.000000000000000000e+00,0.000000000000000000e+00,5.038244769232910203e-01,4.837484179525284866e-01,0.000000000000000000e+00,0.000000000000000000e+00,0.000000000000000000e+00,4.891498132053391235e-01,0.000000000000000000e+00,0.000000000000000000e+00,0.000000000000000000e+00,4.950754839247414885e-01,0.000000000000000000e+00,0.000000000000000000e+00,0.000000000000000000e+00,0.000000000000000000e+00,5.141603895386985812e-01,4.754464146198605912e-01,0.000000000000000000e+00,4.628049450348913907e-01,0.000000000000000000e+00,5.164482826392321480e-01,4.875497445490349913e-01,4.870845754365695779e-01,5.175409867145456255e-01,0.000000000000000000e+00,4.766525621129937274e-01,5.089419432197447302e-01,5.124534973813761329e-01,5.245955939839523907e-01,4.945122286422127256e-01,0.000000000000000000e+00,4.555134211922751142e-01
4.233834123713838271e-01,3.797303439650887014e-01,5.086357054552843593e-01,0.000000000000000000e+00,4.934619711167035905e-01,4.514336883225478769e-01,4.688951894944536902e-01,0.000000000000000000e+00,5.030428185554185472e-01,3.462504327287705963e-01,5.024576345693319013e-01,3.744539145483510856e-01,4.605307843185241223e-01,0.000000000000000000e+00,4.550899940732491822e-01,3.819601462764444788e-01,0.000000000000000000e+00,3.542731762623131941e-01,5.055970937200245929e-01,4.334592751317061787e-01,0.000000000000000000e+00,4.167465550715622746e-01,4.576809235651760899e-01,3.751690918322563850e-01,3.366796961890249906e-01,3.586225622847368233e-01,4.452558099406451753e-01,4.456872472652282924e-01,4.394829709685107999e-01,4.529814375958324812e-01,3.782953276228385175e-01,4.724331873072695198e-01,3.487597179805088099e-01,3.953960031383917939e-01,4.394734616461397070e-01,4.839478897029366733e-01,0.000000000000000000e+00,3.452383408494451023e-01,0.000000000000000000e+00,4.749304805402453922e-01,4.402055429373106787e-01,0.000000000000000000e+00,0.000000000000000000e+00,0.000000000000000000e+00,0.000000000000000000e+00,0.000000000000000000e+00,4.505368320370132795e-01,0.000000000000000000e+00,0.000000000000000000e+00,0.000000000000000000e+00,0.000000000000000000e+00,0.000000000000000000e+00,0.000000000000000000e+00,0.000000000000000000e+00,5.147014371717152370e-01,0.000000000000000000e+00,5.114263579063040854e-01,0.000000000000000000e+00,0.000000000000000000e+00,0.000000000000000000e+00,4.858582903734505187e-01,4.897264326052668815e-01,4.859555683042420804e-01,0.000000000000000000e+00,0.000000000000000000e+00,0.000000000000000000e+00,0.000000000000000000e+00,0.000000000000000000e+00,4.576344307609203077e-01,4.909062210634552170e-01,4.964957736183666093e-01,0.000000000000000000e+00,0.000000000000000000e+00,0.000000000000000000e+00,0.000000000000000000e+00,0.000000000000000000e+00
4.146497141988126911e-01,4.067235212831566971e-01,0.000000000000000000e+00,0.000000000000000000e+00,4.960879440768736770e-01,4.667373694618763835e-01,4.658287618315791745e-01,4.937988772139645932e-01,4.872259118591190097e-01,3.678575447495501805e-01,5.061476288776179944e-01,3.694980220040627872e-01,4.684496995456535196e-01,0.000000000000000000e+00,4.545222244394014899e-01,3.642330215387549752e-01,3.542731762623131941e-01,0.000000000000000000e+00,5.007041228660534804e-01,4.392966317231052908e-01,4.603379091901017017e-01,4.116109013546692119e-01,4.703683040251185887e-01,3.772457535334565737e-01,3.535413250106906879e-01,3.916855638647205873e-01,4.471774506781215908e-01,4.527123392661360768e-01,4.632753996720406220e-01,4.208893669675797811e-01,3.885687896837726751e-01,4.742697691891590850e-01,3.499081379730877850e-01,4.121680201053211090e-01,4.507492050966994124e-01,4.878718447244764223e-01,0.000000000000000000e+00,3.220071153306292011e-01,5.040075637831347155e-01,4.510060448294893054e-01,4.650270531367908244e-01,4.957093640620284791e-01,0.000000000000000000e+00,0.000000000000000000e+00,0.000000000000000000e+00,4.821471762268583761e-01,4.722724593839160989e-01,0.000000000000000000e+00,0.000000000000000000e+00,0.000000000000000000e+00,4.782959598445705174e-01,0.000000000000000000e+00,0.000000000000000000e+00,0.000000000000000000e+00,4.925373850326644765e-01,0.000000000000000000e+00,5.006430735799186627e-01,0.000000000000000000e+00,0.000000000000000000e+00,0.000000000000000000e+00,4.610129205533294861e-01,4.705158151361797936e-01,4.718038080335760220e-01,0.000000000000000000e+00,5.068779861172176826e-01,0.000000000000000000e+00,4.767223261593219741e-01,5.353839884907585223e-01,4.750467753965155748e-01,4.756574688567257181e-01,4.909197572647298058e-01,4.789679348770833900e-01,0.000000000000000000e+00,4.680783650573596133e-01,0.000000000000000000e+00,4.643545984079799904e-01
0.000000000000000000e+00,0.000000000000000000e+00,2.664552953931709767e-01,4.994484864737356866e-01,3.976965782604484079e-01,3.855949463119089926e-01,4.624622813076291195e-01,4.078596434011004246e-01,2.853162734329406924e-01,4.979207958072616180e-01,2.599525861197741206e-01,4.879664966524154823e-01,4.812340441510807865e-01,3.733346645150584786e-01,0.000000000000000000e+00,0.000000000000000000e+00,5.055970937200245929e-01,5.007041228660534804e-01,0.000000000000000000e+00,0.000000000000000000e+00,0.000000000000000000e+00,0.000000000000000000e+00,3.361262904757237879e-01,0.000000000000000000e+00,4.944002697855063855e-01,5.254628137574789415e-01,3.587867354603060943e-01,4.891117980280578204e-01,0.000000000000000000e+00,4.742690751612987921e-01,4.985286128011637841e-01,4.576697376291142816e-01,4.603940951295172890e-01,4.973607317905562875e-01,4.832523638345607164e-01,4.324373307933636057e-01,4.805173539477570199e-01,4.607311317242958060e-01,4.827987449225332184e-01,0.000000000000000000e+00,5.449180931411445883e-01,0.000000000000000000e+00,4.768179863481786240e-01,0.000000000000000000e+00,0.000000000000000000e+00,0.000000000000000000e+00,0.000000000000000000e+00,3.552483105136768904e-01,0.000000000000000000e+00,5.159534793767281968e-01,5.495657913725068289e-01,5.289116662607307173e-01,5.050229555429702755e-01,5.511896317484473728e-01,0.000000000000000000e+00,3.080978922265438236e-01,0.000000000000000000e+00,5.175254065829660854e-01,4.877957458688759740e-01,0.000000000000000000e+00,0.000000000000000000e+00,0.000000000000000000e+00,0.000000000000000000e+00,5.114927850048931468e-01,0.000000000000000000e+00,0.000000000000000000e+00,0.000000000000000000e+00,5.479712753733767538e-01,0.000000000000000000e+00,0.000000000000000000e+00,0.000000000000000000e+00,5.554525319218909241e-01,5.241940052329143729e-01,5.202160370216172280e-01,0.000000000000000000e+00,5.464876481107344697e-01
4.993240894344652125e-01,4.530123216196106917e-01,0.000000000000000000e+00,6.237685680389404297e-01,0.000000000000000000e+00,4.180020411967506067e-01,4.563570457357162269e-01,4.198878685161483992e-01,4.302644971158353093e-01,4.316283279213031232e-01,0.000000000000000000e+00,4.217138689982561917e-01,4.473663135552909953e-01,5.509597454015149331e-01,3.355868360619235213e-01,4.196881891773899254e-01,4.334592751317061787e-01,4.392966317231052908e-01,0.000000000000000000e+00,0.000000000000000000e+00,4.514607100285332741e-01,3.836471216142365859e-01,3.405537079638981113e-01,4.688676761479861899e-01,4.242542413555188130e-01,4.555811730980242058e-01,3.391662895052813265e-01,4.073489450300685211e-01,3.530873748810798851e-01,3.636493018274442046e-01,4.074299987522623234e-01,4.688053038429244035e-01,4.227072020821818765e-01,4.489578693280147914e-01,5.036741403056644861e-01,5.436003748861970575e-01,5.349256992340087891e-01,4.311874598030143169e-01,5.210342161272749628e-01,4.675968724016669187e-01,5.227977261349860960e-01,5.286992185602865657e-01,4.645504749579322801e-01,0.000000000000000000e+00,0.000000000000000000e+00,0.000000000000000000e+00,4.989289947476283071e-01,5.009802944649055512e-01,0.000000000000000000e+00,0.000000000000000000e+00,5.167394955109856358e-01,0.000000000000000000e+00,5.347621794878731905e-01,0.000000000000000000e+00,0.000000000000000000e+00,0.000000000000000000e+00,4.697865886233016930e-01,5.154661378638745184e-01,0.000000000000000000e+00,5.313190537150787041e-01,4.932778341059850247e-01,0.000000000000000000e+00,4.899837994712010758e-01,0.000000000000000000e+00,5.342496678006485311e-01,5.218714163396150907e-01,5.254529707840696062e-01,5.386725872513300484e-01,0.000000000000000000e+00,4.688191128824493181e-01,5.259976256167819830e-01,5.293865364490448755e-01,5.259089252678753601e-01,5.209730375552715786e-01,5.260761644966652772e-01,5.177324858743664882e-01
4.757592169111674041e-01,4.706174977072455912e-01,0.000000000000000000e+00,0.000000000000000000e+00,0.000000000000000000e+00,4.529760132185965960e-01,4.784057920879273840e-01,4.540080642777281072e-01,0.000000000000000000e+00,4.796019999523489785e-01,0.000000000000000000e+00,4.786662117234876113e-01,4.829003047035151930e-01,4.565778374038078069e-01,4.241414297431407854e-01,4.563095815801552768e-01,0.000000000000000000e+00,4.603379091901017017e-01,0.000000000000000000e+00,4.514607100285332741e-01,0.000000000000000000e+00,4.860102045220385247e-01,4.044800321599721915e-01,5.154312728027099499e-01,4.730161029797086969e-01,4.472781598961068084e-01,4.501551776372291203e-01,4.810648386541713228e-01,4.412815842155520807e-01,4.495607987230221259e-01,4.657445270315562214e-01,4.599396150899189850e-01,4.507700378086921256e-01,4.769508980558266886e-01,5.073945114726789996e-01,4.697993795218152191e-01,0.000000000000000000e+00,0.000000000000000000e+00,5.189481415490826421e-01,5.202213093068104310e-01,5.153999288576697202e-01,5.335855866215285515e-01,4.948259308144110080e-01,0.000000000000000000e+00,0.000000000000000000e+00,4.609432934793550873e-01,5.527348206414376408e-01,0.000000000000000000e+00,0.000000000000000000e+00,0.000000000000000000e+00,5.192292117599831558e-01,0.000000000000000000e+00,5.129772031192498805e-01,0.000000000000000000e+00,0.000000000000000000e+00,0.000000000000000000e+00,0.000000000000000000e+00,4.960572447053707146e-01,0.000000000000000000e+00,5.088560034829276990e-01,5.050201579121021966e-01,0.000000000000000000e+00,0.000000000000000000e+00,0.000000000000000000e+00,5.188978295119370809e-01,4.368371117979488738e-01,5.485744919768752448e-01,5.223666396127395473e-01,0.000000000000000000e+00,4.964684263898255234e-01,5.579607795049675856e-01,5.201837976151341136e-01,5.099978643577058879e-01,5.034845775438974158e-01,4.996717145115345815e-01,5.026931451133082041e-01
