0.000000000000000000e+00,4.321602453354784767e-01,0.000000000000000000e+00,0.000000000000000000e+00,0.000000000000000000e+00,4.444438681409992875e-01,0.000000000000000000e+00,4.973740018057782875e-01,0.000000000000000000e+00,3.882716878834817087e-01,0.000000000000000000e+00,3.902048076063361903e-01,4.689155603091325064e-01,4.976579247400669259e-01,4.054063981874737044e-01,4.168923773408739208e-01,3.585463110679973919e-01,3.955651250826123788e-01,0.000000000000000000e+00,4.550872979707745181e-01,4.403351004138650882e-01,4.363874064200293224e-01,4.735962225991303121e-01,3.641673396830322762e-01,3.838881585990214229e-01,3.691809239251270802e-01,4.705128922136858072e-01,4.795488392335853223e-01,4.615371720900939834e-01,0.000000000000000000e+00,3.895255773723840798e-01,4.596455260810002885e-01,3.854003472704251032e-01,3.963998096564372853e-01,4.357151479301332730e-01,0.000000000000000000e+00,0.000000000000000000e+00,4.220884268329878064e-01,4.718209221604057757e-01,4.540787795985198882e-01,4.461800302954236908e-01,0.000000000000000000e+00,0.000000000000000000e+00,0.000000000000000000e+00,0.000000000000000000e+00,3.950899938250244103e-01,4.718533939968013735e-01,0.000000000000000000e+00,0.000000000000000000e+00,0.000000000000000000e+00,4.340776861774591766e-01,0.000000000000000000e+00,0.000000000000000000e+00,0.000000000000000000e+00,4.595667638137149180e-01,0.000000000000000000e+00,0.000000000000000000e+00,0.000000000000000000e+00,0.000000000000000000e+00,4.471703481823228188e-01,4.601274898984752948e-01,0.000000000000000000e+00,4.421858072224282843e-01,0.000000000000000000e+00,4.213962402437037014e-01,3.775728825233685138e-01,4.562354495554620804e-01,4.421169835722437158e-01,4.441654947209174864e-01,4.587409665870881836e-01,4.587920338934721731e-01,4.336924538645529070e-01,0.000000000000000000e+00,4.516515743876974853e-01,0.000000000000000000e+00,4.463053396123274896e-01
4.321602453354784767e-01,0.000000000000000000e+00,4.424044720595496916e-01,0.000000000000000000e+00,0.000000000000000000e+00,4.216991283757787201e-01,4.434927571598996088e-01,4.731597950368748862e-01,4.173255791900492007e-01,3.714902785402645069e-01,0.000000000000000000e+00,0.000000000000000000e+00,4.427295527631535110e-01,0.000000000000000000e+00,4.403286194317078128e-01,4.067348460416301825e-01,3.817018399768338233e-01,4.012259165509157732e-01,0.000000000000000000e+00,4.277072961215985236e-01,4.416312209590340099e-01,4.033612604969035731e-01,4.380094376598845929e-01,3.995525909976060941e-01,3.733416953823119888e-01,3.994141144720322889e-01,4.237287601369918999e-01,4.472174757963754965e-01,4.219794512809089126e-01,0.000000000000000000e+00,3.887050507235161878e-01,4.481202418549726785e-01,3.594659670848773247e-01,3.882662599839837858e-01,4.409141173213205200e-01,0.000000000000000000e+00,0.000000000000000000e+00,0.000000000000000000e+00,4.749545328046925752e-01,4.459493737220394105e-01,4.425897256429526250e-01,4.815668682045781135e-01,0.000000000000000000e+00,0.000000000000000000e+00,0.000000000000000000e+00,4.666624269569502048e-01,4.661118379469483264e-01,0.000000000000000000e+00,0.000000000000000000e+00,0.000000000000000000e+00,4.393046262290735138e-01,4.443647446644458099e-01,0.000000000000000000e+00,4.105525829257649084e-01,4.243142445635293969e-01,0.000000000000000000e+00,0.000000000000000000e+00,4.559843023748743063e-01,0.000000000000000000e+00,4.823135176341289965e-01,4.569335818666175886e-01,4.435539745551304036e-01,4.474100986562241089e-01,0.000000000000000000e+00,4.540557577501970754e-01,4.688682882310090116e-01,4.527831639975499756e-01,4.765896266771318945e-01,4.736877506864882736e-01,4.530479770536451900e-01,4.795921021539146234e-01,4.683564612646480829e-01,4.922403406841401874e-01,4.739916715525961943e-01,0.000000000000000000e+00,4.495212771724882983e-01
0.000000000000000000e+00,4.424044720595496916e-01,0.000000000000000000e+00,4.341186311747007864e-01,3.636641574338840832e-01,3.177811770794625734e-01,4.388740873063836090e-01,4.479980380782728755e-01,3.030725950180642725e-01,4.732203465064033221e-01,3.265312616819927016e-01,4.616759137254736189e-01,4.531010185012069869e-01,4.180721875481401839e-01,0.000000000000000000e+00,0.000000000000000000e+00,0.000000000000000000e+00,0.000000000000000000e+00,2.493573077202969890e-01,0.000000000000000000e+00,4.279057789859824212e-01,4.504622147223359963e-01,3.415985883378914179e-01,0.000000000000000000e+00,0.000000000000000000e+00,4.623950770302628910e-01,2.985041544155712101e-01,4.691656680733262141e-01,4.148109344309833801e-01,4.685305670647301191e-01,4.713440041803966252e-01,4.545436082333019212e-01,0.000000000000000000e+00,4.767715067325842826e-01,4.726357602749531872e-01,4.254977522807675272e-01,4.804274887508078185e-01,4.484585629951705066e-01,4.896575034300947871e-01,0.000000000000000000e+00,5.518843644694233497e-01,0.000000000000000000e+00,4.743300000739577027e-01,0.000000000000000000e+00,0.000000000000000000e+00,0.000000000000000000e+00,0.000000000000000000e+00,5.261612819177855505e-01,0.000000000000000000e+00,5.265523198768795599e-01,5.633437136765633291e-01,5.621352737712276282e-01,5.475034108805366673e-01,5.646985801222875745e-01,0.000000000000000000e+00,4.142319089297202828e-01,0.000000000000000000e+00,5.496581706035361670e-01,4.893760931789388202e-01,0.000000000000000000e+00,0.000000000000000000e+00,0.000000000000000000e+00,0.000000000000000000e+00,4.289357530087807846e-01,0.000000000000000000e+00,0.000000000000000000e+00,0.000000000000000000e+00,5.541688051665218939e-01,0.000000000000000000e+00,0.000000000000000000e+00,0.000000000000000000e+00,5.479551399123973043e-01,5.345256023949800372e-01,4.877974065242591251e-01,0.000000000000000000e+00,5.633467033615704445e-01
0.000000000000000000e+00,0.000000000000000000e+00,4.341186311747007864e-01,0.000000000000000000e+00,2.892813526413157144e-01,4.763041800410989235e-01,2.972235248812901132e-01,4.402625117665592835e-01,4.474696604095388941e-01,2.042481434218690051e-01,3.836092387669889914e-01,0.000000000000000000e+00,3.896134753020580876e-01,3.606402153392795906e-01,5.394966108773902036e-01,0.000000000000000000e+00,0.000000000000000000e+00,0.000000000000000000e+00,4.004374268262163028e-01,5.303589863390897330e-01,0.000000000000000000e+00,5.450738798739539481e-01,4.590095230120884162e-01,0.000000000000000000e+00,0.000000000000000000e+00,5.451954603195190430e-01,4.900254569264476112e-01,3.022235853572515230e-01,5.031216055892558936e-01,0.000000000000000000e+00,3.554616107480000897e-01,3.881079574879994776e-01,6.003524241382288684e-01,4.127118532362398784e-01,4.646852361375788942e-01,2.748442925846920071e-01,1.676282234591019993e-01,0.000000000000000000e+00,0.000000000000000000e+00,0.000000000000000000e+00,0.000000000000000000e+00,0.000000000000000000e+00,0.000000000000000000e+00,0.000000000000000000e+00,0.000000000000000000e+00,0.000000000000000000e+00,0.000000000000000000e+00,0.000000000000000000e+00,0.000000000000000000e+00,0.000000000000000000e+00,0.000000000000000000e+00,0.000000000000000000e+00,0.000000000000000000e+00,0.000000000000000000e+00,0.000000000000000000e+00,0.000000000000000000e+00,0.000000000000000000e+00,0.000000000000000000e+00,0.000000000000000000e+00,0.000000000000000000e+00,0.000000000000000000e+00,0.000000000000000000e+00,0.000000000000000000e+00,0.000000000000000000e+00,0.000000000000000000e+00,0.000000000000000000e+00,0.000000000000000000e+00,0.000000000000000000e+00,0.000000000000000000e+00,0.000000000000000000e+00,0.000000000000000000e+00,0.000000000000000000e+00,0.000000000000000000e+00,0.000000000000000000e+00,0.000000000000000000e+00,0.000000000000000000e+00
0.000000000000000000e+00,0.000000000000000000e+00,3.636641574338840832e-01,2.892813526413157144e-01,0.000000000000000000e+00,4.026186311961664765e-01,3.380632552412948244e-01,4.510338108070678920e-01,3.566171900956888741e-01,4.010207146419578761e-01,3.373875426087962759e-01,3.957140288147296125e-01,3.936804384094724774e-01,3.049619711907931019e-01,0.000000000000000000e+00,0.000000000000000000e+00,3.940399587154387873e-01,0.000000000000000000e+00,3.537793192773767137e-01,0.000000000000000000e+00,0.000000000000000000e+00,0.000000000000000000e+00,4.292160868155577846e-01,0.000000000000000000e+00,0.000000000000000000e+00,4.355792979897477046e-01,4.011647564279918199e-01,3.668716836973567874e-01,4.303157192943629084e-01,0.000000000000000000e+00,4.625258655352225134e-01,3.888894354859008251e-01,3.822083992955115916e-01,4.376517532195622895e-01,4.343915565604178908e-01,2.739410680312919788e-01,2.616375770958784264e-01,4.064469749443678226e-01,4.811708748609562769e-01,0.000000000000000000e+00,4.875662319151867208e-01,4.370512733412889039e-01,4.574818700032340923e-01,0.000000000000000000e+00,3.755169690107347247e-01,0.000000000000000000e+00,0.000000000000000000e+00,5.432930585570625581e-01,0.000000000000000000e+00,5.127012957831205142e-01,5.488654682577158717e-01,5.667230427986139629e-01,5.157849915635946969e-01,5.564122630434542582e-01,0.000000000000000000e+00,4.756501503743079118e-01,0.000000000000000000e+00,5.441355202349036357e-01,0.000000000000000000e+00,0.000000000000000000e+00,0.000000000000000000e+00,0.000000000000000000e+00,0.000000000000000000e+00,5.289629760352736465e-01,0.000000000000000000e+00,0.000000000000000000e+00,0.000000000000000000e+00,5.522880350315951814e-01,0.000000000000000000e+00,0.000000000000000000e+00,0.000000000000000000e+00,5.416029106730044784e-01,5.121037327089573710e-01,5.144223328108572524e-01,0.000000000000000000e+00,5.621591534316568994e-01
4.444438681409992875e-01,4.216991283757787201e-01,3.177811770794625734e-01,4.763041800410989235e-01,4.026186311961664765e-01,0.000000000000000000e+00,4.281084861857096802e-01,4.141734593249424834e-01,3.352627891613583211e-01,4.661341770522631767e-01,3.790820128448006976e-01,4.347753172815084222e-01,3.891580913804515984e-01,4.191343482280978083e-01,4.399269101603808241e-01,4.461431343815399075e-01,0.000000000000000000e+00,4.371952586198764035e-01,3.599406309732576803e-01,4.122125716527745842e-01,4.298694779892163753e-01,4.338973138119711082e-01,3.749293596825977737e-01,0.000000000000000000e+00,4.149272530011163806e-01,4.392586178847149858e-01,3.468612212756517210e-01,4.140718476498185807e-01,3.713176885914553083e-01,4.307851373404594786e-01,4.464782551489828166e-01,4.362916300509150913e-01,3.889359594609612114e-01,4.524215529495161925e-01,4.604914854526827028e-01,4.706116211729735044e-01,4.636295055415886046e-01,4.294027409728395916e-01,5.262023962535724575e-01,0.000000000000000000e+00,5.465210866570338055e-01,5.226450598407188508e-01,5.245399232857077543e-01,0.000000000000000000e+00,0.000000000000000000e+00,0.000000000000000000e+00,4.378877707064243174e-01,5.429727463476489158e-01,0.000000000000000000e+00,5.341596370128445237e-01,5.305652156675320086e-01,5.494336410652156388e-01,4.839854376658658253e-01,5.535616032343628756e-01,5.189704204414604671e-01,5.032073598666395586e-01,0.000000000000000000e+00,5.396349564524725029e-01,4.548265622622119086e-01,4.939249081085895776e-01,4.292498117876442087e-01,0.000000000000000000e+00,0.000000000000000000e+00,5.423462527254135912e-01,4.894792134329847277e-01,4.706549012625749207e-01,4.587818929128544276e-01,5.245135637217640534e-01,0.000000000000000000e+00,4.283721186334000230e-01,4.570960881241881157e-01,5.217573774959262112e-01,5.241580734632135252e-01,5.112246297156219921e-01,5.242511831568823499e-01,5.365248629027234983e-01
0.000000000000000000e+00,4.434927571598996088e-01,4.388740873063836090e-01,2.972235248812901132e-01,3.380632552412948244e-01,4.281084861857096802e-01,0.000000000000000000e+00,4.786107186739949060e-01,4.289936863911640863e-01,4.281026459544109986e-01,4.335406711470500274e-01,3.953720576776780238e-01,3.567075147578230854e-01,3.604750930760510230e-01,0.000000000000000000e+00,4.712842381719485885e-01,4.265843950637853155e-01,4.380757502088811206e-01,4.450681474987949193e-01,4.424372733394145163e-01,4.677846663333072863e-01,4.615667825613001818e-01,4.547179941236035861e-01,4.220628324572189838e-01,4.344616460908583000e-01,4.324211486245291836e-01,4.451804906726213873e-01,3.833310748939072754e-01,4.440083931716546917e-01,4.342369992009610935e-01,4.303273709072755748e-01,4.442568427099022887e-01,3.935604652772045076e-01,4.177924209215445051e-01,4.076382973028753187e-01,3.789241939052798158e-01,3.775491238171564956e-01,3.935967197098608206e-01,4.788410293169190202e-01,3.695859714500240867e-01,4.601789491858737091e-01,4.413744416767643175e-01,5.041586249072286252e-01,0.000000000000000000e+00,3.907144984219371175e-01,0.000000000000000000e+00,4.445831698438453827e-01,5.547492832358768000e-01,0.000000000000000000e+00,5.364010329322417281e-01,5.452103098063043607e-01,5.612274364057446840e-01,5.151749098217057732e-01,5.684394857105095067e-01,3.787632329983953161e-01,5.109261090682484241e-01,3.736056409335827277e-01,5.533684262535991660e-01,0.000000000000000000e+00,5.372464773167997532e-01,0.000000000000000000e+00,0.000000000000000000e+00,0.000000000000000000e+00,5.348265420910187640e-01,5.064553403121481168e-01,0.000000000000000000e+00,4.458883590415785858e-01,5.447344489439785997e-01,3.631353974342346191e-01,0.000000000000000000e+00,4.657040643078502740e-01,5.408707739935251224e-01,5.171858467102372625e-01,5.217577390225636158e-01,5.375510023460818854e-01,5.486264342749722633e-01
4.973740018057782875e-01,4.731597950368748862e-01,4.479980380782728755e-01,4.402625117665592835e-01,4.510338108070678920e-01,4.141734593249424834e-01,4.786107186739949060e-01,0.000000000000000000e+00,4.736527960625862010e-01,4.807694248673443083e-01,3.646588489221521123e-01,4.765408707964011170e-01,4.845312813775767835e-01,4.093093995888806846e-01,4.440473284415695776e-01,4.850574202334839158e-01,0.000000000000000000e+00,4.876624110368514842e-01,4.393436840476572236e-01,4.290447808122109241e-01,3.982822624939453826e-01,4.516317269183396932e-01,3.667305286018400778e-01,5.113372384181600339e-01,4.717628506527388743e-01,4.920524475720571833e-01,4.259153332413608273e-01,4.709324186336973916e-01,4.392858494463077190e-01,4.408907425073225750e-01,4.785703548014079156e-01,3.931747546388819070e-01,4.208072754861559850e-01,4.792750161840267920e-01,4.774207376621529830e-01,3.963546799303773738e-01,4.784282352969317920e-01,0.000000000000000000e+00,4.535220447307790059e-01,0.000000000000000000e+00,5.070434853735173997e-01,0.000000000000000000e+00,4.213337517436981927e-01,0.000000000000000000e+00,0.000000000000000000e+00,0.000000000000000000e+00,4.643759319359834770e-01,5.057297405155715131e-01,0.000000000000000000e+00,4.576962016390869192e-01,4.969044833023029129e-01,5.024643955047551902e-01,4.241281364141452070e-01,5.325327772149436312e-01,0.000000000000000000e+00,4.536840758893425085e-01,0.000000000000000000e+00,5.059727808685490213e-01,4.392384890254342200e-01,4.980898283425573836e-01,0.000000000000000000e+00,0.000000000000000000e+00,0.000000000000000000e+00,4.881514343365315756e-01,4.997074096913697860e-01,4.840604456429392077e-01,5.086950962160736722e-01,4.747507064960604928e-01,0.000000000000000000e+00,0.000000000000000000e+00,4.674472948381955817e-01,4.871508115326200206e-01,4.939479584867826900e-01,4.971133769052503149e-01,4.781102144690145272e-01,5.149733941997695075e-01
0.000000000000000000e+00,4.173255791900492007e-01,3.030725950180642725e-01,4.474696604095388941e-01,3.566171900956888741e-01,3.352627891613583211e-01,4.289936863911640863e-01,4.736527960625862010e-01,0.000000000000000000e+00,4.763394493750904846e-01,2.852282718889421198e-01,4.397980697363402247e-01,3.807170015461520118e-01,4.232119555963088087e-01,4.434477942046214927e-01,4.264210214674349908e-01,4.633377307108759169e-01,4.419429224924841804e-01,2.725867539764816883e-01,4.136136950118766142e-01,4.214396496819770022e-01,4.297957822086139745e-01,4.134617397199372157e-01,4.479112201771551227e-01,4.103652403729707854e-01,4.377679810000952854e-01,3.386343192999908269e-01,4.707862483194876213e-01,4.032616203171707214e-01,4.639931057371554091e-01,4.813681223017107214e-01,4.692151589362913988e-01,4.193588117795207793e-01,4.794371586927518858e-01,4.764274429704972724e-01,4.548300091980604920e-01,4.729686967485772220e-01,4.397219178667348127e-01,5.042436944753749817e-01,0.000000000000000000e+00,4.930204334818474865e-01,5.335100307908892114e-01,4.729032867073442170e-01,0.000000000000000000e+00,0.000000000000000000e+00,0.000000000000000000e+00,4.286983883894994185e-01,5.583947356833731668e-01,0.000000000000000000e+00,5.353884658626046900e-01,5.629752389797725298e-01,5.677142925383752425e-01,5.490204644787480825e-01,5.698217184191797235e-01,0.000000000000000000e+00,5.190884639256053701e-01,0.000000000000000000e+00,5.609103296614421641e-01,4.816281539624807095e-01,5.119572306628872305e-01,0.000000000000000000e+00,0.000000000000000000e+00,0.000000000000000000e+00,5.512878230868462071e-01,4.795741607061015932e-01,0.000000000000000000e+00,4.369962557289451821e-01,5.656740628277157068e-01,0.000000000000000000e+00,0.000000000000000000e+00,4.611729919384279230e-01,5.556168007708606194e-01,5.456771786979158767e-01,4.990566012900523041e-01,5.593898338986920127e-01,5.508006181243422228e-01
3.882716878834817087e-01,3.714902785402645069e-01,4.732203465064033221e-01,2.042481434218690051e-01,4.010207146419578761e-01,4.661341770522631767e-01,4.281026459544109986e-01,4.807694248673443083e-01,4.763394493750904846e-01,0.000000000000000000e+00,4.182568100414281176e-01,2.695904866485099860e-01,4.295636831878578143e-01,2.910361091556566970e-01,5.089032814216288836e-01,3.879424975895872096e-01,3.401046458227495739e-01,3.637627301812578762e-01,4.772477673217084826e-01,4.361008796617010796e-01,0.000000000000000000e+00,4.282105235413278810e-01,4.598578072138235218e-01,3.185741552558358225e-01,2.946801787652181814e-01,2.823742444708879917e-01,4.522237814444821091e-01,4.106289623323273186e-01,4.444160840311892069e-01,0.000000000000000000e+00,3.447839922727818918e-01,3.497153143329644887e-01,3.038627764319886126e-01,2.997922757219961265e-01,3.086868996875816173e-01,3.109351140795488799e-01,3.031302248659091814e-01,2.676605409399335223e-01,2.878777213046527228e-01,4.456490769844014821e-01,3.046031856417508732e-01,3.126907876243981144e-01,3.123189135340133094e-01,2.699161445350454769e-01,3.542367684331014788e-01,0.000000000000000000e+00,4.294254821256440202e-01,0.000000000000000000e+00,0.000000000000000000e+00,0.000000000000000000e+00,4.666857625032229118e-01,3.370900883240138812e-01,0.000000000000000000e+00,0.000000000000000000e+00,4.678571137110916212e-01,0.000000000000000000e+00,4.557160828945813758e-01,4.492863055127663263e-01,0.000000000000000000e+00,0.000000000000000000e+00,4.388168915558640082e-01,4.643899485999932186e-01,4.441491705443951221e-01,0.000000000000000000e+00,0.000000000000000000e+00,0.000000000000000000e+00,0.000000000000000000e+00,5.258945571036838240e-01,4.182942296024371731e-01,4.567322761821406840e-01,4.608571977343091097e-01,4.636722051685179258e-01,2.794864035358650134e-01,0.000000000000000000e+00,0.000000000000000000e+00,4.608453970586756099e-01
0.000000000000000000e+00,0.000000000000000000e+00,3.265312616819927016e-01,3.836092387669889914e-01,3.373875426087962759e-01,3.790820128448006976e-01,4.335406711470500274e-01,3.646588489221521123e-01,2.852282718889421198e-01,4.182568100414281176e-01,0.000000000000000000e+00,3.873400816879397079e-01,4.557839523369244250e-01,3.407009339168218243e-01,0.000000000000000000e+00,0.000000000000000000e+00,0.000000000000000000e+00,0.000000000000000000e+00,2.476813430444926023e-01,0.000000000000000000e+00,0.000000000000000000e+00,0.000000000000000000e+00,3.424957661074868875e-01,0.000000000000000000e+00,0.000000000000000000e+00,4.705470820720694114e-01,3.654556614631929157e-01,4.642478230133547101e-01,0.000000000000000000e+00,4.598212780542718092e-01,4.740116893333066739e-01,3.838706715287734106e-01,4.011649405272305069e-01,4.615264955206487274e-01,4.302344779453837753e-01,2.995876078439665968e-01,3.471135204235198946e-01,3.782105463378439003e-01,3.965239164204115152e-01,0.000000000000000000e+00,4.652057026663677930e-01,0.000000000000000000e+00,3.895668754207831097e-01,2.932837624196413251e-01,0.000000000000000000e+00,0.000000000000000000e+00,0.000000000000000000e+00,4.042791258612298821e-01,0.000000000000000000e+00,4.128724816458593239e-01,5.170865054441198261e-01,4.671608954344034226e-01,4.804331472299145922e-01,4.781812525494015809e-01,0.000000000000000000e+00,2.677457819206616185e-01,0.000000000000000000e+00,4.821408091028767107e-01,3.774745259337705106e-01,0.000000000000000000e+00,0.000000000000000000e+00,0.000000000000000000e+00,0.000000000000000000e+00,2.159762986819077080e-01,0.000000000000000000e+00,0.000000000000000000e+00,0.000000000000000000e+00,5.248767895540890072e-01,0.000000000000000000e+00,0.000000000000000000e+00,0.000000000000000000e+00,5.006558168060629699e-01,4.767423637709116147e-01,4.438646660106885244e-01,0.000000000000000000e+00,4.924614892763126139e-01
3.902048076063361903e-01,0.000000000000000000e+00,4.616759137254736189e-01,0.000000000000000000e+00,3.957140288147296125e-01,4.347753172815084222e-01,3.953720576776780238e-01,4.765408707964011170e-01,4.397980697363402247e-01,2.695904866485099860e-01,3.873400816879397079e-01,0.000000000000000000e+00,4.120410406274329085e-01,0.000000000000000000e+00,0.000000000000000000e+00,3.929467633108537084e-01,3.683798092046540740e-01,3.667599589111519842e-01,4.074720631063146192e-01,4.431516789205259821e-01,4.310746676068263894e-01,4.368476989626579043e-01,4.579706484561288926e-01,2.957171466304607810e-01,2.959740826169537931e-01,2.938512831296101746e-01,4.561053085562304932e-01,3.795222614547121842e-01,4.301994416410961919e-01,0.000000000000000000e+00,3.586708300877474165e-01,3.041446208557260222e-01,3.115770472726698270e-01,2.568582755323488009e-01,3.030686897281680836e-01,3.450031052186878777e-01,2.925745118116657162e-01,2.429688892763277042e-01,2.880316440955750235e-01,4.478421016225825890e-01,3.160001118513718898e-01,3.098994108329273245e-01,3.454148680532760918e-01,2.460648452101993899e-01,3.870031172496222749e-01,0.000000000000000000e+00,4.374770218612352157e-01,0.000000000000000000e+00,0.000000000000000000e+00,0.000000000000000000e+00,4.349548027057139055e-01,4.295255459224889272e-01,0.000000000000000000e+00,0.000000000000000000e+00,4.735427435738506774e-01,3.753906037671518869e-01,4.598774101099595835e-01,4.500653080498420167e-01,0.000000000000000000e+00,0.000000000000000000e+00,4.514324713695863078e-01,4.688403067602017749e-01,4.500693643193324767e-01,0.000000000000000000e+00,0.000000000000000000e+00,0.000000000000000000e+00,0.000000000000000000e+00,4.409001517554140270e-01,4.060148891288810069e-01,4.688535772184639905e-01,4.617905036021069942e-01,4.497120085909667164e-01,3.464351223227323251e-01,4.478585180405221244e-01,0.000000000000000000e+00,4.752199506546481156e-01
4.689155603091325064e-01,4.427295527631535110e-01,4.531010185012069869e-01,3.896134753020580876e-01,3.936804384094724774e-01,3.891580913804515984e-01,3.567075147578230854e-01,4.845312813775767835e-01,3.807170015461520118e-01,4.295636831878578143e-01,4.557839523369244250e-01,4.120410406274329085e-01,0.000000000000000000e+00,4.121159321551097210e-01,4.610297428796006902e-01,4.722281076080526163e-01,4.345595051563163058e-01,4.587826053086562772e-01,4.662682844737804921e-01,4.398704735521407061e-01,4.888944389080915887e-01,4.636267702212846231e-01,4.582475547613475975e-01,3.957443571950404193e-01,4.404453821984462003e-01,4.468417951562524970e-01,4.448020998244818780e-01,3.808184240250019892e-01,4.181233757843785814e-01,4.137741396486732115e-01,4.311415590004660237e-01,4.540346476400575204e-01,4.130461585695823779e-01,4.296027280395263159e-01,4.400611481843311190e-01,4.287536159617091891e-01,4.343455975321970919e-01,4.054492703353752003e-01,5.010029719442037344e-01,0.000000000000000000e+00,4.803934965638613219e-01,4.729749849832111108e-01,5.357827390448648419e-01,0.000000000000000000e+00,3.815318679659301937e-01,0.000000000000000000e+00,4.525891201890702153e-01,5.449787761412997478e-01,0.000000000000000000e+00,5.354263512851181739e-01,5.449739599456312478e-01,5.600634801160112586e-01,5.188250430648614353e-01,5.662976435083949545e-01,3.847243227246295860e-01,5.156656932287453365e-01,3.927348734766484273e-01,5.475933234655313564e-01,0.000000000000000000e+00,5.238511697023057190e-01,4.471684276600572105e-01,0.000000000000000000e+00,0.000000000000000000e+00,5.418871107940982368e-01,5.142926841545996108e-01,5.312064483455274377e-01,4.526299157207436252e-01,5.448503593160155534e-01,0.000000000000000000e+00,4.582387746003517837e-01,4.689477792386125832e-01,5.421456303629016427e-01,5.436913401113991906e-01,5.368383447731158720e-01,5.431519229902844748e-01,5.478627691292594637e-01
4.976579247400669259e-01,0.000000000000000000e+00,4.180721875481401839e-01,3.606402153392795906e-01,3.049619711907931019e-01,4.191343482280978083e-01,3.604750930760510230e-01,4.093093995888806846e-01,4.232119555963088087e-01,2.910361091556566970e-01,3.407009339168218243e-01,0.000000000000000000e+00,4.121159321551097210e-01,0.000000000000000000e+00,5.465302935382208016e-01,0.000000000000000000e+00,0.000000000000000000e+00,0.000000000000000000e+00,3.859429871671383738e-01,0.000000000000000000e+00,0.000000000000000000e+00,5.532102232748253856e-01,4.137247279129914190e-01,0.000000000000000000e+00,0.000000000000000000e+00,4.908018052768359785e-01,4.251540003755254205e-01,3.539212668965739939e-01,0.000000000000000000e+00,0.000000000000000000e+00,4.466227050945085209e-01,2.876509520547518850e-01,2.589849531650543213e-01,3.766411252059765902e-01,4.026741015958985037e-01,2.410129605175279910e-01,2.064654476195567911e-01,2.335474789142608920e-01,3.117927812427722101e-01,0.000000000000000000e+00,0.000000000000000000e+00,0.000000000000000000e+00,3.115599410430331950e-01,0.000000000000000000e+00,0.000000000000000000e+00,0.000000000000000000e+00,0.000000000000000000e+00,4.603541242854612969e-01,0.000000000000000000e+00,4.081185189728108731e-01,4.255127859253821088e-01,4.345075296942159104e-01,0.000000000000000000e+00,4.597099016690749940e-01,0.000000000000000000e+00,3.959362032208241788e-01,0.000000000000000000e+00,0.000000000000000000e+00,0.000000000000000000e+00,0.000000000000000000e+00,0.000000000000000000e+00,0.000000000000000000e+00,0.000000000000000000e+00,4.391877539427755939e-01,0.000000000000000000e+00,0.000000000000000000e+00,0.000000000000000000e+00,4.933349580155524938e-01,0.000000000000000000e+00,0.000000000000000000e+00,0.000000000000000000e+00,5.076274981140329601e-01,4.121358810179696075e-01,4.078732407284799133e-01,0.000000000000000000e+00,0.000000000000000000e+00
4.054063981874737044e-01,4.403286194317078128e-01,0.000000000000000000e+00,5.394966108773902036e-01,0.000000000000000000e+00,4.399269101603808241e-01,0.000000000000000000e+00,4.440473284415695776e-01,4.434477942046214927e-01,5.089032814216288836e-01,0.000000000000000000e+00,0.000000000000000000e+00,4.610297428796006902e-01,5.465302935382208016e-01,0.000000000000000000e+00,4.551900106931207057e-01,0.000000000000000000e+00,4.542556955766681726e-01,0.000000000000000000e+00,3.127199331623313761e-01,3.861489424258600089e-01,3.714703704657086880e-01,3.943515231198552184e-01,4.628950241045075020e-01,4.161946586316094265e-01,3.911747071681014876e-01,3.555742011993178187e-01,4.305272708646455948e-01,4.013309021142650868e-01,0.000000000000000000e+00,4.551830796765535259e-01,4.731004407181415017e-01,4.393338273945103234e-01,4.689430752039837058e-01,5.099395840418566861e-01,5.343498663505660273e-01,4.899824481601762760e-01,0.000000000000000000e+00,5.175699467902967754e-01,5.054873827946285703e-01,5.099292464011606629e-01,5.393714612636192340e-01,5.368933769077126605e-01,0.000000000000000000e+00,0.000000000000000000e+00,5.038758424470113351e-01,5.025608369872042180e-01,0.000000000000000000e+00,0.000000000000000000e+00,0.000000000000000000e+00,4.837790539112459820e-01,4.810189345552968176e-01,4.960366905644810198e-01,4.775451755183968139e-01,0.000000000000000000e+00,0.000000000000000000e+00,0.000000000000000000e+00,4.861857909599999750e-01,0.000000000000000000e+00,5.190260431495347104e-01,4.896654021033854942e-01,4.883488714694976807e-01,0.000000000000000000e+00,0.000000000000000000e+00,4.963507923010093137e-01,5.050975987442278825e-01,5.296471457929311510e-01,4.989956840329499155e-01,0.000000000000000000e+00,4.557727956571080985e-01,5.304155829515404541e-01,5.112768511612886257e-01,5.137179521898228574e-01,5.000777565128329272e-01,5.057171786291457805e-01,5.029842395388699483e-01
4.168923773408739208e-01,4.067348460416301825e-01,0.000000000000000000e+00,0.000000000000000000e+00,0.000000000000000000e+00,4.461431343815399075e-01,4.712842381719485885e-01,4.850574202334839158e-01,4.264210214674349908e-01,3.879424975895872096e-01,0.000000000000000000e+00,3.929467633108537084e-01,4.722281076080526163e-01,0.000000000000000000e+00,4.551900106931207057e-01,0.000000000000000000e+00,3.877800672754149192e-01,3.721856046777203275e-01,0.000000000000000000e+00,4.204302827079323124e-01,4.315431283396867768e-01,3.915878689635642895e-01,4.522612891952009773e-01,4.008816204509311198e-01,3.958898253909113873e-01,4.151808526984299141e-01,4.387580818227909130e-01,4.607692553408597180e-01,4.432745304806400832e-01,4.480891751816472035e-01,3.878112469981450094e-01,4.663181765733324102e-01,3.912067529981285152e-01,3.981005006413514957e-01,4.270476967823774728e-01,0.000000000000000000e+00,0.000000000000000000e+00,0.000000000000000000e+00,4.685834218545162910e-01,4.456594751897500206e-01,4.416444640395322252e-01,4.792236002780341786e-01,0.000000000000000000e+00,0.000000000000000000e+00,0.000000000000000000e+00,4.727994385755380224e-01,4.667364173496171831e-01,0.000000000000000000e+00,0.000000000000000000e+00,0.000000000000000000e+00,4.342274014233540869e-01,0.000000000000000000e+00,0.000000000000000000e+00,0.000000000000000000e+00,4.708633575730599152e-01,0.000000000000000000e+00,4.599331010035158096e-01,0.000000000000000000e+00,0.000000000000000000e+00,5.017953966726692583e-01,4.583995740277891917e-01,0.000000000000000000e+00,4.540360128121770922e-01,0.000000000000000000e+00,4.720470155340257823e-01,0.000000000000000000e+00,4.644088925200113849e-01,4.917495151180242829e-01,4.824967103731567231e-01,4.614023740089808201e-01,4.759247607258956791e-01,4.785635925215975250e-01,5.160585461600810664e-01,4.854561265219515809e-01,0.000000000000000000e+00,4.477564129394002723e-01
3.585463110679973919e-01,3.817018399768338233e-01,0.000000000000000000e+00,0.000000000000000000e+00,3.940399587154387873e-01,0.000000000000000000e+00,4.265843950637853155e-01,0.000000000000000000e+00,4.633377307108759169e-01,3.401046458227495739e-01,0.000000000000000000e+00,3.683798092046540740e-01,4.345595051563163058e-01,0.000000000000000000e+00,0.000000000000000000e+00,3.877800672754149192e-01,0.000000000000000000e+00,3.463760510029211259e-01,0.000000000000000000e+00,4.034412212059449998e-01,0.000000000000000000e+00,4.070053344135031170e-01,0.000000000000000000e+00,3.660259866639207771e-01,3.293651252329188872e-01,3.400167881592189856e-01,0.000000000000000000e+00,4.202355007711092161e-01,4.378789257734843066e-01,0.000000000000000000e+00,3.644128919461931959e-01,4.643837002888285270e-01,3.611610974818790787e-01,3.737263359902521231e-01,3.909029890722701128e-01,0.000000000000000000e+00,0.000000000000000000e+00,3.427560883235528100e-01,4.704174987438842770e-01,4.532478021601217821e-01,4.838864826199837932e-01,0.000000000000000000e+00,0.000000000000000000e+00,0.000000000000000000e+00,0.000000000000000000e+00,0.000000000000000000e+00,4.273901609324677886e-01,0.000000000000000000e+00,0.000000000000000000e+00,0.000000000000000000e+00,0.000000000000000000e+00,0.000000000000000000e+00,0.000000000000000000e+00,0.000000000000000000e+00,4.819036204798665124e-01,0.000000000000000000e+00,4.816302084163370245e-01,0.000000000000000000e+00,0.000000000000000000e+00,0.000000000000000000e+00,4.381383907944744749e-01,4.753195000797679204e-01,4.595923706472602177e-01,0.000000000000000000e+00,0.000000000000000000e+00,0.000000000000000000e+00,0.000000000000000000e+00,0.000000000000000000e+00,4.437825364279541218e-01,4.680704689049994816e-01,4.735062616442130001e-01,0.000000000000000000e+00,0.000000000000000000e+00,0.000000000000000000e+00,0.000000000000000000e+00,4.790279309484863912e-01
3.955651250826123788e-01,4.012259165509157732e-01,0.000000000000000000e+00,0.000000000000000000e+00,0.000000000000000000e+00,4.371952586198764035e-01,4.380757502088811206e-01,4.876624110368514842e-01,4.419429224924841804e-01,3.637627301812578762e-01,0.000000000000000000e+00,3.667599589111519842e-01,4.587826053086562772e-01,0.000000000000000000e+00,4.542556955766681726e-01,3.721856046777203275e-01,3.463760510029211259e-01,0.000000000000000000e+00,0.000000000000000000e+00,4.336715883363452817e-01,4.215708522896198795e-01,4.197282826921375776e-01,4.422993038418785994e-01,3.810617167151584828e-01,3.527379789018850742e-01,3.686119204353183187e-01,4.287308556522332892e-01,4.365729804612392129e-01,4.491231507504481746e-01,4.254183404514321198e-01,3.754564734674429860e-01,4.650682844529911986e-01,3.726819260828768132e-01,3.854968739916839193e-01,4.156208155878099997e-01,0.000000000000000000e+00,0.000000000000000000e+00,3.489435688746920228e-01,4.711017230048796800e-01,4.488783917895102782e-01,4.570573136282972126e-01,4.886309301854964149e-01,0.000000000000000000e+00,0.000000000000000000e+00,0.000000000000000000e+00,4.646705390880804809e-01,4.664785202233194261e-01,0.000000000000000000e+00,0.000000000000000000e+00,0.000000000000000000e+00,4.490485669471899199e-01,0.000000000000000000e+00,0.000000000000000000e+00,0.000000000000000000e+00,4.682323150309348203e-01,0.000000000000000000e+00,4.653025774668124170e-01,0.000000000000000000e+00,0.000000000000000000e+00,0.000000000000000000e+00,4.658454083817276103e-01,4.631288291696640247e-01,4.596470497255892851e-01,0.000000000000000000e+00,4.627680600427160895e-01,0.000000000000000000e+00,4.454367084696688184e-01,0.000000000000000000e+00,4.681684257227821111e-01,4.610358183902705242e-01,4.684094116174237765e-01,4.675024738718737138e-01,0.000000000000000000e+00,4.617947183357575258e-01,0.000000000000000000e+00,4.605607572357178214e-01
0.000000000000000000e+00,0.000000000000000000e+00,2.493573077202969890e-01,4.004374268262163028e-01,3.537793192773767137e-01,3.599406309732576803e-01,4.450681474987949193e-01,4.393436840476572236e-01,2.725867539764816883e-01,4.772477673217084826e-01,2.476813430444926023e-01,4.074720631063146192e-01,4.662682844737804921e-01,3.859429871671383738e-01,0.000000000000000000e+00,0.000000000000000000e+00,0.000000000000000000e+00,0.000000000000000000e+00,0.000000000000000000e+00,0.000000000000000000e+00,0.000000000000000000e+00,4.240869787241021149e-01,3.524951984158510854e-01,3.896433340003213064e-01,0.000000000000000000e+00,0.000000000000000000e+00,3.393220659605267198e-01,4.815275327749123924e-01,0.000000000000000000e+00,4.921566372829497271e-01,4.817108688949113815e-01,4.508898222633946906e-01,0.000000000000000000e+00,4.727498000047976046e-01,4.700017312842544870e-01,3.876448029378081195e-01,4.747369851337934210e-01,4.545107248966352986e-01,4.601874514800917138e-01,0.000000000000000000e+00,5.479836728874896146e-01,0.000000000000000000e+00,4.411426765242210113e-01,0.000000000000000000e+00,0.000000000000000000e+00,0.000000000000000000e+00,0.000000000000000000e+00,5.415950957505589747e-01,0.000000000000000000e+00,5.049789247660988467e-01,5.566706109160902693e-01,5.409157322278602686e-01,5.281585031245459305e-01,5.536294630744380552e-01,0.000000000000000000e+00,4.983734026574234144e-01,0.000000000000000000e+00,5.333670967296628707e-01,4.752545188412953259e-01,0.000000000000000000e+00,0.000000000000000000e+00,0.000000000000000000e+00,0.000000000000000000e+00,5.239685955443105225e-01,0.000000000000000000e+00,0.000000000000000000e+00,0.000000000000000000e+00,5.475119693347354488e-01,0.000000000000000000e+00,0.000000000000000000e+00,5.336613216695333950e-01,5.493268596666200931e-01,5.115105621240071399e-01,4.583973195074810270e-01,0.000000000000000000e+00,5.573132271613467914e-01
4.550872979707745181e-01,4.277072961215985236e-01,0.000000000000000000e+00,5.303589863390897330e-01,0.000000000000000000e+00,4.122125716527745842e-01,4.424372733394145163e-01,4.290447808122109241e-01,4.136136950118766142e-01,4.361008796617010796e-01,0.000000000000000000e+00,4.431516789205259821e-01,4.398704735521407061e-01,0.000000000000000000e+00,3.127199331623313761e-01,4.204302827079323124e-01,4.034412212059449998e-01,4.336715883363452817e-01,0.000000000000000000e+00,0.000000000000000000e+00,4.192055705096379148e-01,3.818530681987190034e-01,3.199285220129736151e-01,4.875447751038761157e-01,4.226127355927695728e-01,4.402694913156621759e-01,3.321340360995255203e-01,4.111703173558409197e-01,3.627327243604802076e-01,3.900251283629431742e-01,4.105106859022467081e-01,4.600980959215039134e-01,3.928006401904259870e-01,4.442338786588436728e-01,4.875262963126711924e-01,5.319107946537298126e-01,5.038839420494208854e-01,4.090900286400930841e-01,5.141865154400671045e-01,4.710294159184018059e-01,5.091817551133688280e-01,5.291599604453984806e-01,5.195702320071555746e-01,0.000000000000000000e+00,0.000000000000000000e+00,0.000000000000000000e+00,4.560670618911131791e-01,5.166722353405773793e-01,0.000000000000000000e+00,0.000000000000000000e+00,5.095930343176151567e-01,5.020299802051548799e-01,5.257775199458815107e-01,4.928612593692596189e-01,0.000000000000000000e+00,0.000000000000000000e+00,0.000000000000000000e+00,5.154121855114601747e-01,0.000000000000000000e+00,5.058885916148182504e-01,4.613621026793506275e-01,0.000000000000000000e+00,0.000000000000000000e+00,0.000000000000000000e+00,4.978260258102594205e-01,4.963474609512035229e-01,4.999462468317050767e-01,5.121839721339058737e-01,0.000000000000000000e+00,4.518190111110915175e-01,4.873644553817689795e-01,5.194300591504744657e-01,5.209766270848860126e-01,5.067929551751898520e-01,5.178825516228716674e-01,5.035262098945784137e-01
4.403351004138650882e-01,4.416312209590340099e-01,4.279057789859824212e-01,0.000000000000000000e+00,0.000000000000000000e+00,4.298694779892163753e-01,4.677846663333072863e-01,3.982822624939453826e-01,4.214396496819770022e-01,0.000000000000000000e+00,0.000000000000000000e+00,4.310746676068263894e-01,4.888944389080915887e-01,0.000000000000000000e+00,3.861489424258600089e-01,4.315431283396867768e-01,0.000000000000000000e+00,4.215708522896198795e-01,0.000000000000000000e+00,4.192055705096379148e-01,0.000000000000000000e+00,4.562212187645416916e-01,3.889643898770067110e-01,4.812067397964729931e-01,4.293177078857126072e-01,4.161552211622615016e-01,4.228747926196045892e-01,4.723110685314999002e-01,4.218188947374040265e-01,4.538783583699532165e-01,4.442659755377875164e-01,4.422313174866489005e-01,3.759989772252432250e-01,4.483550199731857755e-01,4.960759448942980154e-01,4.735051926094233088e-01,5.205566883087158203e-01,0.000000000000000000e+00,4.873131062583528905e-01,4.907893110907843859e-01,5.085795829237919063e-01,5.304153546077645665e-01,5.084070120198538323e-01,0.000000000000000000e+00,0.000000000000000000e+00,3.833889728793328788e-01,4.863921203169663254e-01,0.000000000000000000e+00,0.000000000000000000e+00,0.000000000000000000e+00,4.841035162091348876e-01,0.000000000000000000e+00,4.747171772371067133e-01,0.000000000000000000e+00,0.000000000000000000e+00,0.000000000000000000e+00,0.000000000000000000e+00,4.951753115656786219e-01,0.000000000000000000e+00,5.013744127841671672e-01,4.870360000687528057e-01,0.000000000000000000e+00,0.000000000000000000e+00,0.000000000000000000e+00,4.882807494421297911e-01,4.329623866728514181e-01,5.221317633620796705e-01,4.668043031226863926e-01,0.000000000000000000e+00,4.679427458780509030e-01,5.106569678266272838e-01,4.956226495563543777e-01,5.061755594687445958e-01,4.944636768303161123e-01,4.871052038025563968e-01,5.101287018354609959e-01
