0.000000000000000000e+00,4.588712304947836773e-01,4.922034680855517097e-01,0.000000000000000000e+00,0.000000000000000000e+00,4.854627307865443941e-01,0.000000000000000000e+00,5.619042363383116578e-01,0.000000000000000000e+00,4.118425514822678934e-01,0.000000000000000000e+00,4.098282592307768146e-01,5.161283173898225662e-01,0.000000000000000000e+00,4.425055258670611003e-01,4.611934552568581758e-01,4.483673908566925825e-01,4.424214093037854845e-01,0.000000000000000000e+00,4.761661771359367856e-01,4.275151119754487250e-01,4.819007243298336074e-01,5.018913648619641732e-01,3.547337221283027864e-01,4.261979446344700828e-01,4.049229928632420150e-01,4.911017679916298007e-01,5.283372130760233265e-01,5.060397997893608668e-01,0.000000000000000000e+00,4.158800734071583238e-01,4.917162766097181725e-01,4.283193157281059982e-01,4.203986682930476726e-01,4.444247927633572237e-01,0.000000000000000000e+00,0.000000000000000000e+00,4.536573460217002141e-01,5.058311973764684222e-01,5.287006352024244960e-01,4.859673802477406102e-01,0.000000000000000000e+00,0.000000000000000000e+00,0.000000000000000000e+00,0.000000000000000000e+00,3.816652522461199126e-01,5.532006658621106965e-01,0.000000000000000000e+00,0.000000000000000000e+00,0.000000000000000000e+00,0.000000000000000000e+00,0.000000000000000000e+00,0.000000000000000000e+00,0.000000000000000000e+00,0.000000000000000000e+00,0.000000000000000000e+00,4.804942607879639227e-01,0.000000000000000000e+00,0.000000000000000000e+00,0.000000000000000000e+00,5.323166056940720203e-01,0.000000000000000000e+00,4.976647568791158771e-01,0.000000000000000000e+00,0.000000000000000000e+00,3.944857944369921099e-01,5.335098055227905922e-01,6.042500040106399961e-01,3.531092072327047249e-01,5.076653059200001428e-01,5.111003203413005958e-01,0.000000000000000000e+00,0.000000000000000000e+00,0.000000000000000000e+00,0.000000000000000000e+00,4.792677644566594175e-01
4.588712304947836773e-01,0.000000000000000000e+00,4.590657512415490804e-01,0.000000000000000000e+00,4.543928681336962816e-01,4.382080368954937022e-01,4.756813970162170890e-01,5.109026923391046804e-01,4.479168573514171192e-01,4.524855964216834003e-01,0.000000000000000000e+00,0.000000000000000000e+00,4.731914158500460932e-01,0.000000000000000000e+00,4.762181258942674855e-01,4.545393296084220269e-01,4.676807789822199912e-01,4.469736942245799982e-01,0.000000000000000000e+00,4.524011060626759728e-01,4.734898244377164223e-01,4.495442175683354025e-01,4.703069789743309914e-01,4.091637120384609139e-01,4.055330503538003839e-01,4.092059558244532935e-01,4.510651554579843125e-01,4.576775405037565858e-01,4.377629172916970846e-01,0.000000000000000000e+00,4.340159501653623186e-01,4.947633682302959857e-01,4.198987515384446922e-01,4.361094012093145178e-01,4.706699865776047820e-01,4.131475179179676105e-01,0.000000000000000000e+00,0.000000000000000000e+00,5.302538559258387352e-01,5.138409608225615877e-01,5.033528871629417978e-01,5.308479799171375024e-01,0.000000000000000000e+00,0.000000000000000000e+00,0.000000000000000000e+00,5.200278952040340297e-01,5.449822312315475425e-01,5.497936865348739266e-01,0.000000000000000000e+00,0.000000000000000000e+00,5.064329278575996351e-01,5.271558516753713786e-01,0.000000000000000000e+00,0.000000000000000000e+00,0.000000000000000000e+00,0.000000000000000000e+00,0.000000000000000000e+00,5.186621222724995262e-01,0.000000000000000000e+00,5.237299731459464924e-01,5.287694864387184612e-01,5.040163943906701416e-01,5.224265713965323688e-01,0.000000000000000000e+00,5.091090509182253365e-01,5.222476487720353333e-01,5.190765080413609622e-01,5.302810653954783682e-01,0.000000000000000000e+00,5.431575802297142763e-01,5.601569736869939087e-01,5.174558545088423500e-01,5.253021595908116126e-01,5.173338088561934001e-01,0.000000000000000000e+00,4.911878744926352902e-01
4.922034680855517097e-01,4.590657512415490804e-01,0.000000000000000000e+00,4.579604594059277778e-01,4.117368006053003793e-01,3.709695217721616922e-01,4.794209078240733168e-01,4.632962938908302131e-01,3.185134471881582163e-01,5.076112983748138907e-01,3.185369268632666784e-01,0.000000000000000000e+00,4.947760737507103102e-01,4.506112698308076814e-01,0.000000000000000000e+00,4.942704623069983927e-01,0.000000000000000000e+00,5.073787750708375066e-01,2.837365693482625240e-01,4.484171542113126185e-01,4.116655024881514802e-01,4.636562342559750749e-01,3.435955948139046146e-01,0.000000000000000000e+00,4.756901414115980997e-01,4.787319980972806199e-01,3.195538913621396859e-01,4.994937198053643890e-01,4.519529283036693990e-01,5.202807637907351790e-01,5.163631627310281136e-01,4.739266773224963258e-01,4.806916190092561103e-01,5.025546174568562563e-01,4.913246631199733039e-01,4.710205823390112845e-01,4.719685382979145194e-01,0.000000000000000000e+00,5.562169157153531440e-01,0.000000000000000000e+00,5.769917095400641793e-01,0.000000000000000000e+00,5.330839710258689079e-01,0.000000000000000000e+00,0.000000000000000000e+00,0.000000000000000000e+00,0.000000000000000000e+00,4.023711706110337238e-01,0.000000000000000000e+00,5.880676735346042072e-01,5.732388117285825979e-01,6.040901325056724502e-01,5.609994547323985392e-01,4.083439322466819177e-01,0.000000000000000000e+00,3.628604221692912080e-01,0.000000000000000000e+00,5.904804235764127274e-01,5.474163980725381684e-01,5.327908383689305971e-01,0.000000000000000000e+00,0.000000000000000000e+00,0.000000000000000000e+00,3.543873104773440086e-01,5.449152997815215338e-01,0.000000000000000000e+00,5.196471404930445015e-01,5.860269102019166620e-01,0.000000000000000000e+00,0.000000000000000000e+00,0.000000000000000000e+00,5.789007590632588851e-01,5.626493964137613268e-01,5.512944843837452868e-01,0.000000000000000000e+00,5.789153191292413236e-01
0.000000000000000000e+00,0.000000000000000000e+00,4.579604594059277778e-01,0.000000000000000000e+00,3.551535775132331763e-01,4.648792267588409133e-01,3.462717092687124798e-01,4.224730625182979149e-01,4.727932814344000811e-01,4.234160927330083979e-01,4.141358575446246748e-01,0.000000000000000000e+00,3.719386451257489234e-01,3.614355411335283819e-01,0.000000000000000000e+00,0.000000000000000000e+00,0.000000000000000000e+00,0.000000000000000000e+00,4.817299996686041919e-01,5.081168413162231445e-01,0.000000000000000000e+00,5.274787344828506530e-01,4.641493756413413996e-01,0.000000000000000000e+00,0.000000000000000000e+00,0.000000000000000000e+00,4.680088497861564223e-01,3.349739981424335045e-01,0.000000000000000000e+00,0.000000000000000000e+00,3.324277997016906738e-01,3.563354685991012016e-01,2.091430613981737907e-01,2.718590675226548181e-01,4.016035374305388927e-01,2.600344632503420184e-01,1.933909882393466118e-01,0.000000000000000000e+00,0.000000000000000000e+00,0.000000000000000000e+00,0.000000000000000000e+00,0.000000000000000000e+00,0.000000000000000000e+00,0.000000000000000000e+00,0.000000000000000000e+00,0.000000000000000000e+00,0.000000000000000000e+00,0.000000000000000000e+00,0.000000000000000000e+00,0.000000000000000000e+00,0.000000000000000000e+00,0.000000000000000000e+00,0.000000000000000000e+00,0.000000000000000000e+00,0.000000000000000000e+00,0.000000000000000000e+00,0.000000000000000000e+00,0.000000000000000000e+00,0.000000000000000000e+00,0.000000000000000000e+00,0.000000000000000000e+00,0.000000000000000000e+00,0.000000000000000000e+00,0.000000000000000000e+00,0.000000000000000000e+00,0.000000000000000000e+00,0.000000000000000000e+00,5.387171163645995131e-01,0.000000000000000000e+00,0.000000000000000000e+00,0.000000000000000000e+00,0.000000000000000000e+00,0.000000000000000000e+00,0.000000000000000000e+00,0.000000000000000000e+00,0.000000000000000000e+00
0.000000000000000000e+00,4.543928681336962816e-01,4.117368006053003793e-01,3.551535775132331763e-01,0.000000000000000000e+00,4.098226835909620780e-01,3.569235626891952839e-01,4.418239964693054245e-01,3.480436486667349838e-01,4.971317732145252855e-01,3.367020528483938846e-01,4.919561769080473823e-01,4.159276550085717061e-01,3.376751196857479265e-01,0.000000000000000000e+00,4.790381017285192944e-01,0.000000000000000000e+00,4.841833294684949052e-01,3.987757965682174888e-01,4.567278009212086820e-01,4.907180762545758079e-01,4.676026693587265193e-01,4.532903345420968844e-01,4.920400571829878777e-01,4.497747096825442936e-01,4.740846399721643789e-01,4.275944822976202042e-01,4.354197742152782769e-01,4.441844621398364223e-01,4.788387390840673219e-01,5.129379856192956000e-01,4.407712037354827861e-01,4.511589897413421091e-01,4.922421135759367239e-01,4.644862453855512774e-01,3.190021278025069740e-01,4.175589301885230809e-01,0.000000000000000000e+00,4.923779972874244848e-01,0.000000000000000000e+00,5.499043929769349415e-01,0.000000000000000000e+00,4.878786639216954879e-01,0.000000000000000000e+00,0.000000000000000000e+00,0.000000000000000000e+00,0.000000000000000000e+00,5.803918477361232897e-01,0.000000000000000000e+00,5.593611246086567235e-01,5.607188572237037372e-01,5.667204165072684541e-01,5.292074238117623342e-01,5.717713265339827711e-01,0.000000000000000000e+00,5.220481492406431334e-01,0.000000000000000000e+00,5.642771265846413531e-01,4.930618975185300790e-01,5.171116498620599300e-01,0.000000000000000000e+00,0.000000000000000000e+00,0.000000000000000000e+00,5.703209812168569259e-01,5.246848511296472450e-01,0.000000000000000000e+00,5.156069194824994817e-01,5.659017489909295984e-01,0.000000000000000000e+00,0.000000000000000000e+00,4.996408885516713805e-01,5.602967671372276470e-01,5.570837642392707512e-01,5.423500073555681533e-01,0.000000000000000000e+00,5.650713215828284675e-01
4.854627307865443941e-01,4.382080368954937022e-01,3.709695217721616922e-01,4.648792267588409133e-01,4.098226835909620780e-01,0.000000000000000000e+00,4.402852380062425852e-01,4.439723444905410155e-01,3.306133414040087759e-01,5.028365821932674340e-01,4.019474894065819814e-01,5.129045983455488011e-01,4.146393047591381276e-01,0.000000000000000000e+00,4.291175508898583124e-01,4.532305015854978802e-01,0.000000000000000000e+00,4.571853545708540745e-01,3.761220804572302234e-01,4.252348422509711900e-01,4.536104142520505089e-01,4.409701977922216853e-01,4.001457751185966139e-01,5.030857983716631177e-01,4.255661717221915774e-01,4.551897758999615129e-01,3.664883937583162110e-01,4.012488613909158119e-01,3.537479661191846869e-01,4.609409108958131274e-01,4.816036181756521151e-01,4.524403302664434245e-01,4.320311287672660150e-01,4.840837701534401183e-01,4.847819379198025080e-01,4.762984221686235031e-01,4.843941893875136073e-01,0.000000000000000000e+00,5.240175972062174337e-01,4.580734949577132120e-01,5.488615119294494304e-01,5.523510401196013442e-01,5.199129548138129442e-01,0.000000000000000000e+00,0.000000000000000000e+00,0.000000000000000000e+00,4.889981057167092082e-01,5.835432760976820843e-01,0.000000000000000000e+00,5.690794277299312531e-01,5.410292676937130674e-01,5.767661770027159296e-01,5.040143405675677757e-01,5.858381534591742268e-01,5.326812783684371500e-01,5.432621252882225971e-01,0.000000000000000000e+00,5.618876361114314433e-01,0.000000000000000000e+00,5.101792671133806856e-01,4.927076283875795881e-01,0.000000000000000000e+00,0.000000000000000000e+00,5.817942560364915972e-01,5.221018654197842057e-01,0.000000000000000000e+00,5.003165748052449402e-01,5.477024148157425554e-01,0.000000000000000000e+00,4.961786303234099194e-01,5.025719255112063300e-01,5.427987932471288746e-01,5.485824853645163701e-01,5.298470618841351065e-01,5.366511940554765658e-01,5.480848027089881835e-01
0.000000000000000000e+00,4.756813970162170890e-01,4.794209078240733168e-01,3.462717092687124798e-01,3.569235626891952839e-01,4.402852380062425852e-01,0.000000000000000000e+00,5.015699069757402206e-01,4.320077183744309157e-01,4.529638778259693077e-01,4.838702781257961938e-01,4.516587818394854903e-01,3.520914493920017097e-01,3.835932237421202928e-01,0.000000000000000000e+00,5.009888146066984183e-01,4.775766015132558162e-01,4.899910011472726756e-01,4.968235290381761149e-01,4.817726549662266766e-01,4.990734099424856129e-01,4.976110762072101790e-01,4.742108919369715792e-01,4.403598786606747195e-01,4.692535165129257946e-01,4.782993884126962025e-01,4.646863826934360953e-01,3.901463841455113934e-01,4.723860813572354211e-01,4.748621247820069002e-01,4.441595735134291068e-01,4.656145269245509088e-01,4.253711362069864110e-01,4.408065361769049062e-01,4.318456234703603736e-01,4.169144022983026221e-01,4.182320257460505064e-01,4.244330840394331950e-01,4.651115994796746200e-01,4.962785000678138769e-01,4.786389640019684810e-01,0.000000000000000000e+00,5.303490524588414523e-01,0.000000000000000000e+00,0.000000000000000000e+00,0.000000000000000000e+00,5.013547694992208648e-01,5.797545285389867908e-01,0.000000000000000000e+00,5.793935684769201400e-01,5.587128339618486761e-01,5.812403587349980194e-01,5.338631213248016261e-01,5.730448853189743508e-01,0.000000000000000000e+00,5.239793257305787044e-01,0.000000000000000000e+00,5.675600831747947828e-01,0.000000000000000000e+00,5.266814878332138905e-01,0.000000000000000000e+00,0.000000000000000000e+00,0.000000000000000000e+00,5.651131590344866673e-01,5.406348730047961793e-01,0.000000000000000000e+00,5.184957206270697228e-01,5.598293061052082020e-01,0.000000000000000000e+00,0.000000000000000000e+00,5.129697866827978014e-01,5.516708595377469715e-01,5.552032918876769196e-01,5.465992021868376627e-01,0.000000000000000000e+00,5.629795287527754599e-01
5.619042363383116578e-01,5.109026923391046804e-01,4.632962938908302131e-01,4.224730625182979149e-01,4.418239964693054245e-01,4.439723444905410155e-01,5.015699069757402206e-01,0.000000000000000000e+00,5.111332848815736130e-01,5.275756673412480557e-01,3.884488844736611046e-01,5.354166018836311602e-01,5.096796814407140719e-01,4.009925991044033800e-01,4.652264118250751812e-01,5.149926570583441832e-01,0.000000000000000000e+00,5.353961679835230747e-01,4.977687883697045068e-01,4.603501004971193855e-01,4.718214169482142228e-01,4.831651860177387792e-01,3.634944404942954121e-01,5.556932089042568856e-01,5.375291210772400463e-01,5.457329946967121037e-01,4.529953048752278222e-01,4.955368969230511955e-01,4.464297772197333147e-01,5.008439293569536543e-01,5.111125697633789322e-01,4.130642854816027887e-01,4.937083759114865855e-01,5.150346190886070374e-01,5.147052851930398187e-01,3.705894072493163827e-01,4.473845841737901230e-01,0.000000000000000000e+00,5.058642702565772087e-01,5.594825060118326920e-01,5.599796939425566444e-01,0.000000000000000000e+00,4.955799775334365220e-01,0.000000000000000000e+00,0.000000000000000000e+00,0.000000000000000000e+00,5.644542348949818100e-01,6.009799649426968982e-01,0.000000000000000000e+00,5.671509127172389420e-01,5.385216301741734268e-01,5.723822931261783875e-01,5.216660208551030520e-01,5.931700186043353806e-01,0.000000000000000000e+00,5.211717764104201178e-01,0.000000000000000000e+00,5.627519656105578472e-01,4.649074583726436893e-01,5.453633562272528490e-01,0.000000000000000000e+00,0.000000000000000000e+00,0.000000000000000000e+00,5.789762396574236192e-01,5.365352160953387184e-01,5.342964742511745468e-01,5.506650432141914076e-01,5.465479495556410106e-01,0.000000000000000000e+00,0.000000000000000000e+00,5.568985474471416230e-01,5.446770286740981737e-01,5.447650726191058945e-01,5.287988797921798767e-01,5.143515645583101037e-01,5.466591023406416339e-01
0.000000000000000000e+00,4.479168573514171192e-01,3.185134471881582163e-01,4.727932814344000811e-01,3.480436486667349838e-01,3.306133414040087759e-01,4.320077183744309157e-01,5.111332848815736130e-01,0.000000000000000000e+00,5.167513039205694492e-01,3.082770845939187265e-01,5.048997723767086887e-01,4.158254639816649778e-01,4.565225786970527055e-01,0.000000000000000000e+00,4.717900922162194810e-01,5.159471844182981215e-01,5.014739464187555340e-01,3.147670370647516203e-01,4.422577856315936251e-01,0.000000000000000000e+00,4.582346990733603964e-01,4.457439834321212935e-01,5.097778517079871730e-01,4.782940358813602133e-01,4.783142624475342219e-01,3.534786832965514103e-01,4.719448502602184847e-01,4.369904719508140856e-01,4.912370238300329262e-01,5.202661342627371566e-01,4.843855706007356154e-01,4.959123618440651193e-01,5.094980414698757620e-01,4.991840671671953222e-01,4.826534927763698746e-01,4.792806734740421848e-01,4.914859266099749213e-01,5.186076771381833428e-01,0.000000000000000000e+00,5.764568536784968611e-01,0.000000000000000000e+00,5.347189117257723501e-01,0.000000000000000000e+00,0.000000000000000000e+00,0.000000000000000000e+00,0.000000000000000000e+00,5.894689783124797966e-01,0.000000000000000000e+00,5.688971172038468360e-01,5.700843215605356784e-01,5.781919631447949293e-01,5.550658738320098928e-01,5.858372862335889941e-01,0.000000000000000000e+00,5.519422694648418171e-01,0.000000000000000000e+00,5.706326384462492296e-01,5.465848510117125025e-01,0.000000000000000000e+00,0.000000000000000000e+00,0.000000000000000000e+00,0.000000000000000000e+00,6.048157665511061376e-01,5.315941830432707738e-01,0.000000000000000000e+00,5.288719421210292815e-01,5.808411875859895712e-01,0.000000000000000000e+00,0.000000000000000000e+00,0.000000000000000000e+00,5.730375770926112722e-01,5.633505624268274614e-01,5.358181819284851821e-01,0.000000000000000000e+00,5.816306359370144730e-01
4.118425514822678934e-01,4.524855964216834003e-01,5.076112983748138907e-01,4.234160927330083979e-01,4.971317732145252855e-01,5.028365821932674340e-01,4.529638778259693077e-01,5.275756673412480557e-01,5.167513039205694492e-01,0.000000000000000000e+00,5.165235839882622582e-01,3.154368098085436056e-01,4.548336225843183089e-01,4.450157962392173872e-01,0.000000000000000000e+00,4.137509990015886818e-01,3.559096235674590880e-01,3.817056226535118224e-01,5.305321433857675961e-01,4.413712601509722222e-01,4.840674498143093252e-01,4.237352015331837252e-01,5.045646574272099061e-01,3.194764052667299903e-01,2.963184263782179806e-01,3.603273091246134152e-01,4.965773948808032134e-01,4.359805000235468797e-01,4.918074615842404906e-01,0.000000000000000000e+00,3.596408439553117065e-01,3.910326563654455967e-01,3.412677066064102038e-01,3.207064510348631159e-01,3.128856549699360889e-01,4.456633928920971099e-01,2.320681779643739007e-01,2.834784540876074121e-01,2.986423079985001117e-01,5.213365740326069142e-01,3.320410581740664835e-01,3.276692555032144072e-01,0.000000000000000000e+00,0.000000000000000000e+00,4.738015253140698269e-01,0.000000000000000000e+00,0.000000000000000000e+00,0.000000000000000000e+00,0.000000000000000000e+00,0.000000000000000000e+00,0.000000000000000000e+00,0.000000000000000000e+00,0.000000000000000000e+00,0.000000000000000000e+00,5.235350950406256754e-01,0.000000000000000000e+00,5.176001522019806345e-01,0.000000000000000000e+00,0.000000000000000000e+00,0.000000000000000000e+00,0.000000000000000000e+00,5.229213685576943327e-01,5.155023167640596649e-01,0.000000000000000000e+00,0.000000000000000000e+00,0.000000000000000000e+00,0.000000000000000000e+00,5.530341137842307297e-01,4.472416971379051809e-01,5.255279574644911023e-01,5.161972105093943775e-01,5.495434917672163966e-01,0.000000000000000000e+00,0.000000000000000000e+00,0.000000000000000000e+00,4.979251927026779878e-01
0.000000000000000000e+00,0.000000000000000000e+00,3.185369268632666784e-01,4.141358575446246748e-01,3.367020528483938846e-01,4.019474894065819814e-01,4.838702781257961938e-01,3.884488844736611046e-01,3.082770845939187265e-01,5.165235839882622582e-01,0.000000000000000000e+00,5.022198064062277645e-01,5.103340370342200893e-01,3.225482082108365178e-01,0.000000000000000000e+00,0.000000000000000000e+00,5.189653263872487932e-01,5.035642027228384165e-01,2.721486860328314883e-01,0.000000000000000000e+00,0.000000000000000000e+00,0.000000000000000000e+00,3.133227709700829866e-01,4.932294794429378237e-01,4.983527378276714770e-01,5.033184551323297562e-01,4.004378894948997236e-01,5.023776598454563480e-01,4.975920300188930723e-01,0.000000000000000000e+00,5.226372667134894234e-01,4.211835953515629116e-01,4.440629298296955851e-01,5.054283799577734548e-01,4.853735464013714251e-01,3.139047387164867198e-01,4.578040910176364164e-01,4.591554305543804060e-01,4.740536885966021852e-01,0.000000000000000000e+00,5.430799702988190480e-01,0.000000000000000000e+00,4.772379225559127969e-01,0.000000000000000000e+00,0.000000000000000000e+00,0.000000000000000000e+00,0.000000000000000000e+00,5.408194285685450353e-01,0.000000000000000000e+00,5.383606870341872686e-01,5.480172249671260154e-01,5.635572689704511085e-01,5.066864813691169811e-01,5.656003358627699207e-01,0.000000000000000000e+00,4.426068754840672970e-01,0.000000000000000000e+00,5.662260379519394871e-01,4.877705820855294805e-01,0.000000000000000000e+00,0.000000000000000000e+00,0.000000000000000000e+00,0.000000000000000000e+00,5.190337052725784162e-01,4.774150769543887840e-01,0.000000000000000000e+00,4.649323050013817182e-01,5.609190245512797324e-01,0.000000000000000000e+00,0.000000000000000000e+00,0.000000000000000000e+00,5.530085642701566551e-01,5.489026171324700165e-01,4.965286382741758153e-01,5.016051654525750525e-01,5.673834971392764936e-01
4.098282592307768146e-01,0.000000000000000000e+00,0.000000000000000000e+00,0.000000000000000000e+00,4.919561769080473823e-01,5.129045983455488011e-01,4.516587818394854903e-01,5.354166018836311602e-01,5.048997723767086887e-01,3.154368098085436056e-01,5.022198064062277645e-01,0.000000000000000000e+00,4.443003026283069978e-01,0.000000000000000000e+00,4.615136907431711122e-01,4.176384973231790920e-01,4.116650490889398051e-01,3.955124290018802169e-01,5.187640563510572678e-01,4.319258533428170233e-01,4.852734232683478255e-01,4.178914798634387751e-01,5.139004804756582834e-01,3.004342721480303124e-01,3.503483484273198223e-01,3.037753146196303100e-01,5.152335996689875186e-01,4.354107725833559761e-01,0.000000000000000000e+00,0.000000000000000000e+00,3.716885405348450133e-01,3.054484260101547055e-01,3.387773154050117141e-01,2.889193840722347750e-01,2.939408655805104131e-01,3.488234750108770155e-01,2.570193098105518770e-01,2.321575580110719073e-01,3.018966880590975843e-01,5.375641495994840646e-01,2.897257954499898869e-01,0.000000000000000000e+00,3.672287999215236853e-01,0.000000000000000000e+00,4.539498805048364782e-01,0.000000000000000000e+00,0.000000000000000000e+00,0.000000000000000000e+00,0.000000000000000000e+00,0.000000000000000000e+00,0.000000000000000000e+00,0.000000000000000000e+00,0.000000000000000000e+00,0.000000000000000000e+00,5.359641404055881519e-01,0.000000000000000000e+00,5.221395867959367498e-01,0.000000000000000000e+00,0.000000000000000000e+00,0.000000000000000000e+00,0.000000000000000000e+00,5.235201891582029754e-01,5.236653824033827842e-01,0.000000000000000000e+00,0.000000000000000000e+00,0.000000000000000000e+00,0.000000000000000000e+00,0.000000000000000000e+00,4.495605484650478934e-01,5.246644599924151775e-01,5.180145598540039087e-01,0.000000000000000000e+00,2.073642042583012934e-01,0.000000000000000000e+00,0.000000000000000000e+00,5.400555580072943229e-01
5.161283173898225662e-01,4.731914158500460932e-01,4.947760737507103102e-01,3.719386451257489234e-01,4.159276550085717061e-01,4.146393047591381276e-01,3.520914493920017097e-01,5.096796814407140719e-01,4.158254639816649778e-01,4.548336225843183089e-01,5.103340370342200893e-01,4.443003026283069978e-01,0.000000000000000000e+00,4.267011077428968235e-01,4.730433612522966791e-01,4.973548623325300122e-01,4.589695218897845153e-01,4.841842340935301747e-01,5.129101210862005988e-01,4.718551843530550127e-01,4.987941933987338761e-01,4.936777224134650810e-01,4.827264543496025961e-01,4.532054608063778023e-01,4.721012845843747807e-01,4.763082530197491060e-01,4.739538525303891858e-01,3.726068835969155724e-01,4.405941305701350230e-01,4.734251033094116767e-01,4.368753525940710092e-01,4.654562999446941740e-01,4.275722623338585882e-01,4.348043238574245128e-01,4.353189278745048241e-01,4.624568190914388199e-01,4.333011322280319044e-01,4.159788728582852757e-01,4.859851918506615243e-01,5.077777033884340874e-01,4.908372571514540983e-01,4.514960542731027981e-01,5.421664634816315553e-01,0.000000000000000000e+00,0.000000000000000000e+00,0.000000000000000000e+00,5.075968363138441131e-01,5.849901997682396271e-01,0.000000000000000000e+00,5.842321500301660420e-01,5.616071262435581302e-01,5.814207660658312626e-01,5.363478284785703210e-01,5.815826198101875510e-01,4.188359379768372137e-01,5.296011991348916759e-01,0.000000000000000000e+00,5.635259851843722467e-01,0.000000000000000000e+00,5.269378425080091244e-01,0.000000000000000000e+00,0.000000000000000000e+00,0.000000000000000000e+00,5.841425232251782340e-01,5.497182655965521247e-01,0.000000000000000000e+00,5.230026464841414091e-01,5.618358026055541021e-01,0.000000000000000000e+00,0.000000000000000000e+00,5.217676511397648653e-01,5.561903904650276065e-01,5.587957910573451148e-01,5.454958568886423276e-01,5.603832216149982060e-01,5.622885387127654067e-01
0.000000000000000000e+00,0.000000000000000000e+00,4.506112698308076814e-01,3.614355411335283819e-01,3.376751196857479265e-01,0.000000000000000000e+00,3.835932237421202928e-01,4.009925991044033800e-01,4.565225786970527055e-01,4.450157962392173872e-01,3.225482082108365178e-01,0.000000000000000000e+00,4.267011077428968235e-01,0.000000000000000000e+00,0.000000000000000000e+00,0.000000000000000000e+00,0.000000000000000000e+00,0.000000000000000000e+00,4.435101827284885778e-01,0.000000000000000000e+00,0.000000000000000000e+00,0.000000000000000000e+00,4.250450994930728976e-01,0.000000000000000000e+00,0.000000000000000000e+00,5.320695118718423711e-01,4.546365760363864084e-01,3.968650045279222827e-01,0.000000000000000000e+00,0.000000000000000000e+00,5.042936197297515077e-01,3.444141783669457113e-01,0.000000000000000000e+00,4.417692397811486815e-01,4.391083873565743145e-01,2.902843002709263875e-01,2.211920218697935869e-01,0.000000000000000000e+00,4.701769895642167185e-01,0.000000000000000000e+00,0.000000000000000000e+00,0.000000000000000000e+00,4.579992039238031110e-01,0.000000000000000000e+00,0.000000000000000000e+00,0.000000000000000000e+00,0.000000000000000000e+00,5.683838119393977983e-01,0.000000000000000000e+00,0.000000000000000000e+00,5.157678971281548508e-01,0.000000000000000000e+00,4.507778286933898926e-01,5.801640704448320918e-01,0.000000000000000000e+00,4.929279056650109903e-01,0.000000000000000000e+00,0.000000000000000000e+00,4.073460400104523260e-01,0.000000000000000000e+00,0.000000000000000000e+00,0.000000000000000000e+00,0.000000000000000000e+00,5.880718726336990887e-01,0.000000000000000000e+00,0.000000000000000000e+00,0.000000000000000000e+00,5.413571062918991483e-01,0.000000000000000000e+00,0.000000000000000000e+00,0.000000000000000000e+00,5.145892553948490100e-01,0.000000000000000000e+00,0.000000000000000000e+00,0.000000000000000000e+00,0.000000000000000000e+00
4.425055258670611003e-01,4.762181258942674855e-01,0.000000000000000000e+00,0.000000000000000000e+00,0.000000000000000000e+00,4.291175508898583124e-01,0.000000000000000000e+00,4.652264118250751812e-01,0.000000000000000000e+00,0.000000000000000000e+00,0.000000000000000000e+00,4.615136907431711122e-01,4.730433612522966791e-01,0.000000000000000000e+00,0.000000000000000000e+00,4.768489970508527076e-01,4.234862625598906916e-01,4.729873023136622057e-01,0.000000000000000000e+00,3.571747991329474181e-01,4.278692258862378806e-01,3.582103453126836978e-01,3.945464764963413917e-01,4.918110693397694799e-01,4.710825217917837260e-01,4.024281671986715270e-01,3.644689240918919104e-01,4.409280091777755262e-01,4.317192577332398251e-01,4.398763179779052734e-01,4.644789836705340846e-01,4.827932039481118154e-01,4.505753740417127173e-01,4.752015403816460259e-01,5.187362126611869684e-01,5.514768336811542992e-01,4.277630746364594061e-01,4.389942965385195128e-01,5.247535121284435666e-01,5.224484965076633403e-01,5.154916494385755055e-01,5.366566587151292422e-01,4.924795989111510064e-01,0.000000000000000000e+00,4.451215660386734219e-01,0.000000000000000000e+00,5.438945364467240307e-01,0.000000000000000000e+00,0.000000000000000000e+00,0.000000000000000000e+00,4.961926359268246101e-01,0.000000000000000000e+00,0.000000000000000000e+00,0.000000000000000000e+00,0.000000000000000000e+00,0.000000000000000000e+00,4.298068817178545831e-01,5.292356001990791148e-01,0.000000000000000000e+00,5.428225160830670859e-01,5.152734879194410533e-01,0.000000000000000000e+00,5.033750131823724328e-01,0.000000000000000000e+00,5.216197833012151674e-01,5.201947120579318851e-01,5.405337386384185816e-01,5.456519032333078112e-01,0.000000000000000000e+00,5.012493519882246229e-01,5.605410503501843111e-01,5.360345299376229056e-01,5.402880371179735741e-01,5.370342908506303692e-01,5.562201693540098635e-01,5.117933627443485012e-01
4.611934552568581758e-01,4.545393296084220269e-01,4.942704623069983927e-01,0.000000000000000000e+00,4.790381017285192944e-01,4.532305015854978802e-01,5.009888146066984183e-01,5.149926570583441832e-01,4.717900922162194810e-01,4.137509990015886818e-01,0.000000000000000000e+00,4.176384973231790920e-01,4.973548623325300122e-01,0.000000000000000000e+00,4.768489970508527076e-01,0.000000000000000000e+00,4.176679500095775155e-01,3.771154878214200146e-01,4.978408726183989885e-01,3.922960478986257105e-01,4.866808540783212900e-01,3.962726300873850027e-01,4.789406357999816954e-01,4.399595811315196725e-01,4.267486066415432933e-01,4.698995581171052094e-01,4.571931420948712188e-01,4.723567293832731107e-01,4.576624649448183813e-01,4.481118511268977755e-01,3.714420353549108822e-01,4.906699808792203132e-01,4.075936835254804214e-01,4.049779711149985029e-01,4.399449103001015215e-01,0.000000000000000000e+00,0.000000000000000000e+00,0.000000000000000000e+00,5.181214893957662992e-01,5.264944236187553139e-01,5.055429423623782892e-01,5.325963521097096809e-01,4.620638303809209146e-01,0.000000000000000000e+00,0.000000000000000000e+00,5.162641255754250036e-01,5.415342729554698531e-01,0.000000000000000000e+00,0.000000000000000000e+00,0.000000000000000000e+00,0.000000000000000000e+00,0.000000000000000000e+00,0.000000000000000000e+00,0.000000000000000000e+00,5.732447895550997208e-01,0.000000000000000000e+00,5.497474665741365341e-01,0.000000000000000000e+00,0.000000000000000000e+00,5.215607254406011695e-01,5.263150872694267735e-01,5.229648491330041171e-01,5.272754961344000568e-01,0.000000000000000000e+00,5.160420727558459042e-01,5.206843841741356504e-01,5.098328360751730459e-01,5.343487144667853350e-01,0.000000000000000000e+00,5.426699577913102202e-01,5.487628107582178671e-01,5.320047300933020695e-01,5.534374795804068992e-01,5.256397446668603646e-01,0.000000000000000000e+00,4.995708225533900815e-01
4.483673908566925825e-01,4.676807789822199912e-01,0.000000000000000000e+00,0.000000000000000000e+00,0.000000000000000000e+00,0.000000000000000000e+00,4.775766015132558162e-01,0.000000000000000000e+00,5.159471844182981215e-01,3.559096235674590880e-01,5.189653263872487932e-01,4.116650490889398051e-01,4.589695218897845153e-01,0.000000000000000000e+00,4.234862625598906916e-01,4.176679500095775155e-01,0.000000000000000000e+00,3.441569025265878157e-01,0.000000000000000000e+00,4.383202851478006923e-01,5.039547053627151385e-01,4.361638379073783933e-01,5.039887400794090810e-01,4.183025868726882868e-01,3.609628836574427235e-01,4.003924312999250779e-01,0.000000000000000000e+00,4.465623632353544203e-01,4.614007237914323767e-01,0.000000000000000000e+00,3.721401013733072194e-01,4.733560241162698135e-01,3.711038224285699849e-01,3.944689333012901811e-01,3.943196032914922933e-01,0.000000000000000000e+00,0.000000000000000000e+00,3.739350577795131914e-01,5.080158996439677610e-01,5.504840948007410084e-01,4.920155873225163234e-01,0.000000000000000000e+00,0.000000000000000000e+00,0.000000000000000000e+00,0.000000000000000000e+00,4.436905359379165192e-01,0.000000000000000000e+00,0.000000000000000000e+00,0.000000000000000000e+00,0.000000000000000000e+00,0.000000000000000000e+00,0.000000000000000000e+00,0.000000000000000000e+00,0.000000000000000000e+00,5.491089878006454317e-01,0.000000000000000000e+00,5.556155729046068359e-01,0.000000000000000000e+00,0.000000000000000000e+00,0.000000000000000000e+00,5.082539213983248150e-01,5.347363095404422673e-01,5.180214922245048870e-01,0.000000000000000000e+00,0.000000000000000000e+00,0.000000000000000000e+00,0.000000000000000000e+00,0.000000000000000000e+00,4.693833929524636184e-01,5.211623596128084346e-01,5.208949658613535316e-01,0.000000000000000000e+00,0.000000000000000000e+00,0.000000000000000000e+00,0.000000000000000000e+00,5.211206820791980387e-01
4.424214093037854845e-01,4.469736942245799982e-01,5.073787750708375066e-01,0.000000000000000000e+00,4.841833294684949052e-01,4.571853545708540745e-01,4.899910011472726756e-01,5.353961679835230747e-01,5.014739464187555340e-01,3.817056226535118224e-01,5.035642027228384165e-01,3.955124290018802169e-01,4.841842340935301747e-01,0.000000000000000000e+00,4.729873023136622057e-01,3.771154878214200146e-01,3.441569025265878157e-01,0.000000000000000000e+00,5.075524951456901190e-01,4.349908314338191140e-01,4.927575294438207854e-01,4.333174982638999806e-01,4.914803200094515212e-01,4.168295751607538069e-01,3.700285946974358198e-01,4.216739927706192881e-01,4.613401895019652033e-01,4.629780855697077091e-01,4.686545516957246749e-01,4.609627035551386864e-01,3.876076791229171037e-01,4.758816225825692192e-01,3.874543086235232026e-01,4.050678249386275853e-01,4.194916826302563240e-01,4.505763377060426067e-01,0.000000000000000000e+00,3.258822661046739122e-01,5.196236665891507123e-01,5.285168899748027282e-01,5.063459970598659377e-01,5.090016735761588862e-01,0.000000000000000000e+00,0.000000000000000000e+00,0.000000000000000000e+00,4.560227346087000755e-01,5.387332668029382043e-01,0.000000000000000000e+00,0.000000000000000000e+00,0.000000000000000000e+00,5.247445612348951016e-01,0.000000000000000000e+00,0.000000000000000000e+00,0.000000000000000000e+00,5.369970441861525723e-01,0.000000000000000000e+00,5.371799441998177382e-01,5.121896087061927894e-01,0.000000000000000000e+00,5.224203127364064336e-01,5.293934009766032567e-01,5.191221977428402967e-01,5.241054000817211289e-01,0.000000000000000000e+00,5.140009444059572274e-01,0.000000000000000000e+00,5.059297692199580254e-01,5.309698855611335588e-01,4.813910022613335227e-01,5.297170469100026535e-01,5.271696974432842353e-01,5.361490350943284300e-01,0.000000000000000000e+00,5.238438950517333437e-01,0.000000000000000000e+00,5.051096392966861748e-01
0.000000000000000000e+00,0.000000000000000000e+00,2.837365693482625240e-01,4.817299996686041919e-01,3.987757965682174888e-01,3.761220804572302234e-01,4.968235290381761149e-01,4.977687883697045068e-01,3.147670370647516203e-01,5.305321433857675961e-01,2.721486860328314883e-01,5.187640563510572678e-01,5.129101210862005988e-01,4.435101827284885778e-01,0.000000000000000000e+00,4.978408726183989885e-01,0.000000000000000000e+00,5.075524951456901190e-01,0.000000000000000000e+00,0.000000000000000000e+00,0.000000000000000000e+00,5.204678347533635563e-01,3.524279209373091248e-01,5.030746840385762475e-01,5.002672012981078664e-01,5.023947367905562400e-01,3.555916105776006919e-01,5.096534729662788310e-01,4.901195342007194089e-01,0.000000000000000000e+00,5.258070176671618690e-01,4.776536097961355809e-01,4.905392979549810795e-01,5.122525278002171278e-01,4.997169083304910941e-01,4.715002112809394963e-01,4.772092788485107762e-01,5.012082516228641982e-01,5.129680564480540994e-01,0.000000000000000000e+00,5.695349243231905279e-01,4.929428966047140204e-01,5.073769949704273197e-01,0.000000000000000000e+00,0.000000000000000000e+00,0.000000000000000000e+00,0.000000000000000000e+00,5.336471640824496099e-01,0.000000000000000000e+00,5.592282937100506723e-01,5.818552588823007188e-01,5.925246614188534044e-01,5.563301800424813592e-01,5.862591972566566501e-01,0.000000000000000000e+00,4.993652380996937978e-01,0.000000000000000000e+00,5.857760089732579889e-01,5.066671861578587732e-01,0.000000000000000000e+00,0.000000000000000000e+00,0.000000000000000000e+00,0.000000000000000000e+00,5.930511877698019241e-01,5.309800616944697627e-01,0.000000000000000000e+00,0.000000000000000000e+00,5.863319970503017009e-01,0.000000000000000000e+00,0.000000000000000000e+00,0.000000000000000000e+00,5.807141524173726754e-01,5.697841675263389805e-01,5.352913857558094790e-01,0.000000000000000000e+00,5.843217701171087297e-01
4.761661771359367856e-01,4.524011060626759728e-01,4.484171542113126185e-01,5.081168413162231445e-01,4.567278009212086820e-01,4.252348422509711900e-01,4.817726549662266766e-01,4.603501004971193855e-01,4.422577856315936251e-01,4.413712601509722222e-01,0.000000000000000000e+00,4.319258533428170233e-01,4.718551843530550127e-01,0.000000000000000000e+00,3.571747991329474181e-01,3.922960478986257105e-01,4.383202851478006923e-01,4.349908314338191140e-01,0.000000000000000000e+00,0.000000000000000000e+00,4.524137147796210012e-01,3.978931026852866037e-01,3.704235385564795258e-01,5.104146170181192987e-01,4.440411309009810736e-01,4.644940883489012129e-01,3.659369652545537144e-01,4.328427225204439788e-01,3.971809979975491900e-01,4.229758407774649176e-01,4.241727967962665158e-01,4.689862463548171156e-01,4.038980940267392072e-01,4.490553287677477856e-01,4.922802304046229871e-01,5.331441622229852184e-01,4.908413033431279215e-01,4.289014675359231199e-01,5.128963162941062581e-01,4.717545648195727859e-01,5.113101794105950892e-01,5.059872257750887004e-01,4.704035633088362034e-01,0.000000000000000000e+00,4.263930041026203210e-01,0.000000000000000000e+00,5.070422321386228726e-01,0.000000000000000000e+00,0.000000000000000000e+00,0.000000000000000000e+00,5.112805994430773548e-01,5.518203760975741723e-01,5.359389249984917170e-01,0.000000000000000000e+00,0.000000000000000000e+00,0.000000000000000000e+00,0.000000000000000000e+00,5.348621214139331892e-01,0.000000000000000000e+00,5.254673657718406110e-01,5.065339387486536005e-01,0.000000000000000000e+00,4.976930494244488079e-01,0.000000000000000000e+00,5.229439341053359058e-01,5.146482752829419915e-01,5.190812274453538988e-01,5.441955828516992222e-01,0.000000000000000000e+00,4.942365246744990781e-01,5.283914288645087387e-01,5.378095770590507474e-01,5.423564348016590708e-01,5.309027329085950209e-01,5.308284195405670314e-01,5.173756109973658424e-01
4.275151119754487250e-01,4.734898244377164223e-01,4.116655024881514802e-01,0.000000000000000000e+00,4.907180762545758079e-01,4.536104142520505089e-01,4.990734099424856129e-01,4.718214169482142228e-01,0.000000000000000000e+00,4.840674498143093252e-01,0.000000000000000000e+00,4.852734232683478255e-01,4.987941933987338761e-01,0.000000000000000000e+00,4.278692258862378806e-01,4.866808540783212900e-01,5.039547053627151385e-01,4.927575294438207854e-01,0.000000000000000000e+00,4.524137147796210012e-01,0.000000000000000000e+00,4.936893438909599197e-01,4.152368719584152990e-01,4.938332749615719219e-01,4.909368175979795246e-01,4.654164525874757152e-01,4.574502351949044088e-01,4.881301345422681126e-01,4.568001200207720269e-01,4.806692655448597251e-01,4.672465075756401243e-01,4.743793306064607029e-01,4.560451614991195002e-01,4.754099698203795854e-01,5.054019797730290309e-01,4.858821398889083820e-01,4.965846240520476740e-01,5.181462080900164358e-01,5.218505888651812086e-01,5.148700334922216015e-01,5.093191313889061655e-01,5.618662238121032715e-01,0.000000000000000000e+00,0.000000000000000000e+00,0.000000000000000000e+00,4.165612455245871204e-01,5.515046449778682192e-01,0.000000000000000000e+00,0.000000000000000000e+00,0.000000000000000000e+00,5.247236504670574897e-01,0.000000000000000000e+00,4.653492181028631158e-01,0.000000000000000000e+00,0.000000000000000000e+00,0.000000000000000000e+00,0.000000000000000000e+00,0.000000000000000000e+00,0.000000000000000000e+00,5.105492523420515072e-01,5.246138777216794447e-01,0.000000000000000000e+00,4.813472266593936122e-01,0.000000000000000000e+00,5.101834479798509348e-01,4.249669808107244262e-01,5.362704685376300517e-01,5.204034695515822317e-01,0.000000000000000000e+00,5.159126581010780033e-01,5.400987295350716533e-01,5.448319496315218169e-01,5.420861026477420408e-01,5.301342576195169354e-01,0.000000000000000000e+00,5.060686853474745117e-01
