0.000000000000000000e+00,4.017195854465822058e-01,0.000000000000000000e+00,0.000000000000000000e+00,0.000000000000000000e+00,4.353772169379656054e-01,4.621877683632419909e-01,4.837916577150038200e-01,0.000000000000000000e+00,3.639760726631584009e-01,0.000000000000000000e+00,3.305920975842714937e-01,4.686560990063768917e-01,0.000000000000000000e+00,3.833341022650180729e-01,3.958226123371065275e-01,3.782659337322806792e-01,3.749925515698410150e-01,0.000000000000000000e+00,4.363448081888621766e-01,3.982704049495323084e-01,4.043944795255278168e-01,4.677632169497452086e-01,3.259463808138314267e-01,3.626531551618343840e-01,3.494257074099095806e-01,4.576319709237267053e-01,4.578456349928597957e-01,4.365011937167215250e-01,0.000000000000000000e+00,3.657653388431946762e-01,4.291620621970732019e-01,3.365290499559894788e-01,3.735390646314102892e-01,4.217624988815230069e-01,0.000000000000000000e+00,0.000000000000000000e+00,3.937859833240509033e-01,4.364177024066008270e-01,4.037885113032486095e-01,3.956112929990410199e-01,4.508354453216015800e-01,0.000000000000000000e+00,0.000000000000000000e+00,0.000000000000000000e+00,3.036904481759021834e-01,4.203014435015647865e-01,0.000000000000000000e+00,0.000000000000000000e+00,0.000000000000000000e+00,0.000000000000000000e+00,0.000000000000000000e+00,4.283153383805459180e-01,0.000000000000000000e+00,4.384894438848480069e-01,0.000000000000000000e+00,3.458537526657238237e-01,0.000000000000000000e+00,0.000000000000000000e+00,0.000000000000000000e+00,4.079157554288582732e-01,3.873549922238830878e-01,4.061137067964287195e-01,0.000000000000000000e+00,0.000000000000000000e+00,3.857163130757341185e-01,4.302143980147675184e-01,0.000000000000000000e+00,2.522872298860548979e-01,4.129485733191752272e-01,4.220240839797658183e-01,0.000000000000000000e+00,0.000000000000000000e+00,0.000000000000000000e+00,0.000000000000000000e+00,4.016745782563269085e-01
4.017195854465822058e-01,0.000000000000000000e+00,4.135286308341650230e-01,0.000000000000000000e+00,0.000000000000000000e+00,3.991891230859441198e-01,4.419338765717563122e-01,4.468757758353468224e-01,4.076797289883035136e-01,3.795571136737568851e-01,0.000000000000000000e+00,3.598458652939637847e-01,4.501671734207036146e-01,0.000000000000000000e+00,4.208686123216096031e-01,4.099355507408786736e-01,4.121677556778520213e-01,3.974702644966768839e-01,0.000000000000000000e+00,4.256167327937561140e-01,3.972031641779393274e-01,4.208881604729033943e-01,4.349536768127417741e-01,3.713394212333052113e-01,3.574233030516488774e-01,4.028731409721076906e-01,4.186069574440268726e-01,4.375723648496153140e-01,4.198772261322820110e-01,3.970070307123618192e-01,3.802654520677637984e-01,4.300602337736966763e-01,3.473386162017008116e-01,3.804961897063600107e-01,4.313329715776265116e-01,0.000000000000000000e+00,0.000000000000000000e+00,0.000000000000000000e+00,4.466847818510116253e-01,4.152083418130135817e-01,4.292001849947665870e-01,4.675407177198074860e-01,0.000000000000000000e+00,0.000000000000000000e+00,0.000000000000000000e+00,4.443878987202081188e-01,4.318649481206788820e-01,0.000000000000000000e+00,0.000000000000000000e+00,0.000000000000000000e+00,4.856719573054126826e-01,4.827549984065415134e-01,4.695972025138198114e-01,0.000000000000000000e+00,0.000000000000000000e+00,0.000000000000000000e+00,0.000000000000000000e+00,4.938726902686486064e-01,0.000000000000000000e+00,4.570763826147559161e-01,4.248371148988602242e-01,0.000000000000000000e+00,4.136977510445976058e-01,0.000000000000000000e+00,4.572982225501556197e-01,4.512776202847240126e-01,4.365545160764989219e-01,4.640878652811508132e-01,4.014114917366073954e-01,4.183581282029544823e-01,4.561587873416961258e-01,4.818702817319726051e-01,4.957793222076616879e-01,4.741324646286252942e-01,5.193561180461832016e-01,4.303757205057098800e-01
0.000000000000000000e+00,4.135286308341650230e-01,0.000000000000000000e+00,0.000000000000000000e+00,3.807382463294325947e-01,3.693531664370292011e-01,4.217212633004032152e-01,4.537728502672350728e-01,3.076894806078467881e-01,4.639998512496518179e-01,3.102502712789040884e-01,4.321172191943665197e-01,4.426079846556060238e-01,3.875295179696700010e-01,0.000000000000000000e+00,4.558752087274982046e-01,0.000000000000000000e+00,4.233034456064450057e-01,2.426100307751564988e-01,4.325343783616449889e-01,0.000000000000000000e+00,4.477466892832210887e-01,3.629553212962349229e-01,0.000000000000000000e+00,3.988219406329580052e-01,4.295927932733665799e-01,3.214452627937616214e-01,4.631700711856723829e-01,4.216083095498450173e-01,4.585997888385364152e-01,4.744213496120536222e-01,4.529126205570808139e-01,4.315793292355504795e-01,4.751167421714220795e-01,4.655551113846683742e-01,4.304682803587112083e-01,4.651575397249370081e-01,4.383927462202992786e-01,5.166137626469546884e-01,0.000000000000000000e+00,5.402727776583724495e-01,5.603357232529514453e-01,4.952446587597300054e-01,0.000000000000000000e+00,0.000000000000000000e+00,0.000000000000000000e+00,0.000000000000000000e+00,3.779971194243372246e-01,0.000000000000000000e+00,5.382169694423055706e-01,5.625124522654245673e-01,5.556011282963676523e-01,5.378886157834362747e-01,5.498951279447008567e-01,0.000000000000000000e+00,3.621299300357463946e-01,0.000000000000000000e+00,5.469850081756659765e-01,4.382082286328752851e-01,0.000000000000000000e+00,0.000000000000000000e+00,0.000000000000000000e+00,0.000000000000000000e+00,3.450092407081796209e-01,5.081862750038744769e-01,0.000000000000000000e+00,0.000000000000000000e+00,5.537617635578803155e-01,0.000000000000000000e+00,0.000000000000000000e+00,0.000000000000000000e+00,5.496857055659587488e-01,5.452952175426074577e-01,5.214080617796623685e-01,5.290491074295483598e-01,5.383091589476864947e-01
0.000000000000000000e+00,0.000000000000000000e+00,0.000000000000000000e+00,0.000000000000000000e+00,2.914650772878427110e-01,4.077223100720491766e-01,2.870356254380265204e-01,2.654829631980519800e-01,4.148481424732208267e-01,0.000000000000000000e+00,3.160943692901524993e-01,1.834876845285350055e-01,3.203378207096119756e-01,3.263838105769705789e-01,0.000000000000000000e+00,0.000000000000000000e+00,0.000000000000000000e+00,0.000000000000000000e+00,0.000000000000000000e+00,5.086235719444233139e-01,0.000000000000000000e+00,0.000000000000000000e+00,0.000000000000000000e+00,0.000000000000000000e+00,0.000000000000000000e+00,0.000000000000000000e+00,0.000000000000000000e+00,2.960285057241425766e-01,5.676509141921997070e-01,0.000000000000000000e+00,0.000000000000000000e+00,3.683515605742553878e-01,5.721469521522521973e-01,4.480937385807836071e-01,4.119180396775056208e-01,2.419473461765095090e-01,1.988075083152301969e-01,0.000000000000000000e+00,0.000000000000000000e+00,0.000000000000000000e+00,0.000000000000000000e+00,0.000000000000000000e+00,0.000000000000000000e+00,0.000000000000000000e+00,0.000000000000000000e+00,0.000000000000000000e+00,0.000000000000000000e+00,0.000000000000000000e+00,0.000000000000000000e+00,0.000000000000000000e+00,0.000000000000000000e+00,0.000000000000000000e+00,0.000000000000000000e+00,0.000000000000000000e+00,0.000000000000000000e+00,0.000000000000000000e+00,0.000000000000000000e+00,0.000000000000000000e+00,0.000000000000000000e+00,0.000000000000000000e+00,0.000000000000000000e+00,0.000000000000000000e+00,0.000000000000000000e+00,0.000000000000000000e+00,0.000000000000000000e+00,0.000000000000000000e+00,0.000000000000000000e+00,0.000000000000000000e+00,0.000000000000000000e+00,0.000000000000000000e+00,0.000000000000000000e+00,0.000000000000000000e+00,0.000000000000000000e+00,0.000000000000000000e+00,0.000000000000000000e+00,0.000000000000000000e+00
0.000000000000000000e+00,0.000000000000000000e+00,3.807382463294325947e-01,2.914650772878427110e-01,0.000000000000000000e+00,3.882880306226519918e-01,3.263593589216901014e-01,4.067737673496992779e-01,3.260205706977399864e-01,4.488625959047878866e-01,3.224289222495579921e-01,4.087351606426551931e-01,3.849469711535480898e-01,3.202117806156979940e-01,0.000000000000000000e+00,4.620302579922825892e-01,0.000000000000000000e+00,4.245125972470443765e-01,3.499326000527839264e-01,4.410755378913613911e-01,4.874139814757610933e-01,4.517760191525218016e-01,4.195266454770623099e-01,0.000000000000000000e+00,4.033257129688062048e-01,0.000000000000000000e+00,4.078165770040891869e-01,3.830320998232952245e-01,4.099974684941387060e-01,0.000000000000000000e+00,4.639031109845070944e-01,3.953877093147522004e-01,3.996621558209673131e-01,4.554595955367488069e-01,4.286126221168847228e-01,2.937192851783360092e-01,2.617840048265694941e-01,4.131537699647616080e-01,4.633987059187218982e-01,0.000000000000000000e+00,5.220087130480313142e-01,0.000000000000000000e+00,4.168633379168675823e-01,0.000000000000000000e+00,0.000000000000000000e+00,0.000000000000000000e+00,0.000000000000000000e+00,5.168823382954428336e-01,0.000000000000000000e+00,4.862545804690366902e-01,5.354620461750222438e-01,5.280063006328413744e-01,5.029562480964159255e-01,5.107270374729949713e-01,0.000000000000000000e+00,4.414420303242164167e-01,0.000000000000000000e+00,5.291494865768514577e-01,4.070480256802684882e-01,0.000000000000000000e+00,0.000000000000000000e+00,0.000000000000000000e+00,0.000000000000000000e+00,4.913748492684024138e-01,4.934199882519140212e-01,0.000000000000000000e+00,0.000000000000000000e+00,5.320629261451219616e-01,0.000000000000000000e+00,0.000000000000000000e+00,0.000000000000000000e+00,5.291058483334367679e-01,5.338479194109193582e-01,5.171859876966211633e-01,5.371442330767504103e-01,5.322602689792829134e-01
4.353772169379656054e-01,3.991891230859441198e-01,3.693531664370292011e-01,4.077223100720491766e-01,3.882880306226519918e-01,0.000000000000000000e+00,4.007911920677166839e-01,4.087553873453977915e-01,3.339548106378231185e-01,4.376047314508620945e-01,3.986113022244757165e-01,4.156284926676547808e-01,3.702489763481395801e-01,4.349265098571776789e-01,4.146964758523082883e-01,4.455479481608146108e-01,3.960497999983019213e-01,4.082572954506388796e-01,3.757774569344375926e-01,3.965277357643723910e-01,4.266220643780362920e-01,4.277752867344333798e-01,3.622829952228447947e-01,4.201098301009896230e-01,3.813156411172751725e-01,4.044531579167726099e-01,3.404876793336992780e-01,3.752660832324076212e-01,3.218243245091328975e-01,4.084682219227592226e-01,4.312176051557560785e-01,4.252881936279926944e-01,3.843017567783644228e-01,4.365373841663736099e-01,4.387347544889644846e-01,4.501984933407168765e-01,4.549209846042124861e-01,4.366856744583332839e-01,4.968929470122365188e-01,5.245253190705945201e-01,5.292664863958217447e-01,5.386570577136529092e-01,5.102363855831839601e-01,0.000000000000000000e+00,0.000000000000000000e+00,0.000000000000000000e+00,4.194100328292361124e-01,5.560868351752449312e-01,0.000000000000000000e+00,5.298745997075043901e-01,5.364587167500932674e-01,5.419858815785745243e-01,5.005474628809785109e-01,5.487426416216321101e-01,4.955750554469147140e-01,5.150407782603317886e-01,0.000000000000000000e+00,5.283511467166970288e-01,5.143549304256873622e-01,4.636075420053221152e-01,4.147049316630878057e-01,0.000000000000000000e+00,4.210416490645579879e-01,5.448884111402224617e-01,4.804201059181475997e-01,4.807641152008095831e-01,4.547199379870527913e-01,5.324506714427850174e-01,0.000000000000000000e+00,4.159935175918378913e-01,4.315415442511770783e-01,5.240758402139137351e-01,5.264088468531505915e-01,5.090680448253203094e-01,5.210205944366003150e-01,5.213779298753367097e-01
4.621877683632419909e-01,4.419338765717563122e-01,4.217212633004032152e-01,2.870356254380265204e-01,3.263593589216901014e-01,4.007911920677166839e-01,0.000000000000000000e+00,4.568780066610341195e-01,3.875013971105574773e-01,4.213845464028829757e-01,4.225107741893556201e-01,3.896172141923546217e-01,3.236689295311793169e-01,3.328765640944331139e-01,0.000000000000000000e+00,4.766307203442509133e-01,4.242222315871795879e-01,4.416770168562625942e-01,4.360036937106346877e-01,4.395957832747621197e-01,4.688869647696651821e-01,4.636582796185930166e-01,4.384544122898195173e-01,4.509489741328341905e-01,4.150581238503606163e-01,4.177143837361340095e-01,4.190163380709683860e-01,3.835766602786641055e-01,4.151967882376207952e-01,4.306786365742213962e-01,4.387391520103048892e-01,4.272812273899365132e-01,3.869150787206157016e-01,4.399278514961996178e-01,4.137155018746261903e-01,3.561793685973658197e-01,3.686252404021532203e-01,3.746531555035589878e-01,5.300239507917380299e-01,0.000000000000000000e+00,5.391179503466884126e-01,5.656765010495975465e-01,4.903471275374912119e-01,0.000000000000000000e+00,0.000000000000000000e+00,0.000000000000000000e+00,4.896485061877686173e-01,5.384347504809001705e-01,0.000000000000000000e+00,5.420862233106806816e-01,5.441609463461503093e-01,5.427575071938103290e-01,5.211101346784053900e-01,5.367554974054790096e-01,5.064544701901970702e-01,4.579870391093416870e-01,0.000000000000000000e+00,5.353711633881717002e-01,0.000000000000000000e+00,5.026347903990235899e-01,0.000000000000000000e+00,0.000000000000000000e+00,0.000000000000000000e+00,5.318832237106679850e-01,5.007259263308447839e-01,5.106040241419901315e-01,4.741803278842546820e-01,5.408932880723724690e-01,0.000000000000000000e+00,4.427127212631118969e-01,4.516332472297411860e-01,5.334741046467622594e-01,5.340956155068679045e-01,5.242503751308078552e-01,5.275156796431065276e-01,5.309500533748096052e-01
4.837916577150038200e-01,4.468757758353468224e-01,4.537728502672350728e-01,2.654829631980519800e-01,4.067737673496992779e-01,4.087553873453977915e-01,4.568780066610341195e-01,0.000000000000000000e+00,4.516581433198250117e-01,4.657845619449841879e-01,3.306576430149261725e-01,4.550918962165029780e-01,4.667885221588254918e-01,3.704970720070615009e-01,4.118673448937769099e-01,4.639856336152988758e-01,0.000000000000000000e+00,4.654093420625871058e-01,4.130128785395731916e-01,4.285835873320483214e-01,3.988921999548475927e-01,4.436646370525377803e-01,3.563383370169023179e-01,4.953369301447738127e-01,4.716331143639925783e-01,4.707059196889675778e-01,4.126403381589073271e-01,4.538498291700249765e-01,4.176048494281722756e-01,4.241410276222947195e-01,4.547155564781975023e-01,3.649927740568111867e-01,4.088301545493894240e-01,4.713909190322271847e-01,4.746149074086776776e-01,3.180935599894934018e-01,3.629948096120946821e-01,0.000000000000000000e+00,4.918712688404757172e-01,0.000000000000000000e+00,5.260493246590797201e-01,5.475539000522310351e-01,5.013116094353810004e-01,0.000000000000000000e+00,0.000000000000000000e+00,0.000000000000000000e+00,0.000000000000000000e+00,5.331278984062290949e-01,0.000000000000000000e+00,5.418457956878921511e-01,5.067262870837551114e-01,5.233552237264716966e-01,5.467498934789147835e-01,5.175194490866971142e-01,4.751441440608609734e-01,4.663411175208230786e-01,0.000000000000000000e+00,5.113444726122720052e-01,4.796673503434564778e-01,4.889556257263207861e-01,0.000000000000000000e+00,0.000000000000000000e+00,0.000000000000000000e+00,5.226827490670797882e-01,5.023526829958639972e-01,4.983321044286169732e-01,4.853473299856713163e-01,5.040369422430966972e-01,0.000000000000000000e+00,4.739777438901497941e-01,4.647077426160066138e-01,5.146753864017316049e-01,5.115470609346737252e-01,5.004997562604265315e-01,5.220938785322658537e-01,5.141638343814839418e-01
0.000000000000000000e+00,4.076797289883035136e-01,3.076894806078467881e-01,4.148481424732208267e-01,3.260205706977399864e-01,3.339548106378231185e-01,3.875013971105574773e-01,4.516581433198250117e-01,0.000000000000000000e+00,4.745474657093841087e-01,2.872406038558831254e-01,4.239350937857456203e-01,4.003491622609831047e-01,3.851186069446104199e-01,0.000000000000000000e+00,4.479299342894528246e-01,4.735504623191784113e-01,4.374495073368637743e-01,2.679215265377944966e-01,4.127645493454129011e-01,4.264777726865461860e-01,4.401440490318258014e-01,3.919848836040408790e-01,0.000000000000000000e+00,3.926737958830210928e-01,4.359981592659324945e-01,3.534018914267251232e-01,4.621970401859337163e-01,3.907971411548328833e-01,4.383674281990446175e-01,4.767838806195923151e-01,4.531679347409924841e-01,4.303205612737002195e-01,4.756355280366426075e-01,4.660855200470004900e-01,4.449673872517905249e-01,4.621273746406098226e-01,4.471788252042561140e-01,4.960573701314515138e-01,0.000000000000000000e+00,5.339263863269757548e-01,5.564155236713879127e-01,4.789589919349869773e-01,0.000000000000000000e+00,0.000000000000000000e+00,0.000000000000000000e+00,0.000000000000000000e+00,5.423496844034205733e-01,0.000000000000000000e+00,5.345909408540712171e-01,5.505162899248898789e-01,5.478197978874626006e-01,5.175098410203301524e-01,5.426990013992576412e-01,0.000000000000000000e+00,4.958788695827068271e-01,0.000000000000000000e+00,5.406990524236553464e-01,4.747522494530149739e-01,0.000000000000000000e+00,0.000000000000000000e+00,0.000000000000000000e+00,0.000000000000000000e+00,5.334816200664919128e-01,4.977328911001934197e-01,0.000000000000000000e+00,0.000000000000000000e+00,5.487304819613850748e-01,0.000000000000000000e+00,0.000000000000000000e+00,0.000000000000000000e+00,5.430669968878379938e-01,5.371608662910404286e-01,5.188095136061084967e-01,5.324692210104242651e-01,5.386532592700792321e-01
3.639760726631584009e-01,3.795571136737568851e-01,4.639998512496518179e-01,0.000000000000000000e+00,4.488625959047878866e-01,4.376047314508620945e-01,4.213845464028829757e-01,4.657845619449841879e-01,4.745474657093841087e-01,0.000000000000000000e+00,4.737606058910390217e-01,2.359333428495901941e-01,4.275299811506523828e-01,4.257240664871823066e-01,4.672328531742095947e-01,3.753134349898492039e-01,3.131210413100877221e-01,3.393733286045603759e-01,4.727277727374161742e-01,4.048581802125679197e-01,4.314558110483475151e-01,4.038425285931396269e-01,4.577325795295856814e-01,3.021722857264572126e-01,2.809135994349116761e-01,3.115719370535356969e-01,4.448020311218640055e-01,4.025115150599625213e-01,4.071428071462597775e-01,4.254972734789739808e-01,3.233655141671032962e-01,3.512365947846817216e-01,2.957586270689950836e-01,3.008352095887972810e-01,2.735828986198953761e-01,3.818296289724142922e-01,2.585093285929940254e-01,2.345938405698956009e-01,2.908147125488307894e-01,4.030829538185671801e-01,3.327717113916330849e-01,0.000000000000000000e+00,0.000000000000000000e+00,0.000000000000000000e+00,3.340801052485412037e-01,3.835784742517169832e-01,0.000000000000000000e+00,0.000000000000000000e+00,0.000000000000000000e+00,0.000000000000000000e+00,5.531184864530134249e-01,0.000000000000000000e+00,0.000000000000000000e+00,0.000000000000000000e+00,4.488947464244216756e-01,0.000000000000000000e+00,4.388747076240518963e-01,5.364286949707753882e-01,0.000000000000000000e+00,0.000000000000000000e+00,4.283245968868570897e-01,4.563084471272422227e-01,4.535101859009090242e-01,0.000000000000000000e+00,0.000000000000000000e+00,0.000000000000000000e+00,0.000000000000000000e+00,5.216353385422228817e-01,3.867860403618401111e-01,4.440789573663034839e-01,4.528466527506858075e-01,5.211880888160096426e-01,4.455985368808914049e-01,0.000000000000000000e+00,0.000000000000000000e+00,4.328249966715497776e-01
0.000000000000000000e+00,0.000000000000000000e+00,3.102502712789040884e-01,3.160943692901524993e-01,3.224289222495579921e-01,3.986113022244757165e-01,4.225107741893556201e-01,3.306576430149261725e-01,2.872406038558831254e-01,4.737606058910390217e-01,0.000000000000000000e+00,4.329369685402948975e-01,4.619534713334940146e-01,2.616251219051187737e-01,0.000000000000000000e+00,0.000000000000000000e+00,0.000000000000000000e+00,0.000000000000000000e+00,2.602543582911316933e-01,0.000000000000000000e+00,0.000000000000000000e+00,0.000000000000000000e+00,3.227980552707789275e-01,0.000000000000000000e+00,0.000000000000000000e+00,0.000000000000000000e+00,3.577014619543174012e-01,4.644840967209177829e-01,0.000000000000000000e+00,4.370318442664229974e-01,4.738496141327304123e-01,4.056847559200364994e-01,4.228017761448816803e-01,4.735607159539583777e-01,4.576922670361016077e-01,3.412709514438371228e-01,3.968653198490563749e-01,4.435247456391275267e-01,4.866841234405692163e-01,0.000000000000000000e+00,5.207086327637888701e-01,0.000000000000000000e+00,4.193254924259767202e-01,0.000000000000000000e+00,0.000000000000000000e+00,0.000000000000000000e+00,0.000000000000000000e+00,5.035850668743309111e-01,0.000000000000000000e+00,4.587263824142981949e-01,5.182589381704374443e-01,5.149124127286618391e-01,4.659134361306186967e-01,5.009136133558526049e-01,0.000000000000000000e+00,3.737408727601825853e-01,0.000000000000000000e+00,4.992019567947257874e-01,4.358959031693975250e-01,0.000000000000000000e+00,0.000000000000000000e+00,0.000000000000000000e+00,0.000000000000000000e+00,3.147177096347936187e-01,0.000000000000000000e+00,0.000000000000000000e+00,0.000000000000000000e+00,5.153287536485867681e-01,0.000000000000000000e+00,0.000000000000000000e+00,0.000000000000000000e+00,5.134410822177820632e-01,5.038241666315289580e-01,4.911113679025799206e-01,0.000000000000000000e+00,0.000000000000000000e+00
3.305920975842714937e-01,3.598458652939637847e-01,4.321172191943665197e-01,1.834876845285350055e-01,4.087351606426551931e-01,4.156284926676547808e-01,3.896172141923546217e-01,4.550918962165029780e-01,4.239350937857456203e-01,2.359333428495901941e-01,4.329369685402948975e-01,0.000000000000000000e+00,3.926643441436437065e-01,0.000000000000000000e+00,0.000000000000000000e+00,3.617205264977900736e-01,3.445033322459201131e-01,3.515569159068809846e-01,4.438563206103294800e-01,4.115095154923911203e-01,4.111487970570255057e-01,4.270447863720108206e-01,4.424457785948379129e-01,2.653761042213855781e-01,3.066594078218922159e-01,3.060318374273052200e-01,3.813623063276813108e-01,3.744728225894921048e-01,4.156895195358055739e-01,0.000000000000000000e+00,3.351338165185436813e-01,2.685648664716089873e-01,2.981885856250601763e-01,2.375229128998598005e-01,2.461272724780537990e-01,2.717494965933224260e-01,2.168082922705349969e-01,1.943666548696675878e-01,2.635677639270946893e-01,3.892406954396618879e-01,3.479176064688572767e-01,0.000000000000000000e+00,0.000000000000000000e+00,0.000000000000000000e+00,3.411884419731435747e-01,3.553439099558428071e-01,0.000000000000000000e+00,0.000000000000000000e+00,0.000000000000000000e+00,0.000000000000000000e+00,0.000000000000000000e+00,0.000000000000000000e+00,0.000000000000000000e+00,0.000000000000000000e+00,4.451042693549002172e-01,0.000000000000000000e+00,4.318161348994702942e-01,4.020062409745596144e-01,0.000000000000000000e+00,3.569979069419685902e-01,4.202797657962190070e-01,4.587057609000567138e-01,4.453461699234499971e-01,0.000000000000000000e+00,3.623001572288053196e-01,0.000000000000000000e+00,3.561364479111659986e-01,3.806639611721038818e-01,3.787015146708858082e-01,4.331814219572832081e-01,4.438593939217769790e-01,0.000000000000000000e+00,3.831186699689411723e-01,0.000000000000000000e+00,0.000000000000000000e+00,4.209239162165150927e-01
4.686560990063768917e-01,4.501671734207036146e-01,4.426079846556060238e-01,3.203378207096119756e-01,3.849469711535480898e-01,3.702489763481395801e-01,3.236689295311793169e-01,4.667885221588254918e-01,4.003491622609831047e-01,4.275299811506523828e-01,4.619534713334940146e-01,3.926643441436437065e-01,0.000000000000000000e+00,3.720423077805015133e-01,4.204193596672541888e-01,4.702426321016964228e-01,4.308579029858661258e-01,4.495590331454499822e-01,4.636135348968745129e-01,4.237576126767267914e-01,4.638586640271328831e-01,4.554370283761757232e-01,4.420929984181016792e-01,4.312663023424507247e-01,4.237703227534405093e-01,4.129421756502794083e-01,4.232929428499361268e-01,3.486113096818537760e-01,3.868353912400003813e-01,3.905450517804807120e-01,4.205355008634347191e-01,4.347942217059189152e-01,3.965236002474796795e-01,4.344630291100485819e-01,4.237994053124625182e-01,3.975430353284157836e-01,4.005288072099040253e-01,3.900679364087443202e-01,5.206175946319169245e-01,4.756669000447165119e-01,5.305941757111026780e-01,5.386183990168248448e-01,5.004654348923422980e-01,0.000000000000000000e+00,0.000000000000000000e+00,0.000000000000000000e+00,4.744111600620468105e-01,5.473834166236978271e-01,0.000000000000000000e+00,5.255306877444606561e-01,5.399147895185498758e-01,5.398372536012341349e-01,5.184615396420162448e-01,5.427546059156537206e-01,0.000000000000000000e+00,4.845248726396488848e-01,0.000000000000000000e+00,5.333087577189303818e-01,0.000000000000000000e+00,4.883094879534848887e-01,4.568375917859037738e-01,0.000000000000000000e+00,0.000000000000000000e+00,5.141211941698515808e-01,5.035616212855424934e-01,5.061132367095253493e-01,4.698910501529741102e-01,5.353022078986957588e-01,0.000000000000000000e+00,4.444945322546198785e-01,4.525450179969217057e-01,5.302235129410710623e-01,5.348540804684988048e-01,5.237655389445148302e-01,5.383418977385858728e-01,5.246440486180014018e-01
0.000000000000000000e+00,0.000000000000000000e+00,3.875295179696700010e-01,3.263838105769705789e-01,3.202117806156979940e-01,4.349265098571776789e-01,3.328765640944331139e-01,3.704970720070615009e-01,3.851186069446104199e-01,4.257240664871823066e-01,2.616251219051187737e-01,0.000000000000000000e+00,3.720423077805015133e-01,0.000000000000000000e+00,0.000000000000000000e+00,0.000000000000000000e+00,0.000000000000000000e+00,0.000000000000000000e+00,3.319143302933548756e-01,5.182329642735256092e-01,0.000000000000000000e+00,0.000000000000000000e+00,3.748428231750211004e-01,0.000000000000000000e+00,0.000000000000000000e+00,0.000000000000000000e+00,4.428444081528242204e-01,3.436431659360313917e-01,0.000000000000000000e+00,0.000000000000000000e+00,4.168985086065484791e-01,3.229585827013510824e-01,0.000000000000000000e+00,4.360177715831569101e-01,0.000000000000000000e+00,3.075499826497066214e-01,2.364624750783765050e-01,0.000000000000000000e+00,0.000000000000000000e+00,0.000000000000000000e+00,0.000000000000000000e+00,0.000000000000000000e+00,4.045618790075614091e-01,0.000000000000000000e+00,0.000000000000000000e+00,0.000000000000000000e+00,0.000000000000000000e+00,4.905312199144750140e-01,0.000000000000000000e+00,0.000000000000000000e+00,4.915362149441218076e-01,4.817630219985277185e-01,0.000000000000000000e+00,4.964650008246739854e-01,0.000000000000000000e+00,4.323535556737295726e-01,0.000000000000000000e+00,4.792275092440779205e-01,0.000000000000000000e+00,0.000000000000000000e+00,0.000000000000000000e+00,0.000000000000000000e+00,0.000000000000000000e+00,4.749257074182530736e-01,0.000000000000000000e+00,0.000000000000000000e+00,0.000000000000000000e+00,5.092333021978735497e-01,0.000000000000000000e+00,0.000000000000000000e+00,0.000000000000000000e+00,4.811320164445668235e-01,4.764443490096720857e-01,0.000000000000000000e+00,0.000000000000000000e+00,0.000000000000000000e+00
3.833341022650180729e-01,4.208686123216096031e-01,0.000000000000000000e+00,0.000000000000000000e+00,0.000000000000000000e+00,4.146964758523082883e-01,0.000000000000000000e+00,4.118673448937769099e-01,0.000000000000000000e+00,4.672328531742095947e-01,0.000000000000000000e+00,0.000000000000000000e+00,4.204193596672541888e-01,0.000000000000000000e+00,0.000000000000000000e+00,4.374362153672374243e-01,4.137035911728411119e-01,4.204182890839499032e-01,0.000000000000000000e+00,3.194129253941447866e-01,4.014604771459296950e-01,3.554948007338937233e-01,3.329103534816634791e-01,4.276750095698235166e-01,4.110437969736746022e-01,4.199537680837239773e-01,3.820408991488505879e-01,4.172468176964524988e-01,4.106199327050755188e-01,0.000000000000000000e+00,4.322893556791609915e-01,4.640070669040600171e-01,4.114435556415962925e-01,4.503896210457137839e-01,4.881024811018326859e-01,4.991746946289311038e-01,5.465750694274902344e-01,0.000000000000000000e+00,4.679466278843453231e-01,4.275641729354406895e-01,4.687730423348083764e-01,5.017256387688535657e-01,4.981409796714640903e-01,0.000000000000000000e+00,0.000000000000000000e+00,4.677965391865043787e-01,4.498809835575979243e-01,0.000000000000000000e+00,0.000000000000000000e+00,0.000000000000000000e+00,0.000000000000000000e+00,0.000000000000000000e+00,4.751293678217501926e-01,0.000000000000000000e+00,0.000000000000000000e+00,0.000000000000000000e+00,4.099074900150299072e-01,4.795173809424030931e-01,0.000000000000000000e+00,4.955290238927000934e-01,4.454365693982331176e-01,0.000000000000000000e+00,4.331113840801253945e-01,0.000000000000000000e+00,4.713786611253378833e-01,4.772317831828313817e-01,4.898508394269874833e-01,4.773386673611155206e-01,0.000000000000000000e+00,4.245479777289478118e-01,4.962202229673607912e-01,4.874337047037349269e-01,4.917738076473083253e-01,4.803037510872603111e-01,5.108821208713359985e-01,4.550766534046495893e-01
3.958226123371065275e-01,4.099355507408786736e-01,4.558752087274982046e-01,0.000000000000000000e+00,4.620302579922825892e-01,4.455479481608146108e-01,4.766307203442509133e-01,4.639856336152988758e-01,4.479299342894528246e-01,3.753134349898492039e-01,0.000000000000000000e+00,3.617205264977900736e-01,4.702426321016964228e-01,0.000000000000000000e+00,4.374362153672374243e-01,0.000000000000000000e+00,3.921615970542330909e-01,3.640814587329375129e-01,0.000000000000000000e+00,4.326838128289662855e-01,4.108839102864668136e-01,3.913712483560171096e-01,4.517005065131903807e-01,3.694454911443657008e-01,3.767550588510172882e-01,4.188353500017873987e-01,4.472951543985587142e-01,4.555922762133989834e-01,4.523992113179499119e-01,4.312243753207823938e-01,3.868567089068373765e-01,4.620961484804230746e-01,3.792098810881445736e-01,4.050076894529524019e-01,4.584323744899598263e-01,3.954554184270325790e-01,0.000000000000000000e+00,0.000000000000000000e+00,4.427735111085642217e-01,4.095079608048913800e-01,4.277645653722768060e-01,4.573335683827373099e-01,0.000000000000000000e+00,0.000000000000000000e+00,0.000000000000000000e+00,4.343735542481498846e-01,4.310918230651032967e-01,0.000000000000000000e+00,0.000000000000000000e+00,0.000000000000000000e+00,4.061102250467744090e-01,0.000000000000000000e+00,0.000000000000000000e+00,0.000000000000000000e+00,4.609376031937538198e-01,0.000000000000000000e+00,0.000000000000000000e+00,4.809950372969445942e-01,0.000000000000000000e+00,4.590742918575456133e-01,4.196355993300476817e-01,4.166170339704092784e-01,4.169071975107018768e-01,0.000000000000000000e+00,4.679825313684660149e-01,4.469495530045073939e-01,4.392638005972381854e-01,4.573630207095791267e-01,4.105047966137165272e-01,4.204300061685710133e-01,4.443941511233088226e-01,4.947544725973436752e-01,4.765297065832053147e-01,4.415973029898178082e-01,0.000000000000000000e+00,4.267137946980226193e-01
3.782659337322806792e-01,4.121677556778520213e-01,0.000000000000000000e+00,0.000000000000000000e+00,0.000000000000000000e+00,3.960497999983019213e-01,4.242222315871795879e-01,0.000000000000000000e+00,4.735504623191784113e-01,3.131210413100877221e-01,0.000000000000000000e+00,3.445033322459201131e-01,4.308579029858661258e-01,0.000000000000000000e+00,4.137035911728411119e-01,3.921615970542330909e-01,0.000000000000000000e+00,3.169709958166105901e-01,0.000000000000000000e+00,4.068438220016232232e-01,4.346907826011328080e-01,4.071364725736358881e-01,4.540651975348499736e-01,3.674546554151832956e-01,2.981149489762068838e-01,3.537653188354776823e-01,4.136252169587141259e-01,4.110991613929044775e-01,4.155445355093623783e-01,0.000000000000000000e+00,3.650527792556356177e-01,4.480648853567817946e-01,3.383035538430889111e-01,3.650017717104799275e-01,3.749977232833405782e-01,4.511385858058928888e-01,0.000000000000000000e+00,3.190297258299885086e-01,4.615271010454757850e-01,4.600538345825461173e-01,4.525051308440800057e-01,0.000000000000000000e+00,0.000000000000000000e+00,0.000000000000000000e+00,0.000000000000000000e+00,3.996967560800955277e-01,4.186599796146880936e-01,0.000000000000000000e+00,0.000000000000000000e+00,0.000000000000000000e+00,0.000000000000000000e+00,0.000000000000000000e+00,0.000000000000000000e+00,0.000000000000000000e+00,4.789983792725380773e-01,0.000000000000000000e+00,4.789160617070097881e-01,0.000000000000000000e+00,0.000000000000000000e+00,0.000000000000000000e+00,4.451925391072650839e-01,4.624790861488076166e-01,4.631189420132011958e-01,0.000000000000000000e+00,0.000000000000000000e+00,0.000000000000000000e+00,0.000000000000000000e+00,0.000000000000000000e+00,4.252557910764306892e-01,4.564623285622794180e-01,4.655274501550630273e-01,0.000000000000000000e+00,0.000000000000000000e+00,0.000000000000000000e+00,0.000000000000000000e+00,4.637102451068931819e-01
3.749925515698410150e-01,3.974702644966768839e-01,4.233034456064450057e-01,0.000000000000000000e+00,4.245125972470443765e-01,4.082572954506388796e-01,4.416770168562625942e-01,4.654093420625871058e-01,4.374495073368637743e-01,3.393733286045603759e-01,0.000000000000000000e+00,3.515569159068809846e-01,4.495590331454499822e-01,0.000000000000000000e+00,4.204182890839499032e-01,3.640814587329375129e-01,3.169709958166105901e-01,0.000000000000000000e+00,0.000000000000000000e+00,4.268885235753139828e-01,4.188238415652065783e-01,4.127086439220665759e-01,4.351913440786978060e-01,3.441426046523365923e-01,3.225776424151223787e-01,3.652008612535959098e-01,4.163245894097920008e-01,4.310949828216292801e-01,4.325969545491574753e-01,0.000000000000000000e+00,3.673628518874155757e-01,4.445339827635205743e-01,3.477734433535895064e-01,3.856644509309526958e-01,4.142375094964992899e-01,3.836174021261353762e-01,0.000000000000000000e+00,0.000000000000000000e+00,4.411054401221836119e-01,4.424911615488543726e-01,4.370451895677339160e-01,4.571863148276332223e-01,0.000000000000000000e+00,0.000000000000000000e+00,0.000000000000000000e+00,4.117504679703934967e-01,4.244124203642060111e-01,0.000000000000000000e+00,0.000000000000000000e+00,0.000000000000000000e+00,4.432073182397386901e-01,3.927982668755303775e-01,0.000000000000000000e+00,0.000000000000000000e+00,4.653099299010021728e-01,0.000000000000000000e+00,4.703068770302348822e-01,4.030264366518475083e-01,0.000000000000000000e+00,4.475694608515803918e-01,4.180673332552484189e-01,4.502672247470814737e-01,4.378298290730041065e-01,0.000000000000000000e+00,4.342259736301679052e-01,4.459411353101930819e-01,4.281081174557421209e-01,4.563165865173887115e-01,4.263221317392598131e-01,4.327622767587097075e-01,4.497455394106608106e-01,4.645318652367191881e-01,4.152483721856036203e-01,4.249108473155843169e-01,0.000000000000000000e+00,4.426098297543515914e-01
0.000000000000000000e+00,0.000000000000000000e+00,2.426100307751564988e-01,0.000000000000000000e+00,3.499326000527839264e-01,3.757774569344375926e-01,4.360036937106346877e-01,4.130128785395731916e-01,2.679215265377944966e-01,4.727277727374161742e-01,2.602543582911316933e-01,4.438563206103294800e-01,4.636135348968745129e-01,3.319143302933548756e-01,0.000000000000000000e+00,0.000000000000000000e+00,0.000000000000000000e+00,0.000000000000000000e+00,0.000000000000000000e+00,0.000000000000000000e+00,0.000000000000000000e+00,0.000000000000000000e+00,3.293527221343505729e-01,0.000000000000000000e+00,0.000000000000000000e+00,0.000000000000000000e+00,3.299061738129844823e-01,4.694832964889040783e-01,0.000000000000000000e+00,4.284511398194242870e-01,4.776124037335168215e-01,4.378367273553616101e-01,4.328136434499119112e-01,4.765571019889787152e-01,4.547165760404587864e-01,4.129731004501968061e-01,4.582851430199765264e-01,4.545868890584239264e-01,4.350461167789059780e-01,0.000000000000000000e+00,5.448559332056497340e-01,0.000000000000000000e+00,4.573286388055964879e-01,0.000000000000000000e+00,0.000000000000000000e+00,0.000000000000000000e+00,0.000000000000000000e+00,5.200584201350930691e-01,0.000000000000000000e+00,5.030769034100616155e-01,5.393289647959700339e-01,5.298677475701036865e-01,5.093956422621924718e-01,5.280346578923348355e-01,0.000000000000000000e+00,4.719096483036286926e-01,0.000000000000000000e+00,5.255032483263100129e-01,4.922679102941536766e-01,0.000000000000000000e+00,0.000000000000000000e+00,0.000000000000000000e+00,0.000000000000000000e+00,5.184748515326381701e-01,0.000000000000000000e+00,0.000000000000000000e+00,0.000000000000000000e+00,5.391476356696889294e-01,0.000000000000000000e+00,0.000000000000000000e+00,0.000000000000000000e+00,5.307870238727397938e-01,5.320765994122809150e-01,5.386656123724961054e-01,0.000000000000000000e+00,5.575312599229728105e-01
4.363448081888621766e-01,4.256167327937561140e-01,4.325343783616449889e-01,5.086235719444233139e-01,4.410755378913613911e-01,3.965277357643723910e-01,4.395957832747621197e-01,4.285835873320483214e-01,4.127645493454129011e-01,4.048581802125679197e-01,0.000000000000000000e+00,4.115095154923911203e-01,4.237576126767267914e-01,5.182329642735256092e-01,3.194129253941447866e-01,4.326838128289662855e-01,4.068438220016232232e-01,4.268885235753139828e-01,0.000000000000000000e+00,0.000000000000000000e+00,4.316710493840993923e-01,4.012784816857116743e-01,3.279696257123794201e-01,4.413116650873992741e-01,4.057362690356918211e-01,4.589896072761809886e-01,3.398591746950013759e-01,3.889285165317040160e-01,3.273103540587988247e-01,3.493450107366494750e-01,3.911205033858858870e-01,4.561232658307438070e-01,3.797522282068477861e-01,4.368864298246972755e-01,4.788126816497393912e-01,5.451721343449212887e-01,4.741340440075834106e-01,4.049504432563167944e-01,4.755405486923108271e-01,4.066793570765345756e-01,4.898663815077917150e-01,4.989544472422111077e-01,4.945355515053058149e-01,0.000000000000000000e+00,0.000000000000000000e+00,4.146641261583887128e-01,4.329779048422021104e-01,0.000000000000000000e+00,0.000000000000000000e+00,0.000000000000000000e+00,4.929900782645176838e-01,4.924026097361606236e-01,5.015695290155819386e-01,4.762615213229859923e-01,0.000000000000000000e+00,0.000000000000000000e+00,3.382405042648314875e-01,5.031347256749538754e-01,0.000000000000000000e+00,4.690508152021560795e-01,4.330403072441846857e-01,0.000000000000000000e+00,4.288595063328645152e-01,0.000000000000000000e+00,4.769792362990654122e-01,4.651597931838367117e-01,4.706513516867676938e-01,4.942796452634645732e-01,0.000000000000000000e+00,4.241500395849051031e-01,4.560934372965844141e-01,5.005091937008881997e-01,5.014590854948919318e-01,4.894372102273060188e-01,5.040925152029034351e-01,4.856766767149374164e-01
3.982704049495323084e-01,3.972031641779393274e-01,0.000000000000000000e+00,0.000000000000000000e+00,4.874139814757610933e-01,4.266220643780362920e-01,4.688869647696651821e-01,3.988921999548475927e-01,4.264777726865461860e-01,4.314558110483475151e-01,0.000000000000000000e+00,4.111487970570255057e-01,4.638586640271328831e-01,0.000000000000000000e+00,4.014604771459296950e-01,4.108839102864668136e-01,4.346907826011328080e-01,4.188238415652065783e-01,0.000000000000000000e+00,4.316710493840993923e-01,0.000000000000000000e+00,4.392127208047540976e-01,3.869433856164872787e-01,4.466667840885290008e-01,4.076001454340191787e-01,4.050675882577816078e-01,4.345510904039752154e-01,4.523161694546196099e-01,4.209521632436211136e-01,4.400324071240868107e-01,4.086707702647771057e-01,4.308827184241336150e-01,3.586252516422929193e-01,4.201530040376013075e-01,4.602952146139935863e-01,5.135008598405251812e-01,0.000000000000000000e+00,0.000000000000000000e+00,4.567038126028089007e-01,3.840802217695880039e-01,4.575585017145186173e-01,4.983315578977168814e-01,0.000000000000000000e+00,0.000000000000000000e+00,0.000000000000000000e+00,4.098335102472465130e-01,4.356314747813975763e-01,0.000000000000000000e+00,0.000000000000000000e+00,0.000000000000000000e+00,0.000000000000000000e+00,0.000000000000000000e+00,4.873950577157835085e-01,0.000000000000000000e+00,4.296372830867766779e-01,0.000000000000000000e+00,0.000000000000000000e+00,4.919483519613366829e-01,0.000000000000000000e+00,4.635658478734108745e-01,4.236724472846452039e-01,0.000000000000000000e+00,4.271751902516259247e-01,0.000000000000000000e+00,4.678453616716786168e-01,3.736545411250936088e-01,4.655318746109702865e-01,4.707627261682477138e-01,3.956341306056290752e-01,4.140440882913584142e-01,4.738865301842489219e-01,4.854463667656930270e-01,4.881600919691759799e-01,4.787661403279939165e-01,4.953463652327593780e-01,4.627284442794055153e-01
