0.000000000000000000e+00,4.100267657713057012e-01,5.062030947793786373e-01,0.000000000000000000e+00,0.000000000000000000e+00,4.610572410242175234e-01,0.000000000000000000e+00,5.503310396539098370e-01,4.859569502339444180e-01,4.345414280188836798e-01,0.000000000000000000e+00,4.154212584667810182e-01,4.818720798730941057e-01,0.000000000000000000e+00,4.364563558470955229e-01,3.913394423805259814e-01,4.167362589393963090e-01,3.675658225960903858e-01,0.000000000000000000e+00,4.736664140744155094e-01,4.725427114394016859e-01,4.802775373148974181e-01,5.124202375578327251e-01,3.424848313318217818e-01,3.627949346036289935e-01,3.549924295290833864e-01,4.917494274229943785e-01,4.713281672867060124e-01,4.801078585933097886e-01,0.000000000000000000e+00,4.004552323076989162e-01,4.426862740686421938e-01,3.726976047087677268e-01,4.053034155770459113e-01,4.315010207784095164e-01,0.000000000000000000e+00,0.000000000000000000e+00,4.366707386780617206e-01,4.678830064630125074e-01,4.733628612429706117e-01,4.521469747017651253e-01,4.718935101281593880e-01,0.000000000000000000e+00,0.000000000000000000e+00,4.278863370418549139e-01,3.258868325020384260e-01,4.825371082146259205e-01,0.000000000000000000e+00,0.000000000000000000e+00,0.000000000000000000e+00,4.035843542859339217e-01,0.000000000000000000e+00,0.000000000000000000e+00,0.000000000000000000e+00,4.373007416725159247e-01,0.000000000000000000e+00,4.699495758204152995e-01,0.000000000000000000e+00,0.000000000000000000e+00,0.000000000000000000e+00,4.575921523723818218e-01,4.100078497390158838e-01,4.429769006782731111e-01,0.000000000000000000e+00,5.074848237311310184e-01,4.133300101337196164e-01,4.679829223697015150e-01,5.109443577359477073e-01,3.295273221552729725e-01,4.585883871170967074e-01,4.618550492675564945e-01,0.000000000000000000e+00,0.000000000000000000e+00,0.000000000000000000e+00,0.000000000000000000e+00,4.387548315813457056e-01
4.100267657713057012e-01,0.000000000000000000e+00,3.867728607792664253e-01,0.000000000000000000e+00,3.956261400251369076e-01,3.948333462077852074e-01,4.383068297391233270e-01,4.743947831540077931e-01,3.884655846882920094e-01,3.370463000967017231e-01,0.000000000000000000e+00,0.000000000000000000e+00,4.372039147779367974e-01,0.000000000000000000e+00,4.206672501569792000e-01,4.052798770277306062e-01,3.710208019205933905e-01,3.935908741947335976e-01,4.042997000666980201e-01,4.294608121995530103e-01,4.348133865114112151e-01,4.059774676711270236e-01,3.958229116352158239e-01,3.666939914045023174e-01,3.553068025855076750e-01,3.811054923856271870e-01,4.058641656118551211e-01,4.286771468405700114e-01,4.093284431771013199e-01,0.000000000000000000e+00,3.878911218271364203e-01,4.445040509450671196e-01,3.549028299883966731e-01,3.974256150703880941e-01,4.456743251816782103e-01,0.000000000000000000e+00,0.000000000000000000e+00,0.000000000000000000e+00,4.871486667898016765e-01,4.520801116633250127e-01,4.577835628102259191e-01,4.993327051724358867e-01,0.000000000000000000e+00,0.000000000000000000e+00,0.000000000000000000e+00,4.517938281631213027e-01,4.843464651172771918e-01,0.000000000000000000e+00,0.000000000000000000e+00,0.000000000000000000e+00,4.298650527915260922e-01,4.364786657064397835e-01,0.000000000000000000e+00,0.000000000000000000e+00,0.000000000000000000e+00,0.000000000000000000e+00,0.000000000000000000e+00,4.387397346411239796e-01,0.000000000000000000e+00,4.972907286718710740e-01,4.647326882355715116e-01,4.546339967716517272e-01,4.555574854443403265e-01,0.000000000000000000e+00,4.568694210103249054e-01,5.060910725453721115e-01,4.724295801934391137e-01,4.744379706651797868e-01,0.000000000000000000e+00,4.810892213837055786e-01,4.990361719618460756e-01,4.607186028002658862e-01,4.687071567127022997e-01,4.596225500953515231e-01,0.000000000000000000e+00,4.470789731895269958e-01
5.062030947793786373e-01,3.867728607792664253e-01,0.000000000000000000e+00,4.601314786962821257e-01,3.957049682462109863e-01,3.790065456166499813e-01,4.648728788870333251e-01,4.786249044510488271e-01,3.088548084235970270e-01,4.897220855359389891e-01,3.089419151010949771e-01,4.603859883486222104e-01,4.748144272833014767e-01,4.720508085021418165e-01,0.000000000000000000e+00,3.683982645435877057e-01,4.916775160768336872e-01,0.000000000000000000e+00,2.615463094490262930e-01,4.010096576559253889e-01,4.267639857656865821e-01,4.211311137248383019e-01,3.840824196820141756e-01,0.000000000000000000e+00,3.851019923016447133e-01,4.243773750302093917e-01,3.133885197426680147e-01,4.749464588131129816e-01,3.906820029180119724e-01,4.775256373657745246e-01,4.875197916927099251e-01,4.557187375763808168e-01,4.296674053704688245e-01,4.913327080019322946e-01,4.786100388274914241e-01,4.671129023552192949e-01,4.770786474237396213e-01,4.585928192984767837e-01,5.290502276048520969e-01,0.000000000000000000e+00,5.557160217887632259e-01,5.797422993252695500e-01,4.988042258171688226e-01,0.000000000000000000e+00,0.000000000000000000e+00,0.000000000000000000e+00,0.000000000000000000e+00,5.747303625150216311e-01,0.000000000000000000e+00,5.550770839774858967e-01,5.691118159988637348e-01,5.733988556054842034e-01,5.236626427701889241e-01,5.903283782435581051e-01,5.723034721915640777e-01,5.358973108078738390e-01,0.000000000000000000e+00,5.799477424711008133e-01,5.210648137011338887e-01,0.000000000000000000e+00,0.000000000000000000e+00,0.000000000000000000e+00,0.000000000000000000e+00,5.721563670333423834e-01,4.675327788021583775e-01,0.000000000000000000e+00,4.366914571930933797e-01,5.745358828147135721e-01,0.000000000000000000e+00,0.000000000000000000e+00,5.173067305505508751e-01,5.750921607905448152e-01,5.489563891048528932e-01,5.010388245716933531e-01,0.000000000000000000e+00,5.501333277526062604e-01
0.000000000000000000e+00,0.000000000000000000e+00,4.601314786962821257e-01,0.000000000000000000e+00,3.069154605744218167e-01,4.188700928614476071e-01,2.925721715139656953e-01,4.410517215600667784e-01,4.614312177719903096e-01,4.279609858127694233e-01,3.947794945627853824e-01,0.000000000000000000e+00,3.286244787750380869e-01,3.696728048227431729e-01,0.000000000000000000e+00,0.000000000000000000e+00,0.000000000000000000e+00,0.000000000000000000e+00,4.513505272003627833e-01,0.000000000000000000e+00,0.000000000000000000e+00,0.000000000000000000e+00,4.310179172840156170e-01,0.000000000000000000e+00,0.000000000000000000e+00,0.000000000000000000e+00,0.000000000000000000e+00,3.042735467775457003e-01,0.000000000000000000e+00,0.000000000000000000e+00,3.098925687268657136e-01,3.433610272178804768e-01,0.000000000000000000e+00,2.391032177345875920e-01,0.000000000000000000e+00,2.594675488447196754e-01,1.719049751058092934e-01,0.000000000000000000e+00,0.000000000000000000e+00,0.000000000000000000e+00,0.000000000000000000e+00,0.000000000000000000e+00,0.000000000000000000e+00,0.000000000000000000e+00,0.000000000000000000e+00,0.000000000000000000e+00,0.000000000000000000e+00,0.000000000000000000e+00,0.000000000000000000e+00,0.000000000000000000e+00,0.000000000000000000e+00,0.000000000000000000e+00,0.000000000000000000e+00,0.000000000000000000e+00,0.000000000000000000e+00,0.000000000000000000e+00,0.000000000000000000e+00,0.000000000000000000e+00,0.000000000000000000e+00,0.000000000000000000e+00,0.000000000000000000e+00,0.000000000000000000e+00,0.000000000000000000e+00,0.000000000000000000e+00,0.000000000000000000e+00,0.000000000000000000e+00,0.000000000000000000e+00,0.000000000000000000e+00,0.000000000000000000e+00,0.000000000000000000e+00,0.000000000000000000e+00,0.000000000000000000e+00,0.000000000000000000e+00,0.000000000000000000e+00,0.000000000000000000e+00,0.000000000000000000e+00
0.000000000000000000e+00,3.956261400251369076e-01,3.957049682462109863e-01,3.069154605744218167e-01,0.000000000000000000e+00,3.707212363045960801e-01,3.473356127766195067e-01,4.360926263330650032e-01,3.157173016035604851e-01,4.599160217504542070e-01,3.273407151588468844e-01,4.200677259410168785e-01,4.002759188154734749e-01,3.072158303087408893e-01,0.000000000000000000e+00,4.023933908248193969e-01,4.740215151520428827e-01,4.879124025111010177e-01,3.947201124672339856e-01,4.351102153892005830e-01,0.000000000000000000e+00,4.274827854809890026e-01,4.235724222383773219e-01,4.765512462383352799e-01,3.941821045243718014e-01,4.063903424774603090e-01,3.912807592684076075e-01,3.863013677339726115e-01,4.028123793237050054e-01,0.000000000000000000e+00,4.598377486561545102e-01,3.765001079246009241e-01,3.857418901202080974e-01,4.669586372940008889e-01,4.223337305722412727e-01,2.987732785875270025e-01,2.869691881112080845e-01,3.801719252721030839e-01,5.323029279672527592e-01,0.000000000000000000e+00,4.635039989012442740e-01,0.000000000000000000e+00,4.000754808829712905e-01,0.000000000000000000e+00,4.325827155531554169e-01,0.000000000000000000e+00,0.000000000000000000e+00,5.428936949606086859e-01,0.000000000000000000e+00,5.160914441243059647e-01,5.365264457232548079e-01,5.556120114449469849e-01,4.854587690479292839e-01,5.526156447557739604e-01,5.358456180989948914e-01,4.783328067628824787e-01,3.783617054253570200e-01,5.594239285781700266e-01,4.349199294931104798e-01,0.000000000000000000e+00,0.000000000000000000e+00,0.000000000000000000e+00,0.000000000000000000e+00,5.336099655093488048e-01,0.000000000000000000e+00,0.000000000000000000e+00,0.000000000000000000e+00,5.357893772623564255e-01,0.000000000000000000e+00,0.000000000000000000e+00,0.000000000000000000e+00,5.301823938915187773e-01,5.396471019889458320e-01,4.860708620924469869e-01,0.000000000000000000e+00,5.403022645669260937e-01
4.610572410242175234e-01,3.948333462077852074e-01,3.790065456166499813e-01,4.188700928614476071e-01,3.707212363045960801e-01,0.000000000000000000e+00,4.222762155597403755e-01,3.977268505629580897e-01,3.119421393924309838e-01,4.638626794050967894e-01,4.056718144510220170e-01,4.377652263840112190e-01,3.842907412451989080e-01,4.551294579068905777e-01,4.050485874648985796e-01,4.158078595284047108e-01,4.613360775219835230e-01,4.296999128969805071e-01,3.683958664140776773e-01,3.959843988169404194e-01,4.079940136079762136e-01,4.212202036113897874e-01,3.936740208043493228e-01,4.420419474358046052e-01,3.841700958429727919e-01,4.092948001971355998e-01,3.709808013881121247e-01,3.872774954850419227e-01,3.268975335376101965e-01,4.276335544212642725e-01,4.417318225978373869e-01,4.064615961122335919e-01,3.649218047507079010e-01,4.480965826672506092e-01,4.363444965709294965e-01,4.372190724613124191e-01,4.510257240234308851e-01,4.229828489619664733e-01,5.102294774725514293e-01,3.939003038215723174e-01,5.301648779615139029e-01,5.315917859842660409e-01,5.149998924834999769e-01,0.000000000000000000e+00,0.000000000000000000e+00,0.000000000000000000e+00,4.401760836824752943e-01,5.571955724930657272e-01,0.000000000000000000e+00,5.260104741725168953e-01,5.041876690265975069e-01,5.260477942240086024e-01,4.541549453027721173e-01,5.596467197259324955e-01,5.032460853894538122e-01,5.265567804196590318e-01,0.000000000000000000e+00,5.262487974487307651e-01,0.000000000000000000e+00,4.586835405568128188e-01,4.320126476680754002e-01,0.000000000000000000e+00,0.000000000000000000e+00,5.477432011477165741e-01,4.514296021889233068e-01,4.277513169783129787e-01,4.533657929474979031e-01,5.117531309875024137e-01,0.000000000000000000e+00,4.302493884575216976e-01,4.555479624017905738e-01,4.978506182165700067e-01,5.134630772200360349e-01,4.819649567606441032e-01,5.174362523003931402e-01,5.212092271099093566e-01
0.000000000000000000e+00,4.383068297391233270e-01,4.648728788870333251e-01,2.925721715139656953e-01,3.473356127766195067e-01,4.222762155597403755e-01,0.000000000000000000e+00,4.623749481786800786e-01,4.304166383725797074e-01,4.377145016983061132e-01,4.671215125287497827e-01,4.119645272685025783e-01,3.585276701423070755e-01,3.472085855049584779e-01,4.435092415678255073e-01,4.646891313408367807e-01,4.442333717131166093e-01,4.658399033323217808e-01,4.854386931920460779e-01,4.687727743647067125e-01,4.641242391129625222e-01,4.775537040816705825e-01,4.471312926227454243e-01,4.100176547776022140e-01,4.357987425642181889e-01,4.245215058379364081e-01,4.374920981824914068e-01,3.818782785951093106e-01,4.387288177258659161e-01,4.967826045343960994e-01,4.262392964467149881e-01,4.245234287252331873e-01,3.880301358284042879e-01,4.249315002095643834e-01,3.692167696581132863e-01,3.591738196689671092e-01,3.955199022771712092e-01,3.793838019259290761e-01,4.910273948983758241e-01,3.469568808531419135e-01,5.072903479660260118e-01,5.378398749494044395e-01,5.137459247170167442e-01,0.000000000000000000e+00,3.650932748397566208e-01,0.000000000000000000e+00,4.557489739620950164e-01,5.546252222870596826e-01,0.000000000000000000e+00,5.484855423381777006e-01,5.308781941163642770e-01,5.556315957855146870e-01,4.955313482736328767e-01,5.738926241049779886e-01,0.000000000000000000e+00,5.227414020751176560e-01,3.752475911207217019e-01,5.547219302083279402e-01,4.767141813692116203e-01,0.000000000000000000e+00,0.000000000000000000e+00,0.000000000000000000e+00,0.000000000000000000e+00,5.657140897372955335e-01,4.833224739476962850e-01,0.000000000000000000e+00,4.628412133806925066e-01,5.389916490972643803e-01,0.000000000000000000e+00,0.000000000000000000e+00,4.702347732537542901e-01,5.270889875113621281e-01,5.404040400799486887e-01,5.082826420770509834e-01,0.000000000000000000e+00,5.394409228992999017e-01
5.503310396539098370e-01,4.743947831540077931e-01,4.786249044510488271e-01,4.410517215600667784e-01,4.360926263330650032e-01,3.977268505629580897e-01,4.623749481786800786e-01,0.000000000000000000e+00,4.969991514245123976e-01,4.969594793496551755e-01,3.343136782235671123e-01,5.276233030346260122e-01,4.642280424938903804e-01,4.030212706259668209e-01,4.778844735975568137e-01,4.785033800228237211e-01,5.156224788820784610e-01,4.923850597896515247e-01,4.604760556983815145e-01,4.071443304314766864e-01,4.219837915736057155e-01,4.453805153378079806e-01,3.783062864044151041e-01,5.383324155869025907e-01,5.011318172406864502e-01,5.158063255975431360e-01,4.245773770327324059e-01,4.511317447608562126e-01,3.950689840971828848e-01,4.323600063300834795e-01,4.520554220276963853e-01,4.117487146830776101e-01,4.357498248738118085e-01,4.697393286911278887e-01,4.655315587634483165e-01,3.979607538257031729e-01,3.939081460852026928e-01,5.167826657723094685e-01,5.116624117654177129e-01,0.000000000000000000e+00,5.208121426446891133e-01,5.367073320380716384e-01,4.070685825757174858e-01,0.000000000000000000e+00,0.000000000000000000e+00,0.000000000000000000e+00,0.000000000000000000e+00,5.374360607193692241e-01,0.000000000000000000e+00,4.836634330378161151e-01,4.771376261462854096e-01,5.088865514987024330e-01,3.557122785001590737e-01,5.511207362925006903e-01,4.960898442128293118e-01,4.576711044537349893e-01,0.000000000000000000e+00,5.124080745328485342e-01,4.346195529180187922e-01,4.986379914462439888e-01,0.000000000000000000e+00,0.000000000000000000e+00,0.000000000000000000e+00,5.218739964624725669e-01,4.865623625237209260e-01,0.000000000000000000e+00,5.062699317240093588e-01,4.878852635423823747e-01,0.000000000000000000e+00,0.000000000000000000e+00,5.179680000109768701e-01,4.954965761625798049e-01,5.029148799827054539e-01,4.662864641044945913e-01,4.752934920548325115e-01,5.150225309961862230e-01
4.859569502339444180e-01,3.884655846882920094e-01,3.088548084235970270e-01,4.614312177719903096e-01,3.157173016035604851e-01,3.119421393924309838e-01,4.304166383725797074e-01,4.969991514245123976e-01,0.000000000000000000e+00,4.978183730638950921e-01,2.960401490634860244e-01,4.587140891219785854e-01,4.146680916877227840e-01,4.972607902753726217e-01,3.892508392209044765e-01,4.002797137340378120e-01,4.937240973758598162e-01,4.956078235198860815e-01,2.882095960264108858e-01,4.032166284395882760e-01,4.150922171284909812e-01,4.213786587950710261e-01,4.301215638947519793e-01,4.627923245423050114e-01,4.067840278139457921e-01,3.993339895063778844e-01,3.487241738313379136e-01,4.846388372816228252e-01,3.861041194426275136e-01,4.816829331616310772e-01,4.966442148822021174e-01,4.771632408085508814e-01,4.460296319614551752e-01,4.992009873973983214e-01,4.807442899908209166e-01,4.683282728361534142e-01,4.897193269081854261e-01,4.425805354222456245e-01,5.299065596314279647e-01,4.253139172998782191e-01,5.329355964985792449e-01,5.612906910215434975e-01,5.039910833953302749e-01,0.000000000000000000e+00,4.224597393365204234e-01,0.000000000000000000e+00,4.218069013159894132e-01,5.826381523491522829e-01,0.000000000000000000e+00,5.670339106705553078e-01,5.636886732546683154e-01,5.778109601265495332e-01,5.255201415791133090e-01,5.889994424903833847e-01,5.510951131325975139e-01,5.480620629375687614e-01,4.279307042690497775e-01,5.798640591497006280e-01,5.141091664918669979e-01,4.437269599574792944e-01,0.000000000000000000e+00,0.000000000000000000e+00,0.000000000000000000e+00,5.820268908947315856e-01,4.441905084231423939e-01,0.000000000000000000e+00,4.377150366365488154e-01,5.686943323146987916e-01,0.000000000000000000e+00,0.000000000000000000e+00,4.748043359380725859e-01,5.681674875412746628e-01,5.544948321423045501e-01,4.932751154207585254e-01,0.000000000000000000e+00,5.566485744433895544e-01
4.345414280188836798e-01,3.370463000967017231e-01,4.897220855359389891e-01,4.279609858127694233e-01,4.599160217504542070e-01,4.638626794050967894e-01,4.377145016983061132e-01,4.969594793496551755e-01,4.978183730638950921e-01,0.000000000000000000e+00,5.023984016272289299e-01,3.130213934698276024e-01,4.388341458640350190e-01,4.648454476640170863e-01,0.000000000000000000e+00,3.812930600202876219e-01,3.278536116229259223e-01,3.547706870900518838e-01,5.020659258806009495e-01,4.284273511762931030e-01,5.126890186368080471e-01,4.239509348974305758e-01,4.724579906047908229e-01,3.554490738366811176e-01,3.104551925271805124e-01,2.847880951413404027e-01,4.513133366092014209e-01,4.149333579502478830e-01,4.399912125597434942e-01,0.000000000000000000e+00,3.405742296011354808e-01,3.601744850903602080e-01,3.402736248956976794e-01,3.472206794527096796e-01,2.803716362341557855e-01,3.663594467605659211e-01,2.877765411169193044e-01,3.056069916947329879e-01,2.680794011236646845e-01,4.988435011548689180e-01,3.370573901887041757e-01,0.000000000000000000e+00,0.000000000000000000e+00,0.000000000000000000e+00,3.723306918344291838e-01,0.000000000000000000e+00,0.000000000000000000e+00,0.000000000000000000e+00,0.000000000000000000e+00,0.000000000000000000e+00,5.199383000889969964e-01,5.508624694359983698e-01,0.000000000000000000e+00,5.514177823230699271e-01,4.744611546817785186e-01,0.000000000000000000e+00,4.602809832839719895e-01,5.483909529577390973e-01,0.000000000000000000e+00,0.000000000000000000e+00,0.000000000000000000e+00,4.849213054222216157e-01,4.748521424962300896e-01,0.000000000000000000e+00,0.000000000000000000e+00,0.000000000000000000e+00,0.000000000000000000e+00,5.401701988793400355e-01,4.471746740071143034e-01,4.757779092860480730e-01,4.701677379353478847e-01,5.235435531489844863e-01,5.342080131618723859e-01,5.011658737931922181e-01,0.000000000000000000e+00,4.679677702137087225e-01
0.000000000000000000e+00,0.000000000000000000e+00,3.089419151010949771e-01,3.947794945627853824e-01,3.273407151588468844e-01,4.056718144510220170e-01,4.671215125287497827e-01,3.343136782235671123e-01,2.960401490634860244e-01,5.023984016272289299e-01,0.000000000000000000e+00,4.177478732440597087e-01,5.021602603523938058e-01,3.509350616267247758e-01,0.000000000000000000e+00,0.000000000000000000e+00,4.950856446804118849e-01,5.057763427258569200e-01,2.554715901461865890e-01,0.000000000000000000e+00,0.000000000000000000e+00,0.000000000000000000e+00,3.305730964526263915e-01,4.638590648908952896e-01,4.936472909041237922e-01,4.885376862066996839e-01,3.836858794320623933e-01,4.916673229695525116e-01,0.000000000000000000e+00,0.000000000000000000e+00,5.131227198289110003e-01,4.053103567985809064e-01,4.243895227432933903e-01,5.067692430739803022e-01,4.766942212963241055e-01,3.221014985287304899e-01,3.408299969336797131e-01,4.608319237198347795e-01,4.990041677405863130e-01,4.096455954129603061e-01,4.316545264636977852e-01,0.000000000000000000e+00,4.196138026459320103e-01,0.000000000000000000e+00,0.000000000000000000e+00,0.000000000000000000e+00,0.000000000000000000e+00,5.335259512726977515e-01,0.000000000000000000e+00,4.741436538146914792e-01,5.390587082964477528e-01,5.482026063882468048e-01,4.965853997668099873e-01,5.480107058694878575e-01,0.000000000000000000e+00,4.679066777921045972e-01,0.000000000000000000e+00,5.517580687486652868e-01,4.431960841701271248e-01,0.000000000000000000e+00,0.000000000000000000e+00,0.000000000000000000e+00,0.000000000000000000e+00,5.224991821266261605e-01,0.000000000000000000e+00,0.000000000000000000e+00,0.000000000000000000e+00,5.326536071861051047e-01,0.000000000000000000e+00,0.000000000000000000e+00,0.000000000000000000e+00,5.488901401987267281e-01,5.242246086417704509e-01,4.661587503809124233e-01,0.000000000000000000e+00,5.316016503803465687e-01
4.154212584667810182e-01,0.000000000000000000e+00,4.603859883486222104e-01,0.000000000000000000e+00,4.200677259410168785e-01,4.377652263840112190e-01,4.119645272685025783e-01,5.276233030346260122e-01,4.587140891219785854e-01,3.130213934698276024e-01,4.177478732440597087e-01,0.000000000000000000e+00,4.365075363067130176e-01,0.000000000000000000e+00,0.000000000000000000e+00,3.732765900632358802e-01,3.529898928153609727e-01,3.631153902430431790e-01,4.335595446417903065e-01,4.087381012195285268e-01,5.071209161235761265e-01,0.000000000000000000e+00,5.026654083526079786e-01,2.919437525586420779e-01,3.418522396351125203e-01,3.076188819829056009e-01,4.382960391001183842e-01,3.936829593031215824e-01,4.045730401322836234e-01,0.000000000000000000e+00,3.839247660581123767e-01,2.809447807552233889e-01,3.458737129140628808e-01,3.080223207711869082e-01,3.002889265677248787e-01,2.887085696107115074e-01,2.449922571911354874e-01,2.874867157690411124e-01,2.559156075121009066e-01,4.991261627794630895e-01,2.736815588207244798e-01,2.364629456108741090e-01,0.000000000000000000e+00,0.000000000000000000e+00,4.068430948591555962e-01,4.222627862214274885e-01,0.000000000000000000e+00,0.000000000000000000e+00,0.000000000000000000e+00,0.000000000000000000e+00,0.000000000000000000e+00,0.000000000000000000e+00,0.000000000000000000e+00,0.000000000000000000e+00,4.722332654484858727e-01,0.000000000000000000e+00,4.552729834924120755e-01,0.000000000000000000e+00,0.000000000000000000e+00,0.000000000000000000e+00,0.000000000000000000e+00,4.761060492619332840e-01,4.746549335150959115e-01,0.000000000000000000e+00,0.000000000000000000e+00,0.000000000000000000e+00,0.000000000000000000e+00,5.213216734764059002e-01,4.149934206752304844e-01,4.760844223729231994e-01,4.647241638443295741e-01,5.097963936664787754e-01,2.144684023493655112e-01,0.000000000000000000e+00,0.000000000000000000e+00,4.692064797283519995e-01
4.818720798730941057e-01,4.372039147779367974e-01,4.748144272833014767e-01,3.286244787750380869e-01,4.002759188154734749e-01,3.842907412451989080e-01,3.585276701423070755e-01,4.642280424938903804e-01,4.146680916877227840e-01,4.388341458640350190e-01,5.021602603523938058e-01,4.365075363067130176e-01,0.000000000000000000e+00,3.999681963553202158e-01,4.418094215950911785e-01,4.671785160266728743e-01,4.470414701315871264e-01,4.610265177560919914e-01,5.064281129962331374e-01,4.518877931906103984e-01,4.536887874751284189e-01,4.693506988367314170e-01,4.434805145434442264e-01,4.475363125566376166e-01,4.355871789486733259e-01,4.257438502825870996e-01,4.230274851663156088e-01,3.731455486119401033e-01,4.045378436235153030e-01,4.227777050709149997e-01,4.167052224084851209e-01,4.396141632969153834e-01,4.204640916434008724e-01,4.358203265447915808e-01,4.063857600417987159e-01,4.045756697610007890e-01,4.256786232527374203e-01,4.052575159935303262e-01,5.365820353439019197e-01,3.674860531212875148e-01,5.512352477582918020e-01,5.348440985924410862e-01,5.270955318536250100e-01,0.000000000000000000e+00,3.497357668399695974e-01,0.000000000000000000e+00,4.618855241711147808e-01,5.499386907096048827e-01,0.000000000000000000e+00,5.482835539652898271e-01,5.283651415573940024e-01,5.517161704564984559e-01,4.967142968882398146e-01,5.697991233537808009e-01,0.000000000000000000e+00,5.365305752594449196e-01,3.579462882820899083e-01,5.460073677064916087e-01,0.000000000000000000e+00,4.653486298599183724e-01,4.570929003807597812e-01,0.000000000000000000e+00,0.000000000000000000e+00,5.526050400276434349e-01,4.771911992097758182e-01,0.000000000000000000e+00,4.622819139835150914e-01,5.348857626640742824e-01,0.000000000000000000e+00,4.853928427715565874e-01,4.693967135614576791e-01,5.208454101874193665e-01,5.358069109917860118e-01,5.128587562458998272e-01,5.229020470141660937e-01,5.344970633210354150e-01
0.000000000000000000e+00,0.000000000000000000e+00,4.720508085021418165e-01,3.696728048227431729e-01,3.072158303087408893e-01,4.551294579068905777e-01,3.472085855049584779e-01,4.030212706259668209e-01,4.972607902753726217e-01,4.648454476640170863e-01,3.509350616267247758e-01,0.000000000000000000e+00,3.999681963553202158e-01,0.000000000000000000e+00,0.000000000000000000e+00,0.000000000000000000e+00,0.000000000000000000e+00,0.000000000000000000e+00,4.482237384667914770e-01,0.000000000000000000e+00,0.000000000000000000e+00,0.000000000000000000e+00,4.202086771909481766e-01,0.000000000000000000e+00,0.000000000000000000e+00,0.000000000000000000e+00,4.666561421839058865e-01,3.601955192150775864e-01,0.000000000000000000e+00,0.000000000000000000e+00,4.433657893747541823e-01,2.661549177211560147e-01,0.000000000000000000e+00,4.313661271408161246e-01,0.000000000000000000e+00,2.529480288522332754e-01,2.108065992053315962e-01,0.000000000000000000e+00,0.000000000000000000e+00,0.000000000000000000e+00,0.000000000000000000e+00,0.000000000000000000e+00,3.622643519305731030e-01,0.000000000000000000e+00,0.000000000000000000e+00,0.000000000000000000e+00,0.000000000000000000e+00,4.998097755430706002e-01,0.000000000000000000e+00,4.231733641146537828e-01,5.121992364654851526e-01,4.819865150682515198e-01,0.000000000000000000e+00,0.000000000000000000e+00,0.000000000000000000e+00,4.436208260962418160e-01,0.000000000000000000e+00,0.000000000000000000e+00,0.000000000000000000e+00,0.000000000000000000e+00,0.000000000000000000e+00,0.000000000000000000e+00,0.000000000000000000e+00,4.839936316828142848e-01,0.000000000000000000e+00,0.000000000000000000e+00,0.000000000000000000e+00,5.128482243869239010e-01,0.000000000000000000e+00,0.000000000000000000e+00,0.000000000000000000e+00,0.000000000000000000e+00,4.975463513442051067e-01,0.000000000000000000e+00,0.000000000000000000e+00,0.000000000000000000e+00
4.364563558470955229e-01,4.206672501569792000e-01,0.000000000000000000e+00,0.000000000000000000e+00,0.000000000000000000e+00,4.050485874648985796e-01,4.435092415678255073e-01,4.778844735975568137e-01,3.892508392209044765e-01,0.000000000000000000e+00,0.000000000000000000e+00,0.000000000000000000e+00,4.418094215950911785e-01,0.000000000000000000e+00,0.000000000000000000e+00,4.333374434319056112e-01,0.000000000000000000e+00,4.320619664859490228e-01,0.000000000000000000e+00,3.217086342635103735e-01,4.024844524756984177e-01,3.902222263853140083e-01,3.579824541343051836e-01,4.845721661483995968e-01,4.127830448007938080e-01,4.029324778535868790e-01,3.736567954212263731e-01,4.199255055241862822e-01,3.926305284030580101e-01,4.373347176125875757e-01,4.372864551613562245e-01,4.603354766105415830e-01,4.078381906624736764e-01,4.483859976285783921e-01,4.952671278099697871e-01,0.000000000000000000e+00,0.000000000000000000e+00,0.000000000000000000e+00,5.072074932482530940e-01,4.877763597308050758e-01,5.045266523817095727e-01,5.375054014399217595e-01,0.000000000000000000e+00,0.000000000000000000e+00,3.632335740071621077e-01,0.000000000000000000e+00,5.050274219046680946e-01,0.000000000000000000e+00,0.000000000000000000e+00,0.000000000000000000e+00,4.655037291621589857e-01,4.853254907692232112e-01,0.000000000000000000e+00,0.000000000000000000e+00,0.000000000000000000e+00,0.000000000000000000e+00,0.000000000000000000e+00,4.820998584617924854e-01,0.000000000000000000e+00,5.145904441964672671e-01,4.797318945974637927e-01,0.000000000000000000e+00,4.541508494449810196e-01,0.000000000000000000e+00,4.823410830361279933e-01,4.921134368200723030e-01,5.195276136524349386e-01,4.974410288213709230e-01,0.000000000000000000e+00,4.630380193749223938e-01,5.219774967532233578e-01,4.980613121020130984e-01,4.927598803207546840e-01,4.903394188781293184e-01,0.000000000000000000e+00,4.891385655732444770e-01
3.913394423805259814e-01,4.052798770277306062e-01,3.683982645435877057e-01,0.000000000000000000e+00,4.023933908248193969e-01,4.158078595284047108e-01,4.646891313408367807e-01,4.785033800228237211e-01,4.002797137340378120e-01,3.812930600202876219e-01,0.000000000000000000e+00,3.732765900632358802e-01,4.671785160266728743e-01,0.000000000000000000e+00,4.333374434319056112e-01,0.000000000000000000e+00,3.898777210883385136e-01,3.585279331190464047e-01,0.000000000000000000e+00,4.077141319315170098e-01,4.318733347823998092e-01,3.735127599229760009e-01,4.363846927339278259e-01,3.609042925129214985e-01,3.660998064094990179e-01,4.130957315225023962e-01,4.220060600927051930e-01,4.554179023104690804e-01,4.365035627156655940e-01,4.350449406304273126e-01,3.947744192339113778e-01,4.500706845560493163e-01,3.575214756206496758e-01,4.165697404312985741e-01,4.554343275181041983e-01,0.000000000000000000e+00,0.000000000000000000e+00,0.000000000000000000e+00,4.838781111672920132e-01,4.398267218987709226e-01,4.504837857398759082e-01,4.903861097640462852e-01,0.000000000000000000e+00,0.000000000000000000e+00,0.000000000000000000e+00,4.490042585966476096e-01,4.775995473672194902e-01,0.000000000000000000e+00,0.000000000000000000e+00,0.000000000000000000e+00,4.316374353083813897e-01,0.000000000000000000e+00,0.000000000000000000e+00,0.000000000000000000e+00,0.000000000000000000e+00,0.000000000000000000e+00,0.000000000000000000e+00,4.318344991464153071e-01,0.000000000000000000e+00,4.847706452453606207e-01,4.513946338040835116e-01,0.000000000000000000e+00,4.463228192283290041e-01,0.000000000000000000e+00,4.720242268816017273e-01,5.285636186599731445e-01,4.633296118149686227e-01,4.847059378358047899e-01,0.000000000000000000e+00,4.622065397838999723e-01,4.906409941704614197e-01,4.745694304801716945e-01,0.000000000000000000e+00,4.928628440671505850e-01,0.000000000000000000e+00,4.357276498432227085e-01
4.167362589393963090e-01,3.710208019205933905e-01,4.916775160768336872e-01,0.000000000000000000e+00,4.740215151520428827e-01,4.613360775219835230e-01,4.442333717131166093e-01,5.156224788820784610e-01,4.937240973758598162e-01,3.278536116229259223e-01,4.950856446804118849e-01,3.529898928153609727e-01,4.470414701315871264e-01,0.000000000000000000e+00,0.000000000000000000e+00,3.898777210883385136e-01,0.000000000000000000e+00,3.375114079199744155e-01,5.121491740277845928e-01,4.083418740185010831e-01,4.946123419032225077e-01,4.123359318713393784e-01,4.861337428653932924e-01,3.842510006500842179e-01,3.128244302206225069e-01,3.502329514239406749e-01,0.000000000000000000e+00,4.275466108723993131e-01,4.152304613642063824e-01,0.000000000000000000e+00,3.749562351184230757e-01,4.394643699394187863e-01,3.556014199529002884e-01,4.007009173667516189e-01,4.253763310261567954e-01,4.279051285373650093e-01,0.000000000000000000e+00,3.582459242522484932e-01,4.920034736306637124e-01,5.016990127253287968e-01,4.586492425312729271e-01,5.263275504112243652e-01,0.000000000000000000e+00,0.000000000000000000e+00,3.950040638446807861e-01,4.090147203339152271e-01,4.469126686157813833e-01,0.000000000000000000e+00,0.000000000000000000e+00,0.000000000000000000e+00,0.000000000000000000e+00,0.000000000000000000e+00,0.000000000000000000e+00,0.000000000000000000e+00,4.734494549366832783e-01,0.000000000000000000e+00,4.560911633783971131e-01,0.000000000000000000e+00,0.000000000000000000e+00,0.000000000000000000e+00,4.394043249836385168e-01,4.757847308519869145e-01,4.717347104766911881e-01,0.000000000000000000e+00,0.000000000000000000e+00,0.000000000000000000e+00,0.000000000000000000e+00,0.000000000000000000e+00,4.480874043154817188e-01,4.707695133506529239e-01,4.672634070424083186e-01,0.000000000000000000e+00,0.000000000000000000e+00,0.000000000000000000e+00,0.000000000000000000e+00,4.668968910180226195e-01
3.675658225960903858e-01,3.935908741947335976e-01,0.000000000000000000e+00,0.000000000000000000e+00,4.879124025111010177e-01,4.296999128969805071e-01,4.658399033323217808e-01,4.923850597896515247e-01,4.956078235198860815e-01,3.547706870900518838e-01,5.057763427258569200e-01,3.631153902430431790e-01,4.610265177560919914e-01,0.000000000000000000e+00,4.320619664859490228e-01,3.585279331190464047e-01,3.375114079199744155e-01,0.000000000000000000e+00,5.065969426115731755e-01,4.205620719048543954e-01,4.434675190617060059e-01,4.204618306091267854e-01,4.483292002769960760e-01,3.535583862091877805e-01,3.429427236020882175e-01,3.606835852364351225e-01,4.298867099800876002e-01,4.474156064516506270e-01,4.381013158584645129e-01,4.363018255751883734e-01,3.909794245021857018e-01,4.489729837057265249e-01,3.439863358822611850e-01,4.150316733038386108e-01,4.340207856611422166e-01,0.000000000000000000e+00,0.000000000000000000e+00,3.566665012991950823e-01,4.661746858291382911e-01,4.533115846020390749e-01,4.497288442992792845e-01,4.752920253346736845e-01,0.000000000000000000e+00,0.000000000000000000e+00,0.000000000000000000e+00,3.763449409428594183e-01,4.613408527055776198e-01,0.000000000000000000e+00,0.000000000000000000e+00,0.000000000000000000e+00,4.404080452011129854e-01,0.000000000000000000e+00,0.000000000000000000e+00,0.000000000000000000e+00,4.544457756720534092e-01,0.000000000000000000e+00,4.340610946705393269e-01,0.000000000000000000e+00,0.000000000000000000e+00,0.000000000000000000e+00,4.446438528453959260e-01,4.623683565564821185e-01,4.549122126120240805e-01,0.000000000000000000e+00,4.639076936291989806e-01,0.000000000000000000e+00,4.520331202910550239e-01,0.000000000000000000e+00,4.414498779396497929e-01,4.543211458813484760e-01,4.589917324259937814e-01,5.076893722494861816e-01,4.284917066367071037e-01,4.450304595512626915e-01,0.000000000000000000e+00,4.451746906554622796e-01
0.000000000000000000e+00,4.042997000666980201e-01,2.615463094490262930e-01,4.513505272003627833e-01,3.947201124672339856e-01,3.683958664140776773e-01,4.854386931920460779e-01,4.604760556983815145e-01,2.882095960264108858e-01,5.020659258806009495e-01,2.554715901461865890e-01,4.335595446417903065e-01,5.064281129962331374e-01,4.482237384667914770e-01,0.000000000000000000e+00,0.000000000000000000e+00,5.121491740277845928e-01,5.065969426115731755e-01,0.000000000000000000e+00,0.000000000000000000e+00,0.000000000000000000e+00,4.354200508661800195e-01,4.063325836286005854e-01,4.274081278236664949e-01,4.857944182109267262e-01,4.789305151432021179e-01,3.461350732556889853e-01,5.033141703545845891e-01,0.000000000000000000e+00,0.000000000000000000e+00,5.090674955478524666e-01,4.745020537985356057e-01,4.422494687109275735e-01,5.122021368970129940e-01,4.909958965188089830e-01,4.610943757802183907e-01,4.875385085237504135e-01,4.368937660721921024e-01,5.408523305488687205e-01,4.010820951294876147e-01,5.119014761937166202e-01,5.474872642576347204e-01,4.644361922573922996e-01,0.000000000000000000e+00,4.193450161161222933e-01,0.000000000000000000e+00,0.000000000000000000e+00,5.752880623082382572e-01,0.000000000000000000e+00,5.391260143510374636e-01,5.686952538741000263e-01,5.777420787058316076e-01,5.174434915296322046e-01,5.892692283857184909e-01,5.702356153201539879e-01,5.252644351057582650e-01,0.000000000000000000e+00,5.805190460971357824e-01,4.992807550391517024e-01,0.000000000000000000e+00,0.000000000000000000e+00,0.000000000000000000e+00,0.000000000000000000e+00,5.678259975575293828e-01,0.000000000000000000e+00,0.000000000000000000e+00,0.000000000000000000e+00,5.702523315394706360e-01,0.000000000000000000e+00,0.000000000000000000e+00,0.000000000000000000e+00,5.720442828455641893e-01,5.579491154519894414e-01,4.955434137770787228e-01,0.000000000000000000e+00,5.561590549739380274e-01
4.736664140744155094e-01,4.294608121995530103e-01,4.010096576559253889e-01,0.000000000000000000e+00,4.351102153892005830e-01,3.959843988169404194e-01,4.687727743647067125e-01,4.071443304314766864e-01,4.032166284395882760e-01,4.284273511762931030e-01,0.000000000000000000e+00,4.087381012195285268e-01,4.518877931906103984e-01,0.000000000000000000e+00,3.217086342635103735e-01,4.077141319315170098e-01,4.083418740185010831e-01,4.205620719048543954e-01,0.000000000000000000e+00,0.000000000000000000e+00,4.282836726493138846e-01,3.761577239640336856e-01,3.381505996615055132e-01,4.966965251261570846e-01,4.061869743445372105e-01,4.304672254744846827e-01,3.709340175206120027e-01,4.201864821165047226e-01,3.558932135567816069e-01,3.493468666572692172e-01,3.952921992127670925e-01,4.483646317808216986e-01,3.687078399364173142e-01,4.430327882510107784e-01,4.882551449549024092e-01,5.233974918180228642e-01,0.000000000000000000e+00,0.000000000000000000e+00,4.903166766837130930e-01,4.549889987535996050e-01,5.033966654654022932e-01,5.146286031800312299e-01,5.133431854733520039e-01,0.000000000000000000e+00,3.646524483281025075e-01,0.000000000000000000e+00,4.709714051437647875e-01,0.000000000000000000e+00,0.000000000000000000e+00,0.000000000000000000e+00,4.680926736846298120e-01,4.803859147066191770e-01,4.729252773716612901e-01,4.364226463119323940e-01,0.000000000000000000e+00,0.000000000000000000e+00,0.000000000000000000e+00,4.899962013348784784e-01,0.000000000000000000e+00,4.811665773100369803e-01,4.597015851667656805e-01,0.000000000000000000e+00,4.547362445382078233e-01,0.000000000000000000e+00,4.714955982417352032e-01,4.662287734627252878e-01,4.830589250737222229e-01,4.866186148903365871e-01,0.000000000000000000e+00,4.414897386539354263e-01,4.949323306951540768e-01,4.928159830925292195e-01,4.892987705736849269e-01,4.836699078859492129e-01,4.854423573030158257e-01,4.802001516787274826e-01
4.725427114394016859e-01,4.348133865114112151e-01,4.267639857656865821e-01,0.000000000000000000e+00,0.000000000000000000e+00,4.079940136079762136e-01,4.641242391129625222e-01,4.219837915736057155e-01,4.150922171284909812e-01,5.126890186368080471e-01,0.000000000000000000e+00,5.071209161235761265e-01,4.536887874751284189e-01,0.000000000000000000e+00,4.024844524756984177e-01,4.318733347823998092e-01,4.946123419032225077e-01,4.434675190617060059e-01,0.000000000000000000e+00,4.282836726493138846e-01,0.000000000000000000e+00,4.641690992107804226e-01,4.175802426411768797e-01,5.127828436644201737e-01,4.358944383923952226e-01,4.282933467026379115e-01,4.253182856627775732e-01,4.488718179461173019e-01,4.196696081208571849e-01,0.000000000000000000e+00,4.254085463439736259e-01,4.597566432667826164e-01,4.500947338269912779e-01,4.516101039728360189e-01,4.916976117266509960e-01,0.000000000000000000e+00,0.000000000000000000e+00,5.099370167241152885e-01,4.904572195158349857e-01,3.894435347529998093e-01,4.948980308505361858e-01,5.139849632753509256e-01,0.000000000000000000e+00,0.000000000000000000e+00,0.000000000000000000e+00,3.808994034180240851e-01,5.020008293930480203e-01,0.000000000000000000e+00,0.000000000000000000e+00,0.000000000000000000e+00,4.643849242751901252e-01,0.000000000000000000e+00,4.175858490350412011e-01,0.000000000000000000e+00,0.000000000000000000e+00,0.000000000000000000e+00,0.000000000000000000e+00,4.978669074953848139e-01,0.000000000000000000e+00,4.813835559638576789e-01,4.592687204188172778e-01,0.000000000000000000e+00,0.000000000000000000e+00,0.000000000000000000e+00,4.682929218955226847e-01,4.020847601140529748e-01,5.019894305444460025e-01,4.668092809153864264e-01,0.000000000000000000e+00,4.708589489541438189e-01,5.019627134045703265e-01,4.796526997372065892e-01,4.803823266936160241e-01,4.780019147929295831e-01,0.000000000000000000e+00,4.790072046483893065e-01
