0.000000000000000000e+00,3.270738100450306107e-01,4.425647665276474241e-01,0.000000000000000000e+00,0.000000000000000000e+00,3.664169119033782174e-01,3.850144650721730732e-01,4.615529819868273154e-01,0.000000000000000000e+00,3.462996077805169937e-01,0.000000000000000000e+00,3.311110026762443259e-01,3.963262364975144170e-01,0.000000000000000000e+00,3.599047695324115725e-01,3.416213837722339997e-01,3.475103222312909135e-01,3.264567099023071850e-01,0.000000000000000000e+00,3.986280497209914175e-01,3.785302377440962762e-01,3.469150457184699832e-01,4.396273875446973234e-01,2.968251970090562963e-01,2.992206273337814082e-01,3.260623082855708121e-01,4.116218015594506063e-01,3.961023880365489025e-01,4.032478604029335889e-01,0.000000000000000000e+00,3.239523855372408723e-01,4.114439232240725830e-01,2.656696254201781904e-01,3.315909195466312798e-01,3.706997587188731180e-01,0.000000000000000000e+00,0.000000000000000000e+00,3.147579982105340735e-01,3.996244527990472917e-01,3.330544219854874033e-01,3.583154920045438785e-01,3.703001102348786877e-01,0.000000000000000000e+00,0.000000000000000000e+00,0.000000000000000000e+00,2.977177883019344051e-01,3.625242685246718999e-01,0.000000000000000000e+00,0.000000000000000000e+00,0.000000000000000000e+00,0.000000000000000000e+00,0.000000000000000000e+00,0.000000000000000000e+00,0.000000000000000000e+00,3.556342582759723925e-01,0.000000000000000000e+00,0.000000000000000000e+00,0.000000000000000000e+00,0.000000000000000000e+00,4.439086529968718220e-01,3.660951742393386277e-01,3.329645444501238005e-01,3.574908239512311070e-01,0.000000000000000000e+00,0.000000000000000000e+00,3.330338531623631138e-01,3.914017711147648737e-01,0.000000000000000000e+00,3.180297399359041099e-01,3.405824978021516070e-01,3.538567482009021825e-01,0.000000000000000000e+00,0.000000000000000000e+00,3.821723886878914955e-01,0.000000000000000000e+00,3.440932610979486883e-01
3.270738100450306107e-01,0.000000000000000000e+00,3.512372188973604814e-01,0.000000000000000000e+00,3.784917197780326981e-01,3.587522925505723936e-01,3.975974827841927128e-01,3.837206554757749966e-01,3.429993380276442072e-01,0.000000000000000000e+00,0.000000000000000000e+00,0.000000000000000000e+00,4.014910433230710063e-01,0.000000000000000000e+00,3.622248050819641962e-01,3.577926853407070173e-01,0.000000000000000000e+00,3.373138853079076793e-01,0.000000000000000000e+00,3.932456993168373938e-01,3.507660045350992073e-01,3.684592373689358213e-01,3.471810812962409232e-01,3.417451020420949059e-01,3.099615231841552077e-01,3.589826065187228799e-01,3.723790502941491942e-01,3.884859203427206142e-01,3.894321165708731214e-01,3.809486339621058204e-01,3.347134647908335259e-01,4.239569958694394125e-01,3.068855303314971250e-01,3.536155477801460889e-01,4.086024636811754207e-01,4.493606797766155903e-01,0.000000000000000000e+00,0.000000000000000000e+00,4.140862452114834058e-01,3.731343912375861827e-01,3.871621388004394260e-01,4.007675482598607730e-01,0.000000000000000000e+00,0.000000000000000000e+00,0.000000000000000000e+00,3.533618876506440798e-01,3.880035611818711261e-01,0.000000000000000000e+00,0.000000000000000000e+00,0.000000000000000000e+00,3.695357337870289194e-01,0.000000000000000000e+00,3.886131615311841925e-01,3.747555874887544825e-01,3.431873133390260788e-01,0.000000000000000000e+00,0.000000000000000000e+00,4.169222272188606859e-01,0.000000000000000000e+00,4.084927546628639994e-01,3.816868488216998978e-01,0.000000000000000000e+00,3.670240740042922112e-01,0.000000000000000000e+00,3.884137282483585141e-01,3.661753652197604070e-01,4.079432833934892866e-01,3.692458139880737122e-01,3.350180827245434201e-01,3.549883656582791258e-01,4.025293121119994932e-01,3.752020885816769735e-01,3.552958665533462734e-01,3.722633283755072964e-01,0.000000000000000000e+00,3.844203781950388255e-01
4.425647665276474241e-01,3.512372188973604814e-01,0.000000000000000000e+00,0.000000000000000000e+00,3.292644296879553845e-01,3.253280295297864000e-01,3.549206918525127930e-01,3.755022966431367237e-01,2.636581220935871883e-01,3.819340587329186909e-01,2.637182981681203131e-01,0.000000000000000000e+00,3.607580134802895189e-01,3.786009105122910001e-01,3.406426886347045935e-01,3.554583281420738983e-01,0.000000000000000000e+00,0.000000000000000000e+00,2.303583269566313874e-01,3.441287243460667833e-01,3.302253752819053756e-01,3.638965670137436770e-01,2.669584125014686227e-01,0.000000000000000000e+00,3.425997653457674152e-01,3.607998841655722932e-01,2.859315613618573226e-01,3.569951682017513117e-01,3.220357649689514767e-01,3.642687610259109920e-01,3.674056960908144154e-01,3.658997718820909961e-01,0.000000000000000000e+00,3.804511214950792031e-01,4.002373049595566168e-01,3.595939603678028895e-01,3.565951416010380015e-01,0.000000000000000000e+00,4.207859015397952818e-01,0.000000000000000000e+00,4.432610134007459735e-01,0.000000000000000000e+00,4.330981099780035204e-01,0.000000000000000000e+00,0.000000000000000000e+00,0.000000000000000000e+00,0.000000000000000000e+00,3.999549665871532933e-01,0.000000000000000000e+00,4.550351226618110090e-01,4.435014756690828230e-01,4.552698263767169795e-01,4.783501312331195909e-01,4.553278497684011272e-01,0.000000000000000000e+00,3.701669790357047241e-01,0.000000000000000000e+00,4.434499537986729134e-01,4.540551422553955052e-01,4.002424389406706862e-01,0.000000000000000000e+00,0.000000000000000000e+00,0.000000000000000000e+00,3.334567461675315148e-01,0.000000000000000000e+00,0.000000000000000000e+00,0.000000000000000000e+00,4.854396226530003911e-01,0.000000000000000000e+00,0.000000000000000000e+00,0.000000000000000000e+00,4.529987245314501809e-01,4.366086183994596914e-01,3.906181451926670212e-01,0.000000000000000000e+00,4.514071658737093262e-01
0.000000000000000000e+00,0.000000000000000000e+00,0.000000000000000000e+00,0.000000000000000000e+00,2.590905935418927886e-01,3.872279765644858762e-01,2.511813282785190782e-01,3.446226081473787728e-01,3.528683858557544739e-01,1.586142307164276066e-01,2.545284201019096804e-01,0.000000000000000000e+00,2.568722286254654930e-01,2.945588770656831223e-01,0.000000000000000000e+00,0.000000000000000000e+00,0.000000000000000000e+00,0.000000000000000000e+00,3.682177746193959766e-01,0.000000000000000000e+00,0.000000000000000000e+00,0.000000000000000000e+00,3.292758837900364166e-01,0.000000000000000000e+00,0.000000000000000000e+00,0.000000000000000000e+00,0.000000000000000000e+00,2.679166534517454790e-01,0.000000000000000000e+00,0.000000000000000000e+00,2.641245722770690918e-01,2.785112880599651120e-01,0.000000000000000000e+00,2.736157261813866870e-01,2.904629964769179784e-01,2.252707630417636886e-01,1.600530003639021870e-01,0.000000000000000000e+00,0.000000000000000000e+00,0.000000000000000000e+00,0.000000000000000000e+00,0.000000000000000000e+00,0.000000000000000000e+00,0.000000000000000000e+00,0.000000000000000000e+00,0.000000000000000000e+00,0.000000000000000000e+00,0.000000000000000000e+00,0.000000000000000000e+00,0.000000000000000000e+00,0.000000000000000000e+00,0.000000000000000000e+00,0.000000000000000000e+00,0.000000000000000000e+00,0.000000000000000000e+00,0.000000000000000000e+00,0.000000000000000000e+00,0.000000000000000000e+00,0.000000000000000000e+00,0.000000000000000000e+00,0.000000000000000000e+00,0.000000000000000000e+00,0.000000000000000000e+00,0.000000000000000000e+00,0.000000000000000000e+00,0.000000000000000000e+00,0.000000000000000000e+00,0.000000000000000000e+00,0.000000000000000000e+00,0.000000000000000000e+00,0.000000000000000000e+00,0.000000000000000000e+00,0.000000000000000000e+00,0.000000000000000000e+00,0.000000000000000000e+00,0.000000000000000000e+00
0.000000000000000000e+00,3.784917197780326981e-01,3.292644296879553845e-01,2.590905935418927886e-01,0.000000000000000000e+00,3.356761435598373255e-01,2.946878945966597829e-01,3.236645917590342258e-01,2.776767034248612265e-01,4.018772604088650113e-01,2.734790553681595848e-01,4.025616151362597095e-01,3.269661939684991858e-01,2.406600882111273043e-01,0.000000000000000000e+00,0.000000000000000000e+00,4.123918176321242912e-01,4.068352709939709877e-01,2.971814778899227738e-01,3.733723160750964110e-01,3.371689880744551115e-01,3.890012732814038254e-01,3.153090265331194852e-01,4.129966795444489081e-01,3.987214256004453783e-01,3.898686965978618857e-01,3.439932780907316023e-01,3.125748369884914779e-01,3.660582862084422184e-01,0.000000000000000000e+00,3.851448129709090229e-01,3.608196456542531183e-01,3.404864370822905939e-01,3.746584950143078130e-01,3.868917055808094863e-01,2.071150678111776944e-01,1.980600405728991931e-01,3.346073967134672866e-01,0.000000000000000000e+00,0.000000000000000000e+00,0.000000000000000000e+00,0.000000000000000000e+00,3.671442612027597807e-01,0.000000000000000000e+00,0.000000000000000000e+00,0.000000000000000000e+00,0.000000000000000000e+00,4.215654579292831827e-01,0.000000000000000000e+00,0.000000000000000000e+00,4.114747877803304199e-01,4.180880829299152834e-01,4.245099710781060076e-01,4.138819545284838086e-01,0.000000000000000000e+00,3.796325713705394067e-01,0.000000000000000000e+00,4.071454010703626780e-01,0.000000000000000000e+00,0.000000000000000000e+00,0.000000000000000000e+00,0.000000000000000000e+00,0.000000000000000000e+00,3.919206591502106818e-01,0.000000000000000000e+00,0.000000000000000000e+00,0.000000000000000000e+00,4.286666838708125815e-01,0.000000000000000000e+00,0.000000000000000000e+00,0.000000000000000000e+00,4.062206913984808265e-01,4.007643534589740986e-01,0.000000000000000000e+00,0.000000000000000000e+00,0.000000000000000000e+00
3.664169119033782174e-01,3.587522925505723936e-01,3.253280295297864000e-01,3.872279765644858762e-01,3.356761435598373255e-01,0.000000000000000000e+00,3.563495604194282795e-01,3.146002671442815757e-01,2.823494124168098862e-01,4.013776082810261991e-01,2.808900714788172825e-01,0.000000000000000000e+00,3.340715087330782818e-01,3.455897248383820730e-01,3.447723014896538207e-01,3.741588820218531009e-01,0.000000000000000000e+00,3.660875594660997767e-01,2.971830912321226092e-01,3.472647821980711091e-01,3.175384179336480095e-01,3.719162542022884099e-01,3.095441548893435035e-01,4.188214079622746833e-01,3.504796478638083079e-01,3.603829104676886108e-01,3.049497224205630075e-01,3.160026999949702153e-01,2.946404990884307074e-01,3.423078879514105943e-01,3.582563163915287174e-01,3.740391864663848986e-01,3.348454468523289207e-01,3.802782884551290099e-01,4.076941871558723007e-01,3.789289915026993194e-01,3.746081639434377109e-01,3.815721281856884195e-01,3.895202673123854820e-01,3.694632426905620215e-01,4.069995993860361927e-01,0.000000000000000000e+00,4.328550193859748152e-01,0.000000000000000000e+00,0.000000000000000000e+00,0.000000000000000000e+00,3.787990491456755260e-01,4.470376127293205770e-01,0.000000000000000000e+00,4.757426293654666849e-01,4.079519264811520274e-01,4.263978629149022259e-01,4.078846469583926049e-01,4.315135376984887139e-01,0.000000000000000000e+00,4.275377998651059830e-01,0.000000000000000000e+00,4.105707937900541782e-01,0.000000000000000000e+00,3.669801723154538786e-01,3.864396005036455084e-01,0.000000000000000000e+00,0.000000000000000000e+00,4.446303070855603945e-01,3.522512097231721984e-01,3.336172306873215754e-01,3.864033758107964234e-01,4.421705726953225057e-01,0.000000000000000000e+00,3.785327565891822843e-01,3.900789390621638986e-01,4.144964421265516785e-01,3.893483649266338276e-01,3.543419564769095809e-01,0.000000000000000000e+00,4.249025047899249730e-01
3.850144650721730732e-01,3.975974827841927128e-01,3.549206918525127930e-01,2.511813282785190782e-01,2.946878945966597829e-01,3.563495604194282795e-01,0.000000000000000000e+00,3.563453874930048726e-01,3.315253865795863009e-01,3.991631811482900805e-01,3.399999755967518800e-01,3.958858865635301871e-01,2.950215323933941258e-01,3.069831393276601927e-01,3.769081122258968741e-01,4.109355200434290922e-01,4.061248622794693119e-01,4.052491252811328826e-01,3.432987676320577997e-01,3.927597791008449746e-01,3.621347212310381813e-01,4.171099762852369941e-01,3.417552306108925797e-01,0.000000000000000000e+00,3.884896302186118811e-01,3.792343434379060185e-01,3.595727470134529868e-01,3.048315729088906245e-01,3.846224669397239060e-01,3.729663458500971918e-01,3.854972720521849805e-01,3.893690344914342849e-01,4.078500621685728911e-01,3.909908698227463897e-01,4.042849993909045092e-01,3.044246214374730086e-01,3.001663761295094157e-01,3.451217980520828177e-01,4.077023526224355932e-01,0.000000000000000000e+00,4.293119799745899745e-01,0.000000000000000000e+00,0.000000000000000000e+00,0.000000000000000000e+00,0.000000000000000000e+00,0.000000000000000000e+00,0.000000000000000000e+00,4.404011647808243057e-01,0.000000000000000000e+00,0.000000000000000000e+00,4.094809006638766014e-01,4.226469272978288783e-01,4.241750291941797091e-01,4.275098053127567854e-01,0.000000000000000000e+00,4.238729111393446103e-01,0.000000000000000000e+00,4.135328456147566722e-01,0.000000000000000000e+00,0.000000000000000000e+00,0.000000000000000000e+00,0.000000000000000000e+00,0.000000000000000000e+00,4.273353451200407882e-01,0.000000000000000000e+00,0.000000000000000000e+00,4.142338354102227949e-01,4.451893810223140902e-01,0.000000000000000000e+00,0.000000000000000000e+00,4.113347430622711909e-01,4.250430814349562270e-01,4.060041588985220939e-01,0.000000000000000000e+00,0.000000000000000000e+00,4.391874048891037940e-01
4.615529819868273154e-01,3.837206554757749966e-01,3.755022966431367237e-01,3.446226081473787728e-01,3.236645917590342258e-01,3.146002671442815757e-01,3.563453874930048726e-01,0.000000000000000000e+00,3.522584423747142091e-01,4.063260307601341270e-01,2.399522951171748908e-01,4.412749613672096172e-01,3.579576174791969101e-01,3.162760266853438251e-01,3.323027267628375081e-01,3.992715475208248876e-01,0.000000000000000000e+00,4.234315751737077749e-01,3.256819184777539067e-01,3.413722876593031086e-01,3.393163453618370240e-01,3.693574405773343838e-01,2.768600944366279015e-01,4.529878402942404958e-01,4.390676508489226859e-01,4.344655589044629784e-01,3.199825041085627153e-01,3.438400776261568148e-01,3.085184586497100034e-01,3.361575163317430115e-01,3.533512420190486059e-01,3.646870400742542873e-01,3.715169784745890880e-01,3.857496677039650157e-01,4.098896979569338073e-01,3.029814057318687137e-01,2.576574756206941874e-01,0.000000000000000000e+00,4.102408723758256825e-01,0.000000000000000000e+00,4.443732969152487944e-01,0.000000000000000000e+00,4.568674384518103260e-01,0.000000000000000000e+00,0.000000000000000000e+00,0.000000000000000000e+00,0.000000000000000000e+00,4.666698679228649116e-01,0.000000000000000000e+00,4.545288592747510070e-01,4.083388192856853838e-01,4.355214995357141183e-01,4.714776059410640263e-01,4.555228984178362195e-01,0.000000000000000000e+00,4.350499977590009948e-01,0.000000000000000000e+00,4.201368144362913060e-01,4.865153844660681792e-01,3.832918023833278842e-01,0.000000000000000000e+00,0.000000000000000000e+00,0.000000000000000000e+00,4.454111424379094131e-01,3.747214851344949915e-01,3.491874197868540808e-01,4.112405261667282930e-01,4.592937557301343121e-01,0.000000000000000000e+00,0.000000000000000000e+00,4.040408431951437729e-01,4.100045746779685252e-01,3.920412827318612847e-01,3.655536037315942899e-01,0.000000000000000000e+00,4.468455156953631824e-01
0.000000000000000000e+00,3.429993380276442072e-01,2.636581220935871883e-01,3.528683858557544739e-01,2.776767034248612265e-01,2.823494124168098862e-01,3.315253865795863009e-01,3.522584423747142091e-01,0.000000000000000000e+00,3.777700339277215158e-01,2.301255214041081909e-01,3.903987206455851178e-01,3.007128273586539002e-01,3.241313939865096971e-01,0.000000000000000000e+00,0.000000000000000000e+00,3.944998391526635118e-01,3.922298505065913155e-01,2.361012683475119944e-01,3.375717782452217208e-01,3.077315300822137112e-01,3.554147548469608897e-01,3.154871117845906014e-01,0.000000000000000000e+00,3.602985428946748891e-01,3.560077584588516864e-01,2.961098009881827919e-01,3.513646745612218902e-01,3.231552857641771803e-01,3.546236522309669792e-01,3.589275448409329772e-01,3.578748737046091866e-01,0.000000000000000000e+00,3.662001272915211270e-01,3.856026196076758894e-01,3.288093665274128830e-01,3.534560927203113101e-01,3.597043159087091047e-01,0.000000000000000000e+00,0.000000000000000000e+00,4.342324997052152136e-01,0.000000000000000000e+00,4.068632897565638840e-01,0.000000000000000000e+00,0.000000000000000000e+00,0.000000000000000000e+00,0.000000000000000000e+00,4.345283016380013796e-01,0.000000000000000000e+00,4.383346504475986172e-01,4.251800671572681933e-01,4.368434444351356194e-01,4.352991578704856201e-01,4.329130663882940766e-01,0.000000000000000000e+00,3.898153493786151169e-01,0.000000000000000000e+00,4.344895523249656111e-01,4.140083073992903984e-01,0.000000000000000000e+00,0.000000000000000000e+00,0.000000000000000000e+00,0.000000000000000000e+00,4.250013522280546852e-01,0.000000000000000000e+00,0.000000000000000000e+00,0.000000000000000000e+00,4.541957437673591058e-01,0.000000000000000000e+00,0.000000000000000000e+00,0.000000000000000000e+00,4.206240448722499137e-01,4.019234314248580908e-01,0.000000000000000000e+00,0.000000000000000000e+00,4.296868078335668861e-01
3.462996077805169937e-01,0.000000000000000000e+00,3.819340587329186909e-01,1.586142307164276066e-01,4.018772604088650113e-01,4.013776082810261991e-01,3.991631811482900805e-01,4.063260307601341270e-01,3.777700339277215158e-01,0.000000000000000000e+00,3.732885530749934233e-01,2.582879689754252195e-01,3.954365968765271022e-01,3.463276527374977154e-01,0.000000000000000000e+00,3.613093647202009762e-01,2.913616363192030878e-01,3.198581708267134727e-01,3.700763770668277219e-01,0.000000000000000000e+00,4.051888481585665946e-01,3.656126231713843211e-01,3.828323604834167893e-01,2.631508671326914794e-01,3.010752094174165006e-01,2.676629441515475105e-01,3.924784857328225129e-01,3.854341091747103820e-01,0.000000000000000000e+00,0.000000000000000000e+00,3.080232896890590100e-01,3.809274607753970754e-01,2.902619648936680119e-01,3.274849805906662192e-01,3.462133237577409983e-01,3.330420052405764775e-01,2.374518608062224923e-01,2.566260042402068731e-01,4.116848042830215104e-01,3.299536214569326886e-01,3.532456947547032988e-01,3.936661203656470764e-01,0.000000000000000000e+00,0.000000000000000000e+00,2.958956840488075057e-01,3.799140790185563943e-01,3.446793889836268776e-01,0.000000000000000000e+00,0.000000000000000000e+00,0.000000000000000000e+00,0.000000000000000000e+00,0.000000000000000000e+00,0.000000000000000000e+00,0.000000000000000000e+00,3.505640416407734827e-01,0.000000000000000000e+00,3.578778366359077756e-01,0.000000000000000000e+00,0.000000000000000000e+00,0.000000000000000000e+00,3.846371975471905014e-01,3.869537486947461913e-01,3.971111262872564218e-01,0.000000000000000000e+00,0.000000000000000000e+00,0.000000000000000000e+00,3.446322424126718742e-01,0.000000000000000000e+00,3.500228243956509111e-01,3.837304899233708877e-01,3.867806096917881242e-01,0.000000000000000000e+00,3.370765035516530839e-01,0.000000000000000000e+00,0.000000000000000000e+00,3.647535377454919070e-01
0.000000000000000000e+00,0.000000000000000000e+00,2.637182981681203131e-01,2.545284201019096804e-01,2.734790553681595848e-01,2.808900714788172825e-01,3.399999755967518800e-01,2.399522951171748908e-01,2.301255214041081909e-01,3.732885530749934233e-01,0.000000000000000000e+00,0.000000000000000000e+00,3.501778393450101223e-01,2.761559531891121799e-01,0.000000000000000000e+00,0.000000000000000000e+00,0.000000000000000000e+00,0.000000000000000000e+00,2.129932876258532892e-01,0.000000000000000000e+00,0.000000000000000000e+00,0.000000000000000000e+00,2.407639277760872942e-01,0.000000000000000000e+00,0.000000000000000000e+00,0.000000000000000000e+00,2.913796565351978729e-01,3.379728993336582055e-01,0.000000000000000000e+00,0.000000000000000000e+00,3.387239095770492869e-01,3.120623446510036869e-01,0.000000000000000000e+00,3.487253550337722774e-01,3.693330011182731076e-01,2.447050225489972863e-01,1.879758186643022133e-01,0.000000000000000000e+00,3.708845316078885901e-01,0.000000000000000000e+00,4.058226784308300861e-01,0.000000000000000000e+00,3.897853382926513843e-01,0.000000000000000000e+00,0.000000000000000000e+00,0.000000000000000000e+00,0.000000000000000000e+00,4.248185350202455801e-01,0.000000000000000000e+00,4.003340324508926074e-01,3.912691952122351879e-01,4.053393737620151760e-01,4.075331430514056996e-01,4.170813304439863201e-01,0.000000000000000000e+00,0.000000000000000000e+00,0.000000000000000000e+00,4.019075605798156925e-01,3.979200272223796797e-01,0.000000000000000000e+00,0.000000000000000000e+00,0.000000000000000000e+00,0.000000000000000000e+00,4.126325374794003742e-01,0.000000000000000000e+00,0.000000000000000000e+00,0.000000000000000000e+00,4.375254476595011877e-01,0.000000000000000000e+00,0.000000000000000000e+00,0.000000000000000000e+00,4.235358755428875188e-01,3.810415182720808813e-01,0.000000000000000000e+00,0.000000000000000000e+00,4.060159245229408853e-01
3.311110026762443259e-01,0.000000000000000000e+00,0.000000000000000000e+00,0.000000000000000000e+00,4.025616151362597095e-01,0.000000000000000000e+00,3.958858865635301871e-01,4.412749613672096172e-01,3.903987206455851178e-01,2.582879689754252195e-01,0.000000000000000000e+00,0.000000000000000000e+00,3.919873560716904959e-01,0.000000000000000000e+00,0.000000000000000000e+00,3.392519701156898049e-01,3.242601718477504114e-01,3.335741361444146125e-01,0.000000000000000000e+00,0.000000000000000000e+00,4.051257974003223961e-01,0.000000000000000000e+00,4.341751360489271017e-01,2.473844872041361942e-01,3.133392707275365896e-01,2.568883114956065916e-01,0.000000000000000000e+00,3.887650276026078933e-01,0.000000000000000000e+00,0.000000000000000000e+00,3.240891184790736235e-01,3.248344393946123732e-01,2.707325128146452209e-01,2.995254685734082267e-01,3.380958342673889838e-01,2.958830228984851152e-01,0.000000000000000000e+00,2.431511315309828059e-01,4.247325564297506073e-01,3.362346925038637857e-01,3.586090495718481930e-01,3.937327125562701813e-01,0.000000000000000000e+00,0.000000000000000000e+00,3.083486104569729824e-01,3.632933783081507273e-01,0.000000000000000000e+00,0.000000000000000000e+00,0.000000000000000000e+00,0.000000000000000000e+00,0.000000000000000000e+00,0.000000000000000000e+00,0.000000000000000000e+00,0.000000000000000000e+00,3.574373581717726900e-01,0.000000000000000000e+00,3.640997987412861736e-01,0.000000000000000000e+00,0.000000000000000000e+00,0.000000000000000000e+00,3.855677677030778239e-01,3.845513481586773086e-01,3.937005498149673821e-01,0.000000000000000000e+00,0.000000000000000000e+00,0.000000000000000000e+00,3.977129291539973077e-01,0.000000000000000000e+00,3.497818127697445156e-01,3.843242650451482723e-01,3.856278472317685169e-01,0.000000000000000000e+00,3.564746656799986924e-01,0.000000000000000000e+00,0.000000000000000000e+00,3.726816250759569793e-01
3.963262364975144170e-01,4.014910433230710063e-01,3.607580134802895189e-01,2.568722286254654930e-01,3.269661939684991858e-01,3.340715087330782818e-01,2.950215323933941258e-01,3.579576174791969101e-01,3.007128273586539002e-01,3.954365968765271022e-01,3.501778393450101223e-01,3.919873560716904959e-01,0.000000000000000000e+00,3.141916882915826159e-01,3.704265767660724906e-01,4.061803959291471755e-01,4.046806637196975753e-01,3.964730108071348735e-01,3.491486139323820015e-01,3.833272663500785771e-01,3.658505890211258826e-01,4.163664646682401216e-01,3.466277988670912746e-01,3.861206279766690730e-01,3.912985479878038908e-01,3.868213359984313815e-01,3.584394793360157205e-01,2.890363257672116104e-01,3.599356856476537136e-01,3.162675260409166245e-01,3.560690468240095274e-01,3.935089846231730193e-01,3.724586208962443190e-01,3.795326161123582787e-01,4.008709291025817079e-01,3.211074079754426269e-01,3.196305883292516747e-01,3.413512165849887925e-01,3.984003315271278933e-01,4.043764542484131197e-01,4.150219514232094120e-01,0.000000000000000000e+00,4.137661575216893262e-01,0.000000000000000000e+00,0.000000000000000000e+00,0.000000000000000000e+00,4.037676876940877180e-01,4.313808473078333816e-01,0.000000000000000000e+00,0.000000000000000000e+00,4.030768604374880826e-01,4.138668848200703909e-01,4.060654619817340993e-01,4.181787673650937953e-01,4.007682783466446907e-01,4.165455768987660901e-01,0.000000000000000000e+00,4.131429227082537015e-01,0.000000000000000000e+00,4.288587022273506744e-01,0.000000000000000000e+00,0.000000000000000000e+00,0.000000000000000000e+00,4.226375152808444224e-01,0.000000000000000000e+00,0.000000000000000000e+00,4.130520087288683806e-01,4.233671539184856725e-01,0.000000000000000000e+00,0.000000000000000000e+00,4.159903688843040737e-01,4.129482121036269771e-01,3.959968170387849762e-01,3.730841019975543738e-01,3.979607503462109785e-01,4.120784554390701793e-01
0.000000000000000000e+00,0.000000000000000000e+00,3.786009105122910001e-01,2.945588770656831223e-01,2.406600882111273043e-01,3.455897248383820730e-01,3.069831393276601927e-01,3.162760266853438251e-01,3.241313939865096971e-01,3.463276527374977154e-01,2.761559531891121799e-01,0.000000000000000000e+00,3.141916882915826159e-01,0.000000000000000000e+00,0.000000000000000000e+00,0.000000000000000000e+00,0.000000000000000000e+00,0.000000000000000000e+00,3.192404483950104788e-01,0.000000000000000000e+00,4.129198086807239210e-01,0.000000000000000000e+00,3.375416226921829077e-01,0.000000000000000000e+00,0.000000000000000000e+00,0.000000000000000000e+00,3.595337678490321820e-01,2.974743001262208919e-01,0.000000000000000000e+00,0.000000000000000000e+00,3.528072847541484092e-01,2.237194393596559083e-01,0.000000000000000000e+00,3.242834112423108039e-01,0.000000000000000000e+00,2.070422660590318931e-01,1.849904436863971102e-01,2.814803123474121094e-01,0.000000000000000000e+00,0.000000000000000000e+00,0.000000000000000000e+00,0.000000000000000000e+00,0.000000000000000000e+00,0.000000000000000000e+00,0.000000000000000000e+00,0.000000000000000000e+00,0.000000000000000000e+00,4.244870213361635058e-01,0.000000000000000000e+00,0.000000000000000000e+00,3.911359032952381187e-01,0.000000000000000000e+00,0.000000000000000000e+00,4.494275152683258057e-01,0.000000000000000000e+00,0.000000000000000000e+00,0.000000000000000000e+00,0.000000000000000000e+00,0.000000000000000000e+00,0.000000000000000000e+00,0.000000000000000000e+00,0.000000000000000000e+00,0.000000000000000000e+00,0.000000000000000000e+00,0.000000000000000000e+00,0.000000000000000000e+00,0.000000000000000000e+00,0.000000000000000000e+00,0.000000000000000000e+00,0.000000000000000000e+00,0.000000000000000000e+00,0.000000000000000000e+00,0.000000000000000000e+00,0.000000000000000000e+00,0.000000000000000000e+00,0.000000000000000000e+00
3.599047695324115725e-01,3.622248050819641962e-01,3.406426886347045935e-01,0.000000000000000000e+00,0.000000000000000000e+00,3.447723014896538207e-01,3.769081122258968741e-01,3.323027267628375081e-01,0.000000000000000000e+00,0.000000000000000000e+00,0.000000000000000000e+00,0.000000000000000000e+00,3.704265767660724906e-01,0.000000000000000000e+00,0.000000000000000000e+00,3.663813727939699838e-01,0.000000000000000000e+00,3.398021867002500862e-01,0.000000000000000000e+00,3.427693028588141844e-01,3.520612632224616734e-01,3.326536661607709111e-01,3.419861455491586821e-01,4.056373477026755103e-01,3.221227260534156867e-01,3.769367638247322905e-01,3.691036705953404939e-01,3.478861353321112126e-01,3.512916716129232952e-01,0.000000000000000000e+00,3.789695477888279096e-01,4.498982046066841156e-01,3.523485239936133828e-01,4.070275657141915193e-01,4.487928088656312209e-01,4.912574137005317754e-01,0.000000000000000000e+00,0.000000000000000000e+00,4.688638787145958942e-01,4.368563613354599084e-01,4.450308452402326753e-01,4.759519491799477087e-01,0.000000000000000000e+00,0.000000000000000000e+00,0.000000000000000000e+00,0.000000000000000000e+00,4.220482468060617887e-01,0.000000000000000000e+00,0.000000000000000000e+00,0.000000000000000000e+00,3.821577919749453156e-01,0.000000000000000000e+00,4.027561431947577208e-01,3.846087324237206229e-01,0.000000000000000000e+00,0.000000000000000000e+00,0.000000000000000000e+00,0.000000000000000000e+00,0.000000000000000000e+00,4.597310676824585274e-01,4.095358343896828845e-01,0.000000000000000000e+00,4.268429912412393112e-01,0.000000000000000000e+00,4.139187660369110233e-01,4.161868147116895011e-01,4.610092004984731040e-01,3.899308265584942035e-01,0.000000000000000000e+00,3.924110561430331212e-01,4.703742080421771110e-01,4.101116065528613852e-01,0.000000000000000000e+00,3.807674117465026931e-01,0.000000000000000000e+00,4.183164431900482927e-01
3.416213837722339997e-01,3.577926853407070173e-01,3.554583281420738983e-01,0.000000000000000000e+00,0.000000000000000000e+00,3.741588820218531009e-01,4.109355200434290922e-01,3.992715475208248876e-01,0.000000000000000000e+00,3.613093647202009762e-01,0.000000000000000000e+00,3.392519701156898049e-01,4.061803959291471755e-01,0.000000000000000000e+00,3.663813727939699838e-01,0.000000000000000000e+00,3.569716953486707922e-01,2.976655677930470922e-01,0.000000000000000000e+00,3.705451795783705760e-01,3.484682187504534179e-01,3.212704917587128062e-01,3.643734430802612057e-01,3.364206313575638929e-01,3.443795820835918176e-01,3.620779516414844856e-01,3.820988090075240762e-01,3.862784329310655074e-01,3.952689189633664113e-01,3.790001189404499926e-01,3.545482228566380067e-01,4.547357042725582166e-01,3.585270113344605214e-01,3.756712324363394861e-01,4.180193100351068947e-01,0.000000000000000000e+00,0.000000000000000000e+00,0.000000000000000000e+00,4.054338158514612100e-01,3.658165280754364090e-01,3.822327311743787259e-01,3.998493921673724194e-01,0.000000000000000000e+00,0.000000000000000000e+00,0.000000000000000000e+00,3.592072999468235994e-01,3.866298475551778191e-01,0.000000000000000000e+00,0.000000000000000000e+00,0.000000000000000000e+00,3.733292899427633760e-01,0.000000000000000000e+00,3.974703686712321993e-01,0.000000000000000000e+00,3.896934998223861024e-01,0.000000000000000000e+00,3.849984733073013032e-01,0.000000000000000000e+00,0.000000000000000000e+00,4.219734358188201861e-01,3.822450722518119792e-01,3.993005094734067839e-01,3.818980355415281802e-01,0.000000000000000000e+00,3.798924606661269743e-01,3.594580945172425879e-01,4.054372692383652055e-01,3.769514012490602917e-01,3.533137602980717107e-01,3.622462521904730726e-01,3.900834776981321195e-01,3.938754315555805241e-01,0.000000000000000000e+00,3.785503849228277207e-01,0.000000000000000000e+00,3.764856131906393899e-01
3.475103222312909135e-01,0.000000000000000000e+00,0.000000000000000000e+00,0.000000000000000000e+00,4.123918176321242912e-01,0.000000000000000000e+00,4.061248622794693119e-01,0.000000000000000000e+00,3.944998391526635118e-01,2.913616363192030878e-01,0.000000000000000000e+00,3.242601718477504114e-01,4.046806637196975753e-01,0.000000000000000000e+00,0.000000000000000000e+00,3.569716953486707922e-01,0.000000000000000000e+00,2.767802330708704073e-01,0.000000000000000000e+00,3.715016543865203857e-01,0.000000000000000000e+00,3.687651105688551922e-01,0.000000000000000000e+00,3.338527447156305894e-01,3.044256438936259190e-01,3.164478192361718234e-01,0.000000000000000000e+00,3.908946068765644100e-01,0.000000000000000000e+00,0.000000000000000000e+00,3.411805251933174854e-01,4.343600922782377971e-01,3.180170178146832782e-01,3.626165507868370219e-01,3.965444192735794182e-01,3.952501651526372228e-01,0.000000000000000000e+00,3.026670107994010039e-01,4.294921936872204138e-01,3.696032388894022191e-01,3.931465285806207133e-01,4.196918930766261879e-01,0.000000000000000000e+00,0.000000000000000000e+00,0.000000000000000000e+00,0.000000000000000000e+00,0.000000000000000000e+00,0.000000000000000000e+00,0.000000000000000000e+00,0.000000000000000000e+00,0.000000000000000000e+00,0.000000000000000000e+00,0.000000000000000000e+00,0.000000000000000000e+00,3.781963170449629263e-01,0.000000000000000000e+00,3.831570013199047109e-01,0.000000000000000000e+00,0.000000000000000000e+00,0.000000000000000000e+00,3.987061066317040825e-01,3.949846211587572098e-01,3.993302592671780227e-01,0.000000000000000000e+00,0.000000000000000000e+00,0.000000000000000000e+00,0.000000000000000000e+00,0.000000000000000000e+00,3.756312097382270010e-01,3.897034455667091057e-01,4.047065919855261096e-01,0.000000000000000000e+00,0.000000000000000000e+00,0.000000000000000000e+00,0.000000000000000000e+00,3.996058943960230092e-01
3.264567099023071850e-01,3.373138853079076793e-01,0.000000000000000000e+00,0.000000000000000000e+00,4.068352709939709877e-01,3.660875594660997767e-01,4.052491252811328826e-01,4.234315751737077749e-01,3.922298505065913155e-01,3.198581708267134727e-01,0.000000000000000000e+00,3.335741361444146125e-01,3.964730108071348735e-01,0.000000000000000000e+00,3.398021867002500862e-01,2.976655677930470922e-01,2.767802330708704073e-01,0.000000000000000000e+00,0.000000000000000000e+00,3.839360504424845222e-01,3.564406815279020924e-01,3.563072280575602102e-01,3.848893170613916226e-01,3.220739359224121245e-01,2.893965940294215833e-01,3.354587087602929896e-01,3.728004306743110119e-01,3.866692365425717925e-01,3.905308438533761084e-01,0.000000000000000000e+00,3.548046944165925143e-01,4.211742960132792146e-01,3.154279448587912760e-01,3.676958860715510147e-01,3.942285435290305839e-01,4.126191610941492005e-01,0.000000000000000000e+00,3.055226168163471256e-01,4.037334937644910804e-01,3.679558484061852819e-01,3.812462857837569108e-01,3.897415373281071238e-01,0.000000000000000000e+00,0.000000000000000000e+00,0.000000000000000000e+00,3.521179600808206911e-01,3.687939835537136224e-01,0.000000000000000000e+00,0.000000000000000000e+00,0.000000000000000000e+00,3.860263630256626777e-01,0.000000000000000000e+00,4.223273482593202233e-01,0.000000000000000000e+00,3.905784101317031909e-01,0.000000000000000000e+00,3.914223038051045100e-01,0.000000000000000000e+00,0.000000000000000000e+00,3.813247120850999927e-01,3.762948307781999735e-01,4.042301867168230922e-01,3.917817531393857911e-01,0.000000000000000000e+00,3.522449277912569898e-01,3.233796739995276059e-01,3.811717964380029189e-01,4.150712061408223796e-01,3.774261735571471932e-01,3.795075465011573113e-01,3.907698489032274125e-01,3.798193640448109809e-01,0.000000000000000000e+00,3.935984267177877194e-01,0.000000000000000000e+00,3.746767236746518237e-01
0.000000000000000000e+00,0.000000000000000000e+00,2.303583269566313874e-01,3.682177746193959766e-01,2.971814778899227738e-01,2.971830912321226092e-01,3.432987676320577997e-01,3.256819184777539067e-01,2.361012683475119944e-01,3.700763770668277219e-01,2.129932876258532892e-01,0.000000000000000000e+00,3.491486139323820015e-01,3.192404483950104788e-01,0.000000000000000000e+00,0.000000000000000000e+00,0.000000000000000000e+00,0.000000000000000000e+00,0.000000000000000000e+00,3.433328410858484947e-01,0.000000000000000000e+00,0.000000000000000000e+00,2.486528383831136946e-01,0.000000000000000000e+00,0.000000000000000000e+00,0.000000000000000000e+00,2.761665347567218154e-01,3.401907746280427025e-01,3.309771816597086858e-01,3.562485379312548273e-01,3.507441060423890922e-01,3.429785383352029204e-01,0.000000000000000000e+00,3.569049964232861027e-01,3.665004187730865892e-01,3.162647006062476729e-01,3.277746973867685099e-01,0.000000000000000000e+00,3.733900385957112933e-01,0.000000000000000000e+00,0.000000000000000000e+00,0.000000000000000000e+00,3.981263646822814084e-01,0.000000000000000000e+00,0.000000000000000000e+00,0.000000000000000000e+00,0.000000000000000000e+00,4.293417741587797209e-01,0.000000000000000000e+00,4.166904127636983923e-01,4.118134924614035852e-01,4.423237342164008101e-01,4.377100442849343742e-01,4.223929357831460729e-01,0.000000000000000000e+00,3.932643868417118882e-01,0.000000000000000000e+00,4.367538783418786208e-01,4.067929103344555819e-01,0.000000000000000000e+00,0.000000000000000000e+00,0.000000000000000000e+00,0.000000000000000000e+00,4.057018184366710800e-01,0.000000000000000000e+00,0.000000000000000000e+00,0.000000000000000000e+00,4.480391878164288189e-01,0.000000000000000000e+00,0.000000000000000000e+00,0.000000000000000000e+00,4.180590630049976220e-01,3.986952392137674828e-01,3.512304711282389080e-01,0.000000000000000000e+00,4.221406349656489088e-01
3.986280497209914175e-01,3.932456993168373938e-01,3.441287243460667833e-01,0.000000000000000000e+00,3.733723160750964110e-01,3.472647821980711091e-01,3.927597791008449746e-01,3.413722876593031086e-01,3.375717782452217208e-01,0.000000000000000000e+00,0.000000000000000000e+00,0.000000000000000000e+00,3.833272663500785771e-01,0.000000000000000000e+00,3.427693028588141844e-01,3.705451795783705760e-01,3.715016543865203857e-01,3.839360504424845222e-01,3.433328410858484947e-01,0.000000000000000000e+00,3.722553228099020894e-01,3.540844261578363072e-01,2.687814948126608927e-01,4.502814790702155956e-01,3.732418401712840894e-01,4.124773736675365066e-01,3.275354102207123086e-01,3.467768158132772949e-01,3.162044327069645777e-01,3.414320236217904814e-01,3.529071240379205165e-01,4.771316868002066780e-01,4.037257431587303880e-01,4.147827539997154811e-01,4.717896599850952000e-01,5.081808749177948448e-01,4.185777902603148859e-01,0.000000000000000000e+00,4.144238230254789213e-01,4.026537448201760738e-01,4.056911608801215263e-01,0.000000000000000000e+00,0.000000000000000000e+00,0.000000000000000000e+00,0.000000000000000000e+00,3.627414010568107972e-01,3.905817212485490075e-01,3.462648678827873749e-01,0.000000000000000000e+00,0.000000000000000000e+00,3.657409792015596794e-01,0.000000000000000000e+00,3.736665590966687933e-01,0.000000000000000000e+00,0.000000000000000000e+00,0.000000000000000000e+00,0.000000000000000000e+00,3.665033071853476265e-01,0.000000000000000000e+00,4.028429063655499798e-01,3.963433824525660065e-01,0.000000000000000000e+00,0.000000000000000000e+00,0.000000000000000000e+00,3.858875609575289078e-01,3.802959225774860119e-01,4.253383201124001922e-01,3.695316652596767892e-01,0.000000000000000000e+00,3.793312843210651097e-01,4.179831699002288792e-01,3.704600810491703866e-01,0.000000000000000000e+00,3.629257338039955094e-01,0.000000000000000000e+00,3.821007435547871256e-01
3.785302377440962762e-01,3.507660045350992073e-01,3.302253752819053756e-01,0.000000000000000000e+00,3.371689880744551115e-01,3.175384179336480095e-01,3.621347212310381813e-01,3.393163453618370240e-01,3.077315300822137112e-01,4.051888481585665946e-01,0.000000000000000000e+00,4.051257974003223961e-01,3.658505890211258826e-01,4.129198086807239210e-01,3.520612632224616734e-01,3.484682187504534179e-01,0.000000000000000000e+00,3.564406815279020924e-01,0.000000000000000000e+00,3.722553228099020894e-01,0.000000000000000000e+00,3.744636939383100827e-01,3.294078697720618787e-01,3.994202348966260918e-01,3.513036754995197963e-01,3.718693355864234884e-01,3.419031747826001832e-01,3.538059519148629151e-01,3.469635614312719940e-01,3.505551970602691081e-01,3.628921195545449230e-01,4.407750740368336917e-01,3.376094999508350014e-01,3.894496790079273740e-01,4.442305242113985253e-01,4.607240092150384214e-01,0.000000000000000000e+00,4.014884148231613881e-01,4.409651164302665904e-01,4.077296951318203910e-01,4.314987342741479770e-01,4.712615055225761740e-01,0.000000000000000000e+00,0.000000000000000000e+00,0.000000000000000000e+00,3.760892061557303268e-01,3.928889938319121145e-01,3.934672190101394795e-01,0.000000000000000000e+00,0.000000000000000000e+00,3.603193594932345145e-01,0.000000000000000000e+00,4.107399746050469092e-01,3.436308909048703120e-01,3.892603442019185733e-01,0.000000000000000000e+00,0.000000000000000000e+00,3.619079548196006968e-01,0.000000000000000000e+00,4.220728821905216921e-01,3.920959976316262252e-01,0.000000000000000000e+00,3.635612138941928251e-01,0.000000000000000000e+00,3.877734241750047106e-01,3.276591345862632787e-01,4.451355453720950983e-01,3.871725497880421085e-01,0.000000000000000000e+00,3.569983918882990159e-01,4.183178400654692930e-01,3.700043414167453748e-01,3.793536453780966267e-01,3.627208899574991263e-01,0.000000000000000000e+00,4.020181093282442775e-01
