0.000000000000000000e+00,3.663766889413520023e-01,0.000000000000000000e+00,0.000000000000000000e+00,0.000000000000000000e+00,4.207911044930552902e-01,4.399977327390505177e-01,5.131739970940681905e-01,0.000000000000000000e+00,3.780341233100958931e-01,0.000000000000000000e+00,3.376907721912053018e-01,4.478236477611479138e-01,0.000000000000000000e+00,3.753558713249426915e-01,3.544255275164917007e-01,3.682590235405516776e-01,3.344733002460167914e-01,0.000000000000000000e+00,4.105615078987555067e-01,3.866437028243873142e-01,3.658585168408547972e-01,4.559076044276402229e-01,3.150485254797155132e-01,3.308613710431712041e-01,3.357243044394611076e-01,4.575386032812611137e-01,4.336621541189730755e-01,4.145974081807158873e-01,4.807086388492540219e-01,3.282053029744487205e-01,4.137183506995347204e-01,3.102839340735767948e-01,3.334355320089715247e-01,3.805902669205277200e-01,0.000000000000000000e+00,0.000000000000000000e+00,0.000000000000000000e+00,4.354348420151741839e-01,3.939394222936655199e-01,3.939137928261728927e-01,4.377972212718150846e-01,0.000000000000000000e+00,0.000000000000000000e+00,0.000000000000000000e+00,3.008660339317988930e-01,4.313213965831104169e-01,0.000000000000000000e+00,0.000000000000000000e+00,0.000000000000000000e+00,0.000000000000000000e+00,0.000000000000000000e+00,0.000000000000000000e+00,0.000000000000000000e+00,0.000000000000000000e+00,0.000000000000000000e+00,0.000000000000000000e+00,0.000000000000000000e+00,0.000000000000000000e+00,4.605020159731115226e-01,4.095184978586602909e-01,0.000000000000000000e+00,4.018445329760305107e-01,0.000000000000000000e+00,3.728042396464287811e-01,3.475770098835039845e-01,4.297151620088804913e-01,4.291985812197173789e-01,3.456318660937506837e-01,4.068220846211583197e-01,4.193361707925720161e-01,4.578783297045433964e-01,0.000000000000000000e+00,0.000000000000000000e+00,0.000000000000000000e+00,4.025674360726361756e-01
3.663766889413520023e-01,0.000000000000000000e+00,4.118307904859456747e-01,0.000000000000000000e+00,4.492890307821292839e-01,4.240780928899918201e-01,4.567804470859060939e-01,4.505871610356262935e-01,4.138941767542668737e-01,3.365630683677042767e-01,0.000000000000000000e+00,3.221502645388795161e-01,4.659412860213001939e-01,0.000000000000000000e+00,4.166967713233281079e-01,3.839262713246899827e-01,0.000000000000000000e+00,3.606556805077543726e-01,0.000000000000000000e+00,4.444190894766600897e-01,4.097236331048537128e-01,4.047224008156584119e-01,4.219365352514686807e-01,3.346687272790032086e-01,3.413108631167757201e-01,3.870859283684133789e-01,4.521918455764294964e-01,4.492466454586724889e-01,4.567001576697070075e-01,0.000000000000000000e+00,3.497277221293609850e-01,4.430647702138653110e-01,3.714226358085397917e-01,3.666300629194135241e-01,4.292513322185257940e-01,0.000000000000000000e+00,0.000000000000000000e+00,0.000000000000000000e+00,4.463962437849051113e-01,4.292163086078585876e-01,4.188820290148650982e-01,4.447174395263446267e-01,0.000000000000000000e+00,0.000000000000000000e+00,0.000000000000000000e+00,4.256431086071251202e-01,4.443238587250364913e-01,4.367170003849912829e-01,0.000000000000000000e+00,0.000000000000000000e+00,4.487202777515921781e-01,0.000000000000000000e+00,4.728523551462108787e-01,0.000000000000000000e+00,0.000000000000000000e+00,0.000000000000000000e+00,0.000000000000000000e+00,4.465088771558727854e-01,0.000000000000000000e+00,4.726872126675524255e-01,4.244239355125259960e-01,0.000000000000000000e+00,4.227798375731344205e-01,0.000000000000000000e+00,4.396012581022644139e-01,4.676282731300426265e-01,4.492731122714698211e-01,4.429039212175762130e-01,3.971523113493424240e-01,4.294700962929500210e-01,4.523614795370065056e-01,4.546660733061368975e-01,4.602213759863745812e-01,4.546903007425204812e-01,0.000000000000000000e+00,4.096953680507682272e-01
0.000000000000000000e+00,4.118307904859456747e-01,0.000000000000000000e+00,4.020002812856238172e-01,3.545603087781469820e-01,3.566930593660793125e-01,4.062319508542425739e-01,4.487914032924779084e-01,3.021338392651444216e-01,4.314870082906022142e-01,2.856743543774066807e-01,0.000000000000000000e+00,4.109005149770005860e-01,3.800404045643964723e-01,0.000000000000000000e+00,0.000000000000000000e+00,0.000000000000000000e+00,0.000000000000000000e+00,2.377124433956457894e-01,4.157663975540220047e-01,0.000000000000000000e+00,4.208200797019870931e-01,3.623370002651403743e-01,0.000000000000000000e+00,3.981253648077655027e-01,4.012001484045343846e-01,3.042739945273965074e-01,4.268844810298149106e-01,3.913621180231199870e-01,4.302835168966421264e-01,4.371084883034285218e-01,4.240976727783926092e-01,3.979795930593584830e-01,4.415958587488830189e-01,4.331550348928056016e-01,3.770926700874014936e-01,4.276670397299320858e-01,0.000000000000000000e+00,5.039505106223416409e-01,0.000000000000000000e+00,5.191681376581149809e-01,0.000000000000000000e+00,4.668203694155370065e-01,0.000000000000000000e+00,0.000000000000000000e+00,0.000000000000000000e+00,0.000000000000000000e+00,3.654542867504435022e-01,0.000000000000000000e+00,5.337295492596079161e-01,5.359495261157478652e-01,5.350336719799000385e-01,5.241550514743386069e-01,4.540264493223850062e-01,0.000000000000000000e+00,3.895387642732274780e-01,0.000000000000000000e+00,5.292613272149900849e-01,4.963114545817858825e-01,0.000000000000000000e+00,0.000000000000000000e+00,0.000000000000000000e+00,0.000000000000000000e+00,3.620730596336836915e-01,0.000000000000000000e+00,0.000000000000000000e+00,0.000000000000000000e+00,5.354274945696082533e-01,0.000000000000000000e+00,0.000000000000000000e+00,0.000000000000000000e+00,4.069529597568787849e-01,5.241890143338968633e-01,4.981703391949748871e-01,5.007046100772549746e-01,5.161480541369671826e-01
0.000000000000000000e+00,0.000000000000000000e+00,4.020002812856238172e-01,0.000000000000000000e+00,3.241008588609082253e-01,4.205942828259007227e-01,3.238184512723389918e-01,3.932480925735865052e-01,4.131469205901385777e-01,2.914329492738331195e-01,3.976282156288626912e-01,0.000000000000000000e+00,3.627083562448045195e-01,3.607110626884352800e-01,0.000000000000000000e+00,0.000000000000000000e+00,0.000000000000000000e+00,0.000000000000000000e+00,4.122039507585482099e-01,0.000000000000000000e+00,0.000000000000000000e+00,0.000000000000000000e+00,4.342766343068328871e-01,2.660135328769683838e-01,0.000000000000000000e+00,0.000000000000000000e+00,0.000000000000000000e+00,3.492127795203647245e-01,4.957573608886409744e-01,0.000000000000000000e+00,0.000000000000000000e+00,3.861296830844315187e-01,2.386305033952156873e-01,2.788194982005072209e-01,3.643881217397865191e-01,2.356135866192979877e-01,1.958863874128110028e-01,2.176114834634708950e-01,0.000000000000000000e+00,0.000000000000000000e+00,0.000000000000000000e+00,0.000000000000000000e+00,0.000000000000000000e+00,0.000000000000000000e+00,0.000000000000000000e+00,0.000000000000000000e+00,0.000000000000000000e+00,0.000000000000000000e+00,0.000000000000000000e+00,0.000000000000000000e+00,0.000000000000000000e+00,0.000000000000000000e+00,0.000000000000000000e+00,0.000000000000000000e+00,0.000000000000000000e+00,0.000000000000000000e+00,0.000000000000000000e+00,0.000000000000000000e+00,0.000000000000000000e+00,0.000000000000000000e+00,0.000000000000000000e+00,0.000000000000000000e+00,0.000000000000000000e+00,0.000000000000000000e+00,0.000000000000000000e+00,0.000000000000000000e+00,0.000000000000000000e+00,0.000000000000000000e+00,0.000000000000000000e+00,0.000000000000000000e+00,0.000000000000000000e+00,0.000000000000000000e+00,0.000000000000000000e+00,0.000000000000000000e+00,0.000000000000000000e+00,0.000000000000000000e+00
0.000000000000000000e+00,4.492890307821292839e-01,3.545603087781469820e-01,3.241008588609082253e-01,0.000000000000000000e+00,3.696290373543578145e-01,3.558978778278645838e-01,4.302280196762667819e-01,3.267523699451714836e-01,4.411771485998391973e-01,3.035413563463981168e-01,4.270941541597936264e-01,4.003685999010210272e-01,3.047812251699558161e-01,0.000000000000000000e+00,0.000000000000000000e+00,4.333160853149025105e-01,0.000000000000000000e+00,3.451722986581293173e-01,4.559632865499225196e-01,4.047632797868340737e-01,4.542266387672372896e-01,3.901266784964155243e-01,4.482707983636102789e-01,0.000000000000000000e+00,4.132178266012567769e-01,3.732871653114855914e-01,3.777439354711549790e-01,4.133606010814950271e-01,4.383021080564379890e-01,4.490120454459904931e-01,4.333798512471507269e-01,4.073791523418601734e-01,4.451787712403973973e-01,4.148135188160865794e-01,2.987184272834293997e-01,2.609440489357643944e-01,3.982960020037141780e-01,4.068700561799644122e-01,0.000000000000000000e+00,5.315967717983284269e-01,0.000000000000000000e+00,4.435925551687138202e-01,0.000000000000000000e+00,0.000000000000000000e+00,0.000000000000000000e+00,0.000000000000000000e+00,5.461761142096335231e-01,0.000000000000000000e+00,5.208848154893356286e-01,5.266499852163918360e-01,5.202052719168721584e-01,5.034980711536169995e-01,5.294880901421937791e-01,0.000000000000000000e+00,4.698697673046254852e-01,0.000000000000000000e+00,5.132507698637941429e-01,5.201107491008643002e-01,0.000000000000000000e+00,0.000000000000000000e+00,0.000000000000000000e+00,0.000000000000000000e+00,5.322263743578119488e-01,0.000000000000000000e+00,0.000000000000000000e+00,0.000000000000000000e+00,5.380873826167775764e-01,0.000000000000000000e+00,0.000000000000000000e+00,0.000000000000000000e+00,5.155132818171378473e-01,5.080456005930301666e-01,4.682554559248198744e-01,0.000000000000000000e+00,5.187760800027222396e-01
4.207911044930552902e-01,4.240780928899918201e-01,3.566930593660793125e-01,4.205942828259007227e-01,3.696290373543578145e-01,0.000000000000000000e+00,4.120714775884852799e-01,4.033596933489357883e-01,3.272347162645802277e-01,4.449589508476465838e-01,3.870742345254756800e-01,4.335984318829353978e-01,3.898849097768823935e-01,3.950210942928312763e-01,4.153977362543843088e-01,4.249221009364325119e-01,0.000000000000000000e+00,4.005348797612435785e-01,3.789484039846400254e-01,4.272700365430394109e-01,4.050853460866208899e-01,4.364895952529078138e-01,3.752673321985667276e-01,4.615835139904014839e-01,3.900612024498235075e-01,4.137900985660356024e-01,3.650787521262552904e-01,3.804377598063484189e-01,3.248862146735259082e-01,4.208262605410917900e-01,4.170391146572846042e-01,4.233950368369234218e-01,3.826265060650004268e-01,4.190934485157963851e-01,4.284261632023386723e-01,4.298689675007060784e-01,4.415414866318199127e-01,4.142181287406010992e-01,5.029167342691536202e-01,0.000000000000000000e+00,5.082012085086760056e-01,5.313989913810467369e-01,4.798397756257262170e-01,0.000000000000000000e+00,0.000000000000000000e+00,0.000000000000000000e+00,4.433632221886911751e-01,5.505731337639516720e-01,0.000000000000000000e+00,5.271735346094738039e-01,5.222538801266578545e-01,5.244581670573862375e-01,4.695700045782463250e-01,5.363201353270092842e-01,0.000000000000000000e+00,5.000334270126848280e-01,0.000000000000000000e+00,5.217148964478525164e-01,4.755803889324761724e-01,4.606883550842320041e-01,4.321277630386767266e-01,0.000000000000000000e+00,0.000000000000000000e+00,5.384751385816209934e-01,4.643026089126094935e-01,4.467888524323651023e-01,4.661999704738720163e-01,5.327281215019613603e-01,0.000000000000000000e+00,4.186244152595343104e-01,4.452957790143194927e-01,5.113403328341045162e-01,5.150900556835048549e-01,4.972989460825441022e-01,5.090866112724701242e-01,5.063462250055635883e-01
4.399977327390505177e-01,4.567804470859060939e-01,4.062319508542425739e-01,3.238184512723389918e-01,3.558978778278645838e-01,4.120714775884852799e-01,0.000000000000000000e+00,4.270640802679024906e-01,3.950605621104634202e-01,4.255225361588088062e-01,4.208859485822109003e-01,3.997424856454470099e-01,3.382027450978601912e-01,3.512160114745113138e-01,4.052322027609642219e-01,4.657757925383144149e-01,4.152962072994629272e-01,4.301177428928922852e-01,4.218648856720418894e-01,4.596448490041801782e-01,4.325781148070710902e-01,4.727196563288788012e-01,4.056441309107632898e-01,4.157201424985115246e-01,4.245893620638209742e-01,4.120264801712373859e-01,4.098907982196651756e-01,3.688574060719128078e-01,4.358015052399710210e-01,4.340916027910368125e-01,4.207811840591729191e-01,4.352884677680822212e-01,3.956504648213549080e-01,4.261127906490441153e-01,3.843075193453208138e-01,3.591337546073725129e-01,3.779716995337881746e-01,3.907601151410409202e-01,4.964537768291136799e-01,0.000000000000000000e+00,5.120847852093645125e-01,0.000000000000000000e+00,4.612206630015753261e-01,0.000000000000000000e+00,0.000000000000000000e+00,0.000000000000000000e+00,4.567858707341785895e-01,5.419370744342212332e-01,0.000000000000000000e+00,5.244900235781851938e-01,5.149815950662718356e-01,5.164179865770543998e-01,4.758926590443948168e-01,5.221806382817162362e-01,0.000000000000000000e+00,4.889642933139373149e-01,0.000000000000000000e+00,5.135408845895917951e-01,4.817496524436651884e-01,0.000000000000000000e+00,4.375363916514899976e-01,0.000000000000000000e+00,0.000000000000000000e+00,5.284584305716744090e-01,4.769614441174435115e-01,0.000000000000000000e+00,4.624935414946562129e-01,5.216820588207249365e-01,0.000000000000000000e+00,4.419816580519423943e-01,4.479750791001950727e-01,5.037046902621521438e-01,5.091027291766749840e-01,4.901991116888065880e-01,0.000000000000000000e+00,4.980645396985248774e-01
5.131739970940681905e-01,4.505871610356262935e-01,4.487914032924779084e-01,3.932480925735865052e-01,4.302280196762667819e-01,4.033596933489357883e-01,4.270640802679024906e-01,0.000000000000000000e+00,4.579520380405650015e-01,4.569302507921917944e-01,2.923099380891771015e-01,4.746515118963003932e-01,4.260232425562044956e-01,3.655774550663127842e-01,4.364067026371543090e-01,4.631809749367984952e-01,0.000000000000000000e+00,4.772061918516309897e-01,4.068181633288915910e-01,4.411338771919948165e-01,4.119664068990245842e-01,4.389675740911418989e-01,3.589637143334082903e-01,5.126799360282251472e-01,4.870975211201833965e-01,4.859471560002915913e-01,4.337999030229434116e-01,4.292332914607405181e-01,3.911483306865365939e-01,4.313567033423181818e-01,4.370590402249214801e-01,4.315053701608940195e-01,3.947576694952358856e-01,4.458795225949184204e-01,4.568376998783221232e-01,3.282247591060112879e-01,4.508523615440246934e-01,4.699426890686853042e-01,4.946225487744713156e-01,0.000000000000000000e+00,5.132496835029533022e-01,0.000000000000000000e+00,3.986677016847344768e-01,0.000000000000000000e+00,0.000000000000000000e+00,0.000000000000000000e+00,0.000000000000000000e+00,5.271701117997307229e-01,0.000000000000000000e+00,5.098192658912618080e-01,4.972040937781624925e-01,4.982526862070110751e-01,4.390046840113184801e-01,5.208210038709092382e-01,0.000000000000000000e+00,4.351439101388174246e-01,0.000000000000000000e+00,4.905839258489734789e-01,4.326695793211393082e-01,4.828303754955798888e-01,0.000000000000000000e+00,0.000000000000000000e+00,0.000000000000000000e+00,5.270324842217232186e-01,5.019773982240363086e-01,4.367344388930857746e-01,4.772053518928375260e-01,5.044366185566545591e-01,0.000000000000000000e+00,0.000000000000000000e+00,4.726283579678636770e-01,5.112427672350923213e-01,4.949619918830817089e-01,5.170502176887978862e-01,4.831109287867090818e-01,5.014722828353727069e-01
0.000000000000000000e+00,4.138941767542668737e-01,3.021338392651444216e-01,4.131469205901385777e-01,3.267523699451714836e-01,3.272347162645802277e-01,3.950605621104634202e-01,4.579520380405650015e-01,0.000000000000000000e+00,4.413701051300087941e-01,2.791232140439496856e-01,4.300165206136271068e-01,4.065799438621658934e-01,3.935300911587698014e-01,4.058804778453932172e-01,0.000000000000000000e+00,4.398747878614501783e-01,4.302209849455284063e-01,2.705216276753008020e-01,4.183529981194167857e-01,3.991480737870061191e-01,4.294235996087437113e-01,3.949210888117454799e-01,4.276429746920841768e-01,4.005945490384889007e-01,4.051579821446567031e-01,3.341631353224723822e-01,4.333355281832069195e-01,3.872573524206048834e-01,4.458864971908733099e-01,4.439155957966733901e-01,4.268019842080981729e-01,4.049874481901872825e-01,4.447774177702258913e-01,4.378855284875655118e-01,4.071724336692508772e-01,4.311370862603323140e-01,4.212652936042359797e-01,5.031195438969582323e-01,0.000000000000000000e+00,5.304463965767829414e-01,0.000000000000000000e+00,4.726658667483271126e-01,0.000000000000000000e+00,0.000000000000000000e+00,0.000000000000000000e+00,4.687539072661964235e-01,5.424394176288742653e-01,0.000000000000000000e+00,5.345084237292682117e-01,5.334192731345700489e-01,5.281231577134941624e-01,5.172024763746208009e-01,5.364473137982412876e-01,0.000000000000000000e+00,4.887701397839940842e-01,0.000000000000000000e+00,5.262615364484349856e-01,4.881832504114774762e-01,0.000000000000000000e+00,0.000000000000000000e+00,0.000000000000000000e+00,0.000000000000000000e+00,5.307554167962976743e-01,0.000000000000000000e+00,0.000000000000000000e+00,4.897585320539263876e-01,5.347766450124905591e-01,0.000000000000000000e+00,0.000000000000000000e+00,4.307059865384779140e-01,5.302299943644139812e-01,5.205405016319112343e-01,4.931106181255480725e-01,5.160774762774943403e-01,5.031664775446839100e-01
3.780341233100958931e-01,3.365630683677042767e-01,4.314870082906022142e-01,2.914329492738331195e-01,4.411771485998391973e-01,4.449589508476465838e-01,4.255225361588088062e-01,4.569302507921917944e-01,4.413701051300087941e-01,0.000000000000000000e+00,4.288188439680047925e-01,2.602970405265314091e-01,4.198095827266464242e-01,2.676029107125881268e-01,0.000000000000000000e+00,3.659334478151888836e-01,3.086765190386391855e-01,3.398622350082471932e-01,4.381085648336376925e-01,0.000000000000000000e+00,4.533687463221792169e-01,3.695655164176874230e-01,4.332440338104818767e-01,2.954619604681946732e-01,2.609498233690550895e-01,2.330456374437377964e-01,4.359211427116648774e-01,3.989099220754612762e-01,4.138950718149154162e-01,0.000000000000000000e+00,2.839385569262268816e-01,3.547359830692090044e-01,2.630180619780549955e-01,2.982955251901550087e-01,3.088197002480783104e-01,3.371797598120422901e-01,3.160497950111765264e-01,3.001582818759215843e-01,3.045446137403610143e-01,3.898775982970004161e-01,3.630225680727420801e-01,3.717239177447804188e-01,0.000000000000000000e+00,0.000000000000000000e+00,3.761470563794258037e-01,3.708193455466393118e-01,0.000000000000000000e+00,0.000000000000000000e+00,0.000000000000000000e+00,0.000000000000000000e+00,0.000000000000000000e+00,0.000000000000000000e+00,0.000000000000000000e+00,0.000000000000000000e+00,4.117011679538946090e-01,0.000000000000000000e+00,4.046372258115324971e-01,0.000000000000000000e+00,0.000000000000000000e+00,0.000000000000000000e+00,3.885736518614418822e-01,4.124395960671463079e-01,4.082590901181302190e-01,0.000000000000000000e+00,0.000000000000000000e+00,0.000000000000000000e+00,0.000000000000000000e+00,0.000000000000000000e+00,3.940332095238737731e-01,4.041068185932936152e-01,4.048434765527739732e-01,4.985546574219004157e-01,5.309030233397170617e-01,5.060472951440108114e-01,0.000000000000000000e+00,4.077344566614500843e-01
0.000000000000000000e+00,0.000000000000000000e+00,2.856743543774066807e-01,3.976282156288626912e-01,3.035413563463981168e-01,3.870742345254756800e-01,4.208859485822109003e-01,2.923099380891771015e-01,2.791232140439496856e-01,4.288188439680047925e-01,0.000000000000000000e+00,4.224150536222107122e-01,4.221971057134171756e-01,3.102764490962667265e-01,0.000000000000000000e+00,0.000000000000000000e+00,0.000000000000000000e+00,0.000000000000000000e+00,2.436440619707840871e-01,0.000000000000000000e+00,0.000000000000000000e+00,0.000000000000000000e+00,2.660254073682922771e-01,4.296619735303017773e-01,4.331919537240969120e-01,4.246874691457060980e-01,3.244684028712923052e-01,4.269095659603743265e-01,0.000000000000000000e+00,0.000000000000000000e+00,4.361779808791446111e-01,4.061800488311286816e-01,4.086941275719103150e-01,4.337261417118665197e-01,4.091933809421591794e-01,2.472814742422931866e-01,3.117525250535578274e-01,4.155599505611516920e-01,4.523229743553178750e-01,0.000000000000000000e+00,4.607527205134506754e-01,0.000000000000000000e+00,4.018860160450271057e-01,0.000000000000000000e+00,0.000000000000000000e+00,0.000000000000000000e+00,0.000000000000000000e+00,4.858666509905569808e-01,0.000000000000000000e+00,4.212525303034895807e-01,4.938168047263004068e-01,4.828836126427815123e-01,4.669650687681787260e-01,3.685125718627649816e-01,0.000000000000000000e+00,3.076482102164495025e-01,0.000000000000000000e+00,4.805939085076071926e-01,4.473680485973788867e-01,0.000000000000000000e+00,0.000000000000000000e+00,0.000000000000000000e+00,0.000000000000000000e+00,3.014855302056795860e-01,0.000000000000000000e+00,0.000000000000000000e+00,0.000000000000000000e+00,4.866158632494705927e-01,0.000000000000000000e+00,0.000000000000000000e+00,0.000000000000000000e+00,4.986132081915415903e-01,4.746173394978929205e-01,4.195684651579685842e-01,0.000000000000000000e+00,4.746612689133022922e-01
3.376907721912053018e-01,3.221502645388795161e-01,0.000000000000000000e+00,0.000000000000000000e+00,4.270941541597936264e-01,4.335984318829353978e-01,3.997424856454470099e-01,4.746515118963003932e-01,4.300165206136271068e-01,2.602970405265314091e-01,4.224150536222107122e-01,0.000000000000000000e+00,4.040723222834062267e-01,2.961478193921289193e-01,0.000000000000000000e+00,3.577999601235167249e-01,3.209291531401515796e-01,3.295071905624276098e-01,4.263606327550910069e-01,0.000000000000000000e+00,4.412727565337354885e-01,3.735559049090492190e-01,4.477801956756176094e-01,2.524645640289813198e-01,2.803831489457613846e-01,2.476840817749874080e-01,4.487122489996013264e-01,3.857545080234054957e-01,3.992692022129009088e-01,0.000000000000000000e+00,3.154213370377448866e-01,2.841409787176493174e-01,2.423121700192764072e-01,2.713301346706675776e-01,3.228090418223745761e-01,2.961012780683217049e-01,3.052436027049019174e-01,2.313782993166151880e-01,2.418553015847670074e-01,3.770078531458713189e-01,3.002057271021477125e-01,2.901227699000685778e-01,2.393721916627183921e-01,2.488230903182999110e-01,3.657242410204101790e-01,3.829930545414785836e-01,0.000000000000000000e+00,0.000000000000000000e+00,0.000000000000000000e+00,0.000000000000000000e+00,0.000000000000000000e+00,0.000000000000000000e+00,0.000000000000000000e+00,0.000000000000000000e+00,4.073227299626477893e-01,0.000000000000000000e+00,3.924051703449614736e-01,4.207931558314282894e-01,0.000000000000000000e+00,0.000000000000000000e+00,3.863338317413899103e-01,4.101691852798262095e-01,4.060501583950759108e-01,0.000000000000000000e+00,0.000000000000000000e+00,0.000000000000000000e+00,0.000000000000000000e+00,0.000000000000000000e+00,3.562870763621455161e-01,4.023367116123903742e-01,3.959197404017796851e-01,0.000000000000000000e+00,4.214778757421602240e-01,0.000000000000000000e+00,0.000000000000000000e+00,3.967857769555810932e-01
4.478236477611479138e-01,4.659412860213001939e-01,4.109005149770005860e-01,3.627083562448045195e-01,4.003685999010210272e-01,3.898849097768823935e-01,3.382027450978601912e-01,4.260232425562044956e-01,4.065799438621658934e-01,4.198095827266464242e-01,4.221971057134171756e-01,4.040723222834062267e-01,0.000000000000000000e+00,3.846014356076893903e-01,4.275330415277638907e-01,4.727828189264414172e-01,4.083524700920321826e-01,4.271931430320687895e-01,4.253159874960935061e-01,4.565881578877162839e-01,4.372366979853868907e-01,4.780462081392981011e-01,4.088549399194755241e-01,4.120183839361544753e-01,4.310165996131051225e-01,4.134202573942347136e-01,4.111206330959645827e-01,3.532124844546352116e-01,4.107657124952940886e-01,4.340548219279071196e-01,3.971678309797634920e-01,4.427249864944587943e-01,4.004134547820781265e-01,4.222390071929277844e-01,4.088086113807510857e-01,3.951862725830613821e-01,4.198319218911913953e-01,3.930453384589471244e-01,4.586467888449576868e-01,0.000000000000000000e+00,5.066990081884880093e-01,5.137657236097710189e-01,4.836025401754467934e-01,0.000000000000000000e+00,0.000000000000000000e+00,0.000000000000000000e+00,4.556551221406067165e-01,5.357554249772753518e-01,0.000000000000000000e+00,5.185774763663372200e-01,5.118406725197953699e-01,5.223651330165192119e-01,4.793894929859163212e-01,5.253996430592855482e-01,0.000000000000000000e+00,4.907705917073031943e-01,4.537479023515618159e-01,5.134494036681863660e-01,5.069438431422728097e-01,4.755808584776429204e-01,4.495703686798750986e-01,0.000000000000000000e+00,0.000000000000000000e+00,5.224703046866269185e-01,4.806693061500015851e-01,4.796331049059894824e-01,4.664662186476087880e-01,5.199714589386278396e-01,0.000000000000000000e+00,4.488617263609495089e-01,4.607366886684371998e-01,5.076680159012324500e-01,5.084818272148124985e-01,4.958058173312194228e-01,5.064525200116787307e-01,5.011339358485520368e-01
0.000000000000000000e+00,0.000000000000000000e+00,3.800404045643964723e-01,3.607110626884352800e-01,3.047812251699558161e-01,3.950210942928312763e-01,3.512160114745113138e-01,3.655774550663127842e-01,3.935300911587698014e-01,2.676029107125881268e-01,3.102764490962667265e-01,2.961478193921289193e-01,3.846014356076893903e-01,0.000000000000000000e+00,0.000000000000000000e+00,0.000000000000000000e+00,0.000000000000000000e+00,0.000000000000000000e+00,3.500094046107051216e-01,0.000000000000000000e+00,0.000000000000000000e+00,0.000000000000000000e+00,3.422768253370356839e-01,2.459382141462010118e-01,0.000000000000000000e+00,0.000000000000000000e+00,3.929289350316491070e-01,3.609917419754193890e-01,0.000000000000000000e+00,0.000000000000000000e+00,4.224810244693217864e-01,2.534803769712324906e-01,0.000000000000000000e+00,4.000483141057761816e-01,3.566841485997235828e-01,2.192435287844549940e-01,1.865883397690830114e-01,3.078222200672506847e-01,0.000000000000000000e+00,0.000000000000000000e+00,0.000000000000000000e+00,0.000000000000000000e+00,3.859510367695563882e-01,0.000000000000000000e+00,0.000000000000000000e+00,0.000000000000000000e+00,0.000000000000000000e+00,5.172550670172972875e-01,0.000000000000000000e+00,3.683050274848937988e-01,4.882388867153122924e-01,4.737928215740053184e-01,4.418834352839540736e-01,4.955322503423711944e-01,0.000000000000000000e+00,4.215408843823499896e-01,0.000000000000000000e+00,4.788730484426164113e-01,4.366462114660897842e-01,0.000000000000000000e+00,0.000000000000000000e+00,0.000000000000000000e+00,0.000000000000000000e+00,4.713214267341515051e-01,0.000000000000000000e+00,0.000000000000000000e+00,0.000000000000000000e+00,4.596677253547196140e-01,0.000000000000000000e+00,0.000000000000000000e+00,0.000000000000000000e+00,4.996526415425964207e-01,4.845031137585267267e-01,0.000000000000000000e+00,0.000000000000000000e+00,0.000000000000000000e+00
3.753558713249426915e-01,4.166967713233281079e-01,0.000000000000000000e+00,0.000000000000000000e+00,0.000000000000000000e+00,4.153977362543843088e-01,4.052322027609642219e-01,4.364067026371543090e-01,4.058804778453932172e-01,0.000000000000000000e+00,0.000000000000000000e+00,0.000000000000000000e+00,4.275330415277638907e-01,0.000000000000000000e+00,0.000000000000000000e+00,4.065460791162627263e-01,4.331439435482025146e-01,3.708463107138569859e-01,0.000000000000000000e+00,3.643058454307117056e-01,3.937553131090210101e-01,3.715719350754208006e-01,3.691961646278927867e-01,3.806747130577444738e-01,3.727451617822404861e-01,3.920118141041544768e-01,3.925802293109343921e-01,4.082641695287284045e-01,4.166861051885076273e-01,3.887854174583051936e-01,4.110010756619292271e-01,4.389371308154966789e-01,3.720470952760008276e-01,4.180811046321399882e-01,4.579955574623020276e-01,0.000000000000000000e+00,5.193321620305650921e-01,0.000000000000000000e+00,4.946456999510409069e-01,4.568562627095408835e-01,4.935957417504224232e-01,4.991390731755808163e-01,0.000000000000000000e+00,0.000000000000000000e+00,0.000000000000000000e+00,0.000000000000000000e+00,4.864914154234182275e-01,0.000000000000000000e+00,0.000000000000000000e+00,0.000000000000000000e+00,4.865062373172945875e-01,0.000000000000000000e+00,4.912442203196293877e-01,0.000000000000000000e+00,0.000000000000000000e+00,0.000000000000000000e+00,0.000000000000000000e+00,4.985206790667435772e-01,0.000000000000000000e+00,4.931388293022481162e-01,4.414816661555098776e-01,0.000000000000000000e+00,4.498569886968938891e-01,0.000000000000000000e+00,4.797723503489191854e-01,4.894261229805981772e-01,4.985007836370370926e-01,4.977780121737426788e-01,0.000000000000000000e+00,4.152474818922384792e-01,4.995043527975049913e-01,5.116211980961089534e-01,5.024092501543594436e-01,4.989106700368198810e-01,5.075171990175496584e-01,4.911416546428757912e-01
3.544255275164917007e-01,3.839262713246899827e-01,0.000000000000000000e+00,0.000000000000000000e+00,0.000000000000000000e+00,4.249221009364325119e-01,4.657757925383144149e-01,4.631809749367984952e-01,0.000000000000000000e+00,3.659334478151888836e-01,0.000000000000000000e+00,3.577999601235167249e-01,4.727828189264414172e-01,0.000000000000000000e+00,4.065460791162627263e-01,0.000000000000000000e+00,3.393367593012506789e-01,3.179316986206489060e-01,0.000000000000000000e+00,3.789795700838379244e-01,3.943526475440968793e-01,3.637722973695742823e-01,4.209380397456929934e-01,3.473009309395697075e-01,3.617553961637279270e-01,3.627860418379538765e-01,4.358620439887285203e-01,4.455615921448011219e-01,4.262127935916811827e-01,4.340517634377081824e-01,3.508783662928003921e-01,4.703453733685846738e-01,3.629870251718841923e-01,3.719661462372266247e-01,4.151656736673828840e-01,0.000000000000000000e+00,0.000000000000000000e+00,0.000000000000000000e+00,4.377380251681631251e-01,4.157788625752767975e-01,4.177836029369981219e-01,4.287414390277154985e-01,0.000000000000000000e+00,0.000000000000000000e+00,0.000000000000000000e+00,4.180244629788956168e-01,4.342809599169858981e-01,0.000000000000000000e+00,0.000000000000000000e+00,0.000000000000000000e+00,4.347919611436055209e-01,0.000000000000000000e+00,0.000000000000000000e+00,0.000000000000000000e+00,4.151995404719607818e-01,0.000000000000000000e+00,4.174138755771081843e-01,0.000000000000000000e+00,0.000000000000000000e+00,4.634173170227777749e-01,4.291181768044077804e-01,4.198736906549196957e-01,4.273873680353210136e-01,0.000000000000000000e+00,4.561653866100762733e-01,0.000000000000000000e+00,4.305281852344894911e-01,4.384064528922453907e-01,4.339154000032012237e-01,4.305030541573632852e-01,4.351075618248512744e-01,4.650009360951657955e-01,4.667488545626832241e-01,4.852223414985658012e-01,0.000000000000000000e+00,4.166794175635236130e-01
3.682590235405516776e-01,0.000000000000000000e+00,0.000000000000000000e+00,0.000000000000000000e+00,4.333160853149025105e-01,0.000000000000000000e+00,4.152962072994629272e-01,0.000000000000000000e+00,4.398747878614501783e-01,3.086765190386391855e-01,0.000000000000000000e+00,3.209291531401515796e-01,4.083524700920321826e-01,0.000000000000000000e+00,4.331439435482025146e-01,3.393367593012506789e-01,0.000000000000000000e+00,2.967117251948370171e-01,0.000000000000000000e+00,3.821083430573469775e-01,0.000000000000000000e+00,3.629943608855826231e-01,0.000000000000000000e+00,3.307748781927302151e-01,2.871471681103778262e-01,3.319804692700257798e-01,0.000000000000000000e+00,3.900482064934818194e-01,4.167972688392859726e-01,0.000000000000000000e+00,3.174479303635006078e-01,4.158486679809331732e-01,2.798088449086034157e-01,3.309579927008706735e-01,3.278452096402212912e-01,0.000000000000000000e+00,0.000000000000000000e+00,3.010709217165771223e-01,4.272770996157432832e-01,4.059389326852331226e-01,4.083332864228190195e-01,4.254389199675501776e-01,0.000000000000000000e+00,0.000000000000000000e+00,3.920037089186261259e-01,0.000000000000000000e+00,0.000000000000000000e+00,0.000000000000000000e+00,0.000000000000000000e+00,0.000000000000000000e+00,0.000000000000000000e+00,0.000000000000000000e+00,0.000000000000000000e+00,0.000000000000000000e+00,4.274269555423106937e-01,0.000000000000000000e+00,4.217130379938134888e-01,0.000000000000000000e+00,0.000000000000000000e+00,0.000000000000000000e+00,4.140392611504971065e-01,4.244806157108377276e-01,4.219850759046026023e-01,0.000000000000000000e+00,0.000000000000000000e+00,0.000000000000000000e+00,0.000000000000000000e+00,0.000000000000000000e+00,4.090162404550020114e-01,4.180063581269948814e-01,4.172726570799079049e-01,0.000000000000000000e+00,0.000000000000000000e+00,0.000000000000000000e+00,0.000000000000000000e+00,4.173753310496234881e-01
3.344733002460167914e-01,3.606556805077543726e-01,0.000000000000000000e+00,0.000000000000000000e+00,0.000000000000000000e+00,4.005348797612435785e-01,4.301177428928922852e-01,4.772061918516309897e-01,4.302209849455284063e-01,3.398622350082471932e-01,0.000000000000000000e+00,3.295071905624276098e-01,4.271931430320687895e-01,0.000000000000000000e+00,3.708463107138569859e-01,3.179316986206489060e-01,2.967117251948370171e-01,0.000000000000000000e+00,0.000000000000000000e+00,3.783681956167557203e-01,4.025113660333141108e-01,3.684581870392705238e-01,4.177743012534034794e-01,3.331817431408837238e-01,3.112238749316795783e-01,3.357856555196661041e-01,4.114637915777303867e-01,4.135672374746203750e-01,4.210188284865081787e-01,3.863763511180878241e-01,3.419091567227998119e-01,4.309143464119852829e-01,3.213882296954058138e-01,3.564522789626238808e-01,3.857111494823370901e-01,0.000000000000000000e+00,0.000000000000000000e+00,2.936675030934964847e-01,4.306070899058109247e-01,4.047194411234826261e-01,4.118194703399837842e-01,4.205141670586792779e-01,0.000000000000000000e+00,0.000000000000000000e+00,0.000000000000000000e+00,3.844549996786882917e-01,4.100587843927314124e-01,0.000000000000000000e+00,0.000000000000000000e+00,0.000000000000000000e+00,4.256313165064387061e-01,0.000000000000000000e+00,0.000000000000000000e+00,0.000000000000000000e+00,4.269355081064348245e-01,0.000000000000000000e+00,4.168719267735668255e-01,4.247409787111707247e-01,0.000000000000000000e+00,0.000000000000000000e+00,4.164858085123847031e-01,4.197367789719693154e-01,4.272626557672795089e-01,0.000000000000000000e+00,4.333639035737241740e-01,0.000000000000000000e+00,4.087573257453350206e-01,4.072550565689734836e-01,4.154794462563470847e-01,4.248170384651283049e-01,4.206139966806645147e-01,4.282417104499450788e-01,4.174515151738534269e-01,4.450963447689895158e-01,0.000000000000000000e+00,4.143853740707110211e-01
0.000000000000000000e+00,0.000000000000000000e+00,2.377124433956457894e-01,4.122039507585482099e-01,3.451722986581293173e-01,3.789484039846400254e-01,4.218648856720418894e-01,4.068181633288915910e-01,2.705216276753008020e-01,4.381085648336376925e-01,2.436440619707840871e-01,4.263606327550910069e-01,4.253159874960935061e-01,3.500094046107051216e-01,0.000000000000000000e+00,0.000000000000000000e+00,0.000000000000000000e+00,0.000000000000000000e+00,0.000000000000000000e+00,0.000000000000000000e+00,0.000000000000000000e+00,0.000000000000000000e+00,3.145623565323196202e-01,0.000000000000000000e+00,0.000000000000000000e+00,0.000000000000000000e+00,3.256101128564011793e-01,4.309409551860738929e-01,4.215023897183096113e-01,4.426930802106465168e-01,4.361788065479073051e-01,4.262338207109040988e-01,4.307391467828288745e-01,4.394954609072608265e-01,4.275707536775745221e-01,3.721796052993466830e-01,4.135990130843332779e-01,4.172905922613355800e-01,5.134898359471751217e-01,0.000000000000000000e+00,5.003821525059246600e-01,0.000000000000000000e+00,4.660750409654930149e-01,0.000000000000000000e+00,0.000000000000000000e+00,0.000000000000000000e+00,0.000000000000000000e+00,5.444104224546515436e-01,0.000000000000000000e+00,5.227442096939287630e-01,5.340876486898898934e-01,5.253777569628761412e-01,5.060614574265630550e-01,5.333624454308646401e-01,0.000000000000000000e+00,3.953651131557530118e-01,0.000000000000000000e+00,5.276566382646907805e-01,4.840035821015469808e-01,0.000000000000000000e+00,0.000000000000000000e+00,0.000000000000000000e+00,0.000000000000000000e+00,5.201038154527857227e-01,0.000000000000000000e+00,0.000000000000000000e+00,0.000000000000000000e+00,5.266826691208089661e-01,0.000000000000000000e+00,0.000000000000000000e+00,0.000000000000000000e+00,5.245347441724461657e-01,5.170582943071094784e-01,4.782863341771452226e-01,0.000000000000000000e+00,5.118753319527170609e-01
4.105615078987555067e-01,4.444190894766600897e-01,4.157663975540220047e-01,0.000000000000000000e+00,4.559632865499225196e-01,4.272700365430394109e-01,4.596448490041801782e-01,4.411338771919948165e-01,4.183529981194167857e-01,0.000000000000000000e+00,0.000000000000000000e+00,0.000000000000000000e+00,4.565881578877162839e-01,0.000000000000000000e+00,3.643058454307117056e-01,3.789795700838379244e-01,3.821083430573469775e-01,3.783681956167557203e-01,0.000000000000000000e+00,0.000000000000000000e+00,4.515049131092654933e-01,3.995724884033948765e-01,3.093188124848019194e-01,4.133887895602437745e-01,3.880963360331511902e-01,4.381167352554605765e-01,4.049473882794700219e-01,4.117254482152336026e-01,3.727945568376315189e-01,3.982186838134906259e-01,3.875575800245609770e-01,4.620226665920266762e-01,3.895484998412668820e-01,4.266937633014035169e-01,4.731643406062001067e-01,5.531502382932594886e-01,4.850808609687488060e-01,0.000000000000000000e+00,5.024993766844192411e-01,4.653529836391214203e-01,5.080806639573538508e-01,5.139944549009323183e-01,5.147942229267584713e-01,0.000000000000000000e+00,0.000000000000000000e+00,3.772320238337795728e-01,4.507975397357588121e-01,0.000000000000000000e+00,0.000000000000000000e+00,0.000000000000000000e+00,4.967008429963388760e-01,5.022363842079553553e-01,5.094729758995736324e-01,0.000000000000000000e+00,0.000000000000000000e+00,0.000000000000000000e+00,0.000000000000000000e+00,4.987192281110475189e-01,0.000000000000000000e+00,4.854768584054806047e-01,4.481312520665982069e-01,0.000000000000000000e+00,4.410163108870944759e-01,0.000000000000000000e+00,4.920900620674231729e-01,4.856159485871113790e-01,4.813586119139700026e-01,5.134697498292901674e-01,0.000000000000000000e+00,4.211187118845304833e-01,4.503553568048925815e-01,5.192851028992857554e-01,5.086883847511078915e-01,5.079274130958099098e-01,5.127514959592672783e-01,5.017836556936154935e-01
3.866437028243873142e-01,4.097236331048537128e-01,0.000000000000000000e+00,0.000000000000000000e+00,4.047632797868340737e-01,4.050853460866208899e-01,4.325781148070710902e-01,4.119664068990245842e-01,3.991480737870061191e-01,4.533687463221792169e-01,0.000000000000000000e+00,4.412727565337354885e-01,4.372366979853868907e-01,0.000000000000000000e+00,3.937553131090210101e-01,3.943526475440968793e-01,0.000000000000000000e+00,4.025113660333141108e-01,0.000000000000000000e+00,4.515049131092654933e-01,0.000000000000000000e+00,4.529882452894269940e-01,3.905184190530628929e-01,4.395534420265266862e-01,3.926632250228180854e-01,3.773782389837728735e-01,4.323416214013082182e-01,4.405458965609304056e-01,4.190706874685624084e-01,4.460720180603057194e-01,4.023371864054215985e-01,4.387614199693268824e-01,3.839776876749284029e-01,4.137782806761670096e-01,4.412613731226048830e-01,5.446685552597045898e-01,0.000000000000000000e+00,4.722092148765605901e-01,4.668754928829719764e-01,4.233008822460673781e-01,4.764662554688490759e-01,0.000000000000000000e+00,0.000000000000000000e+00,0.000000000000000000e+00,0.000000000000000000e+00,3.397925110495877976e-01,4.646699504565263150e-01,0.000000000000000000e+00,0.000000000000000000e+00,0.000000000000000000e+00,4.627438563560161144e-01,0.000000000000000000e+00,4.546122833069902724e-01,0.000000000000000000e+00,0.000000000000000000e+00,0.000000000000000000e+00,0.000000000000000000e+00,4.699443110304020177e-01,0.000000000000000000e+00,4.602939396043455034e-01,4.148565352507185833e-01,0.000000000000000000e+00,3.776036344782889853e-01,0.000000000000000000e+00,4.583510692119676100e-01,3.911317811775529840e-01,4.731388612120127068e-01,4.663369094191068820e-01,0.000000000000000000e+00,3.990815784290214219e-01,4.677458721285779886e-01,4.908386241606947920e-01,4.863987775013635106e-01,4.836688697073742160e-01,4.810531332759954148e-01,4.853650685992937919e-01
