0.000000000000000000e+00,4.121628504605049925e-01,0.000000000000000000e+00,0.000000000000000000e+00,0.000000000000000000e+00,4.862633431409897899e-01,0.000000000000000000e+00,5.538383877501270591e-01,0.000000000000000000e+00,4.083790293786038750e-01,0.000000000000000000e+00,3.976586740632995221e-01,0.000000000000000000e+00,0.000000000000000000e+00,4.849521492757514762e-01,3.946399752902082780e-01,3.871293854117363042e-01,3.856869906867835818e-01,0.000000000000000000e+00,5.062028210445792542e-01,4.862011087893344796e-01,4.646965312819700822e-01,5.252423644310530992e-01,3.636381824121007189e-01,3.732825251547122747e-01,3.829758779422681725e-01,5.130581331989291227e-01,5.151775481775250354e-01,5.114849169375457194e-01,0.000000000000000000e+00,3.916545388307897113e-01,4.500990619205714749e-01,3.853996457421710042e-01,3.880403639778204905e-01,4.019278283383498906e-01,0.000000000000000000e+00,0.000000000000000000e+00,4.139206058842844760e-01,4.842244567511452824e-01,4.826986585411074948e-01,4.196236860193697238e-01,0.000000000000000000e+00,0.000000000000000000e+00,0.000000000000000000e+00,0.000000000000000000e+00,3.337735404515779214e-01,4.838087715100382047e-01,0.000000000000000000e+00,0.000000000000000000e+00,0.000000000000000000e+00,0.000000000000000000e+00,0.000000000000000000e+00,0.000000000000000000e+00,0.000000000000000000e+00,3.895918902502986114e-01,0.000000000000000000e+00,3.678804467289749081e-01,0.000000000000000000e+00,0.000000000000000000e+00,5.210993899450699907e-01,4.671021844543254975e-01,3.919819768392888149e-01,4.147271178456187757e-01,0.000000000000000000e+00,0.000000000000000000e+00,4.960430936058933260e-01,4.860674918004280198e-01,5.024173804963376622e-01,2.839265247322276253e-01,4.490522183791131883e-01,4.585652054545896195e-01,4.637676917107695918e-01,0.000000000000000000e+00,0.000000000000000000e+00,0.000000000000000000e+00,0.000000000000000000e+00
4.121628504605049925e-01,0.000000000000000000e+00,4.326343468703374162e-01,0.000000000000000000e+00,4.700158448156641078e-01,4.326356199859083818e-01,4.821099016195027898e-01,4.758890442887517835e-01,4.397151729841047851e-01,3.958560386771872164e-01,0.000000000000000000e+00,3.845654071306068844e-01,4.832668484350802762e-01,0.000000000000000000e+00,4.612953019780661190e-01,4.251822603092444974e-01,4.044986419909761266e-01,4.357774132166374881e-01,0.000000000000000000e+00,4.891483010331557080e-01,4.692386686683182040e-01,4.497972578424607182e-01,4.434476501004455118e-01,3.655693912697676740e-01,3.943518867728634247e-01,4.175681914720705823e-01,4.531045695473294166e-01,4.827279910348605263e-01,4.714030599279027123e-01,0.000000000000000000e+00,3.846218707801937198e-01,4.375218989965387051e-01,3.800457111348513051e-01,3.898895727751354179e-01,4.048392049952885818e-01,3.853641593376507246e-01,5.181590914726257324e-01,3.264712476855142764e-01,4.673430101619405197e-01,4.434092751118127729e-01,4.466701251034291831e-01,4.641325692003966941e-01,0.000000000000000000e+00,0.000000000000000000e+00,0.000000000000000000e+00,4.547063920443272234e-01,4.732805502728502089e-01,5.199467258201208031e-01,0.000000000000000000e+00,0.000000000000000000e+00,4.557598832835533798e-01,4.613970290708052091e-01,5.542981578456204206e-01,0.000000000000000000e+00,4.458957833446792751e-01,0.000000000000000000e+00,0.000000000000000000e+00,4.606283199473156786e-01,0.000000000000000000e+00,5.175435656599592926e-01,4.678579925900336889e-01,0.000000000000000000e+00,4.502144838113862901e-01,0.000000000000000000e+00,4.763957796432292113e-01,5.188020618506673509e-01,4.775506647866237242e-01,5.038067409441785438e-01,4.600412039406054920e-01,4.565777341768674780e-01,4.887203345434257828e-01,4.807409451307617099e-01,5.171493622457340456e-01,4.705352589464665836e-01,0.000000000000000000e+00,4.428348550474107137e-01
0.000000000000000000e+00,4.326343468703374162e-01,0.000000000000000000e+00,4.513511729814075890e-01,4.407467367346440956e-01,4.258717521231433767e-01,4.878814438559436750e-01,4.163899856117105891e-01,3.810657703076554825e-01,5.283678816236321296e-01,3.504323048779051097e-01,4.930217891698208121e-01,5.045280233280587945e-01,4.201267037498236934e-01,0.000000000000000000e+00,4.480211412009791894e-01,5.289206035129321304e-01,5.176159928315803294e-01,3.256488806723881746e-01,4.477787958790730993e-01,0.000000000000000000e+00,4.581933353475666215e-01,3.633473714529610876e-01,0.000000000000000000e+00,4.749736363056348831e-01,4.784076540290080892e-01,3.825999908998026222e-01,5.156099889011833692e-01,4.177375602440573932e-01,4.995970130992897218e-01,5.362714745733445643e-01,4.978066671282186939e-01,4.750584819768849942e-01,5.362034900342208532e-01,5.363291377601392407e-01,4.380196185238869888e-01,4.797612793222590932e-01,4.609236577660639766e-01,5.274093613725572283e-01,0.000000000000000000e+00,5.527527319492727687e-01,0.000000000000000000e+00,5.050816105009631185e-01,0.000000000000000000e+00,0.000000000000000000e+00,0.000000000000000000e+00,0.000000000000000000e+00,5.391560122121645815e-01,0.000000000000000000e+00,5.565540080298618797e-01,5.769939032801224554e-01,5.865508794799427772e-01,5.837016076146717136e-01,5.972961205553422026e-01,5.791528891466406481e-01,5.365829396252286276e-01,0.000000000000000000e+00,5.768782637482282594e-01,5.238643414435206758e-01,0.000000000000000000e+00,0.000000000000000000e+00,0.000000000000000000e+00,0.000000000000000000e+00,4.323700016481509811e-01,0.000000000000000000e+00,0.000000000000000000e+00,0.000000000000000000e+00,5.885966592423689248e-01,0.000000000000000000e+00,0.000000000000000000e+00,0.000000000000000000e+00,5.868477789853602244e-01,5.776010310962078620e-01,5.117147643488973996e-01,0.000000000000000000e+00,5.818484146671751844e-01
0.000000000000000000e+00,0.000000000000000000e+00,4.513511729814075890e-01,0.000000000000000000e+00,3.416611299377187994e-01,4.728949401249016860e-01,3.225809465638984075e-01,4.592349194714316907e-01,4.688966492794632845e-01,0.000000000000000000e+00,4.170703617144587150e-01,0.000000000000000000e+00,3.924271379097811763e-01,4.003887385288227851e-01,0.000000000000000000e+00,0.000000000000000000e+00,0.000000000000000000e+00,0.000000000000000000e+00,4.157868736409220944e-01,0.000000000000000000e+00,0.000000000000000000e+00,0.000000000000000000e+00,4.409944935025260082e-01,0.000000000000000000e+00,0.000000000000000000e+00,0.000000000000000000e+00,4.955268471806688058e-01,2.988274682727524723e-01,5.094224380484448922e-01,0.000000000000000000e+00,0.000000000000000000e+00,3.390535817503634863e-01,0.000000000000000000e+00,5.114483499547345380e-01,3.948664262019235816e-01,2.822808208371280214e-01,2.381388600408320122e-01,2.420516565068439041e-01,2.347464722101413881e-01,0.000000000000000000e+00,0.000000000000000000e+00,3.477012217044829767e-01,0.000000000000000000e+00,0.000000000000000000e+00,0.000000000000000000e+00,0.000000000000000000e+00,0.000000000000000000e+00,0.000000000000000000e+00,0.000000000000000000e+00,0.000000000000000000e+00,0.000000000000000000e+00,0.000000000000000000e+00,0.000000000000000000e+00,0.000000000000000000e+00,0.000000000000000000e+00,0.000000000000000000e+00,0.000000000000000000e+00,0.000000000000000000e+00,0.000000000000000000e+00,0.000000000000000000e+00,0.000000000000000000e+00,0.000000000000000000e+00,0.000000000000000000e+00,0.000000000000000000e+00,0.000000000000000000e+00,0.000000000000000000e+00,0.000000000000000000e+00,0.000000000000000000e+00,0.000000000000000000e+00,0.000000000000000000e+00,0.000000000000000000e+00,0.000000000000000000e+00,0.000000000000000000e+00,0.000000000000000000e+00,0.000000000000000000e+00,0.000000000000000000e+00
0.000000000000000000e+00,4.700158448156641078e-01,4.407467367346440956e-01,3.416611299377187994e-01,0.000000000000000000e+00,4.222965133141121097e-01,3.710027470919544101e-01,4.852832976498230866e-01,3.927339724815936961e-01,5.231915243659585046e-01,4.048924077055419124e-01,4.876826112882716169e-01,4.626857004330764966e-01,3.893912138500211784e-01,0.000000000000000000e+00,4.753988474155261268e-01,5.260652862441604904e-01,0.000000000000000000e+00,4.296356910941330765e-01,4.682803389724414789e-01,0.000000000000000000e+00,4.974241598258030139e-01,4.363642991957282224e-01,0.000000000000000000e+00,5.124939739360723223e-01,4.553249545750472915e-01,4.294661975963975920e-01,4.130569465003242069e-01,4.592453917467517743e-01,4.631473652942201813e-01,5.256173132141703785e-01,4.663341670452733068e-01,4.707130897655081858e-01,5.043010487037408174e-01,5.108223150440389659e-01,3.429687867714082961e-01,2.954523505421053908e-01,4.704836258833046125e-01,5.236982139245268675e-01,0.000000000000000000e+00,5.442562765973036898e-01,0.000000000000000000e+00,4.938611545685296922e-01,5.755935192706419512e-01,0.000000000000000000e+00,0.000000000000000000e+00,0.000000000000000000e+00,5.980380536569062100e-01,0.000000000000000000e+00,0.000000000000000000e+00,6.266719140001865140e-01,0.000000000000000000e+00,0.000000000000000000e+00,5.946958120402393577e-01,0.000000000000000000e+00,5.393431750556837434e-01,0.000000000000000000e+00,5.770489947174310963e-01,0.000000000000000000e+00,0.000000000000000000e+00,0.000000000000000000e+00,0.000000000000000000e+00,0.000000000000000000e+00,5.822315932596298094e-01,0.000000000000000000e+00,0.000000000000000000e+00,0.000000000000000000e+00,5.852880590567289820e-01,0.000000000000000000e+00,0.000000000000000000e+00,0.000000000000000000e+00,5.749712016495046596e-01,5.721446083027154073e-01,0.000000000000000000e+00,0.000000000000000000e+00,5.907230730861569024e-01
4.862633431409897899e-01,4.326356199859083818e-01,4.258717521231433767e-01,4.728949401249016860e-01,4.222965133141121097e-01,0.000000000000000000e+00,4.488517433764501186e-01,4.171433157388594881e-01,3.756098398891704049e-01,5.100846443950529663e-01,4.213964863518903092e-01,4.689085181337305785e-01,4.112279009565025789e-01,4.527024445731541169e-01,4.283978453469958203e-01,4.463705514084012060e-01,4.805294325857196736e-01,4.450346653669414732e-01,4.532204813685912770e-01,4.302876359888128110e-01,4.397277235622423230e-01,4.511261205208548231e-01,4.006682239151327929e-01,0.000000000000000000e+00,4.193984201126975120e-01,4.133582850526236196e-01,3.682486898577175261e-01,4.245234142989092740e-01,3.714227387080458187e-01,4.327904838362033879e-01,4.629364613135614759e-01,4.375549202546518135e-01,4.052580639478154945e-01,4.677027844551203128e-01,4.793521325570703207e-01,4.799406701499073780e-01,4.728170909906093122e-01,4.366329874880637840e-01,5.170820057833444006e-01,4.223060630937457982e-01,5.456597661105309083e-01,5.364151005146475804e-01,4.975539603215030082e-01,0.000000000000000000e+00,4.246165092375773775e-01,0.000000000000000000e+00,4.416409175235038176e-01,5.713319579863457287e-01,0.000000000000000000e+00,5.499349785575101679e-01,5.079598193559951014e-01,5.432081037892455555e-01,4.957887120625010247e-01,5.642523875386703525e-01,5.359007435783584850e-01,4.974169997385912145e-01,0.000000000000000000e+00,5.358230714846685672e-01,0.000000000000000000e+00,4.932813313496798857e-01,4.300639407987748020e-01,0.000000000000000000e+00,0.000000000000000000e+00,5.563392003856708623e-01,4.922603791127604933e-01,4.592724093937652907e-01,4.690472987868232191e-01,5.263528746624200894e-01,0.000000000000000000e+00,0.000000000000000000e+00,4.580839850443356731e-01,5.128314151913569985e-01,5.326901243851375201e-01,4.964528232587098744e-01,5.225398111728158934e-01,5.298306440277656959e-01
0.000000000000000000e+00,4.821099016195027898e-01,4.878814438559436750e-01,3.225809465638984075e-01,3.710027470919544101e-01,4.488517433764501186e-01,0.000000000000000000e+00,4.916835823655373860e-01,4.458834802529941799e-01,4.713475505293093226e-01,5.011167834648933006e-01,4.422374974396847125e-01,3.854061893233475256e-01,3.843845172013620748e-01,0.000000000000000000e+00,4.963074466393467832e-01,5.007034241229102456e-01,4.816324660498131904e-01,5.038910266053846509e-01,4.846840971653025854e-01,0.000000000000000000e+00,5.104328304694049079e-01,4.646486613340127803e-01,0.000000000000000000e+00,4.807731063496399893e-01,4.509110069686991795e-01,4.573000873906978847e-01,3.985345492380116261e-01,4.771481476898010166e-01,4.844374810392916841e-01,4.716862121603576097e-01,4.843703932051182104e-01,4.489470838802380181e-01,4.759441687264935883e-01,4.696196040972656083e-01,3.965832576241323792e-01,3.556469721939530815e-01,4.277394428118043157e-01,5.400270125840103130e-01,0.000000000000000000e+00,5.611483921405145958e-01,0.000000000000000000e+00,5.393797544371945474e-01,0.000000000000000000e+00,0.000000000000000000e+00,0.000000000000000000e+00,0.000000000000000000e+00,6.049389039292142334e-01,0.000000000000000000e+00,5.863559447587982643e-01,5.527895278657093403e-01,5.960627918351640853e-01,5.506951818041272428e-01,5.965564597172112737e-01,0.000000000000000000e+00,5.522027013078559810e-01,0.000000000000000000e+00,5.741876578328423131e-01,0.000000000000000000e+00,0.000000000000000000e+00,0.000000000000000000e+00,0.000000000000000000e+00,0.000000000000000000e+00,5.876634412514762928e-01,5.225896540224459486e-01,0.000000000000000000e+00,4.855840636098345819e-01,5.661237856842817884e-01,0.000000000000000000e+00,0.000000000000000000e+00,4.943424038250743835e-01,5.589005952325217796e-01,5.672018481010312474e-01,5.244444859878236720e-01,0.000000000000000000e+00,5.722009779646437533e-01
5.538383877501270591e-01,4.758890442887517835e-01,4.163899856117105891e-01,4.592349194714316907e-01,4.852832976498230866e-01,4.171433157388594881e-01,4.916835823655373860e-01,0.000000000000000000e+00,5.041909662596559816e-01,5.107029980102160138e-01,3.466089215249347766e-01,5.302650836237822185e-01,4.905550243539146260e-01,4.490435664313333075e-01,4.264848785356383232e-01,5.053131918496429620e-01,5.118232654684472527e-01,5.118518890827102874e-01,3.464149886576616821e-01,4.320419848047126754e-01,4.313353665626882272e-01,4.433250993742430812e-01,3.762074079885516786e-01,5.507245229697356192e-01,5.173910114100167545e-01,5.288753469239998450e-01,4.398773132813085796e-01,4.759115743477749239e-01,4.089322513007914162e-01,4.696044746640772871e-01,5.038553700198667995e-01,4.428145737430150275e-01,4.539662201032871880e-01,5.110409800113950851e-01,5.133405035204388067e-01,4.086797003488745195e-01,4.553113737633993074e-01,4.703278517560017247e-01,5.099629099205374994e-01,0.000000000000000000e+00,5.338952817060800271e-01,0.000000000000000000e+00,4.869402972168392907e-01,0.000000000000000000e+00,0.000000000000000000e+00,0.000000000000000000e+00,0.000000000000000000e+00,5.881988199642654846e-01,0.000000000000000000e+00,5.681863553522142896e-01,4.962469142082309159e-01,5.571364324879470864e-01,4.616026898093021913e-01,5.818354379994856718e-01,0.000000000000000000e+00,5.166665445734225370e-01,0.000000000000000000e+00,5.369585630182386327e-01,5.474917921676086818e-01,5.590094201356363701e-01,0.000000000000000000e+00,0.000000000000000000e+00,0.000000000000000000e+00,5.682753205701986943e-01,5.485753447207583067e-01,5.084888093915607143e-01,5.622537817583811437e-01,5.212983120552654448e-01,0.000000000000000000e+00,5.054387429693797396e-01,5.143044610145222073e-01,5.310669193579142799e-01,5.264846576206305695e-01,5.109061707244773043e-01,0.000000000000000000e+00,5.211700633043261366e-01
0.000000000000000000e+00,4.397151729841047851e-01,3.810657703076554825e-01,4.688966492794632845e-01,3.927339724815936961e-01,3.756098398891704049e-01,4.458834802529941799e-01,5.041909662596559816e-01,0.000000000000000000e+00,5.449168177236597410e-01,3.777560842461091806e-01,5.131331252311439606e-01,4.559159281276676245e-01,4.742131264262364199e-01,0.000000000000000000e+00,4.551367625561715258e-01,5.240796520445935025e-01,5.134479596159750026e-01,3.341315178451296219e-01,4.508074122615671753e-01,0.000000000000000000e+00,4.685457320303006989e-01,4.230589070618295255e-01,5.169835572422930570e-01,4.678243977056859015e-01,4.990198456220445999e-01,4.072411695551864108e-01,5.242496618391991881e-01,4.366431330392830934e-01,4.887461513433555838e-01,5.485115613365493248e-01,5.200876503794887862e-01,5.128532611235576688e-01,5.384894051359221390e-01,5.400487732283856257e-01,4.978643107884913044e-01,5.185693643743807257e-01,4.884970113375606826e-01,5.565720730695332685e-01,4.537077283924790261e-01,5.858866330512407794e-01,5.817601528114855203e-01,5.302338484392732365e-01,5.663026009898900481e-01,0.000000000000000000e+00,0.000000000000000000e+00,0.000000000000000000e+00,6.063989111290838396e-01,0.000000000000000000e+00,5.684803511393271558e-01,5.758647800141771800e-01,5.899791287916757998e-01,5.894353882968144109e-01,6.005408357475396919e-01,0.000000000000000000e+00,5.652992686128723854e-01,0.000000000000000000e+00,5.852758830922665245e-01,5.338854257531699954e-01,0.000000000000000000e+00,0.000000000000000000e+00,0.000000000000000000e+00,0.000000000000000000e+00,5.872300533966025027e-01,0.000000000000000000e+00,0.000000000000000000e+00,0.000000000000000000e+00,5.932272644010601059e-01,0.000000000000000000e+00,0.000000000000000000e+00,0.000000000000000000e+00,5.864819286753345517e-01,5.817194990897407436e-01,5.386859282348215316e-01,0.000000000000000000e+00,5.850454470041466237e-01
4.083790293786038750e-01,3.958560386771872164e-01,5.283678816236321296e-01,0.000000000000000000e+00,5.231915243659585046e-01,5.100846443950529663e-01,4.713475505293093226e-01,5.107029980102160138e-01,5.449168177236597410e-01,0.000000000000000000e+00,5.354804254068478153e-01,2.988836505620264261e-01,4.701607950343674736e-01,4.738688979810812829e-01,0.000000000000000000e+00,4.120446809593302229e-01,3.215664899538395738e-01,3.565986823889725210e-01,5.392579053669908085e-01,4.387111268933507890e-01,4.956992277880967745e-01,4.264529956526649235e-01,4.929616552446491884e-01,3.472944276330691138e-01,3.435710047251465116e-01,3.464710377464932933e-01,5.085750609915318243e-01,4.456476090242180166e-01,4.536134644725952070e-01,4.589528841499670997e-01,3.550335229292932993e-01,3.446743077027313862e-01,3.528071194167314850e-01,3.491648107338830020e-01,3.419628820984944029e-01,3.679203323624891109e-01,3.128789177111979125e-01,3.187869668418317204e-01,2.890376330328445764e-01,5.661732160577913620e-01,2.783662379804578979e-01,2.978527390007363884e-01,0.000000000000000000e+00,0.000000000000000000e+00,3.152098968506560905e-01,0.000000000000000000e+00,0.000000000000000000e+00,6.089457901996514488e-01,0.000000000000000000e+00,0.000000000000000000e+00,5.538106138764856690e-01,0.000000000000000000e+00,0.000000000000000000e+00,5.898989993932626241e-01,4.977139291558950185e-01,0.000000000000000000e+00,4.951218515498069239e-01,0.000000000000000000e+00,0.000000000000000000e+00,0.000000000000000000e+00,4.713541192480139030e-01,4.974557490015534267e-01,4.704532847600280121e-01,0.000000000000000000e+00,0.000000000000000000e+00,0.000000000000000000e+00,0.000000000000000000e+00,5.660359215374090036e-01,3.630164033609957763e-01,4.800909255002139830e-01,4.749964170689164877e-01,5.291959514181185931e-01,5.557078899455237808e-01,0.000000000000000000e+00,0.000000000000000000e+00,0.000000000000000000e+00
0.000000000000000000e+00,0.000000000000000000e+00,3.504323048779051097e-01,4.170703617144587150e-01,4.048924077055419124e-01,4.213964863518903092e-01,5.011167834648933006e-01,3.466089215249347766e-01,3.777560842461091806e-01,5.354804254068478153e-01,0.000000000000000000e+00,5.106186200265177000e-01,5.185383021632525846e-01,3.868418673237932204e-01,0.000000000000000000e+00,0.000000000000000000e+00,5.311645059517491330e-01,5.245198440527489847e-01,3.154672144218513274e-01,0.000000000000000000e+00,0.000000000000000000e+00,0.000000000000000000e+00,2.827750309173174825e-01,0.000000000000000000e+00,5.150862571986901672e-01,5.038688581313410797e-01,4.262101921733144061e-01,5.196657915167703923e-01,3.985287845134735107e-01,0.000000000000000000e+00,5.436880263132917168e-01,4.582051629706415108e-01,4.622513258307591189e-01,5.272165994413158252e-01,5.287610662518590354e-01,3.829994000844879065e-01,4.105747969266388964e-01,4.828313528809541899e-01,4.487418985472990118e-01,0.000000000000000000e+00,4.839882412000621748e-01,0.000000000000000000e+00,4.345045521028850222e-01,0.000000000000000000e+00,0.000000000000000000e+00,0.000000000000000000e+00,0.000000000000000000e+00,5.136670267069559648e-01,0.000000000000000000e+00,5.072908752207981875e-01,5.188210636712904389e-01,5.608866503882103949e-01,4.971810118788083099e-01,5.475388045179548913e-01,0.000000000000000000e+00,4.849308267149010088e-01,0.000000000000000000e+00,5.398118193349890070e-01,4.706374596313929737e-01,0.000000000000000000e+00,0.000000000000000000e+00,0.000000000000000000e+00,0.000000000000000000e+00,5.070810935663541130e-01,0.000000000000000000e+00,0.000000000000000000e+00,0.000000000000000000e+00,5.371332295745306906e-01,0.000000000000000000e+00,0.000000000000000000e+00,0.000000000000000000e+00,5.385848700979171122e-01,5.333709930635665009e-01,0.000000000000000000e+00,0.000000000000000000e+00,5.536740647649687208e-01
3.976586740632995221e-01,3.845654071306068844e-01,4.930217891698208121e-01,0.000000000000000000e+00,4.876826112882716169e-01,4.689085181337305785e-01,4.422374974396847125e-01,5.302650836237822185e-01,5.131331252311439606e-01,2.988836505620264261e-01,5.106186200265177000e-01,0.000000000000000000e+00,4.531114331947421192e-01,0.000000000000000000e+00,0.000000000000000000e+00,3.930358095171279098e-01,3.771473757630208201e-01,3.735998396604520155e-01,5.109730983948392868e-01,0.000000000000000000e+00,5.082437926701030007e-01,3.882773777330850162e-01,5.031571922581105083e-01,2.983954887951322799e-01,3.404678707096918111e-01,3.363644652464007900e-01,4.591424029559216802e-01,4.311293570047992074e-01,4.498614486183666883e-01,0.000000000000000000e+00,4.031250546073751884e-01,2.942146013101695212e-01,4.078562111963379144e-01,3.356009002609567915e-01,3.132275264074119159e-01,2.595934156853442754e-01,2.466780881084520982e-01,3.030669375535322008e-01,2.917979227061007208e-01,5.794165978029731656e-01,2.725411081945152136e-01,2.896136052621948176e-01,3.247116982613061920e-01,0.000000000000000000e+00,3.816733552342196911e-01,3.993323856258930160e-01,0.000000000000000000e+00,0.000000000000000000e+00,0.000000000000000000e+00,0.000000000000000000e+00,4.285057783126831055e-01,0.000000000000000000e+00,0.000000000000000000e+00,0.000000000000000000e+00,4.945530384957039782e-01,0.000000000000000000e+00,4.875471330405802828e-01,0.000000000000000000e+00,0.000000000000000000e+00,0.000000000000000000e+00,4.828635342949855747e-01,4.772119707546266798e-01,4.737485612544209967e-01,0.000000000000000000e+00,4.674824285361020015e-01,0.000000000000000000e+00,4.497782909617585867e-01,4.793019863898869137e-01,3.546075067385152102e-01,4.788889320003931749e-01,4.636381487539176782e-01,4.723705307461794067e-01,0.000000000000000000e+00,0.000000000000000000e+00,0.000000000000000000e+00,4.793804338297945056e-01
0.000000000000000000e+00,4.832668484350802762e-01,5.045280233280587945e-01,3.924271379097811763e-01,4.626857004330764966e-01,4.112279009565025789e-01,3.854061893233475256e-01,4.905550243539146260e-01,4.559159281276676245e-01,4.701607950343674736e-01,5.185383021632525846e-01,4.531114331947421192e-01,0.000000000000000000e+00,4.365047969353236246e-01,4.811390533937838221e-01,4.881848435317756030e-01,4.762626783082197779e-01,4.790208039992180922e-01,5.160288745995000870e-01,4.711182474138579934e-01,4.925902917547946847e-01,4.981352121748244821e-01,4.654800775838148774e-01,4.627612865515092211e-01,4.712416924835344800e-01,4.512299905139904865e-01,4.485779156180533245e-01,3.781262615223099921e-01,4.472374921952794735e-01,4.482628532062061799e-01,4.624062036072125181e-01,4.840433657044164173e-01,4.528601586706350046e-01,4.728544032377076101e-01,4.749575868409620094e-01,4.564838826104397063e-01,4.510849913868086869e-01,4.309187550322081117e-01,5.154714253993636364e-01,0.000000000000000000e+00,5.382722940114814669e-01,5.472660388179029223e-01,5.154272770549629401e-01,0.000000000000000000e+00,0.000000000000000000e+00,0.000000000000000000e+00,4.724565833952086846e-01,5.936667627824976368e-01,0.000000000000000000e+00,5.888471601836278158e-01,5.435771336075482241e-01,5.865277718367050142e-01,5.353471638787423714e-01,5.925139143970884481e-01,0.000000000000000000e+00,5.572411670730318400e-01,3.927808749596566895e-01,5.643651188349603220e-01,0.000000000000000000e+00,5.096605788569225082e-01,0.000000000000000000e+00,0.000000000000000000e+00,0.000000000000000000e+00,5.722396719329380099e-01,5.184559935082663218e-01,0.000000000000000000e+00,4.797343366129783182e-01,5.577621534409700210e-01,0.000000000000000000e+00,0.000000000000000000e+00,4.810967204459375979e-01,5.475333625246839864e-01,5.532645786606602556e-01,5.256894769459238281e-01,5.584853031599338324e-01,5.636883979120268506e-01
0.000000000000000000e+00,0.000000000000000000e+00,4.201267037498236934e-01,4.003887385288227851e-01,3.893912138500211784e-01,4.527024445731541169e-01,3.843845172013620748e-01,4.490435664313333075e-01,4.742131264262364199e-01,4.738688979810812829e-01,3.868418673237932204e-01,0.000000000000000000e+00,4.365047969353236246e-01,0.000000000000000000e+00,0.000000000000000000e+00,0.000000000000000000e+00,0.000000000000000000e+00,0.000000000000000000e+00,3.705793904533054017e-01,0.000000000000000000e+00,0.000000000000000000e+00,0.000000000000000000e+00,4.137557465003668944e-01,0.000000000000000000e+00,0.000000000000000000e+00,0.000000000000000000e+00,4.476167733091993006e-01,3.927005761213008261e-01,0.000000000000000000e+00,0.000000000000000000e+00,4.930930914026855905e-01,2.728574817515010964e-01,3.202093930663009180e-01,5.080575293632917377e-01,4.445308501652132094e-01,2.816364052865789058e-01,2.666652807132611769e-01,0.000000000000000000e+00,4.369946334125422993e-01,0.000000000000000000e+00,0.000000000000000000e+00,0.000000000000000000e+00,0.000000000000000000e+00,0.000000000000000000e+00,0.000000000000000000e+00,0.000000000000000000e+00,0.000000000000000000e+00,5.623491198036878469e-01,0.000000000000000000e+00,0.000000000000000000e+00,0.000000000000000000e+00,0.000000000000000000e+00,5.102830231814233786e-01,5.532789705513311285e-01,0.000000000000000000e+00,5.008155077815523715e-01,0.000000000000000000e+00,0.000000000000000000e+00,0.000000000000000000e+00,0.000000000000000000e+00,0.000000000000000000e+00,0.000000000000000000e+00,0.000000000000000000e+00,5.064573000280102599e-01,0.000000000000000000e+00,0.000000000000000000e+00,0.000000000000000000e+00,5.490180281308965071e-01,0.000000000000000000e+00,0.000000000000000000e+00,0.000000000000000000e+00,5.456805910191391273e-01,0.000000000000000000e+00,0.000000000000000000e+00,0.000000000000000000e+00,0.000000000000000000e+00
4.849521492757514762e-01,4.612953019780661190e-01,0.000000000000000000e+00,0.000000000000000000e+00,0.000000000000000000e+00,4.283978453469958203e-01,0.000000000000000000e+00,4.264848785356383232e-01,0.000000000000000000e+00,0.000000000000000000e+00,0.000000000000000000e+00,0.000000000000000000e+00,4.811390533937838221e-01,0.000000000000000000e+00,0.000000000000000000e+00,4.470448703813469926e-01,0.000000000000000000e+00,4.366061625573515736e-01,0.000000000000000000e+00,4.064400860427329065e-01,4.284561212299488053e-01,4.041209549540777934e-01,3.995705676132215167e-01,5.331561110149937166e-01,4.235272684733967230e-01,4.482912444239707805e-01,4.401662039772197277e-01,4.512118838531495868e-01,4.329047243778089138e-01,0.000000000000000000e+00,4.550725581930095132e-01,4.807637270076731140e-01,4.501088566633614785e-01,4.813503073078319039e-01,5.049929335772529448e-01,5.552500486373901367e-01,0.000000000000000000e+00,0.000000000000000000e+00,5.443848412550551519e-01,4.940001097712042877e-01,5.224522621596792149e-01,5.488943901001591685e-01,4.417307601490749192e-01,0.000000000000000000e+00,0.000000000000000000e+00,5.485876202583312988e-01,5.007809475654897424e-01,0.000000000000000000e+00,0.000000000000000000e+00,0.000000000000000000e+00,4.928009284687011049e-01,5.041450627914337845e-01,5.602469731069824599e-01,0.000000000000000000e+00,0.000000000000000000e+00,0.000000000000000000e+00,0.000000000000000000e+00,5.082469535168940844e-01,0.000000000000000000e+00,5.599104704200595917e-01,4.992083196262206979e-01,0.000000000000000000e+00,4.722102577824909830e-01,0.000000000000000000e+00,5.358815707080504254e-01,5.377560880184842906e-01,5.467420217133532878e-01,5.529580284871082885e-01,0.000000000000000000e+00,4.689338520322006154e-01,5.510479262648417809e-01,5.370501447628935887e-01,5.366568649414875658e-01,5.269656768164010519e-01,0.000000000000000000e+00,5.196379367576313690e-01
3.946399752902082780e-01,4.251822603092444974e-01,4.480211412009791894e-01,0.000000000000000000e+00,4.753988474155261268e-01,4.463705514084012060e-01,4.963074466393467832e-01,5.053131918496429620e-01,4.551367625561715258e-01,4.120446809593302229e-01,0.000000000000000000e+00,3.930358095171279098e-01,4.881848435317756030e-01,0.000000000000000000e+00,4.470448703813469926e-01,0.000000000000000000e+00,4.197568649139831187e-01,3.893891885362574801e-01,0.000000000000000000e+00,4.528824951642008156e-01,4.532030445949052910e-01,4.257355024950515987e-01,4.444347791179538154e-01,3.754136215058748172e-01,4.071468845934417824e-01,4.163182893785116190e-01,4.523307688214053268e-01,4.763925921678067166e-01,4.648844303876922268e-01,4.535025963473870991e-01,4.021213281537734940e-01,4.597535041371048070e-01,4.044833049685924165e-01,4.246875098456234787e-01,4.378238202477930940e-01,0.000000000000000000e+00,0.000000000000000000e+00,0.000000000000000000e+00,4.592620450762255890e-01,4.718572919104497276e-01,4.345264555302280063e-01,4.574752369245225214e-01,0.000000000000000000e+00,0.000000000000000000e+00,0.000000000000000000e+00,4.337544364471975777e-01,4.645215665516331249e-01,0.000000000000000000e+00,0.000000000000000000e+00,0.000000000000000000e+00,0.000000000000000000e+00,0.000000000000000000e+00,0.000000000000000000e+00,0.000000000000000000e+00,4.518794829999613905e-01,0.000000000000000000e+00,0.000000000000000000e+00,0.000000000000000000e+00,0.000000000000000000e+00,4.979654331962671265e-01,4.605344567302471215e-01,4.893800879013929239e-01,4.636202279365901902e-01,0.000000000000000000e+00,4.747363107207043798e-01,5.005866534815160973e-01,4.646275644873755772e-01,5.145050019828751875e-01,4.463818837549893837e-01,4.593693167612247219e-01,4.694706666924218785e-01,4.712041993175570820e-01,0.000000000000000000e+00,4.518298364047815263e-01,0.000000000000000000e+00,4.407739791597852785e-01
3.871293854117363042e-01,4.044986419909761266e-01,5.289206035129321304e-01,0.000000000000000000e+00,5.260652862441604904e-01,4.805294325857196736e-01,5.007034241229102456e-01,5.118232654684472527e-01,5.240796520445935025e-01,3.215664899538395738e-01,5.311645059517491330e-01,3.771473757630208201e-01,4.762626783082197779e-01,0.000000000000000000e+00,0.000000000000000000e+00,4.197568649139831187e-01,0.000000000000000000e+00,3.808893879315574105e-01,5.317250941821567434e-01,4.300326717957542177e-01,4.758820839067823827e-01,4.231409649229790904e-01,4.971179500098152904e-01,3.734403001130282007e-01,3.324090391800019195e-01,3.835397314646390998e-01,4.910830927236928267e-01,4.496029301627432750e-01,4.323649594873298918e-01,0.000000000000000000e+00,3.965622660393279819e-01,4.786573743342030784e-01,4.070990922307128890e-01,4.008901264419441057e-01,3.918777433619078931e-01,0.000000000000000000e+00,0.000000000000000000e+00,3.622111108467573892e-01,5.081719971207082631e-01,5.535917637052084617e-01,4.825383784844660129e-01,0.000000000000000000e+00,0.000000000000000000e+00,0.000000000000000000e+00,0.000000000000000000e+00,3.919502760959491794e-01,4.212391563417663964e-01,0.000000000000000000e+00,0.000000000000000000e+00,0.000000000000000000e+00,0.000000000000000000e+00,0.000000000000000000e+00,0.000000000000000000e+00,0.000000000000000000e+00,4.860302780764009789e-01,0.000000000000000000e+00,4.880855479634653160e-01,0.000000000000000000e+00,0.000000000000000000e+00,0.000000000000000000e+00,4.817832738977633755e-01,4.845943206147714788e-01,4.816184188480294170e-01,0.000000000000000000e+00,0.000000000000000000e+00,0.000000000000000000e+00,0.000000000000000000e+00,0.000000000000000000e+00,3.881236778931069775e-01,4.783132407063788727e-01,4.713981868326794777e-01,0.000000000000000000e+00,0.000000000000000000e+00,0.000000000000000000e+00,0.000000000000000000e+00,4.670842915589640265e-01
3.856869906867835818e-01,4.357774132166374881e-01,5.176159928315803294e-01,0.000000000000000000e+00,0.000000000000000000e+00,4.450346653669414732e-01,4.816324660498131904e-01,5.118518890827102874e-01,5.134479596159750026e-01,3.565986823889725210e-01,5.245198440527489847e-01,3.735998396604520155e-01,4.790208039992180922e-01,0.000000000000000000e+00,4.366061625573515736e-01,3.893891885362574801e-01,3.808893879315574105e-01,0.000000000000000000e+00,5.231077776279615676e-01,4.499062085166997127e-01,4.767621085592371188e-01,4.395249477237920810e-01,4.702479569385480951e-01,3.614382546416661790e-01,3.759145765791606086e-01,3.868300859914913792e-01,4.404240918971807917e-01,4.601339299412798844e-01,4.628717377390401122e-01,0.000000000000000000e+00,4.007836434663700209e-01,4.442739423702556922e-01,3.979708315479896230e-01,4.103173347069223875e-01,4.187854212159257128e-01,0.000000000000000000e+00,0.000000000000000000e+00,0.000000000000000000e+00,4.738366706650997129e-01,4.970582446502336271e-01,4.490224407605669099e-01,0.000000000000000000e+00,0.000000000000000000e+00,0.000000000000000000e+00,0.000000000000000000e+00,4.132891828586057192e-01,4.528951640134024070e-01,0.000000000000000000e+00,0.000000000000000000e+00,0.000000000000000000e+00,4.698626452558484212e-01,0.000000000000000000e+00,0.000000000000000000e+00,0.000000000000000000e+00,4.718920304840206192e-01,0.000000000000000000e+00,4.816878969793053078e-01,0.000000000000000000e+00,0.000000000000000000e+00,4.871785604930988223e-01,4.589391149546431792e-01,4.821582812886935909e-01,4.704320755743978122e-01,0.000000000000000000e+00,4.569046004283311979e-01,0.000000000000000000e+00,4.466308180878856837e-01,5.030500529401424892e-01,4.275312600061039192e-01,4.639700840790775271e-01,4.642715838871659950e-01,0.000000000000000000e+00,0.000000000000000000e+00,4.685946059899008809e-01,0.000000000000000000e+00,4.630818992035879988e-01
0.000000000000000000e+00,0.000000000000000000e+00,3.256488806723881746e-01,4.157868736409220944e-01,4.296356910941330765e-01,4.532204813685912770e-01,5.038910266053846509e-01,3.464149886576616821e-01,3.341315178451296219e-01,5.392579053669908085e-01,3.154672144218513274e-01,5.109730983948392868e-01,5.160288745995000870e-01,3.705793904533054017e-01,0.000000000000000000e+00,0.000000000000000000e+00,5.317250941821567434e-01,5.231077776279615676e-01,0.000000000000000000e+00,0.000000000000000000e+00,0.000000000000000000e+00,0.000000000000000000e+00,2.782427550592040943e-01,0.000000000000000000e+00,5.179160249215591927e-01,5.041319614073410671e-01,4.131156121893765909e-01,5.220868293131678550e-01,0.000000000000000000e+00,0.000000000000000000e+00,5.387937167883007916e-01,4.918346860168226753e-01,4.982712324647801116e-01,5.308421685045076055e-01,5.393925231766849571e-01,4.146978591402182834e-01,4.918981525624315787e-01,4.956562423457773758e-01,4.744811141913498065e-01,0.000000000000000000e+00,5.545447213028646960e-01,0.000000000000000000e+00,4.606842273160676737e-01,0.000000000000000000e+00,0.000000000000000000e+00,0.000000000000000000e+00,0.000000000000000000e+00,5.446308203895375843e-01,0.000000000000000000e+00,5.719710457483448973e-01,5.385767292418134344e-01,5.667825451752845911e-01,5.347330931353746486e-01,5.693450497488432571e-01,0.000000000000000000e+00,5.148937808416256257e-01,0.000000000000000000e+00,5.655682938615894662e-01,5.575123105218648956e-01,0.000000000000000000e+00,0.000000000000000000e+00,0.000000000000000000e+00,0.000000000000000000e+00,5.473104301239979375e-01,0.000000000000000000e+00,0.000000000000000000e+00,0.000000000000000000e+00,5.532636106974067047e-01,0.000000000000000000e+00,0.000000000000000000e+00,0.000000000000000000e+00,5.670036970890933725e-01,5.558409057223961947e-01,0.000000000000000000e+00,0.000000000000000000e+00,5.690073618726466664e-01
5.062028210445792542e-01,4.891483010331557080e-01,4.477787958790730993e-01,0.000000000000000000e+00,4.682803389724414789e-01,4.302876359888128110e-01,4.846840971653025854e-01,4.320419848047126754e-01,4.508074122615671753e-01,4.387111268933507890e-01,0.000000000000000000e+00,0.000000000000000000e+00,4.711182474138579934e-01,0.000000000000000000e+00,4.064400860427329065e-01,4.528824951642008156e-01,4.300326717957542177e-01,4.499062085166997127e-01,0.000000000000000000e+00,0.000000000000000000e+00,4.867687285215503978e-01,4.201961028225665862e-01,4.128494266695338921e-01,5.312575078719490307e-01,4.563063460621490930e-01,4.764160136749986951e-01,4.203037692421862093e-01,4.434155527388026763e-01,3.848845051008533136e-01,4.019745126419885795e-01,4.210367119890341958e-01,4.887120740115659112e-01,4.482040318101250254e-01,4.719658739693052829e-01,5.008338738514260813e-01,5.380718232590883110e-01,5.198437571525573730e-01,4.502395114994833802e-01,5.351373319868598655e-01,4.683920571436742120e-01,5.372412971107861646e-01,5.360542478643663955e-01,4.426884501438885788e-01,0.000000000000000000e+00,4.602689394887570784e-01,0.000000000000000000e+00,4.772870777345791238e-01,5.152731166939722440e-01,0.000000000000000000e+00,0.000000000000000000e+00,5.020969414686293764e-01,5.087007336149502734e-01,5.387331456680255481e-01,5.178849274997396890e-01,0.000000000000000000e+00,0.000000000000000000e+00,0.000000000000000000e+00,5.140111514801789516e-01,0.000000000000000000e+00,5.453864141134419086e-01,4.868276954207069740e-01,0.000000000000000000e+00,0.000000000000000000e+00,0.000000000000000000e+00,5.273752266500499886e-01,5.377131196242797007e-01,5.174042869942294676e-01,5.451117495489585796e-01,0.000000000000000000e+00,4.480947032440035227e-01,5.094548961949620924e-01,5.299505713405834317e-01,5.350646618567023172e-01,5.226871600425599951e-01,5.267715509132723239e-01,5.262021178099780538e-01
4.862011087893344796e-01,4.692386686683182040e-01,0.000000000000000000e+00,0.000000000000000000e+00,0.000000000000000000e+00,4.397277235622423230e-01,0.000000000000000000e+00,4.313353665626882272e-01,0.000000000000000000e+00,4.956992277880967745e-01,0.000000000000000000e+00,5.082437926701030007e-01,4.925902917547946847e-01,0.000000000000000000e+00,4.284561212299488053e-01,4.532030445949052910e-01,4.758820839067823827e-01,4.767621085592371188e-01,0.000000000000000000e+00,4.867687285215503978e-01,0.000000000000000000e+00,4.723431855970380844e-01,4.352590831601699795e-01,5.306921012481008448e-01,4.783974199229507063e-01,4.602050612536436880e-01,4.627715308894436164e-01,4.790086231337649103e-01,4.613932083794595185e-01,0.000000000000000000e+00,4.521898878246953246e-01,4.868417810948367230e-01,4.527472499780045845e-01,4.770576127968707003e-01,5.688219323504349889e-01,0.000000000000000000e+00,0.000000000000000000e+00,5.164396883781372516e-01,5.045968671262560656e-01,5.240234939962696847e-01,5.259532864528441154e-01,5.405927069488717374e-01,0.000000000000000000e+00,0.000000000000000000e+00,0.000000000000000000e+00,4.556101996784781005e-01,5.065721647702651209e-01,0.000000000000000000e+00,0.000000000000000000e+00,0.000000000000000000e+00,4.625257134308389251e-01,0.000000000000000000e+00,4.914588214009706912e-01,0.000000000000000000e+00,0.000000000000000000e+00,0.000000000000000000e+00,4.735066803501035149e-01,5.119731092560979580e-01,0.000000000000000000e+00,5.523402799309127253e-01,5.048838325175165620e-01,0.000000000000000000e+00,0.000000000000000000e+00,0.000000000000000000e+00,5.318548159730361879e-01,5.078823693883048884e-01,5.440035951755674004e-01,5.162525706523125590e-01,4.784608738440532805e-01,4.741632829152235828e-01,5.393799561514525109e-01,5.208773129674028057e-01,4.916058542620457827e-01,4.978900839011575763e-01,0.000000000000000000e+00,5.263615590466341754e-01
