0.000000000000000000e+00,3.831719961846496991e-01,0.000000000000000000e+00,0.000000000000000000e+00,0.000000000000000000e+00,4.168265189379747881e-01,0.000000000000000000e+00,4.596735757298450187e-01,0.000000000000000000e+00,4.051968746053454806e-01,0.000000000000000000e+00,3.965195487875293745e-01,4.302557123235327130e-01,0.000000000000000000e+00,3.829308170923936827e-01,3.844166717900437957e-01,3.855075794305715120e-01,3.865391649445726885e-01,0.000000000000000000e+00,4.251760969665737133e-01,3.755210265062252084e-01,3.975660240929054789e-01,4.305191016754602029e-01,3.307312506152433884e-01,3.726800265606896034e-01,3.655181048448735148e-01,4.271937472836663252e-01,4.359767313782252907e-01,4.305046479751086230e-01,0.000000000000000000e+00,3.763707614924173828e-01,4.495488685348543179e-01,3.163089510764585111e-01,3.820534268631025077e-01,4.363138938897995756e-01,0.000000000000000000e+00,0.000000000000000000e+00,4.144451094324386742e-01,4.480857225475831096e-01,3.972210083103828726e-01,4.108882061125856966e-01,4.537156946756720211e-01,0.000000000000000000e+00,0.000000000000000000e+00,0.000000000000000000e+00,3.350898211836825791e-01,4.376313627723988908e-01,0.000000000000000000e+00,0.000000000000000000e+00,0.000000000000000000e+00,0.000000000000000000e+00,0.000000000000000000e+00,4.143649270705618837e-01,0.000000000000000000e+00,4.911858659832403773e-01,0.000000000000000000e+00,4.306494359931006266e-01,0.000000000000000000e+00,0.000000000000000000e+00,4.480594376761684039e-01,4.320598060143456265e-01,4.184476790334176743e-01,4.108536848823439724e-01,0.000000000000000000e+00,4.502072989289540028e-01,4.448318465710516811e-01,4.342632212032324079e-01,4.221939544045141823e-01,3.687350559157073770e-01,4.218627379515649256e-01,4.294758834715630136e-01,0.000000000000000000e+00,0.000000000000000000e+00,4.186968278048259218e-01,0.000000000000000000e+00,4.009102969674513961e-01
3.831719961846496991e-01,0.000000000000000000e+00,4.017181948250749812e-01,0.000000000000000000e+00,3.934725351914322156e-01,3.925295456374460756e-01,4.333076127485394058e-01,4.335318597518957873e-01,3.886085989528845208e-01,4.041728554626157210e-01,0.000000000000000000e+00,0.000000000000000000e+00,4.299268189735490076e-01,0.000000000000000000e+00,4.086753921715731153e-01,3.933428176176831936e-01,0.000000000000000000e+00,4.086322502136641166e-01,0.000000000000000000e+00,4.182484221982339934e-01,4.015050388521412827e-01,4.124839806760030037e-01,4.011560953193225032e-01,3.528636667778866087e-01,3.744217850699639860e-01,3.928249670899466861e-01,4.049741769255729151e-01,4.241455927238904078e-01,4.088059830860003019e-01,0.000000000000000000e+00,3.879071305855785745e-01,4.509946893462267181e-01,3.559641163477568204e-01,3.905540505570451737e-01,4.471400151051426186e-01,0.000000000000000000e+00,0.000000000000000000e+00,0.000000000000000000e+00,4.544104220739719757e-01,4.169826592029515222e-01,4.214480386951197088e-01,4.615727108350308749e-01,0.000000000000000000e+00,0.000000000000000000e+00,0.000000000000000000e+00,4.247829360173591140e-01,4.379747220325473922e-01,0.000000000000000000e+00,0.000000000000000000e+00,0.000000000000000000e+00,4.246940327684455840e-01,0.000000000000000000e+00,4.673198704672382742e-01,0.000000000000000000e+00,3.929161148462496089e-01,0.000000000000000000e+00,0.000000000000000000e+00,0.000000000000000000e+00,0.000000000000000000e+00,4.429818646818688976e-01,4.347943704246556851e-01,3.930277675224749800e-01,4.196187736328064188e-01,0.000000000000000000e+00,4.334478225823669151e-01,4.420497171621657895e-01,4.278773119859600738e-01,4.528966848594574990e-01,4.189741421481877892e-01,4.263081774359983034e-01,4.513877855230877256e-01,4.566921196528109239e-01,0.000000000000000000e+00,4.382076381610043869e-01,0.000000000000000000e+00,4.146650037970662783e-01
0.000000000000000000e+00,4.017181948250749812e-01,0.000000000000000000e+00,0.000000000000000000e+00,3.742829954468819276e-01,3.741648603835571185e-01,4.130017093791908955e-01,4.414957908152359889e-01,3.203964568565216275e-01,4.319078085408253886e-01,3.052727586671292737e-01,4.240140010882826882e-01,4.205828368441965059e-01,4.306667535977000139e-01,0.000000000000000000e+00,4.335109277320325916e-01,0.000000000000000000e+00,4.466741986482340998e-01,2.882217006451336938e-01,4.052820021333375933e-01,4.075798489741014885e-01,4.179989862053957173e-01,3.623461860743310003e-01,0.000000000000000000e+00,3.823317421178423769e-01,3.960348800069308783e-01,3.260516888668679725e-01,4.302441769968203822e-01,3.990387200700418191e-01,4.404697716330737145e-01,4.451974744932422068e-01,4.244602646539806234e-01,3.916749991750553828e-01,4.539804818777379847e-01,4.548911196932058920e-01,4.135887897865573870e-01,4.338870759177244074e-01,4.145750706220348025e-01,4.962583323898752119e-01,0.000000000000000000e+00,5.184962926646388137e-01,0.000000000000000000e+00,4.992812683584055833e-01,0.000000000000000000e+00,0.000000000000000000e+00,0.000000000000000000e+00,0.000000000000000000e+00,3.312534928731292738e-01,0.000000000000000000e+00,5.472984242217294737e-01,5.422563195010565718e-01,5.389285108541278513e-01,5.443262937828909909e-01,5.430016618119299920e-01,0.000000000000000000e+00,4.745627706049557193e-01,0.000000000000000000e+00,5.236825875855294354e-01,5.060977300484857944e-01,4.585784313805393864e-01,4.125443883333935746e-01,0.000000000000000000e+00,0.000000000000000000e+00,2.171808060191479095e-01,4.488181327969684165e-01,0.000000000000000000e+00,4.568917149069776085e-01,5.490838287487416203e-01,0.000000000000000000e+00,4.026035914942394101e-01,4.068212442513504112e-01,4.908500792918205069e-01,5.198695733113624096e-01,4.849423770342209949e-01,5.370763040693028456e-01,5.200901202587406846e-01
0.000000000000000000e+00,0.000000000000000000e+00,0.000000000000000000e+00,0.000000000000000000e+00,3.252230055982333057e-01,4.191205985562116987e-01,2.400395508774451903e-01,3.857096185469693905e-01,4.171687048394808750e-01,3.335379660129547119e-01,3.521775622225342128e-01,0.000000000000000000e+00,3.443409532392545103e-01,3.144015256740841924e-01,0.000000000000000000e+00,0.000000000000000000e+00,0.000000000000000000e+00,0.000000000000000000e+00,3.978745906124129816e-01,0.000000000000000000e+00,0.000000000000000000e+00,0.000000000000000000e+00,4.032602892032930986e-01,0.000000000000000000e+00,0.000000000000000000e+00,0.000000000000000000e+00,0.000000000000000000e+00,2.782149859691014915e-01,0.000000000000000000e+00,0.000000000000000000e+00,3.604619195482632876e-01,3.116252961936196164e-01,0.000000000000000000e+00,3.700744201284498214e-01,2.976381663450666237e-01,2.269482775019122101e-01,2.189934696912977929e-01,0.000000000000000000e+00,0.000000000000000000e+00,0.000000000000000000e+00,0.000000000000000000e+00,0.000000000000000000e+00,0.000000000000000000e+00,0.000000000000000000e+00,0.000000000000000000e+00,0.000000000000000000e+00,0.000000000000000000e+00,0.000000000000000000e+00,0.000000000000000000e+00,0.000000000000000000e+00,0.000000000000000000e+00,0.000000000000000000e+00,0.000000000000000000e+00,0.000000000000000000e+00,0.000000000000000000e+00,0.000000000000000000e+00,0.000000000000000000e+00,0.000000000000000000e+00,0.000000000000000000e+00,0.000000000000000000e+00,0.000000000000000000e+00,0.000000000000000000e+00,0.000000000000000000e+00,0.000000000000000000e+00,0.000000000000000000e+00,0.000000000000000000e+00,0.000000000000000000e+00,0.000000000000000000e+00,0.000000000000000000e+00,0.000000000000000000e+00,0.000000000000000000e+00,0.000000000000000000e+00,0.000000000000000000e+00,0.000000000000000000e+00,0.000000000000000000e+00,0.000000000000000000e+00
0.000000000000000000e+00,3.934725351914322156e-01,3.742829954468819276e-01,3.252230055982333057e-01,0.000000000000000000e+00,3.622054053143033969e-01,3.514641838456484813e-01,4.134421760440861182e-01,3.211837172373208094e-01,4.266605169094961902e-01,3.049364012848702066e-01,3.976814808414901870e-01,3.940583894889220229e-01,2.934684761603754133e-01,0.000000000000000000e+00,0.000000000000000000e+00,4.274388546733121075e-01,0.000000000000000000e+00,3.309314773941577914e-01,4.049984636186890197e-01,4.158823922054257771e-01,4.263407001296037890e-01,3.904238246509935117e-01,3.755228717174550757e-01,0.000000000000000000e+00,4.153323675781451230e-01,3.943244644674727128e-01,3.827871114557737098e-01,4.034021388948029752e-01,4.256348252357676221e-01,4.291643278310742771e-01,3.861229175825786064e-01,3.974000244591412989e-01,4.127660529277448753e-01,3.934075227250392048e-01,2.830600273608884221e-01,3.108555481162075806e-01,3.577756763353954761e-01,4.759592075781828857e-01,0.000000000000000000e+00,5.046097133122355860e-01,0.000000000000000000e+00,4.357021406364541272e-01,0.000000000000000000e+00,0.000000000000000000e+00,0.000000000000000000e+00,0.000000000000000000e+00,5.277057252497050488e-01,0.000000000000000000e+00,5.225354922378255829e-01,5.264468980505375706e-01,5.120718764509738508e-01,4.920826768860380174e-01,5.290565407008157583e-01,0.000000000000000000e+00,4.216930803504738146e-01,0.000000000000000000e+00,5.255390648445231738e-01,0.000000000000000000e+00,4.478550336795317777e-01,0.000000000000000000e+00,0.000000000000000000e+00,0.000000000000000000e+00,5.072899390754685989e-01,4.328704283173958056e-01,0.000000000000000000e+00,4.356751586463107895e-01,5.226381061394830274e-01,0.000000000000000000e+00,0.000000000000000000e+00,0.000000000000000000e+00,5.177078635063978584e-01,5.080093854862017810e-01,4.816780569109925247e-01,0.000000000000000000e+00,5.036782562724184675e-01
4.168265189379747881e-01,3.925295456374460756e-01,3.741648603835571185e-01,4.191205985562116987e-01,3.622054053143033969e-01,0.000000000000000000e+00,3.976959359063401145e-01,3.850555830004505076e-01,3.129341869857493186e-01,4.324329937013068892e-01,3.614736770031681257e-01,4.232010151943165210e-01,3.717543064288735266e-01,3.897871077060698908e-01,3.923647287908728076e-01,4.250356994297306845e-01,0.000000000000000000e+00,4.287943016987044165e-01,3.596243760300202874e-01,3.910557107994879211e-01,3.944933199469943808e-01,4.131438179032312918e-01,3.772869235007045852e-01,0.000000000000000000e+00,3.903893914843868940e-01,3.897950184428802256e-01,3.548709120928197902e-01,3.632164126289916806e-01,3.195895223989064782e-01,4.153798325421214077e-01,4.269558229721016063e-01,4.115788512309733749e-01,3.739339095360548204e-01,4.360802848651387786e-01,4.438430506238993933e-01,4.262647201705820899e-01,4.361787765996429922e-01,4.111271761188248219e-01,4.753100240091505113e-01,0.000000000000000000e+00,4.880942771035243766e-01,0.000000000000000000e+00,4.704819826881151967e-01,0.000000000000000000e+00,0.000000000000000000e+00,0.000000000000000000e+00,4.079661187825833757e-01,5.320765934392219787e-01,0.000000000000000000e+00,5.169205722037033546e-01,5.081273976698748029e-01,5.027570201930610105e-01,4.907558702710861920e-01,5.320933329090250519e-01,0.000000000000000000e+00,4.828233530191597955e-01,0.000000000000000000e+00,5.042032608937268012e-01,0.000000000000000000e+00,4.382926350743863164e-01,4.126680506285220207e-01,0.000000000000000000e+00,0.000000000000000000e+00,5.204643034769825816e-01,4.458306406451303938e-01,4.272951001728768072e-01,4.222003029950220920e-01,5.072167047493514325e-01,0.000000000000000000e+00,4.023973392218720968e-01,4.182330316305187812e-01,5.022398148342009927e-01,4.937737265599549952e-01,4.686079470431849248e-01,4.879496522521077906e-01,4.756566642156284108e-01
0.000000000000000000e+00,4.333076127485394058e-01,4.130017093791908955e-01,2.400395508774451903e-01,3.514641838456484813e-01,3.976959359063401145e-01,0.000000000000000000e+00,4.285461237227102815e-01,3.859686795663277992e-01,4.048714029084468091e-01,3.945128906159178772e-01,3.839038357377775879e-01,3.156884845819694085e-01,3.302052820946465017e-01,4.177179064079092896e-01,4.522066836632154252e-01,4.175677213503470875e-01,4.375559576727132138e-01,4.089117255351812918e-01,4.324866902802976809e-01,4.375955380507849934e-01,4.541015727850020167e-01,4.123107255323126275e-01,3.334728503123213783e-01,4.336553084087185206e-01,4.228385723693283138e-01,4.186106137141538119e-01,3.384961215423233916e-01,4.177845137416840160e-01,4.300740692429130263e-01,4.136992362991506744e-01,4.073906552590750851e-01,3.608427768570888761e-01,3.916251810301258907e-01,4.048221346431600809e-01,3.118649526245730885e-01,3.333335029885465817e-01,3.460302225806649035e-01,4.923575402754782893e-01,0.000000000000000000e+00,5.006529858376754794e-01,0.000000000000000000e+00,4.689566454307521060e-01,0.000000000000000000e+00,0.000000000000000000e+00,0.000000000000000000e+00,4.524009068588656923e-01,5.296053322736270497e-01,0.000000000000000000e+00,5.115939211882104543e-01,5.214645156878482402e-01,5.121215153101907891e-01,5.021132090647733026e-01,5.247728108007293502e-01,0.000000000000000000e+00,4.556214956585216136e-01,0.000000000000000000e+00,5.074097318880206320e-01,0.000000000000000000e+00,4.717116057732316237e-01,5.002146084625169742e-01,0.000000000000000000e+00,0.000000000000000000e+00,5.164498763210694232e-01,4.547902724412544173e-01,0.000000000000000000e+00,4.452464803394883264e-01,5.200199980100209673e-01,0.000000000000000000e+00,0.000000000000000000e+00,4.348720155490882200e-01,5.149275801785205831e-01,5.051240181424946352e-01,4.774973495178663763e-01,5.216451888466097087e-01,4.980372307490946171e-01
4.596735757298450187e-01,4.335318597518957873e-01,4.414957908152359889e-01,3.857096185469693905e-01,4.134421760440861182e-01,3.850555830004505076e-01,4.285461237227102815e-01,0.000000000000000000e+00,4.390442638698083266e-01,4.271006261372812252e-01,3.293781372762302762e-01,4.590390465274565845e-01,4.201327488140417787e-01,3.569645667387710275e-01,4.179757796848098117e-01,4.372160437600046134e-01,0.000000000000000000e+00,4.594102987876128030e-01,4.270986809606021062e-01,3.838655287858422915e-01,3.894950532154132228e-01,4.096112857917845185e-01,3.397734972244945140e-01,4.732282417349955028e-01,4.555347875898169141e-01,4.547673588192069905e-01,3.948395539992093917e-01,4.141409830518537061e-01,3.621800421032175810e-01,4.140750256977119848e-01,4.380513626724776843e-01,4.049926465068576231e-01,3.908066971729122208e-01,4.529211216468120860e-01,4.943990572890373802e-01,3.387338701709782240e-01,3.741173728343432092e-01,0.000000000000000000e+00,4.876621017741176733e-01,0.000000000000000000e+00,4.921486361340893789e-01,0.000000000000000000e+00,4.600929606330094179e-01,0.000000000000000000e+00,0.000000000000000000e+00,0.000000000000000000e+00,4.579922319055055868e-01,5.424359222467081132e-01,0.000000000000000000e+00,5.376950692832048739e-01,5.033865472849087253e-01,4.989373297869623136e-01,4.854391835891930795e-01,5.259357652299764263e-01,0.000000000000000000e+00,4.685873925060223266e-01,0.000000000000000000e+00,4.790251978966427737e-01,5.453348755836486816e-01,4.827095473480070842e-01,4.678361872344337091e-01,0.000000000000000000e+00,0.000000000000000000e+00,5.124752552310318787e-01,4.656977260251669026e-01,4.687461915708809879e-01,4.639767885994269814e-01,5.008257827248245864e-01,0.000000000000000000e+00,0.000000000000000000e+00,4.675900345407115744e-01,5.061775383191016164e-01,4.849893535699860148e-01,4.778852510669023834e-01,4.787134323082061771e-01,4.843955522706194228e-01
0.000000000000000000e+00,3.886085989528845208e-01,3.203964568565216275e-01,4.171687048394808750e-01,3.211837172373208094e-01,3.129341869857493186e-01,3.859686795663277992e-01,4.390442638698083266e-01,0.000000000000000000e+00,4.328406404423417730e-01,2.608562050460339066e-01,4.201814341029693201e-01,3.570095755436150098e-01,3.888904649669894797e-01,3.643214021194319807e-01,4.323069295143001090e-01,4.402066338411976254e-01,0.000000000000000000e+00,2.511020462367111183e-01,3.997634999698250757e-01,3.996089478278874174e-01,4.191726940061116236e-01,3.793844595843499090e-01,3.916140679411930781e-01,4.021251746551192108e-01,4.118460045337846154e-01,3.592851358511421900e-01,4.206266392429547918e-01,3.821637122520600838e-01,4.276331600391760079e-01,4.370505879144069850e-01,4.147193497958043817e-01,3.991788502319317256e-01,4.395798565168040906e-01,4.435414445517361082e-01,4.032515590305557063e-01,4.228916960501972744e-01,4.109216787020306128e-01,4.898637329221379733e-01,0.000000000000000000e+00,5.039946589469117555e-01,0.000000000000000000e+00,4.776175276585342133e-01,0.000000000000000000e+00,0.000000000000000000e+00,0.000000000000000000e+00,0.000000000000000000e+00,3.754773648504273198e-01,0.000000000000000000e+00,5.286185491872760212e-01,5.321231752304094176e-01,5.274579108766195290e-01,5.305095088945721571e-01,5.388795045800488515e-01,0.000000000000000000e+00,5.092416793233054406e-01,0.000000000000000000e+00,5.109249478386066468e-01,4.739593100838739859e-01,4.355638116453772191e-01,0.000000000000000000e+00,0.000000000000000000e+00,0.000000000000000000e+00,5.289233663768286853e-01,4.411997421625077909e-01,0.000000000000000000e+00,4.336828218832736725e-01,5.405025712421122064e-01,0.000000000000000000e+00,0.000000000000000000e+00,3.879342168376473943e-01,5.301197128930682512e-01,5.054552205888038774e-01,4.710524277099943924e-01,5.402960747414097264e-01,5.002482603076026102e-01
4.051968746053454806e-01,4.041728554626157210e-01,4.319078085408253886e-01,3.335379660129547119e-01,4.266605169094961902e-01,4.324329937013068892e-01,4.048714029084468091e-01,4.271006261372812252e-01,4.328406404423417730e-01,0.000000000000000000e+00,4.182557040954807959e-01,3.159543440962527261e-01,4.095245357800588182e-01,3.227702344548966096e-01,0.000000000000000000e+00,3.790268273939753074e-01,3.297130349231103819e-01,3.430591477285996893e-01,4.237577509865464997e-01,4.227280921258714796e-01,4.680676070350404117e-01,4.135003093221225057e-01,4.253943839391914894e-01,3.456312460149688071e-01,2.921579516906643859e-01,2.820817745309784907e-01,4.246028196143151745e-01,4.089075277182618873e-01,4.203870867732817929e-01,4.106786613720186940e-01,3.529212793534147186e-01,3.473896846109089109e-01,3.358693490588566255e-01,3.497431107561965180e-01,3.643460641446776838e-01,3.596183342592553234e-01,2.810558479594634784e-01,3.227454549715862986e-01,4.495701177833960061e-01,4.519749562337079807e-01,4.439292698720134767e-01,4.518070128672114771e-01,0.000000000000000000e+00,0.000000000000000000e+00,4.474165572773813881e-01,4.210295464804825194e-01,0.000000000000000000e+00,0.000000000000000000e+00,0.000000000000000000e+00,0.000000000000000000e+00,0.000000000000000000e+00,0.000000000000000000e+00,0.000000000000000000e+00,0.000000000000000000e+00,4.852555938243183209e-01,0.000000000000000000e+00,4.852607974424523740e-01,4.562755217939724051e-01,0.000000000000000000e+00,0.000000000000000000e+00,4.324334051558155201e-01,4.520731560966346207e-01,4.406349980338560846e-01,0.000000000000000000e+00,0.000000000000000000e+00,0.000000000000000000e+00,0.000000000000000000e+00,4.980306226542792758e-01,4.188655273807462831e-01,4.366673273123917731e-01,4.554830318796623256e-01,0.000000000000000000e+00,4.494244484602413769e-01,0.000000000000000000e+00,0.000000000000000000e+00,4.599451133384577783e-01
0.000000000000000000e+00,0.000000000000000000e+00,3.052727586671292737e-01,3.521775622225342128e-01,3.049364012848702066e-01,3.614736770031681257e-01,3.945128906159178772e-01,3.293781372762302762e-01,2.608562050460339066e-01,4.182557040954807959e-01,0.000000000000000000e+00,4.023913416672524890e-01,4.023893909446100148e-01,3.078503276423140145e-01,0.000000000000000000e+00,0.000000000000000000e+00,0.000000000000000000e+00,0.000000000000000000e+00,2.518310322469087259e-01,0.000000000000000000e+00,4.088620301541255886e-01,0.000000000000000000e+00,3.069470435590461732e-01,0.000000000000000000e+00,0.000000000000000000e+00,0.000000000000000000e+00,3.589621180615277241e-01,4.072160696960597237e-01,4.066999815269419227e-01,4.415228327562771837e-01,4.162142821644534973e-01,3.519653118795186830e-01,3.757265484528494737e-01,4.188086090544509976e-01,4.148622209877484979e-01,2.783554800278925101e-01,2.945243317466870181e-01,4.043146240699185823e-01,4.078440003186232232e-01,0.000000000000000000e+00,4.648370554453206127e-01,0.000000000000000000e+00,4.129015559542664748e-01,0.000000000000000000e+00,0.000000000000000000e+00,0.000000000000000000e+00,0.000000000000000000e+00,5.021782189554985232e-01,0.000000000000000000e+00,3.208897655397495163e-01,4.936747911395846233e-01,4.397621701181907983e-01,4.773892529343889968e-01,3.924926779549632871e-01,0.000000000000000000e+00,2.358880859293004950e-01,0.000000000000000000e+00,4.375327773403698273e-01,4.065302849267259933e-01,0.000000000000000000e+00,0.000000000000000000e+00,0.000000000000000000e+00,0.000000000000000000e+00,2.183983549334634067e-01,3.836589566763412007e-01,0.000000000000000000e+00,3.694149991869282723e-01,4.916939400541215921e-01,0.000000000000000000e+00,0.000000000000000000e+00,4.420568690785606214e-01,4.995012325071707115e-01,4.404711802168561063e-01,4.307613337151415256e-01,0.000000000000000000e+00,4.467414937975350830e-01
3.965195487875293745e-01,0.000000000000000000e+00,4.240140010882826882e-01,0.000000000000000000e+00,3.976814808414901870e-01,4.232010151943165210e-01,3.839038357377775879e-01,4.590390465274565845e-01,4.201814341029693201e-01,3.159543440962527261e-01,4.023913416672524890e-01,0.000000000000000000e+00,4.069740183905395936e-01,2.891538462948227139e-01,4.193568825721740723e-01,3.850918482094676798e-01,3.754458028797876268e-01,3.635786616255792802e-01,4.310906304333461114e-01,4.396026017214466064e-01,4.688013177695948830e-01,4.385843711063243111e-01,4.332799044726988180e-01,3.166119575120499019e-01,3.212427539052157832e-01,2.965692509975957902e-01,4.198163135600693763e-01,3.974200926775279252e-01,4.142759924945758065e-01,0.000000000000000000e+00,4.098191306350357221e-01,3.124298249134028760e-01,3.816552277522485270e-01,3.462188630626454877e-01,3.422386982421131152e-01,2.946020244304274893e-01,2.545128794283230134e-01,2.936077284127929787e-01,4.627405751755386265e-01,4.737050121703492156e-01,4.444149216216601861e-01,4.590886781394706850e-01,4.616132380317740092e-01,0.000000000000000000e+00,4.457891099997295936e-01,4.163049374009955006e-01,0.000000000000000000e+00,0.000000000000000000e+00,0.000000000000000000e+00,0.000000000000000000e+00,0.000000000000000000e+00,4.565952266906582735e-01,0.000000000000000000e+00,0.000000000000000000e+00,4.912217552949861843e-01,0.000000000000000000e+00,4.941746746044289873e-01,4.459147805547408194e-01,0.000000000000000000e+00,0.000000000000000000e+00,0.000000000000000000e+00,4.625815501569284782e-01,4.341785998640971811e-01,0.000000000000000000e+00,0.000000000000000000e+00,0.000000000000000000e+00,0.000000000000000000e+00,4.837427125500621261e-01,4.158677894767647265e-01,4.346129475772361750e-01,4.557323795432028923e-01,0.000000000000000000e+00,4.539996219364457741e-01,0.000000000000000000e+00,0.000000000000000000e+00,4.752857271427364250e-01
4.302557123235327130e-01,4.299268189735490076e-01,4.205828368441965059e-01,3.443409532392545103e-01,3.940583894889220229e-01,3.717543064288735266e-01,3.156884845819694085e-01,4.201327488140417787e-01,3.570095755436150098e-01,4.095245357800588182e-01,4.023893909446100148e-01,4.069740183905395936e-01,0.000000000000000000e+00,3.660605980014189909e-01,4.188807117636820232e-01,4.433192642976415132e-01,4.186221788183696058e-01,4.354303798736103848e-01,4.104587489248622822e-01,4.175948336255697058e-01,4.264576700415175226e-01,4.439555774524984733e-01,4.079699815909753058e-01,3.744218017629938888e-01,4.247555435267270085e-01,4.232256222816971891e-01,4.083506499316759131e-01,3.452376266818029116e-01,3.840531722054105757e-01,4.098178277488079835e-01,4.020177506661464784e-01,4.192804663062699166e-01,3.854537165706400925e-01,4.032681980443336145e-01,4.276789280627444900e-01,3.674147899691920238e-01,3.709148706864652811e-01,3.567893889073969760e-01,4.852226970668676032e-01,0.000000000000000000e+00,4.878764477503699237e-01,0.000000000000000000e+00,4.731396992262997259e-01,0.000000000000000000e+00,0.000000000000000000e+00,0.000000000000000000e+00,4.325236925030285229e-01,5.279340284551391482e-01,0.000000000000000000e+00,5.085313448611417098e-01,5.142514578545086534e-01,5.032490007434100576e-01,4.921136914792222927e-01,5.232794600043991773e-01,0.000000000000000000e+00,4.640179322781803894e-01,0.000000000000000000e+00,5.041579104604232420e-01,0.000000000000000000e+00,4.551733035617558931e-01,4.532857371472370778e-01,0.000000000000000000e+00,0.000000000000000000e+00,5.088469088224700787e-01,4.618025934893366102e-01,4.554987705694252265e-01,4.385705855420710120e-01,5.124016775290247683e-01,0.000000000000000000e+00,4.471817854613329146e-01,4.387661577535144075e-01,5.091048954689858519e-01,4.987999956041682115e-01,4.818118934406546150e-01,5.059920300888512967e-01,4.964504427698390732e-01
0.000000000000000000e+00,0.000000000000000000e+00,4.306667535977000139e-01,3.144015256740841924e-01,2.934684761603754133e-01,3.897871077060698908e-01,3.302052820946465017e-01,3.569645667387710275e-01,3.888904649669894797e-01,3.227702344548966096e-01,3.078503276423140145e-01,2.891538462948227139e-01,3.660605980014189909e-01,0.000000000000000000e+00,0.000000000000000000e+00,0.000000000000000000e+00,0.000000000000000000e+00,0.000000000000000000e+00,3.630371539228566258e-01,0.000000000000000000e+00,4.356119930744171143e-01,0.000000000000000000e+00,3.565222960744193759e-01,0.000000000000000000e+00,0.000000000000000000e+00,0.000000000000000000e+00,4.036951974803503207e-01,3.298484389231307046e-01,0.000000000000000000e+00,0.000000000000000000e+00,3.693435432693891185e-01,2.909127275451546257e-01,2.778126356967625110e-01,3.294008738113928803e-01,3.139869838556598181e-01,2.350887948133116023e-01,2.273405703521305110e-01,2.748974426778674762e-01,0.000000000000000000e+00,0.000000000000000000e+00,0.000000000000000000e+00,0.000000000000000000e+00,4.555701753259174813e-01,0.000000000000000000e+00,0.000000000000000000e+00,0.000000000000000000e+00,0.000000000000000000e+00,5.022853512375370366e-01,0.000000000000000000e+00,0.000000000000000000e+00,5.068066012371266194e-01,0.000000000000000000e+00,4.871381435528011061e-01,5.272961618954579155e-01,0.000000000000000000e+00,4.324735146626892957e-01,0.000000000000000000e+00,0.000000000000000000e+00,0.000000000000000000e+00,0.000000000000000000e+00,0.000000000000000000e+00,0.000000000000000000e+00,0.000000000000000000e+00,5.439962862672734767e-01,0.000000000000000000e+00,0.000000000000000000e+00,0.000000000000000000e+00,4.955612333328642261e-01,0.000000000000000000e+00,0.000000000000000000e+00,0.000000000000000000e+00,0.000000000000000000e+00,0.000000000000000000e+00,0.000000000000000000e+00,0.000000000000000000e+00,0.000000000000000000e+00
3.829308170923936827e-01,4.086753921715731153e-01,0.000000000000000000e+00,0.000000000000000000e+00,0.000000000000000000e+00,3.923647287908728076e-01,4.177179064079092896e-01,4.179757796848098117e-01,3.643214021194319807e-01,0.000000000000000000e+00,0.000000000000000000e+00,4.193568825721740723e-01,4.188807117636820232e-01,0.000000000000000000e+00,0.000000000000000000e+00,4.063493082247284227e-01,0.000000000000000000e+00,4.136393038343180728e-01,0.000000000000000000e+00,3.210007382259452147e-01,3.799138688919497797e-01,3.796428769407602100e-01,3.557068536026198879e-01,4.166203609118687146e-01,3.932998236464604891e-01,3.959734456213990783e-01,3.792840577267858060e-01,3.959021110419754241e-01,3.857702238885116763e-01,4.119827449321746826e-01,4.135784033673589044e-01,4.355390535188324863e-01,3.776168762107076082e-01,4.176947518043834795e-01,4.547153185511828011e-01,4.740619064212061029e-01,4.419262409210205078e-01,0.000000000000000000e+00,4.472459786693498973e-01,4.239018199218297922e-01,4.341627040262612258e-01,4.614074843218072264e-01,3.810769994596838184e-01,0.000000000000000000e+00,0.000000000000000000e+00,4.472759830021960092e-01,4.422037263527491824e-01,0.000000000000000000e+00,0.000000000000000000e+00,0.000000000000000000e+00,4.102584821809102111e-01,0.000000000000000000e+00,4.562713000621373971e-01,3.859231805413321781e-01,0.000000000000000000e+00,0.000000000000000000e+00,0.000000000000000000e+00,4.294509272396940247e-01,0.000000000000000000e+00,4.469614286069478748e-01,4.326605239727882024e-01,0.000000000000000000e+00,4.276858256292849769e-01,0.000000000000000000e+00,4.368014787200482085e-01,4.511991529313609250e-01,4.427393507549111096e-01,4.489016943265287107e-01,0.000000000000000000e+00,4.126459014837273731e-01,4.660533771542120229e-01,4.454757184505828138e-01,4.485606310342682979e-01,4.318729499991870724e-01,0.000000000000000000e+00,4.291614364864579922e-01
3.844166717900437957e-01,3.933428176176831936e-01,4.335109277320325916e-01,0.000000000000000000e+00,0.000000000000000000e+00,4.250356994297306845e-01,4.522066836632154252e-01,4.372160437600046134e-01,4.323069295143001090e-01,3.790268273939753074e-01,0.000000000000000000e+00,3.850918482094676798e-01,4.433192642976415132e-01,0.000000000000000000e+00,4.063493082247284227e-01,0.000000000000000000e+00,3.670351631174784135e-01,3.539864050516782767e-01,0.000000000000000000e+00,3.702385059679383916e-01,3.976908934495850256e-01,3.512308709668763851e-01,4.094171003281404930e-01,3.706024224708742154e-01,3.782117142947341026e-01,4.028624176434588144e-01,4.123332972256799067e-01,4.198825743896195117e-01,3.891335089925752055e-01,4.076130936186249110e-01,3.793088985459349138e-01,4.661427129846301143e-01,4.008368672481371076e-01,3.960577651156346746e-01,4.504752474288888919e-01,0.000000000000000000e+00,0.000000000000000000e+00,4.307060539722443182e-01,4.529430579213564734e-01,4.242466875371943003e-01,4.232326311246334960e-01,4.554214124801089225e-01,0.000000000000000000e+00,0.000000000000000000e+00,0.000000000000000000e+00,4.155171112961004165e-01,4.384685305766896080e-01,0.000000000000000000e+00,0.000000000000000000e+00,0.000000000000000000e+00,0.000000000000000000e+00,0.000000000000000000e+00,0.000000000000000000e+00,0.000000000000000000e+00,4.308200203104365911e-01,0.000000000000000000e+00,4.497310475253413764e-01,0.000000000000000000e+00,0.000000000000000000e+00,4.418689286596896859e-01,4.379994018831386837e-01,4.342783119229758904e-01,4.311309170181744088e-01,0.000000000000000000e+00,4.418615525058853799e-01,4.426973580718012169e-01,4.255061508566939099e-01,4.770119008726638743e-01,4.279180007816589248e-01,4.337641602338143110e-01,4.445126044867783732e-01,4.619870557434834768e-01,4.715452599446192106e-01,4.377632376771258271e-01,0.000000000000000000e+00,4.173944735781032200e-01
3.855075794305715120e-01,0.000000000000000000e+00,0.000000000000000000e+00,0.000000000000000000e+00,4.274388546733121075e-01,0.000000000000000000e+00,4.175677213503470875e-01,0.000000000000000000e+00,4.402066338411976254e-01,3.297130349231103819e-01,0.000000000000000000e+00,3.754458028797876268e-01,4.186221788183696058e-01,0.000000000000000000e+00,0.000000000000000000e+00,3.670351631174784135e-01,0.000000000000000000e+00,3.287152935501339024e-01,0.000000000000000000e+00,3.988421678854423003e-01,4.505533599209946005e-01,3.845987461661035112e-01,4.390339972761860277e-01,3.558563436518182854e-01,3.061647534708509810e-01,3.604153110059972187e-01,0.000000000000000000e+00,4.198485999954502113e-01,0.000000000000000000e+00,0.000000000000000000e+00,3.662317278714583013e-01,4.680516212818430777e-01,3.444932664664926980e-01,3.761143519332160734e-01,4.339963159553490990e-01,4.172225668927116993e-01,0.000000000000000000e+00,3.481386866513879741e-01,4.689805259723354158e-01,4.491670716710012834e-01,4.470159513507948046e-01,4.499768805130324179e-01,0.000000000000000000e+00,0.000000000000000000e+00,0.000000000000000000e+00,3.784902860829673088e-01,0.000000000000000000e+00,0.000000000000000000e+00,0.000000000000000000e+00,0.000000000000000000e+00,0.000000000000000000e+00,0.000000000000000000e+00,0.000000000000000000e+00,0.000000000000000000e+00,4.774480258183458892e-01,0.000000000000000000e+00,4.829374550255123855e-01,0.000000000000000000e+00,0.000000000000000000e+00,0.000000000000000000e+00,4.379585680331579134e-01,4.550414497869457175e-01,4.426998639635080224e-01,0.000000000000000000e+00,0.000000000000000000e+00,0.000000000000000000e+00,0.000000000000000000e+00,0.000000000000000000e+00,4.057959833114150872e-01,4.389437730446513197e-01,4.552956897901219158e-01,0.000000000000000000e+00,4.622825147841200244e-01,0.000000000000000000e+00,0.000000000000000000e+00,4.619962746105157891e-01
3.865391649445726885e-01,4.086322502136641166e-01,4.466741986482340998e-01,0.000000000000000000e+00,0.000000000000000000e+00,4.287943016987044165e-01,4.375559576727132138e-01,4.594102987876128030e-01,0.000000000000000000e+00,3.430591477285996893e-01,0.000000000000000000e+00,3.635786616255792802e-01,4.354303798736103848e-01,0.000000000000000000e+00,4.136393038343180728e-01,3.539864050516782767e-01,3.287152935501339024e-01,0.000000000000000000e+00,0.000000000000000000e+00,4.168400230064561174e-01,4.250732366189364786e-01,3.965930882462507800e-01,4.152385513912312254e-01,3.599122240596405731e-01,3.459527089315562187e-01,3.793908899080509767e-01,4.085231580260805795e-01,4.296675049475138786e-01,4.152754018846759876e-01,0.000000000000000000e+00,3.917010372564034837e-01,4.653582752701272973e-01,3.649460311846868810e-01,4.005764299928228911e-01,4.562963978962419898e-01,4.354550668368523114e-01,0.000000000000000000e+00,3.395146869111790866e-01,4.620910727369156867e-01,4.383763326103625735e-01,4.468192553947827883e-01,4.643685026152492012e-01,0.000000000000000000e+00,0.000000000000000000e+00,4.352696438432542836e-01,4.092406366437180143e-01,4.434709243356680930e-01,0.000000000000000000e+00,0.000000000000000000e+00,0.000000000000000000e+00,0.000000000000000000e+00,0.000000000000000000e+00,0.000000000000000000e+00,0.000000000000000000e+00,4.671426943637581042e-01,0.000000000000000000e+00,4.742963724948303095e-01,0.000000000000000000e+00,0.000000000000000000e+00,4.371528174226061991e-01,4.434353929432698904e-01,4.530893064322232822e-01,4.476662499318440069e-01,0.000000000000000000e+00,4.337879338236063087e-01,0.000000000000000000e+00,4.321781686705866155e-01,0.000000000000000000e+00,4.196071784758393930e-01,4.417898116610610160e-01,4.520089627801910925e-01,0.000000000000000000e+00,0.000000000000000000e+00,4.348685740495741858e-01,0.000000000000000000e+00,4.416989889703389904e-01
0.000000000000000000e+00,0.000000000000000000e+00,2.882217006451336938e-01,3.978745906124129816e-01,3.309314773941577914e-01,3.596243760300202874e-01,4.089117255351812918e-01,4.270986809606021062e-01,2.511020462367111183e-01,4.237577509865464997e-01,2.518310322469087259e-01,4.310906304333461114e-01,4.104587489248622822e-01,3.630371539228566258e-01,0.000000000000000000e+00,0.000000000000000000e+00,0.000000000000000000e+00,0.000000000000000000e+00,0.000000000000000000e+00,0.000000000000000000e+00,4.328033328056334894e-01,4.254979341493612122e-01,3.322175620350468761e-01,0.000000000000000000e+00,0.000000000000000000e+00,0.000000000000000000e+00,3.280879735571934908e-01,4.174130011291918851e-01,3.982076336360687030e-01,4.254177076938230884e-01,4.277840379258818770e-01,4.063115876424129858e-01,0.000000000000000000e+00,4.271818095888215150e-01,4.255631170878548808e-01,3.701841753119087808e-01,4.017452387844955841e-01,4.232956268806198907e-01,4.927595971397500940e-01,0.000000000000000000e+00,5.065785526680882667e-01,0.000000000000000000e+00,4.715775107351751205e-01,0.000000000000000000e+00,0.000000000000000000e+00,0.000000000000000000e+00,0.000000000000000000e+00,4.049848011097267886e-01,0.000000000000000000e+00,5.307425715938000055e-01,5.387593821979123065e-01,5.239818686197833530e-01,5.356566483246678612e-01,5.551680830159007041e-01,0.000000000000000000e+00,3.942527064463989817e-01,0.000000000000000000e+00,5.105425803146856900e-01,4.929038604705830995e-01,0.000000000000000000e+00,0.000000000000000000e+00,0.000000000000000000e+00,0.000000000000000000e+00,5.382175485404402382e-01,4.386505929089251077e-01,0.000000000000000000e+00,0.000000000000000000e+00,5.494219235419733893e-01,0.000000000000000000e+00,0.000000000000000000e+00,0.000000000000000000e+00,5.405963694149389376e-01,5.043143658027232634e-01,4.743877490907368877e-01,0.000000000000000000e+00,5.067563707637511294e-01
4.251760969665737133e-01,4.182484221982339934e-01,4.052820021333375933e-01,0.000000000000000000e+00,4.049984636186890197e-01,3.910557107994879211e-01,4.324866902802976809e-01,3.838655287858422915e-01,3.997634999698250757e-01,4.227280921258714796e-01,0.000000000000000000e+00,4.396026017214466064e-01,4.175948336255697058e-01,0.000000000000000000e+00,3.210007382259452147e-01,3.702385059679383916e-01,3.988421678854423003e-01,4.168400230064561174e-01,0.000000000000000000e+00,0.000000000000000000e+00,4.074394942581814894e-01,3.790406510129333828e-01,3.317810541796287205e-01,4.234246351341900971e-01,4.083144935559606115e-01,4.205971158598210136e-01,3.353265138118026734e-01,3.788551370589994804e-01,3.114256047881033829e-01,3.680470803353432241e-01,3.935595520421150129e-01,4.506970532703831189e-01,3.711377576976024883e-01,4.284845764238484067e-01,4.702511730360339204e-01,4.997920294395005736e-01,4.594320901072750929e-01,4.375502083698742939e-01,4.528922303027299034e-01,4.036987050191837012e-01,4.423170812553028908e-01,4.490810693537917175e-01,3.674369501810531013e-01,0.000000000000000000e+00,0.000000000000000000e+00,4.199951743478114174e-01,4.182244604568132185e-01,4.453979436455675067e-01,0.000000000000000000e+00,0.000000000000000000e+00,4.401290096312283073e-01,4.384395962896746046e-01,4.706301240310269973e-01,4.244462200337312252e-01,0.000000000000000000e+00,3.709737916076318864e-01,0.000000000000000000e+00,4.473304218047781111e-01,0.000000000000000000e+00,4.405410785221610115e-01,4.208136291846221178e-01,0.000000000000000000e+00,3.978019580309939962e-01,4.362526297591569069e-01,4.470171545153734938e-01,4.434511113487241141e-01,4.343239281255714124e-01,4.693655479008986275e-01,0.000000000000000000e+00,4.051541820953558082e-01,4.307255143707833800e-01,4.630883106896225843e-01,4.641219001670189859e-01,4.518266254835164863e-01,4.656060904693277158e-01,4.497987903999868808e-01
3.755210265062252084e-01,4.015050388521412827e-01,4.075798489741014885e-01,0.000000000000000000e+00,4.158823922054257771e-01,3.944933199469943808e-01,4.375955380507849934e-01,3.894950532154132228e-01,3.996089478278874174e-01,4.680676070350404117e-01,4.088620301541255886e-01,4.688013177695948830e-01,4.264576700415175226e-01,4.356119930744171143e-01,3.799138688919497797e-01,3.976908934495850256e-01,4.505533599209946005e-01,4.250732366189364786e-01,4.328033328056334894e-01,4.074394942581814894e-01,0.000000000000000000e+00,4.247511466457635221e-01,3.728301341731996010e-01,4.511084089834919153e-01,4.088332759010919193e-01,4.092094585250667937e-01,4.027264598317358835e-01,4.249343417203382267e-01,3.944326001340163756e-01,4.556787357613468203e-01,4.165420182733491905e-01,4.469327554564834215e-01,3.541444403037957156e-01,4.171627273633894961e-01,4.567783155090003877e-01,4.294468184395269783e-01,0.000000000000000000e+00,5.154429436643979123e-01,4.501043078078689197e-01,4.114334324235416895e-01,4.358257571215842785e-01,4.688864734203014861e-01,0.000000000000000000e+00,0.000000000000000000e+00,0.000000000000000000e+00,4.350974930096118132e-01,4.376062496000234781e-01,0.000000000000000000e+00,0.000000000000000000e+00,0.000000000000000000e+00,4.208240075862202945e-01,0.000000000000000000e+00,4.470636414818994764e-01,0.000000000000000000e+00,0.000000000000000000e+00,0.000000000000000000e+00,5.121209081375244221e-01,4.544630914807435973e-01,0.000000000000000000e+00,4.414322355161893197e-01,4.284163368526455740e-01,0.000000000000000000e+00,4.422973313712699750e-01,0.000000000000000000e+00,4.378928676652341090e-01,4.275133215362285077e-01,4.361782125180270198e-01,4.435317682002012929e-01,0.000000000000000000e+00,4.199038945870707251e-01,4.598084286021908995e-01,4.553322084881218923e-01,4.441117167521668185e-01,4.227984297320037110e-01,0.000000000000000000e+00,4.341828671513897064e-01
