0.000000000000000000e+00,4.043958624598898988e-01,0.000000000000000000e+00,0.000000000000000000e+00,0.000000000000000000e+00,4.599823118012761891e-01,4.790821488424050201e-01,5.102620162746387411e-01,4.203642347957026182e-01,3.890879268975543925e-01,4.706187682358273228e-01,3.741812337864017235e-01,4.781786121832624081e-01,4.935442086597224276e-01,3.826764639418360203e-01,4.055871688305011102e-01,3.901161226378683233e-01,3.849136896969498900e-01,0.000000000000000000e+00,4.612356580088535218e-01,4.174539514386749195e-01,4.014198902982089034e-01,4.778883385781044213e-01,3.345748539391659171e-01,3.796410245721694166e-01,3.703053906128890849e-01,4.611625624556586756e-01,4.742638578927639847e-01,4.688170405535687091e-01,0.000000000000000000e+00,3.738373474226145965e-01,4.387191912451222087e-01,3.320350844282142777e-01,3.782130218076292238e-01,3.677815461024703803e-01,0.000000000000000000e+00,0.000000000000000000e+00,4.032649515580498112e-01,4.388745064262323248e-01,4.540371318267005241e-01,4.068563562327179861e-01,4.490183297644613769e-01,0.000000000000000000e+00,0.000000000000000000e+00,0.000000000000000000e+00,2.811053140199198941e-01,4.469337366470205186e-01,0.000000000000000000e+00,0.000000000000000000e+00,0.000000000000000000e+00,0.000000000000000000e+00,0.000000000000000000e+00,4.303168122970834064e-01,0.000000000000000000e+00,0.000000000000000000e+00,0.000000000000000000e+00,5.003797119962215545e-01,0.000000000000000000e+00,0.000000000000000000e+00,4.404136948178885014e-01,4.509900830327959187e-01,0.000000000000000000e+00,4.480681426756021879e-01,0.000000000000000000e+00,0.000000000000000000e+00,3.715925693699426158e-01,4.543474864713448191e-01,4.153422585205989170e-01,3.707105417908769796e-01,4.470743424477671146e-01,4.403245057930436079e-01,0.000000000000000000e+00,0.000000000000000000e+00,0.000000000000000000e+00,0.000000000000000000e+00,4.253838085525529222e-01
4.043958624598898988e-01,0.000000000000000000e+00,3.607224595261251943e-01,0.000000000000000000e+00,3.482645557816608783e-01,3.669026484560243273e-01,3.802178107556796194e-01,4.106384119633170182e-01,3.523810826070147839e-01,0.000000000000000000e+00,0.000000000000000000e+00,3.765429741623401161e-01,3.758769179656238912e-01,0.000000000000000000e+00,4.174663137682985137e-01,3.947698528561798259e-01,4.040632334349658072e-01,3.949527628591207873e-01,0.000000000000000000e+00,3.945071036962092270e-01,4.064206684855237173e-01,4.019445182910045822e-01,4.077866846585552207e-01,3.825982829476036740e-01,3.622740265854356156e-01,3.826160921147184202e-01,3.876820423964962847e-01,3.949934467514851777e-01,3.608560307019488267e-01,0.000000000000000000e+00,3.783187670134622871e-01,4.328279078588737061e-01,3.404836632680131037e-01,3.854805246922053952e-01,4.192256732405768016e-01,0.000000000000000000e+00,0.000000000000000000e+00,0.000000000000000000e+00,4.637214815513214239e-01,4.527396679326893270e-01,4.339573863060803838e-01,4.562750196243696155e-01,0.000000000000000000e+00,0.000000000000000000e+00,0.000000000000000000e+00,4.400998971195381748e-01,4.681612007943680154e-01,0.000000000000000000e+00,0.000000000000000000e+00,0.000000000000000000e+00,4.239321184214476790e-01,4.265783557974516804e-01,0.000000000000000000e+00,0.000000000000000000e+00,0.000000000000000000e+00,0.000000000000000000e+00,0.000000000000000000e+00,4.379285876726687898e-01,0.000000000000000000e+00,4.937579025267290200e-01,4.641808427078247812e-01,0.000000000000000000e+00,4.557872999210544895e-01,0.000000000000000000e+00,4.407178417108201240e-01,4.621136528852121117e-01,4.637776025797382129e-01,4.541494814562498927e-01,4.426942801555884266e-01,4.586316162332010893e-01,4.771512859166496812e-01,4.493918521047560732e-01,4.306641444610191938e-01,4.289363279197104251e-01,0.000000000000000000e+00,4.344884388509051010e-01
0.000000000000000000e+00,3.607224595261251943e-01,0.000000000000000000e+00,0.000000000000000000e+00,3.262715899972994937e-01,3.111413066338710176e-01,3.709779643768860158e-01,3.170831395282058263e-01,2.548745538496228757e-01,4.255249861022635804e-01,2.695861869022727064e-01,3.892736567354294075e-01,3.762787195427647058e-01,3.087421164001187823e-01,0.000000000000000000e+00,0.000000000000000000e+00,4.327861139977157157e-01,0.000000000000000000e+00,2.287071354228732978e-01,0.000000000000000000e+00,0.000000000000000000e+00,3.795177841394760110e-01,2.498100122970141057e-01,0.000000000000000000e+00,3.934340425884871872e-01,4.070150978832515198e-01,2.655199941728679236e-01,3.930357352620537092e-01,3.671693650262297104e-01,0.000000000000000000e+00,3.954278086680885762e-01,3.681787098976874173e-01,3.730797284037530859e-01,3.906559579191525855e-01,3.734230687434236251e-01,3.361901629909951894e-01,3.724161706159858087e-01,3.556094229279160857e-01,4.725771116422805007e-01,0.000000000000000000e+00,4.959847250640656013e-01,0.000000000000000000e+00,4.396319868279847110e-01,0.000000000000000000e+00,0.000000000000000000e+00,0.000000000000000000e+00,0.000000000000000000e+00,4.785844682967894115e-01,0.000000000000000000e+00,4.555798945318628168e-01,5.182228829017516691e-01,5.038763254491649413e-01,4.586314461500036188e-01,4.803213504112646137e-01,0.000000000000000000e+00,4.467480262176252159e-01,0.000000000000000000e+00,4.954676985850192117e-01,4.385048796763316159e-01,0.000000000000000000e+00,0.000000000000000000e+00,0.000000000000000000e+00,0.000000000000000000e+00,4.729081611233436067e-01,4.554283004606232144e-01,0.000000000000000000e+00,0.000000000000000000e+00,4.910327612543844977e-01,0.000000000000000000e+00,0.000000000000000000e+00,0.000000000000000000e+00,4.892692112994659892e-01,4.948291278195668941e-01,4.725952836647271949e-01,0.000000000000000000e+00,4.887087371531145807e-01
0.000000000000000000e+00,0.000000000000000000e+00,0.000000000000000000e+00,0.000000000000000000e+00,2.688634450334668746e-01,3.599578908055910964e-01,2.642541232193951761e-01,3.526607644709823242e-01,3.652268425373900174e-01,0.000000000000000000e+00,3.152330598156393160e-01,0.000000000000000000e+00,3.007937436529157793e-01,3.141740868449203750e-01,0.000000000000000000e+00,0.000000000000000000e+00,0.000000000000000000e+00,0.000000000000000000e+00,0.000000000000000000e+00,0.000000000000000000e+00,0.000000000000000000e+00,0.000000000000000000e+00,0.000000000000000000e+00,0.000000000000000000e+00,0.000000000000000000e+00,0.000000000000000000e+00,0.000000000000000000e+00,2.387683962666483084e-01,0.000000000000000000e+00,0.000000000000000000e+00,2.866469687958465018e-01,2.598207690771647815e-01,0.000000000000000000e+00,0.000000000000000000e+00,0.000000000000000000e+00,2.400230369098317884e-01,1.761378777530422934e-01,0.000000000000000000e+00,0.000000000000000000e+00,0.000000000000000000e+00,0.000000000000000000e+00,0.000000000000000000e+00,0.000000000000000000e+00,0.000000000000000000e+00,0.000000000000000000e+00,0.000000000000000000e+00,0.000000000000000000e+00,0.000000000000000000e+00,0.000000000000000000e+00,0.000000000000000000e+00,0.000000000000000000e+00,0.000000000000000000e+00,0.000000000000000000e+00,0.000000000000000000e+00,0.000000000000000000e+00,0.000000000000000000e+00,0.000000000000000000e+00,0.000000000000000000e+00,0.000000000000000000e+00,0.000000000000000000e+00,0.000000000000000000e+00,0.000000000000000000e+00,0.000000000000000000e+00,0.000000000000000000e+00,0.000000000000000000e+00,0.000000000000000000e+00,0.000000000000000000e+00,0.000000000000000000e+00,0.000000000000000000e+00,0.000000000000000000e+00,0.000000000000000000e+00,0.000000000000000000e+00,0.000000000000000000e+00,0.000000000000000000e+00,0.000000000000000000e+00,0.000000000000000000e+00
0.000000000000000000e+00,3.482645557816608783e-01,3.262715899972994937e-01,2.688634450334668746e-01,0.000000000000000000e+00,3.418576224211550829e-01,3.383470647679512888e-01,3.499602096620331726e-01,3.213838499629679823e-01,4.439912564157336150e-01,3.146341493080577201e-01,4.100495823365810089e-01,3.557817658769105162e-01,2.862888696937934130e-01,0.000000000000000000e+00,4.466173276104751788e-01,4.687402093301584194e-01,0.000000000000000000e+00,3.346325889666134090e-01,4.051010571333594767e-01,4.083446818203125273e-01,3.883087365232075205e-01,3.726822038090641942e-01,0.000000000000000000e+00,4.422303262227800791e-01,4.199275863647193852e-01,3.343121830985519849e-01,3.350213717349054821e-01,3.888545473816584219e-01,0.000000000000000000e+00,4.174284358644856918e-01,4.045178455063616063e-01,3.854303573399980865e-01,4.122610945179229214e-01,3.816615673851964097e-01,2.860493318105845062e-01,2.593972104176892057e-01,3.767580887552374747e-01,4.789570899971944962e-01,0.000000000000000000e+00,5.017882046689362552e-01,0.000000000000000000e+00,4.849680901580880055e-01,0.000000000000000000e+00,0.000000000000000000e+00,0.000000000000000000e+00,0.000000000000000000e+00,4.870439167201697228e-01,0.000000000000000000e+00,4.717035064011514955e-01,5.319654400025065621e-01,5.251670272466879563e-01,4.902028253799836088e-01,5.178122852524347230e-01,0.000000000000000000e+00,4.680677359089829848e-01,3.443250954151154120e-01,4.984048831936940260e-01,4.641540157661199206e-01,0.000000000000000000e+00,0.000000000000000000e+00,0.000000000000000000e+00,0.000000000000000000e+00,4.750942596833507836e-01,4.716343025151116253e-01,0.000000000000000000e+00,0.000000000000000000e+00,5.040834679908312577e-01,0.000000000000000000e+00,0.000000000000000000e+00,0.000000000000000000e+00,5.036623744224976162e-01,4.996137441119378186e-01,4.963245335066078234e-01,0.000000000000000000e+00,4.948471861857813847e-01
4.599823118012761891e-01,3.669026484560243273e-01,3.111413066338710176e-01,3.599578908055910964e-01,3.418576224211550829e-01,0.000000000000000000e+00,3.839801943510908755e-01,3.869448782130853193e-01,3.076564967554661911e-01,4.406904460258774248e-01,3.172557568140498274e-01,4.079124080485163062e-01,3.733351583601444146e-01,3.629157732064992037e-01,4.047872066449110240e-01,3.938266310878386078e-01,4.387091902568813762e-01,4.041107540583375179e-01,3.010246961006695088e-01,3.820339047536845944e-01,4.178085045100254913e-01,4.004197691163902117e-01,3.752038028758271082e-01,4.999371425422008963e-01,3.695910064532597072e-01,4.157826211939679162e-01,3.304251222443466141e-01,3.812128027749822068e-01,3.459326316309789262e-01,3.901069345352358164e-01,3.974130746815174864e-01,3.933544885163595128e-01,3.606585696317616274e-01,3.982884138941398811e-01,3.963239873607067865e-01,3.946524287906972850e-01,3.965824471260198103e-01,3.813195532023117007e-01,4.975095040548538905e-01,0.000000000000000000e+00,5.044640930848325322e-01,5.058219063563429430e-01,4.901686213525627833e-01,0.000000000000000000e+00,0.000000000000000000e+00,0.000000000000000000e+00,4.215307865055412107e-01,5.091040765646739352e-01,0.000000000000000000e+00,5.186132430898376944e-01,5.217557341797988135e-01,5.255499762412669806e-01,4.783096919390750767e-01,5.290577409249413998e-01,0.000000000000000000e+00,4.901255629015294213e-01,0.000000000000000000e+00,5.144590623852164368e-01,4.842576527707271872e-01,4.545808521890581932e-01,4.284117533599898775e-01,0.000000000000000000e+00,0.000000000000000000e+00,4.921142690864437896e-01,4.736862200665036826e-01,4.404250224173719142e-01,4.472858010606782786e-01,5.332932405303223433e-01,0.000000000000000000e+00,0.000000000000000000e+00,4.458407493198178195e-01,5.127986450591772716e-01,5.187099106206035648e-01,5.050822425155978568e-01,5.304389856675674197e-01,5.087115455020176924e-01
4.790821488424050201e-01,3.802178107556796194e-01,3.709779643768860158e-01,2.642541232193951761e-01,3.383470647679512888e-01,3.839801943510908755e-01,0.000000000000000000e+00,4.158580858726296792e-01,3.584785852264714134e-01,4.416528392880694764e-01,3.993413634655411104e-01,4.121595312593133165e-01,3.394612199931941188e-01,3.190073135908513824e-01,4.082850523557881028e-01,4.422640525835713765e-01,4.550641088072153173e-01,4.426103997507918053e-01,4.083206663345685938e-01,4.195921153913739210e-01,4.328188368943641784e-01,4.284609270680913018e-01,3.996897518594693111e-01,4.427512928913109880e-01,4.108954216888592859e-01,4.151012326617123938e-01,3.868107233564785918e-01,3.633573375275155892e-01,4.202713470891406011e-01,3.985624459440810785e-01,4.065779732661014001e-01,4.172530448075839060e-01,3.768617787166482769e-01,4.070382008399333063e-01,3.801354796788349866e-01,3.506426790904729751e-01,3.675798324926449756e-01,3.748816527965729839e-01,4.980303053989462159e-01,0.000000000000000000e+00,5.040021264771175069e-01,5.083788155143014187e-01,4.768542257981828736e-01,0.000000000000000000e+00,0.000000000000000000e+00,0.000000000000000000e+00,4.362807669641747266e-01,5.038166089242573920e-01,0.000000000000000000e+00,5.009014005414754722e-01,5.273012963525625096e-01,5.270325917062963494e-01,4.872300298483224212e-01,5.148736712208369370e-01,0.000000000000000000e+00,4.788502265910494771e-01,0.000000000000000000e+00,5.152667695245494173e-01,4.726446207820803047e-01,4.699554423610922127e-01,0.000000000000000000e+00,0.000000000000000000e+00,0.000000000000000000e+00,5.008305662160662530e-01,4.709941235581115992e-01,4.279691139496071273e-01,4.519490963085677215e-01,5.289416622658482670e-01,0.000000000000000000e+00,0.000000000000000000e+00,4.349964637266874878e-01,5.144138071099058074e-01,5.179731560272073931e-01,5.059202435366333406e-01,0.000000000000000000e+00,5.101566149384257898e-01
5.102620162746387411e-01,4.106384119633170182e-01,3.170831395282058263e-01,3.526607644709823242e-01,3.499602096620331726e-01,3.869448782130853193e-01,4.158580858726296792e-01,0.000000000000000000e+00,3.683227099692639173e-01,4.364866887762903214e-01,2.859093839062020748e-01,4.775081965516149163e-01,4.191198100001238269e-01,3.211750477553230176e-01,4.203320197488429888e-01,4.609659928227369807e-01,4.649435043710883897e-01,5.080717796925238172e-01,3.094151355763031241e-01,4.244211050593231782e-01,3.909664307213450152e-01,4.074282782083634147e-01,3.348585391945191891e-01,5.215247793735097170e-01,4.769799004495439143e-01,5.025455235160835032e-01,3.843624705049509815e-01,4.278484023288359195e-01,3.950727560075851796e-01,4.180861789318887078e-01,4.195073051569658262e-01,3.993390546872869207e-01,4.155139647321696161e-01,4.119080713669883154e-01,4.001006589295558746e-01,2.945035662216722860e-01,4.070704340524901044e-01,3.789211173633527108e-01,4.738141618627105811e-01,0.000000000000000000e+00,4.770489358142721015e-01,4.940055655822507275e-01,4.452211780402745012e-01,0.000000000000000000e+00,0.000000000000000000e+00,0.000000000000000000e+00,4.610837094188275920e-01,4.733456803126306900e-01,0.000000000000000000e+00,4.677487877416866002e-01,4.838301511655067055e-01,4.911587242560597755e-01,4.038784190431546905e-01,4.874719343367776014e-01,0.000000000000000000e+00,4.413055908638509051e-01,0.000000000000000000e+00,4.745311230871090968e-01,4.214446284377367791e-01,4.817526593211717834e-01,0.000000000000000000e+00,0.000000000000000000e+00,0.000000000000000000e+00,4.678790961088509781e-01,4.910988316589993130e-01,4.836262086361799994e-01,4.411194481524394195e-01,4.972468041711847198e-01,0.000000000000000000e+00,0.000000000000000000e+00,5.046845783956149800e-01,4.884519841401763762e-01,5.000179145784302559e-01,4.726232017970981025e-01,5.019275575374879672e-01,4.911459964331985062e-01
4.203642347957026182e-01,3.523810826070147839e-01,2.548745538496228757e-01,3.652268425373900174e-01,3.213838499629679823e-01,3.076564967554661911e-01,3.584785852264714134e-01,3.683227099692639173e-01,0.000000000000000000e+00,4.402796679354222253e-01,2.967539348127665177e-01,4.140329245293786209e-01,3.499353293289336198e-01,3.490556954943248025e-01,3.804837666335095236e-01,3.825740094158326943e-01,4.360838690602901191e-01,4.346765372936144955e-01,2.578749844792829204e-01,3.762017206466252150e-01,3.963560899723926889e-01,3.812957417911344016e-01,3.565480743881332959e-01,0.000000000000000000e+00,4.227456085625748150e-01,4.024392605643459242e-01,2.982412570995786050e-01,3.848534519608933224e-01,3.675284710415385181e-01,3.853865893499108797e-01,4.107443009579135884e-01,3.857181976438350257e-01,3.804689341454550733e-01,4.040385968478671930e-01,3.853959845771622872e-01,3.671134660689274742e-01,3.880337511356740099e-01,3.848111928447097152e-01,4.876153331941954217e-01,0.000000000000000000e+00,5.003512192199647268e-01,0.000000000000000000e+00,4.650066161505134743e-01,0.000000000000000000e+00,0.000000000000000000e+00,0.000000000000000000e+00,0.000000000000000000e+00,4.913228315029672943e-01,0.000000000000000000e+00,4.744956504655211127e-01,5.164527266395891880e-01,5.205028766718272637e-01,4.662254635173309070e-01,5.024742562486318453e-01,0.000000000000000000e+00,4.652742500645736246e-01,0.000000000000000000e+00,5.029972705261821497e-01,4.328338732210257889e-01,4.337993661392869904e-01,0.000000000000000000e+00,0.000000000000000000e+00,0.000000000000000000e+00,4.863031178513301800e-01,4.548620319679703150e-01,0.000000000000000000e+00,4.291137116726377876e-01,5.118190069765273797e-01,0.000000000000000000e+00,0.000000000000000000e+00,0.000000000000000000e+00,5.095784055616442432e-01,5.102995419043326875e-01,4.862598796569839732e-01,0.000000000000000000e+00,4.928383694212806754e-01
3.890879268975543925e-01,0.000000000000000000e+00,4.255249861022635804e-01,0.000000000000000000e+00,4.439912564157336150e-01,4.406904460258774248e-01,4.416528392880694764e-01,4.364866887762903214e-01,4.402796679354222253e-01,0.000000000000000000e+00,4.402093927603633050e-01,3.047255781916244910e-01,4.403629477406356130e-01,3.996959929091192243e-01,0.000000000000000000e+00,3.827328465742124153e-01,3.487293996122580730e-01,3.606573000146747199e-01,4.421958993159891271e-01,4.122832144210701877e-01,4.729423371001826859e-01,4.002155968964096200e-01,4.298081934152221950e-01,3.529921817711467735e-01,3.151372945118787183e-01,2.943644066885758859e-01,4.206785253623082088e-01,4.316894699744283082e-01,4.391115637252521187e-01,0.000000000000000000e+00,3.499252046716790909e-01,3.840798552418835943e-01,3.069959726872427130e-01,3.497474849565542221e-01,3.112397563256852906e-01,3.994376892227681775e-01,3.421244626254156818e-01,3.187307011968764092e-01,3.662434782533556255e-01,4.989721790308658256e-01,4.382740065763677806e-01,4.397678139107997763e-01,0.000000000000000000e+00,0.000000000000000000e+00,4.849693654988365132e-01,4.432841966302273895e-01,0.000000000000000000e+00,0.000000000000000000e+00,0.000000000000000000e+00,0.000000000000000000e+00,5.073955517135382287e-01,0.000000000000000000e+00,0.000000000000000000e+00,0.000000000000000000e+00,4.872913553029684097e-01,0.000000000000000000e+00,4.871639171770891785e-01,4.590501475823773880e-01,0.000000000000000000e+00,0.000000000000000000e+00,4.548449271853962084e-01,4.752406765727072990e-01,4.700462348526349143e-01,0.000000000000000000e+00,0.000000000000000000e+00,0.000000000000000000e+00,0.000000000000000000e+00,5.188190737002901232e-01,4.487635039846196161e-01,4.654447034405320149e-01,4.667724679105144103e-01,5.123378845248988123e-01,4.716497292342199943e-01,0.000000000000000000e+00,0.000000000000000000e+00,4.649340011798925865e-01
4.706187682358273228e-01,0.000000000000000000e+00,2.695861869022727064e-01,3.152330598156393160e-01,3.146341493080577201e-01,3.172557568140498274e-01,3.993413634655411104e-01,2.859093839062020748e-01,2.967539348127665177e-01,4.402093927603633050e-01,0.000000000000000000e+00,4.170730097334908182e-01,4.111570006960215129e-01,2.776516811579117783e-01,0.000000000000000000e+00,0.000000000000000000e+00,4.437187482370815172e-01,4.472694329518330791e-01,2.603904109833399816e-01,0.000000000000000000e+00,3.842379130549917199e-01,0.000000000000000000e+00,2.693437486599830066e-01,0.000000000000000000e+00,4.343979135802025771e-01,4.568204587428619790e-01,2.971456996556812169e-01,4.058296011658475977e-01,0.000000000000000000e+00,0.000000000000000000e+00,4.310140405983038936e-01,3.902189638818355788e-01,3.908444208635419859e-01,4.145119062111964903e-01,3.843065255716012762e-01,2.602099791463390877e-01,3.581741466812121133e-01,3.846617605036009024e-01,4.390942460406874193e-01,0.000000000000000000e+00,4.774337924267256783e-01,0.000000000000000000e+00,4.126743660949641068e-01,0.000000000000000000e+00,0.000000000000000000e+00,0.000000000000000000e+00,0.000000000000000000e+00,4.531058604799841905e-01,0.000000000000000000e+00,4.291999693430730844e-01,4.976453205848881955e-01,4.962876608402095879e-01,4.281528306186566102e-01,4.719913182094990223e-01,0.000000000000000000e+00,4.321849584042561920e-01,0.000000000000000000e+00,4.823289644851799784e-01,4.311199228272327155e-01,0.000000000000000000e+00,0.000000000000000000e+00,0.000000000000000000e+00,0.000000000000000000e+00,4.518654659421482145e-01,0.000000000000000000e+00,0.000000000000000000e+00,0.000000000000000000e+00,4.672333683980219865e-01,0.000000000000000000e+00,0.000000000000000000e+00,0.000000000000000000e+00,4.668821559242565256e-01,4.714571727326096751e-01,4.399772074117129783e-01,0.000000000000000000e+00,0.000000000000000000e+00
3.741812337864017235e-01,3.765429741623401161e-01,3.892736567354294075e-01,0.000000000000000000e+00,4.100495823365810089e-01,4.079124080485163062e-01,4.121595312593133165e-01,4.775081965516149163e-01,4.140329245293786209e-01,3.047255781916244910e-01,4.170730097334908182e-01,0.000000000000000000e+00,4.161401385218477245e-01,0.000000000000000000e+00,0.000000000000000000e+00,3.807158928099099171e-01,3.753254115675466185e-01,3.722584763469989899e-01,4.163981487268479942e-01,0.000000000000000000e+00,4.376196909103274857e-01,3.562249085705299079e-01,4.482926555295904114e-01,2.971383276444812260e-01,3.161975116835631927e-01,2.737462638010200733e-01,4.000103986977254777e-01,4.034443346093404270e-01,0.000000000000000000e+00,0.000000000000000000e+00,3.798700330067856790e-01,2.729376638131045252e-01,3.146347512336504781e-01,3.136386285727094103e-01,2.705214411198191837e-01,2.913969812308878082e-01,2.924564229355450240e-01,3.150543300618462994e-01,3.108818734821213181e-01,5.053155028921331171e-01,4.249906287276229988e-01,4.373414175439038210e-01,0.000000000000000000e+00,0.000000000000000000e+00,4.594999326887069246e-01,4.130034205893853838e-01,4.159508150048609187e-01,0.000000000000000000e+00,0.000000000000000000e+00,0.000000000000000000e+00,0.000000000000000000e+00,0.000000000000000000e+00,0.000000000000000000e+00,0.000000000000000000e+00,4.904099829607541094e-01,0.000000000000000000e+00,4.908301103739057258e-01,4.637956032684344976e-01,0.000000000000000000e+00,0.000000000000000000e+00,4.513240185535185023e-01,4.724501585148553895e-01,4.625478154712470147e-01,0.000000000000000000e+00,0.000000000000000000e+00,0.000000000000000000e+00,0.000000000000000000e+00,0.000000000000000000e+00,4.354600904335073075e-01,4.620900304583813178e-01,4.598830383403803013e-01,0.000000000000000000e+00,4.714233591980280247e-01,0.000000000000000000e+00,0.000000000000000000e+00,4.663832008763764136e-01
4.781786121832624081e-01,3.758769179656238912e-01,3.762787195427647058e-01,3.007937436529157793e-01,3.557817658769105162e-01,3.733351583601444146e-01,3.394612199931941188e-01,4.191198100001238269e-01,3.499353293289336198e-01,4.403629477406356130e-01,4.111570006960215129e-01,4.161401385218477245e-01,0.000000000000000000e+00,3.427537997515441859e-01,4.115008194568807731e-01,4.393771495946627859e-01,4.464097188576572894e-01,4.400484357238940158e-01,4.098094981117755831e-01,4.146384393771239130e-01,4.328217475961410043e-01,4.256650779206960777e-01,4.031522561511547975e-01,4.126156531663783267e-01,4.142437987789320264e-01,4.156097854766880872e-01,3.928729863634223829e-01,3.664043319991858727e-01,4.096751237013477875e-01,3.991091021119382853e-01,4.120938249915275797e-01,4.199739048204845782e-01,3.786125026905077240e-01,4.072156478606054897e-01,3.817069927156471754e-01,3.734324269548132125e-01,3.804737325322113950e-01,3.739167752227521846e-01,4.892031512670194093e-01,3.790457601065008730e-01,5.053827717941345998e-01,4.976532981205544770e-01,4.772630586388110774e-01,0.000000000000000000e+00,0.000000000000000000e+00,0.000000000000000000e+00,4.213288389448007210e-01,5.095152338415929183e-01,0.000000000000000000e+00,4.928470410149697889e-01,5.268063853536912866e-01,5.291618740812881194e-01,4.861125965654257142e-01,5.191486038977599637e-01,0.000000000000000000e+00,4.750169732919221066e-01,0.000000000000000000e+00,5.160353090039613289e-01,4.877327674580766992e-01,4.633363136397268267e-01,4.268059600699424805e-01,0.000000000000000000e+00,0.000000000000000000e+00,5.102808381500307799e-01,4.810290942072342757e-01,4.444115156020513879e-01,4.513847742671521779e-01,5.269317936283334225e-01,0.000000000000000000e+00,4.568643703259004929e-01,4.495390763365634812e-01,5.155614840710237567e-01,5.173964625125210270e-01,4.963308352217017938e-01,5.213139953236688440e-01,5.061559493930226639e-01
4.935442086597224276e-01,0.000000000000000000e+00,3.087421164001187823e-01,3.141740868449203750e-01,2.862888696937934130e-01,3.629157732064992037e-01,3.190073135908513824e-01,3.211750477553230176e-01,3.490556954943248025e-01,3.996959929091192243e-01,2.776516811579117783e-01,0.000000000000000000e+00,3.427537997515441859e-01,0.000000000000000000e+00,4.913289844989777166e-01,0.000000000000000000e+00,0.000000000000000000e+00,0.000000000000000000e+00,2.979374614224610807e-01,0.000000000000000000e+00,0.000000000000000000e+00,0.000000000000000000e+00,3.095585968434306223e-01,0.000000000000000000e+00,0.000000000000000000e+00,4.860217927073872124e-01,3.417319912986920838e-01,3.056516938335283040e-01,4.280833010802744809e-01,0.000000000000000000e+00,3.922569160743842875e-01,2.695789480793118753e-01,4.682742953300476074e-01,3.931398539513262791e-01,4.083398956031826788e-01,2.300599268519818996e-01,1.694741066125796114e-01,0.000000000000000000e+00,4.044644165640243205e-01,0.000000000000000000e+00,0.000000000000000000e+00,3.755827546119689941e-01,4.441397435224637147e-01,0.000000000000000000e+00,0.000000000000000000e+00,0.000000000000000000e+00,0.000000000000000000e+00,4.671161073464156210e-01,0.000000000000000000e+00,4.020361304283142090e-01,4.985353730522282811e-01,5.021110251793773349e-01,4.364653240507522791e-01,4.954837989721476155e-01,0.000000000000000000e+00,4.312366119591198865e-01,3.363236486911774237e-01,4.705819192772160986e-01,4.497531535395539737e-01,0.000000000000000000e+00,0.000000000000000000e+00,0.000000000000000000e+00,0.000000000000000000e+00,4.489577338523644268e-01,0.000000000000000000e+00,0.000000000000000000e+00,0.000000000000000000e+00,4.851730234497553251e-01,0.000000000000000000e+00,0.000000000000000000e+00,0.000000000000000000e+00,4.714675245491298239e-01,4.799168585402061038e-01,4.505344946230919190e-01,0.000000000000000000e+00,0.000000000000000000e+00
3.826764639418360203e-01,4.174663137682985137e-01,0.000000000000000000e+00,0.000000000000000000e+00,0.000000000000000000e+00,4.047872066449110240e-01,4.082850523557881028e-01,4.203320197488429888e-01,3.804837666335095236e-01,0.000000000000000000e+00,0.000000000000000000e+00,0.000000000000000000e+00,4.115008194568807731e-01,4.913289844989777166e-01,0.000000000000000000e+00,4.301885040981662245e-01,4.214889390105038824e-01,4.126155262567298143e-01,0.000000000000000000e+00,3.368485880126240173e-01,3.824535580830883963e-01,3.712910482405705204e-01,3.814990823067769821e-01,4.336747087957775748e-01,4.049324149064115197e-01,4.000706322388201119e-01,3.969380143830972263e-01,4.144945563084888041e-01,3.849208360513505234e-01,0.000000000000000000e+00,4.052267585032904851e-01,4.299776869202822094e-01,3.787596240927337821e-01,4.314551235303482057e-01,4.567486416087749856e-01,4.820391322245221044e-01,0.000000000000000000e+00,4.082831218268332951e-01,4.792170358170668165e-01,4.917374133090953170e-01,4.795067801166381094e-01,4.997775918543442830e-01,4.787587169900636153e-01,0.000000000000000000e+00,4.065921618526248116e-01,0.000000000000000000e+00,4.896460941364286779e-01,0.000000000000000000e+00,0.000000000000000000e+00,0.000000000000000000e+00,4.485589832889613771e-01,4.499904681972419773e-01,4.698817471080454777e-01,4.324724969234287064e-01,4.122475683689116877e-01,0.000000000000000000e+00,4.213991250180824100e-01,4.578797770622611840e-01,0.000000000000000000e+00,5.124107583819638156e-01,4.817489772696694761e-01,0.000000000000000000e+00,4.651320742906102090e-01,0.000000000000000000e+00,4.621301245935555135e-01,4.859083653464416064e-01,5.049155404724251506e-01,4.757295571764477149e-01,4.177442823348833101e-01,4.577000293115401908e-01,5.300270235504725980e-01,4.792499888118926243e-01,4.792623765296126215e-01,4.649444414882348275e-01,4.819006479687816813e-01,4.655599499429691757e-01
4.055871688305011102e-01,3.947698528561798259e-01,0.000000000000000000e+00,0.000000000000000000e+00,4.466173276104751788e-01,3.938266310878386078e-01,4.422640525835713765e-01,4.609659928227369807e-01,3.825740094158326943e-01,3.827328465742124153e-01,0.000000000000000000e+00,3.807158928099099171e-01,4.393771495946627859e-01,0.000000000000000000e+00,4.301885040981662245e-01,0.000000000000000000e+00,3.980789879657977148e-01,3.621461133485647244e-01,0.000000000000000000e+00,4.133680367260124111e-01,4.202616548077708902e-01,3.971234939102242789e-01,4.284782274693896276e-01,3.851342024480838844e-01,3.696771786775271962e-01,4.282343349157864965e-01,4.121604318474417772e-01,4.419869785466514212e-01,4.332213292301828056e-01,4.287962424089485913e-01,3.776240459775602742e-01,4.550660896473404105e-01,3.807190076773848131e-01,4.008732407627493832e-01,4.139479093075503213e-01,4.729408299057235032e-01,5.270587205886840820e-01,0.000000000000000000e+00,4.715244434393863759e-01,4.610314263551740233e-01,4.465877321058142058e-01,4.639318837198678769e-01,0.000000000000000000e+00,0.000000000000000000e+00,0.000000000000000000e+00,4.439441945656759092e-01,4.735264784234711755e-01,0.000000000000000000e+00,0.000000000000000000e+00,0.000000000000000000e+00,4.505984706403426965e-01,0.000000000000000000e+00,0.000000000000000000e+00,0.000000000000000000e+00,0.000000000000000000e+00,0.000000000000000000e+00,0.000000000000000000e+00,4.410478365751904772e-01,0.000000000000000000e+00,4.827382714861845892e-01,4.722146181607220217e-01,0.000000000000000000e+00,4.663311690631730122e-01,0.000000000000000000e+00,4.548359049356897055e-01,4.673680499233890950e-01,4.636146227378895035e-01,4.690357826861877855e-01,4.636561861671903984e-01,4.692594263960728207e-01,4.770165634587105186e-01,4.737908951467466045e-01,4.557811179658645129e-01,4.501604000776894821e-01,0.000000000000000000e+00,4.478132776643338753e-01
3.901161226378683233e-01,4.040632334349658072e-01,4.327861139977157157e-01,0.000000000000000000e+00,4.687402093301584194e-01,4.387091902568813762e-01,4.550641088072153173e-01,4.649435043710883897e-01,4.360838690602901191e-01,3.487293996122580730e-01,4.437187482370815172e-01,3.753254115675466185e-01,4.464097188576572894e-01,0.000000000000000000e+00,4.214889390105038824e-01,3.980789879657977148e-01,0.000000000000000000e+00,3.293960826339518144e-01,4.489255844614413737e-01,0.000000000000000000e+00,4.892903904614374078e-01,4.012422312398548074e-01,4.351139441200819191e-01,3.868499114311538811e-01,3.421346306187250108e-01,3.713914065171746159e-01,4.093037938809727105e-01,4.512854150086981209e-01,0.000000000000000000e+00,0.000000000000000000e+00,3.773156617049083783e-01,4.619576135701675135e-01,3.580544713514917099e-01,4.058197691091461889e-01,3.798412642208960910e-01,0.000000000000000000e+00,4.206993877887725830e-01,3.489628655755876996e-01,5.049521238007279589e-01,5.306138661327692851e-01,4.762792277080412084e-01,4.813509123075557228e-01,0.000000000000000000e+00,0.000000000000000000e+00,0.000000000000000000e+00,4.212374263391636120e-01,0.000000000000000000e+00,0.000000000000000000e+00,0.000000000000000000e+00,0.000000000000000000e+00,0.000000000000000000e+00,0.000000000000000000e+00,0.000000000000000000e+00,0.000000000000000000e+00,5.058509746851240774e-01,0.000000000000000000e+00,4.965747973667158921e-01,0.000000000000000000e+00,0.000000000000000000e+00,0.000000000000000000e+00,0.000000000000000000e+00,4.882562282900251849e-01,4.970355389599290796e-01,0.000000000000000000e+00,0.000000000000000000e+00,0.000000000000000000e+00,0.000000000000000000e+00,0.000000000000000000e+00,4.604563203440658059e-01,4.958871468531784177e-01,4.974488828779213834e-01,0.000000000000000000e+00,0.000000000000000000e+00,0.000000000000000000e+00,0.000000000000000000e+00,4.864290754807599759e-01
3.849136896969498900e-01,3.949527628591207873e-01,0.000000000000000000e+00,0.000000000000000000e+00,0.000000000000000000e+00,4.041107540583375179e-01,4.426103997507918053e-01,5.080717796925238172e-01,4.346765372936144955e-01,3.606573000146747199e-01,4.472694329518330791e-01,3.722584763469989899e-01,4.400484357238940158e-01,0.000000000000000000e+00,4.126155262567298143e-01,3.621461133485647244e-01,3.293960826339518144e-01,0.000000000000000000e+00,4.516793978471616011e-01,4.178856248084986125e-01,4.442719948173161071e-01,3.990559431032920101e-01,4.449876301309539928e-01,3.713560370981813241e-01,3.427328140968005088e-01,3.823441987675122999e-01,4.091234581101039214e-01,4.359709503166203093e-01,4.287602115540372072e-01,4.275927859138238252e-01,3.732114977219248009e-01,4.463075538476322102e-01,3.551218835957034026e-01,3.955245997432806915e-01,3.886326456002232033e-01,4.508363382193655844e-01,0.000000000000000000e+00,3.482428558397140939e-01,4.842568657464648152e-01,5.030945618623074989e-01,4.619834520402195110e-01,4.680753053053526846e-01,0.000000000000000000e+00,0.000000000000000000e+00,0.000000000000000000e+00,4.318032015221374142e-01,4.639011316116433137e-01,0.000000000000000000e+00,0.000000000000000000e+00,0.000000000000000000e+00,0.000000000000000000e+00,0.000000000000000000e+00,0.000000000000000000e+00,0.000000000000000000e+00,4.919401821965359023e-01,0.000000000000000000e+00,4.789774039662100802e-01,4.515057084356441930e-01,0.000000000000000000e+00,4.751357041414642213e-01,4.655698591252953045e-01,4.978798643479965258e-01,4.753789465652799029e-01,0.000000000000000000e+00,0.000000000000000000e+00,4.169339788826558202e-01,4.489469092394239857e-01,0.000000000000000000e+00,4.492797667485359248e-01,4.741817888733486086e-01,4.791009626040275138e-01,0.000000000000000000e+00,0.000000000000000000e+00,4.508204742405725884e-01,0.000000000000000000e+00,4.640922180633038074e-01
0.000000000000000000e+00,0.000000000000000000e+00,2.287071354228732978e-01,0.000000000000000000e+00,3.346325889666134090e-01,3.010246961006695088e-01,4.083206663345685938e-01,3.094151355763031241e-01,2.578749844792829204e-01,4.421958993159891271e-01,2.603904109833399816e-01,4.163981487268479942e-01,4.098094981117755831e-01,2.979374614224610807e-01,0.000000000000000000e+00,0.000000000000000000e+00,4.489255844614413737e-01,4.516793978471616011e-01,0.000000000000000000e+00,0.000000000000000000e+00,0.000000000000000000e+00,3.835727756478817807e-01,2.377874156542240935e-01,0.000000000000000000e+00,4.268417770870712169e-01,4.308424775207697066e-01,2.720718627412492263e-01,4.140876197806341863e-01,3.707815901870468167e-01,0.000000000000000000e+00,4.262791420633452177e-01,3.918719295377023903e-01,3.905310176438410164e-01,4.159208890614713994e-01,3.913863228451551213e-01,3.393146212223843161e-01,3.966086257958363892e-01,3.875354931374161982e-01,4.532083000240509918e-01,0.000000000000000000e+00,5.002490290245181770e-01,0.000000000000000000e+00,4.388295975089012146e-01,0.000000000000000000e+00,0.000000000000000000e+00,0.000000000000000000e+00,0.000000000000000000e+00,4.691692537292406207e-01,0.000000000000000000e+00,4.523218929499758234e-01,5.113288751379202468e-01,5.024998918937741976e-01,4.535140597541731933e-01,4.858271867778081732e-01,0.000000000000000000e+00,4.532559986341703762e-01,0.000000000000000000e+00,4.905124029267692864e-01,4.372059606649735253e-01,0.000000000000000000e+00,0.000000000000000000e+00,0.000000000000000000e+00,0.000000000000000000e+00,4.619125908290386273e-01,4.420544489830918744e-01,0.000000000000000000e+00,0.000000000000000000e+00,4.903861466909563149e-01,0.000000000000000000e+00,0.000000000000000000e+00,0.000000000000000000e+00,4.842735182848048048e-01,4.865493267047432124e-01,4.783063446528618146e-01,0.000000000000000000e+00,5.038744001906788617e-01
4.612356580088535218e-01,3.945071036962092270e-01,0.000000000000000000e+00,0.000000000000000000e+00,4.051010571333594767e-01,3.820339047536845944e-01,4.195921153913739210e-01,4.244211050593231782e-01,3.762017206466252150e-01,4.122832144210701877e-01,0.000000000000000000e+00,0.000000000000000000e+00,4.146384393771239130e-01,0.000000000000000000e+00,3.368485880126240173e-01,4.133680367260124111e-01,0.000000000000000000e+00,4.178856248084986125e-01,0.000000000000000000e+00,0.000000000000000000e+00,4.143117186985745271e-01,3.972738544589948240e-01,3.065727218165245072e-01,4.459245756423648732e-01,3.952607196467530781e-01,4.375716273648008192e-01,3.524783475762883755e-01,4.137001192397392058e-01,3.652200718886142727e-01,3.828428780874332249e-01,3.809177593866217015e-01,4.208163237180185812e-01,3.415663179223731860e-01,4.170971455480879109e-01,4.470351838083996832e-01,4.960567374988518186e-01,4.367482682182444176e-01,4.007214084078430938e-01,4.646478981479786885e-01,4.125909154605508222e-01,4.695424148870220860e-01,4.656236854935005276e-01,4.313490291774538798e-01,0.000000000000000000e+00,4.078469456577514252e-01,0.000000000000000000e+00,4.438711222413834201e-01,4.818661832282870039e-01,0.000000000000000000e+00,0.000000000000000000e+00,4.986089914631753883e-01,4.873548107415295871e-01,4.789492093470996137e-01,4.881555074231516134e-01,0.000000000000000000e+00,0.000000000000000000e+00,4.099296259233459749e-01,4.938773752176937037e-01,0.000000000000000000e+00,4.645793928589447841e-01,4.557917324383577995e-01,0.000000000000000000e+00,4.467094283998305215e-01,0.000000000000000000e+00,4.670152581988742946e-01,4.441980343164840250e-01,4.615743223409841112e-01,4.982654694760130232e-01,4.106008410453795832e-01,4.370780364411688268e-01,4.709464061795621825e-01,4.969250884733658058e-01,5.095752381811357035e-01,4.883306233128293927e-01,4.953336282754801090e-01,4.770873248599075134e-01
4.174539514386749195e-01,4.064206684855237173e-01,0.000000000000000000e+00,0.000000000000000000e+00,4.083446818203125273e-01,4.178085045100254913e-01,4.328188368943641784e-01,3.909664307213450152e-01,3.963560899723926889e-01,4.729423371001826859e-01,3.842379130549917199e-01,4.376196909103274857e-01,4.328217475961410043e-01,0.000000000000000000e+00,3.824535580830883963e-01,4.202616548077708902e-01,4.892903904614374078e-01,4.442719948173161071e-01,0.000000000000000000e+00,4.143117186985745271e-01,0.000000000000000000e+00,4.499663468266907884e-01,3.922026914085970928e-01,4.773052258873953790e-01,4.481076081193633986e-01,4.136591466614070178e-01,4.170308116824891220e-01,4.407337013516469115e-01,4.109418126148671191e-01,4.341975756613214998e-01,3.985299159016433834e-01,4.275038647261220071e-01,3.651039824472865902e-01,4.135232813978090838e-01,4.323039415167139188e-01,4.326341403792723916e-01,4.637929201126099188e-01,0.000000000000000000e+00,4.615110523765034167e-01,4.641322774401236972e-01,4.616685064290895202e-01,4.651605505920847761e-01,4.821422382136019147e-01,0.000000000000000000e+00,4.080774486064910889e-01,3.208566111503869944e-01,4.756678134468582120e-01,0.000000000000000000e+00,0.000000000000000000e+00,0.000000000000000000e+00,4.564836007838404819e-01,4.847332687291603937e-01,3.430501117331655192e-01,4.264549542959963913e-01,0.000000000000000000e+00,0.000000000000000000e+00,0.000000000000000000e+00,4.784152373534341085e-01,0.000000000000000000e+00,4.848232182463190210e-01,4.647275783288080109e-01,0.000000000000000000e+00,4.599425387391827269e-01,0.000000000000000000e+00,4.613075071889947143e-01,4.027052598104142178e-01,4.777322446858024985e-01,4.729871776889534862e-01,0.000000000000000000e+00,4.466708489316209008e-01,4.925890473843282935e-01,4.790086499755131788e-01,4.949850395268178826e-01,4.681792267770634175e-01,4.948853420413021897e-01,4.559795080168240755e-01
