0.000000000000000000e+00,4.258288958383100731e-01,0.000000000000000000e+00,0.000000000000000000e+00,0.000000000000000000e+00,4.725320002749208159e-01,0.000000000000000000e+00,5.168252747660992963e-01,0.000000000000000000e+00,4.050712462641495870e-01,0.000000000000000000e+00,3.909068145179321885e-01,4.889394183409667138e-01,0.000000000000000000e+00,3.801882441857536987e-01,4.346269393913946844e-01,0.000000000000000000e+00,4.070569413278400939e-01,0.000000000000000000e+00,4.642909009875844095e-01,4.656933139171163250e-01,4.556621612512926078e-01,4.792782429011698264e-01,3.628647269756373750e-01,3.951252030595350240e-01,3.805631022343851089e-01,4.819862651018427813e-01,4.984411929361862170e-01,4.887427478442162854e-01,5.014230981180398672e-01,3.985561959732604742e-01,4.529842304889459825e-01,3.750700913090294075e-01,3.958618355360674079e-01,4.419211110218860261e-01,0.000000000000000000e+00,0.000000000000000000e+00,3.944306969642639160e-01,4.644804448165629762e-01,4.801027722960858890e-01,4.430599341313085082e-01,0.000000000000000000e+00,0.000000000000000000e+00,0.000000000000000000e+00,0.000000000000000000e+00,3.785855616869799878e-01,4.913332858390997981e-01,0.000000000000000000e+00,0.000000000000000000e+00,0.000000000000000000e+00,0.000000000000000000e+00,0.000000000000000000e+00,0.000000000000000000e+00,0.000000000000000000e+00,0.000000000000000000e+00,0.000000000000000000e+00,0.000000000000000000e+00,4.587643430117734900e-01,0.000000000000000000e+00,4.876685925121395093e-01,4.749993102868607098e-01,4.294549624450650915e-01,4.575064611000578263e-01,0.000000000000000000e+00,0.000000000000000000e+00,4.320995905273173898e-01,4.788612802668604229e-01,0.000000000000000000e+00,3.273593161554902986e-01,4.776715660427630072e-01,4.803867087625295906e-01,0.000000000000000000e+00,0.000000000000000000e+00,0.000000000000000000e+00,0.000000000000000000e+00,0.000000000000000000e+00
4.258288958383100731e-01,0.000000000000000000e+00,4.135650387935467243e-01,0.000000000000000000e+00,0.000000000000000000e+00,4.309761119311039113e-01,4.613135283722081814e-01,4.537404529682260157e-01,4.279044602405174813e-01,4.108636482353031916e-01,0.000000000000000000e+00,4.058227697007916746e-01,4.673420181863324752e-01,0.000000000000000000e+00,4.579682236137910811e-01,4.368739152415078153e-01,4.192782136737094878e-01,4.196650552981642246e-01,0.000000000000000000e+00,4.532314598223328161e-01,4.432104439948957864e-01,4.406108407764706136e-01,4.510916217305149800e-01,0.000000000000000000e+00,3.788800255239315184e-01,4.125614176804006106e-01,4.460512939497113805e-01,4.648122083399314763e-01,4.395931914973899013e-01,4.423378471198284867e-01,4.219873971930981904e-01,4.781415653106966812e-01,4.043814293176121177e-01,4.280919731342124890e-01,5.188329000240815558e-01,4.048167214272919145e-01,0.000000000000000000e+00,0.000000000000000000e+00,4.824287885831948230e-01,4.568433108996097780e-01,4.752317565328635918e-01,5.058781385655097829e-01,0.000000000000000000e+00,0.000000000000000000e+00,0.000000000000000000e+00,4.954736965899987911e-01,4.858937933435985013e-01,0.000000000000000000e+00,0.000000000000000000e+00,0.000000000000000000e+00,4.738699610974972942e-01,4.750194002963071260e-01,5.159163239340583962e-01,0.000000000000000000e+00,0.000000000000000000e+00,0.000000000000000000e+00,0.000000000000000000e+00,4.825528930739573230e-01,0.000000000000000000e+00,5.227030442420947942e-01,4.806672528256857868e-01,4.341960361463618745e-01,4.635347006067768172e-01,0.000000000000000000e+00,4.952372194439422781e-01,5.175942900607950481e-01,4.913357819513683999e-01,5.096369047587026024e-01,0.000000000000000000e+00,4.783392798068120122e-01,5.206171128113349367e-01,5.024768823000764773e-01,4.956507508258449768e-01,4.842404736186133873e-01,0.000000000000000000e+00,4.726619128542469128e-01
0.000000000000000000e+00,4.135650387935467243e-01,0.000000000000000000e+00,4.662108613720181149e-01,4.162830730258501033e-01,3.930963940351577257e-01,4.602196472838743779e-01,4.913113589584284790e-01,3.236829886801684819e-01,4.896763475878702088e-01,3.495896528608731235e-01,0.000000000000000000e+00,4.829867442454116033e-01,4.631628890587766723e-01,0.000000000000000000e+00,0.000000000000000000e+00,0.000000000000000000e+00,4.683245262426988798e-01,2.734676951087843810e-01,4.148142820520668850e-01,0.000000000000000000e+00,4.291246720133580772e-01,3.679229808167860938e-01,0.000000000000000000e+00,4.467893402352980936e-01,0.000000000000000000e+00,3.314224310178857102e-01,4.864818352673762059e-01,4.142447284654149908e-01,0.000000000000000000e+00,4.918197379219825249e-01,4.633037003975590817e-01,0.000000000000000000e+00,4.925931641037610831e-01,0.000000000000000000e+00,4.606855055965697887e-01,4.794240891933441162e-01,4.870461089246543862e-01,5.477940504380894859e-01,0.000000000000000000e+00,5.635844042484702276e-01,0.000000000000000000e+00,5.396602705252618870e-01,0.000000000000000000e+00,0.000000000000000000e+00,0.000000000000000000e+00,0.000000000000000000e+00,4.040582661564321998e-01,0.000000000000000000e+00,5.871945622011731647e-01,5.809705934540511096e-01,5.851112589826631405e-01,5.607311294352602671e-01,5.622258158159322283e-01,5.435522486133599340e-01,4.607297534300681119e-01,0.000000000000000000e+00,5.703194999582676950e-01,5.607747364850692584e-01,0.000000000000000000e+00,0.000000000000000000e+00,0.000000000000000000e+00,0.000000000000000000e+00,3.378496136582789799e-01,0.000000000000000000e+00,0.000000000000000000e+00,0.000000000000000000e+00,5.144100578414748659e-01,0.000000000000000000e+00,0.000000000000000000e+00,0.000000000000000000e+00,5.387989339286920476e-01,5.458700261776513463e-01,0.000000000000000000e+00,0.000000000000000000e+00,5.733370760374160158e-01
0.000000000000000000e+00,0.000000000000000000e+00,4.662108613720181149e-01,0.000000000000000000e+00,3.172564381308157211e-01,4.548228867420049948e-01,2.883291313667563083e-01,4.178784051598936067e-01,4.383222047031883895e-01,0.000000000000000000e+00,4.229351275320122894e-01,0.000000000000000000e+00,3.860872673385801757e-01,3.628580877825681172e-01,0.000000000000000000e+00,0.000000000000000000e+00,0.000000000000000000e+00,0.000000000000000000e+00,4.439803844304759939e-01,0.000000000000000000e+00,0.000000000000000000e+00,0.000000000000000000e+00,4.615760845205434948e-01,0.000000000000000000e+00,0.000000000000000000e+00,0.000000000000000000e+00,0.000000000000000000e+00,3.071785600910851843e-01,0.000000000000000000e+00,0.000000000000000000e+00,3.354164643253967903e-01,3.924989382238625035e-01,0.000000000000000000e+00,3.932912211057001950e-01,0.000000000000000000e+00,2.477786445531227899e-01,1.823220998515422964e-01,0.000000000000000000e+00,4.153199044839033238e-01,0.000000000000000000e+00,4.144621193408966064e-01,0.000000000000000000e+00,0.000000000000000000e+00,0.000000000000000000e+00,0.000000000000000000e+00,0.000000000000000000e+00,0.000000000000000000e+00,0.000000000000000000e+00,0.000000000000000000e+00,0.000000000000000000e+00,0.000000000000000000e+00,0.000000000000000000e+00,0.000000000000000000e+00,0.000000000000000000e+00,0.000000000000000000e+00,0.000000000000000000e+00,0.000000000000000000e+00,0.000000000000000000e+00,0.000000000000000000e+00,0.000000000000000000e+00,0.000000000000000000e+00,0.000000000000000000e+00,0.000000000000000000e+00,0.000000000000000000e+00,0.000000000000000000e+00,0.000000000000000000e+00,0.000000000000000000e+00,0.000000000000000000e+00,0.000000000000000000e+00,0.000000000000000000e+00,0.000000000000000000e+00,0.000000000000000000e+00,0.000000000000000000e+00,0.000000000000000000e+00,0.000000000000000000e+00,0.000000000000000000e+00
0.000000000000000000e+00,0.000000000000000000e+00,4.162830730258501033e-01,3.172564381308157211e-01,0.000000000000000000e+00,3.980118742722313918e-01,3.565020004418528732e-01,4.221584399131825815e-01,3.614395272648053270e-01,4.857561004029324891e-01,3.492380727742125934e-01,4.598250090925629086e-01,4.382237336554761220e-01,3.450994463336414242e-01,0.000000000000000000e+00,0.000000000000000000e+00,0.000000000000000000e+00,0.000000000000000000e+00,4.063054575627668141e-01,0.000000000000000000e+00,0.000000000000000000e+00,4.480228148283122991e-01,4.216401504715585058e-01,0.000000000000000000e+00,0.000000000000000000e+00,4.714230297404579106e-01,4.151631242055736082e-01,4.344181310493556158e-01,4.357543673800048922e-01,0.000000000000000000e+00,4.895600691624327760e-01,4.442356457785144874e-01,4.597200496109318801e-01,4.765635936574553755e-01,4.468755471822725145e-01,3.199470865989875179e-01,2.135542875418091902e-01,4.510257195703110122e-01,4.538228142367417006e-01,4.433875083923339844e-01,5.096978723228170471e-01,0.000000000000000000e+00,4.515698422017310198e-01,0.000000000000000000e+00,0.000000000000000000e+00,0.000000000000000000e+00,0.000000000000000000e+00,5.640062542366547360e-01,0.000000000000000000e+00,5.286769381222988784e-01,5.545092445564563377e-01,5.499570181024622251e-01,5.123041922560213068e-01,5.585264088547109429e-01,0.000000000000000000e+00,5.067107672727269030e-01,0.000000000000000000e+00,5.301509028123475575e-01,4.719064642084345174e-01,0.000000000000000000e+00,0.000000000000000000e+00,0.000000000000000000e+00,0.000000000000000000e+00,5.393940168314951267e-01,0.000000000000000000e+00,0.000000000000000000e+00,0.000000000000000000e+00,5.512771651749004409e-01,0.000000000000000000e+00,0.000000000000000000e+00,0.000000000000000000e+00,5.409463358026638247e-01,5.373975528867893647e-01,5.047406866260242264e-01,0.000000000000000000e+00,5.380300988606190327e-01
4.725320002749208159e-01,4.309761119311039113e-01,3.930963940351577257e-01,4.548228867420049948e-01,3.980118742722313918e-01,0.000000000000000000e+00,4.319700385302879808e-01,4.151786328798355852e-01,3.633621894953600884e-01,4.849916548012825901e-01,4.279598419259534881e-01,4.532810066333081145e-01,4.138707997308058162e-01,4.192744735371037867e-01,0.000000000000000000e+00,4.549488988655037147e-01,4.796871000139820151e-01,4.408719563370089856e-01,4.209778297456456819e-01,4.321682745660925806e-01,4.270222322116539737e-01,4.480762071710652217e-01,3.851183848058207793e-01,0.000000000000000000e+00,4.193749498698189915e-01,4.428008012535845084e-01,3.862257371414268836e-01,4.162884437284202210e-01,3.359696449331762147e-01,4.628588096400145235e-01,4.727764733935040931e-01,4.407304230901981090e-01,4.240171833690085101e-01,4.703543691300721141e-01,4.734953972638413777e-01,4.693130149739166979e-01,4.536056195131820123e-01,4.626275067912061778e-01,5.086967320688007277e-01,4.352585762106470080e-01,5.420635001684034338e-01,5.346505289226621827e-01,5.092468404936010273e-01,0.000000000000000000e+00,0.000000000000000000e+00,0.000000000000000000e+00,4.649099989028179780e-01,5.767423701310070427e-01,0.000000000000000000e+00,5.648378154039900290e-01,5.436696230764080928e-01,5.599707512223993655e-01,5.082599185856984114e-01,5.739778590515801637e-01,5.226938647717191966e-01,5.605942154974132841e-01,0.000000000000000000e+00,5.383098189487337537e-01,5.150966820510849420e-01,5.018771422116490299e-01,0.000000000000000000e+00,0.000000000000000000e+00,0.000000000000000000e+00,5.773503930988539423e-01,5.131775200041879259e-01,5.294408697149753928e-01,4.920151364343628986e-01,5.378748386115919100e-01,0.000000000000000000e+00,0.000000000000000000e+00,4.817896298375315967e-01,5.345571082471918256e-01,5.356649152267243252e-01,5.215834035119240042e-01,5.313322666278842421e-01,5.345762094947213994e-01
0.000000000000000000e+00,4.613135283722081814e-01,4.602196472838743779e-01,2.883291313667563083e-01,3.565020004418528732e-01,4.319700385302879808e-01,0.000000000000000000e+00,4.667086639250920821e-01,4.116281564589783781e-01,4.484875636871020754e-01,4.550863481829844903e-01,4.248294346407209265e-01,3.692157209111764926e-01,4.085741228069290076e-01,0.000000000000000000e+00,4.865347924136487201e-01,4.463020498020339177e-01,4.606475675415869775e-01,4.732577133589450091e-01,4.595757357203621996e-01,4.681146807747004202e-01,4.841035545481364166e-01,4.503025163356336735e-01,4.183748066425322931e-01,4.528796503478358937e-01,4.493607609061489039e-01,4.465178646244417071e-01,3.855161944849875844e-01,4.667856330534821963e-01,0.000000000000000000e+00,4.273855833835092932e-01,4.502933551351949726e-01,4.170351831068179749e-01,4.274855956021342829e-01,4.139280744940355139e-01,3.931554991558581791e-01,3.467244892604742779e-01,4.330188283188597942e-01,4.876379465409126923e-01,4.009812864075010808e-01,4.958594235410844764e-01,4.717562129220975176e-01,4.820823854888994786e-01,0.000000000000000000e+00,0.000000000000000000e+00,0.000000000000000000e+00,0.000000000000000000e+00,5.699426698299445704e-01,0.000000000000000000e+00,5.517869778663342384e-01,5.545609561801131404e-01,5.656702912372104652e-01,5.244665814586498831e-01,5.689761236009642786e-01,0.000000000000000000e+00,5.180602018793394326e-01,0.000000000000000000e+00,5.502217299154790187e-01,4.835033184701157949e-01,0.000000000000000000e+00,0.000000000000000000e+00,0.000000000000000000e+00,0.000000000000000000e+00,5.585420713844294616e-01,4.847344440259643839e-01,0.000000000000000000e+00,0.000000000000000000e+00,5.525856109310055553e-01,0.000000000000000000e+00,0.000000000000000000e+00,4.905605747604505074e-01,5.467965373174578092e-01,5.483944601149226550e-01,5.251559823670158833e-01,5.432923029404472803e-01,5.497554975627281237e-01
5.168252747660992963e-01,4.537404529682260157e-01,4.913113589584284790e-01,4.178784051598936067e-01,4.221584399131825815e-01,4.151786328798355852e-01,4.667086639250920821e-01,0.000000000000000000e+00,4.820678974610306811e-01,4.818573472137472891e-01,3.768810391713394159e-01,4.995442843180447068e-01,4.853061397560601842e-01,3.982475017219663238e-01,4.511590400055632277e-01,4.831290385587755920e-01,0.000000000000000000e+00,4.849626976842675852e-01,4.517150695015664241e-01,4.381766027733962066e-01,4.137005656026996880e-01,4.628663422006253914e-01,3.785313119846893115e-01,5.161582175550836205e-01,5.007788534814959780e-01,5.013544861864093205e-01,4.447021687897326769e-01,4.743974932777144105e-01,4.289037909943232973e-01,4.617466964700310261e-01,4.693077186840955983e-01,4.192507559823870911e-01,4.399079860943514997e-01,4.809425479400536996e-01,4.930105663714666187e-01,3.719910550994188769e-01,2.668632445855154134e-01,0.000000000000000000e+00,4.878626871910978768e-01,5.194082403352505706e-01,5.229037087813926954e-01,5.533166801698751192e-01,4.684250448673000222e-01,0.000000000000000000e+00,0.000000000000000000e+00,0.000000000000000000e+00,5.065181123081419212e-01,5.566778773291854998e-01,0.000000000000000000e+00,5.357443377193451539e-01,5.127272635314049642e-01,5.343661156388026523e-01,4.442361696253793180e-01,5.542612719653237097e-01,4.880803917965754746e-01,5.120985969619950007e-01,0.000000000000000000e+00,5.158217442777948136e-01,0.000000000000000000e+00,5.048390753315460389e-01,0.000000000000000000e+00,0.000000000000000000e+00,0.000000000000000000e+00,5.438445210617040004e-01,5.373717062450800164e-01,5.376266617115776913e-01,0.000000000000000000e+00,5.129958379940358082e-01,0.000000000000000000e+00,0.000000000000000000e+00,5.214988160458690070e-01,5.206857107919974359e-01,5.243195285358864810e-01,5.246660035244722353e-01,5.088288998548962105e-01,5.228486821456098665e-01
0.000000000000000000e+00,4.279044602405174813e-01,3.236829886801684819e-01,4.383222047031883895e-01,3.614395272648053270e-01,3.633621894953600884e-01,4.116281564589783781e-01,4.820678974610306811e-01,0.000000000000000000e+00,4.952250151091786012e-01,2.911350310347466941e-01,4.726503638149390230e-01,4.601136772760627824e-01,4.421998826614847999e-01,0.000000000000000000e+00,4.660599649169069880e-01,4.825459252347980010e-01,4.882061944774770956e-01,3.110138698311100125e-01,4.275599436874479853e-01,0.000000000000000000e+00,4.462899869063616243e-01,4.230859006018085067e-01,0.000000000000000000e+00,4.590539434220722859e-01,0.000000000000000000e+00,3.560314409747987185e-01,4.993845297943194095e-01,4.317325082054390140e-01,5.170741752547108883e-01,4.995566842786985928e-01,4.720087411403015021e-01,4.596863538723450771e-01,4.936516313547057999e-01,4.818828370065746936e-01,4.669385706035417138e-01,4.554681544261072190e-01,4.770576176076735120e-01,5.259513957935841866e-01,5.137763242488643245e-01,5.421743052177503408e-01,5.378842399465845192e-01,5.124188884671043720e-01,0.000000000000000000e+00,0.000000000000000000e+00,0.000000000000000000e+00,0.000000000000000000e+00,5.909333312003385297e-01,0.000000000000000000e+00,5.767264160314552468e-01,5.713511447883793393e-01,5.767128204058018515e-01,5.481359183324090445e-01,5.858367369429348104e-01,5.460098868913885184e-01,5.549346125769784033e-01,0.000000000000000000e+00,5.595813343223340341e-01,5.297063727287086854e-01,0.000000000000000000e+00,0.000000000000000000e+00,0.000000000000000000e+00,0.000000000000000000e+00,5.765390839815073276e-01,0.000000000000000000e+00,0.000000000000000000e+00,0.000000000000000000e+00,5.722691338092141811e-01,0.000000000000000000e+00,0.000000000000000000e+00,4.474381443183600982e-01,5.639536487531747744e-01,5.557653792949096561e-01,5.081247459348450235e-01,5.642418966837235983e-01,5.622112940893171373e-01
4.050712462641495870e-01,4.108636482353031916e-01,4.896763475878702088e-01,0.000000000000000000e+00,4.857561004029324891e-01,4.849916548012825901e-01,4.484875636871020754e-01,4.818573472137472891e-01,4.952250151091786012e-01,0.000000000000000000e+00,4.918842162732894874e-01,2.799940683841128930e-01,4.549989590891809765e-01,4.705268123192928864e-01,0.000000000000000000e+00,4.010105619134110011e-01,3.362483418683732128e-01,3.664084871995397230e-01,4.973549774061299944e-01,4.274958096434688937e-01,0.000000000000000000e+00,4.263040705003128261e-01,4.762431875567165740e-01,3.178184760195614800e-01,3.135964491128240272e-01,3.100143340057124886e-01,4.599767194263809089e-01,4.303178814938229957e-01,3.778495538014718935e-01,0.000000000000000000e+00,3.715098111979254769e-01,3.679170641837611888e-01,3.401474716227484985e-01,3.417137332421937845e-01,3.454689969797758997e-01,3.989732807894756927e-01,3.101111488635143743e-01,3.099695271877478953e-01,3.284940334794758110e-01,4.462887683324400223e-01,3.821248547395462158e-01,0.000000000000000000e+00,0.000000000000000000e+00,0.000000000000000000e+00,3.993312288076347749e-01,4.446015708401193089e-01,4.199352071917131779e-01,0.000000000000000000e+00,0.000000000000000000e+00,0.000000000000000000e+00,0.000000000000000000e+00,3.894956765190880077e-01,0.000000000000000000e+00,0.000000000000000000e+00,4.642307024623786860e-01,0.000000000000000000e+00,4.864526584753611771e-01,0.000000000000000000e+00,0.000000000000000000e+00,0.000000000000000000e+00,4.731376995218742887e-01,5.116279029221219021e-01,4.989927964371059232e-01,0.000000000000000000e+00,0.000000000000000000e+00,0.000000000000000000e+00,4.397026018214891252e-01,5.365233046350535995e-01,4.198539195336327134e-01,4.941263467455677127e-01,4.883069632790097980e-01,5.269219772298975313e-01,3.014876276589523174e-01,0.000000000000000000e+00,0.000000000000000000e+00,4.799158868396644073e-01
0.000000000000000000e+00,0.000000000000000000e+00,3.495896528608731235e-01,4.229351275320122894e-01,3.492380727742125934e-01,4.279598419259534881e-01,4.550863481829844903e-01,3.768810391713394159e-01,2.911350310347466941e-01,4.918842162732894874e-01,0.000000000000000000e+00,4.759457234150296090e-01,4.954098706729058166e-01,3.486151444872069849e-01,0.000000000000000000e+00,0.000000000000000000e+00,4.835980612812659230e-01,4.852203571502011203e-01,3.192906591249207171e-01,0.000000000000000000e+00,0.000000000000000000e+00,0.000000000000000000e+00,3.786647564781063235e-01,0.000000000000000000e+00,4.771517018685826894e-01,4.819993096387659159e-01,3.890012038675552120e-01,4.921325555633374038e-01,0.000000000000000000e+00,0.000000000000000000e+00,5.035991031763989989e-01,4.517546231818760916e-01,4.869675977623411089e-01,4.930670297954556913e-01,4.583400787477592275e-01,3.881703883836176150e-01,3.748457309925272152e-01,4.676606685302466260e-01,4.634687167842336253e-01,0.000000000000000000e+00,5.110861714087933105e-01,0.000000000000000000e+00,4.672819029318808215e-01,0.000000000000000000e+00,0.000000000000000000e+00,0.000000000000000000e+00,0.000000000000000000e+00,5.696338600590407086e-01,0.000000000000000000e+00,4.744249943370739131e-01,5.505531576482376455e-01,5.298650178824296786e-01,4.999990859202346760e-01,5.397730655673570466e-01,4.869996030311071755e-01,2.846138763919219827e-01,0.000000000000000000e+00,5.137237125189484388e-01,4.848915525209109845e-01,0.000000000000000000e+00,0.000000000000000000e+00,0.000000000000000000e+00,0.000000000000000000e+00,3.297052630367119930e-01,0.000000000000000000e+00,0.000000000000000000e+00,0.000000000000000000e+00,5.618646952956996010e-01,0.000000000000000000e+00,0.000000000000000000e+00,0.000000000000000000e+00,5.564205796216599165e-01,5.076375847529818186e-01,0.000000000000000000e+00,0.000000000000000000e+00,5.153268789107513514e-01
3.909068145179321885e-01,4.058227697007916746e-01,0.000000000000000000e+00,0.000000000000000000e+00,4.598250090925629086e-01,4.532810066333081145e-01,4.248294346407209265e-01,4.995442843180447068e-01,4.726503638149390230e-01,2.799940683841128930e-01,4.759457234150296090e-01,0.000000000000000000e+00,4.418052537459010165e-01,0.000000000000000000e+00,0.000000000000000000e+00,4.036149883741951827e-01,3.750810526838477821e-01,3.803612120997634793e-01,5.046070549286838514e-01,3.929905444637393774e-01,4.690530556472601864e-01,4.330693770721373848e-01,4.688756783957723218e-01,2.890782984080338958e-01,3.342837983618284214e-01,3.113253524062956079e-01,4.364836222852965242e-01,4.156943464521052900e-01,0.000000000000000000e+00,0.000000000000000000e+00,3.816889611043489117e-01,2.887395899899541929e-01,3.227673518889840887e-01,2.854333234530760932e-01,3.458241429160264224e-01,2.852485025491712234e-01,2.480859037276748058e-01,2.539051310189652799e-01,2.965395240895583040e-01,4.646384196960486879e-01,3.604019862083964187e-01,0.000000000000000000e+00,3.671359419822692871e-01,0.000000000000000000e+00,3.866786863411975084e-01,4.246408162757611127e-01,4.423627014172288874e-01,0.000000000000000000e+00,0.000000000000000000e+00,0.000000000000000000e+00,0.000000000000000000e+00,3.898165288160647113e-01,0.000000000000000000e+00,0.000000000000000000e+00,4.805006361804047832e-01,0.000000000000000000e+00,4.910024293417287189e-01,4.389677499937014171e-01,0.000000000000000000e+00,0.000000000000000000e+00,4.769278236989138997e-01,5.231963473586322966e-01,5.053114821679952628e-01,0.000000000000000000e+00,0.000000000000000000e+00,0.000000000000000000e+00,4.474488358279654077e-01,0.000000000000000000e+00,4.145474833663748138e-01,4.964957026716774191e-01,4.891959370570533872e-01,0.000000000000000000e+00,2.672523251460630078e-01,0.000000000000000000e+00,0.000000000000000000e+00,5.010248462979610684e-01
4.889394183409667138e-01,4.673420181863324752e-01,4.829867442454116033e-01,3.860872673385801757e-01,4.382237336554761220e-01,4.138707997308058162e-01,3.692157209111764926e-01,4.853061397560601842e-01,4.601136772760627824e-01,4.549989590891809765e-01,4.954098706729058166e-01,4.418052537459010165e-01,0.000000000000000000e+00,4.449743627776828747e-01,4.691745457061858859e-01,4.945473281406517208e-01,4.478894432816630800e-01,4.648937452876780174e-01,5.069360823179684949e-01,4.656795646396612032e-01,4.757487695158076901e-01,4.945014907619891820e-01,4.632057315926658148e-01,4.325273556586866075e-01,4.569823911033086827e-01,4.536922681777741939e-01,4.629895001990507741e-01,3.953188559997847240e-01,4.526699999244658823e-01,4.676695341204145095e-01,4.506706592209597240e-01,4.581438077847694856e-01,4.284911733492949848e-01,4.402832120577603869e-01,4.205951817425154782e-01,4.562241116153952225e-01,4.361372410340281225e-01,4.303581881833589140e-01,4.896814835641269958e-01,4.304609263571125277e-01,4.953712625747230258e-01,4.668034389640419168e-01,5.153187294254354400e-01,0.000000000000000000e+00,4.114828484274318798e-01,0.000000000000000000e+00,4.745696730243538219e-01,5.724535271003642345e-01,0.000000000000000000e+00,5.534928581720709451e-01,5.590390026329143947e-01,5.691652423655724213e-01,5.336094041148855549e-01,5.738403230399392596e-01,0.000000000000000000e+00,5.359173931417091641e-01,0.000000000000000000e+00,5.523946282046362510e-01,0.000000000000000000e+00,5.162033233097882423e-01,0.000000000000000000e+00,0.000000000000000000e+00,0.000000000000000000e+00,5.533551230587109293e-01,5.264599523490861577e-01,5.281944392043510517e-01,5.197009447382838765e-01,5.559777075824900994e-01,0.000000000000000000e+00,0.000000000000000000e+00,4.934569216450224727e-01,5.509561840807739586e-01,5.396002253475438160e-01,5.412439629953538223e-01,5.539241564683540231e-01,5.503004505016469983e-01
0.000000000000000000e+00,0.000000000000000000e+00,4.631628890587766723e-01,3.628580877825681172e-01,3.450994463336414242e-01,4.192744735371037867e-01,4.085741228069290076e-01,3.982475017219663238e-01,4.421998826614847999e-01,4.705268123192928864e-01,3.486151444872069849e-01,0.000000000000000000e+00,4.449743627776828747e-01,0.000000000000000000e+00,0.000000000000000000e+00,0.000000000000000000e+00,0.000000000000000000e+00,0.000000000000000000e+00,4.265900955668764927e-01,0.000000000000000000e+00,0.000000000000000000e+00,0.000000000000000000e+00,4.143715911439029842e-01,0.000000000000000000e+00,0.000000000000000000e+00,0.000000000000000000e+00,4.624698654675252762e-01,4.043402022681014119e-01,0.000000000000000000e+00,0.000000000000000000e+00,4.748453992583214212e-01,3.755800842038320986e-01,0.000000000000000000e+00,4.626763604340368152e-01,4.356523557589436213e-01,3.053141335644204979e-01,2.176457286186480877e-01,0.000000000000000000e+00,4.270750225370680275e-01,0.000000000000000000e+00,0.000000000000000000e+00,0.000000000000000000e+00,4.401588301724482788e-01,0.000000000000000000e+00,0.000000000000000000e+00,0.000000000000000000e+00,0.000000000000000000e+00,5.584761585908522008e-01,0.000000000000000000e+00,4.900002867934560857e-01,5.174988247840294209e-01,0.000000000000000000e+00,4.943198098073807167e-01,5.486694352827722332e-01,0.000000000000000000e+00,4.802137272576725846e-01,0.000000000000000000e+00,0.000000000000000000e+00,4.848678577450379890e-01,0.000000000000000000e+00,0.000000000000000000e+00,0.000000000000000000e+00,0.000000000000000000e+00,5.189312468776321463e-01,0.000000000000000000e+00,0.000000000000000000e+00,0.000000000000000000e+00,5.250702737017357569e-01,0.000000000000000000e+00,0.000000000000000000e+00,0.000000000000000000e+00,5.798428061057853133e-01,0.000000000000000000e+00,0.000000000000000000e+00,0.000000000000000000e+00,0.000000000000000000e+00
3.801882441857536987e-01,4.579682236137910811e-01,0.000000000000000000e+00,0.000000000000000000e+00,0.000000000000000000e+00,0.000000000000000000e+00,0.000000000000000000e+00,4.511590400055632277e-01,0.000000000000000000e+00,0.000000000000000000e+00,0.000000000000000000e+00,0.000000000000000000e+00,4.691745457061858859e-01,0.000000000000000000e+00,0.000000000000000000e+00,4.712426059525284261e-01,0.000000000000000000e+00,4.414184982164284232e-01,0.000000000000000000e+00,3.608133326272344732e-01,4.016443464351069914e-01,4.132891834711763801e-01,3.950186782988758250e-01,4.582026014560349747e-01,4.272326736625540744e-01,4.177866967323272118e-01,4.010629485201259170e-01,4.476165921393345237e-01,4.355286645886112251e-01,0.000000000000000000e+00,4.550499020561917241e-01,4.765433523631155133e-01,4.544984320002409262e-01,4.776010292636669874e-01,5.439855405238586128e-01,5.260463182577483909e-01,0.000000000000000000e+00,0.000000000000000000e+00,5.107678542527671617e-01,4.892848782021840259e-01,5.262229782259724153e-01,5.434106315588251856e-01,0.000000000000000000e+00,0.000000000000000000e+00,0.000000000000000000e+00,0.000000000000000000e+00,5.222746441268197870e-01,0.000000000000000000e+00,0.000000000000000000e+00,0.000000000000000000e+00,5.057464686231905038e-01,0.000000000000000000e+00,5.221950035055283879e-01,0.000000000000000000e+00,0.000000000000000000e+00,0.000000000000000000e+00,0.000000000000000000e+00,5.172398858910765007e-01,0.000000000000000000e+00,5.344785797577698006e-01,4.954965667935151141e-01,0.000000000000000000e+00,0.000000000000000000e+00,0.000000000000000000e+00,5.153817605547508229e-01,5.194397439658091642e-01,5.410510986289953639e-01,5.275116057035581507e-01,0.000000000000000000e+00,4.761733598596412098e-01,5.561180165833381484e-01,5.285776734833791402e-01,5.132425572026289018e-01,5.066425281802448000e-01,5.235214916646790950e-01,5.084540915740348721e-01
4.346269393913946844e-01,4.368739152415078153e-01,0.000000000000000000e+00,0.000000000000000000e+00,0.000000000000000000e+00,4.549488988655037147e-01,4.865347924136487201e-01,4.831290385587755920e-01,4.660599649169069880e-01,4.010105619134110011e-01,0.000000000000000000e+00,4.036149883741951827e-01,4.945473281406517208e-01,0.000000000000000000e+00,4.712426059525284261e-01,0.000000000000000000e+00,3.988540490877607869e-01,3.559745891722957967e-01,0.000000000000000000e+00,4.535981649419997819e-01,4.651455078860499137e-01,4.094142114743239969e-01,4.750588040550869917e-01,4.135359928813446828e-01,4.120340302452251136e-01,4.577514274873645816e-01,4.645128631706518796e-01,4.891236132673880133e-01,4.665480246604368220e-01,4.828095429702288777e-01,4.101640428008158090e-01,4.726580837074860209e-01,4.238416496793617760e-01,4.270697597377025034e-01,5.097306670335540746e-01,0.000000000000000000e+00,0.000000000000000000e+00,0.000000000000000000e+00,4.809397986294587923e-01,4.669991093895938805e-01,4.715826713451840013e-01,0.000000000000000000e+00,0.000000000000000000e+00,0.000000000000000000e+00,0.000000000000000000e+00,4.940884190383221242e-01,4.950482480377603745e-01,0.000000000000000000e+00,0.000000000000000000e+00,0.000000000000000000e+00,0.000000000000000000e+00,0.000000000000000000e+00,0.000000000000000000e+00,0.000000000000000000e+00,0.000000000000000000e+00,0.000000000000000000e+00,0.000000000000000000e+00,0.000000000000000000e+00,0.000000000000000000e+00,5.125709448452423489e-01,4.789652413428799882e-01,0.000000000000000000e+00,4.758378369452692103e-01,0.000000000000000000e+00,5.115380032002515565e-01,5.515605173152066110e-01,4.970058894553732176e-01,5.330009952204157742e-01,0.000000000000000000e+00,4.884127454455852169e-01,5.093096415109023001e-01,5.234705338921328277e-01,5.306027066230772915e-01,5.020562580335161673e-01,0.000000000000000000e+00,4.703684263702189172e-01
0.000000000000000000e+00,4.192782136737094878e-01,0.000000000000000000e+00,0.000000000000000000e+00,0.000000000000000000e+00,4.796871000139820151e-01,4.463020498020339177e-01,0.000000000000000000e+00,4.825459252347980010e-01,3.362483418683732128e-01,4.835980612812659230e-01,3.750810526838477821e-01,4.478894432816630800e-01,0.000000000000000000e+00,0.000000000000000000e+00,3.988540490877607869e-01,0.000000000000000000e+00,3.434646166262267930e-01,0.000000000000000000e+00,4.132677525571705202e-01,0.000000000000000000e+00,4.211594091637138049e-01,0.000000000000000000e+00,3.940881959364436193e-01,3.196090713776629788e-01,3.861839942296427242e-01,4.856827725087959902e-01,4.275333272079169800e-01,0.000000000000000000e+00,0.000000000000000000e+00,3.684107280099321868e-01,4.181380871374665853e-01,3.554774119780030883e-01,3.600755606488976190e-01,3.686461239987063876e-01,4.596566925574970264e-01,0.000000000000000000e+00,3.433602311901756132e-01,4.370142896045742797e-01,4.573869708771168829e-01,4.664118313356236945e-01,0.000000000000000000e+00,0.000000000000000000e+00,0.000000000000000000e+00,0.000000000000000000e+00,0.000000000000000000e+00,4.387483515301411896e-01,0.000000000000000000e+00,0.000000000000000000e+00,0.000000000000000000e+00,0.000000000000000000e+00,0.000000000000000000e+00,0.000000000000000000e+00,0.000000000000000000e+00,4.914117827256060944e-01,0.000000000000000000e+00,4.959095193390701817e-01,0.000000000000000000e+00,0.000000000000000000e+00,0.000000000000000000e+00,4.805309589937443726e-01,5.060930007303620082e-01,5.072393239873220772e-01,0.000000000000000000e+00,0.000000000000000000e+00,0.000000000000000000e+00,4.500342260281589013e-01,0.000000000000000000e+00,4.447285513802852752e-01,4.958512074533121261e-01,4.895974084563876061e-01,0.000000000000000000e+00,0.000000000000000000e+00,0.000000000000000000e+00,0.000000000000000000e+00,4.763075784687406111e-01
4.070569413278400939e-01,4.196650552981642246e-01,4.683245262426988798e-01,0.000000000000000000e+00,0.000000000000000000e+00,4.408719563370089856e-01,4.606475675415869775e-01,4.849626976842675852e-01,4.882061944774770956e-01,3.664084871995397230e-01,4.852203571502011203e-01,3.803612120997634793e-01,4.648937452876780174e-01,0.000000000000000000e+00,4.414184982164284232e-01,3.559745891722957967e-01,3.434646166262267930e-01,0.000000000000000000e+00,4.844488839881839759e-01,4.306945679863140031e-01,4.542362488681669919e-01,4.316545986745887187e-01,4.515200732549232154e-01,3.973084794583057744e-01,3.593482266640751210e-01,4.011986998750841082e-01,4.494797554051747079e-01,4.575712495263160040e-01,4.337968907712869138e-01,4.467990111383008944e-01,3.835782142311288112e-01,4.352106501888923229e-01,3.744744934352757237e-01,3.837930004927154193e-01,4.334709895395866819e-01,4.182851920569026216e-01,0.000000000000000000e+00,3.406201975821659955e-01,4.595812899028106080e-01,4.412408346069938148e-01,4.618457045348566270e-01,4.696332685968858112e-01,0.000000000000000000e+00,0.000000000000000000e+00,0.000000000000000000e+00,4.527416284640964905e-01,4.675901863496205180e-01,0.000000000000000000e+00,0.000000000000000000e+00,0.000000000000000000e+00,4.708116024683292045e-01,0.000000000000000000e+00,0.000000000000000000e+00,0.000000000000000000e+00,4.833372457844676839e-01,0.000000000000000000e+00,4.824388958403186267e-01,4.709055377198161918e-01,0.000000000000000000e+00,4.646957025453988810e-01,4.733478834595934992e-01,5.008594379482369519e-01,4.920743481517206863e-01,0.000000000000000000e+00,4.775471680212315939e-01,0.000000000000000000e+00,4.611966619810666246e-01,4.789752029054971105e-01,4.418306456390190817e-01,4.874854651443700781e-01,4.873203101217922772e-01,4.745007385247189124e-01,4.624041044166387060e-01,4.718580357611523168e-01,0.000000000000000000e+00,4.761658178322257795e-01
0.000000000000000000e+00,0.000000000000000000e+00,2.734676951087843810e-01,4.439803844304759939e-01,4.063054575627668141e-01,4.209778297456456819e-01,4.732577133589450091e-01,4.517150695015664241e-01,3.110138698311100125e-01,4.973549774061299944e-01,3.192906591249207171e-01,5.046070549286838514e-01,5.069360823179684949e-01,4.265900955668764927e-01,0.000000000000000000e+00,0.000000000000000000e+00,0.000000000000000000e+00,4.844488839881839759e-01,0.000000000000000000e+00,0.000000000000000000e+00,0.000000000000000000e+00,4.581328467829375861e-01,3.901327462997564166e-01,0.000000000000000000e+00,0.000000000000000000e+00,0.000000000000000000e+00,3.492756182585762814e-01,5.081057462422085003e-01,4.594476303938503925e-01,0.000000000000000000e+00,5.109158724764016890e-01,4.760763006654655238e-01,4.676311698887705148e-01,5.033563869321725504e-01,4.854333098336032770e-01,4.512333787647915262e-01,0.000000000000000000e+00,5.069109502680313462e-01,5.142673871703050681e-01,0.000000000000000000e+00,5.569409252397127252e-01,0.000000000000000000e+00,5.105180038646534024e-01,0.000000000000000000e+00,0.000000000000000000e+00,0.000000000000000000e+00,0.000000000000000000e+00,5.998420032105420407e-01,0.000000000000000000e+00,5.738112747132952940e-01,5.799736025169985876e-01,5.792525906546855952e-01,5.677111727146376685e-01,5.914448897364269486e-01,0.000000000000000000e+00,5.544121979686481572e-01,0.000000000000000000e+00,5.614258000399793280e-01,5.290995633732846759e-01,0.000000000000000000e+00,0.000000000000000000e+00,0.000000000000000000e+00,0.000000000000000000e+00,5.778070198203852925e-01,0.000000000000000000e+00,0.000000000000000000e+00,0.000000000000000000e+00,5.852383981948140468e-01,0.000000000000000000e+00,0.000000000000000000e+00,0.000000000000000000e+00,5.752716317463736351e-01,5.520375658695847454e-01,5.044078516101585530e-01,0.000000000000000000e+00,5.534442703712790790e-01
4.642909009875844095e-01,4.532314598223328161e-01,4.148142820520668850e-01,0.000000000000000000e+00,0.000000000000000000e+00,4.321682745660925806e-01,4.595757357203621996e-01,4.381766027733962066e-01,4.275599436874479853e-01,4.274958096434688937e-01,0.000000000000000000e+00,3.929905444637393774e-01,4.656795646396612032e-01,0.000000000000000000e+00,3.608133326272344732e-01,4.535981649419997819e-01,4.132677525571705202e-01,4.306945679863140031e-01,0.000000000000000000e+00,0.000000000000000000e+00,4.485576052373753120e-01,3.976434573652128934e-01,3.525675338895082889e-01,4.865655793249293870e-01,4.330482052619342159e-01,4.795766166722580937e-01,3.706625958050914216e-01,4.528217097958908144e-01,3.854162677210276056e-01,4.390076622943275830e-01,4.219368434449757843e-01,4.661960231291987777e-01,4.144377555983819739e-01,4.671983211296659166e-01,5.324630000289853893e-01,5.256722187063455065e-01,0.000000000000000000e+00,4.222022012854900197e-01,5.034406434777853878e-01,4.721965878946826067e-01,5.265950921387999584e-01,5.254477093426737078e-01,5.014742074766294078e-01,0.000000000000000000e+00,0.000000000000000000e+00,0.000000000000000000e+00,4.880257055504281793e-01,0.000000000000000000e+00,0.000000000000000000e+00,0.000000000000000000e+00,5.084598871963761368e-01,5.070375057550490228e-01,5.364184316958285903e-01,4.865684226784002253e-01,0.000000000000000000e+00,0.000000000000000000e+00,0.000000000000000000e+00,5.145319018455225546e-01,0.000000000000000000e+00,5.136776990938435317e-01,4.883485643506171869e-01,0.000000000000000000e+00,4.763857090494532098e-01,0.000000000000000000e+00,5.164616228144662813e-01,5.164178272797864677e-01,5.077451876030986133e-01,5.312441171149956398e-01,0.000000000000000000e+00,4.850217095225700104e-01,5.116160424680605834e-01,5.283670817929089214e-01,5.202730591054393061e-01,5.110999040726246223e-01,5.242498922750353785e-01,5.184428529433025012e-01
4.656933139171163250e-01,4.432104439948957864e-01,0.000000000000000000e+00,0.000000000000000000e+00,0.000000000000000000e+00,4.270222322116539737e-01,4.681146807747004202e-01,4.137005656026996880e-01,0.000000000000000000e+00,0.000000000000000000e+00,0.000000000000000000e+00,4.690530556472601864e-01,4.757487695158076901e-01,0.000000000000000000e+00,4.016443464351069914e-01,4.651455078860499137e-01,0.000000000000000000e+00,4.542362488681669919e-01,0.000000000000000000e+00,4.485576052373753120e-01,0.000000000000000000e+00,4.770396900444996979e-01,3.930639189344006246e-01,5.025722857408255750e-01,4.617039164002694762e-01,4.492668277706048929e-01,4.369524776233135177e-01,4.667393441860895886e-01,4.325764705367219909e-01,4.638529477776670018e-01,4.438107135068530829e-01,4.365446824578901874e-01,4.146729501859621747e-01,4.581708146111950763e-01,5.263376207807327622e-01,5.028714658499793266e-01,0.000000000000000000e+00,0.000000000000000000e+00,4.871024109385165834e-01,4.620355821841324873e-01,5.271151575645369736e-01,5.249048471450805664e-01,0.000000000000000000e+00,0.000000000000000000e+00,0.000000000000000000e+00,3.466837014758045732e-01,5.075439304458880807e-01,0.000000000000000000e+00,0.000000000000000000e+00,0.000000000000000000e+00,4.989956614795663103e-01,0.000000000000000000e+00,5.131993197329060008e-01,0.000000000000000000e+00,0.000000000000000000e+00,0.000000000000000000e+00,0.000000000000000000e+00,5.063719023052212220e-01,0.000000000000000000e+00,5.097981667924944560e-01,0.000000000000000000e+00,0.000000000000000000e+00,0.000000000000000000e+00,0.000000000000000000e+00,5.162206632126995487e-01,4.398035761491734807e-01,5.333591843019059864e-01,5.145280189755868649e-01,0.000000000000000000e+00,0.000000000000000000e+00,5.259408417363286015e-01,5.343198240046943548e-01,5.184807936668512918e-01,5.018958490489622282e-01,5.232063267817876895e-01,5.204873576127188040e-01
