0.000000000000000000e+00,2.451583999160006910e-01,0.000000000000000000e+00,0.000000000000000000e+00,0.000000000000000000e+00,2.853165859671191740e-01,0.000000000000000000e+00,2.659031584216877131e-01,0.000000000000000000e+00,2.646365620132655194e-01,0.000000000000000000e+00,2.657441149515484269e-01,3.075178882961718263e-01,0.000000000000000000e+00,2.866160417414204131e-01,2.585954573254055089e-01,2.704030299229158163e-01,2.324825258767377056e-01,0.000000000000000000e+00,2.792474598694600907e-01,2.473609395547874956e-01,2.742494275021754024e-01,2.635191776583856171e-01,2.114501163791630001e-01,2.228736168942808960e-01,2.614174051637033203e-01,2.918442188197661880e-01,2.963163863819029964e-01,2.778618140576689099e-01,0.000000000000000000e+00,2.756718852382831209e-01,3.343647667260752909e-01,2.705405312260266149e-01,3.071684538689263833e-01,3.790747444729283822e-01,3.319880829305135728e-01,0.000000000000000000e+00,2.217233501191329115e-01,3.175838700176824014e-01,2.882579417237047248e-01,3.131387717680821914e-01,3.521493764266451221e-01,0.000000000000000000e+00,0.000000000000000000e+00,0.000000000000000000e+00,2.411082470703944103e-01,2.799236746480009974e-01,0.000000000000000000e+00,0.000000000000000000e+00,0.000000000000000000e+00,0.000000000000000000e+00,0.000000000000000000e+00,0.000000000000000000e+00,0.000000000000000000e+00,2.822103623491296065e-01,0.000000000000000000e+00,0.000000000000000000e+00,0.000000000000000000e+00,0.000000000000000000e+00,3.108937812972976111e-01,2.995912057987420996e-01,2.750791975854123272e-01,2.908964032855895221e-01,0.000000000000000000e+00,0.000000000000000000e+00,2.748566718980928192e-01,3.045214546552126866e-01,0.000000000000000000e+00,2.370019321145820090e-01,2.816146778868819922e-01,2.954257949530678107e-01,0.000000000000000000e+00,0.000000000000000000e+00,0.000000000000000000e+00,0.000000000000000000e+00,2.968447974654032095e-01
2.451583999160006910e-01,0.000000000000000000e+00,0.000000000000000000e+00,0.000000000000000000e+00,0.000000000000000000e+00,2.645637160662733800e-01,3.197656428872813206e-01,2.522534229466832922e-01,2.872351928064202919e-01,2.045315825190067993e-01,0.000000000000000000e+00,0.000000000000000000e+00,3.046276604577071723e-01,0.000000000000000000e+00,2.954708652519992818e-01,2.500748175136882079e-01,0.000000000000000000e+00,2.069593147073013895e-01,0.000000000000000000e+00,2.703786845723225030e-01,2.606199089068372832e-01,2.603718962728840958e-01,2.770750837957003943e-01,2.337480356913015922e-01,2.020983790215956921e-01,2.521195259953146195e-01,2.704254497224626852e-01,2.956453461223301771e-01,2.693471955683265917e-01,0.000000000000000000e+00,2.895426105083864776e-01,3.476344858438634167e-01,2.616807457695122241e-01,3.168843862789914034e-01,3.921448403484201206e-01,3.207048170672971987e-01,4.270763835353176829e-01,0.000000000000000000e+00,3.080252627893479977e-01,2.803093971174540067e-01,3.045103651833209746e-01,3.364069431942340871e-01,0.000000000000000000e+00,0.000000000000000000e+00,0.000000000000000000e+00,2.598381642935280733e-01,2.776930216609752033e-01,0.000000000000000000e+00,0.000000000000000000e+00,0.000000000000000000e+00,0.000000000000000000e+00,0.000000000000000000e+00,0.000000000000000000e+00,0.000000000000000000e+00,0.000000000000000000e+00,0.000000000000000000e+00,0.000000000000000000e+00,0.000000000000000000e+00,0.000000000000000000e+00,3.244667138559502728e-01,2.938174041466565245e-01,0.000000000000000000e+00,2.784550407780951864e-01,0.000000000000000000e+00,2.998082495747153020e-01,2.854006884251427123e-01,3.152005188003009217e-01,3.188676187448662991e-01,0.000000000000000000e+00,2.718152695159947729e-01,2.996518755584607896e-01,3.406674532324586169e-01,0.000000000000000000e+00,0.000000000000000000e+00,0.000000000000000000e+00,2.892381243211670783e-01
0.000000000000000000e+00,0.000000000000000000e+00,0.000000000000000000e+00,2.479325714298827865e-01,2.589212814602400159e-01,2.574089649934286905e-01,3.105439462121528105e-01,2.998833957772735204e-01,1.893032962116857898e-01,3.204398799066722758e-01,1.937922301159503979e-01,0.000000000000000000e+00,3.097499738642133793e-01,2.144821987049846945e-01,0.000000000000000000e+00,0.000000000000000000e+00,0.000000000000000000e+00,0.000000000000000000e+00,1.750939663134878921e-01,2.766362134602811107e-01,2.917972611883625778e-01,2.846917883393200177e-01,2.354282084747177928e-01,0.000000000000000000e+00,0.000000000000000000e+00,0.000000000000000000e+00,1.953694118594841989e-01,3.124300694589502991e-01,2.768537808836348812e-01,3.050145036337587046e-01,3.167929655942007816e-01,2.973325406441694185e-01,2.787164209096015810e-01,3.279402599248062988e-01,3.437920520070414931e-01,2.469393831848432919e-01,2.963190212717938254e-01,3.207745385089236234e-01,4.138305366783229799e-01,0.000000000000000000e+00,4.283580243837585844e-01,0.000000000000000000e+00,3.811469686376606769e-01,0.000000000000000000e+00,0.000000000000000000e+00,0.000000000000000000e+00,0.000000000000000000e+00,4.139028690507999264e-01,0.000000000000000000e+00,3.891334002532584879e-01,4.338527091318610251e-01,4.428900435007218084e-01,4.192633089771360955e-01,4.394513784657987920e-01,0.000000000000000000e+00,3.653715836280305163e-01,0.000000000000000000e+00,4.302780025319138946e-01,3.849255362172249728e-01,0.000000000000000000e+00,0.000000000000000000e+00,0.000000000000000000e+00,0.000000000000000000e+00,3.986863451661881164e-01,0.000000000000000000e+00,0.000000000000000000e+00,3.152211338642201266e-01,4.254609138339688901e-01,0.000000000000000000e+00,0.000000000000000000e+00,0.000000000000000000e+00,4.185362752157396060e-01,4.092014193812245071e-01,3.983614280057167778e-01,4.192303901713589909e-01,4.219145738202421114e-01
0.000000000000000000e+00,0.000000000000000000e+00,2.479325714298827865e-01,0.000000000000000000e+00,2.685656791194744875e-01,0.000000000000000000e+00,2.082228776686702865e-01,2.170949250930961083e-01,3.016164534566991851e-01,0.000000000000000000e+00,2.089742103562353959e-01,0.000000000000000000e+00,2.057909514753711033e-01,2.252806994590086098e-01,0.000000000000000000e+00,0.000000000000000000e+00,0.000000000000000000e+00,0.000000000000000000e+00,2.032560799635164117e-01,0.000000000000000000e+00,0.000000000000000000e+00,0.000000000000000000e+00,3.351786338159811751e-01,0.000000000000000000e+00,0.000000000000000000e+00,0.000000000000000000e+00,3.830230010840449117e-01,1.907713799968706048e-01,0.000000000000000000e+00,0.000000000000000000e+00,2.413102871822115081e-01,2.411578558646844117e-01,0.000000000000000000e+00,2.871271695274490998e-01,3.320674025565489851e-01,2.048521484245676982e-01,1.776444482963598914e-01,0.000000000000000000e+00,0.000000000000000000e+00,0.000000000000000000e+00,0.000000000000000000e+00,0.000000000000000000e+00,0.000000000000000000e+00,0.000000000000000000e+00,0.000000000000000000e+00,0.000000000000000000e+00,0.000000000000000000e+00,0.000000000000000000e+00,0.000000000000000000e+00,0.000000000000000000e+00,0.000000000000000000e+00,0.000000000000000000e+00,0.000000000000000000e+00,0.000000000000000000e+00,0.000000000000000000e+00,0.000000000000000000e+00,0.000000000000000000e+00,0.000000000000000000e+00,0.000000000000000000e+00,0.000000000000000000e+00,0.000000000000000000e+00,0.000000000000000000e+00,0.000000000000000000e+00,0.000000000000000000e+00,0.000000000000000000e+00,0.000000000000000000e+00,0.000000000000000000e+00,0.000000000000000000e+00,0.000000000000000000e+00,0.000000000000000000e+00,0.000000000000000000e+00,0.000000000000000000e+00,0.000000000000000000e+00,0.000000000000000000e+00,0.000000000000000000e+00,0.000000000000000000e+00
0.000000000000000000e+00,0.000000000000000000e+00,2.589212814602400159e-01,2.685656791194744875e-01,0.000000000000000000e+00,2.633250266143464802e-01,2.699476042732297798e-01,2.287412802718163107e-01,2.374480206411853922e-01,2.763398882771985754e-01,2.031471833873741972e-01,0.000000000000000000e+00,2.683591548631765744e-01,2.174646709240080078e-01,0.000000000000000000e+00,0.000000000000000000e+00,0.000000000000000000e+00,0.000000000000000000e+00,2.434290445128846903e-01,2.747253740631457886e-01,2.964279400432108247e-01,2.958529414473894947e-01,2.921972466075586916e-01,0.000000000000000000e+00,0.000000000000000000e+00,0.000000000000000000e+00,2.850511037080747934e-01,2.247536035603278914e-01,2.945808446894572219e-01,3.056627793584150155e-01,3.059226466295176805e-01,2.740945415221832104e-01,0.000000000000000000e+00,3.085898035558852781e-01,3.113292328489342120e-01,2.166794667421099996e-01,2.599245945192799057e-01,0.000000000000000000e+00,3.994376942511457806e-01,0.000000000000000000e+00,4.205216526008579980e-01,0.000000000000000000e+00,3.882583164010988130e-01,0.000000000000000000e+00,0.000000000000000000e+00,0.000000000000000000e+00,0.000000000000000000e+00,4.185792982129997730e-01,0.000000000000000000e+00,4.093907468824857787e-01,4.228894451622505213e-01,4.336510975289217806e-01,4.018723659623990030e-01,4.352600258521788779e-01,0.000000000000000000e+00,3.410422951036398143e-01,0.000000000000000000e+00,4.158679638442345228e-01,0.000000000000000000e+00,0.000000000000000000e+00,0.000000000000000000e+00,0.000000000000000000e+00,0.000000000000000000e+00,3.963667263028656240e-01,0.000000000000000000e+00,0.000000000000000000e+00,3.330162208151237757e-01,4.198069447355795014e-01,0.000000000000000000e+00,0.000000000000000000e+00,0.000000000000000000e+00,4.097428133376668224e-01,3.995575942189645846e-01,3.977063957851095233e-01,4.183049919016645912e-01,4.131046455362751835e-01
2.853165859671191740e-01,2.645637160662733800e-01,2.574089649934286905e-01,0.000000000000000000e+00,2.633250266143464802e-01,0.000000000000000000e+00,3.008055434986898757e-01,3.040294222645493760e-01,2.270799802517380062e-01,3.178034535866859911e-01,2.295228600878632119e-01,3.066244257618178093e-01,2.684211119532811107e-01,0.000000000000000000e+00,2.816605362723648143e-01,2.801915463195813194e-01,0.000000000000000000e+00,0.000000000000000000e+00,2.515467983080181269e-01,2.549274837201295774e-01,2.822625104951164143e-01,2.702611109572704007e-01,2.750588862169169868e-01,0.000000000000000000e+00,2.620182611818642759e-01,2.879177890724168853e-01,2.458221779038194110e-01,2.530368825466774996e-01,2.036787956131866917e-01,2.782187773962904176e-01,2.966848604319046734e-01,3.167116840711775017e-01,2.894612099018897267e-01,3.250054297339223797e-01,3.461570116922931817e-01,3.182345349655968936e-01,3.192906150375042218e-01,3.176462956422604900e-01,3.953768092152867841e-01,0.000000000000000000e+00,4.267488046482187936e-01,4.090544511618158796e-01,3.967915363469188272e-01,3.900255138136453081e-01,0.000000000000000000e+00,0.000000000000000000e+00,0.000000000000000000e+00,4.238815466561599021e-01,0.000000000000000000e+00,4.237976618487451219e-01,4.250901179101200800e-01,4.309551343676721880e-01,3.778507191612399119e-01,4.380336689892319058e-01,0.000000000000000000e+00,3.682885419473118094e-01,0.000000000000000000e+00,4.210537811518236806e-01,0.000000000000000000e+00,3.481553201630444017e-01,3.761434770147104034e-01,0.000000000000000000e+00,0.000000000000000000e+00,4.198240393002640736e-01,3.685923540599362891e-01,3.191426209987531237e-01,3.366686193011333983e-01,4.117736341934691846e-01,0.000000000000000000e+00,0.000000000000000000e+00,3.237843781608896743e-01,4.042295256596052933e-01,4.042688598971754255e-01,4.088663403459307233e-01,4.175245399254581824e-01,4.164208410355392243e-01
0.000000000000000000e+00,3.197656428872813206e-01,3.105439462121528105e-01,2.082228776686702865e-01,2.699476042732297798e-01,3.008055434986898757e-01,0.000000000000000000e+00,3.015096491135806911e-01,2.941018998809126761e-01,2.690400259968965813e-01,2.823192489117535842e-01,2.709903860881652249e-01,2.288305805139403126e-01,2.771916035080109197e-01,3.223681191541787894e-01,3.255896322967806733e-01,2.770028539524205802e-01,0.000000000000000000e+00,3.108155645874861039e-01,3.170763111151443936e-01,3.254090493583389199e-01,3.226971579009825231e-01,3.144485919000776786e-01,0.000000000000000000e+00,0.000000000000000000e+00,3.175756875176897198e-01,3.134929647411284770e-01,2.061299841708927882e-01,3.280133600295063734e-01,3.204150802800905806e-01,2.684503306090644248e-01,2.721922570568985900e-01,2.621212750340454201e-01,2.615958077373237156e-01,2.696949471850363933e-01,2.487789856914504882e-01,2.524575243451169237e-01,2.570613355107133069e-01,3.800140600361238130e-01,0.000000000000000000e+00,4.109421941256313771e-01,0.000000000000000000e+00,4.038585272412911764e-01,0.000000000000000000e+00,0.000000000000000000e+00,0.000000000000000000e+00,0.000000000000000000e+00,4.121081494543502033e-01,0.000000000000000000e+00,4.160483227552165819e-01,4.185618878886180894e-01,4.281008963759314057e-01,3.810856480605342989e-01,4.287453032105750794e-01,0.000000000000000000e+00,3.703180028103085220e-01,0.000000000000000000e+00,4.167251085880939732e-01,0.000000000000000000e+00,3.456531987604499756e-01,0.000000000000000000e+00,0.000000000000000000e+00,0.000000000000000000e+00,3.964519675984353175e-01,3.689850364679598260e-01,0.000000000000000000e+00,3.354892139745365154e-01,4.086903107056005235e-01,0.000000000000000000e+00,0.000000000000000000e+00,3.264220302470637880e-01,4.041343499725760235e-01,4.047413644275292821e-01,3.964385657613009872e-01,4.078912254163626905e-01,4.045723811310443230e-01
2.659031584216877131e-01,2.522534229466832922e-01,2.998833957772735204e-01,2.170949250930961083e-01,2.287412802718163107e-01,3.040294222645493760e-01,3.015096491135806911e-01,0.000000000000000000e+00,3.304858805613820061e-01,3.780265710492604070e-01,1.885447237873467130e-01,0.000000000000000000e+00,3.148985054388342975e-01,1.723464520272001976e-01,2.876663532713197857e-01,2.674380093559066141e-01,0.000000000000000000e+00,2.511973083880443824e-01,2.750499363433407951e-01,2.987235694532632269e-01,2.550981841253471827e-01,2.875788124863947748e-01,2.271351706800416870e-01,2.643594106190367277e-01,2.569414979357538265e-01,2.744980758030760026e-01,3.086366257394351775e-01,3.152793812760876779e-01,2.894844145749305153e-01,3.207163602855834239e-01,3.392155151766929055e-01,2.436551265585243931e-01,0.000000000000000000e+00,3.667791772828419838e-01,4.039190925960091105e-01,1.671622447161446867e-01,2.299497598066782000e-01,0.000000000000000000e+00,3.775767488273787942e-01,0.000000000000000000e+00,4.127617993597704205e-01,0.000000000000000000e+00,3.594876740729450737e-01,0.000000000000000000e+00,0.000000000000000000e+00,0.000000000000000000e+00,2.808604027512451862e-01,3.973742844028577137e-01,0.000000000000000000e+00,3.542273878929169117e-01,3.898426878585760091e-01,4.378050494099038903e-01,3.438463619920825165e-01,4.327480687038954832e-01,0.000000000000000000e+00,3.229207998107719857e-01,0.000000000000000000e+00,3.970385914235218250e-01,0.000000000000000000e+00,3.532860151055680076e-01,2.946583572148945840e-01,0.000000000000000000e+00,0.000000000000000000e+00,3.753258958522500133e-01,3.633748529082599932e-01,2.831184784588863246e-01,3.322670362706616198e-01,3.744957810802165832e-01,0.000000000000000000e+00,2.927462912984349908e-01,2.904189950811422727e-01,3.797513880020038091e-01,3.762933899712090913e-01,3.709938010562147115e-01,3.798544843059316056e-01,4.019515797669829804e-01
0.000000000000000000e+00,2.872351928064202919e-01,1.893032962116857898e-01,3.016164534566991851e-01,2.374480206411853922e-01,2.270799802517380062e-01,2.941018998809126761e-01,3.304858805613820061e-01,0.000000000000000000e+00,3.192163530254584769e-01,1.928915413855478989e-01,3.222192526988624239e-01,2.757623235553647856e-01,2.284943100405225913e-01,0.000000000000000000e+00,2.966804489211947726e-01,0.000000000000000000e+00,0.000000000000000000e+00,1.862964614831985888e-01,2.769451052332175256e-01,3.133696499960921811e-01,2.833001422147660153e-01,2.861886181399446727e-01,0.000000000000000000e+00,0.000000000000000000e+00,0.000000000000000000e+00,2.299889625953766004e-01,3.195655078993541731e-01,2.745607689639010807e-01,3.086377834086401206e-01,3.213178659160980111e-01,3.203559423335254897e-01,3.140300937163021944e-01,3.294438158732285737e-01,3.410453161897989971e-01,3.014053777248907884e-01,3.112259565778880965e-01,3.229315554801709953e-01,4.008201044547038960e-01,0.000000000000000000e+00,4.211384549815064826e-01,0.000000000000000000e+00,3.916482667256709904e-01,4.284621829458448161e-01,0.000000000000000000e+00,0.000000000000000000e+00,0.000000000000000000e+00,4.192059572669823986e-01,0.000000000000000000e+00,3.974508294449543011e-01,4.322955905620721184e-01,4.403707269032580141e-01,4.179744005888682001e-01,4.397678893687175794e-01,0.000000000000000000e+00,3.740423986146519941e-01,0.000000000000000000e+00,4.279032163272722955e-01,4.057551580123543999e-01,3.470691556673610179e-01,0.000000000000000000e+00,0.000000000000000000e+00,0.000000000000000000e+00,4.087355954421433846e-01,3.664759483825654751e-01,0.000000000000000000e+00,3.353631994006036066e-01,4.295484794793761885e-01,0.000000000000000000e+00,0.000000000000000000e+00,0.000000000000000000e+00,4.226673649726517268e-01,4.085769292928396745e-01,4.031039521601592068e-01,4.143121845666307146e-01,4.233960736065244257e-01
2.646365620132655194e-01,2.045315825190067993e-01,3.204398799066722758e-01,0.000000000000000000e+00,2.763398882771985754e-01,3.178034535866859911e-01,2.690400259968965813e-01,3.780265710492604070e-01,3.192163530254584769e-01,0.000000000000000000e+00,2.881716263327300798e-01,2.682492302929782024e-01,2.593453627487117275e-01,2.782518267631530762e-01,3.890114440580363930e-01,2.504020845421022212e-01,2.725499272084285773e-01,2.305120267762388875e-01,3.186782575012125918e-01,3.729766500102489890e-01,3.703683240894758977e-01,3.331722172654266179e-01,3.424733453359359858e-01,3.198200730764846900e-01,2.006202239675771992e-01,2.323795045074500965e-01,3.514094274639005255e-01,2.708543501240600060e-01,3.470648105492609159e-01,0.000000000000000000e+00,2.878476300043699143e-01,2.543565308240501865e-01,2.930279206688409244e-01,2.843630180571025123e-01,3.041701015411771847e-01,2.712042033169838051e-01,2.708551039745413780e-01,3.405784236332634052e-01,2.242281824656559008e-01,3.168717629313608786e-01,2.930473140114254194e-01,2.908680673681284801e-01,2.834482091916660784e-01,0.000000000000000000e+00,2.920271864398141237e-01,3.056611126869557826e-01,0.000000000000000000e+00,0.000000000000000000e+00,0.000000000000000000e+00,0.000000000000000000e+00,0.000000000000000000e+00,0.000000000000000000e+00,0.000000000000000000e+00,0.000000000000000000e+00,3.418778377927911838e-01,0.000000000000000000e+00,3.254707064343829170e-01,0.000000000000000000e+00,0.000000000000000000e+00,0.000000000000000000e+00,0.000000000000000000e+00,3.363567149247627119e-01,3.292135945600812019e-01,0.000000000000000000e+00,0.000000000000000000e+00,0.000000000000000000e+00,0.000000000000000000e+00,4.424140786620189836e-01,3.156581953044322875e-01,3.303280178694165126e-01,3.378097905460761274e-01,0.000000000000000000e+00,0.000000000000000000e+00,0.000000000000000000e+00,0.000000000000000000e+00,3.155285209078614872e-01
0.000000000000000000e+00,0.000000000000000000e+00,1.937922301159503979e-01,2.089742103562353959e-01,2.031471833873741972e-01,2.295228600878632119e-01,2.823192489117535842e-01,1.885447237873467130e-01,1.928915413855478989e-01,2.881716263327300798e-01,0.000000000000000000e+00,0.000000000000000000e+00,2.913097864311336993e-01,1.612892975743248913e-01,0.000000000000000000e+00,0.000000000000000000e+00,0.000000000000000000e+00,0.000000000000000000e+00,1.670569796490211922e-01,0.000000000000000000e+00,0.000000000000000000e+00,0.000000000000000000e+00,1.940410968078130072e-01,0.000000000000000000e+00,0.000000000000000000e+00,0.000000000000000000e+00,1.998731371555433067e-01,2.847384153343396895e-01,0.000000000000000000e+00,0.000000000000000000e+00,2.983325427469992741e-01,2.448111713949027990e-01,0.000000000000000000e+00,3.125050837206386767e-01,3.151087737325876104e-01,1.823798187465645038e-01,2.308127088344651134e-01,0.000000000000000000e+00,0.000000000000000000e+00,0.000000000000000000e+00,0.000000000000000000e+00,0.000000000000000000e+00,4.190331503809547886e-01,0.000000000000000000e+00,0.000000000000000000e+00,0.000000000000000000e+00,0.000000000000000000e+00,3.651442082529400834e-01,0.000000000000000000e+00,0.000000000000000000e+00,3.922463429915398758e-01,4.021177792678997109e-01,3.430666642149520218e-01,3.907685978172303898e-01,0.000000000000000000e+00,1.421827012859027961e-01,0.000000000000000000e+00,4.071504802624988928e-01,0.000000000000000000e+00,0.000000000000000000e+00,0.000000000000000000e+00,0.000000000000000000e+00,0.000000000000000000e+00,3.565260173284859890e-01,0.000000000000000000e+00,0.000000000000000000e+00,0.000000000000000000e+00,3.676579926464161874e-01,0.000000000000000000e+00,0.000000000000000000e+00,0.000000000000000000e+00,4.051768355280602751e-01,4.058517364400665017e-01,0.000000000000000000e+00,0.000000000000000000e+00,4.011876193186599826e-01
2.657441149515484269e-01,0.000000000000000000e+00,0.000000000000000000e+00,0.000000000000000000e+00,0.000000000000000000e+00,3.066244257618178093e-01,2.709903860881652249e-01,0.000000000000000000e+00,3.222192526988624239e-01,2.682492302929782024e-01,0.000000000000000000e+00,0.000000000000000000e+00,2.692242853754555076e-01,0.000000000000000000e+00,0.000000000000000000e+00,2.731150182412200866e-01,3.008612560610671172e-01,2.721616126553644821e-01,0.000000000000000000e+00,0.000000000000000000e+00,0.000000000000000000e+00,0.000000000000000000e+00,3.460974297214968742e-01,2.432793328795208876e-01,2.672112306677879023e-01,1.839741408152016922e-01,3.695660715072173197e-01,2.689936650397979911e-01,0.000000000000000000e+00,0.000000000000000000e+00,2.948277401351011018e-01,2.161149056712746985e-01,2.700268229965798183e-01,3.028753897880516188e-01,3.091426659908934060e-01,2.518596122952201921e-01,2.487877806658793933e-01,3.144035731101801900e-01,2.198282412345237968e-01,3.228991690924011837e-01,2.948605779017480222e-01,2.955010880146032859e-01,0.000000000000000000e+00,0.000000000000000000e+00,2.894263261027779088e-01,0.000000000000000000e+00,0.000000000000000000e+00,0.000000000000000000e+00,0.000000000000000000e+00,0.000000000000000000e+00,0.000000000000000000e+00,0.000000000000000000e+00,0.000000000000000000e+00,0.000000000000000000e+00,3.508483897053414902e-01,0.000000000000000000e+00,3.337620815488085979e-01,0.000000000000000000e+00,0.000000000000000000e+00,0.000000000000000000e+00,0.000000000000000000e+00,3.326854140220548151e-01,3.269533064050583748e-01,0.000000000000000000e+00,0.000000000000000000e+00,0.000000000000000000e+00,0.000000000000000000e+00,0.000000000000000000e+00,3.149022054823679140e-01,3.314825180139963079e-01,3.372263980465143862e-01,0.000000000000000000e+00,0.000000000000000000e+00,0.000000000000000000e+00,0.000000000000000000e+00,3.216018550490116201e-01
3.075178882961718263e-01,3.046276604577071723e-01,3.097499738642133793e-01,2.057909514753711033e-01,2.683591548631765744e-01,2.684211119532811107e-01,2.288305805139403126e-01,3.148985054388342975e-01,2.757623235553647856e-01,2.593453627487117275e-01,2.913097864311336993e-01,2.692242853754555076e-01,0.000000000000000000e+00,2.710578008780213932e-01,3.182299537037818205e-01,3.026761668772702252e-01,2.590245813531494856e-01,0.000000000000000000e+00,3.202401981163978117e-01,3.070111571751190094e-01,3.225508439217253942e-01,3.182216437068908776e-01,3.135013676963170903e-01,0.000000000000000000e+00,0.000000000000000000e+00,3.054830151679008843e-01,3.048827352197007734e-01,2.160850143089755038e-01,3.051281250033657799e-01,2.798719643058785733e-01,2.589738345714440726e-01,2.865352421986743225e-01,2.747880094476157775e-01,2.595673224331823126e-01,2.708135883500650265e-01,2.557921035850255764e-01,2.395506040652949087e-01,2.625780389781363078e-01,3.811070108590395855e-01,0.000000000000000000e+00,4.124863070467544857e-01,0.000000000000000000e+00,3.932175381303454897e-01,0.000000000000000000e+00,0.000000000000000000e+00,0.000000000000000000e+00,0.000000000000000000e+00,4.117120067205475853e-01,0.000000000000000000e+00,4.235279929530292864e-01,4.167480274921753769e-01,4.271003828828662252e-01,3.727694183593833199e-01,4.222648712844306873e-01,0.000000000000000000e+00,3.553396467584110097e-01,0.000000000000000000e+00,4.126604540422588174e-01,0.000000000000000000e+00,3.469316951598030996e-01,0.000000000000000000e+00,0.000000000000000000e+00,0.000000000000000000e+00,3.969430225418908997e-01,3.647276373825769080e-01,3.206217220349292796e-01,3.406624058345841810e-01,4.004673535765094217e-01,0.000000000000000000e+00,0.000000000000000000e+00,3.167877660815953123e-01,3.982307519346435232e-01,4.001098603375438101e-01,3.941688276071325103e-01,4.120094133586593155e-01,4.131574646736745904e-01
0.000000000000000000e+00,0.000000000000000000e+00,2.144821987049846945e-01,2.252806994590086098e-01,2.174646709240080078e-01,0.000000000000000000e+00,2.771916035080109197e-01,1.723464520272001976e-01,2.284943100405225913e-01,2.782518267631530762e-01,1.612892975743248913e-01,0.000000000000000000e+00,2.710578008780213932e-01,0.000000000000000000e+00,0.000000000000000000e+00,0.000000000000000000e+00,0.000000000000000000e+00,0.000000000000000000e+00,1.879430290064771081e-01,0.000000000000000000e+00,0.000000000000000000e+00,0.000000000000000000e+00,1.819740646471341983e-01,0.000000000000000000e+00,0.000000000000000000e+00,0.000000000000000000e+00,2.272882804426070991e-01,2.240900009824161876e-01,0.000000000000000000e+00,0.000000000000000000e+00,2.446506973277408070e-01,1.877032758077784025e-01,0.000000000000000000e+00,0.000000000000000000e+00,0.000000000000000000e+00,1.916376118825278974e-01,1.815549774591594945e-01,0.000000000000000000e+00,0.000000000000000000e+00,0.000000000000000000e+00,0.000000000000000000e+00,0.000000000000000000e+00,0.000000000000000000e+00,0.000000000000000000e+00,0.000000000000000000e+00,0.000000000000000000e+00,0.000000000000000000e+00,0.000000000000000000e+00,0.000000000000000000e+00,0.000000000000000000e+00,0.000000000000000000e+00,0.000000000000000000e+00,0.000000000000000000e+00,0.000000000000000000e+00,0.000000000000000000e+00,0.000000000000000000e+00,0.000000000000000000e+00,0.000000000000000000e+00,0.000000000000000000e+00,0.000000000000000000e+00,0.000000000000000000e+00,0.000000000000000000e+00,0.000000000000000000e+00,0.000000000000000000e+00,0.000000000000000000e+00,0.000000000000000000e+00,0.000000000000000000e+00,0.000000000000000000e+00,0.000000000000000000e+00,0.000000000000000000e+00,0.000000000000000000e+00,0.000000000000000000e+00,0.000000000000000000e+00,0.000000000000000000e+00,0.000000000000000000e+00,0.000000000000000000e+00
2.866160417414204131e-01,2.954708652519992818e-01,0.000000000000000000e+00,0.000000000000000000e+00,0.000000000000000000e+00,2.816605362723648143e-01,3.223681191541787894e-01,2.876663532713197857e-01,0.000000000000000000e+00,3.890114440580363930e-01,0.000000000000000000e+00,0.000000000000000000e+00,3.182299537037818205e-01,0.000000000000000000e+00,0.000000000000000000e+00,2.974332414477328101e-01,0.000000000000000000e+00,2.750796013194730105e-01,0.000000000000000000e+00,2.229587297313709027e-01,2.879497300539000104e-01,2.445502091108711917e-01,2.785244797070858258e-01,2.773021158791812990e-01,2.752022231423622012e-01,2.928969846661633736e-01,2.854570066388303906e-01,3.144019094182894936e-01,2.899754306340519006e-01,0.000000000000000000e+00,3.464519171888291726e-01,3.674674943558867146e-01,3.131891848640985798e-01,3.791126787584661040e-01,4.251665116710375836e-01,4.304745746946551099e-01,4.290768900208025149e-01,0.000000000000000000e+00,3.356765317605268084e-01,3.153814583498183999e-01,3.498777962931036156e-01,3.670420302865646245e-01,3.368894748526159999e-01,0.000000000000000000e+00,0.000000000000000000e+00,3.140147359299509944e-01,3.174274348130829981e-01,0.000000000000000000e+00,0.000000000000000000e+00,0.000000000000000000e+00,0.000000000000000000e+00,0.000000000000000000e+00,3.041421824270819085e-01,0.000000000000000000e+00,0.000000000000000000e+00,0.000000000000000000e+00,0.000000000000000000e+00,3.385897843184332845e-01,0.000000000000000000e+00,3.159093396470263881e-01,3.152127347481439856e-01,0.000000000000000000e+00,2.946386433156075735e-01,0.000000000000000000e+00,2.473676133112273912e-01,3.179679489550574778e-01,3.327755458120886800e-01,3.346909818360033761e-01,0.000000000000000000e+00,2.992949466694310723e-01,3.398691254750679236e-01,3.211344763012811132e-01,3.356381579945849070e-01,3.371246442732863113e-01,0.000000000000000000e+00,3.420865893636448885e-01
2.585954573254055089e-01,2.500748175136882079e-01,0.000000000000000000e+00,0.000000000000000000e+00,0.000000000000000000e+00,2.801915463195813194e-01,3.255896322967806733e-01,2.674380093559066141e-01,2.966804489211947726e-01,2.504020845421022212e-01,0.000000000000000000e+00,2.731150182412200866e-01,3.026761668772702252e-01,0.000000000000000000e+00,2.974332414477328101e-01,0.000000000000000000e+00,2.638437658957745735e-01,1.790080463589880932e-01,0.000000000000000000e+00,2.480675913481382999e-01,2.695143977596134999e-01,2.206135187815236043e-01,2.790240618953532814e-01,2.501010937786263266e-01,2.173716991017367872e-01,2.707750394684891870e-01,2.837328874837610204e-01,2.954020487908424752e-01,2.694547441556440215e-01,0.000000000000000000e+00,2.767694541509492789e-01,3.584246851764494868e-01,2.797373559104467944e-01,3.041244262758894257e-01,3.747209070308777923e-01,4.177204966545104980e-01,0.000000000000000000e+00,0.000000000000000000e+00,3.126670982960165213e-01,2.911653594548914148e-01,3.052666218651943209e-01,3.280895657625862993e-01,0.000000000000000000e+00,0.000000000000000000e+00,0.000000000000000000e+00,2.737920845912230061e-01,2.845876331005152138e-01,0.000000000000000000e+00,0.000000000000000000e+00,0.000000000000000000e+00,0.000000000000000000e+00,0.000000000000000000e+00,0.000000000000000000e+00,0.000000000000000000e+00,0.000000000000000000e+00,0.000000000000000000e+00,0.000000000000000000e+00,0.000000000000000000e+00,0.000000000000000000e+00,3.218739169108862930e-01,2.967232976840641911e-01,0.000000000000000000e+00,2.917211207158966757e-01,0.000000000000000000e+00,0.000000000000000000e+00,2.802555561364202807e-01,3.081362691334550985e-01,0.000000000000000000e+00,2.903987920526450162e-01,2.836132646820191949e-01,2.998887470336463745e-01,0.000000000000000000e+00,0.000000000000000000e+00,0.000000000000000000e+00,0.000000000000000000e+00,2.954090121387681900e-01
2.704030299229158163e-01,0.000000000000000000e+00,0.000000000000000000e+00,0.000000000000000000e+00,0.000000000000000000e+00,0.000000000000000000e+00,2.770028539524205802e-01,0.000000000000000000e+00,0.000000000000000000e+00,2.725499272084285773e-01,0.000000000000000000e+00,3.008612560610671172e-01,2.590245813531494856e-01,0.000000000000000000e+00,0.000000000000000000e+00,2.638437658957745735e-01,0.000000000000000000e+00,2.215980583321655040e-01,0.000000000000000000e+00,0.000000000000000000e+00,0.000000000000000000e+00,2.878554648519754955e-01,0.000000000000000000e+00,2.855122955138881813e-01,2.288269305927800867e-01,2.419238903573417976e-01,0.000000000000000000e+00,2.647332939346119240e-01,0.000000000000000000e+00,0.000000000000000000e+00,2.846480406816909725e-01,3.155252772895977276e-01,2.749399747497855984e-01,3.014327940048919241e-01,3.302377499519433823e-01,0.000000000000000000e+00,2.935966134760593094e-01,3.200912434928900874e-01,0.000000000000000000e+00,3.250735433400203100e-01,3.082331412513165114e-01,0.000000000000000000e+00,0.000000000000000000e+00,0.000000000000000000e+00,0.000000000000000000e+00,0.000000000000000000e+00,0.000000000000000000e+00,0.000000000000000000e+00,0.000000000000000000e+00,0.000000000000000000e+00,0.000000000000000000e+00,0.000000000000000000e+00,0.000000000000000000e+00,0.000000000000000000e+00,3.352078524746808785e-01,0.000000000000000000e+00,3.261995053193759153e-01,0.000000000000000000e+00,0.000000000000000000e+00,0.000000000000000000e+00,0.000000000000000000e+00,3.464197051791708115e-01,3.328666822401745162e-01,0.000000000000000000e+00,0.000000000000000000e+00,0.000000000000000000e+00,0.000000000000000000e+00,0.000000000000000000e+00,3.167022628838874199e-01,3.348041146330946183e-01,3.424946818957598782e-01,0.000000000000000000e+00,0.000000000000000000e+00,0.000000000000000000e+00,0.000000000000000000e+00,3.040955914840435259e-01
2.324825258767377056e-01,2.069593147073013895e-01,0.000000000000000000e+00,0.000000000000000000e+00,0.000000000000000000e+00,0.000000000000000000e+00,0.000000000000000000e+00,2.511973083880443824e-01,0.000000000000000000e+00,2.305120267762388875e-01,0.000000000000000000e+00,2.721616126553644821e-01,0.000000000000000000e+00,0.000000000000000000e+00,2.750796013194730105e-01,1.790080463589880932e-01,2.215980583321655040e-01,0.000000000000000000e+00,0.000000000000000000e+00,2.630417271696012249e-01,2.442826115574558976e-01,1.818825913113779058e-01,2.549146996556180267e-01,2.305583485753066042e-01,1.910547084401582885e-01,2.297781605831522023e-01,2.743444156953371849e-01,2.756670900493771170e-01,2.640808427866578878e-01,0.000000000000000000e+00,2.704563921407092120e-01,3.261464136542093217e-01,2.649909479665720213e-01,2.901488176781595874e-01,3.399014240822207933e-01,0.000000000000000000e+00,0.000000000000000000e+00,2.498663812875747958e-01,3.172821936827063816e-01,3.068369041177768097e-01,3.138951252718946150e-01,3.358612846339696922e-01,0.000000000000000000e+00,0.000000000000000000e+00,0.000000000000000000e+00,2.694389325732488016e-01,2.755007506905178261e-01,0.000000000000000000e+00,0.000000000000000000e+00,0.000000000000000000e+00,0.000000000000000000e+00,0.000000000000000000e+00,0.000000000000000000e+00,0.000000000000000000e+00,3.212098274316675939e-01,0.000000000000000000e+00,3.190304128986701793e-01,0.000000000000000000e+00,0.000000000000000000e+00,0.000000000000000000e+00,2.973343195584872145e-01,3.221804250350928100e-01,3.099123922295898836e-01,0.000000000000000000e+00,0.000000000000000000e+00,0.000000000000000000e+00,2.759021874491368043e-01,0.000000000000000000e+00,2.758124105974388840e-01,2.997536985483786887e-01,3.066453946948897169e-01,0.000000000000000000e+00,0.000000000000000000e+00,0.000000000000000000e+00,0.000000000000000000e+00,3.110251080696048165e-01
0.000000000000000000e+00,0.000000000000000000e+00,1.750939663134878921e-01,2.032560799635164117e-01,2.434290445128846903e-01,2.515467983080181269e-01,3.108155645874861039e-01,2.750499363433407951e-01,1.862964614831985888e-01,3.186782575012125918e-01,1.670569796490211922e-01,0.000000000000000000e+00,3.202401981163978117e-01,1.879430290064771081e-01,0.000000000000000000e+00,0.000000000000000000e+00,0.000000000000000000e+00,0.000000000000000000e+00,0.000000000000000000e+00,3.413966347613009988e-01,0.000000000000000000e+00,0.000000000000000000e+00,2.529948947623821831e-01,0.000000000000000000e+00,0.000000000000000000e+00,0.000000000000000000e+00,2.155692227719661902e-01,3.188818724377577851e-01,3.079962035649982943e-01,3.288631554753019826e-01,3.237416967359179054e-01,3.027575956010818969e-01,0.000000000000000000e+00,3.326400955264300907e-01,3.467343686030360805e-01,2.221003736942833984e-01,2.869113705018975780e-01,3.415129338268074743e-01,0.000000000000000000e+00,0.000000000000000000e+00,4.236703780710021072e-01,0.000000000000000000e+00,3.669205174874837772e-01,0.000000000000000000e+00,0.000000000000000000e+00,0.000000000000000000e+00,0.000000000000000000e+00,3.972467407654258764e-01,0.000000000000000000e+00,3.933146568516917019e-01,4.336970877668885893e-01,4.357975764892387804e-01,3.948072774793230932e-01,4.263778135401797842e-01,0.000000000000000000e+00,2.965665488808951755e-01,0.000000000000000000e+00,4.231744095790678784e-01,0.000000000000000000e+00,0.000000000000000000e+00,0.000000000000000000e+00,0.000000000000000000e+00,0.000000000000000000e+00,3.941318383449852192e-01,0.000000000000000000e+00,0.000000000000000000e+00,0.000000000000000000e+00,4.093021437549765884e-01,0.000000000000000000e+00,0.000000000000000000e+00,0.000000000000000000e+00,4.181757707200330909e-01,4.018762920186932930e-01,0.000000000000000000e+00,0.000000000000000000e+00,4.222851950526648190e-01
2.792474598694600907e-01,2.703786845723225030e-01,2.766362134602811107e-01,0.000000000000000000e+00,2.747253740631457886e-01,2.549274837201295774e-01,3.170763111151443936e-01,2.987235694532632269e-01,2.769451052332175256e-01,3.729766500102489890e-01,0.000000000000000000e+00,0.000000000000000000e+00,3.070111571751190094e-01,0.000000000000000000e+00,2.229587297313709027e-01,2.480675913481382999e-01,0.000000000000000000e+00,2.630417271696012249e-01,3.413966347613009988e-01,0.000000000000000000e+00,2.934832647250413817e-01,2.554581621225027188e-01,2.158864750215910011e-01,2.914645528083201764e-01,2.603923187298757824e-01,2.907666794367296803e-01,2.102989506601576908e-01,2.567189589814504180e-01,2.183928283573761120e-01,2.093944823365037067e-01,2.960076616525723070e-01,3.686956763556926142e-01,2.919271345218318880e-01,3.536838700464797203e-01,4.111443902675188111e-01,4.304891431791605938e-01,4.227101962576300109e-01,3.894371011087592871e-01,3.542216851893736917e-01,0.000000000000000000e+00,3.731596189146771936e-01,0.000000000000000000e+00,3.637585153073923938e-01,0.000000000000000000e+00,0.000000000000000000e+00,0.000000000000000000e+00,2.912416523827913162e-01,0.000000000000000000e+00,0.000000000000000000e+00,0.000000000000000000e+00,0.000000000000000000e+00,0.000000000000000000e+00,3.167550008201687750e-01,0.000000000000000000e+00,0.000000000000000000e+00,0.000000000000000000e+00,0.000000000000000000e+00,3.654474128159940771e-01,0.000000000000000000e+00,3.498755540382735840e-01,0.000000000000000000e+00,0.000000000000000000e+00,0.000000000000000000e+00,0.000000000000000000e+00,3.515435323549653268e-01,2.981109746585381970e-01,3.307964596359083131e-01,3.526301510992811972e-01,0.000000000000000000e+00,2.991046822250066906e-01,3.112218463011444114e-01,3.734834522106378896e-01,3.661048722073252937e-01,3.461234254053361936e-01,0.000000000000000000e+00,3.690907777863601802e-01
2.473609395547874956e-01,2.606199089068372832e-01,2.917972611883625778e-01,0.000000000000000000e+00,2.964279400432108247e-01,2.822625104951164143e-01,3.254090493583389199e-01,2.550981841253471827e-01,3.133696499960921811e-01,3.703683240894758977e-01,0.000000000000000000e+00,0.000000000000000000e+00,3.225508439217253942e-01,0.000000000000000000e+00,2.879497300539000104e-01,2.695143977596134999e-01,0.000000000000000000e+00,2.442826115574558976e-01,0.000000000000000000e+00,2.934832647250413817e-01,0.000000000000000000e+00,2.942236057868021226e-01,2.483181302932057077e-01,2.480640978868841051e-01,2.446110300523119951e-01,2.974772928455816090e-01,3.091469413564947866e-01,3.154071620045660884e-01,2.785173682688257268e-01,3.028570720624649826e-01,3.249578569560152008e-01,3.451484395274084793e-01,2.677403246189142827e-01,3.532586303437169062e-01,4.066122975011394192e-01,3.745186554051495031e-01,4.084373002808580067e-01,0.000000000000000000e+00,3.418523436467509891e-01,2.903047168177558812e-01,3.675220771359988814e-01,3.757708229418079138e-01,0.000000000000000000e+00,0.000000000000000000e+00,0.000000000000000000e+00,2.727176353125607133e-01,2.921364178429811109e-01,0.000000000000000000e+00,0.000000000000000000e+00,0.000000000000000000e+00,0.000000000000000000e+00,0.000000000000000000e+00,3.069645150457966931e-01,0.000000000000000000e+00,0.000000000000000000e+00,0.000000000000000000e+00,0.000000000000000000e+00,3.739847108198515735e-01,0.000000000000000000e+00,3.422726625740197259e-01,2.992925282040110879e-01,0.000000000000000000e+00,0.000000000000000000e+00,0.000000000000000000e+00,3.506884384725081905e-01,2.670006786213616756e-01,3.390772056130639811e-01,3.224443093964202145e-01,0.000000000000000000e+00,2.769677404427478007e-01,3.232806307083143094e-01,3.588331737367422836e-01,3.532943696084203111e-01,3.472828575138630081e-01,0.000000000000000000e+00,3.793452698402259848e-01
