0.000000000000000000e+00,4.194625193222706883e-01,4.323261678218842108e-01,0.000000000000000000e+00,0.000000000000000000e+00,4.483439019483961840e-01,4.845783099864188204e-01,5.109883903452555609e-01,4.246546021524548742e-01,4.051369845286901250e-01,0.000000000000000000e+00,3.993357643972362259e-01,4.755616693364659864e-01,5.242459069534503024e-01,3.988805824353722773e-01,4.449930150454681210e-01,3.904420137267003987e-01,4.087273511755996069e-01,0.000000000000000000e+00,4.496564005768363126e-01,4.298216783529569263e-01,4.506320545649010190e-01,4.728765401267959190e-01,3.752158141614375109e-01,3.907826412618647938e-01,3.899019560369921256e-01,4.638092207490570051e-01,4.875164876827777771e-01,4.663971516141909857e-01,0.000000000000000000e+00,3.931515409520304760e-01,4.508681595290441879e-01,3.880336753915790138e-01,3.933580916810984762e-01,4.594576523667017187e-01,0.000000000000000000e+00,0.000000000000000000e+00,4.335440574152876203e-01,4.602191473131496124e-01,4.531728811976982185e-01,4.299210312319918792e-01,4.748480624698224739e-01,0.000000000000000000e+00,0.000000000000000000e+00,0.000000000000000000e+00,3.935691733950184013e-01,4.654653305496750937e-01,0.000000000000000000e+00,0.000000000000000000e+00,0.000000000000000000e+00,0.000000000000000000e+00,0.000000000000000000e+00,0.000000000000000000e+00,0.000000000000000000e+00,4.603239479148822921e-01,0.000000000000000000e+00,4.900931064401438109e-01,0.000000000000000000e+00,0.000000000000000000e+00,5.063006389112817418e-01,4.625551822578816141e-01,4.081260341206836006e-01,4.516078586527189076e-01,0.000000000000000000e+00,5.042113614363203933e-01,4.568593073077997224e-01,5.025029775187411785e-01,4.998421098591198097e-01,4.344910277022023815e-01,4.518918906039692263e-01,4.698085623806043110e-01,0.000000000000000000e+00,3.877385258674622137e-01,0.000000000000000000e+00,0.000000000000000000e+00,5.256207151218934559e-01
4.194625193222706883e-01,0.000000000000000000e+00,4.482980036080649877e-01,0.000000000000000000e+00,4.470047895270600757e-01,4.283620197025196918e-01,4.631391454962968113e-01,4.688409886274009786e-01,4.323730043776214949e-01,3.513644154539308229e-01,0.000000000000000000e+00,0.000000000000000000e+00,4.658140219046227881e-01,0.000000000000000000e+00,4.669511896851000210e-01,4.359037590293158848e-01,3.902904519891405855e-01,4.138945515671477171e-01,0.000000000000000000e+00,4.454887408705490159e-01,4.409552729795415127e-01,4.266709988027306832e-01,4.586101757921289823e-01,0.000000000000000000e+00,3.485299957964647088e-01,4.152770690011521881e-01,4.416185195039022959e-01,4.613133610622636160e-01,4.340776313451641943e-01,0.000000000000000000e+00,4.055843863148735906e-01,4.515385458600871260e-01,4.014839890516023746e-01,4.110634271006317064e-01,4.817010410106999929e-01,0.000000000000000000e+00,0.000000000000000000e+00,0.000000000000000000e+00,4.815984065507379897e-01,4.581716688259300230e-01,4.513787925746307050e-01,4.883768616208222779e-01,0.000000000000000000e+00,0.000000000000000000e+00,0.000000000000000000e+00,4.845094885556547881e-01,4.817966827379068229e-01,0.000000000000000000e+00,0.000000000000000000e+00,0.000000000000000000e+00,4.620208342066502993e-01,0.000000000000000000e+00,0.000000000000000000e+00,0.000000000000000000e+00,3.965423221127071240e-01,0.000000000000000000e+00,0.000000000000000000e+00,4.709386098011690835e-01,0.000000000000000000e+00,5.046141810556222795e-01,4.711392950255061107e-01,4.117889453663912125e-01,4.587602874598424862e-01,0.000000000000000000e+00,4.673170256822781754e-01,4.919593701330293167e-01,4.878369192120440845e-01,4.905075101878019206e-01,4.606844577559314757e-01,4.650399367628330061e-01,5.031510019363453212e-01,4.908886868094093914e-01,5.056438104717395632e-01,4.788055953831014122e-01,0.000000000000000000e+00,4.443678403310594160e-01
4.323261678218842108e-01,4.482980036080649877e-01,0.000000000000000000e+00,0.000000000000000000e+00,4.158130804381303114e-01,3.867971355175817139e-01,4.770996977648879200e-01,4.628742432162837872e-01,3.505749608969416231e-01,4.848438898426735144e-01,3.225996974666383021e-01,4.825376460299897197e-01,4.921926303070021103e-01,3.833413550172729001e-01,0.000000000000000000e+00,0.000000000000000000e+00,0.000000000000000000e+00,0.000000000000000000e+00,2.615641956625930908e-01,4.415992749093827219e-01,4.477592604623651940e-01,4.537574330939436185e-01,3.270746586935592837e-01,0.000000000000000000e+00,4.330769723387420944e-01,4.570596784912763222e-01,3.554586489386711845e-01,5.013696399568794426e-01,4.538094007887071846e-01,5.155225476646012606e-01,5.114503907472608413e-01,4.731361749246684179e-01,4.443543218408960160e-01,5.103217163907389775e-01,5.139440207620116219e-01,3.751750809028068789e-01,4.885728053580755126e-01,0.000000000000000000e+00,4.970465371006094202e-01,0.000000000000000000e+00,5.643599683996802785e-01,5.630914364120932492e-01,5.029193842200739839e-01,0.000000000000000000e+00,0.000000000000000000e+00,0.000000000000000000e+00,0.000000000000000000e+00,3.621640832118825926e-01,0.000000000000000000e+00,5.754715728601239588e-01,5.911746503410975073e-01,5.742583197282749019e-01,5.523238429290823204e-01,5.784722579240385576e-01,0.000000000000000000e+00,4.059423828686434810e-01,0.000000000000000000e+00,5.668661664912628684e-01,5.147701199496702573e-01,0.000000000000000000e+00,0.000000000000000000e+00,0.000000000000000000e+00,0.000000000000000000e+00,2.560521430093229966e-01,5.455143539373565886e-01,0.000000000000000000e+00,4.701187792000656174e-01,5.841953008120908120e-01,0.000000000000000000e+00,0.000000000000000000e+00,0.000000000000000000e+00,5.737828432235289045e-01,5.639769041528993609e-01,5.244114921735106849e-01,5.586254225637684590e-01,5.637930019299176587e-01
0.000000000000000000e+00,0.000000000000000000e+00,0.000000000000000000e+00,0.000000000000000000e+00,3.153061187076514060e-01,0.000000000000000000e+00,2.547345266327479263e-01,4.187327247389618923e-01,4.542815123222065932e-01,0.000000000000000000e+00,4.132884383564627839e-01,0.000000000000000000e+00,3.890162159684421028e-01,3.762809547992013171e-01,0.000000000000000000e+00,0.000000000000000000e+00,0.000000000000000000e+00,0.000000000000000000e+00,4.137011781359931084e-01,0.000000000000000000e+00,0.000000000000000000e+00,0.000000000000000000e+00,4.271357792464969827e-01,0.000000000000000000e+00,0.000000000000000000e+00,0.000000000000000000e+00,0.000000000000000000e+00,3.455285622562908054e-01,0.000000000000000000e+00,0.000000000000000000e+00,0.000000000000000000e+00,3.804666988685443951e-01,0.000000000000000000e+00,3.722200660531734817e-01,4.798283641313130787e-01,3.030968872495677924e-01,2.124588960750576905e-01,0.000000000000000000e+00,0.000000000000000000e+00,0.000000000000000000e+00,0.000000000000000000e+00,0.000000000000000000e+00,0.000000000000000000e+00,0.000000000000000000e+00,0.000000000000000000e+00,0.000000000000000000e+00,0.000000000000000000e+00,0.000000000000000000e+00,0.000000000000000000e+00,0.000000000000000000e+00,0.000000000000000000e+00,0.000000000000000000e+00,0.000000000000000000e+00,0.000000000000000000e+00,0.000000000000000000e+00,0.000000000000000000e+00,0.000000000000000000e+00,0.000000000000000000e+00,0.000000000000000000e+00,0.000000000000000000e+00,0.000000000000000000e+00,0.000000000000000000e+00,0.000000000000000000e+00,0.000000000000000000e+00,0.000000000000000000e+00,0.000000000000000000e+00,0.000000000000000000e+00,0.000000000000000000e+00,0.000000000000000000e+00,0.000000000000000000e+00,0.000000000000000000e+00,0.000000000000000000e+00,0.000000000000000000e+00,0.000000000000000000e+00,0.000000000000000000e+00,0.000000000000000000e+00
0.000000000000000000e+00,4.470047895270600757e-01,4.158130804381303114e-01,3.153061187076514060e-01,0.000000000000000000e+00,4.057495345796605091e-01,3.559137405387127195e-01,4.333682363168885887e-01,3.548282577922748926e-01,4.826281608907269094e-01,3.685574491830626020e-01,4.690624787705343079e-01,4.224319317767301074e-01,3.259070288502765034e-01,0.000000000000000000e+00,4.802524480509465232e-01,4.836252248354503958e-01,4.559214846142878863e-01,4.023618405209694049e-01,4.507562099655630927e-01,4.577812679287763253e-01,4.720183162022176804e-01,4.399768563256634124e-01,4.605797608649634944e-01,4.356261258351635801e-01,4.276505475895325259e-01,4.159097234846976243e-01,4.390935002931786735e-01,4.436144426162043075e-01,4.743929693112636792e-01,4.962231946275468264e-01,4.359250539132690783e-01,4.630578615932546827e-01,4.737353383239727989e-01,4.470973938999309727e-01,3.065376479679536859e-01,2.208088187463412011e-01,4.474732042063775950e-01,4.941811802555987065e-01,4.146612534009990192e-01,5.595327570946951878e-01,5.564921830288521720e-01,5.096105148523071282e-01,0.000000000000000000e+00,0.000000000000000000e+00,0.000000000000000000e+00,4.627164027746279995e-01,5.685132370570887828e-01,0.000000000000000000e+00,5.676513622129456538e-01,5.615946480126771112e-01,5.614976894989978096e-01,5.189084053834880361e-01,5.738360855061235277e-01,0.000000000000000000e+00,5.275821849121316021e-01,0.000000000000000000e+00,5.545771314281146003e-01,0.000000000000000000e+00,0.000000000000000000e+00,4.782596012367626992e-01,0.000000000000000000e+00,0.000000000000000000e+00,5.583059860108091632e-01,5.238603197726936500e-01,0.000000000000000000e+00,4.840142746069457935e-01,5.659374921171316242e-01,0.000000000000000000e+00,0.000000000000000000e+00,4.918690711121999071e-01,5.544636382435322863e-01,5.608256590308985379e-01,5.327020691209495284e-01,0.000000000000000000e+00,5.512186126602429681e-01
4.483439019483961840e-01,4.283620197025196918e-01,3.867971355175817139e-01,0.000000000000000000e+00,4.057495345796605091e-01,0.000000000000000000e+00,4.337194649182343764e-01,4.377405531174330955e-01,3.486829066996580129e-01,4.730787900555316061e-01,4.017229808773010169e-01,4.688552554654953908e-01,3.998962922550547971e-01,4.434882483163328781e-01,4.331189009715061822e-01,4.562494969794301247e-01,4.025026304058426097e-01,4.387558110569089731e-01,3.955009406030781105e-01,4.109889854454444880e-01,4.409987655771053228e-01,4.376215217118719081e-01,3.876744684396877250e-01,0.000000000000000000e+00,4.220122605718001907e-01,4.487725171037570959e-01,3.584172859993666194e-01,4.012276206169975157e-01,3.439648851331779111e-01,4.384207481015867103e-01,4.566311975983873839e-01,4.178631535789248952e-01,4.110860257059545941e-01,4.620420528749912270e-01,4.601863949264696219e-01,4.825792963148827219e-01,4.581329633784684274e-01,0.000000000000000000e+00,4.989776652030104009e-01,4.286008320018376838e-01,5.354004887760515086e-01,5.349802265975920346e-01,5.172555499773471288e-01,0.000000000000000000e+00,0.000000000000000000e+00,4.304044612162057915e-01,4.596966984545913792e-01,5.691742935881918264e-01,0.000000000000000000e+00,5.655634837172264229e-01,5.481306925349984649e-01,5.522913106242096637e-01,5.005497158237763866e-01,5.702235069845347226e-01,0.000000000000000000e+00,5.129338634404264630e-01,0.000000000000000000e+00,5.428938722641222236e-01,0.000000000000000000e+00,4.814024694867041210e-01,4.580303906981111894e-01,0.000000000000000000e+00,5.009526197563484162e-01,5.512632073862790971e-01,4.879002783247785024e-01,4.660159724925526104e-01,4.595804972624569773e-01,5.471766260056044606e-01,0.000000000000000000e+00,4.498237608583626201e-01,4.842348251776197876e-01,5.367883453602652066e-01,5.445687704050211631e-01,5.125841655224131488e-01,5.404497406779854574e-01,5.378319347208595502e-01
4.845783099864188204e-01,4.631391454962968113e-01,4.770996977648879200e-01,2.547345266327479263e-01,3.559137405387127195e-01,4.337194649182343764e-01,0.000000000000000000e+00,4.822467891893597036e-01,4.485434967971264064e-01,4.430587728254870017e-01,4.793455658756705096e-01,4.409728727638225765e-01,3.669558663916582808e-01,3.732835633070871739e-01,4.454256040327019273e-01,5.021539724561031592e-01,4.441813036864630249e-01,4.719832475983147813e-01,4.863259859267389795e-01,4.737815438996662021e-01,4.827645419521859882e-01,4.870697368802738847e-01,4.620167008552957255e-01,4.497649628587507276e-01,4.518293611832456258e-01,4.409763137075711770e-01,4.541230764683524268e-01,4.248736697687154895e-01,4.610996835685269857e-01,4.924731671405875866e-01,4.547938775114904186e-01,4.377967184152308233e-01,4.105129477316338260e-01,4.257030977922421910e-01,4.242226951321165229e-01,3.782106186820148874e-01,0.000000000000000000e+00,3.975310442362964825e-01,5.129690699262328124e-01,4.248111971438670031e-01,5.532445560662867523e-01,5.606258427249510845e-01,5.331422511515148122e-01,0.000000000000000000e+00,0.000000000000000000e+00,0.000000000000000000e+00,4.787557795371317759e-01,5.706198904604405930e-01,0.000000000000000000e+00,5.650640553558077261e-01,5.599447232997245560e-01,5.649989230017588016e-01,5.284856819048989740e-01,5.817592130273434581e-01,0.000000000000000000e+00,5.345834176317978415e-01,0.000000000000000000e+00,5.592132651479910788e-01,0.000000000000000000e+00,4.975177783506057883e-01,4.806229988175753087e-01,0.000000000000000000e+00,0.000000000000000000e+00,5.705220512195374738e-01,5.139285028978980430e-01,4.894856512967464268e-01,4.656977780823459145e-01,5.595510312637450578e-01,0.000000000000000000e+00,4.690656777330229898e-01,4.924519516887361226e-01,5.500624076714253352e-01,5.567783006063332651e-01,5.316849368059515246e-01,5.576823952821580166e-01,5.532211340285408951e-01
5.109883903452555609e-01,4.688409886274009786e-01,4.628742432162837872e-01,4.187327247389618923e-01,4.333682363168885887e-01,4.377405531174330955e-01,4.822467891893597036e-01,0.000000000000000000e+00,4.991270231854246786e-01,4.815979766897363068e-01,3.307701496495146221e-01,4.694593600474898931e-01,4.789064115809186228e-01,3.606007107086721120e-01,4.554426864078772730e-01,4.851417058884450739e-01,0.000000000000000000e+00,4.901513889835060200e-01,3.940199715943112913e-01,4.377949616389635867e-01,4.171688329165371134e-01,4.448496248515930174e-01,3.850609640979488213e-01,5.177566917996937468e-01,4.798445757593884919e-01,4.937382645658289215e-01,4.600357820264989184e-01,4.670134664112696177e-01,4.223459710067911099e-01,4.610828915975183073e-01,4.840025297116208880e-01,4.252086295771886904e-01,3.688964621819493805e-01,4.864778791266369806e-01,5.027805752310761100e-01,3.615485793411480908e-01,4.722685402610378724e-01,5.159711837768554688e-01,4.760127780307261136e-01,0.000000000000000000e+00,5.251866465842327525e-01,5.196570748075959312e-01,4.313434358899643217e-01,0.000000000000000000e+00,0.000000000000000000e+00,0.000000000000000000e+00,0.000000000000000000e+00,5.594090470989587782e-01,0.000000000000000000e+00,5.521729745491218422e-01,5.244895856474051099e-01,5.346921275666197682e-01,4.406882277442972784e-01,5.445859729784841008e-01,0.000000000000000000e+00,4.790870611025471737e-01,0.000000000000000000e+00,5.147728036140518659e-01,4.940666255666846252e-01,5.035902465940221839e-01,0.000000000000000000e+00,0.000000000000000000e+00,0.000000000000000000e+00,5.508558782284238564e-01,4.896244393921336258e-01,4.989706098938394008e-01,5.210969698971789077e-01,5.270916675476701174e-01,0.000000000000000000e+00,0.000000000000000000e+00,4.976418229132767990e-01,5.236644622891711842e-01,5.173104609478362814e-01,4.809359759291734204e-01,4.995931236612241033e-01,5.109618265145016158e-01
4.246546021524548742e-01,4.323730043776214949e-01,3.505749608969416231e-01,4.542815123222065932e-01,3.548282577922748926e-01,3.486829066996580129e-01,4.485434967971264064e-01,4.991270231854246786e-01,0.000000000000000000e+00,4.962579363206777727e-01,3.242546624640271768e-01,4.942196555376210942e-01,4.431274935695119210e-01,4.094073236454325859e-01,3.685729503631591797e-01,4.679430642787387185e-01,4.893519354271972932e-01,4.779490527409439027e-01,2.986646546490622778e-01,4.291188165164938062e-01,4.648239264005810112e-01,4.467440676117571119e-01,4.351475559836783247e-01,4.871439056385890032e-01,4.527925341855992825e-01,4.578577345615376104e-01,3.838589525342154252e-01,4.938710078530558767e-01,4.396708865845377900e-01,4.960665358296801886e-01,5.035645593073799775e-01,4.616938076150645109e-01,4.490935199999083749e-01,4.972996719005932098e-01,4.901201367981543044e-01,4.775211655234082864e-01,4.791121665168033839e-01,4.667138360561415844e-01,4.997772082072767241e-01,0.000000000000000000e+00,5.622780493715018313e-01,5.632891775093046283e-01,5.048515590242395046e-01,0.000000000000000000e+00,0.000000000000000000e+00,0.000000000000000000e+00,4.806224246075537221e-01,5.326212148863338491e-01,0.000000000000000000e+00,5.703746637358877436e-01,5.779997876232283449e-01,5.688544095519094679e-01,5.482044449580808498e-01,5.751810188433635895e-01,0.000000000000000000e+00,5.247694093509022162e-01,0.000000000000000000e+00,5.582693643458679356e-01,5.078030264923885095e-01,4.683976470683688942e-01,0.000000000000000000e+00,0.000000000000000000e+00,0.000000000000000000e+00,5.416671613701120602e-01,5.316487630743331749e-01,0.000000000000000000e+00,4.830995257173681945e-01,5.779563999695848109e-01,0.000000000000000000e+00,0.000000000000000000e+00,4.972281124606087732e-01,5.686623837869516640e-01,5.603491410103583759e-01,5.295328124099268896e-01,5.690877104919676022e-01,5.561419249104594398e-01
4.051369845286901250e-01,3.513644154539308229e-01,4.848438898426735144e-01,0.000000000000000000e+00,4.826281608907269094e-01,4.730787900555316061e-01,4.430587728254870017e-01,4.815979766897363068e-01,4.962579363206777727e-01,0.000000000000000000e+00,4.854525349710417936e-01,3.001318352021855040e-01,4.490139649521651122e-01,4.468132014974137145e-01,0.000000000000000000e+00,4.167270873674225884e-01,3.519931534950350160e-01,3.668803935089807178e-01,4.924365782544227743e-01,4.150022948745328844e-01,4.672505606385015109e-01,4.055189524384992250e-01,4.742604946298927260e-01,3.231776282635652198e-01,2.638729194230162167e-01,3.207166671825724125e-01,4.760040859360036847e-01,4.388007955946301997e-01,4.154192605197372101e-01,0.000000000000000000e+00,3.655460437900067139e-01,3.742050271814310047e-01,3.211650555528234863e-01,3.068707606196188764e-01,3.449196378828162102e-01,3.963740736705789192e-01,3.105880346887983090e-01,2.789240197912566943e-01,3.095540621497339107e-01,4.176855779398784829e-01,3.987028089858957181e-01,4.285518625937367876e-01,0.000000000000000000e+00,0.000000000000000000e+00,3.440700790893438943e-01,4.708838533717519259e-01,0.000000000000000000e+00,0.000000000000000000e+00,0.000000000000000000e+00,0.000000000000000000e+00,5.373698852494392941e-01,0.000000000000000000e+00,0.000000000000000000e+00,0.000000000000000000e+00,4.765629638258394030e-01,0.000000000000000000e+00,4.829114251152650805e-01,4.588876327687966827e-01,0.000000000000000000e+00,0.000000000000000000e+00,4.293070811550981913e-01,4.857365389942935874e-01,4.719145525963446275e-01,0.000000000000000000e+00,0.000000000000000000e+00,0.000000000000000000e+00,0.000000000000000000e+00,5.245507664104416268e-01,4.521949915868134218e-01,4.680922166019557129e-01,4.851987223703019270e-01,5.265030455495205430e-01,4.659077154730407178e-01,0.000000000000000000e+00,0.000000000000000000e+00,4.494949097434102758e-01
0.000000000000000000e+00,0.000000000000000000e+00,3.225996974666383021e-01,4.132884383564627839e-01,3.685574491830626020e-01,4.017229808773010169e-01,4.793455658756705096e-01,3.307701496495146221e-01,3.242546624640271768e-01,4.854525349710417936e-01,0.000000000000000000e+00,4.909211546977432228e-01,4.896708310798584263e-01,3.022799770593004864e-01,0.000000000000000000e+00,0.000000000000000000e+00,4.774241805726568977e-01,4.830024615817917755e-01,2.875347187829360163e-01,0.000000000000000000e+00,0.000000000000000000e+00,0.000000000000000000e+00,2.971268378672656807e-01,4.814828602317621775e-01,4.693405151889502025e-01,4.864283797863369063e-01,3.872272293805398835e-01,4.896809489252840208e-01,0.000000000000000000e+00,4.935222245821817011e-01,4.997838424139082192e-01,3.977752850493084802e-01,4.565586018769989818e-01,4.843582254997246261e-01,4.643838062771165065e-01,2.783095469014270074e-01,3.821824887067030163e-01,4.547987158692097243e-01,4.060987811252735891e-01,0.000000000000000000e+00,4.835680086712783043e-01,0.000000000000000000e+00,4.288501270679517807e-01,0.000000000000000000e+00,0.000000000000000000e+00,0.000000000000000000e+00,0.000000000000000000e+00,4.721901267861868257e-01,0.000000000000000000e+00,5.151080552035500748e-01,5.574334927090901504e-01,5.211821375522035504e-01,4.676445675011143832e-01,4.907404556674154761e-01,0.000000000000000000e+00,1.988605259291686966e-01,0.000000000000000000e+00,5.142038153677449541e-01,4.406611330597877130e-01,0.000000000000000000e+00,0.000000000000000000e+00,0.000000000000000000e+00,0.000000000000000000e+00,1.664424076427233889e-01,0.000000000000000000e+00,0.000000000000000000e+00,0.000000000000000000e+00,5.308018550719871831e-01,0.000000000000000000e+00,0.000000000000000000e+00,0.000000000000000000e+00,5.368856612962353836e-01,5.167306419859676314e-01,0.000000000000000000e+00,0.000000000000000000e+00,0.000000000000000000e+00
3.993357643972362259e-01,0.000000000000000000e+00,4.825376460299897197e-01,0.000000000000000000e+00,4.690624787705343079e-01,4.688552554654953908e-01,4.409728727638225765e-01,4.694593600474898931e-01,4.942196555376210942e-01,3.001318352021855040e-01,4.909211546977432228e-01,0.000000000000000000e+00,4.512500917026838754e-01,4.435599230317742725e-01,0.000000000000000000e+00,0.000000000000000000e+00,3.795415302591063078e-01,3.799267349435894170e-01,4.862604238445142890e-01,0.000000000000000000e+00,4.660133645899243726e-01,0.000000000000000000e+00,4.586484338677225270e-01,2.852699262033395744e-01,2.695107445770397736e-01,2.726153422155556116e-01,4.641954971687334841e-01,4.206124004225350044e-01,0.000000000000000000e+00,0.000000000000000000e+00,3.889818186669504185e-01,3.042256736238903025e-01,2.954809742393139094e-01,2.757399894891671144e-01,3.376004945866077911e-01,3.441781522060484155e-01,3.166333713472336830e-01,2.589802004424859860e-01,2.845982302708416900e-01,3.943668585000634774e-01,3.939487223277015060e-01,0.000000000000000000e+00,0.000000000000000000e+00,0.000000000000000000e+00,3.185022770178260187e-01,4.648373604690674843e-01,0.000000000000000000e+00,0.000000000000000000e+00,0.000000000000000000e+00,0.000000000000000000e+00,0.000000000000000000e+00,0.000000000000000000e+00,0.000000000000000000e+00,0.000000000000000000e+00,4.796427868910734804e-01,0.000000000000000000e+00,4.917647207259475128e-01,0.000000000000000000e+00,0.000000000000000000e+00,0.000000000000000000e+00,0.000000000000000000e+00,4.927218146479362959e-01,4.824396949556082892e-01,0.000000000000000000e+00,0.000000000000000000e+00,0.000000000000000000e+00,0.000000000000000000e+00,0.000000000000000000e+00,4.418569257881415080e-01,4.791882673966896267e-01,4.951374403782330957e-01,0.000000000000000000e+00,4.580077614443824885e-01,0.000000000000000000e+00,0.000000000000000000e+00,4.465875920298110202e-01
4.755616693364659864e-01,4.658140219046227881e-01,4.921926303070021103e-01,3.890162159684421028e-01,4.224319317767301074e-01,3.998962922550547971e-01,3.669558663916582808e-01,4.789064115809186228e-01,4.431274935695119210e-01,4.490139649521651122e-01,4.896708310798584263e-01,4.512500917026838754e-01,0.000000000000000000e+00,4.184514874569066900e-01,4.519349808792976209e-01,4.971346202799599157e-01,4.502119017124807110e-01,4.755394960316888242e-01,4.939397839330672002e-01,4.663771599754112929e-01,5.054209615923712651e-01,4.835475305321086936e-01,4.621281346010401858e-01,4.543077084731829141e-01,4.568998520840845123e-01,4.489941359522376940e-01,4.554784415253659846e-01,3.890806270287637814e-01,4.320182966177367745e-01,4.248419109384927173e-01,4.485879925273620894e-01,4.513005240554380237e-01,4.262910354972133109e-01,4.439025852840587927e-01,4.506923484603280183e-01,4.405212701842419198e-01,4.416327161934262002e-01,4.142361781900901208e-01,5.148145411007553074e-01,0.000000000000000000e+00,5.535973781102447866e-01,5.548106012281196486e-01,5.253283042454442997e-01,0.000000000000000000e+00,0.000000000000000000e+00,0.000000000000000000e+00,4.805746452100426724e-01,5.588401958056354868e-01,0.000000000000000000e+00,5.640515439266806652e-01,5.479768421778173915e-01,5.531240879087259144e-01,5.252483362466954242e-01,5.619458957598566506e-01,0.000000000000000000e+00,5.100991829537045996e-01,0.000000000000000000e+00,5.500392099997991613e-01,0.000000000000000000e+00,5.081661423600322136e-01,4.894472039900472082e-01,0.000000000000000000e+00,0.000000000000000000e+00,5.622531996117884345e-01,5.113931457670541914e-01,5.276476521601389802e-01,4.776792830309826154e-01,5.475338329513987912e-01,0.000000000000000000e+00,4.746599045103482850e-01,4.986732761318987128e-01,5.427099993655342125e-01,5.517282889879976393e-01,5.311058018872933939e-01,5.489322830814883369e-01,5.412521791317688180e-01
5.242459069534503024e-01,0.000000000000000000e+00,3.833413550172729001e-01,3.762809547992013171e-01,3.259070288502765034e-01,4.434882483163328781e-01,3.732835633070871739e-01,3.606007107086721120e-01,4.094073236454325859e-01,4.468132014974137145e-01,3.022799770593004864e-01,4.435599230317742725e-01,4.184514874569066900e-01,0.000000000000000000e+00,0.000000000000000000e+00,0.000000000000000000e+00,0.000000000000000000e+00,0.000000000000000000e+00,3.521013402122272762e-01,0.000000000000000000e+00,4.489911967255191816e-01,0.000000000000000000e+00,3.961687456824458109e-01,0.000000000000000000e+00,0.000000000000000000e+00,4.957104479136347219e-01,4.454401432936512806e-01,3.934047922189005120e-01,0.000000000000000000e+00,0.000000000000000000e+00,4.449954902010628266e-01,2.604706556215323765e-01,0.000000000000000000e+00,4.204033708181816875e-01,0.000000000000000000e+00,2.455468081782692102e-01,2.100624907318897061e-01,0.000000000000000000e+00,3.687770366668701172e-01,0.000000000000000000e+00,0.000000000000000000e+00,0.000000000000000000e+00,4.013200881449576207e-01,0.000000000000000000e+00,0.000000000000000000e+00,0.000000000000000000e+00,0.000000000000000000e+00,4.815068788837644220e-01,0.000000000000000000e+00,4.960734205658113849e-01,5.306417492336040764e-01,0.000000000000000000e+00,4.362297348475399072e-01,5.072105039195412557e-01,0.000000000000000000e+00,4.564205096207927248e-01,0.000000000000000000e+00,0.000000000000000000e+00,4.589794874191284180e-01,0.000000000000000000e+00,0.000000000000000000e+00,0.000000000000000000e+00,0.000000000000000000e+00,5.561500957228131536e-01,0.000000000000000000e+00,0.000000000000000000e+00,0.000000000000000000e+00,5.277534127251601870e-01,0.000000000000000000e+00,0.000000000000000000e+00,0.000000000000000000e+00,5.442805076367082107e-01,0.000000000000000000e+00,0.000000000000000000e+00,0.000000000000000000e+00,0.000000000000000000e+00
3.988805824353722773e-01,4.669511896851000210e-01,0.000000000000000000e+00,0.000000000000000000e+00,0.000000000000000000e+00,4.331189009715061822e-01,4.454256040327019273e-01,4.554426864078772730e-01,3.685729503631591797e-01,0.000000000000000000e+00,0.000000000000000000e+00,0.000000000000000000e+00,4.519349808792976209e-01,0.000000000000000000e+00,0.000000000000000000e+00,4.742588768985441239e-01,4.311881123907623237e-01,4.605772999021515157e-01,0.000000000000000000e+00,3.162816083381840837e-01,4.068365672702107805e-01,3.050771831788313126e-01,3.610762771673287075e-01,4.636992309861465156e-01,4.436694512668167834e-01,4.164825707118984255e-01,3.581524150653879746e-01,4.331235487542892115e-01,4.145500931168336067e-01,0.000000000000000000e+00,4.629865535855480774e-01,4.728924684173002047e-01,4.429942668643868098e-01,4.819597690246268940e-01,5.250424140562678366e-01,4.838281317394563796e-01,0.000000000000000000e+00,0.000000000000000000e+00,5.001299036988546831e-01,4.909114592038338887e-01,4.983196156723154746e-01,5.202563205078766240e-01,4.799324985953125067e-01,0.000000000000000000e+00,0.000000000000000000e+00,0.000000000000000000e+00,5.018344312176651334e-01,0.000000000000000000e+00,0.000000000000000000e+00,0.000000000000000000e+00,4.817887566741149152e-01,4.879561485266387111e-01,4.539099989276870750e-01,0.000000000000000000e+00,0.000000000000000000e+00,0.000000000000000000e+00,0.000000000000000000e+00,4.930362916756905189e-01,0.000000000000000000e+00,5.293173281249262674e-01,4.815230887243029945e-01,4.273182359677276110e-01,4.610005525987532771e-01,0.000000000000000000e+00,4.802008105406100902e-01,5.094561548693687936e-01,5.329843809657357490e-01,5.017822868735144493e-01,0.000000000000000000e+00,4.463897717292176770e-01,5.444827437572640205e-01,5.048950908217454403e-01,4.959778695418006200e-01,4.879395930314057162e-01,4.921286570806113758e-01,4.868196833927960210e-01
4.449930150454681210e-01,4.359037590293158848e-01,0.000000000000000000e+00,0.000000000000000000e+00,4.802524480509465232e-01,4.562494969794301247e-01,5.021539724561031592e-01,4.851417058884450739e-01,4.679430642787387185e-01,4.167270873674225884e-01,0.000000000000000000e+00,0.000000000000000000e+00,4.971346202799599157e-01,0.000000000000000000e+00,4.742588768985441239e-01,0.000000000000000000e+00,4.248288191720122065e-01,3.873651768234184778e-01,0.000000000000000000e+00,4.385740163731380870e-01,4.707509709295333855e-01,4.080993023036159073e-01,4.778973114136462752e-01,4.036178943525072227e-01,4.014399930601685873e-01,4.631504717172190144e-01,4.653441379552590851e-01,4.763098138270753235e-01,4.627143265517025261e-01,4.573605224873775188e-01,4.293655884225169861e-01,4.811466641997078075e-01,4.350833741817775047e-01,4.400433046844123841e-01,5.008291011742125320e-01,0.000000000000000000e+00,0.000000000000000000e+00,0.000000000000000000e+00,4.866603404104141162e-01,4.627715948041918881e-01,4.633729033202297898e-01,4.922750036714381161e-01,0.000000000000000000e+00,0.000000000000000000e+00,0.000000000000000000e+00,5.018619263366624894e-01,4.856812340369858760e-01,0.000000000000000000e+00,0.000000000000000000e+00,0.000000000000000000e+00,4.778790002065710918e-01,0.000000000000000000e+00,5.239693080469097763e-01,0.000000000000000000e+00,4.014458915315269882e-01,0.000000000000000000e+00,0.000000000000000000e+00,4.891104521064035815e-01,0.000000000000000000e+00,5.080975951293577042e-01,4.781399890865261071e-01,4.379830251522605078e-01,4.634622831578122937e-01,0.000000000000000000e+00,4.891456342705626792e-01,5.033601312378027659e-01,4.882103737916475006e-01,5.173762727551302065e-01,5.073083062374894592e-01,4.772715294328223057e-01,5.007614333805672224e-01,5.138515629555199249e-01,5.328160533331350868e-01,5.023975964877559486e-01,5.341970707439026578e-01,4.562212281625365740e-01
3.904420137267003987e-01,3.902904519891405855e-01,0.000000000000000000e+00,0.000000000000000000e+00,4.836252248354503958e-01,4.025026304058426097e-01,4.441813036864630249e-01,0.000000000000000000e+00,4.893519354271972932e-01,3.519931534950350160e-01,4.774241805726568977e-01,3.795415302591063078e-01,4.502119017124807110e-01,0.000000000000000000e+00,4.311881123907623237e-01,4.248288191720122065e-01,0.000000000000000000e+00,3.356666107106148211e-01,0.000000000000000000e+00,4.367007139692098971e-01,4.703746384690533078e-01,4.331837036924657824e-01,0.000000000000000000e+00,3.839828196194045029e-01,3.409822747258582920e-01,3.719680504992035064e-01,0.000000000000000000e+00,4.423094717812018906e-01,4.844558202933685886e-01,0.000000000000000000e+00,3.900848585285954795e-01,4.411943443968961986e-01,3.495453545027714104e-01,3.710581023294873271e-01,4.045374439610694983e-01,0.000000000000000000e+00,0.000000000000000000e+00,3.493705736273339801e-01,4.827645966297566815e-01,4.520354081767392063e-01,4.396756819726795884e-01,0.000000000000000000e+00,0.000000000000000000e+00,0.000000000000000000e+00,0.000000000000000000e+00,4.683462158226229244e-01,4.154903164482425804e-01,0.000000000000000000e+00,0.000000000000000000e+00,0.000000000000000000e+00,0.000000000000000000e+00,0.000000000000000000e+00,0.000000000000000000e+00,0.000000000000000000e+00,4.934379605220929887e-01,0.000000000000000000e+00,4.992547179176318184e-01,0.000000000000000000e+00,0.000000000000000000e+00,0.000000000000000000e+00,4.307087353614971748e-01,4.831082165645685933e-01,4.698392499988935933e-01,0.000000000000000000e+00,0.000000000000000000e+00,0.000000000000000000e+00,0.000000000000000000e+00,0.000000000000000000e+00,4.666917087993561197e-01,4.687617409814047731e-01,4.812852685074022752e-01,0.000000000000000000e+00,0.000000000000000000e+00,0.000000000000000000e+00,0.000000000000000000e+00,4.470412269064594768e-01
4.087273511755996069e-01,4.138945515671477171e-01,0.000000000000000000e+00,0.000000000000000000e+00,4.559214846142878863e-01,4.387558110569089731e-01,4.719832475983147813e-01,4.901513889835060200e-01,4.779490527409439027e-01,3.668803935089807178e-01,4.830024615817917755e-01,3.799267349435894170e-01,4.755394960316888242e-01,0.000000000000000000e+00,4.605772999021515157e-01,3.873651768234184778e-01,3.356666107106148211e-01,0.000000000000000000e+00,0.000000000000000000e+00,4.551709346621543029e-01,4.615439685331432784e-01,4.359857201665643944e-01,4.673427071002427824e-01,3.869468364805556115e-01,3.351390468458694816e-01,3.934569863716840810e-01,4.568928936935812146e-01,4.677808850107583183e-01,4.774174009096346927e-01,4.638833724235847944e-01,4.054947684836249788e-01,4.550215330506657274e-01,3.776914882362861769e-01,3.968433074315839137e-01,4.398719081338601233e-01,0.000000000000000000e+00,0.000000000000000000e+00,3.517208772246537274e-01,4.762813292775233132e-01,4.491648454677036884e-01,4.432373097623142910e-01,4.643066531501822136e-01,0.000000000000000000e+00,0.000000000000000000e+00,0.000000000000000000e+00,4.738230318708309130e-01,4.791756935573933118e-01,0.000000000000000000e+00,0.000000000000000000e+00,0.000000000000000000e+00,4.464312515672870241e-01,0.000000000000000000e+00,0.000000000000000000e+00,0.000000000000000000e+00,4.828915384671890743e-01,0.000000000000000000e+00,4.882513463790342789e-01,0.000000000000000000e+00,0.000000000000000000e+00,4.933149229372060796e-01,4.618717663792413219e-01,4.726364499752062076e-01,4.607805062672615803e-01,0.000000000000000000e+00,4.795525190112762126e-01,4.742144673281449840e-01,4.744578366148344273e-01,5.119927636437439089e-01,4.773421196777397069e-01,4.586543355948105027e-01,4.732595009774799855e-01,5.124740200099865417e-01,5.154965603869886559e-01,4.766135975044240025e-01,0.000000000000000000e+00,4.478394053907464034e-01
0.000000000000000000e+00,0.000000000000000000e+00,2.615641956625930908e-01,4.137011781359931084e-01,4.023618405209694049e-01,3.955009406030781105e-01,4.863259859267389795e-01,3.940199715943112913e-01,2.986646546490622778e-01,4.924365782544227743e-01,2.875347187829360163e-01,4.862604238445142890e-01,4.939397839330672002e-01,3.521013402122272762e-01,0.000000000000000000e+00,0.000000000000000000e+00,0.000000000000000000e+00,0.000000000000000000e+00,0.000000000000000000e+00,0.000000000000000000e+00,0.000000000000000000e+00,0.000000000000000000e+00,2.564670020802147787e-01,4.747341086078742944e-01,0.000000000000000000e+00,4.701677051938008001e-01,3.566672383247458944e-01,4.910792324024401134e-01,0.000000000000000000e+00,0.000000000000000000e+00,5.030467794109277913e-01,4.314584376704975188e-01,4.747464609264708257e-01,4.910369678144285155e-01,4.887479386339734777e-01,3.657902305805261212e-01,4.264988334477384790e-01,0.000000000000000000e+00,4.145070290094965970e-01,0.000000000000000000e+00,5.751798346437322351e-01,0.000000000000000000e+00,4.327864714739066976e-01,0.000000000000000000e+00,0.000000000000000000e+00,0.000000000000000000e+00,0.000000000000000000e+00,3.578116198300880235e-01,0.000000000000000000e+00,5.367652429975614536e-01,5.751871644273279793e-01,5.641644044520482959e-01,4.866734895687342966e-01,5.468694879507868256e-01,0.000000000000000000e+00,3.462026169098911810e-01,0.000000000000000000e+00,5.369423711159622137e-01,5.726674359883154874e-01,0.000000000000000000e+00,0.000000000000000000e+00,0.000000000000000000e+00,0.000000000000000000e+00,5.000860254330801169e-01,0.000000000000000000e+00,0.000000000000000000e+00,0.000000000000000000e+00,5.442885607300035344e-01,0.000000000000000000e+00,0.000000000000000000e+00,0.000000000000000000e+00,5.407447942606987690e-01,5.389877795115177728e-01,5.135783392165835792e-01,0.000000000000000000e+00,5.530751802523553584e-01
4.496564005768363126e-01,4.454887408705490159e-01,4.415992749093827219e-01,0.000000000000000000e+00,4.507562099655630927e-01,4.109889854454444880e-01,4.737815438996662021e-01,4.377949616389635867e-01,4.291188165164938062e-01,4.150022948745328844e-01,0.000000000000000000e+00,0.000000000000000000e+00,4.663771599754112929e-01,0.000000000000000000e+00,3.162816083381840837e-01,4.385740163731380870e-01,4.367007139692098971e-01,4.551709346621543029e-01,0.000000000000000000e+00,0.000000000000000000e+00,4.326711770022996228e-01,3.972551532585760770e-01,3.303770445251925092e-01,4.846105010936764268e-01,4.328707029060410161e-01,4.649936624496073256e-01,3.622442821824917725e-01,4.348729147044880783e-01,3.578462341958343895e-01,4.190871702813205868e-01,4.106893700469285147e-01,4.513601872956590211e-01,3.931536951263279178e-01,4.470373176446326147e-01,5.006319636847536003e-01,5.399179913407222697e-01,4.917688324967270930e-01,0.000000000000000000e+00,4.863043916553658197e-01,4.582790697322128848e-01,5.013755427066121095e-01,5.086130880266356291e-01,4.884315046212345246e-01,0.000000000000000000e+00,0.000000000000000000e+00,0.000000000000000000e+00,4.652969934206223068e-01,0.000000000000000000e+00,0.000000000000000000e+00,4.855919946274087073e-01,4.949721826022377980e-01,4.968139027228017923e-01,5.067995145754788933e-01,4.751330800714841929e-01,0.000000000000000000e+00,0.000000000000000000e+00,0.000000000000000000e+00,5.067507228034466848e-01,0.000000000000000000e+00,4.963212165022488076e-01,4.635724211860123845e-01,0.000000000000000000e+00,4.676541102934794192e-01,0.000000000000000000e+00,4.897909776668917248e-01,4.895828449142555217e-01,4.894170039930251792e-01,5.096429161436211164e-01,0.000000000000000000e+00,4.444489238562838729e-01,4.943942975364710168e-01,5.113223756626837924e-01,5.168109988554611123e-01,4.988634250790244806e-01,5.081443790098568725e-01,4.963548555489736835e-01
4.298216783529569263e-01,4.409552729795415127e-01,4.477592604623651940e-01,0.000000000000000000e+00,4.577812679287763253e-01,4.409987655771053228e-01,4.827645419521859882e-01,4.171688329165371134e-01,4.648239264005810112e-01,4.672505606385015109e-01,0.000000000000000000e+00,4.660133645899243726e-01,5.054209615923712651e-01,4.489911967255191816e-01,4.068365672702107805e-01,4.707509709295333855e-01,4.703746384690533078e-01,4.615439685331432784e-01,0.000000000000000000e+00,4.326711770022996228e-01,0.000000000000000000e+00,4.807959540450388869e-01,3.844325096496998273e-01,4.917061372177342071e-01,4.490685750180348768e-01,4.400426437237024979e-01,4.254701651383362981e-01,4.905241265039629872e-01,4.522927723467317085e-01,4.752458405476767123e-01,4.588702300813973234e-01,4.597712398563623126e-01,4.236083660777327786e-01,4.860258801745293011e-01,5.231638701582926876e-01,5.380829974577638897e-01,0.000000000000000000e+00,4.844158759293055727e-01,4.688434834976261123e-01,4.660108078541932985e-01,4.947762739027927181e-01,5.083757655333507319e-01,0.000000000000000000e+00,0.000000000000000000e+00,0.000000000000000000e+00,3.500817619906396727e-01,4.880440956779314998e-01,0.000000000000000000e+00,0.000000000000000000e+00,0.000000000000000000e+00,4.981338781265000071e-01,0.000000000000000000e+00,4.970941514276934758e-01,0.000000000000000000e+00,0.000000000000000000e+00,0.000000000000000000e+00,0.000000000000000000e+00,0.000000000000000000e+00,0.000000000000000000e+00,5.053361441421986289e-01,4.649546295232271920e-01,0.000000000000000000e+00,0.000000000000000000e+00,0.000000000000000000e+00,4.701327849194426034e-01,4.355223373030672751e-01,5.156824224727236672e-01,4.839448662285598113e-01,0.000000000000000000e+00,4.367175057504693036e-01,5.275049462463273775e-01,4.966782098083932784e-01,5.073019157275752145e-01,4.875559966828594827e-01,0.000000000000000000e+00,4.739076344129293239e-01
