0.000000000000000000e+00,3.949319614285284885e-01,4.653946337072636941e-01,0.000000000000000000e+00,0.000000000000000000e+00,3.954981987366297802e-01,4.707924918129546832e-01,4.983491162450445766e-01,0.000000000000000000e+00,3.820121755304581868e-01,0.000000000000000000e+00,3.528170522504719964e-01,4.351109360466705045e-01,4.831659282518440124e-01,3.932353157375915731e-01,4.005520009063174847e-01,3.803947014156814910e-01,3.641425944306490026e-01,0.000000000000000000e+00,4.300184906371711246e-01,4.158026196773330074e-01,4.195080569084271849e-01,4.514441307865111885e-01,3.373087517991865125e-01,3.595646278073273971e-01,3.603172675703896766e-01,4.377479974988873757e-01,4.365765364158272210e-01,4.319017085260575262e-01,0.000000000000000000e+00,3.808244126918438055e-01,4.417850728842768748e-01,3.157825228517002203e-01,3.823228864629871215e-01,4.243227668972586186e-01,0.000000000000000000e+00,0.000000000000000000e+00,4.204223287863554925e-01,4.799205016178402228e-01,4.211393448674360940e-01,4.365011559060461011e-01,0.000000000000000000e+00,0.000000000000000000e+00,0.000000000000000000e+00,0.000000000000000000e+00,3.900765782638552781e-01,4.697966889861905915e-01,0.000000000000000000e+00,0.000000000000000000e+00,0.000000000000000000e+00,0.000000000000000000e+00,0.000000000000000000e+00,0.000000000000000000e+00,0.000000000000000000e+00,0.000000000000000000e+00,0.000000000000000000e+00,0.000000000000000000e+00,0.000000000000000000e+00,0.000000000000000000e+00,4.947838521123980038e-01,4.731479500853271181e-01,0.000000000000000000e+00,4.442004557566328060e-01,0.000000000000000000e+00,4.730465708160895844e-01,4.158483749827435183e-01,4.753798519465958772e-01,0.000000000000000000e+00,3.387142198990140129e-01,4.542072122614987939e-01,4.581333047136432746e-01,4.600297400601894848e-01,0.000000000000000000e+00,0.000000000000000000e+00,0.000000000000000000e+00,4.421982371444764803e-01
3.949319614285284885e-01,0.000000000000000000e+00,3.923283685518730857e-01,0.000000000000000000e+00,3.972495065591665764e-01,4.001103943482098857e-01,4.512280611598714075e-01,4.427843266690211221e-01,3.912387577166566155e-01,3.045162193821818741e-01,0.000000000000000000e+00,3.101212315658610219e-01,4.579602357682138747e-01,0.000000000000000000e+00,4.455406231348055801e-01,3.959376051953085729e-01,3.903320262223459181e-01,3.855049181463178765e-01,0.000000000000000000e+00,4.484584945248042964e-01,4.243664966850902998e-01,4.239438070185074237e-01,4.342406754017706927e-01,3.426017156091271110e-01,3.615695997191845090e-01,3.884466315778001833e-01,4.218392575428059899e-01,4.622361729236231231e-01,4.299013192488516100e-01,4.135846043030005914e-01,3.940076339875163147e-01,4.642688761016333099e-01,3.652127761154920771e-01,4.030986781048214729e-01,4.739421888976015906e-01,5.199309192068888308e-01,0.000000000000000000e+00,0.000000000000000000e+00,4.916463770827534940e-01,4.723888626862918216e-01,4.695606923836370128e-01,5.064460914563750915e-01,4.255764620296849099e-01,0.000000000000000000e+00,0.000000000000000000e+00,4.730720204149341246e-01,4.808741517766111917e-01,0.000000000000000000e+00,0.000000000000000000e+00,0.000000000000000000e+00,4.609657110539797098e-01,4.464003169248044189e-01,4.738482436226669758e-01,4.315183001199188739e-01,4.299416172990190854e-01,0.000000000000000000e+00,4.080861226055991220e-01,4.688241623705288186e-01,0.000000000000000000e+00,5.096154463396995737e-01,4.731197135866402892e-01,4.628095298719300255e-01,4.476915397583631218e-01,0.000000000000000000e+00,4.715256349954907167e-01,4.900121510138770176e-01,4.823260262247160979e-01,4.793491015088195972e-01,0.000000000000000000e+00,4.584906507426931843e-01,5.077649797937543452e-01,4.751094945853355234e-01,4.955109598001555260e-01,4.804533521551280217e-01,0.000000000000000000e+00,4.458652089130136775e-01
4.653946337072636941e-01,3.923283685518730857e-01,0.000000000000000000e+00,0.000000000000000000e+00,3.647093791300987098e-01,3.471217179625641913e-01,3.900434245301738212e-01,4.032150709214338824e-01,3.059236580666179206e-01,4.377066272538367997e-01,2.764756470509893149e-01,4.183823439361011864e-01,3.945458162573817207e-01,3.652422730620707991e-01,0.000000000000000000e+00,0.000000000000000000e+00,4.444289366358245008e-01,4.439379475264321195e-01,2.285012100148436087e-01,3.672486083904122900e-01,3.735093885647994827e-01,3.879953459219295242e-01,2.988251817070429195e-01,4.190532597470518761e-01,4.317837313745139238e-01,4.186467858502690986e-01,3.053380939044577080e-01,4.050484543311034247e-01,3.456475160904323163e-01,4.008049060651304174e-01,4.163738210577246912e-01,3.998363562402060811e-01,4.071243602116504934e-01,4.287546868572028047e-01,4.280010766239655817e-01,3.696129412336415232e-01,4.129820569606326153e-01,4.037374574336624056e-01,4.901126701050395051e-01,0.000000000000000000e+00,5.190844856020790932e-01,0.000000000000000000e+00,4.936637688539237123e-01,0.000000000000000000e+00,0.000000000000000000e+00,0.000000000000000000e+00,0.000000000000000000e+00,3.072239203859905010e-01,0.000000000000000000e+00,4.912473893925795032e-01,5.268070465748292408e-01,5.124110880941652457e-01,4.967493924553554874e-01,4.644113260234131735e-01,0.000000000000000000e+00,3.556810190271599836e-01,0.000000000000000000e+00,5.295999328861462629e-01,5.011379423735840000e-01,0.000000000000000000e+00,0.000000000000000000e+00,0.000000000000000000e+00,0.000000000000000000e+00,2.475321541965289918e-01,0.000000000000000000e+00,0.000000000000000000e+00,0.000000000000000000e+00,5.356138947476231094e-01,0.000000000000000000e+00,0.000000000000000000e+00,0.000000000000000000e+00,4.513249835137054800e-01,5.321594299136126471e-01,4.732346846129695805e-01,0.000000000000000000e+00,5.461439776460635942e-01
0.000000000000000000e+00,0.000000000000000000e+00,0.000000000000000000e+00,0.000000000000000000e+00,2.955296326817634101e-01,0.000000000000000000e+00,2.940558808944138125e-01,0.000000000000000000e+00,4.129014607213951082e-01,0.000000000000000000e+00,3.092586892341597227e-01,0.000000000000000000e+00,2.981681310292820797e-01,3.185400946394094102e-01,0.000000000000000000e+00,0.000000000000000000e+00,0.000000000000000000e+00,0.000000000000000000e+00,3.470899953373112745e-01,0.000000000000000000e+00,0.000000000000000000e+00,0.000000000000000000e+00,0.000000000000000000e+00,0.000000000000000000e+00,0.000000000000000000e+00,0.000000000000000000e+00,0.000000000000000000e+00,2.622833952485590925e-01,0.000000000000000000e+00,0.000000000000000000e+00,0.000000000000000000e+00,2.962060365573411236e-01,0.000000000000000000e+00,0.000000000000000000e+00,3.315040429999762117e-01,2.367301993407653071e-01,1.683662695548520938e-01,0.000000000000000000e+00,0.000000000000000000e+00,0.000000000000000000e+00,0.000000000000000000e+00,0.000000000000000000e+00,0.000000000000000000e+00,0.000000000000000000e+00,0.000000000000000000e+00,0.000000000000000000e+00,0.000000000000000000e+00,0.000000000000000000e+00,0.000000000000000000e+00,0.000000000000000000e+00,0.000000000000000000e+00,0.000000000000000000e+00,0.000000000000000000e+00,0.000000000000000000e+00,0.000000000000000000e+00,0.000000000000000000e+00,0.000000000000000000e+00,0.000000000000000000e+00,0.000000000000000000e+00,0.000000000000000000e+00,0.000000000000000000e+00,0.000000000000000000e+00,0.000000000000000000e+00,0.000000000000000000e+00,0.000000000000000000e+00,0.000000000000000000e+00,0.000000000000000000e+00,0.000000000000000000e+00,0.000000000000000000e+00,0.000000000000000000e+00,0.000000000000000000e+00,0.000000000000000000e+00,0.000000000000000000e+00,0.000000000000000000e+00,0.000000000000000000e+00,0.000000000000000000e+00
0.000000000000000000e+00,3.972495065591665764e-01,3.647093791300987098e-01,2.955296326817634101e-01,0.000000000000000000e+00,3.328184462658116960e-01,3.030205098509382022e-01,4.018387854107919877e-01,3.191394756583421088e-01,4.436155108365468225e-01,3.009570969113599115e-01,4.074531859101276909e-01,3.627848457337793930e-01,2.855871650250501048e-01,0.000000000000000000e+00,0.000000000000000000e+00,4.496396417413905944e-01,4.462495217381994839e-01,3.389500751746407081e-01,3.801247298462628876e-01,0.000000000000000000e+00,4.062211474053444848e-01,3.622343528041648830e-01,4.023034724350362246e-01,4.361286529740003859e-01,4.096089662029105960e-01,3.598775746808556275e-01,3.371908303009134023e-01,3.615864516146167773e-01,0.000000000000000000e+00,4.112132743190372031e-01,4.001411373226422263e-01,3.941692942673217792e-01,4.155004844846111878e-01,4.118504293856861120e-01,2.710037082787097873e-01,2.112151100911728863e-01,3.911251550571466784e-01,5.243296927413109154e-01,0.000000000000000000e+00,5.356963907321508067e-01,0.000000000000000000e+00,5.002633265945909402e-01,0.000000000000000000e+00,0.000000000000000000e+00,0.000000000000000000e+00,0.000000000000000000e+00,5.149827370059959497e-01,0.000000000000000000e+00,5.155079511106623880e-01,5.006427639069988000e-01,5.247430768262367762e-01,4.843301803371338199e-01,5.356344759760153229e-01,0.000000000000000000e+00,3.172477292961903839e-01,0.000000000000000000e+00,5.186582785939406470e-01,0.000000000000000000e+00,0.000000000000000000e+00,0.000000000000000000e+00,0.000000000000000000e+00,0.000000000000000000e+00,5.330806320318012270e-01,0.000000000000000000e+00,0.000000000000000000e+00,0.000000000000000000e+00,5.192256541206240472e-01,0.000000000000000000e+00,0.000000000000000000e+00,4.372709549181206246e-01,5.018287714763360885e-01,5.098020239201511705e-01,4.853842741100082847e-01,0.000000000000000000e+00,0.000000000000000000e+00
3.954981987366297802e-01,4.001103943482098857e-01,3.471217179625641913e-01,0.000000000000000000e+00,3.328184462658116960e-01,0.000000000000000000e+00,3.623860940938539166e-01,3.470418796263743944e-01,2.896998151138596156e-01,4.274928894055041173e-01,3.547475964114422120e-01,4.041867755342620772e-01,3.427048812564716940e-01,3.761619163610667727e-01,3.752539739223584858e-01,4.174988904831543057e-01,4.338560845981420111e-01,4.175281404336453894e-01,3.596657462215189227e-01,3.723596763780904206e-01,3.771756405540461210e-01,3.936754792721732232e-01,3.419891139302688177e-01,4.021626968640298894e-01,3.955218225742260785e-01,4.007811677899053016e-01,3.202508293965369846e-01,3.537912590725463269e-01,2.890992320058680121e-01,3.652441404301433048e-01,3.846587492568949163e-01,3.832334124494413130e-01,3.687444070578239086e-01,4.074987439995789162e-01,4.181778551463936067e-01,4.032521064805643096e-01,3.937473111567499906e-01,3.974853568706723239e-01,4.889950782960877929e-01,0.000000000000000000e+00,5.128865221655338758e-01,5.157602573370182464e-01,4.907403164162560949e-01,0.000000000000000000e+00,0.000000000000000000e+00,0.000000000000000000e+00,4.307289914009069243e-01,5.200735961864588752e-01,0.000000000000000000e+00,5.117650877981305690e-01,4.900603723519281196e-01,5.072389014173944721e-01,4.370542691705853189e-01,5.276554797550648823e-01,5.093439372498786977e-01,5.023896763288786538e-01,0.000000000000000000e+00,5.075904608426753395e-01,4.666751503798725054e-01,4.526086342125454909e-01,4.317587577863908899e-01,0.000000000000000000e+00,0.000000000000000000e+00,5.186598492436422791e-01,4.447282964839707198e-01,3.946591627625621879e-01,4.470925899960591088e-01,5.055848144711642123e-01,0.000000000000000000e+00,4.228739350733490832e-01,4.470170203265905751e-01,4.910502045156274198e-01,4.941115974049689052e-01,4.630822828370677047e-01,4.942568408564890770e-01,4.959766829895679852e-01
4.707924918129546832e-01,4.512280611598714075e-01,3.900434245301738212e-01,2.940558808944138125e-01,3.030205098509382022e-01,3.623860940938539166e-01,0.000000000000000000e+00,4.277268773185476936e-01,3.476629272909301238e-01,4.251722367377652745e-01,3.933093996223728239e-01,3.942840641584626216e-01,3.194721601186583104e-01,3.238777855715366250e-01,4.204982884247223107e-01,4.549754924173887161e-01,4.324251700661965181e-01,4.426908167077879264e-01,4.040223743773586063e-01,4.149774144785716157e-01,4.465893708893565184e-01,4.468799768523796789e-01,3.932789054998653278e-01,3.911784538376298914e-01,4.272699640367937923e-01,4.235837229679044746e-01,3.858758372680028970e-01,3.461019443765862014e-01,4.019214211104594758e-01,0.000000000000000000e+00,4.011211006571054893e-01,4.295455441082752790e-01,3.845582145820056197e-01,4.024554793673588149e-01,3.998016051077660782e-01,3.472395787317618110e-01,2.891400428613180029e-01,3.755831524902156215e-01,5.055189066568748224e-01,0.000000000000000000e+00,5.230933205978730571e-01,5.415949424648448529e-01,5.035165398642926782e-01,0.000000000000000000e+00,0.000000000000000000e+00,0.000000000000000000e+00,4.676099421642698761e-01,5.263956356362069489e-01,0.000000000000000000e+00,5.134987387486386057e-01,5.090301414206978015e-01,5.221322106387497053e-01,4.744469344858476823e-01,5.339404216788729007e-01,0.000000000000000000e+00,4.442754629967476943e-01,0.000000000000000000e+00,5.239219964386256922e-01,0.000000000000000000e+00,0.000000000000000000e+00,0.000000000000000000e+00,0.000000000000000000e+00,0.000000000000000000e+00,5.280605975622427728e-01,4.579931107762559850e-01,0.000000000000000000e+00,4.572830259920279139e-01,5.242801217290473659e-01,0.000000000000000000e+00,0.000000000000000000e+00,4.719603154559250946e-01,5.094198849455056077e-01,5.123937257021514702e-01,4.871415602710855164e-01,0.000000000000000000e+00,5.182961994552592877e-01
4.983491162450445766e-01,4.427843266690211221e-01,4.032150709214338824e-01,0.000000000000000000e+00,4.018387854107919877e-01,3.470418796263743944e-01,4.277268773185476936e-01,0.000000000000000000e+00,4.540328770204131725e-01,4.756966656733069843e-01,3.032331758864902915e-01,4.908850002374332000e-01,4.201603779540823980e-01,3.966512083249538190e-01,4.373614057687246759e-01,4.544494178334421153e-01,4.895380838872823159e-01,4.797434959326856152e-01,4.221250795810109757e-01,4.015142935779956734e-01,3.787492689266140911e-01,4.379723292519887012e-01,3.357583512388295777e-01,5.120624169029869277e-01,4.767279223951816913e-01,4.749300899402115750e-01,3.879992091249274133e-01,4.186646721032590834e-01,3.681737990454054255e-01,4.078913343139766168e-01,4.190050741383432031e-01,4.061010591107911960e-01,4.430007734093686089e-01,4.452021040836899868e-01,4.520568932240404125e-01,3.638570164184494748e-01,2.855160266008788805e-01,0.000000000000000000e+00,4.793777358422829926e-01,0.000000000000000000e+00,4.987137096633775246e-01,4.241219446643714197e-01,4.709756191314882212e-01,0.000000000000000000e+00,0.000000000000000000e+00,0.000000000000000000e+00,5.020769055324812991e-01,5.208949529149973223e-01,0.000000000000000000e+00,4.825224378492867783e-01,4.471153875557496993e-01,4.864993131951697025e-01,4.074516241018139029e-01,5.242663101440803164e-01,0.000000000000000000e+00,5.034029999266740329e-01,0.000000000000000000e+00,4.816237169661009010e-01,4.847735102932623774e-01,4.486129608674797042e-01,0.000000000000000000e+00,0.000000000000000000e+00,0.000000000000000000e+00,5.135614717005055896e-01,5.052028897392394358e-01,4.143669323296115259e-01,4.884737670323974768e-01,4.818731554301923792e-01,0.000000000000000000e+00,5.017181012210250035e-01,5.065290436736460400e-01,4.689007800397587133e-01,4.645532895575706922e-01,4.409568655849848140e-01,0.000000000000000000e+00,4.796552005874210045e-01
0.000000000000000000e+00,3.912387577166566155e-01,3.059236580666179206e-01,4.129014607213951082e-01,3.191394756583421088e-01,2.896998151138596156e-01,3.476629272909301238e-01,4.540328770204131725e-01,0.000000000000000000e+00,4.474275174211432837e-01,2.735988977304639747e-01,4.218557379885847780e-01,3.490729854608041749e-01,3.885160127468471059e-01,3.395172976660786879e-01,4.170871439684006865e-01,4.449168137613483953e-01,4.480456423959056078e-01,2.573569659977673063e-01,3.658132787182105106e-01,3.332558056438780780e-01,3.864104532970032979e-01,3.516436310713679236e-01,4.171390958872698840e-01,4.386795913566489125e-01,4.000686592999530000e-01,3.254123828374728133e-01,4.098698670952650169e-01,3.288280050540640098e-01,4.076362785016023893e-01,4.250371657472042930e-01,4.206882655681883909e-01,4.021951461127908911e-01,4.355675414078524765e-01,4.380315319139068131e-01,4.211733629306271820e-01,4.135551240777253779e-01,4.168849443573480751e-01,5.243939890602549170e-01,0.000000000000000000e+00,5.304412457237195344e-01,0.000000000000000000e+00,5.022763060724884099e-01,0.000000000000000000e+00,0.000000000000000000e+00,0.000000000000000000e+00,0.000000000000000000e+00,5.410364910490381707e-01,0.000000000000000000e+00,5.151063728314110302e-01,5.274349408694831709e-01,5.216365502955601086e-01,5.234358740966479351e-01,5.426585350706477628e-01,0.000000000000000000e+00,4.726555459607919008e-01,0.000000000000000000e+00,5.308128761858039724e-01,0.000000000000000000e+00,4.255864757880797877e-01,0.000000000000000000e+00,0.000000000000000000e+00,0.000000000000000000e+00,5.376312451799700742e-01,4.367609335205309140e-01,0.000000000000000000e+00,4.252273652219982214e-01,5.564508493961894953e-01,0.000000000000000000e+00,0.000000000000000000e+00,4.348085926468531759e-01,5.341931913271614762e-01,5.175957005481111040e-01,4.683487078639453904e-01,0.000000000000000000e+00,5.028398118449644016e-01
3.820121755304581868e-01,3.045162193821818741e-01,4.377066272538367997e-01,0.000000000000000000e+00,4.436155108365468225e-01,4.274928894055041173e-01,4.251722367377652745e-01,4.756966656733069843e-01,4.474275174211432837e-01,0.000000000000000000e+00,4.467782253073879772e-01,2.645647231316489156e-01,4.279790822149073803e-01,3.928749050729233860e-01,3.906067907810211182e-01,3.553596535454700001e-01,3.131302688981495996e-01,3.392997040816234100e-01,4.494515023371370988e-01,4.076351547310649859e-01,4.649508574963038265e-01,4.120495480740574146e-01,4.537796276198752810e-01,2.877600414077671198e-01,2.953391113272249013e-01,2.933613240643562214e-01,4.422388681142427891e-01,4.171726128078537266e-01,4.229687787680150857e-01,0.000000000000000000e+00,3.148889803226517237e-01,3.457318219656622116e-01,2.644456864036114907e-01,2.906414649700532760e-01,3.155968777846935858e-01,3.664540352202030893e-01,2.660814906966347260e-01,2.657600147689889725e-01,4.656391992959497128e-01,4.081168938349248876e-01,4.042126882293802792e-01,4.477219413187636943e-01,0.000000000000000000e+00,0.000000000000000000e+00,3.876388174855844859e-01,4.201361092387240204e-01,0.000000000000000000e+00,0.000000000000000000e+00,0.000000000000000000e+00,0.000000000000000000e+00,5.041301692179426253e-01,4.974917692526439894e-01,0.000000000000000000e+00,5.234436385567869943e-01,4.250463999458937159e-01,0.000000000000000000e+00,4.353364796831969974e-01,4.522014755868413727e-01,0.000000000000000000e+00,0.000000000000000000e+00,4.344071255138985954e-01,4.415466305838796068e-01,4.484604323306097817e-01,0.000000000000000000e+00,0.000000000000000000e+00,0.000000000000000000e+00,0.000000000000000000e+00,5.246580952029482603e-01,3.952585142551304220e-01,4.534921243460828255e-01,4.419922128205802103e-01,5.167629464965080022e-01,4.341509180678826962e-01,5.127912171379862549e-01,0.000000000000000000e+00,4.445542994334014120e-01
0.000000000000000000e+00,0.000000000000000000e+00,2.764756470509893149e-01,3.092586892341597227e-01,3.009570969113599115e-01,3.547475964114422120e-01,3.933093996223728239e-01,3.032331758864902915e-01,2.735988977304639747e-01,4.467782253073879772e-01,0.000000000000000000e+00,4.224282412409097742e-01,4.147965543907513042e-01,2.810995903060141132e-01,0.000000000000000000e+00,0.000000000000000000e+00,4.505245402436521274e-01,4.537804085259857234e-01,2.281717879073754118e-01,0.000000000000000000e+00,0.000000000000000000e+00,0.000000000000000000e+00,2.895917001747044250e-01,3.956626229617187240e-01,4.420161040545855791e-01,4.399470800938221071e-01,3.582304567850880250e-01,4.180640380229002084e-01,0.000000000000000000e+00,0.000000000000000000e+00,4.458449026088406875e-01,3.515812308614841841e-01,4.229214680075413235e-01,4.413155064099986147e-01,4.296122737696121963e-01,2.170596014692409981e-01,2.360395443307697905e-01,4.086294073352690903e-01,4.399520775957855845e-01,0.000000000000000000e+00,0.000000000000000000e+00,0.000000000000000000e+00,4.430287305826948185e-01,0.000000000000000000e+00,0.000000000000000000e+00,0.000000000000000000e+00,0.000000000000000000e+00,3.316428401183951769e-01,0.000000000000000000e+00,4.153793297092835957e-01,4.825621438854197920e-01,4.580509420402331111e-01,4.957880311005090079e-01,4.413703616699949928e-01,0.000000000000000000e+00,2.425558132956666113e-01,0.000000000000000000e+00,4.732930087605440872e-01,4.484979865273043265e-01,0.000000000000000000e+00,0.000000000000000000e+00,0.000000000000000000e+00,0.000000000000000000e+00,2.634758930844758873e-01,0.000000000000000000e+00,0.000000000000000000e+00,0.000000000000000000e+00,5.081924089497054098e-01,0.000000000000000000e+00,0.000000000000000000e+00,0.000000000000000000e+00,0.000000000000000000e+00,4.645278149423215930e-01,0.000000000000000000e+00,0.000000000000000000e+00,0.000000000000000000e+00
3.528170522504719964e-01,3.101212315658610219e-01,4.183823439361011864e-01,0.000000000000000000e+00,4.074531859101276909e-01,4.041867755342620772e-01,3.942840641584626216e-01,4.908850002374332000e-01,4.218557379885847780e-01,2.645647231316489156e-01,4.224282412409097742e-01,0.000000000000000000e+00,3.983615866038863196e-01,0.000000000000000000e+00,0.000000000000000000e+00,3.220836609110577231e-01,3.260914225394183075e-01,3.181287923873031276e-01,4.244139836073249072e-01,0.000000000000000000e+00,4.588920874714296216e-01,0.000000000000000000e+00,4.722778422691670808e-01,2.561385259766469913e-01,3.087381533151660196e-01,2.816001084017611955e-01,4.099171188273990074e-01,3.884293208211131998e-01,0.000000000000000000e+00,0.000000000000000000e+00,3.177797772302201063e-01,2.677162610236946128e-01,2.358986838294070132e-01,2.568832281857916788e-01,2.904521428706873798e-01,3.422743904364610734e-01,2.666887574287719054e-01,2.011243824853267137e-01,3.485694062399460891e-01,4.244813579377891277e-01,4.017309179257387841e-01,4.097942774059469273e-01,0.000000000000000000e+00,0.000000000000000000e+00,4.078094095220918813e-01,3.885840030487583974e-01,0.000000000000000000e+00,0.000000000000000000e+00,0.000000000000000000e+00,0.000000000000000000e+00,0.000000000000000000e+00,0.000000000000000000e+00,0.000000000000000000e+00,0.000000000000000000e+00,4.257255715826934184e-01,0.000000000000000000e+00,4.074171565599898903e-01,4.449541170449913263e-01,0.000000000000000000e+00,0.000000000000000000e+00,4.205365411380321272e-01,4.389213898909388178e-01,4.414132162073072796e-01,0.000000000000000000e+00,0.000000000000000000e+00,0.000000000000000000e+00,0.000000000000000000e+00,0.000000000000000000e+00,3.622268512499821069e-01,4.398194957601181954e-01,4.320896782090924981e-01,0.000000000000000000e+00,4.287261751160604817e-01,0.000000000000000000e+00,0.000000000000000000e+00,4.279909178563979233e-01
4.351109360466705045e-01,4.579602357682138747e-01,3.945458162573817207e-01,2.981681310292820797e-01,3.627848457337793930e-01,3.427048812564716940e-01,3.194721601186583104e-01,4.201603779540823980e-01,3.490729854608041749e-01,4.279790822149073803e-01,4.147965543907513042e-01,3.983615866038863196e-01,0.000000000000000000e+00,3.413386695412851113e-01,4.143253929775850275e-01,4.573817636603664805e-01,4.299660794598360036e-01,4.439215466213886074e-01,4.172091831155934072e-01,4.106481961074118781e-01,4.093883850346244913e-01,4.485041563706301249e-01,3.854581615539118822e-01,3.999601594418645822e-01,4.304340067076630749e-01,4.277036286486026184e-01,3.788474318039711797e-01,3.261023189018619206e-01,3.838898733823076781e-01,3.829120509149724905e-01,3.966686168870365847e-01,4.322397656095601781e-01,4.009689415505974797e-01,4.127749469818495220e-01,4.223489372387064789e-01,3.739719346660592136e-01,3.813009943327155260e-01,3.805496211150886099e-01,5.127546979516103276e-01,4.522357907947744948e-01,5.298404410183942259e-01,5.368089103663958861e-01,5.145593283520475403e-01,0.000000000000000000e+00,0.000000000000000000e+00,0.000000000000000000e+00,4.667291258041116886e-01,5.342745252156378966e-01,0.000000000000000000e+00,5.207070442590479020e-01,5.073541246036932240e-01,5.240820969940610530e-01,4.689960797206402243e-01,5.385294788430089463e-01,4.606114864427606759e-01,4.791676550364677989e-01,4.513520491810250057e-01,5.238286940079128762e-01,5.000873288088784063e-01,4.605315180529264141e-01,4.659927031872683756e-01,0.000000000000000000e+00,4.821048883724147749e-01,5.253198598668930019e-01,4.653425697406750050e-01,4.198615861849078201e-01,4.587008115650624274e-01,5.227216242025141124e-01,0.000000000000000000e+00,4.609982390541054187e-01,4.708555725495928157e-01,5.089720861688048492e-01,5.156219321721657867e-01,4.932045289783049125e-01,5.165438175594531112e-01,5.102727468157837176e-01
4.831659282518440124e-01,0.000000000000000000e+00,3.652422730620707991e-01,3.185400946394094102e-01,2.855871650250501048e-01,3.761619163610667727e-01,3.238777855715366250e-01,3.966512083249538190e-01,3.885160127468471059e-01,3.928749050729233860e-01,2.810995903060141132e-01,0.000000000000000000e+00,3.413386695412851113e-01,0.000000000000000000e+00,5.028580000544145001e-01,0.000000000000000000e+00,0.000000000000000000e+00,0.000000000000000000e+00,3.440638198141572901e-01,0.000000000000000000e+00,4.365409825546978095e-01,0.000000000000000000e+00,3.638144940592096810e-01,0.000000000000000000e+00,4.710586224718790183e-01,4.702506544199426819e-01,3.841524036634558215e-01,3.264275684303519220e-01,3.723880305881087094e-01,0.000000000000000000e+00,4.695886589280309220e-01,2.350354062636376973e-01,0.000000000000000000e+00,4.026002994197048768e-01,0.000000000000000000e+00,2.301016760758035906e-01,1.915805883947397925e-01,0.000000000000000000e+00,0.000000000000000000e+00,0.000000000000000000e+00,0.000000000000000000e+00,0.000000000000000000e+00,0.000000000000000000e+00,0.000000000000000000e+00,0.000000000000000000e+00,0.000000000000000000e+00,0.000000000000000000e+00,0.000000000000000000e+00,0.000000000000000000e+00,0.000000000000000000e+00,0.000000000000000000e+00,0.000000000000000000e+00,0.000000000000000000e+00,0.000000000000000000e+00,0.000000000000000000e+00,0.000000000000000000e+00,0.000000000000000000e+00,0.000000000000000000e+00,0.000000000000000000e+00,0.000000000000000000e+00,0.000000000000000000e+00,0.000000000000000000e+00,0.000000000000000000e+00,0.000000000000000000e+00,0.000000000000000000e+00,0.000000000000000000e+00,0.000000000000000000e+00,0.000000000000000000e+00,0.000000000000000000e+00,0.000000000000000000e+00,0.000000000000000000e+00,0.000000000000000000e+00,0.000000000000000000e+00,0.000000000000000000e+00,0.000000000000000000e+00,0.000000000000000000e+00
3.932353157375915731e-01,4.455406231348055801e-01,0.000000000000000000e+00,0.000000000000000000e+00,0.000000000000000000e+00,3.752539739223584858e-01,4.204982884247223107e-01,4.373614057687246759e-01,3.395172976660786879e-01,3.906067907810211182e-01,0.000000000000000000e+00,0.000000000000000000e+00,4.143253929775850275e-01,5.028580000544145001e-01,0.000000000000000000e+00,4.336404808306121850e-01,0.000000000000000000e+00,4.276440141927829175e-01,0.000000000000000000e+00,3.490923962444499873e-01,3.720568692462590810e-01,3.696103487317424774e-01,3.394067198451721779e-01,4.464468127870488967e-01,4.151149862514496025e-01,4.004229476793899067e-01,3.343114138237179844e-01,3.979952070070709169e-01,3.927924595027050825e-01,0.000000000000000000e+00,4.304231294099877814e-01,4.644106765249775837e-01,4.104849308496418270e-01,4.598533975407129160e-01,5.115852736870920570e-01,5.076948632574002085e-01,0.000000000000000000e+00,0.000000000000000000e+00,5.159801698708430528e-01,5.012182251841006408e-01,5.089441662152404122e-01,5.337384776923974616e-01,5.346039985433221897e-01,0.000000000000000000e+00,0.000000000000000000e+00,4.214110338365902875e-01,4.910928062876976918e-01,0.000000000000000000e+00,0.000000000000000000e+00,0.000000000000000000e+00,4.744452677590437761e-01,4.709972799525932174e-01,4.676805222233217929e-01,4.613792579696917029e-01,0.000000000000000000e+00,0.000000000000000000e+00,0.000000000000000000e+00,4.814767190772789029e-01,0.000000000000000000e+00,5.097109738502680898e-01,4.815669421723373089e-01,0.000000000000000000e+00,4.930851590085161273e-01,0.000000000000000000e+00,4.983068042198324221e-01,4.576702406810587154e-01,5.153309081987151874e-01,4.887069870592281040e-01,0.000000000000000000e+00,4.843159902532889194e-01,5.241529714987471777e-01,4.985099307314372896e-01,5.033113011835050887e-01,4.984641804269737131e-01,5.039329877455116513e-01,4.892520056452093202e-01
4.005520009063174847e-01,3.959376051953085729e-01,0.000000000000000000e+00,0.000000000000000000e+00,0.000000000000000000e+00,4.174988904831543057e-01,4.549754924173887161e-01,4.544494178334421153e-01,4.170871439684006865e-01,3.553596535454700001e-01,0.000000000000000000e+00,3.220836609110577231e-01,4.573817636603664805e-01,0.000000000000000000e+00,4.336404808306121850e-01,0.000000000000000000e+00,3.640183120917911963e-01,3.228550472593180176e-01,0.000000000000000000e+00,3.614714654335021149e-01,4.038683194201634907e-01,3.613606889791323162e-01,4.312416971442704083e-01,3.552148846817900218e-01,3.663597941020734217e-01,4.090382545350674803e-01,4.116066610598625997e-01,4.433767452448477142e-01,4.238784979672252096e-01,4.274875510865839834e-01,3.647126924674052861e-01,4.641585025387465757e-01,3.431374813883845132e-01,3.800279365268047771e-01,4.410206678544497105e-01,5.068146734201790515e-01,0.000000000000000000e+00,0.000000000000000000e+00,4.732180924489604035e-01,4.399504905664208265e-01,4.486010100122769795e-01,4.765927805154254737e-01,0.000000000000000000e+00,0.000000000000000000e+00,0.000000000000000000e+00,4.599574324453862273e-01,4.679725587974600809e-01,0.000000000000000000e+00,0.000000000000000000e+00,0.000000000000000000e+00,4.563677652492755255e-01,0.000000000000000000e+00,0.000000000000000000e+00,0.000000000000000000e+00,0.000000000000000000e+00,0.000000000000000000e+00,4.334861182077531794e-01,4.620974848147024749e-01,0.000000000000000000e+00,4.826375857823195226e-01,4.591543712417052170e-01,4.449344059466515122e-01,4.440374576443065213e-01,0.000000000000000000e+00,4.705661048152673942e-01,4.619810224334907067e-01,4.634319978717953981e-01,4.677278773288108815e-01,3.797115611024164950e-01,4.489816325933175811e-01,4.718916338367932228e-01,4.756670137194056736e-01,4.940946758072682909e-01,4.803979251916202231e-01,0.000000000000000000e+00,4.332871393377554781e-01
3.803947014156814910e-01,3.903320262223459181e-01,4.444289366358245008e-01,0.000000000000000000e+00,4.496396417413905944e-01,4.338560845981420111e-01,4.324251700661965181e-01,4.895380838872823159e-01,4.449168137613483953e-01,3.131302688981495996e-01,4.505245402436521274e-01,3.260914225394183075e-01,4.299660794598360036e-01,0.000000000000000000e+00,0.000000000000000000e+00,3.640183120917911963e-01,0.000000000000000000e+00,3.274095246156094041e-01,4.547473840290200964e-01,4.057593293869252160e-01,0.000000000000000000e+00,4.077930360384173780e-01,4.509804139736353079e-01,3.409543861863448821e-01,2.802235359870969833e-01,3.246590650951938772e-01,4.470165350403145776e-01,4.178524536426184155e-01,3.946736957460496020e-01,0.000000000000000000e+00,3.436123827594056990e-01,4.359860845513304217e-01,3.118460546039403258e-01,3.529454013855831129e-01,3.896938610941461101e-01,4.468623861416294862e-01,0.000000000000000000e+00,3.097108940948524736e-01,4.673896200015781877e-01,4.393844575934833241e-01,4.483044364175706731e-01,4.793593873399332739e-01,0.000000000000000000e+00,0.000000000000000000e+00,4.227576920812166072e-01,4.540626279122850217e-01,4.354096879164267020e-01,0.000000000000000000e+00,0.000000000000000000e+00,0.000000000000000000e+00,0.000000000000000000e+00,0.000000000000000000e+00,0.000000000000000000e+00,0.000000000000000000e+00,4.549151089978271112e-01,0.000000000000000000e+00,4.528482336999740121e-01,4.607665524610600194e-01,0.000000000000000000e+00,0.000000000000000000e+00,4.405349525449175907e-01,4.546790423221238053e-01,4.654178047409074925e-01,0.000000000000000000e+00,0.000000000000000000e+00,0.000000000000000000e+00,0.000000000000000000e+00,0.000000000000000000e+00,4.093887731437301225e-01,4.611033531657630080e-01,4.605550630581293770e-01,0.000000000000000000e+00,4.437971419495898018e-01,0.000000000000000000e+00,0.000000000000000000e+00,4.533847712938928187e-01
3.641425944306490026e-01,3.855049181463178765e-01,4.439379475264321195e-01,0.000000000000000000e+00,4.462495217381994839e-01,4.175281404336453894e-01,4.426908167077879264e-01,4.797434959326856152e-01,4.480456423959056078e-01,3.392997040816234100e-01,4.537804085259857234e-01,3.181287923873031276e-01,4.439215466213886074e-01,0.000000000000000000e+00,4.276440141927829175e-01,3.228550472593180176e-01,3.274095246156094041e-01,0.000000000000000000e+00,4.532180499624827164e-01,4.109317076047643846e-01,4.219447062461034181e-01,4.080445846886773809e-01,4.466042480196983910e-01,3.279324034542427935e-01,3.245920935151241915e-01,3.445786884017711937e-01,4.072878808956226226e-01,4.272472110486569274e-01,4.382681124588829746e-01,0.000000000000000000e+00,3.660883467753907050e-01,4.508850666681680774e-01,3.310590912229620097e-01,3.787531379991699865e-01,4.160811665431611850e-01,4.475186694702553147e-01,0.000000000000000000e+00,3.095739998282445171e-01,4.737622436031543871e-01,4.400132459886553771e-01,4.440353408388709178e-01,4.684758064612393746e-01,0.000000000000000000e+00,0.000000000000000000e+00,4.197392633974452725e-01,4.381872009293896197e-01,4.538506002317713728e-01,0.000000000000000000e+00,0.000000000000000000e+00,0.000000000000000000e+00,4.603503586692501148e-01,4.511062953807918885e-01,4.680103844099551824e-01,0.000000000000000000e+00,4.466187548130983176e-01,0.000000000000000000e+00,4.426952008452545995e-01,4.504844798184108878e-01,0.000000000000000000e+00,4.748400685322158865e-01,4.563471280134255847e-01,4.566881916823297138e-01,4.639006275386525213e-01,0.000000000000000000e+00,4.571172309315795212e-01,4.358412000361635008e-01,4.525719743334514211e-01,4.505728413689005230e-01,4.245140960288091847e-01,4.582714183155672805e-01,4.566239454653890917e-01,4.710549200641930834e-01,4.551391061417401906e-01,4.625536789399182780e-01,0.000000000000000000e+00,4.501860045066217175e-01
0.000000000000000000e+00,0.000000000000000000e+00,2.285012100148436087e-01,3.470899953373112745e-01,3.389500751746407081e-01,3.596657462215189227e-01,4.040223743773586063e-01,4.221250795810109757e-01,2.573569659977673063e-01,4.494515023371370988e-01,2.281717879073754118e-01,4.244139836073249072e-01,4.172091831155934072e-01,3.440638198141572901e-01,0.000000000000000000e+00,0.000000000000000000e+00,4.547473840290200964e-01,4.532180499624827164e-01,0.000000000000000000e+00,0.000000000000000000e+00,0.000000000000000000e+00,0.000000000000000000e+00,3.093857331499418883e-01,4.085134396707673088e-01,4.462809128714416151e-01,4.344792310604945751e-01,3.528173173010354935e-01,4.207583662549054249e-01,0.000000000000000000e+00,0.000000000000000000e+00,4.367180050800000823e-01,3.997422288868087148e-01,4.121786355515373867e-01,4.408372995137397887e-01,4.379829353940671854e-01,3.525327613300999752e-01,3.207535256824345926e-01,4.160764171325695981e-01,4.523508566202433800e-01,0.000000000000000000e+00,5.180678524751316516e-01,0.000000000000000000e+00,4.833053694879015927e-01,0.000000000000000000e+00,0.000000000000000000e+00,0.000000000000000000e+00,0.000000000000000000e+00,3.629357959675796885e-01,0.000000000000000000e+00,4.864255079846743768e-01,5.127847238868165070e-01,4.985448449942386229e-01,5.281978207748068144e-01,5.291360074626657584e-01,0.000000000000000000e+00,2.537159158473060172e-01,0.000000000000000000e+00,4.945671514473619079e-01,4.811620518299534188e-01,0.000000000000000000e+00,0.000000000000000000e+00,0.000000000000000000e+00,0.000000000000000000e+00,5.160894445438128919e-01,0.000000000000000000e+00,0.000000000000000000e+00,0.000000000000000000e+00,5.420729222227205213e-01,0.000000000000000000e+00,0.000000000000000000e+00,0.000000000000000000e+00,5.558582835392995580e-01,4.983419039369139103e-01,4.681915294012076179e-01,0.000000000000000000e+00,0.000000000000000000e+00
4.300184906371711246e-01,4.484584945248042964e-01,3.672486083904122900e-01,0.000000000000000000e+00,3.801247298462628876e-01,3.723596763780904206e-01,4.149774144785716157e-01,4.015142935779956734e-01,3.658132787182105106e-01,4.076351547310649859e-01,0.000000000000000000e+00,0.000000000000000000e+00,4.106481961074118781e-01,0.000000000000000000e+00,3.490923962444499873e-01,3.614714654335021149e-01,4.057593293869252160e-01,4.109317076047643846e-01,0.000000000000000000e+00,0.000000000000000000e+00,4.215972955467894856e-01,3.684954903795860104e-01,3.504811254242077845e-01,4.759177613224728765e-01,4.200867567544303016e-01,4.426646102590149900e-01,3.459392891953331772e-01,3.847978446353562121e-01,3.594459967721355120e-01,3.615209694994260814e-01,3.896102396554786962e-01,4.607523001841031252e-01,4.018166295380813935e-01,4.355343049326155791e-01,4.990915473603654839e-01,5.302217390502571570e-01,4.993182630015118861e-01,4.370154727473566925e-01,5.120766099438079921e-01,4.804928978306990950e-01,5.133052520932391838e-01,5.317371841965590207e-01,5.091025954408173737e-01,0.000000000000000000e+00,0.000000000000000000e+00,4.676995575428009033e-01,4.692567582849765939e-01,0.000000000000000000e+00,0.000000000000000000e+00,4.706688370121484000e-01,4.896464815382247093e-01,4.810093644334748064e-01,4.636739102639362842e-01,4.709427875365685967e-01,0.000000000000000000e+00,0.000000000000000000e+00,0.000000000000000000e+00,4.887832164019388914e-01,0.000000000000000000e+00,5.018353245384757910e-01,4.756979031375648259e-01,0.000000000000000000e+00,4.809629822677273792e-01,0.000000000000000000e+00,4.987131442587990904e-01,4.703952793567677260e-01,4.945418043839492905e-01,4.952819945856183903e-01,0.000000000000000000e+00,4.530344229716224969e-01,4.927289791161905130e-01,4.994999511904674172e-01,5.046613760949301142e-01,5.010928007607723389e-01,5.028885184163693900e-01,4.958116380972529824e-01
4.158026196773330074e-01,4.243664966850902998e-01,3.735093885647994827e-01,0.000000000000000000e+00,0.000000000000000000e+00,3.771756405540461210e-01,4.465893708893565184e-01,3.787492689266140911e-01,3.332558056438780780e-01,4.649508574963038265e-01,0.000000000000000000e+00,4.588920874714296216e-01,4.093883850346244913e-01,4.365409825546978095e-01,3.720568692462590810e-01,4.038683194201634907e-01,0.000000000000000000e+00,4.219447062461034181e-01,0.000000000000000000e+00,4.215972955467894856e-01,0.000000000000000000e+00,4.184483469467196737e-01,3.727710958812214814e-01,4.835013681679500852e-01,4.219690702681521133e-01,4.032712153014376133e-01,4.022409756729776742e-01,4.311618266555677925e-01,4.107350825387175997e-01,4.020076776512023220e-01,3.991030508976559088e-01,4.444279469821034168e-01,3.529835630150401915e-01,4.136033338453887764e-01,4.743622189652653143e-01,0.000000000000000000e+00,0.000000000000000000e+00,0.000000000000000000e+00,4.820660234523506116e-01,4.533609729343575090e-01,4.735706235335880865e-01,5.281133834633346957e-01,0.000000000000000000e+00,0.000000000000000000e+00,0.000000000000000000e+00,3.649097260420500199e-01,4.736650287769197942e-01,0.000000000000000000e+00,0.000000000000000000e+00,0.000000000000000000e+00,4.399096985707072194e-01,0.000000000000000000e+00,2.854859514739594983e-01,0.000000000000000000e+00,0.000000000000000000e+00,0.000000000000000000e+00,0.000000000000000000e+00,4.426501625240182869e-01,0.000000000000000000e+00,4.656106405837933115e-01,4.773223693794521050e-01,0.000000000000000000e+00,0.000000000000000000e+00,0.000000000000000000e+00,4.653152949251596060e-01,3.714806809908076102e-01,5.049686205184799048e-01,3.572461917637335116e-01,5.089466953882764155e-01,4.534508565697156768e-01,5.114545406548696160e-01,4.351663122749734880e-01,4.477160038292171129e-01,4.368778125347000940e-01,0.000000000000000000e+00,4.345629993835564142e-01
