0.000000000000000000e+00,3.128033226790661869e-01,3.453560141004297090e-01,0.000000000000000000e+00,0.000000000000000000e+00,3.563626753447354245e-01,3.747117790710801088e-01,4.570410656685001127e-01,3.933906877624526732e-01,3.528639706976097190e-01,0.000000000000000000e+00,3.602797677800049225e-01,3.745561696519882910e-01,0.000000000000000000e+00,3.603964248226502742e-01,3.477153005166057076e-01,3.204380039688566884e-01,3.101138658278208005e-01,0.000000000000000000e+00,3.758605351684972118e-01,3.880808657060471067e-01,3.666762074040191277e-01,3.899749814227803091e-01,3.470741543063294854e-01,3.174705974789739926e-01,3.568417055004183824e-01,3.907466319875764760e-01,3.771475818033737104e-01,3.622384152470478069e-01,3.672608134899411070e-01,3.204919225550796891e-01,4.126079929855445139e-01,2.706431024077848857e-01,3.360670242682852193e-01,3.812812236508245078e-01,0.000000000000000000e+00,0.000000000000000000e+00,3.933193323652324214e-01,3.997695089876114882e-01,3.192669943497460916e-01,3.560765828842850089e-01,4.145384058958321849e-01,0.000000000000000000e+00,0.000000000000000000e+00,0.000000000000000000e+00,2.900936391899590072e-01,3.596806727775578860e-01,0.000000000000000000e+00,0.000000000000000000e+00,0.000000000000000000e+00,3.609270119108413111e-01,0.000000000000000000e+00,4.173162405928806939e-01,0.000000000000000000e+00,4.010668041311920007e-01,0.000000000000000000e+00,0.000000000000000000e+00,0.000000000000000000e+00,0.000000000000000000e+00,4.445143007387530876e-01,3.584566978975189944e-01,3.363060879093364153e-01,3.230956782147521023e-01,0.000000000000000000e+00,3.995705235976664271e-01,3.575791454268424929e-01,4.010477413365470256e-01,3.956554476990555846e-01,3.599419746648092056e-01,3.315612285728659070e-01,3.704840722166903855e-01,0.000000000000000000e+00,0.000000000000000000e+00,0.000000000000000000e+00,0.000000000000000000e+00,3.431810185234993038e-01
3.128033226790661869e-01,0.000000000000000000e+00,3.114166611820327057e-01,0.000000000000000000e+00,3.321640318142092263e-01,3.322260071164535034e-01,3.404668581592080745e-01,3.711939114993701994e-01,3.149785077688567747e-01,3.573845287471766885e-01,0.000000000000000000e+00,0.000000000000000000e+00,3.407367960165700871e-01,0.000000000000000000e+00,3.754941120823240275e-01,3.766032675288871756e-01,3.477404975636407269e-01,3.585739700860420820e-01,0.000000000000000000e+00,4.017316034530477031e-01,3.464239605492939189e-01,3.915384038566669944e-01,3.395505031479547076e-01,3.268722147513474785e-01,3.522304130176752146e-01,3.758243548616898022e-01,3.570755983570069181e-01,3.521899650258533132e-01,3.565573118264713237e-01,3.555484051417339142e-01,3.710725147626838250e-01,4.349634667257903931e-01,2.835053692484211796e-01,3.735852691634122258e-01,4.093873649457747121e-01,0.000000000000000000e+00,0.000000000000000000e+00,0.000000000000000000e+00,4.055781267026717929e-01,3.609896293908014253e-01,3.779698217051403186e-01,4.160532763136804979e-01,0.000000000000000000e+00,0.000000000000000000e+00,0.000000000000000000e+00,3.404774192071665095e-01,3.723978375379792816e-01,0.000000000000000000e+00,0.000000000000000000e+00,0.000000000000000000e+00,3.664028824022919073e-01,0.000000000000000000e+00,4.117849677398103814e-01,0.000000000000000000e+00,0.000000000000000000e+00,0.000000000000000000e+00,0.000000000000000000e+00,3.947174539117134229e-01,0.000000000000000000e+00,4.191915971765625137e-01,3.733951926686290834e-01,3.816986979326704166e-01,3.566828291906692927e-01,0.000000000000000000e+00,4.042522100992688161e-01,3.786792264990044843e-01,4.091480810860024797e-01,3.880957171359447067e-01,3.679459435801937239e-01,3.543779659829502937e-01,3.961969862973864220e-01,3.888558505981943858e-01,3.972625170132714212e-01,3.945360042570881798e-01,3.880469011891605202e-01,3.664169035620801207e-01
3.453560141004297090e-01,3.114166611820327057e-01,0.000000000000000000e+00,3.318221754805614210e-01,3.151164247787653916e-01,3.097961998069512224e-01,3.342609604940370849e-01,3.681819301110845211e-01,2.300406129577473868e-01,3.594015692297782838e-01,2.577247331813153908e-01,3.983697208074600260e-01,3.328538347116984930e-01,3.393740587946781906e-01,0.000000000000000000e+00,0.000000000000000000e+00,0.000000000000000000e+00,0.000000000000000000e+00,2.065189125220333044e-01,3.080647874745737758e-01,4.345479529391212958e-01,3.295505680339999022e-01,2.804271518735638180e-01,0.000000000000000000e+00,0.000000000000000000e+00,3.845607046836693188e-01,2.657928833261800072e-01,3.364504732864990189e-01,2.909668889469976261e-01,3.323056576330967182e-01,3.442113563936191056e-01,3.241814082568684752e-01,0.000000000000000000e+00,3.473310640885352019e-01,3.598481179955074771e-01,3.082908303902249236e-01,3.505797114905804257e-01,0.000000000000000000e+00,4.302557049882814733e-01,0.000000000000000000e+00,4.418626718631745165e-01,0.000000000000000000e+00,3.866086818626865984e-01,0.000000000000000000e+00,0.000000000000000000e+00,0.000000000000000000e+00,0.000000000000000000e+00,3.292682666309237893e-01,0.000000000000000000e+00,4.460657734828631926e-01,4.531839276726576937e-01,4.462136560128046048e-01,4.690231337969351100e-01,4.581650385282238780e-01,0.000000000000000000e+00,3.080532216848849147e-01,0.000000000000000000e+00,4.337649972705494017e-01,4.295015150976924101e-01,0.000000000000000000e+00,0.000000000000000000e+00,0.000000000000000000e+00,0.000000000000000000e+00,2.482721687507550012e-01,0.000000000000000000e+00,0.000000000000000000e+00,0.000000000000000000e+00,4.585790460871236873e-01,0.000000000000000000e+00,0.000000000000000000e+00,0.000000000000000000e+00,4.749315859881649837e-01,4.355043735599696819e-01,4.123539678038581902e-01,4.443165798554847834e-01,4.422787398449197216e-01
0.000000000000000000e+00,0.000000000000000000e+00,3.318221754805614210e-01,0.000000000000000000e+00,3.040765393536052907e-01,3.564121889769902851e-01,2.968112396282858723e-01,3.124871717197759136e-01,3.655400472910695919e-01,2.788230988695609147e-01,3.085559036086409912e-01,2.380764902610457978e-01,3.285016714576470265e-01,2.795503745342111102e-01,0.000000000000000000e+00,0.000000000000000000e+00,3.485124707221984863e-01,0.000000000000000000e+00,3.288111088314248920e-01,0.000000000000000000e+00,0.000000000000000000e+00,4.422678947448729914e-01,3.353600027988836163e-01,2.486060100122119976e-01,0.000000000000000000e+00,0.000000000000000000e+00,3.465616346045413132e-01,3.277932725390151902e-01,4.270259408186222738e-01,0.000000000000000000e+00,3.367702125853059836e-01,3.198061635284719095e-01,2.677024641407633743e-01,3.620243775074232784e-01,3.254483839841968984e-01,1.809749020295816080e-01,1.832320378994549137e-01,2.419928377990679114e-01,0.000000000000000000e+00,0.000000000000000000e+00,0.000000000000000000e+00,0.000000000000000000e+00,0.000000000000000000e+00,0.000000000000000000e+00,0.000000000000000000e+00,0.000000000000000000e+00,0.000000000000000000e+00,4.525814354419708252e-01,0.000000000000000000e+00,0.000000000000000000e+00,0.000000000000000000e+00,0.000000000000000000e+00,0.000000000000000000e+00,0.000000000000000000e+00,0.000000000000000000e+00,3.400551676750183105e-01,0.000000000000000000e+00,0.000000000000000000e+00,0.000000000000000000e+00,0.000000000000000000e+00,0.000000000000000000e+00,0.000000000000000000e+00,0.000000000000000000e+00,0.000000000000000000e+00,0.000000000000000000e+00,0.000000000000000000e+00,0.000000000000000000e+00,3.726393593714629748e-01,0.000000000000000000e+00,0.000000000000000000e+00,0.000000000000000000e+00,0.000000000000000000e+00,0.000000000000000000e+00,0.000000000000000000e+00,0.000000000000000000e+00,0.000000000000000000e+00
0.000000000000000000e+00,3.321640318142092263e-01,3.151164247787653916e-01,3.040765393536052907e-01,0.000000000000000000e+00,3.428136205782801871e-01,3.210595880681424985e-01,3.480132469305725063e-01,3.197986909852654214e-01,4.107298703924455729e-01,3.114228244371177734e-01,3.737042875775047901e-01,3.576653078318899892e-01,2.700058249802788080e-01,0.000000000000000000e+00,3.540804194189358101e-01,0.000000000000000000e+00,3.450145615902774909e-01,3.064881483309093158e-01,3.375449720407990850e-01,3.427360339525111210e-01,3.434640827555154874e-01,3.368177195386823919e-01,3.904282572889752889e-01,3.570498079679294001e-01,3.699355727516716041e-01,3.410137379194170815e-01,3.537568665480841923e-01,3.052841550483085253e-01,3.436031848433926950e-01,3.919189044934868749e-01,3.583433854187710876e-01,4.016580330184683079e-01,3.809634371029222977e-01,3.683192092482919788e-01,2.328318619392567013e-01,2.756119293571969164e-01,0.000000000000000000e+00,4.197848710884872769e-01,0.000000000000000000e+00,4.326666962085365942e-01,0.000000000000000000e+00,3.895236838039033977e-01,0.000000000000000000e+00,0.000000000000000000e+00,0.000000000000000000e+00,0.000000000000000000e+00,4.435193972988050737e-01,0.000000000000000000e+00,4.467695347078929902e-01,4.327914527552095270e-01,4.341108319449991093e-01,4.266172528318060153e-01,4.419608845388154905e-01,0.000000000000000000e+00,3.760907403679413785e-01,0.000000000000000000e+00,4.229919385104656815e-01,3.906879334464617992e-01,0.000000000000000000e+00,0.000000000000000000e+00,0.000000000000000000e+00,0.000000000000000000e+00,4.320062570433069737e-01,0.000000000000000000e+00,0.000000000000000000e+00,0.000000000000000000e+00,4.464746530304921079e-01,0.000000000000000000e+00,0.000000000000000000e+00,0.000000000000000000e+00,4.474989248674122733e-01,4.193155485933083848e-01,3.978997971471703865e-01,4.234496383497632910e-01,4.256811873682049274e-01
3.563626753447354245e-01,3.322260071164535034e-01,3.097961998069512224e-01,3.564121889769902851e-01,3.428136205782801871e-01,0.000000000000000000e+00,3.301845510727653976e-01,3.317677186750273011e-01,2.789822547641965245e-01,3.749103796713422199e-01,3.367230604651738068e-01,3.579291373001158849e-01,2.976190541707193771e-01,3.609937198941201020e-01,3.489292644279884947e-01,3.487782945284962910e-01,0.000000000000000000e+00,3.419414959453497271e-01,3.059179667828300087e-01,3.249358769028821148e-01,3.252832833383518252e-01,3.451597135209191758e-01,3.226462433656495099e-01,3.740242562717204788e-01,3.287953439113606158e-01,3.686172383057039759e-01,3.017850337747378098e-01,2.981779354264393889e-01,2.795206599931562841e-01,3.248429994236917140e-01,3.475164337695911265e-01,3.474067540050085889e-01,2.934287840842226824e-01,3.564213766201316247e-01,3.832499476859588250e-01,3.434614952819404765e-01,3.673852090594130759e-01,0.000000000000000000e+00,4.122873455889530248e-01,0.000000000000000000e+00,4.215257761779229728e-01,3.998664377851314233e-01,4.090602667897044187e-01,0.000000000000000000e+00,0.000000000000000000e+00,0.000000000000000000e+00,3.643088811729766063e-01,4.593210796353198733e-01,0.000000000000000000e+00,4.321079471508704195e-01,4.182213195261382799e-01,4.167692831827206068e-01,4.151350072941701885e-01,4.402923317268173098e-01,0.000000000000000000e+00,4.030547147542988262e-01,0.000000000000000000e+00,4.103263428650832934e-01,4.712439957179628269e-01,3.869019666821171266e-01,0.000000000000000000e+00,0.000000000000000000e+00,0.000000000000000000e+00,4.481578322087605981e-01,3.826582499726626785e-01,3.410777060064227872e-01,3.975956633424557740e-01,4.173728893586247102e-01,0.000000000000000000e+00,0.000000000000000000e+00,3.926907335312764813e-01,4.271062333596000182e-01,4.089180299369998828e-01,3.839217844046531880e-01,4.172625345662082097e-01,4.232928940267031148e-01
3.747117790710801088e-01,3.404668581592080745e-01,3.342609604940370849e-01,2.968112396282858723e-01,3.210595880681424985e-01,3.301845510727653976e-01,0.000000000000000000e+00,3.423589272113087834e-01,3.489797349432163243e-01,4.085870290426683038e-01,3.666728770011212779e-01,3.806784121171820079e-01,3.195054545184958794e-01,3.028870399485766862e-01,3.464292888562628958e-01,3.686948701804407258e-01,4.325492551675375053e-01,3.855453423226357090e-01,3.506569650152934203e-01,3.363012524174450180e-01,3.402002427989699873e-01,3.496710957850542867e-01,3.307697131931178758e-01,3.851284596930438231e-01,3.544743658339147840e-01,3.487378287309723102e-01,3.310798111352679096e-01,3.523974632524770056e-01,3.152093891175171136e-01,3.611956487090358103e-01,3.912524703190998765e-01,3.695756983598628143e-01,3.211301838703404243e-01,3.805129969278954749e-01,3.715399964137223177e-01,2.963435688624905806e-01,3.245315000720906951e-01,3.779143893776140128e-01,4.237901684759817211e-01,0.000000000000000000e+00,4.337563091788499969e-01,0.000000000000000000e+00,4.136468119641332208e-01,0.000000000000000000e+00,0.000000000000000000e+00,0.000000000000000000e+00,0.000000000000000000e+00,4.451508348271822069e-01,0.000000000000000000e+00,4.193942583558232795e-01,4.097804113527567793e-01,4.145891202181519741e-01,3.910296822169451736e-01,4.270993337858141059e-01,0.000000000000000000e+00,4.031776815753672083e-01,0.000000000000000000e+00,4.082976616827311833e-01,0.000000000000000000e+00,4.069060700226764249e-01,0.000000000000000000e+00,0.000000000000000000e+00,0.000000000000000000e+00,4.066791832865702117e-01,4.078176329362913077e-01,0.000000000000000000e+00,3.990571403338443734e-01,4.139561064065688245e-01,0.000000000000000000e+00,0.000000000000000000e+00,3.802047878248209223e-01,4.166073846927457192e-01,4.137997094803491094e-01,3.930703936570298929e-01,4.226124796782338988e-01,4.276795911885685197e-01
4.570410656685001127e-01,3.711939114993701994e-01,3.681819301110845211e-01,3.124871717197759136e-01,3.480132469305725063e-01,3.317677186750273011e-01,3.423589272113087834e-01,0.000000000000000000e+00,3.759722794119437217e-01,4.073510280325696176e-01,2.837100856786062275e-01,4.381033257981167273e-01,3.415319211166996105e-01,3.141425330740548749e-01,3.934102011961557732e-01,4.127157255837288763e-01,4.163379106414297204e-01,4.056909235579664874e-01,3.255385661233479166e-01,3.306197483063607057e-01,3.624185446560336810e-01,3.640644151486081004e-01,3.075040535955452237e-01,4.613405250644084798e-01,4.116586699097375956e-01,4.312972259573628064e-01,3.482958354739617013e-01,3.490120847568414231e-01,2.861660677062449198e-01,3.530832153727890277e-01,3.632421661091123077e-01,3.428474300045106782e-01,3.660058505456877942e-01,3.773280808682697995e-01,4.040816073630805194e-01,2.363483072975235133e-01,3.696176139577012076e-01,0.000000000000000000e+00,4.338156616396243170e-01,4.139398653237397196e-01,4.402713659807238056e-01,4.095742384342412890e-01,3.950052667558462960e-01,0.000000000000000000e+00,0.000000000000000000e+00,0.000000000000000000e+00,4.354844191032927747e-01,4.865827290756151724e-01,0.000000000000000000e+00,4.502244491757719791e-01,4.050816132911204126e-01,4.241261344628973751e-01,4.303033797247188263e-01,4.721011603433675208e-01,0.000000000000000000e+00,4.260957761061802129e-01,0.000000000000000000e+00,4.005217138116540787e-01,4.186781752750364793e-01,4.221454732486965011e-01,4.140935288246360146e-01,0.000000000000000000e+00,0.000000000000000000e+00,4.930319579623648196e-01,4.288237394818610881e-01,4.379800828497342202e-01,4.452584417543570816e-01,4.196295943893634806e-01,0.000000000000000000e+00,0.000000000000000000e+00,4.466166463961165900e-01,4.418062174134733122e-01,3.942256914983894855e-01,3.596159853651064164e-01,4.081437022701194794e-01,4.147772930191582774e-01
3.933906877624526732e-01,3.149785077688567747e-01,2.300406129577473868e-01,3.655400472910695919e-01,3.197986909852654214e-01,2.789822547641965245e-01,3.489797349432163243e-01,3.759722794119437217e-01,0.000000000000000000e+00,3.759075319850325170e-01,2.831743979524867783e-01,3.628093401625864245e-01,3.357505533220860872e-01,3.501941863270868760e-01,3.001764424106295182e-01,3.383584124283082750e-01,0.000000000000000000e+00,3.788420191263581760e-01,2.103870815974024922e-01,3.071125985908472744e-01,3.689921064682599172e-01,3.231828315604811097e-01,3.215814026739544085e-01,3.629628626147137771e-01,3.402278511696888996e-01,3.523324329740981087e-01,3.063614357916069064e-01,3.542167196412494001e-01,2.794478470561391759e-01,3.266019112432346772e-01,3.611722861160905906e-01,3.373794179940881044e-01,3.292598100203185107e-01,3.573619891203447252e-01,3.577527960925035999e-01,3.354409996536888983e-01,3.631204420370581221e-01,3.461918246746449879e-01,4.258171362905117108e-01,0.000000000000000000e+00,4.324581515993958236e-01,4.096155056878466039e-01,3.964050582038193271e-01,0.000000000000000000e+00,0.000000000000000000e+00,0.000000000000000000e+00,0.000000000000000000e+00,4.085123919348854216e-01,0.000000000000000000e+00,4.356155628827874104e-01,4.423504259708507802e-01,4.405711933913968870e-01,4.587254101447035270e-01,4.506739322312374174e-01,4.547005395513883941e-01,4.100311586311505274e-01,0.000000000000000000e+00,4.244308955057882748e-01,4.261538015857210260e-01,0.000000000000000000e+00,0.000000000000000000e+00,0.000000000000000000e+00,0.000000000000000000e+00,4.471268738505702056e-01,4.042521861558164842e-01,0.000000000000000000e+00,4.084960582028853149e-01,4.594813031098067824e-01,0.000000000000000000e+00,0.000000000000000000e+00,3.633872934321045189e-01,4.606156331207144072e-01,4.208424396740357842e-01,4.037271272123881816e-01,4.287652774631606212e-01,4.294970222463154186e-01
3.528639706976097190e-01,3.573845287471766885e-01,3.594015692297782838e-01,2.788230988695609147e-01,4.107298703924455729e-01,3.749103796713422199e-01,4.085870290426683038e-01,4.073510280325696176e-01,3.759075319850325170e-01,0.000000000000000000e+00,3.841979680523103236e-01,2.544380031649686180e-01,4.018781128593015839e-01,1.964045572465807910e-01,4.370580149560012728e-01,3.546675462520217925e-01,3.170065178276680884e-01,3.277867259934391098e-01,3.775031511133027928e-01,4.194613490558843916e-01,4.079349978621997219e-01,4.071514264434644148e-01,3.818338167351770229e-01,2.749316173435841226e-01,3.148457372265244247e-01,2.972927658268755269e-01,3.863973783514167981e-01,3.982661286520817745e-01,3.996972566437336227e-01,3.683854137697554765e-01,3.240446928381908176e-01,3.431230788764628170e-01,2.375598457580173906e-01,2.971305929221527142e-01,2.943839416587665792e-01,3.140634620556537748e-01,2.582984554533082067e-01,2.575550982824958979e-01,3.766014676099638248e-01,3.169489752675567762e-01,3.474033934110897226e-01,3.709328859438051906e-01,0.000000000000000000e+00,0.000000000000000000e+00,3.251991368917948044e-01,3.713785196573500813e-01,0.000000000000000000e+00,0.000000000000000000e+00,0.000000000000000000e+00,0.000000000000000000e+00,0.000000000000000000e+00,0.000000000000000000e+00,0.000000000000000000e+00,0.000000000000000000e+00,3.657167467384651038e-01,0.000000000000000000e+00,3.543948475674308929e-01,0.000000000000000000e+00,0.000000000000000000e+00,0.000000000000000000e+00,3.535342055405877870e-01,3.830945884984092165e-01,3.747665586692480177e-01,0.000000000000000000e+00,0.000000000000000000e+00,0.000000000000000000e+00,0.000000000000000000e+00,4.202320934697453270e-01,3.553488742944269085e-01,3.776625683188137850e-01,3.890553799094970122e-01,4.167072678467492186e-01,0.000000000000000000e+00,0.000000000000000000e+00,0.000000000000000000e+00,3.682589552720877957e-01
0.000000000000000000e+00,0.000000000000000000e+00,2.577247331813153908e-01,3.085559036086409912e-01,3.114228244371177734e-01,3.367230604651738068e-01,3.666728770011212779e-01,2.837100856786062275e-01,2.831743979524867783e-01,3.841979680523103236e-01,0.000000000000000000e+00,3.667910834160171829e-01,3.722263402704599766e-01,2.596913770791652865e-01,0.000000000000000000e+00,0.000000000000000000e+00,0.000000000000000000e+00,0.000000000000000000e+00,2.125602710137571016e-01,0.000000000000000000e+00,0.000000000000000000e+00,0.000000000000000000e+00,2.613779389023905275e-01,3.673926440577575114e-01,3.513738894347229191e-01,3.698419876031602826e-01,2.927451007549873863e-01,3.684971262697419037e-01,0.000000000000000000e+00,3.428661729722389251e-01,3.740779365636742182e-01,3.359033926169728845e-01,0.000000000000000000e+00,3.692095692667267115e-01,3.664178279156818929e-01,1.765980643040868936e-01,2.329753259701405066e-01,3.376031192618004773e-01,3.342222615349559889e-01,0.000000000000000000e+00,3.935226435278788015e-01,0.000000000000000000e+00,3.411028296588258235e-01,0.000000000000000000e+00,0.000000000000000000e+00,0.000000000000000000e+00,0.000000000000000000e+00,3.510306923432884862e-01,0.000000000000000000e+00,3.678303684746861979e-01,4.195438454929584782e-01,3.938960670495296745e-01,4.199468568101019095e-01,3.965217651365338103e-01,0.000000000000000000e+00,2.260598091132448029e-01,0.000000000000000000e+00,3.936644027540909807e-01,3.738046453565311844e-01,0.000000000000000000e+00,0.000000000000000000e+00,0.000000000000000000e+00,0.000000000000000000e+00,1.878526132200422083e-01,0.000000000000000000e+00,0.000000000000000000e+00,0.000000000000000000e+00,4.470016166060409857e-01,0.000000000000000000e+00,0.000000000000000000e+00,0.000000000000000000e+00,4.572286587556473880e-01,3.924790365951761895e-01,4.220477657200205068e-01,0.000000000000000000e+00,3.603520734116069102e-01
3.602797677800049225e-01,0.000000000000000000e+00,3.983697208074600260e-01,2.380764902610457978e-01,3.737042875775047901e-01,3.579291373001158849e-01,3.806784121171820079e-01,4.381033257981167273e-01,3.628093401625864245e-01,2.544380031649686180e-01,3.667910834160171829e-01,0.000000000000000000e+00,3.665426679696193735e-01,0.000000000000000000e+00,4.331552543320236759e-01,3.182790836525514200e-01,3.089950453525748264e-01,3.067312231537059897e-01,0.000000000000000000e+00,4.373684615726284863e-01,4.219784279831944040e-01,4.581755914783204875e-01,3.864786833181840242e-01,2.564764232888661066e-01,2.936490346022471165e-01,2.721785667350418159e-01,3.720741845331665965e-01,3.573265160920047201e-01,0.000000000000000000e+00,3.655337177003460947e-01,3.024168074788878835e-01,2.922660480889883172e-01,2.221913435120783098e-01,2.438806248937125110e-01,2.696448180956955154e-01,2.852041695969715907e-01,2.711842271663759130e-01,2.103151054920744945e-01,2.898986417023245998e-01,3.265584012393428215e-01,3.328863629162102100e-01,3.749447848087338886e-01,0.000000000000000000e+00,0.000000000000000000e+00,2.966326110553179074e-01,3.578654898686141062e-01,0.000000000000000000e+00,0.000000000000000000e+00,0.000000000000000000e+00,0.000000000000000000e+00,0.000000000000000000e+00,0.000000000000000000e+00,0.000000000000000000e+00,0.000000000000000000e+00,3.806137389122962178e-01,0.000000000000000000e+00,3.616579490723441093e-01,0.000000000000000000e+00,0.000000000000000000e+00,0.000000000000000000e+00,3.952938370001610746e-01,3.904339076978950995e-01,3.715758517082761170e-01,0.000000000000000000e+00,0.000000000000000000e+00,0.000000000000000000e+00,0.000000000000000000e+00,3.442476689815521240e-01,3.531423733924525243e-01,3.736664475974327271e-01,3.921170182979645813e-01,0.000000000000000000e+00,0.000000000000000000e+00,0.000000000000000000e+00,0.000000000000000000e+00,3.495790132374362869e-01
3.745561696519882910e-01,3.407367960165700871e-01,3.328538347116984930e-01,3.285016714576470265e-01,3.576653078318899892e-01,2.976190541707193771e-01,3.195054545184958794e-01,3.415319211166996105e-01,3.357505533220860872e-01,4.018781128593015839e-01,3.722263402704599766e-01,3.665426679696193735e-01,0.000000000000000000e+00,3.357100143647337998e-01,3.358716912421044754e-01,3.690771938740631253e-01,4.129851842221466951e-01,3.777730465517862846e-01,3.488581543306263910e-01,3.343913725335572740e-01,3.516537261968061268e-01,3.497851265052215886e-01,3.273838030589806269e-01,3.832713632015011807e-01,3.437622252016486746e-01,3.533029342690596764e-01,3.198678752278256154e-01,3.249234025994223174e-01,2.972974694570336140e-01,3.499569504259268937e-01,3.786613749173270982e-01,3.724826812470254933e-01,3.096031546737306184e-01,3.741109905710349737e-01,3.695430688148312881e-01,3.583316951768378833e-01,3.759944984941276935e-01,3.525122339364528123e-01,4.173205273231170853e-01,0.000000000000000000e+00,4.287007969379649230e-01,4.480619243920799244e-01,4.042577136842934182e-01,0.000000000000000000e+00,0.000000000000000000e+00,0.000000000000000000e+00,3.742406137761479790e-01,4.175633894428166237e-01,0.000000000000000000e+00,4.121369936102334264e-01,3.994439342939771764e-01,4.088873082610469112e-01,3.793047849201394150e-01,4.211134765292031124e-01,0.000000000000000000e+00,3.984862394194231827e-01,0.000000000000000000e+00,4.029435241883974061e-01,4.054962619397797230e-01,4.117425918190649181e-01,0.000000000000000000e+00,0.000000000000000000e+00,0.000000000000000000e+00,4.141802629191488894e-01,3.979345919692868772e-01,3.811826043685522802e-01,3.971978154833687991e-01,4.082424789251121733e-01,0.000000000000000000e+00,0.000000000000000000e+00,3.748307505858685107e-01,4.069669696887932009e-01,4.139661665014019998e-01,3.957877629573213762e-01,4.224422599254378241e-01,4.207016326035207254e-01
0.000000000000000000e+00,0.000000000000000000e+00,3.393740587946781906e-01,2.795503745342111102e-01,2.700058249802788080e-01,3.609937198941201020e-01,3.028870399485766862e-01,3.141425330740548749e-01,3.501941863270868760e-01,1.964045572465807910e-01,2.596913770791652865e-01,0.000000000000000000e+00,3.357100143647337998e-01,0.000000000000000000e+00,0.000000000000000000e+00,0.000000000000000000e+00,0.000000000000000000e+00,0.000000000000000000e+00,2.992913146771701838e-01,0.000000000000000000e+00,0.000000000000000000e+00,0.000000000000000000e+00,3.307330045404084928e-01,0.000000000000000000e+00,0.000000000000000000e+00,0.000000000000000000e+00,3.760658071833232752e-01,2.930143312581828807e-01,3.002878129482268732e-01,0.000000000000000000e+00,3.257629125886274957e-01,1.939856451133528115e-01,0.000000000000000000e+00,3.362309415353245123e-01,2.413293272256850919e-01,1.899611925126372114e-01,1.910774403368543928e-01,0.000000000000000000e+00,0.000000000000000000e+00,0.000000000000000000e+00,0.000000000000000000e+00,0.000000000000000000e+00,0.000000000000000000e+00,0.000000000000000000e+00,0.000000000000000000e+00,0.000000000000000000e+00,0.000000000000000000e+00,4.250598213632714728e-01,0.000000000000000000e+00,3.782300651073455811e-01,3.855207594683057182e-01,0.000000000000000000e+00,0.000000000000000000e+00,3.448722757183941834e-01,0.000000000000000000e+00,3.561971361928948920e-01,0.000000000000000000e+00,0.000000000000000000e+00,3.619193136692047119e-01,0.000000000000000000e+00,0.000000000000000000e+00,0.000000000000000000e+00,0.000000000000000000e+00,3.863102473914581947e-01,0.000000000000000000e+00,0.000000000000000000e+00,0.000000000000000000e+00,4.313580471143432238e-01,0.000000000000000000e+00,0.000000000000000000e+00,0.000000000000000000e+00,4.140479735029721775e-01,0.000000000000000000e+00,0.000000000000000000e+00,0.000000000000000000e+00,0.000000000000000000e+00
3.603964248226502742e-01,3.754941120823240275e-01,0.000000000000000000e+00,0.000000000000000000e+00,0.000000000000000000e+00,3.489292644279884947e-01,3.464292888562628958e-01,3.934102011961557732e-01,3.001764424106295182e-01,4.370580149560012728e-01,0.000000000000000000e+00,4.331552543320236759e-01,3.358716912421044754e-01,0.000000000000000000e+00,0.000000000000000000e+00,3.863076477705744138e-01,2.907054184262645724e-01,3.319309494618645773e-01,0.000000000000000000e+00,3.278333146989474978e-01,3.526908478216626008e-01,3.377168877065611086e-01,3.296431926725512107e-01,3.205721787831065095e-01,3.379360970055009239e-01,4.002668006650393906e-01,3.615682929991337891e-01,3.745939796012626166e-01,3.359311650011280737e-01,3.744610777504778221e-01,4.080926715226003143e-01,4.475954366260829209e-01,3.425084173225471096e-01,4.294202203659571171e-01,4.669337665888099176e-01,4.896636107562710172e-01,0.000000000000000000e+00,4.408288681917352791e-01,4.684781128060661048e-01,4.292790270732506075e-01,4.570497792924473890e-01,4.871986783073373184e-01,4.401242756542622092e-01,0.000000000000000000e+00,0.000000000000000000e+00,4.031651128570866160e-01,4.252026815680067795e-01,0.000000000000000000e+00,0.000000000000000000e+00,0.000000000000000000e+00,3.896421127373732030e-01,0.000000000000000000e+00,4.210955630605087152e-01,0.000000000000000000e+00,0.000000000000000000e+00,0.000000000000000000e+00,0.000000000000000000e+00,4.019497898756881904e-01,0.000000000000000000e+00,4.474456901590663782e-01,4.218490754230603268e-01,0.000000000000000000e+00,4.002912766832518732e-01,0.000000000000000000e+00,4.349052614455803933e-01,4.262097337530035834e-01,4.652755760260697260e-01,4.108131877591478243e-01,0.000000000000000000e+00,3.774489950583876929e-01,4.701866923451976099e-01,4.185040119899199884e-01,4.185207719791986247e-01,4.197893369140469066e-01,4.360926439578001745e-01,4.471315394398038823e-01
3.477153005166057076e-01,3.766032675288871756e-01,0.000000000000000000e+00,0.000000000000000000e+00,3.540804194189358101e-01,3.487782945284962910e-01,3.686948701804407258e-01,4.127157255837288763e-01,3.383584124283082750e-01,3.546675462520217925e-01,0.000000000000000000e+00,3.182790836525514200e-01,3.690771938740631253e-01,0.000000000000000000e+00,3.863076477705744138e-01,0.000000000000000000e+00,3.680457858940872073e-01,3.484746033400135112e-01,0.000000000000000000e+00,3.951860691173966766e-01,3.676177678731998855e-01,3.769018061296726119e-01,3.682806160308537136e-01,3.213415042187836024e-01,3.704555395672953222e-01,3.818977396400736746e-01,3.743737366366426955e-01,3.860563644051174248e-01,3.906872848727871994e-01,3.979558516262252099e-01,3.806817712864273839e-01,4.357704273880297907e-01,3.209956518113943891e-01,3.954252947248634853e-01,4.120769609569326919e-01,5.481362938880920410e-01,0.000000000000000000e+00,0.000000000000000000e+00,4.052193210110277000e-01,3.629722889681674114e-01,3.788309539594844066e-01,4.050012896310771771e-01,0.000000000000000000e+00,0.000000000000000000e+00,0.000000000000000000e+00,3.542479393652345765e-01,3.909893533693524770e-01,0.000000000000000000e+00,0.000000000000000000e+00,0.000000000000000000e+00,3.946594583638410869e-01,0.000000000000000000e+00,4.328074263161781898e-01,0.000000000000000000e+00,3.631679731669614219e-01,0.000000000000000000e+00,0.000000000000000000e+00,0.000000000000000000e+00,0.000000000000000000e+00,4.284437215572884927e-01,3.858532721680564825e-01,3.583249744246526092e-01,3.518910349147245098e-01,0.000000000000000000e+00,4.202734858164656750e-01,4.027188034317922272e-01,4.244377040694087277e-01,4.110061902249781962e-01,3.513611073135015084e-01,3.589230721142637193e-01,3.892701471592167062e-01,4.179835813906970787e-01,4.225200774954481764e-01,0.000000000000000000e+00,0.000000000000000000e+00,3.679307744473169217e-01
3.204380039688566884e-01,3.477404975636407269e-01,0.000000000000000000e+00,3.485124707221984863e-01,0.000000000000000000e+00,0.000000000000000000e+00,4.325492551675375053e-01,4.163379106414297204e-01,0.000000000000000000e+00,3.170065178276680884e-01,0.000000000000000000e+00,3.089950453525748264e-01,4.129851842221466951e-01,0.000000000000000000e+00,2.907054184262645724e-01,3.680457858940872073e-01,0.000000000000000000e+00,3.308892239539226732e-01,0.000000000000000000e+00,3.876920610166951220e-01,3.678083539140141744e-01,3.573173271855495936e-01,3.480949131645800776e-01,3.010461237633498821e-01,3.184276945371121159e-01,3.088525537849962088e-01,0.000000000000000000e+00,3.814251795353916785e-01,0.000000000000000000e+00,0.000000000000000000e+00,3.372433148368356171e-01,4.038244913063703256e-01,2.757676449861852230e-01,3.349283544014560188e-01,3.499515637585031147e-01,3.770640856531892182e-01,0.000000000000000000e+00,2.728531680616738120e-01,3.753603388866225132e-01,3.436246409799657009e-01,3.634069279136992181e-01,3.762949783699500728e-01,0.000000000000000000e+00,0.000000000000000000e+00,3.411805518209337085e-01,3.480762148451341798e-01,3.446764355410458780e-01,0.000000000000000000e+00,0.000000000000000000e+00,0.000000000000000000e+00,0.000000000000000000e+00,0.000000000000000000e+00,0.000000000000000000e+00,0.000000000000000000e+00,3.906345015812479060e-01,0.000000000000000000e+00,3.843022878515420238e-01,0.000000000000000000e+00,0.000000000000000000e+00,0.000000000000000000e+00,3.514208938006579963e-01,3.855416461883846013e-01,3.646950138944614062e-01,0.000000000000000000e+00,0.000000000000000000e+00,0.000000000000000000e+00,0.000000000000000000e+00,0.000000000000000000e+00,3.629381207483269867e-01,3.696124982596609154e-01,3.914681469293874727e-01,0.000000000000000000e+00,0.000000000000000000e+00,0.000000000000000000e+00,0.000000000000000000e+00,3.731886703275822947e-01
3.101138658278208005e-01,3.585739700860420820e-01,0.000000000000000000e+00,0.000000000000000000e+00,3.450145615902774909e-01,3.419414959453497271e-01,3.855453423226357090e-01,4.056909235579664874e-01,3.788420191263581760e-01,3.277867259934391098e-01,0.000000000000000000e+00,3.067312231537059897e-01,3.777730465517862846e-01,0.000000000000000000e+00,3.319309494618645773e-01,3.484746033400135112e-01,3.308892239539226732e-01,0.000000000000000000e+00,0.000000000000000000e+00,3.801292141959967119e-01,3.574511704835425796e-01,3.721121129392893079e-01,3.522144282868155951e-01,2.980209443803376046e-01,3.223765792707611877e-01,3.333446106102713191e-01,3.521145190133019853e-01,3.751045999388085139e-01,3.794950609210834824e-01,0.000000000000000000e+00,3.354113763460920272e-01,4.032702751033587774e-01,2.747717691616134994e-01,3.424255281922237160e-01,3.665950871120793875e-01,0.000000000000000000e+00,0.000000000000000000e+00,2.617795347757733149e-01,3.720729978223151213e-01,3.312202738182367101e-01,3.525968934174578129e-01,3.717866837566907723e-01,0.000000000000000000e+00,0.000000000000000000e+00,0.000000000000000000e+00,3.321216668749545908e-01,3.510611843932816001e-01,0.000000000000000000e+00,0.000000000000000000e+00,0.000000000000000000e+00,3.561718253465320783e-01,0.000000000000000000e+00,0.000000000000000000e+00,0.000000000000000000e+00,3.817506230092534980e-01,0.000000000000000000e+00,3.694120487805181985e-01,0.000000000000000000e+00,0.000000000000000000e+00,3.695027142995673253e-01,3.491421324030297146e-01,3.764954598747077275e-01,3.518947419259790821e-01,0.000000000000000000e+00,3.509114714743880037e-01,3.524751037383140884e-01,3.795283665282814800e-01,3.807148352828346183e-01,3.510189561708617068e-01,3.475841428567756908e-01,3.646646930728684732e-01,0.000000000000000000e+00,3.751751805298180198e-01,3.551115487696571149e-01,0.000000000000000000e+00,3.512772947464039008e-01
0.000000000000000000e+00,0.000000000000000000e+00,2.065189125220333044e-01,3.288111088314248920e-01,3.064881483309093158e-01,3.059179667828300087e-01,3.506569650152934203e-01,3.255385661233479166e-01,2.103870815974024922e-01,3.775031511133027928e-01,2.125602710137571016e-01,0.000000000000000000e+00,3.488581543306263910e-01,2.992913146771701838e-01,0.000000000000000000e+00,0.000000000000000000e+00,0.000000000000000000e+00,0.000000000000000000e+00,0.000000000000000000e+00,3.090041479735349261e-01,0.000000000000000000e+00,0.000000000000000000e+00,2.316826015392925986e-01,0.000000000000000000e+00,0.000000000000000000e+00,3.480479454945519802e-01,2.818667951683507811e-01,3.474020327320386237e-01,3.000466823311622178e-01,3.225425698139111064e-01,3.597660968194815734e-01,3.308828162955920749e-01,0.000000000000000000e+00,3.496959914123233260e-01,3.492856628304358835e-01,2.796092473970007153e-01,3.347888426532548145e-01,0.000000000000000000e+00,3.328682624448819904e-01,0.000000000000000000e+00,4.306733791884054807e-01,0.000000000000000000e+00,3.742003665967301163e-01,0.000000000000000000e+00,0.000000000000000000e+00,0.000000000000000000e+00,0.000000000000000000e+00,2.847431543409957855e-01,0.000000000000000000e+00,4.316679679013664117e-01,4.384017287754535808e-01,4.340080117169750062e-01,4.698594577758984925e-01,4.373766596312421151e-01,0.000000000000000000e+00,2.682750084187747186e-01,0.000000000000000000e+00,4.206358386280745210e-01,4.042255923111596205e-01,0.000000000000000000e+00,0.000000000000000000e+00,0.000000000000000000e+00,0.000000000000000000e+00,4.199927293704397990e-01,0.000000000000000000e+00,0.000000000000000000e+00,0.000000000000000000e+00,4.613439157314159211e-01,0.000000000000000000e+00,0.000000000000000000e+00,0.000000000000000000e+00,4.610502346975772214e-01,4.163118383948556933e-01,4.007623726370104777e-01,0.000000000000000000e+00,0.000000000000000000e+00
3.758605351684972118e-01,4.017316034530477031e-01,3.080647874745737758e-01,0.000000000000000000e+00,3.375449720407990850e-01,3.249358769028821148e-01,3.363012524174450180e-01,3.306197483063607057e-01,3.071125985908472744e-01,4.194613490558843916e-01,0.000000000000000000e+00,4.373684615726284863e-01,3.343913725335572740e-01,0.000000000000000000e+00,3.278333146989474978e-01,3.951860691173966766e-01,3.876920610166951220e-01,3.801292141959967119e-01,3.090041479735349261e-01,0.000000000000000000e+00,3.630964011797128133e-01,3.879280333519997126e-01,2.908575942406653181e-01,3.882111160301243147e-01,3.741585415179928820e-01,4.166288033688859138e-01,3.259132946524718188e-01,3.579579128547626943e-01,3.355529730626788942e-01,3.820399410347852243e-01,3.934697260766755189e-01,4.517571848365438125e-01,3.412975929997085767e-01,4.322065559281954017e-01,4.685801285472425137e-01,5.103693950046829242e-01,4.763834656205290785e-01,4.422005106024656240e-01,4.426684507321181905e-01,4.077069586713715221e-01,4.500415835376145868e-01,4.624269075310775134e-01,4.759658720965120882e-01,0.000000000000000000e+00,0.000000000000000000e+00,4.461040673566253889e-01,4.045488708329488814e-01,0.000000000000000000e+00,0.000000000000000000e+00,0.000000000000000000e+00,3.866467554231561854e-01,4.092044703275320994e-01,4.149957824821081109e-01,3.884150133316937037e-01,0.000000000000000000e+00,0.000000000000000000e+00,0.000000000000000000e+00,4.117719902318561220e-01,0.000000000000000000e+00,4.314354132321179258e-01,4.097155058035139019e-01,0.000000000000000000e+00,4.035775975854334896e-01,0.000000000000000000e+00,4.240207618561189773e-01,4.057126269042585776e-01,4.422799123782504838e-01,4.093762432852833810e-01,0.000000000000000000e+00,3.798544372963078009e-01,4.343436905891243094e-01,4.146640047209043112e-01,4.264850673854680974e-01,4.168623704441706268e-01,4.321924984999334085e-01,4.433314084863145266e-01
3.880808657060471067e-01,3.464239605492939189e-01,4.345479529391212958e-01,0.000000000000000000e+00,3.427360339525111210e-01,3.252832833383518252e-01,3.402002427989699873e-01,3.624185446560336810e-01,3.689921064682599172e-01,4.079349978621997219e-01,0.000000000000000000e+00,4.219784279831944040e-01,3.516537261968061268e-01,0.000000000000000000e+00,3.526908478216626008e-01,3.676177678731998855e-01,3.678083539140141744e-01,3.574511704835425796e-01,0.000000000000000000e+00,3.630964011797128133e-01,0.000000000000000000e+00,3.885599780254034852e-01,3.161652018580439205e-01,4.306655028176240019e-01,3.538877137337346213e-01,3.950349394121249746e-01,3.499177316365389978e-01,3.617728811192658100e-01,3.142041692319804125e-01,3.745960472208971215e-01,3.804010969971842182e-01,4.181993287283792826e-01,3.049855361618404870e-01,4.050093513984563964e-01,4.380684708350950918e-01,4.743512416817634025e-01,3.913355258185777230e-01,4.403957993641552937e-01,4.403184797143160911e-01,3.639269654101364160e-01,4.281390958259799207e-01,4.693089708884540245e-01,0.000000000000000000e+00,5.136031508445739746e-01,0.000000000000000000e+00,3.349256825658796788e-01,3.792686237365565094e-01,0.000000000000000000e+00,0.000000000000000000e+00,0.000000000000000000e+00,3.567000403803926023e-01,3.705893870046428895e-01,3.860577818148921980e-01,0.000000000000000000e+00,0.000000000000000000e+00,0.000000000000000000e+00,0.000000000000000000e+00,3.669986779183950776e-01,0.000000000000000000e+00,4.186994017568316240e-01,3.820509516080735080e-01,0.000000000000000000e+00,3.864670893335708235e-01,0.000000000000000000e+00,4.051657688816471259e-01,3.202506150405179941e-01,4.363305803340399858e-01,3.630315476248046069e-01,0.000000000000000000e+00,3.783511065924407002e-01,4.138472843663992262e-01,3.873611981190476228e-01,4.000889107323766236e-01,3.843666124336306833e-01,4.305588024241847056e-01,4.277847344429632770e-01
