0.000000000000000000e+00,4.006008394727674227e-01,4.386216767430374253e-01,0.000000000000000000e+00,0.000000000000000000e+00,4.305047391718013761e-01,3.984242269682825022e-01,4.752520682875461255e-01,0.000000000000000000e+00,3.862934173038727881e-01,0.000000000000000000e+00,3.620461802049679267e-01,4.338155248921328200e-01,0.000000000000000000e+00,3.895085376456119963e-01,3.978242238438017275e-01,3.907776541144927784e-01,3.937488163150207887e-01,0.000000000000000000e+00,4.039245139543238827e-01,4.366335180509716141e-01,4.135966644889171873e-01,4.360046338893213136e-01,3.298847071173561241e-01,3.662948904095266744e-01,3.544936516022773043e-01,4.373426752945561158e-01,4.352235200276839966e-01,4.268964178913857155e-01,0.000000000000000000e+00,3.682668380089518800e-01,4.369079878076900791e-01,3.745117229163877903e-01,3.785980074373997972e-01,4.259323545111068920e-01,0.000000000000000000e+00,0.000000000000000000e+00,4.022702114361532133e-01,4.386581947023752148e-01,3.933417593312544813e-01,3.975169558158361260e-01,4.442698988360216927e-01,0.000000000000000000e+00,0.000000000000000000e+00,0.000000000000000000e+00,3.452479275269182968e-01,4.382294270823643978e-01,0.000000000000000000e+00,0.000000000000000000e+00,0.000000000000000000e+00,0.000000000000000000e+00,0.000000000000000000e+00,0.000000000000000000e+00,0.000000000000000000e+00,0.000000000000000000e+00,0.000000000000000000e+00,0.000000000000000000e+00,0.000000000000000000e+00,0.000000000000000000e+00,5.000247857988076028e-01,4.292520006967470159e-01,4.463608973505884814e-01,4.087521126856817899e-01,0.000000000000000000e+00,0.000000000000000000e+00,3.728849757198541837e-01,4.364634045132571027e-01,0.000000000000000000e+00,3.479051608840045828e-01,4.240439287873484231e-01,4.320696716102873092e-01,4.975839684391664131e-01,0.000000000000000000e+00,0.000000000000000000e+00,0.000000000000000000e+00,3.973033210193309128e-01
4.006008394727674227e-01,0.000000000000000000e+00,3.920157588321022124e-01,0.000000000000000000e+00,4.105229004833513273e-01,3.898065682796700848e-01,4.314075596057579953e-01,4.385156539889412119e-01,4.014838812011565783e-01,0.000000000000000000e+00,0.000000000000000000e+00,0.000000000000000000e+00,4.368464700267981060e-01,0.000000000000000000e+00,4.324599460314973998e-01,3.940890602173062196e-01,0.000000000000000000e+00,4.052161492445082724e-01,0.000000000000000000e+00,4.263028127514972843e-01,4.173433592458616892e-01,4.248371971456639806e-01,4.184634123498290892e-01,3.557486360203130915e-01,3.594519366097133073e-01,3.954504263568890954e-01,4.074273662618670966e-01,4.378754662020822863e-01,4.137537359232391077e-01,4.540321484058180146e-01,3.624349416561172266e-01,4.395100407582933077e-01,3.631759962089414207e-01,3.677825641208065099e-01,4.293294415384407148e-01,0.000000000000000000e+00,0.000000000000000000e+00,0.000000000000000000e+00,4.632903734929449957e-01,4.467318190232766884e-01,4.367732411874644116e-01,4.583140991344626936e-01,0.000000000000000000e+00,0.000000000000000000e+00,0.000000000000000000e+00,4.460888846183049816e-01,4.572579448447656736e-01,0.000000000000000000e+00,0.000000000000000000e+00,0.000000000000000000e+00,4.404860318188495993e-01,0.000000000000000000e+00,0.000000000000000000e+00,0.000000000000000000e+00,0.000000000000000000e+00,0.000000000000000000e+00,0.000000000000000000e+00,4.521190135731227855e-01,0.000000000000000000e+00,5.034864450551509441e-01,4.464995369965618077e-01,0.000000000000000000e+00,4.316441947049806105e-01,0.000000000000000000e+00,4.755625070011716971e-01,4.810946740299805735e-01,4.637808106236486205e-01,4.745219675738215903e-01,4.526631978976652926e-01,4.440446453297082208e-01,4.747345572563830829e-01,4.831595499592966081e-01,4.801275901928920842e-01,4.637597225019136071e-01,0.000000000000000000e+00,4.346755534289691858e-01
4.386216767430374253e-01,3.920157588321022124e-01,0.000000000000000000e+00,0.000000000000000000e+00,3.727731551910418162e-01,3.424597655268853957e-01,4.183628900885349999e-01,4.561571261156733836e-01,3.279211101040960252e-01,4.643692929694893112e-01,3.364145992997052970e-01,0.000000000000000000e+00,4.395588922881467075e-01,4.119928312048888874e-01,0.000000000000000000e+00,0.000000000000000000e+00,0.000000000000000000e+00,0.000000000000000000e+00,2.981882951071245236e-01,0.000000000000000000e+00,3.741555549535245939e-01,3.924143959078736921e-01,3.184664286203301997e-01,0.000000000000000000e+00,3.725754493259069156e-01,4.143735073445378170e-01,3.150267536459304130e-01,4.485010209556348770e-01,3.783184720028658909e-01,4.458256803359854081e-01,4.537775247488379793e-01,4.372415349828722153e-01,4.051334454510012173e-01,4.481505988104401150e-01,4.498765029795703252e-01,4.308227404418901174e-01,4.503780750008042899e-01,0.000000000000000000e+00,5.400336142957309349e-01,0.000000000000000000e+00,5.581326369607069182e-01,0.000000000000000000e+00,5.416107844490649637e-01,0.000000000000000000e+00,0.000000000000000000e+00,0.000000000000000000e+00,0.000000000000000000e+00,5.919592434485088095e-01,0.000000000000000000e+00,5.634495439291439256e-01,5.772051410190003340e-01,5.820746626642435695e-01,5.496614507658805771e-01,5.984398055384121395e-01,0.000000000000000000e+00,5.673116925700913971e-01,0.000000000000000000e+00,5.702773026891448938e-01,5.530917053158885821e-01,0.000000000000000000e+00,0.000000000000000000e+00,0.000000000000000000e+00,0.000000000000000000e+00,5.971630264657298293e-01,0.000000000000000000e+00,0.000000000000000000e+00,0.000000000000000000e+00,5.811786974224810720e-01,0.000000000000000000e+00,0.000000000000000000e+00,0.000000000000000000e+00,5.836460871901533176e-01,5.558214923771563898e-01,5.191037187837795885e-01,0.000000000000000000e+00,5.725180014120057059e-01
0.000000000000000000e+00,0.000000000000000000e+00,0.000000000000000000e+00,0.000000000000000000e+00,2.587447441681867133e-01,0.000000000000000000e+00,2.821884464486668076e-01,0.000000000000000000e+00,4.596358433000640176e-01,2.154569294190500084e-01,3.281026774854988726e-01,0.000000000000000000e+00,3.034085541157768851e-01,2.772695948467958083e-01,0.000000000000000000e+00,0.000000000000000000e+00,0.000000000000000000e+00,0.000000000000000000e+00,4.247509008838967759e-01,0.000000000000000000e+00,0.000000000000000000e+00,0.000000000000000000e+00,0.000000000000000000e+00,4.144782721996306818e-01,0.000000000000000000e+00,3.985009193420410156e-01,0.000000000000000000e+00,2.825529008952396004e-01,0.000000000000000000e+00,0.000000000000000000e+00,3.516397612159197772e-01,3.293787374367582732e-01,0.000000000000000000e+00,3.514512791196826025e-01,3.057535255845759137e-01,2.078082831270857966e-01,1.699573744775136896e-01,0.000000000000000000e+00,0.000000000000000000e+00,0.000000000000000000e+00,0.000000000000000000e+00,0.000000000000000000e+00,0.000000000000000000e+00,0.000000000000000000e+00,0.000000000000000000e+00,0.000000000000000000e+00,0.000000000000000000e+00,0.000000000000000000e+00,0.000000000000000000e+00,0.000000000000000000e+00,0.000000000000000000e+00,0.000000000000000000e+00,0.000000000000000000e+00,0.000000000000000000e+00,0.000000000000000000e+00,0.000000000000000000e+00,0.000000000000000000e+00,0.000000000000000000e+00,0.000000000000000000e+00,0.000000000000000000e+00,0.000000000000000000e+00,0.000000000000000000e+00,0.000000000000000000e+00,0.000000000000000000e+00,0.000000000000000000e+00,0.000000000000000000e+00,0.000000000000000000e+00,0.000000000000000000e+00,0.000000000000000000e+00,0.000000000000000000e+00,0.000000000000000000e+00,0.000000000000000000e+00,0.000000000000000000e+00,0.000000000000000000e+00,0.000000000000000000e+00,0.000000000000000000e+00
0.000000000000000000e+00,4.105229004833513273e-01,3.727731551910418162e-01,2.587447441681867133e-01,0.000000000000000000e+00,3.735026867888783242e-01,3.103317641456637133e-01,4.106362390779617066e-01,3.182991226095086001e-01,4.354433696769580142e-01,3.078839627236710785e-01,4.341311526159883916e-01,3.484089625803046819e-01,2.941638094826066752e-01,0.000000000000000000e+00,0.000000000000000000e+00,4.168770020402268184e-01,0.000000000000000000e+00,3.434973869271700786e-01,0.000000000000000000e+00,0.000000000000000000e+00,4.137046422154906922e-01,3.892300639436110932e-01,0.000000000000000000e+00,4.102075152168438987e-01,4.255795581101134983e-01,3.793592507000657088e-01,3.394969690381232086e-01,4.006616872475781133e-01,0.000000000000000000e+00,4.455620165058389870e-01,3.672695170178604807e-01,4.153385466956204253e-01,4.235090379723963072e-01,3.973596319512263109e-01,2.753382720316793209e-01,2.251338094102590948e-01,0.000000000000000000e+00,4.936140065027251889e-01,4.728524088859558105e-01,5.422048826161427471e-01,0.000000000000000000e+00,4.512107367422762971e-01,0.000000000000000000e+00,0.000000000000000000e+00,0.000000000000000000e+00,0.000000000000000000e+00,5.653327873648863466e-01,0.000000000000000000e+00,5.240098916781654736e-01,5.597640682100516463e-01,5.592399280818911578e-01,5.074851614429842783e-01,5.541165797185055863e-01,0.000000000000000000e+00,5.062197949835203215e-01,0.000000000000000000e+00,5.597594367332366927e-01,4.805443772632090882e-01,0.000000000000000000e+00,0.000000000000000000e+00,0.000000000000000000e+00,0.000000000000000000e+00,5.527781739101061964e-01,0.000000000000000000e+00,0.000000000000000000e+00,4.697276221374582228e-01,5.527610659546218219e-01,0.000000000000000000e+00,0.000000000000000000e+00,0.000000000000000000e+00,5.550950752198503535e-01,5.536300877726997305e-01,5.136465197456145937e-01,5.601966382675171996e-01,5.534699252107487810e-01
4.305047391718013761e-01,3.898065682796700848e-01,3.424597655268853957e-01,0.000000000000000000e+00,3.735026867888783242e-01,0.000000000000000000e+00,4.069933715693541121e-01,4.030077439403835227e-01,3.361218562910210927e-01,4.394383522661418073e-01,3.484836789873778096e-01,0.000000000000000000e+00,3.887271972263841024e-01,3.989598443956023921e-01,4.040994858948793178e-01,4.031234690504806872e-01,0.000000000000000000e+00,4.051430579521819730e-01,3.731001384032898160e-01,3.742185668558533074e-01,4.023687087253767780e-01,3.932980557507884112e-01,3.645652624282604837e-01,4.318790698546788875e-01,3.799580055518981814e-01,4.036345994265079784e-01,3.418017027018859233e-01,3.751485169281200127e-01,3.202929926091371837e-01,4.226630916031585139e-01,4.364399042382893223e-01,4.266901364172923095e-01,3.654087831716448798e-01,4.368814824959719179e-01,4.295896768200000992e-01,4.304226868208719803e-01,4.384553031319796124e-01,0.000000000000000000e+00,5.171085595327645779e-01,0.000000000000000000e+00,5.262016966407933038e-01,5.394065789349243856e-01,5.446987750281914176e-01,0.000000000000000000e+00,0.000000000000000000e+00,0.000000000000000000e+00,4.293381551587748812e-01,5.785557119172736185e-01,0.000000000000000000e+00,5.573590367788585631e-01,5.359863845611001487e-01,5.581506557860954620e-01,4.846538331889739259e-01,5.851306923644380431e-01,0.000000000000000000e+00,5.620398472344498852e-01,0.000000000000000000e+00,5.420916122233253587e-01,5.632842494984189319e-01,4.663380995980689891e-01,4.341171950162079907e-01,0.000000000000000000e+00,0.000000000000000000e+00,5.907897691528157802e-01,4.849155899261173852e-01,0.000000000000000000e+00,4.522271455398559903e-01,5.325354503113906013e-01,0.000000000000000000e+00,0.000000000000000000e+00,4.494967924173440266e-01,5.268438046044913170e-01,5.342565714157014867e-01,5.052419187660469602e-01,5.318347335294553169e-01,5.310115427235404528e-01
3.984242269682825022e-01,4.314075596057579953e-01,4.183628900885349999e-01,2.821884464486668076e-01,3.103317641456637133e-01,4.069933715693541121e-01,0.000000000000000000e+00,4.651364706386609260e-01,4.016557585310340794e-01,4.230248868349572033e-01,3.987232205695064868e-01,4.009962364109432853e-01,3.305040695865487099e-01,3.318064106671664848e-01,0.000000000000000000e+00,4.473222503838013009e-01,4.241551700504698208e-01,4.435959025101650077e-01,4.319881433055987041e-01,4.400364149633673172e-01,4.496819237493133725e-01,4.484086799799804068e-01,4.324727499295019095e-01,3.903256621045783081e-01,4.131995379811969071e-01,4.166156722633387877e-01,4.156611741720305786e-01,3.548986178696404981e-01,4.328553929856934768e-01,0.000000000000000000e+00,4.110367037939682833e-01,4.104289162371960176e-01,3.915345202657097845e-01,3.924591063480460940e-01,3.869496009976818862e-01,3.493305384441152128e-01,3.799855795951045945e-01,3.943691300374008724e-01,5.232182459799606944e-01,4.021135080792322958e-01,4.960101103926150001e-01,4.595383182242500086e-01,5.057337692883194791e-01,0.000000000000000000e+00,0.000000000000000000e+00,0.000000000000000000e+00,4.638236961180365880e-01,5.708350076044821364e-01,0.000000000000000000e+00,5.456633670476584985e-01,5.521175557354530694e-01,5.639944007596927600e-01,5.119681289337910668e-01,5.753193809237404643e-01,4.153141740472409138e-01,5.276961422407289160e-01,0.000000000000000000e+00,5.562159984637808918e-01,5.059076015488780387e-01,4.699468212932462197e-01,4.922454107961070080e-01,0.000000000000000000e+00,0.000000000000000000e+00,5.669988244244077435e-01,5.085621613698598775e-01,0.000000000000000000e+00,4.864329978041779246e-01,5.516120859944657617e-01,3.741905167452744818e-01,0.000000000000000000e+00,4.524240411237184789e-01,5.465249391927095024e-01,5.509200601269835795e-01,5.325510031108920961e-01,5.405899479899021198e-01,5.523033080356706259e-01
4.752520682875461255e-01,4.385156539889412119e-01,4.561571261156733836e-01,0.000000000000000000e+00,4.106362390779617066e-01,4.030077439403835227e-01,4.651364706386609260e-01,0.000000000000000000e+00,4.597431480205763088e-01,4.705609817835971209e-01,3.594956446601688116e-01,4.527234090287260981e-01,4.683903316066759248e-01,3.830117690878592773e-01,4.172098551618280138e-01,4.333394536674599062e-01,0.000000000000000000e+00,4.483268976655712112e-01,4.467703295160195820e-01,4.057462782611427898e-01,3.965348233051748106e-01,4.284189347668649894e-01,3.534070465244991133e-01,4.647659430975771833e-01,4.378007411148265859e-01,4.537885411437085903e-01,4.080450425469738240e-01,4.460822922467813090e-01,3.910561472620510126e-01,4.340271914046460733e-01,4.494436392461734209e-01,4.274224101120783215e-01,3.837507651129137276e-01,4.506110879833323257e-01,4.575544721593323150e-01,3.593490383779853192e-01,3.578871252453418861e-01,0.000000000000000000e+00,4.931647156795441189e-01,0.000000000000000000e+00,5.142875490086392665e-01,0.000000000000000000e+00,5.116164200793476002e-01,0.000000000000000000e+00,0.000000000000000000e+00,0.000000000000000000e+00,4.769688965509156775e-01,5.638724811069062426e-01,0.000000000000000000e+00,5.316668282762977427e-01,5.010576459544142658e-01,5.306744858422888234e-01,4.403865256077569845e-01,5.666632281172551133e-01,0.000000000000000000e+00,5.339457044638037386e-01,0.000000000000000000e+00,5.220196087016324427e-01,5.340523191513574242e-01,4.743916006662278750e-01,0.000000000000000000e+00,0.000000000000000000e+00,0.000000000000000000e+00,5.679650209344868639e-01,4.969190353806300919e-01,4.863158959275794002e-01,4.690868269563646109e-01,5.088047110173269383e-01,0.000000000000000000e+00,4.823926224824580111e-01,4.855850361143568272e-01,5.071812666908098732e-01,5.032651677728099404e-01,4.750885199734419251e-01,4.930817436193484227e-01,5.044474157446796614e-01
0.000000000000000000e+00,4.014838812011565783e-01,3.279211101040960252e-01,4.596358433000640176e-01,3.182991226095086001e-01,3.361218562910210927e-01,4.016557585310340794e-01,4.597431480205763088e-01,0.000000000000000000e+00,4.579407002352129941e-01,3.059112175825953739e-01,4.484049384639420821e-01,4.040985292210222957e-01,3.840626826297374730e-01,0.000000000000000000e+00,0.000000000000000000e+00,4.434103254964225083e-01,4.395438237216010013e-01,3.136144680126873863e-01,4.246711404096383258e-01,3.873361084378084129e-01,3.996505815993284250e-01,3.663870871441815003e-01,4.593641106563806087e-01,4.175096682822421745e-01,4.141809169632297838e-01,3.473887171021636244e-01,4.574780229779176755e-01,4.006110211519974262e-01,4.551148323377628979e-01,4.666752933226068767e-01,4.530288403236022998e-01,4.312046549520900940e-01,4.586402577801657054e-01,4.545587497369583119e-01,4.236122896893023126e-01,4.487489398463579970e-01,4.489750819310208141e-01,5.289940662461160015e-01,0.000000000000000000e+00,5.545207410858230546e-01,5.637341102110149382e-01,5.213016563521536417e-01,0.000000000000000000e+00,0.000000000000000000e+00,0.000000000000000000e+00,0.000000000000000000e+00,5.950018544764865691e-01,0.000000000000000000e+00,5.637634691345532190e-01,5.774963186457249265e-01,5.802898431069082319e-01,5.342998995070936674e-01,5.949543788496608476e-01,0.000000000000000000e+00,5.675236879284805136e-01,0.000000000000000000e+00,5.729631975835555169e-01,5.542900981500595847e-01,0.000000000000000000e+00,0.000000000000000000e+00,0.000000000000000000e+00,0.000000000000000000e+00,5.909160046997270488e-01,4.635469384481845090e-01,0.000000000000000000e+00,4.529377150857757939e-01,5.800104484378016956e-01,0.000000000000000000e+00,0.000000000000000000e+00,0.000000000000000000e+00,5.741427174964296443e-01,5.619542192800878189e-01,5.211892077920732280e-01,5.602579705227357376e-01,5.651743263001259843e-01
3.862934173038727881e-01,0.000000000000000000e+00,4.643692929694893112e-01,2.154569294190500084e-01,4.354433696769580142e-01,4.394383522661418073e-01,4.230248868349572033e-01,4.705609817835971209e-01,4.579407002352129941e-01,0.000000000000000000e+00,4.512920483086865775e-01,2.926410125916010796e-01,4.161086993588247740e-01,4.465426193306756275e-01,0.000000000000000000e+00,3.932194028823610132e-01,3.350674371167636223e-01,3.576947569743915145e-01,4.596587588652459866e-01,0.000000000000000000e+00,4.490931089236877005e-01,4.030862249681714249e-01,4.382337832276019807e-01,3.075055394803671849e-01,3.061966315669146788e-01,3.139089491978327984e-01,4.391667828592433764e-01,4.176195989211889947e-01,4.272950564474762847e-01,0.000000000000000000e+00,3.417499237073883811e-01,3.411052553583099889e-01,3.003506691991026933e-01,3.071246547803742066e-01,3.488064245134969155e-01,2.692419633054554118e-01,2.891095087622793103e-01,2.989145074725046980e-01,3.161118338329594879e-01,4.388490340295296277e-01,3.827448450551902970e-01,3.824679398740872260e-01,3.975736255428038990e-01,0.000000000000000000e+00,3.777716342849902209e-01,0.000000000000000000e+00,0.000000000000000000e+00,0.000000000000000000e+00,0.000000000000000000e+00,0.000000000000000000e+00,5.280317726370329368e-01,4.177028033986988076e-01,0.000000000000000000e+00,0.000000000000000000e+00,4.451209630941391771e-01,0.000000000000000000e+00,4.329230428582114265e-01,4.218535588707997275e-01,0.000000000000000000e+00,0.000000000000000000e+00,4.454225101078237992e-01,4.511229793363281115e-01,4.512994312750718273e-01,0.000000000000000000e+00,0.000000000000000000e+00,0.000000000000000000e+00,0.000000000000000000e+00,5.167381066586910210e-01,4.374326425918890204e-01,4.489107288340729029e-01,4.538062092638787126e-01,5.386714192839230364e-01,4.072251686809291171e-01,0.000000000000000000e+00,0.000000000000000000e+00,4.334529892158635045e-01
0.000000000000000000e+00,0.000000000000000000e+00,3.364145992997052970e-01,3.281026774854988726e-01,3.078839627236710785e-01,3.484836789873778096e-01,3.987232205695064868e-01,3.594956446601688116e-01,3.059112175825953739e-01,4.512920483086865775e-01,0.000000000000000000e+00,4.442298495079122223e-01,4.409693200793661783e-01,3.075103722199504230e-01,0.000000000000000000e+00,0.000000000000000000e+00,4.389738351873053168e-01,0.000000000000000000e+00,3.000288958802089234e-01,0.000000000000000000e+00,0.000000000000000000e+00,0.000000000000000000e+00,3.358877161793806798e-01,0.000000000000000000e+00,4.403105279351028911e-01,4.333185424047195089e-01,3.524712290004647919e-01,4.479352530587021874e-01,0.000000000000000000e+00,4.843257061273045228e-01,4.653227864517446855e-01,4.058099077392833820e-01,4.385769867695556989e-01,4.494424725421949929e-01,4.312824357602644265e-01,3.235172186793017213e-01,2.772058888917446895e-01,0.000000000000000000e+00,4.783629854745544141e-01,0.000000000000000000e+00,5.422106335751014639e-01,0.000000000000000000e+00,4.754980256351459822e-01,0.000000000000000000e+00,0.000000000000000000e+00,0.000000000000000000e+00,0.000000000000000000e+00,5.722105585282023510e-01,0.000000000000000000e+00,5.066099441738407538e-01,5.637053174087068852e-01,5.437981037849931587e-01,5.180889542691762273e-01,5.631908499914638488e-01,0.000000000000000000e+00,4.397371097931582207e-01,0.000000000000000000e+00,5.381792232053129732e-01,5.040371916566583899e-01,0.000000000000000000e+00,0.000000000000000000e+00,0.000000000000000000e+00,0.000000000000000000e+00,5.539744954423556633e-01,0.000000000000000000e+00,0.000000000000000000e+00,0.000000000000000000e+00,5.627806449167040981e-01,0.000000000000000000e+00,0.000000000000000000e+00,0.000000000000000000e+00,5.559539944511061593e-01,5.280541126571564048e-01,5.211530498375609444e-01,0.000000000000000000e+00,5.364105953517863679e-01
3.620461802049679267e-01,0.000000000000000000e+00,0.000000000000000000e+00,0.000000000000000000e+00,4.341311526159883916e-01,0.000000000000000000e+00,4.009962364109432853e-01,4.527234090287260981e-01,4.484049384639420821e-01,2.926410125916010796e-01,4.442298495079122223e-01,0.000000000000000000e+00,4.147937400065757063e-01,0.000000000000000000e+00,0.000000000000000000e+00,3.865419115975802233e-01,3.533676641459583823e-01,3.533116333549847221e-01,4.505436791813852149e-01,0.000000000000000000e+00,4.475159156795208149e-01,0.000000000000000000e+00,0.000000000000000000e+00,2.704519146181466049e-01,3.288331906827847151e-01,3.026328068492616929e-01,0.000000000000000000e+00,4.164468815137176150e-01,0.000000000000000000e+00,0.000000000000000000e+00,3.610040149673042764e-01,3.138107253927733264e-01,2.779703893949108107e-01,2.672501311521235934e-01,3.055103115269323100e-01,3.220427518571932213e-01,2.765296042533149090e-01,2.591487993532812784e-01,2.852252839689786157e-01,4.258160053240783172e-01,3.723572398570813013e-01,4.310553234991488791e-01,0.000000000000000000e+00,0.000000000000000000e+00,3.347443467722467925e-01,3.894480764865875244e-01,0.000000000000000000e+00,0.000000000000000000e+00,0.000000000000000000e+00,0.000000000000000000e+00,0.000000000000000000e+00,0.000000000000000000e+00,0.000000000000000000e+00,0.000000000000000000e+00,4.438015244685762917e-01,0.000000000000000000e+00,2.508834659451871230e-01,4.334446179448607772e-01,0.000000000000000000e+00,0.000000000000000000e+00,4.350375114085561767e-01,4.534640969056289994e-01,4.557250612129635781e-01,0.000000000000000000e+00,0.000000000000000000e+00,0.000000000000000000e+00,0.000000000000000000e+00,0.000000000000000000e+00,4.188906849178195002e-01,4.532881632066584898e-01,4.529449033649103895e-01,0.000000000000000000e+00,4.106043899320538926e-01,0.000000000000000000e+00,0.000000000000000000e+00,4.413710473760905084e-01
4.338155248921328200e-01,4.368464700267981060e-01,4.395588922881467075e-01,3.034085541157768851e-01,3.484089625803046819e-01,3.887271972263841024e-01,3.305040695865487099e-01,4.683903316066759248e-01,4.040985292210222957e-01,4.161086993588247740e-01,4.409693200793661783e-01,4.147937400065757063e-01,0.000000000000000000e+00,3.736223876978582159e-01,4.223824115789822087e-01,4.525056803863298227e-01,4.160203043556686131e-01,4.459757738671271121e-01,4.600466835404760091e-01,4.326643851278055841e-01,4.401502568801041182e-01,4.482423305145943893e-01,4.303297493421704978e-01,3.982890530733355083e-01,4.189793982549356866e-01,4.183069269813891045e-01,4.109439915052036096e-01,3.461060843874015913e-01,4.049669610826789889e-01,3.908372588135031744e-01,4.012668826893707186e-01,4.274206221677984141e-01,3.969056800709505062e-01,3.970841153255871836e-01,3.947585310376102163e-01,3.898978265473719840e-01,4.016831986026337953e-01,3.957449556538603086e-01,5.049883177885855501e-01,0.000000000000000000e+00,5.451547848696236542e-01,4.654109170528830108e-01,5.350285466098340104e-01,0.000000000000000000e+00,3.806371390819550116e-01,4.450528421811458801e-01,4.584132052184066164e-01,5.731316011459101079e-01,0.000000000000000000e+00,5.698894546235803160e-01,5.485247699967803481e-01,5.660179921696312233e-01,5.221567735996183179e-01,5.823078020603720262e-01,4.086048586466743959e-01,5.340917839049512672e-01,0.000000000000000000e+00,5.553171243149264136e-01,5.195604270544400549e-01,4.859736795296811240e-01,4.680940916088963122e-01,0.000000000000000000e+00,0.000000000000000000e+00,5.778550248386454813e-01,5.139954469380854096e-01,4.775092469714424248e-01,4.758088162887679218e-01,5.486974690727702830e-01,0.000000000000000000e+00,4.315282871834759115e-01,4.555277062987360126e-01,5.441995500442364797e-01,5.468311571312113317e-01,5.291988685556687777e-01,5.433684298324439332e-01,5.488292687358182764e-01
0.000000000000000000e+00,0.000000000000000000e+00,4.119928312048888874e-01,2.772695948467958083e-01,2.941638094826066752e-01,3.989598443956023921e-01,3.318064106671664848e-01,3.830117690878592773e-01,3.840626826297374730e-01,4.465426193306756275e-01,3.075103722199504230e-01,0.000000000000000000e+00,3.736223876978582159e-01,0.000000000000000000e+00,0.000000000000000000e+00,0.000000000000000000e+00,0.000000000000000000e+00,0.000000000000000000e+00,3.614813563403693752e-01,0.000000000000000000e+00,0.000000000000000000e+00,0.000000000000000000e+00,3.883843188875781838e-01,0.000000000000000000e+00,0.000000000000000000e+00,0.000000000000000000e+00,4.368805737635320097e-01,3.193896083613160242e-01,0.000000000000000000e+00,0.000000000000000000e+00,4.283702509690229254e-01,3.414701589741213072e-01,3.956859707832335871e-01,4.087881337539708837e-01,3.863381628980592231e-01,2.588465934378563205e-01,1.939544348946889984e-01,0.000000000000000000e+00,4.555216606895916009e-01,0.000000000000000000e+00,0.000000000000000000e+00,0.000000000000000000e+00,4.628146154783194799e-01,0.000000000000000000e+00,0.000000000000000000e+00,0.000000000000000000e+00,0.000000000000000000e+00,5.672083536643555135e-01,0.000000000000000000e+00,0.000000000000000000e+00,5.418688143897348874e-01,5.119638399021163577e-01,5.273304658694272229e-01,5.509156609818285366e-01,0.000000000000000000e+00,5.110110825117817335e-01,0.000000000000000000e+00,5.321842150210273070e-01,5.337574430764145950e-01,0.000000000000000000e+00,0.000000000000000000e+00,0.000000000000000000e+00,0.000000000000000000e+00,5.370153879004944120e-01,0.000000000000000000e+00,0.000000000000000000e+00,0.000000000000000000e+00,5.497070963040686653e-01,0.000000000000000000e+00,0.000000000000000000e+00,0.000000000000000000e+00,0.000000000000000000e+00,0.000000000000000000e+00,0.000000000000000000e+00,0.000000000000000000e+00,0.000000000000000000e+00
3.895085376456119963e-01,4.324599460314973998e-01,0.000000000000000000e+00,0.000000000000000000e+00,0.000000000000000000e+00,4.040994858948793178e-01,0.000000000000000000e+00,4.172098551618280138e-01,0.000000000000000000e+00,0.000000000000000000e+00,0.000000000000000000e+00,0.000000000000000000e+00,4.223824115789822087e-01,0.000000000000000000e+00,0.000000000000000000e+00,4.170316891362816913e-01,0.000000000000000000e+00,4.199295601809180933e-01,0.000000000000000000e+00,3.525140220452628870e-01,3.911891998877566889e-01,3.545379872714389813e-01,3.428894453637196804e-01,4.194096079377839237e-01,4.009391418513756911e-01,3.955327551928776164e-01,3.857306060099283118e-01,4.133149561407624129e-01,3.954349916227631878e-01,0.000000000000000000e+00,4.096223248236374737e-01,4.422651241782882270e-01,3.926537109226678757e-01,4.282758252533531151e-01,4.766428851813848122e-01,0.000000000000000000e+00,0.000000000000000000e+00,0.000000000000000000e+00,4.997367572245277056e-01,4.813406660785368163e-01,4.946692623745443940e-01,5.121271256434434260e-01,0.000000000000000000e+00,0.000000000000000000e+00,0.000000000000000000e+00,4.701923303339651805e-01,4.920148073378163844e-01,0.000000000000000000e+00,0.000000000000000000e+00,0.000000000000000000e+00,4.608315047847865165e-01,0.000000000000000000e+00,5.136852561529003935e-01,0.000000000000000000e+00,0.000000000000000000e+00,0.000000000000000000e+00,0.000000000000000000e+00,4.916432075058961848e-01,0.000000000000000000e+00,5.215410081474326498e-01,4.669262296469722795e-01,0.000000000000000000e+00,4.485318643152734208e-01,0.000000000000000000e+00,5.171761184632239772e-01,4.928519909537740218e-01,5.131702235511792498e-01,4.978297340084468225e-01,0.000000000000000000e+00,4.440917266450338796e-01,5.211746905545775466e-01,5.153098181960229507e-01,5.059445592239697476e-01,5.110506655889699434e-01,5.214385438962308994e-01,4.867469058891630840e-01
3.978242238438017275e-01,3.940890602173062196e-01,0.000000000000000000e+00,0.000000000000000000e+00,0.000000000000000000e+00,4.031234690504806872e-01,4.473222503838013009e-01,4.333394536674599062e-01,0.000000000000000000e+00,3.932194028823610132e-01,0.000000000000000000e+00,3.865419115975802233e-01,4.525056803863298227e-01,0.000000000000000000e+00,4.170316891362816913e-01,0.000000000000000000e+00,3.886349585650720750e-01,3.641668644125494736e-01,0.000000000000000000e+00,3.935114583482152151e-01,4.123928680394122193e-01,3.688349094504296266e-01,4.196412466316947754e-01,3.744592131057650763e-01,3.681207512655981784e-01,3.964790732987938937e-01,4.109900876402283187e-01,4.372769968382904104e-01,4.187619796742155787e-01,4.358905374499527086e-01,3.720793481138631176e-01,4.417544219437324893e-01,3.690354959616207187e-01,3.863333625942937943e-01,4.374518503658145208e-01,0.000000000000000000e+00,0.000000000000000000e+00,0.000000000000000000e+00,4.539251862732113785e-01,4.310842646551992785e-01,4.284825352372990115e-01,4.513725257850115247e-01,0.000000000000000000e+00,0.000000000000000000e+00,0.000000000000000000e+00,4.304154419270784793e-01,4.470677432744935009e-01,0.000000000000000000e+00,0.000000000000000000e+00,0.000000000000000000e+00,4.337056710756677091e-01,0.000000000000000000e+00,0.000000000000000000e+00,0.000000000000000000e+00,4.684863295231150859e-01,0.000000000000000000e+00,4.583445147508445894e-01,4.332295309051811261e-01,0.000000000000000000e+00,4.770859111535379893e-01,4.444121932748469894e-01,4.657714229829021946e-01,4.447635956817945768e-01,0.000000000000000000e+00,4.790385873396130756e-01,4.542364486093917741e-01,4.478575618673029113e-01,4.621848075742184259e-01,4.324054644858129071e-01,4.540948824008667062e-01,4.558816194565865065e-01,4.766488359262933128e-01,4.575903761288229177e-01,4.615156729163444882e-01,0.000000000000000000e+00,4.266157501226093274e-01
3.907776541144927784e-01,0.000000000000000000e+00,0.000000000000000000e+00,0.000000000000000000e+00,4.168770020402268184e-01,0.000000000000000000e+00,4.241551700504698208e-01,0.000000000000000000e+00,4.434103254964225083e-01,3.350674371167636223e-01,4.389738351873053168e-01,3.533676641459583823e-01,4.160203043556686131e-01,0.000000000000000000e+00,0.000000000000000000e+00,3.886349585650720750e-01,0.000000000000000000e+00,3.471640060924857107e-01,4.549870325748617272e-01,0.000000000000000000e+00,0.000000000000000000e+00,3.775425238647885928e-01,0.000000000000000000e+00,3.585499120791357242e-01,3.021410493002570918e-01,3.467712594744820076e-01,0.000000000000000000e+00,4.092606647578999057e-01,0.000000000000000000e+00,0.000000000000000000e+00,3.507129712436781177e-01,4.311677616100477173e-01,3.457717490174341823e-01,3.571087546001388002e-01,3.593472323006409730e-01,4.281970695480232791e-01,0.000000000000000000e+00,3.497529737247280224e-01,4.360071694868388192e-01,4.696390082748616024e-01,4.396812035600882185e-01,4.419760627951080934e-01,0.000000000000000000e+00,0.000000000000000000e+00,0.000000000000000000e+00,4.505697978875685128e-01,4.279592624887559871e-01,0.000000000000000000e+00,0.000000000000000000e+00,0.000000000000000000e+00,0.000000000000000000e+00,0.000000000000000000e+00,0.000000000000000000e+00,0.000000000000000000e+00,4.680056258761486898e-01,0.000000000000000000e+00,4.692470536689353211e-01,4.521951984581010775e-01,0.000000000000000000e+00,0.000000000000000000e+00,4.345425631290888990e-01,4.605653964731173944e-01,4.619592786168921217e-01,0.000000000000000000e+00,0.000000000000000000e+00,0.000000000000000000e+00,0.000000000000000000e+00,0.000000000000000000e+00,4.416781346989501200e-01,4.589220972069874005e-01,4.604095928922832259e-01,0.000000000000000000e+00,4.481926467477486131e-01,0.000000000000000000e+00,0.000000000000000000e+00,4.562726377943064904e-01
3.937488163150207887e-01,4.052161492445082724e-01,0.000000000000000000e+00,0.000000000000000000e+00,0.000000000000000000e+00,4.051430579521819730e-01,4.435959025101650077e-01,4.483268976655712112e-01,4.395438237216010013e-01,3.576947569743915145e-01,0.000000000000000000e+00,3.533116333549847221e-01,4.459757738671271121e-01,0.000000000000000000e+00,4.199295601809180933e-01,3.641668644125494736e-01,3.471640060924857107e-01,0.000000000000000000e+00,0.000000000000000000e+00,4.133401345745266187e-01,4.256164808047068759e-01,4.077247430847393828e-01,4.238458950049673879e-01,3.641430902011915105e-01,3.367640525759587056e-01,3.711650923612033193e-01,4.130182191669815039e-01,4.394210836064562087e-01,4.291296892274992780e-01,4.394286302859913840e-01,3.704432584632966763e-01,4.513364054145069804e-01,3.600408417245664072e-01,3.817543623213998094e-01,4.141658344878917930e-01,0.000000000000000000e+00,0.000000000000000000e+00,3.498913186489545080e-01,4.634981835530979088e-01,4.453952292281178060e-01,4.351516302969088978e-01,4.534140313777481057e-01,0.000000000000000000e+00,0.000000000000000000e+00,0.000000000000000000e+00,4.259458091824644965e-01,4.505924001219626107e-01,0.000000000000000000e+00,0.000000000000000000e+00,0.000000000000000000e+00,4.274061641697490810e-01,0.000000000000000000e+00,0.000000000000000000e+00,0.000000000000000000e+00,4.696005250667227848e-01,0.000000000000000000e+00,4.657387740389081765e-01,4.467095553490422200e-01,0.000000000000000000e+00,4.754868059318946849e-01,4.478113787723386197e-01,4.648257278518561075e-01,4.556658774917741739e-01,0.000000000000000000e+00,4.699593726799820015e-01,4.360014717302995724e-01,4.543390688734835758e-01,4.646084835994505058e-01,4.309905665855006118e-01,4.511991568982111067e-01,4.528125460898527743e-01,4.800558213600519264e-01,4.510561343427093028e-01,4.602258448835265248e-01,0.000000000000000000e+00,4.465890533414637042e-01
0.000000000000000000e+00,0.000000000000000000e+00,2.981882951071245236e-01,4.247509008838967759e-01,3.434973869271700786e-01,3.731001384032898160e-01,4.319881433055987041e-01,4.467703295160195820e-01,3.136144680126873863e-01,4.596587588652459866e-01,3.000288958802089234e-01,4.505436791813852149e-01,4.600466835404760091e-01,3.614813563403693752e-01,0.000000000000000000e+00,0.000000000000000000e+00,4.549870325748617272e-01,0.000000000000000000e+00,0.000000000000000000e+00,0.000000000000000000e+00,0.000000000000000000e+00,0.000000000000000000e+00,3.242374838137891957e-01,0.000000000000000000e+00,0.000000000000000000e+00,4.432958805254789136e-01,3.379495761497549045e-01,4.718927052925763199e-01,4.320706318337301788e-01,4.656159240433088153e-01,4.742786813621606146e-01,4.498927612503358930e-01,4.579093738339540809e-01,4.637659618684668028e-01,4.582784501146632272e-01,4.081600641898706083e-01,4.360788228472711192e-01,4.608167169732768076e-01,5.257026341406628722e-01,0.000000000000000000e+00,5.684256869131534273e-01,0.000000000000000000e+00,5.103620794863070742e-01,0.000000000000000000e+00,0.000000000000000000e+00,0.000000000000000000e+00,0.000000000000000000e+00,5.932423260553780775e-01,0.000000000000000000e+00,5.537048905162896828e-01,5.868877159258206744e-01,5.810360884386095437e-01,5.514498996890577764e-01,5.960080374412015658e-01,0.000000000000000000e+00,5.192133611632087087e-01,0.000000000000000000e+00,5.782331614092098837e-01,5.322033261559591111e-01,0.000000000000000000e+00,0.000000000000000000e+00,0.000000000000000000e+00,0.000000000000000000e+00,5.913306776187975400e-01,4.638260781802909793e-01,0.000000000000000000e+00,4.796048513475045794e-01,5.884628451642008873e-01,0.000000000000000000e+00,0.000000000000000000e+00,0.000000000000000000e+00,5.825154773387980489e-01,5.680019292825504440e-01,5.287715390226813694e-01,0.000000000000000000e+00,5.589940018060142179e-01
4.039245139543238827e-01,4.263028127514972843e-01,0.000000000000000000e+00,0.000000000000000000e+00,0.000000000000000000e+00,3.742185668558533074e-01,4.400364149633673172e-01,4.057462782611427898e-01,4.246711404096383258e-01,0.000000000000000000e+00,0.000000000000000000e+00,0.000000000000000000e+00,4.326643851278055841e-01,0.000000000000000000e+00,3.525140220452628870e-01,3.935114583482152151e-01,0.000000000000000000e+00,4.133401345745266187e-01,0.000000000000000000e+00,0.000000000000000000e+00,4.165535236089544235e-01,3.991179302513205851e-01,3.482562182512151105e-01,3.870102717124643266e-01,3.877179260724281096e-01,4.249635778559547883e-01,3.519620041244517772e-01,3.998880783149019735e-01,3.525652517468351177e-01,3.806535566673496240e-01,3.725089319039556757e-01,4.428823756481881091e-01,3.822369955465413915e-01,4.127680738339820077e-01,4.714818656327161017e-01,5.113252311241354153e-01,4.803788883996951142e-01,0.000000000000000000e+00,5.007927887099137276e-01,4.862866249751516268e-01,5.083353349013475242e-01,5.078859855657785749e-01,4.924828391500867819e-01,0.000000000000000000e+00,0.000000000000000000e+00,4.281328547637698878e-01,4.484825066068969246e-01,0.000000000000000000e+00,0.000000000000000000e+00,0.000000000000000000e+00,4.945045108262017819e-01,0.000000000000000000e+00,5.123948755512900410e-01,0.000000000000000000e+00,0.000000000000000000e+00,0.000000000000000000e+00,0.000000000000000000e+00,5.041766606902586823e-01,0.000000000000000000e+00,5.186534138538385630e-01,4.641199186991278869e-01,0.000000000000000000e+00,4.436310895612016747e-01,0.000000000000000000e+00,5.194452828019373580e-01,5.046865281031178707e-01,5.013413800125838815e-01,5.118846092353971367e-01,0.000000000000000000e+00,4.348558251625674886e-01,4.667914977475294824e-01,5.279417200190055226e-01,5.163984762433632136e-01,5.139985286355061023e-01,5.175703423968563976e-01,5.095904340288112122e-01
4.366335180509716141e-01,4.173433592458616892e-01,3.741555549535245939e-01,0.000000000000000000e+00,0.000000000000000000e+00,4.023687087253767780e-01,4.496819237493133725e-01,3.965348233051748106e-01,3.873361084378084129e-01,4.490931089236877005e-01,0.000000000000000000e+00,4.475159156795208149e-01,4.401502568801041182e-01,0.000000000000000000e+00,3.911891998877566889e-01,4.123928680394122193e-01,0.000000000000000000e+00,4.256164808047068759e-01,0.000000000000000000e+00,4.165535236089544235e-01,0.000000000000000000e+00,4.310451908625733131e-01,3.762173784399662213e-01,4.486302930455854932e-01,4.127341673113290033e-01,4.016188117425462112e-01,4.145589310213155243e-01,4.389616872527741798e-01,4.162929304690149990e-01,4.558688035218563250e-01,4.099355380986555164e-01,4.386514721136112183e-01,3.885386847693533818e-01,4.231291450721272884e-01,4.728632334538024895e-01,5.236709363095266578e-01,0.000000000000000000e+00,0.000000000000000000e+00,4.700646254368043842e-01,4.484145514175398861e-01,4.533459562173772772e-01,4.664802464422023176e-01,0.000000000000000000e+00,0.000000000000000000e+00,0.000000000000000000e+00,4.325917388002418207e-01,4.596431268701562933e-01,0.000000000000000000e+00,0.000000000000000000e+00,0.000000000000000000e+00,4.987738183460644903e-01,0.000000000000000000e+00,4.635871024688799080e-01,0.000000000000000000e+00,0.000000000000000000e+00,0.000000000000000000e+00,0.000000000000000000e+00,4.952448878616669270e-01,0.000000000000000000e+00,4.981062315148491182e-01,4.411841186110206925e-01,0.000000000000000000e+00,0.000000000000000000e+00,0.000000000000000000e+00,5.093706729738565198e-01,4.434380287070289750e-01,4.961012196581516265e-01,4.697299777823550904e-01,0.000000000000000000e+00,4.513632284785353277e-01,4.882031384147855202e-01,4.945049653267074019e-01,5.084915379916760125e-01,4.954587473620750138e-01,4.975527947917713911e-01,4.532140466095299081e-01
