0.000000000000000000e+00,4.000228421889299169e-01,0.000000000000000000e+00,0.000000000000000000e+00,0.000000000000000000e+00,3.801348961319165887e-01,4.458884149348391057e-01,5.229113608959875537e-01,3.836198628774880048e-01,4.146390580052701780e-01,5.187322008945984830e-01,3.733914785133419789e-01,4.285446346107644744e-01,0.000000000000000000e+00,3.562719988144399941e-01,4.102012505152756727e-01,4.058688735412412929e-01,3.954912706866474115e-01,0.000000000000000000e+00,4.358556391580878930e-01,4.045809676819672740e-01,3.985286880914891139e-01,4.645169961730987174e-01,3.365400699622287939e-01,3.788036193530748275e-01,3.612105244707604079e-01,4.429755805006764802e-01,4.614784463953937044e-01,4.561001506057166255e-01,0.000000000000000000e+00,3.720037536362713060e-01,4.386403705882653825e-01,3.530165900818558744e-01,3.686092010284218179e-01,4.179545714423731906e-01,4.911252285420301122e-01,0.000000000000000000e+00,4.325772437118963754e-01,4.631466025790227925e-01,4.960505743924147892e-01,4.411844470738057744e-01,0.000000000000000000e+00,0.000000000000000000e+00,0.000000000000000000e+00,0.000000000000000000e+00,3.324720303657074938e-01,5.042958451283134913e-01,0.000000000000000000e+00,0.000000000000000000e+00,0.000000000000000000e+00,0.000000000000000000e+00,0.000000000000000000e+00,0.000000000000000000e+00,0.000000000000000000e+00,0.000000000000000000e+00,0.000000000000000000e+00,3.015871413355218911e-01,0.000000000000000000e+00,0.000000000000000000e+00,4.679008222652537019e-01,4.825805125749250135e-01,0.000000000000000000e+00,4.667735168611117924e-01,0.000000000000000000e+00,0.000000000000000000e+00,3.542236253621968145e-01,4.969968673028595796e-01,0.000000000000000000e+00,2.739136429307816867e-01,4.566219179538892892e-01,4.586676789148300126e-01,0.000000000000000000e+00,0.000000000000000000e+00,0.000000000000000000e+00,0.000000000000000000e+00,4.578021599881663128e-01
4.000228421889299169e-01,0.000000000000000000e+00,4.050204573355253856e-01,0.000000000000000000e+00,4.005751928849786148e-01,3.987147452987541141e-01,4.417220866956381164e-01,4.815277203453550148e-01,3.785117826469602820e-01,3.744554832929706811e-01,0.000000000000000000e+00,4.745380564355309860e-01,4.434516294535785219e-01,0.000000000000000000e+00,4.208757316903127821e-01,4.122845569301407109e-01,3.919312316620425785e-01,3.961996845782880250e-01,4.075387061537872890e-01,4.134023409244853009e-01,4.289979206280473134e-01,4.162899247653096824e-01,4.244604278534642172e-01,3.694143176894725267e-01,3.698412437671230735e-01,4.080170002510442040e-01,4.063056567535303087e-01,4.557125749117281743e-01,4.071474614093719135e-01,4.372677206665727123e-01,3.713890424255393841e-01,4.338402295068463088e-01,3.673272067074849212e-01,3.764359636149884891e-01,4.385643211554707266e-01,4.441599845900776056e-01,0.000000000000000000e+00,0.000000000000000000e+00,4.767552847743791178e-01,4.795977943612068084e-01,4.693021565442029863e-01,4.913047897626883764e-01,4.137567258471390730e-01,0.000000000000000000e+00,0.000000000000000000e+00,4.914004191126082888e-01,5.074356243838072933e-01,0.000000000000000000e+00,0.000000000000000000e+00,0.000000000000000000e+00,4.654711885736161903e-01,4.628362244017681926e-01,4.873904973293661791e-01,0.000000000000000000e+00,4.308959743601146197e-01,0.000000000000000000e+00,0.000000000000000000e+00,4.665500176215178763e-01,0.000000000000000000e+00,5.095014868387962581e-01,4.785568866874568839e-01,4.807383797910256829e-01,4.863549665543910883e-01,0.000000000000000000e+00,4.740148104626397130e-01,5.076880866107770229e-01,4.915624382807354253e-01,4.903105801549719756e-01,4.448364049259527220e-01,4.931820530815467785e-01,5.153422440046554476e-01,4.937291765718916925e-01,4.681518477978025006e-01,4.753117776173966802e-01,0.000000000000000000e+00,4.659927021496482746e-01
0.000000000000000000e+00,4.050204573355253856e-01,0.000000000000000000e+00,4.353074671851315802e-01,3.914126347174430864e-01,3.734297541070719095e-01,4.478825203566277890e-01,4.685489032260998221e-01,2.839340948555582056e-01,4.662264122681281098e-01,2.446659182297155066e-01,4.576652097253666174e-01,4.660210929253714163e-01,4.099696922369925889e-01,0.000000000000000000e+00,4.613478860844186791e-01,4.754500608276461260e-01,0.000000000000000000e+00,2.353909884379812023e-01,4.163221182786808194e-01,5.128909228627021033e-01,4.332126646644842149e-01,3.557945217335035104e-01,4.714882410899842169e-01,3.924776827569408932e-01,4.019289389046651895e-01,3.088755023549984990e-01,4.662720269627945169e-01,4.073291187708115157e-01,4.545438804472666239e-01,4.771013851219523816e-01,4.499473615387613035e-01,4.278227481052537806e-01,4.846975378120297884e-01,4.898408147055600126e-01,4.457090037903174151e-01,4.573812795201397940e-01,4.429255452089744804e-01,5.429951964530450592e-01,0.000000000000000000e+00,5.123926195093088110e-01,0.000000000000000000e+00,5.456469474975190748e-01,4.653012890275444735e-01,0.000000000000000000e+00,0.000000000000000000e+00,0.000000000000000000e+00,4.655720837666981748e-01,0.000000000000000000e+00,5.493005258371739252e-01,5.649303237132686784e-01,5.649641147641535355e-01,5.668863929499989851e-01,5.708085901710460153e-01,0.000000000000000000e+00,2.731449526527335858e-01,4.498168946364480836e-01,5.580805969549300638e-01,5.473607554905192130e-01,0.000000000000000000e+00,0.000000000000000000e+00,0.000000000000000000e+00,0.000000000000000000e+00,4.671223244793881180e-01,4.907177180385007276e-01,0.000000000000000000e+00,5.043554885496797091e-01,5.829767225097911565e-01,0.000000000000000000e+00,0.000000000000000000e+00,0.000000000000000000e+00,5.754841656210194500e-01,5.596236776758458653e-01,5.338511973520866372e-01,5.649330663505209849e-01,5.487129650210547105e-01
0.000000000000000000e+00,0.000000000000000000e+00,4.353074671851315802e-01,0.000000000000000000e+00,2.465426710424097057e-01,4.167961034898888806e-01,2.844812874156060212e-01,4.007481437939787172e-01,4.309537396590327751e-01,0.000000000000000000e+00,3.785455949021594990e-01,1.176359313103350068e-01,3.233328940804285900e-01,3.311610921508931771e-01,0.000000000000000000e+00,0.000000000000000000e+00,0.000000000000000000e+00,0.000000000000000000e+00,4.228757121879277991e-01,0.000000000000000000e+00,0.000000000000000000e+00,0.000000000000000000e+00,4.024059537225229133e-01,0.000000000000000000e+00,0.000000000000000000e+00,0.000000000000000000e+00,4.322625717657989086e-01,2.876605676558601776e-01,0.000000000000000000e+00,0.000000000000000000e+00,3.318607155923427032e-01,3.327353082678896068e-01,2.916887104511260986e-01,3.521714687795998167e-01,3.574311398650629190e-01,2.676601765406930178e-01,1.886625430299639916e-01,1.849736099724036964e-01,0.000000000000000000e+00,0.000000000000000000e+00,0.000000000000000000e+00,0.000000000000000000e+00,0.000000000000000000e+00,0.000000000000000000e+00,0.000000000000000000e+00,0.000000000000000000e+00,0.000000000000000000e+00,0.000000000000000000e+00,0.000000000000000000e+00,0.000000000000000000e+00,0.000000000000000000e+00,0.000000000000000000e+00,0.000000000000000000e+00,0.000000000000000000e+00,0.000000000000000000e+00,0.000000000000000000e+00,0.000000000000000000e+00,0.000000000000000000e+00,0.000000000000000000e+00,0.000000000000000000e+00,0.000000000000000000e+00,0.000000000000000000e+00,0.000000000000000000e+00,0.000000000000000000e+00,0.000000000000000000e+00,0.000000000000000000e+00,0.000000000000000000e+00,0.000000000000000000e+00,0.000000000000000000e+00,0.000000000000000000e+00,0.000000000000000000e+00,0.000000000000000000e+00,4.149693846702576239e-01,0.000000000000000000e+00,0.000000000000000000e+00,0.000000000000000000e+00
0.000000000000000000e+00,4.005751928849786148e-01,3.914126347174430864e-01,2.465426710424097057e-01,0.000000000000000000e+00,3.759380633602797950e-01,3.329551987417638248e-01,4.182318011986164152e-01,3.297331271335338099e-01,4.550493834157081086e-01,3.431009355251020132e-01,4.229159868368760899e-01,3.859109517306246184e-01,2.878273186637819725e-01,0.000000000000000000e+00,4.716081972601443018e-01,4.546400655013467240e-01,4.646224691831435938e-01,3.618866907200614103e-01,4.034742559239263837e-01,4.289396749942894216e-01,4.187117057512840246e-01,4.089913353868717127e-01,4.224238637349762016e-01,4.086964888392881079e-01,0.000000000000000000e+00,3.955039011714404085e-01,3.822662275250963138e-01,4.145722958275223080e-01,0.000000000000000000e+00,4.718938045554332272e-01,3.739438704011651127e-01,4.270244985031859120e-01,4.514045033431691722e-01,4.294256276251063875e-01,2.776556841996360991e-01,2.074498970378733098e-01,4.128252776595764950e-01,4.623194796770958015e-01,0.000000000000000000e+00,5.237442008281131267e-01,0.000000000000000000e+00,4.687549790857075127e-01,0.000000000000000000e+00,0.000000000000000000e+00,0.000000000000000000e+00,0.000000000000000000e+00,5.535600564082661101e-01,0.000000000000000000e+00,5.226412282030988843e-01,5.412630416076036344e-01,5.412932541112918106e-01,4.995785391977987100e-01,5.441850010736954957e-01,0.000000000000000000e+00,4.242627675852786995e-01,0.000000000000000000e+00,5.357439234255544358e-01,5.004088647303954751e-01,4.949133565582828909e-01,0.000000000000000000e+00,0.000000000000000000e+00,0.000000000000000000e+00,5.469823923511117902e-01,0.000000000000000000e+00,0.000000000000000000e+00,0.000000000000000000e+00,5.488066672063165452e-01,0.000000000000000000e+00,0.000000000000000000e+00,4.487001478684323752e-01,5.430014005750632977e-01,5.219508957696621376e-01,5.101926635564868473e-01,0.000000000000000000e+00,5.224832459687707154e-01
3.801348961319165887e-01,3.987147452987541141e-01,3.734297541070719095e-01,4.167961034898888806e-01,3.759380633602797950e-01,0.000000000000000000e+00,4.150742378667244825e-01,4.235603776001591880e-01,3.423241259537300185e-01,4.584244238578223940e-01,3.758938851922529190e-01,4.308668014226532117e-01,3.721858949732754218e-01,0.000000000000000000e+00,3.996266953033886793e-01,4.565311396230066210e-01,4.587509189072395133e-01,4.279805651322964866e-01,3.604284852014938978e-01,3.827755922966835089e-01,3.960939633352312805e-01,4.110049126163510813e-01,3.766736682109509959e-01,4.641691750750094880e-01,3.861237724981311237e-01,4.024425118840854743e-01,3.537842091260670063e-01,3.630460878261190794e-01,3.059229360820701071e-01,4.172545724194265948e-01,4.432260847357086808e-01,3.796247475917395864e-01,3.888191580357853727e-01,4.527157896026853812e-01,4.614631131684702181e-01,4.356974408085910189e-01,4.307816174883566940e-01,4.422304862948259196e-01,4.969472380975905046e-01,0.000000000000000000e+00,5.302529145824190770e-01,0.000000000000000000e+00,4.980330747479688736e-01,0.000000000000000000e+00,0.000000000000000000e+00,0.000000000000000000e+00,4.448510810159228002e-01,5.697237317389693967e-01,0.000000000000000000e+00,0.000000000000000000e+00,5.412683827933647551e-01,5.494001436013808970e-01,4.936549085725895902e-01,5.607080288531188783e-01,0.000000000000000000e+00,5.530495754986132217e-01,0.000000000000000000e+00,5.380610452052330128e-01,0.000000000000000000e+00,4.879824423614111950e-01,4.336905655383180846e-01,0.000000000000000000e+00,0.000000000000000000e+00,5.602818529279566251e-01,4.951945284124125157e-01,0.000000000000000000e+00,4.762064325356381023e-01,5.428005813966707560e-01,0.000000000000000000e+00,0.000000000000000000e+00,4.681606354992894903e-01,5.409411056335934331e-01,5.312034637538500803e-01,5.143739775166833450e-01,0.000000000000000000e+00,5.302530005033666560e-01
4.458884149348391057e-01,4.417220866956381164e-01,4.478825203566277890e-01,2.844812874156060212e-01,3.329551987417638248e-01,4.150742378667244825e-01,0.000000000000000000e+00,4.587916963415086813e-01,4.132428489323852205e-01,4.240341688275416909e-01,4.354444176455838922e-01,3.934660656696036818e-01,3.436232859814880025e-01,3.212491533744594729e-01,4.160640365890517223e-01,4.912467433469029920e-01,4.417833033084290761e-01,4.668077505704215091e-01,4.644014692858636772e-01,4.461033190772082935e-01,4.684453578915027117e-01,4.635643092743336746e-01,4.354984878565987261e-01,4.031709393898567084e-01,4.329594193965460858e-01,4.180320143663732724e-01,4.254207877567925955e-01,3.760360397525691067e-01,4.471141608036264814e-01,4.252134627405408929e-01,4.258123214963400183e-01,4.081206634279779255e-01,3.851828587806007120e-01,3.985458017186443991e-01,3.574811186843123156e-01,3.593614888870694246e-01,3.352149593349594836e-01,3.790658590150425833e-01,4.379770839261573068e-01,4.545893808471110908e-01,5.102579981026360567e-01,0.000000000000000000e+00,4.894310696718524034e-01,0.000000000000000000e+00,0.000000000000000000e+00,0.000000000000000000e+00,4.668250821587747179e-01,5.635569863990841366e-01,0.000000000000000000e+00,0.000000000000000000e+00,5.375401951686454849e-01,5.492786698797142986e-01,5.090588465124944451e-01,5.542129352236927486e-01,0.000000000000000000e+00,4.706146133494952255e-01,0.000000000000000000e+00,5.341773837548617898e-01,4.882884748150030929e-01,4.993107859670066206e-01,4.368262323054747931e-01,0.000000000000000000e+00,0.000000000000000000e+00,5.546646240311322584e-01,5.114192629510673216e-01,0.000000000000000000e+00,4.790053416097111993e-01,5.476003643222921990e-01,0.000000000000000000e+00,4.647667687602016762e-01,4.723059574348724143e-01,5.389074511173350679e-01,5.263145058107340235e-01,5.200232598371467008e-01,0.000000000000000000e+00,5.306300838762464389e-01
5.229113608959875537e-01,4.815277203453550148e-01,4.685489032260998221e-01,4.007481437939787172e-01,4.182318011986164152e-01,4.235603776001591880e-01,4.587916963415086813e-01,0.000000000000000000e+00,4.576293131755548860e-01,4.697496894447465987e-01,3.714659302654110262e-01,5.058606928524354007e-01,4.530899702658671147e-01,4.134944118308642169e-01,3.936110296079811111e-01,4.645204483302702858e-01,4.807028472423552912e-01,5.075844411961253355e-01,4.479789911168319261e-01,4.075725145251520853e-01,4.156677351552858224e-01,4.436898902055602112e-01,3.610383863733804821e-01,5.241753436766369845e-01,5.319777922793893499e-01,4.957478398285877774e-01,4.139757265099057726e-01,4.411446273803589224e-01,3.926755569784565192e-01,4.201795040369852852e-01,4.356754656479521759e-01,3.782117427112974828e-01,4.848529134196142842e-01,4.535326942903957770e-01,4.531086121236548858e-01,3.484997982099973246e-01,3.557984748767640815e-01,0.000000000000000000e+00,4.686964081492123735e-01,0.000000000000000000e+00,4.978734270160399267e-01,0.000000000000000000e+00,4.883537288581106250e-01,0.000000000000000000e+00,0.000000000000000000e+00,0.000000000000000000e+00,0.000000000000000000e+00,5.468239626223239114e-01,0.000000000000000000e+00,5.129411678775717132e-01,5.006720325508045022e-01,4.978147398695940140e-01,4.497414574660574815e-01,5.412659895106368690e-01,0.000000000000000000e+00,5.230834347802888473e-01,0.000000000000000000e+00,5.010241771002368338e-01,0.000000000000000000e+00,5.038843201914374736e-01,0.000000000000000000e+00,0.000000000000000000e+00,0.000000000000000000e+00,5.509129468264289953e-01,5.052490806692365721e-01,4.840321726840188798e-01,5.119425704136613131e-01,5.053549049591055109e-01,0.000000000000000000e+00,0.000000000000000000e+00,5.029739146365048708e-01,5.173489299711793166e-01,4.839430007425163938e-01,4.849644028853821176e-01,0.000000000000000000e+00,4.761770874734638781e-01
3.836198628774880048e-01,3.785117826469602820e-01,2.839340948555582056e-01,4.309537396590327751e-01,3.297331271335338099e-01,3.423241259537300185e-01,4.132428489323852205e-01,4.576293131755548860e-01,0.000000000000000000e+00,4.784932170477300128e-01,3.084953952992101067e-01,4.521106167680141175e-01,4.149354349426647159e-01,3.967316517948902832e-01,0.000000000000000000e+00,4.374373929384529069e-01,4.721616563926833154e-01,4.670975147922343251e-01,2.499566655533214943e-01,3.763781894544642181e-01,4.413768642523372976e-01,3.981276863549451095e-01,4.100624760341042840e-01,4.613621660548402059e-01,4.112579593334291239e-01,3.807866385131051801e-01,3.479066607239946762e-01,4.764193111709110195e-01,4.032539324408245807e-01,4.699017010574130238e-01,4.896789253631271821e-01,4.505106463273246820e-01,4.722268060531443212e-01,4.884732962837867731e-01,4.871279427689327868e-01,4.443775091387184850e-01,4.597120265529798244e-01,4.542969483739114911e-01,5.075077221230347435e-01,0.000000000000000000e+00,4.945457826493515063e-01,0.000000000000000000e+00,5.180120260117013764e-01,0.000000000000000000e+00,0.000000000000000000e+00,0.000000000000000000e+00,0.000000000000000000e+00,5.284774683910030690e-01,0.000000000000000000e+00,0.000000000000000000e+00,5.571853711596207459e-01,5.495381546000855932e-01,5.484002522436642879e-01,5.676367492061624720e-01,0.000000000000000000e+00,3.993242643734665198e-01,4.452947173481003884e-01,5.451507336474082921e-01,5.368200965875196129e-01,0.000000000000000000e+00,0.000000000000000000e+00,0.000000000000000000e+00,0.000000000000000000e+00,5.697259834404951873e-01,4.943265735676400929e-01,0.000000000000000000e+00,4.674203741536966938e-01,5.623870816658168570e-01,0.000000000000000000e+00,0.000000000000000000e+00,4.608686687595637821e-01,5.557932574854412833e-01,5.356941550606902913e-01,5.221249619496012295e-01,0.000000000000000000e+00,5.394915279698271338e-01
4.146390580052701780e-01,3.744554832929706811e-01,4.662264122681281098e-01,0.000000000000000000e+00,4.550493834157081086e-01,4.584244238578223940e-01,4.240341688275416909e-01,4.697496894447465987e-01,4.784932170477300128e-01,0.000000000000000000e+00,4.607893907842435244e-01,2.941672647767828996e-01,4.215329249532122069e-01,0.000000000000000000e+00,0.000000000000000000e+00,4.058809957228298182e-01,3.165522611313039136e-01,3.681255125197223088e-01,4.698578068057703838e-01,4.262299049282495811e-01,4.859239330917605737e-01,4.047424925944029805e-01,4.636489434464676762e-01,3.257259433625465106e-01,2.762854671799024886e-01,3.139260650871603109e-01,4.474645666622537044e-01,4.049856217543805759e-01,4.440008229475079782e-01,0.000000000000000000e+00,3.341731031781052241e-01,3.370003953508893813e-01,2.998447375767688827e-01,3.004119857723701048e-01,2.805165095145419896e-01,3.709553750352687085e-01,3.069823932601012939e-01,2.813522035679805744e-01,3.017689419618885260e-01,4.687334301601225883e-01,3.530883309962811190e-01,0.000000000000000000e+00,3.384103120731503100e-01,0.000000000000000000e+00,4.336008379596834050e-01,0.000000000000000000e+00,0.000000000000000000e+00,0.000000000000000000e+00,0.000000000000000000e+00,0.000000000000000000e+00,0.000000000000000000e+00,0.000000000000000000e+00,0.000000000000000000e+00,0.000000000000000000e+00,4.896974990587413812e-01,0.000000000000000000e+00,4.821726001305298159e-01,0.000000000000000000e+00,0.000000000000000000e+00,0.000000000000000000e+00,0.000000000000000000e+00,5.132069061821492584e-01,4.939765982795942811e-01,0.000000000000000000e+00,4.031294837351612759e-01,0.000000000000000000e+00,4.166431725025177002e-01,4.249586392409177016e-01,4.270360028702220867e-01,4.732971022710820153e-01,4.685044267496790149e-01,4.797685660466148860e-01,0.000000000000000000e+00,0.000000000000000000e+00,0.000000000000000000e+00,4.732708970669514126e-01
5.187322008945984830e-01,0.000000000000000000e+00,2.446659182297155066e-01,3.785455949021594990e-01,3.431009355251020132e-01,3.758938851922529190e-01,4.354444176455838922e-01,3.714659302654110262e-01,3.084953952992101067e-01,4.607893907842435244e-01,0.000000000000000000e+00,4.446497801773526271e-01,4.704956254539374161e-01,3.215704864246584083e-01,0.000000000000000000e+00,0.000000000000000000e+00,4.732153677084607879e-01,4.684205142906877062e-01,2.321447304440308890e-01,0.000000000000000000e+00,4.383857978880937867e-01,0.000000000000000000e+00,3.012351041326606915e-01,4.591703365784539081e-01,4.544294456664004778e-01,4.768247490949932277e-01,3.205347874924960871e-01,4.631031172129880802e-01,0.000000000000000000e+00,0.000000000000000000e+00,4.796920488466783761e-01,3.704591567503162097e-01,4.509648994599643745e-01,4.649424098187344145e-01,4.507540186133343063e-01,3.048219190234345843e-01,3.769845805284441909e-01,4.313681831531396837e-01,4.655454626598822254e-01,4.793125077273607260e-01,5.147650946264664684e-01,0.000000000000000000e+00,4.844697136614117272e-01,4.164199796214793081e-01,0.000000000000000000e+00,0.000000000000000000e+00,0.000000000000000000e+00,4.439333649245941760e-01,0.000000000000000000e+00,4.683202659604899232e-01,5.480732985424285886e-01,5.313661975307898411e-01,5.256071583735394404e-01,5.369808444888166665e-01,3.323515355587006170e-01,2.289400691495022122e-01,0.000000000000000000e+00,5.170270233510526614e-01,5.127008706564808449e-01,0.000000000000000000e+00,0.000000000000000000e+00,0.000000000000000000e+00,0.000000000000000000e+00,2.992225088638778008e-01,0.000000000000000000e+00,0.000000000000000000e+00,0.000000000000000000e+00,5.498248379031781541e-01,0.000000000000000000e+00,0.000000000000000000e+00,0.000000000000000000e+00,5.531196989259367092e-01,4.997849139805907726e-01,5.012728191648591070e-01,0.000000000000000000e+00,5.298623168639940983e-01
3.733914785133419789e-01,4.745380564355309860e-01,4.576652097253666174e-01,1.176359313103350068e-01,4.229159868368760899e-01,4.308668014226532117e-01,3.934660656696036818e-01,5.058606928524354007e-01,4.521106167680141175e-01,2.941672647767828996e-01,4.446497801773526271e-01,0.000000000000000000e+00,4.117990264181770055e-01,0.000000000000000000e+00,4.892408487363287817e-01,3.893067705971753889e-01,3.484074805591880764e-01,3.811504157202287857e-01,4.514180902953631724e-01,4.998731882889075884e-01,4.727537363753360200e-01,4.234646560613665733e-01,4.892903762537331724e-01,2.812161396248727963e-01,3.102662650066052019e-01,2.938488127456311827e-01,4.351729546400457949e-01,3.762993152919695272e-01,0.000000000000000000e+00,0.000000000000000000e+00,3.549183002964204081e-01,2.816723010800170068e-01,3.060415796152983203e-01,2.723217523804267737e-01,2.953148802617764912e-01,3.077897396873541247e-01,2.701509888829681794e-01,2.591934787260627981e-01,2.756593836074702764e-01,4.741196511277898096e-01,3.326153530740091901e-01,2.870307424000440033e-01,3.468988496935628829e-01,0.000000000000000000e+00,4.348182626507589021e-01,0.000000000000000000e+00,0.000000000000000000e+00,0.000000000000000000e+00,0.000000000000000000e+00,0.000000000000000000e+00,0.000000000000000000e+00,0.000000000000000000e+00,0.000000000000000000e+00,0.000000000000000000e+00,4.855055284024112905e-01,0.000000000000000000e+00,4.712910751348721727e-01,0.000000000000000000e+00,0.000000000000000000e+00,4.100363254547119141e-01,0.000000000000000000e+00,5.045138833894159403e-01,4.789964080508222755e-01,0.000000000000000000e+00,4.203011281893538897e-01,0.000000000000000000e+00,4.330979553328487275e-01,4.264596719579262230e-01,3.991624195594324909e-01,4.548236792757827107e-01,4.477052581837557832e-01,4.197850822413348726e-01,0.000000000000000000e+00,4.033457794594070833e-01,0.000000000000000000e+00,4.648021158464679115e-01
4.285446346107644744e-01,4.434516294535785219e-01,4.660210929253714163e-01,3.233328940804285900e-01,3.859109517306246184e-01,3.721858949732754218e-01,3.436232859814880025e-01,4.530899702658671147e-01,4.149354349426647159e-01,4.215329249532122069e-01,4.704956254539374161e-01,4.117990264181770055e-01,0.000000000000000000e+00,3.419678939737085255e-01,4.247179012874888748e-01,4.860856519620790905e-01,4.355758218203839016e-01,4.573715158419093818e-01,4.840900139905087163e-01,4.349872911077837245e-01,4.669384113415722126e-01,4.571331129053142206e-01,4.345638467694439844e-01,4.180631862462099169e-01,4.349010999527677113e-01,4.140294222594960161e-01,4.115072036036339087e-01,3.397481541962876217e-01,4.146475888929490039e-01,3.746517683512409769e-01,4.053636871703981126e-01,4.171166343785128738e-01,4.088620645130003894e-01,4.075581432672401028e-01,3.947961031506477259e-01,4.121844355329977172e-01,4.011818983389411897e-01,3.972774916017638991e-01,4.595873461155008943e-01,4.540509912744115084e-01,5.300636701504016779e-01,0.000000000000000000e+00,4.729249377694618173e-01,0.000000000000000000e+00,0.000000000000000000e+00,0.000000000000000000e+00,4.666157109890605725e-01,5.450742409848838843e-01,0.000000000000000000e+00,0.000000000000000000e+00,5.333916780370808741e-01,5.358929638781420035e-01,4.958499383721077791e-01,5.477974621246871623e-01,0.000000000000000000e+00,4.858317745918880881e-01,0.000000000000000000e+00,5.293803027127443883e-01,0.000000000000000000e+00,5.001816822350149128e-01,4.540842579509746790e-01,0.000000000000000000e+00,0.000000000000000000e+00,5.464289616899051794e-01,5.039286032875144317e-01,5.071229132256357408e-01,4.723470069103424263e-01,5.357689006528683073e-01,0.000000000000000000e+00,4.613201286192741835e-01,4.727069878103090095e-01,5.323333190002643711e-01,5.227788693660434527e-01,5.180028706375056080e-01,0.000000000000000000e+00,5.185983636752118375e-01
0.000000000000000000e+00,0.000000000000000000e+00,4.099696922369925889e-01,3.311610921508931771e-01,2.878273186637819725e-01,0.000000000000000000e+00,3.212491533744594729e-01,4.134944118308642169e-01,3.967316517948902832e-01,0.000000000000000000e+00,3.215704864246584083e-01,0.000000000000000000e+00,3.419678939737085255e-01,0.000000000000000000e+00,0.000000000000000000e+00,0.000000000000000000e+00,0.000000000000000000e+00,0.000000000000000000e+00,3.649110850928187766e-01,0.000000000000000000e+00,4.617796136631764914e-01,0.000000000000000000e+00,3.932624790494297917e-01,0.000000000000000000e+00,0.000000000000000000e+00,5.082708762392773583e-01,4.313361124524898171e-01,3.356397022226679794e-01,0.000000000000000000e+00,0.000000000000000000e+00,0.000000000000000000e+00,3.715400393700279968e-01,0.000000000000000000e+00,4.247747579627749737e-01,0.000000000000000000e+00,2.895741102248706178e-01,2.141995616261448965e-01,0.000000000000000000e+00,0.000000000000000000e+00,0.000000000000000000e+00,0.000000000000000000e+00,0.000000000000000000e+00,4.896730143623220788e-01,0.000000000000000000e+00,0.000000000000000000e+00,0.000000000000000000e+00,0.000000000000000000e+00,5.415706251217116129e-01,0.000000000000000000e+00,0.000000000000000000e+00,0.000000000000000000e+00,5.354637492690982326e-01,4.987995787371187761e-01,5.272304167804633401e-01,0.000000000000000000e+00,4.901024901919622812e-01,0.000000000000000000e+00,0.000000000000000000e+00,5.129352403272304795e-01,0.000000000000000000e+00,0.000000000000000000e+00,0.000000000000000000e+00,0.000000000000000000e+00,5.174742379333332476e-01,0.000000000000000000e+00,0.000000000000000000e+00,0.000000000000000000e+00,5.627601689080548031e-01,0.000000000000000000e+00,0.000000000000000000e+00,0.000000000000000000e+00,5.299566751707368573e-01,0.000000000000000000e+00,0.000000000000000000e+00,0.000000000000000000e+00,0.000000000000000000e+00
3.562719988144399941e-01,4.208757316903127821e-01,0.000000000000000000e+00,0.000000000000000000e+00,0.000000000000000000e+00,3.996266953033886793e-01,4.160640365890517223e-01,3.936110296079811111e-01,0.000000000000000000e+00,0.000000000000000000e+00,0.000000000000000000e+00,4.892408487363287817e-01,4.247179012874888748e-01,0.000000000000000000e+00,0.000000000000000000e+00,4.482487072861490729e-01,4.169704210652401821e-01,4.196046373390828754e-01,0.000000000000000000e+00,3.085456205539096053e-01,3.985896374702225797e-01,3.691426458064285265e-01,3.078505346796148734e-01,3.834517237310162141e-01,4.033507091965911062e-01,4.053762650676022150e-01,3.645899125928018791e-01,4.194896882857565013e-01,3.899920742678421037e-01,0.000000000000000000e+00,4.237747823292520866e-01,4.589142582626601907e-01,4.286395815036587731e-01,4.413769430274991912e-01,4.909011028980920788e-01,0.000000000000000000e+00,5.190061330795288086e-01,4.152658839437758931e-01,5.144707291062335930e-01,4.902099185771627843e-01,5.062334712768042921e-01,5.307010447566432587e-01,4.479544029210416056e-01,0.000000000000000000e+00,0.000000000000000000e+00,0.000000000000000000e+00,5.308152824153400395e-01,0.000000000000000000e+00,0.000000000000000000e+00,0.000000000000000000e+00,4.992300635253574814e-01,4.954994071486810148e-01,0.000000000000000000e+00,4.763696770378337830e-01,0.000000000000000000e+00,0.000000000000000000e+00,0.000000000000000000e+00,4.910139934173604059e-01,0.000000000000000000e+00,5.393899372498380806e-01,5.072018172926159307e-01,0.000000000000000000e+00,4.847633844086796095e-01,0.000000000000000000e+00,5.080038979941414734e-01,5.016744775380812538e-01,5.388765361869507498e-01,5.060956990791232180e-01,0.000000000000000000e+00,4.750846686236149252e-01,5.538933657396498678e-01,5.123130719038645475e-01,4.968079858068427113e-01,5.043005069231379922e-01,0.000000000000000000e+00,4.913909898087672756e-01
4.102012505152756727e-01,4.122845569301407109e-01,4.613478860844186791e-01,0.000000000000000000e+00,4.716081972601443018e-01,4.565311396230066210e-01,4.912467433469029920e-01,4.645204483302702858e-01,4.374373929384529069e-01,4.058809957228298182e-01,0.000000000000000000e+00,3.893067705971753889e-01,4.860856519620790905e-01,0.000000000000000000e+00,4.482487072861490729e-01,0.000000000000000000e+00,4.083266460390507779e-01,3.767900880198509772e-01,0.000000000000000000e+00,4.269099397285319175e-01,4.366316165354581225e-01,4.023649356073015215e-01,4.465810311756491791e-01,3.919215557136873085e-01,3.739732220988277733e-01,4.228103624291049134e-01,4.441857023747857180e-01,4.625736227121606259e-01,4.390324988539234807e-01,4.355253704410522175e-01,3.814543948586627264e-01,4.553860815858343791e-01,3.850657832315060869e-01,3.946489252759353139e-01,4.424452337028416116e-01,4.957868789875389259e-01,5.411465609361690854e-01,0.000000000000000000e+00,4.523816918112720242e-01,4.722857746894058018e-01,4.623759760753490822e-01,4.986145379547544110e-01,4.599700611380987958e-01,0.000000000000000000e+00,0.000000000000000000e+00,4.862684142159716116e-01,4.956072797486614223e-01,0.000000000000000000e+00,0.000000000000000000e+00,0.000000000000000000e+00,4.700945190094197867e-01,0.000000000000000000e+00,0.000000000000000000e+00,0.000000000000000000e+00,4.761410244715519879e-01,0.000000000000000000e+00,4.554656155698432185e-01,4.563161543478860271e-01,0.000000000000000000e+00,5.145311592478346574e-01,4.745968119598313884e-01,4.716072807736800265e-01,4.808571573280008837e-01,0.000000000000000000e+00,4.984677299564246877e-01,4.945872756111834856e-01,4.925006947613256858e-01,5.031900025698061718e-01,4.546279987135480871e-01,4.833811379898096949e-01,4.956696777502916929e-01,5.255403294916997092e-01,0.000000000000000000e+00,4.962432904512665277e-01,0.000000000000000000e+00,4.685164451926074891e-01
4.058688735412412929e-01,3.919312316620425785e-01,4.754500608276461260e-01,0.000000000000000000e+00,4.546400655013467240e-01,4.587509189072395133e-01,4.417833033084290761e-01,4.807028472423552912e-01,4.721616563926833154e-01,3.165522611313039136e-01,4.732153677084607879e-01,3.484074805591880764e-01,4.355758218203839016e-01,0.000000000000000000e+00,4.169704210652401821e-01,4.083266460390507779e-01,0.000000000000000000e+00,3.440747929373075831e-01,0.000000000000000000e+00,3.952636426731467867e-01,5.077018668046470173e-01,3.857242551564447064e-01,5.051951623538841751e-01,3.971020768877905893e-01,3.243192282005565863e-01,3.700121633537469257e-01,4.560340061444018156e-01,4.223404383743515900e-01,3.986068346038871835e-01,0.000000000000000000e+00,3.614070260460620077e-01,4.278282492420015792e-01,3.504573242352337914e-01,3.592918658267080789e-01,3.733098863126841915e-01,4.346857168873298205e-01,0.000000000000000000e+00,3.332656074150274206e-01,0.000000000000000000e+00,4.933999968655253254e-01,4.841510725123823744e-01,0.000000000000000000e+00,0.000000000000000000e+00,0.000000000000000000e+00,4.897288424733176049e-01,0.000000000000000000e+00,0.000000000000000000e+00,0.000000000000000000e+00,0.000000000000000000e+00,0.000000000000000000e+00,0.000000000000000000e+00,0.000000000000000000e+00,0.000000000000000000e+00,0.000000000000000000e+00,5.050756667751871154e-01,0.000000000000000000e+00,4.872025372127944953e-01,0.000000000000000000e+00,0.000000000000000000e+00,0.000000000000000000e+00,0.000000000000000000e+00,5.081872430024743093e-01,4.980962968922371115e-01,0.000000000000000000e+00,0.000000000000000000e+00,0.000000000000000000e+00,0.000000000000000000e+00,0.000000000000000000e+00,4.529809673290245975e-01,4.874849035029185096e-01,4.888237117607461268e-01,0.000000000000000000e+00,0.000000000000000000e+00,0.000000000000000000e+00,0.000000000000000000e+00,4.765288344023854150e-01
3.954912706866474115e-01,3.961996845782880250e-01,0.000000000000000000e+00,0.000000000000000000e+00,4.646224691831435938e-01,4.279805651322964866e-01,4.668077505704215091e-01,5.075844411961253355e-01,4.670975147922343251e-01,3.681255125197223088e-01,4.684205142906877062e-01,3.811504157202287857e-01,4.573715158419093818e-01,0.000000000000000000e+00,4.196046373390828754e-01,3.767900880198509772e-01,3.440747929373075831e-01,0.000000000000000000e+00,4.716086895052080119e-01,4.234858840670278068e-01,4.590416290363302787e-01,4.034001309084371267e-01,4.473194397228575925e-01,3.845700404869050737e-01,3.196406921752389940e-01,3.774632072138934813e-01,4.288919117892689981e-01,4.421521376096578249e-01,4.279061139955426807e-01,0.000000000000000000e+00,3.741174175030462790e-01,4.319218201096888254e-01,3.610617099217364179e-01,3.823160072106689955e-01,4.071116226678445082e-01,4.053603601438254822e-01,0.000000000000000000e+00,3.387905542832461148e-01,4.170959010809905942e-01,4.663856317456406275e-01,4.656820478209562908e-01,5.159001955427051644e-01,0.000000000000000000e+00,0.000000000000000000e+00,0.000000000000000000e+00,4.639147031659647258e-01,4.817599522079739072e-01,0.000000000000000000e+00,0.000000000000000000e+00,0.000000000000000000e+00,0.000000000000000000e+00,0.000000000000000000e+00,0.000000000000000000e+00,0.000000000000000000e+00,5.012154322392883277e-01,0.000000000000000000e+00,4.788733894220956189e-01,4.570016911932929804e-01,0.000000000000000000e+00,5.017440851066065077e-01,4.702731884880705926e-01,4.955753352671892209e-01,4.780898882015712781e-01,0.000000000000000000e+00,0.000000000000000000e+00,0.000000000000000000e+00,4.674025482948165888e-01,0.000000000000000000e+00,4.509814701802665748e-01,4.721970374676540128e-01,4.765161624829943876e-01,0.000000000000000000e+00,0.000000000000000000e+00,4.598089517511879110e-01,0.000000000000000000e+00,4.616819146451159872e-01
0.000000000000000000e+00,4.075387061537872890e-01,2.353909884379812023e-01,4.228757121879277991e-01,3.618866907200614103e-01,3.604284852014938978e-01,4.644014692858636772e-01,4.479789911168319261e-01,2.499566655533214943e-01,4.698578068057703838e-01,2.321447304440308890e-01,4.514180902953631724e-01,4.840900139905087163e-01,3.649110850928187766e-01,0.000000000000000000e+00,0.000000000000000000e+00,0.000000000000000000e+00,4.716086895052080119e-01,0.000000000000000000e+00,0.000000000000000000e+00,4.813119448256772959e-01,4.505243708134867853e-01,3.584459780878445079e-01,4.562485166851019125e-01,0.000000000000000000e+00,4.323875958576752221e-01,3.067575592370447857e-01,4.766323600649575165e-01,4.807045353266609089e-01,4.706195453506865078e-01,4.914199636231844082e-01,4.301655851019818844e-01,4.467209007188989167e-01,4.824676519326259183e-01,4.782364589939139266e-01,3.862690756967889771e-01,4.577179390893139077e-01,4.456068574446266917e-01,5.151752271644313153e-01,0.000000000000000000e+00,5.512492888258072599e-01,0.000000000000000000e+00,5.182569066708059280e-01,0.000000000000000000e+00,0.000000000000000000e+00,0.000000000000000000e+00,0.000000000000000000e+00,3.957426907754942880e-01,0.000000000000000000e+00,5.215760476968394066e-01,5.636095235211846521e-01,5.533431500588251728e-01,5.412958421836896461e-01,5.598021746336967475e-01,0.000000000000000000e+00,1.941778928153606865e-01,0.000000000000000000e+00,5.445564926262503880e-01,5.340478104313856056e-01,0.000000000000000000e+00,0.000000000000000000e+00,0.000000000000000000e+00,0.000000000000000000e+00,5.702795276009102743e-01,0.000000000000000000e+00,0.000000000000000000e+00,4.546952075015314176e-01,5.746675389711120019e-01,0.000000000000000000e+00,0.000000000000000000e+00,0.000000000000000000e+00,5.666313502638843369e-01,5.423355211956877309e-01,5.239122515187035756e-01,0.000000000000000000e+00,5.176953857255881530e-01
4.358556391580878930e-01,4.134023409244853009e-01,4.163221182786808194e-01,0.000000000000000000e+00,4.034742559239263837e-01,3.827755922966835089e-01,4.461033190772082935e-01,4.075725145251520853e-01,3.763781894544642181e-01,4.262299049282495811e-01,0.000000000000000000e+00,4.998731882889075884e-01,4.349872911077837245e-01,0.000000000000000000e+00,3.085456205539096053e-01,4.269099397285319175e-01,3.952636426731467867e-01,4.234858840670278068e-01,0.000000000000000000e+00,0.000000000000000000e+00,4.315014846836596196e-01,3.673133787365929770e-01,2.793142860361649271e-01,4.491840659934147051e-01,4.039913791892386086e-01,4.166289575040444948e-01,3.547948235415218088e-01,3.976977509826576940e-01,3.272111170658373869e-01,3.639178367289631066e-01,3.888543451423330799e-01,4.418925747365606838e-01,3.938990787363145230e-01,4.192482420199971083e-01,4.721779714134040074e-01,5.132082710521126412e-01,4.900259368972395002e-01,3.761061814064323161e-01,4.894608792726081736e-01,4.247313586788106776e-01,4.695078260565703765e-01,5.075036784166591097e-01,4.432771106005615191e-01,0.000000000000000000e+00,0.000000000000000000e+00,0.000000000000000000e+00,4.764183753443164138e-01,5.074084910790295222e-01,0.000000000000000000e+00,0.000000000000000000e+00,5.042542948193572405e-01,4.946573832988064856e-01,5.027393459643558771e-01,4.982209121493008097e-01,3.978827824054461115e-01,0.000000000000000000e+00,3.991850423271710024e-01,4.986276234163992127e-01,0.000000000000000000e+00,5.111691189764610010e-01,4.639836362240817857e-01,0.000000000000000000e+00,4.691136192733770804e-01,0.000000000000000000e+00,5.030345199818743174e-01,4.803943300644615833e-01,5.083031240908172377e-01,5.174177467320911772e-01,0.000000000000000000e+00,4.610181681523853880e-01,5.102122514447817725e-01,5.198438414697540422e-01,5.088067493194790014e-01,5.138541749852716389e-01,5.213261733832911249e-01,5.023418150454577180e-01
4.045809676819672740e-01,4.289979206280473134e-01,5.128909228627021033e-01,0.000000000000000000e+00,4.289396749942894216e-01,3.960939633352312805e-01,4.684453578915027117e-01,4.156677351552858224e-01,4.413768642523372976e-01,4.859239330917605737e-01,4.383857978880937867e-01,4.727537363753360200e-01,4.669384113415722126e-01,4.617796136631764914e-01,3.985896374702225797e-01,4.366316165354581225e-01,5.077018668046470173e-01,4.590416290363302787e-01,4.813119448256772959e-01,4.315014846836596196e-01,0.000000000000000000e+00,4.640306574190812272e-01,3.834726764410381072e-01,4.640834952641935129e-01,4.639192167323391014e-01,4.153801460247028010e-01,3.962058425478934831e-01,4.563269487251034873e-01,4.274156785474738096e-01,0.000000000000000000e+00,4.343579500866645016e-01,4.507328598137586018e-01,4.022560980276945197e-01,4.444388416817264265e-01,4.985484847891145099e-01,4.495294529832086772e-01,5.608659982681274414e-01,4.899105820098160202e-01,4.901892382585449903e-01,4.787680570070791952e-01,4.864839205132294175e-01,0.000000000000000000e+00,4.535492582643643189e-01,0.000000000000000000e+00,4.499915242195128839e-01,3.311026663511972834e-01,5.313454822624426033e-01,0.000000000000000000e+00,0.000000000000000000e+00,0.000000000000000000e+00,0.000000000000000000e+00,0.000000000000000000e+00,3.533885709049761070e-01,0.000000000000000000e+00,0.000000000000000000e+00,0.000000000000000000e+00,0.000000000000000000e+00,0.000000000000000000e+00,0.000000000000000000e+00,5.008387747657312428e-01,4.940137148200434147e-01,0.000000000000000000e+00,0.000000000000000000e+00,0.000000000000000000e+00,4.677206443399615221e-01,4.388050902556661081e-01,5.206160020071912697e-01,4.479817680594309071e-01,3.094215105556514245e-01,4.458187227423123233e-01,5.325328821664180312e-01,4.833042927711869163e-01,4.642662207937324204e-01,4.574642869659553135e-01,0.000000000000000000e+00,4.498550114700891056e-01
