0.000000000000000000e+00,3.752154976331438796e-01,0.000000000000000000e+00,0.000000000000000000e+00,0.000000000000000000e+00,3.876888345387259904e-01,3.862653138996436919e-01,4.594215870892767173e-01,3.477961313670452914e-01,3.696276198592278739e-01,0.000000000000000000e+00,3.566809095879389102e-01,4.123516550631232125e-01,0.000000000000000000e+00,3.910380311272015907e-01,3.893708864666998726e-01,3.840425907058542809e-01,3.851093386868347790e-01,0.000000000000000000e+00,4.168822855875122246e-01,3.816310834602688051e-01,4.001535167900137080e-01,4.249257984436503044e-01,3.247790357207552825e-01,3.556677022758332196e-01,3.654365955050074000e-01,4.294119072744386201e-01,4.202286425547325788e-01,4.266359922326919962e-01,4.196391743056678836e-01,3.699263402123447730e-01,4.021518702563920966e-01,2.761108488216286183e-01,3.473092193824983132e-01,3.953716571475949237e-01,0.000000000000000000e+00,0.000000000000000000e+00,3.672773274789887243e-01,4.184945273949776112e-01,3.475315514728086197e-01,3.751910418874173092e-01,4.202061957848758911e-01,0.000000000000000000e+00,0.000000000000000000e+00,0.000000000000000000e+00,3.075195917170900906e-01,3.898923008810821766e-01,0.000000000000000000e+00,0.000000000000000000e+00,0.000000000000000000e+00,4.074997295242083761e-01,0.000000000000000000e+00,0.000000000000000000e+00,0.000000000000000000e+00,0.000000000000000000e+00,0.000000000000000000e+00,0.000000000000000000e+00,4.179126637741837902e-01,0.000000000000000000e+00,4.326482848122992220e-01,4.010074818833894161e-01,0.000000000000000000e+00,3.794528413370620856e-01,0.000000000000000000e+00,4.029366405274160123e-01,4.198851086454182258e-01,4.047533363900340797e-01,4.136270181533308055e-01,3.161206450747813812e-01,3.792974349133744205e-01,4.042125597861391251e-01,4.182795919517525163e-01,0.000000000000000000e+00,4.201982732142288124e-01,0.000000000000000000e+00,3.768187280301232844e-01
3.752154976331438796e-01,0.000000000000000000e+00,3.575871602863850973e-01,0.000000000000000000e+00,3.459264427505788220e-01,3.909069148421620010e-01,3.913435683992276259e-01,4.027916958043659124e-01,3.630775719890744768e-01,0.000000000000000000e+00,4.257529949439052830e-01,0.000000000000000000e+00,4.060017962901585897e-01,0.000000000000000000e+00,4.048396927265289214e-01,3.976160641783180738e-01,0.000000000000000000e+00,3.893913971685060149e-01,0.000000000000000000e+00,4.261296618675201042e-01,4.038416262586396188e-01,4.000355671361660037e-01,3.884310118439487924e-01,3.643308728550552766e-01,3.425085304481715887e-01,3.930470192210093194e-01,4.136986120423505886e-01,4.134935969777380760e-01,4.154855946748637896e-01,0.000000000000000000e+00,3.920133138759139824e-01,4.395521090182498147e-01,3.598657310748145099e-01,3.967337555386480918e-01,4.392350424310192958e-01,4.518187138930522817e-01,4.859058670986148853e-01,0.000000000000000000e+00,4.179863901201087972e-01,3.826809547445970128e-01,3.888264169997887043e-01,4.267489435366640937e-01,0.000000000000000000e+00,0.000000000000000000e+00,0.000000000000000000e+00,4.025140710748130179e-01,4.012939305380264221e-01,0.000000000000000000e+00,0.000000000000000000e+00,0.000000000000000000e+00,4.050422787467732877e-01,4.142881411964320915e-01,4.631674645388320077e-01,0.000000000000000000e+00,0.000000000000000000e+00,0.000000000000000000e+00,0.000000000000000000e+00,4.105319094640640931e-01,0.000000000000000000e+00,4.639860188122684193e-01,3.986882458251714834e-01,0.000000000000000000e+00,3.953367850594767807e-01,0.000000000000000000e+00,4.196297670867166762e-01,4.465071029686036863e-01,4.298459312368776986e-01,4.234645655948047760e-01,0.000000000000000000e+00,3.900239639957224225e-01,4.246834814846177086e-01,4.291363087591230085e-01,4.048060196047043036e-01,4.175695571900844838e-01,0.000000000000000000e+00,3.838261244575720821e-01
0.000000000000000000e+00,3.575871602863850973e-01,0.000000000000000000e+00,3.440169754644216149e-01,3.112732677531587777e-01,3.036530044785852867e-01,3.465768503592964733e-01,3.540814834770504849e-01,2.513631941758320276e-01,3.722543005679161965e-01,2.636622412528268899e-01,3.653038166481191729e-01,3.571966943302449793e-01,3.069008162386890892e-01,0.000000000000000000e+00,3.802994865719547812e-01,0.000000000000000000e+00,4.005151351135670112e-01,2.243393110321099115e-01,3.607300252572213095e-01,3.336222767678146961e-01,3.819426943988173950e-01,2.653337787648906154e-01,0.000000000000000000e+00,3.607317900623681073e-01,3.830585373852886111e-01,2.778085838200740065e-01,3.604157463056029131e-01,3.379117289700451776e-01,3.761201798211936120e-01,3.650370624905556749e-01,3.367172053412980093e-01,2.912762937708430755e-01,3.642141473302664134e-01,3.599212525106275096e-01,3.150393375635313076e-01,3.440661500107252135e-01,3.577743347074575087e-01,0.000000000000000000e+00,0.000000000000000000e+00,0.000000000000000000e+00,0.000000000000000000e+00,3.710271125732055864e-01,0.000000000000000000e+00,0.000000000000000000e+00,0.000000000000000000e+00,0.000000000000000000e+00,3.674242175731997073e-01,0.000000000000000000e+00,4.199576113422954227e-01,4.323146456596114739e-01,4.253434540051312940e-01,4.334347117654755999e-01,3.454973899149594851e-01,0.000000000000000000e+00,1.465639510008608093e-01,0.000000000000000000e+00,0.000000000000000000e+00,4.111533017382951738e-01,4.036648653837093814e-01,0.000000000000000000e+00,0.000000000000000000e+00,0.000000000000000000e+00,3.284404513697464223e-01,0.000000000000000000e+00,0.000000000000000000e+00,3.948899759160486855e-01,4.804431993249876909e-01,0.000000000000000000e+00,0.000000000000000000e+00,3.952033129314482807e-01,4.125749069978831840e-01,0.000000000000000000e+00,0.000000000000000000e+00,0.000000000000000000e+00,4.373870694329625164e-01
0.000000000000000000e+00,0.000000000000000000e+00,3.440169754644216149e-01,0.000000000000000000e+00,2.600533031589791211e-01,3.752519354667007145e-01,2.374877547572754044e-01,3.529393722874186179e-01,3.442124379648853205e-01,4.316166937351226807e-01,3.157588903378660272e-01,3.757929801940917969e-01,2.801006152879356725e-01,2.778921902464219218e-01,0.000000000000000000e+00,0.000000000000000000e+00,0.000000000000000000e+00,0.000000000000000000e+00,3.251030095692098998e-01,0.000000000000000000e+00,0.000000000000000000e+00,0.000000000000000000e+00,3.398877284707321200e-01,0.000000000000000000e+00,0.000000000000000000e+00,0.000000000000000000e+00,4.002724651758873264e-01,2.311282812455461022e-01,0.000000000000000000e+00,0.000000000000000000e+00,0.000000000000000000e+00,2.818336356265341847e-01,0.000000000000000000e+00,3.655179440975189209e-01,2.863019325899266998e-01,2.012748401039050061e-01,1.437480304654727981e-01,0.000000000000000000e+00,0.000000000000000000e+00,0.000000000000000000e+00,0.000000000000000000e+00,0.000000000000000000e+00,0.000000000000000000e+00,0.000000000000000000e+00,0.000000000000000000e+00,0.000000000000000000e+00,0.000000000000000000e+00,0.000000000000000000e+00,0.000000000000000000e+00,0.000000000000000000e+00,0.000000000000000000e+00,0.000000000000000000e+00,0.000000000000000000e+00,0.000000000000000000e+00,0.000000000000000000e+00,0.000000000000000000e+00,0.000000000000000000e+00,0.000000000000000000e+00,0.000000000000000000e+00,0.000000000000000000e+00,0.000000000000000000e+00,0.000000000000000000e+00,0.000000000000000000e+00,0.000000000000000000e+00,0.000000000000000000e+00,0.000000000000000000e+00,0.000000000000000000e+00,0.000000000000000000e+00,0.000000000000000000e+00,0.000000000000000000e+00,0.000000000000000000e+00,0.000000000000000000e+00,0.000000000000000000e+00,0.000000000000000000e+00,0.000000000000000000e+00,0.000000000000000000e+00
0.000000000000000000e+00,3.459264427505788220e-01,3.112732677531587777e-01,2.600533031589791211e-01,0.000000000000000000e+00,3.180796694524951063e-01,2.936202122311815099e-01,3.256418305884578035e-01,2.874918338925249728e-01,3.920264370307812163e-01,2.756649269846965233e-01,3.838091241292204137e-01,3.311227596410830087e-01,2.495335750637696082e-01,0.000000000000000000e+00,4.142140400287320778e-01,4.104376339503323923e-01,4.237844824975779967e-01,2.904335780753374840e-01,3.601763000193823894e-01,3.191032655408230778e-01,3.871837134017381832e-01,3.054880643787282746e-01,4.004500806852440142e-01,3.847827212630611227e-01,3.869709890924000750e-01,3.168370640067453836e-01,3.198634498146181726e-01,3.556971177284188879e-01,0.000000000000000000e+00,3.752185778999511112e-01,3.363037017428379127e-01,3.930780421521720136e-01,3.788677006444743922e-01,3.531868144321351211e-01,2.538469200935031256e-01,2.918096765026071959e-01,3.589066108009280054e-01,0.000000000000000000e+00,0.000000000000000000e+00,0.000000000000000000e+00,0.000000000000000000e+00,3.501430291214061019e-01,0.000000000000000000e+00,0.000000000000000000e+00,0.000000000000000000e+00,0.000000000000000000e+00,4.266473332824509135e-01,0.000000000000000000e+00,0.000000000000000000e+00,4.007764003414641119e-01,0.000000000000000000e+00,3.962883535500162924e-01,4.256785336069746073e-01,0.000000000000000000e+00,0.000000000000000000e+00,0.000000000000000000e+00,3.956474009926119195e-01,3.772488088157923136e-01,0.000000000000000000e+00,0.000000000000000000e+00,0.000000000000000000e+00,0.000000000000000000e+00,0.000000000000000000e+00,0.000000000000000000e+00,0.000000000000000000e+00,0.000000000000000000e+00,4.133308575717873912e-01,0.000000000000000000e+00,0.000000000000000000e+00,3.830638055178712253e-01,4.133427547463263130e-01,0.000000000000000000e+00,0.000000000000000000e+00,0.000000000000000000e+00,0.000000000000000000e+00
3.876888345387259904e-01,3.909069148421620010e-01,3.036530044785852867e-01,3.752519354667007145e-01,3.180796694524951063e-01,0.000000000000000000e+00,3.482247649885509833e-01,3.406221160080881161e-01,3.018082890964379761e-01,4.004473768418481128e-01,2.982965974057825154e-01,3.931797365911187114e-01,3.558186023433447809e-01,3.300794126890703173e-01,3.822683309322321143e-01,4.174308339005535218e-01,0.000000000000000000e+00,4.052957844752008154e-01,3.109841060916745947e-01,3.848966825667604064e-01,3.672370908335320094e-01,4.054302403706688818e-01,3.424761996466478275e-01,3.999840103319822204e-01,3.773484550057060738e-01,3.954639637517394779e-01,3.204834609562157155e-01,3.444548643691074941e-01,3.195998548101899872e-01,3.718150659236217903e-01,3.842661265379336277e-01,3.606837803558189948e-01,3.355108635361255809e-01,3.879227181355756060e-01,4.048421347098207224e-01,3.521989218991206094e-01,3.900919208287511042e-01,0.000000000000000000e+00,3.948544113853544868e-01,3.815260093493900162e-01,4.027994942661680122e-01,0.000000000000000000e+00,3.707433664541788798e-01,0.000000000000000000e+00,0.000000000000000000e+00,3.858418311717641824e-01,3.916673755823357195e-01,4.306714597087462071e-01,0.000000000000000000e+00,4.136602790583351896e-01,4.104144914096394814e-01,4.165003592037990754e-01,4.061730119053231780e-01,4.306963898570727034e-01,0.000000000000000000e+00,3.812065952166415750e-01,0.000000000000000000e+00,4.091386870179565260e-01,3.845437509082785255e-01,4.138749488230479834e-01,3.852798822530977274e-01,0.000000000000000000e+00,0.000000000000000000e+00,4.201766552252655940e-01,3.929983939024189188e-01,3.922988903910792913e-01,4.114488860032469164e-01,4.252841716764516056e-01,0.000000000000000000e+00,3.812978586342116727e-01,4.191469222290009067e-01,4.185786453772120108e-01,3.979735500342634902e-01,4.043350226393940816e-01,0.000000000000000000e+00,3.999609009059785225e-01
3.862653138996436919e-01,3.913435683992276259e-01,3.465768503592964733e-01,2.374877547572754044e-01,2.936202122311815099e-01,3.482247649885509833e-01,0.000000000000000000e+00,3.618495302060665275e-01,3.208906527942784748e-01,4.044134264390187861e-01,3.584290507157588124e-01,4.015995979171986807e-01,3.164361180734396872e-01,3.060065047465770904e-01,0.000000000000000000e+00,4.521184200019163768e-01,4.194221078240160105e-01,4.415395783097846860e-01,3.493806310012044780e-01,4.011056397522503869e-01,3.785501485586483250e-01,4.423044102669024813e-01,3.489087206572709099e-01,3.966419152548245064e-01,4.203505087204458812e-01,4.204155705365679729e-01,3.544302278867245137e-01,3.160382430138978238e-01,4.172281949714874982e-01,0.000000000000000000e+00,4.129246014611911986e-01,3.709186724159820869e-01,3.992038355948688833e-01,4.019879677892416181e-01,3.601828979448801760e-01,2.961368209257623230e-01,3.365889842571739843e-01,3.801824762058573781e-01,3.998537854425350258e-01,0.000000000000000000e+00,4.067106770220003109e-01,0.000000000000000000e+00,3.634667730148012921e-01,0.000000000000000000e+00,0.000000000000000000e+00,0.000000000000000000e+00,3.828694524984049830e-01,4.243884370627837854e-01,0.000000000000000000e+00,4.135554567373759816e-01,4.081689045840333763e-01,4.200353500266552076e-01,4.067715811994435104e-01,4.152605902402525251e-01,4.322836163151915212e-01,0.000000000000000000e+00,0.000000000000000000e+00,4.114388290846626162e-01,0.000000000000000000e+00,3.893390527376470733e-01,0.000000000000000000e+00,0.000000000000000000e+00,0.000000000000000000e+00,0.000000000000000000e+00,0.000000000000000000e+00,0.000000000000000000e+00,3.883425867239180818e-01,4.204116647725344991e-01,0.000000000000000000e+00,0.000000000000000000e+00,4.058719922610227737e-01,4.180557415924103237e-01,3.966745953143527847e-01,4.059947834214426843e-01,0.000000000000000000e+00,4.110545302357820896e-01
4.594215870892767173e-01,4.027916958043659124e-01,3.540814834770504849e-01,3.529393722874186179e-01,3.256418305884578035e-01,3.406221160080881161e-01,3.618495302060665275e-01,0.000000000000000000e+00,3.517066325494970225e-01,4.083244570593884126e-01,2.387620762170568900e-01,4.187668903723331115e-01,3.821043770997455957e-01,2.810749449817184220e-01,3.561392417873557870e-01,4.156827183636476741e-01,0.000000000000000000e+00,4.092247288289537210e-01,3.106656244747699191e-01,3.803980320473511756e-01,3.521872900528987271e-01,4.010523839793693202e-01,3.260469601421154273e-01,4.597952693344301012e-01,4.184608494265166234e-01,4.420312478044682858e-01,3.679201210836884894e-01,3.794292223960061827e-01,3.531915337241912090e-01,4.014476614836932078e-01,4.104601492915949112e-01,3.686481146016418742e-01,3.712965533927777839e-01,4.086005022177905954e-01,4.257881418771535809e-01,2.618857981035273008e-01,3.441027958407125165e-01,3.762812617317853880e-01,0.000000000000000000e+00,0.000000000000000000e+00,0.000000000000000000e+00,0.000000000000000000e+00,3.150240520692036972e-01,0.000000000000000000e+00,0.000000000000000000e+00,0.000000000000000000e+00,0.000000000000000000e+00,4.393308461782670093e-01,0.000000000000000000e+00,3.933783912242342917e-01,4.086755649470208973e-01,4.228126379743822882e-01,4.167500910067695741e-01,4.259730046425541095e-01,0.000000000000000000e+00,3.733940110553496949e-01,0.000000000000000000e+00,3.974594926513217996e-01,3.767123082700226111e-01,4.202098990742166862e-01,0.000000000000000000e+00,0.000000000000000000e+00,4.627712748434359979e-01,4.165069920214574117e-01,0.000000000000000000e+00,0.000000000000000000e+00,0.000000000000000000e+00,4.306263331629587854e-01,0.000000000000000000e+00,0.000000000000000000e+00,4.307356759824800818e-01,4.254580343575761758e-01,3.783188542929257769e-01,4.150082495375537750e-01,0.000000000000000000e+00,3.826858792338543869e-01
3.477961313670452914e-01,3.630775719890744768e-01,2.513631941758320276e-01,3.442124379648853205e-01,2.874918338925249728e-01,3.018082890964379761e-01,3.208906527942784748e-01,3.517066325494970225e-01,0.000000000000000000e+00,3.742824177983636869e-01,2.538318077013481111e-01,3.666331449018547239e-01,3.269574747932800785e-01,3.026006473019988152e-01,3.528106076391229751e-01,3.847101265672455139e-01,4.037771373961129839e-01,4.092238218316942011e-01,2.160813452484486863e-01,3.619030755606524874e-01,3.390637536263135798e-01,3.830755575277451919e-01,3.186931346640786145e-01,3.741980943263987225e-01,3.570690081802678773e-01,3.821922671802241989e-01,2.870215782859441012e-01,3.571262100427735064e-01,3.394886932715107108e-01,3.634902557603491013e-01,3.557040436982190079e-01,3.340292838865164815e-01,3.509969882137782271e-01,3.596837915923891127e-01,3.543911349472688155e-01,3.159378668532067946e-01,3.434032591488538899e-01,3.550565932029318139e-01,3.833592011423915813e-01,0.000000000000000000e+00,4.019888698376756220e-01,0.000000000000000000e+00,3.630635359158059794e-01,0.000000000000000000e+00,0.000000000000000000e+00,0.000000000000000000e+00,3.718612869118692044e-01,4.239841003310894085e-01,0.000000000000000000e+00,3.947662052469627092e-01,4.103002875861416210e-01,4.140873768218236162e-01,4.057630140650732020e-01,4.184838995689036945e-01,0.000000000000000000e+00,3.339339433944347180e-01,0.000000000000000000e+00,0.000000000000000000e+00,0.000000000000000000e+00,3.839231478897363048e-01,3.648304598051700931e-01,0.000000000000000000e+00,0.000000000000000000e+00,0.000000000000000000e+00,0.000000000000000000e+00,3.505622867014320798e-01,3.881404688460334262e-01,4.226521549749365225e-01,0.000000000000000000e+00,0.000000000000000000e+00,4.007775827949537906e-01,4.103056802911737022e-01,3.916653120038217084e-01,0.000000000000000000e+00,0.000000000000000000e+00,4.043544200157043744e-01
3.696276198592278739e-01,0.000000000000000000e+00,3.722543005679161965e-01,4.316166937351226807e-01,3.920264370307812163e-01,4.004473768418481128e-01,4.044134264390187861e-01,4.083244570593884126e-01,3.742824177983636869e-01,0.000000000000000000e+00,3.891201901489816928e-01,2.939472564095845231e-01,4.047950912125097833e-01,1.717435878673430061e-01,0.000000000000000000e+00,3.709979105237002917e-01,3.246942555357819060e-01,3.533411001926982098e-01,3.724341211318552003e-01,4.136238101165642944e-01,4.358088446095212953e-01,4.310281147274180880e-01,3.868196093877909747e-01,3.092162045331873221e-01,3.264744230900846200e-01,3.185163531660469838e-01,3.993878303752815828e-01,3.951693859820507027e-01,4.217078057821115888e-01,0.000000000000000000e+00,3.530000717507342234e-01,3.219548568962978807e-01,2.971385710834288929e-01,3.120179146488368804e-01,2.915883541215251173e-01,3.231836579040809898e-01,2.797239638686128127e-01,2.713970351605772269e-01,3.497043712309587105e-01,3.859352989909848874e-01,4.218082718067520109e-01,4.351217312782474922e-01,4.267324632842869891e-01,0.000000000000000000e+00,3.468518821124044749e-01,3.526737977091329856e-01,0.000000000000000000e+00,0.000000000000000000e+00,0.000000000000000000e+00,0.000000000000000000e+00,4.282053681573000925e-01,0.000000000000000000e+00,0.000000000000000000e+00,0.000000000000000000e+00,4.481240702388474828e-01,0.000000000000000000e+00,4.291413446747371907e-01,4.358749622888293818e-01,0.000000000000000000e+00,0.000000000000000000e+00,4.257381733906627219e-01,4.432464095871381238e-01,4.417384140871843945e-01,0.000000000000000000e+00,0.000000000000000000e+00,0.000000000000000000e+00,0.000000000000000000e+00,4.372184051621862966e-01,3.809577818912078806e-01,4.422572463075499227e-01,4.426191686241314760e-01,4.316560819502170965e-01,4.372939994532584196e-01,0.000000000000000000e+00,0.000000000000000000e+00,4.329638498085667808e-01
0.000000000000000000e+00,4.257529949439052830e-01,2.636622412528268899e-01,3.157588903378660272e-01,2.756649269846965233e-01,2.982965974057825154e-01,3.584290507157588124e-01,2.387620762170568900e-01,2.538318077013481111e-01,3.891201901489816928e-01,0.000000000000000000e+00,3.733337347161401198e-01,3.671406416249056170e-01,2.270392032240851066e-01,0.000000000000000000e+00,0.000000000000000000e+00,4.106955949837399200e-01,4.155993818165129028e-01,2.296717793642772953e-01,0.000000000000000000e+00,0.000000000000000000e+00,4.238577949757593166e-01,2.145198295812918987e-01,3.946545376775995040e-01,4.092196326189643796e-01,0.000000000000000000e+00,3.057859376609863844e-01,3.611662176461510887e-01,3.963520719271979020e-01,3.627079353861473177e-01,3.677709277552748124e-01,3.418328833345590234e-01,3.687039748332193723e-01,3.746520245082631262e-01,3.534863203467287773e-01,2.076237975412356940e-01,2.981970047964072057e-01,3.540593856144376161e-01,0.000000000000000000e+00,0.000000000000000000e+00,0.000000000000000000e+00,0.000000000000000000e+00,3.104255128146666265e-01,0.000000000000000000e+00,0.000000000000000000e+00,0.000000000000000000e+00,0.000000000000000000e+00,4.084553547503063098e-01,0.000000000000000000e+00,0.000000000000000000e+00,3.498711287975310724e-01,0.000000000000000000e+00,0.000000000000000000e+00,3.892812190065003120e-01,0.000000000000000000e+00,1.913472350429021862e-01,0.000000000000000000e+00,0.000000000000000000e+00,0.000000000000000000e+00,0.000000000000000000e+00,0.000000000000000000e+00,0.000000000000000000e+00,0.000000000000000000e+00,0.000000000000000000e+00,0.000000000000000000e+00,0.000000000000000000e+00,0.000000000000000000e+00,4.128798538955658071e-01,0.000000000000000000e+00,0.000000000000000000e+00,0.000000000000000000e+00,4.111724657943319761e-01,0.000000000000000000e+00,0.000000000000000000e+00,0.000000000000000000e+00,0.000000000000000000e+00
3.566809095879389102e-01,0.000000000000000000e+00,3.653038166481191729e-01,3.757929801940917969e-01,3.838091241292204137e-01,3.931797365911187114e-01,4.015995979171986807e-01,4.187668903723331115e-01,3.666331449018547239e-01,2.939472564095845231e-01,3.733337347161401198e-01,0.000000000000000000e+00,3.937068981858580230e-01,2.311119994249281051e-01,0.000000000000000000e+00,0.000000000000000000e+00,3.601878493891437216e-01,3.648577545751994222e-01,3.472656554856655142e-01,0.000000000000000000e+00,4.333976870624182132e-01,0.000000000000000000e+00,3.994608615009069830e-01,2.939728215527301902e-01,3.309329691493548831e-01,2.661015965728668053e-01,4.083242301811471076e-01,3.728642552963151724e-01,0.000000000000000000e+00,3.828487098217009943e-01,3.642710310266419893e-01,2.801073853159056770e-01,3.013492523644731858e-01,2.479489972478776116e-01,2.878632625354988761e-01,2.717296406913912166e-01,2.860475200115855099e-01,2.193317959586844890e-01,3.063748924296615939e-01,4.004758108585745879e-01,4.210614302917741747e-01,4.331389507977018161e-01,0.000000000000000000e+00,0.000000000000000000e+00,3.704009745651671848e-01,3.535933601067329790e-01,0.000000000000000000e+00,0.000000000000000000e+00,0.000000000000000000e+00,0.000000000000000000e+00,0.000000000000000000e+00,0.000000000000000000e+00,0.000000000000000000e+00,0.000000000000000000e+00,4.536818625320099829e-01,0.000000000000000000e+00,4.367301859210154791e-01,4.347428895475188848e-01,0.000000000000000000e+00,0.000000000000000000e+00,0.000000000000000000e+00,4.461412257237745149e-01,4.356066900478366977e-01,0.000000000000000000e+00,0.000000000000000000e+00,0.000000000000000000e+00,0.000000000000000000e+00,0.000000000000000000e+00,3.781076658160397730e-01,4.370656728213785924e-01,4.413236208255245097e-01,0.000000000000000000e+00,4.338977350804426036e-01,0.000000000000000000e+00,0.000000000000000000e+00,4.443387554775977133e-01
4.123516550631232125e-01,4.060017962901585897e-01,3.571966943302449793e-01,2.801006152879356725e-01,3.311227596410830087e-01,3.558186023433447809e-01,3.164361180734396872e-01,3.821043770997455957e-01,3.269574747932800785e-01,4.047950912125097833e-01,3.671406416249056170e-01,3.937068981858580230e-01,0.000000000000000000e+00,3.091164364804245834e-01,4.027534573514552907e-01,4.521367276546524039e-01,4.179943969579089091e-01,4.428871535929185255e-01,3.545805694341497838e-01,4.096858160290592910e-01,3.898551504926581757e-01,4.492614313238447732e-01,3.666521700556625851e-01,3.970195838436633151e-01,4.174530567843541817e-01,4.259251723930337907e-01,3.706985811139018039e-01,3.319140030027625810e-01,3.920162082694704786e-01,3.453049246159495267e-01,3.882380741114946909e-01,3.737221240480673723e-01,3.868555293716354204e-01,3.916055928675820086e-01,3.591443915593551250e-01,3.299555986172765798e-01,3.536187998417105738e-01,3.610101702032876836e-01,4.063648082123499927e-01,0.000000000000000000e+00,4.187529440153616167e-01,0.000000000000000000e+00,3.780216123577416765e-01,0.000000000000000000e+00,0.000000000000000000e+00,0.000000000000000000e+00,3.991981462032508921e-01,4.311088819765496738e-01,0.000000000000000000e+00,4.160559822307737798e-01,4.192417099469876174e-01,4.246705561155669217e-01,4.181696471753740818e-01,4.244736978678539940e-01,4.439924008274002132e-01,3.730265932165849896e-01,4.393456631539615076e-01,4.164045067558390101e-01,3.982611315747628944e-01,4.075404347343249967e-01,3.874597418902749890e-01,0.000000000000000000e+00,0.000000000000000000e+00,4.267341987710683848e-01,4.063228078721353165e-01,3.848604603914673183e-01,4.046363196708289145e-01,4.294546257004299150e-01,0.000000000000000000e+00,4.488590264087353177e-01,4.228264087783750735e-01,4.265616041929404800e-01,4.068454681821920826e-01,4.151656774434562269e-01,4.219723849220589074e-01,4.129443295377963064e-01
0.000000000000000000e+00,0.000000000000000000e+00,3.069008162386890892e-01,2.778921902464219218e-01,2.495335750637696082e-01,3.300794126890703173e-01,3.060065047465770904e-01,2.810749449817184220e-01,3.026006473019988152e-01,1.717435878673430061e-01,2.270392032240851066e-01,2.311119994249281051e-01,3.091164364804245834e-01,0.000000000000000000e+00,0.000000000000000000e+00,0.000000000000000000e+00,0.000000000000000000e+00,0.000000000000000000e+00,2.885196905098670883e-01,0.000000000000000000e+00,0.000000000000000000e+00,0.000000000000000000e+00,2.808370642273305129e-01,0.000000000000000000e+00,0.000000000000000000e+00,0.000000000000000000e+00,3.356604763423571836e-01,2.756526150496080851e-01,0.000000000000000000e+00,0.000000000000000000e+00,0.000000000000000000e+00,2.272825039817643056e-01,0.000000000000000000e+00,0.000000000000000000e+00,0.000000000000000000e+00,2.058141921484019921e-01,1.592053082962540111e-01,0.000000000000000000e+00,0.000000000000000000e+00,0.000000000000000000e+00,0.000000000000000000e+00,0.000000000000000000e+00,3.455931842327117920e-01,0.000000000000000000e+00,0.000000000000000000e+00,0.000000000000000000e+00,0.000000000000000000e+00,0.000000000000000000e+00,0.000000000000000000e+00,0.000000000000000000e+00,0.000000000000000000e+00,0.000000000000000000e+00,0.000000000000000000e+00,0.000000000000000000e+00,0.000000000000000000e+00,0.000000000000000000e+00,0.000000000000000000e+00,0.000000000000000000e+00,0.000000000000000000e+00,0.000000000000000000e+00,0.000000000000000000e+00,0.000000000000000000e+00,0.000000000000000000e+00,0.000000000000000000e+00,0.000000000000000000e+00,0.000000000000000000e+00,0.000000000000000000e+00,0.000000000000000000e+00,0.000000000000000000e+00,0.000000000000000000e+00,0.000000000000000000e+00,0.000000000000000000e+00,0.000000000000000000e+00,0.000000000000000000e+00,0.000000000000000000e+00,0.000000000000000000e+00
3.910380311272015907e-01,4.048396927265289214e-01,0.000000000000000000e+00,0.000000000000000000e+00,0.000000000000000000e+00,3.822683309322321143e-01,0.000000000000000000e+00,3.561392417873557870e-01,3.528106076391229751e-01,0.000000000000000000e+00,0.000000000000000000e+00,0.000000000000000000e+00,4.027534573514552907e-01,0.000000000000000000e+00,0.000000000000000000e+00,4.317973273111230248e-01,0.000000000000000000e+00,3.712219456177601185e-01,0.000000000000000000e+00,3.333048233887920819e-01,3.780119240250087165e-01,4.023163237156963112e-01,3.634752301751718040e-01,4.146021226630476897e-01,3.351805195009396887e-01,3.675509595678371766e-01,3.943306016001965064e-01,3.904497360165922748e-01,3.939329931986332856e-01,0.000000000000000000e+00,4.224996090616888189e-01,4.382375198905066882e-01,3.805839874158737923e-01,4.370841299042174111e-01,4.736149159002320252e-01,4.772044509170448867e-01,4.594287874790883852e-01,0.000000000000000000e+00,4.529029517713685782e-01,4.276823451345819760e-01,4.480880781507816102e-01,4.792909911276084789e-01,0.000000000000000000e+00,0.000000000000000000e+00,0.000000000000000000e+00,0.000000000000000000e+00,4.526250792252971000e-01,0.000000000000000000e+00,0.000000000000000000e+00,0.000000000000000000e+00,4.069415917181001263e-01,0.000000000000000000e+00,4.297272256684442904e-01,0.000000000000000000e+00,0.000000000000000000e+00,0.000000000000000000e+00,0.000000000000000000e+00,0.000000000000000000e+00,0.000000000000000000e+00,4.517079559025473090e-01,4.310137553759439966e-01,0.000000000000000000e+00,0.000000000000000000e+00,0.000000000000000000e+00,4.236267521854045204e-01,4.518160420479930828e-01,4.625863356087819844e-01,4.268937682812897205e-01,0.000000000000000000e+00,4.039545729284894082e-01,4.797369252119965122e-01,4.304940058258842073e-01,4.163616657600143767e-01,4.021558294650423027e-01,0.000000000000000000e+00,4.189905229850595103e-01
3.893708864666998726e-01,3.976160641783180738e-01,3.802994865719547812e-01,0.000000000000000000e+00,4.142140400287320778e-01,4.174308339005535218e-01,4.521184200019163768e-01,4.156827183636476741e-01,3.847101265672455139e-01,3.709979105237002917e-01,0.000000000000000000e+00,0.000000000000000000e+00,4.521367276546524039e-01,0.000000000000000000e+00,4.317973273111230248e-01,0.000000000000000000e+00,3.449410461713178777e-01,3.311409549381407191e-01,0.000000000000000000e+00,3.876346433504548883e-01,4.058509279114094204e-01,3.695735668398720808e-01,4.009506444177575735e-01,3.946825289207295806e-01,3.953855744270616812e-01,4.223475469046655273e-01,4.266029038358680747e-01,4.235510965634490810e-01,4.104025585365789208e-01,4.151284314192172920e-01,3.758147510485804199e-01,4.369405434048732051e-01,3.653104273450797912e-01,3.836446305764514841e-01,4.071418497342697007e-01,0.000000000000000000e+00,0.000000000000000000e+00,0.000000000000000000e+00,4.283376291138875080e-01,3.913221047264899832e-01,4.052014905687323920e-01,4.182818697831375832e-01,0.000000000000000000e+00,0.000000000000000000e+00,0.000000000000000000e+00,4.200382890421396898e-01,4.076483692922616142e-01,0.000000000000000000e+00,0.000000000000000000e+00,0.000000000000000000e+00,4.137417459743558124e-01,0.000000000000000000e+00,0.000000000000000000e+00,0.000000000000000000e+00,0.000000000000000000e+00,0.000000000000000000e+00,4.647452118724635928e-01,4.056067091951601755e-01,0.000000000000000000e+00,4.526717829480402799e-01,4.107863135682355837e-01,4.420209703244897259e-01,4.334977580750917769e-01,0.000000000000000000e+00,0.000000000000000000e+00,4.461911239563590148e-01,4.302199141528004755e-01,4.303959073299110094e-01,0.000000000000000000e+00,4.145685421777762780e-01,4.292633565672920870e-01,4.329305526139010096e-01,0.000000000000000000e+00,4.234136117331138149e-01,0.000000000000000000e+00,3.984956893287485147e-01
3.840425907058542809e-01,0.000000000000000000e+00,0.000000000000000000e+00,0.000000000000000000e+00,4.104376339503323923e-01,0.000000000000000000e+00,4.194221078240160105e-01,0.000000000000000000e+00,4.037771373961129839e-01,3.246942555357819060e-01,4.106955949837399200e-01,3.601878493891437216e-01,4.179943969579089091e-01,0.000000000000000000e+00,0.000000000000000000e+00,3.449410461713178777e-01,0.000000000000000000e+00,2.959721522984090081e-01,0.000000000000000000e+00,4.611885714825881277e-01,4.565188188062446195e-01,4.064615804785157160e-01,4.233471788254842827e-01,3.664346406204195272e-01,3.125980636475769181e-01,3.576180314761230883e-01,0.000000000000000000e+00,4.092372480271834756e-01,0.000000000000000000e+00,0.000000000000000000e+00,3.551413549874979925e-01,4.221933976254461096e-01,3.221397319291632866e-01,3.539201202078747222e-01,3.622479743346769809e-01,4.070912604601444884e-01,0.000000000000000000e+00,3.260500708235156142e-01,4.484276839493424038e-01,4.023994244535261111e-01,4.354783105810213217e-01,4.374889185660121860e-01,0.000000000000000000e+00,0.000000000000000000e+00,0.000000000000000000e+00,0.000000000000000000e+00,0.000000000000000000e+00,0.000000000000000000e+00,0.000000000000000000e+00,0.000000000000000000e+00,0.000000000000000000e+00,0.000000000000000000e+00,0.000000000000000000e+00,0.000000000000000000e+00,4.528237529791617755e-01,0.000000000000000000e+00,4.419876259674179741e-01,0.000000000000000000e+00,0.000000000000000000e+00,0.000000000000000000e+00,4.520371488806956273e-01,4.435394285753556098e-01,4.428195310074122260e-01,0.000000000000000000e+00,0.000000000000000000e+00,0.000000000000000000e+00,0.000000000000000000e+00,0.000000000000000000e+00,3.908393865418416935e-01,4.442250249266250783e-01,4.459501231061696047e-01,0.000000000000000000e+00,0.000000000000000000e+00,0.000000000000000000e+00,0.000000000000000000e+00,4.472663424509571994e-01
3.851093386868347790e-01,3.893913971685060149e-01,4.005151351135670112e-01,0.000000000000000000e+00,4.237844824975779967e-01,4.052957844752008154e-01,4.415395783097846860e-01,4.092247288289537210e-01,4.092238218316942011e-01,3.533411001926982098e-01,4.155993818165129028e-01,3.648577545751994222e-01,4.428871535929185255e-01,0.000000000000000000e+00,3.712219456177601185e-01,3.311409549381407191e-01,2.959721522984090081e-01,0.000000000000000000e+00,4.046418870051818883e-01,4.047148481925040842e-01,4.041803892321866876e-01,4.133229336040412094e-01,3.599297241994521834e-01,3.793502376503891105e-01,3.469387370497644119e-01,3.816447070291463239e-01,3.841578373348404907e-01,4.285955349098236056e-01,3.946303084520703108e-01,4.251011119626402768e-01,3.886511000326042797e-01,4.108572659029345875e-01,3.545239933117244058e-01,3.843152845127880135e-01,3.993964088682050995e-01,4.293785418263439957e-01,0.000000000000000000e+00,3.304884552812166199e-01,4.403828964882707808e-01,4.209812101835704867e-01,4.385998812359542254e-01,4.385241205042980095e-01,0.000000000000000000e+00,0.000000000000000000e+00,0.000000000000000000e+00,3.958444201726780132e-01,4.047355608075984268e-01,0.000000000000000000e+00,0.000000000000000000e+00,0.000000000000000000e+00,4.361702050006113218e-01,0.000000000000000000e+00,0.000000000000000000e+00,0.000000000000000000e+00,4.651518463817330140e-01,0.000000000000000000e+00,4.612542702510299963e-01,4.430251453577189191e-01,0.000000000000000000e+00,0.000000000000000000e+00,4.172307042385686171e-01,4.557596696508868783e-01,4.411818743700408052e-01,0.000000000000000000e+00,4.319013515000045822e-01,0.000000000000000000e+00,4.161976261683170142e-01,0.000000000000000000e+00,4.239138241426079756e-01,4.392993054877463166e-01,4.452778113578571006e-01,4.401326132440340211e-01,0.000000000000000000e+00,4.347624700594798219e-01,0.000000000000000000e+00,4.438024381120643236e-01
0.000000000000000000e+00,0.000000000000000000e+00,2.243393110321099115e-01,3.251030095692098998e-01,2.904335780753374840e-01,3.109841060916745947e-01,3.493806310012044780e-01,3.106656244747699191e-01,2.160813452484486863e-01,3.724341211318552003e-01,2.296717793642772953e-01,3.472656554856655142e-01,3.545805694341497838e-01,2.885196905098670883e-01,0.000000000000000000e+00,0.000000000000000000e+00,0.000000000000000000e+00,4.046418870051818883e-01,0.000000000000000000e+00,3.558721259564077144e-01,3.381843505060224131e-01,3.807853428424106124e-01,2.095688032011147062e-01,0.000000000000000000e+00,3.960398830624025091e-01,0.000000000000000000e+00,3.000017599065595841e-01,3.538373572771558173e-01,3.152444676848956129e-01,0.000000000000000000e+00,3.565359128899889818e-01,3.295026355987754063e-01,0.000000000000000000e+00,3.578258901086294186e-01,3.432208853261335957e-01,2.928396191222137901e-01,3.393284922490004130e-01,3.507746329859757761e-01,0.000000000000000000e+00,0.000000000000000000e+00,0.000000000000000000e+00,0.000000000000000000e+00,3.655269249554748967e-01,0.000000000000000000e+00,0.000000000000000000e+00,0.000000000000000000e+00,0.000000000000000000e+00,4.398601821168798831e-01,0.000000000000000000e+00,4.222937104128287045e-01,4.264205769376149258e-01,4.254869854507734028e-01,4.462269300536327865e-01,4.332597333350289848e-01,0.000000000000000000e+00,2.260339977748209994e-01,0.000000000000000000e+00,4.056681917379180158e-01,0.000000000000000000e+00,0.000000000000000000e+00,0.000000000000000000e+00,0.000000000000000000e+00,0.000000000000000000e+00,4.413914254820114902e-01,0.000000000000000000e+00,0.000000000000000000e+00,0.000000000000000000e+00,4.376798926038494852e-01,0.000000000000000000e+00,0.000000000000000000e+00,0.000000000000000000e+00,4.583207031737885906e-01,0.000000000000000000e+00,0.000000000000000000e+00,0.000000000000000000e+00,0.000000000000000000e+00
4.168822855875122246e-01,4.261296618675201042e-01,3.607300252572213095e-01,0.000000000000000000e+00,3.601763000193823894e-01,3.848966825667604064e-01,4.011056397522503869e-01,3.803980320473511756e-01,3.619030755606524874e-01,4.136238101165642944e-01,0.000000000000000000e+00,0.000000000000000000e+00,4.096858160290592910e-01,0.000000000000000000e+00,3.333048233887920819e-01,3.876346433504548883e-01,4.611885714825881277e-01,4.047148481925040842e-01,3.558721259564077144e-01,0.000000000000000000e+00,3.987985183953626223e-01,3.670429720414185026e-01,2.784092677482135070e-01,4.209634585156232234e-01,3.840284016651839272e-01,4.308075807832035253e-01,3.583844075757852132e-01,3.407898407715861944e-01,3.200358247245578824e-01,2.971816930588971895e-01,3.877521244228462893e-01,4.436089094866396132e-01,3.752740166100815844e-01,4.166551338048555264e-01,4.519908812032317758e-01,4.961934038934444069e-01,4.698330764504153878e-01,0.000000000000000000e+00,4.197448606032925245e-01,4.126808924570095072e-01,4.177087994371072033e-01,4.302189030594855135e-01,0.000000000000000000e+00,0.000000000000000000e+00,0.000000000000000000e+00,4.135847254535401918e-01,4.104456639006309193e-01,0.000000000000000000e+00,0.000000000000000000e+00,0.000000000000000000e+00,4.059523886113184932e-01,0.000000000000000000e+00,4.303200471771577162e-01,0.000000000000000000e+00,0.000000000000000000e+00,0.000000000000000000e+00,0.000000000000000000e+00,4.041510213478278768e-01,0.000000000000000000e+00,4.269598438325302725e-01,4.067688935060507771e-01,0.000000000000000000e+00,0.000000000000000000e+00,0.000000000000000000e+00,4.188303392668253911e-01,4.181875142387760924e-01,4.405952701638122804e-01,4.176316067387068065e-01,0.000000000000000000e+00,3.885679611895367924e-01,4.468348688761445975e-01,4.257720665743990884e-01,4.079035180643293956e-01,4.125728392442031822e-01,0.000000000000000000e+00,4.149084346010917246e-01
3.816310834602688051e-01,4.038416262586396188e-01,3.336222767678146961e-01,0.000000000000000000e+00,3.191032655408230778e-01,3.672370908335320094e-01,3.785501485586483250e-01,3.521872900528987271e-01,3.390637536263135798e-01,4.358088446095212953e-01,0.000000000000000000e+00,4.333976870624182132e-01,3.898551504926581757e-01,0.000000000000000000e+00,3.780119240250087165e-01,4.058509279114094204e-01,4.565188188062446195e-01,4.041803892321866876e-01,3.381843505060224131e-01,3.987985183953626223e-01,0.000000000000000000e+00,4.358437883748509933e-01,3.648368876429530228e-01,4.185477679899144987e-01,3.956714534536731054e-01,4.069252245831447845e-01,4.075028682145290237e-01,3.916522588589909093e-01,3.935131650445841123e-01,3.986193314284006139e-01,3.993279854644740112e-01,4.061865606858747757e-01,3.422454570835947174e-01,4.201168368898889893e-01,4.520312042676647990e-01,4.689176657532899140e-01,4.440630794341586252e-01,0.000000000000000000e+00,4.378947038915301238e-01,4.090324261508602177e-01,4.299348924358595836e-01,4.793457068575541213e-01,0.000000000000000000e+00,0.000000000000000000e+00,0.000000000000000000e+00,4.458150019841415901e-01,4.484657594822671900e-01,0.000000000000000000e+00,0.000000000000000000e+00,0.000000000000000000e+00,3.860386729316255816e-01,0.000000000000000000e+00,4.217914173728224969e-01,0.000000000000000000e+00,0.000000000000000000e+00,0.000000000000000000e+00,0.000000000000000000e+00,3.791793660098751184e-01,0.000000000000000000e+00,4.430840991851374144e-01,4.251127173056036823e-01,0.000000000000000000e+00,0.000000000000000000e+00,0.000000000000000000e+00,4.028627366722490888e-01,4.441099537042961787e-01,4.647944718465540914e-01,4.097093496579262140e-01,0.000000000000000000e+00,4.139993882985085194e-01,4.913956714662968128e-01,4.224052532033755747e-01,3.818057635313006903e-01,3.877004540747288064e-01,0.000000000000000000e+00,4.091102998930031265e-01
