0.000000000000000000e+00,4.293991029728251863e-01,0.000000000000000000e+00,0.000000000000000000e+00,0.000000000000000000e+00,4.479584667149463240e-01,4.682450090650805974e-01,5.361784706154816282e-01,4.577456501175213854e-01,4.128389279841029880e-01,0.000000000000000000e+00,4.009646509140376014e-01,4.656636407280939083e-01,0.000000000000000000e+00,4.250089236196831211e-01,4.228850366792801796e-01,4.280198175855154941e-01,4.205035912401594023e-01,0.000000000000000000e+00,4.590303794072966848e-01,4.372688202217224207e-01,4.414812305876880116e-01,4.733469207238569787e-01,3.926830254655385155e-01,3.962658726387637276e-01,3.939925812383751058e-01,4.626628791643460081e-01,4.967510864399122261e-01,4.731219841149014727e-01,5.149639883446759381e-01,3.891210354501201119e-01,4.528355354318003845e-01,3.851086070407235828e-01,3.973042176206552090e-01,4.681016577598570150e-01,0.000000000000000000e+00,0.000000000000000000e+00,4.709739983081818182e-01,4.740077528949407926e-01,4.536452863880772735e-01,4.491631256973354080e-01,4.734076629042077156e-01,0.000000000000000000e+00,0.000000000000000000e+00,0.000000000000000000e+00,4.094895046825529072e-01,4.862551412043948917e-01,0.000000000000000000e+00,0.000000000000000000e+00,0.000000000000000000e+00,0.000000000000000000e+00,0.000000000000000000e+00,0.000000000000000000e+00,0.000000000000000000e+00,0.000000000000000000e+00,0.000000000000000000e+00,0.000000000000000000e+00,0.000000000000000000e+00,0.000000000000000000e+00,5.159663863608574541e-01,4.704603825635327863e-01,0.000000000000000000e+00,4.634710075399635087e-01,0.000000000000000000e+00,0.000000000000000000e+00,0.000000000000000000e+00,4.927123131038568249e-01,0.000000000000000000e+00,0.000000000000000000e+00,4.588634660052208214e-01,4.702484836721945727e-01,0.000000000000000000e+00,0.000000000000000000e+00,0.000000000000000000e+00,0.000000000000000000e+00,4.380478894578521132e-01
4.293991029728251863e-01,0.000000000000000000e+00,0.000000000000000000e+00,0.000000000000000000e+00,0.000000000000000000e+00,4.164966744413665101e-01,4.535099714159965822e-01,5.010163641863977224e-01,4.041149191923399941e-01,3.932548222678796113e-01,0.000000000000000000e+00,3.986129842728682871e-01,4.490893222199279222e-01,0.000000000000000000e+00,4.652247624687347871e-01,4.389746477173385730e-01,4.193593009552977202e-01,4.282651866000363183e-01,0.000000000000000000e+00,4.591539161817305148e-01,4.315148736307362065e-01,4.600027025880609743e-01,4.548494201758773725e-01,4.022166224591077754e-01,3.963308894211240996e-01,4.326412359020855858e-01,4.532873121733946853e-01,4.504447636478887129e-01,4.382272122453232943e-01,0.000000000000000000e+00,4.068268272336497127e-01,4.597572574825040115e-01,3.941504437746932155e-01,4.182885417676012185e-01,4.763854680828855104e-01,3.971595718693010091e-01,0.000000000000000000e+00,0.000000000000000000e+00,4.707119784579160138e-01,4.706508222777397998e-01,4.678878896221406181e-01,4.867248017087780765e-01,0.000000000000000000e+00,0.000000000000000000e+00,0.000000000000000000e+00,4.910330703117560813e-01,4.923961356770136244e-01,0.000000000000000000e+00,0.000000000000000000e+00,0.000000000000000000e+00,4.425769673995391118e-01,0.000000000000000000e+00,4.851846259704475917e-01,0.000000000000000000e+00,4.563014039325855031e-01,0.000000000000000000e+00,4.525383188667105872e-01,4.483607538676350202e-01,0.000000000000000000e+00,5.146792655577754338e-01,4.803422827580131060e-01,0.000000000000000000e+00,4.721150415521904176e-01,0.000000000000000000e+00,4.873057393427934203e-01,5.078254011731558881e-01,4.846578569769670053e-01,4.674624677143998097e-01,4.502271620274829189e-01,4.768846974343773915e-01,5.058134785359397201e-01,4.806333755909071859e-01,0.000000000000000000e+00,4.781484438187986741e-01,0.000000000000000000e+00,4.622603377929349056e-01
0.000000000000000000e+00,0.000000000000000000e+00,0.000000000000000000e+00,0.000000000000000000e+00,4.000727751244098074e-01,3.638314957527298832e-01,4.573538238616460250e-01,4.420978881092800239e-01,3.162917204554608896e-01,4.945610634514555071e-01,3.059815574669865756e-01,4.660747916207617081e-01,4.795836232453735137e-01,3.943315780502926193e-01,0.000000000000000000e+00,0.000000000000000000e+00,0.000000000000000000e+00,4.936295058367330957e-01,2.543508537989189189e-01,0.000000000000000000e+00,4.472471913110048214e-01,0.000000000000000000e+00,3.012797042635790845e-01,4.975062243232664105e-01,0.000000000000000000e+00,4.409824567080671276e-01,3.055366929377474894e-01,4.941739927165392787e-01,4.502569879974107070e-01,4.912935467894051778e-01,5.010559877149213248e-01,4.534290864758295236e-01,4.447944765088618913e-01,5.092483151041261591e-01,5.159492869053947661e-01,4.591375262173958971e-01,4.917074191084873092e-01,4.824017604480955179e-01,5.235745325398115657e-01,4.117171326890208261e-01,5.773892501173339964e-01,0.000000000000000000e+00,5.392227122628984182e-01,0.000000000000000000e+00,0.000000000000000000e+00,0.000000000000000000e+00,0.000000000000000000e+00,5.012808052454449381e-01,0.000000000000000000e+00,5.601652933241310084e-01,5.761740733991377317e-01,5.905286513342771215e-01,5.524401746947237291e-01,5.437144775953837161e-01,5.551469207837201880e-01,4.526164970705713886e-01,0.000000000000000000e+00,5.754466265552087290e-01,5.423469852564216653e-01,0.000000000000000000e+00,0.000000000000000000e+00,0.000000000000000000e+00,0.000000000000000000e+00,4.116856541063493857e-01,4.876047019419775808e-01,0.000000000000000000e+00,0.000000000000000000e+00,5.859334978311867559e-01,0.000000000000000000e+00,0.000000000000000000e+00,0.000000000000000000e+00,5.735882190229046884e-01,5.738888312019039262e-01,5.405717882776290839e-01,5.707685081663931292e-01,5.785509214812342149e-01
0.000000000000000000e+00,0.000000000000000000e+00,0.000000000000000000e+00,0.000000000000000000e+00,3.643795528687139851e-01,0.000000000000000000e+00,3.472877907030967881e-01,4.350140788965258243e-01,4.701265772447318914e-01,2.357615481719619044e-01,4.094084474019478725e-01,0.000000000000000000e+00,3.478771096647806926e-01,3.927115629727173096e-01,0.000000000000000000e+00,0.000000000000000000e+00,0.000000000000000000e+00,0.000000000000000000e+00,0.000000000000000000e+00,0.000000000000000000e+00,0.000000000000000000e+00,0.000000000000000000e+00,0.000000000000000000e+00,0.000000000000000000e+00,0.000000000000000000e+00,0.000000000000000000e+00,0.000000000000000000e+00,3.528764257881947253e-01,0.000000000000000000e+00,0.000000000000000000e+00,3.683144541563925234e-01,3.514319821519705234e-01,0.000000000000000000e+00,0.000000000000000000e+00,2.507642507553101141e-01,2.830063502756636207e-01,2.342766606963110898e-01,0.000000000000000000e+00,0.000000000000000000e+00,0.000000000000000000e+00,0.000000000000000000e+00,0.000000000000000000e+00,0.000000000000000000e+00,0.000000000000000000e+00,0.000000000000000000e+00,0.000000000000000000e+00,0.000000000000000000e+00,0.000000000000000000e+00,0.000000000000000000e+00,0.000000000000000000e+00,0.000000000000000000e+00,0.000000000000000000e+00,0.000000000000000000e+00,0.000000000000000000e+00,0.000000000000000000e+00,0.000000000000000000e+00,0.000000000000000000e+00,0.000000000000000000e+00,0.000000000000000000e+00,0.000000000000000000e+00,0.000000000000000000e+00,0.000000000000000000e+00,0.000000000000000000e+00,0.000000000000000000e+00,0.000000000000000000e+00,0.000000000000000000e+00,0.000000000000000000e+00,0.000000000000000000e+00,0.000000000000000000e+00,0.000000000000000000e+00,0.000000000000000000e+00,0.000000000000000000e+00,0.000000000000000000e+00,0.000000000000000000e+00,0.000000000000000000e+00,0.000000000000000000e+00
0.000000000000000000e+00,0.000000000000000000e+00,4.000727751244098074e-01,3.643795528687139851e-01,0.000000000000000000e+00,3.927046488765120191e-01,3.713456328879939927e-01,4.188739859129214094e-01,3.413425028041864873e-01,4.684490047615795794e-01,3.541724099407544957e-01,4.461717897572136105e-01,4.155962788801184082e-01,3.367414752626983754e-01,0.000000000000000000e+00,0.000000000000000000e+00,0.000000000000000000e+00,0.000000000000000000e+00,3.799358238629996776e-01,4.314240272337053206e-01,0.000000000000000000e+00,4.223478343071542795e-01,4.080831494630757228e-01,4.531536334107130193e-01,0.000000000000000000e+00,4.313040207390790859e-01,4.105671306868998172e-01,3.955097157616312975e-01,4.171890988046205173e-01,0.000000000000000000e+00,4.792613241150722736e-01,3.980741015585412823e-01,4.245484949231566052e-01,4.682597348817195138e-01,4.535181444091552216e-01,2.994430537688291261e-01,2.681111673983713750e-01,4.148273495873481820e-01,4.727634934190415028e-01,0.000000000000000000e+00,0.000000000000000000e+00,0.000000000000000000e+00,4.879706817640496186e-01,0.000000000000000000e+00,0.000000000000000000e+00,0.000000000000000000e+00,0.000000000000000000e+00,5.812228394953879995e-01,0.000000000000000000e+00,5.800063319104068471e-01,5.570294786589662372e-01,5.654572801745521016e-01,5.433502349359048411e-01,5.710195575369522158e-01,0.000000000000000000e+00,4.678604443585180905e-01,0.000000000000000000e+00,5.536782148125229952e-01,0.000000000000000000e+00,0.000000000000000000e+00,0.000000000000000000e+00,0.000000000000000000e+00,0.000000000000000000e+00,5.695513967994015880e-01,0.000000000000000000e+00,0.000000000000000000e+00,0.000000000000000000e+00,5.662030085657107081e-01,0.000000000000000000e+00,0.000000000000000000e+00,0.000000000000000000e+00,5.589965670422786248e-01,5.514922799148951338e-01,5.444009823717461671e-01,0.000000000000000000e+00,5.608295761091177667e-01
4.479584667149463240e-01,4.164966744413665101e-01,3.638314957527298832e-01,0.000000000000000000e+00,3.927046488765120191e-01,0.000000000000000000e+00,4.329227754633471759e-01,4.393331117945801778e-01,3.651015169855084119e-01,4.900895421386772255e-01,4.031638169896771262e-01,4.686049860610028150e-01,4.045777649392026110e-01,0.000000000000000000e+00,4.262200209587073130e-01,4.490386274875148853e-01,4.993787983259498908e-01,4.572442318551011020e-01,3.887981269103943927e-01,4.107022568225078274e-01,4.230883199518908899e-01,4.196056752806988088e-01,3.994953442286466871e-01,4.895328125116873985e-01,4.358240182745474756e-01,4.478446108244090729e-01,3.751166932876470739e-01,4.138103866812234966e-01,3.330689414157664840e-01,4.714567134001800830e-01,4.786667295465192873e-01,4.289866804046427728e-01,3.993524439032571927e-01,4.937592289079444918e-01,4.929517947247871179e-01,4.837268808682879118e-01,4.935986152961610030e-01,0.000000000000000000e+00,5.291778669484697994e-01,0.000000000000000000e+00,5.550033830077999442e-01,5.493712820943253972e-01,5.521810845517701738e-01,0.000000000000000000e+00,0.000000000000000000e+00,0.000000000000000000e+00,4.728311888194082213e-01,5.996975076933556137e-01,0.000000000000000000e+00,5.576821164664508279e-01,5.693038999361347274e-01,5.790432591145995289e-01,5.437984376806378473e-01,5.893232765579745625e-01,5.428054441404244201e-01,5.698010954698274899e-01,0.000000000000000000e+00,5.573206642648598219e-01,0.000000000000000000e+00,4.934633451090483236e-01,4.638972982551496926e-01,0.000000000000000000e+00,0.000000000000000000e+00,6.001593593413229177e-01,5.132869350750897119e-01,4.792646263538415941e-01,4.823401865948749867e-01,5.663036935114869053e-01,0.000000000000000000e+00,4.588138487752437267e-01,4.855493844684697913e-01,5.492509472322283370e-01,5.652380804882952692e-01,5.428854119074522089e-01,5.620294687400804179e-01,5.580380609306951900e-01
4.682450090650805974e-01,4.535099714159965822e-01,4.573538238616460250e-01,3.472877907030967881e-01,3.713456328879939927e-01,4.329227754633471759e-01,0.000000000000000000e+00,4.937993509968227057e-01,4.244350934500711880e-01,4.485151025596277874e-01,4.630018640387976170e-01,4.179502238553836069e-01,3.370408399514757125e-01,3.815129267034855776e-01,4.672970295269127106e-01,5.149540164221192429e-01,4.565992208753680837e-01,5.026837720426501344e-01,4.795049565400208991e-01,4.755877699886125187e-01,4.714982539275425211e-01,4.785243990944965109e-01,4.548112033093413276e-01,4.212553577439792085e-01,4.743843875982882152e-01,4.538166673433470799e-01,4.468323332383213886e-01,3.796711489345688806e-01,4.622754432640064914e-01,4.843761364186189855e-01,4.529358607832896788e-01,4.597860834763127791e-01,4.333697643391726806e-01,4.596354996471069820e-01,4.522218317769888807e-01,4.248439079373180216e-01,4.417356781159136880e-01,4.027074499388659246e-01,5.126358457261122048e-01,0.000000000000000000e+00,5.742144359120008312e-01,5.902899923526241377e-01,5.362411503441941729e-01,0.000000000000000000e+00,0.000000000000000000e+00,0.000000000000000000e+00,4.855709487631281740e-01,5.957692098487640253e-01,0.000000000000000000e+00,5.805017047864214907e-01,5.768423006278522447e-01,5.856603397926370969e-01,5.556019010766636290e-01,5.898847455000225670e-01,0.000000000000000000e+00,5.209047220825800961e-01,0.000000000000000000e+00,5.760928524798565320e-01,5.502996663390536947e-01,5.122586035229380608e-01,0.000000000000000000e+00,0.000000000000000000e+00,0.000000000000000000e+00,5.758891461375553744e-01,5.331672383401513393e-01,0.000000000000000000e+00,5.091603476542986284e-01,5.791657214277398102e-01,0.000000000000000000e+00,0.000000000000000000e+00,4.865757446348845106e-01,5.623540150293174777e-01,5.735314423850419452e-01,5.633319086909610585e-01,5.809406303581718944e-01,5.705944587151710046e-01
5.361784706154816282e-01,5.010163641863977224e-01,4.420978881092800239e-01,4.350140788965258243e-01,4.188739859129214094e-01,4.393331117945801778e-01,4.937993509968227057e-01,0.000000000000000000e+00,4.637493815034234856e-01,5.088686702101522519e-01,3.898348117922932898e-01,4.959871301116198228e-01,4.913580974389907818e-01,4.110685012166793162e-01,4.353547191646964243e-01,4.937376010940223159e-01,0.000000000000000000e+00,5.226416908864645050e-01,4.332439273363082877e-01,4.441294395594517774e-01,4.300114570217111187e-01,4.794475610447678227e-01,3.677536863462655958e-01,5.391763209570649140e-01,5.194522206354015292e-01,5.118525767848806085e-01,4.423197222279067198e-01,4.876928249407309068e-01,4.401011405444680835e-01,4.850180419399008902e-01,4.898309013614214891e-01,4.318004389586124758e-01,4.292632855502919731e-01,5.167316639642511866e-01,5.279701793312038260e-01,4.089659277892990774e-01,4.612816686458324211e-01,0.000000000000000000e+00,5.189325626375108635e-01,0.000000000000000000e+00,5.470408319045710899e-01,5.757204124444521565e-01,5.300048330349540482e-01,0.000000000000000000e+00,0.000000000000000000e+00,0.000000000000000000e+00,4.945223964202966060e-01,6.032446102281320277e-01,0.000000000000000000e+00,6.312768347742940822e-01,5.356562620377108841e-01,5.567393951087138415e-01,5.099761141727807701e-01,5.891472727841635670e-01,0.000000000000000000e+00,5.791777912132004547e-01,0.000000000000000000e+00,5.265823186843134884e-01,0.000000000000000000e+00,5.296889792280214948e-01,0.000000000000000000e+00,0.000000000000000000e+00,0.000000000000000000e+00,6.015955743601187899e-01,5.055527822093462964e-01,5.054291691345644821e-01,5.048416781793223507e-01,5.349378960115325210e-01,0.000000000000000000e+00,0.000000000000000000e+00,5.366312569605903304e-01,5.080076120162517750e-01,5.312951932544195399e-01,5.173187950864295281e-01,5.410274379964002955e-01,5.222632219000201692e-01
4.577456501175213854e-01,4.041149191923399941e-01,3.162917204554608896e-01,4.701265772447318914e-01,3.413425028041864873e-01,3.651015169855084119e-01,4.244350934500711880e-01,4.637493815034234856e-01,0.000000000000000000e+00,5.115613975796403645e-01,3.083612137904579997e-01,4.674352921218741241e-01,4.447116157998092789e-01,3.856739892979674234e-01,4.128245073666085840e-01,4.484260209098557270e-01,4.997882186049760755e-01,4.965630577502028742e-01,2.848706781827161083e-01,4.084434084108299889e-01,4.166826258804741112e-01,4.168424720084326074e-01,4.015557279124418733e-01,4.874252535145665033e-01,4.880284005078597276e-01,4.279342819521773089e-01,3.528176215386191195e-01,5.000118239982557222e-01,4.078352482263428169e-01,4.981950026241653839e-01,5.141520337309640754e-01,4.724422535279347857e-01,4.545903321975516831e-01,5.163847584276120006e-01,5.096771210618868952e-01,4.707624885848066820e-01,5.117324790898668541e-01,4.834480525381916749e-01,5.058744098494514230e-01,0.000000000000000000e+00,5.295455056719323705e-01,0.000000000000000000e+00,5.424026555083700796e-01,0.000000000000000000e+00,0.000000000000000000e+00,0.000000000000000000e+00,4.582217416336584748e-01,5.975451112555111299e-01,0.000000000000000000e+00,5.789800951827925868e-01,5.771700481352248779e-01,5.824978813800745225e-01,5.696713259539102348e-01,5.899060451194192423e-01,5.540806595268567003e-01,5.459949532535863792e-01,0.000000000000000000e+00,5.723903111592106852e-01,5.402107348610324378e-01,4.991477158169841943e-01,0.000000000000000000e+00,0.000000000000000000e+00,0.000000000000000000e+00,5.886820118729759743e-01,4.965618939696218037e-01,0.000000000000000000e+00,4.766222685386298785e-01,5.871290239696053126e-01,0.000000000000000000e+00,0.000000000000000000e+00,4.712496347115793238e-01,5.766631567569018291e-01,5.709454444601008705e-01,5.405501317660328375e-01,0.000000000000000000e+00,5.685460679454341637e-01
4.128389279841029880e-01,3.932548222678796113e-01,4.945610634514555071e-01,2.357615481719619044e-01,4.684490047615795794e-01,4.900895421386772255e-01,4.485151025596277874e-01,5.088686702101522519e-01,5.115613975796403645e-01,0.000000000000000000e+00,4.962816036166912137e-01,2.850744879858834735e-01,4.482481116349225081e-01,2.380700320804932102e-01,4.579182469034032144e-01,4.222662924040931909e-01,3.479794790620789890e-01,3.850936878567272070e-01,4.991368230268136141e-01,4.609560703385401914e-01,4.666394712986666748e-01,4.078424222337375116e-01,4.876664480877748731e-01,3.354028024063884783e-01,3.181710641645862925e-01,3.223216173592263756e-01,4.829285799587325068e-01,4.319907418842168223e-01,4.679785604077971728e-01,4.394080653607170261e-01,3.726272784744060207e-01,3.501990337151046906e-01,3.139693929584577159e-01,3.479860953522654898e-01,3.276072946770832162e-01,3.429450857839886901e-01,3.318737204505227134e-01,2.937450092313351191e-01,3.024886673836836848e-01,3.536973209553478936e-01,3.395426416042142126e-01,0.000000000000000000e+00,3.303754221595838203e-01,0.000000000000000000e+00,2.913600166832951976e-01,0.000000000000000000e+00,4.536150039384125865e-01,5.735027013498225079e-01,0.000000000000000000e+00,0.000000000000000000e+00,5.648951551456974363e-01,5.884676400696353671e-01,0.000000000000000000e+00,0.000000000000000000e+00,4.348516082060536192e-01,0.000000000000000000e+00,4.489933210478606052e-01,0.000000000000000000e+00,0.000000000000000000e+00,0.000000000000000000e+00,4.486306753608593767e-01,4.618983298315457731e-01,4.596565323704531192e-01,0.000000000000000000e+00,0.000000000000000000e+00,0.000000000000000000e+00,5.001360250947162189e-01,5.611377624648864471e-01,4.233829132655773098e-01,4.532991979222740220e-01,4.560305029367853757e-01,5.516976317338918578e-01,5.685786417278221316e-01,5.518594446345260751e-01,0.000000000000000000e+00,4.405556591873263095e-01
0.000000000000000000e+00,0.000000000000000000e+00,3.059815574669865756e-01,4.094084474019478725e-01,3.541724099407544957e-01,4.031638169896771262e-01,4.630018640387976170e-01,3.898348117922932898e-01,3.083612137904579997e-01,4.962816036166912137e-01,0.000000000000000000e+00,4.639389051001953090e-01,4.832437212003805049e-01,3.455927438397817797e-01,0.000000000000000000e+00,0.000000000000000000e+00,4.932839772575853821e-01,0.000000000000000000e+00,2.692081854516905071e-01,0.000000000000000000e+00,0.000000000000000000e+00,0.000000000000000000e+00,3.109280399885304136e-01,4.811036916580722078e-01,0.000000000000000000e+00,0.000000000000000000e+00,3.595166810417725900e-01,4.788286041708625929e-01,0.000000000000000000e+00,0.000000000000000000e+00,4.914190511392039773e-01,4.139103157560357071e-01,4.769223167152761844e-01,4.886914638082894835e-01,4.903794511733214900e-01,3.373959241130833897e-01,4.025664135115267772e-01,4.763665012918605890e-01,4.880139911425361854e-01,0.000000000000000000e+00,0.000000000000000000e+00,0.000000000000000000e+00,5.015139247504306619e-01,0.000000000000000000e+00,0.000000000000000000e+00,0.000000000000000000e+00,0.000000000000000000e+00,3.531411046444873914e-01,0.000000000000000000e+00,4.456996564847536813e-01,5.491037384655215181e-01,5.058474029388536630e-01,5.288004118878021353e-01,4.252807698614319842e-01,0.000000000000000000e+00,3.257843552973702095e-01,0.000000000000000000e+00,5.019209315934830551e-01,0.000000000000000000e+00,0.000000000000000000e+00,0.000000000000000000e+00,0.000000000000000000e+00,0.000000000000000000e+00,2.721622879772325754e-01,0.000000000000000000e+00,0.000000000000000000e+00,0.000000000000000000e+00,5.645743178271687146e-01,0.000000000000000000e+00,0.000000000000000000e+00,0.000000000000000000e+00,5.693724711388723492e-01,5.223813700335744326e-01,0.000000000000000000e+00,0.000000000000000000e+00,0.000000000000000000e+00
4.009646509140376014e-01,3.986129842728682871e-01,4.660747916207617081e-01,0.000000000000000000e+00,4.461717897572136105e-01,4.686049860610028150e-01,4.179502238553836069e-01,4.959871301116198228e-01,4.674352921218741241e-01,2.850744879858834735e-01,4.639389051001953090e-01,0.000000000000000000e+00,4.272556424386869112e-01,3.789664506912230890e-01,4.651910596398129982e-01,4.057580625945266806e-01,3.651012871628669942e-01,3.848799125171206148e-01,4.853785828919340850e-01,4.698004125628651995e-01,4.601378622694224929e-01,4.190126491690934207e-01,4.660041695167372877e-01,2.890126450394733815e-01,3.423410559081523918e-01,3.246780170836989221e-01,4.446608396844575206e-01,4.103957635161856188e-01,4.632676957585545874e-01,4.383015334222787884e-01,3.769143910852367219e-01,2.901004959909425085e-01,3.053330789183874017e-01,3.066708830990185763e-01,3.294681356587048082e-01,3.218046972091215818e-01,3.332383729649077142e-01,2.373416099907861010e-01,2.721347958773194797e-01,3.463909089654627071e-01,3.481401396967065964e-01,4.511904044208054909e-01,3.219132099188518059e-01,0.000000000000000000e+00,2.825421582206366078e-01,0.000000000000000000e+00,4.445251626056547778e-01,0.000000000000000000e+00,0.000000000000000000e+00,0.000000000000000000e+00,4.109758318613608852e-01,0.000000000000000000e+00,0.000000000000000000e+00,0.000000000000000000e+00,4.245395793471037904e-01,0.000000000000000000e+00,3.973950415006208825e-01,0.000000000000000000e+00,0.000000000000000000e+00,0.000000000000000000e+00,4.452713823983259767e-01,4.557376744177374928e-01,4.544470332179971761e-01,0.000000000000000000e+00,3.932048406292362186e-01,0.000000000000000000e+00,3.932827711105347235e-01,3.986182776286307794e-01,4.006865442142862888e-01,4.471080880760333054e-01,4.513005213923760861e-01,5.498076328772174559e-01,4.206240053853215755e-01,4.070378198610610787e-01,0.000000000000000000e+00,4.214901812555809091e-01
4.656636407280939083e-01,4.490893222199279222e-01,4.795836232453735137e-01,3.478771096647806926e-01,4.155962788801184082e-01,4.045777649392026110e-01,3.370408399514757125e-01,4.913580974389907818e-01,4.447116157998092789e-01,4.482481116349225081e-01,4.832437212003805049e-01,4.272556424386869112e-01,0.000000000000000000e+00,3.972328206354862057e-01,4.515760610275211806e-01,5.081755579677152967e-01,4.533845892966573143e-01,4.840289953758084018e-01,4.944648208346003049e-01,4.654437070849947733e-01,4.627070461101633891e-01,4.736315184177319892e-01,4.557881985463972940e-01,4.387704441242071263e-01,4.620382387531778989e-01,4.445822397632054890e-01,4.445687912880101900e-01,3.608054856443351777e-01,4.358351989599383858e-01,4.111096201248928828e-01,4.327661572421356850e-01,4.569037721665091811e-01,4.311441356140439107e-01,4.519991122065403766e-01,4.634168395271803798e-01,4.613471523645770733e-01,4.515988155365900925e-01,4.073754276226109194e-01,4.984439456993828843e-01,4.084697737711552867e-01,5.674927377413875318e-01,4.986160768267162147e-01,5.410445762241906653e-01,0.000000000000000000e+00,0.000000000000000000e+00,0.000000000000000000e+00,4.867471722570331227e-01,5.937637501609811519e-01,0.000000000000000000e+00,5.624035030112007894e-01,5.718919637221667740e-01,5.783456354846845393e-01,5.482559128913824242e-01,5.891398767178592788e-01,4.650361379230518732e-01,5.350922042153150038e-01,4.074549267833414978e-01,5.685210250677339427e-01,0.000000000000000000e+00,5.157346319564447557e-01,4.854513727420532998e-01,0.000000000000000000e+00,0.000000000000000000e+00,5.933409658610893089e-01,5.317052210871757723e-01,5.197338512067180005e-01,5.055767922659316627e-01,5.732704172481691840e-01,0.000000000000000000e+00,4.883003379651720821e-01,4.872745808828288228e-01,5.583506200272008169e-01,5.719633602787835835e-01,5.586802201952184577e-01,5.758536060496406428e-01,5.656782591517179881e-01
0.000000000000000000e+00,0.000000000000000000e+00,3.943315780502926193e-01,3.927115629727173096e-01,3.367414752626983754e-01,0.000000000000000000e+00,3.815129267034855776e-01,4.110685012166793162e-01,3.856739892979674234e-01,2.380700320804932102e-01,3.455927438397817797e-01,3.789664506912230890e-01,3.972328206354862057e-01,0.000000000000000000e+00,0.000000000000000000e+00,0.000000000000000000e+00,0.000000000000000000e+00,0.000000000000000000e+00,3.676092483011139112e-01,0.000000000000000000e+00,0.000000000000000000e+00,0.000000000000000000e+00,3.951975232416580219e-01,0.000000000000000000e+00,0.000000000000000000e+00,0.000000000000000000e+00,4.862313137458150192e-01,3.870230320946119185e-01,5.436210683121158738e-01,0.000000000000000000e+00,4.855834016716861212e-01,3.847439727934410247e-01,0.000000000000000000e+00,4.553572632931385256e-01,4.224040953255402964e-01,2.906259023533884212e-01,2.315657175021254011e-01,0.000000000000000000e+00,4.917414843468089769e-01,0.000000000000000000e+00,0.000000000000000000e+00,0.000000000000000000e+00,5.010699963697347048e-01,0.000000000000000000e+00,0.000000000000000000e+00,0.000000000000000000e+00,0.000000000000000000e+00,5.834829580956873984e-01,0.000000000000000000e+00,0.000000000000000000e+00,5.399886985564543718e-01,0.000000000000000000e+00,5.440745102009464373e-01,5.684841238532465368e-01,0.000000000000000000e+00,5.234484429157800767e-01,0.000000000000000000e+00,0.000000000000000000e+00,0.000000000000000000e+00,0.000000000000000000e+00,0.000000000000000000e+00,0.000000000000000000e+00,0.000000000000000000e+00,5.550038607288794168e-01,0.000000000000000000e+00,0.000000000000000000e+00,0.000000000000000000e+00,5.790016110929175897e-01,3.207442462444304865e-01,0.000000000000000000e+00,0.000000000000000000e+00,5.615962526779845199e-01,5.465213084281549394e-01,0.000000000000000000e+00,0.000000000000000000e+00,0.000000000000000000e+00
4.250089236196831211e-01,4.652247624687347871e-01,0.000000000000000000e+00,0.000000000000000000e+00,0.000000000000000000e+00,4.262200209587073130e-01,4.672970295269127106e-01,4.353547191646964243e-01,4.128245073666085840e-01,4.579182469034032144e-01,0.000000000000000000e+00,4.651910596398129982e-01,4.515760610275211806e-01,0.000000000000000000e+00,0.000000000000000000e+00,4.581471329492535771e-01,4.377813733348094871e-01,4.467359716015972260e-01,0.000000000000000000e+00,3.514066370234866787e-01,4.258157897904675249e-01,4.074855034898066108e-01,3.775570802904302803e-01,4.813721336908095005e-01,4.430792574951413210e-01,4.520809586077778053e-01,3.839171741003192251e-01,4.438623423331981011e-01,4.228511397672611860e-01,4.627369126614396810e-01,4.548097000168607185e-01,4.658255140402526862e-01,4.131239000261555105e-01,4.768158186911751195e-01,5.100795022768304099e-01,5.265507452948793299e-01,4.817339777946472168e-01,0.000000000000000000e+00,5.201856826168504977e-01,4.964882570751859014e-01,5.172816143807292821e-01,5.510935203192410814e-01,4.484933583674887148e-01,0.000000000000000000e+00,0.000000000000000000e+00,4.952714153383765971e-01,5.130856360986332243e-01,0.000000000000000000e+00,0.000000000000000000e+00,0.000000000000000000e+00,4.790724954121822199e-01,5.351238699298558332e-01,5.491102929575637503e-01,0.000000000000000000e+00,0.000000000000000000e+00,0.000000000000000000e+00,0.000000000000000000e+00,5.138313307581845457e-01,0.000000000000000000e+00,5.392128104076364670e-01,4.910741579518306810e-01,0.000000000000000000e+00,4.629257188800395828e-01,0.000000000000000000e+00,5.168366537142200512e-01,5.167123337160908214e-01,5.244114774060111284e-01,5.186568830743524261e-01,0.000000000000000000e+00,4.726627205500528728e-01,5.414459913768018273e-01,5.207764312520224426e-01,5.210429110234306993e-01,5.201817429499726586e-01,0.000000000000000000e+00,5.060781484982843637e-01
4.228850366792801796e-01,4.389746477173385730e-01,0.000000000000000000e+00,0.000000000000000000e+00,0.000000000000000000e+00,4.490386274875148853e-01,5.149540164221192429e-01,4.937376010940223159e-01,4.484260209098557270e-01,4.222662924040931909e-01,0.000000000000000000e+00,4.057580625945266806e-01,5.081755579677152967e-01,0.000000000000000000e+00,4.581471329492535771e-01,0.000000000000000000e+00,4.333338224798635729e-01,4.009996454475853178e-01,0.000000000000000000e+00,4.711553300321423277e-01,4.430752974233481134e-01,4.323825807785168229e-01,4.682363139549650111e-01,4.015961685696897154e-01,4.146282976686563870e-01,4.358457777317734094e-01,4.750511851960733112e-01,5.000468155255175517e-01,4.913355194554305250e-01,0.000000000000000000e+00,4.003650773592892231e-01,4.788089175445430223e-01,4.128366797402975852e-01,4.189700110975884129e-01,4.813170969556965773e-01,3.978493198033860034e-01,0.000000000000000000e+00,0.000000000000000000e+00,4.660323332993934198e-01,4.605286189786825246e-01,4.617157623028335101e-01,4.625294961905975222e-01,0.000000000000000000e+00,0.000000000000000000e+00,0.000000000000000000e+00,4.773116123936839150e-01,4.815550937314934110e-01,0.000000000000000000e+00,0.000000000000000000e+00,0.000000000000000000e+00,4.379896380910713871e-01,0.000000000000000000e+00,4.798690869101187029e-01,0.000000000000000000e+00,4.754386130149124146e-01,0.000000000000000000e+00,4.689312200193708202e-01,4.542457717080106150e-01,0.000000000000000000e+00,4.991776944698492202e-01,4.720973247065424760e-01,4.835746914476958813e-01,4.758736318375315077e-01,0.000000000000000000e+00,5.045733677545352069e-01,4.831021701985632744e-01,4.814616596179968067e-01,4.826866887492721192e-01,4.569439950801941763e-01,4.749015538364680933e-01,4.811877627803056723e-01,5.081876139698096040e-01,5.338939147262149465e-01,5.103868027980857924e-01,0.000000000000000000e+00,4.594707592935602936e-01
4.280198175855154941e-01,4.193593009552977202e-01,0.000000000000000000e+00,0.000000000000000000e+00,0.000000000000000000e+00,4.993787983259498908e-01,4.565992208753680837e-01,0.000000000000000000e+00,4.997882186049760755e-01,3.479794790620789890e-01,4.932839772575853821e-01,3.651012871628669942e-01,4.533845892966573143e-01,0.000000000000000000e+00,4.377813733348094871e-01,4.333338224798635729e-01,0.000000000000000000e+00,3.777816503209104892e-01,5.094634010133098911e-01,4.559984665959421757e-01,4.783873569590734731e-01,4.103940883808914752e-01,4.981862018983895246e-01,3.921014390964924212e-01,3.276512320379310061e-01,3.748773870480601733e-01,4.955013100311551066e-01,4.459989309584582728e-01,4.792260146111276264e-01,0.000000000000000000e+00,4.001132601916080889e-01,4.444798855666908799e-01,3.679280288652346242e-01,3.907236802540615117e-01,4.070868143584263077e-01,4.680793614404564207e-01,0.000000000000000000e+00,3.671173279829031966e-01,3.992021657072957752e-01,4.490772213662336254e-01,4.725900779303339183e-01,0.000000000000000000e+00,0.000000000000000000e+00,0.000000000000000000e+00,0.000000000000000000e+00,5.362050384283399973e-01,4.627472133915864205e-01,0.000000000000000000e+00,0.000000000000000000e+00,0.000000000000000000e+00,0.000000000000000000e+00,0.000000000000000000e+00,0.000000000000000000e+00,0.000000000000000000e+00,4.902559316917320942e-01,0.000000000000000000e+00,4.929111600552126826e-01,0.000000000000000000e+00,0.000000000000000000e+00,0.000000000000000000e+00,4.732023050789089802e-01,4.936350433746476973e-01,4.926318369991166124e-01,0.000000000000000000e+00,0.000000000000000000e+00,0.000000000000000000e+00,0.000000000000000000e+00,0.000000000000000000e+00,4.641612688762443151e-01,4.873728772438771228e-01,4.929041541056625730e-01,0.000000000000000000e+00,0.000000000000000000e+00,0.000000000000000000e+00,0.000000000000000000e+00,4.899275236662193889e-01
4.205035912401594023e-01,4.282651866000363183e-01,4.936295058367330957e-01,0.000000000000000000e+00,0.000000000000000000e+00,4.572442318551011020e-01,5.026837720426501344e-01,5.226416908864645050e-01,4.965630577502028742e-01,3.850936878567272070e-01,0.000000000000000000e+00,3.848799125171206148e-01,4.840289953758084018e-01,0.000000000000000000e+00,4.467359716015972260e-01,4.009996454475853178e-01,3.777816503209104892e-01,0.000000000000000000e+00,0.000000000000000000e+00,4.673653465843843891e-01,4.723348493510240997e-01,4.366068515328306865e-01,4.792211768534935246e-01,4.004432113697813933e-01,3.647185227219503778e-01,4.000352300986367848e-01,4.696724127359043766e-01,4.680682170656472185e-01,4.884475219207430885e-01,0.000000000000000000e+00,4.095070443443081243e-01,4.553898470559135103e-01,3.904680315650319034e-01,4.134960449918868020e-01,4.448338011968840933e-01,4.026993431289314085e-01,0.000000000000000000e+00,3.741689985704231836e-01,4.626111947150364778e-01,4.735184691190484907e-01,4.720405765390465747e-01,4.735706484351744905e-01,0.000000000000000000e+00,0.000000000000000000e+00,0.000000000000000000e+00,4.746793708566133252e-01,4.743376757647588260e-01,0.000000000000000000e+00,0.000000000000000000e+00,0.000000000000000000e+00,4.718700210338470091e-01,0.000000000000000000e+00,5.119863863500906387e-01,0.000000000000000000e+00,4.942939415120595203e-01,0.000000000000000000e+00,4.944406181885575013e-01,4.682331192956670773e-01,0.000000000000000000e+00,4.805979045480764933e-01,4.757180461601149823e-01,4.994159896575248170e-01,4.955245734741368091e-01,0.000000000000000000e+00,4.865000433506170840e-01,4.901620112084221215e-01,4.757623791501630062e-01,4.801331385734343149e-01,4.723524968371747845e-01,4.871567259473533751e-01,4.826809684290230273e-01,4.795911969499018768e-01,0.000000000000000000e+00,4.812457421258782841e-01,0.000000000000000000e+00,4.808850686237989835e-01
0.000000000000000000e+00,0.000000000000000000e+00,2.543508537989189189e-01,0.000000000000000000e+00,3.799358238629996776e-01,3.887981269103943927e-01,4.795049565400208991e-01,4.332439273363082877e-01,2.848706781827161083e-01,4.991368230268136141e-01,2.692081854516905071e-01,4.853785828919340850e-01,4.944648208346003049e-01,3.676092483011139112e-01,0.000000000000000000e+00,0.000000000000000000e+00,5.094634010133098911e-01,0.000000000000000000e+00,0.000000000000000000e+00,0.000000000000000000e+00,0.000000000000000000e+00,0.000000000000000000e+00,2.865248989668416901e-01,4.860731999717882723e-01,0.000000000000000000e+00,4.745885396747681062e-01,3.254698195313128761e-01,4.987587656141945214e-01,0.000000000000000000e+00,4.931358462128997977e-01,5.139901270925038013e-01,4.506980849246344234e-01,4.776429670700925167e-01,5.063841871404064499e-01,4.962231238819274082e-01,4.485127186496288276e-01,4.889099676238428116e-01,4.692662940929233084e-01,5.218264034979350763e-01,0.000000000000000000e+00,5.656368428544190641e-01,0.000000000000000000e+00,5.239460622470462070e-01,0.000000000000000000e+00,0.000000000000000000e+00,0.000000000000000000e+00,0.000000000000000000e+00,5.741780910083557066e-01,0.000000000000000000e+00,5.814142260180625854e-01,5.700942421267445326e-01,5.772785718178096159e-01,5.534575171208528932e-01,5.766541523751855802e-01,0.000000000000000000e+00,4.130920622717162982e-01,0.000000000000000000e+00,5.670826400184170168e-01,0.000000000000000000e+00,0.000000000000000000e+00,0.000000000000000000e+00,0.000000000000000000e+00,0.000000000000000000e+00,5.734772318305773053e-01,0.000000000000000000e+00,0.000000000000000000e+00,0.000000000000000000e+00,5.799482494184946546e-01,0.000000000000000000e+00,0.000000000000000000e+00,0.000000000000000000e+00,5.685915953921492072e-01,5.639126881929060753e-01,5.354154326345208492e-01,0.000000000000000000e+00,5.708430334012157825e-01
4.590303794072966848e-01,4.591539161817305148e-01,0.000000000000000000e+00,0.000000000000000000e+00,4.314240272337053206e-01,4.107022568225078274e-01,4.755877699886125187e-01,4.441294395594517774e-01,4.084434084108299889e-01,4.609560703385401914e-01,0.000000000000000000e+00,4.698004125628651995e-01,4.654437070849947733e-01,0.000000000000000000e+00,3.514066370234866787e-01,4.711553300321423277e-01,4.559984665959421757e-01,4.673653465843843891e-01,0.000000000000000000e+00,0.000000000000000000e+00,4.455481585239252085e-01,4.166114606316062008e-01,3.001840829726289961e-01,4.686499418593524924e-01,4.474268536490417780e-01,4.695373198232637990e-01,3.626208197541042066e-01,4.044755391717995141e-01,3.900070296981401063e-01,2.721480020238685738e-01,4.322358849982216866e-01,4.621091645515120194e-01,4.089964001658549231e-01,4.680825841733340931e-01,5.076036581987717344e-01,5.342498924834910845e-01,4.868483436817062082e-01,0.000000000000000000e+00,5.225773091492933453e-01,4.822180144673499091e-01,5.180666436527761043e-01,5.415452844789715448e-01,4.424889247030500128e-01,0.000000000000000000e+00,0.000000000000000000e+00,0.000000000000000000e+00,4.832803211884333927e-01,0.000000000000000000e+00,0.000000000000000000e+00,0.000000000000000000e+00,4.884454157984988165e-01,5.158776299435757773e-01,5.398505713621686297e-01,5.006502482430720269e-01,0.000000000000000000e+00,0.000000000000000000e+00,0.000000000000000000e+00,5.137617017364641825e-01,0.000000000000000000e+00,5.193252578680143117e-01,4.735404144307152063e-01,0.000000000000000000e+00,4.697432306330361906e-01,0.000000000000000000e+00,5.137843118966449740e-01,4.946707899485883742e-01,5.051796871210201267e-01,5.280588639437785448e-01,0.000000000000000000e+00,4.689426568292470177e-01,5.040845022411453158e-01,5.230286260530350173e-01,5.370837679211714066e-01,5.232977467382401437e-01,5.378002795153103976e-01,5.189070130974954287e-01
4.372688202217224207e-01,4.315148736307362065e-01,4.472471913110048214e-01,0.000000000000000000e+00,0.000000000000000000e+00,4.230883199518908899e-01,4.714982539275425211e-01,4.300114570217111187e-01,4.166826258804741112e-01,4.666394712986666748e-01,0.000000000000000000e+00,4.601378622694224929e-01,4.627070461101633891e-01,0.000000000000000000e+00,4.258157897904675249e-01,4.430752974233481134e-01,4.783873569590734731e-01,4.723348493510240997e-01,0.000000000000000000e+00,4.455481585239252085e-01,0.000000000000000000e+00,4.604305556840305180e-01,4.057003150379510092e-01,5.084248097562015234e-01,4.645446914184859777e-01,4.314644335392002206e-01,4.246160926020762227e-01,4.756429849086993844e-01,4.474516203726672248e-01,4.724552636112817061e-01,4.537497584541895779e-01,4.561193908044134937e-01,3.579141985801576054e-01,4.690759494908289251e-01,5.076555983319034349e-01,5.414954584208268029e-01,0.000000000000000000e+00,0.000000000000000000e+00,5.040314395157068361e-01,0.000000000000000000e+00,5.104653280573616669e-01,0.000000000000000000e+00,0.000000000000000000e+00,0.000000000000000000e+00,0.000000000000000000e+00,4.432676857680766247e-01,4.851683309479021822e-01,0.000000000000000000e+00,0.000000000000000000e+00,0.000000000000000000e+00,0.000000000000000000e+00,0.000000000000000000e+00,5.486105786875984380e-01,0.000000000000000000e+00,0.000000000000000000e+00,0.000000000000000000e+00,0.000000000000000000e+00,0.000000000000000000e+00,0.000000000000000000e+00,5.142493890421465652e-01,4.832401829345380762e-01,0.000000000000000000e+00,4.889273730961973818e-01,0.000000000000000000e+00,4.944768056219350227e-01,4.164308051489529761e-01,4.984802773443666180e-01,5.161653031720583318e-01,0.000000000000000000e+00,4.662704743318242806e-01,5.110058840473261643e-01,5.036674275054421335e-01,5.253950979794063114e-01,5.160670950912548127e-01,0.000000000000000000e+00,4.970302176750067136e-01
