0.000000000000000000e+00,4.044990816064785166e-01,0.000000000000000000e+00,0.000000000000000000e+00,0.000000000000000000e+00,4.369020659004105855e-01,4.692425200337108082e-01,4.976477073720297906e-01,0.000000000000000000e+00,3.846632951024622216e-01,0.000000000000000000e+00,3.526589583952092766e-01,4.509776971206541085e-01,0.000000000000000000e+00,4.296976440484259752e-01,4.133150496601767920e-01,3.758422472344373211e-01,3.828749281218515876e-01,0.000000000000000000e+00,4.545830648688001796e-01,4.542724638870466181e-01,4.342066238613300766e-01,4.815585352482156245e-01,3.429011756447067905e-01,3.643098366758030227e-01,3.649462029060884793e-01,4.744763576132666194e-01,4.606033885598431188e-01,4.400577114236586262e-01,0.000000000000000000e+00,3.737835471692597111e-01,4.541369112813973818e-01,3.542543703606407801e-01,3.884115325819892939e-01,4.707485399532687076e-01,0.000000000000000000e+00,0.000000000000000000e+00,4.051398932933806818e-01,4.604139694264172133e-01,4.137988443328675103e-01,4.274128682319818795e-01,4.859212605032949828e-01,0.000000000000000000e+00,0.000000000000000000e+00,0.000000000000000000e+00,3.663295743061982801e-01,4.687193287912557738e-01,0.000000000000000000e+00,0.000000000000000000e+00,0.000000000000000000e+00,4.587706331444721952e-01,0.000000000000000000e+00,0.000000000000000000e+00,0.000000000000000000e+00,4.532511595209757771e-01,0.000000000000000000e+00,4.418360516222449852e-01,4.659003418386156725e-01,0.000000000000000000e+00,5.126877152770124013e-01,4.564102120955835784e-01,4.581059782925041013e-01,4.361422645679227106e-01,0.000000000000000000e+00,4.700661995881835198e-01,4.176840225524726113e-01,4.709312185926229910e-01,4.837939252706249249e-01,5.044479966163635254e-01,4.443962973258731020e-01,4.702843889140642109e-01,4.736970921410955104e-01,0.000000000000000000e+00,4.460405380124016217e-01,0.000000000000000000e+00,4.217046627992133145e-01
4.044990816064785166e-01,0.000000000000000000e+00,0.000000000000000000e+00,0.000000000000000000e+00,0.000000000000000000e+00,4.240938658742945955e-01,4.474504325087593770e-01,4.669118768441283818e-01,3.992160169388325186e-01,3.765075362599287212e-01,0.000000000000000000e+00,0.000000000000000000e+00,4.507339613472425843e-01,0.000000000000000000e+00,4.597722636520952255e-01,4.224026321128053207e-01,3.933224577925295007e-01,3.993813014611128920e-01,0.000000000000000000e+00,4.482431230064748973e-01,4.337651107644077131e-01,4.295647666707800849e-01,4.679988631998895920e-01,3.681764835883900022e-01,3.874392890621590757e-01,4.055811261324954731e-01,4.448026547288834176e-01,4.502372149805997092e-01,4.350920863670201255e-01,0.000000000000000000e+00,3.871106914189401116e-01,4.499380330349663226e-01,3.466342199703876803e-01,3.971222288354441798e-01,4.547773399937882766e-01,0.000000000000000000e+00,0.000000000000000000e+00,0.000000000000000000e+00,4.744607208710507895e-01,4.440971645210907148e-01,4.479559242359840154e-01,4.959920986674659082e-01,5.293426513671875000e-01,0.000000000000000000e+00,0.000000000000000000e+00,4.590153165311943728e-01,4.788777690766253259e-01,4.618967505567931897e-01,0.000000000000000000e+00,0.000000000000000000e+00,4.689794604850985871e-01,4.746370539708769098e-01,5.014029950867178176e-01,0.000000000000000000e+00,0.000000000000000000e+00,0.000000000000000000e+00,0.000000000000000000e+00,4.669919353326807965e-01,0.000000000000000000e+00,5.152645065858606488e-01,4.621013013698698768e-01,0.000000000000000000e+00,4.167339159272874793e-01,0.000000000000000000e+00,4.752795179344582177e-01,4.873732912385423943e-01,4.787970064751463917e-01,4.895181226168948130e-01,4.347196786488689013e-01,4.475829119866959194e-01,4.930446488553282824e-01,4.783754939072161760e-01,4.614818050747970801e-01,4.681725129920459860e-01,0.000000000000000000e+00,4.392097819332954067e-01
0.000000000000000000e+00,0.000000000000000000e+00,0.000000000000000000e+00,4.472192972173478220e-01,4.132639193826648794e-01,3.882091943529127898e-01,4.638195304051797030e-01,4.732455118264952132e-01,3.163007814472926782e-01,4.882105690485789018e-01,3.543574515342434172e-01,4.721828024395364753e-01,4.796443542370685265e-01,4.641595332674173791e-01,0.000000000000000000e+00,0.000000000000000000e+00,0.000000000000000000e+00,0.000000000000000000e+00,3.203725466953594170e-01,4.158384315999790193e-01,0.000000000000000000e+00,4.514526378362248016e-01,3.765985925140353796e-01,4.645366082122555085e-01,0.000000000000000000e+00,4.592716097620371252e-01,3.550999896525829924e-01,4.792659893734274035e-01,4.348100342873026936e-01,4.628314300840972728e-01,5.023479900061963432e-01,4.605927024256302738e-01,4.390650064269279729e-01,4.994735452626771766e-01,5.071762470772872566e-01,4.631939302235412725e-01,4.947827522847607074e-01,0.000000000000000000e+00,4.529691676981685844e-01,4.192545384908957784e-01,5.318242313465711968e-01,4.914810359477996826e-01,5.322385651648107174e-01,0.000000000000000000e+00,0.000000000000000000e+00,0.000000000000000000e+00,0.000000000000000000e+00,4.321789936306287272e-01,0.000000000000000000e+00,5.564850960800661328e-01,5.740558067418733978e-01,5.686696734993861302e-01,5.456108770036890432e-01,5.529964486961655989e-01,0.000000000000000000e+00,5.105064896920207262e-01,0.000000000000000000e+00,5.369024078102710984e-01,5.308917406525895943e-01,0.000000000000000000e+00,0.000000000000000000e+00,0.000000000000000000e+00,0.000000000000000000e+00,4.264176898215196743e-01,0.000000000000000000e+00,0.000000000000000000e+00,4.838268200382760953e-01,5.414076670490953758e-01,0.000000000000000000e+00,0.000000000000000000e+00,4.792106226275911207e-01,5.438304425555168242e-01,5.255121470150110330e-01,5.275225692295920643e-01,0.000000000000000000e+00,5.630888920520160656e-01
0.000000000000000000e+00,0.000000000000000000e+00,4.472192972173478220e-01,0.000000000000000000e+00,2.867279810376308080e-01,0.000000000000000000e+00,3.033754994131266924e-01,4.515135386739890233e-01,4.817476274850973073e-01,0.000000000000000000e+00,3.962607278913310993e-01,0.000000000000000000e+00,3.674790484108207966e-01,3.506015583733397833e-01,0.000000000000000000e+00,0.000000000000000000e+00,0.000000000000000000e+00,0.000000000000000000e+00,0.000000000000000000e+00,0.000000000000000000e+00,0.000000000000000000e+00,0.000000000000000000e+00,4.468444053894389256e-01,0.000000000000000000e+00,0.000000000000000000e+00,0.000000000000000000e+00,4.776107848579355108e-01,3.399901990191163126e-01,0.000000000000000000e+00,0.000000000000000000e+00,3.757172836230949220e-01,3.784479608828879016e-01,0.000000000000000000e+00,4.082303076072761883e-01,0.000000000000000000e+00,2.700339534509831885e-01,2.110025376444147893e-01,0.000000000000000000e+00,0.000000000000000000e+00,0.000000000000000000e+00,0.000000000000000000e+00,0.000000000000000000e+00,0.000000000000000000e+00,0.000000000000000000e+00,0.000000000000000000e+00,0.000000000000000000e+00,0.000000000000000000e+00,0.000000000000000000e+00,0.000000000000000000e+00,0.000000000000000000e+00,0.000000000000000000e+00,0.000000000000000000e+00,0.000000000000000000e+00,0.000000000000000000e+00,0.000000000000000000e+00,0.000000000000000000e+00,0.000000000000000000e+00,0.000000000000000000e+00,0.000000000000000000e+00,0.000000000000000000e+00,0.000000000000000000e+00,0.000000000000000000e+00,0.000000000000000000e+00,0.000000000000000000e+00,0.000000000000000000e+00,0.000000000000000000e+00,0.000000000000000000e+00,0.000000000000000000e+00,0.000000000000000000e+00,0.000000000000000000e+00,0.000000000000000000e+00,0.000000000000000000e+00,0.000000000000000000e+00,0.000000000000000000e+00,0.000000000000000000e+00,0.000000000000000000e+00
0.000000000000000000e+00,0.000000000000000000e+00,4.132639193826648794e-01,2.867279810376308080e-01,0.000000000000000000e+00,3.934259938002959145e-01,3.539094727247162897e-01,4.571782530515978160e-01,3.422246912471025859e-01,4.757484523756054795e-01,3.570526355466371871e-01,4.324585390368144155e-01,4.263682437263707214e-01,3.367967374819381132e-01,0.000000000000000000e+00,0.000000000000000000e+00,0.000000000000000000e+00,0.000000000000000000e+00,3.935272324329955884e-01,0.000000000000000000e+00,0.000000000000000000e+00,4.691924001260406873e-01,4.423882517854662022e-01,4.152290229731787075e-01,0.000000000000000000e+00,4.492636697344440933e-01,4.055271929819632137e-01,4.229602897719471066e-01,4.440457720005862030e-01,0.000000000000000000e+00,4.967713588919587808e-01,4.448953421556252064e-01,4.297487977301642226e-01,4.834510007361236816e-01,4.697598382103119752e-01,3.165708222249660753e-01,3.213731854784088182e-01,3.997416137894634902e-01,3.941885099839139150e-01,0.000000000000000000e+00,5.450941372000540630e-01,0.000000000000000000e+00,4.489751869664023731e-01,0.000000000000000000e+00,0.000000000000000000e+00,0.000000000000000000e+00,0.000000000000000000e+00,5.610438175114924597e-01,0.000000000000000000e+00,5.605972750783490000e-01,5.580188892618924701e-01,5.631179415546597733e-01,5.093111483046706134e-01,5.485440557430297792e-01,0.000000000000000000e+00,4.708584293712724245e-01,0.000000000000000000e+00,5.607834786247397618e-01,4.414266837875668870e-01,0.000000000000000000e+00,0.000000000000000000e+00,0.000000000000000000e+00,0.000000000000000000e+00,5.430032334942093142e-01,0.000000000000000000e+00,0.000000000000000000e+00,4.598604215201245737e-01,5.491590848963336935e-01,0.000000000000000000e+00,0.000000000000000000e+00,4.641584917578800984e-01,5.492745132856692303e-01,5.532125859334985352e-01,5.250366553382156409e-01,0.000000000000000000e+00,5.583002984331087992e-01
4.369020659004105855e-01,4.240938658742945955e-01,3.882091943529127898e-01,0.000000000000000000e+00,3.934259938002959145e-01,0.000000000000000000e+00,4.236385209353927817e-01,4.185368693815719743e-01,3.426781031971318781e-01,4.694660434278947192e-01,4.220644881763260803e-01,4.610509272091978805e-01,3.875402969566805744e-01,4.472671673043335794e-01,4.605863516475889874e-01,4.644991248151599805e-01,4.648100450532339223e-01,4.444231036405926760e-01,3.949465200517771057e-01,4.243220097725978190e-01,4.359881394533732801e-01,4.472509783145364182e-01,4.020810129953336087e-01,4.217908727597560192e-01,4.280531367444060931e-01,4.454333619489734830e-01,3.616899982962956117e-01,4.073136586865758191e-01,3.567275943063532018e-01,4.367317579618579249e-01,4.594194085101407921e-01,4.297165432584820199e-01,3.755682373398355201e-01,4.620486725032165731e-01,4.782619420054751158e-01,4.841242863383545258e-01,4.819357296062565243e-01,0.000000000000000000e+00,4.731126700190896872e-01,4.079946629529342950e-01,4.827246193750230896e-01,4.942353570498215776e-01,4.999011261177001009e-01,0.000000000000000000e+00,0.000000000000000000e+00,4.321054271698265836e-01,4.394989126232641263e-01,5.654882742218633185e-01,0.000000000000000000e+00,5.547452281088774972e-01,5.356605583220246380e-01,5.471814103672183460e-01,4.880604476251145241e-01,5.523733031687756423e-01,3.776407837867736816e-01,5.412567032087634011e-01,0.000000000000000000e+00,5.426721467886532757e-01,5.260455637312112520e-01,4.879896451355091869e-01,4.403110892578823155e-01,0.000000000000000000e+00,4.253512634084873900e-01,5.561287774822079033e-01,4.986832605955605069e-01,4.803587449966589262e-01,4.556699734753820730e-01,5.312038792887585625e-01,0.000000000000000000e+00,4.379018588488193253e-01,4.639817905478287874e-01,5.293242343228693469e-01,5.334265066938768118e-01,5.138690559881681219e-01,5.259893698186649535e-01,5.035942720726318544e-01
4.692425200337108082e-01,4.474504325087593770e-01,4.638195304051797030e-01,3.033754994131266924e-01,3.539094727247162897e-01,4.236385209353927817e-01,0.000000000000000000e+00,4.756911588269928104e-01,4.352056753331067229e-01,4.242103302876447102e-01,4.758549946280403176e-01,3.953193200074929248e-01,3.511893764865002820e-01,3.470082930723594750e-01,4.603041271430586834e-01,4.844116625086264949e-01,0.000000000000000000e+00,4.628400797851410231e-01,4.760267580571935220e-01,4.592845171988136910e-01,4.736264656141577212e-01,4.722323016408935259e-01,4.681027920595238201e-01,3.875001362658488935e-01,4.568667751547195177e-01,4.528119094000341849e-01,4.546864842733261969e-01,4.136720329966588894e-01,4.554524350693212043e-01,4.548143490388993904e-01,4.263956958079810899e-01,4.712268721824974804e-01,4.069985849650811782e-01,4.421069814086083793e-01,4.491159717724901856e-01,4.050824943524684030e-01,4.017945291851681144e-01,3.734653374835421036e-01,4.945635214455186834e-01,0.000000000000000000e+00,5.387387338828687477e-01,5.133063495938091636e-01,5.134961400847802837e-01,0.000000000000000000e+00,0.000000000000000000e+00,0.000000000000000000e+00,4.518953284390737068e-01,5.772868991852108111e-01,0.000000000000000000e+00,5.675473023849072485e-01,5.576531599328240496e-01,5.680761904928023354e-01,5.151717045750707769e-01,5.625023046901920232e-01,0.000000000000000000e+00,5.342081379949606967e-01,0.000000000000000000e+00,5.556967105934018658e-01,5.006226903378281357e-01,4.867114680730065812e-01,4.577904115635780258e-01,0.000000000000000000e+00,0.000000000000000000e+00,5.701881792313659991e-01,5.060709863191578117e-01,0.000000000000000000e+00,4.573884996661394808e-01,5.514111488155782892e-01,0.000000000000000000e+00,0.000000000000000000e+00,4.662671582234578227e-01,5.484852331689287208e-01,5.515251017009638046e-01,5.357402552858774314e-01,5.340236750176357017e-01,5.473162386307626193e-01
4.976477073720297906e-01,4.669118768441283818e-01,4.732455118264952132e-01,4.515135386739890233e-01,4.571782530515978160e-01,4.185368693815719743e-01,4.756911588269928104e-01,0.000000000000000000e+00,4.698834004845118262e-01,4.818090856207625783e-01,3.703019746798056899e-01,4.551682176083183817e-01,4.774102878303992936e-01,4.574137566048074865e-01,4.593162682116578854e-01,4.728052375376062266e-01,4.750664532184600830e-01,4.602487310405676824e-01,4.280170520996842143e-01,4.451104252101628078e-01,4.192275344594255104e-01,4.585988960574962081e-01,3.740022773693528757e-01,4.816438776633418795e-01,4.537724018086571887e-01,4.671294143467927262e-01,4.455562441771900861e-01,4.650806717611615237e-01,4.245579628272211914e-01,4.566741299097378248e-01,4.856317476403477773e-01,4.477574504217831097e-01,4.517697922497441176e-01,4.983639168597117086e-01,5.076065069401436425e-01,4.132512778654646168e-01,4.308638589400480834e-01,4.981101414691782026e-01,5.027385509485576831e-01,3.895769230018091833e-01,5.216959407814009131e-01,0.000000000000000000e+00,4.847572461499535801e-01,0.000000000000000000e+00,0.000000000000000000e+00,0.000000000000000000e+00,0.000000000000000000e+00,5.661394201402860649e-01,0.000000000000000000e+00,5.315255029744042625e-01,5.167693173427713171e-01,5.283141031798211928e-01,4.142629096453872006e-01,5.603962570582924352e-01,0.000000000000000000e+00,5.071315439396942848e-01,0.000000000000000000e+00,5.191550339412753790e-01,4.763256907463073730e-01,5.348328622798859122e-01,4.840250348367751143e-01,0.000000000000000000e+00,0.000000000000000000e+00,5.625451061306576683e-01,5.309299823422795050e-01,4.820709151518647873e-01,5.293984193983656272e-01,4.991360544571780133e-01,0.000000000000000000e+00,0.000000000000000000e+00,5.044009484288967116e-01,5.110276820988727264e-01,5.139684494924238178e-01,5.039783141548835887e-01,5.010837295810374181e-01,5.275322194671653309e-01
0.000000000000000000e+00,3.992160169388325186e-01,3.163007814472926782e-01,4.817476274850973073e-01,3.422246912471025859e-01,3.426781031971318781e-01,4.352056753331067229e-01,4.698834004845118262e-01,0.000000000000000000e+00,5.066270237289947076e-01,3.031364863532691190e-01,4.730058491084929151e-01,4.431182516123319814e-01,4.526698644016062256e-01,0.000000000000000000e+00,4.509727196373892744e-01,4.925953895502718227e-01,0.000000000000000000e+00,2.899212861817487830e-01,4.204661937319211784e-01,0.000000000000000000e+00,4.416873048554433856e-01,4.171625124138084728e-01,4.628606763176558170e-01,4.643651130676451078e-01,4.344543686363286916e-01,3.417716118965489769e-01,4.876236839463822248e-01,4.078031296705830200e-01,4.622531871240376788e-01,5.113677484129647288e-01,4.695476268071819836e-01,4.786357906728108125e-01,5.026455863348018305e-01,5.045901664025457256e-01,4.889581492240541727e-01,4.974208968549090892e-01,4.616468681062808055e-01,4.456496476250392802e-01,4.060741431069642138e-01,5.347563104872858908e-01,0.000000000000000000e+00,5.228545171102855216e-01,0.000000000000000000e+00,0.000000000000000000e+00,0.000000000000000000e+00,0.000000000000000000e+00,5.617162439988239164e-01,0.000000000000000000e+00,5.558281604553888533e-01,5.611946896023443099e-01,5.642774350230116420e-01,5.420832255987225734e-01,5.641309091673600840e-01,0.000000000000000000e+00,5.339545974764864367e-01,0.000000000000000000e+00,5.576224716220919975e-01,5.117474859569811629e-01,0.000000000000000000e+00,0.000000000000000000e+00,0.000000000000000000e+00,0.000000000000000000e+00,5.723456449797303947e-01,0.000000000000000000e+00,0.000000000000000000e+00,4.400166752718779883e-01,5.605118065299460328e-01,0.000000000000000000e+00,0.000000000000000000e+00,4.505942147169603174e-01,5.591575462504924099e-01,5.512137731373436544e-01,5.163445234433464703e-01,5.659504211471533264e-01,5.463048277764483984e-01
3.846632951024622216e-01,3.765075362599287212e-01,4.882105690485789018e-01,0.000000000000000000e+00,4.757484523756054795e-01,4.694660434278947192e-01,4.242103302876447102e-01,4.818090856207625783e-01,5.066270237289947076e-01,0.000000000000000000e+00,5.025166774257330271e-01,2.915610527415504749e-01,4.400420522759482256e-01,0.000000000000000000e+00,0.000000000000000000e+00,4.189630504301294911e-01,3.508803859615189924e-01,3.895451779838525752e-01,5.056279628305415663e-01,4.248686552306258912e-01,4.502489445277804148e-01,4.235343056254319838e-01,4.957470465824759254e-01,3.075901269050926867e-01,3.309625186008394171e-01,3.509848522428813955e-01,4.938640507087845855e-01,4.011463697451911892e-01,4.525654185196006929e-01,0.000000000000000000e+00,3.582824368458690789e-01,3.535342289317787157e-01,3.408631682889111114e-01,3.408425821421667834e-01,3.553012607131976752e-01,3.994770224027214822e-01,2.884421521229942886e-01,2.833364183439557871e-01,3.974189625940494075e-01,4.151299083871978768e-01,3.901546710575015120e-01,3.720667871260461834e-01,0.000000000000000000e+00,0.000000000000000000e+00,3.070289439062410253e-01,4.092547861102689977e-01,4.384569310754795057e-01,5.725299512978100358e-01,0.000000000000000000e+00,0.000000000000000000e+00,5.589254236357417138e-01,4.796783027359612928e-01,0.000000000000000000e+00,0.000000000000000000e+00,4.601937230661614087e-01,4.849213100727657877e-01,4.511248784399077838e-01,4.704209375282920047e-01,0.000000000000000000e+00,0.000000000000000000e+00,4.419245483720998235e-01,4.820896474360549244e-01,4.710074160966097878e-01,0.000000000000000000e+00,0.000000000000000000e+00,0.000000000000000000e+00,3.808439317268076940e-01,5.478918687207946503e-01,4.003817806694887071e-01,4.654799041403889781e-01,4.734383671123290060e-01,5.525803899286237941e-01,3.749447656577615806e-01,4.525547092511708058e-01,0.000000000000000000e+00,4.629972237016551917e-01
0.000000000000000000e+00,0.000000000000000000e+00,3.543574515342434172e-01,3.962607278913310993e-01,3.570526355466371871e-01,4.220644881763260803e-01,4.758549946280403176e-01,3.703019746798056899e-01,3.031364863532691190e-01,5.025166774257330271e-01,0.000000000000000000e+00,4.665348781985101945e-01,5.005686170338603524e-01,3.702838290189237047e-01,0.000000000000000000e+00,0.000000000000000000e+00,0.000000000000000000e+00,0.000000000000000000e+00,2.549114705843684159e-01,0.000000000000000000e+00,0.000000000000000000e+00,0.000000000000000000e+00,3.210465088780878884e-01,4.554143129077082852e-01,0.000000000000000000e+00,4.817738202771437162e-01,3.719346724024796824e-01,5.016241744317936346e-01,0.000000000000000000e+00,0.000000000000000000e+00,5.222987361938522533e-01,4.270902331929717910e-01,4.352966666309934229e-01,5.011557966828823485e-01,4.980332911358605896e-01,2.890610689074287198e-01,3.890150816817947166e-01,4.575120326875821153e-01,3.741359693550058152e-01,3.434725663003435070e-01,4.986491326770435273e-01,0.000000000000000000e+00,4.400152810982640994e-01,0.000000000000000000e+00,0.000000000000000000e+00,0.000000000000000000e+00,0.000000000000000000e+00,5.390655241183702762e-01,0.000000000000000000e+00,4.300025163737073997e-01,5.235343517351890297e-01,5.235305735644976144e-01,4.975825180893667099e-01,5.237671554816288877e-01,0.000000000000000000e+00,3.055677272270845846e-01,0.000000000000000000e+00,4.943808474804768927e-01,4.489254223708846747e-01,0.000000000000000000e+00,0.000000000000000000e+00,0.000000000000000000e+00,0.000000000000000000e+00,3.259739968439553937e-01,0.000000000000000000e+00,0.000000000000000000e+00,0.000000000000000000e+00,5.308505780575467625e-01,0.000000000000000000e+00,0.000000000000000000e+00,0.000000000000000000e+00,5.320862971114148632e-01,5.022917512687750108e-01,4.954048824133209239e-01,0.000000000000000000e+00,5.047908758909974702e-01
3.526589583952092766e-01,0.000000000000000000e+00,4.721828024395364753e-01,0.000000000000000000e+00,4.324585390368144155e-01,4.610509272091978805e-01,3.953193200074929248e-01,4.551682176083183817e-01,4.730058491084929151e-01,2.915610527415504749e-01,4.665348781985101945e-01,0.000000000000000000e+00,4.160711381573314882e-01,0.000000000000000000e+00,0.000000000000000000e+00,3.764507100432796793e-01,3.762045240004546764e-01,3.793186216161413826e-01,4.699946923016862788e-01,0.000000000000000000e+00,4.394372173958224770e-01,4.431855314954367131e-01,4.591053119998124155e-01,2.695368292742899019e-01,3.385340270905149995e-01,3.206602894855112851e-01,4.582255359188893151e-01,4.050684368884792108e-01,4.758464587919675193e-01,0.000000000000000000e+00,3.948983220151696116e-01,2.717236640298955064e-01,2.896220067005785270e-01,2.584093016062330994e-01,3.156173255078125184e-01,3.178949317278229048e-01,2.687288422241965180e-01,2.028110848293447899e-01,3.584282806330760240e-01,4.304196291483347037e-01,3.756632004337798203e-01,3.659849640129991810e-01,0.000000000000000000e+00,0.000000000000000000e+00,2.810313760395207749e-01,0.000000000000000000e+00,0.000000000000000000e+00,0.000000000000000000e+00,0.000000000000000000e+00,0.000000000000000000e+00,0.000000000000000000e+00,4.723420773143962026e-01,0.000000000000000000e+00,4.872730774902462869e-01,4.706672264203520806e-01,4.849652172756093726e-01,4.618511015282122933e-01,4.625148326519574749e-01,0.000000000000000000e+00,0.000000000000000000e+00,4.408473121200310874e-01,4.772268218138662199e-01,4.716195903871153172e-01,0.000000000000000000e+00,0.000000000000000000e+00,0.000000000000000000e+00,0.000000000000000000e+00,5.147458369530828470e-01,3.854597114525202262e-01,4.649954351286991194e-01,4.674779164213492266e-01,0.000000000000000000e+00,3.898694914006987089e-01,0.000000000000000000e+00,0.000000000000000000e+00,4.663212846645207188e-01
4.509776971206541085e-01,4.507339613472425843e-01,4.796443542370685265e-01,3.674790484108207966e-01,4.263682437263707214e-01,3.875402969566805744e-01,3.511893764865002820e-01,4.774102878303992936e-01,4.431182516123319814e-01,4.400420522759482256e-01,5.005686170338603524e-01,4.160711381573314882e-01,0.000000000000000000e+00,3.927025681087034092e-01,4.630255432502765056e-01,4.812114428774498243e-01,4.517377171884847109e-01,4.710951849422517768e-01,4.963618363660294852e-01,4.511316496971524148e-01,4.624745846182797826e-01,4.722920331392158055e-01,4.731548780078888017e-01,4.107535350321875889e-01,4.524071348643243229e-01,4.446770022455717175e-01,4.556930064305527162e-01,3.815425176025706855e-01,4.152642545703961741e-01,4.509384082490264789e-01,4.382129089588491233e-01,4.700576819212233803e-01,4.219274699050064026e-01,4.525999257366092876e-01,4.815847298573712187e-01,4.557893321619684857e-01,4.504441917590831790e-01,4.007631044563239042e-01,4.854356228881168134e-01,4.113842771155333256e-01,5.398879557771397719e-01,5.387702737286456101e-01,5.233596402994344921e-01,0.000000000000000000e+00,0.000000000000000000e+00,4.555383647866098062e-01,4.619176552633327271e-01,5.704009745133277187e-01,0.000000000000000000e+00,5.657500267840914754e-01,5.491416558390254110e-01,5.576689461853453489e-01,5.282589309557496060e-01,5.524479904931870466e-01,0.000000000000000000e+00,5.116371823947236663e-01,0.000000000000000000e+00,5.552976732755012801e-01,0.000000000000000000e+00,4.956177516079967038e-01,4.631254249987166727e-01,0.000000000000000000e+00,4.603601214169176226e-01,5.552791273706715325e-01,5.277280506704217222e-01,5.344333648681640625e-01,4.638616164551286891e-01,5.450948088097281596e-01,0.000000000000000000e+00,4.620888110466410126e-01,4.738032177971527870e-01,5.442678331469581465e-01,5.413018709567278819e-01,5.343475053628861104e-01,5.228152702683819264e-01,5.439511087491888386e-01
0.000000000000000000e+00,0.000000000000000000e+00,4.641595332674173791e-01,3.506015583733397833e-01,3.367967374819381132e-01,4.472671673043335794e-01,3.470082930723594750e-01,4.574137566048074865e-01,4.526698644016062256e-01,0.000000000000000000e+00,3.702838290189237047e-01,0.000000000000000000e+00,3.927025681087034092e-01,0.000000000000000000e+00,0.000000000000000000e+00,0.000000000000000000e+00,0.000000000000000000e+00,0.000000000000000000e+00,4.138827195304770057e-01,0.000000000000000000e+00,0.000000000000000000e+00,0.000000000000000000e+00,4.403252112565643195e-01,0.000000000000000000e+00,0.000000000000000000e+00,4.740768605700276805e-01,4.632717394059204241e-01,3.660603862219491966e-01,0.000000000000000000e+00,0.000000000000000000e+00,0.000000000000000000e+00,2.672387138406369100e-01,3.687641287496850051e-01,4.238454186011503810e-01,0.000000000000000000e+00,2.857516750939677053e-01,2.119651081709229001e-01,0.000000000000000000e+00,0.000000000000000000e+00,0.000000000000000000e+00,0.000000000000000000e+00,0.000000000000000000e+00,4.300051863073179881e-01,0.000000000000000000e+00,0.000000000000000000e+00,0.000000000000000000e+00,0.000000000000000000e+00,5.289198751662735898e-01,0.000000000000000000e+00,0.000000000000000000e+00,0.000000000000000000e+00,0.000000000000000000e+00,0.000000000000000000e+00,5.296795376371039588e-01,0.000000000000000000e+00,4.362425019133199799e-01,0.000000000000000000e+00,0.000000000000000000e+00,0.000000000000000000e+00,0.000000000000000000e+00,0.000000000000000000e+00,0.000000000000000000e+00,0.000000000000000000e+00,5.455928381316224041e-01,0.000000000000000000e+00,0.000000000000000000e+00,0.000000000000000000e+00,0.000000000000000000e+00,0.000000000000000000e+00,0.000000000000000000e+00,0.000000000000000000e+00,0.000000000000000000e+00,0.000000000000000000e+00,0.000000000000000000e+00,0.000000000000000000e+00,0.000000000000000000e+00
4.296976440484259752e-01,4.597722636520952255e-01,0.000000000000000000e+00,0.000000000000000000e+00,0.000000000000000000e+00,4.605863516475889874e-01,4.603041271430586834e-01,4.593162682116578854e-01,0.000000000000000000e+00,0.000000000000000000e+00,0.000000000000000000e+00,0.000000000000000000e+00,4.630255432502765056e-01,0.000000000000000000e+00,0.000000000000000000e+00,4.691947848861007797e-01,0.000000000000000000e+00,4.479108248644098067e-01,0.000000000000000000e+00,3.461217757188047028e-01,4.312163463887139225e-01,4.210460624628553084e-01,4.194911892996012748e-01,4.667232119312851868e-01,4.575487171181715773e-01,4.213446505884573257e-01,4.041431074749580188e-01,4.494464479741996921e-01,4.483684213465858881e-01,4.397245176037339887e-01,4.808012327990913160e-01,5.012706251230197863e-01,4.449917950532876199e-01,4.982853088177233158e-01,5.446256328182300654e-01,5.700048679186292544e-01,0.000000000000000000e+00,0.000000000000000000e+00,5.314058098810620079e-01,5.171110211333042050e-01,5.286261540436426598e-01,5.569674608627623869e-01,0.000000000000000000e+00,0.000000000000000000e+00,0.000000000000000000e+00,4.903496002557363176e-01,4.976015526816883194e-01,0.000000000000000000e+00,0.000000000000000000e+00,0.000000000000000000e+00,5.054487299171476211e-01,4.943369257108399806e-01,5.451938234678352924e-01,0.000000000000000000e+00,0.000000000000000000e+00,0.000000000000000000e+00,0.000000000000000000e+00,5.002923701594558237e-01,0.000000000000000000e+00,5.512255615976238143e-01,4.755570533391637045e-01,0.000000000000000000e+00,4.249562612974909781e-01,0.000000000000000000e+00,5.265487145087560661e-01,5.351063708736343294e-01,5.361719352228675461e-01,5.386781765536623467e-01,0.000000000000000000e+00,4.633574767250838167e-01,5.551397436293841192e-01,5.372964452198418783e-01,5.115376342338132654e-01,5.194441481130661620e-01,5.289642133912563216e-01,5.229202100669868569e-01
4.133150496601767920e-01,4.224026321128053207e-01,0.000000000000000000e+00,0.000000000000000000e+00,0.000000000000000000e+00,4.644991248151599805e-01,4.844116625086264949e-01,4.728052375376062266e-01,4.509727196373892744e-01,4.189630504301294911e-01,0.000000000000000000e+00,3.764507100432796793e-01,4.812114428774498243e-01,0.000000000000000000e+00,4.691947848861007797e-01,0.000000000000000000e+00,4.124481753045955990e-01,3.772009800225500920e-01,0.000000000000000000e+00,4.403444039256608766e-01,4.483239038124682274e-01,4.160990019187201239e-01,4.826768937704561946e-01,3.828948900503789110e-01,4.035918708725811932e-01,4.329482504721666736e-01,4.679441636979325136e-01,4.641320030665773144e-01,4.608222923976397212e-01,4.557616373404282939e-01,3.974695000719065119e-01,4.681739266881853045e-01,3.851559064734714766e-01,4.088728782696328112e-01,4.654102286429224744e-01,0.000000000000000000e+00,0.000000000000000000e+00,0.000000000000000000e+00,4.752892058179331025e-01,4.398788193422892845e-01,4.447440135692600216e-01,4.802151671343267147e-01,0.000000000000000000e+00,0.000000000000000000e+00,0.000000000000000000e+00,4.577412655135039143e-01,4.837217475035062164e-01,0.000000000000000000e+00,0.000000000000000000e+00,0.000000000000000000e+00,4.578038500692813151e-01,0.000000000000000000e+00,0.000000000000000000e+00,0.000000000000000000e+00,4.422695229453947885e-01,0.000000000000000000e+00,4.550565032023746737e-01,4.509958663838056769e-01,0.000000000000000000e+00,5.081676246189891222e-01,4.707751908671465868e-01,4.474573316883204144e-01,4.498617648161505889e-01,0.000000000000000000e+00,4.703509222683420754e-01,4.660989928261952131e-01,4.666609232032293275e-01,4.942115971078799852e-01,4.546564837817764215e-01,4.644988703784753148e-01,4.780851687829805186e-01,4.831371266919676222e-01,4.557549758406582163e-01,4.575892194848109051e-01,0.000000000000000000e+00,4.464472047481274908e-01
3.758422472344373211e-01,3.933224577925295007e-01,0.000000000000000000e+00,0.000000000000000000e+00,0.000000000000000000e+00,4.648100450532339223e-01,0.000000000000000000e+00,4.750664532184600830e-01,4.925953895502718227e-01,3.508803859615189924e-01,0.000000000000000000e+00,3.762045240004546764e-01,4.517377171884847109e-01,0.000000000000000000e+00,0.000000000000000000e+00,4.124481753045955990e-01,0.000000000000000000e+00,3.752027467346821243e-01,0.000000000000000000e+00,4.426608764321526834e-01,0.000000000000000000e+00,4.361600137120552056e-01,4.459466854553669202e-01,3.664545033817641073e-01,3.331115971025300770e-01,3.694159855791527836e-01,4.525832308349874156e-01,3.118495424460078769e-01,4.466531013530087857e-01,0.000000000000000000e+00,3.898207771691368784e-01,4.594376331110359146e-01,3.577592320199388110e-01,3.892215364370629760e-01,4.276357316186111812e-01,0.000000000000000000e+00,0.000000000000000000e+00,3.311462145307034199e-01,4.717787887282354209e-01,4.601322559525686251e-01,4.551230189645126822e-01,4.714016338994895250e-01,0.000000000000000000e+00,0.000000000000000000e+00,0.000000000000000000e+00,4.315173343066409095e-01,4.676403357427844076e-01,0.000000000000000000e+00,0.000000000000000000e+00,4.523478608957137159e-01,0.000000000000000000e+00,4.789553970297101837e-01,0.000000000000000000e+00,0.000000000000000000e+00,4.843166849376380756e-01,5.111103825882848950e-01,4.862158731693081992e-01,4.771564745836556765e-01,0.000000000000000000e+00,0.000000000000000000e+00,4.614921205935055837e-01,4.839039436481061274e-01,4.815881368737673918e-01,0.000000000000000000e+00,0.000000000000000000e+00,0.000000000000000000e+00,4.487009248126416772e-01,0.000000000000000000e+00,4.255743845061443764e-01,4.763346675880725800e-01,4.827541777988443861e-01,0.000000000000000000e+00,4.766900112475633833e-01,4.550990684277844145e-01,0.000000000000000000e+00,4.747696764534675151e-01
3.828749281218515876e-01,3.993813014611128920e-01,0.000000000000000000e+00,0.000000000000000000e+00,0.000000000000000000e+00,4.444231036405926760e-01,4.628400797851410231e-01,4.602487310405676824e-01,0.000000000000000000e+00,3.895451779838525752e-01,0.000000000000000000e+00,3.793186216161413826e-01,4.710951849422517768e-01,0.000000000000000000e+00,4.479108248644098067e-01,3.772009800225500920e-01,3.752027467346821243e-01,0.000000000000000000e+00,0.000000000000000000e+00,4.439159792102895241e-01,4.388569740999357927e-01,4.442748508399845253e-01,4.606210023235893791e-01,3.511390445064095922e-01,3.591470063665057055e-01,3.795904316778450083e-01,4.481453828584019972e-01,4.450694135277962760e-01,4.651515011030232793e-01,0.000000000000000000e+00,3.987210969262741100e-01,4.581037159031963180e-01,3.669811723912171919e-01,3.966844107181902168e-01,4.400939243563318781e-01,0.000000000000000000e+00,0.000000000000000000e+00,0.000000000000000000e+00,4.700956131670903093e-01,4.447461882004389855e-01,4.452411050430143957e-01,4.604804675350924748e-01,0.000000000000000000e+00,0.000000000000000000e+00,0.000000000000000000e+00,4.377176221031193748e-01,4.724598981339641068e-01,0.000000000000000000e+00,0.000000000000000000e+00,0.000000000000000000e+00,4.548676228365097218e-01,0.000000000000000000e+00,0.000000000000000000e+00,0.000000000000000000e+00,4.616187090937703963e-01,0.000000000000000000e+00,4.687859161509503880e-01,4.598395311469152813e-01,0.000000000000000000e+00,4.569665959108060727e-01,4.691262920202177167e-01,4.676407698781914757e-01,4.655880357360017152e-01,0.000000000000000000e+00,4.531633734105630085e-01,0.000000000000000000e+00,4.471259910277392002e-01,4.490306558743765164e-01,4.372309819812865150e-01,4.674882674819065276e-01,4.693488381620991023e-01,4.542996157151338865e-01,4.632822442118993966e-01,4.535602090712789747e-01,0.000000000000000000e+00,4.576177674203731893e-01
0.000000000000000000e+00,0.000000000000000000e+00,3.203725466953594170e-01,0.000000000000000000e+00,3.935272324329955884e-01,3.949465200517771057e-01,4.760267580571935220e-01,4.280170520996842143e-01,2.899212861817487830e-01,5.056279628305415663e-01,2.549114705843684159e-01,4.699946923016862788e-01,4.963618363660294852e-01,4.138827195304770057e-01,0.000000000000000000e+00,0.000000000000000000e+00,0.000000000000000000e+00,0.000000000000000000e+00,0.000000000000000000e+00,0.000000000000000000e+00,0.000000000000000000e+00,0.000000000000000000e+00,3.792257534952997999e-01,4.589510854487788838e-01,5.197255583804417656e-01,4.747307344966931186e-01,3.746133332838376129e-01,4.978996702800383978e-01,0.000000000000000000e+00,4.798812627640303141e-01,5.172761972645575357e-01,4.665182576078891752e-01,4.609904878450892807e-01,5.012425368042048301e-01,5.022222611590445585e-01,4.261184764716309248e-01,4.942612294361156122e-01,4.594282792839333163e-01,4.353156228892587909e-01,4.363274762396002204e-01,5.337289205559002658e-01,0.000000000000000000e+00,4.787400151116740776e-01,0.000000000000000000e+00,0.000000000000000000e+00,0.000000000000000000e+00,0.000000000000000000e+00,5.468919249533070737e-01,0.000000000000000000e+00,5.330132339177536815e-01,5.578762127647249880e-01,5.582767941955627533e-01,5.476305513438167738e-01,5.497023707560932948e-01,0.000000000000000000e+00,4.974823687406672024e-01,0.000000000000000000e+00,5.480824053094811577e-01,4.726129109368752967e-01,0.000000000000000000e+00,0.000000000000000000e+00,0.000000000000000000e+00,0.000000000000000000e+00,5.503312083761136009e-01,0.000000000000000000e+00,0.000000000000000000e+00,0.000000000000000000e+00,5.600958337232033735e-01,0.000000000000000000e+00,0.000000000000000000e+00,0.000000000000000000e+00,5.614538463547557035e-01,5.390101555804056588e-01,4.967021501334638045e-01,0.000000000000000000e+00,5.597548140991387422e-01
4.545830648688001796e-01,4.482431230064748973e-01,4.158384315999790193e-01,0.000000000000000000e+00,0.000000000000000000e+00,4.243220097725978190e-01,4.592845171988136910e-01,4.451104252101628078e-01,4.204661937319211784e-01,4.248686552306258912e-01,0.000000000000000000e+00,0.000000000000000000e+00,4.511316496971524148e-01,0.000000000000000000e+00,3.461217757188047028e-01,4.403444039256608766e-01,4.426608764321526834e-01,4.439159792102895241e-01,0.000000000000000000e+00,0.000000000000000000e+00,4.432904405733534836e-01,3.942260303928010190e-01,3.589300165039642776e-01,4.270953966021620030e-01,4.344008581418781767e-01,4.611601170718092058e-01,3.680088071879666911e-01,4.277930703931114853e-01,3.747341598600855139e-01,4.356085946654275065e-01,4.329967117231617868e-01,4.861191927590288175e-01,4.088287574802715874e-01,4.736125467235446918e-01,5.333936241644665621e-01,5.644560646657247327e-01,5.401739789635177091e-01,0.000000000000000000e+00,5.162301701248966923e-01,4.862484050563731786e-01,5.248292088843719005e-01,5.480358313343242083e-01,5.430081947436528056e-01,0.000000000000000000e+00,0.000000000000000000e+00,4.640183487227160231e-01,4.662260896157738865e-01,5.312674663944108033e-01,0.000000000000000000e+00,0.000000000000000000e+00,5.230832593443222045e-01,5.172392817123155906e-01,5.422879792985267899e-01,4.798689424820917204e-01,0.000000000000000000e+00,0.000000000000000000e+00,0.000000000000000000e+00,5.287095224088668166e-01,0.000000000000000000e+00,5.296113910429288696e-01,4.595419920454911211e-01,0.000000000000000000e+00,4.340621726236145728e-01,0.000000000000000000e+00,5.278440819613778867e-01,5.283243298007809230e-01,5.071668402526881003e-01,5.434364959331400291e-01,0.000000000000000000e+00,4.523265091958317830e-01,4.966859749770012877e-01,5.381748000307664537e-01,5.262137251931047199e-01,5.300452987119377291e-01,5.272338851955745698e-01,5.236490681020569138e-01
4.542724638870466181e-01,4.337651107644077131e-01,0.000000000000000000e+00,0.000000000000000000e+00,0.000000000000000000e+00,4.359881394533732801e-01,4.736264656141577212e-01,4.192275344594255104e-01,0.000000000000000000e+00,4.502489445277804148e-01,0.000000000000000000e+00,4.394372173958224770e-01,4.624745846182797826e-01,0.000000000000000000e+00,4.312163463887139225e-01,4.483239038124682274e-01,0.000000000000000000e+00,4.388569740999357927e-01,0.000000000000000000e+00,4.432904405733534836e-01,0.000000000000000000e+00,4.740128522778884745e-01,4.122793345820566224e-01,4.499212891951602789e-01,4.243919881993720167e-01,4.281952072944206211e-01,4.583437014315547842e-01,4.588914201571410723e-01,4.291885639178650846e-01,4.511716753087555154e-01,4.684464167141740853e-01,4.736167602703241220e-01,4.070596544506642211e-01,4.914154439230075111e-01,5.483333829892588218e-01,5.352100397586079250e-01,0.000000000000000000e+00,4.571213569444970148e-01,5.163360294482584045e-01,4.785548124859483887e-01,5.134660416252183612e-01,5.591689412523613845e-01,0.000000000000000000e+00,0.000000000000000000e+00,0.000000000000000000e+00,4.529194082765928830e-01,4.928024145836181202e-01,0.000000000000000000e+00,0.000000000000000000e+00,0.000000000000000000e+00,4.797752468869608822e-01,0.000000000000000000e+00,4.959841330417242844e-01,0.000000000000000000e+00,0.000000000000000000e+00,0.000000000000000000e+00,0.000000000000000000e+00,4.878706546808390110e-01,0.000000000000000000e+00,5.368338720379105533e-01,4.716633455790362750e-01,0.000000000000000000e+00,0.000000000000000000e+00,0.000000000000000000e+00,5.252400533287537865e-01,4.662259438737536010e-01,5.205188390472152982e-01,5.226285600322186919e-01,0.000000000000000000e+00,4.671882492140601029e-01,5.386272061702729319e-01,5.324574638120543879e-01,5.021758381610746946e-01,4.982290112770836887e-01,0.000000000000000000e+00,5.197450838826566111e-01
