0.000000000000000000e+00,4.022713877332860233e-01,0.000000000000000000e+00,0.000000000000000000e+00,0.000000000000000000e+00,3.956029024215069190e-01,0.000000000000000000e+00,4.596241581546265942e-01,0.000000000000000000e+00,3.852163769078271183e-01,0.000000000000000000e+00,3.737830826823397845e-01,4.175883717017240260e-01,4.713384879173684872e-01,3.781660494436815956e-01,3.903843202038387861e-01,3.432780598547275908e-01,3.695413756348330803e-01,0.000000000000000000e+00,4.196795757801493054e-01,3.837841277266942908e-01,4.061947501220916079e-01,4.086686386051813225e-01,3.461426853532090786e-01,3.635926978959018729e-01,3.607586928884345956e-01,4.252264993670314963e-01,4.196436516272432082e-01,3.856059539623610810e-01,0.000000000000000000e+00,3.569758920331029817e-01,4.346385884887520867e-01,3.314078220909241201e-01,3.569049293548389734e-01,3.783418348456176750e-01,4.693121788224194901e-01,0.000000000000000000e+00,4.054501411810447209e-01,4.443823613968084230e-01,4.363116845513230757e-01,3.765733511166565739e-01,4.436707684040582245e-01,0.000000000000000000e+00,0.000000000000000000e+00,0.000000000000000000e+00,3.488644052188507039e-01,4.443331491564264102e-01,0.000000000000000000e+00,0.000000000000000000e+00,0.000000000000000000e+00,0.000000000000000000e+00,0.000000000000000000e+00,0.000000000000000000e+00,0.000000000000000000e+00,3.776143011005453909e-01,0.000000000000000000e+00,0.000000000000000000e+00,0.000000000000000000e+00,0.000000000000000000e+00,0.000000000000000000e+00,4.428190866712425899e-01,0.000000000000000000e+00,4.082339026933525239e-01,0.000000000000000000e+00,0.000000000000000000e+00,3.452155673611254083e-01,4.495398330434375866e-01,0.000000000000000000e+00,3.644753989765089908e-01,4.131996482063983178e-01,4.422575833127195821e-01,0.000000000000000000e+00,0.000000000000000000e+00,0.000000000000000000e+00,0.000000000000000000e+00,4.090124080570762266e-01
4.022713877332860233e-01,0.000000000000000000e+00,3.617912445765131824e-01,0.000000000000000000e+00,3.466288982851252198e-01,3.708996155540161821e-01,3.768851469568348933e-01,4.172359916941952851e-01,3.537791891560191915e-01,3.613721349037751218e-01,0.000000000000000000e+00,3.601976470742109804e-01,3.842172414030280980e-01,0.000000000000000000e+00,4.064539935024373829e-01,3.980541667462859090e-01,3.995045888196890882e-01,3.951550786949841743e-01,0.000000000000000000e+00,4.076382977692227239e-01,4.041751650772875126e-01,4.009909305787380251e-01,3.761809178805021747e-01,3.694693448229852129e-01,3.684334982396911262e-01,3.945835376389463800e-01,3.921808533793114115e-01,3.763189849249983232e-01,3.754492969354581988e-01,3.499373843386808236e-01,3.622961282194899768e-01,4.421189021695350885e-01,3.528490775722115114e-01,3.666035941953276756e-01,4.051738210766895887e-01,0.000000000000000000e+00,0.000000000000000000e+00,0.000000000000000000e+00,4.636692337979405054e-01,4.344409064028106893e-01,4.255917736691324782e-01,4.503305224391390138e-01,3.753018705887181117e-01,0.000000000000000000e+00,0.000000000000000000e+00,4.394540309087311969e-01,4.637821423568457835e-01,0.000000000000000000e+00,0.000000000000000000e+00,0.000000000000000000e+00,4.112832213334484122e-01,0.000000000000000000e+00,4.184517484513893271e-01,0.000000000000000000e+00,0.000000000000000000e+00,0.000000000000000000e+00,0.000000000000000000e+00,4.129922103257128163e-01,0.000000000000000000e+00,4.520479247548470081e-01,4.490044031124392210e-01,0.000000000000000000e+00,4.362453971505100836e-01,0.000000000000000000e+00,4.066086310624231759e-01,4.809218913860978106e-01,4.587292717898046046e-01,4.268951255026843250e-01,4.285076760965472187e-01,4.419747656521026968e-01,4.795759226910354944e-01,4.261455363153308085e-01,4.092976177854963926e-01,4.093151973598208038e-01,0.000000000000000000e+00,4.202191401293103867e-01
0.000000000000000000e+00,3.617912445765131824e-01,0.000000000000000000e+00,4.049500559589567228e-01,3.733691891092906778e-01,3.769580827415420221e-01,3.833887968150310743e-01,4.515105265532124990e-01,3.051283708439809228e-01,4.133981416849015766e-01,2.981611755571778044e-01,4.206511533664982205e-01,4.023799013274579894e-01,4.096757086097468914e-01,0.000000000000000000e+00,3.653352862323095973e-01,0.000000000000000000e+00,0.000000000000000000e+00,2.603096174143970098e-01,3.623909985062396255e-01,0.000000000000000000e+00,3.900413423951227809e-01,3.469308522750038093e-01,0.000000000000000000e+00,0.000000000000000000e+00,4.041355484619533756e-01,3.470583416824583045e-01,4.114153613238574758e-01,3.585542785347374806e-01,3.937399910443428186e-01,4.152317668334619127e-01,3.961016459415375168e-01,3.635097312320906826e-01,4.167345312268894153e-01,4.249856740225521068e-01,3.914858510441256989e-01,3.962477187711875848e-01,3.951083222421212238e-01,5.041715649013056577e-01,0.000000000000000000e+00,0.000000000000000000e+00,0.000000000000000000e+00,4.805088349913453905e-01,0.000000000000000000e+00,0.000000000000000000e+00,0.000000000000000000e+00,0.000000000000000000e+00,3.574238656648425772e-01,0.000000000000000000e+00,5.067276523582414649e-01,5.215953949037367421e-01,5.235747731371926950e-01,5.182817944411584055e-01,5.341901261572775672e-01,0.000000000000000000e+00,4.111887508601839158e-01,0.000000000000000000e+00,5.092168491835481481e-01,0.000000000000000000e+00,0.000000000000000000e+00,0.000000000000000000e+00,0.000000000000000000e+00,0.000000000000000000e+00,3.228803433209910256e-01,0.000000000000000000e+00,0.000000000000000000e+00,0.000000000000000000e+00,5.396929487099210165e-01,0.000000000000000000e+00,0.000000000000000000e+00,0.000000000000000000e+00,5.286666478456376606e-01,4.701960463098431853e-01,4.207945516447633150e-01,0.000000000000000000e+00,4.766238956951103223e-01
0.000000000000000000e+00,0.000000000000000000e+00,4.049500559589567228e-01,0.000000000000000000e+00,2.613365336336829770e-01,0.000000000000000000e+00,2.711512222621811907e-01,3.801322407218611921e-01,3.914513113674171763e-01,2.264448881467084063e-01,3.610833674489115075e-01,0.000000000000000000e+00,3.052274685590806169e-01,3.238376632365991270e-01,0.000000000000000000e+00,0.000000000000000000e+00,0.000000000000000000e+00,0.000000000000000000e+00,3.664428248559071788e-01,0.000000000000000000e+00,0.000000000000000000e+00,0.000000000000000000e+00,3.724464983662498230e-01,0.000000000000000000e+00,0.000000000000000000e+00,0.000000000000000000e+00,4.008504461177703759e-01,2.758760325121060730e-01,0.000000000000000000e+00,0.000000000000000000e+00,2.662229118200274969e-01,3.236413180404141277e-01,0.000000000000000000e+00,2.930944419905990861e-01,2.751100557100216171e-01,2.433826418354166909e-01,2.053563499075113097e-01,0.000000000000000000e+00,0.000000000000000000e+00,0.000000000000000000e+00,0.000000000000000000e+00,0.000000000000000000e+00,0.000000000000000000e+00,0.000000000000000000e+00,0.000000000000000000e+00,0.000000000000000000e+00,0.000000000000000000e+00,0.000000000000000000e+00,0.000000000000000000e+00,0.000000000000000000e+00,0.000000000000000000e+00,0.000000000000000000e+00,0.000000000000000000e+00,0.000000000000000000e+00,0.000000000000000000e+00,0.000000000000000000e+00,0.000000000000000000e+00,0.000000000000000000e+00,0.000000000000000000e+00,0.000000000000000000e+00,0.000000000000000000e+00,0.000000000000000000e+00,0.000000000000000000e+00,0.000000000000000000e+00,0.000000000000000000e+00,0.000000000000000000e+00,0.000000000000000000e+00,0.000000000000000000e+00,0.000000000000000000e+00,0.000000000000000000e+00,0.000000000000000000e+00,0.000000000000000000e+00,0.000000000000000000e+00,0.000000000000000000e+00,0.000000000000000000e+00,0.000000000000000000e+00
0.000000000000000000e+00,3.466288982851252198e-01,3.733691891092906778e-01,2.613365336336829770e-01,0.000000000000000000e+00,3.451233326846595006e-01,3.034969842340772272e-01,3.664914661853069244e-01,3.307542038780508231e-01,3.886263821223397974e-01,3.282227057666722847e-01,3.959625290545076837e-01,3.654992585408650130e-01,2.796783867079667973e-01,0.000000000000000000e+00,3.949507610189558204e-01,3.978456611809029209e-01,4.090061998624037742e-01,3.595153134692016805e-01,3.604385837526515868e-01,0.000000000000000000e+00,3.857492574370174898e-01,3.434640640013993940e-01,3.341106851939439903e-01,3.998369798829167765e-01,3.967052551475910849e-01,3.703424601015832818e-01,3.527023283654133756e-01,3.629625582570474851e-01,3.983151570407750253e-01,3.978427644041265254e-01,3.307299395721214896e-01,3.657854753212830268e-01,3.895705907619425035e-01,3.721562675312948820e-01,2.429680599484516090e-01,2.436362301743507097e-01,3.537053439037580183e-01,4.259256369703732781e-01,0.000000000000000000e+00,0.000000000000000000e+00,0.000000000000000000e+00,4.114607994955479797e-01,0.000000000000000000e+00,0.000000000000000000e+00,0.000000000000000000e+00,0.000000000000000000e+00,5.083405266348768325e-01,0.000000000000000000e+00,4.509512899856443213e-01,4.735918207857536810e-01,0.000000000000000000e+00,4.615633725062209258e-01,4.963440609688110072e-01,0.000000000000000000e+00,3.876532902378134193e-01,0.000000000000000000e+00,4.550311723344900861e-01,0.000000000000000000e+00,0.000000000000000000e+00,0.000000000000000000e+00,0.000000000000000000e+00,0.000000000000000000e+00,4.854458346505785005e-01,0.000000000000000000e+00,0.000000000000000000e+00,0.000000000000000000e+00,4.844488413031018958e-01,0.000000000000000000e+00,0.000000000000000000e+00,0.000000000000000000e+00,4.710193002792967820e-01,4.248722084279213940e-01,3.992286067339250732e-01,0.000000000000000000e+00,4.620112159891825998e-01
3.956029024215069190e-01,3.708996155540161821e-01,3.769580827415420221e-01,0.000000000000000000e+00,3.451233326846595006e-01,0.000000000000000000e+00,3.652426149462263960e-01,3.523952442468423762e-01,3.321189859094125785e-01,3.940084339855681739e-01,3.724809239596172938e-01,3.929121867176023075e-01,3.544424407796274989e-01,3.756490777152374783e-01,3.908433850087125738e-01,3.927667100161874036e-01,4.111527683405010181e-01,3.927923547737304233e-01,3.704923213967257212e-01,3.717207417756965837e-01,3.579386651841253153e-01,3.939068510652791177e-01,3.533467859408246925e-01,4.021943253903226267e-01,3.582622776833178091e-01,3.951524337046264934e-01,3.413892952207180920e-01,3.519395523240141932e-01,3.177675252590042021e-01,3.515650614064150803e-01,3.742029665939599070e-01,3.512318342657568815e-01,3.374713828513469793e-01,3.840549139150434277e-01,3.884963914702944110e-01,3.897395725768592056e-01,3.861691858575220238e-01,3.720742812242697761e-01,4.398378878896310740e-01,3.848933495508716773e-01,4.308147133213566793e-01,4.426452910425368037e-01,4.210962127197072080e-01,0.000000000000000000e+00,0.000000000000000000e+00,0.000000000000000000e+00,4.138151084916618094e-01,5.128260688166422776e-01,0.000000000000000000e+00,4.762436519705012250e-01,4.684411423435623778e-01,4.778597897221831814e-01,4.292078971721782210e-01,5.080231715568630513e-01,0.000000000000000000e+00,4.947359378319634016e-01,0.000000000000000000e+00,4.532521643517117838e-01,4.685999115951878791e-01,4.225673567542698739e-01,3.990297596702802041e-01,0.000000000000000000e+00,0.000000000000000000e+00,5.103593252048166384e-01,4.016096906884714102e-01,4.114888182970721786e-01,4.221506570460807906e-01,4.692961478916197748e-01,0.000000000000000000e+00,3.932014509303630168e-01,4.312343248979575994e-01,4.555890919643124093e-01,4.341773435726419827e-01,4.144846056023582803e-01,4.248580840094856037e-01,4.293307219157131982e-01
0.000000000000000000e+00,3.768851469568348933e-01,3.833887968150310743e-01,2.711512222621811907e-01,3.034969842340772272e-01,3.652426149462263960e-01,0.000000000000000000e+00,3.678960161484959857e-01,3.608208319145824183e-01,3.850614491025092789e-01,3.803061793997645212e-01,3.886928127097721841e-01,3.401488159935431854e-01,3.064510066509765207e-01,3.744640353188831150e-01,4.071566288007040790e-01,4.092468023300170898e-01,4.118795422119496119e-01,3.841884989145957219e-01,3.917853143931033788e-01,3.706644675960353852e-01,4.088514127951068944e-01,3.479381576629940742e-01,3.211982278536303914e-01,3.830328478022048122e-01,3.836598203375896077e-01,3.711182459110116127e-01,3.530210090228492747e-01,3.932347354428186725e-01,3.703983545886365136e-01,3.829179373575897216e-01,3.815616393295658826e-01,3.557471218188845152e-01,3.742537726675184140e-01,3.717573499472521248e-01,3.234048097697693747e-01,3.469792161998707103e-01,3.496027116902519771e-01,4.370902237462691020e-01,0.000000000000000000e+00,4.529411482747184858e-01,0.000000000000000000e+00,3.876751568973287876e-01,0.000000000000000000e+00,0.000000000000000000e+00,0.000000000000000000e+00,0.000000000000000000e+00,5.093879861234502648e-01,0.000000000000000000e+00,4.867258280139591942e-01,4.651864098427264116e-01,4.665044483404102160e-01,4.335134018120103128e-01,5.014693765477109544e-01,0.000000000000000000e+00,4.203025743922372826e-01,0.000000000000000000e+00,4.459159255934149191e-01,0.000000000000000000e+00,4.208061382214007273e-01,0.000000000000000000e+00,0.000000000000000000e+00,0.000000000000000000e+00,5.116518048540606989e-01,4.051399301432108135e-01,0.000000000000000000e+00,4.133121000563392822e-01,4.673832433549028886e-01,0.000000000000000000e+00,0.000000000000000000e+00,4.217412720158618122e-01,4.511624138597322142e-01,4.298089102702590258e-01,4.124678832301821862e-01,0.000000000000000000e+00,4.351030915708182789e-01
4.596241581546265942e-01,4.172359916941952851e-01,4.515105265532124990e-01,3.801322407218611921e-01,3.664914661853069244e-01,3.523952442468423762e-01,3.678960161484959857e-01,0.000000000000000000e+00,4.282304409206327822e-01,3.832962327755303211e-01,2.910978069480599784e-01,0.000000000000000000e+00,3.700848471509298188e-01,3.585416788977662250e-01,3.466516491518675247e-01,3.919151333362592138e-01,0.000000000000000000e+00,4.348071846293086740e-01,4.101066886410359991e-01,3.625870352345457182e-01,3.691806652719388238e-01,3.863899274826260166e-01,3.160650213687380972e-01,4.706439417924871971e-01,4.594065054722885066e-01,4.418207783335342254e-01,3.664056751201629214e-01,3.607544047150089139e-01,3.276584824908668203e-01,3.348232871365300900e-01,3.588099244550588818e-01,3.399705896519982784e-01,4.141224374630680938e-01,3.689868962381400164e-01,3.795670650583845007e-01,3.242627686654195873e-01,2.694787524499427933e-01,0.000000000000000000e+00,4.423398793787998162e-01,0.000000000000000000e+00,4.499895704474833891e-01,0.000000000000000000e+00,3.894158084955336996e-01,0.000000000000000000e+00,0.000000000000000000e+00,0.000000000000000000e+00,4.531799810660930850e-01,5.222516405785698757e-01,0.000000000000000000e+00,5.010691910779313529e-01,4.638144631894959846e-01,4.806960510480026150e-01,3.980884284022260244e-01,5.172652101616379561e-01,0.000000000000000000e+00,4.795518515961906258e-01,0.000000000000000000e+00,4.464301796429667180e-01,0.000000000000000000e+00,4.348940180057452864e-01,0.000000000000000000e+00,0.000000000000000000e+00,0.000000000000000000e+00,5.197741235184982767e-01,4.171235257223159243e-01,0.000000000000000000e+00,4.390170073491176939e-01,4.368307880092209827e-01,0.000000000000000000e+00,0.000000000000000000e+00,4.649009570755914811e-01,4.644315548877461786e-01,4.235704389381567125e-01,4.114950131781611731e-01,0.000000000000000000e+00,4.343246286429212066e-01
0.000000000000000000e+00,3.537791891560191915e-01,3.051283708439809228e-01,3.914513113674171763e-01,3.307542038780508231e-01,3.321189859094125785e-01,3.608208319145824183e-01,4.282304409206327822e-01,0.000000000000000000e+00,4.085522875063549164e-01,3.054725794086948776e-01,4.027759676090186813e-01,3.871649100382673070e-01,3.944614175570024250e-01,3.712244219431997116e-01,3.787670486528583735e-01,4.156877992483619111e-01,4.023431543475137762e-01,2.878754776584184771e-01,3.660157074634330931e-01,3.351274372316834227e-01,3.805254854093690908e-01,3.681566730760266748e-01,3.736245502688333997e-01,3.777168914459373972e-01,3.810316612033954886e-01,3.685831442865948882e-01,4.052210541098442143e-01,3.525959255626889832e-01,3.881005259217119030e-01,4.100471071541402779e-01,3.942188906008721183e-01,3.686364926208886006e-01,4.115327875980883121e-01,4.126115673417429242e-01,3.874211208203968138e-01,3.972866732490831776e-01,3.867633493594869187e-01,4.771801483988258874e-01,0.000000000000000000e+00,0.000000000000000000e+00,0.000000000000000000e+00,4.625294930445110198e-01,0.000000000000000000e+00,0.000000000000000000e+00,0.000000000000000000e+00,3.855791571732645751e-01,4.139743908512660275e-01,0.000000000000000000e+00,4.812929187583787072e-01,5.008370384166516143e-01,5.108363856849413853e-01,4.900553475619107147e-01,5.162985753850842796e-01,0.000000000000000000e+00,3.402368957565168883e-01,0.000000000000000000e+00,4.983488181054900878e-01,4.809460013135948842e-01,3.968704425071188924e-01,0.000000000000000000e+00,0.000000000000000000e+00,0.000000000000000000e+00,5.203232829555644035e-01,4.026049504843990934e-01,4.729257791940140732e-01,0.000000000000000000e+00,5.155135756662595492e-01,0.000000000000000000e+00,0.000000000000000000e+00,4.448329753112362783e-01,4.983770967753344827e-01,4.413984049603296156e-01,4.101983301799227988e-01,0.000000000000000000e+00,4.578645588053874005e-01
3.852163769078271183e-01,3.613721349037751218e-01,4.133981416849015766e-01,2.264448881467084063e-01,3.886263821223397974e-01,3.940084339855681739e-01,3.850614491025092789e-01,3.832962327755303211e-01,4.085522875063549164e-01,0.000000000000000000e+00,3.942726869284355895e-01,3.393926427402464974e-01,3.968782363943110791e-01,1.976534973239414961e-01,3.989895880222321112e-01,3.687548070193569782e-01,3.142165033595891166e-01,3.328374284769782254e-01,4.045205306613248730e-01,4.092876663456629927e-01,0.000000000000000000e+00,3.951859584566779771e-01,3.813579383928384914e-01,3.396313784469999764e-01,3.267820939345449927e-01,3.363097410416834854e-01,3.992569188016092951e-01,3.838727124052955242e-01,4.083481222075683870e-01,0.000000000000000000e+00,3.455152837613206795e-01,3.307836851707349757e-01,3.242435287859012916e-01,3.172556726199489141e-01,2.854917993680087807e-01,3.141559226079174150e-01,2.644042423562670829e-01,3.206091680770972729e-01,3.374063879575290859e-01,4.538301571382902799e-01,3.997358071801225265e-01,3.363201618194580078e-01,0.000000000000000000e+00,0.000000000000000000e+00,4.128515968601936814e-01,4.071879190132647874e-01,0.000000000000000000e+00,0.000000000000000000e+00,0.000000000000000000e+00,0.000000000000000000e+00,4.686392191496281945e-01,0.000000000000000000e+00,0.000000000000000000e+00,0.000000000000000000e+00,4.839293116474880918e-01,0.000000000000000000e+00,4.641025986744409804e-01,0.000000000000000000e+00,0.000000000000000000e+00,0.000000000000000000e+00,4.453922609512456221e-01,4.754429698184539088e-01,4.590546681767653237e-01,0.000000000000000000e+00,0.000000000000000000e+00,0.000000000000000000e+00,0.000000000000000000e+00,4.400194288080601090e-01,4.181576183724983742e-01,4.530731615649422062e-01,4.596808915731597778e-01,4.372833899918164846e-01,0.000000000000000000e+00,0.000000000000000000e+00,0.000000000000000000e+00,4.471025019096774855e-01
0.000000000000000000e+00,0.000000000000000000e+00,2.981611755571778044e-01,3.610833674489115075e-01,3.282227057666722847e-01,3.724809239596172938e-01,3.803061793997645212e-01,2.910978069480599784e-01,3.054725794086948776e-01,3.942726869284355895e-01,0.000000000000000000e+00,3.738917379045786915e-01,3.877222907159316723e-01,2.917263936933592872e-01,0.000000000000000000e+00,0.000000000000000000e+00,0.000000000000000000e+00,3.810178799925804105e-01,2.774695329214760808e-01,0.000000000000000000e+00,0.000000000000000000e+00,0.000000000000000000e+00,3.190183955702898810e-01,0.000000000000000000e+00,3.905396571738746214e-01,0.000000000000000000e+00,3.657300014720520909e-01,3.890244237422730844e-01,0.000000000000000000e+00,4.247632400016568832e-01,3.952035123682631212e-01,3.593431617301178216e-01,3.418391897067187823e-01,3.939127037416171873e-01,3.853521057789418003e-01,3.010258995080892785e-01,3.394722777209870923e-01,3.713144318148984269e-01,4.330519467286301216e-01,0.000000000000000000e+00,0.000000000000000000e+00,0.000000000000000000e+00,4.087665642170937863e-01,0.000000000000000000e+00,0.000000000000000000e+00,0.000000000000000000e+00,0.000000000000000000e+00,4.182251413218437963e-01,0.000000000000000000e+00,2.913933643314017274e-01,4.793733906189345806e-01,4.478076613003377227e-01,4.798456047060026819e-01,3.592513857775938013e-01,0.000000000000000000e+00,2.669639635314949855e-01,0.000000000000000000e+00,4.276908229097263203e-01,3.723151293204616796e-01,0.000000000000000000e+00,0.000000000000000000e+00,0.000000000000000000e+00,0.000000000000000000e+00,2.814357861057948940e-01,0.000000000000000000e+00,0.000000000000000000e+00,0.000000000000000000e+00,5.036079659282034493e-01,0.000000000000000000e+00,0.000000000000000000e+00,0.000000000000000000e+00,4.889126795850262108e-01,4.197918340041830731e-01,4.049718851060520874e-01,0.000000000000000000e+00,4.175986998320941890e-01
3.737830826823397845e-01,3.601976470742109804e-01,4.206511533664982205e-01,0.000000000000000000e+00,3.959625290545076837e-01,3.929121867176023075e-01,3.886928127097721841e-01,0.000000000000000000e+00,4.027759676090186813e-01,3.393926427402464974e-01,3.738917379045786915e-01,0.000000000000000000e+00,3.960657855999766275e-01,0.000000000000000000e+00,0.000000000000000000e+00,3.642327112987296944e-01,3.481676834624873873e-01,3.440501447662506762e-01,3.977544880443258934e-01,0.000000000000000000e+00,4.240572467470873907e-01,3.573729543113752238e-01,4.112464574166466158e-01,3.144189489905436230e-01,3.325641494854058022e-01,3.164911808686718953e-01,4.015075168897543900e-01,3.935349574156140062e-01,3.960467278957366943e-01,0.000000000000000000e+00,3.843905508910431257e-01,3.003651495245092118e-01,3.620178587364384915e-01,3.206404503212252899e-01,3.460484882568712894e-01,3.130861433345156764e-01,2.620831687032887936e-01,3.096062162703395737e-01,3.056803648562335107e-01,4.716873416503731820e-01,3.209221677168390130e-01,0.000000000000000000e+00,0.000000000000000000e+00,0.000000000000000000e+00,4.173129674462763838e-01,3.783585484143566768e-01,0.000000000000000000e+00,0.000000000000000000e+00,0.000000000000000000e+00,0.000000000000000000e+00,0.000000000000000000e+00,0.000000000000000000e+00,0.000000000000000000e+00,0.000000000000000000e+00,4.807893320823113936e-01,0.000000000000000000e+00,4.650861074053516120e-01,0.000000000000000000e+00,0.000000000000000000e+00,0.000000000000000000e+00,4.400886414839426108e-01,4.734243905548370934e-01,4.629444992689051852e-01,0.000000000000000000e+00,0.000000000000000000e+00,0.000000000000000000e+00,0.000000000000000000e+00,0.000000000000000000e+00,4.078806303046145221e-01,4.505062239320908879e-01,4.551915359277365902e-01,0.000000000000000000e+00,0.000000000000000000e+00,0.000000000000000000e+00,0.000000000000000000e+00,4.536425612324875845e-01
4.175883717017240260e-01,3.842172414030280980e-01,4.023799013274579894e-01,3.052274685590806169e-01,3.654992585408650130e-01,3.544424407796274989e-01,3.401488159935431854e-01,3.700848471509298188e-01,3.871649100382673070e-01,3.968782363943110791e-01,3.877222907159316723e-01,3.960657855999766275e-01,0.000000000000000000e+00,3.375098593801607039e-01,3.792737059651580811e-01,4.188532285539485756e-01,4.029589623515000829e-01,4.215343233346494078e-01,3.953174102193718897e-01,3.918231007828187895e-01,3.766013527321507848e-01,4.167861467084238991e-01,3.624506970510841253e-01,3.560095681707634019e-01,3.898757160874676830e-01,3.930903379066759129e-01,3.831632617625346793e-01,3.487057545883268106e-01,3.791659018021363847e-01,3.530969163359177210e-01,3.886544287029051192e-01,3.894531958572545749e-01,3.606331687702591937e-01,3.839244979750324194e-01,3.772043757778285045e-01,3.601291166197446159e-01,3.716253347504461790e-01,3.580486175761496970e-01,4.334903555992868918e-01,4.106445205765639206e-01,4.297630440408518049e-01,0.000000000000000000e+00,4.112916144079685754e-01,0.000000000000000000e+00,0.000000000000000000e+00,0.000000000000000000e+00,4.119154890335146035e-01,5.076965133261199803e-01,0.000000000000000000e+00,4.789527252815404812e-01,4.611569667338976108e-01,4.587219550881078134e-01,4.374223257263680775e-01,5.093518344168628253e-01,0.000000000000000000e+00,4.329851353055779728e-01,0.000000000000000000e+00,4.453425748429936104e-01,0.000000000000000000e+00,4.231166140564610045e-01,4.113566313590594770e-01,0.000000000000000000e+00,0.000000000000000000e+00,5.109262198297244151e-01,4.135764627655738046e-01,4.179897264003347157e-01,4.171306293811615218e-01,4.564713005680536839e-01,0.000000000000000000e+00,4.128662121026924758e-01,4.312100080756057219e-01,4.441209802902457149e-01,4.303754534933729170e-01,4.178642601431045156e-01,4.357805241561961140e-01,4.296513909195309178e-01
4.713384879173684872e-01,0.000000000000000000e+00,4.096757086097468914e-01,3.238376632365991270e-01,2.796783867079667973e-01,3.756490777152374783e-01,3.064510066509765207e-01,3.585416788977662250e-01,3.944614175570024250e-01,1.976534973239414961e-01,2.917263936933592872e-01,0.000000000000000000e+00,3.375098593801607039e-01,0.000000000000000000e+00,0.000000000000000000e+00,0.000000000000000000e+00,0.000000000000000000e+00,0.000000000000000000e+00,3.638293624788987990e-01,0.000000000000000000e+00,0.000000000000000000e+00,0.000000000000000000e+00,3.626861265711708859e-01,0.000000000000000000e+00,0.000000000000000000e+00,4.946864915575889809e-01,4.052631092418941261e-01,3.029526927117591750e-01,0.000000000000000000e+00,0.000000000000000000e+00,3.705959345701663188e-01,3.032132216604069841e-01,0.000000000000000000e+00,0.000000000000000000e+00,0.000000000000000000e+00,2.401340332136814026e-01,2.039028964671371069e-01,0.000000000000000000e+00,0.000000000000000000e+00,0.000000000000000000e+00,0.000000000000000000e+00,0.000000000000000000e+00,0.000000000000000000e+00,0.000000000000000000e+00,0.000000000000000000e+00,0.000000000000000000e+00,0.000000000000000000e+00,0.000000000000000000e+00,0.000000000000000000e+00,0.000000000000000000e+00,0.000000000000000000e+00,0.000000000000000000e+00,0.000000000000000000e+00,0.000000000000000000e+00,0.000000000000000000e+00,3.348989486694335938e-01,0.000000000000000000e+00,0.000000000000000000e+00,0.000000000000000000e+00,0.000000000000000000e+00,0.000000000000000000e+00,0.000000000000000000e+00,0.000000000000000000e+00,0.000000000000000000e+00,0.000000000000000000e+00,0.000000000000000000e+00,0.000000000000000000e+00,0.000000000000000000e+00,0.000000000000000000e+00,0.000000000000000000e+00,0.000000000000000000e+00,0.000000000000000000e+00,0.000000000000000000e+00,0.000000000000000000e+00,0.000000000000000000e+00,0.000000000000000000e+00
3.781660494436815956e-01,4.064539935024373829e-01,0.000000000000000000e+00,0.000000000000000000e+00,0.000000000000000000e+00,3.908433850087125738e-01,3.744640353188831150e-01,3.466516491518675247e-01,3.712244219431997116e-01,3.989895880222321112e-01,0.000000000000000000e+00,0.000000000000000000e+00,3.792737059651580811e-01,0.000000000000000000e+00,0.000000000000000000e+00,4.119853352810690095e-01,0.000000000000000000e+00,4.108636388015619034e-01,0.000000000000000000e+00,2.958113177070351152e-01,3.863596474277711246e-01,3.719244971434909064e-01,3.342525777234700013e-01,4.347494048798551947e-01,3.912325628422850810e-01,4.088348312564722975e-01,3.465139338026599902e-01,3.629048045295089064e-01,3.599155420137383765e-01,3.402712402643359169e-01,3.958376546686053210e-01,4.527785363010196074e-01,3.856937039311272852e-01,4.215350563116059268e-01,4.524293144330547856e-01,4.375436725340595134e-01,3.680352885120308781e-01,0.000000000000000000e+00,4.849456330958968886e-01,4.839091412454207264e-01,4.597085871403884250e-01,4.832293800447746146e-01,3.756005623905854796e-01,0.000000000000000000e+00,0.000000000000000000e+00,4.629495303342259227e-01,4.980946865982371907e-01,0.000000000000000000e+00,0.000000000000000000e+00,0.000000000000000000e+00,4.181664421301762857e-01,0.000000000000000000e+00,4.442345088561422961e-01,0.000000000000000000e+00,0.000000000000000000e+00,0.000000000000000000e+00,0.000000000000000000e+00,4.170127548798555073e-01,0.000000000000000000e+00,4.861900890960679789e-01,4.585919334435002992e-01,0.000000000000000000e+00,0.000000000000000000e+00,0.000000000000000000e+00,4.459960889822647268e-01,4.805748124318373060e-01,4.934519920204776811e-01,4.368700970201129241e-01,0.000000000000000000e+00,4.214754826121580034e-01,5.071713504077564050e-01,4.353358220631092790e-01,4.279911732706471739e-01,4.233499015453353054e-01,4.424591509618105989e-01,4.430304202085242893e-01
3.903843202038387861e-01,3.980541667462859090e-01,3.653352862323095973e-01,0.000000000000000000e+00,3.949507610189558204e-01,3.927667100161874036e-01,4.071566288007040790e-01,3.919151333362592138e-01,3.787670486528583735e-01,3.687548070193569782e-01,0.000000000000000000e+00,3.642327112987296944e-01,4.188532285539485756e-01,0.000000000000000000e+00,4.119853352810690095e-01,0.000000000000000000e+00,3.829781894430973055e-01,3.655899867608766174e-01,0.000000000000000000e+00,3.979417187099784092e-01,4.054403726567871180e-01,3.761689691297213090e-01,3.685259357852779249e-01,3.711622856637423751e-01,3.754497446417037754e-01,4.060368830847009836e-01,3.831846543545179840e-01,4.083443074126534844e-01,4.113742076958785132e-01,3.720770188597847250e-01,3.679326348385054124e-01,4.565001148296652933e-01,3.562968153245515968e-01,3.778030583266485110e-01,4.124785319022811758e-01,0.000000000000000000e+00,0.000000000000000000e+00,0.000000000000000000e+00,4.386651427871537945e-01,4.177253080881980218e-01,4.083501290344390133e-01,4.295969628442901089e-01,0.000000000000000000e+00,0.000000000000000000e+00,0.000000000000000000e+00,4.342095124161763908e-01,4.459740992119091141e-01,0.000000000000000000e+00,0.000000000000000000e+00,0.000000000000000000e+00,4.146920337839122839e-01,0.000000000000000000e+00,0.000000000000000000e+00,0.000000000000000000e+00,4.236483603749612858e-01,0.000000000000000000e+00,4.259566193073983098e-01,0.000000000000000000e+00,0.000000000000000000e+00,4.414104167188562244e-01,4.371891804378907898e-01,4.376523842932906194e-01,4.286150831306336784e-01,0.000000000000000000e+00,4.046027336192933865e-01,0.000000000000000000e+00,4.374220338347781789e-01,4.310403831098416072e-01,4.361465445199744773e-01,4.293976494654602183e-01,4.543001455216473805e-01,4.255211729942210974e-01,4.206207466907850856e-01,4.121692422680027779e-01,0.000000000000000000e+00,4.113841299987410216e-01
3.432780598547275908e-01,3.995045888196890882e-01,0.000000000000000000e+00,0.000000000000000000e+00,3.978456611809029209e-01,4.111527683405010181e-01,4.092468023300170898e-01,0.000000000000000000e+00,4.156877992483619111e-01,3.142165033595891166e-01,0.000000000000000000e+00,3.481676834624873873e-01,4.029589623515000829e-01,0.000000000000000000e+00,0.000000000000000000e+00,3.829781894430973055e-01,0.000000000000000000e+00,3.252988041681723064e-01,0.000000000000000000e+00,3.772250760306494199e-01,0.000000000000000000e+00,3.656304036365357057e-01,0.000000000000000000e+00,3.462705028880644909e-01,2.991176041817389941e-01,3.300856916198455782e-01,0.000000000000000000e+00,2.591388632849936924e-01,4.024758538245474249e-01,0.000000000000000000e+00,3.428369610532457923e-01,4.097092574208303084e-01,3.190489879073399870e-01,3.410777563345169794e-01,3.382423672610960774e-01,0.000000000000000000e+00,0.000000000000000000e+00,3.158539039369476775e-01,4.600434686951064833e-01,4.448185349878611139e-01,4.385818057939206982e-01,0.000000000000000000e+00,0.000000000000000000e+00,0.000000000000000000e+00,0.000000000000000000e+00,3.927081040513126786e-01,0.000000000000000000e+00,0.000000000000000000e+00,0.000000000000000000e+00,0.000000000000000000e+00,0.000000000000000000e+00,0.000000000000000000e+00,0.000000000000000000e+00,0.000000000000000000e+00,4.688239543283881927e-01,0.000000000000000000e+00,4.509406702072817907e-01,0.000000000000000000e+00,0.000000000000000000e+00,0.000000000000000000e+00,4.353705854674898013e-01,4.558439960227074206e-01,4.468986190330412889e-01,0.000000000000000000e+00,0.000000000000000000e+00,0.000000000000000000e+00,0.000000000000000000e+00,0.000000000000000000e+00,3.816588787507738112e-01,4.421342387222317871e-01,4.400172803192903270e-01,0.000000000000000000e+00,0.000000000000000000e+00,0.000000000000000000e+00,0.000000000000000000e+00,4.390434160917356943e-01
3.695413756348330803e-01,3.951550786949841743e-01,0.000000000000000000e+00,0.000000000000000000e+00,4.090061998624037742e-01,3.927923547737304233e-01,4.118795422119496119e-01,4.348071846293086740e-01,4.023431543475137762e-01,3.328374284769782254e-01,3.810178799925804105e-01,3.440501447662506762e-01,4.215343233346494078e-01,0.000000000000000000e+00,4.108636388015619034e-01,3.655899867608766174e-01,3.252988041681723064e-01,0.000000000000000000e+00,4.107101352476120182e-01,3.961340126583340893e-01,4.109340520484294212e-01,3.911095895985343129e-01,3.789271755324968849e-01,3.469914726122014792e-01,3.333532117012696916e-01,3.594595068204269883e-01,3.841337298874542006e-01,4.077588802319748740e-01,4.197498585888507217e-01,3.933799267917119091e-01,3.652136480931497120e-01,4.330213751151447132e-01,3.314732573258989956e-01,3.598945256793912861e-01,3.685322659328915118e-01,0.000000000000000000e+00,0.000000000000000000e+00,3.012274998119702230e-01,4.370660743877627930e-01,4.148225506161670184e-01,4.149808845365022814e-01,4.311724057072410798e-01,0.000000000000000000e+00,0.000000000000000000e+00,0.000000000000000000e+00,4.194085015771277791e-01,4.388732157158644065e-01,0.000000000000000000e+00,0.000000000000000000e+00,0.000000000000000000e+00,0.000000000000000000e+00,0.000000000000000000e+00,0.000000000000000000e+00,0.000000000000000000e+00,4.438209291757366781e-01,0.000000000000000000e+00,4.251507055189108764e-01,0.000000000000000000e+00,0.000000000000000000e+00,0.000000000000000000e+00,4.324024679683911021e-01,4.439193830023285270e-01,4.327260761295759761e-01,0.000000000000000000e+00,3.919672411851640170e-01,0.000000000000000000e+00,4.202137078401779746e-01,0.000000000000000000e+00,3.985803932075349110e-01,4.305838688660165170e-01,4.379254468599033112e-01,0.000000000000000000e+00,0.000000000000000000e+00,4.109127799760268762e-01,0.000000000000000000e+00,4.160155748551853105e-01
0.000000000000000000e+00,0.000000000000000000e+00,2.603096174143970098e-01,3.664428248559071788e-01,3.595153134692016805e-01,3.704923213967257212e-01,3.841884989145957219e-01,4.101066886410359991e-01,2.878754776584184771e-01,4.045205306613248730e-01,2.774695329214760808e-01,3.977544880443258934e-01,3.953174102193718897e-01,3.638293624788987990e-01,0.000000000000000000e+00,0.000000000000000000e+00,0.000000000000000000e+00,4.107101352476120182e-01,0.000000000000000000e+00,0.000000000000000000e+00,0.000000000000000000e+00,0.000000000000000000e+00,3.205173698781467184e-01,0.000000000000000000e+00,3.921850926946303106e-01,0.000000000000000000e+00,3.522443670193611820e-01,3.996553856337149990e-01,3.703726630248250773e-01,4.053586147642009863e-01,4.014557312995050142e-01,3.759929032879462119e-01,3.978210067060347077e-01,4.036575610750883225e-01,4.011991386538287796e-01,3.617411429261752076e-01,3.733197056663046243e-01,3.764059594409496778e-01,4.640568119579376871e-01,0.000000000000000000e+00,0.000000000000000000e+00,0.000000000000000000e+00,4.483128487251957228e-01,0.000000000000000000e+00,0.000000000000000000e+00,0.000000000000000000e+00,0.000000000000000000e+00,3.113273069536259263e-01,0.000000000000000000e+00,4.802389455763135251e-01,5.046458841422928332e-01,5.189728282008142513e-01,5.205113015724480707e-01,5.148745051356818925e-01,0.000000000000000000e+00,3.118715292773274750e-01,0.000000000000000000e+00,4.805542271243252173e-01,0.000000000000000000e+00,0.000000000000000000e+00,0.000000000000000000e+00,0.000000000000000000e+00,0.000000000000000000e+00,5.254368583230459855e-01,0.000000000000000000e+00,0.000000000000000000e+00,0.000000000000000000e+00,5.227043455314496212e-01,0.000000000000000000e+00,0.000000000000000000e+00,0.000000000000000000e+00,5.096339147483649468e-01,4.511388458298332127e-01,4.223035984393632147e-01,0.000000000000000000e+00,4.580241786920061231e-01
4.196795757801493054e-01,4.076382977692227239e-01,3.623909985062396255e-01,0.000000000000000000e+00,3.604385837526515868e-01,3.717207417756965837e-01,3.917853143931033788e-01,3.625870352345457182e-01,3.660157074634330931e-01,4.092876663456629927e-01,0.000000000000000000e+00,0.000000000000000000e+00,3.918231007828187895e-01,0.000000000000000000e+00,2.958113177070351152e-01,3.979417187099784092e-01,3.772250760306494199e-01,3.961340126583340893e-01,0.000000000000000000e+00,0.000000000000000000e+00,3.947843778821766847e-01,3.636806428404282254e-01,3.127716683927866947e-01,4.336194983616026843e-01,3.675451116522481798e-01,4.227224305417319195e-01,3.440973501402306844e-01,3.664768036241141114e-01,3.277343301955112920e-01,3.344652222666437136e-01,3.525729333813004129e-01,4.288737202599505194e-01,3.332001484998969865e-01,3.816610482861336751e-01,4.265741246170163259e-01,4.373574818909982120e-01,4.151659833219261131e-01,3.865697321701925260e-01,4.277937512567213107e-01,3.858182558401537232e-01,4.202801607412953167e-01,4.264672490548663819e-01,3.716123098565802807e-01,0.000000000000000000e+00,0.000000000000000000e+00,0.000000000000000000e+00,4.235593423451978201e-01,0.000000000000000000e+00,0.000000000000000000e+00,0.000000000000000000e+00,4.083869044486312938e-01,4.085988907957914806e-01,4.243063797924407909e-01,3.910709500399485727e-01,0.000000000000000000e+00,0.000000000000000000e+00,0.000000000000000000e+00,4.136326038609650091e-01,0.000000000000000000e+00,4.403474603025325784e-01,4.116761107300214162e-01,0.000000000000000000e+00,0.000000000000000000e+00,0.000000000000000000e+00,4.210131060778041778e-01,4.222985006907264971e-01,4.485167319783047168e-01,4.303987172538111250e-01,0.000000000000000000e+00,3.920308489173515154e-01,4.494053695991951924e-01,4.278171772312118759e-01,4.245412941432706866e-01,4.159223298213641784e-01,4.312914688950396092e-01,4.225934388825212107e-01
3.837841277266942908e-01,4.041751650772875126e-01,0.000000000000000000e+00,0.000000000000000000e+00,0.000000000000000000e+00,3.579386651841253153e-01,3.706644675960353852e-01,3.691806652719388238e-01,3.351274372316834227e-01,0.000000000000000000e+00,0.000000000000000000e+00,4.240572467470873907e-01,3.766013527321507848e-01,0.000000000000000000e+00,3.863596474277711246e-01,4.054403726567871180e-01,0.000000000000000000e+00,4.109340520484294212e-01,0.000000000000000000e+00,3.947843778821766847e-01,0.000000000000000000e+00,4.456738973924250780e-01,3.407946621311709889e-01,4.435261714740307837e-01,4.269768999865649062e-01,3.925137150176237766e-01,3.860834821086219781e-01,3.703602841647031241e-01,3.512574699743454820e-01,3.559478287262036189e-01,3.725400108998264126e-01,4.290454209944237207e-01,3.391166163484586882e-01,3.828867295350277811e-01,4.215542575766054179e-01,4.005092117237484262e-01,0.000000000000000000e+00,0.000000000000000000e+00,4.615048401469353245e-01,4.761404634759945909e-01,4.488893425419523964e-01,4.831639913521489915e-01,3.791975438718639957e-01,0.000000000000000000e+00,0.000000000000000000e+00,3.779592662491217947e-01,4.822510578929222747e-01,0.000000000000000000e+00,0.000000000000000000e+00,0.000000000000000000e+00,3.894219222928725910e-01,0.000000000000000000e+00,3.832183481362577138e-01,0.000000000000000000e+00,0.000000000000000000e+00,0.000000000000000000e+00,0.000000000000000000e+00,3.950123903565350147e-01,0.000000000000000000e+00,4.492509813294809917e-01,4.474794324886445795e-01,0.000000000000000000e+00,0.000000000000000000e+00,0.000000000000000000e+00,4.137250884580532251e-01,4.003564267468325277e-01,4.758089382576097814e-01,4.061273654858916782e-01,0.000000000000000000e+00,4.431176976390777122e-01,4.826083289574515933e-01,4.197498592789022931e-01,4.145573737375314871e-01,3.964928472207160937e-01,0.000000000000000000e+00,4.158485355790417226e-01
