0.000000000000000000e+00,3.736311797403411017e-01,0.000000000000000000e+00,0.000000000000000000e+00,0.000000000000000000e+00,4.272010053218606163e-01,5.047612635218350352e-01,5.404137747456478902e-01,0.000000000000000000e+00,3.598452147624697228e-01,0.000000000000000000e+00,3.747703423034405845e-01,4.520977733648994801e-01,0.000000000000000000e+00,3.959967059719667892e-01,3.584649648821520151e-01,3.264952630744408779e-01,3.392971266316939238e-01,0.000000000000000000e+00,4.067226608166222834e-01,4.191753311882486233e-01,3.885154117438464061e-01,4.796592214334798876e-01,3.277780251527934730e-01,3.346057577417522189e-01,3.647914665875313101e-01,4.569306741513861070e-01,4.657105443887739060e-01,4.532040531724207955e-01,4.910707044207768268e-01,3.578622118006956065e-01,4.581431265845711254e-01,3.201884393144681096e-01,3.730986378310643947e-01,4.312916879326634811e-01,0.000000000000000000e+00,0.000000000000000000e+00,3.737293110337510105e-01,4.364413431575964175e-01,3.698757105881492202e-01,3.862308074389724788e-01,4.125263422872796903e-01,0.000000000000000000e+00,0.000000000000000000e+00,0.000000000000000000e+00,3.090917804701245886e-01,3.822223476004638076e-01,0.000000000000000000e+00,0.000000000000000000e+00,0.000000000000000000e+00,0.000000000000000000e+00,0.000000000000000000e+00,0.000000000000000000e+00,0.000000000000000000e+00,4.107391661896592772e-01,0.000000000000000000e+00,4.067925525359514238e-01,0.000000000000000000e+00,0.000000000000000000e+00,4.839307657259983020e-01,3.800623449845479951e-01,0.000000000000000000e+00,3.624112348606264855e-01,0.000000000000000000e+00,0.000000000000000000e+00,3.817495344010494729e-01,3.911164622336160135e-01,0.000000000000000000e+00,3.428544400262851788e-01,3.471101241169458063e-01,3.877571570702614823e-01,0.000000000000000000e+00,0.000000000000000000e+00,0.000000000000000000e+00,0.000000000000000000e+00,0.000000000000000000e+00
3.736311797403411017e-01,0.000000000000000000e+00,0.000000000000000000e+00,0.000000000000000000e+00,0.000000000000000000e+00,3.589805494333753177e-01,0.000000000000000000e+00,4.920597453836245139e-01,0.000000000000000000e+00,3.688226752257169894e-01,0.000000000000000000e+00,3.632652215377967786e-01,4.072018675326745107e-01,0.000000000000000000e+00,3.928966922785431803e-01,4.036725797913076064e-01,3.735477557933805093e-01,3.942878980568880753e-01,0.000000000000000000e+00,3.992151767567508891e-01,3.976655472188834195e-01,3.972073709050055190e-01,3.725596663329145963e-01,3.550093850696374176e-01,3.607654805465689840e-01,4.037394557924458005e-01,3.707735958262726172e-01,4.052560440992590829e-01,3.822016603790817091e-01,0.000000000000000000e+00,3.919270789085679829e-01,4.861655305160075824e-01,3.860020136473171770e-01,4.097367087530185970e-01,4.620691643083683076e-01,0.000000000000000000e+00,0.000000000000000000e+00,0.000000000000000000e+00,4.510744335730735854e-01,3.992648444543334119e-01,4.066984412719745201e-01,4.293821447975385008e-01,0.000000000000000000e+00,0.000000000000000000e+00,0.000000000000000000e+00,3.819212705369959271e-01,4.074158740366853881e-01,0.000000000000000000e+00,0.000000000000000000e+00,0.000000000000000000e+00,0.000000000000000000e+00,0.000000000000000000e+00,0.000000000000000000e+00,0.000000000000000000e+00,3.694619108388513817e-01,0.000000000000000000e+00,0.000000000000000000e+00,0.000000000000000000e+00,0.000000000000000000e+00,4.170250562162127750e-01,3.993918417152096945e-01,0.000000000000000000e+00,3.805336805338103146e-01,0.000000000000000000e+00,4.095673117948679942e-01,4.194326929346313126e-01,4.173377617488003843e-01,0.000000000000000000e+00,3.934909339249140769e-01,3.710757668278902854e-01,4.055062156888317726e-01,0.000000000000000000e+00,0.000000000000000000e+00,4.058841971009246041e-01,0.000000000000000000e+00,3.715732963085573992e-01
0.000000000000000000e+00,0.000000000000000000e+00,0.000000000000000000e+00,4.026487944150706211e-01,3.710036319072512190e-01,3.936007789196345752e-01,4.063088940440556240e-01,3.763056047669313120e-01,3.407505192553341167e-01,4.204038919550409092e-01,3.355392630739481019e-01,4.281505608046651812e-01,4.107115069717240941e-01,3.778325195266958869e-01,0.000000000000000000e+00,0.000000000000000000e+00,0.000000000000000000e+00,0.000000000000000000e+00,2.723515961833337107e-01,3.878430450321331824e-01,4.452102626747796998e-01,3.850675221427896089e-01,3.290494143086464263e-01,0.000000000000000000e+00,0.000000000000000000e+00,0.000000000000000000e+00,3.818560890297929000e-01,4.066994442055302805e-01,3.672693649900257151e-01,4.078547324399063867e-01,4.149383845028152829e-01,4.062340094991024886e-01,0.000000000000000000e+00,4.233878240129372861e-01,4.254539182413407117e-01,3.834384277378086736e-01,4.188843197538059115e-01,4.341869756305021255e-01,4.627572145734050735e-01,0.000000000000000000e+00,4.729720982850587063e-01,0.000000000000000000e+00,4.290673923282330993e-01,0.000000000000000000e+00,0.000000000000000000e+00,0.000000000000000000e+00,0.000000000000000000e+00,3.320295767646566087e-01,0.000000000000000000e+00,4.772580905716307109e-01,4.864605771400314915e-01,4.946038317890562030e-01,4.720474393416280168e-01,4.728917362810445835e-01,0.000000000000000000e+00,4.302510141890150130e-01,0.000000000000000000e+00,4.826914681847124799e-01,0.000000000000000000e+00,0.000000000000000000e+00,0.000000000000000000e+00,0.000000000000000000e+00,0.000000000000000000e+00,3.336544420200032168e-01,0.000000000000000000e+00,0.000000000000000000e+00,0.000000000000000000e+00,4.893763526922546014e-01,0.000000000000000000e+00,0.000000000000000000e+00,0.000000000000000000e+00,4.936229484393511169e-01,4.714613770273661797e-01,4.695319697823138183e-01,0.000000000000000000e+00,4.713684602179549210e-01
0.000000000000000000e+00,0.000000000000000000e+00,4.026487944150706211e-01,0.000000000000000000e+00,3.202702338277572114e-01,4.197138347550897208e-01,3.094988910413998262e-01,4.522576949030782112e-01,4.028830103650108962e-01,0.000000000000000000e+00,3.883566841048669005e-01,0.000000000000000000e+00,3.625531332815701835e-01,4.075725826812267027e-01,0.000000000000000000e+00,0.000000000000000000e+00,0.000000000000000000e+00,0.000000000000000000e+00,3.725799465158914914e-01,0.000000000000000000e+00,0.000000000000000000e+00,0.000000000000000000e+00,4.232599814576006869e-01,0.000000000000000000e+00,0.000000000000000000e+00,0.000000000000000000e+00,4.333492449400561108e-01,3.038147452932989934e-01,0.000000000000000000e+00,0.000000000000000000e+00,0.000000000000000000e+00,3.525242660334326206e-01,0.000000000000000000e+00,3.094602525234221857e-01,4.307376825786420893e-01,3.310608731155497142e-01,2.410086684574528071e-01,0.000000000000000000e+00,0.000000000000000000e+00,0.000000000000000000e+00,0.000000000000000000e+00,0.000000000000000000e+00,0.000000000000000000e+00,0.000000000000000000e+00,0.000000000000000000e+00,0.000000000000000000e+00,0.000000000000000000e+00,0.000000000000000000e+00,0.000000000000000000e+00,0.000000000000000000e+00,0.000000000000000000e+00,0.000000000000000000e+00,0.000000000000000000e+00,0.000000000000000000e+00,0.000000000000000000e+00,0.000000000000000000e+00,0.000000000000000000e+00,0.000000000000000000e+00,0.000000000000000000e+00,0.000000000000000000e+00,0.000000000000000000e+00,0.000000000000000000e+00,0.000000000000000000e+00,0.000000000000000000e+00,0.000000000000000000e+00,0.000000000000000000e+00,0.000000000000000000e+00,0.000000000000000000e+00,0.000000000000000000e+00,0.000000000000000000e+00,0.000000000000000000e+00,0.000000000000000000e+00,0.000000000000000000e+00,0.000000000000000000e+00,0.000000000000000000e+00,0.000000000000000000e+00
0.000000000000000000e+00,0.000000000000000000e+00,3.710036319072512190e-01,3.202702338277572114e-01,0.000000000000000000e+00,4.200038410892609764e-01,3.357795477329186817e-01,3.375220506026204159e-01,3.581447108448748140e-01,4.212561858425049044e-01,3.312894006468424801e-01,4.157696812881963022e-01,3.766131536310500239e-01,2.966041893573533872e-01,0.000000000000000000e+00,0.000000000000000000e+00,4.424403309822083075e-01,0.000000000000000000e+00,3.405230561138899992e-01,4.291608228045334927e-01,3.921546084190081771e-01,4.463559362009547060e-01,4.014011437675413241e-01,0.000000000000000000e+00,0.000000000000000000e+00,0.000000000000000000e+00,4.219577341942853943e-01,3.685697894729393909e-01,4.142342651055179736e-01,4.319634164450816827e-01,4.288582206138619179e-01,4.014655228455122904e-01,0.000000000000000000e+00,4.167822932591409013e-01,4.384293413033569786e-01,2.735603161969881181e-01,2.945953378860710070e-01,4.166384637355803888e-01,0.000000000000000000e+00,0.000000000000000000e+00,0.000000000000000000e+00,0.000000000000000000e+00,0.000000000000000000e+00,0.000000000000000000e+00,0.000000000000000000e+00,0.000000000000000000e+00,0.000000000000000000e+00,4.145845304533590792e-01,0.000000000000000000e+00,0.000000000000000000e+00,4.786753626303205111e-01,5.201281348467802212e-01,0.000000000000000000e+00,4.414498963074088844e-01,0.000000000000000000e+00,0.000000000000000000e+00,0.000000000000000000e+00,4.823024870498333061e-01,0.000000000000000000e+00,0.000000000000000000e+00,0.000000000000000000e+00,0.000000000000000000e+00,0.000000000000000000e+00,0.000000000000000000e+00,0.000000000000000000e+00,0.000000000000000000e+00,0.000000000000000000e+00,4.648827589361941848e-01,0.000000000000000000e+00,0.000000000000000000e+00,0.000000000000000000e+00,4.733415762790538217e-01,4.824217821820200869e-01,0.000000000000000000e+00,0.000000000000000000e+00,0.000000000000000000e+00
4.272010053218606163e-01,3.589805494333753177e-01,3.936007789196345752e-01,4.197138347550897208e-01,4.200038410892609764e-01,0.000000000000000000e+00,4.167330340326131921e-01,3.493563111539080834e-01,3.485035606501257766e-01,4.630019372096326746e-01,3.449195881857344270e-01,4.512842545620345813e-01,3.701952167351358902e-01,4.091460225347424151e-01,3.516117971289250965e-01,4.152105101391582176e-01,0.000000000000000000e+00,4.133045460707289731e-01,3.266273695629183793e-01,3.744049067845995893e-01,3.566640160069267096e-01,3.906317253210755958e-01,3.376946513808611883e-01,4.551304700433670969e-01,3.753982267330840950e-01,3.848436185068253024e-01,3.325804589565725111e-01,3.802630234171148205e-01,3.208931383851881258e-01,3.814784189385553859e-01,4.026992461203803830e-01,4.157695418162385970e-01,3.458589257720526833e-01,4.275327294210227724e-01,4.495926058795073899e-01,4.247297891157443828e-01,4.495079510564594094e-01,4.818913308318807931e-01,4.536330861137898851e-01,0.000000000000000000e+00,4.706761171137274213e-01,5.044140169536939222e-01,4.503054268719207109e-01,0.000000000000000000e+00,0.000000000000000000e+00,0.000000000000000000e+00,0.000000000000000000e+00,4.782373009286960963e-01,0.000000000000000000e+00,0.000000000000000000e+00,4.693304783114676804e-01,4.886531899118652933e-01,4.366162355922225125e-01,4.818511399061966016e-01,0.000000000000000000e+00,4.474052375195384790e-01,0.000000000000000000e+00,4.666410994562376069e-01,0.000000000000000000e+00,3.936010478777851040e-01,0.000000000000000000e+00,0.000000000000000000e+00,0.000000000000000000e+00,4.624472271959956804e-01,4.142291715038086131e-01,3.848411166136154749e-01,4.161021855788881729e-01,4.727278933802013250e-01,0.000000000000000000e+00,0.000000000000000000e+00,4.163188265825790157e-01,4.691631136513769729e-01,4.568083995750332194e-01,4.456180083669887271e-01,0.000000000000000000e+00,4.568151097655506754e-01
5.047612635218350352e-01,0.000000000000000000e+00,4.063088940440556240e-01,3.094988910413998262e-01,3.357795477329186817e-01,4.167330340326131921e-01,0.000000000000000000e+00,4.184926427360262102e-01,3.976123065290774750e-01,4.387372600557217228e-01,3.952679743772526955e-01,4.288367545541998949e-01,3.577866667610689055e-01,3.547650572076477826e-01,4.046778775639837122e-01,4.463148834311250202e-01,0.000000000000000000e+00,0.000000000000000000e+00,3.926766896885893199e-01,4.399478440168946847e-01,4.212017544095472132e-01,4.485915199578763835e-01,4.104802167864182172e-01,0.000000000000000000e+00,0.000000000000000000e+00,4.274035612241551263e-01,4.219613547700147849e-01,3.879453728723888939e-01,4.408637328924079890e-01,4.208993668134708988e-01,4.474192542861528121e-01,4.218766259975352262e-01,0.000000000000000000e+00,4.382290724049475727e-01,4.836945991557721758e-01,3.477000570043811134e-01,3.734703856003592781e-01,4.373245953239615069e-01,4.733102431428640178e-01,0.000000000000000000e+00,4.860269615566075729e-01,0.000000000000000000e+00,4.468413927072729108e-01,0.000000000000000000e+00,0.000000000000000000e+00,0.000000000000000000e+00,0.000000000000000000e+00,4.714158822880682997e-01,0.000000000000000000e+00,0.000000000000000000e+00,4.911455791277785088e-01,4.984608335771419929e-01,4.769294556177898214e-01,4.831124601760288240e-01,0.000000000000000000e+00,4.702318550571927824e-01,0.000000000000000000e+00,4.818772178736300815e-01,0.000000000000000000e+00,0.000000000000000000e+00,0.000000000000000000e+00,0.000000000000000000e+00,0.000000000000000000e+00,4.620134259408791855e-01,4.477599310928571108e-01,0.000000000000000000e+00,0.000000000000000000e+00,4.945195262706181816e-01,0.000000000000000000e+00,0.000000000000000000e+00,0.000000000000000000e+00,4.842998144689982798e-01,4.742219483497546739e-01,4.666611440062554128e-01,0.000000000000000000e+00,4.750724485242767137e-01
5.404137747456478902e-01,4.920597453836245139e-01,3.763056047669313120e-01,4.522576949030782112e-01,3.375220506026204159e-01,3.493563111539080834e-01,4.184926427360262102e-01,0.000000000000000000e+00,3.904545749205072802e-01,4.769864942527424212e-01,3.063007062957653903e-01,5.339057006504650538e-01,4.226998324886018232e-01,3.672113720509060930e-01,4.019267765988274732e-01,4.942814334738164228e-01,4.944967015332323856e-01,4.926076323185158978e-01,3.428844645099592969e-01,3.856351590269240792e-01,4.357033164004499026e-01,4.514703275158801210e-01,3.281655866880009986e-01,5.338744160548741791e-01,4.926637679337246833e-01,5.115316868179650145e-01,3.825127310017334969e-01,4.143383666131151277e-01,3.530327419163449831e-01,4.042576476393540119e-01,4.301096095218240878e-01,4.275669829962209789e-01,4.946446078006280223e-01,4.540445687548800846e-01,4.727068637992917211e-01,3.584206277659415241e-01,4.035950603724279273e-01,0.000000000000000000e+00,4.712680075455527029e-01,4.823532640891552981e-01,4.759936923643504070e-01,0.000000000000000000e+00,3.686159047831071844e-01,0.000000000000000000e+00,0.000000000000000000e+00,5.076704959061133504e-01,4.950354529709071194e-01,4.547625594340283239e-01,0.000000000000000000e+00,0.000000000000000000e+00,4.515906496537123171e-01,4.799064782917328853e-01,3.524500709535289822e-01,4.627160776228979033e-01,0.000000000000000000e+00,3.962616065553796196e-01,0.000000000000000000e+00,4.582294923726366043e-01,0.000000000000000000e+00,4.417768606614329019e-01,4.725243565767822118e-01,0.000000000000000000e+00,0.000000000000000000e+00,3.933976138022898805e-01,4.264714722777298017e-01,4.671961691530527871e-01,4.567823202712569808e-01,4.462219913279948935e-01,0.000000000000000000e+00,4.586246949569033893e-01,4.928050933384807153e-01,4.699589745871137203e-01,4.506887292746312168e-01,4.445189309496740959e-01,4.887390723243907886e-01,4.747751002146223809e-01
0.000000000000000000e+00,0.000000000000000000e+00,3.407505192553341167e-01,4.028830103650108962e-01,3.581447108448748140e-01,3.485035606501257766e-01,3.976123065290774750e-01,3.904545749205072802e-01,0.000000000000000000e+00,4.318990285329916134e-01,2.956188865309533065e-01,4.388720065381183089e-01,3.771796952630985800e-01,3.785419924564166205e-01,0.000000000000000000e+00,4.017280988646281803e-01,0.000000000000000000e+00,0.000000000000000000e+00,3.003530772392625781e-01,3.741887666027173265e-01,3.765453243918189807e-01,3.910630678966091067e-01,3.761589245809650039e-01,4.037704300157433090e-01,0.000000000000000000e+00,4.061312542967908112e-01,3.613716403614328221e-01,4.145954105062564787e-01,3.598658875559653803e-01,4.068631922849172966e-01,4.233249075418943908e-01,4.075141769864222829e-01,0.000000000000000000e+00,4.288797489602891866e-01,4.425611836350085149e-01,3.908843357043175759e-01,4.191245705083191941e-01,4.380366350837506251e-01,4.552489017324072851e-01,0.000000000000000000e+00,4.727745304954569794e-01,0.000000000000000000e+00,4.110215494039546891e-01,0.000000000000000000e+00,0.000000000000000000e+00,0.000000000000000000e+00,0.000000000000000000e+00,3.974828125634085052e-01,0.000000000000000000e+00,4.698465409435106932e-01,4.781856904656809903e-01,4.784798449932031739e-01,4.523003723645134255e-01,4.572115136590654272e-01,0.000000000000000000e+00,4.065361604783133131e-01,0.000000000000000000e+00,4.754945346542572837e-01,4.262591365134745791e-01,0.000000000000000000e+00,0.000000000000000000e+00,0.000000000000000000e+00,0.000000000000000000e+00,4.483599723682973881e-01,0.000000000000000000e+00,0.000000000000000000e+00,0.000000000000000000e+00,4.770240967747211847e-01,0.000000000000000000e+00,0.000000000000000000e+00,0.000000000000000000e+00,4.788391611679341797e-01,4.644978197788249275e-01,0.000000000000000000e+00,0.000000000000000000e+00,4.685600768042522124e-01
3.598452147624697228e-01,3.688226752257169894e-01,4.204038919550409092e-01,0.000000000000000000e+00,4.212561858425049044e-01,4.630019372096326746e-01,4.387372600557217228e-01,4.769864942527424212e-01,4.318990285329916134e-01,0.000000000000000000e+00,4.182082739316683728e-01,3.287089134249295830e-01,4.375764772816275738e-01,3.801389396214813754e-01,3.487348644591035107e-01,3.691343128971604770e-01,3.477269329173823809e-01,3.453671522797573945e-01,4.154289989945966211e-01,4.266344557478011223e-01,4.270618486646796108e-01,3.950169834497073151e-01,4.397516799770299079e-01,3.163073453811809932e-01,3.611316723095284176e-01,3.358303839557523207e-01,4.438992719131729103e-01,4.338083284181866728e-01,4.465921525876548892e-01,0.000000000000000000e+00,3.641922171550969201e-01,4.344799301827558802e-01,3.123190475147190059e-01,3.711236035973112246e-01,3.985802483680477848e-01,3.981305487992143899e-01,3.313527184174416274e-01,3.095361666264647149e-01,4.318223349080185791e-01,3.778173678114050138e-01,3.939521219599281254e-01,0.000000000000000000e+00,0.000000000000000000e+00,0.000000000000000000e+00,3.539761269834920121e-01,3.827782951663163957e-01,3.323703824331052936e-01,0.000000000000000000e+00,0.000000000000000000e+00,0.000000000000000000e+00,0.000000000000000000e+00,0.000000000000000000e+00,0.000000000000000000e+00,0.000000000000000000e+00,4.255268620277111169e-01,0.000000000000000000e+00,4.200270133157070207e-01,0.000000000000000000e+00,0.000000000000000000e+00,0.000000000000000000e+00,3.818258294387962826e-01,4.225082715895935870e-01,3.949424273238431038e-01,0.000000000000000000e+00,0.000000000000000000e+00,0.000000000000000000e+00,0.000000000000000000e+00,0.000000000000000000e+00,3.828337400660989931e-01,3.922629981961208157e-01,4.291670897484088920e-01,0.000000000000000000e+00,0.000000000000000000e+00,0.000000000000000000e+00,0.000000000000000000e+00,3.735520365409493726e-01
0.000000000000000000e+00,0.000000000000000000e+00,3.355392630739481019e-01,3.883566841048669005e-01,3.312894006468424801e-01,3.449195881857344270e-01,3.952679743772526955e-01,3.063007062957653903e-01,2.956188865309533065e-01,4.182082739316683728e-01,0.000000000000000000e+00,4.257287312069361063e-01,3.993898332971371756e-01,3.090397063692291169e-01,0.000000000000000000e+00,0.000000000000000000e+00,0.000000000000000000e+00,0.000000000000000000e+00,2.682278007172220757e-01,0.000000000000000000e+00,4.661545918476401873e-01,0.000000000000000000e+00,2.911641333972431189e-01,0.000000000000000000e+00,0.000000000000000000e+00,0.000000000000000000e+00,3.922829674245875142e-01,3.970099745782693090e-01,0.000000000000000000e+00,3.950736059296122149e-01,4.101549624502103808e-01,3.955810120637778260e-01,0.000000000000000000e+00,4.111066953014734793e-01,4.174443222994181912e-01,2.916147993490468826e-01,3.559643833888962994e-01,3.955324374625480144e-01,4.363798294477265194e-01,0.000000000000000000e+00,0.000000000000000000e+00,0.000000000000000000e+00,3.687132920983375861e-01,0.000000000000000000e+00,0.000000000000000000e+00,0.000000000000000000e+00,0.000000000000000000e+00,4.329789514702460096e-01,0.000000000000000000e+00,4.623255448850587812e-01,4.469379187989513946e-01,0.000000000000000000e+00,4.127534319042409083e-01,4.352385737190938020e-01,0.000000000000000000e+00,4.047355518525415086e-01,0.000000000000000000e+00,4.638040329102809944e-01,3.377156853675841730e-01,0.000000000000000000e+00,0.000000000000000000e+00,0.000000000000000000e+00,0.000000000000000000e+00,0.000000000000000000e+00,0.000000000000000000e+00,0.000000000000000000e+00,0.000000000000000000e+00,4.524610317912124979e-01,0.000000000000000000e+00,0.000000000000000000e+00,0.000000000000000000e+00,4.591055335572716833e-01,4.403228676213081783e-01,4.139823310528826239e-01,0.000000000000000000e+00,4.349672756471537061e-01
3.747703423034405845e-01,3.632652215377967786e-01,4.281505608046651812e-01,0.000000000000000000e+00,4.157696812881963022e-01,4.512842545620345813e-01,4.288367545541998949e-01,5.339057006504650538e-01,4.388720065381183089e-01,3.287089134249295830e-01,4.257287312069361063e-01,0.000000000000000000e+00,4.303979054577652952e-01,0.000000000000000000e+00,3.731860120390427249e-01,3.704462049206467822e-01,3.751233287717811171e-01,3.632920088784166168e-01,4.252233480500465790e-01,5.016689639315161653e-01,4.673580858272158856e-01,4.484761019626686829e-01,5.092294347768493434e-01,3.174124475962601943e-01,3.739137631368740222e-01,3.415376400137226098e-01,4.777351735427234902e-01,4.256397851250954267e-01,4.720858652301828107e-01,0.000000000000000000e+00,3.800751000601689245e-01,3.754648489809794265e-01,3.069346370580194883e-01,3.568275023722580208e-01,4.283548536718265187e-01,3.693952315082689730e-01,3.606436662753186861e-01,2.830260732929829048e-01,0.000000000000000000e+00,3.820044231032582172e-01,4.023006754607553748e-01,3.765801021885383237e-01,0.000000000000000000e+00,0.000000000000000000e+00,3.586744003034070261e-01,3.937077806593188845e-01,0.000000000000000000e+00,0.000000000000000000e+00,0.000000000000000000e+00,0.000000000000000000e+00,0.000000000000000000e+00,0.000000000000000000e+00,0.000000000000000000e+00,0.000000000000000000e+00,4.257877581021102809e-01,0.000000000000000000e+00,4.244470167006226813e-01,0.000000000000000000e+00,0.000000000000000000e+00,0.000000000000000000e+00,3.967155437484990999e-01,4.302824369704226215e-01,4.036177191774770745e-01,0.000000000000000000e+00,0.000000000000000000e+00,0.000000000000000000e+00,0.000000000000000000e+00,0.000000000000000000e+00,3.888056118339021094e-01,4.112815975242076205e-01,4.395294579422507897e-01,0.000000000000000000e+00,0.000000000000000000e+00,0.000000000000000000e+00,0.000000000000000000e+00,4.050516772858477887e-01
4.520977733648994801e-01,4.072018675326745107e-01,4.107115069717240941e-01,3.625531332815701835e-01,3.766131536310500239e-01,3.701952167351358902e-01,3.577866667610689055e-01,4.226998324886018232e-01,3.771796952630985800e-01,4.375764772816275738e-01,3.993898332971371756e-01,4.303979054577652952e-01,0.000000000000000000e+00,3.600210243173657121e-01,3.987242175550976819e-01,4.545668337072376053e-01,4.379938390656999969e-01,4.328338116800359847e-01,3.958739794520694244e-01,4.377282812474380114e-01,4.192680059996956032e-01,4.505719925767476264e-01,3.949822498942743842e-01,4.208940666328914726e-01,4.127101228359765228e-01,4.190700140572808929e-01,4.019730328331759805e-01,3.687867881474465870e-01,4.026578806198269911e-01,4.104592445875899220e-01,4.320172754900898915e-01,4.332057602946596808e-01,4.253031684637191834e-01,4.347377356564047779e-01,4.825728538334517759e-01,3.586914361202844237e-01,4.009822230744595206e-01,4.259489054493588167e-01,4.746732189464376028e-01,0.000000000000000000e+00,4.820721827977800245e-01,0.000000000000000000e+00,4.457950440559628191e-01,0.000000000000000000e+00,0.000000000000000000e+00,0.000000000000000000e+00,0.000000000000000000e+00,4.759261929927273149e-01,0.000000000000000000e+00,5.121038204146566297e-01,4.825545703738143843e-01,4.982343505338984735e-01,4.605195233979728076e-01,4.784609275742683909e-01,0.000000000000000000e+00,4.479425530987983795e-01,0.000000000000000000e+00,4.839016739090277186e-01,4.325121756562906872e-01,4.305735571676955753e-01,0.000000000000000000e+00,0.000000000000000000e+00,0.000000000000000000e+00,4.607476561139713933e-01,4.411510081296490249e-01,4.312720398808002065e-01,4.630898078409163010e-01,4.897211666809452857e-01,0.000000000000000000e+00,0.000000000000000000e+00,4.506948429947825741e-01,4.817700464467586929e-01,4.771460371667012867e-01,4.648912662480412794e-01,4.987676558803030846e-01,4.749083391898997752e-01
0.000000000000000000e+00,0.000000000000000000e+00,3.778325195266958869e-01,4.075725826812267027e-01,2.966041893573533872e-01,4.091460225347424151e-01,3.547650572076477826e-01,3.672113720509060930e-01,3.785419924564166205e-01,3.801389396214813754e-01,3.090397063692291169e-01,0.000000000000000000e+00,3.600210243173657121e-01,0.000000000000000000e+00,0.000000000000000000e+00,0.000000000000000000e+00,0.000000000000000000e+00,0.000000000000000000e+00,3.393332657517340034e-01,0.000000000000000000e+00,0.000000000000000000e+00,0.000000000000000000e+00,3.870348237820089854e-01,5.225481113515143550e-01,0.000000000000000000e+00,0.000000000000000000e+00,4.163842891747107089e-01,3.674600707288631085e-01,0.000000000000000000e+00,0.000000000000000000e+00,3.897035366119178112e-01,3.129172815264444907e-01,0.000000000000000000e+00,3.764754406555411159e-01,0.000000000000000000e+00,2.812615684154792794e-01,2.743338111553408898e-01,0.000000000000000000e+00,0.000000000000000000e+00,0.000000000000000000e+00,0.000000000000000000e+00,0.000000000000000000e+00,3.986849276433628853e-01,0.000000000000000000e+00,0.000000000000000000e+00,0.000000000000000000e+00,0.000000000000000000e+00,4.719706579830262871e-01,0.000000000000000000e+00,0.000000000000000000e+00,0.000000000000000000e+00,0.000000000000000000e+00,4.406377728642180136e-01,4.413466845719780096e-01,0.000000000000000000e+00,0.000000000000000000e+00,0.000000000000000000e+00,4.552134698524433198e-01,4.380852451290910277e-01,0.000000000000000000e+00,0.000000000000000000e+00,0.000000000000000000e+00,0.000000000000000000e+00,0.000000000000000000e+00,0.000000000000000000e+00,0.000000000000000000e+00,0.000000000000000000e+00,4.743627018380616733e-01,0.000000000000000000e+00,0.000000000000000000e+00,0.000000000000000000e+00,4.693552025345736900e-01,4.397475974470285154e-01,0.000000000000000000e+00,0.000000000000000000e+00,0.000000000000000000e+00
3.959967059719667892e-01,3.928966922785431803e-01,0.000000000000000000e+00,0.000000000000000000e+00,0.000000000000000000e+00,3.516117971289250965e-01,4.046778775639837122e-01,4.019267765988274732e-01,0.000000000000000000e+00,3.487348644591035107e-01,0.000000000000000000e+00,3.731860120390427249e-01,3.987242175550976819e-01,0.000000000000000000e+00,0.000000000000000000e+00,3.928165299002909228e-01,3.800861044240482212e-01,3.762386380296818267e-01,0.000000000000000000e+00,3.553194784722156219e-01,3.746048633648619841e-01,3.728962287419588240e-01,3.448213656781978220e-01,4.119003557126241222e-01,3.636713159842460130e-01,3.993981367076461231e-01,3.471748992967050862e-01,4.043070821986862184e-01,3.731272954634268224e-01,3.644724332933156896e-01,4.076551694664137249e-01,4.789324056220503056e-01,3.789224265369178224e-01,4.469058580307089801e-01,4.851526619200249857e-01,0.000000000000000000e+00,0.000000000000000000e+00,0.000000000000000000e+00,4.628639244910346950e-01,4.251855714955430909e-01,4.524241234595873240e-01,4.688099392538174204e-01,0.000000000000000000e+00,0.000000000000000000e+00,0.000000000000000000e+00,4.367855956362686198e-01,4.387984959617238223e-01,0.000000000000000000e+00,0.000000000000000000e+00,0.000000000000000000e+00,4.134619659965632077e-01,0.000000000000000000e+00,4.451088959057479810e-01,0.000000000000000000e+00,0.000000000000000000e+00,0.000000000000000000e+00,0.000000000000000000e+00,0.000000000000000000e+00,0.000000000000000000e+00,3.661025701265677723e-01,4.136875389219403787e-01,0.000000000000000000e+00,4.207657091254550785e-01,0.000000000000000000e+00,3.231936864631019812e-01,4.509707229260950800e-01,4.013931791869703725e-01,4.202316154249091107e-01,4.906956869269378241e-01,3.714409421760381802e-01,4.702563546031354180e-01,4.054321871712697201e-01,4.341511184920194277e-01,4.127194302649315749e-01,0.000000000000000000e+00,4.288326581802859860e-01
3.584649648821520151e-01,4.036725797913076064e-01,0.000000000000000000e+00,0.000000000000000000e+00,0.000000000000000000e+00,4.152105101391582176e-01,4.463148834311250202e-01,4.942814334738164228e-01,4.017280988646281803e-01,3.691343128971604770e-01,0.000000000000000000e+00,3.704462049206467822e-01,4.545668337072376053e-01,0.000000000000000000e+00,3.928165299002909228e-01,0.000000000000000000e+00,3.828186847450368857e-01,3.674524040779917899e-01,0.000000000000000000e+00,4.176172225715564790e-01,4.023530413540798989e-01,3.904449201752118181e-01,4.132817411713182731e-01,3.424066243672885257e-01,3.860994052607952254e-01,4.104967255795384795e-01,4.043129388456189188e-01,4.427189875604662928e-01,4.429165998070452859e-01,0.000000000000000000e+00,4.015577071971693224e-01,4.896960900935701244e-01,3.721821677629715830e-01,4.235153551277099915e-01,4.676184161932002148e-01,0.000000000000000000e+00,0.000000000000000000e+00,0.000000000000000000e+00,4.391341558121439892e-01,3.880416350088992106e-01,3.967331766001526150e-01,4.246880190265022725e-01,0.000000000000000000e+00,0.000000000000000000e+00,0.000000000000000000e+00,3.679815991579061252e-01,3.937696866455390188e-01,0.000000000000000000e+00,0.000000000000000000e+00,0.000000000000000000e+00,0.000000000000000000e+00,0.000000000000000000e+00,0.000000000000000000e+00,0.000000000000000000e+00,3.928241588492206171e-01,0.000000000000000000e+00,4.527565836906433105e-01,0.000000000000000000e+00,0.000000000000000000e+00,4.117914114049046059e-01,3.889417605174957937e-01,3.674573005218486066e-01,3.792443612851787993e-01,0.000000000000000000e+00,4.071127894486161747e-01,4.094518142490417012e-01,4.128335403911537749e-01,4.144220746524163723e-01,3.911749434122185898e-01,3.659115359302452797e-01,3.929408680426305089e-01,4.282469826095310905e-01,0.000000000000000000e+00,4.131434491976830881e-01,0.000000000000000000e+00,3.800170185380307153e-01
3.264952630744408779e-01,3.735477557933805093e-01,0.000000000000000000e+00,0.000000000000000000e+00,4.424403309822083075e-01,0.000000000000000000e+00,0.000000000000000000e+00,4.944967015332323856e-01,0.000000000000000000e+00,3.477269329173823809e-01,0.000000000000000000e+00,3.751233287717811171e-01,4.379938390656999969e-01,0.000000000000000000e+00,3.800861044240482212e-01,3.828186847450368857e-01,0.000000000000000000e+00,3.320492889173767836e-01,0.000000000000000000e+00,3.848071847228825004e-01,4.359197939628948193e-01,3.859617583549913022e-01,4.783230121999795248e-01,3.199246920095584756e-01,3.571081182966436840e-01,3.418714534116381043e-01,0.000000000000000000e+00,4.336104640531519006e-01,4.151600253596969825e-01,0.000000000000000000e+00,3.608778310003128986e-01,4.460143279891047863e-01,3.034973484681415257e-01,3.759158639149465797e-01,4.134664445084758055e-01,4.541088579864138164e-01,0.000000000000000000e+00,3.270398552563210104e-01,0.000000000000000000e+00,3.824832418232841924e-01,0.000000000000000000e+00,0.000000000000000000e+00,0.000000000000000000e+00,0.000000000000000000e+00,0.000000000000000000e+00,3.600792397211495244e-01,0.000000000000000000e+00,0.000000000000000000e+00,0.000000000000000000e+00,0.000000000000000000e+00,0.000000000000000000e+00,0.000000000000000000e+00,0.000000000000000000e+00,0.000000000000000000e+00,4.317581721511004056e-01,0.000000000000000000e+00,4.287864996082407232e-01,0.000000000000000000e+00,0.000000000000000000e+00,0.000000000000000000e+00,3.555238174302495224e-01,4.134354220227092203e-01,3.810446869070884812e-01,0.000000000000000000e+00,0.000000000000000000e+00,0.000000000000000000e+00,0.000000000000000000e+00,0.000000000000000000e+00,3.709340716581204234e-01,3.775887928390682102e-01,4.132583574718438069e-01,0.000000000000000000e+00,0.000000000000000000e+00,0.000000000000000000e+00,0.000000000000000000e+00,3.855938613414763849e-01
3.392971266316939238e-01,3.942878980568880753e-01,0.000000000000000000e+00,0.000000000000000000e+00,0.000000000000000000e+00,4.133045460707289731e-01,0.000000000000000000e+00,4.926076323185158978e-01,0.000000000000000000e+00,3.453671522797573945e-01,0.000000000000000000e+00,3.632920088784166168e-01,4.328338116800359847e-01,0.000000000000000000e+00,3.762386380296818267e-01,3.674524040779917899e-01,3.320492889173767836e-01,0.000000000000000000e+00,0.000000000000000000e+00,4.181617488722629838e-01,3.986647782678134910e-01,4.052848042054016942e-01,4.545639393953188057e-01,3.154152607107927886e-01,3.612694194503455747e-01,3.709773079268587903e-01,4.092885498297066937e-01,4.241194902595473160e-01,4.394371186225838888e-01,0.000000000000000000e+00,3.712352594210945878e-01,4.575524965640132002e-01,3.207159504028986863e-01,3.857322361150474221e-01,4.321323077730472861e-01,0.000000000000000000e+00,0.000000000000000000e+00,3.215225562062117848e-01,4.174529337879933077e-01,3.650841460012820838e-01,3.787961483609179059e-01,4.017963536356001231e-01,0.000000000000000000e+00,0.000000000000000000e+00,0.000000000000000000e+00,3.575259084041885749e-01,3.734958721151597216e-01,0.000000000000000000e+00,0.000000000000000000e+00,0.000000000000000000e+00,0.000000000000000000e+00,0.000000000000000000e+00,0.000000000000000000e+00,0.000000000000000000e+00,4.168350618051557821e-01,0.000000000000000000e+00,4.279123851526376865e-01,0.000000000000000000e+00,0.000000000000000000e+00,0.000000000000000000e+00,3.739781063700269859e-01,3.969331254931858788e-01,3.803144038056354148e-01,0.000000000000000000e+00,4.087418855341741208e-01,3.888709251732216932e-01,3.913245465911642240e-01,0.000000000000000000e+00,3.757785865177287188e-01,3.702984909078321230e-01,3.890360659141007260e-01,0.000000000000000000e+00,0.000000000000000000e+00,4.076608257565262905e-01,0.000000000000000000e+00,3.733870097343123251e-01
0.000000000000000000e+00,0.000000000000000000e+00,2.723515961833337107e-01,3.725799465158914914e-01,3.405230561138899992e-01,3.266273695629183793e-01,3.926766896885893199e-01,3.428844645099592969e-01,3.003530772392625781e-01,4.154289989945966211e-01,2.682278007172220757e-01,4.252233480500465790e-01,3.958739794520694244e-01,3.393332657517340034e-01,0.000000000000000000e+00,0.000000000000000000e+00,0.000000000000000000e+00,0.000000000000000000e+00,0.000000000000000000e+00,0.000000000000000000e+00,3.666361570358275812e-01,0.000000000000000000e+00,3.156203001411521103e-01,0.000000000000000000e+00,0.000000000000000000e+00,0.000000000000000000e+00,3.716887771174086086e-01,3.926386374453101902e-01,0.000000000000000000e+00,3.905662903525317087e-01,4.017093619390341153e-01,3.905521697570991102e-01,0.000000000000000000e+00,4.095989117631519960e-01,4.028542683344272790e-01,3.514882608296672761e-01,3.978813438498907118e-01,4.087872553535222830e-01,4.589364001844672969e-01,0.000000000000000000e+00,0.000000000000000000e+00,0.000000000000000000e+00,3.743711279532019875e-01,0.000000000000000000e+00,0.000000000000000000e+00,0.000000000000000000e+00,0.000000000000000000e+00,3.094479637548920858e-01,0.000000000000000000e+00,0.000000000000000000e+00,4.626952771467290892e-01,4.656222649454430096e-01,4.361844219104332732e-01,4.449523295651354182e-01,0.000000000000000000e+00,4.444953675678003924e-01,0.000000000000000000e+00,4.524954465096336920e-01,0.000000000000000000e+00,0.000000000000000000e+00,0.000000000000000000e+00,0.000000000000000000e+00,0.000000000000000000e+00,4.200254890930478768e-01,0.000000000000000000e+00,0.000000000000000000e+00,0.000000000000000000e+00,4.570116416924713820e-01,0.000000000000000000e+00,0.000000000000000000e+00,0.000000000000000000e+00,4.496282089665316062e-01,4.465197158043451853e-01,4.264364317905551260e-01,0.000000000000000000e+00,4.354860091719500725e-01
4.067226608166222834e-01,3.992151767567508891e-01,3.878430450321331824e-01,0.000000000000000000e+00,4.291608228045334927e-01,3.744049067845995893e-01,4.399478440168946847e-01,3.856351590269240792e-01,3.741887666027173265e-01,4.266344557478011223e-01,0.000000000000000000e+00,5.016689639315161653e-01,4.377282812474380114e-01,0.000000000000000000e+00,3.553194784722156219e-01,4.176172225715564790e-01,3.848071847228825004e-01,4.181617488722629838e-01,0.000000000000000000e+00,0.000000000000000000e+00,4.022887961962983150e-01,3.990923431940496258e-01,3.160710118174221983e-01,4.427116514631618260e-01,3.893673776169557232e-01,4.219859687983492091e-01,3.681912282723717178e-01,4.116971502221135060e-01,3.656679969512285910e-01,3.516852509400739124e-01,4.068002689343165890e-01,5.099088631506573099e-01,4.202078349976335891e-01,4.560700150649417139e-01,5.002782440686659449e-01,5.620315273751573804e-01,5.245960439830925637e-01,5.188954253849140663e-01,4.474564268026283154e-01,4.127700324999458159e-01,4.393453001854352724e-01,4.498753220239877226e-01,4.714858314469124734e-01,0.000000000000000000e+00,0.000000000000000000e+00,4.135288746547374772e-01,4.220500730581226989e-01,0.000000000000000000e+00,0.000000000000000000e+00,0.000000000000000000e+00,4.263551019852838131e-01,0.000000000000000000e+00,4.252367720200522228e-01,0.000000000000000000e+00,0.000000000000000000e+00,0.000000000000000000e+00,0.000000000000000000e+00,4.329303602411018748e-01,0.000000000000000000e+00,4.132770291159261200e-01,4.133803255660178921e-01,0.000000000000000000e+00,3.989143600124224753e-01,0.000000000000000000e+00,4.208770040483241215e-01,4.245802330737288854e-01,4.284703670207988258e-01,4.221722235994027073e-01,4.662266985935025754e-01,3.915161633915825723e-01,4.474320915383048214e-01,4.311178705762693242e-01,4.362513531218438212e-01,4.212620798092822083e-01,0.000000000000000000e+00,4.203384745355959184e-01
4.191753311882486233e-01,3.976655472188834195e-01,4.452102626747796998e-01,0.000000000000000000e+00,3.921546084190081771e-01,3.566640160069267096e-01,4.212017544095472132e-01,4.357033164004499026e-01,3.765453243918189807e-01,4.270618486646796108e-01,4.661545918476401873e-01,4.673580858272158856e-01,4.192680059996956032e-01,0.000000000000000000e+00,3.746048633648619841e-01,4.023530413540798989e-01,4.359197939628948193e-01,3.986647782678134910e-01,3.666361570358275812e-01,4.022887961962983150e-01,0.000000000000000000e+00,4.060141971755599766e-01,3.678066775743700778e-01,4.519498046966463067e-01,4.058412543097297820e-01,3.926452710468339991e-01,3.882325013030670235e-01,4.091474451486781239e-01,3.880507367539917096e-01,4.110197696968858061e-01,4.227497784431629158e-01,4.823251028824407927e-01,3.712043107496518224e-01,4.528513674641290176e-01,4.856925852568014235e-01,5.223362493208191237e-01,5.242318913031670524e-01,0.000000000000000000e+00,4.629844991178740932e-01,4.202798719213535206e-01,4.406690263887725889e-01,4.707390363705036274e-01,0.000000000000000000e+00,0.000000000000000000e+00,0.000000000000000000e+00,4.137743494245101905e-01,4.295163596065272871e-01,0.000000000000000000e+00,0.000000000000000000e+00,0.000000000000000000e+00,4.239276033520976150e-01,0.000000000000000000e+00,3.905063856389274224e-01,0.000000000000000000e+00,0.000000000000000000e+00,0.000000000000000000e+00,0.000000000000000000e+00,4.374611207898890797e-01,0.000000000000000000e+00,4.219293811345706802e-01,4.170776892067671882e-01,0.000000000000000000e+00,3.947646709296893097e-01,0.000000000000000000e+00,4.088199131730338998e-01,4.266141883521359923e-01,4.324578402452490256e-01,4.151615603287304168e-01,4.389391073847002112e-01,3.811645152792155211e-01,4.522729605081575177e-01,4.236907350867035182e-01,4.271676432862083206e-01,4.110753590869561935e-01,0.000000000000000000e+00,4.080438113338353268e-01
