0.000000000000000000e+00,4.278286484162593939e-01,0.000000000000000000e+00,0.000000000000000000e+00,0.000000000000000000e+00,4.322135055789639857e-01,4.660160361276737273e-01,5.005010510050281747e-01,0.000000000000000000e+00,3.753895025330291069e-01,0.000000000000000000e+00,3.665869339334882904e-01,4.633021034009924266e-01,0.000000000000000000e+00,4.250474158781666900e-01,4.173723566768565152e-01,3.532975707660219178e-01,3.836863876793992767e-01,0.000000000000000000e+00,4.493513630198471276e-01,4.205375668259552224e-01,4.437305635712964214e-01,4.471205039675750226e-01,3.489122458879149735e-01,3.821938246910042136e-01,3.924579663556401199e-01,4.487944913793027180e-01,4.680746677652966037e-01,4.451675699998742242e-01,0.000000000000000000e+00,3.831987602547450855e-01,4.501246306585183210e-01,3.508816568388429258e-01,3.786541521083551798e-01,4.308769974844616213e-01,0.000000000000000000e+00,0.000000000000000000e+00,4.433036749687090938e-01,4.568474591381638250e-01,4.439806823563158811e-01,4.070613781874579118e-01,4.548908094937744173e-01,0.000000000000000000e+00,0.000000000000000000e+00,0.000000000000000000e+00,3.626981821061225908e-01,4.491896301111549805e-01,0.000000000000000000e+00,0.000000000000000000e+00,0.000000000000000000e+00,4.454695449823659059e-01,0.000000000000000000e+00,0.000000000000000000e+00,0.000000000000000000e+00,4.196626607017487909e-01,0.000000000000000000e+00,4.664625727970425073e-01,0.000000000000000000e+00,0.000000000000000000e+00,4.643960008959795993e-01,4.501651619233056900e-01,3.929819898184133131e-01,4.014979773507630911e-01,0.000000000000000000e+00,4.475758600571422274e-01,4.128381465244593262e-01,4.617282646872606922e-01,4.268312878248521902e-01,3.436035908179629894e-01,4.126405471735212771e-01,4.274668728654927863e-01,0.000000000000000000e+00,0.000000000000000000e+00,4.680789434006549232e-01,0.000000000000000000e+00,4.119773743297057145e-01
4.278286484162593939e-01,0.000000000000000000e+00,0.000000000000000000e+00,0.000000000000000000e+00,4.530801732164412843e-01,4.234573096971122053e-01,4.617221347904161832e-01,4.326819078924485917e-01,4.261411142176841915e-01,3.688911141129291860e-01,0.000000000000000000e+00,3.635604108366646270e-01,4.639943326947529867e-01,0.000000000000000000e+00,4.302037098957611772e-01,4.183533145887244897e-01,3.752060206108490115e-01,4.073262639663404738e-01,0.000000000000000000e+00,4.432640081968384216e-01,4.362527692877464225e-01,4.317793612710176254e-01,4.234588686213849873e-01,3.775914704640996877e-01,3.844987140047914087e-01,4.347454844573150901e-01,4.260156752585328999e-01,4.467777623263257114e-01,4.339816192512335191e-01,0.000000000000000000e+00,4.047827491761404883e-01,4.707361129119009835e-01,3.809079233722096891e-01,4.048981573136924972e-01,4.547489397891311125e-01,0.000000000000000000e+00,0.000000000000000000e+00,0.000000000000000000e+00,4.715645821321586828e-01,4.594496105738997138e-01,4.429487880295234215e-01,4.698893743033644155e-01,0.000000000000000000e+00,0.000000000000000000e+00,0.000000000000000000e+00,4.588681366451609067e-01,4.594441258129068895e-01,0.000000000000000000e+00,0.000000000000000000e+00,0.000000000000000000e+00,4.566944142228651082e-01,4.622639674917651265e-01,4.701301443059913154e-01,0.000000000000000000e+00,4.041876848614848194e-01,0.000000000000000000e+00,4.252835091668716871e-01,4.648748721216631741e-01,0.000000000000000000e+00,4.881542423966128141e-01,4.577071676612282092e-01,0.000000000000000000e+00,4.435070920104127734e-01,0.000000000000000000e+00,4.751001522226092066e-01,4.744499238683090869e-01,4.697472482102144076e-01,4.668207554495845124e-01,4.487298978847008013e-01,4.539886840144088942e-01,4.681636161831124743e-01,4.756183255039321822e-01,4.883480813798328768e-01,4.822391940815196065e-01,4.857017752285230916e-01,4.419096481200294746e-01
0.000000000000000000e+00,0.000000000000000000e+00,0.000000000000000000e+00,3.884616811802245051e-01,3.678439279704546760e-01,3.600890715235385842e-01,4.049813636374843817e-01,4.182775745708098847e-01,2.628914861857520879e-01,4.356136483871003162e-01,2.741662526985028103e-01,4.449654630003144207e-01,4.247517853959978940e-01,3.676141277396789975e-01,0.000000000000000000e+00,0.000000000000000000e+00,0.000000000000000000e+00,0.000000000000000000e+00,2.069321018167034898e-01,3.976087716307176723e-01,0.000000000000000000e+00,0.000000000000000000e+00,3.160897579271552127e-01,0.000000000000000000e+00,0.000000000000000000e+00,0.000000000000000000e+00,2.870595548437447908e-01,4.339584608540830724e-01,3.924773315573871213e-01,4.415267599888033079e-01,4.523384792607680893e-01,4.255450567077385116e-01,4.156901232375160848e-01,4.451803199630539054e-01,4.336042909925764133e-01,4.095752893322424093e-01,4.295678461722874930e-01,4.111541953884220169e-01,5.049556846040893499e-01,0.000000000000000000e+00,5.282649082474483171e-01,5.389234792585534395e-01,4.303425796443963169e-01,0.000000000000000000e+00,0.000000000000000000e+00,0.000000000000000000e+00,0.000000000000000000e+00,3.839541261739128908e-01,0.000000000000000000e+00,5.259367374151732166e-01,5.453006170175294098e-01,5.414015904234005250e-01,5.097469620179314598e-01,5.306266237249955831e-01,0.000000000000000000e+00,3.936779878030771118e-01,0.000000000000000000e+00,5.351762689462357114e-01,4.439221025449496261e-01,0.000000000000000000e+00,0.000000000000000000e+00,0.000000000000000000e+00,0.000000000000000000e+00,4.011599181319223106e-01,0.000000000000000000e+00,0.000000000000000000e+00,0.000000000000000000e+00,5.472985928237436015e-01,0.000000000000000000e+00,0.000000000000000000e+00,0.000000000000000000e+00,5.353492483144924874e-01,5.305468073609840296e-01,5.140289805899351805e-01,0.000000000000000000e+00,5.376988504269795133e-01
0.000000000000000000e+00,0.000000000000000000e+00,3.884616811802245051e-01,0.000000000000000000e+00,2.836354437463196043e-01,4.285581558883438946e-01,2.943061967639417076e-01,3.392247898886532886e-01,4.185203153030506162e-01,1.921439788749824129e-01,3.293773623472405210e-01,0.000000000000000000e+00,3.450296337327182772e-01,2.779828302256632799e-01,0.000000000000000000e+00,0.000000000000000000e+00,0.000000000000000000e+00,0.000000000000000000e+00,3.935437813247367744e-01,4.789956764167125902e-01,0.000000000000000000e+00,0.000000000000000000e+00,4.216121132904180890e-01,0.000000000000000000e+00,0.000000000000000000e+00,0.000000000000000000e+00,4.291931764269226179e-01,2.948974299756119133e-01,4.555100796637774896e-01,0.000000000000000000e+00,2.869077085481993028e-01,2.792936289077013745e-01,2.392369046133175081e-01,3.101479342620492852e-01,3.174873787837764749e-01,1.923920341589273886e-01,1.612851675022781983e-01,2.425171024029283973e-01,0.000000000000000000e+00,0.000000000000000000e+00,0.000000000000000000e+00,0.000000000000000000e+00,0.000000000000000000e+00,0.000000000000000000e+00,0.000000000000000000e+00,0.000000000000000000e+00,0.000000000000000000e+00,0.000000000000000000e+00,0.000000000000000000e+00,0.000000000000000000e+00,4.678441885329018834e-01,0.000000000000000000e+00,0.000000000000000000e+00,0.000000000000000000e+00,0.000000000000000000e+00,0.000000000000000000e+00,0.000000000000000000e+00,0.000000000000000000e+00,0.000000000000000000e+00,0.000000000000000000e+00,0.000000000000000000e+00,0.000000000000000000e+00,0.000000000000000000e+00,0.000000000000000000e+00,0.000000000000000000e+00,0.000000000000000000e+00,0.000000000000000000e+00,4.867639869069166902e-01,0.000000000000000000e+00,0.000000000000000000e+00,0.000000000000000000e+00,5.006360601093530205e-01,0.000000000000000000e+00,0.000000000000000000e+00,0.000000000000000000e+00,0.000000000000000000e+00
0.000000000000000000e+00,4.530801732164412843e-01,3.678439279704546760e-01,2.836354437463196043e-01,0.000000000000000000e+00,3.682262639595916265e-01,3.314602889638175176e-01,3.598993787677478018e-01,3.203571462879524767e-01,4.340810871313316999e-01,3.007778555388497810e-01,4.108433426806268884e-01,3.566843386197495747e-01,2.779816437384636796e-01,0.000000000000000000e+00,4.530169691957751099e-01,4.389974918496712952e-01,0.000000000000000000e+00,3.616388520706282916e-01,4.385265252694209859e-01,0.000000000000000000e+00,4.564808748115282144e-01,3.872201776097420889e-01,0.000000000000000000e+00,4.349784260278217185e-01,4.463328674360381165e-01,3.783366067634643115e-01,3.693751276616675239e-01,4.261640316745464174e-01,0.000000000000000000e+00,4.491636965963349271e-01,3.901332555637391786e-01,3.990271319305916942e-01,4.252657127520336755e-01,4.158762550106758216e-01,2.580241679456575787e-01,2.412531861055703108e-01,4.036477730954267096e-01,5.034595573317982575e-01,0.000000000000000000e+00,5.250579929093576181e-01,0.000000000000000000e+00,3.941718530091771200e-01,0.000000000000000000e+00,0.000000000000000000e+00,0.000000000000000000e+00,0.000000000000000000e+00,4.762647063919038248e-01,0.000000000000000000e+00,4.556661875909148174e-01,5.105719884556086940e-01,5.017486144470908460e-01,4.864807863805981070e-01,4.805595251065973850e-01,0.000000000000000000e+00,3.703509113007387166e-01,0.000000000000000000e+00,5.150212360104189369e-01,0.000000000000000000e+00,0.000000000000000000e+00,0.000000000000000000e+00,0.000000000000000000e+00,0.000000000000000000e+00,4.501012430305919021e-01,0.000000000000000000e+00,0.000000000000000000e+00,0.000000000000000000e+00,5.074119817407898303e-01,0.000000000000000000e+00,0.000000000000000000e+00,4.556602565747209788e-01,5.093737477552151560e-01,5.221425884713737364e-01,5.028432526248735046e-01,5.256282757496245628e-01,5.079542066502655828e-01
4.322135055789639857e-01,4.234573096971122053e-01,3.600890715235385842e-01,4.285581558883438946e-01,3.682262639595916265e-01,0.000000000000000000e+00,4.149979786240229895e-01,4.204158647312530861e-01,3.357365226559471116e-01,4.620891993510997109e-01,3.641588322214138751e-01,4.428378845371812034e-01,3.925749786270322228e-01,4.065410004984373882e-01,4.103119984809964205e-01,4.379360056310738214e-01,0.000000000000000000e+00,4.365042283311291738e-01,3.583634106898959115e-01,4.086481897095627924e-01,4.139437475234484798e-01,4.288081598432857966e-01,3.782771248908010087e-01,4.335096552186749053e-01,4.177665866833342179e-01,4.382909706112496084e-01,3.723901505103536236e-01,3.966175269855661267e-01,3.605248530154951947e-01,4.288717657522235216e-01,4.527860914277834770e-01,4.393196458528956794e-01,3.947251022672321752e-01,4.504121287035089960e-01,4.535395890576509048e-01,4.693281146078430166e-01,4.575529240967622924e-01,4.264926138858783911e-01,5.196519808413233577e-01,0.000000000000000000e+00,5.371412209909114388e-01,5.274491345430875056e-01,5.043896309933584288e-01,0.000000000000000000e+00,0.000000000000000000e+00,4.118048155447783798e-01,4.526718195202480977e-01,5.307883414997377480e-01,0.000000000000000000e+00,5.293600231152945090e-01,5.274275211458553381e-01,5.310643968861413766e-01,4.839031131830831001e-01,5.352000868346831197e-01,5.039150920186369342e-01,4.706619097845647914e-01,0.000000000000000000e+00,5.228027230905983869e-01,4.412798489601131857e-01,4.704740470559534149e-01,4.407744928178649046e-01,0.000000000000000000e+00,0.000000000000000000e+00,5.202130858886389042e-01,4.881922735975187111e-01,4.744647103121049092e-01,4.637090115957465120e-01,5.301387336477966228e-01,0.000000000000000000e+00,4.430942367290385264e-01,4.551571340027016910e-01,5.224257801530296508e-01,5.241117615972896715e-01,5.114960672182741197e-01,5.283542415945148285e-01,5.339410038546494874e-01
4.660160361276737273e-01,4.617221347904161832e-01,4.049813636374843817e-01,2.943061967639417076e-01,3.314602889638175176e-01,4.149979786240229895e-01,0.000000000000000000e+00,4.417234550908065160e-01,4.141120158438740817e-01,4.170744669816531247e-01,4.135611201759673006e-01,4.008685447064520013e-01,3.560143496377395911e-01,3.219399361644518787e-01,4.362835454045085881e-01,4.748552497886980861e-01,4.239637102151657122e-01,4.606247077554166958e-01,4.249569583549817064e-01,4.448126835308254812e-01,4.443984245072293837e-01,4.700950515298661925e-01,4.238414456831596233e-01,4.051480714310555786e-01,4.505627443538590127e-01,4.601925415090715177e-01,4.244171189420622992e-01,3.600857418362730100e-01,4.342922829790469841e-01,4.324205057688215725e-01,4.235601761231925222e-01,4.088656846542937928e-01,3.785185232600773997e-01,4.044453886698721745e-01,3.992666354520186256e-01,3.539935130271367192e-01,3.543382448311617194e-01,3.854223044973020262e-01,5.123962373132336934e-01,4.905551311747206045e-01,5.280262678503800933e-01,5.313071766524640749e-01,4.957989792304381971e-01,0.000000000000000000e+00,0.000000000000000000e+00,0.000000000000000000e+00,4.660390894082054869e-01,5.091588837111872268e-01,0.000000000000000000e+00,5.076597491482177649e-01,5.198083377874119781e-01,5.177633018463791981e-01,4.900542128455139257e-01,5.187598890488968051e-01,0.000000000000000000e+00,4.189231687105414159e-01,0.000000000000000000e+00,5.146910332760761264e-01,0.000000000000000000e+00,4.905454879932322765e-01,0.000000000000000000e+00,0.000000000000000000e+00,0.000000000000000000e+00,4.906475767267675092e-01,4.976515007069698959e-01,4.858626460553309157e-01,4.902443183006970906e-01,5.226357840468432991e-01,0.000000000000000000e+00,4.683063967338673139e-01,4.703472612547104914e-01,5.178398770761899472e-01,5.169615740903656942e-01,5.094289845890005441e-01,5.279451011184689291e-01,5.321801408372902609e-01
5.005010510050281747e-01,4.326819078924485917e-01,4.182775745708098847e-01,3.392247898886532886e-01,3.598993787677478018e-01,4.204158647312530861e-01,4.417234550908065160e-01,0.000000000000000000e+00,4.369174506809513914e-01,4.584702359377452185e-01,3.231563903543733240e-01,5.229228596242058158e-01,4.487898258139740859e-01,3.385044686302345895e-01,3.438406318851975896e-01,4.648810678709219268e-01,0.000000000000000000e+00,4.709842524519092799e-01,3.862851610529806079e-01,3.929721693881583211e-01,4.097250046865043016e-01,4.325080450043579106e-01,3.807683806852085739e-01,5.142832141697138981e-01,4.585558057224061734e-01,4.758741212891983152e-01,4.119535838645270176e-01,4.403687550365834036e-01,4.046512824095930272e-01,4.472534843987149844e-01,4.580675105786943258e-01,4.356248576680354923e-01,4.255886160591553224e-01,4.652796244178319940e-01,4.678710733682835965e-01,2.774350555683613995e-01,3.996761597158466905e-01,0.000000000000000000e+00,4.887106044904829805e-01,0.000000000000000000e+00,5.150329918905385274e-01,5.188036561012268066e-01,4.444878522032986723e-01,0.000000000000000000e+00,0.000000000000000000e+00,0.000000000000000000e+00,4.722511000597858222e-01,5.285818760484033429e-01,0.000000000000000000e+00,5.225891481509249425e-01,4.992300769173307895e-01,5.131527382130633974e-01,4.174208961329787804e-01,5.391112111241885829e-01,0.000000000000000000e+00,4.459207600551872153e-01,0.000000000000000000e+00,4.950815803668565107e-01,4.426066577434539795e-01,4.980295885918634147e-01,0.000000000000000000e+00,0.000000000000000000e+00,0.000000000000000000e+00,5.039928725985585167e-01,5.079939883516070287e-01,5.045122898737013362e-01,4.878796249642559091e-01,5.002806902739986850e-01,0.000000000000000000e+00,5.090150364223893220e-01,4.727139380560028137e-01,5.049780359688695874e-01,5.041122177112538072e-01,4.986050344583746741e-01,5.237988072908140724e-01,5.244577644703120045e-01
0.000000000000000000e+00,4.261411142176841915e-01,2.628914861857520879e-01,4.185203153030506162e-01,3.203571462879524767e-01,3.357365226559471116e-01,4.141120158438740817e-01,4.369174506809513914e-01,0.000000000000000000e+00,4.662970748142032940e-01,2.314174669367521087e-01,4.487057305314429145e-01,4.202538120413336076e-01,3.800043536840901903e-01,0.000000000000000000e+00,4.602445429065051274e-01,4.620868492976477060e-01,4.632298299177672884e-01,2.267784050449065114e-01,4.254447552511904096e-01,4.667318861703489974e-01,4.351198922366784072e-01,3.900591917990025026e-01,4.163535194561495123e-01,4.440348885201514939e-01,4.656583605613834886e-01,3.415076855814415113e-01,4.628059744567176725e-01,4.094304612442681846e-01,4.622153599934212265e-01,4.813007547847183987e-01,4.532900365298871970e-01,4.262218324561610205e-01,4.687119571147735919e-01,4.569959734692977116e-01,4.515368549511071805e-01,4.541417609922077103e-01,4.412830114269719051e-01,5.229709311328684107e-01,0.000000000000000000e+00,5.352920838232702039e-01,5.335277763733470291e-01,4.447462497055268971e-01,0.000000000000000000e+00,0.000000000000000000e+00,0.000000000000000000e+00,0.000000000000000000e+00,5.256297631063654441e-01,0.000000000000000000e+00,5.289948574835301454e-01,5.380634816557512412e-01,5.379025985555873079e-01,5.163822543806868559e-01,5.338173658833049728e-01,0.000000000000000000e+00,4.599286140046207061e-01,0.000000000000000000e+00,5.345205040651622719e-01,4.417089029996039140e-01,0.000000000000000000e+00,0.000000000000000000e+00,0.000000000000000000e+00,0.000000000000000000e+00,5.184015238131933767e-01,0.000000000000000000e+00,0.000000000000000000e+00,5.083962126277400406e-01,5.451401554979452557e-01,0.000000000000000000e+00,0.000000000000000000e+00,0.000000000000000000e+00,5.356618848428683632e-01,5.308481512655724988e-01,5.088615760669503718e-01,5.475837745906021459e-01,5.420149393210172972e-01
3.753895025330291069e-01,3.688911141129291860e-01,4.356136483871003162e-01,1.921439788749824129e-01,4.340810871313316999e-01,4.620891993510997109e-01,4.170744669816531247e-01,4.584702359377452185e-01,4.662970748142032940e-01,0.000000000000000000e+00,4.488611753498735202e-01,3.016089022127764752e-01,4.289433604695805924e-01,2.890476490594390269e-01,4.248822647163252864e-01,3.726390529214467784e-01,3.339234476521821815e-01,3.547679995668386876e-01,4.532578223271088169e-01,4.130033301683689873e-01,4.416401498165833939e-01,3.963804578405791812e-01,4.490604960671036872e-01,3.304186201919321886e-01,3.125509447651745876e-01,3.093436415982476761e-01,4.473844826296380917e-01,4.188341767706942886e-01,4.275424556210271065e-01,0.000000000000000000e+00,3.461740214282549855e-01,3.555718539339937090e-01,3.041924390241865783e-01,3.231170047835221215e-01,3.009595631585724185e-01,3.134258952569822232e-01,2.974015926452623915e-01,2.970745372520868233e-01,2.980420192345767938e-01,4.042412825317143743e-01,3.740151958384390074e-01,3.961532677115273127e-01,0.000000000000000000e+00,0.000000000000000000e+00,3.664835333671829232e-01,3.876413271905708169e-01,4.028514549620462182e-01,0.000000000000000000e+00,0.000000000000000000e+00,0.000000000000000000e+00,5.175508884490994665e-01,0.000000000000000000e+00,0.000000000000000000e+00,0.000000000000000000e+00,4.466132268043785936e-01,0.000000000000000000e+00,4.416052143131016239e-01,0.000000000000000000e+00,0.000000000000000000e+00,0.000000000000000000e+00,4.202173481583688086e-01,4.442630304784330741e-01,4.342757173816693128e-01,0.000000000000000000e+00,0.000000000000000000e+00,0.000000000000000000e+00,4.208185102470364813e-01,5.196111265126404088e-01,3.975716297810029110e-01,4.425163902283222872e-01,4.451983089092085843e-01,5.044681444535162873e-01,5.075084937538945073e-01,4.694685331545245255e-01,0.000000000000000000e+00,4.186025283481628056e-01
0.000000000000000000e+00,0.000000000000000000e+00,2.741662526985028103e-01,3.293773623472405210e-01,3.007778555388497810e-01,3.641588322214138751e-01,4.135611201759673006e-01,3.231563903543733240e-01,2.314174669367521087e-01,4.488611753498735202e-01,0.000000000000000000e+00,4.302441145890897878e-01,4.364321808216083953e-01,2.827261881058379944e-01,0.000000000000000000e+00,0.000000000000000000e+00,4.489565483513346944e-01,4.388366425733816190e-01,2.169219165258229887e-01,0.000000000000000000e+00,0.000000000000000000e+00,0.000000000000000000e+00,2.773060307193154217e-01,0.000000000000000000e+00,4.362568491230556789e-01,4.389643641758180781e-01,3.647902961818871859e-01,4.371511359298679844e-01,0.000000000000000000e+00,4.617110444305506101e-01,4.636348617039193765e-01,4.104319087400404853e-01,4.083091165947766998e-01,4.458919948518668130e-01,4.333268831945417121e-01,2.292211521748999115e-01,3.361826592396188196e-01,4.187658678988099847e-01,3.988895173680552242e-01,0.000000000000000000e+00,4.831038541201944092e-01,0.000000000000000000e+00,3.612202205223739027e-01,0.000000000000000000e+00,0.000000000000000000e+00,0.000000000000000000e+00,0.000000000000000000e+00,4.311840389226607728e-01,0.000000000000000000e+00,3.663079217099393103e-01,4.874822117216147110e-01,4.556503489376846905e-01,4.424930258533619210e-01,4.639428292950241173e-01,0.000000000000000000e+00,2.130382813727675906e-01,0.000000000000000000e+00,4.677200255861528877e-01,0.000000000000000000e+00,0.000000000000000000e+00,0.000000000000000000e+00,0.000000000000000000e+00,0.000000000000000000e+00,2.426093661384461919e-01,0.000000000000000000e+00,0.000000000000000000e+00,0.000000000000000000e+00,4.944095348352525177e-01,0.000000000000000000e+00,0.000000000000000000e+00,0.000000000000000000e+00,4.913110047851427797e-01,4.664424773881858943e-01,0.000000000000000000e+00,0.000000000000000000e+00,4.824112369176197790e-01
3.665869339334882904e-01,3.635604108366646270e-01,4.449654630003144207e-01,0.000000000000000000e+00,4.108433426806268884e-01,4.428378845371812034e-01,4.008685447064520013e-01,5.229228596242058158e-01,4.487057305314429145e-01,3.016089022127764752e-01,4.302441145890897878e-01,0.000000000000000000e+00,4.111000213923459157e-01,0.000000000000000000e+00,0.000000000000000000e+00,3.671545176788832965e-01,3.436915540779725831e-01,3.512429003308726871e-01,4.085099656507212851e-01,3.822496663977394959e-01,0.000000000000000000e+00,3.774612224919071113e-01,4.465887357808225877e-01,2.958300083165881222e-01,3.222581970919448091e-01,2.746169729401751192e-01,4.329485353744030873e-01,4.005782625584352052e-01,4.127535492157373143e-01,0.000000000000000000e+00,3.609085727823090894e-01,2.883387365300965066e-01,2.823706220644007225e-01,2.732992373504982142e-01,3.125974756208443894e-01,3.151383020549770042e-01,2.893105780429198193e-01,2.353991057766919026e-01,2.736003223763562864e-01,4.175275926231538093e-01,3.888476210599248195e-01,0.000000000000000000e+00,0.000000000000000000e+00,0.000000000000000000e+00,3.847123158795031084e-01,0.000000000000000000e+00,3.860715621549524745e-01,0.000000000000000000e+00,0.000000000000000000e+00,0.000000000000000000e+00,0.000000000000000000e+00,0.000000000000000000e+00,0.000000000000000000e+00,0.000000000000000000e+00,4.408945287721047768e-01,0.000000000000000000e+00,4.418278934561353233e-01,0.000000000000000000e+00,0.000000000000000000e+00,0.000000000000000000e+00,4.212857879689673735e-01,4.406630507320059009e-01,4.286179658241003887e-01,0.000000000000000000e+00,0.000000000000000000e+00,0.000000000000000000e+00,0.000000000000000000e+00,0.000000000000000000e+00,3.846470236014403188e-01,4.332592852851069876e-01,4.366993853401973102e-01,0.000000000000000000e+00,0.000000000000000000e+00,0.000000000000000000e+00,0.000000000000000000e+00,4.209615850338653265e-01
4.633021034009924266e-01,4.639943326947529867e-01,4.247517853959978940e-01,3.450296337327182772e-01,3.566843386197495747e-01,3.925749786270322228e-01,3.560143496377395911e-01,4.487898258139740859e-01,4.202538120413336076e-01,4.289433604695805924e-01,4.364321808216083953e-01,4.111000213923459157e-01,0.000000000000000000e+00,3.463048266866434743e-01,4.314386385694305992e-01,4.706112152540308236e-01,4.257381106600233167e-01,4.562441479805958156e-01,4.477006347259214758e-01,4.335692129092013070e-01,4.496965948483936937e-01,4.662706282051947149e-01,4.238880266326088275e-01,4.286690460097358768e-01,4.501987404689232752e-01,4.549634887534111938e-01,4.192455291082158864e-01,3.691879631858023258e-01,4.149974437835297070e-01,3.973764399457174190e-01,4.151827175695678163e-01,4.351852206409977941e-01,4.061626063835255263e-01,4.180039461107615817e-01,4.219660955604154218e-01,3.987921367979548881e-01,4.118979803114514171e-01,3.983673696030575195e-01,5.189622737568672095e-01,0.000000000000000000e+00,5.330794915854327742e-01,5.310107033415394362e-01,4.982140892896225193e-01,0.000000000000000000e+00,0.000000000000000000e+00,0.000000000000000000e+00,4.664949434716141874e-01,5.141980733098463485e-01,0.000000000000000000e+00,5.188606609038182160e-01,5.240817114549104483e-01,5.253433421437252449e-01,4.934357843978768865e-01,5.219709535577510273e-01,0.000000000000000000e+00,0.000000000000000000e+00,3.676069974899291992e-01,5.195658954111121997e-01,0.000000000000000000e+00,4.962185456312291909e-01,4.651590222050360768e-01,0.000000000000000000e+00,0.000000000000000000e+00,4.884359241487222225e-01,5.002953844587028076e-01,4.967045786441635080e-01,4.804669334255761148e-01,5.273884820904644055e-01,0.000000000000000000e+00,4.559593452400677038e-01,4.688796630238207253e-01,5.223750353341649610e-01,5.199621554526021594e-01,5.117402026461087550e-01,5.224896039226696320e-01,5.227621842782499417e-01
0.000000000000000000e+00,0.000000000000000000e+00,3.676141277396789975e-01,2.779828302256632799e-01,2.779816437384636796e-01,4.065410004984373882e-01,3.219399361644518787e-01,3.385044686302345895e-01,3.800043536840901903e-01,2.890476490594390269e-01,2.827261881058379944e-01,0.000000000000000000e+00,3.463048266866434743e-01,0.000000000000000000e+00,0.000000000000000000e+00,0.000000000000000000e+00,0.000000000000000000e+00,0.000000000000000000e+00,3.349298819598048871e-01,5.373145616557927218e-01,0.000000000000000000e+00,0.000000000000000000e+00,3.736281291163611740e-01,0.000000000000000000e+00,0.000000000000000000e+00,0.000000000000000000e+00,4.382522728789586819e-01,3.047328643915068191e-01,0.000000000000000000e+00,0.000000000000000000e+00,4.096923289336121266e-01,1.968441679148341950e-01,0.000000000000000000e+00,3.182958341975928862e-01,3.302555587933614922e-01,2.148165412764737048e-01,1.847902620168155041e-01,2.646470665931702215e-01,0.000000000000000000e+00,0.000000000000000000e+00,0.000000000000000000e+00,0.000000000000000000e+00,4.056146740913391113e-01,0.000000000000000000e+00,0.000000000000000000e+00,0.000000000000000000e+00,0.000000000000000000e+00,0.000000000000000000e+00,0.000000000000000000e+00,0.000000000000000000e+00,3.617636561393737793e-01,0.000000000000000000e+00,0.000000000000000000e+00,4.667663143347525190e-01,0.000000000000000000e+00,3.449466009046749937e-01,0.000000000000000000e+00,0.000000000000000000e+00,0.000000000000000000e+00,0.000000000000000000e+00,0.000000000000000000e+00,0.000000000000000000e+00,0.000000000000000000e+00,4.999776946385143250e-01,0.000000000000000000e+00,0.000000000000000000e+00,0.000000000000000000e+00,4.706653521269156260e-01,0.000000000000000000e+00,0.000000000000000000e+00,0.000000000000000000e+00,4.683077660317555013e-01,0.000000000000000000e+00,0.000000000000000000e+00,0.000000000000000000e+00,0.000000000000000000e+00
4.250474158781666900e-01,4.302037098957611772e-01,0.000000000000000000e+00,0.000000000000000000e+00,0.000000000000000000e+00,4.103119984809964205e-01,4.362835454045085881e-01,3.438406318851975896e-01,0.000000000000000000e+00,4.248822647163252864e-01,0.000000000000000000e+00,0.000000000000000000e+00,4.314386385694305992e-01,0.000000000000000000e+00,0.000000000000000000e+00,4.381016989091949254e-01,0.000000000000000000e+00,4.341229464903094137e-01,0.000000000000000000e+00,3.336239608074926810e-01,3.865546110847272177e-01,3.518169488008777157e-01,3.725513656998651890e-01,4.665692004127056092e-01,4.209788681329514892e-01,3.804090084879290234e-01,3.674386537387925866e-01,4.082096242056134083e-01,3.815738384946353867e-01,4.200288786454892120e-01,4.250124218341487792e-01,4.578422158405947018e-01,3.996374440271727724e-01,4.439805550854438176e-01,4.784035657321690782e-01,5.235762091383988626e-01,4.872826564621369760e-01,0.000000000000000000e+00,4.973797745752052135e-01,4.857091969048625835e-01,4.934969215661880737e-01,5.166092878029897584e-01,5.359809262015597930e-01,0.000000000000000000e+00,0.000000000000000000e+00,0.000000000000000000e+00,4.968316263770850005e-01,0.000000000000000000e+00,0.000000000000000000e+00,0.000000000000000000e+00,4.775872258063268982e-01,0.000000000000000000e+00,0.000000000000000000e+00,0.000000000000000000e+00,0.000000000000000000e+00,0.000000000000000000e+00,0.000000000000000000e+00,4.960990827401058900e-01,0.000000000000000000e+00,5.014524125509396413e-01,4.816212718202247944e-01,0.000000000000000000e+00,4.739993199519048073e-01,0.000000000000000000e+00,4.821192940623874046e-01,4.924145472589330219e-01,5.119621656311987845e-01,4.905346766024621941e-01,0.000000000000000000e+00,4.543638645038513002e-01,5.200954927727551302e-01,4.996777863648941276e-01,4.920676483731823980e-01,4.858814557169002235e-01,4.937877705753829227e-01,4.847860343985652132e-01
4.173723566768565152e-01,4.183533145887244897e-01,0.000000000000000000e+00,0.000000000000000000e+00,4.530169691957751099e-01,4.379360056310738214e-01,4.748552497886980861e-01,4.648810678709219268e-01,4.602445429065051274e-01,3.726390529214467784e-01,0.000000000000000000e+00,3.671545176788832965e-01,4.706112152540308236e-01,0.000000000000000000e+00,4.381016989091949254e-01,0.000000000000000000e+00,3.877539750734915747e-01,3.705471715348259143e-01,0.000000000000000000e+00,4.047177260577651259e-01,4.359869803470430849e-01,3.981562354903651069e-01,4.375135268067231742e-01,3.853468620084484209e-01,3.932073936808406778e-01,4.263405946462993090e-01,4.338279743992105031e-01,4.466629349795773751e-01,4.298825990886325221e-01,4.378029370409401988e-01,3.825285394608302081e-01,4.631597473071025761e-01,3.759168728599140974e-01,3.919214185838538755e-01,4.400554630670565071e-01,0.000000000000000000e+00,0.000000000000000000e+00,0.000000000000000000e+00,4.640052599257545873e-01,4.525333154487667930e-01,4.331825111472564771e-01,4.616982237260969790e-01,0.000000000000000000e+00,0.000000000000000000e+00,0.000000000000000000e+00,4.523678587484750158e-01,4.565488105249393969e-01,0.000000000000000000e+00,0.000000000000000000e+00,0.000000000000000000e+00,4.233662933876825019e-01,4.510590163487190885e-01,0.000000000000000000e+00,0.000000000000000000e+00,4.451717956593375103e-01,0.000000000000000000e+00,4.279225969209263236e-01,4.527054370314442799e-01,0.000000000000000000e+00,4.866657978147787000e-01,4.545491970872450049e-01,4.328174077134340214e-01,4.369639950701013076e-01,0.000000000000000000e+00,4.724965081326342742e-01,4.680668302151154148e-01,4.645968891278057233e-01,4.453566375209405126e-01,4.330228680817576059e-01,4.471695665930122132e-01,4.554139563071312180e-01,4.899898206354431074e-01,4.797126312954032024e-01,4.655556560826106804e-01,0.000000000000000000e+00,4.346365530381940956e-01
3.532975707660219178e-01,3.752060206108490115e-01,0.000000000000000000e+00,0.000000000000000000e+00,4.389974918496712952e-01,0.000000000000000000e+00,4.239637102151657122e-01,0.000000000000000000e+00,4.620868492976477060e-01,3.339234476521821815e-01,4.489565483513346944e-01,3.436915540779725831e-01,4.257381106600233167e-01,0.000000000000000000e+00,0.000000000000000000e+00,3.877539750734915747e-01,0.000000000000000000e+00,3.190379844666911269e-01,4.609640837719919948e-01,4.309950994197089269e-01,0.000000000000000000e+00,4.147815195880847905e-01,0.000000000000000000e+00,3.455362990929207179e-01,3.049593403712860251e-01,3.251940531212506036e-01,0.000000000000000000e+00,4.195614022814401767e-01,4.231875528779648898e-01,0.000000000000000000e+00,3.581918027958503892e-01,4.248050424410891868e-01,3.250445826408097094e-01,3.503423018118236865e-01,3.671273893380284092e-01,4.313973968158604788e-01,0.000000000000000000e+00,3.310417338471310922e-01,4.437346668619112089e-01,4.341476182426350916e-01,4.210002017791854012e-01,0.000000000000000000e+00,0.000000000000000000e+00,0.000000000000000000e+00,0.000000000000000000e+00,3.877807114367020080e-01,0.000000000000000000e+00,0.000000000000000000e+00,0.000000000000000000e+00,0.000000000000000000e+00,0.000000000000000000e+00,0.000000000000000000e+00,0.000000000000000000e+00,0.000000000000000000e+00,4.610194777188665882e-01,0.000000000000000000e+00,4.556175633988781004e-01,0.000000000000000000e+00,0.000000000000000000e+00,0.000000000000000000e+00,4.351574867708258854e-01,4.471244815265892902e-01,4.374931347500825018e-01,0.000000000000000000e+00,0.000000000000000000e+00,0.000000000000000000e+00,4.405998595100523163e-01,0.000000000000000000e+00,4.258233392531390882e-01,4.469821530562418932e-01,4.521928325116438829e-01,0.000000000000000000e+00,0.000000000000000000e+00,4.435741554232371930e-01,0.000000000000000000e+00,4.180463085189393135e-01
3.836863876793992767e-01,4.073262639663404738e-01,0.000000000000000000e+00,0.000000000000000000e+00,0.000000000000000000e+00,4.365042283311291738e-01,4.606247077554166958e-01,4.709842524519092799e-01,4.632298299177672884e-01,3.547679995668386876e-01,4.388366425733816190e-01,3.512429003308726871e-01,4.562441479805958156e-01,0.000000000000000000e+00,4.341229464903094137e-01,3.705471715348259143e-01,3.190379844666911269e-01,0.000000000000000000e+00,4.861658270155719275e-01,4.305079279040994189e-01,4.334307641524284826e-01,4.244014554349708201e-01,4.373310492002632222e-01,3.525561644879088852e-01,3.477351100777171244e-01,3.615949780632057853e-01,4.332163108491107195e-01,4.402374123666831229e-01,4.429342382707595061e-01,4.551988153246117053e-01,3.802355560367854936e-01,4.442271898580639755e-01,3.296629227503306003e-01,3.707914049825952740e-01,3.976991080908480747e-01,0.000000000000000000e+00,0.000000000000000000e+00,3.255050547386718063e-01,4.518584051374260890e-01,4.250218410705665084e-01,4.114154624764855828e-01,4.384377541135722200e-01,0.000000000000000000e+00,0.000000000000000000e+00,3.941176802620967035e-01,4.198869415255205850e-01,4.411524811489911935e-01,0.000000000000000000e+00,0.000000000000000000e+00,0.000000000000000000e+00,4.451411357391742984e-01,0.000000000000000000e+00,0.000000000000000000e+00,0.000000000000000000e+00,4.468126299516773092e-01,0.000000000000000000e+00,4.478533018015172229e-01,4.442358058729238834e-01,0.000000000000000000e+00,4.459168950462826242e-01,4.409741217094509946e-01,4.390777083960140104e-01,4.295342797773135102e-01,0.000000000000000000e+00,4.521811757143747168e-01,4.369374361448259969e-01,4.415916948902007810e-01,4.739660606691217248e-01,4.287382086795307745e-01,4.312681480381023169e-01,4.363373209478870196e-01,4.999211888653914970e-01,4.415976483495259175e-01,4.541989049644385990e-01,0.000000000000000000e+00,4.205864930461681861e-01
0.000000000000000000e+00,0.000000000000000000e+00,2.069321018167034898e-01,3.935437813247367744e-01,3.616388520706282916e-01,3.583634106898959115e-01,4.249569583549817064e-01,3.862851610529806079e-01,2.267784050449065114e-01,4.532578223271088169e-01,2.169219165258229887e-01,4.085099656507212851e-01,4.477006347259214758e-01,3.349298819598048871e-01,0.000000000000000000e+00,0.000000000000000000e+00,4.609640837719919948e-01,4.861658270155719275e-01,0.000000000000000000e+00,0.000000000000000000e+00,0.000000000000000000e+00,0.000000000000000000e+00,2.449055583082775933e-01,4.057542424672753723e-01,4.399378527488331803e-01,4.370645545330542059e-01,3.157356791748859859e-01,4.454446022368395153e-01,4.622414569575604149e-01,4.602323603289174003e-01,4.600729095229729726e-01,4.369264395187436034e-01,4.171264558323308225e-01,4.479830190371432153e-01,4.341486005955553229e-01,3.885105628822527746e-01,4.283946608155380087e-01,4.289426445607730787e-01,4.974084400449378940e-01,0.000000000000000000e+00,5.103247707293406821e-01,0.000000000000000000e+00,4.040836854301664838e-01,0.000000000000000000e+00,0.000000000000000000e+00,0.000000000000000000e+00,0.000000000000000000e+00,3.159269573050095814e-01,0.000000000000000000e+00,4.853063700576211170e-01,5.147927650722061710e-01,5.155054850842829550e-01,4.907200469991105929e-01,5.052243495147509256e-01,0.000000000000000000e+00,2.268230544650484126e-01,0.000000000000000000e+00,5.049976815156960175e-01,4.408562638871931227e-01,0.000000000000000000e+00,0.000000000000000000e+00,0.000000000000000000e+00,0.000000000000000000e+00,4.082323193762552038e-01,0.000000000000000000e+00,0.000000000000000000e+00,0.000000000000000000e+00,5.240644485716730028e-01,0.000000000000000000e+00,0.000000000000000000e+00,0.000000000000000000e+00,5.288760816798712128e-01,4.959972974591501105e-01,5.232254266334176451e-01,0.000000000000000000e+00,5.288822978909457628e-01
4.493513630198471276e-01,4.432640081968384216e-01,3.976087716307176723e-01,4.789956764167125902e-01,4.385265252694209859e-01,4.086481897095627924e-01,4.448126835308254812e-01,3.929721693881583211e-01,4.254447552511904096e-01,4.130033301683689873e-01,0.000000000000000000e+00,3.822496663977394959e-01,4.335692129092013070e-01,5.373145616557927218e-01,3.336239608074926810e-01,4.047177260577651259e-01,4.309950994197089269e-01,4.305079279040994189e-01,0.000000000000000000e+00,0.000000000000000000e+00,4.221899585015165823e-01,3.989428836807158985e-01,3.320845171691331199e-01,4.758284152183158144e-01,4.227332335019640119e-01,4.415484974657474804e-01,3.670826616944795062e-01,4.022937145487999189e-01,3.706379475117148048e-01,3.915357125256956894e-01,4.040291845306877017e-01,4.702019932906812971e-01,3.895959561194975995e-01,4.318947525194878900e-01,4.752630107462916254e-01,5.574072607046960393e-01,4.994735631157148914e-01,4.115453404184903907e-01,4.936456248484653031e-01,4.649240698253807036e-01,4.990826503869795761e-01,5.032444424742662514e-01,5.426210532792754559e-01,0.000000000000000000e+00,0.000000000000000000e+00,4.437485754334434263e-01,4.639830358853804237e-01,0.000000000000000000e+00,0.000000000000000000e+00,0.000000000000000000e+00,4.879510029544044114e-01,4.931395196106583834e-01,4.799806211081477092e-01,0.000000000000000000e+00,0.000000000000000000e+00,0.000000000000000000e+00,0.000000000000000000e+00,4.934440756820748786e-01,0.000000000000000000e+00,4.845680576581460897e-01,4.592003740679291846e-01,0.000000000000000000e+00,4.576604489633552264e-01,0.000000000000000000e+00,4.896312173577909155e-01,4.824585957890646926e-01,4.918633549443315878e-01,5.024314873141606519e-01,0.000000000000000000e+00,4.449006446804060211e-01,4.747266985622013991e-01,5.120250573483318135e-01,4.992693157116722125e-01,4.949446555342537080e-01,5.021380802364852070e-01,4.931227569211473760e-01
4.205375668259552224e-01,4.362527692877464225e-01,0.000000000000000000e+00,0.000000000000000000e+00,0.000000000000000000e+00,4.139437475234484798e-01,4.443984245072293837e-01,4.097250046865043016e-01,4.667318861703489974e-01,4.416401498165833939e-01,0.000000000000000000e+00,0.000000000000000000e+00,4.496965948483936937e-01,0.000000000000000000e+00,3.865546110847272177e-01,4.359869803470430849e-01,0.000000000000000000e+00,4.334307641524284826e-01,0.000000000000000000e+00,4.221899585015165823e-01,0.000000000000000000e+00,4.631848646853984897e-01,3.984595310297017190e-01,4.699322606988228790e-01,4.137847122521530752e-01,4.194225696470826881e-01,4.042080056775185781e-01,4.383530812095836060e-01,4.160030556681075242e-01,4.410510631095407863e-01,4.374303721642516241e-01,4.653310458138107952e-01,3.765738494149811211e-01,4.387841581130719204e-01,4.881285884468721803e-01,5.146828776812408801e-01,4.934317265812190878e-01,0.000000000000000000e+00,4.965934345882341838e-01,4.538858641440431940e-01,4.901936830780013743e-01,5.299910421766619306e-01,0.000000000000000000e+00,0.000000000000000000e+00,0.000000000000000000e+00,4.371808653292315050e-01,4.885413966616278247e-01,0.000000000000000000e+00,0.000000000000000000e+00,0.000000000000000000e+00,4.775107407185200104e-01,0.000000000000000000e+00,4.709803323658273144e-01,0.000000000000000000e+00,0.000000000000000000e+00,0.000000000000000000e+00,0.000000000000000000e+00,0.000000000000000000e+00,0.000000000000000000e+00,4.845465569721980059e-01,4.619998034861327874e-01,0.000000000000000000e+00,0.000000000000000000e+00,0.000000000000000000e+00,4.762232102113401755e-01,4.456485118631732800e-01,5.129978465378768338e-01,4.849821099493468735e-01,0.000000000000000000e+00,4.503356007902313829e-01,4.964648892169331029e-01,5.196916489294393093e-01,4.940254158650048133e-01,4.921125516159142177e-01,5.093641033730158529e-01,4.949075225561185842e-01
