0.000000000000000000e+00,3.942149374636871872e-01,0.000000000000000000e+00,0.000000000000000000e+00,0.000000000000000000e+00,4.244372591483990820e-01,4.620948356325699780e-01,5.101893806615904747e-01,4.362076956997079091e-01,4.076574010526097247e-01,0.000000000000000000e+00,4.008313542562443876e-01,4.591201414882912779e-01,0.000000000000000000e+00,3.845061885390959056e-01,3.702106848418542095e-01,3.816359291582934743e-01,3.717077718886924176e-01,0.000000000000000000e+00,4.227470711151202765e-01,4.356546267267948913e-01,4.104170160457519256e-01,4.512116808705424198e-01,3.855380530650511228e-01,3.683033310762549029e-01,3.644398522474894819e-01,4.275601329321349064e-01,4.658710610422939769e-01,4.439718603167128741e-01,4.179907704580003158e-01,3.784882916905968897e-01,4.245707768128175186e-01,3.486563865017738850e-01,3.839637466247086128e-01,4.376843549904941844e-01,0.000000000000000000e+00,0.000000000000000000e+00,4.206384718418120783e-01,4.340083739154840248e-01,3.704647832356778858e-01,3.903759421326675749e-01,0.000000000000000000e+00,0.000000000000000000e+00,0.000000000000000000e+00,0.000000000000000000e+00,3.688717673424757870e-01,4.340000289495529184e-01,0.000000000000000000e+00,0.000000000000000000e+00,0.000000000000000000e+00,4.019034233653647203e-01,0.000000000000000000e+00,0.000000000000000000e+00,0.000000000000000000e+00,4.459848636139299161e-01,0.000000000000000000e+00,0.000000000000000000e+00,4.197141700173955270e-01,0.000000000000000000e+00,4.401124291575346237e-01,4.168745793907672192e-01,4.395984652198449139e-01,3.983195529363325882e-01,0.000000000000000000e+00,0.000000000000000000e+00,4.586107162414996830e-01,4.459764054202635108e-01,0.000000000000000000e+00,0.000000000000000000e+00,4.142833880368119726e-01,4.433738986157580997e-01,0.000000000000000000e+00,0.000000000000000000e+00,4.036802797168341228e-01,0.000000000000000000e+00,3.960212861878643076e-01
3.942149374636871872e-01,0.000000000000000000e+00,3.845079033893171738e-01,0.000000000000000000e+00,4.004573105973134872e-01,4.016590630030302256e-01,4.468657323913206025e-01,4.279823499046516155e-01,4.006322990961552755e-01,3.266793174273250888e-01,0.000000000000000000e+00,0.000000000000000000e+00,4.567409941377874039e-01,0.000000000000000000e+00,4.124035052537941004e-01,3.771163953629740884e-01,3.635904417334747118e-01,3.755176687804641089e-01,0.000000000000000000e+00,4.125845425078645823e-01,4.066742312872114185e-01,3.833491409790676929e-01,4.098375926637239930e-01,3.460632523075253819e-01,3.611895192482573180e-01,4.052253607931525226e-01,3.977808600183839194e-01,4.513272046042560159e-01,4.251029455866994766e-01,4.717143975370428066e-01,3.621562386153265867e-01,4.103309719460067062e-01,3.452095428486349205e-01,3.660631929854553102e-01,4.315577552600329825e-01,5.063784122467041016e-01,0.000000000000000000e+00,0.000000000000000000e+00,4.434139490370965775e-01,4.160668049162764004e-01,4.131141813822740150e-01,4.483554518038894154e-01,0.000000000000000000e+00,0.000000000000000000e+00,0.000000000000000000e+00,4.554243523337265231e-01,4.313192378135470850e-01,0.000000000000000000e+00,0.000000000000000000e+00,0.000000000000000000e+00,4.178308148916234921e-01,4.266286077498827045e-01,4.578321817491641799e-01,4.096298753061798914e-01,0.000000000000000000e+00,0.000000000000000000e+00,0.000000000000000000e+00,4.236183948311887937e-01,0.000000000000000000e+00,4.591688622471957748e-01,4.186642080715911041e-01,3.968028763068165987e-01,4.030969964184076826e-01,0.000000000000000000e+00,4.337758908041430272e-01,4.676478917277893110e-01,4.302504722495915090e-01,4.488074302993392273e-01,0.000000000000000000e+00,4.192170792405772173e-01,4.685195690561285153e-01,4.383323341206348256e-01,4.376342414502251144e-01,4.397153545899348814e-01,0.000000000000000000e+00,4.016901447883504117e-01
0.000000000000000000e+00,3.845079033893171738e-01,0.000000000000000000e+00,4.588134814507214831e-01,3.444167387390619783e-01,3.351755138682362967e-01,4.045051791896557836e-01,4.227928119792485062e-01,2.898544526643829222e-01,4.400482816116730866e-01,2.749232758268430055e-01,4.171051323592088744e-01,4.262995741093975055e-01,4.158116597229726819e-01,0.000000000000000000e+00,0.000000000000000000e+00,4.439538707496228920e-01,4.342702489451665815e-01,2.171213237090975912e-01,3.681797906000683906e-01,0.000000000000000000e+00,3.855144377535938971e-01,3.259177054084744229e-01,4.250701083985770068e-01,4.429320320067540728e-01,4.238539994359122876e-01,2.846902738852408188e-01,4.346783571810661773e-01,3.769992100883783892e-01,4.220421312642558820e-01,4.462208309802421780e-01,4.153996011408909728e-01,4.128200741573339050e-01,4.448250298998405183e-01,4.253311426203967849e-01,3.995211386689705990e-01,4.209602832556845753e-01,4.161414549452541189e-01,4.618871723762654757e-01,0.000000000000000000e+00,5.218546588096468763e-01,0.000000000000000000e+00,4.785858830302919809e-01,0.000000000000000000e+00,0.000000000000000000e+00,0.000000000000000000e+00,0.000000000000000000e+00,3.386218939325151833e-01,0.000000000000000000e+00,5.165924207026272308e-01,5.179760993086338638e-01,5.428431139751894730e-01,4.861115453948894882e-01,4.791466205500071185e-01,0.000000000000000000e+00,4.645957807377268933e-01,0.000000000000000000e+00,5.237379298980654463e-01,4.959967245247156042e-01,0.000000000000000000e+00,0.000000000000000000e+00,0.000000000000000000e+00,0.000000000000000000e+00,3.605249717108621743e-01,0.000000000000000000e+00,0.000000000000000000e+00,0.000000000000000000e+00,5.298585901998575931e-01,0.000000000000000000e+00,0.000000000000000000e+00,0.000000000000000000e+00,5.179024707301272956e-01,5.064136555607833268e-01,4.709549917381659068e-01,0.000000000000000000e+00,5.253461832884354088e-01
0.000000000000000000e+00,0.000000000000000000e+00,4.588134814507214831e-01,0.000000000000000000e+00,2.817388418717680088e-01,0.000000000000000000e+00,2.984262313532896060e-01,4.686394648716871725e-01,4.411265591339432746e-01,1.710681632944585084e-01,4.144064037553917834e-01,0.000000000000000000e+00,3.321042680912987266e-01,3.503555180479842046e-01,0.000000000000000000e+00,0.000000000000000000e+00,0.000000000000000000e+00,0.000000000000000000e+00,4.166225742328935056e-01,0.000000000000000000e+00,0.000000000000000000e+00,0.000000000000000000e+00,4.526336118691258181e-01,0.000000000000000000e+00,0.000000000000000000e+00,0.000000000000000000e+00,0.000000000000000000e+00,2.912319467540565032e-01,0.000000000000000000e+00,0.000000000000000000e+00,3.244708145721151848e-01,3.847597140534482762e-01,3.310575774092551771e-01,3.539094241651564166e-01,3.247723521157049875e-01,2.449566785173918904e-01,1.891656650229474879e-01,0.000000000000000000e+00,5.194156169891357422e-01,0.000000000000000000e+00,0.000000000000000000e+00,0.000000000000000000e+00,3.984990542512569234e-01,0.000000000000000000e+00,0.000000000000000000e+00,0.000000000000000000e+00,0.000000000000000000e+00,0.000000000000000000e+00,0.000000000000000000e+00,0.000000000000000000e+00,0.000000000000000000e+00,0.000000000000000000e+00,0.000000000000000000e+00,0.000000000000000000e+00,0.000000000000000000e+00,0.000000000000000000e+00,0.000000000000000000e+00,0.000000000000000000e+00,0.000000000000000000e+00,0.000000000000000000e+00,0.000000000000000000e+00,0.000000000000000000e+00,0.000000000000000000e+00,0.000000000000000000e+00,0.000000000000000000e+00,0.000000000000000000e+00,0.000000000000000000e+00,0.000000000000000000e+00,0.000000000000000000e+00,0.000000000000000000e+00,0.000000000000000000e+00,0.000000000000000000e+00,0.000000000000000000e+00,0.000000000000000000e+00,0.000000000000000000e+00,0.000000000000000000e+00
0.000000000000000000e+00,4.004573105973134872e-01,3.444167387390619783e-01,2.817388418717680088e-01,0.000000000000000000e+00,3.577604124597066892e-01,3.427377208097145966e-01,3.904395841684840107e-01,3.036778639154049109e-01,4.427416251690118876e-01,3.159222722774653880e-01,4.128811467189215101e-01,3.964679614993829038e-01,3.162427418950128910e-01,0.000000000000000000e+00,0.000000000000000000e+00,4.575682424152174854e-01,4.446529431760942175e-01,3.315082941433997177e-01,3.898564635135848278e-01,0.000000000000000000e+00,4.082633959633347187e-01,4.027546571844933809e-01,4.245867929995755796e-01,4.340646788263700095e-01,4.386374177958428100e-01,3.645884399787013841e-01,3.945547808112473964e-01,4.048634352692151994e-01,4.266136617819911159e-01,4.577988672958304139e-01,3.943724480692187839e-01,4.116552053995080063e-01,4.353108326072032130e-01,4.079106225185916146e-01,2.928288659397140781e-01,2.847107817681525099e-01,4.040729287987512852e-01,3.910125660076865239e-01,4.400456762799669908e-01,5.055776415135715407e-01,0.000000000000000000e+00,3.875130586929035892e-01,3.434419929981232245e-01,0.000000000000000000e+00,0.000000000000000000e+00,0.000000000000000000e+00,5.127013199669089305e-01,0.000000000000000000e+00,4.483058699678759140e-01,5.096805336050773683e-01,5.192084765231607113e-01,4.729132838837700747e-01,5.142833703422731162e-01,4.467956597427711896e-01,4.311921272796627180e-01,4.363398867652785729e-01,5.091723980265134841e-01,4.172253541561747880e-01,0.000000000000000000e+00,0.000000000000000000e+00,0.000000000000000000e+00,0.000000000000000000e+00,5.051908504505744357e-01,0.000000000000000000e+00,0.000000000000000000e+00,0.000000000000000000e+00,5.079965185879443679e-01,0.000000000000000000e+00,0.000000000000000000e+00,4.572354155246560192e-01,4.966755790395845915e-01,4.966343715772553180e-01,4.784938047441560927e-01,0.000000000000000000e+00,5.258917865512952039e-01
4.244372591483990820e-01,4.016590630030302256e-01,3.351755138682362967e-01,0.000000000000000000e+00,3.577604124597066892e-01,0.000000000000000000e+00,3.937594003707144963e-01,3.838828536368875111e-01,3.203757078522578849e-01,4.464293557384206856e-01,3.744408109794705730e-01,4.190742802572204884e-01,3.815050733455713772e-01,4.275058870384007004e-01,3.849976175498903141e-01,4.248124070612455117e-01,4.454273512961662851e-01,4.131153473293842082e-01,3.482329206463902205e-01,3.751258803638207184e-01,3.705811903718509992e-01,4.061137696062396274e-01,3.619146848160686991e-01,4.408472703067061182e-01,3.995819298943711906e-01,4.183569045871118885e-01,3.294908509261874063e-01,3.769753305512552055e-01,3.117277785787386790e-01,4.029783716278216854e-01,4.302360321420288236e-01,3.925816644834185243e-01,3.987198537992475145e-01,4.282532122549376763e-01,4.300682239475718260e-01,4.250211796670774200e-01,4.182217276374334269e-01,4.102652812150331951e-01,4.530785836416095225e-01,0.000000000000000000e+00,4.831762530470202766e-01,0.000000000000000000e+00,4.747161556268066906e-01,0.000000000000000000e+00,0.000000000000000000e+00,0.000000000000000000e+00,4.266575195096288797e-01,5.298748121587617543e-01,0.000000000000000000e+00,5.215309912348703447e-01,4.970155092150354004e-01,5.182421807483577059e-01,4.564271111974226858e-01,5.297448622552318742e-01,0.000000000000000000e+00,5.080134003001544052e-01,0.000000000000000000e+00,4.966055580614254783e-01,4.880978009829802788e-01,4.411864419007345828e-01,4.047569470659460045e-01,0.000000000000000000e+00,0.000000000000000000e+00,5.552433939314830313e-01,4.311150147656476195e-01,4.139530921397915897e-01,4.420962898765493088e-01,4.909870866173939863e-01,0.000000000000000000e+00,4.015929451413848272e-01,4.634726984210498224e-01,4.771311701102103897e-01,4.834702203412328259e-01,4.649541137051905748e-01,4.821128205655820231e-01,4.799679358970059817e-01
4.620948356325699780e-01,4.468657323913206025e-01,4.045051791896557836e-01,2.984262313532896060e-01,3.427377208097145966e-01,3.937594003707144963e-01,0.000000000000000000e+00,4.324723506296282993e-01,3.706715090918575872e-01,4.210454031107058737e-01,4.026676505391029171e-01,3.900843000147278250e-01,3.478644989697731726e-01,3.508667176097631235e-01,4.380342864074729947e-01,4.744237902441817978e-01,4.363715767903763032e-01,4.520383034761589758e-01,4.203734717032791002e-01,4.419662147323100143e-01,4.286746068864598080e-01,4.628983669452291227e-01,4.184445232200135756e-01,4.002124452987869119e-01,4.425458260538930877e-01,4.236734536202154122e-01,4.069092736335460092e-01,3.752752625622722271e-01,4.356643090844408150e-01,4.345570997704553129e-01,4.351361648035693142e-01,4.244533305057487937e-01,3.909368130638309902e-01,4.078941146136774165e-01,3.978559583768135899e-01,3.441204970660846074e-01,3.603337778157416071e-01,3.935278951667758873e-01,4.123187706824467114e-01,3.877156289009529022e-01,5.180643073311752556e-01,0.000000000000000000e+00,4.576102006323368165e-01,0.000000000000000000e+00,0.000000000000000000e+00,0.000000000000000000e+00,4.438431756407326123e-01,5.467865413561785459e-01,0.000000000000000000e+00,5.226338333455019525e-01,5.211485046517482234e-01,5.390252775807420349e-01,4.920954600302713811e-01,5.432599867352146950e-01,4.334948488702272118e-01,4.964066837859978931e-01,4.245445323098183121e-01,5.187366999733865613e-01,5.034599539835392656e-01,4.215589462803233101e-01,4.290532332753705935e-01,4.640058719077668203e-01,4.479071820822795869e-01,5.664496602958757343e-01,4.577692286039122260e-01,0.000000000000000000e+00,4.605746275103568821e-01,5.188333053011805474e-01,0.000000000000000000e+00,0.000000000000000000e+00,4.512280395359344887e-01,5.065895432997811199e-01,5.058930862458457245e-01,4.849190661074376796e-01,5.113072307535183603e-01,5.074707773040423309e-01
5.101893806615904747e-01,4.279823499046516155e-01,4.227928119792485062e-01,4.686394648716871725e-01,3.904395841684840107e-01,3.838828536368875111e-01,4.324723506296282993e-01,0.000000000000000000e+00,4.343826279069740726e-01,4.698394046402982194e-01,2.876863305255236147e-01,4.493020614940774204e-01,4.396940264056805048e-01,4.220313932492347764e-01,4.070845893367833757e-01,4.311847154367065005e-01,4.736725876777865274e-01,4.626808420900488938e-01,3.801325802297084167e-01,3.761641801583546774e-01,4.152759555218031862e-01,4.095769704317797077e-01,3.558066942373009911e-01,5.257635992410230052e-01,4.632213586139222739e-01,4.836774632224554171e-01,4.010654328877574226e-01,4.255247697294077258e-01,3.796827050036364892e-01,4.031620511452356226e-01,4.216230124501301191e-01,3.858813623687535888e-01,4.075355291960752746e-01,4.451259379727796062e-01,4.410436229202895908e-01,3.597682574615074791e-01,3.321797271908197846e-01,0.000000000000000000e+00,4.376824504396117921e-01,0.000000000000000000e+00,4.740723876583433083e-01,0.000000000000000000e+00,3.639895875518932011e-01,0.000000000000000000e+00,0.000000000000000000e+00,0.000000000000000000e+00,0.000000000000000000e+00,5.087726478091221249e-01,0.000000000000000000e+00,5.151677052936098899e-01,4.549402859786925157e-01,4.873524297617464196e-01,3.794582876440443786e-01,5.065582831627640781e-01,4.864021539688109796e-01,4.549720455349908210e-01,0.000000000000000000e+00,4.715420398524842738e-01,4.354242415483968176e-01,4.793771047325743884e-01,0.000000000000000000e+00,0.000000000000000000e+00,0.000000000000000000e+00,5.141286067531889437e-01,4.440028995190545835e-01,4.717057454625309121e-01,4.702527223200009265e-01,4.489280917775038127e-01,0.000000000000000000e+00,0.000000000000000000e+00,4.850923946360656269e-01,4.398735723690149757e-01,4.679980615019296852e-01,4.579362394430301908e-01,4.782163462881813820e-01,4.621857376406413032e-01
4.362076956997079091e-01,4.006322990961552755e-01,2.898544526643829222e-01,4.411265591339432746e-01,3.036778639154049109e-01,3.203757078522578849e-01,3.706715090918575872e-01,4.343826279069740726e-01,0.000000000000000000e+00,4.535896059811360126e-01,2.668808275439709110e-01,4.273746615527119763e-01,3.693168055740296274e-01,4.121715311087673084e-01,3.806510444676847738e-01,4.374284364259108937e-01,4.521189906954907189e-01,4.462236587936518895e-01,2.529384603164012146e-01,3.818426188934802012e-01,3.909695447997698081e-01,4.027154083483717173e-01,3.854021399221386202e-01,4.358368347911186769e-01,4.240010100515537173e-01,4.331366249417196723e-01,3.157739814876788786e-01,4.436973539423835211e-01,3.864185513258074911e-01,4.298119637481673250e-01,4.555094898075054966e-01,4.295115502538212060e-01,4.268179948491773734e-01,4.529036252903583804e-01,4.396422942583598781e-01,4.079838263339888860e-01,4.300675667155332005e-01,4.245300900808222089e-01,4.608816056411810802e-01,4.138568320385864197e-01,5.139917087805029317e-01,0.000000000000000000e+00,4.728892136416135150e-01,4.091035336418415991e-01,0.000000000000000000e+00,0.000000000000000000e+00,4.183293184094659112e-01,5.306017209750352182e-01,5.102147596485346881e-01,5.065003998175114930e-01,5.248703140495883934e-01,5.435607680297904754e-01,4.924891590587093249e-01,5.408317521352580259e-01,4.474180934672852827e-01,5.093824178804068348e-01,4.442720340507773091e-01,5.275269551460816109e-01,4.945255564953687788e-01,0.000000000000000000e+00,0.000000000000000000e+00,4.598160669220431873e-01,0.000000000000000000e+00,5.502671273350948633e-01,4.681340518765826908e-01,4.988246268953264173e-01,4.320401404724846794e-01,5.285715821474589182e-01,0.000000000000000000e+00,4.619310575347040926e-01,4.677580345389035221e-01,5.170762747690580419e-01,5.152866365609841681e-01,4.765217033478252873e-01,4.859100491744450800e-01,5.197913406321785779e-01
4.076574010526097247e-01,3.266793174273250888e-01,4.400482816116730866e-01,1.710681632944585084e-01,4.427416251690118876e-01,4.464293557384206856e-01,4.210454031107058737e-01,4.698394046402982194e-01,4.535896059811360126e-01,0.000000000000000000e+00,4.427003171910400825e-01,3.037336813619879172e-01,4.156877697146110773e-01,4.200516724836150795e-01,4.164835093537980204e-01,3.560471348840900108e-01,3.268254099762540887e-01,3.523981652907872131e-01,4.522125866500412150e-01,4.204723782762310735e-01,4.745700324655935942e-01,3.778536926121950912e-01,4.431453365880373974e-01,3.162151551689503237e-01,3.113607477090155062e-01,3.081766440560227971e-01,4.262118181311895238e-01,4.000344959118327104e-01,4.239701600918862057e-01,0.000000000000000000e+00,3.411893193222346188e-01,3.465264024820193800e-01,2.845195498829131142e-01,2.917577001613996801e-01,2.858098538374639896e-01,3.514720071361354115e-01,3.130873671268701863e-01,2.887641126722708118e-01,2.987634837502816110e-01,3.571348365463273833e-01,3.869920330228346916e-01,4.048888470970501974e-01,3.282062649288631784e-01,0.000000000000000000e+00,3.650295803157097008e-01,4.046126314024978132e-01,0.000000000000000000e+00,0.000000000000000000e+00,0.000000000000000000e+00,4.375601710847364934e-01,5.042413265940345335e-01,4.207215007592732814e-01,0.000000000000000000e+00,4.539859193874121734e-01,4.210348700416616241e-01,4.565265307399021810e-01,4.115728810185966258e-01,4.109450007214572875e-01,0.000000000000000000e+00,0.000000000000000000e+00,3.901311882027891920e-01,4.260735555430062993e-01,4.099272422215367029e-01,0.000000000000000000e+00,0.000000000000000000e+00,0.000000000000000000e+00,0.000000000000000000e+00,5.027408613150228245e-01,3.880677492547021101e-01,4.061086632210146874e-01,4.199085131872001275e-01,4.887251936075964198e-01,4.051200245107883235e-01,4.746801196626542207e-01,0.000000000000000000e+00,4.060385919651732234e-01
0.000000000000000000e+00,0.000000000000000000e+00,2.749232758268430055e-01,4.144064037553917834e-01,3.159222722774653880e-01,3.744408109794705730e-01,4.026676505391029171e-01,2.876863305255236147e-01,2.668808275439709110e-01,4.427003171910400825e-01,0.000000000000000000e+00,4.186264449083961781e-01,4.314685274295047002e-01,3.444178854456544925e-01,0.000000000000000000e+00,0.000000000000000000e+00,4.509501209423670276e-01,4.422532852342769272e-01,2.661309315220037885e-01,0.000000000000000000e+00,0.000000000000000000e+00,0.000000000000000000e+00,2.735530761235295261e-01,4.222996392533204801e-01,4.386688520897403243e-01,4.325738473980358934e-01,3.307272334076977183e-01,4.299418551246890208e-01,0.000000000000000000e+00,0.000000000000000000e+00,4.517519700747594791e-01,3.697491289687874216e-01,4.115390159120843050e-01,4.306987946395346989e-01,4.144863936286246053e-01,3.002028503972560824e-01,3.585402097974330071e-01,4.079417698533427949e-01,3.630448198000266746e-01,4.313800090540473864e-01,4.618579102346854759e-01,0.000000000000000000e+00,3.778742459908561169e-01,0.000000000000000000e+00,0.000000000000000000e+00,0.000000000000000000e+00,0.000000000000000000e+00,5.008379776354094925e-01,0.000000000000000000e+00,4.205870527060813213e-01,4.867361591667097032e-01,4.975243876883910232e-01,4.223965892774013131e-01,4.795430528871981180e-01,4.363592380809416804e-01,2.853462916755841183e-01,4.476013061985871233e-01,4.691464641653352863e-01,3.981580914527456105e-01,0.000000000000000000e+00,0.000000000000000000e+00,0.000000000000000000e+00,0.000000000000000000e+00,2.557365061312938948e-01,0.000000000000000000e+00,0.000000000000000000e+00,0.000000000000000000e+00,4.801100774623351941e-01,0.000000000000000000e+00,0.000000000000000000e+00,4.589136088117167223e-01,4.844500439921318735e-01,4.610123253491286155e-01,4.402855568890354232e-01,0.000000000000000000e+00,4.751438159205416123e-01
4.008313542562443876e-01,0.000000000000000000e+00,4.171051323592088744e-01,0.000000000000000000e+00,4.128811467189215101e-01,4.190742802572204884e-01,3.900843000147278250e-01,4.493020614940774204e-01,4.273746615527119763e-01,3.037336813619879172e-01,4.186264449083961781e-01,0.000000000000000000e+00,3.912279969194559226e-01,3.990408545759061010e-01,4.319476187229155939e-01,0.000000000000000000e+00,3.403996872265536155e-01,3.372537532303613861e-01,4.253952901277016085e-01,4.416320195111347879e-01,4.655252043489663816e-01,4.523509579230096112e-01,4.151900268865664767e-01,2.700218753874458755e-01,3.340340962175064043e-01,2.577065857572958252e-01,4.062051823015925822e-01,3.716650833130628051e-01,4.124157331346112176e-01,0.000000000000000000e+00,3.389351228806887772e-01,3.130919063548058268e-01,2.534190521240263783e-01,2.714675778741910128e-01,3.136562006323713736e-01,3.262579366310555118e-01,3.003062427330210893e-01,2.171892052214648983e-01,2.826307522664391891e-01,3.532383505284830139e-01,3.370589606235461777e-01,2.390665411949157992e-01,3.242853668414512058e-01,0.000000000000000000e+00,3.204307129057418768e-01,0.000000000000000000e+00,0.000000000000000000e+00,0.000000000000000000e+00,0.000000000000000000e+00,0.000000000000000000e+00,0.000000000000000000e+00,4.354060988355977768e-01,0.000000000000000000e+00,0.000000000000000000e+00,4.241603748524380157e-01,4.038976642508231851e-01,4.158993383006188149e-01,4.223439779749447176e-01,0.000000000000000000e+00,0.000000000000000000e+00,4.082148538432769924e-01,4.231557594725601779e-01,4.004849916396541754e-01,0.000000000000000000e+00,0.000000000000000000e+00,0.000000000000000000e+00,0.000000000000000000e+00,0.000000000000000000e+00,3.908055087399395222e-01,4.047515776377937913e-01,4.155405250518647842e-01,4.620780239652713117e-01,4.155442785860308796e-01,4.624487113929677817e-01,0.000000000000000000e+00,4.124452110877108724e-01
4.591201414882912779e-01,4.567409941377874039e-01,4.262995741093975055e-01,3.321042680912987266e-01,3.964679614993829038e-01,3.815050733455713772e-01,3.478644989697731726e-01,4.396940264056805048e-01,3.693168055740296274e-01,4.156877697146110773e-01,4.314685274295047002e-01,3.912279969194559226e-01,0.000000000000000000e+00,3.847679577819443919e-01,4.201199153936013841e-01,4.747152287346065869e-01,4.314963862175100751e-01,4.539418465369963185e-01,4.430360541002614228e-01,4.361501823939744060e-01,4.244958103168013919e-01,4.668746418851997815e-01,4.154786964001790928e-01,4.015935968243362075e-01,4.473294113742845024e-01,4.285987526667111025e-01,4.048378708558580952e-01,3.610235808437490257e-01,4.075258975125892191e-01,3.889440560717172812e-01,4.115419904757168790e-01,4.269498039057104122e-01,3.952886722631918093e-01,4.221807182721966090e-01,4.310516737657775765e-01,3.812875144721724063e-01,3.746182376944514059e-01,3.819413939376047895e-01,4.314334706188239221e-01,0.000000000000000000e+00,5.026583833172080240e-01,0.000000000000000000e+00,4.778980630017217179e-01,0.000000000000000000e+00,0.000000000000000000e+00,0.000000000000000000e+00,4.458056566234782081e-01,5.440675926628859571e-01,0.000000000000000000e+00,5.254601165543579810e-01,5.158756404669599949e-01,5.340535393450143165e-01,4.934989635118767759e-01,5.379173403058344904e-01,4.268375904874430193e-01,5.050865234990608021e-01,4.119989943722555115e-01,5.135912958615526103e-01,0.000000000000000000e+00,4.710005807280430723e-01,4.379112340481827181e-01,4.433288740047149901e-01,0.000000000000000000e+00,5.604537119136773216e-01,4.630354355097441865e-01,4.870921874079233160e-01,4.662653430758140205e-01,5.143421180200039577e-01,0.000000000000000000e+00,4.423039366783895199e-01,4.557992927429644903e-01,5.007805724477586429e-01,5.024804773446981399e-01,4.916789173302634208e-01,4.996389315232053763e-01,5.095368021160283645e-01
0.000000000000000000e+00,0.000000000000000000e+00,4.158116597229726819e-01,3.503555180479842046e-01,3.162427418950128910e-01,4.275058870384007004e-01,3.508667176097631235e-01,4.220313932492347764e-01,4.121715311087673084e-01,4.200516724836150795e-01,3.444178854456544925e-01,3.990408545759061010e-01,3.847679577819443919e-01,0.000000000000000000e+00,0.000000000000000000e+00,0.000000000000000000e+00,0.000000000000000000e+00,0.000000000000000000e+00,3.852291685967623169e-01,0.000000000000000000e+00,4.770780686827574835e-01,0.000000000000000000e+00,4.072280799740273238e-01,3.932834096964181736e-01,0.000000000000000000e+00,4.895254818384910944e-01,4.373527965808436946e-01,3.438263151870967760e-01,0.000000000000000000e+00,0.000000000000000000e+00,4.374496310714984237e-01,2.929083495528930214e-01,0.000000000000000000e+00,4.253730652953370273e-01,0.000000000000000000e+00,2.648529252324093863e-01,1.977019793248785129e-01,0.000000000000000000e+00,3.852510714271483172e-01,0.000000000000000000e+00,0.000000000000000000e+00,0.000000000000000000e+00,3.978357002092007266e-01,0.000000000000000000e+00,0.000000000000000000e+00,0.000000000000000000e+00,0.000000000000000000e+00,5.178691167855805633e-01,0.000000000000000000e+00,4.331163790701271221e-01,0.000000000000000000e+00,0.000000000000000000e+00,0.000000000000000000e+00,5.022865569611566494e-01,0.000000000000000000e+00,4.418739948891963198e-01,0.000000000000000000e+00,0.000000000000000000e+00,4.802087427714569756e-01,0.000000000000000000e+00,0.000000000000000000e+00,0.000000000000000000e+00,0.000000000000000000e+00,4.884049513263433728e-01,0.000000000000000000e+00,0.000000000000000000e+00,0.000000000000000000e+00,4.886304703866254928e-01,0.000000000000000000e+00,0.000000000000000000e+00,0.000000000000000000e+00,4.848779917780661197e-01,0.000000000000000000e+00,0.000000000000000000e+00,0.000000000000000000e+00,0.000000000000000000e+00
3.845061885390959056e-01,4.124035052537941004e-01,0.000000000000000000e+00,0.000000000000000000e+00,0.000000000000000000e+00,3.849976175498903141e-01,4.380342864074729947e-01,4.070845893367833757e-01,3.806510444676847738e-01,4.164835093537980204e-01,0.000000000000000000e+00,4.319476187229155939e-01,4.201199153936013841e-01,0.000000000000000000e+00,0.000000000000000000e+00,4.310504568783147805e-01,4.050794515668053042e-01,4.077353903399558166e-01,0.000000000000000000e+00,3.215515134794846852e-01,3.642041717160459102e-01,3.523532587291633988e-01,3.322012525948651041e-01,4.434623476999791092e-01,3.960725654304966814e-01,3.758199919955892976e-01,3.179326209844172135e-01,4.118987977230358921e-01,3.710340209081576246e-01,3.943761348989249238e-01,4.230335409143333170e-01,4.291944767862613808e-01,4.120476611179690885e-01,4.542633191324025876e-01,4.899501160586752224e-01,5.033815235560040735e-01,4.742423203869091108e-01,0.000000000000000000e+00,4.682838095207622064e-01,4.705111306744216848e-01,4.709183680435137798e-01,4.961718658634901025e-01,4.170302476751033272e-01,0.000000000000000000e+00,0.000000000000000000e+00,4.620543885094041126e-01,4.817483959027091256e-01,4.593123397130008945e-01,0.000000000000000000e+00,0.000000000000000000e+00,4.601065502326546763e-01,4.627932614326197847e-01,4.749557424275970829e-01,4.546428833863018215e-01,0.000000000000000000e+00,0.000000000000000000e+00,0.000000000000000000e+00,4.737304410835216917e-01,0.000000000000000000e+00,4.597442546915074257e-01,4.501627841316190870e-01,0.000000000000000000e+00,4.200406630542756758e-01,0.000000000000000000e+00,4.546881169358772956e-01,4.824597364163369928e-01,4.904341314337786195e-01,4.636182093193720877e-01,0.000000000000000000e+00,4.280166015207060859e-01,5.167643287511729522e-01,4.640216547342008169e-01,4.753579581891307915e-01,4.650440894974489092e-01,4.682203414350574744e-01,4.619214720507726080e-01
3.702106848418542095e-01,3.771163953629740884e-01,0.000000000000000000e+00,0.000000000000000000e+00,0.000000000000000000e+00,4.248124070612455117e-01,4.744237902441817978e-01,4.311847154367065005e-01,4.374284364259108937e-01,3.560471348840900108e-01,0.000000000000000000e+00,0.000000000000000000e+00,4.747152287346065869e-01,0.000000000000000000e+00,4.310504568783147805e-01,0.000000000000000000e+00,3.674155859991705131e-01,3.607361644323922034e-01,0.000000000000000000e+00,4.168657004205733041e-01,4.184290710524449786e-01,3.837312106409793144e-01,4.266458088539448745e-01,3.499507262645177863e-01,3.775709390878527194e-01,4.071986782089503931e-01,4.204212422147178829e-01,4.525797451106169933e-01,4.344936416113351907e-01,4.260347483794030832e-01,3.767145124655594257e-01,4.398338696972985962e-01,3.776559808015794162e-01,3.897773016274244107e-01,4.548609274722532070e-01,3.949829041957855225e-01,0.000000000000000000e+00,0.000000000000000000e+00,4.335347949051003846e-01,3.922114988027587956e-01,4.010430502688203114e-01,4.321633851578057239e-01,0.000000000000000000e+00,0.000000000000000000e+00,0.000000000000000000e+00,4.346215888668953919e-01,4.277912939769039080e-01,0.000000000000000000e+00,0.000000000000000000e+00,0.000000000000000000e+00,4.157465741701980022e-01,0.000000000000000000e+00,0.000000000000000000e+00,0.000000000000000000e+00,0.000000000000000000e+00,0.000000000000000000e+00,0.000000000000000000e+00,4.258160914352966953e-01,0.000000000000000000e+00,4.640193554875822746e-01,4.077111708210727214e-01,4.010118092012017188e-01,3.959109264909609904e-01,0.000000000000000000e+00,4.507139580222955244e-01,4.689977086535925266e-01,4.366112632469216770e-01,4.617421567860808262e-01,4.088401102150189259e-01,4.082760677450070208e-01,4.384407849546890223e-01,4.599784820898227267e-01,4.456920433063623066e-01,4.511874847882826889e-01,0.000000000000000000e+00,4.043716028681447194e-01
3.816359291582934743e-01,3.635904417334747118e-01,4.439538707496228920e-01,0.000000000000000000e+00,4.575682424152174854e-01,4.454273512961662851e-01,4.363715767903763032e-01,4.736725876777865274e-01,4.521189906954907189e-01,3.268254099762540887e-01,4.509501209423670276e-01,3.403996872265536155e-01,4.314963862175100751e-01,0.000000000000000000e+00,4.050794515668053042e-01,3.674155859991705131e-01,0.000000000000000000e+00,3.311426373917710775e-01,4.534746520442097251e-01,3.969218385905481927e-01,4.613252873753352912e-01,3.840450462079266769e-01,4.418876681127208994e-01,3.257170295941810845e-01,3.207348840845691829e-01,3.311393222714296147e-01,4.263149147601065225e-01,4.129663982317863802e-01,4.184428926490749157e-01,0.000000000000000000e+00,3.613788368638953252e-01,4.092432996070622941e-01,3.186219639065516751e-01,3.654208509355262868e-01,3.981983683955733211e-01,4.348504357362679151e-01,3.368285472154257110e-01,3.153099080612006833e-01,4.233884773711457106e-01,3.950306054130557909e-01,4.138148874823922019e-01,4.299565979908510083e-01,0.000000000000000000e+00,0.000000000000000000e+00,0.000000000000000000e+00,4.043815560116379992e-01,3.995797977126416267e-01,0.000000000000000000e+00,0.000000000000000000e+00,0.000000000000000000e+00,0.000000000000000000e+00,0.000000000000000000e+00,0.000000000000000000e+00,0.000000000000000000e+00,4.405242934224891105e-01,0.000000000000000000e+00,4.419609573533194169e-01,4.456262516346735092e-01,0.000000000000000000e+00,0.000000000000000000e+00,4.043424096822311742e-01,4.348450027424332065e-01,4.191948812204291941e-01,0.000000000000000000e+00,0.000000000000000000e+00,0.000000000000000000e+00,0.000000000000000000e+00,0.000000000000000000e+00,4.037722518590584064e-01,4.176821293078634145e-01,4.359942927235236909e-01,0.000000000000000000e+00,4.168041179445534095e-01,4.399560402951699922e-01,0.000000000000000000e+00,4.321350286002980101e-01
3.717077718886924176e-01,3.755176687804641089e-01,4.342702489451665815e-01,0.000000000000000000e+00,4.446529431760942175e-01,4.131153473293842082e-01,4.520383034761589758e-01,4.626808420900488938e-01,4.462236587936518895e-01,3.523981652907872131e-01,4.422532852342769272e-01,3.372537532303613861e-01,4.539418465369963185e-01,0.000000000000000000e+00,4.077353903399558166e-01,3.607361644323922034e-01,3.311426373917710775e-01,0.000000000000000000e+00,4.528611421974185203e-01,4.106693629535166923e-01,4.169777577706845206e-01,3.943871965222390252e-01,4.242732696941621251e-01,3.327688198870830116e-01,3.252186200039419162e-01,3.630594305001931255e-01,4.123406406970697158e-01,4.402733123371597723e-01,4.325735553716781867e-01,4.095845990467800180e-01,3.626941872884550944e-01,4.279058002004680894e-01,3.464606181727489242e-01,3.743589056389238778e-01,4.113552757375821267e-01,4.470660105748676116e-01,0.000000000000000000e+00,0.000000000000000000e+00,4.300054304218280943e-01,3.885925550852797894e-01,4.075303566977424019e-01,4.282545515938463998e-01,0.000000000000000000e+00,0.000000000000000000e+00,0.000000000000000000e+00,4.033551090039084186e-01,4.233185689092978099e-01,0.000000000000000000e+00,0.000000000000000000e+00,0.000000000000000000e+00,4.150916458657581964e-01,0.000000000000000000e+00,0.000000000000000000e+00,0.000000000000000000e+00,4.163211220708021854e-01,0.000000000000000000e+00,4.164336752630434790e-01,4.164263256271876767e-01,0.000000000000000000e+00,4.398454367643598872e-01,4.120506356996375130e-01,4.146891926056534006e-01,4.086179421201747153e-01,0.000000000000000000e+00,4.352275288087640859e-01,4.436447580382347211e-01,4.280196900435723206e-01,4.573293656312995004e-01,4.096775578203357138e-01,4.112597679135635009e-01,4.234379879961199800e-01,4.456525712173575182e-01,4.050391580071219799e-01,4.333098028407735836e-01,0.000000000000000000e+00,4.186613354844370138e-01
0.000000000000000000e+00,0.000000000000000000e+00,2.171213237090975912e-01,4.166225742328935056e-01,3.315082941433997177e-01,3.482329206463902205e-01,4.203734717032791002e-01,3.801325802297084167e-01,2.529384603164012146e-01,4.522125866500412150e-01,2.661309315220037885e-01,4.253952901277016085e-01,4.430360541002614228e-01,3.852291685967623169e-01,0.000000000000000000e+00,0.000000000000000000e+00,4.534746520442097251e-01,4.528611421974185203e-01,0.000000000000000000e+00,0.000000000000000000e+00,0.000000000000000000e+00,0.000000000000000000e+00,3.305608336547902204e-01,4.324004840217052781e-01,4.474263999846783135e-01,4.330360561713181844e-01,2.954182393936484186e-01,4.451742378142877765e-01,0.000000000000000000e+00,0.000000000000000000e+00,4.562338704113642063e-01,4.172924157160273206e-01,4.222012219514065245e-01,4.495992202854932063e-01,4.418481895024817252e-01,3.868796735687269894e-01,4.266133389891179073e-01,4.184932908245007077e-01,4.179736905106017919e-01,0.000000000000000000e+00,5.151846842022445028e-01,0.000000000000000000e+00,4.208541643757204853e-01,0.000000000000000000e+00,0.000000000000000000e+00,0.000000000000000000e+00,0.000000000000000000e+00,4.138278129633869984e-01,0.000000000000000000e+00,4.685948580866575175e-01,5.055175458664477040e-01,5.244089321386723457e-01,4.791560998294666085e-01,5.200591102298683932e-01,4.516471440684833860e-01,3.498246698349419259e-01,0.000000000000000000e+00,5.096150985362706276e-01,4.325824198483532168e-01,0.000000000000000000e+00,0.000000000000000000e+00,0.000000000000000000e+00,0.000000000000000000e+00,5.153572191051544182e-01,0.000000000000000000e+00,0.000000000000000000e+00,0.000000000000000000e+00,5.119371416272994191e-01,0.000000000000000000e+00,0.000000000000000000e+00,4.706881492855907734e-01,5.009021254214273133e-01,4.966463875495749081e-01,4.591178667259477875e-01,0.000000000000000000e+00,5.153164021570901809e-01
4.227470711151202765e-01,4.125845425078645823e-01,3.681797906000683906e-01,0.000000000000000000e+00,3.898564635135848278e-01,3.751258803638207184e-01,4.419662147323100143e-01,3.761641801583546774e-01,3.818426188934802012e-01,4.204723782762310735e-01,0.000000000000000000e+00,4.416320195111347879e-01,4.361501823939744060e-01,0.000000000000000000e+00,3.215515134794846852e-01,4.168657004205733041e-01,3.969218385905481927e-01,4.106693629535166923e-01,0.000000000000000000e+00,0.000000000000000000e+00,3.864264951730418951e-01,3.730254052134092113e-01,3.173748714770924240e-01,4.461537299269209833e-01,3.983749159935576767e-01,4.156640850756351813e-01,3.029906922203269848e-01,4.076578306939473983e-01,3.352356131286812757e-01,3.622787407889915823e-01,3.906162886224435193e-01,4.177831005967552191e-01,3.828359351449344139e-01,4.412503383184426253e-01,4.792735473666365209e-01,5.016887691277150951e-01,4.708601455514048184e-01,4.211586350984540816e-01,4.501767687826225828e-01,4.339035648755368846e-01,4.581660977230717080e-01,4.742211048080873237e-01,0.000000000000000000e+00,0.000000000000000000e+00,0.000000000000000000e+00,4.369741690917077204e-01,4.374210703719906834e-01,4.546025923727470275e-01,0.000000000000000000e+00,0.000000000000000000e+00,4.544304375015690844e-01,4.577618313002588812e-01,4.521555727819190906e-01,4.490572073519780161e-01,0.000000000000000000e+00,4.423497697536066253e-01,0.000000000000000000e+00,4.725610346843411858e-01,0.000000000000000000e+00,4.466773139179234797e-01,4.322902783014136996e-01,0.000000000000000000e+00,4.206158755828520168e-01,4.570281688711755885e-01,4.437342841692503148e-01,4.519946242599163222e-01,4.588591432454516839e-01,4.595950550666169088e-01,0.000000000000000000e+00,4.144372416453184771e-01,4.788638441420531855e-01,4.546061645328743905e-01,4.693654469827069908e-01,4.517997979533028841e-01,4.614704123989982754e-01,4.546003585732958929e-01
4.356546267267948913e-01,4.066742312872114185e-01,0.000000000000000000e+00,0.000000000000000000e+00,0.000000000000000000e+00,3.705811903718509992e-01,4.286746068864598080e-01,4.152759555218031862e-01,3.909695447997698081e-01,4.745700324655935942e-01,0.000000000000000000e+00,4.655252043489663816e-01,4.244958103168013919e-01,4.770780686827574835e-01,3.642041717160459102e-01,4.184290710524449786e-01,4.613252873753352912e-01,4.169777577706845206e-01,0.000000000000000000e+00,3.864264951730418951e-01,0.000000000000000000e+00,4.232453014904329902e-01,3.682062348872935931e-01,5.158677008059645575e-01,4.152044198717708134e-01,4.114985595414727970e-01,3.738948754882205905e-01,4.086833811620472767e-01,3.785138770886580240e-01,3.913335657723989724e-01,4.152412291099875086e-01,4.078591367004800183e-01,3.957911391093527076e-01,4.492529086556054096e-01,4.917939542643612882e-01,4.951938528587048749e-01,0.000000000000000000e+00,0.000000000000000000e+00,4.604347610385630118e-01,4.210638756234744151e-01,4.712308489704403192e-01,5.062922347595560923e-01,0.000000000000000000e+00,0.000000000000000000e+00,0.000000000000000000e+00,4.677762980109881896e-01,4.917895076861947268e-01,0.000000000000000000e+00,0.000000000000000000e+00,0.000000000000000000e+00,4.408114202355413735e-01,0.000000000000000000e+00,4.316298652757882826e-01,0.000000000000000000e+00,0.000000000000000000e+00,0.000000000000000000e+00,0.000000000000000000e+00,4.623118585643654077e-01,0.000000000000000000e+00,4.628513391271800725e-01,4.540191327205461147e-01,0.000000000000000000e+00,0.000000000000000000e+00,0.000000000000000000e+00,4.444029648069944827e-01,4.551621422588564836e-01,4.841624020153589836e-01,4.409166724852062735e-01,0.000000000000000000e+00,4.211749534324560895e-01,5.248750196271242396e-01,4.414057822822671784e-01,4.700557686379284172e-01,4.476371416527232805e-01,0.000000000000000000e+00,4.628079805278249026e-01
