0.000000000000000000e+00,3.386791852704916228e-01,0.000000000000000000e+00,0.000000000000000000e+00,0.000000000000000000e+00,3.692955829085928787e-01,3.953696581242632235e-01,4.660581444250883054e-01,0.000000000000000000e+00,3.227188597854436236e-01,0.000000000000000000e+00,3.354487214937080797e-01,3.655535793166868053e-01,4.560525615945549838e-01,3.502186871939731994e-01,3.146005631667764812e-01,3.155037786364002228e-01,2.974420717101862177e-01,0.000000000000000000e+00,3.741893505715804258e-01,3.360672145726288917e-01,3.538583604249065928e-01,4.058133662749087156e-01,3.055034573258296193e-01,2.956549971615258232e-01,3.209216415453335913e-01,3.828032233682011065e-01,3.804392242230111854e-01,3.668333404866164216e-01,3.921360131333079813e-01,3.236489135028515762e-01,4.158021244438585007e-01,2.741328797820000163e-01,3.481689554158589051e-01,4.080342061732705194e-01,0.000000000000000000e+00,0.000000000000000000e+00,3.954429062373543968e-01,4.189884243541716069e-01,3.623640017530567747e-01,3.824438128810250248e-01,4.286852579370211136e-01,0.000000000000000000e+00,0.000000000000000000e+00,0.000000000000000000e+00,3.436446833158589009e-01,3.826296894542525195e-01,0.000000000000000000e+00,0.000000000000000000e+00,0.000000000000000000e+00,3.524443323431256103e-01,0.000000000000000000e+00,3.740261109969271192e-01,0.000000000000000000e+00,4.043893064572299245e-01,0.000000000000000000e+00,3.770623173204769030e-01,0.000000000000000000e+00,0.000000000000000000e+00,4.255026030024713912e-01,3.702582031993266742e-01,0.000000000000000000e+00,3.684390668591985829e-01,0.000000000000000000e+00,3.774132068700795095e-01,3.750578924645593948e-01,3.928335060961835046e-01,3.707275260505351056e-01,3.078477130431439002e-01,3.784110226284436163e-01,3.860932350697435234e-01,4.087884588748932901e-01,0.000000000000000000e+00,4.010608873139188124e-01,0.000000000000000000e+00,3.627171736265566993e-01
3.386791852704916228e-01,0.000000000000000000e+00,0.000000000000000000e+00,0.000000000000000000e+00,3.507052575731561261e-01,3.560337452369239930e-01,3.660016705740087861e-01,4.385487283862093966e-01,3.508312661762116869e-01,0.000000000000000000e+00,0.000000000000000000e+00,0.000000000000000000e+00,3.729503414277695050e-01,0.000000000000000000e+00,3.754200395765834863e-01,3.745857742874528773e-01,3.286015215388302102e-01,3.748043230161240968e-01,0.000000000000000000e+00,3.860037124046430956e-01,3.499958572450829197e-01,4.021933114030594725e-01,3.685410975616850160e-01,3.353799548348402881e-01,3.589166045556511087e-01,3.714850613089890063e-01,3.655273350492493911e-01,3.707070871230896958e-01,3.708557949017788902e-01,3.651610867901707858e-01,3.671348732751841815e-01,4.383364327326592091e-01,3.061853312509809077e-01,3.836968735900823102e-01,4.433064960617437156e-01,4.401684694955296240e-01,4.706850349903107245e-01,4.157876670360565186e-01,4.334344781498249977e-01,3.905758864608371850e-01,3.997863017619798787e-01,4.457606627888807127e-01,0.000000000000000000e+00,0.000000000000000000e+00,4.585502545404451236e-01,4.034597838757617017e-01,4.018284467654928971e-01,0.000000000000000000e+00,0.000000000000000000e+00,0.000000000000000000e+00,3.761073795655148766e-01,0.000000000000000000e+00,4.094180196569965902e-01,0.000000000000000000e+00,0.000000000000000000e+00,0.000000000000000000e+00,4.389561679219045054e-01,3.699649185712212129e-01,0.000000000000000000e+00,4.322380799473137247e-01,3.885318887720992098e-01,0.000000000000000000e+00,3.848675979311114159e-01,0.000000000000000000e+00,3.916028277824943893e-01,4.111839410650081073e-01,4.130810900656053941e-01,3.955269684099839145e-01,4.359879463443375736e-01,3.872331783348503809e-01,4.138086794325426254e-01,3.967417330227657191e-01,4.134896903634890930e-01,3.932474932434560921e-01,0.000000000000000000e+00,3.922443309165516978e-01
0.000000000000000000e+00,0.000000000000000000e+00,0.000000000000000000e+00,0.000000000000000000e+00,3.188523411435800203e-01,3.190119231247268150e-01,3.371193083208463004e-01,4.007713023661296226e-01,2.836063489162564122e-01,3.540796070231224113e-01,2.679681353419504086e-01,0.000000000000000000e+00,3.391277216000472827e-01,2.860320728524500256e-01,0.000000000000000000e+00,0.000000000000000000e+00,0.000000000000000000e+00,0.000000000000000000e+00,2.396219561013485100e-01,0.000000000000000000e+00,0.000000000000000000e+00,3.705111270395031187e-01,2.378447314128293022e-01,0.000000000000000000e+00,0.000000000000000000e+00,0.000000000000000000e+00,2.915939573390394224e-01,3.464149811605530815e-01,0.000000000000000000e+00,3.487321952143990766e-01,3.550611603949860862e-01,3.449092752905387194e-01,0.000000000000000000e+00,3.637729303717108231e-01,0.000000000000000000e+00,3.013346930418304148e-01,3.463357678991770272e-01,0.000000000000000000e+00,0.000000000000000000e+00,0.000000000000000000e+00,0.000000000000000000e+00,0.000000000000000000e+00,4.672972912466832884e-01,0.000000000000000000e+00,0.000000000000000000e+00,0.000000000000000000e+00,0.000000000000000000e+00,2.973811899843710194e-01,0.000000000000000000e+00,4.707886634328578013e-01,4.856133694959369751e-01,4.841973589828306723e-01,4.751804939630547842e-01,4.198410549892371835e-01,0.000000000000000000e+00,3.585904858880015200e-01,0.000000000000000000e+00,4.709241506536935851e-01,4.647217190315551250e-01,0.000000000000000000e+00,0.000000000000000000e+00,0.000000000000000000e+00,0.000000000000000000e+00,1.758823448680431056e-01,0.000000000000000000e+00,0.000000000000000000e+00,0.000000000000000000e+00,5.058494611951243058e-01,0.000000000000000000e+00,0.000000000000000000e+00,0.000000000000000000e+00,4.964541457767389088e-01,4.457135565650370834e-01,4.476596530457701006e-01,0.000000000000000000e+00,0.000000000000000000e+00
0.000000000000000000e+00,0.000000000000000000e+00,0.000000000000000000e+00,0.000000000000000000e+00,1.885802214057687998e-01,3.318584705497344967e-01,1.955572658524626084e-01,0.000000000000000000e+00,3.175193748260726756e-01,2.079675596486181000e-01,2.741590129274257825e-01,0.000000000000000000e+00,2.016101081906412906e-01,2.523604485685324028e-01,0.000000000000000000e+00,0.000000000000000000e+00,0.000000000000000000e+00,0.000000000000000000e+00,2.841609852748182008e-01,0.000000000000000000e+00,0.000000000000000000e+00,0.000000000000000000e+00,3.735197617012093185e-01,0.000000000000000000e+00,0.000000000000000000e+00,5.269793817258063839e-01,3.883897035019313049e-01,2.054116193124095047e-01,0.000000000000000000e+00,0.000000000000000000e+00,0.000000000000000000e+00,3.694088917109139003e-01,2.460516692829498864e-01,2.731324630298611056e-01,3.734561080234147235e-01,1.775669890780056936e-01,1.912828888844244069e-01,0.000000000000000000e+00,0.000000000000000000e+00,0.000000000000000000e+00,0.000000000000000000e+00,0.000000000000000000e+00,0.000000000000000000e+00,0.000000000000000000e+00,0.000000000000000000e+00,0.000000000000000000e+00,0.000000000000000000e+00,0.000000000000000000e+00,0.000000000000000000e+00,0.000000000000000000e+00,0.000000000000000000e+00,0.000000000000000000e+00,0.000000000000000000e+00,0.000000000000000000e+00,0.000000000000000000e+00,0.000000000000000000e+00,0.000000000000000000e+00,0.000000000000000000e+00,0.000000000000000000e+00,0.000000000000000000e+00,0.000000000000000000e+00,0.000000000000000000e+00,0.000000000000000000e+00,0.000000000000000000e+00,0.000000000000000000e+00,0.000000000000000000e+00,0.000000000000000000e+00,0.000000000000000000e+00,0.000000000000000000e+00,0.000000000000000000e+00,0.000000000000000000e+00,0.000000000000000000e+00,0.000000000000000000e+00,4.440562725067139227e-01,0.000000000000000000e+00,0.000000000000000000e+00
0.000000000000000000e+00,3.507052575731561261e-01,3.188523411435800203e-01,1.885802214057687998e-01,0.000000000000000000e+00,3.135312225898342908e-01,2.769329068986381981e-01,3.383876087298243185e-01,2.845052073973772799e-01,3.159924335117617056e-01,2.913095288083881740e-01,0.000000000000000000e+00,2.800259011505624729e-01,2.137870438398226103e-01,3.165273440791930848e-01,3.654890874902216868e-01,0.000000000000000000e+00,0.000000000000000000e+00,3.093877321028896121e-01,3.479957061404982954e-01,3.235789848063456153e-01,3.638666362800955789e-01,3.334417885290504868e-01,0.000000000000000000e+00,0.000000000000000000e+00,3.589998779889367886e-01,3.364880944190897227e-01,2.549199146675311112e-01,3.314158586771038806e-01,0.000000000000000000e+00,3.368305858461669855e-01,2.825742418673231060e-01,0.000000000000000000e+00,3.518085103787348955e-01,3.001911851455228986e-01,1.995524405014164893e-01,2.511375656730875927e-01,0.000000000000000000e+00,0.000000000000000000e+00,0.000000000000000000e+00,0.000000000000000000e+00,0.000000000000000000e+00,4.191546376694996190e-01,0.000000000000000000e+00,0.000000000000000000e+00,0.000000000000000000e+00,0.000000000000000000e+00,4.652468530655204937e-01,0.000000000000000000e+00,4.529156074579149815e-01,4.722397077479554839e-01,4.691232818203200927e-01,4.518696284720629119e-01,4.677793006852465907e-01,0.000000000000000000e+00,3.752179078799585121e-01,0.000000000000000000e+00,4.586293693332456067e-01,4.734389029141243821e-01,0.000000000000000000e+00,0.000000000000000000e+00,0.000000000000000000e+00,0.000000000000000000e+00,4.512100119661773823e-01,0.000000000000000000e+00,0.000000000000000000e+00,0.000000000000000000e+00,4.957899625860178738e-01,0.000000000000000000e+00,0.000000000000000000e+00,0.000000000000000000e+00,4.664252980255841896e-01,4.393269640839420065e-01,4.077502897097297074e-01,0.000000000000000000e+00,4.558379614132052060e-01
3.692955829085928787e-01,3.560337452369239930e-01,3.190119231247268150e-01,3.318584705497344967e-01,3.135312225898342908e-01,0.000000000000000000e+00,3.197772625751099107e-01,3.152980504202709255e-01,2.783840463023541933e-01,3.512171174632163773e-01,2.981478851235281891e-01,3.428424189814017198e-01,3.021308233319944248e-01,3.366203242007215768e-01,3.372342398164205890e-01,3.629619103025090165e-01,0.000000000000000000e+00,3.631236165096656809e-01,3.069143183293783772e-01,3.428869201217771834e-01,3.107414105287347184e-01,3.726652376842434777e-01,3.274352709763895253e-01,0.000000000000000000e+00,3.505785949313467986e-01,3.663720934372465265e-01,3.153081487602236166e-01,3.122934952408485954e-01,2.972860719716339251e-01,3.192425515907506006e-01,3.425738838327841984e-01,3.458005574653648106e-01,3.368242125028886869e-01,3.588477492443483130e-01,3.808477967227537064e-01,3.341771504475398724e-01,3.439728223118121986e-01,3.599682207128139244e-01,4.439718652641758134e-01,3.850849206072677888e-01,4.350181148158672739e-01,4.266451615412101273e-01,4.564501939977405054e-01,0.000000000000000000e+00,0.000000000000000000e+00,0.000000000000000000e+00,3.756282993563528905e-01,4.961076074068648256e-01,0.000000000000000000e+00,4.678756858873290847e-01,4.641722639635242897e-01,4.756968694255256924e-01,4.303299287953680219e-01,4.834803463106429056e-01,4.413486399369969115e-01,4.502456987498207885e-01,0.000000000000000000e+00,4.554262396586798989e-01,0.000000000000000000e+00,3.973081664488518072e-01,3.989963866096236100e-01,0.000000000000000000e+00,0.000000000000000000e+00,4.788651744741057037e-01,3.999671754472686747e-01,3.826120741158260952e-01,4.002844782582898886e-01,4.710030711755063826e-01,0.000000000000000000e+00,0.000000000000000000e+00,3.942506148247429953e-01,4.566711669368253013e-01,4.435212783371969003e-01,4.273985108378555164e-01,4.357200699628125951e-01,4.419602990515000829e-01
3.953696581242632235e-01,3.660016705740087861e-01,3.371193083208463004e-01,1.955572658524626084e-01,2.769329068986381981e-01,3.197772625751099107e-01,0.000000000000000000e+00,3.380169342110502795e-01,3.111654875615820215e-01,3.229382402359918802e-01,3.245645318399469903e-01,0.000000000000000000e+00,2.674266366323235777e-01,2.732292486327931869e-01,3.512262786724060781e-01,3.731583764001459858e-01,0.000000000000000000e+00,3.723620596655234927e-01,3.338104661234946868e-01,3.601843679959957911e-01,3.366744471922767934e-01,3.780034192994369824e-01,3.366636535600894820e-01,0.000000000000000000e+00,3.572269313449312755e-01,3.639970403631075935e-01,3.370303902481370795e-01,2.597854295043374728e-01,3.481021839443582122e-01,3.316701703309822835e-01,3.272938501091046115e-01,3.320133868848373915e-01,2.895561539800268203e-01,3.533429286279980985e-01,2.924780248669877070e-01,2.834462080129502848e-01,3.003012089732819967e-01,0.000000000000000000e+00,4.325786661664163812e-01,0.000000000000000000e+00,0.000000000000000000e+00,0.000000000000000000e+00,4.343913945575518243e-01,0.000000000000000000e+00,0.000000000000000000e+00,0.000000000000000000e+00,0.000000000000000000e+00,4.759777902325080245e-01,0.000000000000000000e+00,4.561899094153983869e-01,4.673326329517438760e-01,4.724091015906453084e-01,4.369970173924381807e-01,4.641444616580265858e-01,0.000000000000000000e+00,3.893514222978763928e-01,0.000000000000000000e+00,4.580014598900187806e-01,0.000000000000000000e+00,0.000000000000000000e+00,0.000000000000000000e+00,0.000000000000000000e+00,0.000000000000000000e+00,4.513212029508479883e-01,3.942484266913153790e-01,0.000000000000000000e+00,3.956216442840879144e-01,4.726566627155692202e-01,0.000000000000000000e+00,0.000000000000000000e+00,3.837607944862528875e-01,4.558673598384292980e-01,4.391506512265905271e-01,4.182510200895804831e-01,4.465084316389825725e-01,4.443121641547642109e-01
4.660581444250883054e-01,4.385487283862093966e-01,4.007713023661296226e-01,0.000000000000000000e+00,3.383876087298243185e-01,3.152980504202709255e-01,3.380169342110502795e-01,0.000000000000000000e+00,3.796036466761845141e-01,3.623739296840954860e-01,2.546916253560009835e-01,4.671369675493068918e-01,3.369836910701115018e-01,3.268882987995704870e-01,4.074776363225615095e-01,4.182768510967069808e-01,0.000000000000000000e+00,4.015240703558621838e-01,3.132772116667498219e-01,3.385142193318916859e-01,3.802308791714930081e-01,3.997350087091485205e-01,3.141937972994983119e-01,4.549541860801021853e-01,4.133110959865939904e-01,4.405690385854624247e-01,3.585376763778835851e-01,3.310832485553302229e-01,3.096600011002418884e-01,3.374059170423744924e-01,3.572862651877167228e-01,3.629237281349362854e-01,3.959593698222169111e-01,3.816236122398961039e-01,3.831600311412293736e-01,2.994879500926517224e-01,3.597122921009520136e-01,0.000000000000000000e+00,4.499733279764598914e-01,0.000000000000000000e+00,0.000000000000000000e+00,0.000000000000000000e+00,4.981866453980083875e-01,0.000000000000000000e+00,0.000000000000000000e+00,0.000000000000000000e+00,4.269140810507138228e-01,4.976270424291603933e-01,0.000000000000000000e+00,4.708611572025648839e-01,4.531282125983651099e-01,4.793981365213970114e-01,4.356803110128835144e-01,4.898410058636339937e-01,0.000000000000000000e+00,0.000000000000000000e+00,0.000000000000000000e+00,4.418046271920555990e-01,4.657696836513570138e-01,4.094240482946843729e-01,4.110586922131769794e-01,0.000000000000000000e+00,0.000000000000000000e+00,4.671780366308437848e-01,4.142511876459684106e-01,3.947457768372049092e-01,4.195443937363306230e-01,4.811098425694527170e-01,0.000000000000000000e+00,4.692323540338766974e-01,4.458608583104992085e-01,4.608153998888135927e-01,4.360932031116945273e-01,4.275132220988435150e-01,4.172836777696158905e-01,4.372122100463334826e-01
0.000000000000000000e+00,3.508312661762116869e-01,2.836063489162564122e-01,3.175193748260726756e-01,2.845052073973772799e-01,2.783840463023541933e-01,3.111654875615820215e-01,3.796036466761845141e-01,0.000000000000000000e+00,3.490423012780237144e-01,2.534070487557977813e-01,3.359663127645977077e-01,2.953067069871077033e-01,2.991287244327751060e-01,3.175124502512586822e-01,3.566415563096799191e-01,0.000000000000000000e+00,0.000000000000000000e+00,2.482337690952091114e-01,3.406086187019022882e-01,3.122692734097765044e-01,3.623479297337888205e-01,3.339181621705381020e-01,0.000000000000000000e+00,0.000000000000000000e+00,3.571490626556214076e-01,3.071776648492507977e-01,3.240218724875144063e-01,3.161940977911109063e-01,3.427516471444038149e-01,3.507675610126337884e-01,3.426737693541325180e-01,0.000000000000000000e+00,3.591985298805819848e-01,3.375591154627723967e-01,3.163938169618564777e-01,3.392258342610713906e-01,0.000000000000000000e+00,4.509745025567503118e-01,0.000000000000000000e+00,0.000000000000000000e+00,0.000000000000000000e+00,4.763451466293561753e-01,0.000000000000000000e+00,0.000000000000000000e+00,0.000000000000000000e+00,0.000000000000000000e+00,4.610237778535759001e-01,0.000000000000000000e+00,4.681885585672865835e-01,4.820106328378699900e-01,4.827484172372565885e-01,4.753475337189462246e-01,4.768524968009785758e-01,0.000000000000000000e+00,3.974493984898063159e-01,0.000000000000000000e+00,4.656935819972446988e-01,4.590686446669707821e-01,0.000000000000000000e+00,0.000000000000000000e+00,0.000000000000000000e+00,0.000000000000000000e+00,4.708266106098835113e-01,3.782222804533060811e-01,0.000000000000000000e+00,3.839075914921719068e-01,5.043830118191700018e-01,0.000000000000000000e+00,0.000000000000000000e+00,0.000000000000000000e+00,4.863690645637686050e-01,4.561241296424942138e-01,4.156402296167895916e-01,0.000000000000000000e+00,4.654942760792377121e-01
3.227188597854436236e-01,0.000000000000000000e+00,3.540796070231224113e-01,2.079675596486181000e-01,3.159924335117617056e-01,3.512171174632163773e-01,3.229382402359918802e-01,3.623739296840954860e-01,3.490423012780237144e-01,0.000000000000000000e+00,3.386001523842475103e-01,2.384424421329121024e-01,3.221796248019386244e-01,3.127293033494363828e-01,4.049287589575499835e-01,3.155977055775658902e-01,2.383353168740605932e-01,2.704351172225232802e-01,3.483778549185979068e-01,3.856767214768128116e-01,3.521441962788767754e-01,4.119946701121477983e-01,3.537514185558375823e-01,3.061696446821409734e-01,2.219962265537218093e-01,2.481979055968568937e-01,3.580613366770736272e-01,3.138982251304960891e-01,3.550659187787150173e-01,3.418686800773562129e-01,2.688632889269886861e-01,3.690314503305006100e-01,2.729512193346295135e-01,2.949955405489728122e-01,3.039646676865299102e-01,3.004205568964158912e-01,2.634435042089466883e-01,3.117844199409157135e-01,4.264416917817804853e-01,4.075635380121658824e-01,3.978899834177169748e-01,4.138017178344233771e-01,0.000000000000000000e+00,0.000000000000000000e+00,3.957443206591744200e-01,3.370378047982244274e-01,0.000000000000000000e+00,0.000000000000000000e+00,0.000000000000000000e+00,0.000000000000000000e+00,4.361947907690129078e-01,0.000000000000000000e+00,0.000000000000000000e+00,0.000000000000000000e+00,4.432605744627666211e-01,0.000000000000000000e+00,4.347566248472506945e-01,4.508485299262238177e-01,0.000000000000000000e+00,0.000000000000000000e+00,3.926041132120586807e-01,4.241644634143263981e-01,4.143215883822287116e-01,0.000000000000000000e+00,0.000000000000000000e+00,4.286445081233978271e-01,0.000000000000000000e+00,4.283872008258973185e-01,4.125267896923314748e-01,4.225762178900929755e-01,4.234685627527292051e-01,4.336260980442435131e-01,0.000000000000000000e+00,4.217340668304158102e-01,0.000000000000000000e+00,4.136288856567694183e-01
0.000000000000000000e+00,0.000000000000000000e+00,2.679681353419504086e-01,2.741590129274257825e-01,2.913095288083881740e-01,2.981478851235281891e-01,3.245645318399469903e-01,2.546916253560009835e-01,2.534070487557977813e-01,3.386001523842475103e-01,0.000000000000000000e+00,0.000000000000000000e+00,3.228615817199340099e-01,2.499324514098308914e-01,0.000000000000000000e+00,0.000000000000000000e+00,0.000000000000000000e+00,0.000000000000000000e+00,2.185264048275299964e-01,0.000000000000000000e+00,0.000000000000000000e+00,0.000000000000000000e+00,2.640078044340158914e-01,0.000000000000000000e+00,0.000000000000000000e+00,0.000000000000000000e+00,3.119685357480327936e-01,3.225389072024564818e-01,0.000000000000000000e+00,0.000000000000000000e+00,3.463713311272503814e-01,3.013660132680576198e-01,0.000000000000000000e+00,3.542886227764404095e-01,3.141025339512307779e-01,2.599305815110383167e-01,3.143639444611044942e-01,0.000000000000000000e+00,0.000000000000000000e+00,0.000000000000000000e+00,0.000000000000000000e+00,0.000000000000000000e+00,4.334546401423381989e-01,0.000000000000000000e+00,0.000000000000000000e+00,0.000000000000000000e+00,0.000000000000000000e+00,4.509360334980553886e-01,0.000000000000000000e+00,3.174542704525347148e-01,4.655601922171798135e-01,4.487498756723994897e-01,4.451273601069831165e-01,4.466874221050878835e-01,0.000000000000000000e+00,1.985282026551168921e-01,0.000000000000000000e+00,4.440700358020053806e-01,3.201927639266983205e-01,0.000000000000000000e+00,0.000000000000000000e+00,0.000000000000000000e+00,0.000000000000000000e+00,1.655610575352093883e-01,0.000000000000000000e+00,0.000000000000000000e+00,0.000000000000000000e+00,4.778993567033696932e-01,0.000000000000000000e+00,0.000000000000000000e+00,0.000000000000000000e+00,4.689163713067571737e-01,4.301840417990396848e-01,0.000000000000000000e+00,0.000000000000000000e+00,4.521541236523822782e-01
3.354487214937080797e-01,0.000000000000000000e+00,0.000000000000000000e+00,0.000000000000000000e+00,0.000000000000000000e+00,3.428424189814017198e-01,0.000000000000000000e+00,4.671369675493068918e-01,3.359663127645977077e-01,2.384424421329121024e-01,0.000000000000000000e+00,0.000000000000000000e+00,3.546669903223100828e-01,0.000000000000000000e+00,0.000000000000000000e+00,3.218993173475026004e-01,2.981890574750382106e-01,2.880367844987720138e-01,0.000000000000000000e+00,0.000000000000000000e+00,3.848291367371888816e-01,3.961939568099822062e-01,4.156156284028448833e-01,2.828389701740042783e-01,2.494724155311704994e-01,2.466816179273267906e-01,0.000000000000000000e+00,3.493273846782570247e-01,0.000000000000000000e+00,0.000000000000000000e+00,3.230441848253792769e-01,2.839127621429933246e-01,3.337214558660290264e-01,3.231694339604392896e-01,3.301203828378022065e-01,2.328839626072596036e-01,2.182790750909726907e-01,3.275536748172686030e-01,4.076687091141403818e-01,4.026817898753157765e-01,4.046065175744708031e-01,4.290350929277619851e-01,0.000000000000000000e+00,0.000000000000000000e+00,4.025521221966463226e-01,2.911268378014000846e-01,3.831188380412970940e-01,0.000000000000000000e+00,0.000000000000000000e+00,0.000000000000000000e+00,0.000000000000000000e+00,0.000000000000000000e+00,0.000000000000000000e+00,0.000000000000000000e+00,4.448528791628316159e-01,0.000000000000000000e+00,4.363877965959437888e-01,3.973000573121320267e-01,0.000000000000000000e+00,0.000000000000000000e+00,3.772289776910746073e-01,4.185861304035490837e-01,4.008106197848251839e-01,0.000000000000000000e+00,0.000000000000000000e+00,0.000000000000000000e+00,3.786601788989104045e-01,0.000000000000000000e+00,3.948782724393721799e-01,4.139562106923813101e-01,4.049129366729021240e-01,0.000000000000000000e+00,0.000000000000000000e+00,0.000000000000000000e+00,0.000000000000000000e+00,4.037540875059669188e-01
3.655535793166868053e-01,3.729503414277695050e-01,3.391277216000472827e-01,2.016101081906412906e-01,2.800259011505624729e-01,3.021308233319944248e-01,2.674266366323235777e-01,3.369836910701115018e-01,2.953067069871077033e-01,3.221796248019386244e-01,3.228615817199340099e-01,3.546669903223100828e-01,0.000000000000000000e+00,2.705398339163648802e-01,3.459155254895912024e-01,3.709089502049002784e-01,0.000000000000000000e+00,3.723340854658213073e-01,3.305245709419212807e-01,3.617476845226911819e-01,3.370014120571159788e-01,3.825202561102499232e-01,3.322682235653965921e-01,0.000000000000000000e+00,3.599213935862021208e-01,3.676099782482074030e-01,3.347076250297467137e-01,2.657268601085696069e-01,3.388498329022093802e-01,3.082243723186878781e-01,3.208121454584417220e-01,3.407943343578365147e-01,3.130203048195785986e-01,3.584220930864228105e-01,2.880540930180152115e-01,2.904565711852383214e-01,3.156911594277967970e-01,0.000000000000000000e+00,4.305500569307961767e-01,0.000000000000000000e+00,4.271774341210778925e-01,0.000000000000000000e+00,4.443147115642959166e-01,0.000000000000000000e+00,0.000000000000000000e+00,0.000000000000000000e+00,3.800783226323833919e-01,4.650938406311211915e-01,0.000000000000000000e+00,4.556109970267228082e-01,4.508311232598782858e-01,4.584028509947610242e-01,4.123163295785998161e-01,4.655036161079597057e-01,0.000000000000000000e+00,3.856276933114929917e-01,0.000000000000000000e+00,4.435804168548306836e-01,0.000000000000000000e+00,4.051761543417989886e-01,3.771107577049603865e-01,0.000000000000000000e+00,0.000000000000000000e+00,4.573381272976723144e-01,4.016712847246706186e-01,3.807685663225425232e-01,3.979757315757976865e-01,4.558653993537560845e-01,0.000000000000000000e+00,0.000000000000000000e+00,3.869481934613496765e-01,4.434093192850583898e-01,4.369025653403662002e-01,4.220933247982919245e-01,4.279189654530882181e-01,4.347443922104715086e-01
4.560525615945549838e-01,0.000000000000000000e+00,2.860320728524500256e-01,2.523604485685324028e-01,2.137870438398226103e-01,3.366203242007215768e-01,2.732292486327931869e-01,3.268882987995704870e-01,2.991287244327751060e-01,3.127293033494363828e-01,2.499324514098308914e-01,0.000000000000000000e+00,2.705398339163648802e-01,0.000000000000000000e+00,0.000000000000000000e+00,0.000000000000000000e+00,0.000000000000000000e+00,0.000000000000000000e+00,2.691198650170241180e-01,0.000000000000000000e+00,4.065793303359437894e-01,0.000000000000000000e+00,3.298555149249315921e-01,0.000000000000000000e+00,0.000000000000000000e+00,0.000000000000000000e+00,3.446138649828460743e-01,2.573297372022250729e-01,0.000000000000000000e+00,0.000000000000000000e+00,3.097575061803908847e-01,2.092837244483264081e-01,0.000000000000000000e+00,3.481590306382887912e-01,2.474619150161742887e-01,1.883867500514035120e-01,1.932348904668516054e-01,0.000000000000000000e+00,0.000000000000000000e+00,0.000000000000000000e+00,0.000000000000000000e+00,0.000000000000000000e+00,0.000000000000000000e+00,0.000000000000000000e+00,0.000000000000000000e+00,0.000000000000000000e+00,0.000000000000000000e+00,3.000466552549713173e-01,0.000000000000000000e+00,4.616571066095770948e-01,4.532022208253597140e-01,0.000000000000000000e+00,0.000000000000000000e+00,4.358820891609472836e-01,0.000000000000000000e+00,2.553934436514985751e-01,0.000000000000000000e+00,0.000000000000000000e+00,0.000000000000000000e+00,0.000000000000000000e+00,0.000000000000000000e+00,0.000000000000000000e+00,0.000000000000000000e+00,0.000000000000000000e+00,0.000000000000000000e+00,0.000000000000000000e+00,0.000000000000000000e+00,4.875303381417521731e-01,0.000000000000000000e+00,0.000000000000000000e+00,0.000000000000000000e+00,4.917708672799652181e-01,0.000000000000000000e+00,0.000000000000000000e+00,0.000000000000000000e+00,0.000000000000000000e+00
3.502186871939731994e-01,3.754200395765834863e-01,0.000000000000000000e+00,0.000000000000000000e+00,3.165273440791930848e-01,3.372342398164205890e-01,3.512262786724060781e-01,4.074776363225615095e-01,3.175124502512586822e-01,4.049287589575499835e-01,0.000000000000000000e+00,0.000000000000000000e+00,3.459155254895912024e-01,0.000000000000000000e+00,0.000000000000000000e+00,3.598144144152570778e-01,0.000000000000000000e+00,3.588003183230946136e-01,0.000000000000000000e+00,3.372406612980061724e-01,3.738830442861053038e-01,3.804705494058800985e-01,3.617514375607278065e-01,3.753759470566667145e-01,3.363337036083203224e-01,3.949277633018054012e-01,3.775113466803671769e-01,3.574315024877058877e-01,3.437819833751400989e-01,3.177020535768654841e-01,3.957780330857529894e-01,4.499765675123045261e-01,3.588294102739931213e-01,4.301075529458022184e-01,4.802859419362230931e-01,4.880528935499144905e-01,4.575201573428019919e-01,0.000000000000000000e+00,4.565942617607199883e-01,4.275879600605365094e-01,4.373629424274753097e-01,4.717076669168541181e-01,5.196901559829711914e-01,0.000000000000000000e+00,0.000000000000000000e+00,4.520549151044118141e-01,4.262343020521238146e-01,0.000000000000000000e+00,0.000000000000000000e+00,0.000000000000000000e+00,3.944256355667977165e-01,0.000000000000000000e+00,4.004704825852291039e-01,0.000000000000000000e+00,0.000000000000000000e+00,0.000000000000000000e+00,0.000000000000000000e+00,3.928524313198056839e-01,0.000000000000000000e+00,4.502336470554627046e-01,4.182178553087179118e-01,0.000000000000000000e+00,0.000000000000000000e+00,0.000000000000000000e+00,4.046576902217248750e-01,4.250192107228373262e-01,4.528812937739000732e-01,4.054311720220624138e-01,0.000000000000000000e+00,4.163269383355204245e-01,4.555120873789563207e-01,4.140282066584077825e-01,4.193808339431395193e-01,4.053022816362146230e-01,0.000000000000000000e+00,4.194386374105069093e-01
3.146005631667764812e-01,3.745857742874528773e-01,0.000000000000000000e+00,0.000000000000000000e+00,3.654890874902216868e-01,3.629619103025090165e-01,3.731583764001459858e-01,4.182768510967069808e-01,3.566415563096799191e-01,3.155977055775658902e-01,0.000000000000000000e+00,3.218993173475026004e-01,3.709089502049002784e-01,0.000000000000000000e+00,3.598144144152570778e-01,0.000000000000000000e+00,3.291249124378382018e-01,3.240786106048835769e-01,0.000000000000000000e+00,3.571592597583135853e-01,3.362784254293649244e-01,3.341450350784089807e-01,3.517608198320341106e-01,3.082194568768062970e-01,3.438774613244895972e-01,3.466942157040739936e-01,3.584960266667325257e-01,3.593579756375356871e-01,3.626047196945392237e-01,3.425498329308584999e-01,3.454507188515241745e-01,4.407525560280687871e-01,3.240573011758066113e-01,3.713230680699062813e-01,4.227732111339332910e-01,4.161448880464069244e-01,0.000000000000000000e+00,2.469751834869385043e-01,4.170196046759951924e-01,3.775618993890100805e-01,3.921647408573761817e-01,4.245821411178498095e-01,0.000000000000000000e+00,0.000000000000000000e+00,0.000000000000000000e+00,3.798277485545917265e-01,3.911142089762594809e-01,0.000000000000000000e+00,0.000000000000000000e+00,0.000000000000000000e+00,3.937198413548338993e-01,0.000000000000000000e+00,0.000000000000000000e+00,0.000000000000000000e+00,0.000000000000000000e+00,0.000000000000000000e+00,0.000000000000000000e+00,0.000000000000000000e+00,0.000000000000000000e+00,4.073877385003532026e-01,3.821802179082655071e-01,0.000000000000000000e+00,3.770900883062908160e-01,0.000000000000000000e+00,3.866251820414403073e-01,3.898935652537882102e-01,3.961827133663842204e-01,4.092107267029496120e-01,3.877587000801804851e-01,3.880148864015998122e-01,3.959081495712512000e-01,4.000711559385337068e-01,4.131069147574775724e-01,3.906592329842820122e-01,0.000000000000000000e+00,3.783465078542807003e-01
3.155037786364002228e-01,3.286015215388302102e-01,0.000000000000000000e+00,0.000000000000000000e+00,0.000000000000000000e+00,0.000000000000000000e+00,0.000000000000000000e+00,0.000000000000000000e+00,0.000000000000000000e+00,2.383353168740605932e-01,0.000000000000000000e+00,2.981890574750382106e-01,0.000000000000000000e+00,0.000000000000000000e+00,0.000000000000000000e+00,3.291249124378382018e-01,0.000000000000000000e+00,2.836498903841299102e-01,0.000000000000000000e+00,0.000000000000000000e+00,0.000000000000000000e+00,3.422474591025900237e-01,3.463065922260283869e-01,3.013191242108108070e-01,2.807574794189505174e-01,2.846982242984164024e-01,0.000000000000000000e+00,3.649443965301616966e-01,0.000000000000000000e+00,0.000000000000000000e+00,3.236608328694816072e-01,4.096975693103320770e-01,2.722163259297710192e-01,3.366840693035639820e-01,3.848249848731740141e-01,0.000000000000000000e+00,3.226126134395598810e-01,2.697464001361130070e-01,4.479695700242112277e-01,4.335065542332304789e-01,4.359371121356412915e-01,4.659764567835446014e-01,0.000000000000000000e+00,0.000000000000000000e+00,0.000000000000000000e+00,3.434422259682952117e-01,3.674456152048097834e-01,0.000000000000000000e+00,0.000000000000000000e+00,0.000000000000000000e+00,0.000000000000000000e+00,0.000000000000000000e+00,0.000000000000000000e+00,0.000000000000000000e+00,4.708162549007280928e-01,0.000000000000000000e+00,4.640375566148953745e-01,0.000000000000000000e+00,0.000000000000000000e+00,0.000000000000000000e+00,4.106976225364307731e-01,4.472607281547638092e-01,4.386632391704495260e-01,0.000000000000000000e+00,0.000000000000000000e+00,0.000000000000000000e+00,0.000000000000000000e+00,0.000000000000000000e+00,4.251091544023192781e-01,4.441549458240851012e-01,4.471160326771537741e-01,0.000000000000000000e+00,0.000000000000000000e+00,0.000000000000000000e+00,0.000000000000000000e+00,4.301478224958564800e-01
2.974420717101862177e-01,3.748043230161240968e-01,0.000000000000000000e+00,0.000000000000000000e+00,0.000000000000000000e+00,3.631236165096656809e-01,3.723620596655234927e-01,4.015240703558621838e-01,0.000000000000000000e+00,2.704351172225232802e-01,0.000000000000000000e+00,2.880367844987720138e-01,3.723340854658213073e-01,0.000000000000000000e+00,3.588003183230946136e-01,3.240786106048835769e-01,2.836498903841299102e-01,0.000000000000000000e+00,0.000000000000000000e+00,3.713930894234820923e-01,3.329381347463459262e-01,3.633986854832750857e-01,3.553739238512699239e-01,2.898554705636484097e-01,2.994136682960343854e-01,3.107806287769760978e-01,3.611470169606664227e-01,3.650126431074223743e-01,3.719548655426024864e-01,3.447065645259977940e-01,3.309277447701127750e-01,4.088255956160150029e-01,2.776056768794609164e-01,3.457725390504959861e-01,3.898459865658879253e-01,0.000000000000000000e+00,0.000000000000000000e+00,2.437013807981278923e-01,4.209387228147574156e-01,3.914012765460436194e-01,4.051233830280188131e-01,4.339294670863477199e-01,0.000000000000000000e+00,0.000000000000000000e+00,0.000000000000000000e+00,3.612714279437284071e-01,3.827259042472985762e-01,0.000000000000000000e+00,0.000000000000000000e+00,0.000000000000000000e+00,3.750105973993287933e-01,0.000000000000000000e+00,0.000000000000000000e+00,0.000000000000000000e+00,4.543926459488777936e-01,0.000000000000000000e+00,4.525130252765470762e-01,0.000000000000000000e+00,0.000000000000000000e+00,3.986213723830359101e-01,3.832619399902362778e-01,4.370333210260470835e-01,4.089564399426979246e-01,0.000000000000000000e+00,3.778213427566903260e-01,3.749191121506372792e-01,3.841590770959871781e-01,0.000000000000000000e+00,3.951907228101879110e-01,4.101830817812042174e-01,4.121283357119380208e-01,3.850387670286359865e-01,0.000000000000000000e+00,3.908486781000856114e-01,0.000000000000000000e+00,3.962293673409755246e-01
0.000000000000000000e+00,0.000000000000000000e+00,2.396219561013485100e-01,2.841609852748182008e-01,3.093877321028896121e-01,3.069143183293783772e-01,3.338104661234946868e-01,3.132772116667498219e-01,2.482337690952091114e-01,3.483778549185979068e-01,2.185264048275299964e-01,0.000000000000000000e+00,3.305245709419212807e-01,2.691198650170241180e-01,0.000000000000000000e+00,0.000000000000000000e+00,0.000000000000000000e+00,0.000000000000000000e+00,0.000000000000000000e+00,3.395450711250305176e-01,3.568005456481299076e-01,3.613584008534109770e-01,2.466116879032138887e-01,0.000000000000000000e+00,0.000000000000000000e+00,0.000000000000000000e+00,3.143150744649210182e-01,3.343348736729859771e-01,0.000000000000000000e+00,0.000000000000000000e+00,3.484218813890979094e-01,3.331197336321106151e-01,0.000000000000000000e+00,3.536430689762242729e-01,3.265761429118805848e-01,2.854710852101191021e-01,3.289638438720792202e-01,0.000000000000000000e+00,0.000000000000000000e+00,0.000000000000000000e+00,0.000000000000000000e+00,0.000000000000000000e+00,4.360546396583194206e-01,0.000000000000000000e+00,0.000000000000000000e+00,0.000000000000000000e+00,0.000000000000000000e+00,4.182605252893262793e-01,0.000000000000000000e+00,4.565809065647418730e-01,4.690817916127438258e-01,4.719205654111698900e-01,4.669118350040555865e-01,4.594287099926129825e-01,0.000000000000000000e+00,2.600686949830962047e-01,0.000000000000000000e+00,4.495528897967034920e-01,4.411075866047917127e-01,0.000000000000000000e+00,0.000000000000000000e+00,0.000000000000000000e+00,0.000000000000000000e+00,4.523245930205158083e-01,0.000000000000000000e+00,0.000000000000000000e+00,0.000000000000000000e+00,4.872943556228652162e-01,0.000000000000000000e+00,0.000000000000000000e+00,0.000000000000000000e+00,4.766119122448345125e-01,4.512599543567811788e-01,0.000000000000000000e+00,0.000000000000000000e+00,4.669478583147703143e-01
3.741893505715804258e-01,3.860037124046430956e-01,0.000000000000000000e+00,0.000000000000000000e+00,3.479957061404982954e-01,3.428869201217771834e-01,3.601843679959957911e-01,3.385142193318916859e-01,3.406086187019022882e-01,3.856767214768128116e-01,0.000000000000000000e+00,0.000000000000000000e+00,3.617476845226911819e-01,0.000000000000000000e+00,3.372406612980061724e-01,3.571592597583135853e-01,0.000000000000000000e+00,3.713930894234820923e-01,3.395450711250305176e-01,0.000000000000000000e+00,3.746768010806187932e-01,4.127813583166773936e-01,3.025655020242798976e-01,4.198891825212293094e-01,3.605441685491451165e-01,4.114229205605571260e-01,3.363043800285100970e-01,3.436658208582603069e-01,3.146897812026819841e-01,3.349398859905703962e-01,3.677448858661664932e-01,4.521369154458462214e-01,3.817268722552463744e-01,4.038354179306328229e-01,4.515475444885004852e-01,4.689818311736312917e-01,4.331067527639829162e-01,0.000000000000000000e+00,4.322108204280442068e-01,3.973749250035746861e-01,4.157102137605869774e-01,4.399236874344691905e-01,4.605729754742988180e-01,0.000000000000000000e+00,0.000000000000000000e+00,4.341564530439577241e-01,3.995962425757262904e-01,0.000000000000000000e+00,0.000000000000000000e+00,0.000000000000000000e+00,4.160141510236783913e-01,0.000000000000000000e+00,4.168457859684953082e-01,0.000000000000000000e+00,0.000000000000000000e+00,0.000000000000000000e+00,0.000000000000000000e+00,4.143083464716549869e-01,0.000000000000000000e+00,4.146339031404396858e-01,3.954285874185530236e-01,0.000000000000000000e+00,0.000000000000000000e+00,0.000000000000000000e+00,3.994547302948907030e-01,4.055963881764190759e-01,4.218443933137187019e-01,4.162262514530731816e-01,0.000000000000000000e+00,3.955401609789309103e-01,4.125236237189607857e-01,4.297404321905494151e-01,4.220789107731998113e-01,4.165895513576229892e-01,4.058663330304869143e-01,4.138477248860668034e-01
3.360672145726288917e-01,3.499958572450829197e-01,0.000000000000000000e+00,0.000000000000000000e+00,3.235789848063456153e-01,3.107414105287347184e-01,3.366744471922767934e-01,3.802308791714930081e-01,3.122692734097765044e-01,3.521441962788767754e-01,0.000000000000000000e+00,3.848291367371888816e-01,3.370014120571159788e-01,4.065793303359437894e-01,3.738830442861053038e-01,3.362784254293649244e-01,0.000000000000000000e+00,3.329381347463459262e-01,3.568005456481299076e-01,3.746768010806187932e-01,0.000000000000000000e+00,4.039696533868307182e-01,3.289457739790370150e-01,3.755107807523588859e-01,3.163023986080155114e-01,3.624523568313476884e-01,3.447357080671661911e-01,3.373548996416930179e-01,3.250781246287192117e-01,3.435243278710953252e-01,3.618085494814173853e-01,4.233979183654958955e-01,3.112470889277915154e-01,3.927167277252290867e-01,4.506440322105561003e-01,4.134589702932618960e-01,4.084954605610430223e-01,0.000000000000000000e+00,4.498445912228680177e-01,3.808931481610171033e-01,4.144468428101262258e-01,4.626430860605216799e-01,4.975025781791547752e-01,0.000000000000000000e+00,0.000000000000000000e+00,4.238400938887103009e-01,3.944340088128275856e-01,0.000000000000000000e+00,0.000000000000000000e+00,0.000000000000000000e+00,3.906103101710872161e-01,3.925439588465596263e-01,3.866154826003668221e-01,0.000000000000000000e+00,0.000000000000000000e+00,0.000000000000000000e+00,0.000000000000000000e+00,3.861802836338871225e-01,0.000000000000000000e+00,4.212675520985443844e-01,3.892380199023137144e-01,0.000000000000000000e+00,3.917960686196172992e-01,0.000000000000000000e+00,3.910202864899829933e-01,3.732837050455705130e-01,4.252273125093393169e-01,3.879110820822466166e-01,4.134534187227110746e-01,3.915677334264887066e-01,4.220503867718088942e-01,4.089516554222368261e-01,4.028953384756315259e-01,3.866620772289460217e-01,3.932831260012775165e-01,4.067061891579896726e-01
