0.000000000000000000e+00,3.454093311346165263e-01,3.615417072746108795e-01,0.000000000000000000e+00,0.000000000000000000e+00,4.015118871041165050e-01,0.000000000000000000e+00,4.998878787052002948e-01,0.000000000000000000e+00,3.664048736147412777e-01,0.000000000000000000e+00,3.742582340531234730e-01,4.178032975485808098e-01,0.000000000000000000e+00,3.864117769720256113e-01,3.582327840549264231e-01,3.515238122504719120e-01,3.335084146728833909e-01,0.000000000000000000e+00,4.151498790639365777e-01,3.941045841540378736e-01,3.915401256722714218e-01,4.270524580938713788e-01,3.086990897231832176e-01,3.250900932140656230e-01,3.436578520430946804e-01,4.266421923394901894e-01,4.377373713438844072e-01,4.200433108000322102e-01,0.000000000000000000e+00,3.367484038239186850e-01,3.988057622807348879e-01,2.782459321444398226e-01,3.291977304329559151e-01,4.119981238288913938e-01,0.000000000000000000e+00,4.338646233081818182e-01,3.945298652815725227e-01,4.213413756016263223e-01,3.713743562564326139e-01,3.827369428217113900e-01,4.264483651810476172e-01,4.829612672328948975e-01,0.000000000000000000e+00,3.733984529972075861e-01,3.421600978637734936e-01,4.157889926789031243e-01,0.000000000000000000e+00,0.000000000000000000e+00,0.000000000000000000e+00,0.000000000000000000e+00,0.000000000000000000e+00,4.323593860979011994e-01,0.000000000000000000e+00,3.863767877357627833e-01,0.000000000000000000e+00,3.643509166905690155e-01,0.000000000000000000e+00,0.000000000000000000e+00,4.506138517797699250e-01,4.009885738345593253e-01,3.720243048764172999e-01,3.843091136184083045e-01,0.000000000000000000e+00,4.085209245700521796e-01,3.718353169512623180e-01,4.306616084150042822e-01,4.188593734078113195e-01,2.425224228361075041e-01,3.873175499788650833e-01,4.170777047859332010e-01,4.401317915676747905e-01,0.000000000000000000e+00,3.774825217738170258e-01,0.000000000000000000e+00,3.808478070469852872e-01
3.454093311346165263e-01,0.000000000000000000e+00,3.524756744293037203e-01,0.000000000000000000e+00,3.549480993925313022e-01,3.562463194545479883e-01,3.726129009629404742e-01,4.427089523785269209e-01,3.491639131040060184e-01,3.306516379884287815e-01,0.000000000000000000e+00,0.000000000000000000e+00,3.849302457739897099e-01,0.000000000000000000e+00,3.978687199314355771e-01,3.896054192942317029e-01,3.506202436504243236e-01,3.552141538942655274e-01,0.000000000000000000e+00,4.060100318824272914e-01,3.896289591450574075e-01,3.975091356717614932e-01,3.835974693250231993e-01,3.349078715707671794e-01,3.329075602963119107e-01,3.911986842767057881e-01,3.840902472779880172e-01,4.087235637885123229e-01,3.864398702680850728e-01,0.000000000000000000e+00,3.632651600006803760e-01,4.153178511651224869e-01,3.143237598150397938e-01,3.584555392511983851e-01,4.289573753223859254e-01,4.861705789182810822e-01,0.000000000000000000e+00,0.000000000000000000e+00,4.163521621623721969e-01,3.806025974186091898e-01,3.913650244092131136e-01,4.204876765072795841e-01,3.788310813033345936e-01,0.000000000000000000e+00,0.000000000000000000e+00,3.964050800847491729e-01,4.116510239859036968e-01,0.000000000000000000e+00,0.000000000000000000e+00,0.000000000000000000e+00,3.981944093464832024e-01,4.134645113396361871e-01,4.593286752333484158e-01,4.247093491538745935e-01,3.410838585671879253e-01,0.000000000000000000e+00,0.000000000000000000e+00,4.080817484219640967e-01,0.000000000000000000e+00,4.399200206741402108e-01,4.023161610945368838e-01,3.814952316338167115e-01,3.952018529991284113e-01,0.000000000000000000e+00,4.020475382924865726e-01,4.209503724136821057e-01,4.144118105202072022e-01,4.333841461447909826e-01,3.855777399856408771e-01,3.960026510471386096e-01,4.287551511113131819e-01,4.314860321618820271e-01,4.095016211008430940e-01,4.001662261775417728e-01,0.000000000000000000e+00,3.901907748517920993e-01
3.615417072746108795e-01,3.524756744293037203e-01,0.000000000000000000e+00,3.341804825309485083e-01,3.512261787251876877e-01,3.636219307135988843e-01,3.654731830873090836e-01,3.919462377817791165e-01,3.239131756096337855e-01,3.912065349216010124e-01,3.018016469586842221e-01,0.000000000000000000e+00,3.839031964111946915e-01,3.542303007577419227e-01,3.499023783194201154e-01,3.840872223189127910e-01,0.000000000000000000e+00,0.000000000000000000e+00,2.690555845966753901e-01,3.689337954726442104e-01,3.685063407684662229e-01,3.851609050025732728e-01,3.302265313944960923e-01,0.000000000000000000e+00,3.388771757693375131e-01,3.851962756511267960e-01,3.308434791130857033e-01,3.793917819731832952e-01,3.476490231322668101e-01,3.848413798590245016e-01,3.912929780255957057e-01,3.716887380315840872e-01,3.223211371615233856e-01,3.944475923907864168e-01,4.007207178345121856e-01,3.483635123930284849e-01,3.742091339705492237e-01,0.000000000000000000e+00,4.734960262727592184e-01,0.000000000000000000e+00,4.863609660478415142e-01,0.000000000000000000e+00,4.438344753859810865e-01,0.000000000000000000e+00,0.000000000000000000e+00,0.000000000000000000e+00,0.000000000000000000e+00,4.344518397732871073e-01,0.000000000000000000e+00,4.404369052045031818e-01,5.072566405742240381e-01,4.867098305125391877e-01,4.877593182349341805e-01,5.015456253980649093e-01,0.000000000000000000e+00,2.982461407842217915e-01,0.000000000000000000e+00,4.851036151496436188e-01,3.999139272320538230e-01,0.000000000000000000e+00,0.000000000000000000e+00,0.000000000000000000e+00,0.000000000000000000e+00,3.014469014609912900e-01,0.000000000000000000e+00,0.000000000000000000e+00,4.175272894998289797e-01,5.073172272804750138e-01,0.000000000000000000e+00,0.000000000000000000e+00,4.026630889323477014e-01,5.012009619514582459e-01,4.792563204724580861e-01,4.542009938258838031e-01,0.000000000000000000e+00,4.825135336967821820e-01
0.000000000000000000e+00,0.000000000000000000e+00,3.341804825309485083e-01,0.000000000000000000e+00,2.870259600910108899e-01,3.665957821446442777e-01,2.360183527605700937e-01,3.382640591600550861e-01,3.366328665707558065e-01,2.027002459966293080e-01,3.084826409828371752e-01,0.000000000000000000e+00,3.339346009181242136e-01,2.833293988258190899e-01,0.000000000000000000e+00,0.000000000000000000e+00,0.000000000000000000e+00,0.000000000000000000e+00,3.254799381614916776e-01,0.000000000000000000e+00,0.000000000000000000e+00,0.000000000000000000e+00,3.464513523188599842e-01,0.000000000000000000e+00,0.000000000000000000e+00,0.000000000000000000e+00,3.506083233254561060e-01,2.739727982148891239e-01,0.000000000000000000e+00,0.000000000000000000e+00,3.404833725175738790e-01,3.108248405645214207e-01,0.000000000000000000e+00,3.453969209626824854e-01,3.785263658416065935e-01,2.322027119670813933e-01,1.920229262754580002e-01,0.000000000000000000e+00,0.000000000000000000e+00,0.000000000000000000e+00,0.000000000000000000e+00,0.000000000000000000e+00,0.000000000000000000e+00,0.000000000000000000e+00,0.000000000000000000e+00,0.000000000000000000e+00,0.000000000000000000e+00,0.000000000000000000e+00,0.000000000000000000e+00,0.000000000000000000e+00,0.000000000000000000e+00,0.000000000000000000e+00,0.000000000000000000e+00,0.000000000000000000e+00,0.000000000000000000e+00,0.000000000000000000e+00,0.000000000000000000e+00,0.000000000000000000e+00,0.000000000000000000e+00,0.000000000000000000e+00,0.000000000000000000e+00,0.000000000000000000e+00,0.000000000000000000e+00,0.000000000000000000e+00,0.000000000000000000e+00,0.000000000000000000e+00,0.000000000000000000e+00,0.000000000000000000e+00,0.000000000000000000e+00,0.000000000000000000e+00,0.000000000000000000e+00,0.000000000000000000e+00,0.000000000000000000e+00,0.000000000000000000e+00,0.000000000000000000e+00,0.000000000000000000e+00
0.000000000000000000e+00,3.549480993925313022e-01,3.512261787251876877e-01,2.870259600910108899e-01,0.000000000000000000e+00,3.601874833305137025e-01,3.152578938808144882e-01,3.662675147552458266e-01,3.320860516216118108e-01,3.536469620368529188e-01,3.134818847852142154e-01,3.637427391170677815e-01,3.526356011426474146e-01,2.948769221628627091e-01,0.000000000000000000e+00,3.850695217036196882e-01,3.903517723083496094e-01,0.000000000000000000e+00,3.244500943626387190e-01,3.859070119606292093e-01,3.760547243256842087e-01,3.975788771966144997e-01,3.394590072191123187e-01,0.000000000000000000e+00,3.517118783516596792e-01,3.689108954122535255e-01,3.651006672282597898e-01,3.351186818989915217e-01,3.786743180828608946e-01,0.000000000000000000e+00,3.630697802809780828e-01,3.416130866934580235e-01,3.603072458545893975e-01,3.480465052444267071e-01,3.413725443651597913e-01,2.806894069825713878e-01,2.647416305331252162e-01,0.000000000000000000e+00,4.515613806784756212e-01,0.000000000000000000e+00,4.584953481627311866e-01,0.000000000000000000e+00,4.162092905827957101e-01,0.000000000000000000e+00,0.000000000000000000e+00,0.000000000000000000e+00,0.000000000000000000e+00,4.768281984183864175e-01,0.000000000000000000e+00,4.784922867738968799e-01,4.720569170390215841e-01,4.815369089536545855e-01,4.550642495104864071e-01,4.918905857968572937e-01,0.000000000000000000e+00,4.447521067943691064e-01,0.000000000000000000e+00,4.651889941389931726e-01,0.000000000000000000e+00,0.000000000000000000e+00,0.000000000000000000e+00,0.000000000000000000e+00,0.000000000000000000e+00,4.632259237954166053e-01,0.000000000000000000e+00,0.000000000000000000e+00,3.928923885407575867e-01,4.862252120326839844e-01,0.000000000000000000e+00,0.000000000000000000e+00,0.000000000000000000e+00,4.804320441313770784e-01,4.609290796874642160e-01,4.302579634861902758e-01,0.000000000000000000e+00,4.555588810983419168e-01
4.015118871041165050e-01,3.562463194545479883e-01,3.636219307135988843e-01,3.665957821446442777e-01,3.601874833305137025e-01,0.000000000000000000e+00,3.816350777894095825e-01,3.747879480331430258e-01,3.366831444165698795e-01,4.070064592173552875e-01,3.530294700092626026e-01,4.136490083195125123e-01,3.757869537079652766e-01,3.709267754236771908e-01,3.740139375212614969e-01,3.855121606221310060e-01,4.026321568813726048e-01,3.750477771503695767e-01,3.421408265804576909e-01,3.860998491617174122e-01,3.814599164474939963e-01,3.923727846607192871e-01,3.552982726525160118e-01,4.457295321683718003e-01,3.455959718159277161e-01,3.796574139689410932e-01,3.726414139692001970e-01,3.647049071952671029e-01,3.347543169872829738e-01,3.865150621534498843e-01,3.931215183191181239e-01,3.762854435573961265e-01,3.335815692326630777e-01,3.956366354406163910e-01,4.097477399417028265e-01,3.776865690531306941e-01,4.023704493280327865e-01,4.053739737137346255e-01,4.522871595008233214e-01,3.913121548397449079e-01,4.415017975338004219e-01,4.225864199646827135e-01,4.289170934566878257e-01,0.000000000000000000e+00,0.000000000000000000e+00,3.598886166270556797e-01,3.896441686604030785e-01,4.938161387103540134e-01,0.000000000000000000e+00,4.827560381232469111e-01,4.718320363966826969e-01,4.745187268497459976e-01,4.498830991621718955e-01,4.978039328770594851e-01,0.000000000000000000e+00,4.556276324642151154e-01,0.000000000000000000e+00,4.622407617422273907e-01,0.000000000000000000e+00,4.225718209796017200e-01,3.865509595519547870e-01,0.000000000000000000e+00,3.852049419340867198e-01,4.717926727085643979e-01,4.120277487639333880e-01,4.026025766181935972e-01,4.042788946126554261e-01,4.794356049190260927e-01,0.000000000000000000e+00,3.658930774961791088e-01,4.181759559886156774e-01,4.779070061834589933e-01,4.582057283588432117e-01,4.473217028035256781e-01,4.567312337389655141e-01,4.655535953667873095e-01
0.000000000000000000e+00,3.726129009629404742e-01,3.654731830873090836e-01,2.360183527605700937e-01,3.152578938808144882e-01,3.816350777894095825e-01,0.000000000000000000e+00,3.778699763601796047e-01,3.520109817830662235e-01,3.721250870623608042e-01,3.350640863357388088e-01,3.809582249642491925e-01,3.036368708024668184e-01,3.019572837810832744e-01,3.781700056261935172e-01,4.316749817134671874e-01,0.000000000000000000e+00,4.216363784525675729e-01,3.465478319843627864e-01,4.103082674404823216e-01,3.845102130200959145e-01,4.237838383703078082e-01,3.549326587141484191e-01,0.000000000000000000e+00,3.738864819504286174e-01,3.875799239100558014e-01,3.715375101848760186e-01,3.386147998232921230e-01,4.099560123167801939e-01,3.353547108042820857e-01,3.677578159772211808e-01,3.626417217717283203e-01,3.603860474078532938e-01,3.672473468045370226e-01,3.882862028377345731e-01,3.094743608533047086e-01,3.266612256564915273e-01,0.000000000000000000e+00,4.446059321113757790e-01,0.000000000000000000e+00,4.542433032330018272e-01,0.000000000000000000e+00,4.086291882215710158e-01,0.000000000000000000e+00,0.000000000000000000e+00,0.000000000000000000e+00,0.000000000000000000e+00,4.709707287493496985e-01,0.000000000000000000e+00,4.603758268421940802e-01,4.567199853493287831e-01,4.602472829650798847e-01,4.310673227892188875e-01,4.707186415766492216e-01,0.000000000000000000e+00,4.341887504498794792e-01,0.000000000000000000e+00,4.547799486903569832e-01,0.000000000000000000e+00,4.433562674026387818e-01,0.000000000000000000e+00,0.000000000000000000e+00,0.000000000000000000e+00,4.436225769332700075e-01,4.152569715968305042e-01,0.000000000000000000e+00,4.031549227656671119e-01,4.639457021399782111e-01,0.000000000000000000e+00,0.000000000000000000e+00,4.162007171896037194e-01,4.607097601453031821e-01,4.499711440267560869e-01,4.355958328076358077e-01,4.542919742567392838e-01,4.489363739854720925e-01
4.998878787052002948e-01,4.427089523785269209e-01,3.919462377817791165e-01,3.382640591600550861e-01,3.662675147552458266e-01,3.747879480331430258e-01,3.778699763601796047e-01,0.000000000000000000e+00,3.954528121021542164e-01,4.219921631147230956e-01,2.878261209316517188e-01,4.632602694725260761e-01,3.918718356880124820e-01,3.223284657306165202e-01,4.244692758745806094e-01,4.538430388619544842e-01,4.868270652952306765e-01,4.577709167250633149e-01,3.573003138804549117e-01,3.905527236185942774e-01,4.202135329192567270e-01,4.177577826799546146e-01,3.391389736690654799e-01,4.964138727614533231e-01,4.590048100903578732e-01,4.852830439098445026e-01,3.917739174739932051e-01,3.880464033329584228e-01,3.604019391715039822e-01,3.962712324052076740e-01,4.041013219580572025e-01,3.816260827857385074e-01,3.292456849001689223e-01,4.131061265787048797e-01,4.358001104023851990e-01,3.134799100138491168e-01,3.829959152298836877e-01,3.796888765917669217e-01,4.414795115139247828e-01,0.000000000000000000e+00,4.542124248141731213e-01,0.000000000000000000e+00,4.227104630872238200e-01,0.000000000000000000e+00,0.000000000000000000e+00,4.851887462728673994e-01,0.000000000000000000e+00,4.750569837461313116e-01,0.000000000000000000e+00,0.000000000000000000e+00,4.550100287772553820e-01,4.618839139506992764e-01,4.041112216007635149e-01,4.933569714977409926e-01,0.000000000000000000e+00,4.250575429026466900e-01,0.000000000000000000e+00,4.449293312548632806e-01,4.613171815872191828e-01,4.383193819107611966e-01,0.000000000000000000e+00,0.000000000000000000e+00,0.000000000000000000e+00,4.581586486092518729e-01,4.104711629436001985e-01,4.452477440218011173e-01,4.731329804632576908e-01,4.557648578593845867e-01,0.000000000000000000e+00,0.000000000000000000e+00,4.976606886436115151e-01,4.700698186868711992e-01,4.380082634445683909e-01,4.324549345971779868e-01,4.448623684445580095e-01,4.486125892826183792e-01
0.000000000000000000e+00,3.491639131040060184e-01,3.239131756096337855e-01,3.366328665707558065e-01,3.320860516216118108e-01,3.366831444165698795e-01,3.520109817830662235e-01,3.954528121021542164e-01,0.000000000000000000e+00,3.749822676610504724e-01,3.001820622298219110e-01,3.793909484724594106e-01,3.507727708574659986e-01,3.404753874742147968e-01,3.570439812096086740e-01,3.876059405527066959e-01,3.736215233802794855e-01,4.197298100665329823e-01,2.846080545296659770e-01,3.828908332186881092e-01,3.732045468988168802e-01,3.896021777066919212e-01,3.578328911209827101e-01,3.737572852272034729e-01,3.503246223139419024e-01,3.688203717507296808e-01,3.777286503734009204e-01,3.628537698821693858e-01,3.726108474622750744e-01,3.837606960210553919e-01,3.733528618380644870e-01,3.553772976090064928e-01,3.406970202955358906e-01,3.743893379090443840e-01,3.814822351851647197e-01,3.393331407620697737e-01,3.618141876266933732e-01,3.631786280108996179e-01,4.685330188127864726e-01,0.000000000000000000e+00,4.675018085570694093e-01,0.000000000000000000e+00,4.299651375311939194e-01,0.000000000000000000e+00,0.000000000000000000e+00,0.000000000000000000e+00,0.000000000000000000e+00,4.843619743903210817e-01,0.000000000000000000e+00,4.951488055210672146e-01,4.911977480374705163e-01,4.878198690489499167e-01,4.866436261428427890e-01,4.910686103571672012e-01,0.000000000000000000e+00,4.551603538392670067e-01,0.000000000000000000e+00,4.798109498611384804e-01,4.583189514456130764e-01,4.111637100442943060e-01,0.000000000000000000e+00,0.000000000000000000e+00,0.000000000000000000e+00,4.645233186113483792e-01,4.124919460458693066e-01,0.000000000000000000e+00,3.978354949142102193e-01,5.000684414352078999e-01,0.000000000000000000e+00,0.000000000000000000e+00,4.039819744197216123e-01,4.997186568178633159e-01,4.695042106066680820e-01,4.335439415882210157e-01,4.358555595588727849e-01,4.831525838891885805e-01
3.664048736147412777e-01,3.306516379884287815e-01,3.912065349216010124e-01,2.027002459966293080e-01,3.536469620368529188e-01,4.070064592173552875e-01,3.721250870623608042e-01,4.219921631147230956e-01,3.749822676610504724e-01,0.000000000000000000e+00,3.507802424029435873e-01,3.125824974682391844e-01,3.815087564938191012e-01,2.175249755135781893e-01,0.000000000000000000e+00,3.799976877563612798e-01,3.180489529043192265e-01,3.423734198049215860e-01,3.671362116486496796e-01,0.000000000000000000e+00,4.405960366450301091e-01,4.440266580578813849e-01,3.856417966291268984e-01,3.290428036711682269e-01,3.188127273306129994e-01,3.260499357443993884e-01,3.937597086297615068e-01,3.647029642483486933e-01,4.283145588490167022e-01,0.000000000000000000e+00,3.416673142012753850e-01,3.673218129762150230e-01,3.003600658874456819e-01,3.067791036856806763e-01,3.517153420882581094e-01,3.266604697596450224e-01,3.174189029972246945e-01,3.110465300854570736e-01,3.482815258166073735e-01,4.243220725375311253e-01,3.974414851554979866e-01,4.413466198090376102e-01,0.000000000000000000e+00,0.000000000000000000e+00,3.991990641786056226e-01,3.982679548649725731e-01,0.000000000000000000e+00,0.000000000000000000e+00,0.000000000000000000e+00,0.000000000000000000e+00,4.484843988672361226e-01,0.000000000000000000e+00,0.000000000000000000e+00,4.698610974343159774e-01,4.327938741910885012e-01,0.000000000000000000e+00,4.346147555775348725e-01,0.000000000000000000e+00,0.000000000000000000e+00,0.000000000000000000e+00,3.926395127836488919e-01,4.405471373337410124e-01,4.293774500838893893e-01,0.000000000000000000e+00,0.000000000000000000e+00,0.000000000000000000e+00,3.043254502705547981e-01,4.594144417684907222e-01,3.929503815347816786e-01,4.291319348350499108e-01,4.369145132009515931e-01,4.604621738534244724e-01,4.172984440710946763e-01,0.000000000000000000e+00,0.000000000000000000e+00,4.172947516852851813e-01
0.000000000000000000e+00,0.000000000000000000e+00,3.018016469586842221e-01,3.084826409828371752e-01,3.134818847852142154e-01,3.530294700092626026e-01,3.350640863357388088e-01,2.878261209316517188e-01,3.001820622298219110e-01,3.507802424029435873e-01,0.000000000000000000e+00,0.000000000000000000e+00,3.552881123201451774e-01,2.818535460600694043e-01,0.000000000000000000e+00,0.000000000000000000e+00,0.000000000000000000e+00,0.000000000000000000e+00,2.691325881184650770e-01,0.000000000000000000e+00,0.000000000000000000e+00,0.000000000000000000e+00,2.946871291625619005e-01,0.000000000000000000e+00,0.000000000000000000e+00,0.000000000000000000e+00,3.513922710120748194e-01,3.375481929369317236e-01,2.974653542041779120e-01,0.000000000000000000e+00,3.563118957685296184e-01,3.157344440948823827e-01,0.000000000000000000e+00,3.544744476521782262e-01,3.056752038456591047e-01,2.616335192027985923e-01,2.544541485762655264e-01,0.000000000000000000e+00,4.375405061787481231e-01,0.000000000000000000e+00,5.040140326084723288e-01,0.000000000000000000e+00,3.612186033620010117e-01,0.000000000000000000e+00,0.000000000000000000e+00,0.000000000000000000e+00,0.000000000000000000e+00,3.966390991007575084e-01,0.000000000000000000e+00,3.500207186660572733e-01,4.709552120995618152e-01,4.497749904964071788e-01,3.898864782082054892e-01,4.390432233965922970e-01,0.000000000000000000e+00,2.898755208988180732e-01,0.000000000000000000e+00,4.410015101274555871e-01,3.702829235354401782e-01,0.000000000000000000e+00,0.000000000000000000e+00,0.000000000000000000e+00,0.000000000000000000e+00,2.941707127977126190e-01,0.000000000000000000e+00,0.000000000000000000e+00,0.000000000000000000e+00,4.613781350914846757e-01,0.000000000000000000e+00,0.000000000000000000e+00,0.000000000000000000e+00,4.692728184012229242e-01,4.407392319430469274e-01,0.000000000000000000e+00,0.000000000000000000e+00,4.619639553558648193e-01
3.742582340531234730e-01,0.000000000000000000e+00,0.000000000000000000e+00,0.000000000000000000e+00,3.637427391170677815e-01,4.136490083195125123e-01,3.809582249642491925e-01,4.632602694725260761e-01,3.793909484724594106e-01,3.125824974682391844e-01,0.000000000000000000e+00,0.000000000000000000e+00,3.814480421529741205e-01,0.000000000000000000e+00,0.000000000000000000e+00,3.656422176656938250e-01,3.569292686545276760e-01,3.572725674913667104e-01,0.000000000000000000e+00,0.000000000000000000e+00,0.000000000000000000e+00,0.000000000000000000e+00,4.137144731564066924e-01,2.872734023217949906e-01,3.174654171747537945e-01,2.892002724519965873e-01,3.999920315186624165e-01,3.743854405219260162e-01,0.000000000000000000e+00,0.000000000000000000e+00,3.580563605563619745e-01,3.062590106374881160e-01,2.828308545835406251e-01,2.845522058036173974e-01,3.639220054685888828e-01,3.260667831685846729e-01,3.098694728204631765e-01,2.738080338151772097e-01,3.095660512220259064e-01,4.331896434085820147e-01,3.916602564797255215e-01,4.363217903260456221e-01,0.000000000000000000e+00,0.000000000000000000e+00,3.983714408011935770e-01,3.933855437522512100e-01,0.000000000000000000e+00,0.000000000000000000e+00,0.000000000000000000e+00,0.000000000000000000e+00,0.000000000000000000e+00,0.000000000000000000e+00,0.000000000000000000e+00,0.000000000000000000e+00,4.336640288201302762e-01,0.000000000000000000e+00,4.331955826866314974e-01,4.132530133750039192e-01,0.000000000000000000e+00,0.000000000000000000e+00,0.000000000000000000e+00,4.433112670708397873e-01,4.288552994929522022e-01,0.000000000000000000e+00,0.000000000000000000e+00,0.000000000000000000e+00,0.000000000000000000e+00,0.000000000000000000e+00,3.828104655018635949e-01,4.321471469772941165e-01,4.311658181279298119e-01,0.000000000000000000e+00,4.272276781670640844e-01,0.000000000000000000e+00,0.000000000000000000e+00,4.211187767627290746e-01
4.178032975485808098e-01,3.849302457739897099e-01,3.839031964111946915e-01,3.339346009181242136e-01,3.526356011426474146e-01,3.757869537079652766e-01,3.036368708024668184e-01,3.918718356880124820e-01,3.507727708574659986e-01,3.815087564938191012e-01,3.552881123201451774e-01,3.814480421529741205e-01,0.000000000000000000e+00,3.392819199939338115e-01,3.845510859557119132e-01,4.438383605851902725e-01,4.146692116872907063e-01,4.336167717546742240e-01,3.588417613603052114e-01,4.173984918465982186e-01,3.999083201735338933e-01,4.335854049667565158e-01,3.760717242152787909e-01,4.186460449008646001e-01,3.848611894055813942e-01,4.035432790039399920e-01,3.893546229122207269e-01,3.464797240492709096e-01,4.031783554135747738e-01,3.653468368172009817e-01,3.753797775038775209e-01,3.923198897269085106e-01,3.657259893460089173e-01,3.942888043978813872e-01,4.398509494209921766e-01,3.456198080376201021e-01,3.700847790082373856e-01,3.783725526142007189e-01,4.523817643554551848e-01,0.000000000000000000e+00,4.530261235889493920e-01,0.000000000000000000e+00,4.187230439617400934e-01,0.000000000000000000e+00,0.000000000000000000e+00,0.000000000000000000e+00,4.080154589857338254e-01,4.661321405965058173e-01,0.000000000000000000e+00,4.660344225384985828e-01,4.645435922632684123e-01,4.668300836588996083e-01,4.381217118435957181e-01,4.717405565632182829e-01,0.000000000000000000e+00,4.327493212988310911e-01,0.000000000000000000e+00,4.588087255426818167e-01,0.000000000000000000e+00,4.300241403908346971e-01,3.997426601286501735e-01,0.000000000000000000e+00,0.000000000000000000e+00,4.446034641815687083e-01,4.226588143836749190e-01,4.153685581645935043e-01,4.182856543330880084e-01,4.710699658956525870e-01,0.000000000000000000e+00,0.000000000000000000e+00,4.243332034393940133e-01,4.689099879816213123e-01,4.576665927606307083e-01,4.508614378482975193e-01,4.590500209777285123e-01,4.638040037921993264e-01
0.000000000000000000e+00,0.000000000000000000e+00,3.542303007577419227e-01,2.833293988258190899e-01,2.948769221628627091e-01,3.709267754236771908e-01,3.019572837810832744e-01,3.223284657306165202e-01,3.404753874742147968e-01,2.175249755135781893e-01,2.818535460600694043e-01,0.000000000000000000e+00,3.392819199939338115e-01,0.000000000000000000e+00,0.000000000000000000e+00,0.000000000000000000e+00,0.000000000000000000e+00,0.000000000000000000e+00,3.210716036172384102e-01,0.000000000000000000e+00,0.000000000000000000e+00,0.000000000000000000e+00,3.131380307650249994e-01,0.000000000000000000e+00,0.000000000000000000e+00,0.000000000000000000e+00,3.811885867975490783e-01,2.997783734193870120e-01,0.000000000000000000e+00,0.000000000000000000e+00,3.336117951080715960e-01,2.053433848827322106e-01,0.000000000000000000e+00,3.211163710649571068e-01,0.000000000000000000e+00,2.138694676110317050e-01,1.871288067643653019e-01,0.000000000000000000e+00,0.000000000000000000e+00,0.000000000000000000e+00,0.000000000000000000e+00,0.000000000000000000e+00,3.167713248584113073e-01,0.000000000000000000e+00,0.000000000000000000e+00,0.000000000000000000e+00,0.000000000000000000e+00,4.162979605380446868e-01,0.000000000000000000e+00,0.000000000000000000e+00,4.380190518448682235e-01,0.000000000000000000e+00,3.752380441268434730e-01,4.346045970391991253e-01,0.000000000000000000e+00,3.626308779911158187e-01,0.000000000000000000e+00,0.000000000000000000e+00,0.000000000000000000e+00,0.000000000000000000e+00,0.000000000000000000e+00,0.000000000000000000e+00,0.000000000000000000e+00,3.800092786891028918e-01,0.000000000000000000e+00,0.000000000000000000e+00,0.000000000000000000e+00,4.345006016011861982e-01,0.000000000000000000e+00,0.000000000000000000e+00,0.000000000000000000e+00,4.417273112813285274e-01,0.000000000000000000e+00,0.000000000000000000e+00,0.000000000000000000e+00,0.000000000000000000e+00
3.864117769720256113e-01,3.978687199314355771e-01,3.499023783194201154e-01,0.000000000000000000e+00,0.000000000000000000e+00,3.740139375212614969e-01,3.781700056261935172e-01,4.244692758745806094e-01,3.570439812096086740e-01,0.000000000000000000e+00,0.000000000000000000e+00,0.000000000000000000e+00,3.845510859557119132e-01,0.000000000000000000e+00,0.000000000000000000e+00,4.120009755487409886e-01,0.000000000000000000e+00,4.000939072147817188e-01,0.000000000000000000e+00,3.235516736727718223e-01,3.675751340319590166e-01,3.650948959037468855e-01,3.573920981741616210e-01,4.270756176739067267e-01,3.806938081729311918e-01,3.591186979492644871e-01,3.815385816926594176e-01,3.763018232795998230e-01,3.659166473232771111e-01,0.000000000000000000e+00,4.171111715651599217e-01,4.169344713513025158e-01,3.658870673372853766e-01,4.225462733969581053e-01,4.674783164180909001e-01,4.975707998130404763e-01,4.632245574277701894e-01,0.000000000000000000e+00,4.557600009557009058e-01,4.372526392183019861e-01,4.544275701892814268e-01,4.868950413581353276e-01,4.823250738213892830e-01,0.000000000000000000e+00,0.000000000000000000e+00,0.000000000000000000e+00,4.502496654577087254e-01,0.000000000000000000e+00,0.000000000000000000e+00,0.000000000000000000e+00,4.278345007313080761e-01,4.510871442120613084e-01,4.438770152380246969e-01,0.000000000000000000e+00,0.000000000000000000e+00,0.000000000000000000e+00,0.000000000000000000e+00,4.429628874451386755e-01,0.000000000000000000e+00,4.746505001860119033e-01,4.344390804911906212e-01,0.000000000000000000e+00,4.214717229989490832e-01,0.000000000000000000e+00,4.273731392657890149e-01,4.577444357529752983e-01,4.694746187422467743e-01,4.416334343920287897e-01,0.000000000000000000e+00,4.142672923997698931e-01,4.906907140630081821e-01,4.476294396245493745e-01,4.293517002585989784e-01,4.279398267885942131e-01,4.275549219275828206e-01,4.454534256764542954e-01
3.582327840549264231e-01,3.896054192942317029e-01,3.840872223189127910e-01,0.000000000000000000e+00,3.850695217036196882e-01,3.855121606221310060e-01,4.316749817134671874e-01,4.538430388619544842e-01,3.876059405527066959e-01,3.799976877563612798e-01,0.000000000000000000e+00,3.656422176656938250e-01,4.438383605851902725e-01,0.000000000000000000e+00,4.120009755487409886e-01,0.000000000000000000e+00,3.706556164053804170e-01,3.247772878726479795e-01,0.000000000000000000e+00,4.049398695092247258e-01,3.951770740789845027e-01,3.839954155059818186e-01,4.065405282355151195e-01,3.407552579585744756e-01,3.623410998205227052e-01,3.955294912743799185e-01,4.071278123978825936e-01,4.436221301708064835e-01,4.265652706952401951e-01,4.210117717563214845e-01,3.744391442625064070e-01,4.494031756986927029e-01,3.548617253837710872e-01,3.842438075993857005e-01,4.580475608893941897e-01,4.931495841790503043e-01,0.000000000000000000e+00,0.000000000000000000e+00,4.227955652660985164e-01,3.874077127381381769e-01,3.969354491405691077e-01,4.241901683847364990e-01,0.000000000000000000e+00,0.000000000000000000e+00,0.000000000000000000e+00,3.974347516242369149e-01,4.125695609693688093e-01,0.000000000000000000e+00,0.000000000000000000e+00,0.000000000000000000e+00,4.184320707462101940e-01,0.000000000000000000e+00,0.000000000000000000e+00,0.000000000000000000e+00,3.820174976824838864e-01,0.000000000000000000e+00,4.276809864579264042e-01,4.290920786639049744e-01,0.000000000000000000e+00,4.424770087398470775e-01,4.041636146857693901e-01,3.939358103911034803e-01,4.020053239428061920e-01,0.000000000000000000e+00,4.181605034731781800e-01,4.302998858671914229e-01,4.241115090467207915e-01,4.363958186774036241e-01,3.638185047246944026e-01,4.031978964842116153e-01,4.238860124349819736e-01,4.433531104759996788e-01,4.398217710206340225e-01,4.249241492527097153e-01,0.000000000000000000e+00,3.992683354957355935e-01
3.515238122504719120e-01,3.506202436504243236e-01,0.000000000000000000e+00,0.000000000000000000e+00,3.903517723083496094e-01,4.026321568813726048e-01,0.000000000000000000e+00,4.868270652952306765e-01,3.736215233802794855e-01,3.180489529043192265e-01,0.000000000000000000e+00,3.569292686545276760e-01,4.146692116872907063e-01,0.000000000000000000e+00,0.000000000000000000e+00,3.706556164053804170e-01,0.000000000000000000e+00,3.300866160873203725e-01,0.000000000000000000e+00,3.919266286498280238e-01,4.496309551193917176e-01,3.808532090651722268e-01,4.241924469763276861e-01,3.538477154940973257e-01,3.314808980566116836e-01,3.596650370408190911e-01,3.938449609429778842e-01,4.124821020379125236e-01,4.054848103271944115e-01,0.000000000000000000e+00,3.481322733173956019e-01,4.245819089672154822e-01,3.100553479461585216e-01,3.518800956421757054e-01,4.212303281395828880e-01,0.000000000000000000e+00,0.000000000000000000e+00,3.279623006218608805e-01,4.237632324585564048e-01,4.221431162166390805e-01,4.132500472803352087e-01,4.437482047770042737e-01,0.000000000000000000e+00,0.000000000000000000e+00,3.877640986395068934e-01,3.937917491305575890e-01,3.578312762517785184e-01,0.000000000000000000e+00,0.000000000000000000e+00,0.000000000000000000e+00,0.000000000000000000e+00,0.000000000000000000e+00,0.000000000000000000e+00,0.000000000000000000e+00,4.389135389050161096e-01,0.000000000000000000e+00,4.401765633031631819e-01,0.000000000000000000e+00,0.000000000000000000e+00,0.000000000000000000e+00,3.878199214252726068e-01,4.359811355303849778e-01,4.244831018418463997e-01,0.000000000000000000e+00,0.000000000000000000e+00,0.000000000000000000e+00,3.685756996495800908e-01,0.000000000000000000e+00,4.142413005796024006e-01,4.199932192664961872e-01,4.394007911174840908e-01,0.000000000000000000e+00,0.000000000000000000e+00,3.830884825943727812e-01,0.000000000000000000e+00,4.088265320047507201e-01
3.335084146728833909e-01,3.552141538942655274e-01,0.000000000000000000e+00,0.000000000000000000e+00,0.000000000000000000e+00,3.750477771503695767e-01,4.216363784525675729e-01,4.577709167250633149e-01,4.197298100665329823e-01,3.423734198049215860e-01,0.000000000000000000e+00,3.572725674913667104e-01,4.336167717546742240e-01,0.000000000000000000e+00,4.000939072147817188e-01,3.247772878726479795e-01,3.300866160873203725e-01,0.000000000000000000e+00,0.000000000000000000e+00,4.061386463681151970e-01,3.930018814790954829e-01,3.957587831488538210e-01,4.047031289348934080e-01,3.485420814695958103e-01,3.244188336190734212e-01,3.589640696598201952e-01,3.935228970693169792e-01,4.277571511638229018e-01,4.164015040946721924e-01,0.000000000000000000e+00,3.652466720417339996e-01,4.250944289215489169e-01,3.080892691807690098e-01,3.594037399639651853e-01,4.259759960425814063e-01,0.000000000000000000e+00,0.000000000000000000e+00,3.211113906568667242e-01,4.184353403099729807e-01,3.833158286735922071e-01,3.958148423980147879e-01,4.160284177680925732e-01,0.000000000000000000e+00,0.000000000000000000e+00,0.000000000000000000e+00,3.602883196280696754e-01,3.900750348554202218e-01,0.000000000000000000e+00,0.000000000000000000e+00,0.000000000000000000e+00,0.000000000000000000e+00,0.000000000000000000e+00,0.000000000000000000e+00,0.000000000000000000e+00,4.134823332209676128e-01,0.000000000000000000e+00,4.131795462668321206e-01,0.000000000000000000e+00,0.000000000000000000e+00,4.244106634104148901e-01,3.870313022508384826e-01,4.112455469921426077e-01,4.065868987302864723e-01,0.000000000000000000e+00,4.055144789519241066e-01,4.137051343304846140e-01,3.974990415467964944e-01,4.183534916793822944e-01,3.964200501512044061e-01,3.966746904933061146e-01,4.137516153992942258e-01,4.606570608134091804e-01,3.803768045465145131e-01,3.926105887937476058e-01,0.000000000000000000e+00,3.922995835387503849e-01
0.000000000000000000e+00,0.000000000000000000e+00,2.690555845966753901e-01,3.254799381614916776e-01,3.244500943626387190e-01,3.421408265804576909e-01,3.465478319843627864e-01,3.573003138804549117e-01,2.846080545296659770e-01,3.671362116486496796e-01,2.691325881184650770e-01,0.000000000000000000e+00,3.588417613603052114e-01,3.210716036172384102e-01,0.000000000000000000e+00,0.000000000000000000e+00,0.000000000000000000e+00,0.000000000000000000e+00,0.000000000000000000e+00,3.193846940994263250e-01,0.000000000000000000e+00,0.000000000000000000e+00,3.164016030332034157e-01,0.000000000000000000e+00,0.000000000000000000e+00,0.000000000000000000e+00,3.503902000595581212e-01,3.502362515729429138e-01,3.283595415397331796e-01,3.775399054443561164e-01,3.614284760119134132e-01,3.487619851657616787e-01,0.000000000000000000e+00,3.664105016101543155e-01,0.000000000000000000e+00,3.203752495415186918e-01,3.707331669155313758e-01,0.000000000000000000e+00,4.656900030962404236e-01,0.000000000000000000e+00,4.454885231729692197e-01,0.000000000000000000e+00,4.119035364360401075e-01,0.000000000000000000e+00,0.000000000000000000e+00,0.000000000000000000e+00,0.000000000000000000e+00,4.497031017275148757e-01,0.000000000000000000e+00,4.633280041807957272e-01,4.761894726919794762e-01,4.809171201538133822e-01,4.562377964099061933e-01,4.726771929318995258e-01,0.000000000000000000e+00,3.045747982684751110e-01,0.000000000000000000e+00,4.676975147805679245e-01,4.251977616917556047e-01,0.000000000000000000e+00,0.000000000000000000e+00,0.000000000000000000e+00,0.000000000000000000e+00,4.441917824793725766e-01,0.000000000000000000e+00,0.000000000000000000e+00,0.000000000000000000e+00,4.851329146188245178e-01,0.000000000000000000e+00,0.000000000000000000e+00,0.000000000000000000e+00,4.817270405481881013e-01,4.583872901032994274e-01,0.000000000000000000e+00,0.000000000000000000e+00,4.819058437371523951e-01
4.151498790639365777e-01,4.060100318824272914e-01,3.689337954726442104e-01,0.000000000000000000e+00,3.859070119606292093e-01,3.860998491617174122e-01,4.103082674404823216e-01,3.905527236185942774e-01,3.828908332186881092e-01,0.000000000000000000e+00,0.000000000000000000e+00,0.000000000000000000e+00,4.173984918465982186e-01,0.000000000000000000e+00,3.235516736727718223e-01,4.049398695092247258e-01,3.919266286498280238e-01,4.061386463681151970e-01,3.193846940994263250e-01,0.000000000000000000e+00,3.948949931401916080e-01,3.827510186375780998e-01,3.244061745107431061e-01,4.549081971118498213e-01,3.852185705966986173e-01,4.257088845442500991e-01,3.763018003109093734e-01,3.959351348296040740e-01,3.677862793331316826e-01,3.865698275381024840e-01,3.902335447621523845e-01,4.107418617971544950e-01,3.346944010177199114e-01,4.162217625706748914e-01,4.595210113476104752e-01,4.232238156870822832e-01,4.580725868224657105e-01,0.000000000000000000e+00,4.430829187040256079e-01,3.934248124046865192e-01,4.493916915022013181e-01,4.488948527532272137e-01,4.431349630893995917e-01,0.000000000000000000e+00,0.000000000000000000e+00,0.000000000000000000e+00,4.164812246588779909e-01,0.000000000000000000e+00,0.000000000000000000e+00,0.000000000000000000e+00,4.464219555514891136e-01,4.513318551310501192e-01,4.374266011275262933e-01,4.406538726306201137e-01,0.000000000000000000e+00,0.000000000000000000e+00,0.000000000000000000e+00,4.588563691452354765e-01,0.000000000000000000e+00,4.372906144299150144e-01,4.166309813580709731e-01,0.000000000000000000e+00,4.145953026328744739e-01,0.000000000000000000e+00,4.363610372960844974e-01,4.269683243240516846e-01,4.335968941915661068e-01,4.554020683575348838e-01,0.000000000000000000e+00,3.983591941732492203e-01,4.477612267086917841e-01,4.619730844590090868e-01,4.532292010576762231e-01,4.479403039514516238e-01,4.536748261788219883e-01,4.489352245668911112e-01
3.941045841540378736e-01,3.896289591450574075e-01,3.685063407684662229e-01,0.000000000000000000e+00,3.760547243256842087e-01,3.814599164474939963e-01,3.845102130200959145e-01,4.202135329192567270e-01,3.732045468988168802e-01,4.405960366450301091e-01,0.000000000000000000e+00,0.000000000000000000e+00,3.999083201735338933e-01,0.000000000000000000e+00,3.675751340319590166e-01,3.951770740789845027e-01,4.496309551193917176e-01,3.930018814790954829e-01,0.000000000000000000e+00,3.948949931401916080e-01,0.000000000000000000e+00,4.163247245250301098e-01,3.829823488950300781e-01,4.439990461085905893e-01,3.995517456121387978e-01,3.963121009200533118e-01,3.942849908729625930e-01,4.025744120062347275e-01,3.761245719919578123e-01,4.081753339876965092e-01,4.006076572713044848e-01,4.039028562289342927e-01,3.532529986745481243e-01,4.092675167183494889e-01,4.527785367224381741e-01,4.434638984147560858e-01,4.405418769407106194e-01,4.511515080582539916e-01,4.307585042045707913e-01,3.675383961464154248e-01,4.317864788326699066e-01,4.680270479061295896e-01,0.000000000000000000e+00,0.000000000000000000e+00,0.000000000000000000e+00,3.649759516513024216e-01,4.445592737159185792e-01,0.000000000000000000e+00,0.000000000000000000e+00,0.000000000000000000e+00,4.156927947376521937e-01,0.000000000000000000e+00,4.032937366459494744e-01,3.747790585438092181e-01,0.000000000000000000e+00,0.000000000000000000e+00,0.000000000000000000e+00,4.433298600815818169e-01,0.000000000000000000e+00,4.492094172700590859e-01,4.188881737848383913e-01,0.000000000000000000e+00,4.174671279975202820e-01,0.000000000000000000e+00,3.995959374663701213e-01,4.126722849367736035e-01,4.494169475371301847e-01,4.104626937224796768e-01,3.211415403543322888e-01,4.083949461818915938e-01,4.754755559990240243e-01,4.408692617717530071e-01,4.147104405252136083e-01,4.082452345566314755e-01,0.000000000000000000e+00,4.203435543861422929e-01
3.915401256722714218e-01,3.975091356717614932e-01,3.851609050025732728e-01,0.000000000000000000e+00,3.975788771966144997e-01,3.923727846607192871e-01,4.237838383703078082e-01,4.177577826799546146e-01,3.896021777066919212e-01,4.440266580578813849e-01,0.000000000000000000e+00,0.000000000000000000e+00,4.335854049667565158e-01,0.000000000000000000e+00,3.650948959037468855e-01,3.839954155059818186e-01,3.808532090651722268e-01,3.957587831488538210e-01,0.000000000000000000e+00,3.827510186375780998e-01,4.163247245250301098e-01,0.000000000000000000e+00,4.001227381323710919e-01,4.060077019690583877e-01,3.846635329749362731e-01,4.124616246101079908e-01,4.154452371865465232e-01,4.243125579327056140e-01,4.017357452344427204e-01,4.093489996422776112e-01,3.985918046174222185e-01,4.385322002087939097e-01,3.756669449938829786e-01,4.184227648117850862e-01,4.760610695045067176e-01,5.195899092194466995e-01,4.887048185273424883e-01,0.000000000000000000e+00,4.567021784698653830e-01,4.320087644107726832e-01,4.497731090257451880e-01,4.761741695951103859e-01,4.864094846857687782e-01,0.000000000000000000e+00,0.000000000000000000e+00,4.144890020573006040e-01,4.334147355609482277e-01,0.000000000000000000e+00,0.000000000000000000e+00,0.000000000000000000e+00,4.233127297874795247e-01,4.404618681481137776e-01,4.678735782705453761e-01,4.293168431552575881e-01,0.000000000000000000e+00,0.000000000000000000e+00,0.000000000000000000e+00,4.385701004640211176e-01,0.000000000000000000e+00,4.808207790514842928e-01,4.233134795615928758e-01,4.035782292538339089e-01,4.156751110236809876e-01,0.000000000000000000e+00,4.347909070031202861e-01,4.693329133815772880e-01,4.606420913006377127e-01,4.491279539042666857e-01,0.000000000000000000e+00,4.055252845443860221e-01,4.694326534633008197e-01,4.489548941282999750e-01,4.331040164384032942e-01,4.327731109386492858e-01,4.339145070503572232e-01,4.407109821861130983e-01
4.270524580938713788e-01,3.835974693250231993e-01,3.302265313944960923e-01,3.464513523188599842e-01,3.394590072191123187e-01,3.552982726525160118e-01,3.549326587141484191e-01,3.391389736690654799e-01,3.578328911209827101e-01,3.856417966291268984e-01,2.946871291625619005e-01,4.137144731564066924e-01,3.760717242152787909e-01,3.131380307650249994e-01,3.573920981741616210e-01,4.065405282355151195e-01,4.241924469763276861e-01,4.047031289348934080e-01,3.164016030332034157e-01,3.244061745107431061e-01,3.829823488950300781e-01,4.001227381323710919e-01,0.000000000000000000e+00,4.637853172479083907e-01,3.945456005690730072e-01,4.376236415341763220e-01,3.108742308048068059e-01,3.756421500116374212e-01,3.540700150822356229e-01,3.790020899454019099e-01,3.841803851302604822e-01,3.702121682427237936e-01,3.367806817970099842e-01,3.980163464870635215e-01,4.193112473303887144e-01,3.608301009402313242e-01,3.948117045343039755e-01,3.828487058193270065e-01,4.610934872604489088e-01,4.023201145084868147e-01,4.636861077824648847e-01,4.622014720774639263e-01,4.369806214427419122e-01,4.834379497792539726e-01,0.000000000000000000e+00,4.244765512542508779e-01,4.372225643914713911e-01,3.821966641702206902e-01,0.000000000000000000e+00,4.670120199865351873e-01,4.754080716665007866e-01,4.746918408524394839e-01,4.481531637713668803e-01,4.945833911623436219e-01,0.000000000000000000e+00,4.400886208277500766e-01,0.000000000000000000e+00,4.641116480905623232e-01,4.251449762684625933e-01,4.493751407641042861e-01,4.270905267586915799e-01,0.000000000000000000e+00,4.160854364218428136e-01,3.465652663428019920e-01,4.371576069038328738e-01,4.300193330500940991e-01,4.475131888860466867e-01,4.800396008932193981e-01,0.000000000000000000e+00,4.114291598093895996e-01,4.638787148141990113e-01,4.874920554981103105e-01,4.659900906200574733e-01,4.620064172929762014e-01,4.749467382606252785e-01,4.686469616415218087e-01
3.086990897231832176e-01,3.349078715707671794e-01,0.000000000000000000e+00,0.000000000000000000e+00,0.000000000000000000e+00,4.457295321683718003e-01,0.000000000000000000e+00,4.964138727614533231e-01,3.737572852272034729e-01,3.290428036711682269e-01,0.000000000000000000e+00,2.872734023217949906e-01,4.186460449008646001e-01,0.000000000000000000e+00,4.270756176739067267e-01,3.407552579585744756e-01,3.538477154940973257e-01,3.485420814695958103e-01,0.000000000000000000e+00,4.549081971118498213e-01,4.439990461085905893e-01,4.060077019690583877e-01,4.637853172479083907e-01,0.000000000000000000e+00,3.359238332686745876e-01,3.272469189361402186e-01,4.556706556798488794e-01,4.107162020836844230e-01,4.504350887406504134e-01,0.000000000000000000e+00,3.452361268913758940e-01,3.218641192274644958e-01,2.742472064275036092e-01,2.911270311951585921e-01,3.720354620994236194e-01,3.121225208349154845e-01,3.083882530481812934e-01,2.989231373118497181e-01,3.317763854158793935e-01,4.044079021191520074e-01,3.730396759913325866e-01,4.147447891482408111e-01,0.000000000000000000e+00,0.000000000000000000e+00,3.707077044031801272e-01,3.512096166861808921e-01,3.974101617138404152e-01,0.000000000000000000e+00,0.000000000000000000e+00,0.000000000000000000e+00,0.000000000000000000e+00,0.000000000000000000e+00,0.000000000000000000e+00,0.000000000000000000e+00,4.171775564283577986e-01,0.000000000000000000e+00,4.067600195351336878e-01,0.000000000000000000e+00,0.000000000000000000e+00,4.124213401320067085e-01,3.981294881930885765e-01,4.299959847001967872e-01,4.217040591452180243e-01,0.000000000000000000e+00,0.000000000000000000e+00,3.461571547575372776e-01,4.356224579606948200e-01,0.000000000000000000e+00,3.073283773090755844e-01,4.084473376544208167e-01,4.156735556817803823e-01,0.000000000000000000e+00,0.000000000000000000e+00,0.000000000000000000e+00,0.000000000000000000e+00,4.033767352820444851e-01
3.250900932140656230e-01,3.329075602963119107e-01,3.388771757693375131e-01,0.000000000000000000e+00,3.517118783516596792e-01,3.455959718159277161e-01,3.738864819504286174e-01,4.590048100903578732e-01,3.503246223139419024e-01,3.188127273306129994e-01,0.000000000000000000e+00,3.174654171747537945e-01,3.848611894055813942e-01,0.000000000000000000e+00,3.806938081729311918e-01,3.623410998205227052e-01,3.314808980566116836e-01,3.244188336190734212e-01,0.000000000000000000e+00,3.852185705966986173e-01,3.995517456121387978e-01,3.846635329749362731e-01,3.945456005690730072e-01,3.359238332686745876e-01,0.000000000000000000e+00,3.296174771940124093e-01,3.690737083827340115e-01,3.960397005741506105e-01,3.779759361035924248e-01,0.000000000000000000e+00,3.452133430739974806e-01,4.035172048535050071e-01,2.904238602584158779e-01,3.294808895063415788e-01,3.946953756310099259e-01,0.000000000000000000e+00,0.000000000000000000e+00,3.246377763968182895e-01,4.145054172683363958e-01,3.900908538886241894e-01,3.926472639274757870e-01,4.158737550222855184e-01,3.641228103919172954e-01,0.000000000000000000e+00,3.943555601717197989e-01,3.688822903247481189e-01,3.890075876266064214e-01,0.000000000000000000e+00,0.000000000000000000e+00,0.000000000000000000e+00,3.818685759094024856e-01,0.000000000000000000e+00,0.000000000000000000e+00,0.000000000000000000e+00,4.367523657054658837e-01,0.000000000000000000e+00,4.393784248853099816e-01,3.826619117382348834e-01,0.000000000000000000e+00,4.025135977329324932e-01,3.874868899409906198e-01,4.282724324660865944e-01,4.068113532802308252e-01,0.000000000000000000e+00,3.820266218129775848e-01,3.961302355482039239e-01,3.834248895221081255e-01,4.162690889147289131e-01,3.938713370881530840e-01,3.982398568250741788e-01,4.152861086368114241e-01,4.083042193689250254e-01,3.721429425881018216e-01,3.814963089391630868e-01,0.000000000000000000e+00,3.916755835791713158e-01
3.436578520430946804e-01,3.911986842767057881e-01,3.851962756511267960e-01,0.000000000000000000e+00,3.689108954122535255e-01,3.796574139689410932e-01,3.875799239100558014e-01,4.852830439098445026e-01,3.688203717507296808e-01,3.260499357443993884e-01,0.000000000000000000e+00,2.892002724519965873e-01,4.035432790039399920e-01,0.000000000000000000e+00,3.591186979492644871e-01,3.955294912743799185e-01,3.596650370408190911e-01,3.589640696598201952e-01,0.000000000000000000e+00,4.257088845442500991e-01,3.963121009200533118e-01,4.124616246101079908e-01,4.376236415341763220e-01,3.272469189361402186e-01,3.296174771940124093e-01,0.000000000000000000e+00,4.309249380751268843e-01,4.203932030711817758e-01,4.088066282871750112e-01,4.526413350692690130e-01,3.698676727984264723e-01,4.214179764339294199e-01,3.291581841201546843e-01,3.661680739567488851e-01,4.364690268950238150e-01,4.753179153054373773e-01,4.747228731548797098e-01,3.173403279779505870e-01,4.417769396551657901e-01,4.115109486524762827e-01,4.210940430314081273e-01,4.614805518744889978e-01,4.798132070491474277e-01,0.000000000000000000e+00,3.946425244758712259e-01,4.052145079010956996e-01,4.423886492237603107e-01,0.000000000000000000e+00,0.000000000000000000e+00,0.000000000000000000e+00,4.276457081738370136e-01,4.370870742962050803e-01,4.710482016777832182e-01,4.261109591741528146e-01,4.425981772107323020e-01,0.000000000000000000e+00,4.382228650258184754e-01,4.278584359910074797e-01,0.000000000000000000e+00,4.886916469078694814e-01,4.196495344677729222e-01,4.416445626375570810e-01,4.226026042291525231e-01,0.000000000000000000e+00,4.382229638766784729e-01,4.780661890291464933e-01,4.602614261173698096e-01,4.595261771563273756e-01,3.970194936896604965e-01,4.145064753884972197e-01,4.487973261495977195e-01,4.567577078475841823e-01,4.205152554804402754e-01,4.160146029861231942e-01,0.000000000000000000e+00,4.223082212518602940e-01
4.266421923394901894e-01,3.840902472779880172e-01,3.308434791130857033e-01,3.506083233254561060e-01,3.651006672282597898e-01,3.726414139692001970e-01,3.715375101848760186e-01,3.917739174739932051e-01,3.777286503734009204e-01,3.937597086297615068e-01,3.513922710120748194e-01,3.999920315186624165e-01,3.893546229122207269e-01,3.811885867975490783e-01,3.815385816926594176e-01,4.071278123978825936e-01,3.938449609429778842e-01,3.935228970693169792e-01,3.503902000595581212e-01,3.763018003109093734e-01,3.942849908729625930e-01,4.154452371865465232e-01,3.108742308048068059e-01,4.556706556798488794e-01,3.690737083827340115e-01,4.309249380751268843e-01,0.000000000000000000e+00,3.842696742815056021e-01,3.708009307494964935e-01,3.822871831135570275e-01,3.877232755630080074e-01,3.784183319534125123e-01,3.286823701418091770e-01,4.006602762519165251e-01,4.260713345495107940e-01,3.816025248802250025e-01,4.108862736821732864e-01,3.943169286204247226e-01,4.640429864390088199e-01,3.944863961159846832e-01,4.645738153455910013e-01,4.587711183910995749e-01,4.346081670632033211e-01,4.771988666711038940e-01,0.000000000000000000e+00,3.853261127138781772e-01,4.189887322622868893e-01,5.123125845528752054e-01,0.000000000000000000e+00,4.769679233531335938e-01,4.735596828589864193e-01,4.699297708536480100e-01,4.780161248448661082e-01,5.045992353936159525e-01,4.539547867007115989e-01,4.659521673278617104e-01,0.000000000000000000e+00,4.663516523644949952e-01,4.643355078202687780e-01,4.457123109155902152e-01,4.120037944753001113e-01,0.000000000000000000e+00,4.184407439967485209e-01,4.780484628247498868e-01,4.458914930469963789e-01,4.320701527826439903e-01,4.318234878831621049e-01,4.843806555171638051e-01,0.000000000000000000e+00,3.943858906973928269e-01,4.439816667533755812e-01,4.879223133963669912e-01,4.684781344685560733e-01,4.696855645499187215e-01,4.797918918256374732e-01,4.729470529504846144e-01
4.377373713438844072e-01,4.087235637885123229e-01,3.793917819731832952e-01,2.739727982148891239e-01,3.351186818989915217e-01,3.647049071952671029e-01,3.386147998232921230e-01,3.880464033329584228e-01,3.628537698821693858e-01,3.647029642483486933e-01,3.375481929369317236e-01,3.743854405219260162e-01,3.464797240492709096e-01,2.997783734193870120e-01,3.763018232795998230e-01,4.436221301708064835e-01,4.124821020379125236e-01,4.277571511638229018e-01,3.502362515729429138e-01,3.959351348296040740e-01,4.025744120062347275e-01,4.243125579327056140e-01,3.756421500116374212e-01,4.107162020836844230e-01,3.960397005741506105e-01,4.203932030711817758e-01,3.842696742815056021e-01,0.000000000000000000e+00,3.681062439838820866e-01,3.230650367136739254e-01,3.691253839260015268e-01,3.788541448437479087e-01,3.623661071952440915e-01,3.797467084298898898e-01,3.966676352207944012e-01,3.213588611479136770e-01,3.471023816235734860e-01,3.608322746760042055e-01,4.517518214681642275e-01,0.000000000000000000e+00,4.537646163635922214e-01,4.755314105518355094e-01,4.179086462866685725e-01,0.000000000000000000e+00,0.000000000000000000e+00,0.000000000000000000e+00,4.419319937938058218e-01,4.548337562885593766e-01,0.000000000000000000e+00,4.527817440578317254e-01,4.564031403004519816e-01,4.589289377601754039e-01,4.346100060663793951e-01,4.557829308839306814e-01,0.000000000000000000e+00,4.292694120544119918e-01,0.000000000000000000e+00,4.545129115119240781e-01,0.000000000000000000e+00,4.251521459157959204e-01,4.280411624555742200e-01,0.000000000000000000e+00,0.000000000000000000e+00,4.379598830962324052e-01,4.401248507519163744e-01,4.451612770509772998e-01,4.284299474495277815e-01,4.676116046765040890e-01,0.000000000000000000e+00,0.000000000000000000e+00,4.441680836486677220e-01,4.694800083830740767e-01,4.617348328764884768e-01,4.577639123663381215e-01,4.564642437608806835e-01,4.601118097453065769e-01
4.200433108000322102e-01,3.864398702680850728e-01,3.476490231322668101e-01,0.000000000000000000e+00,3.786743180828608946e-01,3.347543169872829738e-01,4.099560123167801939e-01,3.604019391715039822e-01,3.726108474622750744e-01,4.283145588490167022e-01,2.974653542041779120e-01,0.000000000000000000e+00,4.031783554135747738e-01,0.000000000000000000e+00,3.659166473232771111e-01,4.265652706952401951e-01,4.054848103271944115e-01,4.164015040946721924e-01,3.283595415397331796e-01,3.677862793331316826e-01,3.761245719919578123e-01,4.017357452344427204e-01,3.540700150822356229e-01,4.504350887406504134e-01,3.779759361035924248e-01,4.088066282871750112e-01,3.708009307494964935e-01,3.681062439838820866e-01,0.000000000000000000e+00,3.795417575049642167e-01,3.911824280906294193e-01,4.032900015248417902e-01,3.338469746704372243e-01,4.155555216690393072e-01,4.546670744936195940e-01,4.536930099261419214e-01,4.496747070551542769e-01,0.000000000000000000e+00,4.501001008570272854e-01,3.788228746863597229e-01,4.598425468596409882e-01,4.474426321677151819e-01,4.246332834504736864e-01,0.000000000000000000e+00,0.000000000000000000e+00,0.000000000000000000e+00,4.144823199717426188e-01,4.335289136033148027e-01,0.000000000000000000e+00,4.341449924224887735e-01,4.483788259199409931e-01,4.562418601217159142e-01,4.323072562239810845e-01,4.414444593766563840e-01,0.000000000000000000e+00,3.844970219055411920e-01,0.000000000000000000e+00,4.499669026586227139e-01,0.000000000000000000e+00,4.265434691315039273e-01,4.118800236616900201e-01,0.000000000000000000e+00,3.991139664835364198e-01,4.340130761193733977e-01,4.344170722377729832e-01,4.233925399443922988e-01,4.231410497763070100e-01,4.611489808325343054e-01,0.000000000000000000e+00,4.030446577853402101e-01,4.357970375807462271e-01,4.700369682165077001e-01,4.586599429744528944e-01,4.542505499077448272e-01,4.578993522446193065e-01,4.585652951930884180e-01
0.000000000000000000e+00,0.000000000000000000e+00,3.848413798590245016e-01,0.000000000000000000e+00,0.000000000000000000e+00,3.865150621534498843e-01,3.353547108042820857e-01,3.962712324052076740e-01,3.837606960210553919e-01,0.000000000000000000e+00,0.000000000000000000e+00,0.000000000000000000e+00,3.653468368172009817e-01,0.000000000000000000e+00,0.000000000000000000e+00,4.210117717563214845e-01,0.000000000000000000e+00,0.000000000000000000e+00,3.775399054443561164e-01,3.865698275381024840e-01,4.081753339876965092e-01,4.093489996422776112e-01,3.790020899454019099e-01,0.000000000000000000e+00,0.000000000000000000e+00,4.526413350692690130e-01,3.822871831135570275e-01,3.230650367136739254e-01,3.795417575049642167e-01,0.000000000000000000e+00,3.546086604012950172e-01,4.236257083477659169e-01,0.000000000000000000e+00,3.979589555122505229e-01,4.295873211131649994e-01,3.906080695073749776e-01,4.042474699396059745e-01,0.000000000000000000e+00,4.605746098189522075e-01,0.000000000000000000e+00,4.857333726001775154e-01,0.000000000000000000e+00,4.183143512672862774e-01,0.000000000000000000e+00,0.000000000000000000e+00,0.000000000000000000e+00,0.000000000000000000e+00,0.000000000000000000e+00,0.000000000000000000e+00,0.000000000000000000e+00,4.663012880860972209e-01,4.746201401026308164e-01,4.624481728568192729e-01,4.591565253687530102e-01,0.000000000000000000e+00,0.000000000000000000e+00,0.000000000000000000e+00,4.643735610462780827e-01,0.000000000000000000e+00,0.000000000000000000e+00,0.000000000000000000e+00,0.000000000000000000e+00,0.000000000000000000e+00,0.000000000000000000e+00,4.389236593418044952e-01,0.000000000000000000e+00,0.000000000000000000e+00,4.779876079084791063e-01,0.000000000000000000e+00,0.000000000000000000e+00,0.000000000000000000e+00,4.748563701560504224e-01,4.689382976439718242e-01,4.681878777080293874e-01,0.000000000000000000e+00,4.799924350082228064e-01
3.367484038239186850e-01,3.632651600006803760e-01,3.912929780255957057e-01,3.404833725175738790e-01,3.630697802809780828e-01,3.931215183191181239e-01,3.677578159772211808e-01,4.041013219580572025e-01,3.733528618380644870e-01,3.416673142012753850e-01,3.563118957685296184e-01,3.580563605563619745e-01,3.753797775038775209e-01,3.336117951080715960e-01,4.171111715651599217e-01,3.744391442625064070e-01,3.481322733173956019e-01,3.652466720417339996e-01,3.614284760119134132e-01,3.902335447621523845e-01,4.006076572713044848e-01,3.985918046174222185e-01,3.841803851302604822e-01,3.452361268913758940e-01,3.452133430739974806e-01,3.698676727984264723e-01,3.877232755630080074e-01,3.691253839260015268e-01,3.911824280906294193e-01,3.546086604012950172e-01,0.000000000000000000e+00,4.160104607774999796e-01,3.216960136870353759e-01,3.276910496780969795e-01,4.188457295683469805e-01,3.899380840212111066e-01,3.849693177971917901e-01,3.387565678684182902e-01,4.305988996447627781e-01,4.037764729869829927e-01,4.143082864191114933e-01,4.346979074615752170e-01,4.421657682748575957e-01,0.000000000000000000e+00,4.044173097165252861e-01,3.715919776157243781e-01,4.014763670922636973e-01,4.587296738530404205e-01,0.000000000000000000e+00,0.000000000000000000e+00,4.581557228344895205e-01,4.604362914515703897e-01,4.574154957926381271e-01,4.610397812727998756e-01,4.312080824657210099e-01,0.000000000000000000e+00,4.267907536102554245e-01,4.560622617391780764e-01,0.000000000000000000e+00,4.623258828037541956e-01,3.923570087353461799e-01,4.271382760068371254e-01,4.046702175609486751e-01,4.394081971338545944e-01,4.339580146103850788e-01,4.364738720013369155e-01,4.387319708901025184e-01,4.600852968321721970e-01,3.974040374597833103e-01,3.982301713683388811e-01,4.207535113304360919e-01,4.743984317687882091e-01,4.585034475415087907e-01,4.455543067476498975e-01,4.702231399770557818e-01,4.237139433065568728e-01
3.988057622807348879e-01,4.153178511651224869e-01,3.716887380315840872e-01,3.108248405645214207e-01,3.416130866934580235e-01,3.762854435573961265e-01,3.626417217717283203e-01,3.816260827857385074e-01,3.553772976090064928e-01,3.673218129762150230e-01,3.157344440948823827e-01,3.062590106374881160e-01,3.923198897269085106e-01,2.053433848827322106e-01,4.169344713513025158e-01,4.494031756986927029e-01,4.245819089672154822e-01,4.250944289215489169e-01,3.487619851657616787e-01,4.107418617971544950e-01,4.039028562289342927e-01,4.385322002087939097e-01,3.702121682427237936e-01,3.218641192274644958e-01,4.035172048535050071e-01,4.214179764339294199e-01,3.784183319534125123e-01,3.788541448437479087e-01,4.032900015248417902e-01,4.236257083477659169e-01,4.160104607774999796e-01,0.000000000000000000e+00,3.586291474160783199e-01,3.866455126674668841e-01,4.374230945075914256e-01,3.206097084811730946e-01,3.317261056995424173e-01,2.900437291578886745e-01,3.192683827524065987e-01,3.007376506633724911e-01,3.563150278378591773e-01,3.945027223798114879e-01,3.949469946257069264e-01,0.000000000000000000e+00,3.014749370973223153e-01,4.278753973824667156e-01,4.327546937444409214e-01,4.330225837585651161e-01,0.000000000000000000e+00,0.000000000000000000e+00,4.480819030676039261e-01,4.498690131145973159e-01,4.456112061595077223e-01,4.469829281536836785e-01,3.968520443156596245e-01,0.000000000000000000e+00,3.370041930203275804e-01,4.560389155253539162e-01,0.000000000000000000e+00,4.622854984632008835e-01,4.237656206859504171e-01,4.290227097417613766e-01,4.340399284376961764e-01,4.484164637648708207e-01,4.349140314958693243e-01,4.457824074749747734e-01,4.495932937677207808e-01,4.560801043026401214e-01,4.256979068387278797e-01,4.294855439839002087e-01,4.515319482030217269e-01,4.682561394827290946e-01,4.545587464092771257e-01,4.532866052281053770e-01,4.589197547575442071e-01,4.468490222197443185e-01
2.782459321444398226e-01,3.143237598150397938e-01,3.223211371615233856e-01,0.000000000000000000e+00,3.603072458545893975e-01,3.335815692326630777e-01,3.603860474078532938e-01,3.292456849001689223e-01,3.406970202955358906e-01,3.003600658874456819e-01,0.000000000000000000e+00,2.828308545835406251e-01,3.657259893460089173e-01,0.000000000000000000e+00,3.658870673372853766e-01,3.548617253837710872e-01,3.100553479461585216e-01,3.080892691807690098e-01,0.000000000000000000e+00,3.346944010177199114e-01,3.532529986745481243e-01,3.756669449938829786e-01,3.367806817970099842e-01,2.742472064275036092e-01,2.904238602584158779e-01,3.291581841201546843e-01,3.286823701418091770e-01,3.623661071952440915e-01,3.338469746704372243e-01,0.000000000000000000e+00,3.216960136870353759e-01,3.586291474160783199e-01,0.000000000000000000e+00,2.783339371966193077e-01,4.186878897676534206e-01,4.350587043043750990e-01,2.858666250644951723e-01,2.235531350058025946e-01,3.380749090715621241e-01,3.898114870711423818e-01,3.767526129887497910e-01,4.123752517584680088e-01,2.264764376736176088e-01,0.000000000000000000e+00,3.547012443763187806e-01,3.593560380365142803e-01,3.771387606013691940e-01,0.000000000000000000e+00,0.000000000000000000e+00,0.000000000000000000e+00,4.026576073322150062e-01,4.206315116178053759e-01,0.000000000000000000e+00,0.000000000000000000e+00,4.219971335165336179e-01,0.000000000000000000e+00,4.422415860974855950e-01,4.002023800533598963e-01,0.000000000000000000e+00,4.368812371919003068e-01,3.757617276373754756e-01,4.150116840362982895e-01,3.984180757460774047e-01,0.000000000000000000e+00,3.971971354084313233e-01,4.169129173391097898e-01,4.170387972222898143e-01,4.171000634711065080e-01,3.892442397507713814e-01,3.856737599227637037e-01,4.119516778049173156e-01,4.247079134313547222e-01,4.140158790058600102e-01,3.964687957849316047e-01,0.000000000000000000e+00,3.912714806228835829e-01
3.291977304329559151e-01,3.584555392511983851e-01,3.944475923907864168e-01,3.453969209626824854e-01,3.480465052444267071e-01,3.956366354406163910e-01,3.672473468045370226e-01,4.131061265787048797e-01,3.743893379090443840e-01,3.067791036856806763e-01,3.544744476521782262e-01,2.845522058036173974e-01,3.942888043978813872e-01,3.211163710649571068e-01,4.225462733969581053e-01,3.842438075993857005e-01,3.518800956421757054e-01,3.594037399639651853e-01,3.664105016101543155e-01,4.162217625706748914e-01,4.092675167183494889e-01,4.184227648117850862e-01,3.980163464870635215e-01,2.911270311951585921e-01,3.294808895063415788e-01,3.661680739567488851e-01,4.006602762519165251e-01,3.797467084298898898e-01,4.155555216690393072e-01,3.979589555122505229e-01,3.276910496780969795e-01,3.866455126674668841e-01,2.783339371966193077e-01,0.000000000000000000e+00,3.778883299347403080e-01,3.830356453825117247e-01,2.915010933756985723e-01,2.370787895166046044e-01,3.758687494759180847e-01,3.846167578595632852e-01,4.144476570578145003e-01,4.405089925916604865e-01,4.263296502177564840e-01,0.000000000000000000e+00,3.489140706742465126e-01,3.683744762440578913e-01,4.045856499941485884e-01,4.501702541885408970e-01,0.000000000000000000e+00,4.775583175762050936e-01,4.667461724763357078e-01,4.644136944984191828e-01,4.549694188503350945e-01,4.564793257618214861e-01,4.041179893847581250e-01,0.000000000000000000e+00,4.117754263613340182e-01,4.585233937547488203e-01,0.000000000000000000e+00,4.636081487110204069e-01,3.923654750542797109e-01,4.171788873369072781e-01,4.057129691307925223e-01,0.000000000000000000e+00,4.396541418861826256e-01,4.423536603523228194e-01,4.422928665315201124e-01,4.649864045917401212e-01,3.780975336033591816e-01,3.959589697355356819e-01,4.241171581792845813e-01,4.709336333293628885e-01,4.676689054931679745e-01,4.509707935274011037e-01,4.724443837036190197e-01,4.228436002261209969e-01
4.119981238288913938e-01,4.289573753223859254e-01,4.007207178345121856e-01,3.785263658416065935e-01,3.413725443651597913e-01,4.097477399417028265e-01,3.882862028377345731e-01,4.358001104023851990e-01,3.814822351851647197e-01,3.517153420882581094e-01,3.056752038456591047e-01,3.639220054685888828e-01,4.398509494209921766e-01,0.000000000000000000e+00,4.674783164180909001e-01,4.580475608893941897e-01,4.212303281395828880e-01,4.259759960425814063e-01,0.000000000000000000e+00,4.595210113476104752e-01,4.527785367224381741e-01,4.760610695045067176e-01,4.193112473303887144e-01,3.720354620994236194e-01,3.946953756310099259e-01,4.364690268950238150e-01,4.260713345495107940e-01,3.966676352207944012e-01,4.546670744936195940e-01,4.295873211131649994e-01,4.188457295683469805e-01,4.374230945075914256e-01,4.186878897676534206e-01,3.778883299347403080e-01,0.000000000000000000e+00,5.184675117672863376e-01,3.879022858698241150e-01,3.379389184037235871e-01,4.492717235263923858e-01,4.343943731392210794e-01,4.521083202838013237e-01,4.870428587814031873e-01,4.244267201785805743e-01,0.000000000000000000e+00,0.000000000000000000e+00,4.308660175926182778e-01,4.415919796418854015e-01,0.000000000000000000e+00,0.000000000000000000e+00,0.000000000000000000e+00,4.568013529019960828e-01,0.000000000000000000e+00,0.000000000000000000e+00,0.000000000000000000e+00,4.449042421821001181e-01,0.000000000000000000e+00,4.476622066391899857e-01,4.678176658478955252e-01,0.000000000000000000e+00,4.937783385037016748e-01,4.306152508118077926e-01,4.420990598713371855e-01,4.324003254054509249e-01,0.000000000000000000e+00,4.581480634495230797e-01,4.966947963875544270e-01,4.748473760748119776e-01,4.835576631554672211e-01,0.000000000000000000e+00,4.296889655481659909e-01,4.683356206254282728e-01,4.844339718429154229e-01,4.725073137198559925e-01,4.657743257818556804e-01,0.000000000000000000e+00,4.558113148320432906e-01
0.000000000000000000e+00,4.861705789182810822e-01,3.483635123930284849e-01,2.322027119670813933e-01,2.806894069825713878e-01,3.776865690531306941e-01,3.094743608533047086e-01,3.134799100138491168e-01,3.393331407620697737e-01,3.266604697596450224e-01,2.616335192027985923e-01,3.260667831685846729e-01,3.456198080376201021e-01,2.138694676110317050e-01,4.975707998130404763e-01,4.931495841790503043e-01,0.000000000000000000e+00,0.000000000000000000e+00,3.203752495415186918e-01,4.232238156870822832e-01,4.434638984147560858e-01,5.195899092194466995e-01,3.608301009402313242e-01,3.121225208349154845e-01,0.000000000000000000e+00,4.753179153054373773e-01,3.816025248802250025e-01,3.213588611479136770e-01,4.536930099261419214e-01,3.906080695073749776e-01,3.899380840212111066e-01,3.206097084811730946e-01,4.350587043043750990e-01,3.830356453825117247e-01,5.184675117672863376e-01,0.000000000000000000e+00,2.290638331063901134e-01,3.193479134425710741e-01,4.091677838116560273e-01,0.000000000000000000e+00,4.589943501788559810e-01,0.000000000000000000e+00,4.081002267396445227e-01,0.000000000000000000e+00,0.000000000000000000e+00,0.000000000000000000e+00,0.000000000000000000e+00,4.290893285989266226e-01,0.000000000000000000e+00,4.500968188956753768e-01,4.471784761054933832e-01,4.459300804326604140e-01,3.765631776538069797e-01,4.448430330067970062e-01,0.000000000000000000e+00,3.759471621273098862e-01,0.000000000000000000e+00,4.443480920403942158e-01,0.000000000000000000e+00,5.036590655367148006e-01,0.000000000000000000e+00,0.000000000000000000e+00,0.000000000000000000e+00,4.026464581727002834e-01,4.598757170594002797e-01,4.110824423972220254e-01,4.984117604285531744e-01,4.621944517527120100e-01,0.000000000000000000e+00,0.000000000000000000e+00,4.371594601635672150e-01,4.616769083619988723e-01,4.500738944207728909e-01,4.509888142828373248e-01,4.518192134693357898e-01,4.577275598834540937e-01
4.338646233081818182e-01,0.000000000000000000e+00,3.742091339705492237e-01,1.920229262754580002e-01,2.647416305331252162e-01,4.023704493280327865e-01,3.266612256564915273e-01,3.829959152298836877e-01,3.618141876266933732e-01,3.174189029972246945e-01,2.544541485762655264e-01,3.098694728204631765e-01,3.700847790082373856e-01,1.871288067643653019e-01,4.632245574277701894e-01,0.000000000000000000e+00,0.000000000000000000e+00,0.000000000000000000e+00,3.707331669155313758e-01,4.580725868224657105e-01,4.405418769407106194e-01,4.887048185273424883e-01,3.948117045343039755e-01,3.083882530481812934e-01,0.000000000000000000e+00,4.747228731548797098e-01,4.108862736821732864e-01,3.471023816235734860e-01,4.496747070551542769e-01,4.042474699396059745e-01,3.849693177971917901e-01,3.317261056995424173e-01,2.858666250644951723e-01,2.915010933756985723e-01,3.879022858698241150e-01,2.290638331063901134e-01,0.000000000000000000e+00,2.984704092477635795e-01,4.520695542462493943e-01,0.000000000000000000e+00,0.000000000000000000e+00,0.000000000000000000e+00,4.312495687932408894e-01,0.000000000000000000e+00,0.000000000000000000e+00,0.000000000000000000e+00,0.000000000000000000e+00,0.000000000000000000e+00,0.000000000000000000e+00,0.000000000000000000e+00,4.589495292079346922e-01,0.000000000000000000e+00,0.000000000000000000e+00,4.472722141439051113e-01,0.000000000000000000e+00,0.000000000000000000e+00,0.000000000000000000e+00,4.467103909658767247e-01,0.000000000000000000e+00,0.000000000000000000e+00,0.000000000000000000e+00,0.000000000000000000e+00,0.000000000000000000e+00,0.000000000000000000e+00,0.000000000000000000e+00,0.000000000000000000e+00,0.000000000000000000e+00,4.654687883643328083e-01,0.000000000000000000e+00,0.000000000000000000e+00,0.000000000000000000e+00,4.632282176709299204e-01,4.702156962227893033e-01,4.562838293742115248e-01,0.000000000000000000e+00,0.000000000000000000e+00
3.945298652815725227e-01,0.000000000000000000e+00,0.000000000000000000e+00,0.000000000000000000e+00,0.000000000000000000e+00,4.053739737137346255e-01,0.000000000000000000e+00,3.796888765917669217e-01,3.631786280108996179e-01,3.110465300854570736e-01,0.000000000000000000e+00,2.738080338151772097e-01,3.783725526142007189e-01,0.000000000000000000e+00,0.000000000000000000e+00,0.000000000000000000e+00,3.279623006218608805e-01,3.211113906568667242e-01,0.000000000000000000e+00,0.000000000000000000e+00,4.511515080582539916e-01,0.000000000000000000e+00,3.828487058193270065e-01,2.989231373118497181e-01,3.246377763968182895e-01,3.173403279779505870e-01,3.943169286204247226e-01,3.608322746760042055e-01,0.000000000000000000e+00,0.000000000000000000e+00,3.387565678684182902e-01,2.900437291578886745e-01,2.235531350058025946e-01,2.370787895166046044e-01,3.379389184037235871e-01,3.193479134425710741e-01,2.984704092477635795e-01,0.000000000000000000e+00,2.747543334937473936e-01,3.740922138808073227e-01,3.182766992772043113e-01,0.000000000000000000e+00,0.000000000000000000e+00,0.000000000000000000e+00,3.567381324017752098e-01,0.000000000000000000e+00,0.000000000000000000e+00,0.000000000000000000e+00,0.000000000000000000e+00,0.000000000000000000e+00,0.000000000000000000e+00,0.000000000000000000e+00,0.000000000000000000e+00,0.000000000000000000e+00,3.894163547735908226e-01,0.000000000000000000e+00,4.002231750178404934e-01,0.000000000000000000e+00,0.000000000000000000e+00,0.000000000000000000e+00,0.000000000000000000e+00,4.162852666032614835e-01,4.029425670626364253e-01,0.000000000000000000e+00,0.000000000000000000e+00,0.000000000000000000e+00,0.000000000000000000e+00,0.000000000000000000e+00,3.631574766806182075e-01,3.976494715706986871e-01,4.057790825511193855e-01,0.000000000000000000e+00,4.078186010902786207e-01,0.000000000000000000e+00,0.000000000000000000e+00,4.120628188411535886e-01
4.213413756016263223e-01,4.163521621623721969e-01,4.734960262727592184e-01,0.000000000000000000e+00,4.515613806784756212e-01,4.522871595008233214e-01,4.446059321113757790e-01,4.414795115139247828e-01,4.685330188127864726e-01,3.482815258166073735e-01,4.375405061787481231e-01,3.095660512220259064e-01,4.523817643554551848e-01,0.000000000000000000e+00,4.557600009557009058e-01,4.227955652660985164e-01,4.237632324585564048e-01,4.184353403099729807e-01,4.656900030962404236e-01,4.430829187040256079e-01,4.307585042045707913e-01,4.567021784698653830e-01,4.610934872604489088e-01,3.317763854158793935e-01,4.145054172683363958e-01,4.417769396551657901e-01,4.640429864390088199e-01,4.517518214681642275e-01,4.501001008570272854e-01,4.605746098189522075e-01,4.305988996447627781e-01,3.192683827524065987e-01,3.380749090715621241e-01,3.758687494759180847e-01,4.492717235263923858e-01,4.091677838116560273e-01,4.520695542462493943e-01,2.747543334937473936e-01,0.000000000000000000e+00,3.374643531428008214e-01,3.637727809215884900e-01,3.896368063162273243e-01,3.141847331718912728e-01,3.255221138652634738e-01,2.905508579019225879e-01,4.020848723608249076e-01,4.101047883521132809e-01,3.870334164094624274e-01,2.438967105750199094e-01,3.227603241781090149e-01,3.861398604824027858e-01,3.540395668996583201e-01,3.818402127418552006e-01,3.899661409160237735e-01,3.715446683371074199e-01,2.781796044907888787e-01,3.280681889602444778e-01,3.575923324679721182e-01,2.404571352570132048e-01,4.139338337192126072e-01,4.230636089668000088e-01,3.920701032739555836e-01,4.122099701989576093e-01,3.327679600157035233e-01,4.016444468040611948e-01,3.945695771915854189e-01,4.217696056544759098e-01,3.714787494613734919e-01,3.750951381598779943e-01,3.896100343341996064e-01,4.106997011219146176e-01,3.872019476225475043e-01,3.512219944641469249e-01,3.586346546910806898e-01,3.930725402591191964e-01,3.834087922399359027e-01
3.713743562564326139e-01,3.806025974186091898e-01,0.000000000000000000e+00,0.000000000000000000e+00,0.000000000000000000e+00,3.913121548397449079e-01,0.000000000000000000e+00,0.000000000000000000e+00,0.000000000000000000e+00,4.243220725375311253e-01,0.000000000000000000e+00,4.331896434085820147e-01,0.000000000000000000e+00,0.000000000000000000e+00,4.372526392183019861e-01,3.874077127381381769e-01,4.221431162166390805e-01,3.833158286735922071e-01,0.000000000000000000e+00,3.934248124046865192e-01,3.675383961464154248e-01,4.320087644107726832e-01,4.023201145084868147e-01,4.044079021191520074e-01,3.900908538886241894e-01,4.115109486524762827e-01,3.944863961159846832e-01,0.000000000000000000e+00,3.788228746863597229e-01,0.000000000000000000e+00,4.037764729869829927e-01,3.007376506633724911e-01,3.898114870711423818e-01,3.846167578595632852e-01,4.343943731392210794e-01,0.000000000000000000e+00,0.000000000000000000e+00,3.740922138808073227e-01,3.374643531428008214e-01,0.000000000000000000e+00,2.742351750612995187e-01,3.841663457840551743e-01,3.920681327619542911e-01,2.982774657107595262e-01,2.170304539078762862e-01,3.150223605230462742e-01,3.249127796096705212e-01,3.861212498949365135e-01,0.000000000000000000e+00,3.686848031218111221e-01,3.654852420167313820e-01,3.728414535872124902e-01,3.880973472875811070e-01,3.819537028413875768e-01,2.998357788996099949e-01,0.000000000000000000e+00,2.781956094410347191e-01,3.516632314876306231e-01,0.000000000000000000e+00,3.712706438864293856e-01,3.258390461067108834e-01,3.024869101565069163e-01,3.025846948113328772e-01,0.000000000000000000e+00,3.417673472267326873e-01,3.173545354473998881e-01,3.467284092712483723e-01,3.716413636917429986e-01,2.689250739885684083e-01,2.823898415934896211e-01,3.191761914312902793e-01,3.733657496842944234e-01,3.432206578578880229e-01,3.384258739353129264e-01,0.000000000000000000e+00,3.111404435266933999e-01
3.827369428217113900e-01,3.913650244092131136e-01,4.863609660478415142e-01,0.000000000000000000e+00,4.584953481627311866e-01,4.415017975338004219e-01,4.542433032330018272e-01,4.542124248141731213e-01,4.675018085570694093e-01,3.974414851554979866e-01,5.040140326084723288e-01,3.916602564797255215e-01,4.530261235889493920e-01,0.000000000000000000e+00,4.544275701892814268e-01,3.969354491405691077e-01,4.132500472803352087e-01,3.958148423980147879e-01,4.454885231729692197e-01,4.493916915022013181e-01,4.317864788326699066e-01,4.497731090257451880e-01,4.636861077824648847e-01,3.730396759913325866e-01,3.926472639274757870e-01,4.210940430314081273e-01,4.645738153455910013e-01,4.537646163635922214e-01,4.598425468596409882e-01,4.857333726001775154e-01,4.143082864191114933e-01,3.563150278378591773e-01,3.767526129887497910e-01,4.144476570578145003e-01,4.521083202838013237e-01,4.589943501788559810e-01,0.000000000000000000e+00,3.182766992772043113e-01,3.637727809215884900e-01,2.742351750612995187e-01,0.000000000000000000e+00,3.157411150689020118e-01,3.416407505219288820e-01,3.555229206604663128e-01,2.482568996520909121e-01,3.280436194276544204e-01,3.563679302196822163e-01,3.926392497088170841e-01,0.000000000000000000e+00,3.520084110421483059e-01,3.979831078707111169e-01,3.516482070671065885e-01,4.014631043309240255e-01,3.973882381321023893e-01,3.136646492922199880e-01,3.465376902401743897e-01,2.828042016959677052e-01,3.501750782123073114e-01,3.135052336102596149e-01,4.155078851384518268e-01,3.666372165256311932e-01,3.354582736643578200e-01,3.532597379432831919e-01,3.567004508564822207e-01,3.890940909453318164e-01,3.981243732302838234e-01,4.002910993643238879e-01,3.910898801838795791e-01,2.930044854694611733e-01,3.216448024704687825e-01,3.518906082840930205e-01,4.033859919017622198e-01,3.298957216886566068e-01,3.696310065986255222e-01,3.794981973577600809e-01,3.094942762251007840e-01
4.264483651810476172e-01,4.204876765072795841e-01,0.000000000000000000e+00,0.000000000000000000e+00,0.000000000000000000e+00,4.225864199646827135e-01,0.000000000000000000e+00,0.000000000000000000e+00,0.000000000000000000e+00,4.413466198090376102e-01,0.000000000000000000e+00,4.363217903260456221e-01,0.000000000000000000e+00,0.000000000000000000e+00,4.868950413581353276e-01,4.241901683847364990e-01,4.437482047770042737e-01,4.160284177680925732e-01,0.000000000000000000e+00,4.488948527532272137e-01,4.680270479061295896e-01,4.761741695951103859e-01,4.622014720774639263e-01,4.147447891482408111e-01,4.158737550222855184e-01,4.614805518744889978e-01,4.587711183910995749e-01,4.755314105518355094e-01,4.474426321677151819e-01,0.000000000000000000e+00,4.346979074615752170e-01,3.945027223798114879e-01,4.123752517584680088e-01,4.405089925916604865e-01,4.870428587814031873e-01,0.000000000000000000e+00,0.000000000000000000e+00,0.000000000000000000e+00,3.896368063162273243e-01,3.841663457840551743e-01,3.157411150689020118e-01,0.000000000000000000e+00,4.366675567538743086e-01,3.976396744190108246e-01,3.094809479303520239e-01,3.974384024795578063e-01,4.149873841654855844e-01,0.000000000000000000e+00,0.000000000000000000e+00,3.189016518946414247e-01,4.007996678676203905e-01,3.496257924416398266e-01,4.017422686609332105e-01,3.799112133987599949e-01,3.482365091242400901e-01,3.194672481967644750e-01,3.667465186119912013e-01,3.556911397098587169e-01,0.000000000000000000e+00,4.478672194140811968e-01,4.269140148954745917e-01,3.867895194962551186e-01,4.103886875901309184e-01,0.000000000000000000e+00,4.212750130704496221e-01,4.337534248777307200e-01,4.465811891661530808e-01,4.073041446756930917e-01,3.642329321264178854e-01,3.881392836590036866e-01,4.170485428747088830e-01,4.184107045105802114e-01,3.323285219530036083e-01,3.941646083288545266e-01,4.243921974857752799e-01,3.423021467541457197e-01
4.829612672328948975e-01,3.788310813033345936e-01,4.438344753859810865e-01,0.000000000000000000e+00,4.162092905827957101e-01,4.289170934566878257e-01,4.086291882215710158e-01,4.227104630872238200e-01,4.299651375311939194e-01,0.000000000000000000e+00,3.612186033620010117e-01,0.000000000000000000e+00,4.187230439617400934e-01,3.167713248584113073e-01,4.823250738213892830e-01,0.000000000000000000e+00,0.000000000000000000e+00,0.000000000000000000e+00,4.119035364360401075e-01,4.431349630893995917e-01,0.000000000000000000e+00,4.864094846857687782e-01,4.369806214427419122e-01,0.000000000000000000e+00,3.641228103919172954e-01,4.798132070491474277e-01,4.346081670632033211e-01,4.179086462866685725e-01,4.246332834504736864e-01,4.183143512672862774e-01,4.421657682748575957e-01,3.949469946257069264e-01,2.264764376736176088e-01,4.263296502177564840e-01,4.244267201785805743e-01,4.081002267396445227e-01,4.312495687932408894e-01,0.000000000000000000e+00,3.141847331718912728e-01,3.920681327619542911e-01,3.416407505219288820e-01,4.366675567538743086e-01,0.000000000000000000e+00,1.941798055160839087e-01,3.204087601384745243e-01,5.140983022473949449e-01,4.042288854420383881e-01,3.259905316122451158e-01,1.971815521722516951e-01,2.380345974644514917e-01,3.933301412923089768e-01,2.598757687220116797e-01,3.189506492689995754e-01,3.600189105776279153e-01,3.685122384053802769e-01,2.663313981212004911e-01,3.568968727748018099e-01,2.894332095026528884e-01,2.269883322173560924e-01,4.750012335709907219e-01,4.658363139402300068e-01,3.596369614299749218e-01,4.205089932462957036e-01,2.953050199691921174e-01,4.584161574237808900e-01,4.525355128786394121e-01,4.844347620017159239e-01,3.592052558135261919e-01,3.934404415493122920e-01,4.317254780189446750e-01,4.682766899006388095e-01,4.020536025809259839e-01,2.923065237497101121e-01,4.131125776035787234e-01,4.092841290553873024e-01,3.498069951380741172e-01
0.000000000000000000e+00,0.000000000000000000e+00,0.000000000000000000e+00,0.000000000000000000e+00,0.000000000000000000e+00,0.000000000000000000e+00,0.000000000000000000e+00,0.000000000000000000e+00,0.000000000000000000e+00,0.000000000000000000e+00,0.000000000000000000e+00,0.000000000000000000e+00,0.000000000000000000e+00,0.000000000000000000e+00,0.000000000000000000e+00,0.000000000000000000e+00,0.000000000000000000e+00,0.000000000000000000e+00,0.000000000000000000e+00,0.000000000000000000e+00,0.000000000000000000e+00,0.000000000000000000e+00,4.834379497792539726e-01,0.000000000000000000e+00,0.000000000000000000e+00,0.000000000000000000e+00,4.771988666711038940e-01,0.000000000000000000e+00,0.000000000000000000e+00,0.000000000000000000e+00,0.000000000000000000e+00,0.000000000000000000e+00,0.000000000000000000e+00,0.000000000000000000e+00,0.000000000000000000e+00,0.000000000000000000e+00,0.000000000000000000e+00,0.000000000000000000e+00,3.255221138652634738e-01,2.982774657107595262e-01,3.555229206604663128e-01,3.976396744190108246e-01,1.941798055160839087e-01,0.000000000000000000e+00,3.087455157798459915e-01,0.000000000000000000e+00,4.866476058959960938e-01,4.015750172094482151e-01,1.658293027314911017e-01,1.940830256471348103e-01,4.143534894358540943e-01,2.234475732340384935e-01,3.557493158417909251e-01,4.067339949502378760e-01,0.000000000000000000e+00,2.296764744822825111e-01,3.628285982341564742e-01,3.695298184990564172e-01,1.821650884297847106e-01,4.529248062613602244e-01,0.000000000000000000e+00,0.000000000000000000e+00,0.000000000000000000e+00,0.000000000000000000e+00,4.217299489303448223e-01,0.000000000000000000e+00,4.484537550283784202e-01,4.007981156895891739e-01,0.000000000000000000e+00,4.830732047557830811e-01,4.517637360640953115e-01,4.091326390468771890e-01,3.794090335039748130e-01,4.237923284709270155e-01,0.000000000000000000e+00,3.541790404294182237e-01
3.733984529972075861e-01,0.000000000000000000e+00,0.000000000000000000e+00,0.000000000000000000e+00,0.000000000000000000e+00,0.000000000000000000e+00,0.000000000000000000e+00,0.000000000000000000e+00,0.000000000000000000e+00,3.991990641786056226e-01,0.000000000000000000e+00,3.983714408011935770e-01,0.000000000000000000e+00,0.000000000000000000e+00,0.000000000000000000e+00,0.000000000000000000e+00,3.877640986395068934e-01,0.000000000000000000e+00,0.000000000000000000e+00,0.000000000000000000e+00,0.000000000000000000e+00,0.000000000000000000e+00,0.000000000000000000e+00,3.707077044031801272e-01,3.943555601717197989e-01,3.946425244758712259e-01,0.000000000000000000e+00,0.000000000000000000e+00,0.000000000000000000e+00,0.000000000000000000e+00,4.044173097165252861e-01,3.014749370973223153e-01,3.547012443763187806e-01,3.489140706742465126e-01,0.000000000000000000e+00,0.000000000000000000e+00,0.000000000000000000e+00,3.567381324017752098e-01,2.905508579019225879e-01,2.170304539078762862e-01,2.482568996520909121e-01,3.094809479303520239e-01,3.204087601384745243e-01,3.087455157798459915e-01,0.000000000000000000e+00,0.000000000000000000e+00,0.000000000000000000e+00,0.000000000000000000e+00,0.000000000000000000e+00,0.000000000000000000e+00,4.008273967531901238e-01,3.893081621170522144e-01,3.891997600040296157e-01,3.974877635372066065e-01,3.140014338995231191e-01,0.000000000000000000e+00,2.731106530233833873e-01,3.755666101033162119e-01,0.000000000000000000e+00,0.000000000000000000e+00,0.000000000000000000e+00,3.274707968833908134e-01,3.113666000013458057e-01,0.000000000000000000e+00,0.000000000000000000e+00,0.000000000000000000e+00,0.000000000000000000e+00,3.760884469789714246e-01,2.763505608477154207e-01,3.108437954727191754e-01,3.226325215624801790e-01,3.845970544315198136e-01,3.511994572477499799e-01,0.000000000000000000e+00,0.000000000000000000e+00,3.517202674950620778e-01
3.421600978637734936e-01,3.964050800847491729e-01,0.000000000000000000e+00,0.000000000000000000e+00,0.000000000000000000e+00,3.598886166270556797e-01,0.000000000000000000e+00,4.851887462728673994e-01,0.000000000000000000e+00,3.982679548649725731e-01,0.000000000000000000e+00,3.933855437522512100e-01,0.000000000000000000e+00,0.000000000000000000e+00,0.000000000000000000e+00,3.974347516242369149e-01,3.937917491305575890e-01,3.602883196280696754e-01,0.000000000000000000e+00,0.000000000000000000e+00,3.649759516513024216e-01,4.144890020573006040e-01,4.244765512542508779e-01,3.512096166861808921e-01,3.688822903247481189e-01,4.052145079010956996e-01,3.853261127138781772e-01,0.000000000000000000e+00,0.000000000000000000e+00,0.000000000000000000e+00,3.715919776157243781e-01,4.278753973824667156e-01,3.593560380365142803e-01,3.683744762440578913e-01,4.308660175926182778e-01,0.000000000000000000e+00,0.000000000000000000e+00,0.000000000000000000e+00,4.020848723608249076e-01,3.150223605230462742e-01,3.280436194276544204e-01,3.974384024795578063e-01,5.140983022473949449e-01,0.000000000000000000e+00,0.000000000000000000e+00,0.000000000000000000e+00,3.629603810206217807e-01,0.000000000000000000e+00,0.000000000000000000e+00,0.000000000000000000e+00,3.826579201543456876e-01,0.000000000000000000e+00,4.445016483646068162e-01,0.000000000000000000e+00,3.433211363266361893e-01,0.000000000000000000e+00,3.583914131547027981e-01,3.904285330034016899e-01,0.000000000000000000e+00,3.864422089481390765e-01,3.649358622046124934e-01,3.604415544100648128e-01,3.548755736976417774e-01,0.000000000000000000e+00,3.955666345941151185e-01,3.943395401578030923e-01,3.777081510887536075e-01,4.171276227345849241e-01,3.146824510544108944e-01,3.463560500225564276e-01,3.679595938872661232e-01,4.117479971676977213e-01,3.855663852128760061e-01,3.815588580623334169e-01,0.000000000000000000e+00,3.372856770989884900e-01
4.157889926789031243e-01,4.116510239859036968e-01,0.000000000000000000e+00,0.000000000000000000e+00,0.000000000000000000e+00,3.896441686604030785e-01,0.000000000000000000e+00,0.000000000000000000e+00,0.000000000000000000e+00,0.000000000000000000e+00,0.000000000000000000e+00,0.000000000000000000e+00,4.080154589857338254e-01,0.000000000000000000e+00,4.502496654577087254e-01,4.125695609693688093e-01,3.578312762517785184e-01,3.900750348554202218e-01,0.000000000000000000e+00,4.164812246588779909e-01,4.445592737159185792e-01,4.334147355609482277e-01,4.372225643914713911e-01,3.974101617138404152e-01,3.890075876266064214e-01,4.423886492237603107e-01,4.189887322622868893e-01,4.419319937938058218e-01,4.144823199717426188e-01,0.000000000000000000e+00,4.014763670922636973e-01,4.327546937444409214e-01,3.771387606013691940e-01,4.045856499941485884e-01,4.415919796418854015e-01,0.000000000000000000e+00,0.000000000000000000e+00,0.000000000000000000e+00,4.101047883521132809e-01,3.249127796096705212e-01,3.563679302196822163e-01,4.149873841654855844e-01,4.042288854420383881e-01,4.866476058959960938e-01,0.000000000000000000e+00,3.629603810206217807e-01,0.000000000000000000e+00,3.636085837348921879e-01,0.000000000000000000e+00,3.931251500903812923e-01,3.849046743802008175e-01,4.143257921873222949e-01,4.219206856082828860e-01,3.790243815860407928e-01,3.389870079272537806e-01,0.000000000000000000e+00,3.147602425558094774e-01,4.143296457327936277e-01,0.000000000000000000e+00,4.001534766077590177e-01,3.884077131814506756e-01,3.679351372563353095e-01,3.754795743369082062e-01,0.000000000000000000e+00,3.916317645456695029e-01,3.815747853872125117e-01,4.028700308185064194e-01,4.108671538073245810e-01,0.000000000000000000e+00,3.777925524403485946e-01,3.769895021244307198e-01,4.097052396288021758e-01,3.931616438618010245e-01,3.915803283749981212e-01,0.000000000000000000e+00,3.586673512745252035e-01
0.000000000000000000e+00,0.000000000000000000e+00,4.344518397732871073e-01,0.000000000000000000e+00,4.768281984183864175e-01,4.938161387103540134e-01,4.709707287493496985e-01,4.750569837461313116e-01,4.843619743903210817e-01,0.000000000000000000e+00,3.966390991007575084e-01,0.000000000000000000e+00,4.661321405965058173e-01,4.162979605380446868e-01,0.000000000000000000e+00,0.000000000000000000e+00,0.000000000000000000e+00,0.000000000000000000e+00,4.497031017275148757e-01,0.000000000000000000e+00,0.000000000000000000e+00,0.000000000000000000e+00,3.821966641702206902e-01,0.000000000000000000e+00,0.000000000000000000e+00,0.000000000000000000e+00,5.123125845528752054e-01,4.548337562885593766e-01,4.335289136033148027e-01,0.000000000000000000e+00,4.587296738530404205e-01,4.330225837585651161e-01,0.000000000000000000e+00,4.501702541885408970e-01,0.000000000000000000e+00,4.290893285989266226e-01,0.000000000000000000e+00,0.000000000000000000e+00,3.870334164094624274e-01,3.861212498949365135e-01,3.926392497088170841e-01,0.000000000000000000e+00,3.259905316122451158e-01,4.015750172094482151e-01,0.000000000000000000e+00,0.000000000000000000e+00,3.636085837348921879e-01,0.000000000000000000e+00,0.000000000000000000e+00,3.388953743493233195e-01,3.906460114805471728e-01,3.808257374715791066e-01,3.802451570036092798e-01,3.267468519694775031e-01,3.765176045089214107e-01,2.971579586508594772e-01,3.952257471702930181e-01,3.815622906140053172e-01,3.088687707220141854e-01,0.000000000000000000e+00,0.000000000000000000e+00,0.000000000000000000e+00,0.000000000000000000e+00,2.411466141768879023e-01,0.000000000000000000e+00,3.722823748898054230e-01,3.982111773874321137e-01,3.021197535386899724e-01,0.000000000000000000e+00,0.000000000000000000e+00,3.973088921044344857e-01,3.288236581510236012e-01,3.935344580787332736e-01,3.440864362126925813e-01,4.034340118358659133e-01,3.979997571313502736e-01
0.000000000000000000e+00,0.000000000000000000e+00,0.000000000000000000e+00,0.000000000000000000e+00,0.000000000000000000e+00,0.000000000000000000e+00,0.000000000000000000e+00,0.000000000000000000e+00,0.000000000000000000e+00,0.000000000000000000e+00,0.000000000000000000e+00,0.000000000000000000e+00,0.000000000000000000e+00,0.000000000000000000e+00,0.000000000000000000e+00,0.000000000000000000e+00,0.000000000000000000e+00,0.000000000000000000e+00,0.000000000000000000e+00,0.000000000000000000e+00,0.000000000000000000e+00,0.000000000000000000e+00,0.000000000000000000e+00,0.000000000000000000e+00,0.000000000000000000e+00,0.000000000000000000e+00,0.000000000000000000e+00,0.000000000000000000e+00,0.000000000000000000e+00,0.000000000000000000e+00,0.000000000000000000e+00,0.000000000000000000e+00,0.000000000000000000e+00,0.000000000000000000e+00,0.000000000000000000e+00,0.000000000000000000e+00,0.000000000000000000e+00,0.000000000000000000e+00,2.438967105750199094e-01,0.000000000000000000e+00,0.000000000000000000e+00,0.000000000000000000e+00,1.971815521722516951e-01,1.658293027314911017e-01,0.000000000000000000e+00,0.000000000000000000e+00,0.000000000000000000e+00,0.000000000000000000e+00,0.000000000000000000e+00,2.320864196202563068e-01,0.000000000000000000e+00,2.484650268339484991e-01,3.431879749593699791e-01,3.517241364516743851e-01,0.000000000000000000e+00,2.986364056460594774e-01,0.000000000000000000e+00,2.570350689980833159e-01,2.683302997807274215e-01,0.000000000000000000e+00,0.000000000000000000e+00,0.000000000000000000e+00,0.000000000000000000e+00,0.000000000000000000e+00,0.000000000000000000e+00,0.000000000000000000e+00,0.000000000000000000e+00,3.275531056737743252e-01,0.000000000000000000e+00,0.000000000000000000e+00,0.000000000000000000e+00,0.000000000000000000e+00,2.145714720916777063e-01,0.000000000000000000e+00,0.000000000000000000e+00,0.000000000000000000e+00
0.000000000000000000e+00,0.000000000000000000e+00,4.404369052045031818e-01,0.000000000000000000e+00,4.784922867738968799e-01,4.827560381232469111e-01,4.603758268421940802e-01,0.000000000000000000e+00,4.951488055210672146e-01,0.000000000000000000e+00,3.500207186660572733e-01,0.000000000000000000e+00,4.660344225384985828e-01,0.000000000000000000e+00,0.000000000000000000e+00,0.000000000000000000e+00,0.000000000000000000e+00,0.000000000000000000e+00,4.633280041807957272e-01,0.000000000000000000e+00,0.000000000000000000e+00,0.000000000000000000e+00,4.670120199865351873e-01,0.000000000000000000e+00,0.000000000000000000e+00,0.000000000000000000e+00,4.769679233531335938e-01,4.527817440578317254e-01,4.341449924224887735e-01,0.000000000000000000e+00,0.000000000000000000e+00,0.000000000000000000e+00,0.000000000000000000e+00,4.775583175762050936e-01,0.000000000000000000e+00,4.500968188956753768e-01,0.000000000000000000e+00,0.000000000000000000e+00,3.227603241781090149e-01,3.686848031218111221e-01,3.520084110421483059e-01,3.189016518946414247e-01,2.380345974644514917e-01,1.940830256471348103e-01,0.000000000000000000e+00,0.000000000000000000e+00,3.931251500903812923e-01,3.388953743493233195e-01,2.320864196202563068e-01,0.000000000000000000e+00,3.816478528567717743e-01,3.227904470414956206e-01,3.537112124622575071e-01,3.480067546795642119e-01,3.793706969138951890e-01,2.989997381742456883e-01,3.776801990806928910e-01,3.221523006406932788e-01,2.655942691210224083e-01,0.000000000000000000e+00,0.000000000000000000e+00,0.000000000000000000e+00,0.000000000000000000e+00,3.170831951164159168e-01,3.978826968474264980e-01,0.000000000000000000e+00,4.134143692514610224e-01,3.377678005547892770e-01,0.000000000000000000e+00,0.000000000000000000e+00,0.000000000000000000e+00,3.822248070748678894e-01,2.925830374705715164e-01,3.978273495483907185e-01,0.000000000000000000e+00,3.679718536990866928e-01
0.000000000000000000e+00,3.981944093464832024e-01,5.072566405742240381e-01,0.000000000000000000e+00,4.720569170390215841e-01,4.718320363966826969e-01,4.567199853493287831e-01,4.550100287772553820e-01,4.911977480374705163e-01,4.484843988672361226e-01,4.709552120995618152e-01,0.000000000000000000e+00,4.645435922632684123e-01,4.380190518448682235e-01,4.278345007313080761e-01,4.184320707462101940e-01,0.000000000000000000e+00,0.000000000000000000e+00,4.761894726919794762e-01,4.464219555514891136e-01,4.156927947376521937e-01,4.233127297874795247e-01,4.754080716665007866e-01,0.000000000000000000e+00,3.818685759094024856e-01,4.276457081738370136e-01,4.735596828589864193e-01,4.564031403004519816e-01,4.483788259199409931e-01,4.663012880860972209e-01,4.581557228344895205e-01,4.480819030676039261e-01,4.026576073322150062e-01,4.667461724763357078e-01,4.568013529019960828e-01,4.471784761054933832e-01,4.589495292079346922e-01,0.000000000000000000e+00,3.861398604824027858e-01,3.654852420167313820e-01,3.979831078707111169e-01,4.007996678676203905e-01,3.933301412923089768e-01,4.143534894358540943e-01,4.008273967531901238e-01,3.826579201543456876e-01,3.849046743802008175e-01,3.906460114805471728e-01,0.000000000000000000e+00,3.816478528567717743e-01,0.000000000000000000e+00,4.062912477471464223e-01,3.686622818444663108e-01,3.665875281890905724e-01,4.137935615233025999e-01,3.534468764657042739e-01,4.039105822105512056e-01,3.838668691627777907e-01,3.664860036807042754e-01,3.866230080048315143e-01,3.962196733365577761e-01,3.821474159145203942e-01,3.871971583329240074e-01,3.696842965155189842e-01,3.848813689248484216e-01,3.732271997492552229e-01,4.044791334426681151e-01,3.617222553284695219e-01,0.000000000000000000e+00,3.699678722349902249e-01,3.861052275657043120e-01,3.739971720794750820e-01,3.759640547375249775e-01,3.367606306674542083e-01,3.925055122211152936e-01,4.030752727387861833e-01
0.000000000000000000e+00,4.134645113396361871e-01,4.867098305125391877e-01,0.000000000000000000e+00,4.815369089536545855e-01,4.745187268497459976e-01,4.602472829650798847e-01,4.618839139506992764e-01,4.878198690489499167e-01,0.000000000000000000e+00,4.497749904964071788e-01,0.000000000000000000e+00,4.668300836588996083e-01,0.000000000000000000e+00,4.510871442120613084e-01,0.000000000000000000e+00,0.000000000000000000e+00,0.000000000000000000e+00,4.809171201538133822e-01,4.513318551310501192e-01,0.000000000000000000e+00,4.404618681481137776e-01,4.746918408524394839e-01,0.000000000000000000e+00,0.000000000000000000e+00,4.370870742962050803e-01,4.699297708536480100e-01,4.589289377601754039e-01,4.562418601217159142e-01,4.746201401026308164e-01,4.604362914515703897e-01,4.498690131145973159e-01,4.206315116178053759e-01,4.644136944984191828e-01,0.000000000000000000e+00,4.459300804326604140e-01,0.000000000000000000e+00,0.000000000000000000e+00,3.540395668996583201e-01,3.728414535872124902e-01,3.516482070671065885e-01,3.496257924416398266e-01,2.598757687220116797e-01,2.234475732340384935e-01,3.893081621170522144e-01,0.000000000000000000e+00,4.143257921873222949e-01,3.808257374715791066e-01,2.484650268339484991e-01,3.227904470414956206e-01,4.062912477471464223e-01,0.000000000000000000e+00,4.086385511862459241e-01,3.800844708738789213e-01,3.919710550861585929e-01,3.492900585608331165e-01,3.877071608117648172e-01,3.231145697277114093e-01,2.801321189274817991e-01,4.076815197640317745e-01,4.155375201925476936e-01,0.000000000000000000e+00,3.974814376856736220e-01,3.580793026743476770e-01,4.236291512341642251e-01,4.118722848556318761e-01,4.395951911910839782e-01,3.922038917681703873e-01,0.000000000000000000e+00,4.017299141195265766e-01,3.990305586130399873e-01,4.057812547508707901e-01,3.099973369999924899e-01,4.273775086606678153e-01,4.153543528361817172e-01,3.817618921989049952e-01
4.323593860979011994e-01,4.593286752333484158e-01,4.877593182349341805e-01,0.000000000000000000e+00,4.550642495104864071e-01,4.498830991621718955e-01,4.310673227892188875e-01,4.041112216007635149e-01,4.866436261428427890e-01,0.000000000000000000e+00,3.898864782082054892e-01,0.000000000000000000e+00,4.381217118435957181e-01,3.752380441268434730e-01,4.438770152380246969e-01,0.000000000000000000e+00,0.000000000000000000e+00,0.000000000000000000e+00,4.562377964099061933e-01,4.374266011275262933e-01,4.032937366459494744e-01,4.678735782705453761e-01,4.481531637713668803e-01,0.000000000000000000e+00,0.000000000000000000e+00,4.710482016777832182e-01,4.780161248448661082e-01,4.346100060663793951e-01,4.323072562239810845e-01,4.624481728568192729e-01,4.574154957926381271e-01,4.456112061595077223e-01,0.000000000000000000e+00,4.549694188503350945e-01,0.000000000000000000e+00,3.765631776538069797e-01,0.000000000000000000e+00,0.000000000000000000e+00,3.818402127418552006e-01,3.880973472875811070e-01,4.014631043309240255e-01,4.017422686609332105e-01,3.189506492689995754e-01,3.557493158417909251e-01,3.891997600040296157e-01,4.445016483646068162e-01,4.219206856082828860e-01,3.802451570036092798e-01,3.431879749593699791e-01,3.537112124622575071e-01,3.686622818444663108e-01,4.086385511862459241e-01,0.000000000000000000e+00,4.073898664197885822e-01,3.960419200281474206e-01,2.848509846109155141e-01,3.951716876858479832e-01,3.964048762133365877e-01,3.175272774535721765e-01,4.123066857739511870e-01,4.221336088829507061e-01,0.000000000000000000e+00,4.100684768807045799e-01,3.369665221952011791e-01,3.726726205091834832e-01,4.013939355093202876e-01,4.096808411729551125e-01,3.317661919996230946e-01,4.249440249707083228e-01,4.097268074804448768e-01,4.337143890019682924e-01,3.986835651435883809e-01,3.946376204550128830e-01,3.701473459932840826e-01,3.917834178735066786e-01,4.030306943906469264e-01
0.000000000000000000e+00,4.247093491538745935e-01,5.015456253980649093e-01,0.000000000000000000e+00,4.918905857968572937e-01,4.978039328770594851e-01,4.707186415766492216e-01,4.933569714977409926e-01,4.910686103571672012e-01,4.698610974343159774e-01,4.390432233965922970e-01,0.000000000000000000e+00,4.717405565632182829e-01,4.346045970391991253e-01,0.000000000000000000e+00,0.000000000000000000e+00,0.000000000000000000e+00,0.000000000000000000e+00,4.726771929318995258e-01,4.406538726306201137e-01,3.747790585438092181e-01,4.293168431552575881e-01,4.945833911623436219e-01,0.000000000000000000e+00,0.000000000000000000e+00,4.261109591741528146e-01,5.045992353936159525e-01,4.557829308839306814e-01,4.414444593766563840e-01,4.591565253687530102e-01,4.610397812727998756e-01,4.469829281536836785e-01,0.000000000000000000e+00,4.564793257618214861e-01,0.000000000000000000e+00,4.448430330067970062e-01,4.472722141439051113e-01,0.000000000000000000e+00,3.899661409160237735e-01,3.819537028413875768e-01,3.973882381321023893e-01,3.799112133987599949e-01,3.600189105776279153e-01,4.067339949502378760e-01,3.974877635372066065e-01,0.000000000000000000e+00,3.790243815860407928e-01,3.267468519694775031e-01,3.517241364516743851e-01,3.480067546795642119e-01,3.665875281890905724e-01,3.800844708738789213e-01,4.073898664197885822e-01,0.000000000000000000e+00,3.990726395238617941e-01,2.993358448102144131e-01,3.969645376127700076e-01,3.842118855256009824e-01,3.278005441146323862e-01,3.741967960782989211e-01,3.925262542075618200e-01,3.907703853631251945e-01,3.967934247654040236e-01,2.687805701712598916e-01,3.838670787231989179e-01,3.694495217377333773e-01,3.972305815327101808e-01,3.768462695952277119e-01,4.085240260410720747e-01,3.619135056406568851e-01,3.849584878706370228e-01,3.884291483405590828e-01,3.965139000908691758e-01,3.701106163669461990e-01,4.129592612112389927e-01,4.083991195675815145e-01
3.863767877357627833e-01,3.410838585671879253e-01,0.000000000000000000e+00,0.000000000000000000e+00,0.000000000000000000e+00,0.000000000000000000e+00,0.000000000000000000e+00,0.000000000000000000e+00,0.000000000000000000e+00,4.327938741910885012e-01,0.000000000000000000e+00,4.336640288201302762e-01,0.000000000000000000e+00,0.000000000000000000e+00,0.000000000000000000e+00,3.820174976824838864e-01,4.389135389050161096e-01,4.134823332209676128e-01,0.000000000000000000e+00,0.000000000000000000e+00,0.000000000000000000e+00,0.000000000000000000e+00,0.000000000000000000e+00,4.171775564283577986e-01,4.367523657054658837e-01,4.425981772107323020e-01,4.539547867007115989e-01,0.000000000000000000e+00,0.000000000000000000e+00,0.000000000000000000e+00,4.312080824657210099e-01,3.968520443156596245e-01,4.219971335165336179e-01,4.041179893847581250e-01,4.449042421821001181e-01,0.000000000000000000e+00,0.000000000000000000e+00,3.894163547735908226e-01,3.715446683371074199e-01,2.998357788996099949e-01,3.136646492922199880e-01,3.482365091242400901e-01,3.685122384053802769e-01,0.000000000000000000e+00,3.140014338995231191e-01,3.433211363266361893e-01,3.389870079272537806e-01,3.765176045089214107e-01,0.000000000000000000e+00,3.793706969138951890e-01,4.137935615233025999e-01,3.919710550861585929e-01,3.960419200281474206e-01,3.990726395238617941e-01,0.000000000000000000e+00,3.645655761421395802e-01,2.943021080569139247e-01,3.817143339857996809e-01,0.000000000000000000e+00,0.000000000000000000e+00,3.452856080591508725e-01,3.243061711036149819e-01,3.319974269972358893e-01,3.698928882057949119e-01,0.000000000000000000e+00,0.000000000000000000e+00,3.663119636282203273e-01,3.925772041228072218e-01,3.291615480828942730e-01,2.923769468864014787e-01,2.844839469758844164e-01,4.008776220036208149e-01,3.925428220145725233e-01,3.556989577562856830e-01,0.000000000000000000e+00,3.397835377068337825e-01
0.000000000000000000e+00,0.000000000000000000e+00,2.982461407842217915e-01,0.000000000000000000e+00,4.447521067943691064e-01,4.556276324642151154e-01,4.341887504498794792e-01,4.250575429026466900e-01,4.551603538392670067e-01,0.000000000000000000e+00,2.898755208988180732e-01,0.000000000000000000e+00,4.327493212988310911e-01,3.626308779911158187e-01,0.000000000000000000e+00,0.000000000000000000e+00,0.000000000000000000e+00,0.000000000000000000e+00,3.045747982684751110e-01,0.000000000000000000e+00,0.000000000000000000e+00,0.000000000000000000e+00,4.400886208277500766e-01,0.000000000000000000e+00,0.000000000000000000e+00,0.000000000000000000e+00,4.659521673278617104e-01,4.292694120544119918e-01,3.844970219055411920e-01,0.000000000000000000e+00,0.000000000000000000e+00,0.000000000000000000e+00,0.000000000000000000e+00,0.000000000000000000e+00,0.000000000000000000e+00,3.759471621273098862e-01,0.000000000000000000e+00,0.000000000000000000e+00,2.781796044907888787e-01,0.000000000000000000e+00,3.465376902401743897e-01,3.194672481967644750e-01,2.663313981212004911e-01,2.296764744822825111e-01,0.000000000000000000e+00,0.000000000000000000e+00,0.000000000000000000e+00,2.971579586508594772e-01,2.986364056460594774e-01,2.989997381742456883e-01,3.534468764657042739e-01,3.492900585608331165e-01,2.848509846109155141e-01,2.993358448102144131e-01,3.645655761421395802e-01,0.000000000000000000e+00,3.668311390571106223e-01,3.487893098357832122e-01,2.660515208890344985e-01,0.000000000000000000e+00,0.000000000000000000e+00,0.000000000000000000e+00,0.000000000000000000e+00,2.508329044633558214e-01,0.000000000000000000e+00,0.000000000000000000e+00,0.000000000000000000e+00,2.855028524615689789e-01,0.000000000000000000e+00,0.000000000000000000e+00,0.000000000000000000e+00,3.775694693120681955e-01,3.444965298666384790e-01,0.000000000000000000e+00,0.000000000000000000e+00,3.515672158182461260e-01
3.643509166905690155e-01,0.000000000000000000e+00,0.000000000000000000e+00,0.000000000000000000e+00,0.000000000000000000e+00,0.000000000000000000e+00,0.000000000000000000e+00,0.000000000000000000e+00,0.000000000000000000e+00,4.346147555775348725e-01,0.000000000000000000e+00,4.331955826866314974e-01,0.000000000000000000e+00,0.000000000000000000e+00,0.000000000000000000e+00,4.276809864579264042e-01,4.401765633031631819e-01,4.131795462668321206e-01,0.000000000000000000e+00,0.000000000000000000e+00,0.000000000000000000e+00,0.000000000000000000e+00,0.000000000000000000e+00,4.067600195351336878e-01,4.393784248853099816e-01,4.382228650258184754e-01,0.000000000000000000e+00,0.000000000000000000e+00,0.000000000000000000e+00,0.000000000000000000e+00,4.267907536102554245e-01,3.370041930203275804e-01,4.422415860974855950e-01,4.117754263613340182e-01,4.476622066391899857e-01,0.000000000000000000e+00,0.000000000000000000e+00,4.002231750178404934e-01,3.280681889602444778e-01,2.781956094410347191e-01,2.828042016959677052e-01,3.667465186119912013e-01,3.568968727748018099e-01,3.628285982341564742e-01,2.731106530233833873e-01,3.583914131547027981e-01,3.147602425558094774e-01,3.952257471702930181e-01,0.000000000000000000e+00,3.776801990806928910e-01,4.039105822105512056e-01,3.877071608117648172e-01,3.951716876858479832e-01,3.969645376127700076e-01,2.943021080569139247e-01,3.668311390571106223e-01,0.000000000000000000e+00,3.843465724416377793e-01,0.000000000000000000e+00,0.000000000000000000e+00,0.000000000000000000e+00,3.527097084254834924e-01,3.369786519380553735e-01,3.609936300721350855e-01,0.000000000000000000e+00,0.000000000000000000e+00,0.000000000000000000e+00,3.864707593819430853e-01,3.018660250694769065e-01,3.026093356258983125e-01,2.744260027964671167e-01,3.982660514759359116e-01,3.796245784742363072e-01,0.000000000000000000e+00,0.000000000000000000e+00,3.577771978122564200e-01
0.000000000000000000e+00,4.080817484219640967e-01,4.851036151496436188e-01,0.000000000000000000e+00,4.651889941389931726e-01,4.622407617422273907e-01,4.547799486903569832e-01,4.449293312548632806e-01,4.798109498611384804e-01,0.000000000000000000e+00,4.410015101274555871e-01,4.132530133750039192e-01,4.588087255426818167e-01,0.000000000000000000e+00,4.429628874451386755e-01,4.290920786639049744e-01,0.000000000000000000e+00,0.000000000000000000e+00,4.676975147805679245e-01,4.588563691452354765e-01,4.433298600815818169e-01,4.385701004640211176e-01,4.641116480905623232e-01,0.000000000000000000e+00,3.826619117382348834e-01,4.278584359910074797e-01,4.663516523644949952e-01,4.545129115119240781e-01,4.499669026586227139e-01,4.643735610462780827e-01,4.560622617391780764e-01,4.560389155253539162e-01,4.002023800533598963e-01,4.585233937547488203e-01,4.678176658478955252e-01,4.443480920403942158e-01,4.467103909658767247e-01,0.000000000000000000e+00,3.575923324679721182e-01,3.516632314876306231e-01,3.501750782123073114e-01,3.556911397098587169e-01,2.894332095026528884e-01,3.695298184990564172e-01,3.755666101033162119e-01,3.904285330034016899e-01,4.143296457327936277e-01,3.815622906140053172e-01,2.570350689980833159e-01,3.221523006406932788e-01,3.838668691627777907e-01,3.231145697277114093e-01,3.964048762133365877e-01,3.842118855256009824e-01,3.817143339857996809e-01,3.487893098357832122e-01,3.843465724416377793e-01,0.000000000000000000e+00,2.765376141485952899e-01,3.993675023848271000e-01,4.069955031046835758e-01,3.742598157817677018e-01,3.958560380886683161e-01,3.556310592265389814e-01,4.166481823188352140e-01,4.007669690719742883e-01,4.366431888041356069e-01,3.857060673392216921e-01,3.898373826796805997e-01,3.939409536940727818e-01,3.872521527544193209e-01,4.025634548074357166e-01,3.104288822732660935e-01,4.048273938055846899e-01,3.796129981663878272e-01,3.540888103731049119e-01
0.000000000000000000e+00,0.000000000000000000e+00,3.999139272320538230e-01,0.000000000000000000e+00,0.000000000000000000e+00,0.000000000000000000e+00,0.000000000000000000e+00,4.613171815872191828e-01,4.583189514456130764e-01,0.000000000000000000e+00,3.702829235354401782e-01,0.000000000000000000e+00,0.000000000000000000e+00,0.000000000000000000e+00,0.000000000000000000e+00,0.000000000000000000e+00,0.000000000000000000e+00,0.000000000000000000e+00,4.251977616917556047e-01,0.000000000000000000e+00,0.000000000000000000e+00,0.000000000000000000e+00,4.251449762684625933e-01,0.000000000000000000e+00,0.000000000000000000e+00,0.000000000000000000e+00,4.643355078202687780e-01,0.000000000000000000e+00,0.000000000000000000e+00,0.000000000000000000e+00,0.000000000000000000e+00,0.000000000000000000e+00,0.000000000000000000e+00,0.000000000000000000e+00,0.000000000000000000e+00,0.000000000000000000e+00,0.000000000000000000e+00,0.000000000000000000e+00,2.404571352570132048e-01,0.000000000000000000e+00,3.135052336102596149e-01,0.000000000000000000e+00,2.269883322173560924e-01,1.821650884297847106e-01,0.000000000000000000e+00,0.000000000000000000e+00,0.000000000000000000e+00,3.088687707220141854e-01,2.683302997807274215e-01,2.655942691210224083e-01,3.664860036807042754e-01,2.801321189274817991e-01,3.175272774535721765e-01,3.278005441146323862e-01,0.000000000000000000e+00,2.660515208890344985e-01,0.000000000000000000e+00,2.765376141485952899e-01,0.000000000000000000e+00,0.000000000000000000e+00,0.000000000000000000e+00,0.000000000000000000e+00,0.000000000000000000e+00,2.914004059279712844e-01,0.000000000000000000e+00,0.000000000000000000e+00,0.000000000000000000e+00,3.086608630797206265e-01,0.000000000000000000e+00,0.000000000000000000e+00,0.000000000000000000e+00,3.692434914443334937e-01,2.662706812356945840e-01,0.000000000000000000e+00,0.000000000000000000e+00,3.291069563674230980e-01
4.506138517797699250e-01,4.399200206741402108e-01,0.000000000000000000e+00,0.000000000000000000e+00,0.000000000000000000e+00,4.225718209796017200e-01,4.433562674026387818e-01,4.383193819107611966e-01,4.111637100442943060e-01,0.000000000000000000e+00,0.000000000000000000e+00,0.000000000000000000e+00,4.300241403908346971e-01,0.000000000000000000e+00,4.746505001860119033e-01,4.424770087398470775e-01,0.000000000000000000e+00,4.244106634104148901e-01,0.000000000000000000e+00,4.372906144299150144e-01,4.492094172700590859e-01,4.808207790514842928e-01,4.493751407641042861e-01,4.124213401320067085e-01,4.025135977329324932e-01,4.886916469078694814e-01,4.457123109155902152e-01,4.251521459157959204e-01,4.265434691315039273e-01,0.000000000000000000e+00,4.623258828037541956e-01,4.622854984632008835e-01,4.368812371919003068e-01,4.636081487110204069e-01,4.937783385037016748e-01,5.036590655367148006e-01,0.000000000000000000e+00,0.000000000000000000e+00,4.139338337192126072e-01,3.712706438864293856e-01,4.155078851384518268e-01,4.478672194140811968e-01,4.750012335709907219e-01,4.529248062613602244e-01,0.000000000000000000e+00,3.864422089481390765e-01,4.001534766077590177e-01,0.000000000000000000e+00,0.000000000000000000e+00,0.000000000000000000e+00,3.866230080048315143e-01,4.076815197640317745e-01,4.123066857739511870e-01,3.741967960782989211e-01,0.000000000000000000e+00,0.000000000000000000e+00,0.000000000000000000e+00,3.993675023848271000e-01,0.000000000000000000e+00,0.000000000000000000e+00,3.884985477217610117e-01,3.670393288243837815e-01,3.799064294919177187e-01,0.000000000000000000e+00,3.116223772629244104e-01,3.806706351788797793e-01,3.260247587522110968e-01,3.311585242059604806e-01,3.913179737790066781e-01,3.874738254105729029e-01,3.667359280579169933e-01,3.512970521961842896e-01,3.744892474879005229e-01,3.646937599665733276e-01,3.701736390492449957e-01,3.989117693879997151e-01
4.009885738345593253e-01,4.023161610945368838e-01,0.000000000000000000e+00,0.000000000000000000e+00,0.000000000000000000e+00,3.865509595519547870e-01,0.000000000000000000e+00,0.000000000000000000e+00,0.000000000000000000e+00,3.926395127836488919e-01,0.000000000000000000e+00,0.000000000000000000e+00,3.997426601286501735e-01,0.000000000000000000e+00,4.344390804911906212e-01,4.041636146857693901e-01,3.878199214252726068e-01,3.870313022508384826e-01,0.000000000000000000e+00,4.166309813580709731e-01,4.188881737848383913e-01,4.233134795615928758e-01,4.270905267586915799e-01,3.981294881930885765e-01,3.874868899409906198e-01,4.196495344677729222e-01,4.120037944753001113e-01,4.280411624555742200e-01,4.118800236616900201e-01,0.000000000000000000e+00,3.923570087353461799e-01,4.237656206859504171e-01,3.757617276373754756e-01,3.923654750542797109e-01,4.306152508118077926e-01,0.000000000000000000e+00,0.000000000000000000e+00,0.000000000000000000e+00,4.230636089668000088e-01,3.258390461067108834e-01,3.666372165256311932e-01,4.269140148954745917e-01,4.658363139402300068e-01,0.000000000000000000e+00,0.000000000000000000e+00,3.649358622046124934e-01,3.884077131814506756e-01,0.000000000000000000e+00,0.000000000000000000e+00,0.000000000000000000e+00,3.962196733365577761e-01,4.155375201925476936e-01,4.221336088829507061e-01,3.925262542075618200e-01,3.452856080591508725e-01,0.000000000000000000e+00,0.000000000000000000e+00,4.069955031046835758e-01,0.000000000000000000e+00,3.884985477217610117e-01,0.000000000000000000e+00,3.723403299374344888e-01,3.326578480943704896e-01,0.000000000000000000e+00,3.742904157472503046e-01,3.862611326914872079e-01,3.632223975735623944e-01,3.982203561813664749e-01,3.506222826761898892e-01,3.454380221888797009e-01,3.900502119052707273e-01,4.078913519231466833e-01,3.829739036682877074e-01,3.934820892542472137e-01,3.581457161960251989e-01,3.637554152088702253e-01
3.720243048764172999e-01,3.814952316338167115e-01,0.000000000000000000e+00,0.000000000000000000e+00,0.000000000000000000e+00,0.000000000000000000e+00,0.000000000000000000e+00,0.000000000000000000e+00,0.000000000000000000e+00,4.405471373337410124e-01,0.000000000000000000e+00,4.433112670708397873e-01,0.000000000000000000e+00,0.000000000000000000e+00,0.000000000000000000e+00,3.939358103911034803e-01,4.359811355303849778e-01,4.112455469921426077e-01,0.000000000000000000e+00,0.000000000000000000e+00,0.000000000000000000e+00,4.035782292538339089e-01,0.000000000000000000e+00,4.299959847001967872e-01,4.282724324660865944e-01,4.416445626375570810e-01,0.000000000000000000e+00,0.000000000000000000e+00,0.000000000000000000e+00,0.000000000000000000e+00,4.271382760068371254e-01,4.290227097417613766e-01,4.150116840362982895e-01,4.171788873369072781e-01,4.420990598713371855e-01,0.000000000000000000e+00,0.000000000000000000e+00,4.162852666032614835e-01,3.920701032739555836e-01,3.024869101565069163e-01,3.354582736643578200e-01,3.867895194962551186e-01,3.596369614299749218e-01,0.000000000000000000e+00,3.274707968833908134e-01,3.604415544100648128e-01,3.679351372563353095e-01,0.000000000000000000e+00,0.000000000000000000e+00,0.000000000000000000e+00,3.821474159145203942e-01,0.000000000000000000e+00,0.000000000000000000e+00,3.907703853631251945e-01,3.243061711036149819e-01,0.000000000000000000e+00,3.527097084254834924e-01,3.742598157817677018e-01,0.000000000000000000e+00,3.670393288243837815e-01,3.723403299374344888e-01,0.000000000000000000e+00,3.032382843200088773e-01,0.000000000000000000e+00,3.662050657338887794e-01,3.848058223534341904e-01,3.585661703502158182e-01,3.894548859537889096e-01,3.566686846763308938e-01,3.067606464322223947e-01,3.502375235367977124e-01,3.888822409510849787e-01,3.696700510350823254e-01,3.691104124569041800e-01,0.000000000000000000e+00,3.352264023693662942e-01
3.843091136184083045e-01,3.952018529991284113e-01,0.000000000000000000e+00,0.000000000000000000e+00,0.000000000000000000e+00,3.852049419340867198e-01,0.000000000000000000e+00,0.000000000000000000e+00,0.000000000000000000e+00,4.293774500838893893e-01,0.000000000000000000e+00,4.288552994929522022e-01,0.000000000000000000e+00,0.000000000000000000e+00,4.214717229989490832e-01,4.020053239428061920e-01,4.244831018418463997e-01,4.065868987302864723e-01,0.000000000000000000e+00,4.145953026328744739e-01,4.174671279975202820e-01,4.156751110236809876e-01,4.160854364218428136e-01,4.217040591452180243e-01,4.068113532802308252e-01,4.226026042291525231e-01,4.184407439967485209e-01,0.000000000000000000e+00,3.991139664835364198e-01,0.000000000000000000e+00,4.046702175609486751e-01,4.340399284376961764e-01,3.984180757460774047e-01,4.057129691307925223e-01,4.324003254054509249e-01,0.000000000000000000e+00,0.000000000000000000e+00,4.029425670626364253e-01,4.122099701989576093e-01,3.025846948113328772e-01,3.532597379432831919e-01,4.103886875901309184e-01,4.205089932462957036e-01,0.000000000000000000e+00,3.113666000013458057e-01,3.548755736976417774e-01,3.754795743369082062e-01,0.000000000000000000e+00,0.000000000000000000e+00,0.000000000000000000e+00,3.871971583329240074e-01,3.974814376856736220e-01,4.100684768807045799e-01,3.967934247654040236e-01,3.319974269972358893e-01,0.000000000000000000e+00,3.369786519380553735e-01,3.958560380886683161e-01,0.000000000000000000e+00,3.799064294919177187e-01,3.326578480943704896e-01,3.032382843200088773e-01,0.000000000000000000e+00,0.000000000000000000e+00,3.779709860732097804e-01,3.712908647164455123e-01,3.847825075601081224e-01,3.895989423629552806e-01,3.340198771683660084e-01,3.424648769058759035e-01,3.627703199497296915e-01,4.003969086278849066e-01,3.729101713516974059e-01,3.853697203163615748e-01,3.473998253143146253e-01,3.558385989741292277e-01
0.000000000000000000e+00,0.000000000000000000e+00,3.014469014609912900e-01,0.000000000000000000e+00,4.632259237954166053e-01,4.717926727085643979e-01,4.436225769332700075e-01,4.581586486092518729e-01,4.645233186113483792e-01,0.000000000000000000e+00,2.941707127977126190e-01,0.000000000000000000e+00,4.446034641815687083e-01,3.800092786891028918e-01,0.000000000000000000e+00,0.000000000000000000e+00,0.000000000000000000e+00,0.000000000000000000e+00,4.441917824793725766e-01,0.000000000000000000e+00,0.000000000000000000e+00,0.000000000000000000e+00,3.465652663428019920e-01,0.000000000000000000e+00,0.000000000000000000e+00,0.000000000000000000e+00,4.780484628247498868e-01,4.379598830962324052e-01,4.340130761193733977e-01,0.000000000000000000e+00,4.394081971338545944e-01,4.484164637648708207e-01,0.000000000000000000e+00,0.000000000000000000e+00,0.000000000000000000e+00,4.026464581727002834e-01,0.000000000000000000e+00,0.000000000000000000e+00,3.327679600157035233e-01,0.000000000000000000e+00,3.567004508564822207e-01,0.000000000000000000e+00,2.953050199691921174e-01,0.000000000000000000e+00,0.000000000000000000e+00,0.000000000000000000e+00,0.000000000000000000e+00,2.411466141768879023e-01,0.000000000000000000e+00,3.170831951164159168e-01,3.696842965155189842e-01,3.580793026743476770e-01,3.369665221952011791e-01,2.687805701712598916e-01,3.698928882057949119e-01,2.508329044633558214e-01,3.609936300721350855e-01,3.556310592265389814e-01,2.914004059279712844e-01,0.000000000000000000e+00,0.000000000000000000e+00,0.000000000000000000e+00,0.000000000000000000e+00,0.000000000000000000e+00,0.000000000000000000e+00,0.000000000000000000e+00,0.000000000000000000e+00,2.783209931629114786e-01,0.000000000000000000e+00,0.000000000000000000e+00,0.000000000000000000e+00,3.777268503868579930e-01,3.618304407613512907e-01,0.000000000000000000e+00,0.000000000000000000e+00,3.671621994281826784e-01
4.085209245700521796e-01,4.020475382924865726e-01,0.000000000000000000e+00,0.000000000000000000e+00,0.000000000000000000e+00,4.120277487639333880e-01,4.152569715968305042e-01,4.104711629436001985e-01,4.124919460458693066e-01,0.000000000000000000e+00,0.000000000000000000e+00,0.000000000000000000e+00,4.226588143836749190e-01,0.000000000000000000e+00,4.273731392657890149e-01,4.181605034731781800e-01,0.000000000000000000e+00,4.055144789519241066e-01,0.000000000000000000e+00,4.363610372960844974e-01,3.995959374663701213e-01,4.347909070031202861e-01,4.371576069038328738e-01,0.000000000000000000e+00,3.820266218129775848e-01,4.382229638766784729e-01,4.458914930469963789e-01,4.401248507519163744e-01,4.344170722377729832e-01,4.389236593418044952e-01,4.339580146103850788e-01,4.349140314958693243e-01,3.971971354084313233e-01,4.396541418861826256e-01,4.581480634495230797e-01,4.598757170594002797e-01,0.000000000000000000e+00,0.000000000000000000e+00,4.016444468040611948e-01,3.417673472267326873e-01,3.890940909453318164e-01,4.212750130704496221e-01,4.584161574237808900e-01,4.217299489303448223e-01,0.000000000000000000e+00,3.955666345941151185e-01,3.916317645456695029e-01,0.000000000000000000e+00,0.000000000000000000e+00,3.978826968474264980e-01,3.848813689248484216e-01,4.236291512341642251e-01,3.726726205091834832e-01,3.838670787231989179e-01,0.000000000000000000e+00,0.000000000000000000e+00,0.000000000000000000e+00,4.166481823188352140e-01,0.000000000000000000e+00,3.116223772629244104e-01,3.742904157472503046e-01,3.662050657338887794e-01,3.779709860732097804e-01,0.000000000000000000e+00,0.000000000000000000e+00,3.639100714539498238e-01,3.604624123914209055e-01,3.239870127090647145e-01,4.002773816868346879e-01,3.697146407747818886e-01,4.061483952698675126e-01,3.753389936703077079e-01,3.618454413348686782e-01,3.335545622989097847e-01,3.474650455339329258e-01,3.612191399678115755e-01
3.718353169512623180e-01,4.209503724136821057e-01,0.000000000000000000e+00,0.000000000000000000e+00,0.000000000000000000e+00,4.026025766181935972e-01,0.000000000000000000e+00,4.452477440218011173e-01,0.000000000000000000e+00,0.000000000000000000e+00,0.000000000000000000e+00,0.000000000000000000e+00,4.153685581645935043e-01,0.000000000000000000e+00,4.577444357529752983e-01,4.302998858671914229e-01,0.000000000000000000e+00,4.137051343304846140e-01,0.000000000000000000e+00,4.269683243240516846e-01,4.126722849367736035e-01,4.693329133815772880e-01,4.300193330500940991e-01,3.461571547575372776e-01,3.961302355482039239e-01,4.780661890291464933e-01,4.320701527826439903e-01,4.451612770509772998e-01,4.233925399443922988e-01,0.000000000000000000e+00,4.364738720013369155e-01,4.457824074749747734e-01,4.169129173391097898e-01,4.423536603523228194e-01,4.966947963875544270e-01,4.110824423972220254e-01,0.000000000000000000e+00,0.000000000000000000e+00,3.945695771915854189e-01,3.173545354473998881e-01,3.981243732302838234e-01,4.337534248777307200e-01,4.525355128786394121e-01,0.000000000000000000e+00,0.000000000000000000e+00,3.943395401578030923e-01,3.815747853872125117e-01,3.722823748898054230e-01,0.000000000000000000e+00,0.000000000000000000e+00,3.732271997492552229e-01,4.118722848556318761e-01,4.013939355093202876e-01,3.694495217377333773e-01,0.000000000000000000e+00,0.000000000000000000e+00,0.000000000000000000e+00,4.007669690719742883e-01,0.000000000000000000e+00,3.806706351788797793e-01,3.862611326914872079e-01,3.848058223534341904e-01,3.712908647164455123e-01,0.000000000000000000e+00,3.639100714539498238e-01,0.000000000000000000e+00,3.932587082421090119e-01,3.584822834405300140e-01,3.598440720612928745e-01,3.743461806507585865e-01,3.873001040235173886e-01,3.911120487088768916e-01,3.837685281956795258e-01,3.546933250606890131e-01,3.737032376607454243e-01,3.806762151658635851e-01
4.306616084150042822e-01,4.144118105202072022e-01,4.175272894998289797e-01,0.000000000000000000e+00,3.928923885407575867e-01,4.042788946126554261e-01,4.031549227656671119e-01,4.731329804632576908e-01,3.978354949142102193e-01,3.043254502705547981e-01,0.000000000000000000e+00,0.000000000000000000e+00,4.182856543330880084e-01,0.000000000000000000e+00,4.694746187422467743e-01,4.241115090467207915e-01,3.685756996495800908e-01,3.974990415467964944e-01,0.000000000000000000e+00,4.335968941915661068e-01,4.494169475371301847e-01,4.606420913006377127e-01,4.475131888860466867e-01,4.356224579606948200e-01,3.834248895221081255e-01,4.602614261173698096e-01,4.318234878831621049e-01,4.284299474495277815e-01,4.231410497763070100e-01,0.000000000000000000e+00,4.387319708901025184e-01,4.495932937677207808e-01,4.170387972222898143e-01,4.422928665315201124e-01,4.748473760748119776e-01,4.984117604285531744e-01,0.000000000000000000e+00,0.000000000000000000e+00,4.217696056544759098e-01,3.467284092712483723e-01,4.002910993643238879e-01,4.465811891661530808e-01,4.844347620017159239e-01,4.484537550283784202e-01,0.000000000000000000e+00,3.777081510887536075e-01,4.028700308185064194e-01,3.982111773874321137e-01,0.000000000000000000e+00,4.134143692514610224e-01,4.044791334426681151e-01,4.395951911910839782e-01,4.096808411729551125e-01,3.972305815327101808e-01,3.663119636282203273e-01,0.000000000000000000e+00,0.000000000000000000e+00,4.366431888041356069e-01,0.000000000000000000e+00,3.260247587522110968e-01,3.632223975735623944e-01,3.585661703502158182e-01,3.847825075601081224e-01,0.000000000000000000e+00,3.604624123914209055e-01,3.932587082421090119e-01,0.000000000000000000e+00,4.071519306670878247e-01,4.098352976171271145e-01,4.041546197021808062e-01,3.952193286256984184e-01,4.197796063755864227e-01,3.836185035266542198e-01,3.825339662252484896e-01,3.523285224210049860e-01,3.728034815016905146e-01
4.188593734078113195e-01,4.333841461447909826e-01,5.073172272804750138e-01,0.000000000000000000e+00,4.862252120326839844e-01,4.794356049190260927e-01,4.639457021399782111e-01,4.557648578593845867e-01,5.000684414352078999e-01,4.594144417684907222e-01,4.613781350914846757e-01,0.000000000000000000e+00,4.710699658956525870e-01,4.345006016011861982e-01,4.416334343920287897e-01,4.363958186774036241e-01,0.000000000000000000e+00,4.183534916793822944e-01,4.851329146188245178e-01,4.554020683575348838e-01,4.104626937224796768e-01,4.491279539042666857e-01,4.800396008932193981e-01,0.000000000000000000e+00,4.162690889147289131e-01,4.595261771563273756e-01,4.843806555171638051e-01,4.676116046765040890e-01,4.611489808325343054e-01,4.779876079084791063e-01,4.600852968321721970e-01,4.560801043026401214e-01,4.171000634711065080e-01,4.649864045917401212e-01,4.835576631554672211e-01,4.621944517527120100e-01,4.654687883643328083e-01,0.000000000000000000e+00,3.714787494613734919e-01,3.716413636917429986e-01,3.910898801838795791e-01,4.073041446756930917e-01,3.592052558135261919e-01,4.007981156895891739e-01,3.760884469789714246e-01,4.171276227345849241e-01,4.108671538073245810e-01,3.021197535386899724e-01,3.275531056737743252e-01,3.377678005547892770e-01,3.617222553284695219e-01,3.922038917681703873e-01,3.317661919996230946e-01,3.768462695952277119e-01,3.925772041228072218e-01,2.855028524615689789e-01,3.864707593819430853e-01,3.857060673392216921e-01,3.086608630797206265e-01,3.311585242059604806e-01,3.982203561813664749e-01,3.894548859537889096e-01,3.895989423629552806e-01,2.783209931629114786e-01,3.239870127090647145e-01,3.584822834405300140e-01,4.071519306670878247e-01,0.000000000000000000e+00,4.104708134623961113e-01,3.972819295803721729e-01,4.266012027076930835e-01,3.198099125836281753e-01,3.825071311384479200e-01,3.619746272618196148e-01,3.768813087416600927e-01,3.838838073952853813e-01
2.425224228361075041e-01,3.855777399856408771e-01,0.000000000000000000e+00,0.000000000000000000e+00,0.000000000000000000e+00,0.000000000000000000e+00,0.000000000000000000e+00,0.000000000000000000e+00,0.000000000000000000e+00,3.929503815347816786e-01,0.000000000000000000e+00,3.828104655018635949e-01,0.000000000000000000e+00,0.000000000000000000e+00,0.000000000000000000e+00,3.638185047246944026e-01,4.142413005796024006e-01,3.964200501512044061e-01,0.000000000000000000e+00,0.000000000000000000e+00,3.211415403543322888e-01,0.000000000000000000e+00,0.000000000000000000e+00,3.073283773090755844e-01,3.938713370881530840e-01,3.970194936896604965e-01,0.000000000000000000e+00,0.000000000000000000e+00,0.000000000000000000e+00,0.000000000000000000e+00,3.974040374597833103e-01,4.256979068387278797e-01,3.892442397507713814e-01,3.780975336033591816e-01,0.000000000000000000e+00,0.000000000000000000e+00,0.000000000000000000e+00,3.631574766806182075e-01,3.750951381598779943e-01,2.689250739885684083e-01,2.930044854694611733e-01,3.642329321264178854e-01,3.934404415493122920e-01,0.000000000000000000e+00,2.763505608477154207e-01,3.146824510544108944e-01,0.000000000000000000e+00,0.000000000000000000e+00,0.000000000000000000e+00,0.000000000000000000e+00,0.000000000000000000e+00,0.000000000000000000e+00,4.249440249707083228e-01,4.085240260410720747e-01,3.291615480828942730e-01,0.000000000000000000e+00,3.018660250694769065e-01,3.898373826796805997e-01,0.000000000000000000e+00,3.913179737790066781e-01,3.506222826761898892e-01,3.566686846763308938e-01,3.340198771683660084e-01,0.000000000000000000e+00,4.002773816868346879e-01,3.598440720612928745e-01,4.098352976171271145e-01,4.104708134623961113e-01,0.000000000000000000e+00,3.369494363654432223e-01,3.171224192826632149e-01,4.136136303356497956e-01,3.896152714579648180e-01,3.984048625798267129e-01,0.000000000000000000e+00,3.414824200327202242e-01
3.873175499788650833e-01,3.960026510471386096e-01,0.000000000000000000e+00,0.000000000000000000e+00,0.000000000000000000e+00,3.658930774961791088e-01,0.000000000000000000e+00,0.000000000000000000e+00,0.000000000000000000e+00,4.291319348350499108e-01,0.000000000000000000e+00,4.321471469772941165e-01,0.000000000000000000e+00,0.000000000000000000e+00,4.142672923997698931e-01,4.031978964842116153e-01,4.199932192664961872e-01,3.966746904933061146e-01,0.000000000000000000e+00,3.983591941732492203e-01,4.083949461818915938e-01,4.055252845443860221e-01,4.114291598093895996e-01,4.084473376544208167e-01,3.982398568250741788e-01,4.145064753884972197e-01,3.943858906973928269e-01,0.000000000000000000e+00,4.030446577853402101e-01,0.000000000000000000e+00,3.982301713683388811e-01,4.294855439839002087e-01,3.856737599227637037e-01,3.959589697355356819e-01,4.296889655481659909e-01,0.000000000000000000e+00,0.000000000000000000e+00,3.976494715706986871e-01,3.896100343341996064e-01,2.823898415934896211e-01,3.216448024704687825e-01,3.881392836590036866e-01,4.317254780189446750e-01,4.830732047557830811e-01,3.108437954727191754e-01,3.463560500225564276e-01,3.777925524403485946e-01,0.000000000000000000e+00,0.000000000000000000e+00,0.000000000000000000e+00,3.699678722349902249e-01,4.017299141195265766e-01,4.097268074804448768e-01,3.619135056406568851e-01,2.923769468864014787e-01,0.000000000000000000e+00,3.026093356258983125e-01,3.939409536940727818e-01,0.000000000000000000e+00,3.874738254105729029e-01,3.454380221888797009e-01,3.067606464322223947e-01,3.424648769058759035e-01,0.000000000000000000e+00,3.697146407747818886e-01,3.743461806507585865e-01,4.041546197021808062e-01,3.972819295803721729e-01,3.369494363654432223e-01,0.000000000000000000e+00,3.463616847016853795e-01,3.855951482884367731e-01,3.689207171014233788e-01,3.748947044600414169e-01,0.000000000000000000e+00,3.323793247362126779e-01
4.170777047859332010e-01,4.287551511113131819e-01,4.026630889323477014e-01,0.000000000000000000e+00,0.000000000000000000e+00,4.181759559886156774e-01,4.162007171896037194e-01,4.976606886436115151e-01,4.039819744197216123e-01,4.369145132009515931e-01,0.000000000000000000e+00,4.311658181279298119e-01,4.243332034393940133e-01,0.000000000000000000e+00,4.906907140630081821e-01,4.238860124349819736e-01,4.394007911174840908e-01,4.137516153992942258e-01,0.000000000000000000e+00,4.477612267086917841e-01,4.754755559990240243e-01,4.694326534633008197e-01,4.638787148141990113e-01,4.156735556817803823e-01,4.152861086368114241e-01,4.487973261495977195e-01,4.439816667533755812e-01,4.441680836486677220e-01,4.357970375807462271e-01,0.000000000000000000e+00,4.207535113304360919e-01,4.515319482030217269e-01,4.119516778049173156e-01,4.241171581792845813e-01,4.683356206254282728e-01,4.371594601635672150e-01,0.000000000000000000e+00,4.057790825511193855e-01,4.106997011219146176e-01,3.191761914312902793e-01,3.518906082840930205e-01,4.170485428747088830e-01,4.682766899006388095e-01,4.517637360640953115e-01,3.226325215624801790e-01,3.679595938872661232e-01,3.769895021244307198e-01,3.973088921044344857e-01,0.000000000000000000e+00,0.000000000000000000e+00,3.861052275657043120e-01,3.990305586130399873e-01,4.337143890019682924e-01,3.849584878706370228e-01,2.844839469758844164e-01,0.000000000000000000e+00,2.744260027964671167e-01,3.872521527544193209e-01,0.000000000000000000e+00,3.667359280579169933e-01,3.900502119052707273e-01,3.502375235367977124e-01,3.627703199497296915e-01,0.000000000000000000e+00,4.061483952698675126e-01,3.873001040235173886e-01,3.952193286256984184e-01,4.266012027076930835e-01,3.171224192826632149e-01,3.463616847016853795e-01,0.000000000000000000e+00,4.323295791803514199e-01,3.658226196498535754e-01,3.810004004885723106e-01,4.251337349414824884e-01,3.580151029496420056e-01
4.401317915676747905e-01,4.314860321618820271e-01,5.012009619514582459e-01,0.000000000000000000e+00,4.804320441313770784e-01,4.779070061834589933e-01,4.607097601453031821e-01,4.700698186868711992e-01,4.997186568178633159e-01,4.604621738534244724e-01,4.692728184012229242e-01,0.000000000000000000e+00,4.689099879816213123e-01,4.417273112813285274e-01,4.476294396245493745e-01,4.433531104759996788e-01,0.000000000000000000e+00,4.606570608134091804e-01,4.817270405481881013e-01,4.619730844590090868e-01,4.408692617717530071e-01,4.489548941282999750e-01,4.874920554981103105e-01,0.000000000000000000e+00,4.083042193689250254e-01,4.567577078475841823e-01,4.879223133963669912e-01,4.694800083830740767e-01,4.700369682165077001e-01,4.748563701560504224e-01,4.743984317687882091e-01,4.682561394827290946e-01,4.247079134313547222e-01,4.709336333293628885e-01,4.844339718429154229e-01,4.616769083619988723e-01,4.632282176709299204e-01,0.000000000000000000e+00,3.872019476225475043e-01,3.733657496842944234e-01,4.033859919017622198e-01,4.184107045105802114e-01,4.020536025809259839e-01,4.091326390468771890e-01,3.845970544315198136e-01,4.117479971676977213e-01,4.097052396288021758e-01,3.288236581510236012e-01,0.000000000000000000e+00,3.822248070748678894e-01,3.739971720794750820e-01,4.057812547508707901e-01,3.986835651435883809e-01,3.884291483405590828e-01,4.008776220036208149e-01,3.775694693120681955e-01,3.982660514759359116e-01,4.025634548074357166e-01,3.692434914443334937e-01,3.512970521961842896e-01,4.078913519231466833e-01,3.888822409510849787e-01,4.003969086278849066e-01,3.777268503868579930e-01,3.753389936703077079e-01,3.911120487088768916e-01,4.197796063755864227e-01,3.198099125836281753e-01,4.136136303356497956e-01,3.855951482884367731e-01,4.323295791803514199e-01,0.000000000000000000e+00,3.924342076182871231e-01,3.752283486633398724e-01,3.866097296070419853e-01,3.944670519629598915e-01
0.000000000000000000e+00,4.095016211008430940e-01,4.792563204724580861e-01,0.000000000000000000e+00,4.609290796874642160e-01,4.582057283588432117e-01,4.499711440267560869e-01,4.380082634445683909e-01,4.695042106066680820e-01,4.172984440710946763e-01,4.407392319430469274e-01,4.272276781670640844e-01,4.576665927606307083e-01,0.000000000000000000e+00,4.293517002585989784e-01,4.398217710206340225e-01,0.000000000000000000e+00,3.803768045465145131e-01,4.583872901032994274e-01,4.532292010576762231e-01,4.147104405252136083e-01,4.331040164384032942e-01,4.659900906200574733e-01,0.000000000000000000e+00,3.721429425881018216e-01,4.205152554804402754e-01,4.684781344685560733e-01,4.617348328764884768e-01,4.586599429744528944e-01,4.689382976439718242e-01,4.585034475415087907e-01,4.545587464092771257e-01,4.140158790058600102e-01,4.676689054931679745e-01,4.725073137198559925e-01,4.500738944207728909e-01,4.702156962227893033e-01,4.078186010902786207e-01,3.512219944641469249e-01,3.432206578578880229e-01,3.298957216886566068e-01,3.323285219530036083e-01,2.923065237497101121e-01,3.794090335039748130e-01,3.511994572477499799e-01,3.855663852128760061e-01,3.931616438618010245e-01,3.935344580787332736e-01,2.145714720916777063e-01,2.925830374705715164e-01,3.759640547375249775e-01,3.099973369999924899e-01,3.946376204550128830e-01,3.965139000908691758e-01,3.925428220145725233e-01,3.444965298666384790e-01,3.796245784742363072e-01,3.104288822732660935e-01,2.662706812356945840e-01,3.744892474879005229e-01,3.829739036682877074e-01,3.696700510350823254e-01,3.729101713516974059e-01,3.618304407613512907e-01,3.618454413348686782e-01,3.837685281956795258e-01,3.836185035266542198e-01,3.825071311384479200e-01,3.896152714579648180e-01,3.689207171014233788e-01,3.658226196498535754e-01,3.924342076182871231e-01,0.000000000000000000e+00,3.413938025426210277e-01,2.987292723708295794e-01,3.425561058835536188e-01
3.774825217738170258e-01,4.001662261775417728e-01,4.542009938258838031e-01,0.000000000000000000e+00,4.302579634861902758e-01,4.473217028035256781e-01,4.355958328076358077e-01,4.324549345971779868e-01,4.335439415882210157e-01,0.000000000000000000e+00,0.000000000000000000e+00,0.000000000000000000e+00,4.508614378482975193e-01,0.000000000000000000e+00,4.279398267885942131e-01,4.249241492527097153e-01,3.830884825943727812e-01,3.926105887937476058e-01,0.000000000000000000e+00,4.479403039514516238e-01,4.082452345566314755e-01,4.327731109386492858e-01,4.620064172929762014e-01,0.000000000000000000e+00,3.814963089391630868e-01,4.160146029861231942e-01,4.696855645499187215e-01,4.577639123663381215e-01,4.542505499077448272e-01,4.681878777080293874e-01,4.455543067476498975e-01,4.532866052281053770e-01,3.964687957849316047e-01,4.509707935274011037e-01,4.657743257818556804e-01,4.509888142828373248e-01,4.562838293742115248e-01,0.000000000000000000e+00,3.586346546910806898e-01,3.384258739353129264e-01,3.696310065986255222e-01,3.941646083288545266e-01,4.131125776035787234e-01,4.237923284709270155e-01,0.000000000000000000e+00,3.815588580623334169e-01,3.915803283749981212e-01,3.440864362126925813e-01,0.000000000000000000e+00,3.978273495483907185e-01,3.367606306674542083e-01,4.273775086606678153e-01,3.701473459932840826e-01,3.701106163669461990e-01,3.556989577562856830e-01,0.000000000000000000e+00,0.000000000000000000e+00,4.048273938055846899e-01,0.000000000000000000e+00,3.646937599665733276e-01,3.934820892542472137e-01,3.691104124569041800e-01,3.853697203163615748e-01,0.000000000000000000e+00,3.335545622989097847e-01,3.546933250606890131e-01,3.825339662252484896e-01,3.619746272618196148e-01,3.984048625798267129e-01,3.748947044600414169e-01,3.810004004885723106e-01,3.752283486633398724e-01,3.413938025426210277e-01,0.000000000000000000e+00,3.554857899092581097e-01,3.485946940555352813e-01
0.000000000000000000e+00,0.000000000000000000e+00,0.000000000000000000e+00,0.000000000000000000e+00,0.000000000000000000e+00,4.567312337389655141e-01,4.542919742567392838e-01,4.448623684445580095e-01,4.358555595588727849e-01,0.000000000000000000e+00,0.000000000000000000e+00,0.000000000000000000e+00,4.590500209777285123e-01,0.000000000000000000e+00,4.275549219275828206e-01,0.000000000000000000e+00,0.000000000000000000e+00,0.000000000000000000e+00,0.000000000000000000e+00,4.536748261788219883e-01,0.000000000000000000e+00,4.339145070503572232e-01,4.749467382606252785e-01,0.000000000000000000e+00,0.000000000000000000e+00,0.000000000000000000e+00,4.797918918256374732e-01,4.564642437608806835e-01,4.578993522446193065e-01,0.000000000000000000e+00,4.702231399770557818e-01,4.589197547575442071e-01,0.000000000000000000e+00,4.724443837036190197e-01,0.000000000000000000e+00,4.518192134693357898e-01,0.000000000000000000e+00,0.000000000000000000e+00,3.930725402591191964e-01,0.000000000000000000e+00,3.794981973577600809e-01,4.243921974857752799e-01,4.092841290553873024e-01,0.000000000000000000e+00,0.000000000000000000e+00,0.000000000000000000e+00,0.000000000000000000e+00,4.034340118358659133e-01,0.000000000000000000e+00,0.000000000000000000e+00,3.925055122211152936e-01,4.153543528361817172e-01,3.917834178735066786e-01,4.129592612112389927e-01,0.000000000000000000e+00,0.000000000000000000e+00,0.000000000000000000e+00,3.796129981663878272e-01,0.000000000000000000e+00,3.701736390492449957e-01,3.581457161960251989e-01,0.000000000000000000e+00,3.473998253143146253e-01,0.000000000000000000e+00,3.474650455339329258e-01,3.737032376607454243e-01,3.523285224210049860e-01,3.768813087416600927e-01,0.000000000000000000e+00,0.000000000000000000e+00,4.251337349414824884e-01,3.866097296070419853e-01,2.987292723708295794e-01,3.554857899092581097e-01,0.000000000000000000e+00,3.509663164883484177e-01
3.808478070469852872e-01,3.901907748517920993e-01,4.825135336967821820e-01,0.000000000000000000e+00,4.555588810983419168e-01,4.655535953667873095e-01,4.489363739854720925e-01,4.486125892826183792e-01,4.831525838891885805e-01,4.172947516852851813e-01,4.619639553558648193e-01,4.211187767627290746e-01,4.638040037921993264e-01,0.000000000000000000e+00,4.454534256764542954e-01,3.992683354957355935e-01,4.088265320047507201e-01,3.922995835387503849e-01,4.819058437371523951e-01,4.489352245668911112e-01,4.203435543861422929e-01,4.407109821861130983e-01,4.686469616415218087e-01,4.033767352820444851e-01,3.916755835791713158e-01,4.223082212518602940e-01,4.729470529504846144e-01,4.601118097453065769e-01,4.585652951930884180e-01,4.799924350082228064e-01,4.237139433065568728e-01,4.468490222197443185e-01,3.912714806228835829e-01,4.228436002261209969e-01,4.558113148320432906e-01,4.577275598834540937e-01,0.000000000000000000e+00,4.120628188411535886e-01,3.834087922399359027e-01,3.111404435266933999e-01,3.094942762251007840e-01,3.423021467541457197e-01,3.498069951380741172e-01,3.541790404294182237e-01,3.517202674950620778e-01,3.372856770989884900e-01,3.586673512745252035e-01,3.979997571313502736e-01,0.000000000000000000e+00,3.679718536990866928e-01,4.030752727387861833e-01,3.817618921989049952e-01,4.030306943906469264e-01,4.083991195675815145e-01,3.397835377068337825e-01,3.515672158182461260e-01,3.577771978122564200e-01,3.540888103731049119e-01,3.291069563674230980e-01,3.989117693879997151e-01,3.637554152088702253e-01,3.352264023693662942e-01,3.558385989741292277e-01,3.671621994281826784e-01,3.612191399678115755e-01,3.806762151658635851e-01,3.728034815016905146e-01,3.838838073952853813e-01,3.414824200327202242e-01,3.323793247362126779e-01,3.580151029496420056e-01,3.944670519629598915e-01,3.425561058835536188e-01,3.485946940555352813e-01,3.509663164883484177e-01,0.000000000000000000e+00
