0.000000000000000000e+00,4.559431813384944854e-01,0.000000000000000000e+00,0.000000000000000000e+00,0.000000000000000000e+00,5.066409155172832968e-01,5.383549068907717006e-01,5.823228721849312839e-01,4.895384474838552213e-01,4.370062471592540132e-01,5.409507487567636330e-01,4.202875278006447113e-01,5.314865949108937837e-01,0.000000000000000000e+00,4.041591199970221981e-01,4.454406245861242120e-01,4.390558711788818957e-01,4.202193598842819955e-01,0.000000000000000000e+00,4.881976438936416751e-01,5.001185095622560084e-01,4.718153310622607011e-01,5.106508975958159446e-01,3.758398209827907843e-01,4.146948225371527852e-01,3.882391937270376903e-01,5.129090965700413562e-01,5.453601545692652319e-01,5.403280669516317136e-01,5.370943305042751303e-01,4.102430723899713749e-01,4.792641059012012206e-01,3.747474429580914257e-01,4.236751119203394089e-01,4.703074982479040211e-01,0.000000000000000000e+00,0.000000000000000000e+00,4.370196208770801838e-01,5.141622427440881715e-01,4.987154455989655233e-01,4.912249894422808238e-01,5.241885915082591385e-01,0.000000000000000000e+00,0.000000000000000000e+00,0.000000000000000000e+00,4.636097390753747827e-01,5.404722638456233019e-01,0.000000000000000000e+00,0.000000000000000000e+00,0.000000000000000000e+00,4.585250538413893073e-01,0.000000000000000000e+00,0.000000000000000000e+00,0.000000000000000000e+00,0.000000000000000000e+00,0.000000000000000000e+00,0.000000000000000000e+00,0.000000000000000000e+00,0.000000000000000000e+00,4.970633660895307782e-01,5.063553756217189505e-01,0.000000000000000000e+00,4.868523688123301274e-01,0.000000000000000000e+00,0.000000000000000000e+00,4.136078482880675145e-01,5.160075182500331037e-01,5.143811758900463937e-01,0.000000000000000000e+00,4.956174869946102235e-01,5.197936803750955459e-01,0.000000000000000000e+00,0.000000000000000000e+00,0.000000000000000000e+00,0.000000000000000000e+00,4.774699380603220078e-01
4.559431813384944854e-01,0.000000000000000000e+00,4.526927662645596206e-01,0.000000000000000000e+00,4.434416476571622079e-01,4.492924293198162777e-01,4.593840979592314078e-01,5.444808596719677984e-01,4.313858693757509077e-01,4.049502402194216089e-01,0.000000000000000000e+00,0.000000000000000000e+00,4.721732765351658867e-01,0.000000000000000000e+00,4.822846939362867014e-01,4.459377795793316723e-01,4.403499677312768257e-01,4.382784192636213216e-01,0.000000000000000000e+00,4.651480558870186854e-01,4.818880658606904954e-01,4.395408224686854770e-01,4.828396246375432077e-01,4.089418876284536819e-01,4.050805489286337102e-01,4.211345988988053901e-01,4.689222086713751847e-01,4.874545748931494726e-01,4.702493443354245906e-01,0.000000000000000000e+00,4.284025171412660926e-01,4.883852714662572092e-01,4.294949891894969118e-01,4.343234329370397884e-01,5.028343453745721670e-01,0.000000000000000000e+00,0.000000000000000000e+00,0.000000000000000000e+00,5.263692255734089276e-01,5.085327736919746933e-01,5.081941331962357422e-01,5.351070325037629027e-01,0.000000000000000000e+00,0.000000000000000000e+00,0.000000000000000000e+00,5.173324763075267674e-01,5.382052314599731213e-01,0.000000000000000000e+00,0.000000000000000000e+00,0.000000000000000000e+00,4.958159115662881256e-01,4.650122565726632073e-01,5.360049533395911947e-01,4.711117791575832880e-01,0.000000000000000000e+00,0.000000000000000000e+00,0.000000000000000000e+00,4.925147069019212842e-01,0.000000000000000000e+00,5.507739102860886860e-01,5.140719311550195902e-01,0.000000000000000000e+00,4.944670677632374001e-01,0.000000000000000000e+00,5.049092020033186801e-01,5.354986601678016767e-01,5.234944153731827532e-01,5.179061726168567859e-01,0.000000000000000000e+00,5.138872865470688334e-01,5.498008907124973810e-01,5.140013879800128249e-01,4.772674177535766726e-01,5.060653596007339550e-01,0.000000000000000000e+00,4.891942569239792760e-01
0.000000000000000000e+00,4.526927662645596206e-01,0.000000000000000000e+00,4.693212136080889274e-01,4.191960666746877839e-01,3.948142272173770229e-01,4.755714483806651738e-01,4.938747898556012927e-01,3.434515372776119069e-01,5.174092532954743806e-01,3.732394451676441793e-01,5.019549221584505005e-01,4.951705042924028910e-01,4.500649594745195770e-01,0.000000000000000000e+00,5.068738754591348705e-01,5.171987038204118869e-01,5.043158544889305706e-01,2.751966898324478827e-01,4.622783031446365265e-01,4.678102911479509185e-01,4.793657322946671129e-01,3.548114688509186876e-01,0.000000000000000000e+00,4.706163807431171242e-01,4.847884283682726836e-01,3.415615665709886839e-01,5.052366444648596078e-01,4.427472234336944923e-01,5.109382300975351399e-01,5.103313269519506035e-01,4.824766036741979791e-01,4.569633987617416904e-01,5.097794450502375341e-01,5.037323766173392725e-01,4.600607511582243125e-01,5.028219405487723837e-01,4.602499909210435169e-01,5.284322514608381649e-01,4.509772152444394000e-01,5.445318304377974039e-01,5.589332130456149406e-01,5.294646317717776052e-01,0.000000000000000000e+00,0.000000000000000000e+00,0.000000000000000000e+00,0.000000000000000000e+00,4.196444979841206235e-01,0.000000000000000000e+00,5.974086570772328963e-01,5.871626666849585341e-01,5.917851174563499850e-01,5.594002793754758729e-01,5.989229340474141461e-01,0.000000000000000000e+00,4.284456142352998098e-01,0.000000000000000000e+00,5.835566359819049920e-01,5.388373544173411522e-01,5.269691289762009623e-01,0.000000000000000000e+00,0.000000000000000000e+00,0.000000000000000000e+00,3.779995964386569929e-01,0.000000000000000000e+00,0.000000000000000000e+00,0.000000000000000000e+00,5.825070738510265134e-01,0.000000000000000000e+00,0.000000000000000000e+00,0.000000000000000000e+00,5.512499845122748043e-01,5.730141504439709710e-01,5.458318899888651154e-01,5.550357623192307965e-01,5.780473344483437748e-01
0.000000000000000000e+00,0.000000000000000000e+00,4.693212136080889274e-01,0.000000000000000000e+00,3.197261233658936774e-01,0.000000000000000000e+00,3.190601067510657196e-01,4.343436393452457245e-01,4.582439970629398895e-01,0.000000000000000000e+00,4.129730803195709732e-01,0.000000000000000000e+00,3.627960186903291251e-01,3.816608793346074058e-01,0.000000000000000000e+00,0.000000000000000000e+00,0.000000000000000000e+00,0.000000000000000000e+00,4.381269905451439239e-01,0.000000000000000000e+00,0.000000000000000000e+00,0.000000000000000000e+00,4.168853714960675805e-01,0.000000000000000000e+00,0.000000000000000000e+00,0.000000000000000000e+00,0.000000000000000000e+00,3.537397994195620177e-01,0.000000000000000000e+00,0.000000000000000000e+00,0.000000000000000000e+00,3.190785536215172136e-01,0.000000000000000000e+00,3.808215193644527985e-01,3.633128566724173059e-01,2.838507223683968128e-01,1.748382793240534083e-01,0.000000000000000000e+00,0.000000000000000000e+00,0.000000000000000000e+00,0.000000000000000000e+00,0.000000000000000000e+00,0.000000000000000000e+00,0.000000000000000000e+00,0.000000000000000000e+00,0.000000000000000000e+00,0.000000000000000000e+00,0.000000000000000000e+00,0.000000000000000000e+00,0.000000000000000000e+00,0.000000000000000000e+00,0.000000000000000000e+00,0.000000000000000000e+00,0.000000000000000000e+00,0.000000000000000000e+00,0.000000000000000000e+00,0.000000000000000000e+00,0.000000000000000000e+00,0.000000000000000000e+00,0.000000000000000000e+00,0.000000000000000000e+00,0.000000000000000000e+00,0.000000000000000000e+00,0.000000000000000000e+00,0.000000000000000000e+00,0.000000000000000000e+00,0.000000000000000000e+00,0.000000000000000000e+00,0.000000000000000000e+00,0.000000000000000000e+00,0.000000000000000000e+00,0.000000000000000000e+00,0.000000000000000000e+00,0.000000000000000000e+00,0.000000000000000000e+00,0.000000000000000000e+00
0.000000000000000000e+00,4.434416476571622079e-01,4.191960666746877839e-01,3.197261233658936774e-01,0.000000000000000000e+00,3.696770473619608866e-01,3.444488565289495763e-01,4.373741245144764922e-01,3.192544384509761746e-01,5.166841953647329788e-01,3.500481828944995155e-01,4.973953222802727780e-01,4.443008115884896081e-01,3.330324746206769215e-01,0.000000000000000000e+00,4.846229779098257251e-01,5.046238533169737916e-01,4.898077724121621124e-01,3.967325911157921770e-01,4.535167310842299071e-01,4.915013313293457031e-01,4.770161502368450157e-01,4.268502608807822063e-01,4.955510150675315750e-01,4.655831008744031885e-01,4.698059260141275728e-01,4.093120909976120103e-01,4.415609957465105873e-01,4.313288905869959167e-01,0.000000000000000000e+00,5.211106854423906976e-01,4.300596835347654801e-01,4.555225352203233213e-01,4.894560894094081016e-01,4.755796018855166229e-01,3.175360022819536110e-01,2.524579963110811232e-01,4.651507105647331164e-01,5.017741892872007448e-01,0.000000000000000000e+00,5.546779123081970742e-01,5.553860632099543171e-01,4.885699607790787158e-01,0.000000000000000000e+00,0.000000000000000000e+00,0.000000000000000000e+00,0.000000000000000000e+00,5.732316223228421936e-01,0.000000000000000000e+00,5.716311355560242946e-01,5.626553008902659414e-01,5.643387464797163799e-01,5.209391652419935737e-01,5.725041050350444527e-01,0.000000000000000000e+00,5.018856763613509520e-01,0.000000000000000000e+00,5.621536001773201896e-01,4.954543893565903079e-01,0.000000000000000000e+00,0.000000000000000000e+00,0.000000000000000000e+00,0.000000000000000000e+00,5.447454286025136261e-01,5.181877377684963593e-01,0.000000000000000000e+00,0.000000000000000000e+00,5.573860980996920844e-01,0.000000000000000000e+00,0.000000000000000000e+00,4.991846753573015993e-01,5.574980244148933783e-01,5.588368707316663242e-01,5.381578331921089697e-01,0.000000000000000000e+00,5.562696025864077853e-01
5.066409155172832968e-01,4.492924293198162777e-01,3.948142272173770229e-01,0.000000000000000000e+00,3.696770473619608866e-01,0.000000000000000000e+00,4.022203787120494090e-01,4.431616722421397037e-01,3.060145754520453010e-01,5.210356764612352753e-01,3.630783474882097739e-01,4.930879820858212748e-01,3.686332490063425893e-01,4.227914299282193866e-01,4.529145448579625088e-01,4.877175825521740116e-01,4.771089842280780147e-01,4.868247756581037256e-01,3.720721943690837863e-01,4.484909652551021253e-01,4.514461014124975802e-01,4.678627511378167791e-01,4.124010425744564778e-01,5.267991738039686789e-01,4.549407354196652875e-01,4.620787343020478777e-01,3.645188076790347731e-01,4.023235207381868905e-01,3.377291375833840759e-01,4.573286160384066878e-01,4.599434957011426794e-01,4.501742480399754109e-01,4.292209239163732870e-01,4.698022140186197126e-01,4.762533696333193234e-01,4.639021856987950998e-01,4.798983834178979224e-01,4.617798226256594751e-01,5.185866940831286298e-01,0.000000000000000000e+00,5.430305511394373230e-01,5.460981244438122273e-01,5.415244735841268087e-01,0.000000000000000000e+00,0.000000000000000000e+00,4.577484314207774241e-01,4.934538768663465080e-01,5.901890250867108945e-01,0.000000000000000000e+00,5.737315530874755876e-01,5.571979646764730898e-01,5.674709799112804820e-01,4.994564905550665790e-01,5.814768053861598673e-01,5.312583988957457759e-01,5.352550822097069672e-01,0.000000000000000000e+00,5.553740004676882558e-01,0.000000000000000000e+00,5.145686528544465288e-01,4.807173800009539866e-01,0.000000000000000000e+00,0.000000000000000000e+00,5.846313019568079028e-01,5.078076951985747156e-01,4.774741081594556791e-01,4.995732722762977196e-01,5.446816608687830019e-01,0.000000000000000000e+00,4.845960828944161913e-01,5.083769407334063350e-01,5.398669289324541376e-01,5.489799446785303960e-01,5.331640471243944690e-01,5.445035884153043293e-01,5.502252261486985097e-01
5.383549068907717006e-01,4.593840979592314078e-01,4.755714483806651738e-01,3.190601067510657196e-01,3.444488565289495763e-01,4.022203787120494090e-01,0.000000000000000000e+00,4.665276539461896133e-01,3.845977804666623756e-01,4.751658949948135979e-01,4.481689526397625856e-01,4.426370204624430205e-01,3.616135511142657966e-01,3.480142232899829935e-01,0.000000000000000000e+00,5.033594137506381960e-01,4.802067851991904113e-01,5.043863506408762243e-01,4.667402297265291211e-01,4.807039296320161914e-01,4.831045592202640182e-01,4.921271081768817113e-01,4.628362065005218740e-01,4.663037462521826271e-01,4.764881214259589215e-01,4.573860470118581989e-01,4.525781935449330051e-01,4.172904359714558198e-01,4.423068307805880783e-01,4.413736119086371090e-01,4.712249884145777168e-01,4.333606723232811819e-01,4.298921946562562768e-01,4.251292079240002741e-01,3.966673625533543857e-01,3.703541500387774188e-01,3.748190398951958824e-01,4.026634744465272253e-01,5.350780001241211004e-01,0.000000000000000000e+00,5.566213721992264718e-01,5.675767789771386518e-01,5.386528086930872927e-01,0.000000000000000000e+00,0.000000000000000000e+00,0.000000000000000000e+00,4.872807831581135174e-01,5.828187441810459557e-01,0.000000000000000000e+00,5.808037451883978353e-01,5.640801399216003320e-01,5.644758354831651559e-01,5.263745108633722802e-01,5.819382577597400630e-01,0.000000000000000000e+00,5.016582899575068311e-01,0.000000000000000000e+00,5.662391386294262086e-01,0.000000000000000000e+00,0.000000000000000000e+00,5.492175477687161189e-01,0.000000000000000000e+00,0.000000000000000000e+00,5.620919385019595982e-01,5.229253851706653355e-01,5.140531924316958934e-01,5.021112761286256054e-01,5.564655876495357978e-01,0.000000000000000000e+00,0.000000000000000000e+00,5.013497634410689630e-01,5.501377258585689045e-01,5.586587509211131675e-01,5.471644118150633673e-01,5.545129427207819983e-01,5.611554279395193356e-01
5.823228721849312839e-01,5.444808596719677984e-01,4.938747898556012927e-01,4.343436393452457245e-01,4.373741245144764922e-01,4.431616722421397037e-01,4.665276539461896133e-01,0.000000000000000000e+00,5.004105446746378583e-01,5.367923860016478033e-01,4.104211500094249176e-01,5.511701569992010219e-01,4.971011785230927127e-01,3.720062526332740260e-01,5.185763402034628822e-01,5.319737145817164947e-01,5.475707712178528030e-01,5.295341210004325117e-01,4.993288167933019883e-01,4.519212248084659156e-01,4.366533690572064752e-01,5.198655218269775391e-01,3.603025592545384126e-01,5.773762445377107477e-01,5.473406044849049579e-01,5.464858363025545396e-01,4.559820427134255727e-01,4.895780238958437058e-01,4.335569075989111898e-01,4.641158355375609723e-01,4.860395469867417884e-01,4.533589301438105124e-01,5.032981419145052815e-01,4.983015485698479852e-01,5.100013106708369826e-01,3.350625007906727904e-01,3.322704551812091789e-01,0.000000000000000000e+00,5.007206827903578628e-01,0.000000000000000000e+00,5.108227359008752355e-01,5.565193427882986210e-01,4.847378645913784090e-01,0.000000000000000000e+00,0.000000000000000000e+00,0.000000000000000000e+00,0.000000000000000000e+00,5.704037878697907349e-01,0.000000000000000000e+00,5.676222616391637388e-01,5.240183707187554552e-01,5.363246412298986465e-01,4.526719009519978854e-01,5.772615754701985180e-01,0.000000000000000000e+00,4.961961191564397966e-01,0.000000000000000000e+00,5.131892972656874052e-01,5.053448374458279213e-01,4.971626903369473771e-01,0.000000000000000000e+00,0.000000000000000000e+00,0.000000000000000000e+00,5.586100014262468383e-01,5.218400303924927153e-01,5.059938071985333741e-01,5.148837367802929776e-01,5.170590315256179403e-01,0.000000000000000000e+00,5.706307673274346737e-01,5.178216374739790240e-01,5.233673935232865393e-01,5.195625865298983959e-01,5.055302371420404839e-01,5.174834841171945810e-01,5.255378345416372721e-01
4.895384474838552213e-01,4.313858693757509077e-01,3.434515372776119069e-01,4.582439970629398895e-01,3.192544384509761746e-01,3.060145754520453010e-01,3.845977804666623756e-01,5.004105446746378583e-01,0.000000000000000000e+00,5.151857421168617446e-01,2.991774620362119830e-01,4.957897532848820066e-01,3.894376201963460904e-01,4.498964680052089937e-01,0.000000000000000000e+00,4.702408863381126736e-01,5.032963045641528632e-01,4.842091101810169218e-01,2.938570202316829749e-01,4.355944016760716075e-01,4.319059747301439156e-01,4.499614676363454802e-01,4.235538481939506994e-01,4.998197006445621038e-01,4.610306714380015825e-01,4.658989374383009086e-01,3.717741755835022865e-01,4.960051107682056926e-01,4.194186829917119774e-01,4.961766943296960775e-01,5.078666727137202130e-01,4.695142193991038160e-01,4.564547389067745153e-01,4.985054002039194243e-01,4.893594272815188218e-01,4.622669213710823843e-01,4.894668354880135075e-01,4.773752406335489140e-01,5.045584229980658586e-01,4.310239578818952921e-01,5.470718489022643460e-01,5.592694042349292127e-01,5.280797842144447918e-01,0.000000000000000000e+00,0.000000000000000000e+00,0.000000000000000000e+00,4.873964315119803103e-01,5.925118718643901383e-01,0.000000000000000000e+00,5.884114872033138210e-01,5.764986368417409635e-01,5.811561415348283077e-01,5.501422338717758542e-01,5.919495536810759351e-01,5.559262049779285508e-01,5.403626328348049013e-01,0.000000000000000000e+00,5.743630321050831045e-01,5.381215044000456915e-01,0.000000000000000000e+00,0.000000000000000000e+00,0.000000000000000000e+00,0.000000000000000000e+00,5.842319400771860405e-01,5.017212441309601978e-01,0.000000000000000000e+00,4.924455751155107919e-01,5.757464945231773878e-01,0.000000000000000000e+00,0.000000000000000000e+00,4.842503549390098083e-01,5.704021392861913231e-01,5.665975330821300116e-01,5.390193387554679250e-01,5.579687071042345181e-01,5.662751277704527464e-01
4.370062471592540132e-01,4.049502402194216089e-01,5.174092532954743806e-01,0.000000000000000000e+00,5.166841953647329788e-01,5.210356764612352753e-01,4.751658949948135979e-01,5.367923860016478033e-01,5.151857421168617446e-01,0.000000000000000000e+00,5.210755756747089684e-01,3.172834655577542184e-01,4.573038734937289740e-01,4.433078116795052814e-01,0.000000000000000000e+00,3.983553116456656773e-01,3.563255985245036839e-01,3.789677421085332898e-01,5.212780644131339569e-01,4.233324841313261810e-01,5.122111193081223535e-01,4.121634622291330263e-01,4.985395302007735729e-01,3.383969421589722026e-01,3.482986824917427837e-01,3.739607267528441970e-01,4.998195805867601815e-01,4.465129658234370247e-01,4.799402904729104802e-01,0.000000000000000000e+00,3.606697382387081263e-01,4.036442575311364189e-01,3.458916767951922266e-01,3.761624964061425769e-01,3.681506820925695145e-01,4.045408551211562842e-01,3.522903497462847033e-01,3.205650790817927143e-01,3.456641367065851900e-01,4.718304658489068104e-01,4.399575360896941234e-01,4.872093228655626218e-01,0.000000000000000000e+00,0.000000000000000000e+00,3.727781703027386873e-01,4.385168969025600161e-01,0.000000000000000000e+00,0.000000000000000000e+00,0.000000000000000000e+00,0.000000000000000000e+00,5.593439010285125024e-01,0.000000000000000000e+00,0.000000000000000000e+00,0.000000000000000000e+00,4.802555783026026814e-01,0.000000000000000000e+00,4.623380886370340725e-01,5.552307367324829102e-01,0.000000000000000000e+00,0.000000000000000000e+00,4.728893381795700179e-01,4.940258350600993942e-01,4.862395646598829946e-01,0.000000000000000000e+00,0.000000000000000000e+00,0.000000000000000000e+00,0.000000000000000000e+00,5.580489815865473657e-01,4.327601445157330251e-01,4.874643858207309277e-01,4.884451868402078789e-01,5.496046196333104206e-01,0.000000000000000000e+00,5.344664950501121226e-01,0.000000000000000000e+00,4.783764888940811866e-01
5.409507487567636330e-01,0.000000000000000000e+00,3.732394451676441793e-01,4.129730803195709732e-01,3.500481828944995155e-01,3.630783474882097739e-01,4.481689526397625856e-01,4.104211500094249176e-01,2.991774620362119830e-01,5.210755756747089684e-01,0.000000000000000000e+00,4.878316291844900232e-01,4.991448159568894205e-01,3.148531424593892791e-01,0.000000000000000000e+00,0.000000000000000000e+00,5.100470665247451851e-01,4.948964535941051124e-01,2.561822825839931150e-01,0.000000000000000000e+00,4.577949541729294802e-01,0.000000000000000000e+00,3.661280638986640912e-01,5.084732982086404007e-01,4.989620889715319918e-01,4.982625386033793236e-01,3.961031290427355911e-01,4.997272984167757115e-01,0.000000000000000000e+00,0.000000000000000000e+00,5.160862404976531703e-01,3.992180882871321224e-01,4.399953292432441931e-01,4.958027858474013949e-01,4.818513670302734253e-01,3.076609127235491181e-01,2.941957143066111779e-01,4.182244865664386246e-01,4.408104234413967037e-01,0.000000000000000000e+00,5.182224802822340548e-01,0.000000000000000000e+00,4.869144501511206147e-01,0.000000000000000000e+00,0.000000000000000000e+00,0.000000000000000000e+00,0.000000000000000000e+00,3.749317294937961065e-01,0.000000000000000000e+00,5.646867761692037080e-01,5.659882137544816061e-01,5.686959437659536709e-01,5.108697625796417841e-01,5.323558212113811416e-01,0.000000000000000000e+00,3.721102989825669782e-01,0.000000000000000000e+00,5.347906287550366899e-01,5.166633587496416435e-01,0.000000000000000000e+00,0.000000000000000000e+00,0.000000000000000000e+00,0.000000000000000000e+00,3.682309871482901120e-01,0.000000000000000000e+00,0.000000000000000000e+00,0.000000000000000000e+00,5.715585992570223484e-01,0.000000000000000000e+00,0.000000000000000000e+00,0.000000000000000000e+00,4.804373447424374888e-01,5.308189744914346697e-01,5.031614210940257292e-01,0.000000000000000000e+00,5.387531275372733353e-01
4.202875278006447113e-01,0.000000000000000000e+00,5.019549221584505005e-01,0.000000000000000000e+00,4.973953222802727780e-01,4.930879820858212748e-01,4.426370204624430205e-01,5.511701569992010219e-01,4.957897532848820066e-01,3.172834655577542184e-01,4.878316291844900232e-01,0.000000000000000000e+00,4.473120732618728890e-01,0.000000000000000000e+00,0.000000000000000000e+00,0.000000000000000000e+00,3.850547690988235239e-01,3.693005599578986220e-01,5.001475064254375935e-01,0.000000000000000000e+00,5.248932786566959940e-01,0.000000000000000000e+00,5.149371531568650573e-01,2.970569215299740939e-01,3.348830763241179009e-01,3.176900277376086268e-01,4.762117022168632086e-01,4.179609599459754854e-01,0.000000000000000000e+00,0.000000000000000000e+00,3.968636585873244194e-01,3.048245533233329141e-01,3.024902444834564053e-01,3.006393262183075232e-01,3.360223664140292166e-01,3.416386533498830258e-01,3.004116761510762235e-01,2.564562722332641154e-01,2.867099936745480249e-01,4.735671838916851173e-01,3.347754318605132839e-01,0.000000000000000000e+00,0.000000000000000000e+00,0.000000000000000000e+00,2.151718437671661099e-01,4.386887437260517109e-01,0.000000000000000000e+00,0.000000000000000000e+00,0.000000000000000000e+00,0.000000000000000000e+00,0.000000000000000000e+00,0.000000000000000000e+00,0.000000000000000000e+00,0.000000000000000000e+00,4.832903231464009131e-01,0.000000000000000000e+00,4.650121416698623777e-01,0.000000000000000000e+00,0.000000000000000000e+00,0.000000000000000000e+00,4.824213657570273206e-01,4.932057824882792874e-01,4.917021528761382210e-01,0.000000000000000000e+00,0.000000000000000000e+00,0.000000000000000000e+00,0.000000000000000000e+00,0.000000000000000000e+00,4.235420057523957005e-01,4.783629734295031799e-01,4.877444429660435232e-01,0.000000000000000000e+00,0.000000000000000000e+00,4.988590589071421055e-01,0.000000000000000000e+00,4.864156506202921837e-01
5.314865949108937837e-01,4.721732765351658867e-01,4.951705042924028910e-01,3.627960186903291251e-01,4.443008115884896081e-01,3.686332490063425893e-01,3.616135511142657966e-01,4.971011785230927127e-01,3.894376201963460904e-01,4.573038734937289740e-01,4.991448159568894205e-01,4.473120732618728890e-01,0.000000000000000000e+00,3.784132269002580262e-01,4.869544632140708207e-01,5.124222896282500939e-01,4.658285198004193939e-01,5.052566095327511997e-01,4.988426893414886210e-01,4.753747697220637725e-01,4.900276033776289064e-01,4.970208312529938999e-01,4.721862374162726916e-01,4.753174617616606201e-01,4.838184622040700988e-01,4.567280317546231760e-01,4.592131059730458209e-01,3.762208676812470731e-01,4.161321087590462153e-01,4.212714024131675172e-01,4.284532737754497833e-01,4.493709934929083771e-01,4.356535206421537909e-01,4.272836642636921867e-01,4.068552545980378965e-01,4.020002658784874727e-01,4.007485371591830159e-01,4.045601841866960924e-01,5.180138423703580797e-01,0.000000000000000000e+00,5.661341404985347214e-01,5.610077095190892926e-01,5.434469489149080790e-01,0.000000000000000000e+00,0.000000000000000000e+00,0.000000000000000000e+00,5.018169408300231504e-01,5.787559595319047290e-01,0.000000000000000000e+00,5.681837104130579297e-01,5.610081707721146227e-01,5.727048884653312966e-01,5.376251379496594929e-01,5.749906268002343834e-01,0.000000000000000000e+00,0.000000000000000000e+00,0.000000000000000000e+00,5.660196892412070468e-01,0.000000000000000000e+00,5.161783427736085228e-01,4.946161532532675209e-01,4.800028651010201930e-01,5.003091266576569218e-01,5.643276869366696813e-01,5.299878179374638565e-01,5.136259211807133740e-01,5.113401255338391183e-01,5.541939724891832286e-01,0.000000000000000000e+00,4.994620995093341786e-01,5.044731194828626641e-01,5.498900675646886116e-01,5.593732422529390513e-01,5.512832103815508145e-01,5.586642399606585041e-01,5.552345687403000829e-01
0.000000000000000000e+00,0.000000000000000000e+00,4.500649594745195770e-01,3.816608793346074058e-01,3.330324746206769215e-01,4.227914299282193866e-01,3.480142232899829935e-01,3.720062526332740260e-01,4.498964680052089937e-01,4.433078116795052814e-01,3.148531424593892791e-01,0.000000000000000000e+00,3.784132269002580262e-01,0.000000000000000000e+00,0.000000000000000000e+00,0.000000000000000000e+00,0.000000000000000000e+00,0.000000000000000000e+00,4.313581744720357825e-01,0.000000000000000000e+00,4.632626339163857798e-01,0.000000000000000000e+00,3.868137000635111789e-01,0.000000000000000000e+00,0.000000000000000000e+00,5.230824196927836844e-01,4.409566766109451752e-01,3.678736719402506128e-01,0.000000000000000000e+00,0.000000000000000000e+00,4.749229886307979043e-01,2.129597721532869026e-01,0.000000000000000000e+00,4.380099179449021274e-01,0.000000000000000000e+00,2.323840709860751086e-01,1.891511773630190907e-01,0.000000000000000000e+00,0.000000000000000000e+00,0.000000000000000000e+00,3.791467249393463135e-01,0.000000000000000000e+00,0.000000000000000000e+00,0.000000000000000000e+00,0.000000000000000000e+00,0.000000000000000000e+00,0.000000000000000000e+00,5.686757519051234278e-01,0.000000000000000000e+00,0.000000000000000000e+00,5.787169679694663671e-01,5.394850794614161060e-01,4.722452242508285991e-01,5.635276225051712995e-01,0.000000000000000000e+00,4.733064168641754055e-01,0.000000000000000000e+00,0.000000000000000000e+00,0.000000000000000000e+00,0.000000000000000000e+00,0.000000000000000000e+00,0.000000000000000000e+00,0.000000000000000000e+00,5.278430655337672528e-01,0.000000000000000000e+00,0.000000000000000000e+00,0.000000000000000000e+00,5.719155439490560822e-01,0.000000000000000000e+00,0.000000000000000000e+00,0.000000000000000000e+00,0.000000000000000000e+00,0.000000000000000000e+00,0.000000000000000000e+00,0.000000000000000000e+00,0.000000000000000000e+00
4.041591199970221981e-01,4.822846939362867014e-01,0.000000000000000000e+00,0.000000000000000000e+00,0.000000000000000000e+00,4.529145448579625088e-01,0.000000000000000000e+00,5.185763402034628822e-01,0.000000000000000000e+00,0.000000000000000000e+00,0.000000000000000000e+00,0.000000000000000000e+00,4.869544632140708207e-01,0.000000000000000000e+00,0.000000000000000000e+00,4.775117158868585898e-01,4.393284746481544989e-01,4.686253290860635246e-01,0.000000000000000000e+00,3.883470479473195014e-01,3.826921436999229931e-01,4.053015801122378248e-01,4.187504549976320822e-01,5.314486702085359227e-01,4.566071942683109230e-01,4.215803994908051133e-01,4.313595723028509910e-01,4.544505282928186229e-01,4.500764311496773806e-01,4.127652442979630742e-01,4.631133208395953882e-01,4.702309186707516186e-01,4.492183387378443915e-01,4.780581939831469174e-01,5.214114889016967513e-01,0.000000000000000000e+00,0.000000000000000000e+00,0.000000000000000000e+00,5.260747963636425162e-01,5.104456822984473341e-01,5.255939924445498512e-01,5.529857747353738029e-01,5.602271981828128578e-01,0.000000000000000000e+00,0.000000000000000000e+00,0.000000000000000000e+00,5.335995762831209355e-01,0.000000000000000000e+00,0.000000000000000000e+00,0.000000000000000000e+00,5.108351594458694356e-01,0.000000000000000000e+00,0.000000000000000000e+00,0.000000000000000000e+00,0.000000000000000000e+00,0.000000000000000000e+00,0.000000000000000000e+00,0.000000000000000000e+00,0.000000000000000000e+00,5.416246004003972825e-01,5.083772434997201328e-01,0.000000000000000000e+00,4.993179213100190084e-01,0.000000000000000000e+00,5.112917053668649681e-01,5.059591219893654346e-01,5.517223797356931581e-01,5.124428430728595885e-01,0.000000000000000000e+00,5.080885273283132220e-01,5.556650699442744479e-01,5.196426438088814770e-01,5.234375031373595943e-01,5.221524989979322573e-01,0.000000000000000000e+00,5.107566201412141460e-01
4.454406245861242120e-01,4.459377795793316723e-01,5.068738754591348705e-01,0.000000000000000000e+00,4.846229779098257251e-01,4.877175825521740116e-01,5.033594137506381960e-01,5.319737145817164947e-01,4.702408863381126736e-01,3.983553116456656773e-01,0.000000000000000000e+00,0.000000000000000000e+00,5.124222896282500939e-01,0.000000000000000000e+00,4.775117158868585898e-01,0.000000000000000000e+00,4.055216335712250042e-01,3.736712098186020792e-01,0.000000000000000000e+00,4.190121131071499749e-01,4.769463015472603096e-01,3.727623644773739864e-01,4.845590216611428969e-01,3.958358496581694252e-01,3.849070917075578802e-01,4.608551265062004743e-01,4.864097679799698759e-01,5.061368993719380649e-01,4.864018886656302776e-01,4.815970111995220848e-01,3.886033139310440809e-01,4.859311762516146938e-01,3.968645020127987144e-01,4.139378079305425784e-01,4.646382328295831088e-01,0.000000000000000000e+00,0.000000000000000000e+00,0.000000000000000000e+00,5.074728050129708734e-01,4.882632171382800257e-01,4.902045235837537152e-01,5.151994935435443290e-01,0.000000000000000000e+00,0.000000000000000000e+00,0.000000000000000000e+00,5.089802068407122126e-01,5.194393399866039651e-01,0.000000000000000000e+00,0.000000000000000000e+00,0.000000000000000000e+00,4.923181246182605220e-01,0.000000000000000000e+00,0.000000000000000000e+00,0.000000000000000000e+00,0.000000000000000000e+00,0.000000000000000000e+00,0.000000000000000000e+00,4.684300515550279820e-01,0.000000000000000000e+00,5.228738145623412770e-01,5.000696259023150736e-01,4.706813541617809737e-01,4.916624636835181805e-01,0.000000000000000000e+00,5.074440521241120328e-01,5.148887251655098751e-01,5.053018089479266450e-01,5.154973799483811847e-01,4.782985593029822069e-01,5.024030502471654724e-01,5.234658818108950395e-01,5.095319841778988001e-01,5.549940510410424910e-01,5.207525595725223111e-01,0.000000000000000000e+00,4.779765146023436939e-01
4.390558711788818957e-01,4.403499677312768257e-01,5.171987038204118869e-01,0.000000000000000000e+00,5.046238533169737916e-01,4.771089842280780147e-01,4.802067851991904113e-01,5.475707712178528030e-01,5.032963045641528632e-01,3.563255985245036839e-01,5.100470665247451851e-01,3.850547690988235239e-01,4.658285198004193939e-01,0.000000000000000000e+00,4.393284746481544989e-01,4.055216335712250042e-01,0.000000000000000000e+00,3.409456944414422930e-01,5.135809325600744213e-01,4.459396624570202139e-01,5.155792585538713224e-01,4.259740402105747226e-01,4.860050522504508197e-01,4.027264780849016956e-01,3.410323784998713914e-01,3.907188019893670927e-01,4.612690832397440821e-01,4.630710839929407796e-01,4.688793168251877974e-01,4.285525074348101038e-01,3.690795480282111907e-01,4.626386888197164260e-01,3.534773626057498008e-01,3.836570504290883754e-01,3.962235695043204164e-01,4.812009377632190943e-01,0.000000000000000000e+00,3.766385142314684908e-01,4.998760880577282073e-01,5.033357274470166010e-01,4.631507914955684813e-01,5.097388671605159738e-01,0.000000000000000000e+00,0.000000000000000000e+00,0.000000000000000000e+00,4.211120763541539858e-01,4.970758524303672266e-01,0.000000000000000000e+00,0.000000000000000000e+00,0.000000000000000000e+00,5.229040134288133190e-01,0.000000000000000000e+00,0.000000000000000000e+00,0.000000000000000000e+00,4.949317572038531843e-01,0.000000000000000000e+00,4.964752687306562828e-01,0.000000000000000000e+00,0.000000000000000000e+00,0.000000000000000000e+00,4.766903034721727273e-01,4.983299062215674202e-01,4.942336776271045173e-01,0.000000000000000000e+00,4.879253625960391916e-01,0.000000000000000000e+00,4.901043105510632936e-01,0.000000000000000000e+00,4.581534724411542858e-01,4.889478206218382250e-01,4.929452645328458171e-01,0.000000000000000000e+00,0.000000000000000000e+00,0.000000000000000000e+00,0.000000000000000000e+00,4.817426812730544738e-01
4.202193598842819955e-01,4.382784192636213216e-01,5.043158544889305706e-01,0.000000000000000000e+00,4.898077724121621124e-01,4.868247756581037256e-01,5.043863506408762243e-01,5.295341210004325117e-01,4.842091101810169218e-01,3.789677421085332898e-01,4.948964535941051124e-01,3.693005599578986220e-01,5.052566095327511997e-01,0.000000000000000000e+00,4.686253290860635246e-01,3.736712098186020792e-01,3.409456944414422930e-01,0.000000000000000000e+00,5.000686278864004963e-01,4.714576115552551183e-01,4.754938456748277753e-01,4.371506953184525202e-01,4.787650749256001093e-01,3.798647224827210733e-01,3.464404891249819873e-01,4.121847177133167173e-01,4.814820825126113757e-01,5.053331928114646043e-01,4.990827874714253154e-01,4.773613925498659816e-01,3.878539638339428275e-01,4.816579622436715225e-01,3.623629285397034772e-01,3.943446699596325211e-01,4.336984680095233857e-01,0.000000000000000000e+00,0.000000000000000000e+00,2.993182359194632158e-01,5.032529518700198379e-01,4.764447694786809739e-01,4.795370896184620868e-01,5.027630582244112523e-01,0.000000000000000000e+00,0.000000000000000000e+00,0.000000000000000000e+00,4.657295607258850056e-01,5.185217934745950386e-01,0.000000000000000000e+00,0.000000000000000000e+00,0.000000000000000000e+00,4.820095662775372158e-01,0.000000000000000000e+00,5.443685266314258753e-01,0.000000000000000000e+00,4.753883026416251267e-01,0.000000000000000000e+00,4.809824202604344734e-01,4.707798531041327839e-01,0.000000000000000000e+00,5.136670907945796172e-01,4.933281019674943813e-01,4.883362404732580764e-01,4.874463273053225021e-01,0.000000000000000000e+00,4.982684128911503141e-01,4.980505648897127213e-01,5.020240915049607455e-01,5.142472640515998172e-01,4.649857855731228118e-01,4.907981023951600852e-01,5.010775976809590526e-01,5.090764282897419779e-01,4.818925235770781801e-01,4.999445456810607258e-01,0.000000000000000000e+00,4.775279493240643935e-01
0.000000000000000000e+00,0.000000000000000000e+00,2.751966898324478827e-01,4.381269905451439239e-01,3.967325911157921770e-01,3.720721943690837863e-01,4.667402297265291211e-01,4.993288167933019883e-01,2.938570202316829749e-01,5.212780644131339569e-01,2.561822825839931150e-01,5.001475064254375935e-01,4.988426893414886210e-01,4.313581744720357825e-01,0.000000000000000000e+00,0.000000000000000000e+00,5.135809325600744213e-01,5.000686278864004963e-01,0.000000000000000000e+00,0.000000000000000000e+00,0.000000000000000000e+00,4.880462833116848143e-01,3.501272611469862794e-01,4.925868377542271803e-01,5.005326511502997677e-01,4.910088731498358783e-01,3.716358909442946112e-01,5.097724426490977123e-01,4.582703486737966792e-01,5.153853975704651980e-01,5.151600618551551714e-01,4.723784157256364913e-01,4.590848836765226149e-01,5.030126793232170268e-01,4.983416275495290981e-01,4.390826122783901830e-01,4.779588926241958857e-01,4.458056789802138931e-01,4.915285148803221205e-01,4.949322938919066828e-01,5.723184556456631933e-01,5.624713059989558950e-01,5.128796874385405102e-01,0.000000000000000000e+00,0.000000000000000000e+00,0.000000000000000000e+00,0.000000000000000000e+00,5.843165373372903870e-01,0.000000000000000000e+00,5.989610588191105478e-01,5.902748803737151162e-01,5.957382057695991273e-01,5.714919449452294797e-01,5.999133495518929049e-01,0.000000000000000000e+00,5.089388414708601038e-01,0.000000000000000000e+00,5.752515882931533708e-01,0.000000000000000000e+00,0.000000000000000000e+00,0.000000000000000000e+00,0.000000000000000000e+00,0.000000000000000000e+00,5.866364911315971042e-01,0.000000000000000000e+00,0.000000000000000000e+00,0.000000000000000000e+00,5.967722910831185779e-01,0.000000000000000000e+00,0.000000000000000000e+00,0.000000000000000000e+00,5.893679588910494260e-01,5.698568712001053083e-01,5.474577912408561398e-01,0.000000000000000000e+00,5.737223172644106972e-01
4.881976438936416751e-01,4.651480558870186854e-01,4.622783031446365265e-01,0.000000000000000000e+00,4.535167310842299071e-01,4.484909652551021253e-01,4.807039296320161914e-01,4.519212248084659156e-01,4.355944016760716075e-01,4.233324841313261810e-01,0.000000000000000000e+00,0.000000000000000000e+00,4.753747697220637725e-01,0.000000000000000000e+00,3.883470479473195014e-01,4.190121131071499749e-01,4.459396624570202139e-01,4.714576115552551183e-01,0.000000000000000000e+00,0.000000000000000000e+00,4.599805174460027124e-01,4.111067140165897138e-01,3.911753020465810748e-01,5.298704590620919586e-01,4.594538374511079049e-01,4.810737304594607244e-01,4.103248153427616063e-01,4.452053208034292830e-01,3.937831068371361876e-01,3.766256266868124869e-01,4.163774747183259795e-01,4.806859008604645878e-01,4.304290706942399125e-01,4.749679778482615022e-01,5.217144828312998417e-01,5.401183591677822804e-01,4.952716444718565092e-01,0.000000000000000000e+00,5.198032553152055479e-01,4.786376880448566240e-01,5.156838778025094605e-01,5.344038656436298496e-01,5.452594700647488413e-01,0.000000000000000000e+00,0.000000000000000000e+00,5.130595442447376531e-01,5.113811984686124079e-01,0.000000000000000000e+00,0.000000000000000000e+00,0.000000000000000000e+00,5.117517700707401307e-01,5.206018982683481289e-01,5.317651898067020655e-01,4.728492574740095211e-01,0.000000000000000000e+00,0.000000000000000000e+00,0.000000000000000000e+00,5.253106094075541410e-01,0.000000000000000000e+00,5.212109652891848688e-01,5.006683601391629379e-01,0.000000000000000000e+00,4.917623830763980242e-01,0.000000000000000000e+00,5.162841285226954513e-01,5.110180720563702872e-01,5.242888759314626723e-01,5.274195794412279703e-01,0.000000000000000000e+00,4.922013397233253040e-01,5.334664495211282054e-01,5.284484327274487914e-01,5.306857367735252629e-01,5.314703950814895217e-01,5.337236604111621485e-01,5.211596858315543646e-01
5.001185095622560084e-01,4.818880658606904954e-01,4.678102911479509185e-01,0.000000000000000000e+00,4.915013313293457031e-01,4.514461014124975802e-01,4.831045592202640182e-01,4.366533690572064752e-01,4.319059747301439156e-01,5.122111193081223535e-01,4.577949541729294802e-01,5.248932786566959940e-01,4.900276033776289064e-01,4.632626339163857798e-01,3.826921436999229931e-01,4.769463015472603096e-01,5.155792585538713224e-01,4.754938456748277753e-01,0.000000000000000000e+00,4.599805174460027124e-01,0.000000000000000000e+00,4.816441429201048230e-01,4.066634745527458739e-01,5.447505863558101957e-01,4.788337580918032854e-01,4.652098256557699041e-01,4.487556658075481097e-01,4.830127298735906738e-01,4.623215680328657817e-01,4.734459485719736960e-01,4.639213105254582081e-01,4.596262617810326079e-01,4.600290305145487979e-01,4.851348894133726275e-01,5.235649779165515438e-01,5.097635967862513828e-01,5.059205691484837120e-01,0.000000000000000000e+00,5.040647761504427615e-01,5.183709486824991108e-01,5.081030221161225713e-01,5.255847655414713770e-01,0.000000000000000000e+00,0.000000000000000000e+00,0.000000000000000000e+00,5.069612966998015002e-01,5.431769482561854545e-01,0.000000000000000000e+00,0.000000000000000000e+00,0.000000000000000000e+00,0.000000000000000000e+00,0.000000000000000000e+00,4.384667539206145159e-01,0.000000000000000000e+00,0.000000000000000000e+00,0.000000000000000000e+00,0.000000000000000000e+00,4.941292080621110250e-01,0.000000000000000000e+00,5.130663721278622136e-01,5.187581984127068724e-01,0.000000000000000000e+00,5.100677265675443994e-01,0.000000000000000000e+00,4.914696703971597191e-01,4.397529948148862777e-01,5.396944637101143138e-01,4.897775706069198987e-01,0.000000000000000000e+00,5.119490634567777088e-01,5.498144667428259691e-01,4.952863886007314864e-01,4.942290857031548246e-01,5.011504976800276179e-01,4.956481780706626927e-01,5.021736235159096617e-01
