0.000000000000000000e+00,3.843899517388283948e-01,0.000000000000000000e+00,0.000000000000000000e+00,0.000000000000000000e+00,4.008237590673046080e-01,4.358746283117411746e-01,4.789873745886982781e-01,4.143031758898050865e-01,3.935976226474852124e-01,0.000000000000000000e+00,3.699142683900074058e-01,4.272817858783227174e-01,0.000000000000000000e+00,3.906107761378639909e-01,3.932265396918235845e-01,3.886173530381820118e-01,3.779987969134400161e-01,0.000000000000000000e+00,4.214126748203049777e-01,3.861304789347236865e-01,3.968801782893709995e-01,4.288317786708248924e-01,3.307696214197828888e-01,3.695083443645644228e-01,3.540216017726123821e-01,4.207360662110132266e-01,4.250485355864299097e-01,4.143996076799804085e-01,0.000000000000000000e+00,3.689922313070861937e-01,4.337604920335547121e-01,3.752337265840314240e-01,3.763251997893922174e-01,4.036910647218340809e-01,0.000000000000000000e+00,0.000000000000000000e+00,3.664934819917328723e-01,4.626669510099553073e-01,4.862246911463358190e-01,4.440159231248279048e-01,0.000000000000000000e+00,0.000000000000000000e+00,0.000000000000000000e+00,0.000000000000000000e+00,3.022394352538245177e-01,4.766682897951760034e-01,0.000000000000000000e+00,0.000000000000000000e+00,0.000000000000000000e+00,0.000000000000000000e+00,0.000000000000000000e+00,0.000000000000000000e+00,0.000000000000000000e+00,4.795497117072450854e-01,0.000000000000000000e+00,4.641968132979812922e-01,0.000000000000000000e+00,0.000000000000000000e+00,4.639006469800405763e-01,4.546620669116139823e-01,0.000000000000000000e+00,4.391893602119428253e-01,0.000000000000000000e+00,4.462240700272088190e-01,2.420156054805762125e-01,4.565880705979089016e-01,0.000000000000000000e+00,2.673672202163003275e-01,4.512213764232694824e-01,4.566764727007823765e-01,0.000000000000000000e+00,0.000000000000000000e+00,4.348734466394046927e-01,0.000000000000000000e+00,4.354081128997789873e-01
3.843899517388283948e-01,0.000000000000000000e+00,3.875156256142094913e-01,0.000000000000000000e+00,4.104052049791184764e-01,3.857570364673699181e-01,3.973571305681756205e-01,3.642793613129104990e-01,3.856063202352614794e-01,3.552053839449382799e-01,0.000000000000000000e+00,3.570024320527321882e-01,4.040865140633638775e-01,0.000000000000000000e+00,4.141209997001786824e-01,3.794016804626245132e-01,3.920336856122119129e-01,3.718023966898130750e-01,0.000000000000000000e+00,4.259631498392231763e-01,3.966669173028726791e-01,4.045969724537055168e-01,3.749852762797529770e-01,3.869185632767209171e-01,3.455881858359873826e-01,3.942156896485861095e-01,3.957423007016451222e-01,3.956468656573660092e-01,3.914251969495702865e-01,3.871634710902335241e-01,3.654518769157681923e-01,4.281499501115059170e-01,3.595897358842140012e-01,3.581461007123687978e-01,3.916035088272797893e-01,3.538268034485915758e-01,0.000000000000000000e+00,0.000000000000000000e+00,4.649189439414366243e-01,4.704104753217561163e-01,4.472238581889257936e-01,4.713846570697505789e-01,4.120320843086218154e-01,0.000000000000000000e+00,0.000000000000000000e+00,4.202920604132711069e-01,4.781496258675966837e-01,0.000000000000000000e+00,0.000000000000000000e+00,0.000000000000000000e+00,4.564636141173328276e-01,4.685502934326619129e-01,4.179612370700386825e-01,0.000000000000000000e+00,0.000000000000000000e+00,0.000000000000000000e+00,0.000000000000000000e+00,4.621900890919757865e-01,0.000000000000000000e+00,4.816013207663801809e-01,4.603294298097698745e-01,0.000000000000000000e+00,4.471514319748077781e-01,0.000000000000000000e+00,4.552649572603663097e-01,4.632540221894040910e-01,4.599345501558033122e-01,4.694298445881533999e-01,0.000000000000000000e+00,4.592306082288444835e-01,5.002352347167435820e-01,4.711362666016242207e-01,4.682061165554863846e-01,4.646196856961489763e-01,0.000000000000000000e+00,4.380995171662995236e-01
0.000000000000000000e+00,3.875156256142094913e-01,0.000000000000000000e+00,0.000000000000000000e+00,3.867148372420786129e-01,3.735317071784293175e-01,4.069478418064406133e-01,4.515658154552633086e-01,3.122502134910462024e-01,4.402240096626374166e-01,3.001108339545158765e-01,4.343607865778488231e-01,4.254522678089179832e-01,4.003034970013422122e-01,0.000000000000000000e+00,4.218504008602371735e-01,4.408017843088323229e-01,0.000000000000000000e+00,2.616894909630698152e-01,4.005043711215584001e-01,3.723640944220892868e-01,4.144960223343724937e-01,3.572601047039170030e-01,0.000000000000000000e+00,4.103432996751669726e-01,4.179007926965657149e-01,3.120942088755637167e-01,4.367738331386651907e-01,4.022612200064604737e-01,4.381858332806050083e-01,4.363313630619573003e-01,4.416671108493728237e-01,4.221808459349192799e-01,4.426523252706995870e-01,4.345365344232218763e-01,4.081192437131994089e-01,4.393558070817095151e-01,4.141467532235302840e-01,5.424554302663452399e-01,0.000000000000000000e+00,5.307933687611994245e-01,0.000000000000000000e+00,5.303018438368150012e-01,0.000000000000000000e+00,0.000000000000000000e+00,0.000000000000000000e+00,0.000000000000000000e+00,3.641575517091559244e-01,0.000000000000000000e+00,5.548097125778019834e-01,5.570886991470019867e-01,5.518839582457332193e-01,5.453196289299391264e-01,4.900638727018279961e-01,0.000000000000000000e+00,3.884346971889847122e-01,0.000000000000000000e+00,5.462287566804603367e-01,5.376076185811550223e-01,0.000000000000000000e+00,0.000000000000000000e+00,0.000000000000000000e+00,0.000000000000000000e+00,2.948183993871461017e-01,4.934994563295391212e-01,0.000000000000000000e+00,0.000000000000000000e+00,5.617733253464920473e-01,0.000000000000000000e+00,0.000000000000000000e+00,0.000000000000000000e+00,5.501875676886742728e-01,5.308154025624582939e-01,5.312934434673982631e-01,0.000000000000000000e+00,5.473142135386863671e-01
0.000000000000000000e+00,0.000000000000000000e+00,0.000000000000000000e+00,0.000000000000000000e+00,2.696202542803426971e-01,0.000000000000000000e+00,2.766616040415332267e-01,3.987247463991991925e-01,3.825725136238797841e-01,0.000000000000000000e+00,3.488923964507447129e-01,0.000000000000000000e+00,3.117020495286003112e-01,3.162378099006334931e-01,0.000000000000000000e+00,0.000000000000000000e+00,0.000000000000000000e+00,0.000000000000000000e+00,0.000000000000000000e+00,0.000000000000000000e+00,0.000000000000000000e+00,0.000000000000000000e+00,3.976343831250251926e-01,0.000000000000000000e+00,0.000000000000000000e+00,0.000000000000000000e+00,0.000000000000000000e+00,2.715029335673275201e-01,0.000000000000000000e+00,0.000000000000000000e+00,3.196704089641571045e-01,3.269214430693511142e-01,0.000000000000000000e+00,0.000000000000000000e+00,0.000000000000000000e+00,2.484997460698346872e-01,1.813673917374075961e-01,0.000000000000000000e+00,0.000000000000000000e+00,0.000000000000000000e+00,0.000000000000000000e+00,0.000000000000000000e+00,0.000000000000000000e+00,0.000000000000000000e+00,0.000000000000000000e+00,0.000000000000000000e+00,0.000000000000000000e+00,0.000000000000000000e+00,0.000000000000000000e+00,0.000000000000000000e+00,0.000000000000000000e+00,0.000000000000000000e+00,0.000000000000000000e+00,0.000000000000000000e+00,0.000000000000000000e+00,0.000000000000000000e+00,0.000000000000000000e+00,0.000000000000000000e+00,0.000000000000000000e+00,0.000000000000000000e+00,0.000000000000000000e+00,0.000000000000000000e+00,0.000000000000000000e+00,0.000000000000000000e+00,0.000000000000000000e+00,0.000000000000000000e+00,0.000000000000000000e+00,0.000000000000000000e+00,0.000000000000000000e+00,0.000000000000000000e+00,0.000000000000000000e+00,0.000000000000000000e+00,0.000000000000000000e+00,0.000000000000000000e+00,0.000000000000000000e+00,0.000000000000000000e+00
0.000000000000000000e+00,4.104052049791184764e-01,3.867148372420786129e-01,2.696202542803426971e-01,0.000000000000000000e+00,3.596191296940385862e-01,3.080525103039182255e-01,4.125288940386355185e-01,3.216158984516849229e-01,4.207818569427448918e-01,3.274974962953146052e-01,3.809353404678669786e-01,3.516145432535308091e-01,2.984517846048023726e-01,0.000000000000000000e+00,0.000000000000000000e+00,4.584631538853571886e-01,0.000000000000000000e+00,3.614494377200885844e-01,0.000000000000000000e+00,0.000000000000000000e+00,4.108684962783704098e-01,3.954840460270094837e-01,0.000000000000000000e+00,4.434254551907502173e-01,3.891022034392693230e-01,3.796173190957247146e-01,3.072533993379013006e-01,3.990848475610732082e-01,0.000000000000000000e+00,4.278488808221672102e-01,3.720654075700681740e-01,3.628128457536939910e-01,4.055933309682762111e-01,3.735809650126731274e-01,2.871738275116125783e-01,2.588730573764705944e-01,3.574397319535018158e-01,5.235869578109985101e-01,0.000000000000000000e+00,5.227887414984779824e-01,0.000000000000000000e+00,5.018512907220975539e-01,0.000000000000000000e+00,0.000000000000000000e+00,0.000000000000000000e+00,0.000000000000000000e+00,5.462000338918056030e-01,0.000000000000000000e+00,5.124529690600881926e-01,5.328498170125436362e-01,5.337491725303640244e-01,5.042184374164943028e-01,5.406900992685658158e-01,0.000000000000000000e+00,4.959736200515071913e-01,0.000000000000000000e+00,5.282630539069643749e-01,0.000000000000000000e+00,5.140193371478199991e-01,0.000000000000000000e+00,0.000000000000000000e+00,0.000000000000000000e+00,5.356778969858211337e-01,4.891337891673083194e-01,0.000000000000000000e+00,0.000000000000000000e+00,5.461220400475762515e-01,0.000000000000000000e+00,0.000000000000000000e+00,0.000000000000000000e+00,5.398037081435300699e-01,5.134304353062815185e-01,5.143982070883831303e-01,0.000000000000000000e+00,5.324505013374780660e-01
4.008237590673046080e-01,3.857570364673699181e-01,3.735317071784293175e-01,0.000000000000000000e+00,3.596191296940385862e-01,0.000000000000000000e+00,3.703739619844729214e-01,3.780761248498653027e-01,3.106761595258488162e-01,4.256314901377263871e-01,3.649453060923955050e-01,4.207374305106393875e-01,3.575259276530445840e-01,3.971260830111225104e-01,4.011957541052018072e-01,4.224755039881856744e-01,4.335416863674250165e-01,4.078479096832626771e-01,3.617602527521929234e-01,3.906051649578681784e-01,3.796266767986570256e-01,4.152661563519662868e-01,3.528986317053516841e-01,4.346206987131722155e-01,3.768875142468238737e-01,4.013908467332201191e-01,3.350902665090405019e-01,3.434502550205547067e-01,3.115838415204688072e-01,3.987396571554328029e-01,4.016531375013788763e-01,4.067876558030368850e-01,3.748418990969105136e-01,4.175041093275180248e-01,4.191165836259216904e-01,4.218958801387612811e-01,4.303724334340104929e-01,4.004519393231085744e-01,4.843741143814881966e-01,0.000000000000000000e+00,4.951148767508342097e-01,4.974249462640438213e-01,4.823781416846094072e-01,0.000000000000000000e+00,0.000000000000000000e+00,0.000000000000000000e+00,4.348054456556048053e-01,5.306046269292300499e-01,0.000000000000000000e+00,5.248519363073437249e-01,5.138272700563250028e-01,5.139725715041110199e-01,4.628456939445549922e-01,5.205022040855764587e-01,0.000000000000000000e+00,5.020161110261892601e-01,0.000000000000000000e+00,5.126765468630128941e-01,0.000000000000000000e+00,4.656789221808703139e-01,4.188010552748029913e-01,0.000000000000000000e+00,0.000000000000000000e+00,5.266592044256288574e-01,4.765242718820393852e-01,4.192491203062926886e-01,4.537099246746986725e-01,5.126237790324137400e-01,0.000000000000000000e+00,4.189299298477867084e-01,4.435612047116850865e-01,4.992639118132822795e-01,4.997672877832937122e-01,4.979865321548633261e-01,4.881798249952907787e-01,4.993180397757421840e-01
4.358746283117411746e-01,3.973571305681756205e-01,4.069478418064406133e-01,2.766616040415332267e-01,3.080525103039182255e-01,3.703739619844729214e-01,0.000000000000000000e+00,4.227116744416360983e-01,3.607548275936032778e-01,4.163219446549251135e-01,3.755118315607807733e-01,3.851091349585867851e-01,3.196424290382846034e-01,3.228837614283028845e-01,4.156737450540958778e-01,4.292950836586991170e-01,4.417260524722780857e-01,4.254841457078621936e-01,3.948498927464393904e-01,4.072281839392735137e-01,4.163590279903638947e-01,4.257544456622989193e-01,4.010179629450085215e-01,4.103962522798271229e-01,4.002132457109092156e-01,4.149078304018820051e-01,3.930195625220205269e-01,3.483564498688582201e-01,4.005412126001759998e-01,4.051386281603374107e-01,3.930547787186379760e-01,3.877655898974675108e-01,3.644430185833190117e-01,3.964075498132141884e-01,3.617154964327743971e-01,3.323881373162054786e-01,3.541912152163966820e-01,3.480009917822253773e-01,4.785542554877222909e-01,3.305585648093076201e-01,5.068454907329360548e-01,5.203524334524206596e-01,4.971694668443917275e-01,0.000000000000000000e+00,0.000000000000000000e+00,0.000000000000000000e+00,4.735002713900379190e-01,5.373061767049066573e-01,0.000000000000000000e+00,5.180835764711059221e-01,5.212112968097477594e-01,5.254768445725427339e-01,4.873398384995029087e-01,5.304098379525692408e-01,5.045910089934797504e-01,5.077339116160471955e-01,0.000000000000000000e+00,5.210132600717657381e-01,5.037447670089499896e-01,4.748780989739498914e-01,0.000000000000000000e+00,0.000000000000000000e+00,0.000000000000000000e+00,5.295340584736139000e-01,4.906853575103852783e-01,0.000000000000000000e+00,4.745631789058850081e-01,5.278683628094514857e-01,0.000000000000000000e+00,4.591569249216169157e-01,4.636807620313725953e-01,5.147591387883234670e-01,5.114608204404984537e-01,5.141192978253983359e-01,4.996182108001440136e-01,5.138331542444215527e-01
4.789873745886982781e-01,3.642793613129104990e-01,4.515658154552633086e-01,3.987247463991991925e-01,4.125288940386355185e-01,3.780761248498653027e-01,4.227116744416360983e-01,0.000000000000000000e+00,4.578183355872614824e-01,4.512046067279610884e-01,3.798935700935959781e-01,4.803374701230914146e-01,4.267691460878170751e-01,3.830038063768735901e-01,3.759187825515619141e-01,4.202489757448146235e-01,0.000000000000000000e+00,4.572576867370015119e-01,4.653119978842820137e-01,3.813957561223013104e-01,3.898750620231479225e-01,3.955580993547775925e-01,3.510962296522389114e-01,5.007589113361882172e-01,4.362676770902523260e-01,4.687297503164511991e-01,3.921173473575181867e-01,4.182665115838616887e-01,3.696821472597883185e-01,4.033398375640853128e-01,4.105929847955315237e-01,4.036693517759585847e-01,4.019223270898402145e-01,4.270193867505295837e-01,4.266461436094385884e-01,3.669515103192710903e-01,3.757467805358233881e-01,4.676830398899837204e-01,4.775258367008550775e-01,5.157813963908068899e-01,4.776104004050389928e-01,0.000000000000000000e+00,4.741662276460344994e-01,4.512645900249481201e-01,0.000000000000000000e+00,4.675944606436148177e-01,4.495941557569140268e-01,5.250191954330390987e-01,0.000000000000000000e+00,5.149589531789416919e-01,4.829768604697101120e-01,4.957669448066063245e-01,3.995971694698227106e-01,5.061142449520692477e-01,0.000000000000000000e+00,4.931346447275725131e-01,0.000000000000000000e+00,4.819858777956835816e-01,0.000000000000000000e+00,4.853981751226243979e-01,0.000000000000000000e+00,0.000000000000000000e+00,0.000000000000000000e+00,5.065071574541478716e-01,4.893845063925369998e-01,4.350336234207666242e-01,4.659436425199873777e-01,4.870572706819802922e-01,0.000000000000000000e+00,4.518029855936759875e-01,4.727078697872503232e-01,4.772549257998914274e-01,4.776178393710485137e-01,4.768098852842058144e-01,4.629497917434258203e-01,4.703486003480523148e-01
4.143031758898050865e-01,3.856063202352614794e-01,3.122502134910462024e-01,3.825725136238797841e-01,3.216158984516849229e-01,3.106761595258488162e-01,3.607548275936032778e-01,4.578183355872614824e-01,0.000000000000000000e+00,4.395218614743092167e-01,3.105603077864563244e-01,4.280398908680119185e-01,3.416732178334235814e-01,3.826029009574691830e-01,0.000000000000000000e+00,4.136793796164470738e-01,4.502694990178773837e-01,4.236391296879242208e-01,2.744726582611382026e-01,3.986466097949030174e-01,3.767479658834275158e-01,4.126304114176611026e-01,3.813953008185019256e-01,4.461835800221229942e-01,3.964075619700779263e-01,4.030400941783564006e-01,3.386214905969219813e-01,4.159015245341630140e-01,3.713988613774064085e-01,4.217505435305365924e-01,4.321491606395603813e-01,4.360289383368352034e-01,3.978395041597513893e-01,4.358134071558956157e-01,4.219494280472325110e-01,3.978720536404448116e-01,4.187290273279695163e-01,4.041348857900766145e-01,5.279659265963151382e-01,0.000000000000000000e+00,5.210756356071792883e-01,4.713188651332623214e-01,5.265322363280550144e-01,0.000000000000000000e+00,0.000000000000000000e+00,0.000000000000000000e+00,0.000000000000000000e+00,5.520465321585928953e-01,0.000000000000000000e+00,5.516870987773080381e-01,5.462041966724532349e-01,5.424572131224487670e-01,5.337256118612674349e-01,5.459803214446848907e-01,0.000000000000000000e+00,5.360820461071895693e-01,0.000000000000000000e+00,5.352194458456810411e-01,5.413501569496701471e-01,4.671977409491169242e-01,0.000000000000000000e+00,0.000000000000000000e+00,0.000000000000000000e+00,5.420076926516402827e-01,4.844309473568226276e-01,0.000000000000000000e+00,4.679748427303124791e-01,5.519955007671839553e-01,0.000000000000000000e+00,0.000000000000000000e+00,4.436270609619124006e-01,5.372424568858596983e-01,5.176210947539959806e-01,5.219899820557452053e-01,0.000000000000000000e+00,5.347528914916664933e-01
3.935976226474852124e-01,3.552053839449382799e-01,4.402240096626374166e-01,0.000000000000000000e+00,4.207818569427448918e-01,4.256314901377263871e-01,4.163219446549251135e-01,4.512046067279610884e-01,4.395218614743092167e-01,0.000000000000000000e+00,4.219990185610312805e-01,2.964098177243275067e-01,4.258295783174266824e-01,0.000000000000000000e+00,4.100509374110415939e-01,3.571428662031271850e-01,3.356460910246812923e-01,3.368369769690188753e-01,4.273893812194086150e-01,3.992627978851349124e-01,4.695616804657741228e-01,3.936911326662703159e-01,4.265126278800916992e-01,3.400084759742860174e-01,3.002660634764469094e-01,2.964407706623100047e-01,4.201409574594410778e-01,4.098141974492534034e-01,3.972190791909195884e-01,4.173146456667456983e-01,3.466770067279462131e-01,3.254636534445036755e-01,3.329967980218337953e-01,3.282486399195355120e-01,3.071015394330717796e-01,3.576231137419154105e-01,2.933376847135628074e-01,2.952277568793187923e-01,2.694442386243675047e-01,4.799619990834703143e-01,3.442720187732962733e-01,3.201613186822309109e-01,3.034977457293732139e-01,2.374728775075655995e-01,3.287951131677058214e-01,0.000000000000000000e+00,4.325373643903879795e-01,0.000000000000000000e+00,0.000000000000000000e+00,0.000000000000000000e+00,5.148013137179441312e-01,5.214599692767708516e-01,0.000000000000000000e+00,0.000000000000000000e+00,4.918800673987476224e-01,0.000000000000000000e+00,4.927437503392647078e-01,0.000000000000000000e+00,0.000000000000000000e+00,0.000000000000000000e+00,4.397514073622850184e-01,4.814941650387676852e-01,4.642680621495871018e-01,0.000000000000000000e+00,0.000000000000000000e+00,0.000000000000000000e+00,0.000000000000000000e+00,5.100968360693721726e-01,4.119295506145881913e-01,4.615280395539447245e-01,4.628416740050779743e-01,5.030469474304873900e-01,0.000000000000000000e+00,4.949088533030516768e-01,0.000000000000000000e+00,4.696390776856356197e-01
0.000000000000000000e+00,0.000000000000000000e+00,3.001108339545158765e-01,3.488923964507447129e-01,3.274974962953146052e-01,3.649453060923955050e-01,3.755118315607807733e-01,3.798935700935959781e-01,3.105603077864563244e-01,4.219990185610312805e-01,0.000000000000000000e+00,4.026411561289339192e-01,3.966790335351821906e-01,2.942992653777020129e-01,0.000000000000000000e+00,0.000000000000000000e+00,4.357900684666975999e-01,4.308298022579795106e-01,2.591392288178127057e-01,0.000000000000000000e+00,0.000000000000000000e+00,0.000000000000000000e+00,3.360876223535360086e-01,4.076913515747654926e-01,4.183549620570968242e-01,4.216549633372567163e-01,3.575790930180876015e-01,3.943788608174849109e-01,4.076491977126744937e-01,4.332532830483343256e-01,4.080960106192655923e-01,3.720120918367978979e-01,3.872793092404738791e-01,4.032095502437454959e-01,3.811572517791311232e-01,2.937732037564395049e-01,3.168080305955450204e-01,3.757922224030079139e-01,5.138054350377143642e-01,0.000000000000000000e+00,5.056481290917992366e-01,0.000000000000000000e+00,4.710828830153502844e-01,0.000000000000000000e+00,0.000000000000000000e+00,0.000000000000000000e+00,0.000000000000000000e+00,3.423877835559772098e-01,0.000000000000000000e+00,5.024397458761415969e-01,5.256700032475554174e-01,5.317081974905091268e-01,5.071734722024909825e-01,4.827261418452858943e-01,0.000000000000000000e+00,1.878326369008911922e-01,0.000000000000000000e+00,4.998098870988860187e-01,4.814213286273454906e-01,0.000000000000000000e+00,0.000000000000000000e+00,0.000000000000000000e+00,0.000000000000000000e+00,2.253251255423784072e-01,4.520151219601605819e-01,0.000000000000000000e+00,0.000000000000000000e+00,5.172775189172992283e-01,0.000000000000000000e+00,0.000000000000000000e+00,0.000000000000000000e+00,5.432363004409291873e-01,5.063474550997923984e-01,4.930563808810732862e-01,0.000000000000000000e+00,5.293709694320405390e-01
3.699142683900074058e-01,3.570024320527321882e-01,4.343607865778488231e-01,0.000000000000000000e+00,3.809353404678669786e-01,4.207374305106393875e-01,3.851091349585867851e-01,4.803374701230914146e-01,4.280398908680119185e-01,2.964098177243275067e-01,4.026411561289339192e-01,0.000000000000000000e+00,4.161801058650972940e-01,0.000000000000000000e+00,4.270900651678953830e-01,3.619100983444025199e-01,3.688936694180288134e-01,3.416586398551058057e-01,4.159770722770149143e-01,4.104271532749512730e-01,4.605594204856767182e-01,0.000000000000000000e+00,4.425512919673367240e-01,2.858692305379993970e-01,3.223328222271956145e-01,2.716028053873980053e-01,4.100617777629191885e-01,3.821897756479257779e-01,3.927118205474181001e-01,0.000000000000000000e+00,3.681659476995259861e-01,2.742483274685538208e-01,3.175852063155201743e-01,2.777560844070576795e-01,2.858230788467758243e-01,3.056348943385785999e-01,2.737233158155024104e-01,2.655844365609378865e-01,2.432591731089469023e-01,4.736328744367874766e-01,2.932433559463841766e-01,2.849222635250687197e-01,3.236665966927886884e-01,2.103760301962560031e-01,2.901784345957175160e-01,4.326072980924254852e-01,0.000000000000000000e+00,3.950491845607758123e-01,0.000000000000000000e+00,0.000000000000000000e+00,0.000000000000000000e+00,0.000000000000000000e+00,0.000000000000000000e+00,0.000000000000000000e+00,4.897376761310747173e-01,0.000000000000000000e+00,4.906820125227511209e-01,4.620264279297499055e-01,0.000000000000000000e+00,0.000000000000000000e+00,4.372567215954100139e-01,4.795154890450558094e-01,4.625797199531511139e-01,0.000000000000000000e+00,0.000000000000000000e+00,0.000000000000000000e+00,0.000000000000000000e+00,4.139660354400255260e-01,3.855325820188232888e-01,4.564269224398805891e-01,4.566629696137635142e-01,4.004667701726499218e-01,4.860186041788995270e-01,3.939024446044255834e-01,0.000000000000000000e+00,4.049581761290382276e-01
4.272817858783227174e-01,4.040865140633638775e-01,4.254522678089179832e-01,3.117020495286003112e-01,3.516145432535308091e-01,3.575259276530445840e-01,3.196424290382846034e-01,4.267691460878170751e-01,3.416732178334235814e-01,4.258295783174266824e-01,3.966790335351821906e-01,4.161801058650972940e-01,0.000000000000000000e+00,3.501427357530180751e-01,4.189911076458763817e-01,4.350588604704918039e-01,4.363472915295288912e-01,4.253234354812239770e-01,4.141068961092899126e-01,4.126961390471985958e-01,4.245218078893825964e-01,4.358442794293749811e-01,4.075718872517083979e-01,4.306696672473215859e-01,4.038222717385892002e-01,4.118478540069783755e-01,3.977972937258106856e-01,3.542804028937350247e-01,3.773628666502539253e-01,3.796776293490076726e-01,3.973425075173904197e-01,4.085442542230455776e-01,3.876911194334033972e-01,4.107125590481585098e-01,3.868274933526987258e-01,3.737542557537590904e-01,3.842764232495634036e-01,3.664547864295303881e-01,4.577709922687099864e-01,4.346700502979314873e-01,5.104340223230816598e-01,5.256831209595399512e-01,4.990163883795099009e-01,0.000000000000000000e+00,3.210584874716205239e-01,0.000000000000000000e+00,4.623700326028987173e-01,5.375662573687449708e-01,0.000000000000000000e+00,5.303716520105226095e-01,5.224732737776262015e-01,5.252516609079356247e-01,4.761732590033138091e-01,5.291348844563923404e-01,0.000000000000000000e+00,5.056801862832042138e-01,0.000000000000000000e+00,5.161329547664272877e-01,0.000000000000000000e+00,4.769065691830755016e-01,4.328585625354950950e-01,0.000000000000000000e+00,0.000000000000000000e+00,5.257857990461299869e-01,4.970761081540611137e-01,4.780238923667350925e-01,4.652527220103939154e-01,5.219331876755720634e-01,0.000000000000000000e+00,4.558678667855696753e-01,4.626880656615314225e-01,5.162886759359591737e-01,5.196648682436706412e-01,5.146492272129957746e-01,5.176630331806492125e-01,5.133273356184337999e-01
0.000000000000000000e+00,0.000000000000000000e+00,4.003034970013422122e-01,3.162378099006334931e-01,2.984517846048023726e-01,3.971260830111225104e-01,3.228837614283028845e-01,3.830038063768735901e-01,3.826029009574691830e-01,0.000000000000000000e+00,2.942992653777020129e-01,0.000000000000000000e+00,3.501427357530180751e-01,0.000000000000000000e+00,0.000000000000000000e+00,0.000000000000000000e+00,0.000000000000000000e+00,0.000000000000000000e+00,3.437745522836466727e-01,0.000000000000000000e+00,4.958519041538239081e-01,0.000000000000000000e+00,3.891090272319461807e-01,0.000000000000000000e+00,0.000000000000000000e+00,4.688471330595613273e-01,4.130733171332124920e-01,3.190475470797464186e-01,0.000000000000000000e+00,0.000000000000000000e+00,0.000000000000000000e+00,3.202535716053188097e-01,0.000000000000000000e+00,3.898122801480877198e-01,0.000000000000000000e+00,2.903204419041737205e-01,2.033462586736380084e-01,0.000000000000000000e+00,0.000000000000000000e+00,0.000000000000000000e+00,0.000000000000000000e+00,0.000000000000000000e+00,0.000000000000000000e+00,0.000000000000000000e+00,0.000000000000000000e+00,0.000000000000000000e+00,0.000000000000000000e+00,0.000000000000000000e+00,0.000000000000000000e+00,0.000000000000000000e+00,5.263015265956907385e-01,0.000000000000000000e+00,0.000000000000000000e+00,0.000000000000000000e+00,0.000000000000000000e+00,0.000000000000000000e+00,0.000000000000000000e+00,0.000000000000000000e+00,0.000000000000000000e+00,0.000000000000000000e+00,0.000000000000000000e+00,0.000000000000000000e+00,0.000000000000000000e+00,0.000000000000000000e+00,0.000000000000000000e+00,0.000000000000000000e+00,0.000000000000000000e+00,0.000000000000000000e+00,0.000000000000000000e+00,0.000000000000000000e+00,0.000000000000000000e+00,4.997137276500551173e-01,0.000000000000000000e+00,0.000000000000000000e+00,0.000000000000000000e+00,0.000000000000000000e+00
3.906107761378639909e-01,4.141209997001786824e-01,0.000000000000000000e+00,0.000000000000000000e+00,0.000000000000000000e+00,4.011957541052018072e-01,4.156737450540958778e-01,3.759187825515619141e-01,0.000000000000000000e+00,4.100509374110415939e-01,0.000000000000000000e+00,4.270900651678953830e-01,4.189911076458763817e-01,0.000000000000000000e+00,0.000000000000000000e+00,4.103424354127385154e-01,4.277022321742073863e-01,3.922428403309979883e-01,0.000000000000000000e+00,3.311514651356157746e-01,3.911428418280413211e-01,3.685746212666246024e-01,3.753123766372812864e-01,4.467958016627948115e-01,3.915391747595302063e-01,4.101694264146202862e-01,3.805408924618178812e-01,4.130128549097871749e-01,3.868275881253693815e-01,0.000000000000000000e+00,4.074496104465453183e-01,4.355516973836802141e-01,3.955683886107729252e-01,4.228836823722352811e-01,4.573126798237390767e-01,5.014458461391669841e-01,4.576241355931158217e-01,3.987171748271808869e-01,4.977588452062670088e-01,4.642141060192280788e-01,4.929713553509401103e-01,5.119629855489457038e-01,4.257165599207458073e-01,0.000000000000000000e+00,0.000000000000000000e+00,5.041752077964762879e-01,5.289195540534644691e-01,0.000000000000000000e+00,0.000000000000000000e+00,0.000000000000000000e+00,4.731357566987453023e-01,0.000000000000000000e+00,4.852327087598192201e-01,0.000000000000000000e+00,0.000000000000000000e+00,0.000000000000000000e+00,0.000000000000000000e+00,4.834091133406194785e-01,0.000000000000000000e+00,5.117441896419703262e-01,4.718659760471958786e-01,0.000000000000000000e+00,4.663719385806551210e-01,0.000000000000000000e+00,4.885556056129518043e-01,4.834859600120441914e-01,5.180657374610838639e-01,4.873802736437337080e-01,0.000000000000000000e+00,4.402560062017856213e-01,5.356924527867746866e-01,4.952088849816058125e-01,4.889786792607850874e-01,4.862421663316188747e-01,0.000000000000000000e+00,4.910242119410089257e-01
3.932265396918235845e-01,3.794016804626245132e-01,4.218504008602371735e-01,0.000000000000000000e+00,0.000000000000000000e+00,4.224755039881856744e-01,4.292950836586991170e-01,4.202489757448146235e-01,4.136793796164470738e-01,3.571428662031271850e-01,0.000000000000000000e+00,3.619100983444025199e-01,4.350588604704918039e-01,0.000000000000000000e+00,4.103424354127385154e-01,0.000000000000000000e+00,3.935502213038218899e-01,3.495355821694300924e-01,0.000000000000000000e+00,4.197147801920860788e-01,3.956720605351188857e-01,3.793024452664102153e-01,4.093214872460039788e-01,3.836998270375541198e-01,3.596642258179755247e-01,3.997857774349998783e-01,4.191760370501860233e-01,4.258032801238920140e-01,4.284355198745756210e-01,4.307387697156220829e-01,3.697360024738201023e-01,4.506768429791899178e-01,3.712272059197759266e-01,3.896501327249308200e-01,4.183895529248033984e-01,0.000000000000000000e+00,0.000000000000000000e+00,3.072371482849121094e-01,4.651951108194889994e-01,4.719470817233072935e-01,4.492528534037499854e-01,0.000000000000000000e+00,0.000000000000000000e+00,0.000000000000000000e+00,0.000000000000000000e+00,4.133817846356809822e-01,4.694044690943600107e-01,0.000000000000000000e+00,0.000000000000000000e+00,0.000000000000000000e+00,4.369702473293228251e-01,0.000000000000000000e+00,0.000000000000000000e+00,0.000000000000000000e+00,4.582802848579106136e-01,0.000000000000000000e+00,4.568499777845705934e-01,4.366791603239943975e-01,0.000000000000000000e+00,4.651300030368822891e-01,4.611451459712603840e-01,4.676730596686028973e-01,4.659976726730108987e-01,0.000000000000000000e+00,4.645859023455217729e-01,0.000000000000000000e+00,4.438445102316861957e-01,4.901887694789209271e-01,4.486942784077330160e-01,4.654740105321292232e-01,4.790048129743237904e-01,4.819686634317457141e-01,0.000000000000000000e+00,4.667319442353684011e-01,0.000000000000000000e+00,4.475684047083027806e-01
3.886173530381820118e-01,3.920336856122119129e-01,4.408017843088323229e-01,0.000000000000000000e+00,4.584631538853571886e-01,4.335416863674250165e-01,4.417260524722780857e-01,0.000000000000000000e+00,4.502694990178773837e-01,3.356460910246812923e-01,4.357900684666975999e-01,3.688936694180288134e-01,4.363472915295288912e-01,0.000000000000000000e+00,4.277022321742073863e-01,3.935502213038218899e-01,0.000000000000000000e+00,3.362685761427132158e-01,0.000000000000000000e+00,3.986517052716422871e-01,4.393777005622441778e-01,3.944915544964170961e-01,4.336015457401193873e-01,3.751316344281458992e-01,3.454952433239497078e-01,3.566195358388867254e-01,4.363564063351402234e-01,4.434960898150233088e-01,4.059915466987312760e-01,0.000000000000000000e+00,3.752742741911432867e-01,4.561274041636187992e-01,3.642695395724090957e-01,3.919353786128981776e-01,3.957247805035487009e-01,4.535081433097293835e-01,0.000000000000000000e+00,3.555880710942596057e-01,4.859796553111710993e-01,4.704603182649231830e-01,4.665368824961056982e-01,0.000000000000000000e+00,0.000000000000000000e+00,0.000000000000000000e+00,4.350081813814086207e-01,0.000000000000000000e+00,4.559727659638445063e-01,0.000000000000000000e+00,0.000000000000000000e+00,0.000000000000000000e+00,0.000000000000000000e+00,0.000000000000000000e+00,0.000000000000000000e+00,0.000000000000000000e+00,4.940235100589586148e-01,0.000000000000000000e+00,4.856766489096492889e-01,0.000000000000000000e+00,0.000000000000000000e+00,0.000000000000000000e+00,4.662430604674954737e-01,4.890450798888559825e-01,4.749233608222359071e-01,0.000000000000000000e+00,0.000000000000000000e+00,0.000000000000000000e+00,0.000000000000000000e+00,0.000000000000000000e+00,4.372536789699372761e-01,4.634698785257089226e-01,4.655426957306811886e-01,0.000000000000000000e+00,0.000000000000000000e+00,0.000000000000000000e+00,0.000000000000000000e+00,4.794320995535094054e-01
3.779987969134400161e-01,3.718023966898130750e-01,0.000000000000000000e+00,0.000000000000000000e+00,0.000000000000000000e+00,4.078479096832626771e-01,4.254841457078621936e-01,4.572576867370015119e-01,4.236391296879242208e-01,3.368369769690188753e-01,4.308298022579795106e-01,3.416586398551058057e-01,4.253234354812239770e-01,0.000000000000000000e+00,3.922428403309979883e-01,3.495355821694300924e-01,3.362685761427132158e-01,0.000000000000000000e+00,0.000000000000000000e+00,4.055648669397322048e-01,4.304644468562207060e-01,3.902491495192558224e-01,4.191162886207280835e-01,3.546539112263378812e-01,3.091918177098669229e-01,3.527760360372640958e-01,4.048021742791189093e-01,4.187488220643720838e-01,4.162099734718763822e-01,4.397773812296302820e-01,3.653154297513797055e-01,4.504842623298935811e-01,3.567800809273082852e-01,3.854689536808332262e-01,4.046344812352232201e-01,4.523429627925386054e-01,0.000000000000000000e+00,3.427794820141435994e-01,4.548798773018932762e-01,4.563495565421539779e-01,4.508760711441506253e-01,4.729550735446498844e-01,0.000000000000000000e+00,0.000000000000000000e+00,0.000000000000000000e+00,4.003903449401752801e-01,4.558372659942345750e-01,0.000000000000000000e+00,0.000000000000000000e+00,0.000000000000000000e+00,4.381042679157832742e-01,0.000000000000000000e+00,0.000000000000000000e+00,0.000000000000000000e+00,4.727210144749821041e-01,0.000000000000000000e+00,4.554728765342118124e-01,0.000000000000000000e+00,0.000000000000000000e+00,4.685292259960843197e-01,4.561517789083893160e-01,4.747047092397838064e-01,4.591673240727329741e-01,0.000000000000000000e+00,4.426628561404061801e-01,0.000000000000000000e+00,4.343281500043297272e-01,4.671568589115834835e-01,4.346977322311166847e-01,4.557875403483037102e-01,4.579487171536475998e-01,4.627492625701175033e-01,0.000000000000000000e+00,4.477374860814419266e-01,0.000000000000000000e+00,4.521285829038114157e-01
0.000000000000000000e+00,0.000000000000000000e+00,2.616894909630698152e-01,0.000000000000000000e+00,3.614494377200885844e-01,3.617602527521929234e-01,3.948498927464393904e-01,4.653119978842820137e-01,2.744726582611382026e-01,4.273893812194086150e-01,2.591392288178127057e-01,4.159770722770149143e-01,4.141068961092899126e-01,3.437745522836466727e-01,0.000000000000000000e+00,0.000000000000000000e+00,0.000000000000000000e+00,0.000000000000000000e+00,0.000000000000000000e+00,0.000000000000000000e+00,0.000000000000000000e+00,0.000000000000000000e+00,3.587261186424434145e-01,0.000000000000000000e+00,0.000000000000000000e+00,0.000000000000000000e+00,3.378667631148218886e-01,4.199471775568365262e-01,4.070992906648279175e-01,4.485507250248462752e-01,4.230450791591778836e-01,4.295380755246270832e-01,4.085649886537344178e-01,4.271130647586843243e-01,4.064637898054663245e-01,3.634254843764648801e-01,4.069976633017299839e-01,3.904840946858900153e-01,5.475560796594366453e-01,0.000000000000000000e+00,5.343417481314484130e-01,0.000000000000000000e+00,5.247545109031857002e-01,0.000000000000000000e+00,0.000000000000000000e+00,0.000000000000000000e+00,0.000000000000000000e+00,5.550890653782235562e-01,0.000000000000000000e+00,5.559388357315238061e-01,5.546657961442734708e-01,5.578433328155451010e-01,5.474063216833492396e-01,5.479702016473599890e-01,0.000000000000000000e+00,3.650838777291819937e-01,0.000000000000000000e+00,5.501388695083974101e-01,5.595784281245540503e-01,0.000000000000000000e+00,0.000000000000000000e+00,0.000000000000000000e+00,0.000000000000000000e+00,5.417684257628235800e-01,4.568640738244614807e-01,0.000000000000000000e+00,0.000000000000000000e+00,5.693521388081875800e-01,0.000000000000000000e+00,0.000000000000000000e+00,0.000000000000000000e+00,5.521578541416819474e-01,5.235918762135121085e-01,5.244395396339697202e-01,0.000000000000000000e+00,5.575511962574679625e-01
4.214126748203049777e-01,4.259631498392231763e-01,4.005043711215584001e-01,0.000000000000000000e+00,0.000000000000000000e+00,3.906051649578681784e-01,4.072281839392735137e-01,3.813957561223013104e-01,3.986466097949030174e-01,3.992627978851349124e-01,0.000000000000000000e+00,4.104271532749512730e-01,4.126961390471985958e-01,0.000000000000000000e+00,3.311514651356157746e-01,4.197147801920860788e-01,3.986517052716422871e-01,4.055648669397322048e-01,0.000000000000000000e+00,0.000000000000000000e+00,4.089129526408165072e-01,3.880674442464115970e-01,3.212479309888883749e-01,4.467483941036292094e-01,3.968381386175546255e-01,4.327711205857411869e-01,3.657441651551190942e-01,3.519148916680320260e-01,3.431301006216416205e-01,3.046382853294868909e-01,3.782208922681147834e-01,4.344810019226443276e-01,3.649340047938398057e-01,4.081198503818234125e-01,4.491928844574121227e-01,5.034876272996959834e-01,4.519886526313660058e-01,3.797223514186953142e-01,4.841622338437763795e-01,4.314123148962504817e-01,4.943169564586132880e-01,5.076414341125806695e-01,4.194785943384978233e-01,0.000000000000000000e+00,0.000000000000000000e+00,0.000000000000000000e+00,4.624230459068848220e-01,4.905132886175153084e-01,0.000000000000000000e+00,0.000000000000000000e+00,4.764925458911262179e-01,4.775562857344616274e-01,4.781592380424100064e-01,4.720514710281574211e-01,0.000000000000000000e+00,4.125385233364590731e-01,0.000000000000000000e+00,4.859151098443963979e-01,0.000000000000000000e+00,4.838860713382356904e-01,4.478414543946082071e-01,0.000000000000000000e+00,4.242853517232885174e-01,0.000000000000000000e+00,4.839667645181683908e-01,4.584690609443263232e-01,4.852353325477494761e-01,4.933705213976077864e-01,0.000000000000000000e+00,4.278726321445450176e-01,4.919846051161209100e-01,4.967639065437070012e-01,4.889026889777606244e-01,4.853322320759624886e-01,4.975904207609005980e-01,4.888233073534464235e-01
3.861304789347236865e-01,3.966669173028726791e-01,3.723640944220892868e-01,0.000000000000000000e+00,0.000000000000000000e+00,3.796266767986570256e-01,4.163590279903638947e-01,3.898750620231479225e-01,3.767479658834275158e-01,4.695616804657741228e-01,0.000000000000000000e+00,4.605594204856767182e-01,4.245218078893825964e-01,4.958519041538239081e-01,3.911428418280413211e-01,3.956720605351188857e-01,4.393777005622441778e-01,4.304644468562207060e-01,0.000000000000000000e+00,4.089129526408165072e-01,0.000000000000000000e+00,4.288290253068787194e-01,3.796310445579844095e-01,4.691697877959959961e-01,4.233899716883693931e-01,4.066352254811657074e-01,3.929134096457597147e-01,4.150919003632347892e-01,3.871939296728809099e-01,4.225766652986118199e-01,3.831204961821572108e-01,4.235708751825965068e-01,3.749773686017071062e-01,4.001072373618411726e-01,4.373897031543447222e-01,4.822314684796578099e-01,0.000000000000000000e+00,4.866642432967164256e-01,4.671874059041271066e-01,4.667136802357365055e-01,4.872103163874347276e-01,0.000000000000000000e+00,4.454942414465243861e-01,0.000000000000000000e+00,0.000000000000000000e+00,3.955642389621188970e-01,4.976918507690771820e-01,0.000000000000000000e+00,0.000000000000000000e+00,0.000000000000000000e+00,4.089222653998748069e-01,0.000000000000000000e+00,4.420985501078861235e-01,0.000000000000000000e+00,0.000000000000000000e+00,0.000000000000000000e+00,5.182036570619762417e-01,4.603507099298100869e-01,0.000000000000000000e+00,4.670979659008981932e-01,4.630244931061739955e-01,0.000000000000000000e+00,4.621686368548518220e-01,0.000000000000000000e+00,4.631007497695995845e-01,3.749584490844651841e-01,5.024003484501102790e-01,4.451096269584096099e-01,3.212245102899293214e-01,4.428074316773151775e-01,5.095229137818936271e-01,4.625826543916867761e-01,4.620991463257054233e-01,4.559945041062842819e-01,0.000000000000000000e+00,4.609782529779660742e-01
