0.000000000000000000e+00,4.100741880895474867e-01,0.000000000000000000e+00,0.000000000000000000e+00,0.000000000000000000e+00,4.614438463119199252e-01,4.461119357642818750e-01,5.407148935145295043e-01,0.000000000000000000e+00,4.336642139817212804e-01,0.000000000000000000e+00,4.047233432605307213e-01,4.555725148534924829e-01,0.000000000000000000e+00,4.244247183656681965e-01,4.131599811273656275e-01,4.558782177014982229e-01,3.749261456750334065e-01,0.000000000000000000e+00,4.494165524400500211e-01,4.742986363082981049e-01,4.321271361823986190e-01,4.970421477741197025e-01,3.693623404999514803e-01,3.687213672696085798e-01,3.915424352059301838e-01,4.677621718644868754e-01,4.743905341453403257e-01,4.592603918256427109e-01,0.000000000000000000e+00,3.994848941152587818e-01,4.473456891815019154e-01,3.408805800301025202e-01,3.817562942924194180e-01,4.346214959527893162e-01,3.931279182434082031e-01,0.000000000000000000e+00,3.451864421367645264e-01,4.816519012698555202e-01,4.935338662324719183e-01,4.654795444575605123e-01,5.086929225634995166e-01,0.000000000000000000e+00,0.000000000000000000e+00,0.000000000000000000e+00,3.701062125115450741e-01,5.045628746466110925e-01,0.000000000000000000e+00,0.000000000000000000e+00,0.000000000000000000e+00,0.000000000000000000e+00,0.000000000000000000e+00,0.000000000000000000e+00,0.000000000000000000e+00,0.000000000000000000e+00,0.000000000000000000e+00,3.954713279134953741e-01,0.000000000000000000e+00,0.000000000000000000e+00,4.941637324716423030e-01,4.926335845101358912e-01,0.000000000000000000e+00,4.730525191481854130e-01,0.000000000000000000e+00,0.000000000000000000e+00,3.676616014163122115e-01,5.130413374322314590e-01,0.000000000000000000e+00,3.275242090178216992e-01,4.810616723855344889e-01,4.892016280368968184e-01,0.000000000000000000e+00,0.000000000000000000e+00,0.000000000000000000e+00,0.000000000000000000e+00,4.835679114812718726e-01
4.100741880895474867e-01,0.000000000000000000e+00,4.139736729383555747e-01,0.000000000000000000e+00,4.099770532657021072e-01,4.042956303218270264e-01,4.319341765931217769e-01,4.308078047431881941e-01,4.023016847396774232e-01,3.809312671688341867e-01,0.000000000000000000e+00,3.718251609806443869e-01,4.322763842241448828e-01,0.000000000000000000e+00,4.330065530693076870e-01,4.096495087112881905e-01,4.175416691382732859e-01,3.980479977758702992e-01,0.000000000000000000e+00,4.412386440062557869e-01,4.463140033047262034e-01,4.065094770363382182e-01,4.290370946075426906e-01,3.986460181071830866e-01,3.582720683324429056e-01,3.867456802195434196e-01,4.233517687985201006e-01,4.399369648016250856e-01,4.182914404456479218e-01,4.199285282496594274e-01,3.999824660442631852e-01,4.516055915947982946e-01,3.639156209941374898e-01,3.890146386339451978e-01,4.426540388902122092e-01,0.000000000000000000e+00,0.000000000000000000e+00,0.000000000000000000e+00,4.922198709277110784e-01,4.400774316488388904e-01,4.687640636530002181e-01,4.977453940306872937e-01,4.319529838545735911e-01,0.000000000000000000e+00,0.000000000000000000e+00,4.617870966062905258e-01,4.964596860985606153e-01,0.000000000000000000e+00,0.000000000000000000e+00,0.000000000000000000e+00,4.662523894138411729e-01,4.602524154881669771e-01,0.000000000000000000e+00,0.000000000000000000e+00,4.516819760405503259e-01,0.000000000000000000e+00,0.000000000000000000e+00,4.637773901026560064e-01,0.000000000000000000e+00,5.033858052984494513e-01,4.777144101523728148e-01,4.662568308146264884e-01,4.680188677825252164e-01,0.000000000000000000e+00,4.635152608373656058e-01,5.029694874112214942e-01,4.979841511563615764e-01,5.060687698294885628e-01,0.000000000000000000e+00,4.813992229440606230e-01,5.091426200316560013e-01,4.970083484354276271e-01,4.735931801192411750e-01,4.726524069612895729e-01,0.000000000000000000e+00,4.622598482173925771e-01
0.000000000000000000e+00,4.139736729383555747e-01,0.000000000000000000e+00,4.484839620932423165e-01,4.055506910959720823e-01,3.721053651721394906e-01,4.766017908851630791e-01,4.775859254482949234e-01,3.105873070396151792e-01,4.977195628543472083e-01,3.197560851497631140e-01,4.645542966243880190e-01,4.744300718565588881e-01,4.333896052466721938e-01,4.560934746721311273e-01,4.202135693143386752e-01,0.000000000000000000e+00,5.033971119365944213e-01,2.771424750892512168e-01,0.000000000000000000e+00,4.595073497635555060e-01,4.283825073027490160e-01,3.573421282055478931e-01,4.506616343021371263e-01,4.751175459285297831e-01,4.769224107886371744e-01,3.470580687019874100e-01,4.933551343081830076e-01,4.247793180036301131e-01,4.705515175573418141e-01,5.043361913907041805e-01,4.629688811107632862e-01,4.545855220210410219e-01,4.902341892748899865e-01,4.794437535861160171e-01,4.548100646371009970e-01,4.722807873682398072e-01,4.786201629328358242e-01,5.468635947523385887e-01,0.000000000000000000e+00,5.682174209857323577e-01,5.612601277705006053e-01,5.518111615674372583e-01,5.913016796112060547e-01,0.000000000000000000e+00,0.000000000000000000e+00,0.000000000000000000e+00,5.294275888121150464e-01,0.000000000000000000e+00,5.678931347257238915e-01,5.821889974125916689e-01,5.720724890316034594e-01,5.775282601890259215e-01,5.937387142742257540e-01,0.000000000000000000e+00,4.718551802389410743e-01,0.000000000000000000e+00,5.701380805951563602e-01,5.663176326505466873e-01,0.000000000000000000e+00,0.000000000000000000e+00,0.000000000000000000e+00,0.000000000000000000e+00,4.618537631364518226e-01,5.049567091476081515e-01,0.000000000000000000e+00,5.113408871912376030e-01,5.974628034462138304e-01,0.000000000000000000e+00,0.000000000000000000e+00,0.000000000000000000e+00,5.783197373246510287e-01,5.663494915427458309e-01,5.276976945616550507e-01,0.000000000000000000e+00,5.704551973405821430e-01
0.000000000000000000e+00,0.000000000000000000e+00,4.484839620932423165e-01,0.000000000000000000e+00,3.347837864088504811e-01,0.000000000000000000e+00,3.029404551406748025e-01,4.518824392043456761e-01,4.489161638305856905e-01,0.000000000000000000e+00,4.157071050101011078e-01,0.000000000000000000e+00,3.104809631419275795e-01,3.847540115654496939e-01,0.000000000000000000e+00,0.000000000000000000e+00,0.000000000000000000e+00,0.000000000000000000e+00,4.615503842209001117e-01,0.000000000000000000e+00,0.000000000000000000e+00,0.000000000000000000e+00,4.408115254398298766e-01,0.000000000000000000e+00,0.000000000000000000e+00,0.000000000000000000e+00,0.000000000000000000e+00,2.971108918246587738e-01,0.000000000000000000e+00,0.000000000000000000e+00,0.000000000000000000e+00,3.061306872895638853e-01,0.000000000000000000e+00,3.975069224834442139e-01,3.043865456767160249e-01,2.691909118885895125e-01,1.838932763814082882e-01,0.000000000000000000e+00,0.000000000000000000e+00,0.000000000000000000e+00,0.000000000000000000e+00,0.000000000000000000e+00,0.000000000000000000e+00,0.000000000000000000e+00,0.000000000000000000e+00,0.000000000000000000e+00,0.000000000000000000e+00,0.000000000000000000e+00,0.000000000000000000e+00,0.000000000000000000e+00,0.000000000000000000e+00,0.000000000000000000e+00,0.000000000000000000e+00,0.000000000000000000e+00,0.000000000000000000e+00,0.000000000000000000e+00,0.000000000000000000e+00,0.000000000000000000e+00,0.000000000000000000e+00,0.000000000000000000e+00,0.000000000000000000e+00,0.000000000000000000e+00,0.000000000000000000e+00,0.000000000000000000e+00,0.000000000000000000e+00,0.000000000000000000e+00,0.000000000000000000e+00,0.000000000000000000e+00,0.000000000000000000e+00,0.000000000000000000e+00,0.000000000000000000e+00,0.000000000000000000e+00,0.000000000000000000e+00,0.000000000000000000e+00,0.000000000000000000e+00,0.000000000000000000e+00
0.000000000000000000e+00,4.099770532657021072e-01,4.055506910959720823e-01,3.347837864088504811e-01,0.000000000000000000e+00,3.792419433421154173e-01,3.745506692360751066e-01,3.970447364004073276e-01,3.509325442912037962e-01,4.986795959838994929e-01,3.628144618031944879e-01,4.732346298914771876e-01,4.310125283509820826e-01,3.542894527208251820e-01,0.000000000000000000e+00,4.325926456640090123e-01,4.951928030147521032e-01,4.720956978220116063e-01,4.024053646579772159e-01,4.253832702448435144e-01,0.000000000000000000e+00,4.327204376561210042e-01,4.234576279055873860e-01,0.000000000000000000e+00,4.366215539490715947e-01,4.402880991378890219e-01,4.085528135741771094e-01,4.282017941806797734e-01,4.183806278530308731e-01,4.262387470383420252e-01,5.086701099145359839e-01,4.211402906732074070e-01,4.431463368354139898e-01,4.862433890576958184e-01,4.457910044502623736e-01,3.207534869762427854e-01,3.101716358454760791e-01,4.632765302485761238e-01,4.484736733183852797e-01,0.000000000000000000e+00,0.000000000000000000e+00,0.000000000000000000e+00,4.858526221578107207e-01,0.000000000000000000e+00,0.000000000000000000e+00,0.000000000000000000e+00,0.000000000000000000e+00,5.592996699665117033e-01,0.000000000000000000e+00,4.942909315856510166e-01,5.384272427552289075e-01,0.000000000000000000e+00,5.059180810743018064e-01,5.530138311742976986e-01,0.000000000000000000e+00,4.296956016902214182e-01,0.000000000000000000e+00,5.223969408455423347e-01,0.000000000000000000e+00,0.000000000000000000e+00,0.000000000000000000e+00,0.000000000000000000e+00,0.000000000000000000e+00,5.251363779978269752e-01,0.000000000000000000e+00,0.000000000000000000e+00,0.000000000000000000e+00,5.587557770275346503e-01,0.000000000000000000e+00,0.000000000000000000e+00,4.624512306495229819e-01,5.428899120528070110e-01,5.255831165164848162e-01,5.136266240628276636e-01,0.000000000000000000e+00,0.000000000000000000e+00
4.614438463119199252e-01,4.042956303218270264e-01,3.721053651721394906e-01,0.000000000000000000e+00,3.792419433421154173e-01,0.000000000000000000e+00,4.307315249173885863e-01,4.147790202977649776e-01,3.253715123962663824e-01,4.804936106810638874e-01,3.977304274263199768e-01,4.285866849809346069e-01,3.842485117491858948e-01,4.257191674936480763e-01,4.397675519780464004e-01,4.210143082314677931e-01,4.938999414497670104e-01,4.253345070382251181e-01,4.082837734149865061e-01,4.036975447834326158e-01,4.320797828930774132e-01,4.251967034370772169e-01,3.773799700793288858e-01,4.050318300724030096e-01,3.884480890927277108e-01,4.262226176663224120e-01,3.468951548694257925e-01,4.066892488564383124e-01,3.325415201037124069e-01,4.191096450603908896e-01,4.468795212002523165e-01,4.181045726693441988e-01,3.919204285080640227e-01,4.445175572725690860e-01,4.509714564755415989e-01,4.445277264440031240e-01,4.584656286428122063e-01,0.000000000000000000e+00,5.073834954105673756e-01,4.290793504424882943e-01,5.347633299979515087e-01,5.329170972121524130e-01,5.008610564060821391e-01,0.000000000000000000e+00,0.000000000000000000e+00,0.000000000000000000e+00,4.582190345464747794e-01,5.716646306184671733e-01,0.000000000000000000e+00,5.406742038901704017e-01,5.441181930756048279e-01,5.457195911408004863e-01,5.049022757555499119e-01,5.766364875106486654e-01,0.000000000000000000e+00,5.465179670607143159e-01,0.000000000000000000e+00,5.358167089407049888e-01,5.603850586454685034e-01,4.986278509052545771e-01,4.425231297696666788e-01,0.000000000000000000e+00,0.000000000000000000e+00,5.723894468168116978e-01,4.947257456092409855e-01,4.776195066878550222e-01,4.835577729309393225e-01,5.497502675593967103e-01,0.000000000000000000e+00,4.391287231066635099e-01,4.813283884976414795e-01,5.318570059355816060e-01,5.334574417419449821e-01,5.126822244715076859e-01,5.410151617368910149e-01,5.381248236239352112e-01
4.461119357642818750e-01,4.319341765931217769e-01,4.766017908851630791e-01,3.029404551406748025e-01,3.745506692360751066e-01,4.307315249173885863e-01,0.000000000000000000e+00,4.685439486318289104e-01,4.287577729485864131e-01,4.480639772951989785e-01,4.908605222851716854e-01,4.274086036860140214e-01,3.588901171534948920e-01,3.988486466580994927e-01,4.350196853754482174e-01,4.615741757588668892e-01,4.583304399992705891e-01,4.572724865815254169e-01,5.062301519256233728e-01,4.494044953029203149e-01,4.567776835981922079e-01,4.644205263423206165e-01,4.565939443823289756e-01,3.522441452776345905e-01,4.268964429969909213e-01,4.399611487159573731e-01,4.417304612026117794e-01,3.663658845292205868e-01,4.457510017034083116e-01,0.000000000000000000e+00,4.500270402269643810e-01,4.534098846887125167e-01,4.068911344212473025e-01,4.252259640445031907e-01,4.141151479450271844e-01,4.156398464026013206e-01,3.802900144733776244e-01,3.784076425058183757e-01,4.947496934526326995e-01,4.319865200759540058e-01,5.453729300764841303e-01,0.000000000000000000e+00,5.147428815727921325e-01,0.000000000000000000e+00,0.000000000000000000e+00,0.000000000000000000e+00,4.633221161068636906e-01,5.674774973317064930e-01,0.000000000000000000e+00,0.000000000000000000e+00,5.453062354226245745e-01,0.000000000000000000e+00,5.289509580287925505e-01,5.715142916156611408e-01,0.000000000000000000e+00,5.059940134307482351e-01,0.000000000000000000e+00,5.406695128576226583e-01,0.000000000000000000e+00,5.071017193883895491e-01,4.465732574728549786e-01,0.000000000000000000e+00,0.000000000000000000e+00,5.673293705385706875e-01,4.953421736000577225e-01,0.000000000000000000e+00,4.730104373313844257e-01,5.544530942046625999e-01,0.000000000000000000e+00,0.000000000000000000e+00,4.714455720042696196e-01,5.406199314926415367e-01,5.352548659466939140e-01,5.138547457642733685e-01,0.000000000000000000e+00,5.492480854469651286e-01
5.407148935145295043e-01,4.308078047431881941e-01,4.775859254482949234e-01,4.518824392043456761e-01,3.970447364004073276e-01,4.147790202977649776e-01,4.685439486318289104e-01,0.000000000000000000e+00,4.837011190394603921e-01,5.042911327308271519e-01,3.285440199025618790e-01,5.196452176585986127e-01,4.687453856712112121e-01,4.091945584136773006e-01,4.426588544856122076e-01,4.838082984255259178e-01,0.000000000000000000e+00,5.072342210133525819e-01,4.573863157342408781e-01,4.187065816040548838e-01,4.283027242756883846e-01,4.429487850563060269e-01,3.965163267466441099e-01,5.329519999775829131e-01,5.025464283565622692e-01,5.031644614944261740e-01,4.300983564979561913e-01,4.637144704453978750e-01,4.242121211549895743e-01,4.417695509501585183e-01,4.743380043257618972e-01,4.213198788159541741e-01,4.232845089649954207e-01,4.721392841847443234e-01,4.922140817073378805e-01,3.740009795290897276e-01,4.070998616335185227e-01,0.000000000000000000e+00,4.876115729559672984e-01,0.000000000000000000e+00,5.159898675529996925e-01,5.078763824777121627e-01,5.116201828660109641e-01,0.000000000000000000e+00,0.000000000000000000e+00,0.000000000000000000e+00,0.000000000000000000e+00,5.510601933981261746e-01,0.000000000000000000e+00,5.220882629976973943e-01,5.077605263660799340e-01,0.000000000000000000e+00,4.503546463557063784e-01,5.601651611559136379e-01,0.000000000000000000e+00,5.143867512098021511e-01,0.000000000000000000e+00,5.100808050925961235e-01,0.000000000000000000e+00,5.418203268843765352e-01,0.000000000000000000e+00,0.000000000000000000e+00,0.000000000000000000e+00,5.490151865693884137e-01,5.202478376359140899e-01,5.120741421688326245e-01,5.360362575197857860e-01,5.260587990701353078e-01,0.000000000000000000e+00,5.249842791954159038e-01,5.181756529038379355e-01,5.124665587281895807e-01,5.159251458877492924e-01,5.037620224387442391e-01,5.062944129332864751e-01,5.178219100900091076e-01
0.000000000000000000e+00,4.023016847396774232e-01,3.105873070396151792e-01,4.489161638305856905e-01,3.509325442912037962e-01,3.253715123962663824e-01,4.287577729485864131e-01,4.837011190394603921e-01,0.000000000000000000e+00,5.132590615610043150e-01,2.901107425232037906e-01,4.661079207054205087e-01,4.256175929424317883e-01,4.328305393667193912e-01,0.000000000000000000e+00,4.186936967472982274e-01,5.046855192688158853e-01,4.834859421804906798e-01,2.558566536564704230e-01,4.140269669211145143e-01,0.000000000000000000e+00,4.249226761844249189e-01,4.020893847408569810e-01,4.443996701532698101e-01,4.341867887510417190e-01,4.476564657293738980e-01,3.728786116558576724e-01,4.969047508882368236e-01,4.124019772673965245e-01,4.486244888448219226e-01,5.153309117459574651e-01,4.704276261961330974e-01,4.552438492657848723e-01,4.975694869334291170e-01,4.736228115227910096e-01,4.822635968131985251e-01,4.791440384024169830e-01,4.671159116828126900e-01,5.260293422301578481e-01,4.314916687025709963e-01,5.493736542134459722e-01,5.600622700226517425e-01,5.412801262306605743e-01,0.000000000000000000e+00,0.000000000000000000e+00,0.000000000000000000e+00,4.493024489745491845e-01,5.880942212051762930e-01,0.000000000000000000e+00,5.485870301686441852e-01,5.687709698808421921e-01,5.613142576839281750e-01,5.636049102100662012e-01,5.871045481012682199e-01,0.000000000000000000e+00,4.906183508957728256e-01,0.000000000000000000e+00,5.610930318813195372e-01,5.727443761604045225e-01,4.721382155516907209e-01,0.000000000000000000e+00,0.000000000000000000e+00,0.000000000000000000e+00,5.820085633963582028e-01,4.952921315426850879e-01,0.000000000000000000e+00,4.636499266970290911e-01,5.901294668252181630e-01,4.614095985889434814e-01,0.000000000000000000e+00,4.647777356290402895e-01,5.695268934450584686e-01,5.500483822564641301e-01,5.135042943591725528e-01,0.000000000000000000e+00,5.585232882341595317e-01
4.336642139817212804e-01,3.809312671688341867e-01,4.977195628543472083e-01,0.000000000000000000e+00,4.986795959838994929e-01,4.804936106810638874e-01,4.480639772951989785e-01,5.042911327308271519e-01,5.132590615610043150e-01,0.000000000000000000e+00,5.165942494220219228e-01,2.828167592531908858e-01,4.655593861099874831e-01,0.000000000000000000e+00,0.000000000000000000e+00,3.645879034149777098e-01,3.362806245571642871e-01,3.629104062382829121e-01,5.265382256165178632e-01,4.039925540254956093e-01,4.904601064928427734e-01,3.951993354647588275e-01,4.803143882276278975e-01,3.158023454062118263e-01,3.287963212942002222e-01,3.106431398971077895e-01,4.633334434201993868e-01,4.422671682034036156e-01,4.400891960628546817e-01,0.000000000000000000e+00,3.696555958819546794e-01,3.797340805977785227e-01,3.361084286422866274e-01,3.469392036390948064e-01,3.229260744555815799e-01,4.399646205757282158e-01,2.714305287515718090e-01,3.009065790898993731e-01,3.376054303075006757e-01,4.435840247343825204e-01,4.616381565984692958e-01,0.000000000000000000e+00,3.643539733927174118e-01,0.000000000000000000e+00,3.850054989246380899e-01,3.865470767014952957e-01,0.000000000000000000e+00,0.000000000000000000e+00,0.000000000000000000e+00,0.000000000000000000e+00,0.000000000000000000e+00,0.000000000000000000e+00,0.000000000000000000e+00,0.000000000000000000e+00,4.841561601429298922e-01,5.268063848453792275e-01,4.781185498422386160e-01,0.000000000000000000e+00,0.000000000000000000e+00,0.000000000000000000e+00,4.723280661079823917e-01,4.985344922784403776e-01,4.892212339356871165e-01,0.000000000000000000e+00,0.000000000000000000e+00,0.000000000000000000e+00,0.000000000000000000e+00,5.493555161363720130e-01,4.072956503158282060e-01,4.818704856266646797e-01,4.810181288596587779e-01,5.298088489048886629e-01,4.772472275151017906e-01,0.000000000000000000e+00,0.000000000000000000e+00,4.921110062599847734e-01
0.000000000000000000e+00,0.000000000000000000e+00,3.197560851497631140e-01,4.157071050101011078e-01,3.628144618031944879e-01,3.977304274263199768e-01,4.908605222851716854e-01,3.285440199025618790e-01,2.901107425232037906e-01,5.165942494220219228e-01,0.000000000000000000e+00,4.938433720992034814e-01,5.196778202103530253e-01,3.012145426234295043e-01,0.000000000000000000e+00,0.000000000000000000e+00,5.150545293325903273e-01,5.143238999908462672e-01,2.706600387039684863e-01,0.000000000000000000e+00,0.000000000000000000e+00,0.000000000000000000e+00,2.984145172213709118e-01,0.000000000000000000e+00,5.037721686851945879e-01,5.042600361639005824e-01,3.844994704285927822e-01,5.113326335748750173e-01,0.000000000000000000e+00,0.000000000000000000e+00,5.347532672776180718e-01,4.646453529662853965e-01,4.920592400136574174e-01,5.142298381847308919e-01,4.849821929099564777e-01,3.346511715523642905e-01,3.865632662420034893e-01,5.129468280867290897e-01,4.851960288838236268e-01,0.000000000000000000e+00,5.026498778772270359e-01,0.000000000000000000e+00,4.899067107046897185e-01,0.000000000000000000e+00,0.000000000000000000e+00,0.000000000000000000e+00,0.000000000000000000e+00,4.937496085235129062e-01,0.000000000000000000e+00,4.038390858400945915e-01,5.374988033955925282e-01,4.962450225272734827e-01,5.009074686762582385e-01,5.117236678828499530e-01,0.000000000000000000e+00,2.326453271092580044e-01,0.000000000000000000e+00,4.867294625206892156e-01,4.582615933684319187e-01,0.000000000000000000e+00,0.000000000000000000e+00,0.000000000000000000e+00,0.000000000000000000e+00,3.081389193588430775e-01,0.000000000000000000e+00,0.000000000000000000e+00,0.000000000000000000e+00,5.660163623743513783e-01,0.000000000000000000e+00,0.000000000000000000e+00,0.000000000000000000e+00,5.491114855428133046e-01,4.937985979111835788e-01,4.764541646937273112e-01,0.000000000000000000e+00,5.138765069068177427e-01
4.047233432605307213e-01,3.718251609806443869e-01,4.645542966243880190e-01,0.000000000000000000e+00,4.732346298914771876e-01,4.285866849809346069e-01,4.274086036860140214e-01,5.196452176585986127e-01,4.661079207054205087e-01,2.828167592531908858e-01,4.938433720992034814e-01,0.000000000000000000e+00,4.484108995485848181e-01,0.000000000000000000e+00,4.659981720679128858e-01,3.732830165856623195e-01,3.722420036958535849e-01,3.760994609219558971e-01,5.008216037832020628e-01,4.236640252907025173e-01,4.916440482634876208e-01,0.000000000000000000e+00,4.524164935772119200e-01,2.693089306547082895e-01,3.444303764850633054e-01,3.085075658386491892e-01,4.246064382110847912e-01,4.205074994461390214e-01,0.000000000000000000e+00,0.000000000000000000e+00,3.811187963537492895e-01,2.996656331639855897e-01,3.055880861120747749e-01,2.988458244411026921e-01,3.116439202607738101e-01,2.953851335343666840e-01,2.229325812735291068e-01,2.401612498776274918e-01,2.844892793253681051e-01,4.098471805988063155e-01,1.902601150267481944e-01,2.273036405654894898e-01,3.288903919819731736e-01,1.795602474463653120e-01,2.625853235940449060e-01,3.655251751607069832e-01,0.000000000000000000e+00,4.706235422306719873e-01,0.000000000000000000e+00,0.000000000000000000e+00,4.210671689516707894e-01,0.000000000000000000e+00,0.000000000000000000e+00,4.613893620890309744e-01,4.047356841078851852e-01,0.000000000000000000e+00,4.323898606799103095e-01,3.422498865879348151e-01,0.000000000000000000e+00,4.304877463924479120e-01,4.794794323439401929e-01,4.867235676117929732e-01,4.814360296796728056e-01,0.000000000000000000e+00,4.242806822908404274e-01,3.501841691177423055e-01,4.361616203560120253e-01,0.000000000000000000e+00,3.545002221092706796e-01,4.707996629997536209e-01,4.655508787469674892e-01,4.399725065629528920e-01,3.769834574684505224e-01,4.205578808405087132e-01,0.000000000000000000e+00,4.640803997125572122e-01
4.555725148534924829e-01,4.322763842241448828e-01,4.744300718565588881e-01,3.104809631419275795e-01,4.310125283509820826e-01,3.842485117491858948e-01,3.588901171534948920e-01,4.687453856712112121e-01,4.256175929424317883e-01,4.655593861099874831e-01,5.196778202103530253e-01,4.484108995485848181e-01,0.000000000000000000e+00,4.323589097659822911e-01,4.498413278018130734e-01,4.707600235919994769e-01,4.681382351362584071e-01,4.656615567839407777e-01,5.222120254263047379e-01,4.433364267931962921e-01,4.536029041913529070e-01,4.681636680078917756e-01,4.574954161172303801e-01,4.677217864411444270e-01,4.375700946128420754e-01,4.471112040247036123e-01,4.297407848783519890e-01,3.787953248620489211e-01,4.076934667009285973e-01,4.076965905059252160e-01,4.535949390929571723e-01,4.578020952452762082e-01,4.401069653559698258e-01,4.521265034506271041e-01,4.389985641106896042e-01,4.673720465797335244e-01,4.427727410337917169e-01,4.263662093169889866e-01,4.937994298142057148e-01,4.392157522501802247e-01,5.390268672081034440e-01,5.700960170893416556e-01,4.993101051565718151e-01,0.000000000000000000e+00,0.000000000000000000e+00,0.000000000000000000e+00,4.602263334682388796e-01,5.747205256543854723e-01,0.000000000000000000e+00,5.400410757754947610e-01,5.463423172133110572e-01,5.598848588238148904e-01,5.308979019647945830e-01,5.792816861134292283e-01,0.000000000000000000e+00,5.253804325542185127e-01,0.000000000000000000e+00,5.325089311247541701e-01,0.000000000000000000e+00,5.011311567438559988e-01,4.458733441381709239e-01,0.000000000000000000e+00,4.433211447047923914e-01,5.676108159003497855e-01,5.012318432491303932e-01,0.000000000000000000e+00,4.742599242678445237e-01,5.528393707195596862e-01,0.000000000000000000e+00,4.753279705548744127e-01,4.830240525695655984e-01,5.365085701995059297e-01,5.352453853073859680e-01,5.217042662103218431e-01,0.000000000000000000e+00,5.393071184194491163e-01
0.000000000000000000e+00,0.000000000000000000e+00,4.333896052466721938e-01,3.847540115654496939e-01,3.542894527208251820e-01,4.257191674936480763e-01,3.988486466580994927e-01,4.091945584136773006e-01,4.328305393667193912e-01,0.000000000000000000e+00,3.012145426234295043e-01,0.000000000000000000e+00,4.323589097659822911e-01,0.000000000000000000e+00,0.000000000000000000e+00,0.000000000000000000e+00,0.000000000000000000e+00,0.000000000000000000e+00,4.079437100604917932e-01,0.000000000000000000e+00,0.000000000000000000e+00,0.000000000000000000e+00,4.115347613050913123e-01,0.000000000000000000e+00,0.000000000000000000e+00,0.000000000000000000e+00,4.364007639769713065e-01,3.738290039735180925e-01,0.000000000000000000e+00,0.000000000000000000e+00,4.853379962825323246e-01,3.097238952254048883e-01,0.000000000000000000e+00,4.609601686177517976e-01,4.296759068965911865e-01,2.760272044594285212e-01,2.014995631457728864e-01,4.793082773685454767e-01,0.000000000000000000e+00,0.000000000000000000e+00,0.000000000000000000e+00,0.000000000000000000e+00,4.816506579312773151e-01,0.000000000000000000e+00,0.000000000000000000e+00,0.000000000000000000e+00,0.000000000000000000e+00,5.398005814449723383e-01,0.000000000000000000e+00,0.000000000000000000e+00,0.000000000000000000e+00,0.000000000000000000e+00,0.000000000000000000e+00,5.446549709113467364e-01,0.000000000000000000e+00,5.014081317535733495e-01,0.000000000000000000e+00,0.000000000000000000e+00,0.000000000000000000e+00,0.000000000000000000e+00,0.000000000000000000e+00,0.000000000000000000e+00,0.000000000000000000e+00,5.015898752739884614e-01,0.000000000000000000e+00,0.000000000000000000e+00,0.000000000000000000e+00,5.366071723533784033e-01,0.000000000000000000e+00,0.000000000000000000e+00,0.000000000000000000e+00,0.000000000000000000e+00,0.000000000000000000e+00,0.000000000000000000e+00,0.000000000000000000e+00,0.000000000000000000e+00
4.244247183656681965e-01,4.330065530693076870e-01,4.560934746721311273e-01,0.000000000000000000e+00,0.000000000000000000e+00,4.397675519780464004e-01,4.350196853754482174e-01,4.426588544856122076e-01,0.000000000000000000e+00,0.000000000000000000e+00,0.000000000000000000e+00,4.659981720679128858e-01,4.498413278018130734e-01,0.000000000000000000e+00,0.000000000000000000e+00,4.466855836770468047e-01,0.000000000000000000e+00,4.298674749298116993e-01,0.000000000000000000e+00,3.440697824209544842e-01,4.048513018619960269e-01,3.693063783837796099e-01,4.191807011396612159e-01,4.183354687242771264e-01,4.182202256529580220e-01,4.048865838761617209e-01,4.349450322119569057e-01,4.449334103854151734e-01,4.122617744036866094e-01,4.403531785817488275e-01,4.312596492968551742e-01,4.525460575881998238e-01,4.205849203435181871e-01,4.397323866834156880e-01,4.944603081387806132e-01,0.000000000000000000e+00,0.000000000000000000e+00,0.000000000000000000e+00,5.126296021129722602e-01,5.038850625058688415e-01,5.014090430470807824e-01,5.386776930373166072e-01,4.587008928261130936e-01,0.000000000000000000e+00,0.000000000000000000e+00,0.000000000000000000e+00,5.168798731437374006e-01,0.000000000000000000e+00,0.000000000000000000e+00,0.000000000000000000e+00,4.876200200886677827e-01,0.000000000000000000e+00,5.339096677803576441e-01,0.000000000000000000e+00,0.000000000000000000e+00,0.000000000000000000e+00,0.000000000000000000e+00,5.018710246994969593e-01,0.000000000000000000e+00,5.381093058798209761e-01,4.937126944340994861e-01,0.000000000000000000e+00,4.676181417315812272e-01,0.000000000000000000e+00,5.202578780886195631e-01,5.163730792753645771e-01,5.292375571732252926e-01,5.351828701484964146e-01,0.000000000000000000e+00,4.668386161086667818e-01,5.486415919011174980e-01,5.291144051951685023e-01,5.125530595831425673e-01,5.111832080638041287e-01,5.232439322734387943e-01,5.005623356799802082e-01
4.131599811273656275e-01,4.096495087112881905e-01,4.202135693143386752e-01,0.000000000000000000e+00,4.325926456640090123e-01,4.210143082314677931e-01,4.615741757588668892e-01,4.838082984255259178e-01,4.186936967472982274e-01,3.645879034149777098e-01,0.000000000000000000e+00,3.732830165856623195e-01,4.707600235919994769e-01,0.000000000000000000e+00,4.466855836770468047e-01,0.000000000000000000e+00,3.669204940113011126e-01,3.367938047623814102e-01,0.000000000000000000e+00,4.235686595878933036e-01,4.389716753252734249e-01,3.920233381403028239e-01,4.537996544920371855e-01,3.680684193526105874e-01,3.852335044634432881e-01,4.329059287206089013e-01,4.274331863597730097e-01,4.568849032821433731e-01,4.380847819159519041e-01,4.410169474523525923e-01,3.892257076066846788e-01,4.520962184232213965e-01,3.549770565583529880e-01,3.922513080755942738e-01,4.434099140565730957e-01,0.000000000000000000e+00,0.000000000000000000e+00,0.000000000000000000e+00,4.811421432971889067e-01,4.305716576135282248e-01,4.522444672582924818e-01,4.742208420269670155e-01,0.000000000000000000e+00,0.000000000000000000e+00,0.000000000000000000e+00,4.670601829364031121e-01,4.895905813016723784e-01,0.000000000000000000e+00,0.000000000000000000e+00,0.000000000000000000e+00,0.000000000000000000e+00,0.000000000000000000e+00,0.000000000000000000e+00,0.000000000000000000e+00,0.000000000000000000e+00,0.000000000000000000e+00,0.000000000000000000e+00,4.643428845711556896e-01,0.000000000000000000e+00,4.967742029420125216e-01,4.716512608072833124e-01,0.000000000000000000e+00,4.657987506067284844e-01,0.000000000000000000e+00,4.890789332706351189e-01,4.796832137991577927e-01,4.853787488559798136e-01,5.050644228538285763e-01,0.000000000000000000e+00,4.698263705965098902e-01,4.958500881862322740e-01,4.928115731853867088e-01,5.251027104729708572e-01,4.771331944385103219e-01,0.000000000000000000e+00,4.533962224845489164e-01
4.558782177014982229e-01,4.175416691382732859e-01,0.000000000000000000e+00,0.000000000000000000e+00,4.951928030147521032e-01,4.938999414497670104e-01,4.583304399992705891e-01,0.000000000000000000e+00,5.046855192688158853e-01,3.362806245571642871e-01,5.150545293325903273e-01,3.722420036958535849e-01,4.681382351362584071e-01,0.000000000000000000e+00,0.000000000000000000e+00,3.669204940113011126e-01,0.000000000000000000e+00,3.243222501343395736e-01,0.000000000000000000e+00,4.341294803387346080e-01,5.146932317652022082e-01,3.976206063349320141e-01,0.000000000000000000e+00,3.957843072474022117e-01,3.319701844073720820e-01,3.513215040214398011e-01,0.000000000000000000e+00,4.523243604660667216e-01,4.227072851772309958e-01,0.000000000000000000e+00,3.851664795735548208e-01,4.384060640806409226e-01,3.585490090193121926e-01,3.860651366976053933e-01,3.717526098905052923e-01,0.000000000000000000e+00,0.000000000000000000e+00,3.567524823128118139e-01,0.000000000000000000e+00,4.962672378007296770e-01,4.955601710352272038e-01,0.000000000000000000e+00,0.000000000000000000e+00,0.000000000000000000e+00,0.000000000000000000e+00,4.187471883550157870e-01,0.000000000000000000e+00,0.000000000000000000e+00,0.000000000000000000e+00,0.000000000000000000e+00,0.000000000000000000e+00,0.000000000000000000e+00,0.000000000000000000e+00,0.000000000000000000e+00,5.091398097326309546e-01,0.000000000000000000e+00,5.080177371290066635e-01,0.000000000000000000e+00,0.000000000000000000e+00,0.000000000000000000e+00,0.000000000000000000e+00,4.972898304903338174e-01,4.938902132956701219e-01,0.000000000000000000e+00,0.000000000000000000e+00,0.000000000000000000e+00,0.000000000000000000e+00,0.000000000000000000e+00,4.315334861648829068e-01,4.946431109595016973e-01,4.903822255429017840e-01,0.000000000000000000e+00,0.000000000000000000e+00,0.000000000000000000e+00,0.000000000000000000e+00,4.931345792579016063e-01
3.749261456750334065e-01,3.980479977758702992e-01,5.033971119365944213e-01,0.000000000000000000e+00,4.720956978220116063e-01,4.253345070382251181e-01,4.572724865815254169e-01,5.072342210133525819e-01,4.834859421804906798e-01,3.629104062382829121e-01,5.143238999908462672e-01,3.760994609219558971e-01,4.656615567839407777e-01,0.000000000000000000e+00,4.298674749298116993e-01,3.367938047623814102e-01,3.243222501343395736e-01,0.000000000000000000e+00,5.177391615214829157e-01,4.324612657259128135e-01,4.709907736635374764e-01,4.138980367715334729e-01,4.587527442648037246e-01,3.641689527250833724e-01,3.583149320978185060e-01,3.831117075123336990e-01,4.301919450662686772e-01,4.551940163249392768e-01,4.415387137392836059e-01,4.409318672745237144e-01,4.037663196476157790e-01,4.373430249774029055e-01,3.421596994375076251e-01,3.891891188106597066e-01,4.111716873071004086e-01,4.860306548811239025e-01,0.000000000000000000e+00,3.380538386092564185e-01,4.728322450278441003e-01,4.453109922213667193e-01,4.561044824045618062e-01,4.895320201902385038e-01,0.000000000000000000e+00,0.000000000000000000e+00,0.000000000000000000e+00,4.305473239318634016e-01,4.757654186240454774e-01,0.000000000000000000e+00,0.000000000000000000e+00,0.000000000000000000e+00,0.000000000000000000e+00,0.000000000000000000e+00,0.000000000000000000e+00,0.000000000000000000e+00,4.818763163732455723e-01,0.000000000000000000e+00,4.899104426424829017e-01,0.000000000000000000e+00,0.000000000000000000e+00,4.820065122387834911e-01,4.721720955892491078e-01,4.730937952498610044e-01,4.749772648910777773e-01,0.000000000000000000e+00,4.637239809808799129e-01,3.798412120570858752e-01,4.698343024521574041e-01,4.970603797665856249e-01,4.419430477635690191e-01,4.717322261498393954e-01,4.798346935034072946e-01,4.914998003586090736e-01,0.000000000000000000e+00,4.663600322932882070e-01,0.000000000000000000e+00,4.585651704023592790e-01
0.000000000000000000e+00,0.000000000000000000e+00,2.771424750892512168e-01,4.615503842209001117e-01,4.024053646579772159e-01,4.082837734149865061e-01,5.062301519256233728e-01,4.573863157342408781e-01,2.558566536564704230e-01,5.265382256165178632e-01,2.706600387039684863e-01,5.008216037832020628e-01,5.222120254263047379e-01,4.079437100604917932e-01,0.000000000000000000e+00,0.000000000000000000e+00,0.000000000000000000e+00,5.177391615214829157e-01,0.000000000000000000e+00,0.000000000000000000e+00,0.000000000000000000e+00,0.000000000000000000e+00,3.563817954691774204e-01,4.620756595989528037e-01,5.081830948122925129e-01,5.088798545511091787e-01,3.726120053354660122e-01,5.208123007876866994e-01,4.765342573662946224e-01,0.000000000000000000e+00,5.389874291464140654e-01,4.791157225910411821e-01,4.866685546943446128e-01,5.161560176107241604e-01,4.931352286140026076e-01,4.770967177300560191e-01,4.933153307886162797e-01,5.154593189453623436e-01,5.155207671671773184e-01,0.000000000000000000e+00,5.606741930336066604e-01,0.000000000000000000e+00,5.240829066170993311e-01,0.000000000000000000e+00,0.000000000000000000e+00,0.000000000000000000e+00,0.000000000000000000e+00,5.817065919863847467e-01,0.000000000000000000e+00,5.418024567445908213e-01,5.660166318280902553e-01,5.587900365854155948e-01,5.789870325911323778e-01,5.818640892703943468e-01,0.000000000000000000e+00,3.273764714078010174e-01,0.000000000000000000e+00,5.496164162706392853e-01,5.483023853855623075e-01,0.000000000000000000e+00,0.000000000000000000e+00,0.000000000000000000e+00,0.000000000000000000e+00,5.690594671493489631e-01,4.635968994587367220e-01,0.000000000000000000e+00,0.000000000000000000e+00,5.885545089957364695e-01,0.000000000000000000e+00,0.000000000000000000e+00,0.000000000000000000e+00,5.747645099347714615e-01,5.356765134450061083e-01,5.103545963683375764e-01,0.000000000000000000e+00,5.709168915850961756e-01
4.494165524400500211e-01,4.412386440062557869e-01,0.000000000000000000e+00,0.000000000000000000e+00,4.253832702448435144e-01,4.036975447834326158e-01,4.494044953029203149e-01,4.187065816040548838e-01,4.140269669211145143e-01,4.039925540254956093e-01,0.000000000000000000e+00,4.236640252907025173e-01,4.433364267931962921e-01,0.000000000000000000e+00,3.440697824209544842e-01,4.235686595878933036e-01,4.341294803387346080e-01,4.324612657259128135e-01,0.000000000000000000e+00,0.000000000000000000e+00,4.507460452406918949e-01,3.878539125199869098e-01,2.905055437821313924e-01,4.342840532187631220e-01,4.153116254911835004e-01,4.470706373618709151e-01,3.671012561526578732e-01,4.081705767399478879e-01,3.517832732261915174e-01,3.688087980349146200e-01,3.965788328298985865e-01,4.545701571750564995e-01,3.893177543303841803e-01,4.295898590989946086e-01,4.959797988388862100e-01,6.023392081260681152e-01,0.000000000000000000e+00,3.999958349910480160e-01,4.710711200297311163e-01,4.418471231380156072e-01,4.864962093447876001e-01,5.095793073008582086e-01,4.464187929051612880e-01,0.000000000000000000e+00,4.286985695362091064e-01,0.000000000000000000e+00,4.706554178583278181e-01,4.711999933043253264e-01,0.000000000000000000e+00,0.000000000000000000e+00,4.762453733036184911e-01,5.002586559487809392e-01,5.259706804929797919e-01,4.769379195430156204e-01,0.000000000000000000e+00,0.000000000000000000e+00,0.000000000000000000e+00,4.874723966756767113e-01,0.000000000000000000e+00,5.170546708765840771e-01,4.630310460227762270e-01,0.000000000000000000e+00,4.539251169329616142e-01,0.000000000000000000e+00,5.040857882982261451e-01,5.082763523908231384e-01,5.001536801787737074e-01,5.283426023850714692e-01,0.000000000000000000e+00,4.549325474402686753e-01,5.033541182352592180e-01,5.184243358838397375e-01,5.055901483457960754e-01,5.003041278099343847e-01,5.092154787720971632e-01,4.865540303080856943e-01
4.742986363082981049e-01,4.463140033047262034e-01,4.595073497635555060e-01,0.000000000000000000e+00,0.000000000000000000e+00,4.320797828930774132e-01,4.567776835981922079e-01,4.283027242756883846e-01,0.000000000000000000e+00,4.904601064928427734e-01,0.000000000000000000e+00,4.916440482634876208e-01,4.536029041913529070e-01,0.000000000000000000e+00,4.048513018619960269e-01,4.389716753252734249e-01,5.146932317652022082e-01,4.709907736635374764e-01,0.000000000000000000e+00,4.507460452406918949e-01,0.000000000000000000e+00,4.656385880540065969e-01,4.170579938848774093e-01,4.951839903661607867e-01,4.722926785860637744e-01,4.368310525659461208e-01,4.357296222033599786e-01,4.535815040874960902e-01,4.117311638327549872e-01,4.460524268494527877e-01,4.367352998485424243e-01,4.475274271746538246e-01,3.940824256467740927e-01,4.337107564070112886e-01,4.956984108070454087e-01,0.000000000000000000e+00,0.000000000000000000e+00,0.000000000000000000e+00,4.958870679170537255e-01,4.946614399096482817e-01,4.773395332930662205e-01,5.255648534161083685e-01,0.000000000000000000e+00,0.000000000000000000e+00,0.000000000000000000e+00,3.704734877903866908e-01,5.257063203584247946e-01,0.000000000000000000e+00,0.000000000000000000e+00,0.000000000000000000e+00,4.885874425006176969e-01,0.000000000000000000e+00,4.922899763743590063e-01,0.000000000000000000e+00,0.000000000000000000e+00,0.000000000000000000e+00,0.000000000000000000e+00,5.144598017209710550e-01,0.000000000000000000e+00,5.186337052170245654e-01,4.880066565044939852e-01,0.000000000000000000e+00,0.000000000000000000e+00,0.000000000000000000e+00,5.088797419432241620e-01,4.231914870976867804e-01,5.225221806139043190e-01,5.134320614094416424e-01,4.034716266511251814e-01,4.678787349613692803e-01,5.388520292911581633e-01,5.223492667909525045e-01,5.080429675929131195e-01,4.903076649855120928e-01,0.000000000000000000e+00,4.765923071418983747e-01
