0.000000000000000000e+00,4.162013556028608119e-01,0.000000000000000000e+00,0.000000000000000000e+00,0.000000000000000000e+00,4.531776150521645841e-01,0.000000000000000000e+00,5.077193464851464944e-01,0.000000000000000000e+00,3.872880383598141241e-01,0.000000000000000000e+00,3.541996575306757267e-01,4.838834463745835257e-01,0.000000000000000000e+00,4.082806546702701933e-01,4.038830299381694910e-01,3.847405782886484937e-01,3.760370473830100813e-01,0.000000000000000000e+00,4.413754118160608253e-01,4.617638659118216138e-01,4.347201713259051803e-01,4.717932602601619951e-01,3.429585043340405148e-01,3.681198384057430828e-01,3.682156054617273799e-01,4.446108829805168194e-01,4.823865499282876113e-01,4.532542629279285862e-01,0.000000000000000000e+00,3.923731706241526118e-01,4.426723141556255792e-01,3.749160929742649251e-01,3.916568074959467793e-01,4.354337837514382081e-01,0.000000000000000000e+00,0.000000000000000000e+00,4.245368989815255789e-01,4.663885439522010845e-01,4.190754958404642738e-01,4.321841757441968745e-01,0.000000000000000000e+00,0.000000000000000000e+00,0.000000000000000000e+00,0.000000000000000000e+00,3.329663506090363989e-01,4.869393678515204771e-01,0.000000000000000000e+00,0.000000000000000000e+00,0.000000000000000000e+00,0.000000000000000000e+00,0.000000000000000000e+00,0.000000000000000000e+00,0.000000000000000000e+00,0.000000000000000000e+00,0.000000000000000000e+00,4.620837745589366774e-01,0.000000000000000000e+00,0.000000000000000000e+00,4.697552571841893121e-01,4.658064253325100990e-01,0.000000000000000000e+00,4.489602197040942766e-01,0.000000000000000000e+00,0.000000000000000000e+00,4.031623433299655890e-01,4.809417764859068023e-01,4.529815320605488083e-01,2.570473801276126902e-01,4.380215445368281224e-01,4.518868014275693734e-01,0.000000000000000000e+00,0.000000000000000000e+00,0.000000000000000000e+00,0.000000000000000000e+00,4.104400739979858215e-01
4.162013556028608119e-01,0.000000000000000000e+00,0.000000000000000000e+00,0.000000000000000000e+00,0.000000000000000000e+00,4.064142370570110185e-01,4.338313603882273939e-01,4.705990085517077759e-01,0.000000000000000000e+00,3.465013922183411976e-01,0.000000000000000000e+00,3.510721741652064742e-01,4.503331257778718788e-01,0.000000000000000000e+00,4.350051950295293901e-01,4.005260717131510773e-01,4.112183632259254207e-01,3.968592145357883738e-01,0.000000000000000000e+00,4.201974807431742009e-01,4.367803598406141963e-01,4.030107607662616886e-01,4.272108246297262046e-01,3.673888668239221889e-01,3.736265191263358210e-01,3.977945370108367240e-01,3.958350458063956134e-01,4.381630781232733196e-01,4.213383048232515748e-01,0.000000000000000000e+00,3.850919529336245817e-01,4.378754075645315269e-01,3.749353782903119825e-01,3.894224465059634155e-01,4.391995934364805176e-01,3.924063047532355131e-01,0.000000000000000000e+00,0.000000000000000000e+00,4.906535259130228033e-01,4.766329036628048077e-01,4.680499644795331760e-01,4.924826909524991914e-01,0.000000000000000000e+00,0.000000000000000000e+00,0.000000000000000000e+00,4.680754647004615188e-01,4.987136947889880823e-01,0.000000000000000000e+00,0.000000000000000000e+00,0.000000000000000000e+00,4.582203578283072787e-01,0.000000000000000000e+00,0.000000000000000000e+00,0.000000000000000000e+00,4.439181371014073729e-01,0.000000000000000000e+00,0.000000000000000000e+00,4.733016582393345106e-01,0.000000000000000000e+00,5.037262876669881262e-01,4.850934787640678869e-01,0.000000000000000000e+00,4.731602839538194272e-01,0.000000000000000000e+00,4.801173498650129212e-01,4.984208499446640128e-01,4.760005517817043064e-01,4.809751363666682766e-01,4.379403139195822137e-01,4.811569926732455205e-01,5.116804664973222394e-01,4.875528394861068926e-01,4.855058132750098010e-01,4.734855547871638093e-01,0.000000000000000000e+00,4.549021810041163905e-01
0.000000000000000000e+00,0.000000000000000000e+00,0.000000000000000000e+00,4.058667537465264763e-01,3.824438460802598860e-01,3.602909449181724844e-01,4.279112795632447064e-01,4.374350547264670985e-01,3.292686405896327884e-01,4.564882556932772228e-01,2.725596210919095097e-01,4.366511033852527035e-01,4.388870001461157022e-01,3.859989819119857835e-01,0.000000000000000000e+00,0.000000000000000000e+00,0.000000000000000000e+00,4.668774271450297220e-01,2.538019973497385728e-01,0.000000000000000000e+00,0.000000000000000000e+00,0.000000000000000000e+00,3.301322881487704919e-01,4.321283426097867753e-01,0.000000000000000000e+00,4.464191273065271082e-01,3.045334977387714193e-01,4.523116895443768937e-01,3.999184452563275260e-01,4.402007888685748882e-01,4.589241826094236920e-01,4.267591780334442086e-01,4.171350998096404195e-01,4.610169601344256129e-01,4.536814842470998088e-01,3.967140097099535745e-01,4.367140055393717857e-01,4.204640859920357188e-01,5.074572745737203627e-01,0.000000000000000000e+00,5.033426549372218561e-01,0.000000000000000000e+00,5.298813613933842648e-01,0.000000000000000000e+00,0.000000000000000000e+00,0.000000000000000000e+00,0.000000000000000000e+00,3.248590159620907136e-01,0.000000000000000000e+00,5.042276309056344941e-01,5.543891301002624727e-01,5.442861753070626918e-01,5.133721631053762557e-01,4.584076891183487268e-01,4.496505097916225768e-01,4.430399280898714154e-01,0.000000000000000000e+00,5.230570940659563517e-01,5.133237051433624520e-01,0.000000000000000000e+00,0.000000000000000000e+00,0.000000000000000000e+00,0.000000000000000000e+00,3.404226401672780788e-01,0.000000000000000000e+00,0.000000000000000000e+00,0.000000000000000000e+00,5.162344085120620374e-01,0.000000000000000000e+00,0.000000000000000000e+00,0.000000000000000000e+00,5.313418687176564292e-01,4.984550104227313816e-01,5.128435143689877851e-01,0.000000000000000000e+00,5.095570876204730260e-01
0.000000000000000000e+00,0.000000000000000000e+00,4.058667537465264763e-01,0.000000000000000000e+00,2.954272169776300805e-01,4.180649364153369851e-01,2.777240825054763107e-01,3.972713629362941146e-01,4.115411530248065941e-01,0.000000000000000000e+00,3.830887507403351044e-01,2.247797535071031083e-01,3.267384781160951879e-01,3.657344932479673072e-01,0.000000000000000000e+00,0.000000000000000000e+00,0.000000000000000000e+00,0.000000000000000000e+00,3.854349396791191262e-01,0.000000000000000000e+00,0.000000000000000000e+00,0.000000000000000000e+00,3.978527830904963758e-01,0.000000000000000000e+00,0.000000000000000000e+00,0.000000000000000000e+00,4.102228027956493217e-01,2.968941886917669248e-01,0.000000000000000000e+00,0.000000000000000000e+00,0.000000000000000000e+00,3.199160810236977848e-01,0.000000000000000000e+00,2.490419210218149937e-01,2.576340755859186094e-01,2.442085735563503113e-01,1.859664324569360871e-01,0.000000000000000000e+00,0.000000000000000000e+00,0.000000000000000000e+00,0.000000000000000000e+00,0.000000000000000000e+00,0.000000000000000000e+00,0.000000000000000000e+00,0.000000000000000000e+00,0.000000000000000000e+00,0.000000000000000000e+00,0.000000000000000000e+00,0.000000000000000000e+00,0.000000000000000000e+00,0.000000000000000000e+00,0.000000000000000000e+00,0.000000000000000000e+00,0.000000000000000000e+00,0.000000000000000000e+00,0.000000000000000000e+00,0.000000000000000000e+00,0.000000000000000000e+00,0.000000000000000000e+00,0.000000000000000000e+00,0.000000000000000000e+00,0.000000000000000000e+00,0.000000000000000000e+00,0.000000000000000000e+00,0.000000000000000000e+00,0.000000000000000000e+00,0.000000000000000000e+00,0.000000000000000000e+00,0.000000000000000000e+00,0.000000000000000000e+00,0.000000000000000000e+00,0.000000000000000000e+00,0.000000000000000000e+00,0.000000000000000000e+00,0.000000000000000000e+00,0.000000000000000000e+00
0.000000000000000000e+00,0.000000000000000000e+00,3.824438460802598860e-01,2.954272169776300805e-01,0.000000000000000000e+00,3.580472894165984132e-01,3.326293867776934920e-01,4.156489379072922929e-01,3.225406549518203270e-01,4.488717442709775907e-01,3.474800523276410091e-01,4.209884739382748209e-01,3.787460617058420187e-01,3.033366776478034765e-01,0.000000000000000000e+00,0.000000000000000000e+00,4.594306507988589749e-01,4.610370958670855224e-01,3.824781774037807058e-01,3.842304601337576120e-01,0.000000000000000000e+00,4.443045385271369163e-01,4.017892408042393892e-01,4.059823448835204740e-01,4.404417169070720117e-01,4.440504845411166190e-01,3.789794298591753208e-01,3.602695338723373997e-01,4.037051224859090071e-01,0.000000000000000000e+00,4.639121595316434976e-01,3.899578830726772027e-01,4.120418180312128142e-01,4.526803361898080191e-01,4.205825698296037918e-01,2.696630963072161880e-01,2.178725493776260125e-01,3.908769310243466188e-01,5.218642771326597041e-01,0.000000000000000000e+00,5.521753342586400715e-01,0.000000000000000000e+00,4.953713709467285065e-01,0.000000000000000000e+00,0.000000000000000000e+00,0.000000000000000000e+00,0.000000000000000000e+00,5.699677124902186032e-01,0.000000000000000000e+00,5.368280236661939764e-01,5.640044016580966213e-01,5.642012439411779878e-01,5.133642965583791185e-01,5.691039460378202186e-01,0.000000000000000000e+00,5.270457848481924223e-01,0.000000000000000000e+00,5.553558252641529469e-01,0.000000000000000000e+00,0.000000000000000000e+00,0.000000000000000000e+00,0.000000000000000000e+00,0.000000000000000000e+00,5.557329271178762520e-01,0.000000000000000000e+00,0.000000000000000000e+00,0.000000000000000000e+00,5.533294620124921126e-01,0.000000000000000000e+00,0.000000000000000000e+00,0.000000000000000000e+00,5.466619369107578175e-01,5.429411050384829185e-01,5.162225165664675597e-01,0.000000000000000000e+00,5.655842390995023949e-01
4.531776150521645841e-01,4.064142370570110185e-01,3.602909449181724844e-01,4.180649364153369851e-01,3.580472894165984132e-01,0.000000000000000000e+00,4.011852568894039850e-01,4.110808757472919073e-01,3.220293751506488888e-01,4.518981729488306121e-01,3.463050303387871787e-01,4.256376599537504135e-01,3.827023922155632918e-01,3.851771890383671737e-01,4.098237564200759020e-01,4.398938662491220231e-01,4.609080798802873136e-01,4.380639340059145903e-01,3.648646951611945188e-01,3.818143052981878838e-01,3.998787203436107163e-01,4.168202930654987259e-01,3.744829162303264236e-01,4.357798412525590859e-01,4.058946719147327742e-01,4.145573443559517068e-01,3.534645436811965080e-01,3.948095944484342201e-01,2.884844517614708059e-01,4.244536478784027844e-01,4.424415932154506237e-01,4.200277482582677191e-01,3.945167633282823938e-01,4.497333773927010836e-01,4.473274505329659090e-01,4.473756128983981117e-01,4.324262489333136061e-01,4.153001747755722950e-01,5.275419792262612262e-01,4.811962876705663805e-01,5.379008910751633676e-01,5.341601933177309025e-01,5.165884053974852952e-01,0.000000000000000000e+00,0.000000000000000000e+00,0.000000000000000000e+00,4.625961633616049729e-01,5.730896490516206310e-01,0.000000000000000000e+00,5.541516070235232849e-01,5.530774175559507455e-01,5.605179353995782821e-01,4.806458165763394796e-01,5.729353593302537462e-01,5.204599494338271182e-01,5.521089864897329447e-01,5.005453404505705306e-01,5.436123245412244342e-01,5.389112821675577925e-01,4.789018554162979835e-01,4.392977875395456810e-01,0.000000000000000000e+00,0.000000000000000000e+00,5.659008041171417203e-01,4.842209653335950992e-01,4.773147303652193751e-01,4.719354689771563804e-01,5.344713645965925020e-01,0.000000000000000000e+00,0.000000000000000000e+00,4.744929013412976238e-01,5.285985483885071723e-01,5.307837102578129018e-01,5.146568139439936518e-01,5.230054244789862361e-01,5.356450571179178777e-01
0.000000000000000000e+00,4.338313603882273939e-01,4.279112795632447064e-01,2.777240825054763107e-01,3.326293867776934920e-01,4.011852568894039850e-01,0.000000000000000000e+00,4.544851254575952848e-01,3.863805482721379136e-01,4.308203894990599858e-01,4.514915634712912129e-01,3.908945083361252126e-01,3.327093873483710218e-01,3.413192011708370832e-01,0.000000000000000000e+00,4.602615408219484783e-01,4.311420455818087971e-01,4.443615618237036213e-01,4.548240133637294069e-01,4.303089724220204859e-01,4.552941949838377744e-01,4.589829594195681262e-01,4.315367586197715877e-01,3.928428131746665164e-01,4.359181740428894059e-01,4.365217415735568873e-01,4.131899253592062893e-01,3.659407867143165127e-01,4.341368595623125159e-01,4.235708476071344264e-01,4.395098714112686822e-01,4.355990255178052162e-01,3.822863558997224853e-01,4.282180976922427273e-01,4.095009049349643826e-01,3.666352511058434960e-01,3.455768321576666025e-01,3.719267530805709931e-01,5.104283782873537678e-01,0.000000000000000000e+00,5.416329286353245287e-01,0.000000000000000000e+00,5.161395437467866110e-01,5.452353699595258174e-01,0.000000000000000000e+00,0.000000000000000000e+00,4.710901349615587153e-01,5.642330604824650209e-01,0.000000000000000000e+00,5.469583609264331292e-01,5.600247017513616532e-01,5.614163986455456001e-01,4.962482558317838910e-01,5.646482182469658717e-01,0.000000000000000000e+00,5.315523601617903049e-01,0.000000000000000000e+00,5.503690010166479851e-01,5.236457998267947112e-01,5.105546356874213210e-01,0.000000000000000000e+00,0.000000000000000000e+00,0.000000000000000000e+00,5.428440740310727097e-01,4.962165101701204173e-01,0.000000000000000000e+00,4.958734443783536228e-01,5.490150671651520264e-01,0.000000000000000000e+00,0.000000000000000000e+00,4.909284502846116838e-01,5.341197370474198847e-01,5.396498823679478640e-01,5.248993233099946698e-01,5.404807003147233946e-01,5.436085596292953293e-01
5.077193464851464944e-01,4.705990085517077759e-01,4.374350547264670985e-01,3.972713629362941146e-01,4.156489379072922929e-01,4.110808757472919073e-01,4.544851254575952848e-01,0.000000000000000000e+00,4.590224220805624866e-01,4.754065317487137787e-01,3.293614266612526764e-01,4.678537755379895136e-01,4.557341124582819925e-01,3.466173689138654090e-01,4.309102702492886849e-01,4.606103710687649011e-01,0.000000000000000000e+00,4.761751444439379921e-01,4.246041603939961218e-01,3.851834322346551764e-01,3.984716681872709221e-01,4.400686943380360816e-01,3.587437820994178739e-01,4.976888746728255764e-01,4.723064195286068023e-01,4.772329688319261187e-01,4.076856989177620183e-01,4.468613332589562170e-01,4.015762032576604135e-01,4.351391689279159869e-01,4.473049248961697977e-01,4.033847005705333832e-01,4.221641862411746882e-01,4.715881726603260993e-01,4.686824868293040236e-01,3.475155070490815734e-01,4.432887472352932123e-01,4.840777204661931843e-01,4.904689434885414756e-01,0.000000000000000000e+00,4.982182868085289207e-01,0.000000000000000000e+00,4.887883220281495911e-01,0.000000000000000000e+00,0.000000000000000000e+00,0.000000000000000000e+00,4.679332467609774171e-01,5.559290319543281900e-01,0.000000000000000000e+00,5.416947217997365449e-01,5.138131691479899121e-01,5.186438722202564300e-01,4.048828592065190080e-01,5.653009197887465254e-01,0.000000000000000000e+00,5.159042869790027019e-01,0.000000000000000000e+00,5.001689658008974249e-01,5.072790444348428407e-01,0.000000000000000000e+00,0.000000000000000000e+00,0.000000000000000000e+00,0.000000000000000000e+00,5.438901407258146525e-01,4.992064356988614726e-01,4.225121067649226236e-01,4.849000586034615257e-01,4.801761992098657061e-01,0.000000000000000000e+00,0.000000000000000000e+00,4.981932371433285267e-01,4.972750348855086155e-01,4.968600436478083915e-01,4.846916269344466177e-01,0.000000000000000000e+00,5.105779760089750319e-01
0.000000000000000000e+00,0.000000000000000000e+00,3.292686405896327884e-01,4.115411530248065941e-01,3.225406549518203270e-01,3.220293751506488888e-01,3.863805482721379136e-01,4.590224220805624866e-01,0.000000000000000000e+00,4.735416050182034153e-01,2.907179750543781860e-01,4.421852781536678156e-01,4.166857129230254198e-01,3.938611482484261073e-01,0.000000000000000000e+00,4.620232014420779243e-01,4.621847141985725993e-01,0.000000000000000000e+00,2.667236077147636109e-01,3.856406233766823122e-01,0.000000000000000000e+00,4.343413521514988829e-01,3.837884217671058140e-01,4.445442667996621910e-01,4.595143094109647164e-01,4.614258090287265968e-01,3.512185464431480941e-01,4.663655884100992854e-01,3.876916767892968907e-01,4.461644394046596074e-01,4.722445138903427764e-01,4.369773359426205039e-01,4.123458307915470189e-01,4.711339882833293080e-01,4.697972421643515917e-01,4.353750966132051148e-01,4.417549271050241755e-01,4.338737404437714162e-01,5.427252867820496762e-01,4.160491922135197140e-01,5.470331315558488727e-01,0.000000000000000000e+00,5.257824707065282821e-01,0.000000000000000000e+00,0.000000000000000000e+00,0.000000000000000000e+00,0.000000000000000000e+00,5.721164630147496100e-01,0.000000000000000000e+00,5.517386350526194416e-01,5.759278972398952368e-01,5.698196937070570955e-01,5.521391094699520385e-01,5.767845498699650797e-01,4.239494810131171909e-01,5.470497520548386339e-01,4.593723129061990096e-01,5.594398902666601892e-01,5.423415319519317990e-01,0.000000000000000000e+00,0.000000000000000000e+00,0.000000000000000000e+00,0.000000000000000000e+00,5.622391366948348290e-01,0.000000000000000000e+00,0.000000000000000000e+00,0.000000000000000000e+00,5.643960750930554493e-01,0.000000000000000000e+00,0.000000000000000000e+00,0.000000000000000000e+00,5.599579302911104062e-01,5.481572669868147729e-01,5.045244138346883789e-01,0.000000000000000000e+00,5.537227907754983525e-01
3.872880383598141241e-01,3.465013922183411976e-01,4.564882556932772228e-01,0.000000000000000000e+00,4.488717442709775907e-01,4.518981729488306121e-01,4.308203894990599858e-01,4.754065317487137787e-01,4.735416050182034153e-01,0.000000000000000000e+00,4.827625869092934119e-01,3.018462269887413063e-01,4.307964836990390012e-01,4.262019410506575068e-01,0.000000000000000000e+00,3.807323245214095930e-01,3.421568344018640073e-01,3.491207078377686068e-01,4.776973836295511089e-01,4.500097326922469776e-01,4.599150740292803907e-01,4.412848649403000034e-01,4.531800588430667243e-01,3.088637571593664810e-01,3.067557352596921860e-01,3.172777788744227112e-01,4.548629895910695220e-01,4.153336967584118078e-01,4.336854957547803258e-01,3.873407692559340809e-01,3.339312016990179099e-01,3.461026785843502873e-01,3.206330410098847117e-01,3.379680296216492907e-01,3.091213948149604818e-01,3.736322082010771206e-01,2.856606927100869275e-01,2.849260481347347107e-01,3.227341942310273937e-01,3.833505570861849843e-01,3.174525153682680179e-01,2.690607624629094974e-01,3.124356822230403008e-01,2.058918029069901068e-01,3.484008061586008065e-01,4.242628311024734811e-01,5.056501589493825888e-01,0.000000000000000000e+00,0.000000000000000000e+00,0.000000000000000000e+00,5.398078649116844208e-01,4.752713475065675763e-01,0.000000000000000000e+00,5.496954379234054722e-01,4.689445235511178756e-01,0.000000000000000000e+00,4.647961400130394827e-01,4.803847876166439934e-01,0.000000000000000000e+00,0.000000000000000000e+00,4.768219651537263237e-01,4.890545993693383164e-01,4.864160620963197124e-01,0.000000000000000000e+00,0.000000000000000000e+00,0.000000000000000000e+00,0.000000000000000000e+00,5.296498677656491516e-01,4.208167863230005135e-01,4.856799151550714178e-01,4.793080240085129118e-01,5.211172073662682092e-01,3.999384551908289898e-01,4.941987581542106045e-01,0.000000000000000000e+00,4.834250091894771728e-01
0.000000000000000000e+00,0.000000000000000000e+00,2.725596210919095097e-01,3.830887507403351044e-01,3.474800523276410091e-01,3.463050303387871787e-01,4.514915634712912129e-01,3.293614266612526764e-01,2.907179750543781860e-01,4.827625869092934119e-01,0.000000000000000000e+00,4.537322043904906121e-01,4.727094143752719191e-01,3.156258797808725869e-01,0.000000000000000000e+00,4.784805666575074889e-01,4.785841654625602737e-01,4.741379569041593856e-01,2.661282948790559821e-01,0.000000000000000000e+00,0.000000000000000000e+00,0.000000000000000000e+00,2.818680252007165210e-01,4.095670921548815735e-01,4.706704301213154862e-01,4.707828798624758004e-01,3.435587429505270185e-01,4.834799273020661814e-01,0.000000000000000000e+00,4.722350271355256757e-01,4.933397245824148181e-01,4.068003863432154144e-01,4.080175295598713059e-01,4.846850811210796084e-01,4.657928817392391063e-01,3.132653001832779172e-01,4.266055333938177929e-01,4.390184423071684106e-01,4.446358596698806731e-01,4.256720351641298250e-01,4.685684472289883828e-01,0.000000000000000000e+00,4.569330475718417217e-01,0.000000000000000000e+00,0.000000000000000000e+00,0.000000000000000000e+00,0.000000000000000000e+00,5.307699374707022244e-01,0.000000000000000000e+00,4.386138934492617159e-01,5.246943278157438773e-01,4.965946103793075772e-01,4.934204573000006144e-01,5.264106747536219100e-01,0.000000000000000000e+00,3.008869395965251270e-01,4.612329803108431991e-01,4.959607604230696909e-01,4.851395372532872896e-01,0.000000000000000000e+00,0.000000000000000000e+00,0.000000000000000000e+00,0.000000000000000000e+00,4.272819786898467975e-01,0.000000000000000000e+00,0.000000000000000000e+00,0.000000000000000000e+00,5.225578819125621388e-01,0.000000000000000000e+00,0.000000000000000000e+00,5.044713474150307464e-01,5.265217100017706153e-01,4.864131375270148161e-01,0.000000000000000000e+00,0.000000000000000000e+00,5.249210383526325963e-01
3.541996575306757267e-01,3.510721741652064742e-01,4.366511033852527035e-01,2.247797535071031083e-01,4.209884739382748209e-01,4.256376599537504135e-01,3.908945083361252126e-01,4.678537755379895136e-01,4.421852781536678156e-01,3.018462269887413063e-01,4.537322043904906121e-01,0.000000000000000000e+00,4.062615484997664783e-01,3.624418733147726779e-01,0.000000000000000000e+00,3.822485226332946739e-01,3.826759099812365172e-01,3.657467346479474912e-01,4.446947319958620137e-01,4.537303447723389227e-01,4.671301003443186772e-01,0.000000000000000000e+00,4.254188212720981799e-01,2.715522657008099250e-01,3.348482694894736045e-01,2.811313612512564841e-01,4.225295220929914941e-01,3.715627838279548789e-01,0.000000000000000000e+00,0.000000000000000000e+00,3.454779346597097178e-01,2.758775267154113253e-01,3.052720672679051228e-01,2.674140657290193235e-01,2.837325451497281770e-01,2.943021481124846184e-01,2.552882468586951115e-01,2.284544165772975088e-01,2.719898992973380225e-01,3.489141460823207974e-01,2.465086444315638114e-01,2.726127850047588841e-01,3.183011299277654915e-01,2.563701849699978053e-01,2.817163840888897153e-01,4.341387925404273096e-01,0.000000000000000000e+00,0.000000000000000000e+00,0.000000000000000000e+00,3.880848103085475787e-01,4.072610512019372853e-01,3.291130348904621195e-01,4.377465546131134033e-01,4.061054924701902880e-01,4.702813565684341168e-01,3.974585123702958911e-01,4.768217885705716141e-01,3.577113211881997046e-01,0.000000000000000000e+00,0.000000000000000000e+00,4.723772619905027836e-01,5.009536058753432108e-01,4.958314731761048200e-01,0.000000000000000000e+00,0.000000000000000000e+00,0.000000000000000000e+00,4.455076675060253844e-01,4.374595477546612821e-01,4.136040983873556232e-01,4.886813616301416974e-01,4.840374399694237217e-01,4.071531385358789779e-01,3.104290151861943126e-01,3.893445565348757076e-01,0.000000000000000000e+00,3.983831276095777807e-01
4.838834463745835257e-01,4.503331257778718788e-01,4.388870001461157022e-01,3.267384781160951879e-01,3.787460617058420187e-01,3.827023922155632918e-01,3.327093873483710218e-01,4.557341124582819925e-01,4.166857129230254198e-01,4.307964836990390012e-01,4.727094143752719191e-01,4.062615484997664783e-01,0.000000000000000000e+00,3.911329366172733857e-01,4.447351392219309196e-01,4.615599666452340766e-01,4.313409124654346005e-01,4.479474723256253177e-01,4.691132195495200108e-01,4.262691491414449807e-01,4.503607178604129846e-01,4.580024808862173114e-01,4.287628607227104149e-01,4.149010145323183130e-01,4.421661207412077021e-01,4.399172101631300125e-01,4.126886032098668888e-01,3.544408520358459103e-01,4.131735106274240232e-01,3.727666203285773805e-01,4.222162041824228940e-01,4.384872646946719743e-01,3.945039694459825941e-01,4.394873582980863835e-01,4.284380870097342919e-01,4.305992356025680201e-01,4.086084305146668871e-01,3.802346930656018142e-01,5.334409431172660865e-01,4.028611961572933775e-01,5.425289597092440852e-01,4.025667982996706251e-01,5.182043127623197076e-01,5.454506209827555407e-01,0.000000000000000000e+00,0.000000000000000000e+00,4.815662523412109763e-01,5.660177108926738310e-01,0.000000000000000000e+00,5.522447496896313313e-01,5.498849272795076626e-01,5.552032253672141149e-01,4.989861528868784202e-01,5.661654953467234463e-01,4.780251062403517159e-01,5.455468612854006416e-01,4.362268935393158187e-01,5.446466593797836264e-01,5.694499160398297510e-01,5.090426842249620165e-01,4.635726863206870996e-01,0.000000000000000000e+00,0.000000000000000000e+00,5.541167510434797938e-01,5.041436628952242760e-01,4.999586768564622252e-01,4.901247172018153853e-01,5.368290802127891892e-01,0.000000000000000000e+00,4.761570434534559970e-01,4.852194567424081839e-01,5.281511622128214345e-01,5.359730040433872134e-01,5.244675098785767098e-01,5.279586857590009563e-01,5.358063305659281905e-01
0.000000000000000000e+00,0.000000000000000000e+00,3.859989819119857835e-01,3.657344932479673072e-01,3.033366776478034765e-01,3.851771890383671737e-01,3.413192011708370832e-01,3.466173689138654090e-01,3.938611482484261073e-01,4.262019410506575068e-01,3.156258797808725869e-01,3.624418733147726779e-01,3.911329366172733857e-01,0.000000000000000000e+00,0.000000000000000000e+00,0.000000000000000000e+00,0.000000000000000000e+00,0.000000000000000000e+00,3.580083083622950246e-01,0.000000000000000000e+00,0.000000000000000000e+00,0.000000000000000000e+00,3.602184497884216019e-01,0.000000000000000000e+00,0.000000000000000000e+00,0.000000000000000000e+00,3.994064716101107804e-01,3.469466125875921847e-01,0.000000000000000000e+00,0.000000000000000000e+00,4.549962099384912140e-01,2.127912505334038085e-01,0.000000000000000000e+00,4.310982002052216044e-01,3.704438571145248771e-01,2.302175605379112033e-01,1.914441347470733912e-01,0.000000000000000000e+00,0.000000000000000000e+00,0.000000000000000000e+00,0.000000000000000000e+00,0.000000000000000000e+00,0.000000000000000000e+00,0.000000000000000000e+00,0.000000000000000000e+00,0.000000000000000000e+00,0.000000000000000000e+00,0.000000000000000000e+00,0.000000000000000000e+00,0.000000000000000000e+00,0.000000000000000000e+00,0.000000000000000000e+00,0.000000000000000000e+00,5.085956643739646399e-01,0.000000000000000000e+00,0.000000000000000000e+00,0.000000000000000000e+00,0.000000000000000000e+00,0.000000000000000000e+00,0.000000000000000000e+00,0.000000000000000000e+00,0.000000000000000000e+00,0.000000000000000000e+00,0.000000000000000000e+00,0.000000000000000000e+00,0.000000000000000000e+00,0.000000000000000000e+00,4.726001577632930051e-01,0.000000000000000000e+00,0.000000000000000000e+00,0.000000000000000000e+00,0.000000000000000000e+00,0.000000000000000000e+00,0.000000000000000000e+00,0.000000000000000000e+00,0.000000000000000000e+00
4.082806546702701933e-01,4.350051950295293901e-01,0.000000000000000000e+00,0.000000000000000000e+00,0.000000000000000000e+00,4.098237564200759020e-01,0.000000000000000000e+00,4.309102702492886849e-01,0.000000000000000000e+00,0.000000000000000000e+00,0.000000000000000000e+00,0.000000000000000000e+00,4.447351392219309196e-01,0.000000000000000000e+00,0.000000000000000000e+00,4.420103163862177942e-01,0.000000000000000000e+00,4.333161147858058948e-01,0.000000000000000000e+00,3.553548266972151870e-01,3.944652557772336254e-01,4.150761471021531257e-01,3.626555661654952134e-01,4.254234744211727870e-01,4.196498368894943098e-01,3.970540168636700895e-01,3.718847226162100839e-01,4.156745619087771071e-01,3.825642353989405775e-01,3.886483407141728130e-01,4.391458998616785125e-01,4.566018696112139064e-01,4.419569367364986068e-01,4.678112578835667001e-01,5.067994208466644057e-01,4.744321703910828192e-01,0.000000000000000000e+00,0.000000000000000000e+00,5.078786139515559794e-01,4.988959162540241854e-01,5.109614600108448590e-01,5.315639527990866364e-01,5.144751940135058321e-01,5.513403370785269209e-01,0.000000000000000000e+00,4.789538818614080262e-01,5.143982126036825697e-01,0.000000000000000000e+00,0.000000000000000000e+00,0.000000000000000000e+00,4.877994885660322244e-01,0.000000000000000000e+00,5.037222706042947529e-01,0.000000000000000000e+00,0.000000000000000000e+00,0.000000000000000000e+00,0.000000000000000000e+00,4.961956708485137924e-01,0.000000000000000000e+00,5.275538471160606813e-01,4.912566311126467800e-01,0.000000000000000000e+00,4.675477609002262058e-01,0.000000000000000000e+00,5.065002775169054061e-01,4.948319008549846854e-01,5.362501049135244280e-01,4.962455091482464997e-01,0.000000000000000000e+00,4.791891351097922191e-01,5.473523552603655196e-01,5.037445462701038990e-01,5.102480125664673460e-01,5.039546830064410843e-01,5.038577350942352595e-01,5.025450837228693235e-01
4.038830299381694910e-01,4.005260717131510773e-01,0.000000000000000000e+00,0.000000000000000000e+00,0.000000000000000000e+00,4.398938662491220231e-01,4.602615408219484783e-01,4.606103710687649011e-01,4.620232014420779243e-01,3.807323245214095930e-01,4.784805666575074889e-01,3.822485226332946739e-01,4.615599666452340766e-01,0.000000000000000000e+00,4.420103163862177942e-01,0.000000000000000000e+00,3.807119168267117937e-01,3.294320526506098190e-01,0.000000000000000000e+00,4.012007774359976908e-01,4.309595256283709208e-01,3.762286212624817994e-01,4.438435923228816748e-01,3.742394426233370819e-01,3.844930076466023250e-01,4.221668241566182145e-01,4.387256559197306172e-01,4.394273903067598130e-01,4.273692291758187101e-01,4.181280778584073876e-01,3.854683455626489730e-01,4.525487387832500263e-01,3.710769596665419723e-01,4.115818415973782063e-01,4.494947148878312149e-01,4.254163653282835855e-01,0.000000000000000000e+00,0.000000000000000000e+00,4.833206804937518752e-01,4.663580024854004913e-01,4.616471492882491812e-01,4.795765946134504243e-01,0.000000000000000000e+00,0.000000000000000000e+00,0.000000000000000000e+00,4.566581051523764812e-01,4.902057353197011857e-01,0.000000000000000000e+00,0.000000000000000000e+00,0.000000000000000000e+00,4.421421151967477869e-01,0.000000000000000000e+00,0.000000000000000000e+00,0.000000000000000000e+00,4.546184388287448086e-01,0.000000000000000000e+00,4.792590713352312126e-01,4.731609642440454122e-01,0.000000000000000000e+00,4.928982553972562908e-01,4.770416090387752939e-01,0.000000000000000000e+00,4.735760610931409875e-01,0.000000000000000000e+00,4.831930046431354153e-01,4.759686389259709105e-01,4.722958297233059155e-01,4.751182333154955750e-01,4.404852227306708112e-01,4.702130591097860024e-01,4.910737865745715136e-01,4.850971433623377238e-01,5.101689360115574390e-01,4.932085725760875783e-01,0.000000000000000000e+00,4.448614485960216136e-01
3.847405782886484937e-01,4.112183632259254207e-01,0.000000000000000000e+00,0.000000000000000000e+00,4.594306507988589749e-01,4.609080798802873136e-01,4.311420455818087971e-01,0.000000000000000000e+00,4.621847141985725993e-01,3.421568344018640073e-01,4.785841654625602737e-01,3.826759099812365172e-01,4.313409124654346005e-01,0.000000000000000000e+00,0.000000000000000000e+00,3.807119168267117937e-01,0.000000000000000000e+00,3.175461834185375198e-01,4.832625695821339828e-01,4.146037594802938209e-01,0.000000000000000000e+00,4.043593840947948270e-01,4.600388198661837236e-01,3.619816871581912898e-01,3.140696395767966220e-01,3.610344374172406723e-01,0.000000000000000000e+00,4.203201718844769008e-01,0.000000000000000000e+00,0.000000000000000000e+00,3.619524649427411922e-01,4.616683923860607774e-01,3.708677970843369254e-01,3.931317061956042802e-01,4.184193483740288877e-01,4.338089901206279020e-01,0.000000000000000000e+00,3.574543899751710940e-01,5.530456255214309946e-01,4.421816265548155767e-01,4.638036253460874891e-01,0.000000000000000000e+00,0.000000000000000000e+00,0.000000000000000000e+00,0.000000000000000000e+00,0.000000000000000000e+00,4.668256823329620109e-01,0.000000000000000000e+00,0.000000000000000000e+00,0.000000000000000000e+00,5.507363032616978682e-01,0.000000000000000000e+00,0.000000000000000000e+00,0.000000000000000000e+00,4.826406521427210050e-01,0.000000000000000000e+00,4.784263095545938094e-01,0.000000000000000000e+00,0.000000000000000000e+00,0.000000000000000000e+00,4.718971872517612742e-01,4.824714637293782138e-01,4.898058330161965124e-01,0.000000000000000000e+00,0.000000000000000000e+00,0.000000000000000000e+00,0.000000000000000000e+00,0.000000000000000000e+00,4.646428772896881165e-01,4.847154695008683012e-01,4.792686384960431201e-01,0.000000000000000000e+00,0.000000000000000000e+00,0.000000000000000000e+00,0.000000000000000000e+00,4.960574451280235220e-01
3.760370473830100813e-01,3.968592145357883738e-01,4.668774271450297220e-01,0.000000000000000000e+00,4.610370958670855224e-01,4.380639340059145903e-01,4.443615618237036213e-01,4.761751444439379921e-01,0.000000000000000000e+00,3.491207078377686068e-01,4.741379569041593856e-01,3.657467346479474912e-01,4.479474723256253177e-01,0.000000000000000000e+00,4.333161147858058948e-01,3.294320526506098190e-01,3.175461834185375198e-01,0.000000000000000000e+00,4.788240673546865223e-01,4.191764361047840004e-01,4.332896067045183819e-01,4.130668655130496081e-01,4.506732602427511725e-01,3.578672508787044126e-01,3.382675979078128004e-01,3.743744247975351880e-01,4.407576390016267887e-01,4.344360599199527107e-01,4.364607812740676218e-01,4.219033470046921752e-01,3.848937900640727050e-01,4.554239132647092125e-01,3.605034916100263165e-01,4.057453285472046867e-01,4.357305439620713927e-01,4.620771204348086969e-01,0.000000000000000000e+00,3.599074005341387772e-01,4.812957260920275870e-01,4.501045611704971861e-01,4.653609458872963733e-01,4.761546521251726061e-01,0.000000000000000000e+00,0.000000000000000000e+00,0.000000000000000000e+00,4.375112129492931268e-01,4.789362071052524761e-01,0.000000000000000000e+00,0.000000000000000000e+00,0.000000000000000000e+00,0.000000000000000000e+00,0.000000000000000000e+00,0.000000000000000000e+00,0.000000000000000000e+00,4.704004105547919812e-01,0.000000000000000000e+00,4.671056414189816985e-01,0.000000000000000000e+00,0.000000000000000000e+00,4.813921930281169770e-01,4.699014765002433869e-01,4.852263785281205055e-01,4.720884065755642789e-01,0.000000000000000000e+00,4.754190436902847039e-01,4.514841888614671839e-01,4.626814671994828876e-01,5.107495959451948675e-01,4.501785716501586765e-01,4.674732983117356189e-01,4.645406323154446238e-01,4.817447480418584060e-01,0.000000000000000000e+00,4.695387321541740766e-01,0.000000000000000000e+00,4.582305311967556083e-01
0.000000000000000000e+00,0.000000000000000000e+00,2.538019973497385728e-01,3.854349396791191262e-01,3.824781774037807058e-01,3.648646951611945188e-01,4.548240133637294069e-01,4.246041603939961218e-01,2.667236077147636109e-01,4.776973836295511089e-01,2.661282948790559821e-01,4.446947319958620137e-01,4.691132195495200108e-01,3.580083083622950246e-01,0.000000000000000000e+00,0.000000000000000000e+00,4.832625695821339828e-01,4.788240673546865223e-01,0.000000000000000000e+00,0.000000000000000000e+00,0.000000000000000000e+00,0.000000000000000000e+00,3.066983517650859747e-01,4.584778201325175884e-01,0.000000000000000000e+00,4.673068950163760116e-01,3.354712692539025265e-01,4.800629467102566217e-01,0.000000000000000000e+00,4.556144638398541002e-01,4.845331330516363111e-01,4.244884973993837129e-01,4.021745309563000137e-01,4.779331306402644919e-01,4.547829987721774270e-01,3.683061333873178245e-01,4.373066465799725910e-01,4.298602076804309835e-01,4.968368240828477944e-01,0.000000000000000000e+00,5.408155662777727191e-01,0.000000000000000000e+00,4.942747105131721774e-01,0.000000000000000000e+00,0.000000000000000000e+00,0.000000000000000000e+00,0.000000000000000000e+00,5.564896140816895098e-01,0.000000000000000000e+00,5.313840352421228541e-01,5.663244268809296544e-01,5.608985014460584617e-01,5.328784637341034136e-01,5.582168585469849953e-01,0.000000000000000000e+00,5.269392609636666114e-01,0.000000000000000000e+00,5.418586848870972084e-01,5.064718413356900095e-01,0.000000000000000000e+00,0.000000000000000000e+00,0.000000000000000000e+00,0.000000000000000000e+00,5.457523637251751047e-01,0.000000000000000000e+00,0.000000000000000000e+00,0.000000000000000000e+00,5.575228273069390283e-01,0.000000000000000000e+00,0.000000000000000000e+00,0.000000000000000000e+00,5.595620197474848734e-01,5.291429403481993088e-01,4.946382356586475071e-01,0.000000000000000000e+00,5.383057285625121313e-01
4.413754118160608253e-01,4.201974807431742009e-01,0.000000000000000000e+00,0.000000000000000000e+00,3.842304601337576120e-01,3.818143052981878838e-01,4.303089724220204859e-01,3.851834322346551764e-01,3.856406233766823122e-01,4.500097326922469776e-01,0.000000000000000000e+00,4.537303447723389227e-01,4.262691491414449807e-01,0.000000000000000000e+00,3.553548266972151870e-01,4.012007774359976908e-01,4.146037594802938209e-01,4.191764361047840004e-01,0.000000000000000000e+00,0.000000000000000000e+00,4.061166359552461080e-01,3.834618915048547128e-01,2.873809893246099256e-01,4.672220298271699268e-01,4.174085403908456837e-01,4.283471409752884762e-01,3.277530068358884274e-01,3.917148392428708159e-01,3.388281790075290956e-01,3.584110491190760084e-01,3.836315915893729889e-01,4.309689600944511811e-01,3.995386060651420768e-01,4.384310856366879783e-01,4.805860431897843732e-01,5.077387064089605717e-01,4.521212279796599787e-01,0.000000000000000000e+00,5.021103893132918827e-01,4.844126558695905915e-01,5.005499169960921924e-01,5.089372640849554319e-01,4.167113464931215816e-01,0.000000000000000000e+00,0.000000000000000000e+00,4.798459809041523139e-01,4.737739571044464748e-01,0.000000000000000000e+00,0.000000000000000000e+00,0.000000000000000000e+00,4.826253524314041976e-01,4.933490596043874077e-01,4.945970848110903262e-01,0.000000000000000000e+00,0.000000000000000000e+00,0.000000000000000000e+00,0.000000000000000000e+00,4.955396602705043896e-01,0.000000000000000000e+00,5.039523617959648094e-01,4.804112426748557985e-01,0.000000000000000000e+00,4.718942325567230811e-01,0.000000000000000000e+00,4.939729544581047960e-01,4.704789340040034795e-01,5.036932248400478596e-01,4.948756660869019219e-01,0.000000000000000000e+00,4.553666966595947829e-01,5.045147628018433750e-01,4.982921897519820842e-01,5.015515396740278797e-01,4.963342545799456218e-01,5.027674136315577469e-01,4.984279468456166984e-01
4.617638659118216138e-01,4.367803598406141963e-01,0.000000000000000000e+00,0.000000000000000000e+00,0.000000000000000000e+00,3.998787203436107163e-01,4.552941949838377744e-01,3.984716681872709221e-01,0.000000000000000000e+00,4.599150740292803907e-01,0.000000000000000000e+00,4.671301003443186772e-01,4.503607178604129846e-01,0.000000000000000000e+00,3.944652557772336254e-01,4.309595256283709208e-01,0.000000000000000000e+00,4.332896067045183819e-01,0.000000000000000000e+00,4.061166359552461080e-01,0.000000000000000000e+00,4.433865323372983003e-01,3.839388561032349156e-01,4.757850037367720164e-01,4.196663047147626835e-01,4.234352169780887243e-01,3.942867797850966860e-01,4.381187403811198089e-01,4.027307864046513197e-01,4.248305424541338193e-01,4.203642152114351882e-01,4.396568205658771267e-01,4.192456517347319944e-01,4.486512698355317741e-01,4.944091055596473994e-01,5.140458862298084020e-01,0.000000000000000000e+00,4.950162329099387915e-01,4.667241163212411115e-01,4.342921093661054055e-01,4.685607963074011062e-01,0.000000000000000000e+00,0.000000000000000000e+00,0.000000000000000000e+00,0.000000000000000000e+00,4.064035201533414132e-01,4.992512884750094915e-01,0.000000000000000000e+00,0.000000000000000000e+00,0.000000000000000000e+00,4.775174932652401227e-01,0.000000000000000000e+00,4.143104298690075127e-01,0.000000000000000000e+00,0.000000000000000000e+00,0.000000000000000000e+00,0.000000000000000000e+00,4.814289062855331980e-01,0.000000000000000000e+00,4.866080584473497783e-01,4.479150921206996872e-01,0.000000000000000000e+00,0.000000000000000000e+00,0.000000000000000000e+00,4.746279565424383895e-01,3.838930158044098206e-01,5.138668965465515992e-01,4.534598771164978226e-01,0.000000000000000000e+00,0.000000000000000000e+00,5.185437436534796607e-01,4.696226883464780233e-01,4.924434605184762059e-01,4.712424319855875177e-01,4.948670773222104136e-01,4.672412923803910267e-01
