0.000000000000000000e+00,4.323180628603632836e-01,4.625514625772936816e-01,0.000000000000000000e+00,0.000000000000000000e+00,4.494062370073768076e-01,4.930463771687230157e-01,5.153576942254769477e-01,4.384813705056752053e-01,3.752560824590642774e-01,0.000000000000000000e+00,3.588561136885496938e-01,4.794566040604275048e-01,0.000000000000000000e+00,4.209634440078457995e-01,4.071692529477863864e-01,3.829166547908963159e-01,4.151957493262514731e-01,0.000000000000000000e+00,4.767645984072196863e-01,4.240615593791344784e-01,4.433790801106983204e-01,4.725659602507011892e-01,3.534875153456977781e-01,3.734146626322223939e-01,3.833150976001972188e-01,4.493804508098583894e-01,4.593652061959829780e-01,4.844381988978039844e-01,5.148796716983744526e-01,3.820092475448921832e-01,4.835385422884975748e-01,3.313926530502711021e-01,3.960042761722413762e-01,4.661348952143241076e-01,0.000000000000000000e+00,0.000000000000000000e+00,3.171143233776093084e-01,5.036746587947681375e-01,4.535201900113253748e-01,4.617699830742004741e-01,4.946572506641336853e-01,0.000000000000000000e+00,0.000000000000000000e+00,0.000000000000000000e+00,3.586035282438578276e-01,4.803422820573661767e-01,0.000000000000000000e+00,0.000000000000000000e+00,0.000000000000000000e+00,0.000000000000000000e+00,0.000000000000000000e+00,0.000000000000000000e+00,0.000000000000000000e+00,0.000000000000000000e+00,0.000000000000000000e+00,4.397382736206055243e-01,0.000000000000000000e+00,0.000000000000000000e+00,4.851026145002241274e-01,4.722476373238249092e-01,4.199703440486226014e-01,4.630241400152227960e-01,0.000000000000000000e+00,4.601093298220206851e-01,4.316334495112050251e-01,4.780263671665733183e-01,4.565270018937737095e-01,3.235073331667734919e-01,4.645282988173232153e-01,4.743611623273121247e-01,0.000000000000000000e+00,0.000000000000000000e+00,0.000000000000000000e+00,0.000000000000000000e+00,4.443243900326622753e-01
4.323180628603632836e-01,0.000000000000000000e+00,0.000000000000000000e+00,0.000000000000000000e+00,0.000000000000000000e+00,4.253001737559917173e-01,4.694466620694616177e-01,4.542491272016729864e-01,0.000000000000000000e+00,3.467300966723029232e-01,0.000000000000000000e+00,0.000000000000000000e+00,4.588004843956237089e-01,0.000000000000000000e+00,4.540889549181306162e-01,4.250570607915664101e-01,4.406014621535456754e-01,4.372646677346346822e-01,0.000000000000000000e+00,4.466162772459503771e-01,4.427910018530673009e-01,4.464410834629797264e-01,4.295402592154943799e-01,3.855008434688986796e-01,3.926169119199057200e-01,4.278340508757680904e-01,4.381620818928371186e-01,4.443674499481666262e-01,4.359566001003079005e-01,4.474563770042406796e-01,4.081215372191929758e-01,5.051918673427703288e-01,3.959694416296719033e-01,4.214098094228491131e-01,4.994780327463357872e-01,0.000000000000000000e+00,0.000000000000000000e+00,0.000000000000000000e+00,5.191684274213665962e-01,4.839832158381278115e-01,4.847861376992049220e-01,5.085999357737603921e-01,0.000000000000000000e+00,0.000000000000000000e+00,0.000000000000000000e+00,4.658219066770589722e-01,5.010454874821861360e-01,0.000000000000000000e+00,0.000000000000000000e+00,0.000000000000000000e+00,4.738439422296024106e-01,0.000000000000000000e+00,5.175901126484325765e-01,0.000000000000000000e+00,0.000000000000000000e+00,0.000000000000000000e+00,0.000000000000000000e+00,0.000000000000000000e+00,0.000000000000000000e+00,4.916309381483158769e-01,4.899952989915750123e-01,4.619876398045730248e-01,4.839325059766451109e-01,0.000000000000000000e+00,4.726587769053171018e-01,4.878165530043938047e-01,4.882766273668537882e-01,4.814357257487438813e-01,4.697242541166732899e-01,4.888476388243678805e-01,5.105700653557266877e-01,4.783222306001487234e-01,5.003484217025294667e-01,4.806523836242855841e-01,0.000000000000000000e+00,4.703941148863045041e-01
4.625514625772936816e-01,0.000000000000000000e+00,0.000000000000000000e+00,4.225028561454223230e-01,3.591994272930624787e-01,3.732002922342657070e-01,4.139337651173827792e-01,3.790891172210544835e-01,2.972087480722830910e-01,4.287581528473293768e-01,2.887059553569438775e-01,3.984599728037974131e-01,4.199021294618707767e-01,3.642425105707872146e-01,0.000000000000000000e+00,0.000000000000000000e+00,4.384763545779702953e-01,4.513340475078305158e-01,2.367549692692363095e-01,0.000000000000000000e+00,3.836599097339238873e-01,0.000000000000000000e+00,2.939438660425370275e-01,4.222611992737833053e-01,4.285112958407223949e-01,4.416110670810713956e-01,3.275359563030089127e-01,4.253378426900050191e-01,4.034055125186745139e-01,4.672731337263518192e-01,4.419940666938427798e-01,4.191042297284354734e-01,0.000000000000000000e+00,4.395414539566466217e-01,4.597401886653985081e-01,3.628200550749320907e-01,4.210146917616346962e-01,0.000000000000000000e+00,4.430291808130810138e-01,0.000000000000000000e+00,5.480509271222625545e-01,0.000000000000000000e+00,4.293993437180437800e-01,0.000000000000000000e+00,0.000000000000000000e+00,0.000000000000000000e+00,0.000000000000000000e+00,2.771887905922285067e-01,0.000000000000000000e+00,4.895539633012773173e-01,5.219711734100923595e-01,5.175767459766493772e-01,4.992706754186391205e-01,4.962484257152465772e-01,0.000000000000000000e+00,4.081883946588575895e-01,0.000000000000000000e+00,5.038204888050683561e-01,4.658882719160861163e-01,0.000000000000000000e+00,0.000000000000000000e+00,0.000000000000000000e+00,0.000000000000000000e+00,4.728922153615549018e-01,0.000000000000000000e+00,0.000000000000000000e+00,4.452847177411536905e-01,5.184387310280113015e-01,0.000000000000000000e+00,0.000000000000000000e+00,0.000000000000000000e+00,5.152373899844671090e-01,5.031138053547579148e-01,5.005769271936524323e-01,0.000000000000000000e+00,5.940174632168896407e-01
0.000000000000000000e+00,0.000000000000000000e+00,4.225028561454223230e-01,0.000000000000000000e+00,2.926714869975545752e-01,4.530735274413105196e-01,2.843597757006868232e-01,4.498799612204358866e-01,4.010876927683665882e-01,4.304610192775725763e-01,3.986614436909391990e-01,4.008781144377991934e-01,2.931894743149998095e-01,3.659367495448935248e-01,0.000000000000000000e+00,0.000000000000000000e+00,0.000000000000000000e+00,0.000000000000000000e+00,4.056732399855302873e-01,0.000000000000000000e+00,0.000000000000000000e+00,0.000000000000000000e+00,4.372175675392915850e-01,0.000000000000000000e+00,4.336024522781372070e-01,0.000000000000000000e+00,4.576375599304247088e-01,2.889873310633305770e-01,0.000000000000000000e+00,0.000000000000000000e+00,3.576002632154299254e-01,3.086316669948516167e-01,0.000000000000000000e+00,3.835220650657000241e-01,3.592632412910460871e-01,2.551247589217737199e-01,1.857686395339741003e-01,0.000000000000000000e+00,0.000000000000000000e+00,0.000000000000000000e+00,0.000000000000000000e+00,0.000000000000000000e+00,4.127940185112883853e-01,0.000000000000000000e+00,0.000000000000000000e+00,0.000000000000000000e+00,0.000000000000000000e+00,0.000000000000000000e+00,0.000000000000000000e+00,0.000000000000000000e+00,0.000000000000000000e+00,0.000000000000000000e+00,0.000000000000000000e+00,0.000000000000000000e+00,0.000000000000000000e+00,0.000000000000000000e+00,0.000000000000000000e+00,0.000000000000000000e+00,0.000000000000000000e+00,0.000000000000000000e+00,0.000000000000000000e+00,0.000000000000000000e+00,0.000000000000000000e+00,0.000000000000000000e+00,0.000000000000000000e+00,0.000000000000000000e+00,0.000000000000000000e+00,0.000000000000000000e+00,0.000000000000000000e+00,0.000000000000000000e+00,0.000000000000000000e+00,0.000000000000000000e+00,0.000000000000000000e+00,0.000000000000000000e+00,0.000000000000000000e+00,0.000000000000000000e+00
0.000000000000000000e+00,0.000000000000000000e+00,3.591994272930624787e-01,2.926714869975545752e-01,0.000000000000000000e+00,4.037777306895126150e-01,3.478519716479557822e-01,4.248877355736723760e-01,3.138169579403262133e-01,4.347728995170436761e-01,2.938300421116163963e-01,4.050784155929296193e-01,3.633624028738139944e-01,3.139191691490316183e-01,0.000000000000000000e+00,4.269183523325992824e-01,4.661671346387690207e-01,4.498600065449531171e-01,3.185591016917928009e-01,4.608774284196637261e-01,0.000000000000000000e+00,4.894570571362066858e-01,4.085344177943255883e-01,4.305171280222203078e-01,4.373247492369489731e-01,4.445290754269378142e-01,3.866617637753507752e-01,3.586727824973017786e-01,4.567379997864440266e-01,0.000000000000000000e+00,4.373613532459080799e-01,4.074603311515401227e-01,0.000000000000000000e+00,4.284775933087571764e-01,3.912797821642676199e-01,2.837336703258062087e-01,2.852362960095771727e-01,0.000000000000000000e+00,5.103125320122612329e-01,0.000000000000000000e+00,5.519478321687254496e-01,0.000000000000000000e+00,4.209469442226623226e-01,0.000000000000000000e+00,0.000000000000000000e+00,0.000000000000000000e+00,0.000000000000000000e+00,4.270059692894888070e-01,0.000000000000000000e+00,0.000000000000000000e+00,5.261184938405725209e-01,5.188432753150400423e-01,5.091957468000125608e-01,5.033817054405015368e-01,0.000000000000000000e+00,3.630424183868721788e-01,0.000000000000000000e+00,0.000000000000000000e+00,0.000000000000000000e+00,0.000000000000000000e+00,0.000000000000000000e+00,0.000000000000000000e+00,0.000000000000000000e+00,0.000000000000000000e+00,0.000000000000000000e+00,0.000000000000000000e+00,0.000000000000000000e+00,5.349515906252936270e-01,0.000000000000000000e+00,0.000000000000000000e+00,0.000000000000000000e+00,5.252625736919314114e-01,5.153816973776282895e-01,0.000000000000000000e+00,0.000000000000000000e+00,0.000000000000000000e+00
4.494062370073768076e-01,4.253001737559917173e-01,3.732002922342657070e-01,4.530735274413105196e-01,4.037777306895126150e-01,0.000000000000000000e+00,4.301655302353006860e-01,4.054448596684623873e-01,3.140073830136981270e-01,4.642104035888596769e-01,3.386788314634289754e-01,4.426260978568669069e-01,3.870686824237876134e-01,4.351952483485880263e-01,4.076196800954947075e-01,4.410744308977457839e-01,4.639275312770549942e-01,4.644342051039397901e-01,3.258535607855080896e-01,4.043781489014677266e-01,3.740406253382738133e-01,4.281690189530292789e-01,3.821318335077522055e-01,4.599988910060557878e-01,4.453514679130345932e-01,4.473154753334391831e-01,3.698976641369399743e-01,3.853458044073144739e-01,3.506806697001333961e-01,4.297342808121574764e-01,4.541204338718520805e-01,4.497829427273135061e-01,4.043802580537477209e-01,4.671995480863541106e-01,4.801221902950503218e-01,4.283330721359728810e-01,4.450695908528463085e-01,4.288787910859078178e-01,5.125647942620880082e-01,0.000000000000000000e+00,5.353283909020265519e-01,5.514504036077179094e-01,4.429445996628609827e-01,0.000000000000000000e+00,0.000000000000000000e+00,0.000000000000000000e+00,4.646132804169634256e-01,5.035787098110816595e-01,0.000000000000000000e+00,5.165512479460667716e-01,5.208665520697303153e-01,5.221780331039482803e-01,4.871355761615019930e-01,5.139022615357059509e-01,0.000000000000000000e+00,4.907337445985839874e-01,0.000000000000000000e+00,5.168215402145102111e-01,4.836623413788860848e-01,4.468391469253151227e-01,0.000000000000000000e+00,0.000000000000000000e+00,0.000000000000000000e+00,5.070983121806338367e-01,4.595013650564045982e-01,4.482854856528056819e-01,4.579009405356885831e-01,5.348583421503583235e-01,0.000000000000000000e+00,0.000000000000000000e+00,4.720716431579614070e-01,5.237122435764992590e-01,5.165909035792478621e-01,4.940167466072212243e-01,5.275028855469294786e-01,5.208984118676676101e-01
4.930463771687230157e-01,4.694466620694616177e-01,4.139337651173827792e-01,2.843597757006868232e-01,3.478519716479557822e-01,4.301655302353006860e-01,0.000000000000000000e+00,4.531720366584924276e-01,3.788079139557036790e-01,4.274492060906883162e-01,4.003543731492719138e-01,4.070496810393137155e-01,3.512690064397062106e-01,3.409738251159579181e-01,4.473187274097432109e-01,4.895914614517660191e-01,4.446163447610870234e-01,4.470190184146651258e-01,4.027458620335058193e-01,4.677657895220450057e-01,4.500239625163710011e-01,4.826803263220996731e-01,4.329177810169118068e-01,4.211283954828448084e-01,4.336569076809752010e-01,4.389009123379354893e-01,4.387721005010590813e-01,3.489454179393656763e-01,4.582105252351169056e-01,0.000000000000000000e+00,4.094263151913459797e-01,4.354852129898925117e-01,4.165204322298355910e-01,4.099864613302744987e-01,4.006789647972632262e-01,3.525844251800379081e-01,4.083012778618889116e-01,3.803184859545031271e-01,5.190340299521308820e-01,0.000000000000000000e+00,5.370526567038280685e-01,5.394534105232817733e-01,4.468787966401204792e-01,0.000000000000000000e+00,0.000000000000000000e+00,0.000000000000000000e+00,0.000000000000000000e+00,4.844239662129559143e-01,0.000000000000000000e+00,5.227239163785885045e-01,5.174687194897337195e-01,5.156186815743785123e-01,4.944586805440271959e-01,5.100858372380647765e-01,4.681999677650313108e-01,4.719797448256988770e-01,0.000000000000000000e+00,5.075380906661950409e-01,0.000000000000000000e+00,0.000000000000000000e+00,0.000000000000000000e+00,0.000000000000000000e+00,0.000000000000000000e+00,5.165646909337862080e-01,4.923795013763170858e-01,0.000000000000000000e+00,4.800432644042965102e-01,5.275002237025467888e-01,0.000000000000000000e+00,4.646197889404465875e-01,4.759671297836401971e-01,5.247249291577443797e-01,5.159626914087245275e-01,5.109845903940222200e-01,0.000000000000000000e+00,5.303320400997756368e-01
5.153576942254769477e-01,4.542491272016729864e-01,3.790891172210544835e-01,4.498799612204358866e-01,4.248877355736723760e-01,4.054448596684623873e-01,4.531720366584924276e-01,0.000000000000000000e+00,3.866190973527169894e-01,4.687302771577929184e-01,3.022135352236953731e-01,4.537183056659672142e-01,4.412637160718662077e-01,3.559647447109843266e-01,3.980431554406472783e-01,4.648482993499417071e-01,0.000000000000000000e+00,4.993624595844530778e-01,3.385524514290544906e-01,4.121811886302716998e-01,3.957543919534712851e-01,4.348872810465034267e-01,3.397297814493783763e-01,5.245536444916523156e-01,5.004633580529034287e-01,4.969292140665729218e-01,3.930640804486285056e-01,4.324368687666150235e-01,3.962041977654223723e-01,4.326143257310214874e-01,4.585405186227254903e-01,4.407992715788194849e-01,4.213918418492632045e-01,4.768034020850345778e-01,5.008137443120634913e-01,3.474589440997482015e-01,4.311720156218136757e-01,0.000000000000000000e+00,5.180189557385851407e-01,0.000000000000000000e+00,5.498352449064107805e-01,0.000000000000000000e+00,3.950524444602057095e-01,0.000000000000000000e+00,0.000000000000000000e+00,0.000000000000000000e+00,4.672266506212576775e-01,4.500059844339298065e-01,0.000000000000000000e+00,5.052619769156758700e-01,4.974051842458718786e-01,5.053486335890299275e-01,4.346593240826923110e-01,4.689640317837384109e-01,0.000000000000000000e+00,4.263725122217688068e-01,0.000000000000000000e+00,4.898890124302094917e-01,4.262679604769378239e-01,4.738737373397373109e-01,5.037373161602858307e-01,0.000000000000000000e+00,0.000000000000000000e+00,4.638740000476487269e-01,4.645941880981716010e-01,4.632431510145015863e-01,4.777632626869320887e-01,4.924814374451497168e-01,0.000000000000000000e+00,4.861455494093067098e-01,4.808535722555237757e-01,4.962954558352842271e-01,5.081652163741898764e-01,4.954900059263248058e-01,0.000000000000000000e+00,5.382879463095244787e-01
4.384813705056752053e-01,0.000000000000000000e+00,2.972087480722830910e-01,4.010876927683665882e-01,3.138169579403262133e-01,3.140073830136981270e-01,3.788079139557036790e-01,3.866190973527169894e-01,0.000000000000000000e+00,4.376501113108766106e-01,2.832316495317175886e-01,4.151164323288287217e-01,3.599894904155935271e-01,3.594755648411419036e-01,0.000000000000000000e+00,0.000000000000000000e+00,4.472757433275112993e-01,4.495766311319978059e-01,2.596817159023805943e-01,4.050252318192757994e-01,3.683976686383809152e-01,4.392864302401853771e-01,3.663813232555854227e-01,4.278494493319821013e-01,4.393228478853367092e-01,4.379920268626714130e-01,3.305596450788104157e-01,4.207007467636236231e-01,3.947056467625444931e-01,4.450626397990963823e-01,4.374043540411651221e-01,4.101146393768803078e-01,4.146772126107651779e-01,4.344331968915390862e-01,4.262726256096309729e-01,3.737094189435751224e-01,4.150321815559360195e-01,4.000413014243175969e-01,4.503854700006126865e-01,0.000000000000000000e+00,0.000000000000000000e+00,0.000000000000000000e+00,4.250586635449494222e-01,0.000000000000000000e+00,0.000000000000000000e+00,0.000000000000000000e+00,0.000000000000000000e+00,3.463155096042603853e-01,0.000000000000000000e+00,4.866968096117386122e-01,5.161071984034948379e-01,5.216271988569622930e-01,4.843733648928412738e-01,4.960109469213010991e-01,0.000000000000000000e+00,3.467899001770868850e-01,0.000000000000000000e+00,5.062181943287477059e-01,4.678734424171914208e-01,0.000000000000000000e+00,0.000000000000000000e+00,0.000000000000000000e+00,0.000000000000000000e+00,4.839291875094877127e-01,0.000000000000000000e+00,0.000000000000000000e+00,0.000000000000000000e+00,5.102117137917744349e-01,0.000000000000000000e+00,0.000000000000000000e+00,0.000000000000000000e+00,5.122422533022368274e-01,5.102055473873228220e-01,0.000000000000000000e+00,0.000000000000000000e+00,5.312199542753119896e-01
3.752560824590642774e-01,3.467300966723029232e-01,4.287581528473293768e-01,4.304610192775725763e-01,4.347728995170436761e-01,4.642104035888596769e-01,4.274492060906883162e-01,4.687302771577929184e-01,4.376501113108766106e-01,0.000000000000000000e+00,4.193262930335818206e-01,2.913954131111530788e-01,4.361180671355385785e-01,2.303553110588263120e-01,0.000000000000000000e+00,3.750377180400336075e-01,3.541118112979443899e-01,3.598483877860991775e-01,4.206726583224046911e-01,4.693232833469183074e-01,4.682167564931821735e-01,4.375927877337156269e-01,4.476768162688692931e-01,3.062021879642313760e-01,2.784518206349865244e-01,3.024223862384741168e-01,4.653329763928248930e-01,4.249882966040711141e-01,4.675283991623755964e-01,4.226207173718772858e-01,3.393504677822852256e-01,3.466715003379781113e-01,2.854076469692983231e-01,3.092053321095257212e-01,3.043322618003748148e-01,3.221117069801309185e-01,2.809163960896968737e-01,2.747116399580937229e-01,3.082798537009717732e-01,3.776776633260437999e-01,3.531390084848192168e-01,3.413543028809836732e-01,0.000000000000000000e+00,0.000000000000000000e+00,3.280907261980305911e-01,4.273631480106886982e-01,0.000000000000000000e+00,0.000000000000000000e+00,0.000000000000000000e+00,0.000000000000000000e+00,4.984134068887602909e-01,0.000000000000000000e+00,0.000000000000000000e+00,0.000000000000000000e+00,4.205537007394983262e-01,0.000000000000000000e+00,4.258287891020252069e-01,0.000000000000000000e+00,0.000000000000000000e+00,0.000000000000000000e+00,4.405819466250244232e-01,4.504036832585984751e-01,4.617821475553545163e-01,0.000000000000000000e+00,0.000000000000000000e+00,0.000000000000000000e+00,0.000000000000000000e+00,0.000000000000000000e+00,4.080806443274240802e-01,4.565600580810350029e-01,4.504387476631149245e-01,0.000000000000000000e+00,3.768911772768341883e-01,0.000000000000000000e+00,0.000000000000000000e+00,4.115261276643976118e-01
0.000000000000000000e+00,0.000000000000000000e+00,2.887059553569438775e-01,3.986614436909391990e-01,2.938300421116163963e-01,3.386788314634289754e-01,4.003543731492719138e-01,3.022135352236953731e-01,2.832316495317175886e-01,4.193262930335818206e-01,0.000000000000000000e+00,4.005061902309586253e-01,4.053533736755596251e-01,2.966140263447347158e-01,0.000000000000000000e+00,0.000000000000000000e+00,4.328550335060977194e-01,4.431278578112565203e-01,2.327328388574990137e-01,0.000000000000000000e+00,0.000000000000000000e+00,0.000000000000000000e+00,2.921245960648382045e-01,4.184044944997262205e-01,4.286369420042104861e-01,4.336314375486765016e-01,3.438213391862168233e-01,3.944197124485265826e-01,4.413029393259205180e-01,3.848049248177154991e-01,4.182550102401267900e-01,3.581021398703931879e-01,4.148514622312199918e-01,4.139254601350693119e-01,3.890681056528483839e-01,2.926520008092364233e-01,3.488672787321839275e-01,3.887742802648720963e-01,4.024953339282991149e-01,0.000000000000000000e+00,0.000000000000000000e+00,0.000000000000000000e+00,3.782916636069498240e-01,0.000000000000000000e+00,0.000000000000000000e+00,0.000000000000000000e+00,0.000000000000000000e+00,3.186485310263482140e-01,0.000000000000000000e+00,4.803101613858354879e-01,4.883920630851997791e-01,4.652782302444903872e-01,4.567931091020822065e-01,4.665313895895010776e-01,0.000000000000000000e+00,1.966047510220818029e-01,0.000000000000000000e+00,4.730976657640482141e-01,4.187015994224835835e-01,0.000000000000000000e+00,0.000000000000000000e+00,0.000000000000000000e+00,0.000000000000000000e+00,4.579396688772082169e-01,0.000000000000000000e+00,0.000000000000000000e+00,0.000000000000000000e+00,4.970936404192146107e-01,0.000000000000000000e+00,0.000000000000000000e+00,0.000000000000000000e+00,4.850074725545681087e-01,4.904573095574710773e-01,0.000000000000000000e+00,0.000000000000000000e+00,0.000000000000000000e+00
3.588561136885496938e-01,0.000000000000000000e+00,3.984599728037974131e-01,4.008781144377991934e-01,4.050784155929296193e-01,4.426260978568669069e-01,4.070496810393137155e-01,4.537183056659672142e-01,4.151164323288287217e-01,2.913954131111530788e-01,4.005061902309586253e-01,0.000000000000000000e+00,4.301874653372094737e-01,3.822089091286580143e-01,0.000000000000000000e+00,0.000000000000000000e+00,3.656977917459505178e-01,3.579517692150099850e-01,4.006604611404416261e-01,0.000000000000000000e+00,0.000000000000000000e+00,0.000000000000000000e+00,4.405996340073680129e-01,2.715630851267397117e-01,3.372893083615827181e-01,2.681428981789519828e-01,4.509043631976307198e-01,3.991639738072058075e-01,4.606444879644003843e-01,0.000000000000000000e+00,3.481414453833812095e-01,2.910962127408596167e-01,2.518605717024937074e-01,2.760459499154910845e-01,3.051738290739388071e-01,3.104158620965080106e-01,2.998232131238022791e-01,2.132771822598681921e-01,2.386510536425436868e-01,3.622220509913154918e-01,3.241091981514206966e-01,3.176189959049224854e-01,0.000000000000000000e+00,0.000000000000000000e+00,3.148528085724960901e-01,0.000000000000000000e+00,0.000000000000000000e+00,0.000000000000000000e+00,0.000000000000000000e+00,0.000000000000000000e+00,0.000000000000000000e+00,0.000000000000000000e+00,0.000000000000000000e+00,0.000000000000000000e+00,4.119763651852798025e-01,0.000000000000000000e+00,4.144346563549701767e-01,0.000000000000000000e+00,0.000000000000000000e+00,0.000000000000000000e+00,0.000000000000000000e+00,4.394443300472665181e-01,4.496607048382091909e-01,0.000000000000000000e+00,0.000000000000000000e+00,0.000000000000000000e+00,0.000000000000000000e+00,0.000000000000000000e+00,3.904097090305900242e-01,4.493804985944765962e-01,4.373720644209500019e-01,0.000000000000000000e+00,0.000000000000000000e+00,0.000000000000000000e+00,0.000000000000000000e+00,3.946776971854165095e-01
4.794566040604275048e-01,4.588004843956237089e-01,4.199021294618707767e-01,2.931894743149998095e-01,3.633624028738139944e-01,3.870686824237876134e-01,3.512690064397062106e-01,4.412637160718662077e-01,3.599894904155935271e-01,4.361180671355385785e-01,4.053533736755596251e-01,4.301874653372094737e-01,0.000000000000000000e+00,3.724785109571761010e-01,4.463466084195121808e-01,4.770216575818643778e-01,4.377017484422189852e-01,4.461725700891464030e-01,4.046387221113973975e-01,4.485989912613878028e-01,4.410885953046652097e-01,4.712876208251244869e-01,4.237902225328922245e-01,4.310437137219031989e-01,4.311944670561779214e-01,4.357025740321043838e-01,4.320952371653941082e-01,3.447554052848453843e-01,4.244705240864712903e-01,3.616692391212167901e-01,3.958509394977274831e-01,4.512631020057856768e-01,4.201448634828294781e-01,4.314034263136021785e-01,4.497012923819356800e-01,4.239959910816917810e-01,4.342230516759567061e-01,4.066364480181672847e-01,5.218574991830519094e-01,4.714752578105841918e-01,5.350239029622801956e-01,0.000000000000000000e+00,4.491987572841348864e-01,0.000000000000000000e+00,0.000000000000000000e+00,0.000000000000000000e+00,4.833664681137708197e-01,4.882652896422625122e-01,0.000000000000000000e+00,5.124656502915118095e-01,5.094776488011261151e-01,5.107520014889322946e-01,4.836063775200397097e-01,5.091450770771095424e-01,4.469616035753614103e-01,4.771972690532820249e-01,4.516822693658005816e-01,5.019612512331257381e-01,4.883245343853359066e-01,4.777343270682137821e-01,4.679832946772921054e-01,4.703404611539320768e-01,0.000000000000000000e+00,0.000000000000000000e+00,4.748321360089478027e-01,4.946466962956526103e-01,4.681489713586922119e-01,5.204406790952214035e-01,4.494837378518430904e-01,4.797675407093484057e-01,4.812943512888094855e-01,5.098226461610153581e-01,5.154322145377319142e-01,5.027082209778249711e-01,5.207370154424229014e-01,5.312257774053912307e-01
0.000000000000000000e+00,0.000000000000000000e+00,3.642425105707872146e-01,3.659367495448935248e-01,3.139191691490316183e-01,4.351952483485880263e-01,3.409738251159579181e-01,3.559647447109843266e-01,3.594755648411419036e-01,2.303553110588263120e-01,2.966140263447347158e-01,3.822089091286580143e-01,3.724785109571761010e-01,0.000000000000000000e+00,0.000000000000000000e+00,0.000000000000000000e+00,0.000000000000000000e+00,0.000000000000000000e+00,3.462588413395482068e-01,0.000000000000000000e+00,4.687506494569936843e-01,0.000000000000000000e+00,3.742322646539423259e-01,0.000000000000000000e+00,0.000000000000000000e+00,0.000000000000000000e+00,4.284192146801266143e-01,3.165609372433538793e-01,4.281342948117506930e-01,0.000000000000000000e+00,4.317145242867089228e-01,2.820585184648494170e-01,0.000000000000000000e+00,4.252834893375980196e-01,0.000000000000000000e+00,2.299597563484097884e-01,1.662786477167960963e-01,0.000000000000000000e+00,0.000000000000000000e+00,0.000000000000000000e+00,0.000000000000000000e+00,0.000000000000000000e+00,3.736213624453917914e-01,0.000000000000000000e+00,0.000000000000000000e+00,0.000000000000000000e+00,0.000000000000000000e+00,4.044154735391883859e-01,0.000000000000000000e+00,0.000000000000000000e+00,0.000000000000000000e+00,0.000000000000000000e+00,4.075203321981893945e-01,0.000000000000000000e+00,0.000000000000000000e+00,3.684326311168529822e-01,0.000000000000000000e+00,0.000000000000000000e+00,3.997708807338682946e-01,0.000000000000000000e+00,0.000000000000000000e+00,0.000000000000000000e+00,0.000000000000000000e+00,0.000000000000000000e+00,0.000000000000000000e+00,0.000000000000000000e+00,0.000000000000000000e+00,4.835421528466768981e-01,0.000000000000000000e+00,0.000000000000000000e+00,0.000000000000000000e+00,0.000000000000000000e+00,0.000000000000000000e+00,0.000000000000000000e+00,0.000000000000000000e+00,0.000000000000000000e+00
4.209634440078457995e-01,4.540889549181306162e-01,0.000000000000000000e+00,0.000000000000000000e+00,0.000000000000000000e+00,4.076196800954947075e-01,4.473187274097432109e-01,3.980431554406472783e-01,0.000000000000000000e+00,0.000000000000000000e+00,0.000000000000000000e+00,0.000000000000000000e+00,4.463466084195121808e-01,0.000000000000000000e+00,0.000000000000000000e+00,4.374785925497222117e-01,0.000000000000000000e+00,4.402577520135841915e-01,0.000000000000000000e+00,3.425632622869089206e-01,4.069705134048969275e-01,3.682188487904671237e-01,3.538062876205734786e-01,4.578667393530593821e-01,4.270110367223641790e-01,4.140522350938716789e-01,3.899588651594779742e-01,4.269859317615040117e-01,4.110316869652860805e-01,4.227800760130155933e-01,4.379105709400650803e-01,4.842330243760371022e-01,3.903993642445869883e-01,4.630026293958682260e-01,5.225825254326639246e-01,5.907561211687571978e-01,0.000000000000000000e+00,0.000000000000000000e+00,5.174498433982038792e-01,4.888061874832781983e-01,5.003607304671628953e-01,5.323444980485756428e-01,0.000000000000000000e+00,0.000000000000000000e+00,0.000000000000000000e+00,4.963892082915348780e-01,5.251139509797091431e-01,0.000000000000000000e+00,0.000000000000000000e+00,0.000000000000000000e+00,4.650120352723743911e-01,0.000000000000000000e+00,4.959567839462724059e-01,0.000000000000000000e+00,0.000000000000000000e+00,0.000000000000000000e+00,0.000000000000000000e+00,4.668527546719379862e-01,0.000000000000000000e+00,4.548503795594672772e-01,4.768517149106745179e-01,0.000000000000000000e+00,4.771072784863413796e-01,0.000000000000000000e+00,4.365064794094831724e-01,4.762448628939847106e-01,4.794567688412130213e-01,4.576065009831181141e-01,0.000000000000000000e+00,4.698969296065658163e-01,5.255013848706568957e-01,4.636050442645205938e-01,4.970645603402225055e-01,4.663204707591235842e-01,0.000000000000000000e+00,4.648429926453908068e-01
4.071692529477863864e-01,4.250570607915664101e-01,0.000000000000000000e+00,0.000000000000000000e+00,4.269183523325992824e-01,4.410744308977457839e-01,4.895914614517660191e-01,4.648482993499417071e-01,0.000000000000000000e+00,3.750377180400336075e-01,0.000000000000000000e+00,0.000000000000000000e+00,4.770216575818643778e-01,0.000000000000000000e+00,4.374785925497222117e-01,0.000000000000000000e+00,4.076941960598892134e-01,3.784055378049722140e-01,0.000000000000000000e+00,4.304080632967072217e-01,4.332334425035653802e-01,3.883885662998934896e-01,4.350924750003610231e-01,3.792497941193482269e-01,3.966722563166523163e-01,4.317126081621245892e-01,4.444356568047188039e-01,4.503499285894133064e-01,4.511445500183098867e-01,4.433813627707637872e-01,4.016238600855258079e-01,5.020781597355891135e-01,4.003008110357926808e-01,4.199270719638226179e-01,4.827239191138323893e-01,5.694077951240388291e-01,5.187987014722500456e-01,0.000000000000000000e+00,5.038045827670117882e-01,4.729027265831625138e-01,4.770405144148939791e-01,4.972939432091367240e-01,0.000000000000000000e+00,0.000000000000000000e+00,0.000000000000000000e+00,4.587746419492069738e-01,4.848313894031420213e-01,0.000000000000000000e+00,0.000000000000000000e+00,0.000000000000000000e+00,4.837896590300264088e-01,0.000000000000000000e+00,0.000000000000000000e+00,0.000000000000000000e+00,0.000000000000000000e+00,0.000000000000000000e+00,0.000000000000000000e+00,0.000000000000000000e+00,0.000000000000000000e+00,4.661214568495927746e-01,4.886969384350665080e-01,4.670229168758643912e-01,4.885965287115814903e-01,0.000000000000000000e+00,4.620103258596329754e-01,4.817606425187367925e-01,4.744543881991434842e-01,4.848551020884457885e-01,4.744130692128656901e-01,4.939101252277564025e-01,4.937127306765273227e-01,4.893029462379173133e-01,5.050604104615358247e-01,4.897648035125429788e-01,0.000000000000000000e+00,4.668611699730800257e-01
3.829166547908963159e-01,4.406014621535456754e-01,4.384763545779702953e-01,0.000000000000000000e+00,4.661671346387690207e-01,4.639275312770549942e-01,4.446163447610870234e-01,0.000000000000000000e+00,4.472757433275112993e-01,3.541118112979443899e-01,4.328550335060977194e-01,3.656977917459505178e-01,4.377017484422189852e-01,0.000000000000000000e+00,0.000000000000000000e+00,4.076941960598892134e-01,0.000000000000000000e+00,3.110375573428253992e-01,4.386439762511933904e-01,4.649411678806477100e-01,0.000000000000000000e+00,4.414103388497426783e-01,4.620558290723040806e-01,3.460909064179999994e-01,3.447362317667321263e-01,3.555275086203016910e-01,4.877626289098512258e-01,4.271119662913642756e-01,4.747108318599747023e-01,0.000000000000000000e+00,3.448762038334701741e-01,4.593086463914919926e-01,3.392074290344441745e-01,3.863747159851175783e-01,4.008413223950433868e-01,0.000000000000000000e+00,0.000000000000000000e+00,3.263835523289747020e-01,4.991267182891940268e-01,4.238206600901067156e-01,4.366017731954178194e-01,4.921671884489932092e-01,0.000000000000000000e+00,0.000000000000000000e+00,3.863443705365882108e-01,0.000000000000000000e+00,0.000000000000000000e+00,0.000000000000000000e+00,0.000000000000000000e+00,0.000000000000000000e+00,0.000000000000000000e+00,0.000000000000000000e+00,0.000000000000000000e+00,0.000000000000000000e+00,4.454852502613382836e-01,0.000000000000000000e+00,4.433273187282549821e-01,0.000000000000000000e+00,0.000000000000000000e+00,0.000000000000000000e+00,4.849177758904997804e-01,4.580694510595855196e-01,4.747382155657736136e-01,0.000000000000000000e+00,0.000000000000000000e+00,0.000000000000000000e+00,0.000000000000000000e+00,0.000000000000000000e+00,4.262096420401034758e-01,4.688014079635913212e-01,4.619199469806442027e-01,0.000000000000000000e+00,0.000000000000000000e+00,0.000000000000000000e+00,0.000000000000000000e+00,4.648654531381691268e-01
4.151957493262514731e-01,4.372646677346346822e-01,4.513340475078305158e-01,0.000000000000000000e+00,4.498600065449531171e-01,4.644342051039397901e-01,4.470190184146651258e-01,4.993624595844530778e-01,4.495766311319978059e-01,3.598483877860991775e-01,4.431278578112565203e-01,3.579517692150099850e-01,4.461725700891464030e-01,0.000000000000000000e+00,4.402577520135841915e-01,3.784055378049722140e-01,3.110375573428253992e-01,0.000000000000000000e+00,4.378449830033107060e-01,4.547951757682692220e-01,4.419432959862629184e-01,4.286741667848509851e-01,4.642281211376870775e-01,3.457616880624496125e-01,3.610512828545338060e-01,3.845839528367652194e-01,4.587017054411394179e-01,4.388005721807907156e-01,4.636217938588302889e-01,0.000000000000000000e+00,3.887702561661178779e-01,4.905572951239358104e-01,3.836823012504111952e-01,4.207930033182578078e-01,4.530232274993509223e-01,0.000000000000000000e+00,0.000000000000000000e+00,3.359715578917836232e-01,5.148051701860615337e-01,4.661269938504454813e-01,4.804061552188289008e-01,4.927574183601213242e-01,0.000000000000000000e+00,0.000000000000000000e+00,3.773101351873329734e-01,4.488061789449560024e-01,4.856876580319389736e-01,0.000000000000000000e+00,0.000000000000000000e+00,0.000000000000000000e+00,0.000000000000000000e+00,0.000000000000000000e+00,0.000000000000000000e+00,0.000000000000000000e+00,4.342127194282016101e-01,0.000000000000000000e+00,4.404596472007067942e-01,0.000000000000000000e+00,0.000000000000000000e+00,0.000000000000000000e+00,5.007506722561072543e-01,4.646990368110868186e-01,4.816006952506847183e-01,0.000000000000000000e+00,4.676873303841654894e-01,0.000000000000000000e+00,4.661065740846742078e-01,0.000000000000000000e+00,4.339518432428309258e-01,4.808128393594580108e-01,4.865439762417618774e-01,0.000000000000000000e+00,0.000000000000000000e+00,4.789958656101583889e-01,0.000000000000000000e+00,4.694277764215634141e-01
0.000000000000000000e+00,0.000000000000000000e+00,2.367549692692363095e-01,4.056732399855302873e-01,3.185591016917928009e-01,3.258535607855080896e-01,4.027458620335058193e-01,3.385524514290544906e-01,2.596817159023805943e-01,4.206726583224046911e-01,2.327328388574990137e-01,4.006604611404416261e-01,4.046387221113973975e-01,3.462588413395482068e-01,0.000000000000000000e+00,0.000000000000000000e+00,4.386439762511933904e-01,4.378449830033107060e-01,0.000000000000000000e+00,0.000000000000000000e+00,0.000000000000000000e+00,0.000000000000000000e+00,2.422690985370188899e-01,4.221699464524650836e-01,4.357631057191763135e-01,4.389828056007344936e-01,3.277809964734075265e-01,4.015446201366287271e-01,3.993356102655408191e-01,0.000000000000000000e+00,4.207530446929004797e-01,3.833447454151960865e-01,4.181205107844059854e-01,4.114347694287101009e-01,3.973209311445045078e-01,3.384453463844561139e-01,3.919295985557003092e-01,3.887631748200015003e-01,4.394133400624242181e-01,0.000000000000000000e+00,4.904956386206383856e-01,0.000000000000000000e+00,3.981649224642282991e-01,0.000000000000000000e+00,0.000000000000000000e+00,0.000000000000000000e+00,0.000000000000000000e+00,1.702288986938501891e-01,0.000000000000000000e+00,4.855036998500342760e-01,5.068103438946700567e-01,5.147181077799124482e-01,4.856466799145253144e-01,4.867415327694866178e-01,0.000000000000000000e+00,2.008999909048689025e-01,0.000000000000000000e+00,0.000000000000000000e+00,4.544570782055187275e-01,0.000000000000000000e+00,0.000000000000000000e+00,0.000000000000000000e+00,0.000000000000000000e+00,5.157239080336245562e-01,0.000000000000000000e+00,0.000000000000000000e+00,0.000000000000000000e+00,5.056926270012320757e-01,0.000000000000000000e+00,0.000000000000000000e+00,0.000000000000000000e+00,4.905063205610507016e-01,0.000000000000000000e+00,0.000000000000000000e+00,0.000000000000000000e+00,0.000000000000000000e+00
4.767645984072196863e-01,4.466162772459503771e-01,0.000000000000000000e+00,0.000000000000000000e+00,4.608774284196637261e-01,4.043781489014677266e-01,4.677657895220450057e-01,4.121811886302716998e-01,4.050252318192757994e-01,4.693232833469183074e-01,0.000000000000000000e+00,0.000000000000000000e+00,4.485989912613878028e-01,0.000000000000000000e+00,3.425632622869089206e-01,4.304080632967072217e-01,4.649411678806477100e-01,4.547951757682692220e-01,0.000000000000000000e+00,0.000000000000000000e+00,4.348761745754666785e-01,4.182185973041646077e-01,3.489076147982935749e-01,4.938861517980944749e-01,4.364232131243753199e-01,4.553904347455001167e-01,3.827867862101347884e-01,3.865612526020050788e-01,3.723765999260060244e-01,3.245817466088887771e-01,4.248278378247459242e-01,5.006190917640529481e-01,3.990168067951613828e-01,4.703153801343302742e-01,5.321487944035908635e-01,5.788518881481397038e-01,0.000000000000000000e+00,0.000000000000000000e+00,5.090091117781068153e-01,4.595181459919883138e-01,5.037924889676747009e-01,5.085257402178428032e-01,4.842658974220889201e-01,0.000000000000000000e+00,0.000000000000000000e+00,0.000000000000000000e+00,4.831062559923616773e-01,0.000000000000000000e+00,0.000000000000000000e+00,0.000000000000000000e+00,4.966698364527882825e-01,5.017943576297431152e-01,4.886334266527749826e-01,4.895408971389212938e-01,0.000000000000000000e+00,0.000000000000000000e+00,0.000000000000000000e+00,4.957690499961123765e-01,0.000000000000000000e+00,4.676406127055994788e-01,4.595284866713850169e-01,0.000000000000000000e+00,4.492235265328908267e-01,0.000000000000000000e+00,4.691383225758928854e-01,4.844323458991370845e-01,4.714872341704051117e-01,4.860212970691502044e-01,0.000000000000000000e+00,4.690674160989137254e-01,4.906809841606308842e-01,4.925106068915597879e-01,5.045202929348913123e-01,4.905063241608372815e-01,5.209914035143926592e-01,4.868028999405779045e-01
4.240615593791344784e-01,4.427910018530673009e-01,3.836599097339238873e-01,0.000000000000000000e+00,0.000000000000000000e+00,3.740406253382738133e-01,4.500239625163710011e-01,3.957543919534712851e-01,3.683976686383809152e-01,4.682167564931821735e-01,0.000000000000000000e+00,0.000000000000000000e+00,4.410885953046652097e-01,4.687506494569936843e-01,4.069705134048969275e-01,4.332334425035653802e-01,0.000000000000000000e+00,4.419432959862629184e-01,0.000000000000000000e+00,4.348761745754666785e-01,0.000000000000000000e+00,4.483069889162004107e-01,3.575852987077027811e-01,4.904048258638524227e-01,4.349431514000621224e-01,4.221545264475757842e-01,3.912527384649823192e-01,4.336746985534274956e-01,4.342589137687343781e-01,4.510426435991268801e-01,4.391452486496361107e-01,5.063923172189462862e-01,3.743678057035226825e-01,4.647158797925758922e-01,5.372049802627044679e-01,6.024235661467104430e-01,0.000000000000000000e+00,0.000000000000000000e+00,5.273035289535653591e-01,4.745200095831547116e-01,5.051771984405512006e-01,5.447833622408930765e-01,0.000000000000000000e+00,0.000000000000000000e+00,0.000000000000000000e+00,4.389973270880239142e-01,5.105717763406366627e-01,0.000000000000000000e+00,0.000000000000000000e+00,0.000000000000000000e+00,5.071203608340242308e-01,5.020819995349077303e-01,4.542142615457431809e-01,4.854391624222891277e-01,0.000000000000000000e+00,0.000000000000000000e+00,0.000000000000000000e+00,4.964213575411126067e-01,0.000000000000000000e+00,4.794078755500286171e-01,4.700429627058225202e-01,0.000000000000000000e+00,4.604536121896352086e-01,0.000000000000000000e+00,4.478174327972023749e-01,4.136481561098724891e-01,4.907173356208405779e-01,4.773933119982862738e-01,0.000000000000000000e+00,4.817576605074868068e-01,5.116254589273923070e-01,4.761539702704349897e-01,5.048751817880644532e-01,4.942938258630181214e-01,5.413895321481756451e-01,4.914370587972829996e-01
