0.000000000000000000e+00,4.284929377541695228e-01,4.444649905445681171e-01,0.000000000000000000e+00,0.000000000000000000e+00,4.245349687255697835e-01,4.619596787855992925e-01,5.117791869979296804e-01,4.429238259271950917e-01,4.039326979976032850e-01,0.000000000000000000e+00,3.858522670532982257e-01,4.617718429335210262e-01,0.000000000000000000e+00,3.830540747505004062e-01,4.409594816918261939e-01,4.029004778599675207e-01,4.078755772630076049e-01,0.000000000000000000e+00,4.619041149392438816e-01,4.480254689584302064e-01,4.366394580158232119e-01,4.589246297652675999e-01,3.692237306727946256e-01,3.933295338732759050e-01,3.953338502043037272e-01,4.409094888735238249e-01,4.853814116553775149e-01,4.791162257936907864e-01,4.691545953046823980e-01,3.942178566656702188e-01,4.354230065032563268e-01,3.804224786964636174e-01,3.893862624871223810e-01,4.651469702398615125e-01,0.000000000000000000e+00,0.000000000000000000e+00,0.000000000000000000e+00,4.893163351952645179e-01,5.185221856395226814e-01,4.708417742404897854e-01,4.959105580447394912e-01,0.000000000000000000e+00,0.000000000000000000e+00,0.000000000000000000e+00,3.933023410653135876e-01,5.032288516719536364e-01,0.000000000000000000e+00,0.000000000000000000e+00,0.000000000000000000e+00,0.000000000000000000e+00,0.000000000000000000e+00,0.000000000000000000e+00,0.000000000000000000e+00,4.628155485138097935e-01,0.000000000000000000e+00,0.000000000000000000e+00,0.000000000000000000e+00,0.000000000000000000e+00,5.064355003522830190e-01,4.948515105892146160e-01,0.000000000000000000e+00,4.769877188503610088e-01,0.000000000000000000e+00,0.000000000000000000e+00,4.588255359812138945e-01,5.039105850950404974e-01,0.000000000000000000e+00,3.915943600470324082e-01,4.813255630701577803e-01,4.788472927413437996e-01,0.000000000000000000e+00,0.000000000000000000e+00,0.000000000000000000e+00,0.000000000000000000e+00,4.711902282903349115e-01
4.284929377541695228e-01,0.000000000000000000e+00,3.934195860445808268e-01,0.000000000000000000e+00,3.962415807578829052e-01,3.951980139293568839e-01,4.163756331581616732e-01,4.742861666404277199e-01,4.053454115793040935e-01,3.941483025183479816e-01,0.000000000000000000e+00,0.000000000000000000e+00,4.199390918556860086e-01,0.000000000000000000e+00,4.348696411850240806e-01,4.309934794359773780e-01,0.000000000000000000e+00,4.146652952756976762e-01,0.000000000000000000e+00,4.283087079656526797e-01,4.596122611586572204e-01,4.128252207849816835e-01,4.307864669203630981e-01,3.684435794050006097e-01,3.945255708151549912e-01,3.994913426402478263e-01,4.149336270823624773e-01,4.298234719074353061e-01,4.152975256699679152e-01,0.000000000000000000e+00,3.775765446219018773e-01,4.327932320554195855e-01,3.947398775793882209e-01,3.860717504357993879e-01,4.697523194954423276e-01,0.000000000000000000e+00,0.000000000000000000e+00,0.000000000000000000e+00,5.032528933710457286e-01,5.015765464132303508e-01,4.934945866147827931e-01,5.219110460762894643e-01,0.000000000000000000e+00,0.000000000000000000e+00,0.000000000000000000e+00,4.936237654687546939e-01,5.149674204785880116e-01,0.000000000000000000e+00,0.000000000000000000e+00,0.000000000000000000e+00,4.726724367977218066e-01,0.000000000000000000e+00,0.000000000000000000e+00,0.000000000000000000e+00,0.000000000000000000e+00,0.000000000000000000e+00,0.000000000000000000e+00,5.031738910535825671e-01,0.000000000000000000e+00,5.160555727324648290e-01,5.041901106280022304e-01,0.000000000000000000e+00,4.874722653079067158e-01,0.000000000000000000e+00,4.801025178830070073e-01,5.289534644299616062e-01,5.107362286671153218e-01,4.959794504765441259e-01,0.000000000000000000e+00,5.074470210777619616e-01,5.201872647159512253e-01,4.899932934816387808e-01,4.965367974035563847e-01,4.822393963052530874e-01,0.000000000000000000e+00,4.680398725599809184e-01
4.444649905445681171e-01,3.934195860445808268e-01,0.000000000000000000e+00,4.255301734028811844e-01,4.052404508137584793e-01,3.664404026752562937e-01,4.435454968283323862e-01,4.802159709243530861e-01,3.346817455160733812e-01,4.897138523515199848e-01,2.825268741155808061e-01,4.661411175303422083e-01,4.709231831703662996e-01,4.027780804662436931e-01,0.000000000000000000e+00,0.000000000000000000e+00,5.000484820785222606e-01,4.901200213426982755e-01,2.607829551850922023e-01,3.981524643606246250e-01,4.154482572964899867e-01,4.008864056899847927e-01,3.137202050072421811e-01,4.940104108779581060e-01,4.847403886911690885e-01,4.294141414769019893e-01,3.214808397954576069e-01,4.874519814749176949e-01,4.251245552974390884e-01,4.821816858854334753e-01,5.018525253594776636e-01,4.604027111542430273e-01,4.471831965917523743e-01,5.034972476446080147e-01,4.971285808084336955e-01,4.318835704495739836e-01,4.958186977304483989e-01,4.297104861433785894e-01,5.277574597164261805e-01,0.000000000000000000e+00,5.631609193411344361e-01,0.000000000000000000e+00,5.483861912485037404e-01,0.000000000000000000e+00,0.000000000000000000e+00,0.000000000000000000e+00,0.000000000000000000e+00,4.512409451752494860e-01,0.000000000000000000e+00,5.687013389627237903e-01,5.742070863371350198e-01,5.805277978403095007e-01,5.685454048305599306e-01,5.905753455434077370e-01,0.000000000000000000e+00,4.544118733639465058e-01,0.000000000000000000e+00,5.743780447738922046e-01,5.601328690139580901e-01,0.000000000000000000e+00,0.000000000000000000e+00,0.000000000000000000e+00,0.000000000000000000e+00,4.514304820507589189e-01,4.792645817487600768e-01,0.000000000000000000e+00,0.000000000000000000e+00,5.903290488687448212e-01,0.000000000000000000e+00,0.000000000000000000e+00,0.000000000000000000e+00,5.656454667748563869e-01,5.467758887997693495e-01,5.380548739825343763e-01,0.000000000000000000e+00,5.737328955820910625e-01
0.000000000000000000e+00,0.000000000000000000e+00,4.255301734028811844e-01,0.000000000000000000e+00,2.917287505753389798e-01,4.545738617864525932e-01,2.911959075143827902e-01,4.320871848290849804e-01,4.522628969804666776e-01,4.040412306785582941e-01,3.995053891317674188e-01,1.611271564602652084e-01,3.361519692375167234e-01,3.572514470963458200e-01,0.000000000000000000e+00,0.000000000000000000e+00,0.000000000000000000e+00,0.000000000000000000e+00,4.556746421670099245e-01,0.000000000000000000e+00,0.000000000000000000e+00,0.000000000000000000e+00,4.199056441926143912e-01,0.000000000000000000e+00,0.000000000000000000e+00,0.000000000000000000e+00,0.000000000000000000e+00,3.013886858255920842e-01,0.000000000000000000e+00,0.000000000000000000e+00,3.674031490732194150e-01,3.416433851455922821e-01,0.000000000000000000e+00,3.800735190630287197e-01,0.000000000000000000e+00,2.692054786791148180e-01,1.833193045747985028e-01,0.000000000000000000e+00,0.000000000000000000e+00,0.000000000000000000e+00,0.000000000000000000e+00,0.000000000000000000e+00,0.000000000000000000e+00,0.000000000000000000e+00,0.000000000000000000e+00,0.000000000000000000e+00,0.000000000000000000e+00,0.000000000000000000e+00,0.000000000000000000e+00,0.000000000000000000e+00,0.000000000000000000e+00,0.000000000000000000e+00,0.000000000000000000e+00,0.000000000000000000e+00,0.000000000000000000e+00,0.000000000000000000e+00,0.000000000000000000e+00,0.000000000000000000e+00,0.000000000000000000e+00,0.000000000000000000e+00,0.000000000000000000e+00,0.000000000000000000e+00,0.000000000000000000e+00,0.000000000000000000e+00,0.000000000000000000e+00,0.000000000000000000e+00,0.000000000000000000e+00,0.000000000000000000e+00,0.000000000000000000e+00,0.000000000000000000e+00,0.000000000000000000e+00,0.000000000000000000e+00,0.000000000000000000e+00,0.000000000000000000e+00,0.000000000000000000e+00,0.000000000000000000e+00
0.000000000000000000e+00,3.962415807578829052e-01,4.052404508137584793e-01,2.917287505753389798e-01,0.000000000000000000e+00,3.844695475619112068e-01,3.405572864844628178e-01,4.640367676920658102e-01,3.350420742503144034e-01,4.650587070612022256e-01,3.305647836500436032e-01,4.306042287996849072e-01,4.064512786823780144e-01,3.185425074662495137e-01,0.000000000000000000e+00,4.692822816636498251e-01,4.953084300911760884e-01,4.780111335839886122e-01,3.578992631412750147e-01,4.140520016036730033e-01,0.000000000000000000e+00,4.373307764638916795e-01,4.202177421897783094e-01,4.499049712753472874e-01,4.388563785865369216e-01,4.137238632024142215e-01,4.106169923553371071e-01,3.896635340206540121e-01,4.341446041957712221e-01,4.352679648768110754e-01,4.754239573731490753e-01,3.976903216209716763e-01,4.079955248268871126e-01,4.559195005732126771e-01,4.181221711397261065e-01,2.692741745041862811e-01,2.491889669780580907e-01,3.926188900698553974e-01,4.307250342302679780e-01,0.000000000000000000e+00,5.547102112292003895e-01,0.000000000000000000e+00,4.858976104525117856e-01,0.000000000000000000e+00,3.870683908462523859e-01,0.000000000000000000e+00,0.000000000000000000e+00,5.716969488775978103e-01,0.000000000000000000e+00,5.604646577432498278e-01,5.541751804676211535e-01,5.652211434174692073e-01,5.202656487135772778e-01,5.706650681961875637e-01,0.000000000000000000e+00,5.048225742259094817e-01,0.000000000000000000e+00,5.692371734721418663e-01,0.000000000000000000e+00,0.000000000000000000e+00,0.000000000000000000e+00,0.000000000000000000e+00,0.000000000000000000e+00,5.694144144478898717e-01,5.152012089538611228e-01,0.000000000000000000e+00,0.000000000000000000e+00,5.596573144553941281e-01,0.000000000000000000e+00,0.000000000000000000e+00,4.355430438139606952e-01,5.415759111248560354e-01,5.551033514648816558e-01,5.278240239713243298e-01,0.000000000000000000e+00,5.666759204052292942e-01
4.245349687255697835e-01,3.951980139293568839e-01,3.664404026752562937e-01,4.545738617864525932e-01,3.844695475619112068e-01,0.000000000000000000e+00,4.186573516677528084e-01,4.174512127190381228e-01,3.400958648150961827e-01,4.852160362003595795e-01,4.004005000438046746e-01,4.507899065708572128e-01,4.049173636583561220e-01,4.375021132384687150e-01,3.999764426444463727e-01,4.666052771732349114e-01,4.925344339258818094e-01,4.539449757932054186e-01,3.860777348198409786e-01,4.003839212470918230e-01,4.014400642488353266e-01,4.213250252590959866e-01,3.841967212311728219e-01,4.374599234349056953e-01,4.103678500101993754e-01,4.155664899613117913e-01,3.449796908383748750e-01,4.062252109805785105e-01,3.465267757373313162e-01,4.363460735805582136e-01,4.569197981313706247e-01,4.183607428284505936e-01,3.897010750839681181e-01,4.649523931744348748e-01,4.599809878268302787e-01,4.731245100615664723e-01,4.756165768894141110e-01,4.318093156351878181e-01,4.877307153597598144e-01,4.380367563966460764e-01,5.237297528678402925e-01,5.538718533286839385e-01,5.027086641687913415e-01,0.000000000000000000e+00,0.000000000000000000e+00,4.340506264857774132e-01,4.635012972798636111e-01,5.696479601086702482e-01,0.000000000000000000e+00,5.516235456373119739e-01,5.368815263284759665e-01,5.489444457465980642e-01,4.830870832020172090e-01,5.657814628525914546e-01,5.462346905421311405e-01,5.090205431433231231e-01,0.000000000000000000e+00,5.501564735455041211e-01,0.000000000000000000e+00,4.715212165354277229e-01,4.552968299666784180e-01,0.000000000000000000e+00,0.000000000000000000e+00,5.560408748617734487e-01,4.877882848897108214e-01,4.547640435689113136e-01,4.673745954902364108e-01,5.372347889705563206e-01,0.000000000000000000e+00,4.479526633749322806e-01,4.728493415817113799e-01,5.212377128310970997e-01,5.376056009408458625e-01,5.277952022942741239e-01,5.306476271634038566e-01,5.393659582098386807e-01
4.619596787855992925e-01,4.163756331581616732e-01,4.435454968283323862e-01,2.911959075143827902e-01,3.405572864844628178e-01,4.186573516677528084e-01,0.000000000000000000e+00,4.836383773932462771e-01,3.931008866706207083e-01,4.326412778129175019e-01,4.574364977345429240e-01,3.907839448114771019e-01,3.709024477656410745e-01,3.755708652918107737e-01,0.000000000000000000e+00,4.837780234646809063e-01,4.682347568574112273e-01,4.692152974243988806e-01,4.561834627660596997e-01,4.487568574895557938e-01,4.737432687492422745e-01,4.715152477075448267e-01,4.516501359370748148e-01,4.134671814646880272e-01,4.325408741709860783e-01,4.213415211632453028e-01,4.351679403392461065e-01,3.533298058023401911e-01,4.511223983754060196e-01,4.366219901039352091e-01,4.309161403200708063e-01,4.310948247934560107e-01,3.944373716690819931e-01,4.058983236634072234e-01,3.994426441410702244e-01,3.550213706285261228e-01,3.776024143053299809e-01,3.633962951913787265e-01,5.075401798169092427e-01,4.682238458075860255e-01,5.236170590806412672e-01,0.000000000000000000e+00,5.304848650726606829e-01,0.000000000000000000e+00,3.456842589413082201e-01,0.000000000000000000e+00,4.689228013652966820e-01,5.769639668745223382e-01,0.000000000000000000e+00,5.604241310868021131e-01,5.573834875053715887e-01,5.654396202880854760e-01,5.257440818482396194e-01,5.784897336901292375e-01,0.000000000000000000e+00,5.279077100823083013e-01,0.000000000000000000e+00,5.704380672888255122e-01,0.000000000000000000e+00,0.000000000000000000e+00,0.000000000000000000e+00,0.000000000000000000e+00,0.000000000000000000e+00,5.629249588003812921e-01,5.182278358717690159e-01,0.000000000000000000e+00,4.898172411419359218e-01,5.624242116892025356e-01,0.000000000000000000e+00,0.000000000000000000e+00,4.756198975147534203e-01,5.456160723477865293e-01,5.620260899680590283e-01,5.576951191260204332e-01,5.594864652857630682e-01,5.621194932430725322e-01
5.117791869979296804e-01,4.742861666404277199e-01,4.802159709243530861e-01,4.320871848290849804e-01,4.640367676920658102e-01,4.174512127190381228e-01,4.836383773932462771e-01,0.000000000000000000e+00,4.943169219610442089e-01,4.996004855537407030e-01,3.313316386279472892e-01,4.746589578938060217e-01,4.881066906656996163e-01,3.904424014728378189e-01,3.840060792284019087e-01,4.820092932431492838e-01,5.070442025541423980e-01,4.933758405220942111e-01,4.849582261171664910e-01,4.032358345839511249e-01,4.399428533950683895e-01,4.433752321378869876e-01,3.865145754751492246e-01,5.177439269502330799e-01,4.870879845388668139e-01,4.854195113321835842e-01,4.088098189128435145e-01,4.596820073545018759e-01,4.018511817468016223e-01,4.012125251826296202e-01,4.470559646233939755e-01,4.252952886027474011e-01,4.031346370305162741e-01,4.703203099825558064e-01,4.842387415118192262e-01,3.901840937469702175e-01,4.182606871718059227e-01,4.074780103055725133e-01,5.048245479291733062e-01,0.000000000000000000e+00,5.319760768569684606e-01,0.000000000000000000e+00,5.177650277701260073e-01,0.000000000000000000e+00,0.000000000000000000e+00,0.000000000000000000e+00,0.000000000000000000e+00,5.654078061438312375e-01,0.000000000000000000e+00,5.425596519206633550e-01,5.076027158808349427e-01,5.309266484346917281e-01,4.087974855672745766e-01,5.731328192527321841e-01,0.000000000000000000e+00,5.171924460645139776e-01,0.000000000000000000e+00,5.338199672316626954e-01,4.787904024124146063e-01,5.017569910761600083e-01,0.000000000000000000e+00,0.000000000000000000e+00,0.000000000000000000e+00,5.629239250222008994e-01,5.077504546599240776e-01,4.861596704272376779e-01,5.057644098726720161e-01,5.168773082108673034e-01,0.000000000000000000e+00,0.000000000000000000e+00,5.455341971284084490e-01,4.951902821132260768e-01,5.247907843019997687e-01,5.185387880382750225e-01,4.923471705657361253e-01,5.376409659474197245e-01
4.429238259271950917e-01,4.053454115793040935e-01,3.346817455160733812e-01,4.522628969804666776e-01,3.350420742503144034e-01,3.400958648150961827e-01,3.931008866706207083e-01,4.943169219610442089e-01,0.000000000000000000e+00,5.012571905327888322e-01,2.929384775478263148e-01,4.770662577644474989e-01,4.043904212942884269e-01,4.271290280381949134e-01,0.000000000000000000e+00,4.604599597394832267e-01,5.029461944883031332e-01,4.903563469556934118e-01,3.080647077590292771e-01,4.239744557291119098e-01,4.106121893912594856e-01,4.318467904867380192e-01,4.102207088742472196e-01,4.911939260220122838e-01,4.447530928633526837e-01,4.237708078874337092e-01,3.661054752525241263e-01,4.857940006640126263e-01,4.219882746989476185e-01,4.746154528530394101e-01,5.075129546787502388e-01,4.723545177260671801e-01,4.509487758091494936e-01,5.051354412377145886e-01,5.048882694907165236e-01,4.655389821983755838e-01,4.941270886567197262e-01,4.570492045113427881e-01,5.215202956556798108e-01,4.443689404670078114e-01,5.475638645610497734e-01,0.000000000000000000e+00,5.395220136695441093e-01,0.000000000000000000e+00,4.355249583281513015e-01,0.000000000000000000e+00,4.595192885779004754e-01,5.841739152616610697e-01,0.000000000000000000e+00,5.833925899440987051e-01,5.623365093124880199e-01,5.775087096674073051e-01,5.524358035999685779e-01,5.861003595079097295e-01,0.000000000000000000e+00,5.497295712025042080e-01,0.000000000000000000e+00,5.745172215449281250e-01,0.000000000000000000e+00,0.000000000000000000e+00,0.000000000000000000e+00,0.000000000000000000e+00,0.000000000000000000e+00,5.795677449581158047e-01,4.841343051529906072e-01,0.000000000000000000e+00,4.571679463311271729e-01,5.822198861312524176e-01,0.000000000000000000e+00,0.000000000000000000e+00,4.740239199047447949e-01,5.563155991248364129e-01,5.471874201318921438e-01,5.415843248669652832e-01,0.000000000000000000e+00,5.644522508908023095e-01
4.039326979976032850e-01,3.941483025183479816e-01,4.897138523515199848e-01,4.040412306785582941e-01,4.650587070612022256e-01,4.852160362003595795e-01,4.326412778129175019e-01,4.996004855537407030e-01,5.012571905327888322e-01,0.000000000000000000e+00,4.991027858053208033e-01,2.997142074522726185e-01,4.556311583002353172e-01,5.209335684776306152e-01,0.000000000000000000e+00,4.261967316468128208e-01,3.368814372017205905e-01,3.796236467662167935e-01,4.951840195353208740e-01,4.244679428314452885e-01,0.000000000000000000e+00,4.289550360928705008e-01,4.851608988128849886e-01,3.136798720300935095e-01,3.314308056418728832e-01,3.258632554481348254e-01,4.513514302359192265e-01,4.235316405522374095e-01,4.526126268783127737e-01,4.701994884701224953e-01,3.367412053987962062e-01,3.292886320564236136e-01,3.108115336273030160e-01,2.975802966270076899e-01,3.347106785766120196e-01,3.566419983119862858e-01,2.985571262093690836e-01,2.500434962474292200e-01,2.877936512981000838e-01,4.267306906847345149e-01,2.879559773836575798e-01,0.000000000000000000e+00,3.301149082490953957e-01,0.000000000000000000e+00,3.470314506603003890e-01,4.464504890262490089e-01,4.655775479310260145e-01,0.000000000000000000e+00,0.000000000000000000e+00,0.000000000000000000e+00,5.537308947694540295e-01,0.000000000000000000e+00,0.000000000000000000e+00,0.000000000000000000e+00,4.837035267665859006e-01,0.000000000000000000e+00,4.737953721446236943e-01,5.723388954157476727e-01,0.000000000000000000e+00,0.000000000000000000e+00,0.000000000000000000e+00,4.936283890939585084e-01,4.859247039427678772e-01,0.000000000000000000e+00,0.000000000000000000e+00,0.000000000000000000e+00,0.000000000000000000e+00,5.435325974669712457e-01,3.941198904689758864e-01,4.892977915498237240e-01,4.772986797386525870e-01,5.363971447941263682e-01,0.000000000000000000e+00,0.000000000000000000e+00,0.000000000000000000e+00,4.715523394914351019e-01
0.000000000000000000e+00,0.000000000000000000e+00,2.825268741155808061e-01,3.995053891317674188e-01,3.305647836500436032e-01,4.004005000438046746e-01,4.574364977345429240e-01,3.313316386279472892e-01,2.929384775478263148e-01,4.991027858053208033e-01,0.000000000000000000e+00,4.735700042145112865e-01,4.921587498723187792e-01,3.142212411050909759e-01,0.000000000000000000e+00,0.000000000000000000e+00,4.975411534050944162e-01,4.947266502501324048e-01,2.487465122772224979e-01,0.000000000000000000e+00,0.000000000000000000e+00,0.000000000000000000e+00,2.797690102747661944e-01,4.769638895977170723e-01,4.896714888147499778e-01,4.964099194976895890e-01,3.742513390880545243e-01,4.936831430621446137e-01,0.000000000000000000e+00,0.000000000000000000e+00,5.092106728820317008e-01,4.264429538980792911e-01,4.695526181647424191e-01,5.041842982154058905e-01,4.833049579768580739e-01,3.307958663139761724e-01,3.740098856367999880e-01,4.496231113271402235e-01,4.678909945883408250e-01,0.000000000000000000e+00,4.850810259458854801e-01,0.000000000000000000e+00,4.758126457530820197e-01,0.000000000000000000e+00,0.000000000000000000e+00,0.000000000000000000e+00,0.000000000000000000e+00,3.748672331639509858e-01,0.000000000000000000e+00,3.707653929221478850e-01,5.405614754364286290e-01,5.448474983247741932e-01,5.203033810663327818e-01,5.182217981386294525e-01,0.000000000000000000e+00,2.334183899888518932e-01,0.000000000000000000e+00,5.408433867500199721e-01,4.549158738143881942e-01,0.000000000000000000e+00,0.000000000000000000e+00,0.000000000000000000e+00,0.000000000000000000e+00,2.607566703854344858e-01,0.000000000000000000e+00,0.000000000000000000e+00,0.000000000000000000e+00,5.626256100291718854e-01,0.000000000000000000e+00,0.000000000000000000e+00,0.000000000000000000e+00,5.397585607334031144e-01,5.065512020876274946e-01,4.715640809694527924e-01,4.492367654425660217e-01,5.072124156330203304e-01
3.858522670532982257e-01,0.000000000000000000e+00,4.661411175303422083e-01,1.611271564602652084e-01,4.306042287996849072e-01,4.507899065708572128e-01,3.907839448114771019e-01,4.746589578938060217e-01,4.770662577644474989e-01,2.997142074522726185e-01,4.735700042145112865e-01,0.000000000000000000e+00,4.199446521367953822e-01,0.000000000000000000e+00,4.301700294017791748e-01,4.126883232594095730e-01,3.896383259510738939e-01,3.963764089793562762e-01,4.770652909307331879e-01,4.173015494850618179e-01,0.000000000000000000e+00,4.497270609806006125e-01,4.442016221240677742e-01,2.924333508427512940e-01,3.694873459756026213e-01,3.447271923066377863e-01,4.330983679589091029e-01,3.843021246631053156e-01,4.146575713387601891e-01,0.000000000000000000e+00,3.568494570830479939e-01,2.930543605109757199e-01,2.822622510165260223e-01,2.551911780628068893e-01,3.555579217260412261e-01,2.958021959867175865e-01,2.550013860535391141e-01,2.286158208044803963e-01,2.827050461064017917e-01,4.256135382385465848e-01,3.185423250202846779e-01,2.748811270512566129e-01,0.000000000000000000e+00,2.161591689346520073e-01,3.963822024053723081e-01,0.000000000000000000e+00,0.000000000000000000e+00,0.000000000000000000e+00,0.000000000000000000e+00,0.000000000000000000e+00,0.000000000000000000e+00,0.000000000000000000e+00,0.000000000000000000e+00,4.880022320953021908e-01,4.802869342652071882e-01,0.000000000000000000e+00,4.796136739515480807e-01,4.701209785157483001e-01,0.000000000000000000e+00,0.000000000000000000e+00,0.000000000000000000e+00,4.846649331780489844e-01,4.949487688883418834e-01,0.000000000000000000e+00,4.010817601637162166e-01,0.000000000000000000e+00,0.000000000000000000e+00,5.360515656205595558e-01,4.370635225791577039e-01,4.847265690093738866e-01,4.731474922926408033e-01,4.403476252788666168e-01,4.760388260586443931e-01,0.000000000000000000e+00,0.000000000000000000e+00,4.614742241550546242e-01
4.617718429335210262e-01,4.199390918556860086e-01,4.709231831703662996e-01,3.361519692375167234e-01,4.064512786823780144e-01,4.049173636583561220e-01,3.709024477656410745e-01,4.881066906656996163e-01,4.043904212942884269e-01,4.556311583002353172e-01,4.921587498723187792e-01,4.199446521367953822e-01,0.000000000000000000e+00,4.657633934286141142e-01,4.035664273333749996e-01,4.926577319326838067e-01,4.675945319711892201e-01,4.751000911849824759e-01,4.889717204949701745e-01,4.489399520111828079e-01,4.770861119609994816e-01,4.796102973464668184e-01,4.534987904753027266e-01,4.332498550131875792e-01,4.432068977207390126e-01,4.262387757562187129e-01,4.357996916588358083e-01,3.645023887631769210e-01,4.344857548252861190e-01,3.979366776918855098e-01,4.347518503514820054e-01,4.496974964020130083e-01,4.198787061160907941e-01,4.394779818025040252e-01,4.434144883849359120e-01,4.175663907404822961e-01,4.304147083682566266e-01,3.830501583057903114e-01,5.209899566046081176e-01,4.578495836303562161e-01,5.530134114958319413e-01,0.000000000000000000e+00,5.294978326948889258e-01,0.000000000000000000e+00,0.000000000000000000e+00,4.437164887067028829e-01,4.766832989602308723e-01,5.830759597857301246e-01,0.000000000000000000e+00,5.742806758082957819e-01,5.625054479513371675e-01,5.688774357067516441e-01,5.243834840011406540e-01,5.850727467479001076e-01,0.000000000000000000e+00,5.326104568876972589e-01,0.000000000000000000e+00,5.679522203254704360e-01,0.000000000000000000e+00,5.052295772179098421e-01,4.668261376387192185e-01,0.000000000000000000e+00,4.805527020213801737e-01,5.740783267184174088e-01,5.174851323488928179e-01,4.737235812715636096e-01,4.821005572405746009e-01,5.623241370728716548e-01,0.000000000000000000e+00,4.823974765936829834e-01,4.811631135494662259e-01,5.463867231048900042e-01,5.545740945936189492e-01,5.534946994752494298e-01,5.612702775493514373e-01,5.652838936817514703e-01
0.000000000000000000e+00,0.000000000000000000e+00,4.027780804662436931e-01,3.572514470963458200e-01,3.185425074662495137e-01,4.375021132384687150e-01,3.755708652918107737e-01,3.904424014728378189e-01,4.271290280381949134e-01,5.209335684776306152e-01,3.142212411050909759e-01,0.000000000000000000e+00,4.657633934286141142e-01,0.000000000000000000e+00,0.000000000000000000e+00,0.000000000000000000e+00,0.000000000000000000e+00,0.000000000000000000e+00,3.717211809960466740e-01,0.000000000000000000e+00,4.678664141398286014e-01,0.000000000000000000e+00,3.893931838964477810e-01,0.000000000000000000e+00,0.000000000000000000e+00,0.000000000000000000e+00,4.232711368671793761e-01,3.428130517819725775e-01,0.000000000000000000e+00,0.000000000000000000e+00,4.960605893570518843e-01,2.992114841758620192e-01,0.000000000000000000e+00,4.751247440849010739e-01,0.000000000000000000e+00,2.856983083836153181e-01,2.279437717134220887e-01,0.000000000000000000e+00,0.000000000000000000e+00,0.000000000000000000e+00,0.000000000000000000e+00,0.000000000000000000e+00,0.000000000000000000e+00,0.000000000000000000e+00,0.000000000000000000e+00,0.000000000000000000e+00,0.000000000000000000e+00,0.000000000000000000e+00,0.000000000000000000e+00,0.000000000000000000e+00,0.000000000000000000e+00,0.000000000000000000e+00,0.000000000000000000e+00,0.000000000000000000e+00,0.000000000000000000e+00,0.000000000000000000e+00,0.000000000000000000e+00,0.000000000000000000e+00,0.000000000000000000e+00,0.000000000000000000e+00,0.000000000000000000e+00,0.000000000000000000e+00,0.000000000000000000e+00,0.000000000000000000e+00,0.000000000000000000e+00,0.000000000000000000e+00,0.000000000000000000e+00,0.000000000000000000e+00,0.000000000000000000e+00,0.000000000000000000e+00,0.000000000000000000e+00,0.000000000000000000e+00,0.000000000000000000e+00,0.000000000000000000e+00,0.000000000000000000e+00,0.000000000000000000e+00
3.830540747505004062e-01,4.348696411850240806e-01,0.000000000000000000e+00,0.000000000000000000e+00,0.000000000000000000e+00,3.999764426444463727e-01,0.000000000000000000e+00,3.840060792284019087e-01,0.000000000000000000e+00,0.000000000000000000e+00,0.000000000000000000e+00,4.301700294017791748e-01,4.035664273333749996e-01,0.000000000000000000e+00,0.000000000000000000e+00,4.483185408210810796e-01,0.000000000000000000e+00,4.373891550913984738e-01,0.000000000000000000e+00,3.276837978978647814e-01,3.725808019281094952e-01,3.590432224032983899e-01,3.906067449148424853e-01,4.508904566149937732e-01,4.273339879420849918e-01,3.812671574305701028e-01,4.033613579757788226e-01,4.522693331266879890e-01,4.064120230920132970e-01,0.000000000000000000e+00,4.157057748950814813e-01,4.363418783851715776e-01,4.121238375668538900e-01,4.410483615877396901e-01,4.961459221635449723e-01,5.178713998192183698e-01,5.238620042800903320e-01,0.000000000000000000e+00,4.766773862511842763e-01,4.765869499099659734e-01,4.953478813046344187e-01,5.131368578383548318e-01,0.000000000000000000e+00,0.000000000000000000e+00,0.000000000000000000e+00,0.000000000000000000e+00,5.061404803345924686e-01,0.000000000000000000e+00,0.000000000000000000e+00,0.000000000000000000e+00,4.841446499733724762e-01,0.000000000000000000e+00,4.731811722619598259e-01,0.000000000000000000e+00,0.000000000000000000e+00,0.000000000000000000e+00,0.000000000000000000e+00,0.000000000000000000e+00,0.000000000000000000e+00,4.959105837678107753e-01,4.965180847784521068e-01,0.000000000000000000e+00,4.888989094720325723e-01,0.000000000000000000e+00,4.862695605951065092e-01,4.743608102673430027e-01,5.088636177748585565e-01,4.926164605701722210e-01,0.000000000000000000e+00,4.602142706657780247e-01,5.214087529502888785e-01,4.988563659955694840e-01,5.018846193757244833e-01,5.018162830832375576e-01,0.000000000000000000e+00,4.856984524527220848e-01
4.409594816918261939e-01,4.309934794359773780e-01,0.000000000000000000e+00,0.000000000000000000e+00,4.692822816636498251e-01,4.666052771732349114e-01,4.837780234646809063e-01,4.820092932431492838e-01,4.604599597394832267e-01,4.261967316468128208e-01,0.000000000000000000e+00,4.126883232594095730e-01,4.926577319326838067e-01,0.000000000000000000e+00,4.483185408210810796e-01,0.000000000000000000e+00,4.048102299534114268e-01,3.628595833246007762e-01,0.000000000000000000e+00,4.322787920946322138e-01,4.694422057357792166e-01,3.982414711115884187e-01,4.558012245328004752e-01,4.052354210437065229e-01,3.969906185266078857e-01,4.437169905891917843e-01,4.640837979679430236e-01,4.754176374383318193e-01,4.556612580941353796e-01,4.230376444609793007e-01,3.885412598829585118e-01,4.629252332050852181e-01,4.139857975725180772e-01,4.056924089036567094e-01,4.957172623919923193e-01,0.000000000000000000e+00,0.000000000000000000e+00,0.000000000000000000e+00,5.014480498187791069e-01,5.005394256103992134e-01,4.900488354942120206e-01,5.242818233828810959e-01,4.879408808025633149e-01,0.000000000000000000e+00,0.000000000000000000e+00,4.978008791314104120e-01,5.137656139104024300e-01,0.000000000000000000e+00,0.000000000000000000e+00,0.000000000000000000e+00,5.180683833188625131e-01,5.556848013073489856e-01,0.000000000000000000e+00,0.000000000000000000e+00,5.072798258087938272e-01,0.000000000000000000e+00,5.000499045425331746e-01,5.384268522156776537e-01,0.000000000000000000e+00,5.043252144018303129e-01,5.076152859606731793e-01,5.191901885646800219e-01,5.014161838547920302e-01,0.000000000000000000e+00,5.123038814287468323e-01,5.003006797560103358e-01,5.006481677524831087e-01,5.153399248065035909e-01,4.808387786030424160e-01,5.092216962981955808e-01,5.126707579986401475e-01,5.224115182032081917e-01,5.211805758673896394e-01,5.143378730158578716e-01,5.217888588832040320e-01,4.853703779259384010e-01
4.029004778599675207e-01,0.000000000000000000e+00,5.000484820785222606e-01,0.000000000000000000e+00,4.953084300911760884e-01,4.925344339258818094e-01,4.682347568574112273e-01,5.070442025541423980e-01,5.029461944883031332e-01,3.368814372017205905e-01,4.975411534050944162e-01,3.896383259510738939e-01,4.675945319711892201e-01,0.000000000000000000e+00,0.000000000000000000e+00,4.048102299534114268e-01,0.000000000000000000e+00,3.357532812759039254e-01,5.138798032866415122e-01,0.000000000000000000e+00,4.732917003647796883e-01,4.652713163436297816e-01,4.883391428185603900e-01,4.009116998378216001e-01,3.322722096509513889e-01,4.060729577186186767e-01,0.000000000000000000e+00,4.744288667226821965e-01,4.414090426133321921e-01,0.000000000000000000e+00,3.788009432832888934e-01,4.491931178811219838e-01,3.705921024844546219e-01,3.998076395363779900e-01,4.321331357463216727e-01,4.777022640308963841e-01,0.000000000000000000e+00,3.636324994813752154e-01,3.216084241867064875e-01,5.095129410015583060e-01,4.659807699304482909e-01,0.000000000000000000e+00,0.000000000000000000e+00,0.000000000000000000e+00,4.592337848931231092e-01,4.364728795760827729e-01,0.000000000000000000e+00,0.000000000000000000e+00,0.000000000000000000e+00,0.000000000000000000e+00,0.000000000000000000e+00,0.000000000000000000e+00,0.000000000000000000e+00,0.000000000000000000e+00,5.169872742181269576e-01,0.000000000000000000e+00,5.120317326448969864e-01,0.000000000000000000e+00,0.000000000000000000e+00,0.000000000000000000e+00,5.068119939422964793e-01,5.214978906804145220e-01,5.197820882503532136e-01,0.000000000000000000e+00,0.000000000000000000e+00,0.000000000000000000e+00,0.000000000000000000e+00,5.603357784188008894e-01,4.774043749494283895e-01,5.092183138259394060e-01,5.033359558083806418e-01,0.000000000000000000e+00,0.000000000000000000e+00,0.000000000000000000e+00,0.000000000000000000e+00,5.110198632187743506e-01
4.078755772630076049e-01,4.146652952756976762e-01,4.901200213426982755e-01,0.000000000000000000e+00,4.780111335839886122e-01,4.539449757932054186e-01,4.692152974243988806e-01,4.933758405220942111e-01,4.903563469556934118e-01,3.796236467662167935e-01,4.947266502501324048e-01,3.963764089793562762e-01,4.751000911849824759e-01,0.000000000000000000e+00,4.373891550913984738e-01,3.628595833246007762e-01,3.357532812759039254e-01,0.000000000000000000e+00,4.796929982238006263e-01,4.432069213654004081e-01,4.703080796362629767e-01,4.409818138969113233e-01,4.546653464140512080e-01,3.879280573032073964e-01,3.620136499510345773e-01,4.013049857021228073e-01,4.516087704219606813e-01,4.664165136948124069e-01,4.684237386028212158e-01,3.911446928977965753e-01,3.837708553013068902e-01,4.532496301312768927e-01,3.811260148790742153e-01,3.942146707427727770e-01,4.555823635778679104e-01,0.000000000000000000e+00,0.000000000000000000e+00,3.624722947564402165e-01,5.046604340912623776e-01,5.021266393098591241e-01,4.761770309938541113e-01,5.225820922784658595e-01,0.000000000000000000e+00,0.000000000000000000e+00,4.547611261875716959e-01,4.669486895616924982e-01,4.976463962177619105e-01,0.000000000000000000e+00,0.000000000000000000e+00,0.000000000000000000e+00,4.747903286622786045e-01,0.000000000000000000e+00,0.000000000000000000e+00,0.000000000000000000e+00,5.166808327031247039e-01,0.000000000000000000e+00,5.113204199695667862e-01,0.000000000000000000e+00,0.000000000000000000e+00,4.862941491724733778e-01,5.076406056879648743e-01,5.163998462847287918e-01,5.124173599287479286e-01,0.000000000000000000e+00,4.982954578516423094e-01,0.000000000000000000e+00,4.832936770022284723e-01,4.970584000712603978e-01,4.834157682315395888e-01,5.053921720411341800e-01,5.010491985320408848e-01,5.024152266438367542e-01,0.000000000000000000e+00,5.026380307189347585e-01,0.000000000000000000e+00,4.994951195788304155e-01
0.000000000000000000e+00,0.000000000000000000e+00,2.607829551850922023e-01,4.556746421670099245e-01,3.578992631412750147e-01,3.860777348198409786e-01,4.561834627660596997e-01,4.849582261171664910e-01,3.080647077590292771e-01,4.951840195353208740e-01,2.487465122772224979e-01,4.770652909307331879e-01,4.889717204949701745e-01,3.717211809960466740e-01,0.000000000000000000e+00,0.000000000000000000e+00,5.138798032866415122e-01,4.796929982238006263e-01,0.000000000000000000e+00,0.000000000000000000e+00,0.000000000000000000e+00,0.000000000000000000e+00,3.082832707188529753e-01,4.747008366477378782e-01,5.037419455553127090e-01,4.897162308549772858e-01,3.732863189952739247e-01,4.981095089224101824e-01,0.000000000000000000e+00,4.994519885585499974e-01,5.104215352636565228e-01,4.585877031396792258e-01,4.763968262630219885e-01,5.064158198265635846e-01,5.022107094886528733e-01,4.018942835911709088e-01,4.689810008392318874e-01,4.696820820057784895e-01,4.980584143333601221e-01,0.000000000000000000e+00,5.697486130111646396e-01,0.000000000000000000e+00,5.281355626408578141e-01,0.000000000000000000e+00,0.000000000000000000e+00,0.000000000000000000e+00,0.000000000000000000e+00,5.857026869048856943e-01,0.000000000000000000e+00,5.651117944689298955e-01,5.723458276943725886e-01,5.757170027982960736e-01,5.564053713253869216e-01,5.831641938640493850e-01,0.000000000000000000e+00,4.147542935490431959e-01,0.000000000000000000e+00,5.750429426861274340e-01,0.000000000000000000e+00,0.000000000000000000e+00,0.000000000000000000e+00,0.000000000000000000e+00,0.000000000000000000e+00,5.783831285832117253e-01,0.000000000000000000e+00,0.000000000000000000e+00,0.000000000000000000e+00,5.884865822056183360e-01,0.000000000000000000e+00,0.000000000000000000e+00,0.000000000000000000e+00,5.656792595071034047e-01,5.372992335329396241e-01,5.160111216403033829e-01,0.000000000000000000e+00,5.707271180325417248e-01
4.619041149392438816e-01,4.283087079656526797e-01,3.981524643606246250e-01,0.000000000000000000e+00,4.140520016036730033e-01,4.003839212470918230e-01,4.487568574895557938e-01,4.032358345839511249e-01,4.239744557291119098e-01,4.244679428314452885e-01,0.000000000000000000e+00,4.173015494850618179e-01,4.489399520111828079e-01,0.000000000000000000e+00,3.276837978978647814e-01,4.322787920946322138e-01,0.000000000000000000e+00,4.432069213654004081e-01,0.000000000000000000e+00,0.000000000000000000e+00,4.284442991789982891e-01,3.725542527326122233e-01,3.020233938433373733e-01,4.649385246446023912e-01,4.271083308252169863e-01,4.446356121003016137e-01,3.682428027585633035e-01,4.240892233774157805e-01,3.503784394661951240e-01,4.011399549074121107e-01,3.977405458407228256e-01,4.368647673923453101e-01,4.002923461671190064e-01,4.391695898357719785e-01,5.035097316583365679e-01,4.987073447852677921e-01,4.078756868839263916e-01,0.000000000000000000e+00,4.614152351293704934e-01,4.371031837881820814e-01,4.949387298782004785e-01,5.032712812618023168e-01,0.000000000000000000e+00,0.000000000000000000e+00,0.000000000000000000e+00,0.000000000000000000e+00,4.877261961809141178e-01,5.143238786391434170e-01,0.000000000000000000e+00,0.000000000000000000e+00,4.962888201392495202e-01,5.115046160158105426e-01,4.957499496801177075e-01,5.057323817451619963e-01,0.000000000000000000e+00,0.000000000000000000e+00,0.000000000000000000e+00,5.024890441920334405e-01,0.000000000000000000e+00,4.888686333986436150e-01,4.838150612519551141e-01,0.000000000000000000e+00,4.680579744937242159e-01,0.000000000000000000e+00,4.969155691916684048e-01,4.765937085416281915e-01,4.858052101391386879e-01,5.104901716720214866e-01,0.000000000000000000e+00,4.659516335411221233e-01,4.976879669647478188e-01,5.156262309740295979e-01,5.090599288343740092e-01,5.042218939452509652e-01,5.130637918374049145e-01,5.080644942324472613e-01
4.480254689584302064e-01,4.596122611586572204e-01,4.154482572964899867e-01,0.000000000000000000e+00,0.000000000000000000e+00,4.014400642488353266e-01,4.737432687492422745e-01,4.399428533950683895e-01,4.106121893912594856e-01,0.000000000000000000e+00,0.000000000000000000e+00,0.000000000000000000e+00,4.770861119609994816e-01,4.678664141398286014e-01,3.725808019281094952e-01,4.694422057357792166e-01,4.732917003647796883e-01,4.703080796362629767e-01,0.000000000000000000e+00,4.284442991789982891e-01,0.000000000000000000e+00,4.388495887173520238e-01,3.972189501328102779e-01,4.874337857389166029e-01,4.620872987534421772e-01,4.280274452822250830e-01,4.126303808514776850e-01,4.594910018560783849e-01,4.212845295152879976e-01,4.444665713581634758e-01,4.391406851893775998e-01,4.369417449524465868e-01,4.285995920709825269e-01,4.489725503969274056e-01,5.030843203288114518e-01,0.000000000000000000e+00,0.000000000000000000e+00,0.000000000000000000e+00,4.839877979879526060e-01,5.295760217439690054e-01,4.875275990647033875e-01,5.124323910067837273e-01,0.000000000000000000e+00,0.000000000000000000e+00,0.000000000000000000e+00,3.740479542810484781e-01,5.067287017944371863e-01,0.000000000000000000e+00,0.000000000000000000e+00,0.000000000000000000e+00,4.835790467220679179e-01,0.000000000000000000e+00,4.798573437318479074e-01,0.000000000000000000e+00,0.000000000000000000e+00,0.000000000000000000e+00,0.000000000000000000e+00,4.921687805766484236e-01,0.000000000000000000e+00,4.793038043458014985e-01,5.083360852422375009e-01,0.000000000000000000e+00,0.000000000000000000e+00,0.000000000000000000e+00,4.861283582997871777e-01,4.151057474804479841e-01,5.099181612444118050e-01,4.900650258783605939e-01,0.000000000000000000e+00,0.000000000000000000e+00,5.161052977425784061e-01,5.024908960450830131e-01,4.993598782989400187e-01,4.943598923112588750e-01,5.045874574512748678e-01,5.057225953174901978e-01
