0.000000000000000000e+00,3.883787630048824990e-01,0.000000000000000000e+00,0.000000000000000000e+00,0.000000000000000000e+00,4.080817476264946841e-01,4.092521014908104271e-01,4.748899586965207864e-01,0.000000000000000000e+00,3.677817588544233796e-01,0.000000000000000000e+00,3.485842109185948168e-01,4.336292165226485196e-01,4.671910650420385003e-01,3.917273067964913147e-01,4.005338479786411110e-01,3.643257815061504146e-01,3.621840697480359084e-01,0.000000000000000000e+00,4.247207873484736829e-01,4.224934657344213140e-01,4.299463150499571173e-01,4.302730730980772189e-01,3.269917225100161806e-01,3.493374730070490930e-01,3.566957466841034208e-01,4.207357461948650901e-01,4.205437994560100035e-01,4.238229280831016244e-01,4.719194769859313965e-01,3.529858293615358855e-01,4.348299636656522971e-01,3.445160648333344122e-01,3.493839949968549075e-01,4.517280080020744104e-01,0.000000000000000000e+00,0.000000000000000000e+00,3.552687764167786200e-01,4.586122694427290925e-01,4.146290008370364100e-01,4.048142786731270260e-01,4.647056945513208803e-01,0.000000000000000000e+00,0.000000000000000000e+00,0.000000000000000000e+00,3.700282191345152794e-01,4.753779937057118210e-01,0.000000000000000000e+00,0.000000000000000000e+00,0.000000000000000000e+00,4.224570277288967057e-01,0.000000000000000000e+00,4.759750295142424759e-01,0.000000000000000000e+00,0.000000000000000000e+00,0.000000000000000000e+00,4.085879027843474787e-01,0.000000000000000000e+00,0.000000000000000000e+00,4.653083942422803210e-01,4.491314482584141121e-01,0.000000000000000000e+00,4.220957741799954976e-01,0.000000000000000000e+00,4.774732335051999899e-01,4.046196373491651177e-01,4.656640505837206234e-01,4.511043696580148143e-01,3.474769348603323760e-01,4.473048315482537896e-01,4.608777396336857235e-01,5.007449564592587610e-01,0.000000000000000000e+00,0.000000000000000000e+00,0.000000000000000000e+00,3.998176573000253864e-01
3.883787630048824990e-01,0.000000000000000000e+00,0.000000000000000000e+00,0.000000000000000000e+00,4.145496725295851892e-01,4.026938863113985190e-01,4.224177224200393876e-01,4.275570084365873935e-01,3.950013004583021181e-01,3.411877087388204832e-01,0.000000000000000000e+00,0.000000000000000000e+00,4.159692561476546202e-01,0.000000000000000000e+00,4.360406556554032864e-01,3.930207938831524195e-01,3.526842004224409188e-01,3.718209078493998065e-01,0.000000000000000000e+00,4.428803418782816803e-01,4.195328060441281814e-01,4.132285208224888984e-01,4.137962358415130937e-01,3.308479733293421821e-01,3.649804724407086920e-01,4.019212487350596885e-01,4.215459657851163833e-01,4.182775013557072930e-01,4.166062191358109179e-01,4.104448110346690104e-01,3.845634194193545130e-01,4.612836064079380849e-01,3.723310179672639220e-01,3.958231465174336106e-01,4.707821993111471759e-01,4.060405448420296159e-01,0.000000000000000000e+00,0.000000000000000000e+00,4.757922841934912883e-01,4.550196774463016181e-01,4.496706861275928113e-01,4.807212731948173889e-01,5.072290444933365006e-01,0.000000000000000000e+00,0.000000000000000000e+00,4.529933539384444763e-01,4.709222004783730764e-01,0.000000000000000000e+00,0.000000000000000000e+00,0.000000000000000000e+00,4.343691739391085105e-01,4.281160074215422107e-01,4.854975185536625215e-01,0.000000000000000000e+00,0.000000000000000000e+00,0.000000000000000000e+00,0.000000000000000000e+00,4.128075677444290048e-01,0.000000000000000000e+00,5.061036744420835953e-01,4.432814786907698923e-01,3.723526410116911878e-01,4.270298308652161201e-01,0.000000000000000000e+00,4.565712190060894904e-01,4.952264979030847059e-01,4.745977640467299863e-01,4.760091055568915208e-01,4.415153873841444199e-01,4.511055773013700199e-01,4.929940283890594799e-01,4.720060229487986758e-01,4.488386519410509923e-01,4.546546696894868123e-01,0.000000000000000000e+00,4.360099139948496738e-01
0.000000000000000000e+00,0.000000000000000000e+00,0.000000000000000000e+00,4.116143095583020828e-01,3.822049459472827149e-01,3.593401506635583997e-01,4.306068886484780145e-01,4.405777548716013903e-01,3.001445949613099073e-01,4.503756182274952224e-01,3.182117667296471830e-01,4.228134758445081243e-01,4.293588723161391174e-01,4.041593534266501031e-01,0.000000000000000000e+00,0.000000000000000000e+00,4.555718916709192157e-01,4.428583649134392730e-01,2.486061176388351113e-01,3.615951420117344273e-01,3.929987027773380048e-01,0.000000000000000000e+00,3.059133257239857184e-01,4.472317390662324255e-01,4.372614783969107077e-01,4.351898503382882755e-01,3.035530875284703778e-01,4.382505006902087108e-01,0.000000000000000000e+00,4.300388162340448850e-01,4.487766798131866963e-01,4.523509759544657727e-01,4.207230608375890912e-01,4.612270135950478078e-01,4.477307117681285087e-01,4.190998811319630035e-01,4.459056069276575163e-01,4.270055022005246892e-01,5.327986374554340987e-01,0.000000000000000000e+00,5.427793876083321090e-01,0.000000000000000000e+00,5.212707277592418809e-01,0.000000000000000000e+00,0.000000000000000000e+00,0.000000000000000000e+00,0.000000000000000000e+00,3.485297860161805095e-01,0.000000000000000000e+00,5.450012643405534041e-01,5.571974848724047247e-01,5.538141584636734338e-01,5.263023981447868538e-01,5.275334967532956387e-01,0.000000000000000000e+00,4.789950853469895908e-01,0.000000000000000000e+00,5.318037766343682859e-01,5.399890843944835650e-01,0.000000000000000000e+00,0.000000000000000000e+00,0.000000000000000000e+00,0.000000000000000000e+00,3.795636583172197764e-01,0.000000000000000000e+00,0.000000000000000000e+00,0.000000000000000000e+00,5.520175504071693773e-01,0.000000000000000000e+00,0.000000000000000000e+00,0.000000000000000000e+00,5.563023838451069958e-01,5.230294963062487312e-01,4.872533471219875900e-01,0.000000000000000000e+00,5.525198789825480628e-01
0.000000000000000000e+00,0.000000000000000000e+00,4.116143095583020828e-01,0.000000000000000000e+00,3.044887897336180926e-01,4.385818288339107807e-01,2.984860171182410760e-01,4.302791779733686761e-01,4.578113498341084830e-01,4.171568291957036267e-01,3.790178430768080253e-01,3.137913346290587824e-01,4.226302668172017274e-01,3.262974398012459809e-01,0.000000000000000000e+00,0.000000000000000000e+00,0.000000000000000000e+00,0.000000000000000000e+00,4.126541289451078898e-01,0.000000000000000000e+00,0.000000000000000000e+00,0.000000000000000000e+00,4.261219028322004165e-01,0.000000000000000000e+00,0.000000000000000000e+00,0.000000000000000000e+00,4.373856758892057939e-01,3.621852685819464956e-01,0.000000000000000000e+00,0.000000000000000000e+00,3.879411284042101893e-01,3.484269920866435166e-01,3.770241737365723211e-01,4.160281549110294019e-01,3.577974983322109170e-01,2.765043839449666252e-01,2.316438107352812026e-01,0.000000000000000000e+00,0.000000000000000000e+00,0.000000000000000000e+00,0.000000000000000000e+00,0.000000000000000000e+00,0.000000000000000000e+00,0.000000000000000000e+00,0.000000000000000000e+00,0.000000000000000000e+00,0.000000000000000000e+00,0.000000000000000000e+00,0.000000000000000000e+00,0.000000000000000000e+00,0.000000000000000000e+00,0.000000000000000000e+00,0.000000000000000000e+00,0.000000000000000000e+00,0.000000000000000000e+00,0.000000000000000000e+00,0.000000000000000000e+00,0.000000000000000000e+00,0.000000000000000000e+00,0.000000000000000000e+00,0.000000000000000000e+00,0.000000000000000000e+00,0.000000000000000000e+00,0.000000000000000000e+00,0.000000000000000000e+00,0.000000000000000000e+00,0.000000000000000000e+00,0.000000000000000000e+00,0.000000000000000000e+00,0.000000000000000000e+00,0.000000000000000000e+00,0.000000000000000000e+00,0.000000000000000000e+00,0.000000000000000000e+00,0.000000000000000000e+00,0.000000000000000000e+00
0.000000000000000000e+00,4.145496725295851892e-01,3.822049459472827149e-01,3.044887897336180926e-01,0.000000000000000000e+00,3.620146188479728133e-01,3.267212484571623277e-01,4.360708230098063742e-01,3.296840866250487778e-01,4.201855798854661206e-01,3.312958718255076263e-01,3.955766160607677162e-01,3.554334197929033268e-01,3.192841934378233271e-01,0.000000000000000000e+00,4.118072633410967964e-01,4.304307802655288895e-01,4.373970787236278190e-01,3.843337211312041757e-01,4.110935999204525237e-01,0.000000000000000000e+00,4.140705759666485908e-01,3.944111843873913115e-01,4.066525168938068813e-01,4.018793511129509222e-01,4.026290752277780771e-01,3.638826954256095814e-01,4.215260693582976725e-01,4.109947432506126930e-01,4.347308874130249023e-01,4.300375924181374931e-01,4.020379755763973106e-01,3.719683963709742858e-01,4.192800937426208185e-01,3.805344237640743144e-01,3.104189383663021884e-01,2.686619844073386276e-01,3.706044787976344179e-01,4.591824788794141021e-01,0.000000000000000000e+00,5.328426643039423372e-01,0.000000000000000000e+00,4.550546088589180194e-01,0.000000000000000000e+00,0.000000000000000000e+00,0.000000000000000000e+00,0.000000000000000000e+00,5.401977940679110191e-01,0.000000000000000000e+00,4.835108658247502245e-01,5.263689478061071014e-01,5.283331587313259137e-01,4.856934154672433723e-01,5.384279582024338318e-01,0.000000000000000000e+00,5.037234421779254179e-01,0.000000000000000000e+00,5.225449830129637041e-01,4.861791841020616234e-01,0.000000000000000000e+00,0.000000000000000000e+00,0.000000000000000000e+00,0.000000000000000000e+00,5.154500248566180609e-01,0.000000000000000000e+00,0.000000000000000000e+00,4.492703403097900727e-01,5.334702679193462638e-01,0.000000000000000000e+00,0.000000000000000000e+00,4.610244122363834074e-01,5.317015889502720860e-01,5.108470316884735629e-01,5.043835756959179628e-01,0.000000000000000000e+00,5.431023411485847996e-01
4.080817476264946841e-01,4.026938863113985190e-01,3.593401506635583997e-01,4.385818288339107807e-01,3.620146188479728133e-01,0.000000000000000000e+00,3.985143391480078789e-01,3.918678174729854913e-01,3.069019698609637969e-01,4.471942790167187098e-01,3.782382592337487082e-01,4.270101636396587130e-01,3.480441383355111218e-01,4.216523404295903776e-01,4.299542214563454867e-01,3.886229100850283058e-01,4.450399330052290936e-01,4.176585310236973769e-01,3.529563065718985260e-01,3.856185834296201875e-01,3.870864577911565796e-01,4.100546865348327907e-01,3.658334013246148930e-01,4.303196624171732876e-01,3.734314758004291246e-01,4.126361978503251815e-01,3.462370532770973064e-01,3.647103611008455926e-01,3.227862548431750245e-01,4.040919221638580860e-01,4.217571063843582047e-01,4.267467819264965101e-01,3.874903733669798900e-01,4.413627732435255191e-01,4.470621060706785888e-01,4.515982786032162188e-01,4.390039413106067157e-01,4.273877989848169912e-01,5.112954066644040951e-01,0.000000000000000000e+00,5.175866434323971310e-01,4.828037023544312079e-01,5.107546441565772311e-01,0.000000000000000000e+00,0.000000000000000000e+00,0.000000000000000000e+00,4.368767701014180105e-01,5.590360462808042774e-01,0.000000000000000000e+00,5.186138266324837875e-01,5.238777986746918636e-01,5.364600922625465396e-01,4.635878692186850003e-01,5.684372145289560141e-01,5.285704001354168957e-01,5.436568955174736484e-01,0.000000000000000000e+00,5.189375161634469658e-01,5.652745820066750193e-01,4.715369306930782822e-01,4.053485901959639204e-01,0.000000000000000000e+00,0.000000000000000000e+00,5.612569427537964506e-01,4.683378620838400952e-01,0.000000000000000000e+00,4.594708713541431067e-01,5.187620808121869986e-01,0.000000000000000000e+00,4.243340088723515091e-01,4.574564152672638273e-01,5.175042420719870861e-01,5.056519712496212460e-01,4.863811531414372058e-01,5.122462795367748178e-01,5.181438883826796626e-01
4.092521014908104271e-01,4.224177224200393876e-01,4.306068886484780145e-01,2.984860171182410760e-01,3.267212484571623277e-01,3.985143391480078789e-01,0.000000000000000000e+00,4.783599156469294233e-01,4.073820750504451027e-01,4.229828105977188057e-01,4.272447475246949899e-01,3.947491473679963780e-01,3.248084414495838179e-01,3.494895442735879154e-01,4.454363874896324904e-01,4.307782700833088785e-01,4.212101527908275189e-01,4.276633813501994896e-01,4.398284969690983148e-01,4.204951489604262793e-01,4.469204665342927929e-01,4.334656815987821266e-01,4.480136801894823995e-01,4.074290486156483260e-01,4.049736063905334804e-01,4.062938497007979044e-01,4.229468731417814209e-01,3.614200645898464903e-01,4.246989658521246880e-01,4.340438918645013189e-01,4.138035162663574185e-01,4.361319248900217271e-01,3.813363779237208262e-01,4.215628902853850724e-01,3.763338348217525886e-01,3.851029095158032822e-01,3.487475808832907753e-01,3.843011412178515274e-01,5.125115406929009465e-01,0.000000000000000000e+00,4.905488315865249027e-01,0.000000000000000000e+00,5.185692148891807296e-01,4.373982548713684082e-01,0.000000000000000000e+00,0.000000000000000000e+00,4.496024297592495778e-01,5.357649987777720613e-01,0.000000000000000000e+00,5.314237745984501382e-01,5.419122805715081981e-01,5.456558227566742358e-01,5.128529871028071341e-01,5.505631137686233245e-01,5.460351926571713754e-01,4.872047400563795927e-01,4.396598960134108780e-01,5.389614993431872669e-01,0.000000000000000000e+00,0.000000000000000000e+00,0.000000000000000000e+00,0.000000000000000000e+00,0.000000000000000000e+00,5.460829079710732836e-01,4.897647848929884140e-01,0.000000000000000000e+00,4.750522282122859874e-01,5.453248842609559333e-01,0.000000000000000000e+00,4.458430471502385917e-01,4.589384409129588227e-01,5.373497324067116887e-01,5.352901109657697276e-01,5.258709956815356135e-01,0.000000000000000000e+00,5.426731405643324679e-01
4.748899586965207864e-01,4.275570084365873935e-01,4.405777548716013903e-01,4.302791779733686761e-01,4.360708230098063742e-01,3.918678174729854913e-01,4.783599156469294233e-01,0.000000000000000000e+00,4.518339562705910861e-01,4.607821605357543260e-01,3.239266739752266755e-01,4.591134248607905977e-01,4.504223451781628751e-01,4.433745122839011787e-01,4.164950945721900277e-01,4.377209967997883200e-01,4.509849202334156870e-01,4.476690495224914246e-01,4.430133509237866862e-01,3.997818017694114157e-01,3.884860233797006734e-01,4.198677692795407812e-01,3.514294287634133762e-01,4.792281315115863860e-01,4.433640918020860799e-01,4.581552573528511751e-01,3.980538339844987838e-01,4.352962258877334789e-01,3.944504825858370922e-01,4.200825724652912929e-01,4.362148275239561834e-01,4.350264442009068033e-01,4.315751641395774163e-01,4.668860168455625792e-01,4.666883755856415239e-01,4.170599766728144142e-01,4.467144143916644827e-01,4.854987509800837153e-01,4.900115458950988212e-01,0.000000000000000000e+00,4.944856132413771865e-01,0.000000000000000000e+00,4.100385145058598746e-01,0.000000000000000000e+00,0.000000000000000000e+00,0.000000000000000000e+00,4.836385995417702977e-01,5.365221685614417479e-01,0.000000000000000000e+00,0.000000000000000000e+00,4.961657295019749059e-01,5.032466650252775953e-01,4.124322098916867185e-01,5.501709622038808423e-01,0.000000000000000000e+00,5.145968392487079157e-01,0.000000000000000000e+00,4.901521491691446797e-01,0.000000000000000000e+00,4.958124611476201204e-01,4.635257563904319200e-01,0.000000000000000000e+00,0.000000000000000000e+00,5.222696829554652753e-01,4.907046604714299098e-01,4.521798689644432878e-01,4.949577294474817868e-01,4.834986851877490222e-01,0.000000000000000000e+00,4.598250764576440885e-01,4.843043582311502004e-01,4.884257151730068136e-01,4.838012966937745851e-01,4.856260835429686007e-01,4.702750008165423878e-01,4.973971017416303209e-01
0.000000000000000000e+00,3.950013004583021181e-01,3.001445949613099073e-01,4.578113498341084830e-01,3.296840866250487778e-01,3.069019698609637969e-01,4.073820750504451027e-01,4.518339562705910861e-01,0.000000000000000000e+00,4.545838799431983213e-01,2.969577176410022057e-01,4.357395888429486108e-01,3.572429727499489838e-01,4.165363938203879846e-01,0.000000000000000000e+00,0.000000000000000000e+00,4.530780823483667730e-01,4.484357367056521770e-01,2.780015443500857275e-01,0.000000000000000000e+00,0.000000000000000000e+00,4.220600182904077902e-01,3.735103662197143959e-01,4.434556189235687729e-01,4.296457396904603265e-01,4.462444663614829055e-01,3.164304469468542935e-01,4.477465079137459836e-01,3.515707258511697741e-01,4.477531744585355189e-01,4.562047013843162913e-01,4.529111724308105269e-01,4.226614641729627975e-01,4.632078187209454079e-01,4.494648389332708271e-01,4.538225817479443758e-01,4.523817496079606815e-01,4.233204821612783220e-01,5.211158596446712199e-01,4.276520051597120231e-01,5.364341926655132875e-01,5.459532055277891427e-01,5.120840308140500730e-01,0.000000000000000000e+00,0.000000000000000000e+00,0.000000000000000000e+00,0.000000000000000000e+00,5.660222318035152966e-01,0.000000000000000000e+00,5.350374605945897866e-01,5.505187259792152510e-01,5.504315198037389445e-01,5.362003686323176810e-01,5.691074030932549155e-01,0.000000000000000000e+00,5.255496838641144919e-01,0.000000000000000000e+00,5.482352906573659812e-01,5.196375982308797381e-01,0.000000000000000000e+00,0.000000000000000000e+00,0.000000000000000000e+00,0.000000000000000000e+00,5.605196749283393176e-01,0.000000000000000000e+00,0.000000000000000000e+00,0.000000000000000000e+00,5.553247939219360108e-01,0.000000000000000000e+00,0.000000000000000000e+00,0.000000000000000000e+00,5.561900622766923208e-01,5.291117507745226600e-01,4.876031017288928737e-01,0.000000000000000000e+00,5.349343267988984074e-01
3.677817588544233796e-01,3.411877087388204832e-01,4.503756182274952224e-01,4.171568291957036267e-01,4.201855798854661206e-01,4.471942790167187098e-01,4.229828105977188057e-01,4.607821605357543260e-01,4.545838799431983213e-01,0.000000000000000000e+00,4.549868212578315196e-01,2.817198940328998757e-01,4.229848468423887953e-01,4.300573348420699826e-01,0.000000000000000000e+00,3.891827017855309934e-01,3.213687144694424846e-01,3.539879573431434223e-01,4.506894610752649744e-01,3.531131682744205191e-01,4.359051879082687098e-01,3.722126504224961829e-01,4.688095014129087801e-01,3.140196404904874727e-01,2.858265052171662934e-01,2.841950535478044992e-01,4.388092633988832092e-01,3.978474605796835095e-01,3.905978390905752162e-01,0.000000000000000000e+00,3.222018445148007726e-01,3.604433596664783912e-01,2.851120258858150791e-01,3.080938876518077851e-01,3.222620007311525758e-01,4.094172919266697019e-01,2.700886325362870100e-01,2.781797917234197781e-01,4.301463404846835870e-01,3.832267375492590111e-01,3.970180138110512846e-01,4.396519549716160769e-01,0.000000000000000000e+00,0.000000000000000000e+00,3.712022669946591913e-01,0.000000000000000000e+00,4.026308596208121870e-01,0.000000000000000000e+00,0.000000000000000000e+00,0.000000000000000000e+00,5.359072398934729975e-01,4.140510149861160172e-01,0.000000000000000000e+00,0.000000000000000000e+00,4.287906472099404231e-01,0.000000000000000000e+00,4.359199676497972908e-01,4.167801385278628867e-01,0.000000000000000000e+00,0.000000000000000000e+00,4.333952060195274125e-01,4.457707126860254165e-01,4.378372686655134793e-01,0.000000000000000000e+00,0.000000000000000000e+00,0.000000000000000000e+00,0.000000000000000000e+00,5.293048661903011487e-01,3.905243350650171030e-01,4.384551748489123879e-01,4.437585131554043216e-01,5.326521724370253397e-01,4.081635667119997146e-01,0.000000000000000000e+00,0.000000000000000000e+00,4.076919407589961741e-01
0.000000000000000000e+00,0.000000000000000000e+00,3.182117667296471830e-01,3.790178430768080253e-01,3.312958718255076263e-01,3.782382592337487082e-01,4.272447475246949899e-01,3.239266739752266755e-01,2.969577176410022057e-01,4.549868212578315196e-01,0.000000000000000000e+00,4.241702600992576233e-01,4.498834241024490810e-01,3.398881855412925757e-01,0.000000000000000000e+00,0.000000000000000000e+00,4.460761215046962769e-01,4.543112058800384268e-01,2.485035363622188909e-01,0.000000000000000000e+00,0.000000000000000000e+00,0.000000000000000000e+00,3.159631591114864246e-01,4.448541211109522941e-01,4.465757842358696883e-01,4.492094378245317099e-01,3.562258424032099802e-01,4.536135778483043057e-01,0.000000000000000000e+00,0.000000000000000000e+00,4.597675567606829827e-01,4.339444711168526925e-01,4.189479303707653868e-01,4.574800126502556741e-01,4.286451913493262156e-01,3.328467050643659775e-01,3.783357844091307931e-01,4.154772787209224938e-01,4.806359473570939733e-01,0.000000000000000000e+00,4.685909658848795845e-01,0.000000000000000000e+00,4.729431968854028723e-01,0.000000000000000000e+00,0.000000000000000000e+00,0.000000000000000000e+00,0.000000000000000000e+00,3.839000855877205964e-01,0.000000000000000000e+00,4.005982037861536837e-01,5.289132626904637924e-01,4.421199413195910921e-01,4.467624558397025880e-01,5.435079963230037281e-01,4.448667693837529136e-01,2.644003020822213168e-01,0.000000000000000000e+00,4.702712653038755852e-01,4.272649647092970904e-01,0.000000000000000000e+00,0.000000000000000000e+00,0.000000000000000000e+00,0.000000000000000000e+00,2.778632456431547881e-01,0.000000000000000000e+00,0.000000000000000000e+00,0.000000000000000000e+00,5.429944081107842546e-01,0.000000000000000000e+00,0.000000000000000000e+00,0.000000000000000000e+00,5.017643389173935820e-01,4.532122280036475770e-01,0.000000000000000000e+00,0.000000000000000000e+00,0.000000000000000000e+00
3.485842109185948168e-01,0.000000000000000000e+00,4.228134758445081243e-01,3.137913346290587824e-01,3.955766160607677162e-01,4.270101636396587130e-01,3.947491473679963780e-01,4.591134248607905977e-01,4.357395888429486108e-01,2.817198940328998757e-01,4.241702600992576233e-01,0.000000000000000000e+00,4.008352296872486065e-01,0.000000000000000000e+00,0.000000000000000000e+00,3.483117361790138977e-01,3.425509888116823887e-01,3.466606196073118151e-01,4.473582773176076888e-01,0.000000000000000000e+00,4.399407860275700854e-01,0.000000000000000000e+00,4.359839320004961771e-01,2.736966692159891745e-01,2.976194685985905086e-01,2.706692001649622092e-01,4.292546518846295789e-01,3.605738178497774893e-01,0.000000000000000000e+00,0.000000000000000000e+00,3.338749532242192841e-01,3.204954193552138064e-01,2.648395376061272732e-01,2.734911876665989117e-01,3.215303231671681194e-01,3.056539616715830965e-01,2.532594633728957878e-01,2.273166423794573121e-01,3.307483245064707922e-01,4.049592255526188733e-01,3.816791299313476160e-01,4.392084561041437185e-01,0.000000000000000000e+00,0.000000000000000000e+00,3.610844212826879174e-01,4.238240137079835046e-01,0.000000000000000000e+00,0.000000000000000000e+00,0.000000000000000000e+00,0.000000000000000000e+00,0.000000000000000000e+00,0.000000000000000000e+00,0.000000000000000000e+00,0.000000000000000000e+00,4.427547851275592805e-01,0.000000000000000000e+00,4.442497196708867224e-01,0.000000000000000000e+00,0.000000000000000000e+00,0.000000000000000000e+00,4.393267785423031202e-01,4.527536822756870194e-01,4.485443240314799795e-01,0.000000000000000000e+00,0.000000000000000000e+00,0.000000000000000000e+00,0.000000000000000000e+00,0.000000000000000000e+00,3.778252776598022833e-01,4.410393277179520122e-01,4.415428513430886825e-01,0.000000000000000000e+00,4.129608869552611750e-01,0.000000000000000000e+00,0.000000000000000000e+00,4.355118945646225259e-01
4.336292165226485196e-01,4.159692561476546202e-01,4.293588723161391174e-01,4.226302668172017274e-01,3.554334197929033268e-01,3.480441383355111218e-01,3.248084414495838179e-01,4.504223451781628751e-01,3.572429727499489838e-01,4.229848468423887953e-01,4.498834241024490810e-01,4.008352296872486065e-01,0.000000000000000000e+00,4.077985882887698033e-01,4.229209845548735913e-01,4.274075673701718814e-01,4.251579930870937885e-01,4.235578567515885240e-01,4.517593133685210982e-01,4.091402720232971135e-01,4.222717840324262117e-01,4.187400602873703748e-01,4.221658338395599119e-01,4.147877407829492213e-01,4.036838415236891908e-01,4.028442639183013041e-01,3.957769113788673909e-01,3.366739366241088272e-01,3.780117412401579058e-01,3.826179812977282824e-01,4.065612524145231221e-01,4.363709410325730120e-01,3.923976845159338200e-01,4.193012138703999803e-01,4.293126884657286202e-01,4.415172132380036918e-01,4.114975052752780083e-01,3.915869766479209146e-01,5.116806059864774658e-01,0.000000000000000000e+00,4.967171759586321844e-01,0.000000000000000000e+00,5.185772551940364128e-01,0.000000000000000000e+00,0.000000000000000000e+00,0.000000000000000000e+00,4.502605283678450809e-01,5.386938400138492344e-01,0.000000000000000000e+00,0.000000000000000000e+00,5.315603583970117674e-01,5.305865013218943327e-01,5.004074172764262363e-01,5.622115196245658364e-01,0.000000000000000000e+00,5.027173594065186268e-01,4.652047753592086776e-01,5.252338691302134155e-01,0.000000000000000000e+00,4.725528259302783085e-01,4.235322427153985214e-01,0.000000000000000000e+00,4.520898503837998961e-01,5.445284017031006840e-01,4.805408977327909059e-01,0.000000000000000000e+00,4.565432683830030758e-01,5.289641491868419809e-01,0.000000000000000000e+00,4.425769029167813118e-01,4.540697004975379758e-01,5.235512915573821147e-01,5.169522175849607937e-01,5.162048074631714334e-01,0.000000000000000000e+00,5.246024178186975417e-01
4.671910650420385003e-01,0.000000000000000000e+00,4.041593534266501031e-01,3.262974398012459809e-01,3.192841934378233271e-01,4.216523404295903776e-01,3.494895442735879154e-01,4.433745122839011787e-01,4.165363938203879846e-01,4.300573348420699826e-01,3.398881855412925757e-01,0.000000000000000000e+00,4.077985882887698033e-01,0.000000000000000000e+00,0.000000000000000000e+00,0.000000000000000000e+00,0.000000000000000000e+00,0.000000000000000000e+00,3.858654681826211852e-01,0.000000000000000000e+00,4.305894357602607081e-01,3.865880976589226026e-01,4.147617188980340930e-01,0.000000000000000000e+00,4.025050103664398193e-01,4.209054186472844794e-01,4.179235536351468272e-01,4.049283008430795139e-01,0.000000000000000000e+00,0.000000000000000000e+00,4.385247913689476196e-01,3.464871831348592113e-01,3.523939135732254146e-01,4.142770141960416819e-01,5.236626137239287493e-01,2.687556654976607784e-01,2.097775196941767117e-01,0.000000000000000000e+00,3.807412816364956210e-01,0.000000000000000000e+00,0.000000000000000000e+00,0.000000000000000000e+00,4.145565005311698248e-01,0.000000000000000000e+00,0.000000000000000000e+00,0.000000000000000000e+00,0.000000000000000000e+00,5.302610766218354144e-01,0.000000000000000000e+00,4.394884346317964874e-01,0.000000000000000000e+00,0.000000000000000000e+00,0.000000000000000000e+00,4.764397716661145088e-01,0.000000000000000000e+00,0.000000000000000000e+00,0.000000000000000000e+00,0.000000000000000000e+00,0.000000000000000000e+00,0.000000000000000000e+00,0.000000000000000000e+00,0.000000000000000000e+00,0.000000000000000000e+00,5.242488746137168310e-01,0.000000000000000000e+00,0.000000000000000000e+00,0.000000000000000000e+00,5.133029133192321680e-01,0.000000000000000000e+00,0.000000000000000000e+00,0.000000000000000000e+00,5.015044997995146137e-01,0.000000000000000000e+00,0.000000000000000000e+00,0.000000000000000000e+00,0.000000000000000000e+00
3.917273067964913147e-01,4.360406556554032864e-01,0.000000000000000000e+00,0.000000000000000000e+00,0.000000000000000000e+00,4.299542214563454867e-01,4.454363874896324904e-01,4.164950945721900277e-01,0.000000000000000000e+00,0.000000000000000000e+00,0.000000000000000000e+00,0.000000000000000000e+00,4.229209845548735913e-01,0.000000000000000000e+00,0.000000000000000000e+00,4.359917797203564094e-01,4.318393392581820200e-01,4.117811742996242974e-01,0.000000000000000000e+00,3.751205484691719771e-01,3.959805233064060959e-01,3.502958702506884237e-01,4.001609977469859913e-01,4.108134367842499191e-01,4.028760986958120904e-01,4.028558472898089993e-01,3.796707513586856098e-01,4.108398383382322883e-01,3.996165739634425229e-01,3.896977498657223093e-01,4.433603272148399221e-01,4.676087698069801846e-01,4.348877693338616957e-01,4.760049585108386827e-01,5.242252653515621086e-01,3.766448254537045903e-01,5.145021080970764160e-01,0.000000000000000000e+00,5.233149065211533113e-01,4.980693406083436248e-01,5.142888315426232815e-01,5.487565777592278149e-01,4.839380025409297237e-01,0.000000000000000000e+00,0.000000000000000000e+00,0.000000000000000000e+00,5.218686872772798635e-01,0.000000000000000000e+00,0.000000000000000000e+00,0.000000000000000000e+00,4.792606480399219104e-01,0.000000000000000000e+00,5.095098445778185603e-01,0.000000000000000000e+00,0.000000000000000000e+00,0.000000000000000000e+00,0.000000000000000000e+00,4.689613041270229155e-01,4.807897210121154785e-01,5.225116781917807929e-01,4.742035408312689215e-01,0.000000000000000000e+00,0.000000000000000000e+00,0.000000000000000000e+00,5.150877786088622345e-01,4.911950767244888105e-01,5.303178405571034038e-01,4.955511336416220103e-01,0.000000000000000000e+00,4.579157393510122076e-01,5.346468405468340901e-01,4.967499062685136191e-01,4.906507697603991192e-01,4.911850631432683190e-01,4.950832913737452934e-01,4.957433125055450973e-01
4.005338479786411110e-01,3.930207938831524195e-01,0.000000000000000000e+00,0.000000000000000000e+00,4.118072633410967964e-01,3.886229100850283058e-01,4.307782700833088785e-01,4.377209967997883200e-01,0.000000000000000000e+00,3.891827017855309934e-01,0.000000000000000000e+00,3.483117361790138977e-01,4.274075673701718814e-01,0.000000000000000000e+00,4.359917797203564094e-01,0.000000000000000000e+00,3.839201638349610812e-01,3.410161957631486218e-01,0.000000000000000000e+00,3.933498329556622264e-01,4.293792409567505075e-01,3.675065509374644268e-01,4.207556535635618156e-01,3.703917077883123188e-01,3.787059322192258271e-01,4.116091149240189151e-01,4.113023261232658934e-01,4.216337570830924197e-01,4.083788685851901246e-01,4.119064185122950916e-01,3.816174401855583209e-01,4.536053920663282168e-01,3.845497981127947162e-01,4.004587301722664083e-01,4.589628444209921110e-01,0.000000000000000000e+00,0.000000000000000000e+00,0.000000000000000000e+00,4.661914718813897074e-01,4.392836463204867203e-01,4.338550983868226796e-01,4.671629671580130871e-01,0.000000000000000000e+00,0.000000000000000000e+00,0.000000000000000000e+00,4.528469930607023075e-01,4.565125491425948145e-01,0.000000000000000000e+00,0.000000000000000000e+00,0.000000000000000000e+00,4.182954498821729872e-01,0.000000000000000000e+00,0.000000000000000000e+00,0.000000000000000000e+00,3.653889790124927872e-01,0.000000000000000000e+00,0.000000000000000000e+00,4.119800559157488773e-01,0.000000000000000000e+00,4.880679425172634867e-01,4.434782037440652136e-01,4.130606401504435810e-01,4.349936311156943902e-01,0.000000000000000000e+00,4.678342627396835929e-01,0.000000000000000000e+00,4.540587860497496964e-01,4.596964922384049190e-01,4.502255803892526997e-01,4.546991502223435844e-01,4.669796369231932198e-01,4.563156261800349056e-01,4.098265542391881233e-01,4.404684413751029926e-01,0.000000000000000000e+00,4.215159132268971875e-01
3.643257815061504146e-01,3.526842004224409188e-01,4.555718916709192157e-01,0.000000000000000000e+00,4.304307802655288895e-01,4.450399330052290936e-01,4.212101527908275189e-01,4.509849202334156870e-01,4.530780823483667730e-01,3.213687144694424846e-01,4.460761215046962769e-01,3.425509888116823887e-01,4.251579930870937885e-01,0.000000000000000000e+00,4.318393392581820200e-01,3.839201638349610812e-01,0.000000000000000000e+00,3.162195735758869808e-01,4.673697818514657154e-01,4.046347772101994145e-01,4.325764456301373073e-01,3.767587218641166857e-01,4.464531940034364155e-01,3.472590432500964885e-01,3.120725933185273249e-01,3.493387843927158176e-01,4.474922991840104003e-01,4.121252615108942918e-01,4.230442799174328194e-01,0.000000000000000000e+00,3.278133984542446200e-01,4.155011907102776902e-01,3.139034308685985097e-01,3.551457693776414182e-01,3.718854837065234120e-01,4.451991429933823130e-01,0.000000000000000000e+00,3.065672602704129224e-01,4.685474372779346863e-01,3.954015823622322179e-01,4.252712986925258898e-01,4.475679768854289864e-01,0.000000000000000000e+00,0.000000000000000000e+00,3.631444424227113221e-01,3.993200633073529238e-01,4.274643726717815007e-01,0.000000000000000000e+00,0.000000000000000000e+00,0.000000000000000000e+00,0.000000000000000000e+00,0.000000000000000000e+00,0.000000000000000000e+00,0.000000000000000000e+00,4.531965715201092260e-01,0.000000000000000000e+00,4.616749723030432184e-01,0.000000000000000000e+00,0.000000000000000000e+00,0.000000000000000000e+00,4.362733346598374196e-01,4.579339079982150951e-01,4.494200890139817828e-01,0.000000000000000000e+00,0.000000000000000000e+00,0.000000000000000000e+00,4.195208479803244073e-01,0.000000000000000000e+00,4.240882473080038739e-01,4.475859675015909089e-01,4.516811162150921044e-01,0.000000000000000000e+00,0.000000000000000000e+00,4.192523809163216097e-01,0.000000000000000000e+00,4.294866428633398736e-01
3.621840697480359084e-01,3.718209078493998065e-01,4.428583649134392730e-01,0.000000000000000000e+00,4.373970787236278190e-01,4.176585310236973769e-01,4.276633813501994896e-01,4.476690495224914246e-01,4.484357367056521770e-01,3.539879573431434223e-01,4.543112058800384268e-01,3.466606196073118151e-01,4.235578567515885240e-01,0.000000000000000000e+00,4.117811742996242974e-01,3.410161957631486218e-01,3.162195735758869808e-01,0.000000000000000000e+00,0.000000000000000000e+00,4.052074484363508144e-01,4.256963930047983902e-01,3.870962924552592832e-01,4.327321275718183924e-01,3.432622106523616767e-01,3.359706807912132276e-01,3.604364620704085254e-01,4.280071713512488274e-01,4.090904700572416952e-01,4.161803474083404786e-01,3.980380483257671131e-01,3.432460448590307078e-01,4.201853199888733736e-01,3.221805261639892892e-01,3.622276909361132891e-01,4.035019339888393786e-01,0.000000000000000000e+00,0.000000000000000000e+00,2.790875809526811024e-01,4.605938852507877046e-01,4.085564839150285232e-01,4.209053516740718925e-01,4.498922761814677096e-01,0.000000000000000000e+00,0.000000000000000000e+00,0.000000000000000000e+00,4.101526078286453214e-01,4.472371024384944049e-01,0.000000000000000000e+00,0.000000000000000000e+00,0.000000000000000000e+00,4.232481567325905858e-01,0.000000000000000000e+00,0.000000000000000000e+00,0.000000000000000000e+00,4.187105844544770084e-01,0.000000000000000000e+00,4.418948153417471825e-01,4.224558605379689080e-01,0.000000000000000000e+00,4.765068570076094190e-01,4.398091180449469895e-01,4.372342756985780898e-01,4.332071859761987276e-01,0.000000000000000000e+00,4.404287354193007209e-01,0.000000000000000000e+00,4.361322823115679204e-01,4.517626747130575882e-01,4.257101028229123840e-01,4.388876429915887778e-01,4.400496955000227084e-01,4.357934709350262947e-01,0.000000000000000000e+00,4.320450437288139156e-01,0.000000000000000000e+00,4.193939465037089809e-01
0.000000000000000000e+00,0.000000000000000000e+00,2.486061176388351113e-01,4.126541289451078898e-01,3.843337211312041757e-01,3.529563065718985260e-01,4.398284969690983148e-01,4.430133509237866862e-01,2.780015443500857275e-01,4.506894610752649744e-01,2.485035363622188909e-01,4.473582773176076888e-01,4.517593133685210982e-01,3.858654681826211852e-01,0.000000000000000000e+00,0.000000000000000000e+00,4.673697818514657154e-01,0.000000000000000000e+00,0.000000000000000000e+00,0.000000000000000000e+00,0.000000000000000000e+00,0.000000000000000000e+00,2.741917065985630120e-01,4.597777597046441844e-01,4.493611417936156927e-01,4.457146130943663853e-01,3.416729237233315786e-01,4.559213391910533764e-01,0.000000000000000000e+00,0.000000000000000000e+00,4.593344543656154855e-01,4.493329954906843948e-01,4.202376847408662019e-01,4.641448448639863833e-01,4.475133521503623091e-01,3.938243203949807758e-01,4.572552690831522271e-01,4.284130134779566834e-01,5.090795060244943659e-01,0.000000000000000000e+00,5.563764623544085186e-01,0.000000000000000000e+00,5.026934661483545286e-01,0.000000000000000000e+00,0.000000000000000000e+00,0.000000000000000000e+00,0.000000000000000000e+00,3.534618761853572932e-01,0.000000000000000000e+00,5.638269595943238288e-01,5.490738966439978608e-01,5.348584373213166598e-01,5.222318563792931467e-01,5.584829901872923053e-01,0.000000000000000000e+00,4.302886630073671781e-01,0.000000000000000000e+00,5.391196908966452428e-01,5.531596398409966975e-01,0.000000000000000000e+00,0.000000000000000000e+00,0.000000000000000000e+00,0.000000000000000000e+00,5.514141004526318390e-01,0.000000000000000000e+00,0.000000000000000000e+00,0.000000000000000000e+00,5.538578928641697541e-01,0.000000000000000000e+00,0.000000000000000000e+00,0.000000000000000000e+00,5.552823848525804129e-01,5.210424200490390012e-01,4.780577814214769239e-01,0.000000000000000000e+00,0.000000000000000000e+00
4.247207873484736829e-01,4.428803418782816803e-01,3.615951420117344273e-01,0.000000000000000000e+00,4.110935999204525237e-01,3.856185834296201875e-01,4.204951489604262793e-01,3.997818017694114157e-01,0.000000000000000000e+00,3.531131682744205191e-01,0.000000000000000000e+00,0.000000000000000000e+00,4.091402720232971135e-01,0.000000000000000000e+00,3.751205484691719771e-01,3.933498329556622264e-01,4.046347772101994145e-01,4.052074484363508144e-01,0.000000000000000000e+00,0.000000000000000000e+00,4.071136930574170143e-01,3.926516516900777076e-01,3.114755884015564802e-01,4.389159720260089048e-01,4.044147645915617262e-01,4.395402308736954256e-01,3.385234691721055178e-01,3.892248278596583955e-01,3.384951873665293931e-01,3.733572681244430869e-01,3.862404734125783889e-01,4.569838145984593258e-01,3.858043780567029790e-01,4.435548736161272765e-01,5.049868418166602035e-01,5.233246737741287236e-01,4.894981524392189032e-01,0.000000000000000000e+00,5.102870320589879549e-01,4.819583812063575889e-01,5.101816473603258961e-01,5.131937901668034430e-01,5.023043078871135547e-01,0.000000000000000000e+00,0.000000000000000000e+00,4.018603096969753929e-01,4.740226617493750183e-01,5.010436375139754039e-01,0.000000000000000000e+00,0.000000000000000000e+00,4.775107890798824251e-01,4.897790068505387118e-01,5.152323870414149409e-01,0.000000000000000000e+00,0.000000000000000000e+00,0.000000000000000000e+00,0.000000000000000000e+00,4.904164753577461844e-01,0.000000000000000000e+00,5.017946063548189839e-01,4.544548800448355852e-01,0.000000000000000000e+00,4.351116114397330925e-01,0.000000000000000000e+00,4.971551993271808856e-01,4.813996351672445995e-01,4.970207908588247792e-01,5.064480066909413658e-01,0.000000000000000000e+00,4.429219870058223041e-01,4.864523955005701228e-01,5.007016545313158762e-01,5.021527790474796804e-01,4.964747126693436763e-01,5.047270340649381293e-01,4.941348274549263175e-01
4.224934657344213140e-01,4.195328060441281814e-01,3.929987027773380048e-01,0.000000000000000000e+00,0.000000000000000000e+00,3.870864577911565796e-01,4.469204665342927929e-01,3.884860233797006734e-01,0.000000000000000000e+00,4.359051879082687098e-01,0.000000000000000000e+00,4.399407860275700854e-01,4.222717840324262117e-01,4.305894357602607081e-01,3.959805233064060959e-01,4.293792409567505075e-01,4.325764456301373073e-01,4.256963930047983902e-01,0.000000000000000000e+00,4.071136930574170143e-01,0.000000000000000000e+00,4.425424368017619181e-01,3.652392472733171913e-01,4.593778207255995727e-01,4.219912213639718246e-01,4.039194506115854066e-01,3.961014204644346948e-01,4.101300631975484112e-01,3.956713323490108070e-01,4.086047263467630919e-01,4.207497004613289793e-01,4.495613049326521726e-01,3.977324113500844138e-01,4.650200358388139055e-01,5.229103938742469815e-01,4.859880982490776269e-01,0.000000000000000000e+00,4.669011216051319191e-01,4.918112523239570044e-01,0.000000000000000000e+00,4.970475919710455881e-01,5.214964849004382064e-01,0.000000000000000000e+00,0.000000000000000000e+00,0.000000000000000000e+00,4.115073026633825903e-01,5.094711595684251471e-01,0.000000000000000000e+00,0.000000000000000000e+00,0.000000000000000000e+00,4.726526422142096062e-01,0.000000000000000000e+00,4.550213426775208125e-01,0.000000000000000000e+00,0.000000000000000000e+00,0.000000000000000000e+00,0.000000000000000000e+00,4.774983958718599930e-01,0.000000000000000000e+00,4.817190628859113199e-01,4.573948846947856750e-01,0.000000000000000000e+00,0.000000000000000000e+00,0.000000000000000000e+00,4.820316213150658835e-01,3.995004631587859012e-01,5.156357618449460833e-01,4.690890871385651195e-01,0.000000000000000000e+00,4.616107186821508113e-01,5.104433518084015020e-01,4.758999271715885770e-01,4.682105121941135262e-01,4.729414793697203079e-01,4.662001879399608195e-01,4.776270960108194852e-01
