0.000000000000000000e+00,4.630915016985511223e-01,0.000000000000000000e+00,0.000000000000000000e+00,0.000000000000000000e+00,4.672711684453929037e-01,0.000000000000000000e+00,5.255463857191191579e-01,0.000000000000000000e+00,4.186991943312262099e-01,0.000000000000000000e+00,4.119081150244586764e-01,5.061312919474709737e-01,5.103042042542401679e-01,4.396101026007357970e-01,4.534286159620570800e-01,4.175665611854167958e-01,4.224221519945203784e-01,0.000000000000000000e+00,4.915250754305227066e-01,4.551419703662009097e-01,4.674168319401494909e-01,4.805115489699520182e-01,3.728882225909485038e-01,4.130729063436954784e-01,4.021641160302841800e-01,4.795651361238799093e-01,5.139873018735866550e-01,4.855819100374140773e-01,0.000000000000000000e+00,4.151972879009678263e-01,4.620477033472374928e-01,3.912224070379962115e-01,4.062034257413967842e-01,4.416236793194484034e-01,4.963578002443992943e-01,0.000000000000000000e+00,4.364744166984089735e-01,4.805423521486906768e-01,4.759393225231248747e-01,4.533354698828850893e-01,0.000000000000000000e+00,0.000000000000000000e+00,0.000000000000000000e+00,3.369990587234497070e-01,3.723925788306245988e-01,5.068665422967116863e-01,0.000000000000000000e+00,0.000000000000000000e+00,0.000000000000000000e+00,0.000000000000000000e+00,0.000000000000000000e+00,0.000000000000000000e+00,0.000000000000000000e+00,4.197345674037932794e-01,0.000000000000000000e+00,4.451793147476740820e-01,0.000000000000000000e+00,0.000000000000000000e+00,5.349289295422989809e-01,4.888031929644179874e-01,5.321138024124504318e-01,4.783254927522750943e-01,0.000000000000000000e+00,0.000000000000000000e+00,3.854497940394759903e-01,5.029296607406290587e-01,4.849102181018393742e-01,4.010132377867435260e-01,4.871397952913781859e-01,4.952868233947197996e-01,0.000000000000000000e+00,0.000000000000000000e+00,0.000000000000000000e+00,0.000000000000000000e+00,4.625273902884505794e-01
4.630915016985511223e-01,0.000000000000000000e+00,4.154866724130634736e-01,0.000000000000000000e+00,4.249904898942176157e-01,4.335586958516176037e-01,4.796699838662258908e-01,4.729463612040243903e-01,4.182387358659970800e-01,4.165306110142681928e-01,0.000000000000000000e+00,0.000000000000000000e+00,4.822872711084820185e-01,0.000000000000000000e+00,4.708448789293657732e-01,4.496742646557799206e-01,4.565880490957581750e-01,4.386196934591151120e-01,0.000000000000000000e+00,4.751088687932095156e-01,4.711400463831095786e-01,4.532474101636452257e-01,4.660885163810746246e-01,4.245523650848441188e-01,4.084493521975927077e-01,4.285207357272374784e-01,4.514877291198051146e-01,5.028144377786902819e-01,4.673999616632493193e-01,0.000000000000000000e+00,4.179061628215671176e-01,4.638026207590079109e-01,3.990734936294573765e-01,4.130905575693705756e-01,4.475949944967981819e-01,0.000000000000000000e+00,0.000000000000000000e+00,0.000000000000000000e+00,5.097335933030237021e-01,4.893514972852269218e-01,4.877637550077675854e-01,5.016184853208162098e-01,0.000000000000000000e+00,0.000000000000000000e+00,0.000000000000000000e+00,5.046054917786181315e-01,5.149667813260843108e-01,0.000000000000000000e+00,0.000000000000000000e+00,0.000000000000000000e+00,4.909497096076699263e-01,0.000000000000000000e+00,0.000000000000000000e+00,0.000000000000000000e+00,0.000000000000000000e+00,0.000000000000000000e+00,0.000000000000000000e+00,4.968356165564329907e-01,0.000000000000000000e+00,5.209302635415630212e-01,4.949768910986265258e-01,4.687918352130612254e-01,4.987606998525264124e-01,0.000000000000000000e+00,5.078758812609647233e-01,5.225030580814097325e-01,5.014240163887447865e-01,5.179341399020939152e-01,0.000000000000000000e+00,5.053053710848063318e-01,5.289205972126190813e-01,5.134096017340329388e-01,0.000000000000000000e+00,5.034366691788665360e-01,0.000000000000000000e+00,4.780472743735637020e-01
0.000000000000000000e+00,4.154866724130634736e-01,0.000000000000000000e+00,4.652090506726522245e-01,4.102175193110074725e-01,4.059922396955156776e-01,4.714842756193203810e-01,4.846258529923085923e-01,3.350109297522378959e-01,4.996466202915909038e-01,3.410026116424447196e-01,0.000000000000000000e+00,4.795984541981115901e-01,4.691846740336134136e-01,0.000000000000000000e+00,0.000000000000000000e+00,0.000000000000000000e+00,0.000000000000000000e+00,2.838613210280411248e-01,0.000000000000000000e+00,0.000000000000000000e+00,4.311704011140508053e-01,3.781968086601297796e-01,0.000000000000000000e+00,0.000000000000000000e+00,4.545223527377408868e-01,3.584922415722083255e-01,4.976726804214340882e-01,4.524222173281087778e-01,4.808437997409265030e-01,5.068964137432927508e-01,4.864664777075001223e-01,4.695167584143203898e-01,4.952352207488314173e-01,4.997213680801161906e-01,4.532916729645368736e-01,0.000000000000000000e+00,0.000000000000000000e+00,5.775369189593124730e-01,4.989162087440490723e-01,5.931750670459569053e-01,0.000000000000000000e+00,5.248435157642697968e-01,0.000000000000000000e+00,0.000000000000000000e+00,0.000000000000000000e+00,0.000000000000000000e+00,4.427773835011606929e-01,0.000000000000000000e+00,6.160641699647573244e-01,6.015477872751612276e-01,6.042983849811816022e-01,5.911012794123939873e-01,5.940151416532475359e-01,0.000000000000000000e+00,5.631409677673525627e-01,0.000000000000000000e+00,5.902245830209826849e-01,0.000000000000000000e+00,0.000000000000000000e+00,0.000000000000000000e+00,0.000000000000000000e+00,0.000000000000000000e+00,3.479740369483312890e-01,0.000000000000000000e+00,0.000000000000000000e+00,0.000000000000000000e+00,6.035063444830544022e-01,0.000000000000000000e+00,0.000000000000000000e+00,0.000000000000000000e+00,6.044712185022976803e-01,5.889113237762977349e-01,5.440229495842966445e-01,6.021327601104368155e-01,5.985948553053949128e-01
0.000000000000000000e+00,0.000000000000000000e+00,4.652090506726522245e-01,0.000000000000000000e+00,3.543157245119730181e-01,4.866195459296729919e-01,3.804788433109289048e-01,4.065652177488545127e-01,4.774058336148762072e-01,1.771615296602248868e-01,4.206316256982923774e-01,0.000000000000000000e+00,4.358104205904478889e-01,3.218573105722324912e-01,0.000000000000000000e+00,0.000000000000000000e+00,0.000000000000000000e+00,0.000000000000000000e+00,4.620116023547349848e-01,0.000000000000000000e+00,0.000000000000000000e+00,0.000000000000000000e+00,4.603739746732891103e-01,0.000000000000000000e+00,0.000000000000000000e+00,0.000000000000000000e+00,5.118639772690301015e-01,3.700083542819745941e-01,0.000000000000000000e+00,0.000000000000000000e+00,4.386313541854141018e-01,3.646194286676169849e-01,0.000000000000000000e+00,0.000000000000000000e+00,2.623372673988341730e-01,2.429309139236182080e-01,1.981516110381794094e-01,0.000000000000000000e+00,0.000000000000000000e+00,0.000000000000000000e+00,0.000000000000000000e+00,0.000000000000000000e+00,0.000000000000000000e+00,0.000000000000000000e+00,0.000000000000000000e+00,0.000000000000000000e+00,0.000000000000000000e+00,0.000000000000000000e+00,0.000000000000000000e+00,0.000000000000000000e+00,0.000000000000000000e+00,0.000000000000000000e+00,0.000000000000000000e+00,0.000000000000000000e+00,0.000000000000000000e+00,0.000000000000000000e+00,0.000000000000000000e+00,0.000000000000000000e+00,0.000000000000000000e+00,0.000000000000000000e+00,0.000000000000000000e+00,0.000000000000000000e+00,0.000000000000000000e+00,0.000000000000000000e+00,0.000000000000000000e+00,0.000000000000000000e+00,0.000000000000000000e+00,0.000000000000000000e+00,0.000000000000000000e+00,0.000000000000000000e+00,0.000000000000000000e+00,0.000000000000000000e+00,0.000000000000000000e+00,0.000000000000000000e+00,0.000000000000000000e+00,0.000000000000000000e+00
0.000000000000000000e+00,4.249904898942176157e-01,4.102175193110074725e-01,3.543157245119730181e-01,0.000000000000000000e+00,4.034643140912074766e-01,3.828808113183567730e-01,4.574352740823556807e-01,3.618116265412225085e-01,4.730507697781348164e-01,3.756284162396962834e-01,4.438290094753333803e-01,4.349320100232371145e-01,3.642164072840595179e-01,0.000000000000000000e+00,0.000000000000000000e+00,0.000000000000000000e+00,0.000000000000000000e+00,4.123664901920990888e-01,4.423751932588089186e-01,0.000000000000000000e+00,4.521256505339457110e-01,4.462194554815389069e-01,4.389608107947646221e-01,0.000000000000000000e+00,4.387364859631220915e-01,4.166522512640499221e-01,4.350138502017881215e-01,4.453142966322620744e-01,0.000000000000000000e+00,4.570676765848015188e-01,4.547682763104641257e-01,4.248828417709654137e-01,4.682970081386055861e-01,4.681102460424533818e-01,3.002629868966658067e-01,2.262979267701825115e-01,4.302713797434029042e-01,5.723960070854257065e-01,0.000000000000000000e+00,5.769069676335144559e-01,0.000000000000000000e+00,5.215429379029223877e-01,0.000000000000000000e+00,0.000000000000000000e+00,0.000000000000000000e+00,0.000000000000000000e+00,5.680446346018349635e-01,0.000000000000000000e+00,5.964621893022324928e-01,5.817221324692309903e-01,5.878466337058589897e-01,5.588179632800461816e-01,5.785231612126503498e-01,0.000000000000000000e+00,0.000000000000000000e+00,0.000000000000000000e+00,5.814636684100326081e-01,0.000000000000000000e+00,0.000000000000000000e+00,0.000000000000000000e+00,0.000000000000000000e+00,0.000000000000000000e+00,5.680741552099710656e-01,0.000000000000000000e+00,0.000000000000000000e+00,0.000000000000000000e+00,5.842374939672355660e-01,0.000000000000000000e+00,0.000000000000000000e+00,0.000000000000000000e+00,5.835542238895357059e-01,5.712205178312711462e-01,5.282020504225956037e-01,5.747393572091158420e-01,5.763093311950486797e-01
4.672711684453929037e-01,4.335586958516176037e-01,4.059922396955156776e-01,4.866195459296729919e-01,4.034643140912074766e-01,0.000000000000000000e+00,4.367242269449985725e-01,4.123361211931987902e-01,3.464471132691379074e-01,4.803721112764776091e-01,4.019670092136282125e-01,4.266543428522773795e-01,4.102565751350993883e-01,4.395008631118108022e-01,4.245438429055448104e-01,4.695672152212344019e-01,0.000000000000000000e+00,4.614106850507788127e-01,4.146478347567241207e-01,4.228701440973918202e-01,4.146783847001255241e-01,4.399649049890038133e-01,4.129395090331018925e-01,4.802136139403053172e-01,4.243684029782249789e-01,4.382379423547358988e-01,3.852956336083669941e-01,4.032184556962716826e-01,3.675855260459557905e-01,4.321765683953138759e-01,4.677089044018917230e-01,4.384488712813249811e-01,4.101425803010593230e-01,4.624721257719027756e-01,4.690173399069896831e-01,4.747178190522693964e-01,4.610358153284597749e-01,4.110161371743537018e-01,5.387977454019924339e-01,3.884738540066118850e-01,5.598835631016269021e-01,0.000000000000000000e+00,5.102872253609734843e-01,0.000000000000000000e+00,0.000000000000000000e+00,0.000000000000000000e+00,4.605460644897433897e-01,5.721771227567589158e-01,0.000000000000000000e+00,5.660466856963987103e-01,5.437681353606965695e-01,5.522979149531046517e-01,4.926932784367640816e-01,5.677617486834324323e-01,5.389471349781027598e-01,5.667903683878914300e-01,4.144481017262944267e-01,5.532836657318019880e-01,0.000000000000000000e+00,4.910068870507314220e-01,4.562185489212334799e-01,0.000000000000000000e+00,0.000000000000000000e+00,5.438147099994545819e-01,5.099570547115639396e-01,0.000000000000000000e+00,4.693280873327260183e-01,5.424977803228894224e-01,0.000000000000000000e+00,4.402387145857916129e-01,4.771988010306237871e-01,5.446154101213648291e-01,5.478345324341181710e-01,5.248546672728490181e-01,5.380321660302884723e-01,5.507617726293123628e-01
0.000000000000000000e+00,4.796699838662258908e-01,4.714842756193203810e-01,3.804788433109289048e-01,3.828808113183567730e-01,4.367242269449985725e-01,0.000000000000000000e+00,4.917893743525720840e-01,4.337275181405917945e-01,4.648069090254959845e-01,4.800197197379375003e-01,4.255495293629398268e-01,3.858274854886141747e-01,4.052479290376780896e-01,4.531582461502448034e-01,5.143710094189523074e-01,4.567155845458580887e-01,5.054095490476262498e-01,4.807735241253356939e-01,4.793737727874972099e-01,4.830399446756640791e-01,5.041633781828616101e-01,4.743478228685765186e-01,4.503858801578001225e-01,4.655026979919090202e-01,4.823335875020371977e-01,4.586579151676866140e-01,4.229092863077478781e-01,4.716809317558152137e-01,4.654005924773242930e-01,4.699472947889445917e-01,4.758488716691259834e-01,4.288955979068220792e-01,4.533516777607530801e-01,4.590082878628837793e-01,4.028950799099464963e-01,3.311767345203516233e-01,4.382705677976819203e-01,5.716428139706346556e-01,0.000000000000000000e+00,5.714433431425683940e-01,5.620075929549829263e-01,5.434970979477553588e-01,0.000000000000000000e+00,4.652667012377389999e-01,0.000000000000000000e+00,4.859231366480094017e-01,5.821451318457693258e-01,0.000000000000000000e+00,5.994384619538626335e-01,5.717147316577465554e-01,5.805737312945687956e-01,5.383056270050197156e-01,5.855687613232057886e-01,0.000000000000000000e+00,6.048916476666204023e-01,0.000000000000000000e+00,5.760735205399498682e-01,0.000000000000000000e+00,0.000000000000000000e+00,4.911140846716142150e-01,0.000000000000000000e+00,0.000000000000000000e+00,5.790628087715568029e-01,5.249293139009151288e-01,0.000000000000000000e+00,4.780610638367370213e-01,5.700204855440552665e-01,0.000000000000000000e+00,0.000000000000000000e+00,4.948514064450327821e-01,5.726624089996227296e-01,5.723917790321291221e-01,5.442952580471952517e-01,5.600741145187639880e-01,5.701368681039880038e-01
5.255463857191191579e-01,4.729463612040243903e-01,4.846258529923085923e-01,4.065652177488545127e-01,4.574352740823556807e-01,4.123361211931987902e-01,4.917893743525720840e-01,0.000000000000000000e+00,4.967384400562760982e-01,5.021077326032622468e-01,3.893624247541330186e-01,0.000000000000000000e+00,4.940866517382396239e-01,4.171550641739876220e-01,4.318943310670503855e-01,5.036908377718708474e-01,0.000000000000000000e+00,5.000422826831454337e-01,4.618941515614370941e-01,4.295521430606081825e-01,4.386334125921191873e-01,4.576487863720524740e-01,4.021784510795440859e-01,5.189114989468437411e-01,4.998877061322166138e-01,5.116853753168181251e-01,4.450602696838804051e-01,4.901869640761987723e-01,4.253730949614016876e-01,4.546439144269966981e-01,5.029068957265633300e-01,4.690974216047889001e-01,4.659896810247349253e-01,5.006553778883876538e-01,5.079500765051230271e-01,3.777417225989643246e-01,2.787586002426725162e-01,0.000000000000000000e+00,5.346755402792021661e-01,0.000000000000000000e+00,5.442332707420661775e-01,0.000000000000000000e+00,5.088585981005576686e-01,0.000000000000000000e+00,0.000000000000000000e+00,0.000000000000000000e+00,5.146271475700153752e-01,5.694195241841166766e-01,0.000000000000000000e+00,5.915992208026729093e-01,5.270712747185117841e-01,5.535020989946793923e-01,4.750794139582807940e-01,5.822509073011149505e-01,0.000000000000000000e+00,5.510468206845796635e-01,0.000000000000000000e+00,5.449813317954074199e-01,0.000000000000000000e+00,5.221932471702452894e-01,5.207961579875159952e-01,0.000000000000000000e+00,0.000000000000000000e+00,5.595485867258810364e-01,5.431078692067730085e-01,5.153006549264574909e-01,5.307478895970779709e-01,5.206589595110462376e-01,0.000000000000000000e+00,0.000000000000000000e+00,5.139418158862262276e-01,5.431698985856445727e-01,5.312800488202827909e-01,5.150907281942193050e-01,5.100735425340767737e-01,5.399578730685636874e-01
0.000000000000000000e+00,4.182387358659970800e-01,3.350109297522378959e-01,4.774058336148762072e-01,3.618116265412225085e-01,3.464471132691379074e-01,4.337275181405917945e-01,4.967384400562760982e-01,0.000000000000000000e+00,5.011430437940815885e-01,3.192067471156090908e-01,4.747656542258427148e-01,4.322453336970797921e-01,4.695794553612903099e-01,4.257841107184893725e-01,4.498686567701303818e-01,0.000000000000000000e+00,4.747439170989232182e-01,2.937896076728572226e-01,4.161202173937814108e-01,4.059168956655873073e-01,4.237479235239181019e-01,4.248755910494296795e-01,4.820884146492989131e-01,4.105259882577144137e-01,4.260163459283777265e-01,3.663177482513542138e-01,4.920545147017632015e-01,4.174746339505113202e-01,4.635623530389659241e-01,5.074877058823208387e-01,4.869171381774408114e-01,4.413274534340060895e-01,4.951198206807175817e-01,4.992777278423843890e-01,4.755639042575596220e-01,4.697360637318402921e-01,4.610147804220349199e-01,5.613866766823102372e-01,0.000000000000000000e+00,5.907616716807621016e-01,0.000000000000000000e+00,5.416671267786672406e-01,0.000000000000000000e+00,0.000000000000000000e+00,0.000000000000000000e+00,4.420680465863467967e-01,5.480506881661377783e-01,0.000000000000000000e+00,6.117857533036831219e-01,5.931551565716564056e-01,5.941339731903131360e-01,5.722935402678555050e-01,5.865925928527285782e-01,0.000000000000000000e+00,5.817121235548919911e-01,0.000000000000000000e+00,5.871425552545788129e-01,5.116348214311475795e-01,0.000000000000000000e+00,0.000000000000000000e+00,0.000000000000000000e+00,0.000000000000000000e+00,5.586983333389206052e-01,0.000000000000000000e+00,0.000000000000000000e+00,4.426088583452548741e-01,5.912448859753468566e-01,0.000000000000000000e+00,0.000000000000000000e+00,4.680763078356137141e-01,5.954383130825954273e-01,5.855805100805354657e-01,0.000000000000000000e+00,5.747274225532750247e-01,5.854575878714421977e-01
4.186991943312262099e-01,4.165306110142681928e-01,4.996466202915909038e-01,1.771615296602248868e-01,4.730507697781348164e-01,4.803721112764776091e-01,4.648069090254959845e-01,5.021077326032622468e-01,5.011430437940815885e-01,0.000000000000000000e+00,4.877735124265458744e-01,3.149360253698906820e-01,4.609790643006346222e-01,2.717322475793407244e-01,0.000000000000000000e+00,4.240393215431947915e-01,3.712470849286313990e-01,4.118032724247083221e-01,4.966201329441173873e-01,4.309403083043326088e-01,0.000000000000000000e+00,4.349218753095107082e-01,4.893033331784503170e-01,3.515764161544854827e-01,3.361253975925891924e-01,3.719024345724292191e-01,4.857657326595926084e-01,4.240806808467896816e-01,4.813968755943783817e-01,0.000000000000000000e+00,3.803871294297995198e-01,3.566069172898346240e-01,3.282877725158339088e-01,3.423483493901727237e-01,3.558428352408857798e-01,3.648202489364402723e-01,3.413432367576574866e-01,3.036888336304252034e-01,3.066007797806563073e-01,4.898972727561085039e-01,3.157918482474850186e-01,3.088906935925143094e-01,0.000000000000000000e+00,0.000000000000000000e+00,3.262870448117333178e-01,4.438782062301127040e-01,4.686484578236685961e-01,0.000000000000000000e+00,0.000000000000000000e+00,0.000000000000000000e+00,5.574215131678912361e-01,0.000000000000000000e+00,0.000000000000000000e+00,0.000000000000000000e+00,5.056998881159076031e-01,0.000000000000000000e+00,5.099405238286554010e-01,0.000000000000000000e+00,0.000000000000000000e+00,0.000000000000000000e+00,4.732316773348846928e-01,5.054955424873375236e-01,4.867965790012867000e-01,0.000000000000000000e+00,0.000000000000000000e+00,0.000000000000000000e+00,0.000000000000000000e+00,5.610884598768720588e-01,4.504980724796048830e-01,4.840951894416909984e-01,5.047781657330250304e-01,4.992649079666410250e-01,0.000000000000000000e+00,3.729397058486937921e-01,0.000000000000000000e+00,0.000000000000000000e+00
0.000000000000000000e+00,0.000000000000000000e+00,3.410026116424447196e-01,4.206316256982923774e-01,3.756284162396962834e-01,4.019670092136282125e-01,4.800197197379375003e-01,3.893624247541330186e-01,3.192067471156090908e-01,4.877735124265458744e-01,0.000000000000000000e+00,4.536677804466803798e-01,5.066268597209651059e-01,3.761152442507781912e-01,0.000000000000000000e+00,0.000000000000000000e+00,4.884100595586364779e-01,0.000000000000000000e+00,2.825659545065973832e-01,0.000000000000000000e+00,0.000000000000000000e+00,0.000000000000000000e+00,3.662373043361512037e-01,4.923371513004908828e-01,0.000000000000000000e+00,4.800250369864811906e-01,3.926556658962208068e-01,5.060206449943300822e-01,0.000000000000000000e+00,0.000000000000000000e+00,5.156017844549105611e-01,4.651445315496369748e-01,4.714455581266295270e-01,4.955991339141486152e-01,4.896177747657043944e-01,3.616197069060949065e-01,3.408780160440754159e-01,4.658603379715848258e-01,5.737807459124102394e-01,0.000000000000000000e+00,5.534936974122196540e-01,0.000000000000000000e+00,4.360745653104908803e-01,0.000000000000000000e+00,0.000000000000000000e+00,0.000000000000000000e+00,0.000000000000000000e+00,5.121681041325267802e-01,0.000000000000000000e+00,5.096541971782053704e-01,5.657429746788504854e-01,5.416598830224216288e-01,5.247826722901665075e-01,5.493742556097088725e-01,0.000000000000000000e+00,2.429566135038795927e-01,0.000000000000000000e+00,5.594811119066820382e-01,0.000000000000000000e+00,0.000000000000000000e+00,0.000000000000000000e+00,0.000000000000000000e+00,0.000000000000000000e+00,2.921721180411808172e-01,0.000000000000000000e+00,0.000000000000000000e+00,0.000000000000000000e+00,5.652673579569083007e-01,0.000000000000000000e+00,0.000000000000000000e+00,0.000000000000000000e+00,5.662304624152172394e-01,5.527909213563587665e-01,4.524951583518386777e-01,0.000000000000000000e+00,5.523750656051881203e-01
4.119081150244586764e-01,0.000000000000000000e+00,0.000000000000000000e+00,0.000000000000000000e+00,4.438290094753333803e-01,4.266543428522773795e-01,4.255495293629398268e-01,0.000000000000000000e+00,4.747656542258427148e-01,3.149360253698906820e-01,4.536677804466803798e-01,0.000000000000000000e+00,4.337714924584430976e-01,0.000000000000000000e+00,0.000000000000000000e+00,3.995425369583334163e-01,3.819203554610927087e-01,3.926153766764158837e-01,4.999771554480760272e-01,0.000000000000000000e+00,0.000000000000000000e+00,4.387153162342460888e-01,4.455535729525971211e-01,3.176251269775552943e-01,3.439684093383523766e-01,3.316527795428650949e-01,4.215060075486374846e-01,4.067864933160663110e-01,0.000000000000000000e+00,0.000000000000000000e+00,3.880243759309375817e-01,3.008823719415706921e-01,3.378700477071516772e-01,2.954593599420777261e-01,3.049097634903282228e-01,3.387769061559389172e-01,2.873068421036121256e-01,2.758443235918263126e-01,2.883078677928084255e-01,5.179757643845821491e-01,3.084498548875522772e-01,3.080666252138327121e-01,3.467328816013995896e-01,0.000000000000000000e+00,3.501431237390670859e-01,3.801930844783782959e-01,0.000000000000000000e+00,0.000000000000000000e+00,0.000000000000000000e+00,0.000000000000000000e+00,4.190033006277976146e-01,0.000000000000000000e+00,0.000000000000000000e+00,0.000000000000000000e+00,5.168678185854646001e-01,0.000000000000000000e+00,5.241258418106484740e-01,0.000000000000000000e+00,0.000000000000000000e+00,0.000000000000000000e+00,0.000000000000000000e+00,5.095246349028893507e-01,4.957882848048503766e-01,0.000000000000000000e+00,0.000000000000000000e+00,0.000000000000000000e+00,0.000000000000000000e+00,0.000000000000000000e+00,4.684339688290564130e-01,4.995258806533715012e-01,5.147634275143363469e-01,4.447658700459202197e-01,3.669555559122004151e-01,0.000000000000000000e+00,0.000000000000000000e+00,5.255476263262848224e-01
5.061312919474709737e-01,4.822872711084820185e-01,4.795984541981115901e-01,4.358104205904478889e-01,4.349320100232371145e-01,4.102565751350993883e-01,3.858274854886141747e-01,4.940866517382396239e-01,4.322453336970797921e-01,4.609790643006346222e-01,5.066268597209651059e-01,4.337714924584430976e-01,0.000000000000000000e+00,4.356575954828553199e-01,4.631985267803360173e-01,5.212473610954995173e-01,4.625390345924416113e-01,5.129074571516746284e-01,5.005383359968309520e-01,4.779393382366685095e-01,4.830892741975842952e-01,5.064495829956978667e-01,4.747853645799641753e-01,4.436202803878921963e-01,4.761304556063228888e-01,4.728539286234405004e-01,4.469407356580152868e-01,4.074515587563243835e-01,4.476384199633554051e-01,4.548662802375724179e-01,4.663639932989062098e-01,4.810372201163362060e-01,4.308659564055489222e-01,4.582665060553288150e-01,4.644623237233466151e-01,4.468750861743986946e-01,4.307670750264028237e-01,4.277241629724211069e-01,5.589293901644898366e-01,3.959892138186055233e-01,5.626785723948540818e-01,5.657416056811146454e-01,5.398254852366770606e-01,0.000000000000000000e+00,3.902428239171157887e-01,0.000000000000000000e+00,4.798396246543493726e-01,5.841705941112624867e-01,0.000000000000000000e+00,5.808773239887380369e-01,5.647824786892139404e-01,5.737377066405709991e-01,5.303475017628790367e-01,5.831008211703887500e-01,0.000000000000000000e+00,5.528299734185813108e-01,0.000000000000000000e+00,5.689259015215363258e-01,0.000000000000000000e+00,5.292039045464570490e-01,4.896540274309864049e-01,0.000000000000000000e+00,0.000000000000000000e+00,5.658497061195449929e-01,5.303933985870764589e-01,0.000000000000000000e+00,4.940703701658762936e-01,5.633263299913804367e-01,4.013392228362797076e-01,4.992606649114398887e-01,5.013333406940960746e-01,5.633286478427690369e-01,5.646949440381135998e-01,5.452835988433624159e-01,5.594065146662677845e-01,5.654830994363412300e-01
5.103042042542401679e-01,0.000000000000000000e+00,4.691846740336134136e-01,3.218573105722324912e-01,3.642164072840595179e-01,4.395008631118108022e-01,4.052479290376780896e-01,4.171550641739876220e-01,4.695794553612903099e-01,2.717322475793407244e-01,3.761152442507781912e-01,0.000000000000000000e+00,4.356575954828553199e-01,0.000000000000000000e+00,0.000000000000000000e+00,0.000000000000000000e+00,0.000000000000000000e+00,0.000000000000000000e+00,4.365687680746179744e-01,0.000000000000000000e+00,5.184792876243591309e-01,0.000000000000000000e+00,4.459939308454328177e-01,0.000000000000000000e+00,0.000000000000000000e+00,5.036000086928386077e-01,4.788056579073549091e-01,4.116126643582251887e-01,0.000000000000000000e+00,0.000000000000000000e+00,4.721378453457458213e-01,3.202842781384668824e-01,0.000000000000000000e+00,4.496690874614949762e-01,3.844090423528515044e-01,2.967644393690084814e-01,2.202177208585535118e-01,0.000000000000000000e+00,0.000000000000000000e+00,0.000000000000000000e+00,0.000000000000000000e+00,0.000000000000000000e+00,0.000000000000000000e+00,0.000000000000000000e+00,0.000000000000000000e+00,0.000000000000000000e+00,0.000000000000000000e+00,0.000000000000000000e+00,0.000000000000000000e+00,0.000000000000000000e+00,0.000000000000000000e+00,0.000000000000000000e+00,4.259031414985656738e-01,0.000000000000000000e+00,0.000000000000000000e+00,0.000000000000000000e+00,0.000000000000000000e+00,0.000000000000000000e+00,0.000000000000000000e+00,0.000000000000000000e+00,0.000000000000000000e+00,0.000000000000000000e+00,0.000000000000000000e+00,0.000000000000000000e+00,0.000000000000000000e+00,0.000000000000000000e+00,0.000000000000000000e+00,0.000000000000000000e+00,0.000000000000000000e+00,0.000000000000000000e+00,0.000000000000000000e+00,0.000000000000000000e+00,0.000000000000000000e+00,0.000000000000000000e+00,0.000000000000000000e+00,0.000000000000000000e+00
4.396101026007357970e-01,4.708448789293657732e-01,0.000000000000000000e+00,0.000000000000000000e+00,0.000000000000000000e+00,4.245438429055448104e-01,4.531582461502448034e-01,4.318943310670503855e-01,4.257841107184893725e-01,0.000000000000000000e+00,0.000000000000000000e+00,0.000000000000000000e+00,4.631985267803360173e-01,0.000000000000000000e+00,0.000000000000000000e+00,4.849299730423112242e-01,0.000000000000000000e+00,4.701310519041788094e-01,0.000000000000000000e+00,3.684554594635445213e-01,4.239942313226011117e-01,3.706059557278715832e-01,3.760973251066179746e-01,4.708369113473179213e-01,4.620732174415064786e-01,4.247593165547237093e-01,4.203183028532930243e-01,4.473489166688133789e-01,4.284610880703242919e-01,4.325179046632557922e-01,4.636074486937856731e-01,4.702489286964051107e-01,4.300602444782201106e-01,4.752877623270497232e-01,5.074301974549041416e-01,0.000000000000000000e+00,0.000000000000000000e+00,0.000000000000000000e+00,5.380114553121757570e-01,5.294963916931286763e-01,5.256106145091693493e-01,5.456002341422364621e-01,0.000000000000000000e+00,0.000000000000000000e+00,0.000000000000000000e+00,0.000000000000000000e+00,5.322714904059512309e-01,0.000000000000000000e+00,0.000000000000000000e+00,0.000000000000000000e+00,5.090648067625829221e-01,5.216651004840311412e-01,5.089898618843256006e-01,0.000000000000000000e+00,0.000000000000000000e+00,0.000000000000000000e+00,0.000000000000000000e+00,5.237324918902437343e-01,0.000000000000000000e+00,5.495775452928572946e-01,5.213995050787084695e-01,0.000000000000000000e+00,5.018855250607149321e-01,0.000000000000000000e+00,5.384616370374933902e-01,5.154609349812467878e-01,5.519399037311363276e-01,5.344481947968718893e-01,0.000000000000000000e+00,4.969052685223527277e-01,5.635371318904915938e-01,5.439502088651965162e-01,5.230431132387868276e-01,5.315477354921390729e-01,5.408195284775857425e-01,5.229464134683066145e-01
4.534286159620570800e-01,4.496742646557799206e-01,0.000000000000000000e+00,0.000000000000000000e+00,0.000000000000000000e+00,4.695672152212344019e-01,5.143710094189523074e-01,5.036908377718708474e-01,4.498686567701303818e-01,4.240393215431947915e-01,0.000000000000000000e+00,3.995425369583334163e-01,5.212473610954995173e-01,0.000000000000000000e+00,4.849299730423112242e-01,0.000000000000000000e+00,4.266879084958198898e-01,4.135990350088469270e-01,0.000000000000000000e+00,4.684135225755953758e-01,4.807887208453752725e-01,4.442540807386382018e-01,4.900324183880346851e-01,4.239733985900616120e-01,3.966528725548861822e-01,4.717334372464874748e-01,4.729773903001214252e-01,5.154149403049794742e-01,4.948178915862473937e-01,4.959343623049741190e-01,4.129079486230974871e-01,4.832187746221506264e-01,4.165822092812662136e-01,4.165516169374750000e-01,4.395788583445939812e-01,0.000000000000000000e+00,0.000000000000000000e+00,0.000000000000000000e+00,5.120916724262025710e-01,4.990835176358119907e-01,4.927746733849704963e-01,4.958791282667787126e-01,0.000000000000000000e+00,0.000000000000000000e+00,0.000000000000000000e+00,5.072538137804305514e-01,5.236972014661649411e-01,0.000000000000000000e+00,0.000000000000000000e+00,0.000000000000000000e+00,4.851475252369960023e-01,0.000000000000000000e+00,0.000000000000000000e+00,0.000000000000000000e+00,0.000000000000000000e+00,0.000000000000000000e+00,0.000000000000000000e+00,4.748555708416241083e-01,0.000000000000000000e+00,5.280806635397773396e-01,5.046675461047915867e-01,4.839562900453731054e-01,5.005766337686308187e-01,0.000000000000000000e+00,5.112118281496732530e-01,5.210480435386268816e-01,5.132556125340151931e-01,5.348997576613222504e-01,5.062184377039548044e-01,5.080986824791551282e-01,5.265495792379296658e-01,5.281268148877653612e-01,0.000000000000000000e+00,5.148631636495697439e-01,0.000000000000000000e+00,4.794717800957132847e-01
4.175665611854167958e-01,4.565880490957581750e-01,0.000000000000000000e+00,0.000000000000000000e+00,0.000000000000000000e+00,0.000000000000000000e+00,4.567155845458580887e-01,0.000000000000000000e+00,0.000000000000000000e+00,3.712470849286313990e-01,4.884100595586364779e-01,3.819203554610927087e-01,4.625390345924416113e-01,0.000000000000000000e+00,0.000000000000000000e+00,4.266879084958198898e-01,0.000000000000000000e+00,3.640864029840801264e-01,0.000000000000000000e+00,4.492183025665908991e-01,4.777444933462771104e-01,4.366192598440352124e-01,0.000000000000000000e+00,3.919831843490387269e-01,3.525962959434512101e-01,3.866950946296345837e-01,0.000000000000000000e+00,4.433907430910629111e-01,0.000000000000000000e+00,0.000000000000000000e+00,3.934865414375294246e-01,4.604670403437565174e-01,3.601242778309923231e-01,3.850248525329911242e-01,4.032071761838174062e-01,0.000000000000000000e+00,0.000000000000000000e+00,3.561844556067572110e-01,0.000000000000000000e+00,5.203863054912903907e-01,4.777887258657426139e-01,0.000000000000000000e+00,0.000000000000000000e+00,0.000000000000000000e+00,0.000000000000000000e+00,4.352377176551894822e-01,0.000000000000000000e+00,0.000000000000000000e+00,0.000000000000000000e+00,0.000000000000000000e+00,0.000000000000000000e+00,0.000000000000000000e+00,0.000000000000000000e+00,0.000000000000000000e+00,5.219604645210940141e-01,0.000000000000000000e+00,5.267590052388680943e-01,0.000000000000000000e+00,0.000000000000000000e+00,0.000000000000000000e+00,4.755313086989753080e-01,5.074141679130959037e-01,4.974657132621134736e-01,0.000000000000000000e+00,0.000000000000000000e+00,0.000000000000000000e+00,0.000000000000000000e+00,0.000000000000000000e+00,4.522593855961435927e-01,4.918643970342713168e-01,5.084380603912815877e-01,0.000000000000000000e+00,0.000000000000000000e+00,0.000000000000000000e+00,0.000000000000000000e+00,4.646728396090892277e-01
4.224221519945203784e-01,4.386196934591151120e-01,0.000000000000000000e+00,0.000000000000000000e+00,0.000000000000000000e+00,4.614106850507788127e-01,5.054095490476262498e-01,5.000422826831454337e-01,4.747439170989232182e-01,4.118032724247083221e-01,0.000000000000000000e+00,3.926153766764158837e-01,5.129074571516746284e-01,0.000000000000000000e+00,4.701310519041788094e-01,4.135990350088469270e-01,3.640864029840801264e-01,0.000000000000000000e+00,0.000000000000000000e+00,4.730343385507119192e-01,4.712420633127141767e-01,4.603894281230613839e-01,4.776031840572971254e-01,3.787803987995870814e-01,3.728200258372827980e-01,4.063347538760807010e-01,4.688325084147499933e-01,4.914232120515634739e-01,4.998437367983218915e-01,5.134555085456413703e-01,4.092549226999759870e-01,4.670991582431726075e-01,3.753561110734759954e-01,4.034480073714368786e-01,4.307940026000601774e-01,0.000000000000000000e+00,0.000000000000000000e+00,3.471377203688438828e-01,5.013233630883414671e-01,4.966503668349159240e-01,4.808259602042728731e-01,4.866190569958108725e-01,0.000000000000000000e+00,0.000000000000000000e+00,0.000000000000000000e+00,4.816455603361868842e-01,5.055007558337152318e-01,0.000000000000000000e+00,0.000000000000000000e+00,0.000000000000000000e+00,4.882014011448441160e-01,0.000000000000000000e+00,0.000000000000000000e+00,0.000000000000000000e+00,5.098861903959136521e-01,0.000000000000000000e+00,5.153373136874256355e-01,0.000000000000000000e+00,0.000000000000000000e+00,5.288027216546876685e-01,4.970837477289389850e-01,5.025258701239635473e-01,4.942252296037539239e-01,0.000000000000000000e+00,4.811378459393252927e-01,0.000000000000000000e+00,4.862337980745787269e-01,5.116954776279374340e-01,4.613841755496979058e-01,4.891649826978343163e-01,5.077480551957357369e-01,5.230764398073612931e-01,4.913574579568449896e-01,4.843857642476374070e-01,0.000000000000000000e+00,4.829925817520580034e-01
0.000000000000000000e+00,0.000000000000000000e+00,2.838613210280411248e-01,4.620116023547349848e-01,4.123664901920990888e-01,4.146478347567241207e-01,4.807735241253356939e-01,4.618941515614370941e-01,2.937896076728572226e-01,4.966201329441173873e-01,2.825659545065973832e-01,4.999771554480760272e-01,5.005383359968309520e-01,4.365687680746179744e-01,0.000000000000000000e+00,0.000000000000000000e+00,0.000000000000000000e+00,0.000000000000000000e+00,0.000000000000000000e+00,0.000000000000000000e+00,0.000000000000000000e+00,0.000000000000000000e+00,3.589115276860965764e-01,0.000000000000000000e+00,0.000000000000000000e+00,4.965153339756465112e-01,3.788227537610824869e-01,5.061933819412698377e-01,5.002618101019463692e-01,0.000000000000000000e+00,5.143472099357416782e-01,4.891012719212929905e-01,4.643221601862130843e-01,4.966908034284294171e-01,4.987437695419059125e-01,4.265131391621840851e-01,4.428036833620022095e-01,4.913753608093505143e-01,5.855375742551333085e-01,0.000000000000000000e+00,5.851971877732030647e-01,0.000000000000000000e+00,5.081265186011932888e-01,0.000000000000000000e+00,0.000000000000000000e+00,0.000000000000000000e+00,0.000000000000000000e+00,4.133806366072462768e-01,0.000000000000000000e+00,5.968101748218859193e-01,5.919866485128697509e-01,6.026938834170624260e-01,5.606028475877316009e-01,5.822607874010082840e-01,0.000000000000000000e+00,5.714438562589165826e-01,0.000000000000000000e+00,5.930164042971738381e-01,0.000000000000000000e+00,0.000000000000000000e+00,0.000000000000000000e+00,0.000000000000000000e+00,0.000000000000000000e+00,5.744388133600960566e-01,0.000000000000000000e+00,0.000000000000000000e+00,0.000000000000000000e+00,5.997381315448048200e-01,0.000000000000000000e+00,0.000000000000000000e+00,0.000000000000000000e+00,5.948740376510828209e-01,5.671103498747729343e-01,5.404743313018223194e-01,0.000000000000000000e+00,5.886966234894457362e-01
4.915250754305227066e-01,4.751088687932095156e-01,0.000000000000000000e+00,0.000000000000000000e+00,4.423751932588089186e-01,4.228701440973918202e-01,4.793737727874972099e-01,4.295521430606081825e-01,4.161202173937814108e-01,4.309403083043326088e-01,0.000000000000000000e+00,0.000000000000000000e+00,4.779393382366685095e-01,0.000000000000000000e+00,3.684554594635445213e-01,4.684135225755953758e-01,4.492183025665908991e-01,4.730343385507119192e-01,0.000000000000000000e+00,0.000000000000000000e+00,4.617687928627686178e-01,4.275453055058415774e-01,3.888333443443435788e-01,5.013893363552411886e-01,4.524694334626049863e-01,4.762421499896091759e-01,4.042455745226455899e-01,4.529942627717670200e-01,4.024224324149062726e-01,4.293242152242323084e-01,4.480537990510314872e-01,4.808153596375365213e-01,4.081849771438533225e-01,4.746036744822668130e-01,5.150184864312994382e-01,5.600804795656836310e-01,0.000000000000000000e+00,4.131175508915683192e-01,5.345692453014420087e-01,5.176293651326147049e-01,5.203998868484397411e-01,5.329102094762420139e-01,4.125829987210010152e-01,0.000000000000000000e+00,0.000000000000000000e+00,5.170971751213073730e-01,5.002986988277318137e-01,0.000000000000000000e+00,0.000000000000000000e+00,0.000000000000000000e+00,5.080678717717035386e-01,5.153871526870610342e-01,5.152550875798078689e-01,0.000000000000000000e+00,0.000000000000000000e+00,0.000000000000000000e+00,0.000000000000000000e+00,5.358141940514693502e-01,0.000000000000000000e+00,5.327953189801846179e-01,5.025191392962640169e-01,0.000000000000000000e+00,5.020482636743492932e-01,0.000000000000000000e+00,5.339831600181668136e-01,5.200767434018557234e-01,5.277081456711700813e-01,5.423252687814552608e-01,0.000000000000000000e+00,4.882133412013803797e-01,5.323971157206048854e-01,5.475207495267204738e-01,5.319551304940544068e-01,5.307963084299912593e-01,5.415409915346487413e-01,5.226961147003099661e-01
4.551419703662009097e-01,4.711400463831095786e-01,0.000000000000000000e+00,0.000000000000000000e+00,0.000000000000000000e+00,4.146783847001255241e-01,4.830399446756640791e-01,4.386334125921191873e-01,4.059168956655873073e-01,0.000000000000000000e+00,0.000000000000000000e+00,0.000000000000000000e+00,4.830892741975842952e-01,5.184792876243591309e-01,4.239942313226011117e-01,4.807887208453752725e-01,4.777444933462771104e-01,4.712420633127141767e-01,0.000000000000000000e+00,4.617687928627686178e-01,0.000000000000000000e+00,4.845338714614496056e-01,4.209507456392336811e-01,4.953626017333482845e-01,4.612925851856233828e-01,4.376131925073710738e-01,4.330021330723338724e-01,4.766738805652349087e-01,4.597784102338524082e-01,4.679187211524739043e-01,4.673344504915982189e-01,4.698076243409874952e-01,4.027437860580639906e-01,4.688853222888516026e-01,5.022173768150393069e-01,4.509639654771144812e-01,0.000000000000000000e+00,0.000000000000000000e+00,4.999518129858120941e-01,4.734247539507301927e-01,5.005576065692939336e-01,5.042326129859993067e-01,0.000000000000000000e+00,0.000000000000000000e+00,0.000000000000000000e+00,3.971141600966366925e-01,5.169992746516345328e-01,0.000000000000000000e+00,0.000000000000000000e+00,0.000000000000000000e+00,4.816024393390131997e-01,0.000000000000000000e+00,4.312755391899195101e-01,0.000000000000000000e+00,0.000000000000000000e+00,0.000000000000000000e+00,0.000000000000000000e+00,5.047600350393274260e-01,0.000000000000000000e+00,5.180976415157628745e-01,4.994608575207650780e-01,0.000000000000000000e+00,5.202177835236660997e-01,0.000000000000000000e+00,5.426135666158948823e-01,4.544347946755261103e-01,5.290565559790519901e-01,5.003582754667802446e-01,0.000000000000000000e+00,4.837705184114586832e-01,5.368284957576180405e-01,5.390504445257221500e-01,5.047139170576042666e-01,5.111106648649496043e-01,0.000000000000000000e+00,4.661188682360128954e-01
