0.000000000000000000e+00,3.894923232258513113e-01,4.774027930321296798e-01,0.000000000000000000e+00,0.000000000000000000e+00,4.386924031984313910e-01,4.177504858783187003e-01,5.019007108403815698e-01,0.000000000000000000e+00,3.655843248187731209e-01,0.000000000000000000e+00,3.561503349095181958e-01,4.403980394436247114e-01,0.000000000000000000e+00,3.563810923976545864e-01,4.022129888681557075e-01,3.920661096810210133e-01,3.936825014398108169e-01,0.000000000000000000e+00,4.149485634356543939e-01,4.041179127968891893e-01,4.076017863325637758e-01,4.592964961189687778e-01,3.204953746569800810e-01,3.487795348434957199e-01,3.606347707712344031e-01,4.360362288956498023e-01,4.176303259836541826e-01,4.208851171832537208e-01,0.000000000000000000e+00,3.600970806619921971e-01,4.409224299359715271e-01,3.724689855705872188e-01,3.718079369248599164e-01,4.028693293025316091e-01,0.000000000000000000e+00,0.000000000000000000e+00,4.039862655738281072e-01,4.546691350745302174e-01,4.388794269145174232e-01,4.180101560333345234e-01,0.000000000000000000e+00,0.000000000000000000e+00,0.000000000000000000e+00,0.000000000000000000e+00,3.371190324294667251e-01,4.540045379329666897e-01,0.000000000000000000e+00,0.000000000000000000e+00,0.000000000000000000e+00,0.000000000000000000e+00,0.000000000000000000e+00,0.000000000000000000e+00,0.000000000000000000e+00,4.123441992794711908e-01,0.000000000000000000e+00,0.000000000000000000e+00,0.000000000000000000e+00,0.000000000000000000e+00,4.821770563149557765e-01,4.483392441241981219e-01,3.407857716083527166e-01,4.469397371389656204e-01,0.000000000000000000e+00,0.000000000000000000e+00,4.195610257923321762e-01,4.668064787572189234e-01,4.487162841529235835e-01,2.248986376614257876e-01,4.443689936117737882e-01,4.456429440951978904e-01,0.000000000000000000e+00,0.000000000000000000e+00,4.276601057610721068e-01,0.000000000000000000e+00,4.067995250226574266e-01
3.894923232258513113e-01,0.000000000000000000e+00,4.515013745201297835e-01,0.000000000000000000e+00,4.234657888468060238e-01,4.236841170343015883e-01,4.445001404410627854e-01,4.804971099499648068e-01,4.265674948191913174e-01,3.206589277028327745e-01,0.000000000000000000e+00,3.504598503191875825e-01,4.506029642337892049e-01,0.000000000000000000e+00,4.183787792013685114e-01,4.098375268553298145e-01,3.722819863496099058e-01,3.876297811980535246e-01,0.000000000000000000e+00,4.440008183214393944e-01,4.197591392068111271e-01,4.168165672899791230e-01,4.416839902050584965e-01,3.502384882386195830e-01,3.543511582835147111e-01,3.797070946900684141e-01,4.446569764387592882e-01,4.591357438761373144e-01,4.379968058214300242e-01,0.000000000000000000e+00,3.821493180639369269e-01,4.409586026650421098e-01,3.734025385012665899e-01,3.916584723838543725e-01,4.387000573607097165e-01,0.000000000000000000e+00,0.000000000000000000e+00,0.000000000000000000e+00,4.772361295119518232e-01,4.698420559158681953e-01,4.420240586955920259e-01,4.672265715734014169e-01,4.408635109386003781e-01,0.000000000000000000e+00,0.000000000000000000e+00,4.609843198055467162e-01,4.794892370213446053e-01,0.000000000000000000e+00,0.000000000000000000e+00,0.000000000000000000e+00,4.584196182608762937e-01,4.513414964954157171e-01,4.922430158949623880e-01,0.000000000000000000e+00,4.186173783420996108e-01,0.000000000000000000e+00,4.426133798131909880e-01,4.525594393914426083e-01,0.000000000000000000e+00,5.059892527920581973e-01,4.639336044699819972e-01,4.365521458500696839e-01,4.554873089229615757e-01,0.000000000000000000e+00,4.784736828051932012e-01,4.769156450563579175e-01,4.858838442689580872e-01,4.854519170017060903e-01,4.668611384652682772e-01,4.684257693721872728e-01,4.857389588570710237e-01,4.870380146847265723e-01,4.502137217695245108e-01,4.632244186337781122e-01,0.000000000000000000e+00,4.362894335056075046e-01
4.774027930321296798e-01,4.515013745201297835e-01,0.000000000000000000e+00,4.388976998451016853e-01,3.923271695555456962e-01,3.790524867678741749e-01,4.525004889824105203e-01,4.605607836516141806e-01,3.448464540518688115e-01,4.829238992799961827e-01,3.235753223814779034e-01,4.505098895580046947e-01,4.767759438537437777e-01,4.183145516486899140e-01,0.000000000000000000e+00,0.000000000000000000e+00,4.941871049418414263e-01,0.000000000000000000e+00,2.780696632343644947e-01,0.000000000000000000e+00,4.003420504471429942e-01,0.000000000000000000e+00,3.465264733084815751e-01,4.840003111133918123e-01,4.652709433757212243e-01,4.560606781677707944e-01,3.433792024926556885e-01,4.884102054646821123e-01,3.872328830978000180e-01,4.948909808051468184e-01,4.961304266340452740e-01,4.748249395628676983e-01,4.311655437575516170e-01,5.008311301459763554e-01,4.978818529991256847e-01,4.368843770858060194e-01,4.546913100058584956e-01,4.658597950393902898e-01,5.384802139171970259e-01,0.000000000000000000e+00,5.663060628490872439e-01,0.000000000000000000e+00,5.490854159500618836e-01,0.000000000000000000e+00,4.665345251560211182e-01,0.000000000000000000e+00,0.000000000000000000e+00,5.892706271202619028e-01,0.000000000000000000e+00,5.584033703319594144e-01,5.933453582892465050e-01,5.854337095525432577e-01,5.515386040112177923e-01,5.851634200100024330e-01,0.000000000000000000e+00,5.537919688589060252e-01,0.000000000000000000e+00,5.715073892095857699e-01,5.608566863329539354e-01,0.000000000000000000e+00,0.000000000000000000e+00,0.000000000000000000e+00,0.000000000000000000e+00,5.938550957049252288e-01,5.028024799117952748e-01,0.000000000000000000e+00,4.552881100822422922e-01,5.773627420742780680e-01,0.000000000000000000e+00,0.000000000000000000e+00,4.822345657794739893e-01,5.794601263690088988e-01,5.657674357565151135e-01,5.330154392570773947e-01,5.816225325985231454e-01,5.662160640890179231e-01
0.000000000000000000e+00,0.000000000000000000e+00,4.388976998451016853e-01,0.000000000000000000e+00,3.010094817842519088e-01,4.632242198005326883e-01,2.729357288783830215e-01,4.402233393187949817e-01,4.333115496957967161e-01,2.529452067648927938e-01,4.111667038658030071e-01,2.252201325731482129e-01,3.504257308203720944e-01,3.653252102761461173e-01,0.000000000000000000e+00,0.000000000000000000e+00,0.000000000000000000e+00,0.000000000000000000e+00,4.373067562532690911e-01,0.000000000000000000e+00,0.000000000000000000e+00,0.000000000000000000e+00,4.224995558158047837e-01,2.294505645079782941e-01,0.000000000000000000e+00,0.000000000000000000e+00,5.122268616492688942e-01,2.812566857918087915e-01,0.000000000000000000e+00,0.000000000000000000e+00,3.058294758246424827e-01,3.515065300781675117e-01,2.240638912338316080e-01,3.335974365630985927e-01,3.904853441293615890e-01,2.900193898558223737e-01,2.143695100026903055e-01,2.166494366506749036e-01,0.000000000000000000e+00,0.000000000000000000e+00,0.000000000000000000e+00,0.000000000000000000e+00,0.000000000000000000e+00,0.000000000000000000e+00,0.000000000000000000e+00,0.000000000000000000e+00,0.000000000000000000e+00,0.000000000000000000e+00,0.000000000000000000e+00,0.000000000000000000e+00,0.000000000000000000e+00,0.000000000000000000e+00,0.000000000000000000e+00,0.000000000000000000e+00,0.000000000000000000e+00,0.000000000000000000e+00,0.000000000000000000e+00,0.000000000000000000e+00,0.000000000000000000e+00,0.000000000000000000e+00,0.000000000000000000e+00,0.000000000000000000e+00,0.000000000000000000e+00,0.000000000000000000e+00,0.000000000000000000e+00,0.000000000000000000e+00,0.000000000000000000e+00,0.000000000000000000e+00,0.000000000000000000e+00,0.000000000000000000e+00,0.000000000000000000e+00,0.000000000000000000e+00,0.000000000000000000e+00,0.000000000000000000e+00,0.000000000000000000e+00,0.000000000000000000e+00
0.000000000000000000e+00,4.234657888468060238e-01,3.923271695555456962e-01,3.010094817842519088e-01,0.000000000000000000e+00,4.044463803438944072e-01,3.341377124107797747e-01,4.165327521168409874e-01,3.292711526436515879e-01,4.695694086730506922e-01,3.538478538399065232e-01,4.571099849741973031e-01,4.328644879437040793e-01,3.414117014831237751e-01,0.000000000000000000e+00,4.832782689744642979e-01,4.855348970705237188e-01,0.000000000000000000e+00,3.713723711898410107e-01,4.228143722876930855e-01,0.000000000000000000e+00,4.419741341048045724e-01,4.173692317888479941e-01,4.667539486567172102e-01,4.532520219054956834e-01,4.440770400733192735e-01,4.286104547685675170e-01,3.798468536483766145e-01,4.123914003846774201e-01,0.000000000000000000e+00,4.898069271236289990e-01,4.500152834904868060e-01,4.444286160303497213e-01,4.766636659575924084e-01,4.514634633464892910e-01,3.367078073574832908e-01,2.414302467739614932e-01,4.323942446420279140e-01,4.682613767079936151e-01,0.000000000000000000e+00,5.652207132046864757e-01,0.000000000000000000e+00,4.952315387568579919e-01,0.000000000000000000e+00,0.000000000000000000e+00,0.000000000000000000e+00,0.000000000000000000e+00,5.810840576049520756e-01,0.000000000000000000e+00,5.900045296973137621e-01,5.658775777168624233e-01,5.646718677700547362e-01,5.415536293731478823e-01,5.856729396310093039e-01,0.000000000000000000e+00,5.219144958087746922e-01,0.000000000000000000e+00,5.439391432651794478e-01,6.006890048932657100e-01,4.596210849324324776e-01,0.000000000000000000e+00,0.000000000000000000e+00,0.000000000000000000e+00,5.724062594589652830e-01,5.186342154940010163e-01,0.000000000000000000e+00,4.692692427201097249e-01,5.473265275519155759e-01,0.000000000000000000e+00,0.000000000000000000e+00,4.623977148763244172e-01,5.396470133855899576e-01,5.389799407391293595e-01,5.097663880811961201e-01,0.000000000000000000e+00,0.000000000000000000e+00
4.386924031984313910e-01,4.236841170343015883e-01,3.790524867678741749e-01,4.632242198005326883e-01,4.044463803438944072e-01,0.000000000000000000e+00,4.054128203974253775e-01,4.087174129866669170e-01,3.329253798699288169e-01,4.656152383241891068e-01,4.254855251775291891e-01,4.166057829037702054e-01,3.774762044928379190e-01,4.102263199015153128e-01,4.429898405351758162e-01,4.343549655431808154e-01,0.000000000000000000e+00,4.471010921736712773e-01,4.122126771351348196e-01,4.058331972907668894e-01,4.123798710111983845e-01,4.318832657441168954e-01,3.755381186365691071e-01,4.606259659145748864e-01,4.093076231150211131e-01,4.435302354115919221e-01,3.435483000452275171e-01,3.914816994985477194e-01,3.386835003302405833e-01,4.266980437082428801e-01,4.318267696843205994e-01,4.328547827704969930e-01,3.867875197570713741e-01,4.538323387764490180e-01,4.535849629934645133e-01,4.484818639448420186e-01,4.550146708486331182e-01,4.416193345765114242e-01,5.182951561107967953e-01,4.277243466878846156e-01,5.358423811118054880e-01,5.378917125922793030e-01,5.079512536814332346e-01,0.000000000000000000e+00,0.000000000000000000e+00,0.000000000000000000e+00,4.506378417900183120e-01,5.552735070924308403e-01,0.000000000000000000e+00,5.385580635056625987e-01,5.332990027102438857e-01,5.490159557257393574e-01,4.867406263689803003e-01,5.540337793187269932e-01,0.000000000000000000e+00,5.200500411222210850e-01,0.000000000000000000e+00,5.351830746541369477e-01,0.000000000000000000e+00,4.870806137312251871e-01,4.414901566831671009e-01,0.000000000000000000e+00,0.000000000000000000e+00,5.658776758957398956e-01,5.010534546615572626e-01,4.602334980258143138e-01,4.747379960566827095e-01,5.309458686296771868e-01,0.000000000000000000e+00,4.339794744436762941e-01,4.781797424192046897e-01,5.269153484328622516e-01,5.285718210880049339e-01,5.120099702673066577e-01,5.261936270351337264e-01,5.369881645134215731e-01
4.177504858783187003e-01,4.445001404410627854e-01,4.525004889824105203e-01,2.729357288783830215e-01,3.341377124107797747e-01,4.054128203974253775e-01,0.000000000000000000e+00,4.621678767903901752e-01,4.096382627926836162e-01,4.400774104849841106e-01,4.576010681672024738e-01,4.203641165517039147e-01,3.676520049897278875e-01,3.456393369443004904e-01,4.435011098430359233e-01,4.679284537956350243e-01,4.583321203041673120e-01,4.733569267239893241e-01,4.720940766980252778e-01,4.504808576859680169e-01,4.294827300529888148e-01,4.692234157535609129e-01,4.264219487923184837e-01,4.139853410580577875e-01,4.311606321140104003e-01,4.444279287312383753e-01,4.233277917855650108e-01,3.707617128975472798e-01,4.464055908275669782e-01,4.491326720493056812e-01,4.388847508855294177e-01,4.563800680156331890e-01,4.092191980289452968e-01,4.320899800790943268e-01,4.119134659074263904e-01,4.137657295382333178e-01,3.978990908968236262e-01,4.018310360385410895e-01,4.813798783044386242e-01,4.300597906112670898e-01,5.466660737137630788e-01,0.000000000000000000e+00,5.201355350172051084e-01,0.000000000000000000e+00,0.000000000000000000e+00,0.000000000000000000e+00,4.586681873987824010e-01,5.749455949786744791e-01,0.000000000000000000e+00,5.490697473846642973e-01,5.549241210955392356e-01,5.666132066344146123e-01,5.113353745305836418e-01,5.782645962167177744e-01,4.379861294760836188e-01,5.437655350375324437e-01,0.000000000000000000e+00,5.411195538360420443e-01,0.000000000000000000e+00,4.787278955944795911e-01,4.459391990399497741e-01,0.000000000000000000e+00,0.000000000000000000e+00,5.776916192605497935e-01,5.031622394723627156e-01,0.000000000000000000e+00,4.702960062178738188e-01,5.496590721568613835e-01,4.433666467666625977e-01,4.710021797858036097e-01,4.792153056594947169e-01,5.369263595375648457e-01,5.340900689067684670e-01,5.132597299508472322e-01,5.538430669313061383e-01,5.399051177045627314e-01
5.019007108403815698e-01,4.804971099499648068e-01,4.605607836516141806e-01,4.402233393187949817e-01,4.165327521168409874e-01,4.087174129866669170e-01,4.621678767903901752e-01,0.000000000000000000e+00,4.912472154388857759e-01,4.785275195511464741e-01,3.573710515809250809e-01,0.000000000000000000e+00,4.633003776860076250e-01,3.830781830783360764e-01,3.972501057561075855e-01,4.677106480047674153e-01,4.743606399937819185e-01,4.612530021535277136e-01,4.429097983505363989e-01,4.213475822494756051e-01,3.979195376315339816e-01,4.509381383418875067e-01,3.434291374506531214e-01,4.939023885939669012e-01,4.746647988100535787e-01,4.754935767406197056e-01,4.261029855387719056e-01,4.551669346604299005e-01,4.029305927812396049e-01,4.354049725368163148e-01,4.415055366015999128e-01,3.820801079796050104e-01,4.248568159012304779e-01,4.748965927273259835e-01,4.858425543316938766e-01,3.783153000841685820e-01,3.351440034656750222e-01,0.000000000000000000e+00,4.082759600155573265e-01,0.000000000000000000e+00,5.264153470762175102e-01,0.000000000000000000e+00,4.726590701668597072e-01,0.000000000000000000e+00,0.000000000000000000e+00,0.000000000000000000e+00,4.961163264979210896e-01,5.325027187854288746e-01,0.000000000000000000e+00,5.227911341840042470e-01,4.885635864640365811e-01,5.234199948397152413e-01,3.481452514171353152e-01,5.509615954219387879e-01,0.000000000000000000e+00,5.045513966658329297e-01,0.000000000000000000e+00,5.075747624787320111e-01,5.013525205352670211e-01,5.232631044089741668e-01,4.778237734977648921e-01,0.000000000000000000e+00,0.000000000000000000e+00,5.573706358862293708e-01,5.362374015974458175e-01,4.864561411754297904e-01,5.009980525651617222e-01,4.908347473007205197e-01,0.000000000000000000e+00,5.110390469170259520e-01,5.080150859878119762e-01,5.051088713913635120e-01,5.023139898372932510e-01,4.944377223362613205e-01,0.000000000000000000e+00,5.050465318905645873e-01
0.000000000000000000e+00,4.265674948191913174e-01,3.448464540518688115e-01,4.333115496957967161e-01,3.292711526436515879e-01,3.329253798699288169e-01,4.096382627926836162e-01,4.912472154388857759e-01,0.000000000000000000e+00,4.917608000464170903e-01,3.098593179459587788e-01,4.801643366190032070e-01,4.629725113024454886e-01,4.039494369685681097e-01,0.000000000000000000e+00,0.000000000000000000e+00,4.895698648437539213e-01,4.794212216278425087e-01,3.035636043254261729e-01,0.000000000000000000e+00,0.000000000000000000e+00,4.454104885825058147e-01,4.112935377708539231e-01,4.735884042150503848e-01,4.766747660919550267e-01,4.746013622484809846e-01,3.768593618565754810e-01,4.941438978511228930e-01,4.504023692767937237e-01,5.070286604445480849e-01,5.047301651285917012e-01,4.949458283102166067e-01,4.489813390179376862e-01,5.055598552394207079e-01,4.993382893313940141e-01,4.554615312228911250e-01,4.708775803533867266e-01,4.782123331444431136e-01,5.415530416525611290e-01,0.000000000000000000e+00,5.669719766869021349e-01,5.727405948177431982e-01,5.446485959858022863e-01,0.000000000000000000e+00,0.000000000000000000e+00,0.000000000000000000e+00,0.000000000000000000e+00,5.906596609849955604e-01,0.000000000000000000e+00,5.684896329275961335e-01,5.786812483893698511e-01,5.825281522742987717e-01,5.593244981969582863e-01,5.845501097731244933e-01,0.000000000000000000e+00,5.629728047020592374e-01,0.000000000000000000e+00,5.659682747543842707e-01,5.442080435017239148e-01,4.776756528081556041e-01,0.000000000000000000e+00,0.000000000000000000e+00,0.000000000000000000e+00,5.940241023470798076e-01,4.936010615286536840e-01,0.000000000000000000e+00,0.000000000000000000e+00,5.838997642190769666e-01,0.000000000000000000e+00,0.000000000000000000e+00,4.794951641628852901e-01,5.731654195583020250e-01,5.550222158583971721e-01,5.233309952970710555e-01,5.621233219844467000e-01,5.648530791889136982e-01
3.655843248187731209e-01,3.206589277028327745e-01,4.829238992799961827e-01,2.529452067648927938e-01,4.695694086730506922e-01,4.656152383241891068e-01,4.400774104849841106e-01,4.785275195511464741e-01,4.917608000464170903e-01,0.000000000000000000e+00,4.880327057455052797e-01,2.843591107504306881e-01,4.290669849717723139e-01,0.000000000000000000e+00,0.000000000000000000e+00,3.806082544510587251e-01,3.353985164442006006e-01,3.705089934761324755e-01,4.930704110601463186e-01,4.068980221853696899e-01,0.000000000000000000e+00,3.727841608492075132e-01,4.537796270022528833e-01,3.060854462543727839e-01,3.034691203293303219e-01,2.724947471523638809e-01,4.675344007144782155e-01,4.012078316508593256e-01,4.523197441597324175e-01,0.000000000000000000e+00,3.448064873744429160e-01,3.270094875205403762e-01,3.102196004031633758e-01,3.318235208770373146e-01,3.057789394467496091e-01,3.836969961491675796e-01,3.376951488197296736e-01,3.061446692415025206e-01,3.172363563694384214e-01,4.175311818837463274e-01,4.043957731136578193e-01,4.137019747609078091e-01,4.699571500689744830e-01,0.000000000000000000e+00,3.812234091606723774e-01,0.000000000000000000e+00,3.883713969189764859e-01,0.000000000000000000e+00,0.000000000000000000e+00,0.000000000000000000e+00,4.700563059615170958e-01,4.523927171338534836e-01,0.000000000000000000e+00,4.912705549645685066e-01,4.416362834614582789e-01,4.822922649179425814e-01,4.317439090740480823e-01,4.484373906252093200e-01,0.000000000000000000e+00,0.000000000000000000e+00,4.499680993999438106e-01,4.589504359861593108e-01,4.722464210075805191e-01,4.800999478677460131e-01,0.000000000000000000e+00,0.000000000000000000e+00,0.000000000000000000e+00,5.612893736956648949e-01,3.815468315323388149e-01,4.591335537594964933e-01,4.530404424876812164e-01,0.000000000000000000e+00,4.370486261801744265e-01,0.000000000000000000e+00,0.000000000000000000e+00,4.456978587956961224e-01
0.000000000000000000e+00,0.000000000000000000e+00,3.235753223814779034e-01,4.111667038658030071e-01,3.538478538399065232e-01,4.254855251775291891e-01,4.576010681672024738e-01,3.573710515809250809e-01,3.098593179459587788e-01,4.880327057455052797e-01,0.000000000000000000e+00,4.787206400104436765e-01,4.977448685355204128e-01,3.492266751513121159e-01,0.000000000000000000e+00,0.000000000000000000e+00,4.921097701167869154e-01,0.000000000000000000e+00,2.882866372351471917e-01,0.000000000000000000e+00,0.000000000000000000e+00,0.000000000000000000e+00,3.379248216511666070e-01,4.858685185599276868e-01,4.744279953353376933e-01,4.848462998980803129e-01,4.147938309146312896e-01,4.839853352175138013e-01,0.000000000000000000e+00,4.962617833880795803e-01,5.112964316506568574e-01,4.434558882456975937e-01,4.486421933448989097e-01,5.034959055001506645e-01,4.873658080499149170e-01,3.762651813558003933e-01,3.919897281363510233e-01,4.750007022053078787e-01,4.536581547336928089e-01,0.000000000000000000e+00,4.872734177636178776e-01,0.000000000000000000e+00,4.678817709657377977e-01,0.000000000000000000e+00,0.000000000000000000e+00,0.000000000000000000e+00,0.000000000000000000e+00,4.604320521443105996e-01,0.000000000000000000e+00,4.162463192627207098e-01,5.379304558927558988e-01,4.886559462589731839e-01,4.907210514962244141e-01,4.214822275920799277e-01,4.665256529038214195e-01,2.460890926308615112e-01,0.000000000000000000e+00,4.825977735512518851e-01,4.325028807447758861e-01,0.000000000000000000e+00,0.000000000000000000e+00,0.000000000000000000e+00,0.000000000000000000e+00,2.141628627142403984e-01,0.000000000000000000e+00,0.000000000000000000e+00,4.367332695849268087e-01,5.364095894798617259e-01,0.000000000000000000e+00,0.000000000000000000e+00,4.574561226694989213e-01,5.219630873239323732e-01,4.831149391776328739e-01,4.592853580388407964e-01,0.000000000000000000e+00,4.867308282357046822e-01
3.561503349095181958e-01,3.504598503191875825e-01,4.505098895580046947e-01,2.252201325731482129e-01,4.571099849741973031e-01,4.166057829037702054e-01,4.203641165517039147e-01,0.000000000000000000e+00,4.801643366190032070e-01,2.843591107504306881e-01,4.787206400104436765e-01,0.000000000000000000e+00,4.245000443739421203e-01,0.000000000000000000e+00,0.000000000000000000e+00,3.380178472046794225e-01,3.737412332480171129e-01,3.556109200826120809e-01,4.806623261752137055e-01,3.612701892852783203e-01,4.151344101318613089e-01,3.943785631411447778e-01,4.184806297102626749e-01,2.540258344554566783e-01,3.169119845517451850e-01,2.274751629611277970e-01,4.533153142547379222e-01,3.811207908607943118e-01,0.000000000000000000e+00,0.000000000000000000e+00,3.741272681431748182e-01,2.902284661440859836e-01,2.790133518993995199e-01,2.908976598358891108e-01,3.090006782694919019e-01,3.470931283150746061e-01,2.882820155044831245e-01,2.373163607408000919e-01,2.657614366506397818e-01,4.341493328226260773e-01,4.135825422901748816e-01,4.162358396497056745e-01,0.000000000000000000e+00,0.000000000000000000e+00,4.107624785129513900e-01,4.083549789824029164e-01,0.000000000000000000e+00,0.000000000000000000e+00,0.000000000000000000e+00,0.000000000000000000e+00,0.000000000000000000e+00,4.518654671936817024e-01,0.000000000000000000e+00,4.814301616849813170e-01,4.458617700244534854e-01,4.833509592156858825e-01,4.392633454235623236e-01,4.518282032648571755e-01,0.000000000000000000e+00,0.000000000000000000e+00,4.506065714409814849e-01,4.502633857670703121e-01,4.643843580692778028e-01,0.000000000000000000e+00,0.000000000000000000e+00,0.000000000000000000e+00,0.000000000000000000e+00,0.000000000000000000e+00,3.596567982064731162e-01,4.454834630582593102e-01,4.392841689973702723e-01,0.000000000000000000e+00,4.395838413428850844e-01,0.000000000000000000e+00,0.000000000000000000e+00,4.304373066445950080e-01
4.403980394436247114e-01,4.506029642337892049e-01,4.767759438537437777e-01,3.504257308203720944e-01,4.328644879437040793e-01,3.774762044928379190e-01,3.676520049897278875e-01,4.633003776860076250e-01,4.629725113024454886e-01,4.290669849717723139e-01,4.977448685355204128e-01,4.245000443739421203e-01,0.000000000000000000e+00,3.903018287122791974e-01,4.525407048455993841e-01,4.767567559396174159e-01,4.500858024176963013e-01,4.720601124790724246e-01,5.043987721043760031e-01,4.477715053397451905e-01,4.444595866844148757e-01,4.723570626484878132e-01,4.312448654274032012e-01,4.141069320343087057e-01,4.368010265968009231e-01,4.429569832492905035e-01,4.217044930086850107e-01,3.574560961665816938e-01,4.110395855283220934e-01,4.055450214738127168e-01,4.262949842380723831e-01,4.569803951523264129e-01,4.142171443912386897e-01,4.357702855954581067e-01,4.350370883667327160e-01,4.461925543304717245e-01,4.190429476179027835e-01,3.997083999125772835e-01,4.768259851978707831e-01,4.139759353737714753e-01,5.151614516486011652e-01,5.530505451483875845e-01,5.232239935053035751e-01,0.000000000000000000e+00,0.000000000000000000e+00,0.000000000000000000e+00,4.652899807680312971e-01,5.709185126353947259e-01,0.000000000000000000e+00,5.686896545334303443e-01,5.544890108654380034e-01,5.657530941579964612e-01,5.074240074334209760e-01,5.757957397688254764e-01,4.542742555276014782e-01,5.392950121036829136e-01,4.440601516884903899e-01,5.390159983201348037e-01,0.000000000000000000e+00,4.893313608884097832e-01,4.533381105432465197e-01,0.000000000000000000e+00,0.000000000000000000e+00,5.745358158432680717e-01,5.018693599551405926e-01,4.794255507420803752e-01,4.713382405120292162e-01,5.428670559363174553e-01,0.000000000000000000e+00,4.707185649450915110e-01,4.837204271038206271e-01,5.335222709464818580e-01,5.374514034798743012e-01,5.167822524121922223e-01,5.282409091947211088e-01,5.426071619973873439e-01
0.000000000000000000e+00,0.000000000000000000e+00,4.183145516486899140e-01,3.653252102761461173e-01,3.414117014831237751e-01,4.102263199015153128e-01,3.456393369443004904e-01,3.830781830783360764e-01,4.039494369685681097e-01,0.000000000000000000e+00,3.492266751513121159e-01,0.000000000000000000e+00,3.903018287122791974e-01,0.000000000000000000e+00,0.000000000000000000e+00,0.000000000000000000e+00,0.000000000000000000e+00,0.000000000000000000e+00,3.976523795077084866e-01,0.000000000000000000e+00,0.000000000000000000e+00,0.000000000000000000e+00,3.792832034312234035e-01,0.000000000000000000e+00,0.000000000000000000e+00,0.000000000000000000e+00,4.336103085243327993e-01,3.508797165548606101e-01,3.404009044170380194e-01,0.000000000000000000e+00,0.000000000000000000e+00,2.576760251712293948e-01,0.000000000000000000e+00,4.679880765739197757e-01,0.000000000000000000e+00,3.243612788111098766e-01,1.985681630744945136e-01,0.000000000000000000e+00,3.996135905790312859e-01,0.000000000000000000e+00,0.000000000000000000e+00,0.000000000000000000e+00,4.675053543100676223e-01,0.000000000000000000e+00,0.000000000000000000e+00,0.000000000000000000e+00,0.000000000000000000e+00,5.572393193468347938e-01,0.000000000000000000e+00,0.000000000000000000e+00,0.000000000000000000e+00,0.000000000000000000e+00,0.000000000000000000e+00,5.227620464737511297e-01,0.000000000000000000e+00,5.007301852810512877e-01,0.000000000000000000e+00,0.000000000000000000e+00,0.000000000000000000e+00,0.000000000000000000e+00,0.000000000000000000e+00,0.000000000000000000e+00,0.000000000000000000e+00,5.081823040855734108e-01,0.000000000000000000e+00,0.000000000000000000e+00,0.000000000000000000e+00,5.456192946549549561e-01,0.000000000000000000e+00,0.000000000000000000e+00,0.000000000000000000e+00,0.000000000000000000e+00,0.000000000000000000e+00,0.000000000000000000e+00,0.000000000000000000e+00,0.000000000000000000e+00
3.563810923976545864e-01,4.183787792013685114e-01,0.000000000000000000e+00,0.000000000000000000e+00,0.000000000000000000e+00,4.429898405351758162e-01,4.435011098430359233e-01,3.972501057561075855e-01,0.000000000000000000e+00,0.000000000000000000e+00,0.000000000000000000e+00,0.000000000000000000e+00,4.525407048455993841e-01,0.000000000000000000e+00,0.000000000000000000e+00,4.347363300731412750e-01,0.000000000000000000e+00,4.249185497999404815e-01,0.000000000000000000e+00,3.451306262668137892e-01,3.814229306909063810e-01,3.831719593579646088e-01,3.630995776579117873e-01,3.836291048969667772e-01,3.928440619704969272e-01,3.832430992028815764e-01,3.714744270785271252e-01,4.273875149544472118e-01,4.209348094713065147e-01,4.380980350626231812e-01,4.309432937123210960e-01,4.506472992762846075e-01,4.057290634809362917e-01,4.408805905600259867e-01,4.784698407372998119e-01,0.000000000000000000e+00,0.000000000000000000e+00,0.000000000000000000e+00,4.890955041652667035e-01,4.804496346166319820e-01,4.976803499741361270e-01,5.267806984010600102e-01,4.473299437683778135e-01,0.000000000000000000e+00,0.000000000000000000e+00,0.000000000000000000e+00,4.870379438374801140e-01,0.000000000000000000e+00,0.000000000000000000e+00,0.000000000000000000e+00,4.867108016796736214e-01,4.893031313557330009e-01,5.081270578169188035e-01,0.000000000000000000e+00,0.000000000000000000e+00,0.000000000000000000e+00,0.000000000000000000e+00,4.924152794283576107e-01,0.000000000000000000e+00,5.199729910847414871e-01,4.625065671852964799e-01,0.000000000000000000e+00,0.000000000000000000e+00,0.000000000000000000e+00,5.312780210439863593e-01,4.829976524275778060e-01,5.237178978992397260e-01,5.176732756295967519e-01,0.000000000000000000e+00,4.493316275186053921e-01,5.313832450970010779e-01,5.159738707680543435e-01,5.003438339093940757e-01,4.994702625467031254e-01,5.154398261644079771e-01,4.976149721424019123e-01
4.022129888681557075e-01,4.098375268553298145e-01,0.000000000000000000e+00,0.000000000000000000e+00,4.832782689744642979e-01,4.343549655431808154e-01,4.679284537956350243e-01,4.677106480047674153e-01,0.000000000000000000e+00,3.806082544510587251e-01,0.000000000000000000e+00,3.380178472046794225e-01,4.767567559396174159e-01,0.000000000000000000e+00,4.347363300731412750e-01,0.000000000000000000e+00,3.875095897513273768e-01,3.578402525365784181e-01,0.000000000000000000e+00,4.346840410592083259e-01,4.281732457000514969e-01,3.901041786721280991e-01,4.446001748179411739e-01,3.840008953592897734e-01,3.737836436911511906e-01,4.238771006462965785e-01,4.476576708247161918e-01,4.710985588363975074e-01,4.556496671220093275e-01,4.470177791917812060e-01,3.851198779021504093e-01,4.679602185864452091e-01,3.908852576420426272e-01,4.022710064803539098e-01,4.358719634599294013e-01,0.000000000000000000e+00,0.000000000000000000e+00,0.000000000000000000e+00,4.699069721596098037e-01,4.630172256368884076e-01,4.405274464203188245e-01,4.516852011344323903e-01,0.000000000000000000e+00,0.000000000000000000e+00,0.000000000000000000e+00,4.595475915719465232e-01,4.758750059883423145e-01,0.000000000000000000e+00,0.000000000000000000e+00,0.000000000000000000e+00,4.514784346152168060e-01,0.000000000000000000e+00,0.000000000000000000e+00,0.000000000000000000e+00,4.660284549185101932e-01,0.000000000000000000e+00,4.611352277301937752e-01,4.577897447725253199e-01,0.000000000000000000e+00,4.886835301893399097e-01,4.592265971334392183e-01,4.688909620566493186e-01,4.544852417271568745e-01,0.000000000000000000e+00,4.758929108945544884e-01,4.725381701406837776e-01,4.680389304745221080e-01,4.810473794690601768e-01,4.984171287286213725e-01,4.618152543348683081e-01,4.759648613205397782e-01,4.937723091085667870e-01,4.358765588936218127e-01,4.618347590728937857e-01,0.000000000000000000e+00,4.344935787864105947e-01
3.920661096810210133e-01,3.722819863496099058e-01,4.941871049418414263e-01,0.000000000000000000e+00,4.855348970705237188e-01,0.000000000000000000e+00,4.583321203041673120e-01,4.743606399937819185e-01,4.895698648437539213e-01,3.353985164442006006e-01,4.921097701167869154e-01,3.737412332480171129e-01,4.500858024176963013e-01,0.000000000000000000e+00,0.000000000000000000e+00,3.875095897513273768e-01,0.000000000000000000e+00,3.495092266799982861e-01,4.974646398824156268e-01,4.282708378972656105e-01,0.000000000000000000e+00,4.091450242025350126e-01,4.840734947490891726e-01,3.793725494573316759e-01,3.461882380317160002e-01,3.698181407856170888e-01,4.599506317210407813e-01,4.327929518883287252e-01,4.549359504831357870e-01,0.000000000000000000e+00,3.945169541098085819e-01,4.630133703269063150e-01,3.724938941358520994e-01,3.975197695684081212e-01,4.000847825364777788e-01,0.000000000000000000e+00,0.000000000000000000e+00,3.754941346683186021e-01,4.813270383762470184e-01,4.543968771513133831e-01,4.519447273472140258e-01,4.739823463836184136e-01,0.000000000000000000e+00,0.000000000000000000e+00,4.281001169146830820e-01,4.096232163170501761e-01,4.564953870422083226e-01,0.000000000000000000e+00,0.000000000000000000e+00,0.000000000000000000e+00,0.000000000000000000e+00,0.000000000000000000e+00,0.000000000000000000e+00,0.000000000000000000e+00,4.700930918231940869e-01,0.000000000000000000e+00,4.683271824715791176e-01,4.727896756412900969e-01,0.000000000000000000e+00,0.000000000000000000e+00,4.745101925828533185e-01,4.848100287965427246e-01,4.886652048027658735e-01,0.000000000000000000e+00,0.000000000000000000e+00,0.000000000000000000e+00,0.000000000000000000e+00,0.000000000000000000e+00,4.243377656500598172e-01,4.799753661285208750e-01,4.754451062223212787e-01,0.000000000000000000e+00,0.000000000000000000e+00,0.000000000000000000e+00,0.000000000000000000e+00,4.750314232084297261e-01
3.936825014398108169e-01,3.876297811980535246e-01,0.000000000000000000e+00,0.000000000000000000e+00,0.000000000000000000e+00,4.471010921736712773e-01,4.733569267239893241e-01,4.612530021535277136e-01,4.794212216278425087e-01,3.705089934761324755e-01,0.000000000000000000e+00,3.556109200826120809e-01,4.720601124790724246e-01,0.000000000000000000e+00,4.249185497999404815e-01,3.578402525365784181e-01,3.495092266799982861e-01,0.000000000000000000e+00,4.944192710997146190e-01,4.506477757869463141e-01,4.139447057195447255e-01,4.314368548852129948e-01,4.403532427318200271e-01,3.515715850561045852e-01,3.472875584313392938e-01,3.683152224485635728e-01,4.509272747715651897e-01,4.598507963926133923e-01,4.771790559741446724e-01,4.359275606718410745e-01,3.919420838932776152e-01,4.543845096480442214e-01,3.727617010602887748e-01,3.979653075697217046e-01,4.171981400789568917e-01,0.000000000000000000e+00,0.000000000000000000e+00,3.815289774623665808e-01,4.736090729331983162e-01,4.462022744350772063e-01,4.481922455667590732e-01,4.641485698633018853e-01,0.000000000000000000e+00,0.000000000000000000e+00,0.000000000000000000e+00,4.123090490342630754e-01,4.702646514569074898e-01,0.000000000000000000e+00,0.000000000000000000e+00,0.000000000000000000e+00,4.539014563230002741e-01,0.000000000000000000e+00,0.000000000000000000e+00,0.000000000000000000e+00,4.542555864415985800e-01,0.000000000000000000e+00,4.528719485394954170e-01,4.232403667454066043e-01,0.000000000000000000e+00,0.000000000000000000e+00,4.580588336011798822e-01,4.721399854229609838e-01,4.690463547041575088e-01,0.000000000000000000e+00,4.598825610352216819e-01,4.764311242764139864e-01,4.450406538188810823e-01,4.873140727767916736e-01,4.379711481826957797e-01,4.668789339147523809e-01,4.669890176068053900e-01,5.111694966702622356e-01,4.521959632867387224e-01,4.551957538248843083e-01,0.000000000000000000e+00,4.561873150746200145e-01
0.000000000000000000e+00,0.000000000000000000e+00,2.780696632343644947e-01,4.373067562532690911e-01,3.713723711898410107e-01,4.122126771351348196e-01,4.720940766980252778e-01,4.429097983505363989e-01,3.035636043254261729e-01,4.930704110601463186e-01,2.882866372351471917e-01,4.806623261752137055e-01,5.043987721043760031e-01,3.976523795077084866e-01,0.000000000000000000e+00,0.000000000000000000e+00,4.974646398824156268e-01,4.944192710997146190e-01,0.000000000000000000e+00,0.000000000000000000e+00,0.000000000000000000e+00,0.000000000000000000e+00,3.299988416441135830e-01,5.028748684751576103e-01,4.826297474103974916e-01,4.784335883983175108e-01,3.972449564454921811e-01,5.001599821461051310e-01,0.000000000000000000e+00,5.000645167124517787e-01,5.090777932789247728e-01,4.771060337101827864e-01,4.535978038588542871e-01,5.081109742290034204e-01,5.046890693617925860e-01,4.360745227835913229e-01,4.720417118784304145e-01,4.729165644381679856e-01,5.034761025443289517e-01,0.000000000000000000e+00,5.618570240284251893e-01,0.000000000000000000e+00,5.216759199764036126e-01,0.000000000000000000e+00,0.000000000000000000e+00,0.000000000000000000e+00,0.000000000000000000e+00,5.845916828775197249e-01,0.000000000000000000e+00,5.497819914597436020e-01,5.788732532480768134e-01,5.771400155051382708e-01,5.550909949173851166e-01,5.782658295367909540e-01,0.000000000000000000e+00,5.402776620675463493e-01,0.000000000000000000e+00,5.596570466210583072e-01,5.274555867654131536e-01,0.000000000000000000e+00,0.000000000000000000e+00,0.000000000000000000e+00,0.000000000000000000e+00,5.790318864441064139e-01,4.659155309200286865e-01,0.000000000000000000e+00,4.726387860653802897e-01,5.750408101746736778e-01,0.000000000000000000e+00,0.000000000000000000e+00,0.000000000000000000e+00,5.596247780224047341e-01,5.594047135819611993e-01,5.091774484198956507e-01,0.000000000000000000e+00,5.600785076283302244e-01
4.149485634356543939e-01,4.440008183214393944e-01,0.000000000000000000e+00,0.000000000000000000e+00,4.228143722876930855e-01,4.058331972907668894e-01,4.504808576859680169e-01,4.213475822494756051e-01,0.000000000000000000e+00,4.068980221853696899e-01,0.000000000000000000e+00,3.612701892852783203e-01,4.477715053397451905e-01,0.000000000000000000e+00,3.451306262668137892e-01,4.346840410592083259e-01,4.282708378972656105e-01,4.506477757869463141e-01,0.000000000000000000e+00,0.000000000000000000e+00,4.547589084435824103e-01,3.833020052221374208e-01,3.262777565198881069e-01,4.466859136234002103e-01,4.171064904342898227e-01,4.324632258582735145e-01,3.668281826377596255e-01,4.117521420091260764e-01,3.557676225552989235e-01,3.518687414412300929e-01,4.046985275978137730e-01,4.680327623282166116e-01,4.125601529621977792e-01,4.463550421860691952e-01,4.935856143112500871e-01,5.306241175086366946e-01,5.085568817221503002e-01,0.000000000000000000e+00,4.938154788771352277e-01,4.600867928208726143e-01,5.230260415125008722e-01,5.264760626703778312e-01,4.555135619452059803e-01,0.000000000000000000e+00,0.000000000000000000e+00,0.000000000000000000e+00,4.664250525324897811e-01,5.163705204956340333e-01,0.000000000000000000e+00,0.000000000000000000e+00,5.066298413164727066e-01,5.066920492530188058e-01,5.145660724390808127e-01,5.011677467071478098e-01,0.000000000000000000e+00,0.000000000000000000e+00,0.000000000000000000e+00,5.074067460296411980e-01,0.000000000000000000e+00,5.284758264137118244e-01,4.620537407314300737e-01,0.000000000000000000e+00,4.676455823998987849e-01,5.176953984377666851e-01,5.238773198901026662e-01,5.098394897772445811e-01,5.236958912396426635e-01,5.257954146124853567e-01,0.000000000000000000e+00,4.551598881698861732e-01,5.069398664998270299e-01,5.232065091343585106e-01,5.147953165043283041e-01,5.059467956092134067e-01,5.189621225741641863e-01,5.071682366221321736e-01
4.041179127968891893e-01,4.197591392068111271e-01,4.003420504471429942e-01,0.000000000000000000e+00,0.000000000000000000e+00,4.123798710111983845e-01,4.294827300529888148e-01,3.979195376315339816e-01,0.000000000000000000e+00,0.000000000000000000e+00,0.000000000000000000e+00,4.151344101318613089e-01,4.444595866844148757e-01,0.000000000000000000e+00,3.814229306909063810e-01,4.281732457000514969e-01,0.000000000000000000e+00,4.139447057195447255e-01,0.000000000000000000e+00,4.547589084435824103e-01,0.000000000000000000e+00,4.555853213010598868e-01,3.891373828497350917e-01,4.394415325161232788e-01,4.133644941421444896e-01,4.108140160048323053e-01,4.228074683423210245e-01,4.332677124086400933e-01,4.140242621607708173e-01,0.000000000000000000e+00,4.041790316317305787e-01,4.420917526412326826e-01,3.868242464865723762e-01,4.165793736647728229e-01,4.586985842397980906e-01,0.000000000000000000e+00,0.000000000000000000e+00,0.000000000000000000e+00,5.133639293657674685e-01,4.346402667693640143e-01,5.003091105096904023e-01,0.000000000000000000e+00,4.446164988704762178e-01,0.000000000000000000e+00,0.000000000000000000e+00,0.000000000000000000e+00,4.827754877065000838e-01,0.000000000000000000e+00,0.000000000000000000e+00,0.000000000000000000e+00,0.000000000000000000e+00,0.000000000000000000e+00,4.784277355355969763e-01,0.000000000000000000e+00,0.000000000000000000e+00,0.000000000000000000e+00,0.000000000000000000e+00,0.000000000000000000e+00,0.000000000000000000e+00,4.758116462057240259e-01,4.607696784409742730e-01,0.000000000000000000e+00,0.000000000000000000e+00,0.000000000000000000e+00,5.161416210187846909e-01,3.464394950664754780e-01,5.066121462637056538e-01,4.923333516008202015e-01,0.000000000000000000e+00,4.595011578018465270e-01,5.054493913121873572e-01,4.995619887191343200e-01,4.725748407502676218e-01,4.910689033832401074e-01,0.000000000000000000e+00,4.696958517023002155e-01
