0.000000000000000000e+00,3.833971262927707846e-01,0.000000000000000000e+00,0.000000000000000000e+00,0.000000000000000000e+00,0.000000000000000000e+00,0.000000000000000000e+00,4.710311844886199140e-01,0.000000000000000000e+00,3.375026774591251000e-01,0.000000000000000000e+00,3.358200300906993840e-01,4.323452905574730054e-01,4.525100475421813262e-01,3.739511907879022878e-01,3.589716759185779815e-01,3.261915537424714961e-01,3.205736471350050243e-01,0.000000000000000000e+00,4.261694070893116137e-01,3.885880844287175062e-01,3.906554342261790991e-01,4.334018189743459870e-01,3.128377305310444112e-01,3.339652164561912051e-01,3.290272932653016125e-01,4.408971909287581203e-01,4.237523001753272234e-01,4.138343658196644848e-01,0.000000000000000000e+00,3.427870171791719822e-01,4.121225541751694088e-01,3.250853309157076820e-01,3.299605125062908262e-01,3.856798952560371863e-01,0.000000000000000000e+00,0.000000000000000000e+00,3.603139842253537117e-01,4.369025654509395840e-01,4.379945924308819016e-01,3.935190452331703836e-01,4.144947421027884160e-01,0.000000000000000000e+00,0.000000000000000000e+00,0.000000000000000000e+00,3.121873312494063968e-01,4.385404318921484745e-01,0.000000000000000000e+00,0.000000000000000000e+00,0.000000000000000000e+00,0.000000000000000000e+00,0.000000000000000000e+00,3.999439448877298853e-01,0.000000000000000000e+00,0.000000000000000000e+00,0.000000000000000000e+00,3.500051146291442983e-01,4.277798282579817202e-01,0.000000000000000000e+00,4.746125890524510726e-01,4.140308444609825944e-01,3.650175380038858108e-01,3.949022890962057830e-01,0.000000000000000000e+00,0.000000000000000000e+00,3.524959971165403938e-01,4.349791432963773241e-01,4.304293936381640151e-01,3.288441957542435068e-01,4.236511572592939201e-01,4.130614983996337974e-01,0.000000000000000000e+00,0.000000000000000000e+00,0.000000000000000000e+00,0.000000000000000000e+00,3.848036862331148944e-01
3.833971262927707846e-01,0.000000000000000000e+00,3.830181735179851166e-01,0.000000000000000000e+00,3.882813777438536840e-01,3.767034421142971268e-01,4.077438653365049182e-01,4.235619505895565906e-01,3.787849338921471243e-01,3.469311198855860034e-01,0.000000000000000000e+00,0.000000000000000000e+00,4.103004194385376224e-01,0.000000000000000000e+00,4.260084790009761035e-01,3.894948789561484270e-01,3.609927415591008826e-01,3.559226179566336024e-01,4.015244894489120031e-01,4.130289251047528087e-01,4.117602575280228105e-01,3.878536127176930859e-01,4.251142100179082783e-01,3.427689386922798120e-01,3.384530377974198090e-01,3.653309569744678242e-01,4.131853345899518248e-01,4.050936218542354750e-01,3.972395665810821153e-01,3.977854073599115803e-01,3.798385439646759787e-01,4.304781322204296878e-01,3.523594273646327157e-01,3.764306712320887871e-01,4.408872685303218963e-01,4.706297569421852844e-01,0.000000000000000000e+00,0.000000000000000000e+00,4.404793042347209253e-01,4.168198195690431263e-01,4.124662998594744168e-01,4.454597160631242891e-01,0.000000000000000000e+00,0.000000000000000000e+00,0.000000000000000000e+00,4.263610995330381903e-01,4.430801574823827194e-01,0.000000000000000000e+00,0.000000000000000000e+00,0.000000000000000000e+00,4.150457735004638993e-01,4.352392126932693728e-01,0.000000000000000000e+00,0.000000000000000000e+00,0.000000000000000000e+00,0.000000000000000000e+00,0.000000000000000000e+00,4.241904575801648813e-01,0.000000000000000000e+00,4.639205510662510745e-01,4.237600254299733749e-01,3.972989349806588799e-01,4.054486666997816902e-01,0.000000000000000000e+00,4.255752071904386757e-01,4.602751917830443240e-01,4.372917146434541213e-01,4.552098011398160726e-01,4.197197066759975059e-01,4.261245853904145897e-01,4.423507245845221258e-01,4.393164334267523063e-01,4.189700158864955171e-01,4.221106444331489960e-01,0.000000000000000000e+00,3.993960345848415749e-01
0.000000000000000000e+00,3.830181735179851166e-01,0.000000000000000000e+00,4.250687615834415900e-01,3.647897699301446139e-01,3.576546927925786101e-01,4.086187442540767933e-01,4.383431991876292066e-01,3.007138441670568763e-01,4.267256127669655785e-01,3.266262076498013256e-01,3.939944624605077883e-01,4.144135762624152064e-01,4.025337802158476253e-01,0.000000000000000000e+00,0.000000000000000000e+00,0.000000000000000000e+00,0.000000000000000000e+00,2.623797836612267731e-01,3.881340163271739807e-01,0.000000000000000000e+00,3.929709960153732196e-01,3.257672973850501141e-01,0.000000000000000000e+00,0.000000000000000000e+00,0.000000000000000000e+00,3.317618802373000775e-01,4.235278571624097044e-01,3.744750920973061725e-01,4.267610648675759788e-01,4.347635583146780003e-01,4.079318319861517939e-01,4.106405549614521866e-01,4.229793898937009855e-01,4.219636749386896923e-01,3.881304744773366733e-01,4.122312708444003104e-01,3.998699040254384274e-01,5.036422427159880089e-01,0.000000000000000000e+00,4.993615924145647922e-01,5.183862268654512162e-01,4.777837745362525923e-01,0.000000000000000000e+00,0.000000000000000000e+00,0.000000000000000000e+00,0.000000000000000000e+00,3.731421109575687733e-01,0.000000000000000000e+00,5.138593811502470965e-01,5.441966850246962029e-01,5.389958562307332057e-01,4.866552518232332147e-01,4.775069472425992889e-01,5.059192780095682629e-01,3.314688493286738202e-01,0.000000000000000000e+00,5.079953880357613860e-01,4.977816090470367216e-01,0.000000000000000000e+00,0.000000000000000000e+00,0.000000000000000000e+00,0.000000000000000000e+00,3.551743581220049850e-01,0.000000000000000000e+00,0.000000000000000000e+00,0.000000000000000000e+00,5.152063896237085716e-01,0.000000000000000000e+00,0.000000000000000000e+00,0.000000000000000000e+00,4.794258021549959725e-01,5.051052882828485080e-01,0.000000000000000000e+00,0.000000000000000000e+00,5.017293869994761124e-01
0.000000000000000000e+00,0.000000000000000000e+00,4.250687615834415900e-01,0.000000000000000000e+00,2.595011254157075231e-01,3.914417862095079248e-01,2.642079916115445126e-01,3.598907249504034178e-01,3.992419777596131758e-01,0.000000000000000000e+00,3.468311926575285975e-01,0.000000000000000000e+00,3.013736196448854043e-01,3.009210004510193825e-01,0.000000000000000000e+00,0.000000000000000000e+00,0.000000000000000000e+00,0.000000000000000000e+00,3.616285000237330904e-01,0.000000000000000000e+00,0.000000000000000000e+00,0.000000000000000000e+00,3.607241394829794889e-01,0.000000000000000000e+00,0.000000000000000000e+00,0.000000000000000000e+00,3.824748610362838086e-01,2.512086885228498878e-01,0.000000000000000000e+00,0.000000000000000000e+00,0.000000000000000000e+00,2.867718695638771798e-01,0.000000000000000000e+00,2.741646120279764842e-01,2.874720657914154875e-01,2.859845196721210736e-01,1.971949782537714968e-01,0.000000000000000000e+00,0.000000000000000000e+00,0.000000000000000000e+00,0.000000000000000000e+00,0.000000000000000000e+00,0.000000000000000000e+00,0.000000000000000000e+00,0.000000000000000000e+00,0.000000000000000000e+00,0.000000000000000000e+00,0.000000000000000000e+00,0.000000000000000000e+00,0.000000000000000000e+00,0.000000000000000000e+00,0.000000000000000000e+00,0.000000000000000000e+00,0.000000000000000000e+00,0.000000000000000000e+00,0.000000000000000000e+00,0.000000000000000000e+00,0.000000000000000000e+00,0.000000000000000000e+00,0.000000000000000000e+00,0.000000000000000000e+00,0.000000000000000000e+00,0.000000000000000000e+00,0.000000000000000000e+00,0.000000000000000000e+00,0.000000000000000000e+00,0.000000000000000000e+00,0.000000000000000000e+00,0.000000000000000000e+00,0.000000000000000000e+00,0.000000000000000000e+00,0.000000000000000000e+00,0.000000000000000000e+00,0.000000000000000000e+00,0.000000000000000000e+00,0.000000000000000000e+00
0.000000000000000000e+00,3.882813777438536840e-01,3.647897699301446139e-01,2.595011254157075231e-01,0.000000000000000000e+00,3.726926845677623890e-01,3.201354067224974065e-01,3.512091988945565957e-01,3.118519023333424234e-01,4.123659953890647101e-01,3.147833654343025200e-01,3.554228912923981798e-01,3.478116003369536857e-01,2.691192685375117244e-01,0.000000000000000000e+00,0.000000000000000000e+00,0.000000000000000000e+00,0.000000000000000000e+00,3.477438901375390912e-01,3.953566822552050941e-01,0.000000000000000000e+00,4.101119105686860111e-01,3.886826374511943016e-01,0.000000000000000000e+00,3.925415897942923782e-01,3.990837700517931852e-01,3.904344727873317877e-01,3.504789373072073055e-01,3.815463096699531209e-01,4.217026428075015820e-01,4.286372121016430725e-01,3.557681182983256085e-01,3.918742405648147908e-01,4.059936034497695911e-01,3.920355597933373737e-01,2.729326192171200871e-01,2.705333237401983948e-01,3.779452329274802236e-01,4.423073628010840141e-01,0.000000000000000000e+00,4.938455272736160251e-01,5.131931189227817436e-01,4.267014858287457857e-01,0.000000000000000000e+00,0.000000000000000000e+00,0.000000000000000000e+00,0.000000000000000000e+00,5.146641337053732279e-01,0.000000000000000000e+00,4.995638669974326040e-01,5.167687999086451045e-01,5.140304532418983330e-01,4.833211249978022206e-01,5.173537131010719214e-01,0.000000000000000000e+00,3.954289695121130932e-01,0.000000000000000000e+00,5.046365872348159698e-01,4.350237225420314213e-01,4.583816520017762741e-01,0.000000000000000000e+00,0.000000000000000000e+00,0.000000000000000000e+00,4.998121426135330170e-01,0.000000000000000000e+00,0.000000000000000000e+00,4.060364138033409898e-01,5.117797685795505425e-01,0.000000000000000000e+00,0.000000000000000000e+00,0.000000000000000000e+00,5.236716286001367182e-01,4.895941603088013738e-01,0.000000000000000000e+00,0.000000000000000000e+00,5.007982574455189795e-01
0.000000000000000000e+00,3.767034421142971268e-01,3.576546927925786101e-01,3.914417862095079248e-01,3.726926845677623890e-01,0.000000000000000000e+00,3.807680782240754902e-01,3.865721671211448940e-01,3.408006320017176738e-01,4.234278651455313791e-01,3.630734867422223955e-01,3.823976725512119867e-01,3.612408004877945000e-01,3.937334105273996854e-01,3.808587501516839113e-01,3.980216905569994856e-01,0.000000000000000000e+00,3.966717612925423908e-01,3.654619763171225166e-01,3.677419926831301811e-01,3.626144608096046884e-01,3.928197669159856908e-01,3.986935417717697994e-01,0.000000000000000000e+00,3.800344806346878102e-01,3.961544987754350156e-01,3.707495040327962732e-01,3.445948011537701139e-01,3.030021928393237807e-01,3.924511429256890005e-01,3.971407913435224257e-01,3.699857816962340840e-01,3.482720169741140848e-01,3.902070178711026238e-01,3.892574124564702753e-01,3.872181679284905087e-01,3.978080525796683919e-01,3.945842537416873186e-01,4.521346136281421124e-01,0.000000000000000000e+00,4.718476343888509117e-01,4.724585509148198081e-01,4.689508809904968101e-01,3.676833607820932937e-01,0.000000000000000000e+00,0.000000000000000000e+00,3.993201342096658890e-01,5.316829293326953421e-01,0.000000000000000000e+00,5.159998388344994025e-01,4.952184074836898930e-01,5.056953764920063543e-01,4.242642208788127145e-01,5.342123813920438558e-01,4.869425043621197768e-01,5.098032865522154067e-01,0.000000000000000000e+00,4.813116667162756213e-01,0.000000000000000000e+00,4.373710150622688864e-01,0.000000000000000000e+00,0.000000000000000000e+00,0.000000000000000000e+00,5.244130446981709603e-01,4.456998476937242826e-01,3.933235206299123821e-01,4.378976518002438145e-01,4.885662569298540037e-01,0.000000000000000000e+00,0.000000000000000000e+00,4.231163258925375037e-01,4.991158196735938080e-01,4.759638858864851940e-01,4.449450563392655100e-01,4.563704185262663082e-01,4.641398773065940064e-01
0.000000000000000000e+00,4.077438653365049182e-01,4.086187442540767933e-01,2.642079916115445126e-01,3.201354067224974065e-01,3.807680782240754902e-01,0.000000000000000000e+00,4.215902118268631260e-01,3.648249602551061899e-01,3.842399244537961223e-01,4.052267754904789743e-01,3.346408561115619129e-01,3.257405023041808900e-01,2.979186644065230927e-01,4.026074138687544268e-01,4.318823947038185063e-01,0.000000000000000000e+00,4.167510987692937263e-01,4.140825026898323213e-01,4.083849758669512164e-01,4.151676551010873850e-01,4.312653492831914903e-01,4.121290475575449808e-01,0.000000000000000000e+00,4.032224249913092806e-01,4.128384879283639730e-01,4.046747622169669101e-01,3.257677797080276161e-01,3.920243882414741199e-01,4.087615032063388054e-01,3.791306441864755183e-01,3.758797973700573891e-01,3.626407863759101846e-01,3.674175925241225937e-01,3.573487881278957778e-01,3.160911532164221160e-01,3.337044259641747113e-01,3.391733376170423253e-01,4.709902040852320115e-01,0.000000000000000000e+00,4.884935269204667141e-01,4.894975669335492885e-01,4.803816908280407194e-01,0.000000000000000000e+00,0.000000000000000000e+00,0.000000000000000000e+00,4.278483489823357022e-01,5.210614636408490430e-01,0.000000000000000000e+00,5.123666791064358517e-01,5.010290328013222716e-01,5.056887994013851140e-01,4.533603534485011743e-01,5.323086589818866177e-01,4.714378888217252150e-01,4.669387441348223922e-01,0.000000000000000000e+00,4.921399394892778112e-01,4.726188433160724012e-01,4.554554168023103866e-01,0.000000000000000000e+00,0.000000000000000000e+00,0.000000000000000000e+00,5.251247225259556561e-01,4.566013069284315939e-01,4.303898024118749110e-01,4.549319232715363093e-01,4.986212164191045071e-01,0.000000000000000000e+00,0.000000000000000000e+00,4.327287030936866064e-01,5.061839564059754659e-01,4.875304119446566831e-01,4.740499618974592932e-01,4.884332909725425109e-01,4.903488111675575190e-01
4.710311844886199140e-01,4.235619505895565906e-01,4.383431991876292066e-01,3.598907249504034178e-01,3.512091988945565957e-01,3.865721671211448940e-01,4.215902118268631260e-01,0.000000000000000000e+00,4.477621238557121242e-01,4.273926250453964903e-01,3.102926241909583771e-01,4.538877415792372250e-01,4.127846507840235990e-01,3.269565772299434792e-01,4.393710176191336081e-01,4.267962966307984884e-01,4.249907808789116781e-01,4.304118642076805723e-01,4.157749353353997757e-01,3.806090528797531070e-01,3.903970415523638215e-01,4.045892382232749163e-01,3.577830957710522730e-01,4.622024770166878183e-01,4.367951724948825887e-01,4.433325608778682092e-01,4.220129091641228181e-01,3.995031256973569089e-01,3.587550888135033755e-01,3.832691656062232055e-01,3.980890543548313842e-01,3.547143647633732022e-01,4.095772561273731127e-01,3.988528050719190032e-01,4.051739207241636942e-01,3.212391545830166062e-01,3.240553017840783756e-01,0.000000000000000000e+00,4.364889484559150157e-01,0.000000000000000000e+00,4.598912986987803153e-01,0.000000000000000000e+00,4.203475323345665093e-01,0.000000000000000000e+00,0.000000000000000000e+00,0.000000000000000000e+00,0.000000000000000000e+00,5.019494780379417653e-01,0.000000000000000000e+00,5.175195372142481487e-01,4.574316845714270774e-01,4.675961898567698727e-01,3.163087824231676226e-01,5.269828609114097784e-01,0.000000000000000000e+00,4.473105424928419116e-01,0.000000000000000000e+00,4.550203789077054140e-01,4.178593847693373164e-01,4.822684202354722838e-01,0.000000000000000000e+00,0.000000000000000000e+00,0.000000000000000000e+00,5.141422384816262126e-01,4.681006492081628001e-01,4.229662427843864925e-01,5.011784907615085549e-01,4.410735198044156147e-01,0.000000000000000000e+00,0.000000000000000000e+00,4.585484130725461793e-01,4.849329944226807854e-01,4.507081071672641159e-01,0.000000000000000000e+00,0.000000000000000000e+00,4.520259111354549275e-01
0.000000000000000000e+00,3.787849338921471243e-01,3.007138441670568763e-01,3.992419777596131758e-01,3.118519023333424234e-01,3.408006320017176738e-01,3.648249602551061899e-01,4.477621238557121242e-01,0.000000000000000000e+00,4.339438989147609838e-01,2.885173179013558742e-01,4.008039784393240268e-01,3.513869807245225130e-01,4.008153190110663178e-01,0.000000000000000000e+00,3.989516404124258120e-01,0.000000000000000000e+00,4.158198497760751122e-01,2.614793650754765886e-01,3.793468120382346154e-01,0.000000000000000000e+00,3.974673101902626016e-01,3.843665117881647775e-01,0.000000000000000000e+00,4.121776481776773249e-01,3.986796102834724853e-01,3.561415894870130217e-01,4.120232031681829166e-01,3.653282360930962258e-01,4.241631281911226736e-01,4.352465742392399028e-01,4.076852783210194731e-01,4.060407528842661096e-01,4.223050586441590148e-01,4.153621102510777763e-01,4.002347834964147810e-01,4.091974357132148743e-01,4.044191023684016728e-01,4.903326114308371730e-01,0.000000000000000000e+00,5.068386233163549859e-01,5.160448622614070002e-01,4.700684160026741276e-01,0.000000000000000000e+00,0.000000000000000000e+00,0.000000000000000000e+00,0.000000000000000000e+00,5.304874319159801344e-01,0.000000000000000000e+00,5.351729668645810456e-01,5.376247509130925861e-01,5.325425994758612447e-01,4.962988893983585892e-01,5.423667637455412693e-01,4.920780702772428739e-01,4.693950621526553069e-01,0.000000000000000000e+00,5.145924490176311261e-01,5.055563113663361641e-01,0.000000000000000000e+00,0.000000000000000000e+00,0.000000000000000000e+00,0.000000000000000000e+00,5.332122836333443860e-01,4.445994198322296143e-01,0.000000000000000000e+00,4.224030454264088852e-01,5.382520493818692131e-01,0.000000000000000000e+00,0.000000000000000000e+00,0.000000000000000000e+00,5.449494899820543914e-01,5.114276067933236636e-01,0.000000000000000000e+00,5.085964980997516038e-01,5.115737958404911190e-01
3.375026774591251000e-01,3.469311198855860034e-01,4.267256127669655785e-01,0.000000000000000000e+00,4.123659953890647101e-01,4.234278651455313791e-01,3.842399244537961223e-01,4.273926250453964903e-01,4.339438989147609838e-01,0.000000000000000000e+00,4.370907249676311834e-01,2.231681530438492100e-01,3.860641583943187904e-01,3.963439217933900083e-01,0.000000000000000000e+00,3.410638712144097862e-01,2.783347913305572185e-01,3.012883473151459213e-01,4.285635643068392842e-01,4.174706590673467055e-01,4.046993993512901233e-01,4.192641001624887731e-01,4.229627386414916979e-01,3.004306544594647077e-01,2.798092006046318803e-01,2.704485354141826225e-01,4.191153271609470155e-01,3.687311646787533870e-01,3.780914955970310909e-01,3.789558150164918926e-01,3.108193240437535088e-01,3.249802019570522948e-01,2.918757227466469151e-01,2.951109159932964188e-01,2.791296082495486885e-01,3.373426024830273873e-01,3.085655299571107846e-01,2.828564607789810226e-01,2.654945616600256075e-01,4.879765658114190163e-01,3.552378588278570226e-01,2.637553089920374183e-01,2.471034608960137047e-01,0.000000000000000000e+00,4.545129959589865876e-01,0.000000000000000000e+00,0.000000000000000000e+00,5.155981121177480864e-01,0.000000000000000000e+00,0.000000000000000000e+00,4.823950441532701139e-01,4.920793879041169272e-01,0.000000000000000000e+00,5.031126625655166773e-01,4.330727840346381141e-01,0.000000000000000000e+00,4.274764099413608243e-01,4.904854059088756268e-01,0.000000000000000000e+00,0.000000000000000000e+00,3.769978829778722895e-01,4.359561224033068894e-01,4.130186103816064214e-01,0.000000000000000000e+00,0.000000000000000000e+00,0.000000000000000000e+00,0.000000000000000000e+00,4.875088370083027756e-01,3.510961734452823779e-01,4.234586742994335129e-01,4.174101663712075916e-01,4.932529753175317055e-01,4.677660995533020061e-01,0.000000000000000000e+00,0.000000000000000000e+00,3.879194259643555243e-01
0.000000000000000000e+00,0.000000000000000000e+00,3.266262076498013256e-01,3.468311926575285975e-01,3.147833654343025200e-01,3.630734867422223955e-01,4.052267754904789743e-01,3.102926241909583771e-01,2.885173179013558742e-01,4.370907249676311834e-01,0.000000000000000000e+00,4.069583970506452930e-01,4.201146186510740232e-01,3.037202442690586923e-01,0.000000000000000000e+00,0.000000000000000000e+00,0.000000000000000000e+00,0.000000000000000000e+00,2.650147077747925239e-01,0.000000000000000000e+00,3.534680902957916260e-01,0.000000000000000000e+00,3.010371498463221274e-01,3.657188190293004237e-01,0.000000000000000000e+00,4.187251366260877905e-01,3.646049700275176830e-01,4.219639822904497906e-01,0.000000000000000000e+00,0.000000000000000000e+00,4.420464086065081788e-01,3.639834374543913231e-01,4.141334256151563142e-01,4.224485131932285142e-01,4.148649039210703937e-01,3.250079738017068176e-01,3.332915225954626859e-01,4.057482658642698747e-01,0.000000000000000000e+00,0.000000000000000000e+00,4.908107044165441191e-01,0.000000000000000000e+00,4.108133477329142247e-01,0.000000000000000000e+00,0.000000000000000000e+00,0.000000000000000000e+00,0.000000000000000000e+00,4.112333091892870773e-01,0.000000000000000000e+00,4.076921334094841254e-01,5.047551599565820446e-01,4.792484142811460068e-01,4.568220215733144185e-01,5.046761407176362235e-01,0.000000000000000000e+00,2.743289961256394904e-01,0.000000000000000000e+00,4.594406859486863115e-01,4.169929824484053249e-01,0.000000000000000000e+00,0.000000000000000000e+00,0.000000000000000000e+00,0.000000000000000000e+00,2.613138129068787729e-01,0.000000000000000000e+00,0.000000000000000000e+00,0.000000000000000000e+00,5.017050055160598987e-01,0.000000000000000000e+00,0.000000000000000000e+00,0.000000000000000000e+00,5.260091385856462409e-01,4.621546376275323942e-01,0.000000000000000000e+00,0.000000000000000000e+00,4.635338187554118861e-01
3.358200300906993840e-01,0.000000000000000000e+00,3.939944624605077883e-01,0.000000000000000000e+00,3.554228912923981798e-01,3.823976725512119867e-01,3.346408561115619129e-01,4.538877415792372250e-01,4.008039784393240268e-01,2.231681530438492100e-01,4.069583970506452930e-01,0.000000000000000000e+00,3.514254696788602916e-01,0.000000000000000000e+00,4.411818926447624856e-01,3.311580915392323132e-01,3.179432616860473071e-01,3.145774563010760860e-01,4.061647582262585265e-01,4.106103389659422898e-01,4.254548676345217273e-01,4.444440636609722217e-01,4.142431191843012894e-01,2.607404616662160057e-01,2.863255826858359110e-01,2.676719803005944143e-01,3.866278905082802808e-01,3.142350363026735760e-01,3.483708042714965258e-01,0.000000000000000000e+00,3.194685579544576104e-01,2.737069626680088130e-01,3.015981882021230853e-01,2.547494166441581220e-01,2.710389356130313843e-01,2.867577829971275083e-01,2.610841604316750941e-01,2.398254128097337956e-01,2.632498725231566250e-01,4.864324343975984788e-01,2.594488747518837179e-01,2.608111106589773853e-01,2.935102070786643202e-01,2.078889021644566015e-01,4.184251806077228797e-01,3.303817614375653133e-01,4.254498666202218837e-01,0.000000000000000000e+00,0.000000000000000000e+00,0.000000000000000000e+00,0.000000000000000000e+00,0.000000000000000000e+00,0.000000000000000000e+00,0.000000000000000000e+00,4.176155511500582729e-01,0.000000000000000000e+00,3.972014726821541108e-01,4.019497931003571112e-01,0.000000000000000000e+00,0.000000000000000000e+00,4.073457628501869765e-01,4.140067256503671134e-01,4.036434533209152797e-01,0.000000000000000000e+00,0.000000000000000000e+00,0.000000000000000000e+00,0.000000000000000000e+00,4.137932755231131243e-01,3.091271227512794040e-01,4.063955992447185195e-01,3.892466260910393272e-01,3.995566175397239905e-01,3.851651694436967754e-01,0.000000000000000000e+00,0.000000000000000000e+00,4.328538207801789772e-01
4.323452905574730054e-01,4.103004194385376224e-01,4.144135762624152064e-01,3.013736196448854043e-01,3.478116003369536857e-01,3.612408004877945000e-01,3.257405023041808900e-01,4.127846507840235990e-01,3.513869807245225130e-01,3.860641583943187904e-01,4.201146186510740232e-01,3.514254696788602916e-01,0.000000000000000000e+00,3.478661920844233202e-01,3.998455815052249784e-01,4.319446933728237070e-01,3.821963025407996151e-01,4.028396762624780192e-01,4.226325068942066165e-01,4.016422573298404908e-01,4.166615955358293211e-01,4.322062090356492137e-01,4.120365678654330233e-01,4.435022951109519052e-01,4.052045841111380220e-01,4.122410776411691846e-01,4.034292051189338202e-01,3.119871397918960731e-01,3.636366204828945237e-01,3.421523620417624145e-01,3.706196585002753952e-01,3.830482850681494744e-01,3.671459798746367076e-01,3.732593465916480002e-01,3.647630669585938956e-01,3.450571116746591893e-01,3.538849096548403739e-01,3.450703909351192089e-01,4.528380854801805078e-01,4.305926063516027913e-01,4.790518682141980955e-01,4.571704074849792798e-01,4.788610815250948227e-01,3.188815252631250208e-01,0.000000000000000000e+00,0.000000000000000000e+00,4.369183848611957743e-01,5.053536434864090987e-01,0.000000000000000000e+00,4.926482656502588764e-01,4.877394581506869775e-01,4.941179046664049834e-01,4.382497388736307231e-01,5.199533912350123854e-01,0.000000000000000000e+00,4.604297033260120187e-01,0.000000000000000000e+00,4.840279298848387812e-01,4.880064086486096131e-01,4.596557376474296741e-01,4.162713189662696767e-01,0.000000000000000000e+00,0.000000000000000000e+00,5.095457677428326670e-01,4.660867004461625163e-01,4.285204151626638147e-01,4.508131404979827117e-01,4.864431957638578052e-01,0.000000000000000000e+00,4.262867783161096158e-01,4.365870160295438063e-01,4.964511952618541057e-01,4.839229368559148092e-01,4.644637320498490873e-01,4.844630867573195276e-01,4.798338298150072734e-01
4.525100475421813262e-01,0.000000000000000000e+00,4.025337802158476253e-01,3.009210004510193825e-01,2.691192685375117244e-01,3.937334105273996854e-01,2.979186644065230927e-01,3.269565772299434792e-01,4.008153190110663178e-01,3.963439217933900083e-01,3.037202442690586923e-01,0.000000000000000000e+00,3.478661920844233202e-01,0.000000000000000000e+00,0.000000000000000000e+00,0.000000000000000000e+00,0.000000000000000000e+00,0.000000000000000000e+00,3.653477245203646806e-01,0.000000000000000000e+00,4.043540399203383040e-01,0.000000000000000000e+00,3.537483973122206860e-01,4.561410901462216172e-01,0.000000000000000000e+00,4.362204592055399788e-01,4.129342626562376162e-01,3.075254679445719175e-01,0.000000000000000000e+00,0.000000000000000000e+00,4.223398643376313766e-01,2.411411802205730981e-01,3.348317146301270086e-01,4.061617139040887836e-01,0.000000000000000000e+00,2.267742750645102001e-01,1.716843701014870993e-01,0.000000000000000000e+00,0.000000000000000000e+00,0.000000000000000000e+00,0.000000000000000000e+00,0.000000000000000000e+00,3.964980222753199945e-01,0.000000000000000000e+00,0.000000000000000000e+00,0.000000000000000000e+00,0.000000000000000000e+00,5.030958945612961086e-01,0.000000000000000000e+00,5.073942059055804865e-01,4.855638860990587058e-01,4.943387959535294196e-01,0.000000000000000000e+00,5.063408485245859403e-01,0.000000000000000000e+00,4.459103898064450955e-01,0.000000000000000000e+00,4.472827636140747076e-01,0.000000000000000000e+00,0.000000000000000000e+00,0.000000000000000000e+00,0.000000000000000000e+00,0.000000000000000000e+00,4.732042357351722850e-01,0.000000000000000000e+00,0.000000000000000000e+00,0.000000000000000000e+00,4.707358787909108888e-01,0.000000000000000000e+00,0.000000000000000000e+00,0.000000000000000000e+00,5.046040279811649931e-01,0.000000000000000000e+00,0.000000000000000000e+00,0.000000000000000000e+00,0.000000000000000000e+00
3.739511907879022878e-01,4.260084790009761035e-01,0.000000000000000000e+00,0.000000000000000000e+00,0.000000000000000000e+00,3.808587501516839113e-01,4.026074138687544268e-01,4.393710176191336081e-01,0.000000000000000000e+00,0.000000000000000000e+00,0.000000000000000000e+00,4.411818926447624856e-01,3.998455815052249784e-01,0.000000000000000000e+00,0.000000000000000000e+00,4.209043993539746120e-01,0.000000000000000000e+00,3.980796025288432238e-01,0.000000000000000000e+00,3.287242856102132738e-01,3.860291755865561947e-01,3.904463601501438896e-01,3.730630435573710213e-01,4.150059888558316201e-01,3.944026763330606977e-01,3.880745632429030145e-01,4.214772289322958887e-01,3.947306851162374897e-01,3.891178214315290096e-01,3.672417927344455157e-01,4.107092147938746773e-01,4.434385240963434893e-01,3.927531933674094922e-01,4.216819022866227229e-01,4.657269196045347726e-01,4.989096815260399831e-01,4.535639401316405861e-01,4.326004340030115136e-01,4.806884350207845102e-01,4.649715987302586173e-01,4.641306218610898870e-01,4.936560760334124942e-01,0.000000000000000000e+00,0.000000000000000000e+00,0.000000000000000000e+00,4.701927494495912740e-01,4.768675665104858963e-01,0.000000000000000000e+00,0.000000000000000000e+00,0.000000000000000000e+00,4.434610923889307776e-01,4.601571060414372805e-01,4.541567989851341136e-01,0.000000000000000000e+00,0.000000000000000000e+00,0.000000000000000000e+00,0.000000000000000000e+00,4.640886572581137126e-01,0.000000000000000000e+00,5.058089936659095898e-01,4.452283898415432262e-01,0.000000000000000000e+00,0.000000000000000000e+00,0.000000000000000000e+00,4.910006137475844135e-01,4.698310001724925744e-01,4.980955244936506876e-01,4.939963962130665132e-01,0.000000000000000000e+00,4.357233634129800137e-01,4.997088017253726866e-01,4.962258241883246157e-01,4.702712233119734075e-01,4.534727796122260957e-01,4.878089901390538219e-01,4.486497168601060737e-01
3.589716759185779815e-01,3.894948789561484270e-01,0.000000000000000000e+00,0.000000000000000000e+00,0.000000000000000000e+00,3.980216905569994856e-01,4.318823947038185063e-01,4.267962966307984884e-01,3.989516404124258120e-01,3.410638712144097862e-01,0.000000000000000000e+00,3.311580915392323132e-01,4.319446933728237070e-01,0.000000000000000000e+00,4.209043993539746120e-01,0.000000000000000000e+00,3.371295375682973883e-01,3.001318014204025220e-01,0.000000000000000000e+00,3.703502505170260806e-01,3.910799945535454736e-01,3.486557082669823893e-01,4.188428307542975126e-01,3.288736959277301919e-01,3.430789022773806929e-01,3.909161111311523218e-01,4.166385533762734794e-01,4.143783817050131768e-01,3.874872189426015190e-01,4.160192548665330170e-01,3.471029124786267905e-01,4.213117581642684129e-01,3.436987877473020037e-01,3.437572823394599020e-01,4.113480588200998933e-01,0.000000000000000000e+00,0.000000000000000000e+00,0.000000000000000000e+00,4.255294241950532963e-01,4.088480821841424251e-01,4.020005990354572067e-01,4.180708723574607100e-01,0.000000000000000000e+00,0.000000000000000000e+00,0.000000000000000000e+00,4.084250960491718763e-01,4.308422444900578130e-01,0.000000000000000000e+00,0.000000000000000000e+00,0.000000000000000000e+00,4.082336232179128999e-01,0.000000000000000000e+00,0.000000000000000000e+00,0.000000000000000000e+00,0.000000000000000000e+00,0.000000000000000000e+00,4.109663075115894126e-01,4.178181242472606138e-01,0.000000000000000000e+00,4.616557035108014850e-01,4.127823547518156277e-01,0.000000000000000000e+00,4.009485122961645165e-01,0.000000000000000000e+00,4.476342896196507937e-01,4.279135813837062208e-01,4.252530409660563171e-01,4.657801982963575838e-01,4.096625897632508728e-01,4.163068876648651218e-01,4.235634666209315835e-01,4.601883942828672858e-01,4.393640023163182251e-01,4.096732888387953908e-01,0.000000000000000000e+00,3.936256585166630906e-01
3.261915537424714961e-01,3.609927415591008826e-01,0.000000000000000000e+00,0.000000000000000000e+00,0.000000000000000000e+00,0.000000000000000000e+00,0.000000000000000000e+00,4.249907808789116781e-01,0.000000000000000000e+00,2.783347913305572185e-01,0.000000000000000000e+00,3.179432616860473071e-01,3.821963025407996151e-01,0.000000000000000000e+00,0.000000000000000000e+00,3.371295375682973883e-01,0.000000000000000000e+00,3.093522513950381914e-01,0.000000000000000000e+00,3.867926085336594877e-01,3.929704069271813260e-01,3.642978161095111744e-01,0.000000000000000000e+00,3.075718170626023928e-01,2.783084548474494824e-01,3.133265258728251124e-01,0.000000000000000000e+00,3.799844098980876272e-01,4.055404716028769840e-01,0.000000000000000000e+00,3.138988203924433784e-01,3.912749196139356789e-01,2.870454469552788934e-01,3.119279243050961936e-01,3.175313921725335109e-01,0.000000000000000000e+00,0.000000000000000000e+00,3.023783779000137062e-01,0.000000000000000000e+00,4.649474960840648818e-01,3.901253145783180054e-01,0.000000000000000000e+00,0.000000000000000000e+00,0.000000000000000000e+00,0.000000000000000000e+00,0.000000000000000000e+00,0.000000000000000000e+00,0.000000000000000000e+00,0.000000000000000000e+00,0.000000000000000000e+00,0.000000000000000000e+00,0.000000000000000000e+00,0.000000000000000000e+00,0.000000000000000000e+00,4.194101383530491889e-01,0.000000000000000000e+00,4.222781560315245208e-01,0.000000000000000000e+00,0.000000000000000000e+00,0.000000000000000000e+00,3.972763285121497789e-01,4.217226995784171262e-01,4.127714318649183256e-01,0.000000000000000000e+00,0.000000000000000000e+00,0.000000000000000000e+00,0.000000000000000000e+00,0.000000000000000000e+00,3.386786400237782879e-01,4.149573227420709221e-01,4.144154101431655191e-01,0.000000000000000000e+00,0.000000000000000000e+00,0.000000000000000000e+00,0.000000000000000000e+00,0.000000000000000000e+00
3.205736471350050243e-01,3.559226179566336024e-01,0.000000000000000000e+00,0.000000000000000000e+00,0.000000000000000000e+00,3.966717612925423908e-01,4.167510987692937263e-01,4.304118642076805723e-01,4.158198497760751122e-01,3.012883473151459213e-01,0.000000000000000000e+00,3.145774563010760860e-01,4.028396762624780192e-01,0.000000000000000000e+00,3.980796025288432238e-01,3.001318014204025220e-01,3.093522513950381914e-01,0.000000000000000000e+00,0.000000000000000000e+00,3.906651479141495797e-01,3.935969386655130964e-01,3.672079897607681831e-01,4.119368723844797908e-01,3.034168692943639001e-01,3.065986775042082169e-01,3.229610117066130104e-01,4.032849178380710775e-01,4.004370765792432119e-01,3.872827436110194976e-01,4.032680476166746186e-01,3.321278730365139764e-01,4.008677407257335013e-01,2.904588034717601186e-01,3.211340322538729919e-01,3.454306655529866821e-01,0.000000000000000000e+00,0.000000000000000000e+00,2.976323327943308783e-01,4.187743986305835775e-01,4.253477003546560775e-01,3.933386535885997071e-01,4.106262681975639262e-01,0.000000000000000000e+00,0.000000000000000000e+00,0.000000000000000000e+00,3.480272224457758856e-01,4.066885104712428256e-01,0.000000000000000000e+00,0.000000000000000000e+00,0.000000000000000000e+00,0.000000000000000000e+00,0.000000000000000000e+00,0.000000000000000000e+00,0.000000000000000000e+00,4.157990258725037802e-01,0.000000000000000000e+00,3.936600895661763189e-01,4.013685508200519059e-01,0.000000000000000000e+00,0.000000000000000000e+00,3.966602166676032049e-01,4.078523936518380077e-01,4.065078977066051147e-01,0.000000000000000000e+00,0.000000000000000000e+00,3.594646582689581815e-01,4.006050394408784965e-01,4.677793354664542269e-01,3.569487628206283736e-01,4.058644222434448778e-01,4.081996503295857170e-01,4.584378606654437860e-01,0.000000000000000000e+00,0.000000000000000000e+00,0.000000000000000000e+00,3.873937045064659856e-01
0.000000000000000000e+00,4.015244894489120031e-01,2.623797836612267731e-01,3.616285000237330904e-01,3.477438901375390912e-01,3.654619763171225166e-01,4.140825026898323213e-01,4.157749353353997757e-01,2.614793650754765886e-01,4.285635643068392842e-01,2.650147077747925239e-01,4.061647582262585265e-01,4.226325068942066165e-01,3.653477245203646806e-01,0.000000000000000000e+00,0.000000000000000000e+00,0.000000000000000000e+00,0.000000000000000000e+00,0.000000000000000000e+00,0.000000000000000000e+00,0.000000000000000000e+00,0.000000000000000000e+00,2.717213845721634935e-01,0.000000000000000000e+00,0.000000000000000000e+00,0.000000000000000000e+00,3.443629387481961235e-01,4.271192282766574921e-01,0.000000000000000000e+00,0.000000000000000000e+00,4.398130405471434856e-01,3.956358340658798767e-01,4.217633179901081886e-01,4.279631154798013148e-01,4.239746843977503232e-01,3.655166316694556938e-01,3.873240017914196809e-01,4.031842845606277148e-01,4.561804712408499829e-01,0.000000000000000000e+00,5.106056807609123949e-01,0.000000000000000000e+00,4.402380077429576821e-01,0.000000000000000000e+00,0.000000000000000000e+00,0.000000000000000000e+00,0.000000000000000000e+00,3.528750296084479099e-01,0.000000000000000000e+00,4.951781584976627237e-01,5.282263724514950631e-01,5.251625361412114446e-01,4.904648790075111231e-01,5.295705465533470102e-01,0.000000000000000000e+00,2.426107007908762936e-01,0.000000000000000000e+00,5.124211539909637736e-01,4.626695869231314817e-01,0.000000000000000000e+00,0.000000000000000000e+00,0.000000000000000000e+00,0.000000000000000000e+00,5.017189114417797136e-01,0.000000000000000000e+00,0.000000000000000000e+00,0.000000000000000000e+00,5.218605052182450077e-01,0.000000000000000000e+00,0.000000000000000000e+00,0.000000000000000000e+00,5.408194225338242012e-01,5.030687540417860815e-01,0.000000000000000000e+00,0.000000000000000000e+00,5.004170857390343174e-01
4.261694070893116137e-01,4.130289251047528087e-01,3.881340163271739807e-01,0.000000000000000000e+00,3.953566822552050941e-01,3.677419926831301811e-01,4.083849758669512164e-01,3.806090528797531070e-01,3.793468120382346154e-01,4.174706590673467055e-01,0.000000000000000000e+00,4.106103389659422898e-01,4.016422573298404908e-01,0.000000000000000000e+00,3.287242856102132738e-01,3.703502505170260806e-01,3.867926085336594877e-01,3.906651479141495797e-01,0.000000000000000000e+00,0.000000000000000000e+00,4.215755041839311934e-01,3.656184077105105179e-01,3.099176866641413230e-01,4.632079691095339902e-01,3.915268180258819064e-01,4.374598340980074274e-01,3.734697039769784843e-01,3.420574886511131840e-01,3.100918455124297979e-01,2.747922161469268931e-01,3.759567099115880273e-01,4.287233579041634934e-01,3.647263854949919226e-01,3.940738795360426150e-01,4.409139608843705149e-01,4.803247956016559739e-01,4.414549219686910164e-01,4.096865957798138114e-01,4.715446502511568827e-01,4.302988503115482977e-01,4.700578590612685126e-01,4.703537786445279867e-01,4.837774671137948790e-01,3.890738510652019810e-01,0.000000000000000000e+00,0.000000000000000000e+00,4.386288950729216873e-01,0.000000000000000000e+00,0.000000000000000000e+00,0.000000000000000000e+00,4.627797492354240871e-01,4.586316688595247770e-01,4.547077806931830724e-01,0.000000000000000000e+00,0.000000000000000000e+00,0.000000000000000000e+00,0.000000000000000000e+00,4.642876497814800163e-01,0.000000000000000000e+00,4.933138753756520778e-01,4.220997968421094093e-01,0.000000000000000000e+00,0.000000000000000000e+00,0.000000000000000000e+00,4.877460484849153732e-01,4.518045861808951957e-01,4.882152778983190888e-01,4.936923541273245952e-01,0.000000000000000000e+00,4.216798361381061122e-01,4.619502636919473049e-01,4.987950870736295728e-01,4.808884162956779118e-01,4.630427983297583094e-01,4.804776443742849734e-01,4.704704186374600861e-01
3.885880844287175062e-01,4.117602575280228105e-01,0.000000000000000000e+00,0.000000000000000000e+00,0.000000000000000000e+00,3.626144608096046884e-01,4.151676551010873850e-01,3.903970415523638215e-01,0.000000000000000000e+00,4.046993993512901233e-01,3.534680902957916260e-01,4.254548676345217273e-01,4.166615955358293211e-01,4.043540399203383040e-01,3.860291755865561947e-01,3.910799945535454736e-01,3.929704069271813260e-01,3.935969386655130964e-01,0.000000000000000000e+00,4.215755041839311934e-01,0.000000000000000000e+00,4.235664135432177790e-01,3.729424473368310178e-01,4.270196857771509924e-01,3.919078546014678199e-01,3.843843723354523068e-01,4.237288773476087234e-01,3.987096214394502125e-01,3.785980088309761071e-01,4.001883801331930224e-01,3.723432953825808189e-01,4.112440398861501034e-01,3.632216186230264876e-01,3.663487128863425202e-01,4.418109949566991212e-01,4.233669918244123975e-01,3.808392940149123995e-01,4.352464479937018793e-01,4.440795980268751886e-01,4.176390558823028232e-01,4.542200695396179100e-01,0.000000000000000000e+00,0.000000000000000000e+00,0.000000000000000000e+00,0.000000000000000000e+00,4.033872579120060253e-01,4.610755606829387010e-01,0.000000000000000000e+00,0.000000000000000000e+00,0.000000000000000000e+00,4.200946279505887726e-01,0.000000000000000000e+00,3.849558914597402959e-01,0.000000000000000000e+00,0.000000000000000000e+00,0.000000000000000000e+00,0.000000000000000000e+00,4.556051474087918773e-01,0.000000000000000000e+00,4.758463712897317843e-01,4.136593611903134904e-01,0.000000000000000000e+00,0.000000000000000000e+00,0.000000000000000000e+00,4.535740968037941800e-01,3.850161179171395776e-01,4.803143915041659939e-01,4.534269330001113874e-01,0.000000000000000000e+00,4.137770334398088168e-01,4.758844983847593246e-01,4.811334996399175834e-01,4.531609336838883229e-01,3.908959258939336268e-01,4.442227271170504088e-01,4.164371369286491986e-01
