0.000000000000000000e+00,3.794193685120144099e-01,0.000000000000000000e+00,0.000000000000000000e+00,0.000000000000000000e+00,3.745556106810500885e-01,4.597250874766868889e-01,4.557637431033275122e-01,3.290178029070612853e-01,3.565108188592628902e-01,0.000000000000000000e+00,3.611826972797699820e-01,4.396087831617416231e-01,0.000000000000000000e+00,3.951024335543508736e-01,3.888457715554725080e-01,3.615111510162777875e-01,3.466853858790492904e-01,0.000000000000000000e+00,3.972561674294898260e-01,3.971483842172455758e-01,3.920541861433365916e-01,4.123046591481008827e-01,3.337693560328633957e-01,3.336935905589745177e-01,3.566870656735083855e-01,4.115352645586810021e-01,4.342480178406272207e-01,4.157212201970146848e-01,4.279998210968573025e-01,3.615690585045587269e-01,4.107725437290323800e-01,3.352012672997263243e-01,3.626852202897262178e-01,4.011076852930535175e-01,0.000000000000000000e+00,0.000000000000000000e+00,3.708918428275845836e-01,4.131776509420785892e-01,3.944086004293564929e-01,3.837544583138692844e-01,4.288502041888431204e-01,0.000000000000000000e+00,0.000000000000000000e+00,0.000000000000000000e+00,3.181631088497953175e-01,4.163060546837450970e-01,0.000000000000000000e+00,0.000000000000000000e+00,0.000000000000000000e+00,3.846008657968151834e-01,0.000000000000000000e+00,4.184079602932638253e-01,0.000000000000000000e+00,4.059708046505896006e-01,0.000000000000000000e+00,3.867361563818272896e-01,0.000000000000000000e+00,0.000000000000000000e+00,4.353070222580058823e-01,4.224970530738433871e-01,0.000000000000000000e+00,4.082095700019253148e-01,0.000000000000000000e+00,3.976137102688708791e-01,3.619987900319868168e-01,4.172883354631332087e-01,4.155377321209898223e-01,3.358910107326965044e-01,3.986691655030856207e-01,4.147888114852352204e-01,0.000000000000000000e+00,0.000000000000000000e+00,3.826378484099527966e-01,0.000000000000000000e+00,3.802312599486271094e-01
3.794193685120144099e-01,0.000000000000000000e+00,3.653080939824551732e-01,0.000000000000000000e+00,3.651934192453885064e-01,3.620881696671578998e-01,4.053236467619237837e-01,4.106189673051884870e-01,3.644940830467167103e-01,3.222395254797867925e-01,0.000000000000000000e+00,3.199499849491811987e-01,4.075495114320247247e-01,0.000000000000000000e+00,4.093347059978407199e-01,3.934209712939514270e-01,3.820316064365935071e-01,3.641414214028239060e-01,0.000000000000000000e+00,4.007898729615014810e-01,3.881971972841877228e-01,3.797676250255618835e-01,3.811456719453982234e-01,3.307897622192482734e-01,3.457099357009590923e-01,3.732485274374131023e-01,3.703622014501199988e-01,3.991725863947986896e-01,3.827749570670838097e-01,0.000000000000000000e+00,3.640811387314730752e-01,4.082762101593668258e-01,3.362602428941487975e-01,3.655556681716987111e-01,4.142313465622377011e-01,3.775589721188993275e-01,0.000000000000000000e+00,0.000000000000000000e+00,4.368647411989293738e-01,4.155583896503108887e-01,4.146292889128175840e-01,4.275193768601172062e-01,3.833406823275525843e-01,0.000000000000000000e+00,0.000000000000000000e+00,4.138603652598348837e-01,4.312629122800883952e-01,0.000000000000000000e+00,0.000000000000000000e+00,0.000000000000000000e+00,4.217317038930699091e-01,4.220694440098041733e-01,4.738800916201634239e-01,0.000000000000000000e+00,3.768503005487695012e-01,0.000000000000000000e+00,3.970086133523941796e-01,4.292631141629454916e-01,0.000000000000000000e+00,4.715743305691504905e-01,4.288470646634289229e-01,0.000000000000000000e+00,4.118421392845706963e-01,0.000000000000000000e+00,4.274099150385454182e-01,4.380268567383279743e-01,4.502672359109126110e-01,4.509809242534887908e-01,0.000000000000000000e+00,4.144238923854470791e-01,4.498353113567118977e-01,4.466194042363447747e-01,4.396817601897026195e-01,4.299643374751795921e-01,0.000000000000000000e+00,4.050648193597699009e-01
0.000000000000000000e+00,3.653080939824551732e-01,0.000000000000000000e+00,0.000000000000000000e+00,3.451758720845062856e-01,3.278294638030022079e-01,4.290163385482897995e-01,4.050029359095249082e-01,2.697381104798252105e-01,4.412802273059890923e-01,2.844336905508330071e-01,4.333047759489758732e-01,4.445131084663768162e-01,3.563902607115798093e-01,0.000000000000000000e+00,0.000000000000000000e+00,0.000000000000000000e+00,0.000000000000000000e+00,2.434521945153473865e-01,3.716078814456648116e-01,0.000000000000000000e+00,3.889559050533220042e-01,3.075985712577224973e-01,0.000000000000000000e+00,3.558498404091622880e-01,3.758833272815200188e-01,2.765855245342194735e-01,4.467189078767043742e-01,3.816896795000785936e-01,4.411256954046219869e-01,4.534359628944126808e-01,4.236874400823090192e-01,3.964761774165900809e-01,4.558440394410168128e-01,4.762164649090822044e-01,3.940005545598839198e-01,4.555080452660615897e-01,3.435243368148804266e-01,4.883994350949423247e-01,0.000000000000000000e+00,5.189530546115107557e-01,0.000000000000000000e+00,4.812940792321401817e-01,0.000000000000000000e+00,0.000000000000000000e+00,0.000000000000000000e+00,0.000000000000000000e+00,4.178474386596963130e-01,0.000000000000000000e+00,5.003258950017482887e-01,5.481953571236610756e-01,5.433640884655311920e-01,5.063928807366924190e-01,5.420012198454853269e-01,0.000000000000000000e+00,5.052668024451232309e-01,0.000000000000000000e+00,5.189040616321844990e-01,5.017764138271275653e-01,0.000000000000000000e+00,0.000000000000000000e+00,0.000000000000000000e+00,0.000000000000000000e+00,3.579169930526667764e-01,4.319262090309826108e-01,0.000000000000000000e+00,4.532564222109419783e-01,5.401462128053611256e-01,0.000000000000000000e+00,0.000000000000000000e+00,0.000000000000000000e+00,5.388270703138812179e-01,5.166510104659559621e-01,4.900436698060329221e-01,5.298331666909882331e-01,5.276492384007209768e-01
0.000000000000000000e+00,0.000000000000000000e+00,0.000000000000000000e+00,0.000000000000000000e+00,2.783035391848637241e-01,4.291301895678968914e-01,2.634224659790361245e-01,3.839039076588646737e-01,4.135377713502594865e-01,0.000000000000000000e+00,3.600480462754457878e-01,0.000000000000000000e+00,3.060651286869147114e-01,3.474735566463307834e-01,0.000000000000000000e+00,0.000000000000000000e+00,0.000000000000000000e+00,0.000000000000000000e+00,3.550124632479416120e-01,0.000000000000000000e+00,0.000000000000000000e+00,0.000000000000000000e+00,0.000000000000000000e+00,0.000000000000000000e+00,0.000000000000000000e+00,0.000000000000000000e+00,0.000000000000000000e+00,3.120156177630313277e-01,0.000000000000000000e+00,0.000000000000000000e+00,0.000000000000000000e+00,3.066438054793180212e-01,0.000000000000000000e+00,0.000000000000000000e+00,3.301911583310058740e-01,2.496145254689005888e-01,1.812327291268082952e-01,0.000000000000000000e+00,0.000000000000000000e+00,0.000000000000000000e+00,0.000000000000000000e+00,0.000000000000000000e+00,0.000000000000000000e+00,0.000000000000000000e+00,0.000000000000000000e+00,0.000000000000000000e+00,0.000000000000000000e+00,0.000000000000000000e+00,0.000000000000000000e+00,0.000000000000000000e+00,0.000000000000000000e+00,0.000000000000000000e+00,0.000000000000000000e+00,0.000000000000000000e+00,0.000000000000000000e+00,0.000000000000000000e+00,0.000000000000000000e+00,0.000000000000000000e+00,0.000000000000000000e+00,0.000000000000000000e+00,0.000000000000000000e+00,0.000000000000000000e+00,0.000000000000000000e+00,0.000000000000000000e+00,0.000000000000000000e+00,0.000000000000000000e+00,0.000000000000000000e+00,0.000000000000000000e+00,0.000000000000000000e+00,0.000000000000000000e+00,0.000000000000000000e+00,0.000000000000000000e+00,0.000000000000000000e+00,0.000000000000000000e+00,0.000000000000000000e+00,0.000000000000000000e+00
0.000000000000000000e+00,3.651934192453885064e-01,3.451758720845062856e-01,2.783035391848637241e-01,0.000000000000000000e+00,3.277909725839516786e-01,3.263624971813470776e-01,3.689604358988419763e-01,3.027063702044336946e-01,4.192024855296181962e-01,3.120317542839127767e-01,4.115900877984539075e-01,3.730494408008970253e-01,2.799542938549453019e-01,0.000000000000000000e+00,0.000000000000000000e+00,4.114298800705559755e-01,4.414145782770981241e-01,3.305646228100578843e-01,3.717242638081573736e-01,0.000000000000000000e+00,3.988020032716805829e-01,3.879620960621990022e-01,3.986676844430654953e-01,4.300721854139555878e-01,3.687440194070267241e-01,3.486633903154053860e-01,3.487232513837699166e-01,3.907051636013608165e-01,4.488045371294038244e-01,4.506987093536707900e-01,3.607446208445346802e-01,3.585751164504784039e-01,4.305668080464902792e-01,4.424246860022829075e-01,2.612677403730163106e-01,2.358533653221865090e-01,3.967577147297978724e-01,4.217886997957437933e-01,0.000000000000000000e+00,0.000000000000000000e+00,0.000000000000000000e+00,4.310813374367907236e-01,0.000000000000000000e+00,0.000000000000000000e+00,0.000000000000000000e+00,0.000000000000000000e+00,5.085420613905800025e-01,0.000000000000000000e+00,4.491088408191485915e-01,5.228169279217638188e-01,4.989791841742526879e-01,4.780342509897789194e-01,4.982185956723458875e-01,0.000000000000000000e+00,4.707038457171128787e-01,0.000000000000000000e+00,4.846117455150136810e-01,4.577082444492757141e-01,0.000000000000000000e+00,0.000000000000000000e+00,0.000000000000000000e+00,0.000000000000000000e+00,4.825310239438975191e-01,0.000000000000000000e+00,0.000000000000000000e+00,0.000000000000000000e+00,5.214383747561032179e-01,0.000000000000000000e+00,0.000000000000000000e+00,0.000000000000000000e+00,5.080968960908170962e-01,4.840660428782038172e-01,4.369446324321359931e-01,0.000000000000000000e+00,5.150052189428073746e-01
3.745556106810500885e-01,3.620881696671578998e-01,3.278294638030022079e-01,4.291301895678968914e-01,3.277909725839516786e-01,0.000000000000000000e+00,4.044249238867573815e-01,3.890351370376178841e-01,2.989631156888785113e-01,4.302710198323104751e-01,3.195029053373040773e-01,4.187259995606574803e-01,3.554149775367415054e-01,4.026298912333509117e-01,3.632634853140815911e-01,4.148150432973453094e-01,0.000000000000000000e+00,4.062343981690614836e-01,3.435417095067753168e-01,3.565353224992297010e-01,3.592384673302724818e-01,3.903423107433516837e-01,3.611922959600167848e-01,4.190934175230182079e-01,3.655296524082797260e-01,3.764752521829812792e-01,3.360442871586631908e-01,3.607591499964863946e-01,2.940211324893137745e-01,4.062463660073464267e-01,4.278040530503597894e-01,4.090324150863143271e-01,3.619842045488976812e-01,4.276695041246516005e-01,4.406345462794232781e-01,4.465191797335552049e-01,4.513540316815655151e-01,4.225346691600740945e-01,4.946338551367763237e-01,0.000000000000000000e+00,5.034703139441655262e-01,5.150013452184987184e-01,4.971875683809667823e-01,0.000000000000000000e+00,0.000000000000000000e+00,0.000000000000000000e+00,4.030422292522998773e-01,5.469886112640979237e-01,0.000000000000000000e+00,5.178377903549307160e-01,5.165810770919956330e-01,5.306618699662049021e-01,4.646778469702979031e-01,5.422602516744381429e-01,0.000000000000000000e+00,5.228868175825814868e-01,0.000000000000000000e+00,5.024560547798199162e-01,4.897626728161615928e-01,4.437291086247451832e-01,4.016599840289072909e-01,0.000000000000000000e+00,0.000000000000000000e+00,5.325914505856351733e-01,4.455563599007393849e-01,4.008259267074325005e-01,4.357027533625115745e-01,5.177293125984224753e-01,0.000000000000000000e+00,3.853604717262513191e-01,4.184489315761921735e-01,5.086386749977961363e-01,5.004395245167057027e-01,4.859570134586156942e-01,5.014737905180615130e-01,5.051931151070433446e-01
4.597250874766868889e-01,4.053236467619237837e-01,4.290163385482897995e-01,2.634224659790361245e-01,3.263624971813470776e-01,4.044249238867573815e-01,0.000000000000000000e+00,4.538551827956024964e-01,3.935436005543915816e-01,3.933419079594314138e-01,4.371923108030476013e-01,3.620519135430865232e-01,3.295675898777972179e-01,3.143475677103044208e-01,3.861124888228151808e-01,4.484749755931740078e-01,0.000000000000000000e+00,4.183460268405392868e-01,4.464453892722898276e-01,4.203380019708318205e-01,4.276236016736110757e-01,4.450355957505389148e-01,4.359489844702290062e-01,3.680366606351654912e-01,4.128806501210556812e-01,4.009364660681650205e-01,4.215038274808489138e-01,3.359234193187510265e-01,4.270647729674486026e-01,4.300369953169261850e-01,4.000510956976792154e-01,4.216945951019702155e-01,3.701855446481723266e-01,3.885068453952597034e-01,4.094496817040150227e-01,3.400555107520791265e-01,4.082590366540067017e-01,3.497908101083346821e-01,4.953818296188958192e-01,0.000000000000000000e+00,5.317204583090817671e-01,5.370716607559991029e-01,4.843390015148328898e-01,0.000000000000000000e+00,0.000000000000000000e+00,0.000000000000000000e+00,0.000000000000000000e+00,5.405600409294456510e-01,0.000000000000000000e+00,5.054021183923114169e-01,5.368039223055198761e-01,5.394323673699306099e-01,4.916140620021633989e-01,5.446881124179767664e-01,0.000000000000000000e+00,5.020876495827247821e-01,0.000000000000000000e+00,5.172986199517853878e-01,4.629040168646321729e-01,4.731525182538334762e-01,0.000000000000000000e+00,0.000000000000000000e+00,0.000000000000000000e+00,5.265377451274926290e-01,4.659544317957696746e-01,0.000000000000000000e+00,4.608989507564488219e-01,5.395802977072938766e-01,0.000000000000000000e+00,0.000000000000000000e+00,4.281651152245520842e-01,5.272706194411199698e-01,5.193419450329008757e-01,5.040983590518479662e-01,5.285586524549066301e-01,5.233219745135884171e-01
4.557637431033275122e-01,4.106189673051884870e-01,4.050029359095249082e-01,3.839039076588646737e-01,3.689604358988419763e-01,3.890351370376178841e-01,4.538551827956024964e-01,0.000000000000000000e+00,4.319282915902897257e-01,4.330317836483192906e-01,3.436586001907335208e-01,4.564185187605758198e-01,4.409240610814825212e-01,3.509463377458202915e-01,3.786122353728306189e-01,4.263499573869721782e-01,0.000000000000000000e+00,4.248544432773356250e-01,3.879533529213112231e-01,3.720782334966125093e-01,3.831889090867428016e-01,3.903181539723982740e-01,3.296252322956518821e-01,4.604528705093640095e-01,4.295356863570329864e-01,4.386168611088228086e-01,3.776915105611319268e-01,4.166594124228233942e-01,3.652017283840696127e-01,3.982046613065778895e-01,4.237272932993966235e-01,3.750799759282508195e-01,3.829167377388246196e-01,4.407658482516326193e-01,4.631331649820614738e-01,3.378666254829513216e-01,3.815927223112766109e-01,0.000000000000000000e+00,4.802867565009308892e-01,0.000000000000000000e+00,4.979712136407281053e-01,4.945723539462115181e-01,4.675960791088830115e-01,0.000000000000000000e+00,0.000000000000000000e+00,0.000000000000000000e+00,4.535716053214429166e-01,5.223209227227088025e-01,0.000000000000000000e+00,4.840591809994687078e-01,4.876811254611693736e-01,5.026761555615695265e-01,3.806540383861253818e-01,5.244716827305433426e-01,0.000000000000000000e+00,5.091067887284319582e-01,0.000000000000000000e+00,4.775431501119041244e-01,5.013882448945877757e-01,4.760988234119498119e-01,0.000000000000000000e+00,0.000000000000000000e+00,0.000000000000000000e+00,4.980304583609784230e-01,4.820301217968259166e-01,4.607997484210271111e-01,4.771960475958694214e-01,5.029350588965946223e-01,0.000000000000000000e+00,0.000000000000000000e+00,4.647416096822781784e-01,5.038800498126392302e-01,4.814493866260918797e-01,4.721231526550264124e-01,4.914394210761390824e-01,4.937719711023961233e-01
3.290178029070612853e-01,3.644940830467167103e-01,2.697381104798252105e-01,4.135377713502594865e-01,3.027063702044336946e-01,2.989631156888785113e-01,3.935436005543915816e-01,4.319282915902897257e-01,0.000000000000000000e+00,4.533200414481651230e-01,2.466002576880826080e-01,4.338092677915744155e-01,3.946277737374995764e-01,3.686181360999882251e-01,3.614855601988888889e-01,4.103423724210746859e-01,4.441758715383533063e-01,4.340195307976976169e-01,2.414072430533464042e-01,3.667820816441709209e-01,3.642530905446931810e-01,3.989645623855874179e-01,3.929257386483627768e-01,4.338266184964507111e-01,3.670540744232185792e-01,3.666908388569609101e-01,2.914250072689260063e-01,4.533875550465544246e-01,3.637116789604030731e-01,4.490577534385711833e-01,4.627029729069755959e-01,4.374726059371971121e-01,4.017347352587735121e-01,4.642229730424138889e-01,4.807204786648220929e-01,4.560002753093543859e-01,4.668749206577698097e-01,4.317578849373703842e-01,5.078570160184718851e-01,0.000000000000000000e+00,5.283923380721086138e-01,5.299620937295455025e-01,4.889474939168592105e-01,0.000000000000000000e+00,0.000000000000000000e+00,0.000000000000000000e+00,3.888877167634609000e-01,5.523388151167564208e-01,0.000000000000000000e+00,5.176764940246106894e-01,5.445307953727250849e-01,5.476416008779926292e-01,5.041308229050982526e-01,5.474391475215238945e-01,5.176851029412133931e-01,5.267100329824475624e-01,0.000000000000000000e+00,5.230529580129097411e-01,4.985413497719450859e-01,4.388007165838582191e-01,0.000000000000000000e+00,0.000000000000000000e+00,0.000000000000000000e+00,5.356584230371980171e-01,4.548907458976091944e-01,0.000000000000000000e+00,4.389046937415931882e-01,5.441120096300997577e-01,0.000000000000000000e+00,0.000000000000000000e+00,4.128915927600346758e-01,5.392886226348436729e-01,5.208609741746319521e-01,4.954997041631595267e-01,5.230588743420723219e-01,5.228280551852441116e-01
3.565108188592628902e-01,3.222395254797867925e-01,4.412802273059890923e-01,0.000000000000000000e+00,4.192024855296181962e-01,4.302710198323104751e-01,3.933419079594314138e-01,4.330317836483192906e-01,4.533200414481651230e-01,0.000000000000000000e+00,4.432584652113977786e-01,2.347320021118594058e-01,3.816923969038213960e-01,0.000000000000000000e+00,0.000000000000000000e+00,3.567593061134924914e-01,3.112968871843015961e-01,3.368225163051917770e-01,4.485222391733686975e-01,3.714603856550779959e-01,3.642203509807587225e-01,3.795408282189394189e-01,4.285210759688626858e-01,2.686911692524833195e-01,2.711833462242645987e-01,2.530425084674928216e-01,4.147633813501415134e-01,3.629242353009651811e-01,3.872517931375500932e-01,0.000000000000000000e+00,3.114361580118923944e-01,3.334716738957881899e-01,2.788973144797253223e-01,2.865472283518156194e-01,2.656720005129574735e-01,3.591421136632276800e-01,2.428238205155499874e-01,2.500081833238838036e-01,2.991053668257481202e-01,3.855257451417622994e-01,3.605654356279203165e-01,3.577495126333989917e-01,3.192465332240008169e-01,0.000000000000000000e+00,3.250819803335274760e-01,0.000000000000000000e+00,0.000000000000000000e+00,0.000000000000000000e+00,0.000000000000000000e+00,0.000000000000000000e+00,5.130737651433706636e-01,0.000000000000000000e+00,0.000000000000000000e+00,0.000000000000000000e+00,4.317123531793056190e-01,0.000000000000000000e+00,4.281963528615075898e-01,0.000000000000000000e+00,0.000000000000000000e+00,0.000000000000000000e+00,4.040710413876418827e-01,4.461780539654455202e-01,4.379440216980310940e-01,0.000000000000000000e+00,0.000000000000000000e+00,0.000000000000000000e+00,0.000000000000000000e+00,0.000000000000000000e+00,3.879068664326454918e-01,4.235911662350387852e-01,4.298197632789449996e-01,0.000000000000000000e+00,0.000000000000000000e+00,0.000000000000000000e+00,0.000000000000000000e+00,4.397361737421329742e-01
0.000000000000000000e+00,0.000000000000000000e+00,2.844336905508330071e-01,3.600480462754457878e-01,3.120317542839127767e-01,3.195029053373040773e-01,4.371923108030476013e-01,3.436586001907335208e-01,2.466002576880826080e-01,4.432584652113977786e-01,0.000000000000000000e+00,4.311636535250479851e-01,4.593777190394093268e-01,2.782948931372145052e-01,0.000000000000000000e+00,0.000000000000000000e+00,4.586373985679104148e-01,4.412547340140045016e-01,2.171397208333092077e-01,3.714816407429070155e-01,0.000000000000000000e+00,4.056689451949270775e-01,3.309764091555316146e-01,0.000000000000000000e+00,0.000000000000000000e+00,0.000000000000000000e+00,3.100286137950776233e-01,4.559146578881665968e-01,0.000000000000000000e+00,4.601780623169666740e-01,4.651220636721083990e-01,3.732513779982957192e-01,3.917819059106418256e-01,4.572694188224972756e-01,4.730029511823126143e-01,3.064547225360738092e-01,3.395078629469164277e-01,4.259768544634203180e-01,4.442753320970913022e-01,0.000000000000000000e+00,5.095786425605289827e-01,4.789578020572661798e-01,4.441980492623276988e-01,0.000000000000000000e+00,0.000000000000000000e+00,0.000000000000000000e+00,0.000000000000000000e+00,5.245631134284129971e-01,0.000000000000000000e+00,4.689021066670833737e-01,5.278635752382725421e-01,5.141129131213455494e-01,4.742064247906767060e-01,5.121249795791669168e-01,0.000000000000000000e+00,3.126887211633144203e-01,0.000000000000000000e+00,5.107416911922828540e-01,4.662070054830084742e-01,0.000000000000000000e+00,0.000000000000000000e+00,0.000000000000000000e+00,0.000000000000000000e+00,2.865848719154853730e-01,4.261542742750141777e-01,0.000000000000000000e+00,4.051333021944154011e-01,5.291987090847890540e-01,0.000000000000000000e+00,0.000000000000000000e+00,0.000000000000000000e+00,5.207370797060163481e-01,4.926377636898697787e-01,4.576409639596790146e-01,5.293296429779946743e-01,5.093432171887619653e-01
3.611826972797699820e-01,3.199499849491811987e-01,4.333047759489758732e-01,0.000000000000000000e+00,4.115900877984539075e-01,4.187259995606574803e-01,3.620519135430865232e-01,4.564185187605758198e-01,4.338092677915744155e-01,2.347320021118594058e-01,4.311636535250479851e-01,0.000000000000000000e+00,3.655749868676813064e-01,0.000000000000000000e+00,0.000000000000000000e+00,3.324668555171043094e-01,3.228190100650074057e-01,3.336399837685339875e-01,4.195819062509226205e-01,4.005008624038192133e-01,4.366028271129226979e-01,0.000000000000000000e+00,4.266747566448942930e-01,2.583776080739575987e-01,2.839979277527225898e-01,2.655116177764940133e-01,3.973998066037522925e-01,3.282196143991433224e-01,0.000000000000000000e+00,0.000000000000000000e+00,3.185439057854884126e-01,2.652857572906694994e-01,2.588898824594008108e-01,2.246966350541902968e-01,2.900983380172797998e-01,3.133824604856443874e-01,2.528052681340748897e-01,2.073082289344974904e-01,2.635277315051198777e-01,4.097187816240696057e-01,3.818822179813434192e-01,4.265566712386821835e-01,3.089288336805918189e-01,0.000000000000000000e+00,3.151458299807218810e-01,3.480093967686391232e-01,0.000000000000000000e+00,0.000000000000000000e+00,0.000000000000000000e+00,0.000000000000000000e+00,0.000000000000000000e+00,0.000000000000000000e+00,0.000000000000000000e+00,0.000000000000000000e+00,4.332233966446504825e-01,0.000000000000000000e+00,4.223955564040615118e-01,0.000000000000000000e+00,0.000000000000000000e+00,0.000000000000000000e+00,4.179332992525032209e-01,4.425137012631473743e-01,4.396907672213620222e-01,0.000000000000000000e+00,0.000000000000000000e+00,0.000000000000000000e+00,0.000000000000000000e+00,0.000000000000000000e+00,3.728546989239536757e-01,4.250657637182002069e-01,4.238784671198871923e-01,0.000000000000000000e+00,3.941425232751014085e-01,0.000000000000000000e+00,0.000000000000000000e+00,4.221050816668466266e-01
4.396087831617416231e-01,4.075495114320247247e-01,4.445131084663768162e-01,3.060651286869147114e-01,3.730494408008970253e-01,3.554149775367415054e-01,3.295675898777972179e-01,4.409240610814825212e-01,3.946277737374995764e-01,3.816923969038213960e-01,4.593777190394093268e-01,3.655749868676813064e-01,0.000000000000000000e+00,3.431453262911920987e-01,3.889780439642576138e-01,4.452384430531566850e-01,3.847158420748423846e-01,4.100602456012473751e-01,4.626166978149139908e-01,4.097705274499440220e-01,4.183638387783950030e-01,4.413456907089046144e-01,4.226153526894488865e-01,3.838161253661139805e-01,4.075466926508792831e-01,3.935145720795242275e-01,4.100668435245454213e-01,3.181505776561702192e-01,3.962428753854448926e-01,3.762441284458974966e-01,3.882520840600975909e-01,4.279218344905078020e-01,3.706429641132560904e-01,3.919785809315550762e-01,4.255512614140650185e-01,3.943161165969645277e-01,4.271372380545557235e-01,3.526924840596039057e-01,4.978105219598271125e-01,0.000000000000000000e+00,5.197227690000126854e-01,5.205806908239750674e-01,4.881521393682546894e-01,0.000000000000000000e+00,0.000000000000000000e+00,0.000000000000000000e+00,4.188400975644784863e-01,5.379435730912227598e-01,0.000000000000000000e+00,5.099552912842250096e-01,5.198000973935479330e-01,5.271677986818422701e-01,4.852547100553739057e-01,5.293079884348573794e-01,5.067193254342868824e-01,5.028465292267334519e-01,0.000000000000000000e+00,5.092390931768149276e-01,4.594119160538259750e-01,4.723919462619287080e-01,4.438062200487147835e-01,0.000000000000000000e+00,0.000000000000000000e+00,5.216037741311787546e-01,4.729544872890331098e-01,4.861447661846557966e-01,4.618755531159953742e-01,5.226716063880659791e-01,0.000000000000000000e+00,3.990802879949584825e-01,4.292724942297164170e-01,5.138186352773054244e-01,5.090148194081954847e-01,4.987191009721658186e-01,5.102685851818324902e-01,5.090974972391570930e-01
0.000000000000000000e+00,0.000000000000000000e+00,3.563902607115798093e-01,3.474735566463307834e-01,2.799542938549453019e-01,4.026298912333509117e-01,3.143475677103044208e-01,3.509463377458202915e-01,3.686181360999882251e-01,0.000000000000000000e+00,2.782948931372145052e-01,0.000000000000000000e+00,3.431453262911920987e-01,0.000000000000000000e+00,0.000000000000000000e+00,0.000000000000000000e+00,0.000000000000000000e+00,0.000000000000000000e+00,3.269659877587677843e-01,0.000000000000000000e+00,0.000000000000000000e+00,0.000000000000000000e+00,3.495615158572090153e-01,0.000000000000000000e+00,0.000000000000000000e+00,0.000000000000000000e+00,3.849051019487452763e-01,3.229686638588670777e-01,0.000000000000000000e+00,0.000000000000000000e+00,0.000000000000000000e+00,2.713605897440733994e-01,0.000000000000000000e+00,0.000000000000000000e+00,0.000000000000000000e+00,2.873610651882375078e-01,1.982698097700661133e-01,0.000000000000000000e+00,0.000000000000000000e+00,0.000000000000000000e+00,0.000000000000000000e+00,0.000000000000000000e+00,4.449516695777814834e-01,0.000000000000000000e+00,0.000000000000000000e+00,0.000000000000000000e+00,0.000000000000000000e+00,5.150288780976336467e-01,0.000000000000000000e+00,4.297727040521895914e-01,0.000000000000000000e+00,0.000000000000000000e+00,4.726728709078640844e-01,4.927197062382682735e-01,0.000000000000000000e+00,4.676747024059296209e-01,0.000000000000000000e+00,0.000000000000000000e+00,0.000000000000000000e+00,0.000000000000000000e+00,0.000000000000000000e+00,0.000000000000000000e+00,0.000000000000000000e+00,0.000000000000000000e+00,0.000000000000000000e+00,0.000000000000000000e+00,0.000000000000000000e+00,5.032838036520346225e-01,0.000000000000000000e+00,0.000000000000000000e+00,0.000000000000000000e+00,5.256329178810119629e-01,0.000000000000000000e+00,0.000000000000000000e+00,0.000000000000000000e+00,0.000000000000000000e+00
3.951024335543508736e-01,4.093347059978407199e-01,0.000000000000000000e+00,0.000000000000000000e+00,0.000000000000000000e+00,3.632634853140815911e-01,3.861124888228151808e-01,3.786122353728306189e-01,3.614855601988888889e-01,0.000000000000000000e+00,0.000000000000000000e+00,0.000000000000000000e+00,3.889780439642576138e-01,0.000000000000000000e+00,0.000000000000000000e+00,4.096710114032853789e-01,0.000000000000000000e+00,3.821524409409233769e-01,0.000000000000000000e+00,3.102397075259352155e-01,3.859203670098131922e-01,3.397947652494606730e-01,3.384754196969166906e-01,4.240968226851513090e-01,3.824945105375279764e-01,3.661274913116300822e-01,3.523184062250447890e-01,3.834026140241955094e-01,3.638916507061211170e-01,0.000000000000000000e+00,3.957505664192110251e-01,4.176378119306051184e-01,3.774554754102280030e-01,4.136542909655533951e-01,4.525037214611493108e-01,4.763233897176126219e-01,5.044001340866088867e-01,0.000000000000000000e+00,4.775767944539406895e-01,4.668350273121867899e-01,4.702901982979019735e-01,4.887844767091695242e-01,4.077505653309790867e-01,0.000000000000000000e+00,0.000000000000000000e+00,0.000000000000000000e+00,4.850407803958297071e-01,0.000000000000000000e+00,0.000000000000000000e+00,0.000000000000000000e+00,4.544757704887409933e-01,0.000000000000000000e+00,4.972291843714390924e-01,0.000000000000000000e+00,0.000000000000000000e+00,0.000000000000000000e+00,0.000000000000000000e+00,4.531930997135408812e-01,0.000000000000000000e+00,5.083523616222147545e-01,4.577573538749987736e-01,0.000000000000000000e+00,4.270563673011165129e-01,0.000000000000000000e+00,4.598698220870688913e-01,4.673706489786406126e-01,5.045573463140968773e-01,4.742173880036332223e-01,0.000000000000000000e+00,4.391894705477509264e-01,5.093172342375474893e-01,4.711670424814941027e-01,4.625455064065914779e-01,4.537395556522911266e-01,4.641637483347081927e-01,4.609186164611122072e-01
3.888457715554725080e-01,3.934209712939514270e-01,0.000000000000000000e+00,0.000000000000000000e+00,0.000000000000000000e+00,4.148150432973453094e-01,4.484749755931740078e-01,4.263499573869721782e-01,4.103423724210746859e-01,3.567593061134924914e-01,0.000000000000000000e+00,3.324668555171043094e-01,4.452384430531566850e-01,0.000000000000000000e+00,4.096710114032853789e-01,0.000000000000000000e+00,3.788034473315732842e-01,3.249855196281283831e-01,0.000000000000000000e+00,3.934236543238653905e-01,3.979602953034401813e-01,3.747720481207726939e-01,4.016923930856795000e-01,3.568918512181720182e-01,3.523345074121472797e-01,4.054150734381054000e-01,3.966321935462552850e-01,4.325117662457186873e-01,4.170947467694418043e-01,4.281661766535734825e-01,3.582454436484295845e-01,4.293001770424048069e-01,3.514935833143962851e-01,3.704050936844496822e-01,4.018405063503067143e-01,3.673846265385165011e-01,0.000000000000000000e+00,0.000000000000000000e+00,4.345918074740787729e-01,4.141194814155448878e-01,4.127432393637471275e-01,4.157995210743946068e-01,4.068933667075870231e-01,0.000000000000000000e+00,0.000000000000000000e+00,4.158898611327748740e-01,4.325296265043874766e-01,0.000000000000000000e+00,0.000000000000000000e+00,0.000000000000000000e+00,4.350899512474614150e-01,0.000000000000000000e+00,0.000000000000000000e+00,0.000000000000000000e+00,4.208122558130167890e-01,0.000000000000000000e+00,4.183281422351797230e-01,4.247249560056666207e-01,0.000000000000000000e+00,4.627552808457298106e-01,4.284664671901912136e-01,0.000000000000000000e+00,4.139281224977258145e-01,0.000000000000000000e+00,4.460193757127378089e-01,4.347790827288275928e-01,4.494590119360010738e-01,4.717013143255264773e-01,0.000000000000000000e+00,4.133493227783803792e-01,4.436581685339950898e-01,4.616493301843472841e-01,4.684124757472329925e-01,4.480767017490313031e-01,0.000000000000000000e+00,4.082923441411085985e-01
3.615111510162777875e-01,3.820316064365935071e-01,0.000000000000000000e+00,0.000000000000000000e+00,4.114298800705559755e-01,0.000000000000000000e+00,0.000000000000000000e+00,0.000000000000000000e+00,4.441758715383533063e-01,3.112968871843015961e-01,4.586373985679104148e-01,3.228190100650074057e-01,3.847158420748423846e-01,0.000000000000000000e+00,0.000000000000000000e+00,3.788034473315732842e-01,0.000000000000000000e+00,3.266286032215143242e-01,0.000000000000000000e+00,3.924183193980830264e-01,0.000000000000000000e+00,3.871875686231665004e-01,0.000000000000000000e+00,3.447759694223117011e-01,3.094236587808523176e-01,3.272147288618684757e-01,0.000000000000000000e+00,3.787878084156300895e-01,0.000000000000000000e+00,0.000000000000000000e+00,3.466123972702919165e-01,4.422653239614943166e-01,3.468702575576185776e-01,3.552121614617396728e-01,3.852839574577205939e-01,0.000000000000000000e+00,0.000000000000000000e+00,3.274747856912945121e-01,4.563353499409196767e-01,4.395731138767424162e-01,4.283854281020584853e-01,4.329498653911503236e-01,0.000000000000000000e+00,0.000000000000000000e+00,0.000000000000000000e+00,3.615937936354601256e-01,0.000000000000000000e+00,0.000000000000000000e+00,0.000000000000000000e+00,0.000000000000000000e+00,0.000000000000000000e+00,0.000000000000000000e+00,0.000000000000000000e+00,0.000000000000000000e+00,4.476943573350640748e-01,0.000000000000000000e+00,4.364748044562198892e-01,0.000000000000000000e+00,0.000000000000000000e+00,0.000000000000000000e+00,4.320482120007602123e-01,4.551697245661430191e-01,4.463298280823678743e-01,0.000000000000000000e+00,0.000000000000000000e+00,0.000000000000000000e+00,0.000000000000000000e+00,0.000000000000000000e+00,4.034212510925423989e-01,4.309273837794611040e-01,4.378729248222503201e-01,0.000000000000000000e+00,0.000000000000000000e+00,0.000000000000000000e+00,0.000000000000000000e+00,4.515740848797378804e-01
3.466853858790492904e-01,3.641414214028239060e-01,0.000000000000000000e+00,0.000000000000000000e+00,4.414145782770981241e-01,4.062343981690614836e-01,4.183460268405392868e-01,4.248544432773356250e-01,4.340195307976976169e-01,3.368225163051917770e-01,4.412547340140045016e-01,3.336399837685339875e-01,4.100602456012473751e-01,0.000000000000000000e+00,3.821524409409233769e-01,3.249855196281283831e-01,3.266286032215143242e-01,0.000000000000000000e+00,0.000000000000000000e+00,3.797949773947876251e-01,3.882099284366651859e-01,3.894215672279884854e-01,4.097345295274629762e-01,3.316602167991273276e-01,3.116837861396710152e-01,3.399710985448601841e-01,3.946568693068451816e-01,3.946147891316625911e-01,3.960795849289808768e-01,0.000000000000000000e+00,3.620143799937818874e-01,4.374473822094713804e-01,3.439788261257745727e-01,3.753075508267800231e-01,4.038162634775895876e-01,3.977976973540741090e-01,0.000000000000000000e+00,3.353996020250681886e-01,4.359185334672818768e-01,4.165633981806987074e-01,4.172678920655443213e-01,4.340921453656185758e-01,0.000000000000000000e+00,0.000000000000000000e+00,0.000000000000000000e+00,3.796794582558951081e-01,4.088912588041623830e-01,0.000000000000000000e+00,0.000000000000000000e+00,0.000000000000000000e+00,4.045049631823370850e-01,0.000000000000000000e+00,0.000000000000000000e+00,0.000000000000000000e+00,4.417829731089543133e-01,0.000000000000000000e+00,4.359018747772441249e-01,0.000000000000000000e+00,0.000000000000000000e+00,4.465696761137640802e-01,4.190682269871042198e-01,4.458597225304152811e-01,4.317740686138821227e-01,0.000000000000000000e+00,4.141606558710497765e-01,0.000000000000000000e+00,4.161142131005501898e-01,0.000000000000000000e+00,3.974068913022092975e-01,4.187596666977589921e-01,4.301306264309224248e-01,0.000000000000000000e+00,0.000000000000000000e+00,4.134969619647351768e-01,0.000000000000000000e+00,4.195741629065304901e-01
0.000000000000000000e+00,0.000000000000000000e+00,2.434521945153473865e-01,3.550124632479416120e-01,3.305646228100578843e-01,3.435417095067753168e-01,4.464453892722898276e-01,3.879533529213112231e-01,2.414072430533464042e-01,4.485222391733686975e-01,2.171397208333092077e-01,4.195819062509226205e-01,4.626166978149139908e-01,3.269659877587677843e-01,0.000000000000000000e+00,0.000000000000000000e+00,0.000000000000000000e+00,0.000000000000000000e+00,0.000000000000000000e+00,3.848074490073786214e-01,0.000000000000000000e+00,4.053902731393179137e-01,3.016225148817642809e-01,0.000000000000000000e+00,0.000000000000000000e+00,0.000000000000000000e+00,2.921972836334422174e-01,4.636264682221649114e-01,0.000000000000000000e+00,4.654544001216102123e-01,4.664589547643657186e-01,4.281674132678974232e-01,4.143491785929637738e-01,4.601134073325807150e-01,4.727352741442981121e-01,4.019275873156127887e-01,4.650074189201329200e-01,4.312501887441460013e-01,4.632762713368034913e-01,0.000000000000000000e+00,5.248982592094767474e-01,5.325725045197065022e-01,4.601966484417951975e-01,0.000000000000000000e+00,0.000000000000000000e+00,0.000000000000000000e+00,0.000000000000000000e+00,5.319223444310622329e-01,0.000000000000000000e+00,4.865631199060929113e-01,5.425806829131034625e-01,5.302800631339256165e-01,4.868395975002772769e-01,5.320890400154283384e-01,0.000000000000000000e+00,4.371051220793855108e-01,0.000000000000000000e+00,5.017643912393526806e-01,4.721679808316830984e-01,0.000000000000000000e+00,0.000000000000000000e+00,0.000000000000000000e+00,0.000000000000000000e+00,5.062053453787338508e-01,0.000000000000000000e+00,0.000000000000000000e+00,0.000000000000000000e+00,5.361520572536554452e-01,0.000000000000000000e+00,0.000000000000000000e+00,0.000000000000000000e+00,5.329127307078684872e-01,5.116131667481202960e-01,4.877079620175471253e-01,5.183239636681118423e-01,5.262959722767288628e-01
3.972561674294898260e-01,4.007898729615014810e-01,3.716078814456648116e-01,0.000000000000000000e+00,3.717242638081573736e-01,3.565353224992297010e-01,4.203380019708318205e-01,3.720782334966125093e-01,3.667820816441709209e-01,3.714603856550779959e-01,3.714816407429070155e-01,4.005008624038192133e-01,4.097705274499440220e-01,0.000000000000000000e+00,3.102397075259352155e-01,3.934236543238653905e-01,3.924183193980830264e-01,3.797949773947876251e-01,3.848074490073786214e-01,0.000000000000000000e+00,3.659257532319445949e-01,3.499838051033524744e-01,2.765871769228465116e-01,4.263717704872487801e-01,3.692910683447528930e-01,4.254534404450117102e-01,3.431769195875208900e-01,3.858087184554879756e-01,3.289109198523109123e-01,3.385492974421703827e-01,3.709749760103568939e-01,3.977517188652164859e-01,3.427041592553061178e-01,3.957896391814190173e-01,4.340732446516009091e-01,4.667500642746824080e-01,4.531930179808896231e-01,0.000000000000000000e+00,4.483193261708949273e-01,4.393293624187081248e-01,4.532009549908334045e-01,4.649965849844561183e-01,3.949410270938402134e-01,0.000000000000000000e+00,0.000000000000000000e+00,0.000000000000000000e+00,4.368056167470329987e-01,4.620626062735366246e-01,0.000000000000000000e+00,0.000000000000000000e+00,4.654468845214708161e-01,4.590727219537504844e-01,4.698746222868598887e-01,4.651232060115226274e-01,0.000000000000000000e+00,0.000000000000000000e+00,0.000000000000000000e+00,4.582345613736393819e-01,0.000000000000000000e+00,4.580135880963603912e-01,4.328723813010074140e-01,0.000000000000000000e+00,0.000000000000000000e+00,0.000000000000000000e+00,4.461251810137594753e-01,4.255045953090729749e-01,4.542445561627175277e-01,4.814298730606111909e-01,0.000000000000000000e+00,4.081091928634261179e-01,4.501600392556565078e-01,4.700189735432624971e-01,4.663019658407764889e-01,4.557024560857755868e-01,4.655840401442126741e-01,4.553683502206032907e-01
3.971483842172455758e-01,3.881971972841877228e-01,0.000000000000000000e+00,0.000000000000000000e+00,0.000000000000000000e+00,3.592384673302724818e-01,4.276236016736110757e-01,3.831889090867428016e-01,3.642530905446931810e-01,3.642203509807587225e-01,0.000000000000000000e+00,4.366028271129226979e-01,4.183638387783950030e-01,0.000000000000000000e+00,3.859203670098131922e-01,3.979602953034401813e-01,0.000000000000000000e+00,3.882099284366651859e-01,0.000000000000000000e+00,3.659257532319445949e-01,0.000000000000000000e+00,4.141129712158054255e-01,3.451611609778986733e-01,4.348250705157846729e-01,3.886213342468126108e-01,4.082487110204325864e-01,3.666990731922887270e-01,4.031421115704976188e-01,3.703710280824270007e-01,4.032009933413751024e-01,3.850772870413041171e-01,4.025829307453275829e-01,3.386596180926328969e-01,3.997123770339023885e-01,4.388152865381578782e-01,4.829371527490449179e-01,4.631009399890900213e-01,0.000000000000000000e+00,4.574256790523730243e-01,4.233354854907790954e-01,4.421901542380117234e-01,4.784244212584006783e-01,3.954082712982929237e-01,0.000000000000000000e+00,0.000000000000000000e+00,2.866566089262502781e-01,4.478934012671962894e-01,0.000000000000000000e+00,0.000000000000000000e+00,0.000000000000000000e+00,4.505383587522646116e-01,0.000000000000000000e+00,4.623614450921150199e-01,5.107814802335914894e-01,0.000000000000000000e+00,0.000000000000000000e+00,0.000000000000000000e+00,4.518982573561998173e-01,0.000000000000000000e+00,4.777941999151372188e-01,4.331793766993257133e-01,0.000000000000000000e+00,0.000000000000000000e+00,0.000000000000000000e+00,4.459386124215753977e-01,3.897121730595938804e-01,4.793643610051349091e-01,4.532547251857698134e-01,0.000000000000000000e+00,4.095293300036417228e-01,4.686494293374963149e-01,4.694090437001373073e-01,4.675827681775535094e-01,4.565082574733355103e-01,4.742520213353149106e-01,4.441130621552927260e-01
