0.000000000000000000e+00,4.093465818624045238e-01,0.000000000000000000e+00,0.000000000000000000e+00,0.000000000000000000e+00,4.058358274749727101e-01,4.237450077474548826e-01,4.871621050802888986e-01,0.000000000000000000e+00,3.688286004845399146e-01,0.000000000000000000e+00,3.661628698552892858e-01,4.439465307264821026e-01,4.863013608583436898e-01,4.038504437310398987e-01,4.312509092286194723e-01,3.825199579798920224e-01,3.960007280589180056e-01,0.000000000000000000e+00,4.258529854960929062e-01,3.991703542203924870e-01,4.305604642123153081e-01,4.520627982275077783e-01,3.643252888177732074e-01,3.705885610280947873e-01,3.754278946316206844e-01,4.580368236979713847e-01,4.331866249850693795e-01,4.224554241024292001e-01,5.235374381853805659e-01,3.913300760224194819e-01,4.513199465319530090e-01,3.801848993668315857e-01,3.930198807369122971e-01,4.353507713072662932e-01,0.000000000000000000e+00,0.000000000000000000e+00,4.074074029922484796e-01,4.395812863769629208e-01,3.985192689250354192e-01,4.035942737875904962e-01,4.528381377450210743e-01,0.000000000000000000e+00,0.000000000000000000e+00,0.000000000000000000e+00,3.319669680585031757e-01,4.312977688367827245e-01,0.000000000000000000e+00,0.000000000000000000e+00,0.000000000000000000e+00,4.175652328511740841e-01,0.000000000000000000e+00,0.000000000000000000e+00,0.000000000000000000e+00,4.131145890477017080e-01,0.000000000000000000e+00,3.907060566271945978e-01,4.229977559410398880e-01,0.000000000000000000e+00,0.000000000000000000e+00,4.386121138104405737e-01,0.000000000000000000e+00,4.128291078302722128e-01,0.000000000000000000e+00,4.041276923383975150e-01,3.060512011382692799e-01,4.247296494615728779e-01,0.000000000000000000e+00,3.225741788460043113e-01,4.226777036939277088e-01,4.238833113838307853e-01,0.000000000000000000e+00,0.000000000000000000e+00,4.488481547192648136e-01,0.000000000000000000e+00,4.126290632848719775e-01
4.093465818624045238e-01,0.000000000000000000e+00,3.861348564240110193e-01,0.000000000000000000e+00,3.904816161919558160e-01,3.824913121106909841e-01,4.118290000123497885e-01,4.340855240587488950e-01,3.817754772856259970e-01,3.521812621848324776e-01,0.000000000000000000e+00,3.424857700016586959e-01,4.292787558500550937e-01,0.000000000000000000e+00,4.166587722768967939e-01,4.152772401647153999e-01,3.579626328658037093e-01,4.004073203185756769e-01,0.000000000000000000e+00,4.283648212294712265e-01,4.024026579709181206e-01,4.141716837279659225e-01,4.082951242711584938e-01,3.591290891100624161e-01,3.669097434312433847e-01,4.096372632878336750e-01,4.189969443775569125e-01,4.234256691856744803e-01,4.102283246683948725e-01,3.675971771312809278e-01,3.934122704010479254e-01,4.503396634195467874e-01,3.724812950995677885e-01,3.917572608135874157e-01,4.415650329448875255e-01,0.000000000000000000e+00,0.000000000000000000e+00,0.000000000000000000e+00,4.585691710555399037e-01,4.348893742337737178e-01,4.389679714698376256e-01,4.682160759965314778e-01,0.000000000000000000e+00,0.000000000000000000e+00,0.000000000000000000e+00,4.498728833681018835e-01,4.507580130297104137e-01,0.000000000000000000e+00,0.000000000000000000e+00,0.000000000000000000e+00,4.371758334373179733e-01,4.430159942704071097e-01,4.625467060391253993e-01,0.000000000000000000e+00,0.000000000000000000e+00,0.000000000000000000e+00,0.000000000000000000e+00,4.428919445550189016e-01,0.000000000000000000e+00,4.416924182272565780e-01,4.485669758540392071e-01,0.000000000000000000e+00,4.258593073408911134e-01,0.000000000000000000e+00,4.375073792134774875e-01,4.508786619523844075e-01,4.560565224769421167e-01,4.401461734632928779e-01,4.266163703470282065e-01,4.386369543293368034e-01,4.651442341791109936e-01,4.541419270327510249e-01,4.313612183997805882e-01,4.460035822968789199e-01,0.000000000000000000e+00,4.339084065587663908e-01
0.000000000000000000e+00,3.861348564240110193e-01,0.000000000000000000e+00,4.039525985717772882e-01,3.696620294600034828e-01,3.487909133515473270e-01,4.050424822272465919e-01,4.241795371980557894e-01,2.874955887213923034e-01,4.231788616866222763e-01,3.070869338614269917e-01,0.000000000000000000e+00,4.197528706060468240e-01,4.114117807726931919e-01,0.000000000000000000e+00,4.294951982542348778e-01,0.000000000000000000e+00,0.000000000000000000e+00,2.656436621108840268e-01,3.963389426335618970e-01,0.000000000000000000e+00,4.030150928857160197e-01,3.342920367779100843e-01,0.000000000000000000e+00,0.000000000000000000e+00,3.950700285161676817e-01,3.196487448180074797e-01,4.157524539542671871e-01,3.818923161314697889e-01,4.085614918663222905e-01,4.291808334208109255e-01,3.958115642872260254e-01,0.000000000000000000e+00,4.330854258570631110e-01,4.347182199007235126e-01,4.051668788158452883e-01,4.214102630438770758e-01,0.000000000000000000e+00,4.960873778707929893e-01,0.000000000000000000e+00,5.151042913214193275e-01,5.373942497080935743e-01,4.881630036766083092e-01,0.000000000000000000e+00,0.000000000000000000e+00,0.000000000000000000e+00,0.000000000000000000e+00,4.029798417085264095e-01,0.000000000000000000e+00,5.172211800173035501e-01,5.323775568842350481e-01,5.409856633833112216e-01,5.294934626072145267e-01,4.630983346029832193e-01,0.000000000000000000e+00,4.852681623839332770e-01,0.000000000000000000e+00,5.276733182031394520e-01,5.017566201784080526e-01,0.000000000000000000e+00,0.000000000000000000e+00,0.000000000000000000e+00,0.000000000000000000e+00,3.499182592037007877e-01,4.389881387937334956e-01,0.000000000000000000e+00,0.000000000000000000e+00,5.180858290834404745e-01,0.000000000000000000e+00,0.000000000000000000e+00,0.000000000000000000e+00,4.968575851341269778e-01,5.099242648115337451e-01,4.837341641538154269e-01,5.277836989922390920e-01,5.329458144134622266e-01
0.000000000000000000e+00,0.000000000000000000e+00,4.039525985717772882e-01,0.000000000000000000e+00,2.828816262922416724e-01,0.000000000000000000e+00,2.849854959259308096e-01,4.011959245030610188e-01,4.255604050080010747e-01,3.248784123848694194e-01,3.820578095233601035e-01,2.647858144707864181e-01,3.337396482781154750e-01,3.368401250529579061e-01,0.000000000000000000e+00,0.000000000000000000e+00,0.000000000000000000e+00,0.000000000000000000e+00,4.041814649191535769e-01,0.000000000000000000e+00,0.000000000000000000e+00,0.000000000000000000e+00,3.919521425556156125e-01,0.000000000000000000e+00,0.000000000000000000e+00,0.000000000000000000e+00,0.000000000000000000e+00,2.912482057427525084e-01,0.000000000000000000e+00,0.000000000000000000e+00,2.798805955108065735e-01,2.880171786378937226e-01,0.000000000000000000e+00,3.653294617185552928e-01,3.137537853991962944e-01,2.168139073319022003e-01,1.747428564806597084e-01,2.555905372390785968e-01,0.000000000000000000e+00,0.000000000000000000e+00,0.000000000000000000e+00,0.000000000000000000e+00,0.000000000000000000e+00,0.000000000000000000e+00,0.000000000000000000e+00,0.000000000000000000e+00,0.000000000000000000e+00,0.000000000000000000e+00,0.000000000000000000e+00,0.000000000000000000e+00,0.000000000000000000e+00,0.000000000000000000e+00,0.000000000000000000e+00,0.000000000000000000e+00,0.000000000000000000e+00,0.000000000000000000e+00,0.000000000000000000e+00,0.000000000000000000e+00,0.000000000000000000e+00,0.000000000000000000e+00,0.000000000000000000e+00,0.000000000000000000e+00,0.000000000000000000e+00,0.000000000000000000e+00,0.000000000000000000e+00,0.000000000000000000e+00,0.000000000000000000e+00,0.000000000000000000e+00,0.000000000000000000e+00,0.000000000000000000e+00,0.000000000000000000e+00,0.000000000000000000e+00,0.000000000000000000e+00,0.000000000000000000e+00,0.000000000000000000e+00,0.000000000000000000e+00
0.000000000000000000e+00,3.904816161919558160e-01,3.696620294600034828e-01,2.828816262922416724e-01,0.000000000000000000e+00,3.866972007783789911e-01,3.221101736939588900e-01,3.847357783666436881e-01,3.260922250200500860e-01,4.387910490546297893e-01,3.355950058973111161e-01,4.066718211355945800e-01,3.671046462132380728e-01,2.977785937749343748e-01,0.000000000000000000e+00,0.000000000000000000e+00,0.000000000000000000e+00,4.255208449792953207e-01,3.613395146068931751e-01,4.001373484453996099e-01,0.000000000000000000e+00,4.154696174262738073e-01,3.783010885127842116e-01,0.000000000000000000e+00,0.000000000000000000e+00,4.173052620686432124e-01,3.886678830072611834e-01,3.592967377586878119e-01,3.937103592392863227e-01,4.225864055648326789e-01,3.965861915057242171e-01,3.736294169595741899e-01,3.807734309240434212e-01,4.207958883358022262e-01,3.984717933895329800e-01,2.922649979355156913e-01,2.554450600222445966e-01,3.718184835408174793e-01,4.601206622205267216e-01,0.000000000000000000e+00,4.901599912483515786e-01,0.000000000000000000e+00,4.206554383229235139e-01,0.000000000000000000e+00,0.000000000000000000e+00,0.000000000000000000e+00,0.000000000000000000e+00,5.143250836554782435e-01,0.000000000000000000e+00,4.839386382084575056e-01,5.024055231104963548e-01,5.061764240469962539e-01,4.751047411119008745e-01,5.165578496527452046e-01,0.000000000000000000e+00,4.615544146261014169e-01,0.000000000000000000e+00,4.995448217040068251e-01,4.534486749533501726e-01,0.000000000000000000e+00,0.000000000000000000e+00,0.000000000000000000e+00,0.000000000000000000e+00,4.829600881917228139e-01,4.121589003172768106e-01,0.000000000000000000e+00,0.000000000000000000e+00,5.109328744788678156e-01,0.000000000000000000e+00,0.000000000000000000e+00,0.000000000000000000e+00,5.094418581953631397e-01,4.906656602785133270e-01,4.628928944479486218e-01,0.000000000000000000e+00,5.078409561844706710e-01
4.058358274749727101e-01,3.824913121106909841e-01,3.487909133515473270e-01,0.000000000000000000e+00,3.866972007783789911e-01,0.000000000000000000e+00,3.981794878908140878e-01,3.877006870412513795e-01,3.434196684209722128e-01,4.355672448417514109e-01,3.628089118150285008e-01,3.946929073170433178e-01,3.675466008648957117e-01,4.035578602163324979e-01,4.025383798116664025e-01,4.299047959991779133e-01,0.000000000000000000e+00,4.004239824123795866e-01,3.358676349440450903e-01,3.946678084313253176e-01,3.924379130172099828e-01,4.114335060049993942e-01,3.766214284068519769e-01,4.835123671918024058e-01,3.824199535053757204e-01,4.083726913640292056e-01,3.662206616902033973e-01,3.707382834188632237e-01,3.192288780484991983e-01,4.027743463546631930e-01,4.204858729397260020e-01,3.922813557215579783e-01,3.383776100669559916e-01,4.272763830715257116e-01,4.323322847442430117e-01,4.176739502259220749e-01,4.209630056208067961e-01,3.923342541782183224e-01,4.795216286885646828e-01,4.283247426044601847e-01,4.936714260775924012e-01,4.793413733556827760e-01,4.897066743558853852e-01,0.000000000000000000e+00,0.000000000000000000e+00,0.000000000000000000e+00,4.192752402589994820e-01,4.733551022876923975e-01,0.000000000000000000e+00,5.176553394159439936e-01,5.003771390694227161e-01,5.124413479400208304e-01,4.830740769315888805e-01,5.370766517944876028e-01,4.794514572015062814e-01,5.043480150027815911e-01,0.000000000000000000e+00,5.029452176039643785e-01,5.132301708884885461e-01,4.378488169983905109e-01,4.251067603574754106e-01,0.000000000000000000e+00,0.000000000000000000e+00,5.249870815553671077e-01,4.486263217668619019e-01,4.196032451701899868e-01,4.263178180587722244e-01,5.078425090114605522e-01,0.000000000000000000e+00,3.972756314253351739e-01,4.426413909852648931e-01,5.049201648668271147e-01,4.956622490894916910e-01,4.802027700016123779e-01,4.998085766970943866e-01,5.010768603687568712e-01
4.237450077474548826e-01,4.118290000123497885e-01,4.050424822272465919e-01,2.849854959259308096e-01,3.221101736939588900e-01,3.981794878908140878e-01,0.000000000000000000e+00,4.141995001583108071e-01,3.740395299928367945e-01,4.253366443189918189e-01,4.299178324638732174e-01,3.968553942799574186e-01,3.178092663087643821e-01,3.264747289294306909e-01,0.000000000000000000e+00,4.593471207576982906e-01,4.330034259866574198e-01,4.525202574562371960e-01,4.042791281303627082e-01,4.310856064424241074e-01,4.170459465763274864e-01,4.432675107989679786e-01,4.019392366593795840e-01,3.770081445002225196e-01,4.194106929299321052e-01,4.252457209295518181e-01,4.115227276318602079e-01,3.693804695604214205e-01,4.221089393604056106e-01,4.131437209384853926e-01,4.051751925025435797e-01,4.070002256961716136e-01,3.646419700691306831e-01,4.063181091900598951e-01,3.846027135351268167e-01,3.532935179350831234e-01,3.718396632453940254e-01,3.627754356176919881e-01,4.790128932390166905e-01,0.000000000000000000e+00,4.973299999972065066e-01,4.964703275408078875e-01,4.632986601892913892e-01,0.000000000000000000e+00,0.000000000000000000e+00,0.000000000000000000e+00,0.000000000000000000e+00,5.209995710983896799e-01,0.000000000000000000e+00,5.193212681939576303e-01,5.013183428239931239e-01,5.086561978470088841e-01,4.946540230117653092e-01,5.268896639175856267e-01,0.000000000000000000e+00,4.819688168115630056e-01,0.000000000000000000e+00,5.033720671608057362e-01,4.308232748353594821e-01,4.578437057985537129e-01,0.000000000000000000e+00,0.000000000000000000e+00,0.000000000000000000e+00,5.052627267674490996e-01,4.582821975455617092e-01,4.301396655789559986e-01,4.310165136037759082e-01,5.074716840246157323e-01,0.000000000000000000e+00,0.000000000000000000e+00,4.501515630271009094e-01,5.029325486931425226e-01,4.979503556926639929e-01,4.831340596730347992e-01,4.932586346501672270e-01,4.941509454303921745e-01
4.871621050802888986e-01,4.340855240587488950e-01,4.241795371980557894e-01,4.011959245030610188e-01,3.847357783666436881e-01,3.877006870412513795e-01,4.141995001583108071e-01,0.000000000000000000e+00,4.121669534844257243e-01,0.000000000000000000e+00,3.269691014409584762e-01,0.000000000000000000e+00,4.246304547445245992e-01,3.688397439327151806e-01,4.194396362862836125e-01,4.631691493699212070e-01,0.000000000000000000e+00,4.721620207521654011e-01,3.810940547149028745e-01,3.987913738322382273e-01,3.715600033805691038e-01,4.307416493023453197e-01,3.236371998519804172e-01,5.066448020843831168e-01,4.878583158022080091e-01,4.851480546906218883e-01,4.030489656883050054e-01,4.088436337816405142e-01,3.717856051110440818e-01,4.048651730244445246e-01,4.248418874527755129e-01,3.955951834272867229e-01,3.614157281583270098e-01,4.386592429445578811e-01,4.435265455766277953e-01,3.470915964932623776e-01,3.025115430355072021e-01,0.000000000000000000e+00,4.639270276581676233e-01,0.000000000000000000e+00,4.871516177499307099e-01,4.808283289339218003e-01,4.603242747534108115e-01,0.000000000000000000e+00,0.000000000000000000e+00,0.000000000000000000e+00,0.000000000000000000e+00,5.287129186226199318e-01,0.000000000000000000e+00,0.000000000000000000e+00,4.688572790370876819e-01,4.868049002562110927e-01,4.464622547954971155e-01,5.212938781939124855e-01,0.000000000000000000e+00,5.016692859441108654e-01,0.000000000000000000e+00,4.800792644511167051e-01,0.000000000000000000e+00,4.733903884112088956e-01,4.598132054984664929e-01,0.000000000000000000e+00,0.000000000000000000e+00,5.159555173078581580e-01,4.646242179093111879e-01,4.160498696979714750e-01,4.463731161804340153e-01,4.634884394931417240e-01,0.000000000000000000e+00,0.000000000000000000e+00,4.767175421275338110e-01,4.864274004511580096e-01,4.793452243980402816e-01,4.605169530026261837e-01,4.847718134146292157e-01,4.813686862386321041e-01
0.000000000000000000e+00,3.817754772856259970e-01,2.874955887213923034e-01,4.255604050080010747e-01,3.260922250200500860e-01,3.434196684209722128e-01,3.740395299928367945e-01,4.121669534844257243e-01,0.000000000000000000e+00,4.334213103698507097e-01,2.896330317228629769e-01,4.172120320858186959e-01,3.870487045080900912e-01,3.924732624316040752e-01,0.000000000000000000e+00,4.429685930226596180e-01,0.000000000000000000e+00,0.000000000000000000e+00,2.674390194768532791e-01,3.941652437442764167e-01,3.816023366191699240e-01,4.037308557881406079e-01,3.778773420946491268e-01,0.000000000000000000e+00,4.071816618465741167e-01,4.160050888492782262e-01,3.332708443604556758e-01,4.219486415588227790e-01,3.821301898894383098e-01,4.195808289276253822e-01,4.345329294238167162e-01,4.027422935135788196e-01,3.466607638711775019e-01,4.363513707666206165e-01,4.356671047963032728e-01,4.142819404425395757e-01,4.270545015215230777e-01,4.045165057187566915e-01,4.849431458199626732e-01,0.000000000000000000e+00,5.126083324895263083e-01,4.403854555662992110e-01,4.640772205019986218e-01,0.000000000000000000e+00,0.000000000000000000e+00,0.000000000000000000e+00,0.000000000000000000e+00,4.608617346325714070e-01,0.000000000000000000e+00,5.237761780378512588e-01,5.175284290924871966e-01,5.223730252642950767e-01,5.143180366598232300e-01,5.293732820093985936e-01,0.000000000000000000e+00,4.909739675225783806e-01,0.000000000000000000e+00,5.103406876223136601e-01,4.694748795549256171e-01,0.000000000000000000e+00,0.000000000000000000e+00,0.000000000000000000e+00,0.000000000000000000e+00,5.092591696193041750e-01,4.337062782405161077e-01,0.000000000000000000e+00,4.433680738261288057e-01,5.282492777400465966e-01,0.000000000000000000e+00,0.000000000000000000e+00,0.000000000000000000e+00,5.265327749028733129e-01,5.052849596411937982e-01,4.708434252633810768e-01,4.921283990158482058e-01,5.082270057824641585e-01
3.688286004845399146e-01,3.521812621848324776e-01,4.231788616866222763e-01,3.248784123848694194e-01,4.387910490546297893e-01,4.355672448417514109e-01,4.253366443189918189e-01,0.000000000000000000e+00,4.334213103698507097e-01,0.000000000000000000e+00,4.520803932372746137e-01,2.511489432979632785e-01,4.222434153125418921e-01,2.112145329463920862e-01,0.000000000000000000e+00,3.956823368755352233e-01,3.256235243391281120e-01,3.532371995793849861e-01,4.313724292636338942e-01,4.381737588212618051e-01,4.106441041803972070e-01,4.051515741705665197e-01,4.274209665043053885e-01,3.021556343900241859e-01,2.863573794943278794e-01,2.875634778501964250e-01,4.283319909467884767e-01,4.071788755188379128e-01,4.296536990133731915e-01,0.000000000000000000e+00,3.256802311028507146e-01,3.766069542869988074e-01,2.943013418167219064e-01,3.300966373476916238e-01,3.167480646481041773e-01,3.360072340944352809e-01,3.329596817135180853e-01,2.934857424443966245e-01,3.389344767257794211e-01,3.663769882637800124e-01,3.907071961412407202e-01,4.197945074377282260e-01,0.000000000000000000e+00,0.000000000000000000e+00,3.417502301044568203e-01,4.090199273806006119e-01,0.000000000000000000e+00,0.000000000000000000e+00,0.000000000000000000e+00,0.000000000000000000e+00,0.000000000000000000e+00,0.000000000000000000e+00,0.000000000000000000e+00,0.000000000000000000e+00,4.132744545615201770e-01,0.000000000000000000e+00,4.237809116348332794e-01,4.192670720154733077e-01,0.000000000000000000e+00,0.000000000000000000e+00,4.132782375017928778e-01,4.195270046535026776e-01,4.203366251367667839e-01,0.000000000000000000e+00,0.000000000000000000e+00,4.736025668302030200e-01,0.000000000000000000e+00,0.000000000000000000e+00,4.124362301321706226e-01,4.168148849959025237e-01,4.364343574897663891e-01,0.000000000000000000e+00,3.985164826950134964e-01,0.000000000000000000e+00,0.000000000000000000e+00,4.106047479488241225e-01
0.000000000000000000e+00,0.000000000000000000e+00,3.070869338614269917e-01,3.820578095233601035e-01,3.355950058973111161e-01,3.628089118150285008e-01,4.299178324638732174e-01,3.269691014409584762e-01,2.896330317228629769e-01,4.520803932372746137e-01,0.000000000000000000e+00,4.234177673879224169e-01,4.376780418526395877e-01,3.193247201881749819e-01,0.000000000000000000e+00,0.000000000000000000e+00,0.000000000000000000e+00,4.593522184647549911e-01,2.434745557342893885e-01,0.000000000000000000e+00,0.000000000000000000e+00,0.000000000000000000e+00,3.135756551566616923e-01,4.179260809650526265e-01,4.474226994928882095e-01,4.456585966362713869e-01,3.433067132107847086e-01,4.402749170231997078e-01,0.000000000000000000e+00,4.380578243891594115e-01,4.486187651899600781e-01,4.165866414701970832e-01,4.082583641779937156e-01,4.484497168703264203e-01,4.502092460294077059e-01,3.854074454270168815e-01,4.403376692793692926e-01,4.270490211865318742e-01,4.585022566095071084e-01,0.000000000000000000e+00,4.808371509017860257e-01,0.000000000000000000e+00,4.408383602615382202e-01,0.000000000000000000e+00,0.000000000000000000e+00,0.000000000000000000e+00,0.000000000000000000e+00,4.700191823724595985e-01,0.000000000000000000e+00,4.238839538574660781e-01,5.018074758332667917e-01,4.937595334319662133e-01,4.773970456392073736e-01,4.944417495664438222e-01,0.000000000000000000e+00,3.028111293661265857e-01,0.000000000000000000e+00,4.848649967178524922e-01,4.694366633458316174e-01,0.000000000000000000e+00,0.000000000000000000e+00,0.000000000000000000e+00,0.000000000000000000e+00,2.885647967629900723e-01,0.000000000000000000e+00,0.000000000000000000e+00,0.000000000000000000e+00,5.021900656684760156e-01,0.000000000000000000e+00,0.000000000000000000e+00,0.000000000000000000e+00,5.065092948090600400e-01,4.837583025315310148e-01,4.424038702629843889e-01,0.000000000000000000e+00,4.862140650060348124e-01
3.661628698552892858e-01,3.424857700016586959e-01,0.000000000000000000e+00,2.647858144707864181e-01,4.066718211355945800e-01,3.946929073170433178e-01,3.968553942799574186e-01,0.000000000000000000e+00,4.172120320858186959e-01,2.511489432979632785e-01,4.234177673879224169e-01,0.000000000000000000e+00,3.911075955630243239e-01,0.000000000000000000e+00,0.000000000000000000e+00,3.896339111818186152e-01,3.435967399319103110e-01,3.490304380440408805e-01,4.191928130288568033e-01,0.000000000000000000e+00,4.138932361217160238e-01,3.411802627498439211e-01,4.410805156185083065e-01,2.628667125201473165e-01,2.852765568743574898e-01,2.832648572993474168e-01,4.834331904716210881e-01,3.734294740374862198e-01,4.516448330166287217e-01,0.000000000000000000e+00,3.436022524308682269e-01,3.108057509904820215e-01,2.900641544191964183e-01,2.988521761633561868e-01,2.965912494590671189e-01,2.901959578558566122e-01,2.845868186733748195e-01,2.557381905232148922e-01,4.245976526835629206e-01,3.493928194802435883e-01,3.830726510795068873e-01,4.302161128181561933e-01,0.000000000000000000e+00,0.000000000000000000e+00,3.200674524054450965e-01,4.112440306348552066e-01,0.000000000000000000e+00,0.000000000000000000e+00,0.000000000000000000e+00,0.000000000000000000e+00,0.000000000000000000e+00,0.000000000000000000e+00,0.000000000000000000e+00,0.000000000000000000e+00,4.044400422409001883e-01,0.000000000000000000e+00,4.173842889245860110e-01,4.045401500894262870e-01,0.000000000000000000e+00,0.000000000000000000e+00,4.186762428236833755e-01,4.144767482139610770e-01,4.184632120199269223e-01,0.000000000000000000e+00,0.000000000000000000e+00,0.000000000000000000e+00,0.000000000000000000e+00,0.000000000000000000e+00,3.975516030258142153e-01,4.144445726612420167e-01,4.285606089260949880e-01,0.000000000000000000e+00,3.776628385001629118e-01,0.000000000000000000e+00,0.000000000000000000e+00,4.056042070480287975e-01
4.439465307264821026e-01,4.292787558500550937e-01,4.197528706060468240e-01,3.337396482781154750e-01,3.671046462132380728e-01,3.675466008648957117e-01,3.178092663087643821e-01,4.246304547445245992e-01,3.870487045080900912e-01,4.222434153125418921e-01,4.376780418526395877e-01,3.911075955630243239e-01,0.000000000000000000e+00,3.460250276181590090e-01,4.179306412241052815e-01,4.777806030625352252e-01,4.319120244510433193e-01,4.408368528205808823e-01,4.145360870704754008e-01,4.375273055458466787e-01,4.165188669583674841e-01,4.574301257636900764e-01,4.096953384099373818e-01,3.795612914753669909e-01,4.265676339934770800e-01,4.297451034090870037e-01,4.160015754342670236e-01,3.371234193651572730e-01,3.988323691527210224e-01,3.810771840196873761e-01,3.904810538257303953e-01,4.133878474142702042e-01,3.881110636375644796e-01,4.065123989281720918e-01,3.961251397669017793e-01,3.813010000731070770e-01,3.889057017396054805e-01,3.641840497259570264e-01,4.758085124767156837e-01,0.000000000000000000e+00,4.853598406682870237e-01,4.642725318409510193e-01,4.682554443627068852e-01,0.000000000000000000e+00,0.000000000000000000e+00,0.000000000000000000e+00,4.486356221698158953e-01,4.912623865417923841e-01,0.000000000000000000e+00,4.984864523347324883e-01,4.930864522831661101e-01,4.980824755269758763e-01,4.853194374660964039e-01,5.028839915397992355e-01,0.000000000000000000e+00,4.769235149989651257e-01,0.000000000000000000e+00,4.947073516905818868e-01,0.000000000000000000e+00,4.640161171678497953e-01,4.589778591395209939e-01,0.000000000000000000e+00,0.000000000000000000e+00,5.057310051132265505e-01,4.659882266484575153e-01,4.388294079811895232e-01,4.418620088647775002e-01,4.999230951804468082e-01,0.000000000000000000e+00,4.461968622793722750e-01,4.499570351407298774e-01,5.063440283620989080e-01,4.932776385091678928e-01,4.832042495113698100e-01,4.989493525749836844e-01,4.897503880794005227e-01
4.863013608583436898e-01,0.000000000000000000e+00,4.114117807726931919e-01,3.368401250529579061e-01,2.977785937749343748e-01,4.035578602163324979e-01,3.264747289294306909e-01,3.688397439327151806e-01,3.924732624316040752e-01,2.112145329463920862e-01,3.193247201881749819e-01,0.000000000000000000e+00,3.460250276181590090e-01,0.000000000000000000e+00,0.000000000000000000e+00,0.000000000000000000e+00,0.000000000000000000e+00,0.000000000000000000e+00,3.619776878140659182e-01,0.000000000000000000e+00,4.423671420354526873e-01,0.000000000000000000e+00,3.731451551854039206e-01,0.000000000000000000e+00,0.000000000000000000e+00,4.427005946636199951e-01,4.111109698229691856e-01,3.281456207824126059e-01,0.000000000000000000e+00,0.000000000000000000e+00,3.912521157209957745e-01,2.354820355219630068e-01,0.000000000000000000e+00,3.979964597160629003e-01,0.000000000000000000e+00,2.455410154145669932e-01,2.123808412653913069e-01,0.000000000000000000e+00,0.000000000000000000e+00,0.000000000000000000e+00,0.000000000000000000e+00,0.000000000000000000e+00,4.225965601354362833e-01,0.000000000000000000e+00,0.000000000000000000e+00,0.000000000000000000e+00,0.000000000000000000e+00,5.132087205245821071e-01,0.000000000000000000e+00,0.000000000000000000e+00,4.931904458618696085e-01,4.854374521764847072e-01,4.845989926320011243e-01,5.033899752786724635e-01,0.000000000000000000e+00,4.530894427204090191e-01,0.000000000000000000e+00,4.817121627956211793e-01,0.000000000000000000e+00,0.000000000000000000e+00,0.000000000000000000e+00,0.000000000000000000e+00,0.000000000000000000e+00,4.974473799618570058e-01,0.000000000000000000e+00,0.000000000000000000e+00,0.000000000000000000e+00,5.149023781167483271e-01,0.000000000000000000e+00,0.000000000000000000e+00,0.000000000000000000e+00,4.903583465307355116e-01,0.000000000000000000e+00,0.000000000000000000e+00,0.000000000000000000e+00,0.000000000000000000e+00
4.038504437310398987e-01,4.166587722768967939e-01,0.000000000000000000e+00,0.000000000000000000e+00,0.000000000000000000e+00,4.025383798116664025e-01,0.000000000000000000e+00,4.194396362862836125e-01,0.000000000000000000e+00,0.000000000000000000e+00,0.000000000000000000e+00,0.000000000000000000e+00,4.179306412241052815e-01,0.000000000000000000e+00,0.000000000000000000e+00,4.396955659653812853e-01,4.661859571933745783e-01,3.862338153377454231e-01,0.000000000000000000e+00,3.444367350767553182e-01,3.894124706975485850e-01,3.325052452642702217e-01,3.723914643760226073e-01,4.146162459028058800e-01,3.922849242792191826e-01,3.870239963482124956e-01,4.235776594187217192e-01,4.102237157603004225e-01,4.037078358439128989e-01,3.908478878579261240e-01,4.308938610685802972e-01,4.483041474806406246e-01,3.941819491347138826e-01,4.437290951903821168e-01,4.773293882970515156e-01,4.823297908655949096e-01,4.914561997269373261e-01,0.000000000000000000e+00,4.473391448900834177e-01,4.406947834192264102e-01,4.412342652073044103e-01,4.653885922755706117e-01,0.000000000000000000e+00,0.000000000000000000e+00,5.121555924415588379e-01,0.000000000000000000e+00,4.479759371270236046e-01,4.250052886159411125e-01,0.000000000000000000e+00,0.000000000000000000e+00,4.239531670138396158e-01,0.000000000000000000e+00,4.582327002351975209e-01,0.000000000000000000e+00,0.000000000000000000e+00,0.000000000000000000e+00,0.000000000000000000e+00,0.000000000000000000e+00,0.000000000000000000e+00,4.172787671937001064e-01,4.440162777525101800e-01,0.000000000000000000e+00,0.000000000000000000e+00,0.000000000000000000e+00,4.288364487081456899e-01,4.583998361131916832e-01,4.497410887044521188e-01,4.480841843619989828e-01,0.000000000000000000e+00,3.985300054325480734e-01,4.931752028424988832e-01,4.625111372854275871e-01,4.920179247856140137e-01,4.427850039855418807e-01,0.000000000000000000e+00,4.360328611162070933e-01
4.312509092286194723e-01,4.152772401647153999e-01,4.294951982542348778e-01,0.000000000000000000e+00,0.000000000000000000e+00,4.299047959991779133e-01,4.593471207576982906e-01,4.631691493699212070e-01,4.429685930226596180e-01,3.956823368755352233e-01,0.000000000000000000e+00,3.896339111818186152e-01,4.777806030625352252e-01,0.000000000000000000e+00,4.396955659653812853e-01,0.000000000000000000e+00,4.113005977329092233e-01,3.759643993207564816e-01,0.000000000000000000e+00,4.426176378248721233e-01,4.283665169383932270e-01,4.126285718865950747e-01,4.292402767005750186e-01,4.120985756281785872e-01,3.920126406860136026e-01,4.233260825137243888e-01,4.504164339432046860e-01,4.561686526933446117e-01,4.695467912026394242e-01,4.388968845474208735e-01,4.006558439608018940e-01,4.820477240007189912e-01,4.170192271512168092e-01,4.137505456313838037e-01,4.586239424196876246e-01,3.997898806559149198e-01,0.000000000000000000e+00,0.000000000000000000e+00,4.615913143975338140e-01,4.457562359016947195e-01,4.453785900359499839e-01,4.698124864750953811e-01,0.000000000000000000e+00,0.000000000000000000e+00,0.000000000000000000e+00,4.549747140918012911e-01,4.586001126476058065e-01,0.000000000000000000e+00,0.000000000000000000e+00,0.000000000000000000e+00,4.529516747444776170e-01,0.000000000000000000e+00,0.000000000000000000e+00,0.000000000000000000e+00,4.651387602323924231e-01,0.000000000000000000e+00,4.814085182127730844e-01,4.532341820537236776e-01,0.000000000000000000e+00,4.493919957833292789e-01,4.606954188331942035e-01,0.000000000000000000e+00,4.554961730765492156e-01,0.000000000000000000e+00,4.419887883669456063e-01,4.567952076649351989e-01,4.582560621510635146e-01,4.717325183348782258e-01,0.000000000000000000e+00,4.584928787854993248e-01,4.637540133977742784e-01,4.755152539015843893e-01,0.000000000000000000e+00,4.603505090674879230e-01,0.000000000000000000e+00,4.440704261153983201e-01
3.825199579798920224e-01,3.579626328658037093e-01,0.000000000000000000e+00,0.000000000000000000e+00,0.000000000000000000e+00,0.000000000000000000e+00,4.330034259866574198e-01,0.000000000000000000e+00,0.000000000000000000e+00,3.256235243391281120e-01,0.000000000000000000e+00,3.435967399319103110e-01,4.319120244510433193e-01,0.000000000000000000e+00,4.661859571933745783e-01,4.113005977329092233e-01,0.000000000000000000e+00,3.355441633798608159e-01,0.000000000000000000e+00,4.264556108043621174e-01,0.000000000000000000e+00,4.035180254682967926e-01,0.000000000000000000e+00,3.566082736245834162e-01,3.294328207126303032e-01,3.419470460867654049e-01,0.000000000000000000e+00,4.287857205328253207e-01,0.000000000000000000e+00,0.000000000000000000e+00,3.641435233511873260e-01,4.770241951686973736e-01,3.521706457180139860e-01,3.943276194343833807e-01,4.107316382984836922e-01,4.431136451836877876e-01,0.000000000000000000e+00,3.330500477367180912e-01,4.527360153413335087e-01,4.310452495176539944e-01,4.407920999758488945e-01,4.425637124564142932e-01,0.000000000000000000e+00,0.000000000000000000e+00,0.000000000000000000e+00,4.144671117385863024e-01,0.000000000000000000e+00,0.000000000000000000e+00,0.000000000000000000e+00,0.000000000000000000e+00,0.000000000000000000e+00,0.000000000000000000e+00,0.000000000000000000e+00,0.000000000000000000e+00,4.610826388753784810e-01,0.000000000000000000e+00,4.580164415146855128e-01,0.000000000000000000e+00,0.000000000000000000e+00,0.000000000000000000e+00,4.352210715726831936e-01,4.520821151274670990e-01,4.450650757462321083e-01,0.000000000000000000e+00,0.000000000000000000e+00,0.000000000000000000e+00,0.000000000000000000e+00,0.000000000000000000e+00,4.431752275376388828e-01,4.384853435988627091e-01,4.580659957713477115e-01,0.000000000000000000e+00,0.000000000000000000e+00,0.000000000000000000e+00,0.000000000000000000e+00,4.598223102258373052e-01
3.960007280589180056e-01,4.004073203185756769e-01,0.000000000000000000e+00,0.000000000000000000e+00,4.255208449792953207e-01,4.004239824123795866e-01,4.525202574562371960e-01,4.721620207521654011e-01,0.000000000000000000e+00,3.532371995793849861e-01,4.593522184647549911e-01,3.490304380440408805e-01,4.408368528205808823e-01,0.000000000000000000e+00,3.862338153377454231e-01,3.759643993207564816e-01,3.355441633798608159e-01,0.000000000000000000e+00,0.000000000000000000e+00,4.237116463408754918e-01,4.119196090584715808e-01,4.255932464259006842e-01,4.093486790650398000e-01,3.632407435031618781e-01,3.419753352965160809e-01,3.720350901743820216e-01,4.180074881571725909e-01,4.400110886101222807e-01,4.493883512528046853e-01,0.000000000000000000e+00,4.044199187688808927e-01,4.791196365825958758e-01,3.641116077974410059e-01,4.147207183343982195e-01,4.364113639861214033e-01,4.392672038934682943e-01,0.000000000000000000e+00,3.379660356722116177e-01,4.565191714963702241e-01,4.321937045621919160e-01,4.413414524716083864e-01,4.546066300155663931e-01,0.000000000000000000e+00,0.000000000000000000e+00,0.000000000000000000e+00,4.215923961805743136e-01,4.374759881954957130e-01,0.000000000000000000e+00,0.000000000000000000e+00,0.000000000000000000e+00,4.452097687097810175e-01,0.000000000000000000e+00,0.000000000000000000e+00,0.000000000000000000e+00,4.550863025273880758e-01,0.000000000000000000e+00,4.538871218097614846e-01,0.000000000000000000e+00,0.000000000000000000e+00,0.000000000000000000e+00,4.436041891843804930e-01,4.465571783980024079e-01,4.417526408632523882e-01,0.000000000000000000e+00,4.307010038159442833e-01,4.414499482428705934e-01,4.360075121514537799e-01,0.000000000000000000e+00,4.318679151144637074e-01,4.385983498732430874e-01,4.481204134217844914e-01,4.487247434818709135e-01,0.000000000000000000e+00,4.442256712307552924e-01,0.000000000000000000e+00,4.459796595941331043e-01
0.000000000000000000e+00,0.000000000000000000e+00,2.656436621108840268e-01,4.041814649191535769e-01,3.613395146068931751e-01,3.358676349440450903e-01,4.042791281303627082e-01,3.810940547149028745e-01,2.674390194768532791e-01,4.313724292636338942e-01,2.434745557342893885e-01,4.191928130288568033e-01,4.145360870704754008e-01,3.619776878140659182e-01,0.000000000000000000e+00,0.000000000000000000e+00,0.000000000000000000e+00,0.000000000000000000e+00,0.000000000000000000e+00,0.000000000000000000e+00,0.000000000000000000e+00,0.000000000000000000e+00,3.176972332069317728e-01,0.000000000000000000e+00,0.000000000000000000e+00,4.379333900291140780e-01,3.188118448971858920e-01,4.167056821376718956e-01,3.951039613495986869e-01,4.041325263558552816e-01,4.236035233056748006e-01,3.874713459408423155e-01,0.000000000000000000e+00,4.277143296132892014e-01,4.287586984012571878e-01,3.936076761070935737e-01,4.336785973117405213e-01,4.126737258842860245e-01,4.810560278299418902e-01,0.000000000000000000e+00,5.041332160554201636e-01,4.694274614302301196e-01,4.484727350238710275e-01,0.000000000000000000e+00,0.000000000000000000e+00,0.000000000000000000e+00,0.000000000000000000e+00,4.194187572850768819e-01,0.000000000000000000e+00,4.982318462671463943e-01,5.208832724274047310e-01,5.199097594647895670e-01,5.015925602956374796e-01,5.272237383092740481e-01,0.000000000000000000e+00,4.669776545538640855e-01,0.000000000000000000e+00,5.072720045695636726e-01,4.679553185570197726e-01,0.000000000000000000e+00,0.000000000000000000e+00,0.000000000000000000e+00,0.000000000000000000e+00,5.129604333887314294e-01,0.000000000000000000e+00,0.000000000000000000e+00,0.000000000000000000e+00,5.240616046403018258e-01,0.000000000000000000e+00,0.000000000000000000e+00,0.000000000000000000e+00,5.221334404993777101e-01,5.113573950701977289e-01,4.674037585392480931e-01,5.310843206490718504e-01,5.104637547067178982e-01
4.258529854960929062e-01,4.283648212294712265e-01,3.963389426335618970e-01,0.000000000000000000e+00,4.001373484453996099e-01,3.946678084313253176e-01,4.310856064424241074e-01,3.987913738322382273e-01,3.941652437442764167e-01,4.381737588212618051e-01,0.000000000000000000e+00,0.000000000000000000e+00,4.375273055458466787e-01,0.000000000000000000e+00,3.444367350767553182e-01,4.426176378248721233e-01,4.264556108043621174e-01,4.237116463408754918e-01,0.000000000000000000e+00,0.000000000000000000e+00,4.212856654886278918e-01,4.021070854548319251e-01,3.390675495986592014e-01,4.137322954093671235e-01,4.051818309239395011e-01,4.496162070664064259e-01,4.026548910880952126e-01,3.949176689488204106e-01,3.772139016583040960e-01,2.745619079592632183e-01,4.180667193320036223e-01,4.582930371312093909e-01,4.020034597765205220e-01,4.504726770486301990e-01,4.868832604440795908e-01,5.218830221327885877e-01,4.500553607940673828e-01,4.338843985764770927e-01,4.428331523240521261e-01,4.180202007064819925e-01,4.357680177200157767e-01,4.616253950031197761e-01,4.834527735238184909e-01,0.000000000000000000e+00,0.000000000000000000e+00,4.174110716113142994e-01,4.324603231299011807e-01,0.000000000000000000e+00,0.000000000000000000e+00,0.000000000000000000e+00,4.392565719599100249e-01,4.589080542732946189e-01,4.486128621506239034e-01,0.000000000000000000e+00,0.000000000000000000e+00,0.000000000000000000e+00,0.000000000000000000e+00,4.634121418213825172e-01,0.000000000000000000e+00,4.418109569070444165e-01,4.274225610008343113e-01,0.000000000000000000e+00,4.204672152315114264e-01,0.000000000000000000e+00,4.379103421038659794e-01,4.440966999963322226e-01,4.412007372933560156e-01,4.540979164690219227e-01,0.000000000000000000e+00,4.140100927654830065e-01,4.570644722995251263e-01,4.792651474786516208e-01,4.687017786270635256e-01,4.626662408647574942e-01,0.000000000000000000e+00,4.382980066550083986e-01
3.991703542203924870e-01,4.024026579709181206e-01,0.000000000000000000e+00,0.000000000000000000e+00,0.000000000000000000e+00,3.924379130172099828e-01,4.170459465763274864e-01,3.715600033805691038e-01,3.816023366191699240e-01,4.106441041803972070e-01,0.000000000000000000e+00,4.138932361217160238e-01,4.165188669583674841e-01,4.423671420354526873e-01,3.894124706975485850e-01,4.283665169383932270e-01,0.000000000000000000e+00,4.119196090584715808e-01,0.000000000000000000e+00,4.212856654886278918e-01,0.000000000000000000e+00,4.467172760032935841e-01,3.629417913898400072e-01,4.761374769866140166e-01,4.018363988150996935e-01,4.116316540950228919e-01,4.312495791695948877e-01,4.000458527168012091e-01,3.845684403096081838e-01,4.034882857699320091e-01,4.200134098700639140e-01,4.392780544094013750e-01,3.769866247142167892e-01,4.336667310586597157e-01,4.771012323041103897e-01,4.734618263079682920e-01,0.000000000000000000e+00,0.000000000000000000e+00,4.431327581586065878e-01,4.194448245035948264e-01,4.355983824074063926e-01,4.712259737546394267e-01,0.000000000000000000e+00,0.000000000000000000e+00,0.000000000000000000e+00,3.105337379169184064e-01,4.368237981277873772e-01,0.000000000000000000e+00,0.000000000000000000e+00,0.000000000000000000e+00,4.092244771451366003e-01,4.109622516174272211e-01,3.923506480069480773e-01,0.000000000000000000e+00,0.000000000000000000e+00,0.000000000000000000e+00,0.000000000000000000e+00,4.391266920846760846e-01,0.000000000000000000e+00,4.318379685201205742e-01,4.351692290356705128e-01,0.000000000000000000e+00,0.000000000000000000e+00,0.000000000000000000e+00,4.222900658337461754e-01,3.929987274246501960e-01,4.460675659020235106e-01,4.372226931087805912e-01,0.000000000000000000e+00,4.190269696612827777e-01,4.820303398373261272e-01,4.646564770300776193e-01,4.600110186830729253e-01,4.339121702601086983e-01,4.257312101006410221e-01,4.306295637369149110e-01
