0.000000000000000000e+00,3.374030185959028816e-01,0.000000000000000000e+00,0.000000000000000000e+00,0.000000000000000000e+00,3.789812447930934192e-01,0.000000000000000000e+00,4.577507005944000951e-01,0.000000000000000000e+00,3.592956794996706171e-01,0.000000000000000000e+00,3.859283709992509803e-01,3.943474319435512077e-01,4.555795849241112139e-01,3.389907231988332770e-01,3.449511701859300228e-01,3.306466605066835096e-01,3.183556383317970861e-01,0.000000000000000000e+00,3.945309931308996765e-01,3.680678301655886941e-01,3.729602582332169902e-01,3.914538080258456176e-01,3.163832847700844830e-01,3.079433709445333900e-01,2.950933412545804768e-01,3.890986281385339085e-01,3.926433141548358874e-01,3.875601283318806933e-01,0.000000000000000000e+00,3.434055805303238840e-01,4.308215390540542922e-01,2.854882535258427834e-01,3.489289397864938080e-01,3.988872880139405774e-01,4.383012266570234794e-01,0.000000000000000000e+00,3.854527310239309057e-01,4.370411497993154093e-01,3.836246129922508130e-01,4.022836309864720739e-01,4.322581510328952770e-01,0.000000000000000000e+00,0.000000000000000000e+00,0.000000000000000000e+00,3.106020421456407998e-01,4.143240330961412976e-01,0.000000000000000000e+00,0.000000000000000000e+00,0.000000000000000000e+00,4.140185224821634757e-01,0.000000000000000000e+00,4.070831380795549848e-01,0.000000000000000000e+00,0.000000000000000000e+00,0.000000000000000000e+00,0.000000000000000000e+00,0.000000000000000000e+00,0.000000000000000000e+00,4.578403121903252271e-01,3.999471462452369175e-01,4.088461729961336832e-01,3.857972818938039117e-01,0.000000000000000000e+00,4.283591633779503804e-01,3.515403382669671228e-01,4.335051254653471964e-01,4.342351007666033769e-01,3.457543127599190247e-01,3.905135515300939830e-01,4.002542527692726781e-01,4.592398327994762219e-01,0.000000000000000000e+00,3.918125062733218145e-01,0.000000000000000000e+00,3.887092280132843913e-01
3.374030185959028816e-01,0.000000000000000000e+00,3.811063738054590866e-01,0.000000000000000000e+00,3.925500052930663841e-01,3.530238687491021876e-01,4.118289434276866112e-01,3.763308292770995989e-01,3.764161852126906016e-01,3.290797853358680136e-01,0.000000000000000000e+00,0.000000000000000000e+00,4.079964100303086760e-01,0.000000000000000000e+00,3.680536152308567233e-01,3.489425161508276085e-01,3.288529356948500237e-01,3.305942221516053880e-01,3.114592134952545166e-01,3.746195437886044033e-01,3.652795499646003807e-01,3.594597729837951117e-01,3.579899026582918919e-01,3.187872897296710195e-01,3.131859998987742144e-01,3.394334729154939168e-01,3.486891037383477165e-01,3.906157601960748016e-01,3.659818280776893085e-01,3.750691235943611201e-01,3.637224602660574790e-01,4.342562373399626030e-01,3.223284183226451938e-01,3.728853520439440739e-01,4.298463026937591747e-01,3.985054492950438898e-01,0.000000000000000000e+00,0.000000000000000000e+00,4.410347899663278892e-01,4.066264399187644041e-01,4.125981910677241071e-01,4.425548308107287165e-01,4.759679936617214890e-01,0.000000000000000000e+00,0.000000000000000000e+00,3.932249318283416173e-01,4.273361401520747727e-01,0.000000000000000000e+00,0.000000000000000000e+00,0.000000000000000000e+00,4.318303229046692171e-01,4.463955468532062043e-01,4.261906127471287165e-01,4.797208288166728840e-01,0.000000000000000000e+00,0.000000000000000000e+00,4.222580492496489923e-01,4.327829377613551243e-01,0.000000000000000000e+00,4.470558204264371005e-01,4.115194957271621767e-01,3.973059500621469731e-01,3.957323916987174894e-01,0.000000000000000000e+00,4.204889098782094159e-01,4.403250291752012213e-01,4.233272786734544879e-01,4.316016797936536031e-01,3.919388341668991194e-01,4.031930263612429899e-01,4.326466785355749800e-01,4.412359871347171225e-01,4.545125364512141997e-01,4.293529862482631243e-01,4.861711308295448841e-01,4.071027416035338242e-01
0.000000000000000000e+00,3.811063738054590866e-01,0.000000000000000000e+00,3.779164664708206112e-01,3.288145375063606934e-01,3.037119825762261138e-01,3.989372569406153812e-01,4.134895170349185967e-01,2.857822845303399917e-01,4.179748135397082787e-01,2.716576771171994031e-01,4.214975570457769050e-01,4.156012970070507850e-01,3.722855174961490765e-01,0.000000000000000000e+00,4.030925877709983229e-01,0.000000000000000000e+00,0.000000000000000000e+00,2.268523584267518878e-01,3.731619822772903050e-01,0.000000000000000000e+00,3.939058262736019889e-01,2.847575274999765149e-01,0.000000000000000000e+00,4.132525852711200764e-01,3.960581677133687140e-01,2.726519405771545834e-01,4.241979925482101121e-01,3.733309014795330172e-01,4.612009036410990026e-01,4.364084391480215763e-01,4.194297821872476906e-01,4.210444996370271142e-01,4.434925644314015036e-01,4.200929514190088199e-01,3.586999928035605190e-01,4.113843830288352876e-01,0.000000000000000000e+00,4.907471526702488762e-01,0.000000000000000000e+00,5.586567254642802460e-01,0.000000000000000000e+00,4.744381283350196932e-01,0.000000000000000000e+00,0.000000000000000000e+00,0.000000000000000000e+00,0.000000000000000000e+00,3.491189446760972204e-01,0.000000000000000000e+00,4.773310781928473134e-01,5.321087257073392474e-01,5.132932998344353903e-01,4.810014087966156815e-01,5.320300385285124944e-01,0.000000000000000000e+00,4.409643595840890828e-01,0.000000000000000000e+00,5.497672689507082655e-01,4.676854576102599248e-01,0.000000000000000000e+00,0.000000000000000000e+00,0.000000000000000000e+00,0.000000000000000000e+00,4.449194435154256166e-01,0.000000000000000000e+00,0.000000000000000000e+00,0.000000000000000000e+00,4.785688309832182852e-01,0.000000000000000000e+00,0.000000000000000000e+00,4.351736539000963799e-01,5.333043490484936644e-01,5.198000970421576827e-01,4.754377861446562048e-01,0.000000000000000000e+00,5.482060269205250025e-01
0.000000000000000000e+00,0.000000000000000000e+00,3.779164664708206112e-01,0.000000000000000000e+00,2.413071995497106104e-01,3.950374657007078016e-01,2.525864270174665860e-01,3.554622327755960209e-01,4.030163555292939903e-01,2.344188885150592094e-01,3.329350774761521969e-01,0.000000000000000000e+00,2.912936444660377266e-01,2.958254725052784084e-01,0.000000000000000000e+00,0.000000000000000000e+00,0.000000000000000000e+00,0.000000000000000000e+00,3.400756534361319972e-01,0.000000000000000000e+00,0.000000000000000000e+00,0.000000000000000000e+00,3.627853299347486016e-01,0.000000000000000000e+00,0.000000000000000000e+00,0.000000000000000000e+00,3.943138860884797814e-01,2.718620372888186920e-01,0.000000000000000000e+00,0.000000000000000000e+00,3.567439783898416206e-01,3.166266338293631244e-01,2.795186340808867853e-01,3.369814711875701030e-01,3.127521134525040880e-01,2.455057220846862120e-01,1.861182349212298082e-01,0.000000000000000000e+00,0.000000000000000000e+00,0.000000000000000000e+00,0.000000000000000000e+00,0.000000000000000000e+00,0.000000000000000000e+00,0.000000000000000000e+00,0.000000000000000000e+00,0.000000000000000000e+00,0.000000000000000000e+00,0.000000000000000000e+00,0.000000000000000000e+00,0.000000000000000000e+00,0.000000000000000000e+00,0.000000000000000000e+00,0.000000000000000000e+00,0.000000000000000000e+00,0.000000000000000000e+00,0.000000000000000000e+00,0.000000000000000000e+00,0.000000000000000000e+00,0.000000000000000000e+00,0.000000000000000000e+00,0.000000000000000000e+00,0.000000000000000000e+00,0.000000000000000000e+00,0.000000000000000000e+00,0.000000000000000000e+00,0.000000000000000000e+00,0.000000000000000000e+00,0.000000000000000000e+00,0.000000000000000000e+00,0.000000000000000000e+00,0.000000000000000000e+00,0.000000000000000000e+00,0.000000000000000000e+00,0.000000000000000000e+00,0.000000000000000000e+00,0.000000000000000000e+00
0.000000000000000000e+00,3.925500052930663841e-01,3.288145375063606934e-01,2.413071995497106104e-01,0.000000000000000000e+00,3.411441312254928082e-01,3.166688442422608274e-01,3.396013035846685013e-01,3.183548259412316006e-01,3.841262767759747176e-01,2.982223869605901134e-01,3.894857512041777770e-01,3.426908439424419806e-01,2.660315010768344868e-01,3.829633003004767056e-01,4.321845867520960893e-01,0.000000000000000000e+00,0.000000000000000000e+00,3.176305295068718726e-01,3.831289649411513953e-01,0.000000000000000000e+00,4.259601719293261146e-01,3.585616058002447093e-01,3.767782629110443815e-01,3.991078691645384979e-01,4.013668223412987790e-01,3.386635770286164915e-01,3.318627059215001895e-01,3.864601748379327129e-01,0.000000000000000000e+00,4.124575193262283168e-01,3.207582742267416909e-01,0.000000000000000000e+00,3.855225700485995222e-01,3.440823017574913267e-01,2.543868400253619932e-01,2.874931927390638187e-01,3.036318421363831122e-01,3.970340502813892170e-01,0.000000000000000000e+00,0.000000000000000000e+00,0.000000000000000000e+00,3.886011076918570173e-01,0.000000000000000000e+00,0.000000000000000000e+00,0.000000000000000000e+00,0.000000000000000000e+00,4.822027273751101073e-01,0.000000000000000000e+00,4.172877920497827797e-01,4.322417105560842909e-01,4.525033537057415733e-01,0.000000000000000000e+00,4.718033698122334196e-01,0.000000000000000000e+00,4.298886699152679736e-01,0.000000000000000000e+00,4.494358450789404102e-01,4.310156431410943068e-01,0.000000000000000000e+00,0.000000000000000000e+00,0.000000000000000000e+00,0.000000000000000000e+00,4.458945205750619034e-01,0.000000000000000000e+00,0.000000000000000000e+00,0.000000000000000000e+00,4.708204438817856774e-01,0.000000000000000000e+00,0.000000000000000000e+00,0.000000000000000000e+00,4.879987022694577958e-01,0.000000000000000000e+00,0.000000000000000000e+00,0.000000000000000000e+00,0.000000000000000000e+00
3.789812447930934192e-01,3.530238687491021876e-01,3.037119825762261138e-01,3.950374657007078016e-01,3.411441312254928082e-01,0.000000000000000000e+00,3.776791144849804271e-01,3.857631919187501923e-01,3.163929086694610149e-01,4.252441801261093168e-01,3.411238543962871739e-01,4.152214641088866065e-01,3.489698927411417073e-01,3.947970746979057033e-01,3.512965124410797890e-01,3.854760662816663075e-01,0.000000000000000000e+00,3.913107573582096932e-01,3.505151695364995268e-01,3.357276942503010786e-01,3.582064648814489161e-01,3.639173403697734122e-01,3.273814181992141248e-01,4.101970448940994163e-01,3.442293462478553945e-01,3.622694638875478268e-01,2.964972924962762102e-01,3.515128706538040992e-01,2.846801835053069940e-01,3.930623135609734864e-01,4.205058358327061208e-01,4.046244986106425912e-01,3.377067143790781212e-01,4.312321743845068944e-01,4.231982468459125069e-01,4.113363248378801851e-01,4.213249809298861837e-01,3.982253237031133097e-01,5.060958168463804974e-01,0.000000000000000000e+00,5.437215062021298895e-01,5.207267990310153749e-01,4.909821452382223117e-01,5.220024471272592947e-01,0.000000000000000000e+00,0.000000000000000000e+00,3.896501033448140916e-01,5.348934330223978906e-01,0.000000000000000000e+00,5.006296810466425162e-01,5.041669796752836774e-01,5.156001004191339554e-01,4.535256832457275067e-01,5.384075833617280038e-01,0.000000000000000000e+00,5.102729693881601358e-01,0.000000000000000000e+00,5.137277677536945530e-01,4.863267744321542740e-01,4.273746317224517144e-01,3.745275025214506170e-01,0.000000000000000000e+00,0.000000000000000000e+00,5.232564836345112713e-01,4.301026103883265894e-01,0.000000000000000000e+00,4.185618415106400203e-01,4.970051856393635226e-01,0.000000000000000000e+00,3.697697242075498880e-01,4.065547037570680922e-01,4.964642093326395167e-01,5.115652936783261495e-01,4.677062149672739921e-01,5.109062066209102415e-01,5.168493229141847278e-01
0.000000000000000000e+00,4.118289434276866112e-01,3.989372569406153812e-01,2.525864270174665860e-01,3.166688442422608274e-01,3.776791144849804271e-01,0.000000000000000000e+00,4.307072886309286086e-01,3.545722491646244867e-01,3.819806589307810918e-01,3.908869621783552240e-01,3.636387553776105896e-01,2.980818986153713768e-01,2.931132286811752863e-01,3.908881690190669222e-01,4.360135873903965842e-01,0.000000000000000000e+00,4.121961362913029725e-01,4.097144485567292271e-01,4.023983037534711871e-01,4.212393474674592242e-01,4.305615881061320982e-01,4.000643568329869115e-01,3.808218341986672195e-01,3.933111442641705757e-01,3.960426702092573747e-01,3.881128245444657732e-01,3.345354666977580771e-01,3.907198328324261727e-01,3.573533617607719259e-01,3.941219727847974919e-01,3.428451723037230781e-01,3.463857789053650937e-01,3.658790188112767128e-01,3.156831252249299169e-01,2.873999546956915729e-01,3.165128502108012776e-01,3.525740204759267860e-01,5.057548618223814962e-01,0.000000000000000000e+00,5.150034305677366753e-01,0.000000000000000000e+00,4.775068791638570898e-01,0.000000000000000000e+00,0.000000000000000000e+00,0.000000000000000000e+00,4.364099330854681047e-01,5.371975991152199148e-01,0.000000000000000000e+00,4.992216599845897829e-01,5.083819967517573257e-01,5.361282622916588858e-01,4.905461537719936205e-01,5.465336121210311315e-01,0.000000000000000000e+00,4.895460939487242258e-01,4.128731010373671850e-01,5.178555585156975338e-01,0.000000000000000000e+00,0.000000000000000000e+00,0.000000000000000000e+00,0.000000000000000000e+00,0.000000000000000000e+00,5.173951397649890760e-01,4.678236352043573798e-01,0.000000000000000000e+00,4.425302893755581057e-01,5.181335111872940047e-01,0.000000000000000000e+00,0.000000000000000000e+00,4.294034174643109880e-01,5.063564682814288842e-01,5.148786547866586183e-01,4.823194317075636950e-01,0.000000000000000000e+00,5.241345245698145749e-01
4.577507005944000951e-01,3.763308292770995989e-01,4.134895170349185967e-01,3.554622327755960209e-01,3.396013035846685013e-01,3.857631919187501923e-01,4.307072886309286086e-01,0.000000000000000000e+00,4.488370829782178939e-01,4.435832336263568210e-01,3.168111382794999153e-01,4.236452980713099059e-01,4.331764084447025098e-01,3.335701303142252216e-01,4.089256244320875200e-01,4.146117514399222936e-01,0.000000000000000000e+00,4.172383070935932192e-01,4.002459592264532851e-01,3.522758162746489896e-01,3.860508002111521231e-01,3.884309543969146072e-01,3.239646555208953171e-01,4.487777637997789060e-01,3.983086055037842188e-01,4.255719303715312929e-01,3.765767847890444942e-01,4.159336503435164811e-01,3.513876158451640919e-01,4.257500925799260205e-01,4.411121803608100134e-01,4.273735625138592731e-01,4.016462507336236998e-01,4.653327444861012907e-01,4.681420026556417091e-01,3.366184596317554067e-01,4.441648662910229195e-01,0.000000000000000000e+00,4.708164891684050168e-01,0.000000000000000000e+00,5.080338897869018933e-01,0.000000000000000000e+00,4.558566060562527222e-01,0.000000000000000000e+00,0.000000000000000000e+00,0.000000000000000000e+00,4.529596123106102157e-01,4.948889062590162147e-01,0.000000000000000000e+00,4.682327357349477803e-01,4.562889511230254769e-01,4.822651575951474867e-01,3.748571525878822142e-01,5.207330523279867229e-01,0.000000000000000000e+00,4.706543908393222009e-01,0.000000000000000000e+00,4.738848110160461813e-01,0.000000000000000000e+00,4.445389116110942118e-01,0.000000000000000000e+00,0.000000000000000000e+00,0.000000000000000000e+00,5.027542890832822353e-01,4.301424522036990106e-01,3.955078863387376797e-01,4.508638801690491027e-01,4.270650455419645053e-01,0.000000000000000000e+00,0.000000000000000000e+00,4.421677924684419003e-01,4.468621399572395014e-01,4.683242286921858732e-01,4.210660849248358817e-01,0.000000000000000000e+00,5.095336884149336276e-01
0.000000000000000000e+00,3.764161852126906016e-01,2.857822845303399917e-01,4.030163555292939903e-01,3.183548259412316006e-01,3.163929086694610149e-01,3.545722491646244867e-01,4.488370829782178939e-01,0.000000000000000000e+00,4.348332497650088113e-01,2.705246695127073164e-01,4.275115511797304979e-01,3.448878485072893740e-01,4.125969689807237883e-01,3.743265913741978812e-01,4.165990916887284956e-01,4.434091899818692895e-01,4.341049762567802950e-01,2.622442913796417807e-01,3.633256567600511855e-01,3.686400103052788757e-01,3.906303305789816105e-01,3.758254358294678132e-01,4.389774615844245220e-01,0.000000000000000000e+00,4.081314385726564908e-01,3.141602667661457793e-01,4.392458857799136918e-01,3.587042416891019214e-01,4.436937788534263127e-01,4.543237068886519792e-01,4.290947381481851064e-01,4.178331928313370747e-01,4.564628061036555828e-01,4.402124540200524905e-01,4.130302214205159861e-01,4.273611177308179743e-01,4.195836451678985890e-01,5.192383838847363098e-01,0.000000000000000000e+00,5.521088823332371831e-01,0.000000000000000000e+00,4.957665979637215781e-01,5.111433574061101659e-01,0.000000000000000000e+00,0.000000000000000000e+00,0.000000000000000000e+00,5.543409642848053931e-01,0.000000000000000000e+00,5.064280787507177140e-01,5.430361375458526707e-01,5.422343571206359458e-01,5.185993433678613984e-01,5.540577636279858664e-01,0.000000000000000000e+00,5.183782758681124703e-01,4.266446949724574944e-01,5.431482198083962265e-01,5.093045627118216734e-01,0.000000000000000000e+00,0.000000000000000000e+00,0.000000000000000000e+00,0.000000000000000000e+00,5.369342992794948755e-01,0.000000000000000000e+00,0.000000000000000000e+00,0.000000000000000000e+00,5.478452947750233060e-01,0.000000000000000000e+00,0.000000000000000000e+00,3.965384638775987236e-01,5.422706815956094273e-01,5.418761123108593036e-01,4.838407578678478038e-01,0.000000000000000000e+00,5.480680981164124388e-01
3.592956794996706171e-01,3.290797853358680136e-01,4.179748135397082787e-01,2.344188885150592094e-01,3.841262767759747176e-01,4.252441801261093168e-01,3.819806589307810918e-01,4.435832336263568210e-01,4.348332497650088113e-01,0.000000000000000000e+00,4.048402159503879938e-01,2.939656452292728761e-01,3.802044633466958867e-01,0.000000000000000000e+00,0.000000000000000000e+00,3.382710010133964107e-01,3.260240552858421070e-01,3.298080371875953265e-01,4.205441505057654905e-01,4.061338195206942170e-01,4.324106522698925037e-01,3.903337817992120762e-01,4.138358678621686937e-01,3.209421469070828925e-01,2.901565431449981136e-01,3.001875201088465839e-01,4.139718541264733043e-01,3.837882461311886151e-01,4.112058793330445883e-01,3.846575189690458751e-01,3.132495703864467962e-01,3.588587794813182241e-01,2.797827909593905149e-01,3.103344437118548127e-01,3.045525551082827187e-01,2.980872476662281834e-01,3.127073012765069771e-01,2.855191969240410965e-01,3.923993344179760867e-01,3.537102682660618891e-01,3.735345648591464895e-01,0.000000000000000000e+00,3.770239218710537132e-01,0.000000000000000000e+00,3.650288266561372841e-01,0.000000000000000000e+00,0.000000000000000000e+00,0.000000000000000000e+00,0.000000000000000000e+00,0.000000000000000000e+00,4.972502898673147875e-01,3.675395124635527089e-01,0.000000000000000000e+00,5.323147947893006604e-01,3.893425908614724928e-01,0.000000000000000000e+00,3.918635151851629916e-01,4.114580544778493887e-01,0.000000000000000000e+00,0.000000000000000000e+00,0.000000000000000000e+00,4.107675921993159118e-01,4.076499706994374250e-01,0.000000000000000000e+00,0.000000000000000000e+00,0.000000000000000000e+00,0.000000000000000000e+00,4.934061535241224261e-01,3.768100295709705949e-01,4.125289104718450894e-01,4.122659067488803064e-01,4.899967646066513138e-01,4.243812002435000119e-01,0.000000000000000000e+00,0.000000000000000000e+00,3.801419731782528233e-01
0.000000000000000000e+00,0.000000000000000000e+00,2.716576771171994031e-01,3.329350774761521969e-01,2.982223869605901134e-01,3.411238543962871739e-01,3.908869621783552240e-01,3.168111382794999153e-01,2.705246695127073164e-01,4.048402159503879938e-01,0.000000000000000000e+00,4.067777124941283073e-01,4.178563991403674849e-01,2.883475267516861229e-01,0.000000000000000000e+00,0.000000000000000000e+00,0.000000000000000000e+00,4.212667244630540764e-01,2.403581236521311892e-01,0.000000000000000000e+00,0.000000000000000000e+00,4.127374527579664165e-01,3.331680331059361233e-01,3.969945989240679096e-01,4.159843957091519107e-01,4.081401905314154810e-01,3.305223609689342257e-01,4.106363925668584103e-01,3.680205518226727923e-01,0.000000000000000000e+00,4.314762106715746004e-01,3.404283357774762764e-01,3.899681640608285149e-01,4.284775549873742762e-01,4.044704542990548157e-01,2.663987272438623766e-01,3.654570332725464166e-01,4.027499369423974129e-01,4.297095878601545071e-01,0.000000000000000000e+00,4.499377044790682789e-01,0.000000000000000000e+00,4.325435310290364210e-01,0.000000000000000000e+00,0.000000000000000000e+00,0.000000000000000000e+00,0.000000000000000000e+00,3.718890399833378879e-01,0.000000000000000000e+00,3.823228574256611889e-01,4.984427085551141889e-01,4.520744797548936766e-01,4.277153706936990263e-01,4.927529954879766860e-01,0.000000000000000000e+00,2.721562662738113980e-01,0.000000000000000000e+00,4.655740440652024192e-01,4.271585410862387966e-01,0.000000000000000000e+00,0.000000000000000000e+00,0.000000000000000000e+00,0.000000000000000000e+00,2.954013110261886066e-01,0.000000000000000000e+00,0.000000000000000000e+00,0.000000000000000000e+00,5.157141545186673115e-01,0.000000000000000000e+00,0.000000000000000000e+00,0.000000000000000000e+00,5.111515695268152859e-01,4.778559168104553057e-01,0.000000000000000000e+00,0.000000000000000000e+00,0.000000000000000000e+00
3.859283709992509803e-01,0.000000000000000000e+00,4.214975570457769050e-01,0.000000000000000000e+00,3.894857512041777770e-01,4.152214641088866065e-01,3.636387553776105896e-01,4.236452980713099059e-01,4.275115511797304979e-01,2.939656452292728761e-01,4.067777124941283073e-01,0.000000000000000000e+00,3.795837961860588083e-01,0.000000000000000000e+00,0.000000000000000000e+00,3.258920121303163775e-01,3.401551936452993918e-01,3.225065960315429137e-01,4.256935240362760275e-01,0.000000000000000000e+00,0.000000000000000000e+00,4.186053551157299935e-01,0.000000000000000000e+00,2.973782593183352807e-01,3.082670240821607233e-01,2.870529160879584096e-01,4.013300269131582221e-01,3.711755208402672257e-01,0.000000000000000000e+00,0.000000000000000000e+00,3.432564985647099109e-01,3.308569289598822794e-01,2.761964368073068776e-01,2.783743290784845836e-01,3.495463649321294830e-01,3.279293200445848044e-01,3.335024303742237795e-01,2.562349792716230867e-01,4.248826242312835899e-01,3.704974646486162149e-01,3.839439407644225088e-01,3.671533129507469906e-01,0.000000000000000000e+00,0.000000000000000000e+00,3.794369675409207110e-01,3.817511605465154223e-01,0.000000000000000000e+00,0.000000000000000000e+00,0.000000000000000000e+00,0.000000000000000000e+00,0.000000000000000000e+00,4.058334334109015007e-01,0.000000000000000000e+00,0.000000000000000000e+00,4.063221139644336843e-01,0.000000000000000000e+00,4.070671157894947267e-01,4.134522045890728914e-01,0.000000000000000000e+00,0.000000000000000000e+00,0.000000000000000000e+00,4.076741224075143277e-01,3.983426151538904114e-01,0.000000000000000000e+00,0.000000000000000000e+00,0.000000000000000000e+00,0.000000000000000000e+00,0.000000000000000000e+00,3.959910638567348817e-01,4.141498833349369080e-01,4.133178282706654882e-01,0.000000000000000000e+00,3.974398873222956818e-01,0.000000000000000000e+00,0.000000000000000000e+00,3.916311302892572788e-01
3.943474319435512077e-01,4.079964100303086760e-01,4.156012970070507850e-01,2.912936444660377266e-01,3.426908439424419806e-01,3.489698927411417073e-01,2.980818986153713768e-01,4.331764084447025098e-01,3.448878485072893740e-01,3.802044633466958867e-01,4.178563991403674849e-01,3.795837961860588083e-01,0.000000000000000000e+00,3.417436541899432911e-01,3.873198378205370829e-01,4.307764945462863038e-01,3.922234795155220000e-01,4.075901494765989952e-01,4.239053083175863823e-01,3.901907208313140085e-01,4.223880057184922210e-01,4.263926175533210849e-01,3.971405247884640111e-01,3.913759708624364730e-01,3.943404139066821745e-01,3.940511923165871955e-01,3.905486420827790073e-01,3.062607400586784268e-01,3.626295474389301110e-01,3.340715723178034890e-01,3.698304062863597141e-01,3.709587283967852867e-01,3.675170177247604197e-01,3.732483551140332034e-01,3.497499005700063779e-01,3.103183638462750915e-01,3.231022145379500166e-01,3.422144037180840925e-01,4.999691304977650907e-01,0.000000000000000000e+00,5.249460453204578547e-01,5.273219525712911082e-01,4.991668997589073231e-01,5.079717226569901989e-01,0.000000000000000000e+00,0.000000000000000000e+00,4.281830959029804262e-01,5.415768656760194810e-01,0.000000000000000000e+00,5.122293081247440982e-01,5.097816170108740996e-01,5.224343807501816705e-01,4.826734337731347080e-01,5.434844716574945833e-01,4.006336893312897884e-01,4.979495354546076835e-01,3.972387730184859800e-01,5.104128294690819523e-01,4.786207251035126120e-01,4.539178109497666869e-01,0.000000000000000000e+00,0.000000000000000000e+00,4.225429446182403792e-01,5.262488334146104840e-01,4.572289735938647182e-01,0.000000000000000000e+00,4.406582103078410806e-01,5.078909535628550742e-01,0.000000000000000000e+00,4.257041198695101780e-01,4.222312702290141884e-01,5.024299660020168368e-01,5.123752959210929880e-01,4.791711302359697999e-01,5.079637512549529665e-01,5.102056862503242529e-01
4.555795849241112139e-01,0.000000000000000000e+00,3.722855174961490765e-01,2.958254725052784084e-01,2.660315010768344868e-01,3.947970746979057033e-01,2.931132286811752863e-01,3.335701303142252216e-01,4.125969689807237883e-01,0.000000000000000000e+00,2.883475267516861229e-01,0.000000000000000000e+00,3.417436541899432911e-01,0.000000000000000000e+00,0.000000000000000000e+00,0.000000000000000000e+00,0.000000000000000000e+00,0.000000000000000000e+00,3.404556535071631140e-01,0.000000000000000000e+00,0.000000000000000000e+00,0.000000000000000000e+00,3.599214012191616074e-01,0.000000000000000000e+00,0.000000000000000000e+00,0.000000000000000000e+00,4.031576863881218276e-01,3.030111100279531122e-01,3.680324222058263817e-01,0.000000000000000000e+00,4.386064772161438197e-01,2.637960967949317115e-01,0.000000000000000000e+00,4.346563456489319077e-01,0.000000000000000000e+00,2.280801399514046091e-01,1.923602831921555067e-01,0.000000000000000000e+00,3.495520651340485174e-01,0.000000000000000000e+00,0.000000000000000000e+00,0.000000000000000000e+00,4.061361967644521176e-01,0.000000000000000000e+00,0.000000000000000000e+00,0.000000000000000000e+00,0.000000000000000000e+00,5.085595179096997764e-01,0.000000000000000000e+00,4.257260033808419886e-01,4.384197956080936875e-01,0.000000000000000000e+00,0.000000000000000000e+00,4.955666456585008928e-01,0.000000000000000000e+00,4.491910988673986083e-01,0.000000000000000000e+00,0.000000000000000000e+00,4.295724404852245826e-01,0.000000000000000000e+00,0.000000000000000000e+00,0.000000000000000000e+00,0.000000000000000000e+00,4.609773119755333215e-01,0.000000000000000000e+00,0.000000000000000000e+00,0.000000000000000000e+00,4.778220025421722750e-01,0.000000000000000000e+00,0.000000000000000000e+00,0.000000000000000000e+00,4.819809116404222271e-01,0.000000000000000000e+00,0.000000000000000000e+00,0.000000000000000000e+00,0.000000000000000000e+00
3.389907231988332770e-01,3.680536152308567233e-01,0.000000000000000000e+00,0.000000000000000000e+00,3.829633003004767056e-01,3.512965124410797890e-01,3.908881690190669222e-01,4.089256244320875200e-01,3.743265913741978812e-01,0.000000000000000000e+00,0.000000000000000000e+00,0.000000000000000000e+00,3.873198378205370829e-01,0.000000000000000000e+00,0.000000000000000000e+00,3.994388787665481000e-01,0.000000000000000000e+00,3.845140034341207880e-01,0.000000000000000000e+00,2.575814624649663265e-01,3.332594041173331800e-01,2.962996636474469758e-01,3.016955202812043879e-01,3.894474958147831067e-01,3.655276105053447133e-01,3.135684416821962750e-01,2.961200969542979733e-01,3.703137985497361173e-01,3.448144520159475146e-01,3.535947129242760778e-01,3.959548070858662228e-01,4.468848170027748812e-01,3.569260083601967226e-01,4.287415686628284206e-01,4.751020942487199084e-01,0.000000000000000000e+00,0.000000000000000000e+00,0.000000000000000000e+00,4.757817807091441198e-01,4.567320562189651212e-01,4.600156575730953157e-01,4.838297625684795933e-01,4.152253403739605830e-01,0.000000000000000000e+00,0.000000000000000000e+00,3.746137320995330811e-01,4.407571364615016085e-01,0.000000000000000000e+00,0.000000000000000000e+00,0.000000000000000000e+00,4.347405586417070755e-01,0.000000000000000000e+00,4.538821457249698210e-01,0.000000000000000000e+00,0.000000000000000000e+00,0.000000000000000000e+00,0.000000000000000000e+00,4.634815608156016009e-01,0.000000000000000000e+00,4.773862157731760258e-01,4.195518987289384993e-01,0.000000000000000000e+00,0.000000000000000000e+00,0.000000000000000000e+00,4.481171446059745156e-01,4.318193088501333099e-01,4.713927497565467140e-01,4.386858836977304832e-01,0.000000000000000000e+00,4.025016030666422884e-01,4.707497245345413917e-01,4.459897506836120185e-01,4.528070866469288136e-01,4.437155967287286229e-01,4.761572824229521883e-01,4.475271190424325862e-01
3.449511701859300228e-01,3.489425161508276085e-01,4.030925877709983229e-01,0.000000000000000000e+00,4.321845867520960893e-01,3.854760662816663075e-01,4.360135873903965842e-01,4.146117514399222936e-01,4.165990916887284956e-01,3.382710010133964107e-01,0.000000000000000000e+00,3.258920121303163775e-01,4.307764945462863038e-01,0.000000000000000000e+00,3.994388787665481000e-01,0.000000000000000000e+00,3.126756204812601858e-01,2.700631994615987908e-01,0.000000000000000000e+00,3.581038856236604118e-01,3.782529666242275268e-01,3.340624732298843047e-01,3.874205673151577267e-01,3.160201835267648085e-01,3.213620439656871275e-01,3.631868592961111086e-01,3.769670427536466195e-01,4.030627454933061182e-01,3.827522213608776092e-01,4.009042340132745186e-01,3.606211576813412867e-01,4.482077110944953091e-01,3.386989004116229829e-01,3.830934370699867753e-01,4.337168601558025749e-01,0.000000000000000000e+00,0.000000000000000000e+00,0.000000000000000000e+00,4.424204572523613987e-01,4.075088118050037012e-01,4.103988829237074087e-01,4.345625525744226114e-01,0.000000000000000000e+00,0.000000000000000000e+00,0.000000000000000000e+00,3.814369747273311240e-01,4.227254467444893082e-01,0.000000000000000000e+00,0.000000000000000000e+00,0.000000000000000000e+00,4.283196558041322266e-01,4.551786118827442218e-01,0.000000000000000000e+00,0.000000000000000000e+00,3.926021000855868248e-01,0.000000000000000000e+00,0.000000000000000000e+00,4.249674340422250896e-01,0.000000000000000000e+00,4.473956578717943056e-01,4.173060924630316859e-01,3.938794225444456898e-01,3.978752899577950863e-01,0.000000000000000000e+00,4.382489524194547736e-01,4.139735721781028777e-01,4.223054356157033840e-01,4.354722994805143022e-01,3.775213574777199210e-01,4.074355376838975085e-01,4.132183295651222776e-01,4.504245538422804174e-01,4.622277324311858115e-01,4.273089766175777737e-01,0.000000000000000000e+00,4.074074065790651011e-01
3.306466605066835096e-01,3.288529356948500237e-01,0.000000000000000000e+00,0.000000000000000000e+00,0.000000000000000000e+00,0.000000000000000000e+00,0.000000000000000000e+00,0.000000000000000000e+00,4.434091899818692895e-01,3.260240552858421070e-01,0.000000000000000000e+00,3.401551936452993918e-01,3.922234795155220000e-01,0.000000000000000000e+00,0.000000000000000000e+00,3.126756204812601858e-01,0.000000000000000000e+00,2.701515945064293933e-01,0.000000000000000000e+00,3.853777257773027820e-01,3.859125001492504925e-01,3.549693534356869185e-01,0.000000000000000000e+00,3.298234279733930907e-01,2.801002187984151237e-01,3.272202565883760017e-01,0.000000000000000000e+00,4.020424459277682772e-01,0.000000000000000000e+00,0.000000000000000000e+00,3.366034453540900917e-01,4.072653981134372048e-01,3.049492125971419165e-01,3.467068391736494171e-01,3.688726368557482815e-01,0.000000000000000000e+00,0.000000000000000000e+00,3.259219389098537145e-01,4.381479342348256756e-01,4.114221238168280226e-01,4.238535923539927808e-01,0.000000000000000000e+00,0.000000000000000000e+00,0.000000000000000000e+00,0.000000000000000000e+00,3.675810634795700915e-01,4.011011487518861829e-01,0.000000000000000000e+00,0.000000000000000000e+00,0.000000000000000000e+00,0.000000000000000000e+00,0.000000000000000000e+00,0.000000000000000000e+00,0.000000000000000000e+00,4.360564728229391895e-01,0.000000000000000000e+00,4.294154746365794195e-01,4.278599980932060731e-01,0.000000000000000000e+00,0.000000000000000000e+00,3.676688880911782031e-01,4.305825835916234912e-01,4.154253289215606992e-01,0.000000000000000000e+00,0.000000000000000000e+00,0.000000000000000000e+00,0.000000000000000000e+00,0.000000000000000000e+00,4.133682296961174174e-01,4.233961687226517889e-01,4.284673394220623877e-01,0.000000000000000000e+00,4.506488200075023931e-01,0.000000000000000000e+00,0.000000000000000000e+00,4.173158847300811880e-01
3.183556383317970861e-01,3.305942221516053880e-01,0.000000000000000000e+00,0.000000000000000000e+00,0.000000000000000000e+00,3.913107573582096932e-01,4.121961362913029725e-01,4.172383070935932192e-01,4.341049762567802950e-01,3.298080371875953265e-01,4.212667244630540764e-01,3.225065960315429137e-01,4.075901494765989952e-01,0.000000000000000000e+00,3.845140034341207880e-01,2.700631994615987908e-01,2.701515945064293933e-01,0.000000000000000000e+00,0.000000000000000000e+00,3.974094647869860220e-01,3.649286601905771255e-01,3.557880270170499237e-01,3.762090214437726066e-01,3.086543231774958040e-01,2.953720590429599890e-01,3.245764522833505250e-01,3.799485780776810095e-01,3.961882687580707829e-01,3.941062496420812966e-01,3.568245172500609796e-01,3.410175288683138795e-01,4.167713461452122736e-01,3.021602965605765245e-01,3.569645627680446132e-01,3.728213625264201192e-01,0.000000000000000000e+00,0.000000000000000000e+00,3.013696304218366206e-01,4.169099883104067095e-01,3.921850644171901989e-01,3.975614635810911235e-01,4.085736405910763147e-01,0.000000000000000000e+00,0.000000000000000000e+00,0.000000000000000000e+00,3.617724061070434760e-01,4.032178502890291782e-01,0.000000000000000000e+00,0.000000000000000000e+00,0.000000000000000000e+00,4.250474487430939141e-01,0.000000000000000000e+00,0.000000000000000000e+00,0.000000000000000000e+00,4.018992155903609031e-01,0.000000000000000000e+00,4.012084889531358223e-01,4.170353508665500253e-01,0.000000000000000000e+00,0.000000000000000000e+00,4.009097055138953758e-01,4.068971050041267912e-01,3.964741582067625170e-01,0.000000000000000000e+00,3.975469326012054938e-01,0.000000000000000000e+00,4.021575851646134181e-01,0.000000000000000000e+00,3.787108391841870758e-01,3.979643430955095984e-01,4.020109477822277899e-01,4.398817706903743741e-01,0.000000000000000000e+00,3.913385736604811926e-01,0.000000000000000000e+00,3.899216149187619829e-01
0.000000000000000000e+00,3.114592134952545166e-01,2.268523584267518878e-01,3.400756534361319972e-01,3.176305295068718726e-01,3.505151695364995268e-01,4.097144485567292271e-01,4.002459592264532851e-01,2.622442913796417807e-01,4.205441505057654905e-01,2.403581236521311892e-01,4.256935240362760275e-01,4.239053083175863823e-01,3.404556535071631140e-01,0.000000000000000000e+00,0.000000000000000000e+00,0.000000000000000000e+00,0.000000000000000000e+00,0.000000000000000000e+00,3.717955315689142060e-01,0.000000000000000000e+00,4.211573142900260081e-01,2.691683489022098086e-01,4.240958367715724764e-01,0.000000000000000000e+00,0.000000000000000000e+00,3.156139985086900968e-01,4.225315707931575071e-01,0.000000000000000000e+00,4.821340425237856109e-01,4.324004108073762898e-01,3.984646211927347914e-01,3.873101035276069748e-01,4.370391239526861260e-01,4.138590890990995752e-01,3.423527175471310913e-01,4.070435179636804901e-01,0.000000000000000000e+00,4.871653592118747045e-01,0.000000000000000000e+00,5.729186926302213267e-01,0.000000000000000000e+00,4.378910278967200198e-01,0.000000000000000000e+00,0.000000000000000000e+00,0.000000000000000000e+00,0.000000000000000000e+00,3.153333127457806917e-01,0.000000000000000000e+00,4.798899884323458154e-01,5.087733307224979740e-01,5.115282007189833058e-01,4.741925059059691749e-01,5.237581873447789693e-01,0.000000000000000000e+00,3.593706665686333124e-01,0.000000000000000000e+00,0.000000000000000000e+00,4.951232146755011887e-01,0.000000000000000000e+00,0.000000000000000000e+00,0.000000000000000000e+00,0.000000000000000000e+00,3.902137068425188815e-01,0.000000000000000000e+00,0.000000000000000000e+00,0.000000000000000000e+00,5.254951655319404225e-01,0.000000000000000000e+00,0.000000000000000000e+00,0.000000000000000000e+00,5.116164140385536241e-01,5.234706493294885021e-01,0.000000000000000000e+00,0.000000000000000000e+00,0.000000000000000000e+00
3.945309931308996765e-01,3.746195437886044033e-01,3.731619822772903050e-01,0.000000000000000000e+00,3.831289649411513953e-01,3.357276942503010786e-01,4.023983037534711871e-01,3.522758162746489896e-01,3.633256567600511855e-01,4.061338195206942170e-01,0.000000000000000000e+00,0.000000000000000000e+00,3.901907208313140085e-01,0.000000000000000000e+00,2.575814624649663265e-01,3.581038856236604118e-01,3.853777257773027820e-01,3.974094647869860220e-01,3.717955315689142060e-01,0.000000000000000000e+00,3.428378016337926271e-01,3.483731030533872008e-01,2.350830170798927088e-01,4.098127767403372812e-01,3.644128404825531242e-01,3.756166144453155775e-01,2.985703234774135795e-01,3.490504437939028759e-01,2.805517476831330126e-01,3.372314611808682194e-01,3.404587728180539230e-01,4.379962799405764939e-01,3.463038149377707930e-01,4.024109201835274763e-01,4.525084621159491949e-01,4.845233410908947880e-01,4.635606865425820899e-01,0.000000000000000000e+00,4.588758568731706733e-01,4.181323202058523925e-01,4.729744576629146269e-01,4.763486903906485881e-01,4.627723775457315836e-01,4.738373052454203926e-01,0.000000000000000000e+00,0.000000000000000000e+00,4.211688517461877890e-01,0.000000000000000000e+00,0.000000000000000000e+00,0.000000000000000000e+00,4.453151942096181815e-01,4.614488959957744885e-01,4.215912773018157256e-01,0.000000000000000000e+00,0.000000000000000000e+00,0.000000000000000000e+00,0.000000000000000000e+00,4.652643709904483726e-01,0.000000000000000000e+00,4.517746853144583019e-01,4.164669985232323235e-01,0.000000000000000000e+00,4.235708840231143246e-01,4.303838995705542847e-01,4.435179894233466924e-01,4.172199597540124927e-01,4.551228553756406225e-01,4.381403880460368883e-01,0.000000000000000000e+00,3.975405462342342933e-01,4.367191552585161229e-01,4.501808675697259177e-01,4.623231115995605767e-01,4.487920484322762138e-01,4.724115830295858021e-01,4.522348556083746751e-01
3.680678301655886941e-01,3.652795499646003807e-01,0.000000000000000000e+00,0.000000000000000000e+00,0.000000000000000000e+00,3.582064648814489161e-01,4.212393474674592242e-01,3.860508002111521231e-01,3.686400103052788757e-01,4.324106522698925037e-01,0.000000000000000000e+00,0.000000000000000000e+00,4.223880057184922210e-01,0.000000000000000000e+00,3.332594041173331800e-01,3.782529666242275268e-01,3.859125001492504925e-01,3.649286601905771255e-01,0.000000000000000000e+00,3.428378016337926271e-01,0.000000000000000000e+00,3.948895983767208850e-01,3.245909445422383022e-01,4.093045594115308217e-01,3.526120081968125985e-01,3.394041972266315099e-01,3.301350405647370811e-01,4.038928865578598204e-01,3.618084781057039900e-01,4.157291168209418242e-01,3.985767719543730769e-01,4.368257701414323124e-01,3.362983500701601791e-01,4.178877678059780831e-01,4.798559772523142142e-01,4.280433701633062915e-01,0.000000000000000000e+00,0.000000000000000000e+00,4.585466881169614206e-01,4.198013641796404793e-01,4.534508269910287881e-01,4.865725988200135244e-01,0.000000000000000000e+00,0.000000000000000000e+00,0.000000000000000000e+00,3.770920698163269247e-01,4.421112808714319220e-01,0.000000000000000000e+00,0.000000000000000000e+00,0.000000000000000000e+00,4.533798632572049736e-01,0.000000000000000000e+00,4.186382018688177831e-01,0.000000000000000000e+00,0.000000000000000000e+00,0.000000000000000000e+00,0.000000000000000000e+00,0.000000000000000000e+00,0.000000000000000000e+00,4.647797828474580784e-01,3.991498496679082852e-01,0.000000000000000000e+00,4.058403662214412067e-01,0.000000000000000000e+00,4.224750453225447067e-01,3.991314966725050817e-01,4.640976032144327745e-01,4.073428787538310725e-01,0.000000000000000000e+00,4.096298808413733061e-01,4.496403125846720750e-01,4.363007920580759258e-01,4.577949981189716189e-01,4.340336361613327809e-01,0.000000000000000000e+00,4.312765481297224923e-01
