0.000000000000000000e+00,4.251645964662204014e-01,5.237703985186489275e-01,0.000000000000000000e+00,0.000000000000000000e+00,4.914427497027762937e-01,0.000000000000000000e+00,5.524297244157201359e-01,0.000000000000000000e+00,4.198256814712140184e-01,0.000000000000000000e+00,4.096929342891880155e-01,5.017034300735166985e-01,0.000000000000000000e+00,4.412531208855515197e-01,4.163925927196249210e-01,4.072116563373683884e-01,4.023562829264317742e-01,0.000000000000000000e+00,4.916161344223634044e-01,4.707999676630719166e-01,4.420681419492175079e-01,4.946353212204688821e-01,3.581441305957676069e-01,3.955237340915392918e-01,3.864991190485008166e-01,4.767636420989656010e-01,5.119261311685546767e-01,5.154457698529324450e-01,0.000000000000000000e+00,4.138895517189359885e-01,4.735483347900992790e-01,3.753299726465407771e-01,4.128489104827828826e-01,4.840850734885959183e-01,0.000000000000000000e+00,0.000000000000000000e+00,4.146177001720565136e-01,4.866250808223510083e-01,4.359727610512221241e-01,4.668707487259775024e-01,0.000000000000000000e+00,0.000000000000000000e+00,0.000000000000000000e+00,0.000000000000000000e+00,3.948449544999956262e-01,4.930178890472087239e-01,0.000000000000000000e+00,0.000000000000000000e+00,0.000000000000000000e+00,0.000000000000000000e+00,0.000000000000000000e+00,5.193434263082361557e-01,0.000000000000000000e+00,4.550703469758857200e-01,0.000000000000000000e+00,0.000000000000000000e+00,0.000000000000000000e+00,0.000000000000000000e+00,5.344246249805830740e-01,4.872880554099678907e-01,4.425968659017979756e-01,4.659169213774683738e-01,0.000000000000000000e+00,0.000000000000000000e+00,5.409682550089391917e-01,5.177144923161933754e-01,5.066360704673819049e-01,3.414626331033273066e-01,4.766926000893937920e-01,4.813143392650628960e-01,0.000000000000000000e+00,0.000000000000000000e+00,0.000000000000000000e+00,0.000000000000000000e+00,4.395368912656574256e-01
4.251645964662204014e-01,0.000000000000000000e+00,0.000000000000000000e+00,0.000000000000000000e+00,4.419269432753052951e-01,4.363303294351522088e-01,4.754746913939942865e-01,4.438832157057864269e-01,4.433132440236212113e-01,3.943770953105363852e-01,0.000000000000000000e+00,0.000000000000000000e+00,4.767499608979606784e-01,0.000000000000000000e+00,4.298878252533501199e-01,4.382122526075543090e-01,4.006433116506046277e-01,4.211623432565925751e-01,0.000000000000000000e+00,4.751830797767376269e-01,4.374975576823437184e-01,4.475833627740121168e-01,4.375766626978203067e-01,4.086070292953716820e-01,4.176127669836985912e-01,4.187174074643356114e-01,4.496216125214738124e-01,4.754494144581905002e-01,4.631420482515263837e-01,0.000000000000000000e+00,4.067061180774431128e-01,4.805821536964609009e-01,4.168332343377328941e-01,4.249401488195403975e-01,4.953778831573137920e-01,0.000000000000000000e+00,0.000000000000000000e+00,0.000000000000000000e+00,5.041913404465629966e-01,4.827497043404914145e-01,4.800534402137239809e-01,5.210901460539333341e-01,0.000000000000000000e+00,0.000000000000000000e+00,0.000000000000000000e+00,4.994115005144850183e-01,4.863515506189535764e-01,0.000000000000000000e+00,0.000000000000000000e+00,0.000000000000000000e+00,4.825616458427157140e-01,4.849603438686784784e-01,5.289959700888691163e-01,0.000000000000000000e+00,0.000000000000000000e+00,0.000000000000000000e+00,0.000000000000000000e+00,4.985723835864955822e-01,0.000000000000000000e+00,5.089842657709869878e-01,4.796837490868405829e-01,4.669089902369560896e-01,4.771895517470221004e-01,0.000000000000000000e+00,4.984724695196208200e-01,5.129785315869729301e-01,4.908324447615832753e-01,4.919772190160066061e-01,4.944268150584796850e-01,4.779816857041859213e-01,5.057314332682053548e-01,4.918687462999967175e-01,5.095400303652117824e-01,5.060629381100244517e-01,0.000000000000000000e+00,4.687509816669055973e-01
5.237703985186489275e-01,0.000000000000000000e+00,0.000000000000000000e+00,3.994598692988837185e-01,4.025060338706302199e-01,4.200626174441545180e-01,4.323249699175691907e-01,4.461673986547374238e-01,3.210226215082848111e-01,4.669957361762923087e-01,3.185967282109452015e-01,4.537157852720637985e-01,4.382124473510278784e-01,3.943926079608249258e-01,0.000000000000000000e+00,0.000000000000000000e+00,4.644610659954505061e-01,0.000000000000000000e+00,2.447585504649522903e-01,4.523698979183912727e-01,4.334185410505885794e-01,4.554876622987436008e-01,3.181528740297693836e-01,4.598227790761528211e-01,4.597432679136261857e-01,4.636857570069826129e-01,3.590006352160641234e-01,4.448578639006853797e-01,4.297232936533844083e-01,4.525173357916215111e-01,4.545281545410596036e-01,4.536701680738541853e-01,0.000000000000000000e+00,4.587457407355838845e-01,4.684593117660170170e-01,4.102720910941700105e-01,4.450188048759701198e-01,4.417934458572619905e-01,5.206599821148428786e-01,0.000000000000000000e+00,5.332773740610259328e-01,5.881045342819934962e-01,5.165629340692651228e-01,0.000000000000000000e+00,0.000000000000000000e+00,0.000000000000000000e+00,5.280827243871561993e-01,2.818467883492880022e-01,5.118144132911282007e-01,4.460879922747731929e-01,5.594945812664072760e-01,5.018651238202249676e-01,4.571743586192583142e-01,3.532680027165415182e-01,5.188187977176268451e-01,3.196143331602427917e-01,0.000000000000000000e+00,5.226726189740029671e-01,5.344991912771376308e-01,0.000000000000000000e+00,0.000000000000000000e+00,0.000000000000000000e+00,0.000000000000000000e+00,2.518832517533509119e-01,5.219479841300449507e-01,5.292496103324423329e-01,5.335948405991346455e-01,4.955101563770655249e-01,0.000000000000000000e+00,0.000000000000000000e+00,5.365074223519583629e-01,5.181606520386514703e-01,5.296303396892206861e-01,5.520550685866846274e-01,5.460863308303998132e-01,5.184171529009836688e-01
0.000000000000000000e+00,0.000000000000000000e+00,3.994598692988837185e-01,0.000000000000000000e+00,2.836590319132213933e-01,4.294764881849880145e-01,3.084203464685250085e-01,3.996637162676470179e-01,4.178676458734716936e-01,3.216690743986760914e-01,3.641843800410897725e-01,3.660049542351250795e-01,3.205602841282035875e-01,3.473735334803991770e-01,0.000000000000000000e+00,0.000000000000000000e+00,0.000000000000000000e+00,0.000000000000000000e+00,3.982041711274517115e-01,0.000000000000000000e+00,0.000000000000000000e+00,0.000000000000000000e+00,4.115142032559654939e-01,0.000000000000000000e+00,0.000000000000000000e+00,0.000000000000000000e+00,4.635025265905147185e-01,2.810779902692320253e-01,4.451754032407119754e-01,0.000000000000000000e+00,3.534673123822241747e-01,3.682240870747477968e-01,3.567025867064931854e-01,3.177687831132814944e-01,5.323962010810924239e-01,2.786938506867339127e-01,2.197716705656559966e-01,2.971679632754731792e-01,0.000000000000000000e+00,0.000000000000000000e+00,0.000000000000000000e+00,0.000000000000000000e+00,0.000000000000000000e+00,0.000000000000000000e+00,0.000000000000000000e+00,0.000000000000000000e+00,0.000000000000000000e+00,0.000000000000000000e+00,0.000000000000000000e+00,0.000000000000000000e+00,0.000000000000000000e+00,0.000000000000000000e+00,0.000000000000000000e+00,0.000000000000000000e+00,0.000000000000000000e+00,0.000000000000000000e+00,0.000000000000000000e+00,5.237533990677953888e-01,0.000000000000000000e+00,0.000000000000000000e+00,0.000000000000000000e+00,0.000000000000000000e+00,0.000000000000000000e+00,0.000000000000000000e+00,0.000000000000000000e+00,0.000000000000000000e+00,0.000000000000000000e+00,5.066335063734656030e-01,0.000000000000000000e+00,0.000000000000000000e+00,0.000000000000000000e+00,5.109898881758099254e-01,0.000000000000000000e+00,5.123217334625208563e-01,0.000000000000000000e+00,0.000000000000000000e+00
0.000000000000000000e+00,4.419269432753052951e-01,4.025060338706302199e-01,2.836590319132213933e-01,0.000000000000000000e+00,4.095261283394173168e-01,3.401382685328843136e-01,4.317198976068455929e-01,3.557804299486703736e-01,4.634317974129392170e-01,3.269927444393205263e-01,4.315192953911257123e-01,3.790350232025607169e-01,2.899878850159173238e-01,0.000000000000000000e+00,4.826955155932555197e-01,4.823226853343597909e-01,4.750075015208443108e-01,3.494559994644645951e-01,4.411479036700480250e-01,4.661787112189286209e-01,4.815927067419077945e-01,4.333663213036946238e-01,4.359740676900090151e-01,4.635368748984092235e-01,4.500911794600935267e-01,4.189302183827818271e-01,3.444752337816207044e-01,4.379377025381289146e-01,4.364703653257909211e-01,4.435496062591682276e-01,3.721282464764392173e-01,4.002475729620619815e-01,4.198987252954182736e-01,4.157572952646996223e-01,2.698881246699014191e-01,2.695761103390704738e-01,3.844399795287701260e-01,5.708287367517808075e-01,0.000000000000000000e+00,5.621488760049755395e-01,5.803289132451278087e-01,4.906439129373075803e-01,0.000000000000000000e+00,0.000000000000000000e+00,0.000000000000000000e+00,5.217648738677302944e-01,5.440418836858716967e-01,0.000000000000000000e+00,5.429412787654619432e-01,5.740709009049271838e-01,5.779286428068022285e-01,4.884705334328687254e-01,5.684074473109418379e-01,5.544049587171878679e-01,5.224903674339943516e-01,4.463169219093472972e-01,5.753441544194335400e-01,4.906715285194999110e-01,0.000000000000000000e+00,0.000000000000000000e+00,0.000000000000000000e+00,0.000000000000000000e+00,5.486065578528834807e-01,5.228293124464653552e-01,0.000000000000000000e+00,5.247496683265312489e-01,5.622992885934369189e-01,0.000000000000000000e+00,0.000000000000000000e+00,4.986589149399642262e-01,5.706675784305269561e-01,5.697850847944103680e-01,5.610151654197198523e-01,5.665264257289507333e-01,5.663449258281384457e-01
4.914427497027762937e-01,4.363303294351522088e-01,4.200626174441545180e-01,4.294764881849880145e-01,4.095261283394173168e-01,0.000000000000000000e+00,4.267233805115356882e-01,4.376273326926357066e-01,3.732009725079872831e-01,4.686201854492864083e-01,4.006144980070561190e-01,4.511965195321738786e-01,4.064107272874387111e-01,4.285916332676931728e-01,4.118264320596646821e-01,4.709109984375229874e-01,4.649711697058870885e-01,4.636835979779971861e-01,3.806269644000838115e-01,4.197780025441629759e-01,4.249262512925849888e-01,4.525329926348805043e-01,4.114619035694093152e-01,4.897853031053724937e-01,4.527047846864307168e-01,4.267754225430078763e-01,3.915222608210484068e-01,3.875077896181357007e-01,3.518766586284438058e-01,4.289932082778474820e-01,4.383061844170578203e-01,4.404368702917610956e-01,4.198593306913375733e-01,4.489481922702133754e-01,4.695480631890265877e-01,4.628001206306157078e-01,4.606105089604379810e-01,4.305557494661356732e-01,5.400766944012048709e-01,0.000000000000000000e+00,5.369984792409454588e-01,5.658532027349753024e-01,5.408678350882414332e-01,0.000000000000000000e+00,0.000000000000000000e+00,0.000000000000000000e+00,4.632601461004042243e-01,5.744582754952582970e-01,0.000000000000000000e+00,5.756111633020563056e-01,5.579901021448434584e-01,5.739274447440066984e-01,4.637686863069708787e-01,5.862369545297181350e-01,5.417297163366010526e-01,5.444549224314296776e-01,0.000000000000000000e+00,5.594520641229491220e-01,5.180029194378750201e-01,4.704326109796965749e-01,4.679609693694655737e-01,0.000000000000000000e+00,0.000000000000000000e+00,5.599603494422111805e-01,4.944805706176247928e-01,4.901538446412633809e-01,4.734477813936667778e-01,5.567506381335672883e-01,0.000000000000000000e+00,4.490925740396977117e-01,4.761830434438665272e-01,5.463051462760927235e-01,5.502930895107698284e-01,5.209831840443138740e-01,5.387521123447941429e-01,5.339231237898202087e-01
0.000000000000000000e+00,4.754746913939942865e-01,4.323249699175691907e-01,3.084203464685250085e-01,3.401382685328843136e-01,4.267233805115356882e-01,0.000000000000000000e+00,4.822706193564080257e-01,4.084098350339452899e-01,4.447982725838517948e-01,4.056718860439529895e-01,4.263851252053537100e-01,3.574976783280551795e-01,3.303944950619028820e-01,0.000000000000000000e+00,5.032184236531023203e-01,4.692688993644936191e-01,4.841357376038423199e-01,4.143103733462855098e-01,4.679194818904092168e-01,4.694781449769723780e-01,4.946856783438537963e-01,4.471467891095968206e-01,4.429189022024067057e-01,4.834058079681675113e-01,4.558156589455152896e-01,4.380873848778608082e-01,3.583409692316095740e-01,4.590921159414835251e-01,3.736040890216826837e-01,4.241518925466942758e-01,4.101787479210315945e-01,4.034476452419343828e-01,4.238043453107491199e-01,4.449295907287409979e-01,3.286423697452756088e-01,3.574496508804488881e-01,3.873828634379630209e-01,5.696578508060033963e-01,0.000000000000000000e+00,5.609308508079358102e-01,5.765782198581300699e-01,5.460647547509990263e-01,0.000000000000000000e+00,0.000000000000000000e+00,0.000000000000000000e+00,5.088151969676618647e-01,5.770025762262942504e-01,0.000000000000000000e+00,5.739986322537617980e-01,5.745442619013521046e-01,5.742150665126612985e-01,5.056735041600766145e-01,5.850792338559988037e-01,5.221737538030370995e-01,5.354318138998835908e-01,0.000000000000000000e+00,5.722236595579176521e-01,5.216844696724627362e-01,4.885633282132442190e-01,0.000000000000000000e+00,0.000000000000000000e+00,0.000000000000000000e+00,5.866660134733370224e-01,5.250172794973245738e-01,0.000000000000000000e+00,5.148007326096774028e-01,5.682095213857802918e-01,0.000000000000000000e+00,4.994124900054174865e-01,4.906855035869612247e-01,5.617975540997064421e-01,5.697782486498821353e-01,5.525303225440011401e-01,5.644336338580323575e-01,5.591578420022146334e-01
5.524297244157201359e-01,4.438832157057864269e-01,4.461673986547374238e-01,3.996637162676470179e-01,4.317198976068455929e-01,4.376273326926357066e-01,4.822706193564080257e-01,0.000000000000000000e+00,4.528864623722453908e-01,4.892848230509285190e-01,3.460340937461072741e-01,4.722756405653191214e-01,4.750817442874510910e-01,3.510655768566444124e-01,4.801138854626085251e-01,5.018563459739314725e-01,4.956897460406612943e-01,5.145960335041124267e-01,4.096393944083591143e-01,4.296765952525956056e-01,4.333838818981354257e-01,4.647917308898055211e-01,3.866559939945724000e-01,5.448250186887552138e-01,5.169353566563218427e-01,5.286719785010739470e-01,4.512241035249947019e-01,4.661801727810889195e-01,4.248630262361159926e-01,4.547162236494187160e-01,4.721870249495477845e-01,4.578657379835305852e-01,5.134305073771562311e-01,4.906982115033924896e-01,5.116329862937919470e-01,3.738344871272072933e-01,4.648609451646554813e-01,4.633518841611328209e-01,4.995215557688175156e-01,0.000000000000000000e+00,5.232578964975734825e-01,5.735525073850348265e-01,4.493854391089063816e-01,0.000000000000000000e+00,0.000000000000000000e+00,5.186550060168979570e-01,4.701336078883759928e-01,4.797339081404992100e-01,0.000000000000000000e+00,5.251805032384649907e-01,4.833137025882437987e-01,5.272751436671818670e-01,3.080449681496030823e-01,5.371424560693263128e-01,0.000000000000000000e+00,4.588174515270502241e-01,0.000000000000000000e+00,5.070994439174956181e-01,4.175991294862358982e-01,4.966263590835325870e-01,5.027495956850122072e-01,0.000000000000000000e+00,0.000000000000000000e+00,5.011211885023335588e-01,5.033818135460674803e-01,4.678908003172582153e-01,5.110142999716784651e-01,4.421196228801411165e-01,0.000000000000000000e+00,5.216971611643209661e-01,5.043343432551098404e-01,4.815017292026740892e-01,4.991275523620152810e-01,4.896425767671576113e-01,4.948819622509141869e-01,4.967796931822227036e-01
0.000000000000000000e+00,4.433132440236212113e-01,3.210226215082848111e-01,4.178676458734716936e-01,3.557804299486703736e-01,3.732009725079872831e-01,4.084098350339452899e-01,4.528864623722453908e-01,0.000000000000000000e+00,4.603475479003454884e-01,2.897600659238395160e-01,4.456231624883040254e-01,4.045232515917661087e-01,3.850524720181067728e-01,0.000000000000000000e+00,4.812404847961180843e-01,4.724442221515762763e-01,4.699433721291029209e-01,2.690700925255496978e-01,4.415790331602074126e-01,4.305246450761726074e-01,4.660706447556046128e-01,4.156206987207071157e-01,4.544283176153038895e-01,4.540497614333873222e-01,4.605274291283765198e-01,3.949359652767451268e-01,4.316412498065482217e-01,4.275511465708490833e-01,4.354234994065219189e-01,4.401841322671108947e-01,4.415962399089107815e-01,4.321912478855741147e-01,4.463460619927969164e-01,4.589362261537507925e-01,4.095199466966800150e-01,4.385714743837709761e-01,4.252617214936869061e-01,5.616038706279882220e-01,0.000000000000000000e+00,5.620345859700350832e-01,5.656195998765349842e-01,5.039550323187896863e-01,0.000000000000000000e+00,0.000000000000000000e+00,0.000000000000000000e+00,4.953745166361073760e-01,5.210423236690279181e-01,4.943494842291856761e-01,5.351897592391635650e-01,5.673755011033320139e-01,5.688403733928231176e-01,4.954698248324539978e-01,5.669095620125662593e-01,5.424523995652664743e-01,5.220546480747838558e-01,0.000000000000000000e+00,5.687679171753803331e-01,5.138779158403241620e-01,0.000000000000000000e+00,0.000000000000000000e+00,0.000000000000000000e+00,0.000000000000000000e+00,5.504084663160334623e-01,5.084289268036763509e-01,5.299235306986512795e-01,4.976962951631639931e-01,5.628539068514757382e-01,0.000000000000000000e+00,0.000000000000000000e+00,4.997430803423861811e-01,5.612046597041447926e-01,5.658182435645451314e-01,5.494796574320288673e-01,5.612132380640739715e-01,5.579975590272976405e-01
4.198256814712140184e-01,3.943770953105363852e-01,4.669957361762923087e-01,3.216690743986760914e-01,4.634317974129392170e-01,4.686201854492864083e-01,4.447982725838517948e-01,4.892848230509285190e-01,4.603475479003454884e-01,0.000000000000000000e+00,4.504439814952108101e-01,3.625914891588197797e-01,4.732962148915361156e-01,4.517785686686180968e-01,0.000000000000000000e+00,4.003589947013402872e-01,3.480057879141035815e-01,3.674448905704160162e-01,4.412124216134066801e-01,4.469905187326466134e-01,5.135194897359588451e-01,4.273191612319416910e-01,4.692217086326275766e-01,3.733066506909609172e-01,3.424137189387699842e-01,3.298422189583308795e-01,4.656980089185239202e-01,4.705262857105477203e-01,4.736879961132253181e-01,0.000000000000000000e+00,4.049378067392476743e-01,4.029581823708224819e-01,3.568559012447238832e-01,3.756516680389546115e-01,3.688167020638105087e-01,3.602779956911131842e-01,2.934516639125442916e-01,3.521618098744002112e-01,5.469617367133096097e-01,4.579604372577549820e-01,4.417759125154088196e-01,0.000000000000000000e+00,5.578989979953291600e-01,0.000000000000000000e+00,4.335059777058120067e-01,4.007032514311030247e-01,4.638165145941913758e-01,0.000000000000000000e+00,0.000000000000000000e+00,0.000000000000000000e+00,5.492106833482233164e-01,0.000000000000000000e+00,0.000000000000000000e+00,5.618168633803429790e-01,4.791673530124114233e-01,0.000000000000000000e+00,4.745636078102303257e-01,5.288398867916147550e-01,0.000000000000000000e+00,0.000000000000000000e+00,4.611995251964218223e-01,4.756624337129449764e-01,4.603006473064514825e-01,0.000000000000000000e+00,5.228729319262993558e-01,0.000000000000000000e+00,0.000000000000000000e+00,5.490629010574941127e-01,4.381712968337069802e-01,4.734002923597454005e-01,4.621042923788324930e-01,5.380803506954776605e-01,5.048446227890486249e-01,5.384102475336279836e-01,0.000000000000000000e+00,4.611727857987478196e-01
0.000000000000000000e+00,0.000000000000000000e+00,3.185967282109452015e-01,3.641843800410897725e-01,3.269927444393205263e-01,4.006144980070561190e-01,4.056718860439529895e-01,3.460340937461072741e-01,2.897600659238395160e-01,4.504439814952108101e-01,0.000000000000000000e+00,4.336340476842688862e-01,4.121886465550139156e-01,2.900530518296386973e-01,0.000000000000000000e+00,0.000000000000000000e+00,4.660538832128974795e-01,4.595369733443199212e-01,2.570274541463700158e-01,0.000000000000000000e+00,0.000000000000000000e+00,0.000000000000000000e+00,2.839873586372371750e-01,4.454800519324205177e-01,4.614938377296363137e-01,4.554831693672172777e-01,3.968491469893309920e-01,4.129790893463478052e-01,4.245490283780096741e-01,4.252306280721995235e-01,4.361750378736116152e-01,3.990212380101785805e-01,4.185635446366948731e-01,4.179655708733854835e-01,4.212142936507908275e-01,3.070876641442695232e-01,3.280495689639317258e-01,4.002946538246909269e-01,5.271233568184426899e-01,0.000000000000000000e+00,5.431753669579831856e-01,0.000000000000000000e+00,4.301793234536480104e-01,0.000000000000000000e+00,0.000000000000000000e+00,0.000000000000000000e+00,0.000000000000000000e+00,3.320338961447780179e-01,4.511177043008490761e-01,4.256015485640652907e-01,5.386657357579222039e-01,5.017971739335677084e-01,4.145486922411784070e-01,3.248083872576427167e-01,0.000000000000000000e+00,2.932695898225234910e-01,0.000000000000000000e+00,5.098698632072938830e-01,4.611132767080112216e-01,0.000000000000000000e+00,0.000000000000000000e+00,0.000000000000000000e+00,0.000000000000000000e+00,2.427082891780444063e-01,0.000000000000000000e+00,0.000000000000000000e+00,5.125071354586574479e-01,5.240167649104022773e-01,0.000000000000000000e+00,0.000000000000000000e+00,0.000000000000000000e+00,5.400197477397058465e-01,5.131272600707827980e-01,5.209802619924112088e-01,0.000000000000000000e+00,5.271742966359637128e-01
4.096929342891880155e-01,0.000000000000000000e+00,4.537157852720637985e-01,3.660049542351250795e-01,4.315192953911257123e-01,4.511965195321738786e-01,4.263851252053537100e-01,4.722756405653191214e-01,4.456231624883040254e-01,3.625914891588197797e-01,4.336340476842688862e-01,0.000000000000000000e+00,4.566545521580226974e-01,4.222757918562859980e-01,4.470711014422262819e-01,4.009054104768661753e-01,3.829171432467615155e-01,3.656638937234866216e-01,4.312284094369031040e-01,4.842298558195288760e-01,5.132370417357644543e-01,4.821440289635616772e-01,4.574421522516313177e-01,2.910509176501404061e-01,3.543640436132536875e-01,3.068927869121819141e-01,4.538608285563578981e-01,4.476079784926030869e-01,4.585279959171059128e-01,0.000000000000000000e+00,4.257948427333869135e-01,3.196987072883453185e-01,3.193531834405642922e-01,3.215512980657639908e-01,3.618308313879067262e-01,3.341524919111045211e-01,3.363707847054578925e-01,2.719924829282721057e-01,3.520571932150546868e-01,4.342300363073772762e-01,4.272035229206723739e-01,0.000000000000000000e+00,0.000000000000000000e+00,0.000000000000000000e+00,4.149268074847272114e-01,4.180410327563094941e-01,0.000000000000000000e+00,0.000000000000000000e+00,0.000000000000000000e+00,0.000000000000000000e+00,5.450568628229641721e-01,0.000000000000000000e+00,0.000000000000000000e+00,0.000000000000000000e+00,4.703817771598792774e-01,0.000000000000000000e+00,4.710391682537897751e-01,4.489218767340578120e-01,0.000000000000000000e+00,0.000000000000000000e+00,0.000000000000000000e+00,4.688234625175718984e-01,4.428652736718239891e-01,0.000000000000000000e+00,0.000000000000000000e+00,0.000000000000000000e+00,0.000000000000000000e+00,5.327443188924285700e-01,4.343037402315205742e-01,4.652466000403630009e-01,4.505417192006573868e-01,5.123780830048035861e-01,4.818072126270646072e-01,0.000000000000000000e+00,0.000000000000000000e+00,4.549191985832735097e-01
5.017034300735166985e-01,4.767499608979606784e-01,4.382124473510278784e-01,3.205602841282035875e-01,3.790350232025607169e-01,4.064107272874387111e-01,3.574976783280551795e-01,4.750817442874510910e-01,4.045232515917661087e-01,4.732962148915361156e-01,4.121886465550139156e-01,4.566545521580226974e-01,0.000000000000000000e+00,3.553244934274520928e-01,4.464730898438613038e-01,5.010478008915270065e-01,4.834103316175651921e-01,4.830250132806164776e-01,4.207949463956762171e-01,4.600244980432711128e-01,4.666531843137236013e-01,4.955039064901419210e-01,4.416525951106994863e-01,4.626742144545485935e-01,4.794524974466821132e-01,4.657383453346293778e-01,4.349780433798092760e-01,3.706521868432958167e-01,4.380253984171674220e-01,3.571265067487677802e-01,4.373442178633882849e-01,4.186941908526923273e-01,4.200450782987111831e-01,4.310224198168933207e-01,4.565063842235503877e-01,3.653623087784846901e-01,3.798214724421973276e-01,4.025604068604187735e-01,5.434647064361006752e-01,0.000000000000000000e+00,5.430892014899950659e-01,5.567995277395852982e-01,5.352802555491273928e-01,0.000000000000000000e+00,0.000000000000000000e+00,0.000000000000000000e+00,4.960366322860064181e-01,5.567789160001840321e-01,0.000000000000000000e+00,5.531502076842487181e-01,5.523896332549067534e-01,5.608308622657319775e-01,4.929908303545859072e-01,5.635307158482424361e-01,4.968950043039767062e-01,5.348284999856284250e-01,4.916908893310665274e-01,5.567900975710555755e-01,5.115041131136106589e-01,4.977560019722168105e-01,5.108660088581429282e-01,0.000000000000000000e+00,4.827787005810306176e-01,5.503539503471388539e-01,5.181367152226298289e-01,0.000000000000000000e+00,5.069258934775362491e-01,5.497561537563178113e-01,0.000000000000000000e+00,4.991841695667170731e-01,4.877465546459305856e-01,5.363629702089466322e-01,5.522170405644077906e-01,5.381258525853900299e-01,5.513541062720279662e-01,5.425944837946888866e-01
0.000000000000000000e+00,0.000000000000000000e+00,3.943926079608249258e-01,3.473735334803991770e-01,2.899878850159173238e-01,4.285916332676931728e-01,3.303944950619028820e-01,3.510655768566444124e-01,3.850524720181067728e-01,4.517785686686180968e-01,2.900530518296386973e-01,4.222757918562859980e-01,3.553244934274520928e-01,0.000000000000000000e+00,0.000000000000000000e+00,0.000000000000000000e+00,0.000000000000000000e+00,0.000000000000000000e+00,3.589644249888782057e-01,0.000000000000000000e+00,0.000000000000000000e+00,0.000000000000000000e+00,3.712795211575400933e-01,4.392062543021438836e-01,0.000000000000000000e+00,0.000000000000000000e+00,4.459657751358188094e-01,3.035676454794560830e-01,0.000000000000000000e+00,0.000000000000000000e+00,4.231242324736614879e-01,3.286744851951796109e-01,3.476137220859528143e-01,4.018604435405890851e-01,3.713907017707416824e-01,2.646680464307142877e-01,2.212382903961832015e-01,3.798550629354346952e-01,0.000000000000000000e+00,0.000000000000000000e+00,0.000000000000000000e+00,0.000000000000000000e+00,4.279343059719408759e-01,0.000000000000000000e+00,0.000000000000000000e+00,0.000000000000000000e+00,0.000000000000000000e+00,5.085028148341338428e-01,0.000000000000000000e+00,4.559328821685744160e-01,5.171545075942263203e-01,0.000000000000000000e+00,3.908412861361649782e-01,5.190469461996197742e-01,0.000000000000000000e+00,4.591728685231716844e-01,0.000000000000000000e+00,5.090116040076869686e-01,4.703385073676468742e-01,0.000000000000000000e+00,0.000000000000000000e+00,0.000000000000000000e+00,0.000000000000000000e+00,4.805382227742737156e-01,0.000000000000000000e+00,0.000000000000000000e+00,0.000000000000000000e+00,5.183151394062344153e-01,0.000000000000000000e+00,0.000000000000000000e+00,0.000000000000000000e+00,5.182320818460600664e-01,5.107330273558720046e-01,0.000000000000000000e+00,0.000000000000000000e+00,0.000000000000000000e+00
4.412531208855515197e-01,4.298878252533501199e-01,0.000000000000000000e+00,0.000000000000000000e+00,0.000000000000000000e+00,4.118264320596646821e-01,0.000000000000000000e+00,4.801138854626085251e-01,0.000000000000000000e+00,0.000000000000000000e+00,0.000000000000000000e+00,4.470711014422262819e-01,4.464730898438613038e-01,0.000000000000000000e+00,0.000000000000000000e+00,4.354495251947820833e-01,0.000000000000000000e+00,4.369332507458015269e-01,0.000000000000000000e+00,3.859250451946885097e-01,4.016504960139368752e-01,3.785813669923325242e-01,3.793506678375008212e-01,4.928263525934378220e-01,4.309807449607168106e-01,4.156177448733108237e-01,3.798600615198163277e-01,4.389504198116637723e-01,4.092910725695161900e-01,0.000000000000000000e+00,4.210515286924023104e-01,4.699528856743421801e-01,4.193891899750724073e-01,4.575940253324262130e-01,5.077920382791780707e-01,5.508437673913835209e-01,0.000000000000000000e+00,0.000000000000000000e+00,5.213216216864438035e-01,5.021068846526585139e-01,5.131801776234099499e-01,5.391341144127269613e-01,5.578622556810245436e-01,0.000000000000000000e+00,0.000000000000000000e+00,5.288552664979444540e-01,5.019505496075755691e-01,0.000000000000000000e+00,0.000000000000000000e+00,0.000000000000000000e+00,4.670913674275395944e-01,0.000000000000000000e+00,5.026850375525347969e-01,0.000000000000000000e+00,0.000000000000000000e+00,4.487583637237548828e-01,0.000000000000000000e+00,5.015534307722427920e-01,0.000000000000000000e+00,4.979720548435830896e-01,4.975884881435825857e-01,0.000000000000000000e+00,4.835996314537334140e-01,0.000000000000000000e+00,4.933448574842366208e-01,5.040568268358396331e-01,5.197169782082121658e-01,4.959417428254890847e-01,5.220645036766755620e-01,4.789867977034132918e-01,5.353280237668044395e-01,4.917359645758703768e-01,5.002010894663635465e-01,5.000311061162189263e-01,5.126255388189689954e-01,4.921918900510213191e-01
4.163925927196249210e-01,4.382122526075543090e-01,0.000000000000000000e+00,0.000000000000000000e+00,4.826955155932555197e-01,4.709109984375229874e-01,5.032184236531023203e-01,5.018563459739314725e-01,4.812404847961180843e-01,4.003589947013402872e-01,0.000000000000000000e+00,4.009054104768661753e-01,5.010478008915270065e-01,0.000000000000000000e+00,4.354495251947820833e-01,0.000000000000000000e+00,3.988915902094096189e-01,3.900333267718066876e-01,0.000000000000000000e+00,4.364228190020755793e-01,4.497038663505110723e-01,4.217830570739146134e-01,4.558024752454989947e-01,4.017606618550589870e-01,4.178750519361981164e-01,4.286175693340064097e-01,4.581393056946360121e-01,4.895287286891091827e-01,4.645752976032515025e-01,0.000000000000000000e+00,4.032926085141659844e-01,4.972491496223833130e-01,4.184415033379311755e-01,4.338171121034756772e-01,5.082812911040039960e-01,0.000000000000000000e+00,0.000000000000000000e+00,0.000000000000000000e+00,4.957271242643460085e-01,4.710733997396542860e-01,4.788277136613672269e-01,5.053890696845234620e-01,0.000000000000000000e+00,0.000000000000000000e+00,0.000000000000000000e+00,4.832822219431002764e-01,4.924365573689831188e-01,0.000000000000000000e+00,0.000000000000000000e+00,0.000000000000000000e+00,4.909574617127968055e-01,0.000000000000000000e+00,0.000000000000000000e+00,0.000000000000000000e+00,4.515607323735353895e-01,0.000000000000000000e+00,0.000000000000000000e+00,5.221367883720258174e-01,0.000000000000000000e+00,4.917242241260351143e-01,4.810744837100103810e-01,4.770714619104334808e-01,4.821604481112110041e-01,0.000000000000000000e+00,5.076360745746774095e-01,4.934475366928972040e-01,4.882928261768045841e-01,5.037467435122701120e-01,4.779154010948820086e-01,4.812875831609240151e-01,4.928301511203753149e-01,5.246571754778884822e-01,5.241225519729347804e-01,5.236021751975171723e-01,0.000000000000000000e+00,4.721000969214491083e-01
4.072116563373683884e-01,4.006433116506046277e-01,4.644610659954505061e-01,0.000000000000000000e+00,4.823226853343597909e-01,4.649711697058870885e-01,4.692688993644936191e-01,4.956897460406612943e-01,4.724442221515762763e-01,3.480057879141035815e-01,4.660538832128974795e-01,3.829171432467615155e-01,4.834103316175651921e-01,0.000000000000000000e+00,0.000000000000000000e+00,3.988915902094096189e-01,0.000000000000000000e+00,3.461697924534836157e-01,4.719413762695300885e-01,4.283786501740148855e-01,4.930064615072298206e-01,4.181669054958491727e-01,4.718381170745967745e-01,3.825184217082781002e-01,3.278865814712673132e-01,3.595420466361005096e-01,4.315766599070861020e-01,4.718314031948235843e-01,4.572532059934404924e-01,0.000000000000000000e+00,3.897956999463019212e-01,4.525641923983115267e-01,3.712072079356811827e-01,3.962010417669026840e-01,4.256012745384065155e-01,0.000000000000000000e+00,0.000000000000000000e+00,3.785689630287505936e-01,4.858298213177881242e-01,4.605951964913977958e-01,4.585225637613741800e-01,4.863290250862010167e-01,0.000000000000000000e+00,0.000000000000000000e+00,4.318906366825103760e-01,4.171335389306831121e-01,4.850821654876540934e-01,0.000000000000000000e+00,0.000000000000000000e+00,0.000000000000000000e+00,0.000000000000000000e+00,0.000000000000000000e+00,0.000000000000000000e+00,0.000000000000000000e+00,4.879764978520942931e-01,0.000000000000000000e+00,4.859840608355113778e-01,0.000000000000000000e+00,0.000000000000000000e+00,0.000000000000000000e+00,0.000000000000000000e+00,4.770181321796415075e-01,4.763945362143515161e-01,0.000000000000000000e+00,0.000000000000000000e+00,0.000000000000000000e+00,0.000000000000000000e+00,0.000000000000000000e+00,4.190557063995429821e-01,4.778446740214756794e-01,4.714053311023860271e-01,0.000000000000000000e+00,0.000000000000000000e+00,0.000000000000000000e+00,0.000000000000000000e+00,4.793057590473459029e-01
4.023562829264317742e-01,4.211623432565925751e-01,0.000000000000000000e+00,0.000000000000000000e+00,4.750075015208443108e-01,4.636835979779971861e-01,4.841357376038423199e-01,5.145960335041124267e-01,4.699433721291029209e-01,3.674448905704160162e-01,4.595369733443199212e-01,3.656638937234866216e-01,4.830250132806164776e-01,0.000000000000000000e+00,4.369332507458015269e-01,3.900333267718066876e-01,3.461697924534836157e-01,0.000000000000000000e+00,4.534637256525921867e-01,4.538825641959028934e-01,4.801946530713953054e-01,4.279989643811267230e-01,4.672767285148817784e-01,3.740380391395304871e-01,3.704282255114449973e-01,3.814924673459391125e-01,4.561569536767953736e-01,4.743035228806070092e-01,4.743616811025960223e-01,0.000000000000000000e+00,4.012693959897392082e-01,4.781837867577956036e-01,3.795641148989076230e-01,4.117316557773055274e-01,4.625726071878802914e-01,4.449281350481423813e-01,0.000000000000000000e+00,3.769656948300680877e-01,4.987614363170024268e-01,4.696275349821116274e-01,4.760909624931470852e-01,5.042389022921891506e-01,0.000000000000000000e+00,0.000000000000000000e+00,0.000000000000000000e+00,4.415642476071083844e-01,4.789789400451223145e-01,0.000000000000000000e+00,0.000000000000000000e+00,0.000000000000000000e+00,4.922826382657842781e-01,0.000000000000000000e+00,0.000000000000000000e+00,0.000000000000000000e+00,4.763558249800529110e-01,0.000000000000000000e+00,4.691292430205307729e-01,4.810568388195244904e-01,0.000000000000000000e+00,5.081388430946184309e-01,4.792668735545749792e-01,4.813869014880940989e-01,4.864116448403750237e-01,0.000000000000000000e+00,5.053737270918445823e-01,0.000000000000000000e+00,4.805985948704469823e-01,5.041870709960275532e-01,4.250571184428391103e-01,4.837568416015682882e-01,4.796095617748509787e-01,5.261127244536145664e-01,4.925549027129251245e-01,5.038025815512180428e-01,0.000000000000000000e+00,4.748091461949424108e-01
0.000000000000000000e+00,0.000000000000000000e+00,2.447585504649522903e-01,3.982041711274517115e-01,3.494559994644645951e-01,3.806269644000838115e-01,4.143103733462855098e-01,4.096393944083591143e-01,2.690700925255496978e-01,4.412124216134066801e-01,2.570274541463700158e-01,4.312284094369031040e-01,4.207949463956762171e-01,3.589644249888782057e-01,0.000000000000000000e+00,0.000000000000000000e+00,4.719413762695300885e-01,4.534637256525921867e-01,0.000000000000000000e+00,0.000000000000000000e+00,0.000000000000000000e+00,0.000000000000000000e+00,1.974866386789524975e-01,4.344781023961966082e-01,0.000000000000000000e+00,4.537563207894487194e-01,3.735610935475400241e-01,4.215952618940819741e-01,0.000000000000000000e+00,4.389999768066183972e-01,4.363184388673067016e-01,4.348896696468909084e-01,4.388927394454367192e-01,4.299985790339461156e-01,4.513607557323167097e-01,3.794930094656200903e-01,4.057087362734755898e-01,4.072512530493915817e-01,5.643359320287935077e-01,0.000000000000000000e+00,5.753266802017631409e-01,0.000000000000000000e+00,4.708893596024136818e-01,0.000000000000000000e+00,0.000000000000000000e+00,0.000000000000000000e+00,0.000000000000000000e+00,2.479877997585377136e-01,0.000000000000000000e+00,5.133299135219654419e-01,5.553084691031772158e-01,5.593271379520565745e-01,4.765488023229169090e-01,5.468460046210140701e-01,0.000000000000000000e+00,4.566361422818326909e-01,0.000000000000000000e+00,5.554298981488833276e-01,5.033343161135935828e-01,0.000000000000000000e+00,0.000000000000000000e+00,0.000000000000000000e+00,0.000000000000000000e+00,5.022477448800407585e-01,0.000000000000000000e+00,0.000000000000000000e+00,0.000000000000000000e+00,5.500263374046211462e-01,0.000000000000000000e+00,0.000000000000000000e+00,0.000000000000000000e+00,5.470327305189853773e-01,5.541677322109909154e-01,5.397504784578460724e-01,0.000000000000000000e+00,5.630363936397957403e-01
4.916161344223634044e-01,4.751830797767376269e-01,4.523698979183912727e-01,0.000000000000000000e+00,4.411479036700480250e-01,4.197780025441629759e-01,4.679194818904092168e-01,4.296765952525956056e-01,4.415790331602074126e-01,4.469905187326466134e-01,0.000000000000000000e+00,4.842298558195288760e-01,4.600244980432711128e-01,0.000000000000000000e+00,3.859250451946885097e-01,4.364228190020755793e-01,4.283786501740148855e-01,4.538825641959028934e-01,0.000000000000000000e+00,0.000000000000000000e+00,4.329860385717614890e-01,4.244945642769107907e-01,3.163863789882653266e-01,4.992074918310476228e-01,4.587040963267211002e-01,4.524964605674151041e-01,3.998604794181894739e-01,4.291741982851561832e-01,3.685423511170295985e-01,3.808791500791035012e-01,4.061360257606387858e-01,4.852024710714799016e-01,4.380471666805502151e-01,4.644027677284793265e-01,5.243689230337666984e-01,5.349069382269812101e-01,5.933507084846496582e-01,5.411137938499450684e-01,5.184417928494640115e-01,4.780785394807107735e-01,5.206723011045638616e-01,5.210240270037285182e-01,5.517223438670564306e-01,0.000000000000000000e+00,0.000000000000000000e+00,5.067307208350012582e-01,4.796151312459778215e-01,0.000000000000000000e+00,0.000000000000000000e+00,0.000000000000000000e+00,4.880401261513028777e-01,5.104745510529267172e-01,4.941792208407930764e-01,0.000000000000000000e+00,0.000000000000000000e+00,0.000000000000000000e+00,0.000000000000000000e+00,5.136627936483266765e-01,0.000000000000000000e+00,4.954738181335431868e-01,4.818690726426099746e-01,0.000000000000000000e+00,4.807887775261546204e-01,0.000000000000000000e+00,5.038230844271306408e-01,4.905480838035390923e-01,5.016492406357249134e-01,5.018611355511464200e-01,0.000000000000000000e+00,4.737217317057423882e-01,5.030902962610575013e-01,5.010451969529439165e-01,5.176155736883888414e-01,5.093347121589931747e-01,5.263281644442751039e-01,5.082949324774855837e-01
4.707999676630719166e-01,4.374975576823437184e-01,4.334185410505885794e-01,0.000000000000000000e+00,4.661787112189286209e-01,4.249262512925849888e-01,4.694781449769723780e-01,4.333838818981354257e-01,4.305246450761726074e-01,5.135194897359588451e-01,0.000000000000000000e+00,5.132370417357644543e-01,4.666531843137236013e-01,0.000000000000000000e+00,4.016504960139368752e-01,4.497038663505110723e-01,4.930064615072298206e-01,4.801946530713953054e-01,0.000000000000000000e+00,4.329860385717614890e-01,0.000000000000000000e+00,4.480293057763229947e-01,4.146812121319137789e-01,5.013489004729034804e-01,4.829545661721845184e-01,4.401330286843839756e-01,4.273951847673979065e-01,4.692799191354098953e-01,4.391439799030246172e-01,4.171470623820091039e-01,4.469619167413921845e-01,4.758641079853221934e-01,4.364545946904324070e-01,4.627916611734703145e-01,5.131761114998985018e-01,5.751513025972414539e-01,5.807801485061645508e-01,0.000000000000000000e+00,5.068526775335767676e-01,4.943380056998923910e-01,5.009395678911188199e-01,5.510912859861323287e-01,0.000000000000000000e+00,0.000000000000000000e+00,0.000000000000000000e+00,4.930006603144120869e-01,4.980009298016624952e-01,0.000000000000000000e+00,0.000000000000000000e+00,0.000000000000000000e+00,0.000000000000000000e+00,0.000000000000000000e+00,4.404021289350248947e-01,0.000000000000000000e+00,0.000000000000000000e+00,0.000000000000000000e+00,0.000000000000000000e+00,5.102649554086885475e-01,0.000000000000000000e+00,5.053394233092892707e-01,4.915232748578809985e-01,0.000000000000000000e+00,4.771323824593636242e-01,0.000000000000000000e+00,4.820875079807244723e-01,4.773130062758855763e-01,5.141909682697436423e-01,4.700908974460109024e-01,4.957640333383593889e-01,4.938478951089882996e-01,5.198607078157572170e-01,4.706021300635385152e-01,4.870578077678618945e-01,4.800170957346915901e-01,0.000000000000000000e+00,5.220264322264857038e-01
