0.000000000000000000e+00,4.172577066393612921e-01,0.000000000000000000e+00,0.000000000000000000e+00,0.000000000000000000e+00,4.439170279545087139e-01,4.641039831652474246e-01,5.216427056099043336e-01,0.000000000000000000e+00,3.908985525432588926e-01,0.000000000000000000e+00,4.014527088946441835e-01,4.558682330060794263e-01,0.000000000000000000e+00,3.982039575750214166e-01,4.073689205572135208e-01,3.785173231023912233e-01,3.798218676105368230e-01,0.000000000000000000e+00,4.501755090614352195e-01,4.282932347447123145e-01,4.182698059845673111e-01,4.778797655967638724e-01,3.547728945022555203e-01,3.644510791238830261e-01,3.742304430424490125e-01,4.574519040642860968e-01,4.636523284704732184e-01,4.585795595263171265e-01,0.000000000000000000e+00,3.777588125002339092e-01,4.364471862425078896e-01,3.630595485445837767e-01,3.724106308188974146e-01,4.184243413603049855e-01,0.000000000000000000e+00,0.000000000000000000e+00,4.087730942763692088e-01,4.675227964714364082e-01,4.573134679919236834e-01,4.271744086000033858e-01,4.613136053085327148e-01,0.000000000000000000e+00,0.000000000000000000e+00,0.000000000000000000e+00,3.338663006783347820e-01,4.958135816379173888e-01,0.000000000000000000e+00,0.000000000000000000e+00,0.000000000000000000e+00,4.218244192851401952e-01,0.000000000000000000e+00,0.000000000000000000e+00,0.000000000000000000e+00,0.000000000000000000e+00,0.000000000000000000e+00,0.000000000000000000e+00,0.000000000000000000e+00,0.000000000000000000e+00,4.805453415523356919e-01,4.656861904395256935e-01,4.666711893367643804e-01,4.609708084106415860e-01,0.000000000000000000e+00,0.000000000000000000e+00,4.651592125699475777e-01,4.651371836141006133e-01,4.365254131241380064e-01,0.000000000000000000e+00,4.803717040439632879e-01,4.709505918052979134e-01,0.000000000000000000e+00,0.000000000000000000e+00,0.000000000000000000e+00,0.000000000000000000e+00,4.157032850813857094e-01
4.172577066393612921e-01,0.000000000000000000e+00,0.000000000000000000e+00,0.000000000000000000e+00,4.351795117852567119e-01,4.182270469049763073e-01,4.491604776304207181e-01,4.843300484553442198e-01,4.191397227433060757e-01,3.507192071605472750e-01,0.000000000000000000e+00,3.538223685291682075e-01,4.497268020839866876e-01,0.000000000000000000e+00,4.354016186739574912e-01,3.903774390487605994e-01,3.838646541589915140e-01,3.845562757051204095e-01,0.000000000000000000e+00,4.248895141852557789e-01,4.380845730142370886e-01,4.054539351585886853e-01,4.424750184019072274e-01,0.000000000000000000e+00,3.530206449530176038e-01,4.130212086665239202e-01,4.121030738882999200e-01,4.432833644526346095e-01,4.256786936299482016e-01,0.000000000000000000e+00,3.733861161487765923e-01,4.332971106357694779e-01,3.719658093971988100e-01,3.837931973172860056e-01,4.265957463692838791e-01,0.000000000000000000e+00,0.000000000000000000e+00,0.000000000000000000e+00,4.866268709171270856e-01,4.522056394513622180e-01,4.581309166375566178e-01,4.835126742082452855e-01,0.000000000000000000e+00,0.000000000000000000e+00,0.000000000000000000e+00,4.711356411519241894e-01,4.890938708793144962e-01,0.000000000000000000e+00,0.000000000000000000e+00,0.000000000000000000e+00,4.479401402366636753e-01,4.565860916097457256e-01,0.000000000000000000e+00,0.000000000000000000e+00,4.642089234564705791e-01,0.000000000000000000e+00,0.000000000000000000e+00,4.631045181205710737e-01,0.000000000000000000e+00,5.034694663529994951e-01,4.687542018462311777e-01,0.000000000000000000e+00,4.670042260700014158e-01,0.000000000000000000e+00,4.761941313396790831e-01,5.027309061306681759e-01,4.784464002664610138e-01,4.973285927707641885e-01,0.000000000000000000e+00,4.748585951935557214e-01,5.029197507405160916e-01,4.736357531965956214e-01,4.805800459176103878e-01,4.507441512826739216e-01,0.000000000000000000e+00,4.555598181953737225e-01
0.000000000000000000e+00,0.000000000000000000e+00,0.000000000000000000e+00,4.333077958926068729e-01,3.939748091922735118e-01,3.779773015271936099e-01,4.450730259707362246e-01,4.481032391309116014e-01,2.990060201248300187e-01,4.842399619783295805e-01,3.080113929138759143e-01,4.695084327799716739e-01,4.737222131210463982e-01,4.189997020337307143e-01,0.000000000000000000e+00,0.000000000000000000e+00,0.000000000000000000e+00,4.715701779849172937e-01,2.378760708617149999e-01,0.000000000000000000e+00,0.000000000000000000e+00,4.376048014467979197e-01,2.826975316960150808e-01,0.000000000000000000e+00,0.000000000000000000e+00,4.657277065491753909e-01,3.108270522140939018e-01,4.813311337915677224e-01,4.469678713922233815e-01,4.793347978670143839e-01,4.923754432486697197e-01,4.717025699514925119e-01,4.682812341053422256e-01,4.915576650460458108e-01,4.795589965778179753e-01,4.361748517711033779e-01,4.754840780819560853e-01,4.611914161407744128e-01,5.602033971882156571e-01,4.446383194951142870e-01,5.648308555300934897e-01,0.000000000000000000e+00,5.545984047385535964e-01,0.000000000000000000e+00,0.000000000000000000e+00,0.000000000000000000e+00,0.000000000000000000e+00,4.086736783267616024e-01,0.000000000000000000e+00,5.479837328259461460e-01,5.690067121091756386e-01,5.753530791060704752e-01,5.470504197128851498e-01,5.591152690422126481e-01,0.000000000000000000e+00,4.342716118241998768e-01,0.000000000000000000e+00,5.684349750566821680e-01,5.664658913857401057e-01,0.000000000000000000e+00,0.000000000000000000e+00,0.000000000000000000e+00,0.000000000000000000e+00,3.992334597483844227e-01,4.996603449874764125e-01,0.000000000000000000e+00,4.723946278173253854e-01,5.686486914257881109e-01,0.000000000000000000e+00,0.000000000000000000e+00,0.000000000000000000e+00,5.679346340024550299e-01,5.611494328139059462e-01,5.180364764086121676e-01,5.384540171195513203e-01,5.600112041266415153e-01
0.000000000000000000e+00,0.000000000000000000e+00,4.333077958926068729e-01,0.000000000000000000e+00,2.886377056373977124e-01,4.439595736669458836e-01,3.065491465573514929e-01,3.837598992404083753e-01,4.529237921795383759e-01,4.164327542702542240e-01,3.916417374872143142e-01,4.278840606326476115e-01,3.093833035302275825e-01,3.145560142267694870e-01,0.000000000000000000e+00,0.000000000000000000e+00,0.000000000000000000e+00,0.000000000000000000e+00,4.367165183517163762e-01,0.000000000000000000e+00,0.000000000000000000e+00,0.000000000000000000e+00,3.965801626928155965e-01,0.000000000000000000e+00,0.000000000000000000e+00,0.000000000000000000e+00,4.445005077396000925e-01,3.130392715205602139e-01,0.000000000000000000e+00,0.000000000000000000e+00,3.537791792463482188e-01,3.646239174668370886e-01,3.545190328703108906e-01,3.677157099491488168e-01,4.190926471016717114e-01,2.608293098224652162e-01,2.056817822234746906e-01,0.000000000000000000e+00,2.947137653827667236e-01,0.000000000000000000e+00,0.000000000000000000e+00,0.000000000000000000e+00,0.000000000000000000e+00,0.000000000000000000e+00,0.000000000000000000e+00,0.000000000000000000e+00,0.000000000000000000e+00,0.000000000000000000e+00,0.000000000000000000e+00,0.000000000000000000e+00,5.168035722772283957e-01,0.000000000000000000e+00,0.000000000000000000e+00,0.000000000000000000e+00,0.000000000000000000e+00,0.000000000000000000e+00,0.000000000000000000e+00,0.000000000000000000e+00,0.000000000000000000e+00,0.000000000000000000e+00,0.000000000000000000e+00,0.000000000000000000e+00,0.000000000000000000e+00,0.000000000000000000e+00,0.000000000000000000e+00,0.000000000000000000e+00,0.000000000000000000e+00,5.221161871475141769e-01,0.000000000000000000e+00,0.000000000000000000e+00,0.000000000000000000e+00,0.000000000000000000e+00,0.000000000000000000e+00,5.156096841995212454e-01,0.000000000000000000e+00,0.000000000000000000e+00
0.000000000000000000e+00,4.351795117852567119e-01,3.939748091922735118e-01,2.886377056373977124e-01,0.000000000000000000e+00,3.924934212060883776e-01,3.588760197370001737e-01,4.179082066774266746e-01,3.444249169376686903e-01,4.808286963112092804e-01,3.484094217441079944e-01,4.603188374319175935e-01,3.908833679150842122e-01,3.202359814203019073e-01,0.000000000000000000e+00,4.670144404488961731e-01,4.853757215935444735e-01,4.557613469355161206e-01,3.944026543803090812e-01,4.408395185755251133e-01,0.000000000000000000e+00,4.445112353310594067e-01,4.140747843833961217e-01,4.749700053435733094e-01,4.334846225426901012e-01,4.493705329913411095e-01,4.043980956352982159e-01,3.602577753044092224e-01,4.369455504710020866e-01,4.546874957631084069e-01,4.784993547923819812e-01,4.145810639878650949e-01,4.206675142187296101e-01,4.745534903692446016e-01,4.486310257847391791e-01,2.988646425263002948e-01,2.456391688544105056e-01,4.287827173931744174e-01,5.085896384734487352e-01,0.000000000000000000e+00,5.473233722381599664e-01,0.000000000000000000e+00,5.047724979864265382e-01,0.000000000000000000e+00,0.000000000000000000e+00,0.000000000000000000e+00,4.698578919598889736e-01,5.695382916290525621e-01,0.000000000000000000e+00,5.441950594998357094e-01,5.366638163461301403e-01,5.473146185054784674e-01,5.112286982117175693e-01,5.652588156065485592e-01,0.000000000000000000e+00,4.820892101257940876e-01,0.000000000000000000e+00,5.454265790535144376e-01,0.000000000000000000e+00,0.000000000000000000e+00,0.000000000000000000e+00,0.000000000000000000e+00,0.000000000000000000e+00,5.510471257448265048e-01,4.907598518639358920e-01,0.000000000000000000e+00,4.766747656297368185e-01,5.478530406686563659e-01,0.000000000000000000e+00,0.000000000000000000e+00,0.000000000000000000e+00,5.371002664115196445e-01,5.312867893913426620e-01,5.104668914958579995e-01,5.531257278806510636e-01,5.339010841312571420e-01
4.439170279545087139e-01,4.182270469049763073e-01,3.779773015271936099e-01,4.439595736669458836e-01,3.924934212060883776e-01,0.000000000000000000e+00,4.229285831135196072e-01,3.990366267907560771e-01,3.243453049938829769e-01,4.827494006240243829e-01,3.973797552576321945e-01,4.609490156653168746e-01,3.815335509678955961e-01,3.998953531711528786e-01,4.143928233404645112e-01,4.473550455401559267e-01,4.145261968500725813e-01,4.299457132907326118e-01,3.941126122701040790e-01,4.087546762775834952e-01,4.231935589331655145e-01,4.242636267983532772e-01,3.897614479387873088e-01,0.000000000000000000e+00,4.124853997682739193e-01,4.395449601817207896e-01,3.559240629786397103e-01,3.902825164017417192e-01,3.216435743184430929e-01,4.290746695527716259e-01,4.430626632440127777e-01,4.344401273675568831e-01,4.022799204049982147e-01,4.609767150724979889e-01,4.450722307563976243e-01,4.608128870910930264e-01,4.612372771332761134e-01,4.167305000365609802e-01,5.243098522574068943e-01,4.369086394222136960e-01,5.306301131529287396e-01,5.129962762092876716e-01,5.267324970032012388e-01,0.000000000000000000e+00,0.000000000000000000e+00,0.000000000000000000e+00,4.595883981334661916e-01,5.703655920854378003e-01,0.000000000000000000e+00,5.514300698551984903e-01,5.301699262866137463e-01,5.385854339440988570e-01,4.764679103896919954e-01,5.654910574165129544e-01,0.000000000000000000e+00,5.379277714942983790e-01,0.000000000000000000e+00,5.367957648600378828e-01,5.227300935431917761e-01,4.881322179414345208e-01,4.464701483786037151e-01,0.000000000000000000e+00,0.000000000000000000e+00,5.597543064721266504e-01,4.939185846711057204e-01,4.628470636879445932e-01,4.799862547911848965e-01,5.301324130767645082e-01,0.000000000000000000e+00,4.495187959659325272e-01,4.790125965260229046e-01,5.228771062389183655e-01,5.313175612887763855e-01,5.064791906052441561e-01,5.243855484346897633e-01,5.202125538164990015e-01
4.641039831652474246e-01,4.491604776304207181e-01,4.450730259707362246e-01,3.065491465573514929e-01,3.588760197370001737e-01,4.229285831135196072e-01,0.000000000000000000e+00,4.621585064500278173e-01,4.129535099884583116e-01,4.513683652058164131e-01,4.424849107088897893e-01,4.256550450941424257e-01,3.484010209514489254e-01,3.539584017289664764e-01,4.315050241528695096e-01,4.844434927228590815e-01,4.462493074435869844e-01,4.534058282127053086e-01,4.658187262434203002e-01,4.619108416800091765e-01,4.722996841567216886e-01,4.703474811659164034e-01,4.474303009210222060e-01,4.427388092586109769e-01,4.396423730583716161e-01,4.603928085556274197e-01,4.341088265033987148e-01,3.658029979561944756e-01,4.541894013434689126e-01,4.476819744096667275e-01,4.261703560729713236e-01,4.377533731339661172e-01,4.034249228491816885e-01,4.315350691374127967e-01,4.082713910398242940e-01,3.644884831757527754e-01,3.237363841777838869e-01,3.881480044586226863e-01,5.020734462873600590e-01,4.557719100067946782e-01,5.434851049197058082e-01,5.567977369266262633e-01,5.206357483402471731e-01,0.000000000000000000e+00,0.000000000000000000e+00,0.000000000000000000e+00,4.744852671354157780e-01,5.737179562494488794e-01,0.000000000000000000e+00,5.524541805792630988e-01,5.455479104830809334e-01,5.450767614992546584e-01,5.165780553691267096e-01,5.686980032158545084e-01,0.000000000000000000e+00,4.946272339141016272e-01,4.243245422840117853e-01,5.491960806156938046e-01,5.259043250439667805e-01,5.045004303117724964e-01,4.625924720729808759e-01,0.000000000000000000e+00,0.000000000000000000e+00,5.577831919800277927e-01,5.163390053320416895e-01,4.890063709469795183e-01,4.851835093570265878e-01,5.490975083280161817e-01,0.000000000000000000e+00,4.682988907322289118e-01,4.817493425838578203e-01,5.391946019757661857e-01,5.437062355831463467e-01,5.268001371171278091e-01,5.454240905935636707e-01,5.387946978060251801e-01
5.216427056099043336e-01,4.843300484553442198e-01,4.481032391309116014e-01,3.837598992404083753e-01,4.179082066774266746e-01,3.990366267907560771e-01,4.621585064500278173e-01,0.000000000000000000e+00,4.763872629399019121e-01,4.979563882155685905e-01,3.516816126146686816e-01,5.154305919450282714e-01,4.722812525237231052e-01,3.688234304803237884e-01,4.437509914180015058e-01,4.771225096763456741e-01,4.882301190181905226e-01,4.850676879363102767e-01,4.607060851395666790e-01,4.151882970960104058e-01,3.935369277038905933e-01,4.500758118364123761e-01,3.595066507558605240e-01,5.267801502357274401e-01,4.858337611081358087e-01,5.005246157020221132e-01,4.236666037349464120e-01,4.629992144701439161e-01,4.113218123653891167e-01,4.424081973526519107e-01,4.686952649541937799e-01,4.219327251349537788e-01,4.572582913621017764e-01,4.814734551765859072e-01,4.971380197691491754e-01,3.853748973924064902e-01,3.178672909125431767e-01,0.000000000000000000e+00,4.934273011840533130e-01,0.000000000000000000e+00,5.026305236004334764e-01,0.000000000000000000e+00,4.775547951111043798e-01,0.000000000000000000e+00,0.000000000000000000e+00,0.000000000000000000e+00,0.000000000000000000e+00,5.614011828884795108e-01,0.000000000000000000e+00,0.000000000000000000e+00,4.951117279391629156e-01,5.275287346546093659e-01,4.142518136951331975e-01,5.646043341054143294e-01,0.000000000000000000e+00,5.043834987527401337e-01,0.000000000000000000e+00,4.992417272035445941e-01,0.000000000000000000e+00,4.882134572941063122e-01,0.000000000000000000e+00,0.000000000000000000e+00,0.000000000000000000e+00,5.483384694564649164e-01,5.048468720088974404e-01,4.596301790577769775e-01,5.040703998211548686e-01,4.943119372551043056e-01,0.000000000000000000e+00,5.198787762689092151e-01,5.055193751858190199e-01,4.966799113140947797e-01,4.967149659826087804e-01,4.794230461842837743e-01,4.746671785392321818e-01,4.750425938174474005e-01
0.000000000000000000e+00,4.191397227433060757e-01,2.990060201248300187e-01,4.529237921795383759e-01,3.444249169376686903e-01,3.243453049938829769e-01,4.129535099884583116e-01,4.763872629399019121e-01,0.000000000000000000e+00,4.935004805243886072e-01,3.193344762670338732e-01,4.748138881870310191e-01,4.383312154659070869e-01,4.343353161954363051e-01,4.125076890925533091e-01,4.401070606321392797e-01,4.875271644308671881e-01,4.684985220785207738e-01,2.918714625588201828e-01,4.207359323103823101e-01,0.000000000000000000e+00,4.278509066923291138e-01,4.009830617082280058e-01,4.853126751888702795e-01,4.483693331402152094e-01,0.000000000000000000e+00,3.455847528345009079e-01,4.742223594192662151e-01,4.271980633149202733e-01,4.685513701469742887e-01,4.917635232020888258e-01,4.752909365013711085e-01,4.565353681825765064e-01,4.930651405952701793e-01,4.851637474132359240e-01,4.757211592977048098e-01,4.788656998378360008e-01,4.538148221625865064e-01,5.657108496844243106e-01,0.000000000000000000e+00,5.632070851706696413e-01,0.000000000000000000e+00,5.573071857738998158e-01,0.000000000000000000e+00,0.000000000000000000e+00,0.000000000000000000e+00,0.000000000000000000e+00,6.003944537536535231e-01,0.000000000000000000e+00,5.815504197543372999e-01,5.709289020803037795e-01,5.809373045874152153e-01,5.653681928452555239e-01,5.988282385679480901e-01,0.000000000000000000e+00,5.045329776053213422e-01,0.000000000000000000e+00,5.683351589663969694e-01,5.694751066049090760e-01,0.000000000000000000e+00,0.000000000000000000e+00,0.000000000000000000e+00,0.000000000000000000e+00,5.872036981504454856e-01,4.926429425444013854e-01,0.000000000000000000e+00,4.661171683786675124e-01,5.770713566144923812e-01,0.000000000000000000e+00,0.000000000000000000e+00,0.000000000000000000e+00,5.677784737121969183e-01,5.627661857187609140e-01,5.170073587668005954e-01,5.537968572918660071e-01,5.548619077635853492e-01
3.908985525432588926e-01,3.507192071605472750e-01,4.842399619783295805e-01,4.164327542702542240e-01,4.808286963112092804e-01,4.827494006240243829e-01,4.513683652058164131e-01,4.979563882155685905e-01,4.935004805243886072e-01,0.000000000000000000e+00,4.897529568103068942e-01,3.077886598473317248e-01,4.474019210309265193e-01,4.630596614625758778e-01,0.000000000000000000e+00,3.746884364240111176e-01,3.406086853674774040e-01,3.504414152168827123e-01,5.068390679829006817e-01,3.923380907888294744e-01,4.645087478760079880e-01,3.872095894789852055e-01,4.802734062238713242e-01,3.351657153828235258e-01,2.939982852455532147e-01,3.167414905436193862e-01,4.571657029995586097e-01,4.269704601139766020e-01,4.353108791678172995e-01,0.000000000000000000e+00,3.528142875173316262e-01,3.798018621050066046e-01,2.880441527880087116e-01,3.299183355261515738e-01,3.512630805019856250e-01,4.019730645360264920e-01,2.665084360985613965e-01,2.872388684929045866e-01,2.997832865055837237e-01,4.453808183955482169e-01,3.777579268319303796e-01,4.434551009522231801e-01,3.954862356185913086e-01,0.000000000000000000e+00,4.341862708518831049e-01,4.398791329850724741e-01,4.152822928260440083e-01,0.000000000000000000e+00,0.000000000000000000e+00,0.000000000000000000e+00,5.385830396869664138e-01,0.000000000000000000e+00,0.000000000000000000e+00,0.000000000000000000e+00,4.736773203569801804e-01,0.000000000000000000e+00,4.692451184374153983e-01,4.321445894894628270e-01,0.000000000000000000e+00,0.000000000000000000e+00,4.265733668535870993e-01,4.625336658936726186e-01,4.490671115713905093e-01,0.000000000000000000e+00,3.987050383660212804e-01,0.000000000000000000e+00,4.016719962875665018e-01,5.386051894398087292e-01,4.280489881283603970e-01,4.452932370846724996e-01,4.537715855452599256e-01,5.324753687137191438e-01,4.685553973271736061e-01,0.000000000000000000e+00,0.000000000000000000e+00,4.381577147011697093e-01
0.000000000000000000e+00,0.000000000000000000e+00,3.080113929138759143e-01,3.916417374872143142e-01,3.484094217441079944e-01,3.973797552576321945e-01,4.424849107088897893e-01,3.516816126146686816e-01,3.193344762670338732e-01,4.897529568103068942e-01,0.000000000000000000e+00,4.751601804765329118e-01,4.757346055154710873e-01,3.337990410543770214e-01,0.000000000000000000e+00,0.000000000000000000e+00,4.838636542992648115e-01,4.671421024288052171e-01,2.869259135608461242e-01,0.000000000000000000e+00,0.000000000000000000e+00,0.000000000000000000e+00,3.245288566708577904e-01,4.801005485563207831e-01,0.000000000000000000e+00,4.715405651617278759e-01,3.743541902262699228e-01,4.736640023535335087e-01,0.000000000000000000e+00,0.000000000000000000e+00,4.944610212436936769e-01,4.523096274772462899e-01,4.627925089249789736e-01,4.895257538202196779e-01,4.684823155401487971e-01,3.434843096461787093e-01,3.790882332954182976e-01,4.437790952928503119e-01,5.223765666106426897e-01,0.000000000000000000e+00,5.707694719895388680e-01,0.000000000000000000e+00,5.234101312222186886e-01,0.000000000000000000e+00,0.000000000000000000e+00,0.000000000000000000e+00,0.000000000000000000e+00,5.713605764260841768e-01,0.000000000000000000e+00,5.084184905418681621e-01,5.635952183389194570e-01,5.543880011318433887e-01,5.417571840371190328e-01,5.438922032886787106e-01,0.000000000000000000e+00,3.059037596035107942e-01,0.000000000000000000e+00,5.441731948010637421e-01,5.138291821734490838e-01,0.000000000000000000e+00,0.000000000000000000e+00,0.000000000000000000e+00,0.000000000000000000e+00,5.182324958276079974e-01,0.000000000000000000e+00,0.000000000000000000e+00,0.000000000000000000e+00,5.721749229001087400e-01,0.000000000000000000e+00,0.000000000000000000e+00,0.000000000000000000e+00,5.682277381740783451e-01,5.376366255642226477e-01,4.851223148657872741e-01,0.000000000000000000e+00,5.549410677828243710e-01
4.014527088946441835e-01,3.538223685291682075e-01,4.695084327799716739e-01,4.278840606326476115e-01,4.603188374319175935e-01,4.609490156653168746e-01,4.256550450941424257e-01,5.154305919450282714e-01,4.748138881870310191e-01,3.077886598473317248e-01,4.751601804765329118e-01,0.000000000000000000e+00,4.378482816355367957e-01,0.000000000000000000e+00,0.000000000000000000e+00,3.564328320549262075e-01,3.607375312665441203e-01,3.468820323349162127e-01,4.812185898468466783e-01,5.002153914554287040e-01,4.876653795153793047e-01,3.523542550633126935e-01,5.052474320366258098e-01,2.888188674774295750e-01,3.147407928490382756e-01,3.042225516988699141e-01,4.436162626454910884e-01,3.787770518393546726e-01,0.000000000000000000e+00,0.000000000000000000e+00,3.739601224128182855e-01,3.280556794751364191e-01,3.142200756176941057e-01,2.852351366563332102e-01,3.386210797551090779e-01,3.497451258287133102e-01,2.987475547950441124e-01,2.536038634736373920e-01,2.874589754152659937e-01,4.624792953150387853e-01,3.579331300490555812e-01,0.000000000000000000e+00,3.781158362720677957e-01,0.000000000000000000e+00,4.519205536419365066e-01,4.173756646818935212e-01,4.630533495804308175e-01,0.000000000000000000e+00,0.000000000000000000e+00,0.000000000000000000e+00,0.000000000000000000e+00,0.000000000000000000e+00,0.000000000000000000e+00,0.000000000000000000e+00,4.732372860060329867e-01,0.000000000000000000e+00,4.672786457451205133e-01,4.421623397414696233e-01,0.000000000000000000e+00,4.174243180911318962e-01,0.000000000000000000e+00,4.631951896772674160e-01,4.473094343868476153e-01,0.000000000000000000e+00,3.859640455648001844e-01,0.000000000000000000e+00,3.941074242120953808e-01,4.571317856581543770e-01,4.144301203436807080e-01,4.453525458312080909e-01,4.462636627755902086e-01,4.297704402422675152e-01,4.528785358791548865e-01,3.928708435623367023e-01,0.000000000000000000e+00,4.397624921253744934e-01
4.558682330060794263e-01,4.497268020839866876e-01,4.737222131210463982e-01,3.093833035302275825e-01,3.908833679150842122e-01,3.815335509678955961e-01,3.484010209514489254e-01,4.722812525237231052e-01,4.383312154659070869e-01,4.474019210309265193e-01,4.757346055154710873e-01,4.378482816355367957e-01,0.000000000000000000e+00,3.622697032987102217e-01,4.323968516081134195e-01,4.790887115745003921e-01,4.452569267606493741e-01,4.465963368346620999e-01,4.908537571304136815e-01,4.549862928939655271e-01,4.649341434046345145e-01,4.637492248728931066e-01,4.551809381354738893e-01,4.375350423849155845e-01,4.335672595270299023e-01,4.485072714189206056e-01,4.387072475262918103e-01,3.572298733969285767e-01,4.164140941947754859e-01,4.048710895588598091e-01,4.200915675604465216e-01,4.463484810548576931e-01,4.241431945097796086e-01,4.265914823186334193e-01,4.221205909697710035e-01,3.986997990784635904e-01,4.086126129782639005e-01,4.069005950047723807e-01,5.085482149629041437e-01,4.564365083449891114e-01,5.497178990762581208e-01,0.000000000000000000e+00,5.340312129127884333e-01,0.000000000000000000e+00,0.000000000000000000e+00,0.000000000000000000e+00,4.756724743565126090e-01,5.780734848543485072e-01,0.000000000000000000e+00,5.584806927792944631e-01,5.422744486769588423e-01,5.438122469747753707e-01,5.178420513063967112e-01,5.662032171830475580e-01,4.894789253421997222e-01,5.115810226418832096e-01,4.825174298035759257e-01,5.424971552211459436e-01,5.416426690248385967e-01,5.067855239661569478e-01,4.652494520400439204e-01,0.000000000000000000e+00,4.558506376049987763e-01,5.592116340454716950e-01,5.143311811355113505e-01,4.760473245333556869e-01,4.880707654735966239e-01,5.461764472889603095e-01,0.000000000000000000e+00,4.655061886700085916e-01,4.888234966356461153e-01,5.375053305334707154e-01,5.406689585267915321e-01,5.273717240819745244e-01,5.432873311820927142e-01,5.317986814653367089e-01
0.000000000000000000e+00,0.000000000000000000e+00,4.189997020337307143e-01,3.145560142267694870e-01,3.202359814203019073e-01,3.998953531711528786e-01,3.539584017289664764e-01,3.688234304803237884e-01,4.343353161954363051e-01,4.630596614625758778e-01,3.337990410543770214e-01,0.000000000000000000e+00,3.622697032987102217e-01,0.000000000000000000e+00,0.000000000000000000e+00,0.000000000000000000e+00,0.000000000000000000e+00,0.000000000000000000e+00,4.067820461194808224e-01,0.000000000000000000e+00,4.383694245773023801e-01,0.000000000000000000e+00,3.718228126583090210e-01,0.000000000000000000e+00,0.000000000000000000e+00,0.000000000000000000e+00,4.241605302332588923e-01,3.232195751695539077e-01,0.000000000000000000e+00,0.000000000000000000e+00,4.929177509669370183e-01,3.398756290318035167e-01,0.000000000000000000e+00,4.567345034193683873e-01,0.000000000000000000e+00,2.616245579769944096e-01,2.195021812175194931e-01,3.638805449008942206e-01,0.000000000000000000e+00,0.000000000000000000e+00,0.000000000000000000e+00,0.000000000000000000e+00,4.819629676613779168e-01,0.000000000000000000e+00,0.000000000000000000e+00,0.000000000000000000e+00,0.000000000000000000e+00,5.584933910473671714e-01,0.000000000000000000e+00,4.888087511062622070e-01,4.991183220769945250e-01,0.000000000000000000e+00,0.000000000000000000e+00,5.419621745401648205e-01,0.000000000000000000e+00,5.277519667647628809e-01,0.000000000000000000e+00,0.000000000000000000e+00,0.000000000000000000e+00,0.000000000000000000e+00,0.000000000000000000e+00,0.000000000000000000e+00,0.000000000000000000e+00,0.000000000000000000e+00,0.000000000000000000e+00,0.000000000000000000e+00,0.000000000000000000e+00,4.946068369186097935e-01,0.000000000000000000e+00,0.000000000000000000e+00,0.000000000000000000e+00,4.979113421824897801e-01,5.687824487686157227e-01,0.000000000000000000e+00,0.000000000000000000e+00,0.000000000000000000e+00
3.982039575750214166e-01,4.354016186739574912e-01,0.000000000000000000e+00,0.000000000000000000e+00,0.000000000000000000e+00,4.143928233404645112e-01,4.315050241528695096e-01,4.437509914180015058e-01,4.125076890925533091e-01,0.000000000000000000e+00,0.000000000000000000e+00,0.000000000000000000e+00,4.323968516081134195e-01,0.000000000000000000e+00,0.000000000000000000e+00,4.366001679542200753e-01,4.045629532035607268e-01,4.201950728616815067e-01,0.000000000000000000e+00,3.255511848207546799e-01,4.006638338802849808e-01,3.543238486957163147e-01,3.707142128110643142e-01,4.267277541548101238e-01,4.166256814593699009e-01,3.950553360321361063e-01,3.544782203249691732e-01,4.361009222076370206e-01,4.194133158163159125e-01,0.000000000000000000e+00,4.381894058067846154e-01,4.474768596570298795e-01,4.268314649346400813e-01,4.461129949065347211e-01,4.764025561802768260e-01,5.001050489140290711e-01,5.338042378425598145e-01,0.000000000000000000e+00,5.116678904361702251e-01,4.996065068082188865e-01,5.079596659473414322e-01,5.324493364556842634e-01,4.605321841310697217e-01,0.000000000000000000e+00,0.000000000000000000e+00,5.155810288996487412e-01,5.188457790487407406e-01,0.000000000000000000e+00,0.000000000000000000e+00,0.000000000000000000e+00,4.724320853356338001e-01,0.000000000000000000e+00,5.024832361663209568e-01,0.000000000000000000e+00,0.000000000000000000e+00,0.000000000000000000e+00,0.000000000000000000e+00,4.918000196877442276e-01,0.000000000000000000e+00,5.283364687659448666e-01,4.837722997315245244e-01,0.000000000000000000e+00,4.651227297225221102e-01,0.000000000000000000e+00,5.184599591457174084e-01,5.019406723199135723e-01,5.320382131853387264e-01,5.103494413017407583e-01,0.000000000000000000e+00,4.686113737319089756e-01,5.472286560040846570e-01,5.016223941458043400e-01,4.785012878897080824e-01,4.917850529362406964e-01,0.000000000000000000e+00,5.100411418871041436e-01
4.073689205572135208e-01,3.903774390487605994e-01,0.000000000000000000e+00,0.000000000000000000e+00,4.670144404488961731e-01,4.473550455401559267e-01,4.844434927228590815e-01,4.771225096763456741e-01,4.401070606321392797e-01,3.746884364240111176e-01,0.000000000000000000e+00,3.564328320549262075e-01,4.790887115745003921e-01,0.000000000000000000e+00,4.366001679542200753e-01,0.000000000000000000e+00,3.852974326902338098e-01,3.602984409642446817e-01,0.000000000000000000e+00,4.088646816005553908e-01,4.309831721295135920e-01,3.613235443064407026e-01,4.547822500945942203e-01,3.828706894807589189e-01,3.810472274424884231e-01,4.253804499860266986e-01,4.349000537006431077e-01,4.565510922671459082e-01,4.288600752142481265e-01,4.455401386927234086e-01,3.775946239760701872e-01,4.440106791210912118e-01,3.752136440244729920e-01,3.992759253199992253e-01,4.443523926232070820e-01,3.923219060352652887e-01,0.000000000000000000e+00,0.000000000000000000e+00,4.689048115133114258e-01,4.356793126543488937e-01,4.414869292878176865e-01,4.678650346856916831e-01,4.732114255134222125e-01,0.000000000000000000e+00,0.000000000000000000e+00,4.394157571649507932e-01,4.739858525983319804e-01,0.000000000000000000e+00,0.000000000000000000e+00,0.000000000000000000e+00,4.418876194034184746e-01,4.480476897253666824e-01,0.000000000000000000e+00,0.000000000000000000e+00,4.144067245563922142e-01,0.000000000000000000e+00,4.386814775847536207e-01,0.000000000000000000e+00,0.000000000000000000e+00,5.035188080856878301e-01,4.599135381879552731e-01,4.181717859333020093e-01,4.500783860577969864e-01,0.000000000000000000e+00,5.073784685616965495e-01,4.893372445168431839e-01,4.798356462597141991e-01,4.913652087248592260e-01,4.828588858215968060e-01,4.621524136539540972e-01,4.775917616815830158e-01,4.904000215951818120e-01,5.095327033508306735e-01,4.657004776682496794e-01,0.000000000000000000e+00,4.408506449746518729e-01
3.785173231023912233e-01,3.838646541589915140e-01,0.000000000000000000e+00,0.000000000000000000e+00,4.853757215935444735e-01,4.145261968500725813e-01,4.462493074435869844e-01,4.882301190181905226e-01,4.875271644308671881e-01,3.406086853674774040e-01,4.838636542992648115e-01,3.607375312665441203e-01,4.452569267606493741e-01,0.000000000000000000e+00,4.045629532035607268e-01,3.852974326902338098e-01,0.000000000000000000e+00,3.138056291466352898e-01,4.936894543166486238e-01,3.920712214094678183e-01,4.508962418249246040e-01,3.866811351923197249e-01,4.656437074247474217e-01,3.685071739199728968e-01,3.170584507258356055e-01,3.650041177038876872e-01,4.128453575815511090e-01,4.271212308874308139e-01,4.148974139907514735e-01,0.000000000000000000e+00,3.663033339521388765e-01,4.379218198910057036e-01,3.381190378046625145e-01,3.695819971670142867e-01,3.846748997645559887e-01,5.032258033752441406e-01,0.000000000000000000e+00,3.321496802614030130e-01,4.483763983328404867e-01,4.451271004441347268e-01,4.300864852312477060e-01,4.578210258444572744e-01,0.000000000000000000e+00,0.000000000000000000e+00,4.283547352252672913e-01,4.153176285672277035e-01,4.351161988700292804e-01,0.000000000000000000e+00,0.000000000000000000e+00,0.000000000000000000e+00,4.347339298431175947e-01,0.000000000000000000e+00,0.000000000000000000e+00,0.000000000000000000e+00,4.721094886147527148e-01,0.000000000000000000e+00,4.714649800633611831e-01,4.524812231883860170e-01,0.000000000000000000e+00,0.000000000000000000e+00,4.385892183089893925e-01,4.589055483603526886e-01,4.464554988306719263e-01,0.000000000000000000e+00,4.711093486044400924e-01,0.000000000000000000e+00,4.481829330481904017e-01,0.000000000000000000e+00,4.193820671834214142e-01,4.477826367026688792e-01,4.507584873881042009e-01,0.000000000000000000e+00,4.503815077962535218e-01,4.387540870039662866e-01,0.000000000000000000e+00,4.340840816735703211e-01
3.798218676105368230e-01,3.845562757051204095e-01,4.715701779849172937e-01,0.000000000000000000e+00,4.557613469355161206e-01,4.299457132907326118e-01,4.534058282127053086e-01,4.850676879363102767e-01,4.684985220785207738e-01,3.504414152168827123e-01,4.671421024288052171e-01,3.468820323349162127e-01,4.465963368346620999e-01,0.000000000000000000e+00,4.201950728616815067e-01,3.602984409642446817e-01,3.138056291466352898e-01,0.000000000000000000e+00,4.927685235940532094e-01,4.114804953611587157e-01,4.438564113197042138e-01,3.885375880407003768e-01,4.595184048926900799e-01,3.492948084397645148e-01,3.363797603472524211e-01,3.752352413490022132e-01,4.227209016682911824e-01,4.291427215833354958e-01,4.309888662021021943e-01,0.000000000000000000e+00,3.644599797367579219e-01,4.330413984859609045e-01,3.380918436760054768e-01,3.693344397189954886e-01,3.982270750595551800e-01,0.000000000000000000e+00,0.000000000000000000e+00,2.949440754424392241e-01,4.446873389106791863e-01,4.218212864357729908e-01,4.188550636297461160e-01,4.488217793945654122e-01,0.000000000000000000e+00,0.000000000000000000e+00,0.000000000000000000e+00,4.132096670784943804e-01,4.484855027618119272e-01,0.000000000000000000e+00,0.000000000000000000e+00,0.000000000000000000e+00,4.184265503847107159e-01,4.201585336126784087e-01,0.000000000000000000e+00,0.000000000000000000e+00,4.453858164771051231e-01,0.000000000000000000e+00,4.368576157019872785e-01,4.258342904639624837e-01,0.000000000000000000e+00,4.817335546942846936e-01,4.390988790268118835e-01,4.349389126934004035e-01,4.387248586488440849e-01,0.000000000000000000e+00,4.660447717741131868e-01,4.567691153876802246e-01,4.424126213424713905e-01,4.932183062065418899e-01,4.142361165089545882e-01,4.416179114526472826e-01,4.445656999827649059e-01,4.324758631612354853e-01,4.211964554397354954e-01,4.282245111165792206e-01,0.000000000000000000e+00,4.230373526990340860e-01
0.000000000000000000e+00,0.000000000000000000e+00,2.378760708617149999e-01,4.367165183517163762e-01,3.944026543803090812e-01,3.941126122701040790e-01,4.658187262434203002e-01,4.607060851395666790e-01,2.918714625588201828e-01,5.068390679829006817e-01,2.869259135608461242e-01,4.812185898468466783e-01,4.908537571304136815e-01,4.067820461194808224e-01,0.000000000000000000e+00,0.000000000000000000e+00,4.936894543166486238e-01,4.927685235940532094e-01,0.000000000000000000e+00,0.000000000000000000e+00,0.000000000000000000e+00,0.000000000000000000e+00,2.565544691237113817e-01,0.000000000000000000e+00,4.811907382293674762e-01,4.802556135350596889e-01,3.533007866573724121e-01,4.947776708490980724e-01,0.000000000000000000e+00,0.000000000000000000e+00,5.005472741091772093e-01,4.800254676786713248e-01,4.909086867178329983e-01,5.030721879099948612e-01,4.932137248656598971e-01,4.374209469516570081e-01,4.818933143961708909e-01,4.825106622468842144e-01,5.476898179325668803e-01,0.000000000000000000e+00,5.779572000100093865e-01,0.000000000000000000e+00,5.421521970408211821e-01,0.000000000000000000e+00,0.000000000000000000e+00,0.000000000000000000e+00,0.000000000000000000e+00,5.465548208192151369e-01,0.000000000000000000e+00,5.780456702282092962e-01,5.758755404903500574e-01,5.775996498352945485e-01,5.637891553259826161e-01,5.935740009319780963e-01,0.000000000000000000e+00,3.152731913533103891e-01,0.000000000000000000e+00,5.662850031847747045e-01,5.576566174289171451e-01,0.000000000000000000e+00,0.000000000000000000e+00,0.000000000000000000e+00,0.000000000000000000e+00,5.794345516782628547e-01,0.000000000000000000e+00,0.000000000000000000e+00,0.000000000000000000e+00,5.818807939366792414e-01,0.000000000000000000e+00,0.000000000000000000e+00,0.000000000000000000e+00,5.797247805258756159e-01,5.590669296197572358e-01,5.238344419007632258e-01,0.000000000000000000e+00,5.755547969315567558e-01
4.501755090614352195e-01,4.248895141852557789e-01,0.000000000000000000e+00,0.000000000000000000e+00,4.408395185755251133e-01,4.087546762775834952e-01,4.619108416800091765e-01,4.151882970960104058e-01,4.207359323103823101e-01,3.923380907888294744e-01,0.000000000000000000e+00,5.002153914554287040e-01,4.549862928939655271e-01,0.000000000000000000e+00,3.255511848207546799e-01,4.088646816005553908e-01,3.920712214094678183e-01,4.114804953611587157e-01,0.000000000000000000e+00,0.000000000000000000e+00,4.444090560253703970e-01,3.814130928970866918e-01,3.099086000361658821e-01,5.046022843958732906e-01,4.126997624319780900e-01,4.421768035837126964e-01,3.655772467717933183e-01,4.256066824228886825e-01,3.553269679410442916e-01,4.136838432135886978e-01,4.036143322712086867e-01,4.345269654181014851e-01,3.951086588259267174e-01,4.329494195898728193e-01,4.651748186501413196e-01,5.029067019893908030e-01,4.855767364838514122e-01,0.000000000000000000e+00,5.040190859451171290e-01,4.582899903700287103e-01,5.135256269013990238e-01,5.119886193518637940e-01,4.650917913493894940e-01,0.000000000000000000e+00,0.000000000000000000e+00,0.000000000000000000e+00,4.763601202879417795e-01,5.094350099306880209e-01,0.000000000000000000e+00,0.000000000000000000e+00,4.867044781363965011e-01,5.106902289550585561e-01,5.294425005554321828e-01,4.879345799350632840e-01,0.000000000000000000e+00,0.000000000000000000e+00,0.000000000000000000e+00,4.997757602353576911e-01,0.000000000000000000e+00,5.235926813067395269e-01,4.608529480587346128e-01,0.000000000000000000e+00,4.555101767760603160e-01,0.000000000000000000e+00,5.179951404086510225e-01,5.085464227899317846e-01,5.133783047438427172e-01,5.269208815364277987e-01,0.000000000000000000e+00,4.557388211719107796e-01,5.052306835141110453e-01,5.197155173136999151e-01,5.106625846202041963e-01,5.101201506757924165e-01,5.182719358057855663e-01,5.155704993143165327e-01
4.282932347447123145e-01,4.380845730142370886e-01,0.000000000000000000e+00,0.000000000000000000e+00,0.000000000000000000e+00,4.231935589331655145e-01,4.722996841567216886e-01,3.935369277038905933e-01,0.000000000000000000e+00,4.645087478760079880e-01,0.000000000000000000e+00,4.876653795153793047e-01,4.649341434046345145e-01,4.383694245773023801e-01,4.006638338802849808e-01,4.309831721295135920e-01,4.508962418249246040e-01,4.438564113197042138e-01,0.000000000000000000e+00,4.444090560253703970e-01,0.000000000000000000e+00,4.533612487848956984e-01,4.128809452327941165e-01,4.927310477808236056e-01,4.343543641460099192e-01,4.360375915074040098e-01,4.325588392879163857e-01,4.651052466094889870e-01,4.322672292408624162e-01,4.625709264712600244e-01,4.310294782643057099e-01,4.555594558892133161e-01,3.984109607433808931e-01,4.463426675713697001e-01,4.815502109974275080e-01,4.456151416082885786e-01,0.000000000000000000e+00,0.000000000000000000e+00,4.868622491812641950e-01,4.834635969977084113e-01,0.000000000000000000e+00,0.000000000000000000e+00,0.000000000000000000e+00,0.000000000000000000e+00,0.000000000000000000e+00,4.536275363245046988e-01,5.116186743520779734e-01,0.000000000000000000e+00,0.000000000000000000e+00,0.000000000000000000e+00,4.493106228922663092e-01,0.000000000000000000e+00,4.533292111754845810e-01,0.000000000000000000e+00,0.000000000000000000e+00,0.000000000000000000e+00,0.000000000000000000e+00,0.000000000000000000e+00,0.000000000000000000e+00,4.838404505148354851e-01,4.711697769110330114e-01,0.000000000000000000e+00,4.929862231374049220e-01,0.000000000000000000e+00,4.846196748164494084e-01,4.258455389776515942e-01,5.052645075864150570e-01,4.692662608452919937e-01,0.000000000000000000e+00,4.786489612699966201e-01,5.313009962205500480e-01,4.691284711608931235e-01,4.786716774678234088e-01,4.687057529157044877e-01,4.115213155746459961e-01,4.371108853316318932e-01
