0.000000000000000000e+00,2.981801616344098016e-01,0.000000000000000000e+00,0.000000000000000000e+00,0.000000000000000000e+00,3.673542006376592228e-01,3.908837340863919874e-01,3.929685256808322924e-01,3.672297045071172272e-01,2.846348732775961232e-01,0.000000000000000000e+00,2.918545630333663210e-01,3.827518693935991201e-01,0.000000000000000000e+00,3.541055951330103757e-01,2.957500960780766741e-01,2.988979901631291236e-01,3.227699734516146779e-01,0.000000000000000000e+00,3.775830098084029252e-01,3.137054280986679156e-01,3.588417057581678171e-01,3.803730598406315222e-01,2.685801389101726278e-01,2.977503249307695277e-01,2.930785653717248862e-01,3.776727174895432859e-01,3.734852536361227271e-01,3.703831708375660003e-01,3.779944212939921888e-01,2.998557156565884729e-01,3.857832933374947260e-01,2.744375847255596801e-01,3.081107610701745991e-01,3.591228759673599225e-01,0.000000000000000000e+00,0.000000000000000000e+00,0.000000000000000000e+00,3.882648296002566002e-01,3.041759912368133811e-01,3.300514435853252881e-01,3.811856311288809862e-01,0.000000000000000000e+00,0.000000000000000000e+00,0.000000000000000000e+00,2.954803092917970830e-01,3.121320134978712857e-01,0.000000000000000000e+00,0.000000000000000000e+00,0.000000000000000000e+00,3.378505553428968189e-01,0.000000000000000000e+00,3.205350935459136963e-01,0.000000000000000000e+00,3.250866375176901246e-01,0.000000000000000000e+00,3.266811592027786260e-01,0.000000000000000000e+00,0.000000000000000000e+00,3.757047655598296232e-01,3.299061171069179177e-01,0.000000000000000000e+00,3.380555454793189862e-01,0.000000000000000000e+00,0.000000000000000000e+00,0.000000000000000000e+00,3.158660732913223246e-01,3.598844947025208185e-01,2.504018452908456926e-01,3.488755920981403968e-01,3.476286905002965999e-01,0.000000000000000000e+00,0.000000000000000000e+00,3.394852620954184053e-01,0.000000000000000000e+00,3.056076867333509250e-01
2.981801616344098016e-01,0.000000000000000000e+00,3.592318675992650090e-01,0.000000000000000000e+00,3.824469319421925917e-01,3.747164327762436131e-01,4.067512601515625992e-01,0.000000000000000000e+00,3.844062924893402733e-01,0.000000000000000000e+00,0.000000000000000000e+00,0.000000000000000000e+00,3.987674842959650912e-01,0.000000000000000000e+00,3.900183634537888744e-01,3.425678267578017855e-01,0.000000000000000000e+00,3.538917450084752003e-01,0.000000000000000000e+00,3.821018406107288823e-01,3.841057729170445079e-01,3.861425996374430736e-01,3.677666759898010063e-01,3.031105094113756837e-01,3.285575924005216253e-01,3.401300604732401256e-01,3.678888825253293082e-01,4.085926536264086750e-01,3.835549695658941882e-01,3.836345096401684862e-01,3.635677204319415767e-01,4.487081109167447845e-01,3.327834549305507261e-01,3.804775372333332739e-01,4.347300994428229259e-01,0.000000000000000000e+00,0.000000000000000000e+00,0.000000000000000000e+00,3.873280237314206120e-01,3.105527907418341726e-01,3.466203836083642242e-01,3.950331292158886232e-01,0.000000000000000000e+00,0.000000000000000000e+00,0.000000000000000000e+00,3.234891377893878150e-01,3.402467127275312087e-01,0.000000000000000000e+00,0.000000000000000000e+00,0.000000000000000000e+00,3.574641662469598136e-01,3.439592444585111153e-01,0.000000000000000000e+00,0.000000000000000000e+00,2.918942810180428782e-01,0.000000000000000000e+00,0.000000000000000000e+00,3.516528983511260087e-01,0.000000000000000000e+00,3.994515739712337088e-01,3.452631143888363896e-01,2.835449240749816080e-01,3.388041994240599819e-01,0.000000000000000000e+00,3.542878360786959058e-01,3.823023767578401233e-01,3.540681921061620274e-01,3.634240685502774237e-01,0.000000000000000000e+00,3.293057379794568917e-01,3.737740921781039782e-01,3.636731322360078900e-01,3.499381035037871790e-01,3.690107303703930031e-01,0.000000000000000000e+00,3.379226635200618944e-01
0.000000000000000000e+00,3.592318675992650090e-01,0.000000000000000000e+00,3.569236949546437110e-01,3.342124601072009038e-01,3.313015959167321944e-01,3.690427181307507909e-01,3.635054484397525765e-01,2.517979785338212984e-01,4.033986400831239272e-01,2.597539518830601080e-01,4.019508663263405834e-01,3.857773305466264957e-01,3.312703069266709210e-01,0.000000000000000000e+00,0.000000000000000000e+00,4.044262571501121006e-01,0.000000000000000000e+00,1.910798608838016888e-01,0.000000000000000000e+00,3.422600976206304768e-01,4.000195679369850099e-01,2.948562497001598892e-01,4.063359991121177073e-01,0.000000000000000000e+00,4.111949905444187148e-01,2.763491235223187181e-01,4.022957694506235082e-01,3.467379994424901746e-01,3.912095364666169917e-01,4.174874533462442083e-01,3.762548498222536009e-01,3.913416771084932133e-01,4.117549894131992128e-01,4.109875850980025946e-01,3.374837063552267868e-01,3.727813901676695907e-01,3.823199334973895192e-01,4.331125840158285834e-01,0.000000000000000000e+00,4.410183281136870748e-01,0.000000000000000000e+00,4.221212465687438908e-01,0.000000000000000000e+00,0.000000000000000000e+00,0.000000000000000000e+00,0.000000000000000000e+00,4.834485365474299190e-01,0.000000000000000000e+00,4.426594670610211057e-01,4.692013084737823858e-01,4.515112348590599178e-01,4.656412070160744210e-01,4.810568756560357206e-01,0.000000000000000000e+00,4.497142309247845193e-01,0.000000000000000000e+00,4.383257432680361942e-01,4.270972865511089012e-01,0.000000000000000000e+00,0.000000000000000000e+00,0.000000000000000000e+00,0.000000000000000000e+00,4.580900721863125913e-01,0.000000000000000000e+00,0.000000000000000000e+00,0.000000000000000000e+00,4.877389163867347777e-01,0.000000000000000000e+00,0.000000000000000000e+00,0.000000000000000000e+00,4.785373050456385724e-01,4.250006585713516083e-01,4.069170468000988805e-01,0.000000000000000000e+00,4.512913730041400728e-01
0.000000000000000000e+00,0.000000000000000000e+00,3.569236949546437110e-01,0.000000000000000000e+00,2.565350358474168813e-01,3.644852637480056057e-01,2.186498987326971066e-01,3.593670334085281026e-01,3.593603873112252156e-01,3.567971385473830970e-01,3.394281849369463755e-01,2.121654003858566007e-01,2.861792619028554197e-01,2.978022672181711017e-01,0.000000000000000000e+00,0.000000000000000000e+00,0.000000000000000000e+00,0.000000000000000000e+00,3.495632969192098982e-01,0.000000000000000000e+00,0.000000000000000000e+00,0.000000000000000000e+00,3.602087475948217987e-01,0.000000000000000000e+00,0.000000000000000000e+00,0.000000000000000000e+00,3.708413389211583922e-01,2.982869590825545925e-01,0.000000000000000000e+00,0.000000000000000000e+00,0.000000000000000000e+00,2.888389638359505907e-01,0.000000000000000000e+00,0.000000000000000000e+00,3.501812762171117033e-01,2.282910125075184871e-01,1.820961049701942946e-01,0.000000000000000000e+00,0.000000000000000000e+00,0.000000000000000000e+00,0.000000000000000000e+00,0.000000000000000000e+00,0.000000000000000000e+00,0.000000000000000000e+00,0.000000000000000000e+00,0.000000000000000000e+00,0.000000000000000000e+00,0.000000000000000000e+00,0.000000000000000000e+00,0.000000000000000000e+00,0.000000000000000000e+00,0.000000000000000000e+00,0.000000000000000000e+00,0.000000000000000000e+00,0.000000000000000000e+00,0.000000000000000000e+00,0.000000000000000000e+00,0.000000000000000000e+00,0.000000000000000000e+00,0.000000000000000000e+00,0.000000000000000000e+00,0.000000000000000000e+00,0.000000000000000000e+00,0.000000000000000000e+00,0.000000000000000000e+00,0.000000000000000000e+00,0.000000000000000000e+00,4.228393360634929987e-01,0.000000000000000000e+00,0.000000000000000000e+00,0.000000000000000000e+00,0.000000000000000000e+00,0.000000000000000000e+00,0.000000000000000000e+00,0.000000000000000000e+00,0.000000000000000000e+00
0.000000000000000000e+00,3.824469319421925917e-01,3.342124601072009038e-01,2.565350358474168813e-01,0.000000000000000000e+00,3.240796335486119117e-01,2.556893224474954818e-01,3.444613179873715070e-01,2.982625006947520196e-01,3.843388518119877917e-01,2.864889618466170962e-01,3.781716709110972130e-01,2.999328552706969075e-01,2.765863394083046267e-01,0.000000000000000000e+00,4.047412601045928260e-01,3.972294973866505874e-01,0.000000000000000000e+00,3.167509662191909103e-01,3.823184989083635021e-01,3.524654907853251862e-01,3.949595654003452139e-01,3.370344523576015994e-01,3.793841939540941177e-01,3.768725335093554007e-01,3.802588681962341122e-01,3.395432207339086905e-01,3.140064935240429178e-01,3.637941068693026914e-01,0.000000000000000000e+00,4.016570905148086901e-01,3.672287926874410191e-01,3.960088357453903085e-01,3.925240309230366154e-01,3.932344367512515260e-01,2.528844596242417198e-01,2.469870527929811099e-01,3.429097537791007122e-01,4.133578160209140928e-01,0.000000000000000000e+00,4.064590161612134933e-01,0.000000000000000000e+00,3.718932350982868118e-01,0.000000000000000000e+00,0.000000000000000000e+00,0.000000000000000000e+00,0.000000000000000000e+00,4.499613358910409255e-01,0.000000000000000000e+00,4.045453625960471200e-01,4.296320591782982201e-01,4.229285300842701156e-01,3.949824238064180149e-01,4.494758716155802802e-01,0.000000000000000000e+00,4.195711420890346210e-01,0.000000000000000000e+00,4.118693096237737161e-01,0.000000000000000000e+00,0.000000000000000000e+00,0.000000000000000000e+00,0.000000000000000000e+00,0.000000000000000000e+00,4.279087599729897162e-01,0.000000000000000000e+00,0.000000000000000000e+00,0.000000000000000000e+00,4.490918299828224880e-01,0.000000000000000000e+00,0.000000000000000000e+00,0.000000000000000000e+00,4.340314486595560073e-01,3.997313501446214112e-01,3.947414116724621835e-01,0.000000000000000000e+00,4.145194474346610147e-01
3.673542006376592228e-01,3.747164327762436131e-01,3.313015959167321944e-01,3.644852637480056057e-01,3.240796335486119117e-01,0.000000000000000000e+00,3.603904498358834196e-01,3.384535629161206094e-01,2.680866670319612122e-01,4.097100542457942085e-01,3.221727080598574267e-01,3.998870992641602728e-01,3.009216424624631125e-01,3.486284906003861983e-01,3.535256732260961821e-01,3.555501423705477726e-01,4.189539837076353135e-01,3.650562741628510244e-01,3.559457731543798076e-01,3.496917881090592095e-01,3.453768957391177841e-01,3.804844466197663810e-01,3.299044696681253108e-01,3.825704576664381018e-01,3.565662565755213231e-01,3.669243809109936083e-01,3.080887205342431878e-01,3.139525688003311221e-01,3.019524364710771125e-01,3.622048588386215795e-01,3.900641347207590148e-01,3.554173695028747249e-01,3.053992636601624011e-01,3.885899828334328787e-01,3.957946799272459848e-01,3.814014829885651880e-01,3.911383867379211732e-01,3.858936944132921876e-01,3.815847717433257791e-01,3.266923683262749067e-01,3.799589796911964079e-01,3.812792719092312765e-01,3.734209200496574899e-01,0.000000000000000000e+00,0.000000000000000000e+00,3.457883851975711020e-01,3.441269358720597804e-01,4.559855383598834244e-01,0.000000000000000000e+00,4.209367185303404812e-01,4.209429973698537997e-01,4.084160090974626733e-01,3.961423367027162024e-01,4.455089403672776172e-01,4.041674254147619161e-01,4.305148264668637870e-01,0.000000000000000000e+00,3.961461877169015766e-01,4.145126232881948813e-01,3.782022119770214186e-01,3.410642593230819863e-01,0.000000000000000000e+00,0.000000000000000000e+00,4.327734448250035726e-01,3.721739539603087232e-01,3.661359127303009942e-01,3.660882009854569130e-01,4.271982061093422267e-01,0.000000000000000000e+00,3.229881339205138979e-01,3.664770874120785726e-01,4.180982991590725950e-01,3.921699261495806832e-01,3.832752261037791763e-01,3.888301425871291128e-01,3.868992073602546822e-01
3.908837340863919874e-01,4.067512601515625992e-01,3.690427181307507909e-01,2.186498987326971066e-01,2.556893224474954818e-01,3.603904498358834196e-01,0.000000000000000000e+00,3.701434083692928811e-01,3.238631010151727940e-01,3.942159361195082257e-01,3.625103300338857193e-01,3.946632123486237820e-01,3.015314021953734991e-01,2.597537305636321014e-01,3.861211933369561033e-01,4.110765852529776887e-01,4.286750973484046989e-01,3.945613593290219212e-01,3.838229355404422782e-01,3.996487681675621184e-01,3.725276670515608735e-01,4.223200784890350223e-01,3.577490571469871261e-01,3.842636354999707238e-01,3.880566323973174137e-01,4.058788564693737166e-01,3.633184152616720786e-01,3.297876673970774886e-01,3.943204901809876928e-01,3.985755516441729096e-01,3.960959426211125844e-01,3.691370308451306093e-01,3.461561914995033851e-01,4.000044517850068759e-01,3.831130133694494178e-01,2.710422821613623912e-01,3.601493038593683860e-01,3.689845027825149892e-01,3.961871634830568811e-01,0.000000000000000000e+00,4.116963146783038097e-01,0.000000000000000000e+00,3.579916986945113067e-01,0.000000000000000000e+00,0.000000000000000000e+00,0.000000000000000000e+00,3.687267258282608817e-01,4.523922339439426232e-01,0.000000000000000000e+00,4.237260136178320202e-01,4.282387814210286137e-01,4.240728912128127193e-01,4.158190142760159747e-01,4.453737983269466794e-01,4.183082581850307013e-01,4.134727125286610794e-01,0.000000000000000000e+00,4.112101580644216825e-01,0.000000000000000000e+00,3.868993419018603164e-01,0.000000000000000000e+00,0.000000000000000000e+00,0.000000000000000000e+00,4.397448030196766111e-01,3.797707392130694748e-01,3.886775405921856774e-01,3.752897632168555875e-01,4.425983380078987728e-01,0.000000000000000000e+00,4.020249627560131822e-01,3.873422808795162764e-01,4.276958706201227089e-01,4.071222537097775040e-01,3.987505967225277170e-01,3.884528620403747134e-01,4.118692894198606180e-01
3.929685256808322924e-01,0.000000000000000000e+00,3.635054484397525765e-01,3.593670334085281026e-01,3.444613179873715070e-01,3.384535629161206094e-01,3.701434083692928811e-01,0.000000000000000000e+00,3.893564227328032978e-01,3.973885834951726981e-01,2.368607901451459108e-01,3.849982462729922839e-01,3.734121679002723737e-01,3.330038467277927072e-01,2.716762037437528976e-01,0.000000000000000000e+00,0.000000000000000000e+00,0.000000000000000000e+00,3.373456098351355070e-01,3.317790458126322894e-01,3.300492332878248170e-01,3.777022091907135115e-01,2.936624501186286818e-01,3.676012161884766871e-01,0.000000000000000000e+00,3.717870898029130844e-01,3.404353419390991897e-01,3.706145380429137770e-01,3.248587688459332878e-01,3.358683055276817098e-01,3.839338055396460114e-01,3.469489770508344950e-01,3.783963647219619753e-01,3.898332388077780930e-01,3.835770621770682176e-01,3.103452187530946205e-01,3.486912610548961178e-01,3.692538490278057806e-01,3.855205039526238830e-01,3.021113872528076172e-01,4.205898812525585839e-01,4.124358594417572021e-01,3.830991251129500785e-01,0.000000000000000000e+00,0.000000000000000000e+00,0.000000000000000000e+00,3.846365402881847806e-01,4.632967566547259164e-01,0.000000000000000000e+00,4.342324365411672771e-01,4.133645876089657722e-01,4.084905507491142229e-01,3.526749161950309963e-01,4.677882539281167928e-01,0.000000000000000000e+00,4.473355882334679179e-01,0.000000000000000000e+00,3.925702811868991837e-01,0.000000000000000000e+00,3.906567867743300781e-01,0.000000000000000000e+00,0.000000000000000000e+00,0.000000000000000000e+00,4.723197480338555132e-01,3.547282100132764793e-01,3.757565973617840172e-01,3.943068350131764266e-01,4.190603020067911744e-01,0.000000000000000000e+00,3.488714860221597824e-01,3.969578804970985142e-01,4.229340660517451056e-01,3.924557852921365941e-01,3.926368397426697188e-01,0.000000000000000000e+00,4.033005263739354862e-01
3.672297045071172272e-01,3.844062924893402733e-01,2.517979785338212984e-01,3.593603873112252156e-01,2.982625006947520196e-01,2.680866670319612122e-01,3.238631010151727940e-01,3.893564227328032978e-01,0.000000000000000000e+00,4.185703202291646274e-01,2.425010252554181955e-01,4.057288647562420913e-01,3.110924599488710807e-01,3.465122513189662912e-01,3.463269585838953946e-01,3.689410612992536920e-01,4.215041155700577913e-01,4.131730148785163204e-01,2.491451281160468045e-01,3.832604437891464766e-01,3.395669520235367056e-01,3.918559363373230742e-01,3.384408471410644825e-01,4.060927717886231858e-01,3.878754467892691071e-01,3.929946003291295842e-01,2.908372085152876041e-01,4.111252314513906270e-01,3.569605230979616128e-01,3.987734812007251994e-01,4.252065912411694959e-01,3.804689862210079987e-01,3.621108985675097758e-01,4.189011220370563726e-01,4.159466256592581068e-01,3.611683438672587121e-01,3.938651994897804931e-01,3.957149485031329905e-01,4.118236836124483102e-01,0.000000000000000000e+00,4.262959869154960835e-01,4.519236447915638277e-01,4.305686494155125943e-01,0.000000000000000000e+00,0.000000000000000000e+00,0.000000000000000000e+00,3.462355180735459115e-01,4.865643055999486766e-01,0.000000000000000000e+00,4.494427370944718003e-01,4.624373700864777836e-01,4.500349208700394898e-01,4.746738926082454957e-01,4.810590473286449065e-01,4.187180057316787218e-01,4.669852708676737185e-01,4.157204501703600230e-01,4.355330046722539761e-01,4.385757131670606213e-01,3.785535026424308724e-01,0.000000000000000000e+00,0.000000000000000000e+00,0.000000000000000000e+00,4.742331073630259852e-01,3.663495855693660874e-01,3.760834957974968917e-01,3.609872787991099119e-01,4.834514572735488791e-01,0.000000000000000000e+00,0.000000000000000000e+00,3.643028793220227102e-01,4.731432628265546114e-01,4.242717816464213199e-01,4.088256595849875108e-01,4.104104553869674099e-01,4.310864239642293039e-01
2.846348732775961232e-01,0.000000000000000000e+00,4.033986400831239272e-01,3.567971385473830970e-01,3.843388518119877917e-01,4.097100542457942085e-01,3.942159361195082257e-01,3.973885834951726981e-01,4.185703202291646274e-01,0.000000000000000000e+00,4.017851871785890205e-01,2.136480027065668086e-01,3.835581477550342733e-01,3.663177583725392150e-01,4.281233941115796804e-01,3.159464457804451176e-01,2.509927628399851729e-01,2.816647695782638072e-01,4.133049384374891111e-01,4.058496829179534249e-01,0.000000000000000000e+00,4.009948985618556061e-01,3.911566508596613922e-01,2.574493771040862189e-01,2.509170171700395024e-01,2.824834826492667039e-01,3.910145560151869759e-01,3.796144300355157042e-01,3.869731752612066145e-01,3.676901681371863018e-01,2.685146628914750200e-01,2.985823606748637116e-01,2.554267120024492077e-01,2.903466906416555249e-01,2.801348980546696787e-01,3.145002235346430752e-01,2.967284624308771934e-01,2.530314322420034179e-01,2.699579088937992255e-01,3.074759126327806236e-01,3.024386960233219068e-01,2.904362678527832031e-01,3.791183433014159165e-01,0.000000000000000000e+00,3.107823433198904084e-01,0.000000000000000000e+00,0.000000000000000000e+00,4.465158735251659738e-01,0.000000000000000000e+00,0.000000000000000000e+00,4.142947581881407104e-01,0.000000000000000000e+00,0.000000000000000000e+00,4.428143253211792030e-01,3.408841187982238896e-01,0.000000000000000000e+00,2.542123297340331822e-01,4.293868564639474750e-01,0.000000000000000000e+00,0.000000000000000000e+00,3.224014902179139774e-01,3.686810631554026108e-01,3.632503983886907206e-01,0.000000000000000000e+00,3.810165075209382968e-01,0.000000000000000000e+00,0.000000000000000000e+00,4.402909730262146160e-01,2.809165629805264741e-01,3.655185518392751742e-01,3.749473330720142772e-01,4.248687573027047915e-01,4.142490501059475916e-01,0.000000000000000000e+00,0.000000000000000000e+00,3.418739425603415927e-01
0.000000000000000000e+00,0.000000000000000000e+00,2.597539518830601080e-01,3.394281849369463755e-01,2.864889618466170962e-01,3.221727080598574267e-01,3.625103300338857193e-01,2.368607901451459108e-01,2.425010252554181955e-01,4.017851871785890205e-01,0.000000000000000000e+00,3.911660903200427919e-01,3.855079798312395223e-01,2.750031949606165926e-01,0.000000000000000000e+00,0.000000000000000000e+00,0.000000000000000000e+00,0.000000000000000000e+00,2.310064423204394868e-01,0.000000000000000000e+00,0.000000000000000000e+00,0.000000000000000000e+00,2.229874538494767133e-01,3.915163749247366209e-01,0.000000000000000000e+00,4.163274654325200275e-01,3.375840064218518788e-01,3.914790666017112786e-01,0.000000000000000000e+00,0.000000000000000000e+00,4.118798177120088222e-01,3.717105753040602090e-01,4.111331115944605874e-01,4.104482535946529786e-01,3.861913017926270064e-01,2.779806167053093802e-01,3.114173275185456169e-01,3.748119252726820894e-01,4.001501784333952871e-01,0.000000000000000000e+00,0.000000000000000000e+00,0.000000000000000000e+00,3.596456619175498748e-01,0.000000000000000000e+00,0.000000000000000000e+00,0.000000000000000000e+00,0.000000000000000000e+00,4.560469918395368971e-01,0.000000000000000000e+00,4.025106299816421096e-01,4.350059675546367188e-01,4.219273824203927936e-01,4.129555630966851854e-01,4.474745523974679173e-01,0.000000000000000000e+00,4.078059058393022074e-01,0.000000000000000000e+00,4.084614192533235211e-01,3.871260011772608145e-01,0.000000000000000000e+00,0.000000000000000000e+00,0.000000000000000000e+00,0.000000000000000000e+00,4.321541124034982140e-01,0.000000000000000000e+00,0.000000000000000000e+00,0.000000000000000000e+00,4.618968357954311155e-01,0.000000000000000000e+00,0.000000000000000000e+00,0.000000000000000000e+00,4.600913899629326953e-01,4.098490185071633207e-01,0.000000000000000000e+00,0.000000000000000000e+00,0.000000000000000000e+00
2.918545630333663210e-01,0.000000000000000000e+00,4.019508663263405834e-01,2.121654003858566007e-01,3.781716709110972130e-01,3.998870992641602728e-01,3.946632123486237820e-01,3.849982462729922839e-01,4.057288647562420913e-01,2.136480027065668086e-01,3.911660903200427919e-01,0.000000000000000000e+00,3.822139783324465245e-01,0.000000000000000000e+00,0.000000000000000000e+00,0.000000000000000000e+00,2.814667583848287080e-01,3.136847358876925784e-01,4.062225386434805130e-01,4.084366125507213896e-01,0.000000000000000000e+00,4.679698693756151884e-01,3.807155225205998139e-01,2.133023102008838878e-01,2.731295399244398903e-01,2.906526845163744932e-01,3.778427175218426748e-01,3.728551677733417113e-01,3.864792330162005185e-01,3.838229178526672003e-01,2.912184202099600827e-01,2.942964565082564210e-01,2.693520236414433944e-01,2.827979707525404840e-01,2.919593447372135775e-01,3.156026464745474991e-01,2.858227559325626221e-01,2.592463365546264220e-01,2.715612865757813799e-01,3.095827212832062969e-01,3.102299633518879052e-01,0.000000000000000000e+00,0.000000000000000000e+00,0.000000000000000000e+00,2.842035270600639096e-01,3.512982676135695814e-01,0.000000000000000000e+00,0.000000000000000000e+00,0.000000000000000000e+00,0.000000000000000000e+00,4.224568874292822795e-01,0.000000000000000000e+00,0.000000000000000000e+00,0.000000000000000000e+00,3.489084954567662766e-01,0.000000000000000000e+00,2.573476230378511920e-01,0.000000000000000000e+00,0.000000000000000000e+00,0.000000000000000000e+00,3.428002514303148951e-01,3.752093062140650082e-01,3.753479891222741838e-01,0.000000000000000000e+00,0.000000000000000000e+00,0.000000000000000000e+00,0.000000000000000000e+00,4.260703423616755137e-01,3.002552598695503727e-01,3.752417307455345186e-01,3.785409343813176952e-01,4.143832711843564165e-01,3.771538020792570833e-01,0.000000000000000000e+00,0.000000000000000000e+00,3.364448130914212132e-01
3.827518693935991201e-01,3.987674842959650912e-01,3.857773305466264957e-01,2.861792619028554197e-01,2.999328552706969075e-01,3.009216424624631125e-01,3.015314021953734991e-01,3.734121679002723737e-01,3.110924599488710807e-01,3.835581477550342733e-01,3.855079798312395223e-01,3.822139783324465245e-01,0.000000000000000000e+00,2.881249016821426090e-01,3.832454986160960253e-01,4.130670911093327069e-01,3.928124705436232267e-01,3.943216332385530154e-01,3.983321713448743084e-01,3.838711194004226224e-01,3.691040017396424178e-01,4.164401642631849199e-01,3.664520361911742241e-01,3.802851520873529734e-01,3.842273876940611732e-01,3.939708455934525788e-01,3.696893340522331983e-01,3.103637256739664729e-01,3.610263643508281883e-01,3.686749482521984866e-01,3.726658119368636002e-01,3.782582651065283241e-01,3.443267797463309132e-01,3.993858775975270836e-01,3.992638043652160240e-01,3.121448060553739801e-01,3.624972059163444893e-01,3.699401875793283945e-01,3.949023500756010940e-01,3.617684158186409982e-01,4.017279544227799759e-01,0.000000000000000000e+00,3.637432794782869960e-01,0.000000000000000000e+00,0.000000000000000000e+00,0.000000000000000000e+00,3.736277729504068890e-01,4.530939496897493091e-01,0.000000000000000000e+00,4.259587817111344932e-01,4.273854357819675265e-01,4.136228731938896841e-01,4.181293599371683212e-01,4.543903098399271201e-01,3.935497827745266242e-01,4.233539053463417079e-01,3.779137849772253865e-01,4.032581631983445103e-01,0.000000000000000000e+00,3.823746035678236010e-01,3.587477962066851211e-01,0.000000000000000000e+00,4.039226885507645193e-01,4.471081823747460882e-01,3.811237437341182255e-01,3.846068577666644228e-01,3.737229136799640195e-01,4.368576870788858924e-01,3.797975759179799127e-01,3.919319719123843804e-01,3.867242133976175888e-01,4.259664896995651873e-01,4.019838228940427749e-01,3.903738194463374778e-01,3.872903902239971941e-01,4.031957939281882730e-01
0.000000000000000000e+00,0.000000000000000000e+00,3.312703069266709210e-01,2.978022672181711017e-01,2.765863394083046267e-01,3.486284906003861983e-01,2.597537305636321014e-01,3.330038467277927072e-01,3.465122513189662912e-01,3.663177583725392150e-01,2.750031949606165926e-01,0.000000000000000000e+00,2.881249016821426090e-01,0.000000000000000000e+00,0.000000000000000000e+00,0.000000000000000000e+00,0.000000000000000000e+00,0.000000000000000000e+00,3.166738770175375750e-01,0.000000000000000000e+00,3.792296521649946017e-01,0.000000000000000000e+00,3.225514734951102080e-01,0.000000000000000000e+00,0.000000000000000000e+00,0.000000000000000000e+00,3.599648185559076730e-01,3.003397225499421785e-01,0.000000000000000000e+00,0.000000000000000000e+00,0.000000000000000000e+00,3.409416449669431248e-01,0.000000000000000000e+00,0.000000000000000000e+00,3.936296634292588137e-01,2.334936795618665073e-01,1.772257248386454043e-01,0.000000000000000000e+00,0.000000000000000000e+00,0.000000000000000000e+00,0.000000000000000000e+00,0.000000000000000000e+00,3.513024366591159797e-01,0.000000000000000000e+00,0.000000000000000000e+00,0.000000000000000000e+00,0.000000000000000000e+00,4.438752699458449191e-01,0.000000000000000000e+00,0.000000000000000000e+00,4.235084335105019915e-01,0.000000000000000000e+00,3.969984249517586883e-01,4.470140686949711784e-01,0.000000000000000000e+00,0.000000000000000000e+00,0.000000000000000000e+00,0.000000000000000000e+00,0.000000000000000000e+00,0.000000000000000000e+00,0.000000000000000000e+00,0.000000000000000000e+00,0.000000000000000000e+00,4.608312458232444175e-01,0.000000000000000000e+00,0.000000000000000000e+00,0.000000000000000000e+00,4.370326398662667255e-01,0.000000000000000000e+00,0.000000000000000000e+00,0.000000000000000000e+00,4.892883281511232196e-01,4.143369647904828756e-01,0.000000000000000000e+00,0.000000000000000000e+00,0.000000000000000000e+00
3.541055951330103757e-01,3.900183634537888744e-01,0.000000000000000000e+00,0.000000000000000000e+00,0.000000000000000000e+00,3.535256732260961821e-01,3.861211933369561033e-01,2.716762037437528976e-01,3.463269585838953946e-01,4.281233941115796804e-01,0.000000000000000000e+00,0.000000000000000000e+00,3.832454986160960253e-01,0.000000000000000000e+00,0.000000000000000000e+00,3.798062568497563851e-01,0.000000000000000000e+00,3.501911846869084077e-01,0.000000000000000000e+00,3.162147478471524775e-01,3.308269551257443930e-01,3.751668920093160220e-01,3.162371447382685274e-01,3.589772213381022814e-01,3.390288333929240006e-01,3.740752546591630257e-01,3.367050942217443832e-01,3.618140365680302950e-01,3.440700137492614941e-01,2.957742510036924788e-01,3.880293214405197144e-01,4.271962423099210926e-01,3.071499604503489800e-01,4.214176635310704078e-01,4.590214388030626758e-01,5.011262077352697242e-01,4.601125806368013271e-01,0.000000000000000000e+00,4.162862973436253222e-01,3.879473036723125046e-01,4.002999692636515783e-01,4.306175330594940731e-01,0.000000000000000000e+00,0.000000000000000000e+00,0.000000000000000000e+00,3.735509237134744809e-01,3.788190263613295805e-01,0.000000000000000000e+00,0.000000000000000000e+00,0.000000000000000000e+00,3.965859650751488164e-01,0.000000000000000000e+00,3.419545107213534108e-01,0.000000000000000000e+00,0.000000000000000000e+00,0.000000000000000000e+00,0.000000000000000000e+00,0.000000000000000000e+00,0.000000000000000000e+00,4.286511430478994744e-01,3.607225960851833113e-01,0.000000000000000000e+00,0.000000000000000000e+00,0.000000000000000000e+00,3.702393044800014188e-01,4.115253052718684246e-01,4.111503756762485140e-01,3.954710800234467194e-01,0.000000000000000000e+00,3.318966906369725800e-01,4.241055369254340124e-01,4.061251809935484958e-01,3.750986461537850203e-01,3.634661744871015010e-01,0.000000000000000000e+00,3.801112610512897838e-01
2.957500960780766741e-01,3.425678267578017855e-01,0.000000000000000000e+00,0.000000000000000000e+00,4.047412601045928260e-01,3.555501423705477726e-01,4.110765852529776887e-01,0.000000000000000000e+00,3.689410612992536920e-01,3.159464457804451176e-01,0.000000000000000000e+00,0.000000000000000000e+00,4.130670911093327069e-01,0.000000000000000000e+00,3.798062568497563851e-01,0.000000000000000000e+00,3.266941496346845164e-01,3.075141379073064174e-01,0.000000000000000000e+00,3.645759010196443217e-01,3.520648974000313847e-01,2.760082329166604898e-01,3.544326485870792909e-01,3.161929181809133849e-01,3.251803504504113818e-01,3.470153589263514915e-01,3.607290564634705876e-01,3.949407814962104801e-01,3.895216951646021109e-01,3.666562766721561117e-01,2.917390387303956945e-01,4.283723132377831866e-01,3.147055175795839821e-01,3.400599015103655254e-01,3.944712896385388912e-01,0.000000000000000000e+00,0.000000000000000000e+00,0.000000000000000000e+00,3.683154829858992785e-01,3.162526555309654874e-01,3.298908556830282834e-01,3.658981144697123766e-01,0.000000000000000000e+00,0.000000000000000000e+00,0.000000000000000000e+00,3.109508722854968932e-01,3.211238901870301921e-01,0.000000000000000000e+00,0.000000000000000000e+00,0.000000000000000000e+00,3.364300842904758837e-01,0.000000000000000000e+00,0.000000000000000000e+00,0.000000000000000000e+00,3.348992369743565845e-01,0.000000000000000000e+00,0.000000000000000000e+00,3.360962008257348810e-01,0.000000000000000000e+00,3.925742566134574063e-01,3.358612852531803195e-01,3.527072705927287166e-01,3.683431018405878832e-01,0.000000000000000000e+00,0.000000000000000000e+00,0.000000000000000000e+00,3.402996707013348776e-01,3.741599491727065074e-01,3.746849527797097013e-01,3.555660919656095098e-01,3.639226528359241208e-01,3.273543658004466894e-01,0.000000000000000000e+00,3.370089745090650846e-01,0.000000000000000000e+00,3.252953495537230788e-01
2.988979901631291236e-01,0.000000000000000000e+00,4.044262571501121006e-01,0.000000000000000000e+00,3.972294973866505874e-01,4.189539837076353135e-01,4.286750973484046989e-01,0.000000000000000000e+00,4.215041155700577913e-01,2.509927628399851729e-01,0.000000000000000000e+00,2.814667583848287080e-01,3.928124705436232267e-01,0.000000000000000000e+00,0.000000000000000000e+00,3.266941496346845164e-01,0.000000000000000000e+00,2.684028030718875191e-01,4.193024703847645918e-01,3.277554568671018909e-01,0.000000000000000000e+00,3.396202243059774917e-01,4.001524855279969817e-01,2.937139816583744234e-01,2.719009944236684961e-01,3.341714206783453212e-01,3.979307982000004906e-01,3.948513690122272823e-01,3.665522090199552774e-01,0.000000000000000000e+00,3.156996564151658968e-01,4.034169567934766110e-01,3.011922189804160932e-01,3.524705316560444723e-01,3.633404935573629202e-01,4.079614274556627729e-01,0.000000000000000000e+00,2.774589539394429205e-01,3.992034772481558025e-01,3.607293481443150096e-01,3.751560770882976792e-01,0.000000000000000000e+00,0.000000000000000000e+00,0.000000000000000000e+00,0.000000000000000000e+00,3.821297780101198249e-01,3.117321517660637809e-01,0.000000000000000000e+00,0.000000000000000000e+00,0.000000000000000000e+00,0.000000000000000000e+00,0.000000000000000000e+00,0.000000000000000000e+00,0.000000000000000000e+00,3.705732526493361045e-01,0.000000000000000000e+00,3.392041131107880192e-01,0.000000000000000000e+00,0.000000000000000000e+00,0.000000000000000000e+00,3.488560392862142812e-01,3.817798977020260276e-01,3.776451654474763941e-01,0.000000000000000000e+00,0.000000000000000000e+00,0.000000000000000000e+00,2.932277619838715155e-01,0.000000000000000000e+00,3.254706834374938018e-01,3.793642288494005199e-01,3.952192449370980909e-01,0.000000000000000000e+00,0.000000000000000000e+00,0.000000000000000000e+00,0.000000000000000000e+00,3.787288043731487086e-01
3.227699734516146779e-01,3.538917450084752003e-01,0.000000000000000000e+00,0.000000000000000000e+00,0.000000000000000000e+00,3.650562741628510244e-01,3.945613593290219212e-01,0.000000000000000000e+00,4.131730148785163204e-01,2.816647695782638072e-01,0.000000000000000000e+00,3.136847358876925784e-01,3.943216332385530154e-01,0.000000000000000000e+00,3.501911846869084077e-01,3.075141379073064174e-01,2.684028030718875191e-01,0.000000000000000000e+00,0.000000000000000000e+00,3.380376855971704009e-01,3.315997542182111957e-01,3.282613425186877154e-01,3.755097923765942092e-01,3.167569075181388971e-01,3.092142613565401210e-01,3.441037382877024098e-01,3.740101040498965967e-01,3.808939862369052909e-01,3.643499667995608871e-01,3.588712798967356732e-01,3.019180253184368112e-01,4.093207321837961099e-01,3.123239354050870165e-01,3.605872245093851847e-01,3.803745204834554916e-01,0.000000000000000000e+00,0.000000000000000000e+00,3.142303627841355751e-01,4.074350272298736253e-01,3.734652941111056834e-01,3.804923089793588176e-01,3.864368397601213867e-01,0.000000000000000000e+00,0.000000000000000000e+00,0.000000000000000000e+00,3.536335237749332894e-01,3.510566688473922836e-01,0.000000000000000000e+00,0.000000000000000000e+00,0.000000000000000000e+00,3.720591177329599097e-01,0.000000000000000000e+00,0.000000000000000000e+00,0.000000000000000000e+00,3.728514249735250252e-01,0.000000000000000000e+00,3.555108224020080976e-01,0.000000000000000000e+00,0.000000000000000000e+00,3.759499787403089988e-01,3.724996644679232083e-01,3.886092612489384091e-01,3.855805288786506857e-01,0.000000000000000000e+00,0.000000000000000000e+00,3.687179195625385764e-01,3.460816039460932747e-01,3.600365297295705092e-01,3.619512748152783899e-01,3.890803583556827761e-01,4.041194586631274843e-01,0.000000000000000000e+00,3.810126635144602814e-01,3.767714510727319110e-01,0.000000000000000000e+00,3.786479077117143044e-01
0.000000000000000000e+00,0.000000000000000000e+00,1.910798608838016888e-01,3.495632969192098982e-01,3.167509662191909103e-01,3.559457731543798076e-01,3.838229355404422782e-01,3.373456098351355070e-01,2.491451281160468045e-01,4.133049384374891111e-01,2.310064423204394868e-01,4.062225386434805130e-01,3.983321713448743084e-01,3.166738770175375750e-01,0.000000000000000000e+00,0.000000000000000000e+00,4.193024703847645918e-01,0.000000000000000000e+00,0.000000000000000000e+00,0.000000000000000000e+00,0.000000000000000000e+00,0.000000000000000000e+00,3.348057944381210849e-01,4.181849036472711778e-01,0.000000000000000000e+00,4.181678153502657036e-01,3.425647880837852099e-01,4.082592447550139059e-01,0.000000000000000000e+00,0.000000000000000000e+00,4.247113422047186226e-01,3.933936450867803192e-01,0.000000000000000000e+00,4.208552120058495771e-01,4.113195529390550886e-01,3.352993939545094726e-01,3.650730726906025181e-01,3.934966664226354216e-01,0.000000000000000000e+00,0.000000000000000000e+00,0.000000000000000000e+00,0.000000000000000000e+00,4.081146792704942738e-01,0.000000000000000000e+00,0.000000000000000000e+00,0.000000000000000000e+00,0.000000000000000000e+00,4.693831082874811989e-01,0.000000000000000000e+00,4.135941122601050068e-01,4.553225036197162123e-01,4.390524284487216100e-01,4.686698272006351029e-01,4.616844105671030207e-01,0.000000000000000000e+00,4.351426819872116769e-01,0.000000000000000000e+00,4.251840335174704166e-01,3.957756035460496813e-01,0.000000000000000000e+00,0.000000000000000000e+00,0.000000000000000000e+00,0.000000000000000000e+00,4.465424857298135874e-01,0.000000000000000000e+00,0.000000000000000000e+00,0.000000000000000000e+00,4.804156303834903885e-01,0.000000000000000000e+00,0.000000000000000000e+00,0.000000000000000000e+00,4.649635784033303021e-01,4.237692704854570946e-01,0.000000000000000000e+00,0.000000000000000000e+00,4.572543366873433879e-01
3.775830098084029252e-01,3.821018406107288823e-01,0.000000000000000000e+00,0.000000000000000000e+00,3.823184989083635021e-01,3.496917881090592095e-01,3.996487681675621184e-01,3.317790458126322894e-01,3.832604437891464766e-01,4.058496829179534249e-01,0.000000000000000000e+00,4.084366125507213896e-01,3.838711194004226224e-01,0.000000000000000000e+00,3.162147478471524775e-01,3.645759010196443217e-01,3.277554568671018909e-01,3.380376855971704009e-01,0.000000000000000000e+00,0.000000000000000000e+00,3.535196498589515124e-01,3.488088898610862132e-01,3.052526327998938971e-01,3.595319301263961154e-01,3.566882389441096146e-01,3.873994848614965014e-01,3.240229654781285884e-01,3.395995308521361222e-01,3.127654818332855080e-01,3.144568074507337885e-01,3.378819300312954077e-01,4.399352499048839182e-01,3.018361604238896101e-01,4.120172825366403835e-01,4.586429774643595025e-01,4.885300085283856841e-01,4.392726258622933755e-01,4.009721863795033259e-01,3.796654642852356210e-01,3.263489998868215891e-01,3.706660910290299760e-01,3.903000973319009081e-01,0.000000000000000000e+00,0.000000000000000000e+00,0.000000000000000000e+00,0.000000000000000000e+00,3.411230410995156892e-01,0.000000000000000000e+00,0.000000000000000000e+00,0.000000000000000000e+00,3.521511421848120271e-01,0.000000000000000000e+00,0.000000000000000000e+00,0.000000000000000000e+00,0.000000000000000000e+00,0.000000000000000000e+00,0.000000000000000000e+00,3.673368558076300916e-01,0.000000000000000000e+00,3.766129257808398800e-01,3.253311335751556954e-01,0.000000000000000000e+00,3.707394670269887893e-01,0.000000000000000000e+00,3.630304326424043104e-01,3.627639767565443152e-01,3.748917463343132139e-01,3.863776800982196002e-01,0.000000000000000000e+00,3.137697970222451116e-01,3.750379710868507743e-01,4.015718703880147844e-01,3.779836037152434214e-01,3.654280332756976168e-01,3.665759130493778106e-01,3.728757369569288271e-01
3.137054280986679156e-01,3.841057729170445079e-01,3.422600976206304768e-01,0.000000000000000000e+00,3.524654907853251862e-01,3.453768957391177841e-01,3.725276670515608735e-01,3.300492332878248170e-01,3.395669520235367056e-01,0.000000000000000000e+00,0.000000000000000000e+00,0.000000000000000000e+00,3.691040017396424178e-01,3.792296521649946017e-01,3.308269551257443930e-01,3.520648974000313847e-01,0.000000000000000000e+00,3.315997542182111957e-01,0.000000000000000000e+00,3.535196498589515124e-01,0.000000000000000000e+00,4.070424061611135902e-01,3.326794666576410875e-01,3.106597530244046834e-01,3.080468007683120901e-01,3.575785389064493058e-01,3.532350372445661191e-01,3.535283792217051024e-01,3.317494272611736239e-01,3.189057090355121860e-01,3.574790436534143190e-01,3.982750743107578151e-01,2.846926550164640135e-01,3.852830306661048088e-01,4.313040066647225723e-01,4.201308470123304994e-01,0.000000000000000000e+00,0.000000000000000000e+00,4.044167112008228981e-01,3.472380048400998120e-01,3.795213760932212854e-01,4.347860701372346925e-01,0.000000000000000000e+00,0.000000000000000000e+00,0.000000000000000000e+00,3.185580873680566860e-01,3.487634503737074843e-01,0.000000000000000000e+00,0.000000000000000000e+00,0.000000000000000000e+00,3.543582235374124201e-01,0.000000000000000000e+00,3.422342852168748228e-01,0.000000000000000000e+00,0.000000000000000000e+00,0.000000000000000000e+00,0.000000000000000000e+00,0.000000000000000000e+00,0.000000000000000000e+00,3.912073298648726105e-01,3.590074679841513960e-01,0.000000000000000000e+00,0.000000000000000000e+00,0.000000000000000000e+00,3.529245594510033723e-01,3.477903442748300766e-01,4.007294290558706118e-01,3.767251185814040060e-01,0.000000000000000000e+00,3.240618245085293836e-01,3.940459276056780813e-01,3.990650248809232137e-01,3.613897924422811991e-01,3.394581857411820836e-01,0.000000000000000000e+00,3.586816914808110268e-01
