0.000000000000000000e+00,4.300261061896935022e-01,0.000000000000000000e+00,0.000000000000000000e+00,0.000000000000000000e+00,4.677851008850765768e-01,4.921186721266818109e-01,5.399031680550404610e-01,0.000000000000000000e+00,3.973828498635337825e-01,0.000000000000000000e+00,3.743141482269375930e-01,4.887007789248112855e-01,0.000000000000000000e+00,4.222705920030622728e-01,4.050448137768495882e-01,4.490828520896376075e-01,4.019592539358166072e-01,0.000000000000000000e+00,4.630026233056386276e-01,4.442560998803415928e-01,4.285693420570749756e-01,5.070758591659833003e-01,3.722598894487066934e-01,3.969231012413111936e-01,3.843023430116849215e-01,4.749763389742321928e-01,4.977777600321690032e-01,4.749108968188853197e-01,0.000000000000000000e+00,4.028568313520822231e-01,4.414688171511574888e-01,3.391500394054917100e-01,3.887901267916241133e-01,4.343218054913741133e-01,5.418761350711814861e-01,0.000000000000000000e+00,4.270273661823599243e-01,4.963144200995935895e-01,5.015813261813679702e-01,4.555423710171577212e-01,0.000000000000000000e+00,0.000000000000000000e+00,0.000000000000000000e+00,4.272823631763458252e-01,4.245677273285610176e-01,5.166050867794904633e-01,0.000000000000000000e+00,0.000000000000000000e+00,0.000000000000000000e+00,0.000000000000000000e+00,0.000000000000000000e+00,0.000000000000000000e+00,0.000000000000000000e+00,0.000000000000000000e+00,0.000000000000000000e+00,0.000000000000000000e+00,0.000000000000000000e+00,0.000000000000000000e+00,0.000000000000000000e+00,4.868328676581307191e-01,4.858324075418046784e-01,4.816832587557384193e-01,0.000000000000000000e+00,0.000000000000000000e+00,4.707920431708936815e-01,4.986275259030332752e-01,0.000000000000000000e+00,3.906516243979136216e-01,5.002217524317565944e-01,5.028952902509221667e-01,0.000000000000000000e+00,0.000000000000000000e+00,0.000000000000000000e+00,0.000000000000000000e+00,4.658876908362590274e-01
4.300261061896935022e-01,0.000000000000000000e+00,4.059107503771294256e-01,0.000000000000000000e+00,0.000000000000000000e+00,4.122359139821601959e-01,4.370835140141743902e-01,4.471781207975246142e-01,4.166447004931654874e-01,3.641980812188166938e-01,0.000000000000000000e+00,3.770631755206571012e-01,4.545586759400859211e-01,0.000000000000000000e+00,4.536465626835424758e-01,4.124677121140123970e-01,0.000000000000000000e+00,3.956334416677803056e-01,4.206333947455970224e-01,4.352926284302933158e-01,4.614884962022909876e-01,4.212054542981552019e-01,4.266767959902638130e-01,4.045959208316838862e-01,3.899173073065210215e-01,4.030708769409732106e-01,4.234726171133761929e-01,4.380090860598042091e-01,4.139422178477685788e-01,0.000000000000000000e+00,3.924970380417636129e-01,4.520051317501074251e-01,3.805730597258825121e-01,3.852286372405940851e-01,4.539453037383108791e-01,0.000000000000000000e+00,0.000000000000000000e+00,0.000000000000000000e+00,5.084260186117265379e-01,4.920083380283064023e-01,4.898710387761209262e-01,5.214042822844598968e-01,0.000000000000000000e+00,0.000000000000000000e+00,0.000000000000000000e+00,5.122008940777329489e-01,5.152628874732004816e-01,0.000000000000000000e+00,0.000000000000000000e+00,0.000000000000000000e+00,4.602431841176740090e-01,4.918434790023796799e-01,0.000000000000000000e+00,0.000000000000000000e+00,0.000000000000000000e+00,0.000000000000000000e+00,0.000000000000000000e+00,4.900914198753941187e-01,0.000000000000000000e+00,5.298200316401511234e-01,4.927140924000291133e-01,4.840606801924656755e-01,4.821749805214828877e-01,0.000000000000000000e+00,5.005172515397477984e-01,5.333732629526966029e-01,4.970532869665548192e-01,5.157791763792436424e-01,0.000000000000000000e+00,5.036906813785356762e-01,5.303044210302151340e-01,4.896007086994048074e-01,5.209747983633177260e-01,0.000000000000000000e+00,0.000000000000000000e+00,4.787594038708992139e-01
0.000000000000000000e+00,4.059107503771294256e-01,0.000000000000000000e+00,0.000000000000000000e+00,4.060289156087952267e-01,3.900142413005573960e-01,4.306287077348244785e-01,4.665078358294307836e-01,3.395539975195410176e-01,4.830679242399795181e-01,3.428024887427922884e-01,4.834900906567554113e-01,4.514849785637575774e-01,4.376689765743723148e-01,0.000000000000000000e+00,4.203782605408963868e-01,0.000000000000000000e+00,4.629473119469347808e-01,2.637795558117403960e-01,4.240048133367497751e-01,0.000000000000000000e+00,4.283928965162923097e-01,3.791535159459907822e-01,0.000000000000000000e+00,4.046625673569972936e-01,4.465285149815544918e-01,3.242753303232184248e-01,4.623993174255571215e-01,4.282862505735002268e-01,4.654616358990569802e-01,4.721034552476175983e-01,4.607153570516409058e-01,4.375070858085414183e-01,4.765376976759383987e-01,4.825414425751394232e-01,4.595197516045931851e-01,4.672964685653780981e-01,4.531666343785091255e-01,5.735422344335493472e-01,0.000000000000000000e+00,5.746941005313849216e-01,5.736019386067932047e-01,5.813330294628199502e-01,0.000000000000000000e+00,0.000000000000000000e+00,0.000000000000000000e+00,0.000000000000000000e+00,4.520959794772235196e-01,0.000000000000000000e+00,5.273311272764855673e-01,5.854780720792862603e-01,6.066619574591564090e-01,5.977980924318150313e-01,4.676167908357868885e-01,0.000000000000000000e+00,3.516679713562327891e-01,0.000000000000000000e+00,5.832402746894362888e-01,5.882625980830740176e-01,5.211272064614901334e-01,0.000000000000000000e+00,0.000000000000000000e+00,0.000000000000000000e+00,3.705422739351523775e-01,5.348015330954052349e-01,0.000000000000000000e+00,5.214560858777811392e-01,6.093532414953869436e-01,0.000000000000000000e+00,0.000000000000000000e+00,0.000000000000000000e+00,5.758946803835097716e-01,5.433893294581875200e-01,5.528158133288171294e-01,0.000000000000000000e+00,5.726535523887024137e-01
0.000000000000000000e+00,0.000000000000000000e+00,0.000000000000000000e+00,0.000000000000000000e+00,3.328340140745347786e-01,4.507235427447934817e-01,3.123985118524637006e-01,4.157541543189495203e-01,4.722192505405781726e-01,0.000000000000000000e+00,3.895498814879975735e-01,0.000000000000000000e+00,3.778875087400184740e-01,3.441843751110126859e-01,0.000000000000000000e+00,0.000000000000000000e+00,0.000000000000000000e+00,0.000000000000000000e+00,0.000000000000000000e+00,0.000000000000000000e+00,0.000000000000000000e+00,0.000000000000000000e+00,4.180471891046553257e-01,0.000000000000000000e+00,0.000000000000000000e+00,0.000000000000000000e+00,0.000000000000000000e+00,3.064724251517024212e-01,0.000000000000000000e+00,0.000000000000000000e+00,3.827168090560060798e-01,3.520130962135087915e-01,0.000000000000000000e+00,4.407069087028502863e-01,0.000000000000000000e+00,2.957145328437482124e-01,1.874233628936887996e-01,0.000000000000000000e+00,0.000000000000000000e+00,0.000000000000000000e+00,0.000000000000000000e+00,0.000000000000000000e+00,0.000000000000000000e+00,0.000000000000000000e+00,0.000000000000000000e+00,0.000000000000000000e+00,0.000000000000000000e+00,0.000000000000000000e+00,0.000000000000000000e+00,0.000000000000000000e+00,0.000000000000000000e+00,0.000000000000000000e+00,0.000000000000000000e+00,0.000000000000000000e+00,0.000000000000000000e+00,0.000000000000000000e+00,0.000000000000000000e+00,0.000000000000000000e+00,0.000000000000000000e+00,0.000000000000000000e+00,0.000000000000000000e+00,0.000000000000000000e+00,0.000000000000000000e+00,0.000000000000000000e+00,0.000000000000000000e+00,0.000000000000000000e+00,0.000000000000000000e+00,0.000000000000000000e+00,0.000000000000000000e+00,0.000000000000000000e+00,0.000000000000000000e+00,0.000000000000000000e+00,0.000000000000000000e+00,0.000000000000000000e+00,0.000000000000000000e+00,0.000000000000000000e+00
0.000000000000000000e+00,0.000000000000000000e+00,4.060289156087952267e-01,3.328340140745347786e-01,0.000000000000000000e+00,3.969260472644778881e-01,3.417951885913275145e-01,4.382480769550214927e-01,3.650321945195713069e-01,4.752817323787255077e-01,3.675938024278506133e-01,4.713240324046167884e-01,4.243106112134272245e-01,3.430905817192901885e-01,0.000000000000000000e+00,4.531623745067647202e-01,4.844272450616706194e-01,4.700675381839861111e-01,3.982001698964808822e-01,4.563718852603421139e-01,0.000000000000000000e+00,4.560552799821103731e-01,4.269143962031082262e-01,4.711615612371696238e-01,4.059463993100609902e-01,4.553637810355488091e-01,3.979146069645472794e-01,4.321170304505417836e-01,4.293621657888109233e-01,4.520932201081572233e-01,4.941469452657483163e-01,4.403228370766368860e-01,4.467978555184523026e-01,4.772795786487998848e-01,4.504189152140241070e-01,3.357395324171816853e-01,3.391945185831747867e-01,4.383799479788331177e-01,4.931327811552079221e-01,4.119666165387206869e-01,4.903598652579855832e-01,0.000000000000000000e+00,5.147144073914425855e-01,0.000000000000000000e+00,3.934810868071237921e-01,0.000000000000000000e+00,0.000000000000000000e+00,5.744854225574298479e-01,0.000000000000000000e+00,5.372826175596217002e-01,5.583096762973110971e-01,5.779039501567966308e-01,5.333235858996494549e-01,5.763364053184348856e-01,0.000000000000000000e+00,5.362607476336246348e-01,0.000000000000000000e+00,5.596863371146231225e-01,5.248455377534483324e-01,0.000000000000000000e+00,0.000000000000000000e+00,0.000000000000000000e+00,0.000000000000000000e+00,5.771890087843932760e-01,5.195445752727989586e-01,0.000000000000000000e+00,0.000000000000000000e+00,5.759135901431572391e-01,0.000000000000000000e+00,0.000000000000000000e+00,0.000000000000000000e+00,5.514414348739643534e-01,5.464180474671828103e-01,5.245795907190399232e-01,0.000000000000000000e+00,5.597039862827953849e-01
4.677851008850765768e-01,4.122359139821601959e-01,3.900142413005573960e-01,4.507235427447934817e-01,3.969260472644778881e-01,0.000000000000000000e+00,4.133799615255390192e-01,4.139830448767423121e-01,3.297187938119784945e-01,4.772053723339739761e-01,4.082457569315028900e-01,4.645488317408755785e-01,3.995540124530064796e-01,4.136896760610724866e-01,4.215461727186298746e-01,4.404390800856978760e-01,4.950255628344801817e-01,4.353965309746603007e-01,3.861557382468088218e-01,3.993253937188097069e-01,4.246793461857829022e-01,4.231511560640173197e-01,3.749636027688367235e-01,5.039999503559168259e-01,3.978434908117491897e-01,4.484254162510630803e-01,3.313665970528130167e-01,4.100003101081227119e-01,3.232109693264331729e-01,4.214457744680151774e-01,4.407084985373648234e-01,4.248077040705183216e-01,4.089805953006074857e-01,4.445622945305098828e-01,4.488038825131551723e-01,4.621084812032695277e-01,4.775672577078736158e-01,4.517989508500432905e-01,5.022629584658588886e-01,4.584005691978196850e-01,5.407188746738386120e-01,5.563071346081651658e-01,5.268671920224216043e-01,0.000000000000000000e+00,0.000000000000000000e+00,0.000000000000000000e+00,4.874958274894746757e-01,5.693813658812639789e-01,0.000000000000000000e+00,5.586758498869932588e-01,5.345658801271137017e-01,5.558478017541240712e-01,4.979047967079989756e-01,5.743592264284581583e-01,0.000000000000000000e+00,5.556598201418175842e-01,0.000000000000000000e+00,5.462583167939158990e-01,5.314953283892338565e-01,5.084481812654858546e-01,4.506660408052767797e-01,0.000000000000000000e+00,0.000000000000000000e+00,5.833074297294403854e-01,5.212824369405061331e-01,4.996701165812729162e-01,4.913209157826806117e-01,5.496243554479605109e-01,0.000000000000000000e+00,4.466178436785346872e-01,4.962968345020762895e-01,5.340238711179127185e-01,5.427386535758139674e-01,5.286960991390446951e-01,5.454025246494637047e-01,5.371821372245385584e-01
4.921186721266818109e-01,4.370835140141743902e-01,4.306287077348244785e-01,3.123985118524637006e-01,3.417951885913275145e-01,4.133799615255390192e-01,0.000000000000000000e+00,4.628554855250466837e-01,3.939809582476140881e-01,4.498695200575201225e-01,4.288270304749616790e-01,4.585380909285022843e-01,3.610147947534871893e-01,3.540321920855769022e-01,0.000000000000000000e+00,4.810677868354670816e-01,4.619571184851740120e-01,4.631664230636661772e-01,4.453706610071442862e-01,4.720639595282825063e-01,4.491225629428324817e-01,4.723675540283882035e-01,4.330575689766670844e-01,4.710022470672012851e-01,4.336987389792608116e-01,4.371967622096096795e-01,4.124874661014005794e-01,4.064868202503211236e-01,4.430681669031454883e-01,0.000000000000000000e+00,4.516041610646239213e-01,4.267910833686204830e-01,4.267662230352879948e-01,4.397647051140977092e-01,4.246624822171041758e-01,3.685482492487470729e-01,3.844131486865862146e-01,4.121563315635711211e-01,5.179030517509073395e-01,4.145444571923246890e-01,4.579022178539727816e-01,0.000000000000000000e+00,5.096305983454934019e-01,0.000000000000000000e+00,3.757872879505156916e-01,0.000000000000000000e+00,4.882283198738667229e-01,5.795220528036102436e-01,0.000000000000000000e+00,5.695059801970473456e-01,5.469233358229966813e-01,5.722299506972665650e-01,5.161485617695168449e-01,5.645837764101379053e-01,0.000000000000000000e+00,5.246948377725494383e-01,0.000000000000000000e+00,5.548594143829187475e-01,0.000000000000000000e+00,5.282061104763297044e-01,4.626967425426314895e-01,0.000000000000000000e+00,0.000000000000000000e+00,5.811221935264360150e-01,5.262317802242418852e-01,5.115081981631668384e-01,4.980854124245542858e-01,5.603340019361880975e-01,0.000000000000000000e+00,4.514443293067029184e-01,4.890374684806065853e-01,5.440408481839347221e-01,5.472326408792101970e-01,5.370134490175553221e-01,0.000000000000000000e+00,5.443025674120998136e-01
5.399031680550404610e-01,4.471781207975246142e-01,4.665078358294307836e-01,4.157541543189495203e-01,4.382480769550214927e-01,4.139830448767423121e-01,4.628554855250466837e-01,0.000000000000000000e+00,4.897867308732543057e-01,5.004969213728401867e-01,3.864790108379704270e-01,5.165763668535723330e-01,4.688768856550014075e-01,3.838610803928840798e-01,4.418850867166971841e-01,0.000000000000000000e+00,0.000000000000000000e+00,5.103323198085780721e-01,4.667034896514328235e-01,4.386692537412262838e-01,4.228202078223016747e-01,4.509777009546617199e-01,3.802590750549275089e-01,5.436335949618548158e-01,5.144142222010426035e-01,5.207519053564458877e-01,4.206321673618452772e-01,4.632162978677449860e-01,4.218556663396820228e-01,4.639976116418921825e-01,4.723529729290554258e-01,3.721968323872931750e-01,5.023278400974312552e-01,4.717939195057351265e-01,4.680337447456199840e-01,3.580522247335111152e-01,2.586516892085730102e-01,0.000000000000000000e+00,5.148061801603899257e-01,5.661525979464033798e-01,5.471509319927569948e-01,0.000000000000000000e+00,5.152138972743830481e-01,0.000000000000000000e+00,0.000000000000000000e+00,0.000000000000000000e+00,0.000000000000000000e+00,5.790056474135937270e-01,0.000000000000000000e+00,0.000000000000000000e+00,5.264221351836745333e-01,5.549641103933267150e-01,4.950219179981332762e-01,5.870048897149269251e-01,0.000000000000000000e+00,5.362017636594615944e-01,0.000000000000000000e+00,5.360910394938793733e-01,5.542965610783602282e-01,5.835699564277841977e-01,0.000000000000000000e+00,0.000000000000000000e+00,0.000000000000000000e+00,6.128732235757511360e-01,5.361422824046564450e-01,5.138463843766785111e-01,5.400257317218194464e-01,5.561412479061351721e-01,0.000000000000000000e+00,0.000000000000000000e+00,5.410003612707723342e-01,5.262557559281337838e-01,5.321074996911306920e-01,5.239914776788807682e-01,0.000000000000000000e+00,5.374117938757643209e-01
0.000000000000000000e+00,4.166447004931654874e-01,3.395539975195410176e-01,4.722192505405781726e-01,3.650321945195713069e-01,3.297187938119784945e-01,3.939809582476140881e-01,4.897867308732543057e-01,0.000000000000000000e+00,5.004829288747388860e-01,2.795002029578991243e-01,4.845388312571307088e-01,4.277663508395895264e-01,4.393427782945376059e-01,0.000000000000000000e+00,4.540546592425350192e-01,5.018036062715127699e-01,4.719486352230218840e-01,3.282215604869416770e-01,4.307431410699090746e-01,4.171845593373131877e-01,4.350029078397967819e-01,4.061482096151726173e-01,0.000000000000000000e+00,4.342885225956492068e-01,4.490872720682109742e-01,3.544669329514090195e-01,4.745413321741651091e-01,4.176693745380256062e-01,4.697014248713007878e-01,4.941740995344414134e-01,4.722214756672554192e-01,4.518566770348165784e-01,4.926290757994892799e-01,4.904158457256190817e-01,4.816469230676713176e-01,4.872295657434739802e-01,4.657156509723646143e-01,5.684040874660509779e-01,4.628605077222474051e-01,5.566509938713958272e-01,4.728993894064434933e-01,5.716435397362706894e-01,0.000000000000000000e+00,4.428780675765653929e-01,0.000000000000000000e+00,0.000000000000000000e+00,5.657818958474813975e-01,0.000000000000000000e+00,5.800457254117812322e-01,5.821337829061090652e-01,6.006400146582312471e-01,5.905395499199856957e-01,6.030486032586603873e-01,0.000000000000000000e+00,5.860597428321946412e-01,0.000000000000000000e+00,5.900712509747773060e-01,6.018231238610958211e-01,5.056152344395201670e-01,0.000000000000000000e+00,0.000000000000000000e+00,0.000000000000000000e+00,6.150197866326490015e-01,5.348155672254352178e-01,0.000000000000000000e+00,5.098737780083193449e-01,6.036112314596423500e-01,0.000000000000000000e+00,0.000000000000000000e+00,4.924656661550931847e-01,5.742612008142841118e-01,5.743489436905031553e-01,5.422161266413451086e-01,0.000000000000000000e+00,5.752679230272904620e-01
3.973828498635337825e-01,3.641980812188166938e-01,4.830679242399795181e-01,0.000000000000000000e+00,4.752817323787255077e-01,4.772053723339739761e-01,4.498695200575201225e-01,5.004969213728401867e-01,5.004829288747388860e-01,0.000000000000000000e+00,4.877685628010661190e-01,2.864628297065939799e-01,4.557244825940183208e-01,4.416443143226025936e-01,0.000000000000000000e+00,4.044558450309375108e-01,3.397093282602272057e-01,3.767955687713395729e-01,4.927496294451221837e-01,4.183054641853702904e-01,4.812992692573881959e-01,4.071360731646729847e-01,4.769561473987630196e-01,3.154899517547550825e-01,3.329076615693917773e-01,2.919213316505229194e-01,4.595437815995200848e-01,4.296699990068059138e-01,4.393574138210499802e-01,0.000000000000000000e+00,3.722698214715641774e-01,3.611684674335612910e-01,3.417777747058443061e-01,3.192094343695924819e-01,3.240757677184796792e-01,4.422251628550247227e-01,3.356709767984564774e-01,3.135241241088873032e-01,4.585054934760796064e-01,5.053608632614151608e-01,4.623331652474375053e-01,4.967652540007381212e-01,0.000000000000000000e+00,0.000000000000000000e+00,4.187920813755546257e-01,0.000000000000000000e+00,0.000000000000000000e+00,0.000000000000000000e+00,0.000000000000000000e+00,0.000000000000000000e+00,0.000000000000000000e+00,4.734329611451886799e-01,0.000000000000000000e+00,0.000000000000000000e+00,4.949901944006471766e-01,0.000000000000000000e+00,4.825003117151026033e-01,4.894916100001405757e-01,0.000000000000000000e+00,0.000000000000000000e+00,0.000000000000000000e+00,5.036421127015831001e-01,4.953213414158619821e-01,0.000000000000000000e+00,0.000000000000000000e+00,0.000000000000000000e+00,0.000000000000000000e+00,5.483863454557562633e-01,4.343774756671464066e-01,5.024619854997591784e-01,4.860102633537263794e-01,0.000000000000000000e+00,4.800280528346030917e-01,0.000000000000000000e+00,0.000000000000000000e+00,4.814495534182494096e-01
0.000000000000000000e+00,0.000000000000000000e+00,3.428024887427922884e-01,3.895498814879975735e-01,3.675938024278506133e-01,4.082457569315028900e-01,4.288270304749616790e-01,3.864790108379704270e-01,2.795002029578991243e-01,4.877685628010661190e-01,0.000000000000000000e+00,4.657422682462428742e-01,4.647415192686258911e-01,2.978920367713149830e-01,0.000000000000000000e+00,0.000000000000000000e+00,4.992117052458340254e-01,4.897877120323371747e-01,2.620807904762499918e-01,0.000000000000000000e+00,0.000000000000000000e+00,0.000000000000000000e+00,3.614461630511695001e-01,4.832840186285238260e-01,4.893048342184038724e-01,4.841271572150744884e-01,3.940683098595981204e-01,4.775061594830030121e-01,0.000000000000000000e+00,4.925295783878105849e-01,4.973398436623501784e-01,4.522750771390132152e-01,4.695750406147936040e-01,4.867892061861632813e-01,4.641711699754911269e-01,3.393443810407187899e-01,4.172049539174313981e-01,4.535090520020825799e-01,5.065229541479152608e-01,4.270540229784580144e-01,4.980562782422792156e-01,0.000000000000000000e+00,5.231171676286697769e-01,0.000000000000000000e+00,4.152144987369428830e-01,0.000000000000000000e+00,0.000000000000000000e+00,4.982903050041038728e-01,0.000000000000000000e+00,5.068224034504873465e-01,5.689892450005454849e-01,5.770411012347497204e-01,5.525822528835357961e-01,5.735183127349107179e-01,4.071503842779365945e-01,2.559624964495377797e-01,0.000000000000000000e+00,5.458272978035723089e-01,5.318800411399101646e-01,0.000000000000000000e+00,0.000000000000000000e+00,0.000000000000000000e+00,0.000000000000000000e+00,3.744275940991184104e-01,5.223565165022830969e-01,0.000000000000000000e+00,0.000000000000000000e+00,5.862439596848206813e-01,0.000000000000000000e+00,0.000000000000000000e+00,0.000000000000000000e+00,5.606037645168000516e-01,5.451429582828982712e-01,5.277208999803968403e-01,0.000000000000000000e+00,5.484925547939042412e-01
3.743141482269375930e-01,3.770631755206571012e-01,4.834900906567554113e-01,0.000000000000000000e+00,4.713240324046167884e-01,4.645488317408755785e-01,4.585380909285022843e-01,5.165763668535723330e-01,4.845388312571307088e-01,2.864628297065939799e-01,4.657422682462428742e-01,0.000000000000000000e+00,4.579316380810197762e-01,0.000000000000000000e+00,0.000000000000000000e+00,4.080910663193306198e-01,3.979094672847625080e-01,3.853932186741075849e-01,4.976295995997049859e-01,0.000000000000000000e+00,4.791449235251333816e-01,4.016514150451895859e-01,5.027447885181512977e-01,2.923432754701946745e-01,3.583322109533619848e-01,3.159692735470380209e-01,4.542385938919508148e-01,4.432145871978661056e-01,0.000000000000000000e+00,0.000000000000000000e+00,4.014905126591751805e-01,2.773387507735556867e-01,3.350099148764678070e-01,2.791471664978518175e-01,3.185750625999472785e-01,3.396057991342780191e-01,2.464722686413970965e-01,2.587695659887743749e-01,3.265862349581302171e-01,5.284895491084857788e-01,3.084894298970422000e-01,4.708466362923370840e-01,0.000000000000000000e+00,0.000000000000000000e+00,3.775935736932530817e-01,4.622063232083675199e-01,0.000000000000000000e+00,0.000000000000000000e+00,0.000000000000000000e+00,0.000000000000000000e+00,0.000000000000000000e+00,4.887594884565341080e-01,0.000000000000000000e+00,0.000000000000000000e+00,4.991982061522129976e-01,0.000000000000000000e+00,4.086849770836443185e-01,4.852535510961514253e-01,0.000000000000000000e+00,0.000000000000000000e+00,4.639898361161388096e-01,4.984890199105015962e-01,4.947163349808743060e-01,0.000000000000000000e+00,0.000000000000000000e+00,0.000000000000000000e+00,0.000000000000000000e+00,0.000000000000000000e+00,4.255445156888533198e-01,4.941701320655947915e-01,4.797948292973607809e-01,0.000000000000000000e+00,4.843119714332679848e-01,0.000000000000000000e+00,0.000000000000000000e+00,4.865224696675973792e-01
4.887007789248112855e-01,4.545586759400859211e-01,4.514849785637575774e-01,3.778875087400184740e-01,4.243106112134272245e-01,3.995540124530064796e-01,3.610147947534871893e-01,4.688768856550014075e-01,4.277663508395895264e-01,4.557244825940183208e-01,4.647415192686258911e-01,4.579316380810197762e-01,0.000000000000000000e+00,4.011498520767550202e-01,4.394430690109458193e-01,4.869347539623231080e-01,4.631142464670920944e-01,4.729140982071807220e-01,4.756861012470601224e-01,4.603822319156993248e-01,4.621320378914313132e-01,4.826431914064928108e-01,4.420355387767586075e-01,4.654785612670441219e-01,4.500275454478804837e-01,4.487930127702636773e-01,4.207516619593815732e-01,3.915889703400541877e-01,4.313235040600891801e-01,4.271271788174452744e-01,4.383166934866484232e-01,4.425437724355664182e-01,4.387506108732120991e-01,4.536321909385375162e-01,4.513811835327715127e-01,4.153371995724575161e-01,4.339068778488673894e-01,4.283885877435764100e-01,5.083425109427816002e-01,4.620954910295581031e-01,4.904214673887470899e-01,4.796839373674682827e-01,5.221605567515521518e-01,0.000000000000000000e+00,3.916902161324439247e-01,0.000000000000000000e+00,5.020053284496207580e-01,5.582700012141632584e-01,0.000000000000000000e+00,0.000000000000000000e+00,5.460124159266227517e-01,5.654766551947074671e-01,5.185885962743336242e-01,5.604405705200494747e-01,0.000000000000000000e+00,5.203889603037379352e-01,0.000000000000000000e+00,5.483335120759003090e-01,0.000000000000000000e+00,5.280347024763897279e-01,4.718862816255314230e-01,0.000000000000000000e+00,4.730568230498571891e-01,5.737481789632179474e-01,5.327134453293211891e-01,5.171066351532346284e-01,5.005173487090881501e-01,5.540118154315701871e-01,0.000000000000000000e+00,4.837957584848793235e-01,5.051977190768072168e-01,5.421639451197061144e-01,5.493147264557667331e-01,5.371462033398415326e-01,5.789620504158712322e-01,5.441395561392957658e-01
0.000000000000000000e+00,0.000000000000000000e+00,4.376689765743723148e-01,3.441843751110126859e-01,3.430905817192901885e-01,4.136896760610724866e-01,3.540321920855769022e-01,3.838610803928840798e-01,4.393427782945376059e-01,4.416443143226025936e-01,2.978920367713149830e-01,0.000000000000000000e+00,4.011498520767550202e-01,0.000000000000000000e+00,0.000000000000000000e+00,0.000000000000000000e+00,0.000000000000000000e+00,0.000000000000000000e+00,4.192497806869244781e-01,0.000000000000000000e+00,0.000000000000000000e+00,0.000000000000000000e+00,3.940260351349429979e-01,0.000000000000000000e+00,0.000000000000000000e+00,0.000000000000000000e+00,4.309512159163619849e-01,3.745367699105328074e-01,0.000000000000000000e+00,0.000000000000000000e+00,4.681427159502989932e-01,3.700035117672432206e-01,0.000000000000000000e+00,4.376013117968335919e-01,0.000000000000000000e+00,2.986818479524768200e-01,2.056176188776523972e-01,0.000000000000000000e+00,4.352813223948868160e-01,0.000000000000000000e+00,0.000000000000000000e+00,0.000000000000000000e+00,5.184504115579035011e-01,0.000000000000000000e+00,0.000000000000000000e+00,0.000000000000000000e+00,0.000000000000000000e+00,5.694528177999348406e-01,0.000000000000000000e+00,0.000000000000000000e+00,5.085439085960388184e-01,0.000000000000000000e+00,5.432245424455828253e-01,5.674145198725526473e-01,0.000000000000000000e+00,5.318833030400055284e-01,0.000000000000000000e+00,0.000000000000000000e+00,0.000000000000000000e+00,0.000000000000000000e+00,0.000000000000000000e+00,0.000000000000000000e+00,0.000000000000000000e+00,5.896107532470147294e-01,0.000000000000000000e+00,0.000000000000000000e+00,0.000000000000000000e+00,5.729710176615051553e-01,0.000000000000000000e+00,0.000000000000000000e+00,0.000000000000000000e+00,0.000000000000000000e+00,0.000000000000000000e+00,0.000000000000000000e+00,0.000000000000000000e+00,0.000000000000000000e+00
4.222705920030622728e-01,4.536465626835424758e-01,0.000000000000000000e+00,0.000000000000000000e+00,0.000000000000000000e+00,4.215461727186298746e-01,0.000000000000000000e+00,4.418850867166971841e-01,0.000000000000000000e+00,0.000000000000000000e+00,0.000000000000000000e+00,0.000000000000000000e+00,4.394430690109458193e-01,0.000000000000000000e+00,0.000000000000000000e+00,4.515821783693499958e-01,0.000000000000000000e+00,4.461170953236345271e-01,0.000000000000000000e+00,3.357574621329245113e-01,4.066204000560494913e-01,3.414178853488272769e-01,3.778745392017113236e-01,4.754755120317993855e-01,4.295146165838034102e-01,3.927293771870711825e-01,3.523220234901450754e-01,4.380084685303919922e-01,4.199124800665792190e-01,0.000000000000000000e+00,4.531600452973653104e-01,4.752791162762339816e-01,4.662830807756843110e-01,4.700000643369942055e-01,5.070924339904063771e-01,0.000000000000000000e+00,0.000000000000000000e+00,0.000000000000000000e+00,5.040221529532736833e-01,5.453455202585978379e-01,5.183516972979606008e-01,5.181472509217135425e-01,4.687942892621836943e-01,0.000000000000000000e+00,0.000000000000000000e+00,5.090677212378957872e-01,5.531075436459461647e-01,0.000000000000000000e+00,0.000000000000000000e+00,0.000000000000000000e+00,4.973288484606576132e-01,0.000000000000000000e+00,4.950158780533597258e-01,0.000000000000000000e+00,0.000000000000000000e+00,0.000000000000000000e+00,0.000000000000000000e+00,0.000000000000000000e+00,0.000000000000000000e+00,5.448886525776189815e-01,5.193058055723991373e-01,0.000000000000000000e+00,4.958937893953770937e-01,0.000000000000000000e+00,5.166063840818171382e-01,5.354789258359536896e-01,5.479083155444952613e-01,5.432297078594809925e-01,0.000000000000000000e+00,5.068821150546735099e-01,5.664783000200110941e-01,5.341578125039100344e-01,5.434087310740862709e-01,5.317515151083912484e-01,0.000000000000000000e+00,5.014121638186059826e-01
4.050448137768495882e-01,4.124677121140123970e-01,4.203782605408963868e-01,0.000000000000000000e+00,4.531623745067647202e-01,4.404390800856978760e-01,4.810677868354670816e-01,0.000000000000000000e+00,4.540546592425350192e-01,4.044558450309375108e-01,0.000000000000000000e+00,4.080910663193306198e-01,4.869347539623231080e-01,0.000000000000000000e+00,4.515821783693499958e-01,0.000000000000000000e+00,3.729317110844204142e-01,3.666020905428362120e-01,0.000000000000000000e+00,3.959692785332302178e-01,4.333283110698648022e-01,3.753505321238578274e-01,4.423676608676642141e-01,3.927079588258178822e-01,3.966431658816670924e-01,4.246930798209277991e-01,4.273476815628903802e-01,4.597770743734165833e-01,4.308179773249581901e-01,4.431460505489192014e-01,3.872927558582439089e-01,4.645982461654856177e-01,3.632044011140160844e-01,3.899975230846620122e-01,4.311014321551069894e-01,0.000000000000000000e+00,0.000000000000000000e+00,0.000000000000000000e+00,4.892353792119765732e-01,4.521750843681753840e-01,4.572428933220261116e-01,4.752356572582199790e-01,0.000000000000000000e+00,0.000000000000000000e+00,0.000000000000000000e+00,4.792449484664543236e-01,4.852846420984511799e-01,0.000000000000000000e+00,0.000000000000000000e+00,0.000000000000000000e+00,0.000000000000000000e+00,0.000000000000000000e+00,0.000000000000000000e+00,0.000000000000000000e+00,0.000000000000000000e+00,0.000000000000000000e+00,0.000000000000000000e+00,0.000000000000000000e+00,0.000000000000000000e+00,4.999596611711979999e-01,4.683617896797582780e-01,4.853594983032625265e-01,4.663424952011301916e-01,0.000000000000000000e+00,5.052220904349239428e-01,4.891928741993620822e-01,4.769438440721323058e-01,5.205778138748701211e-01,0.000000000000000000e+00,4.807399814184287745e-01,4.946929617062013063e-01,5.014183567626718796e-01,0.000000000000000000e+00,5.191578541609938036e-01,0.000000000000000000e+00,4.463910306305006737e-01
4.490828520896376075e-01,0.000000000000000000e+00,0.000000000000000000e+00,0.000000000000000000e+00,4.844272450616706194e-01,4.950255628344801817e-01,4.619571184851740120e-01,0.000000000000000000e+00,5.018036062715127699e-01,3.397093282602272057e-01,4.992117052458340254e-01,3.979094672847625080e-01,4.631142464670920944e-01,0.000000000000000000e+00,0.000000000000000000e+00,3.729317110844204142e-01,0.000000000000000000e+00,3.325241512591852744e-01,5.036433723517184102e-01,0.000000000000000000e+00,0.000000000000000000e+00,4.049686457527796879e-01,4.735886120398408727e-01,3.756966244133811972e-01,3.148265029918678737e-01,3.823278193762896238e-01,0.000000000000000000e+00,4.485437387986522806e-01,4.284828782937082914e-01,0.000000000000000000e+00,3.731077453631632124e-01,4.395078821089716814e-01,3.412628766178066875e-01,3.808733205774106900e-01,3.777372829613990235e-01,0.000000000000000000e+00,0.000000000000000000e+00,3.410377145734421189e-01,4.721856976528813199e-01,4.965960137244397887e-01,4.737869202465624929e-01,4.910804035927667788e-01,0.000000000000000000e+00,0.000000000000000000e+00,0.000000000000000000e+00,4.847263427074935960e-01,0.000000000000000000e+00,0.000000000000000000e+00,0.000000000000000000e+00,0.000000000000000000e+00,0.000000000000000000e+00,0.000000000000000000e+00,0.000000000000000000e+00,0.000000000000000000e+00,5.106821555263595380e-01,0.000000000000000000e+00,5.060606696539089455e-01,0.000000000000000000e+00,0.000000000000000000e+00,0.000000000000000000e+00,4.647298827657402875e-01,5.023193310604362471e-01,4.951382308569267088e-01,0.000000000000000000e+00,0.000000000000000000e+00,0.000000000000000000e+00,0.000000000000000000e+00,0.000000000000000000e+00,4.632975852157995011e-01,4.960406710178426049e-01,4.979263427716312806e-01,0.000000000000000000e+00,0.000000000000000000e+00,0.000000000000000000e+00,0.000000000000000000e+00,4.873977648095503268e-01
4.019592539358166072e-01,3.956334416677803056e-01,4.629473119469347808e-01,0.000000000000000000e+00,4.700675381839861111e-01,4.353965309746603007e-01,4.631664230636661772e-01,5.103323198085780721e-01,4.719486352230218840e-01,3.767955687713395729e-01,4.897877120323371747e-01,3.853932186741075849e-01,4.729140982071807220e-01,0.000000000000000000e+00,4.461170953236345271e-01,3.666020905428362120e-01,3.325241512591852744e-01,0.000000000000000000e+00,4.913773487465508127e-01,4.155989293196261092e-01,4.569887173779131895e-01,4.072483919436479249e-01,4.560549429282791944e-01,3.711801354352661786e-01,3.465642961758030882e-01,3.900425835334460078e-01,4.264481308916963087e-01,4.526611323245350871e-01,4.393159562578877742e-01,4.474632356974689862e-01,3.929186848106476226e-01,4.536332355185648257e-01,3.477516579807573005e-01,3.968466935693343856e-01,4.150012463148540776e-01,3.558593677651905041e-01,0.000000000000000000e+00,3.262570238582880866e-01,4.812460507782774788e-01,4.548260520225061998e-01,4.590619285858087983e-01,4.784734533841831783e-01,0.000000000000000000e+00,0.000000000000000000e+00,0.000000000000000000e+00,4.627433138320091732e-01,4.756818255692962238e-01,0.000000000000000000e+00,0.000000000000000000e+00,0.000000000000000000e+00,4.777231679069829928e-01,0.000000000000000000e+00,0.000000000000000000e+00,0.000000000000000000e+00,4.856006296463757921e-01,0.000000000000000000e+00,4.758380469853829009e-01,4.704008076522528947e-01,0.000000000000000000e+00,4.792128659759142817e-01,4.705084616102738204e-01,4.854908364016288780e-01,4.794887253806395244e-01,0.000000000000000000e+00,4.893916793298245804e-01,0.000000000000000000e+00,4.655727653209698058e-01,5.206991563359868458e-01,4.573053480345191102e-01,4.862047275678700875e-01,4.901448396168622268e-01,5.007179640046041103e-01,4.635406331715360984e-01,4.781259953564058751e-01,0.000000000000000000e+00,4.658904783475414924e-01
0.000000000000000000e+00,4.206333947455970224e-01,2.637795558117403960e-01,0.000000000000000000e+00,3.982001698964808822e-01,3.861557382468088218e-01,4.453706610071442862e-01,4.667034896514328235e-01,3.282215604869416770e-01,4.927496294451221837e-01,2.620807904762499918e-01,4.976295995997049859e-01,4.756861012470601224e-01,4.192497806869244781e-01,0.000000000000000000e+00,0.000000000000000000e+00,5.036433723517184102e-01,4.913773487465508127e-01,0.000000000000000000e+00,0.000000000000000000e+00,0.000000000000000000e+00,0.000000000000000000e+00,3.777840861301461906e-01,0.000000000000000000e+00,4.828361691459291949e-01,4.861150681964931941e-01,3.575458336036325124e-01,4.833578087090891207e-01,0.000000000000000000e+00,4.890314449505098193e-01,4.971104265127190835e-01,4.656241418209536853e-01,4.610433787177395937e-01,4.886039414267900893e-01,4.832883010873816887e-01,4.469961577948023956e-01,4.687483016546897807e-01,4.527813979976805792e-01,5.440217561583388095e-01,0.000000000000000000e+00,5.784734314067692118e-01,0.000000000000000000e+00,5.640889018891447337e-01,0.000000000000000000e+00,0.000000000000000000e+00,0.000000000000000000e+00,0.000000000000000000e+00,5.027949484183622531e-01,0.000000000000000000e+00,5.830855204867811947e-01,5.938385728097674843e-01,6.046737204382051090e-01,5.933117315053116902e-01,6.086932190654178454e-01,0.000000000000000000e+00,3.356995784852094822e-01,0.000000000000000000e+00,5.821742624222558948e-01,5.619138904221284703e-01,5.231272804647245644e-01,0.000000000000000000e+00,0.000000000000000000e+00,0.000000000000000000e+00,6.144897597261912425e-01,5.414390008818562583e-01,0.000000000000000000e+00,0.000000000000000000e+00,6.179474266430290408e-01,0.000000000000000000e+00,0.000000000000000000e+00,0.000000000000000000e+00,5.847493678524037231e-01,5.722828255330406622e-01,5.589632227115133301e-01,0.000000000000000000e+00,5.790724741862908198e-01
4.630026233056386276e-01,4.352926284302933158e-01,4.240048133367497751e-01,0.000000000000000000e+00,4.563718852603421139e-01,3.993253937188097069e-01,4.720639595282825063e-01,4.386692537412262838e-01,4.307431410699090746e-01,4.183054641853702904e-01,0.000000000000000000e+00,0.000000000000000000e+00,4.603822319156993248e-01,0.000000000000000000e+00,3.357574621329245113e-01,3.959692785332302178e-01,0.000000000000000000e+00,4.155989293196261092e-01,0.000000000000000000e+00,0.000000000000000000e+00,4.505432355252171894e-01,3.887411504560513986e-01,3.395641493186966064e-01,4.994988875741586121e-01,4.103484038323070848e-01,4.463249993116564229e-01,3.606357800240799216e-01,4.150635919763102089e-01,3.516906251556701779e-01,4.078715649562378864e-01,3.949835831917121731e-01,4.419411591708207188e-01,3.993653978561358953e-01,4.181529925671684800e-01,4.695787897296946900e-01,5.283050489443561482e-01,4.998716240563468860e-01,0.000000000000000000e+00,4.810635231920715738e-01,4.669075034602455099e-01,4.993856250745076220e-01,5.272993130237840775e-01,4.749555997771385263e-01,0.000000000000000000e+00,4.355272510805511810e-01,0.000000000000000000e+00,4.981391377592330194e-01,5.348321811899680034e-01,0.000000000000000000e+00,0.000000000000000000e+00,5.167420862832117212e-01,5.434391417646254885e-01,5.142948808323416499e-01,5.418577221636612373e-01,4.803429543972014826e-01,0.000000000000000000e+00,0.000000000000000000e+00,5.316267524190479987e-01,0.000000000000000000e+00,5.112049702126562067e-01,4.782466230334289081e-01,0.000000000000000000e+00,4.579579553254802815e-01,5.322498118864255057e-01,5.103382255965952519e-01,5.117605336364901003e-01,5.088009691830169823e-01,5.409431278945356913e-01,0.000000000000000000e+00,4.642888257714841149e-01,5.228240249292227526e-01,5.345857383621626102e-01,5.429171099445206927e-01,5.310589401106130536e-01,5.520367872876712489e-01,5.108991659566871624e-01
4.442560998803415928e-01,4.614884962022909876e-01,0.000000000000000000e+00,0.000000000000000000e+00,0.000000000000000000e+00,4.246793461857829022e-01,4.491225629428324817e-01,4.228202078223016747e-01,4.171845593373131877e-01,4.812992692573881959e-01,0.000000000000000000e+00,4.791449235251333816e-01,4.621320378914313132e-01,0.000000000000000000e+00,4.066204000560494913e-01,4.333283110698648022e-01,0.000000000000000000e+00,4.569887173779131895e-01,0.000000000000000000e+00,4.505432355252171894e-01,0.000000000000000000e+00,4.525866250247723155e-01,4.136091580869513118e-01,5.004871906046417518e-01,4.608568858333612073e-01,4.333927477737172795e-01,4.409448453495747877e-01,4.657908010046925007e-01,4.387176899233179994e-01,4.719847776830103925e-01,4.655458975365778795e-01,4.705177110469475066e-01,4.407052287840705906e-01,4.616120083656192197e-01,5.048222583221062543e-01,4.565389540224987774e-01,0.000000000000000000e+00,0.000000000000000000e+00,5.239641855442364049e-01,5.405232656442581218e-01,5.209353888181113001e-01,0.000000000000000000e+00,0.000000000000000000e+00,0.000000000000000000e+00,4.764239788055419922e-01,4.989242157344038753e-01,5.371448139230192709e-01,0.000000000000000000e+00,0.000000000000000000e+00,0.000000000000000000e+00,5.038178456650194148e-01,0.000000000000000000e+00,5.594632174347865528e-01,0.000000000000000000e+00,0.000000000000000000e+00,0.000000000000000000e+00,0.000000000000000000e+00,5.223563412223092284e-01,0.000000000000000000e+00,5.244962960322983037e-01,5.083493631875080077e-01,0.000000000000000000e+00,0.000000000000000000e+00,0.000000000000000000e+00,5.234193539671995188e-01,5.004341639525370367e-01,5.406368581285252439e-01,5.421371276091431213e-01,0.000000000000000000e+00,5.013574338970894217e-01,5.518633440698885728e-01,5.356327476290980716e-01,5.244640184815819728e-01,5.186966947335229783e-01,0.000000000000000000e+00,5.207115719188091241e-01
