0.000000000000000000e+00,4.007198196331955842e-01,0.000000000000000000e+00,0.000000000000000000e+00,4.448214574439187108e-01,4.264654051372491761e-01,4.584891874851811933e-01,5.110773086688927824e-01,4.108200067894869911e-01,4.206308670939826189e-01,0.000000000000000000e+00,3.973810171629708066e-01,4.538653779665390853e-01,0.000000000000000000e+00,4.156507479493931068e-01,4.116225239890333176e-01,4.031474888324738104e-01,3.946585880660036794e-01,0.000000000000000000e+00,4.571234421614884247e-01,4.265896782950405752e-01,4.287888275952538852e-01,4.787098336510181018e-01,3.648467113367236947e-01,3.859719287021122214e-01,3.782433059669190190e-01,4.515630066697537970e-01,4.448998856160487070e-01,4.442323692627105913e-01,0.000000000000000000e+00,3.720620682816379032e-01,4.199750410716168170e-01,3.454246926450629251e-01,3.838386243968798794e-01,4.205569681019766803e-01,0.000000000000000000e+00,0.000000000000000000e+00,4.369762390897424242e-01,4.609261700142012197e-01,4.413741584718418043e-01,4.462365611690929934e-01,0.000000000000000000e+00,0.000000000000000000e+00,0.000000000000000000e+00,0.000000000000000000e+00,3.374528489106937146e-01,4.761314891808366978e-01,0.000000000000000000e+00,0.000000000000000000e+00,0.000000000000000000e+00,0.000000000000000000e+00,0.000000000000000000e+00,0.000000000000000000e+00,0.000000000000000000e+00,4.105227782566515105e-01,0.000000000000000000e+00,4.021502943377278094e-01,0.000000000000000000e+00,0.000000000000000000e+00,5.180936022610982405e-01,4.670651949736829844e-01,0.000000000000000000e+00,4.458273442237605244e-01,0.000000000000000000e+00,0.000000000000000000e+00,3.873836994892498886e-01,4.694969482161028274e-01,5.057465618239546101e-01,3.519728402537031231e-01,4.578804610454934032e-01,4.657385741728414241e-01,5.687591504833132694e-01,0.000000000000000000e+00,0.000000000000000000e+00,0.000000000000000000e+00,4.192129734263697061e-01
4.007198196331955842e-01,0.000000000000000000e+00,0.000000000000000000e+00,0.000000000000000000e+00,4.125832460766479803e-01,4.048936279387627124e-01,4.376470722128614210e-01,4.857736283423659818e-01,3.946156115855162794e-01,0.000000000000000000e+00,0.000000000000000000e+00,0.000000000000000000e+00,4.369722575900876760e-01,0.000000000000000000e+00,4.604478842326507060e-01,4.262528893515992179e-01,3.878819718724946797e-01,4.127286425260265901e-01,0.000000000000000000e+00,4.475465996566628801e-01,4.315995380367628198e-01,4.295178890399294902e-01,4.292205206427994746e-01,3.819761431583916234e-01,3.886710405810189228e-01,4.160478023207980214e-01,4.303007946785660232e-01,4.352940195647073129e-01,4.214286796271257129e-01,0.000000000000000000e+00,3.874596827829833723e-01,4.415393448101553875e-01,3.639338248599742753e-01,3.880486941007535995e-01,4.382644644783567078e-01,0.000000000000000000e+00,0.000000000000000000e+00,0.000000000000000000e+00,4.632602497053274204e-01,4.560520462870005232e-01,4.306586869210650148e-01,4.580876205274598822e-01,0.000000000000000000e+00,0.000000000000000000e+00,0.000000000000000000e+00,4.504655134145411077e-01,4.711395495698320057e-01,0.000000000000000000e+00,0.000000000000000000e+00,0.000000000000000000e+00,4.357994027253768166e-01,4.429076660288472911e-01,0.000000000000000000e+00,0.000000000000000000e+00,0.000000000000000000e+00,0.000000000000000000e+00,0.000000000000000000e+00,4.422169846158973128e-01,0.000000000000000000e+00,5.022646365454674910e-01,4.622046775161235965e-01,0.000000000000000000e+00,4.447025499601366949e-01,0.000000000000000000e+00,4.513321958681190127e-01,4.804053635698048996e-01,4.708398391946423955e-01,4.793012662030469162e-01,4.767626670985516957e-01,4.610196849503805927e-01,4.902762699841076155e-01,4.590610793396063261e-01,4.366203752873761834e-01,4.485358256282357958e-01,0.000000000000000000e+00,4.313887834752708206e-01
0.000000000000000000e+00,0.000000000000000000e+00,0.000000000000000000e+00,4.466875085185200156e-01,3.862198359899218225e-01,4.014389669789609205e-01,4.501824382518819223e-01,4.476909554501685151e-01,3.438648899925101921e-01,4.930209406171818798e-01,3.339060378734617918e-01,4.620882839107451900e-01,4.646912643457464798e-01,4.268870380639804840e-01,0.000000000000000000e+00,4.402409610689688169e-01,0.000000000000000000e+00,4.800401961014295060e-01,3.036610913009067936e-01,0.000000000000000000e+00,0.000000000000000000e+00,4.210780721954096029e-01,3.610683651932243832e-01,0.000000000000000000e+00,0.000000000000000000e+00,4.696624179059500914e-01,3.461113532319783914e-01,4.686298029342830240e-01,4.206504439150324237e-01,4.679775274042701771e-01,4.798064344373239032e-01,4.483768223394736796e-01,4.324792083074103788e-01,4.837541567950964239e-01,4.799362788819245829e-01,4.266492485988919725e-01,4.372077543672601152e-01,4.417656359584999914e-01,5.518949808287717529e-01,0.000000000000000000e+00,5.621519122437853566e-01,0.000000000000000000e+00,5.292816782526676977e-01,0.000000000000000000e+00,0.000000000000000000e+00,0.000000000000000000e+00,0.000000000000000000e+00,2.858031660814643882e-01,4.797895142535537061e-01,5.153758982292933055e-01,5.708590669679719509e-01,5.732643019085178482e-01,5.446781495279600094e-01,5.101324062469148046e-01,0.000000000000000000e+00,3.849612195304750739e-01,4.446906149387360174e-01,5.242300426236584654e-01,5.534175770064829747e-01,0.000000000000000000e+00,0.000000000000000000e+00,0.000000000000000000e+00,0.000000000000000000e+00,2.285680345344789088e-01,4.627069810570920150e-01,0.000000000000000000e+00,0.000000000000000000e+00,4.951170899705178985e-01,0.000000000000000000e+00,0.000000000000000000e+00,0.000000000000000000e+00,5.673113152272956095e-01,5.333053739778500502e-01,5.156526235089032850e-01,0.000000000000000000e+00,5.713010463743934952e-01
0.000000000000000000e+00,0.000000000000000000e+00,4.466875085185200156e-01,0.000000000000000000e+00,2.618385456352720908e-01,4.328935197920187883e-01,2.377434711174493120e-01,3.880387290805705769e-01,4.250875741850024259e-01,2.952266853672046998e-01,3.759519402778943031e-01,0.000000000000000000e+00,3.616717570076390942e-01,3.561822120224710786e-01,0.000000000000000000e+00,0.000000000000000000e+00,0.000000000000000000e+00,0.000000000000000000e+00,3.929270366419598259e-01,0.000000000000000000e+00,0.000000000000000000e+00,0.000000000000000000e+00,4.162703172520101913e-01,0.000000000000000000e+00,0.000000000000000000e+00,0.000000000000000000e+00,4.129356782407824777e-01,2.598783756987169125e-01,0.000000000000000000e+00,0.000000000000000000e+00,0.000000000000000000e+00,3.215873035940330915e-01,0.000000000000000000e+00,3.339013521216486757e-01,0.000000000000000000e+00,3.308292024194858794e-01,2.207407762218492886e-01,0.000000000000000000e+00,0.000000000000000000e+00,0.000000000000000000e+00,0.000000000000000000e+00,0.000000000000000000e+00,0.000000000000000000e+00,0.000000000000000000e+00,0.000000000000000000e+00,0.000000000000000000e+00,0.000000000000000000e+00,0.000000000000000000e+00,0.000000000000000000e+00,0.000000000000000000e+00,0.000000000000000000e+00,0.000000000000000000e+00,0.000000000000000000e+00,0.000000000000000000e+00,0.000000000000000000e+00,0.000000000000000000e+00,0.000000000000000000e+00,0.000000000000000000e+00,0.000000000000000000e+00,0.000000000000000000e+00,0.000000000000000000e+00,0.000000000000000000e+00,0.000000000000000000e+00,0.000000000000000000e+00,0.000000000000000000e+00,0.000000000000000000e+00,0.000000000000000000e+00,0.000000000000000000e+00,0.000000000000000000e+00,0.000000000000000000e+00,0.000000000000000000e+00,0.000000000000000000e+00,0.000000000000000000e+00,0.000000000000000000e+00,0.000000000000000000e+00,0.000000000000000000e+00
4.448214574439187108e-01,4.125832460766479803e-01,3.862198359899218225e-01,2.618385456352720908e-01,0.000000000000000000e+00,3.927014689971312089e-01,3.496433629684921884e-01,4.130067423063701892e-01,3.300115810703397878e-01,4.620851857483734837e-01,3.191156086899378241e-01,4.373069187471385066e-01,4.094167832799873730e-01,3.026776977888924747e-01,4.140129850820554736e-01,4.610763424779363850e-01,4.618940600049826761e-01,4.693517355854194828e-01,3.491419183623168943e-01,4.190466111131592730e-01,4.014561535196798925e-01,4.377616992225570880e-01,4.127548871983265921e-01,4.620198192456688169e-01,4.444687225143080789e-01,4.385636488207078076e-01,3.986020670729104043e-01,3.592048801810038827e-01,4.246481897138673078e-01,4.316111242449383045e-01,4.645486421177377201e-01,3.860868135442581117e-01,3.918211566164099824e-01,4.479700550570657747e-01,4.308567908517805800e-01,2.963393062048437221e-01,2.988720410142899908e-01,4.153637581255901212e-01,4.922435502662076967e-01,0.000000000000000000e+00,5.365256060367100677e-01,0.000000000000000000e+00,4.792268788248905120e-01,0.000000000000000000e+00,0.000000000000000000e+00,0.000000000000000000e+00,4.466669155197443009e-01,5.572428136789903119e-01,0.000000000000000000e+00,5.130087895522271735e-01,5.398561686162645090e-01,5.337770592836518224e-01,5.308124804475105041e-01,5.436724364181224622e-01,0.000000000000000000e+00,3.879207554264414992e-01,0.000000000000000000e+00,5.161529499823469536e-01,5.145219817598560841e-01,4.739837314795358747e-01,0.000000000000000000e+00,0.000000000000000000e+00,0.000000000000000000e+00,5.321648965131245967e-01,4.792918747563075788e-01,0.000000000000000000e+00,4.464610603011319734e-01,5.500822276463309679e-01,0.000000000000000000e+00,0.000000000000000000e+00,4.560608929468937256e-01,5.375347666907908106e-01,5.177321734501754147e-01,5.068936331410310858e-01,0.000000000000000000e+00,5.250008905378896751e-01
4.264654051372491761e-01,4.048936279387627124e-01,4.014389669789609205e-01,4.328935197920187883e-01,3.927014689971312089e-01,0.000000000000000000e+00,4.126794816401718191e-01,4.031108401219546944e-01,3.453083767687670225e-01,4.777297471538333729e-01,3.820431907059396170e-01,4.339970086644057146e-01,3.945806192897464149e-01,3.801228382133747807e-01,4.287350264604369854e-01,4.489106561441847942e-01,4.746244372328611849e-01,4.519954210845377185e-01,4.070378520368325148e-01,4.050279054351608732e-01,4.060353072721419876e-01,4.249563482499428835e-01,3.976702183725244755e-01,4.676806972153870201e-01,4.235563247975492884e-01,4.353941957649031247e-01,3.811650949011187728e-01,4.067543308806507163e-01,3.382824047418033220e-01,4.234768200587604725e-01,4.281203095130199920e-01,3.987893247672315011e-01,3.562043770042576107e-01,4.402344580264173080e-01,4.388056868289628154e-01,4.297483782649035855e-01,4.487876318589912872e-01,4.106612390002700175e-01,4.739937657052282205e-01,4.302749262519908191e-01,5.266621318378709171e-01,5.040170139456290332e-01,4.574916493858134925e-01,0.000000000000000000e+00,0.000000000000000000e+00,0.000000000000000000e+00,4.427499306899452813e-01,5.606775470589759891e-01,0.000000000000000000e+00,5.193873715220566067e-01,5.322327091757861339e-01,5.255264311158481805e-01,5.039479295244292389e-01,5.479157346571623677e-01,5.243691858803616324e-01,5.236693640222471746e-01,4.282281739581413893e-01,5.142128036511672828e-01,5.084442367804919982e-01,4.816897346741855768e-01,4.349230598396106040e-01,0.000000000000000000e+00,4.942214906432738086e-01,5.405792695439726181e-01,4.807569757324096082e-01,4.430333365292469239e-01,4.614499014481140970e-01,5.350344911157413064e-01,0.000000000000000000e+00,4.397798362191189803e-01,4.702673933734600742e-01,5.273212088310531565e-01,5.176420807452349893e-01,4.977852937894510776e-01,5.109292532829619038e-01,5.028935773713885116e-01
4.584891874851811933e-01,4.376470722128614210e-01,4.501824382518819223e-01,2.377434711174493120e-01,3.496433629684921884e-01,4.126794816401718191e-01,0.000000000000000000e+00,4.407637263508248915e-01,3.819649385381391760e-01,4.243131654811965747e-01,4.324838652047294230e-01,3.959234375047430143e-01,3.597422443032510797e-01,3.376028782647593762e-01,4.318705130540603787e-01,4.795621295650959182e-01,4.395705204265629162e-01,4.612762539133801742e-01,4.452920495641011778e-01,4.494719885864241760e-01,4.335546659475981168e-01,4.679012584606350167e-01,4.301686510861035262e-01,4.225121610071678746e-01,4.477918206885238006e-01,4.442240494767963899e-01,4.280471158403830190e-01,3.563848144283263131e-01,4.455495676521071258e-01,4.258509716602453254e-01,4.245836732928164881e-01,4.087479778031252731e-01,3.806498978746409856e-01,3.903963453715960097e-01,3.856697386772003910e-01,3.387123407574780254e-01,3.300830403506962996e-01,3.645396204032332887e-01,4.152805297480537949e-01,0.000000000000000000e+00,5.248884804021419770e-01,0.000000000000000000e+00,4.630715631985865000e-01,0.000000000000000000e+00,0.000000000000000000e+00,0.000000000000000000e+00,4.587123066372568170e-01,5.429038305832730726e-01,0.000000000000000000e+00,0.000000000000000000e+00,5.251908463065192434e-01,5.235044496696802385e-01,5.035236662905216987e-01,5.346165407429762650e-01,0.000000000000000000e+00,4.323897369184179218e-01,0.000000000000000000e+00,5.131886761051794865e-01,0.000000000000000000e+00,4.894879088412260049e-01,4.693539251451728789e-01,0.000000000000000000e+00,0.000000000000000000e+00,0.000000000000000000e+00,4.942495786095665866e-01,0.000000000000000000e+00,4.635853135198388930e-01,5.340961634029760541e-01,0.000000000000000000e+00,4.711050355898571129e-01,4.735734925225025260e-01,5.264525252369913755e-01,5.179083727170593621e-01,5.007634527167218463e-01,0.000000000000000000e+00,5.246629448603840062e-01
5.110773086688927824e-01,4.857736283423659818e-01,4.476909554501685151e-01,3.880387290805705769e-01,4.130067423063701892e-01,4.031108401219546944e-01,4.407637263508248915e-01,0.000000000000000000e+00,4.545610481758631249e-01,4.844367732125375858e-01,3.218548157667908138e-01,5.143639646957912648e-01,4.447439248782861787e-01,3.771392148080384144e-01,4.127861965083650109e-01,4.798603085501078058e-01,5.262157052497128396e-01,0.000000000000000000e+00,4.214212232588314122e-01,4.035356663101007935e-01,4.230516576809635887e-01,4.623267992202271803e-01,3.639919807640680793e-01,5.257173918789895817e-01,4.917894451508807996e-01,4.960951956481050029e-01,4.295394885041144972e-01,4.338714834434249101e-01,4.012840325514335227e-01,4.382326349391326148e-01,4.369471019657081845e-01,4.029399495528900865e-01,4.363002279853316900e-01,4.569328752253772885e-01,4.600897067181664024e-01,3.926569928498022111e-01,3.921866885808912850e-01,0.000000000000000000e+00,4.927902123918255217e-01,0.000000000000000000e+00,5.334408943586523844e-01,0.000000000000000000e+00,4.836192340520841237e-01,0.000000000000000000e+00,0.000000000000000000e+00,4.654800295829772949e-01,4.876323583075046764e-01,5.570940688072492097e-01,0.000000000000000000e+00,4.859080063534356175e-01,5.191252390322591559e-01,5.142124992483755319e-01,4.859919214814696908e-01,5.556172925950041419e-01,0.000000000000000000e+00,4.934324879975808820e-01,0.000000000000000000e+00,5.044869577701904806e-01,4.815862685056042092e-01,5.236714259459357423e-01,0.000000000000000000e+00,0.000000000000000000e+00,0.000000000000000000e+00,5.309799992630339638e-01,5.132106848079838191e-01,5.088210214942437970e-01,5.132181533868154233e-01,5.206703853165094431e-01,0.000000000000000000e+00,4.967215060360872236e-01,4.993937249276880763e-01,5.270248794621229527e-01,5.061570671473358818e-01,5.009810181811724661e-01,5.123635805021153899e-01,5.186152450327514707e-01
4.108200067894869911e-01,3.946156115855162794e-01,3.438648899925101921e-01,4.250875741850024259e-01,3.300115810703397878e-01,3.453083767687670225e-01,3.819649385381391760e-01,4.545610481758631249e-01,0.000000000000000000e+00,4.922574421684198787e-01,3.046466267409361217e-01,4.728280541227036227e-01,3.911179548635621006e-01,3.997012059505026804e-01,4.064821281299679789e-01,4.487127764425983267e-01,4.817987447448356941e-01,4.912694209507573739e-01,2.914783338604892138e-01,4.023645413398457826e-01,3.835046071768759002e-01,4.185080554867893210e-01,4.111191990075508951e-01,4.730931301251284915e-01,4.670116844847878035e-01,4.473617074327482790e-01,3.736241711862248738e-01,4.620659105558952984e-01,3.972845073162671881e-01,4.588408417408306184e-01,4.812505029116723732e-01,4.422411591594120894e-01,4.159435456548611909e-01,4.846864519820116013e-01,4.747331912108512242e-01,4.341114823778354781e-01,4.555079761712224062e-01,4.525532878850170859e-01,5.289000908115618627e-01,0.000000000000000000e+00,5.366971185439562975e-01,0.000000000000000000e+00,5.073547478752797879e-01,0.000000000000000000e+00,4.456129682424014860e-01,0.000000000000000000e+00,4.207796918992782187e-01,4.913491234409271269e-01,5.071673402786797125e-01,5.317581776177829900e-01,5.516162648198397189e-01,5.518073742467018983e-01,5.528589898468031505e-01,5.576300239889231403e-01,0.000000000000000000e+00,3.381593325731518940e-01,0.000000000000000000e+00,5.246509719017780071e-01,5.355360670893962727e-01,4.687201518326741811e-01,0.000000000000000000e+00,0.000000000000000000e+00,0.000000000000000000e+00,5.508709239006568392e-01,4.640792454581808002e-01,4.124896384684805239e-01,4.491891898705139829e-01,5.612004060227578917e-01,0.000000000000000000e+00,0.000000000000000000e+00,4.535695752565127026e-01,5.529582728077984122e-01,5.268955674322259863e-01,4.925423213845600001e-01,0.000000000000000000e+00,5.199484269436751571e-01
4.206308670939826189e-01,0.000000000000000000e+00,4.930209406171818798e-01,2.952266853672046998e-01,4.620851857483734837e-01,4.777297471538333729e-01,4.243131654811965747e-01,4.844367732125375858e-01,4.922574421684198787e-01,0.000000000000000000e+00,4.833806898703725818e-01,2.856597907156406824e-01,4.430330272277622217e-01,0.000000000000000000e+00,0.000000000000000000e+00,3.996391492214345087e-01,3.544963846323153089e-01,3.710633509155110143e-01,4.869534779426389903e-01,4.242812095128151162e-01,4.866465388706425199e-01,4.500476504557899271e-01,4.657893341963438849e-01,3.628743092448482033e-01,3.384651446591778190e-01,2.625628457776426061e-01,4.676685741006065822e-01,4.308379601040370210e-01,4.587272785241109929e-01,4.598264783728068794e-01,3.614370724766413079e-01,3.568938339217184175e-01,3.441455720423979847e-01,3.429777536254923209e-01,3.174191038848936941e-01,3.774647564337436090e-01,2.930037443436978029e-01,3.212578119462570214e-01,3.028149961378374111e-01,5.438516490103202372e-01,3.614173815632837905e-01,0.000000000000000000e+00,3.364436749145531258e-01,3.246032500007695054e-01,5.032716458064964149e-01,4.095520593403703113e-01,0.000000000000000000e+00,0.000000000000000000e+00,0.000000000000000000e+00,0.000000000000000000e+00,5.055982865538363180e-01,0.000000000000000000e+00,0.000000000000000000e+00,0.000000000000000000e+00,4.707703773811893755e-01,4.485221328661694873e-01,4.623729418825596182e-01,0.000000000000000000e+00,0.000000000000000000e+00,0.000000000000000000e+00,4.702961704650425734e-01,4.815386482651938804e-01,4.827056298863057204e-01,0.000000000000000000e+00,0.000000000000000000e+00,0.000000000000000000e+00,0.000000000000000000e+00,4.851237711267269992e-01,4.145601349999420981e-01,4.689136635746126158e-01,4.673560644198576086e-01,4.561813096024472935e-01,0.000000000000000000e+00,0.000000000000000000e+00,0.000000000000000000e+00,4.778129491161556275e-01
0.000000000000000000e+00,0.000000000000000000e+00,3.339060378734617918e-01,3.759519402778943031e-01,3.191156086899378241e-01,3.820431907059396170e-01,4.324838652047294230e-01,3.218548157667908138e-01,3.046466267409361217e-01,4.833806898703725818e-01,0.000000000000000000e+00,4.601713372351207143e-01,4.594670925625998215e-01,2.929666106106211254e-01,0.000000000000000000e+00,0.000000000000000000e+00,4.868610751572828854e-01,4.800303024135397223e-01,2.758571199361951054e-01,0.000000000000000000e+00,0.000000000000000000e+00,0.000000000000000000e+00,3.403030178039272990e-01,4.566339165179182924e-01,4.696478937970113843e-01,4.811812353656346186e-01,3.774344203291952748e-01,4.625543447541379249e-01,0.000000000000000000e+00,4.690997618264247104e-01,4.762518892735149723e-01,3.801996593445602923e-01,4.419457104987976059e-01,4.713276556655611738e-01,4.471724494400802219e-01,3.126695498749467728e-01,3.507152809983810071e-01,4.483223044600888052e-01,4.580934953265867748e-01,0.000000000000000000e+00,5.078609528633732939e-01,0.000000000000000000e+00,4.540108722995819801e-01,0.000000000000000000e+00,0.000000000000000000e+00,0.000000000000000000e+00,0.000000000000000000e+00,5.415888287719266003e-01,4.649883545732479972e-01,4.760203831824034171e-01,5.189899692044576129e-01,5.122160975266799587e-01,4.984289659622743729e-01,5.176362492373951518e-01,0.000000000000000000e+00,2.292691813142913038e-01,0.000000000000000000e+00,4.891325262979339117e-01,4.917663422369575876e-01,0.000000000000000000e+00,0.000000000000000000e+00,0.000000000000000000e+00,0.000000000000000000e+00,2.917611768147637119e-01,0.000000000000000000e+00,0.000000000000000000e+00,0.000000000000000000e+00,5.278109692744609172e-01,0.000000000000000000e+00,0.000000000000000000e+00,0.000000000000000000e+00,5.345621294483033914e-01,4.812816700434283113e-01,4.445309560749680089e-01,0.000000000000000000e+00,5.083964263329350253e-01
3.973810171629708066e-01,0.000000000000000000e+00,4.620882839107451900e-01,0.000000000000000000e+00,4.373069187471385066e-01,4.339970086644057146e-01,3.959234375047430143e-01,5.143639646957912648e-01,4.728280541227036227e-01,2.856597907156406824e-01,4.601713372351207143e-01,0.000000000000000000e+00,4.340285569061337889e-01,0.000000000000000000e+00,4.383090232547288134e-01,3.875940378218041826e-01,3.816409778185976265e-01,3.813441191101907823e-01,4.602988542342322797e-01,4.342109655921855271e-01,4.824805080794972167e-01,0.000000000000000000e+00,4.804998736208311860e-01,2.983472077539494061e-01,3.383493814552612222e-01,2.788410061084113933e-01,4.287637064756090743e-01,4.146100582393433265e-01,3.833772812095035953e-01,0.000000000000000000e+00,3.846205530903102909e-01,3.066818494498148029e-01,3.531231134629805868e-01,3.027701134263275917e-01,3.150522184177164120e-01,3.195108724159407831e-01,2.749240469200521231e-01,2.850066065059718157e-01,2.735514562925251969e-01,5.421023741754006364e-01,3.446612629696321206e-01,3.271424634620245242e-01,3.213525902361227260e-01,2.828139539137303760e-01,4.539686360770878726e-01,4.152151582128020268e-01,0.000000000000000000e+00,3.758885034842530115e-01,0.000000000000000000e+00,0.000000000000000000e+00,0.000000000000000000e+00,0.000000000000000000e+00,0.000000000000000000e+00,0.000000000000000000e+00,4.664832194607547167e-01,0.000000000000000000e+00,4.615212207167738723e-01,0.000000000000000000e+00,0.000000000000000000e+00,0.000000000000000000e+00,4.646869555202661761e-01,4.841143507278323210e-01,4.856193459652128896e-01,0.000000000000000000e+00,0.000000000000000000e+00,0.000000000000000000e+00,4.386805160196370901e-01,4.195761151998366190e-01,3.880919503373219115e-01,4.696624107195355169e-01,4.603442356182997908e-01,4.144419429798167909e-01,0.000000000000000000e+00,3.901636402513483093e-01,0.000000000000000000e+00,4.740464499192055814e-01
4.538653779665390853e-01,4.369722575900876760e-01,4.646912643457464798e-01,3.616717570076390942e-01,4.094167832799873730e-01,3.945806192897464149e-01,3.597422443032510797e-01,4.447439248782861787e-01,3.911179548635621006e-01,4.430330272277622217e-01,4.594670925625998215e-01,4.340285569061337889e-01,0.000000000000000000e+00,3.625078647150434263e-01,4.249633736606163725e-01,4.736932061139327854e-01,4.532128259846930907e-01,4.593257603480798146e-01,4.640193671625866823e-01,4.434114165034517829e-01,4.311138228203234002e-01,4.639204960295886249e-01,4.385180506080924023e-01,4.386761492769009063e-01,4.462725644418665261e-01,4.434263170994541814e-01,4.340671527224775894e-01,3.625305611229605041e-01,4.111645547341166163e-01,3.952042497533685972e-01,4.230076537266506120e-01,4.249412068098580852e-01,4.134704138709002774e-01,4.241746814823638134e-01,4.199646391276238844e-01,4.011078436826188143e-01,4.034281136730817896e-01,4.026392137619069223e-01,4.500388034695492756e-01,4.370212973483050822e-01,5.298077847662377993e-01,0.000000000000000000e+00,4.651727276231242270e-01,0.000000000000000000e+00,0.000000000000000000e+00,0.000000000000000000e+00,4.595237769003934769e-01,5.402568962951784792e-01,0.000000000000000000e+00,0.000000000000000000e+00,5.210853792741229062e-01,5.178283132975252112e-01,5.068394067006601889e-01,5.382749212230750757e-01,0.000000000000000000e+00,4.503685103260641753e-01,0.000000000000000000e+00,5.154443608575663971e-01,0.000000000000000000e+00,4.906194613553616080e-01,4.601450451372112727e-01,0.000000000000000000e+00,0.000000000000000000e+00,0.000000000000000000e+00,4.939794121127246140e-01,4.823363242641898752e-01,4.637689316754347035e-01,5.302263947265135613e-01,0.000000000000000000e+00,4.704684171308363139e-01,4.801839578177832246e-01,5.260453973126079097e-01,5.188131762045711248e-01,5.027638696102426641e-01,0.000000000000000000e+00,5.078475927405362578e-01
0.000000000000000000e+00,0.000000000000000000e+00,4.268870380639804840e-01,3.561822120224710786e-01,3.026776977888924747e-01,3.801228382133747807e-01,3.376028782647593762e-01,3.771392148080384144e-01,3.997012059505026804e-01,0.000000000000000000e+00,2.929666106106211254e-01,0.000000000000000000e+00,3.625078647150434263e-01,0.000000000000000000e+00,0.000000000000000000e+00,0.000000000000000000e+00,0.000000000000000000e+00,0.000000000000000000e+00,3.661778272117848232e-01,0.000000000000000000e+00,0.000000000000000000e+00,0.000000000000000000e+00,3.887457804955992136e-01,0.000000000000000000e+00,0.000000000000000000e+00,0.000000000000000000e+00,4.401931398871815060e-01,3.367260037292266195e-01,0.000000000000000000e+00,0.000000000000000000e+00,0.000000000000000000e+00,3.200965026686147796e-01,0.000000000000000000e+00,0.000000000000000000e+00,0.000000000000000000e+00,2.663468378996304842e-01,2.178908807134833092e-01,0.000000000000000000e+00,4.491912228206628166e-01,0.000000000000000000e+00,0.000000000000000000e+00,0.000000000000000000e+00,4.447291973822530831e-01,0.000000000000000000e+00,0.000000000000000000e+00,0.000000000000000000e+00,0.000000000000000000e+00,5.321780258783977979e-01,0.000000000000000000e+00,0.000000000000000000e+00,0.000000000000000000e+00,0.000000000000000000e+00,4.658517299178592808e-01,5.597193462131483388e-01,0.000000000000000000e+00,4.606298557561829266e-01,0.000000000000000000e+00,0.000000000000000000e+00,0.000000000000000000e+00,0.000000000000000000e+00,0.000000000000000000e+00,0.000000000000000000e+00,0.000000000000000000e+00,4.698580694376539024e-01,0.000000000000000000e+00,0.000000000000000000e+00,0.000000000000000000e+00,5.058322308911991083e-01,0.000000000000000000e+00,0.000000000000000000e+00,0.000000000000000000e+00,5.023405328032098938e-01,0.000000000000000000e+00,0.000000000000000000e+00,0.000000000000000000e+00,0.000000000000000000e+00
4.156507479493931068e-01,4.604478842326507060e-01,0.000000000000000000e+00,0.000000000000000000e+00,4.140129850820554736e-01,4.287350264604369854e-01,4.318705130540603787e-01,4.127861965083650109e-01,4.064821281299679789e-01,0.000000000000000000e+00,0.000000000000000000e+00,4.383090232547288134e-01,4.249633736606163725e-01,0.000000000000000000e+00,0.000000000000000000e+00,4.463830651393264071e-01,4.282269179821013849e-01,4.348212130748915216e-01,0.000000000000000000e+00,3.614055892091104782e-01,4.178844618595766169e-01,4.057530265367452760e-01,3.816141046458347841e-01,4.789432618547113107e-01,4.234458712194631991e-01,4.114849577653538759e-01,3.884159029370420901e-01,4.192228191590234854e-01,4.054431049146697275e-01,3.824940689755305101e-01,4.288799025139737875e-01,4.439268626786789795e-01,4.178307085247707775e-01,4.356664959050873809e-01,4.704983250490964997e-01,0.000000000000000000e+00,0.000000000000000000e+00,4.214532911422131933e-01,4.893513291692931921e-01,4.926362725115547847e-01,4.969337066090385724e-01,5.175008586697323887e-01,4.257436072950716022e-01,0.000000000000000000e+00,0.000000000000000000e+00,4.817491053542334867e-01,4.904061330490926962e-01,0.000000000000000000e+00,0.000000000000000000e+00,0.000000000000000000e+00,4.746584992460647912e-01,4.898390109465539100e-01,5.292041279689836397e-01,0.000000000000000000e+00,0.000000000000000000e+00,0.000000000000000000e+00,0.000000000000000000e+00,4.851318002169053845e-01,0.000000000000000000e+00,5.343934961415877094e-01,4.763105395688583821e-01,0.000000000000000000e+00,4.725089106987686027e-01,0.000000000000000000e+00,4.958847788088694974e-01,5.053140971781269197e-01,5.206723866951969981e-01,5.148095165534426476e-01,4.044325649738311768e-01,4.627673295123935771e-01,5.390321809995812785e-01,5.103251530616892406e-01,4.951763511675880136e-01,4.925122322545130160e-01,5.093381575421601637e-01,4.882291637373817883e-01
4.116225239890333176e-01,4.262528893515992179e-01,4.402409610689688169e-01,0.000000000000000000e+00,4.610763424779363850e-01,4.489106561441847942e-01,4.795621295650959182e-01,4.798603085501078058e-01,4.487127764425983267e-01,3.996391492214345087e-01,0.000000000000000000e+00,3.875940378218041826e-01,4.736932061139327854e-01,0.000000000000000000e+00,4.463830651393264071e-01,0.000000000000000000e+00,4.006531833313627944e-01,3.848659683666201259e-01,0.000000000000000000e+00,4.388637372479908261e-01,4.372894216876760942e-01,4.193635109593477073e-01,4.546163522616663011e-01,3.997631688782569137e-01,3.952142313067124046e-01,4.277734804815381264e-01,4.466473686037116253e-01,4.573804219918526925e-01,4.572712674245261177e-01,4.407484713904430973e-01,4.037088904431819780e-01,4.527312085583959922e-01,3.768748008779008729e-01,4.147500683741657812e-01,4.420187844728794002e-01,0.000000000000000000e+00,0.000000000000000000e+00,3.595921099185944159e-01,4.630494385554320136e-01,4.593225970391284219e-01,4.479265423245805122e-01,4.584589017251979870e-01,0.000000000000000000e+00,0.000000000000000000e+00,0.000000000000000000e+00,4.397989055723467988e-01,4.756055548631852870e-01,0.000000000000000000e+00,0.000000000000000000e+00,0.000000000000000000e+00,4.426566198479450764e-01,4.534132672860248792e-01,0.000000000000000000e+00,0.000000000000000000e+00,4.297196636463969099e-01,0.000000000000000000e+00,4.696112538628378075e-01,4.450095601420411273e-01,0.000000000000000000e+00,4.937579950719793165e-01,4.669783920513305153e-01,0.000000000000000000e+00,4.621449328950313906e-01,0.000000000000000000e+00,4.543079608477468834e-01,4.803992933339391036e-01,4.688621936793703759e-01,4.905310023941689135e-01,4.673177194983471061e-01,4.679232381335904911e-01,4.843301307014696855e-01,4.702500436885578838e-01,4.339400533866865084e-01,4.568310292370240111e-01,0.000000000000000000e+00,4.401496900082135233e-01
4.031474888324738104e-01,3.878819718724946797e-01,0.000000000000000000e+00,0.000000000000000000e+00,4.618940600049826761e-01,4.746244372328611849e-01,4.395705204265629162e-01,5.262157052497128396e-01,4.817987447448356941e-01,3.544963846323153089e-01,4.868610751572828854e-01,3.816409778185976265e-01,4.532128259846930907e-01,0.000000000000000000e+00,4.282269179821013849e-01,4.006531833313627944e-01,0.000000000000000000e+00,3.470953205095059779e-01,4.857171225900123179e-01,4.071059674242222259e-01,0.000000000000000000e+00,4.010185240145492935e-01,4.701454368717852272e-01,3.785434844065945215e-01,3.336298982821830905e-01,3.731817004206319233e-01,4.748617367630628139e-01,4.426141786980711257e-01,4.337200759533810235e-01,0.000000000000000000e+00,3.942087873441579848e-01,4.404935901861163905e-01,3.635214584549973926e-01,3.982555879948224131e-01,3.991477400109614826e-01,4.431954378632209091e-01,3.994511067867279053e-01,3.553401521619735104e-01,4.825844072166173837e-01,5.495295437482413670e-01,4.581788941553863181e-01,0.000000000000000000e+00,0.000000000000000000e+00,0.000000000000000000e+00,5.073484873305746934e-01,4.274189701062887092e-01,4.381318630951051007e-01,0.000000000000000000e+00,0.000000000000000000e+00,0.000000000000000000e+00,0.000000000000000000e+00,0.000000000000000000e+00,0.000000000000000000e+00,0.000000000000000000e+00,4.653189905288662165e-01,0.000000000000000000e+00,4.747317895907399166e-01,0.000000000000000000e+00,0.000000000000000000e+00,0.000000000000000000e+00,4.610004027744820099e-01,4.884962216504367127e-01,4.893592821381588243e-01,0.000000000000000000e+00,0.000000000000000000e+00,0.000000000000000000e+00,0.000000000000000000e+00,0.000000000000000000e+00,4.402545856750242903e-01,4.786543260474402928e-01,4.808003215682484788e-01,0.000000000000000000e+00,0.000000000000000000e+00,0.000000000000000000e+00,0.000000000000000000e+00,4.708077519144612255e-01
3.946585880660036794e-01,4.127286425260265901e-01,4.800401961014295060e-01,0.000000000000000000e+00,4.693517355854194828e-01,4.519954210845377185e-01,4.612762539133801742e-01,0.000000000000000000e+00,4.912694209507573739e-01,3.710633509155110143e-01,4.800303024135397223e-01,3.813441191101907823e-01,4.593257603480798146e-01,0.000000000000000000e+00,4.348212130748915216e-01,3.848659683666201259e-01,3.470953205095059779e-01,0.000000000000000000e+00,4.901934686975462085e-01,4.331448952264750907e-01,4.512323922049901181e-01,4.311314855215915842e-01,4.570623941864164763e-01,3.807412503465760212e-01,3.771861326928059865e-01,3.972773038633212184e-01,4.424455344243358179e-01,4.453045822300403800e-01,4.484321691140781274e-01,4.233472116801723084e-01,4.060198741327842864e-01,4.391525437518649100e-01,3.535405461783224790e-01,4.068453715956036887e-01,4.094543856840098806e-01,0.000000000000000000e+00,0.000000000000000000e+00,3.298427199217967010e-01,4.553467499249537753e-01,4.753922062908041979e-01,4.492740661245805955e-01,4.487975185437695913e-01,0.000000000000000000e+00,0.000000000000000000e+00,0.000000000000000000e+00,4.285088986893633156e-01,4.604418187587255851e-01,0.000000000000000000e+00,0.000000000000000000e+00,0.000000000000000000e+00,4.569333992840076131e-01,0.000000000000000000e+00,0.000000000000000000e+00,0.000000000000000000e+00,4.544796997296269847e-01,0.000000000000000000e+00,4.513909263229317070e-01,0.000000000000000000e+00,0.000000000000000000e+00,4.820550775121690834e-01,4.600112034108357895e-01,4.876502233511760820e-01,4.695660675217699920e-01,0.000000000000000000e+00,4.667615950738354114e-01,0.000000000000000000e+00,4.586809232567111150e-01,0.000000000000000000e+00,4.580258151238997821e-01,4.663821480210991188e-01,4.740627980917491158e-01,0.000000000000000000e+00,4.416591889493183265e-01,4.643841542407758927e-01,0.000000000000000000e+00,4.520706163663630872e-01
0.000000000000000000e+00,0.000000000000000000e+00,3.036610913009067936e-01,3.929270366419598259e-01,3.491419183623168943e-01,4.070378520368325148e-01,4.452920495641011778e-01,4.214212232588314122e-01,2.914783338604892138e-01,4.869534779426389903e-01,2.758571199361951054e-01,4.602988542342322797e-01,4.640193671625866823e-01,3.661778272117848232e-01,0.000000000000000000e+00,0.000000000000000000e+00,4.857171225900123179e-01,4.901934686975462085e-01,0.000000000000000000e+00,0.000000000000000000e+00,0.000000000000000000e+00,0.000000000000000000e+00,3.389763619314242193e-01,0.000000000000000000e+00,4.789204442840895859e-01,4.723288499980944910e-01,3.711559760379141149e-01,4.679038875681554854e-01,0.000000000000000000e+00,4.846598505893834896e-01,4.797721063348330817e-01,4.261497538691730869e-01,4.440792282259972135e-01,4.769764478206848790e-01,4.677933400118481910e-01,3.877881284663872163e-01,4.202212590041394802e-01,4.418641391859555179e-01,5.208168542339598472e-01,0.000000000000000000e+00,5.429298395834127877e-01,0.000000000000000000e+00,5.028485568789667903e-01,0.000000000000000000e+00,0.000000000000000000e+00,0.000000000000000000e+00,0.000000000000000000e+00,4.463977812812647827e-01,0.000000000000000000e+00,5.271816590523379364e-01,5.519657410178725465e-01,5.341011960209314235e-01,5.310370566900796119e-01,5.555447011257718115e-01,0.000000000000000000e+00,3.018823227134012077e-01,0.000000000000000000e+00,5.286059845501068777e-01,5.159148484867321915e-01,0.000000000000000000e+00,0.000000000000000000e+00,0.000000000000000000e+00,0.000000000000000000e+00,5.364214780493168355e-01,0.000000000000000000e+00,0.000000000000000000e+00,0.000000000000000000e+00,5.710279701116597328e-01,0.000000000000000000e+00,0.000000000000000000e+00,0.000000000000000000e+00,5.592531914180094432e-01,5.246716377242612861e-01,0.000000000000000000e+00,0.000000000000000000e+00,0.000000000000000000e+00
4.571234421614884247e-01,4.475465996566628801e-01,0.000000000000000000e+00,0.000000000000000000e+00,4.190466111131592730e-01,4.050279054351608732e-01,4.494719885864241760e-01,4.035356663101007935e-01,4.023645413398457826e-01,4.242812095128151162e-01,0.000000000000000000e+00,4.342109655921855271e-01,4.434114165034517829e-01,0.000000000000000000e+00,3.614055892091104782e-01,4.388637372479908261e-01,4.071059674242222259e-01,4.331448952264750907e-01,0.000000000000000000e+00,0.000000000000000000e+00,4.311780780680427028e-01,4.095760100249193902e-01,3.486500406229667837e-01,4.738571937708888071e-01,4.289899176312229057e-01,4.490181250304132732e-01,3.773341465213156942e-01,4.003487910329007748e-01,3.778175709121647796e-01,3.980439832804574807e-01,3.966902646849779779e-01,4.436632420432213841e-01,3.755657985064286275e-01,4.223837871238574904e-01,4.644040671908247209e-01,5.196819730421547989e-01,5.244542360305786133e-01,4.241696496083975920e-01,4.582506950362563169e-01,4.445629269511339188e-01,4.821345485918034912e-01,4.789444807985500097e-01,4.236528389142613094e-01,0.000000000000000000e+00,0.000000000000000000e+00,0.000000000000000000e+00,4.646093595958947220e-01,0.000000000000000000e+00,0.000000000000000000e+00,0.000000000000000000e+00,4.775883554922493723e-01,4.856985066133576723e-01,5.177799874092851029e-01,0.000000000000000000e+00,0.000000000000000000e+00,0.000000000000000000e+00,0.000000000000000000e+00,4.870584949867283742e-01,0.000000000000000000e+00,5.141757111373481681e-01,4.593445159035550174e-01,0.000000000000000000e+00,4.471646894361095970e-01,0.000000000000000000e+00,4.875253772767053073e-01,4.849131606720075149e-01,4.978068595453362111e-01,5.083515036686750976e-01,0.000000000000000000e+00,4.493491003032696884e-01,5.077863307331786924e-01,5.085740626447846635e-01,5.020047955843902621e-01,4.886575764236643082e-01,0.000000000000000000e+00,4.753386202820559236e-01
4.265896782950405752e-01,4.315995380367628198e-01,0.000000000000000000e+00,0.000000000000000000e+00,4.014561535196798925e-01,4.060353072721419876e-01,4.335546659475981168e-01,4.230516576809635887e-01,3.835046071768759002e-01,4.866465388706425199e-01,0.000000000000000000e+00,4.824805080794972167e-01,4.311138228203234002e-01,0.000000000000000000e+00,4.178844618595766169e-01,4.372894216876760942e-01,0.000000000000000000e+00,4.512323922049901181e-01,0.000000000000000000e+00,4.311780780680427028e-01,0.000000000000000000e+00,4.539605377199674163e-01,4.045306942494452107e-01,4.878995926123663174e-01,4.227126030115870847e-01,4.231254186490907010e-01,4.218663127608833774e-01,4.270447895529168036e-01,4.096270302226944215e-01,4.290939164467201805e-01,4.129839851634061199e-01,4.377498896433796860e-01,3.650238777976466120e-01,4.282007856974605065e-01,4.704702014880121075e-01,5.034505998798044502e-01,4.339058344909266784e-01,5.117248296737670898e-01,4.765696704403946105e-01,4.689606525139259907e-01,4.803476963898846153e-01,5.188677113650360662e-01,4.352771480703311879e-01,0.000000000000000000e+00,0.000000000000000000e+00,4.166266676826476112e-01,4.748554044775500915e-01,0.000000000000000000e+00,0.000000000000000000e+00,0.000000000000000000e+00,4.708629060771725161e-01,4.926120526547050904e-01,4.840826342655342729e-01,0.000000000000000000e+00,0.000000000000000000e+00,0.000000000000000000e+00,0.000000000000000000e+00,4.761388490944101770e-01,0.000000000000000000e+00,5.098726800570057005e-01,4.657607019182354868e-01,0.000000000000000000e+00,0.000000000000000000e+00,0.000000000000000000e+00,4.779183780012072891e-01,4.161404709268757274e-01,5.158816000763369880e-01,4.867558349560290876e-01,0.000000000000000000e+00,4.481583400173833054e-01,5.068726288045083406e-01,4.962420281051390103e-01,4.817674732204780819e-01,4.762996620159932748e-01,4.815153940371839081e-01,4.753708623464025784e-01
