0.000000000000000000e+00,3.878372493211815764e-01,0.000000000000000000e+00,0.000000000000000000e+00,0.000000000000000000e+00,4.091021565257345061e-01,4.612854752298903849e-01,4.846971551480446228e-01,0.000000000000000000e+00,3.879566625414280212e-01,0.000000000000000000e+00,3.734015978855090845e-01,4.556768276250988126e-01,0.000000000000000000e+00,3.881858713538965944e-01,4.123536619775390877e-01,4.048093164392587151e-01,3.981936338745715731e-01,0.000000000000000000e+00,4.244791096527191221e-01,4.011248834261630924e-01,4.203299167449269791e-01,4.484552557344541057e-01,3.549824666779888838e-01,3.783741538364386869e-01,3.682386492561511848e-01,4.338497409981644237e-01,4.628004485454059180e-01,4.417733909931019221e-01,4.652334397337001271e-01,3.753094729564602772e-01,4.549616800958931062e-01,3.634769986462059177e-01,3.812513627127718796e-01,4.325606341252631881e-01,0.000000000000000000e+00,0.000000000000000000e+00,4.023852337837077187e-01,4.695604679971202011e-01,4.524531285357868970e-01,4.442443548102112949e-01,4.838106717342702257e-01,0.000000000000000000e+00,0.000000000000000000e+00,0.000000000000000000e+00,3.570193598298913029e-01,4.672686239285884779e-01,0.000000000000000000e+00,0.000000000000000000e+00,0.000000000000000000e+00,0.000000000000000000e+00,0.000000000000000000e+00,0.000000000000000000e+00,0.000000000000000000e+00,4.620597532405296137e-01,0.000000000000000000e+00,4.506209659357104935e-01,0.000000000000000000e+00,0.000000000000000000e+00,4.947321363526667737e-01,4.743982885879970968e-01,4.389101382071309843e-01,4.700756009661872237e-01,0.000000000000000000e+00,4.807052324833231971e-01,3.933393647673499860e-01,4.718998538342832894e-01,0.000000000000000000e+00,2.727436712212277792e-01,4.680545236440297741e-01,4.588372398557858944e-01,4.186390343994819130e-01,0.000000000000000000e+00,4.671098890765801870e-01,0.000000000000000000e+00,4.419955788491629067e-01
3.878372493211815764e-01,0.000000000000000000e+00,4.118328042561609226e-01,0.000000000000000000e+00,0.000000000000000000e+00,4.055775510580034160e-01,4.535002614181232183e-01,4.458300041563593163e-01,3.905195777162476234e-01,3.730731287085400916e-01,0.000000000000000000e+00,3.868041949600173890e-01,4.493205913531969076e-01,0.000000000000000000e+00,4.334176568013867747e-01,4.092550993932426162e-01,4.241007906998626731e-01,3.994822472893029275e-01,0.000000000000000000e+00,4.519755523289560872e-01,4.181851182828486002e-01,4.352192966054194145e-01,4.400286965112258919e-01,3.469394957875697738e-01,3.784948141756701023e-01,4.046564482999114865e-01,4.400041244103911064e-01,4.293144386956496139e-01,4.376010178791107097e-01,0.000000000000000000e+00,3.886097631334552993e-01,4.566131580920302913e-01,3.574224903462576153e-01,4.075507806121542731e-01,4.622030273669117117e-01,0.000000000000000000e+00,0.000000000000000000e+00,0.000000000000000000e+00,4.805395507268637734e-01,4.586665707330387920e-01,4.563782877078121913e-01,4.939739240137324128e-01,0.000000000000000000e+00,0.000000000000000000e+00,0.000000000000000000e+00,4.509940996305922267e-01,4.846297032290223239e-01,0.000000000000000000e+00,0.000000000000000000e+00,0.000000000000000000e+00,4.521349092260518177e-01,4.615088151700358909e-01,0.000000000000000000e+00,0.000000000000000000e+00,0.000000000000000000e+00,0.000000000000000000e+00,0.000000000000000000e+00,4.642996359986638066e-01,0.000000000000000000e+00,5.120469227763331244e-01,4.720929422206475157e-01,4.293946844060941848e-01,4.540016388858640894e-01,0.000000000000000000e+00,4.618448359141196780e-01,4.651349759023419850e-01,4.820009256648787876e-01,4.785197622508894910e-01,0.000000000000000000e+00,4.719725632618860245e-01,4.969599829498884125e-01,4.704019228379864859e-01,4.646490277316582262e-01,4.664449134572523081e-01,0.000000000000000000e+00,4.460330464587969890e-01
0.000000000000000000e+00,4.118328042561609226e-01,0.000000000000000000e+00,4.380366728505233898e-01,4.088819794230310056e-01,3.654658189042636063e-01,4.305064169662243256e-01,4.421712145916794068e-01,3.038850932128568938e-01,4.578963575558183119e-01,3.280934339188478766e-01,4.450657247526075833e-01,4.378341259908842820e-01,4.147717051838940017e-01,0.000000000000000000e+00,4.574725972762972992e-01,0.000000000000000000e+00,4.510936766958927868e-01,2.518776670297727116e-01,0.000000000000000000e+00,0.000000000000000000e+00,4.387380314218178867e-01,3.536922453304203739e-01,0.000000000000000000e+00,4.405573636716552111e-01,4.378626461138730996e-01,3.152215512450011192e-01,4.487157516131934920e-01,4.056271939865243037e-01,4.541283709375287803e-01,4.522295062045488256e-01,4.129107223810679073e-01,4.254060959922031926e-01,4.554991465974214115e-01,4.452620623436073233e-01,4.109963841418630137e-01,4.389852061021605745e-01,4.230064601149787773e-01,5.287443078561775422e-01,0.000000000000000000e+00,5.493757627170761104e-01,5.428079820091007424e-01,5.147286723831693278e-01,0.000000000000000000e+00,0.000000000000000000e+00,0.000000000000000000e+00,0.000000000000000000e+00,5.120542249042066008e-01,0.000000000000000000e+00,5.459358235269370363e-01,5.776771176073228764e-01,5.638037853231788743e-01,5.416930504708106220e-01,5.629036248774503814e-01,0.000000000000000000e+00,5.251025383061402874e-01,0.000000000000000000e+00,5.591247305919569976e-01,5.148877995796231621e-01,0.000000000000000000e+00,0.000000000000000000e+00,0.000000000000000000e+00,0.000000000000000000e+00,5.280493824483719623e-01,0.000000000000000000e+00,0.000000000000000000e+00,0.000000000000000000e+00,5.642889011919127729e-01,0.000000000000000000e+00,0.000000000000000000e+00,0.000000000000000000e+00,5.781814990554453582e-01,5.526699210062492318e-01,5.241665631460089569e-01,0.000000000000000000e+00,5.592603190487199782e-01
0.000000000000000000e+00,0.000000000000000000e+00,4.380366728505233898e-01,0.000000000000000000e+00,3.240001510788719230e-01,4.493136571654783862e-01,3.274533607514373834e-01,4.711328946547508889e-01,4.338982146462688205e-01,1.910336257799022108e-01,4.070732466840846220e-01,0.000000000000000000e+00,3.739159169960371010e-01,3.706046368896169230e-01,0.000000000000000000e+00,0.000000000000000000e+00,0.000000000000000000e+00,0.000000000000000000e+00,4.253272655916833789e-01,0.000000000000000000e+00,0.000000000000000000e+00,0.000000000000000000e+00,4.366026310450694115e-01,0.000000000000000000e+00,0.000000000000000000e+00,0.000000000000000000e+00,4.399639593766577206e-01,2.703042623191351246e-01,0.000000000000000000e+00,0.000000000000000000e+00,3.005156559926007165e-01,3.680034913540071173e-01,0.000000000000000000e+00,3.786234213869352216e-01,0.000000000000000000e+00,2.959264719380377828e-01,1.774224126015850056e-01,0.000000000000000000e+00,0.000000000000000000e+00,0.000000000000000000e+00,0.000000000000000000e+00,0.000000000000000000e+00,0.000000000000000000e+00,0.000000000000000000e+00,0.000000000000000000e+00,0.000000000000000000e+00,0.000000000000000000e+00,0.000000000000000000e+00,0.000000000000000000e+00,0.000000000000000000e+00,0.000000000000000000e+00,0.000000000000000000e+00,0.000000000000000000e+00,0.000000000000000000e+00,0.000000000000000000e+00,0.000000000000000000e+00,0.000000000000000000e+00,0.000000000000000000e+00,0.000000000000000000e+00,0.000000000000000000e+00,0.000000000000000000e+00,0.000000000000000000e+00,0.000000000000000000e+00,0.000000000000000000e+00,0.000000000000000000e+00,0.000000000000000000e+00,0.000000000000000000e+00,0.000000000000000000e+00,0.000000000000000000e+00,0.000000000000000000e+00,0.000000000000000000e+00,0.000000000000000000e+00,0.000000000000000000e+00,0.000000000000000000e+00,0.000000000000000000e+00,0.000000000000000000e+00
0.000000000000000000e+00,0.000000000000000000e+00,4.088819794230310056e-01,3.240001510788719230e-01,0.000000000000000000e+00,4.077251000090885147e-01,3.597591440542414754e-01,4.234419968041924776e-01,3.667952900294587093e-01,4.765761790788364816e-01,3.465144789090172095e-01,4.431632030676048162e-01,4.431387757533060134e-01,3.354202311265526149e-01,0.000000000000000000e+00,4.666013426653747853e-01,4.882005305590698119e-01,4.926435669304716214e-01,3.775236764110587728e-01,0.000000000000000000e+00,4.607207859093380153e-01,4.782902369489944738e-01,4.152940702105850090e-01,0.000000000000000000e+00,4.767148099940596850e-01,4.660404957446374064e-01,4.236998248003235878e-01,3.893581544110891191e-01,4.495263959073413917e-01,0.000000000000000000e+00,4.734825141991689801e-01,4.499629747733441265e-01,4.445297594433941790e-01,4.721469272425264929e-01,4.481938523153731757e-01,3.289661864088901932e-01,3.059252878560000943e-01,4.264919915878824797e-01,5.213468078679841522e-01,0.000000000000000000e+00,5.311047997615927496e-01,5.488190243468764606e-01,4.744364305341646215e-01,0.000000000000000000e+00,0.000000000000000000e+00,0.000000000000000000e+00,0.000000000000000000e+00,5.432722492777151135e-01,0.000000000000000000e+00,5.397121764131387334e-01,5.458758887861878684e-01,5.439306990318703017e-01,5.161802006634146345e-01,5.403538382171866328e-01,0.000000000000000000e+00,4.935513967800206903e-01,0.000000000000000000e+00,5.398932264300496664e-01,0.000000000000000000e+00,0.000000000000000000e+00,0.000000000000000000e+00,0.000000000000000000e+00,0.000000000000000000e+00,5.251058221163920070e-01,0.000000000000000000e+00,0.000000000000000000e+00,0.000000000000000000e+00,5.410518532033097294e-01,0.000000000000000000e+00,0.000000000000000000e+00,0.000000000000000000e+00,5.335219026191745373e-01,5.361055706508828234e-01,5.173211532850351402e-01,0.000000000000000000e+00,5.445063300399399786e-01
4.091021565257345061e-01,4.055775510580034160e-01,3.654658189042636063e-01,4.493136571654783862e-01,4.077251000090885147e-01,0.000000000000000000e+00,4.272706991146620892e-01,4.097509238803265230e-01,3.426444613162019093e-01,4.543074783667478966e-01,4.040534573629184223e-01,4.403318888196106062e-01,4.013138175518904949e-01,4.493207129878707962e-01,4.364842730452335173e-01,4.319098175309704080e-01,4.469755018527528101e-01,4.220780100421012149e-01,3.608290328127202740e-01,4.232888328755747276e-01,4.135956225352777071e-01,4.344980614952619891e-01,3.789212259137088035e-01,4.541811321339014884e-01,3.880350501625499104e-01,4.054205931646192029e-01,3.631241141307693931e-01,4.030671740383198198e-01,3.832927657677068778e-01,4.284901869948554154e-01,4.362660959545555106e-01,4.286861106581503211e-01,4.000837332605802765e-01,4.465480232743547773e-01,4.621102513611315965e-01,4.508559957046293087e-01,4.546844658126403260e-01,4.336001962495570905e-01,5.202874892021982500e-01,0.000000000000000000e+00,5.364375155793223993e-01,5.311745399885493546e-01,5.226678592834081982e-01,0.000000000000000000e+00,0.000000000000000000e+00,0.000000000000000000e+00,4.473154216709208097e-01,5.606981288292952614e-01,0.000000000000000000e+00,5.553236493720629108e-01,5.393493475816811822e-01,5.484617072194847287e-01,4.842931316263102137e-01,5.587991727190995128e-01,5.230272500568987626e-01,5.219191591147436249e-01,0.000000000000000000e+00,5.380262538048001808e-01,5.374028209141034074e-01,4.787239378079782837e-01,4.261508875630425908e-01,0.000000000000000000e+00,4.300675956030048930e-01,5.614988811389041157e-01,4.902908312791081080e-01,4.517265047763046049e-01,4.615865084204032187e-01,5.342695478139514176e-01,0.000000000000000000e+00,4.226051947850871793e-01,4.611528233220849038e-01,5.264170772349464622e-01,5.301369696811149002e-01,5.268833402885576556e-01,5.246512491627021157e-01,5.340115457143286282e-01
4.612854752298903849e-01,4.535002614181232183e-01,4.305064169662243256e-01,3.274533607514373834e-01,3.597591440542414754e-01,4.272706991146620892e-01,0.000000000000000000e+00,4.442188976325692207e-01,4.164369156276486184e-01,4.346638684332471136e-01,4.353563864756134771e-01,4.132562322186055792e-01,3.743361821331125938e-01,3.573220836303899195e-01,0.000000000000000000e+00,4.909652950324279730e-01,4.606353221763300754e-01,4.782610215063849979e-01,4.467333035563402222e-01,4.704041078309414980e-01,4.348768223982418246e-01,4.847954282135726878e-01,4.250406822638965187e-01,3.929170508097540870e-01,4.538535676024234022e-01,4.577769613425234918e-01,4.272074338290400841e-01,3.783939702799777871e-01,4.714839021238325101e-01,4.513891609008460759e-01,4.157486658165148730e-01,4.397224276908963114e-01,4.009193554897412803e-01,4.334421548281395253e-01,4.330459314715470187e-01,3.619824520298098869e-01,3.352080149309777934e-01,3.978281556074770853e-01,5.223507524616267661e-01,0.000000000000000000e+00,5.517815358167735829e-01,5.483973245365216798e-01,5.165089967851792530e-01,0.000000000000000000e+00,0.000000000000000000e+00,0.000000000000000000e+00,4.813895930371130949e-01,5.601830143421627772e-01,0.000000000000000000e+00,5.435663030472480672e-01,5.462009123792953558e-01,5.547752201295201857e-01,5.013249180374785841e-01,5.499686767165903323e-01,0.000000000000000000e+00,5.239083434323237309e-01,0.000000000000000000e+00,5.398246751703724700e-01,0.000000000000000000e+00,4.723152879868561249e-01,0.000000000000000000e+00,0.000000000000000000e+00,0.000000000000000000e+00,5.467251935463792734e-01,4.826234225006175160e-01,0.000000000000000000e+00,4.432209005431688165e-01,5.401250872992899854e-01,0.000000000000000000e+00,0.000000000000000000e+00,4.516398447087978107e-01,5.305119220099463462e-01,5.351796352971833759e-01,5.254526688303099435e-01,5.257348472496043978e-01,5.411491913887463978e-01
4.846971551480446228e-01,4.458300041563593163e-01,4.421712145916794068e-01,4.711328946547508889e-01,4.234419968041924776e-01,4.097509238803265230e-01,4.442188976325692207e-01,0.000000000000000000e+00,4.520849240137920222e-01,4.675031872521194787e-01,2.932592087582107099e-01,5.177669088729045521e-01,4.560722193688904746e-01,3.874820244242582756e-01,3.975436245081642728e-01,4.652651692410176842e-01,4.827900888176807070e-01,4.718155672965498870e-01,3.784777005567084851e-01,4.290268841866874960e-01,3.881080468264941907e-01,4.382718187305790214e-01,3.711229459370449790e-01,4.983227054080135998e-01,4.642459694129261183e-01,4.715298346529919749e-01,4.124661927396460204e-01,4.439111093821144771e-01,4.130928299578890961e-01,4.425186532744977974e-01,4.558414244675149107e-01,4.166582969180521179e-01,4.358202239740323058e-01,4.635752097405417826e-01,4.722762077285568849e-01,3.711835948679014230e-01,4.407324339491889842e-01,4.576181911510546763e-01,4.955149228969111808e-01,0.000000000000000000e+00,5.112985789128048353e-01,5.233187426214589433e-01,4.814201045741566265e-01,0.000000000000000000e+00,0.000000000000000000e+00,4.083169405640745264e-01,4.725896786855224851e-01,5.547583017775687964e-01,0.000000000000000000e+00,5.365920151331801113e-01,5.065137015740772686e-01,5.268540512170072354e-01,4.138789923328259901e-01,5.419972121119698283e-01,0.000000000000000000e+00,4.949139312916706057e-01,0.000000000000000000e+00,5.075519978657242470e-01,0.000000000000000000e+00,4.911249034821679738e-01,4.848327848448246158e-01,0.000000000000000000e+00,4.636105694135950750e-01,5.323198247117593152e-01,5.042449773742376795e-01,4.705117738663590066e-01,4.926780777253421117e-01,5.027100085654474526e-01,0.000000000000000000e+00,4.795194165883793214e-01,4.753070534650550849e-01,5.067336254600418588e-01,5.121625477357769629e-01,5.090242897746820594e-01,4.943922475017368257e-01,5.186353491510805602e-01
0.000000000000000000e+00,3.905195777162476234e-01,3.038850932128568938e-01,4.338982146462688205e-01,3.667952900294587093e-01,3.426444613162019093e-01,4.164369156276486184e-01,4.520849240137920222e-01,0.000000000000000000e+00,4.779166280257677868e-01,2.758389286683238795e-01,4.532178859479553124e-01,4.105602546659352092e-01,4.090697638955506088e-01,0.000000000000000000e+00,4.438419355441046155e-01,4.870666972942553907e-01,4.837308250870199777e-01,2.717345042653411813e-01,0.000000000000000000e+00,0.000000000000000000e+00,4.225501702366611934e-01,4.003260637458372906e-01,4.253095742155598158e-01,4.540917670802376849e-01,4.479526782306884058e-01,3.535810559323034896e-01,4.579871801453824220e-01,4.057161350504625008e-01,4.367100325264218763e-01,4.672648859231702811e-01,4.304996267687740130e-01,4.566459355571361733e-01,4.659213792272199894e-01,4.554633564720927952e-01,4.183059598109407085e-01,4.428145923206058820e-01,4.414069700282874931e-01,5.417390859542914328e-01,0.000000000000000000e+00,5.433027794550580047e-01,5.593746325578569101e-01,5.024941972126917289e-01,0.000000000000000000e+00,0.000000000000000000e+00,0.000000000000000000e+00,0.000000000000000000e+00,5.058862205646397214e-01,0.000000000000000000e+00,5.351636345127483985e-01,5.639155838609247740e-01,5.614755828275005411e-01,5.254054279842944597e-01,5.598863781842512433e-01,0.000000000000000000e+00,5.205241651251025781e-01,0.000000000000000000e+00,5.591590337230252228e-01,5.094660306511037406e-01,0.000000000000000000e+00,0.000000000000000000e+00,0.000000000000000000e+00,0.000000000000000000e+00,5.478897162568231449e-01,0.000000000000000000e+00,0.000000000000000000e+00,0.000000000000000000e+00,5.523719984279096273e-01,0.000000000000000000e+00,0.000000000000000000e+00,0.000000000000000000e+00,5.720066603710619590e-01,5.446100013641276272e-01,5.174844631664958783e-01,0.000000000000000000e+00,5.645535652782559533e-01
3.879566625414280212e-01,3.730731287085400916e-01,4.578963575558183119e-01,1.910336257799022108e-01,4.765761790788364816e-01,4.543074783667478966e-01,4.346638684332471136e-01,4.675031872521194787e-01,4.779166280257677868e-01,0.000000000000000000e+00,4.668306351507183760e-01,3.104655211115980862e-01,4.515889156329435106e-01,4.319406247385899067e-01,0.000000000000000000e+00,4.049729399463158908e-01,3.316095882899863234e-01,3.772826744863679860e-01,4.652984970869882275e-01,4.400724232304087935e-01,4.429481114976414058e-01,4.020498947476401908e-01,4.548930558977276051e-01,3.414834118428949905e-01,3.295063372076272867e-01,3.372821143243636133e-01,4.542286744737384918e-01,4.105222613798126807e-01,4.634067939012834758e-01,0.000000000000000000e+00,3.507818149748113123e-01,3.851723699449551841e-01,3.130387481878885159e-01,3.376541873577886266e-01,3.234168725898112773e-01,3.851745507146586145e-01,3.084754694746326131e-01,3.038749280353862936e-01,4.558714767858327854e-01,4.739339927156117072e-01,4.300450598660965906e-01,4.557722863820765080e-01,0.000000000000000000e+00,0.000000000000000000e+00,4.319984432082593084e-01,4.454269196259473262e-01,0.000000000000000000e+00,0.000000000000000000e+00,0.000000000000000000e+00,0.000000000000000000e+00,5.135726951678083463e-01,0.000000000000000000e+00,0.000000000000000000e+00,0.000000000000000000e+00,4.764770537562845742e-01,0.000000000000000000e+00,4.707308820093129009e-01,4.678729253466683002e-01,0.000000000000000000e+00,0.000000000000000000e+00,4.444319998353408185e-01,4.749826926724474152e-01,4.679924840720771084e-01,0.000000000000000000e+00,0.000000000000000000e+00,0.000000000000000000e+00,0.000000000000000000e+00,5.263255463943544710e-01,4.141076459978857982e-01,4.580377520572532779e-01,4.697755805914510252e-01,0.000000000000000000e+00,5.477172026692426199e-01,4.431681700691558756e-01,0.000000000000000000e+00,4.619155667856926772e-01
0.000000000000000000e+00,0.000000000000000000e+00,3.280934339188478766e-01,4.070732466840846220e-01,3.465144789090172095e-01,4.040534573629184223e-01,4.353563864756134771e-01,2.932592087582107099e-01,2.758389286683238795e-01,4.668306351507183760e-01,0.000000000000000000e+00,4.500840781225142750e-01,4.607251380092253212e-01,3.233128987450306080e-01,0.000000000000000000e+00,0.000000000000000000e+00,4.894836192326134094e-01,4.731372215563158234e-01,2.817397806397833881e-01,0.000000000000000000e+00,0.000000000000000000e+00,0.000000000000000000e+00,2.760343206926300086e-01,4.056627015412164750e-01,4.778400964753538038e-01,4.675712291875379067e-01,3.882802487759073884e-01,4.533719391625630202e-01,5.286864638328552246e-01,0.000000000000000000e+00,4.647843547631537731e-01,4.223214804281206769e-01,4.432523187927668862e-01,4.588853167196629834e-01,4.390985883340620122e-01,3.303877214518802785e-01,3.166809218582324892e-01,4.294683188992862166e-01,4.714663208841297082e-01,0.000000000000000000e+00,5.070973712694228919e-01,0.000000000000000000e+00,4.378997971926426036e-01,0.000000000000000000e+00,0.000000000000000000e+00,0.000000000000000000e+00,0.000000000000000000e+00,5.252192743040239309e-01,0.000000000000000000e+00,5.228992541918533465e-01,5.323509769473874220e-01,5.066779053919002740e-01,4.718890998466496733e-01,4.927861023758556835e-01,0.000000000000000000e+00,3.163550947711044059e-01,0.000000000000000000e+00,5.222078564124100764e-01,4.557064091162703057e-01,0.000000000000000000e+00,0.000000000000000000e+00,0.000000000000000000e+00,0.000000000000000000e+00,3.003900442920883207e-01,0.000000000000000000e+00,0.000000000000000000e+00,0.000000000000000000e+00,4.987133997895364934e-01,0.000000000000000000e+00,0.000000000000000000e+00,0.000000000000000000e+00,5.383618235639305860e-01,5.346490618833946717e-01,4.552333620844338236e-01,0.000000000000000000e+00,5.289022942359239421e-01
3.734015978855090845e-01,3.868041949600173890e-01,4.450657247526075833e-01,0.000000000000000000e+00,4.431632030676048162e-01,4.403318888196106062e-01,4.132562322186055792e-01,5.177669088729045521e-01,4.532178859479553124e-01,3.104655211115980862e-01,4.500840781225142750e-01,0.000000000000000000e+00,4.278382476980803761e-01,4.293349205541499014e-01,4.648126290281783257e-01,3.907809685583781834e-01,3.776174119978837895e-01,3.694759792253343167e-01,4.506574049963700257e-01,4.773482828574791004e-01,4.403250395783455118e-01,0.000000000000000000e+00,4.596920521423898953e-01,2.902779450584371257e-01,3.509814134387789220e-01,3.486206383796416897e-01,4.475041427910120273e-01,3.922760351535508061e-01,4.549960498806198128e-01,0.000000000000000000e+00,3.821590550009751897e-01,3.108625702733491258e-01,3.100505822105609210e-01,3.015777148268564134e-01,3.102909737151126057e-01,3.515655537475281811e-01,3.134130517541299232e-01,2.536732608860318150e-01,4.402903824958671053e-01,4.744435672570401774e-01,4.062582026083487730e-01,4.669142622578050794e-01,0.000000000000000000e+00,0.000000000000000000e+00,4.256911672778391775e-01,4.080427302562009140e-01,0.000000000000000000e+00,0.000000000000000000e+00,0.000000000000000000e+00,0.000000000000000000e+00,0.000000000000000000e+00,0.000000000000000000e+00,0.000000000000000000e+00,0.000000000000000000e+00,4.700290953072169819e-01,0.000000000000000000e+00,4.610692113966131100e-01,0.000000000000000000e+00,0.000000000000000000e+00,0.000000000000000000e+00,4.454847403382224957e-01,4.639727786812574140e-01,4.617062924316748251e-01,0.000000000000000000e+00,0.000000000000000000e+00,0.000000000000000000e+00,0.000000000000000000e+00,0.000000000000000000e+00,3.641884777580369215e-01,4.495033308017314932e-01,4.607690265230395266e-01,5.167716352903872767e-01,0.000000000000000000e+00,4.633761803295042836e-01,0.000000000000000000e+00,4.529632291374550146e-01
4.556768276250988126e-01,4.493205913531969076e-01,4.378341259908842820e-01,3.739159169960371010e-01,4.431387757533060134e-01,4.013138175518904949e-01,3.743361821331125938e-01,4.560722193688904746e-01,4.105602546659352092e-01,4.515889156329435106e-01,4.607251380092253212e-01,4.278382476980803761e-01,0.000000000000000000e+00,4.197229413351866167e-01,4.690788005772014158e-01,4.862286013829805187e-01,4.668523493223062926e-01,4.789652625200895852e-01,4.590464530349777084e-01,4.527474446268721087e-01,4.527871107389664918e-01,4.792083691376239907e-01,4.327742882102464939e-01,4.310619833656320066e-01,4.522280384208959836e-01,4.586343498194850876e-01,4.276787484547053264e-01,3.921847224151531197e-01,4.430095253521476040e-01,4.113745714987575020e-01,4.328605050195301063e-01,4.515156051372883894e-01,4.272195827652354172e-01,4.516163168822521223e-01,4.486358332655052128e-01,4.365472204534376899e-01,4.170331666057783271e-01,4.075306102655258944e-01,5.239207160664903773e-01,0.000000000000000000e+00,5.483682099637304797e-01,5.443100723509299854e-01,5.263030978245883951e-01,0.000000000000000000e+00,0.000000000000000000e+00,0.000000000000000000e+00,4.683382857317163750e-01,5.640203253134901118e-01,0.000000000000000000e+00,5.549031304366993655e-01,5.498693418864425420e-01,5.603462943268251450e-01,5.138548562595157687e-01,5.598535544970963951e-01,0.000000000000000000e+00,5.265793121526735066e-01,5.026350793860110411e-01,5.467925773985398141e-01,5.257853554698506127e-01,4.956064544038089048e-01,4.743699940003672788e-01,0.000000000000000000e+00,4.889167455089077907e-01,5.541246394186971624e-01,5.001078458986031317e-01,4.894773038845591784e-01,4.706938305190658811e-01,5.454176562987267385e-01,0.000000000000000000e+00,4.764879138928779789e-01,4.821488749373462057e-01,5.332342971493442274e-01,5.389685463540037080e-01,5.284151571540264269e-01,5.349101769206150436e-01,5.457832728347522533e-01
0.000000000000000000e+00,0.000000000000000000e+00,4.147717051838940017e-01,3.706046368896169230e-01,3.354202311265526149e-01,4.493207129878707962e-01,3.573220836303899195e-01,3.874820244242582756e-01,4.090697638955506088e-01,4.319406247385899067e-01,3.233128987450306080e-01,4.293349205541499014e-01,4.197229413351866167e-01,0.000000000000000000e+00,0.000000000000000000e+00,0.000000000000000000e+00,0.000000000000000000e+00,0.000000000000000000e+00,3.817872626110824785e-01,0.000000000000000000e+00,4.658711771896575926e-01,0.000000000000000000e+00,4.111520280575741149e-01,0.000000000000000000e+00,0.000000000000000000e+00,4.812117569809379880e-01,4.383407067812891134e-01,3.504330301424353755e-01,0.000000000000000000e+00,0.000000000000000000e+00,4.394861289550447969e-01,3.263472346226301002e-01,0.000000000000000000e+00,4.319861207004643822e-01,0.000000000000000000e+00,2.686779825447215275e-01,1.807442670630441117e-01,3.731812740440891840e-01,0.000000000000000000e+00,0.000000000000000000e+00,0.000000000000000000e+00,0.000000000000000000e+00,0.000000000000000000e+00,0.000000000000000000e+00,0.000000000000000000e+00,0.000000000000000000e+00,0.000000000000000000e+00,5.325849377735257795e-01,0.000000000000000000e+00,0.000000000000000000e+00,0.000000000000000000e+00,0.000000000000000000e+00,0.000000000000000000e+00,0.000000000000000000e+00,0.000000000000000000e+00,4.766027500125581962e-01,0.000000000000000000e+00,0.000000000000000000e+00,0.000000000000000000e+00,0.000000000000000000e+00,0.000000000000000000e+00,0.000000000000000000e+00,0.000000000000000000e+00,5.273848616782189636e-01,0.000000000000000000e+00,0.000000000000000000e+00,0.000000000000000000e+00,5.198500778324544047e-01,0.000000000000000000e+00,0.000000000000000000e+00,0.000000000000000000e+00,5.258011356556931970e-01,0.000000000000000000e+00,0.000000000000000000e+00,0.000000000000000000e+00,0.000000000000000000e+00
3.881858713538965944e-01,4.334176568013867747e-01,0.000000000000000000e+00,0.000000000000000000e+00,0.000000000000000000e+00,4.364842730452335173e-01,0.000000000000000000e+00,3.975436245081642728e-01,0.000000000000000000e+00,0.000000000000000000e+00,0.000000000000000000e+00,4.648126290281783257e-01,4.690788005772014158e-01,0.000000000000000000e+00,0.000000000000000000e+00,4.465312886528844949e-01,0.000000000000000000e+00,4.306233848982330970e-01,0.000000000000000000e+00,3.519422986553786270e-01,4.131828279228204059e-01,3.948363565518495100e-01,3.926639423201359058e-01,4.521139308824795866e-01,4.120387830813209140e-01,4.181163378224310168e-01,4.187565012180771151e-01,4.284113667310109896e-01,4.304096050716770261e-01,0.000000000000000000e+00,4.584009387657960177e-01,4.808363058135938228e-01,4.308471434425066859e-01,4.770850595192732135e-01,5.222867508121700197e-01,5.483670727352834007e-01,0.000000000000000000e+00,0.000000000000000000e+00,5.093749390618959039e-01,5.148059032079721486e-01,5.104224223721924858e-01,5.405900295393162303e-01,0.000000000000000000e+00,0.000000000000000000e+00,0.000000000000000000e+00,0.000000000000000000e+00,5.066557810517944294e-01,0.000000000000000000e+00,0.000000000000000000e+00,0.000000000000000000e+00,4.895089012638251247e-01,5.207936862366275843e-01,4.832477471149879134e-01,0.000000000000000000e+00,0.000000000000000000e+00,0.000000000000000000e+00,0.000000000000000000e+00,5.049796197138389786e-01,0.000000000000000000e+00,5.242327232281664973e-01,4.807445984780783221e-01,0.000000000000000000e+00,4.420496297312124789e-01,0.000000000000000000e+00,5.072646719710530716e-01,5.000466550173556790e-01,5.251653937779529047e-01,5.160528423048288404e-01,0.000000000000000000e+00,4.589106293919645863e-01,5.421714533388178880e-01,5.146565024467019134e-01,5.073163559370582609e-01,5.021190759674197812e-01,5.341176474827399323e-01,5.058261304694763316e-01
4.123536619775390877e-01,4.092550993932426162e-01,4.574725972762972992e-01,0.000000000000000000e+00,4.666013426653747853e-01,4.319098175309704080e-01,4.909652950324279730e-01,4.652651692410176842e-01,4.438419355441046155e-01,4.049729399463158908e-01,0.000000000000000000e+00,3.907809685583781834e-01,4.862286013829805187e-01,0.000000000000000000e+00,4.465312886528844949e-01,0.000000000000000000e+00,4.167594410589758880e-01,3.583093275015560852e-01,0.000000000000000000e+00,4.435512575598737905e-01,4.277361958280245235e-01,3.987239333848421885e-01,4.409636585990024948e-01,3.988540335960623073e-01,3.889636644727745840e-01,4.284180027273908897e-01,4.518744384117692747e-01,4.728085088346605236e-01,4.680197136549650860e-01,4.490628748525807845e-01,3.926250212168436171e-01,4.656836080083264218e-01,4.011786980261620172e-01,4.085043953549465923e-01,4.526729043223610138e-01,0.000000000000000000e+00,0.000000000000000000e+00,0.000000000000000000e+00,4.804917511377939099e-01,4.517064495605783159e-01,4.569182938652999182e-01,4.857255210728312900e-01,0.000000000000000000e+00,0.000000000000000000e+00,0.000000000000000000e+00,4.561244512730528999e-01,4.863689532951087080e-01,0.000000000000000000e+00,0.000000000000000000e+00,0.000000000000000000e+00,4.642271851098118129e-01,0.000000000000000000e+00,0.000000000000000000e+00,0.000000000000000000e+00,4.419666194996735853e-01,0.000000000000000000e+00,4.485996449571564848e-01,4.665037345855077011e-01,0.000000000000000000e+00,4.987363291926740771e-01,4.739316902758353156e-01,4.401050786806706139e-01,4.566783983822909065e-01,0.000000000000000000e+00,4.656195477443108022e-01,0.000000000000000000e+00,4.709008715049742833e-01,4.755101169872000266e-01,4.606914802174089107e-01,4.736106614469938747e-01,4.788651478996290844e-01,4.601178373400510169e-01,0.000000000000000000e+00,4.705841208138942799e-01,0.000000000000000000e+00,4.474427645817243837e-01
4.048093164392587151e-01,4.241007906998626731e-01,0.000000000000000000e+00,0.000000000000000000e+00,4.882005305590698119e-01,4.469755018527528101e-01,4.606353221763300754e-01,4.827900888176807070e-01,4.870666972942553907e-01,3.316095882899863234e-01,4.894836192326134094e-01,3.776174119978837895e-01,4.668523493223062926e-01,0.000000000000000000e+00,0.000000000000000000e+00,4.167594410589758880e-01,0.000000000000000000e+00,3.666230587888977266e-01,4.927668768158579016e-01,4.331224965443237762e-01,4.494428925068221781e-01,4.319513100724098886e-01,4.681233882483198938e-01,3.900436284879363891e-01,3.531407088823099172e-01,3.688976863731296962e-01,4.653359485478240076e-01,4.435265880653164183e-01,4.605812096014841872e-01,0.000000000000000000e+00,3.833169140211433179e-01,4.736094374212345137e-01,3.591857908875786820e-01,4.077858663234485981e-01,4.010823817127577851e-01,4.660784194907899858e-01,3.221815824508666992e-01,3.281494579097871123e-01,4.733650971998468737e-01,4.804552983688292200e-01,4.604537692030140072e-01,4.739135884081951966e-01,0.000000000000000000e+00,0.000000000000000000e+00,4.555104968466996973e-01,4.205096685840076232e-01,4.959982892383105746e-01,0.000000000000000000e+00,0.000000000000000000e+00,0.000000000000000000e+00,0.000000000000000000e+00,0.000000000000000000e+00,0.000000000000000000e+00,0.000000000000000000e+00,4.861539069436985883e-01,0.000000000000000000e+00,4.865768117389522862e-01,0.000000000000000000e+00,0.000000000000000000e+00,0.000000000000000000e+00,4.698542442400661101e-01,4.852028342651342196e-01,4.799384559320211130e-01,0.000000000000000000e+00,0.000000000000000000e+00,0.000000000000000000e+00,0.000000000000000000e+00,0.000000000000000000e+00,4.266638890608400181e-01,4.726894939781490779e-01,4.840084312963834901e-01,0.000000000000000000e+00,0.000000000000000000e+00,4.786755992715565067e-01,0.000000000000000000e+00,4.657723698934679857e-01
3.981936338745715731e-01,3.994822472893029275e-01,4.510936766958927868e-01,0.000000000000000000e+00,4.926435669304716214e-01,4.220780100421012149e-01,4.782610215063849979e-01,4.718155672965498870e-01,4.837308250870199777e-01,3.772826744863679860e-01,4.731372215563158234e-01,3.694759792253343167e-01,4.789652625200895852e-01,0.000000000000000000e+00,4.306233848982330970e-01,3.583093275015560852e-01,3.666230587888977266e-01,0.000000000000000000e+00,4.977876738349936159e-01,4.449146679039510111e-01,4.277727227607954763e-01,4.230871047604585211e-01,4.412265615480953085e-01,3.666759927930640095e-01,3.569594326835940912e-01,3.760934267503600048e-01,4.331421473285251844e-01,4.618502193006848167e-01,4.677146922981373911e-01,0.000000000000000000e+00,3.853590949597355819e-01,4.680718482804779867e-01,3.534878995765791121e-01,4.073483503019342811e-01,4.243474008822762933e-01,4.802548472664047163e-01,0.000000000000000000e+00,3.143865834605318876e-01,4.796614730206331112e-01,4.585073168902125129e-01,4.549610520482267884e-01,4.825798171935751224e-01,0.000000000000000000e+00,0.000000000000000000e+00,0.000000000000000000e+00,4.417960213733129748e-01,4.733235082070217925e-01,0.000000000000000000e+00,0.000000000000000000e+00,0.000000000000000000e+00,4.743418853481948805e-01,0.000000000000000000e+00,0.000000000000000000e+00,0.000000000000000000e+00,4.628615131047023046e-01,0.000000000000000000e+00,4.705457012999579858e-01,0.000000000000000000e+00,0.000000000000000000e+00,0.000000000000000000e+00,4.763728767849527146e-01,4.594744154197873964e-01,4.669157437508076880e-01,0.000000000000000000e+00,4.605555545083018787e-01,0.000000000000000000e+00,4.611974887834823233e-01,4.489867938338943931e-01,4.428143311393428205e-01,4.690944694641085988e-01,4.724604121166430248e-01,4.670480488152125020e-01,0.000000000000000000e+00,4.684933844741605014e-01,0.000000000000000000e+00,4.515248348883195151e-01
0.000000000000000000e+00,0.000000000000000000e+00,2.518776670297727116e-01,4.253272655916833789e-01,3.775236764110587728e-01,3.608290328127202740e-01,4.467333035563402222e-01,3.784777005567084851e-01,2.717345042653411813e-01,4.652984970869882275e-01,2.817397806397833881e-01,4.506574049963700257e-01,4.590464530349777084e-01,3.817872626110824785e-01,0.000000000000000000e+00,0.000000000000000000e+00,4.927668768158579016e-01,4.977876738349936159e-01,0.000000000000000000e+00,0.000000000000000000e+00,0.000000000000000000e+00,0.000000000000000000e+00,3.081788532283563087e-01,0.000000000000000000e+00,4.774736486721132822e-01,4.681925607904359743e-01,3.253432503665221187e-01,4.575963372320409062e-01,0.000000000000000000e+00,4.202468189996277914e-01,4.635006123974734771e-01,4.208418703072057121e-01,4.480334348937480837e-01,4.604593896128171271e-01,4.444679237202048272e-01,3.932602943145180885e-01,4.343827350592949776e-01,4.382375780827827971e-01,4.975982831767614134e-01,0.000000000000000000e+00,5.451113885791785130e-01,5.580919543936841976e-01,4.652400565151544876e-01,0.000000000000000000e+00,0.000000000000000000e+00,0.000000000000000000e+00,0.000000000000000000e+00,4.980897808401826832e-01,0.000000000000000000e+00,5.051764517894186124e-01,5.513134826177902292e-01,5.526814303555928065e-01,5.461512206981959938e-01,5.301576465605621902e-01,0.000000000000000000e+00,4.835757268140005172e-01,0.000000000000000000e+00,5.316262761041113949e-01,5.139213994116680340e-01,0.000000000000000000e+00,0.000000000000000000e+00,0.000000000000000000e+00,0.000000000000000000e+00,5.270742325403812156e-01,0.000000000000000000e+00,0.000000000000000000e+00,0.000000000000000000e+00,5.418157876055335054e-01,0.000000000000000000e+00,0.000000000000000000e+00,0.000000000000000000e+00,5.406626697416593297e-01,5.363815566154733760e-01,4.933276632710902887e-01,0.000000000000000000e+00,5.658638429555499227e-01
4.244791096527191221e-01,4.519755523289560872e-01,0.000000000000000000e+00,0.000000000000000000e+00,0.000000000000000000e+00,4.232888328755747276e-01,4.704041078309414980e-01,4.290268841866874960e-01,0.000000000000000000e+00,4.400724232304087935e-01,0.000000000000000000e+00,4.773482828574791004e-01,4.527474446268721087e-01,0.000000000000000000e+00,3.519422986553786270e-01,4.435512575598737905e-01,4.331224965443237762e-01,4.449146679039510111e-01,0.000000000000000000e+00,0.000000000000000000e+00,4.419727224657792886e-01,4.138158335754398842e-01,3.536798495717635160e-01,4.790159551413495920e-01,4.282292698767641848e-01,4.525875016687683772e-01,4.022634509223166899e-01,4.153408307006333233e-01,3.910891180967417946e-01,4.030590173242564744e-01,4.227914656008998073e-01,4.751039308265065930e-01,4.214069905169037233e-01,4.569862647929219812e-01,5.032648076276898808e-01,5.445336586176900973e-01,5.078054635988189514e-01,4.421859755399453751e-01,5.057126819414400343e-01,4.834923650265934847e-01,5.022920642467472163e-01,5.232489818048281505e-01,0.000000000000000000e+00,0.000000000000000000e+00,0.000000000000000000e+00,4.593394041460852062e-01,4.776585086107695832e-01,0.000000000000000000e+00,0.000000000000000000e+00,0.000000000000000000e+00,5.024186257459120064e-01,5.246681413915232906e-01,5.085523087598906589e-01,0.000000000000000000e+00,0.000000000000000000e+00,0.000000000000000000e+00,0.000000000000000000e+00,5.204444492072505257e-01,0.000000000000000000e+00,5.113506655872888107e-01,4.564215692731899976e-01,0.000000000000000000e+00,4.370772426397969146e-01,0.000000000000000000e+00,5.058561073160768862e-01,5.030983176238179588e-01,5.049354092486559864e-01,5.285696916245385957e-01,0.000000000000000000e+00,4.469819350918969869e-01,4.958743782758340268e-01,5.337723626310297842e-01,5.244467588265296909e-01,5.175640247778819925e-01,5.240173062815667304e-01,5.102536976750486897e-01
4.011248834261630924e-01,4.181851182828486002e-01,0.000000000000000000e+00,0.000000000000000000e+00,4.607207859093380153e-01,4.135956225352777071e-01,4.348768223982418246e-01,3.881080468264941907e-01,0.000000000000000000e+00,4.429481114976414058e-01,0.000000000000000000e+00,4.403250395783455118e-01,4.527871107389664918e-01,4.658711771896575926e-01,4.131828279228204059e-01,4.277361958280245235e-01,4.494428925068221781e-01,4.277727227607954763e-01,0.000000000000000000e+00,4.419727224657792886e-01,0.000000000000000000e+00,4.540027234114674126e-01,4.096540505098446028e-01,4.541182045651994126e-01,4.118610073939267813e-01,4.119859681209844804e-01,4.423598477926434791e-01,4.395286082930693894e-01,4.262227147322641962e-01,4.371767434362647253e-01,4.333824951420591209e-01,4.439902693785063859e-01,3.625053286285446763e-01,4.382970825766698275e-01,4.793024080060713232e-01,4.922475994779895725e-01,0.000000000000000000e+00,0.000000000000000000e+00,4.938873643442526773e-01,5.049444473028489311e-01,4.949225779108544221e-01,5.286446367349408870e-01,0.000000000000000000e+00,0.000000000000000000e+00,0.000000000000000000e+00,3.575791267158043851e-01,4.998176198832305905e-01,0.000000000000000000e+00,0.000000000000000000e+00,0.000000000000000000e+00,4.860995764390576013e-01,0.000000000000000000e+00,4.465364592629840201e-01,0.000000000000000000e+00,0.000000000000000000e+00,0.000000000000000000e+00,0.000000000000000000e+00,4.911983464063853777e-01,0.000000000000000000e+00,4.983006182680024820e-01,4.699266817856143086e-01,0.000000000000000000e+00,4.721996032139638144e-01,0.000000000000000000e+00,5.051113996546695573e-01,3.886181061515021073e-01,5.130034120754607407e-01,4.984440289828913073e-01,0.000000000000000000e+00,4.590250587947671823e-01,5.225586882616517492e-01,5.145279323952701711e-01,4.983890294043374913e-01,5.036742631915710477e-01,5.161529959854231908e-01,5.274145289735616693e-01
