0.000000000000000000e+00,4.400279320325243271e-01,0.000000000000000000e+00,0.000000000000000000e+00,0.000000000000000000e+00,4.391809788812339188e-01,4.285713222931678001e-01,5.084990778719934434e-01,4.465644479972273873e-01,3.965483118549101849e-01,0.000000000000000000e+00,3.931912281188073011e-01,4.385254047829664770e-01,0.000000000000000000e+00,4.024424187746317161e-01,4.249431597906052072e-01,4.179707641684197728e-01,3.985923146021224106e-01,0.000000000000000000e+00,4.749492634794619250e-01,4.118696374634721047e-01,4.426672573116421927e-01,4.661790386351662985e-01,3.545702723306902726e-01,3.742499403745481179e-01,3.925830156271932214e-01,4.667815285907259137e-01,4.478696599735744743e-01,4.389259436606751108e-01,0.000000000000000000e+00,3.786269895037597255e-01,4.411162899188090236e-01,3.783848076043366260e-01,3.712523812835825110e-01,4.239920638224949911e-01,0.000000000000000000e+00,0.000000000000000000e+00,0.000000000000000000e+00,5.180986079693459256e-01,4.850678066502849828e-01,4.598392612039948757e-01,5.112275593519364225e-01,0.000000000000000000e+00,0.000000000000000000e+00,0.000000000000000000e+00,4.193554993336561232e-01,5.273677396119751393e-01,0.000000000000000000e+00,0.000000000000000000e+00,0.000000000000000000e+00,4.596442172185430941e-01,0.000000000000000000e+00,0.000000000000000000e+00,0.000000000000000000e+00,4.412616608712083832e-01,0.000000000000000000e+00,4.613806883793192259e-01,0.000000000000000000e+00,0.000000000000000000e+00,5.145458501684720964e-01,4.921500960796725277e-01,0.000000000000000000e+00,4.773343718105356737e-01,0.000000000000000000e+00,4.642078703026953912e-01,3.998765795921906951e-01,5.315388531922645710e-01,4.859444075225928805e-01,2.783194925849551971e-01,4.736868532509219132e-01,5.141111654798181663e-01,0.000000000000000000e+00,0.000000000000000000e+00,4.864516778531655095e-01,0.000000000000000000e+00,4.572803498669673061e-01
4.400279320325243271e-01,0.000000000000000000e+00,4.502612506367434930e-01,0.000000000000000000e+00,4.365515463088550097e-01,4.199857324203353226e-01,4.545568728913715884e-01,4.888731642492025742e-01,4.245616712605271847e-01,3.952441196070923257e-01,0.000000000000000000e+00,3.781631927835876206e-01,4.524361767007488155e-01,0.000000000000000000e+00,4.405734135279664176e-01,4.316779656719544889e-01,4.055992817041020881e-01,4.243351945747431131e-01,0.000000000000000000e+00,4.428658898647325204e-01,4.564175183507986899e-01,4.169598176126034783e-01,4.345476876455273141e-01,3.747654192699506059e-01,3.989679622578656826e-01,4.084458081209018099e-01,4.376492884109042802e-01,4.443377615820504056e-01,4.303639177409882000e-01,4.303640753763592897e-01,3.874934247715348112e-01,4.564964750152197825e-01,3.993010915065848265e-01,3.821324303367538144e-01,4.584679627005224800e-01,4.883256572185745159e-01,0.000000000000000000e+00,0.000000000000000000e+00,5.102983580613785763e-01,5.006002912569881280e-01,5.007563970619947069e-01,5.274673066266025723e-01,4.178718827770547817e-01,0.000000000000000000e+00,0.000000000000000000e+00,5.201432132364889327e-01,5.301635013266129404e-01,0.000000000000000000e+00,0.000000000000000000e+00,0.000000000000000000e+00,4.924388141057737256e-01,4.965642266185734122e-01,0.000000000000000000e+00,0.000000000000000000e+00,0.000000000000000000e+00,0.000000000000000000e+00,0.000000000000000000e+00,4.916704327941291974e-01,0.000000000000000000e+00,5.537416258423778492e-01,4.961182024082316233e-01,0.000000000000000000e+00,4.835046306757552759e-01,0.000000000000000000e+00,4.908472957220537114e-01,5.194692012978671114e-01,5.237658265421544224e-01,5.151621838792860286e-01,4.573482719478907943e-01,4.930475197859082725e-01,5.547584429825622721e-01,5.040665991514620137e-01,4.885304323530537118e-01,4.887801688920135890e-01,0.000000000000000000e+00,4.763673313546006871e-01
0.000000000000000000e+00,4.502612506367434930e-01,0.000000000000000000e+00,3.963464032969857831e-01,3.985971489625512176e-01,3.751123193738766792e-01,4.628091205843906097e-01,4.313614696280542726e-01,3.148482505003076803e-01,4.855326439715890174e-01,3.188349599987653216e-01,4.710618776557116139e-01,4.829465378366705197e-01,3.851914053967389062e-01,0.000000000000000000e+00,0.000000000000000000e+00,4.896934154372942216e-01,4.911531700051838256e-01,2.537452326393677127e-01,0.000000000000000000e+00,4.036351950654238907e-01,4.527510467161199870e-01,3.025792453454023145e-01,4.457949300749861066e-01,4.822788828022456231e-01,4.706705736305020760e-01,3.032089447766174173e-01,4.905576760197561947e-01,4.358600359437074800e-01,4.974145753996366826e-01,4.971671093380016226e-01,4.536015275091935806e-01,4.406630842956352767e-01,4.940298284213275881e-01,4.855873547835529158e-01,4.094657682214983274e-01,4.480828772095102885e-01,4.577461073749690135e-01,5.498615882410382572e-01,0.000000000000000000e+00,5.583982765793295000e-01,0.000000000000000000e+00,5.381747523640616482e-01,0.000000000000000000e+00,0.000000000000000000e+00,0.000000000000000000e+00,0.000000000000000000e+00,3.569349490378319056e-01,0.000000000000000000e+00,5.613619910272208413e-01,5.810668203669048237e-01,5.805700905248106780e-01,5.502257435765325333e-01,4.803976351641516818e-01,0.000000000000000000e+00,4.585516815811381819e-01,0.000000000000000000e+00,5.563060829743816660e-01,5.603266822875746511e-01,0.000000000000000000e+00,0.000000000000000000e+00,0.000000000000000000e+00,0.000000000000000000e+00,3.173892488860984851e-01,4.997748349326278094e-01,0.000000000000000000e+00,0.000000000000000000e+00,5.742273176111120092e-01,0.000000000000000000e+00,0.000000000000000000e+00,0.000000000000000000e+00,5.775268228275902693e-01,5.410405277258693024e-01,5.321755292490774059e-01,0.000000000000000000e+00,5.559370801560145070e-01
0.000000000000000000e+00,0.000000000000000000e+00,3.963464032969857831e-01,0.000000000000000000e+00,3.318706235254474946e-01,4.583642299861884761e-01,3.236480355825224198e-01,3.958547200340242767e-01,4.431533558210045132e-01,0.000000000000000000e+00,3.748484737017306889e-01,2.425408512353897095e-01,3.521941741407609849e-01,3.204904611961911232e-01,0.000000000000000000e+00,0.000000000000000000e+00,0.000000000000000000e+00,0.000000000000000000e+00,3.842737420764644751e-01,0.000000000000000000e+00,0.000000000000000000e+00,0.000000000000000000e+00,3.953344514994697190e-01,0.000000000000000000e+00,0.000000000000000000e+00,0.000000000000000000e+00,4.343145630070232022e-01,3.186228239453374744e-01,0.000000000000000000e+00,0.000000000000000000e+00,0.000000000000000000e+00,3.765810204779059811e-01,3.131892681121826172e-01,3.100261189093254099e-01,3.741884439697545917e-01,2.379544841325965110e-01,1.821622975749400131e-01,0.000000000000000000e+00,0.000000000000000000e+00,0.000000000000000000e+00,0.000000000000000000e+00,0.000000000000000000e+00,0.000000000000000000e+00,0.000000000000000000e+00,0.000000000000000000e+00,0.000000000000000000e+00,0.000000000000000000e+00,0.000000000000000000e+00,0.000000000000000000e+00,0.000000000000000000e+00,0.000000000000000000e+00,0.000000000000000000e+00,0.000000000000000000e+00,0.000000000000000000e+00,0.000000000000000000e+00,0.000000000000000000e+00,0.000000000000000000e+00,0.000000000000000000e+00,0.000000000000000000e+00,0.000000000000000000e+00,0.000000000000000000e+00,0.000000000000000000e+00,0.000000000000000000e+00,0.000000000000000000e+00,0.000000000000000000e+00,0.000000000000000000e+00,0.000000000000000000e+00,0.000000000000000000e+00,0.000000000000000000e+00,0.000000000000000000e+00,0.000000000000000000e+00,0.000000000000000000e+00,0.000000000000000000e+00,0.000000000000000000e+00,0.000000000000000000e+00,0.000000000000000000e+00
0.000000000000000000e+00,4.365515463088550097e-01,3.985971489625512176e-01,3.318706235254474946e-01,0.000000000000000000e+00,3.952504580348237817e-01,3.629841028798063141e-01,4.384960303892425082e-01,3.565329643378249980e-01,4.860163864972730230e-01,3.577337530615403161e-01,4.484365217916970181e-01,4.128345013160356070e-01,3.101402299755027792e-01,0.000000000000000000e+00,4.572808060672443053e-01,4.914214103069529105e-01,4.884202619346401097e-01,4.006914363000729229e-01,4.513205822627872066e-01,0.000000000000000000e+00,4.579918928342606166e-01,4.314640249635193214e-01,4.366223445320147056e-01,4.594944836338010763e-01,4.581605955607462866e-01,4.117949364458456940e-01,4.155754896015539934e-01,4.353134361943861164e-01,0.000000000000000000e+00,4.901150439445708940e-01,4.266136758735831758e-01,4.482340841014190724e-01,4.879045869309027728e-01,4.567377793222466842e-01,2.964544994412098844e-01,3.357831054533366166e-01,4.336892040555833105e-01,5.458117461723910324e-01,3.578162916713932273e-01,5.620923111681187523e-01,0.000000000000000000e+00,5.399131649614435924e-01,0.000000000000000000e+00,0.000000000000000000e+00,0.000000000000000000e+00,0.000000000000000000e+00,5.683419844709364233e-01,0.000000000000000000e+00,5.862343873090428703e-01,5.784470523697579081e-01,5.654864761711289045e-01,5.472192362398512477e-01,5.870604767237411759e-01,0.000000000000000000e+00,5.399293735040603393e-01,0.000000000000000000e+00,5.579990875797389283e-01,0.000000000000000000e+00,0.000000000000000000e+00,0.000000000000000000e+00,0.000000000000000000e+00,0.000000000000000000e+00,5.670527343653225527e-01,0.000000000000000000e+00,0.000000000000000000e+00,0.000000000000000000e+00,5.699215245865556501e-01,0.000000000000000000e+00,0.000000000000000000e+00,0.000000000000000000e+00,5.741306398269704347e-01,5.514650276216033209e-01,5.305444357425532775e-01,0.000000000000000000e+00,0.000000000000000000e+00
4.391809788812339188e-01,4.199857324203353226e-01,3.751123193738766792e-01,4.583642299861884761e-01,3.952504580348237817e-01,0.000000000000000000e+00,4.447715922436578095e-01,4.119491925276869138e-01,3.523227710249657862e-01,5.024377103592345684e-01,3.646214264197892851e-01,4.759371897072995905e-01,4.163137880925320000e-01,0.000000000000000000e+00,4.442272715312198805e-01,4.452588896749419267e-01,4.920263491104642783e-01,4.653037335962904031e-01,4.211419188676718828e-01,4.319653370772412737e-01,4.205144606508495198e-01,4.387217412714777831e-01,3.983136143344320201e-01,4.710644069629714159e-01,4.135448734000998772e-01,4.370186824860706754e-01,3.713886418345831997e-01,4.099009357242802132e-01,3.546954395971956830e-01,4.549235301943426735e-01,4.802299378662490126e-01,4.425169785043764903e-01,4.240588555309319219e-01,4.835159544455159830e-01,4.794750924338556097e-01,4.833176322914948808e-01,4.976451368300183198e-01,4.544877180447939868e-01,5.213766966511694800e-01,0.000000000000000000e+00,5.341663201843265263e-01,5.433122444159345088e-01,5.032848954581085055e-01,0.000000000000000000e+00,0.000000000000000000e+00,0.000000000000000000e+00,4.740087175418319920e-01,5.624473373432177237e-01,0.000000000000000000e+00,5.516635006328658442e-01,5.488920772664582781e-01,5.488485753676005663e-01,4.771792281313959050e-01,5.741295855341856935e-01,0.000000000000000000e+00,5.443862910991896786e-01,0.000000000000000000e+00,5.340452716213681672e-01,0.000000000000000000e+00,4.986122814304168038e-01,0.000000000000000000e+00,0.000000000000000000e+00,0.000000000000000000e+00,5.717682892636370973e-01,4.991599745191772075e-01,4.978041866102201896e-01,4.953088473183628881e-01,5.428160310534497768e-01,0.000000000000000000e+00,0.000000000000000000e+00,4.967666339050048063e-01,5.469758352195284168e-01,5.327698978477434233e-01,5.193639799748571706e-01,5.252568168677956839e-01,5.237236716945031789e-01
4.285713222931678001e-01,4.545568728913715884e-01,4.628091205843906097e-01,3.236480355825224198e-01,3.629841028798063141e-01,4.447715922436578095e-01,0.000000000000000000e+00,4.746098985357978250e-01,4.109519848728849234e-01,4.639699347307171817e-01,4.566836787014690868e-01,4.260152367191593070e-01,3.662838588623987812e-01,3.523827164780676258e-01,0.000000000000000000e+00,4.776635177470222038e-01,4.852380815385944901e-01,4.723845172333414055e-01,4.825862085812889224e-01,4.766784724283265051e-01,4.776071152809834852e-01,4.763850183060753807e-01,4.649157090263502101e-01,4.218920254261159242e-01,4.478673021191936221e-01,4.453119509483863814e-01,4.517942177791062774e-01,3.857710598873578811e-01,4.613445493995276259e-01,4.739315216394274222e-01,4.764998289817635735e-01,4.672473093631551166e-01,4.313090130890844809e-01,4.701795269782325093e-01,4.329225632519341782e-01,3.820926752348063893e-01,4.244803765512564220e-01,4.074004129720095735e-01,5.360628746532534183e-01,3.899945285389435079e-01,5.517254603420660430e-01,5.651813891633276077e-01,5.207905602102124165e-01,0.000000000000000000e+00,0.000000000000000000e+00,0.000000000000000000e+00,4.861934243555856017e-01,5.736102551757165102e-01,0.000000000000000000e+00,5.711859511025294545e-01,5.701081054291932126e-01,5.606047456819849284e-01,5.148307005075917209e-01,5.847096962087525718e-01,0.000000000000000000e+00,5.460425171724470061e-01,4.662386532960586250e-01,5.448352123907931333e-01,0.000000000000000000e+00,0.000000000000000000e+00,0.000000000000000000e+00,0.000000000000000000e+00,0.000000000000000000e+00,5.729050744795047834e-01,5.166129505182536219e-01,0.000000000000000000e+00,4.871307470613742141e-01,5.683999272097707278e-01,3.544934391975402832e-01,5.259336964477608900e-01,4.975968629120410824e-01,5.645005969825868108e-01,5.433092067928080304e-01,5.337328222930359800e-01,0.000000000000000000e+00,5.411938358410813832e-01
5.084990778719934434e-01,4.888731642492025742e-01,4.313614696280542726e-01,3.958547200340242767e-01,4.384960303892425082e-01,4.119491925276869138e-01,4.746098985357978250e-01,0.000000000000000000e+00,4.679343008876418186e-01,4.958764084255641857e-01,2.718353241839863155e-01,4.916851616575064199e-01,4.731440755420445732e-01,3.472172044342863861e-01,4.519744901699184747e-01,4.619973409327072789e-01,0.000000000000000000e+00,4.913031215083136227e-01,4.297602458912366252e-01,4.270051490033894837e-01,4.044888422337111211e-01,4.393570521148152941e-01,3.663250925252565238e-01,5.053847930068094962e-01,5.025184392804392663e-01,5.109136748996395694e-01,4.310949844657369079e-01,4.420665449308974759e-01,4.100980433155598792e-01,4.319383533211225146e-01,4.521081703479444269e-01,4.076023155489615912e-01,3.844404109997668906e-01,4.603354234616510166e-01,4.815244723054529219e-01,3.520644171784116927e-01,3.748389854346934058e-01,0.000000000000000000e+00,4.817651291275311110e-01,0.000000000000000000e+00,4.970037644627247064e-01,5.163759313925984085e-01,4.681365490390941853e-01,0.000000000000000000e+00,0.000000000000000000e+00,0.000000000000000000e+00,0.000000000000000000e+00,5.249970169580162604e-01,0.000000000000000000e+00,5.061140439454423490e-01,5.107327433669690553e-01,4.995397195396161782e-01,3.723261364600524148e-01,5.483057064088562305e-01,0.000000000000000000e+00,4.968500035695231909e-01,0.000000000000000000e+00,4.938681885767273738e-01,0.000000000000000000e+00,5.089228168562208721e-01,0.000000000000000000e+00,0.000000000000000000e+00,0.000000000000000000e+00,5.289505473416569181e-01,4.901836882948443774e-01,4.624173864912322074e-01,5.188792578517510412e-01,4.854626115291674204e-01,0.000000000000000000e+00,0.000000000000000000e+00,5.197424292564392090e-01,5.082848026662953878e-01,4.952830129224813915e-01,4.899498250396484011e-01,0.000000000000000000e+00,4.851766433529607903e-01
4.465644479972273873e-01,4.245616712605271847e-01,3.148482505003076803e-01,4.431533558210045132e-01,3.565329643378249980e-01,3.523227710249657862e-01,4.109519848728849234e-01,4.679343008876418186e-01,0.000000000000000000e+00,5.023676543464440369e-01,3.383600212006157015e-01,4.768743945325175093e-01,3.995492835011261179e-01,4.113274666695627135e-01,0.000000000000000000e+00,0.000000000000000000e+00,5.016224678637100087e-01,4.919244244005122058e-01,2.976726093359514103e-01,4.442857661360539168e-01,4.171482303427048177e-01,4.442348506206365011e-01,4.142668195902066142e-01,4.666166378238704726e-01,4.827008982703672735e-01,4.543039777834527171e-01,3.710655312714473131e-01,5.012718672552842758e-01,4.255759134683146927e-01,4.864410830586505252e-01,5.089294819541836379e-01,4.677441209657189902e-01,4.530888490201617769e-01,5.062380702129228860e-01,5.002879870862552147e-01,4.693300893280101249e-01,4.992048157627639871e-01,4.655408602622633230e-01,5.576480398416786555e-01,0.000000000000000000e+00,5.524121434640850703e-01,5.637622593855593500e-01,5.408709945005364395e-01,0.000000000000000000e+00,0.000000000000000000e+00,0.000000000000000000e+00,0.000000000000000000e+00,5.728861138376976081e-01,0.000000000000000000e+00,5.642012824719487840e-01,5.798295489325503427e-01,5.803889856744165465e-01,5.566137186059768593e-01,5.837788327237143360e-01,0.000000000000000000e+00,5.441731118780080978e-01,4.978310321949548922e-01,5.689689958461032759e-01,0.000000000000000000e+00,4.914235491070955142e-01,0.000000000000000000e+00,0.000000000000000000e+00,0.000000000000000000e+00,5.804841815950525508e-01,4.756987669243372130e-01,0.000000000000000000e+00,4.879221041402740933e-01,5.794743357621490176e-01,4.133864800784599058e-01,0.000000000000000000e+00,4.890099512063352249e-01,5.783362352568700571e-01,5.540282382032913899e-01,5.226329632270557690e-01,0.000000000000000000e+00,5.483665477331095550e-01
3.965483118549101849e-01,3.952441196070923257e-01,4.855326439715890174e-01,0.000000000000000000e+00,4.860163864972730230e-01,5.024377103592345684e-01,4.639699347307171817e-01,4.958764084255641857e-01,5.023676543464440369e-01,0.000000000000000000e+00,4.886239498231377820e-01,3.257187897568070145e-01,4.566724564873425041e-01,4.420187808654901795e-01,0.000000000000000000e+00,4.087387315916298225e-01,3.566316293731345843e-01,3.814897187774339837e-01,4.857318055195244955e-01,4.222051684542210137e-01,4.672911402149457771e-01,4.054396540042011776e-01,4.914459007753719799e-01,3.285481652889913895e-01,3.383215912080840271e-01,3.489186254923908881e-01,4.901831632003830763e-01,4.141615818357854972e-01,4.696288426180291742e-01,4.116560933210201001e-01,3.587059917463975012e-01,3.637361307056843907e-01,3.397084663975634133e-01,3.451603684606709965e-01,3.260382016147120865e-01,4.379482222137008884e-01,3.125289218732836272e-01,3.221316738513195777e-01,3.208077025592969145e-01,4.615331090663054026e-01,3.759217172781800786e-01,3.665250686831112992e-01,0.000000000000000000e+00,0.000000000000000000e+00,3.804729885499922859e-01,4.035359894875075737e-01,4.843392861143643868e-01,0.000000000000000000e+00,0.000000000000000000e+00,0.000000000000000000e+00,0.000000000000000000e+00,0.000000000000000000e+00,0.000000000000000000e+00,5.003681030045433742e-01,4.994686552293390869e-01,0.000000000000000000e+00,4.847056216736582157e-01,4.650622716806420143e-01,0.000000000000000000e+00,0.000000000000000000e+00,4.808771865888433195e-01,5.132941745178251081e-01,5.070621993208010991e-01,0.000000000000000000e+00,0.000000000000000000e+00,0.000000000000000000e+00,4.297781811445265943e-01,0.000000000000000000e+00,4.153204259725277181e-01,5.018245902891416144e-01,4.963513851280514921e-01,0.000000000000000000e+00,4.485354658558499130e-01,0.000000000000000000e+00,0.000000000000000000e+00,4.685820080342554816e-01
0.000000000000000000e+00,0.000000000000000000e+00,3.188349599987653216e-01,3.748484737017306889e-01,3.577337530615403161e-01,3.646214264197892851e-01,4.566836787014690868e-01,2.718353241839863155e-01,3.383600212006157015e-01,4.886239498231377820e-01,0.000000000000000000e+00,4.556562735602994185e-01,4.823738372094796834e-01,3.288834258557690182e-01,0.000000000000000000e+00,0.000000000000000000e+00,4.927510019040763911e-01,4.860454320426059738e-01,2.849780470046270886e-01,0.000000000000000000e+00,0.000000000000000000e+00,0.000000000000000000e+00,2.843113090040216839e-01,4.559851915596824234e-01,4.774675850788603904e-01,4.884112301426802860e-01,3.713667210358639892e-01,4.761776375358592883e-01,0.000000000000000000e+00,0.000000000000000000e+00,4.924998184443886151e-01,4.155306175651182765e-01,4.494435593176722143e-01,4.866055556475983868e-01,4.730460554276212926e-01,3.261654036507470877e-01,4.031632276181377761e-01,4.387717871329083197e-01,5.004420235213258294e-01,4.128211174992211241e-01,5.464998443319660781e-01,0.000000000000000000e+00,4.956651450900019240e-01,0.000000000000000000e+00,0.000000000000000000e+00,0.000000000000000000e+00,0.000000000000000000e+00,5.477075573292160549e-01,0.000000000000000000e+00,5.317521006624367219e-01,5.604164209317861189e-01,5.533758336705590919e-01,5.012509246528158435e-01,5.559857998449243555e-01,0.000000000000000000e+00,2.770462650519495140e-01,0.000000000000000000e+00,5.390290465935108077e-01,0.000000000000000000e+00,0.000000000000000000e+00,0.000000000000000000e+00,0.000000000000000000e+00,0.000000000000000000e+00,5.490204079876785936e-01,0.000000000000000000e+00,0.000000000000000000e+00,0.000000000000000000e+00,5.604341242627590702e-01,0.000000000000000000e+00,0.000000000000000000e+00,0.000000000000000000e+00,5.624715612746621352e-01,5.298212654038501057e-01,5.152059363451639840e-01,0.000000000000000000e+00,0.000000000000000000e+00
3.931912281188073011e-01,3.781631927835876206e-01,4.710618776557116139e-01,2.425408512353897095e-01,4.484365217916970181e-01,4.759371897072995905e-01,4.260152367191593070e-01,4.916851616575064199e-01,4.768743945325175093e-01,3.257187897568070145e-01,4.556562735602994185e-01,0.000000000000000000e+00,4.324514084130086089e-01,3.624123306292014735e-01,0.000000000000000000e+00,4.115563097752463206e-01,4.127550914179126118e-01,3.983330719164241973e-01,4.826783901224058759e-01,0.000000000000000000e+00,4.715204152891525058e-01,4.144572540467290067e-01,4.688573539378710908e-01,3.283906540523975903e-01,3.850340423112232902e-01,3.236854247613589197e-01,4.425538418805672891e-01,3.307244560792675925e-01,0.000000000000000000e+00,0.000000000000000000e+00,3.754847544435829798e-01,2.809287998452723034e-01,3.350169108349411728e-01,2.709540655535194187e-01,3.091471192593315265e-01,3.419191772346131253e-01,2.899920670068326101e-01,2.695202899114729211e-01,2.810150982702894762e-01,4.636080079105904250e-01,3.595676083532002854e-01,3.709660081829301848e-01,3.262683444653686760e-01,0.000000000000000000e+00,3.769326172997943813e-01,4.051877598933542046e-01,0.000000000000000000e+00,0.000000000000000000e+00,0.000000000000000000e+00,0.000000000000000000e+00,0.000000000000000000e+00,4.689671423404139228e-01,0.000000000000000000e+00,0.000000000000000000e+00,5.039516124934674268e-01,0.000000000000000000e+00,4.931375338198745739e-01,4.649245359655626020e-01,0.000000000000000000e+00,0.000000000000000000e+00,4.906450853415246227e-01,5.178227239439718854e-01,5.059131319413212591e-01,0.000000000000000000e+00,0.000000000000000000e+00,0.000000000000000000e+00,0.000000000000000000e+00,0.000000000000000000e+00,3.872401913698623743e-01,5.025076058755598707e-01,4.930443152626676206e-01,0.000000000000000000e+00,4.546296540202139913e-01,0.000000000000000000e+00,0.000000000000000000e+00,4.775550482246144757e-01
4.385254047829664770e-01,4.524361767007488155e-01,4.829465378366705197e-01,3.521941741407609849e-01,4.128345013160356070e-01,4.163137880925320000e-01,3.662838588623987812e-01,4.731440755420445732e-01,3.995492835011261179e-01,4.566724564873425041e-01,4.823738372094796834e-01,4.324514084130086089e-01,0.000000000000000000e+00,3.755643984080462849e-01,4.473232707685161902e-01,4.719752918473256176e-01,4.618326087810770142e-01,4.627902092966206804e-01,4.975340247524527859e-01,4.625114247866212724e-01,4.664877917035178956e-01,4.728330665385290787e-01,4.651783434112741755e-01,4.337751203027264135e-01,4.454443034976143245e-01,4.479385334923652873e-01,4.557618578167427215e-01,3.849878202457843734e-01,4.299139777598445789e-01,4.040113007302166270e-01,4.497226225025057200e-01,4.684941121167974787e-01,4.387245801394326072e-01,4.558556724110087166e-01,4.300207277264472827e-01,4.403774887131414184e-01,4.487375912073581219e-01,4.076398774715775941e-01,4.481243382458022784e-01,4.255691190207778751e-01,4.508204788341088065e-01,5.316645073743300198e-01,5.185746113779113875e-01,0.000000000000000000e+00,0.000000000000000000e+00,0.000000000000000000e+00,4.873965935273987249e-01,5.694605407579905743e-01,0.000000000000000000e+00,5.646228778848784158e-01,5.574563796150643347e-01,5.506725342103893084e-01,5.128716013003584706e-01,5.821792637106592005e-01,4.855673725974887223e-01,5.457222770568720405e-01,4.639475402024370032e-01,5.374487937752432387e-01,0.000000000000000000e+00,5.188143474970570157e-01,0.000000000000000000e+00,0.000000000000000000e+00,5.174283760305976587e-01,5.756769848148775015e-01,5.190332789736957775e-01,0.000000000000000000e+00,4.846841069100258914e-01,5.530058900057183147e-01,0.000000000000000000e+00,5.000684419756941113e-01,5.090278298331212259e-01,5.532016488174434921e-01,5.443838282972764953e-01,5.300069162102082343e-01,0.000000000000000000e+00,5.312840061181433038e-01
0.000000000000000000e+00,0.000000000000000000e+00,3.851914053967389062e-01,3.204904611961911232e-01,3.101402299755027792e-01,0.000000000000000000e+00,3.523827164780676258e-01,3.472172044342863861e-01,4.113274666695627135e-01,4.420187808654901795e-01,3.288834258557690182e-01,3.624123306292014735e-01,3.755643984080462849e-01,0.000000000000000000e+00,0.000000000000000000e+00,0.000000000000000000e+00,0.000000000000000000e+00,0.000000000000000000e+00,3.470283031122862183e-01,0.000000000000000000e+00,0.000000000000000000e+00,0.000000000000000000e+00,3.808733593415999930e-01,0.000000000000000000e+00,0.000000000000000000e+00,0.000000000000000000e+00,4.128143813698794129e-01,3.723840816137619081e-01,0.000000000000000000e+00,0.000000000000000000e+00,4.450933229668950775e-01,2.861858588544984872e-01,0.000000000000000000e+00,4.200811993694841817e-01,0.000000000000000000e+00,2.589875019701772807e-01,2.031775467385396050e-01,0.000000000000000000e+00,0.000000000000000000e+00,0.000000000000000000e+00,0.000000000000000000e+00,0.000000000000000000e+00,0.000000000000000000e+00,0.000000000000000000e+00,0.000000000000000000e+00,0.000000000000000000e+00,0.000000000000000000e+00,3.605516150019406063e-01,0.000000000000000000e+00,0.000000000000000000e+00,0.000000000000000000e+00,0.000000000000000000e+00,0.000000000000000000e+00,0.000000000000000000e+00,0.000000000000000000e+00,0.000000000000000000e+00,0.000000000000000000e+00,0.000000000000000000e+00,0.000000000000000000e+00,0.000000000000000000e+00,0.000000000000000000e+00,0.000000000000000000e+00,0.000000000000000000e+00,0.000000000000000000e+00,0.000000000000000000e+00,0.000000000000000000e+00,0.000000000000000000e+00,0.000000000000000000e+00,0.000000000000000000e+00,0.000000000000000000e+00,0.000000000000000000e+00,0.000000000000000000e+00,0.000000000000000000e+00,0.000000000000000000e+00,0.000000000000000000e+00,0.000000000000000000e+00
4.024424187746317161e-01,4.405734135279664176e-01,0.000000000000000000e+00,0.000000000000000000e+00,0.000000000000000000e+00,4.442272715312198805e-01,0.000000000000000000e+00,4.519744901699184747e-01,0.000000000000000000e+00,0.000000000000000000e+00,0.000000000000000000e+00,0.000000000000000000e+00,4.473232707685161902e-01,0.000000000000000000e+00,0.000000000000000000e+00,4.541386200494890724e-01,4.092538007532025013e-01,4.356574709216626262e-01,0.000000000000000000e+00,3.514862475889661275e-01,4.047681546468704927e-01,4.314110675132237227e-01,3.967761427842482203e-01,4.559907412496924106e-01,4.323101266126311848e-01,4.245701566679435102e-01,4.220006278928173926e-01,4.471779111510826854e-01,4.294504509261772851e-01,0.000000000000000000e+00,4.382787639447818240e-01,4.669503681909868975e-01,4.475654580236760882e-01,4.475643067654920260e-01,5.101097292040671638e-01,4.352252840830108105e-01,0.000000000000000000e+00,4.093779852447265166e-01,4.562941866941888081e-01,5.109450307527605428e-01,5.017153872971357176e-01,5.330301991845839416e-01,4.280791876344947067e-01,0.000000000000000000e+00,0.000000000000000000e+00,5.336282439658666110e-01,5.037385405328761445e-01,0.000000000000000000e+00,0.000000000000000000e+00,0.000000000000000000e+00,4.994434354164246082e-01,4.933260317965854069e-01,4.967300934509428223e-01,0.000000000000000000e+00,0.000000000000000000e+00,0.000000000000000000e+00,0.000000000000000000e+00,4.972057699132891861e-01,0.000000000000000000e+00,5.284478213757687337e-01,4.826032118785139047e-01,0.000000000000000000e+00,4.660760322750288065e-01,0.000000000000000000e+00,5.068726215835762661e-01,5.112753358309136686e-01,5.361891656215334034e-01,5.106908818759132718e-01,0.000000000000000000e+00,4.712504439794054090e-01,5.650865953996452307e-01,5.221838738675464997e-01,4.897884393143009940e-01,4.957993049769341964e-01,4.854892309837978148e-01,4.869682686884496126e-01
4.249431597906052072e-01,4.316779656719544889e-01,0.000000000000000000e+00,0.000000000000000000e+00,4.572808060672443053e-01,4.452588896749419267e-01,4.776635177470222038e-01,4.619973409327072789e-01,0.000000000000000000e+00,4.087387315916298225e-01,0.000000000000000000e+00,4.115563097752463206e-01,4.719752918473256176e-01,0.000000000000000000e+00,4.541386200494890724e-01,0.000000000000000000e+00,4.055306388318116184e-01,3.666994438715596161e-01,0.000000000000000000e+00,4.318908827863460198e-01,4.408068628560691815e-01,4.025501277514521026e-01,4.500869002243709227e-01,3.894876632871864253e-01,4.067592805658847843e-01,4.462436311058938232e-01,4.517004144006314115e-01,4.587381515052196268e-01,4.446204052863733103e-01,4.436662759311911230e-01,3.939842606379687084e-01,4.629836106805890750e-01,4.064059328333665122e-01,3.984729902190878859e-01,4.603995552533293734e-01,0.000000000000000000e+00,0.000000000000000000e+00,0.000000000000000000e+00,4.906477001104284086e-01,4.666831692521882236e-01,4.615476289383019237e-01,4.867285734691205179e-01,0.000000000000000000e+00,0.000000000000000000e+00,0.000000000000000000e+00,4.831110982351454197e-01,5.022030371869863341e-01,0.000000000000000000e+00,0.000000000000000000e+00,0.000000000000000000e+00,4.765751815455179785e-01,0.000000000000000000e+00,0.000000000000000000e+00,0.000000000000000000e+00,5.154936729466671474e-01,0.000000000000000000e+00,4.976483995212311884e-01,4.736952644809210855e-01,0.000000000000000000e+00,5.077138104704568278e-01,4.797586245534268268e-01,0.000000000000000000e+00,4.886728915391362893e-01,0.000000000000000000e+00,4.804364696196729012e-01,0.000000000000000000e+00,4.929421397780375802e-01,5.063670355880188767e-01,0.000000000000000000e+00,4.826236960767213979e-01,5.122723188032840547e-01,4.996499316864381757e-01,5.056266742759003563e-01,4.802757642409645755e-01,0.000000000000000000e+00,4.581131592864288171e-01
4.179707641684197728e-01,4.055992817041020881e-01,4.896934154372942216e-01,0.000000000000000000e+00,4.914214103069529105e-01,4.920263491104642783e-01,4.852380815385944901e-01,0.000000000000000000e+00,5.016224678637100087e-01,3.566316293731345843e-01,4.927510019040763911e-01,4.127550914179126118e-01,4.618326087810770142e-01,0.000000000000000000e+00,4.092538007532025013e-01,4.055306388318116184e-01,0.000000000000000000e+00,3.429258701748055804e-01,5.104203390402698437e-01,4.026278496935757900e-01,0.000000000000000000e+00,4.069736218226522872e-01,4.415168583200861918e-01,3.871408009995144783e-01,3.378375847789764075e-01,3.905505619229678871e-01,4.252836904749606739e-01,4.538014491735410938e-01,4.077927872848342017e-01,0.000000000000000000e+00,3.800094415035826789e-01,4.461233301670046170e-01,3.719199158243152170e-01,3.758960259373756996e-01,3.618976368335389826e-01,4.829114179411138075e-01,0.000000000000000000e+00,3.673474364936143988e-01,5.196716099981332215e-01,4.958808937692070762e-01,4.884369473357492164e-01,0.000000000000000000e+00,0.000000000000000000e+00,0.000000000000000000e+00,0.000000000000000000e+00,4.419925800069047228e-01,4.766467167859602116e-01,0.000000000000000000e+00,0.000000000000000000e+00,0.000000000000000000e+00,0.000000000000000000e+00,0.000000000000000000e+00,0.000000000000000000e+00,0.000000000000000000e+00,5.270664391530713866e-01,0.000000000000000000e+00,5.138490564405477912e-01,0.000000000000000000e+00,0.000000000000000000e+00,0.000000000000000000e+00,4.821337148167840203e-01,5.271507517377735930e-01,5.123855284937295362e-01,0.000000000000000000e+00,0.000000000000000000e+00,0.000000000000000000e+00,0.000000000000000000e+00,0.000000000000000000e+00,4.545016299164804097e-01,5.108379399511037144e-01,5.151025924417403923e-01,0.000000000000000000e+00,0.000000000000000000e+00,0.000000000000000000e+00,0.000000000000000000e+00,4.981533546103210086e-01
3.985923146021224106e-01,4.243351945747431131e-01,4.911531700051838256e-01,0.000000000000000000e+00,4.884202619346401097e-01,4.653037335962904031e-01,4.723845172333414055e-01,4.913031215083136227e-01,4.919244244005122058e-01,3.814897187774339837e-01,4.860454320426059738e-01,3.983330719164241973e-01,4.627902092966206804e-01,0.000000000000000000e+00,4.356574709216626262e-01,3.666994438715596161e-01,3.429258701748055804e-01,0.000000000000000000e+00,5.037777581070457256e-01,4.422308664816472223e-01,4.398899994073537933e-01,4.312038421071814898e-01,4.578019212196647869e-01,3.694625748821445121e-01,3.656313744633333251e-01,4.007182990632315867e-01,4.472350164128602867e-01,4.463604900614628890e-01,4.430613924951414817e-01,4.309702420786805099e-01,3.943771081931384259e-01,4.536273000766030128e-01,3.841340313969798248e-01,3.887131522532997208e-01,4.093478512833996219e-01,0.000000000000000000e+00,0.000000000000000000e+00,3.598713002984003095e-01,5.057088491317799361e-01,4.709814238407252218e-01,4.634966401393614266e-01,4.836975617930571736e-01,0.000000000000000000e+00,0.000000000000000000e+00,0.000000000000000000e+00,4.548781727912545869e-01,4.927372155183005753e-01,0.000000000000000000e+00,0.000000000000000000e+00,0.000000000000000000e+00,4.682419744597728917e-01,0.000000000000000000e+00,0.000000000000000000e+00,0.000000000000000000e+00,5.266832419159550582e-01,0.000000000000000000e+00,5.110594278981575034e-01,4.765489309403451723e-01,0.000000000000000000e+00,0.000000000000000000e+00,4.846828726580069135e-01,5.085939617706917160e-01,4.964175215086790161e-01,0.000000000000000000e+00,4.646738458408005146e-01,0.000000000000000000e+00,4.686952032638845855e-01,0.000000000000000000e+00,4.546545586931898253e-01,4.883069455756344213e-01,4.973023440947730855e-01,0.000000000000000000e+00,4.535716367781640890e-01,4.632659932315604800e-01,0.000000000000000000e+00,4.679583575003716245e-01
0.000000000000000000e+00,0.000000000000000000e+00,2.537452326393677127e-01,3.842737420764644751e-01,4.006914363000729229e-01,4.211419188676718828e-01,4.825862085812889224e-01,4.297602458912366252e-01,2.976726093359514103e-01,4.857318055195244955e-01,2.849780470046270886e-01,4.826783901224058759e-01,4.975340247524527859e-01,3.470283031122862183e-01,0.000000000000000000e+00,0.000000000000000000e+00,5.104203390402698437e-01,5.037777581070457256e-01,0.000000000000000000e+00,0.000000000000000000e+00,0.000000000000000000e+00,0.000000000000000000e+00,2.722841099209022953e-01,4.742539088181529916e-01,4.925913693235529078e-01,4.886010092657476211e-01,3.376308407565881131e-01,4.986669389607313874e-01,0.000000000000000000e+00,0.000000000000000000e+00,5.146354790532998713e-01,4.525234684030717824e-01,4.837401792686734092e-01,5.027020916951194796e-01,4.915436125712184245e-01,3.899685028445779023e-01,4.753835927628187741e-01,4.505413617352925781e-01,5.287653816321122857e-01,0.000000000000000000e+00,5.689250029298116296e-01,0.000000000000000000e+00,5.336434707054297233e-01,0.000000000000000000e+00,0.000000000000000000e+00,0.000000000000000000e+00,0.000000000000000000e+00,3.457323825682409035e-01,0.000000000000000000e+00,5.700964401391159786e-01,5.769695899281360729e-01,5.701196466474686142e-01,5.462337181170814349e-01,5.718194128069107318e-01,0.000000000000000000e+00,3.545156024552086893e-01,0.000000000000000000e+00,5.542304481127676707e-01,0.000000000000000000e+00,0.000000000000000000e+00,0.000000000000000000e+00,0.000000000000000000e+00,0.000000000000000000e+00,5.594787327142489719e-01,0.000000000000000000e+00,0.000000000000000000e+00,0.000000000000000000e+00,5.791803112822945243e-01,0.000000000000000000e+00,0.000000000000000000e+00,0.000000000000000000e+00,5.792272989169929831e-01,5.524528046204464360e-01,0.000000000000000000e+00,0.000000000000000000e+00,0.000000000000000000e+00
4.749492634794619250e-01,4.428658898647325204e-01,0.000000000000000000e+00,0.000000000000000000e+00,4.513205822627872066e-01,4.319653370772412737e-01,4.766784724283265051e-01,4.270051490033894837e-01,4.442857661360539168e-01,4.222051684542210137e-01,0.000000000000000000e+00,0.000000000000000000e+00,4.625114247866212724e-01,0.000000000000000000e+00,3.514862475889661275e-01,4.318908827863460198e-01,4.026278496935757900e-01,4.422308664816472223e-01,0.000000000000000000e+00,0.000000000000000000e+00,4.545137613152104850e-01,3.917559930463830886e-01,3.636968571395132188e-01,4.566639505481742134e-01,4.347497775170550138e-01,4.659135147289459877e-01,3.833809719532227933e-01,4.295081178708919922e-01,3.748108903223750232e-01,3.896777893008996907e-01,4.044681830708937165e-01,4.508071805201840920e-01,4.054614072515976275e-01,4.423616269566721937e-01,4.979046734934984841e-01,5.037060623110274360e-01,5.440037250518798828e-01,4.201086051207050809e-01,4.859009997601975162e-01,4.429914086109218996e-01,5.091210004693897950e-01,4.926288671137578068e-01,4.622902741899321266e-01,0.000000000000000000e+00,0.000000000000000000e+00,0.000000000000000000e+00,4.817716030873244182e-01,0.000000000000000000e+00,0.000000000000000000e+00,0.000000000000000000e+00,5.207090155570168744e-01,5.089650272301472489e-01,4.976825500841484118e-01,5.297151628788782096e-01,5.034294108162034043e-01,0.000000000000000000e+00,0.000000000000000000e+00,5.165283741005253226e-01,0.000000000000000000e+00,5.125797604992384793e-01,4.814877164753159078e-01,0.000000000000000000e+00,4.640466603073286067e-01,0.000000000000000000e+00,5.149657159248639537e-01,5.018223815867651760e-01,5.133088000923459182e-01,5.297904006286723311e-01,0.000000000000000000e+00,4.668162199400532897e-01,5.229737998081738226e-01,5.360061075835171884e-01,5.179805744794252487e-01,5.182536079492946479e-01,5.196254104397223239e-01,5.045961337335963526e-01
4.118696374634721047e-01,4.564175183507986899e-01,4.036351950654238907e-01,0.000000000000000000e+00,0.000000000000000000e+00,4.205144606508495198e-01,4.776071152809834852e-01,4.044888422337111211e-01,4.171482303427048177e-01,4.672911402149457771e-01,0.000000000000000000e+00,4.715204152891525058e-01,4.664877917035178956e-01,0.000000000000000000e+00,4.047681546468704927e-01,4.408068628560691815e-01,0.000000000000000000e+00,4.398899994073537933e-01,0.000000000000000000e+00,4.545137613152104850e-01,0.000000000000000000e+00,4.628761488467145746e-01,4.095149711270618109e-01,4.863895453297416016e-01,4.564024937303203244e-01,4.475337719023114724e-01,4.539602504370888747e-01,4.424165551722751277e-01,4.214148034846996183e-01,4.332810152904372214e-01,4.169324428631374091e-01,4.471060227027907064e-01,3.899701575937530862e-01,4.253024994488593946e-01,4.985631826037347225e-01,4.128080691101336241e-01,0.000000000000000000e+00,0.000000000000000000e+00,4.837130784965262831e-01,5.365948464314908017e-01,4.884232654584738098e-01,5.271963089255197188e-01,4.123786824120713179e-01,0.000000000000000000e+00,0.000000000000000000e+00,4.173742190803024776e-01,5.254013758722336780e-01,0.000000000000000000e+00,0.000000000000000000e+00,0.000000000000000000e+00,4.797129054735871923e-01,4.924292252471428877e-01,4.126815966394030144e-01,0.000000000000000000e+00,0.000000000000000000e+00,0.000000000000000000e+00,0.000000000000000000e+00,4.840039308061577783e-01,0.000000000000000000e+00,5.178268038716671295e-01,5.002794804919782345e-01,0.000000000000000000e+00,0.000000000000000000e+00,0.000000000000000000e+00,4.965712900650183781e-01,4.429875372974962922e-01,5.396312040492173834e-01,4.733375495326523907e-01,0.000000000000000000e+00,4.790717550328358887e-01,5.617059518393737738e-01,4.994527313311327155e-01,4.808149767504948935e-01,4.769102666670306800e-01,4.800718962435578940e-01,4.719191194102452802e-01
