0.0,0.6700445683985856,0.4134465808754157,0.0,0.38464926995572357,0.26257865841049044,0.33930420792289373,0.5497000376454944,0.40657796070504076,0.34323741068598457,0.42027320200639895,0.29958411991867057,0.33386050875186646,0.5541000547679911,0.09129527463471329,0.3289004247993255,0.03955240966170154,0.15779367917698395,0.0,0.6008647055232952,0.6625739787831746,0.6555049361448115,0.5440714545747641,0.6629346678858463,0.18407019425450927,0.4965025893617624,0.4797228504844553,0.5518172196065948,0.3432302019044794,0.6543505153887563,0.6528516699088791,0.8466490908208131,0.6310849985821768,0.6325726619163137,0.8658013640110817,0.6887671727102376,0.4830982615639612,0.7663033690370051,0.7050666115670577,0.559136904075525,0.6213249820667446,0.7735268051943206,0.5096710633587975,0.0,0.4797363265628126,0.6238641884185818,0.592403770279109,0.0,0.0,0.0,0.5740588352934461,0.0,0.6706391824183053,0.0,0.5825904566278297,0.0,0.6462654161782496,0.7960555233442937,0.0,0.6651676699033477,0.5773672698443325,0.043580421266937286,0.3875314678026369,0.0,0.516752719198092,0.4809368351834362,0.5033277656264307,0.6950547703124217,0.6739258573349756,0.4713026172806417,0.6568564813031739,0.4709636166792214,0.4351087637491414,0.608718655636808,0.0,0.5379583066044784
0.6700445683985856,0.0,0.49650479307484896,0.32514126332480914,0.432998670184248,0.4155766272738305,0.3863231809018959,0.5219795372021392,0.36403054322181094,0.22348250229502614,0.3125688628623724,0.23226852183732263,0.40328242826801336,0.5665648308997624,0.4409311435792804,0.25950053707188964,0.0879120171716336,0.20581148658999532,0.5689146861162601,0.3664419575814688,0.6315653170710779,0.5036907458268916,0.5474289260886978,0.2299858507363554,0.23698073979384707,0.41048512500499323,0.42419934491730843,0.41656946027289277,0.30501385642897955,0.5129440161430523,0.7119132252553323,0.7684162482409608,0.3632521688847227,0.5533452221825069,0.6470240176200257,0.562817624226908,0.21974274054521042,0.0,0.5746908295477466,0.520748108230985,0.5548591489123575,0.768571106952544,0.6612359556875578,0.0,0.0,0.5247718890939784,0.5441370827265717,-0.028716801030262903,0.0,0.0,0.36286240923720453,0.6428151690690153,0.5847779334147716,0.591782585067396,0.5892164467937495,0.0,0.42617283470327794,0.6569647769003714,0.0,0.5421158320894334,0.5347106015267762,0.12948813501623674,0.43657551477408707,0.0,0.5034408260418396,0.6283719516927909,0.7302334906056973,0.5264871279323914,0.4711727950999025,0.40103165468474145,0.541343034184087,0.5912257082639952,0.6074135822655041,0.38539880721044856,0.0,0.6880938337021096
0.4134465808754157,0.49650479307484896,0.0,0.5056955064022479,0.2694056524494878,0.17431216940773442,0.28909692595567105,0.4832304068458019,0.1973354555797772,0.19792934873034404,0.3281814194729299,0.2144614687042044,0.30442377062302717,0.5368357276682043,0.3772961621760776,0.3652793184433194,0.6517050404720116,0.5509320718631664,0.405919117525385,0.3632680075669351,0.4561337411662219,0.2702857999768655,0.4960212552965981,0.44230555185926873,0.3273354003323776,0.09993942397901034,0.2955101841346491,0.38639428354477545,0.16968838305310288,0.39024356828480666,0.3195042231495677,0.3467392234587613,0.5173160234242659,0.4015523621844243,0.4404043867676764,0.43726328836555006,0.27799080261203446,0.5459859643503425,0.6268755426116258,0.46821117730535516,0.5032763709088062,0.5098949919246281,0.4685320542716819,0.6307396170205019,0.0,0.0,0.1841321634193115,0.40500142374505294,0.5050699749791858,0.4687178771102971,0.5840352579107233,0.5189500292006878,0.6468601013066873,0.6932291458084207,0.3773715419817293,0.8225743737530822,0.5329623865007507,0.4811172980481779,0.5370398223724467,0.29660028250590054,0.0,0.0,0.0,0.09662571326136002,0.7099182545868995,0.46986663970796944,0.15425664044062512,0.636134151830263,0.0,0.6615934459035605,0.37639269780981,0.49686483685768845,0.465820159861011,0.5602883151507305,0.7158531696829276,0.3228563719506803
0.0,0.32514126332480914,0.5056955064022479,0.0,0.41914933436257973,0.44464567093632473,0.5574042371398877,0.5016556472378813,0.40980956331040574,0.3652425612650523,0.38400147277365304,0.39751498048974665,0.38592919605682624,0.420195148758858,0.6767879073072776,0.058028981654998826,0.5863634822094377,0.5085967586799498,0.2507247379072239,0.6533039621669148,0.42771677460887475,0.6016289862011719,0.6612675734152093,0.23175514690773666,0.915429561615259,0.626364030646051,0.5575973892322545,0.4414070537822423,0.5062765268694156,0.4165235815729218,0.5093494242871396,0.48930835084023244,0.229528671424604,0.28595303407580713,0.23291913225348623,0.34127766947734484,0.3818229549406926,0.39917307344214015,0.22077165507964325,0.29759476846083954,0.36167188275908135,0.30769816746729467,0.22260247983790893,0.2373736817103701,0.0,0.0,0.0,0.4714876163525411,0.0,0.0,0.5771805414380544,0.0,0.48942099069693623,0.030039620117398445,0.0,0.19530799992928333,0.5443512536723821,0.5180317543327797,0.0,0.0,0.0,0.0,0.0,0.0,0.0,0.0,0.505601423892329,0.4395710620992776,0.0,0.0,0.0,0.509161681410009,0.46372392367414134,0.6371412899045514,0.0,0.0
0.38464926995572357,0.432998670184248,0.2694056524494878,0.41914933436257973,0.0,0.41732861451483616,0.45015805620662264,0.7344972840129451,0.29362394249270407,0.44635248633138186,0.36850473937338424,0.4639698009830172,0.5604007498000863,0.29342309706354175,0.5149474425488525,0.35814454730122497,0.5617994013021537,0.11101622435443742,0.2828178111661287,0.3517193434453017,0.5028669037708389,0.3837985891971438,0.4122661813164909,0.5618460927463527,0.3930773868987416,0.39918541690790077,0.3870053817655361,0.612805763193696,0.3857913786286117,0.42481729083002695,0.38337932636815686,0.44000707179274035,0.47148816068111293,0.4619000184399319,0.36704185832255076,0.2550870788599429,0.6051799910239148,0.5975829903633945,0.5872780291838084,0.6698398270879082,0.6446466579899721,0.38791880106454724,0.33751229126081433,0.6504386024495372,0.2668651790898058,0.0,0.4040848546063048,0.3993554083308033,0.0,0.4527019345040739,0.5581211410850268,0.45321951517746345,0.5786062407794281,0.5376050694043576,0.0,0.5358328666336626,0.3695332375609987,0.5216927069522617,0.2667105415963487,0.23656251034268935,0.4956801471568283,0.0,0.0,0.6820933580169608,0.316251663650689,0.4799600764523386,0.3613290027399248,0.5606883442382302,0.0,0.46821506038742977,0.542391195450973,0.47440712865722606,0.4842411174051415,0.4543035656506472,0.0,0.3775339796092617
0.26257865841049044,0.4155766272738305,0.17431216940773442,0.44464567093632473,0.41732861451483616,0.0,0.3876354862492451,0.5771239456051264,0.3255591387076427,0.5016292978557038,0.2875644894841082,0.4337208861205825,0.27819514310446586,0.6715138175959279,0.47827112436596303,0.3165550176274139,0.0038883369225243825,0.23695684562455416,0.29381734438771345,0.24348444795099464,0.5985247635899166,0.2587916433427352,0.44741668138419916,0.38554693051224553,0.3517991886418972,0.4611722340136894,0.325413651961343,0.3142186571750252,0.2875020358116426,0.5328305429407127,0.41710933301090125,0.6191208722505399,0.6144350667472729,0.4515516222802044,0.5871568454986101,0.42702073682417296,0.46498078159981043,0.5343246916099773,0.6327816988342987,0.3211236910805704,0.5388658990590718,0.5497512770119999,0.48834882799610835,0.5321859414072078,0.219175021751222,0.40937235006845774,0.5018894630453031,0.5280573572856693,0.6088912949309939,0.39892354871474034,0.6212845925318541,0.5516934487911327,0.7544723170777312,0.5401963863808538,0.6549876594947239,0.5254142532635644,0.3754605277300693,0.4999708407633149,0.5858856794205038,0.6338363390834165,0.4988706877377032,0.0,0.21944027344675052,0.49819551262845785,0.6052902708307597,0.36732078875542556,0.6996405505594383,0.6069296788914856,0.6196168960432622,0.3171391369148149,0.4148250318592143,0.5994869920197099,0.57022064787684,0.6554991307694524,0.5469651677653273,0.5923700566673447
0.33930420792289373,0.3863231809018959,0.28909692595567105,0.5574042371398877,0.45015805620662264,0.3876354862492451,0.0,0.589839304760235,0.3602502631421547,0.47448227024016393,0.3129048158377824,0.3909054361033837,0.4446091999379325,0.28250780477299053,0.5281194279220924,0.28883848285650915,0.30864555202080274,0.19066326938454964,0.2038710665190951,0.2869864569702467,0.4442784343092575,0.3452768413822875,0.4744408307243275,0.5422780558140968,0.33284772704866494,0.44584959733537527,0.3997420622468988,0.4570628046709883,0.3681547220157869,-0.004619395015621641,0.26270131182002004,0.5205077410925271,0.5223085476422247,0.4326473664908359,0.38923271063279685,0.4480384615931242,0.5877678669260136,0.5510223457473675,0.651049296734555,0.4644640907922596,0.6416927056712367,0.5031485963897409,0.18253693307131547,0.8391505983830526,0.360487711037168,0.0,0.5828653514755776,0.2798558890854086,0.0,0.5512041567015266,0.4957756850458742,0.42753447971868985,0.5347805297127788,0.3595773034614761,0.6087283063048109,0.5242318111865678,0.46179103420902395,0.5351744735984972,0.3243975254248408,0.3547195950834482,0.6273342009976336,0.0,0.5266205938612853,0.6074791371732944,0.6649806615139069,0.5055740900143085,0.7705952057849483,0.4981667809857837,0.5036932149196857,0.6227914520406689,0.3281727830539408,0.4732266567028761,0.46305483413321913,0.40017235179836236,0.7342264004943934,0.4434339746459622
0.5497000376454944,0.5219795372021392,0.4832304068458019,0.5016556472378813,0.7344972840129451,0.5771239456051264,0.589839304760235,0.0,0.45938390359505216,0.6036975212059879,0.5015138265073507,0.6751191007765578,0.7344647998482006,0.6596019719885171,0.11263219802621754,0.41670032458129475,0.44301974605682787,0.34456542302016996,0.5213518723548625,0.38800552114374964,0.5595519912129192,0.43096394301605434,0.4588101909510075,0.2320335774069776,0.2674544867765998,0.45243495642113646,0.4573314984865803,0.7595424836990337,0.5599845766301462,0.8397302884621644,0.71859323769908,0.8975972164712308,0.4458116341847427,0.8017505142663457,0.7629862635849414,0.558077326018651,0.7446171809988253,0.6306483722733629,0.7628923077621594,0.494625665544029,0.5505899219162521,0.6443039808830763,0.5765457155270903,0.48861431425431034,0.0,0.6182043541507551,0.429407795659738,0.3756485643997888,0.0,0.4691763036982474,0.5818984811645288,0.524450747493081,0.7498330128770612,0.3049344538495413,0.8708371253990217,0.3770380331826375,0.9440753790403731,0.47614891932821224,0.4526109875512156,0.7198804842276161,0.41478695466976934,0.0,-0.22495853106543162,0.49997785797159383,0.6340078020002259,0.7603401591623572,0.6089391903485224,0.6333427869219618,0.0,-0.08916753508769992,0.24958692252370301,0.49662372455647363,0.5808898071159876,0.69136364051645,0.4548607180059307,0.6424842315021897
0.40657796070504076,0.36403054322181094,0.1973354555797772,0.40980956331040574,0.29362394249270407,0.3255591387076427,0.3602502631421547,0.45938390359505216,0.0,0.33234274082420256,0.25410024778824225,0.28378455026548705,0.24012710989060604,0.574136449075215,0.5975754449940271,0.3136624442288042,0.495370688692632,0.5969958909349024,0.2689488116210542,0.30090437542686677,0.39275791103413654,0.2968734225619633,0.40402924232036785,0.22525467474788866,0.3083344195883241,0.3358325393386635,0.2661702741604741,0.3794233922914964,0.2510946040878288,0.4358197575451665,0.3352762448944905,0.35669746869348906,0.6297374356990744,0.3816977056837145,0.3542666123038847,0.35258262823133457,0.28629748804591715,0.3406698861401824,0.5886926011191338,0.5411153756925846,0.4444284886878112,0.2842083532613338,0.4553758210877855,0.4206046522684457,0.2988811489000667,0.0,0.47644806887635716,0.5146143607103442,0.4851928094332037,0.53840466939804,0.5643844325073366,0.5068700477985816,0.551838133027347,0.4159771130828691,0.23028941363699318,0.5489211293569493,0.5187179037062515,0.3670326679717818,0.4381852520783779,0.4513311035978549,0.6314330398901791,0.0,0.0,0.31939170491429436,0.6414946371015045,0.7041304027949684,0.5401566706956966,0.5751974421153412,0.3410482997794314,0.5536579640740067,0.26630498124077173,0.5321772266166541,0.3700947390691319,0.5359979677870975,0.4526489063334844,0.5472672549214611
0.34323741068598457,0.22348250229502614,0.19792934873034404,0.3652425612650523,0.44635248633138186,0.5016292978557038,0.47448227024016393,0.6036975212059879,0.33234274082420256,0.0,0.34626089443761765,0.5368509037709535,0.5928676544473392,0.30105066360289584,0.4838634793867106,0.26956995141184115,0.7207534345882732,0.39599020721586664,0.2559916101480277,0.4550292376791913,0.7031534880191828,0.4305569296963351,0.564364951448693,0.3977529212881117,0.6163343847039977,0.4102469958291827,0.4668649542985979,0.49125104332265673,0.3769586588262288,0.42223279165638483,0.5557723490746868,0.3491636607283741,0.657573346415099,0.564226126515359,0.4417559686591581,0.45938348640291,0.4273142480085337,0.4818211352091303,0.5894955550344356,0.3954617524094641,0.558634207820172,0.6429962060067084,0.4052059027799709,0.33398202999383986,0.51356854843926,0.6975377068455554,0.46726997741687654,0.19751636262443878,0.4672457677165196,0.44409438885258734,0.5131287073977097,0.4887046599586746,0.6033306159681333,0.25748822215974765,0.5377596843568571,0.4112732123088281,0.5379795523384883,0.6453581466174382,0.0,0.9425801173806481,0.5637898948697806,0.3673333922220591,0.20339628794707926,0.4840264786448588,0.5070369526332981,0.5806621274675339,0.4202478395644459,0.5797480404819111,0.415699230205291,0.3771677351726578,0.4126880245051727,0.5540523851446993,0.6122016418563447,0.47740961136520377,0.0,0.5974109148212985
0.42027320200639895,0.3125688628623724,0.3281814194729299,0.38400147277365304,0.36850473937338424,0.2875644894841082,0.3129048158377824,0.5015138265073507,0.25410024778824225,0.34626089443761765,0.0,0.29744932198133445,0.24402257143803552,0.341194522027671,0.0,0.5077284006359657,0.15498982327193972,0.5834978420348105,0.17430547789442755,0.49552783620269086,0.6321746416319705,0.372276866745612,-0.08757240313118647,0.18109379898308187,0.30517797915196604,0.3227505248721169,0.21522062843447592,0.29589549141572574,-0.03212245562786936,0.4918714441716503,0.2427713620767293,0.3323445869387889,0.5633368265794805,0.31543748022550344,0.29466928312606533,0.4621578899094462,0.4851645443586498,0.3133420224469058,0.6870527593254441,0.4319397613675317,0.5019762958721812,0.45636050210183443,0.376085639072839,0.6100999644439224,0.19708679610765795,0.0,0.0,0.6552720681528468,0.4702117249472711,0.4892413330170063,0.5201303802596084,0.47657406212494435,0.6386918184825685,0.6406594591572525,0.5045879829496097,0.29325347640046484,0.4052476608155978,0.5810150207922136,0.6223266113967184,0.0,0.0,0.0,0.0,0.6073115149946772,0.4005454566569594,0.0,0.7548212566080075,0.5733889959118432,0.0,0.0,0.9731123355338844,0.4743582540947187,0.47841774374049983,0.39248388928709754,0.0,0.09748720901541469
0.29958411991867057,0.23226852183732263,0.2144614687042044,0.39751498048974665,0.4639698009830172,0.4337208861205825,0.3909054361033837,0.6751191007765578,0.28378455026548705,0.5368509037709535,0.29744932198133445,0.0,0.6408264701339093,0.6570954803974836,0.36443900842066845,0.4498459806440805,0.7058732492669665,0.51050404114383,0.29178133228051756,0.5114456211267437,0.6238472173736842,0.41797060909244144,0.3192604649729812,0.3776731120806277,0.545665160268898,0.3490478934317858,0.5665371285660562,0.5038032604761121,0.5774719111091113,0.3257641455088074,0.5615700355448476,0.36117708635031015,0.5460069588257022,0.7162416226022366,0.3787969265311544,0.43615419761663815,0.49268489099860735,0.3128369536375868,0.8847875299795382,0.42065904780156504,0.6026787610374911,0.33392806275923914,0.44942219590363797,0.4566706628553261,0.47764762478151956,0.5363652891309525,0.5382017516529638,0.27482560276080814,0.1979059197391774,0.2464285218754651,0.3471737486018193,0.505093005939054,0.24893685576840363,0.4267732184645693,0.5721812912651859,0.26962417883386824,0.6818473121143531,0.5755354437892994,0.6997841269449432,0.6844257179397932,0.5446635094632439,0.3291814019147409,0.6902436687081589,0.35551668457371777,0.7967485005389252,0.7856831569993745,0.46316521277460176,0.5040557729765557,0.5308408483839221,0.37684389219251224,0.4379981522973378,0.36793876858655106,0.6947469119699587,0.4979926446075537,0.0,0.6287056615080362
0.33386050875186646,0.40328242826801336,0.30442377062302717,0.38592919605682624,0.5604007498000863,0.27819514310446586,0.4446091999379325,0.7344647998482006,0.24012710989060604,0.5928676544473392,0.24402257143803552,0.6408264701339093,0.0,0.705578560926916,0.659396746257086,0.35897405917546404,0.37497611055958735,0.2869445274519721,0.18880120385036442,0.3661744426140764,0.5902865074104944,0.4016788994655943,0.5739410016348979,0.4249455609656015,0.37272001174616276,0.4776333353531985,0.4855442904304079,0.4252844446182066,0.46887039262901004,0.28705412364106475,0.36406436944731907,0.6458923288294961,0.2564843601269151,0.5269023086982154,0.49894110297882466,0.4758062027217348,0.6934255271120049,0.4976152940483079,0.6992485021073795,0.5171086238543371,0.8038736467022013,0.4497606817395654,0.31650543537272835,0.3728275676822916,0.48280286316234433,0.5820770914671238,0.632448381999642,0.49508023258598977,0.0,0.4289401805532287,0.5735846209388227,0.42833978469161216,0.6901261710401596,0.4752496934527557,0.5586356766631438,0.5813659502083028,0.5314600952389272,0.487846358327791,0.4215026326537125,0.5194721817373305,0.545410418339159,0.4283534292635063,0.576091412785582,0.6716407503650639,0.7239446715711695,0.5982943817903493,0.5510501456548771,0.6484001804034518,0.5254411041032876,0.5411507536316074,0.2721044229169583,0.6471004181755777,0.636197215462225,0.6275160986579116,0.5714704386906737,0.6020049423271638
0.5541000547679911,0.5665648308997624,0.5368357276682043,0.420195148758858,0.29342309706354175,0.6715138175959279,0.28250780477299053,0.6596019719885171,0.574136449075215,0.30105066360289584,0.341194522027671,0.6570954803974836,0.705578560926916,0.0,0.574285683858623,0.6611439567481243,0.4912377905728188,0.45060161707763347,0.554697695184301,0.42355537488059897,0.5947727497561685,0.3135966846128464,0.633319065650948,0.6954244966285752,0.5406238606341334,0.5529441683545708,0.5954098418253666,0.4178207836013038,0.14090551588556427,0.8425831302615869,0.3149923450604204,0.26541159593709274,0.22983680166810805,0.4888190739010465,0.42786535567545847,0.2866322515189463,0.2426506279838611,0.3983814587693393,0.7318974870101133,0.0,0.7112365269552761,0.8000292550256947,0.5170664275217214,0.5046520969710293,0.0,0.0,0.0,0.4819978953379316,0.0,0.08183499123645882,0.49623944777597867,0.5577115111315376,0.6290670384997119,0.08773057271471843,0.0,0.4628861569401981,0.3915185122399454,0.7538851979692425,0.30758901594426713,0.0,0.0,0.0,0.0,0.5980329152625312,0.0,0.0,0.0,0.45491790823819545,0.0,0.0,0.0,0.28934421666517574,0.7334607957666226,0.0,0.0,0.0
0.09129527463471329,0.4409311435792804,0.3772961621760776,0.6767879073072776,0.5149474425488525,0.47827112436596303,0.5281194279220924,0.11263219802621754,0.5975754449940271,0.4838634793867106,0.0,0.36443900842066845,0.659396746257086,0.574285683858623,0.0,0.34028146628494804,0.5095783405754513,0.22666931022516856,0.0,0.17147181786824428,0.12210439955533131,0.20690826563814246,0.15252356396768563,0.11530323156912847,0.3487084337723727,0.3881085747186519,0.23416180161610828,0.5865574106266456,0.4034082384317771,0.5256122383514588,0.475552800081611,0.5337443012282601,0.4607781674561078,0.33481113528570794,0.47765074449845046,0.7295762290046681,0.49308736424938143,0.35001351817102233,0.6932760374676973,0.7870618369329749,0.7497519440280854,0.608966262224032,0.5068407775169109,0.6398820087048855,0.0,0.5871241375050911,0.7570944713471641,0.4335752508723488,0.0,0.0,0.6857726193491291,0.6809623041218262,0.6931021475815591,0.48980475361143383,0.0,0.0,0.6889774070239927,0.6652622037526061,0.485049954679458,0.3266275992475609,0.7425187500324351,0.6578115828215332,0.4346851080330466,0.0,0.7050367965117379,0.5912175777995856,0.7881473677839247,0.753435956440667,0.49262323071241854,0.46543265606605966,0.44861251671725394,0.5698724494044389,1.0073790291611764,0.740957105231369,0.6172417913029371,0.7004976613150399
0.3289004247993255,0.25950053707188964,0.3652793184433194,0.058028981654998826,0.35814454730122497,0.3165550176274139,0.28883848285650915,0.41670032458129475,0.3136624442288042,0.26956995141184115,0.5077284006359657,0.4498459806440805,0.35897405917546404,0.6611439567481243,0.34028146628494804,0.0,0.2079040695981134,0.22418677163395534,0.48213860320338453,0.3173957823081311,0.5236990741498161,0.2998941710981758,0.5095073014347266,0.14427840880276904,0.2775444153592551,0.2880471635608312,0.3816095801702606,0.260666206849145,0.13387000771557825,0.36195725433211456,0.3416964958965086,0.5692710215982955,0.1488662784174224,0.26419768116013986,0.5404864387929593,0.6473229258334218,0.41719887038739123,0.5864357816198622,0.5754690464192184,0.2830606186092458,0.4447774691480997,0.5054364534940878,0.5071228595087087,0.0,0.0,0.1953898053165088,0.5045354457304135,0.0,0.0,0.0,0.5568257394548652,0.6016900377358002,0.8831986342172554,0.0,0.635203297016089,0.0,0.41755678234898347,0.6396175877965468,0.0,0.5883314149500856,0.44960396298518024,0.37106402662913235,0.3994828061893858,0.0,0.6859313344508905,0.39627652205028935,0.7306072111530623,0.45210044170844854,-0.0848937208869627,0.45576060949156416,0.444415642196332,0.6832742813553767,0.6423359550310155,0.7217583160424657,0.0,0.3603126530830122
0.03955240966170154,0.0879120171716336,0.6517050404720116,0.5863634822094377,0.5617994013021537,0.0038883369225243825,0.30864555202080274,0.44301974605682787,0.495370688692632,0.7207534345882732,0.15498982327193972,0.7058732492669665,0.37497611055958735,0.4912377905728188,0.5095783405754513,0.2079040695981134,0.0,0.535005072323639,0.6563795766188898,0.2192319801861495,0.5569876261694149,0.3488532898866281,0.5026184520710083,0.23622756450123478,0.46347153908156774,0.3037254826129312,0.19006972007166104,0.6305810338944396,0.032389516673765745,0.5744762757270934,0.4625841488333386,0.6026278269345968,0.48654032034934525,0.48568385511167084,0.3042501368928522,0.6602006155319378,0.2795328163056347,0.5342070211742165,0.5052513587857546,0.2674838438272835,0.3324246405107949,0.5493323782809649,0.0,0.0,0.4192871336193935,0.06530537271971487,0.5559659678834338,0.0,0.0,0.0,0.0,0.0,0.0,0.0,0.5771422447776591,0.0,0.4917056735267511,0.3261560228133624,0.0,0.7834426167680247,0.05694465393830589,0.3503256875954516,0.25361829027365035,0.0,0.0,0.0,0.5473935205277184,0.0,0.28481707156867,0.4637566143928692,0.4518572427033988,0.0,0.34105578209252385,0.47777101479948175,0.0,0.5480869197443082
0.15779367917698395,0.20581148658999532,0.5509320718631664,0.5085967586799498,0.11101622435443742,0.23695684562455416,0.19066326938454964,0.34456542302016996,0.5969958909349024,0.39599020721586664,0.5834978420348105,0.51050404114383,0.2869445274519721,0.45060161707763347,0.22666931022516856,0.22418677163395534,0.535005072323639,0.0,0.5313791807105844,0.11084266444716989,0.40496490685216074,0.0773515317531395,0.445843111580426,0.21903496221809093,0.2428731698302654,0.2501702695205475,0.2504639122860956,0.19413680823283735,-0.012745004449762176,0.5853064487030808,0.2901348438626047,0.47350318996669205,0.36767237689948273,0.40186641648162236,0.0941388424616055,0.6275500766200633,0.2664006696808685,0.383491592552759,0.5203646702369333,0.32305713619569687,0.3163677566976011,0.48214903509407847,0.0,0.0,0.5086040764728873,0.18171676191532593,0.43865208554576174,0.0,0.0,0.0,0.5114748544084968,0.5742080728014368,0.902458099383171,0.0,0.6175550532546322,0.0,0.5097917152489048,0.5329822845166923,0.0,0.3293664294935844,0.3496020460799324,0.4408142436959951,0.34796872686818,0.0,0.4720445836848443,0.6763264106130963,0.5791587439088097,0.7659691986806874,0.1938132181414736,0.44008250056501663,0.4234163681324292,0.49364468548155094,0.7019012109322336,0.15415646297750935,0.0,0.49370196070362016
0.0,0.5689146861162601,0.405919117525385,0.2507247379072239,0.2828178111661287,0.29381734438771345,0.2038710665190951,0.5213518723548625,0.2689488116210542,0.2559916101480277,0.17430547789442755,0.29178133228051756,0.18880120385036442,0.554697695184301,0.0,0.48213860320338453,0.6563795766188898,0.5313791807105844,0.0,0.49928745344085135,0.45467415106149733,0.5906423632275848,0.3964536024771446,0.5260799266148675,0.5544518842876314,0.5387511731319055,0.2779400589544597,0.31755542741589105,-0.11237709112041322,-0.07808482628417113,0.248605823595554,0.2752186022194063,0.548506630368548,0.31051361494731056,0.21819759086090926,0.500968024262687,0.18103130883198065,0.5381212822134747,0.6028477092364501,0.3890216222243652,0.39574487019884486,0.22837064517966701,0.48127678679602415,0.3534051819713707,0.42956572714208224,0.0,0.0,0.6488171081251057,0.0,0.45889595876850275,0.38695245207395934,0.3742943836340182,0.4930682098785031,0.4469017731090366,0.9537318872387551,0.6970402527402608,0.5219419685743838,0.2598268660607429,0.4220850059066543,0.0,0.0,0.0,0.0,0.5907237039648322,0.47039761760541765,0.0,0.4578256267419492,0.5209669543961013,0.0,0.0,0.0,0.4356413320767539,0.30904600088509837,0.7366954417735507,0.4827311440185136,0.2784281222351363
0.6008647055232952,0.3664419575814688,0.3632680075669351,0.6533039621669148,0.3517193434453017,0.24348444795099464,0.2869864569702467,0.38800552114374964,0.30090437542686677,0.4550292376791913,0.49552783620269086,0.5114456211267437,0.3661744426140764,0.42355537488059897,0.17147181786824428,0.3173957823081311,0.2192319801861495,0.11084266444716989,0.49928745344085135,0.0,0.5811760701164239,0.1869834857073232,0.3302760992122451,0.48880532215949235,0.265978717014867,0.5157841719740154,0.3560954340397341,0.43037772567182364,0.27499978202646763,0.6846845762848228,0.31658497442146366,0.6077806712494808,0.793817068734045,0.5044186145410274,0.5953071725773004,1.0378659881425383,0.5083821612705315,0.775121892992922,0.9053973030194099,0.6655199582754253,0.8681918005795031,0.7951585375145911,0.5566303547548195,0.2311895502781109,0.2088748379854014,0.5189468436132487,0.7428320783271807,0.44834771464603673,0.0,0.0,0.632382419408442,0.5294106885792991,0.8445876998837689,0.42079059918787287,0.9786212253099243,0.0,0.5978446309188037,0.6725659089830076,0.0,0.8041019347854099,0.5386079818844403,0.5079463669484847,0.2980867793510192,0.0,0.8703457777603884,0.624055833098738,0.7743830483639565,0.7106736787004169,0.0,0.40557506761305856,0.5140095258024773,0.734585284428548,0.740079400021491,0.8837471941447563,0.5128391499894853,0.7961212635267252
0.6625739787831746,0.6315653170710779,0.4561337411662219,0.42771677460887475,0.5028669037708389,0.5985247635899166,0.4442784343092575,0.5595519912129192,0.39275791103413654,0.7031534880191828,0.6321746416319705,0.6238472173736842,0.5902865074104944,0.5947727497561685,0.12210439955533131,0.5236990741498161,0.5569876261694149,0.40496490685216074,0.45467415106149733,0.5811760701164239,0.0,0.3234761766811993,0.4407555339304074,0.2717006140259216,0.366979057885106,0.5467412228953451,0.5076499851630425,0.689266993697087,0.544576699851872,0.5894876446901193,0.6104399281875119,0.6378947209080732,0.5947455619296891,0.5362420705995139,0.7550404907544035,0.6147122122304909,0.3454565784466931,0.6411850065707689,0.8758128653202965,0.8232018751258244,0.7748908413860147,0.7957170195766355,0.605347006166966,0.0,0.0,0.7298692651311234,0.7142547981784817,0.6448645762423977,0.0,0.0,0.7603461899401995,0.47502764444072665,0.7177672562307528,0.5121127786982227,0.6394787812430497,0.0,0.7839888630931712,0.6779794550307552,0.0,0.666374787088611,0.754151891003467,0.0,0.3147398736832739,0.0,0.7634190172580047,0.7383591148411488,0.7511269256522329,0.511952659500265,0.8348644094608764,0.3656254695544568,0.812723774469248,0.5367249097024117,0.6871275037827125,0.8860230722061619,0.47137324331856545,0.45977245690249624
0.6555049361448115,0.5036907458268916,0.2702857999768655,0.6016289862011719,0.3837985891971438,0.2587916433427352,0.3452768413822875,0.43096394301605434,0.2968734225619633,0.4305569296963351,0.372276866745612,0.41797060909244144,0.4016788994655943,0.3135966846128464,0.20690826563814246,0.2998941710981758,0.3488532898866281,0.0773515317531395,0.5906423632275848,0.1869834857073232,0.3234761766811993,0.0,0.3822438824625027,0.4374574452329914,0.32706564700408924,0.5753138607132218,0.2684206575313881,0.5680555274818642,0.2525288170315124,0.6714014236776201,0.4845445594861414,0.6128884963617859,0.5991714371970993,0.5262958699671858,0.609712491057572,0.5326999280617192,0.7416226431590403,0.5722312989847124,0.7687014612671934,0.6676175766279164,0.7228813408021502,0.7390482555112041,0.5266344123354563,0.35310806670696193,0.243019438592324,0.5563430352184431,0.8046158684597798,0.5144757615396028,0.4880451366755151,0.24838562450408352,0.7024018941420302,0.7273755777732382,0.6872823898958302,0.602736795209204,0.43062863786540406,0.0,0.5228731907483511,0.6196464499072507,0.0,0.6961334543221445,0.7676136632908699,0.3506221491546625,0.5184157234244026,0.0,0.6048519325294206,0.5644693885389037,0.7212820901334834,0.5702379711492211,0.7872021005428669,0.4343182975372445,0.6109580994818302,0.676462535495221,0.606498083555997,0.7862229477200542,0.5543256366096454,0.7400246100523136
0.5440714545747641,0.5474289260886978,0.4960212552965981,0.6612675734152093,0.4122661813164909,0.44741668138419916,0.4744408307243275,0.4588101909510075,0.40402924232036785,0.564364951448693,-0.08757240313118647,0.3192604649729812,0.5739410016348979,0.633319065650948,0.15252356396768563,0.5095073014347266,0.5026184520710083,0.445843111580426,0.3964536024771446,0.3302760992122451,0.4407555339304074,0.3822438824625027,0.0,0.3181356194657789,0.3943277116182068,0.41917436416223813,0.2360707364504396,0.5500143360773444,0.464534868108286,0.5907390970829669,0.5959443561731843,0.7674790106454353,0.588067739226974,0.6892315262513462,0.706477568510026,0.6090109495328899,0.6363002242089635,0.4021155596393793,0.7324132881942922,0.6398183742029436,0.762123092135286,0.762597776962813,0.5083493143068524,0.6442469362018877,0.5661559684074106,0.24772445679428068,0.7088840529798439,0.7665530701048819,0.4875712095397579,0.6431832821989203,0.6177579248541438,0.5495336330754672,0.6986007467295553,0.5868544779919203,0.5888420295842075,0.7136982791682605,0.4848560408897787,0.5146110180808291,0.6589978357171833,0.7748375807651621,0.6839955817062517,0.5070369526332978,0.21908520586177388,0.717337771808197,0.7401828973527278,0.61255934777198,0.7741058337100015,0.7693942702085823,0.21557888180994755,0.4037361354784101,0.5749611802654826,0.5711762473129824,0.5981742172125484,0.7634618848454924,0.7876209270056271,0.6548115715368098
0.6629346678858463,0.2299858507363554,0.44230555185926873,0.23175514690773666,0.5618460927463527,0.38554693051224553,0.5422780558140968,0.2320335774069776,0.22525467474788866,0.3977529212881117,0.18109379898308187,0.3776731120806277,0.4249455609656015,0.6954244966285752,0.11530323156912847,0.14427840880276904,0.23622756450123478,0.21903496221809093,0.5260799266148675,0.48880532215949235,0.2717006140259216,0.4374574452329914,0.3181356194657789,0.0,0.30445199444769117,0.29676573474970913,0.33204320741361565,0.34473273990202147,0.6058789975247433,0.8609577606470735,0.48607218712012557,0.6004561980396472,0.40777820280840227,0.5326409243539472,0.44577421177406973,0.429778980621806,0.4261855452694864,0.40476293340271996,0.7429572896623329,0.6069022854793924,0.6437232337667927,0.6720140741328333,0.6129282250186864,0.39268107111644657,0.8342414795025881,0.40503244090073787,0.5854247566452054,0.0,0.0,0.5129395016935929,0.5980694834384843,0.33566350154703495,0.0,0.023530550744800094,0.6350232693666622,0.5800416842029457,0.5735641041157176,0.484437107403919,0.0,0.2312879430490018,0.22797467445802275,0.31399362895197835,0.2669717276286726,0.5055658850366748,0.36301211001997924,0.4566191475171104,0.2032117682692976,0.8309875926312924,0.408695407347083,0.4345511741070703,0.4019069408998218,0.5219265234721054,0.703751702891862,0.6793111548912752,0.0,0.6302320991345322
0.18407019425450927,0.23698073979384707,0.3273354003323776,0.915429561615259,0.3930773868987416,0.3517991886418972,0.33284772704866494,0.2674544867765998,0.3083344195883241,0.6163343847039977,0.30517797915196604,0.545665160268898,0.37272001174616276,0.5406238606341334,0.3487084337723727,0.2775444153592551,0.46347153908156774,0.2428731698302654,0.5544518842876314,0.265978717014867,0.366979057885106,0.32706564700408924,0.3943277116182068,0.30445199444769117,0.0,0.19912040279971802,0.308944019263206,0.3100909097766431,0.20132108626503104,0.45374607478383355,0.4504323489543729,0.4282737945970372,0.3871207707866027,0.36088372692876414,0.19518646912630389,0.560828588389245,0.5813830168144636,0.553264592662341,0.5111184163475345,0.38708687221647553,0.39342182805496506,0.5826968892016031,0.1187917559285256,0.0,0.39110166144519953,0.3036150150566363,0.4279929652390152,0.0,0.0,0.0,0.5979896231859217,0.5717032605942289,0.729645880804208,0.43012953474587146,0.619665957444604,0.5201049842332341,0.594880744021927,0.46584457513441996,0.0,0.604058355765867,0.3886210889110595,0.4230870513271581,0.3623999242027716,0.0,0.37524622406412644,0.5979871578696367,0.46470912338949766,0.5563610649010423,0.27583552318788207,0.42205658198246765,0.4155657150844331,0.4975100795945104,0.6673579888158546,0.13346528321251705,0.0,0.44946515496980977
0.4965025893617624,0.41048512500499323,0.09993942397901034,0.626364030646051,0.39918541690790077,0.4611722340136894,0.44584959733537527,0.45243495642113646,0.3358325393386635,0.4102469958291827,0.3227505248721169,0.3490478934317858,0.4776333353531985,0.5529441683545708,0.3881085747186519,0.2880471635608312,0.3037254826129312,0.2501702695205475,0.5387511731319055,0.5157841719740154,0.5467412228953451,0.5753138607132218,0.41917436416223813,0.29676573474970913,0.19912040279971802,0.0,0.5544390847575231,0.503761347689158,0.38746138068725544,0.38217292705228656,0.4557307839106173,0.7959425755071187,0.4970135171336947,0.49237951652625495,0.6435154327086603,0.5170019016176477,0.48300071584870197,0.32711564413741684,0.6801708328044522,0.4851459413444589,0.7249134082551656,0.642946535170444,0.22945144987874966,0.548623925181323,0.4282247444088001,0.5398389601598133,0.7808837258233208,0.6472919167289524,0.0,0.03064938180282993,0.47745723516499744,0.6093458338297827,0.5950950049834688,0.4138702014573414,0.5674088180642766,0.0,0.5625412858954759,0.7002060485237075,0.0,0.5756834458749274,0.6260951903405487,0.3558272841618926,0.341719550632289,0.0,0.6589936411009468,0.7849998776724696,0.8411883423760036,0.6940853415808135,0.2587206341863494,0.45002349624448723,0.4475563073958462,0.7702998716957351,0.6490489569615097,0.4189700814019479,0.5179257725395198,0.6461683165705125
0.4797228504844553,0.42419934491730843,0.2955101841346491,0.5575973892322545,0.3870053817655361,0.325413651961343,0.3997420622468988,0.4573314984865803,0.2661702741604741,0.4668649542985979,0.21522062843447592,0.5665371285660562,0.4855442904304079,0.5954098418253666,0.23416180161610828,0.3816095801702606,0.19006972007166104,0.2504639122860956,0.2779400589544597,0.3560954340397341,0.5076499851630425,0.2684206575313881,0.2360707364504396,0.33204320741361565,0.308944019263206,0.5544390847575231,0.0,0.5292009617607762,0.234999208256331,0.6102356615116025,0.46700677655891343,0.7125872343160985,0.9094902243219,0.6154519693007048,0.6816503277769504,0.47989931266589336,0.6800430803093584,0.541447094506794,0.8287304431147173,0.545464012959724,0.8449550287994275,0.8049126585090778,0.6061998617444939,0.7741188385483933,0.3894409357576982,0.5574927100549715,0.6260622555019448,0.5292830920126147,0.53359868412615,0.49410852907269365,0.6512358867705499,0.4983019158835844,0.6349267724247926,0.5187816157802989,0.6838345218314685,0.4688527385691663,0.4037706665142851,0.574102712333027,0.5853670301323308,0.7945859194683325,0.64507753700459,0.0,0.5226923347240733,0.4577381174567452,0.7741595515325972,0.6338228037427931,0.7653362237997029,0.6238581406855845,0.0,0.3150733716569296,0.5933769937278257,0.6697212313032168,0.688115958433853,0.8029598316389792,0.6633105192972276,0.7792257083351171
0.5518172196065948,0.41656946027289277,0.38639428354477545,0.4414070537822423,0.612805763193696,0.3142186571750252,0.4570628046709883,0.7595424836990337,0.3794233922914964,0.49125104332265673,0.29589549141572574,0.5038032604761121,0.4252844446182066,0.4178207836013038,0.5865574106266456,0.260666206849145,0.6305810338944396,0.19413680823283735,0.31755542741589105,0.43037772567182364,0.689266993697087,0.5680555274818642,0.5500143360773444,0.34473273990202147,0.3100909097766431,0.503761347689158,0.5292009617607762,0.0,0.40248020840091914,0.5588384820021614,0.626885992958085,0.5447787969604961,0.4336685768217058,0.536468350233559,0.6924312613668202,0.2958706286803889,0.3280252340389632,0.4975010223828161,0.7768405202751316,0.3750260012292581,0.9095055305683291,0.29710598112935355,0.5924423182632614,0.32119863011748967,0.6596341204620009,0.58735524866636,0.6058059638112181,0.40520450903657473,0.0,0.4274724069883953,0.6639801890846637,0.5201078371417414,0.7533891568867768,0.40799257531544825,0.6434675340570164,0.5726355500120004,0.7178714573965321,0.5727802493868156,0.400256296900089,0.7248985570814103,0.46838718051515327,0.20944276261573253,0.5718900651170413,0.7009921762720261,0.7764979648189816,0.7056239824827055,0.5611170726752865,0.6855181456752693,0.5732834711270622,0.6166735289635897,0.4796750374515384,0.716895197293081,0.7768006907344458,0.7353538462806744,0.5603589244781285,0.7390686662608128
0.3432302019044794,0.30501385642897955,0.16968838305310288,0.5062765268694156,0.3857913786286117,0.2875020358116426,0.3681547220157869,0.5599845766301462,0.2510946040878288,0.3769586588262288,-0.03212245562786936,0.5774719111091113,0.46887039262901004,0.14090551588556427,0.4034082384317771,0.13387000771557825,0.032389516673765745,-0.012745004449762176,-0.11237709112041322,0.27499978202646763,0.544576699851872,0.2525288170315124,0.464534868108286,0.6058789975247433,0.20132108626503104,0.38746138068725544,0.234999208256331,0.40248020840091914,0.0,0.5002857253266876,0.3229956958510906,0.4981018858819094,0.5120069469746007,0.3771139669991954,0.43377961829651224,0.27015337914706805,0.32452869564649195,0.5670198982742756,0.7947800756349084,0.4457373322723863,0.8140649673217137,0.7850333166048407,0.6741333881667912,0.533917843051094,0.6120599854149629,0.2879286542819669,0.43384878577833114,0.21631069462439773,0.47197807629168553,0.2888236546343694,0.5860653865907367,0.4312651837349136,0.7329469536133899,0.35294850164135116,0.6479676538605119,0.43691210019926763,0.5858514376614241,0.5256328743249443,0.7713851023095382,0.804489278115382,0.5159409830995685,0.4831054030325421,0.08268015925274264,0.5531809553259246,0.7783689865751151,0.6303742045403855,0.8215441218944536,0.6556956420584412,0.4667277112620191,0.3150535008198993,0.5996010176523,0.6755078718775185,0.6694993026263922,0.7744027202932136,0.6569942356816199,0.7448534727208288
