0.0,0.002965284045617078,0.0017959305355078614,0.0,-0.0027691952634552597,-0.0372190037216138,-0.022933460893442614,-0.008769109158030808,-0.003591761660643067,-0.028713472016404784,-0.0019356669827000905,-0.036119393670808075,-0.036016276957632765,-0.000605660597341795,-0.05619286259900963,-0.04601966449322048,-0.055123021272296624,-0.06021321717294431,0.0,-0.007551076664394973,0.03252863125033484,0.003490869705732036,-0.007517179739788715,-0.005065989727787323,-0.047684784827759785,-0.02159217035415084,-0.016314732079590777,-0.0003178839080743012,-0.034054400625197045,0.00017874884725005424,0.007164677910718675,0.038605476374324266,0.010745179229135038,0.020546765091330688,0.04244447796019174,0.0008343908999954297,-0.0010041970592569172,0.029808116528579676,0.01602036091716258,-0.007857888629095588,0.012831893591532029,0.02774062445005443,1.4724599692705898e-05,0.0,0.000895855227949327,0.004558612065209133,-0.007054820617396762,0.0,0.0,0.0,0.0029310738765891964,1.1102230246251565e-16,0.003782205074518097,0.0,0.008785142625703513,0.0,0.006491975578506559,0.002680935390403427,0.0,0.01106918372978316,-0.009066537981784473,-0.03128016996500205,-0.029786176939007314,0.0,0.0013944695380324612,-0.013933565353417166,-0.017504978640701663,0.005550739457842513,0.006165245915188355,-0.026661929389723893,-0.004779840477670161,0.0009297257790828461,0.00044084510401903865,0.003758251514303368,0.0,-0.0008193915830860821
0.002965284045617078,0.0,-0.004494781682485904,-2.1165747825679926e-05,-0.0046266407693160705,-0.010326035825715285,-0.018360414708552042,-0.021890457284775733,-0.007020210236113822,-0.031250159284477275,-0.0005531790259535874,-0.03349667394473477,-0.018318787105391754,0.0006774693278755461,-0.02306729797838386,-0.04727685579622676,-0.058840318601534713,-0.06123585150240457,-0.0019544413948160977,-0.025392658829618553,-0.0023356885680472783,-0.020115963992805852,-0.01264724907282605,-0.04146553848998419,-0.056349799537373235,-0.01751734116692366,-0.0178594446352614,-0.016966821814382416,-0.024491721095436403,0.001456176682755106,0.013189553247207386,0.03348081202657127,-0.010178057037350918,0.007006144580591844,0.014122517298027937,0.00483242010913254,-0.0009729874185886445,0.0,0.006151789316848899,-0.013907292905756485,0.008142259086643566,0.019940344204473937,-0.0003046443187335046,0.0,2.220446049250313e-16,-0.014776239334778729,-0.007588125797869105,-0.0005894290872873187,0.0,0.0,-0.02741016660931167,0.0007391149335244096,0.0026737258882384984,0.0003005654186756801,0.0010357152921744994,0.0,0.00034069689646809564,0.002380313215017582,0.0,-0.005955430999845135,-0.008171975986268565,-0.04494516385673619,-0.029865674919230756,0.0,-0.01247777208701667,-0.008822933284415801,0.007407905414803462,-0.012087421763354311,0.0009447580004469658,-0.02927138146128,-0.012141771486186947,-0.0026124056119156136,-0.002049505215294123,-0.02908833829843066,-1.1102230246251565e-16,0.0033987640859391433
0.0017959305355078614,-0.004494781682485904,0.0,-0.005636751629827852,-0.04677436790359646,-0.06001703485943427,-0.04726180926491036,-0.0386252971035031,-0.038712275306666155,-0.05645926989572486,-0.052775597571303845,-0.062470691628870756,-0.04810232117119029,-0.012960080200712765,0.0020150097818992796,-0.003696515731714034,0.0013948118657825526,0.002117016729382859,-0.018162668471282895,-0.0011137657772343768,0.0021522399344042764,-0.03395761913123668,0.0004679240444611099,0.0003709212068474521,-0.031211159817090328,-0.054714577202705394,-0.03604207522967828,-0.03948077078709378,-0.06257365458596093,-0.02989404241901722,-0.052212486222290744,-0.041972362832177645,0.0018295185547006487,-0.03927088113937233,-0.023383703569959724,-0.03231410787487793,-0.04581456867331829,0.0061982605309591765,-0.012573145523249674,-3.0156622243815434e-07,-0.006215668509883421,-0.001374037518361515,-0.030796329846004222,0.003702540492212747,0.0,0.0,-0.0009821732540961081,-0.06302679493657892,3.3071844490750735e-06,-0.0114897685868805,-0.008090840548188427,-0.019990089372400432,-0.006556993222609386,-0.008523475485869958,-0.0020263320769717263,0.05763892314267266,-1.1065521787312349e-05,-0.026326722999566066,-0.02561455959419029,0.00015191849595458384,0.0,0.0,0.0,-0.1694829975907972,0.0015380969037080416,-0.0004368953356101435,0.00017585990649060523,-0.011706560804660593,0.0,-0.00011788066192935931,0.0018317009408747031,-0.03839735672054245,-0.01869560823917371,-0.011038685898640321,-0.0003152312070920926,-0.024486800848082635
0.0,-2.1165747825679926e-05,-0.005636751629827852,0.0,0.0005415318994003437,-0.013308957995364412,0.015401270823384161,-0.006109531756164244,-0.02657285576248275,0.011078838510747951,-0.017832519923948797,0.0037242502305779857,-0.020384736517307156,-0.012398119668538987,0.002041457050235118,-0.0012609471141624695,0.0005255154845624777,1.5059889515056657e-05,-0.05459638395882682,0.005818207248414919,-0.0007981692276785579,0.0025176831387137555,0.003031442316510591,-0.0037374324243035772,-5.2768637138711494e-05,-0.00044663676333889235,-0.0053610151821263385,0.004280804997049692,0.002321742401468818,-0.003686507254340443,-0.0004130938284877539,0.010450254505961099,-0.002201729658870666,-0.011997658309094661,-0.03459180186652405,0.00023682425277407604,0.01366300057395875,0.003305160563404741,9.239231716307028e-05,-0.0007704424376847596,-0.0004901776835785077,-0.00032381815961052274,-0.0009382697418889308,-0.0013540800921480467,0.0,0.0,0.0,0.001378414328931321,0.0,0.0,-0.00015219679277039821,2.220446049250313e-16,-3.4466562525481415e-05,0.00016135563345115456,5.551115123125783e-17,4.076342708769776e-06,0.0009607060007361112,0.0007628468228137453,0.0,0.0,0.0,0.0,0.0,0.0,0.0,0.0,-3.0389141752795723e-05,-0.023761556573543674,0.0,0.0,0.0,0.0008954748103293664,-0.0035727449951193924,0.001221760891768231,0.0,0.0
-0.0027691952634552597,-0.0046266407693160705,-0.04677436790359646,0.0005415318994003437,0.0,-0.008545566182357078,0.0010959718595792145,0.028538050743058097,-0.02202599331000865,-0.030800894046961347,-0.012549778403771306,-0.01533514743384451,-0.006101929105942705,-0.031291825050728334,0.001120466737304704,-0.03567433828216843,0.001701306080128473,-0.047452791761191604,-0.03977323779219316,-0.025851845467483037,0.0005008752239443748,-0.021128720989652017,-0.015673088274952673,0.004514320205421862,-0.01851342017002805,-0.015172477913434734,-0.02219992627635059,0.010259627489690781,-0.024680511592860832,-0.0016584543982292588,-0.02822945861569498,0.003929851217535529,-0.0017430274956884428,-0.015570554774555989,-0.019216234811944677,-0.0333102772136718,0.058234349578401456,0.014473412105431571,0.0022611309112138267,-0.0007264732666930063,0.01457217653911258,-0.0015719140507831075,-0.056409881152787,-0.003222058399395711,-0.00013284322786666358,1.1102230246251565e-16,0.00015143797730632347,-0.04780982754567398,0.0,-0.030739415516082835,-0.013539703126921765,-0.0321569927953117,0.00560594904827133,-0.008337452033143622,5.551115123125783e-17,0.002245482832835044,-0.0004980038335109516,-0.026681926087648633,-0.041370560759045605,-0.0007531982506199242,6.137934993349914e-05,0.0,-5.551115123125783e-17,0.0029002586740507486,-0.0016662509664031044,-0.00041082840335232573,-0.0005627239911409343,-0.013903646132241154,0.0,-9.668577195531824e-06,-0.0016679502184615558,-0.020974253370470597,-0.019863441790452185,0.0022508258350321664,1.1102230246251565e-16,-0.02603568452221694
-0.0372190037216138,-0.010326035825715285,-0.06001703485943427,-0.013308957995364412,-0.008545566182357078,0.0,-0.01982850276814302,-6.062289902108997e-05,-0.02231489458208885,-0.011740256202195765,-0.037011478462252057,-0.024246873308299333,-0.03903612351469066,0.016674639498497068,-0.01811696429122689,-0.037943660107753574,-0.07457044718588168,-0.04583223134419445,-0.05421499516689193,-0.0363767325380604,0.0016234309679670211,-0.03269540605021609,-0.01638174002899917,-0.0018427146787558524,-0.026317735977810508,-0.025381733454140742,-0.036653400424828064,-0.04274651823005943,-0.035474351772734614,-0.009107018213063922,-0.022213863845176207,0.010340554906929367,-0.003747529244681913,-0.016488127182321677,-0.0012774473804947895,-0.024236276747044094,-0.010622505666666782,0.006076359815510302,0.0013504848317701934,-0.0036299781446803014,-0.007179259606681199,0.0005099533739680862,-0.02882451088580462,0.0016971212062975027,0.0003326041308560068,-0.018501796529074965,-0.005797542264838418,-0.019177986833014415,0.001129898885618985,-0.015273844066383602,0.0034396761282489696,-0.01656345838109813,0.018606593256806414,-0.020814673524738037,0.0013288302867551782,-0.020202356120407272,0.0015639587046588077,-0.022172986789542715,-0.0019345488703568225,0.0016986093139139125,-0.006948042351362593,0.0,-0.028613607352101278,-0.017380048952927662,-0.0020783456876996564,-0.016684461034055686,0.00404645782044788,-1.4666548509734145e-05,-3.195648079434843e-05,-0.021153926275915336,-0.02025889646249429,-0.002025462011434387,-0.00046531850460096447,0.004179485007568484,0.0058317939238296534,-0.0012494028464823392
-0.022933460893442614,-0.018360414708552042,-0.04726180926491036,0.015401270823384161,0.0010959718595792145,-0.01982850276814302,0.0,0.009862308940259301,-0.02794800189668878,-0.013693892682623776,-0.040771296672962865,-0.008774593296105304,-0.021163698316785107,-0.03022404283025143,0.0023883853869867133,-0.0439853885569334,-0.03758831819393338,-0.052666391293429204,-0.06030183825436364,-0.03355163230503283,-0.005007967073007047,-0.03169216209351067,-0.014242937971697456,-0.0023968632018768754,-0.032408125429647106,-0.02555102617369237,-0.016188154019341927,-0.008342126253824855,-0.026389013654771754,-0.04166808729478577,-0.03576343555780037,-0.007600499359830981,-0.00013416809235622384,-0.0029089088117953965,-0.00321038325130818,-0.020260885331827516,0.026483822842173377,-0.014745088251070626,0.0012287052852293923,0.00103460370448627,0.02820972461461657,-0.0020389121758663253,-0.0573471369655969,0.0036759267582313626,8.761210158547694e-05,0.0,0.0012006351849671026,-0.05011267747119669,0.0,0.0016009359503954546,-0.019612980912307454,-0.032002532418998364,0.0009609361444405939,-0.04342403640113246,4.348766445122498e-05,0.004706018425121916,-0.0002459865436005848,0.0035736467570878228,-0.0033531207921628225,0.0013171916631278258,0.0009079908413759941,0.0,-2.182631453001571e-05,-0.001103352489973508,0.0006682949335688471,0.000501772923407362,0.01895125065133263,-0.015417085531944485,-4.645940886932598e-05,-0.0006972787144445269,-0.025738406909643963,-0.017043213411644276,-0.013623498634608544,-0.0064851005139743845,-0.00043506403833537544,-0.014480544334187051
-0.008769109158030808,-0.021890457284775733,-0.0386252971035031,-0.006109531756164244,0.028538050743058097,-6.062289902108997e-05,0.009862308940259301,0.0,-0.03530090010433168,0.00024092550801202428,-0.008674517120624614,0.00407987565716994,0.021765028586101076,-0.0002996983508036788,-0.07679570622425697,-0.03926862322075708,0.0004079746892418634,-0.045243733186211665,-0.015034360997172758,-0.012791183031338749,-0.003854827146976436,-0.014521520184312964,-0.023972474088671092,-0.035347155770245,-0.05348746932733389,-0.02222052684788789,-0.023640470043288397,0.022242004225587086,0.008202120928153145,0.03439192016802162,0.016683997771776038,0.06415791706132212,-0.0172529659088817,0.03282819263846343,0.04068599382578114,0.005665790917625924,0.08500224535037276,0.00423466866308031,0.02312871528575533,0.001991334019022295,0.023173499582230805,0.011119009091334564,0.009893880519940224,0.001707742878790497,0.0,0.003534272937898264,0.002103699262951342,-0.05189047001430375,0.0,-0.024935068865198196,-0.0079225095170401,-0.022854020123244778,0.05609547521857261,-0.0483547948744657,-2.3382147500916606e-05,-0.04639315444117015,3.8049424843977775e-05,-0.022965182102854975,-0.00020494283761457455,0.007476397859179029,0.0005242751790253131,0.0,-0.034389547498616946,-0.06762001713975552,-0.011412355823844478,0.05935696678800406,0.009097660395138818,-0.0036184009037563136,-5.551115123125783e-17,-0.03579235981711537,-0.028245069556431746,-0.02472972967034015,-5.402541128907146e-05,0.0025094018807041985,0.0013393514241404891,0.03132475809843904
-0.003591761660643067,-0.007020210236113822,-0.038712275306666155,-0.02657285576248275,-0.02202599331000865,-0.02231489458208885,-0.02794800189668878,-0.03530090010433168,0.0,-0.04478394582476247,-0.03340040418231943,-0.048107559523133725,-0.05376910958519804,0.006083332882469539,0.0024958743514448822,-0.035215603635366355,0.0031439637139464294,0.0068291878196255484,-0.02150703613624888,-0.028853111323245195,0.0001629841427323031,-0.029506416681507996,-0.030459903195167504,-0.053383218114337605,-0.03164537552003377,-0.038525196025816166,-0.042579813176481796,-0.03842405639465213,-0.04287752517640969,-0.024823981533582562,-0.048251265863421655,-0.04161390101317275,0.004742939470252339,-0.038421307737387334,-0.03426239562071892,-0.037984119766754754,-0.045770643307321335,-0.04152090193315516,-0.008604385015731242,0.0025177522065153446,0.003688222126790097,-0.010277279468233091,-0.025608186089009777,-0.00296670123915882,-0.00014747329405589982,-5.551115123125783e-17,-0.0002925005836488803,-0.031608680010372314,-1.588786916362217e-06,-0.017775395230835267,-0.013243844722647169,-0.03492815180445874,-0.014553011632547075,-0.03796834203451427,-4.060610196637837e-05,-0.027472691702454366,0.0016517571480617055,-0.043007320793467085,-0.029786096341235135,-0.0004752861334859637,-0.0002567703245184294,0.0,0.0,-0.058770235931989656,0.0010344270600967653,-0.0012984196596174113,0.000504543021353332,-0.01603744928501183,-5.583742566039884e-06,5.288977615247603e-05,-0.001492624931467068,-0.016572226439784732,-0.029430698500869823,-0.0056645979745740815,-0.0009195927366214551,-0.021269725784373694
-0.028713472016404784,-0.031250159284477275,-0.05645926989572486,0.011078838510747951,-0.030800894046961347,-0.011740256202195765,-0.013693892682623776,0.00024092550801202428,-0.04478394582476247,0.0,-0.04552259120243135,0.00012825301521324217,-0.0035245927813001843,-0.03413179977528569,0.0029767573885073895,-0.02915424121643162,0.004834279074796166,-0.02143602391542626,-0.05779461663779584,0.0004050824464787439,0.00421508166491219,-0.008106692167306695,-0.0008733810564737765,-0.017763543260765013,-0.012574439161689821,-0.03773437183583234,-0.006717165847142215,-0.025253436089913317,-0.013434825335849887,-0.0018032775990476368,-0.01843033572154218,-0.013896716312897628,0.00377250181039257,0.002172107627467945,-0.003981587150115873,-0.008348168316378746,-0.009462726756670814,-0.0007645189431562116,0.029474234583219572,-0.014686237646846512,-0.002943039590188934,0.041363865270305666,-0.003375467728139958,-0.00011449083704168084,0.0014379913656757393,0.0065825468436847,-0.0007752458529821094,-0.0001646339464068669,-9.021352207760902e-06,-0.0011277124261604987,0.0007333943773765172,0.004733693155819008,5.143924944883693e-07,0.0005061519817524118,-0.0028462163552983033,-0.000862789513210338,-0.008923567884123518,0.003176322239958229,0.0,-0.00020837475267887484,0.001539078833809271,-0.03161537932428499,-0.05017160031131512,2.965365745177806e-06,-4.817970008774708e-05,-0.0002662075418057297,0.001150112709984663,0.00017070621689718735,-0.011425238801856807,-0.025927270649983403,-0.02708009583154153,-0.001971213562586449,0.008390062482998673,0.0017828402979428448,-5.551115123125783e-17,-0.009675397802922703
-0.0019356669827000905,-0.0005531790259535874,-0.052775597571303845,-0.017832519923948797,-0.012549778403771306,-0.037011478462252057,-0.040771296672962865,-0.008674517120624614,-0.03340040418231943,-0.04552259120243135,0.0,-0.044291962555276954,-0.05031915409362353,-0.03879696086288578,0.0,-0.00023446808127369767,-0.05372843572068975,0.002062769070963699,-0.05249275717819135,0.00013201622325398343,0.005846346154999904,-0.0003802123008854741,-0.10637234218819153,-0.06338641313852994,-0.04409106587143369,-0.049384085200632366,-0.056681334207990264,-0.042506922425523175,-0.07662077303519205,-0.0008805910510168435,-0.05942260918016595,-0.02454868473244881,0.0029843473110392482,-0.04689594406806863,-0.04171830830394091,-0.01951042837949818,-0.036292108953911884,-0.0485102486820011,0.024418765855117208,-0.0020324411902442052,-0.0019344178921214539,-0.0003971222238630667,-0.04571000692414756,0.0010283205946965968,9.606890338514917e-05,0.0,1.1102230246251565e-16,-0.0043205408031034565,-3.076492047227042e-07,0.003341568792425531,-0.015246616902508503,-0.007866707515890248,0.008791273259014576,-0.0014321614364500301,0.0017666754409554897,-0.04985026315014829,0.000806108148093343,0.0031250614527091325,0.008246681796925504,5.551115123125783e-17,0.0,0.0,0.0,0.04420149626384762,0.0008190503204534294,0.0,0.00044082562463215735,-0.008592224840544171,5.551115123125783e-17,0.0,0.0005430436428018881,-0.029997796104866026,-0.00199158167582536,-0.0031014420271995857,0.0,-0.05124462123322465
-0.036119393670808075,-0.03349667394473477,-0.062470691628870756,0.0037242502305779857,-0.01533514743384451,-0.024246873308299333,-0.008774593296105304,0.00407987565716994,-0.048107559523133725,0.00012825301521324217,-0.044291962555276954,0.0,0.007701648371323977,-0.0007108211056765512,-0.0040661707956552995,-0.022363931628798517,-0.00010200274614741156,-0.030718936793836082,-0.05090748034589859,-0.00028095057743893204,0.0016460998923344405,-0.0036801378631445836,-0.03175245636605667,-0.013463053656500745,-0.01686029219589047,-0.040312472874928784,0.0030410739725533764,-0.015087887128639177,0.00015178143447974746,-0.00237710333456409,-0.002203560154709572,0.007976181433765273,0.0037987478508348937,0.03461647737647383,-0.014591819544211071,0.005149098624060655,0.006988013693735362,0.00406479361233536,0.09258082151658159,-0.01662604951843699,0.00795624927718852,0.0009794262298649659,-0.0003291674152259283,-0.001507403087928405,-0.006642931165567245,0.008768286597911512,-0.0006132460754592617,-0.0001492883562199121,-0.0008704769274200663,-0.0028054905671590635,0.00020290823482005393,-0.0006371530025220951,0.00015892055462812804,-0.0001256960781911287,-0.004937004691173474,0.0003428057601370105,-0.0009631160127163141,0.0006494265888681294,5.3545070343163914e-05,9.428709506598132e-06,0.0020826169256143445,-0.03945220681324069,0.009783431393779962,0.00045953941904963713,9.008896550199985e-06,-0.0011933234095792833,0.0002148986113885698,-0.0035432330556110503,0.0028473121596503947,-0.033706187189243175,-0.027029317055898172,-0.002347518195281839,0.0061788484692685275,0.0005414132020910567,0.0,-0.01453551525161989
-0.036016276957632765,-0.018318787105391754,-0.04810232117119029,-0.020384736517307156,-0.006101929105942705,-0.03903612351469066,-0.021163698316785107,0.021765028586101076,-0.05376910958519804,-0.0035245927813001843,-0.05031915409362353,0.007701648371323977,0.0,0.04618420147822744,0.009170340608003258,-0.038070777818610735,-0.02331899806702309,-0.04303487188135385,-0.06981866184298052,-0.030962573827249096,0.006172083562878072,-0.025602115835866246,-0.006312727029179621,-0.004323376143240132,-0.03390844603055265,-0.022091835094582346,-0.012050686570875546,-0.018054184499740666,-0.01835940268434788,-0.034137248695362776,-0.017199134659072413,0.007849504377130223,-0.03322520550361313,0.002891577993169525,0.008096859545108914,-0.014871458545610894,0.04289895588335624,-0.004768392314445036,0.03556646596237972,-0.0011382697499761063,0.06658907218936605,-0.015406612064801373,-0.04844324134580286,-0.004330937403335677,0.0009402479689358811,0.0009009745649790069,0.0010287132941783073,-0.03250964363944325,0.0,-0.030949119572801498,-0.008167519298612369,-0.029283933862140565,0.0186993122843519,-0.03036884470762513,0.0001818737015378824,0.006442115282770555,0.0017045095719491754,-0.026346034041749455,-0.0008660510943674371,0.0024590958189394385,0.0022073525592317678,-3.639713585451565e-05,0.0008010946933870722,0.00171913480248298,0.020131306929248693,0.0021841858632808964,-0.00013795829151658223,-0.0009628031899469591,0.0008252331903249588,0.0012570116035037215,-0.029615394394153283,-0.0027724193326530977,0.003216744733953447,0.002058093624291768,0.0025374224069564244,0.008559417728242813
-0.000605660597341795,0.0006774693278755461,-0.012960080200712765,-0.012398119668538987,-0.031291825050728334,0.016674639498497068,-0.03022404283025143,-0.0002996983508036788,0.006083332882469539,-0.03413179977528569,-0.03879696086288578,-0.0007108211056765512,0.04618420147822744,0.0,0.0011528465892997053,0.0015591790383114312,4.133912087167513e-05,-0.0002559710153040573,-0.0072700595460977735,-0.0010434769496597829,0.0072881731466012956,0.0012134908672608025,0.002213091008715473,-0.001911088235775571,0.0009823988805044426,0.003478050203243821,-0.0038429952449084426,-0.018040229733996216,-0.02855448667998034,0.001502157981677854,-0.038380084827334515,-0.01114660523600694,-0.007958375579853127,-0.03135376965499709,0.006652579415591553,-0.011047628794744302,-0.013830633812868115,-0.00032805452493261944,0.01030089429422476,0.0,5.667662901281956e-05,-0.0004101541949240728,-0.009399988977444818,8.855678530483857e-07,0.0,0.0,0.0,-0.008873046531765849,0.0,-0.04566935428150393,0.002310219053152762,0.004585028954299075,0.012842493783869424,-0.05029917082770724,0.0,-0.01696774995223549,-0.00034468630264028466,0.0042667136425487695,-0.01835724940969352,1.1102230246251565e-16,0.0,0.0,0.0,0.011524807876872378,0.0,-1.1102230246251565e-16,0.0,-0.026776071505758836,0.0,0.0,5.551115123125783e-17,-0.04201283829307767,0.0016875005074767357,1.1102230246251565e-16,0.0,5.551115123125783e-17
-0.05619286259900963,-0.02306729797838386,0.0020150097818992796,0.002041457050235118,0.001120466737304704,-0.01811696429122689,0.0023883853869867133,-0.07679570622425697,0.0024958743514448822,0.0029767573885073895,0.0,-0.0040661707956552995,0.009170340608003258,0.0011528465892997053,0.0,-0.03536040054344336,0.005117038453788247,-0.03894914920897191,-1.1102230246251565e-16,-0.0812907724579332,-0.05255079486547137,-0.05379944138767073,-0.0544455183838467,-0.06485067225239055,-0.026656425208586354,-0.030766046062179364,-0.045465331055440705,0.009598252504885996,-0.016592930173351894,0.005452451571502037,-0.015374343535192014,0.0021135899232337385,-0.01939425761943503,-0.026208108611743997,-0.013638385235626271,0.01077236289042971,8.686482738784473e-05,-0.00032610644616420936,0.024539668604999176,0.018440990320065964,0.02445762458756895,0.01591992489783778,0.00021675252257030708,0.0006944736608607283,0.0,-0.007721245495029561,0.011123796334929659,-0.0013046700420038526,0.0,0.0,0.015973918134917275,-0.0008245386665264309,0.019180550972444366,-0.0008295474356405652,-5.551115123125783e-17,0.0,-0.00022759212634970716,0.007962758773293499,5.043157276229948e-06,-0.06502310587339116,0.008841026998832213,-0.00014091268018390224,-0.037087231225297945,0.0,-0.010256871051295802,-0.004769398821355186,0.005322274814641315,-0.007765171598698994,3.73426848191416e-05,-0.020146924288019563,-0.027347987124300033,-0.016625022984633586,0.07168174546475092,0.015928492514718062,0.006254608268736528,0.018454297454385538
-0.04601966449322048,-0.04727685579622676,-0.003696515731714034,-0.0012609471141624695,-0.03567433828216843,-0.037943660107753574,-0.0439853885569334,-0.03926862322075708,-0.035215603635366355,-0.02915424121643162,-0.00023446808127369767,-0.022363931628798517,-0.038070777818610735,0.0015591790383114312,-0.03536040054344336,0.0,-0.04218797444958672,-0.07053170212081827,0.00039167260619932254,-0.03518789716514131,-0.02177745119797253,-0.03929632219413659,-0.022686212819691576,-0.05680410357901555,-0.05637233088563437,-0.047529969738907496,-0.030446856372800257,-0.043188045494521654,-0.054531194737893585,-0.033839761377263966,-0.03239060554239964,0.0002377563679551442,-0.04071292277744565,-0.028074291927251582,-0.008898670339374248,0.00042172379216004474,0.0005633725788981581,-9.898660704454887e-05,-0.0051558584447640166,-0.03801741993269081,-0.01685386703692776,-0.010148100045434094,-6.575892303295472e-06,0.0,0.0,-0.05023802296728641,-0.02478699888874486,0.0,0.0,0.0,0.0023708009692323118,0.0004102471655343942,0.0027082393936303517,0.0,0.006617319755681583,0.0,-0.0036396611852835825,0.0024279728707081727,0.0,-0.009405452387994284,-0.026763526833879447,-0.023451845911540536,-0.034294890761275454,0.0,0.013337496624191869,-0.035715767167468715,0.009512120639624977,-0.024504139971310235,-0.06483880299923006,-0.03703669109787033,-0.04200883121988902,0.007823790813897946,0.002980674808534922,0.004118927286974106,-1.1102230246251565e-16,-0.020416686143308993
-0.055123021272296624,-0.058840318601534713,0.0013948118657825526,0.0005255154845624777,0.001701306080128473,-0.07457044718588168,-0.03758831819393338,0.0004079746892418634,0.0031439637139464294,0.004834279074796166,-0.05372843572068975,-0.00010200274614741156,-0.02331899806702309,4.133912087167513e-05,0.005117038453788247,-0.04218797444958672,0.0,-0.02576882698898464,0.0003072728235484212,-0.03064586291667437,0.0011350182256389951,-0.025892203701064043,-0.0009713840223271042,-0.05165531018973729,-0.02544432223568105,-0.040745519063007385,-0.05561121360288779,-0.022383831353096795,-0.05221416714568611,0.0022078451159690538,-0.017940155569169114,0.0010134699888289522,-0.023594473768256352,-0.010263686465947608,-0.02637111255935859,0.0033079913055804044,1.4838641048842138e-05,0.014192501463474783,-0.010436256516544618,-0.019810362062046727,-0.01876699425171441,0.00025665009808134576,-5.551115123125783e-17,0.0,-0.004095940638866258,-0.06985307336788393,0.0023946174713044277,0.0,0.0,0.0,0.0,0.0,0.0,0.0,0.0052240479567647324,0.0,-0.0034886292084998494,0.00017627682025772584,0.0,0.00010251200532729321,-0.04156049578634252,-0.029833861081761226,-0.04401160621237327,0.0,1.1102230246251565e-16,0.0,0.00017691104673683844,0.0,-0.04572499067332597,-0.020861417964328444,-0.02419230063267669,0.0,-0.0002500079631433949,-3.963006487456289e-05,0.0,-0.0080089087480536
-0.06021321717294431,-0.06123585150240457,0.002117016729382859,1.5059889515056657e-05,-0.047452791761191604,-0.04583223134419445,-0.052666391293429204,-0.045243733186211665,0.0068291878196255484,-0.02143602391542626,0.002062769070963699,-0.030718936793836082,-0.04303487188135385,-0.0002559710153040573,-0.03894914920897191,-0.07053170212081827,-0.02576882698898464,0.0,0.0012061805336038844,-0.045185830684067896,-0.03351160493978422,-0.0562470946136126,-0.029529369950399398,-0.057195803440646564,-0.060037135716146106,-0.05047450332320308,-0.044427945211110986,-0.04320814868355721,-0.06657639011678546,-0.0006363318369178583,-0.02967186657569093,-0.006967268288266715,-0.036737576712125464,-0.025600625306731906,-0.04410171380482053,0.00590594168761055,-7.895597038887203e-05,0.0011669280236481505,-0.009099173767551427,-0.03044602342043662,-0.02677915071524406,-0.010743031757457389,0.0,0.0,-0.0023502584615263666,-0.0732195335719108,-0.0358318750912755,0.0,0.0,0.0,0.0019943986969111482,-0.00011093280016599705,0.0022857909349652816,0.0,0.0021611411482798104,0.0,-0.009788121892695012,-0.00025399671982123673,0.0,-0.03055444200023666,-0.03839731474491964,-0.02760755933733755,-0.03443273757740045,0.0,0.0017549787988574983,0.0017907908957635055,-0.003444473147639404,0.003549247394056876,-0.06789794066162935,-0.027120578146513863,-0.03403130209811561,0.001759242079510559,0.0008629108858012047,-0.044622243493760594,0.0,-0.021159492247549705
0.0,-0.0019544413948160977,-0.018162668471282895,-0.05459638395882682,-0.03977323779219316,-0.05421499516689193,-0.06030183825436364,-0.015034360997172758,-0.02150703613624888,-0.05779461663779584,-0.05249275717819135,-0.05090748034589859,-0.06981866184298052,-0.0072700595460977735,-1.1102230246251565e-16,0.00039167260619932254,0.0003072728235484212,0.0012061805336038844,0.0,-0.0008304398208764385,-0.0010440587937594614,-0.0019186758131063963,-0.018652161203500328,0.0021827320799494565,0.0007837756160880005,0.0015914506530312345,-0.047942047354731454,-0.05257180091674096,-0.08302658953466835,-0.09107990620829254,-0.06661491445110712,-0.0551291243621847,0.004452267231590035,-0.05416248830927667,-0.06025498670961116,-0.027929721204871194,-0.06491985295481123,0.0044349392788360364,-0.020604337789781435,2.771354291397632e-05,-0.0043427746299732894,-6.424055860759781e-05,-0.039599067124560405,-0.0024696377813179238,7.8214872561988e-07,0.0,0.0,-0.019276404748782006,-5.551115123125783e-17,-0.01402439002493211,-0.03430279378834716,-0.04259779563223004,-0.026592235169836775,-0.04132915016941774,0.0003628284766272749,0.04007886668460303,-0.0003187191638949205,-0.05187720117665756,-0.014117707989586836,2.220446049250313e-16,0.0,0.0,0.0,-0.04503827223402518,-3.41138072795788e-05,0.0,-0.00027259535980173055,-0.028299899880440127,0.0,0.0,-5.551115123125783e-17,-0.04136782233722758,-0.04122069394739042,0.025201396278672794,-0.00011760933790849748,-0.0529568111687434
-0.007551076664394973,-0.025392658829618553,-0.0011137657772343768,0.005818207248414919,-0.025851845467483037,-0.0363767325380604,-0.03355163230503283,-0.012791183031338749,-0.028853111323245195,0.0004050824464787439,0.00013201622325398343,-0.00028095057743893204,-0.030962573827249096,-0.0010434769496597829,-0.0812907724579332,-0.03518789716514131,-0.03064586291667437,-0.045185830684067896,-0.0008304398208764385,0.0,-0.006763486831771359,-0.044077535115378874,-0.05008411094655463,-0.013025502896377439,-0.035940260607750074,-0.011104274927727698,-0.0329159691175569,-0.024136789096842026,-0.039741420277716655,0.005388289171284311,-0.025987406211139652,0.016053063455837624,0.03799258462144578,-0.010153431850940753,-0.002805064553960679,0.040390052892206985,0.0021197317229818546,-0.000124301973227936,0.05140274776546827,0.016162925418022445,0.04211653211624006,0.04169207381890738,0.0011675752418389695,-0.004219517649131366,0.0001110919290400747,-0.00205752725804792,0.014828518873420737,-0.0014170333893506748,0.0,0.0,0.014411819818409055,-0.008848932625625472,0.026599758757934244,0.001589653736946195,-5.527153168582988e-05,1.1102230246251565e-16,0.0003741124689187747,0.004400857468596475,-1.1102230246251565e-16,0.020104295931281768,-0.0012255837854150409,1.0460825457803136e-05,-0.03801949744654676,0.0,0.03504873685906429,0.010858117983738647,0.018867324212526237,0.012050584137074105,0.0,-0.017568871343127346,-0.0047885270863642915,0.01706511023297952,0.0330624457220044,0.04068459542225722,0.0025149397814336893,0.03401271262655181
0.03252863125033484,-0.0023356885680472783,0.0021522399344042764,-0.0007981692276785579,0.0005008752239443748,0.0016234309679670211,-0.005007967073007047,-0.003854827146976436,0.0001629841427323031,0.00421508166491219,0.005846346154999904,0.0016460998923344405,0.006172083562878072,0.0072881731466012956,-0.05255079486547137,-0.02177745119797253,0.0011350182256389951,-0.03351160493978422,-0.0010440587937594614,-0.006763486831771359,0.0,-0.031248925814021833,-0.0242339545360859,-0.03916296677668296,-0.03491492762317533,-0.017372024721445334,-0.016487503680416737,0.024190383752588362,0.0044523131937250215,0.005064025113471204,0.0016245077341640601,0.02850747249520741,0.014786717640642155,0.008317509311392302,0.01915996578755863,0.012574740749000723,-0.0008714389760917651,0.0028360241217050275,0.04782024685465319,0.029195952036087214,0.04599051478631683,0.04439278974148175,0.0014018359348716425,0.0,0.0,0.038191088689197794,0.008719547790403459,-0.00040677871843064484,0.0,0.0,0.024488009908601782,0.0008280743321030792,0.034951734572491844,-0.0005669232395137946,0.0005053680735013222,0.0,0.00018022908182119268,0.0059016245376583565,5.551115123125783e-17,0.009529225545847897,0.014851243201551345,0.0,-0.021559511534608555,0.0,0.018126712819684532,0.029197855386712268,0.012367484198945011,-0.013994307768970426,0.002515783653570358,-0.022302582481639133,0.012023567995570528,-0.008245564500294567,0.013490387105469182,0.03342018965054183,0.00372110542460824,0.010476945378917302
0.003490869705732036,-0.020115963992805852,-0.03395761913123668,0.0025176831387137555,-0.021128720989652017,-0.03269540605021609,-0.03169216209351067,-0.014521520184312964,-0.029506416681507996,-0.008106692167306695,-0.0003802123008854741,-0.0036801378631445836,-0.025602115835866246,0.0012134908672608025,-0.05379944138767073,-0.03929632219413659,-0.025892203701064043,-0.0562470946136126,-0.0019186758131063963,-0.044077535115378874,-0.031248925814021833,0.0,-0.05149690530418127,-0.006082533554142566,-0.042681614799458756,-0.012030721959231883,-0.03446171019852656,-0.01589486922431027,-0.0394340472102756,0.007026298282617582,-0.014658372935133113,0.006131860285831459,0.010476289064269673,-0.009852540248347641,-0.0020529351968805454,-0.017552237404865445,0.004466698702820682,-0.0008079858799729389,0.02209277908921703,0.011261619934198885,0.02666080246358893,0.0255829234122395,-0.0004443559189856727,-0.0005480675256065992,5.638814236264e-06,-0.008747158710675718,0.01670482134220236,-0.0019298072026275315,-2.7731703568512067e-06,-3.4608569619010154e-06,0.005359898002061547,0.001835896940957371,0.005420625764364251,-0.0005116373076164416,0.0005319682243886681,0.0,-0.0011964036349433327,0.0009189330179469324,0.0,0.0037753125726818215,0.020259999643128024,-0.007625866076472587,-0.00463350439314647,0.0,0.001408078814737812,-0.0070915808203330655,0.008229869069723728,-0.010260861200718174,-0.0002099095105490001,-0.011740073409855334,-0.0019160713960602038,0.005125567715107027,0.0031828573770164015,0.02051768075459498,0.0010403126315678413,0.016139007970609742
-0.007517179739788715,-0.01264724907282605,0.0004679240444611099,0.003031442316510591,-0.015673088274952673,-0.01638174002899917,-0.014242937971697456,-0.023972474088671092,-0.030459903195167504,-0.0008733810564737765,-0.10637234218819153,-0.03175245636605667,-0.006312727029179621,0.002213091008715473,-0.0544455183838467,-0.022686212819691576,-0.0009713840223271042,-0.029529369950399398,-0.018652161203500328,-0.05008411094655463,-0.0242339545360859,-0.05149690530418127,0.0,-0.03605440708301172,-0.036285616829806466,-0.02569108477593407,-0.041792700917677394,-0.0017462617669086744,-0.012464590720336732,0.002826902027712852,-0.0012693788724632005,0.021140835455617624,0.008711949743118619,0.010978524581645,0.011608438357294859,-0.004653692512281815,0.00013304424669141612,0.001873191794786122,0.017846260619019727,-0.0012902790178295764,0.02456059334734606,0.025950217740662695,-0.027620011680379808,0.0020851617509192177,0.0001936744861904538,-0.039380428548553226,-0.0033891400621441914,0.014795666798197327,0.00016098443330619938,-0.006331900009329372,-0.00042045670302454097,-0.015653239760425153,0.007289486183754079,-0.022169093856833078,-0.0012422154137384234,0.0012870793458930607,0.002073810412912769,-0.014629688593393808,0.0007635468314269311,0.012665097533021807,0.004717241611436163,-2.544711482632689e-05,-0.04588523920506593,0.005120363200211309,0.0119877149166156,-0.005840821564725929,0.010419604502203694,0.0025611138524583854,-0.00016612588484671287,-0.029572949019412875,-0.012522710330129916,-0.0036619485266908836,0.0027403146053026073,0.014525337237818736,0.023633807423657616,0.008655050384384133
-0.005065989727787323,-0.04146553848998419,0.0003709212068474521,-0.0037374324243035772,0.004514320205421862,-0.0018427146787558524,-0.0023968632018768754,-0.035347155770245,-0.053383218114337605,-0.017763543260765013,-0.06338641313852994,-0.013463053656500745,-0.004323376143240132,-0.001911088235775571,-0.06485067225239055,-0.05680410357901555,-0.05165531018973729,-0.057195803440646564,0.0021827320799494565,-0.013025502896377439,-0.03916296677668296,-0.006082533554142566,-0.03605440708301172,0.0,-0.04978929432425139,-0.03768153340618857,-0.022045263463819798,-0.04242843293790621,-0.005045853797920219,9.598991633108511e-05,-0.02096172125101492,0.03071770832916615,-0.0030537276082133746,0.02687236174107116,0.0007408090934813982,0.0018632658028226445,0.010414924613486698,0.01072560044425333,0.00940176220974498,-0.009499409082607213,0.017265970020468036,0.013585564134264094,-0.0001659643556725654,0.0001632617018875182,0.05955058059953905,-0.030016799350159162,0.0035665317625369064,0.0,-5.551115123125783e-17,0.00010051144159600733,0.00013189685385800454,0.0001001910009034157,-1.6653345369377348e-16,-0.0001709519405917459,0.017127097340442154,-0.00013354171034052342,-0.0017205226522446493,0.00010251593767568457,0.0,0.00025963459345562656,-0.045283998488270194,-0.03603322339024345,-0.04732122767149466,-1.2248583687646253e-05,-0.00013269497081697113,-0.0006539290094071948,0.0006530547736872117,0.0004886668157386698,-0.02326375337820641,-0.026760614268046712,-0.03710579167286576,-0.00017789063648360193,0.0039772974325745225,0.0019358681645808007,0.0,0.004095075321450592
-0.047684784827759785,-0.056349799537373235,-0.031211159817090328,-5.2768637138711494e-05,-0.01851342017002805,-0.026317735977810508,-0.032408125429647106,-0.05348746932733389,-0.03164537552003377,-0.012574439161689821,-0.04409106587143369,-0.01686029219589047,-0.03390844603055265,0.0009823988805044426,-0.026656425208586354,-0.05637233088563437,-0.02544432223568105,-0.060037135716146106,0.0007837756160880005,-0.035940260607750074,-0.03491492762317533,-0.042681614799458756,-0.036285616829806466,-0.04978929432425139,0.0,-0.04327105425337269,-0.03607093258057725,-0.03213706293784241,-0.04013233728748827,-0.000215018288547697,-0.018874776029024154,0.0070973730602344465,-0.025725452285986106,-0.019571891674273867,-0.032849598461566154,0.005124054492943841,-0.0006226574976055943,0.01481515152911006,-0.009855125396437792,-0.02584444868394925,-0.01922836663324151,-8.414690944935632e-05,3.8391012724403595e-06,-5.551115123125783e-17,-0.008971377617257026,-0.04863223722802362,-0.03931588709602374,5.551115123125783e-17,0.0,2.220446049250313e-16,0.0033988930436544273,0.0015852804727127245,0.003628990762919282,-0.0011958226492034263,0.008308036092084026,0.00058487980959393,-0.002905161012544344,0.002349228650561086,0.0,0.003204800785373607,-0.03356947210920613,-0.024211256691145766,-0.0350686915357728,0.0,-0.03385107458696729,0.0034166623167785626,-0.0196638505244775,0.002092856469385951,-0.04518611215997698,-0.03149378827111843,-0.029751472957759928,0.0022746252380532184,0.002858518101230001,-0.04925248340744942,0.0,-0.018892929704445005
-0.02159217035415084,-0.01751734116692366,-0.054714577202705394,-0.00044663676333889235,-0.015172477913434734,-0.025381733454140742,-0.02555102617369237,-0.02222052684788789,-0.038525196025816166,-0.03773437183583234,-0.049384085200632366,-0.040312472874928784,-0.022091835094582346,0.003478050203243821,-0.030766046062179364,-0.047529969738907496,-0.040745519063007385,-0.05047450332320308,0.0015914506530312345,-0.011104274927727698,-0.017372024721445334,-0.012030721959231883,-0.02569108477593407,-0.03768153340618857,-0.04327105425337269,0.0,-0.0164026719867138,-0.021621214796088806,-0.028558197973709953,-0.003547282493574333,-0.011494584801928776,0.021607230275369038,-0.010438584845950505,-0.0033198159725729703,0.007664265208615906,0.004744902454217381,-0.001944777903503725,-0.02300521060704691,0.0063158456591349,-0.012900558491938385,0.009792977945187631,0.02305037336524718,0.001768103344218841,2.1630542091199967e-05,-0.007703842483003154,-0.014001385045456949,0.0075225313584257325,-0.0008970196483323312,0.0,1.993380404685663e-06,-0.022302241505435805,0.0013321249803988633,0.002822267686655555,0.0005216149643266221,-0.0014377890919612946,0.0,-0.014390159577486128,0.004062957402665324,0.0,-0.012714273619458594,-0.006351713119255142,-0.031729826649275095,-0.033124225941162044,0.0,0.002279215136710311,0.00396729867714668,0.012095761616453704,0.008064306504345031,-0.05946594950726958,-0.02499429689558713,-0.027975992611575462,0.013424288958288844,0.0028112760150502125,-0.037083823350486766,0.0008617574998160404,0.0053284778361765706
