0.0,-0.05894985526327112,-0.0008059145163721859,0.0,0.00029947736417562654,-0.058962891297732245,-0.06633615735150677,-0.044517494167455596,-0.06665033460686332,-0.029995099192882624,-0.002138905547083292,-0.025381151511822964,-0.05740943113769037,-0.004477978557305473,-0.058298744716793804,-0.060801513467649504,0.00898718590301395,-0.04919721392836568,0.0,-0.051413267242543914,-0.05796851155273158,-0.05527918752207528,-0.041410308037849175,-0.04744562195804841,-0.039000256902010366,-0.05132567274092603,-0.03424307635307655,-0.07450391919591631,-0.05593797416084789,-0.001606088586215193,-0.05641275450983574,-0.0504538582370373,-0.06629765599589343,-0.04912866475158317,-0.026420725111195087,-0.000654570384286679,0.0007343554168621202,-0.023333152585361283,-0.056663949261042124,-0.06632283342009032,-0.04763411280872837,0.0012956535974976147,4.3168440599206104e-05,0.0,0.0014500822160379845,-0.08882391841835768,-0.055376553662191574,0.0,0.0,0.0,-0.08325760520369463,1.1102230246251565e-16,0.001597623751502797,0.0,-0.030377607790563477,0.0,0.004448354323978665,-0.06866645072069633,0.0,0.00014994489955239,-0.05607926886879594,-1.1159115451075952e-05,-0.05129597902895694,0.0,0.0001533310717424241,-0.04319263956117875,-0.07467861553113397,0.005327088315502326,0.005287105532770342,-0.047032652412815346,-0.05314155508071011,0.0023402778205656727,-0.0003490699765292815,-0.08570407561452409,0.0,-0.04846490256889402
-0.05894985526327112,0.0,-0.04123727721036563,-0.00021645348094589956,-0.04789452662615945,-0.03390954527104595,-0.05408429863428288,-0.04298367353150062,-0.045007337525913516,-0.06325242281429233,5.0176120710232475e-05,-0.011135746393186319,-0.051091679102886034,-0.0011275524440980678,-0.047786197038358125,-0.060517303500136566,0.005688774133010388,-0.05284315306370374,0.0013876577805513879,-0.04475791061848933,-0.06745337609949992,-0.05181719744605079,-0.04087431311168893,-0.01574017738238126,-0.04313678864600673,-0.03900318542332237,-0.03674386667118229,-0.04538533581087845,-0.03570041933770818,0.0008540286358547089,-0.055734786384359136,-0.06124152709778197,-0.07102667146702885,-0.0558086377691141,-0.042152346227191995,-0.0009236506764699337,-0.00030123085115213444,0.0,-0.04421204919697225,-0.04276489772081182,-0.04108194679237903,-0.04144636156660142,-0.00022373272927406207,0.0,2.220446049250313e-16,-0.05731658768927006,-0.052461386087894746,7.712614149957275e-05,0.0,0.0,-0.0712792802315137,-0.06140627247695357,-0.0003431432106072996,-0.04664180434089904,-0.05872430505504411,0.0,0.0006748912659625406,-0.06467709352269158,0.0,-0.04485456961539369,-0.056350212971983116,0.004068499402946568,-0.045694603121830935,0.0,-0.06343114584564302,-0.07256433591933603,-0.06296482553933214,-0.027994191531659662,-0.06979964411052597,-0.0327020090934001,-0.061607036015054795,-0.05946192780169146,-0.05043848473227225,-0.06532741180827117,-1.1102230246251565e-16,-0.04837414707146348
-0.0008059145163721859,-0.04123727721036563,0.0,-0.05733502496424392,-0.04059849842860075,-0.043432318230131495,-0.044545719666631456,-0.014230299803270618,-0.03562974570632421,-0.027483267106146292,-0.03359212027547731,-0.034769307936832416,-0.05391284758763443,-0.029668243024702723,0.0005435021817710162,-0.07228496000863388,-0.0017195934369853005,-0.0003123651453780796,-0.046059899893057005,-0.0004700933569622978,-0.04383190898548922,-0.052004950930478744,0.00693557140503237,-0.000814388823770329,-0.045249153703708855,-0.046998923799257464,-0.030568434082163254,-0.05449250249798493,-0.03432493701064099,-0.05685283605744196,-0.05082836159776494,-0.04616091083455365,0.0015343407419108335,-0.036130039990311835,-0.014980344198405049,-0.018237360915492717,-0.031268455503045356,-0.03415112297198031,-0.023336786113703212,-8.841084871979987e-07,-0.010135332645460404,-0.010472198335695404,-0.04106283477562017,-0.026257670335004424,0.0,0.0,-0.00026191975976580517,-0.15221872438506512,9.695747145821443e-06,-0.03583232610512055,-0.026609256257467684,-0.04514463539233449,-0.019829144538648258,-0.040058584277963216,-0.0002550069550657508,-0.09339762464241824,-0.001313873517876929,-0.05035764748728594,-0.013524699112203886,-0.00043811120219389155,0.0,0.0,0.0,-0.12197634363610937,-0.0005015355091274598,0.05684510405057369,-0.0005336901894688051,-0.036621016580015264,0.0,0.00010601595744424985,-0.0008175410603058486,-0.029853148727348233,-0.03325497385544135,-0.07725176211337498,-0.00017350445202335418,-0.01812151395202355
0.0,-0.00021645348094589956,-0.05733502496424392,0.0,-0.002844044810001889,-0.03632795527296723,0.0033118424733769025,-0.00502215006681439,-0.013470767304495812,0.09903813314472298,-0.029720800699064964,-0.0015384468455995615,0.028183086143364178,0.026102450757539142,0.0017619558632102073,0.0005990091140487541,-0.000846372139964191,4.4151417324056474e-05,-0.02513944411350305,0.0011985134262494923,0.0010863098982436536,0.00022631820256291402,-0.04403374790063641,-0.0037179743959284695,0.00041485794087881,0.0028283210843527695,-0.048659860337730565,0.005881298206484753,-0.021281367370536153,-0.0017543220531767711,0.02135113311999204,0.005375764744820488,-0.016691366887499726,0.042021496982816486,0.005739263842025888,0.02835243307548596,0.011406413123699666,0.06980438349725498,-0.0007503514016710677,-0.0012530910740542467,-0.0006938023017576955,-0.00226249921659899,-0.004068351092793354,-0.001597454429873968,0.0,0.0,0.0,-0.0011212391034615132,0.0,0.0,0.000719357977114643,2.220446049250313e-16,-0.00010104639773528268,-0.001570154859595052,5.551115123125783e-17,-0.0011459649181536635,-0.0015999309280911866,-0.0004631638058733567,0.0,0.0,0.0,0.0,0.0,0.0,0.0,0.0,-8.90925314099289e-05,-0.02595205344503898,0.0,0.0,0.0,-0.02568233471118664,0.0020108717452361757,-0.0001521928148862095,0.0,0.0
0.00029947736417562654,-0.04789452662615945,-0.04059849842860075,-0.002844044810001889,0.0,-0.058550043281741404,-0.038451060268066106,-0.04098674943146852,-0.06614806313676957,0.009205315854189988,-0.027263402759989785,0.007658206178014493,-0.03907336168996006,0.0018988117722623654,-0.0006957856562380127,-0.10069422764271635,-0.007918662805805388,-0.057856573278079526,-0.05006490562632682,-0.060581709608554135,-0.05332824061999214,-0.0668913431283703,-0.05224353970226642,-0.007329078158209157,-0.06425604808700153,-0.06745438876210613,-0.05674527341616992,-0.017624819736379804,-0.04592336968913163,0.0032721434625183066,-0.04879655874531652,-0.043137453523787284,-0.04183506861982211,-0.03021820087343896,-0.01671133289870974,-0.0006922935590340518,-0.010365116939675179,0.008958922885747789,-0.04745486916623615,0.0007533931331734078,-0.07241004714531873,-0.022567608876866596,-0.0239411858069285,0.0030376643275655812,-0.000777122226933491,1.1102230246251565e-16,-0.00031583298540671656,-0.073105033537186,0.0,-0.07454384752806315,-0.06127679600214736,-0.09043264378403348,0.0754024896605397,-0.0730132876879595,5.551115123125783e-17,-0.026410692795547086,-0.0016841253467697048,-0.09243705243473316,-0.024589546994695288,-0.01024691581447884,-2.3350296518453995e-05,0.0,-5.551115123125783e-17,-0.068521726264274,-0.0008152145309859304,0.00021040847183445566,-0.02351591048152002,-0.06919067822187425,0.0,-2.8345585554423458e-05,-0.035135523248815026,-0.019462170775649212,0.0019515253514640896,-0.0023608748293394988,1.1102230246251565e-16,-0.003211178329018294
-0.058962891297732245,-0.03390954527104595,-0.043432318230131495,-0.03632795527296723,-0.058550043281741404,0.0,-0.04932357467884424,-0.026888715473663616,-0.05741471265886239,-0.00806480366731821,-0.05565367377982483,-0.012895142119970004,-0.02041541836606542,-0.04460664948130316,-0.04114480690696981,-0.059332140276521506,-0.012641651243883334,-0.034059316549906404,-0.0503703793242819,-0.0400577512331709,-0.03276623109196458,-0.04910565880369766,-0.06047398373009599,-0.03367591322634628,-0.04073338606277388,-0.04229319261515274,-0.03773851811305817,-0.02243330623932205,-0.011726506820810556,-0.02606799825022621,-0.03713297449867431,-0.03880817453365559,-0.03175748312908433,-0.0312296327603116,-0.02405745140926263,-0.0256249750629573,-0.027493076866238475,-0.017647749651027778,-0.0160051339544941,-0.04956467583889085,-0.014725465625071876,-0.012603713498183955,-0.00790777740944748,-0.028029240889229534,0.023815645118471507,0.0009228606205077261,-0.044469370959336396,-0.022292629649358187,-0.0005590689122512704,-0.031030985077186324,-0.02504922182362085,-0.02618665489200317,-0.030788505987446924,-0.021802974367759798,0.0011581201993966506,-0.021743962834626596,-0.015859173416434336,-0.02639673129731429,-0.019077951680364913,-0.034291018161783204,-0.04877917032421869,0.0,-0.042965407609581174,-0.02416330793861232,-0.0321234535035162,-0.007480326126925729,-0.049583196957682374,-0.029296523226383042,-4.487353755960877e-05,-0.03845068138051161,-0.04146777721402706,-0.026677710084361705,-0.019696409056759512,-0.03066036254951582,-0.025892950491864464,-0.013685445162917753
-0.06633615735150677,-0.05408429863428288,-0.044545719666631456,0.0033118424733769025,-0.038451060268066106,-0.04932357467884424,0.0,-0.05028494608909778,-0.06106696661827876,0.00046079723512310045,-0.02551386602580169,-0.007879056601784895,-0.03827236087900415,-0.01750234643551718,0.0012946564186806508,-0.07338766059644802,-0.012379382035075992,-0.06528305119892425,-0.028316223080111003,-0.06277482275988505,-0.06226828153920372,-0.07080578779177049,-0.0464752173312073,-0.015984847532128643,-0.06020598882726025,-0.06451358683129699,-0.052998628655218816,-0.01731126355070106,-0.034352901498602484,0.0023882691807099454,-0.04998979555073457,-0.012186267491308689,-0.04358494969048948,-0.039283515488154674,-0.00991414795838258,-0.0012424222779520155,0.005700137473097555,0.0003120537861068806,-0.07692471245865473,-0.0008183398330162683,-0.08276716448295351,-0.0710407826111476,-0.08034954662636495,0.0010760026718567572,-0.0008075404477947967,0.0,-0.05854496620388594,-0.01218999806768506,0.0,-0.0009971162683157786,-0.044803277598736924,0.003803437036189794,-0.04569621891139275,-0.03892650579125434,0.00046505026500365254,-0.0024038582350431326,0.02229021776913137,-0.05107031180481486,-0.002476535512920097,-0.052333797833809426,-0.07158867363535648,0.0,-4.580296804529427e-05,-0.001478996260977694,0.0009553596981440871,-0.000498137017721445,-0.052087286279122125,-0.04496792092538732,-0.00013620609550724083,0.00044160734455139794,-0.06756707680598972,-0.03920823282798025,-0.04929052010986157,-0.052325430182813104,0.0018306660554610055,-0.021039115199130376
-0.044517494167455596,-0.04298367353150062,-0.014230299803270618,-0.00502215006681439,-0.04098674943146852,-0.026888715473663616,-0.05028494608909778,0.0,-0.022047496854697146,-0.019225102038201658,0.00014689138328644047,-0.024042647570829467,-0.04391083607507995,0.01690950559132942,-0.047875878241168957,-0.0589575502410043,0.00018431322454204313,-0.03429413091721423,-0.04388634391813717,-0.04103454939814083,-0.04469621180474098,-0.04083008748202571,-0.016411043334586484,-0.04527739172574713,-0.07494618147481674,-0.04824026039214291,-0.050738476153098455,-0.0395066626126917,-0.01958126769448143,-0.050147533685904355,-0.03247566258000234,-0.026435857614342584,0.001471714674035951,-0.030961813380719905,-0.011417892423119969,0.01983198176828843,-0.0982760182587823,-0.0008065393124900289,-0.026123720386155125,-0.000919990961350925,-0.021371097517641713,0.0017716390667066317,-0.036937886491650807,-0.001520666683566707,0.0,0.0007589023997123245,0.0019062821168276955,-0.03121272891382082,0.0,-0.08233744622611733,-0.0479650259096025,-0.035984737230211006,0.02835830848153892,-0.04015732446348225,0.0004917870560446902,-0.021209860137588243,0.00024569761764969833,-0.03669143295128752,-0.034941953479321275,-0.008565340998823778,0.0003051024235607436,0.0,6.529167681124104e-05,-0.054201298729343095,-0.048430586071954995,0.008900399318635344,-0.00031550440099903376,-0.021367054721805334,-5.551115123125783e-17,-0.000511535839788968,0.0008817773526458295,-0.03242545063822749,-0.0257100627649815,-0.029118153138944114,-0.000851519892626218,-0.01825470540483387
-0.06665033460686332,-0.045007337525913516,-0.03562974570632421,-0.013470767304495812,-0.06614806313676957,-0.05741471265886239,-0.06106696661827876,-0.022047496854697146,0.0,-0.006667098150031692,-0.04797736984935663,-0.014796685541928922,-0.058177245482608886,-0.049642034724468265,-0.049950009890668334,-0.08386130635817157,-0.022869548647640403,-0.03582289051461801,-0.05270108137863461,-0.060424378022185754,-0.04199413228815019,-0.060535067343025994,-0.04464128982842436,-0.024292044450492767,-0.05740675707760351,-0.05761517332025817,-0.050540074575027294,-0.049522377338657,-0.03329998113161253,-0.052650836149908176,-0.03799172494679637,-0.03057868988987056,-0.06343489456665519,-0.02126446199600346,-0.013014907569778966,-0.017125364419119382,-0.01147350419672677,-0.006581023941742314,-0.007559094496047081,-0.005488317901790107,-0.02351808126264665,-0.02548812580380988,-0.022347882171548816,-0.005690576916269563,-0.012577031116393078,-5.551115123125783e-17,-0.057296058546519646,-0.023393908897815008,-4.6578823911236356e-06,-0.03858882631995225,-0.019163325650791596,-0.022117476650129753,-0.01566070619170068,-0.01726885652411081,-0.0027448869653047825,-0.009870047617602296,-0.022387010104661154,-0.026455576142054738,-0.009599031458234653,-0.031411934095973204,-0.09092172690766509,0.0,0.0,-0.022974846160780382,-0.036414460020039674,0.020788326539586677,-0.037471222141737925,-0.02355542274316058,-0.00010877488644917,-0.07333115948162411,-0.026239870473418858,-0.017425215001148686,-0.00855535474337743,-0.04060729190712542,-0.0002505187908201645,-0.008697771821088107
-0.029995099192882624,-0.06325242281429233,-0.027483267106146292,0.09903813314472298,0.009205315854189988,-0.00806480366731821,0.00046079723512310045,-0.019225102038201658,-0.006667098150031692,0.0,0.00434556396929392,0.0017998862866899779,0.010748178209824544,0.033103085926431075,0.00022845253531017518,-0.0434714711319652,-0.011228376387127925,-0.04982224885782016,-0.00637894715229026,-0.06844489197046705,0.004881284936506192,-0.05025646673564127,-0.01928860606932553,-0.00886356268146693,-0.01890478129290568,-0.04210719054531609,-0.015083783441623366,0.015646308637280337,-0.020468488326910672,0.007087453520100706,0.010736575781317093,0.014865681755018068,0.00967272023272897,0.029063346172189086,0.02501356561000967,0.012279098860699611,0.005506406190819602,0.029070887848329785,-0.07137155631082176,0.00034199938082435377,0.028979182076949772,-0.03218718960173028,-0.013764087542886105,-0.0031276867824140964,0.03354347064169616,0.011187440056318831,0.0012048161395253887,-0.0010915655565498783,-2.6448101478893093e-05,0.0004621420723763814,-0.02150004066770611,0.001556629814775834,2.9850336800696375e-05,-0.0014542978709031207,0.005525615715623378,-0.001052742712619903,0.007091138627903337,-0.006918195182869791,0.0,0.0006621332403630165,-0.06418112346257437,-0.015106501683770701,-0.03288526108346723,8.693629551803639e-06,-0.000141249512022934,0.0010990331070335757,-0.001011857033601793,-0.017856758267739525,-0.021916456392203576,-0.02636913521330908,-0.018426093188358528,-0.01655586141145743,0.02478792555071857,-0.0006822205771776502,-5.551115123125783e-17,0.0027500501185119264
-0.002138905547083292,5.0176120710232475e-05,-0.03359212027547731,-0.029720800699064964,-0.027263402759989785,-0.05565367377982483,-0.02551386602580169,0.00014689138328644047,-0.04797736984935663,0.00434556396929392,0.0,0.0015308348103579283,-0.018740109824952722,0.012424251756055216,0.0,7.5373491143782e-05,-0.015115485700933684,-0.023740946542819386,-0.042765707292173966,-4.566289697977011e-05,-0.00020719867204233022,-0.0002771212569185888,0.033685199812909405,-0.010428426814330316,-0.005334966823118181,-0.00518685253339185,-0.0358308246586147,-0.012870898158723387,-0.03786739559155328,0.00034916042533333913,-0.011540831537944218,-0.008402396097728915,-0.01657270446781145,0.002241629151534641,-0.011570844052611773,0.007467639605445497,-0.025921852564405434,-0.0018962377488089266,-0.017500965045303296,0.00148543529715367,-0.017752280342712812,0.004347556900986205,0.012655341390310104,0.00046142676429045126,-0.010515245696087139,0.0,1.1102230246251565e-16,-0.1197016042245409,-9.01942103281872e-07,-0.02787615876973165,-0.02129348758494992,-0.02477726276012887,-0.026774242145118365,-0.026583839868614345,0.0037999324238165433,-0.013161105771316461,-0.017722965487181497,-0.011984266426879164,0.007784935868707432,5.551115123125783e-17,0.0,0.0,0.0,-0.06242987980762105,-0.0005699621331256566,0.0,-7.473073958669252e-05,-0.015239723014277229,5.551115123125783e-17,0.0,-0.0001317313980760959,-0.015757737207217515,-0.006958029877092764,-0.0014344276793585298,0.0,0.0162204238687218
-0.025381151511822964,-0.011135746393186319,-0.034769307936832416,-0.0015384468455995615,0.007658206178014493,-0.012895142119970004,-0.007879056601784895,-0.024042647570829467,-0.014796685541928922,0.0017998862866899779,0.0015308348103579283,0.0,0.01595297375502014,0.001439930747485496,-0.00029043976617226797,-0.03434169950518501,-0.006326464045949831,-0.02676585916645685,-0.0068948272686679135,-0.037023549936040734,-0.0406637118309508,0.0019075855949313159,-0.025463743596078836,0.0005284643067666184,-0.01131438453106337,-0.016528828284313235,-0.02108830902143255,0.021685973532379776,0.011483343387285683,-0.001635322434541231,0.014644678931012178,-0.017172949884362132,0.005442195031813035,0.03947934957594734,0.017839785580771372,-0.01213524167913721,-0.009710593996812844,0.01147354163729239,-0.0383260752369286,-0.040946510504780154,-0.007542475632119572,-0.013546410449925717,-0.00859101383387878,-0.009677037457209325,-0.010182380299847582,-0.03200292545255817,-0.06596862697518396,-0.005343946659552401,0.03281085282139384,0.0011511654533791216,0.0005543107957309834,-0.05408505144799436,-0.004829989685891878,-0.021930323320432488,-0.0009980585535026565,-0.00896091934604687,0.003009731257309578,-0.07167024063662308,-0.05435325167726529,0.00013948444989403397,-0.03100619106944108,-0.022265904299734296,-0.02541798437923487,-0.011219237597855147,-0.026113758886940563,0.0009725728326174798,0.0003952772570665064,0.00035655076660850993,-0.01551896950889492,-0.027254226568378115,-0.022845369093172363,-0.0020235440819861283,-0.11501110904937994,-0.002018496710060269,0.0,-0.02412510687591507
-0.05740943113769037,-0.051091679102886034,-0.05391284758763443,0.028183086143364178,-0.03907336168996006,-0.02041541836606542,-0.03827236087900415,-0.04391083607507995,-0.058177245482608886,0.010748178209824544,-0.018740109824952722,0.01595297375502014,0.0,-0.008893226435469803,-0.041779696235870356,-0.06104536186300141,-0.0071445853315535435,-0.05137814541023428,-0.02751594199309565,-0.05233906704936847,-0.05398459054884586,-0.062058879716549775,-0.05537718458070506,0.013090135785868318,-0.04838216381259003,-0.05051411106033543,-0.05552338426456904,-0.02775787918931244,-0.014357418459013782,-0.05686729088906006,-0.03819007923291151,-0.013875014957831833,-0.03693083566991795,-0.02571107584419241,0.004367134007505102,0.009138325131157476,0.022275898249242976,0.00874298942102747,-0.05354616657966538,-0.03383971231663868,-0.055605317604685955,-0.03609982248214133,-0.02548769212650248,-0.05369129550302659,0.003366520246703808,-0.058693916153214176,-0.046301873397742555,-0.03435860413108732,0.0,-0.0012953572529621482,-0.03510342819792678,-0.04734294810280604,-0.04584847061448277,-0.030645360686731904,0.025190022779204957,-0.025590996851706405,-0.027182223139996853,-0.0455094708502608,-0.0017803345749033417,-0.045858204295420035,-0.0587024331443638,-0.00040247751593808223,-0.07234326504776167,-0.06337911519066403,-0.05218789937227919,-0.029547544848242402,-0.05175570776055177,-0.04185789134150347,0.0013846364029981295,-0.054905716822544026,-0.06201616433072865,-0.04398508397464346,-0.04823326649691445,-0.049294569374092434,0.0016525442841808236,-0.025531252544473804
-0.004477978557305473,-0.0011275524440980678,-0.029668243024702723,0.026102450757539142,0.0018988117722623654,-0.04460664948130316,-0.01750234643551718,0.01690950559132942,-0.049642034724468265,0.033103085926431075,0.012424251756055216,0.001439930747485496,-0.008893226435469803,0.0,0.0009769363780000595,-0.0006350216768766237,0.00012119483184708235,7.341775314007037e-05,-0.03573299213617159,-0.00017223142219557896,-0.007512605117447724,-0.000508906679776655,-0.0022621860691939277,-0.0006435015560156687,0.0001511373085094081,-0.003949460862115284,-0.028202004009595494,0.016136390806523182,0.00212312087392319,-0.0006704341391343682,-0.00782458362114491,0.03813657872951021,0.0007672741591849275,0.00377128512977265,-0.008575826457887015,0.03856814876091791,0.017378862442196524,0.0072701965688816705,0.006307793440764209,0.0,-0.01485883907725577,0.0008139190821415676,0.006080165503434487,2.596239222663055e-06,0.0,0.0,0.0,0.0016789045120327861,0.0,-0.0036711463476673534,-0.0008555028258716013,-0.0005938108514577656,-0.003224403056193925,0.009571590541020969,0.0,0.005377799651300863,-7.193425076568172e-05,0.0018955762214051264,-0.001949529859166521,1.1102230246251565e-16,0.0,0.0,0.0,-0.00018516429561632464,0.0,-1.1102230246251565e-16,0.0,0.004643415848329613,0.0,0.0,5.551115123125783e-17,0.003421230578508294,-0.0001761480028519835,1.1102230246251565e-16,0.0,5.551115123125783e-17
-0.058298744716793804,-0.047786197038358125,0.0005435021817710162,0.0017619558632102073,-0.0006957856562380127,-0.04114480690696981,0.0012946564186806508,-0.047875878241168957,-0.049950009890668334,0.00022845253531017518,0.0,-0.00029043976617226797,-0.041779696235870356,0.0009769363780000595,0.0,-0.08206121663122012,0.0018341427870128824,-0.07204389194804861,-1.1102230246251565e-16,-0.026929893576868535,-0.03182311208014926,-0.03798342572090746,-0.04868206821855153,-0.05070464633599908,-0.05651580575188392,-0.06019295773609962,-0.06778426917495756,-0.04092358557608011,-0.03838699755645403,-0.04277298530321727,-0.04207883242660132,-0.0502806265481775,-0.03482386867704862,-0.04325451665783714,-0.03666692624053486,-0.003368540222739913,-0.002240057715283239,0.00013776958413508344,-0.034094102525709935,-0.03875134510766215,-0.029161612519532587,-0.02046564920315236,-0.0009227982645380051,0.0007442871020824637,0.0,0.006437691604156415,-0.046154729113284554,-0.05938809848850218,0.0,0.0,-0.05302699193355703,0.0011302553030484441,0.00128537461217193,0.0002737099891260697,-5.551115123125783e-17,0.0,-6.890981110624361e-05,-0.04594332621579461,1.478513778685464e-05,0.0035680462227387078,-0.05998614291281129,-0.00015178800678239401,0.004684235793911085,0.0,-0.0327052602651145,-0.04047569721643429,-0.05142745385197728,-0.030658369734666402,5.3495467425890286e-05,-0.03813240584435973,-0.046662875153121564,-0.0459016777385976,-0.04307100031881583,-0.041476365638471846,0.0010537319247641563,-0.027242816944894443
-0.060801513467649504,-0.060517303500136566,-0.07228496000863388,0.0005990091140487541,-0.10069422764271635,-0.059332140276521506,-0.07338766059644802,-0.0589575502410043,-0.08386130635817157,-0.0434714711319652,7.5373491143782e-05,-0.03434169950518501,-0.06104536186300141,-0.0006350216768766237,-0.08206121663122012,0.0,-0.032514338019277556,-0.021722629321266673,-0.00017976510886563712,-0.051468118831041076,-0.07081049643663961,-0.05506803359001333,-0.06147182530625922,-0.02891543461413626,-0.060379083616660945,-0.07464523179431343,-0.0648832065070033,-0.07019765399683403,-0.055899887613104327,-0.07738083730590634,-0.05867200266485162,-0.0665752252705123,-0.06735493108347285,-0.06963859244758475,-0.060509109184824716,-0.0008711410846231615,-0.0007714383648619871,0.001467748243639544,-0.0460734542409334,-0.041944835291405025,-0.048376759153126614,-0.05512597368147382,-1.9278691591351205e-05,0.0,0.0,-0.06828495961045716,-0.06035231051759632,0.0,0.0,0.0,-0.06577737458128141,0.0005955193666513092,0.0013240875799497842,0.0,-0.036151658520547414,0.0,-0.0037053784415366775,-0.0726905052227021,0.0,-0.05499553927756817,-0.05343763602375601,-0.04230487651800935,-0.03968745251643441,0.0,-0.07669408250573811,0.0025102171262992856,-0.07705523657738922,0.003948026812596872,-0.052029439676375966,-0.035279042170951624,-0.062263955022734685,-0.08433434844509136,-0.10435275057859605,-0.07683260142497389,-1.1102230246251565e-16,-0.04432623383214934
0.00898718590301395,0.005688774133010388,-0.0017195934369853005,-0.000846372139964191,-0.007918662805805388,-0.012641651243883334,-0.012379382035075992,0.00018431322454204313,-0.022869548647640403,-0.011228376387127925,-0.015115485700933684,-0.006326464045949831,-0.0071445853315535435,0.00012119483184708235,0.0018341427870128824,-0.032514338019277556,0.0,-0.03202936729512612,-0.02278689840637743,-0.05257808475601777,-0.0033972120355198476,-0.03904078046619752,-0.0002533953019537294,-0.010663503973338373,-0.0159349213064795,-0.02499119709168085,0.001016666094032559,-0.0047519582830805596,-0.050971478866895015,0.029300657807375285,-0.010005592891128512,-0.04972838060240414,-0.054028589334119914,-0.012365999914620507,-0.02541807596987028,0.0018645559968644143,-0.00029916205377106264,0.0011572657678711185,0.004231806760721379,0.009011660587715353,0.007710476423133217,-0.008326413714682845,-5.551115123125783e-17,0.0,0.10448246380970683,0.0027790306985386315,0.0011052139706310693,0.0,0.0,0.0,0.0,0.0,0.0,0.0,0.010562647276111004,0.0,0.009785715714708876,-0.0002902282127660305,0.0,0.0005060757961612428,0.003540475723702863,-0.01645575079532058,-0.03684467869767283,0.0,1.1102230246251565e-16,0.0,-0.00040836238625024945,0.0,-0.022381518259887045,-0.022518669056802276,-0.014978980945636489,0.0,-0.0024535937842845024,-0.00011618435388294213,0.0,0.012234968428366855
-0.04919721392836568,-0.05284315306370374,-0.0003123651453780796,4.4151417324056474e-05,-0.057856573278079526,-0.034059316549906404,-0.06528305119892425,-0.03429413091721423,-0.03582289051461801,-0.04982224885782016,-0.023740946542819386,-0.02676585916645685,-0.05137814541023428,7.341775314007037e-05,-0.07204389194804861,-0.021722629321266673,-0.03202936729512612,0.0,-0.026156465548826335,-0.050787533428092724,-0.07162099884944712,-0.055590668006458344,-0.061341106837141224,-0.03340865768261492,-0.04403443401797724,-0.05454174303281867,-0.04686486468391948,-0.05489340896687939,-0.04605953882108316,-0.09795795705149457,-0.043187256892674275,-0.06801417719245068,-0.08674441455543935,-0.045615566330701796,-0.04731307853794875,-0.003572513476916672,-0.0005971900527518281,-0.0008423911700157216,-0.04030636922932446,-0.01686549499441259,-0.013644371678858291,-0.028781008379393402,0.0,0.0,0.002490446466618057,-0.04312810793194777,-0.044334785954928624,0.0,0.0,0.0,-0.06004034010184833,-0.00022158658793958175,-0.0006045600979288079,0.0,-0.000733470282277271,0.0,-2.4356067960362715e-05,0.010523951674688503,0.0,0.00013250298894113,-0.035622510488078185,-0.02343687901358532,-0.03548841050713947,0.0,-0.052253119916243984,0.004621321378460663,-0.057121251833955,0.0027815851391312374,-0.030277900904487176,-0.028789128442565648,-0.021797507395453997,-0.06538895091609509,0.002379480396321687,-0.06970868843272715,0.0,-0.01686476770942852
0.0,0.0013876577805513879,-0.046059899893057005,-0.02513944411350305,-0.05006490562632682,-0.0503703793242819,-0.028316223080111003,-0.04388634391813717,-0.05270108137863461,-0.00637894715229026,-0.042765707292173966,-0.0068948272686679135,-0.02751594199309565,-0.03573299213617159,-1.1102230246251565e-16,-0.00017976510886563712,-0.02278689840637743,-0.026156465548826335,0.0,0.00048173587527894357,-0.0004467555260194711,0.0009734021908655577,-0.02161816700770741,-0.0023552075625299373,-0.015583704143886545,-0.019299142982510342,-0.02354370143211737,-0.030337344443373604,-0.06021641705162062,0.0015876634206926643,-0.02433257139924816,-0.03218795386272805,0.0013392650003546391,-0.007513728778794526,-0.03078368396476089,-0.017143247698682085,-0.02296005333283957,-0.015557694230652452,-0.020826348541398643,4.182440240252383e-05,-0.025970307658206182,-0.011146222061219124,-0.03157415954435544,0.09856240209950273,-0.0001594269148006422,0.0,0.0,-0.21242248488630877,-5.551115123125783e-17,-0.04753527149191905,-0.03513596751865511,-0.04960838379832466,-0.03682949468030511,-0.02734924402111838,-9.039795602916456e-05,0.024243460907426573,-0.00062722541865734,-0.04278799547704942,-0.031743370840433216,2.220446049250313e-16,0.0,0.0,0.0,-0.031290305718033984,-0.00010001221723476839,0.0,8.41120359680314e-05,-0.04494126903094714,0.0,0.0,-5.551115123125783e-17,-0.028060144208715943,-0.04453652887832682,-0.07223914077890875,-0.0003447979451650651,-0.028619866947830697
-0.051413267242543914,-0.04475791061848933,-0.0004700933569622978,0.0011985134262494923,-0.060581709608554135,-0.0400577512331709,-0.06277482275988505,-0.04103454939814083,-0.060424378022185754,-0.06844489197046705,-4.566289697977011e-05,-0.037023549936040734,-0.05233906704936847,-0.00017223142219557896,-0.026929893576868535,-0.051468118831041076,-0.05257808475601777,-0.050787533428092724,0.00048173587527894357,0.0,-0.037861379664794026,-0.03394757760907435,-0.039255793645240566,0.006705422738317313,-0.040252123033299836,-0.06607804138972806,-0.023889867347823113,-0.11209508727840872,-0.01986260433363518,-0.0868589757277406,-0.037011081349791364,-0.05700606667701413,-0.04998518592336226,-0.054374373728371894,-0.0383856309575934,-0.0017523660719427347,-0.0024172823682311884,0.004225776051077379,-0.05601373234169782,-0.04406868000939518,-0.03317096238721917,-0.019226322894737302,0.010593760714394995,-0.002370498492621942,-0.0005375969532546154,-0.01971282851979156,-0.057621314366468335,-0.001630634025479638,0.0,0.0,-0.03529607387065936,-0.04330306993704741,0.007922657912755204,-0.02394856539266349,0.0005431605913731596,1.1102230246251565e-16,-0.0007592004798217533,-0.04281606365243451,-1.1102230246251565e-16,-0.032384826868302685,-0.06771312698501492,3.0668237630759876e-05,-0.07508842302189189,0.0,-0.05086412866633422,-0.026670646601733905,-0.058689920190070854,-0.0300813288977248,0.0,-0.046391238364067,-0.05500104589187804,-0.045044524603170655,-0.04022769866879178,-0.04588174794465072,-0.00011778437547660392,-0.033660926745212816
-0.05796851155273158,-0.06745337609949992,-0.04383190898548922,0.0010863098982436536,-0.05332824061999214,-0.03276623109196458,-0.06226828153920372,-0.04469621180474098,-0.04199413228815019,0.004881284936506192,-0.00020719867204233022,-0.0406637118309508,-0.05398459054884586,-0.007512605117447724,-0.03182311208014926,-0.07081049643663961,-0.0033972120355198476,-0.07162099884944712,-0.0004467555260194711,-0.037861379664794026,0.0,-0.05137715529973491,-0.025592676385626345,-0.0572326022462174,-0.0828981732719759,-0.06323587309543849,-0.04564826073671696,-0.017606999343080465,-0.017445887717721043,-0.00037340522777484786,-0.059373021822185845,-0.04554553490131563,-0.041100525319553105,-0.03952605421513922,-0.020644542078568417,0.0003686887880543499,-0.0013750989176452566,-0.03196037776280758,-0.0449965697623218,-0.046761503346805344,-0.024152272407495734,-0.01604869788489266,0.001527337026930864,0.0,0.0,-0.0763543322201885,-0.03344956005220706,0.0011847479930463534,0.0,0.0,-0.03751679813950931,-0.000887239140085816,0.007768443167031791,0.02273388015706429,-0.000282037309724148,0.0,0.001385393804446966,-0.062153652207295074,5.551115123125783e-17,-0.02783271413588584,-0.03173444880843013,0.0,0.0011208789429148491,0.0,-0.05760853898702428,-0.03133842107777768,-0.05173146634073639,-0.036422298126832175,0.0013749015375758566,-0.04577655054321489,-0.03410026135248739,-0.05729372150592327,-0.05191178851145117,-0.05226862912915747,-0.001882319617789785,-0.02613207097470721
-0.05527918752207528,-0.05181719744605079,-0.052004950930478744,0.00022631820256291402,-0.0668913431283703,-0.04910565880369766,-0.07080578779177049,-0.04083008748202571,-0.060535067343025994,-0.05025646673564127,-0.0002771212569185888,0.0019075855949313159,-0.062058879716549775,-0.000508906679776655,-0.03798342572090746,-0.05506803359001333,-0.03904078046619752,-0.055590668006458344,0.0009734021908655577,-0.03394757760907435,-0.05137715529973491,0.0,-0.041663829023616095,-0.03955468136124746,-0.05555743190300244,-0.04631270150445149,-0.04850947534187883,-0.05223173600800152,-0.05089877350988775,-0.03266791710064049,-0.05440932231827489,-0.06050232876667938,-0.0642706542794158,-0.05853194307316545,-0.03925649449333091,0.000418074354858744,-0.004662264976921571,0.003427444146515135,-0.052264735448443844,-0.04940121815554188,-0.039644002259776434,-0.024276809531449783,0.0062458659632155245,-0.0002136460770914561,-0.00035383934713301146,-0.06593284267138255,-0.05141040290643095,-0.04404525467767767,-8.130166002262573e-06,-0.00015011153213118078,-0.07178547827641774,-0.06495142442490998,0.002550169516168488,-0.056012414536260435,-0.055589734346633,0.0,8.655036161647756e-05,-0.06683099806523901,0.0,-0.030337780146635906,-0.06509255665495572,-0.00044695543940315163,-0.059397345108030575,0.0,-0.05320496348135062,-0.04639632202018412,-0.06098880655577993,-0.029711836840928096,0.000995659500373114,-0.04720722160177809,-0.05704345740893185,-0.06282002009538229,-0.062357280027060036,-0.05429360170755254,0.0008630021458537751,-0.03921153989082965
-0.041410308037849175,-0.04087431311168893,0.00693557140503237,-0.04403374790063641,-0.05224353970226642,-0.06047398373009599,-0.0464752173312073,-0.016411043334586484,-0.04464128982842436,-0.01928860606932553,0.033685199812909405,-0.025463743596078836,-0.05537718458070506,-0.0022621860691939277,-0.04868206821855153,-0.06147182530625922,-0.0002533953019537294,-0.061341106837141224,-0.02161816700770741,-0.039255793645240566,-0.025592676385626345,-0.041663829023616095,0.0,-0.04163557467790052,-0.060764185660964753,-0.06102758370775074,-0.03198223220970242,-0.05023611294356156,-0.04021915249845576,-0.05116050579724862,-0.04667283438147285,-0.05031139871821705,-0.04782887074931663,-0.04282427900976793,-0.033420191581830294,-0.025901226667209065,-0.059407740642299256,0.011048295793355867,-0.02764169930667515,0.0031378714450465695,-0.030229268086850947,-0.031697071702263435,-0.006529363793045084,-0.019706439113678975,-0.0010284183344524411,-7.710416511352847e-05,-0.06297990313773083,-0.0026699161779761837,0.0009373144247477594,-0.027202311288118952,-0.03527750344874542,-0.027216052244673827,-0.03327048048750186,-0.019604961983554325,0.0015081049008971448,0.004041591418875445,-0.0020966603932883743,-0.031565784444573364,-0.008112348278435433,-0.029432049322521026,-0.06391947196148906,-7.460387974733695e-05,0.001377337099205067,-0.009239202846953787,-0.042819026078580624,-0.040247114251358906,-0.05365830948086325,-0.025419881454731896,-0.0008742459297175209,-0.04770979710762413,-0.043909738149492006,-0.03587396842117274,-0.028229111948679775,-0.041694382655411866,-0.024547548655153684,-0.021666451755432636
-0.04744562195804841,-0.01574017738238126,-0.000814388823770329,-0.0037179743959284695,-0.007329078158209157,-0.03367591322634628,-0.015984847532128643,-0.04527739172574713,-0.024292044450492767,-0.00886356268146693,-0.010428426814330316,0.0005284643067666184,0.013090135785868318,-0.0006435015560156687,-0.05070464633599908,-0.02891543461413626,-0.010663503973338373,-0.03340865768261492,-0.0023552075625299373,0.006705422738317313,-0.0572326022462174,-0.03955468136124746,-0.04163557467790052,0.0,-0.01956874954345189,-0.0349737810822367,-0.0407074869163524,0.015322993079713743,-0.028570127732309714,0.00045160885970618736,0.000997120578513977,-0.016156330904713967,-0.04785439286605864,0.003891443275086004,0.013487854791749465,0.025821379175715697,5.294222954199679e-05,-0.009003602059822535,-0.08709838634753986,-0.020188754412692078,0.013394394057954007,-0.0158669273420195,0.0015146001640522488,-0.0006209336441783675,-0.0023320751109117688,-0.05282590745063742,0.0007266906030136688,0.0,-5.551115123125783e-17,0.000294671657405432,0.0005184243998797022,0.00013125356553356227,-1.6653345369377348e-16,-0.0008944920818872992,0.008108421693588053,-0.0003031027913381612,-0.004879952595567283,0.000709271724316729,0.0,0.0011057720334542442,-0.033692463974872244,-0.038357872763827794,-0.042675381198093776,-3.5909448703741464e-05,0.0009527282482568178,0.001680074850248514,-3.407065868826775e-05,0.0008773434548591807,-0.045816972023197344,-0.04876405248467569,-0.04600177723396737,0.001523626480424034,0.004146524967441834,-0.0010215383753792717,0.0,-0.015324942415540665
-0.039000256902010366,-0.04313678864600673,-0.045249153703708855,0.00041485794087881,-0.06425604808700153,-0.04073338606277388,-0.06020598882726025,-0.07494618147481674,-0.05740675707760351,-0.01890478129290568,-0.005334966823118181,-0.01131438453106337,-0.04838216381259003,0.0001511373085094081,-0.05651580575188392,-0.060379083616660945,-0.0159349213064795,-0.04403443401797724,-0.015583704143886545,-0.040252123033299836,-0.0828981732719759,-0.05555743190300244,-0.060764185660964753,-0.01956874954345189,0.0,-0.027468368091631,-0.04358460411645221,-0.03450746832935769,-0.040588685098201405,-0.016587714551334454,-0.036336733611753214,-0.04800908144742955,-0.04990231405679657,-0.02541103239216691,-0.031063133300257673,-0.062009225583838534,0.0002841619522353511,0.020002883204500777,-0.03688878712827737,-0.011096233961095103,-0.013168978498066364,-0.030931906225966366,-0.0010934124050325233,-5.551115123125783e-17,0.004434104761029178,-0.03596870022661558,-0.03622843653138774,5.551115123125783e-17,0.0,2.220446049250313e-16,-0.061956947029099096,0.0007342933346434211,0.0016680539356335733,0.0002939025486070612,-0.0009314042944802425,-1.085484824142613e-05,-0.0007896706621586258,-0.021126632367865272,0.0,0.003922910406384983,-0.03575208211759412,-0.01734055130207962,-0.03272147738835535,0.0,-0.0698480263824513,0.008235666217763837,-0.052352753479514624,-0.0225867397572172,-0.02856115753310484,-0.02586854477555678,-0.023066674160824974,-0.05431250541777061,-0.06582813361799483,-0.05603473327304881,0.0,-0.016913621581365557
-0.05132567274092603,-0.03900318542332237,-0.046998923799257464,0.0028283210843527695,-0.06745438876210613,-0.04229319261515274,-0.06451358683129699,-0.04824026039214291,-0.05761517332025817,-0.04210719054531609,-0.00518685253339185,-0.016528828284313235,-0.05051411106033543,-0.003949460862115284,-0.06019295773609962,-0.07464523179431343,-0.02499119709168085,-0.05454174303281867,-0.019299142982510342,-0.06607804138972806,-0.06323587309543849,-0.04631270150445149,-0.06102758370775074,-0.0349737810822367,-0.027468368091631,0.0,-0.05320322385820192,-0.04193723794062165,-0.05389920766035816,-0.0674613729490306,-0.05113156178881084,-0.06047601050850199,-0.055114764162683294,-0.041674544556250026,-0.041953385371713836,-0.08522632115325185,0.0008774482877862977,-0.005979912782720143,-0.05325942911266457,-0.01625288947350806,-0.023833312663796402,-0.037113604400369316,-0.0020456643529461194,9.023536813468347e-05,0.024111744440046712,-0.04501714666729911,-0.05669859366800378,-0.06467539884649298,0.0,-3.189365699962643e-05,-0.07506189015666204,-0.06555844703536673,-0.07005177077296021,-0.04829592938037175,-0.005432723785359972,0.0,-0.0053294944637520825,-0.06076950007368015,0.0,-0.03882337070091396,-0.052887856585749904,-0.01695469793372073,-0.03280807840829386,0.0,-0.07113958546212829,-0.05889126438177633,-0.06469918613918185,-0.03395477186800183,-0.03371125249567247,-0.02979265541610243,-0.03659544417171762,-0.06586958468811571,-0.030793480554524966,-0.07722576999574177,-0.0001257757793520775,-0.025681395974224863
