0.0,0.2550759192380664,0.3725398970492803,0.0,0.4039588021507434,0.11462043188553073,0.013392866724199703,0.26388345706016547,-0.05885837501335192,0.3738368002758534,0.4173688256880383,0.39396134372258396,0.20260041659722747,0.49085773755020773,0.030887492968471958,0.23590305016617175,0.4704580609897203,0.1773668402416952,0.0,0.2023447572539227,0.13463818194059235,0.20165309565088585,0.29933007475210505,0.30738390957738915,0.22149436970880848,0.2371446673863711,0.36807522120240527,0.08488453118802983,0.14551318216087694,0.6316245934084207,0.20157128016644238,0.2815076629359613,0.08799139772991865,0.1490795578553664,0.31785164330397697,0.6385050658623026,0.5078402820768346,0.36454361062817797,0.035611768372845576,0.022340150461776787,0.10626453636492555,0.5700820602281463,0.4729198713429513,0.0,0.48163519435778535,0.10946793461533036,0.12976384392629664,0.0,0.0,0.0,-0.1683156126447991,0.0,0.6143688077080383,0.0,0.29905505690412937,0.0,0.598020832495171,-0.4982220796580641,0.0,0.5712480076723252,0.06588195095972504,0.2979058670293572,0.13096096249999944,0.0,0.49495298054701514,0.38526112548218694,0.002903746775323901,0.6830744141906425,0.6348439513850187,0.20288281559724403,0.19625773901461518,0.4851210093530826,0.3855801079206316,-0.19682593589567926,0.0,0.07037099937127189
0.2550759192380664,0.0,0.2978131239965285,0.3323279362528271,0.24036567594953973,0.2997546440787552,0.21407661425027918,0.38334511753331146,0.19822846347536252,-0.0013907663339317033,0.32516863934009715,0.3488190709877709,0.23498860587629397,0.48699582183201817,0.20020004024065813,0.17361609732952188,0.6413700862074254,0.22490125276991824,0.6391185612612433,0.1564440293911965,0.12698411624884345,0.20274098679613928,0.38151306406555874,0.3048636613736147,0.23401334533544635,0.25152927954748483,0.2762246803183982,0.23736406071222213,0.2199089502810754,0.4482294981760289,0.20461542881204797,0.01417710794943794,-0.017628946781979266,0.1459769337578227,0.2770699589752229,0.47220469814952354,0.22554374501163638,0.0,0.13058685772375692,0.25826586634143095,0.21090733356219804,0.17281697001096682,0.6261743224257146,0.0,0.0,0.1702316518599108,0.1537672626267665,0.039717493061279335,0.0,0.0,0.011380807028266049,0.046587250308362804,0.5560619557009496,-0.3642653778641615,0.06420750084171123,0.0,0.44984741656656047,0.08409876574198549,0.0,0.20979039733211768,0.12066149373752752,0.6417869532708522,0.21930971802541468,0.0,0.03434495668498527,0.1481754592194411,0.0870771912240309,0.4049995660920625,-0.41234983199967723,0.3008849833517897,0.11230825971216785,0.1447716578194863,0.1601465528089545,0.03587583436687081,0.0,0.18854861051709665
0.3725398970492803,0.2978131239965285,0.0,0.18356862031652213,0.2880647464138635,0.2607154081596458,0.3422909564697242,0.6201282094259324,0.16798502665035384,0.3356721229889061,0.39566582879154044,0.20101874678070503,0.31148270167622355,0.4627600592558014,0.34947832668980283,-0.2530851933731196,0.6014573783119878,0.5268627091052622,0.2322762434133272,0.38904389235640385,0.179780639875548,0.1414720592144814,0.6474080080200075,0.40427316141782516,0.27856065904732163,0.1514421318647673,0.29602239938594727,0.3337137675717222,0.4051898974333349,0.22900771058233985,0.36310992291350364,0.33635165387807797,0.5279298522935175,0.41793267591610794,0.4955749589969879,0.5220573679791494,0.3427866317133894,0.17766690622099612,0.5098199873219412,0.4930534810810917,0.4659301369826266,0.4488553869955031,0.42693806621403374,0.5030181762639692,0.0,0.0,0.19798154489079836,0.13103552377729416,0.4746151625261531,0.3696955069034919,0.4712972766954339,0.4078372303417863,0.5764745846787442,0.5607507402432318,0.3660658115725869,0.31203132410643175,0.4688468880793016,0.39702979123993526,0.5341721039158316,0.24666664353025886,0.0,0.0,0.0,0.18295494753429287,0.6316616205733778,0.9706310931584813,0.10375661718105345,0.482146623520853,0.0,0.6355879060064681,0.35358333190765834,0.54377678237153,0.40344290340871225,0.10225776369838974,0.6745027306602774,0.342911534454809
0.0,0.3323279362528271,0.18356862031652213,0.0,0.4112870248611561,0.2764208806078332,0.4858335006592986,0.5241907374893161,0.5516721063671373,0.7453440552665969,0.3230081058585816,0.35897186570019873,0.6691693305323436,0.6006996863843694,0.6244906200779614,0.13052768713504415,0.5378628181195265,0.4703419287497538,0.44351825683626456,0.5948952994702053,0.4251678086382896,0.5530696551677705,0.1968020712349529,0.224172788529945,0.8761939613175307,0.6368460810935088,0.22820133093356965,0.4400980487719251,0.2690439095307522,0.47162572605956504,0.6080263332032652,0.45685835338952635,0.167206455126575,0.4974486411552696,0.44564581649650425,0.4834953540174963,0.3905863379182763,0.9000833933634287,0.2029393587335594,0.28692170842492204,0.37637825183778395,0.2883296268086176,0.21894465848817987,0.23724290749061944,0.0,0.0,0.0,0.39607650270550615,0.0,0.0,0.6000116516658828,0.0,0.46592031277533896,-0.0692052840586429,0.0,0.1750663215388063,0.4676524561523709,0.4514401644127495,0.0,0.0,0.0,0.0,0.0,0.0,0.0,0.0,0.47080082395723033,0.32288964957494176,0.0,0.0,0.0,0.21113761981528384,0.5438474029212743,0.5837721867534459,0.0,0.0
0.4039588021507434,0.24036567594953973,0.2880647464138635,0.4112870248611561,0.0,0.03542973219520576,0.19771939721347026,0.33613322676861157,-0.052883550933965406,0.7025526800544777,0.2637873321330606,0.5647748074513241,0.3007855942717198,0.43774519081370367,0.4894534709182645,-0.019508591801724373,0.5099679891189886,0.03954742208741874,0.20996770587974825,0.12930137032396866,-0.020737388148136915,0.11955689172454737,0.15754051287717052,0.455157030803492,0.17842454168426902,0.027293602891784063,0.11131613393389997,0.416500089330552,0.28620642004227836,0.5245984184677959,0.27851395144970237,0.1927407947368715,0.1191068779718912,0.3467050019054524,0.3810600155139861,0.364250353161145,0.32831883074678614,0.5425250899844511,0.22333359393113555,0.7252123986342228,0.11684572377153463,0.2609574189135466,0.4067251887855075,0.6679529118212427,0.24690318214283308,0.0,0.41882509085246866,0.1805218009974722,0.0,0.18090605399933243,0.22774737161950098,0.0710182202031916,0.970484568664433,0.04937063735194569,0.0,0.3493968556668573,0.3427607810555115,0.12363819820666283,0.3789567166142442,-0.18284089213701504,0.45804926806836915,0.0,0.0,0.22076943249085657,0.3090860675677978,0.498557459849995,-0.24665658083154743,0.1920372854492597,0.0,0.4929382178770654,-0.2965398689148815,0.45919429595607003,0.6187603914227401,0.45465830155496434,0.0,0.5018364564153096
0.11462043188553073,0.2997546440787552,0.2607154081596458,0.2764208806078332,0.03542973219520576,0.0,0.16672114216589035,0.41486109885859357,0.09306283526840683,0.5668828258561289,0.11168479630889105,0.5802331395560257,0.4224678126733123,0.21966219023461814,0.33975246369408507,0.2131641260226789,0.4216719103614963,0.36804562994435186,0.2529680173288603,0.2238825335487891,0.36090720953947786,0.1471144750900234,0.11649828206568952,0.16134117602558767,0.288228128925699,0.3724171230330123,0.24371726286061896,0.4621435352328286,0.3847572385999282,0.45552383151116604,0.3561893673523288,0.21467463380612392,0.4066430029172118,0.36726244356332666,0.3987082387801415,0.4306112365889359,0.3570593484611384,0.3645009697352872,0.4932738303516834,0.044129619252677416,0.4658787163343086,0.4418279844260058,0.5926733314088032,0.3481582050528638,0.5157571769404453,0.620062964292649,0.23780794480470976,0.5076004688342013,0.5650612487488933,0.32559409382580473,0.4436568688724366,0.48622481408749274,0.48290365265420665,0.5169205227794921,0.6872647230548838,0.48221864209746446,0.21392420462001918,0.46955578038575496,0.45251669666611605,0.3601128816226682,0.1946172994587087,0.0,0.07734348876886007,0.4595053241250906,0.385631424303301,0.39135188374299895,0.2754352952000556,0.42112649605801,0.5697030598560497,0.21971408743039414,0.29601576543828584,0.43371042181228414,0.44678368419334197,0.38790163859966387,0.3435188757130001,0.48809992532109536
0.013392866724199703,0.21407661425027918,0.3422909564697242,0.4858335006592986,0.19771939721347026,0.16672114216589035,0.0,0.2168878272330398,0.13330630251371384,0.5886957971831728,0.42398297204963775,0.377063337032411,0.29626251146904575,0.3329207415633048,0.5359403434850909,0.14462276569780613,0.4876208932886348,0.14822692623188516,0.4205633924839072,0.09686137689531713,0.07134408410489512,0.08761611347279957,0.27157295825738015,0.35410198397349335,0.20133608467096548,0.20209494792676685,0.1323034832951101,0.3814830618723569,0.33444258508501407,0.5346140300320626,0.1343548531806743,0.462938584876932,0.21798571179475212,0.11954807039239757,0.318664314044357,0.5788006483117714,0.48336613123416694,0.6268023408225627,0.14846907844648,0.43486905433898165,0.06781268915491936,0.06609122474835175,0.08136017656098732,0.8131083935121116,0.35531278047410786,0.0,-0.047576494323570084,0.43918437178691905,0.0,0.5373200291876009,0.35781170881107105,0.6587081305231223,0.2778441322641488,0.4071983885476782,0.5942453388476119,0.47618322119687656,0.7229278419955538,0.2610673891095307,0.3287282954317624,-0.10112424794204308,-0.4881084126532285,0.0,0.5341567016620151,0.5798943783251628,0.6150872624636525,0.47778267317633605,0.05630406213075845,0.31875378416451855,0.4613571843515669,0.6062446876759733,-0.14174629049228293,0.3421426042539195,0.26825291702487825,0.1481398615220108,0.7973216296255267,0.37531767190680015
0.26388345706016547,0.38334511753331146,0.6201282094259324,0.5241907374893161,0.33613322676861157,0.41486109885859357,0.2168878272330398,0.0,0.5293377009824263,0.40773083810824384,0.5756422476477705,0.45418231623232325,0.31497244005606373,0.8227693808536665,0.3151341898700447,0.27741791309646013,0.48386463705309324,0.43336858235497056,0.4063205429356256,0.20936149840739995,0.23087985069930544,0.2666172986278935,0.48456146167428066,0.1323350902028278,0.1300276144770006,0.2715536339127651,0.253260933021181,0.3076505084207004,0.3801517915656899,0.16006416851636923,0.37813568520803165,0.36732990601622284,0.5532240811074118,0.3415236724747663,0.3827503277476878,0.636719094172843,0.10407974763222827,0.5832624329350633,0.42398993678416125,0.4169626889022834,0.27831218506812,0.5359402852194519,0.35954184804574446,0.4516630511120162,0.0,0.5730819191794455,0.39016555856178603,0.5188273721120313,0.0,0.16714209792555326,0.281025784743907,0.3941596741461184,0.6875922693769607,0.3527697545455558,0.8257922454857519,0.4473760814348547,0.9891296541327562,0.3946791043398148,0.35177972727821705,0.612645693210465,0.3929924597688734,0.0,0.6831160726220284,0.38993005344853426,0.42704547362106315,0.6208155906252766,0.49969806258532823,0.5252074523376331,0.0,0.46584399233079765,0.4627531798520698,0.41292367750941084,0.428106860882822,0.4779921542374531,0.5036041284802237,0.36330229628014554
-0.05885837501335192,0.19822846347536252,0.16798502665035384,0.5516721063671373,-0.052883550933965406,0.09306283526840683,0.13330630251371384,0.5293377009824263,0.0,0.6090656134556749,0.12494345142617336,0.5146767150507806,0.23672757232284575,0.30027576789434973,0.09311574206318712,0.0692756213265025,0.27979050997782107,0.33398327161371344,0.07834790347595139,0.1262433352230673,0.14572560574225704,0.10368315020815486,0.2962282305902734,0.41077606397100713,0.22757272880384039,0.2983854165190406,0.12244182799943559,0.3472803373328712,0.3134260866347498,0.2923838780316925,0.4293791204639588,0.4588810318682729,0.21837215164660145,0.5168104734932343,0.5184610077979898,0.5180535338251672,0.5236950354064817,0.6137366395039886,0.5864590446223619,0.42039497096166223,0.32222482445000294,0.20477105781807214,0.40766186770687496,0.4060696283071214,0.13933327206436194,0.0,-0.13830997427990677,0.5360315086997576,0.4670095522049421,0.422184415790045,0.5369201523825733,0.5607890167736347,0.5622253858870166,0.5279872198933225,0.2001960484418681,0.5874827537960434,0.21429797937234973,0.4155276761793717,0.5722409363513328,0.02130561532450409,-0.6747581496817068,0.0,0.0,0.5111879386234846,0.23480321053908054,0.999467247429046,-0.002695201525669766,0.5191628634984109,0.30931244862431495,-0.5811814132918831,0.05706223485017076,0.5107976659707425,0.48242887361611997,0.29368601911163983,0.48528133059269624,0.5737265706532955
0.3738368002758534,-0.0013907663339317033,0.3356721229889061,0.7453440552665969,0.7025526800544777,0.5668828258561289,0.5886957971831728,0.40773083810824384,0.6090656134556749,0.0,0.6593098187249247,0.5465802487397871,0.7274162382817249,0.7246157922095995,0.4901880528607933,0.12187859059816933,0.5876333705748715,0.11634379243045051,0.5949906404382097,-0.07007450130930881,0.6958831058442994,0.150163641464948,0.39911253592064927,0.4593714420508539,0.6001819066581215,0.37991577802356347,0.4194887080882912,0.8038860664131484,0.33281941523077846,0.46333125723273627,0.8296881411226749,0.5606547474911829,0.7380596362150789,0.8424275661806531,0.7129499901945723,0.5273849039362334,0.4537637279712372,0.694871912053275,0.14370092419461652,0.4625416969329359,0.7434749739283246,0.23747339135557263,0.28351555510705645,0.2940177242677942,0.7115725645001078,0.768960794524008,0.4960085265320792,0.15046420918150644,0.4715058060707945,0.4641055444474026,0.3023538539432895,0.46780850556970555,0.5670525176947443,0.23315252154928,0.5917831661903571,0.41405028610649297,0.6319277417590808,0.5618497341990427,0.0,0.906205711958151,-0.061262333024338755,0.42648202570802896,0.2626516435412826,0.4816792313212489,0.474109202919565,0.5773282053495665,0.34367331420356817,0.365358451981824,0.3323329009558103,0.32429456543056134,0.4440230932347976,0.37552203416564245,0.688885486030846,0.3998919242251284,0.0,0.6607199089966587
0.4173688256880383,0.32516863934009715,0.39566582879154044,0.3230081058585816,0.2637873321330606,0.11168479630889105,0.42398297204963775,0.5756422476477705,0.12494345142617336,0.6593098187249247,0.0,0.6229140751990556,0.4554885427737664,0.6236472399170282,0.0,0.5180213129647268,0.43311542920444607,0.36392207578749347,0.20752639236750395,0.4586395702659322,0.5464969006854214,0.3826649206288877,0.7251564659284454,0.4715729118803549,0.5570956855252454,0.5666927359911949,0.32088922064840236,0.49232283113298797,0.057962917645927925,0.5459722301655378,0.4963157106105078,0.45679013932109025,0.43111363080551024,0.6202129498175053,0.46879621721845893,0.6016799176657062,0.47372572072651553,0.6097184601901272,0.46242979645735516,0.5638029609240762,0.41395349224765216,0.5248842251641865,0.6381716055604771,0.5760754288580716,-0.023968221763359485,0.0,0.0,0.2741505843435542,0.47915660706103225,0.34131760804608935,0.482758022261045,0.3886149882010993,0.4798148856655138,0.5574606585381445,0.5394757360928395,0.454251928055339,0.22438401144655473,0.49809623223850297,0.6353036318160497,0.0,0.0,0.0,0.0,0.30611341878043136,0.34737569709576926,0.0,0.674718945350613,0.5182885929137254,0.0,0.0,0.9391233168700648,0.56330927799639,0.4489260737996998,0.36262333772795513,0.0,0.6582027484357624
0.39396134372258396,0.3488190709877709,0.20101874678070503,0.35897186570019873,0.5647748074513241,0.5802331395560257,0.377063337032411,0.45418231623232325,0.5146767150507806,0.5465802487397871,0.6229140751990556,0.0,0.7420480218637331,0.6205853704142461,0.4061595191878298,0.2588117783905761,0.6607881776737157,0.45392281430757137,0.5288116310947499,0.19625407675118833,0.32593864687887886,0.4590074453358679,0.3131890008840811,0.48911966026289844,0.5742039625492021,0.4275041748322659,0.3358051407462148,0.7648634630008228,0.6867331914338654,0.29875182806963485,0.6949293752472416,0.20064942127849833,0.553911904609865,0.8834237185445307,0.660043357461378,0.2783053685395372,0.318557989452401,0.3664943082829031,0.37071487730380315,0.20990424917125358,0.45506772244812593,0.259493182991283,0.35531763398669114,0.33115416633012223,0.40544250244459945,0.24202479875146837,-0.2892904233452923,0.046985600594029564,0.8932743631880058,0.30811356530208267,0.3561505519607009,0.0093665505526071,0.06622222982318429,-0.14835013531805794,0.5875111896407537,0.15050711665235872,0.6989324777624464,0.03991685620785787,-0.7388679612751439,0.658368517693747,0.16345134916184564,0.36794990305744263,0.40219060610026636,0.04379942103224979,-0.2994130516662035,0.7690578310028975,0.4534571163718149,0.47730215484788563,0.40006830588014297,0.35023709451449336,0.4321926028735289,0.319427556158007,-0.12583082354435982,0.4843120958095768,0.0,0.513245936352992
0.20260041659722747,0.23498860587629397,0.31148270167622355,0.6691693305323436,0.3007855942717198,0.4224678126733123,0.29626251146904575,0.31497244005606373,0.23672757232284575,0.7274162382817249,0.4554885427737664,0.7420480218637331,0.0,0.46842245335693056,0.2776865700291227,0.2275849858026271,0.526461477476012,0.25560514759947217,0.45242454269951127,0.2153055530249719,0.2080113358310219,0.16116574582576443,0.2495637617970173,0.5869782330045188,0.30274184345957933,0.2760149437218228,0.18417655129635863,0.4091713426477618,0.536835925678117,0.18471572825663385,0.20126449738762858,0.45896725467955235,0.20057211713407064,0.2949462986012308,0.4866590646681919,0.6441045352210222,0.6548646866784844,0.6461462617747269,0.21940413363621075,0.26726125728596783,0.20280753449147054,0.3201870783046472,0.3996187029978375,0.14336618427653652,0.5073103842664098,0.025373619700300665,0.26525910281904624,0.4677308936389617,0.0,0.6699967820753465,0.3985021511913177,0.36315120220176966,0.3129855336524565,0.5059308697131855,0.7248538099986859,0.37921978064922,0.3361890942852491,0.35579340350031424,0.3806237797014673,0.27518006272394124,-0.0980810398361856,0.40130832233851554,-0.1501980221914488,0.2430074069978599,0.2727909605177078,0.4020386747966547,0.18726292825249966,0.3770793401672782,0.5246132643793846,0.011065975533338768,-0.00908425808367036,0.36084284289199486,0.31615395686425657,0.2670017039205894,0.5575648833386171,0.3967250633199371
0.49085773755020773,0.48699582183201817,0.4627600592558014,0.6006996863843694,0.43774519081370367,0.21966219023461814,0.3329207415633048,0.8227693808536665,0.30027576789434973,0.7246157922095995,0.6236472399170282,0.6205853704142461,0.46842245335693056,0.0,0.5449400501810155,0.5618559865387034,0.5021643260404571,0.4747478671050564,0.4038231563425952,0.3921848029788625,0.46659004231271356,0.2766086268784216,0.6236833606454905,0.6578082417003939,0.49760875838972407,0.48192081160298456,0.429037926701066,0.5358029374258836,0.39828840126569764,0.8080230244353696,0.508661121044303,0.4807812612881325,0.25758570157156063,0.6889653107379576,0.2994868165793396,0.5892889740130409,0.4220870729356853,0.4531397896420434,0.6873422809815053,0.0,0.577384188126831,0.8477907241725646,0.5867812801547986,0.47398035934042254,0.0,0.0,0.0,0.548469049307646,0.0,0.4916650518893597,0.4463107970895668,0.4236463233523625,0.529412816314502,0.5228420575296331,0.0,0.5589063058266674,0.41295047024191395,0.7556016205545102,0.46070383120593944,0.0,0.0,0.0,0.0,0.5191478468146713,0.0,0.0,0.0,0.6068631390636182,0.0,0.0,0.0,0.5226176995876308,0.7414766674075193,0.0,0.0,0.0
0.030887492968471958,0.20020004024065813,0.34947832668980283,0.6244906200779614,0.4894534709182645,0.33975246369408507,0.5359403434850909,0.3151341898700447,0.09311574206318712,0.4901880528607933,0.0,0.4061595191878298,0.2776865700291227,0.5449400501810155,0.0,0.01681320030867295,0.47621318230756227,0.014909091213892889,0.0,0.4781340349503068,0.2505521410232058,0.35512958791829413,0.3148761835918107,0.21194801527722346,0.16080399293026632,0.164459716345022,0.12513025767926794,0.18738257345736406,0.2645524462432808,0.19116568638393452,0.28707623536651894,0.060116784403049045,0.3285712786496471,0.2634103167680455,0.3180822218529637,0.6430016150123654,0.47721742608998635,0.37754352001373936,0.21492821785649377,0.3133454776051723,0.3172605425708531,0.3609144846643847,0.49688866100262785,0.626724064778275,0.0,0.6846850307123021,0.267143773143992,-0.2635641884936502,0.0,0.0,0.1410837980074603,0.7026462639760842,0.574443181251862,0.5463564901749798,0.0,0.0,0.6700964310481736,0.25900223219140095,0.4801256113071306,0.6808689873956246,0.19334325010178732,0.6177310817894135,0.7629430032006808,0.0,0.5898276574209282,0.3053911784886866,0.43990591271516233,0.6036401336241151,0.4704208102950641,0.2936483156364931,0.24426933186795022,0.386986343816472,0.22855820292897405,0.25444945268287505,0.5569700531653207,0.30774417402879706
0.23590305016617175,0.17361609732952188,-0.2530851933731196,0.13052768713504415,-0.019508591801724373,0.2131641260226789,0.14462276569780613,0.27741791309646013,0.0692756213265025,0.12187859059816933,0.5180213129647268,0.2588117783905761,0.2275849858026271,0.5618559865387034,0.01681320030867295,0.0,0.2511293331780987,0.5275953459516001,0.45959426611737114,0.14336948609443945,0.12672848796021252,0.12857003377625859,0.2463932913435548,0.36265565707509506,0.20135634812585856,0.09559450684046361,0.1443263307793946,0.08440493251018102,0.13230618864027963,0.009499236742058992,-0.044474033787476275,-0.09895620518377957,-0.11139897122237441,-0.12189533291845694,0.08864739491600063,0.6059143110995241,0.37331470459968663,0.6107528903635538,0.155924911833509,0.16989812467634915,0.15050017293929435,0.07368258736731553,0.46736420715887483,0.0,0.0,-0.013430921148571917,0.16726949002882469,0.0,0.0,0.0,0.01600912568767232,0.6008334184582349,0.8375673935508389,0.0,0.2728178955689786,0.0,0.4195578382589843,-0.038383010116907645,0.0,0.21058661408144105,0.17352799502730032,0.20119176278930667,0.24867268517612853,0.0,-0.07960926650505745,0.6798023825223568,-0.06535315159762345,0.620943869162892,-0.14109491642151625,0.3496390026725336,0.21738259740601484,0.010996540931231036,-0.2124550662486614,-0.024096532589328867,0.0,0.03960674152809951
0.4704580609897203,0.6413700862074254,0.6014573783119878,0.5378628181195265,0.5099679891189886,0.4216719103614963,0.4876208932886348,0.48386463705309324,0.27979050997782107,0.5876333705748715,0.43311542920444607,0.6607881776737157,0.526461477476012,0.5021643260404571,0.47621318230756227,0.2511293331780987,0.0,0.44223463349687003,0.37700774567450246,0.06859493535251968,0.5080774674816677,0.32341961854403795,0.497750323343661,0.5478618010125259,0.48064260343142806,0.3740865374769708,0.5652925617564484,0.7500103557168056,0.00391322852627804,0.8859656106486647,0.5789511853685606,0.18132469886424715,0.2629092624635474,0.5123666847374684,0.3193859209047149,0.6328990487464908,0.258720054346569,0.4658700252791469,0.5955700488610568,0.46454264947331786,0.5141421007617695,0.44310980755660057,0.0,0.0,1.0742592898126977,0.6782981080144566,0.5508964725267379,0.0,0.0,0.0,0.0,0.0,0.0,0.0,0.5883864118087526,0.0,0.5665801537370136,0.32249285654088333,0.0,0.8126118969169125,0.44876781784631353,0.39469509234819644,0.2085699592595248,0.0,0.0,0.0,0.5182517718039349,0.0,0.43876703635613684,0.3872082697488954,0.4763310559822749,0.0,0.28569495657694255,0.4770880900548735,0.0,0.6544334075142513
0.1773668402416952,0.22490125276991824,0.5268627091052622,0.4703419287497538,0.03954742208741874,0.36804562994435186,0.14822692623188516,0.43336858235497056,0.33398327161371344,0.11634379243045051,0.36392207578749347,0.45392281430757137,0.25560514759947217,0.4747478671050564,0.014909091213892889,0.5275953459516001,0.44223463349687003,0.0,0.18122206450371403,0.10846139704315841,0.09261815018680042,0.07268246489230104,0.23719675628582987,0.34670472540133596,0.26365376428859233,0.1124255715913352,0.2808143110488835,0.1053281081879131,0.1740669491069043,-0.235949029538277,0.15567835147566006,-0.13595838936917642,-0.05128958859401911,0.16991924356035737,0.08747247066010277,0.5644996506761453,0.25454685173869995,0.39406517495474647,0.19732824985952951,0.34768062634522223,0.3846831547319133,0.23215605091084462,0.0,0.0,0.5892192492673444,0.2774661589534769,0.26988220583785083,0.0,0.0,0.0,-0.07200322700954676,0.5446010532443917,0.8135729061594204,0.0,0.5654564202701011,0.0,0.5561994813510698,0.6855416191677319,0.0,0.6108239910086637,0.25781114358280777,0.3981194357354562,0.26294157161505016,0.0,-0.0017521593771900323,0.7163116661007303,0.05072900598099617,0.7845874452473508,0.38379539520734773,0.32729423864543317,0.44521956211246716,-0.26419410193786363,0.6770513185430349,-0.03996337032955327,0.0,0.44310118492544714
0.0,0.6391185612612433,0.2322762434133272,0.44351825683626456,0.20996770587974825,0.2529680173288603,0.4205633924839072,0.4063205429356256,0.07834790347595139,0.5949906404382097,0.20752639236750395,0.5288116310947499,0.45242454269951127,0.4038231563425952,0.0,0.45959426611737114,0.37700774567450246,0.18122206450371403,0.0,0.5556147485662964,0.4421864152732126,0.6790194165132047,0.4255771524448564,0.4755497791181321,0.3593622760202271,0.34136910317256514,0.41884150318089786,0.4686537502285849,-0.09628573650000205,0.6236413371455498,0.4888840310572935,0.4433075357946682,0.5348611205365412,0.5871446854698723,0.3562244457821757,0.5558064400908039,0.4071772072348753,0.4006726376163363,0.5540993108131357,0.4095800458140533,0.270987167988383,0.13943383231129297,0.5185081103135492,0.8578085945920204,0.40791546299577,0.0,0.0,0.0945148749438463,0.0,0.29703596694038564,0.39429663144158306,0.2954699499389001,0.44256372922543774,0.5238211315604686,0.9179458660408919,0.6538688646753379,0.5462417015753857,0.2580944614069234,0.3341551447050902,0.0,0.0,0.0,0.0,0.6051717930816581,0.47709690670363036,0.0,0.49703227705275044,0.4210607746751631,0.0,0.0,0.0,0.49415745714656756,0.2812456522886456,-0.15591341955685423,0.459756563269988,0.2630971731456274
0.2023447572539227,0.1564440293911965,0.38904389235640385,0.5948952994702053,0.12930137032396866,0.2238825335487891,0.09686137689531713,0.20936149840739995,0.1262433352230673,-0.07007450130930881,0.4586395702659322,0.19625407675118833,0.2153055530249719,0.3921848029788625,0.4781340349503068,0.14336948609443945,0.06859493535251968,0.10846139704315841,0.5556147485662964,0.0,0.2961114693821281,0.2974679002519244,0.3999354453371299,0.6259309763303275,0.27984014445989325,0.08361475344152419,0.4461006841800662,-0.15385465637125406,0.4765309501076226,0.14391166140756928,0.2885943922677097,0.027501228973339675,0.12727025933667202,0.17893287044449183,0.3204142099127102,0.7441857336190617,0.4989976162997482,0.8105993764917043,0.08274351240718161,0.18161763896980815,0.34198223026284913,0.3603614297479447,0.5925628913883649,0.23252910530519294,0.2024398651095457,0.32312523003998533,0.0425495361155524,0.481867344119407,0.0,0.0,0.2862289415767147,0.23108336121765705,0.6846108609560693,0.2633815030805781,0.93942088577794,0.0,0.5652203567350637,0.2934455506207684,0.0,0.39898428380465867,-0.012481944111143228,0.4696791370684827,-0.12121147897486356,0.0,0.21459634339158104,0.35769806793119496,0.1004758873517188,0.40252611741625144,0.0,0.07457761977439598,0.07497863787313169,0.26380533987651733,0.2710768092029314,0.2639804242519051,0.47941612516103627,0.3151957312648891
0.13463818194059235,0.12698411624884345,0.179780639875548,0.4251678086382896,-0.020737388148136915,0.36090720953947786,0.07134408410489512,0.23087985069930544,0.14572560574225704,0.6958831058442994,0.5464969006854214,0.32593864687887886,0.2080113358310219,0.46659004231271356,0.2505521410232058,0.12672848796021252,0.5080774674816677,0.09261815018680042,0.4421864152732126,0.2961114693821281,0.0,0.11642526250548113,0.4123050139883383,0.11968308709381387,0.03734637473471425,0.11279482050795434,0.2835623848605513,0.409968535164158,0.38279272281558535,0.5131911062944398,0.12916197968742932,0.056439219449629874,0.1931391357792549,0.2244416704534184,0.41390225839360034,0.5230665138594259,0.33088055567424374,0.29936668724440896,0.16967311670724403,0.2680603943655314,0.2894948899316478,0.3601539813294372,0.560071063175146,0.0,0.0,0.22234471313939216,0.35576521930602,0.6485239816611715,0.0,0.0,0.28810567404968057,0.4343366342995324,0.6700964318057654,0.754162166838241,0.6171997877136284,0.0,0.75444830021453,0.13276280347651626,0.0,0.39247584152429166,0.37687371471051756,0.0,0.5384848419536274,0.0,0.21298419159893273,0.44963099539409346,0.20626566068266264,0.3544096701331966,0.831663502762468,0.14135703718302794,0.44671716221176805,0.20674872349481105,0.18303492105279778,0.25531645598370345,0.4517680024546663,0.20968343364454273
0.20165309565088585,0.20274098679613928,0.1414720592144814,0.5530696551677705,0.11955689172454737,0.1471144750900234,0.08761611347279957,0.2666172986278935,0.10368315020815486,0.150163641464948,0.3826649206288877,0.4590074453358679,0.16116574582576443,0.2766086268784216,0.35512958791829413,0.12857003377625859,0.32341961854403795,0.07268246489230104,0.6790194165132047,0.2974679002519244,0.11642526250548113,0.0,0.5438570022569233,0.2482897887823293,0.23385027347986231,0.23917227515778522,0.15242198838237989,0.35886644887980174,0.1799978412135025,0.4749690829555012,0.11388915496117713,0.09569744575551054,0.05402788513536602,0.16697872615376136,0.3590591483632226,0.633128178952997,0.6732236791846027,0.6072828275955671,0.051010592513438785,0.10612398599154757,0.1823296366721205,0.3090033035128674,0.5513791204626945,0.3574153130172698,0.24689721720491456,0.15084036918248112,0.18257692896149616,0.009192230519546318,0.47628805131834684,0.24226426721708957,0.0035095673831715413,0.035349202634329,0.6265887568389639,0.07497009991573733,-0.12049998800075817,0.0,0.5364296539769098,0.043006363975852724,0.0,0.45753940889128597,0.0317592115817073,0.4161557637491942,-0.026369263235886065,0.0,0.12277749568339816,0.22749938801088837,0.049111016727441226,0.3946906339265964,0.7501145511503038,0.08266776362519501,0.13419195730583322,0.06418407384610003,0.09238213200653528,0.16092116617896884,0.5565510434277716,0.1508347262723956
0.29933007475210505,0.38151306406555874,0.6474080080200075,0.1968020712349529,0.15754051287717052,0.11649828206568952,0.27157295825738015,0.48456146167428066,0.2962282305902734,0.39911253592064927,0.7251564659284454,0.3131890008840811,0.2495637617970173,0.6236833606454905,0.3148761835918107,0.2463932913435548,0.497750323343661,0.23719675628582987,0.4255771524448564,0.3999354453371299,0.4123050139883383,0.5438570022569233,0.0,0.23919631178606734,0.23096523845442773,0.17495245286638986,0.29834109984441826,0.218645664480733,0.29199724765725177,0.23575177597378494,0.2921476440842181,0.14506129924072647,0.2414411430193661,0.28356836982188816,0.3522977347993241,0.46968250143763857,0.11086529783972288,0.46210707183260413,0.43048855496705696,0.6360266081608599,0.39339209062239267,0.39411806312330944,0.6138038614420244,0.5180062925757547,0.5399562645330792,0.5390560821421237,0.2584354621316861,0.6784070079067526,0.46722769976520007,0.5042740901874809,0.40252352729580154,0.4662473550212975,0.492633720104242,0.5830604779698529,0.6297909698471951,0.685028347272262,0.42878981419561424,0.4149950862467471,0.5808170960372926,0.477336367752297,0.2293397211030303,0.47410920291956526,0.5787047209151823,0.6375804565525627,0.3591527079487352,0.4046446593696428,0.25253580474453524,0.6284910708390207,0.21694543173365635,0.27731974317564556,0.3302706141057947,0.3651256362229095,0.39857868484007325,0.3567634078224442,0.42369276811434997,0.46411638178476594
0.30738390957738915,0.3048636613736147,0.40427316141782516,0.224172788529945,0.455157030803492,0.16134117602558767,0.35410198397349335,0.1323350902028278,0.41077606397100713,0.4593714420508539,0.4715729118803549,0.48911966026289844,0.5869782330045188,0.6578082417003939,0.21194801527722346,0.36265565707509506,0.5478618010125259,0.34670472540133596,0.4755497791181321,0.6259309763303275,0.11968308709381387,0.2482897887823293,0.23919631178606734,0.0,0.47983919432278654,0.2565736746252915,0.2075639037678389,0.6776900203029284,0.429299169712101,0.813646281491085,0.6942267450063426,0.33909300185899366,0.04178786716322824,0.4584114200973324,0.5308187347007676,0.4887136543693809,0.34211110872990524,0.2862458393618591,0.3766529669343104,0.4847803452897804,0.5850613031402236,0.50913094074724,0.6198599097336838,0.3319919380041986,0.4288416680715005,0.3260442173087854,0.5221199829084185,0.0,0.0,0.4774101492145262,0.5905287538273867,0.304390461762713,0.0,0.014305836990916967,0.5879551688559734,0.5289108112435602,0.5363880996083608,0.4736350738746099,0.0,0.2605707439203595,0.2506937440377941,0.239051579747934,0.2305825471118635,0.4589544015028325,0.3700111675849254,0.4893005741843689,0.198951150975552,0.8272903562407172,0.24128032454052323,0.18848809513009898,0.2840035049218232,0.5650683746848113,0.6983446945887275,0.5909360607894449,0.0,0.506082677217834
0.22149436970880848,0.23401334533544635,0.27856065904732163,0.8761939613175307,0.17842454168426902,0.288228128925699,0.20133608467096548,0.1300276144770006,0.22757272880384039,0.6001819066581215,0.5570956855252454,0.5742039625492021,0.30274184345957933,0.49760875838972407,0.16080399293026632,0.20135634812585856,0.48064260343142806,0.26365376428859233,0.3593622760202271,0.27984014445989325,0.03734637473471425,0.23385027347986231,0.23096523845442773,0.47983919432278654,0.0,0.22670002014586074,0.2961512053627076,0.2895824608765468,0.2086832982430274,0.27466167778080197,0.31085202807806145,0.026835358308732876,0.17034270482631098,0.3115388426526205,0.22119272094580955,0.15437239876841904,0.5875376009811029,0.6366781793259104,0.25407985951434464,0.4197831014868951,0.4143192309824864,0.2815890703578808,0.09861209283339295,0.0,0.4687369997446087,0.3555324911269352,0.3645355932969446,0.0,0.0,0.0,0.0534556101556547,0.5440885800706377,0.7047072091921027,0.4081815922744668,0.5363979391408265,0.4769458572208844,0.5863141219381423,0.29344878208020386,0.0,0.6036752881091965,0.2825744376431074,0.41271631589618196,0.3244513552202964,0.0,-0.026414074377008157,0.637533332249487,0.14763599243620498,0.36099350812501896,0.3761375269401347,0.38000478120411885,0.4112939091044736,0.08256015868993466,0.045028613221909985,0.03681730627516783,0.0,0.4059633269300024
0.2371446673863711,0.25152927954748483,0.1514421318647673,0.6368460810935088,0.027293602891784063,0.3724171230330123,0.20209494792676685,0.2715536339127651,0.2983854165190406,0.37991577802356347,0.5666927359911949,0.4275041748322659,0.2760149437218228,0.48192081160298456,0.164459716345022,0.09559450684046361,0.3740865374769708,0.1124255715913352,0.34136910317256514,0.08361475344152419,0.11279482050795434,0.23917227515778522,0.17495245286638986,0.2565736746252915,0.22670002014586074,0.0,0.2859389792511202,0.3414927219895133,0.18291021282437187,-0.13678214857919208,0.15588206210001626,0.12164314361125253,0.09800065746421138,0.21486934334248586,0.28236206321199764,0.032256640538031234,0.5107339628438072,0.4038786431576713,0.14867965165943275,0.3886129501885482,0.408121875546625,0.21713471223535777,0.2110158880789963,0.5510677576256029,0.6733038285227615,0.2617801319537706,0.2824053005499143,-0.03379090428858755,0.0,0.0031527000752467477,0.09497152259990843,-0.13215152681893222,-0.28777726434034506,-0.20103852665458982,0.5259718534012596,0.0,0.6085351725826694,0.1960555705336843,0.0,0.3750814066294237,0.21101413887168632,0.399950347317681,0.29811036339004465,0.0,0.0886566288591577,0.37041580209396424,0.2510355923908752,0.366786463835701,0.3966716267716645,0.34476819802679926,0.30619834976172605,0.15078099024735658,0.32630945291255564,0.052368729233649214,0.48779431754411445,0.3338653003380463
0.36807522120240527,0.2762246803183982,0.29602239938594727,0.22820133093356965,0.11131613393389997,0.24371726286061896,0.1323034832951101,0.253260933021181,0.12244182799943559,0.4194887080882912,0.32088922064840236,0.3358051407462148,0.18417655129635863,0.429037926701066,0.12513025767926794,0.1443263307793946,0.5652925617564484,0.2808143110488835,0.41884150318089786,0.4461006841800662,0.2835623848605513,0.15242198838237989,0.29834109984441826,0.2075639037678389,0.2961512053627076,0.2859389792511202,0.0,0.24241333878091817,0.40565987470709675,0.31338309006759224,0.18386531999673533,0.07805086793616967,0.133697264326348,0.20500444579967458,0.3633136860477383,0.2738342378929454,0.21072491824617706,0.3661465597568792,0.3662249456928947,0.32369326548667343,0.4578399016917578,0.47413459346782816,0.5577246982687278,0.38873752517955174,0.40198397155142007,0.43348434263338587,0.08127148729869368,0.529979754927475,0.479902878287937,0.5071285594851518,0.4001523738070169,0.428528016101831,0.3430928181690065,0.48208646257359244,0.7061382046193425,0.5620732792426202,0.36499642492300133,0.3941414031220054,0.7339537275638564,0.34288989751308,0.08966377866010561,0.0,0.4524437420587147,0.5788109037745595,0.2830826346374068,0.4329115319369444,0.16035482419388122,0.3517639650382104,0.0,0.19958656239496986,0.29233706712692403,0.3518776898780692,0.38928295995871287,0.2923007518653708,0.21329244012555115,0.4021548426706429
0.08488453118802983,0.23736406071222213,0.3337137675717222,0.4400980487719251,0.416500089330552,0.4621435352328286,0.3814830618723569,0.3076505084207004,0.3472803373328712,0.8038860664131484,0.49232283113298797,0.7648634630008228,0.4091713426477618,0.5358029374258836,0.18738257345736406,0.08440493251018102,0.7500103557168056,0.1053281081879131,0.4686537502285849,-0.15385465637125406,0.409968535164158,0.35886644887980174,0.218645664480733,0.6776900203029284,0.2895824608765468,0.3414927219895133,0.24241333878091817,0.0,0.5269472994800021,0.3879708119300549,0.4779669479277878,0.4724734978238758,0.2035775668517072,0.25817332224206846,0.8507714036450953,0.42720219800474285,0.43217429875685165,0.7273612447903524,0.5013021990170345,0.2697273450433159,0.37964537230972173,0.2733529633222458,0.6003067288036046,0.34571506072070873,0.7343622715931972,0.6118762196864274,0.12618061826325982,0.4640229600127667,0.0,0.678744321239094,0.42217395788301526,0.3937338184966065,0.37016177739943623,0.4556294636033236,0.658566996386031,0.4536519597830855,0.309913534836345,0.39142796226857035,0.3516267337737623,0.41023865526838105,-0.06490531448909578,0.20532238019817195,-0.1293199881967605,0.3699658639710064,0.3387416635012863,0.4357002432072701,-0.02563194943503533,0.4059315643665875,0.5402342016981094,0.15333739467145258,0.008029337263460196,0.3676416776394976,0.4407243711968226,0.30846852065729446,0.3601911113044203,0.46933840651107944
0.14551318216087694,0.2199089502810754,0.4051898974333349,0.2690439095307522,0.28620642004227836,0.3847572385999282,0.33444258508501407,0.3801517915656899,0.3134260866347498,0.33281941523077846,0.057962917645927925,0.6867331914338654,0.536835925678117,0.39828840126569764,0.2645524462432808,0.13230618864027963,0.00391322852627804,0.1740669491069043,-0.09628573650000205,0.4765309501076226,0.38279272281558535,0.1799978412135025,0.29199724765725177,0.429299169712101,0.2086832982430274,0.18291021282437187,0.40565987470709675,0.5269472994800021,0.0,0.5001697946473552,0.3772638164060864,0.07542744846243243,0.19170168903311716,0.27878997785082754,0.37691239980894353,0.44651812059744556,0.48822131100674804,0.629231315080529,0.26614542770943855,0.25162428202124304,0.433366211431659,0.3459539652135423,0.3518432803206752,0.5274393183413767,0.6503456896187951,0.4643222473921526,0.014172150645389514,0.4186096239234073,0.46321407568814726,0.223537215224517,0.44432556757251984,0.41499528652586315,0.5511907228273506,0.39596214928783346,0.617103176155892,0.0997699556865636,0.5754229325461135,0.3323431468324136,0.7891262987510639,0.31876982768151757,-0.02776681295933564,0.4814331080701958,-0.037414130683929514,0.07495828062617058,0.2404832387726411,0.4269802962544271,0.1458518797496896,0.472477110938277,0.45196447056524625,0.1922797725061387,0.1321717262664044,0.3558681111262832,0.3730307408256027,0.23800508562684705,0.24721127680215016,0.3730329658636331
