0.0,0.032297530690969356,0.002238164660908093,0.0,-0.0028862137570387913,-0.009623529786476848,-3.0222136819912926e-05,-0.007267197089491584,0.019418596625167872,0.01254852316688393,-0.0035313766649025524,-0.016207528840851693,-0.011031392345441648,-0.002026954578486173,-0.01487143845793093,0.00989268860301229,0.012672810421424319,0.017306382208126414,0.0,-0.008727505888347697,-0.026796256017036613,0.014395267114526655,-0.026539384727268966,-0.03158493361670456,0.019352391190304796,0.007771131208464066,-0.023471920680424196,-0.011575840812662275,-0.00299827291564031,-0.0019929203517746186,0.0021926840522005775,-0.020403214168807915,-0.02006248722546211,-0.0062861655835879104,0.020724540250313672,0.0003491454941368377,-0.0007750411982783145,-0.03172349312643091,0.007905894233930011,0.04413864922235278,0.021761899185906597,-0.0012530166272445298,4.706811000015909e-05,0.0,0.002358904819263541,0.026327757867470936,0.043402651574271145,0.0,0.0,0.0,-0.01801711490679847,1.1102230246251565e-16,0.005945813053561622,0.0,-0.0214716304223021,0.0,0.009966083998369124,0.0035257846701104434,0.0,-0.004447376082162002,0.025909823060594306,0.0007204846597458903,0.022901375614016006,0.0,0.003045022587313928,0.048844190296765344,0.032831578530901906,0.008720018412227915,0.025527479235025574,0.04467128339020837,0.03989297137755021,0.018786892381530973,0.00036397620698463973,0.007442890154430504,0.0,0.020749688989970316
0.032297530690969356,0.0,-0.023089745370526882,-6.765764555149989e-05,-0.03553414539870475,-0.021698983897624036,-0.021028623263016022,0.03169838899541605,-0.03226136591661477,-0.019556080351199656,-0.00033415925330992913,0.00107697710389415,-0.01769683811309397,0.00011069990146345132,0.011151031757772767,0.005957633256291672,-0.0288319920203558,0.0010120999929523755,-0.001872467117525034,-0.020795790644196677,0.028460342856662435,-0.0005594594261958963,-0.006150559458747207,0.005386302439547241,-7.144164607558734e-05,0.01414550407518117,-0.012097059254551068,-0.0038352027173142456,-0.009993333361912327,0.003540672142782364,-0.00999775312051876,-0.010376647042376785,-0.0038448577884682145,-0.004746051219572223,0.01790119563712922,0.006252317045521372,-0.001006216829699924,0.0,0.014228666892112996,0.04361877287458227,0.028366006631568574,0.02531060921481193,-0.0009738147456869184,0.0,2.220446049250313e-16,0.034594293909387785,0.03407141411448389,-0.0005316431186968007,0.0,0.0,0.00712013703946085,0.00032002212503445815,0.0019791527400795927,0.0006565002084369387,0.0023256628207757313,0.0,0.0011277176876237083,0.002475589273130574,0.0,0.028042608214427445,0.027852234718407254,0.003990401197246751,0.02830783106224999,0.0,0.00848405806266006,0.024573702810113285,0.03070031248058963,0.01690723885748585,0.0012380907201569036,0.04086779192788137,0.03708581461179222,0.019804759422020757,-0.001891636512485917,0.012579195355836403,-1.1102230246251565e-16,0.01873670126590371
0.002238164660908093,-0.023089745370526882,0.0,-0.009497326838364573,0.010841672674473446,-0.008256060107526775,0.01075171399475311,-0.014952785198391827,0.03091715478702417,-0.00377919775561103,-0.0007843719154291273,0.023486114631143584,0.008217403528543665,-0.022131328734349587,0.0030402427096528073,-0.004147113568778449,0.0003586694046538441,0.0031463413102464366,0.0003087566717724921,-0.0007903333331901186,-0.0212183318316837,0.0029573715173064063,-0.014150299825691548,0.0008657380812395754,-0.029861644099751672,-0.0377049952248289,0.014282308596159088,0.004437321292678431,-0.030578412596817983,0.008317813944984542,0.022412827229635945,-0.010924190410977419,0.003217866733987995,0.01821118560730206,-0.017664715846810286,-0.009923858577245648,0.0020975025021009452,0.006140886630142062,-0.0028568149625912143,-9.639754169898929e-07,0.007556082444053258,-0.03238465076467978,-0.02595171742896135,-0.1208417918309786,0.0,0.0,-0.0009324005997194962,-0.08485554549143898,1.0571623316857348e-05,-0.015395736286084316,0.0034786724355183596,0.011709227293719815,0.003237607400702447,0.0068729367603486136,-0.002528406854236498,-0.04317796847894956,-3.537163709477209e-05,-0.0044420361018627785,-0.02795970127846026,6.6506057131821e-05,0.0,0.0,0.0,-0.06958517253772623,0.001313923144603435,-0.001038941880466937,0.0001580636893048215,0.013701998431732476,0.0,-0.00014535299872880936,0.0020985800300389323,0.005462544878754638,-0.016399894181124808,-0.019905228530339603,-0.001007656400891288,0.009421410236877925
0.0,-6.765764555149989e-05,-0.009497326838364573,0.0,-0.023054853508560624,-0.011853701724195864,-0.0027116398538484243,0.00403623939217207,0.018296426426103463,-0.05212495770992315,0.004730921528939336,0.042753926200004566,-0.004088441738074267,-0.0005392107376899213,0.0035223216663219925,-0.0007900289665495053,-0.000173005175461316,4.8139885027720375e-05,-0.0035655012036517886,0.006115736902321589,-0.00021661482759216533,0.0039426481209857145,-0.0013047595447928662,-0.0051073052939601404,-0.00016867827100519595,0.0002935745334230466,-0.029700371904860245,0.03353879213435634,0.003031623359808888,-0.004959641845468987,0.003332524291725314,-0.01977387805927,-0.0025330396618267192,-0.043284038977302125,0.07699555243258904,0.012727517481271183,-0.03405757795854705,-0.012678650486059317,-0.027398267689465183,-0.0014824506448821717,-0.00080440695216899,-0.008891904578376963,-0.0024470065580429745,-0.023418628722371937,0.0,0.0,0.0,0.0010375265510503273,0.0,0.0,0.00012633848244136825,2.220446049250313e-16,-0.00011017453717826475,0.0005157834415148721,5.551115123125783e-17,-0.00011352982408963097,0.0003957715221130087,0.0006514511671581458,0.0,0.0,0.0,0.0,0.0,0.0,0.0,0.0,-9.714080495820676e-05,0.0042995432113983045,0.0,0.0,0.0,-0.007686650142876172,-0.0032735609173440428,0.0012102471611605825,0.0,0.0
-0.0028862137570387913,-0.03553414539870475,0.010841672674473446,-0.023054853508560624,0.0,-0.01314450495424635,-0.01609484858912491,-0.018145965146404985,-0.02362061282418748,-0.004617353470873831,-0.002997990672280071,0.0024841361005437657,-0.01032656451262387,0.02097468812804676,0.0009753881991886315,0.009741454762652979,0.0029954926094703516,0.05232897441083506,0.015361300947622114,0.0017192454834277227,-0.0005243921080673175,-0.0333563148066916,-0.0009677466127645529,0.007086236548280778,-0.03799318285595704,-0.015815385975308682,-0.002196260866601518,0.02450840500507112,0.013645821922624424,0.001198184929171231,0.030246959793181705,-0.03176536608441033,-0.00956806751227851,0.03797731524308201,0.00135329621800101,-0.005641722007807104,0.07001056971454206,0.016029965991353368,0.026372630242623762,-0.0007568468944894047,-0.00654715962601643,-0.0021883983930125472,0.009331234933140475,-0.002467054354307996,-0.0004246417418813375,1.1102230246251565e-16,4.4811141508172e-05,0.007808295488989425,0.0,-0.0031580618607078836,-0.0040793922273019145,0.0010764911877682026,0.0008397244550760741,0.009585424237287143,5.551115123125783e-17,-0.04150298499299926,-0.001591900608872987,-0.004801345690755243,0.006495784897276924,-0.0006937894005239476,6.162836223161383e-05,0.0,-5.551115123125783e-17,0.012144355670333729,-0.0021854300776310565,-0.000376670760981912,5.850217061365015e-05,0.02832961400428191,0.0,-3.0906215753356836e-05,-0.0018148473869157855,-0.003358554242286871,-0.003559705255620438,0.0038647103289466966,1.1102230246251565e-16,-0.0022754464141893083
-0.009623529786476848,-0.021698983897624036,-0.008256060107526775,-0.011853701724195864,-0.01314450495424635,0.0,0.005563725696330291,-0.00789958112079292,-0.007290629255705894,-0.02903075220760959,0.035773980694895846,-0.014839963528835431,-0.007884301668137583,-0.005279060047027995,-0.028040138084260702,-0.006740445088276592,-0.05348219186955955,0.001933410558150439,0.031227058818535436,-0.02520367647042593,-0.01658743324579709,-0.020220174344500186,-0.017136609111549295,0.004431197786781249,-0.014546449089557767,-0.027813688614994225,-0.010564812788882327,0.006067986674434478,0.007265929777279356,-0.010138744830389734,0.016390943469754615,-0.021211295405707487,-0.019018683414371518,0.004984681814248326,-0.00979183680455481,0.007313738764435862,-0.004595147286165224,-0.026836686477037686,0.016244573891801728,0.0030408024033655168,0.022157512594138506,-0.008772217588527864,0.025509796694753784,-0.02837450321706758,0.0004255268064592421,-0.0020141085315481533,-0.001685011619396548,0.01201577518819319,0.0010943538080873116,-0.00434994415882628,0.009104014050138276,0.010853559976812421,-0.007672619135145109,0.02105259730548492,9.496092448557647e-05,0.01948727808227091,0.002301160363782251,0.009037779749868524,-0.003289321164811343,-0.007687731084198179,-0.017230586327211472,0.0,0.0005437715120460984,0.020957203063004415,-0.010081048424620098,-0.011830593173477455,-0.005777389929179033,0.015200294512122514,-0.00010215090288628881,0.0019677303673446556,-0.007951033642082717,0.002053312921849737,0.00700417059091174,0.025907422669530833,-0.0030602921425868512,0.01658730685785731
-3.0222136819912926e-05,-0.021028623263016022,0.01075171399475311,-0.0027116398538484243,-0.01609484858912491,0.005563725696330291,0.0,0.022074488924677116,0.01842820439985804,-0.016474067488180644,0.03911202995738294,-0.008697209623848512,-0.0023201648693120247,0.017158867377971787,0.0036717822823975066,-0.014122466592562,-0.01760861937587227,-0.015070276844145192,0.03453396456689173,-0.008575585060138335,-0.006002228731684767,-0.005313767578864648,0.009027874103044897,0.003575390635560116,-0.022807241373172304,-0.02988796670494348,-0.005104940773058231,0.021850809983223973,0.01423466382793065,-0.00430545503211921,0.0036789821362908093,-0.0017361380117826841,-0.0376566217004235,0.01652340648574191,-0.025918297019548786,0.002286116263501392,-0.011392012233147342,-0.016692263881571412,0.020549809590314605,0.0010902903547899134,0.03262834012691623,0.06752206717202064,0.014208953302922545,0.001630901957912545,0.0002800575989050924,0.0,0.001480587271946554,0.001810043255052407,0.0,0.0002736675361930674,0.010787057400992617,0.0006282712441415539,0.006416426616785154,0.010694713072280426,0.0001390110574654435,0.043083656792606506,-0.0007863114742945876,0.003681104603095453,-0.004403257888055789,0.0008754138962314695,0.001132787347877362,0.0,-6.976918861206771e-05,0.01287772220682415,0.005270900383573751,-0.00026984513520006415,-0.0004965133430089863,0.02237027385575796,-0.00014851042560348748,-0.0009049591340007934,0.003431826092855972,0.007266787529514873,0.007555856656932702,0.0069115692953052865,0.00017132975324929411,0.0031721386800181994
-0.007267197089491584,0.03169838899541605,-0.014952785198391827,0.00403623939217207,-0.018145965146404985,-0.00789958112079292,0.022074488924677116,0.0,0.004483896599873638,0.003813309240739693,-0.08653971962179413,-0.003218053800443821,0.01703795185154966,-0.03242291537859371,0.01175817026884829,0.020591209999883064,0.0007583040643344696,0.01306828165123064,0.0026700812092735893,-0.033141169496606226,-0.003568218409641055,-0.011395826752971017,0.0015738176977923013,-0.012130905801230996,0.02812984956756459,0.009896077738648312,-0.022112950100163897,-0.001703233176099439,0.001036128610744036,-0.0019423013582119952,0.012913250212844063,-0.05466180858724523,0.004620357829978217,0.003824808481299735,0.0075227308308950525,0.014140265015114173,0.02825673126831124,0.012507198810698339,-0.01283589126721485,0.0023349243269701336,0.009990754735860918,0.03594526185450869,0.000680435394226131,0.0016786187410397502,0.0,0.004162958523956484,0.004743391822238541,0.007177309851618463,0.0,-0.120512873595082,0.010973971640809932,0.005655733812067576,0.007182947945149509,0.024909859511828447,-7.474250666128501e-05,0.019668555447235225,0.00012162738216170421,0.022259734545770682,0.019261531786026187,-0.0036856729572478653,0.0008897684989739862,0.0,0.0009673564383103628,0.016574822070605677,0.0011362903594972495,0.05447977967909112,0.005241597883029081,0.020536712740562513,-5.551115123125783e-17,0.001581867453791297,0.008265982343865885,0.009345003223086457,0.005653920585319883,0.03163478678030113,0.0001363252896798839,0.01936763601381919
0.019418596625167872,-0.03226136591661477,0.03091715478702417,0.018296426426103463,-0.02362061282418748,-0.007290629255705894,0.01842820439985804,0.004483896599873638,0.0,-0.0028560360009858843,-0.008698454325488991,4.558652343306102e-05,-0.018197871901776852,-0.016587713082093225,8.33092482583897e-05,-0.04557473838848436,-0.002751992244035939,0.008600819767597911,0.0010388411184782953,-0.009703715075719266,-0.01840298227451853,-0.03360120531561772,-0.010463430106259552,0.010552028845209949,-0.03895497621705046,-0.05222646372484213,0.008300039962188699,0.022206591262193542,-0.0354732819744899,0.010318159652974945,0.03556871458693561,0.00920969272465455,-0.012743953304129307,0.03421017354240119,0.009449464588704548,0.005798220032049772,0.019913669760376063,0.010232682529946302,-0.011582710362513182,0.0022987894023178135,0.0015097468361854882,-0.038979918014646175,0.011329601094332009,-0.0033008453707403795,-8.247550759982181e-05,-5.551115123125783e-17,-0.0004809682146020844,0.00664265318367252,-5.0786574106176374e-06,0.00887074393648557,0.012648453063300091,0.016668202355823558,0.019748970297162605,0.01094782997418453,-0.0009248931945177175,0.02195626343944901,0.0014398020764309072,0.0018861448766412936,-0.01106232827883985,0.0002680981768284352,0.000206401340882012,0.0,0.0,0.01660018552371534,0.0011992844119037005,-0.002095207104307828,0.0005899932035975386,0.011868663488621367,-1.78487846728137e-05,0.00016906549948941807,-0.00028430930438078095,0.005865765337950135,0.0076367583996943544,-0.00257611195176749,-0.00113892127118842,0.002482158907083365
0.01254852316688393,-0.019556080351199656,-0.00377919775561103,-0.05212495770992315,-0.004617353470873831,-0.02903075220760959,-0.016474067488180644,0.003813309240739693,-0.0028560360009858843,0.0,0.004487023537171009,0.009859671749595567,-0.01963773768186622,0.01830832364874485,0.004141033658605409,-0.007865733936200547,0.0006820624191549163,0.005001512773939842,-0.00991196523508514,0.001282179534979222,0.007611058900703904,-0.010352433701123986,-0.012909550806867676,-0.03580881882175835,0.009892021810543994,-0.0034645057641952692,-0.05680544287283651,-0.029398814535788187,-0.06307630043127299,-0.0009718836903510608,-0.02823208574743008,0.02056988159962403,-0.006906358769583398,-0.016611012426157312,0.03684429803035838,0.0004997544999749137,0.012147949561469418,-0.00603604207694064,-0.03703049121370611,-0.007699950337683337,-0.004089897078390581,0.07057274115168488,-0.007141274539902598,-0.0015700325414313987,-0.01506158493808557,-0.03746497287181644,0.00014554969305796694,-0.0005262627752856686,-2.8837320329988536e-05,-0.0010560447914003679,0.0014572810237651335,0.005727390105725094,1.644287995483662e-06,0.0008215234366062973,-0.0006089384696529865,-0.001830037976350618,-0.008733787334166687,0.013029720600707784,0.0,-0.00034899653495357175,0.0034910187952378324,0.011864176257532388,0.04485809815865066,9.478978308330444e-06,-0.0001540094447953777,9.211701888695023e-05,0.001674403423420845,0.0001564080390921152,-0.0040246941883124165,0.033604340968488466,0.008858694831292535,-0.0029762411060352267,0.01118722632813085,0.0020657279676082885,-5.551115123125783e-17,0.003628227063174616
-0.0035313766649025524,-0.00033415925330992913,-0.0007843719154291273,0.004730921528939336,-0.002997990672280071,0.035773980694895846,0.03911202995738294,-0.08653971962179413,-0.008698454325488991,0.004487023537171009,0.0,-0.0038054474869180788,0.030464073631711164,0.0018738122946343472,0.0,-0.0002622245833698855,0.005178950573662466,0.0008857556323436655,0.01178823984429822,0.00013557000518887863,0.005803345201878529,-0.0006877755868024971,-0.022552888746567468,0.01418483786000857,0.008740195151217212,0.008904655750349821,0.010989973457199098,0.029510174884077534,0.004852728379130478,-0.0009067505519865793,0.033014633292096085,0.009882879330386451,-0.008853071433337911,0.031001894776034378,0.021109637593469843,0.03934023591225261,0.0420377975780008,0.00989037723434577,0.01567042164172061,-0.0014210928083805974,0.06913533609959482,-0.001375049792812999,0.025469701611189166,-0.040365177162526134,-1.773294248297308e-05,0.0,1.1102230246251565e-16,0.055605709614534315,-9.834200527247816e-07,-0.08542105378150883,-0.0028704963602952382,0.030961354889551096,0.019379064906708654,0.04296421320114807,0.0009795562681598202,-0.02909487537049399,-0.0007971028805101588,0.02818599676840733,0.001005377942039698,5.551115123125783e-17,0.0,0.0,0.0,-0.06186558345136328,0.0008164364806756974,0.0,0.0004323971317137243,0.030723156824014497,5.551115123125783e-17,0.0,0.00044434524711395307,0.010424819372336414,0.00046787665834008285,0.00036469721693771495,0.0,0.01153045400082442
-0.016207528840851693,0.00107697710389415,0.023486114631143584,0.042753926200004566,0.0024841361005437657,-0.014839963528835431,-0.008697209623848512,-0.003218053800443821,4.558652343306102e-05,0.009859671749595567,-0.0038054474869180788,0.0,-0.02010472140724373,-0.0019759020658100535,-0.004030998874306635,0.002021655000392808,-0.011246136304603915,-0.010031000616021135,-0.00253320818079239,0.0007748689269214681,-0.008108544584960686,-0.0030497816404048694,0.00915087681611948,-0.02966826403415085,-0.0043733080401368585,-0.002971147834557708,0.004133882408475287,-0.017983693147393287,-0.0006223979400602486,-0.0026427662011436204,-0.0295050931252972,-0.001054664634836333,0.0006777714621840625,0.0007973578818165628,0.026991010707503316,-0.0036379488673287663,0.03716880031383918,-0.020247143086030234,-0.03150337195437497,-0.01062781367977611,-0.009343882217293986,-0.002148762246168723,0.0008904397386961249,-0.0020212442277587894,-0.009722198141943639,-0.043502008196583675,-0.0007427401661796451,-0.00047720963007208406,-0.0008292588554075775,-0.0029799088489035896,0.0009476387068141356,-0.0016940878995676534,0.0005079995587410902,-0.0004017954279482705,-0.008467910702207537,-0.00025637970907588237,-0.00459624855870866,-0.00173280353770644,0.00017116018862850524,3.0139463583489512e-05,0.0021198950196561483,0.002283941882058327,0.02476436540123017,0.000767058789527375,0.00015145963293061726,-0.001514730251941765,0.0006869369416366844,-0.004770641851302937,-0.03572155168761032,0.01900895644326478,-0.005198493421023465,-0.003416424422860831,0.0034248432168865195,-0.0008505232685079855,0.0,-0.004070954863443221
-0.011031392345441648,-0.01769683811309397,0.008217403528543665,-0.004088441738074267,-0.01032656451262387,-0.007884301668137583,-0.0023201648693120247,0.01703795185154966,-0.018197871901776852,-0.01963773768186622,0.030464073631711164,-0.02010472140724373,0.0,-0.0016648744172014784,-0.00445971515614646,-0.01707571792954171,-0.012002393002400247,-0.015883032639723238,0.03354640820532734,-0.02060809221728932,-0.0033306706992489166,-0.011525640270432291,0.0010978682360615055,-0.002399452391829149,-0.020387057064233716,-0.02054801681888896,-0.014362855797335927,0.0017405280920454458,-0.0030075853207414682,-0.03830884153664288,-0.02337011066564465,-0.010607939792659782,-0.02376094864441769,0.007052011351958043,-0.0501859551356138,-0.02089823710426386,-0.010160987792760534,-0.01045838646398084,-0.02348540093157475,-0.0037448189443707314,0.04478976021485098,-0.06312943268803595,0.031231799805687854,-0.0789980666710049,0.00033558956520168826,0.000814993394707364,0.0022633894991116454,0.009987878925926896,0.0,-0.0019250333103765227,0.011974220636076505,0.013077833736597322,0.0004608750778548054,0.01451413045459371,0.000572289149338101,0.015639146929594172,0.0006050671476041658,0.003898810358968219,-0.0020508816665921747,-0.0004883590751258438,0.001981316938695299,-0.00011634573637658852,0.000956745572871065,0.008887245316711812,-0.008981747260405404,0.009942762731389443,0.013844696764416964,0.0208897066050745,0.0019057027146235916,0.002485622778560459,-0.006699640747990787,0.006336537918582741,0.005616960017309325,0.012052856040383364,0.003241060250047001,0.005713384837472524
-0.002026954578486173,0.00011069990146345132,-0.022131328734349587,-0.0005392107376899213,0.02097468812804676,-0.005279060047027995,0.017158867377971787,-0.03242291537859371,-0.016587713082093225,0.01830832364874485,0.0018738122946343472,-0.0019759020658100535,-0.0016648744172014784,0.0,0.001940282380966829,0.0014101603749347436,0.0001321431026381492,-0.0002728701802048872,-0.00905936994679768,-0.0008233903851767033,-0.022572434254967466,0.0012489303065498225,-0.012159797575653553,-0.003870968033891087,0.0012432248768703968,0.002568265096992095,-0.026553973326530755,0.0779255965182849,0.0013483240021077147,0.0011369231786184653,0.014969592481880567,-0.042565139634368476,-0.005259831664476133,0.04924873369639837,0.0022323748427590107,-0.013253026324890282,-0.026357537589335067,0.0010117343521072741,-0.03275677060305593,0.0,0.00018117041308374215,-0.0004752149714286058,0.025200375912249162,2.8307733988541806e-06,0.0,0.0,0.0,0.013378151878080169,0.0,0.00704953060560487,-0.0034093271272573333,0.005529783967993918,0.010752693208870345,0.017602728997361372,0.0,0.017958214284575225,-0.00028362914809132445,0.004442526998973573,-0.0045855911078244715,1.1102230246251565e-16,0.0,0.0,0.0,-0.030512468969520312,0.0,-1.1102230246251565e-16,0.0,0.005151809243465699,0.0,0.0,5.551115123125783e-17,-0.02090327333579639,0.001350100334764237,1.1102230246251565e-16,0.0,5.551115123125783e-17
-0.01487143845793093,0.011151031757772767,0.0030402427096528073,0.0035223216663219925,0.0009753881991886315,-0.028040138084260702,0.0036717822823975066,0.01175817026884829,8.33092482583897e-05,0.004141033658605409,0.0,-0.004030998874306635,-0.00445971515614646,0.001940282380966829,0.0,-0.0065214107886979455,-0.028785471965613818,-0.0025441456902713933,-1.1102230246251565e-16,0.015414551730441761,-0.01054279856916246,0.01477081186371354,-0.02047664187995485,-0.03231336336468571,0.006024146199074154,0.0072753685394353895,-0.012701746910873835,-0.013741476044032142,-0.019267982196651712,-0.0075963239570239205,-0.019050243382342125,-0.01861806427619278,-0.012805235685981797,-0.018861084648000515,-0.01644251512142214,-0.01991458919023381,0.00011699503198198125,-0.0002935054099211798,0.012474564805999067,0.03323977390656713,0.0253289528697746,0.011562204779795082,-0.0029916391099413797,0.0009810759257359303,0.0,0.010682408292027046,0.016314165436820682,-0.0010505012701347294,0.0,0.0,0.01846920055065604,-0.001420515338457884,0.01751910493889214,-0.0009810423481679265,-5.551115123125783e-17,0.0,-0.0007275125614127353,0.01022010640531662,1.6120769758098952e-05,0.04818718561689922,0.003467180282743454,-0.00045043625427854117,0.00338355183733291,0.0,0.00895884720661444,0.002473685016069538,0.021727063175428052,0.013269253508439716,0.00011936824317504424,0.020225061856884552,0.007301510069087913,0.015126915612353908,-0.0075098078917096855,0.007472150912598452,0.007551640754383471,0.011586887735745899
0.00989268860301229,0.005957633256291672,-0.004147113568778449,-0.0007900289665495053,0.009741454762652979,-0.006740445088276592,-0.014122466592562,0.020591209999883064,-0.04557473838848436,-0.007865733936200547,-0.0002622245833698855,0.002021655000392808,-0.01707571792954171,0.0014101603749347436,-0.0065214107886979455,0.0,0.00017826348456906338,0.0029481146897644694,0.0003728979617105832,-0.03125802330200128,0.007998097422989514,-0.02457674112455005,0.0023853604272751072,-0.004983299125538854,0.003028566469354621,0.014101376423887313,-0.0059142377556605785,-0.012046567070812308,-0.028139623685914217,-0.014589585095390989,-0.007004560758931688,-0.024569766469287546,-0.022012615634366073,-0.0013707925884062777,0.015813499117046215,-0.0009976300568934615,0.00023165783126377626,-0.00031641692176082037,0.012954703559479086,0.035774787525156504,0.014351196688744905,0.008058454984727959,-2.102025377537231e-05,0.0,0.0,0.024917436691710815,0.029954314036689467,0.0,0.0,0.0,-0.022100590153336985,0.0004259247468872407,0.0033421063475668755,0.0,0.001368335601468873,0.0,-0.00018820639777167303,0.0032259520621333304,0.0,0.019327058463787294,0.012455433536896043,0.0011841371442017912,0.014241497758792743,0.0,0.009509887535215422,0.006736802625957994,0.0209363447353047,-0.01322894826655241,0.004729449650023143,0.03142008832663479,0.030622474167064206,-0.0011515219437652213,0.0045958791585106185,0.007678879828892871,-1.1102230246251565e-16,0.0006458346734573572
0.012672810421424319,-0.0288319920203558,0.0003586694046538441,-0.000173005175461316,0.0029954926094703516,-0.05348219186955955,-0.01760861937587227,0.0007583040643344696,-0.002751992244035939,0.0006820624191549163,0.005178950573662466,-0.011246136304603915,-0.012002393002400247,0.0001321431026381492,-0.028785471965613818,0.00017826348456906338,0.0,0.022212288406311897,-0.0012947991081937449,-0.03143688771094427,-0.0008514118458124997,-0.021811804026820147,-0.0010665600945358733,0.012625976325090826,0.022822501094853676,0.007911201373832888,0.011191767462560676,-0.023713895081926117,-0.025077327647524295,-0.024403296933537988,-0.010523342150167925,-0.024481984243833965,-0.013168214992765104,-0.0054582647067460965,0.0214022347798149,0.005442749821168769,4.743265037532307e-05,0.017916234601122516,0.02838179938303842,0.02047935078744162,0.0139666091727082,0.023342716374504635,-5.551115123125783e-17,0.0,-0.004652056019042672,0.004205728727196045,0.0030539352835188827,0.0,0.0,0.0,0.0,0.0,0.0,0.0,-0.0033412265900198412,0.0,-0.004412322785580958,0.0006567408804425412,0.0,0.0003276860793357539,0.007577590008858492,0.003877252856749891,0.027854565959855637,0.0,1.1102230246251565e-16,0.0,-0.00027824958346572837,0.0,-0.006415924617455271,0.028244793741415086,0.018715454683532418,0.0,-0.0009537400160150034,-0.00012667999753879222,0.0,-0.008951080770415287
0.017306382208126414,0.0010120999929523755,0.0031463413102464366,4.8139885027720375e-05,0.05232897441083506,0.001933410558150439,-0.015070276844145192,0.01306828165123064,0.008600819767597911,0.005001512773939842,0.0008857556323436655,-0.010031000616021135,-0.015883032639723238,-0.0002728701802048872,-0.0025441456902713933,0.0029481146897644694,0.022212288406311897,0.0,0.0017733240399849803,-0.01591423665002456,0.005805895625240698,-0.015569461542843333,-0.0052962022432013756,0.029065266246076416,0.027884957174811098,0.01756932566515157,-0.004661396904261428,-0.009537779560753634,-0.010527402206659098,-0.01191141755101971,0.01017442959952658,-0.02566491953874922,-0.008413956367310071,0.005501300654732366,0.03066778214623883,0.003870268357315465,-0.0002523877305322664,0.004342626658673188,0.012386183973219334,0.01515337498754532,0.010623447403768138,0.02316582618743912,0.0,0.0,-0.001600145576514167,0.02864329038488206,0.039968836903752136,0.0,0.0,0.0,0.0022592395201064264,-0.00035460368022322,0.0019105373166816153,0.0,-0.010199450145298217,0.0,-0.005054743946216911,-0.0006541655623027443,0.0,0.008649500246711739,0.015974377548283625,0.0038647203337834335,0.0138591030382611,0.0,0.003720811301864746,0.003976390759470871,0.03725401245407445,0.004412076960723821,0.007035457732047168,0.02284413215721437,0.02495986204950168,0.002799980753810216,0.0016630957255878709,-0.01819429506984832,0.0,0.008647830143628521
0.0,-0.001872467117525034,0.0003087566717724921,-0.0035655012036517886,0.015361300947622114,0.031227058818535436,0.03453396456689173,0.0026700812092735893,0.0010388411184782953,-0.00991196523508514,0.01178823984429822,-0.00253320818079239,0.03354640820532734,-0.00905936994679768,-1.1102230246251565e-16,0.0003728979617105832,-0.0012947991081937449,0.0017733240399849803,0.0,-0.0007708519926926671,-0.0010957737845030402,-0.002120209901708414,-0.0022883385024813907,0.002194240944257686,-0.017005749348558974,-0.019702118694347293,0.03585772657560388,0.025143259006033147,0.00469672243467989,0.0021348495961622804,0.03518436468621361,0.007954042579132958,-0.04568114608520929,0.032357041960967836,-0.005002397487228527,0.0109780409982837,0.004734120297618882,-0.0007969356550679985,0.033176488217186884,8.858808480977087e-05,0.03635469584923118,-0.019205439006836356,0.050540664857960216,-0.002797602549018341,2.5001876466923534e-06,0.0,0.0,0.017631315303026363,-5.551115123125783e-17,0.01288241407434726,0.002304451405429786,-0.002147370912886415,0.005113985532074317,-0.001185365759184931,0.00030073988585244127,0.08402172705928274,-0.0010188058744183826,0.003637490840743718,-0.016725721721454978,2.220446049250313e-16,0.0,0.0,0.0,0.0331480764660369,-0.00010904693282465239,0.0,-0.0002866692408407534,0.008430394340979919,0.0,0.0,-5.551115123125783e-17,-0.006255334544069013,-0.003926758501151872,0.002321996138341609,-0.00037594565348186837,-0.024883572956899247
-0.008727505888347697,-0.020795790644196677,-0.0007903333331901186,0.006115736902321589,0.0017192454834277227,-0.02520367647042593,-0.008575585060138335,-0.033141169496606226,-0.009703715075719266,0.001282179534979222,0.00013557000518887863,0.0007748689269214681,-0.02060809221728932,-0.0008233903851767033,0.015414551730441761,-0.03125802330200128,-0.03143688771094427,-0.01591423665002456,-0.0007708519926926671,0.0,-0.017427786939783807,-0.0006666827113536722,-0.0002614809605085977,0.015833241087544525,-0.008124620137240746,-0.011740865106091125,0.0076198694326761185,-0.029702423311264603,-0.017787859446436793,-0.02919555316518163,-0.01541706201589893,-0.03238172066157102,-0.03321581784046279,-0.02577095508152405,-0.02105013562004565,-0.01992494256487276,0.0007804678109110119,-0.0007881575557699971,-0.004047544562976291,0.05097303279497123,-0.01294783353904394,-0.002799556404953052,0.0008765297195013622,-0.004988962767274674,7.333847886953349e-05,0.007990158905452849,0.004229012983675562,-0.002181644131844185,0.0,0.0,0.0018975529788099466,-0.0005414823329855101,-0.06664594408284008,0.0015733467175834126,-0.00017667893101086518,1.1102230246251565e-16,-0.0005493910147610914,-0.021445078096532788,-1.1102230246251565e-16,-0.01618260306974112,-0.007752667825141613,3.343868720478982e-05,0.003208919503832619,0.0,-0.015275095612227507,-0.013976379213209711,-0.01367828965012724,-0.014135641630767803,0.0,0.008769086693250383,0.0025435508367844806,-0.010323094728382887,-0.005704299915340882,-0.006912445270895795,0.0028929371973793194,-0.022305182465796325
-0.026796256017036613,0.028460342856662435,-0.0212183318316837,-0.00021661482759216533,-0.0005243921080673175,-0.01658743324579709,-0.006002228731684767,-0.003568218409641055,-0.01840298227451853,0.007611058900703904,0.005803345201878529,-0.008108544584960686,-0.0033306706992489166,-0.022572434254967466,-0.01054279856916246,0.007998097422989514,-0.0008514118458124997,0.005805895625240698,-0.0010957737845030402,-0.017427786939783807,0.0,-0.008877093696655125,-0.0026808561614040105,-0.01676230571604892,0.027073324111576202,0.0164503287742791,-0.008816311410428823,-0.0005303928904334398,-0.0008573895137461429,0.004298592755302144,-0.0008188150614711343,-0.008047756566122333,-0.0028191890600399727,-0.0029717228288103636,0.004988478576319455,0.0339289945161943,-0.0013153992967769867,-0.030228904709973026,0.0024568178536883978,0.011689980575927683,0.009371616051148446,0.007491257617683211,0.0007976094161454839,0.0,0.0,0.02937191636834774,0.025834045379110937,-0.0007752319122960039,0.0,0.0,0.02480277885167037,0.0002742956290142651,-0.037811102429574195,-0.0022362618646662447,0.0006708117665437108,0.0,0.000576113607530071,0.009554356548572118,5.551115123125783e-17,0.015405689015853319,0.01122645169883213,0.0,0.0005568524373670836,0.0,-0.0001422399412922548,0.029169528735355887,0.01798262004421869,0.01242457841646416,0.002634031726785724,0.016042422777213128,0.01248195874419017,0.008837963439142005,0.011723845647508002,0.034044524786699615,0.004013368449450383,-0.006380745571486324
0.014395267114526655,-0.0005594594261958963,0.0029573715173064063,0.0039426481209857145,-0.0333563148066916,-0.020220174344500186,-0.005313767578864648,-0.011395826752971017,-0.03360120531561772,-0.010352433701123986,-0.0006877755868024971,-0.0030497816404048694,-0.011525640270432291,0.0012489303065498225,0.01477081186371354,-0.02457674112455005,-0.021811804026820147,-0.015569461542843333,-0.002120209901708414,-0.0006666827113536722,-0.008877093696655125,0.0,-0.013652514994155429,0.055856935488900805,0.0008697689628859862,0.008561484763963345,-0.009007099107624317,-0.014136883050365978,-0.03763138883441741,-0.04046666680438632,-0.013521219582078081,-0.02445226590060795,-0.021942727123972494,-0.020289043205944768,-0.013899554582467277,-0.0008913943800158419,0.0034899453306918016,-0.0014848296120263393,0.0037046284996815615,0.024475982839241073,0.016964173068425292,0.011344786771302573,-0.004822720475838871,-0.0007097216434860387,1.8024824734563794e-05,0.006085272360968286,0.01548839499130622,-0.0015839518909447903,-8.864613648351671e-06,-1.1062847179388324e-05,0.007155228393115831,0.0007905293267407854,0.007110065722409464,0.0002794018973846235,-0.0005586792388466155,0.0,-0.0016425645180759285,0.001392715330695904,0.0,0.004069087777931524,0.016933327716736668,0.00021933697980663913,0.022537366183118968,0.0,-0.01915482006009106,0.0045956931655978805,0.012374841147483828,-0.0037370263063371545,-0.0006709889666821622,0.02344366907271145,0.009501075145034454,0.010436049746671394,0.008387302149810039,-0.004873045894482342,0.001199582141742872,0.0038431252073184985
-0.026539384727268966,-0.006150559458747207,-0.014150299825691548,-0.0013047595447928662,-0.0009677466127645529,-0.017136609111549295,0.009027874103044897,0.0015738176977923013,-0.010463430106259552,-0.012909550806867676,-0.022552888746567468,0.00915087681611948,0.0010978682360615055,-0.012159797575653553,-0.02047664187995485,0.0023853604272751072,-0.0010665600945358733,-0.0052962022432013756,-0.0022883385024813907,-0.0002614809605085977,-0.0026808561614040105,-0.013652514994155429,0.0,-0.0195894613549068,0.0037568245691028124,-0.003403863284628106,-0.0050546173562231456,-0.0135512863470435,-0.02019160334103942,-0.006366912170854777,-0.0012703653359186773,-0.018765116442772678,-0.03158684732850675,-0.013803220507468017,-0.0023084552228472277,0.003865372634291875,-0.011969915435523892,0.013411721664232212,0.023387181167002502,0.011653272707909501,0.03055104533749592,0.04375663633027621,0.03740627115765638,-0.04591975243666235,-0.0006499810200840117,-0.03374415694384303,0.005762900134524185,0.014472230355934035,0.0010234174621311376,0.023377943948188595,0.018513326681701914,0.02457931469790725,0.007384343155025119,0.028380094197346217,-0.0015695827859464329,0.06530519190742212,0.0025957481399718207,0.020307071141503485,0.018212029215886383,0.0037443858961228593,-0.00529483856833507,-8.134330473019702e-05,0.004821069908634235,0.08705444980406912,0.004651209513594712,0.01067148346455693,0.0039045396960893375,0.029712182682531285,-0.0005310318504430089,0.0055430635458149635,0.005229789596932988,0.009690552028049582,0.01907348734303349,0.030298698937187563,0.01133271179485662,0.02596298750073267
-0.03158493361670456,0.005386302439547241,0.0008657380812395754,-0.0051073052939601404,0.007086236548280778,0.004431197786781249,0.003575390635560116,-0.012130905801230996,0.010552028845209949,-0.03580881882175835,0.01418483786000857,-0.02966826403415085,-0.002399452391829149,-0.003870968033891087,-0.03231336336468571,-0.004983299125538854,0.012625976325090826,0.029065266246076416,0.002194240944257686,0.015833241087544525,-0.01676230571604892,0.055856935488900805,-0.0195894613549068,0.0,0.024197819699309953,-0.01089052715479466,-0.02316882655455288,0.029806760888680728,0.0029447937360557175,-5.407734881196502e-05,-0.014530782481870952,0.018057266951470585,0.0012012262385777128,0.010137996115960612,0.06525874414000493,-0.0031492458475155805,-0.005517490909755951,-0.019941971978196388,0.028479200982035324,0.03567381445722517,0.05154169795657659,0.04483787192204869,0.00022820572790244187,-0.0001715521391302821,-0.030577173745828967,-0.002827547399490038,0.009293168474196645,0.0,-5.551115123125783e-17,0.00032129115140988596,0.00042161659777717464,0.0003202668425609234,-1.6653345369377348e-16,-0.0005464586414877237,0.009157137542356586,-0.0004268744850860484,-0.00022364343722247604,0.001903669742775893,0.0,0.0014898738419186763,0.007950569890909642,-0.0021309159845100956,0.018793887829721245,-3.915336894666499e-05,0.0006286648398119432,0.0005588937347031919,0.0026934128487018927,0.000607480563562357,-0.035870304808272135,0.020680024199295266,0.004771907185601998,0.0005861985832658068,0.004372693862836063,0.0013524290965849506,0.0,0.008567604244091642
0.019352391190304796,-7.144164607558734e-05,-0.029861644099751672,-0.00016867827100519595,-0.03799318285595704,-0.014546449089557767,-0.022807241373172304,0.02812984956756459,-0.03895497621705046,0.009892021810543994,0.008740195151217212,-0.0043733080401368585,-0.020387057064233716,0.0012432248768703968,0.006024146199074154,0.003028566469354621,0.022822501094853676,0.027884957174811098,-0.017005749348558974,-0.008124620137240746,0.027073324111576202,0.0008697689628859862,0.0037568245691028124,0.024197819699309953,0.0,0.015675131577382317,-0.011330615156969481,-0.010186953371813967,-0.0076722433340055685,-0.010886777591359087,0.0022881644906664333,-0.020299096601456623,0.002017551623899383,-0.0047788879064374346,0.021723044775723066,-0.05410108461347013,-0.0006500403341835326,0.001882088432073492,0.016929453165682173,0.025108879800202766,0.019724062200798642,0.02268513465059918,1.2271928932883203e-05,-5.551115123125783e-17,-0.007767027655792125,0.03275858887532235,0.05174917879960095,5.551115123125783e-17,0.0,2.220446049250313e-16,-0.0028664528119845545,0.00146033379512861,0.003912573324212187,-0.0012661088095131667,-0.0029958560086930097,0.0007273552973923181,-0.006066235428981437,-0.001205974942554866,0.0,0.016204506876957014,0.022144830034668106,0.006001918570259113,0.020571140172273628,0.0,-0.003565058099680274,0.029652068401626153,0.04087864815923953,0.008180842773009567,0.0037014394773139947,0.03264816275669802,0.0314853933993387,0.014833059897365886,-0.020621179840039916,0.007416915819097536,0.0,0.01564308206912679
0.007771131208464066,0.01414550407518117,-0.0377049952248289,0.0002935745334230466,-0.015815385975308682,-0.027813688614994225,-0.02988796670494348,0.009896077738648312,-0.05222646372484213,-0.0034645057641952692,0.008904655750349821,-0.002971147834557708,-0.02054801681888896,0.002568265096992095,0.0072753685394353895,0.014101376423887313,0.007911201373832888,0.01756932566515157,-0.019702118694347293,-0.011740865106091125,0.0164503287742791,0.008561484763963345,-0.003403863284628106,-0.01089052715479466,0.015675131577382317,0.0,-0.014841298547468462,-0.011252479829497897,-0.015220263762995567,-0.05366393618216414,0.00043241992130593765,-0.013539224801372818,0.001049875920669241,-0.005872430663728723,0.011078392751322885,-0.10477246944600654,-0.00217619172155753,-0.009240492097351949,0.01450059766635664,0.026786630689297097,0.02327604154277535,0.01699927688385472,0.0033961402232245974,6.914338968527778e-05,-0.0026453074832902823,0.024143959172732044,0.03721573109098253,-0.0006901659896754175,0.0,6.371965969753646e-06,0.0008016468229530282,0.00047326013602855266,0.0016270559925669614,0.00149515274437656,-0.003241897935478022,0.0,-0.004215212785689759,-0.02644354223958323,0.0,0.02051779624530997,0.024111775421383985,0.005544092553942281,0.01624414975478955,0.0,0.005243814017310167,0.02433235808549722,0.025798215966536253,0.011746326701865983,-0.017851652925454542,0.027169020862263638,0.0318249353948154,0.02966442914757117,-0.002339075063360452,0.0024007877021182678,0.0009990084241683905,0.024264632705943867
