0.0,0.8528289573230932,0.39786883580195403,0.0,0.35565740086598296,0.4202061137542664,0.5009681663388021,0.5686293817684043,0.5930084080005119,0.6308118881462726,0.39881286127110505,0.4649862972257629,0.5558247995927504,0.5182347611242559,0.396867189807385,0.8146272775125961,0.4940364326282792,0.7456393025022283,0.0,0.5642344976939113,0.29698625692073116,0.7207500565247436,0.41554803554014663,0.44126195956305014,0.6519829092731331,0.7753348373395023,0.4525042458382922,0.4927497509006964,0.5627283431280753,0.628766390690628,0.6609980295483174,0.5159859909729072,0.44296346621668176,0.4865363078740002,0.6460749153652596,0.6461344674735355,0.4536077162688449,0.30123829003819996,0.6596339224509653,0.9714523216110644,0.7162556675056956,0.5530924807430134,0.4738121196828497,0.0,0.494126865864725,0.7315868292523765,0.9977331216804028,0.0,0.0,0.0,0.3684238874135481,0.0,0.6543422225099627,0.0,0.36895679997623815,0.0,0.6443163485621988,0.7666168895509224,0.0,0.5388537773175541,0.8539330543093688,0.30570167593409503,0.7736111314701114,0.0,0.5290300956954437,0.7114910279799798,0.8725798984652309,0.7188009968351258,0.7312172594651027,1.007673636802945,0.9750433072144462,0.7460359840325527,0.40874838152350157,0.6167067211579114,0.0,0.7112331911207739
0.8528289573230932,0.0,0.42628278870355146,0.33363560459320946,0.3111979968075656,0.3817802434941656,0.4181468785828898,0.8723814963912478,0.26994124399372205,0.31824190686424036,0.3208822617472912,0.4381384159325158,0.4522454182817279,0.5282722459485645,0.7205496380103817,0.7161676939089106,0.36172549129091575,0.6607341085584679,0.6000831884714413,0.40270753746749305,0.8248115774749284,0.6623741670654864,0.6274084005657959,0.48268454086949614,0.5459342088124202,0.6260388556786325,0.5007629272452485,0.5281673922854415,0.4245162908939681,0.47009872939910957,0.5688571432699169,0.47529631259292465,0.43833023777341584,0.5154158309464947,0.7034531365481337,0.5232617813900374,0.21141068010435948,0.0,0.6706515384908294,0.977569668084874,0.6870367737118367,0.8620664746381642,0.6204961059279379,0.0,0.0,0.9223897418278209,0.8875393281594458,-0.03969925703366638,0.0,0.0,0.6790292934999869,0.6195068072378882,0.5891025596441982,0.5624482814353335,0.620400794611571,0.0,0.45047614709961936,0.6528923540029171,0.0,0.8100790517731851,0.807171629022869,0.6421538507471883,0.8010079813539284,0.0,0.6781805479403964,0.8631967828843466,0.9224044789466541,0.73708436220842,0.4726555700639368,0.8779752774596006,0.9126426092522466,0.7699695691778353,0.5948271298661306,0.7358600109948623,0.0,0.8187022893588269
0.39786883580195403,0.42628278870355146,0.0,0.5000545912883116,0.7127524270589456,0.5359356533470128,0.6640106663838408,0.6100926677802576,0.654704823501885,0.5394597151492573,0.6104532919641286,0.7987483421124153,0.6894947099778168,0.5069573702960649,0.37260686480021166,0.4030936484229446,0.6293093568430888,0.5592022684528295,0.5659184787517307,0.3779211233532986,0.3004245480823577,0.5884897356095922,0.48708988925701413,0.4160120367627091,0.3607353392614033,0.2170920696085878,0.6268865434990563,0.6961624485534538,0.4243492357236406,0.6643968067063407,0.7715371469403977,0.5616998722252277,0.5428962004401707,0.7609847752298693,0.472437482085718,0.573237667472102,0.5551628638439621,0.5700840401870577,0.6229743082151612,0.4925605439116576,0.5598927847261782,0.2953201159744966,0.5033587913204993,-0.07281021668977483,0.0,0.0,0.17780537609521244,0.30470250788199826,0.4695783335370959,0.4585797105771645,0.6353263633871741,0.6574823039262199,0.6873643864438503,0.7295213668780447,0.34292444829801827,0.475958580318979,0.4960909131818771,0.6046319274100997,0.4621894627121517,0.2860373719338316,0.0,0.0,0.0,0.3049585282708572,0.679863016183238,0.44308405910691023,0.16022150025100013,0.7335731175405369,0.0,0.6275742236761246,0.3849805935805593,0.7334755656954384,0.4888634725770659,0.4719770982747613,0.6579699216417334,0.5337195033044655
0.0,0.33363560459320946,0.5000545912883116,0.0,0.2918121581628912,0.47166204550283786,0.4420451207192695,0.5680748066399588,0.7720871564297995,0.14898782751621278,0.5766000794139374,0.5864440875266073,0.4251108442399899,0.4303499687326259,0.6434289624603422,0.07318050194652076,0.5488614048071072,0.471017020485174,0.569333607162635,0.6345668605246177,0.4000201313366943,0.5867939583919539,0.6493054941097726,0.20939029424524655,0.8528509647663605,0.6056535909915985,0.3837791829052105,0.599369422465842,0.5052213333089406,0.43579649980051877,0.5120588850349886,0.244762780229465,0.20860183745901018,0.15434927509086738,0.8015815290141635,0.35419610365727305,0.008721034128451599,0.24986771284829934,0.10804755926473167,0.2852838638136719,0.3747100451241794,0.23480861075518755,0.2289902045058978,-0.039963630273914724,0.0,0.0,0.0,0.4315741068308267,0.0,0.0,0.5903114167827355,0.0,0.46812768329116283,0.08163793160381573,0.0,0.18969363462319794,0.501484414145666,0.4823962790603755,0.0,0.0,0.0,0.0,0.0,0.0,0.0,0.0,0.4706865029318707,0.6438692490551494,0.0,0.0,0.0,0.4127944065934871,0.5114382988365482,0.6357643081903528,0.0,0.0
0.35565740086598296,0.3111979968075656,0.7127524270589456,0.2918121581628912,0.0,0.42593279253953076,0.3824085470645151,0.47921721796384137,0.28639682877161626,0.5945860541682049,0.4626837061889588,0.5252804711060026,0.5616344421718937,0.5343556009969171,0.5239017259649177,0.7175022628941168,0.6070011193038756,0.8579488407951791,0.7208826584102304,0.6102202138135171,0.5099637773373066,0.34720316233373616,0.5420726572159139,0.5841937829332285,0.3361627218168878,0.4168944928973444,0.5604621302088393,0.7591052666349931,0.7024289943266417,0.49841693887783245,0.7767444161490946,0.260315312774541,0.4193109703016326,0.8634225676114875,0.4971589419337755,0.3333699981451916,0.6745343856623258,0.5932431294202756,0.6677846838600114,0.6742370997479854,0.5126651552557412,0.38670772919949836,0.5637290936449035,0.6130116780115973,0.2590268617771236,0.0,0.43119945568997686,0.6493315158031253,0.0,0.5272797931754502,0.5937797590917748,0.6155852897710861,0.5568472270886473,0.6297516988489373,0.0,0.26845031105368,0.34368054517204594,0.6136550239983142,0.5757967113263455,0.2291256577304155,0.5139828566422849,0.0,0.0,0.700486724335566,0.2910216290272622,0.44331659884418484,0.3640803543250418,0.7931986883612689,0.0,0.4923257697574134,0.5011548602573802,0.5518873717048366,0.5811375082122895,0.5045549702719964,0.0,0.511295578095041
0.4202061137542664,0.3817802434941656,0.5359356533470128,0.47166204550283786,0.42593279253953076,0.0,0.6338547134822159,0.543337538352355,0.41993522456353416,0.4319593061806483,0.8227463752518798,0.5587464402409332,0.5329335361975633,0.5152913716483584,0.43237654778187834,0.5668621250320671,0.07741440340458394,0.6103797009952495,0.8210662242094411,0.34975419816849707,0.47275297786085413,0.3638583522204923,0.46158317138346666,0.4389529264750854,0.4761733947987118,0.46960609947789367,0.5052995401144592,0.6670646090947805,0.5108911773968579,0.5793169978539646,0.77928329389456,0.3723715304274016,0.5140805692998639,0.6736829503539872,0.5217957375001047,0.6671458920269597,0.5357552880692328,0.2846767150449241,0.717249649069257,0.37065158238112617,0.6942321074199083,0.4673429865740237,0.8075282149169158,0.34590817301158666,0.21953318517425452,0.5931421958734016,0.5678000754244297,0.704043177422096,0.600096442774009,0.46300125257747043,0.6666761480124246,0.7157775429640136,0.6219465414885719,0.7742708797897502,0.6785436996125864,0.7200164953523482,0.37572694814166463,0.6889118844971713,0.5433516636701725,0.5559888973836569,0.44282060678387053,0.0,0.538856651886248,0.6811572849220788,0.5429043588470472,0.36891429927569164,0.6179682832952276,0.7114487298663099,0.5636621427147686,0.505239897930451,0.537459042833908,0.6240706026232217,0.6151987293234116,0.7998895970856987,0.5027761565958125,0.6850214105544191
0.5009681663388021,0.4181468785828898,0.6640106663838408,0.4420451207192695,0.3824085470645151,0.6338547134822159,0.0,0.6860120804211561,0.7513952665139199,0.4273705032301224,0.7830777170641452,0.36892154181304293,0.659835789339163,0.4928332933972016,0.5531952330861959,0.5329148575844431,0.42994887446305774,0.5043119333193871,0.7531982921855577,0.5134322250027138,0.4308767776501441,0.5335148635175699,0.6632513948026268,0.5716220608391849,0.444588558473753,0.4474294792085337,0.5095722666199185,0.7465184187218321,0.7162830177551285,0.45900673104373235,0.6011273828886374,0.5600235202153261,0.2632940456913948,0.6274305898489306,0.19289082043064107,0.6100940308427464,0.36697631584401746,0.463582054780849,0.7437408238945296,0.45936137406315225,0.6668730925985111,0.868961456417195,0.6353612322550394,0.8216544752826624,0.36378908950260275,0.0,0.5915973066375613,0.5016876228465845,0.0,0.5435084084744436,0.69446088695174,0.6395453406791192,0.6020448667176157,0.7093058659047293,0.5877987685234908,0.7197408255789316,0.4096520382494156,0.5500835977584122,0.31228850420340626,0.3407158770931125,0.6100423110083527,0.0,0.531667899449709,0.6591915708380008,0.6521005634950644,0.47987153276427136,0.5900998125838645,0.7420188274928959,0.46101854711046164,0.5859168215689465,0.5899838040835,0.6338071346837473,0.613309366902878,0.5271620219924218,0.7685233151306807,0.5342465988820095
0.5686293817684043,0.8723814963912478,0.6100926677802576,0.5680748066399588,0.47921721796384137,0.543337538352355,0.6860120804211561,0.0,0.6700498805464846,0.588492755597459,0.12301506935752751,0.6071267586228248,0.7286387909967591,0.531847177965746,0.6112558880644866,0.8331340838147635,0.4992581979894457,0.713384808211742,0.6237924183795196,0.2621156412891867,0.5452882474668596,0.4659433255211344,0.6268377137809331,0.4056234527416252,0.8019980666036519,0.6948810446681899,0.4637894356788459,0.5900570106050262,0.5177594658804896,0.5505203990150314,0.6954744911105211,0.1715693764514438,0.5714552455688042,0.6038909764141775,0.5220893117460409,0.5983553992706927,0.5629303751756107,0.6733398743803747,0.5232143098483233,0.470244909774282,0.5080077584236979,0.8713812787413744,0.5343834482835097,0.4941205679454682,0.0,0.6133598493380048,0.42041253561847747,0.705543187660552,0.0,-0.032005430299812676,0.7136364907637398,0.6760434075826292,0.5980798015349205,0.7558529275598944,0.8031270595123559,0.6162755593169383,0.9739024607988367,0.726196070199507,0.6366922422540441,0.6363639873029558,0.40375502206482594,0.0,0.7562881096079268,0.79461896338866,0.7154471253553233,0.7437595523889656,0.5612225377790923,0.7669108634947214,0.0,0.49101669894519173,0.5298856439235723,0.6913592328393225,0.6095070646427592,0.8716249059352983,0.5092340732016907,0.6124198448524611
0.5930084080005119,0.26994124399372205,0.654704823501885,0.7720871564297995,0.28639682877161626,0.41993522456353416,0.7513952665139199,0.6700498805464846,0.0,0.6277792850758511,0.39696462525249326,0.6161150889011944,0.5055543141793983,0.47923138175960417,0.6095325943152985,0.304983598853512,0.4698848120585316,0.637081304801911,0.40154741240794656,0.5081101334991279,0.3012478965613576,0.31045994370344654,0.5374920213898606,0.6653940079574518,0.3324488711906217,0.3294596877639192,0.5862076507057861,0.7827976922903384,0.29744878419826537,0.6683449584117319,0.8274407486783447,0.7021922104202628,0.5413014104670961,0.8486155121471091,0.6501950735615716,0.6593531894662042,0.7192775098859795,0.7330480597016255,0.5634314267597528,0.5601048991971025,0.43539412908479425,0.13648034369128167,0.6066702858396197,0.41723505405869643,0.30224861611505893,0.0,0.4957667447227002,0.6912616881281171,0.4657745733443338,0.7174123986379413,0.7313541178242478,0.7501247085117837,0.7408603983324303,0.6601310976553754,0.22206365373542972,0.7407496553273147,0.4946284488882321,0.5698485216950087,0.5580838140316176,0.44265878481043996,0.6907611138385108,0.0,0.0,0.7057652831469425,0.6117078695010734,0.6221695676520498,0.5655153118569854,0.7114768667949337,0.311846416183413,0.5711727697032921,0.28623832453211184,0.6374487551126189,0.5671373421203092,0.5622642910373157,0.47087001797814887,0.6404003168493657
0.6308118881462726,0.31824190686424036,0.5394597151492573,0.14898782751621278,0.5945860541682049,0.4319593061806483,0.4273705032301224,0.588492755597459,0.6277792850758511,0.0,0.6547707854974956,0.6118981947670354,0.43280826558327734,0.6590492470506228,0.5137231626130985,0.44475586581244286,0.6942852038769799,0.6290681881585017,0.557337560451053,0.46326354614072235,0.7115858334970444,0.42874605188735654,0.4495039061160215,0.22318190107980643,0.8186033337068686,0.6459368718716472,0.11205484023636558,0.3769164169636864,0.014687437575480244,0.40489212348939563,0.4361255377121037,0.6182181122023019,0.5916013925075875,0.3787244052167914,0.8151681982372156,0.4674357329196956,0.49153637535398653,0.4202419489885188,0.30161066158035954,0.40537913429605876,0.5210114353009987,0.7075086762956959,0.3226134424203457,0.32498335975661274,0.4181719444863361,0.3760238141877869,0.48205870913215765,0.16478049582090032,0.4520638649947546,0.43118436077870803,0.5251879776287321,0.4997726288472637,0.5649611411846567,0.2567331213268109,0.5477378369054995,0.4054877370185815,0.5283881802418595,0.7197296907494666,0.0,0.8717622163481322,0.5910369809222865,0.6098662612820724,0.8471441850162599,0.481931513306208,0.4877232168885741,0.5631093193462635,0.38210005265785696,0.5736146550863429,0.44000560003897415,0.748409434753419,0.6355411164453485,0.5356929605451778,0.6179875518014282,0.44423302254422,0.0,0.6618029616031285
0.39881286127110505,0.3208822617472912,0.6104532919641286,0.5766000794139374,0.4626837061889588,0.8227463752518798,0.7830777170641452,0.12301506935752751,0.39696462525249326,0.6547707854974956,0.0,0.5654849902808017,0.7308149359971008,0.5551060370403033,0.0,0.5047749404163462,0.6315850678414354,0.6060906444827908,0.6452593535151923,0.51475799384208,0.6196919056508963,0.3783381167405317,0.39750272034623196,0.6726772740687177,0.6799102813955955,0.6972257906598263,0.7145322979231614,0.7461444131757191,0.444769120720075,0.528042783159714,0.7353200655452092,0.5557806206767206,0.48855192873214764,0.7833976872157754,0.6789991516640679,0.7647178401371073,0.863043207740003,0.6910174133458894,0.6277189197695117,0.502117027267885,0.9853168716769738,0.4534146928492593,0.6917416751263638,0.030331521096814196,0.20229312930467297,0.0,0.0,0.8156860276440306,0.4841937045792286,0.07075642668854776,0.5843164212362726,0.6342501879336366,0.6920383656471365,0.8212145353710747,0.5088298021580034,0.3884224977784322,0.4015352901343022,0.7123315585469373,0.5946573957498573,0.0,0.0,0.0,0.0,0.30868437480848265,0.39355027583321534,0.0,0.7402375429389998,0.740432912132253,0.0,0.0,0.9812556996884108,0.7041370393956143,0.47961905997032334,0.3890623891332782,0.0,0.628139230852418
0.4649862972257629,0.4381384159325158,0.7987483421124153,0.5864440875266073,0.5252804711060026,0.5587464402409332,0.36892154181304293,0.6071267586228248,0.6161150889011944,0.6118981947670354,0.5654849902808017,0.0,0.3570437641875721,0.6071285419004069,0.37855464231274744,0.6403841618948833,0.6110614565408228,0.6116221438721131,0.5734133206802297,0.5242704187723628,0.5529311150957831,0.4295835324852695,0.5512614533372917,0.1841187932772373,0.6299619281976919,0.5035215450676845,0.5877490446291899,0.39902097717376206,0.5897033810506459,0.2923998704656817,0.24341387925916214,0.3183827921890434,0.5122207482609329,0.449198407835693,0.7413261785831191,0.3303227126214584,0.650974475133509,0.12483302454602113,0.39737615971977946,0.3808764119646116,0.4468082264686303,0.319623325251997,0.4374535741084985,0.42610696846109875,0.4084403079512403,0.14396871844148504,0.5319470283560689,0.27291400770731045,0.19368954260567017,0.25151879450817344,0.3596585963235911,0.4733168152229028,0.27488650309468554,0.41914919534896466,0.5275750517115592,0.24857510194035265,0.6483109563146354,0.5252771621284089,0.7195776965438853,0.6496044001347113,0.5325227801850339,0.5560878821684213,0.8100325889499442,0.36759318699075805,0.7693014374482872,0.7348646405840479,0.46618603131456826,0.4169052932940925,0.25242129745311115,0.7135075680198023,0.5608502106698781,0.30840670376099855,0.6321642916811263,0.49767552218947464,0.0,0.6447777385116604
0.5558247995927504,0.4522454182817279,0.6894947099778168,0.4251108442399899,0.5616344421718937,0.5329335361975633,0.659835789339163,0.7286387909967591,0.5055543141793983,0.43280826558327734,0.7308149359971008,0.3570437641875721,0.0,0.5031081378981076,0.5557159150740459,0.5381968385383181,0.4763074385316579,0.5510137983779129,0.7701309602284235,0.47914801823884207,0.5526287313622168,0.5034847209720219,0.6632953407430539,0.44257041081771076,0.5245730010230494,0.5198993780767072,0.5041524880938605,0.6384444464684477,0.6248701303761535,0.3065749575643117,0.3221103792096154,0.48565094643835943,0.32165323879822116,0.6212325478136557,0.07412441398068059,0.4193350479300189,0.40242063282351775,0.4415155128242862,0.4174502447355055,0.4696957030592083,0.7201224826948665,0.20918427790766336,0.7234835055872905,0.026283439644043782,0.4764247214747034,0.6469876004070825,0.6761437325636613,0.7212171527662247,0.0,0.6648275320972861,0.7142695621256556,0.6945498350525696,0.604370380123036,0.7643332421676453,0.5575900236600962,0.6102276086509191,0.5145361227353101,0.6623781261188191,0.376904591455718,0.534505833597654,0.5509987042989251,0.4059158945160514,0.5520274198164343,0.7030063991772927,0.5477358248065543,0.6509977991396677,0.6706100544376556,0.7963131533988856,0.532961046189006,0.558682171252239,0.4892198708884004,0.7032992309224906,0.6627888366566725,0.7045180320742963,0.5708407210199099,0.5892003724138566
0.5182347611242559,0.5282722459485645,0.5069573702960649,0.4303499687326259,0.5343556009969171,0.5152913716483584,0.4928332933972016,0.531847177965746,0.47923138175960417,0.6590492470506228,0.5551060370403033,0.6071285419004069,0.5031081378981076,0.0,0.5720875387328483,0.6293138576960076,0.5032240695337198,0.44269213140675695,0.5712547912492923,0.386026899012087,0.31393248097155224,0.3169778907188121,0.5449230132270892,0.6339133442064322,0.5132613306694945,0.5473474768226412,0.43791759416527654,0.8237724309702736,0.3933846507986265,0.8457642547318509,0.7026817514431449,0.18277463719162954,0.23460074724338095,0.9394099688005149,0.347207865417243,0.2531099432787867,0.07939695398492372,0.403847263785232,0.4518488926001296,0.0,0.7045701747241296,0.8252420897597116,0.6971655936692545,0.468952808090971,0.0,0.0,0.0,0.6166780469000588,0.0,0.5582888368640396,0.423566853662376,0.4755963258418089,0.604725294974939,0.5676640820334256,0.0,0.6186234042863197,0.4042498623467134,0.7843361772555754,0.4357073925242369,0.0,0.0,0.0,0.0,0.33942002393270615,0.0,0.0,0.0,0.5971857801116705,0.0,0.0,0.0,0.37019022591139134,0.7652222356318432,0.0,0.0,0.0
0.396867189807385,0.7205496380103817,0.37260686480021166,0.6434289624603422,0.5239017259649177,0.43237654778187834,0.5531952330861959,0.6112558880644866,0.6095325943152985,0.5137231626130985,0.0,0.37855464231274744,0.5557159150740459,0.5720875387328483,0.0,0.6041825580012816,0.08370595181446899,0.5475060593011747,0.0,0.7627742874706531,0.4543065179364979,0.740134918281866,0.513091699532344,0.3176324690719289,0.5976015331067366,0.6669130292232773,0.5274654491703468,0.4075602966711651,0.42293287183553435,0.4239705300021007,0.487501948001704,0.3616182022559783,0.49853310579684335,0.4404560073449642,0.4692790581217785,0.5314971688138539,0.5034842652009752,0.36959968907953866,0.5934944155026127,0.8756359363905235,0.7702806628978607,0.594958223004632,0.4926366956432606,0.636737184264248,0.0,0.725552178982801,0.7812827496073652,0.4567387374091121,0.0,0.0,0.656272832485085,0.6777041858769175,0.6658801893973434,0.5241953512499087,0.0,0.0,0.6586936240908656,0.6527014709537611,0.4806157797254307,0.8910115658650573,0.6693832141734302,0.6161438543622475,0.7508573299899247,0.0,0.7963106625845477,0.6339614733260734,0.8898916819627519,0.8068682696798513,0.47374920711264623,0.7885538646723025,0.6533375272259926,0.7346270113054874,0.4986973033581909,0.6208183104455665,0.6179699648956385,0.6167140332526779
0.8146272775125961,0.7161676939089106,0.4030936484229446,0.07318050194652076,0.7175022628941168,0.5668621250320671,0.5329148575844431,0.8331340838147635,0.304983598853512,0.44475586581244286,0.5047749404163462,0.6403841618948833,0.5381968385383181,0.6293138576960076,0.6041825580012816,0.0,0.56664276617354,0.7485358470904155,0.5201081761589357,0.33135212492929855,0.747010303697083,0.43997176732788934,0.7247220217769453,0.5835039465497136,0.690087681047298,0.8019549241312109,0.6189858011747922,0.529852287570072,0.3713559371677555,0.4707593726992136,0.5829228215092908,0.3385623761451758,0.3031215045917236,0.47296254993448406,0.7528927728210026,0.6041120002346521,0.4098048676973744,0.5982813235316891,0.7827303632085432,0.8415511789969978,0.722160039417207,0.6579125305585507,0.46771163726878223,0.0,0.0,0.8184682431651351,0.939733369492776,0.0,0.0,0.0,0.3867694436751681,0.5928218482739366,0.8955774893058648,0.0,0.5533302912703563,0.0,0.45360990695491105,0.6527978168666058,0.0,0.774423927265862,0.7415712438210496,0.5438474976428891,0.7365886503988381,0.0,0.6514504358128032,0.7129038891645334,0.8189114004389104,0.491720361320704,0.5038851531062829,0.9349765082537982,0.958318335437565,0.612499255854674,0.6378590674720177,0.7205700155578205,0.0,0.5155565756628406
0.4940364326282792,0.36172549129091575,0.6293093568430888,0.5488614048071072,0.6070011193038756,0.07741440340458394,0.42994887446305774,0.4992581979894457,0.4698848120585316,0.6942852038769799,0.6315850678414354,0.6110614565408228,0.4763074385316579,0.5032240695337198,0.08370595181446899,0.56664276617354,0.0,0.8857629601379966,0.6443316904929159,0.22691691299960845,0.5375150999724487,0.4592657013141932,0.4859774646761642,0.7174392569349622,0.8557987225744441,0.6501244747055619,0.6718782017587717,0.6298420121815824,0.19237315011309566,0.20640427948625253,0.5685447942396267,0.41719726181553707,0.5630607581528086,0.5735382649381014,0.77707711514679,0.6641367198515242,0.275858676701877,0.5835077005123355,0.8341267827031528,0.5441806810356457,0.5568005006256993,0.7885852773987179,0.0,0.0,0.4288577298886342,0.69056681997738,0.5787274938819897,0.0,0.0,0.0,0.0,0.0,0.0,0.0,0.4867987192438995,0.0,0.4668359970202186,0.3345945867011567,0.0,0.8058076313893672,0.48125147386580963,0.5499656118111634,0.7008870302507635,0.0,0.0,0.0,0.5205567294359467,0.0,0.5503292261337479,0.7633909623583857,0.7305985402735626,0.0,0.3124727952781781,0.47677366502945295,0.0,0.48699161886437886
0.7456393025022283,0.6607341085584679,0.5592022684528295,0.471017020485174,0.8579488407951791,0.6103797009952495,0.5043119333193871,0.713384808211742,0.637081304801911,0.6290681881585017,0.6060906444827908,0.6116221438721131,0.5510137983779129,0.44269213140675695,0.5475060593011747,0.7485358470904155,0.8857629601379966,0.0,0.5454315855791911,0.44077728229783547,0.6838943615147748,0.45382014458485803,0.6180881962562145,0.836358268277905,0.9314409510726643,0.7499967800710391,0.6349964321696642,0.5183335510848237,0.46592881507535777,0.4691963878086667,0.6966492268706008,0.3285618041617772,0.571420410188902,0.7232170620553866,0.8093379307263133,0.6255872390445574,0.25817493070160985,0.4310741469262135,0.7484798848696792,0.5937712790002527,0.5745477467336503,0.7281593140356171,0.0,0.0,0.543252812193449,0.8780472749294934,0.9551210745226331,0.0,0.0,0.0,0.5522126836310639,0.5369406564567993,0.8847305751719088,0.0,0.5007097575888511,0.0,0.5161821665537207,0.5243187494639803,0.0,0.6851773716466539,0.7168842405438246,0.5859476080781633,0.653898465419706,0.0,0.5030306939865955,0.7089419444797136,0.9298587688500436,0.7981638544603553,0.6725831044782509,0.7508697474248529,0.8392352753975967,0.5299074960488785,0.6675730666484816,0.3722174473438854,0.0,0.6793312573759102
0.0,0.6000831884714413,0.5659184787517307,0.569333607162635,0.7208826584102304,0.8210662242094411,0.7531982921855577,0.6237924183795196,0.40154741240794656,0.557337560451053,0.6452593535151923,0.5734133206802297,0.7701309602284235,0.5712547912492923,0.0,0.5201081761589357,0.6443316904929159,0.5454315855791911,0.0,0.5252463784568546,0.433673714131634,0.6279761440225099,0.5227912273301651,0.5165498078656018,0.3437048769745993,0.3354464672339731,0.8661444696905188,0.7891260868765795,0.6438310372227938,0.6247998457408108,0.7891416731248098,0.6778010212836678,0.15568351544149642,0.8171293409641853,0.5309493211260531,0.72596088589144,0.583205063702648,0.514421630992658,0.8981988997376296,0.4133701958683036,0.6235795103725577,0.06901762313032841,0.8941334826350935,0.3396208833964808,0.41402960296986924,0.0,0.0,0.7143607584823006,0.0,0.5337513687461652,0.5954502051643371,0.5731437246605711,0.6292420503155984,0.6567949253392122,0.9599946944693589,0.797376673665614,0.5429508220971041,0.5250857683790099,0.4031641173031112,0.0,0.0,0.0,0.0,0.7848989027020314,0.4815332343087795,0.0,0.445737411143044,0.6845646196929174,0.0,0.0,0.0,0.6063930531869558,0.5732018733377,0.5058041734276661,0.4605558716966203,0.3065740654821695
0.5642344976939113,0.40270753746749305,0.3779211233532986,0.6345668605246177,0.6102202138135171,0.34975419816849707,0.5134322250027138,0.2621156412891867,0.5081101334991279,0.46326354614072235,0.51475799384208,0.5242704187723628,0.47914801823884207,0.386026899012087,0.7627742874706531,0.33135212492929855,0.22691691299960845,0.44077728229783547,0.5252463784568546,0.0,0.46077119380642395,0.5952100964902275,0.6432177835262013,0.6884414250058306,0.5693151416176132,0.5208459891424192,0.7170813244587988,0.43349472896842994,0.49353569629516847,0.4873634386487406,0.48893015809565343,0.25665003264222214,0.25965231138415457,0.41572529425266025,0.4616658830551348,0.6070614017671401,0.5272047762725122,0.7763713420989435,0.5066193788910258,0.9822131772211458,0.5049575191641844,0.507085816050378,0.5318899607901739,0.21495480992823113,0.21390043650198753,0.6234564108453314,0.6429700860379776,0.47678104838197316,0.0,0.0,0.5391309530027251,0.6059025922883774,0.1940261273439739,0.4613528957599582,0.9101329399728185,0.0,0.5710203725996549,0.44654475013767103,0.0,0.5188343266526869,0.46299246567041125,0.4702757395541363,0.6132334465570574,0.0,0.4894509869353274,0.452972677947935,0.4936699587028043,0.5075574976471321,0.0,0.6173395397498244,0.5446890965888079,0.5156582100785299,0.49113672658440455,0.5347722985012238,0.5040739569735346,0.39813963151721515
0.29698625692073116,0.8248115774749284,0.3004245480823577,0.4000201313366943,0.5099637773373066,0.47275297786085413,0.4308767776501441,0.5452882474668596,0.3012478965613576,0.7115858334970444,0.6196919056508963,0.5529311150957831,0.5526287313622168,0.31393248097155224,0.4543065179364979,0.747010303697083,0.5375150999724487,0.6838943615147748,0.433673714131634,0.46077119380642395,0.0,0.4912134848942685,0.6027777789111873,0.4191567385239242,0.7094840395846771,0.817718833916192,0.5674902334910782,0.5272437170817088,0.5040240003846682,0.5457840054042634,0.6083696520214874,0.37665154014757457,0.47044547203606013,0.47499332017355433,0.5913989215037035,0.6747039376864117,0.32887463369752734,0.3132136212402906,0.5657281916775883,0.655758942816806,0.527545267374409,0.5341809586023674,0.5493324695027708,0.0,0.0,0.7019888608172066,0.8223538780755207,0.6221188587468228,0.0,0.0,0.7478355983349555,0.4422227751926171,0.472588681323848,0.5192011085592851,0.6274389422207779,0.0,0.7350457258081773,0.6365734796636149,0.0,0.71397963622231,0.698569765874258,0.0,0.5305859189471582,0.0,0.6212002873624364,0.738023871765237,0.81183139514192,0.6591970618199415,0.8469189043487215,0.6125785884812697,0.8070447959287641,0.6137568127599133,0.6892125247470735,0.8623863005179678,0.4954857969339126,0.34005608620088434
0.7207500565247436,0.6623741670654864,0.5884897356095922,0.5867939583919539,0.34720316233373616,0.3638583522204923,0.5335148635175699,0.4659433255211344,0.31045994370344654,0.42874605188735654,0.3783381167405317,0.4295835324852695,0.5034847209720219,0.3169778907188121,0.740134918281866,0.43997176732788934,0.4592657013141932,0.45382014458485803,0.6279761440225099,0.5952100964902275,0.4912134848942685,0.0,0.6862122811124616,0.710143958799851,0.7150904874042219,0.7626460357387315,0.5053608460980002,0.5758679260904944,0.278903639318102,0.4415602988133738,0.5475126887075796,0.40430684045934173,0.3765070309468941,0.4998707369900284,0.553380448149295,0.6253448417825158,0.7263487258415682,0.5750413339811349,0.5754549233609791,0.7783098902341464,0.6669179510488898,0.6272187560315452,0.4867051068453651,0.3512902263253245,0.25635371740717117,0.682382588404173,0.7863767987071126,0.5549289923990088,0.47609655973923637,0.25900385081735816,0.7009901401284024,0.667020496460894,0.6581018709368418,0.6497299257766032,0.4122573257133376,0.0,0.5118172162720954,0.5909310585025689,0.0,0.6906768459288967,0.7196082630170975,0.42430557449416717,0.7369774361252623,0.0,0.41371245096328746,0.647765397275339,0.7588462727522115,0.5866454676485072,0.7204108472003024,0.7293006401220357,0.6838220524769324,0.6875547428330449,0.6458116651322259,0.5445277420201651,0.5578799440706613,0.6033118652555427
0.41554803554014663,0.6274084005657959,0.48708988925701413,0.6493054941097726,0.5420726572159139,0.46158317138346666,0.6632513948026268,0.6268377137809331,0.5374920213898606,0.4495039061160215,0.39750272034623196,0.5512614533372917,0.6632953407430539,0.5449230132270892,0.513091699532344,0.7247220217769453,0.4859774646761642,0.6180881962562145,0.5227912273301651,0.6432177835262013,0.6027777789111873,0.6862122811124616,0.0,0.41646809278828534,0.6324937192270289,0.589066202338036,0.5273315064321757,0.4819731062994385,0.442125281075344,0.5513328208285841,0.6122777809960737,0.44927757812733987,0.35212105503098456,0.5148024437516378,0.5913997864201965,0.6671402382072152,0.5303920177376356,0.4773593461576665,0.7829779462921473,0.6888395732107117,0.7958770952821136,0.8943030188535708,0.8436961285715865,0.3435652455302359,0.5422316230989092,0.2569916637104028,0.7790989846175783,0.7440969295032405,0.4653935303598647,0.7868933223216376,0.7472556611399281,0.7665745912772296,0.710823393768576,0.8002471784773008,0.6008338659259462,0.8806988899796642,0.4629670521021658,0.708374896748007,0.7224337558987977,0.6954441322660352,0.6103660661167241,0.48772321688857256,0.6135901597400812,0.8857592996538312,0.6766885624797381,0.7178086325236644,0.6972225853440743,0.8675526913991556,0.22728225387801954,0.6461375420536819,0.7090804174679232,0.6469546556684427,0.6903558402064616,0.8440795967086274,0.7246480485466222,0.7363019573438627
0.44126195956305014,0.48268454086949614,0.4160120367627091,0.20939029424524655,0.5841937829332285,0.4389529264750854,0.5716220608391849,0.4056234527416252,0.6653940079574518,0.22318190107980643,0.6726772740687177,0.1841187932772373,0.44257041081771076,0.6339133442064322,0.3176324690719289,0.5835039465497136,0.7174392569349622,0.836358268277905,0.5165498078656018,0.6884414250058306,0.4191567385239242,0.710143958799851,0.41646809278828534,0.0,0.7701228465428689,0.4264160144740453,0.3382216148822841,0.810381065220386,0.646469000048264,0.7987945450294827,0.508642260588378,0.5721504439304534,0.49174886279606383,0.5249377553702808,0.8251097963990284,0.36966875612197375,0.304315630886792,0.18957696215503414,0.8036049560496168,0.7901258678380753,0.7904840108989972,0.8155166989465208,0.5894297833449909,0.3460221216763644,0.26728253973597127,0.5386433845827636,0.5956627887015671,0.0,0.0,0.4789741001334456,0.590925060170311,0.3089748363645064,0.0,0.01915636545137614,0.5872658192686405,0.5245076909828885,0.5616797116273521,0.48801549882695283,0.0,0.26735415145725305,0.5814997015956597,0.5098838923740501,0.7111577344021942,0.45767627773975056,0.35017133388164434,0.48013327427369934,0.23165180662652635,0.8176589584660059,0.2983451486830766,0.7642607872683461,0.6871361415962034,0.5295204317433587,0.7048167990425585,0.6360238773560014,0.0,0.6332315951643347
0.6519829092731331,0.5459342088124202,0.3607353392614033,0.8528509647663605,0.3361627218168878,0.4761733947987118,0.444588558473753,0.8019980666036519,0.3324488711906217,0.8186033337068686,0.6799102813955955,0.6299619281976919,0.5245730010230494,0.5132613306694945,0.5976015331067366,0.690087681047298,0.8557987225744441,0.9314409510726643,0.3437048769745993,0.5693151416176132,0.7094840395846771,0.7150904874042219,0.6324937192270289,0.7701228465428689,0.0,0.563691830467438,0.5574006961443476,0.5240328665656975,0.4855954781318377,0.3330815648555038,0.6545625841297613,0.2675756080921767,0.6307317697664957,0.4885713739985275,0.7365059419218587,0.2019639756071688,0.5552408501786199,0.49449515250057136,0.772735929620456,0.707115242641361,0.6943054065353274,0.7636938916935785,0.1461040424611332,0.0,0.38061812114808125,0.9116694031893992,1.0303177333110796,0.0,0.0,0.0,0.5681010583678622,0.5542270539269394,0.7287830913047628,0.3811840039235343,0.5187142862786932,0.5017958688856451,0.544616545078344,0.4390941066818752,0.0,0.6879381008714364,0.7528221827531211,0.5707374313796364,0.7423887084003316,0.0,0.5899898522432627,0.8003358619929057,0.9394694977222351,0.6037193377182304,0.6269752340430386,0.8572345210534088,0.8913671170467243,0.6145878859622877,0.45195870594431475,0.5373061104731554,0.0,0.7301496578465827
0.7753348373395023,0.6260388556786325,0.2170920696085878,0.6056535909915985,0.4168944928973444,0.46960609947789367,0.4474294792085337,0.6948810446681899,0.3294596877639192,0.6459368718716472,0.6972257906598263,0.5035215450676845,0.5198993780767072,0.5473474768226412,0.6669130292232773,0.8019549241312109,0.6501244747055619,0.7499967800710391,0.3354464672339731,0.5208459891424192,0.817718833916192,0.7626460357387315,0.589066202338036,0.4264160144740453,0.563691830467438,0.0,0.576942613021447,0.6056098214942585,0.5301683710151273,-0.02449368858729936,0.5971293898625781,0.524397999986626,0.6306128150486672,0.5161362402235378,0.6700845047522028,-0.07472287946236705,0.4759730405502137,0.37137220438597435,0.7222748111658581,0.7960646573842597,0.8539216008207626,0.5839517373287353,0.23551405465325825,0.5497565010755198,0.44921186924337997,0.8376723021564078,0.9806924790935285,0.6362709837354887,0.0,0.008367970995373245,0.6731452688236977,0.5851325391114692,0.556802727950944,0.43054784825555437,0.5368511417241726,0.0,0.6123913589805885,0.45555538102033644,0.0,0.7980948074392012,0.8232544532923384,0.5656749283682384,0.7105083665318215,0.0,0.651970679872693,0.9090791432549894,0.9254181530749535,0.71110285972612,0.5021310927829892,0.8542564597724499,0.9113624641406881,0.8986270510939642,0.5673698647782047,0.7075190300096865,0.5207810386581547,0.8144092926160094
0.4525042458382922,0.5007629272452485,0.6268865434990563,0.3837791829052105,0.5604621302088393,0.5052995401144592,0.5095722666199185,0.4637894356788459,0.5862076507057861,0.11205484023636558,0.7145322979231614,0.5877490446291899,0.5041524880938605,0.43791759416527654,0.5274654491703468,0.6189858011747922,0.6718782017587717,0.6349964321696642,0.8661444696905188,0.7170813244587988,0.5674902334910782,0.5053608460980002,0.5273315064321757,0.3382216148822841,0.5574006961443476,0.576942613021447,0.0,0.3841350209802885,0.7455342310871941,0.5181784278408288,0.6221955169821323,0.26255613710742376,0.3894305056161954,0.4381707770276713,0.48239561655704777,0.5059206536408412,0.4449275500125486,0.2079499413896757,0.6801714880038918,0.582503809726926,0.6860042013832951,0.741759698642471,0.7782595438243196,0.06152507493363113,0.3927414459334602,0.5287001791599502,0.6105834836626018,0.6910754214698714,0.5190313738032228,0.6399091653543907,0.6386212404654927,0.578284805874157,0.5012122979937094,0.7101097137322616,0.6659281785317213,0.755519728281745,0.37433475716879006,0.6558932739693168,0.6680519362138881,0.6465147315412297,0.595293487473884,0.0,0.49494582550310673,0.7782264455164223,0.5985735213647487,0.6829755259325749,0.677256738887097,0.6668469439643181,0.0,0.6636284999490558,0.5682846046815795,0.5860049264522944,0.6208996404896976,0.7662939922548286,0.504238096402662,0.635002854820137
0.4927497509006964,0.5281673922854415,0.6961624485534538,0.599369422465842,0.7591052666349931,0.6670646090947805,0.7465184187218321,0.5900570106050262,0.7827976922903384,0.3769164169636864,0.7461444131757191,0.39902097717376206,0.6384444464684477,0.8237724309702736,0.4075602966711651,0.529852287570072,0.6298420121815824,0.5183335510848237,0.7891260868765795,0.43349472896842994,0.5272437170817088,0.5758679260904944,0.4819731062994385,0.810381065220386,0.5240328665656975,0.6056098214942585,0.3841350209802885,0.0,0.563796233352049,0.575051091553175,0.550283315010943,0.3731798032192851,0.21427969769156774,0.27659574619048355,0.4868597467031657,0.9011739949412113,0.6194632803022607,0.25576217101298737,0.6764968524352374,0.3242074143346151,0.2247833392655453,-0.010300003208646435,-0.08495989804131254,0.062368802582912025,0.6413186578184168,0.60558087619772,0.6754729145777447,0.6991599482247097,0.0,0.6761454214363717,0.7888205435062352,0.6288169543173201,0.5927161325127628,0.6623587324035486,0.6560004640958068,0.5223202553002781,0.5090080648915255,0.6011537075354044,0.36840091377561157,0.5162763759872445,0.42194725963457225,0.21934212728876418,0.5518543559848104,0.7253264886139634,0.5859819412199281,0.5630262918605298,0.515876662779288,0.729627677565182,0.5536837487829516,0.6185688354233116,0.42122861258848354,0.695574293050808,0.656300710736951,0.7075929784464785,0.40422124902684564,0.5608969166983531
0.5627283431280753,0.4245162908939681,0.4243492357236406,0.5052213333089406,0.7024289943266417,0.5108911773968579,0.7162830177551285,0.5177594658804896,0.29744878419826537,0.014687437575480244,0.444769120720075,0.5897033810506459,0.6248701303761535,0.3933846507986265,0.42293287183553435,0.3713559371677555,0.19237315011309566,0.46592881507535777,0.6438310372227938,0.49353569629516847,0.5040240003846682,0.278903639318102,0.442125281075344,0.646469000048264,0.4855954781318377,0.5301683710151273,0.7455342310871941,0.563796233352049,0.0,0.45811756172414986,0.569758048852032,0.3227233216457903,0.30842053087221866,0.4789363877815157,0.4407673601913007,0.5605321666149491,0.5463891323325651,0.5912293070911813,0.6765374119540117,0.5957700177574634,0.6551907240906656,0.6342529276164481,0.31164935040817654,0.5387716721398542,0.63298486250843,0.47968110425933086,0.5523708734661891,0.6254752227678775,0.43430412474608915,0.44337790508024644,0.7284337614739143,0.5996008068477678,0.5850372871113961,0.668705513617595,0.6587470523800529,0.43655390663561977,0.5709526843133371,0.5518760135670828,0.7706668680076487,0.5117178279438986,0.7776421506557225,0.48147161017233836,0.5920279510271547,0.5301530772589688,0.523567663854747,0.594773345238564,0.4441360123013933,0.6544558218449018,0.44869095846260443,0.7016383406260305,0.7228943714651147,0.6718794551850154,0.5799601380739381,0.6790401957628953,0.3694303747505045,0.5502185312658123
0.628766390690628,0.47009872939910957,0.6643968067063407,0.43579649980051877,0.49841693887783245,0.5793169978539646,0.45900673104373235,0.5505203990150314,0.6683449584117319,0.40489212348939563,0.528042783159714,0.2923998704656817,0.3065749575643117,0.8457642547318509,0.4239705300021007,0.4707593726992136,0.20640427948625253,0.4691963878086667,0.6247998457408108,0.4873634386487406,0.5457840054042634,0.4415602988133738,0.5513328208285841,0.7987945450294827,0.3330815648555038,-0.02449368858729936,0.5181784278408288,0.575051091553175,0.45811756172414986,0.0,0.9160838267724876,0.5508140179307197,0.5243156022480591,0.7276511538099963,0.6288807514525679,0.5064413824606446,0.28740196447558874,0.5652916239578308,0.6943757949257365,0.5018853550256621,0.5700342923639341,0.7591772936886978,0.6118288057234271,0.078911477461047,0.0,0.0,0.0,0.2220425332834488,0.0,0.0,0.6491367201547182,0.552981830041499,0.48226563968865893,0.6324935253762152,0.5482530620672943,0.0,0.013641069302631311,0.49402700066468264,0.0,0.47630948382114524,0.0,0.0,0.946429777917261,0.8933089436289826,0.4314786569897661,0.22614166136847036,0.48605801044105706,0.7100776650340987,0.0,0.36896590621691683,0.472557217271136,0.7160923190755204,0.44271718962580464,0.5475859665946284,0.43428299739444004,0.4094514900689158
