0.0,0.4888435982156178,0.36346282105483674,0.0,0.41033346709364965,0.32734562942333606,0.5350109369513014,0.4334556051908063,0.25003850635658703,-0.061306984902509354,0.4611518719067995,0.1792035539080768,0.6209724917384749,0.3084535699067998,0.6741895906759285,0.7149876840936764,0.3829227538350527,0.4632636842582347,0.0,0.5423599322778387,0.271085762393071,0.5688881241020673,0.4850531645577952,0.45243633993605814,0.4529115946033387,0.5006922226693601,0.5662169817868499,0.5627887505298452,0.5642468423064282,0.7588079478184089,0.4294272811770837,0.5966434619726915,0.7638235462859744,0.46424650372244003,0.5100676333322884,0.5284238651403528,0.48930302855055874,0.49064453747526426,0.35300562624170784,0.36850477877149757,0.3551906002831476,0.4885881815189693,0.4637950835716599,0.0,0.4379118231078971,-0.16828190161165005,0.48744285566960854,0.0,0.0,0.0,0.46146206497442266,0.0,0.5664209612696933,0.0,0.49871658633957744,0.0,-0.3797464920382852,0.7171097003979033,0.0,0.08264844588242407,0.5842715481957244,0.2745900155467306,0.6223799464539693,0.0,0.4510684759329058,0.21685036098719024,0.5188044039976976,0.07081753324647716,0.371821331408193,0.48001724420785896,0.33461338896747944,0.43102725023999033,0.3915308842523967,0.5234789024139465,0.0,0.6202154755899307
0.4888435982156178,0.0,0.5982250028758092,0.3451429566713583,0.5155565194790641,0.38723907697367776,0.29636522935746556,0.5927783417129412,0.35176326255237655,0.27557412899891504,0.3209979329168282,0.31027441933787503,0.20586504365114244,0.5181375274773055,0.6437729775145989,0.7244864116155002,0.5671358346090003,0.5000071671857756,0.6437886071413861,0.5082380347577887,0.437078970344715,0.8035852891012043,0.6503199692404208,0.3910284286023701,0.509682464864985,0.5142585057342786,0.6087517488586967,0.22354177410462153,0.31647334358979157,0.4108396674628461,0.6376827132475902,0.5038006695559265,0.2613466399993911,0.5539024207097956,0.6281599293811964,0.4456900568400605,0.22775338192702904,0.0,0.5924353269922504,0.6648253567644208,0.5655204334645327,0.7087160787668333,0.6429834388100024,0.0,0.0,0.21501403104315198,0.6559475088715223,0.052094292594362504,0.0,0.0,0.6588554280680028,0.7192798709312604,0.490329564177531,0.5614661118616052,0.8111990560820367,0.0,0.45518710511979954,0.7326902808456874,0.0,0.7222063332299815,0.6598742235720526,0.7480841425881926,0.7156607767953629,0.0,0.6366887422056513,0.6439959354688005,0.8918232708145671,0.475871761708548,0.27224201969378675,0.5886768494766735,0.6016636623934848,0.7917766187051268,0.7486327398037815,0.6464664309608881,0.0,0.6778827375383626
0.36346282105483674,0.5982250028758092,0.0,0.47527297236153176,0.5187493684882317,0.03212893544223677,0.5320420637457723,0.791481195260233,0.192902308033081,0.42193515200341514,0.5930201935583217,0.26533389143339414,0.5333213355593972,0.7217092849696449,0.3301519504930903,0.44854144004880214,0.45960512452988306,0.5108619393198068,0.22916229145379144,0.39353411190323756,0.40330791913548103,0.6249781244781591,0.29984842316049504,0.40053781585067977,0.4861713776794323,0.44832385895729343,0.21217753350047763,0.5706835366185387,0.801173742684206,0.5726347641458452,0.5729654283059323,0.7556012602279512,0.5042259735599006,0.5147076638559779,0.5532586209970838,0.6946678541296403,0.4310897839366019,0.5008832305884403,1.0353302509429874,0.49685920417816765,0.5269613407439615,0.5436910198566687,0.8806840055701273,0.6767742435794631,0.0,0.0,0.20707756940817557,0.21638422354043807,0.4821771014370835,0.6707500536939706,0.7471773636735514,0.7333663825256777,0.8401700627013202,0.8390660384467676,0.3765275446758749,0.4825385411160626,0.47417519616785997,0.8098656721228633,0.7101904691867689,0.24625917996456176,0.0,0.0,0.0,0.3614468790893925,0.6445337253838022,0.4519413027247886,0.09993194321507716,0.056791944161407926,0.0,0.6302534097333511,0.3473611667127409,0.6313873465570663,0.6282783753741787,0.6674755537531594,0.7005322175200615,0.5536195789019321
0.0,0.3451429566713583,0.47527297236153176,0.0,0.185526707765541,0.40660166831897737,0.06311045248090935,0.4840920986775167,0.5430608404968428,0.43461460043909605,0.42621599698099777,0.754323920327289,0.19137555963122488,0.5604020796600397,0.5872832320955359,0.0811314079531664,0.5751057717592698,0.46405688776443266,0.5880422976062822,0.5906872748421848,0.3970333317933662,0.5237932892223474,0.4964692067232416,0.25320833488814454,0.8766084040534836,0.6000946351813017,0.50319694055582,0.25743466586998087,0.45399416575568863,0.5055183811302582,0.32302627417982244,0.2485052757663037,0.07815737164208221,0.31071882558413216,0.4831946759534319,0.37876484929366405,0.18939771292725247,0.28806102654988786,0.18243962238182432,0.31146202977033116,0.38533938227391556,0.2943095159592438,0.24323288843527946,0.1251613445377725,0.0,0.0,0.0,0.4075164773423895,0.0,0.0,0.5911469404081848,0.0,0.46281724094226967,-0.00014318565586286802,0.0,0.18202271709957846,-0.03753253233242421,0.4546740541103004,0.0,0.0,0.0,0.0,0.0,0.0,0.0,0.0,0.4840427383830114,0.6056066927596069,0.0,0.0,0.0,0.6878958321481996,0.5459455632931645,0.5837689958188159,0.0,0.0
0.41033346709364965,0.5155565194790641,0.5187493684882317,0.185526707765541,0.0,0.57357501972869,0.4198890610419632,0.7422163434345515,0.5293376135004888,0.510586600784692,0.5714689298863236,0.3884298126122614,0.5322297089253876,0.3678895242631041,0.49324092204881287,0.6341175422068474,0.5810963238803776,0.4387576671371396,0.6869527768092596,0.5503140524293025,0.5165039932957766,0.574090476985835,0.30137441887423966,0.25112881171004964,0.39904781773559117,0.49081845849909433,0.5501246191379554,0.4162998564457225,0.5634306745332462,0.47057953710666395,0.5541841781992904,0.44744374596070785,0.7211041459671743,0.5469396972855061,-0.012252742914550196,0.3244241426137102,0.42600386635225196,0.3884350987249913,0.8646882088536656,0.7005078169861221,0.5766490925503557,0.40759831902966187,0.7371944434203793,0.6540443020739919,0.2661959727605423,0.0,0.4250749276575095,0.781727191253944,0.0,0.5696971547540657,0.8254201028371401,0.802514431392847,0.7989860371379501,0.7536224091197643,0.0,0.8883666640023966,0.36200456221833865,0.8328010702036891,0.5030600117782433,0.2586336142178921,0.45629152038564663,0.0,0.0,0.9154147113382605,0.32574418939858296,0.4922156998475099,0.35124630328504736,0.7348990727857077,0.0,0.498270426395488,0.572725111907995,0.6929471574309624,0.715957701833896,0.4574750770152065,0.0,0.5318564174066713
0.32734562942333606,0.38723907697367776,0.03212893544223677,0.40660166831897737,0.57357501972869,0.0,0.3905122445075513,0.5512417866846351,0.5542953113931968,0.27849011697568693,0.5832416959793438,0.350433012313654,0.33678425321444483,0.3867104700410574,0.5963057516769648,0.6727511862768563,0.21585817641941907,0.4690133794224556,0.3949255040658415,0.4290535733971843,0.5163160562938001,0.4567749415544587,0.41281908668529665,0.0821657744530033,0.4757421750681564,0.5213106175674875,0.1399131957065992,0.4779488877323427,0.6031325683238824,0.555723410213465,0.48433887204135717,0.3932220554330722,0.6866295242595285,0.42951694248146444,0.5334971361721877,0.24073268332487374,0.40474006492579173,0.3196143992511551,0.8833017234139222,0.32790356229472883,0.6070452403127795,0.2832380315641421,0.6160098571908419,0.3603983682920048,0.1970212839346585,0.468921290205436,0.5063885420248608,0.7313495271689301,0.5628716554012438,0.6814165533372334,0.7628864360965666,0.7892363986296016,0.9014713034358255,0.7995262051849892,0.7134341909547395,0.7723353470811738,0.33261879253294024,0.779473259686795,0.86918249152537,0.7386349539290941,0.6133314069829827,0.0,0.6532526676044109,0.6750331408032322,0.6676350396704971,0.43059496790232776,0.7910291990213592,0.692277414087169,0.5819041887314298,0.5496998659442981,0.48515715185961794,0.7160039251269728,0.644142094779312,0.7217323200008918,0.5096209164107236,0.6870644978288626
0.5350109369513014,0.29636522935746556,0.5320420637457723,0.06311045248090935,0.4198890610419632,0.3905122445075513,0.0,0.48822929275713783,0.6837832365293304,0.3335079659982145,0.5782686009819946,0.45061319324899396,0.7208804791207475,0.39166033335374956,0.5175247897957113,0.730737665960161,0.6193541760685577,0.5345532147556022,0.5544266653718128,0.5259614545694513,0.601937460098241,0.6422470167521688,0.4501277224182811,0.4811487530056898,0.5479158259772294,0.5820304049101881,0.4052618952946196,0.5793487190125748,0.43503999848416175,0.4583771936534411,0.6624761051619852,0.39846355915071785,0.9301444387244451,0.6880334273318455,0.8045446887780672,0.2515903949188772,0.04789505803766958,0.4214696865234054,0.8550080011063023,0.4380182565511807,0.7684384012313179,0.807922586475186,0.49826111341326307,0.8870154348414377,0.3501719914694631,0.0,0.6751737319934024,0.5948794227062966,0.0,0.5585377139406119,0.7203120917124577,0.7457678580415525,0.717428302655819,0.7897833811087257,0.5862549647316257,0.7445975266977187,0.42954532639591253,0.6568161311916825,0.348675975568319,0.32982599792027134,0.6282913284292627,0.0,0.5110581727915907,0.702857447171984,0.7421623876620653,0.4975745656476662,0.6169968046303431,0.6459309458162321,0.46814183947660004,0.8199068373453198,0.555249379553796,0.6624896958537152,0.6909418517217429,0.6362084559107903,0.9248122206412188,0.6292503230096536
0.4334556051908063,0.5927783417129412,0.791481195260233,0.4840920986775167,0.7422163434345515,0.5512417866846351,0.48822929275713783,0.0,0.7671519377597755,0.3641832319109737,0.8964574781869435,0.48489783400443476,0.4882243836077672,0.7689981887504267,0.4939527779089681,0.677572180670992,0.46393467645297537,0.5869823865069241,0.9980780570107559,0.4780981341450915,0.20477294509130745,0.7112990108118946,0.3665563499124972,0.3896046836774878,0.5360486016271453,0.4591027706540748,0.5767541409323265,0.5084471652012341,0.34296568130838123,0.5590427815206058,0.5576591144070746,0.6842497537614685,0.5738776313501787,0.5407005866092673,0.4980250273859087,0.7897802026017291,0.6155873694877441,0.5777139405473558,0.9595677262001128,0.41035227236550464,0.4574737656941865,0.47263122579359573,0.8211188698590415,0.5225548847579231,0.0,0.5493610478996832,0.32837183987839824,0.9004488106950655,0.0,0.6054977882893602,0.9274408277249936,0.9617656210241257,1.0615350438151243,0.9074058486007455,0.8198349195380092,0.873447534573742,0.966448359096109,0.7860169315693688,0.9826720257769024,0.6144803271013747,0.3772311338360579,0.0,0.6496996122796321,0.8609628043537524,0.5079225698628577,0.7211738964974559,0.4594297461144594,0.7546808011027715,0.0,0.08990832644496671,0.0924957206075841,0.9004144276270919,0.6371594177770883,0.8319526919004536,0.5290834264929204,0.5933457089227065
0.25003850635658703,0.35176326255237655,0.192902308033081,0.5430608404968428,0.5293376135004888,0.5542953113931968,0.6837832365293304,0.7671519377597755,0.0,0.5415636672116833,0.558543845404245,0.5165493710029576,0.52884975908067,0.5805664197064311,0.6337631186661645,0.731217380300323,0.46614065223657947,0.393314669438971,0.22163741063846443,0.45151627325891674,0.41940621168985537,0.5363055372429114,0.4315059767772277,0.3211805924621515,0.4124386396339086,0.5599665280143957,0.2843931586483357,0.5695440156179251,0.3983887594809081,0.5791024383107277,0.5465058399935185,0.648642471336288,0.5005022645205683,0.5742366469102538,0.5443960509501696,0.5307706205681403,0.5413388402410011,0.5116321327882402,0.9899802183186501,0.5333969214184885,0.7642058096682983,0.3280073554824895,0.7051150623093292,0.2441740113275971,0.28520795767542023,0.0,0.34757738096457486,0.6838765424474593,0.48136405263073845,0.7642758894430848,0.8289425501706319,0.8115232205482887,0.8069142951136957,0.6846630269345453,0.21752042710495328,0.8138005606928796,0.2669106295613258,0.7318951836462282,0.47168925143138957,0.43573759831369974,0.4944055254971361,0.0,0.0,0.7326249807953911,0.6090316339077778,0.6854111359019369,0.5711927655848812,0.7124275749047838,0.32882759614843415,0.5043312508994502,0.04457045912322133,0.7228028681472505,0.5798236930989724,0.5661788531381297,0.49660706663425147,0.8229251806604513
-0.061306984902509354,0.27557412899891504,0.42193515200341514,0.43461460043909605,0.510586600784692,0.27849011697568693,0.3335079659982145,0.3641832319109737,0.5415636672116833,0.0,0.580810075639845,0.5286358853084592,0.28069232254716675,0.6635618328841602,0.4754489453277394,0.36838052850484326,0.585326183975014,0.6836892763843084,0.5458857319543727,0.5305157891517556,0.596832386587901,0.4582447330164242,0.39776115313647975,0.3076717350192564,0.34384708644939915,0.3110002773971893,0.3416553440004726,0.31112342218358946,0.32805589512939615,0.40840721380523287,0.3605555708552405,0.11824612442935256,0.27511617999489096,0.4673701460417959,0.1304465998833674,0.5208345627311026,0.2838422682098163,0.25138155567133935,0.2938623312103624,0.3455767933719285,0.5055728546104221,0.17890785335070886,0.3191912233170344,0.3348898385191831,0.26274039663450766,0.6077490635247856,0.849122898295124,0.16473457239311914,0.49274422709538374,0.455737015732706,0.5216952055206148,0.4445392176388041,0.5680011477095411,0.22529129486750132,0.5700524852190452,0.43712287438676634,0.6394927956648053,0.6021752052482554,0.0,0.9079908558493253,0.5770308171026648,0.5673892174496058,0.3459319958870325,0.47815822004075814,0.471015459523981,0.5580742167951557,0.3292565522879971,0.6319813897958544,0.6018384868739286,0.5284035305697221,0.5414936403655253,0.7066854977918428,0.5425531684926423,0.39709002895923007,0.0,0.6250546756357485
0.4611518719067995,0.3209979329168282,0.5930201935583217,0.42621599698099777,0.5714689298863236,0.5832416959793438,0.5782686009819946,0.8964574781869435,0.558543845404245,0.580810075639845,0.0,0.6313111937196884,0.6106806171898673,0.36715065720623863,0.0,0.520753359402095,0.5017770873620502,0.6095568320109996,0.5485251628294384,0.4546512547225394,0.5446668122676024,0.3899185882408316,0.426036092400887,0.4527464021062201,0.5769739751807554,0.5856990397866424,0.5259266496364554,0.5746736979231186,0.3788152369033153,0.5475247068752194,0.5658213125875949,0.7304854891707866,0.34432478291870655,0.649759647461682,0.545387463902222,0.9357609297740673,0.7343217561428813,0.6316417830552763,1.129283176076986,0.5503735427634866,0.5335995748980003,0.4849912706583844,0.8746575361666122,1.440221213484496,0.19434835905710424,0.0,0.0,1.0162694902817326,0.47159424576023223,0.29507085352774337,0.9844761693899993,0.7431879697321913,1.0151374697757838,0.9705283012876775,0.5061038047692379,0.4496432199974073,0.41761248014685937,0.954716108342876,0.7408453725363244,0.0,0.0,0.0,0.0,0.34954035017227747,0.36147431891596926,0.0,0.6745258897741233,0.7656289992644147,0.0,0.0,0.9568887916191333,0.9769258467247512,0.6025255860168557,0.3588073957582113,0.0,0.871878670822895
0.1792035539080768,0.31027441933787503,0.26533389143339414,0.754323920327289,0.3884298126122614,0.350433012313654,0.45061319324899396,0.48489783400443476,0.5165493710029576,0.5286358853084592,0.6313111937196884,0.0,0.3348730319829777,0.6291600905291082,0.4063005555981365,0.46784570201096615,0.7449747285586898,0.7855214147840055,0.623726080553284,0.18412347337792478,0.5959566826766087,0.2662409402332465,0.3026796140751981,0.5402755365716164,0.30602842614820563,0.2767385963977107,0.4298083870221582,0.5073415804751491,0.625717178723242,0.30243695057633607,0.37314549975314637,0.25634132878654975,0.40942688848541164,0.51464585249377,0.27629829902015823,0.4381796906948048,0.15959048084386235,0.3673045703575771,0.4680177708001355,0.506362257661457,0.6105198332243467,0.3189778499833612,0.3657555947367683,0.46455388857363933,0.4668356390662646,0.4607459797051131,0.9016557129824121,0.2816925757762433,0.1929094843905639,0.2955058917503093,0.33153186313774874,0.5016134933081036,0.2327248735905907,0.425341148471308,0.6097185882300383,0.24859297687558823,0.40562699611142855,0.5442422555401982,0.7197412996009951,0.6415064740934106,0.5382767770174324,0.599049981578508,0.5317515749852084,0.33610975663989107,0.7699648257590695,0.7732429923334245,0.4007639479849174,0.9470680461640703,0.5112882730502585,0.5682144996433263,0.47324081827332265,0.3376102533437221,0.6470698724995632,0.5307036277723645,0.0,0.7022148603543511
0.6209724917384749,0.20586504365114244,0.5333213355593972,0.19137555963122488,0.5322297089253876,0.33678425321444483,0.7208804791207475,0.4882243836077672,0.52884975908067,0.28069232254716675,0.6106806171898673,0.3348730319829777,0.0,0.7152480674373578,0.6282349270874522,0.7099441516794005,0.3920752804348011,0.5837564205073371,0.5889603740909842,0.45412736040797186,0.5214722299329941,0.5718395335225386,0.47730801431862235,0.16436469587082847,0.5710675554432982,0.4756791567580146,0.41375661385518775,0.40793998282052274,0.3785991851288709,0.04549578648168234,0.459555655628605,0.3577695107516875,0.24632183209138309,0.45813369547077537,0.5385842008648334,0.3054060921751036,0.12189578905704357,0.35032027892248807,0.6739972690814019,0.5260599575399532,0.9385851021761195,0.8368528719663083,0.6192642238682559,0.9518964738998059,0.4403213038074839,0.6439030917130422,0.7097355064243499,0.7735734664174136,0.0,0.692604249640139,0.7352022120013333,0.7551406628410051,0.6683638992269257,0.8462641754955479,0.5634208959009471,0.7646640650932046,0.09352231968363389,0.8148272553011231,0.41357878817327925,0.6539496301109324,0.5829048763156275,0.40138474292407644,0.6166788762634496,0.7676863048976241,0.6190069003167806,0.598140883064094,0.8332058864770623,0.6926615586355231,0.49473877099997754,0.6539023518596657,0.49570490783663296,0.7221074697131118,0.7388472649848447,0.7439049292050646,0.6013592058505872,0.6909644791280471
0.3084535699067998,0.5181375274773055,0.7217092849696449,0.5604020796600397,0.3678895242631041,0.3867104700410574,0.39166033335374956,0.7689981887504267,0.5805664197064311,0.6635618328841602,0.36715065720623863,0.6291600905291082,0.7152480674373578,0.0,0.4917317201201477,0.5620756295454007,0.49184510101021267,0.48004181164535037,0.7932094190781982,0.3770109935042783,0.30270681000063343,-0.08037573147432273,0.5039274486408208,0.5511672485403766,0.4890638871150236,0.37326305022071593,0.42062092943845014,1.0839833162212156,0.12239451343276034,0.8252850907650175,0.5198661103303565,0.6575577225249885,0.2380844906068345,0.6624379195613332,0.3488933968928327,0.6226052165853706,0.19139259932216557,0.399636025649067,1.1582680832962764,0.0,0.7071931179710604,0.8521121317380231,0.5549409468746379,0.4814368982177137,0.0,0.0,0.0,0.6943864406966151,0.0,0.49669225853352394,0.4476922247322537,0.40890867745375914,0.5788448774027151,0.6619613370152596,0.0,0.9945432595993109,0.40545389532589715,0.7478070599790014,0.4590969982288171,0.0,0.0,0.0,0.0,0.4876226942484493,0.0,0.0,0.0,0.5940311695696149,0.0,0.0,0.0,0.9726600161839907,0.7589988714405667,0.0,0.0,0.0
0.6741895906759285,0.6437729775145989,0.3301519504930903,0.5872832320955359,0.49324092204881287,0.5963057516769648,0.5175247897957113,0.4939527779089681,0.6337631186661645,0.4754489453277394,0.0,0.4063005555981365,0.6282349270874522,0.4917317201201477,0.0,0.7756004972227609,0.41654239131061555,0.7178798439049765,0.0,0.8252411964936253,0.6610435940769874,1.036941337088944,0.5486080631707146,0.6678406004859876,0.6632971128733838,0.8528988447297208,0.5263335905843292,0.5901552443520659,0.6910790388104997,0.5214351776679809,0.7958064113299805,0.7127305938678947,0.7907007525374052,0.8060136669310971,0.820503284537111,0.6249582419044057,0.45956455362034565,0.3764738156889754,0.7098317778095056,0.7025766739766086,0.7378861718208058,0.6516401040725803,0.9131630791331913,1.4366736767262682,0.0,0.591416160725702,0.8127481959731606,0.47826561628527287,0.0,0.0,0.5938468618053139,0.7148783705623933,0.6454327323599246,0.5608011167009677,0.0,0.0,0.6930456183729146,0.7748417300759638,0.4744288481665726,0.8471631495551468,0.8494799113775361,0.6321077896072422,0.9912837515492925,0.0,0.9776049351059751,0.635166708784417,0.9338424038100488,0.8167323423960057,0.4553625715045807,0.616942071652558,0.6605487766541296,0.7706424689883207,0.7300543990854289,0.8167910415699088,0.5349731741465038,0.7857763336900433
0.7149876840936764,0.7244864116155002,0.44854144004880214,0.0811314079531664,0.6341175422068474,0.6727511862768563,0.730737665960161,0.677572180670992,0.731217380300323,0.36838052850484326,0.520753359402095,0.46784570201096615,0.7099441516794005,0.5620756295454007,0.7756004972227609,0.0,0.4948686450639878,0.745394531086589,0.4536075098750523,0.9044994906535169,0.6603902156461412,1.0774986817621521,0.6987078971492665,0.2555664694734755,0.39702877127941116,0.6804012254197878,0.8212308166445241,0.7732979890898092,0.7662900206956573,0.6952456443389814,0.4489065226752071,0.49881844525396224,0.5130734464817368,0.516399289099803,0.3640568602342471,0.6659426247018476,0.3969551996891121,0.6131073621747629,0.8004437896429077,0.5654196975670682,0.7419953297828674,0.731253686059135,0.4653046288193082,0.0,0.0,0.3390747590311829,0.8380054278356507,0.0,0.0,0.0,0.7186935580984791,0.6013519236233051,0.8074534036501693,0.0,0.7656880530067729,0.0,0.7152383646901257,0.7795793967975589,0.0,0.7746788001061791,0.7934386496166126,0.6700086914167334,0.7420915204102916,0.0,0.795186562519614,0.6886886414375548,0.8983854346287918,0.5472344696713101,0.171985038411594,0.7608571898193095,0.7489639243927049,0.6711388106065719,0.782704294860749,0.8560347066691192,0.0,0.6273710739602405
0.3829227538350527,0.5671358346090003,0.45960512452988306,0.5751057717592698,0.5810963238803776,0.21585817641941907,0.6193541760685577,0.46393467645297537,0.46614065223657947,0.585326183975014,0.5017770873620502,0.7449747285586898,0.3920752804348011,0.49184510101021267,0.41654239131061555,0.4948686450639878,0.0,0.7817143427840461,1.100415709963773,0.6109141031875511,0.5682603624555758,0.7627830388857058,0.5031840659775282,0.6109282976903707,0.7102263939112412,0.45430359722498603,0.544744173413686,0.7865538461296376,0.3794559125807202,1.080588512701598,0.6091730599364458,0.5506738786470522,0.548184986311983,0.6709901942615679,0.4731195846826327,0.2900089169447773,0.24411119461219916,0.581466217357548,0.6718555470135603,0.48229913088326,0.6330224677480218,0.5422416465038498,0.0,0.0,0.46412847653280354,0.629571159031281,0.5492174980361462,0.0,0.0,0.0,0.0,0.0,0.0,0.0,0.6526978516550451,0.0,0.5855198545137892,0.309562937707901,0.0,0.7861285514076208,0.4166022873494455,0.6262587322092718,0.5337031797939101,0.0,0.0,0.0,0.5391309446488748,0.0,0.6321718053844684,0.7519633636194311,0.6980033920760331,0.0,0.3025469644328481,0.4814695135559741,0.0,0.6104153812522759
0.4632636842582347,0.5000071671857756,0.5108619393198068,0.46405688776443266,0.4387576671371396,0.4690133794224556,0.5345532147556022,0.5869823865069241,0.393314669438971,0.6836892763843084,0.6095568320109996,0.7855214147840055,0.5837564205073371,0.48004181164535037,0.7178798439049765,0.745394531086589,0.7817143427840461,0.0,0.5054131946898909,0.656832903133204,0.6301976155829947,0.5831133295431783,0.6334127843348633,0.43649558791770027,0.5819959248658577,0.34275257517590874,0.627716549044002,0.5992777871424191,0.4715732733008964,0.33846442604090843,0.5134475927021687,0.3551179888212872,0.3146298602745869,0.6177204025561882,0.33304940199121924,0.6033337973965327,0.25851688722282595,0.6605239260745854,0.6579613651381336,0.4746902188484699,0.5998778753553629,0.6228892667456538,0.0,0.0,0.5733968414450563,0.4266815391023967,0.7727307296337025,0.0,0.0,0.0,0.7715933047471817,0.5725821092985227,0.8464986171535978,0.0,0.7578017967629653,0.0,0.7300122621210277,0.5342440268402721,0.0,0.619307869025131,0.651067741476051,0.7403122688524351,0.6712812082275785,0.0,0.6034629540819194,0.6636808704348345,0.6999747327468018,0.7715785929819432,0.5759581476803064,0.7399315351780327,0.6895401615945698,0.4898344002402443,1.155388522205961,0.6542618097436801,0.0,0.7271251460177373
0.0,0.6437886071413861,0.22916229145379144,0.5880422976062822,0.6869527768092596,0.3949255040658415,0.5544266653718128,0.9980780570107559,0.22163741063846443,0.5458857319543727,0.5485251628294384,0.623726080553284,0.5889603740909842,0.7932094190781982,0.0,0.4536075098750523,1.100415709963773,0.5054131946898909,0.0,0.5561026679785037,0.44313392333185275,0.6955635392682993,0.25099367057855254,0.4408444628055572,0.40390221765984813,0.5330353501499693,0.19259463815703032,0.5752383685962167,0.5701784095169851,0.6150562728584035,0.5534693870810325,0.8321683602313328,0.03506963717402192,0.6004965202766328,0.7789523131048146,0.8275924474163054,0.5036972090779226,0.3652275302998689,1.1508587051346864,0.40147178307675435,0.4399797332310784,0.22589364200184903,0.9203942360069424,0.3463597421130771,0.4075017759808879,0.0,0.0,0.4545261172601669,0.0,0.7819902273757043,0.7640519284089475,0.8024505571254665,0.8961196000347391,0.8415542062426236,0.934305274730187,0.8919589603640945,0.5686050822203936,0.9129641295450794,0.7382158301104085,0.0,0.0,0.0,0.0,0.865900069797823,0.4765758649079105,0.0,0.49431137465608604,0.7646809669616261,0.0,0.0,0.0,0.8088179784815936,0.6410655353165289,0.4675224868530785,0.4749370122318953,0.5689637072623109
0.5423599322778387,0.5082380347577887,0.39353411190323756,0.5906872748421848,0.5503140524293025,0.4290535733971843,0.5259614545694513,0.4780981341450915,0.45151627325891674,0.5305157891517556,0.4546512547225394,0.18412347337792478,0.45412736040797186,0.3770109935042783,0.8252411964936253,0.9044994906535169,0.6109141031875511,0.656832903133204,0.5561026679785037,0.0,0.6876457455824507,0.7789322875942835,0.48118093754572294,0.6745586679779787,0.8328635902164856,0.6931768414700964,0.4287986872604494,0.47479930786252705,0.4693992342894979,0.5182860110483806,0.7240712293952297,0.6796084107740474,0.7962580993187809,0.8214423152129414,0.8385438861019329,0.7328394750487632,0.5001493151291675,0.8204509912665339,0.854618261945603,0.8240565479917438,0.7755098183045095,0.6117446589212324,0.5326851411339708,0.24376763582999633,0.21909717353654945,0.6247459422235435,0.6112010404927589,0.4970455753740091,0.0,0.0,0.6002322121851134,0.6257819853556084,0.7911478769072773,0.4438646907199423,0.939506318402137,0.0,0.5972122658816005,0.7480675808058279,0.0,0.9466527086089763,0.5921459320614306,0.46437340892109785,0.5981552787240818,0.0,0.8421173254911907,0.6350502197024392,0.9783304911243527,0.673517400775286,0.0,0.6964461325555151,0.48501455384398623,0.7009913970293605,0.6502970185373451,0.7574395235422103,0.7318122717999589,0.7830582566087422
0.271085762393071,0.437078970344715,0.40330791913548103,0.3970333317933662,0.5165039932957766,0.5163160562938001,0.601937460098241,0.20477294509130745,0.41940621168985537,0.596832386587901,0.5446668122676024,0.5959566826766087,0.5214722299329941,0.30270681000063343,0.6610435940769874,0.6603902156461412,0.5682603624555758,0.6301976155829947,0.44313392333185275,0.6876457455824507,0.0,0.5733075659623672,0.30526727786605956,0.3070438677284933,0.464230563152454,0.5511419074528914,0.3951143622250391,0.516254412336772,0.4600871186765396,0.6020063052385465,0.7121958979548495,0.44818102231542184,0.1714489628049402,0.5666485997979309,0.6614746625249366,0.22998481506755802,0.3540835347437259,0.548861574405669,0.4684314996780832,0.1914048655543918,0.4146606660046426,0.42786031027860133,0.5728724389454571,0.0,0.0,0.24027474032035015,0.7247964423079958,0.6600602929436824,0.0,0.0,0.6304129931052098,0.44273665975768495,0.6730007791790038,0.5535897256391986,0.5999841012721847,0.0,0.7434970891827068,0.6167064625746634,0.0,0.48931339896786474,0.6859244847667987,0.0,0.532244187206397,0.0,0.763151944038571,0.1747066787348554,0.6797113818607468,0.4605394005028542,0.8215693485757356,0.43689147648147775,0.571559973550785,0.5617450023595697,0.6697377300310807,0.7993070771965161,0.6697584500019634,0.5754810862593884
0.5688881241020673,0.8035852891012043,0.6249781244781591,0.5237932892223474,0.574090476985835,0.4567749415544587,0.6422470167521688,0.7112990108118946,0.5363055372429114,0.4582447330164242,0.3899185882408316,0.2662409402332465,0.5718395335225386,-0.08037573147432273,1.036941337088944,1.0774986817621521,0.7627830388857058,0.5831133295431783,0.6955635392682993,0.7789322875942835,0.5733075659623672,0.0,0.8155217498361423,0.11389454623295589,0.8132574523792595,0.8929837902675104,0.7157743756748891,0.6204559188102623,0.7394057557956895,0.0908614163013598,0.7027644261948722,0.7807059233603906,0.5281692651346293,0.8319043774677782,0.83462372829602,0.7465653307774596,0.686603505564076,0.6112624951654013,0.7756846185038877,0.7589680842314572,0.6491837396247508,0.780249567225673,0.5491247117639854,0.36170846655651034,0.2517689969224579,0.3595752662385729,0.8841876347255904,0.5830080593195954,0.4785135277556082,0.24568055652918686,0.7053704259143503,0.7596816176817773,0.7523502243116074,0.8018765773389995,0.4236923610679829,0.0,0.5500053392012929,0.6799518666933466,0.0,0.8651971648945576,0.7284797936611465,0.4103023772887334,0.7128386184758584,0.0,0.9217857085884354,0.6703294218151599,0.882406536473423,0.6677533159152245,0.7446192849259862,0.6673760684117453,0.7019479123046364,0.8123244950166411,0.8666503509157034,0.8630758461294027,0.5593620982150609,0.6973329081303081
0.4850531645577952,0.6503199692404208,0.29984842316049504,0.4964692067232416,0.30137441887423966,0.41281908668529665,0.4501277224182811,0.3665563499124972,0.4315059767772277,0.39776115313647975,0.426036092400887,0.3026796140751981,0.47730801431862235,0.5039274486408208,0.5486080631707146,0.6987078971492665,0.5031840659775282,0.6334127843348633,0.25099367057855254,0.48118093754572294,0.30526727786605956,0.8155217498361423,0.0,0.5090033447679554,0.5274577521912609,0.46810216817993844,0.3409029139196106,0.5016330207662762,0.49268674532262535,0.6175818460338376,0.5492857433928373,0.525099834494905,0.5921470303326167,0.5515519035922545,0.6478976361666581,0.38126473595519583,0.4802736601504518,0.20737968141403096,0.8155800464268455,0.5632084066816254,0.7318413197253256,0.7308695643220005,0.6525455259160188,0.4607045610615812,0.5800059673378373,0.18286813959596282,0.6486081084751769,0.5975219911155003,0.44757960116363105,0.8693045710907681,0.7493288754335863,0.7358019809399823,0.8337682036095566,0.7530916904243304,0.6380379359427308,0.8325174257468513,0.6583150431414598,0.7124277007109232,0.6716701721597211,0.7850633613630175,0.6991361622001206,0.4710154595239806,0.5234862462138323,0.6952344144704876,0.7163027964006214,0.6897598274603023,0.7923694839615285,0.7891953633550699,0.24236803132731377,0.6123389666067613,0.5538827239514703,0.6636195776114463,0.6468313142879201,0.7981556298739831,0.7770735081299857,0.682705109520092
0.45243633993605814,0.3910284286023701,0.40053781585067977,0.25320833488814454,0.25112881171004964,0.0821657744530033,0.4811487530056898,0.3896046836774878,0.3211805924621515,0.3076717350192564,0.4527464021062201,0.5402755365716164,0.16436469587082847,0.5511672485403766,0.6678406004859876,0.2555664694734755,0.6109282976903707,0.43649558791770027,0.4408444628055572,0.6745586679779787,0.3070438677284933,0.11389454623295589,0.5090033447679554,0.0,0.41286756148842535,0.19783958665287427,0.1595923882966562,0.10037842742825204,0.7116936314757781,0.8122130968573786,0.27635143513493193,-0.046508487083939454,0.31909187191801947,0.07054242994822302,0.11795214601546372,0.5326353617325696,0.025898300912805372,0.4640457758975191,0.25576557845492465,0.5403010468487952,0.6801070690885354,0.6219221788262811,0.5852330445215057,0.355028932966144,0.4351497124647046,-0.11356869344714149,0.47541397233378846,0.0,0.0,0.45975545610529517,0.5706187672575558,0.292381957736642,0.0,0.024850110687411567,0.5626836060988858,0.5481803729294791,0.6643109980996793,0.43400700961502514,0.0,-0.3337983314768705,0.562049250095958,0.48570982702992704,0.6001832268824152,0.4778961637440492,0.31965759711086095,-0.4951023023645693,0.1444567264885822,0.8260329595507465,0.27960954699005347,0.557571817352871,0.4680468584089162,0.5140045980657036,0.6781657760484092,0.6182167763208717,0.0,0.5949975550552086
0.4529115946033387,0.509682464864985,0.4861713776794323,0.8766084040534836,0.39904781773559117,0.4757421750681564,0.5479158259772294,0.5360486016271453,0.4124386396339086,0.34384708644939915,0.5769739751807554,0.30602842614820563,0.5710675554432982,0.4890638871150236,0.6632971128733838,0.39702877127941116,0.7102263939112412,0.5819959248658577,0.40390221765984813,0.8328635902164856,0.464230563152454,0.8132574523792595,0.5274577521912609,0.41286756148842535,0.0,0.2708947156353763,0.6478432223272693,0.6715038392462764,0.6832810241137057,0.35503944261040976,0.4632128515519284,0.1818092799465039,0.3411797423999286,0.4338856403682823,0.32473149419862457,0.6628201857836462,0.5903951613932816,0.5819160103137013,0.6367558115558305,0.5665899299613004,0.634802100841287,0.5371803567968203,0.09837921936272191,0.0,0.4583907586024604,0.36957002454509,0.757772984221661,0.0,0.0,0.0,0.7593942103662509,0.5671049229233452,0.6975276275116673,0.40841086180386343,0.7097689958050055,0.46580566952715696,0.7148842390577786,0.5042428024004253,0.0,0.7030487713492413,0.6778767912824328,0.6631293156972967,0.6761939449199719,0.0,0.7003619615898742,0.3754224563351395,0.8705859760982331,0.5080899562222814,0.4225360163102593,0.6959609672019449,0.5989685645104292,0.6875276865230247,0.8224433642148079,0.5621773065994341,0.0,0.6818702985743494
0.5006922226693601,0.5142585057342786,0.44832385895729343,0.6000946351813017,0.49081845849909433,0.5213106175674875,0.5820304049101881,0.4591027706540748,0.5599665280143957,0.3110002773971893,0.5856990397866424,0.2767385963977107,0.4756791567580146,0.37326305022071593,0.8528988447297208,0.6804012254197878,0.45430359722498603,0.34275257517590874,0.5330353501499693,0.6931768414700964,0.5511419074528914,0.8929837902675104,0.46810216817993844,0.19783958665287427,0.2708947156353763,0.0,0.6771185299647746,0.564568234112322,0.6487549458956514,0.5046210659895644,0.36963173561830326,0.5720004592243367,0.42895926423019376,0.5564824958215416,0.6860619261077258,0.41937944951890804,0.5116039703864317,0.30813427230375534,0.7108612016419946,0.58639302045884,0.7352723374401979,0.4866051483285566,0.19617096381462484,0.5437169017726186,0.4696822669271879,0.2531915894107693,0.7821603694135192,0.6673691273480342,0.0,0.002587010894056333,0.6724642367967486,0.820950767484051,0.5575502295549256,0.3913283495237633,0.5694841973006891,0.0,0.6158907522118238,0.7817229195572524,0.0,0.8128037830403998,0.6783598943340833,0.5152971057607135,0.5764270476619511,0.0,0.8594724832858316,0.733715585103291,0.9729708153438585,0.5730864064550824,0.19884843888692083,0.5825147690648368,0.5195721953906776,0.9215012521207676,0.6970736359231573,0.7268749922287261,0.4768424872592921,0.5629283365803117
0.5662169817868499,0.6087517488586967,0.21217753350047763,0.50319694055582,0.5501246191379554,0.1399131957065992,0.4052618952946196,0.5767541409323265,0.2843931586483357,0.3416553440004726,0.5259266496364554,0.4298083870221582,0.41375661385518775,0.42062092943845014,0.5263335905843292,0.8212308166445241,0.544744173413686,0.627716549044002,0.19259463815703032,0.4287986872604494,0.3951143622250391,0.7157743756748891,0.3409029139196106,0.1595923882966562,0.6478432223272693,0.6771185299647746,0.0,0.4850326977689371,0.5716334663435747,0.6332149425901912,0.5873541190428416,0.5065150146621782,0.707484163729182,0.6175571999837939,0.6994344611322648,0.016573945222451536,0.4975050315678436,0.28665505848545647,0.8209027316731365,0.4865624894357812,0.6260113591838492,0.45495111985581704,0.5410196896789354,0.7837930781094948,0.40537777242175976,0.4483315039227086,0.5966646571403,0.6630868378200302,0.4676402688473109,0.8634834589049079,0.7514517459211048,0.7242871875119316,0.760080897399247,0.7495969916877543,0.7036512937329005,0.8305452916069054,0.9078965014279365,0.7179878860686667,0.7721547847269694,0.7466764168430823,0.6648363555256349,0.0,0.5135407432146614,0.8305360780365831,0.6806880807067104,0.6391782628217612,0.7429447937001559,0.618876912929438,0.0,0.6086721279522792,0.5958999314360257,0.6469967865921984,0.6415803100155123,0.7191624673686259,0.6157471068568414,0.6666373098844514
0.5627887505298452,0.22354177410462153,0.5706835366185387,0.25743466586998087,0.4162998564457225,0.4779488877323427,0.5793487190125748,0.5084471652012341,0.5695440156179251,0.31112342218358946,0.5746736979231186,0.5073415804751491,0.40793998282052274,1.0839833162212156,0.5901552443520659,0.7732979890898092,0.7865538461296376,0.5992777871424191,0.5752383685962167,0.47479930786252705,0.516254412336772,0.6204559188102623,0.5016330207662762,0.10037842742825204,0.6715038392462764,0.564568234112322,0.4850326977689371,0.0,0.4590922676642404,0.42801991838827813,0.5120416129570483,0.3692822936971669,0.2655238507883522,0.3664344778899529,0.3561154341782598,0.3145412203373911,0.2175564146609438,0.4401549425155996,0.9954219938996434,0.3426991872042149,0.9370128804455579,0.4355023995246963,0.6218999891043255,0.34544351716684013,0.660971512815636,0.5693713420263634,0.6933746511555496,0.6705936141312381,0.0,0.6886569281508366,0.7219657251244045,0.735913915164813,0.721857662993339,0.6431386589791259,0.6643593338997005,0.6152830096433672,0.38259883155728924,0.7532252606903207,0.3395914211339785,0.7142625472076487,0.5904482494173664,0.18828868032684185,0.819061890784142,0.8198678300165168,0.7604274831602813,0.6649337817355341,0.7711151557423792,0.7045452545793112,0.5429126324865453,0.7255908822410371,0.5054519755421448,0.7255987876798066,0.7286956473204882,0.7295514927860236,0.7903137547118438,0.684379972831479
0.5642468423064282,0.31647334358979157,0.801173742684206,0.45399416575568863,0.5634306745332462,0.6031325683238824,0.43503999848416175,0.34296568130838123,0.3983887594809081,0.32805589512939615,0.3788152369033153,0.625717178723242,0.3785991851288709,0.12239451343276034,0.6910790388104997,0.7662900206956573,0.3794559125807202,0.4715732733008964,0.5701784095169851,0.4693992342894979,0.4600871186765396,0.7394057557956895,0.49268674532262535,0.7116936314757781,0.6832810241137057,0.6487549458956514,0.5716334663435747,0.4590922676642404,0.0,0.5017999788296903,0.5688631752937199,0.2553395429852999,0.6139962071444585,0.6520528365642404,0.5438841698552426,0.4878541816883741,0.3517279684477208,0.5393948210147768,0.7048396125306099,0.5402004648306489,0.6810590287994545,0.7881482898561534,-0.19122717231604555,0.7395538411959697,0.6301110464441246,0.4033344597934314,0.6096809859062681,0.548473058566312,0.4516882272313112,0.4679869904658309,0.6550553778317942,0.6554883876515742,0.6715032210518986,0.5383382776799579,0.6321213030594366,0.43855121177769585,0.5610223005651173,0.6561889020693615,0.7488187096146945,0.8113590958099473,0.7284819895995926,0.48089559233727464,0.577335635038106,0.5105039366074346,0.7459751081937582,0.6042122741006282,0.938930664089362,0.6290364042976296,0.4900410824538829,0.743984489320731,0.6196286971509353,0.6773702962482209,0.6517171722075474,0.7259840221244173,0.7129726221127853,0.6408875403150558
