0.0,-0.024261796305024064,-0.0017673554095394839,0.0,0.0005538818945501345,-0.025601681217985783,0.004480162270152355,-0.023391180288598157,-0.02600877173872429,-0.10095577084106311,0.0013302535566022677,-0.05166044349170007,-0.0033609431822586022,-0.02073354575550518,0.017344232631805734,-0.003366135414561211,-0.003448370549188562,-0.016031304199088325,0.0,-0.012455038788338202,-0.031018021583517186,-0.007356367088980353,-0.018096176197435532,-0.026527294932625567,-0.008105231091647735,-0.02307777195434141,-0.011274597930536756,-0.001028910121095794,-0.0036536339331202927,0.010201187760106423,-0.02780347762617974,-0.011232065860648954,0.01968612603902581,-0.00995796842057256,0.0012231623402505498,-0.015627211713521216,0.0002361581882913688,-0.006108562227049419,-0.025085013172882975,-0.02843850009469151,-0.020519034341344944,-0.011014614950426271,-2.7148099107143775e-05,0.0,-0.001730666679240711,-0.13806066551290314,-0.015914152070030774,0.0,0.0,0.0,-0.007128253337911616,1.1102230246251565e-16,-0.003106176946720496,0.0,-0.0071530809921369065,0.0,-0.11066288912685524,0.00026425788320177945,0.0,-0.06472846664411991,-0.0037104615746712533,-0.0027879925545571393,0.0034802117841617464,0.0,-0.0034350604764792347,-0.09039346567433737,-0.012528158604404316,-0.046403322360691224,-0.04620491726252507,-0.017926166792136877,-0.03729828130450524,-0.0024603425673522805,-0.0001819528393009473,-0.0036159380403208985,0.0,0.010831615638386916
-0.024261796305024064,0.0,-0.00045044756725071133,-0.00011537758221441541,-0.002400759230969496,-0.022146639492536202,-0.04188677733082358,-0.011181271100363321,-0.020086144975288933,-0.02566519062263556,-0.0004259847039236875,-0.01660188809731933,-0.05626953137665053,0.00010463492510703887,0.001279622352940324,0.006957495134789438,-0.0034384298795432366,-0.018577152194979463,0.0012094412706785684,-0.011388661179631332,-0.02580863355894275,0.014859599269630042,-0.005413673465344604,-0.004961621217678458,-0.004115280686329437,-0.0014612012168087052,-0.0016970207765930057,-0.04768807287180632,-0.02427362666846339,-0.0036777771696747674,-0.0012960261139263185,-0.007762534673104504,-0.030254761900145477,0.00023350101472646712,0.0069291599473333965,-0.004010583367364984,-0.00022898831521184215,0.0,0.004789427664208479,0.005094537360614437,0.009781641216604686,0.009468219665397348,0.001231079950297198,0.0,2.220446049250313e-16,-0.05221684249680514,0.005889775633476757,-4.8503677782141263e-05,0.0,0.0,0.004110861494109386,0.01104181021397932,-0.005195042230195457,-6.368958917801759e-05,0.023044522332061612,0.0,-4.906239500396259e-05,0.011771109414384084,0.0,0.01620086769381135,0.009149573140899092,0.014252561070538794,0.017319281316320267,0.0,0.0031328289574233392,-0.006963953674376799,0.026235552120083383,-0.019663273590108166,-0.014345799544477511,0.0030692287051160005,-0.0019378624960841306,0.02151879403378104,0.014993940007031747,0.0018280404483927981,-1.1102230246251565e-16,0.003115271158807831
-0.0017673554095394839,-0.00045044756725071133,0.0,-0.015312819640293795,-0.013807469586702648,-0.07249119426243045,-0.014052086865828262,0.015058471703925047,-0.03272579340566906,-0.01839297683017388,-0.004173021770084773,-0.02874366232199793,-0.01956279947458517,0.00826206487012654,-0.0016854096211612601,9.00975878231347e-05,-0.011846931465974542,-0.00255017242334199,-0.04522916576007241,-0.0011732529731493524,-0.002064862614043317,0.00654577019246394,-0.041505766214294526,-0.0018901474555568787,-0.006987934792414385,-0.00573973204798478,-0.04129621615592788,-0.01806434505893728,0.0296724647244076,-0.0074526229636128205,-0.015394702491215051,0.01648471483111824,-0.0014840032457074104,-0.02256830706838997,-0.0077101403928535595,0.005089064855021197,-0.01905102442103307,-0.0019399453412159984,0.06799205357415261,5.560049076702711e-07,0.0010868222182932596,0.0025022598452903444,0.03787105892997322,0.0017840395010693122,0.0,0.0,-0.0003701282007943507,-0.11856506613765266,-6.097535625193551e-06,0.02914885510011922,0.019876325914483073,0.027397822230392666,0.02956731108245436,0.035238052448291035,0.0008365307498849339,-0.04327562518683875,-0.0012610307093545159,0.03905187556666678,0.022539544361939168,-0.0002524199433046048,0.0,0.0,0.0,-0.0435859970028884,-1.4169639333427853e-05,1.6790588151238683e-05,-0.0004950002513492979,-0.12114670485093365,0.0,0.00016574230263738388,-0.0013977506260455241,-0.015678300232515707,0.009896115090418323,0.008343055645938569,0.001331865347685146,0.011954902038316728
0.0,-0.00011537758221441541,-0.015312819640293795,0.0,-0.04371328216573517,-0.02172007587548741,-0.04904612281381149,-0.01515209437305276,-0.016088009957458627,0.017667447651059653,-0.01754892352619375,0.07528815574482217,-0.03816642736508369,0.01678170481332303,-0.0014575238588986905,-0.00042479239389686674,0.0006722495328009281,-2.776628102835188e-05,-0.0016784243556756673,0.0005516678759724392,-0.00017802080291717814,-0.002871632694030568,-0.01644243770280157,-0.0007397967301129849,0.0006668517502901872,0.0012190617137709525,-0.016564585320303526,-0.026244894423422926,-0.0025105175902766508,0.0010135413660228298,-0.034850422778349266,-0.019978258487415024,-0.04690488059035236,-0.005198459982880044,0.01315571600862947,0.012715665973321105,-0.01284913998396689,-0.0074197261028269845,-0.006941586520176235,0.0002948532553230243,-1.0650886476115673e-05,-0.0015062872660868143,-0.0007882757011330455,-0.010362555448134303,0.0,0.0,0.0,-0.0003801306479818134,0.0,0.0,0.00011681600812218917,2.220446049250313e-16,6.354683148285245e-05,-0.0006754268386575668,5.551115123125783e-17,-0.0008902827544438607,-0.02630802580632144,-0.00022098362909117597,0.0,0.0,0.0,0.0,0.0,0.0,0.0,0.0,5.6029192596562805e-05,0.0007539640508947287,0.0,0.0,0.0,0.016619154699411665,0.0013604293880402074,-0.00012716134218132558,0.0,0.0
0.0005538818945501345,-0.002400759230969496,-0.013807469586702648,-0.04371328216573517,0.0,0.0025254541281296006,-0.012530834470356744,0.01691142111616334,0.004958682856674446,-0.019061990107493987,0.009234906427664447,-0.01621814964925966,-0.015298451727814466,-0.01389471267899195,-0.0003803770722904942,-0.0038517310411730343,-0.0015748035977599661,-0.0040962857179795975,0.008656524306074609,-0.008240677903500082,-0.0010917588849991833,-0.001272089152080047,-0.03424740865350678,-0.030232703935097027,-0.028836820275376096,-0.006743404001793851,-0.004874261110429212,-0.018097015601344246,-0.00767503575999956,-0.0029383448481869467,-0.006792412460029207,-0.004170782550776464,0.022821599598801756,-0.005712003787042619,-0.07691456669912805,-0.009535557976927428,0.012404929753562777,-0.011380225688583767,0.05885011495482528,0.0008194270418204197,0.003993982743338564,0.001060844467864419,0.04135505579001164,0.0013962447225153718,-0.0001427364845729695,1.1102230246251565e-16,-8.40204807687206e-05,0.027791963101966632,0.0,0.0034680193202042964,0.030211315245237014,0.031830760635002786,0.04186452912580402,0.02368426632618692,5.551115123125783e-17,0.07733539758589969,0.0006940653724228918,0.033271234484707424,-0.005622228865924062,-0.0003448649968568196,-2.3891662714714546e-05,0.0,-5.551115123125783e-17,0.046230417244012056,0.00031350892055936885,0.00013614791096222545,-0.0008441166715802972,0.016198991167451604,0.0,1.7826188650704733e-05,0.0007733404095394691,0.01736018545278395,0.015920322801080633,-0.0029040687277682165,1.1102230246251565e-16,0.0004977616574668442
-0.025601681217985783,-0.022146639492536202,-0.07249119426243045,-0.02172007587548741,0.0025254541281296006,0.0,-0.024242532008829754,-0.0091866564931537,0.011429323711692418,-0.054757300641397,0.0035471699350450026,-0.03918452144909845,-0.030132438809005957,-0.024101686482355944,-0.008276419270039859,0.007918318585313,-0.037130469009714506,-0.019510726280587976,-0.03152348537982863,-0.01693287068147703,-0.013964875675473332,-0.008796349964308614,-0.024339478868126707,-0.04434332418267167,-0.01512674554728699,-0.02158842359726132,-0.048828735549266866,-0.021504352674746707,0.018260479204042612,-0.015426985660329295,-0.022396789935470673,-0.020612641858204384,-0.002113600844485364,-0.025437861081903768,-0.010325420905326399,-0.053172190753997706,-0.02274299635997945,-0.02323186143893452,0.038094632130521944,-0.0037386912427758157,0.006586801451580415,-0.03650655465052449,-0.006049652949434714,-0.026553121351777897,-0.0019293570082827838,-0.015360342139424776,-0.010532684173421458,0.013546522775290337,-0.000481791992341829,0.035852990220112346,0.020026487948426208,0.020254390194023753,0.03277660155758538,0.021365025106327318,0.00388634094711382,0.025884494476641096,-0.002185952545235459,0.020253811060611637,0.04734323545674973,0.015167972328153423,0.004344148224401656,0.0,0.011487767935902449,0.0172690290352151,0.005659832228677053,-0.00010550556868255123,0.015376622697564235,0.00936441333587823,0.00010773293036131504,0.007694146076620945,-0.01610102412941611,0.012698084559522038,0.00848197543015683,0.013368659341696953,-0.002557996844256283,0.0148323737274616
0.004480162270152355,-0.04188677733082358,-0.014052086865828262,-0.04904612281381149,-0.012530834470356744,-0.024242532008829754,0.0,-0.010380216729484137,0.006791284267666675,-0.02742404565972345,0.0003453738369159076,-0.0006584626566237262,0.002899876059051898,-0.006126657902649879,-0.0014955178047475481,0.014457134531291771,0.0010260746146505406,-0.011252741354521645,-0.005150780146130407,-0.008530739460087255,0.01949573820896655,0.00905280746317555,-0.022883438936722733,-0.003234675833247991,-0.008032373315512653,-0.01245461667335196,-0.020108918031108536,0.003105846999753692,-0.022738270487107137,-0.005806563534095699,0.009067889768471837,-0.01950735271868914,0.04609903502073437,0.021942458800535414,0.05301030857088218,-0.03845042403778548,-0.057082621008373025,-0.0203675934283436,0.04043082248789548,-0.0009394056208654744,0.05397902387861764,0.057825725681476536,-0.01051773604295464,0.010571158350499377,-0.001225927361427015,0.0,0.008753738863807481,0.02052552449981382,0.0,0.0018884370083989133,0.01336495541874927,0.018965550547847543,0.022909881210524785,0.021664815863232545,0.0002573772451641143,0.046329659168207915,0.0007603234435461514,0.02307753245441746,-0.00019348070228147884,-0.0005922731324436437,0.0026720448123225826,0.0,-0.00030549303514593174,0.018820037669672995,0.015788565070284866,0.0011794023507752938,0.0010093478686640789,0.004354764959062063,8.565833114404509e-05,0.013933588657005003,-0.0005854749351679178,0.009800440436437463,0.019508996775251197,0.022979298849976904,0.009350682581410807,0.016781200503980576
-0.023391180288598157,-0.011181271100363321,0.015058471703925047,-0.01515209437305276,0.01691142111616334,-0.0091866564931537,-0.010380216729484137,0.0,0.019074851183262798,-0.025578977709224848,0.06069874809960474,-0.02018744930612032,-0.020216414963121154,0.005441073613662528,-0.012216210056964216,-0.002392554656336865,-0.0005773217736322889,-0.008122590813497033,0.08019127006714322,-0.004917489666452113,-0.04805810320246234,0.024162229562497695,-0.031009218239623104,-0.012966299117798119,-0.013278696720533778,-0.02261341382870008,-0.00843854974745284,-0.013728624088141572,-0.02624711800941476,-0.0026854589663342088,-0.008258818915220623,0.0183896396539307,0.005175451963939426,-0.006407625989226007,0.0033780114455643773,0.04347155544732434,0.04268896526470167,-0.001837923287941634,0.04378714650658233,-0.001666974863278603,0.0011289407907265625,-0.005083169412549271,0.056515217531797446,0.004824026651190971,0.0,-0.0006078940473829841,-0.0038325521931469875,0.04198415478947415,0.0,0.0027217285648068468,0.03566888775012106,0.04381113327024455,0.11926231883159089,0.04447778861166696,0.0006034472530949686,0.0756936054234767,6.399462071349227e-05,0.030163846736522504,0.07883532256987957,-0.01014044676596959,-0.0004894998104033599,0.0,-0.0002360967565336325,0.02588225752574347,-0.03555004814281859,0.040931847491379514,-0.004721791836638345,0.01560392909385988,-5.551115123125783e-17,-0.032416499414442135,-0.0368088199018437,0.03727066035833093,0.008041660427473951,0.023747358076075253,0.0017639239521307637,0.0144817588838001
-0.02600877173872429,-0.020086144975288933,-0.03272579340566906,-0.016088009957458627,0.004958682856674446,0.011429323711692418,0.006791284267666675,0.019074851183262798,0.0,-0.01935816544583685,0.012736733835546965,-0.015420417982741408,-0.016891341805002846,-0.0003884976936620044,0.0018088745108416626,0.020325193784597073,-0.004293439884788863,-0.02766473837046657,-0.029642503599485392,-0.019717081562932504,-0.00133043361282148,-0.0064827498695823604,-0.026803698638239337,-0.03692046621920747,-0.02604483062836299,-0.014638790344264907,-0.03035267524891916,-0.015177328922327482,-0.02085242294108769,-0.007613594371969956,-0.018725460167715702,-0.002232137820852631,-0.020559942631967254,-0.013798054231780932,-0.010373655387596326,-0.016588770433600075,-0.010071792242612954,-0.02165145440791627,0.065941231832647,0.0007835840503017666,0.07378913729060527,-0.0008960344359589256,0.022546594579875734,-0.041168449265519935,-0.0019806230729139673,-5.551115123125783e-17,-0.013942845505856227,0.0011624875772902055,2.929284705077695e-06,0.014571069670850645,0.023583762619551973,0.026531458088640214,0.027896856981995177,0.012364227898598035,-0.000822399026795817,0.0330021612443272,-0.01809862820308139,0.029062102241050547,-0.03249541907111636,-0.0006477678794317709,-0.012820473935399312,0.0,0.0,0.018953208134156574,0.000306032973671877,0.0017576881721614868,0.0005731271166896645,0.008070552371403306,-8.211002193386774e-05,-0.0038035596262189775,-0.028222919952611614,0.017056612570134133,0.008813489798466745,-0.0031278979613587055,0.00022631329892475183,0.03212551313078238
-0.10095577084106311,-0.02566519062263556,-0.01839297683017388,0.017667447651059653,-0.019061990107493987,-0.054757300641397,-0.02742404565972345,-0.025578977709224848,-0.01935816544583685,0.0,-0.009773402465830416,9.999370931168539e-05,-0.03682149070404467,0.014582505322681683,-0.002302747009735373,-0.015895183131497403,-0.011191331230982093,0.010916233808513143,-0.013642285893203265,0.009280151137090409,-0.01103829176158827,-0.006739550506525138,-0.019855701288296557,-0.0259532694355204,-0.051873972295138404,-0.051616088418330264,-0.026513046677043683,-0.03689597378419618,-0.02120024130404663,-0.0005291849910671886,-0.036111812009865296,-0.030358062180919687,-0.04614319366148212,-0.01076886073118749,-0.04376248215232892,0.00904822776212999,-0.024118401165783898,-0.029758453083784886,-0.03726949369713528,-0.019420067012319298,-0.00605142080823845,-0.04369786885740651,-0.005577019976989173,3.673956085903374e-05,-0.04216271248515535,-0.00922916204696167,0.030203669572682057,-0.0003053649350632792,1.663288435216348e-05,0.00030633276048158686,0.0012346613653799743,-0.00060372106766865,2.7393882906123768e-05,-0.002139932460861138,-0.00034908904539637797,0.0010501077299477912,0.006855359629914404,-0.0011001613565156942,0.0,0.0009678525962056317,0.0010160072565505995,0.0022018807887984604,-0.02490401460684244,-5.467316247675935e-06,8.883007349813621e-05,0.00032001614319243643,-0.0021516933846505992,0.0042843757555157125,0.020586771523657843,-0.0006157167394011398,-0.00672168322678357,0.012148774402246376,0.001157987158000362,-0.0012972336622557035,-5.551115123125783e-17,-0.004261644825266975
0.0013302535566022677,-0.0004259847039236875,-0.004173021770084773,-0.01754892352619375,0.009234906427664447,0.0035471699350450026,0.0003453738369159076,0.06069874809960474,0.012736733835546965,-0.009773402465830416,0.0,0.0010492546604046193,0.006828722605693172,-0.03223736347424716,0.0,0.00013571762705227863,-0.009408648663318087,0.00014235159465614267,0.0003062245720726331,-5.3389011002547004e-05,-0.00011371227558054642,0.00039153795170748795,-0.017815814079413128,-0.01353244386584801,-0.004125214661408416,-0.004197508311510056,-0.011303378951196763,-0.0011135135288179443,-0.003599948175832035,0.00040603259446853057,-0.0007369515509417224,0.03613223192079046,-0.028092985864790032,0.005325473101233047,-0.0018606295341410672,0.06789622732734746,0.016292277737060823,-0.0005808012164340015,0.11223823905276964,0.00015633086912375527,-0.0008628407229517299,4.222912658335964e-06,0.060521826083194896,0.0650377603938837,-0.0005410168640038737,0.0,1.1102230246251565e-16,0.12147987864168525,5.672202484929834e-07,-0.03849407762185708,0.0609415053868132,0.053922679088351855,0.08422475132396323,0.08025327392497483,0.00014637279304213768,-0.013271542815982362,0.00025405032438913233,0.07088996322908125,0.026564920701771966,5.551115123125783e-17,0.0,0.0,0.0,-0.044368271360026246,-0.0005642795041602144,0.0,-5.6406740387759946e-05,0.032015274112505265,5.551115123125783e-17,0.0,8.284424919779987e-05,0.05627288184154344,0.025380447841990117,-0.0013657855471950198,0.0,0.04933216057863471
-0.05166044349170007,-0.01660188809731933,-0.02874366232199793,0.07528815574482217,-0.01621814964925966,-0.03918452144909845,-0.0006584626566237262,-0.02018744930612032,-0.015420417982741408,9.999370931168539e-05,0.0010492546604046193,0.0,-0.022875600279628594,0.0039496355277112705,-0.0003669054243692349,-0.014202194437187732,0.002506742380290139,0.007198189135242283,0.0023856693481451585,-0.038566498784509184,-0.0017901667963988177,-0.030650729227636675,-0.027099756104635275,0.006333527792383553,-0.041099598724481934,-0.04174858738597714,-0.01277424311978298,-0.006211437369650297,0.003759074734535295,-0.0010577570024423721,-0.017418628072702558,-0.010556173455061213,-0.01668720204677887,0.0053737703340113185,-0.025078618102540418,0.01030992972800171,-0.031012412859025784,0.010579008504183834,-0.011712271192514334,0.008262263938907721,0.02440553264279538,-0.0009732895649798845,-0.008776745389373175,0.0014948045462491732,0.003685289041529871,-0.004510481468229133,0.028198534625048732,-0.0002865905326027707,-0.0007247179479846488,0.00021245986959583796,-0.0010647735060853591,0.0013093429536499834,-0.0006246123625973654,5.6872306916699866e-05,0.00023375148927751166,-0.0006442789581340702,-0.047840347267943895,0.0016470814157477642,0.00019518837923199195,9.44581510305964e-05,0.0014855420882579073,0.004740123960026765,-0.012821207112472643,-0.0006484269750683391,0.0003134787357160773,0.0016713286812563566,-0.0006309595884783636,0.042639914716019856,0.0004407595510326212,-0.002163115990442277,-0.018582038606890283,0.0003003158354856206,0.008443337458277411,0.0010076484168312638,0.0,0.002045008801870085
-0.0033609431822586022,-0.05626953137665053,-0.01956279947458517,-0.03816642736508369,-0.015298451727814466,-0.030132438809005957,0.002899876059051898,-0.020216414963121154,-0.016891341805002846,-0.03682149070404467,0.006828722605693172,-0.022875600279628594,0.0,0.03456113803171024,0.003940272517171384,0.0058509856536315685,-0.021839078936105816,-0.012368501183904757,-0.003380768898906872,-0.024382926495615243,-0.009646123985991129,-0.002324873180725495,-0.02594441832903438,-0.033886134705790105,-0.015334678047928207,-0.026818355548769934,-0.02790931728078344,-0.02809633265001632,-0.033997718533607724,-0.07745666947281477,-0.008021140763017243,-0.025098065654869883,-0.032468790477446,-0.010672279074206925,0.011036972666364886,-0.03916255590513018,-0.04832175708294706,-0.019859783860594893,0.019077831313301874,0.004598194009149292,0.08813968521348536,0.08962532611916801,0.012068367820452064,0.12000498533413201,-0.0020899549874546786,0.0005981485665361164,0.005373634736305144,0.017577476334853515,0.0,0.0010271077774827164,0.012881538733365505,0.02334524615360678,0.008210166761808302,0.028024631031400737,0.0005431188132991593,0.041567932857120626,-0.06499170909832214,0.02818536598560395,0.0007955511340090871,0.018963386914269686,0.004883153150531838,-0.00022866493685713696,0.0079206722749679,0.018294697765416923,0.0010526738168242789,0.00030158305699495846,0.03499620685913235,0.003078762421576675,-0.000964362746585179,0.012202536187667923,-0.006498654863444198,0.00640307553031727,0.017104852083616118,0.01593048894630461,0.006428199175301241,0.02164328265805987
-0.02073354575550518,0.00010463492510703887,0.00826206487012654,0.01678170481332303,-0.01389471267899195,-0.024101686482355944,-0.006126657902649879,0.005441073613662528,-0.0003884976936620044,0.014582505322681683,-0.03223736347424716,0.0039496355277112705,0.03456113803171024,0.0,-0.000734991597181045,-0.00031104704763279534,-7.62179328365753e-05,0.0001101574511029324,0.024026258040570958,-0.0006507115099528837,-0.02539524011128369,-0.016481552451386383,-0.01952373274781427,-0.009016316687399606,-0.0004159125062926927,-0.014577915954863574,-0.03002994088275729,0.13184193507334913,-0.04049512048761578,0.00012360606513850403,-0.00884915155413668,0.0833357472208221,-0.005099506180083313,-0.0025786913157787583,0.0010339372134278157,0.042081560964657316,-0.013643838362949912,0.0004741876193778416,0.08431270984324868,0.0,0.0005266183313532014,0.0009553647270610921,-0.0029405790491541794,-1.6327427801998695e-06,0.0,0.0,0.0,0.023567135570500497,0.0,-0.004574809948507952,-0.0014381308942299498,-0.0026477593190690207,0.001318936356047351,0.030252570637687604,0.0,0.08731536836322212,-0.00020467580514177408,0.0015133484811128972,-0.0036697842362448663,1.1102230246251565e-16,0.0,0.0,0.0,-0.007811200789759276,0.0,-1.1102230246251565e-16,0.0,-0.002150102650416874,0.0,0.0,5.551115123125783e-17,0.07648951679387983,0.0005573782104723035,1.1102230246251565e-16,0.0,5.551115123125783e-17
0.017344232631805734,0.001279622352940324,-0.0016854096211612601,-0.0014575238588986905,-0.0003803770722904942,-0.008276419270039859,-0.0014955178047475481,-0.012216210056964216,0.0018088745108416626,-0.002302747009735373,0.0,-0.0003669054243692349,0.003940272517171384,-0.000734991597181045,0.0,0.014420694403471102,-0.0033663920371568845,0.01895008392971892,-1.1102230246251565e-16,0.023155247583946936,0.007458507686666727,0.05509804724616074,-0.01621176782916478,0.027147043457252718,0.014352841131327287,0.03186866195955107,-0.014001598039527219,0.0071548123069481995,0.011316960098591289,0.0053552236066770065,0.014960145492138699,0.016984298562143618,0.02067684725345459,0.030082111248220855,0.02892849895467897,-0.005299397454408994,-0.0033052679080514125,6.689316912461551e-05,0.026106404987858267,0.009589360956623327,0.020107078781720245,0.018074370563047504,0.07402246457157696,0.03533344378816672,0.0,-0.0032218120160008024,0.018710446873162256,0.00012700331289666744,0.0,0.0,0.007829495117072927,0.002425940802782689,0.011190080653998236,0.0006030681178747499,-5.551115123125783e-17,0.0,0.0010179442374469994,0.02633006302043861,-9.298190538631346e-06,0.03690014369487249,0.026888419656774853,0.0005211329743033399,0.02961663182022156,0.0,0.04404827337997036,-0.0003693428297615875,0.026782543782657098,0.012452901711278108,-0.00012483253025374896,-0.000698939276860655,0.006860178550722518,0.01941665208783605,0.020257452950518395,0.031954668186283286,-0.0017660868088963944,0.03167894742498151
-0.003366135414561211,0.006957495134789438,9.00975878231347e-05,-0.00042479239389686674,-0.0038517310411730343,0.007918318585313,0.014457134531291771,-0.002392554656336865,0.020325193784597073,-0.015895183131497403,0.00013571762705227863,-0.014202194437187732,0.0058509856536315685,-0.00031104704763279534,0.014420694403471102,0.0,-0.007482660370969951,0.004494643255848529,-0.0001389480169014523,0.030237346060381087,-0.003824850438401306,0.03911487232852101,-0.0027754780809822743,-0.040410331375086594,-0.0335903747291752,-0.0013711368916753397,0.01817617633569657,0.0195216066529475,0.01688725182144324,0.016026210875119518,-0.017503100161259888,-0.009128769415719162,0.0012610078318627815,0.0032448097918772456,-0.02793215777946939,0.002214610905048764,-5.027257297790522e-05,0.0019404535008226143,0.013471474766647007,0.003297336722888289,0.015538478651631993,0.014607816634403303,1.2124131025248452e-05,0.0,0.0,-0.02935620586560872,0.016717898028181688,0.0,0.0,0.0,0.016407974806542325,0.0005614354573533764,-5.397344098684309e-05,0.0,0.02946354546222879,0.0,0.026287901589684748,0.01734430967382089,0.0,0.01843473860502748,0.01776805296858497,0.017436407372826923,0.013524882250251558,0.0,0.02513279860339873,0.003385359415684297,0.028755341697620618,-0.006503725319871756,-0.02395810047654323,0.009693954959167528,0.003100836533988016,0.006064296722613549,0.023012622380879644,0.022724281542828406,-1.1102230246251565e-16,0.010616791396442837
-0.003448370549188562,-0.0034384298795432366,-0.011846931465974542,0.0006722495328009281,-0.0015748035977599661,-0.037130469009714506,0.0010260746146505406,-0.0005773217736322889,-0.004293439884788863,-0.011191331230982093,-0.009408648663318087,0.002506742380290139,-0.021839078936105816,-7.62179328365753e-05,-0.0033663920371568845,-0.007482660370969951,0.0,0.010291050407726099,0.03248534479349641,0.016590896023974067,0.0009213943144141812,0.015256995532130557,-4.647737631935378e-05,-0.002839230139542015,0.00878791056693179,-0.015784441050911258,-0.0010252372316642555,0.0015676015692289713,-0.00040631752076247807,0.044749509808425014,-0.007058099958867747,-0.011060528813368109,-0.016300541742470198,0.0036038871064161815,-0.009422515543794696,-0.03455577673127763,-0.0003700231918851715,0.01694227667118109,0.011095948783764908,0.01090939868241303,0.023724355550801657,0.000205832592318822,-5.551115123125783e-17,0.0,0.0008277018298218364,-0.0022187491422251404,-0.00032817859192380006,0.0,0.0,0.0,0.0,0.0,0.0,0.0,0.018060966406485246,0.0,0.011353793085500663,-0.0013347830506381664,0.0,1.6535187695176923e-05,-0.0013075589516312602,0.011071663729115555,0.003720140464455568,0.0,1.1102230246251565e-16,0.0,0.0005811814270874627,0.0,0.0033527182329993743,0.0233879745493209,0.011772130296917926,0.0,-0.0009236422617712181,7.306690513081415e-05,0.0,0.004980032892628383
-0.016031304199088325,-0.018577152194979463,-0.00255017242334199,-2.776628102835188e-05,-0.0040962857179795975,-0.019510726280587976,-0.011252741354521645,-0.008122590813497033,-0.02766473837046657,0.010916233808513143,0.00014235159465614267,0.007198189135242283,-0.012368501183904757,0.0001101574511029324,0.01895008392971892,0.004494643255848529,0.010291050407726099,0.0,-0.001923100380187004,0.007241411600752368,-0.001711757830811289,-0.0017179480622060983,-0.003839037926528288,-0.022652041190210415,-0.00809856697703687,-0.028602517117492288,-0.005844051288596108,-0.0003443416780291031,-0.009799075325004347,-0.027388309555947954,-0.00803885890802808,-0.023740386462483,-0.04125811687829345,-0.004880875167593501,-0.020282121973146716,0.0008531503795411455,-0.00022014003151032968,0.03504965338854105,0.0024887947693948975,-0.0016731624614337304,0.011891622029376658,0.010462270627489001,0.0,0.0,0.000859660507959159,-0.02562580581352325,0.015834573122011197,0.0,0.0,0.0,0.023819805717316678,0.0003081670767037803,0.0002112615521991934,0.0,0.027020185204011782,0.0,0.022199685991295626,0.00015413991644841474,0.0,0.0007575383114837853,0.00732623385558695,0.023134725203974416,0.013996550912176331,0.0,0.014183765254310698,-0.00013029086577226456,0.011611919462345854,0.0009057470217612718,-0.005953997222073293,0.01897407232174897,0.004882981510064832,-0.0009558416698291494,0.03639334386165366,0.016908487934775895,0.0,0.011406242763516539
0.0,0.0012094412706785684,-0.04522916576007241,-0.0016784243556756673,0.008656524306074609,-0.03152348537982863,-0.005150780146130407,0.08019127006714322,-0.029642503599485392,-0.013642285893203265,0.0003062245720726331,0.0023856693481451585,-0.003380768898906872,0.024026258040570958,-1.1102230246251565e-16,-0.0001389480169014523,0.03248534479349641,-0.001923100380187004,0.0,0.0003521887158438042,-0.00033432434073810136,0.001411548193220813,-0.05661394343057469,-0.006505776488203163,-0.012198276684067144,-0.0007246683091157169,-0.05238084507509827,-0.014113005281620628,-0.001227007665302482,0.00015828994247840678,-0.013175229127851518,0.03185875364328428,-0.060705759786957636,-0.0068241110996948295,0.02853918966539648,0.025017660042036705,-0.009104162775256275,-0.020722083532367985,0.07114385157806746,-9.05201421947388e-05,0.0038994417051995134,-0.0016609509707781744,0.05250200688282225,-0.0014794062304340216,-0.00016316202428207083,0.0,0.0,-0.07883720944384814,-5.551115123125783e-17,0.0738323179001239,0.029691390624146496,0.03515950185826666,0.058899926784979906,0.02982232003652341,4.458599645534855e-05,0.12287921282073144,0.0008948009325455697,0.06771085830633139,0.048622381233615786,2.220446049250313e-16,0.0,0.0,0.0,0.06115323954479446,6.289644813939343e-05,0.0,0.0001147094140971916,0.020936669841208122,0.0,0.0,-5.551115123125783e-17,0.02827653391362317,0.0056917638763305245,-0.002189424438261589,0.00021683916901671374,0.0003531902451454627
-0.012455038788338202,-0.011388661179631332,-0.0011732529731493524,0.0005516678759724392,-0.008240677903500082,-0.01693287068147703,-0.008530739460087255,-0.004917489666452113,-0.019717081562932504,0.009280151137090409,-5.3389011002547004e-05,-0.038566498784509184,-0.024382926495615243,-0.0006507115099528837,0.023155247583946936,0.030237346060381087,0.016590896023974067,0.007241411600752368,0.0003521887158438042,0.0,0.007873316059588298,0.020792915268962486,-0.02486366966988146,0.013485915763772227,0.02084926192872749,0.008881331724471364,-0.02661627609550904,-0.024003057543981243,-0.02015112964280552,-0.023253184623866552,0.008739290601650684,0.013283450514211759,0.034088105538250424,0.022345504869410115,0.025131745906138314,-0.0033270681737599395,-0.0024408990033267797,0.005669033971609394,0.038795637454648646,0.03112769944353544,0.018907033571839593,0.008447797022058612,0.0032589325225186316,-0.0006976832141504241,-0.00045551891185668936,0.008919959769547181,0.00026857402490282345,3.167105901158429e-05,0.0,0.0,0.00945298804534006,0.001302863397722509,0.02260715782835293,-0.001216794586229697,0.0008071068400679615,1.1102230246251565e-16,0.001248546012805496,0.018465606871876816,-1.1102230246251565e-16,0.03639366784900666,0.00833902216768101,-1.9286875853785634e-05,0.0015029654449594254,0.0,0.027910562133068695,0.0071121445645012105,0.0399703307411271,0.007691798047071541,0.0,0.01668546932148962,-0.00557892639461488,0.012959625339113101,0.017778405222910354,0.023833513155506525,0.026893873480458852,0.026928703789362518
-0.031018021583517186,-0.02580863355894275,-0.002064862614043317,-0.00017802080291717814,-0.0010917588849991833,-0.013964875675473332,0.01949573820896655,-0.04805810320246234,-0.00133043361282148,-0.01103829176158827,-0.00011371227558054642,-0.0017901667963988177,-0.009646123985991129,-0.02539524011128369,0.007458507686666727,-0.003824850438401306,0.0009213943144141812,-0.001711757830811289,-0.00033432434073810136,0.007873316059588298,0.0,-0.0014445252101673578,-0.038494306623173935,-0.029425712595637366,-0.013354042559241774,-0.014469952553403831,-0.032426372912499835,-0.0030036287459123123,-0.00805268956085653,0.010458178873599622,0.010984378931088501,-0.0007837965468357466,-0.04521608523894033,0.009578419232659896,0.013945929542299174,-0.06402585927163162,-0.000409905182620518,-0.00281715191894627,-0.010498680104663705,-0.05984353737260972,-0.008209615127463876,-0.007190100371804564,0.002840958139534222,0.0,0.0,-0.07312544936334786,0.012021753721687567,0.0019857851528984893,0.0,0.0,0.006606160670154015,0.0003167056944131663,0.0046653977686170744,0.0012138511000644447,-0.0006417208413007081,0.0,0.0005247194463923743,0.0055941167662515445,5.551115123125783e-17,-0.017911993071633103,0.00861004883346761,0.0,0.0004036041875917218,0.0,0.016771059799618515,-0.09102111465089652,3.386431762020248e-05,-0.022399709173956728,0.0011178238346180036,-0.008199652147132419,-0.02015492103685168,-0.0026445188123231933,0.006976891515844907,0.02295559623886423,0.026420915529871858,0.025550442220957092
-0.007356367088980353,0.014859599269630042,0.00654577019246394,-0.002871632694030568,-0.001272089152080047,-0.008796349964308614,0.00905280746317555,0.024162229562497695,-0.0064827498695823604,-0.006739550506525138,0.00039153795170748795,-0.030650729227636675,-0.002324873180725495,-0.016481552451386383,0.05509804724616074,0.03911487232852101,0.015256995532130557,-0.0017179480622060983,0.001411548193220813,0.020792915268962486,-0.0014445252101673578,0.0,0.009941326879874368,-0.0674104805940221,0.01240289621506896,0.021549205712981356,0.013185923291032797,-0.0059230387997276646,0.02253458188572255,-0.12224177324165564,0.0005758729297050125,0.01856883784010005,-0.002030165926093952,0.016686555006099335,0.021703883630841858,0.019578433385867622,-0.0025387503484337604,0.004898939006146907,0.024807643232472032,0.021936741865499543,0.013568281133213067,0.02823659479927121,0.00828516327907125,0.00013779871323893467,-0.00038076720347030024,-0.03773014739501318,0.025590762256047395,0.00026446718600409147,5.112960980657721e-06,-0.00013358439447996862,0.006936031238966911,0.010304438146194472,0.017084983874072035,0.014658924803509943,0.0006575538283500881,0.0,0.0010565282383512287,0.011961875247547049,0.0,0.026982753151808758,0.017628507374823243,-0.0008829483618539857,0.019359259009623542,0.0,0.03790533824733039,0.004457415208489135,0.023594010280435618,0.004733796366827248,0.0019980711612204716,0.01595941259572564,0.010581483878106646,0.02339347640197137,0.035009147152583964,0.0347089780502422,0.0005167416215705045,0.011886658457705257
-0.018096176197435532,-0.005413673465344604,-0.041505766214294526,-0.01644243770280157,-0.03424740865350678,-0.024339478868126707,-0.022883438936722733,-0.031009218239623104,-0.026803698638239337,-0.019855701288296557,-0.017815814079413128,-0.027099756104635275,-0.02594441832903438,-0.01952373274781427,-0.01621176782916478,-0.0027754780809822743,-4.647737631935378e-05,-0.003839037926528288,-0.05661394343057469,-0.02486366966988146,-0.038494306623173935,0.009941326879874368,0.0,-0.006863254481480563,-0.013964059656470629,-0.020828543550975853,-0.026739772117151728,-0.012050965693873594,-0.01505880380670932,0.001527998872253522,-0.011480875702941262,-0.012266894743986234,0.0015300776185367404,-0.010801881130518554,0.004111583205057112,-0.03992853366162025,-0.01850274510927652,-0.02924619836223502,0.026135753450222343,-0.00883921426986678,0.01881269617099668,0.018307527594153772,-0.0018068649404269221,-0.029647477650371457,0.0008057343391885685,-0.04179241368422171,-0.012412967887747484,-0.023238724144273082,-0.0009376615979191927,0.03659898821579788,0.015830877418002043,0.017305228401459982,0.02635803071838888,0.014707070423851665,0.002219819263611089,0.04859964125433491,0.028826957592327562,0.018544212925916348,0.00480948616582022,0.01423713863015752,0.0077861087052332745,4.691745851925777e-05,-0.0038938250700499277,0.013431699754825277,0.008147953602779145,0.004078805600763735,0.014222244647449589,0.010069196294859473,-8.09206358643455e-05,5.052611897671255e-05,-0.016152770437155295,0.009864967561526328,0.00994526470292556,0.021561143579744924,0.014580306387850905,0.014548186073566782
-0.026527294932625567,-0.004961621217678458,-0.0018901474555568787,-0.0007397967301129849,-0.030232703935097027,-0.04434332418267167,-0.003234675833247991,-0.012966299117798119,-0.03692046621920747,-0.0259532694355204,-0.01353244386584801,0.006333527792383553,-0.033886134705790105,-0.009016316687399606,0.027147043457252718,-0.040410331375086594,-0.002839230139542015,-0.022652041190210415,-0.006505776488203163,0.013485915763772227,-0.029425712595637366,-0.0674104805940221,-0.006863254481480563,0.0,-0.030260303353914275,-0.04284326593940613,-0.045742946378989735,-0.04857021368551351,0.013267711385311298,0.0007778632058713097,-0.03564312229058064,-0.07358325821360295,-0.01930530713506262,-0.030321011906686096,-0.05898774367111581,0.03628499020513831,-0.045719911316058515,0.010020977904113881,-0.11623652229077763,-0.011431450675149724,0.032385471963753076,0.007486216475620144,0.0006576530958691262,0.00010696974423973771,-0.0026245119969065533,-0.1517457461790533,-0.005402320859744125,0.0,-5.551115123125783e-17,-0.00018531536576837926,-0.00011144198392715188,-0.00034720321022130296,-1.6653345369377348e-16,-7.812021647990441e-05,0.0013224055664765588,0.0003346185167843463,0.013917987520730979,-0.003206534007636319,0.0,-0.03390305067880994,0.003873080383201999,-0.008312523948216244,0.0024181229825042116,2.2583008762178114e-05,-0.0007025091346347656,-0.0726109473188884,-0.004469919403395806,0.0006190359447256766,-0.03756893577456577,-0.006669925438785418,-0.024279627732493758,-0.0001375447854310985,0.0032869117552732363,0.0002468896956906441,0.0,0.00036434145680436236
-0.008105231091647735,-0.004115280686329437,-0.006987934792414385,0.0006668517502901872,-0.028836820275376096,-0.01512674554728699,-0.008032373315512653,-0.013278696720533778,-0.02604483062836299,-0.051873972295138404,-0.004125214661408416,-0.041099598724481934,-0.015334678047928207,-0.0004159125062926927,0.014352841131327287,-0.0335903747291752,0.00878791056693179,-0.00809856697703687,-0.012198276684067144,0.02084926192872749,-0.013354042559241774,0.01240289621506896,-0.013964059656470629,-0.030260303353914275,0.0,-0.021269574082494747,-0.000926132616536901,0.0042107463796421385,0.015304425203543581,-0.008490450579898445,-0.01943143996769059,-0.03039485179248841,-0.03171556677542775,-0.01213242871944814,-0.020275971040459972,0.02161645996517686,0.00034369371910913937,0.01108814265281649,0.0009426372646966219,0.00550798427267063,0.011109416374130876,-0.00482959500901986,-0.0011117458281947878,-5.551115123125783e-17,0.001815782844806657,-0.03438022685769676,0.013629075540782576,5.551115123125783e-17,0.0,2.220446049250313e-16,0.018714251127335657,0.002013266405621439,0.0010515301185956005,0.0004467084603723692,0.023688841788841064,-0.00032060426009283827,0.015819879022969496,0.00698007282714419,0.0,0.016707596672500324,0.011355747902105195,0.016360344475294164,0.01005143764734412,0.0,0.007177974091858164,-0.02653581506425573,0.031413814986169186,-0.004548158447014727,-0.02336997059596435,0.010420531847933456,-0.0035872387028649255,0.023745078850396117,0.019564608364599445,0.009810632975991329,0.0,0.009207102006578594
-0.02307777195434141,-0.0014612012168087052,-0.00573973204798478,0.0012190617137709525,-0.006743404001793851,-0.02158842359726132,-0.01245461667335196,-0.02261341382870008,-0.014638790344264907,-0.051616088418330264,-0.004197508311510056,-0.04174858738597714,-0.026818355548769934,-0.014577915954863574,0.03186866195955107,-0.0013711368916753397,-0.015784441050911258,-0.028602517117492288,-0.0007246683091157169,0.008881331724471364,-0.014469952553403831,0.021549205712981356,-0.020828543550975853,-0.04284326593940613,-0.021269574082494747,0.0,-0.003370864014455688,-0.016522087585837064,-0.002989179462700886,0.009223821337842053,-0.026299771732700095,-0.008599097278481127,-0.021375643450772752,-0.0020799459247799468,0.012958453647846868,-0.013740255107778099,0.0013805544370903422,-0.018992266416910597,0.012057075177244136,0.003407497352033717,0.008734419882508171,0.000836656620664733,-0.005585104529898077,-1.3060130796938019e-05,-0.003954344044014291,-0.045889045326348465,0.008279859716089855,0.0020091295212941174,0.0,-4.1412938698359714e-05,-0.00016532314058431696,0.021827727850304346,0.0018142945191689797,-0.001964610444731729,-0.000634963520446008,0.0,-0.005433676246366037,0.01575775746104402,0.0,0.020795030896602507,0.004148228402490295,-0.003314485010576851,-0.0014814116712014713,0.0,0.03237919564401648,-0.00452977268458532,0.029800927366771757,-0.007651009010667842,-0.061658381485975244,-0.0052142619073886065,-0.01361531002696359,0.031241333189321818,0.011713906632741078,0.004150601448058733,-0.00042416670786299404,-0.003151109131305063
