0.0,-0.03838292590299053,-0.0010650398093093871,0.0,0.00036804387609157274,-0.027099629180591334,-0.009756862257230992,-0.04951790639958009,-0.0005388381999803515,-0.02452100705742105,-0.0012039059278900477,-0.031130386111789865,-0.0317023074366139,-0.04633243457058228,-0.020898261247928818,-0.028860492249588865,0.012397308662723094,-0.03067031202138709,0.0,-0.03483447232356729,-0.05277630366742403,-0.03293435090560043,-0.035478591511143354,-0.03497130845273816,-0.01903193633486283,-0.04674748872780499,-0.02688220856111817,-0.03645947146674117,-0.06170606701881537,-0.0003336078231110373,-0.027734796725940147,-0.015965284330913376,0.007805580030861847,-0.011058108991655824,-0.019324137357585813,-0.04072572862927931,0.0006000824691319573,-0.0025798804856355106,-0.009912945309795362,-0.01373245446283966,0.0006475223581438039,0.0013851489173295484,2.4216891856887468e-05,0.0,0.0005928142392895852,-0.01777464222593983,-0.031889643324758965,0.0,0.0,0.0,-0.0017651128660911564,1.1102230246251565e-16,0.0003298664275659391,0.0,-0.03993805166273623,0.0,0.002412714579583475,0.0007196161990941641,0.0,0.00023727002705808964,-0.028634854038783464,-0.0007595647464781474,-0.008186818122594142,0.0,-0.0008138037960527811,-0.0009628987718353632,-0.03265593594182831,0.003470062160608356,-0.048697705424759874,-0.013747194110763805,-0.04016798838098945,0.0010464258811069271,-0.00030402895794262585,-0.011387921074812013,0.0,0.00046892784459362513
-0.03838292590299053,0.0,0.0027087607551997683,-0.0001892117419541317,0.0012883692811081482,-0.023949228370213904,-0.02118455867022878,-0.028511481524176596,-0.022242951034304348,-0.01066041174590826,-7.815762715229768e-05,-0.03850800396707155,-0.027379704095800206,-0.0007954561964058082,-0.038828349802899176,-0.04909783531234985,0.0032288315299253134,-0.044761886252310035,0.0013396252851008428,-0.020988481504133794,-0.041829042745157585,-0.024238553350741543,-0.01988043881474305,-0.030523461283220255,-0.03031672406498992,-0.05280930281070273,-0.019689012027282293,-0.03808181180177145,-0.03460962016164709,-0.00036737302829098484,-0.04830627061102144,-0.034427896353750986,-0.03237846528894783,-0.048084451156188646,-0.04379034094411882,-0.0017556335300080161,-0.00028176021242531935,0.0,-0.03716138937626312,-0.04948273428925387,-0.04174235546435179,-0.044707698967533294,0.00016836496954625302,0.0,2.220446049250313e-16,-0.031128992704049174,-0.0298211076730448,4.326668747139939e-05,0.0,0.0,-0.03867140302519778,0.0011757950238609483,6.383910971935469e-05,0.0005015733363996078,-0.02346301822730318,0.0,-0.02562515175465968,-0.032609851714836546,0.0,-0.05132185382581933,-0.042897592294041165,0.003303346310067956,-0.026851079729404814,0.0,-0.03781548799184198,-0.02399094376675026,-0.03325682052840245,-0.04585645557484491,-0.02985263212050271,-0.03108906462577765,-0.04821722240089338,-0.04086606547143595,-0.054396070409077624,-0.04292416776683983,-1.1102230246251565e-16,-0.04571154975503372
-0.0010650398093093871,0.0027087607551997683,0.0,-0.026982768776832533,-0.021746942643772083,-0.003871290143639794,-0.00422967952717368,-0.04426599377025575,-0.03142830798378937,-0.027672313294865247,-0.05362685333974648,-0.02023066404675361,-0.010356807004074209,-0.03830894327828582,-5.7228895896488385e-05,-0.0006255004907148587,-0.0011124699624645018,-0.0009154937105975702,-0.04069987484495907,-0.0006596072863374047,-0.004915252381157975,0.0036576482132191224,-0.02748125228100523,-0.0011043247653060306,0.00019223578636762273,-0.000782727889717838,-0.03695489878415048,-0.012226667232801358,6.942721386232753e-05,-0.0023455804379381995,-0.010489323760862368,-0.015980936077368557,-0.021082791635649523,-0.011533368997645843,-0.010342044669539363,-0.025957979675102383,-0.02163662618797535,-0.03568370753570027,-0.032123508824431435,-4.959725050657227e-07,-0.0312742261276065,0.007482746776160343,-0.0642388915513128,0.0030446588668561203,0.0,0.0,-0.0002910838448167974,0.010107294984692705,5.439178641597486e-06,-0.045066408453222184,-0.03873819319087868,-0.017706639479172948,-0.06339366541679392,-0.05156988949426883,3.918172523426078e-05,0.03003271974466304,-0.0012996314481508175,-0.019741250079681083,-0.060780896607349255,-0.00038806412993230843,0.0,0.0,0.0,0.09660376145913996,-0.000370181803792613,-0.0009393244111942645,-0.000523262568155658,-0.03362654060147807,0.0,0.0001221132618175469,-0.0009739177806593613,-0.04035003526302683,-0.02857793784981638,-0.026961028338363002,-0.03699582817684133,-0.034844859387034854
0.0,-0.0001892117419541317,-0.026982768776832533,0.0,-0.029051719795850806,-0.014535228444856496,-0.054058206200126135,-0.043803212278122894,-0.006383569799741695,-0.0634622845801508,-0.011085643420617686,-0.013452234060404744,-0.04494263950029098,0.020319810648969927,0.0008942492449192652,0.0003230765345825781,-0.00043707679106380626,2.476832806153073e-05,0.00011098778284396316,0.0010241771317441861,0.0007455504551659997,-0.0006086342519143195,-0.04135767141371388,-0.002915302941491893,0.0004827747209389943,0.002394597275871768,-0.04545909391298103,-0.01998239414934297,-0.0013831498845451873,-0.0010083340008614217,-0.02770628332041286,-0.011505144387710942,-0.01649723713441631,-0.03604376449301694,-0.010845642846915082,-0.010651120704873646,-0.014258577560156943,-0.004570499218040758,-0.012998297938225933,-0.0008358927515667025,-0.0005096809357295062,-0.002058686746595262,-0.0031843128718684888,-0.0014820418807415248,0.0,0.0,0.0,-0.000921497291989648,0.0,0.0,0.0005591601370800725,2.220446049250313e-16,-5.668561691168916e-05,-0.00011255716293262497,5.551115123125783e-17,-0.001077054061499938,-0.0012689098606168403,-0.0003978919730459607,0.0,0.0,0.0,0.0,0.0,0.0,0.0,0.0,-4.99796649696127e-05,-0.02701105965780587,0.0,0.0,0.0,0.0006990570113192818,0.0018355660477720748,-0.00014544639111396807,0.0,0.0
0.00036804387609157274,0.0012883692811081482,-0.021746942643772083,-0.029051719795850806,0.0,-0.01930543302201032,-0.005840992541564283,-0.06230717113828271,-0.018632629636773534,-0.01971910306491015,-0.017233762839171496,-0.01903125890604923,-0.016017917232132195,-0.03150053947972897,-0.0006107774749851136,0.001979055903189031,0.0004805045228921112,-0.002304844789443372,-0.025258875524286073,-0.001261081680279108,-0.0027199942479453343,0.017340953732963515,-0.004415783159441633,0.001104528720716258,-0.0022925975868817172,0.022793478876821316,-0.002001310642374632,-0.020238603595609972,0.002140692110715714,0.0015983072295982503,0.004371576136060706,-0.05066232364120926,-0.030962654302272796,-0.014219068323991724,-0.00638447691599725,-0.011688094485451661,-0.021335194565956617,-0.03223919749651849,-0.022367549912761686,0.0007711904372443845,0.0015767378300366452,8.180068544821895e-05,-0.05392116721032614,0.002595272768173673,-0.0006061440706135457,1.1102230246251565e-16,-0.0002533554232417301,-0.022537402869309164,0.0,-0.0783757361462245,-0.009169974773664435,-0.0096369809985693,0.005251813751388945,-0.04049204920479249,5.551115123125783e-17,-0.041440194074074455,-0.0010431609659629637,0.0031261447116290864,-0.035295262895283286,-0.0002505173203260491,-2.3496204265005538e-05,0.0,-5.551115123125783e-17,-0.011517158054151821,-0.0005110036355421288,0.00019039393976444385,0.0001424576328710736,-0.012369751013321717,0.0,-1.5901477339985703e-05,0.0005400518252591247,-0.01595590941355346,-0.01961761627414471,-0.008371445333492378,1.1102230246251565e-16,-0.00853927808304189
-0.027099629180591334,-0.023949228370213904,-0.003871290143639794,-0.014535228444856496,-0.01930543302201032,0.0,-0.010289452675886934,-0.0060290347870876615,-0.019503883933985944,-0.03282572825005403,-0.049406171738345384,-0.030337045577218003,-0.00844140739114091,-0.018474130226331542,-0.01130821015246869,-0.029426229839954077,0.0018985600988442597,-0.036143822618769195,-0.014823556534306337,-0.02073018408370847,-0.009039380011502174,-0.01999565855364177,-0.007432593399142595,-0.03485181915939167,-0.03191433884439632,-0.047056420550039,-0.005711871652306855,-0.016762449044240013,-0.02086512248147082,-0.015952458511563183,-0.0041141831337137,-0.0281650313429187,-0.019797050322875098,-0.01552024347403741,-0.012231351519645495,0.003544769443037832,-0.011729290060628783,-0.024522256479533877,-0.017930944114152136,-0.03010722987311576,-0.014706599392905306,0.010054451772427697,-0.009503154577618578,-0.0042683818769932436,-0.0017817857537301696,-0.024391081918594182,-0.026261489883093847,-0.023193454630182297,-0.0005382414181732686,-0.008499060218204901,-0.021972326267277964,-0.004382886237131456,-0.02493486104281134,-0.02889476517688616,0.0019268230085472404,-0.0015880377155162995,-0.0010151966130708123,-0.010098944279114175,-0.010939427167202975,-0.006814095312309643,-0.039967016320917426,0.0,-0.027141130356138243,-0.034536336711425586,-0.01072647299567664,-0.020021460158033855,-0.03157651163204983,-0.014151724863738946,-3.7434005067948917e-06,-0.026401123670996007,-0.04609680915606884,-0.021018273564336998,-0.024478902792767154,-0.01983083336056668,-0.02442329539584004,-0.01984708146324038
-0.009756862257230992,-0.02118455867022878,-0.00422967952717368,-0.054058206200126135,-0.005840992541564283,-0.010289452675886934,0.0,-0.015022715851421509,-0.005992878417637848,-0.03702405540515413,0.025369106873425196,-0.02154993838320024,-0.007393572524872882,-0.04599069034346365,-0.011342006067791066,-0.028935346244437887,-0.0012073307593331584,-0.03676598532295405,0.022817210252075504,-0.011143717687974453,-0.008300565014383254,-0.01935124819221079,-0.010137629801864168,-0.0004884901427801847,-0.03126862759153265,-0.03060890087982293,-0.014259619673715251,0.009256237404910661,-0.02134017379426062,-0.04470016603890137,-0.003165895371071703,-0.017028465179371677,-0.015108201782496111,0.0015881964454539932,0.018694532402314945,-0.04979184250005031,-0.06607009910818898,-0.025715305475015993,0.0031392551960117143,-0.0008509692000049363,0.02585784427439347,0.0584318541827874,-0.007425079771645693,0.00315934473123769,-0.0009203031067648304,0.0,-0.027884037547203477,-0.026410907845092035,0.0,-0.02627829291418876,-0.01907041851080138,-0.005363714955949561,-0.012103037173303466,-0.03371390604296742,0.00040907872012402313,-0.02110214474652261,-9.777095990198825e-05,-0.005766821633723718,-0.0018612119388941584,-0.0011807810417585052,0.0011452130368475588,0.0,-1.7711035339873504e-05,-0.016440124264971878,-0.02152678592294388,-4.60105444617942e-05,-0.030006869280777837,-0.011112997212190778,-7.640971597216994e-05,-0.028627044372594668,-0.02666343913010255,-0.012802942938016926,-0.012294914861649076,-0.01115362476561843,-0.023832738114170915,-0.01633871624951644
-0.04951790639958009,-0.028511481524176596,-0.04426599377025575,-0.043803212278122894,-0.06230717113828271,-0.0060290347870876615,-0.015022715851421509,0.0,-0.05588064848721708,-0.06509152586349126,-0.05071104546065697,-0.008202226521171974,-0.016184867487508137,-0.03458069095441679,-0.1129991296214003,-0.004570304547823756,-2.096085253927571e-05,-0.008262602650455919,-0.06921644958682871,-0.003099874439278283,-0.05579658491060985,-0.0349524802447434,-0.026583292121077184,-0.03353443109796872,-0.00861480380462687,-0.03723774641772126,-0.027034164963227303,-0.03068394677405567,-0.012041246641282699,-0.0352838165675316,-0.02387411687981772,-0.08583621346637627,0.0003883479047075977,-0.017305381072413195,-0.014818431334856108,-0.044314118850204226,-0.059449263845969824,0.003178405256865413,-0.058826922609195864,-0.0011213163093592438,-0.058029767905984964,-0.0038657675006963377,-0.07153163070800361,-0.014327684163838061,0.0,-0.030284532907554895,0.00035956496316963404,-0.07596260398605709,0.0,-0.10268963293740457,-0.07299596464297398,-0.03050942923325628,-0.12512185293603617,-0.09940093724458687,0.0005218814502770397,-0.06444440009417268,0.00019672545238896832,-0.03259664672252938,-0.060135046112552104,-0.028088195490405587,9.094309446650017e-05,0.0,-1.5937826357781404e-05,-0.07681007345711288,-0.10324555269154684,-0.003410522732388177,-0.032173848474499056,-0.06286582444574002,-5.551115123125783e-17,-0.02008754055012879,-0.04227624766421617,-0.06783195971183703,-0.054394077339102065,-0.07044318958286477,-0.027617780172142947,-0.05620858333788792
-0.0005388381999803515,-0.022242951034304348,-0.03142830798378937,-0.006383569799741695,-0.018632629636773534,-0.019503883933985944,-0.005992878417637848,-0.05588064848721708,0.0,-0.012504106892358369,-0.04067189679926553,-0.01422141196785004,0.027801547388123626,-0.03793911549728557,-0.002022539690867464,0.0016557584233069522,-0.016102027137380848,0.0009626815174973435,-0.043429307738700546,0.0006226617283331959,-0.0015195875337005171,0.006036679861209093,-0.008887001429528307,0.0012932611151924567,0.0019463772991163975,0.012450224361715723,-0.04255208555165452,0.0034778613884011156,0.020116450391677587,0.01235074168708028,0.0011708024084089441,-0.0001638108835365637,-0.016526693062843545,-0.0003027188089128052,-0.004025459297849976,-0.00215723211469232,-0.00020482309214847616,-0.01674567402744892,-0.04688016941509404,0.00043584744558156086,0.0002701555102730402,0.04594203379042838,-0.07205974389558556,-0.0037613891639468044,-0.00187739956123395,-5.551115123125783e-17,0.0009188285701283161,-0.05278609109692578,-2.6130069231133923e-06,-0.07214898224203176,-0.04116391852812901,-0.023875718298145276,-0.06164119258176798,-0.07261833652305255,-0.002226742528371961,-0.04846886795325561,-0.0013843030288733793,-0.031343845375522594,-0.07704499096191902,0.0005328067712188633,0.000822703932154667,0.0,0.0,-0.07176595186671131,0.0005678442707577891,0.0004923035708098711,0.0007088312439509914,-0.038619321785104854,-0.000101588234749872,0.00015984183517347983,-0.0005066256866440577,-0.03984299647499523,-0.026994496033517612,-0.016069507270596473,-0.00012200412516039094,-0.024101885605419704
-0.02452100705742105,-0.01066041174590826,-0.027672313294865247,-0.0634622845801508,-0.01971910306491015,-0.03282572825005403,-0.03702405540515413,-0.06509152586349126,-0.012504106892358369,0.0,-0.0020176291482311703,-0.04700353712651101,-0.03872011924007529,-0.147940062029466,0.013852740556632492,-0.01751162356424446,-0.045764645431932205,-0.028805986731095024,-0.021272169784494088,-0.027845138189589336,-0.009829877283785982,-0.010347995714080738,-0.03659956077710913,-0.03856047825913428,-0.03529413542734239,-0.06529113440037887,-0.035778130824531795,-0.039811710798430544,-0.03189964452465249,0.0007911584163655117,-0.03783693597755278,-0.03663654838130903,-0.05484953237367224,-0.023672586689272246,-0.030603202330393764,-0.03919517473250361,-0.010139600257214942,-0.0429132911672139,-0.10238681155981638,-0.0539212122149792,-0.0647851169570613,-0.005642513219307976,-0.011557528308318188,-0.0022748180215717007,-0.062238290894014225,-0.02474579508843433,0.0006652797222781448,-0.0008796706103312291,-1.4837015292701317e-05,0.000420148712333146,0.0023842716178609225,0.0009743771154794856,2.9188279112579707e-05,-0.0016390884963418673,-0.05287133751465123,-0.0004859873969204065,-0.05290801307085735,0.004141626478196769,0.0,0.0007445300035985869,-0.0025575728036900114,-0.046834325767773355,-0.027651347119930614,4.877004676939745e-06,-7.923900215101032e-05,0.0008890742833628229,-0.0013190630516368151,-0.01526755783775191,-0.04654872759348044,-0.031674253710344547,-0.03542834585426696,-0.00024844377253618877,0.005600185740161634,-0.0008479774603762369,-5.551115123125783e-17,0.006525057597555006
-0.0012039059278900477,-7.815762715229768e-05,-0.05362685333974648,-0.011085643420617686,-0.017233762839171496,-0.049406171738345384,0.025369106873425196,-0.05071104546065697,-0.04067189679926553,-0.0020176291482311703,0.0,-0.020538969920770922,0.013041309881678176,0.00019646359963693127,0.0,9.163730102063061e-05,-0.018994409172884696,-0.000644165819371878,-0.05733693616485233,-4.7745221097295065e-05,-0.00018200243788907278,-9.690579641369323e-05,-0.03325119500754864,0.00572550124116028,-0.017607554650408974,-0.01228333699068701,-0.0466814989483163,0.007532882878708347,0.0003912902678119834,0.00036448847887449176,0.003138401967637705,-0.017003204022448815,-0.01902209970469737,-0.0002490045931331508,0.001398888792282671,0.009070574223484895,0.012871155345534846,-0.0257107691384858,-0.03944277629128362,0.0011272181912400647,0.0036442875792189744,-0.0015488317887334402,-0.035487492184424096,0.00018942547878142424,-0.0007217464981447153,0.0,1.1102230246251565e-16,-0.03319706315493731,-5.059769144777349e-07,-0.05099193080400122,-0.05002067440722807,-0.032737568605695655,-0.06418332350570333,-0.14915595899457695,-0.0011036575473220012,0.004196137753466445,-0.0022920221091444204,-0.03287576117370278,-0.03301838805851115,5.551115123125783e-17,0.0,0.0,0.0,-0.012792985469608775,-0.0005684305643045007,0.0,-6.979209833068989e-05,-0.05069371882192436,5.551115123125783e-17,0.0,-7.389947325137092e-05,-0.043765650828277936,-0.03842552461734933,-0.0014159274130071675,0.0,-0.0461005517730565
-0.031130386111789865,-0.03850800396707155,-0.02023066404675361,-0.013452234060404744,-0.01903125890604923,-0.030337045577218003,-0.02154993838320024,-0.008202226521171974,-0.01422141196785004,-0.04700353712651101,-0.020538969920770922,0.0,-0.037293647420150455,0.0019405501975100492,-0.00031104861089764624,-0.03098444261110339,-0.05933735995760825,-0.031363922690867296,-0.018408433584741646,-0.057531101395344175,-0.027615894918301964,-0.02270492675159058,-0.04401000194824789,-0.020528912158678247,-0.04496311265053338,-0.06183136710597892,-0.025461353233157458,-0.029421044436557353,-0.05017090302331739,-0.0014796583548805642,-0.030422828292259563,-0.035566327065547076,-0.041161257803550705,-0.028367678827453502,-0.029027337174139134,-0.01823972957589909,-0.016270248922337194,-0.01611635604429998,-0.03729019088459867,-0.07313855700503641,-0.0899040481660443,-0.005941191047459382,-4.4336650365628394e-05,0.0006787692658050681,-0.050656215559360285,0.002406823396344848,0.0012873390895017933,-0.0008073649664285809,-0.0006592591936210312,-6.453521784482996e-05,0.00011793899484363601,-0.00036918392609047723,-7.023716579523942e-05,-0.00038160330907599516,-0.06766843953382545,-0.0015958502600516011,-0.06044836660432862,-0.002136157563644714,0.0003819739022170032,0.00012734906750516695,0.0015447437316604695,-0.06432943831449855,-0.053227011644359834,-0.0001600529694123498,0.0005397059051677755,0.0011608998688990568,0.00011868831112649136,0.001075745974462583,-0.05820848704302539,-0.0528718011683712,-0.05160804694531451,-0.0013972228113398044,0.004069679387197267,-0.001202897178098461,0.0,-0.07600790294698773
-0.0317023074366139,-0.027379704095800206,-0.010356807004074209,-0.04494263950029098,-0.016017917232132195,-0.00844140739114091,-0.007393572524872882,-0.016184867487508137,0.027801547388123626,-0.03872011924007529,0.013041309881678176,-0.037293647420150455,0.0,-0.04376293915310664,-0.020402327591067304,-0.030471518704708322,-0.040816329992025446,-0.0347115276303297,0.011931038572297437,-0.022193628329767345,-0.02641562053332458,-0.024668002681351664,-0.01931348267952465,-0.029524324964970705,-0.0326717678506781,-0.03190433206271259,-0.017897450106912516,-0.022715317405232083,-0.028428588159675083,-0.02171243745313589,-0.0211642847459938,-0.022563872171279642,-0.024559821507076862,-0.030275819623288625,-0.015726273719867512,-0.04228084539695848,-0.05054809033217178,-0.04836763481654227,0.014050531074196182,0.001141523815258061,0.04322589020324824,0.07028069065711628,-0.009463559028489388,0.07027483970515302,-0.0030502179010606367,0.0005714721160628988,-0.023967682790729306,-0.032198288337246916,0.0,-0.0006694119289933909,-0.021306784657829037,-0.010125928465868517,-0.026623118182670658,-0.031556493869506486,0.0011631407514813286,-0.025176132829564768,-0.0007535952676688273,-0.005438010574811969,-0.0010860879044753968,-0.006610886485941436,-0.03661229435448571,-0.0003556319575780953,-0.02487980565138387,-0.03822998678439882,-0.024770300872566264,0.001734104184639984,-0.020186016640285465,-0.019803798714710386,0.0007515396655171647,-0.024615718178057022,-0.03269795333292119,-0.023069117805715578,-0.015025403362588063,-0.024609663717402808,-0.02849641496599481,-0.011682154027716662
-0.04633243457058228,-0.0007954561964058082,-0.03830894327828582,0.020319810648969927,-0.03150053947972897,-0.018474130226331542,-0.04599069034346365,-0.03458069095441679,-0.03793911549728557,-0.147940062029466,0.00019646359963693127,0.0019405501975100492,-0.04376293915310664,0.0,0.0005155415681799558,-0.0005477047952007763,6.798860685525154e-05,8.331975030362315e-05,-0.021792164966257743,-0.00030119025241159836,-0.014423093275834409,-0.0005296722755546157,-0.038559531973483996,-0.032951652706054324,-1.6926266585559624e-06,-0.04127020858480551,-0.029633133540856615,0.011364947077363186,0.0013279501216557632,-0.00045642628696335175,-0.05280176180282803,-0.07647412100115633,-0.0008139267079873003,-0.023887216465972028,-0.005985825508184051,-0.018134780734926498,0.011406061968144116,-0.0006687747572537983,-0.0786897992910433,0.0,0.0007243279192452601,0.0008520411803744632,0.0036489156041291104,1.4564539190242698e-06,0.0,0.0,0.0,-0.07606134696938821,0.0,-0.06028524310737532,-0.001012531375374437,-0.0011473862216443975,-0.056215295988018665,-0.09957519819721777,0.0,-0.0533419192222534,-0.00010771044294460852,0.0017925590979648298,-0.06581775238932691,1.1102230246251565e-16,0.0,0.0,0.0,-0.08702711503221483,0.0,-1.1102230246251565e-16,0.0,-0.06065438707434667,0.0,0.0,5.551115123125783e-17,-0.059206629785310494,2.1550260510427854e-05,1.1102230246251565e-16,0.0,5.551115123125783e-17
-0.020898261247928818,-0.038828349802899176,-5.7228895896488385e-05,0.0008942492449192652,-0.0006107774749851136,-0.01130821015246869,-0.011342006067791066,-0.1129991296214003,-0.002022539690867464,0.013852740556632492,0.0,-0.00031104861089764624,-0.020402327591067304,0.0005155415681799558,0.0,-0.030077891333082196,0.00043250684733114886,-0.03561734022142632,-1.1102230246251565e-16,-0.05149831365229013,-0.0356156788403893,-0.03640144902126008,-0.016014261292481402,-0.027642062998669503,-0.03739990128140064,-0.05522202126331022,-0.023143899891584774,-0.02146584739621271,-0.019896156549715993,-0.0006254006642907872,-0.03195472764031693,-0.03348606325295134,-0.028307383404220232,-0.04027748590823882,-0.029176778396500402,-0.028908108627867246,-0.0022577123865156756,0.0001186671391148475,-0.037288687271368026,-0.06466434362044066,-0.04254867794854822,-0.03459205596791037,0.000957145805539128,0.0005763536668799141,0.0,-0.061148252731503316,-0.03299728533992591,0.0005306508003299348,0.0,0.0,-0.035348491011592764,0.0014794654178450495,0.0015258313021753178,0.0003624778189529332,-5.551115123125783e-17,0.0,0.0002240165411144801,-0.0326291278909982,8.294255662288919e-06,-0.014058175375093018,-0.04396763367742923,2.9576076633064385e-05,-0.02565381096433994,0.0,-0.0973925573859693,-0.030730483949418352,-0.04911655830306533,-0.02309880525745084,5.432924043313747e-06,-0.03980255192575893,-0.0411975847805609,-0.024014322964687196,-0.022319459097107308,-0.020719410475526334,0.0002937409980391381,-0.033816668870563116
-0.028860492249588865,-0.04909783531234985,-0.0006255004907148587,0.0003230765345825781,0.001979055903189031,-0.029426229839954077,-0.028935346244437887,-0.004570304547823756,0.0016557584233069522,-0.01751162356424446,9.163730102063061e-05,-0.03098444261110339,-0.030471518704708322,-0.0005477047952007763,-0.030077891333082196,0.0,-0.025086815944852736,-0.014148107574314062,-0.0001687641820408703,-0.04297020549269159,-0.039599361684834855,-0.03895660289644015,-0.025574971505156474,-0.01643760684947121,-0.030667303785320288,-0.05501409045893341,-0.030143021083590238,-0.03578964125987988,-0.04565979946843107,-0.04765017921699222,-0.02210756872425268,-0.02113702423329339,-0.035478009480998496,-0.028868624534173826,-0.02719634738350063,-3.947645090751628e-05,-0.0005770714532751242,0.001595150655073263,-0.03200987253916654,-0.030357096425558727,-0.030027886618439414,-0.042681782619625186,-1.0815076545045432e-05,0.0,0.0,-0.03187148193063444,-0.035995945140751884,0.0,0.0,0.0,-0.03429974136382463,0.0005863331514153747,0.0009526758080215525,0.0,0.009600734308347625,0.0,-0.008818586651002824,-0.04131978714859508,0.0,-0.02688041410316444,-0.03366770222798526,0.03524782229354528,-0.00451633491102843,0.0,-0.03449812963600235,-0.019378657682121936,-0.03882795649214077,0.0019172308476208544,-0.00988055366863122,-0.013149344742318547,-0.04388543679337065,-0.05196588490806314,-0.08146394433766219,-0.0419956975541772,-1.1102230246251565e-16,-0.031185536231171374
0.012397308662723094,0.0032288315299253134,-0.0011124699624645018,-0.00043707679106380626,0.0004805045228921112,0.0018985600988442597,-0.0012073307593331584,-2.096085253927571e-05,-0.016102027137380848,-0.045764645431932205,-0.018994409172884696,-0.05933735995760825,-0.040816329992025446,6.798860685525154e-05,0.00043250684733114886,-0.025086815944852736,0.0,-0.020261072360428456,-0.0012065549321175206,-0.011921702724927485,0.006958413577705103,-0.03917035597757251,-0.00019762726829197774,-0.028577826393256844,-0.009707878291914829,-0.03347765300190958,0.0004663371022236573,-0.03488630346503102,-0.007070321171148808,2.0703756063222833e-05,-0.033600636606857526,-0.018471109298207666,-0.036467621513582626,-0.029917082172444043,-0.02822110804117023,0.0006137028990818583,-0.0003182603813980389,-0.053066487201096524,0.0030940753592791914,0.014296766994210619,0.04735376960636328,0.0010035047121084162,-5.551115123125783e-17,0.0,-0.0926762056957382,0.0014320408061000434,0.0007188893714740741,0.0,0.0,0.0,0.0,0.0,0.0,0.0,-0.005485831206107017,0.0,-0.009561661227130813,-0.0005717541810040805,0.0,0.00037413596036378616,-0.0013992734463220136,-0.008158522401496227,0.001961820745780274,0.0,1.1102230246251565e-16,0.0,-0.00014166286022881946,0.0,-0.009580497262461518,0.008046283645633256,-0.0036251250535343504,0.0,-0.0020412448408721473,-6.517779874348761e-05,0.0,0.04294293883789657
-0.03067031202138709,-0.044761886252310035,-0.0009154937105975702,2.476832806153073e-05,-0.002304844789443372,-0.036143822618769195,-0.03676598532295405,-0.008262602650455919,0.0009626815174973435,-0.028805986731095024,-0.000644165819371878,-0.031363922690867296,-0.0347115276303297,8.331975030362315e-05,-0.03561734022142632,-0.014148107574314062,-0.020261072360428456,0.0,-0.009453924846630712,-0.028391700791178698,-0.004240485782533887,-0.03357452231439817,-0.016936543425161266,-0.026037475495107876,-0.03321438085214762,-0.04539408480247259,-0.043335454861894995,-0.03620281128028474,-0.039149338218461616,-0.0005666487500591288,-0.01995939259606616,-0.009719290237972966,-0.017371410359815043,-0.01693119774067381,-0.00987338254251574,-0.002379718941759923,-0.000495568415997516,-0.0205876114773349,-0.007752329871232977,0.01279275654137102,0.008230891835918075,-0.0061583692824268566,0.0,0.0,0.0020509208626433573,-0.022446843406878247,-0.02382307024972774,0.0,0.0,0.0,-0.0006765446229071714,-7.880862362497076e-05,-0.0003846817615939524,0.0,0.020945502068965283,0.0,0.007240969778719297,-0.0004813714669087421,0.0,0.00030096104205806773,-0.010996736825967357,0.012204118384167573,0.0014237696108152509,0.0,-0.01456862753399174,0.003340677998861341,-0.021029874062998277,0.002276013652500408,0.001960353814133453,0.0047552531016469834,-0.005938442569204727,-0.035293502510188646,0.0019106153334413345,-0.025144582871990895,0.0,0.02509089093889444
0.0,0.0013396252851008428,-0.04069987484495907,0.00011098778284396316,-0.025258875524286073,-0.014823556534306337,0.022817210252075504,-0.06921644958682871,-0.043429307738700546,-0.021272169784494088,-0.05733693616485233,-0.018408433584741646,0.011931038572297437,-0.021792164966257743,-1.1102230246251565e-16,-0.0001687641820408703,-0.0012065549321175206,-0.009453924846630712,0.0,0.0004468206289269805,-0.0004164533368486989,0.0010914902730518317,-0.05411288221915461,0.006283283362647107,-0.0009064471293500631,-0.0007577121292670075,-0.03167283381787439,0.0027727240131127373,0.0007807183802836515,0.001202422035713968,0.004728676090773043,0.007734730773084342,-0.03230393958521133,-0.0029393847663276573,-0.009985330890072974,0.01175122792796679,0.0017955140384743329,-0.03885878224181438,-0.073274031153924,6.155211367375735e-06,0.010228731668220581,0.02058881930510792,-0.07689272624660376,-0.002000249737192872,-0.00016043359274142688,0.0,0.0,-0.11000782579518209,-5.551115123125783e-17,-0.09550463359612821,-0.05475169101628452,-0.05586200478097564,-0.10705007696758834,-0.09204141669344851,-5.4017397975170134e-05,-0.029678914803392076,-0.0002170124488155012,-0.04414734514070462,-0.09001002061226726,2.220446049250313e-16,0.0,0.0,0.0,-0.08488929502004422,-5.6105456104571516e-05,0.0,9.235856950656762e-05,-0.06463737080418963,0.0,0.0,-5.551115123125783e-17,-0.06574960041614764,-0.05389043814324557,-0.01905986184516567,-0.0001934268283642071,-0.040585662423205826
-0.03483447232356729,-0.020988481504133794,-0.0006596072863374047,0.0010241771317441861,-0.001261081680279108,-0.02073018408370847,-0.011143717687974453,-0.003099874439278283,0.0006226617283331959,-0.027845138189589336,-4.7745221097295065e-05,-0.057531101395344175,-0.022193628329767345,-0.00030119025241159836,-0.05149831365229013,-0.04297020549269159,-0.011921702724927485,-0.028391700791178698,0.0004468206289269805,0.0,-0.022611765091432867,-0.023841340375815978,-0.05168248897813221,-0.07215032675414901,-0.03131703171426109,-0.046490505504523716,-0.02282589307353622,-0.01839163106411723,-0.03406720199648067,-0.02706491687791035,-0.017071589199358306,-0.03397405444195023,-0.031882661820167135,-0.03137012744049916,-0.021229245678348163,-0.02189264019756526,-0.02331735720429562,0.00461475953836149,-0.03688335510016022,-0.04728887567183482,-0.034579665017960226,-0.032896966258847415,0.0027967207686656614,-0.0019196452450179757,-0.0005154754721816701,-0.01763257075269531,-0.030909358394118625,-0.001182613460688875,0.0,0.0,-0.041223859812749064,0.0027983253818515408,0.0046201283285693395,-0.0012426918958988176,0.0006142987648155018,1.1102230246251565e-16,-0.00021807735749257429,-0.03480912125165114,-1.1102230246251565e-16,-0.025369686097003352,-0.04118900917243723,1.7204452693597716e-05,-0.04362355234773918,0.0,-0.026360506058840383,-0.024455661545162544,-0.033132720612837285,-0.03380110019132626,0.0,-0.02475276244551078,-0.04345058367229987,-0.029330031353960062,-0.03759613643771048,-0.025203440741283056,-0.011416384988741313,-0.037635950685066644
-0.05277630366742403,-0.041829042745157585,-0.004915252381157975,0.0007455504551659997,-0.0027199942479453343,-0.009039380011502174,-0.008300565014383254,-0.05579658491060985,-0.0015195875337005171,-0.009829877283785982,-0.00018200243788907278,-0.027615894918301964,-0.02641562053332458,-0.014423093275834409,-0.0356156788403893,-0.039599361684834855,0.006958413577705103,-0.004240485782533887,-0.0004164533368486989,-0.022611765091432867,0.0,-0.03948584620820583,-0.03831455296641806,-0.040324807006939745,-0.0011044806712742217,-0.05489499144307636,-0.026155123708045513,-0.0397524812231454,-0.017430415453723258,-0.034171499768944846,-0.03053427635451933,-0.04164807513576618,-0.027424985379565614,-0.047465022017463,-0.05494342104724459,-0.06506225941018207,-0.0011149621675789478,0.019338346714548815,-0.023147862864189572,-0.04617462417843571,-0.030900583796456105,-0.019003929241964868,0.0018813811060114372,0.0,0.0,0.0042397879954100826,-0.03137902954685051,0.0014006416482625905,0.0,0.0,-0.02943580237436394,-0.0005627547540597577,-0.04948808680730632,-0.0014372391057182465,-0.00037897837094469367,0.0,0.0011534268715451268,0.00037084504126044804,5.551115123125783e-17,-0.03396672959066155,-0.040032729156154134,0.0,-0.03926280754844941,0.0,-0.017667491203429364,-0.01047315829490797,-0.03925042008795876,-0.029207639807157237,0.0013056145584594558,-0.02401196174750375,-0.054654967764369344,-0.02826380139460455,-0.03830880016321908,-0.02882231837717608,-0.009160239236353618,-0.009449368077171671
-0.03293435090560043,-0.024238553350741543,0.0036576482132191224,-0.0006086342519143195,0.017340953732963515,-0.01999565855364177,-0.01935124819221079,-0.0349524802447434,0.006036679861209093,-0.010347995714080738,-9.690579641369323e-05,-0.02270492675159058,-0.024668002681351664,-0.0005296722755546157,-0.03640144902126008,-0.03895660289644015,-0.03917035597757251,-0.03357452231439817,0.0010914902730518317,-0.023841340375815978,-0.03948584620820583,0.0,-0.017113112845905942,-0.03855554719176074,-0.03649662230537698,-0.03994016028357611,-0.022283803582450412,-0.023971419323142895,-0.0316139602300084,-0.006273322927372593,-0.039350195507974584,-0.039261691199308946,-0.049063917653882405,-0.04541660629216887,-0.03397216589448365,-0.038999063484056185,-0.04266146349298411,-0.0019950771223015695,-0.042299949157173,-0.06624626302218356,-0.0451319156468824,-0.04334738297165913,-0.07256096759778641,-0.00011892550207454056,-0.00036109687977087246,-0.03877784471187684,-0.029547807218614996,0.0008137228107196748,-4.560909500683774e-06,-0.0001456571767821102,-0.03536972838921226,0.00173585600985654,0.0015602490218327714,0.0018076191448049839,0.007587066145426591,0.0,0.0003479765223276532,-0.02949300230584989,0.0,-0.03398483092203175,-0.04264685604539298,-0.0005644632285470297,-0.028783206272537665,0.0,-0.0349118589491999,-0.030248175551672196,-0.03473359828843853,-0.04117348422234807,0.0012658271384533015,-0.025934511459704657,-0.045046379637941614,-0.039003176395065675,-0.07215629120011557,-0.04009503140963416,0.0007696788220539208,-0.04752781404791995
-0.035478591511143354,-0.01988043881474305,-0.02748125228100523,-0.04135767141371388,-0.004415783159441633,-0.007432593399142595,-0.010137629801864168,-0.026583292121077184,-0.008887001429528307,-0.03659956077710913,-0.03325119500754864,-0.04401000194824789,-0.01931348267952465,-0.038559531973483996,-0.016014261292481402,-0.025574971505156474,-0.00019762726829197774,-0.016936543425161266,-0.05411288221915461,-0.05168248897813221,-0.03831455296641806,-0.017113112845905942,0.0,-0.03522980178823265,-0.009102008445784016,-0.028940184326779972,-0.06663411759981724,-0.028534210686289307,-0.023578604877635967,-0.034249621656252505,-0.0232490636487932,-0.034368415008043995,-0.040361217050530196,-0.022683299302056315,-0.025106646819948564,-0.02214076612936866,-0.031051712066251125,-0.04075836863846338,-0.03445085389312691,-0.02828378995505937,-0.024520705672925913,-0.015039669889042151,-0.052159145447907396,-0.029973230001736573,-0.0005340818107759104,-0.00023464446762899716,-0.03688452780188567,-0.02543736787958273,0.00043197528785787753,-0.03691726061062728,-0.02916917317223483,-0.006414762414812758,-0.04907239914858047,-0.04540649377563638,0.0016999244854774553,-0.034393413988432986,-0.002402487688494881,-0.015880113385262407,-0.057410749258775595,-0.01518089145044843,-0.027981409289514758,-4.1851733879383346e-05,0.006624207236617885,-0.030014171395533418,-0.02521190108363408,-0.020517699962508795,-0.032302781615206055,-0.019490271644331758,-0.0006604307585248992,-0.028042839873740066,-0.04699072674992216,-0.027991377374873727,-0.0346292404753723,-0.029095836187793156,-0.03446547382519044,-0.027547449393518775
-0.03497130845273816,-0.030523461283220255,-0.0011043247653060306,-0.002915302941491893,0.001104528720716258,-0.03485181915939167,-0.0004884901427801847,-0.03353443109796872,0.0012932611151924567,-0.03856047825913428,0.00572550124116028,-0.020528912158678247,-0.029524324964970705,-0.032951652706054324,-0.027642062998669503,-0.01643760684947121,-0.028577826393256844,-0.026037475495107876,0.006283283362647107,-0.07215032675414901,-0.040324807006939745,-0.03855554719176074,-0.03522980178823265,0.0,-0.03171774140415656,-0.035805242371361234,-0.02326123530619717,-0.027208363940821878,-0.07124177403042103,0.0005395401653359722,-0.01860004774921009,0.008495427492725305,-0.0015750457890302827,-0.01813477036738126,-0.023286291618231925,-0.012711777571365213,0.004502941328215049,0.0011522392347661503,-0.2557745811230997,0.005854283305660957,-0.04163742359991046,0.009417937180949576,0.0012836378015683159,-0.00042475083138743264,-0.022723153710599686,-0.04423828153284798,-0.0009251861810811723,0.0,-5.551115123125783e-17,0.00016530668149283834,0.0003486642904698134,2.301018313721759e-06,-1.6653345369377348e-16,-0.0006744654528217375,-0.01140298840199161,-0.00013122564116291313,-0.006963662371099522,-0.0003461070458068982,0.0,0.0003849183332736983,-0.01145732735474242,-0.021691619343783664,-0.011050396097239623,-2.014469885464054e-05,0.0005066125538126243,0.0009694262801860365,-0.0012296102010211918,0.0008077250209992393,0.005961498666817888,-0.0053366543399508415,-0.021799253416244946,0.0010759114997708763,0.0039148440320885824,-0.0006796746187806013,0.0,0.013533757551927372
-0.01903193633486283,-0.03031672406498992,0.00019223578636762273,0.0004827747209389943,-0.0022925975868817172,-0.03191433884439632,-0.03126862759153265,-0.00861480380462687,0.0019463772991163975,-0.03529413542734239,-0.017607554650408974,-0.04496311265053338,-0.0326717678506781,-1.6926266585559624e-06,-0.03739990128140064,-0.030667303785320288,-0.009707878291914829,-0.03321438085214762,-0.0009064471293500631,-0.03131703171426109,-0.0011044806712742217,-0.03649662230537698,-0.009102008445784016,-0.03171774140415656,0.0,-0.0453489417589541,-0.03387492777848777,-0.03681150294962926,-0.04401784678783954,-0.00024398282700699436,-0.030421200925399072,-0.013890002036437199,-0.03041433905205082,-0.02487533659274066,-0.017416498972055383,0.0019132422914278635,0.0003002068143166947,-0.020514379804935534,-0.018592088180416633,-0.001978299644545767,-0.0016069736910733767,-0.01613045473983621,-0.001098353586213019,-5.551115123125783e-17,0.003728420783608688,-0.02015337937906808,-0.0216449239238784,5.551115123125783e-17,0.0,2.220446049250313e-16,-0.034959348030715875,0.000807505333833225,0.0015018898835029715,0.00033508643929669457,0.009872668609605229,-9.433778271356053e-05,-0.0008502835289787569,-0.03407849316901662,0.0,-0.027502623114253444,-0.017276469582432397,0.00937237368144117,-0.00308298440894772,0.0,-0.012214967115661668,0.005315425103420701,-0.02242064670741184,0.005582091514755805,-0.009143306826965847,-0.002261725776024126,-0.01374671841514924,-0.030237048472937622,-0.039011270085954675,-0.02478939884621234,0.0,0.0034503108970108665
-0.04674748872780499,-0.05280930281070273,-0.000782727889717838,0.002394597275871768,0.022793478876821316,-0.047056420550039,-0.03060890087982293,-0.03723774641772126,0.012450224361715723,-0.06529113440037887,-0.01228333699068701,-0.06183136710597892,-0.03190433206271259,-0.04127020858480551,-0.05522202126331022,-0.05501409045893341,-0.03347765300190958,-0.04539408480247259,-0.0007577121292670075,-0.046490505504523716,-0.05489499144307636,-0.03994016028357611,-0.028940184326779972,-0.035805242371361234,-0.0453489417589541,0.0,-0.04051662958199498,-0.03881321138802035,-0.04676529226234899,0.00019004169370417934,-0.0481243132919556,-0.03952859300092776,-0.055965975430710524,-0.04513490518279356,-0.048359662080348975,-0.02720798282562481,0.001013044276310826,-0.03434090109330429,-0.04471623100663552,-0.025553476514048656,-0.03576014173717157,-0.04364128982757187,-0.0029996059620500115,6.239540770658358e-05,0.004079156404178386,-0.043074357137143304,-0.04470012677259849,0.0023376354937990063,0.0,-3.445927146045191e-05,-0.05351124846599509,0.0005929719565777036,-8.383086311869459e-05,-0.00041852720268492627,-0.01379164085460094,0.0,-0.02088961224994129,-0.04862816556569416,0.0,-0.03644737966521289,-0.041438407843914116,-0.015396471802552103,-0.01817207941890825,0.0,-0.0555842162662783,-0.0425077169141837,-0.04934551825201977,-0.051361234273399226,-0.023165752486089486,-0.020326471496668053,-0.04286644754025282,-0.05689996388994123,-0.05022880756638992,-0.05264920720233235,-0.0002061974020536872,-0.02674848152349152
