0.0,0.3919083459915554,0.3700934647738289,0.0,0.40567688711915506,0.3150108985997462,0.42979060263379526,0.2215170971338561,0.44216551146825145,0.4054596781890083,0.42916912940381025,0.3462767970685483,0.40077524367515227,0.028058765404611885,0.34966850851433234,0.5007269438384658,0.4957424459761103,0.3368837486655305,0.0,0.3464462231232178,0.16057480359465431,0.3714119436917882,0.3465001259977382,0.40323089196185813,0.3702334980882447,0.28023611092735645,0.4317164977753436,0.3325741473025803,0.10086285205396056,0.6445137798522367,0.42898561168104404,0.5575587959474387,0.665300951631314,0.45259887253867903,0.36718447094537415,0.3434875917110098,0.5028441649418784,0.5168588687123645,0.49403196586375064,0.4828855315280525,0.5358289881845295,0.5702539763465526,0.4704605796170133,0.0,0.4698509737223702,0.49396112437816575,0.3396119318109543,0.0,0.0,0.0,0.5046998443728139,0.0,0.6014460163801949,0.0,0.22057695438782388,0.0,0.5784755944526286,0.7244392095496804,0.0,0.5716410202607229,0.3344906209053081,0.29162183381645884,0.5112829911251802,0.0,0.483125332363893,0.53553939202893,0.3474117929369854,0.6592913372094553,0.36490550278582545,0.5029741026132464,0.3068205865981223,0.4705417886861476,0.3871839472377824,0.4546600066433189,0.0,0.5239648767171228
0.3919083459915554,0.0,0.6167336010550625,0.3357818112834221,0.5339807199389205,0.3705766086393583,0.4225094412920062,0.4784282120350794,0.33427867935434735,0.38535382495234016,0.3240445603858697,0.14402330449090323,0.3937277400203762,0.49538906061514215,0.28171189314306894,0.26659535121323363,0.6213626449041691,0.2896587298796475,0.6403772216699103,0.40649657565430314,0.3157884599680493,0.451409888665677,0.5367399323889775,0.18128965576266423,0.324949207856371,0.1530406320399228,0.43675018855830516,0.2895365493503085,0.22984112535431925,0.43815227911063825,0.2633035283039972,0.2593302312459718,0.2462596858406416,0.20224779263160123,0.2655971191667843,0.4650585339065402,0.226139281241719,0.0,0.19792443125071682,0.20415737485777197,0.2076923454661489,0.14135169954365898,0.6307046756985819,0.0,0.0,0.38612492060425757,0.34788229415429295,0.043053261417200124,0.0,0.0,0.29084869783421813,0.6274248531021069,0.5606559895390482,0.5681699545412086,0.38610086996356674,0.0,0.022908950323490218,0.35601291856821005,0.0,0.15830646447556562,0.2316951331474332,0.6327795462328638,0.3677177942237023,0.0,0.26557164491921026,0.5106413635741346,0.3546340708744773,0.2738421648722128,0.08386904535339645,0.3153257048704935,0.22231841135668073,0.2935753821442926,0.12535622042189232,0.23925949186023077,0.0,0.2148829497074688
0.3700934647738289,0.6167336010550625,0.0,0.3895192109297135,0.4477619698370215,0.5735256981649838,0.5832626740681112,0.4507999413649961,0.1999417678698255,0.3358270698493277,0.2608842961998111,0.3513305155054154,0.5828902490897481,0.4070945793078279,0.3442695273534926,0.43853106586789026,0.612294266884277,0.5225502197764459,0.2688785783968186,0.3902540867826709,0.38858032592483094,0.598656250956104,0.3973937864187065,0.40326642029682325,0.5228092626805955,0.48258951001216377,0.2473982021213809,0.6000202763621734,0.6161170940057221,0.6003987476796722,0.5933647101156975,0.5361868585461548,0.30841269203954635,0.5779742769451428,0.5299461370043028,0.47072963217489505,0.4078593959825982,0.16456296438702878,0.46212884691388884,0.4940791909605682,0.35353333465985953,0.5746587077006411,0.30347241655242707,0.6820425224085531,0.0,0.0,0.20043308525426257,0.5473882653764499,0.4766532393661137,0.32907292050153514,0.4066652039235831,0.530564064297485,0.355993145932085,0.5197096126928262,0.3688854332755628,0.7225928319048192,0.4702829615608375,0.538110590484596,0.31389561348591144,0.24655682409281596,0.0,0.0,0.0,0.6891579120522636,0.6351308801031581,0.44338510785199176,0.10272579950437019,0.5001605464812612,0.0,0.6341501642330176,0.3519063485536873,0.4886758436041315,0.4282068177080569,0.43199783008193415,-0.044062037469451865,0.227456109327649
0.0,0.3357818112834221,0.3895192109297135,0.0,0.263350789860435,0.4564195099637352,0.02811444262402729,0.31097146146535637,0.6046370213431645,0.10991124457198981,0.46612510759537196,0.2978867358734835,0.13112443860327688,0.5692015724735461,0.6144625716633235,0.11721451725215344,0.547900452108798,0.46864799892923475,0.5941273893772678,0.593761162662567,0.4175850701779317,0.5451791576618432,0.22688405886648322,0.23199838108581086,0.8763056599668271,0.6269409163588708,0.25672799265022384,0.29083749705772705,0.4638783105695547,0.48076039501295087,0.3547092766306884,0.31648765479416097,0.167661469466765,0.18499115407780467,0.3628238124467619,0.17425623749889774,0.17535710180446076,0.3125101361973086,0.15995777882271545,0.29353575713347047,0.3787934348755818,0.28994131248577093,0.2254907653985403,0.23856700371706605,0.0,0.0,0.0,0.399159777757944,0.0,0.0,0.5976580632972867,0.0,0.4650839795253447,0.03667126750253604,0.0,0.17694119322056695,0.47326139326412686,0.4523117544725374,0.0,0.0,0.0,0.0,0.0,0.0,0.0,0.0,0.4743697528470846,0.3116946908000336,0.0,0.0,0.0,0.5071062919081468,0.5444128947182962,0.5837713266581124,0.0,0.0
0.40567688711915506,0.5339807199389205,0.4477619698370215,0.263350789860435,0.0,0.37917149161174857,0.47506748952705524,0.20130035106571154,0.3349511859662603,0.49385226566504126,0.34832906527589835,0.3653458704839272,0.5182218027316272,0.26321823537550654,0.4904742556285469,0.6698853322327529,0.5912832398449495,0.4523241403330056,0.4098636807437171,0.5968096978185982,0.4932807071583644,0.6984535699281165,0.5225433800882886,0.5373634018375768,0.5580804474969103,0.713004285819953,0.569991068055699,0.39610732858533926,0.6263766180532492,0.5100393771684605,0.6185033236002674,0.1476108781747651,0.22002006367722482,0.47254936985272245,0.45347956793691196,0.305970307885466,0.2812146822215054,0.21792787093179564,0.3747843044706627,0.7185540752943704,0.5616895591752866,0.4011988527247793,0.2655414737103512,0.6642042961630221,0.25210292962100456,0.0,0.4205095322700435,0.479336558409271,0.0,0.16383525994639195,0.5658129100992808,0.5535561221445446,0.590463755964304,0.2851844621321322,0.0,0.275792131040591,0.34794731965869363,0.6604197298001634,0.31158817365525693,0.2536066790303557,0.4575755239110356,0.0,0.0,0.5643640993194756,0.3135757257229531,0.4968482436261763,0.3725203616056137,0.5484057144863304,0.0,0.49437534253628257,0.5626931719867976,0.483351492915085,0.4736098121953981,0.4071481699838331,0.0,0.4644122924565075
0.3150108985997462,0.3705766086393583,0.5735256981649838,0.4564195099637352,0.37917149161174857,0.0,0.5044957903792112,0.5644808629002716,0.3451239895110916,0.4125467961513492,0.16268001046930486,0.42550182068120657,0.5318943403346992,0.42184227658669415,0.5653366334733849,0.41675681140292586,0.5445661430803359,0.3547205906406899,0.505125505740481,0.39356216481834233,0.5396011589164755,0.3691971223119961,0.5456113572328338,0.15231997237364478,0.35267786496513737,0.3404267630720441,0.5608429585650385,0.5061219042028401,0.32579936231954587,0.5416375217938052,0.6223483120471991,0.31563623412346936,0.5177694067072078,0.5053509861296201,0.507952543670172,0.6444689225303444,0.48455625789198614,0.30580017970983586,0.48212781297027285,0.16465212191009432,0.46794277560328823,0.5900787448545814,0.5852513456305022,0.5061521878071386,0.19484716180774103,0.37993703721775474,0.3803939577019559,0.50581736952379,0.5644711143560166,0.44501531341997547,0.4691678309163906,0.6263703313685605,0.5245984275771189,0.47784258538831503,0.6945994189896474,0.6033201222306156,0.34514772928919846,0.576673104417379,0.5047605177924052,0.5680136881329352,0.264172901491005,0.0,0.24471911384671466,0.4096165921255639,0.5433134010460878,0.3284350128573037,0.41833066241973543,0.5255625193876265,0.5729914790903665,0.3059069593308639,0.2633979887197831,0.4762515071982526,0.419621087564102,0.47026623232070724,0.3544397326196733,0.450034743067695
0.42979060263379526,0.4225094412920062,0.5832626740681112,0.02811444262402729,0.47506748952705524,0.5044957903792112,0.0,0.4502148558120036,0.5715307043487801,0.23987230546849725,0.7127924074186567,0.23486220408779143,0.6132897568529608,0.20150290724285433,0.4328287045651805,0.4400512811826867,0.5948829982861508,0.35209331285705886,0.697699021979999,0.5001498968586678,0.4198912344329581,0.44268008091348776,0.5338340943598585,0.5219820289531221,0.3931432666265176,0.44853971763568,0.44452309828660413,0.6316522304117875,0.4400897453082214,0.048674980522515454,0.5483347316367286,0.41725874708242444,0.44408718706381706,0.496188442964372,0.5397130886600051,0.1527037763978733,-0.014566888308801262,0.3752774041505944,0.6334841197858436,0.43571782035770223,0.6275993929779643,0.8140438694787386,0.512213300257032,0.8290043113951819,0.35392724714597157,0.0,0.28092279789825336,0.3738754815503098,0.0,0.3965045133924503,0.5168697739667134,0.6079317259061259,0.4912580619676774,0.4420214079260505,0.5920917915965329,0.3761758252305044,0.418890624644055,0.5016544813732783,0.33410454743776474,0.3226416412881752,0.6078319386449872,0.0,0.5369975935862026,0.4964785073952738,0.42747668904467984,0.48311693768489083,0.2883863206174727,0.5377905367368568,0.4631857684474553,0.1480728867315419,0.2820227040937071,0.5121995911824918,0.4945889904533314,0.41353610713082734,0.37770868586692286,0.40749557209248183
0.2215170971338561,0.4784282120350794,0.4507999413649961,0.31097146146535637,0.20130035106571154,0.5644808629002716,0.4502148558120036,0.0,0.3444988448777825,0.04403492501400996,0.3129247745671616,0.571817561601366,0.5078950250734622,0.5290273374576391,-0.0117274930286278,0.6594604997187459,0.47849316104158646,0.5875172038423611,0.2867810277034534,0.48443311979077675,0.14532184779646462,0.30714230994051606,0.40184657825237696,0.22666725378787475,0.5647997600889955,0.3520927451392124,0.43324886825138736,0.3759612575381951,0.4341993764519815,0.2846493625855032,0.4412060219629348,-0.03677586002453448,0.5476181214806556,0.4491239730349087,0.35846519498987417,0.2519695752786043,0.24496292039194462,0.6106109856016421,0.17785752503120802,0.41518106547020783,0.009373017195418415,0.4817714494943167,0.199952391619991,0.29209622790900297,0.0,0.2519547150045424,0.3735110609659288,0.2958681548541915,0.0,0.06541579154678201,0.10004730680792684,0.4357639702448436,0.07398287514179952,-0.01837625248304292,0.8241866400466185,0.2652872768343693,0.9830166447182227,0.4208100105410165,0.2217086338378263,0.5119933089683373,0.38874450403248106,0.0,0.6741097455416726,0.2583741059401994,0.10773930078962879,0.5895110838732227,0.15127675922111503,0.28358472469934826,0.0,0.2345984028898869,0.03577481997715304,0.1755169278073031,0.2604433519189927,0.20987237271309445,0.3002645018069066,0.11044475256755448
0.44216551146825145,0.33427867935434735,0.1999417678698255,0.6046370213431645,0.3349511859662603,0.3451239895110916,0.5715307043487801,0.3444988448777825,0.0,0.5761784248243434,0.17756811303215483,0.5204193831902605,0.8278586077552492,0.36705720701278877,0.5900195925062233,0.6082931892354492,0.34675180959620744,0.5862423740404941,0.13563492181087114,0.5977820684542567,0.41579036018734805,0.6282300972926513,0.5584743526837578,0.6003581917180272,0.5703904634710594,0.718006666641472,0.1862653925270027,0.6758816360614914,0.6385210691853009,0.690012757062925,0.647113550313172,0.6524872646553395,0.5237001795246807,0.647338504417686,0.5757002779454395,0.616467720416205,0.5975723095786796,0.5414201564899856,0.3745868515863051,0.5280845876537072,0.4303039027538851,0.5658328400080856,0.10521237337311223,0.4150295516390896,0.28383837513987864,0.0,0.511638326708697,0.3802937590366805,0.47087834361096725,0.21382461065621391,0.40274822142201494,0.5541212917291009,0.32450057446032105,0.25881987117114236,0.20486527428805562,0.3943790894653726,0.4652858025230029,0.3900639756379628,0.2358737118325923,0.4499064109569809,0.6975029971820897,0.0,0.0,0.2658222676383749,0.6094712131856136,0.666694347755679,0.5701363359309538,0.4383525218953751,0.31457212688516084,0.5665501840455134,0.2863026333849344,0.38753254967631834,0.38460270195799623,0.46947859237176415,0.4883338167806031,0.4816358591375361
0.4054596781890083,0.38535382495234016,0.3358270698493277,0.10991124457198981,0.49385226566504126,0.4125467961513492,0.23987230546849725,0.04403492501400996,0.5761784248243434,0.0,0.6219206411437223,0.1509839623691946,0.2569690468504301,-0.039488476158525465,0.5727016647758577,0.35666716582219304,0.2717757882370243,0.3128776849987146,0.4727132344320878,0.2426057890647764,0.6080653599955179,0.43091310853263787,0.25847986013010205,0.2006636587504388,0.47243802954736014,0.21611886572653577,0.26990794479637004,0.28145422954369553,0.24773481389345617,0.41792135152440546,0.3432659364710153,0.05940393072633143,0.1945568338183017,0.32046100567325575,0.23586376043782412,0.27770489230892864,0.3639708357133268,0.14218600721736302,0.0013275520756808046,0.11201031025654976,0.11344535164795005,0.35677513745995987,0.29313077632996065,0.3050334794294197,0.1380304725397296,0.4849883188215216,0.4932460968267768,0.1543103238520632,0.4772299372684524,0.4618500777842268,0.5331792342503137,0.46153702095921506,0.567308190321901,0.23103378204522151,0.22948165969314857,0.4202687560771426,0.2569862324700096,0.6471257658798543,0.0,0.9066868389766356,0.5363435197205708,0.20783013947349238,0.3085467490600582,0.4807302566065429,0.47327538355642385,0.5721389148782026,0.3397877424882077,0.39817862285924793,0.1797148291719535,0.2913750210582857,0.3242383070376527,0.5636170558229987,0.5770653070493106,0.39913676470831777,0.0,0.691212774473348
0.42916912940381025,0.3240445603858697,0.2608842961998111,0.46612510759537196,0.34832906527589835,0.16268001046930486,0.7127924074186567,0.3129247745671616,0.17756811303215483,0.6219206411437223,0.0,0.4175946737249589,0.6389460735877479,0.5533727436940497,0.0,0.5187576477447068,0.39761576570522217,0.5952976930073808,0.08597262972989611,0.45756464867207103,0.5460036592788466,0.38461991213538904,0.33420853354739716,0.6085349884683928,0.44816578750275127,0.5010178580654965,0.2280154525739146,0.6197820526782621,0.409610820330186,0.5463906501123,0.5795408476969943,0.41189352558746045,0.4130251822250048,0.6087448878691942,0.5582403964451363,0.6138146245995417,0.7034305138256973,0.4345456183824491,0.3541716657397076,0.5601834968273224,0.5572030865640027,0.457045720492154,0.419173529239837,0.5742097486493567,0.1881633554198005,0.0,0.0,0.5406918729940732,0.4771184163795087,0.2343059001218264,0.3195019796978923,0.35438757285838196,0.30586434829866227,0.08962519932851212,0.48953370447543476,0.5238261169267593,0.3876873733362055,0.38681852129625816,0.4284868862588876,0.0,0.0,0.0,0.0,0.4464849565252838,0.35117552581415246,0.0,0.674666913231265,0.3455661268929351,0.0,0.0,0.9439114261157352,0.41081606079490934,0.30797905522724267,0.3615948735806712,0.0,0.27025735009748547
0.3462767970685483,0.14402330449090323,0.3513305155054154,0.2978867358734835,0.3653458704839272,0.42550182068120657,0.23486220408779143,0.571817561601366,0.5204193831902605,0.1509839623691946,0.4175946737249589,0.0,0.17798651623500078,0.6220479825397063,0.40619753105404355,0.29336407701389566,0.2027745680053904,0.409952761508635,0.41550782389459173,0.018465924663783495,0.4167307292701711,0.313263506861002,0.18535018277660037,0.2765043966186254,0.2727486752744381,0.15372680487147306,0.29330195067010945,0.2894599389478445,0.1871419446375835,0.29974503365954064,0.23701059213701464,0.06506819562455876,0.21663559674452862,0.1299722047528667,0.2425517526803775,0.24045653852496984,0.2699349218265652,0.1611777973324379,0.37361654717054094,0.026134268117061432,0.03947485379066967,0.29732705622583366,0.4386867800951354,0.45689304360521266,0.22568157108846773,0.5161034806060845,0.5601252687550311,0.25737458145025516,0.193642981052233,0.29160270858405996,0.3495153824079875,0.48606841270333745,0.2524262627464279,0.4173401663586802,0.1121563855849545,0.23569923320456407,0.3272491504877549,0.5210456767685887,0.7249778340402303,0.653823898149779,0.532538103410931,0.037331261942293525,0.17709347087499727,0.34648769294030624,0.7832563464807752,0.770185805287531,0.439255377498151,0.4870002257091386,0.09799428713447056,0.14952600424285623,0.21353751064350657,0.3243281140598485,0.6300319864108894,0.4968154329853961,0.0,0.1596166192989856
0.40077524367515227,0.3937277400203762,0.5828902490897481,0.13112443860327688,0.5182218027316272,0.5318943403346992,0.6132897568529608,0.5078950250734622,0.8278586077552492,0.2569690468504301,0.6389460735877479,0.17798651623500078,0.0,0.283663830178784,0.4404071355080197,0.4473387493152593,0.20976662941294857,0.39576798012038095,0.662948474032148,0.47071617871666427,0.3998306152094793,0.4174101327967986,0.5193320120683429,0.20006040408135198,0.43003924996759035,0.4316196098784397,0.484891746535668,0.4491370006846087,0.4223797229006236,0.4259572806897328,0.345826160946287,0.37494715426968844,0.3192316453160351,0.25162255022393243,0.3358970415303795,0.27295115355179933,0.09707876251962727,0.04445692657636907,0.6509598001252123,0.5026600143262007,0.7091318676629143,0.7573819673482196,0.49268000554858293,0.720460962799018,0.4345481984043702,0.6427471337823021,0.4564134371327401,0.481451255947657,0.0,0.676089894115753,0.49511053345172795,0.5687838887536238,0.43853609024638324,0.501570812268132,0.5633846314167239,0.3827541199955976,0.5041120092072451,0.6051417954305104,0.3895057362862244,0.5021586608094235,0.13840576474766178,0.40132891881561994,0.3036461271899943,0.40437907687750735,0.44975149819738885,0.6020753601756014,0.42188277426608234,0.5293427095472596,0.5165615611020837,0.3008136206258306,0.2565564225971164,0.5088488709070427,0.5306989667589048,0.44656689846378067,0.3068596949214443,0.4830377060555242
0.028058765404611885,0.49538906061514215,0.4070945793078279,0.5692015724735461,0.26321823537550654,0.42184227658669415,0.20150290724285433,0.5290273374576391,0.36705720701278877,-0.039488476158525465,0.5533727436940497,0.6220479825397063,0.283663830178784,0.0,0.5305994653594468,0.5619151833393077,0.4993831125570012,0.47617467879238445,0.49475033103358534,0.38809519281200144,0.40214688618234984,0.2746179707843912,0.35916985953864045,0.3315449269465668,0.4953057646370802,0.09904868911181497,0.4194531333564222,0.5156245578741159,0.39294403633978525,0.8126754560535171,0.11201666895345791,0.06557858744364517,0.2523297811314249,0.5378315211549403,0.31280276253903655,0.2280803006183323,0.3784601934083369,0.3904749930909269,0.18535514082637844,0.0,0.7090725525948417,0.8489554199702516,0.5781997505732478,0.4759900290096113,0.0,0.0,0.0,0.06634901429219359,0.0,0.10952565802561331,0.44668311674363365,0.41967426793986023,0.2043859617408879,-0.16050438503497638,0.0,0.2558687092106893,0.4109300105198881,0.7535008485771774,0.011399357155721046,0.0,0.0,0.0,0.0,0.037965156803994926,0.0,0.0,0.0,0.21798263995852865,0.0,0.0,0.0,0.1438999884537564,0.7461992112184417,0.0,0.0,0.0
0.34966850851433234,0.28171189314306894,0.3442695273534926,0.6144625716633235,0.4904742556285469,0.5653366334733849,0.4328287045651805,-0.0117274930286278,0.5900195925062233,0.5727016647758577,0.0,0.40619753105404355,0.4404071355080197,0.5305994653594468,0.0,0.42470745294946,0.4601308513698323,0.2960324872725113,0.0,0.3088077511194357,0.21634797034127173,0.3661730380710472,0.550592762263376,0.347096497893829,0.2963440852204996,0.20066988342979045,0.4565462708279768,0.3495952864933947,0.42276233039658545,0.47637239442832585,0.3775905520093827,0.22310376354329567,0.3845230286493051,0.2858657893487153,0.37579724172087436,0.46845666426569105,0.47520420898279797,0.3772552158352669,0.18961315643907115,0.11214438068676383,0.20724789978122513,0.2580962414711474,0.5034671871995245,0.6196553182895982,0.0,0.09195418068384159,0.37838084194670485,0.478914331684853,0.0,0.0,0.2723902736521684,0.7059430326785966,0.5793198168566543,0.5502495728768464,0.0,0.0,0.6762816423064314,0.3545522858001353,0.4785902330197055,0.5986320320299581,0.31454726247804465,0.6216058576735946,0.4909998127685566,0.0,0.26673499686080304,0.38594870762928046,0.4564117952685058,0.6418739362082829,0.4663623480395626,0.2807469770509659,0.2878881855965711,0.5150509133718667,0.39229087799557416,0.41330444173625075,0.5510415066415877,0.2564469613943321
0.5007269438384658,0.26659535121323363,0.43853106586789026,0.11721451725215344,0.6698853322327529,0.41675681140292586,0.4400512811826867,0.6594604997187459,0.6082931892354492,0.35666716582219304,0.5187576477447068,0.29336407701389566,0.4473387493152593,0.5619151833393077,0.42470745294946,0.0,0.32347151932165197,0.5908533189063375,0.4579807287221805,0.22127565324289622,0.37462969692545955,0.28985328817924016,0.5201873223670996,0.48096915650244065,0.42767903560206666,0.2522716136506088,0.42695132340140074,0.34881703735014136,0.22128440462565177,0.22798604170671233,0.39830928997890414,0.3756322671541196,0.18022322096950408,0.23517182468287492,0.37661901038863255,0.62209300126764,0.3796862353933783,0.611387461977683,0.3084702296927633,0.27126489944475896,0.32017631198367547,0.1919174309136656,0.46680911414365056,0.0,0.0,0.31423758426194537,0.37879122721490244,0.0,0.0,0.0,0.284685629493638,0.6009731648662167,0.8294511425764697,0.0,0.615794259465866,0.0,0.36976029302627755,0.24664511003290757,0.0,0.4260056402743122,0.34559729768658365,0.8112269910390877,0.5708244523637396,0.0,0.28161963498766107,0.4928109332315695,0.2822054615936279,0.6069101952020557,0.3367397436286399,0.5487186847368917,0.36675363995025134,0.24698960606245468,-0.0335908684554162,0.2837076162217979,0.0,0.18034502412169234
0.4957424459761103,0.6213626449041691,0.612294266884277,0.547900452108798,0.5912832398449495,0.5445661430803359,0.5948829982861508,0.47849316104158646,0.34675180959620744,0.2717757882370243,0.39761576570522217,0.2027745680053904,0.20976662941294857,0.4993831125570012,0.4601308513698323,0.32347151932165197,0.0,0.5366926022766825,0.6570455043805612,0.38599000979042497,0.6409605435188008,0.3235581369962835,0.4992148131591901,0.4152242964011644,0.5383119467720003,0.3023009443402493,0.5597544084431098,0.5627163864970813,0.32811644101499576,0.5149161339822446,0.3239979821793542,0.4795053933727621,0.3950592054956309,0.3461488124693115,0.291338808931643,0.6231210014902648,0.25478270770367706,0.08064573807471048,0.5862271693964938,0.5029243050649509,0.7966756625916661,0.5469012631793312,0.0,0.0,-0.0897619196212221,0.6651653349432107,0.5504439611207737,0.0,0.0,0.0,0.0,0.0,0.0,0.0,0.47788910117746175,0.0,0.43639567573170246,0.31900801518507,0.0,0.8054741676735689,0.4101755109117009,0.46401386431237357,0.5098440613863701,0.0,0.0,0.0,0.5238790778890872,0.0,0.5338112113678016,0.62220645443493,0.5680306948174865,0.0,0.2902368698937601,0.4782689610564942,0.0,0.8965544090073642
0.3368837486655305,0.2896587298796475,0.5225502197764459,0.46864799892923475,0.4523241403330056,0.3547205906406899,0.35209331285705886,0.5875172038423611,0.5862423740404941,0.3128776849987146,0.5952976930073808,0.409952761508635,0.39576798012038095,0.47617467879238445,0.2960324872725113,0.5908533189063375,0.5366926022766825,0.0,0.4012786294669682,0.3208725851964006,0.6095281271201801,0.2819575989871512,0.5417314081868158,0.40631686897268454,0.35996659918346696,0.19370536375988118,0.31083557893927893,0.2749178507809042,0.23058065974789949,0.5617960724691895,0.39252659737238665,0.5105815165005747,0.5057013307382633,0.4840893232210664,0.4327009514285339,0.5749661389199381,0.25561684638460397,0.25121216791894496,0.5423732213825276,0.5789987204444267,0.5617431818390959,0.45318731362162323,0.0,0.0,0.5849548312507428,0.45273699060424916,0.4404239133094551,0.0,0.0,0.0,0.5240411891771906,0.5521424419003736,0.822446967360648,0.0,0.7098613380988523,0.0,0.6126849115937918,0.52439360747781,0.0,0.6131105461793227,0.4802794438047128,0.6528174776571988,0.5614566998132926,0.0,0.34020354887225435,0.702126737720551,0.38952384037503424,0.7810813301759438,0.6368434877009377,0.6099431379486512,0.5851750193563177,0.0874548993825694,0.6693577845180962,0.31696992744211905,0.0,0.8430686281382147
0.0,0.6403772216699103,0.2688785783968186,0.5941273893772678,0.4098636807437171,0.505125505740481,0.697699021979999,0.2867810277034534,0.13563492181087114,0.4727132344320878,0.08597262972989611,0.41550782389459173,0.662948474032148,0.49475033103358534,0.0,0.4579807287221805,0.6570455043805612,0.4012786294669682,0.0,0.5557462517815971,0.4424417853587705,0.6834783505310543,0.2596773739452018,0.5571833321343157,0.534536731217383,0.5257219713030431,0.3551598979026769,0.6660840822445915,0.5953227926212046,0.6213275109846558,0.6392801029285908,0.6828180598465523,0.26410424990848913,0.616505670232708,0.5038239327977959,0.7388938954512156,0.5698724601742043,0.21656288779247196,0.2186959584824047,0.40739472614895844,0.47564535094311344,0.4141070035122143,0.31197413432328497,0.3436971208953592,0.4078039670176665,0.0,0.0,0.37083058426383786,0.0,0.1080933064640808,0.28918214273090187,0.25928413272066625,0.1196681272145596,0.1792420732687391,0.9223550156433654,0.5229454910838625,0.5522690277039264,0.25218754200659554,0.0512096653043273,0.0,0.0,0.0,0.0,0.45437996431649863,0.47695647599758484,0.0,0.4962989451679576,0.3244308478260209,0.0,0.0,0.0,0.29374873359484777,0.21448052191948797,0.31642634405729214,0.4638479617598785,0.13411974385921688
0.3464462231232178,0.40649657565430314,0.3902540867826709,0.593761162662567,0.5968096978185982,0.39356216481834233,0.5001498968586678,0.48443311979077675,0.5977820684542567,0.2426057890647764,0.45756464867207103,0.018465924663783495,0.47071617871666427,0.38809519281200144,0.3088077511194357,0.22127565324289622,0.38599000979042497,0.3208725851964006,0.5557462517815971,0.0,0.42614514960142885,0.3857040815007278,0.3197273843502576,0.08349308383112042,0.3605146533977036,0.24289258248977932,0.4572019905001049,0.5158733200672166,0.35062833479081,0.49729001480302615,0.47795724663058436,0.24157134885571566,0.27112028716983294,0.37161162800213376,0.4603655517886158,0.5931726721235387,0.30439296869380317,0.8132545605869314,0.23841426583994976,0.15664344239907818,0.3323551764137871,0.23929513696296145,0.5364640806172434,0.23555808767521644,0.20692930508487573,0.34427312188767567,0.30403427361650703,0.4859581456721094,0.0,0.0,0.24718557416374373,0.6370631635909882,0.6659319051573668,0.4429568148452887,0.9394439103780947,0.0,0.5738427402746339,0.3537735321940567,0.0,0.4574331823436971,0.1982682671266378,0.468249149356101,0.1741965290295679,0.0,0.4094295892963612,0.3781115016860793,0.327961053104739,0.3799135400518534,0.0,0.2878237661699381,0.17096521175337848,0.38223461549577353,0.2894047644367653,0.4102049917057786,0.3774108884297569,0.28627672443383556
0.16057480359465431,0.3157884599680493,0.38858032592483094,0.4175850701779317,0.4932807071583644,0.5396011589164755,0.4198912344329581,0.14532184779646462,0.41579036018734805,0.6080653599955179,0.5460036592788466,0.4167307292701711,0.3998306152094793,0.40214688618234984,0.21634797034127173,0.37462969692545955,0.6409605435188008,0.6095281271201801,0.4424417853587705,0.42614514960142885,0.0,0.22550270159681096,0.3033259194648369,0.23952569948730532,0.5388018712217719,0.1880771841661912,0.4398080146601647,0.2560145412798799,0.3848502365673887,0.25465417623571035,0.3677286386350018,0.09146168471993649,0.29612989515572885,0.17042207314002294,0.17540786866699765,0.2261273229514264,0.3371341686518813,0.7433337250106435,0.35590599441267534,0.27500615415029783,0.24376739698554303,0.33883860241577485,0.563521259824947,0.0,0.0,0.592900774539961,0.3744965289226748,0.6516332213064249,0.0,0.0,0.3519786020221005,0.43660058941683466,0.43610363946418346,0.5276127744952104,0.6125598552434564,0.0,0.7514967556997523,0.5758889003621488,0.0,0.35165814495357284,0.31577185212998565,0.0,0.05943738588489658,0.0,0.5047299518504216,0.5561290975047647,0.3209202970068499,0.4048555831324801,0.8289429493273814,0.31022808534862445,0.28878162773954835,0.39164092600332345,0.29597637108698827,0.42438000229554307,0.3968421726959578,0.3271726382397352
0.3714119436917882,0.451409888665677,0.598656250956104,0.5451791576618432,0.6984535699281165,0.3691971223119961,0.44268008091348776,0.30714230994051606,0.6282300972926513,0.43091310853263787,0.38461991213538904,0.313263506861002,0.4174101327967986,0.2746179707843912,0.3661730380710472,0.28985328817924016,0.3235581369962835,0.2819575989871512,0.6834783505310543,0.3857040815007278,0.22550270159681096,0.0,0.6727927895148289,0.2532618445971245,0.39639099966068625,0.30077576551035173,0.391562178486586,0.5195674369945925,0.3268893751698575,0.5867097416960669,0.275163603922339,0.27970823400811506,0.169777184527164,0.2830813032231268,0.4004425594235115,0.39853678578937457,0.4192145628933638,0.5653041720987895,0.14486877541460844,-0.046121806562512635,0.13748221520558013,0.13936392348775622,0.038827686036160075,0.3585723936792571,0.24821024834627053,0.351752030815492,0.3817073998018309,0.5865455277559826,0.47688785652642696,0.24318501764517908,0.32741670491759456,0.6772974079369672,0.621370121143388,0.6673462333034068,0.49029847610076127,0.0,0.540088540822995,0.3444300277495591,0.0,0.43556038104676,0.22080344472383434,0.41457817270703545,0.26048946624669245,0.0,0.2838443769356077,0.36736821685342314,0.30738985154300424,0.31058673450644825,0.7486334775113341,0.27921213882382323,0.23549525753189315,0.27080002488386434,0.017068596361525912,0.2736934419780938,0.5573086730540058,0.06522274324441052
0.3465001259977382,0.5367399323889775,0.3973937864187065,0.22688405886648322,0.5225433800882886,0.5456113572328338,0.5338340943598585,0.40184657825237696,0.5584743526837578,0.25847986013010205,0.33420853354739716,0.18535018277660037,0.5193320120683429,0.35916985953864045,0.550592762263376,0.5201873223670996,0.4992148131591901,0.5417314081868158,0.2596773739452018,0.3197273843502576,0.3033259194648369,0.6727927895148289,0.0,0.28783403241753025,0.5554542743518969,0.4085469175087398,-0.0032158732782449906,0.377905602238111,0.4219513234495944,0.35800656029727196,0.4607493274929243,0.3031990696405764,0.29520985421949336,0.4490971742140139,0.41800153231661863,0.49633333434333293,0.36443889794945106,0.13301068904899438,0.3853061783530015,0.4382484479787002,0.43439148498936075,0.5060496839663705,0.37368827653990605,0.45279406488863816,0.5507503673334112,0.536431655215778,0.4587502069882518,0.588552411194386,0.46193219087254667,0.45062515747001464,0.4461266142440846,0.5905715462240793,0.40810152573239467,0.4660719853157749,0.6320136729170107,0.5618557468476699,0.42677638459934736,0.507672346508205,0.30802410344531206,0.5769751403180566,0.46437928116683763,0.4732753835564227,0.639845919412927,0.5837028248272786,0.4817257864229472,0.5300270216391791,0.42196567015063036,0.6558368286669702,0.22379727121315346,0.4148391396116359,0.30767179590915056,0.4176394716252141,0.3609388789049567,0.44535658846529663,0.3425257557697366,0.43233436163921
0.40323089196185813,0.18128965576266423,0.40326642029682325,0.23199838108581086,0.5373634018375768,0.15231997237364478,0.5219820289531221,0.22666725378787475,0.6003581917180272,0.2006636587504388,0.6085349884683928,0.2765043966186254,0.20006040408135198,0.3315449269465668,0.347096497893829,0.48096915650244065,0.4152242964011644,0.40631686897268454,0.5571833321343157,0.08349308383112042,0.23952569948730532,0.2532618445971245,0.28783403241753025,0.0,0.3993565205315009,0.25007076108078025,0.3367695029130628,0.2974750626674524,0.13777832787030492,0.8132600118441595,0.4691282804458422,0.503234942723936,0.47523023924341573,0.2076838233733355,0.321795481821907,0.3318124370006742,0.37084180820802315,0.37625478975623694,-0.24435627307340602,0.6304239849657303,0.2889087397096983,0.6347478179248851,0.610527357149252,0.33820081482243414,0.3152656288846559,0.3595878615822219,0.5095318893812517,0.0,0.0,0.47265189734977164,0.5851626603640125,0.3011539578594111,0.0,0.01714770485253035,0.46939435283683273,0.5341042980259122,0.52500315428826,0.46295461122304304,0.0,0.2489348641337557,0.4318692832032563,0.37135067311547376,0.48444075068078885,0.46405954065675914,0.3564399926270897,0.4751868220358562,0.18426394155557768,0.8269514662347353,0.5519300924369105,0.5575513859097868,0.4825563644420848,0.551305786108398,0.6929061186928482,0.5982886950058761,0.0,0.6641116628571936
0.3702334980882447,0.324949207856371,0.5228092626805955,0.8763056599668271,0.5580804474969103,0.35267786496513737,0.3931432666265176,0.5647997600889955,0.5703904634710594,0.47243802954736014,0.44816578750275127,0.2727486752744381,0.43003924996759035,0.4953057646370802,0.2963440852204996,0.42767903560206666,0.5383119467720003,0.35996659918346696,0.534536731217383,0.3605146533977036,0.5388018712217719,0.39639099966068625,0.5554542743518969,0.3993565205315009,0.0,0.08511335989355637,0.3763397776349454,0.2673991639115698,0.1796334455173788,0.4440063326747996,0.3641599676034728,0.3285540258944367,0.34774294360870617,0.3176492260555125,0.3540074659873881,0.5422557979727811,0.5883077640327712,0.33139391285044073,0.43588552999829483,0.4965376648913374,0.5169059168051886,0.4210819670561875,0.09854932937012092,0.0,0.46594850585213843,0.4848674963324834,0.47923189577367453,0.0,0.0,0.0,0.2895549091854255,0.5451154026166861,0.7027721850793944,0.40824338424129863,0.6104402946669154,0.4739433798981789,0.5888703425724121,0.1989814790982482,0.0,0.38267206761413675,0.43622619788077927,0.6032869522686949,0.5626079554289954,0.0,0.51358742495092,0.616418446349758,0.4051573354214195,0.5856656748675332,0.531687759797346,0.5790858948156674,0.4980988840983204,0.2690180933441059,0.28884486884793437,0.2852997621101345,0.0,0.6146593400079725
0.28023611092735645,0.1530406320399228,0.48258951001216377,0.6269409163588708,0.713004285819953,0.3404267630720441,0.44853971763568,0.3520927451392124,0.718006666641472,0.21611886572653577,0.5010178580654965,0.15372680487147306,0.4316196098784397,0.09904868911181497,0.20066988342979045,0.2522716136506088,0.3023009443402493,0.19370536375988118,0.5257219713030431,0.24289258248977932,0.1880771841661912,0.30077576551035173,0.4085469175087398,0.25007076108078025,0.08511335989355637,0.0,0.38557869639140163,0.3688230562426018,0.24870961548513237,0.4263801877903174,0.18165429872180772,0.3034800437776093,0.0915894761156037,0.18605691604404573,0.2350406209395648,0.346200586154837,0.5109684447957672,0.17626181674622565,0.22300309183224193,0.30250475468620786,0.2980069686222195,0.17495790016266388,0.2070149190345447,0.5490865721793545,0.518324732101465,0.2777412979560708,0.3758274840697701,0.6695733503158747,0.0,0.0030002369258553332,0.261072033137376,0.5881276928903989,0.5368093714377755,0.40912795840502353,0.46952295221769624,0.0,0.48855771002117643,0.2892621197166553,0.0,0.39452630732036226,0.3056308087999572,0.41494846123363244,0.42576511262495725,0.0,0.20499924227203137,0.4796707266443898,0.36959749852011115,0.23559687508182367,0.4692795400539385,0.43455119720236834,0.2526008301466554,0.22308715662576678,0.16145685792733033,0.2560276022871288,0.48484260572498117,0.3262683570122089
0.4317164977753436,0.43675018855830516,0.2473982021213809,0.25672799265022384,0.569991068055699,0.5608429585650385,0.44452309828660413,0.43324886825138736,0.1862653925270027,0.26990794479637004,0.2280154525739146,0.29330195067010945,0.484891746535668,0.4194531333564222,0.4565462708279768,0.42695132340140074,0.5597544084431098,0.31083557893927893,0.3551598979026769,0.4572019905001049,0.4398080146601647,0.391562178486586,-0.0032158732782449906,0.3367695029130628,0.3763397776349454,0.38557869639140163,0.0,0.38370195078948166,0.4619389833354812,0.38755256076591516,0.37712463983931166,0.27779868770043,0.32101879737128913,0.4346661430590269,0.44047569589431534,0.5540998689485136,0.4001053440539023,0.2211182920580574,0.3569856087995415,0.24702973301473827,0.42585875563026243,0.4729205960043544,0.5016101058218534,0.5188864385966606,0.40289866091920135,0.19006004958021633,0.28171528984051675,0.47765245078419816,0.47659788796524816,0.43974389479804965,0.4770974756227243,0.5937978473744357,0.31120242410443055,0.4093653751678326,0.7054679379193599,0.5052045940723259,0.36060927792063824,0.5288180052769349,0.48997670237067703,0.5294338790483847,0.3007392317002491,0.0,0.45698517949017714,0.516071103274595,0.4757049188790295,0.5737938905111655,0.37235927734538093,0.4705652247311225,0.0,0.33493212432423364,0.2137750524300216,0.4250895227522731,0.39704366420578147,0.41998544289251505,0.30777520244534984,0.4083523455681708
0.3325741473025803,0.2895365493503085,0.6000202763621734,0.29083749705772705,0.39610732858533926,0.5061219042028401,0.6316522304117875,0.3759612575381951,0.6758816360614914,0.28145422954369553,0.6197820526782621,0.2894599389478445,0.4491370006846087,0.5156245578741159,0.3495952864933947,0.34881703735014136,0.5627163864970813,0.2749178507809042,0.6660840822445915,0.5158733200672166,0.2560145412798799,0.5195674369945925,0.377905602238111,0.2974750626674524,0.2673991639115698,0.3688230562426018,0.38370195078948166,0.0,0.44198498877884845,0.39574629723252197,0.4573235329456362,0.28382124906547,0.34067871343539846,0.11201052043573312,0.17521633525356461,0.4033405733202613,0.18217030233221645,0.2248497702744603,0.402284353736589,0.43936904381443925,0.5229067163926995,0.5523679829251783,0.48193387030538776,0.40525222832955954,0.633249486964189,-0.131083197867099,0.34288938515287026,0.4571175321871729,0.0,0.40590833358435585,0.43039220570049025,0.5357048640873235,0.31342945669524597,0.4250430062430062,0.6601281338356917,0.3747176056504502,0.5105567677032862,0.49883286645496683,0.3483830044896048,0.4606307106876756,0.12719868657374678,0.20073149707782,0.575782645743169,0.5535933621330766,0.45851295633905753,0.3850256601293262,0.34059082616868286,0.44908513942088646,0.540956085693651,0.30343762766190585,0.13207714858665867,0.4374154837395642,0.45182795167870127,0.3926961236297448,0.3764150723983672,0.4562574218551849
0.10086285205396056,0.22984112535431925,0.6161170940057221,0.4638783105695547,0.6263766180532492,0.32579936231954587,0.4400897453082214,0.4341993764519815,0.6385210691853009,0.24773481389345617,0.409610820330186,0.1871419446375835,0.4223797229006236,0.39294403633978525,0.42276233039658545,0.22128440462565177,0.32811644101499576,0.23058065974789949,0.5953227926212046,0.35062833479081,0.3848502365673887,0.3268893751698575,0.4219513234495944,0.13777832787030492,0.1796334455173788,0.24870961548513237,0.4619389833354812,0.44198498877884845,0.0,0.4531429421715082,0.4346474203058453,0.06557827499628513,0.2844668159502295,0.4681888389511067,0.3861190651694898,0.5168866419461076,0.11833362289999971,0.531825331886744,0.316272180043518,0.2677788630869452,0.4144789241365883,0.3779116074157399,0.39365695517553057,0.35250690850242394,0.6448920959754774,0.140117581696426,0.15298122663426647,0.6021018878783778,0.4601076557981962,0.4663129375660539,0.38216582410894356,0.49422365131455215,0.4576718379252702,0.5834047846999648,0.6211508253508236,0.4385808873975141,0.5715417084866263,0.3684540616571228,0.7782626927202143,0.506839770952506,0.17120825595550504,0.4812882380886321,0.256216941309555,0.5068781285072139,0.4433653997775656,0.4758498144877756,0.34953937647945266,0.4594143440658627,0.4622267900095786,0.3189369153636949,0.1688450535360176,0.45236533160746295,0.35100791804122083,0.3947538072645559,0.30754796146591434,0.37702260931795756
