0.0,0.34224752851289464,-0.07079846012137705,0.0,0.3578509700407394,0.25115452421693435,0.27856834363774075,0.3612521728588846,0.4589072410535173,0.4733208672668373,0.41387893202966775,0.46079067463531975,0.40393921237487895,0.5289488214041221,0.39850549029611165,0.35517155626375085,0.16600946365044192,0.4445102184880205,0.0,0.5334334977668889,0.23418323784429598,0.3474633761002317,0.20510238539556713,0.4097364020985043,0.36833541614966303,0.3863917231321991,0.3420169304977623,0.2890586538255836,0.3680373365490427,0.6452226962506323,0.49949252937607536,0.2518153754810609,0.45519108966976096,0.26698994749051475,0.06014171830749673,0.6488658696558971,0.4472289100654254,0.5188019207512622,0.34961354258184696,0.6277349899719354,0.3517482223313827,0.5345029517618255,0.47067221298724327,0.0,0.47908133012830767,0.40363836919431995,0.374109083876503,0.0,0.0,0.0,0.07012946277186505,0.0,0.6378430136225652,0.0,0.5026572389367224,0.0,0.6193619137417901,0.7558083100221629,0.0,0.5729788557288243,0.47368982208763233,0.3739903174245761,0.551174245094324,0.0,0.5139291119460081,0.4832262803053264,0.73146114735226,0.6884358891548343,0.6380795193457314,0.5991576832669375,0.4772592008963158,0.46725897765055724,0.410796087697058,0.59288817854474,0.0,0.4549561020106374
0.34224752851289464,0.0,0.5412730961408125,0.33804534716523094,0.4886937624147457,0.3973373865173003,0.5126396822282981,0.46529251662518645,0.4031926616530691,0.21184872707886637,0.3194470907069594,0.4383861125272869,0.4488903134564567,0.5389883383045979,0.3373241597958768,0.2394649801013221,0.07697885766542983,0.37112608158799976,0.6016901851825605,0.21098697420088675,0.19081188709236865,0.2879399983941605,0.46727184840530434,0.4497550824221089,0.3666544390808338,0.15381270769682326,0.29101401470991795,0.2960192334406302,0.19107139335967535,0.4572326112262072,0.15796139497360961,-0.2130044366918512,-0.010531040473988978,-0.07221740531850396,-0.016834039761722208,0.5141378972540449,0.21217103245469773,0.0,0.2896818385360129,0.35266730937979196,0.2865797448989918,0.4501980646039204,0.626280247780548,0.0,0.0,0.22373021153061062,0.2579203084941494,-0.03544031129899824,0.0,0.0,0.14733401795600243,0.18502500256420107,0.5949680056257911,0.5592903102562932,0.38367043463028017,0.0,0.4467398253029855,0.2371238495950896,0.0,0.4006054096530569,0.37525283355360095,0.04660053973786127,0.5470752915683055,0.0,0.38326215626460897,0.3854541712913673,0.3817487710084672,0.35163543513454776,0.46758189663803496,0.5030014056095272,0.2768576782259186,0.23071799842102952,0.47326110064289,0.4969560028248069,0.0,0.42716181487046223
-0.07079846012137705,0.5412730961408125,0.0,0.5445493953959297,0.5524878840978318,0.5575128816816242,0.570595694690468,0.7165129024878485,0.26008720821951026,0.71462459832271,0.5588177169773012,0.47916415375776655,0.682888687782405,0.432289481854294,0.3659565153152351,0.3705613490305063,0.6431453827826149,0.5536962843556703,0.18784218417226675,0.37946624005441826,0.4317220381388949,0.5749251638078527,0.31072210619115626,0.2602473510349913,0.5134858994652378,0.46273299712158455,0.3155966037320474,0.7464185922382827,0.6839162545704089,0.7026541382076706,0.7527758859966589,0.6830574634810185,0.6563038159371049,0.7427264310811669,0.6838893294453872,0.5550102221202546,0.5417703351202562,0.42401416505783185,0.9649637806708573,0.4938701210648164,0.6741634695139407,0.747341731522333,0.8061977368693289,0.9717625619064258,0.0,0.0,0.18093538419707333,0.4321101192123393,0.4721804518321694,0.6783122895322291,0.7766008456913553,0.7184399978527426,0.8066170320196637,0.8387000924637109,1.2592356374643745,0.9052806343288753,0.4979244230346139,0.722973433964992,0.5842541854704923,0.2858971616147036,0.0,0.0,0.0,0.7174574839165873,0.6842924027613595,0.447114615180238,0.15890540219177818,0.8284116604267244,0.0,0.6257385849471362,0.3828395004293851,0.853885492346746,0.7211596111884224,0.6472082355562188,0.6669268612651271,0.6506859005257367
0.0,0.33804534716523094,0.5445493953959297,0.0,0.40192962706858737,0.5634475585315051,0.6105098734427229,0.34377678014672786,0.6560318479750423,0.40476249340886916,0.5545310108734527,0.38494657900029416,0.6037286940975886,0.7037869665931367,0.6306256251767619,0.05618287702600664,0.5616769804944742,0.4688542916801495,0.5539439765997164,0.6331188479444778,0.3903388497303253,0.5767197440334713,0.5595768135416181,0.21938164059766757,0.8529935786867462,0.5930071476015071,0.5741179710764669,0.35293947985585555,0.5005652214334413,0.4474592134084294,0.3674231454088309,0.4460530504982098,0.2091827783692341,0.41262751590084357,0.8394024307461252,0.5100493063108095,0.30026205214034085,0.3756524029722005,0.2084082261613482,0.29372837145053876,0.3777936362834407,0.30323691811616404,0.23734796418436901,0.24001424692874412,0.0,0.0,0.0,0.4355106869334788,0.0,0.0,0.5872442301817412,0.0,0.46705989396946357,0.06429579272868229,0.0,0.19208738156595456,0.5086456410150441,0.483509084804013,0.0,0.0,0.0,0.0,0.0,0.0,0.0,0.0,0.47524314470298695,0.5821620211280527,0.0,0.0,0.0,0.39287140822622396,0.5121602907624878,0.635763210258244,0.0,0.0
0.3578509700407394,0.4886937624147457,0.5524878840978318,0.40192962706858737,0.0,0.4339386174348043,0.5299156117919249,0.6238201713463638,0.3561104012639844,0.8387191254029082,0.5582306335510595,0.6685790922708589,0.6575790137465777,0.33692741062374293,0.5252050162179688,0.4427318602512931,0.511782361520479,0.21472397157332332,0.5654034075342659,0.48083082940662947,0.3941986836505151,0.4711918207577507,0.5208446830789619,0.4801059297003674,0.5281274868126096,0.4692233984321704,0.5005414536196591,0.8424618427747209,0.41832266406729557,0.47982864064444686,0.6770665545328767,0.4131867476410835,0.45645108664131673,0.5996690254242959,0.5830704103273913,0.31156687024902674,0.46042818461168,0.42135956409884445,0.7379396973584118,0.6657360729407493,0.7304746000005294,0.9702691096431073,0.7730374739589221,1.4313445730165588,0.26566565416134424,0.0,-0.2876377387389729,0.6714890312532175,0.0,0.7189690831332376,0.7247763884478189,0.7034503847878204,0.5861817068006829,0.7256955489521344,0.0,0.6587095820800823,0.3503024729967889,0.7324052566988619,0.5599331318915177,0.2314936890922213,0.5133780027841144,0.0,0.0,0.5446981499852166,0.2967538118845503,0.44113435218650504,0.35405880981312793,0.780271319247228,0.0,0.4941606218409438,0.4957285470575497,0.6922279959037482,0.7109887424858208,0.4720988632224707,0.0,0.6137942777234395
0.25115452421693435,0.3973373865173003,0.5575128816816242,0.5634475585315051,0.4339386174348043,0.0,0.5042460621495322,0.46684687103345884,0.31387725087357965,0.32610909173265423,0.5117647457321948,0.7636144964621545,0.2891741349146145,0.46561686948633546,0.47468831997630545,0.3402943443580483,-0.019013706963685262,0.36564692804536314,0.7612876697306825,0.2021965471556141,0.47263971333776694,0.27836286740136984,0.24096678109584435,0.21143470534458783,0.4632205510508989,0.4791771998243429,0.24306801824527113,0.2892713473645854,0.26947505466978583,0.5487569501190832,0.4779435220459334,0.5204718663058625,0.5073004678026051,0.39855419455993346,0.5592673841788136,0.6755382033506048,0.7109900651497991,0.5356075422641488,0.7089482289446634,-0.05136380266089571,0.025523415459014598,0.7617349256919237,0.7511586569812639,0.6463491993007164,0.22055734585110295,0.3465544734756494,0.4015591859929012,0.5684574895532697,0.5687939324873218,0.4493259288417657,0.7150943367939608,0.6747312793716334,0.5676625261684392,0.6572792456797755,0.7290610485770097,0.5631532013872482,0.36982495768245705,0.6950775774651249,0.6038699726259669,0.43432288692501353,0.4868288329132907,0.0,0.3748790957550402,0.5222595285161981,0.5386148465013986,0.25949792477061023,0.45640510495159625,0.6719471030775466,0.567860641991739,0.39176385022173604,0.4066633679063418,0.6758000500984814,0.6815614459909749,0.6145768110545997,0.570772802352759,0.5886748788567671
0.27856834363774075,0.5126396822282981,0.570595694690468,0.6105098734427229,0.5299156117919249,0.5042460621495322,0.0,0.5542076846180325,0.5982578433726606,1.0299675053701314,0.5663276345051121,0.5883230230225541,0.557827215138813,0.14751300994028715,0.42871285047013213,0.46864115267629003,0.3776896713639736,0.43386055103958143,0.5264008297484435,0.4867574608168104,0.36320775231115154,0.5297886233446287,0.5639135929415244,0.5761543898629983,0.4841630554036383,0.4731233947188476,0.4833088835976286,0.4581050321419478,0.49264315075019005,0.38319646882375685,0.6298162583133811,0.21973205616510702,0.531277951171822,0.5833889970636831,0.4452062041015017,0.5510245043373035,0.7934599068983829,0.8439624095954277,0.7231272304371885,0.460445037395186,0.2629488974779556,0.8774113601927266,0.537404543767368,0.8323937142458826,0.36202010585108535,0.0,0.15857613819963,0.4380098991766551,0.0,0.5871015396775425,0.6612555709262528,0.6207075361387797,0.5792708218868053,0.6407939260559545,0.5850492220065469,0.5235217740490964,0.41467113540998557,0.5647260767109508,0.31915264865200577,0.3445406141341561,0.6062971394419887,0.0,0.5352950158795491,0.5430494183736334,0.5878701816329215,0.48668206949109044,0.5903977947744543,0.62339938585614,0.4633531974653565,0.5886744605843015,0.22716156516785374,0.6112754716146032,0.5940751185388027,0.45492509045286234,0.7241378041288828,0.5166721912185293
0.3612521728588846,0.46529251662518645,0.7165129024878485,0.34377678014672786,0.6238201713463638,0.46684687103345884,0.5542076846180325,0.0,0.499091216484594,0.6135610102929573,0.4371150834510103,0.5238848782352866,0.6485115904123415,0.8198127670727503,0.5823636083883832,0.4076958085028337,0.10062704347752136,0.3915266377886364,0.5939055197810756,0.28815921489255647,0.5889154560983902,0.3626294639229567,0.5799229965386827,0.26561965112169506,0.5489869566233264,0.4034745802814439,0.3428540868041339,0.6369212607052976,0.40120583831983014,0.5346309612966587,0.6370009885389052,0.7082129094078036,0.4915078141637247,0.5986838784263164,0.5433440189925021,0.7684335145218797,0.6559937709365746,0.7304899964613952,0.7560885659564648,0.46797021588492904,0.4719225451261422,0.5817579536547001,0.7759340053632402,0.4919119404765834,0.0,0.6051973227610182,0.007912082826846911,0.7093380181775645,0.0,0.7595046250733919,0.7596191735988745,0.7235822062823436,0.5910778980987116,0.7753650624208709,0.8010771005602261,0.7284881816642015,0.9660976591380721,0.6902680662193242,0.7312881571891653,0.5752508853393167,0.3983314332160386,0.0,0.15629799413044515,0.8514537902696814,0.4846060572449513,0.5620152259389017,0.3652419860811467,0.745294854626712,0.0,0.08494023707775095,0.3692168822350238,0.6744736494971064,0.632457900062828,0.5372979353889104,0.3244982083462109,0.42773350657878173
0.4589072410535173,0.4031926616530691,0.26008720821951026,0.6560318479750423,0.3561104012639844,0.31387725087357965,0.5982578433726606,0.499091216484594,0.0,0.7809204861626571,0.2355504082191196,0.6173252333747495,0.6590486187947355,0.4006602346403293,0.6750029501232488,0.4164143768397747,0.4821831006353761,0.2495265715358727,0.34701456000254416,0.34880082632789233,0.4057754809702485,0.4897078309136664,0.4630606527364176,0.48899682332520045,0.6494980861235098,0.6597350427257227,0.4100837563617185,0.7253243720994448,0.4114821036291947,0.5804269213159668,0.6951739931760053,0.6905296867108002,0.6229967465045431,0.717425488098266,0.6416833207903199,0.6078942873536024,0.6577531942547341,0.668219143295525,0.8576559711799111,0.28422126641091017,0.566405702084897,0.7070347102376986,0.601546728018074,0.7689728084280847,0.3028937834319393,0.0,0.49711889022157907,0.6710751316198689,0.47071406313698994,0.6888988916861984,0.7831656960980546,0.6905550141659695,0.7015556654747404,0.6000348605059234,0.22802510082679092,0.7007537660561636,0.4970175999905226,0.6047743793978912,0.782067136728782,0.1488549444547389,0.6860125278550802,0.0,0.0,0.6198422102333561,0.6115007972603587,0.6309864618877425,0.5230266678603246,0.7194149885884095,0.3185617213515917,0.5696669122123137,0.29178387315227083,0.6908707779530703,0.5592857043464214,0.4700318336865797,0.4747672872248404,0.6552203163371763
0.4733208672668373,0.21184872707886637,0.71462459832271,0.40476249340886916,0.8387191254029082,0.32610909173265423,1.0299675053701314,0.6135610102929573,0.7809204861626571,0.0,0.8055884013078324,0.6624575008119143,1.094283674432052,0.6876219533624475,0.3212515371490129,0.5640196608058659,0.8205466750837118,0.7575896163113744,0.7130772753512641,0.18384947449204214,0.6316671337985638,0.30801249863431496,0.5222404171216901,0.5534789823156901,0.6375555044832129,0.5727828128445075,0.3162805844649178,1.1257504245348513,0.1762376553766053,0.40041031048548487,1.1679753198697975,0.30231176830971207,0.5138268648165494,0.670709735936286,0.5786937729461265,0.6901870023974643,0.8300577257472977,0.6740228912189234,0.6371281022973955,0.842007440595264,0.5920127606380374,0.3563212935254966,0.3348897054592834,0.33904775838221524,0.5273788727891577,0.7223231464768393,0.14271461183252426,0.1696910336787534,0.4593721609974308,0.428304688543532,0.5197782105508177,0.49176549529536456,0.565287571698061,0.25402801513667944,0.6911137692481274,0.4134271854496041,0.7256662052129627,0.7714019313647299,0.0,0.8723764984551585,0.2906728647331048,0.5459710893851217,0.4559145493262198,0.4807199072573186,0.48665863787864544,0.556483879975516,0.3771391379321777,0.5934790671905587,0.4850921325377868,0.49803564794157357,0.5462756967020972,0.5444125450699535,0.6881202607116566,0.4432688688166192,0.0,0.7913669008536361
0.41387893202966775,0.3194470907069594,0.5588177169773012,0.5545310108734527,0.5582306335510595,0.5117647457321948,0.5663276345051121,0.4371150834510103,0.2355504082191196,0.8055884013078324,0.0,0.5877703693898164,0.5939803938073782,0.5262030499550874,0.0,0.5057150577968569,0.5598574889277954,0.6358095135264454,0.48083108575497224,0.5133855850809586,0.6190621589714655,0.3808341574688002,0.7085915986656921,0.4452861546308331,0.5233828127040676,0.5759988710523258,0.5101162081255658,0.6462950387354827,0.4302622831415127,0.5285770018221605,0.622735468059272,0.49667203628922063,0.561343440765021,0.6748964710741454,0.5862340503410772,0.5773767721796115,0.7164692703765341,0.5855555572557529,0.6599874693989292,0.49749586366886567,0.5196076521484532,0.4665789676126419,0.7342251651729529,0.583878562113189,0.20520669107889572,0.0,0.0,0.8193881588593659,0.481591440936728,0.6500243443825788,0.8028402559272213,0.6799287102576106,0.7021659954823323,0.8087700249984414,0.5166354583784412,0.5373099279540952,0.41563207266471297,0.8232925935624842,0.6427625191126073,0.0,0.0,0.0,0.0,0.966192174312944,0.3984017146523449,0.0,0.740171111346708,0.8011566842389239,0.0,0.0,0.9873689309669162,0.7876517624230766,0.7628193965352247,0.3877492957039103,0.0,1.0046972918993133
0.46079067463531975,0.4383861125272869,0.47916415375776655,0.38494657900029416,0.6685790922708589,0.7636144964621545,0.5883230230225541,0.5238848782352866,0.6173252333747495,0.6624575008119143,0.5877703693898164,0.0,0.952888578799306,0.6104788339594274,0.3786031739147746,0.6319382629207526,0.5332219227386286,0.6137472284371752,0.47875362190866966,0.5178471193641091,0.4926952939479782,0.42680625988474563,0.45003271151546176,0.3246795624448147,0.48339272153713747,0.4745427783760571,0.5663552386089507,0.6239572727606764,0.5949613510773082,0.29366794840042204,0.8349093633698874,0.41232829073359034,0.22064950983660894,0.48427435603893554,0.64593675011965,0.40710698989939154,0.5082190387427916,0.2316059713708727,0.41456122537765666,0.7286924894093274,0.6052023999086399,0.3298223380213015,0.43309458862840655,0.42971575334349366,0.5311626537221348,0.5690728234555702,0.5340829932815329,0.28436945498640803,0.19334401519580072,0.2533574621294259,0.35118712121252793,0.48063961692525337,0.2656057940944635,0.42291820831063,0.686782421335709,0.2546489415494287,0.8393708597349023,0.8351018924623868,0.7171109288083946,0.6438020472641199,0.5352260894955715,0.5860652431174782,0.4116830894497816,0.3627044652289276,0.7630402176693991,0.7363047862510561,0.44805392143780687,0.4292873306382559,0.5265620773309962,0.4452136157204455,0.5611606934786653,0.3146635045459438,0.786810535066965,0.513639191653235,0.0,0.8080145594771222
0.40393921237487895,0.4488903134564567,0.682888687782405,0.6037286940975886,0.6575790137465777,0.2891741349146145,0.557827215138813,0.6485115904123415,0.6590486187947355,1.094283674432052,0.5939803938073782,0.952888578799306,0.0,0.13690275138151775,0.5205754841829602,0.45218507184701684,0.5358412407874318,0.46995604577448985,0.5975650550150559,0.46682317946198676,0.482259720587281,0.4408569370265193,0.6745290495678586,0.695568558968882,0.5335577827532204,0.5112559489050461,0.5287676147029733,0.5395377970635559,0.3745088115732048,0.40573591749674875,0.6840155781869377,0.4163465409602245,0.5691490527784506,0.7617417408306406,0.5328208908497409,0.491859435189821,0.6590898362132469,0.9436202273124914,0.6596706812138908,0.7998527297175779,0.4124126300389395,0.7933697195173608,0.7370418406591417,0.37242969973123496,0.47914425143592365,0.6480710084913159,0.302297396116283,0.5768259446698972,0.0,0.6309599726032826,0.7072093537954522,0.6294192271756556,0.573680013180326,0.63820888826434,0.7419477830961521,0.6358692837479334,0.9572177822405559,0.7081595165462281,0.38824465398681823,0.5253671092616761,0.11060907608612461,0.40594219165232204,0.5505310885823793,0.5708638191060563,0.5797762000940425,0.641017655616592,0.5337202948578732,0.6968495736960607,0.522681011602085,0.4244091038393764,0.2857268842856082,0.6757231091339778,0.7041632953251562,0.5749955181930666,0.49921557932285465,0.571626002507645
0.5289488214041221,0.5389883383045979,0.432289481854294,0.7037869665931367,0.33692741062374293,0.46561686948633546,0.14751300994028715,0.8198127670727503,0.4006602346403293,0.6876219533624475,0.5262030499550874,0.6104788339594274,0.13690275138151775,0.0,0.5537781587852656,0.6293894394548216,0.49967314793772943,0.44451381674504126,0.45523816309610304,0.3808054794764258,0.2879670433863517,0.31443631627655455,0.7472893929529475,0.640257821907529,0.5103209772675446,0.23276963528744316,0.7305823882272491,0.2934426674710584,0.38656121825896694,0.8517042596361843,0.7065374692100218,0.29801190266514266,0.22789023587263646,0.7330411442880251,0.3642090353252014,0.4765714606990189,0.4634252098719135,0.39189388420104526,0.7105801276103098,0.0,0.7036848318139434,0.826729117926837,0.6339295872812261,0.4715186574547453,0.0,0.0,0.0,0.5197126593290031,0.0,0.5600187347839155,0.4687102450756707,0.47052499233473744,0.6217352313105394,0.49034836883872196,0.0,0.5913520043432335,0.40167023587431416,0.7816540115525457,0.5106422925211143,0.0,0.0,0.0,0.0,0.5630889670842542,0.0,0.0,0.0,0.6651981040300982,0.0,0.0,0.0,0.5130513810824917,0.7712517552980956,0.0,0.0,0.0
0.39850549029611165,0.3373241597958768,0.3659565153152351,0.6306256251767619,0.5252050162179688,0.47468831997630545,0.42871285047013213,0.5823636083883832,0.6750029501232488,0.3212515371490129,0.0,0.3786031739147746,0.5205754841829602,0.5537781587852656,0.0,0.4736670897755733,0.1741314339409493,0.4188581396898855,0.0,0.36954509178807676,0.45261655113387644,0.07827541456112624,0.518657713410017,0.46499217757591693,0.4510006298794413,0.2676131290907475,0.21770437047395103,0.4698339830495387,0.42409532314112974,0.5173402922610746,0.6234132304182943,0.4244586082558034,0.4032874134755465,0.5257154246780966,0.5336638974857224,0.6570586321148806,0.4683387620957949,0.3692315958727428,0.4981401927713712,0.48353795013043827,0.5697865017286402,0.5114240177096867,0.5010358506010444,0.6277121451023048,0.0,0.6934576706711719,0.5639051447716218,0.4564331475039429,0.0,0.0,0.5059148492464226,0.48250991618454553,0.6721064446119986,0.5291658532925622,0.0,0.0,0.6665906093124023,0.46178300496254954,0.4786554813835452,0.2549664209122666,0.6398628192871925,0.6210909867873531,0.6026619353884811,0.0,0.8582460105051348,0.470100446323755,0.7447884709560468,0.8003790082790156,0.468567556786076,0.5057020729482302,0.43664443498947075,0.6745521975444987,0.595005448860193,0.6398543147284264,0.6104006750811131,0.552086199599445
0.35517155626375085,0.2394649801013221,0.3705613490305063,0.05618287702600664,0.4427318602512931,0.3402943443580483,0.46864115267629003,0.4076958085028337,0.4164143768397747,0.5640196608058659,0.5057150577968569,0.6319382629207526,0.45218507184701684,0.6293894394548216,0.4736670897755733,0.0,0.6350749388651075,0.7189064792990179,0.518048089993125,0.27246245264762764,0.20201333322123904,0.4827314744351925,0.4080993832839629,0.3373923778567779,0.5208743078212372,0.21317389036799456,0.30001506101257464,0.41306261139877265,0.2523951689345618,0.45580124644386966,0.6854828600957287,-0.1535024283973203,-0.04312340841837509,0.2098045746141664,0.33781092242311067,0.6247681877347018,0.41793973716706323,0.5990915148415397,0.42467681914970956,0.3557679483634366,0.33745840512393066,0.4228276054378402,0.46700292143337924,0.0,0.0,0.19834199833390548,0.3569117438344827,0.0,0.0,0.0,0.18909555734768937,0.5930002696163295,0.8852150412453916,0.0,0.5085590933463054,0.0,0.4635220272139017,0.24804593964009347,0.0,0.5156089599723366,0.45708426461942975,0.5007593366312844,0.6439778822652498,0.0,0.5206768552758411,0.2983066174698909,0.4208538943203052,0.21321308550855697,0.4873688384530337,0.6446403291823448,0.4622327730685879,0.20377468989173692,0.6285134289615026,0.8775510516027347,0.0,0.31307757513663387
0.16600946365044192,0.07697885766542983,0.6431453827826149,0.5616769804944742,0.511782361520479,-0.019013706963685262,0.3776896713639736,0.10062704347752136,0.4821831006353761,0.8205466750837118,0.5598574889277954,0.5332219227386286,0.5358412407874318,0.49967314793772943,0.1741314339409493,0.6350749388651075,0.0,0.8282998766856995,0.5799351497640566,0.2816635685936777,-0.1965003179514394,0.4584362972736027,0.48784725549106317,0.36480324424449057,0.4822251863897389,0.32990550356856685,-0.1199461992406648,0.6135865392912576,0.1629087775808363,0.548288152123038,0.7411155908967311,0.23834810718348517,0.21657449070706952,0.4333545862184534,0.5224784723136239,0.6516525691121504,0.27083166101099254,0.525485235221745,0.5658624948210569,0.5930951076387154,0.36917603752391615,0.5388035825452527,0.0,0.0,0.43205491067778234,0.3299463928564298,-0.18489385878239029,0.0,0.0,0.0,0.0,0.0,0.0,0.0,0.6062416500684332,0.0,0.5863013406563496,0.6895985414911353,0.0,0.7966945161131176,0.20520154568056692,0.46171538009034996,0.488875096189614,0.0,0.0,0.0,0.5277414070336939,0.0,0.3480526650131077,0.5756197669826479,0.5638841684013987,0.0,0.6439392490766443,0.47828134529320504,0.0,0.5762196786226755
0.4445102184880205,0.37112608158799976,0.5536962843556703,0.4688542916801495,0.21472397157332332,0.36564692804536314,0.43386055103958143,0.3915266377886364,0.2495265715358727,0.7575896163113744,0.6358095135264454,0.6137472284371752,0.46995604577448985,0.44451381674504126,0.4188581396898855,0.7189064792990179,0.8282998766856995,0.0,0.542674600399391,0.2743761337695026,0.2883394202073853,0.24438814625425712,0.3953810778843665,0.2896477797119931,0.5987423355250476,0.40353786089197385,0.3351377642267287,0.35708526407746943,0.2386444685968653,0.36064643964191734,0.5853508856858713,-0.013921051565593534,0.2736697644702861,0.35504884195261166,0.2227319470270674,0.6389503564755478,0.25954104932639155,0.43371096022970324,0.6098120850088733,0.5399469266279436,0.5060112531700419,0.6193172717744753,0.0,0.0,0.5378082042018375,0.44654671549650127,0.46394504857808955,0.0,0.0,0.0,0.17663245207943506,0.5465691450487964,0.8960605553219303,0.0,0.6440467113336272,0.0,0.6998554052901862,0.7029273211623772,0.0,0.6712040989573996,0.5807850478069415,0.5612862650501176,0.6650182512086793,0.0,0.4912770170392353,0.39015266311853763,0.47074952951274784,0.46976335883810505,0.3585186254189269,0.6661194789746157,0.6383274699591364,0.5217750979139208,0.8164044137804021,0.1487079552773145,0.0,0.7171027564560142
0.0,0.6016901851825605,0.18784218417226675,0.5539439765997164,0.5654034075342659,0.7612876697306825,0.5264008297484435,0.5939055197810756,0.34701456000254416,0.7130772753512641,0.48083108575497224,0.47875362190866966,0.5975650550150559,0.45523816309610304,0.0,0.518048089993125,0.5799351497640566,0.542674600399391,0.0,0.5254142747820946,0.4339997587450815,0.6336690982508244,0.33010189035788784,0.18131869770710046,0.41444379077594135,0.39063532051683386,0.5843296688249091,0.6577759162604371,0.6319863041869378,0.6218456612685386,0.6416057212082611,0.5763400371168955,0.476481841441582,0.6515648670589291,0.48992348735985225,0.5910491353455478,0.4954647206198268,0.45271303668745005,0.8817166163714036,0.4105800822734339,0.3932247121094808,0.23328135383547338,0.5337590848873619,0.8928140848916308,0.4138872502307796,0.0,0.0,0.22203811021349162,0.0,0.6015920045099545,0.6521324668166659,0.5922729912808333,0.5912491283788215,0.6916152847752537,0.9656240880200395,0.6390223371010971,0.5506462267744707,0.5632023881393436,0.4788663429995091,0.0,0.0,0.0,0.0,0.8028359433096653,0.4813539408013325,0.0,0.44480112920571924,0.747861233539998,0.0,0.0,0.0,0.7032205652879098,0.7124233237563966,0.14617344060331497,0.46577957720366775,0.5763909434508891
0.5334334977668889,0.21098697420088675,0.37946624005441826,0.6331188479444778,0.48083082940662947,0.2021965471556141,0.4867574608168104,0.28815921489255647,0.34880082632789233,0.18384947449204214,0.5133855850809586,0.5178471193641091,0.46682317946198676,0.3808054794764258,0.36954509178807676,0.27246245264762764,0.2816635685936777,0.2743761337695026,0.5254142747820946,0.0,0.3814671686304001,0.3597320810493153,0.46119546373416104,0.5472690347689301,0.4135359562812133,0.24659311770973277,0.23259935395091494,0.5475851369060938,0.44131938270581933,0.8593001784529153,0.4703603139271041,0.336660094325178,0.3719320881305617,0.4111847796553096,0.5013840419043596,0.7512521131681775,0.3832455884563416,0.7797613557318213,0.5941542392621795,0.48644762703416455,0.6479000317095029,0.6865865079438577,0.5301098210358111,0.6175227855416063,0.21963233828643597,0.536450269390019,0.5007316576027061,0.48200398989098825,0.0,0.0,0.44087146599024685,0.6005883815601065,0.7214540366512683,0.4617805676605523,0.9101623390940233,0.0,0.5820290263872208,0.6926932884789305,0.0,0.671751335308971,0.48132983502361826,0.4684499995407305,0.5678357083612304,0.0,0.5700068789938659,0.40878508532469415,0.6187708996101005,0.6093396411912926,0.0,0.45363831725799675,0.44883928405418977,0.5156634534891235,0.589019932659671,0.5937858201253088,0.38871116356327773,0.5623680799265351
0.23418323784429598,0.19081188709236865,0.4317220381388949,0.3903388497303253,0.3941986836505151,0.47263971333776694,0.36320775231115154,0.5889154560983902,0.4057754809702485,0.6316671337985638,0.6190621589714655,0.4926952939479782,0.482259720587281,0.2879670433863517,0.45261655113387644,0.20201333322123904,-0.1965003179514394,0.2883394202073853,0.4339997587450815,0.3814671686304001,0.0,0.3456463848890007,0.4644063251368621,0.3558111712356382,0.505519471594735,0.3140017898795935,0.4415586721119866,0.5816703441829342,0.5146787118753821,0.6132799014461612,0.5881877178169334,0.3347044103192492,0.27661184886733126,0.3209031048193077,0.5592217620965911,0.43851144157522826,0.33685895013041667,0.5067717004064779,0.4536378792199113,0.46084944359850494,0.4103867137820194,0.4510947852101331,0.55373751786816,0.0,0.0,0.5631877533056553,0.3860635333718129,0.6260885888165448,0.0,0.0,0.759873372278944,0.4451132862226872,0.23208936126639668,0.5314380384865485,0.5879957223864016,0.0,0.7312773327510032,0.5876594964363171,0.0,0.34792563134679144,0.45533492604778303,0.0,0.4417157415483058,0.0,0.45451596221867396,0.16083549133838054,0.514031012442175,0.5133218941333019,0.8434454318777926,0.4008256123476135,0.4670295949094048,0.46768343219056424,0.5886759734829241,0.5348886281572914,0.10371368719761725,0.24845220253715755
0.3474633761002317,0.2879399983941605,0.5749251638078527,0.5767197440334713,0.4711918207577507,0.27836286740136984,0.5297886233446287,0.3626294639229567,0.4897078309136664,0.30801249863431496,0.3808341574688002,0.42680625988474563,0.4408569370265193,0.31443631627655455,0.07827541456112624,0.4827314744351925,0.4584362972736027,0.24438814625425712,0.6336690982508244,0.3597320810493153,0.3456463848890007,0.0,0.6504941364792775,0.68567882992145,0.38714108037968253,0.32344936713829747,0.23742626497002006,0.587885520716638,0.3067586728762718,0.6783558455961403,0.6014571938509236,0.38649350024421725,0.304070186879721,0.5734772222093052,0.6107534954082816,0.6539664555860467,0.6226679545158762,0.5764107677792762,0.44468432331373975,0.4646731382239863,0.48655509917491113,0.5506310873835472,0.5025331247975666,0.35276753227113267,0.2580301323360326,0.2230043898387999,0.5022924322413189,0.5532626012660621,0.4768623626455948,0.26017942111232906,0.6115039449725452,0.5114592030761375,0.6514389612189586,0.6451497561217892,0.4203200542083794,0.0,0.5164887101122719,0.43870797887607405,0.0,-0.31903199360045603,0.5561544029521468,0.3073118890229853,0.507276119746783,0.0,0.5920365878098601,0.4441781438687039,0.5475392001289745,0.5993510634474974,0.7185198880516619,0.34493548955204945,0.39958914907718657,0.5742841263822145,0.6750116293092839,0.5986249425126312,0.5588472480229996,0.5521020884912309
0.20510238539556713,0.46727184840530434,0.31072210619115626,0.5595768135416181,0.5208446830789619,0.24096678109584435,0.5639135929415244,0.5799229965386827,0.4630606527364176,0.5222404171216901,0.7085915986656921,0.45003271151546176,0.6745290495678586,0.7472893929529475,0.518657713410017,0.4080993832839629,0.48784725549106317,0.3953810778843665,0.33010189035788784,0.46119546373416104,0.4644063251368621,0.6504941364792775,0.0,0.28983900403873836,0.49870331319873107,0.33874499582818307,0.2866815780650046,0.5814977939410868,0.4709914682792026,0.5601676035678331,0.6330712286223563,0.6355896014182862,0.49334648091033395,0.5964370696422043,0.5813543950970943,0.7634928498282323,0.661134161836789,0.3087476872690532,0.7260239866443992,0.4426469589013457,0.7033700443365648,0.7582593506220938,0.8175180298191647,0.7654043892774092,0.5560130215616759,0.16779396763940402,0.5815962909684342,0.844204427404915,0.5806256750161466,0.7652352150738408,0.7733776269109558,0.6912226737737853,0.7482404971234426,0.7930309706487052,0.6979666745088716,0.8720310742217896,0.460396400093694,0.687190329100297,0.7293250758318411,0.6465310894275709,0.6476423295735078,0.48665863787864416,0.35245217827610065,0.878657309508661,0.6709574012375306,0.5684500345221591,0.6600705962900673,0.8368281190828857,0.2360303586414471,0.5447746048363512,0.49452506662607953,0.6634871970588135,0.6875446125681728,0.7051628942474253,0.6939124297237533,0.6373313807447627
0.4097364020985043,0.4497550824221089,0.2602473510349913,0.21938164059766757,0.4801059297003674,0.21143470534458783,0.5761543898629983,0.26561965112169506,0.48899682332520045,0.5534789823156901,0.4452861546308331,0.3246795624448147,0.695568558968882,0.640257821907529,0.46499217757591693,0.3373923778567779,0.36480324424449057,0.2896477797119931,0.18131869770710046,0.5472690347689301,0.3558111712356382,0.68567882992145,0.28983900403873836,0.0,0.30372467530517455,0.3232020372604729,0.19722063015137237,0.3800203930142737,0.4357124262925133,0.798301376799236,0.7889060080010948,0.11233642421291215,0.24139915704884551,0.2648882179560427,0.470321863936513,0.38539172573838243,0.6041861595907512,0.36849997107192156,0.3180855077429526,0.6166839208487498,0.2980314251446655,0.6588780872657223,0.5775144237509333,0.35394932232285525,0.5452889456838758,0.3808332845538819,0.5531362242591251,0.0,0.0,0.47289898989231144,0.5840738869620681,0.3048426212485412,0.0,0.022784728196664245,0.6368431641751536,0.5311384902190296,0.6354473392186875,0.8266263004495862,0.0,0.2524980092118402,0.28233748779738843,0.4463236443827646,0.48563110846643814,0.46419427863644047,0.3328442958844692,0.4621135060787991,0.21289987143775724,0.8172262782769089,0.4463823174601974,0.5910126954438758,0.5400671308090923,0.5119490071389519,0.6978730849330372,0.6454113739280603,0.0,0.632600358822756
0.36833541614966303,0.3666544390808338,0.5134858994652378,0.8529935786867462,0.5281274868126096,0.4632205510508989,0.4841630554036383,0.5489869566233264,0.6494980861235098,0.6375555044832129,0.5233828127040676,0.48339272153713747,0.5335577827532204,0.5103209772675446,0.4510006298794413,0.5208743078212372,0.4822251863897389,0.5987423355250476,0.41444379077594135,0.4135359562812133,0.505519471594735,0.38714108037968253,0.49870331319873107,0.30372467530517455,0.0,0.25394803269744537,0.4250131627386219,0.34975092586807677,0.24755118238244692,0.008250587624489242,0.506321163438467,0.06934764115831937,0.17652505009141706,0.21227128951649343,0.20606478208442996,0.5637431266389482,0.5562241578031817,0.5279602672908861,0.6515967235762086,0.5762434412726039,0.5065359865552915,0.629991594618369,0.146023908920636,0.0,0.37705790208673196,0.4400085536907822,0.6178420690180575,0.0,0.0,0.0,0.3685983329628624,0.576038951453966,0.5284291252534811,1.3082906735694415,0.5992309695366101,-0.291898649329975,0.7142779824377057,0.46375486124691656,0.0,0.6023217426989982,0.6574141333399419,0.5141792858432882,0.6810735561374608,0.0,0.5678996664682459,0.5769167031829848,0.5543283399414521,0.37849681591677636,0.29357019882525226,0.6718587233806843,0.5893594862956857,0.3450513947219495,0.7482463052517165,0.3185708825980924,0.0,0.7037874770935344
0.3863917231321991,0.15381270769682326,0.46273299712158455,0.5930071476015071,0.4692233984321704,0.4791771998243429,0.4731233947188476,0.4034745802814439,0.6597350427257227,0.5727828128445075,0.5759988710523258,0.4745427783760571,0.5112559489050461,0.23276963528744316,0.2676131290907475,0.21317389036799456,0.32990550356856685,0.40353786089197385,0.39063532051683386,0.24659311770973277,0.3140017898795935,0.32344936713829747,0.33874499582818307,0.3232020372604729,0.25394803269744537,0.0,0.4220628047823062,0.4110358067182852,0.24840180343548895,0.0672198805001491,0.36375203508424725,0.1169701164453518,0.20746143367309572,0.1500246153568328,0.24183360294100353,0.4167555409617406,0.4762724170842262,0.24999621933148555,0.42805703857590016,0.47933037001419604,0.46635409005551837,0.4116513043600065,0.23040580611094297,0.5472270171457159,0.6846631715717211,0.2782345723999409,0.4416470715130801,0.6352326430678528,0.0,0.008173313077128454,0.24932238009446606,0.009479259318482647,0.5665730982789959,0.42216300852195066,0.6095584127307503,0.0,0.7472106335066386,0.48758301295647943,0.0,0.3829629443587352,0.49966893601049656,0.47588426389258864,0.5870976171490483,0.0,0.33339564040856745,0.5104365125289563,0.5687217196106943,0.4185159853544732,0.3678483793998258,0.5888661439377694,0.4432715138947904,0.30661547958235064,0.5974354164103666,0.3223317184684335,-0.5249870352372052,0.5176739547047678
0.3420169304977623,0.29101401470991795,0.3155966037320474,0.5741179710764669,0.5005414536196591,0.24306801824527113,0.4833088835976286,0.3428540868041339,0.4100837563617185,0.3162805844649178,0.5101162081255658,0.5663552386089507,0.5287676147029733,0.7305823882272491,0.21770437047395103,0.30001506101257464,-0.1199461992406648,0.3351377642267287,0.5843296688249091,0.23259935395091494,0.4415586721119866,0.23742626497002006,0.2866815780650046,0.19722063015137237,0.4250131627386219,0.4220628047823062,0.0,0.5508057204539892,0.16887024124684288,0.506985240331191,0.46174291403264955,0.45310818915546974,0.43386097875451934,0.40694853383451335,0.4591162687377648,0.5836221641798982,0.6248591901914609,0.4340778043836217,0.646694199410045,0.053834626895211984,0.3079805520036887,0.6534957545981024,0.6394967055349199,0.6729965436601103,0.39390927782071583,0.1628677978700883,0.37776099996053636,0.6660445947381703,0.5148117197198292,0.5320963358132849,0.6623402252353864,0.5645806263747277,0.5804850055635267,0.6939114647825771,0.6974352211011541,0.7490392442738422,0.3687334551077285,0.6368307333234715,0.7653205340496994,0.5555613937469044,0.4938474922643207,0.0,0.2300173640860061,0.7147752142061063,0.582999783296059,0.5115812441524463,0.4735687980203708,0.5777912110124017,0.0,0.4311619152064262,0.34727650029601476,0.5801797094972442,0.6597604553250849,0.6243332945722302,0.58522445711062,0.5594622108166162
0.2890586538255836,0.2960192334406302,0.7464185922382827,0.35293947985585555,0.8424618427747209,0.2892713473645854,0.4581050321419478,0.6369212607052976,0.7253243720994448,1.1257504245348513,0.6462950387354827,0.6239572727606764,0.5395377970635559,0.2934426674710584,0.4698339830495387,0.41306261139877265,0.6135865392912576,0.35708526407746943,0.6577759162604371,0.5475851369060938,0.5816703441829342,0.587885520716638,0.5814977939410868,0.3800203930142737,0.34975092586807677,0.4110358067182852,0.5508057204539892,0.0,0.41385519337297816,0.5033057491248458,0.6697913441852815,0.4399568320930926,0.5952365201772669,0.24897140365749879,0.34998377281376064,0.4226062302366661,0.32263924783055786,0.6697263908829523,0.790490296254166,0.8900522837129455,0.5794219030846126,0.7619738522874495,0.7880155061982012,0.2502810754328995,0.6543776387439914,0.6124235368386697,0.293561274706439,0.605375819346581,0.0,0.6448968998990814,0.8213799131378742,0.6331332422769034,0.7310202890311295,0.5651290706199776,0.6579936500839613,0.5240466981227876,0.503825038289687,0.6951781401350006,0.36425947360156447,0.5724742439426592,0.3664001672902288,0.21348070530469365,0.5522911106193745,0.7010991806070213,0.7124613428460012,0.6145729944191,0.6381688290522864,0.7509651153429397,0.5546054170933032,0.49189485012984263,0.21242623145886275,0.7024925806803665,0.7957634278378333,0.6776678712816434,0.6821376794543961,0.6490819031286881
0.3680373365490427,0.19107139335967535,0.6839162545704089,0.5005652214334413,0.41832266406729557,0.26947505466978583,0.49264315075019005,0.40120583831983014,0.4114821036291947,0.1762376553766053,0.4302622831415127,0.5949613510773082,0.3745088115732048,0.38656121825896694,0.42409532314112974,0.2523951689345618,0.1629087775808363,0.2386444685968653,0.6319863041869378,0.44131938270581933,0.5146787118753821,0.3067586728762718,0.4709914682792026,0.4357124262925133,0.24755118238244692,0.24840180343548895,0.16887024124684288,0.41385519337297816,0.0,0.6783774152079365,0.45657238511397663,0.3187706559147696,0.2996733646283187,0.2778292711742988,0.3421524815026104,0.43315559975153056,0.3430254612421997,0.5947950567700196,0.6672619178622661,0.5728212075056603,0.6497702584116327,0.6911110214865517,0.4578280887972931,0.5313718689372378,0.6260219719890497,0.48328001043661956,0.3029447776292198,0.6105922239552473,0.43033799519275157,0.44416649900254784,0.597940002848866,0.5497922081428464,0.5885761893201212,0.6823434853604569,0.6639149023763526,0.4365399270273679,0.5659973196207307,0.6187523035474446,0.7567967270531606,0.683017740689762,0.5815558735002212,0.4812866470292217,0.5554405189707101,0.5318610810254909,0.6717990054261227,0.549386365546078,0.6603897550331496,0.6751024208075864,0.46179340230915933,0.47800191135446546,0.35755933661560124,0.6374161688634146,0.7032291520850329,0.6643933455785633,0.6003880347587576,0.6031470625697819
