0.0,-0.04556981016929745,-0.051161324012080456,0.0,-0.002798671273190334,-0.03687463819347975,-0.030293754122331373,-0.032265165338219715,0.0016645494644974557,-0.013150700848046148,-0.002337613313460274,-0.016134494446545855,-0.031018166682736492,-0.0009636730271868066,-0.01455256686098888,-0.04607477630129686,-0.03281934060643782,-0.017732637134051044,0.0,-0.01244805998355586,-0.03849877051304473,-0.03567211872099846,-0.05197002478284751,-0.03419696484333418,-0.01898293538234519,-0.03461233786547163,-0.03599349168636162,-0.04277945922230397,-0.02772292424149636,-0.00036827701585562256,-0.018265123207671985,-0.05353778896735062,-0.018871541408071957,-0.03409405445134184,-0.06309456157034704,0.0007121615166818529,-0.0009464745558969145,-0.002082259866258762,-0.02422197755513228,0.0037644157019235958,-0.019793637450361445,-0.0040339773257379585,2.287166769449067e-05,0.0,0.001264385557437131,-0.033269734256474115,-0.027603285849410075,0.0,0.0,0.0,-0.05421542110694261,1.1102230246251565e-16,0.004327200381671781,0.0,-0.005707462108289263,0.0,0.007367075321023264,0.0028937460738323595,0.0,0.0001377121721609087,-0.013842364372008142,0.0075463663660343405,-0.0030242855193168827,0.0,0.00181023046828388,-0.01522860311364671,0.015024803955859478,0.006349055129595771,0.007278827721991732,-0.0021858890821233046,-0.01943774009363136,0.0014859388822081043,0.00042148245211742763,0.004686382112302934,0.0,-0.006912926584025647
-0.04556981016929745,0.0,-0.0074459952362967985,-3.287667990148346e-05,-0.005948325925621001,-0.01974201945741505,-0.00631005058429529,-0.030537661060726362,-0.010053816492972767,-0.0340636174472303,-0.0004980097210606771,0.0009960055211709617,-0.0184738246987467,0.0005347047047901121,-0.03206476915723733,-0.05206442358819796,-0.0640665751828875,-0.03443169188973322,-0.0019337927390227772,-0.03908373702921125,-0.058573876637911026,-0.04199986247376214,-0.02885205551003922,0.001554779938429729,-0.024590644348839452,-0.05244414685337889,-0.03482632668164781,-0.03686295804399731,-0.03901798172561011,0.001981244187821418,-0.061156173797267954,-0.0858350406818818,-0.06967989484609077,-0.08556503374596514,-0.08306365414649614,0.005190080634731031,-0.000981357637819924,0.0,-0.02707763312135053,-0.0315709238926839,-0.030127068165551774,-0.014741767994207788,-0.00047320292357688754,0.0,2.220446049250313e-16,-0.05058038664981457,-0.04024755797274682,-0.0005748732703342307,0.0,0.0,-0.0552735728123373,-0.04651749278116618,0.002498768543891472,0.0003902225062588083,-0.02369222510271024,0.0,0.0005389410525105109,-0.0466437720910059,0.0,-0.021775537878431617,-0.025243845448695124,-0.05142589152890159,-0.004002136860184857,0.0,-0.02456757481531846,-0.040382209763220156,-0.03005421651108159,-0.03507028706934273,0.0010186461341685216,-0.007106222977115717,-0.041327191867913615,-0.04854649707110775,-0.01555796778252666,-0.01409223438874091,-1.1102230246251565e-16,-0.02303753544482634
-0.051161324012080456,-0.0074459952362967985,0.0,-0.00338749971804736,-0.008519945058282352,-0.005567881369590133,-0.005590625494080292,0.003477939707915434,-0.022693754202837202,0.015973192306770967,-0.008445429986836228,-0.007627393362044599,0.00659459489159353,-0.03370418320351615,0.0022732576437009544,-0.007675753636373961,0.0011338159809793358,0.002376295245427429,-0.05112177437322163,-0.001032295767004865,0.003279128742315285,0.0011499587773617925,-0.03857586991242784,-0.018606876353749413,-0.0015259244870219346,-0.0034556322915862414,-0.027338230263906804,0.011957717627418873,0.011732871358545782,0.013497623982481166,0.018479816509293367,0.007125044099379807,0.014615593414221584,0.014817712079817191,0.012103445550839309,-0.013009233400941955,-0.00042210482590737675,-0.008998121250644031,0.057002086585934975,-4.6842172762850964e-07,0.028909251004283765,0.03256823260048669,0.02774385070430807,0.05079435895572221,0.0,0.0,-0.0009696359260207288,-0.03507760680391164,5.137037698998981e-06,0.03247685844896919,0.027696259397026468,0.02516350640011289,0.025797798143650463,0.03645774934163393,0.08844425373203518,0.08581264175177483,-1.7188035156656678e-05,0.021138365086519006,-0.002462092063990673,0.00013040379514839273,0.0,0.0,0.0,0.10871438238607672,0.0014816293514146595,-0.0005885459788010916,0.00017137718367515875,0.031484034486320756,0.0,-0.00012480072082049487,0.0018989256195506843,0.026758120139447894,0.028510484294683724,0.006592577440141634,-0.0004896474991518129,0.026179958071836373
0.0,-3.287667990148346e-05,-0.00338749971804736,0.0,-0.00435625990404695,-0.0010371532596712973,0.01877287223109303,-0.03694090148523399,0.0014553652080182,0.012290521680852512,0.0012509208482247014,0.0035105350861383,0.019382382226561967,0.041784663400701416,0.002414474840017,-0.0011423266510340313,0.00034956379398348725,2.339247216853746e-05,-0.006531260109582604,0.0058931525558313935,-0.0006516803896027823,0.0028766202639778915,-0.009922764207565882,-0.004082492293092765,-8.196533410181894e-05,-0.0002601835393977736,-0.00721550117517078,-0.009090880397231688,0.002500555659083137,-0.004007199535132788,-0.024952951276112023,0.004070800464964497,-0.0022851839623179715,0.020861887394740875,0.08452637622168613,0.031102875090224663,0.00045613455793033775,0.0033803090786523327,0.0008097258739068192,-0.0009497915320382799,-0.0005693294885315558,-0.00041143495944606645,-0.0013183083128769368,-0.001403694711978043,0.0,0.0,0.0,0.0012925474616380384,0.0,0.0,-8.203601533868232e-05,2.220446049250313e-16,-5.353678749209223e-05,0.00025063312456341524,5.551115123125783e-17,-2.5547697144245873e-05,0.0008184035861207861,0.000734787160362127,0.0,0.0,0.0,0.0,0.0,0.0,0.0,0.0,-4.720334448454766e-05,-0.0015321885046150063,0.0,0.0,0.0,-0.009587155617658494,-0.003497382951744621,0.0012188606763827714,0.0,0.0
-0.002798671273190334,-0.005948325925621001,-0.008519945058282352,-0.00435625990404695,0.0,-0.012443187351078744,0.0011970172376646881,0.002512876137409581,-0.015190848887386865,0.027760527094895515,0.008329790996922715,0.021466705054542567,-0.0003950883141112804,-0.016913917050674077,0.00108392262986573,-0.03148639521600832,-0.007705665980182519,-0.034201106318931085,-0.0046619188458283944,-0.015295635882549508,-0.012293135065245764,-0.015503380057011573,-0.004091883366762639,-0.004402132271480896,-0.00680775325314853,-0.00904478422967614,-0.009604430478111381,0.03454509820427887,-0.027169146061882032,-0.0009388901135975458,0.014060511191874348,-0.00802204181557492,-0.005484910886930927,0.002932524182412133,0.013563323773693403,-0.010151719051100266,0.02013599888897183,-0.005966200762511253,0.037890152062356186,-0.0007341241372622598,0.029658252140810915,0.09211748489694704,0.05155292688813201,0.08101024002670609,-0.00020634490761306523,1.1102230246251565e-16,-0.030446901882080823,0.010960746631503704,0.0,0.03549805694765351,0.015821823083083775,0.015679991949677063,0.005473807412825493,0.02230483991269916,5.551115123125783e-17,0.03442385153256261,-0.0007735475617913212,0.016099439531356452,0.0038334101005498833,-0.000738233642974151,6.144207411235003e-05,0.0,-5.551115123125783e-17,-0.014208103073092726,-0.001797027974961063,-0.00040222437019304946,-0.0004062421579638098,0.025568041274924402,0.0,-1.5018166151181678e-05,-0.002127270237106793,0.019210210761483215,0.015500714262579929,-0.00038300937483420894,1.1102230246251565e-16,0.011814550831743431
-0.03687463819347975,-0.01974201945741505,-0.005567881369590133,-0.0010371532596712973,-0.012443187351078744,0.0,-0.00983960033797987,-0.01940181517387979,-0.023717684382043247,-0.04614893996511488,-0.00422920811022065,0.007803050080722518,-0.03482371643120086,-0.012273284312809052,-0.02289435103696902,-0.04044664896998479,-0.06494389414029239,-0.03446446929086949,0.022239711507965776,-0.04222198469446464,-0.01742706320156867,-0.03162770823388006,-0.0446986143984649,-0.026865402534012484,-0.016414888101164427,-0.026664574470502578,-0.03736392975379399,-0.04591296768016451,-0.02868641746131434,-0.014451968123482484,-0.021858903865280388,-0.0055375439482070465,-0.020299804023770962,-0.027609156935601675,-0.006059409346271916,0.00801486112707206,0.01710450067730146,0.0019330355596942073,0.014627594762210372,-0.06504517392007747,-0.08463483692401902,0.03617192244448775,0.01630399775988911,0.016871822518317037,0.00035601059941337,-0.028037627164332057,-0.023395476498415613,-0.01180817111609156,-0.00046182063314481603,-0.007408398311935627,0.015407600336097116,0.0037565533904047044,-0.017250067787773327,0.0010951721801145675,0.005957982680209528,-0.007908248410477658,0.00174965382528125,0.00922523043187129,0.00609620584416759,-0.024327089029273163,-0.011676139655997453,0.0,-0.014919834836420787,-0.011277931807982311,-0.010991351150179629,-0.03359268071060045,-0.026413553056773453,0.008491391618143551,-4.9637886575359946e-05,-0.014194592009270313,-0.02608905765204006,0.008897296168209112,0.016461847734509205,0.0001424190920211732,0.006512939802470752,0.0015093379998893375
-0.030293754122331373,-0.00631005058429529,-0.005590625494080292,0.01877287223109303,0.0011970172376646881,-0.00983960033797987,0.0,0.0013580817828036107,-0.0016942335949229892,0.047815380425711984,8.010981369571679e-05,0.012495366330693591,-0.012381311239860138,-0.05725739704802146,-0.011594426964707139,-0.024093300756783786,-0.02327591643859772,-0.02493355015150084,-0.00830709311101513,-0.012341560240711813,-0.01674272096268764,-0.006163209792767244,-0.005363149941359613,0.004426609361666833,-0.016900760365509082,-0.026467048953068728,-0.008832847139887412,-0.009274046101482025,-0.014266341306332142,-0.01190624711505639,0.006588439396442103,-0.036501618414741366,-0.003906565988108013,0.011450295496152674,0.00674061921146607,-0.004415522087293289,0.050068062803825975,0.02321605564332152,0.017570530449876165,0.001048630720184407,-0.045108487110537665,0.0691958621206849,-0.0027717736400287296,0.0031608015923131894,0.00013608756199140482,0.0,-0.039211255392680944,-0.012114442443164286,0.0,0.007720590185496201,0.0049188008951966955,-0.002865465606323614,0.0023385658111444996,-0.0010422372382117295,6.754923263752044e-05,0.006552346985712443,-0.00038209001262945463,0.006218645013111868,-0.003617641811993144,0.0012059114256285364,0.0009646152586892942,0.0,-3.390273578529612e-05,-0.00791393096018167,-0.0025101510681994066,0.0003074085908068014,-0.0007124765449135206,0.0030134399115691046,-7.216523254399698e-05,-0.0007495917282354658,-0.031893446981022644,0.003202972910320123,0.004197044010917417,-0.004634967445590166,-0.002624157902942459,0.0002879897424022948
-0.032265165338219715,-0.030537661060726362,0.003477939707915434,-0.03694090148523399,0.002512876137409581,-0.01940181517387979,0.0013580817828036107,0.0,-0.02697812279933215,0.006651658298824081,-0.026513457231364557,-0.01458874862919124,0.004797669871438981,0.016747512245017637,0.006010725038775033,-0.04033341305259047,-0.013034570024230141,-0.04099927449267943,-0.00381867774291228,-0.029957772547560713,0.0021052596450868433,-0.026642058410382474,-0.004222442869058096,-0.028759369577698257,-0.010656739769072887,-0.0298933395504688,-0.03834967970040848,0.004230026526797714,-0.016377717041336337,-0.004220478747488932,0.004258533257827657,0.02320103866815465,-0.010324659471156128,0.002647217141715341,0.010156559442145163,0.04170981397212076,0.05387234261702972,0.020880825063850583,0.017633502529528944,0.002077881631726952,0.004570470911593072,0.00623008829416305,0.050250745352808546,0.001700406744632732,0.0,0.0036926337395756237,-0.030980518978512006,0.007128168762897347,0.0,0.034859264465897155,0.01612060747232985,0.011843236341342656,0.004661466537117576,0.027028920409079116,-3.631940553805446e-05,0.04497860092981565,5.910203463321828e-05,0.015327724944010912,0.035612830425578446,-0.015886128504705332,0.0006163399828610361,0.0,-0.007569669790979561,0.026139163387147057,-0.03863217995702628,-0.012124444729810946,-0.012822049980386385,0.016202205441341988,-5.551115123125783e-17,-0.03277591930366752,-0.00805823925710869,0.0061976023405508895,0.009006276035076421,-0.019904716867596206,-0.02425195924402096,-0.008565789499201393
0.0016645494644974557,-0.010053816492972767,-0.022693754202837202,0.0014553652080182,-0.015190848887386865,-0.023717684382043247,-0.0016942335949229892,-0.02697812279933215,0.0,0.02178170044018035,-0.03160577970759515,-8.875205609504278e-05,0.0037472225940228254,-0.031036105717575646,0.006228764883050908,-0.028254892421118727,-0.001812663527593017,-0.048313922956040145,-0.008031418667696577,-0.03107877249605917,-0.0028538275759540377,-0.011128755748129326,-0.020907346558902862,-0.013537216232195781,0.01586524632405184,0.0028094549177088424,-0.014025368725389065,0.012217096680248507,-0.017142564631432156,-0.004972791474054716,0.010709279366069469,0.006660462217581875,-0.0003629026096084176,0.011917075520014808,0.0074860701726287004,-0.0027306681192017512,0.009745595443458377,0.0010015313356551148,0.04236283228571308,-0.012797921083492425,0.030340820922465594,0.07387583957862442,0.009414905250429484,0.07351343657508536,-0.00013110087865669806,-5.551115123125783e-17,-0.00043170009520882013,0.0020090878551265456,-2.467856997590001e-06,0.003864900230756585,0.01969313007054796,0.004197600721245531,0.011262667093590584,-0.002044208709018447,-0.0002633508506846849,0.013443348465623506,0.001598367384072541,0.007734800720411439,0.03229204500856897,-0.021718948282884565,-0.0001401011374499994,0.0,0.0,-0.0009084613744561043,0.0010759532903356628,-0.0014991239564962067,-0.0023447424093197555,0.012356796960363958,-8.673207226472801e-06,8.215349889573176e-05,0.00014497257907347683,0.014298163653000295,0.005905359029168,-0.015914053748190382,-0.0009748398161394389,0.004768321950572307
-0.013150700848046148,-0.0340636174472303,0.015973192306770967,0.012290521680852512,0.027760527094895515,-0.04614893996511488,0.047815380425711984,0.006651658298824081,0.02178170044018035,0.0,0.0276513147482359,0.0162939335234924,0.04933840408887219,0.023610458688871683,-0.027729571813136455,0.0054137504517689505,0.01461863571462424,0.018797566143489874,0.008068414560192805,-0.035311269473039975,-0.005681249844398106,-0.027695445254403706,-0.004150433081821059,0.0023704709177295724,-0.01332940480169964,-0.013756847294016605,-0.02909856328813315,0.049863671206087756,-0.041451698066405473,-0.0015938562144786617,0.044848101040114885,-0.011835500393245657,-0.0164794021495277,0.011699186253879668,0.00900403863780902,0.04531531708644476,0.07108724255391508,0.02638035433142083,0.03712018898918018,0.05865457372329119,0.0066333294533932885,-0.006039440992883838,-0.004324043930454213,-0.00048112999068794515,0.002799661410517462,0.0063412725365809,-0.029193842068664322,-0.0002557253162758233,-1.401283390772834e-05,-0.0011096599300533527,0.0009157355542506185,0.004983997360498038,7.990040098992957e-07,0.0005855914941642615,0.02141404647741263,-0.0011064315585202489,0.022136166545105362,0.01985316501215556,0.0,-0.00024379623945730566,-0.027900606432191,0.0018830863947822962,-0.007596450008965139,4.6060919367540976e-06,-7.483735470059649e-05,-0.00017594849030155846,0.0012821772896934314,0.0015550749843413758,0.0029666844002357307,-0.002185092288423174,-0.004061961645806911,-0.002224371851909268,0.024394812356677453,0.001854097408247768,-5.551115123125783e-17,0.021249564824093736
-0.002337613313460274,-0.0004980097210606771,-0.008445429986836228,0.0012509208482247014,0.008329790996922715,-0.00422920811022065,8.010981369571679e-05,-0.026513457231364557,-0.03160577970759515,0.0276513147482359,0.0,-0.001921156494565479,0.0058301721099552895,-0.0036011210645595093,0.0,-0.000241459719099002,-0.0024218696227335523,0.00357629275132898,-0.007948150107318863,0.00013291139210891423,0.005835514563565014,-0.0004576849988516263,0.03050848057756711,-0.01330909845785272,-0.0088525917699242,-0.004043044476530699,-0.012981866045191914,0.012567873871801472,0.0029725806575500724,-0.0008871804172070896,0.011825837839631315,-0.0014084565711457442,-0.00012679119678327133,0.011776800494865292,0.006526728607459009,0.003156855558902605,0.01594908464492606,-0.00473992733429468,0.021346011318115032,-0.0018784474897315384,-0.001971430186716472,-0.0006434542493390927,0.033543739825730945,0.001145251036622108,6.740314112863022e-05,0.0,1.1102230246251565e-16,0.057258298171572186,-4.778704020824698e-07,0.03842579319291495,0.03324960109028985,0.040886361579875685,0.020745742272243684,0.03932656315279459,0.0015684065033756411,0.007811727262151735,0.0004022722889964747,0.04818792965348129,0.009765694933920877,5.551115123125783e-17,0.0,0.0,0.0,0.16792586696255213,0.0008183919154067243,0.0,0.0004387025556051305,0.04207448148783438,5.551115123125783e-17,0.0,0.0005181823171853672,0.024645369376393556,0.06235699980591536,0.0003883174832018388,0.0,0.07138186490670961
-0.016134494446545855,0.0009960055211709617,-0.007627393362044599,0.0035105350861383,0.021466705054542567,0.007803050080722518,0.012495366330693591,-0.01458874862919124,-8.875205609504278e-05,0.0162939335234924,-0.001921156494565479,0.0,0.03583630448466679,-0.0010294847421209452,-0.004057311273845343,0.001312315209761994,-0.02051417031380265,-0.009892634616477547,-0.012187615687074771,-1.4998204989236097e-05,-0.016583286400202235,-0.003521356241632856,-0.005549799454856341,-0.01538488502706059,-0.020691801254347553,-0.00786721821356956,0.0017554164687736962,0.0060797613496000324,-4.3228072836798415e-05,-0.002444021656632267,0.028372362852025435,0.011241695523872497,-0.03988230780151167,0.0035870410441837808,0.016342934345066062,0.007354699738734094,0.017367247257817076,-0.006384677273863187,-0.02663373200652236,0.04867967753759739,0.022509473484597975,0.0001914609164424541,-2.1958261859633676e-05,-0.0016368355047721717,0.017930844313209793,0.009865449316390551,-0.0006458645869596435,-0.00023188906628213157,-0.0008600944292807,-0.002849425118128246,0.0003904998023602224,-0.0009033863333454684,0.00024685072539387676,-0.0001952432657515435,0.013053849422350439,0.0001918757987028341,0.02754950337140616,0.04314633749625185,8.317136500313183e-05,1.4645580533545477e-05,0.002092006975248639,0.005354789148869388,-0.024056536370763992,0.0005370010550726501,4.489108203847847e-05,-0.0012742831871689897,0.00033380123944026785,-0.0038524073792826075,0.0031499905850144727,-0.015200360298864624,-0.005530243315159666,-0.0026167670072017035,0.028462178577316977,0.00019079569111851713,0.0,0.019241745753279138
-0.031018166682736492,-0.0184738246987467,0.00659459489159353,0.019382382226561967,-0.0003950883141112804,-0.03482371643120086,-0.012381311239860138,0.004797669871438981,0.0037472225940228254,0.04933840408887219,0.0058301721099552895,0.03583630448466679,0.0,-0.07034185919184621,-0.009395941388393336,-0.02927703041974844,-0.005853698714869238,-0.025535732867279448,0.00022017181250710838,-0.022173220735350718,-0.014009029875343415,-0.020802080368469533,0.0021630976193543483,0.025147978343947774,-0.01932931199351695,-0.021682406746604876,-0.01173359557796938,-0.010922357173954511,-0.03371377132317316,-0.02391953732522034,0.019413695738192183,-0.017911642172131315,0.0021169328842142177,0.020553699736737985,0.010681595866286697,-0.01157586718009096,0.022710324935395654,0.0368563587464521,0.014836854073374539,0.045318886204728404,-0.01516798300438027,0.07901740589649003,0.03334482330274813,-0.004637654020029969,0.0007879394196709799,0.0008793166053321921,-0.042014775301967455,-0.015147761429772144,0.0,-0.006591147669127051,0.010371335078375121,0.001062860910228669,-0.0048609424343445395,-0.007632195916810303,0.027446998177000193,0.01989264028871318,0.07017580390186434,0.011212785758946464,-0.0011645003087764616,-0.0025021881084539843,-0.03924991280383594,-5.6535540094160286e-05,0.0008403018878949675,-0.012141749726321427,-0.004267935114536325,0.007984929898332771,-0.0048936440078410914,0.005572485338201316,0.0010973947029320752,-0.01166010603539025,-0.029378839686542646,0.0016729187657356093,0.01196650525400711,-0.006387514457402099,-0.005497565315585262,0.0027118576070941924
-0.0009636730271868066,0.0005347047047901121,-0.03370418320351615,0.041784663400701416,-0.016913917050674077,-0.012273284312809052,-0.05725739704802146,0.016747512245017637,-0.031036105717575646,0.023610458688871683,-0.0036011210645595093,-0.0010294847421209452,-0.07034185919184621,0.0,0.0013511952806061212,0.0015216424452663135,6.421190763011841e-05,-0.0002602277779223394,-0.027110564007329696,-0.0009880389285521485,-0.02558798364199072,0.0012224177746709142,0.015090381612877124,-0.002404766066003594,0.0010480988341836084,-0.02810035522187254,0.01072909360012525,-0.036205822909133156,0.0003330875434932046,0.0014101582961504877,0.01461703106485901,-0.01210742751750657,-0.007278634247655458,0.011519378361558585,0.005539165723191575,0.020970556557809522,0.022635002548778094,-0.0005093412735746594,0.010383927479558241,0.0,8.803560381126507e-05,-0.00042654247700574244,0.013879991325725538,1.3755493580847045e-06,0.0,0.0,0.0,-0.0026968987962813773,0.0,0.006738573265086867,0.002377723946204724,0.004823005082073006,0.012316089963356147,0.004795804847647578,0.0,0.012103029393458808,-0.00032930650046741894,0.004310999601518484,0.005485363644045449,1.1102230246251565e-16,0.0,0.0,0.0,0.008929109368597643,0.0,-1.1102230246251565e-16,0.0,0.014740695259865932,0.0,0.0,5.551115123125783e-17,0.0022641212668293997,0.0016025121396475162,1.1102230246251565e-16,0.0,5.551115123125783e-17
-0.01455256686098888,-0.03206476915723733,0.0022732576437009544,0.002414474840017,0.00108392262986573,-0.02289435103696902,-0.011594426964707139,0.006010725038775033,0.006228764883050908,-0.027729571813136455,0.0,-0.004057311273845343,-0.009395941388393336,0.0013511952806061212,0.0,-0.023344867036660777,-0.02187048636049982,-0.019347638880029105,-1.1102230246251565e-16,-0.04159055480787782,-0.011217148186069836,-0.07520103128413563,-0.019669506206647147,-0.007136384903042636,-0.015044553342386024,-0.04557267048230368,-0.05465331521955058,-0.006442568501433377,-0.019315454487592865,0.005949316650441239,-0.0038323178102227518,-0.012197621248127066,-0.02499717342659369,-0.007385202307558181,-0.008099425567981322,-0.0011498147690780502,-0.003103521147443389,-0.0003178945094672869,0.0006826912782672556,-0.01704614647197772,0.0010702715968465282,-1.4392502493576487e-05,-0.0005914153156731938,0.0007666664475806106,0.0,0.00735850152666212,-0.010289096799647623,-0.0012406469891979022,0.0,0.0,-0.0027114207874593954,-0.022996794664830178,0.017826108683324515,-0.0008677077757690554,-5.551115123125783e-17,0.0,-0.0003535180305331842,-0.017149063893969307,7.833518042010823e-06,-0.08553653545986395,-0.0005757906071818253,-0.00021887915884771791,-0.013236230293178886,0.0,0.021094611467658952,-0.0191861525138729,-0.0020662773854717154,0.01122625825215473,5.8004257896870914e-05,-0.01322038872357345,-0.021310314821321508,0.004244228145848128,0.004450266203537223,0.00963405816503915,0.006581320235391375,0.0033016563160337964
-0.04607477630129686,-0.05206442358819796,-0.007675753636373961,-0.0011423266510340313,-0.03148639521600832,-0.04044664896998479,-0.024093300756783786,-0.04033341305259047,-0.028254892421118727,0.0054137504517689505,-0.000241459719099002,0.001312315209761994,-0.02927703041974844,0.0015216424452663135,-0.023344867036660777,0.0,0.007210599554395791,0.000300977837799421,0.0003869434254794579,-0.037239616519239405,-0.06107112836616463,-0.020021044942724553,-0.039843260709208184,-0.03108530475342436,-0.01840284143393689,-0.05959850777804565,-0.04538817306041637,-0.02713022670998505,-0.041696238401232155,-0.016404078611192308,0.0016362932641323935,-0.07147905404663046,-0.05930197205129123,-0.031415213569016054,-0.03149540373615611,6.420006585788895e-05,0.000479816323548099,-0.0001537555403731128,-0.020934705294818334,-0.020649038242883055,-0.028030838966418115,-0.017609383284832913,-1.0214309841660718e-05,0.0,0.0,-0.04429113672603441,-0.03838183142338303,0.0,0.0,0.0,-0.04551669749104481,0.00041419622116162236,0.00286790533986514,0.0,-0.00468622687124548,0.0,0.0007734046903449809,-0.04129492581648292,0.0,-0.014886424507620621,-0.02074948614533867,-0.004228813849535273,0.00365897829956352,0.0,-0.006223852672041563,-0.04175388081639958,-0.023333804689641746,-0.05094660457465455,0.00346793680053864,-0.0020809801264576877,-0.03164862374909949,-0.057691054127152974,0.003387531688042289,0.02539596422379997,-1.1102230246251565e-16,-0.018630325540630654
-0.03281934060643782,-0.0640665751828875,0.0011338159809793358,0.00034956379398348725,-0.007705665980182519,-0.06494389414029239,-0.02327591643859772,-0.013034570024230141,-0.001812663527593017,0.01461863571462424,-0.0024218696227335523,-0.02051417031380265,-0.005853698714869238,6.421190763011841e-05,-0.02187048636049982,0.007210599554395791,0.0,0.015465318986236487,-0.006892617563722003,-0.02458901927699797,-0.05882900810445435,-0.02210284400959217,-0.000995358103218602,-0.03477285059117119,-0.01558873969538932,-0.02976258769620993,-0.06412572245322978,-0.02619524004849305,-0.029221514325877163,0.0026223620206516363,0.005524314795246621,-0.04326792204719143,-0.05966716770724384,-0.02033277760553953,-0.004578245917545465,0.0038457196668043037,2.3048807722414466e-05,0.009612533686583213,0.0013177229449169436,0.027214414061119407,-0.012752970086450155,0.000383169910137815,-5.551115123125783e-17,0.0,-0.0042360215940890344,-0.03400637486268737,-0.046664985573397655,0.0,0.0,0.0,0.0,0.0,0.0,0.0,0.012994621751828972,0.0,0.012632539227751538,0.02883930859366962,0.0,0.0001592315288342916,-0.0262634003306651,-0.00799614115538888,-0.00044400673618166797,0.0,1.1102230246251565e-16,0.0,6.225977448043318e-05,0.0,-0.0342986470906505,0.002345908196605073,-0.003590917252772108,0.0,0.024450517756273993,-6.155723710243866e-05,0.0,0.0019754272945929907
-0.017732637134051044,-0.03443169188973322,0.002376295245427429,2.339247216853746e-05,-0.034201106318931085,-0.03446446929086949,-0.02493355015150084,-0.04099927449267943,-0.048313922956040145,0.018797566143489874,0.00357629275132898,-0.009892634616477547,-0.025535732867279448,-0.0002602277779223394,-0.019347638880029105,0.000300977837799421,0.015465318986236487,0.0,0.0013490393844003967,-0.033074312144586726,-0.04588231004470822,-0.037289649552366966,-0.03799498620329822,-0.04017801657226422,-0.0074773726153455344,-0.021315535579472966,-0.04025523357168642,-0.02700036639049591,-0.03791943996407915,-0.02495405789405497,-0.0006916565641674199,-0.056547021292330024,-0.045551379338498565,-0.028274451502545095,-0.03255375834065616,0.0053931720811686845,-0.00012264202456552242,0.004489184445066907,-0.0011661943206962566,0.00773087945331985,0.0014552664333400411,0.011344173850642014,0.0,0.0,-0.0021613111077881664,-0.022408750272487843,-0.02079942963136122,0.0,0.0,0.0,-0.035279186493254344,-0.00017231151914254283,0.0021912675911165413,0.0,0.011185091718363516,0.0,0.018982437113928108,0.011511576955974323,0.0,0.0069047774417051455,0.000343143437291471,-0.00034820016645203955,0.014701074383563717,0.0,0.0022501560671825405,-0.02403756230201437,-0.012285341973741815,-0.034537657336500494,-0.03311071844623459,0.011939778256837508,0.0008069104771609714,0.002021395713144969,0.012255303660128669,-0.04616339962840249,0.0,0.012010011961826494
0.0,-0.0019337927390227772,-0.05112177437322163,-0.006531260109582604,-0.0046619188458283944,0.022239711507965776,-0.00830709311101513,-0.00381867774291228,-0.008031418667696577,0.008068414560192805,-0.007948150107318863,-0.012187615687074771,0.00022017181250710838,-0.027110564007329696,-1.1102230246251565e-16,0.0003869434254794579,-0.006892617563722003,0.0013490393844003967,0.0,-0.000815430130101491,-0.001057085380617051,-0.0019694406159650457,-0.040065015067807075,-0.033902314085885954,-0.01116628062963576,-0.01440855456634238,-0.000993894815721874,0.002104201759631663,0.003750945427501151,0.0016429915917245408,0.00576565558639025,-0.00958563805623519,-0.005744545454205829,0.0036087592114539824,-0.01123165840413537,-0.010975453086802367,-0.009100237654693755,-0.00878841629578253,0.03029806605697838,4.304734644017261e-05,-0.004406863706046316,-0.0003275811556540664,-0.0281942886595144,0.10540964047084184,1.2149087997848085e-06,0.0,0.0,-0.1646551380386746,-5.551115123125783e-17,0.02964887667530891,0.011833455907610313,0.0008683548823242848,-0.0038069194510123028,0.004614141493593293,0.0003471888640321219,0.018808575127762517,-0.0004950653298970709,0.009696825418336719,-0.0019905934819742233,2.220446049250313e-16,0.0,0.0,0.0,0.039464174959596254,-5.298885403853815e-05,0.0,-0.0002761404563229042,0.020225608686792573,0.0,0.0,-5.551115123125783e-17,0.011008025834666979,0.015510760449190641,-0.03828794943107133,-0.0001826821611826679,0.00047890708569853224
-0.01244805998355586,-0.03908373702921125,-0.001032295767004865,0.0058931525558313935,-0.015295635882549508,-0.04222198469446464,-0.012341560240711813,-0.029957772547560713,-0.03107877249605917,-0.035311269473039975,0.00013291139210891423,-1.4998204989236097e-05,-0.022173220735350718,-0.0009880389285521485,-0.04159055480787782,-0.037239616519239405,-0.02458901927699797,-0.033074312144586726,-0.000815430130101491,0.0,-0.027219741622464155,-0.02672324388977132,-0.028841605309940177,-0.004766608545522355,-0.025226305731336718,-0.04539462142369893,-0.04792020542713865,-0.013685695819180332,-0.023557252315696164,0.03376062656897866,-0.01747415669125374,-0.02359840148782122,-0.019025937944032678,-0.02627990811354647,-0.01608521431578508,-0.0007322895016039221,-0.014701691323959709,-0.00029152181185748693,0.006736123609524525,-0.008130094085116224,0.004210858288849928,0.01713002795826063,0.0010942632345906644,0.054980472715869755,0.0001015821410511597,-3.8710484929593836e-05,-0.010539266330383823,-0.001609632635838243,0.0,0.0,-0.012712203021155444,-0.0012459477468843017,0.013589827213304484,0.0015855461309877694,-8.585307119146623e-05,1.1102230246251565e-16,0.00014148942924591124,0.011915405740908158,-1.1102230246251565e-16,0.0028917582522142715,-0.005506628895133203,1.624876252487306e-05,-0.0016609928813377528,0.0,-0.005402763165870406,-0.02005619525802277,0.0001992812901732699,0.00010229209102996517,0.0,-0.007907432204916576,-0.009317883453126508,-0.010762865055664761,0.00920123228487657,0.0012583289835937372,-0.009907489575140593,-0.0010322991525150704
-0.03849877051304473,-0.058573876637911026,0.003279128742315285,-0.0006516803896027823,-0.012293135065245764,-0.01742706320156867,-0.01674272096268764,0.0021052596450868433,-0.0028538275759540377,-0.005681249844398106,0.005835514563565014,-0.016583286400202235,-0.014009029875343415,-0.02558798364199072,-0.011217148186069836,-0.06107112836616463,-0.05882900810445435,-0.04588231004470822,-0.001057085380617051,-0.027219741622464155,0.0,-0.02542687627842033,-0.018834953774990226,-0.024544436147375726,-0.006246525710590589,-0.0401110075315938,-0.025010762769485273,0.00704471939275203,0.00023823726488669816,0.012826676431964057,-0.0033893115747068436,-0.013102108877721341,-0.02955252892592347,-0.025431199792873116,0.0001171232216056195,-0.018083393867663944,-0.0009832689811941075,-0.007779866267934532,-0.011186120003620403,-0.01791956498711561,-0.007414105949009264,-0.003826946587991653,0.0012496361739384731,0.0,0.0,-0.0011191384529303794,-0.02958196789716827,-0.0004995890905070688,0.0,0.0,0.025787611025643198,0.0006885819668925874,-0.0969147670866358,-0.0009874161040116514,-0.001678382641091658,0.0,0.0002799491839727275,0.0023686689121468207,5.551115123125783e-17,-0.03374760309493685,-0.02130539676836668,0.0,-0.00699132885758974,0.0,-0.023914407221020728,-0.09010741104493702,-0.016535036975061312,-0.011437272417476108,0.0025455693844451677,-0.011910459078087798,-0.031321522920850275,-0.01535390906131523,-0.0013575021787100572,-0.012797755655529763,-0.04745477148334282,-0.020278088467279298
-0.03567211872099846,-0.04199986247376214,0.0011499587773617925,0.0028766202639778915,-0.015503380057011573,-0.03162770823388006,-0.006163209792767244,-0.026642058410382474,-0.011128755748129326,-0.027695445254403706,-0.0004576849988516263,-0.003521356241632856,-0.020802080368469533,0.0012224177746709142,-0.07520103128413563,-0.020021044942724553,-0.02210284400959217,-0.037289649552366966,-0.0019694406159650457,-0.02672324388977132,-0.02542687627842033,0.0,-0.020572469478254196,0.05076949393126695,-0.037260970430599616,-0.03714950840126702,-0.038541849399402195,-0.011846618294830358,-0.033873268203897244,0.015331115480874513,-0.008507930089480753,-0.026466624661137306,-0.03121007602524678,-0.012008076529565759,-0.006570172872963742,0.003951135016810214,-0.01199232527649774,-0.0009784773281550363,-0.010268833785906373,-0.01013829626067908,-0.004345304051361576,0.0026759993816562466,-0.001547230450603787,-0.0005887868871913837,8.75874985367675e-06,-0.05601669182702379,-0.01611905936821706,-0.0018426890538468799,-4.307555531934959e-06,-5.375736659929409e-06,-0.0030928041252724636,-0.015363534764943343,0.0058461819916340585,-0.0003123809457080684,0.00025724297148721487,0.0,-0.0013087879438837824,-0.01758277246265766,0.0,-0.14276007268958013,-0.002675275654217102,-0.009625970562038288,-0.002220862478611141,0.0,0.0010489941341322306,-0.020273840504595908,-0.009648384990393222,-0.002573444016788884,-0.00032605168706689724,-0.018678272479859037,-0.024994237234437222,-0.0031404056546365244,0.011785187427363342,0.0017486269692524314,0.0010804313298065638,-0.0012650099952395966
-0.05197002478284751,-0.02885205551003922,-0.03857586991242784,-0.009922764207565882,-0.004091883366762639,-0.0446986143984649,-0.005363149941359613,-0.004222442869058096,-0.020907346558902862,-0.004150433081821059,0.03050848057756711,-0.005549799454856341,0.0021630976193543483,0.015090381612877124,-0.019669506206647147,-0.039843260709208184,-0.000995358103218602,-0.03799498620329822,-0.040065015067807075,-0.028841605309940177,-0.018834953774990226,-0.020572469478254196,0.0,-0.034656769473900506,-0.017788486976920537,-0.03785498710141605,-0.03266396599542232,-0.00011635096073436824,-0.01675717145993516,-0.005407674896666437,0.0013375780953385208,-2.0418212984263384e-06,-0.011660202003073383,-0.00408935155182466,-0.003813942029240458,0.017977091785646993,0.002513840892876873,-0.013182066907141188,0.014798360958009071,-0.02746405465695284,0.016179814326602482,0.023120408528828018,0.03163543115729517,0.017977617801961387,-1.8835495390057133e-05,-0.04413709313700315,-0.02030196036776949,0.03977454805897307,0.009359075782481407,0.01926505268406531,0.02176955257977292,0.01126463762819585,0.01345965877595845,0.026038427188059377,0.008437234346875266,0.06224042721633849,0.0022052822944314543,0.016028639286573554,0.018331373031852283,-0.0042306309737448755,0.00032160302768530213,-3.9526911850773505e-05,-0.018229060476630032,0.08442128914899227,0.003269376299353588,-0.013755234895624135,-0.0012404752639841865,0.022338362586386273,-0.0002580427388834128,-0.00919256664046525,-0.022373147157699225,0.011717226086895793,0.01812453928060387,0.009455506064601993,0.007125782001194014,0.008383903630333756
-0.03419696484333418,0.001554779938429729,-0.018606876353749413,-0.004082492293092765,-0.004402132271480896,-0.026865402534012484,0.004426609361666833,-0.028759369577698257,-0.013537216232195781,0.0023704709177295724,-0.01330909845785272,-0.01538488502706059,0.025147978343947774,-0.002404766066003594,-0.007136384903042636,-0.03108530475342436,-0.03477285059117119,-0.04017801657226422,-0.033902314085885954,-0.004766608545522355,-0.024544436147375726,0.05076949393126695,-0.034656769473900506,0.0,-0.04529199724042271,-0.02507411848435248,-0.041371167917881035,-0.018288649520989686,-0.027845480109972287,5.818918900318826e-05,0.009515647168004682,-0.050673866493882946,-0.026168626838363074,-0.012722478079330468,0.002800620733835135,0.0006006547600888035,0.03893386720398018,0.0006711270725257845,-0.10287533197751075,0.0037924344249636865,-0.04009440828481231,0.013891956866967814,-6.667610759369946e-05,7.892481004195817e-05,0.017925895128826586,-0.03838201198024327,0.004276655915109007,0.0,-5.551115123125783e-17,0.0001561240603923375,0.00020487490827225674,0.00015562632101823182,-1.6653345369377348e-16,-0.00026553903389847644,0.016042791342105955,-0.00020742985792504554,0.010882731489246344,0.03337636039848524,0.0,0.0005695218852306283,-0.029714636418277263,-0.011115662303313734,-0.010214372969513275,-1.9025680947470924e-05,5.90853922927681e-05,-0.00034842879386370873,0.0011670044293395354,0.000518595035460756,-0.010780957767286381,-0.0005664975853021392,-0.013670895696368646,1.4577242653301958e-05,0.004076894587440427,0.0017889045939396553,0.0,0.008229340581999811
-0.01898293538234519,-0.024590644348839452,-0.0015259244870219346,-8.196533410181894e-05,-0.00680775325314853,-0.016414888101164427,-0.016900760365509082,-0.010656739769072887,0.01586524632405184,-0.01332940480169964,-0.0088525917699242,-0.020691801254347553,-0.01932931199351695,0.0010480988341836084,-0.015044553342386024,-0.01840284143393689,-0.01558873969538932,-0.0074773726153455344,-0.01116628062963576,-0.025226305731336718,-0.006246525710590589,-0.037260970430599616,-0.017788486976920537,-0.04529199724042271,0.0,-0.023581377893801048,-0.027680068815027714,-0.027989957778592478,-0.03572698428589827,-0.041901159943756316,-0.014171789609487118,-0.042661114946080436,-0.0486888885158549,-0.036277337849619506,-0.03251219464791277,0.0054957111252439406,-0.0006295550121165894,0.005677014009635717,0.003914421993005401,0.008176369676111461,-0.0025750543328773023,0.0072862305131518035,5.9632621858263235e-06,-5.551115123125783e-17,-0.008668011626963679,-0.025092019469025173,-0.003155507731069984,5.551115123125783e-17,0.0,2.220446049250313e-16,-0.02583191756350034,0.0026290281632227464,-0.01673166411516569,0.05232239541956668,0.008659217956924259,-0.023300008688347806,0.01737905141061169,0.001969610290355195,0.0,0.0037425981454187185,0.009964226721749736,-0.002845552860819056,0.012252654113427242,0.0,-0.006224209010888326,0.0003339108048580619,-0.0046944639238324926,-0.020358337738173082,-0.03852093161912773,0.0094429338797819,-0.0029998775534969546,-0.02029591058521779,0.011953508955846015,-0.02037955742496056,0.0,0.01259990019104923
-0.03461233786547163,-0.05244414685337889,-0.0034556322915862414,-0.0002601835393977736,-0.00904478422967614,-0.026664574470502578,-0.026467048953068728,-0.0298933395504688,0.0028094549177088424,-0.013756847294016605,-0.004043044476530699,-0.00786721821356956,-0.021682406746604876,-0.02810035522187254,-0.04557267048230368,-0.05959850777804565,-0.02976258769620993,-0.021315535579472966,-0.01440855456634238,-0.04539462142369893,-0.0401110075315938,-0.03714950840126702,-0.03785498710141605,-0.02507411848435248,-0.023581377893801048,0.0,-0.03489684051683806,-0.03333552075124013,-0.04643491869395183,-0.04280475822956342,-0.026552030352847644,-0.060485234501407525,-0.043197796243545084,-0.0487900995580956,-0.04706228102000909,-0.013938377423164727,-0.002003069167943239,-0.024608590008194486,-0.020263983001755692,-0.006743587147432062,-0.017740019842842847,-0.008623236009390356,0.0021781926337413604,3.359864316088146e-05,0.025752050110748936,-0.042467168020625556,-0.03542691355270411,-0.0008449148889084768,0.0,3.0963106064652024e-06,-0.05467856454550629,-0.052524253137304966,0.0025212035518202836,0.0007668412375716471,0.0065827420877696,0.0,0.012596315835042726,-0.0223573584934173,0.0,-0.037588052914034886,-0.016891231149236186,-0.0068071105494297846,0.001239661043821505,0.0,-0.037981894985025466,-0.03695464551774863,-0.022213346354335806,-0.026881758543572387,-0.0369736092380305,-0.0027572655112143574,-0.021018110094292386,-0.04582154223120555,0.0009107333883500712,-0.04423892483695541,-0.035870232578562256,-0.006654388127618482
