0.0,0.4774551294480806,0.36603563724317945,0.0,0.40852662513906957,0.35817936340748513,0.49018136441166615,0.5861811768526609,0.4478031428705062,0.5259306806276011,0.4487419583043677,-0.030121716181129687,0.3329084128263622,0.513168374094946,0.18144439756800068,0.4607563156867689,0.4077338552469224,0.2963887772431125,0.0,0.2969652971475017,0.401645373259893,0.3928403903964145,0.3288371107006781,0.5797760009885997,0.32120918552131766,0.34469146608423784,0.219764808281116,0.5506289440859369,0.5745110561562377,0.6658927085462549,0.5711676770923432,0.7035744518334407,0.3338701583061916,0.47966245705599075,0.4973732225204458,0.6441928556977619,0.49455724762450226,0.5008161976820005,0.3378699615595451,0.6971887399158435,0.35751602408115934,0.4066108966656421,0.46638142332950183,0.0,0.45030482249537684,0.539163998132675,0.39144599868048935,0.0,0.0,0.0,0.4955560348103545,0.0,0.5800113504598582,0.0,0.2949031859996677,0.0,0.2786735468608588,0.7103974277744778,0.0,0.5722928993379512,0.4168913403619873,0.28119868541945775,0.4753452904222004,0.0,0.46350714689474476,0.5522090010792506,0.5508342268589275,0.6198430252599764,0.5953120724856934,0.5188111593264387,0.4720238052487972,0.4463596426703116,0.3898441898019208,0.5430982220860741,0.0,0.2972863556035412
0.4774551294480806,0.0,0.4675680098829303,0.3415106532582216,0.4491855700520625,0.3447427797491749,0.3988496119504462,0.6474495416233006,0.33671854331295725,0.4538453593609013,0.3221800824083188,0.419419690060931,0.4241126699861829,0.5093106891844331,0.3824436471221341,0.29090896137931177,0.5881768706317496,0.15792056667797572,0.6424649241251587,0.3271944862271883,0.5925562816309807,0.230559957825886,0.5137203090710918,0.41815240486240257,0.23759822442031178,0.10856773178073775,0.3553459421311086,0.4840279974136208,0.3367925342205423,0.42143748112646967,0.23667198009316004,0.3326800906979876,0.21516881687101114,0.26266417330465563,0.35698659243452446,0.4532053953653439,0.2271270800420967,0.0,0.22849905019891417,0.4985663684519989,0.32058280729259736,0.3249348417805023,0.6382190449120797,0.0,0.0,0.5910979741576425,0.2538752477797725,0.04858619846410912,0.0,0.0,0.31173196204794557,0.6313905855119721,0.5682759836369261,0.5640673302073405,0.523307992960991,0.0,0.44206701549713245,0.3702697872770804,0.0,0.32025867041832057,0.3488884764616151,0.1293172884168901,0.46368398824966384,0.0,0.3226102710814589,0.5069617105659961,0.30235833413253704,0.41736350988158427,0.436643994019667,0.4173908880058627,0.3598212912695582,0.37494656801691534,0.28500947367120344,0.27641038907663334,0.0,0.37369259961975215
0.36603563724317945,0.4675680098829303,0.0,0.6098341363969138,0.4514662472391612,0.4357701751625071,0.5065119059199336,0.39840190839273437,0.35244802887490856,0.39114815158994515,0.4197566140088489,0.4696713327514996,0.5134102560407736,0.3647447162945301,0.33562983925072803,0.12465878222559246,0.6302691041367854,0.5153972145032564,0.39048776404268826,0.39226139892995915,0.3755463652073322,0.41244879581071353,0.3338914511393246,0.3138597809611192,0.3294588582827608,0.264006108285998,0.3494857196297081,0.5207304654427787,0.40910694631496547,0.6246503531194219,0.5177405286311386,0.43597513228722956,0.5109446262381632,0.5343648557429055,0.5811044117217483,0.5595478985998538,0.3612105934882374,0.34205131813668443,0.56148734839294,0.4957805058311815,0.0032133142607875254,0.5332945043386093,0.4173615172578349,0.2717435170224057,0.0,0.0,0.20449938206479207,0.4960374045806097,0.4800337370862068,0.40348828539976134,0.4153769030312512,0.46782355172046874,0.46954755152369604,0.6001906687942555,0.3735622598239008,0.7515659406878559,0.4726649346731709,0.509719960706451,0.46727941310886667,0.2463746721391155,0.0,0.0,0.0,0.17490930300431354,0.6408852421532278,0.4486213360427671,0.10101601308270203,0.5094822271725001,0.0,0.6317654253651436,0.3491247838970264,0.5101912616063212,0.4926730626756294,0.2712943793357926,0.6931543919035614,0.2540447598817234
0.0,0.3415106532582216,0.6098341363969138,0.0,0.35953598705236633,0.5236022733819637,0.2954437587790723,0.8108078439484325,0.49406427464305613,0.10166622440735992,0.6566443462409535,0.33718358191838277,0.3255939759518106,0.838110647385598,0.40655033903199755,0.09513234259318107,0.5645495888031333,0.4658383266376578,0.6472090885660551,0.6534024087498795,0.4050077982250828,0.5020218093141607,0.6501337639237819,0.24497846836028658,0.8764909342784173,0.6105115049038958,0.4929665528169964,0.3163026674928273,0.8189163648314339,0.4959118105381901,0.4820326904876428,0.7535487037045651,0.16841618893894394,0.14102400687390393,0.6888107487946054,0.6805044637234895,0.2937337066462806,0.29027505359859235,0.18825008963029738,0.30450629508702026,0.38279942977470005,0.29261456975912625,0.2363486063923425,0.2407632446507684,0.0,0.0,0.0,0.4042739186635131,0.0,0.0,0.5936733801371628,0.0,0.463696779154329,0.014141523560299053,0.0,0.18005098878002374,0.4825647789886547,0.4537574370386278,0.0,0.0,0.0,0.0,0.0,0.0,0.0,0.0,0.48028943619657755,0.7150521711778413,0.0,0.0,0.0,0.5129237727272267,0.5453508582892134,0.5837699002873855,0.0,0.0
0.40852662513906957,0.4491855700520625,0.4514662472391612,0.35953598705236633,0.0,0.20864819524558728,0.45656806320175125,0.38959849203511,0.4276924898048456,0.6656000543551075,0.5627189933466706,0.5058169443737968,0.7119502612156632,0.5062223006070427,0.4921674029065387,0.5217201178142118,0.5850490406575233,0.4440217173443022,0.687032381322738,0.568355248355065,0.5074929150282093,0.31565847474489517,0.33554228015238086,0.3211220625299853,0.36651597481553305,0.3851409331818146,0.28862345416179525,0.623784455121785,0.5878548998703664,0.48589070659570077,0.5543974318899498,0.5094727718383489,0.5900248591339491,0.5948596989578658,0.4571155591003206,0.48079962178200947,0.5632545937163881,0.5328664417786894,0.0662413091139692,0.7075101109470576,0.14090480729181598,0.4051152040955498,0.3082373308556752,0.6579865732962962,0.05103835179895952,0.0,0.42330346717762,0.483943166170966,0.0,0.5708003754463518,0.4320197147455554,0.6105696303317905,0.5721915052338056,0.5659684052674179,0.0,0.5130744735392292,0.3565500842577536,0.6616281576132865,0.5161268326262024,0.25668306674481467,0.45678973831817193,0.0,0.0,0.5147476041237943,0.32102259337101147,0.4940132150988902,0.3595010430144947,0.37941544878760847,0.0,0.49675905937726017,0.5688325276136869,0.43089603180720043,0.06701862200461906,0.45667668693948177,0.0,0.5233475273210342
0.35817936340748513,0.3447427797491749,0.4357701751625071,0.5236022733819637,0.20864819524558728,0.0,0.3367402560754071,0.30124601891205594,0.36575113316350316,0.4659098549322098,0.6885488004310647,0.5689969204028726,0.42262503573216165,0.41531441302143846,0.5851945124543093,0.35218463061814514,0.52663520775286,0.28777050873964943,0.5252634184104029,0.16318641415823562,0.5346192341835435,0.2866124355268417,0.3447208255466652,0.06965870054561643,0.35082409764897454,0.5485990732485261,0.2735984156277692,0.46035121103505316,0.3940582985733595,0.44213189335223047,0.49162705402488266,0.39401787130418164,0.5826651294367544,0.5307667198577711,0.3468676525710154,0.6107520318953364,0.3901044402054788,0.3047120692017207,0.4058067881277967,0.07191078651783184,0.1911572038306531,0.46344267103526793,0.4637236431505468,0.14216266978414321,-0.041290717080644745,0.13075277413059622,0.37905490818035315,0.4883920141092388,0.5634922761995154,0.2816249313075963,0.3592036378043169,0.35304611819311066,0.3732944491825514,0.40472975618059653,0.7061259402262438,0.5005740644360337,0.3374802589900323,0.4033706231993503,0.5583070395985337,0.3675255658075294,0.44482262242764015,0.0,0.22368262076528408,0.5144927102391451,0.31694330772470847,0.40614826364214973,0.4294678109573996,0.3710458637281816,0.5784458877820637,0.3213454961335702,0.38533184812464316,0.35711800157732776,0.3857450516110458,0.29581666098568493,0.2854052760443366,0.42222517209080257
0.49018136441166615,0.3988496119504462,0.5065119059199336,0.2954437587790723,0.45656806320175125,0.3367402560754071,0.0,0.5364673746720289,0.4880427663501936,0.4871850851891105,0.6960586125677222,0.3194073157132302,0.6501346873583389,0.3224495863471119,0.5227445139777055,0.456423868912823,0.4090699001814412,0.2893384826936603,0.6296048927862905,0.30259789436664897,0.47892665667009593,0.37144880950477127,0.48931080778498126,0.05047225468647812,0.3628052427120214,0.27363596340310553,0.26148843817748524,0.6960281509447487,0.3689749033020645,0.4799858441855732,0.5621757445350769,0.6195825853831447,0.01696869312686755,0.6097642641374963,0.09188556361094169,0.13750745694688232,0.7612223136036748,0.5474725185894326,0.5763854638413304,0.4371256431541888,0.044468723859152376,0.4840506701645362,0.4519515313410857,0.8354714607683882,0.23739708144990712,0.0,0.6049485951835363,0.43614852072628674,0.0,0.5525237504380287,0.43915857620150744,0.4622555682565441,0.40996287288327105,0.6440157241532485,0.5885197650745784,0.49234424871682825,0.42541109911819164,0.4246752268778572,0.34302198366056164,0.32667556387188634,0.6029664628249212,0.0,0.5417097000572886,0.5828042033421268,0.6176805970050449,0.4919647303538491,0.6167513560358011,0.45126708962453677,0.46621878961494556,0.6119871124356278,0.3427015150967213,0.46279086766781113,0.4996973342033891,0.3542265015168753,0.7848448795390537,0.40722766181467024
0.5861811768526609,0.6474495416233006,0.39840190839273437,0.8108078439484325,0.38959849203511,0.30124601891205594,0.5364673746720289,0.0,0.510174340612151,0.5355098766728641,0.5485522629160283,0.32263932141998397,0.5258078058415792,0.7295942485383653,0.5177513319933496,0.6489362511147073,0.469583645829826,0.6640387144436384,0.28704757152787685,0.48055622873085424,0.5589906315872122,0.188475706336025,0.4267666852636365,0.30824044277239016,0.5956788924737685,0.5003487210779703,0.5693199794833737,0.4615897414353834,0.3895318850094188,0.3472274647534991,0.4703835458309006,0.6814522291869556,0.36080764321954095,0.5930217345853475,0.392152343724794,0.5098280577478207,0.050533964364198214,0.6956292183363018,0.4574110583718185,0.41222593576101085,0.23065462127366296,0.476177806562356,0.4433054371468106,0.44706387034719886,0.0,0.5560845174181027,0.3458867177353203,0.6204904355674128,0.0,0.5925502920788506,0.36473617533517033,0.6319634605557451,0.4605306705134667,0.47919556123940327,0.8215234707056283,1.1849096749569323,0.9728771697267811,0.38850583426243196,0.6022303584246651,0.4754865700906339,0.3816985410408411,0.0,0.6591712100547731,0.7806889877173347,0.3855388545944412,0.6078952744953527,0.47084344074548157,0.46173735590407783,0.0,0.36929423920912674,0.3899213474122257,0.40538859133214317,0.45535863107022634,0.28198014398108207,0.5218615467367248,0.3570673307944646
0.4478031428705062,0.33671854331295725,0.35244802887490856,0.49406427464305613,0.4276924898048456,0.36575113316350316,0.4880427663501936,0.510174340612151,0.0,0.5169641645002372,0.5176432918687937,0.4605137864304099,0.6904968628118402,0.3426628347381039,0.6167897963735027,0.41966407374704573,0.31938758465132,0.5815857076657779,0.38013197432225354,0.37473450348652826,0.41800319217865534,0.44598795270536584,0.402789935293038,0.34654531643871533,0.3400619748721876,0.5054472892956192,0.4505388913686844,0.4925046481091282,0.3389333288586935,0.6189548765711064,0.4684148863961883,0.41783135986996967,0.5099201548533461,0.4835415538640783,0.3797248340946579,0.47310423595376183,0.4493277037612553,0.5382560503516437,0.22662696841705748,-0.08492380694243712,0.07709117127933729,0.31833926258926803,0.47685688711597174,0.22166494998592953,-0.16345484847479996,0.0,0.24495932121604092,0.4535767616171841,0.4772953975657398,0.5248728917476132,0.4287596189374583,0.5216674207843276,0.4889138297353703,0.4421532629469923,0.05939056110537129,0.586969710211843,0.06694037605590256,0.4101416264031809,0.6122942730944891,0.4412353675397507,0.6913339526898886,0.0,0.0,0.5403835467008576,0.6092021988515313,0.6781486655233252,0.5707828504705622,0.46691394954425175,0.3232962012853927,0.5645938749588238,0.149628824266701,0.4190568242893199,0.4414649431393679,0.5701003734806371,0.4933968877184519,0.4159628261305283
0.5259306806276011,0.4538453593609013,0.39114815158994515,0.10166622440735992,0.6656000543551075,0.4659098549322098,0.4871850851891105,0.5355098766728641,0.5169641645002372,0.0,0.6230491460619464,0.2890799976423604,0.42558926122210133,0.6400265092235834,0.479626613781569,0.0568008776855799,0.6859213721361215,0.19074543349196788,0.5283236213184296,0.259759867532462,0.6607863350123484,0.2480242844437506,0.30730721056885857,0.3380485831436866,0.43355154562590237,0.41737781962073,0.36009859726744353,0.4287848862402717,0.3232338627448966,0.41209888058450417,0.6550135552424985,-0.08668240010958833,0.5719046660948381,0.5543189301675097,0.4815807135893,0.5463959778266343,0.3219084520776473,0.35318512207145036,0.07703944740641411,0.668671052513486,-0.16392746987357465,0.3699026931816848,0.1470506881320708,-0.08743315438347832,-0.21247576476257585,0.597147043657836,0.4886641295985028,0.1606897653583666,0.48672438564064496,0.4581090006447084,0.5261512275924494,0.4511346898440929,0.5677322669693663,0.22751948944720538,0.4356817483702383,0.4305831551400888,0.44644340712753616,-0.27216603185819327,0.0,0.9074848729981372,0.5703700071000166,0.3882662101643505,0.24646645008072515,0.47915621926598806,0.47189235376830574,0.5635315882079017,0.3333428547317972,0.2552262453754425,0.3683413660624233,0.24550619960090858,0.28255970254609253,0.5749449553735237,-0.20807629766502972,0.39788420092973786,0.0,0.15486025576755624
0.4487419583043677,0.3221800824083188,0.4197566140088489,0.6566443462409535,0.5627189933466706,0.6885488004310647,0.6960586125677222,0.5485522629160283,0.5176432918687937,0.6230491460619464,0.0,0.6107652343886942,0.6391291029878272,0.5140112193100342,0.0,0.5199789852135663,0.5779932871189689,0.604024013720112,0.46830460875821917,0.45578170721247335,0.5451855345825082,0.3878626008898751,0.23099889834501838,0.38658706676018195,0.5324664820455671,0.601293988196348,0.512080915571387,0.6111660096962457,0.390764509754561,0.5470846711871452,0.5970742434664645,0.8671164063097258,0.46954948747275677,0.6659989223582797,0.5712676886671372,0.8462675172783817,0.6569224337335977,0.6428312796276636,0.4719945050502734,0.3626867209022799,0.49414011880615827,0.4741478637251404,0.5039162376240585,0.49506933906442885,-0.1676102417870407,0.0,0.0,0.7309709575237275,0.4737377298337612,0.2565117809942984,0.35626026455536347,0.32458960540688864,0.3244927258774556,0.32152817392782085,0.15342877483460454,0.3375042009211894,0.3513168558520579,0.4561233584040578,0.6554435273693356,0.0,0.0,0.0,0.0,0.20974358332248383,0.3574781899966638,0.0,0.6745806097297997,0.4230877757474955,0.0,0.0,0.9518533263133717,0.535265614666337,0.3942290896119463,0.35988899058627943,0.0,0.35928306136260424
-0.030121716181129687,0.419419690060931,0.4696713327514996,0.33718358191838277,0.5058169443737968,0.5689969204028726,0.3194073157132302,0.32263932141998397,0.4605137864304099,0.2890799976423604,0.6107652343886942,0.0,0.2527696819855348,0.626400457296252,0.40626058006577964,0.6237127882044582,0.5365836858021558,0.33698274949451285,0.5154221907486425,0.41382873118591706,0.6103851500422252,0.669138371670335,0.2741330381328334,0.1793069946892584,0.18898560813485343,0.20240507470722147,0.3248198988764447,0.19326475625584374,0.621386191667523,0.3013924354879934,0.441770890023173,0.26483584112612996,0.5852600382613704,0.23036245149849668,0.6843350787465423,0.3811272259435733,0.1632065136190287,0.1519404906087335,0.31410961342583577,0.5763534395744254,-0.04352557779499827,0.3105769296846367,0.5823016141065115,0.20869361094306277,-0.154679789948923,-0.017928243602084448,0.5629001711974434,0.27225673044721277,0.19319409502013113,0.2939913822733579,0.33850981019677756,0.0811287922549607,0.24036938793509438,0.422236615220141,0.3796345649437213,0.19053839165647957,0.5413510188548769,-0.05906876175836884,0.7217731747960725,0.646285870209198,0.53605006171059,0.3820390455016322,0.38344348593469285,0.34013659347457903,0.7751221895039764,0.7720567458968659,0.41569935616682285,0.5030861384675982,0.2805135814645413,0.2766901373415191,0.29302626175783386,0.33245653011287013,-0.06468492637080869,0.517554362005228,0.0,0.036912749888181606
0.3329084128263622,0.4241126699861829,0.5134102560407736,0.3255939759518106,0.7119502612156632,0.42262503573216165,0.6501346873583389,0.5258078058415792,0.6904968628118402,0.42558926122210133,0.6391291029878272,0.2527696819855348,0.0,0.3490804170315336,0.5578465916532385,0.4693454952341403,0.41837042957860304,0.3331874616565672,0.5927477917029693,0.29880492233437644,0.592783403497235,0.3586363965755078,0.5108928466840809,0.08184623217469497,0.38087004955879467,0.3837621259289078,0.4129243419334656,0.5380720334619464,0.3006282651276969,0.5688117206807777,0.36972237070425984,0.5515374973011339,0.17854465507805817,0.4726529002969373,0.25749229860703965,0.18485859626347637,0.22382739614260344,0.31351388014535625,0.31783337380830645,-0.10836511659458636,0.0984936803652754,0.4485885183279944,0.2128154911467895,0.035515178531595,-0.02352024704213193,0.6441546249351351,0.49948189328498216,0.5347775538521045,0.0,0.6861963646070346,0.43545939874513084,0.18377626548990433,0.4065269799076623,0.5044152548534676,-0.25688582070032473,0.5099586486989567,-0.08618212363792793,0.2231227283495048,0.4042379851591399,0.5291487713353141,0.3676082948664659,0.40136308226248707,0.14418301470489875,0.629147793087552,0.3764772397070787,0.5996675347234653,0.3530617797871545,0.45618273390577385,-0.4287194592641488,0.31248915069681704,0.34185001088960165,0.4490162167335653,0.5634323026594675,0.3787822753258874,0.325398340235294,0.1905384145627842
0.513168374094946,0.5093106891844331,0.3647447162945301,0.838110647385598,0.5062223006070427,0.41531441302143846,0.3224495863471119,0.7295942485383653,0.3426628347381039,0.6400265092235834,0.5140112193100342,0.626400457296252,0.3490804170315336,0.0,0.5068131465340694,0.5620133739768427,0.4947699932928421,0.4785412902602276,0.38106562869819804,0.38131187457113513,0.48587892598560734,0.27131612761807083,0.5087886436873985,0.4161838260412912,0.49148585464027505,0.37503222329524066,0.4862982156875219,0.6859355254934656,0.38407949029975685,0.8203923121380963,0.5166901555344873,0.6587492604877302,0.2436119347343117,0.7418586542823365,0.3348895425733309,0.7819094245431386,0.5479057527023614,0.3960813703901993,0.6901767530356071,0.0,0.7079223744465313,0.8508872672798511,0.5126810942758604,0.47932340856592226,0.0,0.0,0.0,0.5189288884992593,0.0,0.4952673413547931,0.8644175158433205,0.4130859315332438,0.22836849101206375,0.452458616856654,0.0,0.515043366071683,0.4075787327166803,0.7500163586996957,0.4595524403836124,0.0,0.0,0.0,0.0,0.4393598314435344,0.0,0.0,0.0,0.4274936431898504,0.0,0.0,0.0,0.4938434944682958,0.36965643150302535,0.0,0.0,0.0
0.18144439756800068,0.3824436471221341,0.33562983925072803,0.40655033903199755,0.4921674029065387,0.5851945124543093,0.5227445139777055,0.5177513319933496,0.6167897963735027,0.479626613781569,0.0,0.40626058006577964,0.5578465916532385,0.5068131465340694,0.0,0.5226782943357947,0.11489685677107697,0.2925810934144707,0.0,0.29765128672359753,0.2553312405946477,0.27744795893673885,0.451823510741564,0.21433527206549718,0.27713548057181914,0.563854790704311,0.46986109236718077,0.4803874748698961,0.29667037292499954,0.4664470163250497,0.6188620827255347,0.4175176789065648,0.5621892543230447,0.5679410633728483,0.49596823662191636,0.6125313495303899,0.4718649448047756,0.3767770138251175,0.223906981879818,0.2732279222588532,0.4682037474256013,0.2832148481744594,0.4770039498523966,0.6079305924196629,0.0,0.6178523896751096,0.4267340466212436,0.4785173298421752,0.0,0.0,0.3002113110314606,0.7114112891184856,0.5874085503036062,0.5567069159635676,0.0,0.0,0.6865408760179939,0.43093940050191676,0.47604354484834954,0.5243953733715874,0.5260098260027366,0.6280328403165945,0.6219123886192974,0.0,0.5947962833589617,0.47031473538334123,0.5405673736100498,0.5544147844737304,0.4596306952314543,0.4501567309962121,0.5771866961501659,0.3989574740124802,0.32491728780399287,0.3060531565216589,0.5412079929415182,0.346158893512993
0.4607563156867689,0.29090896137931177,0.12465878222559246,0.09513234259318107,0.5217201178142118,0.35218463061814514,0.456423868912823,0.6489362511147073,0.41966407374704573,0.0568008776855799,0.5199789852135663,0.6237127882044582,0.4693454952341403,0.5620133739768427,0.5226782943357947,0.0,0.1648055621074738,0.398964769290872,0.4553044027879374,0.35615332499569385,0.5143855980089168,0.1294946386115975,0.5458792317374945,0.28361174332299816,0.2261426589954958,0.40398112292889765,0.41286786281508175,0.43020836204007806,0.3659028522992275,0.2805513012871207,0.20475202064807524,0.30158233448139293,0.25113024332907274,0.11016212244159182,0.4751376452476471,0.6489281350256004,0.39025451235475317,0.6124400081888386,0.4849577501397825,0.4768923310620192,0.443012169298269,0.41125185994676056,0.4658883980117711,0.0,0.0,0.39529157605192555,0.3976537103001094,0.0,0.0,0.0,0.34351033595326286,0.6012049579257908,0.8159889449998627,0.0,0.3498894297161653,0.0,0.4401985398019268,0.6322239680802026,0.0,0.3746005225785169,0.44041349868052393,0.4871029653807401,0.5347806786933013,0.0,0.38435713480756994,0.3216837054591456,0.41133343859991583,0.34860661845396856,0.289167843907649,0.5579435696956411,0.47820821521065326,0.3415628143625461,0.6538581275387333,0.3517440737010365,0.0,0.2887212154549288
0.4077338552469224,0.5881768706317496,0.6302691041367854,0.5645495888031333,0.5850490406575233,0.52663520775286,0.4090699001814412,0.469583645829826,0.31938758465132,0.6859213721361215,0.5779932871189689,0.5365836858021558,0.41837042957860304,0.4947699932928421,0.11489685677107697,0.1648055621074738,0.0,0.4711301306575345,0.6857644636713944,0.207584312926304,0.5512020579046348,0.3778585705474871,0.5016439200465617,0.46204543280616595,0.2250410749567126,0.2000743742413083,0.5505684306492309,0.647278824627988,0.23416380827493743,0.4942121604737938,0.49955301478791825,0.27299062295575005,0.38937246605599823,0.5573559265124777,0.3739048393365031,0.6069024300397308,0.2482519458489053,0.4492464025938261,0.570730398643831,0.4895436429015988,0.4874674210433434,0.5440496662285961,0.0,0.0,0.46149496032209086,0.613877882916237,0.3887554281001818,0.0,0.0,0.0,0.0,0.0,0.0,0.0,0.44395880226092055,0.0,0.4131115769346942,0.31322780778324866,0.0,0.7936350193434155,0.3992954711433661,0.4667444298395039,0.26284667459967265,0.0,0.0,0.0,0.5332129293336181,0.0,0.3621813224345737,0.3983083983192478,0.38909564279119824,0.0,0.29777041331872894,0.48022763816524316,0.0,0.5804563797643574
0.2963887772431125,0.15792056667797572,0.5153972145032564,0.4658383266376578,0.4440217173443022,0.28777050873964943,0.2893384826936603,0.6640387144436384,0.5815857076657779,0.19074543349196788,0.604024013720112,0.33698274949451285,0.3331874616565672,0.4785412902602276,0.2925810934144707,0.398964769290872,0.4711301306575345,0.0,0.5076841208771992,0.22175386768664168,0.7225497466399029,0.15827191268486143,0.493256199779102,0.3222599229311028,0.09928716937297832,0.2297195118269697,0.42884412960033386,0.25356797597567815,0.2935958761902543,0.5754391202441831,0.3483731796359068,0.08683893993492423,0.17639446736530223,0.3942581855949945,0.25186434512824807,0.5923266050844868,0.25739161610093647,0.39955599655018703,0.4761349597101968,0.49611515036705595,0.4254230993815731,0.46333363125836513,0.0,0.0,0.5778815616470929,0.3706670485690321,0.40275561300273205,0.0,0.0,0.0,0.5226116378987918,0.5646511286831031,0.8371661179872923,0.0,0.442603190099063,0.0,0.3624997400167549,0.5304218763258227,0.0,0.2235398135480482,0.4318491871677368,0.5074517999904952,0.39080923487811303,0.0,0.43355591672787097,0.6785985996438271,0.32363219708275587,0.45657789219369893,0.3177977623573528,0.4328517489030318,0.3880407357947906,0.4965330515727905,0.6565967392771059,0.3420833972115609,0.0,0.460520398809668
0.0,0.6424649241251587,0.39048776404268826,0.6472090885660551,0.687032381322738,0.5252634184104029,0.6296048927862905,0.28704757152787685,0.38013197432225354,0.5283236213184296,0.46830460875821917,0.5154221907486425,0.5927477917029693,0.38106562869819804,0.0,0.4553044027879374,0.6857644636713944,0.5076841208771992,0.0,0.5559643714722959,0.44286536065027465,0.6908742550581748,0.2712417034364913,0.3289735918194058,0.5313864560463728,0.4387099248852214,0.5139907476897847,0.5802138986065527,0.5799349096355071,0.6174896326311058,0.5552154610684585,0.6014433017397066,0.3868597761160223,0.565718552932322,0.392500078376356,0.6585007046547953,0.5436482866141386,0.5519801772423417,0.23591614724259058,-0.46546958716780035,0.016393855259399237,0.2189987529851239,0.32852158831779904,0.34532659432949336,-0.13483919403620787,0.0,0.0,0.505501645980411,0.0,0.49519867459826994,0.3546131369586465,0.5757243727097723,0.2764160505591747,0.25738951199975874,0.9296683463047846,0.7597950724587021,0.5622663815037748,0.4570245161865676,0.125556561568071,0.0,0.0,0.0,0.0,0.6796218277499548,0.47672354979547543,0.0,0.4950825903669772,0.5112784478082993,0.0,0.0,0.0,0.4244820882225905,0.5945933035314346,0.4698099488142571,0.47063424963002437,0.1722678044967898
0.2969652971475017,0.3271944862271883,0.39226139892995915,0.6534024087498795,0.568355248355065,0.16318641415823562,0.30259789436664897,0.48055622873085424,0.37473450348652826,0.259759867532462,0.45578170721247335,0.41382873118591706,0.29880492233437644,0.38131187457113513,0.29765128672359753,0.35615332499569385,0.207584312926304,0.22175386768664168,0.5559643714722959,0.0,0.14665762185542575,0.1911352640614341,0.31899414018151523,0.5552739253253285,0.3246205474918914,0.47838434945577196,0.3181891697690842,0.30184596498370114,0.3608326716818949,0.37797704509598073,0.4335956936676374,0.36320821153521443,0.4273241844201734,0.557287158330797,0.5289562903266053,0.641308275599233,0.22456908459434918,0.8176586389919941,0.22784897343074,0.26226751217627586,0.3762526615760253,0.24265004452870428,0.37506390865597616,0.24058217466655496,0.21437580772152892,0.5222900818322914,0.316506173769599,0.49274344111044754,0.0,0.0,0.21259684295755493,0.6301592973722082,0.6349496490222623,0.44351241751388804,0.939482103611734,0.0,0.5881444450261727,0.3279473017309852,0.0,0.32101877597581285,0.3267719018966758,0.46587727030822834,0.3392282417778601,0.0,0.2537510107283564,0.3003289602079709,0.35548335699301226,0.21792154539045028,0.0,0.3514887834387165,0.39520938468295397,0.13115768831054642,0.2649806113482286,0.278262723169693,0.4777447037849578,0.25387839959414604
0.401645373259893,0.5925562816309807,0.3755463652073322,0.4050077982250828,0.5074929150282093,0.5346192341835435,0.47892665667009593,0.5589906315872122,0.41800319217865534,0.6607863350123484,0.5451855345825082,0.6103851500422252,0.592783403497235,0.48587892598560734,0.2553312405946477,0.5143855980089168,0.5512020579046348,0.7225497466399029,0.44286536065027465,0.14665762185542575,0.0,0.32433844255805444,0.4523836128835925,0.34901731077652304,0.4912724023351344,0.7277892357977191,0.3325595669300617,0.45759813082401934,0.43295380853449805,0.5795816630307951,0.6871723170461195,0.5466721808772923,0.7020497467666014,0.6233520985542409,0.6564638484913683,0.5131462319387843,0.3475068572660327,0.7445779421320078,0.48816344339563555,0.574177263659527,0.45431352446592915,0.44511582463985344,0.5692440032802781,0.0,0.0,0.6495351527592901,0.48288999834737945,0.6567904284485983,0.0,0.0,0.38860621539130746,0.440355747528682,0.4989452654521439,0.5435101733637194,0.6048637342744945,0.0,0.7466011121421221,0.4453201958463781,0.0,0.697451693581772,0.525783823759488,0.0,0.4648437077988783,0.0,0.4583810924461629,0.994378087833726,0.5734255111445241,0.47180808806698366,0.8244304467044299,0.38226412062227233,0.7655662049628031,0.3358687328360618,0.48861675324220133,0.5002477663601739,0.36074624985129106,0.528948120966653
0.3928403903964145,0.230559957825886,0.41244879581071353,0.5020218093141607,0.31565847474489517,0.2866124355268417,0.37144880950477127,0.188475706336025,0.44598795270536584,0.2480242844437506,0.3878626008898751,0.669138371670335,0.3586363965755078,0.27131612761807083,0.27744795893673885,0.1294946386115975,0.3778585705474871,0.15827191268486143,0.6908742550581748,0.1911352640614341,0.32433844255805444,0.0,0.6234603810740895,0.2551687016048956,0.2696019885410905,0.4838096194067971,0.2201396317573938,0.4778795384598601,0.16725684559834697,0.3772994288755288,0.48847471076184434,0.462022668496693,0.33505006674285714,0.5480149074284979,0.5203229011176977,0.5313770063666371,0.5854229230640584,0.6101344941174928,0.26050446675375905,0.3044106522227605,0.37262742110346864,0.39028058398674054,0.5099615072071079,0.360491610507235,0.2503881342823546,0.48664329043666094,0.22622585873714954,0.584380664189005,0.4778827363166963,0.24471223976817724,0.3523294835713605,0.6870144587558202,0.6127141157190437,0.6613959840490726,0.4170510962093541,0.0,0.5461574323907437,0.5977252222913257,0.0,0.463386284511523,0.36128261681645646,0.26473803313467303,0.4838871796853804,0.0,0.2848927808952173,0.5051585995920667,0.3036652583710689,0.31227192838831336,0.7461768698601796,0.36499948208519795,0.3768724226760831,0.26615956075752895,0.4437241492970736,0.3529107130464719,0.5585653295875643,0.28536162620040784
0.3288371107006781,0.5137203090710918,0.3338914511393246,0.6501337639237819,0.33554228015238086,0.3447208255466652,0.48931080778498126,0.4267666852636365,0.402789935293038,0.30730721056885857,0.23099889834501838,0.2741330381328334,0.5108928466840809,0.5087886436873985,0.451823510741564,0.5458792317374945,0.5016439200465617,0.493256199779102,0.2712417034364913,0.31899414018151523,0.4523836128835925,0.6234603810740895,0.0,0.18244724711344204,0.46783301549738365,0.4032946679259053,0.3307020257418448,0.4009838732632265,0.36081961237698845,0.3489715016120986,0.46961701557802227,0.43165227102850817,0.53008405859084,0.5162000249363571,0.48181786054503895,0.47639153495250625,0.3753907970552646,0.1590733571556338,0.402166724475277,0.37955578948414503,0.41222129340530145,0.37489401838767866,0.5289131061720194,0.42839863059141914,0.5686542362656817,0.5320785941406198,0.47793662609109666,0.704382310019928,0.4531486791643714,0.40431198634542354,0.4114980270276244,0.38336594908816735,0.5448556955410467,0.5471186858678823,0.6357004069743539,0.6651242050987909,0.4234367658884315,0.387621209164412,0.6113510745968419,0.3638407661718198,0.49754951111017154,0.47189235376830396,0.248011041285283,0.7253233057452448,0.3117492136808467,0.5729481385554981,0.3645017159711816,0.6170026123536039,0.23516222235783238,0.5320684572129879,0.3534148852745933,0.3290824854446231,0.3781276723050664,0.3593815420978439,0.32675172498535543,0.452968421072626
0.5797760009885997,0.41815240486240257,0.3138597809611192,0.24497846836028658,0.3211220625299853,0.06965870054561643,0.05047225468647812,0.30824044277239016,0.34654531643871533,0.3380485831436866,0.38658706676018195,0.1793069946892584,0.08184623217469497,0.4161838260412912,0.21433527206549718,0.28361174332299816,0.46204543280616595,0.3222599229311028,0.3289735918194058,0.5552739253253285,0.34901731077652304,0.2551687016048956,0.18244724711344204,0.0,0.28301422487465155,0.192476803964199,-0.04954560952803522,0.007304935666910761,0.5769658227005114,0.8126193206022487,0.5858415149260315,0.31454570798581794,0.26364020701914326,0.3521692491273397,0.7697125207094102,0.3461236939947563,0.14923529527569004,0.2838069730514829,0.243381977672866,0.637944773820618,0.06263325053869978,0.6268987715377264,0.5950477207609723,0.3484993023683155,-0.15739545952852213,0.2893522783316507,0.48865237387182736,0.0,0.0,0.4647595214175716,0.5762620754350714,0.29578566104303283,0.0,0.021861430437252544,0.30014373056726545,0.5427185877508937,0.4682340858108003,0.44523923064259496,0.0,0.22963476029210467,0.23003071872663403,0.4136513733077515,0.3606533586085108,0.4725272903569617,0.3339298668303707,0.45177674724101285,0.15990268470877275,0.826389357224965,0.263972262174448,0.35850864541764715,0.3654506797272708,0.5284781695481393,-0.18253316310900913,0.6104843010745553,0.0,0.4246769899124487
0.32120918552131766,0.23759822442031178,0.3294588582827608,0.8764909342784173,0.36651597481553305,0.35082409764897454,0.3628052427120214,0.5956788924737685,0.3400619748721876,0.43355154562590237,0.5324664820455671,0.18898560813485343,0.38087004955879467,0.49148585464027505,0.27713548057181914,0.2261426589954958,0.2250410749567126,0.09928716937297832,0.5313864560463728,0.3246205474918914,0.4912724023351344,0.2696019885410905,0.46783301549738365,0.28301422487465155,0.0,0.08940615621396619,0.38004494288505686,0.32228634432211256,0.34605828465506516,0.433068965247614,0.38210101959842846,0.05723173167148182,0.18761819827179743,0.28942421875784363,0.21744750154838272,0.534257444414597,0.5895852113760146,0.36035737256484485,0.556548061648213,0.5503841811764114,0.45737737047487226,0.5074433482073619,0.09844522525382031,0.0,0.461323308065737,0.471201398323715,0.4585455846961685,0.0,0.0,0.0,0.35997642297418053,0.5468185643679432,0.6995626158901596,0.4083458774730904,0.3832119968748259,0.46896325631942287,0.394048153886175,0.2421900313639912,0.0,0.3728278829668585,0.4752884626241022,0.4732013150230313,0.42921614797823415,0.0,0.47706077897177546,0.37380145719840274,0.36086736874585307,0.4728341915719151,0.2771138534754469,0.45906836875875745,0.35664777800199743,0.4115629194476391,0.4902718871211855,0.2612400797356351,0.0,0.4087926101584115
0.34469146608423784,0.10856773178073775,0.264006108285998,0.6105115049038958,0.3851409331818146,0.5485990732485261,0.27363596340310553,0.5003487210779703,0.5054472892956192,0.41737781962073,0.601293988196348,0.20240507470722147,0.3837621259289078,0.37503222329524066,0.563854790704311,0.40398112292889765,0.2000743742413083,0.2297195118269697,0.4387099248852214,0.47838434945577196,0.7277892357977191,0.4838096194067971,0.4032946679259053,0.192476803964199,0.08940615621396619,0.0,0.4968387031086712,0.4061584434997607,0.38895819892629635,0.41963464578331916,0.3954709062455953,0.5195415497361848,0.33883635478035934,0.40140508365549027,0.5948858278694318,0.5385742922488818,-0.14330748410050792,0.213049268362928,0.3932129617996856,0.4378080531679222,0.4983669104459103,0.37603849993950256,0.20037862506022067,0.5458004362607767,0.4885564691702676,0.46765088434698593,0.5024375195378449,0.6682244077638233,0.0,0.002747350420154237,0.45556229952736177,0.5983268538719728,0.5495023814177147,0.3982349368746642,0.29944355281741863,0.0,0.3376907814536213,0.4072506522372444,0.0,0.7333042680211088,0.5057867492317363,0.35118626803807873,0.3554821048799349,0.0,0.4825964501247637,0.7536540044624991,0.6493560145392882,0.47630239821071424,0.27674528530278064,0.39005874219979264,0.42210773386274436,0.4508684049951243,0.36394473159566837,0.3685639735563233,0.4799466858716973,0.409636699442699
0.219764808281116,0.3553459421311086,0.3494857196297081,0.4929665528169964,0.28862345416179525,0.2735984156277692,0.26148843817748524,0.5693199794833737,0.4505388913686844,0.36009859726744353,0.512080915571387,0.3248198988764447,0.4129243419334656,0.4862982156875219,0.46986109236718077,0.41286786281508175,0.5505684306492309,0.42884412960033386,0.5139907476897847,0.3181891697690842,0.3325595669300617,0.2201396317573938,0.3307020257418448,-0.04954560952803522,0.38004494288505686,0.4968387031086712,0.0,0.3723535949047416,0.33728213808232954,0.267340886290088,0.3132188857092273,0.3193871905083051,0.48045228118168254,0.41402580461537875,0.5107455179529902,0.5052123661368049,0.3157836122260389,0.3609932704435558,0.32144212947355977,0.5280616007146985,0.37291270842192614,0.2744781373429682,0.43252484246007505,0.24717166506816302,0.0054994255348707055,0.4441232086257193,0.3336247870408871,0.4962501292907809,0.47111599623541667,0.4188408501576377,0.35519625615627015,0.36649617207247837,0.41133455164603916,0.3903928342752255,0.7043561865278388,0.573586735920979,0.3533324418606667,0.3905398397350026,0.6496013067806425,0.23970384554458446,0.43813943303029235,0.0,0.3775116093083933,0.6646603577830448,0.2181582758941569,0.34451304201751054,0.28769292257965884,0.3530343699666548,0.0,0.4917079659629654,0.28851628178955224,0.3112870928250654,0.3343436242051189,0.22450822912952384,0.15557531066719554,0.3820338734531718
0.5506289440859369,0.4840279974136208,0.5207304654427787,0.3163026674928273,0.623784455121785,0.46035121103505316,0.6960281509447487,0.4615897414353834,0.4925046481091282,0.4287848862402717,0.6111660096962457,0.19326475625584374,0.5380720334619464,0.6859355254934656,0.4803874748698961,0.43020836204007806,0.647278824627988,0.25356797597567815,0.5802138986065527,0.30184596498370114,0.45759813082401934,0.4778795384598601,0.4009838732632265,0.007304935666910761,0.32228634432211256,0.4061584434997607,0.3723535949047416,0.0,0.5598079003276454,0.46920519205564454,0.4979166253057366,0.5396744137873477,0.2607429592321088,0.479666803673666,0.16006057525423606,0.5614919200087873,0.21534660844912762,0.33745210509296963,0.39680731743749015,-0.016953274356551196,0.16910102261275473,0.3281396131100962,0.2580666252920436,0.23847473721352658,0.2963819882634622,0.6261251707262161,0.4871618460654242,0.5413763966535291,0.0,0.6858472880423109,0.414228995888087,0.300289946558653,0.41545355569168413,0.4302086741097806,-0.15551364611684254,0.4936005318269782,0.15503038277497966,0.4668286166366161,0.34300272309816227,0.2747446306363291,0.4519857191333491,0.19311673061489273,0.34843206783545766,0.6890331832426378,0.3465304520316981,0.4860212355513514,0.5172125780154899,0.43172506906679786,-0.5699413802970581,0.3451354290666603,0.15753888585039486,0.3834242694432827,0.4815464225443868,0.3407183122765969,0.3696053813848055,0.5188737769904836
0.5745110561562377,0.3367925342205423,0.40910694631496547,0.8189163648314339,0.5878548998703664,0.3940582985733595,0.3689749033020645,0.3895318850094188,0.3389333288586935,0.3232338627448966,0.390764509754561,0.621386191667523,0.3006282651276969,0.38407949029975685,0.29667037292499954,0.3659028522992275,0.23416380827493743,0.2935958761902543,0.5799349096355071,0.3608326716818949,0.43295380853449805,0.16725684559834697,0.36081961237698845,0.5769658227005114,0.34605828465506516,0.38895819892629635,0.33728213808232954,0.5598079003276454,0.0,0.4407195274738711,0.3566576360837309,0.31410358273212735,0.4288051493358467,0.5189856730592863,0.4360473845376276,0.5141913589576403,0.45559895539536893,0.5364577148064237,0.336365149460087,0.32033943986559443,0.39766526860622264,0.25153004387855055,0.40786416213501386,0.4214550078252185,0.6358463754742711,0.4718165018958027,0.3923527748937295,0.40323003381134204,0.4549551261840323,0.46733742593188426,0.3136790201526979,0.39766502454718955,0.4026204390921088,0.08932821086009929,0.6278645494019912,0.43856272609972907,0.5651040310082122,0.3713289505007784,0.7602435357181698,0.2760516316150321,0.49325527741056213,0.481047946374871,0.4321391611854919,0.5090970527087577,0.2846919418237619,0.3525850264011672,0.3223850858367886,0.3319523324240452,0.4792486065599828,0.49860458975971994,0.40151917650344504,0.22992938693478984,0.39291599308233327,0.3034527585232666,0.3147760204226085,0.40944888677984315
