0.0,0.352375309264245,0.3639864117078863,0.0,0.40996575894615706,-0.0287805547178559,0.4850240356132421,0.12888153570754268,0.45065017819017117,0.20674617063249184,0.4586263456064067,0.303489195381093,0.6468206023630056,0.5201975404975185,0.39476533814042863,0.2989449475365648,0.38797203064964947,0.20828236908729503,0.0,0.4069498350709233,0.32540649878705896,0.2999298198284478,0.13634279004301098,0.3253847896809637,0.2708542177317876,0.3041285576807219,0.19619671393591226,0.09172747955525826,0.32158449762792485,0.6766891859394579,0.39182430244813515,0.6136505405710273,0.14754417617758991,0.22796560782927097,0.39800991852974943,0.6459848450086605,0.49037230820936434,0.26833584864369797,0.5108226114243819,0.3620326033920538,0.31312490456565123,0.3893583481677528,0.4643214263416042,0.0,0.4404339071533449,0.7270839840164036,0.22868459928939422,0.0,0.0,0.0,0.4531681711367064,0.0,0.5691867246341227,0.0,0.04948253440037942,0.0,0.23377383236311516,0.703306249975375,0.0,0.5726221018006403,0.31704720771471906,0.30864890388677246,0.26445476902571385,0.0,0.05233847980686082,0.7061577917360691,0.3215847531482703,0.5999214075585466,0.729597132357931,0.27245074109490935,0.37737468753447856,0.4341475269879017,0.3911876271441527,0.3681443304690083,0.0,0.2858886584860827
0.352375309264245,0.0,0.20108465520709062,0.3444037512007749,0.11865407765249836,0.0757728431546274,0.10047054864654387,0.281619141353929,0.11841489732842883,0.19518864400162336,-0.06315346409235006,0.41504689582976867,0.08820894956912273,0.5163411883496895,0.23314232778215854,0.1457490620694366,0.5714178700021688,0.08767580318728246,0.6435192261385563,0.22822516518929292,0.2932291736523228,0.3421139659588106,0.22787362152263235,0.306144502980891,0.1531647193671364,0.14056120095871105,0.03597441352426112,0.10992924736177637,0.16062522723736156,0.41299641556608635,0.37643301144340624,0.38291122279736867,0.029858162071054295,0.26372313470514663,0.4528069389376135,0.4472194940948264,0.22762592401223863,0.0,0.2528304004825179,0.28288453141208253,0.20275007783800253,0.22451827861593573,0.6420138428042694,0.0,0.0,0.3302790819022443,0.12193467199623231,0.05138036507144345,0.0,0.0,0.369838032465711,0.31021278431443755,0.5721241227786656,0.5619954827060634,0.19851683905853676,0.0,0.4396157310442923,0.3584621439797526,0.0,0.22525720578576663,0.22794333136292713,0.6102942672115527,0.32948229055241296,0.0,0.27213224586761786,0.5033557157997456,0.22521816643384646,0.3952061386097072,0.43331531160607056,0.2241785739440197,0.1786803372753374,0.27941204141168235,0.3072205952573751,0.2845667159264704,0.0,0.2681012885818238
0.3639864117078863,0.20108465520709062,0.0,0.015762308591942387,0.06922732880767965,0.2590127693617065,0.19904298682403088,0.6514770894030482,0.06971304800956185,0.02371282453132839,0.18133478504803302,0.5358201834611526,0.27573749720039564,0.1481725076468962,0.3312667489433887,0.44775096803298653,0.6393464976228321,0.511784907702346,0.22205961653152953,0.39327510381706454,0.4021449505752349,0.040953903166802086,0.010667308383819019,0.40075328088251194,0.4958710482799997,0.4510296557766824,0.3164027642769864,0.3365677059190102,0.5667551690818026,0.622506192178353,0.3631164787101758,0.30826782630588523,0.505593278404268,0.49909342260681333,0.330411578977893,0.30885409770284344,0.18769694085773586,0.5003988922720186,0.7035204967603369,0.49663967965690653,0.514282358351164,0.5415752378259265,0.6393365986244803,0.764741587755811,0.0,0.0,0.20655288586861004,0.7305819114698284,0.48174090812785864,0.47396868538218595,0.4301945452264609,0.5268181583931045,0.5557509653741759,0.6680961106922709,0.37592408318904,0.885320610722288,0.47386784477204125,0.5916539957176443,0.5819732505735511,0.24628268349749183,0.0,0.0,0.0,0.8264671906857677,0.6437912270511572,0.4512656603789886,0.10015256085347098,0.6546929742073035,0.0,0.6305611180324375,0.34772007828097873,0.6348720868615423,0.5551916512333794,0.6129262238830493,0.699030765238657,0.41198341353748136
0.0,0.3444037512007749,0.015762308591942387,0.0,0.17293641921565023,0.24837589323370118,0.21769351313590068,0.4304386872034519,0.31399361257538033,0.13405588036212862,0.043399356176595794,0.36224346770245347,0.30157950202410494,0.58875949545287,0.5894294563098319,0.0839807208567199,0.5729574960204582,0.4644194261466699,0.21828096682683906,0.0717832726741493,0.3986562056137082,-0.29290941346725774,0.20837424530308052,0.2515334849003016,0.8765844977572717,0.6022145593273622,0.16276700953530643,0.3544674177662575,0.1893815163982054,0.5035633597648652,0.5370637984119416,0.17750927854708634,0.16879732642784193,0.222564404607822,0.05435425496347407,0.4396087572647648,0.2699753767747532,0.288511600434355,0.231581037071507,0.3100464765605526,0.3848224796930802,1.100134152844847,0.24183187668185277,0.24187235848397542,0.0,0.0,0.0,0.40685658819741227,0.0,0.0,0.26169383796199563,0.0,0.4629962345799786,0.002763878048767706,0.0,0.181621453137651,0.48726304011618377,0.45448751444473073,0.0,0.0,0.0,0.0,0.0,0.0,0.0,0.0,0.48327890832793174,0.21095768693182804,0.0,0.0,0.0,0.17869600302833732,0.5458245356992228,0.5837691798722064,0.0,0.0
0.40996575894615706,0.11865407765249836,0.06922732880767965,0.17293641921565023,0.0,0.18463654325727188,0.1510443272978601,0.32859144376305793,0.30030869267850113,0.30342381549372077,0.16967018660298014,0.05655323614299096,0.2848524045926739,0.2407912605866924,0.4930224514477836,0.14675596541047342,0.5819007366041429,0.4398289475248913,0.28311089889004826,0.17186092295827704,0.5146701599655716,0.0980219199130461,0.10648477932900996,0.5094963146195806,0.10755859668844725,0.07324604810165233,0.13870030697832367,0.19110539573229135,0.2643424361431893,0.23604352864989128,0.2874430409447093,0.22264920520936315,0.09487097182468404,0.2827799480536097,0.2666133293092243,0.16600952498338734,0.12648568311122615,0.13565763810889966,0.5568502140437439,0.7019328448114615,0.5754678087725442,0.40709298336604505,0.35835823127886735,0.6548465888822409,0.26508311162361614,0.0,0.4247144199227088,0.4313883036094742,0.0,0.40198069525840735,0.5334976133476661,0.6048641467135951,0.3100248703189614,0.33692411703599,0.0,0.27650100048972304,0.3608945280852448,0.6284273926836275,0.18256329804081434,0.25823666088806385,0.4563929120836764,0.0,0.0,0.3814843283967871,0.3247833032330309,0.4925815099768589,0.3529262153238161,0.3881285937900766,0.0,0.4979628500062825,0.5719329369513375,0.36107033285203416,0.521265939318099,0.4573125977429416,0.0,0.5301247836860137
-0.0287805547178559,0.0757728431546274,0.2590127693617065,0.24837589323370118,0.18463654325727188,0.0,0.2854019719298232,0.47933387487582757,0.3899689048121921,0.43437891793507455,0.3047092442406199,0.507109038703305,0.4003889612827122,0.3006530271448702,0.34181355397169866,0.0444217372604408,0.3054071579103629,0.16113604310340096,0.3165313455054579,0.16701587807592946,0.2065742180425889,0.11478405641488221,0.12971004977236317,0.39630290680150954,0.03206383264948584,0.32689865898187614,0.24383364540555894,0.4287219755472928,0.3842659074791337,0.2443026540123161,0.3613623352671973,0.28174311233241284,0.6506862118998473,0.4228929082391455,0.4762900700226726,0.29647557269315805,0.3949141653873002,0.34302809773754706,0.5036191651333808,0.32923935653254804,0.5897301535295383,0.7343356000588332,0.7440805528095011,0.5496872580170052,0.19684960377882535,0.08717072713511043,0.11300153996690546,0.5591837525898975,0.4853531907608267,0.4626254296540917,0.5007533715124614,0.5659307515021478,0.6805181146489856,0.5718108165464065,0.7119468978725554,0.6745945030200968,0.34366981314746237,0.503688345120274,0.5787924490296987,0.37716075787375347,0.12703230122780879,0.0,0.5244644972060919,0.5135612146927984,0.37125221669072994,0.31474781572268884,0.26089146897909354,0.5235998968805795,0.5812003940874433,0.47813468085105676,0.14325949503913316,0.49242226797851885,0.43458692869301724,0.4603728700689283,0.4303934206040366,0.5298404070821802
0.4850240356132421,0.10047054864654387,0.19904298682403088,0.21769351313590068,0.1510443272978601,0.2854019719298232,0.0,0.32803738454644327,0.3839992023061227,0.16840967232974668,0.19566813828852414,0.06863641752822414,0.5536918142594218,0.2020576598867092,0.518587049524631,0.07896160944216157,0.18009015377612775,0.13464088501628785,0.23229869429469457,0.10398933572204336,0.0037789585832808115,0.0612090592062387,0.1929379614874553,0.5308436474691329,0.07961094273751629,0.13369411808155213,0.10706860820160552,0.21894756626146444,0.1879559946574485,0.4627747437201143,0.2359715380647396,0.17626284957252217,0.09006264147501786,0.04804038212582873,0.03959912108875824,0.1883006551038059,0.3342190162773316,0.4234471926181821,0.20988924479868565,0.4378366019677114,0.13171944237361707,0.33065699045403163,0.3599358602946885,0.8425171457741085,0.3504685262962565,0.0,-0.17309115855965895,0.4625274617745837,0.0,0.5573138196901855,0.4825822626090501,0.5647415046428753,0.5422825729788492,0.5583458760860684,0.5867158714048832,0.4482976560415525,0.42870397485911105,0.4523621335172793,0.34752533863129764,0.3291848570046334,0.6005093701268678,0.0,0.5440893401225279,0.5071013771567388,0.6184976504921333,0.49643291497373276,-0.11073476037151858,0.48980533548383987,0.4677504819221075,0.613796315005082,-0.12524272030536576,0.44856242070733277,0.45591230488380463,0.33416063789298456,0.7809139674993995,0.5552573001789253
0.12888153570754268,0.281619141353929,0.6514770894030482,0.4304386872034519,0.32859144376305793,0.47933387487582757,0.32803738454644327,0.0,0.557420831096851,0.5231364395987994,0.5094934025444686,0.6303058609219998,0.3620787133082537,0.7646673950502269,0.2662011015921859,0.28998541739648326,0.46508429130602,0.27626423318307325,0.5331151844952045,0.2091036374107388,0.24957834256462583,0.2004487346175562,0.360688878024475,-0.019368102590580583,0.1571269722611842,0.1816665141006929,0.328376335379455,0.28440643873079435,0.25496845951057917,0.2922240771084267,0.34091870080540554,0.662545466642319,0.533623908373901,0.3051892883883838,0.3410930062453109,0.44814428480713375,0.2605341931143018,0.5803116650067901,0.5436159198700168,0.41073357938973815,0.3264919171255395,0.3755959849140347,0.5885069789769664,0.4456148567703667,0.0,0.5507293327760361,0.3319362712340271,0.5539670938339192,0.0,0.6028628593310552,0.39423005627150676,0.4500144804951954,0.5859388189567347,0.4638343969955318,0.8201785543547373,0.44272700230148077,0.9677566784506132,0.3559717345815899,0.5631769948278156,0.61679213423644,0.3781402903622191,0.0,0.6516271653214671,0.6395287480781369,0.6711560105850769,0.5049331864666651,0.4617525332179597,0.42846731819430095,0.0,0.4733729446050914,0.3910763964784875,0.3955935262519908,0.3471286903334231,0.331396773399432,0.11940632388847816,0.29724614130622784
0.45065017819017117,0.11841489732842883,0.06971304800956185,0.31399361257538033,0.30030869267850113,0.3899689048121921,0.3839992023061227,0.557420831096851,0.0,0.39824180159639117,0.4511008344453545,0.3534759603492351,0.4216152271925828,0.2615548238570417,0.630308898777624,0.17475178092286342,0.047565237196394716,0.44598995115092754,0.19265035948761028,0.2454080836688345,0.4191206849615489,0.15743797747764912,0.19700590771435367,0.5550667347318652,0.2683178427613747,0.3274738449330621,0.21759719418528262,0.3428213812361862,0.2955303518971419,0.4303945402418126,0.3955708477192651,0.4155413626484957,0.6174639198074796,0.4663070214175075,0.42392134747963334,0.330232180255662,0.4022431731996817,0.4069154777029055,0.3734979033956105,0.5329774314788918,0.3600373045333438,0.14010871242932513,0.5393938356559069,0.41759159488129016,0.2850998082118633,0.0,0.5162824081904178,0.6036864765922842,0.4805360456591375,0.5806353247018339,0.5451092089757987,0.5925822347235722,0.5699908802968173,0.4980025230724943,0.21652110938691335,0.6284070161945767,0.23492340454470723,0.49171341239795796,0.6542570073619219,0.43685644261179224,0.6882185510355023,0.0,0.0,0.48089590903337487,0.6090663454162679,0.8692558306984656,0.5711093443280937,0.6092944519626116,0.32770190902731017,0.5636059279468077,0.2740619739437552,0.5145444520747482,0.5277920371137153,0.4455846044812371,0.4959537671318482,0.6524875196804979
0.20674617063249184,0.19518864400162336,0.02371282453132839,0.13405588036212862,0.30342381549372077,0.43437891793507455,0.16840967232974668,0.5231364395987994,0.39824180159639117,0.0,0.32550669017714556,0.439459592664721,0.3339211344186954,0.6587721883384317,0.40676453376824917,0.05603238706209382,0.2286120647565269,0.1003025112877638,0.17728802857801612,0.4214593177587537,0.6497287816816708,0.32580517247393675,0.13585819095533885,0.46300902928896337,0.4897521642750954,0.5133264044215029,0.2345546952929289,0.5333752367783313,-0.03355052893531535,0.40915850037804746,0.5397245836570612,0.2897120216214042,0.6134901632814496,0.5623549206850802,0.6249844786867531,0.3092004514619085,0.5408691390335556,0.5608034031543983,0.41796433742686284,0.22739556091213955,0.44708805486242104,0.3082288730082504,0.3171333527308501,0.33253222266140126,0.445303977206168,0.29832762491019227,0.4863502119750407,0.16391141865905529,0.49151913686029625,0.4562197353937595,0.411612939605686,0.4458814539619483,0.5679464281358961,0.22574475198637908,0.28728572229784277,0.4357919841762468,0.20787973921320907,0.6057247389556951,0.0,0.90788788376982,0.28643702320965336,0.4079810289570954,0.17307085239937187,0.478361321634327,0.4711939150416942,0.5591848396364452,0.33008815070015163,0.5689150659912945,0.39513667153026877,0.27275703940229856,0.3522196643614055,0.44988527447869797,0.545278429235287,0.39725165004331686,0.0,0.5569908700630932
0.4586263456064067,-0.06315346409235006,0.18133478504803302,0.043399356176595794,0.16967018660298014,0.3047092442406199,0.19566813828852414,0.5094934025444686,0.4511008344453545,0.32550669017714556,0.0,0.2165158106946396,0.19968071904957674,0.42031762341707407,0.0,0.5205957674681587,0.13079394418798684,0.1722132134222863,0.26808244894615574,0.45488131169519314,0.5447723767629206,-0.11069384741875862,0.49182081808174244,0.5228385223262603,0.11747965129164717,0.607644924452029,0.24785255042785675,0.2592388407280437,0.38124701886556955,0.547435155764203,0.2678792450012735,0.32804572810658017,0.17420361801365752,0.4061646442553889,0.25561636672250515,0.3934801145469098,0.3743554541854073,0.30418177255483514,0.48152224420012346,0.5511481885857905,0.4642592556149574,0.48278454242234975,0.5610841471415537,0.6431310419588335,0.193859958504459,0.0,0.0,0.44772757997460144,0.4720304634340581,0.14990278279084485,0.5095031364453437,0.29803176506880613,0.5204403434481301,0.5277726870483597,0.1870285492938018,0.35456102632857894,0.41524943564309763,0.30808721871301725,0.39501962290836534,0.0,0.0,0.0,0.0,0.310389454465838,0.36066107183970597,0.0,0.6745370257255908,0.5649925140526897,0.0,0.0,0.9558640302905623,0.5399202349696159,0.3356615256585163,0.35902750972165004,0.0,0.28604175016724964
0.303489195381093,0.41504689582976867,0.5358201834611526,0.36224346770245347,0.05655323614299096,0.507109038703305,0.06863641752822414,0.6303058609219998,0.3534759603492351,0.439459592664721,0.2165158106946396,0.0,0.2409151404289035,0.6285984809047517,0.4062924202374587,0.35356887976398094,0.3913193795714593,0.4104379809323527,0.14575555378778274,0.541504754177059,0.598893002313712,0.45140205289498286,0.042870266259863676,0.3494610247314539,0.5803491590397589,0.4808845994565595,0.2572830396817146,0.42828604250847074,0.6248357848912354,0.30222438259703605,0.5381216163554501,0.34930507371481734,0.6275297218232552,0.6225990505699075,0.4988306945203181,0.37658392963568765,0.5581232851608546,0.3929967962778058,0.5282270766810178,0.3218415817721776,0.6341400763745623,0.32330666455186896,0.4301640830346918,0.46394894777952356,0.3869210122847113,0.2146714750907113,0.5643015126274034,0.27977229848485474,0.19296740516357797,0.29519767578930933,0.33295193685804414,0.5003859716285566,0.23428059935674683,0.4247093486478389,0.33922821591082264,0.24757481877001164,0.4150246610378891,0.5424105311352047,0.720154804021613,0.6424791229363465,0.23367826784998533,0.37837685913908925,0.22398598856657115,0.33692925332051143,0.7710143944354914,0.7730015806807399,0.40380343459517215,0.5112096145469565,0.43900979354371167,0.31077595705834055,0.37294964819110055,0.36750751518370983,0.6457244709786119,0.5280276369063137,0.0,0.6233572568756064
0.6468206023630056,0.08820894956912273,0.27573749720039564,0.30157950202410494,0.2848524045926739,0.4003889612827122,0.5536918142594218,0.3620787133082537,0.4216152271925828,0.3339211344186954,0.19968071904957674,0.2409151404289035,0.0,0.38010950943943905,0.15601773603765212,0.1741103364673836,0.18802701081534565,0.28005406325875193,0.28007501796804335,0.18867810406251967,0.09029256979610609,0.13042738502713858,0.20538192973460115,0.08413060721877827,0.20988336169987917,0.09137998382885859,0.1487409285073819,0.4073570166768004,0.3436006181637702,0.3762022405627056,0.2708839393260952,0.196735379859179,0.09021714894673166,0.17657582372033404,0.15252039666262185,0.2625572959014063,0.4172768952777546,0.34279695559216267,0.5524190059622444,0.5238494239736373,0.6588603484409816,0.4006712505454698,0.6047239865939422,0.4275835618361788,0.4398654288938265,0.6448654159146363,0.11750586859651252,0.5455475860320691,0.0,0.546207089246275,0.4391264552898818,0.5651896730559867,0.43720266335365193,0.5943444852203088,0.5634180322784577,0.4472239967400429,0.5131778998745649,0.5347144720720076,0.4116778528314677,0.3648645428831916,0.5440771876298409,0.40138033475224894,0.5568067334283233,0.44560006570554833,0.3569434061665451,0.5984515701761579,0.1566159591011451,0.4504021291049535,0.4964620137869001,0.5348495230736559,-0.05300295880542788,0.45555305756455056,0.5089882690118896,0.3638239625347503,0.41448643752545816,0.5243930694205899
0.5201975404975185,0.5163411883496895,0.1481725076468962,0.58875949545287,0.2407912605866924,0.3006530271448702,0.2020576598867092,0.7646673950502269,0.2615548238570417,0.6587721883384317,0.42031762341707407,0.6285984809047517,0.38010950943943905,0.0,0.49480092258902775,0.5620629598443683,0.4924403422173237,0.47973644241150354,0.27601952454079337,0.37788626041814377,0.34776038611940296,0.26964867789067093,0.4865955666627909,0.6751822019934146,0.48955677873443343,0.024124463633162063,0.3039292261329875,0.5264578462704737,0.3796028451695078,0.8242893673981415,0.22421295309772993,0.17209772700123124,0.23920937400155184,0.3666727622544196,0.3460434897648908,0.31626223352575555,0.17730174335102242,0.3989126221254725,0.6910697793223681,0.0,0.707341528056453,0.8518628611057009,0.5567775849355343,0.4810067846716285,0.0,0.0,0.0,0.42708943442026653,0.0,0.6935760112365035,0.44761254024742836,0.4097587853555816,0.5249670012361399,0.3758304663160774,0.0,0.49222318714072855,0.4058863182984025,0.7482566715967656,0.4591896848642605,0.0,0.0,0.0,0.0,0.24225350760951878,0.0,0.0,0.0,0.5256012440785027,0.0,0.0,0.0,0.42428440996357786,0.7579881426674397,0.0,0.0,0.0
0.39476533814042863,0.23314232778215854,0.3312667489433887,0.5894294563098319,0.4930224514477836,0.34181355397169866,0.518587049524631,0.2662011015921859,0.630308898777624,0.40676453376824917,0.0,0.4062924202374587,0.15601773603765212,0.49480092258902775,0.0,0.3180417761325799,0.23899364155158595,0.36847809066433873,0.0,0.2705518465491162,0.3729866570676231,0.37636608961234475,0.4010028426697776,0.2553595457004515,0.22347888389987208,0.39541257439810024,0.32045905925369966,0.05250723422258369,0.05246690134634763,0.46143464583853605,0.4265801390294779,0.35731185584918845,0.24606478397492848,0.369092623614985,0.4810423929668445,0.6366539258848245,0.14650559934783458,0.3765355191727725,0.5369213441908356,0.4844589300871751,0.5622556952852484,0.5023260295570345,0.543839546349809,0.6020095395118918,0.0,0.8383929872276608,0.4446175755746934,0.47831684229311516,0.0,0.0,0.3956561186268123,0.7141727890832189,0.4005847588444235,0.5599679110829845,0.0,0.0,0.6917218462706614,0.37695610825154363,0.47475745309575146,0.35517724527158084,0.5567653433201345,0.6312785015691518,0.7370101537070571,0.0,0.5642827860856144,0.5878185672562488,0.6223228267835086,0.6222086135215357,0.4562311719399562,0.6266030183045076,0.4255220323612167,0.5035616756462941,0.24262875671312112,0.4413984238006324,0.5362420145778843,0.5055785902565137
0.2989449475365648,0.1457490620694366,0.44775096803298653,0.0839807208567199,0.14675596541047342,0.0444217372604408,0.07896160944216157,0.28998541739648326,0.17475178092286342,0.05603238706209382,0.5205957674681587,0.35356887976398094,0.1741103364673836,0.5620629598443683,0.3180417761325799,0.0,-0.08030359544589338,0.2791089852926731,0.4539528423148305,0.1369775286996204,0.3073295476297989,0.050961903759553784,0.2594328981907787,0.29217175548525987,0.251018983358176,0.22928278701597865,0.16552865428837715,0.19338240214706795,0.17514691242817484,0.16847958436572297,0.17631648727512728,0.3597029199690879,-0.004833303301544689,0.012736779681715438,0.3338385550548624,0.6624800267990871,0.39559155104598587,0.6129715497673383,0.396083889503966,0.2747256707834793,0.25660159017074313,0.18257160293525698,0.46542343092080646,0.0,0.0,0.2373368798198489,0.23599172506254212,0.0,0.0,0.0,0.4345605530910575,0.6013220148337892,0.8091904613408814,0.0,0.5454802079354861,0.0,0.4467015783835797,0.6285885057995534,0.0,0.3911268673252234,0.27520175302673106,0.6471816275861326,0.3757491979396135,0.0,0.27564964306555195,0.3681316159712805,0.28950643950774724,0.33406068251432364,0.27281715662897504,0.31535069570200364,0.3495308781333702,0.4760861594776872,0.6188772968532905,0.2954788484500872,0.0,0.167657926216203
0.38797203064964947,0.5714178700021688,0.6393464976228321,0.5729574960204582,0.5819007366041429,0.3054071579103629,0.18009015377612775,0.46508429130602,0.047565237196394716,0.2286120647565269,0.13079394418798684,0.3913193795714593,0.18802701081534565,0.4924403422173237,0.23899364155158595,-0.08030359544589338,0.0,0.3117298407083497,0.07108002842003341,0.2780291920266218,0.5647888479274188,0.29176568404059755,0.5028706328135663,0.2180580888134901,0.1589328538636539,0.018188906096156643,0.545929460865288,0.6179671717523807,0.0850294439021447,0.4837565386019606,0.1872019352109731,0.3986779972131388,0.30727515387263127,0.21281526735156014,0.19277711439577666,0.5987119620965624,0.2449538736326088,0.2839279772843462,0.3520530699932153,0.37219579825680527,0.29594957964178725,0.5426095944632716,0.0,0.0,0.4635925329158114,0.6323818631841142,0.5493143460851952,0.0,0.0,0.0,0.0,0.0,0.0,0.0,0.3417421927553029,0.0,0.3163268389278461,0.31030877091966186,0.0,0.7876561834583743,0.03727420912458934,0.39794529918931154,0.09603825058474391,0.0,0.0,0.0,0.5379265766917782,0.0,0.3856814277281028,0.2880746488527947,0.34329089284035186,0.0,0.30157489433293183,0.4812167810242429,0.0,0.3383426347061925
0.20828236908729503,0.08767580318728246,0.511784907702346,0.4644194261466699,0.4398289475248913,0.16113604310340096,0.13464088501628785,0.27626423318307325,0.44598995115092754,0.1003025112877638,0.1722132134222863,0.4104379809323527,0.28005406325875193,0.47973644241150354,0.36847809066433873,0.2791089852926731,0.3117298407083497,0.0,0.5058753482129864,0.20390923988819026,0.1830795244660992,0.05455918016701086,0.20098487492820571,0.3068949138998771,0.24123824884872552,0.11555159549742311,0.2172318147001266,0.21654310148983152,0.18772884378744775,0.08181633807602262,0.19388142505165423,0.28840198306859266,0.24759138511777923,0.1361433744842676,0.20857528315547189,0.36590290975815243,0.2582878846787652,0.24495093064289533,0.51338334174619,0.4440394835474205,0.2901975240857779,0.3252015093282449,0.0,0.0,0.5743095213801805,0.3675999345710468,0.16736471393855062,0.0,0.0,0.0,0.3464783068512013,0.5709680851906007,0.8445993718537014,0.0,0.5040862151156598,0.0,0.32499389189477224,0.533466185694124,0.0,0.6188184956826333,0.2268865003937866,0.5700818325170641,0.33648653760515357,0.0,0.20468119460262146,0.4970995240562592,0.20117980719077047,0.7723289793153052,0.4664474443510641,0.33767641300756923,0.363544974368796,0.49119763458859234,0.3907420183435175,0.2454902991023284,0.0,0.4575798105523214
0.0,0.6435192261385563,0.22205961653152953,0.21828096682683906,0.28311089889004826,0.3165313455054579,0.23229869429469457,0.5331151844952045,0.19265035948761028,0.17728802857801612,0.26808244894615574,0.14575555378778274,0.28007501796804335,0.27601952454079337,0.0,0.4539528423148305,0.07108002842003341,0.5058753482129864,0.0,0.5560745234806039,0.4430792684597584,0.6946092289469741,0.21429308090967603,0.4987944050685207,0.13070849786795838,0.5324578471442593,0.17920640867769888,0.3575801377026081,0.5721639428251595,0.6155514829539376,0.3528719180906894,0.3925379486599916,0.5203795435383328,0.4417536635938442,0.2802496016239793,0.38246152952475776,0.27883732394449623,0.38325815531040386,0.18395175144397496,0.40193948995643464,0.43879361719488064,-0.0562222347911151,0.6546664203137393,0.34614948747641555,0.40752563858087587,0.0,0.0,0.7807271506096454,0.0,0.4508076932990611,0.4170758693253805,0.48816635801034425,0.5162741834804285,0.5517932579782154,0.9333616191495018,0.703528666900092,0.5449757249183208,0.40987058607754057,0.4802632023052257,0.0,0.0,0.0,0.0,0.6633905772032813,0.4766059199520711,0.0,0.4944683237071109,0.5841128805410687,0.0,0.0,0.0,0.5919026642744202,0.45913680776372295,0.467988005457361,0.47406136221690176,0.5698423840460103
0.4069498350709233,0.22822516518929292,0.39327510381706454,0.0717832726741493,0.17186092295827704,0.16701587807592946,0.10398933572204336,0.2091036374107388,0.2454080836688345,0.4214593177587537,0.45488131169519314,0.541504754177059,0.18867810406251967,0.37788626041814377,0.2705518465491162,0.1369775286996204,0.2780291920266218,0.20390923988819026,0.5560745234806039,0.0,0.22112827354192877,0.3611142009323755,0.71007286168671,0.5969438782784782,0.06453630589177412,0.34624972766235373,0.6660239898180378,0.43370983793997697,0.3742957415525,0.5604667260691705,0.45320943727831975,0.3879228507217879,0.28880833895370284,0.41799479469611556,0.520963138496931,0.7273537194671464,0.5235096780573167,0.8198827230849814,0.5666871264719655,0.4299770706498708,0.46201862226439194,0.2425276931756875,0.6961053551687002,0.24311936654073507,0.21813633439842955,0.5282271786544497,0.3464304565794448,0.4354444477855877,0.0,0.0,0.3820063806278351,0.4111503657306244,0.466138364791388,0.4985966978579507,0.9395013903106149,0.0,0.5953668846724257,0.3816481369847841,0.0,0.4127058902695754,0.2906342236132787,0.4646794578518166,0.6026487377638639,0.0,0.4202307800520608,0.2723705565137423,0.400305160822216,0.3911699975450561,0.0,0.31749712117389756,0.24537586214801402,0.38007000274502534,0.3006521425639336,0.43937090013780805,0.20937656053242132,0.43904510699861393
0.32540649878705896,0.2932291736523228,0.4021449505752349,0.3986562056137082,0.5146701599655716,0.2065742180425889,0.0037789585832808115,0.24957834256462583,0.4191206849615489,0.6497287816816708,0.5447723767629206,0.598893002313712,0.09029256979610609,0.34776038611940296,0.3729866570676231,0.3073295476297989,0.5647888479274188,0.1830795244660992,0.4430792684597584,0.22112827354192877,0.0,0.31386508545862774,0.23903890905655228,0.14533322043009422,0.030854643753428057,0.20635912192807018,0.2182712383503871,0.15015313792338503,0.09384676950989085,0.19268658433792982,0.3139643416758251,0.3251126722572523,0.04054106324451612,0.27760583868879096,0.532854372981885,-0.3216959351717106,0.3527451232745794,0.5500440922079765,0.7195229564879408,0.48380307894192415,0.4172972679630611,0.6157885176666793,0.5721340204419794,0.0,0.0,0.9997005569927493,0.410734075059377,0.6593948468537065,0.0,0.0,0.4050772298130042,0.44225212322905516,0.7744569276067546,0.04302100509088336,0.6009771492113416,0.0,0.7441287851135167,0.3526897687859609,0.0,0.5519933317387997,0.3881203985483104,0.0,0.5223777722451084,0.0,0.5119915475024465,0.7890569194978235,0.5126149360438271,0.4441240036459191,0.8221516070254109,0.480548632941562,0.5604017866491,0.44709267320960855,0.3232055192158839,0.563889732777912,0.17479371518135173,0.2447045212520903
0.2999298198284478,0.3421139659588106,0.040953903166802086,-0.29290941346725774,0.0980219199130461,0.11478405641488221,0.0612090592062387,0.2004487346175562,0.15743797747764912,0.32580517247393675,-0.11069384741875862,0.45140205289498286,0.13042738502713858,0.26964867789067093,0.37636608961234475,0.050961903759553784,0.29176568404059755,0.05455918016701086,0.6946092289469741,0.3611142009323755,0.31386508545862774,0.0,0.5612363154206339,0.43843279523168105,0.28484231902540946,0.29239229856896304,0.2531624584206721,0.42327221668129966,0.23292869617952244,0.4929495571310079,0.5066839829711285,0.481261588333193,0.2123729984438223,0.4263479304530896,0.5782069765863289,0.6078702888517109,0.7042570178297696,0.6110329369516735,0.6308558480295816,0.4846779616492951,0.4681577912170378,0.6469958234518773,0.8079335224366375,0.3614608256757167,0.2514879793480645,0.48232149537430247,0.32277636964807865,0.4947043589596945,0.47838515616827004,0.24548349559987165,0.5418716483806041,0.5161572287960737,0.6083427858203396,0.5575807809421041,0.42234080542037733,0.0,0.5492222564164781,0.46212180555076543,0.0,0.496667719956152,0.2793676710866958,0.41064001668037475,0.41907847833451994,0.0,0.4499280290385438,0.53586877017169,0.5112853541778395,0.4123519861988857,0.7449362667196633,0.18015680925567423,0.35030093673042656,0.37835124189727765,0.4203382877140147,0.4179113875643866,0.5591999489350191,0.4280355148668474
0.13634279004301098,0.22787362152263235,0.010667308383819019,0.20837424530308052,0.10648477932900996,0.12971004977236317,0.1929379614874553,0.360688878024475,0.19700590771435367,0.13585819095533885,0.49182081808174244,0.042870266259863676,0.20538192973460115,0.4865955666627909,0.4010028426697776,0.2594328981907787,0.5028706328135663,0.20098487492820571,0.21429308090967603,0.71007286168671,0.23903890905655228,0.5612363154206339,0.0,0.07366472811690988,0.1765156341242286,0.24733809247276456,0.28599822128866126,0.11753885878300893,0.120970106679888,0.12426966216049895,0.21154249993881194,0.2517840961603086,0.26974355234341585,0.23016750632855776,0.30853773916655836,0.36393909610164815,0.25103745986412873,0.3233284361235437,0.47974017669085356,0.5674087604485918,0.4718331217078462,0.5858401676750882,0.6710333673501803,0.5923492092650113,0.5776957906404889,0.5298802736096874,0.38465780671043226,0.7155032368961171,0.44871295747745354,0.5757486638775297,0.4241558646841127,0.5064607282188028,0.6003539327519744,0.6006769559055756,0.6375622283140321,0.7250704798071543,0.4217502399563922,0.3891532778219201,0.6778513750832712,0.4664391111330365,0.6525779142815781,0.47119391504169306,0.5538937646779423,0.66892813038982,0.40910684316183377,0.43191165031648004,0.4356263945062969,0.6417205266765337,0.24090158601113987,0.6329993763411588,0.4137518325668543,0.4007747786720094,0.338478773687984,0.421597031332427,0.36707050774069583,0.48033671606487977
0.3253847896809637,0.306144502980891,0.40075328088251194,0.2515334849003016,0.5094963146195806,0.39630290680150954,0.5308436474691329,-0.019368102590580583,0.5550667347318652,0.46300902928896337,0.5228385223262603,0.3494610247314539,0.08413060721877827,0.6751822019934146,0.2553595457004515,0.29217175548525987,0.2180580888134901,0.3068949138998771,0.4987944050685207,0.5969438782784782,0.14533322043009422,0.43843279523168105,0.07366472811690988,0.0,0.4046668093156163,0.233633716816199,0.09151205180454156,0.4320493735792865,0.6349242990484025,0.8122957667686581,0.4289205713145082,0.3591233701024358,0.2804923460618005,0.05078024267784789,0.11497096665578857,0.3625540236921726,0.3513355481255449,0.22012815086005202,0.824424109726732,0.6348930084827933,0.6274403821092334,0.5574977706582669,0.5872304170361456,0.3537000958630424,0.44853956125258176,0.4616163268208601,0.47810810331181774,0.0,0.0,0.4607738272214006,0.5717672298705402,0.2930746412024502,0.0,0.024241888033800698,0.3516460075978476,0.547068851691948,0.3604686717876869,0.43629286515911325,0.0,0.2198881007500569,0.34306593203264524,0.2789868131500599,0.21104927039298504,0.4768035508894676,0.32256212939245404,0.4399545274769989,0.1476001144712245,0.82610548970506,0.4231161556801548,0.29282132271434147,0.3090954124524085,0.5169500969329631,0.6793297513420631,0.6166431497451152,0.0,0.49889973920331077
0.2708542177317876,0.1531647193671364,0.4958710482799997,0.8765844977572717,0.10755859668844725,0.03206383264948584,0.07961094273751629,0.1571269722611842,0.2683178427613747,0.4897521642750954,0.11747965129164717,0.5803491590397589,0.20988336169987917,0.48955677873443343,0.22347888389987208,0.251018983358176,0.1589328538636539,0.24123824884872552,0.13070849786795838,0.06453630589177412,0.030854643753428057,0.28484231902540946,0.1765156341242286,0.4046668093156163,0.0,0.11107223818398973,-0.030605716127707905,0.279893976442451,0.13035529144733632,0.4275455334630835,0.34513509059946545,0.2688159078106011,0.29118352664626873,0.19992216845523764,0.29804373207870083,0.5302182315368897,0.5902303294728605,0.46086510299402567,0.487938124274774,0.45843727896074665,0.29396112389740736,0.3815196361056902,0.09839265214867621,0.0,0.4589875582670087,0.40211428256969395,0.23650335704440165,0.0,0.0,0.0,0.4045711357463193,0.5476786703890528,0.6979417654789644,0.40839763688551756,0.4161979228141833,0.46644826612354695,0.36580598231291395,0.22258777959395717,0.0,0.5806320263559734,0.3096180228099138,0.47039475942195597,0.3491021380842708,0.0,0.3922865519799782,0.1579248229946138,0.2625948301698615,0.5477013705917094,0.4581356905076787,0.33908007202231316,0.32210710943677767,0.4983226036866438,0.46002295568987506,0.30793423062046066,0.0,0.33934902645036014
0.3041285576807219,0.14056120095871105,0.4510296557766824,0.6022145593273622,0.07324604810165233,0.32689865898187614,0.13369411808155213,0.1816665141006929,0.3274738449330621,0.5133264044215029,0.607644924452029,0.4808845994565595,0.09137998382885859,0.024124463633162063,0.39541257439810024,0.22928278701597865,0.018188906096156643,0.11555159549742311,0.5324578471442593,0.34624972766235373,0.20635912192807018,0.29239229856896304,0.24733809247276456,0.233633716816199,0.11107223818398973,0.0,0.3243880559689078,0.3810948475630816,0.281115912742105,0.4162281099868868,0.305998396457586,0.46211629357135986,0.17786410813568976,0.2183566188157584,0.44820236948524095,0.4851378717480423,0.5039958712544121,0.4564894888891885,0.4527618190854663,0.36979578960220905,0.32569448279070506,0.264753248811493,0.19702725980448682,0.5441409193125206,0.37494103730758366,0.42650517901173474,0.3109759522026114,0.6675431844411248,0.0,0.0026196414061185258,0.466182742321239,0.2467996496951556,0.5559124218293617,0.3927339006732071,0.37865488629601013,0.0,0.3527314606357043,0.4520310654677274,0.0,0.4539768369379319,0.3148122321073866,0.4265581296294641,0.29016558038513807,0.0,0.30274250134629976,0.6241238935218872,0.40353957953548,0.2998121940607862,0.48391170279426626,0.3245886933448128,0.2517837396752662,0.24407128782125037,0.31252358510155526,0.3645260366808614,0.4774742188685325,0.35867696538456145
0.19619671393591226,0.03597441352426112,0.3164027642769864,0.16276700953530643,0.13870030697832367,0.24383364540555894,0.10706860820160552,0.328376335379455,0.21759719418528262,0.2345546952929289,0.24785255042785675,0.2572830396817146,0.1487409285073819,0.3039292261329875,0.32045905925369966,0.16552865428837715,0.545929460865288,0.2172318147001266,0.17920640867769888,0.6660239898180378,0.2182712383503871,0.2531624584206721,0.28599822128866126,0.09151205180454156,-0.030605716127707905,0.3243880559689078,0.0,0.1255757828340995,0.4194383307199542,0.11970504081960154,0.1699685266583435,0.199590367219251,0.1579046500063589,0.20790979167579854,0.22747218902974384,0.20197787764244007,0.30613858246065534,0.23853031843680533,0.47690051964008073,0.5172968156276938,0.4659149704456738,0.5221630754254689,0.6463478629872259,0.6636600845920314,0.4051820086845777,0.4474750788908535,0.2710164405222819,0.5669722086841718,0.4463369035597838,0.6117322347456924,0.41864128427259006,0.4936916861645634,0.4965562677189198,0.5062168712090778,0.703794745546654,0.5768503255890728,0.2846505817896294,0.4180096075409898,0.699497101958622,0.4470909326003632,0.5044616680435297,0.0,0.46832201465757417,0.6288350008821422,0.4328111486314292,0.4375935532136403,0.2730056384524286,0.4405656616484648,0.0,0.536257239728944,0.13268926393668468,0.4195608417121783,0.32978543482303757,0.3857089005905917,0.2917720865260323,0.4617893436348073
0.09172747955525826,0.10992924736177637,0.3365677059190102,0.3544674177662575,0.19110539573229135,0.4287219755472928,0.21894756626146444,0.28440643873079435,0.3428213812361862,0.5333752367783313,0.2592388407280437,0.42828604250847074,0.4073570166768004,0.5264578462704737,0.05250723422258369,0.19338240214706795,0.6179671717523807,0.21654310148983152,0.3575801377026081,0.43370983793997697,0.15015313792338503,0.42327221668129966,0.11753885878300893,0.4320493735792865,0.279893976442451,0.3810948475630816,0.1255757828340995,0.0,0.4034465299090946,0.3498020795528596,0.5043023436315294,0.31216578098448805,0.3948625520345428,0.2647116079530849,0.5139214788782058,0.32898821814946766,0.39098447134992576,0.6092809413596342,0.45368356788624564,0.3401762052928601,0.34334304909485247,0.257079802783829,0.49967134168859173,0.6206403824076422,0.6587824351849885,0.6306144308556942,0.1671098620314418,0.4782247877427983,0.0,0.6880851418254473,0.42339246059164526,0.5175213245827275,0.4598719413768966,0.5156599976682079,0.6640252159970891,0.49439481450675676,0.06406272005528874,0.4220312703448701,0.34028565099563846,0.3381620648720949,0.453388188995572,0.1892712308592021,0.5826960055504227,0.5908930440433467,0.357547978139535,0.2827714011384409,0.2589454097114626,0.4215864927835651,0.5427581332069904,0.6161807794775456,0.06887272233731587,0.4043221335402861,0.37959393250951023,0.37992898802252273,0.33694002029406966,0.48867671146886604
0.32158449762792485,0.16062522723736156,0.5667551690818026,0.1893815163982054,0.2643424361431893,0.3842659074791337,0.1879559946574485,0.25496845951057917,0.2955303518971419,-0.03355052893531535,0.38124701886556955,0.6248357848912354,0.3436006181637702,0.3796028451695078,0.05246690134634763,0.17514691242817484,0.0850294439021447,0.18772884378744775,0.5721639428251595,0.3742957415525,0.09384676950989085,0.23292869617952244,0.120970106679888,0.6349242990484025,0.13035529144733632,0.281115912742105,0.4194383307199542,0.4034465299090946,0.0,0.3441454153192555,0.4212806580075127,0.2957895032112998,0.2370626859093666,0.3613529893565436,0.3718010295219047,0.42563327429560294,0.29980019092400134,0.538797094172397,0.44375732730667444,0.4926716790462198,0.4432096773796118,0.4573434834904222,0.43659584266620455,0.5124891842976566,0.6312782361934828,0.47417763424650844,0.5037745851959564,0.3254081057326763,0.4523530697801701,0.4678547984090921,0.3866044327783156,0.414126284170911,0.4320384116566501,0.28570740839896114,0.6312550161607997,0.4385535551344837,0.5618529685948904,0.3654444962156069,0.7511437620778134,0.35482160046238037,0.8061275752768351,0.4809265977198841,0.5493569508221341,0.5102176236889329,0.3692815200821632,0.26204688318926705,0.35463406455742646,0.4136002825323082,0.4878447190024984,0.6575443977507668,0.40420048460264746,0.40633042069361375,0.30324330286694046,0.38279454478282865,0.3094834799909636,0.39371088075035526
