0.0,-0.04494966376518117,-0.0017118968597595874,0.0,0.0005392071429223821,-0.08250127549325392,-0.0023096600216608865,-0.06040682225687771,0.0004859791860038487,-0.05672566284564562,0.00113014293699637,-0.035510539082886594,3.998199945420833e-05,-0.0015662465635016276,-0.015372789341544846,-0.05379447940172527,-0.002731053518628901,-0.045674129064654956,0.0,-0.028120029790407064,-0.02068664643123247,-0.04312629513590349,-0.06065447156225101,-0.04203068786617292,-0.032627591031861414,-0.04440901226975108,-0.05359301925628163,-0.07331607612157442,-0.03422081791669768,0.002842898583678588,-0.03254314518048784,-0.009091200469505178,-0.05967660727789342,-0.0396710053122748,-0.014823259286490531,0.0003395269606884521,0.0002648955719384283,-0.036379972386843484,-0.008844282849313934,-0.029066405222485492,-0.025215064804643972,-0.026302295498978945,-2.309204808481624e-05,0.0,-0.0015471923521137576,0.02619356132702161,-0.04516496100447598,0.0,0.0,0.0,-0.008123243790586043,1.1102230246251565e-16,-0.002834848810970181,0.0,-0.06083684542591,0.0,-0.03782793973768844,-0.0005161471257097427,0.0,0.0004552606128795378,-0.03127496959525966,0.0007079815670134049,-0.03736862067465313,0.0,-0.03237147286872366,0.04701765542870262,-0.03671087926593247,-0.0011656507315900289,0.0257971991678157,-0.041228813788567686,-0.03218496279050814,-0.0021834296061397085,-0.00019159261449658294,-0.021335961452313534,0.0,-0.025240018010433574
-0.04494966376518117,0.0,-0.05540166972991184,-0.0001212079174967573,-0.06913250219016187,-0.06686505354682937,-0.07298065843400048,-0.05869268430913899,-0.05957777723575641,-0.03659636756787016,-0.03897280410002929,-0.0026249427908755507,-0.07395667280984042,3.3558975416458914e-05,-0.04473531707752171,-0.06362845871377848,-0.0029119476988091475,-0.06928689538359983,0.0012197212881550623,-0.038034164074549126,-0.045448624767874646,-0.0362690258123049,-0.06368162372127006,-0.01521255921362663,-0.05351476071548944,-0.05429389260578871,-0.06312851975459927,-0.06377413564237583,-0.04350478401066782,-0.003416370171444305,-0.0339282986863631,-0.020996812570015067,-0.06417922156830036,-0.03966451315555353,-0.017634632023515118,-0.0038325206164232517,-0.00023315546298363632,0.0,-0.03175574271183007,-0.040629624791910346,-0.0429424647550492,-0.037234989601141355,0.001147162361619769,0.0,2.220446049250313e-16,-0.038164378185581216,-0.056890286484819697,-4.1257004964323496e-05,0.0,0.0,-0.02970315964165582,-0.03303885360480496,0.0010797931307561237,-1.905344257008279e-05,-0.04414266091090241,0.0,-0.0009374378142967821,-0.0323982781990379,0.0,-0.043832275166014734,-0.04372707753458227,0.0013932870210184856,-0.03176844532091039,0.0,-0.037456251519131734,-0.025873552752118834,-0.04827998107288617,-0.030391413796299116,-0.0014580477014528581,-0.043239178425052205,-0.05395043282176809,-0.043144485540135,-0.034273865587095886,-0.038263189205212655,-1.1102230246251565e-16,-0.04039517150619093
-0.0017118968597595874,-0.05540166972991184,0.0,-0.08388515628347465,-0.06737694407116035,-0.04376561662775247,-0.07026547358471441,-0.009531870223371486,-0.04938395436178106,-0.06385420681703735,-0.06542093378891872,-0.0024616536058890137,-0.061218254822881235,-0.0779164607865051,-0.001556839870221316,3.35901833912744e-05,0.0004030984158134854,-0.002421089556985001,-0.046276048527281816,-0.0011326927963827282,-0.002289944447253167,-0.06468663233973682,-0.08096190774690176,-0.0018280947448222618,-0.0051510767717056205,-0.005348300814248252,-0.027330345117453136,-0.05549979261791699,-0.008832888208285317,-4.1412943698748705e-06,-0.05249054059040387,-0.051916350044483806,-0.0013098968794400534,-0.024918866439808396,-0.03936875994254202,-0.05006184771864158,-0.05635509600522687,-0.0019471403385076802,0.009532818206349214,4.7293521410196604e-07,-0.0012780744517755238,0.0022376906789370876,-0.005600472445235094,0.016284902971174575,0.0,0.0,-0.00036388644089419,0.08175201514452252,-5.1865357240110654e-06,-0.014011948741450841,-0.03621780360554261,-0.01910778348031017,-0.025800823232219106,-0.011561343326224605,0.0007735678588982609,0.07822900384994658,-0.0012640788275984916,-0.008611119270361622,-0.004667433893352002,-0.0002631311248218471,0.0,0.0,0.0,0.15676705626046428,-4.2282240475199906e-05,-5.870930287943388e-05,-0.0004972319931801361,-0.004862379372348347,0.0,0.00016229712310361633,-0.0013642825456746666,-0.014942896615613988,-0.004257953958516025,3.824484735837075e-05,0.0012450314855437794,-0.008445080784302395
0.0,-0.0001212079174967573,-0.08388515628347465,0.0,-0.045823940893622295,-0.041133491118222565,-0.02964306167297015,-0.024535745505770812,-0.04829431464528888,-0.058788227643379515,-0.06843803005541105,-0.0009984013719084306,-0.023183996468706003,0.02144498965639624,-0.0012718154313677843,-0.00036573671268269603,0.0005846512662466274,-2.361787078025701e-05,-0.06429759749681219,-0.06088488295229716,-0.00010509073760905929,-0.09166529567040838,-0.04346874246126636,-0.0009115861926861091,0.0006523160556647922,0.001311888211527057,-0.057212631481437015,-0.009514386708958322,-0.029583968440282826,0.0008538834064866774,0.006354018653129068,-0.028419974605067344,-0.016012629097660047,-0.027132855572698233,-0.0725856591560565,0.02040218753957279,-0.003255964587757676,-0.0073823131081114934,0.006961157442457733,0.0002055635774474429,-5.0056935293973925e-05,0.09829728840206403,-0.0009774794532128595,-0.0011939363844755135,0.0,0.0,0.0,-0.0004228798179647386,0.0,0.0,-0.020215210341679613,2.220446049250313e-16,5.4052642229129866e-05,-0.000630979675700416,5.551115123125783e-17,-0.0009050312034693531,-0.00044257867188490785,-0.00023495324644912108,0.0,0.0,0.0,0.0,0.0,0.0,0.0,0.0,4.7658173210785026e-05,-0.03653189909078419,0.0,0.0,0.0,-0.02890846980563372,0.0013979486886044334,-0.00012860522623592274,0.0,0.0
0.0005392071429223821,-0.06913250219016187,-0.06737694407116035,-0.045823940893622295,0.0,-0.042034897623356604,-0.04419355439095679,-0.045410626168973955,-0.02313886841110263,-0.04705456974826788,-0.03866373969275888,-0.06044945126195417,-0.04179599602659123,-0.03752722940108216,-0.0003985707051785692,-0.07652569861645747,-0.0014125056113776235,-0.0039548240789665234,-0.042099064194587976,-0.05649024854686735,-0.001220332950419012,-0.07065003883046361,-0.0598666564462203,-0.002657420265108734,-0.07651478728047773,-0.06173934739913234,-0.05410321535047713,-0.045602332049276884,-0.05014624703843751,-0.0259852254172247,-0.04872341751678866,-0.039707638266200274,-0.044110436803180386,-0.040141249324396666,-0.035317953778966904,-0.03813636934681261,-0.05737275943459738,-0.0432230137563715,0.00762654386462952,0.0008156180247130274,0.003803104315875605,0.0009835339990010294,-0.036754141636394566,0.0014909263108723314,-0.00017932959551963945,1.1102230246251565e-16,-9.73920623391078e-05,-0.03197090044042539,0.0,-0.030669471018668903,-0.014994883125757419,-0.001282998340424557,-0.04753058391604392,-0.03469742810271892,5.551115123125783e-17,-0.04272805073816088,0.0005568848038369212,-0.003151361052252666,-0.05587789063040127,-0.0003374148059258619,-2.386043522650816e-05,0.0,-5.551115123125783e-17,-0.04274404808209886,0.0002484010536377701,0.00014043146395137374,-0.0007662115529170066,-0.03949647679577101,0.0,1.516287397751448e-05,0.0007549187105765354,-0.03737138989687999,-0.01284203959120056,-0.002872735812692262,1.1102230246251565e-16,0.0002838198183657825
-0.08250127549325392,-0.06686505354682937,-0.04376561662775247,-0.041133491118222565,-0.042034897623356604,0.0,-0.0364142431399721,-0.01933686218714059,-0.013408596857654498,-0.02993059273142279,-0.031931368804811455,-0.021661723437061575,-0.02311211718372358,-0.03530466141675109,-0.04231461193557823,-0.08488893672328846,-0.026511338058547662,-0.06509880356237646,-0.042610622183290536,-0.04691110581933511,-0.056072950355974094,-0.05378399273995854,-0.05940648772383583,-0.0010256620842455932,-0.0762713597330506,-0.049433800640108494,-0.0382523297749095,-0.02815163372132462,-0.01361938252822742,-0.05351724126762131,-0.03774207693772852,-0.0326517017943444,-0.0060272473833437035,-0.026125688861740215,-0.01662574482421142,-0.04539883395185934,-0.02391086694475969,-0.020510405108187246,-0.01573688340307894,-0.0035251673942945927,0.003898075462178907,0.032209124584334836,0.013627900061606024,0.0020559627960227145,-0.0019177040024773717,-0.05539939709487407,-0.06126932311386196,-0.015608321866449115,-0.004509074300549087,-0.005983869856239665,-0.019102253544679426,-0.015112244772766736,-0.0021016591856784506,-0.015477932979326425,0.0037316070595210804,0.00931980426191159,-0.0009620662150612302,-0.023159975582461467,0.00021034896486682442,-0.03306394130783097,-0.057487719252212854,0.0,-0.0006786164961772867,-0.014851983007698744,-0.034977706469379866,-0.022984970949016803,-0.051830047239117216,-0.015926517111477856,9.893017040168983e-05,-0.002381465202274169,-0.06296236153662327,-0.020184253325441548,-0.02366798622592675,-0.022169969334484785,-0.013821186450667988,-0.00882451135362039
-0.0023096600216608865,-0.07298065843400048,-0.07026547358471441,-0.02964306167297015,-0.04419355439095679,-0.0364142431399721,0.0,-0.03479420502674735,-0.031137684497293483,-0.04505900322683987,-0.06752457222604691,-0.037483496182656506,-0.013409058004521968,-0.04668705853079563,-0.0013345728967825154,-0.0840134277778013,-0.04521936480871158,-0.06720204569173893,-0.0650361483339047,-0.06277131914843598,-0.07338931007602967,-0.07549097817507389,-0.058808841245293564,0.0011758146786394752,-0.07881728025183743,-0.07429053809433733,-0.05736311961927715,-0.035418438396162044,-0.05376988063485877,-0.005333863089084567,-0.03939939738181064,-0.041986489044756214,-0.05976961905185918,-0.04782054007072084,-0.04590365334971186,-0.04567080235099352,-0.015814917816154572,-0.020203414352538196,-0.06570401193454095,-0.0009324222139084903,-0.06927710872034643,-0.024719506037255923,-0.03395864397230658,0.005265539965482846,-0.0012017936558172404,0.0,-0.07067139657875293,-0.0078575702516126,0.0,0.0017219903748341148,-0.02552339785052188,-0.013329813325846707,-0.0048757569472251405,-0.01591599989285608,0.0002693563949907607,-0.008348035654275276,0.0006925637765618498,-0.015536833866617972,-0.0003251735705231962,-0.0006476744524003819,0.0008164025792298801,0.0,5.2415136155281594e-05,-0.015423053204732473,0.0010478656860079538,0.0010826372753174884,-0.06878701543544075,-0.020056962409417012,7.286058201849688e-05,0.0008670715554261466,-0.06646755240653995,-0.02383545993853675,-0.01903768884173984,-0.02408133532910589,0.0005883782337822163,0.005610028161124103
-0.06040682225687771,-0.05869268430913899,-0.009531870223371486,-0.024535745505770812,-0.045410626168973955,-0.01933686218714059,-0.03479420502674735,0.0,-0.018664820816251426,-0.005586611264751684,-0.013680152358749531,-0.0004891456930450899,-0.03853390077501512,0.004814418054153113,-0.057599879813355126,-0.05768949100365639,-0.0005333885763234014,-0.060441559559774094,-0.01771041008190649,-0.04227788649022568,-0.0422427146977164,-0.050778097502504616,-0.031720073671536286,-0.06268323211916271,-0.07115489849647527,-0.06050110129030867,-0.04133501947158447,-0.04328503838986386,-0.03899858774366127,-0.03504345458942276,-0.038812337862453916,0.015304073251856676,-0.002316071355257854,-0.03706830013475959,-0.01753432944187644,-0.012982540742723203,-0.0552826932605856,-0.0014418074872625253,-0.011075203730418204,-0.001623886781417061,-0.016417239590170274,-0.014971713873457304,0.00776394522977486,-0.001461001558120567,0.0,-0.0005290534765907684,-0.0035015204776039366,-0.026449757660053974,0.0,0.002273599898854506,-0.03557439922428968,-0.029739106415082373,0.0009049431272621922,-0.025271300656961593,0.0005970063864327302,-0.024758356696507833,7.447574833391313e-05,-0.04520101940309068,0.0009665340555736757,-0.009593097821775698,-0.0004436649724421926,0.0,-0.0002187118444162972,-0.011947170353480696,-0.007603174946156588,-0.03645102011367224,-0.004467625082518967,-0.03960397696232382,-5.551115123125783e-17,-1.0068603145951815e-05,-0.006674313039217283,-0.03679636461969332,-0.04078761979864781,-0.052703705968342895,-0.05173410643641929,-0.02942522190846003
0.0004859791860038487,-0.05957777723575641,-0.04938395436178106,-0.04829431464528888,-0.02313886841110263,-0.013408596857654498,-0.031137684497293483,-0.018664820816251426,0.0,-0.042836481015916805,-0.0023888758769085028,-0.038512801361917814,-0.03247618709712119,-0.057556424586617916,0.0015063258060096785,-0.06823465979895327,-0.048274058432203726,-0.019923302878274374,-0.0343659895740166,-0.0465042278370254,-0.001345370205620644,-0.054716158902544665,-0.0589041570452456,-0.005170216124774585,-0.051038871806386166,-0.05353594968817288,-0.038770891596242696,-0.05198144424689277,-0.037798010991903164,-0.032021433711331315,-0.04614516628586918,-0.0393824944814663,-0.0024903026764751535,-0.031459696499994416,-0.03012540465650898,-0.04780103167748362,-0.03190828349165348,-0.0358503891093665,-0.04769836070493044,0.0007561249310726326,-0.015420259583422524,-0.038049441068879586,-0.0040433345277907096,-0.0032726356395901823,-0.0019724719991529582,-5.551115123125783e-17,0.0011945006832955185,-0.013448219825021535,2.4916360809035254e-06,-0.0146105172198836,-0.020924623959653776,-0.01722812877770752,-0.01696566890196005,-0.025472772062788862,-0.0009332934081319744,-0.003486617660331315,-0.020772499413522882,-0.013927485084962332,0.0038482569580092774,-0.0005545434686247686,0.00014522148535817125,0.0,0.0,-0.030537470005597145,0.00032670697670927895,0.01298563785011364,0.0005838430314359933,-0.010079797562759785,-8.364812451161496e-05,-1.0088709339883817e-05,-0.00227403222010103,-0.01939019986513346,-0.0008371387690818688,-0.02008240962950608,0.00019880831513041652,0.003893108877031315
-0.05672566284564562,-0.03659636756787016,-0.06385420681703735,-0.058788227643379515,-0.04705456974826788,-0.02993059273142279,-0.04505900322683987,-0.005586611264751684,-0.042836481015916805,0.0,-0.049903643590537616,-0.010963006674663878,-0.031202619015261557,0.013693708119423387,-0.013659127836767482,-0.050295722935766674,-0.05029986305955447,-0.051235019456600084,-0.0572856773908631,-0.004899652011486955,-0.002075879238440048,-0.025593097322530622,-0.05186938252508799,-0.008082138282523521,-0.033199128645820475,-0.02290249106863096,-0.04113757337233831,-0.013321001709408309,-0.06967013005403333,-0.00042492370089547427,-0.01822029745682774,-0.01272984951099021,-0.006095459580789164,-0.0011514787319251707,0.013601197096271056,-0.03404057912785158,0.0206429563915298,0.010415047275714906,-0.010042683375290795,-0.03744460257889187,-0.01478998262340242,-0.01539357007669545,-0.006049272506896741,-0.00014579323666441546,-0.011701272236989635,-0.04837550230680698,-0.0006815704115513133,-0.0003507151449551049,1.414785483627723e-05,0.00031532026927311163,-0.010152252742572865,-0.00047910609881557376,2.753557790946548e-05,-0.0021003831757119285,-0.04528012363043843,0.0009288095442999134,-0.061683234391833375,-0.0006862420993157814,0.0,0.0009502178645906523,-0.02901334968495395,-0.020249687672071692,-0.04745825132418874,-4.6504740235930875e-06,7.555845145912343e-05,0.00036495197999281137,-0.002085944495181846,-0.0011193001049694118,-0.012489697275869294,-0.03606552831923787,-0.03274229736901857,-0.010119066065299609,0.0015087666239845254,-0.0012617580193571287,-5.551115123125783e-17,-0.013761640750471038
0.00113014293699637,-0.03897280410002929,-0.06542093378891872,-0.06843803005541105,-0.03866373969275888,-0.031931368804811455,-0.06752457222604691,-0.013680152358749531,-0.0023888758769085028,-0.049903643590537616,0.0,-0.04271271127287368,-0.06530212701298854,-0.023265755062128357,0.0,0.00013223681165430712,-0.04655220735174531,-0.0439179624160107,-0.03416103012723959,-5.294334753824792e-05,-0.00011910482753957341,-0.04849154770221287,-0.006547983791120315,-0.005098806039282533,-0.05472159762679912,-0.001858120646000494,-0.04410177103400564,-0.05266025287498638,-0.003284778904584451,0.00040275205164419514,-0.054991853689499215,-0.033572167034672085,-0.049077942243665185,-0.03620340903840552,-0.045358234161071376,-0.03416579330571451,-0.04544289450014993,-0.044194175946349445,-0.01564768317661097,0.00023299726079528682,-0.011312091924766787,-0.00011841449058291875,-0.0069958479561275655,0.005050398912496257,-0.0005552882306208429,0.0,1.1102230246251565e-16,-0.062351887039320375,4.824749313403487e-07,-0.06955114991971723,-0.01985130242069677,-0.046071608852102264,-0.02030431530019383,-0.03539783500320842,-0.03036413582280434,-0.036675272878001264,5.299899539668029e-05,-0.04830994170333419,-0.0407509881243483,5.551115123125783e-17,0.0,0.0,0.0,-0.05816083566088212,-0.0005646072937972035,0.0,-5.746371895914981e-05,-0.00822807596524422,5.551115123125783e-17,0.0,7.046693687373651e-05,-0.02210265094012709,-0.03334121613683888,-0.0013697450137942213,0.0,-0.044287651896291025
-0.035510539082886594,-0.0026249427908755507,-0.0024616536058890137,-0.0009984013719084306,-0.06044945126195417,-0.021661723437061575,-0.037483496182656506,-0.0004891456930450899,-0.038512801361917814,-0.010963006674663878,-0.04271271127287368,0.0,-0.031695194109760794,0.0037909875370351065,-0.00036249467531362933,-0.02507951310801193,-0.038195027249575464,-0.031471862751261126,-0.04582913857680698,0.0025859357554244844,-0.0013912708509820626,0.0006162071710483774,-0.06472273413475227,-0.012772489478480531,-0.010442942662076016,-0.008013911594360545,-0.029545268431856786,-0.014684508991218037,0.003661988456214571,-0.0010910725619269201,-0.0012011445266925658,0.0019481660990908756,0.013163945615011774,0.015114490860068996,-7.906108343586071e-05,0.0011506296112434589,0.025363675341407488,0.014055475822926516,0.0040722533807763805,-0.023438110795448275,0.029042655731333522,-0.00019771479368374534,-0.0018282593306429007,0.0014303660897947434,-0.014315061542660601,-0.035396721728814584,0.0014767504459825553,-0.0003277136328913022,-0.0007195489789539045,0.00019058687426359855,-0.0009713802793271942,0.0011767976043988715,-0.0005808359685680609,2.224795602823182e-05,-0.037311157232211734,-0.0007194200548137353,-0.04618588939120938,0.0013483368809557028,0.00020993795082235867,9.705539154186704e-05,-0.025506198621601472,-0.022856393459856572,-0.049585363534378535,-0.0006098623837435535,0.0003313428280621311,0.0016310225258898137,-0.0005717634303066821,0.0028710801372421324,-0.00980062807641846,-0.03416910469002382,-0.03157860699684417,0.004201825113906599,0.008097970313113823,0.0008330920594372127,0.0,-0.009364555513822426
3.998199945420833e-05,-0.07395667280984042,-0.061218254822881235,-0.023183996468706003,-0.04179599602659123,-0.02311211718372358,-0.013409058004521968,-0.03853390077501512,-0.03247618709712119,-0.031202619015261557,-0.06530212701298854,-0.031695194109760794,0.0,-0.027432371989148774,-0.05867275930207483,-0.06901129499027747,-0.043427861134806456,-0.048496389788162064,-0.06185103115968715,-0.055781998585614945,-0.07231557372176911,-0.06687194026348603,-0.06257721175161746,-0.04265371262145984,-0.06002134813918225,-0.07294964069742688,-0.061320114511008494,-0.028160126587855494,-0.03825871110587681,-0.0291530838156141,-0.030384598972752253,-0.041106945621638635,-0.048845631854687044,-0.03840324961256647,-0.040245661033871394,-0.044936506845902,-0.009873202244850554,-0.020537010357994212,7.057852326797232e-05,0.00427131865071706,0.033558133056186656,-0.016506350788129842,0.009576017523739877,0.007381567663116484,-0.002165782419706719,0.0006972370062007793,-0.06435561820216978,-0.02166355619871796,0.0,-0.01814729254046704,-0.030656798926306794,-0.01113473462747172,-0.02785277210130005,-0.01578935618848487,0.0005920790208071014,-0.014333251561524374,0.0008545621378866497,-0.01686610469310973,0.0006469669757625529,-0.03137176588543633,0.0012577762041562357,-0.000238690923517193,0.001656617414605599,-0.03227112035863189,-0.039839983748744257,0.0004147024925339471,-0.05650123117554662,-0.03266032616697867,-0.0008288660278623072,-0.0002554785294458517,-0.06725790145620564,-0.03209746769666305,-0.018516465802325577,-0.03692394571691143,-0.015923259704474113,-0.005294122862442963
-0.0015662465635016276,3.3558975416458914e-05,-0.0779164607865051,0.02144498965639624,-0.03752722940108216,-0.03530466141675109,-0.04668705853079563,0.004814418054153113,-0.057556424586617916,0.013693708119423387,-0.023265755062128357,0.0037909875370351065,-0.027432371989148774,0.0,-0.0006362428924963082,-0.0003297347935265482,-6.483062269069251e-05,0.00010803820447752299,-0.05583401967244356,-0.0006231114651095715,-0.02069230611786066,-0.0005815096391850183,-0.021830988797120865,0.00337160354390742,-0.00038320351647813666,-0.04859831793847774,-0.04495499890412924,0.012559304829385054,-0.0006570425495948662,7.780364659271122e-05,-0.04178551392256136,-0.049465384793718176,-0.0047610941863712175,-0.05578733783123768,0.00047961966699694436,-0.005529012548777051,-0.01538205014910024,0.0003839332724144273,0.005632480624425451,0.0,0.0005422305248150572,0.0009472057540075296,-0.0024202377422917754,-1.3888034901543556e-06,0.0,0.0,0.0,-0.019219487188334716,0.0,0.02446025035181415,-0.0014045233079894581,-0.0025292819335678285,-0.007119358587715008,-0.015200465324632206,0.0,-0.009119196375476257,-0.00019701890792267474,0.0015353964263510322,-0.0035705552418435205,1.1102230246251565e-16,0.0,0.0,0.0,-0.0517098244994475,0.0,-1.1102230246251565e-16,0.0,-0.013148364297066784,0.0,0.0,5.551115123125783e-17,-0.013734847198516309,0.0005150664050294074,1.1102230246251565e-16,0.0,5.551115123125783e-17
-0.015372789341544846,-0.04473531707752171,-0.001556839870221316,-0.0012718154313677843,-0.0003985707051785692,-0.04231461193557823,-0.0013345728967825154,-0.057599879813355126,0.0015063258060096785,-0.013659127836767482,0.0,-0.00036249467531362933,-0.05867275930207483,-0.0006362428924963082,0.0,-0.04400012956181487,-0.017264843813517783,-0.02640309081867065,-1.1102230246251565e-16,-0.05715879695189596,-0.021054976609725107,-0.03481689334581883,-0.03665652188175328,-0.04277547528460984,-0.04818180757434637,-0.028948635305504566,-0.04177403355754011,-0.05793074853503061,-0.06387313987147264,-0.0035106300711781335,-0.026615493198428763,-0.0197597744051487,-0.04626697197888824,-0.02916081488936989,-0.015571079326121062,-0.0036169836372944575,-0.03407751328227543,7.09815152912796e-05,0.004968599254612127,-0.018090963165003693,-0.0008043983111957198,-0.0020825346215306295,0.009804306243742511,0.00015713975944620096,0.0,0.02499527863985157,-0.025686935263288857,0.00015887745077430848,0.0,0.0,-0.0193552229097394,0.0023512021066269817,-0.030401566776104838,0.0005840698369524167,-5.551115123125783e-17,0.0,0.0009552515126174943,-0.03003642992478417,-7.908998054362293e-06,-0.06605189392463351,-0.012002060575566686,0.0004823170450114489,0.0013865209719904903,0.0,-0.03843516351245779,-0.006304536204908784,-0.023278039288804953,-0.028568740953832383,-0.00011454608185451631,0.0004695805883129789,-0.023798354341554084,-0.02688945465231324,-0.042506409298774916,-0.017700965491745435,-0.0016034319242098083,-0.003209962651279763
-0.05379447940172527,-0.06362845871377848,3.35901833912744e-05,-0.00036573671268269603,-0.07652569861645747,-0.08488893672328846,-0.0840134277778013,-0.05768949100365639,-0.06823465979895327,-0.050295722935766674,0.00013223681165430712,-0.02507951310801193,-0.06901129499027747,-0.0003297347935265482,-0.04400012956181487,0.0,-0.06639030380538491,-0.047644581189067337,-0.00014130245880489278,-0.05138719408591508,-0.0484335688991534,-0.06170328881853304,-0.06077782705004359,-0.03652701235894623,-0.05259187573424984,-0.057856457097363034,-0.06265557206006267,-0.05581141237246806,-0.05081495436335509,-0.05529281261785535,-0.0399472725030946,-0.022441100867864938,-0.054996936177506506,-0.05426165752187062,-0.03145624936944558,0.002036616260194468,-9.187139538396893e-05,0.0019131865640582002,-0.024398938024963235,-0.03032316543681768,-0.037534916581860756,-0.04439519710626433,1.0312730019002014e-05,0.0,0.0,-0.04067120179835726,-0.053402754556224286,0.0,0.0,0.0,-0.01698823413137257,0.0005634015107987,2.5516901344668774e-05,0.0,6.324684819586368e-05,0.0,-0.0010720648404080602,0.00072911922065938,0.0,-0.031898734558261976,-0.04227018196611054,0.014525953608281794,-0.026749136151116515,0.0,-0.03589745033887254,-0.0340537532703451,-0.038524276013716996,-0.03520757948890918,-0.015127213759875136,-0.04073665897771489,-0.04670488289062269,-0.020786447875756398,0.0020415352094341754,-0.04082322446494224,-1.1102230246251565e-16,-0.03272326371084777
-0.002731053518628901,-0.0029119476988091475,0.0004030984158134854,0.0005846512662466274,-0.0014125056113776235,-0.026511338058547662,-0.04521936480871158,-0.0005333885763234014,-0.048274058432203726,-0.05029986305955447,-0.04655220735174531,-0.038195027249575464,-0.043427861134806456,-6.483062269069251e-05,-0.017264843813517783,-0.06639030380538491,0.0,-0.04722197914496973,-0.048297145058919466,-0.02617425702341647,0.0006722852459942752,-0.04350541039809391,-5.8412970239563045e-05,-0.05537487652868334,-0.04841798387285984,-0.06698154043552534,-0.0009074546430113961,-0.025682375544478497,-0.04035366848300442,-0.0023863407591105945,-0.04618357791725913,-0.02699969658036916,-0.04850225268518843,-0.04427891462598749,-0.03814129514563175,-0.0025088141512867868,-0.00036593572693177645,-0.024819301717842912,-0.020813014383664286,-0.004699054644310197,-0.02376994836414359,0.00026882099660446857,-5.551115123125783e-17,0.0,0.0007579619551186245,-0.0019304634825888511,-0.00024549657439204564,0.0,0.0,0.0,0.0,0.0,0.0,0.0,-0.025802181947573055,0.0,-0.027914604860121484,-0.001274530260387985,0.0,4.477323373303088e-05,-0.04730932156250167,-0.017839044084397737,-0.05327362430661303,0.0,1.1102230246251565e-16,0.0,0.0005241018237323036,0.0,-0.030292440134349508,-0.03819941042438613,-0.034112219843226765,0.0,-0.0010118940651583919,6.215037303453075e-05,0.0,-0.029917514403833723
-0.045674129064654956,-0.06928689538359983,-0.002421089556985001,-2.361787078025701e-05,-0.0039548240789665234,-0.06509880356237646,-0.06720204569173893,-0.060441559559774094,-0.019923302878274374,-0.051235019456600084,-0.0439179624160107,-0.031471862751261126,-0.048496389788162064,0.00010803820447752299,-0.02640309081867065,-0.047644581189067337,-0.04722197914496973,0.0,-0.0018519775188462484,-0.04015500181373227,-0.06003509035004051,-0.05700571782888486,-0.06702735021081191,-0.03898537041899097,-0.04496525535001178,-0.05412284285058222,-0.05450998044040778,-0.04224269495354255,-0.044143888848373614,-0.058704771494207164,-0.03934706736229526,-0.02975565206960229,-0.04960500824494796,-0.04893668509386029,-0.03376175513977103,-0.02754293242774769,-0.00024188931170132655,-0.021865644019106845,-0.011209070569071333,-0.005574859180415226,-0.027014938681316658,-0.020442630510915327,0.0,0.0,0.0009537287184039345,-0.03260170051076311,-0.0583333860338649,0.0,0.0,0.0,-0.018554625576255146,0.00027760943120469506,0.000164202720068507,0.0,-0.011797372505876758,0.0,-0.03134820601014071,0.00010395658052636536,0.0,0.0007214845584181395,-0.04013509425702183,-0.0009383869407282308,-0.02779194450017386,0.0,-0.029890473521653693,-0.014736923144386405,-0.0418257470383222,0.0010139505133648918,-0.019917310201797656,-0.029414071508659878,-0.03313894446458571,-0.0008253274144575107,-0.0175575967448785,-0.03415875134057378,0.0,-0.01710181112465481
0.0,0.0012197212881550623,-0.046276048527281816,-0.06429759749681219,-0.042099064194587976,-0.042610622183290536,-0.0650361483339047,-0.01771041008190649,-0.0343659895740166,-0.0572856773908631,-0.03416103012723959,-0.04582913857680698,-0.06185103115968715,-0.05583401967244356,-1.1102230246251565e-16,-0.00014130245880489278,-0.048297145058919466,-0.0018519775188462484,0.0,0.00035966135159443136,-0.0003408096801178484,0.0013862747291366606,-0.06367144127051816,-0.0002666948997616103,-0.03522309536503543,-0.0007272776237089995,-0.05420808532390636,-0.051077884175124266,-0.001068467010919949,0.00024074012819336188,-0.05238836127930968,-0.04201940835273471,-0.00035465054719108213,-0.03377361831036524,-0.04264589115505979,-0.045960905339815505,-0.04362986508507671,-0.018417724047704087,-0.07929383377862881,-8.288614558943364e-05,0.00369115628718103,-0.03437660588730035,-0.0047154014067303796,-0.0015205347850861806,-0.0001629465729146573,0.0,0.0,0.04198058437094454,-5.551115123125783e-17,-0.009699711796625432,-0.03302913373276062,-0.01772456869246397,-0.022915672698044176,-0.024013282663796764,3.6799751558180827e-05,0.04509983883473101,-0.0009435556083474128,-0.018103310486236923,-0.0038749031283422664,2.220446049250313e-16,0.0,0.0,0.0,-0.010762287715453234,5.349942915211514e-05,0.0,0.00011294447333987101,-0.014675589524202892,0.0,0.0,-5.551115123125783e-17,-0.01182012744605443,-0.01973763013409857,-0.002124329864282737,0.000184442398631246,0.0004143861799003057
-0.028120029790407064,-0.038034164074549126,-0.0011326927963827282,-0.06088488295229716,-0.05649024854686735,-0.04691110581933511,-0.06277131914843598,-0.04227788649022568,-0.0465042278370254,-0.004899652011486955,-5.294334753824792e-05,0.0025859357554244844,-0.055781998585614945,-0.0006231114651095715,-0.05715879695189596,-0.05138719408591508,-0.02617425702341647,-0.04015500181373227,0.00035966135159443136,0.0,-0.04771633742423076,-0.02601478535914148,0.01160732589993635,0.0022299581248520495,-0.06380667126388784,-0.033734910561282416,0.0004954247181364058,-0.029759452026932642,-0.031017834453656856,-0.016148496875574958,-0.019871866448741504,-0.017876746731464055,-0.029368566287939157,-0.02577486419042163,-0.013601329426744357,-0.004054457330027128,7.167353615328276e-05,0.0055857828931500375,0.0034724734777603627,-0.015533847743479268,-0.01932682759996296,-0.0328422665618448,0.02698071070558883,-0.0007941757911283931,-0.00046025339858080105,-0.00014691684705897545,-0.02688339710980131,-0.008492954596609925,0.0,0.0,-0.022235123506738286,-0.02309445992456638,-0.027087996273023385,0.005720681722486187,0.0007918816959363584,1.1102230246251565e-16,0.0011327336840413205,-0.031610760595787935,-1.1102230246251565e-16,-0.03249347330157315,-0.029671169780316753,-1.6405327786073176e-05,0.001987099389044955,0.0,-0.025734234326045713,-0.0387959226408669,-0.02553587925350631,-0.03324762976817336,0.0,-0.021817223032297828,-0.03474411373813846,-0.030484792021756246,-0.036375578339861825,-0.02153824967958201,-0.030158413119712957,-0.018092273271136716
-0.02068664643123247,-0.045448624767874646,-0.002289944447253167,-0.00010509073760905929,-0.001220332950419012,-0.056072950355974094,-0.07338931007602967,-0.0422427146977164,-0.001345370205620644,-0.002075879238440048,-0.00011910482753957341,-0.0013912708509820626,-0.07231557372176911,-0.02069230611786066,-0.021054976609725107,-0.0484335688991534,0.0006722852459942752,-0.06003509035004051,-0.0003408096801178484,-0.04771633742423076,0.0,-0.030292246072532447,-0.04610319269029933,-0.05151411063137168,-0.08406266924384109,-0.053082187343936826,-0.05470221471227116,-0.05526175267929989,-0.057080055846414124,-0.04270609878590781,-0.03729506009116407,-0.014994553568741298,-0.0629316427632734,-0.03224261212275292,-0.004390632173638664,-0.1857312622872867,-0.00046558020661996435,-0.002702198190573546,0.019368824831260012,-0.016186088641776897,-0.007759184569489597,0.01820478410694759,0.002765184867996706,0.0,0.0,0.09246055632279149,-0.027537750145567252,0.0019395791307488253,0.0,0.0,-0.023541259114178537,0.0002472588516473917,0.029266133780355974,-0.053154777519027585,-0.00062097330790295,0.0,0.0005743655058326191,-0.031736447153296043,5.551115123125783e-17,-0.009498908211567847,-0.030890307372338555,0.0,-0.0004160021997445251,0.0,-0.017947092090637995,0.03487647129884419,-0.018829785471810356,-0.0248275396759548,0.0011326527821780008,-0.0024494634942033855,-0.02146148653008395,-0.020893031062529932,-0.0360413115085817,-0.010214955029714645,-0.03846556357299358,-0.02254375288086874
-0.04312629513590349,-0.0362690258123049,-0.06468663233973682,-0.09166529567040838,-0.07065003883046361,-0.05378399273995854,-0.07549097817507389,-0.050778097502504616,-0.054716158902544665,-0.025593097322530622,-0.04849154770221287,0.0006162071710483774,-0.06687194026348603,-0.0005815096391850183,-0.03481689334581883,-0.06170328881853304,-0.04350541039809391,-0.05700571782888486,0.0013862747291366606,-0.02601478535914148,-0.030292246072532447,0.0,-0.038611748709638016,-0.00038573524527529823,-0.04926160756616371,-0.040894602670046354,-0.03765570203618768,-0.04044999665260646,-0.04365792812092084,-0.0278806350702846,-0.017758616143132788,-0.015953392251586707,-0.04318911695097877,-0.02929924240148879,-0.011218833046731047,-0.0037449767187069938,9.74932319151578e-05,0.004814059143532667,0.009386715689452485,-0.008186160210826132,-0.0074047985332751365,0.013327807011232373,0.04826535099310203,0.0001175264130507947,-0.000379213930802369,-0.021136912714837808,-0.0364493409604969,-0.006590350608527584,4.3490610651675254e-06,-0.00013453772514510076,-0.01148065232573664,-0.014992861573559224,-0.0009108993708538682,-0.00920839705544807,0.0005207807410687049,0.0,0.001000577251925927,-0.01505525545616282,0.0,-0.026292414655836205,-0.0358989326505334,-0.0008577990933287261,-0.012086567102739088,0.0,-0.016474647099049444,-0.011439675826579565,-0.014449051853639483,-0.028779176032827425,0.0019402493051000058,-0.03713895173420878,-0.0317288221515149,-0.027168198954152845,-0.02157992196405345,-0.0222266396959398,0.0005367148790627607,-0.013610923214687265
-0.06065447156225101,-0.06368162372127006,-0.08096190774690176,-0.04346874246126636,-0.0598666564462203,-0.05940648772383583,-0.058808841245293564,-0.031720073671536286,-0.0589041570452456,-0.05186938252508799,-0.006547983791120315,-0.06472273413475227,-0.06257721175161746,-0.021830988797120865,-0.03665652188175328,-0.06077782705004359,-5.8412970239563045e-05,-0.06702735021081191,-0.06367144127051816,0.01160732589993635,-0.04610319269029933,-0.038611748709638016,0.0,-0.06057350617801616,-0.06996339179659866,-0.051174083370984946,-0.03308503358729137,-0.06481863078572492,-0.06331401168315265,-0.06754318141099536,-0.058839124872567705,-0.04013441906206977,-0.04458588727476526,-0.05039000145968181,-0.039639723707423746,-0.04246946602405416,-0.04426102896139794,-0.011002623333601469,-0.02181537852166293,-0.008148343089891652,-0.01997558659731513,-0.0034449080901554074,0.0017998506444303342,-0.00950791397620493,0.0006999353784017392,-0.0006279138943880436,-0.04696206283910648,0.0066265167867939345,-0.0008295078343044104,-0.015315569428867692,-0.03403203504439095,-0.021679449196192024,-0.015684360847432965,-0.01797117929494607,0.0021787656255828347,0.015395918584139523,-0.0031659274125066528,-0.037677290791859,0.006092035052339684,-0.03298777988047519,0.0006684362253635001,3.990777416373881e-05,-0.001202269741429618,0.003223506744384985,-0.03694690226958236,-0.03718485539042382,-0.031327344265086376,-0.023444267214451864,-0.000126681816414842,0.00304853601180205,-0.03397067382871921,-0.03185536615397133,-0.03919248382709967,-0.03353219403962998,-0.03287269503541601,-0.020266982777835896
-0.04203068786617292,-0.01521255921362663,-0.0018280947448222618,-0.0009115861926861091,-0.002657420265108734,-0.0010256620842455932,0.0011758146786394752,-0.06268323211916271,-0.005170216124774585,-0.008082138282523521,-0.005098806039282533,-0.012772489478480531,-0.04265371262145984,0.00337160354390742,-0.04277547528460984,-0.03652701235894623,-0.05537487652868334,-0.03898537041899097,-0.0002666948997616103,0.0022299581248520495,-0.05151411063137168,-0.00038573524527529823,-0.06057350617801616,0.0,-0.031434330767219965,-0.037908997996153104,-0.05482509184311274,-0.011263136933388096,0.001979303120486109,0.0007590439596479315,-0.022425388420776127,-0.012878055619105933,-0.023383536448253,-0.03203835823154649,-0.05953346398624629,-0.00537996323308676,0.002173040778864488,-0.01899219503918273,0.0389582081766891,0.005786473621179455,0.02246958780324465,-0.005412430831897408,0.0007070841549985385,6.49822787715526e-05,-0.00018416735511461724,-0.01855954876877708,-0.005048782655030115,0.0,-5.551115123125783e-17,-0.00015762839675392826,-7.510956198703012e-05,-0.0003196045100783418,-1.6653345369377348e-16,-0.00012521078653821016,-0.031909877078999505,0.00029783300124869294,-0.03338583914842497,-0.00298065958451027,0.0,-0.001414555940424167,-0.023324786531697506,-0.035104661106496515,-0.04661514139320616,1.920900325941277e-05,-0.0006070304989234665,-0.0008045728255235418,-0.00421404747182641,0.0006339358309392917,-0.013999959741979817,-0.038070969311362446,-0.04380493332591906,-4.17238670625264e-05,0.0033364966049060363,0.00017372328283926652,0.0,-0.0172533181116149
-0.032627591031861414,-0.05351476071548944,-0.0051510767717056205,0.0006523160556647922,-0.07651478728047773,-0.0762713597330506,-0.07881728025183743,-0.07115489849647527,-0.051038871806386166,-0.033199128645820475,-0.05472159762679912,-0.010442942662076016,-0.06002134813918225,-0.00038320351647813666,-0.04818180757434637,-0.05259187573424984,-0.04841798387285984,-0.04496525535001178,-0.03522309536503543,-0.06380667126388784,-0.08406266924384109,-0.04926160756616371,-0.06996339179659866,-0.031434330767219965,0.0,-0.04165926065607223,-0.08397570432632456,-0.035652562857942605,-0.04984003886747257,-0.0015602220409127177,-0.03253922345569654,-0.020569981555957295,-0.0372221291036004,-0.03860181067397572,-0.023018785768740335,-0.00024491832446071893,0.00034025976338691866,-0.004692972273487528,-0.014290473102487877,-0.007895236196310829,-0.02844208084488098,-0.02183557450496021,-0.0011106883060233441,-5.551115123125783e-17,0.0019668148399741847,-0.030384099317034563,-0.05483504332575784,5.551115123125783e-17,0.0,2.220446049250313e-16,-0.02195194544950546,0.0009902651768292081,0.0010870929046604694,0.00043789419594436607,-0.02100514097659617,-0.0003027370637851412,-0.03343694848169443,-0.031208963937044976,0.0,-0.0004510209124370945,-0.033739749190942636,-0.011121841787013087,-0.031174810142979237,0.0,-0.025783746673344876,-0.05482931670520408,-0.03987932162562413,0.00046982893206720666,-0.01884794956106578,-0.03277284449652845,-0.03460154999064863,-0.0007810956078817544,-0.020574196275114975,-0.022268490223063264,0.0,-0.024694042963943064
-0.04440901226975108,-0.05429389260578871,-0.005348300814248252,0.001311888211527057,-0.06173934739913234,-0.049433800640108494,-0.07429053809433733,-0.06050110129030867,-0.05353594968817288,-0.02290249106863096,-0.001858120646000494,-0.008013911594360545,-0.07294964069742688,-0.04859831793847774,-0.028948635305504566,-0.057856457097363034,-0.06698154043552534,-0.05412284285058222,-0.0007272776237089995,-0.033734910561282416,-0.053082187343936826,-0.040894602670046354,-0.051174083370984946,-0.037908997996153104,-0.04165926065607223,0.0,-0.04867632635177582,-0.037371949299571494,-0.043491812934927654,-0.001386521419782738,-0.033670885571803755,-0.021258829179332694,-0.04745276110632518,-0.04158871863718677,-0.019353691967734787,-0.0015781990752204988,0.0006870465958570549,-0.0006513152571187009,-0.01819888966517136,-0.019213983940422175,-0.033940221984775754,-0.03146367679351353,-0.005380939905071436,-7.101762882433249e-06,-0.015599277735072137,-0.02524553149693093,-0.05457380814146967,0.002035070088217572,0.0,-4.086384040047353e-05,-0.027061190486470543,-0.030939248183268875,0.001664408512126514,-0.001842523544747121,-0.02757288136614572,0.0,-0.03888792335752833,-0.027494424051631494,0.0,-0.029000041659774656,-0.041270546615974624,-0.014906922407696366,-0.03507525507072229,0.0,-0.04277602137554726,-0.02120535747961133,-0.045888498640570485,-0.04344491810821216,-0.020760821791727224,-0.03363027450214068,-0.04360235811444657,-0.054773925539533586,-0.03310820242629264,-0.03965356297353506,-0.0004069547000523088,-0.02412229200482008
