0.0,0.46616690503881064,0.3654037174348346,0.0,0.4089704110551484,0.1432665501196243,0.23793747582255292,0.2820322351440244,0.448681083343867,0.47405407266968463,0.026616274639220144,0.6547548176107956,0.31513058957589635,0.02822419706822038,0.12346800871202199,0.529678242481797,0.4592456667646806,0.6681533367209198,0.0,0.21234485660962132,0.3010827192112917,0.35425368588169565,0.190331987771376,0.6254763340491651,0.5199809675331939,0.6574601467796052,0.16240837120835022,0.23774791562510814,0.17067478364175154,-0.04808667748839046,0.30821659699920423,0.47283854981137463,0.5958739237793573,0.3490032636924758,0.3879645844227124,0.43525358241416356,0.4932667376226751,0.4718535417095488,-0.014760439633910383,0.5061155344885049,0.1683174934564154,0.57058353543831,0.46574618173344384,0.0,0.4472609277332178,0.4384524185973968,0.36845155318137246,0.0,0.0,0.0,0.49413208239470896,0.0,0.5766733599163216,0.0,0.40029551145583664,0.0,0.826052060224323,0.708210721022825,0.0,0.5723944154554574,0.39153021216167105,0.27957550360612216,0.5362207286451262,0.0,0.46045203509623567,0.5691061771974091,0.1455485040985411,0.6136997946542246,0.16607743746398185,0.4402033439190898,0.3955443551926417,0.44259379360956264,0.3902584656666115,0.5382794418807884,0.0,0.4835993361788365
0.46616690503881064,0.0,0.2224588547731785,0.34240279854879097,0.1378076341671044,0.10043921867531669,0.16269295739005463,0.5648468011940349,0.04793592742249089,0.4035692869969527,0.3218897299398567,0.355036271411148,0.17507255330177657,0.5114786840910879,0.31333517032744934,0.40548385379992535,0.5830088968371998,0.5249191944233378,0.6427900396964172,0.23500467696564314,0.3556663433092121,0.5305712718150155,0.2975279284653892,0.4245233964820199,0.43075641095037726,0.49046263594587197,0.19148968434308816,0.15030419810103143,0.17072646848876172,0.4188345096077657,0.2944718419806537,0.2733195861718316,0.34012883419428447,0.25026516910697444,0.34152306228655127,0.451359522487919,0.22728090863032263,0.0,0.11545728702921573,0.4820898935701018,0.22265337340984634,0.12009814651947895,0.6393892466848058,0.0,0.0,0.4041131726374281,0.2117760025518497,0.04944783738128196,0.0,0.0,0.02020961702870866,0.039961847745346946,0.011395570513662578,0.5634284348793676,0.44460508531766185,0.0,0.024359381345543496,0.16676123039735008,0.0,0.15746459405598429,0.25673127600662016,0.6155125802547923,0.6102147416279862,0.0,0.1857552441069393,0.3878624507906749,0.18862114424699172,0.2671008315373078,0.15408899225848727,0.4892034916667036,0.2578038217683718,0.20139128314591154,0.2575189211608254,0.19666794092851708,0.0,0.3350804169174242
0.3654037174348346,0.2224588547731785,0.0,0.23883267634953906,0.5737483145759242,0.39535824495169647,0.27934182964352616,0.5768749880019218,0.6323327174308525,0.2119007747625816,0.49979418802382913,0.5392705705950931,0.2335451479870007,0.48065423314065836,0.33428439304773744,0.44561124210098535,0.6330683008038438,0.5142832876982208,0.4913597251026395,0.39257399582943436,0.25087177682905204,0.5782897916571201,0.2799050963733149,0.4013365224829015,0.21343855714073506,0.458353967872931,0.5135277464134815,0.23530772486422613,0.45340251147679134,0.05717397899521348,0.2453637913252404,0.2721651462830018,0.5092944312295515,0.3168448204517508,0.308539208661825,0.29885746888766795,0.19778742890974677,0.6021520646502656,0.16846722663846608,0.49604544952228574,0.3655309360656378,0.5358480347905796,0.767326496256854,0.7374839354017174,0.0,0.0,0.20513262193312037,0.38159344886172686,0.48056017805146817,0.4720193967258679,0.5120664179369087,0.44262452518441986,0.6552661242086237,0.7362939790642156,0.3742905753659791,0.460865608960278,0.4399454997556602,0.4749765686162362,0.5615056635158088,0.24634630504149177,0.0,0.0,0.0,0.22342732561596768,0.6417813608806383,0.44943676644070385,0.10074974992100662,0.5721786744297256,0.0,0.6313940524730599,0.34869161476799915,0.6131095378327595,0.4032449737410173,0.4954020155280545,0.6949664892030675,0.21306997065928962
0.0,0.34240279854879097,0.23883267634953906,0.0,0.27866834285715936,0.14863597227525666,0.6197671460483256,0.7112444666344606,0.2591416243460154,0.4793153688634502,0.3431703929101345,0.3378801761600661,0.6760021993123742,0.48986396709854213,0.5952390631767359,0.09169351605905063,0.567142335889147,0.46540078000808527,0.21765379504244686,0.5915870514220654,0.403049157129848,0.5300532779278624,0.18373446406121402,0.24699983927072083,0.8765197857797435,0.6079529745481823,0.2401174574686621,0.697349014450362,0.26343220653217103,0.49827131918403766,0.45312674224682525,0.34112950874128334,0.168533720296933,0.4819439839802725,0.42506110593199226,0.2400413354814299,0.5180487763343506,0.18073960539900205,0.2647639035700914,0.306214720338684,0.3834232779006175,0.2930308723262212,0.23803948281728457,0.24110526209918695,0.0,0.0,0.0,0.40507033653973323,0.0,0.0,-0.5260748064811156,0.0,0.4634807517742112,0.01063299881434427,0.0,0.1805352731328766,0.7817869774282911,0.4539825708345684,0.0,0.0,0.0,0.0,0.0,0.0,0.0,0.0,0.4812112992982987,0.015426189877657592,0.0,0.0,0.0,-0.09682357416053655,0.5454969265808911,0.5837696780767878,0.0,0.0
0.4089704110551484,0.1378076341671044,0.5737483145759242,0.27866834285715936,0.0,0.49172143082599407,0.41478274159381845,0.2560828097665419,0.3113791375429076,0.1912294012672535,0.24865415544365888,0.3163793865731802,0.41226444079285174,0.20292328794200215,0.49243107410637377,0.27824724797292977,0.5840781987519028,0.1892425785913661,0.2871502801695758,0.2617428565945078,0.1840929784003269,0.31666699567086753,0.053874108234114315,-0.18048547404508947,0.25234259954680066,0.06639965031385034,0.4628168395414327,0.36958230970917433,0.24519460448775052,0.4821300690773715,0.08828138364208324,-0.0771310422893271,0.27825395260378816,0.15491900237615208,0.17906706125878932,0.24781851869128832,0.14109008225318817,0.14017407988892397,0.3218111973583011,0.7057902474492068,0.4973705845778493,0.46709167533789975,0.5748553404876615,0.7828239734616413,0.2620707116313863,0.0,0.42373856278618965,0.5495324315672818,0.0,0.41738085689181476,0.38979955506563935,0.2869688371977426,0.29245572900811917,0.4495046254044366,0.0,0.259513590226197,-0.31622449729534396,0.3678444049343786,0.4234663392931638,0.2571621494107799,0.4566673689075974,0.0,0.0,0.5892852286298663,-0.00396973859460284,0.49357172015971357,0.1436451248607628,0.3551692511233443,0.0,-0.5384470241792658,0.569788601352222,0.2958737862721892,0.29104562521732136,0.09733588968955892,0.0,0.17695384343407478
0.1432665501196243,0.10043921867531669,0.39535824495169647,0.14863597227525666,0.49172143082599407,0.0,0.29680417606529624,0.21680740410102195,0.6755782849641239,0.17112611795812005,0.4783183974932679,-0.17684907162701374,0.11053536691240035,0.3665662900075406,0.4367342084828821,0.296223451023019,0.5238428485991402,0.3931844972330844,0.44484780498966064,0.12393539978141918,0.31391162414342944,0.2710389098614405,0.22537578776719353,-0.06245568004974708,0.2438356704274732,0.3141043049726837,0.17658225774147202,0.08976230782151598,0.44915002324514464,0.22819433391715865,0.16565540394315698,0.14967993166796015,0.42399535004065314,0.2296663062380872,0.3078238321962964,0.1721873660275079,0.1711524259610667,0.013019897841739403,0.08195437418582752,0.059182654981728866,0.2647476063085421,0.26855116427069825,0.5197047911210957,0.24906717572785464,0.196384883411167,0.22720947120326107,0.3154809436279331,0.5128561424169722,0.5633398427759836,0.3248345079093137,0.3656221912128598,0.28020802362696573,0.28500909253632883,0.5679346299867596,0.7079209493880912,0.5924318082143532,0.039795684749458105,0.2636333704890293,0.5567436298927451,0.148433677379315,0.3333182750171706,0.0,0.23313969959605682,0.4790909385954377,0.131322047918999,-0.03206877557301721,0.2878022203389782,0.32349495716821286,0.5792952947509679,0.29190621081535184,0.34085522414900526,0.2892038096959644,0.22294893620761613,0.22729357505545675,0.07654731103744167,0.2500960832333189
0.23793747582255292,0.16269295739005463,0.27934182964352616,0.6197671460483256,0.41478274159381845,0.29680417606529624,0.0,0.016260916965086858,0.4004706286540588,0.2739115128260297,0.26725486552673505,0.05744868163404049,0.4846248686925544,0.19827330030112944,0.1189840113612805,0.2842187849212987,0.5802382954980907,0.3445291548004414,0.2098321833324126,0.17045232157579662,0.11068407870447844,0.27386448396409746,0.02773038712813297,0.5287870705826779,0.31205592959664297,0.4024685031352239,0.07568203899461379,0.32839952474122025,0.1430506350665423,-0.04843813140711056,0.21354037256578973,0.42309815704822196,0.5007842303510572,0.3769558550217727,0.49170647155825653,0.6312968739149694,0.5380244350751142,0.5340858176752774,0.3628625705230386,0.43734488184874865,0.44733038155029625,0.49266017061407263,0.4167000967380601,0.8376441385689379,0.35127121540271633,0.0,0.6047887054975953,0.251890554373264,0.0,0.19066561788708025,0.20195512527103288,0.19987834325921483,0.05837791975696249,0.44476665242614827,0.5879634980488824,0.027132904078781495,0.42642652327212827,0.15411738870068956,0.34441068348228154,-0.04435902577184711,0.6022087688241178,0.0,0.5424435098250624,0.4009731891715448,0.12641839800929683,-0.12774730324789935,0.36722583685749477,0.1720517892820438,0.4666911174824949,0.23892317789023787,0.23189842189739973,0.15557294575566782,0.2053150369346326,0.150729069802081,0.7836327042800417,0.07182312361271675
0.2820322351440244,0.5648468011940349,0.5768749880019218,0.7112444666344606,0.2560828097665419,0.21680740410102195,0.016260916965086858,0.0,0.4775630771773502,0.07351889391894906,0.6246898652683956,0.6448600592237308,0.04216806347005553,0.8058593428329888,0.5119060730860521,0.4630128989321781,0.46819617980836553,0.511007916594687,0.5033072683712373,0.31937047419711445,0.4272031502695471,0.40746349955964517,0.30899419901617725,0.24219736015572396,0.5364940792202937,0.4259291051647089,0.19712679325281557,0.030591848469872007,0.24582674750397898,0.10971539934489533,0.08576290411463422,0.39497530975439243,0.445354408805693,0.09867074535543158,0.06639750348228401,0.6019131943070727,0.4256400466268111,0.587343436402394,0.14539958998991995,0.4117657381149343,0.14280962599260236,0.47530671680218595,0.8063074347329654,0.4466170375215861,0.0,0.5544331382944647,0.34158481822588127,0.7269323593448942,0.0,0.4418951350056838,0.4833481724161799,0.2899237031972007,0.7570749913113919,0.6754306682610147,0.8211087381540878,0.5513798898484236,0.9712981635986362,0.2141782201371704,0.5633612196924138,0.5026564614225978,0.38060128301004537,0.0,0.6568448518821612,0.7359970107963058,0.36663948352027326,0.7498724579955062,0.46804007769954736,0.6727233900863534,0.0,0.47212540323479246,0.40295318287324705,0.4387194201149032,0.2113197258541918,0.21756110290619007,0.5236353421283824,0.08654334815008652
0.448681083343867,0.04793592742249089,0.6323327174308525,0.2591416243460154,0.3113791375429076,0.6755782849641239,0.4004706286540588,0.4775630771773502,0.0,0.19491116978017692,0.13863140219792922,0.259353384494663,0.36994782296965,0.5204612778047301,0.6209586829280722,0.22653980654698214,0.48271012349820597,0.1452491647055229,0.2608700072303934,0.04981570097451643,0.12957833144927802,0.22836033661166813,0.3882996069579408,0.5627157018173199,0.24002048811726096,0.20630494332769536,0.6291469846077371,0.2058139771292735,0.1989543951561922,0.24566556389281738,0.17592950600215396,0.2986094039638003,0.24430499275119072,0.2305075226755146,0.30172125795592153,0.2627817623966039,0.20701425389033476,0.2284791659250594,0.08569580108123415,0.5318419155940664,0.4310284068293397,0.4186153551921298,0.5631215342833649,0.5735743279532064,0.2848070588388786,0.0,0.5152046243515885,0.647846633817232,0.47829471645849786,0.5001359885249137,0.523148573142621,0.4460492757128538,0.5935705304903268,0.5392997205916881,0.21381605969870715,0.4488961817363419,0.06372525099261064,0.2759583752128051,0.5250516802614038,0.43988503840635523,0.6903732562222811,0.0,0.0,0.5985801994439235,-0.33113974535230883,0.6799324299968784,-0.22962037033339278,0.5371222408726306,0.3246547906039601,0.5642892216685407,0.2769027479098022,0.4846104012331757,0.32946535820610534,0.38435585752023105,0.4941853530041236,0.41461009593471976
0.47405407266968463,0.4035692869969527,0.2119007747625816,0.4793153688634502,0.1912294012672535,0.17112611795812005,0.2739115128260297,0.07351889391894906,0.19491116978017692,0.0,0.1731378342248938,0.48889656280318794,0.2570454748771448,0.645807116206286,0.47860051981281,0.3958693111604066,0.4746507990541786,0.37234931334268206,-0.0561432105942925,0.15152066435528572,0.6151923786588978,0.31492906715933416,0.07058764256516464,0.4483497202269501,0.8029047371539546,0.6193582138626341,0.18240521482196953,0.35054076033849146,0.14764663252900467,0.41119215541147713,0.4776034133364657,0.40120211795410776,0.5987137469135774,0.5735614529416837,0.519251188948733,0.5439400244149892,0.5347797269435297,0.42618852836821963,0.3711232851330216,0.5995807647798925,0.5494611947166369,0.3719470283238291,0.31156290981367163,0.3261504003019403,0.692384687821261,0.24833580225113505,0.4879505875361799,0.1616832266408535,0.48820294452388513,0.45752640753137513,0.5250567659974779,0.44951474875613295,0.567798307920675,0.22697221348266186,0.5326553936668448,-0.07763919087988835,0.529572891045297,0.6153329594567553,0.0,0.9076091489190206,0.34518505552932277,0.4833067702432026,0.290788399135803,0.47891109663563913,0.47167697556912563,0.5621911807034473,0.3323392015873037,0.5671795514227904,0.4493664836670368,0.4056152737679788,0.48848207533279786,-0.22076432849356664,0.5526554280154412,0.3976891416764983,0.0,0.5660701189244561
0.026616274639220144,0.3218897299398567,0.49979418802382913,0.3431703929101345,0.24865415544365888,0.4783183974932679,0.26725486552673505,0.6246898652683956,0.13863140219792922,0.1731378342248938,0.0,0.12737866552274962,0.19493999918289168,0.40159852758237946,0.0,0.5201691824095664,0.577279255074574,0.6053829521346665,0.3056199842780149,0.455504052104921,0.5450581289018249,0.38836758026627155,0.40634732819771535,-0.2111260402619366,0.5980622893404695,0.6124723520319967,0.4412484281041798,0.16862245120022346,0.38782960114991066,0.5471927501779414,0.0420108906818798,0.21327057500440896,0.5139636233287052,0.1595963071729371,0.097568597544887,0.5240465175509154,0.25585179438844796,0.17648661986877362,0.20678367055622804,0.5532450748174429,0.531364552904767,0.4768111574930033,0.9001909654919806,0.5706332864579498,0.19253790876334628,0.0,0.0,0.7814539174126915,0.47321125946287457,0.5046762267890762,0.4015431959397035,0.3946640920848023,0.710045253213728,0.7547050148681176,0.5012534691670028,0.2849259109044544,-0.13941735130238375,0.444972540457027,0.3179348810117299,0.0,0.0,0.0,0.0,0.7476806112155288,0.35845969626951746,0.0,0.674567169568891,0.5402632002883958,0.0,0.0,0.9530901074043485,0.5731533157880668,0.38016114862793593,0.3596233354042847,0.0,0.5587538842228893
0.6547548176107956,0.355036271411148,0.5392705705950931,0.3378801761600661,0.3163793865731802,-0.17684907162701374,0.05744868163404049,0.6448600592237308,0.259353384494663,0.48889656280318794,0.12737866552274962,0.0,0.39651804626928266,0.6270782617144521,0.4062703986646276,0.6311227837774083,0.7127598072041998,0.7966117233364098,0.5692202940296387,-0.06843223876788884,0.4778113130235596,0.25428820482581205,0.41491471016013626,0.6710377362625899,0.740097489438787,0.5791919719403269,0.254090766787689,0.6176574576645834,0.12736350066937446,0.3016489830691627,0.5228771550457696,0.5399871803148951,0.8265406758573253,0.6817190325119133,0.3670081301510546,0.778598230713091,1.0226555042362806,0.24699593772771317,0.4768052874062006,0.6243843900425017,0.5721397052742018,0.3126403132499288,0.43214200405830916,0.46231143559884547,0.6289182898087653,0.11270854327970634,0.5633323030800929,0.2745743065087819,0.19312419071285652,0.29436336706903987,0.33679592969655114,0.49706319743584293,0.23849178809416044,0.4229991318368132,0.5785255093214571,0.24481877013152892,0.6692444837691383,0.5374522426187602,0.7212741177086729,0.6451119826128097,0.5365969748257502,0.44998709853064867,0.3426220087711255,0.33914754609893183,0.7738554682115718,0.7723481042482607,0.4120310104405537,0.5055911755622943,0.48352361192204985,0.47117687891921234,0.5210161144314129,0.333722356895453,0.6420826080948464,0.5207840064982927,0.0,0.6130729549899011
0.31513058957589635,0.17507255330177657,0.2335451479870007,0.6760021993123742,0.41226444079285174,0.11053536691240035,0.4846248686925544,0.04216806347005553,0.36994782296965,0.2570454748771448,0.19493999918289168,0.39651804626928266,0.0,0.18200523380948141,0.20578159608453017,0.23999390517514668,0.16482180395082505,0.303458357644215,0.16469239050543838,0.15197241153013025,0.09086791752830795,0.24147252206482261,0.051207364980434045,0.10704316493694324,0.32369514236545277,0.3221720731213065,0.07686864593976517,0.3948999545943614,0.17968913767181025,0.13029294518088969,0.054536137477635055,0.3714064121211683,0.3319154503028181,0.2507387888395135,0.35367078753243264,0.6037676576702927,0.5594796400592629,0.3638603539070557,0.21918965308458482,0.517865738287446,0.5606329286715159,0.5458779309329911,0.37607503311493795,0.6420692074628376,0.43863142259691135,0.6443738116551398,0.3935034277839551,0.2877701357428594,0.0,0.10458787031944983,0.12631796105325066,0.1616175053054122,0.07587425745854465,0.38837723731175455,0.5634102808056122,-0.056396729333043905,0.2978868841630088,0.2117283462932627,0.4065322175150717,0.22020721082879674,0.23303290797592321,0.4013684022632939,0.2838673419872162,0.6313564845467862,0.233363574395294,0.0630409157874911,0.3334359354280529,0.143522867523996,0.5011266537511296,0.256194111044536,0.22167206832696956,0.1533408001521836,0.2327873422074787,0.12589326105489546,0.08950546594749284,0.1871976474202044
0.02822419706822038,0.5114786840910879,0.48065423314065836,0.48986396709854213,0.20292328794200215,0.3665662900075406,0.19827330030112944,0.8058593428329888,0.5204612778047301,0.645807116206286,0.40159852758237946,0.6270782617144521,0.18200523380948141,0.0,0.5031089361047668,0.5620286641802916,0.4940515985694779,0.47890983950494487,0.31900719276332906,0.38025551733844976,0.24367613334355046,0.2708019357202295,0.3760890312370926,0.6723033496553208,0.49089098534829306,0.20602735824139845,0.40243044000215816,0.33351116342981035,0.382699026995236,0.8215940472516752,0.5174702159626513,0.22225841339081948,0.24225431700202227,0.6621797919250823,0.3383290860304111,0.30474986562928164,0.1770457260637354,0.39695444362372523,0.6904521360984857,0.0,0.7077432588020539,0.8511881113094287,0.7952007302587706,0.47984251188499083,0.0,0.0,0.0,0.6007752682608235,0.0,0.4956173217565121,0.2431723856872038,0.12435567161416039,0.7110878998045588,0.4848366482868599,0.0,0.5073486412946849,0.4070568425032107,0.05880766389572972,0.4594405781018581,0.0,0.0,0.0,0.0,0.5065073868678831,0.0,0.0,0.0,0.6133969113398747,0.0,0.0,0.0,0.3673020955651922,0.7552522044916323,0.0,0.0,0.0
0.12346800871202199,0.31333517032744934,0.33428439304773744,0.5952390631767359,0.49243107410637377,0.4367342084828821,0.1189840113612805,0.5119060730860521,0.6209586829280722,0.47860051981281,0.0,0.4062703986646276,0.20578159608453017,0.5031089361047668,0.0,0.19592556148634002,0.42930143691991207,0.1575520213641241,0.0,0.674453909710872,0.2116849265080534,0.2211422032276501,-0.0240898202526193,0.20960613961607705,0.322854872388243,0.43390481282395116,0.4281813412401966,0.0588347393442597,0.33936960021832385,0.0201237686753436,0.26657087745766933,0.16589897642455573,0.2735142753600057,0.33928158252289253,0.33875674131616296,0.628816347321776,0.4713449252829677,0.3767025441225117,-0.08105180933368511,0.14839020204928063,0.06406296767271366,0.11519096936711848,0.5160780554623091,0.6061047163667839,0.0,0.6113592802181425,0.24392501736972916,0.47845550585542596,0.0,0.0,0.12925845392924745,0.1111272640526309,-0.004496933565672656,0.5577125097624387,0.0,0.0,0.6881385321485405,0.14739792865094858,0.4756469526392365,0.49224450231269945,0.20722721287168178,0.6290337045665022,0.302254419971732,0.0,0.46401742939993196,0.025440835137921447,0.46802642174684417,0.4281334504251071,0.45858238334618584,0.40766623216982384,0.36685509810668826,0.3329368469228101,0.09797278356918249,0.024690487976752273,-0.17088654509637297,-0.016954397661805176
0.529678242481797,0.40548385379992535,0.44561124210098535,0.09169351605905063,0.27824724797292977,0.296223451023019,0.2842187849212987,0.4630128989321781,0.22653980654698214,0.3958693111604066,0.5201691824095664,0.6311227837774083,0.23999390517514668,0.5620286641802916,0.19592556148634002,0.0,0.4704006594009614,0.8037457908253591,0.454887621407184,0.4619927097618038,0.2403124410759011,0.5402960126258706,0.33192257384325136,0.516101929882427,0.545271375700279,0.4260804211198988,0.3167590860100766,0.19996787311547956,0.38089998216887655,0.3323502593041515,0.5292106928622484,0.2633285576239168,0.2635075286761703,0.28216123540949534,0.36743982247704776,0.6531071324737052,-0.38716333082928367,0.6366267054197507,0.3030814286111485,0.641784850075072,0.5114377215495002,0.248538340361609,0.4657450158876756,0.0,0.0,0.46926310238623276,0.4503980022487548,0.0,0.0,0.0,0.1937761920612193,0.19205344667760352,0.8138924969119998,0.0,0.6252789597093593,0.0,0.5384523024833465,0.23565167463526487,0.0,0.3077575352500397,0.5281001059141787,0.658953016513675,0.8356073592609048,0.0,0.26770857655310454,0.17938336242098096,0.3090051041334765,0.580008003871718,0.4305574073239198,0.7392367432248769,0.5947614885182393,0.38665291573174776,0.6231179478507591,0.25279819168043255,0.0,0.5368158299982897
0.4592456667646806,0.5830088968371998,0.6330683008038438,0.567142335889147,0.5840781987519028,0.5238428485991402,0.5802382954980907,0.46819617980836553,0.48271012349820597,0.4746507990541786,0.577279255074574,0.7127598072041998,0.16482180395082505,0.4940515985694779,0.42930143691991207,0.4704006594009614,0.0,0.5152028029350129,0.6902368284712252,0.19607115007331305,0.510400028850884,0.44028532657554864,0.5020222016904274,0.6350108559452492,0.7297645129394723,0.5182065835759353,0.549137911389927,0.4364734098429237,0.07694640186388596,0.49098795983419286,0.4299406300695618,0.21198656649755634,0.38368201622757164,0.312901748699399,0.2607775680801512,0.6043767356047758,0.24723491845266837,0.296324737699405,-0.2946121644674009,0.43080868564604474,0.3040610642384387,0.543605591580717,0.0,0.0,0.46214178900814784,0.36553360289127285,0.5495765039367371,0.0,0.0,0.0,0.0,0.0,0.0,0.0,0.5211890960714558,0.0,0.4466558052609838,0.31232766427094805,0.0,0.7917913253757869,0.4234800490636759,0.5675463634813143,0.3878848335225916,0.0,0.0,0.0,0.5346664772678383,0.0,0.4359273422839143,0.5646801536585899,0.545012971622496,0.0,0.29894360110027296,0.48053266020810914,0.0,0.44724170371580535
0.6681533367209198,0.5249191944233378,0.5142832876982208,0.46540078000808527,0.1892425785913661,0.3931844972330844,0.3445291548004414,0.511007916594687,0.1452491647055229,0.37234931334268206,0.6053829521346665,0.7966117233364098,0.303458357644215,0.47890983950494487,0.1575520213641241,0.8037457908253591,0.5152028029350129,0.0,0.5071263500702229,0.38431417326261375,0.41067469222909225,0.5014274258017963,0.49685829060385117,0.6129448797668915,0.7071917728167902,0.5397343245692362,0.4235085628527322,0.1682880338573992,0.31859492034643344,0.23988105578515687,0.27301395971478104,0.27453185480593795,0.46298486015611645,0.29619125416023423,0.24938171133639458,0.5950301261261028,0.2576679984819406,0.36034712115691914,0.3193409612923795,0.7161372970363168,0.5604277199697691,0.4910817501669838,0.0,0.0,0.5767800515714172,0.5714875069680856,0.5555853589277451,0.0,0.0,0.0,0.43101154280901405,0.5665990889095722,0.83945831139313,0.0,0.6762315890285003,0.0,0.5869870734459401,0.22306529692990099,0.0,0.6174938126997012,0.7059139315042073,0.6895756820636076,0.7328868103741719,0.0,0.5775558573230833,0.6749345960803123,0.30636127134460545,0.7743601975215499,0.5470971986868394,0.716782583602374,0.7169472719977898,0.4948877689722945,0.6546094793702044,0.3474236759461128,0.0,0.6278829050787204
0.0,0.6427900396964172,0.4913597251026395,0.21765379504244686,0.2871502801695758,0.44484780498966064,0.2098321833324126,0.5033072683712373,0.2608700072303934,-0.0561432105942925,0.3056199842780149,0.5692202940296387,0.16469239050543838,0.31900719276332906,0.0,0.454887621407184,0.6902368284712252,0.5071263500702229,0.0,0.5559983392710516,0.44293132336817087,0.6920260097247288,0.2002413683168268,0.4982063430204283,0.5308958685517653,0.530894606343372,0.48564978576438433,0.15500710981101518,0.5775385760588072,0.616891965477331,0.07063270230089125,0.1761127746505477,0.5227791293504502,0.13588334613381922,0.025920885729540155,0.27299791557196224,-0.011816835102881285,-0.038789092594571806,0.05142030258063868,0.40320552412631117,0.43558292378804436,0.22069223481383196,0.780642493892244,0.34558034992545106,0.40759023216780554,0.0,0.0,0.7382072430599708,0.0,0.3776741875034968,0.4076673541134612,0.24240741169484326,0.5707787770345119,0.5646171288762648,0.9308072411305184,0.24766574495331295,-0.34602367675941714,0.14476044330793159,0.30877415780928247,0.0,0.0,0.0,0.0,0.7085095316094896,0.4766872757667534,0.0,0.49489316848086284,0.5453899203774503,0.0,0.0,0.0,0.4740049693773257,0.15546760305690238,0.46924811618111034,0.4716910681582597,0.572220871163714
0.21234485660962132,0.23500467696564314,0.39257399582943436,0.5915870514220654,0.2617428565945078,0.12393539978141918,0.17045232157579662,0.31937047419711445,0.04981570097451643,0.15152066435528572,0.455504052104921,-0.06843223876788884,0.15197241153013025,0.38025551733844976,0.674453909710872,0.4619927097618038,0.19607115007331305,0.38431417326261375,0.5559983392710516,0.0,0.1747437739971066,0.4342158428220235,0.22943556908252086,-0.08682967722703255,0.35792233985149813,0.37594183455853075,0.2303117935844494,0.4194859059854093,0.6060913546772067,0.5946508350612939,0.3310643799245512,0.20769623099365905,0.29539707271157234,0.4004909140307461,0.4364756929895451,0.48822326622502266,0.4830020482300067,-0.46613851532499484,-0.038432476317420056,0.11196562124265252,0.07249070324758264,0.0657644733835363,0.5337912975171262,0.6846794203689852,0.21553544239016192,0.25422323038139005,0.22618815919057073,0.4938001058795304,0.0,0.0,0.07429065481899738,0.03786077081534733,0.22489909459702961,0.44359894082156714,0.9394880503681838,0.0,0.2794017003516741,0.1581109663496486,0.0,0.21499016749228386,0.17053636599309352,0.46550790061285907,0.29308049571489975,0.0,0.07128944730284201,-0.12890606796015447,0.18283341984905205,0.1102745904193384,0.0,0.37070757092059364,0.24865607670137274,0.16106729604807518,0.16683594301195298,0.12289315360744002,0.4775823176504292,0.03761917768697501
0.3010827192112917,0.3556663433092121,0.25087177682905204,0.403049157129848,0.1840929784003269,0.31391162414342944,0.11068407870447844,0.4272031502695471,0.12957833144927802,0.6151923786588978,0.5450581289018249,0.4778113130235596,0.09086791752830795,0.24367613334355046,0.2116849265080534,0.2403124410759011,0.510400028850884,0.41067469222909225,0.44293132336817087,0.1747437739971066,0.0,0.3597221764295123,0.1041010965302101,0.40228125548973886,0.5766051396683933,0.5237049400582974,0.1854016170232637,-0.020967784000691547,0.06862826493205681,0.07110090527483356,0.21325950920474812,0.1297562021628067,0.17856979723042593,0.29698225501472897,0.3967174314873363,0.447747969939189,-0.20192703210088983,0.5532450455378074,0.06898209253465123,0.24947531047408789,0.09846581117273048,0.10791240681825953,0.5701351979301417,0.0,0.0,0.6555091181462602,0.12312245007142558,0.6575935531388025,0.0,0.0,0.11576087779945052,0.010857970349186896,0.7423511892583555,0.5459858529688457,0.6036652271377834,0.0,0.7458387206697819,0.18355218786145228,0.0,0.5002532478588408,0.1558503926598349,0.0,0.25804513055268746,0.0,0.25273019438597244,0.5812811014521866,0.23781947224819602,0.3001617226221388,0.8237277203401456,0.31155237389754664,0.3645522722801628,0.29317771200624665,0.21958510271758885,0.308407170325141,0.22330539847882505,0.21769681760800022
0.35425368588169565,0.5305712718150155,0.5782897916571201,0.5300532779278624,0.31666699567086753,0.2710389098614405,0.27386448396409746,0.40746349955964517,0.22836033661166813,0.31492906715933416,0.38836758026627155,0.25428820482581205,0.24147252206482261,0.2708019357202295,0.2211422032276501,0.5402960126258706,0.44028532657554864,0.5014274258017963,0.6920260097247288,0.4342158428220235,0.3597221764295123,0.0,-0.004163385633408401,0.29698904950677507,0.5124960317159658,0.5803928381746085,0.2664847556565996,0.44472448817824184,0.48632208293590395,0.5922148821908463,0.48207308218993444,0.4098040667148457,0.33612434769757404,0.5729094912280293,0.5523634502186866,0.5057204380176076,0.5558708255541006,0.6104115465467459,0.08713396539681836,0.22766266785261738,0.21817742953018737,0.24725672285986433,0.5392893829768922,0.3607904874290527,0.2507272938998872,0.287377992830139,0.20059024287971336,0.5840435334887926,0.47803766756356847,0.244950072066218,0.16725176193002292,0.060472084129616466,0.31609317069282306,-0.0031466647451834917,0.2631572387566457,0.0,-0.034141654621794804,0.18965468435499544,0.0,0.44476230126418526,0.14982802303630494,0.4115539715786356,0.39819104493665547,0.0,0.14655458752340048,0.23232478405763307,0.27352082447080117,0.21400060645566804,0.7457943033853385,0.3879785723343874,0.2491671480868578,0.19189758404006524,0.2723159171896665,0.21038934544494864,0.5587610276880295,0.3412754291208679
0.190331987771376,0.2975279284653892,0.2799050963733149,0.18373446406121402,0.053874108234114315,0.22537578776719353,0.02773038712813297,0.30899419901617725,0.3882996069579408,0.07058764256516464,0.40634732819771535,0.41491471016013626,0.051207364980434045,0.3760890312370926,-0.0240898202526193,0.33192257384325136,0.5020222016904274,0.49685829060385117,0.2002413683168268,0.22943556908252086,0.1041010965302101,-0.004163385633408401,0.0,0.28474364082666337,0.5986658321007579,0.31284769035791704,0.4124588345712653,0.025961137842622828,0.21522863982824048,0.2050066304814233,0.13974419015217734,0.019146261297240008,0.22959214854995713,0.1641807062541381,0.2590034428386181,0.22645280029071047,0.12640208788782897,0.006428587515263456,-0.017139829568808773,0.5787786836045119,0.2844520706274411,0.38003910577750943,0.6429965782328126,0.34109865842254683,0.5714423814022547,0.5314006976439707,0.06273473645507016,0.7280975781198407,0.45178083583232853,0.5012648001177841,0.4059205375021723,0.2861737506824443,0.4786967166208759,0.6747477487968707,0.6362745369877414,0.4276533419000312,0.09801106557456718,0.26416160072952516,0.6475325572674517,0.24787885033842583,0.08047329925850516,0.47167697556912813,0.5580049206660908,0.7498456568479377,0.2511197355625609,0.024851941780670794,0.04308091619464466,0.6114693054290455,0.23693207025301602,0.27836566547770114,0.0457796747637475,0.3099755525024821,0.22355398621462244,0.24862378226975826,0.21495888355086773,0.3120955379560026
0.6254763340491651,0.4245233964820199,0.4013365224829015,0.24699983927072083,-0.18048547404508947,-0.06245568004974708,0.5287870705826779,0.24219736015572396,0.5627157018173199,0.4483497202269501,-0.2111260402619366,0.6710377362625899,0.10704316493694324,0.6723033496553208,0.20960613961607705,0.516101929882427,0.6350108559452492,0.6129448797668915,0.4982063430204283,-0.08682967722703255,0.40228125548973886,0.29698904950677507,0.28474364082666337,0.0,0.61795582852717,0.5143702059303935,0.3111851025800215,0.34147839567842675,0.04797022499057224,0.8125195455483978,0.23389997882790592,0.6331936370456595,0.590219649487564,0.2049872977116787,0.16473351687841004,0.3554196126100153,0.34980706561843095,0.38833940705398773,0.7913256727994471,0.7288067416523287,0.39016910005127037,0.625676450234758,0.5926370976843571,0.3501030712915071,0.6703041665478875,0.3410218344673207,0.48540083725504146,0.0,0.0,0.46353045243893937,0.5748759992908556,0.2949496636784561,0.0,0.022595492226080895,0.6082961426830111,0.5440600786591591,0.6339051229322761,0.44248043967268325,0.0,0.22662918260943968,0.29974084635461884,0.497467576634469,0.44700971998457867,0.47384596090506337,0.33042439793698,0.4481311276942016,0.15610894055830749,0.8263018213945983,0.4471679322600302,0.528238511968984,0.47452334693754356,0.5249232577299914,0.6824805119278952,0.6123835053714515,0.0,0.3412742572917905
0.5199809675331939,0.43075641095037726,0.21343855714073506,0.8765197857797435,0.25234259954680066,0.2438356704274732,0.31205592959664297,0.5364940792202937,0.24002048811726096,0.8029047371539546,0.5980622893404695,0.740097489438787,0.32369514236545277,0.49089098534829306,0.322854872388243,0.545271375700279,0.7297645129394723,0.7071917728167902,0.5308958685517653,0.35792233985149813,0.5766051396683933,0.5124960317159658,0.5986658321007579,0.61795582852717,0.0,0.37954410632754076,0.3879174667675811,0.20830737941629035,0.27991531837904815,0.1137039120109121,0.35579032931776045,0.20128434477280782,0.4887767023311159,0.322029260642999,0.3192345496983888,0.5330118722575232,0.5897841465241385,0.5435603631922954,0.3187584005316354,0.6779010405006276,0.46961721047927707,0.5923132614828938,0.09842901331586185,0.0,0.586211940628643,0.5433962375734945,0.5965422240876601,0.0,0.0,0.0,0.3733572526083154,-0.10622668908207222,0.6990627941027194,0.40836183837593687,0.6059919062101919,0.46818770862551257,0.5927094422595134,0.23975109298669317,0.0,0.29976860795813975,0.6203446664863246,0.5891495453365261,0.6990831418040663,0.0,0.3789349220875735,0.49165538827558786,0.30616970629323803,0.19195983247919712,0.5568898149537115,0.6668984699843576,0.6157499282229184,0.21619794239417925,0.3884563040205622,0.24756375431323693,0.0,0.6199067499132249
0.6574601467796052,0.49046263594587197,0.458353967872931,0.6079529745481823,0.06639965031385034,0.3141043049726837,0.4024685031352239,0.4259291051647089,0.20630494332769536,0.6193582138626341,0.6124723520319967,0.5791919719403269,0.3221720731213065,0.20602735824139845,0.43390481282395116,0.4260804211198988,0.5182065835759353,0.5397343245692362,0.530894606343372,0.37594183455853075,0.5237049400582974,0.5803928381746085,0.31284769035791704,0.5143702059303935,0.37954410632754076,0.0,0.5540540953529166,0.322836741294086,0.43314727591864566,0.10907001953578549,0.2809416795263397,0.39613229149184725,0.49277661356501024,0.33511739713282956,0.4900358385245456,0.437795473248974,0.5114179417057452,0.4852398465657432,0.15945698896671934,0.5897285722584852,0.39529587136761163,0.3090551098288242,0.19934516447764322,0.5452886909259104,0.5897163717111957,0.4603240523294816,0.4121044579552171,0.6680143390028908,0.0,0.0027079688344060597,0.20917738121540375,-0.04274263925245475,0.2530510815726205,0.39653858225818533,0.5798055845943832,0.0,0.6158729333807655,0.3361879692567138,0.0,0.4570711878472305,0.4308927489621603,0.5336555349342387,0.5783710301634608,0.0,0.2898412566509081,0.6054399165313133,0.4256511623649377,0.3107638546046909,0.5119405956229395,0.5679940137175725,0.4444226432729848,0.2757818959327531,0.3958996224423175,0.3323567114994835,0.47918425095871736,0.4336144722867031
0.16240837120835022,0.19148968434308816,0.5135277464134815,0.2401174574686621,0.4628168395414327,0.17658225774147202,0.07568203899461379,0.19712679325281557,0.6291469846077371,0.18240521482196953,0.4412484281041798,0.254090766787689,0.07686864593976517,0.40243044000215816,0.4281813412401966,0.3167590860100766,0.549137911389927,0.4235085628527322,0.48564978576438433,0.2303117935844494,0.1854016170232637,0.2664847556565996,0.4124588345712653,0.3111851025800215,0.3879174667675811,0.5540540953529166,0.0,0.08810650533006678,0.3342621907292944,0.2861400309892013,0.2059109550065037,0.10816878961729193,0.24161305009009787,0.2838446294752126,0.3020605972012781,0.051851029928263126,0.3323424362090167,0.1536876408688948,0.06698508152534921,0.1958260113080307,0.2427430727362538,0.3248259612685763,0.5174416855552894,0.44670051931156574,0.40465209651276285,0.4451568249099024,0.10651855812904562,0.6382817810421415,0.47026230835961624,0.5127997355674525,0.3630315498491963,0.26413419906421,0.27438440281451015,0.6111970459127003,0.7041830547324901,0.46163270126273576,0.2510362356021105,0.2522011805984521,0.6131879072508533,0.2110853638309237,0.34628766223396656,0.0,0.11868099586002945,0.7011567506575279,0.2366319045181536,0.05451741288157619,0.08316540444355672,0.27898500614521426,0.0,0.3211187347839348,0.22633998984757048,0.26772283266500857,0.20633359839582177,0.20600866132929513,0.06681225372390825,0.245742414895176
0.23774791562510814,0.15030419810103143,0.23530772486422613,0.697349014450362,0.36958230970917433,0.08976230782151598,0.32839952474122025,0.030591848469872007,0.2058139771292735,0.35054076033849146,0.16862245120022346,0.6176574576645834,0.3948999545943614,0.33351116342981035,0.0588347393442597,0.19996787311547956,0.4364734098429237,0.1682880338573992,0.15500710981101518,0.4194859059854093,-0.020967784000691547,0.44472448817824184,0.025961137842622828,0.34147839567842675,0.20830737941629035,0.322836741294086,0.08810650533006678,0.0,0.34494289173270354,0.32968692616718875,0.3426967854353177,0.3188241095938925,0.5398493236701437,0.2591913353698449,0.5007911425411207,0.7903141692848803,0.7895881969114273,0.5628846905079634,0.18325638179617004,0.33334675423144466,0.5921948898163985,0.28964776712010176,0.46251461668265526,0.39249365018415333,0.6528568283714402,0.6275095241368409,0.32748813161725276,0.41072585063510386,0.0,0.04773672828146541,0.14410411755477426,0.18065100337897183,0.06562760719653943,0.3126793569994245,0.6631207934244676,0.03345075110547546,0.23589312098055348,0.19651920510657536,0.3421648594067327,0.1453795854840112,0.22867430991247611,0.19193089347344808,0.33172501023834294,0.689071483629252,0.16527290516734355,-0.06367826907259266,0.14187478811091406,0.16361283387548967,0.5423399195982654,0.2943262409384843,0.18908423281230843,0.14197346631807484,0.2045867040089348,0.11824743266055221,-0.026429933096319858,0.20882557715077016
0.17067478364175154,0.17072646848876172,0.45340251147679134,0.26343220653217103,0.24519460448775052,0.44915002324514464,0.1430506350665423,0.24582674750397898,0.1989543951561922,0.14764663252900467,0.38782960114991066,0.12736350066937446,0.17968913767181025,0.382699026995236,0.33936960021832385,0.38089998216887655,0.07694640186388596,0.31859492034643344,0.5775385760588072,0.6060913546772067,0.06862826493205681,0.48632208293590395,0.21522863982824048,0.04797022499057224,0.27991531837904815,0.43314727591864566,0.3342621907292944,0.34494289173270354,0.0,0.42974892718465396,0.4031771764628168,0.27185886903881123,0.454618895993173,0.44296136291625576,0.42635841158949916,0.3905180096043341,0.5075665237500236,0.5371791094663891,-0.07626504118950223,0.16925313408967393,0.011111932096839694,0.06122387693455314,0.17406694681290513,0.5545120966192927,0.634437698089576,0.24643434465380068,0.22580937805947485,0.5797558833091998,0.4541527297542546,0.4674969682018294,0.12912475839429277,0.17336760067039753,0.31398139209486936,0.5702643113890764,0.017932637624683334,0.4385598984173771,0.9686093996985929,0.18634383111330327,0.7574374386582208,0.1053970635493405,0.19569379289935634,0.48101052608285755,0.29688760313953044,0.5094426044268174,0.0761116959997708,-0.1535171186850256,0.16230468721984265,0.15809556748342207,0.48189939039053736,0.44828803496779346,0.39975889992795693,0.17279089530143169,0.16172457031751725,0.10341626716139232,0.11721418029970632,0.04372877250339974
