0.0,0.63818700026403,0.300779253755407,0.0,0.4077278112783172,0.3088777775578745,0.3741729911610323,0.5041565622053715,0.3541266801691015,0.4145610700656783,0.44325546990451364,0.15435334841091683,0.5182026015546352,0.5092667216879594,0.35383151963881193,0.4904196223515051,0.448602032099703,0.426198713914268,0.0,0.4865347222751689,0.25986470060193056,0.5408946708383173,0.4172222503659233,0.4155446681525683,0.47970279368200175,0.6586889618830639,0.34917741036850064,0.3696093900283716,0.3742236309682947,0.6598999491980286,0.2996835386576096,0.35951138886211553,0.29542440700941813,0.24589634503613114,0.2519526160602278,0.6431981832494083,0.4968801653822753,0.5053131421196411,-0.20378414983539128,0.39560599921193135,0.5672670167540854,0.5704591973347208,0.4675248570531666,0.0,0.4557838322657948,0.3914375467533029,0.625229310754719,0.0,0.0,0.0,0.49811914958620274,0.0,0.586019732452681,0.0,0.5471889297123023,0.0,0.5551439178165659,0.7143335002152786,0.0,0.5721101700299149,0.5933327277098951,0.28412041387210696,0.4331046634428902,0.0,0.46900634980812017,0.43787095551467325,0.5852312431867814,0.43308466585440697,0.23978280780503092,0.4745661769548988,0.38977577683508025,0.4531381787846055,0.3890984934039338,0.5517720267522684,0.0,0.3622027454452206
0.63818700026403,0.0,0.6238412723660895,0.33990479443748156,0.6138954394890233,0.6295423086435022,0.5524538717089892,0.6987705215859537,0.5431335056644019,0.6603681203958167,0.32270271702583225,0.7439419374312286,0.6003793319959017,0.5054082962387811,0.6693409959054231,0.7527088063641644,0.5974792233042718,0.8541333058979991,0.6418797181236571,0.8535260310822435,0.5541071464721905,1.0146318657672895,0.6605079292267689,0.6158944875550112,0.8649209324169622,0.6686655155830703,0.7729742364230303,0.5379895179252188,0.6418233332144316,0.42612283103810467,0.615669287550623,0.45393935820784004,0.6003963159442885,0.5747978588670468,0.5287455801494283,0.45652796537196916,0.22685018883447602,0.0,0.4127316200924015,0.6804609779102886,0.593622263135184,0.5900059865568559,0.6361126806391313,0.0,0.0,0.5805974444799153,0.6721874626542321,0.047035256449618354,0.0,0.0,0.7646700777705265,0.6302789453384946,0.5661400116307702,0.5652173436493599,1.0646733686992513,0.0,0.44342764365719833,0.8292704927995527,0.0,0.3939162552392762,0.7207161164360008,0.6220271619856725,0.7014477043907468,0.0,0.6614918655656481,0.49681678558424586,0.6579998013577624,0.5505904987334813,0.4384916314105006,0.6629895718950539,0.5248023581982384,0.7064652737317068,0.6158603068473976,0.7184600821305,0.0,0.660801137376458
0.300779253755407,0.6238412723660895,0.0,0.5033954319522418,0.5782910628675055,0.812471494194353,0.6798355071404949,0.5838916861366975,0.41449248674464356,0.6148120451252086,0.4627210146765751,0.5848391383697964,0.7035589163461367,0.502202477000355,0.3380516431390287,0.4429399921196022,0.6252305522852459,0.5174022847268208,0.2917718247860932,0.39169872784243903,0.6035158303310748,0.5859737688903792,0.2597676155069669,0.3106928870243129,0.42980239734391645,0.2648037341467595,0.730536565846123,0.6823659112424563,0.6207491380180518,0.6411920818267389,0.6796198114440112,0.6207343673701258,0.5276221167012731,0.6417546010953519,0.6250670780614493,0.4897198953493668,0.6448890502398518,0.5861887382588239,0.2670205815984174,0.495303608269993,0.1333614247754802,0.5286981510058207,0.41779923011219394,0.43810757623773844,0.0,0.0,0.20335955427679056,0.5709255204451782,0.47908614607734246,0.2770448734268913,0.5934416932459937,0.43420779148679933,0.4297366634050733,0.6195457337336718,0.37225129168582605,0.2843372280224137,0.471997240912729,0.43319335430233297,0.16653775739171126,0.24642573018517266,0.0,0.0,0.0,0.2647136206893891,0.6392722286226371,0.44715356125720807,0.1014952850081637,0.6387419713530322,0.0,0.6324338936905951,0.3499044883473099,0.5840621080200904,0.4269320186847808,0.7050831902778638,0.6898926157597212,0.10443182205281232
0.0,0.33990479443748156,0.5033954319522418,0.0,0.24566720898646166,0.5433389746644884,0.32798100775752287,0.590022041724552,0.6903460679713862,0.48930796723505326,0.4160253646176833,0.4418508484105018,0.5789922268575176,0.43400567178828,0.6024918204797578,0.101322228155796,0.5598826458496581,0.4666259094780466,0.5864881872937591,0.08614496123355475,0.40853335120575596,0.5357600582850918,0.5777322868612038,0.24134000156188445,0.8764389982740013,0.615116855211431,0.5991157685213881,0.38048897245415136,0.4578089214517741,0.49166469533761337,0.4603973859266303,0.3158662659437418,0.14844362556484542,0.4921810569129213,0.1991335996862278,0.3569020217198574,0.4421096747599443,0.369616976666535,0.016597621039815755,0.3014311259363053,0.38167650380311047,0.291865225100177,0.21599490315741568,0.16818188464740397,0.0,0.0,0.0,0.40284036628154096,0.0,0.0,0.5947903326032,0.0,0.4640856263827098,0.02045686958356618,0.0,0.17917927787599683,0.479956932817614,0.45335219519515185,0.0,0.0,0.0,0.0,0.0,0.0,0.0,0.0,0.47863007990853035,0.5808762347493203,0.0,0.0,0.0,0.2284241062848999,0.04889146990499649,0.5837702999909355,0.0,0.0
0.4077278112783172,0.6138954394890233,0.5782910628675055,0.24566720898646166,0.0,0.615588296813883,0.36612613541180494,0.3987158928400114,0.47652379493200453,0.5693749626554808,0.36631634368152377,0.6081904782425276,0.4859325602401927,0.36405373701139093,0.4916927939787365,0.7496411532340178,0.4683438813578671,0.34302071485946817,0.5953094862807069,0.5763313580787619,0.5035090716008834,0.8418429884593965,0.49100886725287396,0.6357864709846539,0.3805484164683497,0.40332369749210994,0.5881385329552433,0.3673238140156142,0.5985988820659822,0.49265985687283426,0.5303257594256615,0.25163931741078716,0.4746127691816503,0.5661128668959619,0.0317980097741139,0.266803941655987,0.17179411055230814,0.3900416335167612,0.5269554183705987,0.7106058569292388,0.5682782713416372,0.5770131369275885,0.528754073019539,0.6597294725506744,0.25831000835812556,0.0,0.4225202953197954,0.8955866239337527,0.0,0.5712881162890742,0.5328323820555063,0.5354928624462263,0.5698496255119916,0.5141862332944429,0.0,0.3905860222916442,0.3541386305818005,0.6058947759422365,0.5219037434859615,0.25582072173302917,0.45701000282944276,0.0,0.0,0.28614769315173527,0.3189351514395351,0.49480790614831976,0.36315050802082166,0.4974563883931329,0.0,0.4960908767432477,0.5671115967224187,0.36530394483256157,0.5183585596894003,0.4563237158237524,0.0,0.5195857028444164
0.3088777775578745,0.6295423086435022,0.812471494194353,0.5433389746644884,0.615588296813883,0.0,0.5030957054179349,0.6896878238571413,0.4467104077641415,0.4694942517484416,0.553731172621152,0.5715118692632963,0.5170134847359,0.7329210218210429,0.5870706389855698,0.8557109947396471,0.5689411097995138,0.6368687020150595,0.8583661283661933,0.9067406244505992,0.5932539559057732,0.7651999997086386,0.6588253753968147,0.20392037143000238,0.5030144496705015,0.43142220486993343,0.6633056797197943,0.6647948003258936,0.8119453522480427,0.6747917665362941,0.6584390395998971,0.4944377431331519,0.7657623388854288,0.5882505365878989,0.5835424465182983,0.6098835866748,0.6665972008821429,0.45086836307678907,0.3403714589166524,0.39285003434583354,0.27926535030405336,0.3515807402085426,0.6851120514724593,0.32472148697017983,0.19580472324566994,0.7073319083471907,0.6553187839586727,0.645431700167868,0.5637666552446305,0.5624472681384362,0.5531610255922655,0.5884141096417413,0.6605280206522522,0.6779722484555131,0.7028949246970276,0.5708838519916792,0.339629538364842,0.5625095357412,0.561121179526429,0.3789805099308698,0.7238653925522449,0.0,0.579984841359119,0.4785969753576686,0.36778650351565034,0.4181863291191149,0.604133029274388,0.5623011846960111,0.5769169539529455,0.5882251010989978,0.4647098360507659,0.51250661453337,0.5058236282049968,0.47352526600319544,0.3550066930092715,0.3829611094414494
0.3741729911610323,0.5524538717089892,0.6798355071404949,0.32798100775752287,0.36612613541180494,0.5030957054179349,0.0,0.47161835317894796,0.6223960089325673,0.5679946311975943,0.5663585748432182,0.7209472263941047,0.6392598870800714,0.4312287776027412,0.44977847215561295,0.6623965913283915,0.5770427932609314,0.45482154094596455,0.6918744449755883,0.4669144664619286,0.25570458491791503,0.6776273817127566,0.5575108707570673,0.6379661286210712,0.3910459076014492,0.4167528428048442,0.4932901513054643,0.3719494687819478,0.4839481487913698,0.48953914392139053,0.6194940159675454,0.6130723061955388,0.5476897950019461,0.6456074395987652,0.6032655437533843,0.5371691828375028,0.33216932060275317,0.6305089091332957,0.38741383128380047,0.436731014946542,0.5517387867600787,0.4793874940278727,0.570972143497281,0.8315606387884669,0.35227329865280155,0.0,0.6052363978934578,0.4449352223392914,0.0,0.5498649464380733,0.4674448290041338,0.5296066874313456,0.5064468392213399,0.5518129036362686,0.6805025516621457,0.4895180323068815,0.4235833352320095,0.4496342145763177,0.3405223242318206,-0.06937119457593766,0.6043303109600182,0.0,0.5403888427502817,0.582295338529931,0.19211493809408559,0.3989544299394069,0.6166428432807793,0.4602269742429692,0.4653685986843273,0.5362954103989381,0.32964687499186995,0.41222673938198595,0.4640164098705118,0.29625866978577287,0.7870267962805217,0.5163344983844771
0.5041565622053715,0.6987705215859537,0.5838916861366975,0.590022041724552,0.3987158928400114,0.6896878238571413,0.47161835317894796,0.0,0.6992340222181939,0.48954681958254853,0.4973779041655755,0.3112349788849491,0.6001761939447918,0.6865187405045299,0.6849002165548455,0.7476161123618329,0.5128665195703184,0.5772066105354725,0.5652473104436369,0.5631298677076264,0.5702704757222758,0.5228182870963385,0.6912718596290637,0.3526701319323766,0.5568009323288603,0.415738687996296,0.6654912351482063,0.5858055241412365,0.6562258340100663,0.48629442447985505,0.6300523798713078,0.6237306363510785,0.42633095995230036,0.5532448266881267,0.275951980860334,0.6596843434014341,0.6142880463783306,0.5961219536347162,0.5472029915602687,0.4130542932608062,0.45250029532276176,0.47774576928529877,0.468439758579715,0.4478681672487428,0.0,0.5590569968974914,0.3536301382890207,0.6459065169642804,0.0,0.6088469634001885,0.661005148496242,0.7913441500459307,0.7138145945832607,0.6153553247999173,0.8222699861711096,0.4679933080439323,0.9757193807194471,0.6103809735283381,0.5611469779160694,0.7733507680827787,0.3836736049452014,0.0,0.6633586510065264,0.44434475051912947,0.6919929009799183,0.8829804190856528,0.4758894967254478,0.7752985173475432,0.0,0.47056796314266724,0.3200315866847492,0.6782785579602,0.5909285518547093,0.7187564632783137,0.5186687166907604,0.4396876296289283
0.3541266801691015,0.5431335056644019,0.41449248674464356,0.6903460679713862,0.47652379493200453,0.4467104077641415,0.6223960089325673,0.6992340222181939,0.0,0.6642580360970438,0.5456963451950199,0.629920000438791,0.7003403689099308,0.6063300056308857,0.6092858022963328,0.7608133419834904,0.4518273689786828,0.37428945409792114,0.416206926475426,0.7940925296125576,0.44903156866924565,0.8322239077990964,0.6937614839146693,0.5722647309769253,0.414338515679205,0.35475152504153884,0.6241436981986388,0.6703075086362409,0.513176209546228,0.6575689599953145,0.6494917256819115,0.6734736088539912,0.5663449553003458,0.6485276219071202,0.6364718213820948,0.6358801003642273,0.7167902399173054,0.6559506329500309,0.4351555522345454,0.5304243288093025,0.18812728273922705,0.24965131270507984,0.5466906316260758,0.4368818870277672,0.28444158848448714,0.0,0.6351400317998317,0.6039176344942626,0.475496624036995,0.6664220384755044,0.6379142740967837,0.6904223074784734,0.6568756905170499,0.57061691575367,0.21043905497525484,0.6501087214910961,0.46751958996374526,0.49814261965042117,0.631437219367181,0.12349671220079039,0.6930632067134231,0.0,0.0,0.4980781726686466,0.2836829714610481,-0.24660509119849522,0.570601625617744,0.6018921210620228,0.3208507455580366,0.6241645008162442,0.16887326605884717,0.5619998639019306,0.4393869537673453,0.4479768452042173,-0.01195488474997114,0.309988623619284
0.4145610700656783,0.6603681203958167,0.6148120451252086,0.48930796723505326,0.5693749626554808,0.4694942517484416,0.5679946311975943,0.48954681958254853,0.6642580360970438,0.0,0.6778770643677932,0.46549901815902206,0.6730094928991056,0.6254184988952016,0.4814735830960832,0.5345227687575369,0.7299185770441449,0.7017454326140025,0.7875024565878919,0.6899147339745078,0.6669240066956035,0.6340049381515407,0.48828294569160935,0.6919295609199562,0.7258115827456628,0.5372389186472782,0.51474998197434,0.6362761945332162,0.46633683367468726,0.41373098589973334,0.7437129344640596,0.12601012582937185,0.8882466101014599,0.6722157776081105,0.4659844882380285,0.5379270264240058,0.5144279294329384,0.6852192544019614,0.19312524977444379,0.47033394267432643,0.5695806125174621,0.42904421600630827,0.304608725629851,0.29179277811984583,0.838182721877505,0.8541862164770228,0.4899485093213868,0.1589015346191054,0.48406298572908035,0.45915766675335,0.5281212583107828,0.4540505813112466,0.5676133935659837,1.1125873432102742,0.7155689920580387,0.4276919111072108,0.786650528751035,0.7103604601098673,0.0,0.9072611737464404,0.9878040173296092,0.5313994969415505,0.6084028669063798,0.4795974399384979,0.47228003149221376,0.565944319477883,0.33514943079005055,0.5777071516664679,0.5411330571168187,0.5444893451855239,0.5437911986139808,0.3459337170229554,0.4046814390645246,0.39823530999776635,0.0,0.6573839094209811
0.44325546990451364,0.32270271702583225,0.4627210146765751,0.4160253646176833,0.36631634368152377,0.553731172621152,0.5663585748432182,0.4973779041655755,0.5456963451950199,0.6778770643677932,0.0,0.7295811143630362,0.6080130659058842,0.5793481486544714,0.0,1.2804841925838564,0.5932981784387763,0.719993559563213,0.5253320562873587,0.45628148590433415,0.545414863896517,0.38695363813565753,0.6715276144547494,0.6692663659984254,0.6017688040592208,0.5200075676663636,0.5588308126096992,0.6357522088360806,0.39604734759912075,0.5468901292311008,0.5753982697689722,0.3494021483730339,0.890730253754437,0.6908878768673927,0.6941572857444999,0.5271509522684331,0.6782161346421095,0.6930582750363656,0.48639179872569116,0.555862844301334,0.5424227171065054,0.4693539387592082,0.5886055072769198,0.6737567546049631,0.19088745192806128,0.0,0.0,0.5425282059600165,0.47468537377256176,0.4547957633885721,0.6164298244654076,0.5090233881715714,0.4467228955114794,0.3242504511136966,0.49683176814503094,0.24598982477784506,0.4008674582142523,0.5521260407461307,0.4004490602778504,0.0,0.0,0.0,0.0,0.231629050609485,0.35571148292011523,0.0,0.6746048012360433,0.6685462957148297,0.0,0.0,0.9496271209820092,0.7164458883621732,0.47197967449647044,0.36036716849140993,0.0,0.5118772496290667
0.15435334841091683,0.7439419374312286,0.5848391383697964,0.4418508484105018,0.6081904782425276,0.5715118692632963,0.7209472263941047,0.3112349788849491,0.629920000438791,0.46549901815902206,0.7295811143630362,0.0,0.7713450134172781,0.6251804082696856,0.40624290680236014,0.6748491862245518,0.8437540205352283,0.8466682157710945,0.7949273781173851,0.5480580047656626,0.1654897668766181,0.3793139543327116,0.22919881225271602,0.5938769888791053,0.7943625444877431,0.4762591257858969,0.4451314950775917,0.7485451014257603,0.42012271616689467,0.30093064991307694,0.5912336364990524,0.12955596015172005,0.9971878703424538,0.6075381458402718,0.3071593315678727,0.6146012147262523,0.4924329159755843,0.6026022844092238,0.35341513950731807,0.3989519956164935,0.7560660846506888,0.38782692551516407,0.43461125642948684,0.4602671527080182,0.7472158553871902,0.48237511806972666,0.5621223346143882,0.2680850936086317,0.19331992303716777,0.2933218096952541,0.34159480072226567,0.4929150207844406,0.24374906843996175,0.4208640838408468,0.7234160541925942,0.24137809809010058,0.8293759194365611,0.7287168105815391,0.7226714774533365,0.6483988640928501,0.5350656207647699,0.5699198337536111,0.6827867509641594,0.3419168799726423,0.7774022861312375,0.7715322989377685,0.4223023791260557,0.498577073749921,0.43078907070453204,0.5824582023523699,0.5402326803111729,0.3301780420142444,0.8320722074160265,0.5117410031468943,0.0,0.6434292783610557
0.5182026015546352,0.6003793319959017,0.7035589163461367,0.5789922268575176,0.4859325602401927,0.5170134847359,0.6392598870800714,0.6001761939447918,0.7003403689099308,0.6730094928991056,0.6080130659058842,0.7713450134172781,0.0,0.5702429173931521,0.3508749978111325,0.6939434715313499,0.6149361026687331,0.6329076730316878,0.7143890142651066,0.543850353586863,0.3058942770074816,0.6521203354794691,0.607749561267223,0.6081877098896753,0.5398857536958264,0.561180725105411,0.5665296815041896,0.5817325302070881,0.5764236391636858,0.2704357581022889,0.5062446441692359,0.6934873492285003,0.7093798193673175,0.6588305588702756,0.5568350341495678,0.6885924355632179,0.6529289840554937,0.7076633406751547,0.25113151714681237,0.510395659352127,0.6390727224718142,0.29403089506285573,0.31387350981297835,0.2984610963341967,0.43709087935112223,0.5308411647116118,0.7292620278943125,0.5508297701754232,0.0,0.6833634058101017,0.5406951901615942,0.5502571517548667,0.5467596144960476,0.6535026808098272,0.5493870071398453,0.5104076746782585,1.0265752749333026,0.5410058279621176,1.0571975367581037,0.26224074456049673,0.5715023214132979,0.401353505523735,0.43135373530097354,0.568972884592186,0.2610539061570619,0.4725058307306317,0.36989563632974143,0.5405936192241121,0.506950025971129,0.4524092970479329,0.34491597750478864,0.4819800165659297,0.4041525406401548,0.3866747299802429,0.552326875178782,0.4327503978937881
0.5092667216879594,0.5054082962387811,0.502202477000355,0.43400567178828,0.36405373701139093,0.7329210218210429,0.4312287776027412,0.6865187405045299,0.6063300056308857,0.6254184988952016,0.5793481486544714,0.6251804082696856,0.5702429173931521,0.0,0.513480723332786,0.5619858487015781,0.4960631032128972,0.4778779022243169,0.5864531034209244,0.3832133154038023,0.48250571542747916,0.2722416713067892,0.6263759762817033,0.6687093671300457,0.4925566190226864,0.4941643579661701,0.6808817469487892,0.5666546542611524,0.386564324009866,0.818229188989422,0.5152860529448465,0.3956990691771237,0.2460556472159673,0.6619444760601114,0.32869836567703004,0.49454163333263645,0.3190437309051944,0.3945098386247997,0.6896810660132403,0.0,0.7082447825203009,0.8503457486083337,0.4823301946629845,0.47838902531656313,0.0,0.0,0.0,0.2673616016152328,0.0,0.4946373800233591,0.4471275644172039,0.41493271819614486,0.5586394332350937,0.4647671728859241,0.0,0.36757139500312136,0.4085181336051804,0.7509931006714763,0.42405751442136885,0.0,0.0,0.0,0.0,0.5717904371993013,0.0,0.0,0.0,0.582273009785596,0.0,0.0,0.0,0.45004661519040035,0.7518366386587803,0.0,0.0,0.0
0.35383151963881193,0.6693409959054231,0.3380516431390287,0.6024918204797578,0.4916927939787365,0.5870706389855698,0.44977847215561295,0.6849002165548455,0.6092858022963328,0.4814735830960832,0.0,0.40624290680236014,0.3508749978111325,0.513480723332786,0.0,0.382579109887026,0.44093293933763555,0.5123478598997243,0.0,0.7405399344925065,0.5400794891281013,0.7959857657685596,0.721847476905257,0.37276761056546787,0.4427329944003926,0.444381166447692,0.5789112938759198,0.21340959148294897,0.336950061327776,0.4692292144341408,0.35259872710427265,0.13986296134368106,0.4085378125102529,0.28961584980738975,0.2022461676655833,0.38185458912705705,0.4728009778794382,0.37691105935840374,-0.005642521431805658,0.43648613435641803,0.29635315872817497,0.1318618285970639,0.5113201520299565,0.6112171658454473,0.0,0.6295399839972167,0.5224337717648228,0.4786286148224785,0.0,0.0,0.386450981132482,0.7098784742562034,0.585141187407845,0.5548968500225647,0.0,0.0,0.6836650955007919,0.5987786732117486,0.4767574106348249,0.5718358516625599,0.6385958456387458,0.6262312824408145,0.6737941440753483,0.0,0.6343404468945137,0.323887573405238,0.5887665526432057,0.6107170699950646,0.46151765300221176,0.7096303803499168,0.4236572377485254,0.48467240019157104,0.8703118892120217,0.34728572002252356,0.5439644405280499,0.27991992381503655
0.4904196223515051,0.7527088063641644,0.4429399921196022,0.101322228155796,0.7496411532340178,0.8557109947396471,0.6623965913283915,0.7476161123618329,0.7608133419834904,0.5345227687575369,1.2804841925838564,0.6748491862245518,0.6939434715313499,0.5619858487015781,0.382579109887026,0.0,0.47682435895795483,0.6067311708516523,0.45605460623948535,0.5100970768252417,0.445232752422832,0.5419421005131253,0.5843103739496293,0.5073325334672669,0.694143753967311,0.5379909678964845,0.6750301417991335,0.6391363699857946,0.7538534333194034,0.6932068276000553,0.360956840086616,0.43284413874804584,0.376748757829384,0.3700465768232195,0.35849861066771527,0.6414059395449725,0.3872921033059633,0.669856608499707,0.2980199689450437,0.5849980316738397,0.6261670123325762,0.5095267930352751,0.4661464848448298,0.0,0.0,0.40902422468528254,0.6752710864975462,0.0,0.0,0.0,0.6993280355791769,0.60113998384663,0.8197625545890153,0.0,0.8173631704755449,0.0,0.8909435315489026,0.6342418898102016,0.0,0.3379099242320876,0.7401159374444684,0.849546042940265,0.6733486111034945,0.0,0.5815090632940703,0.43049858691178855,0.4656716362661128,0.35192142510171875,0.4326260476744767,0.7091142186351396,0.5356051498760568,0.5346581802881074,0.6284120089830043,0.6164771348911027,0.0,0.4707109637010265
0.448602032099703,0.5974792233042718,0.6252305522852459,0.5598826458496581,0.4683438813578671,0.5689411097995138,0.5770427932609314,0.5128665195703184,0.4518273689786828,0.7299185770441449,0.5932981784387763,0.8437540205352283,0.6149361026687331,0.4960631032128972,0.44093293933763555,0.47682435895795483,0.0,0.632943809719519,0.6982324635424406,0.610994746595906,0.5436604926686397,0.7559014731513509,0.5355174146873992,0.7278485946655551,0.8282560450303695,0.7367232513813599,0.6499641239080588,0.7879594941631323,0.516892533520126,0.5000157213188909,0.5532738903329919,0.4484494285301687,0.7699401293265837,0.6834766413511926,0.46169590016370426,1.0879354537563044,0.25008259162039936,0.532257553493916,0.5111297454819639,0.2661243334722776,0.49529233079622126,0.5448490022921646,0.0,0.0,0.7590411915250284,1.0461609434845487,0.5499037848943008,0.0,0.0,0.0,0.0,0.0,0.0,0.0,0.8424846626326044,0.0,0.7798476569749255,0.3148480661736879,0.0,0.7969536680808509,0.42975000901830385,0.8967695103944074,0.6985528001806257,0.0,0.0,0.0,0.5305965444789792,0.0,0.6841660757604724,0.9163224348290635,0.7793948896609851,0.0,0.06606884696784115,0.47967859856593575,0.0,0.8754097255281621
0.426198713914268,0.8541333058979991,0.5174022847268208,0.4666259094780466,0.34302071485946817,0.6368687020150595,0.45482154094596455,0.5772066105354725,0.37428945409792114,0.7017454326140025,0.719993559563213,0.8466682157710945,0.6329076730316878,0.4778779022243169,0.5123478598997243,0.6067311708516523,0.632943809719519,0.0,0.7265348829251337,0.7475880015971987,0.5370505050766596,0.7929190885174218,0.6215596931515674,0.5438123639814101,0.6654219344736487,0.5690038698040709,0.6525965613233264,0.5486472437531421,0.6652263504961684,0.38029626336363404,0.4826349976480081,0.45577995985432396,0.7553556872861131,0.7955662780122696,0.442941772933957,0.607135228683082,0.2568941278159911,0.5912450749136753,0.3762462169359593,0.6135912577167082,0.6531321544212568,0.6328729474191468,0.0,0.0,0.9518361310820267,0.45446194535954515,0.7886437518692064,0.0,0.0,0.0,0.6429659101436199,0.5611448006188862,0.8330401727211416,0.0,0.8695107783378437,0.0,0.8650178616345658,0.5287320836009501,0.0,0.6158400685034517,0.7062953069767175,0.8805083708617776,0.6225556362389254,0.0,0.3099397869194317,0.3020444410155325,0.5888804633362343,0.516676632978668,0.6202503952760019,0.6764803505683921,0.638313805030126,0.49949456108787293,0.6601738059312066,0.5570816316782674,0.0,0.7750768743786414
0.0,0.6418797181236571,0.2917718247860932,0.5864881872937591,0.5953094862807069,0.8583661283661933,0.6918744449755883,0.5652473104436369,0.416206926475426,0.7875024565878919,0.5253320562873587,0.7949273781173851,0.7143890142651066,0.5864531034209244,0.0,0.45605460623948535,0.6982324635424406,0.7265348829251337,0.0,0.555903230509909,0.44274662754830174,0.6888010996225233,0.42473873393455674,0.7239805917755425,0.892593811828448,0.6751924915838627,0.5985851685332229,0.7755724202638616,1.0338994076247836,0.6185654342321143,0.7045391502201894,0.699573993994773,0.7510438791021425,0.7610341048017166,0.6473004795043689,0.6673892312891857,0.6869090037227981,0.678849020071512,0.38437289696342997,0.4047860510234821,0.4315746696067011,0.21595048713362575,0.5784629322981469,0.4214728030256514,0.4076708712808549,0.0,0.0,0.7269058711263834,0.0,0.5220560135460586,0.5163001410365523,0.5181687506820174,0.5304626277183726,0.5430516204036921,0.9276183361873596,0.6902172371017328,0.5594640090955305,0.4153641454087677,0.2907212592785989,0.0,0.0,0.0,0.0,0.522175484368729,0.4767888405502766,0.0,0.49542354755748486,0.5733355610728451,0.0,0.0,0.0,0.5791592919313726,0.36354576893485335,0.4708212481432918,0.46873197465386396,0.5751901924541449
0.4865347222751689,0.8535260310822435,0.39169872784243903,0.08614496123355475,0.5763313580787619,0.9067406244505992,0.4669144664619286,0.5631298677076264,0.7940925296125576,0.6899147339745078,0.45628148590433415,0.5480580047656626,0.543850353586863,0.3832133154038023,0.7405399344925065,0.5100970768252417,0.610994746595906,0.7475880015971987,0.555903230509909,0.0,0.5592304925399434,0.7854812528526228,0.6785448869626051,0.3973647788607595,0.8465148735889216,0.5194419556364276,0.7005347060914148,0.5282655391352319,0.8533064248540246,0.5855547292149323,0.4662334256064036,0.28990081487829467,0.4753495825796003,0.405453748757271,0.35395096056911685,0.596554523458726,0.3767816607520054,0.8164241253624474,-0.017323184458614194,0.48895565193235224,0.4107537297039378,0.2651347253912004,0.5347997000080675,0.23917386552230258,0.21228846969413506,0.5189946000292145,0.764516770460872,0.49084144549792774,0.0,0.0,0.38568005845426484,0.5149780893633005,0.6436343318510392,0.4433566758523017,0.9394713960942855,0.0,0.5841355122269305,0.483223205811296,0.0,0.43973189978945676,0.6136383680843103,0.4665421347025968,0.6752122540459626,0.0,0.3319833900270243,0.4150274313257327,0.5251780189861895,0.3885400565094195,0.0,0.744687615565194,0.6139786539873806,0.3343191312780447,0.41457923951206294,0.3753006258276377,0.4780370004018041,0.3025062701392973
0.25986470060193056,0.5541071464721905,0.6035158303310748,0.40853335120575596,0.5035090716008834,0.5932539559057732,0.25570458491791503,0.5702704757222758,0.44903156866924565,0.6669240066956035,0.545414863896517,0.1654897668766181,0.3058942770074816,0.48250571542747916,0.5400794891281013,0.445232752422832,0.5436604926686397,0.5370505050766596,0.44274662754830174,0.5592304925399434,0.0,0.47070129355704077,0.6562283695621127,0.3219284881397035,0.4928757792254065,0.5287816644463111,0.5303360645524602,0.24193402946894838,0.32327070410360814,0.11711012344269969,0.35133690357712544,0.14179288098566556,0.3676626789790605,0.22321663840283226,0.2667815588772997,0.5148810763310598,0.34459927459166273,0.5572411399695063,0.022890242668480998,0.4590329772868722,0.23407491291835159,0.07040820963388889,0.5676398525689028,0.0,0.0,0.295523414461864,0.38533450002507247,0.6553448043590695,0.0,0.0,0.6220157483709892,0.43930313364313506,0.8434416011533123,0.5390539505253317,0.6070210435397567,0.0,0.7479734173930083,0.6891095479504178,0.0,0.3847700836186295,0.5508433008307623,0.0,0.7598126365144888,0.0,0.37352429224223266,0.6468806867983214,0.4366910802370418,0.7564262322424153,0.8256953518431431,0.38687986705558897,0.39603166452345817,0.572726648925043,0.7405927521715026,0.6939709640226632,0.45016981958076874,0.2792692753910748
0.5408946708383173,1.0146318657672895,0.5859737688903792,0.5357600582850918,0.8418429884593965,0.7651999997086386,0.6776273817127566,0.5228182870963385,0.8322239077990964,0.6340049381515407,0.38695363813565753,0.3793139543327116,0.6521203354794691,0.2722416713067892,0.7959857657685596,0.5419421005131253,0.7559014731513509,0.7929190885174218,0.6888010996225233,0.7854812528526228,0.47070129355704077,0.0,0.806112521971456,0.3320994259661533,0.9556111648462664,0.818438345396352,0.6981483284654986,0.3893893815870877,0.7300286666424267,0.6126186147994864,0.5448350077847581,0.4212137075777891,0.45559386161432175,0.4573916152366001,0.39398598240720134,0.47455173888112345,0.8496252863566571,0.6096357976485739,0.11705428240783419,0.5749610618711247,0.4765761102238279,0.33631406312995415,0.5303232219101227,0.3599536320362642,0.24977764866982638,0.5894823162844607,0.66441961586803,0.5849875009101573,0.4776038601464956,0.2442841421384377,0.7133338726729528,0.68429065806182,0.6151404945723213,0.66306390767439,0.8452377839580311,0.0,0.5444562525940699,0.7578404306670632,0.0,0.502158851590656,0.6650260835186066,0.7203598473578237,0.814531252324693,0.0,0.4520040351606047,0.42945315373367765,0.5768995491855115,0.5319953126341941,0.7468654815159141,0.7572949063314883,0.5131148745789744,0.5591359434139827,0.6179627352456382,0.5075630571228892,0.5582130754820501,0.5399135374938363
0.4172222503659233,0.6605079292267689,0.2597676155069669,0.5777322868612038,0.49100886725287396,0.6588253753968147,0.5575108707570673,0.6912718596290637,0.6937614839146693,0.48828294569160935,0.6715276144547494,0.22919881225271602,0.607749561267223,0.6263759762817033,0.721847476905257,0.5843103739496293,0.5355174146873992,0.6215596931515674,0.42473873393455674,0.6785448869626051,0.6562283695621127,0.806112521971456,0.0,0.3343985743411018,0.5099025601208947,0.3743059988307057,0.6942872980605498,0.5072001417071694,0.599984278025359,0.501388258263049,0.5993312798887885,0.5109731408021783,0.4291007700993062,0.5301351750542722,0.4785970549773423,0.5226334824459302,0.6651560510457923,0.3382580057590979,0.346876523619881,0.5929729827284713,0.32148851061656947,0.25545484054161405,0.6206636306268317,0.2590915007098829,0.5636355780418097,0.5332988063735264,0.6314282455654212,0.7427539272133886,0.45561079892876355,0.6678006758142507,0.5457844440847847,0.5932618362028509,0.6553326445883492,0.6915632624776293,0.6346669733667213,0.7029389157739276,0.4243728994016135,0.5198830649412435,0.6411903321966388,0.4652053420175574,0.6853608888769303,0.4722800314922134,0.5631373194841608,0.6753498890475969,0.39955885637722277,0.6777610519095818,0.48922465227351547,0.7301637480356029,0.2319764965027219,0.5186328840308058,0.4715615060440706,0.48388465309209855,0.5097499402509306,0.5350295372280142,0.4685871864220467,0.42718727578352544
0.4155446681525683,0.6158944875550112,0.3106928870243129,0.24134000156188445,0.6357864709846539,0.20392037143000238,0.6379661286210712,0.3526701319323766,0.5722647309769253,0.6919295609199562,0.6692663659984254,0.5938769888791053,0.6081877098896753,0.6687093671300457,0.37276761056546787,0.5073325334672669,0.7278485946655551,0.5438123639814101,0.7239805917755425,0.3973647788607595,0.3219284881397035,0.3320994259661533,0.3343985743411018,0.0,0.5618804552544845,0.3771600431340527,0.19588302917540856,0.630244781911403,0.2950460860687431,0.8127989120478775,0.6642768165501699,0.36918044621759655,0.7726482988641499,0.36714912459476834,0.37855743992318347,0.4670529409777212,0.5185285851145596,0.3817820727249839,0.27088413578477955,0.5085809405443831,0.44715064238856583,-0.12196760128035783,0.5993868384577197,0.3456125183267569,0.6241893278199934,0.3447836302043775,0.4945051425321018,0.0,0.0,0.4669718441862971,0.5787570104358531,0.2972904560199605,0.0,0.020540119094240146,0.6341258253961207,0.5403039032576892,0.6637379038709262,0.56597788463075,0.0,0.2350448008555696,0.25707508784994826,0.741872249771796,0.6277064753148767,0.47015368287619724,0.340239714770464,0.4583388569410528,0.0448266539292138,0.8265469237282743,0.334868065669247,0.6780226873852131,0.5901978949693991,0.5348770129903816,0.7470330319474742,0.6070657326581128,0.0,0.4558300599556375
0.47970279368200175,0.8649209324169622,0.42980239734391645,0.8764389982740013,0.3805484164683497,0.5030144496705015,0.3910459076014492,0.5568009323288603,0.414338515679205,0.7258115827456628,0.6017688040592208,0.7943625444877431,0.5398857536958264,0.4925566190226864,0.4427329944003926,0.694143753967311,0.8282560450303695,0.6654219344736487,0.892593811828448,0.8465148735889216,0.4928757792254065,0.9556111648462664,0.5099025601208947,0.5618804552544845,0.0,0.5521855097634023,0.5219028042562339,0.5252306807545493,0.5259996638726783,0.4361348340913601,0.6893203116484687,0.23935194060651635,0.7604065319938503,0.6232585089011354,0.48346836080655164,0.5364994747683305,0.5892271283654985,0.730395753032596,0.4662658046245918,0.6414143205723224,0.6719611836681691,0.6647951084585975,0.09847440690308668,0.0,0.5264257091151241,0.5073290503091819,0.8684459291692312,0.0,0.0,0.0,0.6908292043099262,0.5463411484278224,0.7004622947407365,0.40831714711447903,0.7969936776635526,0.47035924189156963,0.8487625719587878,0.6174729621609558,0.0,0.41882533945733474,0.7601243081107762,0.8083699323583484,0.6232884763611931,0.0,0.6685575576381548,0.4553750917045444,0.6948294599186222,0.4309746809008843,0.5096656323593697,0.6772907703414148,0.5867839982296914,0.5939040534233518,0.8835601521989018,0.5095480873954193,0.0,0.6603001898922893
0.6586889618830639,0.6686655155830703,0.2648037341467595,0.615116855211431,0.40332369749210994,0.43142220486993343,0.4167528428048442,0.415738687996296,0.35475152504153884,0.5372389186472782,0.5200075676663636,0.4762591257858969,0.561180725105411,0.4941643579661701,0.444381166447692,0.5379909678964845,0.7367232513813599,0.5690038698040709,0.6751924915838627,0.5194419556364276,0.5287816644463111,0.818438345396352,0.3743059988307057,0.3771600431340527,0.5521855097634023,0.0,0.5105079192882479,0.5824661827389181,0.5496469330017475,0.2899760797152321,0.48581787416614597,0.3803912133322127,0.5921355812575302,0.4624938881411577,0.3949090320269255,0.053501083438562136,0.5112483524949392,0.6753175143799572,0.22093773597070337,0.6023019232439243,0.7128719571993687,0.42934128575238373,0.20223885444737422,0.546721577763285,0.8414897259865792,0.3897246192345517,0.6656589599959861,0.6686025320493334,0.0,0.0028182375127126236,0.6760677052250492,0.5954679125385518,0.5459443849853709,0.40128837596619193,0.7991010577397246,0.0,0.8835127950977197,0.7531625928194119,0.0,0.36076215774733356,0.7130215958175805,0.7729256876601214,0.556919521867064,0.0,0.553895863378342,0.4458170333812004,0.6274848361610662,0.4677539951121183,0.39658628540207547,0.6421795871324134,0.502819054445949,0.645431511180514,0.8500642247058494,0.6914144986536396,0.48131906795776713,0.6143127275866225
0.34917741036850064,0.7729742364230303,0.730536565846123,0.5991157685213881,0.5881385329552433,0.6633056797197943,0.4932901513054643,0.6654912351482063,0.6241436981986388,0.51474998197434,0.5588308126096992,0.4451314950775917,0.5665296815041896,0.6808817469487892,0.5789112938759198,0.6750301417991335,0.6499641239080588,0.6525965613233264,0.5985851685332229,0.7005347060914148,0.5303360645524602,0.6981483284654986,0.6942872980605498,0.19588302917540856,0.5219028042562339,0.5105079192882479,0.0,0.5601062819628607,0.9270076092676797,0.5560765680822708,0.5259089003018645,0.39970653574401294,0.44843429070982865,0.42400536799798294,0.3770461036484174,0.4075647484891753,0.6958836395650835,0.46761055657449685,0.12442402177903433,0.3280138173025493,0.152663503581671,0.2247301418195387,0.6868395467879838,0.2561110415258208,0.4039905501793337,0.2940851901714957,0.4964694958397031,0.6165529839809214,0.47265263237288513,0.6339070948256205,0.5241024016770561,0.5947619771856523,0.5813294010389116,0.6428226298350488,0.7046678227030087,0.6422259370559482,0.3553722223702991,0.5381007136664349,0.7278095123368122,0.28485973448633983,0.5369247287000215,0.0,0.20738970379443744,0.5870074755153392,0.2578302634589086,0.4174990425581757,0.44155451175958904,0.5094630398366373,0.0,0.531944871998265,0.48259181088372616,0.4858134189853924,0.5007005170444403,0.35489185178596616,0.35622442415021466,0.27647787354468334
0.3696093900283716,0.5379895179252188,0.6823659112424563,0.38048897245415136,0.3673238140156142,0.6647948003258936,0.3719494687819478,0.5858055241412365,0.6703075086362409,0.6362761945332162,0.6357522088360806,0.7485451014257603,0.5817325302070881,0.5666546542611524,0.21340959148294897,0.6391363699857946,0.7879594941631323,0.5486472437531421,0.7755724202638616,0.5282655391352319,0.24193402946894838,0.3893893815870877,0.5072001417071694,0.630244781911403,0.5252306807545493,0.5824661827389181,0.5601062819628607,0.0,0.6832572930901575,0.48696827614689264,0.5317823554152286,0.7495473010846557,0.8025525947122074,0.4991774935746295,0.6328962827985427,0.6537223988391212,0.5242253832204431,0.6890066828068646,0.1716976910227052,0.32482081518854816,0.15461548733147867,0.25429389777565736,0.267970323833792,0.3595966176188808,0.9201535014799253,0.615908703528191,0.625238643160023,0.5620174086585363,0.0,0.6846051323546888,0.5551370994275151,0.5697995003089987,0.5815644748069814,0.6029739568054597,0.5873732779522632,0.7709062553321759,0.9985366866635271,0.41111369195427583,0.34451087750969883,0.2608321240572097,0.4542360832280013,-0.26388093953118397,0.43190903241333467,0.627954667687063,0.35798461108378465,0.4126209046405641,0.27757034777854483,0.570035891277062,0.5418178183069016,0.5203196654061657,0.2949203221963294,0.5046859663430666,0.11110890927610506,0.382930063682975,0.5253484667437975,-0.11682620535296351
0.3742236309682947,0.6418233332144316,0.6207491380180518,0.4578089214517741,0.5985988820659822,0.8119453522480427,0.4839481487913698,0.6562258340100663,0.513176209546228,0.46633683367468726,0.39604734759912075,0.42012271616689467,0.5764236391636858,0.386564324009866,0.336950061327776,0.7538534333194034,0.516892533520126,0.6652263504961684,1.0338994076247836,0.8533064248540246,0.32327070410360814,0.7300286666424267,0.599984278025359,0.2950460860687431,0.5259996638726783,0.5496469330017475,0.9270076092676797,0.6832572930901575,0.0,0.4071360626004787,0.595974586384823,0.39885574048004113,0.65209784181513,0.5414025721274984,0.44918502300686514,0.5966749827131501,0.5433544079084155,0.4149276465744102,-0.050082940528238806,0.4034760877903954,0.1792600356906444,0.13532330808126544,0.2567839805553205,-0.1710234335399679,0.6383819944062772,0.47765995579979037,0.5994992987289438,0.4761305130745517,0.4563994388648933,0.46705025031891223,0.4518504010143235,0.5579214260493538,0.7920926879795075,0.40107705897490786,0.6259826139332438,0.4385678177371156,0.5669085864793006,0.4871673785947829,0.7652945130686064,0.28569468789232916,0.664656038333037,0.48111530289102145,0.4827779610890046,0.5084750654840842,0.25395137313693017,0.36988854008964034,0.4230395044137011,0.4879511107224705,0.4744771969311562,0.6703970973413905,0.540344473552947,0.411208975777555,0.5201282344656604,0.28989684000397997,0.30258796089102746,0.17587313252053016
