0.0,0.014894955207238991,-0.010522523801671235,0.0,0.0005345264031790253,0.036876461863990906,0.044148407922672495,0.020758086035451262,0.000457953876852768,0.02800479010532636,0.001066314549708236,-0.01251452306628753,0.0276142020560064,0.01475301598325296,0.011754681089057584,0.005916613078400579,0.03769730715396419,0.024131051910414425,0.0,0.014979942438063998,0.043205351777197365,0.01806718371300814,0.014633952729372124,0.008233435894749175,0.029060995727122396,-0.002998366124524976,0.011268557088428888,0.02571681516983071,0.028793371757114716,-0.014553626258559493,0.0301541538041889,0.018615146437772456,0.025920515589569315,0.023972281766788117,0.030778599123669592,0.02811151640082632,0.00027406180637756794,-0.01207821263233061,0.01807003922607109,-0.004369736809529401,0.017666607402453793,0.0016024475167739083,-2.1798307672515893e-05,0.0,-0.0014886703684611757,-0.01667598723549074,0.0029121191641115485,0.0,0.0,0.0,-0.0034984997651272276,1.1102230246251565e-16,-0.0027483044918084065,0.0,-0.006024568860841462,0.0,-0.015461119059500261,-0.0004823531545214421,0.0,0.0004492993034372894,0.00787008414960666,-0.002576726758344694,-0.0011270576245635544,0.0,-0.0031620500802196916,0.08511892963364853,0.031053465849266382,0.0011404446979871308,-0.01958468410918629,0.004545432305769592,-0.0055665648309170535,-0.002095103920235708,-0.00019466737037798776,-0.0027173188927869796,0.0,0.011452695731467177
0.014894955207238991,0.0,-0.0001214081708348358,-0.0001230675934058012,0.02636074092549784,0.025706361899382857,0.01935558530036524,-0.023392355006728927,0.01605538534922718,0.03253913396492558,-0.0003897576496377786,-0.0020164184172294375,0.01983066293464375,1.0888198359981782e-05,0.023515252111126983,-0.010164458765169915,0.006081362470242435,-0.006332012828317468,0.0012230002592467093,0.02183153189285758,0.03837736960800825,0.011341614666012467,0.030830525188337454,-0.004114478236940056,-0.006203563505426946,0.011847110088139878,0.019521344378353844,0.016098305845464622,0.011295781012109318,0.04580514113930306,0.009702213539652116,0.009725841081056674,0.00723411846334332,0.015067211585159501,0.015398420912133726,-0.0037757247389677007,-0.00023448463942810083,0.0,0.0231840980165417,0.035983342410548846,0.03138508049066946,0.029550216186973677,0.0011203955445416303,0.0,2.220446049250313e-16,0.006409930962491761,0.022635075700518204,-3.8945566220693895e-05,0.0,0.0,0.0187575982753595,0.0017720394951827867,0.020481654822979978,-4.816050979683517e-06,2.4119152610135863e-05,0.0,-0.0009059569826505576,0.01637250588475575,0.0,0.01154169580801484,0.01573348542309716,0.0014455207192408115,0.011996857362476188,0.0,0.015001389997770176,0.010525446452343545,0.025827079255895447,0.019705522774316864,-0.0014463143926644606,0.022254902130480925,0.0236118224946244,0.020113292303032104,-0.002578304128953268,0.008686028804284651,-1.1102230246251565e-16,0.026816065709116155
-0.010522523801671235,-0.0001214081708348358,0.0,0.0036007968432211768,0.00012132984444740424,0.01900316026014298,0.005370251807017723,-0.013406929265305512,0.021713533298663434,0.011457238874811038,0.022174123649254363,0.008206725826589045,0.009104947718845569,-0.008149615353575335,0.05078438100777133,1.556626990872889e-05,0.000361652717368377,-0.0023799165737504735,0.013285151719840127,-0.001119755498620978,0.041089777553456164,0.00022042976557884453,0.010958117059636563,-0.0018083020698466123,-0.00500495514225352,0.04586023598718131,0.009377896825548182,0.00959278568670946,0.03755919104893235,0.016887283834838396,0.01855812274895341,0.01690194491648067,0.006205798150144659,0.006410452580328019,-0.0019695001387093902,0.008421430013529463,0.0051824433976147,0.0001234136440899647,0.02999535231083794,4.464388463354396e-07,0.040246141113813305,0.002153302237945076,-0.016557519968535772,0.0019153361402561297,0.0,0.0,-0.0003618955347191033,0.1373828370537306,-4.8959581692153975e-06,0.014822354748076139,0.01591251565928209,0.028605976645624587,-0.005023471707936156,0.01496330833266335,0.00075348486780763,0.069305059675136,-0.0012650510722107544,0.039423497915747396,-0.015228594659663308,-0.0002665476223747687,0.0,0.0,0.0,0.18485517836218174,-5.12491908394308e-05,-8.279116467369008e-05,-0.0004979438418675763,0.0085708622833508,0.0,0.00016119822963162056,-0.0013536073821080463,0.008007295961278804,0.03109105530666345,0.09252785558509563,0.0012173344777918205,0.030427802984580143
0.0,-0.0001230675934058012,0.0036007968432211768,0.0,0.008045366828237699,-0.0043974310627644675,0.017886602953995856,-0.016442329093645625,-0.002523808224109969,-0.00025631759979011237,-0.03553663633133025,-0.005469028488376215,-0.0077377843870952145,0.01891279104741883,-0.0012125808467243204,-0.0003468999867781708,0.0005567104398456757,-2.2294670959766005e-05,-0.024060239645161186,0.000600880888997013,-8.182856160560137e-05,-0.0026359357834493946,0.0012406509433164348,-0.0009663811074723805,0.0006476796703101528,0.0013414966633975567,-0.0017621856033467331,0.003341033525050663,-0.0023930994425728214,0.0008029580228415267,0.10521069994467802,-0.021951645365736405,0.1332773498885491,0.027967551438502103,-0.0005431502871670602,0.01089275147880181,0.0059909438897648715,-0.007370379652900494,-0.006470547746863842,0.00017708324915954865,-6.262610603757768e-05,-0.001563821044519631,-0.001037828925859019,-0.0012018151009292044,0.0,0.0,0.0,-0.00043651532908001167,0.0,0.0,0.00016288724823831924,2.220446049250313e-16,5.102432324299855e-05,-0.0006168025633778718,5.551115123125783e-17,-0.0009097354501413357,-0.0004651760510298031,-0.00023940907267533396,0.0,0.0,0.0,0.0,0.0,0.0,0.0,0.0,4.4988106682575246e-05,0.0013968487023776621,0.0,0.0,0.0,0.002831512982834239,0.0014099160517154763,-0.00012906577546023534,0.0,0.0
0.0005345264031790253,0.02636074092549784,0.00012132984444740424,0.008045366828237699,0.0,0.006881571455234381,-0.011748376409390748,-0.040649915104702505,0.014439966550100436,-0.019893393010479155,0.004913743280659022,-0.0058899134897636984,-0.017799887281712,-0.006800842596072887,-0.00040437384670322096,-0.003244440093257861,-0.0013607381502039884,0.026111993169870562,-0.008414517957745449,-0.007513735614764372,-0.001261343643699453,-0.0008424356842052227,0.030339180494416973,0.0038636140929703133,-0.006988243709043995,0.031149038457615685,-0.004206163426628162,0.003594277659994538,0.03156976470442879,-0.0024658412621412773,0.012262579212824476,-0.030511007961777914,-0.02825321468109876,0.00540135845664419,-0.020477285160909908,-0.01302958001841889,-0.014252239138773881,-0.0036095662456470112,0.05091574817864197,0.0008144030796011226,-0.11671784202853541,0.0028985831297018705,-0.06098555564926883,0.0015211264726758267,-0.00019100153608025972,1.1102230246251565e-16,-0.0001016571357710383,-0.006493077802146696,0.0,0.004406062161238511,0.014216804604229916,0.008621747790198087,-0.0002864252454663485,-0.011651338127872668,5.551115123125783e-17,-0.0017860031314395064,0.0005131289328224597,0.030057715412536823,-0.03816144956185502,-0.00033503845192200954,-2.385047473457691e-05,0.0,-5.551115123125783e-17,-0.01870342988295809,0.000227633889188672,0.00014179776964617918,-0.0007413625064467966,0.016791114856141487,0.0,1.431336843515929e-05,0.000749042823838364,0.01046372964371578,0.033991894801285394,-0.0028627416932283656,1.1102230246251565e-16,0.04758959475301783
0.036876461863990906,0.025706361899382857,0.01900316026014298,-0.0043974310627644675,0.006881571455234381,0.0,0.006824885802223513,0.020840482704648444,0.013491300539903994,0.007954583025657491,0.015590517459383668,0.013871499403708965,0.013923787795716402,0.0015844915651265779,0.006774894005248888,0.024818172141405248,0.0166896122266052,0.009957794601024028,0.00759423228521755,0.025269794056413608,0.01752499741083202,0.018064219247912183,0.00665631239390424,0.041651202771969265,0.014542724083829783,0.029778258007721603,0.00204824833354611,0.004767306599272103,-0.008694266144627927,0.007285307214524361,0.012716516593029525,0.014245679900612984,0.022518405229794813,0.004849218384797793,0.01437320659277902,0.024820410504165502,0.0037162830583371,0.005796167614944447,0.029443076640643384,0.039557357142996685,0.03434541214653075,0.038202413644194744,0.04620118235495063,0.04195177721322341,-0.0019139870954532623,0.0014620811194021588,0.021189942963919406,0.008320175411982822,-0.00048767134030114345,0.03317210001885518,0.024103115111885676,0.026589205497682622,-0.0018310345393316996,0.0172788437317426,0.003682252285030274,0.022856747383550924,-0.0020640154059425875,0.020627935727130176,0.01740563768661857,0.023318158803018574,0.025733118969589686,0.0,0.042887892641670866,0.01768157188621089,0.024914103202953286,0.04651480045366435,0.028332416297621954,0.014048215592441515,9.612239351802776e-05,0.03274376632496284,0.02323257011388158,0.015476849464474474,0.019524977807133914,0.01906329455915773,0.018300686997615667,0.02783545304108115
0.044148407922672495,0.01935558530036524,0.005370251807017723,0.017886602953995856,-0.011748376409390748,0.006824885802223513,0.0,0.015164847846322993,0.0011520076118331501,-0.008784119627703424,-0.03171064108781718,0.000316184656947327,-0.024564949159335603,-0.01953566147959157,-0.0012832370209661104,0.0075954916479437085,0.011180353860030023,0.0029772163953993847,-0.015595906673631477,0.015736176710261895,0.02396767686996243,0.004364761218024482,0.02371187698045857,0.003247760057284832,0.01081918912815305,0.015494408112849412,0.009265134575391298,0.011742207255166004,0.019287438426750625,-0.0051830879471413405,-0.0024690717172981547,-0.012667533669779962,-0.01752171319000384,-0.0012222562966890949,-0.014627792364294345,-0.019460294404987255,-0.01797182895237387,-0.008522021840376648,0.0328913984227735,-0.040477261718684765,-0.04760550147409642,0.09640762621323995,0.05081687564271914,0.005183738973470076,-0.001194095835924447,0.0,0.015527947889989124,0.022021460276676286,0.0,0.042545011228688034,0.023949885719980135,0.040700577352089096,0.00886943849120847,0.033018719588904344,0.0002731773307113605,0.03144759355253912,0.0006709507793340452,0.029864902364505008,-0.0003671790543589015,-0.0006653455630762362,0.009378720862751266,0.0,5.0497421192008396e-05,0.0373327846289111,0.022862284486314666,0.0010517725529732291,0.0010570969581025214,0.018234039778149524,6.877854134912376e-05,0.013465358766632629,0.03400818324911442,0.019130493308853302,0.02901683698383084,0.019152155740914556,0.0006126339854456431,0.027218308740276087
0.020758086035451262,-0.023392355006728927,-0.013406929265305512,-0.016442329093645625,-0.040649915104702505,0.020840482704648444,0.015164847846322993,0.0,-0.0001314688671734121,0.01427044409343664,-0.025968751974926263,-0.0035552147877211393,0.01780888406679343,-0.014743346186413653,-0.00856103357160859,0.02365538258521671,-0.0005193754013196883,0.02038591947910917,-0.02223539057553031,0.030677166678597323,0.0028921066095372594,0.033238486388160904,0.024088691737327472,0.004481190176915284,0.016317161571289263,0.01336398720822568,0.017951494798163214,0.018534940890769125,0.0372654578585313,0.02091568447654124,0.01893814592656401,0.04126657137480322,0.039690221622984245,0.01304252390899091,0.02111731979254522,-0.006841461430707185,-0.005967119010452049,-0.0013154602060114207,0.003300437671016565,-0.001610143169099132,-0.011007869397722803,-0.0049563739785714045,-0.04568985712381812,-0.0014621665236305703,0.0,-0.000503906053148484,-0.0033959327752324797,-0.004830417964495903,0.0,-0.01005143309763179,-0.0026368212337150587,0.014060124941246699,-0.04950180597220649,-0.0007643382300426271,0.0005949519720663266,-0.017166661051041587,7.781886662661108e-05,0.0011863538961270348,-0.03471427721695891,-0.009418512382679378,0.04984076629140072,0.0,-0.00021316665693060788,-0.0015457014400838132,-0.00022452326214772445,0.0036381360633853665,-0.00438655465232568,-0.01639131139596256,-5.551115123125783e-17,0.029051189605291128,0.019979787405298044,-0.00891919205719871,0.0002285193819477893,-0.007033105955111196,0.0033729229100546987,0.003192885767009268
0.000457953876852768,0.01605538534922718,0.021713533298663434,-0.002523808224109969,0.014439966550100436,0.013491300539903994,0.0011520076118331501,-0.0001314688671734121,0.0,0.002309232430259045,0.01306335857906149,0.016759411651412037,0.0093173858811883,-0.015648445202046224,0.0014098232018822099,-0.003412327188721642,0.013026228922258465,0.029004085765695464,0.015591456950779403,-0.006088153812189523,0.02323304116986369,0.0003629494556012247,0.008332303577441413,0.004970722705866459,0.0430451060857191,0.052703471174737004,0.020732937937609275,0.011361140651184765,0.01984383934529743,0.01821165767805616,0.016336751867372934,0.0210872342698345,0.000996877612903957,0.010861874734097998,0.014461478905714698,0.01338837176554758,0.014484986790049115,0.004077808356771517,0.05052269718063929,0.0007473664189047713,0.017225983146125612,0.016712705860943977,0.0026116444936009064,0.1157468494355891,-0.001969872087694724,-5.551115123125783e-17,0.0011869619780573992,0.00833141272277238,2.352041261144411e-06,0.024276477607346525,0.022812115973943614,0.036212072932385486,0.00019734723394881915,0.004919287768874736,-0.0009686648918340035,0.0015417085517257512,-0.0010827539756126936,0.032417358053854706,-0.00011166328542444592,-0.0005248080962121926,0.00016374835197419113,0.0,0.0,-0.0028759032336438395,0.0003333012707815719,0.0016258952218505263,0.0005872610387257504,0.017810258514731614,-8.413872619583707e-05,-5.441680406448324e-06,-0.0022256995950175607,0.020826604869921495,0.042250033652608265,0.033620890446107776,0.00019003517374771572,0.039197169910915264
0.02800479010532636,0.03253913396492558,0.011457238874811038,-0.00025631759979011237,-0.019893393010479155,0.007954583025657491,-0.008784119627703424,0.01427044409343664,0.002309232430259045,0.0,-0.02521683413746456,0.011850483744060725,-0.009828170839824402,-0.020680824973990708,-0.0021101694212759536,0.013959197414610658,0.009262598538324507,0.001873523620095019,-0.01826788964293713,0.012841879009850954,0.016737664928970664,0.018382287790998597,0.013466337516144566,0.01918194271716306,-0.0027423324104106084,-0.005737461121071763,0.006878212032895681,0.0006278515073711022,-0.004307677676239963,-0.00039166794454764675,0.0012446951645880278,-0.01572346168720612,0.018427750184176195,0.01849995782029168,0.008675017309852595,-0.06018426271485966,-0.030755699386367408,0.018746121267329996,0.11630171518466409,-0.0045577220925925865,0.0433191065181584,0.10631901731036364,-0.006199904779367216,-0.00020401490484001084,-0.03622084715192814,-0.015929768119720578,-0.0006447385897097035,-0.0003651802981102792,1.3355216111399226e-05,0.00031818697466351464,0.01923199403684628,0.04663879490331385,2.758077372949641e-05,-0.0020877683175177797,0.00020557875577525975,0.0008901196057743421,-0.02184274468341768,0.03571413674620538,0.0,0.0009445929932996866,-0.0003058555591654577,0.024883195914129574,0.022457868436783712,-4.3899295210647615e-06,7.13252616708071e-05,0.0003792849624205119,-0.002064972866644421,0.019113894472473247,-0.004587913514323638,0.03227805901029707,0.009370245393642007,0.021743596984707902,0.04516109419127501,-0.0012504425125705043,-5.551115123125783e-17,0.03706625117796852
0.001066314549708236,-0.0003897576496377786,0.022174123649254363,-0.03553663633133025,0.004913743280659022,0.015590517459383668,-0.03171064108781718,-0.025968751974926263,0.01306335857906149,-0.02521683413746456,0.0,-0.011525820156965905,-0.023657576030059746,-0.010660831848510188,0.0,0.0001311265515704374,-0.011974233437939685,-0.0018324241926237494,-0.0016141825388340525,-5.280119626088764e-05,-0.00012082486566439288,0.00034066532171256325,0.036464536096205036,-0.004959693571032653,-0.0020145612364537713,0.007626233514923586,0.01542929652014019,-0.017008595013889793,-0.0031842507749623716,0.0004017056716054124,-0.004835992562177538,0.01921779722903244,-0.020079627500299402,-0.002146545371844777,-0.004918199210320107,-0.01785943487705338,-0.012343161002901337,-0.02518264247451929,0.05793855541207382,-0.03194778463334419,-0.042136184227857476,-0.022769891295514932,-0.0438665904536355,-0.00047100568677194143,-0.00055984030445555,0.0,1.1102230246251565e-16,0.05058234265900036,4.5544409738029756e-07,0.00036749888764692207,0.011442016038291869,0.01384291594271514,0.004910750923488139,0.0319190815460248,1.6179027163498727e-05,0.028268203996261065,-1.1129445747437572e-05,0.04878340442796869,-0.03073773227146076,5.551115123125783e-17,0.0,0.0,0.0,0.024653448520967347,-0.0005647118473883217,0.0,-5.78008586759049e-05,0.006380239207556038,5.551115123125783e-17,0.0,6.651900104620578e-05,0.008245926318886543,0.03767683594860882,-0.00137100794710604,0.0,0.028221964290488732
-0.01251452306628753,-0.0020164184172294375,0.008206725826589045,-0.005469028488376215,-0.0058899134897636984,0.013871499403708965,0.000316184656947327,-0.0035552147877211393,0.016759411651412037,0.011850483744060725,-0.011525820156965905,0.0,0.0023647978938075576,0.0037403842986297176,-0.00036108779845966943,0.00010809456515270544,0.005712412786793519,0.017634005645365047,0.00732724108529359,0.002628168535598885,-0.001264036799426771,0.0006414214199579327,0.015359143485893512,-0.00023144626269927526,-0.007488408692789439,-0.018453748840086603,0.021217634440998667,0.031779970237259925,0.0036310212812329934,-0.0011016990765901347,0.016387369294184995,-0.013771263923208543,0.010013460377169658,-0.007230283713247632,-0.013049654101312758,-0.009069733845409877,-0.00013922594351617468,-0.01913349016127211,-0.026539117697150616,0.02010509871057936,0.02302035969037247,-0.0014907088480427544,-0.0017794750444860563,0.0014098124442015192,0.0004696249878274328,-0.003169916618241897,0.0014715706823537067,-0.00034083048384536685,-0.000717900256073406,0.0001836101429937842,-0.0009415910604474442,0.03933022055376567,-0.0005668728084035068,1.1203982037966131e-05,0.003575035868849663,-0.0007433874735822688,-0.011203054880681518,0.038263597296683716,0.0002146425555538123,9.788382170494714e-05,0.0014917080865156085,0.019542448159838854,0.016430320898419504,-0.0005975616089244351,0.0003370408575173456,0.0016181662521953522,-0.0005528818970967908,0.0028219837854144836,0.0008239747169203615,0.021364203789984215,-0.0013548075502729517,0.0001235129675725699,0.0468045106350814,0.0007774146006132576,0.0,0.0323413928543651
0.0276142020560064,0.01983066293464375,0.009104947718845569,-0.0077377843870952145,-0.017799887281712,0.013923787795716402,-0.024564949159335603,0.01780888406679343,0.0093173858811883,-0.009828170839824402,-0.023657576030059746,0.0023647978938075576,0.0,-0.01421539352514506,0.013951060715355179,0.007258626875256968,-0.005647427375313596,0.00013073740229319064,-0.002433802976258448,0.013532052212310464,0.01646774487443864,0.007508812100065876,0.01656667461049327,-0.004521722624049651,0.008619396651516897,0.00623148268748186,0.007640851823624395,0.0032643354076223874,0.015701253637751877,4.2397290368034746e-05,-0.012295217137994086,-0.01280453528853509,-0.014014169617218297,-0.0007276330355257543,0.01137208217347424,-0.019042350253677565,-0.014063294560109907,-0.0032717073018780907,0.054284364095654125,-0.025603356504305452,-0.020586757459596483,-0.03536232266251754,0.04872953341205838,-0.0038741206506500703,-0.036958305096988164,0.0006937977593898803,0.02298200769960934,0.009612347495329354,0.0,0.03154809051455687,0.02391474085077472,0.03870867290510205,0.0035169380097910263,0.02996084692287837,0.0006076956387190968,0.04621335618061995,0.024242314957294675,0.03413619541013724,0.011117702820180653,0.01303357469383537,0.017160521576251253,-0.00024188886753806482,0.015513037422774156,0.021683365712763192,0.012271509239504153,0.028854620580632706,0.02575180514378328,0.013563249144308842,-0.0007856472468903974,0.01618971066274205,0.024610124133293387,0.013972738927249151,0.030622943605485675,0.00971155459886558,0.023607021481240054,0.029952116030718956
0.01475301598325296,1.0888198359981782e-05,-0.008149615353575335,0.01891279104741883,-0.006800842596072887,0.0015844915651265779,-0.01953566147959157,-0.014743346186413653,-0.015648445202046224,-0.020680824973990708,-0.010660831848510188,0.0037403842986297176,-0.01421539352514506,0.0,-0.0006047454608296698,-0.00033569554006157576,-6.119846342006463e-05,0.00010736223788149202,-0.023896869020195166,-0.0006143080025302616,0.015207214764843269,-0.0005800920616134131,0.018753606942986667,0.003293208351982768,-0.0003727704766235407,0.017932869474510282,0.003480100336638259,0.009200889011285796,-0.0006027596753626074,6.319425447032234e-05,-0.008771200836211412,-0.05338649506194554,-0.004653152429756113,-0.02217856377975308,0.00030281148408362046,0.0018132933425599462,0.01395861740128665,0.0003551452479519379,0.005645666151710194,0.0,0.0005472102761778785,0.0009446033229473794,-0.04059621835581384,-1.3109952683443282e-06,0.0,0.0,0.0,-0.030845272177732252,0.0,-0.04423262329740224,-0.08644555785726143,0.016757385369008615,-0.07410014718873431,-0.030001414002281124,0.0,-0.04339167818971812,-0.00019457662174071633,-0.0027302486860088515,-0.048266114214057965,1.1102230246251565e-16,0.0,0.0,0.0,-0.011571321632391718,0.0,-1.1102230246251565e-16,0.0,-0.04969737635180732,0.0,0.0,5.551115123125783e-17,0.0008093946641388738,0.001721091236305483,1.1102230246251565e-16,0.0,5.551115123125783e-17
0.011754681089057584,0.023515252111126983,0.05078438100777133,-0.0012125808467243204,-0.00040437384670322096,0.006774894005248888,-0.0012832370209661104,-0.00856103357160859,0.0014098232018822099,-0.0021101694212759536,0.0,-0.00036108779845966943,0.013951060715355179,-0.0006047454608296698,0.0,0.019912027942789845,-0.0029707272792762196,0.02674852336828426,-1.1102230246251565e-16,-0.027590721859638734,-0.021648634473031614,0.0504338465841046,0.0033636291130068052,0.00864971600190062,0.04647539674953938,0.0032745799818426624,0.025054277470432096,0.009299756111851298,0.013371286622874512,-0.003431728749629881,0.026937104657284328,0.02208667976067924,0.02677852812088377,0.029933711752948344,0.028653984980204827,-0.00515249484056246,-0.0023005787100248143,7.228555674099191e-05,-0.006783718865353894,0.0011721656772369915,-0.0018005908641126611,-0.0005301263979712312,0.04631721069837619,0.0001686038500411935,0.0,-0.002486901994178836,0.009260248313651076,0.0001690442016490934,0.0,0.0,0.010769715159475834,0.0023273630397497302,0.030593178023954004,0.0005780100404512711,-5.551115123125783e-17,0.0,0.0009352546952149932,0.02084994935939699,-7.465893555158587e-06,-0.014493973559998985,0.015584875045311974,0.00046993610204770775,0.025092807689393926,0.0,-0.08724749612055183,-0.004773139959026951,-0.005464623455028017,0.012582540972399914,-0.00011126505952024912,0.02307925782466974,0.010473315698181107,0.0012437934051129917,0.01925134950954016,0.017639993079358818,-0.007382275665048732,-0.0043535485914429906
0.005916613078400579,-0.010164458765169915,1.556626990872889e-05,-0.0003468999867781708,-0.003244440093257861,0.024818172141405248,0.0075954916479437085,0.02365538258521671,-0.003412327188721642,0.013959197414610658,0.0001311265515704374,0.00010809456515270544,0.007258626875256968,-0.00033569554006157576,0.019912027942789845,0.0,-0.0019041738104312311,-0.0010028495197593745,-0.00014205344458445568,-0.013164619546308431,0.02750363024855268,-0.015328376662060106,0.025652957542459,0.026234871426163653,0.005140410302977572,0.002801457723133227,0.012913420655403296,-0.002597623549223771,-0.001981629829630016,-0.023012907056298493,-0.006051895646254191,0.003952535295673576,0.0016504366858016706,-0.0010687556190745462,-0.017796351072859762,0.0019798421062323657,-0.00010513998528932644,0.0019044893514695294,0.022196431810166006,0.019380453639992357,0.019040968666612423,0.02684830713762798,9.7349555601145e-06,0.0,0.0,-0.0020434308637669596,0.015040464435271739,0.0,0.0,0.0,0.005675482562849887,0.0005640286140528028,5.0871579502120845e-05,0.0,-0.0010681662097999922,0.0,-0.0011234804621715333,0.0007610383883164262,0.0,0.0006099505817560025,0.006723203286649826,0.0007973680734797983,0.003325655784139847,0.0,0.005654787149040497,0.00837757052090815,0.019038854753335666,-0.0032392126141453925,-0.002494243505261673,0.017906176753014424,0.009031639970324357,0.015065200414193458,-0.020523168413536852,-0.0024231397740678284,-1.1102230246251565e-16,0.0210321922149041
0.03769730715396419,0.006081362470242435,0.000361652717368377,0.0005567104398456757,-0.0013607381502039884,0.0166896122266052,0.011180353860030023,-0.0005193754013196883,0.013026228922258465,0.009262598538324507,-0.011974233437939685,0.005712412786793519,-0.005647427375313596,-6.119846342006463e-05,-0.0029707272792762196,-0.0019041738104312311,0.0,0.01651179419298099,-0.024528021253413135,0.026585925175223957,0.04053537535598145,0.01645456698864084,-6.22200131279449e-05,0.0175495577186196,-0.0370199036305881,0.009592017587235824,-0.0008698860586997537,0.009707616326193547,0.023815224721797812,-0.0023205161862640544,0.005198009001499304,-0.010062431014836504,-0.0022614883860457846,0.01175573110254774,0.0026805238806646425,-0.002423423810663239,-0.0003646319665587261,0.012530468370861025,0.007595893080820482,0.04535228471762881,0.02026541918211988,0.01988536868567614,-5.551115123125783e-17,0.0,0.061620740760764015,-0.001838510298049656,-0.00021912386190348077,0.0,0.0,0.0,0.0,0.0,0.0,0.0,0.0009321333137775056,0.0,-0.007821385934750513,0.03759388352731158,0.0,5.378019669333156e-05,0.011367289739888264,0.011560532629016518,0.024932030103302694,0.0,1.1102230246251565e-16,0.0,0.0005058953985242476,0.0,-0.0007996777148711054,0.028422482046900344,0.013892811164246233,0.0,-0.0010400433472732562,5.866837572798822e-05,0.0,0.021920264709940573
0.024131051910414425,-0.006332012828317468,-0.0023799165737504735,-2.2294670959766005e-05,0.026111993169870562,0.009957794601024028,0.0029772163953993847,0.02038591947910917,0.029004085765695464,0.001873523620095019,-0.0018324241926237494,0.017634005645365047,0.00013073740229319064,0.00010736223788149202,0.02674852336828426,-0.0010028495197593745,0.01651179419298099,0.0,-0.002488151705654529,0.012566950663550291,0.04677235342398134,-0.00437126132477883,0.023465615198007994,0.024328994519057623,-0.006577680600823588,0.012798569099685464,0.014618972121145546,0.004800681607218249,0.004728780859492299,0.011316977345766421,0.006258364330585353,-0.0015991281810979197,0.0024034864422501356,0.014812678636240528,-0.0056793697198918025,0.0005164390070707126,-0.00024882658210706454,0.04003074435300352,0.013623396527655318,0.03278852440412783,0.0169215443083498,0.023321190622256516,0.0,0.0,0.007424385342990891,0.004117658433289484,0.018478140346440464,0.0,0.0,0.0,0.0003119814561118872,0.0002678625960024217,0.000149192575337187,0.0,0.0058203379118415,0.0,-0.003621322984723341,8.794982682713837e-05,0.0,-0.010207185289829335,0.009967477193418395,-0.006238359647316005,0.0026771528095709263,0.0,0.010806180204789628,0.00023121916573826118,0.016520152914843045,0.0010484636960315652,0.0017384676527941734,0.013240278076003642,0.00911473715091049,0.0014997866622061262,0.0007721901992151503,0.0029335671101793914,0.0,0.02759077635796059
0.0,0.0012230002592467093,0.013285151719840127,-0.024060239645161186,-0.008414517957745449,0.00759423228521755,-0.015595906673631477,-0.02223539057553031,0.015591456950779403,-0.01826788964293713,-0.0016141825388340525,0.00732724108529359,-0.002433802976258448,-0.023896869020195166,-1.1102230246251565e-16,-0.00014205344458445568,-0.024528021253413135,-0.002488151705654529,0.0,0.0003620448647218,-0.0003428782797476049,0.0013782133655925732,0.008394356215388588,-0.00026623454518925893,-0.0008574194033020843,0.008207826919630568,-0.0001371322984449197,0.002330540710334228,-0.0010178980090910228,0.00026703889432661,0.016569405580288854,0.02353895363331565,-0.012799768385811039,0.01093078441148354,0.005722449271352181,-0.014842757629002112,0.001919815415895365,-0.006916132892285598,0.03676086411650825,-8.045116391358631e-05,-0.036718455356346325,-0.0018338741954481708,-0.02820516841401388,-0.0015336533757941972,-0.0001628778513578233,0.0,0.0,0.05738057330523533,-5.551115123125783e-17,0.013224662464486947,0.02183096415462593,0.014470682074327001,-0.009563006513414796,-0.0015122937799940672,3.4316207927154174e-05,0.03573311304748927,0.0007790028063724974,0.03835387464402418,-0.0342295854268424,2.220446049250313e-16,0.0,0.0,0.0,0.007399645613435757,5.05021041303233e-05,0.0,0.00011238151809833674,0.008946073743800076,0.0,0.0,-5.551115123125783e-17,0.008235388965947665,0.016761517306219553,-0.002103566939823942,0.00017410894600833338,0.024706987818833626
0.014979942438063998,0.02183153189285758,-0.001119755498620978,0.000600880888997013,-0.007513735614764372,0.025269794056413608,0.015736176710261895,0.030677166678597323,-0.006088153812189523,0.012841879009850954,-5.280119626088764e-05,0.002628168535598885,0.013532052212310464,-0.0006143080025302616,-0.027590721859638734,-0.013164619546308431,0.026585925175223957,0.012566950663550291,0.0003620448647218,0.0,0.013720537649203557,0.01810352666713627,-0.022482408356595263,0.002317341866645284,0.021693417376576707,0.012644824135743582,0.02857908713566265,0.016746743214576698,0.03950042734228909,0.03243815438321407,0.01662100292656804,0.020088590207818613,0.00563279517084142,0.01611696217983305,0.016559705389202373,0.03854499054337501,0.00027282827893387873,-0.06984428350727656,0.013138337205258421,0.012742719548060721,0.011108865902673348,0.013602052868749104,0.04506776561828019,-0.000824953595854161,-0.0004617635365876116,-0.00019897211334901632,0.022651358300036117,-9.479969082787365e-05,0.0,0.0,0.023313873097173088,0.001458619479119183,0.002315062374146748,-0.0012194918553783962,0.0007870253999633925,1.1102230246251565e-16,0.0010957935446941347,0.013523209258565205,-1.1102230246251565e-16,0.006642271603181149,0.015407165855975402,-1.548621331620703e-05,-0.007889227778431929,0.0,-0.005571286451779511,0.005286880799223903,0.011733347854112008,0.01614146296937813,0.0,0.03364146742654461,0.03281328219786739,0.018119918036513916,0.01464960631640344,0.018608275821684284,0.02636594736806286,0.012153733857744431
0.043205351777197365,0.03837736960800825,0.041089777553456164,-8.182856160560137e-05,-0.001261343643699453,0.01752499741083202,0.02396767686996243,0.0028921066095372594,0.02323304116986369,0.016737664928970664,-0.00012082486566439288,-0.001264036799426771,0.01646774487443864,0.015207214764843269,-0.021648634473031614,0.02750363024855268,0.04053537535598145,0.04677235342398134,-0.0003428782797476049,0.013720537649203557,0.0,0.0013114456151285259,0.007865562792473968,0.014025466606271852,0.04141481376783179,0.013063340266563916,0.010363589969231868,0.022213077383651525,0.0205456232387895,0.018951260818739157,0.047642853911428584,0.014197314484841461,0.048802353947556054,0.044763131667138634,0.02525700665512748,0.01029957238130913,-0.0004833386194473821,-0.006967539477298057,-0.0012953945251645838,-0.04519253101186549,0.013611102113268658,-0.006111133301206495,0.0027410158072477264,0.0,0.0,-0.03112474210837185,0.004847354025442785,0.001924841002994282,0.0,0.0,0.03343402017205249,0.00022510770352385245,-0.014439307145912073,0.0009377334680121807,-0.0006143555601812456,0.0,0.0005902008868609587,0.01349810759553538,5.551115123125783e-17,-0.009875503760023496,0.026486873579631698,0.0,-0.0003859944940567406,0.0,-0.020010746928495804,-0.00619415009423252,0.008308908856084374,0.005005776174085874,0.0011373827051066043,0.04079660113427347,0.010319333035188394,0.01079629193082321,0.001272274554554198,0.010809415954764479,0.03233594964528774,0.032091306489313354
0.01806718371300814,0.011341614666012467,0.00022042976557884453,-0.0026359357834493946,-0.0008424356842052227,0.018064219247912183,0.004364761218024482,0.033238486388160904,0.0003629494556012247,0.018382287790998597,0.00034066532171256325,0.0006414214199579327,0.007508812100065876,-0.0005800920616134131,0.0504338465841046,-0.015328376662060106,0.01645456698864084,-0.00437126132477883,0.0013782133655925732,0.01810352666713627,0.0013114456151285259,0.0,0.039322854020532705,-0.00020209544494992349,0.0015089292517734276,0.02221620960603443,0.02977030749257481,0.007201724997557057,0.007892370461063503,0.00422511951633503,0.014691773516351203,0.0246997981656516,0.0202099602883824,0.021847683490146985,0.027950785054613014,0.04170341314723691,-0.0027003106359318463,0.0047869853942505425,0.014079292494569073,0.03365426811063588,0.019531833531956366,0.018773079031174922,0.007560958114532279,0.000111060248335626,-0.000378718490382457,0.0073012287111811625,0.01928066248424254,0.0003216735240445523,4.105403333509727e-06,-0.0001348418047538158,0.016779354946591607,0.02394074438504251,-0.0008433217725321018,0.03344596548025652,0.00047715484253929574,0.0,0.0009827308166006632,0.015992426158979778,0.0,0.016523840791354827,0.02186944641721339,-0.0008497773438853606,0.01615079327244273,0.0,0.003207275002341081,0.01011470887477861,0.013270272448796971,0.01668181794996043,0.0019218061268546638,0.03536671123935592,0.02217494730777836,0.007929003705965498,0.01349358266370182,0.007827923236302325,0.0005430856594697553,0.009211574157726443
0.014633952729372124,0.030830525188337454,0.010958117059636563,0.0012406509433164348,0.030339180494416973,0.00665631239390424,0.02371187698045857,0.024088691737327472,0.008332303577441413,0.013466337516144566,0.036464536096205036,0.015359143485893512,0.01656667461049327,0.018753606942986667,0.0033636291130068052,0.025652957542459,-6.22200131279449e-05,0.023465615198007994,0.008394356215388588,-0.022482408356595263,0.007865562792473968,0.039322854020532705,0.0,0.009846578981606458,0.023147677617604667,0.012961828725466862,0.0219348189003698,0.013908834076040877,0.01858040614069223,0.013030329688380804,0.021311035833829317,0.017943078199022022,0.031089924979972983,0.009205609337504472,0.01593698708062069,0.03008156048423183,0.010324630496056031,0.023023624285902267,0.013782877228199486,0.029364796602734056,0.009282252521723322,0.011377924429565978,0.022309808040550716,0.010270653443420152,0.000666189158150754,0.007480572603082991,0.03046288858345103,0.018236866592431622,-0.0007950105131513951,0.017895656412118877,0.019958898941695447,0.020213713849491888,-0.009177437127739219,0.00854255730296749,0.0021656709306944744,-0.0020968173560524384,-0.0031450499034242907,0.015611944843524794,-0.03749059983776487,0.006535697247760874,0.029246952395132697,3.767192656761731e-05,-0.001151902747707434,0.02138982462822847,-0.00037317292455668616,0.0032315049109447602,0.009910723199908988,0.01332307609451111,-0.00014127805503866275,0.04426071534276427,0.021638523041968172,0.010817998430540987,0.009861409145490163,0.007442442154014017,-0.0023847733229871437,0.01657288597361717
0.008233435894749175,-0.004114478236940056,-0.0018083020698466123,-0.0009663811074723805,0.0038636140929703133,0.041651202771969265,0.003247760057284832,0.004481190176915284,0.004970722705866459,0.01918194271716306,-0.004959693571032653,-0.00023144626269927526,-0.004521722624049651,0.003293208351982768,0.00864971600190062,0.026234871426163653,0.0175495577186196,0.024328994519057623,-0.00026623454518925893,0.002317341866645284,0.014025466606271852,-0.00020209544494992349,0.009846578981606458,0.0,0.003034645719913076,-0.00485470252106357,0.028340098322587437,0.02688206526574105,0.045982577839276784,0.0007530412690422428,0.015693512352958905,0.058721585903544926,0.0006969778932532367,-0.02100872236409526,-0.01543840551108916,-0.005580463699100258,0.0021316457148407575,-0.0032975793553622346,0.05930700142629386,0.044422606493245975,0.07463974251833727,0.007687409986794735,0.0007228509583415144,5.1589725130807285e-05,-0.006649569816981726,-0.0016162049515210941,0.022114260585628542,0.0,-5.551115123125783e-17,-0.000148797208361362,-6.352077223026331e-05,-0.00031080147641199263,-1.6653345369377348e-16,-0.00014023105457405816,-0.009073879282327058,0.0002860996902588897,-0.02591162886707571,-0.0029086134323062507,0.0,-0.0013653463704856317,0.0102173454449202,-0.00017283209326446336,-0.005142052501592276,1.813281184903648e-05,-0.0005765761064983055,-0.0007560599157591108,-0.0041324331488258315,0.000638688380852237,-0.02399886109888233,0.009210957464195701,-0.003596646933265557,-1.1160298272583358e-05,0.00335231246211648,0.00015038572011943918,0.0,0.021541944517303957
0.029060995727122396,-0.006203563505426946,-0.00500495514225352,0.0006476796703101528,-0.006988243709043995,0.014542724083829783,0.01081918912815305,0.016317161571289263,0.0430451060857191,-0.0027423324104106084,-0.0020145612364537713,-0.007488408692789439,0.008619396651516897,-0.0003727704766235407,0.04647539674953938,0.005140410302977572,-0.0370199036305881,-0.006577680600823588,-0.0008574194033020843,0.021693417376576707,0.04141481376783179,0.0015089292517734276,0.023147677617604667,0.003034645719913076,0.0,0.0038280739263258923,0.0177219115023578,0.005476281980265729,0.004971020190574826,-0.0015242273247896287,0.020128462891965626,0.01702758851302999,0.01703842849048165,0.021886593506607543,0.019640916883048587,-0.0001858998892886321,0.00033916444992382333,0.015456050100193186,0.021589796539558614,0.02822436704568465,0.017250413706507428,0.02160065196497246,-0.0011103509929168975,-5.551115123125783e-17,0.002014988838432763,0.005684576230353955,0.016516255536295044,5.551115123125783e-17,0.0,2.220446049250313e-16,0.01636320546471909,0.015710111110265768,0.0010984362071121412,0.00043508274953196757,-0.015940836115239054,-0.00029703804427322344,-0.016477979212498772,0.015000344494857043,0.0,-0.00036561961491921036,0.01587985232562167,-0.012991817265956163,0.0018326473560772438,0.0,0.013345619102797857,-0.001775049631773995,0.021537278122330417,0.022014245731130477,-0.006701858235131253,0.014383590188647655,0.008185998667930405,0.0063758152497505605,0.012158972885528752,0.0028415801735340307,0.0,0.021656417321466004
-0.002998366124524976,0.011847110088139878,0.04586023598718131,0.0013414966633975567,0.031149038457615685,0.029778258007721603,0.015494408112849412,0.01336398720822568,0.052703471174737004,-0.005737461121071763,0.007626233514923586,-0.018453748840086603,0.00623148268748186,0.017932869474510282,0.0032745799818426624,0.002801457723133227,0.009592017587235824,0.012798569099685464,0.008207826919630568,0.012644824135743582,0.013063340266563916,0.02221620960603443,0.012961828725466862,-0.00485470252106357,0.0038280739263258923,0.0,0.013038857868805154,0.007870954557114118,0.01824332925315031,0.03224936804281303,0.010991323193250468,0.014167749120581608,0.011577499257217294,0.01737214193636427,0.021482554978950186,0.033438052619668035,0.0013422773406987498,0.008894866271062063,0.014611022629236026,0.013384951497343867,0.015631990650787464,0.02068458147858898,-0.0403962662790453,-5.201248978681239e-06,-0.010269668166853096,-0.005196322416261834,0.025957855465589874,0.002043344234563871,0.0,-4.068869697787525e-05,0.015350328226464371,0.01813082398450161,0.006783933509408591,-0.001803582033545137,-0.019549205006732573,0.0,-0.023458565197292613,0.014401571559765125,0.0,0.004273829147532937,0.015010648452048081,-0.015606866721157187,-0.0033465801621228586,0.0,-0.0036730047789989007,0.0019496549589229084,0.02172513253929398,0.019974601756858057,-0.01633320030976254,0.006229551653326948,0.0021645516963798017,0.013080620643180385,0.003209381333305894,-0.0034587662286147403,-0.0004014646630782215,0.015965265200056256
