0.0,0.5500044715050854,0.38852545088304363,0.0,0.3622190893175684,0.44610462026919107,0.5288223575592481,0.23418028004651587,0.4264002065042037,0.5418441119236176,0.4438804426910558,0.6708836172687331,0.5447121646039677,0.5502840451289874,0.4511006765106368,0.5456889852698763,0.7723135276496023,0.7003884185458686,0.0,0.4693995670398949,0.25852652565427203,0.4645368195234745,0.3420664411360543,0.3351283496659095,0.5035128054096986,0.5611981625337448,0.5525342690751183,0.4423369568232903,0.40064330656601704,0.3438013956611642,0.31028401824562624,0.3525016377845255,0.2824209671854596,0.13386752509501512,0.08545328847872366,0.6543049913631873,0.4345266051292612,0.45602301104410015,0.5199153799269246,0.6032140679381359,0.6115214797211626,0.534940037864541,0.46441962376384255,0.0,0.44912071095896255,0.16279494968975533,0.7412862171120749,0.0,0.0,0.0,0.38425346107496783,0.0,0.6049876521805732,0.0,0.5545557350532399,0.0,0.5696694109532702,0.734284867086499,0.0,0.5739780651601053,0.7808948207653286,0.28170176842028527,0.8368440716485135,0.0,0.4838580784983132,0.4499875317894325,0.6291525617079845,0.6279689541432518,0.6002759603255632,0.7321481614474392,0.5397847856270606,0.4301922425573135,0.41487374542933403,0.37357815743070144,0.0,0.4831913801798166
0.5500044715050854,0.0,0.5739850630139566,0.34682659862097454,0.5160604818834837,0.6279743227805756,0.616507428805369,0.6335300657451621,0.5935674721604842,0.3807279549735687,0.3165891923750963,0.4388793583583539,0.5733026942412054,0.560327608081123,0.5161738239137391,0.7158373850658661,1.1189847770133987,0.7141168184526876,0.604890245912737,0.45807264560808425,0.7564752977645424,0.6525887791656304,0.6745510775523258,0.5872173522993436,0.546374532625518,0.5347493591722186,0.6405655625712261,0.4747981250827883,0.42717395590550133,0.43161193128644204,0.43519056998733396,0.40638354338213867,0.3701078985613243,0.32978160148538527,0.3377320795023663,0.4959692373380023,0.2136851446047588,0.0,0.7051784542660482,0.8600276035310892,0.6691816077496583,0.6876898778737228,0.6377983795368137,0.0,0.0,0.4122770310423462,0.8878153158050471,-0.02695934391117015,0.0,0.0,0.7321257380262602,0.6734697983894945,0.6066480408070505,0.5530017498870593,0.5955626642126214,0.0,0.43929957964036315,0.6326036498985892,0.0,0.6959647784309627,0.8158555053203691,0.7600068135312033,0.7769012266290876,0.0,0.6454536947376012,0.6904636128231485,0.9209288589985264,0.649320862870318,0.45747854035493146,0.7076022261368844,0.6626314241251043,0.5715803605588443,0.4282828568752244,0.6704255026759524,0.0,0.7560986941837764
0.38852545088304363,0.5739850630139566,0.0,0.5035132599802808,0.6104798000938624,0.1280685827504282,0.7105225696033208,0.8140957055099278,0.3845889687618269,0.5706544172222114,0.46577750803307416,0.5687279703072332,0.6978771536225185,0.7056023388997328,0.3527134786223236,0.417199485187155,0.6706974699729138,0.5427320566925239,0.4916705050511386,0.3825430778149891,0.4370568238640753,0.6917232553577464,0.5455213376263578,0.4121671003376352,0.6272290441447405,0.4672142061384409,0.38605155385720713,0.750543751352656,0.6336422467844018,0.6863307767363489,0.7031413560040652,0.6051728827838955,0.33826484633664705,0.6679504233837424,0.5296125945860947,0.6397849788798472,0.5117844455951766,0.5218571519482345,0.9247536881789038,0.49647792108623146,0.5750443304837567,0.5334567079704339,0.9453598897438034,0.17613044934975747,0.0,0.0,0.18716826318188323,0.4509986490959038,0.477362127787334,0.6697696382497287,0.7662021061326221,0.8375909270995585,0.835981834062713,0.22940554144962466,0.3536931144942565,0.34464957151979114,0.501575545777857,0.6881412008070584,0.7080549475930595,0.2856179555880944,0.0,0.0,0.0,0.12245190104728113,0.6931127709027018,0.4551407802813878,0.15628461662653767,0.3024647138484554,0.0,0.6220832222872725,0.3785758785256883,0.3234540404127618,0.6100527926597602,0.9094256820810208,0.6847630787864278,0.8233860376326085
0.0,0.34682659862097454,0.5035132599802808,0.0,0.2331565701457206,0.7029823227431844,0.42338771991573176,0.4514929105506645,0.7544097284786253,0.2701577491274246,0.5575358895602939,0.45784706163960975,0.6421699988017633,0.4601243750874705,0.6051299614915564,0.022335004561926615,0.5871970148767905,0.46454758561966264,0.6017644611231598,0.29418486912536984,0.3710602278718976,0.24014246648949777,0.614232963018809,0.23927770346579003,0.8532775686784116,0.5678239103427624,0.6287756887947679,0.24972905820914837,0.49129336878138385,0.47068351897380056,0.5075636534527674,0.8660069142123844,0.21033962307856124,0.8386800864343242,0.5663120816186809,0.3526145883384138,0.3249000127079499,0.41766917931041375,0.39584011754480863,0.31054416698049486,0.3839340825227522,0.30733452491386626,0.2539910176592047,0.7201601411982868,0.0,0.0,0.0,0.4433497148599844,0.0,0.0,0.5811364511914371,0.0,0.4649335727979984,0.02976188093275236,0.0,0.1968541207901943,0.5229060026971711,0.4857250472848911,0.0,0.0,0.0,0.0,0.0,0.0,0.0,0.0,0.4843169187156162,0.641796815010504,0.0,0.0,0.0,0.5179174849525228,0.51359801528632,0.6357610238041738,0.0,0.0
0.3622190893175684,0.5160604818834837,0.6104798000938624,0.2331565701457206,0.0,0.7356846924912561,0.7938465497186301,0.6993828584387205,0.35403857035831143,0.6913532657067863,0.45266076523171217,0.5910897460989606,1.0134890258780747,0.31864945404163036,0.5278002962143236,0.8735987519987178,0.5926465127407393,0.5953279099402689,0.5840860261669006,0.5447021832712137,0.5426882167851925,0.6000877145105024,0.8314149520205862,0.5238767869999839,0.7457806157206774,0.5367715813818263,0.5764598627452132,0.6270548906801209,0.6137304893818709,0.44281321548409036,0.7955245887504565,0.26362021435564964,0.4715069020978857,0.8061970072738889,0.5706895975116473,0.2987780198903517,0.1137653700603608,0.6574550164304953,0.4775231598237504,0.648807724347239,0.5337449605915172,0.39572535698222366,0.820110926124973,0.5986950082082608,0.2788856769232022,0.0,0.43763265404817775,0.7028712848295962,0.0,0.6512511286002454,0.8375277608658485,0.6266253184810389,0.5760841104872535,0.6026729403023807,0.0,0.670535015937217,0.3634889129152108,0.8613477020867941,0.7712597005248846,0.23620922125693491,0.5121735392954245,0.0,0.0,0.813831059644088,0.30816847693496124,0.43678878014809563,0.3341026135329994,0.8609279599569932,0.0,0.49781441733190535,0.515291085678,0.8326976023528118,0.6647187049209049,0.5074543847527186,0.0,0.5421962832279938
0.44610462026919107,0.6279743227805756,0.1280685827504282,0.7029823227431844,0.7356846924912561,0.0,0.7791632731087492,0.9655657609280079,0.41892741781901577,0.6336895067031291,0.6213263523407938,0.8143573405368633,0.714645018405207,1.0317855046745579,0.8363343808916268,0.8671258426161198,0.5638636306472108,0.7595910463792476,0.5162536082602367,0.6575528669540605,0.8722577875296432,0.5985251654636203,0.7085631998296342,0.47825047363914475,0.7102571563767501,0.7256651101687588,0.470398739095094,0.7919402201771042,0.6194127051706272,0.7897039577920821,0.708541315492409,0.6502114236540678,0.6633777619549204,0.6548627268322676,0.5879301339334744,0.8792400009497587,0.7320926401100198,0.6022084153042833,0.9494370080854535,0.8048678266814489,0.9087772937053392,0.8303301584566674,1.1143355143034634,0.3435291557669111,0.22259678786479964,0.6584153508174619,0.8189440259402588,0.9238579772191906,0.5978426104144975,0.7388692290781891,0.9997099651810388,1.0212241322461784,1.0649019550859156,0.9325509243449739,0.7892478683017913,0.9196542707909872,0.35807214974207546,0.9267740562550915,0.9928300622110827,0.769100069974703,0.8420149801085974,0.0,0.8005602646820134,0.8002995217302304,0.9298536409170159,0.5984913552337522,0.8622756704471922,1.0296730316530536,0.5762212368620677,0.6547197452840454,0.7226536739815133,1.0470953118533453,0.8113635471882931,1.0133928782658363,0.7205824104489864,0.8201531101957904
0.5288223575592481,0.616507428805369,0.7105225696033208,0.42338771991573176,0.7938465497186301,0.7791632731087492,0.0,0.7873964752505992,0.8045971857601809,0.6519201398670545,0.6880868783009818,0.46039295616495857,0.9495281214256175,0.27670618202700276,0.5342393912961925,0.8096344829767724,0.6763639832082675,0.7284474843195368,0.6975286199387438,0.6300585206797857,0.6823046407818321,0.697285928693736,0.8532146787892336,0.5496766907384274,0.7650069225761258,0.6389067079278832,0.7615417331775299,0.9474463128552132,0.7871828858538668,0.776496708514878,0.8414277185233422,0.7683931470142421,0.5005116835186008,0.6371050831818543,0.259500273140467,0.8027196526881839,0.45615915212415137,0.6513558037917613,0.5707212733383722,0.46260296870768103,0.8624304945897493,0.15061133593851056,0.8455297889192954,-0.11088797441317993,0.3584974766345841,0.0,0.8657476400401263,0.6390374428023955,0.0,0.5653485902754326,0.8959962323891266,0.8330777758299462,0.798321414321657,0.8202913934259837,0.5795739684733926,0.678213866626889,0.42466581138507886,0.702894251122078,1.0214713704395708,0.352156926139222,0.5988392684713311,0.0,0.5425177998621336,0.6834925001020036,0.8362298624569915,0.5002440921856603,0.9483151876594318,0.9110473143672484,0.46800225523640326,0.96503386360904,0.5227042246172415,0.8968543418125396,0.7779323574050999,0.7642925436122443,0.7506004327352449,0.7405041500754874
0.23418028004651587,0.6335300657451621,0.8140957055099278,0.4514929105506645,0.6993828584387205,0.9655657609280079,0.7873964752505992,0.0,0.7383204371651786,0.3204051356982952,0.6874543908602685,0.42656883660586686,0.7852554677067285,0.8244974008873212,0.524829560114637,0.5647938257987912,0.4787435191115996,0.5044556565017245,0.5742030566957586,0.4343418978355285,0.5574165949335396,0.491151155051994,0.6528453906690715,0.20813084041461513,0.4640123343132522,0.443093623366422,0.8325477603802914,0.6687491362011875,0.6774770982538392,0.48494719311459705,0.5983616302333463,0.6322507454191018,0.20691180752811666,0.5208146184387932,0.3534623672080722,0.7180331260304997,0.6555782223959877,0.2233562161065273,0.8709027803153665,0.4634405515758373,0.5670725831064893,0.6229404304003079,0.9347355375867374,0.4875138346198263,0.0,0.5889430417892598,0.356805872557004,0.8070066405643537,0.0,0.901113247589966,1.001829028594217,0.8827739229171752,0.8555517780064074,0.7475862871783572,0.7969949556237519,0.6979800697514684,0.9505557274921314,0.7490115112583793,0.8533905710080549,0.7813632144370484,0.3875312806363066,0.0,0.7218912581156136,0.8010024527102774,0.7784613970942886,0.8965187647549435,0.8652298672966855,1.0131574372154228,0.0,0.3903664472956388,0.39168979963783046,0.9610632661762555,0.6977471098163999,0.8474874581191811,0.49645626956898425,0.596216226263643
0.4264002065042037,0.5935674721604842,0.3845889687618269,0.7544097284786253,0.35403857035831143,0.41892741781901577,0.8045971857601809,0.7383204371651786,0.0,0.7632269953943236,0.27541886414893796,0.6597231296933248,0.7838966995111494,0.5297694918415677,0.6711725525784336,0.93165895495596,0.4074945852788067,0.6054539927026865,0.39618338423952504,0.8273180160325732,0.870555616505787,0.7995365627719918,0.640544696966552,0.5751798558940345,0.6264319869037624,0.678295429088592,0.23582665157097824,0.7934216653644781,0.6807397450379247,0.6904932727144912,0.7292998236774622,0.6856440776832252,0.5246987257760765,0.7055874916537446,0.6661051801396123,0.7093008180189317,0.6631548905087522,0.7479335745663891,0.5362594559005841,0.5675906248664282,0.18036689417113833,0.300571051329687,0.8142923234056771,0.3698218353934096,0.30417852458413197,0.0,0.9932362000714903,0.6148425502190376,0.4805502149661519,0.8459315864266175,0.9264393796158945,0.8451560989050145,0.7347940031379248,0.6803520805094356,0.3936961698999626,0.8233333048673608,0.5017751871864079,0.6819802827844681,0.7283440209662875,0.9302155705287596,0.6765565287508021,0.0,0.0,0.785118354782365,1.0530696042356558,0.6485438029715695,0.5670039497322557,0.8518281806481218,0.33193410850393607,0.5666682537461856,0.5810670472284929,0.8717629085735001,0.627898540297683,0.9254271486956444,0.48252803488973467,0.8415431151590933
0.5418441119236176,0.3807279549735687,0.5706544172222114,0.2701577491274246,0.6913532657067863,0.6336895067031291,0.6519201398670545,0.3204051356982952,0.7632269953943236,0.0,0.6173806655610524,0.49712379920689365,0.6620726374905701,0.8673762231888111,0.49855162964420086,0.8285424448909154,0.769641415497258,0.7205891046498429,0.6152563510224784,0.32487354395294277,0.6611692377507461,0.39152922212981955,0.5789544185859606,0.3678726289580126,0.5462239545996792,0.28136248255251545,0.4317700001656189,0.7411006230356623,0.4339108485620822,0.39148554412948855,0.8434497434335322,0.34388287396003103,0.8120128528731273,0.726044007209185,0.7704037770851306,0.588005257924141,0.46664965867521535,0.5165755338232287,0.2302369794150534,0.6510623165008755,0.37298653708787677,0.37644339722172016,0.38552886244297946,0.7114739872500864,0.7308713537926543,0.6324599319098965,0.4715084632371819,0.17946953230542073,0.47392538868993006,0.4225703117352978,0.5090055818292348,0.47582065321503236,0.5659376025252819,0.2486412572479655,0.693571348619905,0.4292372433378231,0.7232555102811296,0.4301867909585332,0.0,0.8735997354928806,0.8095565437511603,0.8026803376730223,0.7417809740530674,0.47830720038960456,0.48453870910667896,0.5432904463507333,0.36726032235054396,0.5850557866787793,0.4130322755823559,0.7665387893059826,0.6903965155771054,0.5617761108026695,0.5267051713545615,0.4413489220344238,0.0,0.6127736527152143
0.4438804426910558,0.3165891923750963,0.46577750803307416,0.5575358895602939,0.45266076523171217,0.6213263523407938,0.6880868783009818,0.6874543908602685,0.27541886414893796,0.6173806655610524,0.0,0.6287097637084708,0.6908750333851815,0.7054068098679436,0.0,0.5075871412998345,0.5502134186133919,0.5621632849628964,0.34280649108693123,0.510652666857283,-0.03409360388340782,0.3858045970027033,0.6459294122503279,0.4919455088009109,0.6603376173158275,0.6737305844665182,0.3616021591831974,0.7358039928335907,0.5386265392929469,0.6974654474525444,0.640820455828075,0.7024216175919809,0.49935077423479357,0.6634973850886743,0.6213214339244744,0.8204336424111133,0.5631403576896952,0.6956999594801201,0.7370575035849598,0.48829360591773907,0.36186516181129885,0.49730509001638423,0.8469108901092719,0.6006770186786596,0.21100855290846604,0.0,0.0,0.8047693588868148,0.4764094755468181,0.7635806401559695,0.8724570220176269,0.606243346758403,0.8047209617153257,0.7325903336149338,0.4856724405539485,0.752205337523744,0.4437034118114169,0.7914242797458217,0.8407069549703342,0.0,0.0,0.0,0.0,0.3451451556645919,0.408062529467043,0.0,0.740038823847272,0.7694619082140214,0.0,0.0,-0.9771293876426579,0.877118499001326,0.6498008888660745,0.43889435753062345,0.0,0.5710105202872446
0.6708836172687331,0.4388793583583539,0.5687279703072332,0.45784706163960975,0.5910897460989606,0.8143573405368633,0.46039295616495857,0.42656883660586686,0.6597231296933248,0.49712379920689365,0.6287097637084708,0.0,0.4914823021975681,0.5054892914651689,0.37869981640983663,0.6151196949659173,0.8809272959825798,1.0122751743825076,0.574874178597609,0.505056214048446,0.5911946010054255,0.4212757950873682,0.42643107073861547,0.14291221853218336,0.3867256359055895,0.32361070799975233,0.6731360234603094,0.5789093764390292,0.6054317019916955,0.036591326973783256,0.6758537739219412,0.21521301748672622,0.48003886161563764,0.4097762215029663,0.5498278168482559,0.5118270969061319,0.5409159739880787,0.15747918544538686,0.405792228163636,0.573105409682171,0.23837779265939954,0.1038064065743447,0.0993325961079016,0.43690203268376904,0.5889045277735698,0.5171445482730153,0.5383364035255517,0.3071810248859196,0.19265595638334942,0.25701885518863066,0.3343176253221395,0.49522172793805097,0.24712484498358117,0.4304235543469299,0.7047783268708099,0.2667439577455133,0.32734860074118666,-0.16145367433972724,0.7121987814572079,0.6322476494348055,0.5406092700762439,0.6472982766438753,0.8038344471266526,0.3529694099517905,0.7505720654691802,0.7391725900073091,0.4119469167688853,0.45394404743705646,0.4967551757530483,0.7709065131053006,0.7033745351508969,0.327122856441768,0.6039767358514495,0.5454281177501834,0.0,0.5577108583983162
0.5447121646039677,0.5733026942412054,0.6978771536225185,0.6421699988017633,1.0134890258780747,0.714645018405207,0.9495281214256175,0.7852554677067285,0.7838966995111494,0.6620726374905701,0.6908750333851815,0.4914823021975681,0.0,0.5996140956314493,0.6471738005423014,0.7888525348168327,0.5210812522724003,0.7528591845440359,0.682158492730288,0.6740883146841505,0.709937084131137,0.6374495349899334,0.8180667577931614,0.42298407581865716,0.810680286051868,0.5837105535939644,0.7247287072928059,0.5066956663592319,0.5741723057171597,0.7327934999704858,0.5158784002373451,0.7505020395791008,0.5714019331155562,0.5100122976175644,0.36937780434050066,0.9097079283440819,0.7468869767438164,0.5720153093305933,0.7848834200802165,0.35850186126006633,0.34936662926711093,0.373388236186856,0.6070320795012456,0.32216555781223716,0.48455973081833204,0.47270022497012654,0.8853530527511464,0.823181827620295,0.0,0.8921232248229976,0.8655060359016302,0.8054023013803613,0.7379331157662045,0.8684477087287605,0.5576411244146984,0.6176253542159592,0.5284063325070638,0.854221539388257,0.5961216441924836,0.769478056962142,0.6653440846976957,0.4059945576220104,0.6209246146246732,0.6989722438988504,0.7223679792117994,0.7821339339454514,0.6657933397810927,0.9316072304399499,0.5022100757563244,0.6645902523700861,0.5986279519989539,0.9537391002947497,0.8242879832967251,0.8869957873917973,0.644081457763781,0.6928066110818625
0.5502840451289874,0.560327608081123,0.7056023388997328,0.4601243750874705,0.31864945404163036,1.0317855046745579,0.27670618202700276,0.8244974008873212,0.5297694918415677,0.8673762231888111,0.7054068098679436,0.5054892914651689,0.5996140956314493,0.0,0.5173181499548826,0.6295399464832243,0.4926020928520035,0.44814139270230513,0.48294115359949674,0.3704079119600423,0.246956120371431,0.3093752034781937,0.5961661350861367,0.6528917645232701,0.5473814330524103,0.2608325082948533,0.5405022297344431,0.38299430888167973,0.372973515794937,-0.8394503017178743,0.6887564541104763,0.3757242916984237,0.21452739697969705,0.6951597137745842,0.3980639666806036,0.4401606167996504,0.4194475356054116,0.06627349358208606,0.7132906771304401,0.0,0.7019218223428928,0.829690281184456,1.016743268687958,0.4766281100163761,0.0,0.0,0.0,0.7252104481870194,0.0,0.9217957967601247,0.46965684196918256,0.4604262968463593,0.6556076215268702,0.4693350643041767,0.0,0.8071969956801794,0.39653334903862647,0.7763129355110572,0.5095412395250409,0.0,0.0,0.0,0.0,0.5608839226004014,0.0,0.0,0.0,0.7798348832318145,0.0,0.0,0.0,0.7146722176504696,0.5875301432379477,0.0,0.0,0.0
0.4511006765106368,0.5161738239137391,0.3527134786223236,0.6051299614915564,0.5278002962143236,0.8363343808916268,0.5342393912961925,0.524829560114637,0.6711725525784336,0.49855162964420086,0.0,0.37869981640983663,0.6471738005423014,0.5173181499548826,0.0,0.5519325833342023,0.4849402196422702,0.43955044909011043,0.0,0.7411729609017736,0.5425612359968544,0.5340227932264592,0.7355401557311152,0.41053957432787813,0.5061725243464485,0.18888628811205851,0.7191518044729585,0.3861782512103018,0.5441543904813406,0.3762138179301864,0.31323448272190174,0.15929013234463205,0.4969001138059753,0.22877397014304213,0.17804395812756457,0.35582159270572655,-0.07563847869762652,-0.09234973269470395,0.46814562163013124,0.8279775887260727,0.5539501714416137,0.4962281039132217,0.517761333567274,0.6097403171843261,0.0,0.6295469290583913,0.832600240472418,0.45582461803402907,0.0,0.0,0.5847550810740119,0.6902951657126352,0.684504971720308,0.539063761690598,0.0,0.0,0.6823161089911143,0.6771787483693615,0.4747518814307038,0.7721675532340198,0.8549278444013534,0.6309423565411951,0.8764828457739366,0.0,0.7660293143416003,0.5344940369366733,0.8467173461867606,0.8430862013006055,0.4582491822972574,0.6800929110504347,0.6884040806423342,0.7287000690595354,0.3980781622030394,0.5879986364389554,0.5953277260401939,0.45109851252900385
0.5456889852698763,0.7158373850658661,0.417199485187155,0.022335004561926615,0.8735987519987178,0.8671258426161198,0.8096344829767724,0.5647938257987912,0.93165895495596,0.8285424448909154,0.5075871412998345,0.6151196949659173,0.7888525348168327,0.6295399464832243,0.5519325833342023,0.0,0.8085611730930053,1.1923324338121466,0.5139457784746461,0.761886840249834,0.7983978680597008,0.461078596187387,0.5935362794154988,0.7378263193766414,0.857432085336556,0.5663366074728567,0.7689980513785297,0.7149109046950559,0.8493697952261753,0.47875172524975546,0.6945680808300507,0.6068719829785265,0.35254238248271974,0.5825758278692975,0.5527454607449568,1.1416244699055889,0.4341389426142355,0.6007048725447396,0.904520831125178,0.8197472858549117,0.8876651109732219,0.7049158514079934,0.46559163430401307,0.0,0.0,0.49094199358754553,0.9606429418104596,0.0,0.0,0.0,0.7498250737915828,0.5933555654457527,0.864579994144516,0.0,0.568106028142279,0.0,0.48326032465975166,0.594116311263376,0.0,0.6483999598903407,0.8726547412687422,0.551846669775856,0.9888768036757986,0.0,0.6606817649710885,0.7904267732476482,0.9089707624882091,0.6589076086768364,0.4544794134283665,0.9039968380962271,0.8377804005991547,0.6523661333048882,0.39737056266224025,0.6745642928164144,0.0,0.678655368484787
0.7723135276496023,1.1189847770133987,0.6706974699729138,0.5871970148767905,0.5926465127407393,0.5638636306472108,0.6763639832082675,0.4787435191115996,0.4074945852788067,0.769641415497258,0.5502134186133919,0.8809272959825798,0.5210812522724003,0.4926020928520035,0.4849402196422702,0.8085611730930053,0.0,0.8097590074124099,0.6453456480796728,0.35292129479365747,0.5994636781025933,0.5728863363854628,0.4915706254008906,0.777989029754522,0.9046836549262338,0.6988234384305057,0.5191137720817212,0.7136696744521374,0.46419922403958036,0.4759921052064806,0.8200225865332318,0.6249730679419482,0.8582867430508846,0.7302192499804516,0.7266925412178306,0.48653034657628297,0.26082121506299455,0.6127800344475202,0.5492545745685777,0.7457958886153357,0.4346343022212466,0.5344326147091529,0.0,0.0,0.438421551294635,0.6404102890009685,0.5769992568087645,0.0,0.0,0.0,0.0,0.0,0.0,0.0,0.88817479714177,0.0,0.7327017789257528,0.3212853216255305,0.0,0.7785473008503199,0.8534871962631808,0.8313176965891851,0.8149295827858443,0.0,0.0,0.0,0.5420484679037925,0.0,0.7669314382888107,0.8796307045587862,0.8410134173147128,0.0,0.32981921866482206,0.4812836334794191,0.0,0.5908430652761294
0.7003884185458686,0.7141168184526876,0.5427320566925239,0.46454758561966264,0.5953279099402689,0.7595910463792476,0.7284474843195368,0.5044556565017245,0.6054539927026865,0.7205891046498429,0.5621632849628964,1.0122751743825076,0.7528591845440359,0.44814139270230513,0.43955044909011043,1.1923324338121466,0.8097590074124099,0.0,0.537184535509187,0.5978929569950561,0.6817924572259357,0.6219720633862412,0.6229934745621722,0.731577964916245,0.8038393911697048,0.6322019867813392,0.7504354825519444,0.6309491331518646,0.7467008907288819,0.39937816271351867,0.6989412520484974,0.421051903550416,0.6737168025551437,0.7980444129953959,0.4921362684589935,-0.14411238705348106,0.26226144161712217,0.630914226571796,0.9675275890116135,0.8744734579569271,0.8653232122613413,0.840385224215549,0.0,0.0,0.5269661960730656,0.7680029218743227,0.9720233851629321,0.0,0.0,0.0,0.8493254899904135,0.5657426383641295,0.9186222799381532,0.0,1.021047527120663,0.0,0.9799372327673262,0.5381991905944992,0.0,0.643294267889504,0.9805959909164299,0.9700787961642175,0.9799216487585252,0.0,0.4678715741795048,0.6547670326987384,0.883874387274264,0.7847733396717875,0.9923675095930957,0.9976476639303843,1.0065245275754091,0.5055808140980691,0.9033868216434404,0.7654897989415042,0.0,1.0354887169017701
0.0,0.604890245912737,0.4916705050511386,0.6017644611231598,0.5840860261669006,0.5162536082602367,0.6975286199387438,0.5742030566957586,0.39618338423952504,0.6152563510224784,0.34280649108693123,0.574874178597609,0.682158492730288,0.48294115359949674,0.0,0.5139457784746461,0.6453456480796728,0.537184535509187,0.0,0.5257486121114434,0.4346490209122006,0.645005647010587,0.6106035346398605,0.6681949706591215,0.552599913846941,0.5384993401901509,0.24332128201204162,0.7545071671475059,0.6888963468359377,0.6628398862436361,0.6123580237595305,0.5956734918508313,0.3139781705540149,0.6054000049454803,0.42139379673345206,0.6680257480880478,0.571609924846852,0.4449605337046867,0.5471154206667919,0.4050240471894337,0.40731495261292533,0.24995004971757348,0.8884334552931996,0.30721089742364593,0.4136037789918196,0.0,0.0,0.8326031107027329,0.0,0.577236390841211,0.7819058930855285,0.6986950582737719,0.705379847085079,0.6854910828477859,-0.9536960890193322,0.8490225764212175,0.5659703133219133,0.6725830397952195,0.6318076906590312,0.0,0.0,0.0,0.0,0.8156126173817588,0.4809969073621595,0.0,0.4429366825064789,0.7851927456746599,0.0,0.0,0.0,0.8291490764621092,0.7335828746598706,0.5458043670645908,0.4761816953275837,0.5659528691300113
0.4693995670398949,0.45807264560808425,0.3825430778149891,0.29418486912536984,0.5447021832712137,0.6575528669540605,0.6300585206797857,0.4343418978355285,0.8273180160325732,0.32487354395294277,0.510652666857283,0.505056214048446,0.6740883146841505,0.3704079119600423,0.7411729609017736,0.761886840249834,0.35292129479365747,0.5978929569950561,0.5257486121114434,0.0,0.5809836071746612,0.4405062421358089,0.39061998579966084,0.6337905988028019,0.5931773602006596,0.5341675605164065,0.665709200487582,0.4554687547904017,0.5284926039694788,0.8681495297257635,0.4873665235847666,0.19967582963115243,0.21309288999285145,0.37633064201490707,0.20991102055723931,0.4635663075240444,0.11544620708847639,0.5664907514277232,0.41969050744088054,0.5789130695566875,0.5749006312065468,0.35462731416311855,0.46868881162142734,0.22652306362438096,0.2310464450240264,0.5544707975225154,0.7081908731712752,0.49240458767520207,0.0,0.0,0.6875417488440971,0.7151845714723399,0.6739639944115597,0.4626322034400086,0.9102208810971526,0.0,0.603950882239389,0.6323807589808048,0.0,0.6935512355711337,0.5659817863110069,0.46481434920947373,0.6874564602741006,0.0,0.5956098954108373,0.5987041588878086,0.6497350105714592,0.8861337297067797,0.0,0.6346001023839191,0.6090039958742368,0.8235127783284736,0.6010357283152337,0.759156069573224,0.5016729553763388,0.4760484020654934
0.25852652565427203,0.7564752977645424,0.4370568238640753,0.3710602278718976,0.5426882167851925,0.8722577875296432,0.6823046407818321,0.5574165949335396,0.870555616505787,0.6611692377507461,-0.03409360388340782,0.5911946010054255,0.709937084131137,0.246956120371431,0.5425612359968544,0.7983978680597008,0.5994636781025933,0.6817924572259357,0.4346490209122006,0.5809836071746612,0.0,0.5810419573251506,0.6644057572241018,0.28749819539059895,0.6020668719509963,0.6263587876731289,0.8152155906669666,0.575620153677245,0.6022614092078822,0.40774491709748045,0.42265465435783234,0.290187575637037,0.40160834499818493,0.3999007161444601,0.34876619837351774,0.5298207677742621,0.8221845747138355,0.2367187001952976,0.5926676660436804,0.9223881051672257,0.5475152005928237,0.4262634702580091,0.5625094204022052,0.0,0.0,0.27126763447192515,0.7378503770488203,0.6339936294713264,0.0,0.0,0.8294880958660449,0.45086924601038936,0.656758124275022,0.5558057979717368,0.6097181731546195,0.0,0.7237732208036045,0.5589456219983504,0.0,0.6085192545238545,0.77300678287311,0.0,0.5129913885350562,0.0,0.628478682667968,0.669763160965005,0.7918556051983241,0.8923350277929898,0.8365286028284948,0.5280168588611415,0.742158568462729,0.8478537323013314,0.5485884165125121,0.8937954343493744,0.4927034254938068,0.5600527945009627
0.4645368195234745,0.6525887791656304,0.6917232553577464,0.24014246648949777,0.6000877145105024,0.5985251654636203,0.697285928693736,0.491151155051994,0.7995365627719918,0.39152922212981955,0.3858045970027033,0.4212757950873682,0.6374495349899334,0.3093752034781937,0.5340227932264592,0.461078596187387,0.5728863363854628,0.6219720633862412,0.645005647010587,0.4405062421358089,0.5810419573251506,0.0,0.7696531128306623,0.37797791827492394,0.6776584381894408,0.527957778242189,0.46175508268684107,0.6065318547590518,0.5186859284504155,0.5774351571187295,0.5223813410247203,0.38363337840047296,0.4935508619902387,0.4439848049679491,0.35366607134643097,0.42125594693930163,0.5169091664527757,0.5791377608390544,0.5857622487083997,0.8339569945531234,0.6608528428808649,0.6780995480009454,0.7144920019313235,0.3557093351470104,0.26136842747939387,0.4821516133615383,0.9225800138608529,0.5499442680587069,0.4783873285782116,0.2625203690976247,0.6816699524283785,0.6893945734165572,0.6381709138722331,0.6360291297814007,0.4363756032096556,0.0,0.5257911935478121,0.5857622029442973,0.0,0.7768019160998151,0.881374709357506,0.8057959612762449,0.8248098253517244,0.0,0.6441999983517293,0.6184473599082448,0.8753221589822868,0.7104514923938022,0.7147543621751528,0.764728252879147,0.7697461042181959,0.6351845285125333,0.4684477321457752,0.5935629528766964,0.560773469882875,0.6286133089285373
0.3420664411360543,0.6745510775523258,0.5455213376263578,0.614232963018809,0.8314149520205862,0.7085631998296342,0.8532146787892336,0.6528453906690715,0.640544696966552,0.5789544185859606,0.6459294122503279,0.42643107073861547,0.8180667577931614,0.5961661350861367,0.7355401557311152,0.5935362794154988,0.4915706254008906,0.6229934745621722,0.6106035346398605,0.39061998579966084,0.6644057572241018,0.7696531128306623,0.0,0.3173022824179491,0.5463433737009836,0.5106321311472374,0.3643997854925829,0.6725653456788769,0.7697873025250483,0.6166158742201773,0.5798252397100656,0.5661410735652057,0.5159776847226465,0.5787443786912505,0.44945378373934813,0.7371976188307412,0.6513672037581106,0.5426381444278691,0.7707568962049061,0.7265966652934315,0.7495253379476984,0.8067350403464674,0.8887139548340469,0.6421979501959496,0.5834563277939481,0.5559288297554732,0.7485006435441657,0.9830574807834795,0.44516898225076884,0.801420862129264,0.8628235349184982,0.8474143669601252,0.8427655697005534,0.7558996679470331,0.8303800348423072,0.9108627241178651,0.45527738507772997,0.7246381224509005,0.9736968979514189,0.7533287650523499,0.6727585208517723,0.4845387091066797,0.586487953302634,0.907143516915481,0.7697636163257722,0.7412343770998988,0.6919568178050515,0.9598462423999377,0.2534507176905283,0.6249663947712318,0.6674304939785063,0.8745978167195645,0.6967584006097878,0.8952788228513471,0.7680458395716896,0.6824687267605909
0.3351283496659095,0.5872173522993436,0.4121671003376352,0.23927770346579003,0.5238767869999839,0.47825047363914475,0.5496766907384274,0.20813084041461513,0.5751798558940345,0.3678726289580126,0.4919455088009109,0.14291221853218336,0.42298407581865716,0.6528917645232701,0.41053957432787813,0.7378263193766414,0.777989029754522,0.731577964916245,0.6681949706591215,0.6337905988028019,0.28749819539059895,0.37797791827492394,0.3173022824179491,0.0,0.6223882282958391,0.39707867911919525,0.6052466500852995,0.5753175347675199,0.5083831385332227,0.7973193149128371,0.7922590480407306,0.6954030005375718,0.7753859947844481,0.4423226536972988,0.5843853155979071,0.4236448428090013,0.3143919324998558,0.48263414008581806,0.9183445292168065,0.6681221137554627,0.53165347380679,0.6468469567694133,0.5537870154027705,0.3697349906702745,0.573975950365517,0.5044324896025252,0.5211318065282091,0.0,0.0,0.46080144322279415,0.570430942963325,0.2966140193603757,0.0,0.0300099938457215,0.6544343148679612,0.5443425958712893,0.7206774505123521,0.4472248007164904,0.0,0.22291453549486878,0.9133668546115915,0.8565421260932014,0.9164302814610799,0.4771737657747993,0.29834045588619373,0.42623020827427094,0.1755585900461567,0.8163646702592817,0.35563453308384774,0.9208264682855302,0.8652267411428406,0.47695851218484697,0.6840458608174551,0.664104972322195,0.0,0.5038372862995036
0.5035128054096986,0.546374532625518,0.6272290441447405,0.8532775686784116,0.7457806157206774,0.7102571563767501,0.7650069225761258,0.4640123343132522,0.6264319869037624,0.5462239545996792,0.6603376173158275,0.3867256359055895,0.810680286051868,0.5473814330524103,0.5061725243464485,0.857432085336556,0.9046836549262338,0.8038393911697048,0.552599913846941,0.5931773602006596,0.6020668719509963,0.6776584381894408,0.5463433737009836,0.6223882282958391,0.0,0.37192835230151133,0.6417189250492865,0.6942639300977134,0.627163286055199,0.5595962849056473,0.6393254539092997,0.23453807885717462,0.6104927509634881,0.563387570194954,0.3785117344328739,0.08459241497606454,0.5581822473654318,0.6611569901453733,0.8526342640682794,0.8805678974865023,0.9144089328522365,0.7395277844932924,0.14586433670308596,0.0,0.7108919778426881,0.5668259322902343,0.9178388478172662,0.0,0.0,0.0,0.7400278507547235,0.5581486831936822,0.7213928707012133,0.38142000035078805,0.8525431684393228,0.49032884343050426,0.8394550661470122,0.46076785067717163,0.0,0.6736883190551997,0.8592145002951463,0.8255093256131653,0.9328760613575019,0.0,0.7913046079894851,0.6357951213187869,0.8547265971759325,0.6540007841674313,0.7559349067830201,0.8815843425577397,0.8295526023915513,0.6315580396246561,0.6820751627420488,0.5371270561333331,0.0,0.8316718324456531
0.5611981625337448,0.5347493591722186,0.4672142061384409,0.5678239103427624,0.5367715813818263,0.7256651101687588,0.6389067079278832,0.443093623366422,0.678295429088592,0.28136248255251545,0.6737305844665182,0.32361070799975233,0.5837105535939644,0.2608325082948533,0.18888628811205851,0.5663366074728567,0.6988234384305057,0.6322019867813392,0.5384993401901509,0.5341675605164065,0.6263587876731289,0.527957778242189,0.5106321311472374,0.39707867911919525,0.37192835230151133,0.0,0.6824816435915784,0.5683698104115918,0.651726841439165,0.439129121282849,0.42517121632155713,0.3897108584238801,0.4835366511321054,0.3695588680295856,0.29931830660124276,0.28880484090540237,-0.3460052267261897,0.43434168985303545,0.7264929924561818,0.7821568102954887,0.8846278226371103,0.5091112258627841,0.2202336003331699,0.542189981187848,0.5665402135965147,0.48044199710236113,0.9292116075612062,0.6331649648913364,0.0,0.007785685120739315,0.7155030479924097,0.6129517296693638,0.5860291244698216,0.40546603028800066,0.7822316695313013,0.0,0.804479926353143,0.6613833381409524,0.0,0.604127218143038,0.8639240318313182,0.7597551732663483,0.8546149242412573,0.0,0.5297144971588472,0.6429018436427112,0.856568073018904,0.580218956216043,0.6168848714941535,0.8428314523413831,0.7465899713010468,0.5323315091290599,0.5083849161009518,0.6832032166037652,0.50950789705131,0.7149668732437617
0.5525342690751183,0.6405655625712261,0.38605155385720713,0.6287756887947679,0.5764598627452132,0.470398739095094,0.7615417331775299,0.8325477603802914,0.23582665157097824,0.4317700001656189,0.3616021591831974,0.6731360234603094,0.7247287072928059,0.5405022297344431,0.7191518044729585,0.7689980513785297,0.5191137720817212,0.7504354825519444,0.24332128201204162,0.665709200487582,0.8152155906669666,0.46175508268684107,0.3643997854925829,0.6052466500852995,0.6417189250492865,0.6824816435915784,0.0,0.7426262972833875,0.5222350585712789,0.7200802915379478,0.652910057324758,0.5227420249666439,0.4993434447773859,0.6339788610915332,0.4213941858722622,0.6352298693843892,0.6479543973297336,0.5938031330868391,0.8852297706001917,0.8576302333567085,0.8246761474422701,0.7174387970297109,1.0032808657891856,0.3818664760292829,0.3962348160489111,0.4473512200541562,0.7001086360210405,0.8587275724005847,0.5064089973388552,0.7691250516876509,0.9886479014046166,0.8652911607532909,0.8497114889099047,0.7985946727458354,1.2401524493385487,0.854899291018916,0.35757941717968944,0.8307746595807386,0.9143469613603395,0.7342444810823852,0.6781266147595449,0.0,0.40279666108654893,0.7899248505804095,0.7889036562378648,0.7136289544439879,0.727047617584452,0.9946820584544034,0.0,0.6134618621082117,0.7615821501429032,1.0307037548286382,0.7961498797849067,0.9455574979297201,0.7334081233545111,0.7130431443647629
0.4423369568232903,0.4747981250827883,0.750543751352656,0.24972905820914837,0.6270548906801209,0.7919402201771042,0.9474463128552132,0.6687491362011875,0.7934216653644781,0.7411006230356623,0.7358039928335907,0.5789093764390292,0.5066956663592319,0.38299430888167973,0.3861782512103018,0.7149109046950559,0.7136696744521374,0.6309491331518646,0.7545071671475059,0.4554687547904017,0.575620153677245,0.6065318547590518,0.6725653456788769,0.5753175347675199,0.6942639300977134,0.5683698104115918,0.7426262972833875,0.0,0.7271510516813017,0.37360507038962293,0.6440617026731825,0.7195223368870471,0.719533448520969,0.48092971399327367,0.5797910650559774,0.5107505248543289,0.18482856819313076,0.7138491707239556,0.335434688534765,0.09847540772735505,0.225027269577541,0.30225692443561114,0.4556441266764695,0.33704483878160885,0.680382370916298,0.6260495288232063,0.7267507938540654,0.7680133071233847,0.0,0.6863488497407977,0.9032373157558081,0.6886998857062988,0.7418334254668986,0.7186372836945927,0.2938930523651184,0.7402165630774149,0.49350392454142183,0.7695681847837356,0.3560125016016735,0.5938505974816368,0.6022416909650032,0.2018086825002105,0.7334580609897824,0.7912256572369387,0.7330544634270904,0.6318440905189389,0.5545386029612627,0.9026444383569694,0.5564407618582252,0.6934032544131827,0.45834958378286483,0.9208679394694566,0.7716424440899742,0.8099806248813592,0.7029560576096839,0.727429386495732
0.40064330656601704,0.42717395590550133,0.6336422467844018,0.49129336878138385,0.6137304893818709,0.6194127051706272,0.7871828858538668,0.6774770982538392,0.6807397450379247,0.4339108485620822,0.5386265392929469,0.6054317019916955,0.5741723057171597,0.372973515794937,0.5441543904813406,0.8493697952261753,0.46419922403958036,0.7467008907288819,0.6888963468359377,0.5284926039694788,0.6022614092078822,0.5186859284504155,0.7697873025250483,0.5083831385332227,0.627163286055199,0.651726841439165,0.5222350585712789,0.7271510516813017,0.0,0.44630522911990234,0.5431107797157726,0.2864056071076575,0.4247473404421234,0.5563513948957728,0.3244322568254029,0.46741495587726956,0.501987220673973,0.4061626140592584,0.6248348340326928,0.6222940680989355,0.6156155978303414,0.6120148207665921,0.2804480331382437,0.5406118801661757,0.6121565626901655,0.11136527893704923,0.6902183628054426,0.6877154335686653,0.42244012413783416,0.5962977958118408,0.7891432059458732,0.6882502879698685,0.907931618277348,0.6599584736610871,0.674205792928734,0.4365120897402943,0.5561295564552564,0.7225169183551617,0.7291767075320832,0.6832568133727265,0.6263745242243659,0.48091832446589344,0.6115010744501878,0.5352622816091914,0.6816252764436421,0.6556087918671156,0.5908784075856627,0.9003076045588613,0.4878846855010121,0.6739998914503431,0.736543048338473,0.9185931849016467,0.6730533847780655,0.7791388281244926,0.6311856447909334,0.632386431449323
0.3438013956611642,0.43161193128644204,0.6863307767363489,0.47068351897380056,0.44281321548409036,0.7897039577920821,0.776496708514878,0.48494719311459705,0.6904932727144912,0.39148554412948855,0.6974654474525444,0.036591326973783256,0.7327934999704858,-0.8394503017178743,0.3762138179301864,0.47875172524975546,0.4759921052064806,0.39937816271351867,0.6628398862436361,0.8681495297257635,0.40774491709748045,0.5774351571187295,0.6166158742201773,0.7973193149128371,0.5595962849056473,0.439129121282849,0.7200802915379478,0.37360507038962293,0.44630522911990234,0.0,0.6907577504296493,0.527845782299801,0.3461752256001764,0.41713231258221733,0.0652798367687143,0.3849679302392497,0.3145456771903951,0.0864225561513427,0.7123956676729258,0.5046029506624565,0.5839373162040016,-0.5329809197883617,0.516694051204774,-0.15085495983409986,0.0,0.0,0.0,0.31589343171354844,0.0,0.0,0.7930791777956795,0.8442415524866345,0.6224730898832747,0.6220319744341366,0.5808844158922168,0.0,0.03207114909928499,0.5663248586978951,0.0,0.4739535482135335,0.0,0.0,0.9678740378361519,0.9275389286953089,0.5538833054793677,0.6171751388850887,0.4836735879036706,0.8894479590129702,0.0,0.37163898692968556,0.4841963222456931,0.9101480114620029,0.6883561336733658,0.7668730273148796,0.4634603087175788,0.42920766452647385
