0.0,-0.01457207029898605,0.001248516401904376,0.0,-0.002624345344370782,-0.006150991863984212,0.003662782391140096,-0.04732907439913414,-0.002724491958535191,-0.0011951239926387691,3.956284013434397e-05,0.012579634575134946,-0.013012076646525539,0.0011536708712098775,-0.008145110562224722,-0.02342982919022807,0.0508351045613617,0.011966835768143613,0.0,-0.020169649742734774,-0.03324825313981933,-0.020759353393535185,-0.0348115939849134,-0.04082345761100087,-0.0009663722691319876,-0.015884389183366876,-0.011710111400327905,-0.019160475183962244,-0.02396314814541539,-0.026972500703476954,-0.042280121428367456,-0.04108553604129633,-0.04190509563126904,-0.05119422095730625,-0.059381242547581536,0.0014350460240041274,-0.0012878548547384794,-0.010591863406253121,-0.007422240232105137,-0.00047860047598685673,0.008869664866571314,-0.0038064412542833104,-2.5311421174456505e-05,0.0,-0.0009151629148125284,-0.07628193879690132,0.013267066780276005,0.0,0.0,0.0,-0.016275032123216793,1.1102230246251565e-16,0.0011040092518101452,0.0,5.2105213505848624e-05,0.0,0.0021915927236496047,0.0016351489847120648,0.0,0.0003597306697676328,0.01707703005290795,-0.0021378172890108016,0.028670408186866447,0.0,-0.0006486474797267605,-0.024497907683539988,0.0015464040540512092,0.0016276860494410794,0.0006929233023564296,0.011335274940937334,-0.012415696094672246,-0.0018035961225412733,0.0005359963333211315,-0.02041725922732235,0.0,-0.003887600193128171
-0.01457207029898605,0.0,-0.0034749617719783132,3.638368233221945e-05,-0.0018966925268765755,0.012850524686151277,0.009596996169921601,-0.004969158876422297,0.0214599607112142,-0.011151948815947832,-0.0008242899877665688,0.0008347644214707906,-0.0002632100590831965,0.001379037969218122,-0.012473988999256724,0.006230658316358495,0.06499643526664695,0.008037077210912957,-0.0020559122569763777,-0.015644573323820743,0.0182941219522878,-0.001525107629021638,-0.0013640110173493425,0.01838973788176801,0.0008778184155185942,0.0016717398100679626,0.0022485748743939493,-0.011754243635986539,-0.010186830155033855,-0.001124090670467759,-0.026289858373317765,-0.01809014351580468,-0.013968453005908266,-0.030322288696654043,-0.03345953326852219,0.003074817955440401,-0.0009318547961860157,0.0,0.017168470966232197,0.02864137796304994,0.025032670546689728,0.00762128465606754,0.0005236801557116366,0.0,2.220446049250313e-16,-0.02786822290136709,0.03335663397066824,-0.0006609587457048205,0.0,0.0,0.012908585351506574,0.006089182798712123,0.003533494812175797,-0.00014002413189367902,-0.0005610305675535776,0.0,-0.0006335072179893819,-3.8047653115158564e-05,0.0,0.013319246686325725,0.028349997420023976,0.015259673897753123,0.025156516269993434,0.0,0.0042686430489941585,-0.000121041899062313,0.029697666665530642,0.003975723952947929,0.0005816596609141134,0.018346064514934868,0.005767609957773812,-0.005998638692476188,-0.020766027313426694,0.004770856438699955,-1.1102230246251565e-16,0.011567791593769694
0.001248516401904376,-0.0034749617719783132,0.0,-0.010592349892449116,-0.0020977195423700357,-0.060011476694874555,0.01697909513736201,0.020056840267227705,-0.0061533724902798626,-0.0010041562162381723,-0.022245715799674104,0.0009197966574713279,0.007924374365053333,0.006702195025050706,0.0007459376713286892,-0.0031387486793477692,0.002677388209558096,0.0008428798157734119,-0.008581558154438507,-0.0015141226944567765,0.004373952857036234,0.015097299645203843,-0.007148580353720846,-0.00024158184307576658,0.0193713176082681,-0.002987281584948931,-0.01751229009881483,0.01155379732430728,0.002666063781517347,0.010143312065782173,0.008472096476251245,-0.005858151908281761,-0.01832726324474665,0.0020544378306856514,-0.010494419489326279,-0.0018213687541828727,-0.005948909435227301,0.00047310491124857856,0.048960046891980746,5.183889427717858e-07,0.01016750755935003,0.0012374426150394413,0.05076592215498699,-0.08044879363990537,0.0,0.0,-0.0010437837289731244,-0.027443980583873095,-5.685012852141291e-06,0.02981095826184288,0.02416690627416984,0.05145146008771173,0.03012389119759251,-0.13119503876531802,-0.0014048449202494484,-0.08408508612468585,1.9021507431049578e-05,0.01293429247782818,0.022928622190964476,0.0002576452445514077,0.0,0.0,0.0,-0.14675278949996678,0.0018155876649781355,0.0003083406577531478,0.00019788873749349012,-0.07199672944362556,0.0,-8.38743639451911e-05,0.0015013479061796176,-0.07092890404878449,0.0066261391908334355,0.04605100470621626,0.0005418788976648825,0.05087112637952118
0.0,3.638368233221945e-05,-0.010592349892449116,0.0,-0.03481650688126475,0.015174217198960172,-0.004201768827838903,-0.019803526809314742,0.014360123103943745,-0.023512089050238133,0.0005736597148112144,0.01762556866004744,0.02329873729159343,0.001158797277824808,0.00020838679572754426,-0.001843867415802336,0.0013901707880513148,-2.5887780606026478e-05,0.0008639260593792941,-0.03434292613541268,-0.0015180392688666222,-0.03365661263303171,-0.005168878470730942,-0.0020417519532152095,9.070869343119625e-05,-0.0013628983144657325,-0.0012137613855203178,-0.027328271213074407,0.0014430248908748333,-0.002110573084781242,0.000979188717139312,0.05383439848110655,-0.0017916216011575337,0.12659675126157627,0.029859296471291596,0.009782165698338952,0.0031405740962733852,0.008939278403413187,0.053473413587498575,0.00011090826203524751,-0.00010121280516112163,0.00010674508421665285,0.000929301776485536,0.03635465692170903,0.0,0.0,0.0,0.0018003781188488666,0.0,0.0,-0.0004969782956000257,2.220446049250313e-16,5.924763312586956e-05,-0.00027736851815207686,5.551115123125783e-17,0.00014965370593489347,0.0016600032742750126,0.0009007365803550549,0.0,0.0,0.0,0.0,0.0,0.0,0.0,0.0,5.2238592701425723e-05,0.004098719587918687,0.0,0.0,0.0,0.001362310008110712,-0.00394308636706836,0.0012360130231691135,0.0,0.0
-0.002624345344370782,-0.0018966925268765755,-0.0020977195423700357,-0.03481650688126475,0.0,0.021724357750185108,0.03211903037670827,0.011546891869485432,-0.015702868424172678,0.006242857223313636,-0.004387571593285899,0.010885842955432545,0.03708105398649009,-0.022197818823741722,0.0013000504412429836,0.03233404717278682,9.931302488908056e-05,0.01704107686779155,-0.0032125365671679673,-0.008115856070055938,0.0017699899214075887,0.00284111976663709,0.03616928338858988,-0.0005518326218274527,0.028344921075483753,-0.00039183771494294417,-0.0009765694765432875,0.007903738596578891,-0.0001857347093568995,-0.005194510646741202,0.03174855906605262,-0.03267155247168124,-0.0036477013136462233,0.02878506369272471,0.010575588108510503,-0.01358467166154495,-0.0606150665834945,0.023209021124951656,-0.005788843706938884,-0.0006888756409342833,-0.003140966998014416,-0.0008088064055369881,0.059230490899775945,-0.004156630974125941,0.00022835601380555293,1.1102230246251565e-16,0.00028342470918618634,0.01506107358358344,0.0,0.020795415628481473,0.03248109716056313,0.002548594669128823,0.0021586402519715997,0.0035342976271979243,5.551115123125783e-17,0.035293198515738256,0.0008560629857210511,0.03853090548964189,0.03664438473344045,-0.0008267367731711328,6.107111308878421e-05,0.0,-5.551115123125783e-17,0.029928169112358904,-0.0010235914179101413,-0.0004531100255296683,-0.0013317012400154704,0.037192860869663,0.0,1.6620175397608072e-05,-0.0014861153450775877,0.04118619181188876,0.00838412918964615,0.0033055798616431487,1.1102230246251565e-16,0.0015423088180456235
-0.006150991863984212,0.012850524686151277,-0.060011476694874555,0.015174217198960172,0.021724357750185108,0.0,0.02148770313806353,0.05049921604999874,-0.008513333553021918,0.0021532318256768934,0.009091623957492079,0.013025784189385159,0.01183564123594949,0.06100325575820209,0.024549776439872883,0.03694815267086071,0.004075534415013515,0.02361722030967589,-0.013603647519753126,0.009659788670799252,0.03543632906145794,0.010205150151442577,0.012862498885213403,0.010113492289377635,0.017472486846334845,0.008241857771923655,-0.014680163526225753,0.021845998008274692,0.021139090991738996,0.01396473307462509,0.006145314628552501,0.0077336139350628885,-0.003970367969283406,0.0012775865583192214,-0.003747760554278501,0.03522947325033404,0.018897767349230654,0.009324039443961651,0.04789773058369745,0.07314377668445349,0.05511124253554417,0.046801780497691514,0.07065366870872758,-0.029117191912475582,0.00021758092700119303,0.004402291368872324,0.029979455746718398,0.04712072489770691,0.0011738979275365824,0.04718096887821932,0.05616742581235362,0.057632000893971025,0.05967752192383391,0.04393800259439118,0.01283973466268673,0.05162810305199994,0.0006514225968790588,0.044243996655058904,0.06842760407272364,0.019638151714551244,0.033407001487549826,0.0,0.0253255377909255,0.04311629915894122,0.042083186137966744,0.03315968084593329,0.024765735026530566,0.06089014557908001,5.4932830876208705e-05,0.02262455571354871,0.01685749071601539,0.062142657625701536,0.03493354338897581,0.053492496189066485,0.027627700495741203,0.035419654917369814
0.003662782391140096,0.009596996169921601,0.01697909513736201,-0.004201768827838903,0.03211903037670827,0.02148770313806353,0.0,0.03593158268421809,0.023120626851512005,0.006963797168508146,0.020648390087159962,0.0002546372051011603,0.02566824505627535,-0.03040267184717832,0.0007997481488836167,0.026936563833782956,0.007863735224248491,0.01626789293853348,0.022352645015644934,0.005433045541079318,0.03237426581457531,0.0176120841522317,0.03417559695733274,0.002917762822975345,0.02540482368112834,-0.0038410544611853226,0.025119827309096954,0.042573405205414194,0.022081671156413796,0.02544378680442344,0.029958799230952793,0.018577935287240777,-0.007829727569516998,0.016773359443460978,-0.017203059494005524,0.02434169521338958,0.001440539064537616,0.003634056637376537,-0.006670854139920246,0.0009656726616780742,0.07169306841777773,-0.056028993848944775,0.048893140612168096,-0.1078671288916454,-0.0001506042167183086,0.0,0.026752227241517323,0.030564424819300995,0.0,0.0032438790144622143,0.04253951939917733,0.03478701374740123,0.036278735612397306,0.027019312993889044,-7.47548058204206e-05,0.03454662734915098,0.0004228481003396012,0.031880635439581195,0.08016409320350637,0.0018640408989075707,0.0006297292198148563,0.0,3.751918906347296e-05,0.015844680533542488,0.02690399005859645,0.0014569109527106106,0.0331483625027329,0.0467817479203374,7.986320103409161e-05,0.023077109285078334,-0.003629988092955838,0.04719951381224802,0.03397627547911897,0.043055873147638424,-0.0011856812181887388,0.03375175290698884
-0.04732907439913414,-0.004969158876422297,0.020056840267227705,-0.019803526809314742,0.011546891869485432,0.05049921604999874,0.03593158268421809,0.0,0.014962222044851203,-0.030735676413309543,0.020847612750913014,-0.027967433817282727,0.023664498508913778,0.016086975069491583,-0.005434332081226456,-0.018289702191865487,-2.5676266953822413e-05,-0.021775015067172,-0.008354374550253285,-0.01049245883720823,-0.00196531360931268,-0.00795865587502087,0.004616666026989402,-0.03500266174706418,-0.023894557479879452,-0.024472630788240024,0.026171029411156566,0.00792062501845564,0.02302749272238519,-0.010949116388596247,-0.0019847302043429216,0.011113645450852472,-0.06344788117572997,-0.008509371597144433,-0.015592256581715813,0.03220400069585477,0.05362467003938687,-0.054214546354453386,0.03224947714312831,0.0015660249351300837,0.01626883894397052,0.010170115157317194,0.08113673141761502,0.0017437938384928242,0.0,0.0027560621313720834,-0.0011638120671933483,0.02486327003641753,0.0,0.06189451878660773,0.046544890734125155,0.03345233157433658,0.06900376150503923,0.020746794390568923,4.019364843277362e-05,0.036062111057411195,-6.540653313313882e-05,0.024388440129434308,0.0558391773205234,0.021714884224409314,7.185371811585517e-05,0.0,0.0006571256789747459,0.017212148514456516,0.010936938330681545,0.10520189204177127,0.03209356668852653,0.060295114990068066,-5.551115123125783e-17,-0.007068952155816932,-0.0060293272964419,0.04698259384210296,0.018985358961741416,0.02666163243698033,-0.0022688728033180006,0.015478157531130354
-0.002724491958535191,0.0214599607112142,-0.0061533724902798626,0.014360123103943745,-0.015702868424172678,-0.008513333553021918,0.023120626851512005,0.014962222044851203,0.0,0.01778238302562929,-0.02627635838725284,0.005318923588152946,0.02103436500936745,-0.00857942115474658,0.005482238722416266,0.052958140406114795,-0.010377129931755935,0.0034282511009160466,-0.00025812258497398544,0.03016181483177871,0.0666952260070538,0.027615515759982112,0.0029366771043267126,-0.0021742800519837235,0.011341329368412978,0.0053415686777994464,-0.03620358291629194,0.02204295607071366,0.02634739909104794,0.01163043530313268,0.015493205078923988,0.004515793784531819,-0.015947092206144264,0.008602340499179406,0.010391454107388842,0.012102484790641466,0.009652265838206553,0.011066116392092262,-0.017538331666949014,0.0027887926506301453,-0.055063107463467265,-0.006305720856474795,0.04161924486668289,-0.013768742671970868,-0.00022793001350690512,-5.551115123125783e-17,0.043904505204918065,-0.010170100507573276,2.7311068306334896e-06,0.027963032587546954,0.040035898193994224,0.034086541686687566,0.015558120322862745,0.012761104261039713,0.01780905697564822,0.03640586541527813,0.0019141231556479843,0.020754118237672148,0.019609947982794806,0.036485251111019246,-0.0008301017373654185,0.0,0.0,0.030489319627292732,0.044551961143526275,-0.00031212601186553224,0.000398769552521383,0.034024739524114,9.598390636356147e-06,-9.091693003215884e-05,0.03242074087451485,0.044187349511320195,0.018156396986136247,0.04766410872190702,-0.0006480995776170229,0.03532247631074359
-0.0011951239926387691,-0.011151948815947832,-0.0010041562162381723,-0.023512089050238133,0.006242857223313636,0.0021532318256768934,0.006963797168508146,-0.030735676413309543,0.01778238302562929,0.0,-0.0032051306857663886,-0.0038048818354453062,0.0035402213938264815,0.06309822281428346,0.0015355721676832967,0.03483221801146974,0.009238637539434824,0.015071876939173834,-0.00452139018876857,-0.017301832408503248,1.1412546013278568e-05,-0.016061324410981126,0.002511697022082371,-0.018746003701592906,-0.025134858836680485,-0.054947757414079035,-0.013807623958223214,0.008879133442412868,-0.006973085010592517,-0.0028324084373801406,0.012440429442040102,-0.007348219091116381,0.017992875681109244,0.015573330555979314,0.030323619391335155,0.02316060405588055,0.007778898083987129,0.005045168233483166,-0.051610845565465024,0.0281162700017889,-0.025716184767131944,-0.000703343653837174,0.005728867294211404,0.022065218161735678,0.03603979157694781,-0.005042022727800244,-0.0019150414207830813,0.00028300390123214836,1.5507602927233854e-05,-0.0012164253362150212,-0.00016265990382885454,0.003503657471881194,-8.84234909459547e-07,0.000115773261960328,0.020153627341846614,0.00033450723305522567,0.020767163333627547,-0.023211921778846456,0.0,-3.4307789755105844e-05,0.025211220100592513,0.036455069952787744,0.027952034565074058,-5.0974303465456394e-06,8.282036228002276e-05,-0.0007097552412578256,0.0005011258268663443,0.0001884050423963668,-0.009039599664169229,0.03337788241828443,0.014630590249935516,-0.0007271524412363894,-0.002626008939460134,0.001432671236573202,-5.551115123125783e-17,-0.005329030391223399
3.956284013434397e-05,-0.0008242899877665688,-0.022245715799674104,0.0005736597148112144,-0.004387571593285899,0.009091623957492079,0.020648390087159962,0.020847612750913014,-0.02627635838725284,-0.0032051306857663886,0.0,0.001467700657531934,0.021690374194940965,0.024957246571694514,0.0,-0.0002001100327330141,-0.004198003408748985,-0.004463215295307688,-0.02401989487917161,0.0001276172175075918,-0.046090498563466975,5.011719523273506e-07,0.01954765852872503,-0.008311453302717764,0.005572218610119362,0.0054447555777334955,-0.030241890619262468,0.02604053443238641,0.014250767226712036,0.01103394155299986,0.013838610683585717,0.03226904348753912,-0.00833265004909578,0.008480192462037794,0.010562970532840499,0.04722839508302373,-0.012183344059794488,0.008857422058427988,0.03517988960758528,-0.0027891913494159093,-0.026776684513486304,0.0011868849836937923,0.05568593004302658,0.0020756597772723095,0.0002369371342165194,0.0,1.1102230246251565e-16,0.053441567850045835,5.288455206531317e-07,0.06226483925366577,0.042852107612723456,0.023645061370237364,0.04089731923297485,0.018649611863020665,-0.001709907335451788,0.061273105648582904,0.002790623421337679,0.041381320638280816,0.04712498818728983,5.551115123125783e-17,0.0,0.0,0.0,-0.04614121293370149,0.000822285830232361,0.0,0.00045125873208257117,0.033955974500841035,5.551115123125783e-17,0.0,-0.026381714178802917,0.03915935108057872,0.036416288677388164,0.004673013329982378,0.0,0.0013069935038237945
0.012579634575134946,0.0008347644214707906,0.0009197966574713279,0.01762556866004744,0.010885842955432545,0.013025784189385159,0.0002546372051011603,-0.027967433817282727,0.005318923588152946,-0.0038048818354453062,0.001467700657531934,0.0,-0.007945897640432131,-0.02228056087035879,-0.004109707930730178,-0.0001002140264942386,0.018957497922892252,0.031047970656146284,-0.002691826699757982,-0.0015878839098634745,-0.0022912781895806367,-0.004460416646968335,-0.009046184769650911,-0.03307162066395919,-0.03136467360629602,-0.03301384321725942,0.011582962294193144,0.0010723206736212854,0.0011100899575590129,-0.04550107212242216,0.012430894735833198,-0.01574750489395471,-0.006225507610571945,-0.003802484965706121,0.00568671010619981,0.022009429301671657,0.022829797790031248,-0.016934947352224367,-0.028248625388091586,0.020557035553215752,-0.049723711727242326,-0.042788773602737584,-0.036530792936740664,-0.0008713510824086557,0.030963287085911118,0.0033766500628963914,-0.00045295339018913694,0.00025662500438627944,-0.0009214982165598462,-0.002589589018405114,-0.0007189473224050169,0.0006711610051720607,-0.0002731826450576569,0.00021607014394070534,0.014284718720294076,0.0010845002058113007,-0.06017735152967879,-0.10013203286768957,-9.204337337220814e-05,-1.6207845539961685e-05,0.00203647269028695,0.011663033440592885,0.02098233198983307,7.888030640423871e-05,-0.00016732201496932886,-0.0007954738587629961,-0.0003694082947023891,-0.0020239000058086543,-0.0009173789123865239,0.023998231648973467,0.012246353351369588,-0.0010243856216840541,0.0014081567791264238,0.00226440483326501,0.0,-0.01815348809783135
-0.013012076646525539,-0.0002632100590831965,0.007924374365053333,0.02329873729159343,0.03708105398649009,0.01183564123594949,0.02566824505627535,0.023664498508913778,0.02103436500936745,0.0035402213938264815,0.021690374194940965,-0.007945897640432131,0.0,0.013856515237958722,0.006858027180157877,0.017420597100803126,-0.007731566020994229,0.008099974173280178,0.01505835019973173,0.002145432240166667,0.018247908244830413,0.007723583072394791,0.020641252858168313,-0.005176115577010976,0.014856246057034062,-0.013174005815293488,0.012072293611576912,-0.01523076881869373,-0.009511245567800364,0.023657354025408972,-0.0008729584185446226,0.014673208067039756,0.0021183052114082668,-0.005027429002907979,-0.011192093608685838,0.04450567943876327,0.0331795150149895,0.0012714315496034634,0.03565228258523406,-0.020302643907564755,-0.02732525178056794,-0.02316444856069083,0.010186836460478632,-0.015417484381038737,0.0016887170200446944,-0.016043541550595453,0.026202600166668977,0.026777482724921087,0.0,0.027239576909375507,0.032579508882326746,0.03267326209639532,0.019786025585171063,0.032053701926446077,-0.00030139731222555977,0.01614842681189227,0.003065441005327574,0.034608119260418846,0.015330184794093316,0.039224515475764776,0.012561736139670654,6.256626695383405e-05,0.008276808211181153,0.0074603903105494584,0.01742781395315801,0.02950271479711969,0.012538331738086661,0.039102998470451567,-0.0005122128694824979,0.01334099334032196,0.005008382465304662,0.04061374695366726,0.030460036858654504,0.036247553416987766,0.011529245443788971,0.022015903148886407
0.0011536708712098775,0.001379037969218122,0.006702195025050706,0.001158797277824808,-0.022197818823741722,0.06100325575820209,-0.03040267184717832,0.016086975069491583,-0.00857942115474658,0.06309822281428346,0.024957246571694514,-0.02228056087035879,0.013856515237958722,0.0,0.00017812877150641393,0.0017436399783831713,-7.10614835852108e-05,-0.00023505258956185715,-0.02309433674280409,-0.0013159084267767018,-0.030489994165592005,0.0011696225883570666,-0.0061483860023314185,0.0005149251359457541,0.003941781878961659,-0.025393118545030513,-0.014165516748457396,-0.018176836349799108,-0.001688582745481948,-0.07722429681212395,0.011067464200559096,0.006969847312638777,-0.011298735345373845,0.003617356221650825,0.012124075886827512,0.01415250731676354,0.016068668231409677,-0.041745631621204704,0.009892855679603185,0.0,-9.742648748573002e-05,-0.00032961950400767215,0.07129085613830449,-1.522281173949036e-06,0.0,0.0,0.0,0.029225377505522676,0.0,0.05879128135674455,0.0019784889993137433,0.003415575450860575,0.015429328009138543,0.00045140290956752205,0.0,0.052361987573155355,-0.00042026515881166127,0.00404908521756886,0.004306591624346767,1.1102230246251565e-16,0.0,0.0,0.0,0.0071827831201375925,0.0,-1.1102230246251565e-16,0.0,0.030410525533331567,0.0,0.0,5.551115123125783e-17,0.03475566120604967,-0.009932437319525922,1.1102230246251565e-16,0.0,5.551115123125783e-17
-0.008145110562224722,-0.012473988999256724,0.0007459376713286892,0.00020838679572754426,0.0013000504412429836,0.024549776439872883,0.0007997481488836167,-0.005434332081226456,0.005482238722416266,0.0015355721676832967,0.0,-0.004109707930730178,0.006858027180157877,0.00017812877150641393,0.0,-0.01365039562981507,0.0021560178801062757,-0.016857100042843187,-1.1102230246251565e-16,0.012101871965916278,-0.003296152331622615,-0.012977115665989802,0.010434366729480338,-0.015945073506895446,-0.007619073977905566,-0.055625930502488985,0.012783439482936976,-0.017062753961796795,-0.005541098348162687,-0.015713886847034897,-0.038954427036785255,-0.03977749320182333,-0.014415181627841334,-0.04783216344052954,-0.05493449008254736,-0.045066506325467215,-0.05604942287129161,-0.025575172866524,-0.003233905210947796,0.02596647030292193,-0.0014667258085631074,-0.002616200194494267,0.004188221083895605,0.0003397065329881488,0.0,0.0007395079967880691,0.021457931838769873,-0.0016192897650202376,0.0,0.0,0.007151822791914675,-8.681619154093934e-05,0.01843745429001209,-0.0006420213006742559,-5.551115123125783e-17,0.0,0.00039122830407961606,0.012797341450612176,-8.66913060670882e-06,0.021757940034707268,0.027776047023053252,0.0002422273115332274,0.016888999941423843,0.0,0.002225126329903848,-0.012363584235373315,0.013459312727168937,0.018921412591776376,-6.419165498355861e-05,0.006888846730289944,0.010989805835762922,0.012751450963505606,-0.02184673101929563,0.002051241274610427,0.004649092381097897,-0.009743146402752534
-0.02342982919022807,0.006230658316358495,-0.0031387486793477692,-0.001843867415802336,0.03233404717278682,0.03694815267086071,0.026936563833782956,-0.018289702191865487,0.052958140406114795,0.03483221801146974,-0.0002001100327330141,-0.0001002140264942386,0.017420597100803126,0.0017436399783831713,-0.01365039562981507,0.0,0.02502552261432911,0.054438661294713364,0.0004149125715394164,0.015332963016229939,0.013996750359919485,-0.021432083109592437,-0.016080092042859262,0.01118274520799123,0.02618887345499854,-0.0153441943700095,0.012161380144207423,0.01224246860139161,0.026793125150300634,-0.012880768032506096,0.002800584412422147,0.0014031063055643944,-0.01578349930738726,0.01115007166670473,-0.006163760399457929,0.026534188047697915,0.0009739816448888217,0.00017015686360416504,0.023449833150979316,0.03268964883375458,0.03162297651682733,0.012035965706426455,1.1303884870250691e-05,0.0,0.0,-0.011928089495313987,0.03123152497286613,0.0,0.0,0.0,0.020119155611510453,0.00039084086213003744,0.0019236148938927,0.0,0.0031189081229106574,0.0,0.0026882891981840906,-0.003192557593745038,0.0,0.002106857210461166,0.026975022307760055,0.0023840210381472215,0.040869712246786594,0.0,0.00952848097379605,0.015625517028701075,0.030123627131727726,0.008774550923144553,0.0009558490742530568,0.026192837278536163,0.014550944280092626,0.003734850835001524,-0.026227051773783372,0.0022140345557474794,-1.1102230246251565e-16,0.015511108003394947
0.0508351045613617,0.06499643526664695,0.002677388209558096,0.0013901707880513148,9.931302488908056e-05,0.004075534415013515,0.007863735224248491,-2.5676266953822413e-05,-0.010377129931755935,0.009238637539434824,-0.004198003408748985,0.018957497922892252,-0.007731566020994229,-7.10614835852108e-05,0.0021560178801062757,0.02502552261432911,0.0,0.01375424079031684,-0.0028254224981444365,-0.015807359633215834,0.0035938965303005665,-0.008190233933219049,-0.0008535714788903137,0.020095441563150185,0.028839288283494635,0.013410813438173352,-0.003423905551999673,-0.009745925731107219,0.011394923150429559,-0.003032198699539468,0.012939032473267054,-0.002764424671327481,0.02587816845702634,0.010290276014794042,0.016505743132516626,-0.013872251708774264,-2.5507456982321042e-05,0.021564362460167075,-0.0008609267392339914,0.048483127450541286,-0.004036574471872778,-0.00036508889249664556,-5.551115123125783e-17,0.0,-0.0034075599790802658,-0.0009386791645896175,0.0015784889361848964,0.0,0.0,0.0,0.0,0.0,0.0,0.0,0.05175599964011218,0.0,0.033204252807310375,-0.0004184597731602957,0.0,-0.00017621698358055715,0.051802297581191425,0.03767729225523997,0.04082466946298513,0.0,1.1102230246251565e-16,0.0,0.0007403260970956782,0.0,0.022468038215825048,0.040998742793437015,0.030980043970729176,0.0,0.0006210981996003229,6.812363555841472e-05,0.0,0.002763742511428968
0.011966835768143613,0.008037077210912957,0.0008428798157734119,-2.5887780606026478e-05,0.01704107686779155,0.02361722030967589,0.01626789293853348,-0.021775015067172,0.0034282511009160466,0.015071876939173834,-0.004463215295307688,0.031047970656146284,0.008099974173280178,-0.00023505258956185715,-0.016857100042843187,0.054438661294713364,0.01375424079031684,0.0,0.0005041488419212925,0.0012263959984932793,0.005294821925209692,0.0025341782093749043,-0.005008208103143119,0.015232869946352201,0.015739589160971013,0.004414281433014422,0.00891082874450655,0.003310893767277945,0.02371738836585635,-0.019855777949330466,0.010506114442027314,-0.01733036300548052,0.004221255298245519,0.012097378977429407,-0.0031030520206320467,-0.08845235598686363,0.00013572442459941492,0.031086745541567873,0.03216218034112417,0.050243197421929786,0.04563115132568557,0.03337636691550527,0.0,0.0,-0.003278776573244102,0.015495912182116933,0.04048697806167362,0.0,0.0,0.0,0.031620625617018505,0.00019069223514806,0.002750294062462355,0.0,0.06781504661775395,0.0,0.05551213007738859,0.00024134741492620737,0.0,0.003420662979445821,0.04437623440467925,0.05633589525246119,0.05300002660819203,0.0,-0.000678403056216359,-0.0009146273139066796,0.03140709610567838,0.0024812043088313085,0.047639441724287857,0.05054994391314882,0.042574391008026236,0.00047097636916126895,0.018578347198911438,0.030816409055106908,0.0,0.04452175641788114
0.0,-0.0020559122569763777,-0.008581558154438507,0.0008639260593792941,-0.0032125365671679673,-0.013603647519753126,0.022352645015644934,-0.008354374550253285,-0.00025812258497398544,-0.00452139018876857,-0.02401989487917161,-0.002691826699757982,0.01505835019973173,-0.02309433674280409,-1.1102230246251565e-16,0.0004149125715394164,-0.0028254224981444365,0.0005041488419212925,0.0,-0.0009041998892768133,-0.0009800440214337014,-0.0016692092926206548,0.013602302669328215,0.01801463844212503,0.00023355164839211628,5.187800840578127e-06,-0.045308089018641085,0.017258068891857214,0.008958196929623297,0.0067708557204452235,-0.000989206266649112,-0.007271820083381453,-0.025877102341292813,-0.005341103776445255,-0.021755181279145386,0.000475196984865478,0.0019332472216757601,-0.010251779421613205,-0.02240302969846797,-4.7639268405730295e-05,-0.0019325765851026522,0.0012298580835305994,0.04653657170538528,-0.009137119505431723,-1.344504857780926e-06,0.0,0.0,0.06166754447344114,-5.551115123125783e-17,0.022790924702539295,0.0338698284015303,0.018378809238884353,0.019367973730980537,0.002112514237771257,-0.017550673193951205,0.10573128968157963,0.0005478746561584091,0.027478380362266464,0.027799272634964234,2.220446049250313e-16,0.0,0.0,0.0,0.04389341014932102,5.864125082749583e-05,0.0,-0.00025517417732640046,0.026157272624896755,0.0,0.0,-5.551115123125783e-17,0.03298556373305206,0.018417718063821087,0.006605197016298081,0.00020216912839599033,-0.0002480584150962306
-0.020169649742734774,-0.015644573323820743,-0.0015141226944567765,-0.03434292613541268,-0.008115856070055938,0.009659788670799252,0.005433045541079318,-0.01049245883720823,0.03016181483177871,-0.017301832408503248,0.0001276172175075918,-0.0015878839098634745,0.002145432240166667,-0.0013159084267767018,0.012101871965916278,0.015332963016229939,-0.015807359633215834,0.0012263959984932793,-0.0009041998892768133,0.0,-0.004084275776525426,-0.017094689159406318,-0.03914068633316431,0.007606034332924172,-0.00531523201309847,-0.010011570282887683,0.0009838611698837485,-0.02644307580567784,-0.013265261986652566,0.03550401377727208,-0.015864924732462815,-0.03772008140944716,-0.03857196178272215,-0.030371782070838627,-0.05136947513025525,-0.03911108108296368,-0.04350893680730489,-0.03167184483677826,-0.014567797763410717,0.0021715064048444255,-0.0052963644580389935,-0.020329818034902636,-0.0069016737023869235,-0.0032670693677540052,0.000157824578170207,0.0018999964596041474,0.010425159616278767,-0.00047056928107497287,0.0,0.0,0.02253377863343725,0.011590133977413708,0.005193359008492493,0.001609839182535766,9.501114099225161e-05,1.1102230246251565e-16,0.0015172600243927858,0.0030376970572524864,-1.1102230246251565e-16,0.004340501767587601,0.0050360600040377235,-1.798204124525693e-05,0.011028723044767708,0.0,-0.002905955264644877,0.0030761816982360912,0.003091655292371598,0.039225103356053226,0.0,0.010400858586201767,0.009829653921393788,0.03010562041890924,0.0105312415399621,0.02436186159806414,0.002047040277371237,-0.012814506307488871
-0.03324825313981933,0.0182941219522878,0.004373952857036234,-0.0015180392688666222,0.0017699899214075887,0.03543632906145794,0.03237426581457531,-0.00196531360931268,0.0666952260070538,1.1412546013278568e-05,-0.046090498563466975,-0.0022912781895806367,0.018247908244830413,-0.030489994165592005,-0.003296152331622615,0.013996750359919485,0.0035938965303005665,0.005294821925209692,-0.0009800440214337014,-0.004084275776525426,0.0,0.00013510834700536378,0.003860261235158091,-0.032191207901082264,0.009430846853117625,-0.0053518497607963345,0.021571482452315105,0.005784629786410922,0.011314232741954977,-0.014378389199747155,-0.02371054177329418,-0.018651466547383033,-0.01337365788814443,-0.014294911530019605,-0.030503844851781925,0.002231801037292591,0.02560887095751646,-0.038668213866953016,0.004653865077631769,0.04970186285913508,0.01064943786356043,-0.007375333309004861,0.0021497703823758485,0.0,0.0,-0.06522037198902342,0.014055535285119103,4.930658640800445e-05,0.0,0.0,0.03387677267447242,0.0015135625645751327,0.002535146142474909,0.0014994472748641186,0.00030057561022178714,0.0,-0.0003098117635157438,-0.002216602649286914,5.551115123125783e-17,-0.0013835164314571213,0.020400566249874075,0.0,-0.0011219570430048842,0.0,-0.0011013063684718882,0.011670737493086503,0.013643668451982727,0.04634471175980759,0.002369411714293057,0.004014589001894997,0.0022936552933244814,0.04404090706008623,-0.007486007213686197,0.03679081411357954,0.0033593311938577286,0.02401466852419698
-0.020759353393535185,-0.001525107629021638,0.015097299645203843,-0.03365661263303171,0.00284111976663709,0.010205150151442577,0.0176120841522317,-0.00795865587502087,0.027615515759982112,-0.016061324410981126,5.011719523273506e-07,-0.004460416646968335,0.007723583072394791,0.0011696225883570666,-0.012977115665989802,-0.021432083109592437,-0.008190233933219049,0.0025341782093749043,-0.0016692092926206548,-0.017094689159406318,0.00013510834700536378,0.0,0.001992859656258783,-0.012842567301438679,-0.003117615306531707,-0.015968486649573066,-0.014041749895785383,-0.008210448147419946,-0.005947858533556449,-0.007949756163373456,-0.01596836758591469,-0.026718814145113623,-0.006198198061962978,-0.026828708799809253,-0.03966212496510152,-0.0351129538384376,-0.02774471918204613,2.983690186614263e-05,0.004674271974898114,0.030164649914838415,0.01520031873414085,0.016770585716431197,0.032945382830518954,-0.00034796594185310115,-9.693058218296358e-06,-0.020995179736568337,0.02995771576079359,-0.002357919993845603,4.767048636389326e-06,5.94917417218177e-06,0.004515047317010301,0.0031298925282848278,0.00332937305954073,-0.0014908155667798795,0.0018820129221230886,0.0,-0.0006441288120386801,0.0004955972345120907,0.0,0.014771280303886247,0.03586166955464509,0.032446562213540975,0.03149834328986645,0.0,0.006328874734124579,-0.0008017756040900048,0.023342235936795575,0.011030561938322025,0.00036083208650233844,0.02669192532788195,0.019069624896719817,0.003239660084034257,-0.015042461265281415,0.0004964037910177854,0.0008431628054592633,0.00549041068317907
-0.0348115939849134,-0.0013640110173493425,-0.007148580353720846,-0.005168878470730942,0.03616928338858988,0.012862498885213403,0.03417559695733274,0.004616666026989402,0.0029366771043267126,0.002511697022082371,0.01954765852872503,-0.009046184769650911,0.020641252858168313,-0.0061483860023314185,0.010434366729480338,-0.016080092042859262,-0.0008535714788903137,-0.005008208103143119,0.013602302669328215,-0.03914068633316431,0.003860261235158091,0.001992859656258783,0.0,-0.030219014737999372,-0.010550345186070342,-0.014294768120813484,-0.023477685437475526,0.011909182194246748,0.021443084474446872,0.0019464926767523982,-0.006755910058839132,-0.007619201892176075,-0.009008386527155965,-0.006983108756323908,-0.021249525715290762,0.013487738240900049,0.000958568109977409,0.023421075713794426,0.02031045300508222,0.017162059929900497,0.022008406912030654,0.03000390801600572,0.04322940766944661,-0.0016317020639057822,0.0012379831939572372,0.0023341043581783794,0.0011873097072309102,0.07484952394932742,-0.0009065678023744139,0.025114055640529154,0.0340078103985767,0.03691478528605474,0.029172563316114952,0.016475528759723357,0.022048021449048716,0.07350464936849033,0.0014277361453640114,0.02138236707133845,0.05952003597863431,0.010229922905104993,0.003980739109920695,4.374330402762139e-05,0.0020032408003947677,0.09568798750018281,0.016729683706985854,0.012996874426020655,0.0020511522322042564,0.04959330867838385,0.0002855685266211494,0.0020428365497999756,-0.0008449015029146634,0.04410485123719943,0.018599254875507953,0.03633958835718476,0.014447690953866887,0.015151824708568573
-0.04082345761100087,0.01838973788176801,-0.00024158184307576658,-0.0020417519532152095,-0.0005518326218274527,0.010113492289377635,0.002917762822975345,-0.03500266174706418,-0.0021742800519837235,-0.018746003701592906,-0.008311453302717764,-0.03307162066395919,-0.005176115577010976,0.0005149251359457541,-0.015945073506895446,0.01118274520799123,0.020095441563150185,0.015232869946352201,0.01801463844212503,0.007606034332924172,-0.032191207901082264,-0.012842567301438679,-0.030219014737999372,0.0,0.001495886079444897,-0.014688389572445837,0.013505925219683801,0.004513499691543799,-0.01690867328291884,0.0002817488553460423,0.00944913605588149,0.036813546135883,0.03039400306960871,0.002656942558320885,0.023155390330816372,0.00976960519133191,-0.0032016048954564558,0.012787449023149516,0.06385461836447337,0.012220515769609586,0.004416426538119522,0.01207990027612782,-0.000653882999665456,0.0005777069429311332,0.022018666500715378,-0.007664613131193432,7.686586255795103e-05,0.0,-5.551115123125783e-17,-0.00017277803703852346,-0.00022672920753374903,-0.0001722272030942884,-1.6653345369377348e-16,0.00029386446213897077,0.01691639223070246,0.00022955669731755668,0.023385344777491324,-0.002127020394043,0.0,-0.0012632020978851077,0.04803486197552104,0.04087187186386848,0.043097049353672146,2.1055177524931246e-05,-0.0010751349526224585,-0.0021552068926573575,-0.0018725776543038752,0.0003415946630271893,-0.024437237700123182,0.037429887760852765,0.025732946347965635,-0.0011237091841733715,0.003487860770250817,0.0026580711190189454,0.0,-0.01586944672599766
-0.0009663722691319876,0.0008778184155185942,0.0193713176082681,9.070869343119625e-05,0.028344921075483753,0.017472486846334845,0.02540482368112834,-0.023894557479879452,0.011341329368412978,-0.025134858836680485,0.005572218610119362,-0.03136467360629602,0.014856246057034062,0.003941781878961659,-0.007619073977905566,0.02618887345499854,0.028839288283494635,0.015739589160971013,0.00023355164839211628,-0.00531523201309847,0.009430846853117625,-0.003117615306531707,-0.010550345186070342,0.001495886079444897,0.0,-0.008163706719539865,-0.0014226868158778716,0.006972391208164119,0.0089824868105281,0.01123519487489738,0.0005874595137488337,-0.02392518657211834,-0.0010364810998975682,0.0030985198895976396,-0.014730291299748288,-0.07372811250638317,-0.0005887619863820803,0.021965670785820568,0.023537547248670465,0.04498919663479278,0.04391852997058787,0.017956305234311853,-6.5993718855739125e-06,-5.551115123125783e-17,0.03781772835852859,-0.009640091996217848,0.035025668724506354,5.551115123125783e-17,0.0,2.220446049250313e-16,0.016570765115402286,0.0017399441979384367,0.003277961538399876,-0.0011088197804956512,0.04605690566664017,0.00040851825983267975,0.03400176611253164,0.0012245415589035025,0.0,0.012963644198751512,0.0337705754260586,0.040263569595857085,0.0429235355830373,0.0,0.017132149021258147,0.007570959725030246,0.02982049413161386,0.014009636084235055,0.019273314874490133,0.03348681673519688,0.02288611862286105,0.01657723743297196,0.0040631277931261756,0.006877840083196973,0.0,0.02443092337890218
-0.015884389183366876,0.0016717398100679626,-0.002987281584948931,-0.0013628983144657325,-0.00039183771494294417,0.008241857771923655,-0.0038410544611853226,-0.024472630788240024,0.0053415686777994464,-0.054947757414079035,0.0054447555777334955,-0.03301384321725942,-0.013174005815293488,-0.025393118545030513,-0.055625930502488985,-0.0153441943700095,0.013410813438173352,0.004414281433014422,5.187800840578127e-06,-0.010011570282887683,-0.0053518497607963345,-0.015968486649573066,-0.014294768120813484,-0.014688389572445837,-0.008163706719539865,0.0,-0.0017306628978717709,-0.015411747457975078,-0.0022771453003038733,0.0016046199531353222,-0.019381484526627524,-0.029068977536717555,-0.014951797745711648,-0.023359576653042058,-0.039200381913182314,-0.037651053642082044,-0.07400489323092324,-0.002742446716084257,0.01430607106036158,0.024248164773071845,0.024843551395523966,0.004655891197237805,-0.0002471423060099176,-3.7182658444157024e-05,0.009186459980928763,-0.018268062307728206,0.028488120403945327,-0.0011530709339130918,0.0,-3.4265984839021435e-06,0.005839768477823526,0.0027937683190242812,0.004301745945824609,-0.0006834669363838253,0.0300952179651246,0.0,0.01917648267802663,0.00022000298464364132,0.0,-0.007682985412274523,0.02770077206721544,0.02950339274126601,0.03174102895132458,0.0,-0.01186787808535189,-0.017497653139340763,0.015013844912762975,-0.006190235215856321,-0.0009119941577142021,0.024150855161353568,0.012354015475938784,-0.01769608489584984,-0.009992389047488448,-0.0007289336174958749,0.0006918631123744579,0.012937104927459975
