0.0,0.5478090547659922,0.36724531222125023,0.0,0.4076770924375139,0.40944315886173865,0.3335997664658811,0.251697874599262,0.4461225141040621,0.544611706530168,0.4429071217293293,-0.08556915641420715,0.4542602104914688,0.5090189982983062,0.48695595660457164,0.4816586097393364,0.419399425741578,0.46233195460274734,0.0,0.698310748847994,0.3143921974309164,0.511504698783884,0.27764322330152447,0.41959367116788693,0.3970628597126996,0.3121623112832589,0.5566977111695899,0.36654369036744705,0.539822433696475,0.6595194575149284,0.4054441902463029,0.7060074779960351,0.6100203581020767,0.4357154538358482,0.5194433246276119,0.6431350294104925,0.4970276523799223,0.7020768700772674,0.7232045995368375,0.5590041846358021,0.5147177142644273,0.591761921764583,0.4675974567494219,0.0,0.45613170641088063,0.7491178617058023,0.7241316753640159,0.0,0.0,0.0,0.30631649463191896,0.0,0.5864012176493961,0.0,0.5481324293068738,0.0,0.5557209006174351,0.7145834093938523,0.0,0.572098568357357,0.4010467042136734,0.2843059196858331,0.27462621162354345,0.0,0.18447479401563252,0.5571603051388663,0.6298226659606527,0.6316029228435999,0.6026642888101428,0.5737483803463495,0.8299713323858053,0.45356855707443566,0.3890511475002807,0.2809517542013261,0.0,0.24219415757555668
0.5478090547659922,0.0,0.19127809766136955,0.3398028334315386,0.08094738019375064,0.24212780504812592,0.14597725994050764,0.04472249284844104,0.12023826566583692,0.462444980303782,0.3227359000654955,0.41932376119651915,0.26299598941888647,0.5051605266001193,0.5475910716365621,0.5444534886002041,0.5980698489708871,0.7147275226296467,-0.5642017032399572,0.6450506173051417,0.5076974621716823,0.5695117717542835,0.5690441610458065,0.4248813841476548,0.7219957253232978,0.5044387232673271,0.5269839158950965,0.35829915210895247,0.2547815797638922,0.4264203128242608,0.5448193470349332,0.5763053356753072,0.5516490879977504,0.5485734148256298,0.6365738644669822,0.45673892294238283,0.22683260828085922,0.0,0.6346468613551166,0.617425765486491,0.49426008693403123,0.5721906274462278,0.6359789439119858,0.0,0.0,0.6668706351531398,0.5962094656209855,0.04693677883827717,0.0,0.0,0.4078384726035571,0.6068460209042064,0.5660043948620175,0.5652903592001748,0.6094135025267831,0.0,0.4435140294284555,0.6914933926291116,0.0,0.5990284916421641,0.5115540236494591,0.6222930638313124,0.5128078608531457,0.0,0.6029470441380373,0.7963140110975622,0.6800040083550815,0.5773054667108144,0.4386089430301534,0.6079150146594166,0.6254511242372272,0.4853754283802676,0.5531053216029276,0.4951884720545913,0.0,0.5404039335014574
0.36724531222125023,0.19127809766136955,0.0,-0.25218849584145925,-0.09832587098927309,0.02305297306118792,-0.1749676048537005,-0.28755850759863255,0.25903889950409303,0.5421077417730167,0.22165537858555923,0.5437538758740617,-0.16802091837987165,-0.26746617889765817,0.33820540800627424,0.04377426325866751,0.6249106428666311,0.5175295895191102,0.35535239989375667,0.15022469089427903,0.29806490124709006,0.07562165163980841,0.16564652256743367,0.40209436442417235,0.29778814970458933,-0.049754491991148064,0.21294209195994657,-0.21150090611743638,0.23307046549852448,-0.2543908773220209,-0.2339572086447902,-0.22049888874099727,0.514103571723385,-0.19198365939756878,-0.2129772719617521,-0.2166461875084184,-0.2052899139499621,0.4973843030111861,0.6456148799799346,0.4952733283722698,0.5208275264311879,0.5284063181080196,-0.3235411342808912,0.679779565032997,0.0,0.0,0.20328718173470084,0.03111709701702875,0.4790259798364008,-0.14696124272225924,-0.28842425393119303,-0.10986772030624725,-0.36014281578000934,-0.07586018444125514,0.372168055716636,0.2821395066843285,0.4719548468240342,-0.06334106902683018,0.6172196768837612,0.2464289736989949,0.0,0.0,0.0,0.2205545423115501,0.6391698149516472,0.44706036925131376,0.10152571609269298,-0.3155555671510813,0.0,0.6324763379527212,0.3499539933803223,-0.26916045939563604,-0.08453408770032927,0.6157170582301668,0.6896855194996199,0.42333470478256024
0.0,0.3398028334315386,-0.25218849584145925,0.0,0.37440826510483005,-0.11243231223703226,0.5774625950518051,0.33688574535738364,-0.1967498499511054,0.3002227327898642,0.09146232491240414,0.3358501015813697,0.3562421553065436,0.5700997976036069,0.6027878524885373,0.10171523815902123,0.5595863308676277,0.4666759154316221,-0.15054127619408825,0.5924407927617203,0.4087571964684985,0.5359929882406405,0.1858642295586973,0.24110898726333196,0.8764357028464376,0.6154092611565118,-0.11494261760412211,0.5480126927012062,0.45963263624216444,-0.31278710890057276,0.3791025507783785,0.02094146034406258,0.16819120028414322,0.10114825514786774,0.0691898191106991,0.41575447805006505,0.3650234387627913,0.18947758998928038,0.19098202862108116,0.30123587944909636,0.3816052065001134,0.2918176476857537,0.23311178606873012,0.24010852546541617,0.0,0.0,0.0,0.4027493472127013,0.0,0.0,0.5948612500472114,0.0,0.4641103164009135,0.02085784299421845,0.0,0.17912393056075165,0.47979135607248824,0.45332646619606193,0.0,0.0,0.0,0.0,0.0,0.0,0.0,0.0,0.47852472567115545,-0.2759866724797954,0.0,0.0,0.0,0.5111895290992883,0.5450712426189837,0.5837703255438753,0.0,0.0
0.4076770924375139,0.08094738019375064,-0.09832587098927309,0.37440826510483005,0.0,-0.09697167631291065,-0.00561445582972786,-0.041186342312843016,0.09341104835904274,-0.15515769192978163,0.14811982738357127,0.5035789676268877,0.1587079051797536,0.206936888270707,0.4916626605662414,0.24898924407997175,0.5869075110343287,-0.0937347507882327,0.09854777396078104,0.23849370190591251,0.5032561273761881,0.1248044020507777,-0.12228935111467798,0.5243669987092419,0.2342882013446848,0.10869024042958256,0.01812020250863322,0.21024985314879885,0.13294903117916299,0.49308964244970477,-0.13641315741648152,0.05419082860343161,0.5028533397303728,-0.11933120223022092,-0.07729327511348866,0.22854601264252025,0.29638600786073854,-0.1736842498740494,0.174489633664893,0.7108024175083933,0.5681153355400583,0.40394770444356787,0.5291681951381666,0.6598401324030806,0.25815651060875405,0.0,0.42247056997161614,-0.2541867097869348,0.0,0.042286053411407565,-0.21837429980250994,0.6091402932050001,-0.1688352028776417,0.5700160446390725,0.0,0.07380575537824088,0.3539855226865264,0.002699876097386922,0.5222705308580062,0.2557659672643763,0.4570239881493683,0.0,0.0,-0.21237763467379367,0.3188026148954493,0.4948583626219869,0.363382218903605,-0.23822355115051025,0.0,0.4960484517364314,0.5670023301019604,-0.1855698130737921,-0.09011445656629452,-0.21476309784630226,0.0,-0.3110236599672647
0.40944315886173865,0.24212780504812592,0.02305297306118792,-0.11243231223703226,-0.09697167631291065,0.0,-0.09116961764757198,0.07071850816398928,0.169438800168705,0.6030511627128781,-0.08309303941604501,0.7125089826139892,0.24558947601741438,-0.22542365265208097,0.49026906083716254,0.39829368034002466,0.5319805810943293,0.34645166127862925,-0.07863067842604715,0.39317005357104307,0.34483001255256585,0.28346497209290444,0.3447459489584144,0.3695438991574028,0.3496654483600894,0.34643053635281806,0.4924046776191868,0.314484819534662,0.3864070904142317,0.12310547892071261,0.023325966438781764,-0.02634619921252279,0.5381647948401621,0.06156998825149629,0.30413088372894975,-0.21440342725208134,-0.1765698050657558,0.4937985446198782,0.17408757073411021,0.3375535241396974,0.1287722439916935,0.3606491062800663,-0.22999923870407557,0.5340137531697331,0.19578104221305787,0.6256490009175677,0.40159600067537277,-0.2686914541672821,0.5637840768457442,-0.19196900025021252,-0.10696125568017983,-0.12726856369135714,-0.0384778288707206,-0.29718968998121303,0.7026897802430395,-0.2579512298061314,0.33976600110599964,-0.05299252619861172,0.5612998535171039,0.4160040250077413,0.5102781823012779,0.0,0.5288064206428893,-0.2363057486014446,0.4171750468448316,0.40491458328636254,0.3885331384757309,-0.13777263500874237,0.5768198796051259,0.48603850235574747,0.40174202266001247,-0.03953657339606237,0.03400488745549435,0.1756500408526144,0.11078401617589151,0.03049932867699201
0.3335997664658811,0.14597725994050764,-0.1749676048537005,0.5774625950518051,-0.00561445582972786,-0.09116961764757198,0.0,-0.15051345254131743,0.027118013328268187,-0.19772612599869221,-0.03707409451562055,0.4060106810062365,0.1524213482888504,0.19616503491883025,0.5251987000966457,0.2874769545100518,0.5859890541686106,0.2794295331765566,-0.09037617548234167,0.28430426174452056,0.05391550868493189,0.23122169544425797,-0.1263484295939425,0.5261148324100628,0.2746642347324476,0.39380644494747175,-0.11473544637753286,0.31703255507165284,0.17328732684857845,0.4901457009502702,0.03742396325221575,0.07887223491355064,0.5653605449125862,0.06934756362820604,0.3178691550404953,0.33863869916776046,0.38800326137508445,0.5774533421935177,0.20365427835267647,0.43670595827141473,0.2729757415398068,0.4431210694855049,0.05922623797026044,0.8313123338620794,0.3523141998897855,0.0,0.6052546702717205,-0.2267443800461444,0.0,-0.2137455887770679,-0.1790599244379491,-0.10864337584869649,-0.22376724389357117,-0.28816082670575766,0.5895846185581679,-0.1330373202162311,0.4234672869910432,-0.09765646247716231,0.34036361553770667,0.32519430716986847,0.6044169051694518,0.0,0.5403049786196813,-0.3330044442308638,0.6171982835255607,0.48932712358715735,0.6166359521549255,-0.17624296837664977,0.4653146187960521,0.6109191250262274,0.2499630420657164,-0.11396366686475567,0.02273740822442738,-0.017229482947487496,-0.7091635537279362,-0.18416221003582622
0.251697874599262,0.04472249284844104,-0.28755850759863255,0.33688574535738364,-0.041186342312843016,0.07071850816398928,-0.15051345254131743,0.0,-0.24758071659085723,0.5428140202269647,-0.1876867123642998,0.6637712465347045,-0.04200729093026129,0.11819779286443521,0.42415257283821217,0.2848392256473596,0.47223965248985633,0.32808950155298644,-0.14611067254696536,0.3538418189330873,0.30265340500604554,0.2943842038015688,0.26299878325473897,0.16106416369343027,0.12467522632347797,0.06648008695346375,0.027124082876280042,0.0015378042191885322,0.2911961413701535,0.1567195960146533,0.045187122120456724,0.3930949336600316,0.5410916258650418,0.23842565116054004,0.431100494041013,0.0742056064464004,0.5390507663648688,0.5964802601947825,0.38871765634449706,0.4131068862850108,0.22977485179064033,0.47784532174095357,0.5521276738501689,1.2945976816760811,0.0,0.5592457276219984,0.35412178312626563,-0.3086168673685037,0.0,0.5864626973858802,0.6546223002427591,-0.1473619227405713,0.22962674768303498,0.6325276709702712,0.8223173859640242,0.557095966887475,0.9758998385843758,0.04820960172210764,0.5610851271644359,0.5783540311042901,0.3837990061779055,0.0,0.6636245226599384,0.6904261560123339,0.5098581852278238,0.5254752008081618,0.567110501704323,0.20277153694239705,0.0,0.47050439384506637,0.1850625223920389,0.2314687184572094,0.3138050040741775,0.38719050670053434,0.5184659962694175,0.2653029638934361
0.4461225141040621,0.12023826566583692,0.25903889950409303,-0.1967498499511054,0.09341104835904274,0.169438800168705,0.027118013328268187,-0.24758071659085723,0.0,-0.17904722560514036,0.20909663741627,0.6266054153188947,0.033660692200730424,-0.11996056129963517,0.6088093571352078,0.2111992116581704,0.4824964566218032,0.11138377379950232,0.29775437433780017,0.2823362697036288,0.2724395983305797,0.11845217138660705,-0.06273090850052254,-0.12148767572061597,0.25266541519684693,0.2680207879729011,0.17881785116064125,-0.19567304960748477,0.1594673087095599,-0.2092054990478574,-0.21460737243339106,-0.23312112157934867,0.6307387018997348,-0.1915729010891376,-0.16103701210252097,-0.17236811345842468,-0.15237493413055503,-0.13061553404193527,0.06329842143804087,0.5303664683865177,0.44087510325280854,0.3137935627696642,0.5543528854761592,0.41622441433308266,0.28442667062663285,0.0,0.5138041915432722,-0.3257878691607563,0.47538241589022834,-0.307208334109663,-0.29957686912786924,-0.04292159609600266,-0.31812860779166025,-0.309164326027863,0.210301218107737,0.6426107188147834,0.4674643492096704,-0.23022514525033533,-0.3016132620775144,0.4438202836029187,0.6931730003772407,0.0,0.0,-0.30040878707092966,0.6092823943068136,0.674734030320533,0.5705901184631557,-0.3226453282993663,0.32069547532387366,0.5651770683441328,0.0065805862144979466,-0.28884451076940565,-0.12195993231822322,-0.07339303957627447,0.4918875404502957,-0.2072907737178819
0.544611706530168,0.462444980303782,0.5421077417730167,0.3002227327898642,-0.15515769192978163,0.6030511627128781,-0.19772612599869221,0.5428140202269647,-0.17904722560514036,0.0,-0.21638273708938077,0.35228481938842204,-0.06586908713527628,-0.19924263354265354,0.48159085088065723,0.5949154557205665,0.5066506569313152,0.5663939386630403,0.5969705302952357,0.4252383047958481,-0.21278068151896967,0.495711674047956,0.13668796554160506,0.2694363051156291,0.5636856527156195,0.19015764803656932,0.5028381734401993,0.15761916488980932,0.47809211758191605,0.4138346116316334,0.2991193072265633,0.15171921805056685,0.37091224437923653,0.2577536862714883,0.21118488425363555,-0.03374205799336194,0.2173569923100899,0.299697992208948,0.21634287638073446,0.17826545342431813,0.1862836896075516,0.365989250828165,0.3043248837171807,0.3178580977353124,0.5162047747062508,0.6749272985144728,0.49003005469382266,0.1587879964329874,0.48389400409769945,0.4592242496779372,0.5282463397231316,0.45423571885911307,0.5676058458521356,0.2285671318068819,0.07522406114762903,0.42750833977883473,-0.07940456146454833,0.12090393645102104,0.0,0.9072469722664022,0.5747090270176766,0.0522835975015461,0.22177131502351816,0.4796254539888927,0.4723046478776135,0.5660975101858415,0.3352641337790415,0.5649244865035195,0.05793349348255389,0.14007797589640658,0.03599783223267344,0.571568006446334,0.562240829388793,0.3982576011054513,0.0,0.18047983537712448
0.4429071217293293,0.3227359000654955,0.22165537858555923,0.09146232491240414,0.14811982738357127,-0.08309303941604501,-0.03707409451562055,-0.1876867123642998,0.20909663741627,-0.21638273708938077,0.0,0.599469734856988,-0.0967522003989304,0.24935796583100917,0.0,0.5196148934909122,0.5793601499916914,-0.211632394731618,0.22183561519645748,0.45631321820334025,0.5454294250664357,-0.014606365234960339,0.01146582201789631,-0.22314450210459813,0.6019200887197045,-0.25567008703601973,-0.189716380255946,-0.1435438382247688,0.3963827643789732,0.5468777772165012,-0.18292169350519039,0.010164837853533337,-0.0010896224739764815,-0.07994342991459086,-0.21232345388269191,-0.01026281369730453,0.02129116898237121,-0.14563444454549096,0.038599606022608646,0.555969689640561,0.01146931086388675,0.4690495601478978,0.042866423605200765,0.5720377098272122,0.19082008576146411,0.0,0.0,0.17494055706004136,0.4747455433742219,0.030480000232612714,-0.1295957331209993,-0.020744892555938976,-0.04399764152976615,0.045800314286336574,0.49665128965973226,0.2564622368003461,0.400541520245616,-0.05876477989166018,-0.08327061519520185,0.0,0.0,0.0,0.0,0.21490243091728536,0.3555993083663108,0.0,0.6746063377020903,-0.22067516939992748,0.0,0.0,0.9494857742102427,0.0022550957185533127,-0.012611017389480561,0.36039752989647206,0.0,-0.16374273862353977
-0.08556915641420715,0.41932376119651915,0.5437538758740617,0.3358501015813697,0.5035789676268877,0.7125089826139892,0.4060106810062365,0.6637712465347045,0.6266054153188947,0.35228481938842204,0.599469734856988,0.0,0.2334902982175745,0.6251029455212089,-0.04231550317831051,0.7992644839950531,0.5157150264480834,0.6569831273947508,0.5712274049036281,0.5482065201246724,-0.21226963351026779,0.45429972747988817,0.0641088344565634,0.5129825812540247,0.38689874028788085,0.10373800900257502,0.541300738750913,0.3310136250982195,0.6193498679333833,0.3009013301488359,0.16075275719983628,0.350982917815285,0.4733708777499627,0.5238966120784521,0.5943761040589711,0.35820015913718384,0.5369885762533406,0.38284708994141564,0.4666730527187065,0.22039411053201494,0.29638580374230744,0.3066270232838606,0.43471203997756835,0.4601837131788257,0.4072196151791858,0.49232500339459995,0.5620729476531063,0.2678202277317427,0.19332791195003263,0.29327929711624834,0.34179066956510273,0.49274570728471656,0.24396365082681853,0.4207769399242484,0.028617267175412908,0.2412376619925638,-0.30552445260071415,0.14168583723201814,0.7227285126062144,0.6485330248409146,0.535003114887912,-0.009062140163030086,0.23343956326576742,0.34202991326020427,0.7775470552498337,0.7714990019413739,0.42272161826508575,0.4982907826232269,0.09879943925151269,0.11680270339865728,0.02781848968305639,0.3300333760333647,0.6373505079457857,0.511371900216725,0.0,0.28698033151100955
0.4542602104914688,0.26299598941888647,-0.16802091837987165,0.3562421553065436,0.1587079051797536,0.24558947601741438,0.1524213482888504,-0.04200729093026129,0.033660692200730424,-0.06586908713527628,-0.0967522003989304,0.2334902982175745,0.0,0.28968586364327,0.39848271257619083,0.3897239503529658,0.5724832678262114,0.39013914606983935,-0.13850146021473936,0.4667520175247649,0.163785930698904,0.36175166190389996,-0.018551443388573452,0.1764656618389259,0.3755879015840564,0.444651916862327,0.02774118290586286,0.35379576845211674,0.4500460892459591,0.1593861435658328,0.08291893895621447,-0.18581664947475074,0.2890365889911546,0.12496871309994034,0.34832058191569243,0.24961827002063056,0.27260175886897886,0.1697916470694512,0.3806754746487755,0.5100907581343918,0.45298496328951177,0.5943034201720995,-0.09362508656713697,0.49310865747085775,0.4370280012682163,0.6437350390846485,0.5476129258101085,-0.22332323467871718,0.0,-0.3319214360510884,-0.12979516293903642,-0.03344446883330965,-0.14245025528746819,-0.17899216674195723,0.21769184635904032,-0.17264161608843426,0.5083400781149654,-0.01335786758322377,0.39984616900659,0.2848954489669465,0.3231645483516809,-0.29996869947589183,0.20543279596154274,-0.3657062291205565,0.3194509525181267,0.1993996956484527,0.40802731251347535,-0.07067322002166393,0.5071877145095844,0.16095093515692796,0.30710803511973256,0.03199082352398003,0.11678845270113158,0.1147151003644647,-0.035659221797513185,0.09261796018628349
0.5090189982983062,0.5051605266001193,-0.26746617889765817,0.5700997976036069,0.206936888270707,-0.22542365265208097,0.19616503491883025,0.11819779286443521,-0.11996056129963517,-0.19924263354265354,0.24935796583100917,0.6251029455212089,0.28968586364327,0.0,0.5139040627955798,0.5619841029120731,0.49614520579956756,0.4778357819651571,-0.2432088371461042,0.3833340431939196,0.4822915414944021,0.2723004370821972,-0.3184917108340743,0.6685626783784058,0.4926246042807163,0.493999600329767,-0.2487507336491121,0.6025845001045915,0.3867220913806847,0.8180918478017166,0.5151968996495968,0.2339983198914687,0.24621080320620947,0.6619348697125121,0.3283052742382532,0.3178076172835952,0.31175170744007386,0.394410058795284,0.6896495922398744,0.0,0.7082652529289778,0.8503113661011114,0.5682090707975272,0.47832969766583544,0.0,0.0,0.0,0.5124093131174119,0.0,0.49459738032507095,0.4471165724047065,0.4150499738115975,0.5582461360266905,0.4655486667394798,0.0,0.5232010812919448,0.4085777790557178,0.751055116685696,0.4597665781266441,0.0,0.0,0.0,0.0,0.5007594804026748,0.0,0.0,0.0,0.5993783541160658,0.0,0.0,0.0,0.49919497734342166,0.7516972267687507,0.0,0.0,0.0
0.48695595660457164,0.5475910716365621,0.33820540800627424,0.6027878524885373,0.4916626605662414,0.49026906083716254,0.5251987000966457,0.42415257283821217,0.6088093571352078,0.48159085088065723,0.0,-0.04231550317831051,0.39848271257619083,0.5139040627955798,0.0,0.6684058273040003,0.4414076933079244,0.7051600422938609,0.0,0.7548931690372143,0.5483170790998345,0.7378239040909059,0.48683434134457904,0.5034635457146593,0.5097625644004583,0.5650106483149119,0.24484597224041318,0.392914416270481,0.46123448537172607,0.2306739766683987,0.6868546097713595,0.7157917027481204,0.7640296620496195,0.7292996023768608,0.7387628664690484,0.7232503952412602,0.4933549776771407,0.3769195701423619,0.6510080265150858,0.631064458183713,0.6286367738641574,0.611917992430842,0.511125954826845,0.6114258393768605,0.0,0.7020273919834584,0.7384644031769106,-0.01839301214729938,0.0,0.0,0.277293139645001,0.5038153612713103,0.39317342676596345,-0.030997942839960158,0.0,0.0,0.6834825059328542,0.4450622975644572,0.4768027355672241,0.8106398513461595,0.6438842138035787,0.6261168992270789,0.6133856003983131,0.0,0.7918102855827167,0.8225450826874798,0.8158368494228483,0.7724522371921396,0.4616374621449436,0.6646181480870628,0.5629716439270087,0.6165282013487874,0.27412181814930037,0.5173376113762266,0.5441394516230686,0.4817213134252513
0.4816586097393364,0.5444534886002041,0.04377426325866751,0.10171523815902123,0.24898924407997175,0.39829368034002466,0.2874769545100518,0.2848392256473596,0.2111992116581704,0.5949154557205665,0.5196148934909122,0.7992644839950531,0.3897239503529658,0.5619841029120731,0.6684058273040003,0.0,0.44704542161851735,0.8871824223527471,0.4561022401308975,0.46069101452094396,0.4426712376486054,0.5565441125430981,0.4452431863899853,0.5526674360861802,0.6235042686107729,0.5012291501723752,0.5079983803554587,0.39245726892104615,0.442495275396697,0.42315609995641795,0.6391096065854691,0.6891459121053196,0.6802717934146896,0.5282409180273965,0.7747428646678935,0.640928339878927,0.38710401374970527,0.6121262347327977,0.6080415971869215,0.3231379964330652,0.35634154691682673,0.36399881498204034,0.4661628719391888,0.0,0.0,0.37413337093829246,0.6086603210182572,0.0,0.0,0.0,0.44959914969190407,0.6011358582678267,0.8200021469241991,0.0,0.6192457741897395,0.0,0.4012270127802303,0.5725863312140811,0.0,0.6244528392552835,0.42320066282494234,0.3535589814639421,0.42778131594482205,0.0,0.3669954630084125,0.5894840412928056,0.5508857220252761,0.5572779313275975,0.07369858634175766,0.501233489267983,0.5738523983515551,0.4933150737172247,0.24039489113185708,0.4204289693662087,0.0,0.2096358145845023
0.419399425741578,0.5980698489708871,0.6249106428666311,0.5595863308676277,0.5869075110343287,0.5319805810943293,0.5859890541686106,0.47223965248985633,0.4824964566218032,0.5066506569313152,0.5793601499916914,0.5157150264480834,0.5724832678262114,0.49614520579956756,0.4414076933079244,0.44704542161851735,0.0,0.6365845064283073,0.6772030822159553,0.46809203101934904,0.5431816620949816,0.6207860680874981,0.5009197812654524,0.4077982985895501,0.3717693773759564,0.34323146813854183,0.5533068533519205,0.7852938424505593,0.36232379224947275,0.5003842015669504,0.5143358064143426,0.4038124629008212,0.48794995145900194,0.12421332040689081,0.3661239755679939,0.6117373319205787,0.25019882534667376,0.32915891063709674,0.5753501252759825,0.24771844552264224,0.03673264196201648,0.5448997527105589,0.0,0.0,0.46025674568839103,0.6498760736911205,0.5499171394839947,0.0,0.0,0.0,0.0,0.0,0.0,0.0,0.1156497976293045,0.0,0.07293109573226642,0.31495093967892385,0.0,0.7971643761938902,0.43000592430845436,0.09165735050594609,0.13919156260705387,0.0,0.0,0.0,0.5304304238996641,0.0,0.24401548519516794,0.28010711002540034,0.19427120567114736,0.0,0.29552459629521294,0.47964373885940675,0.0,0.1817922473830464
0.46233195460274734,0.7147275226296467,0.5175295895191102,0.4666759154316221,-0.0937347507882327,0.34645166127862925,0.2794295331765566,0.32808950155298644,0.11138377379950232,0.5663939386630403,-0.211632394731618,0.6569831273947508,0.39013914606983935,0.4778357819651571,0.7051600422938609,0.8871824223527471,0.6365845064283073,0.0,0.5087518546148275,0.6679033415671811,0.5203666965422888,0.7963238671384913,0.4065504057422247,0.5163045896145158,0.509171171099765,0.38880522752547503,0.47798941020395785,0.37169879866678107,0.3953027183000913,0.5476646389872956,0.5414577243440446,0.6830872132383423,0.7132767863721152,0.6090501042631465,0.5936662138516776,0.5871512936163694,0.2568625412576697,0.46607754705096527,0.5719191285423979,0.39848825814919564,0.29679532097607286,0.25636621578890934,0.0,0.0,0.5799901669410436,0.45514546546999823,0.5694726718159269,0.0,0.0,0.0,0.4915012689890328,0.5609221763967622,0.8327782061237003,0.0,0.48939374835356836,0.0,0.4239174050335931,0.49303848767597913,0.0,0.6157725681649753,0.4246679766518387,0.43918715567334476,0.4226285724840042,0.0,0.23369939214832774,0.6856125495216033,0.43776214992340456,0.7769994870476463,0.44460848357121197,0.45383468520616305,0.43831111039303194,0.4996825929083926,0.6604009220224647,0.4046857404539692,0.0,0.4797068630607336
0.0,-0.5642017032399572,0.35535239989375667,-0.15054127619408825,0.09854777396078104,-0.07863067842604715,-0.09037617548234167,-0.14611067254696536,0.29775437433780017,0.5969705302952357,0.22183561519645748,0.5712274049036281,-0.13850146021473936,-0.2432088371461042,0.0,0.4561022401308975,0.6772030822159553,0.5087518546148275,0.0,0.5558993478612666,0.44273908907183324,-0.7038659706848471,0.21730966187652662,0.49744223639782825,0.5323255812523543,0.528863387748452,-0.061592283591556385,-0.21103825300617268,0.5845221763493302,-0.5727688596185976,-0.16828454163126183,-0.1983166295852135,0.5258970626268982,-0.17984764117566476,0.5747261151243203,0.03728932406676455,-0.1596362656215154,0.48607063639449816,0.7303288644309661,0.4048505617563357,0.43141106736696444,0.21575694553024363,0.6801507396775024,0.34484083361721135,0.4076741627241975,0.0,0.0,0.1885957707502115,0.0,-0.1365165136805604,0.5782976042913045,-0.22191890383798007,-0.30512989924011824,-0.3196768199403702,0.9274881764536226,0.6435876423227328,0.5592860801220347,-0.26785355915352943,0.4557219101755664,0.0,0.0,0.0,0.0,0.2267496657439,0.4767929875803597,0.0,0.4954451970327576,-0.32246884202604653,0.0,0.0,0.0,-0.2570026916724069,-0.23057497845974206,0.47088545725029707,0.4686111963222541,0.575311389964454
0.698310748847994,0.6450506173051417,0.15022469089427903,0.5924407927617203,0.23849370190591251,0.39317005357104307,0.28430426174452056,0.3538418189330873,0.2823362697036288,0.4252383047958481,0.45631321820334025,0.5482065201246724,0.4667520175247649,0.3833340431939196,0.7548931690372143,0.46069101452094396,0.46809203101934904,0.6679033415671811,0.5558993478612666,0.0,0.5931014895106504,0.6658680305419775,0.9233117377250146,0.5760217785155536,0.418181694669962,0.44414049421439233,0.7970157151789943,0.44288677018981343,0.8031884775665623,0.5766591834320614,0.5509717417753307,0.6058897392836571,0.6660820835920553,0.7378860169787711,0.7864486898591567,0.7375675529421455,0.560534780476163,0.816345743536707,0.6144851643212769,0.5254038010865567,0.6046871789501496,0.6084676918491985,0.7224768642067796,0.23908444906692605,0.2121559375170648,0.5187853638389024,0.5618941341478347,0.08105011436246637,0.0,0.0,0.15946142836686578,0.16682639358043605,0.39178292538978643,0.2461743552107554,0.939470718382596,0.0,0.5838809783569999,0.32299396547166925,0.0,0.5830916084963276,0.5840341359799874,0.46658434898623785,0.3365394541545989,0.0,0.5323586516534548,0.5134784443325171,0.5384602643937217,0.5032685525976721,0.0,0.6799595215628877,0.3817530604780401,0.42403761734832507,0.34315212586848437,0.4544275627872539,0.2947834949177967,0.44323968894917554
0.3143921974309164,0.5076974621716823,0.29806490124709006,0.4087571964684985,0.5032561273761881,0.34483001255256585,0.05391550868493189,0.30265340500604554,0.2724395983305797,-0.21278068151896967,0.5454294250664357,-0.21226963351026779,0.163785930698904,0.4822915414944021,0.5483170790998345,0.4426712376486054,0.5431816620949816,0.5203666965422888,0.44273908907183324,0.5931014895106504,0.0,0.6606102130343955,0.23880999776097733,0.17681048929811324,0.15052172665071484,0.23760045682339467,0.5373054624660798,0.14812748830234762,0.38648316817502815,0.22672467947764685,0.49706625698848506,0.35064328385532767,0.37218674996415413,0.5570800480290485,0.5580654009954196,0.6701823428038447,0.22894363619881217,0.5574042464629,0.693754521042987,0.7440884491495077,0.517899005318885,0.5560517296075853,0.5675380019469873,0.0,0.0,0.8721838734723918,0.6750933656554043,0.6552530184785659,0.0,0.0,0.1779268469537538,0.4392363010763102,0.6351914818950001,0.5387710154556942,0.6071580178301346,0.0,0.748060547503747,0.29025727492568465,0.0,0.7365583465533416,0.6744168704500653,0.0,0.4608660820495403,0.0,0.5761848038743853,0.885018773504718,0.6941514780383264,0.4941258261318564,0.8257756647516317,0.603204992393054,0.7715379510460918,0.3968366837990078,0.3957322383104229,0.3585728796684171,0.34162495473248844,0.39138968134013385
0.511504698783884,0.5695117717542835,0.07562165163980841,0.5359929882406405,0.1248044020507777,0.28346497209290444,0.23122169544425797,0.2943842038015688,0.11845217138660705,0.495711674047956,-0.014606365234960339,0.45429972747988817,0.36175166190389996,0.2723004370821972,0.7378239040909059,0.5565441125430981,0.6207860680874981,0.7963238671384913,-0.7038659706848471,0.6658680305419775,0.6606102130343955,0.0,0.7966389608032214,0.5159124658461349,0.8289820997920798,0.5662563228066603,0.5686478746975889,0.633826634082523,0.5453357356878581,0.5073925753083783,0.7227898975907743,0.7766572814606314,0.6468477282471594,0.852764336261554,0.8182902227997326,0.6179235288679806,0.7324328871392172,0.6096041357116667,0.6988491878756085,0.6135807454733635,0.5716752316130006,0.6645130109563648,0.8538643454663188,0.35991947468045504,0.2497388865998052,0.6466487073997362,0.689955288600007,0.5850260292983134,0.4775861536758883,0.2442569610148096,0.4664269803469948,0.5438877487272149,0.6848259816934656,0.49910872435016096,0.4139285365929757,0.0,0.5443482411192331,0.5563211774282947,0.0,0.7112111130792844,0.6232604048057258,0.41274153089859456,0.5134969530258926,0.0,0.5797606540830833,0.7879234511251423,0.6823060841458037,0.5987884454532886,0.7469092079695985,0.6468331524541371,0.5870739770490843,0.5288285760882359,0.4162886829279986,0.5091226196563703,0.46480768783736204,0.5449605244002732
0.27764322330152447,0.5690441610458065,0.16564652256743367,0.1858642295586973,-0.12228935111467798,0.3447459489584144,-0.1263484295939425,0.26299878325473897,-0.06273090850052254,0.13668796554160506,0.01146582201789631,0.0641088344565634,-0.018551443388573452,-0.3184917108340743,0.48683434134457904,0.4452431863899853,0.5009197812654524,0.4065504057422247,0.21730966187652662,0.9233117377250146,0.23880999776097733,0.7966389608032214,0.0,0.22660463647439524,0.376354563633974,0.36104612956131754,0.30811295245559395,0.011482385616493784,0.4034604956260594,0.26578269255974174,0.268481088684684,0.2660235920177014,0.4730916517288778,0.40441573596530306,0.5870508646699382,0.1826311049605227,0.40019742937680086,0.10178164846813803,0.39503347411968215,0.4918963656127257,0.3783859215926024,0.5766347713055014,-0.10526698880626495,0.4459465874902754,0.5633169311565096,0.278616042827339,0.6376415757045748,-0.11897117718935213,0.4557671228714453,-0.0969614012373457,-0.013902253299478917,-0.07005635320967962,0.042699623210350535,-0.19348317818406685,0.6346013582700689,0.023235479781007207,0.4244323362731516,0.040497845935821064,0.6388938643869495,0.6058373443447994,0.5455376525620677,0.4723046478776131,0.26273341042523746,0.08983714116079028,0.5223427953761015,0.5383637530364954,0.590339412208225,0.3499102515827446,0.2317742279682906,0.4521664090346355,0.5871116184899563,0.2476332437792569,0.2005441785378673,0.4157811033879885,0.2862479746386683,0.3035092787853926
0.41959367116788693,0.4248813841476548,0.40209436442417235,0.24110898726333196,0.5243669987092419,0.3695438991574028,0.5261148324100628,0.16106416369343027,-0.12148767572061597,0.2694363051156291,-0.22314450210459813,0.5129825812540247,0.1764656618389259,0.6685626783784058,0.5034635457146593,0.5526674360861802,0.4077982985895501,0.5163045896145158,0.49744223639782825,0.5760217785155536,0.17681048929811324,0.5159124658461349,0.22660463647439524,0.0,0.3452003672777552,0.39443982200243344,0.4942851149729228,0.3677036496177962,0.6257721537304033,0.8128103169976321,0.16180995110984875,0.6463609091262069,0.34603350911960007,0.4231955585272789,0.5594345390049084,0.346149422254145,0.34782101263054094,0.41679307447721403,0.7812384908327241,0.536405244670962,0.2937093313268715,0.6292386431871015,0.5996623404328508,0.34542923043828505,0.3899196909852748,0.29135081939295143,0.04980743510662622,0.0,0.0,0.46711231000831976,0.5789154203145104,0.2973859987355163,0.0,0.02045622638872944,0.29644824726234653,0.5401505905015014,0.30452758013578596,0.45052034509703176,0.0,0.2353882950280639,0.15000017948007385,0.11879094465743856,0.21548002906618086,0.4700029779530782,0.34064033754000134,0.4587555023088141,0.11259314036066055,0.8265569266753748,0.5114997431064902,0.21435672563210542,0.312224016931471,0.5352832873869828,0.6865744954694549,0.606848681128198,0.0,0.3124598734034443
0.3970628597126996,0.7219957253232978,0.29778814970458933,0.8764357028464376,0.2342882013446848,0.3496654483600894,0.2746642347324476,0.12467522632347797,0.25266541519684693,0.5636856527156195,0.6019200887197045,0.38689874028788085,0.3755879015840564,0.4926246042807163,0.5097625644004583,0.6235042686107729,0.3717693773759564,0.509171171099765,0.5323255812523543,0.418181694669962,0.15052172665071484,0.8289820997920798,0.376354563633974,0.3452003672777552,0.0,0.335681802810906,0.6113213881241247,0.30916950667080556,0.18550843825640412,0.43632949321384173,0.36568254683844037,0.3551236828685921,0.4058167890384061,0.44531635284872795,0.5327051854080367,0.5366418256028526,0.589204392773651,0.43461914017156195,0.5541507188195806,0.3829587806738324,0.2581949623174443,0.30404931003290914,0.09847625960402853,0.0,0.4627021208175178,0.4648468354199894,0.6256903799494995,0.0,0.0,0.0,0.4769653416092483,0.5463108365685352,0.700519417440338,0.40831532343043386,0.28303150406165084,0.4704478760719536,0.3111251652972792,0.3405284306552173,0.0,0.6482166881300057,0.37649361991073554,0.2498968324512522,0.34420466210600853,0.0,0.5010435753743472,0.591836354795169,0.48701298570566115,0.2918910653090993,0.2795888883213779,0.3713355729649731,0.362817643789529,0.32844693034566996,0.5483273815970608,0.3631590106518211,0.0,0.25489765621095584
0.3121623112832589,0.5044387232673271,-0.049754491991148064,0.6154092611565118,0.10869024042958256,0.34643053635281806,0.39380644494747175,0.06648008695346375,0.2680207879729011,0.19015764803656932,-0.25567008703601973,0.10373800900257502,0.444651916862327,0.493999600329767,0.5650106483149119,0.5012291501723752,0.34323146813854183,0.38880522752547503,0.528863387748452,0.44414049421439233,0.23760045682339467,0.5662563228066603,0.36104612956131754,0.39443982200243344,0.335681802810906,0.0,0.5371718083795198,0.5092260220977042,0.5224489516121913,0.42164555242800805,0.39377643055587475,0.6491384679754941,0.5777437367806249,0.5538134908770422,0.638168520303783,0.5014836212705986,0.5112414313879997,0.14300593265375572,0.7350011997686232,0.4555461597688618,0.4959768404949154,0.4419307036942357,0.20235696403480344,0.5467800630016995,0.49743065554584553,0.5623898676267323,0.6820619244685715,0.6686265396129647,0.0,0.00282273812924973,0.5426670886612066,0.5884161818369006,0.545718480884047,0.40148224461843807,0.1461099890936804,0.0,0.29643864349974136,0.7637504303050041,0.0,0.6424752589396971,0.4858364708690029,0.16000839086762236,0.23627761273242232,0.0,0.5074804939039457,0.8483249637999237,0.7792836376837611,0.5269738246780405,0.3221899157266782,0.3336346146924126,0.6653668026533477,0.5224986338968284,0.46840071005690687,0.446569135838434,0.48140620380913335,0.1698113184512436
0.5566977111695899,0.5269839158950965,0.21294209195994657,-0.11494261760412211,0.01812020250863322,0.4924046776191868,-0.11473544637753286,0.027124082876280042,0.17881785116064125,0.5028381734401993,-0.189716380255946,0.541300738750913,0.02774118290586286,-0.2487507336491121,0.24484597224041318,0.5079983803554587,0.5533068533519205,0.47798941020395785,-0.061592283591556385,0.7970157151789943,0.5373054624660798,0.5686478746975889,0.30811295245559395,0.4942851149729228,0.6113213881241247,0.5371718083795198,0.0,0.05217545969959203,0.5780414931338884,0.39364345060228134,0.3507972346945894,0.261955772197765,0.5377180338064314,0.4710250475002463,0.6512056891380429,0.4569724536278691,0.4546010771573002,0.43817689596015763,0.44361968578311134,0.7522419530512279,0.4289384214098441,0.4716005657343897,-0.33912146085614403,0.6137336167999733,0.40396354803598855,0.44214457153453224,0.42451078400174586,-0.26883699596067745,0.4727501978666768,-0.2371627128038859,0.0587106231173159,-0.048973479967629574,-0.0875225366168404,0.6431877724726525,0.7046876097975949,-0.28173160229743544,0.3555017322579196,0.09046358640682667,0.7280317441752044,0.5082464301901816,0.6047666414303072,0.0,0.4622723508510691,-0.06626752807888464,0.5220730440407111,0.5078069457214791,0.4840548815586542,0.1507086237098889,0.0,0.5466071628345341,0.4220800394929568,0.3172807952181017,0.33702300324267953,0.3954779049976844,0.29137747630934796,0.33893074119483
0.36654369036744705,0.35829915210895247,-0.21150090611743638,0.5480126927012062,0.21024985314879885,0.314484819534662,0.31703255507165284,0.0015378042191885322,-0.19567304960748477,0.15761916488980932,-0.1435438382247688,0.3310136250982195,0.35379576845211674,0.6025845001045915,0.392914416270481,0.39245726892104615,0.7852938424505593,0.37169879866678107,-0.21103825300617268,0.44288677018981343,0.14812748830234762,0.633826634082523,0.011482385616493784,0.3677036496177962,0.30916950667080556,0.5092260220977042,0.05217545969959203,0.0,0.44929540059735573,0.3413459764708664,0.28475891766367234,-0.2182555021373508,0.47621305207407005,0.0578755853547393,0.06799823326528837,0.44291427891486096,0.3009782032117279,0.3069279670336742,0.5353553324506879,0.32447281815965157,0.6203933392732118,0.6206197884970692,0.38021633031009705,0.6640735654990075,0.6451573154307066,0.6234751229091062,0.5422067752614197,-0.2188086036231347,0.0,-0.3376904947624644,-0.09959185605386028,-0.011016864600290943,-0.08706846568386539,-0.16147461804893837,0.2563332628088708,-0.09966820636720664,0.5058306264203473,-0.02857724091980013,0.344606633493313,0.30533732869628094,0.43024179788605704,0.1953867612674976,0.43183252052759935,-0.3940629686138715,0.3793805292656232,0.3487286175377277,0.41585212197101895,0.03384682406268047,0.5417965088389923,0.33336320271694786,0.3904376745246321,0.12095535065144758,0.1370863376577801,0.21599192834142827,0.07832247844135651,0.23031544055771197
0.539822433696475,0.2547815797638922,0.23307046549852448,0.45963263624216444,0.13294903117916299,0.3864070904142317,0.17328732684857845,0.2911961413701535,0.1594673087095599,0.47809211758191605,0.3963827643789732,0.6193498679333833,0.4500460892459591,0.3867220913806847,0.46123448537172607,0.442495275396697,0.36232379224947275,0.3953027183000913,0.5845221763493302,0.8031884775665623,0.38648316817502815,0.5453357356878581,0.4034604956260594,0.6257721537304033,0.18550843825640412,0.5224489516121913,0.5780414931338884,0.44929540059735573,0.0,0.35988561416255793,0.5915958793074718,0.4108240675775384,0.523263282297508,0.8047196859577161,0.7361880116690234,0.6873145460574962,0.57345762617202,0.5350767596128128,0.439156122359004,0.5419333528097449,0.41915194941946116,0.5092348258910968,0.47920594461760635,0.4044658984473041,0.6385429863133529,0.4704227057356622,0.519839140898469,-0.0348545550441588,0.45649114182414835,-0.26044032089904334,0.11785110487886352,0.1914853614850635,0.13644922529651915,-0.1248843990261776,0.6258631283511658,0.43856813986701026,0.5670231604234306,0.150502740327843,0.7656152083654442,0.5137680196451512,0.6812862574052395,0.48111957950123585,0.6837650122557644,0.5084355705061157,0.5111562961081916,0.4682208513794972,0.5057623337121686,0.39085971644459994,0.47417424948412856,0.78388948284131,0.48969464037290983,0.3622411352684287,0.33037512900853105,0.38165975632528026,0.2990661265491529,0.41074813916190356
