0.0,-0.0149554653872771,-0.0013667151964742441,0.0,0.0004478694646874448,-0.012205563980518475,-0.02286120336658959,-0.04568515952359864,-6.0893062836187006e-05,-0.0012415907654764746,-0.00011537316089571537,-0.0870404422810997,-0.024888693767180115,-0.002675624135811072,-0.004718161024974132,-0.031386721031812725,0.0017336266198545447,-0.016108007726132523,0.0,0.005798992294230254,-0.02310503723474855,-0.014585341539661845,-0.04366497238534911,-0.03191920552049704,-0.01550902282699046,-0.04339912443189181,-0.01249501825595245,-0.031201341178152264,-0.0065195342115685895,0.001147822733196635,-0.030761692273045593,0.002544676867994533,0.0003298730334536093,-0.013340532008884742,0.0025100818630847677,-3.9226750695176005e-05,0.0004437610115347046,0.022655684837624146,0.01328489265653282,-0.0055956517125203,-0.0020599219418787063,0.004769194069582372,2.1533729335776464e-06,0.0,-0.0004052228332717678,0.02961073326135688,0.01133706472149032,0.0,0.0,0.0,-0.025853615431193133,1.1102230246251565e-16,-0.0011460650694896657,0.0,-0.0009720799070024877,0.0,4.2809268304244696e-05,0.00014329198774803986,0.0,0.0003389345205195293,-0.02214160613100452,-0.001630863553079842,-0.03569552073560672,0.0,-0.022630483419450564,0.005139060440799814,0.0016710233388371742,0.0013080999765897605,-0.00031903806972038984,-0.0064409450094917164,0.021787138868795852,-0.0004598851406614757,-0.0002515919049386195,-0.031246147069718955,0.0,-0.029943477133101193
-0.0149554653872771,0.0,-0.056466794689792266,-0.00015749672847842344,-0.07518697368948984,-0.04266478550963215,-0.0654277439664811,-0.09480702677085012,-0.05887204072066138,-0.00020162724937006216,-0.00022756462881518003,-0.0019362659112101555,-0.04733043643811152,-0.00040882753903709323,-0.009222990236557371,-0.015121671510917534,0.0003649500123115157,0.0076287758625576685,-0.1057683303769355,0.0016814020862882528,-0.015814860837446043,-0.011119089813148575,-0.015943653407821112,-0.0010475815445986636,0.024913811560876353,-0.003021637839181135,-0.01020587877549628,-0.02844164298621593,-0.03168647170568384,-0.0017893369583203422,-0.01304659502558786,0.0002467978752321853,0.012347573821951896,-0.0004787106766982463,0.008155162587325515,-0.002724233494182493,-0.0002590923654942623,0.0,0.009653093023765658,-0.0002256283010864668,-0.0002851886428053563,-0.0033686091606952573,0.0006248477148517728,0.0,2.220446049250313e-16,0.0029380455729032806,-0.0008353733147045128,3.8472861950134e-06,0.0,0.0,-0.025104784790432433,-0.0010559665505699423,0.0005376506302471884,0.0002587680906273593,0.0009793775927094406,0.0,-0.00032313618055157534,0.0069560223144089495,0.0,0.0016825979177986228,-0.008789449786753833,0.002412549997140967,-0.008433085766170745,0.0,-0.0003965935244251151,0.01415608514286687,0.0028817960528388364,-0.0056088912355837794,-0.0012290896218521974,0.00586162148877134,0.001214384907406385,-0.01687251931288175,-0.006723347839256044,-0.014719263886058542,-1.1102230246251565e-16,-0.011282501302399661
-0.0013667151964742441,-0.056466794689792266,0.0,-0.12336167263908848,-0.08710089030059498,-0.07358792057812108,-0.1329340279775003,-0.17448843713766693,-0.023571692348479112,-0.004341004889584832,-0.05944404107232082,-0.0016119568688349184,-0.1325645165411477,-0.14005069140583376,-0.0007566040066126489,-0.04173384832774085,-0.00040565278087290046,-0.0016176599922461121,-0.028442957540943725,-0.0270526227547781,-0.021721960049835176,-0.060297773657992826,-0.05944445377155283,-0.0014418701142156487,-0.04193724894319534,-0.07525084346999728,-0.041415173269693906,-0.14278855991566547,-0.06332251581227738,-0.12908344836997077,-0.15769360861632242,-0.13231999068956063,-0.00022623484112060943,-0.13239098991194076,-0.11635997768217837,-0.12479253541858265,-0.11622944947578695,-0.0019919229940643657,-0.0001863733732628825,-4.410201664972746e-08,2.9636591907467036e-05,0.0005909756952554024,-0.1786300880945736,0.0025031674987067154,0.0,0.0,-0.0003250368663428871,-0.1909151229986226,4.83653316618593e-07,-0.1499989637608724,-0.1628253904896666,-0.1623115422017254,-0.2037440635395067,-0.21509795609892385,0.0003816781408602643,-0.10315746338743864,-0.0012830507359789523,-0.15151925897836588,0.003335166482894003,-0.00032979899598944984,0.0,0.0,0.0,-0.10492101705783435,-0.00021725894758178876,-0.0005286310384325366,-0.0005111226621619114,-0.19271431554616597,0.0,0.00014085385048828725,-0.0011559725971594381,-0.17874586014883231,-0.12821737423260948,0.0008736153144528469,0.0007045655504918091,-0.006701926877051179
0.0,-0.00015749672847842344,-0.12336167263908848,0.0,-0.01014407789190025,-0.08507674225480633,0.015327419241075557,-0.04012530849418772,-0.11978024669098575,-0.015660193806236927,-0.06147295764827748,-0.006097332668381361,-0.015138940934910805,0.01954139648837655,-0.00011594056345998194,1.8339928055111088e-06,3.94275726929294e-05,2.2024067982684414e-06,-0.12644492433790527,0.0008212136597278707,0.0003488360481881392,-0.0015806914452263232,-0.04538407902659719,-0.001980827502839677,0.0005618438873927767,0.0018896531372157854,-0.09012967483046247,0.02402966721009947,-0.001867403813964219,-0.0682089570902274,-0.0234739490242471,-0.046921546627930466,-0.01627122998645386,-0.05715445732212052,-0.06958645749578712,0.018408067828671687,0.008163000022017114,-0.02005608185042357,-0.004361648663733009,-0.0003501876934677295,-0.0002953256184531905,-0.0018214069152808765,-0.002155109703227187,-0.0013476778244637666,0.0,0.0,0.0,-0.000688956548375641,0.0,0.0,0.0003691539115032172,2.220446049250313e-16,-5.040501229625072e-06,-0.0003543344028117401,5.551115123125783e-17,-0.0009968275844731145,-0.0008835329351993826,-0.00032190207172844154,0.0,0.0,0.0,0.0,0.0,0.0,0.0,0.0,-4.444206069487144e-06,-0.08253628850209205,0.0,0.0,0.0,0.0009563260155114328,0.0016314739903923736,-0.00013759215974806782,0.0,0.0
0.0004478694646874448,-0.07518697368948984,-0.08710089030059498,-0.01014407789190025,0.0,-0.07409876496755774,-0.0625599094746841,-0.10005464882387549,-0.048405925922356485,-0.10850848775616001,-0.04116552495101339,-0.0007131243073860705,-0.054953845424045855,-0.04288785043361665,-0.0005118103857404965,-0.061029816124914205,-0.00040234055820487225,-0.07576262820640012,-0.06485730143604596,-0.04746866975929359,-0.00202059566794599,-0.06650915549135461,-0.0896628325710348,-0.0006499352926285784,-0.05551796541321008,-0.05694014468705688,-0.06829988181102442,-0.043101085425187646,-0.06841022782847245,-0.00035038403049875155,-0.11497421824117976,-0.06589987232824124,-0.0006373823734965312,-0.09209903517110313,-0.0858972892556138,-0.02622373740045847,-0.01779675784263826,-0.08193268878576798,-0.055861862266868456,0.0007919101768546488,0.0026150506552874986,0.0005023429772825216,-0.0003845458123755141,0.0020802375763354086,-0.00040709016537759934,1.1102230246251565e-16,-0.00018061863038915105,-0.14846677602563968,0.0,-0.10357748775784364,-0.13117310406914,-0.0004340395113835438,-0.13443147459712634,-0.0011850287728060183,5.551115123125783e-17,-0.08178095321993778,-0.00029694597649970733,-0.11451172385763225,-0.0023981391554367404,-0.00029104378995908897,-2.366607103271301e-05,0.0,-5.551115123125783e-17,-0.14138549700849296,-0.0001568392904774396,0.00016709288859073634,-0.00028131934882313914,-0.13959173929306545,0.0,-1.4139639021859551e-06,0.0006402595153073842,-0.12704544536302065,-0.10309147451462786,-0.08420439176340838,1.1102230246251565e-16,-0.11648988844009589
-0.012205563980518475,-0.04266478550963215,-0.07358792057812108,-0.08507674225480633,-0.07409876496755774,0.0,-0.07987618362311699,-0.0769608795277632,-0.04644896094049039,-0.002814542027351652,-0.08106130871615697,0.0014925442766418606,-0.04005733505640402,-0.10378047269093793,-0.021856124715855574,-0.032361725452340506,0.0003770426913740077,-0.03749740206284047,-0.09840388734881911,-0.02088929027667008,-0.03635608777609811,-0.03142072842006427,-0.03252735942598378,-0.004808050612494119,-0.03240523356540459,-0.04639922851585171,-0.01283094554074976,-0.04330096133985878,-0.012612581497925213,-0.06778733045336066,-0.07965541926676373,-0.06568454975687327,-0.01800611584838646,-0.06773948439471189,-0.035347216200516285,-0.11546045689288087,-0.09565075730158101,-0.0029909479040057807,-0.06206436031008766,-0.0021961655097821886,-0.06903183637255,-0.02482047870599524,-0.13467185669122156,-0.00017742343751731005,-0.001845174087033552,0.0012632834650734837,-0.023754392928612755,-0.15562108345398828,-0.0005139939112300262,-0.1309164853839549,-0.1091919585916244,-0.12459707809991172,-0.11511551675013443,-0.1556945237550988,0.002768522000538731,-0.14907930032420158,-0.0015180876908079677,-0.11023793956690942,-0.002160834983793436,-0.027473819113767006,-0.008709784686698308,0.0,-0.0002918321059177109,-0.16387785626108475,-0.028337490255282594,-0.005022580136160193,-0.03548939015100916,-0.1147983914643394,4.4140578239149075e-05,-0.0011125654407311836,-0.02730226781835482,-0.09790765814635322,-0.08457280037063042,-0.060449340178210076,-0.059217671764281,-0.08368912633033687
-0.02286120336658959,-0.0654277439664811,-0.1329340279775003,0.015327419241075557,-0.0625599094746841,-0.07987618362311699,0.0,-0.10742774175411213,-0.07570977643924165,-0.08403472556976677,-0.10831030802570119,-0.005012291993287177,-0.05248801790512925,-0.04751476008116212,-0.00033282959031055714,-0.05222991059760013,-0.0022921737078493987,-0.046938201500539734,-0.12449217418401748,-0.039221505797279343,-0.06536257725665712,-0.050418044005607066,-0.10300411523975755,0.00028769340660328435,-0.04924973762682844,-0.03827354342786965,-0.0846693454161887,-0.0246500875183272,-0.055240872353833015,-0.0023917103192736544,-0.06161962412100419,-0.05157702139829251,0.000154474816299488,-0.04521554523604887,-0.009958839909137152,-0.028566030832801015,-0.008055938761520998,-0.004408359685202812,-0.06715676327428205,-0.0008889565257796384,-0.042376956827693324,-0.005498961898501464,-0.08468648709335669,0.0036693152024231956,-0.0010515821433147443,0.0,0.0023691578713551653,-0.15563068769328037,0.0,-0.1350806559486497,-0.1335102452920554,-0.13340775739867655,-0.12626304249031428,-0.15312089016550817,0.0003439162758083758,-0.11541759265488699,0.0002708182630903888,-0.11927987027716358,-0.0011448481469931715,-0.0009924999093724463,0.000991865365926048,0.0,1.4993779304195431e-05,-0.16224051851768478,0.0010126206605526877,0.0004803580987612355,0.0012708755611438582,-0.12396426589918846,-6.794373745955262e-06,0.0007049685684860085,-0.029934908294709572,-0.11197315998693758,-0.08993379516778233,-0.07859188257591243,-0.09020702813601772,-0.10616484414497085
-0.04568515952359864,-0.09480702677085012,-0.17448843713766693,-0.04012530849418772,-0.10005464882387549,-0.0769608795277632,-0.10742774175411213,0.0,-0.16327330087552244,-0.0027982209349901588,-0.14738805891624257,0.004148842040182843,-0.0969339028531584,-0.10645946165352993,-0.02613637669983948,-0.058223721787376614,-0.000259942296521376,-0.05183126894390533,-0.16057218850478694,-0.02167552157343,-0.03536198403828045,-0.03690412967427997,-0.04363938742393503,-0.04116223387066836,-0.07598026971259664,-0.07623641553715943,-0.0810640539948328,-0.0803874266012119,-0.033271638582665186,-0.0511433228528122,-0.08018014688325098,-0.023520646136918677,-0.0008729148839385359,-0.04526433310177885,-0.005308708447823662,-0.07427240514078379,0.02164828930956686,0.0010236718928264277,-0.031239599751715252,-0.001355700616726907,-0.02885795772935601,-0.004388695074814208,0.0014379313319726195,0.06730798316253506,0.0,-3.8338889418843e-05,-0.001441133420517049,-0.19631857881177028,0.0,-0.0005156147288831736,0.00035561322877858403,-0.1150403237996776,-0.08705409106183976,0.0023133284026162215,0.0005569175439313345,0.0028928843418711825,0.00013971173231597245,-0.09855706971809264,0.0018871458085655268,-0.01616102598665714,-0.0001583826189255344,0.0,-0.00011050575347892888,-0.0030877592876860094,-0.03482783368805498,-0.027645910677635777,0.005373390649639875,-0.0771801667589514,-5.551115123125783e-17,-0.00020112894343948806,-0.027328100162630264,-0.06021786280909114,-0.04586696783304195,-0.043726643192088854,0.00067404730274917,-0.03365388527371965
-6.0893062836187006e-05,-0.05887204072066138,-0.023571692348479112,-0.11978024669098575,-0.048405925922356485,-0.04644896094049039,-0.07570977643924165,-0.16327330087552244,0.0,-0.1372038310378021,-0.03636000585461624,0.000569610995549974,-0.08865065940847455,-0.1256272054100609,-0.00037677906372074466,-0.061982468882017305,-0.002143132023980643,-0.06871629573834298,-0.017008093182886264,-0.041067941452053225,-0.023225236863730125,-0.059292138903385416,-0.0942515146054888,-0.09676260591724112,-0.053487364785876346,-0.06319283531453879,-0.043573756823132415,-0.13898743902047184,-0.059753881440451295,-0.13674831091476336,-0.15672860569552732,-0.14236767350450924,-0.00021917734477350237,-0.13910061436615673,-0.12590017696774602,-0.12571635120176722,-0.1187994006503802,-0.10866326618903704,-0.1045763345027424,0.0005852155855260444,0.0025207189116150386,-0.0038027297343461997,-0.0004925979657083857,-0.0035334486806733456,-0.0019217385917785768,-5.551115123125783e-17,0.0010473940567569118,-0.18362418133371827,-2.3234932111648732e-07,-0.1555863982570158,-0.1527746782160906,-0.14394528250273309,-0.1847137034965547,-0.18884462298490423,-0.001623515333345038,-3.7675645134016555e-05,-0.0012397152989284677,-0.1429229708948283,-0.18447039883435462,2.5698122777362276e-05,0.0005067457474328685,0.0,0.0,-0.18383954586194268,0.00045538482320078844,0.0010358418168635586,0.0006505403628741524,-0.174525494158905,-9.322148710733114e-05,8.059115255121263e-05,-0.032274498007964725,-0.15960934370522883,-0.12163232253117051,-0.09294036148325707,2.761350220359393e-05,-0.13849231210224727
-0.0012415907654764746,-0.00020162724937006216,-0.004341004889584832,-0.015660193806236927,-0.10850848775616001,-0.002814542027351652,-0.08403472556976677,-0.0027982209349901588,-0.1372038310378021,0.0,-0.13466757258728668,-0.021935136660018284,-0.07277025125650743,-0.18685820266097014,-0.0012479756428789845,0.008848807102431577,-0.01993407227261318,-0.0017069752592491216,-0.0069828935655487645,-0.004215042175922279,-0.14947095821438094,-0.0012357505797812585,-0.05162362904706075,-0.030517875568838726,-0.023677396729266165,-0.0688906635646177,-0.004116460107782771,-0.05303557186666752,-0.001048260127797629,0.00022401295000062937,-0.042245909278134486,-0.02704047590509384,-0.03435986959073978,-0.030684764644208662,-0.03386903942751873,-0.10336092410240269,-0.03568208125098482,-0.022930140434856805,-0.05476662674200505,-0.0443282228607873,-0.05380083995051804,-0.0031990608093381834,-0.008988637391321164,-0.0012819025453880695,0.0004491891486902433,-0.0007213984653858252,3.7147841682128036e-05,-0.0006329811065231006,-1.3193116331633448e-06,0.00037125976364810187,0.0018904635380001533,0.0002965146555976017,2.8417507154598898e-05,-0.0018542229698692014,-0.07821493823887837,0.00017383290604339185,-0.10684170337897242,-0.06277406079394388,0.0,0.0008404568626421693,0.0011396351149735584,-0.06973146351981824,-0.03999044805722346,4.336646473590555e-07,-7.045954680207078e-06,0.000644638826284849,-0.00167671433831601,-0.0011304604124021123,-0.06627051890581748,-0.053584149732452346,-0.07575623641433532,0.00043714798953536915,0.003692066403644445,-0.0010409527247642325,-5.551115123125783e-17,-0.06623427122724157
-0.00011537316089571537,-0.00022756462881518003,-0.05944404107232082,-0.06147295764827748,-0.04116552495101339,-0.08106130871615697,-0.10831030802570119,-0.14738805891624257,-0.03636000585461624,-0.13466757258728668,0.0,-0.0017456488630379075,-0.11678527822563384,-0.05107351837981505,0.0,0.0001105717365046388,-0.0011348003482720692,-0.0823134645965018,-0.04028173217140582,-5.0169476665862245e-05,-0.00015266881473269267,-0.03909425331873351,-0.08854278425134932,-0.09402820890278774,-0.0009662211733368342,-0.09129082208668388,-0.09580859252692658,-0.11798838629860597,-0.0013231218887158058,0.0003823335006170603,-0.13657175640700858,-0.08769400025608698,-0.07046381600078128,-0.11859690520387284,-0.11511833275970873,-0.10935136291154826,-0.10521197798441473,-0.10365313933032216,-0.10244185007467166,0.0007101794572336728,-0.07956769580911405,-0.0008817266038605998,-0.11773525047361794,-0.00012724022445886884,-0.0006441151849092552,0.0,1.1102230246251565e-16,-0.15099370157701036,-4.4991611658495856e-08,-0.09487881614765692,-0.12763075934196472,-0.11736225941504441,-0.13890838830941454,-0.1609610180951161,-0.0005667146305283755,-0.061127348009515026,-0.0011983722074700442,-0.11549365982964388,-0.13335004473010081,5.551115123125783e-17,0.0,0.0,0.0,-0.09244461657288869,-0.0005666475017102046,0.0,-6.404249937769224e-05,-0.1654783315463889,5.551115123125783e-17,0.0,-6.571162247004381e-06,-0.1178760064833625,-0.10954775831049623,-0.0013943892800408753,0.0,-0.11583288230137279
-0.0870404422810997,-0.0019362659112101555,-0.0016119568688349184,-0.006097332668381361,-0.0007131243073860705,0.0014925442766418606,-0.005012291993287177,0.004148842040182843,0.000569610995549974,-0.021935136660018284,-0.0017456488630379075,0.0,-0.032219709419973486,0.002803540560584905,-0.060964071076603676,0.01718501153801205,-0.023549374177169846,-0.005960541420057142,-0.002788074840227639,0.0034100456820712055,-0.11725186882389926,0.0011082257578787225,-0.06160575428383919,0.0033174057143786073,-0.03214018507846178,-0.07018770295562607,-0.0015500017709033642,-0.025038134256717803,0.003057710068735786,-0.0012984331994084775,-0.038058657892176107,0.0024763506908340727,-0.006956797024101846,0.0066343163582269216,0.010583366709147946,-0.0010491229520739886,0.021934588722113624,0.01306480784808925,-0.012487224760357685,-0.04024533657615331,-0.03849201172418726,-0.003807259232997462,-0.000876306503473534,0.0010292922487595835,-0.009758230074358831,-0.0005644627639997402,0.0013756750584148492,-0.0005836694812386134,-0.0006873766027452322,5.444633435058854e-05,-0.00039008795415990116,0.00035181706854275907,-0.0003083656540063817,-0.000193258779674077,-0.07988050411830233,-0.0011871086048371726,-0.16834029889686714,-0.05664630430411549,0.00030174131882454436,0.00011322097472404868,0.0015193140264276317,-0.07078831088475729,-0.047391153640506056,-0.00036983104808419043,0.00044253140283689874,0.00138015145541881,-0.00020331837685894083,0.0019130378123886072,-0.05802547389079027,-0.057618305693475536,-0.07612997131533139,-0.0006680554279859252,0.005948357564768081,-0.00025337078572224003,0.0,-0.05787996548020724
-0.024888693767180115,-0.04733043643811152,-0.1325645165411477,-0.015138940934910805,-0.054953845424045855,-0.04005733505640402,-0.05248801790512925,-0.0969339028531584,-0.08865065940847455,-0.07277025125650743,-0.11678527822563384,-0.032219709419973486,0.0,-0.04336856121937832,-0.026214625310647,-0.038688011392611354,-0.002536958267734646,-0.03539006978854764,-0.1405922882660815,-0.022759856801947975,-0.061163559564660075,-0.03291482336536389,-0.09233609354408207,-0.03230435168885398,-0.03945933344590169,-0.030427350065918235,-0.07610916225829084,-0.03491847157544614,-0.02514011229272345,-0.06071806140115321,-0.05251807101707384,-0.07888849570186979,-0.027839124717517927,-0.04311343246443544,-0.014147550365250172,-0.046055797031824885,-0.02817619625924883,-0.036694591161776036,-0.027329296262168123,0.002236801333578786,-0.006679071123397384,0.030604056038539107,-0.11188111519327038,0.021447468574862016,-0.0026377428169997996,0.0006301252170806126,-0.013439290235618961,-0.15385454079837702,0.0,-0.1331519748543371,-0.1139118412540775,-0.11970531641646098,-0.11795773348625105,-0.15018562343268338,-0.05005115821458572,-0.12330138719023082,-3.597246304831714e-06,-0.10497821625911136,-0.0002778413195307361,-0.04487678100435605,-0.01936559142034,-0.04894984146855086,-0.03510786074778138,-0.15947722592380403,-0.045392911791105384,-0.062187266557092946,-0.02226006682926296,-0.10912008712376797,1.4484238671286231e-05,-0.039339944197556376,-0.027223609516352776,-0.09275609272576263,-0.0792471655296072,-0.07118658426945873,-0.0696610567629497,-0.0750240436061681
-0.002675624135811072,-0.00040882753903709323,-0.14005069140583376,0.01954139648837655,-0.04288785043361665,-0.10378047269093793,-0.04751476008116212,-0.10645946165352993,-0.1256272054100609,-0.18685820266097014,-0.05107351837981505,0.002803540560584905,-0.04336856121937832,0.0,-2.1617334027501656e-05,-0.0004460499015891961,6.045566320500573e-06,9.484772117113183e-05,-0.1358936525223851,-0.0004513249791022189,-0.006465879383642015,-0.000553847720085876,-0.13119492784696735,0.0018418379068918522,-0.00017961825228762773,-0.002795754992241495,-0.11557944009594906,0.029460276405001096,0.000402207050289094,-0.00020727692401151243,-0.00842220579190539,-0.031349674860160354,-0.0026547712599904183,-0.002015307103955033,-0.0029705291995815175,-0.0046869913216693315,0.002402957121368149,-0.0001778222319613887,0.005889776589278528,0.0,0.0006394029703276627,0.0008964231803467171,0.0008184383228345138,1.295082980301565e-07,0.0,0.0,0.0,-0.00498973499541433,0.0,-0.004198246001464512,-0.001195345055699737,-0.001791862344500017,-0.0005743100027085779,-0.00039793227730322567,0.0,-0.00252506320444168,-0.00014936132350718,0.001672625878609113,-0.002952940293931783,1.1102230246251565e-16,0.0,0.0,0.0,-0.004633369570419765,0.0,-1.1102230246251565e-16,0.0,0.0006808115723327401,0.0,0.0,5.551115123125783e-17,-0.00103340783059519,0.00025171189184186593,1.1102230246251565e-16,0.0,5.551115123125783e-17
-0.004718161024974132,-0.009222990236557371,-0.0007566040066126489,-0.00011594056345998194,-0.0005118103857404965,-0.021856124715855574,-0.00033282959031055714,-0.02613637669983948,-0.00037677906372074466,-0.0012479756428789845,0.0,-0.060964071076603676,-0.026214625310647,-2.1617334027501656e-05,0.0,0.0009123006250807419,-0.001199287023405382,0.01741782822321869,-1.1102230246251565e-16,0.013042903197080957,-0.0031195762959971285,0.014268756038106012,-0.024809575035612152,-0.0009574283934803418,-0.0072320581915838456,-0.006628357159566278,-0.051844970555124714,-0.01644140069757888,-0.015532729370041187,-0.03747315287503483,0.0027983642080057214,0.017395915385110094,0.017965111988891558,0.019783648170481116,0.018330574270544797,0.00888950214288653,-0.0002662667864440915,9.642794574260538e-05,0.019058069189517968,0.0009818345701606557,0.007458598531285776,0.013031671966860281,0.0031457891786362824,0.00038084444619201907,0.0,0.009017351755087832,0.010166218234328117,-0.03984017711139248,0.0,0.0,-0.03512442359808493,-0.020860864189848338,-0.030877806327866852,-0.03891078185116542,-5.551115123125783e-17,0.0,0.0005650433460061555,-0.02006797417869438,7.37527580119135e-07,0.029874114443336652,-0.00029740103907954785,0.00024072134717761928,-0.012192484411949644,0.0,0.007231852609304479,0.024446912801779852,0.008325437080978437,0.003901703228946618,-5.0521808197256934e-05,0.005142871262746318,-0.00552753627263336,-0.006802024020133135,-0.03797019670703833,-0.007269080572273934,-0.0005910454867643078,-0.005944679294933197
-0.031386721031812725,-0.015121671510917534,-0.04173384832774085,1.8339928055111088e-06,-0.061029816124914205,-0.032361725452340506,-0.05222991059760013,-0.058223721787376614,-0.061982468882017305,0.008848807102431577,0.0001105717365046388,0.01718501153801205,-0.038688011392611354,-0.0004460499015891961,0.0009123006250807419,0.0,-0.012409526847067032,0.019517551364272634,-0.0001559568299626113,-0.01727017364240352,-0.03114888234129054,-0.012452933472384853,-0.035824279705841844,-0.008900300608591427,-0.004843614010230646,-0.023826622715095502,-0.0202778239697472,-0.03004432190010542,-0.02026945646196754,-0.021047857760807587,-0.002120759641156822,0.008923499392314238,0.019057048353131767,0.00459454651357033,0.018802036829030366,0.0009287530396360211,-0.00035078820380779474,0.001743473388679695,-0.004197498828272972,-0.024523071639404426,-0.026326326210429962,-0.024487734766086566,-9.616796922129467e-07,0.0,0.0,-0.025306535179759726,-0.009550452535160014,0.0,0.0,0.0,-0.015049074294940179,0.000575638498622244,0.0005202757562010607,0.0,0.009993770699434856,0.0,-0.005655940531590742,-0.005445892279684117,0.0,-0.0010229567900034708,-0.024877714150205288,-0.022842671981321727,-0.020618107818197173,0.0,-0.024784382962075024,-0.008136129638685319,-0.009355256732226869,-0.0049347484072830294,-0.03282745902978057,-0.019057224134620576,-0.018344530853898866,-0.018199434961874927,-0.0463992361266341,-0.026568542412780116,-1.1102230246251565e-16,-0.028581199456025053
0.0017336266198545447,0.0003649500123115157,-0.00040565278087290046,3.94275726929294e-05,-0.00040234055820487225,0.0003770426913740077,-0.0022921737078493987,-0.000259942296521376,-0.002143132023980643,-0.01993407227261318,-0.0011348003482720692,-0.023549374177169846,-0.002536958267734646,6.045566320500573e-06,-0.001199287023405382,-0.012409526847067032,0.0,-0.007792448605232816,-0.00011368207922102247,-0.0015401109200788854,-0.0008782039557224119,-0.002240431244534047,-0.0001327017530879382,-0.02976444131413991,-0.026684135971943412,-0.028738187137538673,-0.00017435956536193675,0.0011899431006584527,-0.0025576972422248767,-0.0011018720673475202,-0.01591038758338753,-0.026434297284107344,-0.02417757740454335,-0.05332286525403529,-0.020483932191163012,-0.0008425485856059511,-0.0003404947812737369,-0.018305387213695234,0.0017695209048326777,-0.022161483762408896,-0.060057575530248986,0.0006608695129339814,-5.551115123125783e-17,0.0,0.0003238913556727896,-0.00013613377347326816,0.0002691277071418252,0.0,0.0,0.0,0.0,0.0,0.0,0.0,-0.05718966347211363,0.0,-0.06305171332912002,-0.0008995085831409733,0.0,0.00022053072717531652,0.0007126563929386043,-0.05608653180349388,-0.04697782620203306,0.0,1.1102230246251565e-16,0.0,0.00016883049940125128,0.0,-0.049402448087594086,-0.03831230420662285,-0.05272077609731429,0.0,-0.0015611854621024879,-5.795628461202629e-06,0.0,-0.049478126489090724
-0.016108007726132523,0.0076287758625576685,-0.0016176599922461121,2.2024067982684414e-06,-0.07576262820640012,-0.03749740206284047,-0.046938201500539734,-0.05183126894390533,-0.06871629573834298,-0.0017069752592491216,-0.0823134645965018,-0.005960541420057142,-0.03539006978854764,9.484772117113183e-05,0.01741782822321869,0.019517551364272634,-0.007792448605232816,0.0,-0.0014092990198115163,0.008110241927610062,-0.01594579239263849,0.02036031599323368,-0.03682810695673672,-0.012330280700172835,-0.016616194044590138,-0.02346049366534947,-0.02355079873242044,-0.02545426846034926,-0.019139842814435315,-0.002116608331965253,-0.0053385936426281755,0.0058334219566888446,0.008459005359061578,-0.0055724953022104895,0.007675858165954841,-0.0009910596213099643,-0.00037725983151054576,0.00866228658492385,-0.00526639476890195,-0.011023008831279102,-0.025623116783778432,-0.027094707461487955,0.0,0.0,0.0015392222351377494,-0.022204712913307834,-0.008467804475446705,0.0,0.0,0.0,-0.004001793254398867,8.74144307708713e-05,-0.00012869794198638873,0.0,-0.013422440821020953,0.0,-0.01798022275693667,-0.0026357318158012344,0.0,0.0004970810264063319,-0.017576360443926964,-0.018801181950169443,-0.01644332272401866,0.0,-0.026503062747626538,0.0018497444702134103,-0.016136108907836788,0.0016874239697254878,-0.022633063573567758,-0.014692898006407273,-0.023712369131138555,-1.2988687058235193e-05,0.0013647595130030776,-0.01422358758350456,0.0,-0.014076691554693765
0.0,-0.1057683303769355,-0.028442957540943725,-0.12644492433790527,-0.06485730143604596,-0.09840388734881911,-0.12449217418401748,-0.16057218850478694,-0.017008093182886264,-0.0069828935655487645,-0.04028173217140582,-0.002788074840227639,-0.1405922882660815,-0.1358936525223851,-1.1102230246251565e-16,-0.0001559568299626113,-0.00011368207922102247,-0.0014092990198115163,0.0,0.0004061720672146052,-0.00038117532694686984,-0.08879054057788616,-0.06268502887513519,-0.0002577117645934379,-0.001209670992770251,-0.0007435183576431359,-0.08637126098347742,-0.1472439074438796,-8.168811036635137e-05,-0.15446665010987665,-0.15395206137557216,-0.1409246224017895,0.0002907357458580284,-0.13909080489886688,-0.00019162783949094875,-0.10061712058024402,-0.11071076726050766,-0.005256481750793851,0.006071417483953123,-3.537109775292313e-05,0.0023947591164108495,-0.00260807294642168,0.0017542176377929874,-0.0017765245821453335,-0.00016160557388650298,0.0,0.0,-0.1774388236147536,-5.551115123125783e-17,-0.15757050468675265,-0.0030595255153395007,-0.1370730241712857,-0.19934552207418976,-0.1855578420021094,-1.1662910646637048e-05,0.02022609969067718,0.0002605602153362141,-0.13333846918129655,-0.008143910735754434,2.220446049250313e-16,0.0,0.0,0.0,-0.165785781285318,-4.988913165193676e-06,0.0,0.00010195923862615919,-0.19332722455451812,0.0,0.0,-5.551115123125783e-17,-0.1684738502252534,-0.1161327783857613,-0.0017191722572763024,-1.7199568767667373e-05,0.0007952781186332247
0.005798992294230254,0.0016814020862882528,-0.0270526227547781,0.0008212136597278707,-0.04746866975929359,-0.02088929027667008,-0.039221505797279343,-0.02167552157343,-0.041067941452053225,-0.004215042175922279,-5.0169476665862245e-05,0.0034100456820712055,-0.022759856801947975,-0.0004513249791022189,0.013042903197080957,-0.01727017364240352,-0.0015401109200788854,0.008110241927610062,0.0004061720672146052,0.0,-0.003000867011896946,0.0077816215067569305,0.045151412184785855,-0.000707428368941887,-0.02490888804965291,-0.02174402796593855,0.01571213417190681,-0.028541202965621792,0.01766376391409563,-0.013543280950260972,-0.009440938611946337,0.0051191417365010206,0.017628506724926107,0.012341217288866613,0.018632062998298005,-0.00267087704431046,0.0040933421591459185,0.0050676166979118364,0.009285551729647346,-0.0038754829884685704,-0.001593621475287188,0.008271260286652593,0.030323967938998442,-0.0013947588995602556,-0.0004897214969842301,-0.0011626979892602196,-0.004590970579040399,-0.05752347046061501,0.0,0.0,-0.05427322257808115,-0.050781696673160015,-0.03789132275671153,-0.026198538094245605,0.0006971182988415592,1.1102230246251565e-16,0.0004119017756987753,-0.03930687993768317,-1.1102230246251565e-16,-0.009757393037762019,0.007396449027020691,1.529824842416705e-06,-0.026346681318244636,0.0,-0.01106002472433365,-0.007725826898997978,-0.00954204210905285,-0.01637928338703104,0.0,0.015059570375496434,-0.01793712677587156,-0.024063025860587783,-0.029508571957315433,-0.019122046287730676,-0.020622716191200097,-0.017293696563905503
-0.02310503723474855,-0.015814860837446043,-0.021721960049835176,0.0003488360481881392,-0.00202059566794599,-0.03635608777609811,-0.06536257725665712,-0.03536198403828045,-0.023225236863730125,-0.14947095821438094,-0.00015266881473269267,-0.11725186882389926,-0.061163559564660075,-0.006465879383642015,-0.0031195762959971285,-0.03114888234129054,-0.0008782039557224119,-0.01594579239263849,-0.00038117532694686984,-0.003000867011896946,0.0,0.008684433947995174,-0.04593117345001024,-0.04809336555741939,-0.06449619190797434,-0.04945588240467602,-0.01411673508349709,-0.055343640956155904,-0.01751458350405649,-0.03802565295021393,-0.014959291961493981,-0.011831639915017733,-0.017459982324873835,0.008375952930574138,-0.0005030488010433487,0.032967897002933066,-0.007190643932088792,-0.0019867103294951005,0.0166586915894113,0.02318796885850649,0.006746863095570488,0.010239938304351992,0.002293561574461367,0.0,0.0,0.06490728734426576,0.006203626178264643,0.0016519864756453506,0.0,0.0,-0.053379426529078955,-0.0001849878766013724,-0.002836852126253564,-0.0002984794598034357,-0.0004918377983065825,0.0,0.0008833694275210413,-0.0403017096823135,5.551115123125783e-17,0.01580842984628178,0.007369202961591992,0.0,-0.005525912981860781,0.0,-0.008358852018942653,0.05574284890461989,0.002512043479007575,-0.016004830827411942,0.0012249501971633436,0.013896937922237729,0.0060146500706095285,-0.028138921625430857,-0.02642000310267595,-0.03863687056005294,-0.016488801375355078,-0.0005983240216760888
-0.014585341539661845,-0.011119089813148575,-0.060297773657992826,-0.0015806914452263232,-0.06650915549135461,-0.03142072842006427,-0.050418044005607066,-0.03690412967427997,-0.059292138903385416,-0.0012357505797812585,-0.03909425331873351,0.0011082257578787225,-0.03291482336536389,-0.000553847720085876,0.014268756038106012,-0.012452933472384853,-0.002240431244534047,0.02036031599323368,-0.08879054057788616,0.0077816215067569305,0.008684433947995174,0.0,0.006452908040254612,0.01565101335807534,0.01408372327031221,-0.01237344828645276,-0.002890173814540764,-0.0038114974347528974,-0.0029650380704829837,-0.024705626791483082,0.002487992138093198,0.018055046938402375,0.013224652659000191,0.019133901193979952,0.019652942329938194,-0.0020865628326973695,0.0042729740711662245,0.0042857551710542285,0.01667458838174546,0.006130454145497011,0.004991772678557549,0.015384807609195417,0.0545274689201119,-8.651179499441497e-06,-0.00036954614747297665,0.001081164271121926,0.004354125184972746,0.0005777934035068877,-4.05557374238974e-07,-0.00014047138669864845,-0.019829988985613944,-0.012117623803370559,0.009131405339083187,-0.014776706626248692,-0.0003305138194241164,0.0,0.000652330595037609,-0.0032764707781271496,0.0,0.00539792962003488,0.005228569854345888,-0.0007012665771629067,-0.0018148913985636117,0.0,-0.0011077587718588688,0.019226283378579734,0.003452806967363997,-0.0037235600361272825,0.0015803580971776587,0.013968209138137233,-0.0029384906620934514,-0.009235850981231142,-0.021772674447199825,-0.010233905917447939,-0.005388871966571396,-0.0022595571256421865
-0.04366497238534911,-0.015943653407821112,-0.05944445377155283,-0.04538407902659719,-0.0896628325710348,-0.03252735942598378,-0.10300411523975755,-0.04363938742393503,-0.0942515146054888,-0.05162362904706075,-0.08854278425134932,-0.06160575428383919,-0.09233609354408207,-0.13119492784696735,-0.024809575035612152,-0.035824279705841844,-0.0001327017530879382,-0.03682810695673672,-0.06268502887513519,0.045151412184785855,-0.04593117345001024,0.006452908040254612,0.0,-0.042288416742849,-0.03786497291613994,-0.035503547952911885,-0.030658772455132766,-0.07914084036882169,-0.026270752169933242,-0.04742513502117207,-0.05052203274682443,-0.03840522635639898,-0.015159616609341231,-0.028521088589671006,-0.003485721497172356,-0.0692599683004052,-0.027236572772419865,-0.04574551109878755,-0.033464986270874075,-0.01993590168680337,-0.03338643307057543,-0.004618978000100027,-0.14261003016876417,-0.03139527798019659,4.142805350426659e-05,-0.030663325760822313,-0.013620258473798885,-0.2045335569761047,-0.00015634389180535502,-0.13409840840162146,-0.10058404757541534,-0.11938071392243199,-0.1156898116055492,-0.18810794620377752,0.0019232421199242289,-0.20150784584113196,-0.0027585338568995033,-0.097805934372175,0.0003273074129687137,-0.011537170827656706,-0.015633036187698957,-3.7214681179453812e-06,-0.026584318351975667,-0.22118272861633093,-0.01972892368419954,-0.01961710564633168,-0.011133034235207395,-0.08948841818919445,-0.00041150571604781083,-0.022810753821798035,-0.011607347552160752,-0.055591884860012375,-0.060688778039015845,-0.03387476139308465,-0.041578751241612755,-0.05023028495236326
-0.03191920552049704,-0.0010475815445986636,-0.0014418701142156487,-0.001980827502839677,-0.0006499352926285784,-0.004808050612494119,0.00028769340660328435,-0.04116223387066836,-0.09676260591724112,-0.030517875568838726,-0.09402820890278774,0.0033174057143786073,-0.03230435168885398,0.0018418379068918522,-0.0009574283934803418,-0.008900300608591427,-0.02976444131413991,-0.012330280700172835,-0.0002577117645934379,-0.000707428368941887,-0.04809336555741939,0.01565101335807534,-0.042288416742849,0.0,-0.03999206285945245,-0.015766718486068643,-0.0020117625169860376,-0.01893055732002974,0.0004933409533842137,0.0006419103753957378,-0.045327133125167784,0.03001427330827322,-0.015873967275039175,0.0006682126598350213,0.01873634223757481,-0.009292431786107502,0.001365277637645046,0.005299640083725882,0.025754417350572267,-0.011593848861020828,-0.0403560873055237,0.008588178321138229,0.0010147498850970882,-0.00019635349767693766,-0.010009241239849531,-0.0591159705178077,-0.05176319672817137,0.0,-5.551115123125783e-17,1.4699117284633356e-05,0.0001510284435368714,-0.00014782639367105777,-1.6653345369377348e-16,-0.00041830898983213904,-0.03964328446896259,6.887487869050579e-05,-0.041695914499709996,-0.0015747860198806474,0.0,-0.00045430433243459634,-0.04693272220170408,-0.05521771808431486,-0.045494244373874115,-1.7912723698221278e-06,-1.2758300789339483e-05,0.00014208449474423235,-0.007095948017309728,0.0007266747778892357,-0.00010638339840596256,-0.046752129024836664,-0.043078912638695566,0.0005546787455418256,0.003645119548310205,-0.00028167456266670055,0.0,-0.051273793179307414
-0.01550902282699046,0.024913811560876353,-0.04193724894319534,0.0005618438873927767,-0.05551796541321008,-0.03240523356540459,-0.04924973762682844,-0.07598026971259664,-0.053487364785876346,-0.023677396729266165,-0.0009662211733368342,-0.03214018507846178,-0.03945933344590169,-0.00017961825228762773,-0.0072320581915838456,-0.004843614010230646,-0.026684135971943412,-0.016616194044590138,-0.001209670992770251,-0.02490888804965291,-0.06449619190797434,0.01408372327031221,-0.03786497291613994,-0.03999206285945245,0.0,-0.013254923687262998,-0.005229470807013803,-0.03261134188663045,-0.04333322139887008,-0.0008578386614301325,-0.030254968010058614,-0.010855344036752312,-0.02421148708450488,-0.010595652519990062,0.0009353915355859166,0.0009067387078168232,0.0003188863493228111,-0.007514987948611496,-0.006907801026040217,-0.016699510363607617,-0.03211333512519504,-0.02963474991208398,-0.0011041061421629972,-5.551115123125783e-17,0.0029068588098959403,-0.02264843955683693,-0.0029660076033016236,5.551115123125783e-17,0.0,2.220446049250313e-16,-0.013555894426889425,0.0008927392295690062,0.00130844059033991,0.0003830329983836589,-0.040667340503829585,-0.00019152916952519528,-0.04060474523761226,-0.015027634366431175,0.0,0.009491171675401977,-0.025038643438471786,-0.04192747407741054,-0.03119628993734741,0.0,-0.01382546141978619,0.0019156610016670128,-0.013152970928419161,-0.031577438790760526,-0.041104087905195985,-0.028120013942485145,-0.02945056254508216,-0.022664967827155158,-0.010493057724000332,-0.015114077970714401,0.0,-0.03262332648216043
-0.04339912443189181,-0.003021637839181135,-0.07525084346999728,0.0018896531372157854,-0.05694014468705688,-0.04639922851585171,-0.03827354342786965,-0.07623641553715943,-0.06319283531453879,-0.0688906635646177,-0.09129082208668388,-0.07018770295562607,-0.030427350065918235,-0.002795754992241495,-0.006628357159566278,-0.023826622715095502,-0.028738187137538673,-0.02346049366534947,-0.0007435183576431359,-0.02174402796593855,-0.04945588240467602,-0.01237344828645276,-0.035503547952911885,-0.015766718486068643,-0.013254923687262998,0.0,-0.021172753587465398,-0.022839036367128807,-0.016727892391327936,-0.0005452216652095387,-0.023541869464669185,0.00029314162331028903,-0.005615394239221361,-0.0022496363854799806,0.006420451149973028,0.0014739057218713936,0.0011709060267885985,-0.038819630088376855,0.015169713014202169,-0.009856778690788381,-0.015588453072800323,-0.005108765793495118,-0.00411019111951233,2.998394086128897e-05,0.0006284152314012803,-0.009107750290514471,-0.0043462579987018635,0.002196527754758426,0.0,-3.744617685669249e-05,-0.01690762908177529,0.0005472961571538759,0.0007314973303622629,-0.0010826378396703307,-0.06000608133385932,0.0,-0.045683293581037676,0.013541077649157018,0.0,-0.0023705686286210614,-0.019340889262910166,-0.04944091559589053,-0.04090685310013242,0.0,-0.014915810670722118,0.013451101097232965,0.004681438816193595,-0.013385508112754962,-0.044139988727792734,-0.03201805900291205,0.0031399164948875957,-0.019114112284593365,-0.014652949109528413,-0.02966692354496986,-0.0002998247893686301,-0.04319073306163845
