0.0,0.5839957041203567,0.5338646485363274,0.0,0.4051316645067074,0.41676869484383705,0.5023476621857996,0.4679613932042181,0.44108689892161956,0.6005850783215704,0.42542438362014035,0.6883845861155372,0.3231654396163728,0.26439740353283103,0.03486147014096827,0.7215056185579056,0.647874948750368,0.433598442836557,0.0,0.5100495445842145,0.33278849969926244,0.4983716293743117,0.39427585523525516,0.48422465927548486,0.4248276828936641,0.3283999565064455,0.3496375589291595,0.5646740346349732,0.5916943335802144,0.6404234846717858,0.5785067988415042,0.4691163260216635,0.6344634249928904,0.39921057616129874,0.3858153690806738,0.4384742061932016,0.5044296486321027,0.5203669894940852,0.48975917371858646,0.7455047167696124,0.5679116223389964,0.5701994199846407,0.47124101916903477,0.0,0.4735906157728659,0.5946378635825611,0.6495291017685938,0.0,0.0,0.0,0.554457762081236,0.0,0.6055469760852319,0.0,0.4062949922253797,0.0,0.5846781425816907,0.7271257350182636,0.0,0.7242503756369378,0.5341706359268401,0.293616028743054,0.6268395853128742,0.0,0.4868787556102099,0.4674966024146606,0.6591982998124362,0.6668387345596751,0.6246935033475229,0.6477822092847658,0.6960558239506764,0.47516840408273997,0.3866749797638548,0.5799618912684126,0.0,0.4118336710589998
0.5839957041203567,0.0,0.6189007067679605,0.33468574735882384,0.3380882698345294,0.31783991207712875,0.2710708989617008,0.8285937892243225,0.32415715346638946,0.4882117550682936,0.32440127915151074,0.41903633281076264,0.28751141546421377,0.49272552378907297,0.3927647739301463,0.5425756270116425,0.1858036744014333,0.38421201499093727,0.6399777941852318,0.3175441127406802,0.5948669316831482,0.3614849285497046,0.695228990311921,0.47514097643382347,0.3800429578487644,0.348333828438307,0.476911557252902,0.351236117151349,0.23823111822980644,-0.0990493400047327,0.4805503012221812,0.2819889832561959,0.42396018237214983,0.3772210837465141,0.46955947159190947,0.46732632045886857,0.22595029186024101,0.0,0.561474345554976,0.6931778428023492,0.5170667788902324,0.6205425496484992,0.6292669991190134,0.0,0.0,0.6419224316212827,0.6729854617517702,0.04199467732286718,0.0,0.0,0.6179947773603841,0.47595862969558167,0.5591981043385186,0.5689548832853967,0.6190487772687252,0.0,0.4478496737449349,0.5426649481353183,0.0,0.8073591007925685,0.5994756942407928,0.6356379854537854,0.6859947511538693,0.0,0.719486317039866,0.6589501469277235,0.6557805011658486,0.4887501839211037,0.44449645744105126,0.6399372121968576,0.7336779500161594,0.5366131681833188,0.3075482440129228,0.6004334268587892,0.0,0.7599047595834105
0.5338646485363274,0.6189007067679605,0.0,0.5038652905734589,0.5410498069398395,0.18587360021382565,0.5899426241393947,0.6492730882439257,0.3158611374925877,0.6215988112528348,0.5777193037228261,0.8603399361350665,0.6696141147339709,0.5882631001482599,0.3459225041946223,0.43735898636517084,0.6687214570425413,0.7661037984542913,0.5550558692861017,0.38987003952026555,0.3233066831084594,0.6020277916217356,0.17396040781739935,0.40358590257304555,0.9135665247215097,0.6435054678876367,0.5785683749060999,0.6995738732898505,0.5533962871839977,0.5823196879230034,0.7609460880779405,0.6374277029159164,0.5923043756051096,0.8481375393628041,0.8662878558672581,0.7214767013342951,0.6220692955912424,0.5137979853429924,0.54723754003974,0.4937536888275097,0.3822939394614703,0.5137599994351003,0.6475000438769742,0.6826593662667302,0.0,0.0,0.19965510527049452,0.774455933770669,0.47600646932972124,0.52792174929761,0.5104972544778619,0.5324311224634511,0.6744512915165308,0.693159675178197,0.3679906455921876,0.48888386503098824,0.4698272333176804,0.548007008779143,0.4977121447960692,0.24659167480600236,0.0,0.0,0.0,0.6775985740942769,0.6340299342572051,0.4423832933556759,0.10305292262813952,0.5633071930777518,0.0,0.6346064220489727,0.3524385277712816,0.6429586914623164,0.4688830134200186,0.6188209926690291,0.6792918454900793,0.3075278851122002
0.0,0.33468574735882384,0.5038652905734589,0.0,0.6304206113747346,0.5151191213374386,0.5738085359987892,0.6805392127568606,0.639162644983037,0.2774306305460741,0.4812598378316656,0.33185463629913886,0.6401439409871075,0.7375429567794037,0.617644904544338,0.12143936104421017,0.5447150773104121,0.4691855560999042,0.4688440715568454,0.5941210731993256,0.4199914005602118,0.5476831532032778,0.3844543320339837,0.22951498262874648,0.8762702134828373,0.6300842531888105,0.5943213520163297,0.18540201537870557,0.465035609924049,0.47786157014397557,1.0309549439080037,0.4907954429464682,0.31748967593023714,0.39056544477660604,0.6409688551406416,0.5446682652855427,0.22285612874321412,0.2944350935807376,0.19916765194205793,0.2914368342852427,0.37802699296249687,0.2894298550421068,0.22341340299893087,0.23814681083441436,0.0,0.0,0.0,0.39818132148807595,0.0,0.0,0.5984204275221952,0.0,0.46534938437207873,0.04098174092048297,0.0,0.9285709018229475,0.4714814354819561,0.4520351614149407,0.0,0.0,0.0,0.0,0.0,0.0,0.0,0.0,0.4732371778894382,0.6021449160354438,0.0,0.0,0.0,0.3128467359116741,0.5442334395819807,0.5837715996301842,0.0,0.0
0.4051316645067074,0.3380882698345294,0.5410498069398395,0.6304206113747346,0.0,0.6005936855539273,0.1245619162187599,0.39839828093539553,0.32340242334807356,0.7522477763552209,0.22523533801680712,0.537173086225079,0.31330386398276355,0.47740650855887173,0.49015031664359643,0.6740732556001645,0.5924759888683664,0.45391259058796024,0.35042164039386087,0.2991886349637475,0.4905615743126551,0.2693562592777329,0.44003551822111386,0.5409060019661726,0.5614647457838869,0.501863464643048,0.6467383143670128,0.47684813077702637,0.6337467347634445,0.5146595892707083,0.7730801082290284,0.01223297967731829,0.5166008878715715,0.7546707273202385,0.4776668813756547,0.4577420354687256,0.34582201495066955,0.7130210514836509,0.5761700436225679,0.7206670495580914,0.5599380004277927,0.4004495618794386,0.549952082136931,0.6653938936882515,0.2504528253095697,0.0,0.41997498626211655,0.5084704951623528,0.0,0.5728732698057575,0.6688997958106441,0.6048576154051127,0.5622385086549677,0.43056063908038683,0.0,0.18447259938742264,0.346301407081131,0.6504270803542355,0.5406787016473534,0.2530180921607741,0.45772586342673904,0.0,0.0,0.6546299969878949,0.3121509632727029,0.49739065171133034,0.37501126522209033,0.5267830359343735,0.0,0.4939192807275954,0.5615185673049651,0.5270277952317889,0.6202221937291866,0.25986238384066795,0.0,0.498371124251509
0.41676869484383705,0.31783991207712875,0.18587360021382565,0.5151191213374386,0.6005936855539273,0.0,0.3350789926851484,0.4562758572069212,0.42467205450028345,0.6622660242125357,0.4261960338877531,0.8196722128221963,0.4340991854502563,0.43205116196599697,0.6812551284069115,0.3907590608911613,0.6853505928489552,0.6179154997618821,0.41457303834519826,0.2756237370538815,0.7331077018974075,0.16823336375425185,0.39146604866878437,0.40974290058463225,0.44264523592476435,0.4765642364410296,0.3272438966124095,0.5760063563224763,0.39289947987760465,0.5597575750205706,0.674177496922469,0.49837086712861256,0.7590062837154657,0.7030379222100657,0.704688610613516,0.6307810692260243,0.594289994301777,0.5742335376428258,0.5474627811766535,0.3468004445945456,0.39065883563591974,0.3069624910630029,0.6747529106910646,0.49241054776664406,0.19459260117945232,0.6218249709113541,0.5088031164747442,0.5026764032735359,0.5646583895852233,0.41875566470859327,0.49323533436144645,0.4804602444104975,0.5253986211017538,0.4851066328096957,0.2936781062774128,0.55830359135317,0.4463793413850664,0.4737522891766379,0.3878378941011873,0.6553657802852475,0.5999808618377819,0.0,0.5336354572858745,0.527005854554359,0.5858045696474412,0.5352398018568051,0.6945800205270394,0.47508624109461517,0.5719479218194525,0.4948290410656081,0.477935168062272,0.5018691667236297,0.41825769093628473,0.635701879971986,0.3592511486607289,0.43327481512699717
0.5023476621857996,0.2710708989617008,0.5899426241393947,0.5738085359987892,0.1245619162187599,0.3350789926851484,0.0,0.4124220415193191,0.4909537166914758,0.5472656576558439,0.5561990146137057,0.25369990915718543,0.05066859465198592,0.3444437834120538,0.5325521015338082,0.4136344339799536,0.5973073376257964,0.36636839255274123,0.5978220681150883,0.22667012815434165,0.4946465313301479,0.16197840813582248,0.5468431661432889,0.7945693159769883,0.3987147613973512,0.3906614014927768,0.4731438383345093,0.6231733562775057,0.3063505227230295,0.11714919234059451,0.4588641508191194,0.4184428020379107,0.3066078389722602,0.37221734515126015,0.37973034142619705,0.614673020746068,0.6107566126716233,0.5619834619474257,0.5304608334418893,0.43544847011608945,0.6941758295667086,0.46423217396062955,0.5623198245465939,0.8188504715951354,0.35436693667020686,0.0,0.6061717539111413,0.41018352817172865,0.0,0.5412238301241471,0.5422916691910195,0.4999844692685608,0.5904037244919598,0.5146052887645135,0.5927752052367017,0.30504661094464974,0.41764310349681566,0.4339108244688628,0.33239843054076074,0.20095135705714184,0.6087628197317216,0.0,0.5360960559009667,0.5806415231330194,0.615753143061194,0.48142414522432964,0.5535392767552556,0.4835523894341345,0.46260547984207,0.6077191479205485,0.5055343215600335,0.46495061282793415,0.45575784772422284,0.5649900328111296,0.7941180229006866,0.5251013239095068
0.4679613932042181,0.8285937892243225,0.6492730882439257,0.6805392127568606,0.39839828093539553,0.4562758572069212,0.4124220415193191,0.0,0.6074086445394691,0.6972944722143937,0.46775909014061806,0.819268476646265,0.5188386606589841,0.7891123966396273,0.5624675625459641,0.7196498734724199,0.4801977622226893,0.7232278912697367,0.5988173956202482,0.241034656207532,0.3583483427493135,0.5359228314075983,0.4267433465238569,0.4250578945154426,0.6466472397225964,0.4947733338726182,0.5039939503489147,0.3982662959972495,0.380372624152388,0.32603137252525516,0.5861060784915645,0.4300473415291821,0.5083943989030016,0.5462418165432859,0.48379430008583224,0.7073087496191632,0.47969990080223324,0.6144627838351453,0.429469670484103,0.4157464513357647,0.3151690195366278,0.48284164560909315,0.5309134762247665,0.4504821369574825,0.0,0.5687175616436665,0.20474033395402377,0.5193346078491006,0.0,0.49210082062432753,0.424905423356023,0.4241196121499159,0.48382563467562706,0.36836792156659703,0.824696168274873,0.26412525384198143,0.9849565665287265,0.40224726661578175,0.5579811729164386,1.029422625477833,0.030642782422359766,0.0,0.6769678423224188,0.5168414190402919,0.7161648729566064,0.5859937517301982,0.4922891731975282,0.44690565449144526,0.0,0.46731402528031285,0.41896364770183325,0.4411392602256321,0.2890393731926851,0.47558609812161146,0.5082920154122725,0.18800711643549586
0.44108689892161956,0.32415715346638946,0.3158611374925877,0.639162644983037,0.32340242334807356,0.42467205450028345,0.4909537166914758,0.6074086445394691,0.0,0.7618363362581444,0.28351871578809273,0.7483180697653865,0.3988521909336329,0.41567204940638064,0.5848978177807223,0.750198912256846,0.6012729516508144,0.8145175459348187,0.19757977604467009,0.382866622896046,0.41536699273727334,0.2763905679905633,0.5019049792347108,0.7113065612085702,0.681191690523999,0.7345767188291012,0.5319054953895,0.685831081802548,0.3613690051111271,0.7234793057683161,0.7742791027499927,0.7008574598649857,0.7361324676828256,0.8479519170894391,0.905694353637855,0.6373005922103119,0.7802073152133285,0.8219042007686093,0.36886621702520217,0.5274625854310481,0.28441707069383726,0.286070048021835,0.5231534870897927,0.6583088755248532,0.28367801531921094,0.0,0.5110479481198051,0.5909289117746208,0.4696506090224741,0.7035281333253852,0.5158445800981288,0.5783231901770693,0.6851819463722157,0.48333895853282877,0.20338352735004497,-0.01464909885501664,0.8312641197268344,0.3977509413575078,0.6417593576813371,0.4515653868228196,0.698683281454634,0.0,0.0,0.5529847519693554,0.6095226817566697,0.6645028655998165,0.5700126420390967,0.5529277916065423,0.31290300340585103,0.566924472359553,0.2878587257387283,0.5095931056569676,0.4056541033248108,0.5774687045995026,0.4873651309993104,0.5037822210857203
0.6005850783215704,0.4882117550682936,0.6215988112528348,0.2774306305460741,0.7522477763552209,0.6622660242125357,0.5472656576558439,0.6972944722143937,0.7618363362581444,0.0,0.7899755314793917,0.4650167698478178,0.49184506547800555,0.5958048768222941,0.4874762329947434,0.4944414298988463,0.6840440648409801,0.6540479425143051,0.6548184709997054,0.46576416952158856,0.7777237965093011,0.5514648338012169,0.5470520051862026,0.5205741512378339,0.7107655226884535,0.6034455482749715,0.5904496754549194,0.59824692854141,0.5966582138706324,0.5280365411247352,0.5951612232496242,0.25542697577321904,0.7023351718976156,0.39932882343166237,0.5604988699165696,0.2164367270578335,0.43101680673265175,0.4127845816553429,0.24517578294237494,0.5810277048564596,0.38309712226201087,0.19629425606077644,0.2900794518840055,0.30153770509944566,0.6196465230281842,0.4135478687078233,0.4941227346473488,0.15308978565885273,0.4754134227202863,0.4625658348775348,0.5345238584792129,0.4635272340289403,0.5672270543291116,0.2317061496085483,0.7475776909871334,0.7446882866824934,0.8674399052436795,0.16849475390811525,0.0,0.9065341568530396,0.6122635000172674,0.7566161325902707,0.77092822236703,0.4810314072600307,0.47353999073313513,0.5737857010010285,0.3410208021083891,0.5511824769999938,0.5858561370296498,0.8371628252872833,0.8194489637625476,0.5562649671586273,0.31759511761957226,0.39937640919217576,0.0,0.6769903227788436
0.42542438362014035,0.32440127915151074,0.5777193037228261,0.4812598378316656,0.22523533801680712,0.4261960338877531,0.5561990146137057,0.46775909014061806,0.28351871578809273,0.7899755314793917,0.0,0.725639734674742,0.675331203678658,0.4801438080751043,0.0,0.5185239769170427,0.7430336196356151,0.7016254122818886,0.2754824374904069,0.4579057677504479,0.5461601861603409,0.3839995089147409,0.4031321892099471,0.754695227439695,0.7777319338043198,0.7551113856035374,0.4155140967377091,0.697985550125266,0.7356482457265232,0.5462578673765418,0.7282503962053362,0.30081864229979854,0.7629150084332239,0.8029921601980894,0.7860731979425728,0.5893686075829491,0.5999698573656473,0.7718039958330223,0.5951483082107365,0.5613321086710252,0.5162869823165428,0.4537736742719462,0.6273509967882877,0.5748018093368517,0.18743917506485863,0.0,0.0,0.767767861447609,0.4777652225427483,0.4770011085174195,0.6193665228142419,0.5294232046578805,0.6815167179129589,0.6811104745081302,0.4875935698700765,0.2067174343425308,0.7669002504564122,0.5889800724556795,0.6384779102523128,0.0,0.0,0.0,0.0,0.8348743798805573,0.3499696757019246,0.0,0.6746834253450225,0.5918539633192555,0.0,0.0,0.9423919522717212,0.5496764768981782,0.5379032134917459,0.3619212497947152,0.0,0.5854141449000174
0.6883845861155372,0.41903633281076264,0.8603399361350665,0.33185463629913886,0.537173086225079,0.8196722128221963,0.25369990915718543,0.819268476646265,0.7483180697653865,0.4650167698478178,0.725639734674742,0.0,0.4379414792613845,0.6212152512822957,0.40618546822701324,0.913379235090406,0.7987137445643419,0.7851502692732791,0.6106208147507408,0.5556601464039626,0.8058060516977132,0.4575224874464023,0.7544761008809175,0.530016079542285,0.6912013497267449,0.35653971481502117,0.5896392590291892,0.6086172798045841,0.6132484951268711,0.29942984663887423,0.45143986845338097,0.470874093497823,0.7685598921015989,0.6347890416997163,0.720082991925744,0.48217274650916364,0.4859146964353288,0.4120403904074925,0.4747145768382829,0.48077407896765234,0.45878386492663153,0.2947920419516708,0.4397702263383372,0.4559960626557219,0.4679847342650131,0.21593573080755968,0.5595943639569594,0.2545272737252114,0.19372886351516433,0.29114569869802087,0.35162100762523746,0.4842482942862365,0.25473302835006045,0.41640336007220335,0.6459268147970441,1.0687904374522228,0.8494573695386916,0.37519570673352975,0.7255909613083171,0.6552661025050017,0.49424057162804236,0.6987331701233545,0.8485889092215773,0.34770280841844814,0.7848126038865404,0.7698278505351124,0.4437622023174196,0.7744249593434668,0.5815721156975573,0.8281661410507353,0.7547878650255548,0.32277295545303475,0.5184953780994711,0.4928475841684716,0.0,0.6681090199686266
0.3231654396163728,0.28751141546421377,0.6696141147339709,0.6401439409871075,0.31330386398276355,0.4340991854502563,0.05066859465198592,0.5188386606589841,0.3988521909336329,0.49184506547800555,0.675331203678658,0.4379414792613845,0.0,0.4536125020148194,0.45418959336783954,0.4613143665870435,0.45773518919967593,0.4374781569577316,0.6444468589530493,0.2563336740123314,0.5960923485258102,0.18067944965452137,0.5919380347140041,0.41669095626796654,0.4569025844471793,0.5139332677815596,0.502327624749556,0.2612565410480726,0.35890890249893115,-0.1268654191739531,0.4728897876630731,0.4746579532269733,0.5147905073266708,0.34459932601977283,0.5709636554795431,0.6550212366286408,0.6077950116019777,0.45200171682775114,0.2712388737179262,0.06390547408685504,0.21926557415320558,0.2883966967369466,0.6592771186672385,0.5384676415917103,0.43387224642371763,0.6424778472796769,0.5635197696891335,0.576364126597641,0.0,0.6741562864604371,0.5163690221313717,0.5003286519905616,0.3895059540408998,0.5844755637491795,0.563380384937816,0.440910222694686,0.11420246485735042,0.5391310917394749,0.3866871079811377,0.4723118288018862,0.5391865357598262,0.40132238273563114,0.40089495363413913,0.47012731914221395,0.38345640888528315,0.6025360336631413,0.5283729452172874,0.5193061714206659,0.5191167141520805,0.548190780002653,0.5389900463931098,0.5153319871275533,0.37786358966614253,0.5408828691427385,0.5559348891642255,0.4756047273117258
0.26439740353283103,0.49272552378907297,0.5882631001482599,0.7375429567794037,0.47740650855887173,0.43205116196599697,0.3444437834120538,0.7891123966396273,0.41567204940638064,0.5958048768222941,0.4801438080751043,0.6212152512822957,0.4536125020148194,0.0,0.5351503522468012,0.5618963979205277,0.5002657117262064,0.47572188978507635,0.5270234141333431,0.3893930028922118,0.3094782789089663,0.275249692073803,0.3889584773904064,0.5629753940309326,0.49603660401617694,0.21700928489731008,0.5372320191277654,0.4510284999454253,0.3946400340884079,0.8111990386342387,0.5107227060074576,0.4285499778394506,0.2539977115486162,0.6614528312708639,0.30857703786245694,0.8040119833408101,0.6542569688262383,0.3894023602670538,0.688070077741891,0.0,0.709292608948811,0.848585811653383,0.5809230396521862,0.4753522737953034,0.0,0.0,0.0,0.41093430377494916,0.0,0.49258999827694183,0.4465649634746874,0.11987732203129275,0.5385077262966249,0.2117433540636093,0.0,0.2506771453090641,0.4115711897647507,0.7541675143224267,0.46040819345671125,0.0,0.0,0.0,0.0,0.5062885160802405,0.0,0.0,0.0,0.2658404779767649,0.0,0.0,0.0,-0.040156737682322696,0.7447005440143206,0.0,0.0,0.0
0.03486147014096827,0.3927647739301463,0.3459225041946223,0.617644904544338,0.49015031664359643,0.6812551284069115,0.5325521015338082,0.5624675625459641,0.5848978177807223,0.4874762329947434,0.0,0.40618546822701324,0.45418959336783954,0.5351503522468012,0.0,0.501300465858014,0.46523446911112365,0.4081119362851934,0.0,0.46436774033600536,0.4713921940454247,0.33823758780274377,0.40593015143464467,0.015302857639878154,0.45660005612956156,0.346749564483205,0.3718934564276134,0.39964923955229303,0.41613212561246743,0.4858789782873979,0.4412634109588896,0.329465937386593,0.4657050823322576,0.416581405226428,0.5123353479051299,0.5007869790159937,0.4758430898883837,0.3773467071915321,0.27256713255920095,0.5577889428459838,0.578978871870445,0.3474147393944462,0.5013795372843588,0.6218985370685568,0.0,0.6675246714512645,0.44853382706424916,0.5009755488404439,0.0,0.0,0.5580214684018711,0.7048968256217688,0.4264419305524928,0.47510146431879047,0.0,0.0,0.6743188076872363,0.5013440596260639,0.47907747485624136,0.810470078526296,0.26248523848158395,0.6203762242137841,0.7578795973522375,0.0,0.8604614782139689,0.48119234284318857,0.8021483682052857,0.7587681384906415,0.4676502736818864,0.41801979431162434,0.5429319364687138,0.6827823503284424,0.3905806747964032,0.5753500406489501,0.5529228901880309,0.594768060440164
0.7215056185579056,0.5425756270116425,0.43735898636517084,0.12143936104421017,0.6740732556001645,0.3907590608911613,0.4136344339799536,0.7196498734724199,0.750198912256846,0.4944414298988463,0.5185239769170427,0.913379235090406,0.4613143665870435,0.5618963979205277,0.501300465858014,0.0,0.5021932863695426,0.3075428362504419,0.45849277409348277,0.5931273533080741,0.6924508917531571,0.23869540092280706,0.5934987930209992,0.7784634713563061,0.5511466450861241,0.5559954351983506,0.5691405613982774,0.4371215429760752,0.37138560026056855,0.506656365053149,0.4559930877782985,0.21116603538611992,0.30483413571423923,0.21701898439888323,0.3439755652023594,0.6169588043948937,0.3776642735775254,0.611186085041122,0.43009970495349503,0.2805573203280769,0.5289235271835107,0.46507576490715924,0.46698526921857714,0.0,0.0,0.6263092747024948,0.6318945514779426,0.0,0.0,0.0,0.520502382816331,0.6009288172609498,0.8320267791234507,0.0,0.925904619229054,0.0,0.886304548300718,0.5172248173663425,0.0,0.6032710903051903,0.4061284313494295,0.7359713389777234,0.6393798794743437,0.0,0.44278879079269734,0.674954201878107,0.5037897247288843,0.3757741924760809,0.6395314338506071,0.654411674356919,0.7757619458757281,0.3389725629739768,0.6394728151928254,0.41947223638180464,0.0,0.5198065034168309
0.647874948750368,0.1858036744014333,0.6687214570425413,0.5447150773104121,0.5924759888683664,0.6853505928489552,0.5973073376257964,0.4801977622226893,0.6012729516508144,0.6840440648409801,0.7430336196356151,0.7987137445643419,0.45773518919967593,0.5002657117262064,0.46523446911112365,0.5021932863695426,0.0,0.7632694450779299,0.7134112395474916,0.46090427985825155,0.5191504020862222,0.6182753248846432,0.49875006723101356,0.886417413256418,0.48865443058440394,0.6373162311423881,0.7441953080472176,0.7460025473144003,0.3709707664612457,0.5188772947352341,0.6631112286214664,0.5526723425018678,0.6106557441024368,0.561594106619034,0.8001578074879883,0.626223997786693,0.256032198125297,0.36063090470475034,0.5891920681917837,0.6951060692963014,0.7301851258433346,0.5474468407857309,0.0,0.0,0.45654672221937515,0.6693329308736595,0.8313993818509096,0.0,0.0,0.0,0.0,0.0,0.0,0.0,0.9000165331618475,0.0,0.7900041866740348,0.32011390579321475,0.0,0.8077392773619111,0.44284974436113755,0.8901657121504887,0.7569855894157467,0.0,0.0,0.0,0.5220932905799333,0.0,0.8069645323981973,0.8983852721600873,0.8700066090564316,0.0,0.288795524801723,0.4778942196978858,0.0,0.8345915607140959
0.433598442836557,0.38421201499093727,0.7661037984542913,0.4691855560999042,0.45391259058796024,0.6179154997618821,0.36636839255274123,0.7232278912697367,0.8145175459348187,0.6540479425143051,0.7016254122818886,0.7851502692732791,0.4374781569577316,0.47572188978507635,0.4081119362851934,0.3075428362504419,0.7632694450779299,0.0,0.6490590262425495,0.37264257046331606,0.8174073348028629,0.14878857986666874,0.6483180337597536,0.6683865415594403,0.5600008802391385,0.4505688670913134,0.6778026352017268,0.3845632924391897,0.2569153999495982,0.5656480642695043,0.5188031976905094,0.34778573183453054,0.5725464888730013,0.5142407574356336,0.5397019367437083,-0.015099455734739198,0.2552772908880344,0.3954750321734241,0.5081111402160847,0.5051246199011087,0.6300188988798027,0.6903845536311233,0.0,0.0,0.5863081151309869,0.7297959023973446,0.6229423202467461,0.0,0.0,0.0,0.49226711842857523,0.5497492336589371,0.8196308443403715,0.0,0.976608719242659,0.0,0.9102669830749126,0.5232402567602898,0.0,0.5144416488760443,0.5109150069813646,0.9548782496879636,0.793307366435545,0.0,0.35898348000467767,0.7066282278626317,0.5702595582394996,0.18720858670230772,0.787938965790689,0.795703305218878,0.8157554559570528,-0.006873030046572304,0.6717992751346111,0.3922180579326504,0.0,0.6806874635333588
0.0,0.6399777941852318,0.5550558692861017,0.4688440715568454,0.35042164039386087,0.41457303834519826,0.5978220681150883,0.5988173956202482,0.19757977604467009,0.6548184709997054,0.2754824374904069,0.6106208147507408,0.6444468589530493,0.5270234141333431,0.0,0.45849277409348277,0.7134112395474916,0.6490590262425495,0.0,0.5557045200297732,0.4423607454257382,0.68206333797259,0.31297023072671293,0.4607991599890753,0.6234846031375818,0.5861269025378877,0.43958986789858295,0.6956625022597545,0.5982668594821853,0.49212608741112035,0.7259230286364122,0.5139616389256696,0.6452122740633458,0.7624350942687553,0.6905813033992281,0.7176481883428427,0.583821665729642,0.6518799937213405,0.5427403140832023,0.40808822233641,-0.02658056028725217,0.14227188051374473,0.6147401930336753,0.34338536402032044,0.4078393495132464,0.0,0.0,0.7558574873709798,0.0,0.5104143682264877,0.4327648232608846,0.4537703264026765,0.7171846420014206,0.5940075875403439,0.9209558020612776,0.10374997753360266,0.6931192932462698,0.30154881275148243,0.46280447433819427,0.0,0.0,0.0,0.0,0.5947578556923843,0.4770010409653469,0.0,0.49653166324899445,0.5747888094838404,0.0,0.0,0.0,0.5259705475515998,0.3721533663484259,0.47410796967340685,0.46254958453675754,0.6379102220567652
0.5100495445842145,0.3175441127406802,0.38987003952026555,0.5941210731993256,0.2991886349637475,0.2756237370538815,0.22667012815434165,0.241034656207532,0.382866622896046,0.46576416952158856,0.4579057677504479,0.5556601464039626,0.2563336740123314,0.3893930028922118,0.46436774033600536,0.5931273533080741,0.46090427985825155,0.37264257046331606,0.5557045200297732,0.0,0.772464286887598,0.1086815014037936,0.4850106498501267,0.6202712263741763,0.4995474374313984,0.3772309368234386,0.5766451407438651,-0.07872500694331847,-0.26949106608150847,0.07315532263799446,0.4823558929897287,0.2756314585315587,0.3205942008933985,0.5010668131322449,0.6428950421148387,0.8560642543271814,0.5059381412267168,0.32580061364860796,0.14002009432067805,0.5436774243669935,0.4391098849236266,0.3064491513302863,0.6191101946521658,0.2345968607973737,0.20550461153228372,0.5082842867517045,0.5350984490449519,0.683897706772512,0.0,0.0,0.49780428798360327,0.6383840365649256,0.6351224215358902,0.5305667485576192,0.9394366040034708,0.0,0.5711064859554817,0.49387356413128425,0.0,0.7425593831136976,0.2567819763345988,0.4687029462971291,0.18736493375380608,0.0,0.614338267605579,0.6370250301726444,0.7235346127349095,0.5813099822857366,0.0,0.44586048306984083,0.6369715181669564,0.5765673691487574,0.3717742716876993,0.5164481309564106,0.08906388782041835,0.5383735772326166
0.33278849969926244,0.5948669316831482,0.3233066831084594,0.4199914005602118,0.4905615743126551,0.7331077018974075,0.4946465313301479,0.3583483427493135,0.41536699273727334,0.7777237965093011,0.5461601861603409,0.8058060516977132,0.5960923485258102,0.3094782789089663,0.4713921940454247,0.6924508917531571,0.5191504020862222,0.8174073348028629,0.4423607454257382,0.772464286887598,0.0,0.430664505756682,0.3778335707943077,0.5319141652988981,0.6373184622901271,0.40749149174376553,0.5372855417190731,0.387630826444196,0.37337999997974614,0.5044180625380631,0.5450801253442719,0.29905027287559727,0.40534090572838777,0.38066166178705624,0.5875759689688338,0.5205193213703149,0.3351496270956893,0.871328594396211,0.4258105143249143,0.449579598935208,0.22055082949459165,0.09484824576234219,0.5624263635042255,0.0,0.0,0.5804501627551173,0.5326269475347256,0.6506465252962639,0.0,0.0,0.5811188099410844,0.435882138724683,0.4691122422830539,0.5245712253143594,0.5034521986813151,0.0,0.7819366860370215,0.33148618914720485,0.0,0.6662517476448837,0.3229739041598811,0.0,0.5353399260378979,0.0,0.6656506040249077,0.5697096119809626,0.6649342739154293,0.5746071388348173,0.8298062986123951,0.4517431435192645,0.6360783681005124,0.6200921287678731,0.23516161297981247,0.617657946931907,0.4512706705009135,0.5144253769846534
0.4983716293743117,0.3614849285497046,0.6020277916217356,0.5476831532032778,0.2693562592777329,0.16823336375425185,0.16197840813582248,0.5359228314075983,0.2763905679905633,0.5514648338012169,0.3839995089147409,0.4575224874464023,0.18067944965452137,0.275249692073803,0.33823758780274377,0.23869540092280706,0.6182753248846432,0.14878857986666874,0.68206333797259,0.1086815014037936,0.430664505756682,0.0,0.5726438946751693,0.4200029168255541,0.482969706654575,0.2319848708801031,0.2668730692773347,-0.19496051383651736,-0.17152252624061773,0.08183702991876579,0.41525906414257413,0.32022844113682364,0.3990298364041027,0.49252870889669537,0.5620858925128734,0.32873165452573405,0.6756854075327698,-0.01439259102242818,0.18415217915369672,0.37182438299895115,0.5269509789771338,0.34044329819724295,0.6700888990760101,0.358205202031199,0.24779356671248368,0.5067644929455207,0.5987688444612669,0.7575928992615414,0.47669751243106867,0.24289282373330368,0.66294621072876,0.47626040121561,0.6230262192646022,0.5848069659717313,0.40457250914002807,0.0,0.36134097498978357,0.4635272550656847,0.0,0.719892635902549,0.3528261558809998,0.41507881047480477,0.4847865150287035,0.0,0.5289196992377658,0.5672590802484333,0.6400689476045156,0.5394678847461359,0.7491034868948194,0.5005280327518801,0.57498464659183,0.5655366429007853,0.31066740997465253,0.5918857263118471,0.5570682442243626,0.5881795984179796
0.39427585523525516,0.695228990311921,0.17396040781739935,0.3844543320339837,0.44003551822111386,0.39146604866878437,0.5468431661432889,0.4267433465238569,0.5019049792347108,0.5470520051862026,0.4031321892099471,0.7544761008809175,0.5919380347140041,0.3889584773904064,0.40593015143464467,0.5934987930209992,0.49875006723101356,0.6483180337597536,0.31297023072671293,0.4850106498501267,0.3778335707943077,0.5726438946751693,0.0,0.48306184262897867,0.5537069352119313,0.39061746162444805,0.2502785775651445,0.42043911300319553,0.4861562191302684,0.5212558964418376,0.6203887809722096,0.5030570028123658,0.4369923522708428,0.6430648311174254,0.7647697913116334,0.5615659796781749,0.5042108903774762,0.5239888516444877,0.5323929063200195,0.3867337295934863,0.5201224068750744,0.574619958870936,0.6724441330180897,0.5458691102743044,0.5473249322036877,0.5372644993265479,0.629357369380414,0.6648066553085787,0.4636126842983471,0.7056291752180417,0.4772821963961755,0.4930693859966873,0.5211264807579443,0.5126628654683627,0.22167671167072078,0.6709044576230829,0.4274153327099176,0.4486013621907352,0.6686133701826139,0.7164959124298589,0.4890334996399625,0.473539990733136,0.5738603654928932,0.6579474039990674,0.6952100143180121,0.5546671108230867,0.7050455928429282,0.6585288167680095,0.22162288669437985,0.5626759167967466,0.5819076672170522,0.4663247066860271,0.39598001017673035,0.5781808204346094,0.35581188216469084,0.498279258961434
0.48422465927548486,0.47514097643382347,0.40358590257304555,0.22951498262874648,0.5409060019661726,0.40974290058463225,0.7945693159769883,0.4250578945154426,0.7113065612085702,0.5205741512378339,0.754695227439695,0.530016079542285,0.41669095626796654,0.5629753940309326,0.015302857639878154,0.7784634713563061,0.886417413256418,0.6683865415594403,0.4607991599890753,0.6202712263741763,0.5319141652988981,0.4200029168255541,0.48306184262897867,0.0,0.6343675753425255,0.43611108232663387,0.3735522735806555,0.5404300291941955,0.6330846100747791,0.8133825922333926,0.6961989061165522,0.7231197597991736,0.8650973304828311,0.531916487808541,0.7201816417316965,0.8504175915926313,0.5038626455335281,0.5215372672622492,0.7843613757716565,0.6493999233709573,0.4170852960669329,0.7153286387988205,0.6134889793746822,0.33623047014753404,0.5369260256978325,0.5259134928208589,0.48074127895960617,0.0,0.0,0.47416189623143207,0.5868655536920345,0.3021810403059638,0.0,0.0162458574987785,0.4549138493375221,0.5324561805323642,0.6568352322634348,0.4663439830640861,0.0,0.2526274310797442,0.509374956608122,0.3290611479954588,0.6971941620610973,0.46243945964469746,0.36074671197454095,0.4796657254629145,0.6685088450776658,0.8270590104701124,0.3871695342579596,0.6824470130735961,0.6448448718145483,0.5556732494317196,0.3967463998020528,0.5959553867966143,0.0,0.39973353094127073
0.4248276828936641,0.3800429578487644,0.9135665247215097,0.8762702134828373,0.5614647457838869,0.44264523592476435,0.3987147613973512,0.6466472397225964,0.681191690523999,0.7107655226884535,0.7777319338043198,0.6912013497267449,0.4569025844471793,0.49603660401617694,0.45660005612956156,0.5511466450861241,0.48865443058440394,0.5600008802391385,0.6234846031375818,0.4995474374313984,0.6373184622901271,0.482969706654575,0.5537069352119313,0.6343675753425255,0.0,0.2628246871050945,0.6920189781977308,0.48564769926501344,0.33702985582099004,0.44609891053189027,0.7010321904566006,0.24398292732623883,0.669429052684104,0.5136516134623847,0.6265506555679885,0.5437860723876498,0.5880633580210874,0.5948506785808518,0.6270615839849921,0.614754141903966,0.6838417718022232,0.6438708948076091,0.09856924691114129,0.0,0.46683341511368287,0.7108509037939772,0.7721115923872603,0.0,0.0,0.0,0.538146531984268,0.5447895475316314,0.7033862518075191,0.40822377505350016,0.929140418276373,0.4748961956067439,0.9096648751373863,0.37819380000902403,0.0,0.6007051150816185,0.5781983220805306,0.9203328398913824,0.8087123096456487,0.0,0.6522904737873467,0.5562590730851524,0.764969067025071,0.4241001393722767,0.8197101868800618,0.7925631412937377,0.7790984008218269,0.39267923328017534,0.4831900980045649,0.4191697695922748,0.0,0.6518411669852443
0.3283999565064455,0.348333828438307,0.6435054678876367,0.6300842531888105,0.501863464643048,0.4765642364410296,0.3906614014927768,0.4947733338726182,0.7345767188291012,0.6034455482749715,0.7551113856035374,0.35653971481502117,0.5139332677815596,0.21700928489731008,0.346749564483205,0.5559954351983506,0.6373162311423881,0.4505688670913134,0.5861269025378877,0.3772309368234386,0.40749149174376553,0.2319848708801031,0.39061746162444805,0.43611108232663387,0.2628246871050945,0.0,0.5455059104184465,0.642877848997615,0.452486581867406,0.4276707694437265,0.451775871535023,0.32140092417262733,0.5791719381148055,0.3843713971680991,0.41447602197666666,0.09688737580567514,0.5108940336916724,0.5072127495902505,0.39670201676397626,0.534857629488887,0.5658235930250552,0.3484676107970596,0.20828459921512343,0.549715287865735,0.5240201043409949,0.5185726357029592,0.6316712814898895,0.6698314348488598,0.0,0.00304862004243837,0.6112013781652957,0.422389881134841,0.5343808980757355,0.4112120513033265,0.8574144420707949,0.0,0.9034235272165645,0.5477111640501526,0.0,0.6683956947246024,0.4873321502694545,0.8134210759218152,0.7479356230696926,0.0,0.6396193712942583,0.5534057788516311,0.6042437609272351,0.37678144405677527,0.6583319331294153,0.7182147527889222,0.6686589352059109,0.5760566764339861,0.5037364767877284,0.7234186710483204,0.4857793113940756,0.5702575567040131
0.3496375589291595,0.476911557252902,0.5785683749060999,0.5943213520163297,0.6467383143670128,0.3272438966124095,0.4731438383345093,0.5039939503489147,0.5319054953895,0.5904496754549194,0.4155140967377091,0.5896392590291892,0.502327624749556,0.5372320191277654,0.3718934564276134,0.5691405613982774,0.7441953080472176,0.6778026352017268,0.43958986789858295,0.5766451407438651,0.5372855417190731,0.2668730692773347,0.2502785775651445,0.3735522735806555,0.6920189781977308,0.5455059104184465,0.0,0.46164293356650976,0.4040007702475555,0.4901160311911115,0.5355207525504841,0.4897473715870847,0.49343560567959194,0.6670289492460058,0.7614238255430509,0.5085245464153145,0.5909284042229661,0.5295641799029576,0.4478592272789389,0.49320488726782974,0.5781445720804186,0.3697245544683613,0.6933399483504553,0.5531775119674307,0.4026083904526271,0.4362160430684161,0.5374437113290477,0.5621243890940155,0.477646704279913,0.6428087565168846,0.5096653850142536,0.47444275221651916,0.5289287855613095,0.4615093347825905,0.7056806425833099,0.34083665142741826,0.40930624352349854,0.4895447974332522,0.7514624516229507,0.6696652830458233,0.6282768807541743,0.0,0.45554398529121193,0.6464864047890785,0.6935057340287909,0.5836146641173173,0.6150589533194335,0.5030236915347818,0.0,0.4815381157940181,0.5026267788649099,0.5379005449959136,0.48052142444015455,0.6083242472236003,0.35211108696222143,0.5418491173060016
0.5646740346349732,0.351236117151349,0.6995738732898505,0.18540201537870557,0.47684813077702637,0.5760063563224763,0.6231733562775057,0.3982662959972495,0.685831081802548,0.59824692854141,0.697985550125266,0.6086172798045841,0.2612565410480726,0.4510284999454253,0.39964923955229303,0.4371215429760752,0.7460025473144003,0.3845632924391897,0.6956625022597545,-0.07872500694331847,0.387630826444196,-0.19496051383651736,0.42043911300319553,0.5404300291941955,0.48564769926501344,0.642877848997615,0.46164293356650976,0.0,0.18327963055149799,0.3386793018290516,0.4779960360743064,0.382544493188773,0.7143417544815498,0.26376924279426506,0.376493271428304,0.2878551411357418,0.24736898729582799,0.6363661398524885,0.18892167961767856,0.3070076933554828,0.3345172148274024,0.17012910641880225,0.6938157961760724,0.48546235293281464,0.6300036141430609,0.6155348678104722,0.5886223619781162,0.5714315960692284,0.0,0.7309790854086528,0.5280611247081626,0.5305191361119931,0.40128532050565585,0.5354208082402336,0.659632717445866,0.4877834582944702,0.45018263859778196,0.49041133393531383,0.3494123798569647,0.5089408213093289,0.448677249404494,0.20218838259705307,0.5817335043454201,0.589332113279967,0.570870219303368,0.6135183292493795,0.40877026384125803,0.5278078927081133,0.5407270008604654,0.6363756536926267,0.4583168729392772,0.5165061113031951,0.4877507376893794,0.5039644970869258,0.3956637684967467,0.5306140490323414
0.5916943335802144,0.23823111822980644,0.5533962871839977,0.465035609924049,0.6337467347634445,0.39289947987760465,0.3063505227230295,0.380372624152388,0.3613690051111271,0.5966582138706324,0.7356482457265232,0.6132484951268711,0.35890890249893115,0.3946400340884079,0.41613212561246743,0.37138560026056855,0.3709707664612457,0.2569153999495982,0.5982668594821853,-0.26949106608150847,0.37337999997974614,-0.17152252624061773,0.4861562191302684,0.6330846100747791,0.33702985582099004,0.452486581867406,0.4040007702475555,0.18327963055149799,0.0,0.2386504065922228,0.1908130626948833,0.052098241882133106,0.15211410033844872,0.3087686824119542,0.45541916624956946,0.3529089508502823,0.35599709289903864,0.5309390470933675,0.49331721668820605,0.5017824737128191,0.5762142700622896,0.45508395841875615,0.4438928365719387,0.47805506243202367,0.6466227567237686,0.4662465182527473,0.46155903433824,0.5842607154819983,0.46109345703055804,0.4661169285422211,0.5528472289598021,0.5254514919704605,0.4830189003960123,0.40821944702111335,0.34301314559915935,0.19784327769576598,0.5727733882929247,0.4765432466741796,0.781710183676992,0.5590107154366937,0.627681358999513,0.4813342115892335,0.5751675586355427,0.19468902453846568,0.6480274015640857,0.6031525653191219,0.46448124843992844,0.5742642150954593,0.4589701128676973,0.21565664040935895,0.5957186020369516,0.5499691694523114,0.4236716130040413,0.5250817802428002,0.2968452456276493,0.5469815650320262
