0.0,-0.00912477437057757,0.017597431024092502,0.0,0.0003462847616090281,-0.010775200754996661,0.00011406907407529587,-0.019637644842593283,-0.0006691180154935195,0.00763529424795667,-0.0015006216742022849,0.01345607290094264,-0.04178014065751434,-0.02494449234852758,-0.057765748908006176,-0.002021111213466431,0.03347155826897563,-0.01941860288628633,0.0,-0.01583957273580988,-0.01993765988984586,-0.015937150545366985,-0.029710234996446483,-0.02550945329167692,-0.01164771572286305,-0.04148263674115221,-0.036292473618468934,-0.0008590298981195343,0.00022567507020948563,-0.000737420906605335,-0.008834743593264582,-0.02701506194782255,0.00392686769435957,-0.017735524397917035,-0.01666879276154276,-0.02782406847641461,0.0006426930724706681,-0.0021069783297275047,-0.010268087752251964,0.01674983459929985,0.004361615355353676,0.0013567481885267685,3.0231036476202622e-05,0.0,0.0008648623795123322,0.0005563018614332949,0.003307413985771168,0.0,0.0,0.0,0.004277859219466218,1.1102230246251565e-16,0.000732180559885387,0.0,-0.01767332506068986,0.0,0.0030587109560336057,0.0008767124975910257,0.0,0.020530898557183597,-0.007877764441448887,-0.0005220633285138443,0.005149210955104677,0.0,-0.0005068901479701737,-0.02008013785630841,0.00580544459929816,0.004059376733748121,0.003518756740850837,0.002783210252913837,0.006116389324781146,0.001457020961525557,-0.00031832241771551084,0.002920810076920799,0.0,-0.011627231548266836
-0.00912477437057757,0.0,0.0030786612531313318,-0.00019785672185557157,-0.03160126197368668,-0.03145941859399648,-0.04518578018249447,0.024983474921806914,-0.02386417796249435,0.0033417203253209293,-3.7431788347197514e-05,-0.001842306112183112,-0.04332073589068791,-0.0009008446735332409,-0.026314764306582805,-0.015472185440506936,-0.05070664626223165,-0.03317787854782911,0.0013548680696349735,-0.029445292877867957,-0.0035698828198458266,-0.03421031553102155,0.002159698603301674,0.004850270150094871,-0.022764379071237406,-0.025247038675955513,-0.015324412509625462,-0.02930583876251691,-0.03352937816189455,-0.059318876664990305,-0.021221262844821343,-0.03193198971726696,-0.00632100332560398,-0.024020678292625774,-0.015201660882801893,-0.001491609451025444,-0.0002879390867076004,0.0,0.0020721407539718295,0.009198378968790222,0.003317691337338502,0.0016307019930040245,4.3935441507325645e-05,0.0,2.220446049250313e-16,4.144345746692757e-05,0.008486525066544848,5.401175406338776e-05,0.0,0.0,-0.00033373939721520474,-0.015143176174940542,-6.53139513437373e-05,0.000567757967576854,0.0020991915013222617,0.0,0.0003600829495002955,-0.010566517184452284,0.0,0.027230635540373194,0.002199854118386857,0.0035461624207231424,0.013616798476871195,0.0,0.012809525838671787,-0.0038547063720298924,0.0004972198946425199,-0.01699887152687246,-0.0009744451094985673,0.010265426177605952,0.014746617523190564,-0.010111156068671134,-0.034031157414800506,-0.0028363384533337532,-1.1102230246251565e-16,0.012240196671644499
0.017597431024092502,0.0030786612531313318,0.0,-0.009762605425277737,-0.010559550671089768,-0.05292859749389228,-0.0029641725253243822,-0.009260747636722133,-0.01568736749436067,0.005048875747252213,-0.0064979225853125655,0.029222550837694095,0.0038362362162053243,-0.010982634931893831,0.0001334090106696051,-0.0007092873317689485,0.002765712630189543,0.02335631955937406,-0.0015505120058565969,-0.0005994663345800233,-0.017081321345240708,0.004106889530083979,-0.05792763987076471,-0.001012315573527156,0.07313479989669397,0.02172520891103391,0.007472911352544742,0.0038631653969774526,-0.01015175319446654,-0.004899379153135652,0.019366991129700584,-0.00034807216516730133,0.00801085777349475,0.03083472414531363,0.0376021153002854,0.010055744424952107,0.011377937728136223,-2.712983501307331e-05,-0.016990002250473535,-6.191448093662011e-07,-0.025861407752677312,-0.0012404815511384282,-0.0017467007313314298,0.0031922603174451836,0.0,0.0,-0.00028182882151644995,0.09854248303128371,6.7899715986419196e-06,-0.0012864750073056097,-0.020107087248134814,-0.017215036875881107,-0.0010918517391731442,-0.003950711222260761,-5.4177044159831045e-05,-0.0403161194979158,-0.0013041510717539673,-0.01750399143778425,-0.02154113535485036,-0.0004039462266647864,0.0,0.0,0.0,0.09149689134988509,-0.00041186600548559493,-0.0010512725254811506,-0.0005265717025945138,-0.021196238291598224,0.0,0.00011700489216398546,-0.0009242926959715514,-0.012136830698682433,-0.02064463986109022,0.0018027046289637583,0.00010346562549634619,-0.023276893396693588
0.0,-0.00019785672185557157,-0.009762605425277737,0.0,0.03511013531692864,-0.0071799328332173284,0.01453497794651909,0.02227472994252294,-0.001397108896847854,-0.020590437589494442,-0.008935664622934436,-0.006833870269175701,0.023923583314661878,0.0472491399676328,0.001169610016775402,0.0004106418550035573,-0.0005669638759546736,3.0919419118979885e-05,-0.021037309651882496,0.0010795015646868356,0.0008536881382090744,-0.0003436677903458918,-0.02651110071404922,-0.0031700252480658664,0.000461221794425426,0.0025322365656480494,-0.0050389903355864685,-0.03805677591905468,-0.0012511503982376437,-0.0012450682167253202,0.10233804116873008,0.009333439661079912,0.03456919898965688,0.015255473894433047,0.044777284496162306,0.03543413574676893,-0.008585338169211226,-0.006890461237928691,-0.0018894647750410387,-0.0009682877911752485,-0.0005681105943214915,-0.002123365242611197,-0.0034648563663317034,-0.0015186672653370592,0.0,0.0,0.0,-0.0009848839923091157,0.0,0.0,0.0006109526423086487,2.220446049250313e-16,-7.076320787419155e-05,-4.6652748892650475e-05,5.551115123125783e-17,0.04836167871095082,-0.0013739571366419012,-0.0004186055436111169,0.0,0.0,0.0,0.0,0.0,0.0,0.0,0.0,-6.239186612777559e-05,0.0004308788499825522,0.0,0.0,0.0,-0.01664785658085921,0.0018911981141260248,-0.000147587322643139,0.0,0.0
0.0003462847616090281,-0.03160126197368668,-0.010559550671089768,0.03511013531692864,0.0,0.006137245063064789,-0.04711851447753962,-0.032216013092404294,-0.02001838042411902,0.01554425701067863,-0.03189501265823563,0.003911091390965626,-0.03792693593407376,0.008822164807704758,-0.0006377542409915504,0.002661762066858364,0.0007211532613211058,-0.002095091324699816,-0.03262822796072434,-0.03914796855955388,-0.0029106385518437583,-0.04516980978926666,-0.015203684191272937,0.0015827661379830271,-0.0016788809204593136,-0.004994306635622114,0.007246987688058593,-0.01032934625113252,0.0032899808743392933,0.002129487731558133,0.02883894392723263,-0.0719931128429227,0.0006983845049490234,0.022796055286512962,-0.0026420279201789243,0.015942771185668003,-0.006285122459244452,0.030306488728697012,0.011200744020914088,0.0007655425842919561,0.0012937111962122994,-3.283207872850635e-05,0.005104526597662196,0.0027356627095305175,-0.0006604028213276214,1.1102230246251565e-16,-0.00027318225108741157,-0.017401135199422657,0.0,0.005174488948177847,0.006921694693773739,-0.0010051018763751474,0.00026740890776677517,-0.0198932085947649,5.551115123125783e-17,-0.05919622657146706,-0.0012465666366248684,0.001415165807048313,0.0006912928702449972,-0.00023947048549738392,-2.3449901437710974e-05,0.0,-5.551115123125783e-17,0.0036282212573664485,-0.0006075428864947829,0.00019674541488629016,0.0002579721191648954,-0.015680456185135527,0.0,-1.9850530131315658e-05,0.0005127368923141251,-0.008585380231627082,0.0020936902415492065,-0.026189261715907408,1.1102230246251565e-16,-0.0037784225686410267
-0.010775200754996661,-0.03145941859399648,-0.05292859749389228,-0.0071799328332173284,0.006137245063064789,0.0,-0.029914899283292995,-0.02130498734358316,-0.007362266094935177,0.006938454800269778,-0.015706147625843048,0.013709053668781002,-0.01918640519724879,-0.01701600416149096,0.004367412257043568,-0.033211296177570016,0.018592938750001065,0.0028832701968306562,-0.027604262798315682,-0.03420116259006223,0.0175581711987563,-0.04640852703024961,-0.026492870306357885,0.0006355656014742639,-0.019492230397735177,-0.02747580445231823,-0.029366162434907195,-0.007120111894818593,-0.01089193343498518,-0.013589950532014006,0.002499796855720271,-0.008215202472131145,0.007192601429546641,0.007661684972036675,0.00980109637759985,0.0017685811281025199,0.0022425988313616307,0.006441242766489774,-0.008546120405649282,-0.0007180650758992768,-0.026904888622548417,-0.03310434312414695,0.004325704439143485,-0.006311873860844253,-0.001764507158915296,0.001030240375400615,-0.009623673250184761,-0.023538056712964828,-0.0005448508812386232,-0.013420127932904036,-0.018128126928316945,-0.027411382635172843,-0.024567201890498935,-0.02747896244159842,-0.04559867547615565,-0.009107734418811742,0.010340442071775424,-0.026154425750856247,-0.02983499624620911,0.00495230069394903,0.002745436126193157,0.0,0.00013834499294435032,-0.01098541522405172,-0.0048128342006665825,0.020894072742781433,0.0034935603152634886,-0.021569888113844027,-1.6795768722821514e-05,0.0002986901112342344,-0.01662172332458639,-0.017037864336271358,-0.024498946686400902,0.0028441542435040934,-0.023711080003313068,-0.022247319576122915
0.00011406907407529587,-0.04518578018249447,-0.0029641725253243822,0.01453497794651909,-0.04711851447753962,-0.029914899283292995,0.0,-0.02066701995340753,-0.01604746999604828,-0.00407880539141281,-0.0023134730301788697,-0.019745471502362222,-0.062307795353191475,-0.015255995917396237,0.0007812976605163224,-0.032864496622330375,-0.0009116207955537914,-0.0347671524583979,0.004368772991872605,-0.04625030887313586,0.0033693075156027708,-0.06014324387580283,-0.008196122471793188,0.024000699371518996,-0.030407362211961664,-0.03856350589020213,-0.010567435391004187,0.008413649444294957,-0.03807996137960157,-0.03802479723803959,-0.013257497604158952,-0.01684127417707021,-0.03242851661882956,-0.011867208262337725,-0.001999916835696114,0.0028642324637815353,0.024056584865312036,-0.00631191182548424,-0.013901022588820588,-0.0008406144931376591,0.03863632021441393,-0.0020964214992367225,0.0011713505844657135,0.0018940125919842954,-0.0008845186467226762,0.0,0.0026121865479438178,-0.018551352960313183,0.0,-0.0004662089026347127,-0.014798203294656864,-0.02460223096694647,0.0037819933863769695,-0.021752164816410124,0.00042684090779798733,-0.034167593608923574,-0.00019824219025804668,-0.018516754503083932,-0.0020564806745629327,-0.01586696004905025,0.0011870130358942466,0.0,-2.6625818412451263e-05,-0.0015791277545718074,0.0009734215532942736,-0.00018948979427851897,-0.004500461059082361,-0.019456980140306446,-9.538568881356513e-05,0.0005246795123738934,-0.004968758317080768,-0.02012359823914739,-0.018619027168814806,0.012536955569209474,0.001588108538827182,0.0015312580708811696
-0.019637644842593283,0.024983474921806914,-0.009260747636722133,0.02227472994252294,-0.032216013092404294,-0.02130498734358316,-0.02066701995340753,0.0,-0.008289682521289476,0.016937326795340324,-0.020823232249716717,0.02531592490038409,-0.014451874767171802,0.010680748752030622,0.0014132084727326855,0.00406964450366154,4.4181474504967344e-05,0.014553602867594106,-0.003444725896498191,-0.03686254672804162,-0.02814222920910131,-0.0013627203678525657,-0.02352088059822749,-0.009539024454538803,0.003922849382639204,-0.017754508900851063,-0.017604205923966165,-0.027672849441818748,-0.019778502477825144,-0.030169808484824423,-0.003305725844120644,-0.017544834440887447,-0.006907252753272697,-0.004503676290297298,0.001960271611470721,0.031204650956191793,0.00534692668663006,0.0037657493751137028,-0.0255453872296163,-0.0010574270845300493,-0.01670703221852554,-0.0037232262285120665,-0.0015463741274464038,-0.0015090170284663973,0.0,0.0005074281652890367,-0.014164126016469991,-0.03154016359398687,0.0,-0.018600783565773604,-0.029236235192684257,-0.03202265727833631,-0.022822560569665862,-0.03821020798862218,0.0005123311997088376,-0.06449229180692556,0.00021226643472260776,-0.035698461969616624,0.002766343446214903,0.06977606617708004,-0.020322021871469087,0.0,9.839801954125704e-06,-0.03258653225436586,0.0008001514009709498,-0.004331776009647348,-0.0011262087029316747,-0.035003254482614155,-5.551115123125783e-17,-0.000413624031051274,-0.003598602204200496,-0.028635652412985435,-0.04944223409705001,-0.029715331095769848,-0.00037030943884197587,-0.044562370864576595
-0.0006691180154935195,-0.02386417796249435,-0.01568736749436067,-0.001397108896847854,-0.02001838042411902,-0.007362266094935177,-0.01604746999604828,-0.008289682521289476,0.0,0.01816430367687233,-0.025695634705720394,0.01819848725983597,-0.0347492707850271,-0.029130257639537083,-0.002471146391135659,0.024364432426452087,0.010765347306303463,0.034424493922451116,-0.03325039517106282,-0.027265367721045153,-0.0015417348954371857,-0.038720749419268674,-0.016580315027449777,0.016382303881278648,0.021259937251211447,0.015297957946992236,0.0011081465965515624,0.00525493084465628,-0.025657193326882044,0.018067887858402798,0.024554878952818493,0.007739186579367563,0.01628037389953929,0.03290967715551579,0.05047405951125872,0.001217769283711756,0.028689134565873076,0.021564777503531918,-0.047856694113919795,0.00039513219982811876,-0.03191331707107253,-0.009375690020112792,-0.004271490547339329,0.04940134155779469,-0.0018653134863469978,-5.551115123125783e-17,0.0008837837782105229,-0.013776563029077926,-3.2619341934214674e-06,0.005989772075538857,-0.023077764731534778,-0.018894321680799964,0.007167037015346711,-0.02676113794339907,-0.0023911721282842135,-0.12904799000083583,0.029298777367284756,-0.029863179134200613,0.0036274443454775707,0.0006710360700016849,0.0009088288256129395,0.0,0.0,-0.01505275127143968,0.0005984988269856495,0.0003441441756890651,0.0007247203589196283,-0.018054937307985575,-0.00010386886960650488,0.00018144423994531644,-0.00028194429436423363,-0.018149208992864763,-0.02300507385265088,-0.0007559830454931804,-0.00016278737699337853,-0.020387132598195024
0.00763529424795667,0.0033417203253209293,0.005048875747252213,-0.020590437589494442,0.01554425701067863,0.006938454800269778,-0.00407880539141281,0.016937326795340324,0.01816430367687233,0.0,0.024614310280918816,-0.008195529711196248,-0.014061786020233835,0.0020090897145196296,-0.0002372579727290547,-0.0023875519810480084,-0.0006095251445276673,0.0075032469679992,0.0004537741153350927,0.0012794565642479938,0.019012155382956142,0.006867490106083063,-0.0012660735159881198,-0.001742856714666563,-0.00479140855150062,-0.010315847160508873,0.008190156385681768,-0.006207442492838944,0.014883361633848013,0.0160581619034193,-0.012683090352508697,-0.016489621062170723,0.005246646595801596,-0.015596577971113135,0.0071145076235568094,-0.05153904894908379,0.0015388998489442307,-0.007732598012371195,-0.04885870233417555,0.018183515900972613,-0.02464167333726963,-0.0409776528902705,-0.012257764818181083,-0.0025454701006582536,0.01805778419214099,-0.03378258821875585,0.0008364979211093471,-0.0009469140249984687,-1.852171423000204e-05,0.00043347501847235126,0.002518875405081278,0.0011591510348133993,2.9398378600331565e-05,-0.0015804464528447193,0.029914053143559383,0.03107097099651579,0.04427022353010768,-0.056972275575379205,0.0,0.0007183819532728952,0.005375705068740355,0.031218129785566595,0.03338998436754509,6.088184526520379e-06,-9.891761413988176e-05,0.0009557032827565148,-0.0012215733189762656,-0.0019479595434034325,0.018576086865525976,0.04456645457955982,0.03306435388873702,-0.0008849263675840824,-0.04054886560655241,-0.0007953756450438387,-5.551115123125783e-17,0.0046850076105661165
-0.0015006216742022849,-3.7431788347197514e-05,-0.0064979225853125655,-0.008935664622934436,-0.03189501265823563,-0.015706147625843048,-0.0023134730301788697,-0.020823232249716717,-0.025695634705720394,0.024614310280918816,0.0,0.012136313281625122,0.019581435192452867,-0.011845175912489403,0.0,8.647609198220163e-05,0.01575384500513405,0.010156669126527629,-0.03420122275288598,-4.708440975376149e-05,-0.00018999829079380248,-0.0001540959425517796,-0.021436647194339686,0.02328221295883931,0.01880658462807111,0.014227553843643714,-0.024610988451855886,0.02048479917436996,0.03614859904778556,0.0003596242257212223,0.03043296303972598,-0.036033897257827185,0.02429942354048431,0.03312564478409041,0.03583641923288877,0.004680144007734255,-0.004694259175825499,0.019441069155868462,0.008350619465962827,0.001240895944408238,-0.002456344950179379,-0.0017306734556084558,0.009731873914504752,0.0002757432299023699,-0.0007429074900250354,0.0,1.1102230246251565e-16,0.04008157243334404,-6.316337640699388e-07,0.0010593291007660044,0.0013897093712705866,0.006687628746382568,0.015483327070064445,0.005526481839973452,-0.0012500191664796545,-0.07374855365364497,0.03383490358701047,0.004531079528382831,0.008073397914046432,5.551115123125783e-17,0.0,0.0,0.0,0.12209230625503154,-0.0005689165972145305,0.0,-7.135934241930819e-05,-0.0008971398365593686,5.551115123125783e-17,0.0,-9.225203980089969e-05,-0.018625278537312773,0.012371982293384043,-0.0014217983462404549,0.0,0.004386365665768943
0.01345607290094264,-0.001842306112183112,0.029222550837694095,-0.006833870269175701,0.003911091390965626,0.013709053668781002,-0.019745471502362222,0.02531592490038409,0.01819848725983597,-0.008195529711196248,0.012136313281625122,0.0,-0.012773077682374734,0.001705313521679852,-0.000304508534711756,0.027922865034257005,0.009407107712435026,0.007351522202800609,0.0013058275326128799,0.004326611154505222,0.027867198583638897,0.0016554431058354302,0.03842922270019278,0.004742413397212264,0.0018014599196690684,-0.02830795893615351,0.003502349525561055,0.0048653169581193145,0.0023856386765675475,-0.0015290572879094189,-0.009338869816376438,0.01887719287890882,0.034231197315348405,0.016991921481195493,0.024627251293495578,0.018190693901658783,0.014216197876559644,0.017349556928285298,-0.010774796643152007,0.005400007221101455,-0.006612856954888557,-0.006522865012732637,0.00018244435555286875,0.0005832225889933484,0.003910622667070041,-0.035269605355095324,0.0012632601883083572,-0.0008683405978908154,-0.0006515948602306143,-9.696759023408719e-05,0.0002564186069333174,-0.0005657166853248463,-5.3273401655618e-06,-0.0004329428638416566,0.006791259346431766,0.07107054296231297,0.02842107529116855,-0.023217101528728246,0.0004038439566441676,0.00013120014826328852,-0.0017880323652686436,0.01890392680905334,0.02761043941234953,-0.00010287098917216575,0.0005661940420946809,0.0011011355695624836,0.00020646192496726057,0.027377436468261518,0.010207547770656078,0.03200177592593939,0.01896090246645704,-0.0015959815909545316,-0.013608836048304873,-0.0014617221218206633,0.0,-0.001814718867526377
-0.04178014065751434,-0.04332073589068791,0.0038362362162053243,0.023923583314661878,-0.03792693593407376,-0.01918640519724879,-0.062307795353191475,-0.014451874767171802,-0.0347492707850271,-0.014061786020233835,0.019581435192452867,-0.012773077682374734,0.0,-0.012061951322823339,-0.018505563819344928,-0.02847352877358561,-0.014509292852152689,-0.029747104288494808,0.008572831067581721,-0.0475401455175789,0.0022523709895307387,-0.05926643287070593,-0.009399930570411719,-0.005704878735162011,-0.029334042824499862,-0.021995956408207784,-0.015574304019111251,-0.046635176865632566,-0.03616169026291438,-0.10241123570712635,-0.006042991313871926,-0.012515286642440004,-0.003989692976825998,-0.02100658229261143,0.015526384548545658,0.010299998677131827,0.015910368390908702,-0.009743239849298424,-0.04512663213239376,-0.0640714659310812,-0.052356516761557115,-0.043833021602580735,0.019635493882833366,0.031180713242714264,-0.003162651679917139,0.0005554842660231984,-0.011291034349707463,-0.01578202245349214,0.0,-0.0008680514044964172,-0.018034132569142713,-0.022517712610626905,-0.03416095678642739,-0.017078616619059184,0.0012357369212344094,-0.014860672040729883,-0.06197087201441337,-0.016044156993649694,-0.0013064023460134244,-0.011710570025973421,0.0008851228838123726,-0.0003704980757292531,-0.01472606031091056,-0.02783290494196672,-0.03505490447413623,0.001901833002853015,-0.005724830429998606,-0.02113886205984311,0.0009524485932786431,0.0013182068986695161,-0.0013775924173196619,-0.021963704030519227,-0.03870154563274392,-0.011376286189965945,0.0013710891469446151,-0.012846419392987363
-0.02494449234852758,-0.0009008446735332409,-0.010982634931893831,0.0472491399676328,0.008822164807704758,-0.01701600416149096,-0.015255995917396237,0.010680748752030622,-0.029130257639537083,0.0020090897145196296,-0.011845175912489403,0.001705313521679852,-0.012061951322823339,0.0,0.0006619620613331767,-0.0005754142115259597,8.487323914047051e-05,8.017741910043563e-05,-0.016774656164893043,-0.0002602660479887886,-0.02389592571817578,-0.0005230824554922631,-0.034419793457801495,-0.00978089455689607,4.6806909963004184e-05,-0.02977181114619548,-0.014461458605808553,-0.002323510365869974,0.001580292131600436,-0.0005243402179105905,-0.008013091893251778,0.02323455140727776,-0.0003121434069658924,-0.0014754532589735803,-0.006807744628753998,0.07169906722850092,0.04702973910531799,-0.0008026001682684969,0.006175938167917061,0.0,0.0007474770336886594,0.0008399433927433475,0.0044204561625803,1.818157004340737e-06,0.0,0.0,0.0,-0.02066056231427338,0.0,-0.0038374096655743872,-0.0009626994371558228,-0.03481802706372078,-0.0023884828261943047,-0.040207778035200537,0.0,-0.054187018408888454,-9.635711258521029e-05,0.0018252508788351718,-0.002266036134412175,1.1102230246251565e-16,0.0,0.0,0.0,-0.002854464371900456,0.0,-1.1102230246251565e-16,0.0,-0.05237339256887419,0.0,0.0,5.551115123125783e-17,-0.08942164612293374,-4.1187933766950735e-05,1.1102230246251565e-16,0.0,5.551115123125783e-17
-0.057765748908006176,-0.026314764306582805,0.0001334090106696051,0.001169610016775402,-0.0006377542409915504,0.004367412257043568,0.0007812976605163224,0.0014132084727326855,-0.002471146391135659,-0.0002372579727290547,0.0,-0.000304508534711756,-0.018505563819344928,0.0006619620613331767,0.0,-0.02025648210703246,0.0008773064444257406,-0.021039352125289124,-1.1102230246251565e-16,-0.02895638222155711,-0.010168882503973908,-0.04022829022489166,-0.03605450429315388,-0.08391053040669888,-0.014548386523593804,-0.035864170551990315,-0.03453990022564618,-0.015341938606745098,-0.020631284382644,0.0008727247193269227,-0.024759612006626797,-0.022466633560543015,-0.01820006290717824,-0.02252739102181306,-0.011246465157847774,-0.02420348818253476,-0.0022521097971208714,0.0001247291696378494,-0.027107119530676238,-0.007870477930282671,0.0019074364096700602,-0.02243875605915202,0.00036055838846665855,0.0006296461961323718,0.0,0.004660458218050945,-0.02443789265566204,0.002355981476550306,0.0,0.0,0.0040720902524649105,0.0013686459718210142,-0.024334640697144305,-0.004634162103148209,-5.551115123125783e-17,0.0,0.00013105836291898987,-0.011741154757175354,1.0354092794040426e-05,0.030435701452341035,-0.050858674339888055,-2.797857714453844e-05,0.004040354799657475,0.0,0.021205278697388197,-0.018376487848027423,0.006634329130019823,0.001786424883071347,2.0685244083551435e-05,-0.023617329640143236,-0.007799315722821443,0.005225960415332909,-0.022426539065328988,0.0008306803594224088,0.0005349189305053903,0.008412854990193896
-0.002021111213466431,-0.015472185440506936,-0.0007092873317689485,0.0004106418550035573,0.002661762066858364,-0.033211296177570016,-0.032864496622330375,0.00406964450366154,0.024364432426452087,-0.0023875519810480084,8.647609198220163e-05,0.027922865034257005,-0.02847352877358561,-0.0005754142115259597,-0.02025648210703246,0.0,-0.006789865353025004,-0.04592405507725472,-0.0001722552510701747,-0.003516023651800204,0.0006234213873108074,-0.044067075005845446,-0.015790871079482904,0.015060585129851423,-0.014792155952607966,-0.016990949996034288,-0.012574381182391459,-0.024341840731476938,-0.028488127861854895,-0.009991632066122358,-0.017417610251153792,-0.03688085134355057,-0.022025644225628693,-0.03094171304079507,-0.03102570171398139,-0.00030339954500174793,-0.0006387524658082455,0.0015547203695260303,-0.020526003639469437,-0.02923475037272444,-0.007113152686367974,-0.013187342308596806,-1.3500947002531571e-05,0.0,0.0,0.0029267477333901892,-0.006391497430613291,0.0,0.0,0.0,-0.00651928024947479,0.0005892483341101706,0.0010705407983751525,0.0,0.051040187913402035,0.0,0.0438374539751632,-0.01155190216050378,0.0,-0.0035448929718564504,-0.026594505531403745,0.025671379534509153,0.003128108477287783,0.0,-0.0154583166959118,0.0019138506396814137,-0.014263716045512131,-0.029193363911821535,0.016686442557201864,-0.0010198893468994497,0.007258106381544616,-0.0392369505468545,0.004704439678312966,-0.02658072172232162,-1.1102230246251565e-16,0.0008825416114087714
0.03347155826897563,-0.05070664626223165,0.002765712630189543,-0.0005669638759546736,0.0007211532613211058,0.018592938750001065,-0.0009116207955537914,4.4181474504967344e-05,0.010765347306303463,-0.0006095251445276673,0.01575384500513405,0.009407107712435026,-0.014509292852152689,8.487323914047051e-05,0.0008773064444257406,-0.006789865353025004,0.0,0.0073736736413614334,0.0033557835218513965,-0.0022430316464411293,-0.0026026400069392164,-0.002336241048664922,-0.00021532487307024395,0.03452648993726393,-0.01493472759534109,0.005878604894543782,0.018010632064502097,-0.005322295589741177,-0.0012165801546277777,0.00032669906767435197,-0.0021770452939108287,-0.010789934824182001,-0.007590004412806772,-0.0073315625690053565,0.0238547292421335,0.001010652590629102,-0.0003121996575016772,-0.013705718708305337,0.003455126652725793,0.04165724498035661,0.03804086401279666,0.0010969013115663673,-5.551115123125783e-17,0.0,-0.00015887691490196199,0.001859498853146957,0.018957296601373186,0.0,0.0,0.0,0.0,0.0,0.0,0.0,0.054320005757306,0.0,0.042214303665209785,-0.00048241383683994554,0.0,0.0004160061665578474,0.002648495201637402,0.04617223092260053,0.034364168079325574,0.0,1.1102230246251565e-16,0.0,-0.00022629813416918942,0.0,0.02780815060716718,0.045029045050277605,0.035706084300368146,0.0,-0.002172100963135859,-8.136438081723929e-05,0.0,0.03511064179488099
-0.01941860288628633,-0.03317787854782911,0.02335631955937406,3.0919419118979885e-05,-0.002095091324699816,0.0028832701968306562,-0.0347671524583979,0.014553602867594106,0.034424493922451116,0.0075032469679992,0.010156669126527629,0.007351522202800609,-0.029747104288494808,8.017741910043563e-05,-0.021039352125289124,-0.04592405507725472,0.0073736736413614334,0.0,0.009593604358312247,-0.02303802178240777,0.022901708008884192,-0.04754039488883138,-0.001320048160001308,0.007108508352895226,-0.011761174463707003,-0.01655276961298985,0.0001865535172992372,-0.02425228757346004,-0.03598826735193483,-0.00014415580538740258,-0.007599229889320547,-0.024397590713680695,-0.009033148201084695,-0.014151093355745048,0.0016474446454038394,-0.07296271734093357,-0.0005278173486944482,-0.0007640293478110016,-0.010923882849768918,0.003320354714992091,0.0169621974058059,0.0186545855928843,0.0,0.0,0.002190401312613166,0.010314404364461571,-0.0013058699600456691,0.0,0.0,0.0,-0.0038228404949921524,-0.00012411823591668147,-0.0004544586506153303,0.0,0.06201283888026171,0.0,0.046683744481437306,-0.0005557812408620855,0.0,-0.011115402809389718,-0.00746921260679817,0.055306698903637264,0.030563173510511965,0.0,-0.012449234495190586,0.00374708143297775,-0.0015723342302892962,-0.06792098221124643,0.02125870469678698,0.027324150226319788,0.021194644691637066,-0.04336332330253778,0.0020594064604070317,-0.01573206962021989,0.0,0.008012501427141938
0.0,0.0013548680696349735,-0.0015505120058565969,-0.021037309651882496,-0.03262822796072434,-0.027604262798315682,0.004368772991872605,-0.003444725896498191,-0.03325039517106282,0.0004537741153350927,-0.03420122275288598,0.0013058275326128799,0.008572831067581721,-0.016774656164893043,-1.1102230246251565e-16,-0.0001722552510701747,0.0033557835218513965,0.009593604358312247,0.0,0.0004579007440054794,-0.0004260695297220729,0.001054015826306376,-0.04367560594037945,-0.004015922346518874,0.0066288899383771804,0.005487225024508491,-0.020614161956048038,0.007976363261807895,0.0010157959022991658,-0.015603853453799943,0.021830971902919327,-0.020554122225781624,0.01508448491412212,0.02205439023757705,0.01678712379836178,0.008464456123419228,0.0040254093725862194,0.015840531512674394,-0.022761684334263288,1.747458564421711e-05,-0.078618268589289,-0.010918128792252735,-0.01129258991908394,-0.0020612334561598833,-0.0001601141303690934,0.0,0.0,0.0325937786882573,-5.551115123125783e-17,0.0061315466204853175,-0.028562827351238385,-0.023063846246892283,0.022021670596136023,-0.014646856750053616,-6.55625197192311e-05,-0.20269594855467904,0.010840026769310951,-0.03560891908568581,-0.005879812265772277,2.220446049250313e-16,0.0,0.0,0.0,-0.035018155806747775,-7.003896701673895e-05,0.0,8.974158838365165e-05,-0.014909158131251155,0.0,0.0,-5.551115123125783e-17,-0.02252970391898712,-0.03184133380543652,-0.0012685606805088456,-0.00024146341893571677,0.0065051375854774385
-0.01583957273580988,-0.029445292877867957,-0.0005994663345800233,0.0010795015646868356,-0.03914796855955388,-0.03420116259006223,-0.04625030887313586,-0.03686254672804162,-0.027265367721045153,0.0012794565642479938,-4.708440975376149e-05,0.004326611154505222,-0.0475401455175789,-0.0002602660479887886,-0.02895638222155711,-0.003516023651800204,-0.0022430316464411293,-0.02303802178240777,0.0004579007440054794,0.0,0.01877929797853506,-0.05491652652301743,-0.025408921073189705,0.005831585320384802,-0.01601493365570905,-0.029998246594651112,-0.009132639500938344,-0.10155563600912015,-0.10477092165591845,-0.0987451558663773,-0.016583220455204273,-0.03040180826884259,-0.025737007363403175,-0.01593946790019496,0.000990035316357718,0.013144548082216101,-0.0017003596984324076,-0.0670984200817169,-0.04896333572705347,-0.0013246275360727644,-0.0214687605953644,-0.02534321712889781,0.014715354822756321,-0.002062720445364652,-0.0005224955731863989,-0.002292437957664095,-0.007148071537796563,0.02632949279942859,0.0,0.0,-0.004691909109179493,0.0029734237217223236,4.025278417246758e-05,0.009861348878454301,0.0005917235511031516,1.1102230246251565e-16,-0.0003897990863498402,-0.015564123297411525,-1.1102230246251565e-16,0.011648193154984388,-0.03379380670347776,2.1477092931931896e-05,-0.0422122259328207,0.0,-0.0001790630174354768,0.00849323751891562,0.011809687509331146,-0.00439550106610459,0.0,-0.008682599546837477,0.013370195538497609,-0.0028682302253952296,-0.024761478657592206,-0.0099703452696151,-0.04287471143410243,-0.00455536665816636
-0.01993765988984586,-0.0035698828198458266,-0.017081321345240708,0.0008536881382090744,-0.0029106385518437583,0.0175581711987563,0.0033693075156027708,-0.02814222920910131,-0.0015417348954371857,0.019012155382956142,-0.00018999829079380248,0.027867198583638897,0.0022523709895307387,-0.02389592571817578,-0.010168882503973908,0.0006234213873108074,-0.0026026400069392164,0.022901708008884192,-0.0004260695297220729,0.01877929797853506,0.0,-0.01654685878063139,-0.02967133447238207,-0.0008374039400546041,0.01498027650869127,-0.030279959958172176,-0.013775466930441793,-0.020903874771749376,-0.01888504618722603,-0.00164496285343807,-0.008993482238076389,-0.017571832985488534,-0.01248938214680112,-0.016989934217699898,0.004030932000916809,-0.00014645146873104586,-0.0011975147893711902,0.03406707229565131,-0.014765086049339848,-0.020024472680097882,-0.03400319824361192,-0.05192886468094965,0.0017690276344212164,0.0,0.0,0.0015838184761209906,-0.011336426561671109,0.0013321292705925636,0.0,0.0,0.0014851517609180687,-0.0006657276588503125,-0.04123050975645237,-0.0017476458554763208,-0.007689913706125817,0.0,0.003190849781368743,-0.034161997192444116,5.551115123125783e-17,0.007682632760317498,-0.03901758101937691,0.0,0.0008208018860367261,0.0,0.004810958805885723,-0.007401004455786231,-3.592093257509532e-06,-0.00228078268214138,0.0013276023082897659,-0.005471072043586933,-0.01041821228914136,0.008549711926579717,-0.045732733063749975,-0.001370823866102211,-0.001999224827726631,0.01796659225567182
-0.015937150545366985,-0.03421031553102155,0.004106889530083979,-0.0003436677903458918,-0.04516980978926666,-0.04640852703024961,-0.06014324387580283,-0.0013627203678525657,-0.038720749419268674,0.006867490106083063,-0.0001540959425517796,0.0016554431058354302,-0.05926643287070593,-0.0005230824554922631,-0.04022829022489166,-0.044067075005845446,-0.002336241048664922,-0.04754039488883138,0.001054015826306376,-0.05491652652301743,-0.01654685878063139,0.0,-0.036217643772402164,-0.004113884462881134,-0.026428141182529286,-0.047082682921844254,-0.03597090343149861,-0.1490181625831291,-0.09676234819412904,-0.1248506085240409,-0.026238690450907765,-0.03460076642813803,-0.019246435288134023,-0.021644947645956314,-0.01320427906160293,-0.050742726189525356,-0.004271563628070019,-0.08043089749763388,-0.038104554807206314,-0.02027484917372585,0.0002063821655332032,-0.02080435888854082,0.025086581861595236,-0.0001489844299396581,-0.00035879375133229807,-0.017822585083504427,-0.005499084853322844,0.014165679799202302,-5.693588685684592e-06,-0.00014707073604419696,0.0025159847953403203,-0.019148417551182906,0.0018743935329503802,-0.006228731245937147,-0.0012773137253461742,0.0,-0.012717128647726839,-0.014692474493309293,0.0,0.0073424384271090215,-0.026875977547337393,-0.0005271729338371944,-0.004716646576038763,0.0,-0.006543273365805069,-0.006297885698385963,-0.0004992124893983263,-0.010937891146415246,0.0011800912828263677,-0.0017481734914230884,-0.004091792604182465,-0.004532040030759521,-0.03481967476081771,0.0007128815943627798,0.0007992943417837739,0.002131091291680709
-0.029710234996446483,0.002159698603301674,-0.05792763987076471,-0.02651110071404922,-0.015203684191272937,-0.026492870306357885,-0.008196122471793188,-0.02352088059822749,-0.016580315027449777,-0.0012660735159881198,-0.021436647194339686,0.03842922270019278,-0.009399930570411719,-0.034419793457801495,-0.03605450429315388,-0.015790871079482904,-0.00021532487307024395,-0.001320048160001308,-0.04367560594037945,-0.025408921073189705,-0.02967133447238207,-0.036217643772402164,0.0,-0.011314933039897945,-0.009335059910099086,-0.03139627107644549,-0.037457311075435706,-0.02262441326394926,-0.015155729477152935,-0.011307538063472511,-0.0007625562285898391,-0.013892889030910793,-0.01998563670264869,0.0013345132911876667,0.019687669624069537,-0.012325975785784538,-0.015265784065689958,0.020731941793139697,-0.013306790421303172,-0.036397525727114244,-0.011567578480073837,-0.004689476919533808,0.003982262495393352,-0.015680288427478706,-0.0006909561319426438,-0.00018465012808532855,-0.01448571398742765,-0.00612999314343976,0.000592341213217773,0.008289577426697448,-0.02419068481847786,-0.022903695263809642,-0.02848937556280945,-0.035180937448232696,-0.0407681662708993,-0.0005351691567508365,-0.002305435484111995,-0.026025226456666217,0.006885220523837998,0.005725869290325758,-0.024180314792295043,-5.22454037857889e-05,0.0008736671619835601,-0.0012882182728949365,0.006323237702092976,-0.016447981624895525,0.003991892453683865,-0.018783288790254093,-0.0007282835434790358,-0.006734787529229513,-0.011973459335680836,-0.020094923267311826,-0.02891137954525358,-0.009512374539592638,-0.03276480788869224,-0.016047616941048393
-0.02550945329167692,0.004850270150094871,-0.001012315573527156,-0.0031700252480658664,0.0015827661379830271,0.0006355656014742639,0.024000699371518996,-0.009539024454538803,0.016382303881278648,-0.001742856714666563,0.02328221295883931,0.004742413397212264,-0.005704878735162011,-0.00978089455689607,-0.08391053040669888,0.015060585129851423,0.03452648993726393,0.007108508352895226,-0.004015922346518874,0.005831585320384802,-0.0008374039400546041,-0.004113884462881134,-0.011314933039897945,0.0,0.0032312094568007765,-0.010105592748709091,-0.018507256399917182,6.9518478713948e-05,0.0014074250870461102,0.0005116357657634074,0.0010719105556647457,0.04138637906603204,0.040471406406490384,0.01028633790206096,0.04695084007790212,0.11440984556009359,0.024028895669197192,0.018698927359793643,0.02505003335812339,0.009404826931746324,-0.017781254705727056,0.025416128929775683,0.0013569321306222681,-0.00048700810777124737,0.016454642335723413,-0.005931982428679261,-0.00400421514853444,0.0,-5.551115123125783e-17,0.00020635977347982504,0.0004025365023120897,4.3223228870570285e-05,-1.6653345369377348e-16,-0.0007442894015288748,-0.013455887574677805,-0.0001857696814399623,0.013687328823568712,-1.1189797723354378e-05,0.0,0.0006136763340690021,-0.001703543729765944,-0.027020286461917675,0.015940947427886543,-2.514753460014507e-05,0.0006481843240052632,0.0011949457526043705,0.0384720783259096,0.0008298179557296725,-0.02139002490138525,0.009682888497896558,-0.001727005157048933,0.0012179907925242706,-0.029450070922310723,-0.0007881627481809428,0.0,-0.03498207834156397
-0.01164771572286305,-0.022764379071237406,0.07313479989669397,0.000461221794425426,-0.0016788809204593136,-0.019492230397735177,-0.030407362211961664,0.003922849382639204,0.021259937251211447,-0.00479140855150062,0.01880658462807111,0.0018014599196690684,-0.029334042824499862,4.6806909963004184e-05,-0.014548386523593804,-0.014792155952607966,-0.01493472759534109,-0.011761174463707003,0.0066288899383771804,-0.01601493365570905,0.01498027650869127,-0.026428141182529286,-0.009335059910099086,0.0032312094568007765,0.0,-0.022762306559322265,0.0048131214876615536,-0.014575427214016778,-0.025471297456547137,-7.665603854295489e-05,0.006977130165873091,-0.023454543229429414,0.005373895565933318,-0.002622957942145898,0.010466997927625454,0.0021875982603360433,0.00029511508686652643,0.014197075555474947,0.0012279509987775383,0.012928326491353004,0.017918848326042125,0.008547433765302148,-0.0010967855360967116,-5.551115123125783e-17,0.003952364776443229,0.007553692188168759,0.01704301702053529,5.551115123125783e-17,0.0,2.220446049250313e-16,-0.006434700777833313,0.0007842720056770447,0.0015546209111163556,0.0003220170127309907,0.058664475653030124,-6.784504336077024e-05,0.04463246097337542,-0.00971884865182343,0.0,0.00328408084792442,0.00025813606165348,0.054971400870210185,0.0281501765851086,0.0,0.0027198687471481353,-0.002466624554704089,0.019900267471747224,-0.01472770995372702,0.027193462355019626,0.023822285465266713,0.017962657492372303,-0.01415234751550154,-0.017393100305730602,-0.007840195977188213,0.0,0.007244683037562094
-0.04148263674115221,-0.025247038675955513,0.02172520891103391,0.0025322365656480494,-0.004994306635622114,-0.02747580445231823,-0.03856350589020213,-0.017754508900851063,0.015297957946992236,-0.010315847160508873,0.014227553843643714,-0.02830795893615351,-0.021995956408207784,-0.02977181114619548,-0.035864170551990315,-0.016990949996034288,0.005878604894543782,-0.01655276961298985,0.005487225024508491,-0.029998246594651112,-0.030279959958172176,-0.047082682921844254,-0.03139627107644549,-0.010105592748709091,-0.022762306559322265,0.0,-0.019926125057049215,-0.00768169115361772,-0.024263058097871548,0.00039046213385185435,-0.01686350487560362,-0.037462855449495125,-0.0051936781630733675,-0.02192181465173859,-0.023994335718164284,-0.07329304576429857,0.0009700138150078308,0.006521419252730198,-0.02427088424929963,-0.0011315164423028046,-0.0076596430121025905,-0.01819904418941981,-0.002696879104548411,7.123022909705234e-05,0.005019770479800678,-0.014389567337276032,-0.01036193359252957,0.0023760990930303816,0.0,-3.3645091225664725e-05,-0.00777250319950662,-0.014623203048974187,-0.0003060756321816571,-0.00023750179925940973,0.04124032080324003,0.0,0.03203408755355036,-0.014677691356161426,0.0,0.0017147771222378871,-0.0185712764682599,0.03719003990629549,0.019848577113036947,0.0,0.0031630617475956746,-0.03114689580504293,-0.01798387504395188,-0.03278209853843905,0.00393590017547063,0.011179071560956377,0.00389160587312376,-0.011989656411609928,-0.010231030823836862,0.0038828812052280615,-0.00018067614909300644,-0.0015340809003496214
