0.0,-0.025818798490253814,0.010953352625719281,0.0,0.00042965253163229633,-0.04995600192752969,-0.0399520329374215,0.018429378974787802,-0.00016996453628909114,0.009713835115142289,-0.00036378634385481057,0.010857101219531484,-0.03722700455583361,-0.002896885036659469,-0.03928084230510054,-0.02875254605995714,-0.007969989094171792,-0.020764004299199335,0.0,-0.03356229669206351,0.019490080913432073,-0.028040918361256717,-0.00032243814164023554,0.003555779096785172,-0.028438532789294313,0.0015414481072020814,-0.015412024708624017,-0.03951541490843552,-0.03157236579171585,-0.04810078900595943,-0.021811569377246154,0.013796546631353102,-0.02114600935090688,-0.004641033791433491,-0.002231445496517881,-0.00011476765712076231,0.000479435005027562,-0.003749702138507227,0.0027436965462833696,0.0061288773314793765,0.002905642083481985,0.0014655626087652363,7.188470754426746e-06,0.0,-0.00017746159959691754,0.0011363382653032938,-0.008430983201046127,0.0,0.0,0.0,-0.019589815951342626,1.1102230246251565e-16,-0.0008092439354547842,0.0,9.004915774618594e-05,0.0,0.008020271009069768,0.0002748144702105493,0.0,0.0003157337486361378,-0.0028261749636208644,-0.0014320251566445896,-0.028274771163288304,0.0,-0.0016827976717285198,0.04296425430052314,-0.015596935429050551,0.013761969032164867,-0.02636914727442896,-0.00817637555392381,-0.016650887713237583,-0.00011613111984587476,-0.0002635585224228798,0.000295754007900495,0.0,-0.013415219802982215
-0.025818798490253814,0.0,-0.037707013357746955,-0.00016473438607034208,-0.00472473437628651,-0.03959013087600305,-0.04776802125460067,-0.027183861789615793,-0.03336668312937302,-0.02018979217800604,-0.00019346857772251091,-0.0019194163333024483,-0.04780571643005094,-0.0004970597524461273,-0.04075037688103317,-0.025550915505309135,0.001018514098740042,-0.030928662698138654,0.0012964669358676018,-0.016001009690440937,-0.01189515102633465,-0.01549363051156255,-0.05123050550725622,0.000475597129283134,-0.029688325339404686,-0.01623824938547852,-0.028176972423426705,-0.05594832297674024,-0.023866273863875354,-0.041630357190449274,-0.026729938406899245,0.002100543838998714,-0.023266287451956025,-0.018977831415677326,-0.0010558367981883254,-0.0025031900792202855,-0.0002642653765213554,0.0,0.009828398427832563,-0.002777781576292604,-0.006673317418065261,0.011824094533491092,0.0005206741564935946,0.0,2.220446049250313e-16,-0.002788103194710956,-0.010203042492581638,1.2843155899944225e-05,0.0,0.0,-0.026683710875661404,0.0013964417241145721,0.00042952248610139687,0.00031417847951992206,0.0011801910458106302,0.0,-0.000200616187117586,-0.04110065512692507,0.0,-0.017025104682824033,-0.005764906870333653,0.00261583790373604,-0.04161940573879408,0.0,-0.008915664564887849,-0.006216087236891488,-0.014392013740039511,-0.01404088950275717,-0.016903805946923256,-0.015269744347096048,-0.01640652605378623,-0.017731082091035744,-0.022537066485828428,-0.015871194035554148,-1.1102230246251565e-16,-0.00780362677831431
0.010953352625719281,-0.037707013357746955,0.0,0.011163678954722256,-0.0008799339046641763,-0.011644493980656145,-0.00030865235762700394,-0.07521080173232209,-0.004122191686423582,-0.011727365527789746,0.0050335421962537374,8.249652992664558e-05,-0.015833850766669433,-0.044259742130528246,-0.0005970001778596856,-0.0003882668186603877,-0.017254531447402355,0.015965874261421653,-1.2338085663199383e-05,-0.0008298900974180179,-0.02234747251031577,-0.03474445017331135,-0.06004923069495072,0.006768490755386436,0.012728564806305909,0.009065153721230568,-0.05567135712447796,-0.028116197618074323,-0.03650613281073767,-0.029587743177269477,-0.022571554169472097,-0.02276042673924955,-0.005456060313321798,-0.022755635601234114,-0.037777799271776547,-0.04470490341073485,-0.0034367967938795374,-0.03690656561759881,-0.0018463032831049775,-1.4722301561187479e-07,0.017275765649958363,0.00026254500598926755,0.007042101908973142,0.03376727586637113,0.0,0.0,-0.00031728847474260524,0.08984387805037802,1.6145497457875635e-06,0.0305854589401795,0.003138617809134603,0.007787527892384238,-0.002718896224032541,0.012970037423868042,0.0003035173106698541,0.06379168937940272,-0.0012868346069024872,0.005773351765753665,-0.0100605399271953,-0.00034309563511430996,0.0,0.0,0.0,-0.039804579041414156,-0.000252157348999138,-0.0006223550410913159,-0.0005138931002967584,0.0010891842346147929,0.0,0.0001365770758946505,-0.0011144260146301321,-0.00534859440501223,0.0050500624477973766,-0.061179271232572885,0.0005967717905922543,0.008142403654252006
0.0,-0.00016473438607034208,0.011163678954722256,0.0,-0.04319628098690817,-0.026420292746847818,-0.06606067907235696,-0.03706756235967057,-0.010725344017668115,0.053271071850663654,-0.027398752258632864,-0.00622941413103939,-0.010149326463163966,0.022703242063288942,-0.018898900524387252,7.514449362311382e-05,-0.0674859234366173,7.352157451068209e-06,-0.0006712577474730086,0.020655406266437748,0.0004393699223637082,-0.001375049660047034,-0.007059472925103505,-0.03574241413423343,0.0005437995768232673,0.0020048860309819783,0.01389959238643318,-0.022535705271314405,-0.00218749647910893,-0.00033804584315372255,-0.049535806216792766,0.0017650733272070451,-0.08060366706720506,0.028199123873672682,-0.0052368001796975205,0.01594191504909545,0.0006472329197299287,-0.05260696730348918,-0.003834001916681873,-0.00046103005220976545,-0.00034424347215811224,-0.001875556353805874,-0.0023899833264987014,-0.0013783409371483923,0.0,0.0,0.0,-0.000742024483526893,0.0,0.0,0.0004125150786712939,2.220446049250313e-16,-1.68263913377098e-05,-0.0002991586143131775,5.551115123125783e-17,-0.0010151360039530877,-0.0009714794918714853,-0.0003392436656899367,0.0,0.0,0.0,0.0,0.0,0.0,0.0,0.0,-1.483581634148523e-05,-0.0002904474502190002,0.0,0.0,0.0,0.0008976148640000847,0.0016780496738514339,-0.00013938456753997963,0.0,0.0
0.00042965253163229633,-0.00472473437628651,-0.0008799339046641763,-0.04319628098690817,0.0,0.006016336510107634,-0.01592907579834002,-0.019752237951936313,-0.0013663160371152339,-0.007676503805107593,-0.031307903033593154,0.023052643829931274,0.02084986347641199,-0.002965353066955889,-0.0005343955851878079,-0.0336121846581241,-2.6210179378594045e-05,-0.03267121225128955,0.0045070699932723834,-0.019740224201486356,-0.0021802048526051165,-0.03523861537493034,2.0728713204964944e-05,-0.023994509450726398,0.007734126780551576,-0.005696716851531447,-0.006642651120872367,0.005997291818039097,-0.04180407578449952,9.432522695607126e-05,-0.011990501853979318,-0.018287013837700594,-0.020658182341013298,-0.010688567518168268,0.004990485417431356,-0.037860580382114345,-0.09448109853421924,-0.008097620269411132,0.009656220805837668,0.0007871817418247384,0.002378098124643846,0.0004063713607624919,0.0005997959398603703,0.0021977733411923106,-0.00045251609620799993,1.1102230246251565e-16,-0.00019721783509718538,0.0032413599965340767,0.0,0.004489197366925823,0.010469105312427285,0.012648515250766379,0.0006872956276480213,0.0005544123027709791,5.551115123125783e-17,0.01660688509507041,-0.00046723909612367276,0.014724343541731522,-0.0018441189665224789,-0.00028179527707927754,-2.3627305874962534e-05,0.0,-5.551115123125783e-17,0.018423436010397032,-0.00023766284941456606,0.00017241040264620588,-0.00018460954634458293,0.0032430454523697527,0.0,-4.7201476344183035e-06,0.0006173911993533898,0.0016054462897758803,0.006464243569049455,-0.002638819394970071,1.1102230246251565e-16,-0.0013133666700957392
-0.04995600192752969,-0.03959013087600305,-0.011644493980656145,-0.026420292746847818,0.006016336510107634,0.0,-0.010132595521082755,-0.016014364652502444,0.003868594919458679,-0.0185585611267704,0.00955172527018272,-0.0021722897836279897,-0.022704954166517965,-0.001170977529189543,-0.025840742205247347,-0.03524548267406319,0.009464898908433161,-0.019979361204484514,-0.026568158048175916,-0.015870319058923,-0.03180424105787005,-0.02832724427329153,-0.02291678245321449,-0.038118304660477,-0.05398315958835842,-0.05561949410833256,-0.0286646281260019,-0.02593042877825852,0.003510244069819257,-0.02360793997070082,-0.015259336057810435,-0.015730161841458312,-0.02278216840317998,-0.017585661577894873,-0.009708743562886757,-0.0027495609776258534,-0.02861262114186841,-0.03421818975020452,0.006990135558307964,-0.0019311014220124156,0.012596542570576186,0.02770924414144088,-0.07655025823845596,-0.0032707286281475345,-0.001830708286723437,-0.043991913221543666,-0.026506151579144266,-0.02574041859266374,-0.0005195274151916784,-0.0012739833408386136,-0.01190440810672344,-0.009728325254848236,-0.00831631145914341,-0.023321145442133706,0.002576438553871907,-0.021168918694515815,-0.0014033233244146737,-0.013364540249437007,-0.0018051520585330993,-0.03721121199239319,-0.021181640345132757,0.0,-0.00021468951284653315,-0.03535998159714765,-0.015730595955521787,-0.06031401105212658,-0.028066997517070535,-0.013415015987077616,3.321301415132316e-05,-0.019039297929427712,-0.041162596972306786,-0.01978582653942046,-0.008073182767140752,-0.01482023249064296,-0.004420941575510484,-0.002850042860793489
-0.0399520329374215,-0.04776802125460067,-0.00030865235762700394,-0.06606067907235696,-0.01592907579834002,-0.010132595521082755,0.0,-0.018286179044959605,-0.01141971570590683,-0.02781563978645163,-0.004954529789213624,-0.014351222066847746,-0.018387425448474104,-0.03681068315586972,-0.00013303591145741311,-0.043877792475989,0.005787851987189341,-0.04177167515226188,-0.002549308853618315,-0.0294843890157534,-0.0349941783463959,-0.04605899704052757,-0.008479199389572811,-0.04514910820797008,-0.055554496383557916,-0.04863501880610116,-0.016573031446359188,-0.03140794698112542,-0.04415486121150641,-0.0018049097668459968,-0.015468465860929592,0.006716436204938392,-0.045729381656196,-0.01575522685096853,-0.00624498492429687,-0.03793177420251803,-0.08218150938906221,-0.03562682093764269,-0.020544611891676723,-0.052778831268691206,-0.05740670312302737,-0.07755412164489284,-0.005824390310274763,0.0033509545848600664,-0.04061415304941568,0.0,-0.0341553881705175,-0.007709581875096516,0.0,-0.040120614092107154,0.004255992358917715,0.0033692467721628816,0.01819764810014235,-0.01050745780107376,0.00035878694455865334,0.016577927563217854,0.000186702814420181,-0.009879178709942205,-0.0013083289489483896,-0.0010612739617325007,0.001026860713965183,0.0,7.530239987674214e-06,-0.041998802630745014,-0.031155689473879256,0.00036023593612394267,0.0013158158806153564,-0.0009754678156901342,-2.2681234729426958e-05,0.0006726377788469629,-0.02933749688597137,-0.004948905121069214,0.007250181144614287,-0.010903706250246226,0.0011560939348765897,-3.276908076454976e-05
0.018429378974787802,-0.027183861789615793,-0.07521080173232209,-0.03706756235967057,-0.019752237951936313,-0.016014364652502444,-0.018286179044959605,0.0,-0.01905279558694123,-0.009928103513987707,-0.02053533221024101,0.02793853706612215,-0.014506708690657566,-0.005771797365301645,0.009000126652309204,0.006910982022913514,0.027375523000220503,0.018005838285680087,-0.09415109000950689,0.004025140053569187,0.004276281690733297,0.0031582495762448315,-0.025905252539472456,0.02255307947238172,0.00024974300751279266,0.008757230717879039,-0.025113820031437084,-0.032219233618575815,-0.054458540143906,-0.01525069258863021,-0.005832443946177546,0.006828748709187427,0.04147010446976401,-0.006272542524429048,-0.0460547251627727,-0.01810888845503461,-0.1486196781849439,0.0015154018522901547,0.012187770186816271,-0.0013022119633815388,-0.009658307834420177,-0.0042693581957762294,-0.030189863188078647,-0.001488268048166097,0.0,5.95321639783597e-05,-0.0010301974977739992,-0.00786809928852128,0.0,-0.0010719123831688382,-0.0055530351143925905,-0.011585804263104849,-0.016910904959704764,0.005406596292635624,0.0005489219853160865,0.02926466757016144,0.0001527227872930026,-0.019974082680937144,0.0020448101420917353,0.0033205100123150366,-0.00010148419938754705,0.0,-8.892448326430769e-05,-0.019229853051235146,-0.010791337239277776,-0.04358247819637773,-0.0025701387974549905,0.004468239160300924,-5.551115123125783e-17,-0.00023923516089413566,-0.0032212395408777184,-0.017324468267028992,-0.012939926264216972,-0.019505066896607026,-0.006435703180040497,-0.004694032605619403
-0.00016996453628909114,-0.03336668312937302,-0.004122191686423582,-0.010725344017668115,-0.0013663160371152339,0.003868594919458679,-0.01141971570590683,-0.01905279558694123,0.0,-0.00903513338550993,-0.026384972709512622,0.00577821965931169,-0.02948799251832296,-0.026750370048154837,-0.0007523567662708897,-0.0256447413297482,-0.004699212835496569,0.006756430323521856,-0.025941501203312234,-0.021577519126912748,-0.0014568795966902193,-0.02599128931350958,-0.012325766335572141,-0.021300975226458962,-0.03084854113567853,0.0036232301321542093,-0.022338159862196894,-0.026051196191186288,-0.04988238082857627,-0.031062771484877905,-0.021842702564174143,-0.015719519007786897,-0.011352677799006616,-0.018031338890764415,-0.022734555822621183,-0.030403859002946565,-0.031141654659358198,-0.021665129851614118,0.00515598402549583,-0.021713335741663453,0.016563951932670018,-0.004302209594689632,0.0022073100109697985,0.07324941839200766,-0.0019116200174546516,-5.551115123125783e-17,0.001018054230965293,-0.002693479572667412,-7.756372683020984e-07,0.029456541990681595,0.002494870263374027,0.009622519609955638,-0.00869190263766828,-0.005739059980963912,-0.001761177323969243,0.012804602439366541,-0.001272711547917471,-0.009675994619201322,0.0010072513630519087,0.000141424977572302,0.0005788503093979158,0.0,0.0,-0.00767485990660377,0.00048104910283347513,0.0009118013930414781,0.0006638428777316352,-0.0052702329283358385,-9.513085582446568e-05,9.867688677878128e-05,-0.001142787535715395,-0.005255942270739888,-0.00013318986833266155,-0.008814752049822405,-6.530615610067514e-06,0.013497245801426194
0.009713835115142289,-0.02018979217800604,-0.011727365527789746,0.053271071850663654,-0.007676503805107593,-0.0185585611267704,-0.02781563978645163,-0.009928103513987707,-0.00903513338550993,0.0,-0.009354688808392908,0.008272015591035464,-0.008119196496573,0.04569161490457074,-0.0010667261478583545,-0.04258507151077273,-0.011454194592511513,-0.019368124943609122,-0.019293540825600808,0.06584389705230831,0.0011034897196092186,-0.016346675842586977,-0.02213204864790219,-0.02232302752769244,-0.026856408540551324,-0.03021473500041688,-0.016991797060830816,-0.030403829693275042,-0.019082175948356372,0.0003534407584896426,-0.019716353225367356,-0.04228400408221872,-0.017561825787069718,-0.016249504948503413,0.011471188713650549,-0.047930684927478706,-0.04362171080212923,-0.003085275209170013,-0.058606893858153375,0.016147053261703348,-0.040742314024697635,-0.07410658405928211,-0.01590005370162928,-0.0015084949836930428,0.03182214078863843,0.02211802045150274,0.00018049331047109707,-0.0006892779188026887,-4.404175859729076e-06,0.00038241667111343913,0.0020031550807892984,0.0004512090996910967,2.8593404400145683e-05,-0.0018051273055459949,0.014057919114153439,2.3255847997782908e-05,0.007474249272854783,-0.05227124302798436,0.0,0.0008185654716718616,0.0014435046873472746,0.015351336025639595,0.029498527985072354,1.4476756842185523e-06,-2.3521071694176943e-05,0.0007004212443819102,-0.0015950950272513031,-0.005929305022156994,0.005006506805868838,0.004359602671735574,-0.003456219405693517,0.00028068964763627857,-0.03217120836365578,-0.0009969139956487183,-5.551115123125783e-17,0.02319724015329433
-0.00036378634385481057,-0.00019346857772251091,0.0050335421962537374,-0.027398752258632864,-0.031307903033593154,0.00955172527018272,-0.004954529789213624,-0.02053533221024101,-0.026384972709512622,-0.009354688808392908,0.0,0.0075571135358167285,0.0010784632246160775,-0.00015133020674601427,0.0,0.00010625072428643856,0.002376498448034392,0.004504893538181343,-0.012517816343858845,-4.961623926191816e-05,-0.00015936301716457102,6.502211736097996e-05,-0.02505753317007492,-0.0213629431646174,-5.493518260252239e-05,0.006946685527345953,-0.012442652399076437,-0.000580557364724732,-0.0009318772761326422,0.0003782611026282856,-0.0066679399927929706,-0.030719757156043692,-0.006896373623413221,-0.003187661415392784,-0.006523139322708926,-0.013980118624276894,-0.17909498054353012,-0.015000198505933204,-0.038830215321470074,-0.0005156729775376845,-0.01328900434807967,-0.002841439713684779,-0.027911310153602598,-5.497420026456812e-05,-0.0006618313641579276,0.0,1.1102230246251565e-16,-0.04454701617139745,-1.5019269505867072e-07,-0.025616678110683466,0.0019085389825490573,-0.009229954748484981,-0.023119456375161385,-0.03316572115859456,0.0077964687931799115,-0.06347071180085453,0.042759219256634395,-0.008329825997896778,-0.04014523473384707,5.551115123125783e-17,0.0,0.0,0.0,-0.07389283659256482,-0.0005670544129837141,0.0,-6.535461070766857e-05,-0.007406283322512974,5.551115123125783e-17,0.0,-2.1936101683828202e-05,-0.008620932850369134,0.009635251402534073,-0.0013993044799571197,0.0,0.007349212436042529
0.010857101219531484,-0.0019194163333024483,8.249652992664558e-05,-0.00622941413103939,0.023052643829931274,-0.0021722897836279897,-0.014351222066847746,0.02793853706612215,0.00577821965931169,0.008272015591035464,0.0075571135358167285,0.0,0.008412774654295851,0.0026065982273317245,-0.000329566152191485,-0.019093448528161416,-0.01148318871088505,-0.017412644270275945,0.003322318340756858,0.0035744110968040643,0.0015866937070427856,-0.05125260621157762,0.004677210754803041,-0.014588269149697686,-0.010711895426341156,-0.003948838604840077,-0.006450719375943548,0.008034642585884544,0.0029371891715100906,-0.0013397904456651788,0.007661855700960785,0.009291900939072839,0.017662337252695337,0.031291449925021975,0.013902201885486243,-0.038478259007719395,-0.08410124988323542,0.029638033926051632,-0.011534825285748784,0.03340243940377852,-0.02305402077123242,0.0068465780170643975,-0.0006864433357278155,0.0009492996821265365,0.05847144047893693,-0.007132020090167612,0.0013555159783459336,-0.0006347188471139686,-0.0006809599515346376,2.729365048981247e-05,-0.000274151534735978,0.00018727801430001856,-0.00025402254417689063,-0.0002362407325011695,0.0013985399967220702,-0.0012803872076119216,0.00036596982722270077,-0.041081530466026805,0.0003200511318333099,0.00011644513535874479,0.0015251173189054779,0.006128685966222958,0.008007369455828584,-0.0003219577623017056,0.0004647075174734061,0.001330116228067224,-0.00012983349085277096,0.001721960118789001,-0.003919662295441717,-0.001047396910375864,-0.01229216385011811,-0.0008344581271982343,-0.017402550320848864,-0.0004700614362803668,0.0,0.009243414749700085
-0.03722700455583361,-0.04780571643005094,-0.015833850766669433,-0.010149326463163966,0.02084986347641199,-0.022704954166517965,-0.018387425448474104,-0.014506708690657566,-0.02948799251832296,-0.008119196496573,0.0010784632246160775,0.008412774654295851,0.0,0.0188524897241798,-0.004342369147306568,-0.04432988898520007,-0.0039060090349440912,-0.022704936723435543,-0.00964868270721475,-0.03281120805821092,-0.030845340964292367,-0.04762611559629604,-0.024485604081411594,-0.02024151949552727,-0.03509785563333723,-0.013690416713942222,-0.02201383740017626,-0.0325866864865732,-0.05336457836027331,-0.03710653575597689,-0.01833899533571509,-0.0002027882424738281,-0.030794882291322212,-0.005385417151116789,-0.005282980129660941,0.016158412719324333,-0.0040359767441973116,-0.022497988424269255,0.009557126576068165,-0.04769013373690506,-0.006010957027666131,-0.046659383468451665,-0.022190143525855632,-0.004965399943523685,-0.006751542225730656,0.0006167400403032097,-0.01938089211284627,-0.028030588914857102,0.0,-0.00010698504195871816,-0.008936638129759311,-0.0082597928700191,-0.005695202345576078,-0.02201278329720502,0.000957592294098919,0.006683343545141607,0.03707612633614665,-0.016195327588980735,-0.0004622906194230447,0.016312084347127664,0.0010461579907675156,-0.0003135400997897331,0.001802340292046789,-0.00417708576580389,-0.02805999747939225,0.0012591975888856521,0.0012102035898941543,-0.013764131315828765,0.00018268706191348905,0.03390693011348117,-0.023843782112688783,-0.016443575379937236,-0.006629311558283446,-0.02238076388897453,-0.0035261544394462607,0.012693068279540642
-0.002896885036659469,-0.0004970597524461273,-0.044259742130528246,0.022703242063288942,-0.002965353066955889,-0.001170977529189543,-0.03681068315586972,-0.005771797365301645,-0.026750370048154837,0.04569161490457074,-0.00015133020674601427,0.0026065982273317245,0.0188524897241798,0.0,0.00010096726489144947,-0.000469248482698692,2.0181537536079208e-05,9.22169322568056e-05,-0.04279714022838299,-0.0004170628544691857,-0.006594377683444286,-0.0005483306614290084,-0.03729165771667875,0.0015367322950771145,-0.00013901398906956963,-0.019808639341034606,-0.01591313849277798,-0.017100821646689357,0.0006134701283822541,-0.00026413509875805596,-0.012861030346374647,0.029238258965560815,-0.002234673612623639,-0.015316380459684087,-0.07543281180982064,0.011987489450182742,0.015158702112003819,-0.0002898621109504451,0.005941093236008221,0.0,0.0006587836242803458,0.0008862948000044057,-0.041802850395092295,4.3232948571114704e-07,0.0,0.0,0.0,-0.017514573413817347,0.0,-0.004133538115576374,-0.001153625293470184,-0.0016447869693950734,-0.0008996411192490061,-0.020519078597826867,0.0,-0.028261664806388753,-0.00013985620971795898,0.0016999957416633515,-0.002829759473295612,1.1102230246251565e-16,0.0,0.0,0.0,-0.035383303807529354,0.0,-1.1102230246251565e-16,0.0,-0.020394055635629127,0.0,0.0,5.551115123125783e-17,-0.020651649685353102,0.00019918689198178408,1.1102230246251565e-16,0.0,5.551115123125783e-17
-0.03928084230510054,-0.04075037688103317,-0.0005970001778596856,-0.018898900524387252,-0.0005343955851878079,-0.025840742205247347,-0.00013303591145741311,0.009000126652309204,-0.0007523567662708897,-0.0010667261478583545,0.0,-0.000329566152191485,-0.004342369147306568,0.00010096726489144947,0.0,-0.03576221209522901,-0.0008268966630471386,-0.03266922672497419,-1.1102230246251565e-16,-0.015208943502047267,-0.023510476143858094,0.011455365657012606,-0.031931552408411945,0.006333787714522088,-0.03839183677777691,-0.016313053735970917,-0.0003509325611787961,-0.05510366288365348,-0.011283470523322403,-0.001663912653318278,-0.0310842653512462,-0.008319635139725112,-0.05564010552186127,-0.02070020863940586,-0.006577735796873707,-0.00957826703194109,-0.0022735755320695827,0.00010150313408746614,-0.014869016859798856,-0.022806478431358967,0.002071064540104195,0.006763943550523566,0.0026463206434128583,0.00042546144742666714,0.0,0.001495061457392699,-0.02211020767822469,0.00039683437665394283,0.0,0.0,-0.03415596581826447,0.001793239081878173,0.01017234536871886,0.0004422378431700458,-5.551115123125783e-17,0.0,0.00048721789449363007,0.001986788046350052,2.462042388073904e-06,-0.005066733286338665,-0.007534582617582941,0.0001925360556429001,0.002893550542324652,0.0,-0.004445151674622172,-0.005445905580706012,-0.03155096474113761,-0.01802781969066214,-3.7752423977521765e-05,-0.05321881848805049,-0.01115558867426003,-0.016993338708401806,0.013644880888483701,-0.009341345297516679,-0.0003891290781879442,0.00897244149654558
-0.02875254605995714,-0.025550915505309135,-0.0003882668186603877,7.514449362311382e-05,-0.0336121846581241,-0.03524548267406319,-0.043877792475989,0.006910982022913514,-0.0256447413297482,-0.04258507151077273,0.00010625072428643856,-0.019093448528161416,-0.04432988898520007,-0.000469248482698692,-0.03576221209522901,0.0,-0.019161126302560116,-0.0021811436192128997,-0.00015887958542898373,-0.013641814017971876,-0.016705825603068936,-0.028202651896986786,-0.026541470978861115,-0.0033081547236848974,-0.03498912799416548,-0.02640058280599289,-0.020481040248024107,-0.034246547216632506,-0.014046824603477504,-0.0020184237063009536,-0.016327071909078505,0.0021356894210418087,-0.02404032186351901,-0.001995480947833528,-0.001879489702743764,0.0007077941701617019,-0.00040242812127733174,0.0017096247775238438,0.023178377057612498,0.005648418843011649,-0.000741009616107291,0.015487249535645176,-3.2103154240514797e-06,0.0,0.0,-0.009378407704772329,-0.005103267207833884,0.0,0.0,0.0,-0.010122402194167823,0.0005780791166922761,0.0006189534225436444,0.0,-0.002061924083259725,0.0,0.004692978725034991,0.001476200279874773,0.0,-0.023573110555036803,-0.006005681847395861,0.00031683486184658216,-0.012683660519918538,0.0,0.0010730324413715797,0.0008516735729754976,-0.014632530374959485,-0.020458004559947562,-0.010169603372134295,0.0007732639106856065,-0.017552591265871886,0.001645882898392237,0.0035537157143843423,-0.018522618117518264,-1.1102230246251565e-16,0.004563430128863566
-0.007969989094171792,0.001018514098740042,-0.017254531447402355,-0.0674859234366173,-2.6210179378594045e-05,0.009464898908433161,0.005787851987189341,0.027375523000220503,-0.004699212835496569,-0.011454194592511513,0.002376498448034392,-0.01148318871088505,-0.0039060090349440912,2.0181537536079208e-05,-0.0008268966630471386,-0.019161126302560116,0.0,-0.004165913825148415,0.00369524767805951,-0.013511203769390134,-0.0005432057313543015,-0.030160378448877034,-0.007084654838382887,-0.01415966586113332,-0.008472242251945261,-0.02630447809133596,0.009436718178539139,-0.021387492266225605,-0.027483036505053127,-0.0008456899459985956,-0.010880498857370302,-0.009616363224030477,-0.04020489531328314,-0.003818474877841427,-0.00028073519069943265,-0.1383806126349329,-0.00033542068684883075,-0.02702487029105627,0.01861943126035076,0.002067889114037713,0.02139570213182662,0.008595655622876175,-5.551115123125783e-17,0.0,0.0746493782168029,-0.015954558067270697,0.013731172436546812,0.0,0.0,0.0,0.0,0.0,0.0,0.0,0.014260484774296811,0.0,0.00883910007483013,-0.000824712015933815,0.0,0.00025558485329124636,0.0047767323934698735,0.0073190612177223,0.013803816454850237,0.0,1.1102230246251565e-16,0.0,9.797306075348677e-05,0.0,-0.011143605569235215,0.015061245967933234,0.000567187710319883,0.0,-0.0016707394249279028,-1.9347185546192414e-05,0.0,0.014931907011003442
-0.020764004299199335,-0.030928662698138654,0.015965874261421653,7.352157451068209e-06,-0.03267121225128955,-0.019979361204484514,-0.04177167515226188,0.018005838285680087,0.006756430323521856,-0.019368124943609122,0.004504893538181343,-0.017412644270275945,-0.022704936723435543,9.22169322568056e-05,-0.03266922672497419,-0.0021811436192128997,-0.004165913825148415,0.0,0.005315453213456667,-0.015470845484424789,0.0297619980228771,-0.031025384002398848,0.004708283654681844,-0.01572262467877472,-0.026201457373603965,-0.033715635584791404,-0.01306980487667908,-0.018297461318303176,-0.019632841836857096,-0.009172567399608034,-0.023319709639224973,-0.0063824306882770965,-0.025663313120780462,0.000648859983570893,-0.0034701840638665105,-0.00130796444245862,-0.00040425893795448253,-0.0006244605888031662,0.02584844089798971,0.00953965627776765,0.013600535956355964,0.015087366177017891,0.0,0.0,0.0016559965653450415,-0.00875047188052841,-0.0005975746867741827,0.0,0.0,0.0,-0.0008159797373894495,4.948080187544557e-05,-0.0001871158025624764,0.0,0.01157959489688093,0.0,0.005741505743080189,-0.00027068797902929376,0.0,-0.04836847854007331,-0.003160095323671286,-0.008053867246784474,0.0005505236644590128,0.0,0.0005065817320604182,0.002189989205752696,-0.006266052459897142,0.0018217455455092901,-0.008955202309228638,0.010902561746087003,-0.0031861892946248305,0.00014902900926516693,0.0014893288286023099,-0.009559956732219377,0.0,0.007089194969109203
0.0,0.0012964669358676018,-1.2338085663199383e-05,-0.0006712577474730086,0.0045070699932723834,-0.026568158048175916,-0.002549308853618315,-0.09415109000950689,-0.025941501203312234,-0.019293540825600808,-0.012517816343858845,0.003322318340756858,-0.00964868270721475,-0.04279714022838299,-1.1102230246251565e-16,-0.00015887958542898373,0.00369524767805951,0.005315453213456667,0.0,0.0004154484426291405,-0.0003892260930734581,0.001197595247267147,-0.0720777493874005,-0.01882387517536882,-0.0026095007251330515,-0.00037131028713605074,-0.007439670355958161,-0.02130087879117626,0.00011512097783267228,0.0008562734112035897,-0.021320754801156083,-0.02963582208448401,0.0029719452572542493,-0.019013962532546225,-0.028414572666130233,-0.04514347962096543,-0.03677010935552022,-0.006826407345820518,-0.016830004759466555,-2.58944123118221e-05,0.0021361979078362014,-0.00277082421669933,0.026649246762180945,-0.001827580718954891,-0.00016133811701662948,0.0,0.0,0.030934413293411955,-5.551115123125783e-17,0.003428656135927799,-0.011329610171445514,-0.0014870240805985313,-0.029229393544411286,-0.01842995083616672,-2.1328593967251397e-05,0.06514504310377883,0.00015157374364388465,0.0016576096886948832,-0.007377913901262745,2.220446049250313e-16,0.0,0.0,0.0,-0.004104898595734041,-1.665417811491654e-05,0.0,9.976827768604091e-05,-0.028091802913828734,0.0,0.0,-5.551115123125783e-17,-0.019283030399492973,5.318167997081513e-05,-0.0016383651999232751,-5.741624924615607e-05,0.0008712454859151064
-0.03356229669206351,-0.016001009690440937,-0.0008298900974180179,0.020655406266437748,-0.019740224201486356,-0.015870319058923,-0.0294843890157534,0.004025140053569187,-0.021577519126912748,0.06584389705230831,-4.961623926191816e-05,0.0035744110968040643,-0.03281120805821092,-0.0004170628544691857,-0.015208943502047267,-0.013641814017971876,-0.013511203769390134,-0.015470845484424789,0.0004154484426291405,0.0,-0.011220334694092171,-0.012036342139949974,-0.008264878401458287,0.015861789978255714,-0.02327948000754665,-0.03131235632823387,-0.011288718953788801,-0.018045512661435503,-0.026742065408369764,-0.06431583836052673,-0.018174925874604286,0.014173797655449905,-0.0062331678526969525,0.0024265787392810934,0.030215191332158053,0.018111307066127846,0.00692559790629943,0.00496427053154852,-0.007832095128148475,-0.02800613566307969,-0.0030747907751377257,-0.0007319728071874532,0.0029499523031288333,-0.0015145427882225504,-0.0004955987908486503,0.023876882040760772,-0.010075376705424799,-0.0025902340690533987,0.0,0.0,-0.029010039330913617,0.0023025527567522297,-0.0028553249970505457,0.002588701788612313,0.000678218119919638,1.1102230246251565e-16,0.00026813474688802685,-0.01791287812589326,-1.1102230246251565e-16,-0.02260046876810695,-0.005929792196355255,5.1069189954122685e-06,0.0027508267355894622,0.0,-0.009335331506898248,-0.013577273897816045,-0.028855701632551745,-0.020687616771393857,0.0,-0.03190924703039305,-0.011853285790129897,-0.019744446804758398,-0.019741709316373868,-0.01427952883263256,-0.006541785732940064,-0.008068607997482824
0.019490080913432073,-0.01189515102633465,-0.02234747251031577,0.0004393699223637082,-0.0021802048526051165,-0.03180424105787005,-0.0349941783463959,0.004276281690733297,-0.0014568795966902193,0.0011034897196092186,-0.00015936301716457102,0.0015866937070427856,-0.030845340964292367,-0.006594377683444286,-0.023510476143858094,-0.016705825603068936,-0.0005432057313543015,0.0297619980228771,-0.0003892260930734581,-0.011220334694092171,0.0,-0.01462871356368256,-0.01594386464071368,0.03509335299268873,0.005618574081918626,-0.00021856758031080226,-0.01233294588933892,-0.03030019659174399,-0.022566261691842282,0.0003066703537099591,0.004770002882719504,0.016921330060233497,-0.026145990996252644,0.0045746441348989975,0.01792370317935238,-0.0010639580341947896,-0.0008812230582019853,-0.001844009149446213,0.013217961798638211,0.014331230189515654,0.035519613368038216,-0.004041220208806817,0.002199498202897443,0.0,0.0,0.03493754152467249,0.0024126432956645405,0.0015946272757354496,0.0,0.0,-0.01912704298223189,-0.00027119775037948157,0.011517407862705054,-0.000558354878205547,-0.000466082239605925,0.0,0.0009449990185503299,-0.001552269001242279,5.551115123125783e-17,0.01885200607730786,-0.007654861351762077,0.0,0.00028634031716473496,0.0,0.010049420255220765,0.059142095914234194,-0.008406586926397064,0.006572991126580163,0.0012433585458584973,0.0026636568156451768,0.005567893492728959,-0.0024366858454725193,0.010873126114631704,0.0017505410470894933,-0.002207442485424982,-0.0017457900602211307
-0.028040918361256717,-0.01549363051156255,-0.03474445017331135,-0.001375049660047034,-0.03523861537493034,-0.02832724427329153,-0.04605899704052757,0.0031582495762448315,-0.02599128931350958,-0.016346675842586977,6.502211736097996e-05,-0.05125260621157762,-0.04762611559629604,-0.0005483306614290084,0.011455365657012606,-0.028202651896986786,-0.030160378448877034,-0.031025384002398848,0.001197595247267147,-0.012036342139949974,-0.01462871356368256,0.0,0.0033682787437364636,-0.016003125794776807,-0.03772464324338298,-0.010503625082127821,-0.005873641807292218,-0.024873232806958856,-0.008504397778515915,0.014638091252188956,-0.025510738491188012,0.002909509285276224,-0.023823415574702744,-0.006703340259989532,0.009229172719115608,-0.0035139816174762917,-0.005766862731829525,-0.05465974675868013,-0.011659025657530186,-0.015097040224912595,-0.0074359960995595276,0.005771283593385856,0.0036369967981741413,-3.381679352609801e-05,-0.00036761794691969607,-0.008581777391957923,-0.01392588597934652,0.0005373841555633696,-1.3538469245122364e-06,-0.00014165483166223014,-0.025363305914307688,-0.048590609183672195,0.004836582219996888,0.0013911476930908995,-0.0005003011001872282,0.0,0.000582874198095884,-0.0398235651712196,0.0,-0.030073687822961548,-0.010296005253183804,-0.0006700467955453315,-0.03730316574894765,0.0,-0.02698869832443468,-0.01610541674434246,-0.02889401197782515,-0.02910059153397404,-0.0783858580500773,-0.011371357983322061,-0.0240914208093303,-0.024557782798977967,-0.030840412143996465,-0.02309940720229081,0.0006858255772374533,-0.026706526462569158
-0.00032243814164023554,-0.05123050550725622,-0.06004923069495072,-0.007059472925103505,2.0728713204964944e-05,-0.02291678245321449,-0.008479199389572811,-0.025905252539472456,-0.012325766335572141,-0.02213204864790219,-0.02505753317007492,0.004677210754803041,-0.024485604081411594,-0.03729165771667875,-0.031931552408411945,-0.026541470978861115,-0.007084654838382887,0.004708283654681844,-0.0720777493874005,-0.008264878401458287,-0.01594386464071368,0.0033682787437364636,0.0,0.01303668889320908,-0.07437340824440047,-0.024028937820881002,-0.03110009307712397,-0.037431849669921746,-0.04941156118071943,-0.029881430563443,-0.015493725201328301,-0.011680382094329034,-0.010669706485774977,-0.021987129448108267,-0.02889661923109693,-0.033111719271062434,-0.02452824925375735,-0.02621146467949992,0.002717548346884313,-0.002990632384215375,0.0036286747146414555,-0.004291351784704411,-0.01974526579885011,-0.0035723934095630017,-8.990858747248698e-05,0.004931974570347719,-0.021944598066177712,-0.02421733364190526,-2.2084047318016164e-05,0.015510515281932369,-0.008060949713258436,-0.018693563337892294,-0.04491798817684972,-0.0002337253320975341,0.0018722789830615816,0.019082908271283783,-0.0026772808485789334,-0.015086300301129285,0.011066988376415121,-0.020765764865346703,0.02710285085358327,-1.2423145248907641e-05,-2.3409834311038935e-05,-0.00034569383571980694,-0.010972201940497861,0.0024039842711237047,-0.028866027688642826,-0.019922121241768842,-0.0004683126988000996,-0.02297053133579141,-0.02980456894790795,-0.013459797208957625,-0.012491905830586292,-0.009375112369437888,-0.0029564943150601763,0.00208219131944809
0.003555779096785172,0.000475597129283134,0.006768490755386436,-0.03574241413423343,-0.023994509450726398,-0.038118304660477,-0.04514910820797008,0.02255307947238172,-0.021300975226458962,-0.02232302752769244,-0.0213629431646174,-0.014588269149697686,-0.02024151949552727,0.0015367322950771145,0.006333787714522088,-0.0033081547236848974,-0.01415966586113332,-0.01572262467877472,-0.01882387517536882,0.015861789978255714,0.03509335299268873,-0.016003125794776807,0.01303668889320908,0.0,-0.0024862973774245622,-0.013095398502605438,-0.0034571546724194713,-0.02547697807358723,0.016306126279783673,0.0006185485524977663,-0.020202156574371855,-0.02069642749036965,0.013784532626593238,0.026540121586168697,0.014414331284495374,-0.09166633377835604,-0.0472298848422498,0.007970271909934434,-0.09625276719913844,0.0064873305812102044,-0.00886342912067195,0.035760124285969974,0.0010761125791887705,-0.0002484758686029376,0.05289092600259593,-0.013983917495758391,-0.0024094370922512764,0.0,-5.551115123125783e-17,4.906914778540772e-05,0.00019613076042807043,-0.00011356593832112516,-1.6653345369377348e-16,-0.0004767662492148883,0.011744688723536012,2.321010078421004e-05,0.016503689425364343,-0.001294390184275851,0.0,-0.0002627860061873988,0.002518602817731752,0.002624252141042893,-0.004113840754105036,-5.979692993929309e-06,0.00010576690216262952,0.0003308914949084474,-0.002303831155109959,0.00074517118836126,0.008717102369394936,0.00813087924618705,-0.007139755987154162,0.0006736288511028365,-0.08968799266289218,-0.00037250183379250457,0.0,0.005521156801986005
-0.028438532789294313,-0.029688325339404686,0.012728564806305909,0.0005437995768232673,0.007734126780551576,-0.05398315958835842,-0.055554496383557916,0.00024974300751279266,-0.03084854113567853,-0.026856408540551324,-5.493518260252239e-05,-0.010711895426341156,-0.03509785563333723,-0.00013901398906956963,-0.03839183677777691,-0.03498912799416548,-0.008472242251945261,-0.026201457373603965,-0.0026095007251330515,-0.02327948000754665,0.005618574081918626,-0.03772464324338298,-0.07437340824440047,-0.0024862973774245622,0.0,-0.0249667142070929,-0.049851906791538336,-0.028478422010734694,-0.03985557302404186,-0.016623044717874125,-0.02512231707077639,0.002037748529465533,-0.023603094978856043,-0.004582672726544834,-0.0016942017845072987,-0.0011070563513400078,0.0003146235077366444,-0.031682797764751136,0.016797664382814492,0.006351880104099539,0.009481747784467753,0.009969787750680137,-0.001102793356019094,-5.551115123125783e-17,-0.013803820755303065,-0.003504033684598007,-0.0033625959199417577,5.551115123125783e-17,0.0,2.220446049250313e-16,-0.01719796437112736,0.0008732880711126434,0.0013525874971790364,0.00037209115288677763,0.006852606661034766,-0.00016934920169497936,0.0006365500705324822,0.000615784336357672,0.0,-0.023718929127789612,-0.005133380963290635,-0.0013364221012598376,-0.007559607894480291,0.0,-0.004927985481323449,0.018288853034428787,-0.015033870033406838,-0.010710896407896686,-0.00602259563203944,0.000546516774723782,-0.010514879192111803,-0.023275591749617353,-0.0014947752822841442,-0.010767527587571935,0.0,-0.00047911776712011855
0.0015414481072020814,-0.01623824938547852,0.009065153721230568,0.0020048860309819783,-0.005696716851531447,-0.05561949410833256,-0.04863501880610116,0.008757230717879039,0.0036232301321542093,-0.03021473500041688,0.006946685527345953,-0.003948838604840077,-0.013690416713942222,-0.019808639341034606,-0.016313053735970917,-0.02640058280599289,-0.02630447809133596,-0.033715635584791404,-0.00037131028713605074,-0.03131235632823387,-0.00021856758031080226,-0.010503625082127821,-0.024028937820881002,-0.013095398502605438,-0.0249667142070929,0.0,-0.022288931038588866,-0.01179091793478243,-0.021541653353348955,0.0015711789987923885,-0.02171690027100881,0.0064693586428173355,-0.015672737714020613,-0.0075594809625750825,0.0014092172497431332,0.027543295593346506,-0.005838358392829701,-0.02368827320768324,-0.0034171645826319152,-0.011792785440693065,-0.003237051194737939,0.006147862351443156,-0.003856745378348181,3.738053551377574e-05,0.017665681309047165,0.002891349484237249,-0.007941134532406302,0.01573152508972675,0.0,-3.676453759038356e-05,-0.025800427180245333,0.0010451526908569764,0.02964107393942461,-0.0009310816879652406,-0.0050086775216480195,0.0,-0.009908237411064613,-0.035804333595935434,0.0,-0.012911038869915126,-0.00407989548406773,-0.010182646332558387,-0.006865152555770748,0.0,-0.014580160899818007,0.012098729415992993,-0.01636892320582345,-0.0062805065431527085,-0.008985778800470356,0.002305625798757205,-0.009077928911645272,-0.01632438778211881,-0.009108500184426882,-0.018160108297767708,-0.0002784581589829749,-0.004019633148700852
