0.0,0.8203847257743994,0.3953366430316039,0.0,0.35743571371892124,0.6746404907907586,0.49459534373138647,0.5066565280662408,0.4169372634760218,0.5090263476440684,0.41102682887997377,0.32530870344571433,0.6990341847331041,0.4577157945070275,0.6148599511843682,0.8209914539824829,0.46961708543277536,0.8047107740602308,0.0,0.6002305970797357,0.31093778691286994,0.8004150836793265,0.6521001318319256,0.4765872760376261,0.7455645159740203,0.8675203905038309,0.7983292309613818,0.5704559780670305,0.550622405154569,0.6421074124461943,0.41833090887438157,0.5919091217053492,0.520423841425024,0.4841884421921434,0.37512785670923454,0.6483487978731393,0.44843645855435516,0.44855354221133287,0.5818406380815857,0.7334486187012064,0.43984266695031626,0.5344613998593922,0.4712666168950176,0.0,0.4819295454333967,0.5795856718923353,0.6292168006101991,0.0,0.0,0.0,0.48823170749611833,0.0,0.6409664184349677,0.0,0.8330149463370098,0.0,0.624085945990667,0.5030172599066755,0.0,0.5728838654594675,0.6345657010909972,0.29919735345304077,0.7470412543332492,0.0,0.5167878247628299,0.29312179363682456,0.5282777310684064,0.6941841963072053,0.6416733256168174,0.773422111406502,0.8018201371916518,0.10744343589054628,0.4104084439526893,0.4086885492116403,0.0,0.5725742382045269
0.8203847257743994,0.0,0.5929976400197343,0.3372105557849687,0.7579928590345227,0.8700245193099135,0.7439570778658438,0.9150381996177528,0.7172540420281831,0.6433095250302705,0.3197187777700743,0.43833922224591826,0.7813499927865346,0.5369597131591681,0.6355977596680977,0.740957448411642,0.6096777648861309,0.6649755959124718,0.6013859711828491,0.8489413196017275,0.758969400376527,0.8131665607721588,0.9674489578373956,0.6725174644037466,0.7568709543633951,0.6780060753100282,0.9499740801084996,0.7627896469094666,0.889263582012225,0.4596682496083139,0.505223027682536,0.5237961430024617,0.47069047630746513,0.4646889213596457,0.5032951674179837,0.5158651061316307,0.21202709300637693,0.0,0.557404929420207,0.5787458022301772,0.4295257870034729,0.6390759588147832,0.6251852725787028,0.0,0.0,0.6638297587930262,0.6684612776571842,-0.03624655404841147,0.0,0.0,0.6467960105371044,0.6566060649396216,0.5938576391356563,0.8252775151996034,0.6136693014034733,0.0,0.44744713656974766,0.6035156211253561,0.0,0.5743327954429857,0.5542728244957451,0.6328306861104585,0.6813441706770174,0.0,0.6631425868732235,0.7577809952218325,0.7678380641581823,0.4894564094572098,0.4685423745702594,0.6531752013705145,0.6592066921786026,0.5210297029069297,0.4780924920024341,0.5850028116421025,0.0,0.5977100442000655
0.3953366430316039,0.5929976400197343,0.0,0.4279756819931663,0.48453635640917303,0.47511499731783347,0.6609302781176208,0.5441981518587388,0.40659219093409515,0.5241333856503334,0.5067121626059594,0.631506615708763,0.5941679293407187,0.6695619856089318,0.36721546900631175,0.4069165349232966,0.6405261358351417,0.5547386028320751,0.28210495873793584,0.37917374078186433,0.4219282069234682,0.5774930238766832,0.3291690645791223,0.41497000362262837,0.5160941082471306,0.8763584448926723,0.38916245691643236,0.6340364471523403,0.6886955696232206,0.6617473036283787,0.5830490644282638,0.5877560584482501,0.5362836317110294,0.5874249807055949,0.6131455048620846,0.6119685367100708,0.6244320307692641,0.5724264009741051,0.6564976365217914,0.49362221015455776,0.598912093378092,0.5059333024774088,0.2686879420230649,0.6871580685679421,0.0,0.0,0.18034285512585543,0.5091532234409012,0.47168785523012824,0.6235058357675147,0.7499450642534322,0.6915126845262073,0.6849852885441254,0.8155871801603444,0.3458429128665946,0.5789103559772781,0.49757732841219116,0.6555068185871091,0.2817844928265545,0.2859237033827827,0.0,0.0,0.0,0.3869211993038457,0.6834538917797397,0.4463516052639689,0.1591545473166769,0.6530934010211757,0.0,0.6260860820416816,0.38324482298297935,0.8157431025395794,0.6372891199524089,0.6477146067557007,0.6652312552979494,0.47362162599349444
0.0,0.3372105557849687,0.4279756819931663,0.0,0.4183914149622384,0.6111288877288126,0.3066709323842298,0.30911366623933767,0.6657013719828131,0.20198626726459018,0.6116844407414082,0.29106303541773,0.8740395138030803,0.3816435009114185,0.6330493777172834,0.059400634746191644,0.5592509111487747,0.46926370961932345,0.6965121517938668,0.6817058594590925,0.3921715775556597,1.1725112536657547,0.641656361354447,0.2174902154927875,0.8529665798315408,0.595401198259129,0.6433671277983852,0.3748958726324681,0.5014466531780729,0.4452513876906929,0.4391105607498589,0.31278328944023626,0.20907280251686197,0.20285524517440123,0.42753682069017446,0.3307951855016192,0.34744362597472117,0.0940140012511283,0.12041729058341336,0.2921297711923925,0.37720989309516584,0.30284737783275145,0.23576578734464532,0.23969421621303666,0.0,0.0,0.0,0.43476546721948783,0.0,0.0,0.5878248682011034,0.0,0.4672620325718949,0.06757877039381535,0.0,0.19163423036889854,0.5072899748080683,0.4832984232541907,0.0,0.0,0.0,0.0,0.0,0.0,0.0,0.0,0.47438054251449735,0.6283042280713289,0.0,0.0,0.0,0.5081526589871663,0.5120236137199128,0.6357634180092102,0.0,0.0
0.35743571371892124,0.7579928590345227,0.48453635640917303,0.4183914149622384,0.0,0.5512414857391115,0.43990962598372396,0.5794530863145045,0.4947130221080974,0.8028193654808378,0.44528694681960856,0.5943912307889976,0.8959016203521468,0.4837699075457812,0.5249582948226315,0.7038428144063408,0.6409643718747504,0.6391698577974805,0.29043544614403066,0.8441786561280313,0.518832575356971,0.8286656207633901,0.5289330563081318,0.747105038430893,0.8169872267214148,0.8698195091291774,0.558385980945934,0.41281988485602267,0.8724634431664945,0.48334752463333003,0.7278277220854632,0.4707010353944391,0.4973413354410622,0.6805209023526855,0.5275671503716384,0.34252186623436554,0.1922931023297276,0.2935519548534473,0.5123761639846779,0.6673453685147163,0.6661651896032641,0.3891516370524234,0.11940415743810934,0.6091316531618645,0.2644088883585274,0.0,0.43294294573576353,0.3975868971774078,0.0,0.3176708686892769,0.5031797005090217,0.4749178675353138,0.297890044167884,0.4624828211331764,0.0,0.18468096850699664,0.34904889980637077,0.5451079014847859,0.13504608079889086,0.23104540699829557,0.5134925053185259,0.0,0.0,0.37206264740984213,1.141015716945351,0.4415474654088997,0.3559559525484888,0.4141963925777865,0.0,0.49381327306003675,0.5049859826520842,0.42731016819718404,0.5028949790926759,0.5053407541376982,0.0,0.5196701172612359
0.6746404907907586,0.8700245193099135,0.47511499731783347,0.6111288877288126,0.5512414857391115,0.0,0.6906137059190256,0.7875447032021816,0.41965034314296834,0.783094447710337,0.611159240322159,0.8663578438881817,0.7707959674713898,0.6293345056850197,0.9338672518806646,0.9163362601748921,0.6463318114599015,0.8017729763889896,0.6981036897286661,0.8162695465876684,0.8910632998844651,0.8342364697415905,0.6260786451439084,0.41053352004019206,0.9264541432179404,1.0604068030700735,0.7023651027436248,0.8525811158206754,0.7549140302727748,0.8493177884231811,0.752790008477678,0.7716121229512274,1.1057722068516669,0.7966379717815659,0.8294169724302262,0.8564325930647623,0.6525721634188135,0.48297270610454174,0.679980079188574,0.3641914050612237,0.6484228775618914,0.6861998327861889,0.7030295352928377,0.6362247723150907,0.2203634662980394,0.9225074433357459,0.7318736526659763,0.679823338170737,0.5994856212772257,0.5041292177335257,0.6663550735315346,0.7016657201007912,0.7114222676974922,0.7553905321686285,0.6857365568863731,0.565054799768419,0.37094224170152296,0.6236578340842651,0.605332878979962,0.7727364863865479,0.7085449186661862,0.0,0.535482941304927,0.5960181432906061,0.8730694740261242,0.5349338869840736,0.8847109172112683,0.5539441945596366,0.5670658389418965,0.6427011883951768,0.6997518994881009,0.6127231964864053,0.5815334223277444,0.7510697577434102,0.47908359967253766,0.6628473811565045
0.49459534373138647,0.7439570778658438,0.6609302781176208,0.3066709323842298,0.43990962598372396,0.6906137059190256,0.0,0.46004325251646727,0.6049148869080307,0.65709266049173,0.70361610198829,0.6867612230667184,0.6728106498488196,0.2968407919178579,0.5480579255694766,0.7526779712149718,0.7179236878068893,0.7226266942752223,0.6378924744997766,0.6909398464174702,0.4856915036808267,0.7225959609145436,0.5835051612361806,0.5773089152367284,0.7787014485422246,0.7895780093586975,0.6619402384804319,0.6215226730604577,0.6986562488519855,0.5674186233769192,0.6315371698894072,0.7114951984149684,0.8332226562293275,0.4568788788242739,0.459123506584597,0.44447504042829666,0.38835774425453623,0.2921645856844702,0.6353928575647907,0.4602398935311848,0.5483255675108014,0.45821261565939897,-0.006642489607481206,0.8303607073605093,0.36235498577155034,0.0,0.5909566046746302,0.3319851788050626,0.0,0.20575987370518067,0.49424158253582995,0.4786998587205257,0.4051628109364297,0.47449575460805804,0.5855697282148074,0.21884691982559534,0.41372098826375026,0.380474470114148,0.31785322254896053,0.34381656742381217,0.6070061238667513,0.0,0.5346083797711727,0.14896189457776524,0.6759381293214537,0.4853927917033828,0.5903413856225259,0.41046905481731166,0.4629112330446408,0.5881524220776568,0.5414753102311445,0.49160296807090165,0.42222389461546606,0.4949985113341585,0.7636659545499298,0.3464333954431611
0.5066565280662408,0.9150381996177528,0.5441981518587388,0.30911366623933767,0.5794530863145045,0.7875447032021816,0.46004325251646727,0.0,0.4924930681500647,0.01968485622229882,0.6763826791803587,0.4918245711581053,0.4766188573170599,0.49545716831934544,0.5878331006245276,0.8798961957938809,0.4936984228510798,0.6903588965556708,0.3629887252017087,0.5358097527968386,0.5300271510375636,0.587149304457113,0.5839059748158762,0.35757918989000775,0.6622128254918566,0.606888243482639,0.6459282471934247,0.6017906310202081,0.7198539830329524,0.6090883346054079,0.613052382082197,0.25876477241952267,0.5980217319744764,0.5368044378951045,0.426355179176579,0.1499529189470456,0.01958736063423777,-0.3107929572575611,0.4561709701899878,0.4684008304976592,0.45091167491114914,0.6323295374051117,-0.09670358432279219,0.49233004694998184,0.0,0.6067425399323836,0.4031742084314774,0.5575119290033197,0.0,0.4074389146070132,0.7675500295317631,0.5998001792809692,0.5826139136006963,0.5988419303539068,0.8014651697509727,0.3443426522890498,0.967575157705316,0.6134944219657803,0.07001416871515154,0.7533230197911254,0.3993581528812282,0.0,0.7469660634631574,0.5481075706558771,0.8394518303484472,0.7550166129694169,0.5499890593215837,0.5529442928394743,0.0,0.4932455866956669,0.5086662901779374,0.544593780491378,0.5743476099576075,0.7625668258094132,0.5163419232393242,0.5616000290111278
0.4169372634760218,0.7172540420281831,0.40659219093409515,0.6657013719828131,0.4947130221080974,0.41965034314296834,0.6049148869080307,0.4924930681500647,0.0,0.7053425260746546,0.5153210382546785,0.6562677772717145,0.6575351616790317,0.486461589471566,0.626237916742658,0.8115291125511762,0.44907873538402726,0.6084495340560916,0.404891277253142,0.8176500492591963,0.42531820360312156,0.921275770434259,0.5221972895475413,0.5846249070571963,0.8082499150340688,0.8313209317659953,0.48812472276745,0.6690634085389865,0.6908557767873444,0.5726288580965863,0.6542346984195366,0.6008639910340347,0.7473662602842143,0.6539975567028806,0.6261822341095322,0.6052834823234226,0.5735562840247586,0.6136321432776177,0.6367210297572714,0.562133639241368,0.5445407477443922,0.5909913689171196,0.06846465123060785,0.41829736469814055,0.30277164954933394,0.0,0.49769233961291115,0.6927682760389657,0.46977898647625516,0.6958620236743135,0.7795231020835747,0.6884482132858833,0.6947078979610275,0.611653819481208,0.2268965609536236,0.5886226245058283,0.4965653186462323,0.509325181820858,0.061145046697209215,0.43724782245113514,0.6869114655061163,0.0,0.0,0.6240340279139843,0.6115399976668959,1.29453291294146,0.565918754597847,0.6129321634437476,0.3172904731166396,0.5699519805652524,0.2811629294354691,0.6103800356041179,0.4976183016746961,0.5621204188714177,0.47402950982811065,0.6362476908599781
0.5090263476440684,0.6433095250302705,0.5241333856503334,0.20198626726459018,0.8028193654808378,0.783094447710337,0.65709266049173,0.01968485622229882,0.7053425260746546,0.0,0.7150256855430154,0.6596189956243469,0.8308523127799633,0.1029691317229971,0.5096114573414499,0.5902738249036277,0.730602035574168,0.5397902936788195,0.6562614422082913,0.4341117240937676,0.6979222049689058,0.6258897325296316,0.5056805006818328,0.5799967513776808,0.6116229838843902,0.630122133854423,0.5964917266483514,0.9298953018385572,0.7401855851346861,0.4012587461854995,0.8331469669557109,0.6418207159737599,0.6504279968560094,0.5500475062387231,0.42859825459744966,0.22209566904028455,0.1956663010262703,0.3795655214956897,0.4665823186690888,0.7944845298264662,1.0416288773169777,0.35440837875123055,0.33256572949725827,0.3363852769818804,0.9120161751773679,0.7534288539109348,0.4791994405370541,0.16876143749133832,0.45798865618130113,0.4288498282944859,0.520802313803651,0.4932812957341579,0.5652257764323455,0.25454010877758654,0.8280816812936409,0.4119241975302046,0.8394159397843026,0.8828633944100056,0.0,0.8722602100561383,0.5819541817543448,0.6854839023533031,0.6229887494104831,0.48094927196490034,0.4868601684127204,0.5577381170073584,0.3780782707697898,0.15486020849055968,0.42162667021399697,0.5827229415712945,0.6727355805061296,0.5427618722918175,0.7202070685573267,0.44345139007559753,0.0,0.9940422421099191
0.41102682887997377,0.3197187777700743,0.5067121626059594,0.6116844407414082,0.44528694681960856,0.611159240322159,0.70361610198829,0.6763826791803587,0.5153210382546785,0.7150256855430154,0.0,0.7278277993114519,0.6628065535487676,0.6235981739041955,0.0,0.5055370876411801,0.49463363622431256,0.4983919086850324,0.2886550317005966,0.5136453906135313,0.6191813737093128,0.38036164113047627,0.6050065594759787,0.6282697920633619,0.5184637370826107,0.4940325026978375,0.627080716760874,0.6613665566631931,0.43300852054380556,0.5284758709106355,0.628275410614166,0.571070792399947,0.516060789064026,0.6542017855181912,0.7736417716166488,0.7094300718258919,0.7432665483662948,0.4460593595576767,0.5293190149077854,0.4983706806637468,0.26344512785446406,0.46408688800621056,0.28381330797437726,0.5843294931419312,0.20465513563546284,0.0,0.0,0.38852035042121125,0.48208406505390167,0.44347661976005015,0.8181516376595701,0.5538548327807906,0.7048575703119748,0.7013007177033834,0.5151577985249203,0.503195963655594,0.4129634625515368,0.43965599535467664,0.3164300084136456,0.0,0.0,0.0,0.0,0.4231123596643327,0.39748330788306385,0.0,0.740183687000657,0.6428310481031705,0.0,0.0,0.98621165763268,0.6844798981985227,0.5172362030189095,0.38799787215103865,0.0,0.7125803901896267
0.32530870344571433,0.43833922224591826,0.631506615708763,0.29106303541773,0.5943912307889976,0.8663578438881817,0.6867612230667184,0.4918245711581053,0.6562677772717145,0.6596189956243469,0.7278277993114519,0.0,0.8643851304316897,0.7142405315591719,0.3785939866475486,0.8531231246241089,0.9642801862910195,0.8204547239272872,0.5916566463771112,0.3395477569311427,0.9059878464659041,0.4273320152516469,0.4230555194519875,0.7168180420604016,0.7297648436971198,0.6180503219737487,0.5698181099709401,0.8465112208294251,0.7598475207476015,0.29342789320888457,0.8366805960761852,0.3499706682829682,0.9189935792661741,0.3668313589240176,0.5572406926805415,0.323196375869,0.42017241028759117,0.3533038608012915,0.2933918459773872,0.8627525403304424,0.8843776839981832,0.32789159947935287,0.3159443636040351,0.3194649100378312,0.835148606366443,0.546825228958814,0.5336786418163905,0.2822008660031652,0.19340942582207088,0.2530093906763481,0.3527908272464956,0.47925336409545494,0.2673626915900338,0.4222047096878928,0.8985876954282968,0.25349912537417524,0.9562335748600423,0.8166506093253387,0.7175779035910326,0.6449004682553912,0.5347143367678518,0.6860290643975828,0.6883342913860218,0.36362993176216524,0.7642255058016352,0.7360321568580762,0.4514864453521057,0.42694333294381737,0.5119306683059126,0.6799591699949854,0.6973625741289882,0.31347905241198815,0.8747723646578313,0.5106171679425106,0.0,0.938176025743213
0.6990341847331041,0.7813499927865346,0.5941679293407187,0.8740395138030803,0.8959016203521468,0.7707959674713898,0.6728106498488196,0.4766188573170599,0.6575351616790317,0.8308523127799633,0.6628065535487676,0.8643851304316897,0.0,0.593971044968852,0.6588339876483988,0.7341618529465486,0.6104564148823826,0.6727375535477097,0.6270498264597559,0.6592851690478643,0.7980530241722323,0.6795521086464613,0.6327709174057069,0.5975592610146392,0.7602507483644084,0.7319446260217208,0.7126319160377652,0.5309077458749896,0.6979111064936241,0.49802085580563904,0.5170499225861498,0.8711440308939324,0.8619374585761119,0.6435669284042478,0.8250302007564789,0.6764065216471973,0.8582428057826672,0.7033444669996478,0.6751432689309731,0.4803863007509243,0.6852242825026214,0.758746119691458,0.7164521122600734,0.37163434151154734,0.47862942643112916,0.6478659125774809,0.6779834414311057,0.5001008709004172,0.0,0.6711342399639771,0.5229012262289949,0.525519085051995,0.4696070003363826,0.5789928730251706,0.5576038731204057,0.28481829547524096,0.5182951504755355,0.5065317175543278,0.3860979081026258,0.5591041752309054,0.4057638705943223,0.40593721318417275,0.5508143534835437,0.35124897087141066,0.7291728327249687,0.6060653239063614,0.603916714751123,0.5580265472256847,0.5246270875830494,0.5252493202261348,0.5301473518178876,0.6477245754052421,0.5739343079454772,0.6126538449283407,0.31390645297810676,0.4978701098453085
0.4577157945070275,0.5369597131591681,0.6695619856089318,0.3816435009114185,0.4837699075457812,0.6293345056850197,0.2968407919178579,0.49545716831934544,0.486461589471566,0.1029691317229971,0.6235981739041955,0.7142405315591719,0.593971044968852,0.0,0.5572442401498642,0.6293751303488888,0.5003453597742182,0.44416896033503295,0.5567169947116677,0.3817939266439929,0.6029852790222565,0.3149174518859177,0.7274393827090395,0.4450742834654977,0.5108776047446484,0.5068827427774517,0.7075744207959506,0.31556167587406786,0.3878529373430184,0.850579778958116,0.43919802883107584,0.19535093970571585,0.22916057853651922,0.5763223778126352,0.3609906062169467,0.20726138220976223,0.27530931070119186,0.39107693713879244,0.7103224493233289,0.0,0.7038524328265744,0.8264476142393593,-0.23864756294250455,0.4710329267907585,0.0,0.0,0.0,0.3796927299278696,0.0,0.013877263310821009,0.46862025720893863,0.47148502838100215,0.38748519466004616,0.21757813360126868,0.0,0.21757173671927238,0.4021585750544361,-0.43553439588484427,-0.21769275431695262,0.0,0.0,0.0,0.0,0.22501926075624315,0.0,0.0,0.0,0.3141257921032534,0.0,0.0,0.0,0.4289630032831772,0.7701103294701211,0.0,0.0,0.0
0.6148599511843682,0.6355977596680977,0.36721546900631175,0.6330493777172834,0.5249582948226315,0.9338672518806646,0.5480579255694766,0.5878331006245276,0.626237916742658,0.5096114573414499,0.0,0.3785939866475486,0.6588339876483988,0.5572442401498642,0.0,0.6947311743537153,0.5297155683954147,0.5674375074228366,0.0,0.6413583038553488,0.579407077298469,0.5663035128724192,0.8614258140694544,0.47474701366387856,0.5664109103805982,0.4349047131663419,0.7788845216415357,0.514233298022204,0.6841301458570899,0.518786593888787,0.46233385057401033,0.47990306866531435,0.5967325896489756,0.48981449240347086,0.5558205522942319,0.7064273913867696,0.481064353778745,0.36930127828080817,0.5814952208053934,0.6699016930854074,0.6157025955274329,0.577182483846173,0.773597313899468,0.629420641209578,0.0,0.5839153938653686,0.8466611699814827,0.4564909982352493,0.0,0.0,0.7931627757978691,0.6811165239261106,0.6709277762502879,0.5282249066458007,0.0,0.0,0.6650956599756283,0.6427581413218213,0.4790265782588182,0.8227277217072531,0.7031006060552096,0.6201544623995634,0.7431801118252866,0.0,0.8934398114822714,0.667464470207791,0.9439172539040719,0.9055768389085479,0.4695484748964566,0.6971380468146252,0.7111141650965834,0.8116239292100326,0.5706936616161764,0.6474580926400886,0.611833590555322,0.6106324937308767
0.8209914539824829,0.740957448411642,0.4069165349232966,0.059400634746191644,0.7038428144063408,0.9163362601748921,0.7526779712149718,0.8798961957938809,0.8115291125511762,0.5902738249036277,0.5055370876411801,0.8531231246241089,0.7341618529465486,0.6293751303488888,0.6947311743537153,0.0,0.652872696939463,0.8941007742012687,0.518438076361897,0.6861197688063564,0.8007834384322199,0.5836048166622672,0.9060843380706061,0.7334705322440873,0.6495634643015481,0.7256733905480067,0.8536460756470359,0.6663303577326829,0.7354470528333039,0.444073742082687,0.6136820010105172,0.5473808407875463,0.5977118232409206,0.4803813949565733,0.505225454381946,0.6208578400756112,0.41639975470203305,0.5989381403573159,0.6739507819553239,0.5411615149793825,0.45177538322164823,0.4596615204395822,0.4671370855074247,0.0,0.0,0.625428205390536,0.6104684429307337,0.0,0.0,0.0,0.5744914680261776,0.5929664934517167,0.8871767195919013,0.0,0.8131822409249752,0.0,0.8869905495578845,0.49430367764065825,0.0,0.6950829945858353,0.5279952433022288,0.7232793748169535,0.6426327921309403,0.0,0.6190271203489965,0.5474515466603451,0.5895306061395107,0.6650489766940545,0.4823940285713251,0.6645552284711322,0.738448686813961,0.44545259209344,0.6302826177828678,0.45232386008317427,0.0,0.3871486322437626
0.46961708543277536,0.6096777648861309,0.6405261358351417,0.5592509111487747,0.6409643718747504,0.6463318114599015,0.7179236878068893,0.4936984228510798,0.44907873538402726,0.730602035574168,0.49463363622431256,0.9642801862910195,0.6104564148823826,0.5003453597742182,0.5297155683954147,0.652872696939463,0.0,0.6006487096185442,0.6622530897054064,0.4894851576655006,0.554304062835054,0.6698623207773947,0.34022751191586853,0.6544403660263364,0.5999780983906466,0.6103554337373037,0.607289168929013,0.8425867576035748,0.4894781069910257,0.551305082527422,0.5004635270140086,0.48245855021032813,0.5776046071648928,0.6079327799924599,0.42903288918679955,0.4605138902891268,0.27178330582940824,0.51657154125553,0.09075785304215361,0.6865721159586833,0.5814852018927779,0.5392191106132188,0.0,0.0,0.981836702117262,0.6769736730596744,0.5782591180563846,0.0,0.0,0.0,0.0,0.0,0.0,0.0,0.7979938410703631,0.0,0.682054936590808,0.33098758299384745,0.0,0.7984196866408175,0.4722783946678659,0.6479084561448964,0.6035851063253656,0.0,0.0,0.0,0.7793316700428603,0.0,0.48002371157970436,0.6472024195718047,0.6646892155629227,0.0,0.3171739271863767,0.47799593185959094,0.0,0.6496165032961797
0.8047107740602308,0.6649755959124718,0.5547386028320751,0.46926370961932345,0.6391698577974805,0.8017729763889896,0.7226266942752223,0.6903588965556708,0.6084495340560916,0.5397902936788195,0.4983919086850324,0.8204547239272872,0.6727375535477097,0.44416896033503295,0.5674375074228366,0.8941007742012687,0.6006487096185442,0.0,0.5431965160647423,0.6089451884460833,0.7611488551520066,0.6169264139229074,0.6925709154524575,0.5442018409091878,0.6680468424696495,0.6291151190769214,0.788424239941768,0.5463405832554864,0.6730819071872249,0.6432747611293184,0.38381821687047707,0.4055543048431371,0.5955799423477541,0.5171640802170356,0.25944250739571884,0.6364206335703544,0.25928243438471227,0.5104910177897177,0.6868658882709935,0.7203612033102702,0.6299521705245981,0.7678075307791822,0.0,0.0,0.538838903347338,0.818693765394064,0.557929729263293,0.0,0.0,0.0,0.6799181118020087,0.5447464110545925,0.8939157190222655,0.0,0.830102776999661,0.0,0.750940272872324,0.5280805502283603,0.0,0.636928195959557,0.6276036888812737,0.7182491707403444,0.6676747214902462,0.0,0.5434874366336271,0.6942597583528001,0.5790899429491068,0.7945348310912472,0.5936331615851782,0.655502461680906,0.768645017575746,0.5233146128760593,0.6596098333698499,0.5633944925631243,0.0,0.7992739983464734
0.0,0.6013859711828491,0.28210495873793584,0.6965121517938668,0.29043544614403066,0.6981036897286661,0.6378924744997766,0.3629887252017087,0.404891277253142,0.6562614422082913,0.2886550317005966,0.5916566463771112,0.6270498264597559,0.5567169947116677,0.0,0.518438076361897,0.6622530897054064,0.5431965160647423,0.0,0.5253824913092551,0.4339380363546488,0.6325913868347474,0.37866494004083084,0.6179291232218875,0.5578877506079054,0.5467905207223667,0.5003572792031095,0.643282917724232,0.6342285871286399,0.6224049074215274,0.6264542079593016,0.6044921097460844,0.5611457575795622,0.6083080007003955,0.5948015005764066,0.6807016187375028,0.39965431926808426,0.5643461413000843,0.3583757062168775,0.4111082688365507,0.8256675757760858,0.23169673960872256,0.20529671760421914,0.34063771832032463,0.41391419848084754,0.0,0.0,0.7423590431745504,0.0,0.4520876085749458,0.6462574387282063,0.6784328715410627,0.5648135216672499,0.6791794300469853,0.9645584082223089,0.49428588930171913,0.5491894380450162,0.48533066671475494,0.19188459418776754,0.0,0.0,0.0,0.0,0.7340812070586754,0.481387881345355,0.0,0.44497837257308964,0.6054034129448103,0.0,0.0,0.0,0.6589554125209791,0.6589978285841114,0.5035528292733561,0.4647906959790453,0.3496955127582225
0.6002305970797357,0.8489413196017275,0.37917374078186433,0.6817058594590925,0.8441786561280313,0.8162695465876684,0.6909398464174702,0.5358097527968386,0.8176500492591963,0.4341117240937676,0.5136453906135313,0.3395477569311427,0.6592851690478643,0.3817939266439929,0.6413583038553488,0.6861197688063564,0.4894851576655006,0.6089451884460833,0.5253824913092551,0.0,0.5992561991699704,0.682955757384482,0.8746553803426165,0.029834014696219657,0.8160744376390598,0.5992669331708784,0.8409138686537301,0.4777874427559881,0.5253370556680759,0.36573070985266,0.4767995113245813,0.5971395449027921,0.4256289149831036,0.5798955817953034,0.6547076094095285,0.9124071414195625,0.5351648675310611,0.7791196046004374,0.6849873501714396,0.6954689660314686,0.7282460034509528,0.7375720459654603,0.7828039866811489,0.21808997433639604,0.21854725433495098,0.5111236639664956,0.6611261058702931,0.4810152541874168,0.0,0.0,0.6339211158111038,0.6099626185957348,0.6918802980415586,0.4616996067507666,0.9101567725016988,0.0,0.5799450173923768,0.6732481667849981,0.0,0.8431495141014956,0.4883884947886665,0.4687956233711471,0.8099197830960676,0.0,0.8132883322829247,0.6523187875241857,0.801876290809696,0.7546197493228222,0.0,0.6008687483343367,0.600743664746234,0.7363326020531222,0.5966388060210506,0.6937172205589505,0.5069745345385833,0.6903984403614529
0.31093778691286994,0.758969400376527,0.4219282069234682,0.3921715775556597,0.518832575356971,0.8910632998844651,0.4856915036808267,0.5300271510375636,0.42531820360312156,0.6979222049689058,0.6191813737093128,0.9059878464659041,0.7980530241722323,0.6029852790222565,0.579407077298469,0.8007834384322199,0.554304062835054,0.7611488551520066,0.4339380363546488,0.5992561991699704,0.0,0.6567631688993603,0.48674503062441044,0.2844829925884374,0.6956022271912833,0.6789621636989758,0.7272287420607213,0.6430505809655445,0.7730087591406951,0.5628266564959379,0.35068157271304856,0.42758248806109733,0.5362401493875856,0.3393787793273559,0.4537409582269867,0.5798715111234998,0.335347468859213,0.6021645985857214,0.6539286678689958,0.65039306844123,0.717849179158641,0.536299267753156,0.5529036140863665,0.0,0.0,0.6950817108593038,0.8705049221853358,0.6253370937943858,0.0,0.0,0.6721027777259252,0.36030857786315906,0.583401648860462,0.5291215099989803,0.6226363561378003,0.0,0.731990713723764,0.62242107232145,0.0,0.6858294950572374,0.6088528387040268,0.0,0.525817546375172,0.0,0.9143831044117902,0.7059878181384284,0.8994464450574178,0.7613997119144225,0.84410298150699,0.5675134529824835,0.8260330316822188,0.7604426465397613,0.6530862432179796,0.7652435024682513,0.4947317341025706,0.48205625143406383
0.8004150836793265,0.8131665607721588,0.5774930238766832,1.1725112536657547,0.8286656207633901,0.8342364697415905,0.7225959609145436,0.587149304457113,0.921275770434259,0.6258897325296316,0.38036164113047627,0.4273320152516469,0.6795521086464613,0.3149174518859177,0.5663035128724192,0.5836048166622672,0.6698623207773947,0.6169264139229074,0.6325913868347474,0.682955757384482,0.6567631688993603,0.0,0.9066244550310051,0.3096362558608623,0.848302338823021,0.6274051899775559,0.7791897476185184,0.5806936431049845,0.6706123144132017,0.48424020294622566,0.49268546682482006,0.5972104228366285,0.5245483003762432,0.616915525867455,0.6372726395888082,0.703409559133461,0.7129407985967515,0.5761515245344513,0.694893057127804,0.7368626695230687,0.610678496107509,0.6985074812763212,0.7061725299825478,0.35248786885830186,0.25771277691383426,0.7035685363178932,0.8974075288158259,0.4798617964378079,0.47671739131161756,0.25995687835468506,0.7609753748540802,0.7428407251397551,0.5687737896635272,0.7062720519548233,0.4187937284916746,0.0,0.5156043666571744,0.6254976554665346,0.0,0.8415988101002518,0.6532362867647123,0.4226726804939843,0.7018801548550022,0.0,0.7732431408964117,0.7093163478761377,0.8613364065471496,0.7514158402914723,0.718877855896626,0.6107523310326342,0.7440510382604353,0.7795538734583021,0.36810827955329517,0.6553388904555993,0.5586641320838844,0.6160392335937377
0.6521001318319256,0.9674489578373956,0.3291690645791223,0.641656361354447,0.5289330563081318,0.6260786451439084,0.5835051612361806,0.5839059748158762,0.5221972895475413,0.5056805006818328,0.6050065594759787,0.4230555194519875,0.6327709174057069,0.7274393827090395,0.8614258140694544,0.9060843380706061,0.34022751191586853,0.6925709154524575,0.37866494004083084,0.8746553803426165,0.48674503062441044,0.9066244550310051,0.0,0.4390572468578883,0.7428178585768096,0.6750397481467703,0.3287987342869521,0.6432487432763134,0.8553147598792917,0.6789747811580498,0.7047825896780174,0.6568144971650418,0.8168497078077087,0.6760528056857991,0.6452006654247846,0.813999283365981,0.624191971564958,0.2540918246953322,0.6054208696809416,0.7140986487517191,0.6561705048016337,0.6707914060394842,0.0949879224310477,0.6683972520383739,0.5534041162424469,0.5632355807521097,0.7863549573503283,0.8572015068234,0.45991238512898147,0.6272390090408964,0.6058843306032597,0.6347488341402088,0.6141240144885076,0.717933780912583,0.6031344865326005,0.7148906818323274,0.4608830409597172,0.5420154676574946,0.3437517746804748,0.7937405242685922,0.6395949330011114,0.48686016841271984,0.6062450693589961,0.8091525346211018,0.8204626714003105,0.6494440415262477,0.8545556471585979,0.6950640546846336,0.2343742869081995,0.6440310118595491,0.7608480902678794,0.547305121403823,0.5296846340234588,0.7165318213583132,0.5605208234325394,0.6394031249811034
0.4765872760376261,0.6725174644037466,0.41497000362262837,0.2174902154927875,0.747105038430893,0.41053352004019206,0.5773089152367284,0.35757918989000775,0.5846249070571963,0.5799967513776808,0.6282697920633619,0.7168180420604016,0.5975592610146392,0.4450742834654977,0.47474701366387856,0.7334705322440873,0.6544403660263364,0.5442018409091878,0.6179291232218875,0.029834014696219657,0.2844829925884374,0.3096362558608623,0.4390572468578883,0.0,0.5691789469443498,0.6073792229367004,0.534675676000937,0.6995149188290022,0.32866893021421506,0.7983947354278167,0.6816908737933601,0.7605602157361522,0.6650533537447278,0.5729079110131821,0.4836841747506022,0.4380636957958963,0.30704645426529154,0.5083345817956961,0.8465552932732694,0.8880227801929212,0.8614077617011926,0.9061583227288093,0.5797700757661743,0.35244865284323623,0.835272996680589,0.6012356136548391,0.46490010027537093,0.0,0.0,0.4740490464108016,0.5853708569061625,0.3056248757483322,0.0,0.022097856016210005,0.8446339357550784,0.5298832374678916,0.7995023147448757,0.4769606286409485,0.0,0.2553103716520617,0.5626145070293482,0.6195989184199989,0.6601541961214101,0.4629603794531481,0.3361244156987432,0.465524760892426,0.08559306262705185,0.8173081880772353,0.37460302605901136,0.64731888030578,0.7104171379204309,0.515275390287004,0.6991875728604846,1.008862892428127,0.0,0.6436742493343179
0.7455645159740203,0.7568709543633951,0.5160941082471306,0.8529665798315408,0.8169872267214148,0.9264541432179404,0.7787014485422246,0.6622128254918566,0.8082499150340688,0.6116229838843902,0.5184637370826107,0.7297648436971198,0.7602507483644084,0.5108776047446484,0.5664109103805982,0.6495634643015481,0.5999780983906466,0.6680468424696495,0.5578877506079054,0.8160744376390598,0.6956022271912833,0.848302338823021,0.7428178585768096,0.5691789469443498,0.0,0.49930903526984305,0.889378487099368,0.5878170131062652,0.8605301756701287,0.4469306753548719,0.5376749317203688,0.3983322947678912,0.5885551209937225,0.585314564924687,0.4101609993184252,0.4354518046189153,0.5560380115055061,0.4761765818448269,0.6713082091775582,0.7332109941761723,0.6168532935359938,0.689453072431154,0.14603907876460914,0.0,0.9676863417027186,0.8379037545180891,0.7009792293688877,0.0,0.0,0.0,0.6395542381720225,0.5552898721955493,0.726780234330167,0.38124796220281587,0.6967558669460785,0.49868813873331724,0.7044505284793932,0.4607189043647071,0.0,0.6039147080257345,0.6472954173686774,0.5811425239793372,0.6845660957401818,0.0,0.7186927875313547,0.433597022788378,0.6401987999770835,0.620765872812026,0.5861895343873227,0.6872071883485757,0.7599522627459586,0.4816520298867767,0.6667362881203138,0.5759115468668017,0.0,0.7041787251512677
0.8675203905038309,0.6780060753100282,0.8763584448926723,0.595401198259129,0.8698195091291774,1.0604068030700735,0.7895780093586975,0.606888243482639,0.8313209317659953,0.630122133854423,0.4940325026978375,0.6180503219737487,0.7319446260217208,0.5068827427774517,0.4349047131663419,0.7256733905480067,0.6103554337373037,0.6291151190769214,0.5467905207223667,0.5992669331708784,0.6789621636989758,0.6274051899775559,0.6750397481467703,0.6073792229367004,0.49930903526984305,0.0,0.9068641060468114,0.7091132126284792,0.859572076463192,0.39657148305454015,0.45582722485519245,0.5755582124385652,0.576590722751352,0.5008799953204035,0.4709197221589565,0.47265053547253116,0.3381373679197671,0.5167830931473817,0.5790411228067823,0.7314006269282032,0.6630110852670891,0.5338962999650604,0.23137283015637727,0.5477058645026441,0.8651659097830063,0.6979683698848032,0.8215108730783374,0.6354292077354398,0.0,0.008210163140522052,0.6995648049233005,0.5763035605640904,0.56472350481752,0.4237503122658739,0.7100974262277496,0.0,0.7517606475484742,0.7031723259311599,0.0,0.6423235562703218,0.6737371703120818,0.6058143863571949,0.6940314819934637,0.0,0.7265496599282577,0.7379131471327922,0.8794326476792995,0.5257062503445916,0.5021364299868898,0.7032243880036682,0.6841465026478296,0.5824245199219522,0.5869060358790902,0.7235065691953791,0.5177258537254887,0.6714547982089675
0.7983292309613818,0.9499740801084996,0.38916245691643236,0.6433671277983852,0.558385980945934,0.7023651027436248,0.6619402384804319,0.6459282471934247,0.48812472276745,0.5964917266483514,0.627080716760874,0.5698181099709401,0.7126319160377652,0.7075744207959506,0.7788845216415357,0.8536460756470359,0.607289168929013,0.788424239941768,0.5003572792031095,0.8409138686537301,0.7272287420607213,0.7791897476185184,0.3287987342869521,0.534675676000937,0.889378487099368,0.9068641060468114,0.0,0.733282177011839,0.7856532724991343,0.7415438980798255,0.8271455147124219,0.7589604727801571,0.942823797757457,0.8092858384688164,0.7860925976064379,0.8658789770441371,0.6576086638039393,0.40724810420746105,0.7123947625227013,0.6598933011009264,0.6849927506697948,0.7123470211744787,0.7647109855615865,0.5683638543761851,0.3936881999603057,0.8375849122069684,0.6743375734844592,0.687692164174641,0.5156105263681942,0.7142304394095238,0.6671098192801468,0.6687002237743469,0.6462484591527682,0.7166831815147823,0.6652344156473452,0.6491914280634015,0.36979381719553905,0.6202608547975687,0.5542028858371373,0.7787545899631156,0.532877113355847,0.0,0.4996464645363744,0.7448844676964567,0.8111299058304241,0.7074513942565638,0.7949460861643793,0.5691372870896869,0.0,0.4900631271550111,0.6325580336359788,0.6688779104825106,0.6337279975720522,0.7573751741134198,0.5851902348507763,0.6738294084341712
0.5704559780670305,0.7627896469094666,0.6340364471523403,0.3748958726324681,0.41281988485602267,0.8525811158206754,0.6215226730604577,0.6017906310202081,0.6690634085389865,0.9298953018385572,0.6613665566631931,0.8465112208294251,0.5309077458749896,0.31556167587406786,0.514233298022204,0.6663303577326829,0.8425867576035748,0.5463405832554864,0.643282917724232,0.4777874427559881,0.6430505809655445,0.5806936431049845,0.6432487432763134,0.6995149188290022,0.5878170131062652,0.7091132126284792,0.733282177011839,0.0,0.6125593142389565,0.49711769060264777,0.6154192867458499,0.6468322209609485,0.9699469683144235,0.6119728243815554,0.5455777854707202,0.4276075801705155,0.30491431207609065,0.6394049788281422,0.6400001572409549,0.33640907667989156,0.8046044620094519,0.6996273390712501,0.6034772922347718,0.3174807758869696,0.6519054893076139,0.6111281777835023,0.606909208937092,0.5218596670129425,0.0,0.6789106987686051,0.6016361851075429,0.49701184697055334,0.5823140266667113,0.48436709646440457,0.9781584166594315,0.03620259668033221,0.5048062181106042,0.509149657011778,0.36504347447938723,0.5599673839868626,0.42368026756088184,0.21459030939768592,0.5522084302021146,0.36979191945947953,0.7348018064669337,0.6964559425846928,0.5258188295124813,0.5610877232935986,0.5544309389796094,0.5425122560728615,0.44067610543901253,0.6544059995231086,0.5857178185891114,0.6084914195756366,0.6891567665431892,0.5848797767031708
0.550622405154569,0.889263582012225,0.6886955696232206,0.5014466531780729,0.8724634431664945,0.7549140302727748,0.6986562488519855,0.7198539830329524,0.6908557767873444,0.7401855851346861,0.43300852054380556,0.7598475207476015,0.6979111064936241,0.3878529373430184,0.6841301458570899,0.7354470528333039,0.4894781069910257,0.6730819071872249,0.6342285871286399,0.5253370556680759,0.7730087591406951,0.6706123144132017,0.8553147598792917,0.32866893021421506,0.8605301756701287,0.859572076463192,0.7856532724991343,0.6125593142389565,0.0,0.5164867587141916,0.6821674023962503,0.6210329858024568,0.703978619331951,0.7293135679961129,0.5989160104378499,0.7329126780459297,0.5343555703462227,0.5941200379223215,0.6250185271913404,0.5927969684058798,0.6118826339874315,0.658420651348125,0.42155147977976487,0.539270395240693,0.6273400913133755,0.5433573009496067,0.6414488787914265,0.6134096711177373,0.43108880842896724,0.4440172133211885,0.6312499735563007,0.6037729502848691,0.8373780896094734,0.5574375884796579,0.6629365942241101,0.43654257407701336,0.5669354022091606,0.5739639590434452,0.7594224338344298,0.7300835154506845,0.534543539592356,0.4813216617250283,0.5825330323439231,0.5315377470662369,0.774677140591548,0.577807464155779,0.746404871089124,0.7252097876735444,0.4593130268132317,0.6388283962726521,0.7092466905583183,0.7598770845992527,0.5887154100876875,0.626788713961697,0.6162288602142898,0.6749816557048267
0.6421074124461943,0.4596682496083139,0.6617473036283787,0.4452513876906929,0.48334752463333003,0.8493177884231811,0.5674186233769192,0.6090883346054079,0.5726288580965863,0.4012587461854995,0.5284758709106355,0.29342789320888457,0.49802085580563904,0.850579778958116,0.518786593888787,0.444073742082687,0.551305082527422,0.6432747611293184,0.6224049074215274,0.36573070985266,0.5628266564959379,0.48424020294622566,0.6789747811580498,0.7983947354278167,0.4469306753548719,0.39657148305454015,0.7415438980798255,0.49711769060264777,0.5164867587141916,0.0,0.553426680327248,0.6619663707522463,0.7285230262253621,0.7299354400723668,0.5905528970188617,0.506078523623105,0.29475830420719973,0.5760940940743128,0.7178653592865181,0.5026218627498316,0.5660907385828353,0.7592227943408153,0.6082824814404908,0.08553614331178955,0.0,0.0,0.0,0.22756675374613888,0.0,0.0,0.503407471340144,0.5523066898057957,0.4810736386007839,0.6296582933276571,0.5570966320035049,0.0,0.018635890083439393,0.48700741164038297,0.0,0.4756709914593171,0.0,0.0,0.9522414833786741,0.9025857651356343,0.6486196901854886,0.5528622303098596,0.4947329785994595,0.5920736872198831,0.0,0.3696903501427885,0.4757115834906688,0.650045417899078,0.6684480596227911,0.6334099547156415,0.4421904716796512,0.4148056996453755
