0.0,0.027135619656089127,0.0019699556399896956,0.0,-0.002815243622011354,0.03087407661609959,-0.0009218365779399273,-0.014643394271362076,-0.003867470107426718,-0.007312383830877123,-0.002563600306291103,-0.03397058074085019,0.007502180437957029,-0.007434528939557872,0.010739204893624898,0.010475165785071794,0.00920371685121768,0.024153568880778242,0.0,-0.004679381235084101,-0.023886379687455328,0.024729488083733653,0.002490811871620535,-0.026368523510691078,0.031883210487122726,0.01767894028327016,0.016150732537541068,0.00038806834663557277,-0.004667759681791728,-0.0006758323294472346,-0.028505254176866,-0.01096205748614526,-0.010391341466185589,-0.0067214800833997335,-0.018019240361229205,0.0006434402754196822,-0.0009140211312609892,-0.011650467839607437,-0.00034297014430673123,0.016097976274672576,-0.009768903468843237,-0.004055608113372633,2.7452208073153184e-05,0.0,0.0014715850130718744,-0.001086356652918563,0.0013635531633528486,0.0,0.0,0.0,-0.003549546139181292,1.1102230246251565e-16,0.004633614052217405,0.0,0.03384061628845969,0.0,0.007859084189133558,-0.011451647093479955,0.0,0.00011660591440582069,0.0028762854827551476,-5.41565930330945e-05,0.019466734244866224,0.0,0.0020439844676956587,-0.0686235851843146,-0.00988172360174272,0.006797893554487122,0.00790491878075239,0.017624933178348512,0.019152498340690383,-0.020056511926416998,0.0004105961542671399,-0.016326829515094787,0.0,0.0057799318600971206
0.027135619656089127,0.0,-0.000229730077915824,-3.946093784967797e-05,0.03941341709148838,0.04824728433356301,0.0305243750797467,0.03816199290592609,0.04325534181331747,0.024643747405565186,-0.00046699178569165056,0.0010113339566287238,0.031684437166134505,0.0004544378995360865,0.001432657717568564,0.009065283677605562,0.0018868695545153913,0.0016589902516537802,-0.001922183408941569,0.021645445231555316,0.019229195449094794,0.016177469687999324,0.04036111631262801,0.028370726648105027,0.029367471688190816,0.021604870815366883,0.03593243504129978,0.029329400683481666,0.047300758548075306,0.002276453815133417,-0.017834396419706244,-0.0051079459202524324,0.0008649755569406503,-0.011734968654765365,-0.01017625804456529,0.005391168741398,-0.0009860636409070311,0.0,0.0018161052199883176,-0.0044199792619998846,-0.00928880612312949,0.0035490133630559084,-0.0005679719245832993,0.0,2.220446049250313e-16,0.0030194734263989664,0.008096283723573627,-0.0005666895277554596,0.0,0.0,0.003230271281608965,0.004305520839140542,0.0024004019683143696,0.013882264016101209,0.0015433270764024232,0.0,0.0006504002132038944,-0.00338527722289661,0.0,-0.0007119325098642881,-0.0032793938453735683,0.0031984253944701835,0.013072163236508061,0.0,0.0066542890917579145,0.009969615133950005,0.013184435738014255,-0.016551988689153196,0.0010601883896085296,0.012046665494318654,0.005752190736692697,-0.011836321617750944,-0.015000838364765123,-0.004295809090349045,-1.1102230246251565e-16,-0.0048839892367528726
0.0019699556399896956,-0.000229730077915824,0.0,-0.020704593143453798,-0.016577040176108393,-0.01598944980786271,0.009787193992898291,-0.026792535504183757,-0.002819757759878694,-0.005744560985745328,-0.01620080901776577,0.007182281282167635,-0.007680337166907858,0.002037380659723198,0.0024184527934693056,-0.0038738320697588313,0.000987075805403248,0.002522069861744358,-0.03827302849409925,-0.000986490739794288,0.0014459486646767883,0.0014921135012530562,-0.03599330424445052,0.0005656383336352655,-0.0010085749340968952,0.054364106559899206,-0.01749361647305442,-0.005954128404199066,0.012594810250121047,0.007542684974163993,-0.011490839100641803,-0.007365705494784769,0.002375852324712102,-0.00935817879142703,0.0020972249900890194,-0.0047653147280091734,0.012361134511787109,0.006175683125664688,0.002671532309710123,-5.62233191947481e-07,0.014811329227553016,-0.0022042373162287077,-0.06927100900004474,0.0040149063527616935,0.0,0.0,-0.0009625870419954774,-0.005086381094230652,6.165839311678134e-06,0.020512482282252775,0.023127394793601264,0.019148348229748313,0.0022024754418110692,0.030187168523145402,-0.0022239052866196984,-0.012497857092852949,-2.0630306621804984e-05,0.006442525164109036,-0.06674352936566824,0.00011830754705566271,0.0,0.0,0.0,-0.033850964947044815,0.0014498815001252607,-0.0006738087867754206,0.00016885685453854604,-0.002459213562631901,0.0,-0.00012869139770776972,0.001936721468935032,0.01993506936903533,0.01226751713170493,0.006744147427938552,-0.0005877098779493162,0.0006751591226658027
0.0,-3.946093784967797e-05,-0.020704593143453798,0.0,-0.0013877455403828731,0.0049312994673715305,-0.01951331057068245,-0.04291997174067441,0.0029097192077680023,-0.039233778779465434,0.008964485043601256,-0.014750998012847183,0.05598987297412361,-0.009076714926989804,0.0026241972883492837,-0.00107563445931802,0.00025063816537473915,2.807731477627584e-05,0.017703359591433265,0.011656176918895755,-0.0005693197124013172,0.0676432471685916,-0.0021776709464472743,-0.004276495910308986,-9.838064441153316e-05,-0.0001553536152076873,0.0011126429371699498,-0.005268251213733283,0.002601090151561569,-0.004187502920471042,-0.01108606510032828,-0.011796919195024846,-0.002332104622196074,-0.031381933433840686,0.0021797968670863588,0.009085326528837506,0.006084442129273254,-0.032335750201450186,-0.024016470859389877,-0.0010506272889494461,-0.000613831147110333,-0.0004606959069931027,-0.0015319780673809236,-0.0014315896269897488,0.0,0.0,0.0,0.0012442703817435175,0.0,0.0,-4.2589397984349464e-05,2.220446049250313e-16,-6.425867363207827e-05,0.00030082776548917556,5.551115123125783e-17,-4.220327319892636e-05,0.0007383966491482097,0.0007190111269665955,0.0,0.0,0.0,0.0,0.0,0.0,0.0,0.0,-5.665682327360422e-05,0.0028276106798046374,0.0,0.0,0.0,0.0007470660662312056,-0.003455012017486714,0.0012172300831831961,0.0,0.0
-0.002815243622011354,0.03941341709148838,-0.016577040176108393,-0.0013877455403828731,0.0,0.0010480693089744975,-0.009391470285990966,-0.003966590390924174,0.0018507110098597845,0.02303149608261157,-0.005125043524795203,0.011598163030326736,0.025262208883143844,0.010748072948233212,0.0010633763720352407,0.007514721286963955,0.006285208389832264,0.02290516645017937,-0.039186340226160354,0.03120000445785731,9.741867383383784e-05,0.036662841377014976,-0.002964323718015971,0.024100930490754846,0.04052547267897999,0.04375870227181056,-0.0026335143300274533,-0.0179516013500835,0.03750029712033376,-0.0005343282196629828,0.022147728311019133,0.0011811447840409661,-0.0011375242033420108,0.013608134343507883,0.005412330156476353,-0.004438483455224518,-0.04233065545455855,-0.022034074899265732,0.00036766264532234194,-0.0007384256996852967,0.018964829691709928,-0.0018145089703198725,-0.08331732006332071,-0.002924954104896349,-0.00024766988635460674,1.1102230246251565e-16,0.00010947887651652222,-0.035726155023101336,0.0,-0.04627787541613415,-0.01846813956645388,-0.02260825893225138,-0.04716695294433643,-0.014509972858108122,5.551115123125783e-17,-0.058549113192883195,-0.0009284669970047732,-0.01726951531124049,-0.06279694557983956,-0.0007298200652848807,6.147733963779434e-05,0.0,-5.551115123125783e-17,-0.042925720935653056,0.06721114708723924,-0.00039738690948981636,-0.0003182631015423709,-0.03321954414836903,0.0,-1.802587496313457e-05,-0.0017257562393451775,-0.024444421274070482,-0.015240161184585765,0.0037131778689673545,1.1102230246251565e-16,-0.0012407794164676078
0.03087407661609959,0.04824728433356301,-0.01598944980786271,0.0049312994673715305,0.0010480693089744975,0.0,0.011900813587543135,0.026427166990808437,-0.007623780393642865,0.026541298251309575,0.008513463835813528,0.01931152018883403,0.01823025845797238,0.009283979977004364,0.03878028308504827,0.04471545674508376,0.013921287452577535,0.030173840220926507,0.013329334767983647,0.02810351468356248,0.03979848585131801,0.04156673769408015,0.0030898270438538544,0.000581889501067967,0.04745491810056901,0.05673858048685887,0.009274729042451635,0.031043299364552635,0.042395189084195595,0.022508740962773,0.01269609190831128,0.021817649052289556,0.04643251542206922,0.01891516505458163,0.024127267483030013,0.033078304313220674,0.009807369182271541,-0.0041045561776238415,0.010597865030863685,0.0020081568947623585,0.014548487484827899,0.024646182717612986,0.009057564020160502,0.01536703093763836,0.0003691704594177003,0.03243404044318554,0.019289593831039453,0.007277861013337161,0.001115911417271409,0.003172503171389951,0.008283024060412925,0.00814355176523096,0.005731939501151639,0.017216728121871583,0.0008432860187918001,-0.007462906046683648,0.001854057519708463,-0.0019029074286825987,0.006419778505341922,0.020960667715459513,0.016525666289177343,0.0,0.00024323682653970558,0.0035375118155377416,0.03498790830822923,0.0208825835938401,0.02793139265129474,-0.009147068343009157,-5.95789344607911e-05,0.021248951744906153,0.014148361956350997,-0.00026660520026372536,0.0011990712707342088,0.01884246633482395,-0.00652235034528198,0.012811209084058639
-0.0009218365779399273,0.0305243750797467,0.009787193992898291,-0.01951331057068245,-0.009391470285990966,0.011900813587543135,0.0,-0.012942855209072235,-0.0007190981887575387,0.007949296190306765,0.024566548526778587,0.021974935386053995,-0.0011343890316762861,-0.025178745828958904,0.0028934194085321607,0.018886275806622888,0.012595486159970748,0.015468030947407396,0.012569838525277377,0.013994405197406967,0.002328197638601315,0.021966350509867172,-0.0025287572429787963,0.004447084647257127,0.02764160978542407,0.017217509603162484,0.013611664314866767,0.008263259413301582,0.011725343362376184,0.005914017565546326,0.006851387664276676,0.013399447061241465,0.03415080096288309,-0.002298007024500448,0.008533648986121634,-0.01656816961747104,-0.008316085700531162,-0.03436087585839637,0.0030682384167126098,0.001056517153903036,0.010026040735032937,-0.0033154065940422806,-0.09512717555538519,0.0028711818638356146,0.00016334200539558363,0.0,0.0013108001143298242,-0.03483793697434212,0.0,-0.06003747970076834,-0.022371194220314528,-0.028192282009415592,-0.025272131071911008,-0.028005583041201487,8.107741045898509e-05,-0.04966591590349434,-0.0004586117055169203,-0.02857135908266606,-0.0037663639304385543,0.0011433461418842716,0.000996451304474899,0.0,-4.06924833579736e-05,-0.07691465627615979,0.008022906218516757,0.00019813079007430234,-0.0006715933376165717,-0.030308478635114766,-8.661786302199825e-05,-0.0007790037660320714,-0.0014144475710858306,-0.015564276153362755,-0.023974455868019662,0.0016679997367955446,-0.00019643988683604174,-0.025457579451782286
-0.014643394271362076,0.03816199290592609,-0.026792535504183757,-0.04291997174067441,-0.003966590390924174,0.026427166990808437,-0.012942855209072235,0.0,-0.02805221036678196,-0.06779322378752634,0.019594278064262227,-0.018908408119767184,-0.02018409171208585,-0.03932945162222129,0.007098752965277344,0.02711092225330386,0.0005458340325215638,0.009280354598406038,-0.052419522361253634,0.0045896995937612095,-0.005541856449542248,0.006317370167453207,-0.0037253335729506287,-0.017664245270175183,0.006667836544661965,-0.0021160593481294176,0.0018709592883444093,-0.00036244349459535474,0.0301385072418921,0.004891311779069707,0.0009498272041359446,-0.04233435913957839,0.009529817253230655,-0.005336406719606779,-0.005419990354143256,-0.060558529584452514,-0.12174199223755741,-0.13299916139306212,-0.021905845324824647,0.002126541448312036,0.0018469073936122071,0.01142066620223614,-0.1331995286470447,0.0016962821370161696,0.0,0.0037816692117633166,0.0031424539565519383,-0.022766440907457275,0.0,-0.034358122179068695,0.017374330971702212,-0.005849594136170144,0.0026998949703908037,-0.0006111168314404392,-4.359314288943095e-05,-0.04457541928119574,7.093848048034257e-05,0.001973157121343716,-0.08723027873155464,0.017862248006150827,0.0006681017395240296,0.0,0.0008832794064324578,-0.025690123774804174,0.0220636578861243,0.057407337759385835,0.004012394873882608,-0.01629042668679065,-5.551115123125783e-17,0.0017303229259584274,0.006029060597251001,-0.012760908150961925,-0.0006963726518656177,0.014614683845290244,0.0008659443831203206,0.01141589426913342
-0.003867470107426718,0.04325534181331747,-0.002819757759878694,0.0029097192077680023,0.0018507110098597845,-0.007623780393642865,-0.0007190981887575387,-0.02805221036678196,0.0,0.009456085014370064,0.00787162524503926,0.005495992411553241,0.003616517453526702,-0.01557734305593983,0.0015464973811099014,0.03475854163653619,-0.005228579053140614,0.004262392387533787,0.0014730026769564364,0.030194452615019962,0.00011611414463835734,0.0439574263385068,-0.012756108179466541,-0.0005358266409516421,0.04349370128909774,0.031607311703149066,-0.004155576355776458,0.003177682012940386,0.029244296917897927,-0.006111345530869894,0.0033762485642117035,-0.007544479659866654,0.018853570408101428,0.0015999407125944498,0.0050388200105018766,-0.0030437809162058294,-0.0034307360731823944,-0.006359431367502888,0.0016774787080299225,0.0024315873841068147,0.025531151389038442,0.05092357579631329,-0.0764983349376892,-0.0030981914703974156,-0.00012189578673693635,-5.551115123125783e-17,-0.0003666651432888135,0.006176745441627829,-2.9620981162326032e-06,0.00506194197739529,0.019330433082677678,0.0038778374486133638,0.0101533373217092,0.0004645612998891435,-0.0003885850227108856,-0.008571684377851219,0.001568349963117277,-0.00929879912467757,-0.11035040252291639,-0.00018275436164333358,-7.45060151067789e-05,0.0,0.0,2.757512399298445e-05,0.0010993006558348561,0.039049415948441246,0.0005381688227986126,-0.006368120010581513,-1.0410202378852151e-05,9.860649322773751e-05,-0.0010171364036190567,0.0003309650419236476,-0.005534983726396048,-0.0028628886547308885,-0.001005901478872695,0.001654789636061138
-0.007312383830877123,0.024643747405565186,-0.005744560985745328,-0.039233778779465434,0.02303149608261157,0.026541298251309575,0.007949296190306765,-0.06779322378752634,0.009456085014370064,0.0,0.01349421870846429,0.01590886342891007,0.021811200801163944,-0.11378981169328756,0.0034349158342540376,0.008273894205100718,0.004742842535763403,-0.004419422021444297,0.0014220928455792592,-0.0026657995821228186,0.005551444598780486,0.017636242421113224,-0.0061499249492961705,0.005400001779235497,-0.016635156678271146,-0.005632908794480973,0.009330227912355438,0.029125031874436824,0.034154589698485394,-0.0014761128609226959,0.011413034593368843,0.02308400308153713,-0.00026560947809167734,-0.0001852374205485452,-0.008299024507869568,-0.05010655635339639,-0.039385242016849314,-0.011686787949259148,-0.00045227532513386626,0.05148287479994268,0.07360068488007909,-0.006546718751530511,-0.004857363597849829,-0.0006872661672015501,0.06692421573205926,0.01027804319654102,-0.0004129003624323002,-0.0003069397774467797,-1.6819203447204778e-05,-0.0010995102434008253,0.0010182535549824179,0.0051247263339442295,9.590216429877785e-07,0.0006302549110138167,0.04340238177373967,-0.0012434148543812307,0.04031479069166255,0.03402777396014678,0.0,-0.00026371132429836575,0.002307193586198464,0.021841680929649776,0.01456145653877966,5.528560310552599e-06,-8.982513476191167e-05,-0.00012520198494936352,0.0013564281907313958,-0.03633961588541956,-0.007157114176253532,0.009783460677690536,0.013504394551776489,-0.002366705482386877,0.029928620146184248,0.0018941604187625583,-5.551115123125783e-17,0.05000561072548776
-0.002563600306291103,-0.00046699178569165056,-0.01620080901776577,0.008964485043601256,-0.005125043524795203,0.008513463835813528,0.024566548526778587,0.019594278064262227,0.00787162524503926,0.01349421870846429,0.0,0.012971108676328613,0.018036734033228696,0.012756272161162208,0.0,-0.00024539063993644916,-0.008887292547851477,-0.010225938608561469,-0.03159917900801784,0.00013341468446942395,0.00582942469885267,-0.0005012426101544398,0.012822463244416271,0.008635097291101845,-0.009330912656375756,-0.012503458910334553,0.0007818243708053729,0.015147972480928473,0.0033285045759417486,-0.0008908851681552199,0.012959023888699517,0.011704242930397513,-0.005673143751597276,0.00836720467520441,0.03484444320686264,0.028211476429340576,0.020724505061467446,-0.023253645779244325,-0.004342561005011791,-0.0017918673405162844,-0.040761303160131324,-0.0007819499374822625,-0.06349411574175351,0.0012109930447433137,5.128633917328429e-05,0.0,1.1102230246251565e-16,-0.08208645972163753,-5.735741654411264e-07,-0.005774799705665246,0.0360757540840444,0.012615149871960496,0.021462068404863255,0.011312021421163443,0.0014569334097148112,-0.0006305392694596068,0.0001752229433239494,-0.022489960230073158,-0.05373657124367115,5.551115123125783e-17,0.0,0.0,0.0,-0.02122770463203616,0.0008180217391787203,0.0,0.00043750889877020027,0.01036754951662655,5.551115123125783e-17,0.0,0.0005042044903365572,0.006259012997957503,0.008336260495209191,0.00038384601661134443,0.0,0.024738505988952164
-0.03397058074085019,0.0010113339566287238,0.007182281282167635,-0.014750998012847183,0.011598163030326736,0.01931152018883403,0.021974935386053995,-0.018908408119767184,0.005495992411553241,0.01590886342891007,0.012971108676328613,0.0,0.027533963144823315,0.02042174925661777,-0.0040523301693083935,0.022317569177517926,0.02921332839989399,0.011441089994720988,-0.0007752155723283471,-0.02053241024325514,0.04236218270542508,-0.003432084171169192,-0.009449628798001652,0.023752041904731458,0.006838853545917789,0.01585494843577495,0.0021484355136529576,0.02998960876500706,0.020300487653002575,-0.002481645262601917,0.028577835364792137,0.002941855974303298,0.05540554094712863,-0.006877686104486969,0.00635992415951564,-0.005143813979158363,0.004817737361210828,0.00987393533564393,-0.058582747741227986,0.07191419277779193,0.07795612499730598,-0.00025155820827155173,-0.012439287494026396,-0.010672682737175254,0.08639041774829642,0.007070530874265957,-0.000664203750077863,-0.00027832980884928693,-0.0008542570590821807,-0.002874126518029374,0.0004959697394750218,-0.001053071167413544,0.00029628786003038643,-0.00023434490339285796,0.04265819858581871,0.00010701818090080861,0.04748240818506139,0.0404467992745316,9.982820878190468e-05,1.7578671110907163e-05,0.0020972863593777813,0.01803989911320031,0.00933616629510875,0.0005805524469997825,6.506518632587444e-05,-0.0013198013453846191,0.000400652073237584,-0.004026235003321166,0.0010650466677332715,0.01423299798882871,0.01227511799909925,-0.002768147240512886,0.04209486535211171,-6.332609041981296e-06,0.0,0.038292129711524736
0.007502180437957029,0.031684437166134505,-0.007680337166907858,0.05598987297412361,0.025262208883143844,0.01823025845797238,-0.0011343890316762861,-0.02018409171208585,0.003616517453526702,0.021811200801163944,0.018036734033228696,0.027533963144823315,0.0,0.014536950151346706,0.009001445575372358,0.010168288800129488,0.002080315932232124,-0.0014102624568949618,0.005925463058993774,0.0006255262660488925,0.03202657331792391,0.014134368340441128,-0.003388581516812428,0.014434770138696928,0.008733679134106831,0.004836617736039273,0.011593510239869542,-0.012009970490092559,0.005837768483107408,-0.010427430846861319,-0.0003700857731213092,0.027556999195778642,0.03289268521065558,0.008958296553124745,0.049522063299888675,0.013865222744116779,0.04866909714462436,0.014154397700606836,0.01711218853586688,-0.0021639820816081734,0.038039495772951626,0.07059213982770884,0.02980350414383126,-0.004810099843149895,0.0007023067160069618,0.0008671398125694174,0.0022884748001379407,-0.028316877874417168,0.0,-0.0012771452536487482,-0.016683641416353756,-0.01777937119021733,-0.02103768461196487,-0.017901930201858318,0.00033550745613170063,-0.041926382853048894,0.0012718641206393433,-0.021212211546541626,-0.0013322979357618392,0.0034598736549142917,-0.011634718186555426,-6.785799054642716e-05,0.0008623454178542933,-0.046600223805422725,0.019127188478060053,0.0025391468506619774,0.004644484987974151,-0.014851066804742907,0.0012504125490759854,-0.001081433069269111,-0.0022774806798984137,-0.002256265754588316,-0.008209063550237095,-0.0010671772456686268,-0.027658277047331037,-0.009197682406342389
-0.007434528939557872,0.0004544378995360865,0.002037380659723198,-0.009076714926989804,0.010748072948233212,0.009283979977004364,-0.025178745828958904,-0.03932945162222129,-0.01557734305593983,-0.11378981169328756,0.012756272161162208,0.02042174925661777,0.014536950151346706,0.0,0.001462713214344935,0.001500538180506994,7.70717147776101e-05,-0.0002626210650596428,-0.011411719449685498,-0.0009568699123929658,0.006963357999878961,0.001227436765532386,0.012447037498429903,-0.02227575800907977,0.0010850374347500247,-0.001386089296524562,0.007826570837661528,-0.03136067774543,0.0005252782603696327,0.0013584331510685388,-0.01513555309307929,-0.04002023073356939,-0.006896462082342625,-0.0166203202084223,0.004913169183687727,-0.020860341298537338,-0.001500369420218195,-0.0006112664412661339,0.010430611373458187,0.0,0.00010566661539318511,-0.00043575648967830727,-0.12299311160852738,1.651032521865492e-06,0.0,0.0,0.0,-0.025057121142046113,0.0,-0.07343277540289772,0.0024156773410107246,0.0049568028191476765,-0.02499891660851644,-0.03852002218440109,0.0,-0.059615027467407655,-0.0003206594872285917,-0.10104651977202767,-0.09729711686850973,1.1102230246251565e-16,0.0,0.0,0.0,-0.051582677852467174,0.0,-1.1102230246251565e-16,0.0,-0.04276492174879565,0.0,0.0,5.551115123125783e-17,-0.01151320750392043,0.0015547289800525999,1.1102230246251565e-16,0.0,5.551115123125783e-17
0.010739204893624898,0.001432657717568564,0.0024184527934693056,0.0026241972883492837,0.0010633763720352407,0.03878028308504827,0.0028934194085321607,0.007098752965277344,0.0015464973811099014,0.0034349158342540376,0.0,-0.0040523301693083935,0.009001445575372358,0.001462713214344935,0.0,0.0049215611433763296,0.006058358531360497,-3.599038783463904e-05,-1.1102230246251565e-16,-0.0022176873064817526,0.00146655929754691,-0.008804151954156958,0.027786127675675065,-0.00552327768021682,0.00141443385758927,-0.023384440673470952,0.02113486011426513,-0.00101810226838428,0.011348501049298187,0.006228669978085188,-0.02195954397215144,-0.006448725982017178,-0.001102686662755814,-0.012237723660098843,-0.005174859808668719,0.006081955681464191,-0.0018977227015165576,-0.00031327749784804126,0.010906007737021661,0.006738975175067163,0.006612971868555972,0.008934894892079548,0.04650641507790404,0.0008072555250926983,0.0,-0.0052491161866731195,0.02392392937512866,-0.0012046511955602357,0.0,0.0,0.03690232334114252,-0.0010590635406702575,0.017767990922456567,-0.0008891627309486339,-5.551115123125783e-17,0.0,-0.0004243175732285831,0.008568102936334698,9.402347485365503e-06,0.03346908301989887,0.007852873844532149,-0.00026271438934111213,0.0024072890325321783,0.0,0.028164775584588075,0.00618302997005965,0.03006409354424,0.03359842514556738,6.962085048567435e-05,0.009320118929678989,0.014608455902569206,0.028133449473127625,0.0014022910141047173,0.010709070673523557,0.006765008079304635,0.010642986520531028
0.010475165785071794,0.009065283677605562,-0.0038738320697588313,-0.00107563445931802,0.007514721286963955,0.04471545674508376,0.018886275806622888,0.02711092225330386,0.03475854163653619,0.008273894205100718,-0.00024539063993644916,0.022317569177517926,0.010168288800129488,0.001500538180506994,0.0049215611433763296,0.0,0.00902869807702067,0.019724648859198335,0.00038428452988159556,0.006674430314782487,0.014661501375381025,-0.010187889090484958,0.026053844305864327,0.010842909021821168,-0.0018218701304790197,0.004565459641862946,0.022907481422156373,0.0057478445695615665,0.013605176867691415,-0.01803078286447457,-0.004305980917976293,-0.004525012082636226,0.01019438559174285,-0.0005222040503122805,-0.012343172006809955,-0.00013681112789992733,0.00043283834307228375,-0.00018454837413289793,0.0025017730700579444,0.0008483916993941576,-0.015467012330353913,-0.013575855578273288,-1.225994373660333e-05,0.0,0.0,0.003314134996041329,-0.00874751359600573,0.0,0.0,0.0,-0.00015038706183040373,0.0004164165056559366,0.0029576746057740078,0.0,0.036015892031369456,0.0,0.04394068902158704,-0.014202358276898863,0.0,0.00872587914241052,-0.012486407987739034,0.024030611230899057,0.0035837502063719717,0.0,0.00540823476083796,-0.012637343532028111,-0.004634728965785984,0.009989896285485023,0.0029946613682231837,0.00028610006129559107,0.002897531108202678,-0.024341149160297948,0.0036162795473361764,-0.02280482792488997,-1.1102230246251565e-16,-0.011609472449030322
0.00920371685121768,0.0018868695545153913,0.000987075805403248,0.00025063816537473915,0.006285208389832264,0.013921287452577535,0.012595486159970748,0.0005458340325215638,-0.005228579053140614,0.004742842535763403,-0.008887292547851477,0.02921332839989399,0.002080315932232124,7.70717147776101e-05,0.006058358531360497,0.00902869807702067,0.0,-0.012423034524702836,-0.0003231641312128053,0.002165490428008454,0.0003533311488732038,0.004323501110916894,-0.012629932955402323,0.004024391552209572,-0.0034413193140357956,0.003182177993111157,0.00502601125267832,0.010759870994759835,0.015140999398022492,0.002855416589378712,-0.016793828925473375,-0.017657299867193832,-0.011343612972915473,-0.0020340112647987962,-0.014162679466745043,-0.01590786254612797,2.7664824178375014e-05,0.00838995798743536,-0.04610241525346026,0.040537240730064095,0.01723815363533876,0.0004543033667017693,-5.551115123125783e-17,0.0,0.08886186742575614,0.002811519631886028,0.0026540679401109712,0.0,0.0,0.0,0.0,0.0,0.0,0.0,0.04020340070180528,0.0,0.026703305935899535,0.00036534592069803473,0.0,0.0001911210463425017,0.006225154676753886,0.015794844630523275,0.014642625416141197,0.0,1.1102230246251565e-16,0.0,0.015470148419080842,0.0,-0.016218141795925067,0.012044864236711361,0.009611573555920239,0.0,-0.0005269360358409747,-7.388538972835645e-05,0.0,0.011518353037492213
0.024153568880778242,0.0016589902516537802,0.002522069861744358,2.807731477627584e-05,0.02290516645017937,0.030173840220926507,0.015468030947407396,0.009280354598406038,0.004262392387533787,-0.004419422021444297,-0.010225938608561469,0.011441089994720988,-0.0014102624568949618,-0.0002626210650596428,-3.599038783463904e-05,0.019724648859198335,-0.012423034524702836,0.0,0.001429359167466282,0.0018621846995385272,0.015821295473124053,0.0016247072040139754,0.00547540780748712,-0.007993043936153854,-0.00010071085691237824,0.004013594716463731,0.01349963676651561,-0.006330554992663939,0.014604056139407129,0.009461753562806374,-0.02043900323796155,-0.01872412203758833,-0.005433745852371552,-0.013423104407600583,-0.028618765102238264,0.005104876723040386,-0.00014720371167775692,0.015052004373954375,0.006233666416484096,0.031215477680284986,0.01716439013227783,0.026894164209483984,0.0,0.0,-0.0020550789046134277,0.02158959004689226,-0.009172711582522919,0.0,0.0,0.0,0.014921387422283772,-0.0002068205843182569,0.0021381235651758423,0.0,0.03983912743132367,0.0,0.025792550839416062,-0.0004114685670247864,0.0,0.002951653381376762,0.005661157651259907,0.022092229792156415,0.01513731693070497,0.0,0.00805664219832336,0.002650853977265666,-0.0006093529240095985,0.003888782488399356,-0.0030946731292945673,0.01078934365488532,0.016173647488923304,0.0021687868118836495,0.0011777944335659152,0.0056580645249422745,0.0,0.020856485115775647
0.0,-0.001922183408941569,-0.03827302849409925,0.017703359591433265,-0.039186340226160354,0.013329334767983647,0.012569838525277377,-0.052419522361253634,0.0014730026769564364,0.0014220928455792592,-0.03159917900801784,-0.0007752155723283471,0.005925463058993774,-0.011411719449685498,-1.1102230246251565e-16,0.00038428452988159556,-0.0003231641312128053,0.001429359167466282,0.0,-0.0008069912052451889,-0.0010644093414682865,-0.001997982200404924,-0.030568354406754483,0.01294614361417551,0.0009586939778707948,0.0015832628037901753,-0.01214789849370257,-0.00023874211866170558,0.003929987028571114,0.0017361034393854058,0.002894727254647511,-0.004760508507704819,0.004777642038612029,-0.003656560611238757,0.0038213511644137887,0.0034137596934981085,-0.023771171413537295,0.005269642127161522,-0.05109585872352529,5.1668497778878386e-05,0.07209879890724408,-0.0004756396029205745,-0.09893650703929696,-0.002598696349364382,1.4582202577662073e-06,0.0,0.0,0.028066646333539835,-5.551115123125783e-17,-0.008019106921222097,0.01090894095744288,0.015414611881157003,-0.00937207725367628,0.002428145223091205,0.0003383957771223578,-0.04094310386039407,-0.000594212745117173,-0.003512798331539835,-0.06039376027909832,2.220446049250313e-16,0.0,0.0,0.0,0.015055093437202793,-6.360100479135822e-05,0.0,-0.00027813362217815607,-0.007828686117645423,0.0,0.0,-5.551115123125783e-17,0.002932117197720352,0.00804672045477095,0.002007185310736903,-0.00021926816911788105,-0.02074870215517921
-0.004679381235084101,0.021645445231555316,-0.000986490739794288,0.011656176918895755,0.03120000445785731,0.02810351468356248,0.013994405197406967,0.0045896995937612095,0.030194452615019962,-0.0026657995821228186,0.00013341468446942395,-0.02053241024325514,0.0006255262660488925,-0.0009568699123929658,-0.0022176873064817526,0.006674430314782487,0.002165490428008454,0.0018621846995385272,-0.0008069912052451889,0.0,-0.0011792472725521974,0.009392782815221767,0.037093300661455386,-0.07989679851198561,0.019109516240444713,-0.002083652563714955,0.02153980173213177,-0.02345799394308934,-0.014018081450459186,-0.04964186152964595,-0.016775722568203588,0.004144247320405581,-0.012343238635448839,-0.00616571851508213,0.0025812380933945556,0.020746636145376696,0.0015927132754210427,-0.0003855381159796334,0.017867984147697524,0.016711581068487524,0.014079082878992732,0.022865176326158754,0.037808225976602106,-0.004522304701027768,9.623543621622987e-05,-0.0024360962530913244,0.005957557499669308,-0.0017179180490994872,0.0,0.0,0.0154273906347972,-0.00016071289154317991,0.009165898677765572,0.00158323670446181,-0.00010304698396074174,1.1102230246251565e-16,1.0701368313936754e-05,0.009314713698118982,-1.1102230246251565e-16,0.025171764830110188,-0.004603956282784094,1.9502924566872082e-05,0.024149729858346958,0.0,0.02564110130667513,0.010914282648504692,0.02102558509290392,0.02131996754338905,0.0,0.007062152645604336,0.009223918217597715,0.019244160950507738,0.010432870765086477,0.015575093137847995,0.0030517249919169154,0.015783127301424282
-0.023886379687455328,0.019229195449094794,0.0014459486646767883,-0.0005693197124013172,9.741867383383784e-05,0.03979848585131801,0.002328197638601315,-0.005541856449542248,0.00011611414463835734,0.005551444598780486,0.00582942469885267,0.04236218270542508,0.03202657331792391,0.006963357999878961,0.00146655929754691,0.014661501375381025,0.0003533311488732038,0.015821295473124053,-0.0010644093414682865,-0.0011792472725521974,0.0,0.009296436865613822,-0.016221734511385977,-0.0343815274860238,0.024777042348675393,0.0008051201940291741,0.011109648705312003,0.015849499345334805,0.0349222121480075,0.00631496288574529,-0.032172310015198435,-0.0023144907944553372,0.005792457522518835,-0.02272779271397657,-0.014906460349803863,0.013081527380000402,-0.0010461433617451887,0.0031967409934952618,0.012657219831257227,0.010426966935589643,0.035417735145637896,0.007697901187806666,0.0011640646345296712,0.0,0.0,0.02767662508188129,0.03160591400810453,-0.0005517700293139471,0.0,0.0,0.014123175559354828,-0.0110287893763108,-0.012241380327740692,-0.001223830547141369,0.0005704724024390706,0.0,0.0003360149924785394,0.00733902394519631,5.551115123125783e-17,0.010912320108221185,-0.0008776205730954278,0.0,0.00010187073761408483,0.0,0.03998001779066729,0.021657473650321335,0.027373374983351628,0.027754318303024605,0.002562315868327558,0.009893963971930375,0.01436219664993621,0.03172211822928639,0.006764649611272822,0.01985933773619797,0.0038361148743839557,0.0138574883752966
0.024729488083733653,0.016177469687999324,0.0014921135012530562,0.0676432471685916,0.036662841377014976,0.04156673769408015,0.021966350509867172,0.006317370167453207,0.0439574263385068,0.017636242421113224,-0.0005012426101544398,-0.003432084171169192,0.014134368340441128,0.001227436765532386,-0.008804151954156958,-0.010187889090484958,0.004323501110916894,0.0016247072040139754,-0.001997982200404924,0.009392782815221767,0.009296436865613822,0.0,0.028367843559481243,-0.026878574521914833,0.016512645958542904,-0.0055354671841341685,0.021029705578222424,-0.01314034083208776,0.013642707674035193,-0.03027937074986814,-0.018675514582361663,-0.0021855244498476534,-0.0025255282353740527,-0.007068690521468635,-0.003157283735624905,0.012258056924855987,0.0015159750583681464,-0.001074333035072872,0.016393182545726637,0.0198047352187688,0.010142958473349062,0.019255027213173403,0.02986332526361546,-0.0006116806055072588,1.0512876745860655e-05,0.008945372266449925,0.027604709947255168,-0.007534184311521808,-5.170235608864537e-06,-6.452342842078185e-06,0.013796601666618724,0.00867059062590747,-0.004444235115817707,0.005692438975888059,0.00010278370912636392,0.0,-0.0013719739716571144,0.005612934989940643,0.0,0.02544717599277435,0.008922502517813735,9.770991392155093e-05,0.01865575366656047,0.0,0.022026528546403634,0.011404641184299569,0.022628020868930454,0.017526848828350983,-0.00039135050734084853,0.010348852230725458,0.016543801142201497,0.0208729565368162,-0.02710509710888398,0.009066145097280875,0.0011029873361124154,0.004846294318268607
0.002490811871620535,0.04036111631262801,-0.03599330424445052,-0.0021776709464472743,-0.002964323718015971,0.0030898270438538544,-0.0025287572429787963,-0.0037253335729506287,-0.012756108179466541,-0.0061499249492961705,0.012822463244416271,-0.009449628798001652,-0.003388581516812428,0.012447037498429903,0.027786127675675065,0.026053844305864327,-0.012629932955402323,0.00547540780748712,-0.030568354406754483,0.037093300661455386,-0.016221734511385977,0.028367843559481243,0.0,-0.0163775899963558,0.02122104198985325,0.008387012776653935,-0.027833603939999674,0.00842092510397302,0.03324955559562387,0.011291118804240718,0.011462846514977476,0.0022153988170089955,0.034718775080761655,0.00580013959344472,0.004463549776944853,0.025575317472272152,-0.0016000166467353139,-0.021758954966378696,-0.0023639565213725566,0.015524240178416138,0.009224142630695098,0.010019054881774236,-0.10345245863453029,0.003266767365413814,-0.00013831535627861768,0.0027727174882444805,0.006559909466923586,0.04307031998037236,0.0005003634846492133,-0.005108338264497747,-0.0038361130458640647,0.0017358910456919951,-0.010633824204313524,0.010021441983797064,-0.001371038898585697,0.013658937470290455,0.002279199961723044,-0.009152086798213444,-0.04991695391789258,0.017776666959810783,-0.0008934284978846518,-4.7443020907422806e-05,0.004057397382198347,0.0574796446509549,0.025361980702396147,-0.0006779671665971265,0.02370245241678043,-0.009866674574714296,-0.00030972131347056786,0.005116891354936204,0.011620389416548749,-0.006654334779877091,-0.006979590307087058,0.011213800917500238,-0.008226254514314524,0.008837836119121034
-0.026368523510691078,0.028370726648105027,0.0005656383336352655,-0.004276495910308986,0.024100930490754846,0.000581889501067967,0.004447084647257127,-0.017664245270175183,-0.0005358266409516421,0.005400001779235497,0.008635097291101845,0.023752041904731458,0.014434770138696928,-0.02227575800907977,-0.00552327768021682,0.010842909021821168,0.004024391552209572,-0.007993043936153854,0.01294614361417551,-0.07989679851198561,-0.0343815274860238,-0.026878574521914833,-0.0163775899963558,0.0,-0.005839388417770042,0.014198609010373175,0.003186292310547678,0.017637682219474482,-0.043579411446023786,3.6936419561262035e-05,0.00028208474021679253,0.04634467914882551,0.019486124348180034,0.014273630922904845,0.005134962404194587,0.013528681465553916,-0.0048898522363153285,0.01752174578994742,0.041306331260524354,0.053051502547673046,0.06514124681123806,0.06315516218945733,-1.0853101163055268e-05,3.1507930935648076e-05,0.06911405131906884,0.01252355081610712,-0.0053559742022114,0.0,-5.551115123125783e-17,0.00018739124091732284,0.00024590548822189806,0.0001867938185934892,-1.6653345369377348e-16,-0.0003187189018091785,0.04910365902340308,-0.00024897212115931877,0.036534009972225445,0.0008112942998989014,0.0,0.0007437503625805642,0.005263229205843156,0.011575833416549997,0.01191896152644506,-2.2835980265256683e-05,0.00016691040331157092,-0.0001766668701032037,-0.0092733021106709,0.0005354216310984872,-0.022750496894161754,0.006253308380582523,0.007375044574872092,0.0001227887970178254,0.004132891271077466,0.01739538891093101,0.0,0.010305897992870128
0.031883210487122726,0.029367471688190816,-0.0010085749340968952,-9.838064441153316e-05,0.04052547267897999,0.04745491810056901,0.02764160978542407,0.006667836544661965,0.04349370128909774,-0.016635156678271146,-0.009330912656375756,0.006838853545917789,0.008733679134106831,0.0010850374347500247,0.00141443385758927,-0.0018218701304790197,-0.0034413193140357956,-0.00010071085691237824,0.0009586939778707948,0.019109516240444713,0.024777042348675393,0.016512645958542904,0.02122104198985325,-0.005839388417770042,0.0,0.007633511525550585,0.029205654440055573,-0.003739526300857554,0.036495933106226286,0.00013909189169009073,-0.010690498766323053,-0.005495985706917783,-0.002884503999170729,0.006018009119915568,-0.011631613289715848,-0.015652606477297548,-0.0006334330138373367,-0.0010038791821491144,0.006046588343680825,0.027885849606830437,0.010340022088080825,0.013957781476675868,7.157532913970588e-06,-5.551115123125783e-17,0.07504894193831535,0.023681310468638916,0.007902997798497347,5.551115123125783e-17,0.0,2.220446049250313e-16,0.00525142403476625,0.0015361122666147642,0.0037405843329847976,-0.0012234812030982867,0.02366149442657406,0.0006409458393870082,0.016091791095955432,0.001589962311299542,0.0,0.00404496490149564,0.008813160152006616,0.006887486627506212,0.012802235270779116,0.0,0.009988784295876407,-0.018292933694034952,0.005453929097638088,0.010191275165970126,-0.0016184326459380283,0.011439605728580993,0.016271894248184926,-0.0025412108066033556,0.002968230391531379,0.01215238285576492,0.0,0.01271981420187801
0.01767894028327016,0.021604870815366883,0.054364106559899206,-0.0001553536152076873,0.04375870227181056,0.05673858048685887,0.017217509603162484,-0.0021160593481294176,0.031607311703149066,-0.005632908794480973,-0.012503458910334553,0.01585494843577495,0.004836617736039273,-0.001386089296524562,-0.023384440673470952,0.004565459641862946,0.003182177993111157,0.004013594716463731,0.0015832628037901753,-0.002083652563714955,0.0008051201940291741,-0.0055354671841341685,0.008387012776653935,0.014198609010373175,0.007633511525550585,0.0,0.02743558788865924,0.0005268182375401942,0.020969004198422903,-0.003123136910936297,-0.0158994879948533,-0.007647926426213314,-0.004759842230187272,-0.00775123804053246,-0.01595147169116229,-0.003599214597275746,-0.014175609776492681,0.008326784003359566,-0.002498467580008046,0.019721750419858686,0.0028978186373848636,0.009308648005076914,0.002408757856605992,4.032748968502142e-05,0.04841136242464572,0.007538941505948804,0.015445583515724837,-0.0008156199383311247,0.0,3.71641299462544e-06,0.004116977437259195,-0.00040255218378287827,0.0023519357335223257,0.0009047152366922218,0.02090522646976528,0.0,0.01324358524285879,0.005960843443451047,0.0,-0.001466803903213243,0.004990776407457043,0.010397308724763965,0.013911336239164351,0.0,0.01515330705210316,-0.0021315963057806364,0.019238913738670704,-0.012775937406804216,-0.01772469737382043,0.009996393007858873,0.006067218324869339,-0.010730155478505532,-0.00026889857353940005,0.004282628156129786,0.0009157675932909282,0.009249546940824749
