0.0,0.011955012091937889,-0.0019117388753458475,0.0,0.000592086851374185,0.029320568267649727,-0.002974000193475823,-0.002016250985904855,0.03811446358741638,-0.029737427530390104,0.0018512312041970569,-0.016363516967765,-0.015347583599755743,-0.0009239753374277182,-0.031418914288937116,-0.011186052380635692,-0.005315868335645624,0.0033308249072513396,0.0,-0.029386642773795768,0.0033789585491356133,-0.018508882870865273,-0.032817992610426616,-0.0405063981897259,0.00322554096835026,-0.019864394193470747,-0.020987722476990378,-0.0241374206950557,0.0008922179593986446,0.00697798383591175,-0.015112252215249644,0.020391560488868532,-0.03359528639360315,-0.008584012357564896,-0.025961757585066636,0.0005588054251737806,0.00016134189638272733,-0.006833995777700885,0.010311833053892272,-0.005493644919577267,-0.018378754768291983,-0.026586218162567954,-3.7707818148047245e-05,0.0,-0.00220833259986436,0.034316293506008066,-0.02776576120199431,0.0,0.0,0.0,-0.009729463010364203,1.1102230246251565e-16,-0.003812565713932514,0.0,-0.009380601669595867,0.0,-0.0042387946221210115,-0.0008979276650800672,0.0,0.0005226072979300778,-0.03129620004265632,-0.0032050008581921974,-0.08481306004966738,0.0,-0.029394774824663017,0.05512044480126227,-0.04784639870439522,-0.0025978221942203894,-0.00576746407725609,-0.06366872994052125,-0.036567096834385304,-0.038050462387243245,-0.00015685618318805883,-0.02082676615508411,0.0,-0.01460214564270329
0.011955012091937889,0.0,-0.0010999240229213059,-0.00010019860587578977,-0.07893697432113828,-0.04273929055276127,-0.08070471823050268,-0.014784733614279455,-0.07489465584281074,0.024542935541120747,-0.0004974916999652135,-0.002069658402979513,-0.07059050234077469,0.0002896774837843341,-0.003851258210833375,-0.00792030178696318,0.01822501653904246,0.012964226118074018,0.0011826777769035623,-0.04622948097456836,-0.024762233180197546,-0.02458903474111518,-0.014248862680698637,0.023613376294582877,0.00415054923839886,0.0016674666976929653,-0.021274220295190882,-0.051354643222107976,-0.040935607697439924,-0.004358336768516047,0.011962842682500197,0.03624126584128562,-0.0031808851484467215,0.03232933485310713,0.023437084291162202,0.015984839012287144,-0.00021813936153014524,0.0,-0.016535220394281402,-0.03403214138069727,-0.02586535278264468,-0.047001637033075805,0.0014495550518539013,0.0,2.220446049250313e-16,-0.013391667093362092,-0.029033367904368834,-6.737001563550393e-05,0.0,0.0,-0.03666927652477847,0.001978187849629165,0.0013936651047349868,-0.0266610412950799,-0.0006103955776747827,0.0,-0.0012930861285703754,-0.0361774685790755,0.0,-0.07749220481508468,-0.015944227824309265,0.0008031874032633501,-0.04254868203068024,0.0,-0.04847169064401502,-0.07236892642143672,-0.06665657541030862,-0.08768676496690897,-0.001590602379116346,-0.041258695051831384,-0.046632415234876046,-0.060242775698072404,-0.03386721515427493,-0.038099144749339564,-1.1102230246251565e-16,-0.025144310380879886
-0.0019117388753458475,-0.0010999240229213059,0.0,-0.004977583834813171,-0.053962697887840916,-0.03303756467405011,-0.11114002204359513,-0.10258233643922166,-0.007837313873569285,-0.007802950649719198,-0.03572130915080113,-0.002953583295762452,-0.11447117493454223,-0.019259155546828055,-0.002020134317573752,0.00023721169246471163,0.000871322792842466,-0.0028862329892023197,-0.05036201550778405,-0.0012788492954211028,-0.0014788737034451827,-0.000967970229615922,-0.10310896843566883,-0.002051698478331365,-0.006801856261191674,-0.019344720380770675,-0.01548605200543679,-0.12253664364820949,-0.011583197037891901,-0.0005816883706675213,-0.13509246735934466,-0.10038809211054012,-0.0019372801647828952,-0.12508445481997643,-0.010842842650835571,-0.08394641967338329,-0.008217728979144023,-0.0019212135379222395,-0.0052741214674769665,7.722725582359757e-07,0.0014678127423607412,0.003191051985279081,-0.06252085281776049,0.0015248788145699188,0.0,0.0,-0.0003863782998448917,-0.20651872109441774,-8.469276747469223e-06,-0.12856689841513957,-0.09345718389244678,-0.18019073012942566,-0.0696508816455163,-0.15684691972437198,0.0010004513798675951,-0.08563387779579912,-0.0012530950911676664,-0.17426166654495706,-0.0005349779612684458,-0.0002245339362511034,0.0,0.0,0.0,-0.17337175690825776,5.902006363911472e-05,0.00021335064928285075,-0.000489190026927544,-0.09120857736336535,0.0,0.0001747116493546197,-0.0014848830421834158,-0.09078496852802087,-0.1482890880318677,-0.00044539068622267974,0.0015579328163634054,-0.009454275151658309
0.0,-0.00010019860587578977,-0.004977583834813171,0.0,-0.055992890185924404,-0.06624227799023163,-0.01395462782956175,0.002156814714893207,-0.10399646403891671,-0.021588600732928648,-0.013278603519448873,-0.025045046222992584,-0.0005036831702097122,-0.00801214457125149,-0.0019410061443670412,-0.0005785408053337049,0.0009003070888303211,-3.856645253624835e-05,-0.007464458650985384,-0.05147239266380982,-0.00036789045570212453,-0.0033368645044588585,-0.01260583829615225,-0.01652168880430005,0.0007046946794012077,0.0009773927282335504,-0.09807721120830842,0.030205086102518874,-0.002742284130188788,0.0014292026055047757,-0.004883204036839117,-0.0004885462969183019,-0.01586291279362151,0.027483135214240728,-0.07361156608448938,0.0024838100183371403,0.03022294491057803,-0.014079061683118843,-0.007871349327629507,0.0005273143132404345,9.194072337720405e-05,-0.0013927238602913783,-0.0002956935189940557,-0.001104928182377063,0.0,0.0,0.0,-0.0002688353950952571,0.0,0.0,2.5878004755786055e-05,2.220446049250313e-16,8.826446212628625e-05,-0.000791142728425398,5.551115123125783e-17,-0.0008518859302567017,-0.00018728936154494003,-0.00018461445286632738,0.0,0.0,0.0,0.0,0.0,0.0,0.0,0.0,7.782270858358586e-05,0.0007911322966454581,0.0,0.0,0.0,0.0014211226316431236,0.0012627498296746142,-0.00012340226472890015,0.0,0.0
0.000592086851374185,-0.07893697432113828,-0.053962697887840916,-0.055992890185924404,0.0,-0.06364554549910362,-0.08412477567595478,-0.10666145436148877,-0.03146606689752979,-0.06208166304492169,-0.03046009223101709,-0.061391533013902544,-0.09701982356014138,-0.11092345753011684,-0.00033301089011639196,-0.05077171275748582,-0.0019973380105829386,-0.0615496924514512,-0.07360623342453049,-0.059836993083597745,-0.0007570229560612818,-0.0784588617747694,-0.07581919074791149,-0.04984745950510139,-0.06511001219330492,-0.045776446182252406,-0.031879750232301884,-0.05666817141722208,-0.086995834040202,-0.0038709989853490945,-0.11887017065726146,-0.055280666484275154,0.034766671686696726,-0.09916205233494946,-0.009226010838963017,-0.08840454115737062,-0.052000921124426724,-0.005575334366472395,0.006646861461136466,0.0008293436208415272,0.004490924856216105,0.0012621182747328263,-0.004981898471440371,0.0011497461045515966,-4.7468212970303014e-05,1.1102230246251565e-16,-4.920825978382837e-05,-0.046325440011718066,0.0,-0.02027944623883776,-0.06967805503141428,-0.04951268213958815,0.001586852203171396,-0.054270177223974925,5.551115123125783e-17,0.0020166249670664493,0.0010512078871897645,-0.06024795193299348,-0.006784132317674885,-0.0003642611835908416,-2.3972961865015296e-05,0.0,-5.551115123125783e-17,-0.03998653784762635,0.0004830138844413301,0.00012499590231801472,-0.0010469386184450147,-0.057577132709592915,0.0,2.4759990644718233e-05,0.0008213003499428773,-0.057549939021878105,-0.07454468125864888,-0.002985642351500395,1.1102230246251565e-16,0.0010547481696093763
0.029320568267649727,-0.04273929055276127,-0.03303756467405011,-0.06624227799023163,-0.06364554549910362,0.0,-0.08523488778733673,-0.04324836601700588,-0.01617844497714871,-0.08095986406583583,-0.03832728293026344,-0.06078392429271129,-0.05065400881403681,-0.012082370520125563,-0.030463872316398632,-0.03394262117031238,-0.002371816016258521,-0.042913800991287,-0.05730645038805643,-0.021220534027805105,-0.018669565439033586,-0.027833332394237242,-0.0372665168306624,0.042419212006403695,-0.02269920176886092,-0.01309675837780705,-0.009859805777641728,-0.0656946318580795,-0.0014834807421615914,-0.06450160363717833,-0.06357833669447527,-0.048511550488805566,-0.03287234547416823,-0.0621143874743042,-0.005969265070548679,-0.07766553584375735,-0.07879797659183341,-0.07294648862150321,-0.0696649277676612,-0.004294589537959692,-0.002054680148815158,-0.011820298261314865,-0.010647507373789278,0.0014173010019457033,-0.001959695006155393,-0.023051414315940932,-0.04394364132509887,-0.04708538571320631,-0.0004701870048666179,-0.03247305125416794,-0.03785932432840111,-0.04255376193900701,0.022594473821321626,-0.05116718614786686,0.004289182619984566,-0.016298256694735724,-0.0024266389247546427,-0.04988466821559112,-0.00497665814210424,-0.052588239087403066,-0.03853502552653587,0.0,-0.0009025443010644008,-0.05457143723076163,-0.057543105550237617,-0.009635491945433505,-0.05931478876150387,-0.035399118689725506,0.00013065046060106722,-0.03500080929756788,-0.0601732888314529,-0.034954047405756306,-0.07120036741523866,-0.04889646883513471,-0.006605632412921003,-0.07084521311178638
-0.002974000193475823,-0.08070471823050268,-0.11114002204359513,-0.01395462782956175,-0.08412477567595478,-0.08523488778733673,0.0,-0.080059525044691,-0.09179417966026765,-0.03859072132274177,-0.1304932061846265,-0.03503868304091351,-0.07680517126776865,-0.11504671438989272,-0.0019145295478978919,-0.0652938911190728,-0.004252111839875561,-0.009714230837953475,-0.13484082594273017,-0.0788920426915638,-0.06273602222633268,-0.07407836745681623,-0.09519172078974086,-0.04693320440812654,-0.06254743086995129,-0.0452889070682157,-0.07369840011943996,-0.054886934181210933,-0.0999415311496526,-0.007037214692659277,-0.08183995053033372,-0.07899520931819493,-0.01451322186830295,-0.06591966121095083,-0.002319991023810364,-0.09376452089829951,-0.034546174444090194,-0.004320262484447834,0.009069677715272229,-0.0009575865596672672,0.01664534680362717,0.00471739348569683,0.003702664876521433,0.006189670091464761,-0.0012887582156870803,0.0,0.0020241358398345732,-0.057444130940488225,0.0,-0.04892026505208197,-0.07124949105446693,-0.06582762655470681,0.004767236201238256,-0.06952839515915538,0.00022619014820163263,0.0035741445290767837,0.0009367322317295201,-0.07374546145325267,0.0001493748684857632,-0.00044803866152182126,0.0007148188606163064,0.0,7.408013222698351e-05,-0.0021049534087704824,0.001068270700745222,0.0014313252196395676,0.0009150980319947433,-0.065457595734497,0.00011897660903997798,0.000960920653128361,-0.0006627015528454239,-0.06449112955825198,-0.08559549700514524,-0.04333902383524041,0.000314353796071587,-0.00024704200457936754
-0.002016250985904855,-0.014784733614279455,-0.10258233643922166,0.002156814714893207,-0.10666145436148877,-0.04324836601700588,-0.080059525044691,0.0,-0.1110364785055975,-0.007200942508297781,-0.09915075035235457,-0.00317429648596651,-0.07058567648440472,-0.190114707470742,-0.03160400621166637,-0.03170527449133542,-0.0006916995804193138,0.040469158651570525,-0.1308846421310062,-0.04103317484935659,-0.007567849411749039,-0.04653814944031803,-0.04615456033468318,0.013897385366358428,-0.004936372070792006,-0.013521381135047472,-0.048639527442544184,-0.07486564991678657,-0.06367792842276476,-0.07295380624886749,-0.07370059496486497,0.017107657187396874,-0.01752124111172465,-0.0650154258597273,-0.08332141849314706,-0.09517004168552823,0.013551251456894953,-0.0028691902862613694,0.0012066154198808743,-0.001779152455711308,-0.007183892511888834,-0.005333445367198375,-0.04129066586372038,-0.0014478405964126195,0.0,-0.0008131513954798275,-0.05093802756678828,-0.009799339642814875,0.0,0.0302132316116841,-0.02628659563532265,0.007813752637143123,0.14128763968893876,-0.031778801376349364,0.0006202157163019417,-0.18815747216823608,3.6707547081127334e-05,-0.05962677528207827,-0.02431621231959824,-0.011565441431026058,-0.0006088284402676614,0.0,-0.0002813574760116011,-0.011021006216576867,-0.009906512921959432,0.006075172349158109,-0.005383501834432036,0.016146825128257436,-5.551115123125783e-17,0.00010054527807662472,-0.044281133773514336,-0.017280215255500164,-0.09062603735072677,-0.06365960077883043,-0.11041271359538019,-0.00955705427699266
0.03811446358741638,-0.07489465584281074,-0.007837313873569285,-0.10399646403891671,-0.03146606689752979,-0.01617844497714871,-0.09179417966026765,-0.1110364785055975,0.0,-0.1042528567610358,-0.0031723092510096973,-0.09779337094488821,-0.10713167083689251,-0.1153842997557083,0.0025965444148009498,-0.08157606353533992,-0.0026645281208584337,-0.07020992345111521,-0.023392999753948984,-0.057412885511764544,-0.02426107357609969,-0.07599505277758162,-0.07342032887234012,-0.10776502265698035,-0.041394986541519296,-0.004667848025054877,0.003045386671940098,-0.12102359710228344,-0.08633437495892066,-0.007230350751179171,-0.13938646388613868,-0.11255952511145062,-0.09509335221526843,-0.12670838031227993,-0.12478100054017022,-0.09966546666080722,-0.11776325813646654,-0.11215001752248199,-0.006347935265918037,0.0008550724469154058,0.008458566791082034,0.00015148582670571065,-0.005109302285793815,-0.0031216386158052223,-0.0020018439718433867,-5.551115123125783e-17,0.001279667677607399,-0.0734457195017833,4.068680261037905e-06,-0.04435542313967222,-0.07587057890972176,-0.06659269687345498,-0.008771913410029253,-0.08650802048295386,-0.0005336912409033556,-0.05095120541683534,-0.0009784949944320886,-0.07812205554241974,-0.08151678522129902,-0.000890472811015508,-6.408203479035812e-05,0.0,0.0,-0.09339380552080084,0.00025220927610897226,0.0020178285054550105,0.0005452287869191497,-0.06947401459028063,-7.810565142984949e-05,-6.258757675053905e-05,-0.002820060254827561,-0.06644574155281974,-0.07441429458752036,-0.003564411248739241,0.0002979211015617933,0.0007880632636506624
-0.029737427530390104,0.024542935541120747,-0.007802950649719198,-0.021588600732928648,-0.06208166304492169,-0.08095986406583583,-0.03859072132274177,-0.007200942508297781,-0.1042528567610358,0.0,-0.09891328111866177,-0.048043006734025395,-0.043415863523466935,0.016896442869095418,-0.0026828674784593054,-0.01611741345264489,-0.02498813333241362,-0.03693238695745882,-0.014444939885885966,-0.0052960050741823195,0.010925414211588602,-0.006022561708293628,-0.012932358500331587,-0.04776931040876092,-0.03030683577541865,-0.021021481876745685,-0.05393156023522644,-0.030970867273630742,-0.006472692252212586,-0.0008006238672037536,-0.07854315533897693,-0.01881693981581556,-0.00686563480628849,0.011336744886755012,-0.012117839504741268,0.014719144331018896,-0.02486013238609075,-0.015460270926365538,-0.06133151346233601,0.004707168437917741,-0.009874828090523369,0.001215417395678653,-0.004347534942229947,0.0005119542578597702,-0.032283795102367896,-0.03831501847950741,-0.0010976704528969927,-0.00018729800931049922,2.3102530160690193e-05,0.0002829342462139506,0.0009983221575860513,-0.0009281496934758215,2.7024987293899905e-05,-0.002242896979094522,-0.03323486095309203,0.0013659012822379024,-0.04266848986670202,-0.002177778733018887,0.0,0.001013763707823967,-0.0003032430240345052,-0.022988170246015294,-0.013666090821926546,-7.593922727811009e-06,0.00012338205501349897,0.00020302801635002643,-0.002322867217577851,-0.0011128388743504858,-0.04661918408021193,-0.017149557354836698,-0.023195574069931557,0.001675776529569517,0.00024475096207615676,-0.0013895926635951183,-5.551115123125783e-17,-0.022268854715622177
0.0018512312041970569,-0.0004974916999652135,-0.03572130915080113,-0.013278603519448873,-0.03046009223101709,-0.03832728293026344,-0.1304932061846265,-0.09915075035235457,-0.0031723092510096973,-0.09891328111866177,0.0,-0.08737634844401398,-0.12117288252824548,-0.1512292939040709,0.0,0.000144779749898849,-0.0023870962465467604,0.0003040454401541104,-0.02491510766315619,-5.454927278020216e-05,-9.967304548036404e-05,0.0004919532082987566,-0.06834319323438076,-0.006670400950861799,-0.0027109039061153917,-0.0027317065325699885,-0.038296055949024965,-0.10667932719585643,-0.004420475071666263,0.00041457331802835506,-0.015674140466458708,-0.006161894420400771,-0.00935766601432203,-0.13279189131868435,-0.013761547986706535,-0.1477914325553305,-0.10039777743819667,-0.05302957172680883,-0.08246239026642649,-4.326611609012376e-05,-0.0008148677059230391,0.00032350304868306035,-0.08789634097130428,-0.0006993462493303237,-0.0005038620991906773,0.0,1.1102230246251565e-16,-0.24195805551249172,7.878502983338365e-07,-0.10946329125794196,-0.07071859680080261,-0.10336834056180455,-0.0013310479272544695,-0.20863324870621486,0.00040335656621437455,-0.09720139600576183,0.0007774770602142489,-0.11016425728230844,-0.0006565766229033043,5.551115123125783e-17,0.0,0.0,0.0,-0.1466910945363737,-0.0005634261207949631,0.0,-5.3654951348458546e-05,-0.052722701193803845,5.551115123125783e-17,0.0,0.00011506794162779999,-0.04711806188732054,-0.11020122241482733,-0.0013554772807040094,0.0,-0.11225831962776933
-0.016363516967765,-0.002069658402979513,-0.002953583295762452,-0.025045046222992584,-0.061391533013902544,-0.06078392429271129,-0.03503868304091351,-0.00317429648596651,-0.09779337094488821,-0.048043006734025395,-0.08737634844401398,0.0,-0.037161010639205516,0.004362667365506223,-0.00037838858139332965,0.01627839199710568,-0.03480725642278237,-0.013826721695063104,-0.0035225283533525387,0.002108819482102675,0.016744692117558913,0.04029318418825906,0.029342841118255747,-0.020045589552271204,-0.020801357615611304,-0.02792488179291247,-0.0671361774276184,-0.028254303370866207,0.004011833838439172,-0.0009710216665428928,-0.0445501926921234,0.006089905904816728,0.014066250220486798,0.003307511358107418,-0.024193907011381965,-0.022686454871673478,-0.03275406829560107,0.014737309939635318,-0.03640300920360165,0.01495328481984376,0.012554530817194431,4.8021699627920356e-05,-0.0023793899147936393,0.0016625667346045758,-0.013366916175932386,-0.005932555034669829,0.0015352677756270139,-0.0001795286680585928,-0.000738175091495763,0.0002694050815816307,-0.0013079179412661124,0.0016544179146313343,-0.0007385819401564131,0.00014701501354014157,-0.029538867738097496,-0.00044865299953700255,-0.03549935839696772,0.0024248473597753284,0.0001567886325053447,8.769636969951922e-05,-0.027858016069914227,-0.021494938965469945,-0.03215636712451719,-0.0007488278938621584,0.0002669704952978358,0.0017762636719520497,-0.000785073724408003,0.0034257362200521,-0.028419389496871006,-0.03671165669372595,-0.030054884452164476,0.0006492992741113923,0.009342482956892939,0.0014620968645295274,0.0,-0.022200847583890015
-0.015347583599755743,-0.07059050234077469,-0.11447117493454223,-0.0005036831702097122,-0.09701982356014138,-0.05065400881403681,-0.07680517126776865,-0.07058567648440472,-0.10713167083689251,-0.043415863523466935,-0.12117288252824548,-0.037161010639205516,0.0,-0.1289205223195616,-0.07617109496302976,-0.06609728246331603,-0.046042060685465624,-0.061311267371171485,-0.13854726462332223,-0.06448360872617565,-0.06261996210626003,-0.06736873549341393,-0.07869020837694696,-0.05201493465755219,-0.04961081802959538,-0.03554073023440818,-0.06984817973270885,-0.10694776053948721,-0.08237485576268055,-0.09142501566016803,-0.07055485128922445,-0.06847346260578796,-0.063626579235458,-0.05526651190395354,-0.0693905067764391,-0.06443177269057354,-0.025622268154863626,-0.058529905485218525,-0.07016751701371626,0.005449197097481373,0.011571767839033076,-0.0013581717863269116,-0.02767348616209181,-0.0032751676008823116,-0.001892542189694979,0.0007360911999019226,-0.04963772858833465,-0.060766634696759636,0.0,-0.053960422492175975,-0.06068223217959662,-0.05007872140566372,-0.021735327485148837,-0.06598104817911521,0.0004156534454768379,-0.03699180385775008,-0.004001623820264255,-0.0595553024770365,0.001182382304616536,-0.09025948053554567,0.0013599198683553748,-0.0002025627991731893,0.0015862800442009162,-0.056788448466460806,-0.09233918127094187,-0.07066476547174083,-0.06076277655020457,-0.06092775555772134,-0.001317121445329139,-0.0634850484872867,-0.06762859579856356,-0.05835363626410439,-0.07509606619727494,-0.07528761707390097,-0.00010693066832567766,-0.07113338490971716
-0.0009239753374277182,0.0002896774837843341,-0.019259155546828055,-0.00801214457125149,-0.11092345753011684,-0.012082370520125563,-0.11504671438989272,-0.190114707470742,-0.1153842997557083,0.016896442869095418,-0.1512292939040709,0.004362667365506223,-0.1289205223195616,0.0,-0.0009920787421361377,-0.0002623944678060153,-0.00010586420580244171,0.00011567480007595998,-0.012098722853818078,-0.0007225667991138107,-0.005448601176874401,-0.000597524434452934,-0.018788634909441215,0.00425725733375848,-0.0005010686694305599,-0.0016745063207528887,-0.01149089816527643,-0.042641965734761006,-0.001270292317948729,0.00024285029273196646,-0.009003015062721276,0.0017957072911462535,-0.005980544301644242,-0.0027817247668178724,0.002477074273963431,-0.05211392815998919,-0.004465466941324103,0.0007091601433688033,0.005483519802668424,0.0,0.00048597279320244935,0.000976606191390117,-0.0042952607273649135,-2.2678261043518333e-06,0.0,0.0,0.0,-0.011470765718764486,0.0,-0.004710516764745598,-0.0015256265066835306,-0.002956209064080728,0.002001228003236266,-0.010086982586672066,0.0,-0.010205594880099367,-0.0002246101410053325,0.0014559477960963685,-0.0039281217906345645,1.1102230246251565e-16,0.0,0.0,0.0,-0.008956433520356577,0.0,-1.1102230246251565e-16,0.0,-0.0031703127879710857,0.0,0.0,5.551115123125783e-17,-0.005362723931514157,0.0006675348074011156,1.1102230246251565e-16,0.0,5.551115123125783e-17
-0.031418914288937116,-0.003851258210833375,-0.002020134317573752,-0.0019410061443670412,-0.00033301089011639196,-0.030463872316398632,-0.0019145295478978919,-0.03160400621166637,0.0025965444148009498,-0.0026828674784593054,0.0,-0.00037838858139332965,-0.07617109496302976,-0.0009920787421361377,0.0,0.009677637082378121,-0.0041473773762415456,-0.012304021053332781,-1.1102230246251565e-16,-0.04373926859693672,-0.00438626185258445,-0.009758948951285429,0.0014275247264307622,0.016907909199090465,-0.023259437307141306,0.017618581421952717,-0.013854426171982459,-0.021763658558125842,-0.04886833264227336,-0.07219236553377445,-0.008545332481240286,0.0273785308786208,-0.0024206387154930287,0.0314733260878472,0.013447276079640025,0.008955453665891122,0.00033156675931667046,5.624937134579566e-05,-0.020801280897029595,-0.047001559672193494,-0.02757683909099995,-0.03580017577620653,0.007099915082488584,2.762651975124486e-05,0.0,-0.004672418725740979,-0.07006791225611753,4.4020643594488984e-05,0.0,0.0,-0.06568722824407552,-0.04138853525608566,0.0023115301914668485,-0.06825412763892508,-5.551115123125783e-17,0.0,0.0011811615038135326,-0.06368278652296794,-1.2914881316494764e-05,-0.04877547866522741,-0.04860927734376225,0.0006221882384942479,0.0006591094703742306,0.0,-0.044893889217349825,-0.02285410497363677,-0.04926994697883946,-0.0641345568209552,-0.00015161276660341505,-0.045791269473672624,-0.07217449486339378,-0.05877331153135612,-0.0845423792412141,-0.054713518309536524,-0.002189550387994066,-0.040862562961455684
-0.011186052380635692,-0.00792030178696318,0.00023721169246471163,-0.0005785408053337049,-0.05077171275748582,-0.03394262117031238,-0.0652938911190728,-0.03170527449133542,-0.08157606353533992,-0.01611741345264489,0.000144779749898849,0.01627839199710568,-0.06609728246331603,-0.0002623944678060153,0.009677637082378121,0.0,-0.011138028763388041,0.013260145157962477,-0.0001328183491873247,-0.024620725222757545,0.0004942651578476176,-0.01891117089927441,-0.03246855244110747,-0.023895312404814684,-0.0009405622675244807,0.002603140433822204,-0.015029516814547228,-0.055020621500776856,-0.033991714170337195,-0.024453114052780556,-0.012156850515071815,0.02662982594729829,0.012420308041998396,0.0011824080228967637,-0.005174986592043851,0.002678010756307303,5.802780949298869e-05,0.002011441560329952,-0.005722622688084267,-0.00985128882640035,-0.026895506955401383,-0.024638850455534267,1.6840019851804833e-05,0.0,0.0,-0.01595425278383017,-0.029830174473457316,0.0,0.0,0.0,-0.013725403156882032,0.0005563169389008471,-0.00026092243567743534,0.0,-0.038067241671030816,0.0,-0.040556177012052774,0.00036851889415590033,0.0,-0.027352845233719947,-0.035238494660749964,0.001061110668525822,-0.049668526612995534,0.0,-0.03403043843073711,-0.014741055123907942,-0.03304817363519402,-0.08324574877238688,-0.0033237064337521827,-0.050829118957991304,-0.04929823589055943,-0.060209142014966965,0.001311637459931625,-0.03265973801990807,-1.1102230246251565e-16,-0.02193871354905086
-0.005315868335645624,0.01822501653904246,0.000871322792842466,0.0009003070888303211,-0.0019973380105829386,-0.002371816016258521,-0.004252111839875561,-0.0006916995804193138,-0.0026645281208584337,-0.02498813333241362,-0.0023870962465467604,-0.03480725642278237,-0.046042060685465624,-0.00010586420580244171,-0.0041473773762415456,-0.011138028763388041,0.0,-0.015916820891542782,0.0018607633285476766,-0.004893451006604876,0.0015699368890934595,-0.018296827466375953,-1.540367490632244e-05,-0.036078025973333816,0.01266231780360555,-0.00509148207411847,-0.0013318781090190246,-0.03183213090398773,-0.004461649271939316,-0.0031299805280260995,-0.03364642648685101,0.008787658525694853,-0.0012433752842495593,-0.00141196802377469,-0.016963756987884215,-0.0034734942156283144,-0.00038066469547065607,0.0020923653003679377,-0.0006234934819645543,-0.003283654439426631,-0.0005550739958090078,4.184553978214822e-05,-5.551115123125783e-17,0.0,0.0010092659863767395,-0.0029692859457610132,-0.0005434369479116463,0.0,0.0,0.0,0.0,0.0,0.0,0.0,-0.04601427435486993,0.0,-0.04800761833236894,-0.0014916480735309712,0.0,-5.698110457569294e-05,-0.0020356079182901055,-0.04675976390448178,-0.05294616850218087,0.0,1.1102230246251565e-16,0.0,0.0007297852220292667,0.0,-0.039876729360881547,-0.044769818128929606,-0.03889217781737753,0.0,-0.0006938832564012953,0.00010148753179523018,0.0,-0.003479967876026613
0.0033308249072513396,0.012964226118074018,-0.0028862329892023197,-3.856645253624835e-05,-0.0615496924514512,-0.042913800991287,-0.009714230837953475,0.040469158651570525,-0.07020992345111521,-0.03693238695745882,0.0003040454401541104,-0.013826721695063104,-0.061311267371171485,0.00011567480007595998,-0.012304021053332781,0.013260145157962477,-0.015916820891542782,0.0,-0.0021082650709190465,-0.012070938609154425,0.025764432836537843,-0.0037555105347039652,-0.027841823483980954,-0.043423564473110354,0.0032095400909965544,-0.014507533511735948,-0.026208877444886702,-0.042868225539808236,-0.017845025875913745,-0.004916852267580041,-0.04673890201634451,0.010211212142473669,-0.02187730300958568,-0.02024888673972053,-0.03048394013212191,0.0015177702127834314,-0.0001635169054959862,0.005218946015692505,-0.002225101697857834,-0.025189780862333533,-0.07500485433349696,-0.00563734607429639,0.0,0.0,0.000614758787663261,-0.0030003419811203136,-0.027683535231686263,0.0,0.0,0.0,-0.0011836074314248712,0.00038772232619271874,0.00033377678757401386,0.0,-0.046749417832643025,0.0,-0.0608214965466794,0.0002847896358315616,0.0,0.0008514023927407854,-0.036407529605071376,-0.05971214356193549,-0.062153015441370474,0.0,-0.002222206304546448,-0.0008438596861394254,-0.02873767573649394,0.0006240448281035205,-0.063315674753612,-0.05298479297496089,-0.04765787965092377,-0.0012956287829518631,0.00037858576450927606,-0.023883289365218885,0.0,-0.037722481100757266
0.0,0.0011826777769035623,-0.05036201550778405,-0.007464458650985384,-0.07360623342453049,-0.05730645038805643,-0.13484082594273017,-0.1308846421310062,-0.023392999753948984,-0.014444939885885966,-0.02491510766315619,-0.0035225283533525387,-0.13854726462332223,-0.012098722853818078,-1.1102230246251565e-16,-0.0001328183491873247,0.0018607633285476766,-0.0021082650709190465,0.0,0.00033273409518275177,-0.00031744009511158744,0.0014773463497157469,-0.10838410575266585,-0.000271895662227406,-0.0017574922357163625,-0.07628441463414348,-0.030827698629898703,-0.12821211835059038,-0.0016397600586088301,-5.636485136584213e-05,-0.14720415073770565,-0.009229918382842262,-0.0007282952431668654,-0.13274515235545092,-0.008192710493240551,-0.09507134728366001,-0.011031516009280318,-0.007870661001044,0.0027148716233547643,-0.00011039485749475553,0.004441702017626947,-0.0013196253900569777,-0.003111105073078879,-0.0013723301657361242,-0.00016372294077304783,0.0,0.0,-0.2986668508877558,-5.551115123125783e-17,-0.0018376737307972402,-0.07429823680213049,-0.00415874023084184,-0.042182611351817834,-0.006210547869325955,6.485708230830056e-05,-0.20509425139333295,0.0011233697829002298,-0.0043906964485637134,-0.014208052342146948,2.220446049250313e-16,0.0,0.0,0.0,0.01332086549362832,8.73611010200337e-05,0.0,0.00011930434606888252,-0.07240819871830628,0.0,0.0,-5.551115123125783e-17,-0.06553844211850585,-0.0009728840736629163,-0.002358894794654842,0.0003011824850200906,0.00019386979431812446
-0.029386642773795768,-0.04622948097456836,-0.0012788492954211028,-0.05147239266380982,-0.059836993083597745,-0.021220534027805105,-0.0788920426915638,-0.04103317484935659,-0.057412885511764544,-0.0052960050741823195,-5.454927278020216e-05,0.002108819482102675,-0.06448360872617565,-0.0007225667991138107,-0.04373926859693672,-0.024620725222757545,-0.004893451006604876,-0.012070938609154425,0.00033273409518275177,0.0,-0.020756068146590145,-0.01962997031905267,0.001109969238559494,0.0012427580148633988,-0.016200744178967497,-0.02423885506677459,0.030098956478750716,-0.04175922735108323,-0.023658194439213964,-0.02422997617342909,-0.04885424769144314,0.016901663122786126,-0.019317715851753625,-0.022959577077803606,-0.0416713313336724,-0.029624508210359224,-0.030644249422873526,0.0058857738482879784,-0.02591567455060173,-0.04596484366510312,-0.036404228868328226,-0.04853133364184736,0.0033539549525142265,-0.0004464697809836715,-0.0004431929205577778,0.0004411669721102185,-0.05094359967522388,-0.06884621070817937,0.0,0.0,-0.08407530674049091,0.0009954232893447101,-0.006170978486178147,-0.08587418070301628,0.0008467447153070462,1.1102230246251565e-16,0.0015500574204501683,-0.004182629599018217,-1.1102230246251565e-16,-0.05785682717514229,0.0036466359476059473,-2.6788837202529336e-05,0.0016184642494888046,0.0,-0.05991642694335103,-0.05357719044283271,-0.04992021305398264,-0.08209610200515532,0.0,-0.001020463958022133,-0.06270422764638084,-0.0765235058310188,-0.10245367372296771,-0.07197799140478373,-0.001062982238268284,-0.009160736360800614
0.0033789585491356133,-0.024762233180197546,-0.0014788737034451827,-0.00036789045570212453,-0.0007570229560612818,-0.018669565439033586,-0.06273602222633268,-0.007567849411749039,-0.02426107357609969,0.010925414211588602,-9.967304548036404e-05,0.016744692117558913,-0.06261996210626003,-0.005448601176874401,-0.00438626185258445,0.0004942651578476176,0.0015699368890934595,0.025764432836537843,-0.00031744009511158744,-0.020756068146590145,0.0,0.009253041156820963,-0.03888176166044849,0.02222164692247075,0.01625818534099921,-0.0027488306445605515,-0.015113888338369685,-0.051677279819236144,-0.036038130010722036,-0.05435463346412234,-0.0019183531058171166,0.01836690209630759,-0.039904365714110435,0.02392413971645746,0.015670409345075464,-0.0028516339523365075,-0.012291565607377652,-0.0031164280048821547,-0.01224679155945868,-0.0682722181680322,-0.024851320830557022,-0.006341022454355416,0.003038229932675107,0.0,0.0,0.025104537619761502,-0.07644965251696184,-0.09339191867272412,0.0,0.0,-0.0685940281296939,0.0004975069574756352,0.024985213218527647,-0.09651348215561456,-0.0006957359713534728,0.0,0.00039546849853933086,-0.06934889495972929,5.551115123125783e-17,-0.05798090930402028,-0.039808960877721455,0.0,-0.0007550081721094948,0.0,-0.06141381217694869,0.02180906726290216,-0.0911659461501575,-0.038988904618532105,0.0010792174366601182,-0.037366687636040286,-0.08978851175669933,-0.047080146769794384,-0.08184834593485124,-0.04306707162548229,-0.002613135159908575,-0.03379927946302752
-0.018508882870865273,-0.02458903474111518,-0.000967970229615922,-0.0033368645044588585,-0.0784588617747694,-0.027833332394237242,-0.07407836745681623,-0.04653814944031803,-0.07599505277758162,-0.006022561708293628,0.0004919532082987566,0.04029318418825906,-0.06736873549341393,-0.000597524434452934,-0.009758948951285429,-0.01891117089927441,-0.018296827466375953,-0.0037555105347039652,0.0014773463497157469,-0.01962997031905267,0.009253041156820963,0.0,0.014817046424812852,-0.003031029036934252,0.0009539496007495707,-0.021317850699080043,0.008181852457570749,-0.038917979517486545,-0.032261349030626885,-0.02793491444800772,-0.008639761988408101,0.05138199995333448,0.05859305890909999,0.024507899656147303,0.009022815596447908,0.006794732795451286,0.03707231136852679,0.005119919338125445,-0.00949936975654786,-0.04191748353500041,-0.030972413514355868,-0.032869895031478746,0.009714640139795228,0.0001905765982114782,-0.0003848110685194528,-0.03383443624197985,-0.062271462330050376,-0.047875646932643234,7.101734898540268e-06,-0.0001311024474035527,-0.04301100998868579,0.003737311193399817,-0.0016743435897326742,-0.03750193557798287,0.0010136354866171482,0.0,0.0012021937374928626,-0.03657615166354494,0.0,-0.05061339392948677,-0.040383994585022176,-0.0009484231816352939,-0.05147100324772064,0.0,-0.03651312156290831,-0.030893269550640645,-0.05308509410942752,-0.048908891812130206,0.002148607372844502,-0.037435070092638134,-0.0761375328824998,-0.05153394918000709,-0.0646572047757169,-0.04738375731649114,0.0004647422787890654,-0.039280822994087305
-0.032817992610426616,-0.014248862680698637,-0.10310896843566883,-0.01260583829615225,-0.07581919074791149,-0.0372665168306624,-0.09519172078974086,-0.04615456033468318,-0.07342032887234012,-0.012932358500331587,-0.06834319323438076,0.029342841118255747,-0.07869020837694696,-0.018788634909441215,0.0014275247264307622,-0.03246855244110747,-1.540367490632244e-05,-0.027841823483980954,-0.10838410575266585,0.001109969238559494,-0.03888176166044849,0.014817046424812852,0.0,0.0068954042366971,-0.04284663864854793,-0.032419478994684336,-0.019645205194045168,-0.05692052224685784,-0.03611822083588789,-0.050862031973550825,-0.04367521960842241,-0.012675959701035744,-0.012399848907564182,-0.038719169240407414,-0.052552137922271036,-0.0255539449679818,-0.00415052198030752,-0.01321411481629764,-0.06481552678158004,-0.07653497603453319,-0.06275183774611814,-0.010749666895650045,-0.040440529115542634,-0.003245188304416613,0.001081176461237121,-0.041655750467473884,-0.05574918881059843,-0.05647650212083266,-0.0012192343273301764,-0.05075336778396555,-0.054306449893957,-0.06666576053690526,0.018100127142387068,-0.06711834597753907,0.00232670028675358,-0.2819853945130829,-0.0034017868394371487,-0.06592202337521763,-0.009611051679673355,-0.055265058831995506,-0.04668704644753008,6.516680916895945e-05,-0.0017712806434798667,-0.049159680099932546,-0.08614156493691788,-0.03721702083533396,-0.07440306370810668,-0.03823723742252,3.821623074112823e-05,-0.05658973117783128,-0.07046756322244979,-0.054511815495047966,-0.08037432658448079,-0.047889337224232775,-0.010955053520697255,-0.07805959402138307
-0.0405063981897259,0.023613376294582877,-0.002051698478331365,-0.01652168880430005,-0.04984745950510139,0.042419212006403695,-0.04693320440812654,0.013897385366358428,-0.10776502265698035,-0.04776931040876092,-0.006670400950861799,-0.020045589552271204,-0.05201493465755219,0.00425725733375848,0.016907909199090465,-0.023895312404814684,-0.036078025973333816,-0.043423564473110354,-0.000271895662227406,0.0012427580148633988,0.02222164692247075,-0.003031029036934252,0.0068954042366971,0.0,-0.024569521901857738,-0.019141308716059457,-0.04739271642180193,-0.042213480719277,0.025858072511974084,0.0008268581400044939,-0.034496977946897156,-0.022520773182004794,-0.02364076712731822,-0.01297669274406904,-0.02684642137918597,-0.06005638954161657,0.000911659656168351,-0.008914437546915649,-0.1356471314098513,-0.013564673116360781,-0.07465231845896442,0.007089089414347549,0.0005289618902046267,0.0002162819388206727,-0.04275386066554954,-0.01463268455018557,-0.05375781353150105,0.0,-5.551115123125783e-17,-0.00025739695751303415,-0.00020603156518511634,-0.00041905499852462613,-1.6653345369377348e-16,4.447764694776035e-05,-0.04999707543752746,0.00043038770378239777,-0.051461800480377407,-0.0037945863850852857,0.0,-0.00197049108189179,-0.07842132488237347,-0.06427230990973576,-0.09917444278019183,3.1367057571063395e-05,-0.0009510828241590108,-0.001352637589889072,-0.005136068742481681,0.0005802448616524236,-0.05087382809455321,-0.08679184457102268,-0.06598829850971477,-0.000387009590149312,0.0031578201639878567,-0.02257443391185887,0.0,-0.005322834046153357
0.00322554096835026,0.00415054923839886,-0.006801856261191674,0.0007046946794012077,-0.06511001219330492,-0.02269920176886092,-0.06254743086995129,-0.004936372070792006,-0.041394986541519296,-0.03030683577541865,-0.0027109039061153917,-0.020801357615611304,-0.04961081802959538,-0.0005010686694305599,-0.023259437307141306,-0.0009405622675244807,0.01266231780360555,0.0032095400909965544,-0.0017574922357163625,-0.016200744178967497,0.01625818534099921,0.0009539496007495707,-0.04284663864854793,-0.024569521901857738,0.0,-0.007940821868067272,0.0055166463388744424,-0.02836788556242753,-0.012806891610602167,-0.0019668650500868634,-0.01504986014829579,0.018297804690462216,-0.012469605418014507,0.0045468527525528435,-0.014692395068976571,-0.0009116671326214187,0.0003526338452135014,0.02908628214008796,-0.024281796740505457,-0.026645863769494127,-0.04115825704252252,-0.03788818607045946,-0.0011144990324687964,-5.551115123125783e-17,0.0014225788573878906,0.0007290312671868748,-0.02611603118554201,5.551115123125783e-17,0.0,2.220446049250313e-16,-0.015660249957274497,0.0010467275673483045,0.0009589442445302465,0.0004696559419005153,-0.055956770525310284,-0.0003671205815145573,-0.06036643713462497,-0.0025328340717994946,0.0,-0.0014158247600717377,-0.03787667090071112,-0.06642516415892324,-0.07438450706266192,0.0,-0.022255722129424726,-0.014143944469087344,-0.023330493114371798,-0.07142207841860776,-0.046232378514758254,-0.06364601411734455,-0.05080422771948695,-0.035449515817345734,-0.023470150600473694,-0.02448927070907253,0.0,-0.04780740804481509
-0.019864394193470747,0.0016674666976929653,-0.019344720380770675,0.0009773927282335504,-0.045776446182252406,-0.01309675837780705,-0.0452889070682157,-0.013521381135047472,-0.004667848025054877,-0.021021481876745685,-0.0027317065325699885,-0.02792488179291247,-0.03554073023440818,-0.0016745063207528887,0.017618581421952717,0.002603140433822204,-0.00509148207411847,-0.014507533511735948,-0.07628441463414348,-0.02423885506677459,-0.0027488306445605515,-0.021317850699080043,-0.032419478994684336,-0.019141308716059457,-0.007940821868067272,0.0,0.0040090268573850785,-0.0261791984092542,-0.004080214329042153,-0.0018735896987461809,0.003731512988646324,0.033131798022923264,-0.013734837090070617,0.023875952380846277,0.02160644979047327,-0.0021015468251759373,0.0014561079214711614,-0.01189274760939596,-0.00798639060508577,-0.019125335840570634,-0.023702230153678283,-0.02770034447125458,-0.006116636570395073,-2.8572433470874792e-05,-0.005605887362839457,-0.0006649451285239971,-0.0352128649373577,-0.049777335339942774,0.0,-4.284248771524446e-05,-0.04443129639083215,-0.03995994758951299,0.0022045149857795043,-0.037016714641493476,-0.05218764879629084,0.0,-0.055267225483263294,-0.03413421951839729,0.0,-0.06086541607281548,-0.03538001395768947,-0.06300878562809781,-0.07679088481721225,0.0,-0.04946896725685962,-0.05169276230002562,-0.06719145225849937,-0.07046868633736403,-0.05553972309376537,-0.06721248603775176,-0.05883199138683176,-0.06060695640334035,-0.0217697000784543,-0.03498659264626236,-0.000468977279921845,-0.03799630332432996
