0.0,0.015711335634373658,-0.0011821720911721068,0.0,0.0003990379635812613,0.04739919831889883,-0.000548681767185033,0.014886070345310642,-0.0003532652069529463,0.0030255046457130508,-0.0007812584985499305,-0.0034545835751174647,0.041966625137250524,0.0037761417530801644,-0.01980907463082998,0.030260549733483466,0.004120560876716917,0.0233863141253019,0.0,0.012725098240449206,0.016696496709315944,0.027691455290396516,0.003354361938460615,0.0016684318849660706,0.018042802605815755,0.00042270274640637817,-0.019976525905568476,0.02485740248808216,0.03201212690022637,0.017444667300292538,0.01022750070015338,0.02220042535987632,0.02959914953998366,0.03210226420437845,0.02617834507110306,-0.005157117434303915,0.0005393871329809063,-0.0031683944588461466,-0.0007109386044000243,0.013039712216327048,0.009593453927014661,-0.011940565163031047,1.5650232370045813e-05,0.0,0.0002053038069955715,-0.02311070498781459,0.015715259891392386,0.0,0.0,0.0,0.008609873722286332,1.1102230246251565e-16,-0.00024319730742394796,0.0,0.0018750160582264863,0.0,0.001492545322430705,0.02571985158201634,0.0,0.06393513419950203,0.018384135602879104,-0.0010978661848575766,0.01772533617448152,0.0,-0.0012509773064030005,0.0409564658974339,0.027140904682013356,-0.02699353845267083,0.0015257798591469807,0.007093314444399645,-0.0006012444760215008,0.000461566609580355,0.0290467501898527,0.03797535086894055,0.0,0.0016848961972369403
0.015711335634373658,0.0,0.002181867604076293,-0.00017689767174566828,0.04386219136806074,0.029267016576066285,0.03261287954061648,0.021594739285429265,0.02963310802006841,0.0015016506632460347,-0.00013616826963630535,-0.0018910996815408865,0.0363242870898432,-0.0006453388888695843,0.007906889219829738,0.006806173726403741,0.022574356029992304,-0.0036580342990379933,0.0013179131792237508,-0.0009989128916204626,0.03689773604512331,0.004562700559139765,0.015930315303818443,0.013373086661563172,-0.010049993248545885,-0.0015978734708115838,0.01933899723164506,0.030205541819619708,0.021221151833209217,0.01767118724192951,0.00984937939442132,0.01586163287825615,0.021814506426545976,0.022652846918767622,0.023579544167477373,-0.0021317143401866634,-0.0002729589089418005,0.0,0.015761174564687286,0.031368105509043454,0.029839703644415128,0.01462176152662914,0.0003456047042528221,0.0,2.220446049250313e-16,0.01583297627135355,0.027850674754778926,2.796121470954871e-05,0.0,0.0,0.012998781020754469,0.005878906949994989,0.0017932388516185838,0.00040729871640882154,0.0015176692100500877,0.0,5.285468514470981e-06,0.016955490984964405,0.0,0.020848974383696595,0.031829397573299056,0.0029574745245415923,0.032147900955382835,0.0,0.017044788764055685,0.005842282281809941,0.0212766359038164,0.028606719874946118,-0.0011066826707083477,0.034640657365811234,0.023856785486957133,0.0248958949788583,0.029654369405982817,0.03375225885052008,-1.1102230246251565e-16,0.03001061175945896
-0.0011821720911721068,0.002181867604076293,0.0,0.01675192623735139,0.017735247859311076,-0.034553811034813586,0.019272685224606845,-0.005534776053992441,-0.012867934008547799,0.006316199976354964,-0.016944745495260538,0.00968784519353394,0.017728429851332383,-0.004598348235375305,-0.00032877707676093326,-0.0005061529554923339,-0.000838032229516894,-0.0011881256266100815,-0.03100961909024924,-0.0007452731769221344,-0.00443986402653368,0.0030177405234988464,-0.048908710618299045,-0.001235384369874748,-0.0007753263545990929,0.04509378736154818,-0.02116680610884414,0.024075062440749362,0.04399827175306903,0.022715958519057666,0.018982512812126096,0.006494515124165101,0.01781514912278409,0.024366195353084874,0.042079067632974865,0.027517337488615345,0.015394945677855432,-0.0020158649678107543,0.03174333147709962,-3.2052358328593655e-07,-0.0004573248064039248,-0.0002894010134718572,0.04398824991894379,0.002834412614563575,0.0,0.0,-0.00030426687219220483,-0.03666359070195363,3.515084022631676e-06,0.0036830654215734837,0.022797090007157683,0.015733305675769915,0.008089393715593696,0.0451909118552033,0.00017216369326650272,-0.08899841003144349,0.04552853555235642,0.030891262125469443,0.04247795279253441,-0.0003654413758657493,0.0,0.0,0.0,-0.07806361607159934,-0.0003108060513811184,-0.0007798634344484134,-0.0005185489754956363,0.02662217746895912,0.0,0.00012938971859144388,-0.0010446046745460902,0.008235288172553146,0.016372006247756143,0.03705874302036599,0.00041561838853887423,0.026671581922056986
0.0,-0.00017689767174566828,0.01675192623735139,0.0,-0.05363626895342227,0.015990355536584122,-0.0008554432648728572,0.00206697210447071,0.030702154468835674,0.11346925623444942,0.04176845544275826,-0.0048253783550613605,0.001357110095375258,-0.027397026309648242,0.0005020202384962702,0.00019834686305264526,-0.00025206321084131345,1.600659952033512e-05,0.01473484244291745,0.0009453719801689187,0.0005915171275755471,0.034786386169184835,-0.020543755729026003,-0.002552471748988261,0.0005134751104495794,0.002198541310783453,0.019850404632852592,0.021142929383129727,-0.001571172408646071,-0.0006711253794273175,-0.0031483295987626003,0.01857782919691986,0.19539049817793225,0.05741820714761958,0.05906365005576203,0.01053933041092106,0.03019166601410042,-0.01655007547620979,0.014046010605519799,-0.00064730679398467,-0.0004264526429677562,-0.001966557493549237,-0.0027847014989411667,-0.0014298720015211708,0.0,0.0,0.0,-0.0008312080967670665,0.0,0.0,0.00048538592905100764,2.220446049250313e-16,-3.663323443608979e-05,-0.00020643263641978438,5.551115123125783e-17,-0.0010459043200235496,-0.0011192785662788585,-0.0003683871777641623,0.0,0.0,0.0,0.0,0.0,0.0,0.0,0.0,-3.229949471522664e-05,0.0359017184981672,0.0,0.0,0.0,0.0007989475121545908,0.001756322697442414,-0.00014239680841243718,0.0,0.0
0.0003990379635812613,0.04386219136806074,0.017735247859311076,-0.05363626895342227,0.0,0.011597333513796881,0.0051319826779185895,-0.004983679325521129,-0.006407620680365933,0.017229850459270724,-0.0017560147600071407,0.017711986290635806,0.009931824635344977,-0.034290793046319656,-0.0005723512675921971,0.026753693870070483,0.005159518244855166,0.018263553059742477,-0.010273786798092654,0.017938653324845122,-0.0024484369546016738,0.02443800739070562,0.009081053021603613,0.028625818770874445,0.03632786207886762,0.028883538924077135,0.02215425425853801,0.001370601585290565,-0.010497745581683149,0.0008416838401786864,0.007332848849612605,-0.047894043517347884,4.7172716840515605e-06,0.012292946164527585,-0.016693911777455772,-0.021690202819025284,-0.025237265721333335,8.657363559844145e-05,0.0024575504167818063,0.0007792353440660982,0.001979886232867767,0.0002450857274440832,0.06366324070523616,0.0023952987237990664,-0.0005288568966312912,1.1102230246251565e-16,-0.00022511372078709568,0.016334360139041215,0.0,0.028042937855572936,0.07788923539003101,0.044845372797733596,0.0005331035393153494,0.03609199489290782,5.551115123125783e-17,0.029865437573415088,-0.0007534261443805645,-0.003995383096032312,-0.0009130572601526166,-0.0002662526373785057,-2.356215887372448e-05,0.0,-5.551115123125783e-17,0.044678568945118624,-0.00037349133040609495,0.00018134678043391084,-2.208335051256949e-05,0.08978007031297341,0.0,-1.027637307332574e-05,0.0005789597239307942,0.012081189913172752,0.026788251167362442,0.04924951091883206,1.1102230246251565e-16,-0.0017596936102893812
0.04739919831889883,0.029267016576066285,-0.034553811034813586,0.015990355536584122,0.011597333513796881,0.0,-0.006676954421385328,0.012301686958944125,0.02155716885667258,0.019203885529803844,0.032544806788183944,0.0210035677770416,0.011421313398240318,0.012731477633515453,0.02835435354225596,0.03207099862491963,0.009010052869256269,0.02901883426417523,0.03131939593333005,0.01367978344998294,0.01589048885072314,0.02359754979668488,0.0048725318527179096,0.04948826907423293,0.028780520481281158,0.028382193460776306,0.007463203600229451,0.023702503806519448,0.002223165987617459,0.010455849614846191,0.0196489943563547,0.006652841474946325,0.020265911231601763,0.012955444335930377,0.0036236753896094487,0.03015409004870223,0.032135634348739894,0.003878012396903663,0.03639191463455865,-0.0014856464967326066,0.04271400973459505,0.04748925444098556,0.0040155240338077824,0.038327212781028575,-0.0018063977056467229,0.001151260261320397,0.034963876604953426,0.04787878829490222,-0.000528826776016178,0.02470146540555751,0.03487812609164076,0.024558813104189947,0.01702493037884889,0.041800235197983704,0.0022536316504456755,0.04421822210845905,-0.001210455430892654,0.028196007374391097,0.04474285568580744,0.02187090205786002,0.04023094792350129,0.0,-8.504709949086475e-05,0.05437779955243993,0.030135270289982363,0.0422201776024011,0.00964430937592442,0.03748695121222767,1.484863561485028e-05,0.03294572713811739,0.0349422651364803,0.04122974789899836,0.030104401625996924,0.04190568008764556,0.025323324728841468,0.027395869020533592
-0.000548681767185033,0.03261287954061648,0.019272685224606845,-0.0008554432648728572,0.0051319826779185895,-0.006676954421385328,0.0,0.020380877356385108,-0.006066406151265635,0.022774451176912736,0.022687340540612666,0.007885316355531358,-0.01326883336130219,0.018611052641171466,0.0002027284655041206,0.03478778305365027,0.02411542660445598,0.034900497781486184,0.025984444022423114,0.010070957230142785,0.01927064211794416,0.025684451715574985,0.016020896293112652,0.0339839186891448,0.03716353463586597,0.03182147989844997,0.01972148568976112,-0.02676609491410803,0.002657288621681131,0.02843580404650836,0.016206862735464456,-0.0018088801977897417,0.04761176512789966,0.012854412091623302,-0.0009713847951595134,-0.01341417173693149,0.033061704760279365,-0.0028590852704595826,0.012573813203090756,-0.0008657186371123782,0.07643099485745042,-0.0006340638828098988,0.01614174815487396,0.0028159318803442357,-0.0009712751574062484,0.0,0.0337130406118511,0.03572844611071069,0.0,0.014295416858749577,0.020954852046512817,0.022373883330142674,0.011604916505296436,0.03770223622476965,0.00038377792954186196,0.022051945871738254,4.534212984941277e-05,0.02696424859995561,-0.0015830675189009158,-0.0011768525775042726,0.03471825169897841,0.0,0.008051100184196691,0.03486043155942664,0.027731702418611837,0.0001583639683585547,0.035124850365318594,0.030118034915581737,-4.9379987215547594e-05,0.038933654648977856,0.03815867024629882,0.030401253345071155,0.02784154875769107,0.03314308039698355,0.001314739661972264,0.019266705529639383
0.014886070345310642,0.021594739285429265,-0.005534776053992441,0.00206697210447071,-0.004983679325521129,0.012301686958944125,0.020380877356385108,0.0,0.03938849344213197,0.006657992675258462,-0.03509669818985178,0.029093617472290223,0.009490227332315415,0.0290172579830979,0.03624605920734536,0.028033411018641763,-0.0001137507951313732,0.02640470945185519,0.009906356638273772,0.0040091036075371456,0.0014341585515438848,0.023320220447353268,0.013553545084531715,0.006419065565844817,0.026637056341370258,0.015933845837955207,0.018640311457839176,0.004317145081352003,0.007284061554553578,-0.011314493813437465,-0.010340144426428721,0.013243459227260113,-0.01981920493997108,0.00484984767434643,0.007989312744876353,0.08256825994858336,0.05603576300631408,0.0023417813675000176,0.008827989883111953,-0.0012123213098427787,0.01969019357842705,-0.004068805940726339,0.08767680475875156,-0.0014958875523127801,0.0,0.00022400990649301677,0.022104024631678043,0.03857267714131474,0.0,0.017176223181553263,0.011640843050785,0.020831951763091994,0.005684538949626394,0.03449797138060362,0.0005354850048654991,0.0625092615170127,0.00017458858801827626,0.010343943291997892,0.07336882060003463,0.002901691745589907,-5.8632443307171656e-06,0.0,-5.265595970910253e-05,0.045687814227331924,-0.0013454941807757304,0.10400070524099958,-0.0029287097174233723,0.014924876375255858,-5.551115123125783e-17,0.012435468483922518,0.02040648408368556,0.032810986410099385,0.014832685485794084,0.01983936917086454,-0.019360336906891595,0.008534100575451231
-0.0003532652069529463,0.02963310802006841,-0.012867934008547799,0.030702154468835674,-0.006407620680365933,0.02155716885667258,-0.006066406151265635,0.03938849344213197,0.0,0.02415304167887622,-0.009858448841814083,0.019142112026403257,0.04607168114261023,0.03052659426570148,-0.0013835359608342923,0.06895287855584131,0.017871128493752775,0.029962574426844912,0.004309193351820784,0.014426141952687654,-0.001488040419598824,0.03837204317174925,0.007141209828127437,0.026508984862002927,0.06924514408353055,0.05081299034111597,0.018479328381511395,0.026660753591686848,0.011887066985461103,0.022338420912419554,0.026665227221482346,0.026338857165016938,0.01860451917922984,0.03286512538156766,0.022047790830199088,0.0488072813752069,0.03648107789674804,0.013538215534760756,0.05213306378524363,0.0004938429991258042,0.06997424417830428,-0.005141613248877797,0.040869508633808393,-0.0036728861236901,-0.0018946151911601872,-5.551115123125783e-17,0.0009687470237321194,0.041813324803946506,-1.6886628462775555e-06,0.028918826949146603,0.043671416707506516,0.03251826509852307,0.02175877801467807,0.03420004603613003,-0.001992525947101642,0.04448298875611956,-0.0013281635774684553,0.03051811379109093,0.04602754621004479,0.0003359103863248003,0.000700026031589196,0.0,0.0,0.048569935295380784,0.0005241793505494363,0.0007033445696738583,0.000686198492978185,0.03636615239953389,-9.833965602973338e-05,0.00012907096791126005,-0.0008266660419263272,0.04741597298169109,0.050243300100826116,0.03723428053663369,-6.391170249131495e-05,0.044730068605381645
0.0030255046457130508,0.0015016506632460347,0.006316199976354964,0.11346925623444942,0.017229850459270724,0.019203885529803844,0.022774451176912736,0.006657992675258462,0.02415304167887622,0.0,0.025355745059123136,0.016610973231848236,0.007688045432245716,0.057725914957727165,-0.0007621263020596847,0.01637281529802387,0.01144585089336786,0.008013764943175017,0.008687104789207534,-0.0038490319314237187,0.0019919507910271528,0.0017482307428434152,0.001980245259531832,0.02313474694864137,-0.01566387905640909,-0.03285232083417389,0.023515318496821702,0.026900312210577537,0.02508409232212011,0.0005709513810891464,-0.0005562008119707751,-0.005375009639507378,0.006575960933554503,0.014284550470362478,-0.004071220044713886,0.054456865418750555,0.052670146705045606,0.023793858302815274,-0.09281833078204466,-0.013530565183272225,0.0027401173035110915,-0.004693787640159652,-0.010560098396013462,-0.0018892961647333784,0.00533926445591365,0.003197452062643158,0.00042139333440804894,-0.0007838878394390569,-9.588461573839524e-06,0.00040116647393723115,0.0021925394790877073,0.0007111817071260296,2.8889009493382467e-05,-0.0017226193141139379,0.00844353732591524,-0.0002297972634400236,0.011532299933694368,0.0035431757765919114,0.0,0.000781775772957849,0.0019541743853642712,0.03784603432490913,0.07058524900451074,3.151777565602032e-06,-5.1208421120385594e-05,0.0007941666970171513,-0.001457929240601008,0.03823207173147908,-0.011898375201278788,0.05453439247350217,0.025653121092697018,0.014532395585807434,0.008807056218161136,-0.0009229044647741103,-5.551115123125783e-17,0.015145214388611827
-0.0007812584985499305,-0.00013616826963630535,-0.016944745495260538,0.04176845544275826,-0.0017560147600071407,0.032544806788183944,0.022687340540612666,-0.03509669818985178,-0.009858448841814083,0.025355745059123136,0.0,0.020844877662551997,0.026722831008196835,-0.014259460647354727,0.0,9.898902319749325e-05,0.00447572382305067,0.00990462246367979,-0.022007926557261193,-4.8686493069272085e-05,-0.00017061299625148463,0.07345247762169382,-0.018021832926906345,0.02049791405199647,0.005930956762365491,0.01731270550195796,-0.027336673440157278,0.025777435246226332,0.02781735813010222,0.0003714172115637515,0.01980703794563332,0.014752929048038377,0.021712209021010676,0.024453754982126485,0.0073542488310213705,0.06158423411397701,0.042222077824106086,0.010976875314120726,0.06713953601255529,0.000965293484692431,-0.0010572744078627405,-0.0012898131353359377,0.0799851478144446,6.647286817307307e-05,-0.0006916043876174505,0.0,1.1102230246251565e-16,0.02182205454606989,-3.2698896013094725e-07,0.008489551015048946,0.05266964152600928,0.03620118345938078,0.05456713400999347,0.08671440227695587,0.014807508107098188,-0.025653221446356178,0.010277853181843544,0.024672921770055423,0.08821457581631775,5.551115123125783e-17,0.0,0.0,0.0,0.002075263709777786,-0.000567738249985017,0.0,-6.755968669280854e-05,0.05042460805717286,5.551115123125783e-17,0.0,-4.7757736015119345e-05,0.06564337013023713,0.009454574305586438,-0.0014075647464830143,0.0,0.06589647100128565
-0.0034545835751174647,-0.0018910996815408865,0.00968784519353394,-0.0048253783550613605,0.017711986290635806,0.0210035677770416,0.007885316355531358,0.029093617472290223,0.019142112026403257,0.016610973231848236,0.020844877662551997,0.0,0.018025157462763508,0.002275625695058958,-0.00032036441709271113,0.001205931148629047,0.01332707949453149,0.026067644792031552,0.010468547249666171,0.003850636307674571,0.019902345673405708,0.001371271705962518,0.05252977230673467,0.01772025587445647,-0.006069011338271035,-0.0007649513224092241,0.024034460048932726,0.02841211464279092,0.002734647108116939,-0.0014092935956243613,0.01843696406701778,0.026299076527112497,0.050479918896696785,0.015855476684560776,-0.020454479971277584,0.034173378554285705,-0.00037236032483356496,0.05070604800481443,-0.06173777883689113,0.00899883265875151,0.05464811575291867,-0.005112643829482844,-0.00036736773437739956,0.0008148677298682183,0.04035692947412689,0.0012531544434377095,0.0013216375243412237,-0.000720510142543429,-0.000670176412694623,-1.8337943220592123e-05,-7.931394098181777e-05,-8.923900741353297e-05,-0.00016269592904677443,-0.00030847429211328103,0.0112707364144356,-0.0014371470817195475,0.01113367098764445,0.011906219288609965,0.0003508217898063326,0.00012186351642534676,0.001534870074319683,0.03737342265434218,0.04633770196731146,-0.00024150404591727348,0.0005019757101264455,0.0012460292487680436,-6.338057425669952e-06,0.0014008434392674407,0.01027982344208267,0.046535365009712226,0.023438454013651855,-0.0011141071078188958,0.028054931368399372,-0.0008342221129127858,0.0,0.025860230615870505
0.041966625137250524,0.0363242870898432,0.017728429851332383,0.001357110095375258,0.009931824635344977,0.011421313398240318,-0.01326883336130219,0.009490227332315415,0.04607168114261023,0.007688045432245716,0.026722831008196835,0.018025157462763508,0.0,0.015020234310485325,-0.003853653121508649,0.031492640790799775,0.008703953627293814,0.026322732628081547,0.019825955986106314,0.013206763379901731,0.016515542233585867,0.026767112519336,0.015847975179316243,0.022485425421228555,0.02018149440521988,0.007475712419146907,0.02572115513206047,0.006091492845420765,-0.006646966956928957,0.022673103007301743,-0.0053487697274070545,-0.0077286365552842184,0.018510246764157523,-0.0008997043606899235,-0.029928672916365695,-0.01575279571065863,0.001096232846639178,-0.0016232627812203249,-0.008602313498216996,-0.044786568863434684,-0.0068023280387908835,0.1123989502469655,0.012182866431080408,-0.005283963983180373,0.04340133859697265,0.0005942455071077934,0.04026646663788508,0.032255171429240725,0.0,-0.003842005951537386,0.025256453016590685,0.023890707554192314,0.006870545379182247,0.03035813612415439,0.017096660806788677,0.010863173041831875,0.043784629437146616,0.02362564091458519,-0.000772267915075342,0.021465921244068653,0.03339909283172732,-0.0003344563823047264,0.032095279370932595,0.01964707289959222,0.028675858294274603,0.04151835166072687,0.032020189268537724,0.028165819217217947,0.00046536125097323966,0.030399267039217803,0.028707403696972777,0.02463463309633407,0.03188074253904766,0.027880776714405586,0.014590092492661744,0.0263746703270179
0.0037761417530801644,-0.0006453388888695843,-0.004598348235375305,-0.027397026309648242,-0.034290793046319656,0.012731477633515453,0.018611052641171466,0.0290172579830979,0.03052659426570148,0.057725914957727165,-0.014259460647354727,0.002275625695058958,0.015020234310485325,0.0,0.00030697749363028937,-0.0005082349870631497,4.393782249551004e-05,8.779574533140933e-05,0.00010145426650209899,-0.0003594834505720179,-0.004968121639429168,-0.0005390589378528321,-0.008011655503142867,0.005022988807760753,-7.077626893925437e-05,0.00500541839121843,0.008099984532494553,0.022601179223194046,0.0009685094679555695,0.008727236014513362,0.0008609674932358868,0.05962177583604583,-0.0015286761774655488,0.0297734885090708,-0.004815068621325691,-0.00860740745853203,0.00043432784615135556,-0.00047815135202933234,0.032499753645280516,0.0,0.0006913538899507854,0.0008692734941513347,0.07939241252199986,9.412373150330389e-07,0.0,0.0,0.0,0.06928302562285749,0.0,0.04186855374242898,-0.0010835129152788614,0.05686437771598357,0.04774389250530242,0.042673911938346965,0.0,0.06679851227712097,-0.00012388233793325654,0.0017459923170739522,-0.0026227472608376656,1.1102230246251565e-16,0.0,0.0,0.0,0.07142417821687064,0.0,-1.1102230246251565e-16,0.0,0.046845983228474664,0.0,0.0,5.551115123125783e-17,0.07203495401372789,0.00011091571166133019,1.1102230246251565e-16,0.0,5.551115123125783e-17
-0.01980907463082998,0.007906889219829738,-0.00032877707676093326,0.0005020202384962702,-0.0005723512675921971,0.02835435354225596,0.0002027284655041206,0.03624605920734536,-0.0013835359608342923,-0.0007621263020596847,0.0,-0.00032036441709271113,-0.003853653121508649,0.00030697749363028937,0.0,0.02046314107727032,0.013484410676600389,0.01737610357424313,-1.1102230246251565e-16,-0.02970115278648805,-0.014397346649898168,-0.031406227508585016,0.0035631606526507764,-0.03303968456544931,0.01081621922550835,-0.04490382400700765,-0.01684933037149733,-0.014126139698984075,-0.0032560200681588936,-0.0011478553610294595,-0.0020144084970614706,-0.013435835172431854,0.005268125179954619,0.003898585269207,-0.00021782694600264163,0.027198474728855504,-0.0022656928190838976,0.00011003227005590421,-0.002131694704722964,0.006391441401890519,0.018432359275236565,-0.00011641624651237414,0.0018069360217178865,0.0005004427967237324,0.0,0.00265746815857526,0.022110542826726365,0.00046333042291590854,0.0,0.0,0.017131382502686476,0.001637318698518797,0.0016345248244093447,0.00040260349848719734,-5.551115123125783e-17,0.0,0.0003564278995906167,-0.05424292033581274,5.360185329261746e-06,0.020087454640128788,0.025261203109796404,0.00011155799625811591,0.003314683516944583,0.0,-0.004513572568809465,-0.004963296943177098,0.007923896818438025,0.002974560129931525,-1.629276438608329e-05,-0.004530913213912358,0.015837694498806787,0.007542267917685197,-0.0019496403103625437,0.007222725661578,-4.979733599708158e-05,0.01105169318215865
0.030260549733483466,0.006806173726403741,-0.0005061529554923339,0.00019834686305264526,0.026753693870070483,0.03207099862491963,0.03478778305365027,0.028033411018641763,0.06895287855584131,0.01637281529802387,9.898902319749325e-05,0.001205931148629047,0.031492640790799775,-0.0005082349870631497,0.02046314107727032,0.0,0.022999526274898874,0.0042584416581268325,-0.00016379143836547927,0.006914198364342761,0.04289994857742463,-0.030088038828434527,0.03421655170279775,0.03855142919050114,0.019127955273055608,0.007223972985259897,0.024606949327477534,0.028961645741024944,0.012550778574021093,0.02057223254566576,0.005330689278118139,0.009724661257783873,0.015838962430479497,0.009143862105588263,0.012366547527787208,0.00033646051451746706,-0.000489211871469275,0.0016527403059981016,0.017614330127422695,0.026333511608860605,0.025140034634464847,0.011910523230105052,-6.989272695656634e-06,0.0,0.0,0.014125589278343509,0.024156414163337137,0.0,0.0,0.0,0.017337561479523866,0.0005821807109488986,0.0007847867229248684,0.0,0.042156677891910466,0.0,0.01805080349988125,0.015314169646138243,0.0,0.03520096037152526,0.028205318570364124,0.01235931955770081,0.022814059445674217,0.0,0.017656035556978478,0.0012417294912498988,0.018516492377176175,0.03857380324800641,-0.0005418153812762894,0.02428819026246065,0.015635443318091136,0.031053598827889384,0.016226602663370504,0.03803997000356352,-1.1102230246251565e-16,0.02157115104584495
0.004120560876716917,0.022574356029992304,-0.000838032229516894,-0.00025206321084131345,0.005159518244855166,0.009010052869256269,0.02411542660445598,-0.0001137507951313732,0.017871128493752775,0.01144585089336786,0.00447572382305067,0.01332707949453149,0.008703953627293814,4.393782249551004e-05,0.013484410676600389,0.022999526274898874,0.0,0.03625932972519674,0.003789289877146107,0.02531226991990848,-0.0017071358558092276,0.033329845272767,-0.0001724184707880272,0.04350900885945891,0.007245270058930553,0.021484979010305993,0.00021757215205175928,0.02453172425785899,0.03470830184032292,-0.00041516165873173305,0.014569095653347075,0.017047908879160578,0.030431430712745178,0.018148427688978674,0.003388215019690388,4.828037333143298e-05,-0.00032689338927371914,0.02534364653227239,0.0025797871796605087,0.057617603337193235,0.027983070492070716,0.0008704688582292786,-5.551115123125783e-17,0.0,0.03275703054559187,0.008953085941374728,0.05261920896571898,0.0,0.0,0.0,0.0,0.0,0.0,0.0,0.03994493306649122,0.0,0.025420342945943253,-0.007571814717285685,0.0,0.00031449525968046954,0.0016432090456879878,0.04823794614687066,0.037315490674538654,0.0,1.1102230246251565e-16,0.0,-2.110680141842458e-05,0.0,0.026057673807660386,0.05208170110760091,0.03670353241372176,0.0,-0.0018548509457872453,-4.212133009184882e-05,0.0,0.03358736420088687
0.0233863141253019,-0.0036580342990379933,-0.0011881256266100815,1.600659952033512e-05,0.018263553059742477,0.02901883426417523,0.034900497781486184,0.02640470945185519,0.029962574426844912,0.008013764943175017,0.00990462246367979,0.026067644792031552,0.026322732628081547,8.779574533140933e-05,0.01737610357424313,0.0042584416581268325,0.03625932972519674,0.0,-0.0011726315674189247,0.024736368565919764,0.05725545859578007,-0.004324312558410204,0.04674075139677064,0.01745224232025322,0.006638455127353282,0.012487529206282821,0.027594730975451953,0.035013713197633134,0.029769811179575723,0.03504793351981045,0.011502292657815216,0.01045503019572569,0.027790417727878214,0.022004567681855325,0.013963336979327112,-0.001840540600222318,-0.0004496324362838755,-0.0006757134562992428,0.009543108769914654,0.05073001751164474,0.037205495251326104,0.037180320732121686,0.0,0.0,0.0018522423147211975,0.004637238833044122,0.032439657744758155,0.0,0.0,0.0,0.03794492891336426,-1.4268768907088614e-05,-0.00028529026269719093,0.0,0.03781329898373326,0.0,0.026742873642147058,0.03434416997461798,0.0,0.0003771090549983258,0.02997841697952708,0.03086861803665336,0.03155992176539052,0.0,-0.002414235046544866,0.0027617893863118304,0.028106459676911832,0.002047480415923786,0.011162211819228163,0.033907858407818126,0.023993642995839726,0.00042130874891976866,0.041617004266195246,0.03799187906330953,0.0,0.027905334864585685
0.0,0.0013179131792237508,-0.03100961909024924,0.01473484244291745,-0.010273786798092654,0.03131939593333005,0.025984444022423114,0.009906356638273772,0.004309193351820784,0.008687104789207534,-0.022007926557261193,0.010468547249666171,0.019825955986106314,0.00010145426650209899,-1.1102230246251565e-16,-0.00016379143836547927,0.003789289877146107,-0.0011726315674189247,0.0,0.000431037906867493,-0.00040275585281390747,0.001144869572195062,-0.04490310117075791,0.03313353516809814,0.014367789487002902,0.010191582667235355,-0.011677172336868102,0.019711899296087354,0.0200819909789427,0.001028281557264199,0.016623955469492413,0.009066262180653095,0.000635776063194482,0.021924379212328315,0.009530529904780427,0.03234679275781149,0.011936617738293243,0.005806963752456207,0.03286025874153631,-9.968315945574346e-06,0.0017016714323148663,-0.003044336768138145,0.05361121011010472,-0.0019133833933154265,-0.00016088864088809052,0.0,0.0,0.0812658336407715,-5.551115123125783e-17,0.03868205099931765,0.02988895450125706,0.01668469241767212,0.02001981782719031,0.034857184966334165,-3.757231176992892e-05,0.10352873438787408,0.015265440780806772,0.022788494662929648,0.05513935778798318,2.220446049250313e-16,0.0,0.0,0.0,0.05451411107289372,-3.625830393322316e-05,0.0,9.60862461061307e-05,0.02975909439918245,0.0,0.0,-5.551115123125783e-17,0.03925884883649022,0.03543735329158704,0.04148987429542178,-0.00012500261505021815,0.0276456013865507
0.012725098240449206,-0.0009989128916204626,-0.0007452731769221344,0.0009453719801689187,0.017938653324845122,0.01367978344998294,0.010070957230142785,0.0040091036075371456,0.014426141952687654,-0.0038490319314237187,-4.8686493069272085e-05,0.003850636307674571,0.013206763379901731,-0.0003594834505720179,-0.02970115278648805,0.006914198364342761,0.02531226991990848,0.024736368565919764,0.000431037906867493,0.0,-0.017263527559468084,-0.006378131451018787,-0.05037378958892946,0.0263859004322598,-0.023437333762699353,-0.011852929328045658,0.0018184289851772006,0.033886155517497185,0.002954305978463634,0.02593510742362859,0.003004538916047017,-0.008559727691185293,-0.002716126959622256,0.011883673545825424,0.011431649628005358,0.020030214146969816,0.050083256519049046,0.004790591557521318,-0.004853507028048154,0.017838311113784644,0.011929137210440255,0.0077444129153310115,-0.08119334316558907,-0.0017158462677800412,-0.0005054759097040673,-0.0017057610375839083,0.022590459067538537,-0.0009800949397040792,0.0,0.0,0.006961713631794875,-0.018171011401389325,0.003127287464869122,-0.01480014339941016,0.0006464553192313538,1.1102230246251565e-16,2.6526267914495083e-05,-0.014368485363410843,-1.1102230246251565e-16,-0.003314992901420011,0.028336581918325165,1.1118424447065234e-05,0.0008592858744553289,0.0,-0.004775088403369321,-0.00866222629408453,-0.0016618291089794401,-0.002014103561892744,0.0,0.021227628600844484,0.023951813894028673,0.006017794363095685,0.020479346200698967,0.014391918994372421,-0.0003110551597517719,0.01121880627417271
0.016696496709315944,0.03689773604512331,-0.00443986402653368,0.0005915171275755471,-0.0024484369546016738,0.01589048885072314,0.01927064211794416,0.0014341585515438848,-0.001488040419598824,0.0019919507910271528,-0.00017061299625148463,0.019902345673405708,0.016515542233585867,-0.004968121639429168,-0.014397346649898168,0.04289994857742463,-0.0017071358558092276,0.05725545859578007,-0.00040275585281390747,-0.017263527559468084,0.0,0.0320095459720206,-0.01768818354836199,-0.0007196849404565442,0.049717007530009516,0.0006588594556551364,-0.01078027328806852,0.000331449549098195,0.0026373916383570783,-0.01333584006456856,0.019070318035831146,0.003490169482569694,0.035333227731512984,0.040082933213497984,0.0388178833182824,0.0279315462161443,-0.0009973726772352642,-0.001604191888530726,-0.0020227369639227444,0.006592807007725465,0.010854599126514486,0.0023736349393690404,0.002041419481241591,0.0,0.0,0.03142040488914655,0.00485193478706869,0.0014982319536647193,0.0,0.0,0.026741417748861074,-0.00041607823270112254,0.07537488230830869,-0.000995089956353501,-0.0004227985923451194,0.0,0.0010485709701411605,0.016999980140324555,5.551115123125783e-17,0.00895787672240378,0.018832308721225932,0.0,0.0004826069327444338,0.0,0.0008251597383910347,0.006167894994260403,-0.006488177763375957,0.037345891846165324,0.0012742947985267539,0.014167417648539238,-0.0017122294133513627,0.027391796944507774,0.02950867524817352,0.03426441442863287,-0.002130980158925766,0.004208258847162416
0.027691455290396516,0.004562700559139765,0.0030177405234988464,0.034786386169184835,0.02443800739070562,0.02359754979668488,0.025684451715574985,0.023320220447353268,0.03837204317174925,0.0017482307428434152,0.07345247762169382,0.001371271705962518,0.026767112519336,-0.0005390589378528321,-0.031406227508585016,-0.030088038828434527,0.033329845272767,-0.004324312558410204,0.001144869572195062,-0.006378131451018787,0.0320095459720206,0.0,0.023080546524111956,0.06670433108650203,-0.005316736615985529,0.009523169134176224,0.0030074025238728264,0.03851858178483325,0.013612372375928938,0.023526785947317108,-0.0016718149329227883,-0.001496387783957387,0.01811286988515909,0.014576185684948895,0.014602272607383004,0.014778358034942651,-0.0005126973352778674,0.004003310110975711,0.009916462493984979,0.02953968037794641,0.026676749424268065,0.015636350816380817,-0.07900242746379632,-7.610900598753467e-05,-0.00036437749876772063,0.01681738037537034,0.02328899497148096,0.0007221178903280556,-2.9475001964152092e-06,-0.0001436436766704685,0.027366995014139084,0.01509454752751016,0.021072098207531698,-0.008251171379522748,-0.000785638058136362,0.0,0.00046614886434659386,0.032113453814470116,0.0,0.018654419059628446,0.031397169014490744,-0.0006175802181047074,0.023367796585243794,0.0,0.007796497881754738,0.007235090605486438,0.01571928022113811,0.011389670005231778,0.0013879508862940093,0.019618975792092375,0.019927361115888498,0.018377350573226314,0.009561893505295294,0.02008600859951798,0.0007274939247642886,0.028752321214019216
0.003354361938460615,0.015930315303818443,-0.048908710618299045,-0.020543755729026003,0.009081053021603613,0.0048725318527179096,0.016020896293112652,0.013553545084531715,0.007141209828127437,0.001980245259531832,-0.018021832926906345,0.05252977230673467,0.015847975179316243,-0.008011655503142867,0.0035631606526507764,0.03421655170279775,-0.0001724184707880272,0.04674075139677064,-0.04490310117075791,-0.05037378958892946,-0.01768818354836199,0.023080546524111956,0.0,-0.0053371854803071495,0.01714716889393847,0.0018727114432384728,-0.01325520848022449,0.00961381752030288,0.006324813078362079,0.0011010211987969032,0.010908681611748738,0.00010555422948332893,0.013365458947482423,0.015776892274091348,0.006480233612024211,0.023253761456311528,0.015136151894161343,-0.06753136082161809,0.032348344810203156,-0.001549332163922501,0.029039093379773173,0.032067141423335443,0.032287950788191244,0.03278225112770872,-0.0003106271091140589,-0.0003058573350022131,0.008793131579297286,0.06300718416963502,0.00020354708022318757,0.03043447376310282,0.034543196414969946,0.03218749470883597,0.022423548161665974,0.04262643166388902,0.0017866326002785038,0.05682372040725325,-0.012188058418638625,0.027506671737777433,0.04530669218386596,0.014390122982035458,0.025383047787331414,-2.704679709403246e-05,0.0003060175300338419,0.07736369425356915,0.014752624096733336,0.04409274488149839,0.001214406589342354,0.04918086226292584,-0.000563779989258828,0.02620606187618474,-0.00081801380253399,0.04135568195169814,0.02999071000357345,0.03825124424477255,0.02687406597137021,0.025791225980341004
0.0016684318849660706,0.013373086661563172,-0.001235384369874748,-0.002552471748988261,0.028625818770874445,0.04948826907423293,0.0339839186891448,0.006419065565844817,0.026508984862002927,0.02313474694864137,0.02049791405199647,0.01772025587445647,0.022485425421228555,0.005022988807760753,-0.03303968456544931,0.03855142919050114,0.04350900885945891,0.01745224232025322,0.03313353516809814,0.0263859004322598,-0.0007196849404565442,0.06670433108650203,-0.0053371854803071495,0.0,0.016073687231352995,0.029473412523741083,-0.02133737739683217,0.04462822128962257,0.02292126688103019,0.0005792877112387185,0.011070719400999185,0.04603073335251601,0.045849996164247564,-0.010249982332269536,-0.040578175849457,0.11337893623193696,0.0009334264291814831,0.04832263769106146,-0.04489080507676313,0.04420280058808962,0.08577582334840789,0.009095764565016484,0.0011792359956483978,-0.0003360704086313726,0.05453901095919622,-0.0033432449362715833,0.018146668591576376,0.0,-5.551115123125783e-17,0.00010682989348803629,0.00027192770964795665,-5.598933974693132e-05,-1.6653345369377348e-16,-0.0005750069212330788,0.020896463135820498,-5.3532095419528414e-05,0.025411514631589915,-0.0008231694049956051,0.0,5.90711809780875e-05,0.027699431711034894,0.02065642838161319,0.03522464487177396,-1.3018566542788435e-05,0.00030495509045685987,0.0006481921479621899,-0.0017700293668358458,0.0007762554337378269,-0.004874588472187413,0.02109905614110663,0.007013289321785798,0.0008735311118372446,0.0038101174100193536,-0.0005251421088789954,0.0,0.037614092290887524
0.018042802605815755,-0.010049993248545885,-0.0007753263545990929,0.0005134751104495794,0.03632786207886762,0.028780520481281158,0.03716353463586597,0.026637056341370258,0.06924514408353055,-0.01566387905640909,0.005930956762365491,-0.006069011338271035,0.02018149440521988,-7.077626893925437e-05,0.01081621922550835,0.019127955273055608,0.007245270058930553,0.006638455127353282,0.014367789487002902,-0.023437333762699353,0.049717007530009516,-0.005316736615985529,0.01714716889393847,0.016073687231352995,0.0,-0.002015889288594419,0.027207981676928783,0.01847574724745349,0.012024766132813725,0.008654838739661552,-0.000988311944316811,0.010568723032898797,0.02736279498142047,0.015536980864154448,0.015158835310723096,-0.0003250788407478944,0.0003074595656265,0.020288285499900693,0.012533470324385454,0.045963567116119874,0.04035953609778048,0.028031916973677684,-0.001100587145971721,-5.551115123125783e-17,0.02021159372375353,0.00596461734126108,0.02796911771185634,5.551115123125783e-17,0.0,2.220446049250313e-16,0.023274333786993118,0.011618017970570105,-0.0002974796364579313,0.0003537027736489895,0.02732661144436277,-0.00013207453353580867,0.015314191341747274,0.01667563510905834,0.0,0.02720059174339201,0.033851012899882515,0.0314489293734479,0.029350519243000694,0.0,0.023288690618671004,0.026255432850705862,0.01807582178592254,0.023077883058926663,-0.002525539356684925,0.03171308721516852,0.020610570898008773,0.0333623218872211,0.029711619274308543,0.039034408485796424,0.0,0.028537583115394838
0.00042270274640637817,-0.0015978734708115838,0.04509378736154818,0.002198541310783453,0.028883538924077135,0.028382193460776306,0.03182147989844997,0.015933845837955207,0.05081299034111597,-0.03285232083417389,0.01731270550195796,-0.0007649513224092241,0.007475712419146907,0.00500541839121843,-0.04490382400700765,0.007223972985259897,0.021484979010305993,0.012487529206282821,0.010191582667235355,-0.011852929328045658,0.0006588594556551364,0.009523169134176224,0.0018727114432384728,0.029473412523741083,-0.002015889288594419,0.0,-0.0006376942412153475,0.008660651666961727,0.005250222519642356,0.02054342261388209,-0.0018455280668306928,0.007331523500573756,0.029724636839951246,0.016070563377454605,0.024341010306619892,0.010432926717480528,0.0010743376659574921,0.02927330637164216,0.008528671522030407,0.0363138803156558,0.03450876576851758,0.0323838209162427,-0.003430815730002923,4.981092374922724e-05,0.03498801303971316,-0.0046600243618559745,0.018300384529101876,0.002282847227452034,0.0,-3.561900493442849e-05,0.01670598428138481,-0.001123879554956797,0.010059167769177035,-0.0006763831552386579,0.018921190361933626,0.0,0.008647202937156873,0.022726249599881232,0.0,0.022467793794041513,0.028868601996342058,0.02694976700134727,0.029092656516073956,0.0,0.005694127040813568,0.0030467880677442216,0.01686047221972209,0.0113169410140736,0.0011121404194609497,0.027522289602624095,0.015966116891147963,0.010917286843584506,0.02574326077631134,0.0210183004684803,-0.00024255034958481358,0.026118852237934254
