0.0,0.7485843593225423,0.368987605170197,0.0,0.40645351222598375,0.7814760751705228,0.49761064436262326,0.7513547420407747,0.44370190719476543,0.5715179592387314,0.4345032150419559,0.556214039504785,0.9661102506651301,0.5808053424698368,0.35859213012525515,0.9887895466113528,0.43620132994032923,0.8018782861203269,0.0,0.7573543973574133,0.523524096997646,0.8274444168912114,0.6643069760577767,0.7039110422212131,0.6455579364279311,0.7148810782949038,0.4917858728056234,0.732077697188178,0.8446354959131941,0.843008576521989,0.7297072079395512,0.8627370990129405,0.8354556842562321,0.7959656916530462,0.6849825565433755,0.6054170013539741,0.500585772515406,0.5124868393164494,0.5849141010795551,0.7170604406465511,0.6160721988171589,0.4834974482093196,0.469348907183051,0.0,0.4645241581390506,0.4637317279780355,0.7609943088074695,0.0,0.0,0.0,0.5905062320584611,0.0,0.5956045332369877,0.0,0.5708943818426858,0.0,0.5696405699357281,1.1649951894540016,0.0,1.0502716276353843,0.7905982087833365,0.2887812652716702,0.7393888810268285,0.0,0.47777888619273423,0.6847627012218074,0.8348579116795041,0.3023454475997558,0.6132536736554597,0.6899620360128423,0.6405325054932716,0.4639515503907916,1.3406896950807357,0.8873428224811923,0.0,0.5352693865328266
0.7485843593225423,0.0,0.6136467350734569,0.3373430646974559,0.7876060431289866,0.7415307125488986,0.7615615719179777,0.8066544449512394,0.6411043981512303,0.4748310016383676,0.32353644351159766,0.41918559544676703,0.817041589157286,0.499183052362312,0.6991556344011114,0.7247647154716659,0.7775411587610781,0.6236077922598433,0.6409461732862489,0.616658453995706,0.8917769272359785,0.7112684471682524,0.7974189240619847,0.5451909787787136,0.470602889781609,0.5150770051998571,0.8011480161804045,0.7715380329724517,0.6821030434544135,0.6029017788115922,0.7288318826601135,0.7185618198913921,0.6160776210465145,0.7167290008974798,0.7464996962327791,0.46182825673752803,0.22640848119261825,0.0,0.6899896851389877,0.879659801929753,0.7004296151507046,0.7568693181564621,0.6327525291389908,0.0,0.0,0.7722391125430283,0.8388684536989521,0.04456112701086417,0.0,0.0,0.7326070999058636,0.6711177305516363,0.5828408723105709,0.567051887138611,0.6140451540845528,0.0,0.44559816455418405,0.7760144045210529,0.0,0.7561208258789168,0.8422947533743119,0.6287079323700777,0.8319040061049539,0.0,0.7585244273371191,0.7328312140990045,0.8430616158953984,0.831335577712119,0.44143905492623126,0.8329518109651015,0.8086321738419762,0.8150095549456182,0.878458454199045,0.9314661593177552,0.0,0.9281358577746975
0.368987605170197,0.6136467350734569,0.0,0.6834813215126903,0.7795516800741411,0.3312447618414084,0.7234060046406077,0.671467500231276,0.3373982854368306,0.6340813044425092,0.5074126294013102,0.659668349283137,0.7573813444428832,0.6321094452313206,0.34191499627234767,0.44020059751074636,0.6171928603800145,0.5206008472506021,0.3384019260649582,0.3908011303156472,0.3910365956858543,0.5938537655295308,0.24141733029060258,0.4028113435578249,0.5179313156291045,0.8110627551555352,0.36448163606835354,0.8276850237825819,0.8839483681221698,0.7711387838859779,0.7608419730431524,0.6842110908034209,0.689343147814208,0.8088380099220271,0.8991152693422901,0.8454584410512358,0.6500396031458906,0.49577262647180076,0.825092919853652,0.4945428420816208,0.5180021658808781,0.5213658716599365,0.9039557841706847,0.6811638783816668,0.0,0.0,0.20154125378165466,0.4272198507163574,0.477574510202633,0.5516317018645501,0.7552068220487791,0.6793780397891741,0.7236894626289935,0.8732102451422872,0.370159985524929,0.3282881691213686,1.357046204860803,0.7701549832609327,0.7998823000263707,0.2465071825249943,0.0,0.0,0.0,0.28351262441032116,0.6366990878202674,0.4448121110700288,0.10225983952315157,0.8114075514414483,0.0,0.6335002625719621,0.3511483025722537,0.7569679184663274,0.6601625553967483,0.8501195259294398,0.6846893071538112,0.6544544185190078
0.0,0.3373430646974559,0.6834813215126903,0.0,0.12346110231220198,0.7055750736487706,0.4501239972718019,0.5705591904833702,0.8689608116631771,0.8053551442219391,0.8644546234312236,0.3422858237369455,0.47581269153723327,0.27036237317072354,0.6099295977882667,0.11119657150455627,0.5524377589464001,0.46788229266899517,0.681143356714078,0.5932484993371188,0.4141574485708791,0.8706568705896789,0.4492126375268334,0.23553577991645236,0.8763561511260317,0.6224634895903556,0.8038883578637738,0.5304392416385031,0.4622298317627371,0.4848895350300757,0.48345292379932153,0.5691415117510585,0.7891347240727697,0.5602791690978977,0.7125133705494077,0.3480525625459995,0.5498754569165671,0.21765837827316564,0.2558825841991142,0.29652550247942067,0.3798851688912299,0.2906698419901182,0.22844979895167475,0.23916553430269982,0.0,0.0,0.0,0.40055350910532317,0.0,0.0,0.5965721374682724,0.0,0.46470593225258505,0.030531348734443273,0.0,0.17778869054708912,0.47579679844336425,0.4527057389313046,0.0,0.0,0.0,0.0,0.0,0.0,0.0,0.0,0.475983014120397,0.9775908356868683,0.0,0.0,0.0,0.5086917012874604,0.5446685136644747,0.5837709378756699,0.0,0.0
0.40645351222598375,0.7876060431289866,0.7795516800741411,0.12346110231220198,0.0,0.6493510477331785,0.5684605702598844,0.5833359027236711,0.4348959937351662,0.7680418020782597,0.478327962456607,0.6412390241653847,0.7611384709295612,0.250080289382139,0.49093568046828917,0.8364908437777085,0.6362371604449248,0.605149863758385,0.5301902586347849,0.7485099324673616,0.4971538901228514,0.7476752463160103,0.6258768106609002,0.7972163172620137,0.7945148852518632,0.7595603585711868,0.7723960454120382,0.5733087178001222,0.5385293956214094,0.5034582606538409,0.6383990404311929,0.16615080747575706,0.5094617497631351,0.6769495114081772,0.38557221245698536,0.25184772721260457,0.26445823051283873,0.47498902924905073,0.5242415441476351,0.7155443167712403,0.5641845120137182,0.40226615652240105,0.8363423491315556,0.662509811210851,0.2544533689915076,0.0,0.42127094951078903,0.7081177219833454,0.0,0.6862982239548674,1.128088126576957,0.8788109295098735,0.5661137663862935,0.8325200577952465,0.0,0.640124556331604,0.35029178822495954,0.6210896577744219,0.5311192908336669,0.25444507251237025,0.4573613775762016,0.0,0.0,0.9021470973742098,0.3156051837261922,0.49607562743296185,0.3689722718544879,1.1846069402535542,0.0,0.4950249652820027,0.5643663004548294,0.6543659807009335,0.7878082581852812,0.8823271028654986,0.0,0.513584696165786
0.7814760751705228,0.7415307125488986,0.3312447618414084,0.7055750736487706,0.6493510477331785,0.0,0.5365476527712745,0.6945580834212765,0.6169634183841741,0.7405496457061668,0.8059693830571312,0.8862267966813961,0.71258129242419,0.6611389976498747,0.8625054435823652,0.8334829533658725,0.6046646459284316,0.7949029978927057,0.8302499089078237,0.6945141734610015,0.724521924796508,0.7008125149468977,0.6454513569843292,0.7635180057548063,0.7932056298675334,0.8669710266358057,0.691361897025333,0.8037245474662316,0.48536715066259317,0.7586462256672548,0.8131314719785803,0.6375458737433704,0.8792743901214962,0.7510389001647415,0.6516469250383592,0.8383602275245405,0.83300184555122,0.5527288502358696,0.865846797691971,0.3419984945915414,0.8297121594328518,0.8355648909339239,0.6750426556815803,0.7884935707131775,0.19520976243479088,0.6238108002168341,0.8554015595545013,0.9252697242089936,0.5642043562139742,0.6191480339616011,0.8507258222768522,0.8098986151624266,0.7913437103414127,0.91497625701964,0.6977406847222214,0.8731921479170706,0.34305815153879327,0.8209672350172001,0.8482588547391268,0.783723876368542,0.8949636659106536,0.0,0.5311277258390041,0.8562905217635082,0.8417656257812367,0.6435193327170008,0.7437786820886989,0.8700251130988798,0.5744779416875386,0.7267767771186561,0.8547471543440361,0.899701113905345,0.7757425665555736,0.9245247178324858,0.7040714308946319,0.7640795546308299
0.49761064436262326,0.7615615719179777,0.7234060046406077,0.4501239972718019,0.5684605702598844,0.5365476527712745,0.0,0.6829156426894425,0.572871823402197,0.7993085135753798,0.6987545496790761,0.5400834634593611,0.5534854736193342,0.5036580548458442,0.5287334615391627,0.8622503857179273,0.8358160735251874,0.8643549252680505,0.715860154798822,0.6659404359847572,0.5978904582728782,0.7527518016321203,0.7219044640269483,0.9022423892458488,0.84597960398751,0.9013522543597103,0.7172249811411298,0.2959010794759336,0.6318062394096371,0.8081412668951877,0.7197068319832813,0.5683418118235067,0.9418249226210385,0.6003496669596221,0.38752509589179396,0.47170850065295067,0.6732670823515475,0.5936535619202664,0.6899846746419948,0.43610148762238116,0.888244954560671,0.47194861884470873,0.6516533109507476,0.8253219484290033,0.35330094517600136,0.0,0.9391069649809873,0.6636197806026346,0.0,0.6252663272592355,0.762022094648455,0.7635641482270239,0.6413038175535289,0.8819573290279114,0.5911183246931481,0.6103769701143118,0.4206676170412869,0.6752164464397616,0.33653477204753857,0.32306085592797673,1.1137131413940464,0.0,1.2829528169041815,0.790000041301088,0.8405245328135948,0.48552818270424547,0.9679856064395478,0.8018084089800406,0.46401234245598816,1.213613989379665,0.9519222405804001,0.7874327711676192,0.7395321665430772,0.6981971439915131,0.7905074717726264,0.6430663771448594
0.7513547420407747,0.8066544449512394,0.671467500231276,0.5705591904833702,0.5833359027236711,0.6945580834212765,0.6829156426894425,0.0,0.8737035026241583,0.6168283520772007,0.39482639609838216,0.8476420329521772,0.6851560379588024,0.8974796994043523,0.7372484296521908,0.8883295427136846,0.4760650953027137,0.7932471667396269,0.662758746330005,0.5366383925465785,0.5861172891645148,0.7045066311531305,0.7295670928208303,0.5546574858050146,0.7958077995069155,0.7414423672014891,0.7782898976999544,0.6415773354250335,0.5678567404761143,0.48295440950245455,0.5379935590182072,0.6429543599534597,0.43925305808864956,0.6201913727891276,0.5298814254706512,1.0197270700612848,0.6635231010900389,0.6051244124670798,0.6911018623014697,0.41437571904680515,0.5879341899871322,0.4802470420531951,0.9584269766394296,0.4491512143865003,0.0,0.5637988122033348,0.6261603677321375,0.87605878425791,0.0,0.6751547290571149,0.7346703448009897,0.7940681313137041,0.6001295109820032,0.8333535365777893,0.8234608590587031,0.810189945557769,0.9802533840058354,0.6667601169377393,0.9413707562866225,0.6773589140602605,0.3868243026507981,0.0,0.6700386199142738,0.9752463036614872,0.704748131003728,0.8901279960140184,0.4741566861462244,0.7437006154920931,0.0,0.6197464209551382,0.6576835525569997,0.8620446517430389,0.6719865983800808,0.8014266204477396,0.36411560952863437,0.5474124078855027
0.44370190719476543,0.6411043981512303,0.3373982854368306,0.8689608116631771,0.4348959937351662,0.6169634183841741,0.572871823402197,0.8737035026241583,0.0,0.8002567812106147,0.3964609304088459,0.7562666079783343,0.9540846520255706,0.7494154501364145,0.5973151434388901,1.0317641294192859,0.6708403792194955,0.7847842763199762,0.4274511480549962,0.705207532635305,0.41639341250321077,0.8829359658850487,0.6760412683007981,0.7866968502923651,0.9583036792327779,0.9476316609778496,0.6699219889173538,0.8196600002333984,0.5900412816033287,0.7522186398738654,0.7882376767438817,0.8197834064275304,0.7520468019806119,0.8501892625072924,0.735184975025373,0.9441706625620665,0.8314748238265625,0.764752601125571,0.9120788839664637,0.528970579260299,0.7461945803355132,0.3072463978902755,0.8066337152989851,0.4154934841049617,0.2840667944689361,0.0,0.5124792728413178,0.8958557390675281,0.47262715152382123,0.8491892088959765,0.9439938861269332,0.836647564623897,0.7651706723263075,0.7853343293301248,0.20697590220960327,0.8664236125653293,0.46613167259558413,0.735944960636973,0.8588735872479801,0.44754333475951014,0.6958217782444519,0.0,0.0,0.8777396108542732,0.6093979002488308,0.6698159358420988,0.5703125276066343,0.8626756464849563,0.31694965661575814,0.5660170408284169,0.28408610623967673,0.8858757675667905,0.7996105763764936,0.8482152916721345,0.48971363061897594,0.8971146195279052
0.5715179592387314,0.4748310016383676,0.6340813044425092,0.8053551442219391,0.7680418020782597,0.7405496457061668,0.7993085135753798,0.6168283520772007,0.8002567812106147,0.0,0.7969819052201209,0.6646482259653473,0.7011803392828174,0.8360702755599405,0.4844199387447151,0.6640645090944666,0.7935012745360999,0.6582304036376705,0.7267362672285809,0.4272586504539885,0.6767150560209878,0.5161187206436688,0.5742719322734933,0.7358518367288268,0.6260617866736576,0.4443295927251,0.7035061208816222,0.9112212934466397,0.6728957872192994,0.4163345824704269,0.7166068499848841,0.3628136266709452,0.7155376749002389,0.7037610871637943,0.4662612714563291,0.7376514975092086,0.7246742718236996,0.6582605660463606,0.04424191180082701,0.37675102250981296,0.5662813289357576,0.36035272453891065,0.29747714025061134,0.31001292603468134,0.5444683548781182,0.7058709724175646,0.4919973969643663,0.15604888123103328,0.4798174134146644,0.46083054030319254,0.5312639265068058,0.4587021248337772,0.5674237618901372,0.23007604925384867,0.6160098476365349,0.42307968806532903,0.6634025020481081,0.6417907579428468,0.0,0.9069043226488382,0.5809585124578585,0.8072634656991957,1.0585349359226495,0.480301292022842,0.47289847265617646,0.569793202444793,0.3380313493609167,1.0177408311353082,0.3965104151836949,0.9127150803476791,0.7683730772226935,0.7340865740242931,0.593599746272372,0.39879541026133725,0.0,0.7539440467342686
0.4345032150419559,0.32353644351159766,0.5074126294013102,0.8644546234312236,0.478327962456607,0.8059693830571312,0.6987545496790761,0.39482639609838216,0.3964609304088459,0.7969819052201209,0.0,0.8107207300738366,0.7179786618607265,0.4680362127121524,0.0,0.5190904927993938,0.6330359002968273,0.7009606466721714,0.372788018404392,0.45707875239062623,0.5457806996224078,1.1378545192849312,0.423544202156514,0.7328961002791022,0.6627781463531232,0.7867440994685706,0.3917590492654919,0.7324967243557046,0.6611385334072932,0.5465797882751349,0.6721487517735532,0.5968824357968024,0.7433138202863749,0.7546503805817024,0.5992875899040371,0.8940738890366626,0.8759907840650294,0.7108901804395681,0.8947870113692494,0.5585473921222417,0.5272375587909046,0.4617064833933443,0.9558075607282923,0.5733664060764867,0.1891948912386533,0.0,0.0,0.7104223462118364,0.47619709408325284,0.5123740340618348,0.9241497765374781,0.6616526018364872,0.8684660902104484,0.9926429171800769,0.6563714778953041,0.40174465820957206,0.5202879490568161,0.6996954534638377,1.0514690023179816,0.0,0.0,0.0,0.0,0.48818326311102483,0.35289316047458574,0.0,0.6746433931944829,0.8494085815615294,0.0,0.0,0.9460757928273198,1.0213808755238274,0.5260855753956938,0.3611299774566992,0.0,0.9714409927910574
0.556214039504785,0.41918559544676703,0.659668349283137,0.3422858237369455,0.6412390241653847,0.8862267966813961,0.5400834634593611,0.8476420329521772,0.7562666079783343,0.6646482259653473,0.8107207300738366,0.0,0.76607534609506,0.6232341406071211,0.40621471353499383,0.6316948948724053,0.834293657034666,0.967097432227942,0.7020327582068392,0.5517894589499723,0.7494771343975142,0.4558488997734794,0.8519949446935406,0.6584601808709365,0.6204379928760477,0.5237092811833075,0.802048367202756,0.8284232691276443,0.6164169541936757,0.30019399190434054,0.7355121634941466,0.5275759418385487,0.8915687771207085,0.6245078913518644,0.3185940488787694,0.5907653442485836,0.3811367981212619,0.6642869666811627,0.28023762588124773,0.5039331236674661,0.7657787153486397,0.3009379779891074,0.4371434985182157,0.4581707201114458,0.6297758161619247,0.5068709498063821,0.5608814992978818,0.26143033953542405,0.19352064843201972,0.29225368195959,0.3465160897747541,0.4886610231957106,0.2491404627775483,0.4186745708970071,0.6808769897766762,0.2378496534877113,0.7489765320566739,0.6179287486769414,0.7241044841685491,0.6517695960404303,0.5334952005307532,0.849132224469906,1.0097387062370493,0.3447568596510793,0.781039584750026,0.7706956830045297,0.43283577227345027,0.49138403998336394,0.5817602930995349,0.9481323196321897,0.790897311238481,0.3265433108949859,0.7812726763937606,0.50246731046414,0.0,0.8600144824256908
0.9661102506651301,0.817041589157286,0.7573813444428832,0.47581269153723327,0.7611384709295612,0.71258129242419,0.5534854736193342,0.6851560379588024,0.9540846520255706,0.7011803392828174,0.7179786618607265,0.76607534609506,0.0,0.6022804964099162,0.5658527539761187,0.8911297417487323,0.6777665457804589,0.9088469287735614,0.7057110684947889,0.7701412189209454,0.6959275741873137,0.7693291835354219,0.7809819933885893,0.6747885064154169,0.8572987958879132,0.7598466732519953,0.8313912609818792,0.6754292417077212,0.6008662638943163,0.7301516755952622,0.4795865337715031,0.5249441475944923,0.7296795532676814,0.5505418213375236,0.22921704465932538,0.4679101623352997,0.4959313353020326,0.5391171936710542,0.5036329476262904,0.19369067902857073,0.4525569655509985,0.9304758529461592,0.6173829261652801,0.36868218459551516,0.9475252124946465,0.6431307104282833,1.0023722357484672,0.8561028122179869,0.0,0.652512041565703,0.8124236514690362,0.7563712800864637,0.6538908577100284,0.8576956303213217,0.6722095325917612,0.5877773615946891,0.7876835072905795,0.7859257697351686,0.39352064285685096,0.66403766842775,0.8870396878976041,0.4013382290474384,0.8486641572879217,0.7733089175810527,0.7925170499972604,0.8549291578999025,0.8083465322673637,0.8550330290505117,0.5129219535276645,0.8262600203866535,0.811328503497961,0.8397965627123618,0.8334324715000139,0.8245768278517096,0.6671326273802468,0.7184811400754465
0.5808053424698368,0.499183052362312,0.6321094452313206,0.27036237317072354,0.250080289382139,0.6611389976498747,0.5036580548458442,0.8974796994043523,0.7494154501364145,0.8360702755599405,0.4680362127121524,0.6232341406071211,0.6022804964099162,0.0,0.5241170977250512,0.5619419421044245,0.4981259219729889,0.47681963978171105,0.6368005221720271,0.3862465683379782,0.4949878114132056,0.2737181355029792,0.5841985183152855,0.7046153737019085,0.49426474348334837,0.5739758493460396,0.7143298477974589,0.5690517593586519,0.3905282256312579,1.0102212889589754,0.5942871409774098,0.5638215473550365,0.24995394992381356,0.8366639142340864,0.31882196317441336,0.29056892617806207,0.29449581715179535,0.3920028712324264,0.8459226318546903,0.0,0.7087591002439715,0.8494818968402246,1.0632630957944023,0.47689845896644295,0.0,0.0,0.0,0.9736449499556714,0.0,0.8058493605713717,0.4468514161801689,0.9361097468086191,0.8557465574651442,0.7344280140417017,0.0,0.8821347623462803,0.4100167031137357,0.7525512376504766,0.460075002313889,0.0,0.0,0.0,0.0,0.9226715599639452,0.0,0.0,0.0,0.8742749356931756,0.0,0.0,0.0,0.941810883656674,0.7483339403946595,0.0,0.0,0.0
0.35859213012525515,0.6991556344011114,0.34191499627234767,0.6099295977882667,0.49093568046828917,0.8625054435823652,0.5287334615391627,0.7372484296521908,0.5973151434388901,0.4844199387447151,0.0,0.40621471353499383,0.5658527539761187,0.5241170977250512,0.0,0.8207995393264013,0.6273132172461545,0.7044151376468337,0.0,0.4594814420551482,0.43187577565823076,0.4026155546359972,0.6918851950479062,0.3148013887639557,0.6357933970940913,0.27778607308750497,0.5035155400121423,0.4109022507556207,0.5645881925819343,0.4736674809284957,0.6436752801006612,0.41724523143473885,0.6587172121358407,0.6118153465714918,0.5968951488816241,0.8483730377391273,0.4742941754648193,0.3771248938342704,0.477278684315975,0.6718131629469398,0.7190463984235661,0.5136140115874435,0.5064408753456591,0.6164600362812451,0.0,0.6481844822733727,0.8357451778504119,0.4788061391442432,0.0,0.0,0.6551051619320244,0.7074332694503922,0.5815242000242435,0.5520093611195691,0.0,0.0,0.6790775403730811,0.20286377840916653,0.47789619671313643,0.7625400598867673,0.83565740925655,0.6233573708065414,0.7521730023342341,0.0,0.7323393182808273,0.5894362948454162,0.8118129579274811,0.7662983582897436,0.46452780337244454,0.5813928977073232,0.7252141842874558,0.697682035318477,0.5515438005058936,0.6252490976310764,0.5483616285503754,0.6170457060996916
0.9887895466113528,0.7247647154716659,0.44020059751074636,0.11119657150455627,0.8364908437777085,0.8334829533658725,0.8622503857179273,0.8883295427136846,1.0317641294192859,0.6640645090944666,0.5190904927993938,0.6316948948724053,0.8911297417487323,0.5619419421044245,0.8207995393264013,0.0,0.7929336695140156,0.7537233070061304,0.4572513622539226,0.6896853924988849,1.0276376710996877,0.3789136329984073,0.973527999647539,1.0007435711817387,0.8106366053061492,0.7493093090589833,0.8713552347655125,0.8471369935454438,0.7294311626688696,0.7315802203967762,0.7311735107277589,0.6981810841807118,0.6521075856580303,0.5680949438831057,0.7202892803182286,0.6294062468249606,0.38256635539839234,0.6116743070875286,0.8387747646801667,0.7615463835603792,0.8251877502077883,0.7002520065669637,0.4665581957359586,0.0,0.0,0.7274678677592491,0.8959228116993989,0.0,0.0,0.0,0.7241442800534689,0.6010363343596815,0.8257823574755221,0.0,0.8597318453584786,0.0,0.6335724053126529,0.7613324928345186,0.0,0.8993302338959659,0.8800251585530796,0.6309016435609966,0.8202685599706077,0.0,0.7262358095481884,0.6694901713380887,0.8016633058149946,0.8793306806343215,0.44222078585346075,0.8806035109807061,0.8445221674503637,0.8498280204401782,0.7295319666911813,0.9898110135530158,0.0,0.7402186719552197
0.43620132994032923,0.7775411587610781,0.6171928603800145,0.5524377589464001,0.6362371604449248,0.6046646459284316,0.8358160735251874,0.4760650953027137,0.6708403792194955,0.7935012745360999,0.6330359002968273,0.834293657034666,0.6777665457804589,0.4981259219729889,0.6273132172461545,0.7929336695140156,0.0,0.9981332990899991,0.7230576476145452,0.6761285902584256,0.531629898954159,0.9049136611237554,0.4998768057692847,0.9544976198980634,0.7007582337105807,0.7706001478564676,0.5572509996513954,0.930326456701412,0.6362297425186869,0.509273782958626,0.8434320726566341,0.8182099208417248,0.8955558281020486,0.8064509028886077,0.5997525051633515,0.6187010354231002,0.25300291086705184,0.6393368441614096,0.5820039120235144,0.8083447056737283,0.6599744206450064,0.5461241320151093,0.0,0.0,0.6514241113712214,0.7358340679078013,1.3574493357421464,0.0,0.0,0.0,0.0,0.0,0.0,0.0,0.8006573516392962,0.0,0.6767828527442924,0.23087784472910117,0.0,0.802247703356563,0.436179916029276,0.9095272440302762,0.7825539470861895,0.0,0.0,0.0,0.5264227863280484,0.0,0.7952122365731351,0.9554881672144759,0.8808890781192156,0.0,0.29228994881270354,0.4788027496071824,0.0,0.8253170600332924
0.8018782861203269,0.6236077922598433,0.5206008472506021,0.46788229266899517,0.605149863758385,0.7949029978927057,0.8643549252680505,0.7932471667396269,0.7847842763199762,0.6582304036376705,0.7009606466721714,0.967097432227942,0.9088469287735614,0.47681963978171105,0.7044151376468337,0.7537233070061304,0.9981332990899991,0.0,0.5102897113861744,0.8281895997442246,1.081075669835093,0.561146627280211,0.977687301698859,0.7512497756677792,0.7274547399690695,0.709016442407077,0.9091494580965456,0.9253575019639686,0.800152370230917,0.8534148019082164,0.7135914321525865,0.7343334197349809,0.8682559826535305,0.9098879647735174,0.652724426790916,0.5796973005676793,0.2561005155510912,0.39706397961766127,0.7254571516318217,0.8726856144273227,0.7933478844997572,0.8712042791634893,0.0,0.0,0.583027188405435,0.6820055752217091,0.9006073159699797,0.0,0.0,0.0,0.911683656431242,0.5555513721893732,0.8264583049257523,0.0,0.8212156127622042,0.0,0.7607813935020054,1.0350464914916726,0.0,0.6141441365956539,0.8472059422603162,0.7859182235353053,0.8039202506637875,0.0,0.4506512597167527,0.6957147313392611,0.8487401752799366,0.7794964626431355,0.709141446674755,0.8537297835476862,0.8430486328388413,0.5042188730912764,1.2318081339466969,0.8224003482035358,0.0,0.8717389448008808
0.0,0.6409461732862489,0.3384019260649582,0.681143356714078,0.5301902586347849,0.8302499089078237,0.715860154798822,0.662758746330005,0.4274511480549962,0.7267362672285809,0.372788018404392,0.7020327582068392,0.7057110684947889,0.6368005221720271,0.0,0.4572513622539226,0.7230576476145452,0.5102897113861744,0.0,0.5558056950933653,0.44255722018063914,0.6854939202712274,0.3078383051954877,0.8080544067703188,0.7161367680685445,0.6342309357498274,0.5056567424131734,0.7669077690855041,0.8140502553783115,0.6202815932392334,0.7009277440578708,0.6917251550540253,0.5288468718257655,0.763601029939396,0.6413404719413365,0.8688588966630395,0.636593894920513,0.5731219188919409,0.901326376592143,0.40640689712868816,0.42746416402552234,0.2110877759513058,0.9179361257737919,0.3441411931882999,0.4077535675459937,0.0,0.0,0.8871258711074625,0.0,0.6402280488488303,0.7579427945771064,0.690572393952678,0.709930806667596,0.8621013021324295,0.9243480814106195,0.8456361741122671,0.7502028755512989,0.6451911085926515,0.7640422410269653,0.0,0.0,0.0,0.0,0.8469354468068853,0.4768929972275999,0.0,0.4959674575561634,0.8027242073219275,0.0,0.0,0.0,0.8615098578393171,0.8535124334908852,0.8538713759255798,0.46569739469220883,0.8631206548155217
0.7573543973574133,0.616658453995706,0.3908011303156472,0.5932484993371188,0.7485099324673616,0.6945141734610015,0.6659404359847572,0.5366383925465785,0.705207532635305,0.4272586504539885,0.45707875239062623,0.5517894589499723,0.7701412189209454,0.3862465683379782,0.4594814420551482,0.6896853924988849,0.6761285902584256,0.8281895997442246,0.5558056950933653,0.0,0.4719709917130532,0.5408147738317575,0.3268408734612652,0.7622002852647919,0.4318444815663929,0.5248123881307578,0.6739866797515077,0.8895560226237202,0.6749776037553374,0.8107674093897959,0.6682292660589053,0.4789668234310678,0.504015439481929,0.7342017001883735,0.7279439442437798,0.907834448855424,0.9893061305553139,0.8144547821795167,0.4994224207932092,0.707009921656766,0.7140609540974909,0.6029768418749762,-0.04136231860592404,0.2369272771228595,0.20895866438743813,0.5137375230391314,0.8257726744905247,0.4878073087143084,0.0,0.0,0.5792406893834827,0.4530265469595314,0.6574884656570353,0.3360064364544717,0.9394543182505832,0.0,0.5777403122231715,0.5039988265251822,0.0,0.6299772736618144,0.7497974008796258,0.46760275271960894,0.5916064633178402,0.0,0.580049078118904,0.5039961392542396,0.606409733544329,0.5999921425213413,0.0,0.7404312505253796,0.7247334799782376,0.6440539693790563,0.6646694625795042,0.688150923404243,0.4796777761197645,0.6598982751035796
0.523524096997646,0.8917769272359785,0.3910365956858543,0.4141574485708791,0.4971538901228514,0.724521924796508,0.5978904582728782,0.5861172891645148,0.41639341250321077,0.6767150560209878,0.5457806996224078,0.7494771343975142,0.6959275741873137,0.4949878114132056,0.43187577565823076,1.0276376710996877,0.531629898954159,1.081075669835093,0.44255722018063914,0.4719709917130532,0.0,0.8683143794018887,0.48269407570565337,0.5291556809547947,0.8503437468796855,0.684259275025465,0.5624249861089137,0.5371417266160063,0.5354669196369405,0.41561534338045225,0.7770746436553839,0.48206181201660536,0.7591672878309779,0.775506127999369,0.8321290256795861,0.6475712057662544,0.33996098628817273,0.5613391759595765,0.5348342246381906,0.6305557074824768,0.5454416223664613,0.4973968871462934,0.5650808505689654,0.0,0.0,0.7179684055990407,0.6627274617646598,0.6530386894040203,0.0,0.0,0.7720691411287908,0.4376239639645777,0.957609961841988,0.5319452136632945,0.6104624688732169,0.0,0.7501625704354469,0.6940126655207081,0.0,0.6803913911372161,0.7597577095120578,0.0,0.5317955209304911,0.0,0.6397670746357842,0.6395046375671396,0.6115153798072053,0.8300763975109234,0.8277131789139461,0.6038513865761366,0.7077810013591196,0.7405542319284262,0.8426920465511911,0.8722588758606072,0.4507101640673642,0.42226804880809643
0.8274444168912114,0.7112684471682524,0.5938537655295308,0.8706568705896789,0.7476752463160103,0.7008125149468977,0.7527518016321203,0.7045066311531305,0.8829359658850487,0.5161187206436688,1.1378545192849312,0.4558488997734794,0.7693291835354219,0.2737181355029792,0.4026155546359972,0.3789136329984073,0.9049136611237554,0.561146627280211,0.6854939202712274,0.5408147738317575,0.8683143794018887,0.0,0.8834077962571646,0.7630425539192844,0.6632847919560794,0.7766095822053798,0.6218872392043444,0.876393872033355,0.672724365907025,0.7133344628005742,0.6781229666214299,0.6072252332288111,0.685094689015795,0.8122480689744844,0.7787938684411347,0.7183356043451548,0.7006239961323448,0.6088402600398348,0.6351837751341529,0.8258435990594489,0.756617642663878,0.6663049175797164,-0.004604851396325826,0.3590954282960946,0.2488037771460045,0.7630416030085037,0.8602134655355624,0.5859555485741201,0.47715898618528796,0.243601224008395,0.8840814880420879,0.8058818074119849,0.7780963597230082,0.565013419429788,0.40943111873077553,0.0,0.541742465686804,0.8411227938295534,0.0,0.8004612640559188,0.8421791767797437,0.4138650549895667,0.7477793675463544,0.0,0.6551417710696091,0.6841880879776042,0.799997017921868,0.7115207083794858,0.7479639886800439,0.6975977198540253,0.7757106006438083,0.7638103110601421,0.6618429786007176,0.7446522104648339,0.55765114395628,0.8704784262150017
0.6643069760577767,0.7974189240619847,0.24141733029060258,0.4492126375268334,0.6258768106609002,0.6454513569843292,0.7219044640269483,0.7295670928208303,0.6760412683007981,0.5742719322734933,0.423544202156514,0.8519949446935406,0.7809819933885893,0.5841985183152855,0.6918851950479062,0.973527999647539,0.4998768057692847,0.977687301698859,0.3078383051954877,0.3268408734612652,0.48269407570565337,0.8834077962571646,0.0,0.529001541490779,0.7202739835901921,0.632759048258817,0.4597333212070037,0.6560052369238029,0.6529118016631132,0.6110172379561204,0.7048673649361227,0.6416872917847061,0.6711487351075559,0.7618782277653847,0.6633853703569658,0.8008787757209458,0.7755972603970837,-0.037089288781300495,0.8535285173025755,0.6075293809872996,0.7938587875517944,0.8201116407027973,0.8264574759491408,0.8653863625956983,0.5556296203780517,0.5352453368032233,0.8079127239621308,0.9380616001104368,0.45953846448937397,0.8316875442372866,0.8623076923984037,0.8181925096443599,0.8052990659506873,0.8763095080155903,0.6330184003102937,0.8569025406244362,0.354547044731645,0.7579049196993705,0.8887628104787144,0.7776747969450777,0.8128882254050964,0.47289847265617674,0.5684006462763483,0.8608405615262709,0.7547255882308908,0.9340376317738017,0.6851830877792764,0.958039335636447,0.2268945049184067,0.7922632930742575,0.6706408218640351,0.8548232766060249,0.766865025342721,0.9061656763790935,0.8732708289493223,0.7426612077857456
0.7039110422212131,0.5451909787787136,0.4028113435578249,0.23553577991645236,0.7972163172620137,0.7635180057548063,0.9022423892458488,0.5546574858050146,0.7866968502923651,0.7358518367288268,0.7328961002791022,0.6584601808709365,0.6747885064154169,0.7046153737019085,0.3148013887639557,1.0007435711817387,0.9544976198980634,0.7512497756677792,0.8080544067703188,0.7622002852647919,0.5291556809547947,0.7630425539192844,0.529001541490779,0.0,0.7219327350059811,0.7220091900541052,0.35010478100512044,0.933724771696877,0.7791299525842519,0.8130854066409536,0.8131228043291213,0.7537333084890301,0.9175664385682698,0.2980294563417777,0.2235184710370068,0.8464652162058943,0.34594204938886297,0.7733431985386904,0.5254978595279391,0.8429051831946113,0.9696985510180033,0.6326087560524145,0.6063087679655377,0.34100741043171123,0.7547146506756277,0.5343897756827928,0.6841677752916964,0.0,0.0,0.4705010270724179,0.5827370277550111,0.299690962558687,0.0,0.018432313021455107,0.6756665774276003,0.5364519073836026,0.7335607948810415,0.45812672679817235,0.0,0.24367510295950856,0.7475144181949056,0.6985863232241536,0.8525201261462668,0.4663672142703723,0.3503054208349089,0.46880698954275524,0.17762488932961043,0.8267982779038898,0.4848404678482202,0.7815636222422335,0.7173960214218157,0.5450846897486468,0.6904477219228065,0.6016123027385782,0.0,0.7956121365831108
0.6455579364279311,0.470602889781609,0.5179313156291045,0.8763561511260317,0.7945148852518632,0.7932056298675334,0.84597960398751,0.7958077995069155,0.9583036792327779,0.6260617866736576,0.6627781463531232,0.6204379928760477,0.8572987958879132,0.49426474348334837,0.6357933970940913,0.8106366053061492,0.7007582337105807,0.7274547399690695,0.7161367680685445,0.4318444815663929,0.8503437468796855,0.6632847919560794,0.7202739835901921,0.7219327350059811,0.0,0.4247784681045705,0.8756009217457376,0.8106001602312306,0.6553203079985617,0.5363122395593249,0.6292972076881236,0.5449106985897816,0.8689126327899774,0.6750276635922279,0.6720027679885213,0.5288773094137211,0.588655900461954,0.6440153593203155,0.7400228208847747,0.8822209466149539,0.8792663344557677,0.8248016846831887,0.09852095842840024,0.0,0.5833348129745055,0.6981080725470572,0.8581204513137533,0.0,0.0,0.0,0.7977501541930756,0.7510692377805872,0.6851981672634406,0.4082713160504937,0.7262812252211938,0.47258617152036664,0.7045660280345043,0.5734726843098914,0.0,0.772418291614687,0.8543805137527443,0.7592541637033685,0.8209441915881369,0.0,0.845893980703394,0.7777714630948253,0.7513332736222632,0.7250331338000137,0.5848560872944186,0.8610947326661325,0.8056312564959894,0.7595548856702552,0.9095240595024436,0.7911633899375476,0.0,0.8691228977588761
0.7148810782949038,0.5150770051998571,0.8110627551555352,0.6224634895903556,0.7595603585711868,0.8669710266358057,0.9013522543597103,0.7414423672014891,0.9476316609778496,0.4443295927251,0.7867440994685706,0.5237092811833075,0.7598466732519953,0.5739758493460396,0.27778607308750497,0.7493093090589833,0.7706001478564676,0.709016442407077,0.6342309357498274,0.5248123881307578,0.684259275025465,0.7766095822053798,0.632759048258817,0.7220091900541052,0.4247784681045705,0.0,0.6963034903200505,0.7865866068974529,0.7210425934051501,0.5959896602233274,0.5813541090461007,0.7102082904030685,0.9162543456550205,0.7099633642615368,0.770217049521259,0.5498558159473496,0.511074437592296,0.694012316891904,0.6773262530412181,0.8945146232367219,0.9728352985362824,0.6969976978143325,0.20520636290924835,0.5481910178746673,0.7691152534770209,0.5999592276424106,0.8489732900282125,0.6692057298230455,0.0,0.0029313190763558625,0.7995076302023639,0.569756468389904,0.6561602925460934,0.4061593375818527,0.7017603123066879,0.0,0.7214810487298362,0.833233953109421,0.0,0.8195400346121591,0.8687717341987516,0.7380623687882438,0.8290085796694207,0.0,0.6592560837021955,0.7787884588321944,0.8685273793621044,0.7142423870714047,0.6380089990644733,0.8692451333561947,0.7780576257916973,0.7576773552051318,0.8134117017887769,0.8654445404026982,0.4835083448639219,0.8409340995043264
0.4917858728056234,0.8011480161804045,0.36448163606835354,0.8038883578637738,0.7723960454120382,0.691361897025333,0.7172249811411298,0.7782898976999544,0.6699219889173538,0.7035061208816222,0.3917590492654919,0.802048367202756,0.8313912609818792,0.7143298477974589,0.5035155400121423,0.8713552347655125,0.5572509996513954,0.9091494580965456,0.5056567424131734,0.6739866797515077,0.5624249861089137,0.6218872392043444,0.4597333212070037,0.35010478100512044,0.8756009217457376,0.6963034903200505,0.0,0.7443524085295694,0.7291514928211423,0.6804177521150404,0.6071379279360314,0.6600524130188226,0.7563985609534785,0.7219034301278263,0.7089369907279321,0.859072456606764,0.7817075742408549,0.8427861110481187,0.8090499720308557,0.6689857363996392,0.821131014187495,0.7383860219641398,0.6000575883077137,0.7192881019607889,0.40331212750631373,0.43929474320065576,0.702866901178357,0.922540166183984,0.475103934819774,0.7808812041067055,0.8486766040791014,0.7959754463674829,0.7791353935248508,0.898828341881923,0.7051649576076435,0.9196572233010938,0.7110780304751272,0.7753804812283767,0.9721761899890504,0.6559143307280444,0.88017053579446,0.0,1.1424354143742326,0.9288973144760364,0.7053095800361573,0.7627919006331243,0.6493395660757275,0.8519068182121069,0.0,0.7784726209563658,0.6638053425326067,0.8074725648086043,0.7819562584015809,0.8365584655182624,0.6946550353413543,0.7501118068074518
0.732077697188178,0.7715380329724517,0.8276850237825819,0.5304392416385031,0.5733087178001222,0.8037245474662316,0.2959010794759336,0.6415773354250335,0.8196600002333984,0.9112212934466397,0.7324967243557046,0.8284232691276443,0.6754292417077212,0.5690517593586519,0.4109022507556207,0.8471369935454438,0.930326456701412,0.9253575019639686,0.7669077690855041,0.8895560226237202,0.5371417266160063,0.876393872033355,0.6560052369238029,0.933724771696877,0.8106001602312306,0.7865866068974529,0.7443524085295694,0.0,0.8178411851534051,0.7147965067518607,0.7047113061391719,0.43530118263510315,0.9788955817290187,0.6978388366248831,0.668722530006333,0.7760556171270737,0.707841755313024,0.725047264917942,0.8231959452885695,0.12363329774185944,0.7736186091904327,0.8922127354759388,0.5661745877807756,0.3549032737516291,0.6378729692106824,0.6196582631889574,0.9278856108259443,0.9475141342645889,0.0,0.7761674297334223,0.8789495600395694,0.7665958806025599,0.7953817445647579,0.8105024394760956,0.8198109402956053,0.6719112997404145,0.35324523337729585,0.7702091182332589,0.34691674310242493,0.6276191218614853,0.7424283476127642,0.1986562824060325,0.9276786371774894,0.9194371490159512,0.7414326092074099,0.7581831029913998,0.5857904630080455,0.8770166418619596,0.5412823985980952,0.9325298164440246,0.6917526998674854,0.8458731016150586,0.8378918212372786,0.8101804117791402,0.7475995798934938,0.768496859745823
0.8446354959131941,0.6821030434544135,0.8839483681221698,0.4622298317627371,0.5385293956214094,0.48536715066259317,0.6318062394096371,0.5678567404761143,0.5900412816033287,0.6728957872192994,0.6611385334072932,0.6164169541936757,0.6008662638943163,0.3905282256312579,0.5645881925819343,0.7294311626688696,0.6362297425186869,0.800152370230917,0.8140502553783115,0.6749776037553374,0.5354669196369405,0.672724365907025,0.6529118016631132,0.7791299525842519,0.6553203079985617,0.7210425934051501,0.7291514928211423,0.8178411851534051,0.0,0.6831041531201163,0.7081163612373857,0.4777381523034214,0.5850177355635013,0.7321037463690728,0.663875873497056,0.7756369698197165,0.4329930807377476,0.5330877723241565,0.7159240713935974,0.653826354364924,0.7766082646512965,0.6900734051912598,0.10378577729117655,0.6906643108592669,0.6424269106649009,0.4684152236597364,0.7369306371525242,0.8244190249097065,0.4587034623250651,0.5888464791107084,0.8130561509579703,0.6962820806274894,0.8343080851013047,0.7594790650529031,0.6229804823570048,0.4385759383880382,0.5697872806021298,0.6972583962926362,0.7733520220395124,0.6449369306122358,0.81942153769104,0.48122275258056857,0.5727703916815032,0.5074828421801203,0.7063377299763076,0.7313750452203802,0.6601878294355619,0.8513528931213344,0.46686566131737883,0.8516547275093238,0.8105244579903281,0.8362041576221217,0.7817704799408549,0.8478468732553227,0.6845510391283185,0.7210997268188957
0.843008576521989,0.6029017788115922,0.7711387838859779,0.4848895350300757,0.5034582606538409,0.7586462256672548,0.8081412668951877,0.48295440950245455,0.7522186398738654,0.4163345824704269,0.5465797882751349,0.30019399190434054,0.7301516755952622,1.0102212889589754,0.4736674809284957,0.7315802203967762,0.509273782958626,0.8534148019082164,0.6202815932392334,0.8107674093897959,0.41561534338045225,0.7133344628005742,0.6110172379561204,0.8130854066409536,0.5363122395593249,0.5959896602233274,0.6804177521150404,0.7147965067518607,0.6831041531201163,0.0,0.7532280338713206,0.44937685924115134,0.546560587730043,0.7642937289732525,0.5179834176152407,0.48148131122116233,0.25493996691318566,0.5406148998367905,0.638685982668971,0.447890937416648,0.739508815316164,0.7495094266987805,0.353334441508752,0.06504507495785418,0.0,0.0,0.0,0.7794836279064123,0.0,0.0,0.7953064092971571,0.6355428410269242,0.40712463017250594,1.0482609207929612,0.5343972281872605,0.0,0.0009990208160648648,0.5643187401488242,0.0,0.4497592166314516,0.0,0.0,0.9732870375952274,0.9392796910195894,0.5245505675411897,0.5201696917756152,0.8420142012386872,0.8696198318127192,0.0,-0.4372266377883608,0.4779552138488561,0.8568886466600673,0.7514162863962027,0.7077172163336458,0.42838172238338573,0.39603477784541286
