0.0,0.46756028885141054,0.37805853631578956,0.0,0.40406777028567203,0.2717247013317494,0.4697380713504027,0.17929984203536364,0.4338530108077123,0.25958663464011406,0.4751485641359624,0.37387276969019745,0.3447102842974076,0.5548861277064436,0.23251348659598975,0.4576178327245217,0.3652566990365842,0.4029248059678294,0.0,0.22234170460355046,0.19642781339897947,0.36149330724718,0.25711211663654837,0.3865264730924177,0.3473744557642213,0.4349775940978304,0.22413936536740578,0.30045557164417114,0.3318536142848458,0.6949749567435843,0.36152947652630285,0.4631953019920513,0.2294255730035975,0.2163653447711923,0.23852260026675562,0.6882545427722334,0.4941941527509027,0.08796748928892156,0.14575300193533358,0.4751224455628469,0.3948939535344636,-0.07429258259497812,0.5048275114935143,0.0,0.4119314790651728,0.6292216256482606,0.3556486243599448,0.0,0.0,0.0,0.47147115096844633,0.0,0.5706745643888944,0.0,0.4737431386940902,0.0,0.5659350493477134,0.7246146362905421,0.0,0.5823739842631944,0.42470329987030364,0.271085925744181,0.3808505613504214,0.0,0.4390894721593771,0.6192686282916237,0.3675073233034948,0.6176293447367927,0.4221910174884529,0.45538366825542054,0.39245296158347404,0.4326658022804756,0.40464835398867716,0.4180711080086859,0.0,0.45844907720419753
0.46756028885141054,0.0,0.5249170515430537,0.32289036622211476,0.44029268571322805,0.3670308374896289,0.28365958885939513,0.37162913474291104,0.23680994177948356,0.3849209568326712,0.3118991086622207,0.4425332061548898,0.2536576466726491,0.5478776150293925,0.23419882519940344,0.4292825204808689,0.032541437501458215,0.41179984103885764,0.6110074882550128,0.18784166165217875,0.3943489872453494,0.2994923366262956,0.3860077864192717,0.39806501826633284,0.34891712914174655,0.2956690991879105,0.19598158527231047,0.24137615262766732,0.28325307471342764,0.44729994195210765,0.3408353650727042,0.2759449779909428,0.18722042077310114,0.27443382840410746,0.3796845902851008,0.48759228571360974,0.22649338791589263,0.0,0.04987924594712467,0.35472910349729714,0.1987419953500706,0.12968401271190158,0.6745217291257846,0.0,0.0,0.34524346129733796,0.24947099764253228,0.04341987281793655,0.0,0.0,0.3190674174878035,0.30389266369150875,0.5619507488490373,0.35540899315897756,0.5659996461857839,0.0,0.41161407486747303,0.26873885886328297,0.0,0.18087791732963876,0.3064068653911465,0.6450155740025718,0.34896928936623284,0.0,0.27721895602813906,0.36597424002664947,0.2500181013119288,0.2271605447248304,-0.003765539276318175,0.3053595176466475,0.2021147623337119,0.24403511683193524,0.18545120861857017,0.2697790162342233,0.0,0.3246129757956196
0.37805853631578956,0.5249170515430537,0.0,0.4216480395975596,0.2881099376242695,0.344216045147016,0.38719136991537384,0.4572723235889721,0.1842366944531811,0.4222917148683196,0.37773547677832253,0.47963713186908596,0.3714030806568149,0.3775707744701661,0.3224333511739995,0.4027437005944212,0.6529628639492089,0.5014213909484433,0.3065123176157828,0.37370881925927424,0.2967900127563713,0.5775477830049658,0.11720724780792968,0.42830488389134,0.4493580950826504,0.4478632557852584,0.24044677995018646,0.4409350880934844,0.4209200719834451,0.26943009311082866,0.5428589918966527,0.45201424265935825,0.3131237624133796,0.48322485488207056,0.37940408091772115,0.4391556942942395,0.3863796895479467,0.39579846118910667,0.6620578171299825,0.46969783106568247,0.552326822548673,0.5443381637449176,0.22090320249337983,0.6193769209448303,0.0,0.0,0.20860498767831925,0.19514565259832328,0.5064330752980414,0.27656122413090545,0.3754515936010503,0.4135133687709624,0.4795232978625901,0.6393460361923469,0.4088565145919594,0.4834396615365444,0.5209032646308079,0.4639325110974148,0.295373686831314,0.2835663816779941,0.0,0.0,0.0,0.3244823544865751,0.6816926876142367,0.48168670600076174,0.12572812937041658,0.3211002959684206,0.0,0.6671202191801919,0.3579602712300125,0.3624286518870201,0.44361689123636894,0.6325622661377743,0.735518942545578,0.27346281894958735
0.0,0.32289036622211476,0.4216480395975596,0.0,0.41218204200298186,0.37219159007571384,0.41199355873428034,0.510800433779499,0.5066392091231375,0.17283434213599394,0.6389817782295996,0.2671831323999522,0.5094372610525013,0.7521821821042024,0.59282777480952,0.06665803012492391,0.5967633679368936,0.5055031367445342,0.4721685294870567,0.6138755247166363,0.42872563810688663,0.5522608860606595,0.4602490448977819,0.2660642597912264,0.9271939991823257,0.6286748448168531,0.3409144688478164,0.42891915091394145,0.2496337076097932,0.4842410158281057,0.8651342200058888,0.5382873477698752,0.15206681836856945,0.2805461059315974,0.5367908170565321,0.43361421798048316,0.3687068586588307,0.30518488663760734,0.29378567144043566,0.31718302083403427,0.37359804440961886,0.2984092327661497,0.24176228136293976,0.2402448874295769,0.0,0.0,0.0,0.4410128157744191,0.0,0.0,0.4858395294407661,0.0,0.4792713036880812,0.42709924602655464,0.0,0.18672825004886312,0.5318102094049377,0.49965288799935237,0.0,0.0,0.0,0.0,0.0,0.0,0.0,0.0,0.512238287388751,0.3933861248010709,0.0,0.0,0.0,0.2902037111507554,0.4861839839492501,0.6195840482349422,0.0,0.0
0.40406777028567203,0.44029268571322805,0.2881099376242695,0.41218204200298186,0.0,0.10864679254832907,0.2803484151907461,0.3245732414813386,0.16541082444215022,0.6484061741288867,0.26537653461060007,0.5600170818690982,0.40556641680324607,0.46251633333861014,0.49355042068461336,0.5593943999313908,0.5376731699827226,0.43546453265029245,0.2573166828605411,0.4652755693609934,0.3293645233725455,0.5314185682601573,0.2517046041587454,0.6167281863082423,0.4550770149378525,0.5354426880371452,0.202835858008959,0.3708161289673869,0.29810118812393677,0.4029317619026637,0.532479225704089,0.21787313491869617,0.46327924134207205,0.4150224800506366,0.7195400545887816,0.35012107354558775,0.41501230725251415,0.602583010240241,0.6056285240553343,0.6938784540639263,0.5786014589652089,0.43934568562446197,0.5239149705563608,0.6753672040623535,0.27115324747457537,0.0,0.396537949209564,0.34917096038806905,0.0,0.36037238495991863,0.29374764072372395,0.3893741506875228,0.31954648421810866,0.3107885896059098,0.0,0.4545760971681131,0.38517728985096417,0.35370459908844587,0.39966622686059683,0.23686790236690428,0.4797268229297817,0.0,0.0,0.45485432331230446,0.35625215483392736,0.49389540085751144,0.3499402040896156,0.2754658497744037,0.0,0.47064837623388467,0.5690015012967574,0.3145320345374816,0.6339693799559752,0.42086781107929333,0.0,0.5436151137328776
0.2717247013317494,0.3670308374896289,0.344216045147016,0.37219159007571384,0.10864679254832907,0.0,0.2061322450827733,0.3906886105581165,0.2208148509689879,0.49016314081486,0.2653933557918047,0.590995101553718,0.3194808589568805,0.3577744852500848,0.34370203250289366,0.2859012878387408,0.4847008480678745,0.42460667880892333,0.39489499405008854,0.2600883764407892,0.359903971675686,0.20407133432591507,0.26884397529539594,0.3053383596137418,0.3747037548761454,0.4014758977944928,0.33652026636310994,0.51612131033581,0.38900963031348623,0.3795489126134844,0.5306089223122077,0.3417965564899911,0.5393429227946553,0.4321832789753384,0.45401444732634516,0.4417885404859473,0.3822262319734261,0.4320057066232681,0.25983979059644013,0.2019704375697371,0.18412760865196937,0.3251378162062259,0.6799592894572873,0.5248975500896986,0.20354678106980376,0.585214443817166,0.355083192563196,0.3330404400599414,0.5963183063948148,0.3272131645874235,0.3781505152087995,0.40835792116819114,0.472859243853506,0.47040217610174245,0.5762364760511526,0.5047189058289893,0.34811325355052575,0.4454370141590004,0.5749021603594239,0.35126109280820184,0.4098377111965552,0.0,0.5433488754747965,0.41799101023372653,0.35877386904178893,0.39380550715772056,0.42835743919231944,0.3262237063126201,0.629409649156881,0.38190830593584074,0.3860565925111216,0.3321273960837677,0.39506778991303065,0.35921456224379156,0.2996304596507917,0.4165268284483804
0.4697380713504027,0.28365958885939513,0.38719136991537384,0.41199355873428034,0.2803484151907461,0.2061322450827733,0.0,0.30586367511259804,0.36674822447509386,0.35236780238007126,0.4368517722618941,0.31299892398026996,0.34557656717043206,0.35540849397750046,0.48778761510004104,0.22641943802195463,0.37567141974528817,0.21335645550512683,0.4489973762405062,0.26999831995967977,0.08214433167317192,0.28442144377878026,0.32571267133983184,0.4577792785609891,0.2545957999294005,0.4310072703526213,0.22355788150826772,0.3403421706553608,0.3350841644800424,0.4326647700826118,0.3796430778034359,0.47226646871229533,0.37781374717021643,0.2067783594413052,0.3144231163529943,0.4332323571576633,0.41561671295879393,0.571436578745039,0.2741405620105754,0.4492713262546536,0.20941747067616187,0.54176528761062,0.04850754713178074,0.8558833305045086,0.4100979559620026,0.0,0.5916227601287589,0.3609354518884019,0.0,0.5087249686709124,0.3921913957964812,0.4385692895364338,0.46699981240075633,0.5230614623566404,0.6093295249755362,0.40848014369337565,0.4765730787996516,0.44388849563893273,0.3612954960413345,0.3419296060588509,0.6217387766467084,0.0,0.5476001687339449,0.3980107271810437,0.671895374986416,0.5183673179070494,0.5814912738863973,0.36644291076267266,0.5087824927988898,0.6389545283107856,0.371298419380123,0.35976553876524986,0.4444367108023,0.18436723334731508,0.7548888975388022,0.5212745455244518
0.17929984203536364,0.37162913474291104,0.4572723235889721,0.510800433779499,0.3245732414813386,0.3906886105581165,0.30586367511259804,0.0,0.46049508327507155,0.26467882210133725,0.5494597239499446,0.2739405018696795,0.3481576760597082,0.6640766123775079,0.40554526283106695,0.31445341324077836,0.4189986102578036,0.5916686809187288,0.447133539692378,0.3098451972585609,0.3234747761505693,0.3570195121103981,0.48504476492394577,0.13349627215562815,0.26287371369819534,0.25960036579758233,0.3111212533771011,0.30698044671780655,0.42263389661919637,0.38015653854668274,0.5729498830808658,0.04654425416797109,0.5171026236130682,0.46502142931106627,0.424365282439218,0.09644052359325786,-0.0124166307051633,0.5660394651356804,-0.06962877390764222,0.4570914330105199,0.22447735302147068,0.5270653567625808,0.529533462723506,0.9547883231045565,0.0,0.5933271531292108,0.35193855464254875,0.37074884386827595,0.0,0.46809420063346663,0.44533403369269875,0.41191703163973514,0.4785100246941331,0.45378757674958015,0.8795779397297528,0.5439467992227086,0.9371426832867824,0.4071962901493915,0.5222093785366196,0.6105603462928835,0.3929778156514455,0.0,0.6981042104411692,0.6004725366070721,0.6386929573543892,0.5960994780136217,0.4803825577081897,0.3454766036761146,0.0,0.4783191247768544,0.3716238452582804,0.2830926714067314,0.3736477166716445,0.41511930155029786,0.47186488404978,0.4296711308870207
0.4338530108077123,0.23680994177948356,0.1842366944531811,0.5066392091231375,0.16541082444215022,0.2208148509689879,0.36674822447509386,0.46049508327507155,0.0,0.5141213186031158,0.14854394287303718,0.5129839432235455,0.32225759157865075,0.44772097324514704,0.3819795831204205,0.6544869288139233,0.3717281858951375,0.593492149473935,0.142478199221036,0.44281280348208196,0.2588940138092355,0.4697616426555499,0.2692374042320691,0.4454808218183676,0.6185799049174068,0.8054854744850536,0.3386330083881086,0.4991531062260154,0.3371174619614532,0.38213292443052405,0.534692831240646,0.5457218070406059,0.5053196163929813,0.5011107581942404,0.4241981634552513,0.47824824441035435,0.4847071164480285,0.5524607168592406,0.3288136571483991,0.5244103028289293,0.28030466818206656,0.3396632007700918,0.5590978078578335,0.8580377533978367,0.28254039078273535,0.0,0.4948116623014125,0.40282499969105195,0.4886115712989704,0.46049822118435346,0.451096563991278,0.5214546911509398,0.48594721832821436,0.43735587151251754,0.22508665379161324,0.5521726706409412,0.49034450543889324,0.4525595725375557,0.3224975845700642,0.4457515384363432,0.6288575051814338,0.0,0.0,0.4780627768654505,0.6409976909350492,0.8690234777908321,0.5407741171766605,0.4455480757245561,0.3420927618025058,0.5452745845566188,0.2549446316355652,0.4418808574787335,0.4723594652676528,0.5497796869130781,0.48743285640531997,0.5745157135512996
0.25958663464011406,0.3849209568326712,0.4222917148683196,0.17283434213599394,0.6484061741288867,0.49016314081486,0.35236780238007126,0.26467882210133725,0.5141213186031158,0.0,0.5460944122428354,0.25093687075625914,0.33606288588056177,0.5415020200763639,0.4339040793755501,0.40015825688332124,0.3269575478341537,0.18684812017788976,0.4804431693276212,0.16192645847845127,0.4670251696375788,0.2763283990350599,0.4343149757688119,0.1567550127480433,0.444444401759705,0.41219892595281493,0.36880921771179764,0.5574533370150436,0.3952380644967938,0.42886982899624354,0.4704494900405407,0.106343843712561,0.3405556992929937,0.15647589204679846,0.34748897184362665,0.41984096122660847,0.44033355109839156,0.3065231936324447,0.29781811177990153,0.33226471765696736,0.3410143341301716,0.012566454590806547,0.3967274271613962,0.3425584338790708,0.5796565111609694,0.6994496646174047,0.4691226697745168,0.002937904708891617,0.49450358769694813,0.46531549931658667,0.3391079271066287,0.43837679383543915,0.6046023200645063,0.7482870876925227,0.3565947621890168,0.4627286556318009,0.32604839609903047,0.4518725002139932,0.0,0.957662623055284,0.5378190228217254,0.3294659049916221,0.336887822713708,0.4775513042480385,0.5062282238964804,0.5819393097124774,0.3289413071845898,0.4304648723428388,0.2540337399524191,0.34690086735322645,0.32699134861443535,0.4371983399288891,0.41964038667450904,0.44981571297657924,0.0,0.4165344315887307
0.4751485641359624,0.3118991086622207,0.37773547677832253,0.6389817782295996,0.26537653461060007,0.2653933557918047,0.4368517722618941,0.5494597239499446,0.14854394287303718,0.5460944122428354,0.0,0.5494195543817735,0.4246560790880476,0.5318568536001089,0.0,0.5257436941994571,0.5401138360816625,0.5755119373626246,0.23225692799270256,0.47906319176548073,0.557752052407135,0.3902684564402361,0.23457040818242178,0.4909687575056638,0.5340389561011318,0.5979894116106914,0.506365179160403,0.43657321606606136,0.37768491199255905,0.515905415305097,0.4704832096149508,0.26480506755458366,0.4577987578749141,0.49597516666473596,0.4024039270366016,0.5546051187992554,0.61074397696502,0.5528275974964508,0.5571950919175996,0.4703766568513365,0.3678411975868124,0.4643509465265985,0.441519250590123,0.597164801978655,0.19174194028715208,0.0,0.0,0.3938005791963141,0.46876206353162847,0.3416550037509461,0.3748334477316698,0.3988914084998594,0.4772171931307626,0.5577629448789698,0.4991703648423961,0.202010723861441,0.4146968454721375,0.4918081198926356,0.23420611581100917,0.0,0.0,0.0,0.0,0.2790107501463657,0.38302425915484273,0.0,0.7304257889162931,0.38142923236483517,0.0,0.0,0.936079667077623,0.44495191510715426,0.44054926234330727,0.4064056670196719,0.0,0.5455006421336412
0.37387276969019745,0.4425332061548898,0.47963713186908596,0.2671831323999522,0.5600170818690982,0.590995101553718,0.31299892398026996,0.2739405018696795,0.5129839432235455,0.25093687075625914,0.5494195543817735,0.0,0.3634332866465698,0.6138457185374278,0.3887420757869445,0.6236127786127981,0.2661962171024018,0.4665623473461932,0.5376385351253148,0.5327726061246715,0.4047987091855376,0.4671134723334815,0.31569523537146094,0.2222364256205943,0.38299751131101734,0.3498904184653241,0.44759712547832986,0.6017528949295827,0.5344539928916295,0.3402032248560566,0.3125702132999399,0.19978520141384792,0.4266492733474898,0.33608820265052886,0.42364191588607075,0.3346709597721362,0.3003859039212704,0.31044782475493005,0.36808490581134257,0.3104868763946561,0.3734134880379796,0.3361834933835096,0.23903294889958612,0.6610745644429488,0.564473395788992,0.4465694611297648,0.5924614347762484,0.27588755831411815,0.1999885511634395,0.6963135962242438,0.33367505572216827,0.8050531219933106,0.24137577524873016,0.44956155951146926,0.28832152213010254,0.26991877406951525,0.33298075453833814,0.4761423907977602,0.7010404557017358,0.6852194242659153,0.5420045966420796,0.34495398575880853,0.4114169236878141,0.49506383035012924,0.7994897229142763,0.8020224954804727,0.43824842291828486,0.5531595121964294,0.1829599973122582,0.3756738513342974,0.2916801935525456,0.19087307627419195,0.6645305958595145,0.5149489544663104,0.0,0.4530579819517781
0.3447102842974076,0.2536576466726491,0.3714030806568149,0.5094372610525013,0.40556641680324607,0.3194808589568805,0.34557656717043206,0.3481576760597082,0.32225759157865075,0.33606288588056177,0.4246560790880476,0.3634332866465698,0.0,0.5088568754898632,0.18508289862357336,0.2179328762913874,0.30517643280161855,0.30126089537362677,0.4730375250470378,0.2545531634449923,0.18453791569232283,0.2783119266706441,0.37763572555522984,0.35611698980532547,0.2863423513689357,0.4475694623349623,0.27626775681204363,0.19986471241768813,0.3444663300388925,0.43566423782160507,0.27021073680601804,0.45809555508939925,0.26746089902130593,0.2362394789934961,0.3897061891398401,0.5633574674250156,0.49517938270635375,0.39651102402972116,0.1628534132614607,-0.01265947159257802,0.2275704037950657,0.31098603215763065,0.43787235359279625,0.17558154492448733,0.44511065471991074,0.5781374475118379,0.3182818693877378,0.45476111934681274,0.0,0.5424360267253487,0.36242202829664144,0.42838951090132016,0.35246419933566814,0.5934069274974558,0.4713229814887322,0.5544701328214123,0.5277437202949035,0.3852698839990728,0.45663109356564024,0.4398070758135242,0.16375892582001259,0.4229655626104175,0.5808905866083558,0.49280244570254395,0.26187047724079887,0.38827011824134083,0.3383450436686008,0.3327007606087167,0.5068104713075696,0.30287151619279723,0.22170359367985654,0.3376757595173418,0.44534224474636325,0.20472698985486593,0.5469038753828865,0.16543466918469696
0.5548861277064436,0.5478776150293925,0.3775707744701661,0.7521821821042024,0.46251633333861014,0.3577744852500848,0.35540849397750046,0.6640766123775079,0.44772097324514704,0.5415020200763639,0.5318568536001089,0.6138457185374278,0.5088568754898632,0.0,0.5431347720399966,0.6316522996068209,0.4762618792270938,0.5031232885076506,0.4319330006253503,0.41468627826292265,0.5021488108756749,0.28216532287236107,0.5116946174498443,0.7253529368567763,0.5171169244306888,0.5095543050938205,0.5437861868437501,0.5468206988763676,0.3993939290500155,0.8107998358362416,0.5454825784445564,0.20097035947087982,0.23352773959306306,0.5664049760317562,0.4245969610352111,0.34785676883872724,0.33766608752955435,0.9531634382503189,-0.11309636215899743,0.0,0.715517886382451,0.8389078139759083,0.5716098749181631,0.5059675988054244,0.0,0.0,0.0,0.2630906217692235,0.0,0.2929441882021366,0.40784291576899867,0.3668493888042477,0.6181519317176468,0.2839583700848268,0.0,0.527801025910078,0.39458786418226793,0.6996311132306282,0.4879634570848598,0.0,0.0,0.0,0.0,0.37508382557967507,0.0,0.0,0.0,0.47086810685998853,0.0,0.0,0.0,0.4974948480119721,0.7246250355106174,0.0,0.0,0.0
0.23251348659598975,0.23419882519940344,0.3224333511739995,0.59282777480952,0.49355042068461336,0.34370203250289366,0.48778761510004104,0.40554526283106695,0.3819795831204205,0.4339040793755501,0.0,0.3887420757869445,0.18508289862357336,0.5431347720399966,0.0,0.27691273564649377,0.3407523005738869,0.3615761415074889,0.0,0.19314200474137017,0.2580150330668184,0.11370731576342885,0.15668022064800324,0.2693581106812848,0.28522628867763655,-0.010208782313151255,0.2829733189364263,0.1076998984492562,0.11337045841112642,0.22631148420468883,0.28196849463519746,0.12455513571527024,0.45170519893196015,0.26025566435470715,0.3431509663031105,0.634461512398167,0.4493614058150327,0.36435396489156613,0.16190591445988822,0.27933717759294424,0.26429239278265726,0.23669052145703384,0.5274637913841491,0.596269373185704,0.0,0.586227107125381,0.24982270166848874,0.1411765335783713,0.0,0.0,0.27003713671092794,0.6742168109678024,0.6031841240385515,0.5498337012669805,0.0,0.0,0.7109004396749161,0.2751440344664353,0.48075496525857986,0.4471917680215596,0.33321282232672306,0.6674562102580084,0.741788243295273,0.0,0.5856990810442262,0.2913361613111384,0.525275303272166,0.5998246214568382,0.48924603113677867,0.5023225415490008,0.2411332199051535,0.4189480698577118,0.2547532793056465,0.32756195602796556,0.17719343024934783,0.2633966809990248
0.4576178327245217,0.4292825204808689,0.4027437005944212,0.06665803012492391,0.5593943999313908,0.2859012878387408,0.22641943802195463,0.31445341324077836,0.6544869288139233,0.40015825688332124,0.5257436941994571,0.6236127786127981,0.2179328762913874,0.6316522996068209,0.27691273564649377,0.0,0.40647600987676485,0.6007833951266497,0.46019017937104933,0.31848216421606657,0.33093337491191877,0.42930321028570645,0.3035632058368166,0.6223695568379815,0.4238796375305758,0.31179301467688847,0.24251444487224377,0.1798669006428816,0.3326659312988674,-0.10579754401644248,0.5597925435092206,0.06910947784495072,0.056515140590046475,0.19317525400483157,0.32173928599126445,0.6722733316373646,0.39311420805841857,0.1558388103065793,0.24198715625084086,0.39776324721882683,0.3406538539272232,0.2992577229433137,0.506666364125171,0.0,0.0,0.3829469863967787,0.38225881630600866,0.0,0.0,0.0,0.41785217660892754,0.6054764714559597,0.8164446558141265,0.0,0.5755816134182086,0.0,0.4598579178071217,0.6077383906098275,0.0,0.4201107853556141,0.42704524598117033,0.5793596541876445,0.48501847721536384,0.0,0.3894811971898263,0.6601687170879704,0.3221563935181122,0.4810589258589599,0.41503669121005227,0.49515170565296507,0.4417364727065504,0.4862160928872909,0.6262943851898733,0.3617224127756339,0.0,0.24999036860547202
0.3652566990365842,0.032541437501458215,0.6529628639492089,0.5967633679368936,0.5376731699827226,0.4847008480678745,0.37567141974528817,0.4189986102578036,0.3717281858951375,0.3269575478341537,0.5401138360816625,0.2661962171024018,0.30517643280161855,0.4762618792270938,0.3407523005738869,0.40647600987676485,0.0,0.3793225546492118,0.6059942098625708,0.26877308017734064,0.5841283488005594,0.5571175905956898,0.5195333385408524,0.28343959509610717,0.3140795190308626,0.24512307894803814,0.5870752010562006,0.6387098833975235,0.2532483635220873,0.44227324245237665,0.24651542936006676,0.19519107806310584,0.37153731941902146,0.27009035861340636,0.5064857100978305,0.6167249496536154,0.2689146558653146,0.24715333493908537,-0.12375640138655902,0.2545904645005656,0.3930684199449689,0.556126093220991,0.0,0.0,0.47916789320912706,0.6722089938728256,0.5289575073352815,0.0,0.0,0.0,0.0,0.0,0.0,0.0,0.3159719128975299,0.0,0.2619926319185185,0.30425297969875137,0.0,0.7584953589394534,0.40998793571003295,0.38532179253040644,0.299595699956843,0.0,0.0,0.0,0.5680750823082863,0.0,0.33296444858263563,0.45125550550453,0.4274747096355971,0.0,0.3223332417985372,0.48578881873396973,0.0,0.5411557211274277
0.4029248059678294,0.41179984103885764,0.5014213909484433,0.5055031367445342,0.43546453265029245,0.42460667880892333,0.21335645550512683,0.5916686809187288,0.593492149473935,0.18684812017788976,0.5755119373626246,0.4665623473461932,0.30126089537362677,0.5031232885076506,0.3615761415074889,0.6007833951266497,0.3793225546492118,0.0,0.4744813739465168,0.3834857759757093,0.22509018369239264,0.3997661136886559,0.4020972698280266,0.46593747401543073,0.4651264839519579,0.374531165221264,0.3489540348620799,0.2524838681620901,0.34954387821064037,0.5398296785412795,0.37521001586752634,0.16289785940783427,0.3714648874634969,0.37565812879292737,0.3928059424145032,0.6018630813089998,0.2657837279386282,0.30144872648846976,0.14940359524023827,0.4761683266899942,0.4017805333109882,0.3289881619163083,0.0,0.0,0.5451002345262033,0.4623816664270227,0.4053799422450082,0.0,0.0,0.0,0.2934925381042448,0.5840557908334025,0.8678543397084927,0.0,0.6157652062017428,0.0,0.42356760559911116,0.4814326208654214,0.0,0.5595132444631471,0.4356588704561942,0.557514549878187,0.4387912506731804,0.0,0.3883959034728752,0.6355116100215643,0.3665167046046073,0.7394537562401143,0.44741637150805996,0.44679194563785496,0.499713085838275,0.46276986523177066,0.6887755050383295,0.2774480246507717,0.0,0.5662779202869097
0.0,0.6110074882550128,0.3065123176157828,0.4721685294870567,0.2573166828605411,0.39489499405008854,0.4489973762405062,0.447133539692378,0.142478199221036,0.4804431693276212,0.23225692799270256,0.5376385351253148,0.4730375250470378,0.4319330006253503,0.0,0.46019017937104933,0.6059942098625708,0.4744813739465168,0.0,0.5227425615941137,0.4620861187525299,0.6598178368797231,0.20729643002122575,0.17980140147662843,0.4668337456707866,0.4530774332891802,0.3593694901626212,0.5312302485228682,0.8113747459151963,0.6118344259677317,0.5241185738899125,0.5935328391725541,0.5146946842981599,0.47379958164409586,0.5182084681134631,0.5231976537341526,0.4772736423975166,0.5278729704565102,0.720389203738474,0.38228076681747936,0.021772055375821275,0.22183157391618158,0.4511452802124641,0.3769611360908211,0.413367981664195,0.0,0.0,0.24214576982200087,0.0,0.3699943826740468,0.3617895692902256,0.37161099532755315,0.4156202940794541,0.4690342540061035,0.9148837430649797,0.664600246403342,0.5613584601587283,0.41245096917486557,0.21396561870280975,0.0,0.0,0.0,0.0,0.6770429807676498,0.4713702298769479,0.0,0.4792735830151631,0.438194141022961,0.0,0.0,0.0,0.40308105376393005,0.4689758951926822,0.4522219945681245,0.4977900189826532,0.588110553063957
0.22234170460355046,0.18784166165217875,0.37370881925927424,0.6138755247166363,0.4652755693609934,0.2600883764407892,0.26999831995967977,0.3098451972585609,0.44281280348208196,0.16192645847845127,0.47906319176548073,0.5327726061246715,0.2545531634449923,0.41468627826292265,0.19314200474137017,0.31848216421606657,0.26877308017734064,0.3834857759757093,0.5227425615941137,0.0,0.23759021635973104,0.03749388923897845,0.23833080716624494,0.5747254280033082,0.2483413744050792,0.05947812374814332,0.06999570302685584,0.19238091588051992,0.2645305591176601,0.5980749092897986,0.3697401643320628,0.12137860973703715,0.28397031835491027,0.2245865226703688,0.3838212446724305,0.6312471560487111,0.14854199552235522,0.8187720107820188,0.1560207865379222,0.3606472612891794,0.3489409020346751,0.304209735570241,0.5950479691517929,0.30248386217363943,0.21434624044386605,0.5436808858827948,0.32332867536344967,0.31459134479837497,0.0,0.0,0.23821204749655972,0.2678280254688649,0.2822469191253134,0.40162805880402896,0.992105454222808,0.0,0.6114857171182675,0.2378550990805488,0.0,0.3106095996384332,0.4187198892455481,0.5054697046951031,0.6127131293953332,0.0,0.3025540594425187,0.3050443752878996,0.32191486976879624,0.31072946090633774,0.0,0.42729554074609283,0.20610725817668035,0.22486684923798234,0.23706376987635894,0.33349714629875354,0.2854281064545102,0.3765495380721511
0.19642781339897947,0.3943489872453494,0.2967900127563713,0.42872563810688663,0.3293645233725455,0.359903971675686,0.08214433167317192,0.3234747761505693,0.2588940138092355,0.4670251696375788,0.557752052407135,0.4047987091855376,0.18453791569232283,0.5021488108756749,0.2580150330668184,0.33093337491191877,0.5841283488005594,0.22509018369239264,0.4620861187525299,0.23759021635973104,0.0,0.23252045473720936,0.3907885273775431,0.2751470091021865,0.23984326445216514,0.3186860082327707,0.33563784389705326,0.2302747376503283,0.2885343324903973,0.36795803953335604,0.29708509889625284,0.16729749747716818,0.3030941353865776,0.244010764472099,0.4727044246343558,0.5464501020906569,0.3627326134771883,0.5910970347244422,0.14782265924141333,0.2032266499719313,0.14181157885148857,0.4393511529428894,0.612535777702668,0.0,0.0,0.27853696812438544,0.20820694945506202,-0.20717373187855181,0.0,0.0,0.3372753703516286,0.474542547901169,0.379992171106705,0.5660588900988918,0.6310377639546392,0.0,0.7854544978597827,0.15630563909117928,0.0,0.2824196378851298,0.296145602368641,0.0,0.552772527747198,0.0,0.31428615765629137,0.535218695242828,0.3135921031077936,0.30546564230928575,0.7967119049626102,0.23374773003317625,0.2871036498254448,0.25503511900736053,0.26674625732192825,0.39559856839360524,0.43060228562857605,0.18038458507052085
0.36149330724718,0.2994923366262956,0.5775477830049658,0.5522608860606595,0.5314185682601573,0.20407133432591507,0.28442144377878026,0.3570195121103981,0.4697616426555499,0.2763283990350599,0.3902684564402361,0.4671134723334815,0.2783119266706441,0.28216532287236107,0.11370731576342885,0.42930321028570645,0.5571175905956898,0.3997661136886559,0.6598178368797231,0.03749388923897845,0.23252045473720936,0.0,0.15340823331849524,0.7709155356256172,0.41949235573385846,0.18909641211227612,-0.05526113466900712,0.05884657121999509,0.2787676392261976,0.5201209528676101,0.5152443131786445,0.2783517579926046,0.22267411815552027,0.3730227107899927,0.4612805380090989,0.5455041387286095,0.43713847623047297,0.6040941567899571,0.05858716898224106,0.2647804067086381,0.24840795877726246,0.3109368437444735,0.5856849865731388,0.3745388594336564,0.23873734644643302,0.2632497364277942,0.29905032736525106,0.37128173062234676,0.4885773632730379,0.2460474596458396,0.3362553098139286,0.33344716505302635,0.6355051538463226,0.6171848901551039,0.44106417102506834,0.0,0.5510930399026583,0.2051883684240059,0.0,0.33486076880284854,0.25814792435072514,0.4480538996348015,0.24933191706261212,0.0,0.2282637364768693,0.2754798129714445,0.3397958337561829,0.29116956862760757,0.8028004150429024,0.2711022776978286,0.21082771949926687,0.20354082026093945,0.2533189289140155,0.27543105785539096,0.5580240366380669,0.32463885404350923
0.25711211663654837,0.3860077864192717,0.11720724780792968,0.4602490448977819,0.2517046041587454,0.26884397529539594,0.32571267133983184,0.48504476492394577,0.2692374042320691,0.4343149757688119,0.23457040818242178,0.31569523537146094,0.37763572555522984,0.5116946174498443,0.15668022064800324,0.3035632058368166,0.5195333385408524,0.4020972698280266,0.20729643002122575,0.23833080716624494,0.3907885273775431,0.15340823331849524,0.0,0.23898615795210487,0.3659243494925406,0.1896239093100706,0.1484529943838699,0.31424294424953525,0.3482086519391637,0.37095037631089084,0.4438714391436582,0.32757042236830314,0.37229108810317657,0.4022401577273335,0.4074198214255128,0.517424977449925,0.35368027609003305,0.30278745394198187,0.3903128114630572,0.5571603638346935,0.3161437368348105,0.35654024903520554,0.5771131894056776,0.45566438564114975,0.5883266300131224,0.5525009883274641,0.2823399570947414,0.3435906129747805,0.47227493999169656,0.35262407405201057,0.3574424290861525,0.34943038983585817,0.36462270605295627,0.46650179762373567,0.6111623268903719,0.6388034857668761,0.4447076643316248,0.349103287620005,0.6599886897900032,0.35711290379331895,0.3869719449724786,0.5062282238964798,0.5748457174845567,0.47297314225000986,0.3767789306880715,0.49248070809763667,0.28647189692603137,0.5031716035013032,0.22442955574545798,0.3515801410457516,0.23430250426654825,0.25632631165966663,0.31886751133592156,0.3533629514360408,0.3864058728166693,0.36114983051650984
0.3865264730924177,0.39806501826633284,0.42830488389134,0.2660642597912264,0.6167281863082423,0.3053383596137418,0.4577792785609891,0.13349627215562815,0.4454808218183676,0.1567550127480433,0.4909687575056638,0.2222364256205943,0.35611698980532547,0.7253529368567763,0.2693581106812848,0.6223695568379815,0.28343959509610717,0.46593747401543073,0.17980140147662843,0.5747254280033082,0.2751470091021865,0.7709155356256172,0.23898615795210487,0.0,0.560406671706155,0.3666398806515713,0.2931986098666999,0.549577121512232,0.4475171066840607,0.8691551446292267,0.5418251958138526,0.7083264309546546,0.27125994330063924,0.17119450230610267,0.8913352491665327,0.41969212638066367,-0.020818267308126998,0.3537170393049163,0.8162307387356674,0.42854286759202,0.5574714082739807,0.644900225960962,0.6164023426866405,0.3997951290791915,0.4517690189472911,0.43528510381572705,0.32683258280039323,0.0,0.0,0.5028416583803952,0.5823274455029419,0.31541857157722514,0.0,0.047658114476291494,0.4662674537009643,0.5927836074556123,0.4319742247365225,0.4565722361599433,0.0,0.2185145930820937,0.39894234091211445,0.39062713612224975,0.38437903966828113,0.5181741050790454,0.34926982343917723,0.4474462344429737,0.16247615179257546,0.837137742418048,0.38844983300150715,0.4421642404319132,0.42171722028402797,0.5135687664343839,0.6963601888206943,0.6658907211432799,0.0,0.5777085101009347
0.3473744557642213,0.34891712914174655,0.4493580950826504,0.9271939991823257,0.4550770149378525,0.3747037548761454,0.2545957999294005,0.26287371369819534,0.6185799049174068,0.444444401759705,0.5340389561011318,0.38299751131101734,0.2863423513689357,0.5171169244306888,0.28522628867763655,0.4238796375305758,0.3140795190308626,0.4651264839519579,0.4668337456707866,0.2483413744050792,0.23984326445216514,0.41949235573385846,0.3659243494925406,0.560406671706155,0.0,0.22637974748921563,0.36361656133976195,0.2864606109660539,0.29670775839677094,0.4375713389771347,0.4166726770320138,0.18550406292102756,0.3495291649590434,0.2948028822739821,0.352571104665763,0.45842167814711055,0.5981049895707657,0.336694737418068,0.18265129745764952,0.4744774374905186,0.44116578320065913,0.34771505431394656,0.11040847906508608,0.0,0.6304619923804217,0.505598869852915,0.42224364743176745,0.0,0.0,0.0,0.3318902543701824,0.35845346266689193,0.6914009803692138,0.4523075428876041,0.47325943120016434,0.4549192150614123,0.4217558920951361,0.22517627085330455,0.0,0.35948153770961494,0.43694416166343275,0.51935530289806,0.4625521460313442,0.0,0.4534340075927864,0.397469025320767,0.4215244697301305,0.2568085897316408,0.4483021854314275,0.46125657653945307,0.44581955649003335,0.4634199508854272,0.3825174136391316,0.26667437040983855,0.0,0.4686762037895279
0.4349775940978304,0.2956690991879105,0.4478632557852584,0.6286748448168531,0.5354426880371452,0.4014758977944928,0.4310072703526213,0.25960036579758233,0.8054854744850536,0.41219892595281493,0.5979894116106914,0.3498904184653241,0.4475694623349623,0.5095543050938205,-0.010208782313151255,0.31179301467688847,0.24512307894803814,0.374531165221264,0.4530774332891802,0.05947812374814332,0.3186860082327707,0.18909641211227612,0.1896239093100706,0.3666398806515713,0.22637974748921563,0.0,0.13429827702770253,0.531696566231872,0.36665408498113466,0.3115293810493318,0.3580100142790821,0.23662180322019358,0.35797174949493077,0.2944947425815483,0.33851741131426977,0.29884155774888527,0.06808267721380437,0.3575119026683796,0.1682928446424093,0.3428684045065784,0.3699399952892781,0.1647469826427138,0.19146109061661176,0.5395295003621694,0.571678731332528,0.3798823284249562,0.38286196700481456,0.679505254629491,0.0,-0.003291720129486536,0.3402805175541712,0.3108990948466366,0.5943853306039458,0.2958696260289678,0.4000894987357554,0.0,0.3692148287922304,0.34169310650698015,0.0,0.2011184378124471,0.38681295675924365,0.4462080454391356,0.4164658848891053,0.0,0.3069911840314411,0.3461213274192813,0.39447072386424287,0.13303332809744398,0.46263496447355495,0.416887739028567,0.3266890964025152,0.2512765647400705,0.3244363119357945,0.33244483973706906,0.45783113173563106,0.3909183800843089
0.22413936536740578,0.19598158527231047,0.24044677995018646,0.3409144688478164,0.202835858008959,0.33652026636310994,0.22355788150826772,0.3111212533771011,0.3386330083881086,0.36880921771179764,0.506365179160403,0.44759712547832986,0.27626775681204363,0.5437861868437501,0.2829733189364263,0.24251444487224377,0.5870752010562006,0.3489540348620799,0.3593694901626212,0.06999570302685584,0.33563784389705326,-0.05526113466900712,0.1484529943838699,0.2931986098666999,0.36361656133976195,0.13429827702770253,0.0,0.24756442141011561,0.27376733192845193,0.23918564731737396,0.16913373454254138,0.1163030214501472,0.20499623668298333,0.13913364018106744,0.2214105998785296,0.23706040765377417,0.35355874631495676,0.3222023276267919,0.27703304434166437,0.5359808218535906,0.2843542777032637,0.3125365660220547,0.5243113232532415,0.5249451371234153,0.41715045468763257,0.4511768726663502,0.28661866656726387,0.3597580176788415,0.5190249756656097,0.3543951702754239,0.3214508509493683,0.32055825183657827,0.30573897737212175,0.4507711207121277,0.7051307040710072,0.5555441363539448,0.3728713479240484,0.33747249260714346,0.7107981905196538,0.286731150801931,0.32088286018216367,0.0,0.5007755422047131,0.6026798144664461,0.32046586943574085,0.4213249018583187,0.22053069494935465,0.23434848387501517,0.0,0.3750031055595082,0.24765081417588977,0.2546488225807869,0.2970069261204446,0.2795288044440676,0.22291893337739163,0.3518690683218353
0.30045557164417114,0.24137615262766732,0.4409350880934844,0.42891915091394145,0.3708161289673869,0.51612131033581,0.3403421706553608,0.30698044671780655,0.4991531062260154,0.5574533370150436,0.43657321606606136,0.6017528949295827,0.19986471241768813,0.5468206988763676,0.1076998984492562,0.1798669006428816,0.6387098833975235,0.2524838681620901,0.5312302485228682,0.19238091588051992,0.2302747376503283,0.05884657121999509,0.31424294424953525,0.549577121512232,0.2864606109660539,0.531696566231872,0.24756442141011561,0.0,0.3369618871311224,0.42611506727809767,0.47443127962090614,0.5071626894001617,0.43995288546628,0.32899287400380756,0.9479937764598261,0.689224538818065,0.5445765493392007,0.662526791214022,0.2852549207951991,0.0029892452642484024,0.1926411095445309,-0.010825256481515472,0.5196287627631151,0.36845315400995016,0.6735754596497933,0.6220181440510568,0.4044538261814031,0.41339920099921335,0.0,0.687862759295276,0.32934863465417197,0.47411795202310103,0.35554343878078254,0.5555256865039879,0.6506087073033493,0.6864225488495659,0.4708249486020286,0.3259620401314302,0.35837034773163323,0.23525535141843923,0.49984294607246,0.17438759206521565,0.5986542330860443,0.6932871608046489,0.2526318896349357,0.43441130014781537,0.3326848090199817,0.31691244354282394,0.5678890074694352,0.2703595285293958,0.31831844677833004,0.26717310848471143,0.2791931793620588,0.19448902984411576,0.5372292617436913,0.2111522770814881
0.3318536142848458,0.28325307471342764,0.4209200719834451,0.2496337076097932,0.29810118812393677,0.38900963031348623,0.3350841644800424,0.42263389661919637,0.3371174619614532,0.3952380644967938,0.37768491199255905,0.5344539928916295,0.3444663300388925,0.3993939290500155,0.11337045841112642,0.3326659312988674,0.2532483635220873,0.34954387821064037,0.8113747459151963,0.2645305591176601,0.2885343324903973,0.2787676392261976,0.3482086519391637,0.4475171066840607,0.29670775839677094,0.36665408498113466,0.27376733192845193,0.3369618871311224,0.0,0.5146533853657207,0.5557020594232381,0.16802384978423093,0.32850636279961154,0.38015479333149743,0.3453496012279714,0.2460512895909269,0.2708211998783928,0.5066492151559245,0.2239795865830111,0.40874728071720434,0.35435240219316755,0.31893620050855026,0.3968605237572615,0.4386799016021517,0.6115255836907211,0.43757884134068675,0.312684479332909,0.19115071553125695,0.48643969395964615,-0.029699809513563935,0.3558142250176413,0.3428771429747956,0.43652305832549587,0.21892969701110193,0.6407270468472384,0.4371771672716382,0.5773535723071913,0.3041821375071828,0.7570417303791435,0.31082375924302985,0.3957652964786845,0.4821157800668969,0.4053293737410128,-0.0450741734725707,0.33054953398185216,0.4455650514778295,0.31594295696754265,0.34707796106625033,0.495532609885532,0.4550568179682646,0.36824111741979065,0.27585317351242167,0.29356603381798674,0.28982135610591564,0.25292588788264636,0.3647794187012416
