0.0,-0.02446290053246214,-0.0020958038897015974,0.0,0.0006407918460008544,-0.03649941969239906,-0.0035858924569895367,-0.05269954978931046,0.0010942041386611812,-0.03786996435400286,0.0025153914503029395,-0.025949472737664292,-0.0354659169005781,-0.0003324097344649668,-0.0390246517963827,-0.03370876899045033,-0.00769661882500311,-0.0291409800043953,0.0,-0.05452945929622044,-0.03931854011694225,-0.03097190595802163,-0.04657669494400096,-0.03512085718267072,-0.024624944363639656,-0.030670346652346137,-0.05158951819006341,-0.03906325083369683,-0.03632186211361438,0.004728142223480558,-0.03012709384557588,-0.033307019050385134,-0.0490966914544973,-0.032405529188298365,-0.02373395196280431,0.0007607724319365072,6.596351100240927e-05,-0.06621133359855086,-0.04242881146313021,-0.02084797662941279,-0.016312182611716686,-0.08357181006264974,-5.1169711627385706e-05,0.0,-0.0028172775648978576,0.006135653659766094,-0.04046871429327725,0.0,0.0,0.0,-0.006596610307741002,1.1102230246251565e-16,-0.0047130944403452335,0.0,-0.008542544023759757,0.0,-0.00568477488336111,-0.001249567635552673,0.0,0.0005846371394239713,-0.03028171987625594,-0.003736617404216991,-0.03146265801658571,0.0,-0.007230918516366314,0.014928999294262002,-0.03673850646319371,-0.00391692748874839,-0.043217595299632816,-0.030135720484494255,-0.04118366213851821,-0.004100335708326741,-0.0001248621017196916,-0.01808847261510277,0.0,-0.014379134969624396
-0.02446290053246214,0.0,-0.0019278989746867592,-8.084792411966468e-05,-0.004126035805372075,-0.01896476519673107,-0.036961137495994,-0.04539057624382864,-0.034210307796388006,-0.006930898795327489,-0.0005886512810114874,-0.002114707621691081,-0.044265498172734785,0.0005255761099126066,-0.04955840790430738,-0.02787745988913204,-0.06485576955331868,-0.03362479212222291,0.0011485587533824337,-0.04846024971393875,-0.03482839744841698,-0.04989628099393667,-0.03745037965273734,-0.008765459307660761,-0.03485783211003929,-0.03943468857396665,-0.04400919542988668,-0.04067905001494765,-0.02819478235214029,-0.005225937581608497,-0.03522497839671351,-0.03162820274738043,-0.03751379849573411,-0.0341468264171495,-0.019393849988780854,-0.005065144659580301,-0.00020430874177029823,0.0,-0.05349961320900526,-0.03618569674725525,-0.04288036743514656,-0.0487186889438771,0.0017280746349642162,0.0,2.220446049250313e-16,-0.03606523976122755,-0.04595835235966278,-9.142147283264235e-05,0.0,0.0,-0.03308594032548662,-0.03411879946297791,0.0016827577123470494,-0.012316688638701556,-0.0011472926571466924,0.0,-0.001620656944348653,-0.04077538359597532,0.0,-0.04972226841900301,-0.03651191119568281,0.00025967459743631016,-0.0427476977379741,0.0,-0.03771811596711966,-0.048470672867621245,-0.04871394977932492,-0.05260946295509267,-0.03272874626016847,-0.044112850171932394,-0.057612949200625874,-0.044512227225083745,-0.05203042100711924,-0.042613894598345636,-1.1102230246251565e-16,-0.037245419041811834
-0.0020958038897015974,-0.0019278989746867592,0.0,-0.02124940633155059,-0.04450281099127085,-0.03451480643810784,-0.03498178270980501,-0.045250783887889556,-0.041233280083329216,-0.022339042285981214,-0.045227835593661114,-0.016952175179864304,-0.04077367326384146,-0.04024791037654002,-0.00244685288750357,0.0004247578192428936,0.0013025820874744132,-0.003314654571507647,-0.03447574558232397,-0.0014134671234827811,-0.023980967233198758,-0.0019735394563192288,-0.07819465937499359,-0.00225764928551081,-0.00832231105413933,-0.008057949785717555,-0.046134224504075394,-0.03397452753910851,-0.027199952222927037,-0.04904160115044831,-0.01984113111384167,-0.02836161276164212,-0.03173707864042391,-0.028034163165534698,-0.03350782237985367,-0.033394595541436534,-0.028388668512371207,-0.016363013463898513,-0.006992352183505468,1.0479780068184397e-06,0.0019535125826454225,0.004069147925330918,-0.07681104155388274,0.0011944918466816334,0.0,0.0,-0.0004070944857205716,-0.14203682109749932,-1.149285400592337e-05,-0.05729582030187391,-0.04949679796892936,-0.042784384569760414,-0.04426011023620746,-0.022504804071619477,0.0012094230439183562,-0.061106994752564425,-0.001242978491823532,-0.03136908704467656,-0.10924129893628531,-0.0001889838941465105,0.0,0.0,0.0,-0.0804318663337697,0.00015232481742860626,0.00046393218416923565,-0.0004817829527475337,-0.08155411424781928,0.0,0.0001861460814279181,-0.0015959624468625533,-0.0643582707457579,-0.023574151266238352,-0.0008908444671525406,0.0018461314105392423,-0.032844107641566644
0.0,-8.084792411966468e-05,-0.02124940633155059,0.0,-0.001597742718739803,-0.023699863500708684,-0.008151012358102616,-0.007417644864195383,-0.01658456612615261,-0.04884122008896527,0.02053144000745627,-0.025188942903595357,0.003640245704014111,0.04847419424056881,-0.0025573660116032237,-0.0007745445748807422,0.001191042714894286,-5.2334883100968455e-05,-0.017821504998977,0.00033069179788175473,-0.0006099428276299945,-0.0039299580376206955,-0.020135951951785303,0.0002776115525400802,0.0007529381486321429,0.0006693047830948484,-0.03168740233863182,0.0009587191672744688,-0.023180074093536562,0.0019591018677583283,0.062482978670421296,0.014043327186127275,-0.03408062376057758,-0.013159719874998255,0.015896698872053583,0.02079278161771103,0.011124999096018912,-0.007641301338771667,0.011938255874473114,0.0008236636751550175,0.00022272804057432705,-0.0012479493197905533,0.0003322672098916568,-0.001022946943602221,0.0,0.0,0.0,-0.00012695237403131943,0.0,0.0,-0.00752147656040375,2.220446049250313e-16,0.00011977534887364083,0.04570046883963225,5.551115123125783e-17,-0.0008029363365081865,4.78455295576663e-05,-0.0001382497745663902,0.0,0.0,0.0,0.0,0.0,0.0,0.0,0.0,0.00010560583326907347,-0.02964513985529449,0.0,0.0,0.0,-0.030123790120875626,0.0011382245648707823,-0.00011861006334079605,0.0,0.0
0.0006407918460008544,-0.004126035805372075,-0.04450281099127085,-0.001597742718739803,0.0,-0.05916191024919376,-0.03175707569271269,-0.04636123585267671,-0.05285112658532104,-0.0026115936795726435,-0.03297243795222088,0.0017261946740875223,-0.03024755053239131,0.01380501687022373,-0.0002726268499275153,-0.0065785864739686395,-0.0025359994309036016,-0.004934080080065628,-0.04510290843985759,-0.011504791317627272,-0.022607684393815775,-0.0032013174686158496,-0.041013524645348465,0.0112812081937671,-0.009985464638083752,0.0023134118973626716,-0.04945751494913542,-0.026495484043906004,-0.039268413016708636,-0.005059978597294124,-0.008469319988520352,-0.03582252552959925,-0.0031741750131346613,-0.023820271597895737,0.044140854140969965,-0.005104595399705758,0.009727298468987455,0.015221701059695558,0.005744522405287555,0.0008419856172756646,0.005124443774950804,0.001518709055012113,-0.010808998396818259,0.0008355011776772225,7.398306043038261e-05,1.1102230246251565e-16,-4.82844164079177e-06,-0.059751360781298724,0.0,-0.055823992754746865,-0.05941005571011554,-0.0436017279940531,-0.050654559972174606,-0.05266661822826163,5.551115123125783e-17,-0.01858374837125165,0.0015065054639620823,-0.057997464497130335,-0.026889748681520664,-0.000388988110387567,-2.4076604821510195e-05,0.0,-5.551115123125783e-17,-0.04527480491918623,0.0006991046496551134,0.00011077893765576441,-0.0013055030209050411,-0.06439618295543809,0.0,3.359944020658867e-05,0.0008824413335697945,-0.052362372595159745,0.002988176360787187,-0.0030896352161920992,1.1102230246251565e-16,0.001764813756281125
-0.03649941969239906,-0.01896476519673107,-0.03451480643810784,-0.023699863500708684,-0.05916191024919376,0.0,-0.04524955377769363,-0.034747677168058655,-0.049831349048944706,-0.015122016544528494,-0.0413639649201093,-0.008567420697398409,-0.03343574514607922,-0.027079931003286373,-0.037341006809327726,-0.0431808864112907,-0.007318772164101317,-0.020257407311455033,-0.03568870526410395,-0.03472764250183741,-0.03474340227854389,-0.041145599667591515,-0.04547380934353146,-0.014852326335808907,-0.023317356776565268,-0.03431395056001224,-0.03519401426101143,-0.010776242435248273,-0.011982432183029246,-0.029695225273163428,-0.012112330423929119,-0.02287219285763148,-0.014463742891173581,-0.020510604039376157,-0.018905809046332878,-0.02337466110856079,-0.022255212601806962,-0.007611997271613324,-0.060757040218246516,-0.019237299944505515,-0.06994827822661981,-0.03500146880820454,-0.0028763172391810254,0.0002820932133215659,-0.0019983709305956276,0.0017058621845643662,-0.02395453759617522,-0.055000046790674384,-0.00045539256719123733,-0.03127049191785214,-0.04150743145908742,-0.040948847019119994,-0.033644049049009805,-0.03572420198476578,-0.010046348518471915,-0.025898883040616105,-0.0027334742099033305,-0.03361944293855573,-0.005927615963112753,-0.03539852998880172,-0.01600617142425398,0.0,-0.001108793595039348,-0.034488292716248425,-0.036797493806175585,-0.011585703101227973,-0.026859192172984492,-0.04835670316348112,0.00015986651736366042,-0.013653027060768375,-0.02494069676221422,-0.04697140205948541,-0.03146384106946093,-0.037167578725139316,-0.03537909761886815,-0.0324758260098823
-0.0035858924569895367,-0.036961137495994,-0.03498178270980501,-0.008151012358102616,-0.03175707569271269,-0.04524955377769363,0.0,-0.03687701767323004,-0.028225097050646075,-0.028717229904041963,-0.02265618907779321,-0.019284438629388667,-0.035266129954944714,-0.009593964988311332,-0.002448700147609395,-0.05393731270356478,-0.029342446738478245,-0.05019823450050248,-0.021922456862075945,-0.03718494755045926,-0.054354281163333684,-0.0422632670279246,-0.036493316039110935,-0.01448558230783803,-0.04456060017761854,-0.028705729826929927,-0.04000766746540829,-0.02332917471230833,-0.032051420825829846,-0.00860609116963601,-0.022009623909675757,-0.013892994102118805,-0.023733220674100608,-0.0328778468968427,-0.015483876218694792,-0.022322028435826258,-0.010315954500286495,-0.01165992426109258,-0.08976031478616447,-0.000980764246550414,-0.10278135831643903,0.006067531812613658,-0.07932759014932877,0.007040842575921746,0.007231015633662852,0.0,0.0019076152414701508,-0.032788339461127025,0.0,-0.006413474184382761,-0.038672558861810424,-0.031106703103778555,-0.01158733325217337,-0.02157247053077227,0.00018643176300114916,-0.019283605342191368,0.0011616242299102852,-0.012499320731788166,0.000586458957046565,-0.00026416359097575226,0.0006212549092616815,0.0,9.403473387192829e-05,-0.036460522390060535,0.001087064793266368,0.0017524851683572429,0.0007949450945189396,-0.03934908279969185,0.00016145189708610674,0.0010473606115382617,-0.021039038012789446,-0.036925958018797,-0.01739371644360327,-0.0393963773940757,6.19628666012062e-05,-0.00031129050587896945
-0.05269954978931046,-0.04539057624382864,-0.045250783887889556,-0.007417644864195383,-0.04636123585267671,-0.034747677168058655,-0.03687701767323004,0.0,-0.037265838777432225,-0.0534886091131519,0.0009334398916935327,-0.04721897304320927,-0.036439910206181036,-0.0035164487269552236,-0.023119328427328556,-0.05406560898467161,-0.0008375123473497448,-0.007934027718756398,-0.03469642553116131,-0.02517995952174018,-0.037545357168999594,-0.02674895001898453,-0.020228908434262005,-0.04683198699856217,-0.05492440828878664,-0.0482615131832575,-0.046483278454689914,-0.03606394018025427,-0.014763642695870827,-0.021124079705846843,-0.004045176651774562,-0.08210222952079932,-0.003921133192473114,-0.014930981051112069,-0.008046375575957943,-0.06403256094345788,-0.13603830339684234,-0.0041838849695498,-0.11367131626008309,-0.0019221603136139187,-0.03837088213237111,-0.005652505772959615,-0.00411190712799353,0.03584153282401248,0.0,-0.001074820531298648,-0.005793058991233835,-0.056931681000373435,0.0,-0.02702346637960279,-0.03443269917635644,-0.043598913891488844,-0.018188912647220445,-0.030417217657465634,0.0006415927306551716,-0.007995832632202715,1.921045927222309e-06,-0.037091589612455844,0.00021743672087531918,-0.013382073702704,-0.0007609526869490346,0.0,-0.0003390573998494073,-0.038155029466237944,-0.01202800842598839,-0.0035219762828598844,-0.006227072526983568,-0.06061879332622033,-5.551115123125783e-17,0.00020242648446588962,-0.009876181421626884,-0.06126817559883785,-0.03943779451456925,-0.040492462649784344,0.0026574147136165793,-0.011030873671304786
0.0010942041386611812,-0.034210307796388006,-0.041233280083329216,-0.01658456612615261,-0.05285112658532104,-0.049831349048944706,-0.028225097050646075,-0.037265838777432225,0.0,-0.02067672850711505,-0.057638045841858665,-0.014511930486783953,-0.04211914646782494,-0.020753789864313532,-0.022446154304206878,0.017792132458261,-0.013610908506207275,0.005614574039135678,-0.05726314652313938,-0.010371653093374233,-0.02492544345309866,-0.008524706001358517,-0.05683229935993617,-0.01988521825350109,0.016278424236287392,0.026617050503723483,-0.029127349316809437,-0.021990923825647657,-0.02736883744823948,-0.036697214113637244,-0.01854488695039802,-0.016867138388315217,-0.015634521763994602,-0.022426906398023694,-0.025940117848797573,-0.02182549339706291,-0.01790312348052614,-0.01289190266439566,-0.06593895064423483,0.0009462083167706137,-0.030852958345606363,0.0014869007310960858,-0.006668452428980565,0.09598504200829899,-0.0020288971045845927,-5.551115123125783e-17,0.001358110961841963,-0.05907517689328101,5.5212209532085055e-06,-0.03232855157105524,-0.03519405948406906,-0.03435132620523307,-0.030812713800377534,-0.037572006834793115,-0.00016563661319274336,-0.02773645934980351,-0.000890275856510081,-0.026463202395066387,-0.0558695596791009,-0.0011998814158490356,-0.0002568615928218998,0.0,0.0,-0.03399502297990775,0.0001835929729244179,0.015293620935837193,0.0005096630353904619,-0.043657137712101224,-7.300074201244122e-05,-0.00011094179673404314,-0.0033229808131283733,-0.036374445244143905,-0.010585117578756353,-0.004120893419737537,0.0003892091943275,-0.01588451294370541
-0.03786996435400286,-0.006930898795327489,-0.022339042285981214,-0.04884122008896527,-0.0026115936795726435,-0.015122016544528494,-0.028717229904041963,-0.0534886091131519,-0.02067672850711505,0.0,-0.015916704847567742,-0.04540707164814045,-0.03477748645067624,0.0011307759486786084,-0.0031674581422297954,-0.013642159151545707,-0.04454019550881655,-0.04841743713742086,-0.024234717597621414,-0.03796747668969236,-0.026866588822809845,-0.02531043970970298,-0.01736867991078178,-0.05341086937676903,-0.04638781990918839,-0.03758326474963014,-0.021539319254889555,-0.01710095073118323,-0.01119696494271566,-0.0011466634940666687,-0.028708838891288613,-0.03933935822879664,-0.04046098469334608,-0.05347591220869924,-0.015684858488524744,-0.01832166080839348,-0.006906056288867535,-0.034507089812509995,-0.04095756379514598,-0.02710140500948538,-0.02900863896941902,-0.08580411727845783,-0.002780145080036822,0.0011177743186057687,0.014317576672685017,0.006167949219314073,-0.0014809204909785323,-0.004728449833091841,3.1350257433171436e-05,0.00025310501444886224,-0.02630231938892974,-0.004208124233667954,2.6554706463732813e-05,0.07063118401587015,-0.04030555149627252,0.0017684857777071072,-0.050449352988974794,-0.02663210598798349,0.0,0.0010722927739599264,-0.0020784280646788944,-0.0397718984360399,-0.030341084023042753,-1.03049939026989e-05,0.00016743011091885363,5.3887523521145564e-05,-0.0025410855145215905,-0.024130546362345184,-0.0436393894302568,-0.03273785587342848,-0.042701693086468206,-0.015998923706799673,-0.027953712595940816,-0.0015073350990775225,-5.551115123125783e-17,-0.046121625972549984
0.0025153914503029395,-0.0005886512810114874,-0.045227835593661114,0.02053144000745627,-0.03297243795222088,-0.0413639649201093,-0.02265618907779321,0.0009334398916935327,-0.057638045841858665,-0.015916704847567742,0.0,-0.007717108626756286,-0.023023462120998206,0.0008905254394623308,0.0,0.00015633245617668878,-0.0028100207385079456,0.00051017832265976,-0.04197710722873413,-5.6028414450348674e-05,-8.17753514784636e-05,0.0006199660354102021,-0.05229507751976609,-0.011283921498312643,-0.012677087959748035,-0.003536325112305061,-0.010896388710586069,-0.021869653176486148,-0.005466511015031095,0.0004254613265400331,-0.020772453430706772,-0.03993185137433697,-0.01365920684704669,-0.02071923126855424,-0.02657937800286647,-0.010016289926155109,-0.008760550176113158,-0.009094747095412414,-0.0012508600510773293,-0.0002977192263792783,-0.02264478719356605,0.0007305323611649372,-0.03610572723684502,-0.000892557494571955,-0.0004564959255050627,0.0,1.1102230246251565e-16,-0.09278941820042264,1.0691170836962804e-06,-0.03166451511654511,-0.044250272378249855,-0.025100962546791394,-0.03344606046044735,-0.023874080983890322,0.0007309683300266157,-0.07014689896289367,0.0014447594883357229,-0.014930889404904002,-0.07499456167076157,5.551115123125783e-17,0.0,0.0,0.0,-0.06718003493866007,-0.0005623381982928777,0.0,-5.014687591753386e-05,-0.05172498998160058,5.551115123125783e-17,0.0,0.00015614781442763181,-0.03828990366645868,-0.012181643588043412,-0.0013423359475946417,0.0,-0.001134731943949252
-0.025949472737664292,-0.002114707621691081,-0.016952175179864304,-0.025188942903595357,0.0017261946740875223,-0.008567420697398409,-0.019284438629388667,-0.04721897304320927,-0.014511930486783953,-0.04540707164814045,-0.007717108626756286,0.0,-0.025356570228301456,-0.01202134751617523,-0.00039302770541410625,-0.0007529537356130711,-0.05667269803816899,-0.037308712426110724,-0.008685059493220348,0.0016693702829904677,-0.028671782511921373,6.898982309161417e-05,-0.032464896338843696,-0.0386195469447172,-0.043528864876735185,-0.04044717571065404,-0.012398214794984208,-0.0008274089775389126,-0.0049180243599173945,-0.0008604484734260343,-0.03481519511050968,-0.022319315626441627,-0.016305647253194666,-0.01232369639879985,-0.009590627989726042,-0.01630495606175303,-0.02429483218163947,0.004462131739087882,-0.031984004846865116,-0.04348984724706634,-0.028240519028460753,0.002761745451773656,-0.036426487608715585,0.01444375129948805,0.01490331722715349,-0.007745463389238205,0.0015891653160889918,-4.304251623904465e-05,-0.0007553307214685223,0.05353492042358449,-0.0016178868404204128,0.0447964913391693,-0.0008838742824088253,0.00231894221173351,-0.05663169840147386,-0.00019926229072947388,-0.06620403769193794,-0.01362086913426186,0.00010783531300279092,7.907621800268272e-05,0.0014578555470614596,-0.03731463386052841,-0.03415115545518582,0.021745996085029418,0.0002076801888043489,0.00191003841174614,-0.000981543732132939,0.006960795592237723,-0.06544596972978745,-0.03501206065327028,-0.05195048495092153,-0.02293866254269772,0.0021465373204639926,0.002041443395535636,0.0,-0.05363091839165701
-0.0354659169005781,-0.044265498172734785,-0.04077367326384146,0.003640245704014111,-0.03024755053239131,-0.03343574514607922,-0.035266129954944714,-0.036439910206181036,-0.04211914646782494,-0.03477748645067624,-0.023023462120998206,-0.025356570228301456,0.0,0.004237651750841842,-0.04657436657867964,-0.05787768662336168,-0.03253342514296087,-0.04186810286044451,-0.02203274650221254,-0.044849697681086875,-0.0552889582963732,-0.04363193300842072,-0.03341412650375336,-0.014593951981493936,-0.04505421250575259,-0.026741382496855315,-0.03943357108930068,-0.05288247312404892,-0.036478158527504134,-0.011918020263074813,-0.02979520872339314,-0.013059619149784707,-0.03225168564955272,-0.03477695172016465,-0.008759985153757144,0.002554595607114296,0.0027582953475403515,-0.017043378401189913,-0.0840083992368646,-0.08021625025629048,-0.06343155267169143,-0.05066236425014692,-0.025476096508158408,-0.056958425834695126,-0.0016408735567893795,0.0007718779572581935,-0.033261943923648896,-0.04114268529271531,0.0,-0.016631583013149875,-0.04198527650978312,-0.030313762145972756,-0.03403980434096515,-0.014519100744705304,-0.011607693559373022,0.00032272914021358456,0.0018089970208585715,-0.04387524851343433,0.0016755280022451857,-0.012143745765093472,-0.035078631455669085,-0.00016928689517209383,0.0015214956240913735,-0.024362150576974773,-0.04368242644619358,-0.03038517907415561,-0.02615623557206087,-0.04930637497946405,-0.001766830382469664,-0.026505617352172883,-0.03573461691407953,-0.049648976181242366,-0.03339839057267735,-0.05755738395165927,-0.0003997961489634605,-0.07235356475077898
-0.0003324097344649668,0.0005255761099126066,-0.04024791037654002,0.04847419424056881,0.01380501687022373,-0.027079931003286373,-0.009593964988311332,-0.0035164487269552236,-0.020753789864313532,0.0011307759486786084,0.0008905254394623308,-0.01202134751617523,0.004237651750841842,0.0,-0.001319822287857042,-0.0002003704835897846,-0.00014365829551066245,0.0001227085065482192,-0.03104968927381868,-0.0008141703962230018,-0.005105046694764248,-0.0006122749037786313,-0.016599809832897106,0.005072991087568757,-0.0006096286787288241,-0.0012958390062589586,-0.012036367904298018,0.011571252357584716,-0.0018351276309062081,0.0003948669404917893,-0.009199165562075728,-0.032447368168997875,-0.007103722039395799,-0.021524899410848786,0.004316835096169425,-2.9022761559194254e-05,0.007463756591731124,0.06640704902423888,-0.22914428676347376,0.0,0.0004341564614540605,0.0010036855416108992,-0.006022255582037561,-3.077452196409425e-06,0.0,0.0,0.0,-0.0475617914782242,0.0,-0.02966817519067999,-0.011404723766848812,-0.010353855338638918,0.006665538005649341,-0.029087254517467187,0.0,-0.009616031116770063,-0.00025002311884458894,0.0013827714261249735,-0.004257459401363128,1.1102230246251565e-16,0.0,0.0,0.0,-0.035079315026476654,0.0,-1.1102230246251565e-16,0.0,-0.028546697023996426,0.0,0.0,5.551115123125783e-17,-0.006824817526999927,0.000807966230638224,1.1102230246251565e-16,0.0,5.551115123125783e-17
-0.0390246517963827,-0.04955840790430738,-0.00244685288750357,-0.0025573660116032237,-0.0002726268499275153,-0.037341006809327726,-0.002448700147609395,-0.023119328427328556,-0.022446154304206878,-0.0031674581422297954,0.0,-0.00039302770541410625,-0.04657436657867964,-0.001319822287857042,0.0,-0.043488901935350543,-0.005143004381366056,-0.02493295746487606,-1.1102230246251565e-16,-0.07847132575610533,-0.03853571308344095,-0.06707382848363919,-0.05470356488240902,-0.03909842390297347,-0.036165695532500264,-0.09520436885974426,-0.03906926545387851,-0.05033418460973332,-0.04417575555526043,-0.036527644946811544,-0.03528106743405407,-0.04284307921915603,-0.02260025901535373,-0.03580767209063329,-0.031059101088112773,-0.005959018995014054,-0.0023279401931157184,4.2680291396035575e-05,-0.04269304173501931,-0.03978035416629666,-0.04066343037733672,-0.03909588452047014,0.008435299707912347,-9.16619904941518e-05,0.0,-0.00652170211398595,-0.054880241568924404,-0.016420776439405205,0.0,0.0,-0.03790093799973421,-0.0017625546195932373,0.0024823342978345653,0.0007155837988545022,-5.551115123125783e-17,0.0,0.00138923649570466,-0.040359514550398656,-1.7525563268394606e-05,-0.04352924703760952,-0.04224643221496305,0.0007510169693336066,-1.0874807430172329e-05,0.0,-0.03328442881327692,-0.04332302303144869,-0.04219172608224164,-0.03832819838868562,-0.00018575313413532468,-0.0151839406024879,-0.06297977672102711,-0.04259215616253015,-0.04617110906766769,-0.034005179771544436,-0.057826919679315525,-0.03434825936543506
-0.03370876899045033,-0.02787745988913204,0.0004247578192428936,-0.0007745445748807422,-0.0065785864739686395,-0.0431808864112907,-0.05393731270356478,-0.05406560898467161,0.017792132458261,-0.013642159151545707,0.00015633245617668878,-0.0007529537356130711,-0.05787768662336168,-0.0002003704835897846,-0.043488901935350543,0.0,-0.020217970343853642,-0.017076737303554468,-0.00012500403769738488,-0.03469271596096646,-0.04533054389243135,-0.02383436160757113,-0.04964817232277857,-0.002483868489710883,-0.03605665231447269,-0.04520694899856348,-0.0458597140443292,-0.052506004274542994,-0.032617314033769496,-0.09252972769459722,-0.011060974065961793,-0.04370422260853629,-0.05189262747649348,-0.039684984744749685,-0.03609991808626367,0.003268768844832237,0.00019609286661648184,-0.06699465546569255,-0.04297927026576398,-0.022604435476291873,-0.02985040802557315,-0.03670862727893304,2.285199732937615e-05,0.0,0.0,-0.02817697631723437,-0.04209563861971938,0.0,0.0,0.0,-0.012819940161533538,0.0005497916753107734,-0.000524748140829423,0.0,-0.0006504721323967733,0.0,4.3793112998902206e-05,3.6387014481664703e-05,0.0,-0.03199068581592013,-0.030085080454368307,0.001284277479718543,-0.024178996335464997,0.0,-0.027142949307756903,-0.0018384228220656995,-0.03954603239244642,-0.021246486510317353,-0.004025559680936486,-0.03264531082914335,-0.043447380862041085,-0.018865885836912233,0.0006393632169687802,-0.032810648946824894,-1.1102230246251565e-16,-0.03270376062446645
-0.00769661882500311,-0.06485576955331868,0.0013025820874744132,0.001191042714894286,-0.0025359994309036016,-0.007318772164101317,-0.029342446738478245,-0.0008375123473497448,-0.013610908506207275,-0.04454019550881655,-0.0028100207385079456,-0.05667269803816899,-0.03253342514296087,-0.00014365829551066245,-0.005143004381366056,-0.020217970343853642,0.0,-0.04694399193311072,-0.006598427185467881,-0.025262624930167343,0.002396721297211135,-0.006903550338141218,2.4210149742742715e-05,-0.04710301736620359,-0.04736881653637709,-0.05018670565722677,-0.0017227944592891342,-0.02137062456480282,-0.019557873231973222,-0.0038149118941324667,-0.03946447209415599,-0.042638445354206356,-0.04478119145995019,-0.04065913398110227,-0.0036287798500146407,-0.00436201532752184,-0.0003942308507038361,-0.03263998795202738,-0.09089485136558517,-0.022704615425789942,-0.012329180899349923,-0.00016721080202791727,-5.551115123125783e-17,0.0,0.0012407302256934316,-0.003926096109209076,-0.00081785571299553,0.0,0.0,0.0,0.0,0.0,0.0,0.0,-0.03448804290512858,0.0,-0.04095733072192381,-0.0024128294304391895,0.0,-0.0001507022056495,-0.00296374981287173,-0.025642117451407598,-0.03640296825788819,0.0,1.1102230246251565e-16,0.0,0.0009192304573027443,0.0,-0.04068943003380132,-0.0247323659042476,-0.02953668737104531,0.0,-0.00040097856412502075,0.00013771912539062292,0.0,-0.011016348763321193
-0.0291409800043953,-0.03362479212222291,-0.003314654571507647,-5.2334883100968455e-05,-0.004934080080065628,-0.020257407311455033,-0.05019823450050248,-0.007934027718756398,0.005614574039135678,-0.04841743713742086,0.00051017832265976,-0.037308712426110724,-0.04186810286044451,0.0001227085065482192,-0.02493295746487606,-0.017076737303554468,-0.04694399193311072,0.0,-0.006612988251888108,-0.02052383202733904,-0.060101741004301046,-0.021010450139510806,-0.036100757762117575,-0.02168142502527287,-0.02729194982680644,-0.03140161610142722,-0.034533739547194964,-0.03698354156798622,-0.025252180374816136,-0.005862548684432423,-0.020769946366944292,-0.03507990167144609,-0.0366572830111116,-0.02913220459189436,-0.012435662915880441,0.0023650504637711123,-9.133179451736861e-05,-0.013160575206208502,-0.0465535838239865,-0.007513049647820735,-0.015855926128050757,-0.030758061994966557,0.0,0.0,0.00030254964092846226,-0.030454793057238472,-0.041894053758177785,0.0,0.0,0.0,-0.016655335731977305,0.0004891420978921923,0.0004899634286974486,0.0,-0.0002480161737400399,0.0,-0.021926129465727584,-0.0036678167250864258,0.0,-0.0054824678117950665,-0.027263083828774126,-0.010099300568149894,-0.021613153242307115,0.0,-0.008529413304329214,-0.0017535417915743867,-0.02765138049901228,0.00026492117062593135,-0.02774534952879998,-0.02715820474693259,-0.02465508653446763,-0.0017288010960387346,4.553585821970296e-05,-0.029243204112583576,0.0,-0.012958922769341519
0.0,0.0011485587533824337,-0.03447574558232397,-0.017821504998977,-0.04510290843985759,-0.03568870526410395,-0.021922456862075945,-0.03469642553116131,-0.05726314652313938,-0.024234717597621414,-0.04197710722873413,-0.008685059493220348,-0.02203274650221254,-0.03104968927381868,-1.1102230246251565e-16,-0.00012500403769738488,-0.006598427185467881,-0.006612988251888108,0.0,0.0003079326748035571,-0.00029591547734264534,0.0015612281055122357,-0.06808461185160397,-0.042606631832704245,-0.010325619881280279,-0.008521452900611903,-0.03363591373554137,-0.0192750777804111,0.026950414443408732,-0.00033001417464406657,-0.018426962704751526,-0.008074181650538526,-0.0010724416736708764,-0.027604870011448346,-0.01089483051226997,-0.02524354511594512,-0.015313364258458306,0.002519261050597077,0.0015813013107843221,-0.00013573182898651837,-0.06765690933067758,-0.0008844917854952117,-0.049608539166531074,-0.0012358259110716308,-0.0001644380164320669,0.0,0.0,-0.18648505351733774,-5.551115123125783e-17,-0.04382286017571396,-0.041762050499232095,-0.04412375093789306,-0.047425824370969705,-0.04105207310291814,9.06993606308304e-05,0.026712029948127436,0.0014147572245775675,-0.02273391183043183,-0.05624303587286911,2.220446049250313e-16,0.0,0.0,0.0,-0.009038861515200503,0.00011854948300366042,0.0,0.00012516212358243406,-0.04890107241170638,0.0,0.0,-5.551115123125783e-17,-0.05017042609926736,-0.01813375940049411,-0.002574941441050249,0.0004087062487992954,-9.237402928574667e-06
-0.05452945929622044,-0.04846024971393875,-0.0014134671234827811,0.00033069179788175473,-0.011504791317627272,-0.03472764250183741,-0.03718494755045926,-0.02517995952174018,-0.010371653093374233,-0.03796747668969236,-5.6028414450348674e-05,0.0016693702829904677,-0.044849697681086875,-0.0008141703962230018,-0.07847132575610533,-0.03469271596096646,-0.025262624930167343,-0.02052383202733904,0.0003079326748035571,0.0,-0.04625546554784521,-0.060662901264475655,-0.07151487060116782,0.00033349475566335496,-0.03770635633499447,-0.06783948693433961,-0.07512392800447065,-0.05143039627803597,-0.040613942130601044,-0.008407954154100616,-0.022267505188531378,-0.05037479497083397,-0.02454308070983291,-0.03897196771461514,-0.02746511249754935,-0.017044112696243063,-0.04933169381546215,0.006162081306967659,-0.05389613581733904,-0.024765418612590517,-0.04078856559260258,-0.030748313032988417,0.00913730958697867,-0.00012621424532399672,-0.0004274793223786877,0.0009828231213449556,-0.03401975913338745,-0.014817122950908534,0.0,0.0,-0.0421554597121781,-0.038586932664753715,-0.06238748534789479,-0.0012046833188759654,0.000897276443674766,1.1102230246251565e-16,0.0019344345460898804,-0.05182208569025437,-1.1102230246251565e-16,-0.04378355497804354,-0.018622287092515455,-3.635259587564388e-05,0.0012789318841082142,0.0,-0.04066136221815819,-0.035887047880994394,-0.03552711778044654,-0.04682773682035407,0.0,-0.014877764292538065,-0.043773208649389383,-0.05039792713842667,-0.04982802787269425,-0.03935125346537338,-0.03601530364087929,-0.03058035475373011
-0.03931854011694225,-0.03482839744841698,-0.023980967233198758,-0.0006099428276299945,-0.022607684393815775,-0.03474340227854389,-0.054354281163333684,-0.037545357168999594,-0.02492544345309866,-0.026866588822809845,-8.17753514784636e-05,-0.028671782511921373,-0.0552889582963732,-0.005105046694764248,-0.03853571308344095,-0.04533054389243135,0.002396721297211135,-0.060101741004301046,-0.00029591547734264534,-0.04625546554784521,0.0,-0.04289815276423087,-0.031535766602986404,-0.036449265985368795,-0.0579681460123721,-0.04729197553483022,-0.04051543629947668,-0.04413756773426447,-0.028431820564087606,-0.02114077367274403,-0.03780673049347999,-0.035270756776179135,-0.02883896769034444,-0.03114309017585143,-0.012386074404656666,-0.0033876582735861693,-8.017465255488743e-05,-0.0034979554654295253,-0.057473016821375456,-0.05189492090760045,-0.05190666517565329,-0.0070306049033711515,0.0032897188080367457,0.0,0.0,-0.08039657399138239,-0.05535283914341804,-0.08077390482899849,0.0,0.0,-0.037671705394781596,0.0007279986338963873,-0.08528950697189147,0.0024536734086911816,-0.0007645963192683958,0.0,0.00023069493919020134,-0.060247144275437536,5.551115123125783e-17,-0.046123135322501674,-0.04353809408922188,0.0,-0.0010672505150772227,0.0,-0.04563440239630001,-0.02404751857011922,-0.04365817776700481,-0.05214742411635548,0.0010300006710515786,-0.045015160155761125,-0.06741887454661466,-0.05710347523854353,-0.05166474225514894,-0.036278255693122596,-0.0027347797702482746,-0.048091740201461286
-0.03097190595802163,-0.04989628099393667,-0.0019735394563192288,-0.0039299580376206955,-0.0032013174686158496,-0.041145599667591515,-0.0422632670279246,-0.02674895001898453,-0.008524706001358517,-0.02531043970970298,0.0006199660354102021,6.898982309161417e-05,-0.04363193300842072,-0.0006122749037786313,-0.06707382848363919,-0.02383436160757113,-0.006903550338141218,-0.021010450139510806,0.0015612281055122357,-0.060662901264475655,-0.04289815276423087,0.0,-0.08809502160786115,0.043105067446691014,-0.03209122613774129,-0.0560923923695299,-0.07508265854894652,-0.08595028625237267,-0.03615326377530209,-0.02121299065521398,-0.01272447313194669,-0.03738845024521498,-0.036862464950676854,-0.026708430877874112,-0.02178549220174064,-0.015049606299786578,-0.04003924225438865,0.005401632675250345,-0.05350228885795261,-0.03606127635102668,-0.041569315512536065,-0.028970999862106273,0.011536986468863863,0.0002578596634910668,-0.00038996632694304756,-0.04334753443773709,-0.04224325379012045,-0.01079258173121267,9.637092376613143e-06,-0.00012793837579955225,-0.031807230208647674,-0.042889365968880766,-0.0023775158965947396,-3.6143585986636584e-05,0.0014675806469907626,0.0,0.0013878931320940313,-0.04659311806322869,0.0,-0.04742428080981326,-0.04051846736755427,-0.0010318927366544939,-0.0368160885657523,0.0,-0.04322919806165715,-0.0488033598519903,-0.03683077855989825,-0.04656915635947301,0.002340516119451297,-0.031934550034966924,-0.057256939436711174,-0.045210608924813045,-0.044714902807271584,-0.03712624295382,0.0003984517259054132,-0.02797491304617261
-0.04657669494400096,-0.03745037965273734,-0.07819465937499359,-0.020135951951785303,-0.041013524645348465,-0.04547380934353146,-0.036493316039110935,-0.020228908434262005,-0.05683229935993617,-0.01736867991078178,-0.05229507751976609,-0.032464896338843696,-0.03341412650375336,-0.016599809832897106,-0.05470356488240902,-0.04964817232277857,2.4210149742742715e-05,-0.036100757762117575,-0.06808461185160397,-0.07151487060116782,-0.031535766602986404,-0.08809502160786115,0.0,-0.04750070851964244,-0.041795926487526724,-0.05954177644653641,-0.055377337903556256,-0.03316950711797928,-0.028421808815847216,-0.026842738194093163,-0.020595466200491575,-0.032189901876890636,-0.027736294079654777,-0.02461993917591615,-0.028542269228203243,-0.022707600160577324,-0.03385421298889374,-0.015514893736164825,-0.04369536091690396,-0.012930839275409,-0.047718004892021715,-0.04458554539659637,-0.019540852114159957,-0.031058773114937654,0.0014323195638486497,-0.0008613177005133421,-0.05994767672759144,-0.12467625614873262,-0.0015781929393275385,-0.05848800688801875,-0.04753734089969652,-0.049541450846997626,-0.05757726923533685,-0.05071410975068402,0.0024629558957266484,-0.024787365057987287,-0.003619025785294161,-0.04406423537705595,-0.0032149532940001224,-0.04875341566848229,-0.03858050168475868,8.843170983163784e-05,-0.0022953696322103867,-0.09601707637771856,-0.04190193871085046,-0.03017015974808057,-0.05106202711061186,-0.05643801149106309,0.00019009601101638296,-0.03752088892278099,-0.057544399302533966,-0.05772710797884717,-0.044617411157506615,-0.04483725453317511,-0.0435317048278791,-0.04611991029968693
-0.03512085718267072,-0.008765459307660761,-0.00225764928551081,0.0002776115525400802,0.0112812081937671,-0.014852326335808907,-0.01448558230783803,-0.04683198699856217,-0.01988521825350109,-0.05341086937676903,-0.011283921498312643,-0.0386195469447172,-0.014593951981493936,0.005072991087568757,-0.03909842390297347,-0.002483868489710883,-0.04710301736620359,-0.02168142502527287,-0.042606631832704245,0.00033349475566335496,-0.036449265985368795,0.043105067446691014,-0.04750070851964244,0.0,-0.0034207273817919437,-0.02067315176810769,-0.028907483807188328,-0.007836408237698156,-0.031960742163551326,0.0008893185692802619,-0.014968349256844315,0.05267050176173943,-0.019827824651134168,-0.027907507793090425,0.08839152269121409,-0.001028561227441771,-0.09269197771979959,0.0013360021256134946,0.033246994335435376,-0.0430479756776439,0.0026308310242967314,0.006582818160738413,0.00036490190947335854,0.0003556368888658623,-0.0038249950436899383,-0.02144018122021507,-0.029761994713908835,0.0,-5.551115123125783e-17,-0.00034928905294911994,-0.00032661762076224843,-0.0005106541326199143,-1.6653345369377348e-16,0.0002007696251585256,-0.021032403982039816,0.000552477561379161,-0.03099365584214364,-0.004544255806667563,0.0,-0.0024825366069277655,-0.02108066300621353,-0.023455605731766305,-0.029966406333869322,4.2565265489735715e-05,-0.0012679731237180691,-0.00185743408338368,-0.005985298860190447,0.0005307926530987994,-0.02643631599181384,-0.026418825294695636,-0.03552473540203127,-0.0007050359140449713,0.002993249757879013,0.0006802114683535643,0.0,-0.010996163584540364
-0.024624944363639656,-0.03485783211003929,-0.00832231105413933,0.0007529381486321429,-0.009985464638083752,-0.023317356776565268,-0.04456060017761854,-0.05492440828878664,0.016278424236287392,-0.04638781990918839,-0.012677087959748035,-0.043528864876735185,-0.04505421250575259,-0.0006096286787288241,-0.036165695532500264,-0.03605665231447269,-0.04736881653637709,-0.02729194982680644,-0.010325619881280279,-0.03770635633499447,-0.0579681460123721,-0.03209122613774129,-0.041795926487526724,-0.0034207273817919437,0.0,-0.03692507346558682,-0.03080614045183272,-0.03525326974611048,-0.028940784055094648,-0.0023414046637998953,-0.02383905960778049,-0.03073343752565938,-0.03203307637980629,-0.030796560165809506,-0.01627187296208693,-0.007542092132101996,0.00036403102584325886,-0.023786853843036415,-0.04614305351647047,-0.014092437837492533,-0.014543852833906523,-0.030247826168550207,-0.0011180089120895742,-5.551115123125783e-17,0.031085954106448432,-0.02195033614483677,-0.04146946774992616,5.551115123125783e-17,0.0,2.220446049250313e-16,-0.02311020354007276,-0.01767339026238557,0.0008409125838839682,0.0004989101815970343,-0.016543044917150862,-0.00042642118994956624,-0.03061632752256338,-0.02799278287402196,0.0,-0.03079173090639098,-0.027503910969216283,-0.00987766394907641,-0.02199555747805898,0.0,-0.025119993773563887,-0.02735385094624382,-0.025935214841774412,-0.03482264943543123,-0.020872886758228515,-0.026884823183252304,-0.026704962192114656,-0.0026436456559301713,-0.02325598701918974,-0.03211439882895267,0.0,-0.017525215526583204
-0.030670346652346137,-0.03943468857396665,-0.008057949785717555,0.0006693047830948484,0.0023134118973626716,-0.03431395056001224,-0.028705729826929927,-0.0482615131832575,0.026617050503723483,-0.03758326474963014,-0.003536325112305061,-0.04044717571065404,-0.026741382496855315,-0.0012958390062589586,-0.09520436885974426,-0.04520694899856348,-0.05018670565722677,-0.03140161610142722,-0.008521452900611903,-0.06783948693433961,-0.04729197553483022,-0.0560923923695299,-0.05954177644653641,-0.02067315176810769,-0.03692507346558682,0.0,-0.07789575725491726,-0.018772522974182304,-0.0315947061420373,-0.015328861487230783,-0.02731931085340078,-0.04291274382307647,-0.030065344587560938,-0.03394241984876151,-0.030724198398807523,-0.03039277124848805,-0.06455762697912698,-0.01692701180009848,-0.055856951186088355,-0.03172116691604465,-0.03567072694334311,-0.047981772169916004,-0.006794251920035355,-4.834805111814111e-05,0.01242195616542352,-0.03514030709526894,-0.054517695764650764,0.001855498749945672,0.0,-4.4664926031501295e-05,-0.039392853173267794,-0.03238321707763847,0.002701981474670434,-0.012580819327020376,-0.02913880984543954,0.0,-0.043803220647938845,-0.037024977634120604,0.0,-0.06508852013601013,-0.040898775348373606,-0.017816012178728968,-0.023742429928762354,0.0,-0.04405153878656054,-0.0674897723233574,-0.05650652065652517,-0.06634931255112342,-0.022530245627848555,-0.03040536020802187,-0.04591603274756545,-0.052619538295471,-0.03883707815014187,-0.04837336780139351,-0.0005261033403279325,-0.02618745661700833
