0.0,0.565596584134209,-0.10775713267290085,0.0,0.007615944217891163,0.2797903877825224,0.23193549886622064,0.5548424000441219,0.2907045649598085,0.3732032096399162,0.4433361482322642,0.41796309173329804,0.3119249754712899,0.33609643427540437,0.576151328393461,0.7386371562356367,0.2385272001604126,0.32880529646450357,0.0,0.4821839807893624,0.5734697046170182,0.6123236568106927,0.38209234220626975,0.6187622560660901,0.31652329941117563,0.5124100125201616,0.2507944819407557,0.3301394490523979,0.45330837402034735,0.6773981023378535,0.5243810044884445,0.4653316425825793,0.4209373404084252,0.53596917556721,0.5404460479357693,0.6421269895704098,0.4347570533329117,0.12777123181432615,0.13322918687436636,0.18748988682798623,0.33383863406892944,0.5349321081473695,0.46453305971183423,0.0,0.44966426355928235,0.3309695577787549,0.2024471986113871,0.0,0.0,0.0,0.5305859197829311,0.0,0.605583721876493,0.0,0.5560299547208063,0.0,0.570570944032586,0.7346753504478577,0.0,0.5739599372687412,0.291952498641745,0.2819916223685883,0.25145483769617,0.0,0.48440363425144234,0.13662865207080827,0.19294939472352257,0.25125941147465436,0.600961801390032,0.3445182289418461,0.37055196381304745,0.8148819055147984,0.4147997676034266,0.5463181090703777,0.0,0.11288224480950337
0.565596584134209,0.0,0.3386419539263137,0.34666728708258154,0.3110449634950577,0.30525105379983375,0.23690687309316152,0.39216931406737965,0.23500081026316091,0.11284292536964766,0.04021301370009672,0.17395765488342058,0.23385890472825538,0.5599404660391456,0.47767356904034974,0.5059407600259918,0.43461499800406034,0.346188630489982,0.6048321896512072,0.4690037042192494,0.6250045257440136,0.7231718681596149,0.4474870020093897,0.38537132874259283,0.3587545442169062,0.32227831893355974,0.46491785940216807,0.1609019737250543,0.3468482657806856,0.43207674768165544,0.568748876375808,0.3520535254479662,0.33916496711532695,0.50520391496593,0.5846753245384424,0.49629885744233104,0.2136576752252173,0.0,0.21703294913341334,0.31827977910235267,0.34965558936538893,0.3962215989229285,0.6375894148862352,0.0,0.0,0.4226218303053324,0.3014110186956691,-0.027113207644754896,0.0,0.0,0.18816482551797403,0.6285278559718317,0.36829146576487226,0.5531158384211469,0.5958626416302595,0.0,0.4394345623075866,0.21928805039574095,0.0,0.33672779283209486,0.4108226601104611,0.6081683405047215,0.3276590257657883,0.0,0.21515462380164044,0.5287027238089992,0.5063623233961219,0.30617413518743464,0.45766183782763614,0.26095288299662156,0.3432281309108417,0.2959302424078567,0.7042636437132391,0.21969034494370154,0.0,0.3859142798397096
-0.10775713267290085,0.3386419539263137,0.0,0.47174606680306674,0.5010167898950515,0.37643087151148324,0.3495062612785179,0.36601757904736526,0.7091298168853679,0.20362682502508359,0.5466676074423167,0.1662999303938245,0.380403755809072,0.33514986843070615,-0.14924047293781784,0.1144645692614572,-0.2915327180424548,-0.24145170384369335,0.506380062450421,0.3824872570888119,0.1453871604889766,0.10053017333414446,0.3655224421676842,-0.024285412051639838,0.28854904182719077,0.20246366528499654,0.5606573764630048,0.4207980276890535,0.32467273370318533,0.6547386335077938,0.45796469831762177,0.3606317644639312,0.518791558898493,0.42670608410929045,0.2501122143898285,0.33471656147878676,0.1825489599791576,0.12953870029935982,0.1424788772652269,0.4964306097611547,0.09459505467922469,0.53300072045583,0.3914210716840195,0.6818359948257345,0.0,0.0,-0.3235349101916119,0.2806009393330959,0.4772681205939144,0.252710557132713,0.3705667052156747,0.3062815157716026,0.21230896872777294,0.337089087717754,0.35356305814021016,0.32668982560903415,0.5015093062458177,0.20914304905734665,0.3572517423255414,0.28562302101938186,0.0,0.0,0.0,0.2336426146693435,-0.6843707165495765,-0.2059840087608143,0.1563321635408762,0.09768007427987346,0.0,0.6221495387465596,-0.05265913447324816,0.3495828519325167,0.15511059525871998,0.3721044785127725,0.6844394899380908,-0.11699187321732823
0.0,0.34666728708258154,0.47174606680306674,0.0,0.6050086261445141,0.17294585068280516,0.17096192841413496,0.7650422696039132,0.4939616440538454,0.3829489844872018,0.406088132076729,0.3916786643607413,0.19184160256990557,0.7281668676579649,0.6055925098232697,0.022949080630573042,0.5867340244061341,0.46462571889758464,0.3043048205097875,0.6302876905469748,0.3714099851661028,0.5570226167352036,0.5172350554472863,0.23891674441215777,0.8532724164771908,0.5682807905699986,0.2780255760005063,0.4186190778485983,0.4914615809105222,0.470262178160343,0.5076179436754615,0.301598259093652,0.26419932944803104,0.2709928391307702,0.19310281546744212,0.5139111864167072,0.5357726775538141,0.3955932244922673,0.19461601158369846,0.310239090877621,0.38382268110093964,0.30726018516803755,0.2536890754676815,0.2433196016956536,0.0,0.0,0.0,-0.14200104833905652,0.0,0.0,0.5812472599529721,0.0,0.46497214902409756,0.030388403274913975,0.0,0.19676764148303777,0.5226472878671008,0.4856848447762061,0.0,0.0,0.0,0.0,0.0,0.0,0.0,0.0,0.48415230018383393,0.6415732797727871,0.0,0.0,0.0,0.5177557085001385,0.5135719317434144,0.6357610634723359,0.0,0.0
0.007615944217891163,0.3110449634950577,0.5010167898950515,0.6050086261445141,0.0,0.36004806368922915,0.2892745841470426,0.2785587381353973,0.5107176938405538,0.4714909851138054,0.493693239640958,0.4350844212608655,0.508429449237397,0.5044538054143762,-0.5655765361100008,0.31290516394826007,0.12555723425940732,0.0927616048154708,0.4630435654066966,0.26848257186088953,0.32788031219467734,0.3198695010240126,0.36717657849704183,0.25629471281468497,0.3367297345950859,0.43071114024469664,0.385700701826655,0.33031280889122805,0.28510812335198166,0.44348475802058396,0.4758475520230767,0.12212518057150296,-0.12075958318264579,0.5061509061421463,0.4856050634899093,0.34657416147549136,0.5967636569030115,0.38366487508228386,0.22154291730945164,0.6491148424578406,0.18592648794989158,0.3956164484332629,0.03272545791010567,0.5988679148444248,0.27864583616395605,0.0,0.43755495841439757,0.16538875098643926,0.0,0.04248477166777731,0.2460323141325343,0.09536872046225237,0.031020263293013495,0.08708997380635852,0.0,0.22378757768001473,0.3632496814233401,0.3343746968177691,0.04385401797809746,0.23612367094992928,0.5121953909567551,0.0,0.0,0.3194750110072568,0.19345070803379807,0.4368676185371825,0.33446466353133175,0.22925542937476123,0.0,0.4977481293109436,0.5151203583067472,0.2552642357700927,0.29902209293092774,0.1590617233317581,0.0,0.5418230862999742
0.2797903877825224,0.30525105379983375,0.37643087151148324,0.17294585068280516,0.36004806368922915,0.0,0.1626574770426062,0.1814838987832622,0.34372545525423026,0.19558603835864646,0.36067118519560104,0.2879679333294655,0.19864344670292172,0.31660790879050343,0.19789923421248246,0.3482993182905465,0.11088027032079806,0.32041875811747267,0.5244934165031385,0.20663703509526102,0.28084295165109013,0.25951652416201904,0.11517483482011365,0.06685480336303351,0.29870792334595875,0.5095494601155267,0.2968953866715275,0.370545910594191,0.3672306172625158,0.3158253714480199,0.3557830750770298,0.1822710382470815,0.5613030760469301,0.3624025031546565,0.33011707131074186,0.14232164831989635,0.1682677660601152,0.12153337927740188,0.3986532415148989,0.10231126171940555,0.43124539037449094,0.40824069014200515,0.18326886728861574,0.3545904164448474,0.22255978782218727,0.3662642841182372,0.20423814534334214,0.24408682719283215,0.5978698306188233,0.04565218105564514,0.2947892205415747,0.21307847429850252,0.2578985623213362,0.2911446371849711,0.22361798799434102,0.36866790776401226,0.358285371950282,0.3002022078080525,-0.008511490535694666,0.3512365769167614,0.3504167625446704,0.0,0.5265585448669863,0.21230896746277353,0.4102851940780648,0.19105857600176074,0.35221514794094844,0.23669036183360392,0.5760695569888216,0.262878421840127,0.2782440740103513,0.23019040860683865,0.3733113310800753,0.4441259632109643,0.3066860629646567,0.3557458047888425
0.23193549886622064,0.23690687309316152,0.3495062612785179,0.17096192841413496,0.2892745841470426,0.1626574770426062,0.0,0.20901112977629727,0.43727816076229037,0.41206095003503923,0.38723007562791406,0.3487412582523352,0.26531516218098417,0.21699792198987963,0.5344683265750318,0.2789825380726806,0.1495832316203305,0.2369717446492764,0.3366678605109489,0.13522111486018287,0.1961296166967484,0.2753378144546732,0.2625372584079563,0.2234672953349601,0.28613034664213266,0.4504695507351396,0.16772458283783848,-0.009791658390401192,0.1834608071327699,0.4667192201282263,0.280332422499995,0.24581459052012547,0.39892977179695543,0.31430038110525,0.49793065804621567,0.19110220883411566,0.2947986077459766,0.5228296406171505,0.415233026444101,0.46256381900519516,0.4454911662884142,0.48567353893014115,0.14133082775158923,0.8533910983478663,0.35856138500137036,0.0,0.19326650978632087,0.2122015621340675,0.0,0.015407514005964351,0.2933457078737862,0.20715525487438258,0.18758264043821865,0.26750413559362685,0.5796733018148982,0.3720293377612433,0.42448448562504176,0.2042754515369373,0.3325734398455387,0.29604080214129375,0.5989745709238692,0.0,0.5423867624158795,0.4127364737898601,0.22042709092525703,0.4999980467799324,0.30903603931123075,0.21789578126340386,0.46791791094000856,0.594066202868009,0.25901942347617196,0.17809947866977283,0.288098714509744,0.17521129000926433,0.7508168926598568,0.20415937765091535
0.5548424000441219,0.39216931406737965,0.36601757904736526,0.7650422696039132,0.2785587381353973,0.1814838987832622,0.20901112977629727,0.0,0.46313977087470487,0.5792879283207932,0.4832824437265677,0.5161845768887845,0.3693666793797016,0.8060401983223592,0.5258733563461736,0.5655073744809741,0.4386614766885639,0.4272470206774743,0.3987802374935856,0.11821172097144383,0.592602850540605,0.2078938446199678,0.3426427922940609,0.3851836980379565,0.44985322782406306,0.4147755705537226,0.13793538868102356,0.3212885399425666,0.34993779143445053,0.25840097893844793,0.48737716101294093,0.49164215896306696,0.5734728510230056,0.4262996869643412,0.3222090667269606,0.6827268501958059,0.4810620326253188,0.5929422309171972,0.3399241080482954,0.46352272980446035,0.2617170511123521,0.34323290219294667,0.28638857796067235,0.4875936260983033,0.0,0.5892379307870901,0.3575740689621142,0.3405244671454486,0.0,0.28036394178860113,0.3297194128325701,0.15915024988575988,0.19050461239868066,0.28564618853795165,0.7970690148683421,0.40469738877966804,0.9508376928704626,0.2864645109533779,0.04102180266298583,0.412605269048944,0.3877272195457765,0.0,0.7223066790500566,0.4635511758453901,0.3689156958006964,0.5783583346301083,0.5202734029185048,0.25767446571342734,0.0,-0.01680016258787803,0.2671949120773976,0.06311767450064454,0.4462906175085011,0.38978377381765,0.40654950114238453,0.1402078279570214
0.2907045649598085,0.23500081026316091,0.7091298168853679,0.4939616440538454,0.5107176938405538,0.34372545525423026,0.43727816076229037,0.46313977087470487,0.0,0.4772463301038234,0.5603541232439205,0.46322407370232466,0.49760328450003427,0.39361827759615675,0.12890484611574227,0.2947535223677495,0.19779854934261576,0.08683553900945035,0.4782047661094559,0.2195674717576538,0.20609801219447044,0.28797968095636006,0.46764534079839976,0.3692591333787865,0.23144198607683775,0.4590017536917897,0.5536427295409432,0.4989993380936465,0.26039558620051406,0.364105834535827,0.539599071421019,0.5324552530350031,0.2431888344594696,0.5588409626659435,0.5010631355138915,0.4449210192439954,0.4556393763523357,0.525087997463019,0.34623825940466596,0.5675002175541681,0.13495559887957176,0.3001470121657399,0.5807851622954787,0.421107469720983,0.30415521650392396,0.0,-0.11736017570834767,0.4545388928647542,0.4803717651851602,0.19889969930102638,0.4741552636119521,0.3837233685326408,0.3186048561385464,0.353904117922184,0.23968093592564865,0.48824196557294,0.5016888739192888,0.17714115237435119,0.6274409256979165,0.4229343314112372,0.6767280817084926,0.0,0.0,0.4184765695127056,0.15804068734893967,0.6482252735644783,0.1906277564555992,0.38055033253501247,0.3316915034937471,0.5667226561136081,-0.011566493940159295,0.3713070815340998,0.22727578072361554,0.21079361706330024,0.48238723757608704,0.17346517482583146
0.3732032096399162,0.11284292536964766,0.20362682502508359,0.3829489844872018,0.4714909851138054,0.19558603835864646,0.41206095003503923,0.5792879283207932,0.4772463301038234,0.0,0.43194915752334706,0.19153370690786925,0.3695315731047657,0.7434873768721157,0.30527605211136105,0.3712050791165974,0.4308029404128101,0.28404675924121414,0.2748008050070073,0.2044873141118053,0.5522307507174333,0.26904235914227737,0.37950685673534196,0.0112744466692343,0.4756248117574659,0.41235783518495783,0.09119901267355907,0.5407821552314096,0.09858347047358718,0.39164745933912676,0.43832084985630093,0.4128936743327103,0.4368409756902211,0.628092853035055,0.8167442572963837,0.732978874976389,0.625323361927543,0.4828608221692755,0.6856560588509852,0.4956418199132356,0.4600854263824596,0.6515120842282739,0.35889228186017286,0.3665465016141968,0.2921915700435219,0.29771485102419915,0.47163588164164605,0.1792921284857455,0.47366136058927455,0.4226743461530648,0.5092010213929523,0.47610992829809784,0.5659258095120561,0.24873898507783698,0.15009559560629007,0.4289504135487083,0.20096555345705525,0.6057856799025114,0.0,0.8735775432483446,0.5002817894207277,0.36663055264867644,0.3253930785169309,0.4783509722851158,0.48457716936391704,0.5435298047337586,0.3674395461441216,0.5849176087412833,0.17179779239504817,0.38256263427670784,0.23898747048852995,0.5614610969104099,0.5699430846309819,0.44138375415161746,0.0,0.2929065018519726
0.4433361482322642,0.04021301370009672,0.5466676074423167,0.406088132076729,0.493693239640958,0.36067118519560104,0.38723007562791406,0.4832824437265677,0.5603541232439205,0.43194915752334706,0.0,0.3715289618607306,0.4053126943456605,0.42354857827147224,0.0,0.5075531775203066,0.1271621131388247,0.16667730740839481,0.35486564919519326,0.5107022481040807,-0.21802158034391877,0.3857144221195653,0.44382787024560644,0.29579635197255394,0.16763093135643936,0.28618509329573494,0.49078491295615456,0.42044704344888467,0.40189848167689635,0.5296215074740636,0.40972758342897453,0.529637442487491,0.429886403234318,0.4945257001912493,0.37237828386845806,0.5840861275668869,0.5697556593997046,0.44528343706727497,0.24423938753394547,0.4884605554273327,0.5266401753285547,0.49231778954283756,0.19564672143895662,0.5792212440308078,0.21090329416355427,0.0,0.0,0.4767066891136768,0.47650348799122383,0.19086086266076507,0.4288689246620162,0.04771467485377945,-0.15871334772808188,0.5432413337912853,-0.1873583541141281,0.23730802390143874,0.44319413497160504,0.12353905321608122,0.23668888603485164,0.0,0.0,0.0,0.0,0.30087014960946157,0.4078872606778982,0.0,0.7400412238410338,0.3235850424307225,0.0,0.0,0.9993215351417433,0.3551242366705041,0.10180179247543197,0.38518193184488914,0.0,0.5710153090377263
0.41796309173329804,0.17395765488342058,0.1662999303938245,0.3916786643607413,0.4350844212608655,0.2879679333294655,0.3487412582523352,0.5161845768887845,0.46322407370232466,0.19153370690786925,0.3715289618607306,0.0,0.36037281922922826,0.6170293323244724,0.37869806309819015,0.615424821383338,0.343311897309366,0.4382115158313383,0.222634881014291,0.7372231267646484,0.555728658699429,0.4213761300800143,0.43218446148491063,0.07593697085023965,0.2965227014306732,0.2938323017596504,0.17364415247431508,0.60208167221752,-0.09807915237582149,0.29614729733791745,0.372167735243689,0.5378583504020168,0.5279202367301388,0.8067159622911009,0.6360886357377878,0.5269481330804691,0.49870168606912335,0.6398230956223145,0.9436780512030585,0.39674536152378387,0.4397011181477075,0.34976347072117775,0.42457189156796293,0.4367716575178052,0.35835642702640313,0.2978119320738818,0.5382592371539051,0.3067671720210078,0.1926684393071457,0.2569524293346754,0.3346236756625845,0.49495717585047205,0.24746013070478245,0.43028739059978865,0.16502862921506223,0.26652452711487623,0.3924935415210238,0.5575692002051424,0.7122878987897769,0.6324572720506874,0.5405116071387803,0.3628339616497379,0.3753139476533516,0.35314602560913294,0.7507982656241174,0.7391205616442655,0.41260197853482483,0.4534967194760743,0.12603798169890854,0.40288567741338344,0.25917264651605226,0.3268968159497901,0.47368187990589716,0.5448513955741527,0.0,0.387222330667003
0.3119249754712899,0.23385890472825538,0.380403755809072,0.19184160256990557,0.508429449237397,0.19864344670292172,0.26531516218098417,0.3693666793797016,0.49760328450003427,0.3695315731047657,0.4053126943456605,0.36037281922922826,0.0,0.2609422628374024,0.1835434125860711,0.28417543009535484,0.18802666912586477,0.2437035843185962,0.3807179504639437,0.11012967696918735,0.28030687783132713,0.24519867586026955,0.3247098551338932,0.18444517645763184,0.29826626986586335,0.3373201885973132,0.23950114594865707,0.39604899814264033,0.1830759319256002,0.27209698933044346,0.2133724988944732,0.2407288522216659,0.3303571560723652,0.2957373015441578,0.46768978515584136,0.193511731728268,0.14465430980848004,0.4567478373270915,0.456711460488883,0.5470852530889876,0.24981876469239708,0.5566185839019917,0.2552142781734102,0.38064435357341087,0.48446148192537936,0.0008411010064203195,0.37610211079256,0.25141230948080545,0.0,0.6878172234781701,0.2559098876439341,0.21777565058460296,0.21179998665781202,0.3231723460363284,0.3980397366934486,0.3300252656397258,0.4443872870678768,0.29870764963243407,0.4104167705320608,0.3883525894444437,0.2197517882668865,0.40599360758895187,0.5476054581635288,0.2794197608660478,0.3592132246357265,0.6020906709434297,0.361195047747575,0.27038865322328237,0.5025814642869014,0.13618991667037914,0.13697680351335034,0.2682347514955572,0.4322153007057135,0.31353316884870214,0.38197721387850914,0.24994390338900285
0.33609643427540437,0.5599404660391456,0.33514986843070615,0.7281668676579649,0.5044538054143762,0.31660790879050343,0.21699792198987963,0.8060401983223592,0.39361827759615675,0.7434873768721157,0.42354857827147224,0.6170293323244724,0.2609422628374024,0.0,0.5179796160148464,0.6295372159598822,0.4927303775980517,0.4480755803641653,0.39595940059213136,0.3705965470825682,0.47107000047166214,0.3094670233828355,0.4475578235572768,0.6526625565919519,0.5045719913648978,0.3091084185954939,0.274794252133886,0.307218239338266,0.3732200270886892,0.8633181709808075,0.7140761798921267,0.39948771734695543,0.2147698287427637,0.46276336299372933,0.39744976255105546,0.5781933172561562,0.3956143944853002,0.40033151323559046,0.7132415016946947,0.0,0.7019538072755547,0.8296365590622864,0.25080246422198466,0.47653541311676206,0.0,0.0,0.0,0.3526543484145205,0.0,0.07955267645123704,0.12494299004152148,0.03793230877362502,0.2811769620622554,0.1885440229594787,0.0,0.41813328725042975,0.3966265436528287,0.03083557776558099,0.5095612150757367,0.0,0.0,0.0,0.0,0.39996119060287516,0.0,0.0,0.0,0.2637989944230258,0.0,0.0,0.0,0.13054820420530822,-0.7260507372277267,0.0,0.0,0.0
0.576151328393461,0.47767356904034974,-0.14924047293781784,0.6055925098232697,-0.5655765361100008,0.19789923421248246,0.5344683265750318,0.5258733563461736,0.12890484611574227,0.30527605211136105,0.0,0.37869806309819015,0.1835434125860711,0.5179796160148464,0.0,0.6185985385168951,0.03522247103541318,0.5028294346530495,0.0,0.5036225978120106,0.42111064144946503,0.5707742319279798,0.2823560421505956,0.5425947365302298,0.542302016340384,0.4227554660130468,0.20455791010380947,0.16403326571577126,0.36587226384538557,0.5024025436712848,0.4853024332957646,0.39926498447233205,0.5383226424605039,0.5303119125079943,0.6293586989645108,0.7272934418961188,0.4958882743291698,0.3685118992102484,0.23642345254927347,0.4162786537075466,0.3476976471707839,0.35572921469553775,0.517457895940155,0.6100663663245998,0.0,0.6307064127694375,0.40234025601577755,0.4558356581122052,0.0,0.0,0.3992877886412509,0.6901431007378572,0.684280034712166,0.5388841914987001,0.0,0.0,0.6820308132766324,0.6298698564052911,0.4748227014595675,0.2868783313930839,0.4357964549508772,0.6307636306829103,0.5378204604370607,0.0,0.29378531864599056,0.4371568837398857,0.454097504758736,0.39381108199977266,0.45843638068646936,0.45508385371633436,0.34953399485301295,0.19139744854824325,0.15801127004571563,0.35016492667698795,0.595601183017409,0.2286343405258901
0.7386371562356367,0.5059407600259918,0.1144645692614572,0.022949080630573042,0.31290516394826007,0.3482993182905465,0.2789825380726806,0.5655073744809741,0.2947535223677495,0.3712050791165974,0.5075531775203066,0.615424821383338,0.28417543009535484,0.6295372159598822,0.6185985385168951,0.0,0.47392844958391,0.6076720958184454,0.5140202035857753,0.4543548135021063,0.7010189104725999,0.6389671823611484,0.5528394946317684,0.4010149008587798,0.3666332671903193,0.6450890022597588,0.45217418252872155,0.23278435725860405,0.31264170634825256,0.5521932244544325,0.43916013884914135,0.20689444841924,0.41014039407146274,0.27938606810748323,0.5906271217635133,0.6651552132661489,0.43384505281967095,0.6006756026311948,0.5046150542614452,0.3817857151197841,0.5671327942113155,0.5456306938827686,0.465617238210535,0.0,0.0,0.43751918021653613,0.5335196896839958,0.0,0.0,0.0,0.17578892780521707,0.5933491195839022,0.8649543600098035,0.0,0.5679275772109014,0.0,0.48290222782502845,0.6364222214711792,0.0,0.39172097255985583,0.600705676678263,0.551750061419335,0.40863980452874216,0.0,0.47499978265733966,0.5679027957327822,0.509239495798031,0.24472915462511882,0.4550761011171619,0.47340375714350735,0.5797703996373673,0.32700843907397603,0.6102408149690819,0.6220228593384987,0.0,0.38953371123612984
0.2385272001604126,0.43461499800406034,-0.2915327180424548,0.5867340244061341,0.12555723425940732,0.11088027032079806,0.1495832316203305,0.4386614766885639,0.19779854934261576,0.4308029404128101,0.1271621131388247,0.343311897309366,0.18802666912586477,0.4927303775980517,0.03522247103541318,0.47392844958391,0.0,0.5675297949924271,0.0449304242582797,0.4071293065271261,0.3270007419026568,0.560034877031079,-0.013877401062793504,0.39777805573806546,0.612861163471436,0.3261918405055023,0.10174830853741915,0.5417713485632221,0.22097591970429725,0.5171285567427533,0.39364848141009795,0.1011770182036976,0.3748922911268297,0.43934150753556467,0.5846612525608692,0.6272435297184483,0.26100282693992444,0.36484717275257905,0.3338147877493658,0.27983620795586145,0.27759587767380495,0.24567245405604954,0.0,0.0,0.4383060462012509,-0.0466010683171475,0.5598891601215421,0.0,0.0,0.0,0.0,0.0,0.0,0.0,0.04560381171902733,0.0,0.02213078927408102,0.3214460615414902,0.0,0.77887653189792,0.2508407746906536,0.20910377578429573,0.18452180915036157,0.0,0.0,0.0,0.5417889058363853,0.0,0.15470068915354265,0.3570453231675234,0.27731638598394637,0.0,0.32960972080365486,0.48122916526095505,0.0,0.3252856883251203
0.32880529646450357,0.346188630489982,-0.24145170384369335,0.46462571889758464,0.0927616048154708,0.32041875811747267,0.2369717446492764,0.4272470206774743,0.08683553900945035,0.28404675924121414,0.16667730740839481,0.4382115158313383,0.2437035843185962,0.4480755803641653,0.5028294346530495,0.6076720958184454,0.5675297949924271,0.0,0.5372841375483784,0.36943204264896895,0.4955546467299717,0.36865901780156296,0.3920838326618255,0.37737429584985493,0.5307439423226168,0.414182529755758,0.35584305228340296,0.10290976115190148,0.24117245584858524,0.44546230743123116,0.16593645553517833,-0.016402371188356413,0.338478607032473,0.42518234427424806,0.5289184269258852,0.6650779547905825,0.26221208762055276,0.4388664642317647,0.2800305438030984,0.22227036214798035,0.26773777049314873,0.2963668893586318,0.0,0.0,0.5271628943312752,0.24707525815824366,0.38148788483085844,0.0,0.0,0.0,0.03473012659545588,0.5653947883390208,0.9182129598149835,0.0,0.1371282491466468,0.0,0.10357406278195808,0.538031552415256,0.0,0.2989132718183103,0.40565705581357825,0.26506507476625224,0.18454402069944761,0.0,0.4682962012220911,0.6554213190701002,0.5926109818570968,0.23894771694835398,0.11831852893777081,0.2769228086352067,0.27282222643209375,0.505874614599684,0.6385448821862432,0.09078027000095473,0.0,0.26921599941178564
0.0,0.6048321896512072,0.506380062450421,0.3043048205097875,0.4630435654066966,0.5244934165031385,0.3366678605109489,0.3987802374935856,0.4782047661094559,0.2748008050070073,0.35486564919519326,0.222634881014291,0.3807179504639437,0.39595940059213136,0.0,0.5140202035857753,0.0449304242582797,0.5372841375483784,0.0,0.5257425464811013,0.11671380889222599,0.644799976666744,0.24162429465453505,0.11799198568761321,0.5526875188164269,0.0903832374340435,0.6577753951258827,0.4299246638135188,0.6088274543908929,0.6160696332378204,0.4067652748731679,0.4632412249356963,0.5498050399550961,0.4146756690078756,0.26503769491487333,0.3766622309118388,0.23597356589677979,0.23222444158406105,0.7300305090677806,0.40512484608091015,0.4070593241565996,0.24964764231245495,0.4948244687506844,0.3433275276376282,0.4136089217939889,0.0,0.0,0.41273327835532136,0.0,0.22016982873342775,0.35928479205314684,0.20273126499993266,0.2599234677915618,0.3726840219308951,0.9766306915261758,0.5133072591000734,0.5656923001374808,0.19157120106905023,0.29393233192510404,0.0,0.0,0.0,0.0,0.168471196553464,0.4810033847558213,0.0,0.44297050774487257,0.3410537267475885,0.0,0.0,0.0,0.315822095206889,0.2075845001531551,0.49759740144654563,0.4759929776606949,0.5661422391328604
0.4821839807893624,0.4690037042192494,0.3824872570888119,0.6302876905469748,0.26848257186088953,0.20663703509526102,0.13522111486018287,0.11821172097144383,0.2195674717576538,0.2044873141118053,0.5107022481040807,0.7372231267646484,0.11012967696918735,0.3705965470825682,0.5036225978120106,0.4543548135021063,0.4071293065271261,0.36943204264896895,0.5257425464811013,0.0,0.1936950480052746,0.42706540109843716,0.18861378954374747,0.5657032282158221,0.3329217010518726,0.20554928762181668,0.3764159840225393,0.35400338058027214,0.5377162992691871,0.6656589553245675,0.5317860403078295,0.3711667824403184,0.5796121312789005,0.5130989976706404,0.6871699394522278,0.8488143693573272,0.18848104886935582,0.7698090561617394,0.39292325597000755,0.4820880715671606,0.48315575322662185,0.4520943800889926,0.7550328957762598,0.22638335041547333,0.23083936759999127,0.5541438648683714,0.4029860433591931,0.23460288659257295,0.0,0.0,0.21939386466620397,0.5901980247566816,0.6748255699121282,0.4626167528623977,0.9102198190265427,0.0,0.6035531707850128,0.26042074687841804,0.0,0.551138084947239,0.39060259431293276,0.4648803080364461,0.4604841027868297,0.0,0.41040637450144973,0.4265544046826566,0.5036649265664259,0.317995402672615,0.0,0.3864189417360374,0.3766156869580376,0.23119037280942545,0.3287873225575563,0.3752762364022001,0.057326385983015316,0.3576038891832747
0.5734697046170182,0.6250045257440136,0.1453871604889766,0.3714099851661028,0.32788031219467734,0.28084295165109013,0.1961296166967484,0.592602850540605,0.20609801219447044,0.5522307507174333,-0.21802158034391877,0.555728658699429,0.28030687783132713,0.47107000047166214,0.42111064144946503,0.7010189104725999,0.3270007419026568,0.4955546467299717,0.11671380889222599,0.1936950480052746,0.0,0.5560971233333958,0.2950247469886117,0.5828502946630383,0.4917071640156388,0.6534258249479821,0.19084877687161395,0.312720015198485,0.358269202773525,0.3179542894959761,0.6156792550472345,0.4741554761494685,0.598691043493206,0.5722105744229162,0.8316359851517363,0.3963074069086287,0.3524699047531147,0.5870365262851309,0.24972397119931586,0.3429417532886414,0.24694931762625968,0.17267687386288588,0.5623502784851924,0.0,0.0,0.3251094849159444,0.44001623198550044,0.633850214363828,0.0,0.0,0.5380996348490975,0.4507648200349081,0.26247263579773134,0.5553637123480908,0.6099321921263168,0.0,0.7239093621647672,0.2840038671727346,0.0,0.3956936346441543,0.3422242952035538,0.0,0.5132038828595282,0.0,0.3618881213088342,0.4481027810185845,0.33279950447797574,0.28221119567943737,0.8366540895758223,0.38200220845824323,0.5087431516110252,0.2569750416493215,0.4665380059684505,0.4272673229679307,0.14015272586953045,0.1502554555880598
0.6123236568106927,0.7231718681596149,0.10053017333414446,0.5570226167352036,0.3198695010240126,0.25951652416201904,0.2753378144546732,0.2078938446199678,0.28797968095636006,0.26904235914227737,0.3857144221195653,0.4213761300800143,0.24519867586026955,0.3094670233828355,0.5707742319279798,0.6389671823611484,0.560034877031079,0.36865901780156296,0.644799976666744,0.42706540109843716,0.5560971233333958,0.0,0.5414986784676941,0.2516598871571911,0.47445981564892437,0.4853776997355653,0.3517080729134767,0.2915201957559145,0.3876704760226053,0.38588562924772996,0.5289834636329217,0.5266347879749934,0.5363868434695334,0.5209610621750427,0.7303347062297767,0.842035076865316,0.4781322697907636,0.7717522156519157,0.43819894300000195,0.4848899953353825,0.5343175434419299,0.4764056367405455,0.5334801002862892,0.3556559642675923,0.2613078633378265,0.634024633964716,0.4669355360091326,0.5500044700346721,0.4783596622874381,0.2624778990670275,0.39825227417332953,0.6891243550960977,0.6384116258959097,0.6361945983242326,0.43608431966407596,0.0,0.5256224257057551,0.34359424626403834,0.0,0.5759383771359525,0.48969125276059544,0.4183532248865652,0.5324049962723649,0.0,0.479877409583807,0.5223899179667809,0.4512633033476896,0.49758093882540566,0.714822677259991,0.42762040820239994,0.43538275428667195,0.3197718297259592,0.43583956737852153,0.40989353581416593,0.560738523904012,0.527018555129807
0.38209234220626975,0.4474870020093897,0.3655224421676842,0.5172350554472863,0.36717657849704183,0.11517483482011365,0.2625372584079563,0.3426427922940609,0.46764534079839976,0.37950685673534196,0.44382787024560644,0.43218446148491063,0.3247098551338932,0.4475578235572768,0.2823560421505956,0.5528394946317684,-0.013877401062793504,0.3920838326618255,0.24162429465453505,0.18861378954374747,0.2950247469886117,0.5414986784676941,0.0,0.39911307857598194,0.42414068354151213,0.32393886831234153,0.42104972943939223,0.2714905211080506,0.30516194911922623,0.30751633499744974,0.38942975880204156,0.2611528352001299,0.5283226679493318,0.33708553860030355,0.31918889886130747,0.3394637513653329,0.18959957050412385,0.05329552814121938,0.32437237068601865,0.6147902330432851,0.42841040887014703,0.3843143039712632,0.25577648019082666,0.6426320008984522,0.5829584448687544,0.5560498826360778,0.3872601646892791,0.603939289195365,0.4454132400675051,0.2147976832989475,0.3529554078390501,0.24014962773210136,0.2050218549655014,0.39762313479294653,0.10460740158085963,0.6785952956236014,0.4553702554507387,0.26877600273458174,0.2580857370613935,0.4185961622165977,0.5002702328013828,0.4845771693639177,0.5868152746274694,0.6565762480087012,0.41047278905214923,0.25453670894501734,0.33771983056406596,0.4945502937574834,0.2531346734394352,0.31422272411868946,0.297048204427932,0.21779061305057526,0.352217443910538,0.4040498671430172,0.32846434275064035,0.32828426215239015
0.6187622560660901,0.38537132874259283,-0.024285412051639838,0.23891674441215777,0.25629471281468497,0.06685480336303351,0.2234672953349601,0.3851836980379565,0.3692591333787865,0.0112744466692343,0.29579635197255394,0.07593697085023965,0.18444517645763184,0.6526625565919519,0.5425947365302298,0.4010149008587798,0.39777805573806546,0.37737429584985493,0.11799198568761321,0.5657032282158221,0.5828502946630383,0.2516598871571911,0.39911307857598194,0.0,0.4361970055227774,0.28800496669791403,0.20889711885105078,0.3390006822480458,0.38522695613789293,0.7973371317237344,0.39203436728128604,0.44236035493171666,0.15861211181206192,0.5298350110452585,0.8247197144736711,0.5068707282587711,0.3234983856887694,0.10090946818126667,0.6541714795107627,0.6820968851739422,0.5691660846982249,0.8414626920293287,0.5542174836378286,0.36944860336346175,0.44348571331059644,0.23525142241578248,0.5217124381896909,0.0,0.0,0.461020919763942,0.5706784564685954,0.2967633045915817,0.0,0.029878911377934594,0.2044225745850269,0.5441030438850654,0.28347017334948843,0.4477174419936204,0.0,0.22345124582814244,0.2828278096677264,0.19140390997104334,0.19521340231791035,0.476938288869149,0.29896643264983347,0.4268812115199418,0.1762360443534041,0.8163803017472337,0.10096108123366798,0.29784223914395824,0.20262825304953147,0.4775933179635171,0.6842967175822525,0.6637658286673009,0.0,0.3286880060650397
0.31652329941117563,0.3587545442169062,0.28854904182719077,0.8532724164771908,0.3367297345950859,0.29870792334595875,0.28613034664213266,0.44985322782406306,0.23144198607683775,0.4756248117574659,0.16763093135643936,0.2965227014306732,0.29826626986586335,0.5045719913648978,0.542302016340384,0.3666332671903193,0.612861163471436,0.5307439423226168,0.5526875188164269,0.3329217010518726,0.4917071640156388,0.47445981564892437,0.42414068354151213,0.4361970055227774,0.0,0.2302600480242104,0.42220576701027657,0.12537009461165677,0.27521568539940167,0.42887611113098634,0.31597973959207576,0.05205015802893406,0.41892908696731984,0.35223313021412916,0.5640933671997821,0.5517055602030574,0.5581467232432709,0.4790055980179761,0.2575769948190845,0.2415289273074605,0.3132040841998361,0.3554068475402752,0.14586723169919125,0.0,0.370096954501602,0.37502477167153303,0.35265585086635076,0.0,0.0,0.0,0.10857573870286086,0.5581013205238894,0.40998354724804065,0.38141715015682054,0.06623343233138568,0.49046733407776877,0.1184150388732601,0.07986049714988291,0.0,0.27087657653361935,0.3715925700959284,0.267337730732782,0.19057524135687015,0.0,0.4497595132601609,0.2562166123338932,0.41617504242353415,0.14371548462056216,0.0528522279057565,0.2808802685504759,0.21986795468062176,0.16291428043600442,0.25076355544090134,0.14097508277512877,0.0,0.19078527445620636
0.5124100125201616,0.32227831893355974,0.20246366528499654,0.5682807905699986,0.43071114024469664,0.5095494601155267,0.4504695507351396,0.4147755705537226,0.4590017536917897,0.41235783518495783,0.28618509329573494,0.2938323017596504,0.3373201885973132,0.3091084185954939,0.4227554660130468,0.6450890022597588,0.3261918405055023,0.414182529755758,0.0903832374340435,0.20554928762181668,0.6534258249479821,0.4853776997355653,0.32393886831234153,0.28800496669791403,0.2302600480242104,0.0,0.3682969048118043,0.2941688108114338,0.4284607396851442,0.053125522897022714,0.3877553812851079,0.4021814646215599,0.4869110260701548,0.4198161556271352,0.5941835197274863,0.06174130735353395,0.47685775820643284,0.6133583381643701,0.3716863011881052,0.2953355521965325,0.4376486174040308,0.416612473982733,0.2204181468808854,0.5422813642788817,0.3814965233695573,0.39718422289301974,0.5162823042264099,0.6679775687907005,0.0,0.007792717557399522,0.27935524635375764,0.6083330779430355,0.5856761486705822,0.4057689507901342,0.01507914992972581,0.0,0.03842852869263608,0.27943530002043016,0.0,0.4376776601657467,0.49822803003601385,0.1373453410611265,0.2205461422991909,0.0,0.3212242460583873,0.5822544911983603,0.5434586498140376,0.2782496943563394,0.0836273887593541,0.2830587600613116,0.3267410493614144,0.3086189896779447,0.20560472454550976,0.27784022154596516,0.5096440461091057,0.3382433997532145
0.2507944819407557,0.46491785940216807,0.5606573764630048,0.2780255760005063,0.385700701826655,0.2968953866715275,0.16772458283783848,0.13793538868102356,0.5536427295409432,0.09119901267355907,0.49078491295615456,0.17364415247431508,0.23950114594865707,0.274794252133886,0.20455791010380947,0.45217418252872155,0.10174830853741915,0.35584305228340296,0.6577753951258827,0.3764159840225393,0.19084877687161395,0.3517080729134767,0.42104972943939223,0.20889711885105078,0.42220576701027657,0.3682969048118043,0.0,0.24012887921847795,0.3921302674183558,0.27488837073949357,0.3234681664805211,0.2221062680619496,0.5574212799776849,0.33004257220624744,0.3621142886729586,-0.10290833256069587,0.155478809775773,0.14800819008070004,0.34524473841288195,0.344387650439662,0.42924544338732823,0.4073396688187242,0.12883366102071003,0.47602313249330175,0.39619262558609225,0.4471666456964113,0.23226848336756667,0.29379820669628365,0.5065614415113651,0.11730293626123467,0.3179150992931928,0.17566444371146903,0.13850209520971385,0.244168204235944,0.2218627059478343,0.3138711942469294,0.3577817763584346,0.31509295577897267,0.08243738385263488,0.3960104363512147,0.4220372398530952,0.0,0.2573038977493107,0.41631087052680543,0.34877638040205683,0.33548025109955426,0.31027006230743076,0.2206029086631201,0.0,0.371173085104473,0.2569363666891902,0.24758417083778766,0.4056627189635202,0.38278051090546206,0.2672015675219821,0.2860660688895422
0.3301394490523979,0.1609019737250543,0.4207980276890535,0.4186190778485983,0.33031280889122805,0.370545910594191,-0.009791658390401192,0.3212885399425666,0.4989993380936465,0.5407821552314096,0.42044704344888467,0.60208167221752,0.39604899814264033,0.307218239338266,0.16403326571577126,0.23278435725860405,0.5417713485632221,0.10290976115190148,0.4299246638135188,0.35400338058027214,0.312720015198485,0.2915201957559145,0.2714905211080506,0.3390006822480458,0.12537009461165677,0.2941688108114338,0.24012887921847795,0.0,0.40574685703889185,0.6202481829459394,0.42307750999779686,0.31312044777110437,0.483293786605893,0.3628906618706986,0.807242348468385,0.38858443543428545,0.3976342444631925,0.7432240630331013,0.6244420260739552,0.368685845491038,0.3139689913853704,0.35868476046182346,0.41688628970835206,0.3348064531404453,0.6799105869647908,0.6258023228716458,0.6058680366038172,0.29024362151761046,0.0,0.6862256199204612,0.3482094901491456,0.27720267452115566,0.33092923521523676,0.28872531202797724,0.5952004248733243,0.527422243250447,0.6042526821637569,0.30738550380807106,0.35616212010759807,0.3506988836462227,0.5929807124891544,0.20202043908607586,0.5531450543043587,0.6707155119623172,0.41706532971185534,0.3445048446387313,0.44596100131374616,0.34176600369731863,0.5564074646066429,0.23258740377175052,0.09288833457427728,0.3060213346446065,0.476363814863901,0.368059138391384,0.3268509306716979,0.33287596398372066
0.45330837402034735,0.3468482657806856,0.32467273370318533,0.4914615809105222,0.28510812335198166,0.3672306172625158,0.1834608071327699,0.34993779143445053,0.26039558620051406,0.09858347047358718,0.40189848167689635,-0.09807915237582149,0.1830759319256002,0.3732200270886892,0.36587226384538557,0.31264170634825256,0.22097591970429725,0.24117245584858524,0.6088274543908929,0.5377162992691871,0.358269202773525,0.3876704760226053,0.30516194911922623,0.38522695613789293,0.27521568539940167,0.4284607396851442,0.3921302674183558,0.40574685703889185,0.0,0.38404036320847507,0.3545502899575472,0.18714902151026383,0.6133928777483114,0.29034028635999193,0.31062542982817354,-0.009287387562411209,0.5715087345425842,0.6017668190556726,0.37455294201897227,0.48769768681014103,0.4086409764440817,0.40884138963498473,0.4690967804924169,0.5405896554301217,0.6124081122070547,0.49031660040908753,0.3192352122163886,0.31265622060205245,0.4225834091747255,0.4457083598455861,0.3101713919340832,0.20831524631525927,0.3094583678798766,0.042228457857124924,0.6740190931863294,0.43651259476433757,0.5563085797289948,0.3583221844055572,0.7296777964107591,0.4740184216246921,0.4921711749606782,0.4809250066604738,0.3208421210890216,0.535200576207209,0.4420745347194285,0.4119606798885729,0.48175918178369437,0.3970163705046649,0.4874113313020792,0.3232945210044899,0.33947007622888126,0.35215592210033375,0.49671908274505716,0.4625824175082457,0.38537898855185676,0.39335092443946296
