0.0,-0.012192560590144952,-0.05532504406042943,0.0,-0.0265023421735181,-0.03273304586034709,-0.03669392177416453,-0.0083973508846375,-0.020638497695174618,-0.02906688071607716,-3.5644485738561826e-06,-0.020519876177122198,-0.04336610674661351,-0.018253886097517213,0.006482593674514758,-1.605245602531724e-05,-0.023006187197810002,-0.031236956462995735,0.0,-0.01868280454729515,0.026932490812378584,-0.0010606018504171755,-0.02993936939290448,-0.00669968021784817,-0.026167006914869784,-0.02117963712832238,-0.046208462821726415,-0.03637766171208917,-0.017316348229352352,0.002808229390934003,-0.015236188068436962,-0.02696253515628838,-0.024038931930071727,-0.0005733087662059821,0.005740166777602862,-0.00021850558938013576,-0.0012816614530904435,-0.055285337425301395,-0.04706628200726154,-0.04842693507149182,-0.022506521896417275,-0.0038105692671907,-2.4437272247213038e-05,0.0,-0.0008756210339662118,-0.04543321923125432,-0.04775850053421482,0.0,0.0,0.0,0.0014558509837925837,1.1102230246251565e-16,0.0011624851431356609,0.0,0.00023650262058028115,0.0,0.0022854875458080404,0.0016579827490284527,0.0,0.00035570275798230133,-0.03347366540735569,-0.0021032967340741116,-0.03825449324181973,0.0,-0.0006040379378542959,-0.11250250187434452,-0.05209035372380316,-0.030615829876938283,0.000812406328837445,-0.03238949208517272,-0.03251003789174911,0.02135504737406796,0.000533918795563415,-0.0007031487850938101,0.0,-0.043843079759711856
-0.012192560590144952,0.0,-0.03605649059476951,3.512714455583543e-05,-0.03638023559553155,-0.03352248111573014,-0.050744026919448404,-0.04182885824283111,-0.03930767584796491,-0.047597134836965815,-0.028558319309686053,-0.03445411700372508,-0.05141292266440595,0.0013637198766123793,-0.016783498325941948,-0.01936689158052224,-0.019741560744810815,-0.03719426413171495,-0.002053696735968502,-0.014602703240408688,0.0003123756481833717,0.006292687525270513,-0.03271407314483771,-0.005936621714766888,-0.025103539265787844,-0.02835861273177276,-0.016593345753570243,-0.05624831404644215,-0.020107534057509424,-0.001067752955331902,-0.009623302331324857,-0.024040030581918614,-0.018502548970988297,-0.0062003780118805585,0.0011433378446228937,0.0031131935483157958,-0.000932752888378241,0.0,-0.03541469131796826,-0.03627415177772053,-0.021433864683753023,-0.020510699193311055,0.0005055944684966285,0.0,2.220446049250313e-16,-0.026604489845939605,-0.03561967496044638,-0.0006593969627699536,0.0,0.0,-0.05077291025799435,0.0012465570367770074,-0.014788035964317714,-0.0001304042727109378,-0.0005261671208346419,0.0,-0.0006122363857959945,-0.04882675925127511,0.0,-0.03010413131334394,-0.0212567196799337,0.0011034305792821386,-0.03195194206566426,0.0,-0.043670853850275304,-0.02194243579928551,-0.016663157290199404,-0.04192977337787679,0.0005895875722576327,-0.038447715830845275,-0.03352497684012096,-0.04080076859470483,0.010050493348341627,-0.04519352773166918,-1.1102230246251565e-16,-0.027758190870982857
-0.05532504406042943,-0.03605649059476951,0.0,-0.015319715519512445,-0.01514357428695673,-0.028572867968159,-0.04404355155706052,-0.058793300586259756,0.03780980661253097,-0.042935428683620935,-0.010212823314171171,-0.038160763153989585,-0.043510314036439846,-0.048986228110730945,-0.050789512178999574,-0.03455230832420303,-0.06274743126367877,-0.07712032767201465,-0.0065793824863035755,-0.0015053812770501884,-0.04993429390745663,-0.057029827136757805,-0.03173018732128219,-0.054204325049740654,-0.043809141499967674,-0.03998367061407626,0.005929155135684594,-0.041279965739067837,-0.04815868699473913,0.005492254684150322,-0.03496577843750914,-0.04328006271231055,0.00014849157004998004,-0.035639322534887496,-0.05025769538765218,-0.04547587924683588,-0.05649802201738108,-0.039502923997523975,-0.08903442007429935,5.004859915391791e-07,-0.07993213822666972,0.001180423398152941,-0.049385683258137913,0.0027414147674467704,0.0,0.0,-0.014851980931784081,-0.09383880675414624,-5.488676666609571e-06,-0.06179069592262382,-0.04599222173509143,-0.06828864966416254,-0.0915205485238666,-0.10167125339974026,-0.0014184145088241285,-0.08948364316692908,1.836458539566932e-05,-0.09178909183783374,-0.051712888832080584,0.0002553368002589096,0.0,0.0,0.0,-0.09884451683312312,-0.05283931702539002,-0.07215753073623027,0.0001974077586506251,-0.11176439776890562,0.0,-8.461685953436993e-05,-0.03833034948526337,-0.0661544283151499,-0.08164325237455156,-0.036383177459340554,0.0005231647032378772,-0.08468261036982394
0.0,3.512714455583543e-05,-0.015319715519512445,0.0,0.03007100126532336,-0.050117289886553174,-0.03597474689324978,0.036078757367532466,-0.022332854376111655,0.005254438723121008,-0.019575135538251853,0.004751550495695922,-0.037463456002607975,0.043674018094763345,0.0002484101637298952,-0.0018311398982993055,0.001371291851293921,-2.4993726673250283e-05,-0.049546185775123375,0.005457955126927927,-0.0015023215823777858,0.0007923201331519469,-0.01427216221377936,-0.002078775544287037,8.757600062397897e-05,-0.0013428926037424849,-0.04313052743160678,0.0017296722416221266,0.0014622108627219133,-0.0021449821277847447,0.0010076106443686061,-0.013497405060210355,0.01656820841067108,-0.014896571406353809,-0.04476276618385988,0.029783796557837333,0.028196982183406938,0.006137208781854531,-0.0033557346508756303,9.166479697586549e-05,-0.00010970548809596803,9.734414002826597e-05,0.0008885251057786925,-0.0011155892157120317,0.0,0.0,0.0,-0.03400864962763178,0.0,0.0,-0.0004894503151889329,2.220446049250313e-16,5.72014716487268e-05,-0.0002677893882043758,5.551115123125783e-17,0.00014647516088628354,0.0016447347748527186,0.0008977258869589666,0.0,0.0,0.0,0.0,0.0,0.0,0.0,0.0,5.043449369585007e-05,0.004077660792224269,0.0,0.0,0.0,0.0013521170998622156,-0.003935000310912262,0.0012357018412607612,0.0,0.0
-0.0265023421735181,-0.03638023559553155,-0.01514357428695673,0.03007100126532336,0.0,-0.02133926069419101,-0.027330748658378423,-0.05202107636230319,0.003538231927318558,-0.023573544998072626,0.000507393496498032,-0.00991130316193034,-0.017130963575172076,0.012613476955211811,-0.05328354741976504,-0.051311476447114146,-0.050162667496162605,-0.050579920852746374,-0.0184317707151595,-0.043373827325124514,-0.019470991809398486,-0.038009491719424415,-0.024976231085300393,-0.029025289105296503,-0.03861004988342981,-0.014361217949013794,-0.02381152532613301,-0.028368889756798854,-0.046911043298461796,-0.005117304178433091,-0.018584048935044062,-0.05507309336332811,-0.06693531891220117,-0.010409772397906802,-0.0020657185732526617,-0.004906754850572792,0.05190596580237683,-0.011325642522543089,-0.04840015979743362,-0.0006896965497936169,-0.06100988687305692,-0.0008254681445161727,-0.10343561208770591,-0.00413622545939385,0.000220469567480841,1.1102230246251565e-16,0.00028054290281326333,-0.07676600206166345,0.0,-0.10337012243522026,-0.05924222912811139,-0.08650907163090638,-0.09760454514426486,-0.06883045691247847,5.551115123125783e-17,-0.05243286221808485,0.0008264982080085637,-0.05549909116919194,-0.07747657950022274,-0.0008251311285739638,6.107784315084741e-05,0.0,-5.551115123125783e-17,-0.05249608143533269,-0.01039542826399198,-0.0004521868460061751,-0.0013149113437518345,-0.06444461895113746,0.0,1.6046185166318505e-05,-0.00149008553881963,-0.05419971517670019,-0.045679820568980734,-0.0390091507456376,1.1102230246251565e-16,0.0014962006630669933
-0.03273304586034709,-0.03352248111573014,-0.028572867968159,-0.050117289886553174,-0.02133926069419101,0.0,-0.05021311802534084,-0.06125056746066293,-0.019894620931223517,-0.06746957623587829,-0.024149572334781377,-0.0457135740764304,-0.04498234161837855,-0.03275145850060729,-0.0610435810362025,-0.039708251105076586,-0.049612394397805515,-0.04144060650564857,-0.012412908003361478,-0.04195852089947966,-0.045198001824219236,-0.03441027364035876,-0.060702619968014626,-0.04663790436821774,-0.03925422336338108,-0.022745697926233988,-0.032277650329610164,-0.03564745394199342,-0.015697874410170454,-0.04411988146677859,-0.038076917905965735,-0.04307612547033274,-0.015316156945816062,-0.03281387465339747,-0.03245989993519449,-0.06650324871226093,-0.05231593452782868,-0.04605302247846832,-0.030283336433780228,-0.04022394202133206,-0.02085379535766202,-0.017512390440657,-0.07166289951743038,-0.027442020351827412,0.00022009235066616784,-0.02625268494563099,-0.0493584127512684,-0.06847026201547635,0.001172937249765471,-0.08559203930219605,-0.04945177840794612,-0.07069022810718639,-0.06826893187072874,-0.06025067614498075,-0.0542511344007815,-0.04233148292899919,0.0006713469660445393,-0.05466130276032177,-0.09434449516154764,-0.036178337675844885,-0.029104201123786644,0.0,-0.0005517604520547392,-0.0741591770351604,-0.0292385329829169,-0.047380020329988226,-0.039914097155926254,-0.05857577762639793,5.303568433318029e-05,-0.03267214056984774,-0.04409040141531906,-0.0584582580613332,-0.03251264166848672,-0.02408086823083183,-0.03130444260082865,-0.034699752271505624
-0.03669392177416453,-0.050744026919448404,-0.04404355155706052,-0.03597474689324978,-0.027330748658378423,-0.05021311802534084,0.0,-0.05253150874147644,-0.023469456978944148,-0.01869782332622477,-0.0327718447227871,-0.010508727295525655,-0.04114051263413304,-0.043182598035015674,0.0008344345514623153,-0.053260224395255185,-0.047622164684745505,-0.05249262184235698,-0.04482535389624259,-0.05822722048016121,-0.04314427259650783,-0.043809647364920656,-0.04850160061771852,-0.026536336881408995,-0.04698833627298099,-0.029835146208521734,-0.04919862478283549,-0.05985504120805657,-0.05387476206789399,-0.004418937622481689,-0.033868567111113745,-0.034385965631072934,-0.020630902315821487,-0.018427284261802734,0.013624984949196894,-0.04538331973052395,-0.02181534625105358,-0.009774914142819224,-0.03225000321518723,0.0009671777062808529,-0.008987819680640274,0.001888762956982648,-0.07072016068328346,0.006152064894833553,-0.00014540298706100518,0.0,-0.03622694425050238,-0.06109666311987083,0.0,-0.09454385753577621,-0.05620916208861082,-0.07694953856262099,-0.060860199954830996,-0.0629546467546458,-7.217309249568649e-05,-0.02199487009018186,0.00040824472383438337,-0.06237737523900283,-0.002081603443622182,-0.004918698028296198,0.0006358048010716155,0.0,3.6223435709914487e-05,-0.03160255251963168,-0.04659074521816464,0.001436056410586084,-0.028191752070404752,-0.06210758622220125,7.710506544666984e-05,-0.00044581701725204814,-0.029163976326759877,-0.06608062001060522,-0.046423387995445264,-0.048807616855397695,-0.0011692921967945136,-0.047485171110478896
-0.0083973508846375,-0.04182885824283111,-0.058793300586259756,0.036078757367532466,-0.05202107636230319,-0.06125056746066293,-0.05253150874147644,0.0,-0.03466771833843091,0.0017527416206042923,-0.018417593925913744,-0.015834249255752886,-0.03700876567204109,0.012914707590503949,-0.005226693163955021,-0.01818090188782545,-0.001409090917516398,-0.03477486747862435,-0.0452963166771535,-0.05447042149877923,0.0026024898611688996,-0.049516689033392236,-0.033389070272919597,-0.013519373354189235,-0.026053398551300233,-0.028339943864716277,-0.06591487431494075,-0.0379756950685452,-0.02468766969350078,-0.038460063192899574,-0.017649602909374673,-0.009400461708516439,0.0048495104846317805,-0.020829558916952984,-0.019756430460021235,0.026380747481432154,0.0054664255676517,0.0004101023116958036,-0.03783268875956419,0.0015753111596691904,-0.024835021081627218,-0.01839374275554917,-0.0552954642911731,0.001743006699634675,0.0,0.0027730536336980083,-0.0010924690250504465,-0.0674237120962754,0.0,-0.060272219489572676,-0.04343417102743269,-0.07068040662749991,-0.09665464808683677,-0.05202303566656641,3.880553061758052e-05,-0.03240696886309086,-6.314766942183692e-05,-0.05676270565572161,-0.09531903578973244,-0.047889327632963885,8.17319159523433e-05,0.0,0.0006608724272759159,-0.04047075406058681,-0.05903293306224855,-0.008942443018098156,0.0007608132953202951,-0.06779723229892404,-5.551115123125783e-17,-0.0414679006926445,-0.018581424492598475,-0.0849380330438343,-0.023406226579258116,-0.04329476265452392,-0.014009586444997557,-0.05225084214323483
-0.020638497695174618,-0.03930767584796491,0.03780980661253097,-0.022332854376111655,0.003538231927318558,-0.019894620931223517,-0.023469456978944148,-0.03466771833843091,0.0,-0.029228870147703256,0.013906810071167619,-0.02255754273904803,-0.020770282090196712,-0.032990688959199876,-0.04697521855219455,-0.048470193425892594,-0.032427312472455116,-0.07248464773347585,0.013178813974831283,-0.04909719293426201,-0.0332026636141009,-0.037582284905720686,-0.020752511868948498,-0.030098090493558605,-0.057269356989741504,-0.031382679024933524,0.003924824289787243,-0.02586582648342156,-0.04326630414789828,-0.04220026815541722,-0.019095402340592538,-0.01994928605644608,-0.059343586253798875,-0.015542776971590233,-0.016775691949767302,-0.029138306278045922,-0.02302686325600567,-0.01927839379629359,-0.05257089664483372,0.0027828747370031715,-0.0650848605443532,-0.006392436110006616,0.0039356061758017424,-0.002562115912270846,-0.00022617331657570627,-5.551115123125783e-17,-0.055663640447332075,-0.039651699664310924,2.6367860064269166e-06,-0.07511085056501587,-0.031144878194936332,-0.05831091991719012,-0.06351153815131061,-0.05360909739643416,0.0010300982695553018,-0.029711214793339602,0.0019083946401984853,-0.06973638926904746,-0.00034499420125511104,-0.0013753838930017914,-0.0008175835842464951,0.0,0.0,-0.04171472887591615,-0.04398225405569062,-0.0003336608076679459,-0.024733741191874103,-0.04958727847697425,9.266903011839744e-06,-8.777704561763189e-05,-0.03449668473295808,-0.043747557607546894,-0.05648617336717504,-0.05312185891348248,-0.0006540273758485204,-0.07544861948888665
-0.02906688071607716,-0.047597134836965815,-0.042935428683620935,0.005254438723121008,-0.023573544998072626,-0.06746957623587829,-0.01869782332622477,0.0017527416206042923,-0.029228870147703256,0.0,-0.03240398599240818,-0.041619306727907035,-0.02707677328814667,0.033977205378599384,-0.030434842499782733,-0.015504467982428771,-0.027897809311796695,-0.03142562631837009,-0.04489138281834931,-0.0329821906654541,-0.018573349130083794,-0.03351412488098954,-0.021880409493669817,-0.05982735864341765,-0.03416387490372935,-0.03635034023103767,-0.060443862896075784,-0.012349105359564572,-0.051924344342287654,-0.0028099383317396476,-0.028014786867637753,-0.00025000628154858706,-0.026325015334607016,0.005828530104003304,0.0357079738756223,0.05277567849380155,0.03541120971263667,0.0006933375355521743,0.048519495276810654,0.004296763058733999,-0.012743301284875885,0.05964855978709632,0.0011842118709672333,0.00164789479421934,-0.03701187626459507,-0.04739319113487528,-0.001890155054673881,0.00027323014910030086,1.4972036221250207e-05,-0.001214488373113387,-0.00014309539987239495,0.0035305141462029788,-8.536971932149306e-07,0.0001242968147942003,-0.0664408393820684,0.00030836538270007097,-0.06225312311540365,-0.00082013955369592,0.0,-3.810837846518478e-05,-0.006791350139113195,-0.02534824977054212,-0.026752014634328247,-4.921386763723223e-06,7.996009890959277e-05,-0.00070007079367157,0.0005152958461484003,0.00018801860515837987,-0.04767897620646244,-0.020065407441093197,-0.04764594500821889,-0.0007543153478160591,0.005003226259703508,0.0014403168492668206,-5.551115123125783e-17,-0.05048503131513776
-3.5644485738561826e-06,-0.028558319309686053,-0.010212823314171171,-0.019575135538251853,0.000507393496498032,-0.024149572334781377,-0.0327718447227871,-0.018417593925913744,0.013906810071167619,-0.03240398599240818,0.0,-0.025697471592417365,-0.02847319871116666,-0.021996448237065536,0.0,-0.000200860208465381,-0.04661769409118638,-0.04434201425616996,-0.02255642525798046,0.00012771326566796137,-0.06076198804639604,-7.811349288677771e-06,-0.015000426612090112,-0.03176443241029381,-0.04872979235648617,-0.03484879148423975,-0.01501907115210055,-0.025571550705839385,-0.0007034885148463621,-0.0008489168444373862,-0.028303816368947188,0.0023051853957678503,-0.01691008955653789,-0.020380914075674494,-0.026873305842482875,0.0027134506021154747,-0.011013902001774378,-0.024545797442573736,-0.06218010854180028,-0.002772668420176372,-0.0017565047163858871,0.0007869630488114288,-0.08488500637966834,0.000466251517629912,0.0002338614086525026,0.0,1.1102230246251565e-16,-0.05260624768182126,5.105814436801026e-07,-0.06041504011886162,-0.03273924317341714,-0.1018752813151027,-0.16290078587733298,-0.030823475893319574,-0.06611645364552926,-0.0651585291968017,0.0027472933935375754,-0.08180084887161138,-0.07060732984410062,5.551115123125783e-17,0.0,0.0,0.0,-0.06158312275352623,0.0008222151859140214,0.0,0.00045103093497667057,-0.05577092618109042,5.551115123125783e-17,0.0,0.0006625487273104746,-0.054587049141596955,-0.08432738342208312,0.000434499882414785,0.0,0.0013208999369077046
-0.020519876177122198,-0.03445411700372508,-0.038160763153989585,0.004751550495695922,-0.00991130316193034,-0.0457135740764304,-0.010508727295525655,-0.015834249255752886,-0.02255754273904803,-0.041619306727907035,-0.025697471592417365,0.0,-0.020285927557141648,0.0008209525974040566,-0.004108757338261271,-7.458758897144202e-05,-0.042981307689089476,-0.028154196264175757,-0.03823256262186864,0.025142457198080337,-0.007355841169452482,-0.004443379992299712,-0.008211475336016238,-0.039772347560564913,-0.04145142919416356,-0.03792799466781133,-0.037103651468263,0.0035632219224708828,-0.08563099086223114,-0.002055435863678623,-0.017364408563675715,0.02749211256810158,0.00032731994132162434,0.03180727726591692,0.015379470775170156,0.024299467580778056,0.016835702708769773,0.04725897454509356,0.11327220100046309,-0.009822407951471768,-0.009703342330638853,0.004767070654900396,-0.001805880942136906,-0.0008852386807824408,-0.02096014972920468,-0.02415143833896649,-0.00045645323047888153,0.00024776226725514716,-0.0009203842146135732,-0.0025943030260198174,-0.0006988194718106078,0.0006425951971438248,-0.0002637480773789447,0.00020860799935268348,-0.06082513797261896,0.0010683060039407,-0.04908924852224855,0.0035338565799638566,-8.886458639151273e-05,-1.5648095429754427e-05,0.0020374802063420905,-0.024035818266834763,-0.030406975362283706,8.719164074144636e-05,-0.0001634719950671104,-0.0008041605301782329,-0.0003566505019929611,-0.0020570732165030026,-0.053383190779555945,-0.021903778590298406,-0.045579920877033386,-0.0010532749791861695,-0.019039508372942215,0.0022267849286541908,0.0,-0.04297329546149031
-0.04336610674661351,-0.05141292266440595,-0.043510314036439846,-0.037463456002607975,-0.017130963575172076,-0.04498234161837855,-0.04114051263413304,-0.03700876567204109,-0.020770282090196712,-0.02707677328814667,-0.02847319871116666,-0.020285927557141648,0.0,-0.04889609192115324,-0.054651569994371985,-0.053110595309331876,-0.043007001296947844,-0.052470658916128066,-0.04207962820724531,-0.0645973406426954,-0.04425375480673438,-0.04964775570316193,-0.04594275265282238,-0.031339456723174675,-0.0485518921022326,-0.04275759600143009,-0.04923122339998037,-0.02932455515005633,-0.05731450011666955,-0.0436085980714595,-0.03676811912220879,-0.03619578730160228,-0.023195858627311605,-0.026165282061527073,0.0018733610980642967,-0.05374220914593292,-0.04503310783774567,-0.009630741894008643,-0.015369465646493219,0.007728337717434586,-0.04674794404805749,0.02141874860410553,-0.05112387774538085,-0.0028565914346765364,0.0016723749010248423,-0.06136248091932983,-0.033782256765747365,-0.07171827676661918,0.0,0.00043669766290033163,-0.05723621794995276,-0.0740807614646739,-0.062475199569635376,-0.0628443507586583,-0.02381164093310595,-0.03452868034985718,-0.010124215331182906,-0.05475201610499586,0.0005685545714614326,-0.02721431606120317,-0.02911626415930796,6.040549396679751e-05,0.0006126309257956652,-0.05845541348814942,-0.03929646564029088,0.0010919982098007153,-0.028662088030109667,-0.05869652198349207,-0.0004830109904473967,-0.04200883949569689,-0.046125374232313776,-0.05866324835821107,-0.030315623248205636,-0.04358667021374707,-0.019852594256644263,-0.04966663385460346
-0.018253886097517213,0.0013637198766123793,-0.048986228110730945,0.043674018094763345,0.012613476955211811,-0.03275145850060729,-0.043182598035015674,0.012914707590503949,-0.032990688959199876,0.033977205378599384,-0.021996448237065536,0.0008209525974040566,-0.04889609192115324,0.0,0.0001994108199298572,0.0017396124469405416,-6.860732191582564e-05,-0.00023550932374838407,-0.03652430856509964,-0.0013099601412501216,-0.007365233526629655,0.001170580411040567,-0.02638629390729713,0.00046195541167237675,0.0006665879443640277,-0.020688250403271713,-0.04823897714285352,-0.03438145416025484,-0.0016519051277574803,0.0019443882297064952,0.013927702167127576,0.013519736436250929,-0.01122580172603932,-0.03824276169848556,0.01200461089837257,0.0356693414967828,0.013016375245012785,0.0005433667560935107,0.00990176481966043,0.0,-9.406179061893782e-05,-0.00033137790337267603,-0.04903493371903045,-1.4697080510939209e-06,0.0,0.0,0.0,-0.03051330910470712,0.0,-0.06499118251504693,-0.044219221393240804,-0.04407827714482915,-0.044525519965424365,-0.044217857527971416,0.0,-0.022387354458937414,-0.00041861496544548515,-0.060469991708149096,0.004327977183484988,1.1102230246251565e-16,0.0,0.0,0.0,-0.02165772456054782,0.0,-1.1102230246251565e-16,0.0,-0.05450608694794473,0.0,0.0,5.551115123125783e-17,-0.06140067437215829,-0.0907153270522863,1.1102230246251565e-16,0.0,5.551115123125783e-17
0.006482593674514758,-0.016783498325941948,-0.050789512178999574,0.0002484101637298952,-0.05328354741976504,-0.0610435810362025,0.0008344345514623153,-0.005226693163955021,-0.04697521855219455,-0.030434842499782733,0.0,-0.004108757338261271,-0.054651569994371985,0.0001994108199298572,0.0,-0.005129319644853747,-0.03311716256092778,-0.008636782190794723,-1.1102230246251565e-16,-0.022295491469049966,-0.015335511900377241,-0.00797924090061819,-0.05231859868157607,0.0064216935601221214,-0.0024714649544195777,-0.024560712278281882,-0.056685585982997166,-0.04396285475727485,-0.02653397750607306,0.0030640872435538924,-0.01956875437944,-0.014956578388411357,-0.009300717975795902,-0.006932802701605512,0.004253855259434947,0.009696997351160974,5.038284993325037e-05,-0.0003655801332908548,-0.03158458974564582,-0.0263937643086255,-0.02607640797419969,-0.021616411442599404,0.004101507796530457,0.00034745254014695304,0.0,0.0008595913336870709,-0.030488666765982386,-0.0016124203387535285,0.0,0.0,-0.01834734024155149,-0.00010292366916070383,0.018426363114273925,-0.000646115757769572,-5.551115123125783e-17,0.0,0.00037771694096983,0.006100161348551292,-8.36973567475141e-06,-0.07985925961171797,-0.027934585874109352,0.0002338618095306666,-0.020738598968918498,0.0,-0.09205261390847591,-0.024783565304572763,-0.04971117875979125,-0.07605829425050753,-6.197474800095915e-05,-0.01955398616848303,-0.03327618160779583,-0.08054085644773823,-0.05278037608340119,-0.029433745936768396,0.004684147313142373,-0.03746556807098672
-1.605245602531724e-05,-0.01936689158052224,-0.03455230832420303,-0.0018311398982993055,-0.051311476447114146,-0.039708251105076586,-0.053260224395255185,-0.01818090188782545,-0.048470193425892594,-0.015504467982428771,-0.000200860208465381,-7.458758897144202e-05,-0.053110595309331876,0.0017396124469405416,-0.005129319644853747,0.0,-0.009245205506119125,-0.010822327298034895,0.00041440514871543543,-0.01736388104479003,0.001691372896785781,-0.003984678950035847,-0.021445995443993948,-0.024460634393538683,-0.037422546589740646,-0.005484672988397887,-0.02690145182335152,-0.05037865956650661,-0.03466945987390224,-0.002949976602773352,-0.01820352024003541,-0.036822065780511226,-0.00954272386040611,-0.023466978268651628,-0.0018278652998449663,0.0021402927769598734,0.0009650163814392543,0.00016428036861182438,-0.014043600191122052,-0.018003816272207096,-0.0034452786151732973,-0.005097440399749187,1.0913496722386729e-05,0.0,0.0,-0.017875780054639356,-0.01855056621907386,0.0,0.0,0.0,-0.047400796621910435,0.0003912645805449477,0.0019407464331882562,0.0,0.0030977659427000037,0.0,0.002653548913208792,0.0014617710389285277,0.0,-0.0315941232573409,-0.004542251373055639,0.002369529686771066,-0.023007228590507856,0.0,-0.012292152365935116,-0.010368431306986559,-0.014064725012983448,-0.047046047643987565,0.0010014239604338449,-0.02262172529120343,-0.017645293728630718,-0.041103091503717215,0.0010249679199157424,-0.0037406393018021844,-1.1102230246251565e-16,-0.011758292384285829
-0.023006187197810002,-0.019741560744810815,-0.06274743126367877,0.001371291851293921,-0.050162667496162605,-0.049612394397805515,-0.047622164684745505,-0.001409090917516398,-0.032427312472455116,-0.027897809311796695,-0.04661769409118638,-0.042981307689089476,-0.043007001296947844,-6.860732191582564e-05,-0.03311716256092778,-0.009245205506119125,0.0,-0.015873842054541176,-0.04997932927188653,-0.00883126102977927,-0.017867798887269526,-0.009787618462011427,-0.0407369289950521,-0.03077405770399594,-0.0014254724794767748,-0.03034160391213031,-0.04310617777902659,-0.0375118033334767,-0.021620005031894485,0.0002153175054777634,-0.02658800312480314,-0.05770663259173392,-0.03878053947089288,-0.020123677917390947,0.0019600861070261377,0.0007232026164356586,-2.4626537811323068e-05,-0.013250781726909133,-0.022376910885096246,-0.017717048480893838,-0.026174489756545405,-0.02669820076528545,-5.551115123125783e-17,0.0,-0.003422590124490421,-0.0738517501167244,0.0004911505236220859,0.0,0.0,0.0,0.0,0.0,0.0,0.0,-0.0673254600684981,0.0,-0.07061767986213313,-0.00040547425802017756,0.0,-0.0001701311977965192,-0.021356329020976894,-0.04138794681410968,-0.04139953610842767,0.0,1.1102230246251565e-16,0.0,0.0007280244584415563,0.0,-0.061190646494345025,-0.028520090043924473,-0.042095924381466754,0.0,0.0006020784143875857,6.577093467563522e-05,0.0,-0.031368038901647244
-0.031236956462995735,-0.03719426413171495,-0.07712032767201465,-2.4993726673250283e-05,-0.050579920852746374,-0.04144060650564857,-0.05249262184235698,-0.03477486747862435,-0.07248464773347585,-0.03142562631837009,-0.04434201425616996,-0.028154196264175757,-0.052470658916128066,-0.00023550932374838407,-0.008636782190794723,-0.010822327298034895,-0.015873842054541176,0.0,0.0005194770447964903,-0.022669461865835183,-0.01900122599482995,-0.02395510429810227,-0.038757421395079095,-0.029491392438007413,-0.013753319194398483,-0.0200716414091357,-0.03787578961867849,-0.05445958364999681,-0.03742566968760197,-0.014245081176203822,-0.04170416119179032,-0.05677398419943985,-0.0375487004645787,-0.02202080285229563,0.0008656574651311755,0.008370756963211157,0.00013103707973066703,0.00477573456788577,-0.033245593365398396,-0.03433656075742908,-0.029600744611308794,-0.023234631663948457,0.0,0.0,-0.003258503252027589,-0.0460784629007947,-0.03193021302342808,0.0,0.0,0.0,-0.049601466541451145,0.00018410653568706747,0.0027401520727790007,0.0,-0.0677515014922736,0.0,-0.06043984581083117,0.00023053204080508705,0.0,-0.03652828825699306,-0.02002637195677326,-0.04382962205011748,-0.04647645667473577,0.0,-0.0006252724480269589,-0.000855557047319988,0.00018411069097512556,-0.062058859057417426,-0.0638961290664305,-0.036328699659453845,-0.04322255021425281,0.0004991044414396351,-0.00010596156885933627,-0.05348430713133884,0.0,-0.03680725482955283
0.0,-0.002053696735968502,-0.0065793824863035755,-0.049546185775123375,-0.0184317707151595,-0.012412908003361478,-0.04482535389624259,-0.0452963166771535,0.013178813974831283,-0.04489138281834931,-0.02255642525798046,-0.03823256262186864,-0.04207962820724531,-0.03652430856509964,-1.1102230246251565e-16,0.00041440514871543543,-0.04997932927188653,0.0005194770447964903,0.0,-0.0009025894074340401,-0.022795096362561995,-0.0016746561598802168,-0.057986040644717796,-0.040981802500100584,0.00024556527214097956,-0.045691697310726254,0.009398419879353359,-0.03800788286007373,0.0019017600362975506,0.0006813096842039346,-0.041248654233894955,-0.029533314275167588,0.0034511139792147705,-0.03781018343283754,-0.04407957960685238,-0.0460152053173164,-0.04967425403276482,-0.03694410561619549,0.006077332568734384,-4.599401051663676e-05,-0.0019774656838135174,0.0012016026546629588,-0.038413358670682185,-0.0020725344950212055,-1.2980713734456195e-06,0.0,0.0,-0.09386310064398279,-5.551115123125783e-17,-0.06732125999357463,-0.04264843499788218,-0.06512305207979163,-0.07669608359907276,-0.05610391511121193,0.00043800601356547286,-0.03280881936020663,0.0005289533937118396,-0.05462486580809334,-0.04109304298458377,2.220446049250313e-16,0.0,0.0,0.0,-0.18594783767417283,5.661603121820402e-05,0.0,-0.0002555545524896008,-0.061712473218486996,0.0,0.0,-5.551115123125783e-17,-0.062150145309678995,-0.05511611203938899,0.0011744236919038475,0.00019518706581289624,-0.00023486963605423572
-0.01868280454729515,-0.014602703240408688,-0.0015053812770501884,0.005457955126927927,-0.043373827325124514,-0.04195852089947966,-0.05822722048016121,-0.05447042149877923,-0.04909719293426201,-0.0329821906654541,0.00012771326566796137,0.025142457198080337,-0.0645973406426954,-0.0013099601412501216,-0.022295491469049966,-0.01736388104479003,-0.00883126102977927,-0.022669461865835183,-0.0009025894074340401,0.0,-0.05026738834257172,-0.018609544127447752,-0.07141757928829562,-0.0022789830671721134,-0.03398950730544986,-0.05037495273798259,-0.03201624845322448,-0.04063422536845418,-0.012220792414141757,0.0012927005108692713,-0.011166876703959772,-0.019433355770388516,0.007236956096736524,-0.014062044432687437,0.0068028820849444505,0.012226227975230097,-0.03567821696830853,-0.0017597982391315825,-0.01785255625793808,-0.009294873424890437,-0.016489556090074298,-0.00941731391855749,0.03478638143669299,-0.0032878651817578874,0.00015680421465208427,0.0018648239823810808,-0.020899515809163716,-0.03624802761154866,0.0,0.0,-0.045547762750076326,-0.0026233201529609063,0.0053456897088700606,0.0016093984522826954,9.172985992939031e-05,1.1102230246251565e-16,0.001492300470779806,-0.0478380352437876,-1.1102230246251565e-16,-0.014038827036781276,-0.017077258821207753,-1.736101795479783e-05,-0.013164237283169844,0.0,-0.02646977321411481,-0.018735282442297885,-0.013464052727807208,-0.04331977959271299,0.0,-0.01481832287483864,-0.018476355980472203,-0.05019981006973501,-0.03166060460324588,-0.030440149317391862,-0.04649833282460536,-0.028320486595720507
0.026932490812378584,0.0003123756481833717,-0.04993429390745663,-0.0015023215823777858,-0.019470991809398486,-0.045198001824219236,-0.04314427259650783,0.0026024898611688996,-0.0332026636141009,-0.018573349130083794,-0.06076198804639604,-0.007355841169452482,-0.04425375480673438,-0.007365233526629655,-0.015335511900377241,0.001691372896785781,-0.017867798887269526,-0.01900122599482995,-0.022795096362561995,-0.05026738834257172,0.0,-0.002631880203136483,-0.03874835324746462,0.007871994074556077,-0.008575443481998124,-0.002314670833540311,-0.057240804924212296,-0.03175908123104365,-0.021373290346207885,-0.026040956139934457,-0.0002948806921080904,0.002648532591464303,0.013413289241918647,0.01065680578657957,0.038517196691920996,-0.027221978655416368,-0.00033388702023512407,0.0017261260546581614,-0.036050788278743306,-0.036603596849261566,-0.031110892359618225,-0.041616988134173416,0.002133439935923742,0.0,0.0,-0.05347496829945719,-0.02350574366371372,3.9348391979276975e-05,0.0,0.0,-0.005221809469848793,0.0014985955725997924,-0.09217051007071853,0.0014543300147248361,0.00030504706138506643,0.0,-0.00029911218173978016,-0.04112809927182787,5.551115123125783e-17,-0.029361112837107073,-0.03678678963714005,0.0,-0.0011016815661887835,0.0,-0.03804569381221862,-0.033639609348913746,-0.038473218936169895,-0.04958241747468645,0.0023726076081637126,-0.01501817211514872,-0.027304815162362772,-0.05064837299978142,-0.01767371460197026,-0.02911094672799197,-0.042865696012244936,-0.03566378731651915
-0.0010606018504171755,0.006292687525270513,-0.057029827136757805,0.0007923201331519469,-0.038009491719424415,-0.03441027364035876,-0.043809647364920656,-0.049516689033392236,-0.037582284905720686,-0.03351412488098954,-7.811349288677771e-06,-0.004443379992299712,-0.04964775570316193,0.001170580411040567,-0.00797924090061819,-0.003984678950035847,-0.009787618462011427,-0.02395510429810227,-0.0016746561598802168,-0.018609544127447752,-0.002631880203136483,0.0,-0.04158194192274994,-0.0389266226821926,-0.02682670855452607,-0.020394533931875403,-0.02613635530377817,-0.06332560548018457,-0.023069673209669572,-0.0529261446728545,-0.015349688309985343,-0.010237040099887351,-0.0006250607055206525,-0.018095847193661863,0.00871124307274207,0.035630033355280144,-0.03355209731124981,0.026053382195540264,-0.011043599318679043,-0.008195667501356363,0.0005116524755522378,-0.005815310647585448,0.0048570152201231065,-0.00035233497206604847,-9.358301177819772e-06,-0.0004652832252541872,-0.020414087968030015,-0.0023485725529893142,4.6024150339163405e-06,5.74371497713555e-06,-0.027448638228081967,0.003101639349522234,0.0033750335989473634,-0.0014694361288069002,0.0018525359636572536,0.0,-0.0006561872142855085,-0.029552967111422357,0.0,-0.014298563628556304,-0.010834344640661187,-0.00022402727997056227,0.00017799090574799337,0.0,-0.012616995165925071,-0.012211848302340678,-0.020178809470699055,-0.01695426001884842,0.00034837047957980705,-0.010063348825317786,-0.021193272664060403,-0.03353983215589024,-0.01916958446383038,-0.023004560265646956,0.0008474673868153482,-0.0041355892627576996
-0.02993936939290448,-0.03271407314483771,-0.03173018732128219,-0.01427216221377936,-0.024976231085300393,-0.060702619968014626,-0.04850160061771852,-0.033389070272919597,-0.020752511868948498,-0.021880409493669817,-0.015000426612090112,-0.008211475336016238,-0.04594275265282238,-0.02638629390729713,-0.05231859868157607,-0.021445995443993948,-0.0407369289950521,-0.038757421395079095,-0.057986040644717796,-0.07141757928829562,-0.03874835324746462,-0.04158194192274994,0.0,-0.02016137344180441,-0.030054163557187707,-0.039960835319555355,-0.01695510342820622,-0.04322588131546479,-0.03892824329497108,-0.041351323733036294,-0.033471251635467714,-0.038755866824555785,-0.007230004451589833,-0.03678274623421324,-0.038049577622596586,-0.04591728553083718,-0.05099734684492874,-0.05350985779083134,-0.043507162124804155,-0.0005263097321689392,-0.02598791987799437,-0.03344390907996414,-0.07522069530018527,-0.001550547832141036,0.001215181693787648,0.0023413709772981406,-0.046132958314584194,-0.02109940167538732,-0.0008832588015953435,-0.0787121039185919,-0.044348969283066864,-0.0665069122205218,-0.08598528321712584,-0.06062232748826496,-0.05308601325135881,0.0016040466462859393,0.0014418425704196824,-0.05801550322187554,-0.06749463875388706,-0.03948148411059016,-0.022444259137161693,4.223259619240416e-05,0.0020372725529097524,-0.0013617128011608193,-0.03609862051956214,-0.06502381988632983,-0.04322986597998696,-0.05633108784802232,0.0002757062032266999,-0.04266054778738765,-0.04804391348713449,-0.06037872578932263,-0.03638094364180733,-0.03562004356088827,-0.03652080063560692,-0.045912888504869576
-0.00669968021784817,-0.005936621714766888,-0.054204325049740654,-0.002078775544287037,-0.029025289105296503,-0.04663790436821774,-0.026536336881408995,-0.013519373354189235,-0.030098090493558605,-0.05982735864341765,-0.03176443241029381,-0.039772347560564913,-0.031339456723174675,0.00046195541167237675,0.0064216935601221214,-0.024460634393538683,-0.03077405770399594,-0.029491392438007413,-0.040981802500100584,-0.0022789830671721134,0.007871994074556077,-0.0389266226821926,-0.02016137344180441,0.0,-0.026132798310380345,-0.0297715514466933,-0.03894453206424486,-0.02213006682529811,-0.03498606001580595,0.0002776929833151476,-0.025138931290014987,-0.0010701541186409758,-0.03593485496794313,0.010325441330501617,0.06554085663325915,0.030169726424090326,-0.001870193373518958,-0.03279000341360333,-0.008394889553919427,0.014769347858748283,0.011413675565180026,0.050884573668006194,-0.0006432297541634213,0.0005686579202008879,-0.000956939878505203,-0.07011301858724517,0.00015305944116006387,0.0,-5.551115123125783e-17,-0.00016681101785437358,-0.00021889894418458677,-0.00016627920737377622,-1.6653345369377348e-16,0.00028371563238505093,-0.05425554890704426,0.00022162878448656054,-0.04476230878270915,-0.002078340561472769,0.0,-0.0012299523884671815,-0.030463451877244807,-0.04569025165396473,-0.04792847479077511,2.032802116658239e-05,-0.0010545576604433227,-0.002122427899573287,-0.0018174328414656826,0.0003448058454008085,-0.06648462841111569,-0.03668534922546218,-0.0558757829121867,-0.0011030581241801007,0.003498547160257881,0.0026423024955595786,0.0,-0.048039535445482506
-0.026167006914869784,-0.025103539265787844,-0.043809141499967674,8.757600062397897e-05,-0.03861004988342981,-0.03925422336338108,-0.04698833627298099,-0.026053398551300233,-0.057269356989741504,-0.03416387490372935,-0.04872979235648617,-0.04145142919416356,-0.0485518921022326,0.0006665879443640277,-0.0024714649544195777,-0.037422546589740646,-0.0014254724794767748,-0.013753319194398483,0.00024556527214097956,-0.03398950730544986,-0.008575443481998124,-0.02682670855452607,-0.030054163557187707,-0.026132798310380345,0.0,-0.026215291866673318,-0.028296019842958653,-0.05094927435290969,-0.032483772263651844,-0.0013045880738946636,-0.035308365736792524,-0.044545738371678634,-0.02229867468694907,-0.020813376380852233,0.0042649139533011415,0.0033375505093554136,-0.0005895020630463654,-0.0019096488955525626,-0.037716282754242936,-0.03477237200229938,-0.025967052574459748,-0.024270354360363566,-6.371457624498866e-06,-5.551115123125783e-17,-0.010429617570598237,-0.03314497588242549,-0.03929989574077836,5.551115123125783e-17,0.0,2.220446049250313e-16,-0.0558239068298203,0.0017365672607064786,-0.02887758448292299,-0.001110719406449967,-0.07391376802178173,0.00041236894869206564,-0.06790795503296332,-0.050454434576177376,0.0,-0.043709602882834375,-0.026030230075495486,-0.03966184923804,-0.05083222105888047,0.0,-0.019454313187732053,-0.04186271169108097,-0.021635662338742756,-0.05026284799035208,-0.0692827068381997,-0.039390611330699654,-0.04559553743895545,-0.04422989340780026,-0.043750909863359166,-0.043145498661020854,0.0,-0.03911991925682706
-0.02117963712832238,-0.02835861273177276,-0.03998367061407626,-0.0013428926037424849,-0.014361217949013794,-0.022745697926233988,-0.029835146208521734,-0.028339943864716277,-0.031382679024933524,-0.03635034023103767,-0.03484879148423975,-0.03792799466781133,-0.04275759600143009,-0.020688250403271713,-0.024560712278281882,-0.005484672988397887,-0.03034160391213031,-0.0200716414091357,-0.045691697310726254,-0.05037495273798259,-0.002314670833540311,-0.020394533931875403,-0.039960835319555355,-0.0297715514466933,-0.026215291866673318,0.0,-0.042102353727507036,-0.04656671814087587,-0.02688431743472608,-0.044855892461529434,-0.023713725403025354,-0.02763202636541867,-0.014592322093986643,-0.017480021861656314,0.0008491145705292191,-0.07962880528272559,-0.0016645795508331562,0.01931932338792286,-0.0273313051282576,-0.026718812792036972,-0.021808429060952872,-0.008827414110667287,-0.0002031413092800083,-3.5898527428135374e-05,-0.013828771347520363,-0.02819104165420372,-0.026663077616451647,0.002167875925341345,0.0,-3.308258333500902e-06,-0.051079227803734584,0.0023720478189876992,0.004269442927065492,-0.0006571551044905477,-0.07849685477835622,0.0,-0.07837000420012463,-0.049906214148009,0.0,-0.03079883386404103,-0.018052898150810737,-0.05241070667555081,-0.042832390941314635,0.0,-0.04001816392973023,-0.026747952323789403,-0.026635389600531523,-0.04578117219469585,-0.07747200594750997,-0.037712204831128804,-0.0347355133728211,-0.046106825437649435,-0.0453083503444916,-0.049742631888783695,0.0006955725968164073,-0.02584166693577239
