0.0,0.07965313993541145,0.002191789839109337,0.0,-0.0028739426285224745,0.011298118678633007,-0.00018438720061431102,0.06438538811072714,-0.0042189226329970575,-0.005487640826332685,-0.0033640427847148047,0.009221176822760302,0.03673372271323333,-0.0018779107772202153,0.03415679696034485,0.04451473437374304,0.014008077238158112,0.02286363580210765,0.0,0.01365904045077665,0.15222685402386454,0.04909578015164917,0.0446755472491282,0.057629804216167646,0.02360135213379605,0.006975100172597171,-0.02052311567973908,0.03923234163773498,0.03929012789630454,0.021840792216337834,0.0267918144137107,0.055753730188296546,0.06956930610043333,0.07152636493061282,0.0924546890067176,0.07223270832925077,-0.0007990715966728623,0.006405392631805673,0.03384460432732772,0.0016490132211831598,0.03360432600261448,0.06931868527692747,4.367641216251883e-05,0.0,0.0022054823215797437,-0.0069391784963829806,0.026004827165845623,0.0,0.0,0.0,0.04100607585530902,1.1102230246251565e-16,-0.0514107172826051,0.0,0.014604748579818805,0.0,0.009601772088394356,0.003437189664562801,0.0,0.026152909042834405,0.01930441754646528,-0.03486233741007316,-0.021576046459406473,0.0,0.0028719375648487144,0.17230286059633487,0.04603789650517681,-0.0008304194793568032,0.010122523752240598,-0.003734120210185321,0.019842134660558675,0.002906311398772621,0.00037203705348448635,0.007056501021357686,0.0,0.018288364843965066
0.07965313993541145,0.0,0.0532620665561786,-6.278227897921207e-05,0.020895397862491283,0.01338852277019642,0.02304806298484824,0.007557802377166911,0.004039572209746378,0.03428699654847045,-0.0003571267321709759,0.03310160521953015,0.017012243990147446,0.00017013410077371116,0.03005719938082968,0.011206558560718893,0.0041621073848018275,0.0024675239673638827,-0.001881063339035538,-0.013440620666829994,0.07258181642224099,-0.023226655791670048,0.011850422170356256,0.02747574669199626,-0.024322463908355185,-0.05121967302684971,-0.00026855049726781655,0.038891027500943254,0.009704265922659494,0.003322081808055155,0.01162190004991187,0.04815488859917555,0.07889605268984207,0.044201276340970264,0.048986646879569995,0.006103419745164929,-0.0010027322319941523,0.0,0.06137597895840391,0.04014440147212739,0.08399289443843905,0.011641817042196911,-0.0009036422792929044,0.0,2.220446049250313e-16,0.015222690539981987,0.018293636374129785,-0.000537702836484133,0.0,0.0,0.009434368429558304,0.0003639702357626229,0.0020519890594000167,0.0006191751548079161,0.0021903926475062008,0.0,0.0010451868587132984,0.0024655981621716783,0.0,0.012904967179816429,0.04705043318395152,0.003853464204609802,0.01377466949605144,0.0,0.013262102876818227,0.010307501073191172,0.014592537302979991,0.013864846661448382,0.0012073304241441152,0.01719476790381097,0.02042955051187162,0.01210688438153057,-0.001908191392672287,0.014991156012789109,-1.1102230246251565e-16,0.014332881130747377
0.002191789839109337,0.0532620665561786,0.0,-0.028264225506914986,0.003937367228810884,0.00826284950425038,0.0009282813064215856,-0.007256945620463973,0.042619153251082065,-0.008875919499066243,-0.003819049677473818,-0.005911209473653756,0.0026276613337486987,-0.011933343736943214,0.0029327317972289157,0.043421621921646836,0.00046732434382085186,-0.006718899753130669,-0.0018716779650690962,0.015382736156852428,0.004819766954025084,0.00874861528807791,-0.030745022331574168,0.0008138491765735667,0.03644219035867052,-0.007615884219514757,0.03148280365110934,0.008768664336076148,-0.0015923200755434963,0.008183789862685809,0.011532778296215185,0.014520624233822554,0.003072277789781641,0.01808995364760224,-7.670974571194478e-05,0.006395067748269423,0.0018776990888263456,0.0061469031364980165,0.01752666864045116,-8.945119663317236e-07,0.007678453572644406,-0.003262513981641846,-0.028039477327162776,0.00441308701016474,0.0,0.0,-0.0009376200023946679,-0.18766134063776724,9.809838916741143e-06,0.023024095678814582,-0.026713635074442132,-0.015390988206381517,-0.02546128155948041,-0.047861830897916124,-0.0024757568505665573,0.00442353841761739,-3.282277959765212e-05,0.014753049845287136,-0.028810343524793613,7.546282098674917e-05,0.0,0.0,0.0,-0.14635243626476863,0.0013374310955581725,-0.0009758083508981663,0.0001599298872151378,-0.028998581286365233,0.0,-0.00014247211584283992,0.0020705937904184624,-0.036530480044402514,0.004837996010269019,0.007281006010669611,-0.0009350453265145608,0.01136752116706996
0.0,-6.278227897921207e-05,-0.028264225506914986,0.0,0.020732915458685053,0.016677187554121342,0.004109903773946988,0.020858251091689428,-0.022887746897255368,0.015384734068029315,-0.01934180023634746,0.016739625683108716,0.009215176017793814,0.045058118630724675,0.003367030998472853,-0.0008394117344613372,-9.975490084257466e-05,4.4670955768544296e-05,-0.07384391288931785,0.006084536495371329,-0.00027759945116878626,0.0037932193606826092,0.0008198243846799791,-0.004963653760601594,-0.00015652342291322396,0.0002159523758166748,0.006945646060930455,-0.018888082124356415,0.002957181789042418,-0.004826134758615541,-0.016321967436625062,-0.002717063610528092,-0.002498296883138351,-0.016576073010354853,-0.03460372536655726,0.012455840531591378,0.011479309190604636,0.0035722119394777097,0.002641543325677398,-0.0014077860004517162,-0.000771455342381655,-0.0006351774311291747,-0.002288793075700346,-0.0015303929900846724,0.0,0.0,0.0,0.001073273701811872,0.0,0.0,9.712991844618157e-05,2.220446049250313e-16,-0.00010223543064713514,0.00047861641731788973,5.551115123125783e-17,-0.0001011970693010622,0.00045501329987129857,0.0006631326575349816,0.0,0.0,0.0,0.0,0.0,0.0,0.0,0.0,-9.014090081665982e-05,0.002436759431716562,0.0,0.0,0.0,0.0005578856891390038,-0.003304934815229643,0.001211454546964863,0.0,0.0
-0.0028739426285224745,0.020895397862491283,0.003937367228810884,0.020732915458685053,0.0,0.014751686308378253,-0.014996284853269759,-0.001821573116337849,-0.010920113310327662,-0.01713270541588846,-0.031214953301384074,-0.006475698531111684,-0.022690501672089025,-0.008781463263349887,0.0009906018404829409,0.009356440240118502,0.0028597779139609703,0.006536712329474559,-0.0020590715500136136,0.02628435462336781,0.0224359603102936,0.009719938033739939,8.842448697599092e-05,0.00681653288854317,0.0026208954336626733,0.01275316394988596,0.021689696131590608,-0.016014967062695284,0.0011396732389288289,0.0008986238321357365,0.014444415110939635,0.023780280070483883,-0.0003656738526586767,0.012162632701144649,0.008527300244692615,-0.03045017176119086,-0.04574815240033367,0.017841508428374342,-0.0011646490129392784,-0.0007536617681150881,-0.006387545768568981,-0.00212375084577332,0.008668171391703783,-0.0025462277514685105,-0.00039404233014139756,1.1102230246251565e-16,5.5992550235084426e-05,-0.05322336315379922,0.0,-0.0032589317899665016,0.008941092459727518,0.0011454738146725596,0.0009015287218870904,0.011776839803281258,5.551115123125783e-17,0.004337479937227551,-0.0014771892713485446,0.018680072541194415,0.00612259074224436,-0.0007000193015610501,6.160224959061988e-05,0.0,-5.551115123125783e-17,0.0037405502403469737,-0.0021309864302914705,-0.0003802526975332232,-6.6426268892638696e-06,-0.030087195137230682,0.0,-2.8679133655895583e-05,-0.0017994430351968016,0.005621309657642459,0.0036234880098048317,0.003838509529271117,1.1102230246251565e-16,-0.0020965467728719656
0.011298118678633007,0.01338852277019642,0.00826284950425038,0.016677187554121342,0.014751686308378253,0.0,-0.007882829044984052,-0.007196714971113405,0.001941664203966409,-0.00446086535646667,-0.009549133991396674,0.0025482584526089758,-0.035599505030233236,0.026080071121814707,-0.015833416696337865,0.02240594418371361,-0.019934874980708506,0.02138505714083616,-0.00983265511317366,-0.02022192280586238,-0.00788597824828996,-0.011616241422336637,-0.017656425371256834,-0.05367177073469681,0.027683388523753294,0.008898373385423874,-0.023754382680097885,-0.03692275436874931,-0.03320175382602869,0.021960723670387317,0.01098025670074304,0.04791939852011201,0.03422382485387615,0.037038709462778985,0.043774051262997826,0.005863482192322356,0.023719304246100803,0.008230474516422726,0.014349569651720795,0.04241948648893429,0.01695925824435407,0.028962416970429616,-0.030951396693987887,0.0005388476660559416,0.00041578248263923756,-0.00198595762283299,0.0021860240428995814,-0.035439740008853415,0.0010980812378392768,0.004909063974340655,0.005427380164909179,-0.0029590640847836913,-0.0009613369242185699,-0.05057382469836802,0.00022435046842084194,-0.028392226177980484,0.0022238538114200956,0.012784872665678959,-0.018336420058642056,-0.0028422212082098164,0.0016198936373187922,0.0,0.0004918074042134513,0.01779048095311464,0.008558791616689931,0.005186995293730179,0.011972886132662286,-0.009596803280817856,-9.478997429934743e-05,0.0017972549146166306,0.005700549368708563,0.0031644027538330066,0.01118134716378072,0.02719131445070072,-0.010292570974601067,0.00292259076528395
-0.00018438720061431102,0.02304806298484824,0.0009282813064215856,0.004109903773946988,-0.014996284853269759,-0.007882829044984052,0.0,0.028944021242854945,-0.020128892318445557,0.0073552710032232516,-0.03339136911186208,-0.008274516595731585,-0.04622065063655478,-0.017668769178261046,0.003537199040392236,0.045073028303222296,0.00921597566490101,0.03614549688482688,-0.01580826040017147,0.048968172133109056,0.014523678281069152,0.0233024679556052,0.010905906100846297,-0.019844116879344953,0.033366750152250435,0.04077234674193553,0.015128473204398418,0.006781306223609174,0.0015896721040570827,0.003519169850636883,0.04908609720125218,0.004053600573492744,0.0002376241124245615,0.06576669599738383,0.055161948358041835,-0.03503456224856352,0.0020741089961909265,0.04432767201566684,0.002744358870772845,0.0010844507817310278,-0.003977641029515977,-0.004942586291936835,-0.002414764388769197,0.0018453532072432721,0.00025987682783484845,0.0,0.0014512301341768619,0.0036878780559002067,0.0,0.0004128513590877514,0.011407032778546544,0.007727171136496458,0.006631647506499694,0.008274433887579202,0.00012899400976557063,-0.018238386352170677,-0.0007296503734542381,0.004564362981598236,-0.004293135403405368,0.0009217408620573742,0.001109214092600952,0.0,-6.474166560022088e-05,-0.000879274444849254,-0.0004922985709802652,-0.00018892951175691897,-0.0005267856415418493,-0.009380986020312732,-0.00013780885952435762,-0.0008831807548689841,0.0033203020968680663,-0.0006101612144784885,0.008286866928443659,0.0006353332420405144,0.00010774035023985995,0.00389971134934719
0.06438538811072714,0.007557802377166911,-0.007256945620463973,0.020858251091689428,-0.001821573116337849,-0.007196714971113405,0.028944021242854945,0.0,-0.027508249992229783,-0.002938101544463334,0.05718759721878297,0.00939878679721523,0.0289625712650452,0.03491812445988529,0.005713516250516304,0.0544522524998477,0.0007215668217572246,0.042515710732447254,-0.00044274429519369773,0.046451089122224565,-0.05215603604565733,0.019570958146912898,-0.017364492577583712,0.05178444639083657,0.03049779137777414,0.022174422086335965,-0.017478573623282756,0.03343207927260894,0.022132238020679484,0.0403452965099777,0.04232954472894912,0.046312797223014235,0.08438388480851683,0.042406813016758804,0.011340841710745564,0.061542865302396554,0.08118203650232553,0.007062115929996726,-0.0018255371223147576,0.002298893775758315,-0.008768335002817707,0.011805196145802999,0.021094051366082334,0.0016816728398093006,0.0,0.004097031494932013,0.004466580818724086,0.009988346664624337,0.0,-0.0004961584698313648,0.026229224766294967,0.014164428168563392,-0.07969920293246219,0.021768320105015504,-6.935660953849565e-05,0.01637003185003072,0.00011286299096191499,0.019281189140959276,0.021078727309348955,0.020051643782926343,0.0008514410913685877,0.0,0.00095281905490191,0.023491827481639138,0.024620473246824037,-0.09565854010358565,0.005029061890360287,-0.09235043799825576,-5.551115123125783e-17,0.001607536225271211,0.007879206212989542,0.011233700306990557,-0.017907283190969958,0.020951555275841194,0.0002624804626989996,0.01319213374695366
-0.0042189226329970575,0.004039572209746378,0.042619153251082065,-0.022887746897255368,-0.010920113310327662,0.001941664203966409,-0.020128892318445557,-0.027508249992229783,0.0,-0.007824062113013175,-0.014491778747526829,-0.018052274877237096,-0.031260279308221506,-0.03376020407074948,0.0003363025617817428,0.00850740631184177,0.0035226619316787167,0.00874450846122371,-0.045880560628898615,0.007919628095146736,0.003856615352656134,-0.0012784949365207132,-0.005821221797012444,-0.004677406135118634,0.03271361881683754,-0.0009570362589255144,0.03947527453025512,-0.003796504957348734,0.006509894999917831,0.009557502236076543,-0.004754034610947033,0.0008173444839679189,0.007347498714918577,0.0033888403240860954,-0.007619197959172819,-0.03088137023957377,-0.01501410800958397,-0.010660330518254546,0.015780757867985273,0.002321750907190445,-0.005698374151552166,-0.013149288665207648,0.011824500926263581,-0.0032658053915367025,-8.92914916930665e-05,-5.551115123125783e-17,-0.0004612045819507582,0.020374456626330528,-4.712692612818259e-06,0.01107793138527391,0.023859258795225546,0.010464183712464825,-0.05653753595999811,0.01965570571207298,-0.0008321625480555706,-0.13104108805927855,0.0014620287163748524,0.01044014549425576,0.007400280350740918,0.00019014328158462046,0.000157830906780565,0.0,0.0,0.018645974789225583,0.0011819966679845195,-0.002011652096594374,0.0005810324817838164,0.024907390082917757,-1.6562612689730027e-05,0.0001568827479611068,-0.00041101915932928446,0.020614021361519574,0.006762373181093517,0.0016090103576907877,-0.0011159214140500362,0.0084370890136789
-0.005487640826332685,0.03428699654847045,-0.008875919499066243,0.015384734068029315,-0.01713270541588846,-0.00446086535646667,0.0073552710032232516,-0.002938101544463334,-0.007824062113013175,0.0,-0.02088283776792721,-0.02442480861877805,2.1219964486118847e-05,0.01905154199974529,0.015029109641476468,-0.041469111954408,-0.05586085760752796,-0.034478661604973926,-0.01580203475498948,-0.007786002702171779,-0.01418150446042582,0.0018227854289223355,-0.0006707742689326945,-0.045763986151715286,-0.03279652379456305,-0.032285493660473785,-0.010522718803014697,0.020303110032456828,-0.006110027878840352,-0.001059067700236005,-0.026958066893460142,-0.007702113948979017,-0.07955416510384375,-0.028801686892223677,-0.04446370635680935,0.06401278508330505,0.06153068415420043,0.0033756398728237436,0.021775925419648567,-0.03660590500985267,-0.03437680271867538,-0.008343488827958379,-0.0067463737174799365,-0.0014173973572954024,0.0062768874906927175,-0.030210006466983907,4.899059255430993e-05,-0.0004883406170139715,-2.6759321510694267e-05,-0.0010635602082346707,0.0013813707484141013,-0.03990595592891677,1.525801656465653e-06,0.0007884520516108218,-0.06545053362907755,-0.0017286075969726866,-0.06401441769809246,-0.045280378808456645,0.0,-0.0003342502507582834,-0.03514842618958525,-0.05783253570795083,-0.023871769571326584,8.795929207106035e-06,-0.00014291162291790727,5.454136225219175e-05,-0.0050306858005653154,0.0001579074155754756,-0.05656027490999915,-0.012349511904326926,-0.05306667121682207,-0.0028708490285060395,-0.033490573746831565,0.0020360629903568572,-5.551115123125783e-17,-0.04878254803276799
-0.0033640427847148047,-0.0003571267321709759,-0.003819049677473818,-0.01934180023634746,-0.031214953301384074,-0.009549133991396674,-0.03339136911186208,0.05718759721878297,-0.014491778747526829,-0.02088283776792721,0.0,-0.03349680958302287,-0.01886552088056953,-0.00970467343934217,0.0,-0.00025931390152844624,0.005072395571791732,0.001619449521055416,0.004024397436297178,0.00013519733832650926,0.005807854491016673,-0.0006555230043874261,0.02537593395565374,-0.016147520876737764,0.008591744076586083,-0.04145256953090842,-0.005702076001897094,-0.02369669796864049,0.004589181660932085,-0.0009040073394524506,-0.017464938971864186,0.027405899135680367,0.005704601308569812,-0.011524166698424099,-0.017371610747159594,0.005493377484745432,-0.013401059477033572,-0.008257624821509602,0.013044554458018554,-0.0014852017738301027,-0.002065946561325971,-0.0012724995504474479,0.01899347125176104,0.0014438502338137704,-5.799127294647821e-06,0.0,1.1102230246251565e-16,-0.16140557402782385,-9.125554341071762e-07,0.004793296823213944,0.019259590666071025,0.007874274651154256,0.027098949885410895,-0.11941979800601094,0.001062097413847607,-0.006701971355080938,-0.0006289823726458033,0.00470575439785037,0.011966917986629244,5.551115123125783e-17,0.0,0.0,0.0,-0.1243321831958395,0.000816710580630764,0.0,0.0004332809844846408,-0.009401711200209995,5.551115123125783e-17,0.0,0.00045469524104019277,0.016825334957650706,0.011022172005857978,0.00036800815021459377,0.0,0.0024044892028045606
0.009221176822760302,0.03310160521953015,-0.005911209473653756,0.016739625683108716,-0.006475698531111684,0.0025482584526089758,-0.008274516595731585,0.00939878679721523,-0.018052274877237096,-0.02442480861877805,-0.03349680958302287,0.0,-0.010489657256280205,-0.0018432395218825337,0.08859870264386294,-0.05804553271538104,-0.07488654848423326,-0.02525883570805354,-0.020686463867339244,0.0006641505572750339,0.04217763728875967,0.09252174718943723,-0.03930055693396933,-0.005629106695502817,-0.01894442433066007,9.700723345545947e-05,0.0040966844388001245,0.022653673950354225,-0.000541213724567946,-0.0026149075005401645,-0.011218258917427726,0.014378684351977644,-0.01497072767024138,0.035300130562448795,0.06744728130420108,0.005072437433715882,0.03749483706377932,0.022346164584071876,0.052910824634025855,-0.029919437719786002,-0.01679392143327585,0.0643185110105588,0.0007625457993118423,-0.0019673603460684252,-0.001650731562749086,0.01266721677345084,-0.0007291607858554428,-0.0004428222100032464,-0.0008335811829591755,-0.002961618499358498,0.0008695426465077372,-0.01572698684045515,0.00047139343614760465,-0.00037284230694667464,-0.05091115093086285,-0.00019354620581785165,-0.10748810000909992,-0.030753844598526314,0.00015882649514342706,2.7967633155989713e-05,0.0021159858573620016,-0.05008364419208705,-0.023304446558297442,0.0007348108122988695,0.00013652155571020064,-0.0014810259668507908,0.0006374367059241992,-0.00464192979380873,-0.03357497313131208,-0.00282171495836836,-0.0537662127361363,-0.0033043337157525055,-0.025466329973438784,-0.000704558038618186,0.0,-0.03971008056727754
0.03673372271323333,0.017012243990147446,0.0026276613337486987,0.009215176017793814,-0.022690501672089025,-0.035599505030233236,-0.04622065063655478,0.0289625712650452,-0.031260279308221506,2.1219964486118847e-05,-0.01886552088056953,-0.010489657256280205,0.0,0.02130142061013779,0.0263551786519452,0.0282156689852886,0.004823195883485454,0.026814185532845314,-0.01333566900837696,0.0234616047142569,0.00708674741980081,0.017882981017976474,0.0037026530048727135,-0.0020644899576527376,0.02053053974411606,0.028316374896641128,-0.0007973633729127516,-0.045515772522111975,-0.010118343462244217,0.017090023864485604,0.026787571193859494,-0.004551627591612872,0.005482166040889691,0.02000277164009434,0.028201168829874113,0.00974486973494354,0.010124395740543524,0.013738726453699168,0.04953642074732256,-0.0034714835153369372,-0.023020749609722113,-0.018721899117452867,0.005197489008570144,-0.005420900315880106,0.0003989969869986898,0.000824009798508829,0.0015397528555979312,-0.035203819712847084,0.0,-0.0018130098852382481,0.02017099670557687,0.0007543081704673993,0.00014672287266592754,-0.028462803122924152,0.0005313482861633578,-0.025328834955698487,0.0007203600288597789,0.004580081384566392,-0.0019266345687480868,0.004441636816651828,0.002005020133497515,-0.00010796193718670688,0.000940423264427892,-1.627881825727595e-05,0.003644980543358045,-0.05535212631578834,0.0002430630882848117,0.0027969146243387866,0.0017923994239674168,0.0023567846337166354,0.005911983467243032,0.01712723611988487,0.02232395319402125,0.019325966860545163,0.003167273362717493,0.003255884711916568
-0.0018779107772202153,0.00017013410077371116,-0.011933343736943214,0.045058118630724675,-0.008781463263349887,0.026080071121814707,-0.017668769178261046,0.03491812445988529,-0.03376020407074948,0.01905154199974529,-0.00970467343934217,-0.0018432395218825337,0.02130142061013779,0.0,0.0018577080330838824,0.0014257871969320934,0.00012262095536097473,-0.0002710980515612804,-0.013241111243739834,-0.0008464697330198279,0.00637326866911736,0.001245213954537916,-0.003922383778212912,-0.003665445503710285,0.0012158733940081934,0.002663669589215212,-0.005505534543430779,0.03923334261170858,-0.022729172876708226,0.0011752234768852565,0.014920172745679583,0.0048381956317438135,-0.005542814107494021,-0.02240348945265741,0.0026958989979641856,0.03357352502558533,-0.0063384083174311545,-0.0009722838291197911,0.010595965012920538,0.0,0.00016811538924060843,-0.00046839238189244625,0.016548983373855963,2.62678968215857e-06,0.0,0.0,0.0,0.019833520442843866,0.0,0.0070059426546941195,0.00255010768597258,0.0054307123611524455,0.0109718398637621,0.01722025927832599,0.0,0.02309843245332005,-0.00029003189835213883,0.004424090355110655,0.005994339951535033,1.1102230246251565e-16,0.0,0.0,0.0,0.014664717482615997,0.0,-1.1102230246251565e-16,0.0,0.02027501439602436,0.0,0.0,5.551115123125783e-17,0.007580405851125294,0.0013854817582810708,1.1102230246251565e-16,0.0,5.551115123125783e-17
0.03415679696034485,0.03005719938082968,0.0029327317972289157,0.003367030998472853,0.0009906018404829409,-0.015833416696337865,0.003537199040392236,0.005713516250516304,0.0003363025617817428,0.015029109641476468,0.0,0.08859870264386294,0.0263551786519452,0.0018577080330838824,0.0,0.033378817305556474,0.0126641463976776,0.029977796686956715,-1.1102230246251565e-16,0.003658822439393472,-0.0015920263137534918,-0.03010186726549474,-0.030065594482812874,0.06919995012027624,0.03912123275082735,-0.036200509937740044,-0.0462617646603487,0.04738084921380714,0.0022396587232857423,0.007218135199663689,0.05571664601105425,0.06208592122253742,0.06117551675042304,0.08418302537899364,0.06963015706552411,0.011567365271246244,0.00011383543214887881,-0.0002969241131812739,0.04911918376352914,0.0430945023436623,0.06475328040082562,0.06293323500065884,-0.00265519155496452,0.0009510214179598298,0.0,0.010216484944858828,0.016901708605549737,-0.0010771546440496715,0.0,0.0,0.05432214069799618,-0.0013580183252931977,-0.07316515528050427,-0.0009651558546380223,-5.551115123125783e-17,0.0,-0.0006750884725467143,0.009339750440870764,1.495911742221967e-05,-0.16170244315096866,0.06403344662787364,-0.00041797810650862077,0.0032147506037042417,0.0,-0.1702493290460677,0.012302471248943458,-0.18832793940652903,0.008369193937932673,0.00011076664408254944,0.011281704969045125,-0.04190326748611789,0.011693103413344508,0.016407110008206383,0.02073686999912827,0.007415627618050757,0.00668044401123391
0.04451473437374304,0.011206558560718893,0.043421621921646836,-0.0008394117344613372,0.009356440240118502,0.02240594418371361,0.045073028303222296,0.0544522524998477,0.00850740631184177,-0.041469111954408,-0.00025931390152844624,-0.05804553271538104,0.0282156689852886,0.0014257871969320934,0.033378817305556474,0.0,-0.025709643193468357,-0.028988830240050223,0.00037486676226777815,-0.011578319417395233,0.05586488241570836,-0.014495550781058353,0.031910112006261926,0.00708637499671988,-0.01589099647563802,0.029184306970790996,0.003814911138272925,0.03611566722485976,0.023054279472914607,0.07320849125878442,-0.03795662183288784,0.031028245690774336,-0.012389849176867529,-0.012622420610399254,0.001093739914792613,-0.0008487897073169992,0.0002664430534481399,-0.00029361612119055414,0.04544782351441945,0.020581860486190207,0.05812401852188598,0.06323551935283578,-1.950554776153357e-05,0.0,0.0,-0.0038284879292294627,0.0528567936151359,0.0,0.0,0.0,0.003403728529975114,0.0004242807194372311,0.0032756359750999997,0.0,0.0014503672606862028,0.0,-5.3414092067438634e-05,0.003142272082059583,0.0,0.039678378178243046,0.03745847896246318,-0.004258339763951846,-0.0011474953563149204,0.0,0.009120698104444214,0.01252497027376337,0.04906353732102009,0.0057607885777318235,0.004552619091641619,0.015666855406287816,0.027036861132699874,0.010124243281139367,0.004426500972621261,0.007305565886659204,-1.1102230246251565e-16,0.03234525006988781
0.014008077238158112,0.0041621073848018275,0.00046732434382085186,-9.975490084257466e-05,0.0028597779139609703,-0.019934874980708506,0.00921597566490101,0.0007215668217572246,0.0035226619316787167,-0.05586085760752796,0.005072395571791732,-0.07488654848423326,0.004823195883485454,0.00012262095536097473,0.0126641463976776,-0.025709643193468357,0.0,-0.009311408955454847,-0.00112679805156779,-0.003741686706266456,-0.0006431051248062536,-0.00997769380574881,-0.02904243800069256,-0.0553720515691738,-0.025902464134186787,-0.02316426736247218,-0.031959523132777945,0.019437232164891682,0.010020343001260479,0.03613935628336279,-0.05297057547924361,-0.031137971611119586,-0.0926323066036745,-0.041759909363206005,-0.06256701728495595,0.005218888657912479,4.4014683991899783e-05,-0.0874933906126068,0.0005859101226697305,-0.031115710121856544,-0.03635514660405059,0.0007062569838442445,-5.551115123125783e-17,0.0,-0.00459373905485122,-0.021192231730458033,0.0029847960102380444,0.0,0.0,0.0,0.0,0.0,0.0,0.0,-0.039093081600505286,0.0,-0.047994907703945267,-0.03709192775719644,0.0,0.0003040732304938065,0.014507075648905632,-0.03197004258285391,-0.0033707663792927334,0.0,1.1102230246251565e-16,0.0,-0.0002305192254877242,0.0,-0.019029281593487435,0.004288992943133729,-0.01928911279067652,0.0,-0.011590498465967991,-0.00011755151811343456,0.0,-0.029740980582017518
0.02286363580210765,0.0024675239673638827,-0.006718899753130669,4.4670955768544296e-05,0.006536712329474559,0.02138505714083616,0.03614549688482688,0.042515710732447254,0.00874450846122371,-0.034478661604973926,0.001619449521055416,-0.02525883570805354,0.026814185532845314,-0.0002710980515612804,0.029977796686956715,-0.028988830240050223,-0.009311408955454847,0.0,0.0017138506128293596,0.007171654606425437,0.061505795739598135,-0.000517323316445828,0.028019381391936216,0.019408842952317096,-0.020914735055965583,0.004394041012740824,0.005441290908681118,0.03266819025753198,0.02163761985190571,0.001397529547897125,-0.026437584148705173,-0.0024160676990911956,-0.03145017960014351,-0.016922999997531274,-0.0706982280874654,0.00408373896600589,-0.00023420083244157786,0.004363170163413366,0.008160334706329875,0.004050440590082693,0.008952115716763853,0.012969357876314147,0.0,0.0,-0.0016788060628343815,-2.2628119022483073e-05,0.025244627402487452,0.0,0.0,0.0,0.0022314670229713895,-0.00032905116631448683,0.0019498882366529857,0.0,0.016765562960229463,0.0,-0.0074426371415913795,-0.00768825600026346,0.0,0.025379535878786608,0.011605038440082371,0.006519661467066951,0.0021175487373923385,0.0,0.003514664542089929,0.003747198125114537,0.01840770481564541,0.004321596454813892,0.018118123124720997,0.025081728557154515,0.014910425397196503,0.002690843833370149,0.002731990660868988,0.007005794256219222,0.0,0.012491172735147549
0.0,-0.001881063339035538,-0.0018716779650690962,-0.07384391288931785,-0.0020590715500136136,-0.00983265511317366,-0.01580826040017147,-0.00044274429519369773,-0.045880560628898615,-0.01580203475498948,0.004024397436297178,-0.020686463867339244,-0.01333566900837696,-0.013241111243739834,-1.1102230246251565e-16,0.00037486676226777815,-0.00112679805156779,0.0017138506128293596,0.0,-0.0007771006622427357,-0.0010903506989872191,-0.002099076056741478,-0.03435351505401191,0.0021930340687572603,0.0011816668346488757,-0.047241009832761416,-0.016844955695250297,-0.0029842587704436707,0.004564149646101356,0.0020659041822453927,-0.015332581541032009,0.006153457277705665,0.005192405528881783,0.003935252750187468,0.02226728279265988,-0.011136586656188163,-0.004184696710943958,0.006333658944807252,0.011812903916493644,8.220448420015458e-05,-0.00547522425536523,-0.0010000603627040583,0.032833013078440276,-0.002763210567973018,2.320025727364783e-06,0.0,0.0,-0.02481847037829188,-5.551115123125783e-17,0.00397876966683508,0.010262365110086713,0.0038704002789680114,0.0017139545444551096,0.01560190017952734,0.0003072507975336869,-0.13005208472409974,-0.0009453913761256483,0.0003441036851674628,-0.025959870101906035,2.220446049250313e-16,0.0,0.0,0.0,0.022956992246182473,-0.0001011890807404714,0.0,-0.00028519338520749393,-0.08463558858879694,0.0,0.0,-5.551115123125783e-17,0.009453448976283196,0.006024079942784311,0.0022675636066523674,-0.00034885525065964096,0.0007928000268980773
0.01365904045077665,-0.013440620666829994,0.015382736156852428,0.006084536495371329,0.02628435462336781,-0.02022192280586238,0.048968172133109056,0.046451089122224565,0.007919628095146736,-0.007786002702171779,0.00013519733832650926,0.0006641505572750339,0.0234616047142569,-0.0008464697330198279,0.003658822439393472,-0.011578319417395233,-0.003741686706266456,0.007171654606425437,-0.0007771006622427357,0.0,-0.004049532970048675,-0.03531121818423233,-0.04020501240776797,-0.04862470326923207,0.008772747530633451,-0.003971971397038532,-0.021275180040222108,0.04404736799298953,-0.004724556728944118,-0.0786736643351646,0.01599833761618419,0.035944466372818784,0.0608636004292728,0.03565442396600377,0.03013506913575381,0.007175398436954972,0.0009209095400686818,-0.0007185424298169485,0.04164370254769123,0.00033318339515731044,0.050146003790347615,0.004551200813414091,0.0009070501688707711,-0.004908275008939644,7.72974893198386e-05,-0.000875815442837824,0.006499195280284975,-0.002101463329658382,0.0,0.0,0.01987903186035922,-0.0006402296525638285,0.019403486507583,0.0015750567509652535,-0.0001639475604870433,1.1102230246251565e-16,-0.0004525479467427651,0.007861479483327827,-1.1102230246251565e-16,0.0007363925732038479,0.043538966125231504,3.1029116837777426e-05,0.0031233749858016746,0.0,0.012104312157475428,-0.02063107946366044,0.0401408835612066,0.0176604238489666,0.0,0.005089083496785163,0.01091330336690538,0.01570247452583662,0.006189682122346829,0.058709791823485236,0.0028532985494369445,0.03926000824584658
0.15222685402386454,0.07258181642224099,0.004819766954025084,-0.00027759945116878626,0.0224359603102936,-0.00788597824828996,0.014523678281069152,-0.05215603604565733,0.003856615352656134,-0.01418150446042582,0.005807854491016673,0.04217763728875967,0.00708674741980081,0.00637326866911736,-0.0015920263137534918,0.05586488241570836,-0.0006431051248062536,0.061505795739598135,-0.0010903506989872191,-0.004049532970048675,0.0,0.03453492497849753,0.014018458738927375,0.08568188014716177,0.05927331796974433,-0.021145972423393333,-0.032840180563782184,0.005755845092044576,0.03147257611782345,0.0238283877748402,0.07338676571197605,0.05797196855274406,0.09300470006790601,0.10035845298086782,0.08601362647533645,-0.002484995008646018,-0.0012688434577429741,0.0036565559069861586,0.06868909538683393,0.08042331138539743,0.10676471930009834,0.10549804727017609,0.0008609715483794966,0.0,0.0,0.047458213361126544,0.0491616094057753,-0.043435773628167085,0.0,0.0,0.05105384577497152,0.0003323675578787433,-0.0139198809108953,-0.010941707005294676,0.0006534625360301027,0.0,0.0005345992302395186,0.009171313299860095,5.551115123125783e-17,0.03360770373323274,0.06231326221390071,0.0,0.00047818358732065747,0.0,0.042158523296493666,0.004455946118713194,0.03789185821345159,-0.001812940772191629,0.002621631658567436,0.0076299034581852054,0.028719281373210948,0.023565082388900427,0.004143600935640757,0.030393000530516634,0.003982720326845324,0.032623280690916134
0.04909578015164917,-0.023226655791670048,0.00874861528807791,0.0037932193606826092,0.009719938033739939,-0.011616241422336637,0.0233024679556052,0.019570958146912898,-0.0012784949365207132,0.0018227854289223355,-0.0006555230043874261,0.09252174718943723,0.017882981017976474,0.001245213954537916,-0.03010186726549474,-0.014495550781058353,-0.00997769380574881,-0.000517323316445828,-0.002099076056741478,-0.03531121818423233,0.03453492497849753,0.0,-0.014027909298729935,0.00023817863734287847,0.002311344688041117,-0.01967947176895074,-0.02816408533788678,0.05531535767529894,0.019790729963460374,0.13620437464293633,0.014791468398531238,0.054437903132005694,0.04307760650631115,0.050844821577535226,0.043351232452731536,0.01351134966606421,0.0035923724410663604,-0.0014138524855299428,0.05941716053410068,0.06180849872238314,0.07755715026301746,0.06983948794495409,-0.004363583868255305,-0.0006927698062597631,1.6725967417419163e-05,0.018349836488521065,0.051912517277559966,-0.001620219961467162,-8.22583527076981e-06,-1.0265665502495747e-05,0.043306331641670026,0.000900151660339743,0.0021506069921528037,0.00019644967804938185,-0.00044430863999922465,0.0,-0.0015957779173582098,0.0013430322124941552,0.0,0.03483397125249316,0.06157848139697625,-0.025514456777801564,-0.004667156865141409,0.0,0.04089519755803345,0.03623081287445329,0.03906193442236744,0.014242734472627028,-0.0006226379318228226,0.03272058619688095,0.028348327300659004,0.028960098236968712,0.005812397430442928,0.013347996832688613,0.0011828803660812737,0.052750994381123184
0.0446755472491282,0.011850422170356256,-0.030745022331574168,0.0008198243846799791,8.842448697599092e-05,-0.017656425371256834,0.010905906100846297,-0.017364492577583712,-0.005821221797012444,-0.0006707742689326945,0.02537593395565374,-0.03930055693396933,0.0037026530048727135,-0.003922383778212912,-0.030065594482812874,0.031910112006261926,-0.02904243800069256,0.028019381391936216,-0.03435351505401191,-0.04020501240776797,0.014018458738927375,-0.014027909298729935,0.0,0.056169456598939294,0.02328502209695249,-0.016214701680248245,-0.01371054508034264,0.016575970866791356,-0.0023867391010278793,0.025469766213119138,0.0271714629993684,0.029156788244905973,0.05790076227716462,0.030466216635659404,0.02972734909576208,-0.0037594637477574855,0.06429071654953783,0.006253849564337444,0.0007072214030779955,0.005109398656387265,0.005639010418494517,0.01758994331688246,-0.04115808736985954,0.00477298990696734,-0.0005615111994260458,0.0029075859391064496,8.356684216243027e-05,-0.0263373487216203,0.0009329785391083978,0.022253776830977623,0.00107153265763682,-0.015951967571158243,-0.03508974768068068,0.02842681361127619,-0.0015352534506987148,-0.05046706528774009,0.0025410152107558925,0.007839489789072673,-0.013841323026180852,-0.007364571227116368,0.007621247118474506,-7.548175832944315e-05,0.004689026708876165,-0.014965456214331208,0.010350581185195107,-0.07086550624966159,0.011293389983778879,-0.018287998535343797,-0.0004927660356723873,0.0048161244843041295,0.012060846319536023,-0.014799354173836266,-0.0024205450610604307,0.02089332529669885,-0.012722358363907782,-0.0014329521503493314
0.057629804216167646,0.02747574669199626,0.0008138491765735667,-0.004963653760601594,0.00681653288854317,-0.05367177073469681,-0.019844116879344953,0.05178444639083657,-0.004677406135118634,-0.045763986151715286,-0.016147520876737764,-0.005629106695502817,-0.0020644899576527376,-0.003665445503710285,0.06919995012027624,0.00708637499671988,-0.0553720515691738,0.019408842952317096,0.0021930340687572603,-0.04862470326923207,0.08568188014716177,0.00023817863734287847,0.056169456598939294,0.0,0.005483891009233022,-0.0009120887352827012,-0.050070250419067375,0.017080950773612102,-0.025082656524956615,-3.834056533208452e-05,-0.005270346369525447,0.016649467323943734,0.0068571124255095706,0.01844540348403695,0.026879109437187854,-0.002623609490669254,-0.005408968714882945,0.0005449824028767036,0.004038943530857708,-0.009107971381908775,0.005197249033952855,0.014674376077091045,0.00018687113535459376,-0.00013644193093703683,-0.0031649210438312037,-0.03340200190490855,0.00609006308584048,0.0,-5.551115123125783e-17,0.0002981391169753489,0.0003912351759823851,0.00029718861916550043,-1.6653345369377348e-16,-0.0005070811820424015,-0.0376512042679823,-0.00039611418330193215,-0.041305990570678186,0.0017147919924032085,0.0,0.0013608649693771513,0.011483635218945687,-0.024838994011784132,-0.010417473425619939,-3.633200227626254e-05,0.0005488249461567674,0.0004317112415370139,0.002479450974889552,0.0005950211759527257,0.049699044054532016,0.006645915861531737,0.006135152656681631,0.0005060724704920583,0.0043312306696086655,0.0014136113556071916,0.0,-0.043437538706320555
0.02360135213379605,-0.024322463908355185,0.03644219035867052,-0.00015652342291322396,0.0026208954336626733,0.027683388523753294,0.033366750152250435,0.03049779137777414,0.03271361881683754,-0.03279652379456305,0.008591744076586083,-0.01894442433066007,0.02053053974411606,0.0012158733940081934,0.03912123275082735,-0.01589099647563802,-0.025902464134186787,-0.020914735055965583,0.0011816668346488757,0.008772747530633451,0.05927331796974433,0.002311344688041117,0.02328502209695249,0.005483891009233022,0.0,-0.018098878213152925,0.013922747291580995,0.007726889320612662,0.020344318737333222,0.0005904850884766444,-0.04105330007037572,-0.00588558468579542,-0.036072428310530924,-0.03022200819234594,-0.06556778702658006,0.09554843410216468,-0.0006471688367261641,-0.06056898112784942,0.018866905466545902,0.007681717415011502,0.003994174784434867,0.015277311010742145,1.1387621599856512e-05,-5.551115123125783e-17,-0.007893321651751162,-0.007916118831130803,0.020119115032231516,5.551115123125783e-17,0.0,2.220446049250313e-16,0.004201402157156309,0.0014734363115887494,0.0038828354772442175,-0.0012587382608104103,-0.011961022258788756,0.000712414624617741,-0.021697376154476034,-0.002806865538771297,0.0,0.00511594333523363,0.020570067096363,0.0024811001457726856,0.006833623355001539,0.0,0.009950322940490197,0.007877842469317442,0.015794045995977946,0.005221425145266301,0.011204128943341274,0.024819025019050645,0.010913754510828877,0.004195162522964979,-0.003736219680401276,0.013908345781352971,0.0,0.003971684373795137
0.006975100172597171,-0.05121967302684971,-0.007615884219514757,0.0002159523758166748,0.01275316394988596,0.008898373385423874,0.04077234674193553,0.022174422086335965,-0.0009570362589255144,-0.032285493660473785,-0.04145256953090842,9.700723345545947e-05,0.028316374896641128,0.002663669589215212,-0.036200509937740044,0.029184306970790996,-0.02316426736247218,0.004394041012740824,-0.047241009832761416,-0.003971971397038532,-0.021145972423393333,-0.01967947176895074,-0.016214701680248245,-0.0009120887352827012,-0.018098878213152925,0.0,-0.020591672626192326,0.018819152983809095,0.046062700840630355,-0.002582467816584555,0.007288747765762993,0.05089987974127341,0.008972588772998502,0.0468326352866788,0.07726595884663268,0.007341810093651757,-0.002151924542799444,-0.015370435821589312,0.0699440736196919,0.0057899374872827924,0.03083253887125409,0.10678868935839969,0.0032254163559126137,6.416096134298499e-05,-0.003175770072449402,-0.006960561895930639,0.02114101512302846,-0.0007118576706373059,0.0,5.912806186170183e-06,0.05290204655806807,0.0005633248818706083,0.001752391705352463,0.0013930628366307651,-0.030797920229236664,0.0,-0.03000317947475173,-0.05161839435819421,0.0,0.04506116675987759,0.028937195817107908,-0.013786177876417394,-0.01270629201695711,0.0,0.07476180563772716,0.013880857488199005,0.055934381350268625,0.0235902769511111,0.0038384701663131127,0.010469432990728444,-0.022680791366536723,0.009395987413163942,-0.030712712104492723,0.016238546638283446,0.0009846156245336135,-0.024498545121784676
