0.0,1.16475306534648,0.3974310057657464,0.0,0.35596488063633147,0.5512613418962293,0.4998662700051315,1.1584844033927364,0.4140275180061255,0.521366435302985,0.40092472396844503,0.6587580957341972,0.9222523079011603,0.5197365878383828,0.8157202891843309,1.1003136085394756,0.5038018830397587,0.7934660527945983,0.0,0.7576165611915483,1.2334766390769112,0.9816095662364355,0.9993271994693076,1.1804980598700983,0.6836122455873473,0.768176746296413,0.4781650640396241,0.8238353107957328,0.8983129879711447,0.8954519475785494,0.855820723209965,1.1246104573333628,1.1388388730563266,1.1048996540434206,1.1471847395677923,1.1754558166339686,0.4527135773430195,0.5812610444980921,0.9130186065571096,0.6041154549602985,0.8214566368506793,1.0114931397653635,0.4733719886930726,0.0,0.49201788211610714,0.5498975209636803,0.8445972520849533,0.0,0.0,0.0,0.8556668357528818,0.0,0.10912116314823,0.0,0.6709011513416636,0.0,0.6408184013691126,0.7651018139865242,0.0,0.768796708020832,0.7906426218591797,-0.043067890504485146,0.3852707412986105,0.0,0.5269133386609763,1.1510811367550882,0.9804602284244748,0.6068197590875671,0.6544025369634481,0.5797427564256814,0.8064784836090071,0.48326384347587636,0.40903541542067656,0.6133679946953422,0.0,0.688435596305107
1.16475306534648,0.0,0.9779002368680878,0.3342537322136991,0.6468231249983112,0.6261834535816369,0.6956478370659017,0.7143743905946145,0.48440521452677315,0.714028336788918,0.32068108886131286,0.6786464932147863,0.682792796832433,0.5297743579697481,0.8894149851805745,0.7590941691590566,0.6281733112074734,0.6723979496935926,0.6003084459048031,0.4800408091536389,1.1475014704780384,0.45771036599696846,0.7582859308894896,0.6658484761208908,0.37043648275182617,0.16334562856598966,0.6112710035438124,0.829679701083075,0.5840999179688883,0.4682952412850443,0.7419106355432593,1.0096557304819802,1.002849108303672,0.8714029263910776,0.9253421958050021,0.5219828558836568,0.21151726119022596,0.0,1.1085952809594823,0.9489275250852183,1.0697177561274582,0.7209132550078454,0.621306889232047,0.0,0.0,0.7634041154662096,0.7537192431979316,-0.039102269162836364,0.0,0.0,0.6989669447910649,0.6199347004523172,0.5899247395134457,0.562005617136115,0.6192368820454005,0.0,0.4499524121296238,0.6528548128169489,0.0,0.6852381118535409,0.9641175068916166,0.6405418244608059,0.6867173249736633,0.0,0.7213007587862275,0.7580000267594061,0.7787482773480225,0.7147650321453147,0.47194437674613793,0.6921494637929242,0.7774817037195716,0.7092924698513619,0.5947962839896866,0.7578498224988377,0.0,0.777482838984886
0.3974310057657464,0.9779002368680878,0.0,0.37496647424318374,0.6551522780625129,0.6664876909266845,0.6063667399082417,0.6540576490223005,0.7412694409642133,0.49518167375473354,0.5900348500963888,0.4961632042012347,0.6554837067182335,0.5751039685946557,0.3716746623556798,0.8616426739522421,0.6312487989624607,0.46029793064769586,0.5495811313945176,0.5276459680322197,0.44023197905703093,0.6361293433701347,0.36597030730364616,0.41583186280828954,0.7162472717376294,0.4324761745697964,0.7547788980703405,0.7236530795218136,0.6008489590598852,0.6639386917340995,0.7106381524893213,0.7283755653347899,0.5417528499882591,0.7606927420979583,0.5963473537501862,0.6876995480111028,0.554154017690335,0.570489046347809,0.7388897978754274,0.49274411139274443,0.5606027845512062,0.49747017342896616,0.4926518866039382,0.6888221124788867,0.0,0.0,0.17824411848322935,0.04078923225540629,0.4699430802878932,0.6337294320510429,0.4658109666225045,0.5374210079151664,0.5407616059688034,0.5299744663699999,0.3434290670207113,0.6340566320152603,0.49634792200788636,0.6926093710235846,0.458509004457792,0.28601771922054486,0.0,0.0,0.0,0.12669314392634604,0.6804838983374417,0.44364903592406346,0.1600370189737416,0.5142801047255537,0.0,0.6273169170382158,0.3846804692446588,0.5030729004771584,0.5984347720209306,0.649508161457911,0.6592254468002896,0.5473194797479486
0.0,0.3342537322136991,0.37496647424318374,0.0,0.5432297789347938,0.7037734464520815,0.49593834973424056,0.6633332908799981,0.4803796169743015,0.41435527763240965,0.3964031311088337,0.45277740676887157,0.5243344198138401,0.7189640207361259,0.6416342756958036,0.07079788773466775,0.5506578070676811,0.4707138638312943,0.15503655755289325,0.6343638875171335,0.3986630734562483,0.5853818214989039,0.6722108109665388,0.21079081501617733,0.8528709567104589,0.6038808975513383,0.6906674116843976,0.29476117843761673,0.5045686700481897,0.4374313020029037,0.4101192095877052,0.3879289215256343,0.20868326997698317,0.26162905288266275,0.24346771502035014,0.3530423573882897,0.392166786368623,0.3779635364659278,0.21447353846694298,0.2864675606643542,0.3751422823624122,0.30146763217021827,0.23016173994990846,0.23856067262026007,0.0,0.0,0.0,0.4321259107675642,0.0,0.0,0.589881478672255,0.0,0.4679780084076234,0.07920702428700188,0.0,0.19002917393924335,0.5024882282148353,0.4825522652236556,0.0,0.0,0.0,0.0,0.0,0.0,0.0,0.0,0.4713252239847706,0.6241554140510801,0.0,0.0,0.0,0.5051500874179315,0.5115395022156309,0.6357641543949779,0.0,0.0
0.35596488063633147,0.6468231249983112,0.6551522780625129,0.5432297789347938,0.0,0.6694871633701736,0.3918374499648467,0.5883241862274667,0.3899890818649877,0.5031697623137833,0.2261154213726707,0.45821593749687384,0.44695817877417277,0.3760791590366148,0.5240844128985769,0.7151404681616935,0.6063284623411257,0.5175964164554316,0.5829873729160933,0.8031111993779176,0.7424818006862661,0.6428465104290145,0.5504385383715986,0.5821959194210524,0.5844615368740118,0.6338593095307558,0.7602001065459538,0.4278158574638267,0.6149006261804979,0.4958113526699771,0.6768462029142646,0.6113113587573465,0.5052851247620289,0.6665232387105067,0.5459073135449782,0.19684445828632785,0.17763629421181934,0.6079431404244291,0.5025185853039965,0.6730454850122845,0.5136529528251516,0.3871302943089241,0.561218460453179,0.6123407999836742,0.2599574441613886,0.0,0.4315009146480638,0.29270996970781704,0.0,0.5270920512489079,0.678106883261449,0.6161026241822962,0.5577486641613221,0.6461097951872505,0.0,0.5023448925414953,0.34460876354433306,0.7454657405296963,0.5735730589223644,0.22945759131214072,0.513898072378006,0.0,0.0,0.650405408816294,0.29182512831664553,0.44301070582697244,0.3626755995409062,0.43082176398992716,0.0,0.49258296680175595,0.5018172816766475,0.6067611485528706,0.629852357346732,0.5046908356661802,0.0,0.5127435817447124
0.5512613418962293,0.6261834535816369,0.6664876909266845,0.7037734464520815,0.6694871633701736,0.0,0.518650314272304,0.5488566347563217,0.48119943020804656,0.5868017444504793,0.46784243439567935,0.7148265712189585,0.28137237536137694,0.754974321431646,0.5239574137910251,0.764325474884499,0.3604970171581588,0.7418109752596393,0.5332687362816887,0.393422250034569,0.5373975246855243,0.42939132096991334,0.45762624286173503,0.017647296897809583,0.7826167747527948,0.7257978133662253,0.37557266833541436,0.35248460789164565,0.2346718506947849,0.8417528493309616,0.7366521457377846,1.009386871554573,0.9929487908129667,0.9491249596907608,1.0030658096181462,0.6571070125573079,0.7603675594360626,0.5892054935098198,0.7043349267545718,0.6146775724050735,0.6619091246146172,0.7149228085456196,0.43874104094667266,0.5374729408442595,0.21967674462747547,0.5936041267803946,0.5980627659201743,0.4256605552151985,0.5999908288560556,0.51165856175185,0.643037256521899,0.629313277403887,0.6651215410105147,0.33428632974788697,0.6797873839563189,0.439841505954468,0.3748996463477557,0.7133410153212993,0.45118476459711765,0.592657748682295,0.5911062638491857,0.0,0.538273318776232,0.6656604493011247,0.6789989277070343,0.45509094057200405,0.7580966282002042,0.5475935882598147,0.5642506611691268,0.5041780267590753,0.6371921651294501,0.6323493147955327,0.6430132266389287,0.8098302007281177,0.45209264252179115,0.5950323833846756
0.4998662700051315,0.6956478370659017,0.6063667399082417,0.49593834973424056,0.3918374499648467,0.518650314272304,0.0,0.7314223302987672,0.4483313382411285,0.6503007159189961,0.37531320097897725,0.3732411906282982,0.21040296409214532,0.3305816752784221,0.5523069636074845,0.9247962447876454,0.6848094207175397,0.8703894801392311,0.4833191987666989,0.9610042058719379,0.5632104112711327,0.7303594825067776,0.6771502941807551,0.31141921384302695,0.8162328966516168,0.9597000997365434,0.6716990842059333,0.6060416866902636,0.6161946090828758,0.5405677324019866,1.0006503117085424,0.6175122190128505,0.5640045379919626,1.0792334841765252,0.8199196096213484,0.2826774937997637,0.4604165528726769,1.048521721063697,0.6350945071787133,0.4595132742957081,0.47736951651901444,0.44962645174527727,0.5377833904212219,0.8231598317757975,0.3635411249560606,0.0,0.5914865251637288,0.5105935138321156,0.0,0.5445318366750949,0.6986087010504445,0.679412741330955,0.6037987172114476,0.6949415016448522,0.587413355691004,0.38795006519528985,0.41035558237222736,0.5549266094124277,0.3132506746444035,0.3412520031591062,0.6095173379457006,0.0,0.5321763246243056,0.581059185011459,0.6039490952323872,0.4808261887915449,0.5901415809030005,0.5405901210806374,0.46134580330730746,0.5863033691305322,0.5890961250035898,0.5842919720260906,0.6179346818406396,0.4871716611279104,0.7676834500812082,0.5392551530827369
1.1584844033927364,0.7143743905946145,0.6540576490223005,0.6633332908799981,0.5883241862274667,0.5488566347563217,0.7314223302987672,0.0,0.4932218782776778,0.5350185175311536,0.870387603502656,0.7004513088385778,0.8108755227131241,0.9209836353822302,0.5809137473331154,1.0705230729226982,0.4982968818606288,0.8882412244589064,0.6091425657978411,0.8344917680066846,0.17102913271023407,0.6770787283693862,0.4723253667215196,0.9316223199099491,0.8176125503335921,0.7847871526806053,0.49895864835138254,0.8562708162733339,0.6629387709004791,0.8989911447451917,0.9040884939635621,0.8635445676660585,0.9996051463873717,0.8999778585857908,0.5509082236192573,0.8852135084936437,0.7547457885425071,0.636566086344922,0.6069107849627708,0.4699260575090589,0.36930074029945903,0.6352165781036163,0.6322093967106277,0.49381097793741324,0.0,0.6122156812772674,0.4174319329560482,0.7203144009886511,0.0,0.5780429407488662,0.8286001861717611,0.7357952902160789,0.24978168965610548,0.736770419533027,0.8028397109724374,0.6026929472120954,0.9728084351470687,0.7097243556850064,0.6474010054125464,0.7625702464009783,0.4029947793302918,0.0,0.7546762779798462,0.8352047865879931,0.8531463292366326,0.32598904345394797,0.5592802061747839,0.10178586291005498,0.0,0.49140208572672583,0.5262166999444011,0.7048482417958826,0.47024043951211164,0.8021365141822216,0.5104630590163188,0.5713196790725201
0.4140275180061255,0.48440521452677315,0.7412694409642133,0.4803796169743015,0.3899890818649877,0.48119943020804656,0.4483313382411285,0.4932218782776778,0.0,0.598036650120551,0.3560251800961596,0.4888975601692509,0.41659322378244157,0.3837800469960587,0.6124210361128333,0.6449102914416589,0.5299942363177341,0.6382365926903024,0.11515526104119456,0.6438452668346126,0.4494514139412551,0.5644333258861673,0.5716091136199494,0.5532795897435083,0.7451961822981725,0.6357630808870789,0.833233757555111,0.6236174269103416,0.5513533983346441,0.6644005629680176,0.607015110965615,0.6502967785174945,0.671805370664637,0.6620682952243939,0.5470568398521135,0.4247637442910337,0.4980210255731929,0.5800966409166964,0.7120461254959964,0.5604556797507558,0.40280079840852845,0.2671058804841172,0.6106769053240805,0.4174187333735644,0.3023390509799775,0.0,0.496099690406655,0.7665414228232239,0.46646695829109297,0.7316726479021142,0.8035392560112218,0.7195262020979358,0.3402557361251372,0.7034734678936063,0.22289929014268278,-0.0339626449154361,0.4949633441782771,0.6178854158471525,0.6519922434827414,0.4417231992154441,0.6900954882003887,0.0,0.0,0.7165650295033571,0.6116788431277257,0.6234054621020385,0.565585068768698,0.785667418732845,0.3127877214783613,0.5709616885733186,0.2853607599936451,0.7221151153738541,0.5626467797109967,0.5922625169780191,0.4714163109953934,0.6764581707071833
0.521366435302985,0.714028336788918,0.49518167375473354,0.41435527763240965,0.5031697623137833,0.5868017444504793,0.6503007159189961,0.5350185175311536,0.598036650120551,0.0,0.49431103654347025,0.33458447764628424,0.6209547544847609,0.6630543786934096,0.5795712472369439,0.13921989545850716,0.17820151536617984,0.25823490236091395,0.5082710682128235,0.3938700988602763,0.5834877256883928,0.5143029849731104,0.5497149689919806,0.13659703244985855,0.4849646412295875,0.4428728748881587,0.45024574259273353,0.845980960833699,0.4396669802018378,0.40426389247439404,0.44888479326887265,0.34335370021990186,-0.022750456352996107,0.2577252745155264,0.11382860409600057,0.7790437027835881,0.7751219058005548,0.4933809382675227,0.5688042884902389,0.21752085635163834,0.3176137422687196,0.34763286743078836,0.3243342495409963,0.3269548159430613,0.5465656777098491,0.43337473116542313,0.48156432401828897,0.16546882282432784,0.4530882914420351,0.43078070787330136,0.52442967218637,0.18123488262113024,0.56500689794466,0.25635393754625546,0.14165578356860029,0.40660063641381194,0.18112284582732602,0.2623714967744541,0.0,0.8718483233594343,0.21815671977933898,0.11929886813423185,0.3254379450628686,0.48176167837805994,0.4875739923802065,0.5621806097712889,0.28963958001117773,0.5741507840964328,0.11228787681551866,0.4193738282172489,0.18744472520488178,0.5369152144287583,0.36509780480515697,0.44409787290432073,0.0,0.29142165099252376
0.40092472396844503,0.32068108886131286,0.5900348500963888,0.3964031311088337,0.2261154213726707,0.46784243439567935,0.37531320097897725,0.870387603502656,0.3560251800961596,0.49431103654347025,0.0,0.2851888108093033,0.45058656726004176,0.48618982581239967,0.0,0.5049067198288001,0.6310903435027925,0.6137914538484254,0.5814649357981304,0.514565618817707,0.6196036322601,0.37868799523470587,0.6779452527105103,0.4194504277166703,0.6789931071626691,0.21349272376820283,0.572776122845928,0.42168665209053713,0.4427356469202044,0.5281176663244526,0.4591593133062988,0.6575306186313296,0.6066209038975994,0.5351882973397251,0.4238429406366012,0.5857884122266617,0.5412947430395099,0.5556294568484565,0.6149279555179868,0.5014692615082625,0.5165150046819851,0.45525997267693186,0.6624588841006672,0.5859266801414402,0.2027015328312829,0.0,0.0,0.14405184400741938,0.4838289374546087,0.4920435852561813,0.7150464700407088,0.5317425487937679,0.7290424102332997,0.2001014731137877,0.509923947052585,0.47942694716858547,0.4035112837123692,0.5853948873967064,0.6513284744236127,0.0,0.0,0.0,0.0,0.1287445539421029,0.3942303169438946,0.0,0.7402282312961533,0.541719572148405,0.0,0.0,0.9821126119231394,0.7403759921047705,0.5278431829530147,0.3888783288938313,0.0,0.5713884486257305
0.6587580957341972,0.6786464932147863,0.4961632042012347,0.45277740676887157,0.45821593749687384,0.7148265712189585,0.3732411906282982,0.7004513088385778,0.4888975601692509,0.33458447764628424,0.2851888108093033,0.0,0.45940036346374735,0.6075981641753834,1.063899515370545,0.008272289458172044,0.05913584476665301,0.4640800086778116,0.393659746636877,0.5233700428404608,0.9052566521714662,0.9955630298434063,0.21677142596400104,0.42437025157827857,0.49954076880204856,0.5221920653569403,0.5877883505612405,0.7776450326007402,0.5904404084516817,0.2925776212471917,0.4300019354530826,0.4338755327625595,0.39821075267806694,0.8344937620645416,1.1011772533850337,0.38883068088398515,0.6528631646004845,0.4452985063673367,0.7180000097028953,0.26950187582133445,0.4090913393326019,0.6630271121249661,0.43684255883239265,0.42661282451376514,0.44427043947410877,0.5914946839511642,0.5322464335356296,0.27451975679246826,0.1936411087491642,0.2517765267985183,0.3584711186120019,0.3488883865503416,0.27358559416016837,0.4196775113123217,0.22331029066241787,0.24942649243735956,0.043411749882751594,0.32380189658105835,0.7192319213360412,0.6487910659957832,0.5329017112512661,0.13986687595915065,0.41067306773820167,0.36690791772095943,0.7684237815692406,0.7350665114514547,0.46364439138564884,0.41864092491027544,0.26751453050105034,0.5393958247248613,0.1882567931741253,0.30928374082311394,0.4470872000120917,0.49991320371006803,0.0,0.40058715821694446
0.9222523079011603,0.682792796832433,0.6554837067182335,0.5243344198138401,0.44695817877417277,0.28137237536137694,0.21040296409214532,0.8108755227131241,0.41659322378244157,0.6209547544847609,0.45058656726004176,0.45940036346374735,0.0,0.6275979896365542,0.788235617855484,0.8624240102164238,0.635350164931778,0.9099352374256016,0.5233379062552102,0.8516298160608711,0.62464140724242,0.7046492517731536,0.6830594430741315,0.44589160853540516,0.8552874844843076,0.9269368072431642,0.6120292235393666,0.2675756248803599,0.5668163267157244,0.6860631186678642,0.744939548153595,0.5468685988095712,0.6002207215922681,0.7529548364270886,0.6641661742377591,0.6433044221000914,0.5590900151126921,0.6974806062572612,0.8867385621581099,0.4715441664481962,0.3724733869001672,0.3916899816948207,0.5743146078475612,0.3688171949078255,0.47680592803543964,0.6471394652733768,0.6702824565855184,0.45911492279681165,0.0,0.6659179960782723,0.7704249912274881,0.6268596693725847,0.6028296748835686,0.5175666305781493,0.5575924175285133,0.3779835044842447,0.5151860796390103,0.666657288825132,0.37849416663086954,0.5631181745675293,0.55130978167349,0.40591958095767317,0.551817674093344,0.646580391947327,0.6288202301429675,0.23775398274167067,0.5702980656430692,0.6745865946286848,0.5315200586045792,0.5575592121304495,0.6032444672516125,0.7784378522904282,0.7706220390374898,0.7571608049915941,0.5704133976789063,0.5741545399535095
0.5197365878383828,0.5297743579697481,0.5751039685946557,0.7189640207361259,0.3760791590366148,0.754974321431646,0.3305816752784221,0.9209836353822302,0.3837800469960587,0.6630543786934096,0.48618982581239967,0.6075981641753834,0.6275979896365542,0.0,0.5695210512591511,0.6293244533629214,0.5027263249664045,0.4429474830217788,0.5443002492769846,0.3852949956658076,0.5950672965313268,0.31662163022294676,0.6057098071032778,0.6348026740430678,0.5128491714367587,0.548346319486978,0.602291834934963,0.6434482623844708,0.23792156337265286,0.846596885455756,0.7032222181850636,0.35638514115636477,0.23366011176318052,0.5422211322572973,0.34959097687615126,0.5543168519034878,0.23537064546653977,0.38818332301007263,0.7094097519282145,0.0,0.7044460732220754,0.8254505313464957,0.643350271922361,0.46931247090336,0.0,0.0,0.0,0.6573799029886829,0.0,0.5585313212562911,0.4683015181830964,0.4748854593183221,0.6071096333120513,0.5657032312794181,0.0,0.6458177385153308,0.4038882678793005,0.7839602093343165,0.5111177102266053,0.0,0.0,0.0,0.0,0.5918133742037566,0.0,0.0,0.0,0.6903971553625182,0.0,0.0,0.0,0.5434985553940538,0.7660674133162444,0.0,0.0,0.0
0.8157202891843309,0.8894149851805745,0.3716746623556798,0.6416342756958036,0.5240844128985769,0.5239574137910251,0.5523069636074845,0.5809137473331154,0.6124210361128333,0.5795712472369439,0.0,1.063899515370545,0.788235617855484,0.5695210512591511,0.0,0.9167163819108435,0.6123932645304989,0.7980709085119335,0.0,0.6816534759064945,0.5451782503202074,0.41030419281207314,0.44380468485310354,0.9165989235259951,0.8304566345186966,0.33947458984189655,0.27902231774015257,0.9124346574701125,0.6057481103726065,0.5239093682631002,1.1513629720080838,1.1420801587323466,1.1002470313711399,1.2003164535869417,1.1257357333973887,0.744771557408425,0.5031239671959336,0.3695480921731265,0.8931008938716866,0.9535460745857981,1.1009178269883524,0.9749123199371657,0.49381403567524,0.635472115074482,0.0,0.7210533833316259,0.7865568027313674,0.4566959011390215,0.0,0.0,0.9173689023101939,0.6782941979145491,0.1342637009559865,0.5248920823632641,0.0,0.0,0.6598005712429986,0.6467879002413389,0.4803409980941628,-0.11082222350537668,1.1251355056599466,0.6168373116384189,0.7495298960128494,0.0,-0.10111546281147538,0.7116093563862342,-0.4149373736587434,0.7841404535894663,0.4730228789021619,0.7127066907930227,0.2770716944912778,0.7152171942120209,0.684706662951047,0.7213572275271056,0.6169089508533426,0.5776107957537866
1.1003136085394756,0.7590941691590566,0.8616426739522421,0.07079788773466775,0.7151404681616935,0.764325474884499,0.9247962447876454,1.0705230729226982,0.6449102914416589,0.13921989545850716,0.5049067198288001,0.008272289458172044,0.8624240102164238,0.6293244533629214,0.9167163819108435,0.0,0.31382364434022053,0.4614868452041415,0.5198194080171399,0.5161413406802537,1.1258050080146178,0.5421680854798367,0.9484807841723792,0.6976232561250576,0.5435371389738513,0.9224003188711348,0.6980455267625645,0.9005848879383975,0.8183488105799497,1.1193431500792805,0.20605549771910264,0.9202221703564339,0.3914108233351931,0.3744138404940033,0.624239030461565,0.607007448510846,0.4109451600381398,0.5983948909420709,1.1296623476489736,0.7105379099408138,1.1224983838643623,1.1709605154622729,0.4676122945323641,0.0,0.0,0.5606044360652447,1.1366445333125594,0.0,0.0,0.0,0.603775553931046,0.592846858056966,0.894124948460371,0.0,0.5540226806748845,0.0,0.4549993224949217,0.6520210771748147,0.0,0.929628803870381,0.9575292540593257,0.5009423062506996,0.5973206619706352,0.0,0.64856576353929,0.7625175478250416,1.0736251215309327,0.6327892922928706,0.5015700056849535,0.7967842581908657,0.9299799162899527,0.6945131315238592,0.6365490574181365,0.7173803099234409,0.0,0.8518285247557331
0.5038018830397587,0.6281733112074734,0.6312487989624607,0.5506578070676811,0.6063284623411257,0.3604970171581588,0.6848094207175397,0.4982968818606288,0.5299942363177341,0.17820151536617984,0.6310903435027925,0.05913584476665301,0.635350164931778,0.5027263249664045,0.6123932645304989,0.31382364434022053,0.0,0.6276280094368263,0.6474303967748024,0.4425438464541336,0.5404180037037334,0.5542833370309188,0.1315949241824785,0.20950348615259162,0.38537017599751877,0.385563461966068,0.21808396265290117,0.8969154595406574,0.4510481732654913,0.9730186556771383,0.11057388630365272,0.35377728867193803,-0.030814267932062545,0.22672472790374099,-0.043140631204953706,0.6623867728786894,0.2751540241246286,-0.16688226348737178,0.5562939018449355,0.18127614669443926,0.20024385822706262,0.540690901390039,0.0,0.0,0.4293058893736852,0.45117280306193325,0.5786465063563291,0.0,0.0,0.0,0.0,0.0,0.0,0.0,0.2344188527896623,0.0,0.16898984520353288,-0.14079494678420862,0.0,0.8045302150965096,0.538698670257861,0.26866873698374866,0.4622370166974036,0.0,0.0,0.0,0.5215638296510301,0.0,0.4582775499400719,0.5843523789683013,0.4382787607519719,0.0,0.17307704006985553,0.47698500168401003,0.0,0.325930553166529
0.7934660527945983,0.6723979496935926,0.46029793064769586,0.4707138638312943,0.5175964164554316,0.7418109752596393,0.8703894801392311,0.8882412244589064,0.6382365926903024,0.25823490236091395,0.6137914538484254,0.4640800086778116,0.9099352374256016,0.4429474830217788,0.7980709085119335,0.4614868452041415,0.6276280094368263,0.0,0.5450451286258907,0.6612543583042838,1.110888620023292,0.597561031431141,0.8461335229981233,0.7601170954535889,0.47856356006476264,0.6326505659237789,0.7202444165758362,0.9039246631023654,0.7317716220575952,0.5781602671920164,0.32282358700958425,0.5864081999960485,0.3865835261425179,0.47830269089695054,-0.12889813444597256,0.6274603925739398,0.25836642420793265,0.43144375751015795,0.7045969780683341,0.5086482083123193,0.561873889440642,0.6308668110585433,0.0,0.0,0.5424896226620843,0.6355916637245987,0.8356758017002275,0.0,0.0,0.0,0.552058438084633,0.5382903144082686,0.8863187360324541,0.0,0.677049081918413,0.0,0.4984185556623295,0.4212298679511506,0.0,0.8295323193664645,0.6783650649159298,0.6053281818916484,0.5606512256099366,0.0,0.5013831404825446,0.7064033131614422,0.7545135135700781,0.7975363758832434,0.7595054300107659,0.7702237664729898,0.7541024612430736,0.5287675497480819,0.6825396839489859,0.5739529720553784,0.0,0.7163877853700766
0.0,0.6003084459048031,0.5495811313945176,0.15503655755289325,0.5829873729160933,0.5332687362816887,0.4833191987666989,0.6091425657978411,0.11515526104119456,0.5082710682128235,0.5814649357981304,0.393659746636877,0.5233379062552102,0.5443002492769846,0.0,0.5198194080171399,0.6474303967748024,0.5450451286258907,0.0,0.5252699126455458,0.4337194169973724,0.6287741436968578,0.35783121468771945,0.5167314698670235,0.5595136981390825,0.06592580294926453,0.4665873844857897,0.6245490054101075,0.6421707209719685,0.6243857473510315,0.5316543402602791,0.6674903667469276,0.564691642533198,0.6507288976947239,0.7221887809758116,0.587778448642744,0.525524183845401,0.5715080565865941,0.7612187809629503,0.4129790957743512,0.3871407548431602,0.22608405741362925,0.8127207031661728,0.33979669977370797,0.4140096489328313,0.0,0.0,0.5997314153389646,0.0,0.4986741632834316,0.6399581657563234,0.609054268586995,0.6139515085124441,0.7474722794521339,0.9607837855440109,0.2785622852470999,0.5440295128734192,0.5061627146243453,0.35837822442128664,0.0,0.0,0.0,0.0,0.7562266411796206,0.4815081030825596,0.0,0.44560617015499576,0.21482053984338934,0.0,0.0,0.0,0.6916504808509703,0.6444065531335547,0.50541490332213,0.46128809693490824,0.5808979496662985
0.7576165611915483,0.4800408091536389,0.5276459680322197,0.6343638875171335,0.8031111993779176,0.393422250034569,0.9610042058719379,0.8344917680066846,0.6438452668346126,0.3938700988602763,0.514565618817707,0.5233700428404608,0.8516298160608711,0.3852949956658076,0.6816534759064945,0.5161413406802537,0.4425438464541336,0.6612543583042838,0.5252699126455458,0.0,0.5733221499733548,0.28526515842004807,0.39266485959628045,0.2447101286133831,0.7226152087541552,0.5840626460272769,0.46416456256224403,0.9608199580219842,0.6079605162655926,0.19436932576679938,0.7863004814218992,0.8967676737096046,1.0121201633988177,0.9307439149281933,0.8814266230023472,0.810454970489104,0.5285811198531821,0.776846531866362,0.8790939002697729,0.5554354356184382,1.0219508602878866,0.5729713306838282,0.5316404336360114,0.21549689717760567,0.21470389504738174,0.5286692723689778,0.6653126504714116,0.4775131655334755,0.0,0.0,0.6630620229290392,0.6051576809501057,0.7562432979142211,0.4614128438768877,0.91013706223301,0.0,0.5725634940774167,0.6610838148849054,0.0,0.6505005665250159,0.8698125042839646,0.4700198197548333,0.6124713623591014,0.0,0.7049391351993863,0.40101814474944764,0.968575858570019,0.7268837948323116,0.0,0.5811832520245265,0.6135988500970051,0.7080367134758518,0.5681084748793561,0.994619477379973,0.503961445638321,0.8684076534117304
1.2334766390769112,1.1475014704780384,0.44023197905703093,0.3986630734562483,0.7424818006862661,0.5373975246855243,0.5632104112711327,0.17102913271023407,0.4494514139412551,0.5834877256883928,0.6196036322601,0.9052566521714662,0.62464140724242,0.5950672965313268,0.5451782503202074,1.1258050080146178,0.5404180037037334,1.110888620023292,0.4337194169973724,0.5733221499733548,0.0,0.8813054855595377,0.7477545862790365,1.1729918597797813,0.9068540850361105,0.4823340509968249,0.3775230940371316,0.5714498482905386,0.7456062262288794,0.6962951765835849,1.2203333892166146,0.9472975199298882,1.1762594731729008,1.188865951094726,1.1585974868030493,0.509566866675758,0.3299938218956917,0.6068946704056364,1.1239759918000782,1.1176553671514726,1.2287240356735625,1.2600255972511167,0.549949940285968,0.0,0.0,0.7851079406275816,1.007673466925276,0.0697031559608906,0.0,0.0,0.9440209814788084,0.44262794801820293,0.5727676659213015,0.43753477452160033,0.6266085501324392,0.0,0.7345174970715803,0.6341264495097934,0.0,0.8533041484115378,1.0835905281961846,0.0,0.5297614406742569,0.0,0.9269113036299618,0.6180465397721913,0.9879659015753897,0.5694923877805202,0.8464320167538143,0.5484393599909615,0.935712775816224,0.7063085082683196,0.6289315831280063,0.8371057328072715,0.49535541501591623,0.608329397574082
0.9816095662364355,0.45771036599696846,0.6361293433701347,0.5853818214989039,0.6428465104290145,0.42939132096991334,0.7303594825067776,0.6770787283693862,0.5644333258861673,0.5143029849731104,0.37868799523470587,0.9955630298434063,0.7046492517731536,0.31662163022294676,0.41030419281207314,0.5421680854798367,0.5542833370309188,0.597561031431141,0.6287741436968578,0.28526515842004807,0.8813054855595377,0.0,0.684318572725495,0.4408344429805082,0.7272955210679907,0.49110924413179236,0.33119898520079505,0.9727217810260371,0.718278148705293,1.193984504369127,0.850265247924115,1.0886787603216732,0.8755421986956817,1.127141538946745,0.9992296654816673,0.7109855855348252,0.7269940979795323,0.5752332929897033,1.098502985934693,1.1181607402727645,1.1888682692573849,1.1496191865237857,0.48892377589276803,0.3514973053424391,0.256588705554362,0.7731170976499284,1.1160592796067017,0.5546954081114377,0.476203904915909,0.2591686343207222,1.0216727369527014,0.6680689435626432,0.6190507531048111,0.6490879072790199,0.4133875058041715,0.0,0.5124720354596666,0.5906272458261737,0.0,0.9036693777584157,1.0941955604167335,0.11908714835618867,0.48323789652993954,0.0,0.9346248028017836,0.914304884977455,1.0192594443342706,0.7238626160664886,0.7201457880706936,0.8146327829687422,0.8406061548053356,0.8467929785094657,0.6258621681782828,0.6871983259443183,0.5580155334166391,1.1193803901526789
0.9993271994693076,0.7582859308894896,0.36597030730364616,0.6722108109665388,0.5504385383715986,0.45762624286173503,0.6771502941807551,0.4723253667215196,0.5716091136199494,0.5497149689919806,0.6779452527105103,0.21677142596400104,0.6830594430741315,0.6057098071032778,0.44380468485310354,0.9484807841723792,0.1315949241824785,0.8461335229981233,0.35783121468771945,0.39266485959628045,0.7477545862790365,0.684318572725495,0.0,1.0309322491286146,0.7549695121434191,0.49592235668336804,0.4520596969087548,0.7013489157441273,0.5794697065153644,0.7788381478878567,0.815202906662504,0.9188980091568973,0.9773598309046769,0.8740538700326512,0.839915898142972,0.616362967207821,1.2083496356903825,0.43190695752937214,0.6248140473683148,0.6476276916757436,0.6297781189362391,0.7202978280156549,0.4246511662827168,0.6764532318173762,0.5441634075643265,0.5654823229831828,0.7359522546057851,0.5828687644131775,0.46444580928007473,0.780763485771384,0.63449412627759,0.5290201461848538,0.4761821452373707,0.8009774608711819,0.6012316557575148,0.5069527394181867,0.4626067149364679,0.6372843994780613,0.5427709795668167,0.62134732768743,0.6947513269935742,0.4875739923802056,0.6123201523697954,0.6223057011455311,0.7159498133235438,0.20970686167589525,0.7554404205923801,0.6569616883513905,0.2285085054208727,0.6412329639875011,0.762956541857408,0.49356971469589295,0.5561440309292119,0.7803572698959625,0.5180529127835858,0.5778642929853368
1.1804980598700983,0.6658484761208908,0.41583186280828954,0.21079081501617733,0.5821959194210524,0.017647296897809583,0.31141921384302695,0.9316223199099491,0.5532795897435083,0.13659703244985855,0.4194504277166703,0.42437025157827857,0.44589160853540516,0.6348026740430678,0.9165989235259951,0.6976232561250576,0.20950348615259162,0.7601170954535889,0.5167314698670235,0.2447101286133831,1.1729918597797813,0.4408344429805082,1.0309322491286146,0.0,0.6442950443708155,0.49850238975175093,0.13439597137768097,0.6969507098691865,0.4553426582737493,0.7987254173550036,0.6160665803601457,0.5626505246142516,0.5449026599955058,0.6199085952323562,0.6074169484504991,0.3718726982523289,0.3047878060752309,0.36195278688578036,0.7134930281661449,0.5433706047673722,0.5422522658464932,0.6640729515801658,0.5877595682254584,0.34713330441821566,0.4232369032925433,0.40614912690118526,0.5669552574586469,0.0,0.0,0.47812253174573704,0.5899647086448538,0.30839560978613684,0.0,0.019664965478717565,0.29229588492299774,0.5254371530542205,0.29852180325112143,0.4861040503622507,0.0,0.26527171505191754,0.6103399906146012,0.3362130932135423,0.4803562493864998,0.4585899283437026,0.34774254236762103,0.4776073840112903,0.22902328396519578,0.8175983074390771,0.8163559049491991,0.6470727606627187,0.6985745284642733,0.5270573844000552,0.7038434764102416,0.63733975502685,0.0,0.3503311059949713
0.6836122455873473,0.37043648275182617,0.7162472717376294,0.8528709567104589,0.5844615368740118,0.7826167747527948,0.8162328966516168,0.8176125503335921,0.7451961822981725,0.4849646412295875,0.6789931071626691,0.49954076880204856,0.8552874844843076,0.5128491714367587,0.8304566345186966,0.5435371389738513,0.38537017599751877,0.47856356006476264,0.5595136981390825,0.7226152087541552,0.9068540850361105,0.7272955210679907,0.7549695121434191,0.6442950443708155,0.0,0.2983146592293623,0.7638019986676777,0.7000520735671533,0.7233960455825968,0.4525757690909532,0.26415243006993705,0.3950961014431621,0.28805418584776976,0.2642104401989005,-0.11630214138847672,1.1091372917151017,0.555378683663756,0.019103826525403933,0.7922883341048552,0.5681948815946039,0.5595816002857745,0.6972295651350049,0.14609280980784195,0.0,0.38011907215405216,0.5798366010519502,0.7905596373873103,0.0,0.0,0.0,0.6298588678282717,0.554410821262383,0.7284367864286136,0.3811950629878612,0.46054668805754545,0.5012585252919313,0.43457714576075157,0.4274721774509618,0.0,0.6095569618665615,0.7405297078774895,0.5468876595155375,0.6342825518694064,0.0,0.7165056081162668,0.6334015747647554,0.7261779516667622,0.5804133970934718,0.6867869153509385,0.7935414159843233,0.7089633382846737,0.5327738707254032,0.6045905644054298,0.5888991959659644,0.0,0.6130821295005785
0.768176746296413,0.16334562856598966,0.4324761745697964,0.6038808975513383,0.6338593095307558,0.7257978133662253,0.9597000997365434,0.7847871526806053,0.6357630808870789,0.4428728748881587,0.21349272376820283,0.5221920653569403,0.9269368072431642,0.548346319486978,0.33947458984189655,0.9224003188711348,0.385563461966068,0.6326505659237789,0.06592580294926453,0.5840626460272769,0.4823340509968249,0.49110924413179236,0.49592235668336804,0.49850238975175093,0.2983146592293623,0.0,0.5323625525041706,0.8702538880827422,1.0862713620927016,0.40005305218536785,0.656322843647767,1.0836935312115412,0.7071021746101207,0.9671153737052387,1.1573518987212499,0.5317257783082081,0.47601500574395644,0.32207576804344606,1.194908957436051,0.5960461445382055,0.9270261865563219,1.1996023118011012,0.234798013904254,0.5494019347249076,0.44599994065900755,0.5765820178604941,0.8610346699114925,0.6361254357854076,0.0,0.008340685039886567,1.0725045739159473,0.5862330044627002,0.5581722743425448,0.4293725163749851,0.34267520577442767,0.0,0.4102945911785844,0.26387154778401667,0.0,0.9751286100805128,0.8623694686550682,0.41939739448936764,0.46499186396284936,0.0,1.166919465025878,0.8410194577123138,1.152439506696751,0.8016941477280981,0.6530667303110416,0.7039446368721385,0.42592545029455947,0.7393894517618885,0.32448351425130284,0.8220309487759383,0.5202527806357569,0.34134592002863584
0.4781650640396241,0.6112710035438124,0.7547788980703405,0.6906674116843976,0.7602001065459538,0.37557266833541436,0.6716990842059333,0.49895864835138254,0.833233757555111,0.45024574259273353,0.572776122845928,0.5877883505612405,0.6120292235393666,0.602291834934963,0.27902231774015257,0.6980455267625645,0.21808396265290117,0.7202444165758362,0.4665873844857897,0.46416456256224403,0.3775230940371316,0.33119898520079505,0.4520596969087548,0.13439597137768097,0.7638019986676777,0.5323625525041706,0.0,0.7193430656322705,0.32442757504909997,0.8099079529933305,0.7850524628186024,0.8267611105508577,0.8496630899705024,0.8691232011845604,0.8537741028221646,0.33644234101841086,0.8243825294730245,0.5875137466349558,0.607873568968061,0.5802038449531497,0.6790288457051696,0.6454236632909252,0.6983347135043181,0.6422406202759554,0.3929051447541392,0.43278461170517435,0.5996776480907182,0.15309290385647767,0.5184398912804462,0.6531740754763424,0.6537086937078984,0.7022681234478572,0.268682442997866,0.7599007270939889,0.6658082235626457,0.4651814127303292,0.3735496035646243,0.5886003919298572,0.7735848183480963,0.7602989848697865,0.6260387956184208,0.0,0.495758591818466,0.7858929288609913,0.7307796212777236,0.7308441001685584,0.6906351111696232,0.48641458227988427,0.0,0.522603392627429,0.6392368962264591,0.8082353540755993,0.5305254282812146,0.8307789524117735,0.6446066350815547,0.6360584545983653
0.8238353107957328,0.829679701083075,0.7236530795218136,0.29476117843761673,0.4278158574638267,0.35248460789164565,0.6060416866902636,0.8562708162733339,0.6236174269103416,0.845980960833699,0.42168665209053713,0.7776450326007402,0.2675756248803599,0.6434482623844708,0.9124346574701125,0.9005848879383975,0.8969154595406574,0.9039246631023654,0.6245490054101075,0.9608199580219842,0.5714498482905386,0.9727217810260371,0.7013489157441273,0.6969507098691865,0.7000520735671533,0.8702538880827422,0.7193430656322705,0.0,0.5900898167313202,0.34287246419851924,0.776812438128617,0.5412930593627803,0.6650384944286263,0.7262471424431546,0.6796102583722867,0.1317904825947076,0.3967237793561603,0.9854774325488618,0.6621926976125092,0.3542995313559407,0.8020316996017353,0.2599418106596489,0.6059904749233749,0.3120635829119526,0.6431491811763999,1.00847246881401,1.0870830797470183,0.5379511050864731,0.0,0.6766235524427648,0.8423059030504239,0.5899514145192397,0.6144024176676147,0.48719814841103976,0.6562798554673887,0.9680421240182143,0.5082815424551593,0.7105980396502138,0.367820394071671,0.6647989432629302,1.034098024363619,0.21852051217860985,0.5519155773579278,0.5066606126879604,0.7690067209539575,0.5592222949241958,0.9443901044194131,0.7415950844868936,0.553812942666706,0.5550152518442146,0.2952082970027575,0.8180002250442583,0.7467995970392132,0.7803201374623298,0.4769821277981657,0.6359124307171182
0.8983129879711447,0.5840999179688883,0.6008489590598852,0.5045686700481897,0.6149006261804979,0.2346718506947849,0.6161946090828758,0.6629387709004791,0.5513533983346441,0.4396669802018378,0.4427356469202044,0.5904404084516817,0.5668163267157244,0.23792156337265286,0.6057481103726065,0.8183488105799497,0.4510481732654913,0.7317716220575952,0.6421707209719685,0.6079605162655926,0.7456062262288794,0.718278148705293,0.5794697065153644,0.4553426582737493,0.7233960455825968,1.0862713620927016,0.32442757504909997,0.5900898167313202,0.0,0.7847614507738325,1.257466772439991,0.9105304436505752,0.445018181491349,1.2199571425951783,0.9230906755579251,0.587386625149536,0.5443084637599689,0.5917291301177481,0.7684805477321917,0.5952559611688488,0.7728129825440405,0.7924615699684829,0.41957575822759646,0.5388579040146413,0.6320088505360856,0.4801855749212072,0.6324029731777772,0.516759295336922,0.43374817918236563,0.44348844479865274,0.8025653188282529,0.690186070393508,0.7674097415678203,0.48745971679282013,0.6594714489765026,0.43655194637344363,0.5702580733375631,0.7253253136884343,0.7687226420353119,0.574615230486221,0.6459586360753486,0.4814456832613957,0.5903862271443199,0.5303924917248314,0.7799567242545773,0.5199373026324196,0.9827940572915378,0.769364176817033,0.45052757221633266,0.6997604101694826,0.7182533649887233,0.7402920557993069,0.6472806469386181,0.982315754793169,0.6406588406080664,0.8054532887572443
0.8954519475785494,0.4682952412850443,0.6639386917340995,0.4374313020029037,0.4958113526699771,0.8417528493309616,0.5405677324019866,0.8989911447451917,0.6644005629680176,0.40426389247439404,0.5281176663244526,0.2925776212471917,0.6860631186678642,0.846596885455756,0.5239093682631002,1.1193431500792805,0.9730186556771383,0.5781602671920164,0.6243857473510315,0.19436932576679938,0.6962951765835849,1.193984504369127,0.7788381478878567,0.7987254173550036,0.4525757690909532,0.40005305218536785,0.8099079529933305,0.34287246419851924,0.7847614507738325,0.0,0.9126121560122221,0.5686059645308008,0.522384042781611,0.8764537456183045,1.1748886720454494,0.5063786406317519,0.28867391589191604,0.5671594312376602,0.8315144168107671,0.502012701429074,0.2456075279340253,0.8671634116412164,0.6112156265851847,0.08005691526952927,0.0,0.0,0.0,0.024065091733608254,0.0,0.0,0.7055562350725657,0.14866296072206184,0.8224560605593851,0.6320032983256738,0.5497821639305431,0.0,0.01450469756006837,0.4958028530860672,0.0,0.4761990843403879,0.0,0.0,0.9474346534610105,0.8949129583308775,0.6531841305089169,0.5458505089237454,0.4875579575172594,0.7526487012602107,0.0,0.36909116598812536,0.47310262445436835,0.6244117513329609,0.6691023183963302,0.6403439057722419,0.45311812462056933,0.41037726253424756
