0.0,-0.045028514943110776,-0.0008996203418623616,0.0,0.0003242726341673441,-0.05012587607162694,-0.043308266976272436,-0.06130355007945021,-0.0008009127125824245,-0.11875529297333465,-0.001800787603611187,-0.10027913602418503,-0.05312511632136657,-0.004176817886706263,-0.053755859557787,-0.05115719865064944,0.007775167472068301,-0.0510142511056097,0.0,-0.029705057843665894,-0.05485756456280527,-0.039529307164228755,-0.06351162588840831,-0.06581340477017344,-0.057356510645640846,-0.06813479367781355,-0.04476319548483243,-0.04772457891831394,-0.04014686130557904,-0.0011459294910705076,-0.07074417040902775,-0.03549340736001938,-0.06224519057856087,-0.045305321716734515,-0.04207861654764128,-0.1578863115680182,0.0006857991479412573,-0.0017487546295911205,-0.04203441036969746,-0.03239136999756759,-0.022734168883022488,-0.08982881611703086,3.631511300972168e-05,0.0,0.0011400738702027624,-0.05985137462753437,-0.04805864148067934,0.0,0.0,0.0,-0.0013093743652807244,1.1102230246251565e-16,0.0011391727635108873,0.0,-0.05973093034982546,0.0,0.0037122189182564047,0.0010356354972331783,0.0,0.0001815237279493287,-0.04401630463359091,-0.0002818002661545971,-0.041225239471198105,0.0,-0.00019640773653778476,-0.0002912051890039402,-0.047174228448398914,0.0046555438019244555,0.004350358605158922,-0.06030485278994552,-0.0540623916981659,0.0018723904033444705,-0.0003327820805090198,-0.05477231856865605,0.0,-0.050174359416088776
-0.045028514943110776,0.0,0.003452862919643529,-0.00020660222477913992,-0.04519995825930456,-0.040397177889678115,-0.05495980146133406,-0.06364086752489667,-0.03569432323225674,-0.033642175823189624,3.7676067230485444e-06,-0.0018219462055446556,-0.06108442402622166,-0.0010074585980691109,-0.02122810829711469,-0.02802594529294583,-0.05958715075716747,-0.02689776714644948,0.0013702880958497143,-0.02089428810938765,-0.020841517087477335,-0.020426014198862474,-0.034116058221795365,-0.03649884222499472,-0.035818616696672634,-0.017817931543133714,-0.023029574660527685,-0.04697982966695724,-0.038474056854701455,0.0004123409491895158,-0.02372960599245355,-0.012063997247797997,-0.023229232893984764,-0.01747857059997393,-0.019705665675030404,-0.0012245153246128182,-0.0002941898083653194,0.0,-0.027901439100624315,-0.03411781957806709,-0.02980414175223084,-0.034448887798525174,-8.194094150881792e-05,0.0,2.220446049250313e-16,-0.04077572458203055,-0.036873127036228415,6.488176329011441e-05,0.0,0.0,-0.043624492264376646,0.001019031659820424,-0.00019596879218658492,0.0006347121874887285,-0.032089660989779,0.0,-0.04824299795540754,-0.04264176736029629,0.0,-0.01978242035759925,-0.033879845975139544,0.0037918019745254994,-0.03380405006324283,0.0,-0.027869137316226922,-0.022999849855831145,-0.031527667115465396,-0.04565356721686198,-0.0009192668465477505,-0.04610884568197937,-0.04100390290458006,-0.04859828350317996,-0.0422052976591521,-0.0367586283895443,-1.1102230246251565e-16,-0.02580276500743678
-0.0008996203418623616,0.003452862919643529,0.0,-0.030397244751052432,-0.036847496447903305,-0.03902373984572144,-0.029380678357618206,-0.022191533693988796,-0.047568475591394765,-0.03177739059196438,-0.039301014469973805,-0.034478841053215525,-0.03405103210182292,-0.04172637211346425,0.00032626363707943806,-0.0007940484384167945,-0.0015000432506272476,-0.0005304706781880664,-0.05641335705938627,-0.0005386260694300593,-0.005586617159525353,0.004561354583191457,-0.03823138996778891,-0.0009192365074253139,0.0015586704834062992,0.0003848169971169546,-0.03364743292069938,-0.038658546313782516,-0.030279317415673024,-0.04761927493518514,-0.03541483256939004,-0.03628997379993637,-0.05832964163555904,-0.0330905840947221,-0.03291516818342677,-0.027830700713802392,-0.02871558887231801,-0.029593978258164455,0.018786566523309012,-7.437493497741698e-07,0.011860795394866397,-0.001637335300668341,-0.011646742785388797,0.03692899224397089,0.0,0.0,-0.00027246618166615333,0.08876000993953448,8.156471450582181e-06,-0.0008039305539333519,-0.01181076182910612,-0.013554926678834844,-0.011096980928006484,-0.02265689351476241,-0.00014862138063992392,0.051802361658925156,-0.009556937898588469,-0.00838231565623726,0.006651948168812316,-0.00042001299894062205,0.0,0.0,0.0,0.14388381612859552,-0.000454034907198253,-0.0011645223620271872,-0.0005299193153407988,-0.011471603782915674,0.0,0.00011183712286333414,-0.000874090575415265,-0.023379787280583098,0.0008429471329379767,-0.011024122131382819,-2.6785167715592806e-05,-0.01136963995254514
0.0,-0.00020660222477913992,-0.030397244751052432,0.0,-0.03234936761600957,-0.026651688271940532,0.010050524345902534,-0.07166920842241475,-0.02160820644606465,0.04761064307596646,-0.03974392411209504,-0.006993468703220818,0.015041376149739383,-0.041523390315366476,-0.04845325199081141,0.0004992253768248411,-0.0006983612757862079,3.714203449112219e-05,-0.010343785317378007,-0.02368831503680152,0.0009630832361712804,-0.02219085393495185,-0.02642693691479009,-0.0034277094419255527,0.00043941825248727806,0.0026714763122821505,-0.026237145719454402,0.03587595594648274,-0.013676409180636673,0.026823513315983982,0.00487170738188647,-0.013874787339613004,-0.016621164984170655,0.031518970359528886,0.014232315351223768,-0.013248128411449733,0.04087957400182862,0.03549120792093441,-0.0013537736210778584,-0.0011022223079886206,-0.0006272196675482511,-0.0021887958141622033,-0.0037486619944515076,-0.0015557185264976625,0.0,0.0,0.0,-0.0010490077472835035,0.0,0.0,0.00066334738597007,2.220446049250313e-16,-8.500449175480318e-05,2.0017995543131217e-05,5.551115123125783e-17,-0.0011210451249726305,0.020041597497367725,-0.0004395599696479513,0.0,0.0,0.0,0.0,0.0,0.0,0.0,0.0,-7.494839520644225e-05,-0.01383795156584361,0.0,0.0,0.0,0.012263129912299275,0.0019474770649723916,-0.000149753148725007,0.0,0.0
0.0003242726341673441,-0.04519995825930456,-0.036847496447903305,-0.03234936761600957,0.0,-0.04085449824987103,-0.04453536562691601,-0.008844270906656737,-0.04414097674190548,-0.023210645718413636,-0.03462712291963821,0.0013095372141697093,-0.039274853045267455,-0.03879627849515005,-0.0006650446903236906,-0.04293409353246774,0.0009646002408946197,-0.0018828988661802049,-0.02383971229929216,-0.039497075411217886,-0.003103499649973529,-0.045217272512798556,-0.04150332256583755,0.002066564455450559,-0.05004637866273637,-0.034908264697198266,-0.053446886907667746,-0.01507457561274328,-0.04192382954100954,-0.043619249604132715,-0.021698650000767317,-0.08316551852761705,0.0009878283864552806,-0.025422283549933755,0.0032105216755258237,-0.025136493707374863,-0.04050986793350275,0.04978464285669587,0.010341911385146174,0.0007598290586308121,0.03774477132722548,-0.00014879778202353533,0.041129270139852625,0.07496882127915472,-0.0007152924877476541,1.1102230246251565e-16,-0.0002932396234429646,-0.030733729747703442,0.0,0.00854157836500985,-0.00904874451676646,-0.009929816345966902,-0.002371623101459275,-0.02677796798360249,5.551115123125783e-17,-0.005464557794962188,-0.0014523374895037966,0.0015054384365195128,0.0013607339318497669,-0.00022829519910094742,-2.3403060205373638e-05,0.0,-5.551115123125783e-17,-0.018553498795975787,-0.0007052046868771256,0.00020317074436998483,0.0003748297971598036,-0.01675783181134055,0.0,-2.3845502141073283e-05,0.00048510434386972445,-0.025473023400741757,-0.00378712379183499,-0.01382096572565178,1.1102230246251565e-16,-0.008987867021263363
-0.05012587607162694,-0.040397177889678115,-0.03902373984572144,-0.026651688271940532,-0.04085449824987103,0.0,-0.03195300723285377,-0.03299921933427924,-0.027269116950833783,-0.027110627980252155,-0.06664464377469193,-0.0182314294982171,-0.024919096731383206,-0.03657915453787247,-0.040239833332247565,-0.04540837081831883,0.002732862829406435,-0.05276843774172718,-0.04720034624582142,-0.03693027386219877,-0.04685654546600215,-0.039257909227719046,-0.036568945531115116,-0.016068028685545133,-0.03389791138744136,-0.02694243748808728,-0.04717748839758351,-0.022696266172559543,-0.019513047833178976,-0.034760408728440495,-0.026120191994173036,-0.031715922453079914,-0.021781352602220305,-0.03388738533736496,-0.034853772614156064,-0.03627071436913565,-0.019945400741695762,-0.011529234791550769,0.007570974873828351,-0.0003977793031774146,-0.016532837669688993,-0.02536435349506394,0.006601468946772326,-0.002595738502967848,-0.0017470276502072335,0.0009797428690455634,-0.029317226086045867,-0.01787934662324675,-0.0005515371985256312,-0.003899722522820892,0.0016537247747339112,0.004788611880354177,-0.003227896154384402,-0.012899886429256657,0.0014652891714171945,-0.00434982263761674,-0.022675260848047718,0.0029857362602180304,0.00025237486328522074,-0.03290432367918017,-0.02680673725868976,0.0,0.00023155895957205352,-0.00809006855957517,-0.0356890283927106,-0.04433418316937948,-0.03199807117675907,-0.010641985727324832,-2.9999908662259323e-05,-0.04650791889534034,-0.03709865939169166,-0.017242390192427792,-0.007977533624909494,-0.012568052199940338,-0.02308725877730311,-0.006653919062512725
-0.043308266976272436,-0.05495980146133406,-0.029380678357618206,0.010050524345902534,-0.04453536562691601,-0.03195300723285377,0.0,-0.02253645138284771,-0.03110862799941172,-0.024439921904146733,-0.010032207994005171,-0.0007316023147909134,-0.026501491146644574,-0.001758731373250777,-0.021543654307637716,-0.04372000196024184,-0.0006124723438235002,-0.0493641153912735,-0.01317372468971545,-0.03938440734679699,-0.02156288534530293,-0.04419210415169905,-0.030205008355094543,-0.0009140995058335988,-0.047940535185591826,-0.026167541907643532,-0.04149633944311221,0.012724800916490198,-0.028845124310216907,-0.02945312671226835,-0.020395732687415513,-0.0011717722115255902,-0.0039578038826718065,-0.00734602867035028,0.02199967752777049,-0.010923431850248633,0.005063272521241502,0.00039573774656359584,0.012173756542033454,-0.0008301393827022108,0.02978780749093407,-0.0027066138859471733,0.0060090210705720515,0.0006242587774868968,-0.0008483180883079311,0.0,0.00266484780538645,-0.029931030619468668,0.0,-0.008248015439278056,-0.010233190959503868,-0.011957751129331506,-0.004017892994832906,-0.017908993250709493,0.0004448096325379569,-0.015920883558671717,-0.0002998816907345825,-0.0017440527965257857,-0.002254019976925481,-0.01747521197438856,0.0012292990814415372,0.0,-3.5644261753287054e-05,-0.016794336318415592,-0.026962670342920603,-0.0003346374074651992,-0.00756885545747521,-0.015741660795931922,-0.00011458231250194295,0.0004856131415600373,-0.02616905541076764,-0.016894036254324563,-0.0049922383897391676,-0.007282760482801298,-0.025129787656231695,-0.007020518803033449
-0.06130355007945021,-0.06364086752489667,-0.022191533693988796,-0.07166920842241475,-0.008844270906656737,-0.03299921933427924,-0.02253645138284771,0.0,-0.035737332746812955,-0.023816538578599444,-0.04652874612705443,-0.0822258148102164,-0.031131477093852333,-0.012266948795093213,-0.06497397320687803,-0.06125083366536249,0.00011008127046835403,-0.06618247261992899,-0.015909155118989993,-0.03988318357940246,-0.023729292964292714,-0.044984307306631055,-0.023678360475153704,-0.05432192003136538,-0.0806656686482613,-0.06701724874551629,-0.04138335640275792,-0.04092449403933851,-0.039318748769751444,-0.02792171053542064,-0.032413570045305484,-0.028660893116557895,-0.06028202763617224,-0.025943121328117325,-0.018894306580948483,-0.021401092147596223,-0.04268149369155333,0.004359923076132366,0.011371736318044445,-0.0009927949617377085,-0.017652973178039544,-0.0035790274996745364,0.042136597050403624,-0.013138110607008757,0.0,0.0006256890214772493,0.00134695266642737,-0.018368063180129957,0.0,-0.003514741672688837,0.009070173777460111,0.015051733526524724,0.009471350358915442,-0.017143500550655055,0.0005026698997154244,0.03571814121255079,-0.015735536021998064,0.002374584054999296,0.00857168822771176,-0.024826916228805118,0.000227657352523003,0.0,3.591717013018414e-05,-0.010424016784066237,-0.044797142252017474,0.00986219698319274,-0.020971046585063047,-0.0022039095988727886,-5.551115123125783e-17,-0.00045966904380900786,0.00010025032530802669,-0.023035679724565106,-0.012308961401700902,-0.022135773983945117,-0.000596608408999999,-0.001984712677920275
-0.0008009127125824245,-0.03569432323225674,-0.047568475591394765,-0.02160820644606465,-0.04414097674190548,-0.027269116950833783,-0.03110862799941172,-0.035737332746812955,0.0,-0.034792360051025095,-0.056834749270538165,-0.03153937461927786,-0.01990963523651995,-0.057824093428246126,-0.002924969448383663,0.0029882490173509524,-0.0016962864216564233,0.0029252222942564576,-0.07056017694907663,-0.04491177117667189,-0.022047925915025246,-0.03798296278782992,-0.05972371667319032,0.0008456655505068578,-0.03718855969345164,-0.02673842992550962,-0.04141311679165416,-0.0426970952496184,-0.03762606042079558,-0.04086914782506745,-0.034707345482107355,-0.03901955791992601,0.002854076739814526,-0.034076748292215686,-0.031407881108594715,-0.03490064974239909,-0.02487538599405803,-0.020873410128861458,0.01504168795048233,0.0003539435209844455,-0.047542704579880524,-0.00719156184237052,-0.04006511649573491,-0.0038863771310033157,-0.001853086875705512,-5.551115123125783e-17,0.0008483314887122728,-0.04197775463052289,-3.918407129654966e-06,-0.022380343269500558,-0.010415916895049948,-0.015598741643018998,-0.013616856388351084,-0.04491231672264051,-0.002557513700288505,-0.01800926580177964,-0.029613266701886132,-0.018025732302141884,0.004319270717165091,0.0008108726862121607,0.0009959551713206727,0.0,0.0,-0.027051970716914897,0.0006295098315417524,0.00019426199690408819,0.0007407942310390658,-0.014125717929067583,-0.0001061760234730702,0.00020329783547029523,-5.4650327755534356e-05,-0.03162750740451914,-0.006701209428651156,-0.01339414181162013,-0.00020404485268488148,-0.007221553175997153
-0.11875529297333465,-0.033642175823189624,-0.03177739059196438,0.04761064307596646,-0.023210645718413636,-0.027110627980252155,-0.024439921904146733,-0.023816538578599444,-0.034792360051025095,0.0,-0.024667426535212866,-0.004159266350935331,-0.025568584927679217,0.0006758939096322414,-1.8248166245737885e-05,-0.018855279267390612,-0.02350142559175561,-0.010805250218205886,-0.029149971096147476,0.05911749713560499,-0.1426571880637456,-0.052159693020587816,-0.03597037192545044,-0.022155744286716295,-0.029472405946758595,-0.04599086919878237,-0.02648282494942139,-0.028884373141610853,-0.004144224075823377,-0.04593414175573346,-0.05461330256596425,0.005383510275849768,-0.03880462981333055,-0.0237424455278632,-0.005250086263737852,0.014869080926747213,0.0484282894616605,-0.018016363029314697,0.03389177340113514,-0.00365161014672416,-0.030994083942774642,0.04489031495375423,-0.01296614361304238,-0.0028192692969434274,0.006179209075239167,0.009197557404780843,0.001009707029229312,-0.0010149393398360962,-2.224925850380366e-05,0.0004469562816596384,-0.0810234504634908,0.0013460734880930136,2.961092110537189e-05,-0.0015211225251208216,-0.03891286878766331,-0.0008477906058356188,-0.043457119986254844,-0.016426256811435724,0.0,0.0006919298558504261,-0.04775678769722452,-0.04339997602130091,-0.02772824983122646,7.313447862700162e-06,-0.00011882504719840092,0.0010231070379570495,-0.0011229499847731361,-0.02826588862118229,-0.0551412560893485,-0.039093468333045334,-0.059746808702334786,-0.0006243783995991681,0.051126612970863905,0.01766413003785261,-5.551115123125783e-17,-0.03348282393632329
-0.001800787603611187,3.7676067230485444e-06,-0.039301014469973805,-0.03974392411209504,-0.03462712291963821,-0.06664464377469193,-0.010032207994005171,-0.04652874612705443,-0.056834749270538165,-0.024667426535212866,0.0,-0.030208497447431204,-0.014435099152630138,-0.01782010216575114,0.0,8.12548688852166e-05,-6.156079334712627e-05,-0.0008294177085846899,-0.04096975800258107,-4.641591455734062e-05,-0.00019808711873231521,-0.00021195109038912863,-0.05403522824693868,-0.017624773160922758,0.0005290025371233464,0.0016926506967784305,-0.057280339169383854,-0.021100059813318306,0.001331364128602186,0.00035470341148474693,-0.026736916916678122,-0.04996220679556396,-0.0024026204674957308,-0.021083382307364285,-0.03081183887189487,-0.01055850901720845,-0.02432761355726848,-0.01814729171938184,0.003892564371559437,0.001355895531915563,-0.0011511553782732609,-0.0019146295604703933,0.002999656586475996,0.00036306467580377033,-0.0007643145399505169,0.0,1.1102230246251565e-16,0.03322861617758405,-7.587517398266463e-07,0.06501017588501429,-0.002426203396702742,0.015962464625316364,0.012164040488506278,0.004669076176518183,-0.0013980826649298561,-0.055199986297216896,-0.015972564680086343,0.025374912939965133,0.0037950649811622217,5.551115123125783e-17,0.0,0.0,0.0,0.009682917510609124,-0.0005694082816700141,0.0,-7.294481027642075e-05,0.0037495141914975494,5.551115123125783e-17,0.0,-0.00011081800828710575,-0.011802998307658519,0.00916195825362004,0.015222924523963122,0.0,0.0002570238790867152
-0.10027913602418503,-0.0018219462055446556,-0.034478841053215525,-0.006993468703220818,0.0013095372141697093,-0.0182314294982171,-0.0007316023147909134,-0.0822258148102164,-0.03153937461927786,-0.004159266350935331,-0.030208497447431204,0.0,-0.02101621592231101,0.0014673415356655228,-0.05567160255634179,0.0018117401316678494,-0.019726983826315603,-0.004730298349652551,-0.01169481104782194,0.004525219363974098,-0.09726561574968223,-0.058184874700269396,-0.05795492351127152,-0.018168253063921724,-0.03809520711516301,-0.05242410907781747,-0.023397376156127137,-0.0016367668481790387,-0.01573509921363886,-0.0015790306271362686,-0.027717096034689914,-0.014261196674367094,-0.006170321185314909,0.0018245793433635527,-0.013303188852005599,0.0034669405047229596,0.016345765175989624,0.012237850896485242,-0.028539655645348827,-0.0009480841894254355,-0.02932711810981581,0.05068213488826939,0.0004118623499122509,0.00048656490431175925,0.021360048441407542,0.004036086489021928,0.0012389012998917925,-0.0009300252483235849,-0.00064384140668447,-0.00012977708323247406,0.0003965084470706204,-0.0007645347092015697,6.033725087839503e-05,-0.0004848793901743309,-0.04505570925057578,-0.0018199780139409594,-0.0430272666672365,-0.003027240400179654,0.00042596831402968993,0.00013509600903016672,0.0015586877538641963,-0.054310306885467674,-0.03610851266580428,-4.5024102185042825e-05,0.0005929901806138171,0.0010406763365126692,0.00029525616222475515,0.0006166287384524183,-0.05869461441633761,-0.04402189989167149,-0.06681082834745361,-0.0017970515191693681,-0.013020126459002634,-0.00172355665791174,0.0,-0.03453772766064789
-0.05312511632136657,-0.06108442402622166,-0.03405103210182292,0.015041376149739383,-0.039274853045267455,-0.024919096731383206,-0.026501491146644574,-0.031131477093852333,-0.01990963523651995,-0.025568584927679217,-0.014435099152630138,-0.02101621592231101,0.0,-0.005616414293083127,-0.036593680087648295,-0.05209005789512261,-0.048566733496682946,-0.05436324154322342,-0.021556522906725717,-0.04269814084033752,-0.02459088317997271,-0.0497814175875938,-0.03747082653699324,-0.016841615755485095,-0.06248029285024376,-0.03162843198002607,-0.041041251227562026,-0.03483823236661582,-0.022907941986913816,-0.056720948682110306,-0.025019438915806547,-0.012824742057253091,-0.027853996578308227,-0.024439548875984596,0.017337633137199937,-0.0013267277531199828,0.014143967265015156,-0.007442564036808874,0.01150686141591084,-0.0005162781939060945,-0.06142527352535948,0.05765505915693042,0.0018358769341499381,0.0533358873471062,-0.0032763928282952826,0.000539310510750457,-0.029861512490195474,-0.023853427145322903,0.0,-0.014837450088962534,-0.010222420360278373,-0.0041286717011469465,-0.014697202131997877,-0.022677492575418845,-0.027445608732391658,-0.02345514247712477,-0.059598013326237154,-0.0024672050377729793,-0.0015292785833832534,-0.03044584222648755,-0.03463881014577008,-0.0003855370557193094,0.0019425102191928945,-0.017806844859449167,-0.028617987519664323,-0.02679638564173764,-0.018485405355439022,-0.019378725321451407,0.001155693671362923,-0.061380528235102316,-0.03674625079579508,-0.025740742653388493,-0.005989364796547658,-0.019519838502759457,-0.03601263135410432,-0.007817780090122517
-0.004176817886706263,-0.0010074585980691109,-0.04172637211346425,-0.041523390315366476,-0.03879627849515005,-0.03657915453787247,-0.001758731373250777,-0.012266948795093213,-0.057824093428246126,0.0006758939096322414,-0.01782010216575114,0.0014673415356655228,-0.005616414293083127,0.0,0.0008100851183603375,-0.0006034458303665335,0.00010195420435926694,7.699854916232152e-05,-0.042443061036193275,-0.0002188659807239035,-0.007337704653827992,-0.0005164160096151615,-0.04963864831293302,-0.0002282189177122973,9.587039468483827e-05,-0.003756684774736563,-0.048536939416836566,-0.04021334635920504,0.001835568350963046,-0.0005930438457293352,-0.007924442057179903,0.004607918284197987,0.00019547458360236192,-0.0013584737209576536,-0.007639220948400305,-0.002304992867171368,-0.012315126895958567,-0.0009379816887136183,0.01633951548905377,0.0,0.0007708953238814709,0.0008277049331630315,0.012770878744334746,2.1840659394367634e-06,0.0,0.0,0.0,-0.024262522994704938,0.0,-0.003759220970126209,0.014861023558050745,-0.0007939967786839142,0.008647273404394307,-0.018198524385033166,0.0,0.03179649170583265,-8.487176675658903e-05,0.0021802306880320255,-0.002117192642810184,1.1102230246251565e-16,0.0,0.0,0.0,0.0740326696427066,0.0,-1.1102230246251565e-16,0.0,0.018421920986828377,0.0,0.0,5.551115123125783e-17,0.01877524978710493,-0.00010465564193123944,1.1102230246251565e-16,0.0,5.551115123125783e-17
-0.053755859557787,-0.02122810829711469,0.00032626363707943806,-0.04845325199081141,-0.0006650446903236906,-0.040239833332247565,-0.021543654307637716,-0.06497397320687803,-0.002924969448383663,-1.8248166245737885e-05,0.0,-0.05567160255634179,-0.036593680087648295,0.0008100851183603375,0.0,-0.037098363421598834,0.0013272781298586112,-0.039435138588687524,-1.1102230246251565e-16,-0.03889190044899493,-0.01632006641096534,-0.02586806997071367,-0.07898787593877576,-0.06628421130435747,-0.025890049368159807,-0.022903943666126192,-0.07022928987630467,-0.043353995133108614,-0.03171153457375492,-0.02741884386538429,-0.01586618476236351,-0.015556319508718275,-0.028381571668791128,-0.01832462415836883,-0.021317988645261243,-0.02007588343596889,-0.024371237811056323,0.0001308616888878733,-0.0294271233922912,-0.018509910132103236,-0.03432059440908464,-0.03714810101572669,0.006618671419526767,0.0006835584059575739,0.0,-0.08023185003786837,-0.034634508914402895,0.0006257236598615212,0.0,0.0,-0.03616412589008283,0.0012565379275873978,0.0013723294299591293,0.0003058105327534699,-5.551115123125783e-17,0.0,0.026874308609018183,-0.05379884261424517,1.2437881520388494e-05,-0.05253957596268383,-0.04700051153534218,-8.620247108231949e-05,0.004343152888847013,0.0,-0.12872417131873315,-0.0488485019010359,-0.01786979382089665,-0.1344034281585073,3.6114916682372655e-05,-0.06506964844635754,-0.03591268517024715,-0.13220246269731212,-0.05410533599887524,-0.04965607308558584,-0.060984175998374024,-0.03805614256230755
-0.05115719865064944,-0.02802594529294583,-0.0007940484384167945,0.0004992253768248411,-0.04293409353246774,-0.04540837081831883,-0.04372000196024184,-0.06125083366536249,0.0029882490173509524,-0.018855279267390612,8.12548688852166e-05,0.0018117401316678494,-0.05209005789512261,-0.0006034458303665335,-0.037098363421598834,0.0,-0.029217286099985307,-0.04234787331299278,-0.0001757869139253354,-0.012870703647622883,-0.051115343565830196,0.0010685641527709566,-0.049042448362604796,-0.05448111161402863,-0.026526127880771078,-0.04332264262071256,-0.028997680775521006,-0.04868269781614831,-0.03169198592748229,0.005313686633726666,-0.02536824280714345,-0.016649697332850155,-0.033920997743810966,-0.019206392764166857,-0.033311337216490766,-0.0005703915122831638,-0.0007011506994172856,0.0015138199643793815,-0.03192987318693752,-0.03783892730752891,-0.033965704029336075,-0.03904879733999339,-1.6218048511873473e-05,0.0,0.0,-0.048924047647294244,-0.04102614425203238,0.0,0.0,0.0,-0.045464203770354095,0.0005921974142781283,0.0011897763118723925,0.0,-0.03028389263628012,0.0,-0.003433014607330198,0.0021948128922608667,0.0,-0.04121619568861268,-0.03246516149638218,-0.0374707693467235,-0.027743425917285125,0.0,-0.033583297974915216,-0.04898797736926069,-0.04327162187622141,-0.060654213838380766,0.0005355749280377409,-0.035614614273777156,-0.05403673087296712,-0.05606325475024293,0.0050082727127949145,-0.046977363263360605,-1.1102230246251565e-16,-0.029030348613051538
0.007775167472068301,-0.05958715075716747,-0.0015000432506272476,-0.0006983612757862079,0.0009646002408946197,0.002732862829406435,-0.0006124723438235002,0.00011008127046835403,-0.0016962864216564233,-0.02350142559175561,-6.156079334712627e-05,-0.019726983826315603,-0.048566733496682946,0.00010195420435926694,0.0013272781298586112,-0.029217286099985307,0.0,-0.054550667569008615,-0.0018058164330718718,-0.04347914672555653,-0.00297630360956902,-0.0261064589044121,-0.00023322826395061336,-0.03700619047246556,-0.02423148682157572,-0.03882400792594526,0.0008176541338950072,-0.22392156476461825,-0.0009259769500923887,0.0006362524643042655,-0.07102716298553047,-0.035958535977144934,-0.0405997751034069,-0.0481057522563626,-0.040493707895763564,0.001412217976264063,-0.0003060684600715846,-0.028167630354887563,-0.012349059897647396,-0.01642124246622212,-0.049187534333719474,0.0011913839179948371,-5.551115123125783e-17,0.0,-0.0002634867269568075,0.0022919273426014186,0.0009655098720429134,0.0,0.0,0.0,0.0,0.0,0.0,0.0,-0.03864893155612237,0.0,-0.044254331602910146,-0.00039203465146464556,0.0,0.00045836323561454506,0.0030679671228249217,-0.03795672580664483,-0.023550361087995852,0.0,1.1102230246251565e-16,0.0,-0.00031191753920190024,0.0,-0.0691492380363028,-0.027841108330456554,-0.05211108517459462,0.0,-0.002304478668216592,-9.77391789616644e-05,0.0,-0.03743093054564878
-0.0510142511056097,-0.02689776714644948,-0.0005304706781880664,3.714203449112219e-05,-0.0018828988661802049,-0.05276843774172718,-0.0493641153912735,-0.06618247261992899,0.0029252222942564576,-0.010805250218205886,-0.0008294177085846899,-0.004730298349652551,-0.05436324154322342,7.699854916232152e-05,-0.039435138588687524,-0.04234787331299278,-0.054550667569008615,0.0,-0.0008102728514500224,-0.03044803826496345,-0.05883196597704393,-0.02361504036508333,-0.05875229926595277,-0.04023172243705608,-0.030333991883042644,-0.045342956395670486,-0.03599596268373634,-0.038732184778630774,-0.045148513836463955,0.0002832498479432566,-0.04680393747221706,-0.03279213573847445,-0.03161389321698305,-0.03021233107281951,-0.027502400047758058,-0.0031411708036865327,-0.0005604412689809157,-0.01245554139376076,-0.017223865446574338,-0.020364117054840647,-0.02040014986402683,-0.02198773030288148,0.0,0.0,-0.05758632139302189,-0.05001501395916519,-0.040144992377668165,0.0,0.0,0.0,-0.0005774798393119451,-0.00016995470416525382,-0.0005250468988114432,0.0,-0.016820715170623057,0.0,-0.028049856700607112,-0.0006310562447450763,0.0,0.00019342139929334756,-0.029631760051227918,-0.022039918977094897,-0.020061708185852234,0.0,-0.036980352560180285,0.004158210488421077,-0.0331405249918294,0.002598758549869906,-0.047547945432288685,-0.024148253232788075,-0.037638521569440864,0.001086256377580419,0.0022099277167560993,-0.03815134184853425,0.0,-0.02460349232833503
0.0,0.0013702880958497143,-0.05641335705938627,-0.010343785317378007,-0.02383971229929216,-0.04720034624582142,-0.01317372468971545,-0.015909155118989993,-0.07056017694907663,-0.029149971096147476,-0.04096975800258107,-0.01169481104782194,-0.021556522906725717,-0.042443061036193275,-1.1102230246251565e-16,-0.0001757869139253354,-0.0018058164330718718,-0.0008102728514500224,0.0,0.0004691096976313647,-0.00043579753879169347,0.0010161056301801197,-0.060360520035254495,-0.0002455559154808662,-0.0007401785766664171,-0.0007654950848642317,-0.06752976947727835,-0.03196260133899648,0.0012536068838730485,0.001448351037932838,-0.02600606964268465,-0.0408284302100162,0.0011640631811889457,-0.025433512070592135,0.00666544036464356,-0.017352588737384878,-0.02470186820989495,-0.018464251591643055,0.01602805837360327,2.8925580552174868e-05,0.03742154522133778,-0.0037122951065692855,-0.013080486634501343,-0.002122926288138094,-0.0001597909533179731,0.0,0.0,0.004879684724185207,-5.551115123125783e-17,0.000746072646628182,-0.025601341847995562,-0.024610717125830073,-0.021150260921507402,-0.05502805224234014,-7.72418870649827e-05,-0.06326991645642005,-0.04346068940669173,-0.0250117384506105,-0.002946834990626812,2.220446049250313e-16,0.0,0.0,0.0,-0.007482591261161353,-8.413449549765639e-05,0.0,8.709417724767077e-05,-0.010938533462307887,0.0,0.0,-5.551115123125783e-17,-0.03952983866278115,-0.01634520977076337,-0.0011709188195405118,-0.00029005857451391837,0.001310695603594425
-0.029705057843665894,-0.02089428810938765,-0.0005386260694300593,-0.02368831503680152,-0.039497075411217886,-0.03693027386219877,-0.03938440734679699,-0.03988318357940246,-0.04491177117667189,0.05911749713560499,-4.641591455734062e-05,0.004525219363974098,-0.04269814084033752,-0.0002188659807239035,-0.03889190044899493,-0.012870703647622883,-0.04347914672555653,-0.03044803826496345,0.0004691096976313647,0.0,-0.001789653214356035,0.0021223757018357103,-0.04775496716163097,0.003041149405023258,-0.015164672402499024,-0.023755471080030455,-0.033364376573579324,-0.01847824511346241,-0.0037083558420371032,-0.020789149619346803,0.004280142672323017,-0.014279895184676483,-0.017318737525439276,-0.010839907466748122,-0.01936777889136876,-0.01598352503525019,-0.013182144205560964,0.0043664416664052075,-0.0032655022544142986,-0.009503065544825384,-0.011457790090908082,-0.01453946764478159,0.012126986642692017,0.04693336824166888,-0.000529597303272511,-0.0025372383991364433,-0.022626950592251893,-0.001468619208691846,0.0,0.0,-0.029410883340178162,0.0031505580888009366,0.006728385221794975,-0.001248791602600996,0.0005688858349058301,1.1102230246251565e-16,0.0037351937175125194,-0.017967820424252934,-1.1102230246251565e-16,-0.014395127680505826,-0.02795134060597898,2.5799415033556095e-05,-0.05185692772772449,0.0,-0.0208525662490886,-0.0076965770868103744,-0.015750372581014527,-0.021013513144925333,0.0,-0.03300357420996697,-0.02642588748492669,-0.024818244464097194,-0.027177339641134612,-0.00769121414984314,-0.02276797132463204,-0.010654653217871513
-0.05485756456280527,-0.020841517087477335,-0.005586617159525353,0.0009630832361712804,-0.003103499649973529,-0.04685654546600215,-0.02156288534530293,-0.023729292964292714,-0.022047925915025246,-0.1426571880637456,-0.00019808711873231521,-0.09726561574968223,-0.02459088317997271,-0.007337704653827992,-0.01632006641096534,-0.051115343565830196,-0.00297630360956902,-0.05883196597704393,-0.00043579753879169347,-0.001789653214356035,0.0,-1.2836536867066872e-05,-0.03355385514262349,-0.060872233532199505,-0.0665883162095886,-0.05655596614548958,-0.03185901711603334,-0.025684875046800948,-0.016388013032289817,-0.012685234449299254,-0.0026570741079043336,-0.002773560862761315,-0.04743130783480748,-0.01683142305514751,-0.017329740614038247,9.580367905448472e-05,-0.001281027325370332,-0.001018522462080118,-0.008572695804386576,-0.057611166643868617,-0.014069273041979469,-0.014871055518567766,0.0016553677271149425,0.0,0.0,0.046218066002910285,-0.028497730403700905,0.001262820237368123,0.0,0.0,-0.05073770392194249,-0.0007698979229989189,-0.02563419457134547,-0.0020616619860455154,-0.00031709348684449967,0.0,0.0013015090833238263,-0.04629722122799279,5.551115123125783e-17,-0.01241690092303871,-0.040937725841216244,0.0,-0.04940331211853871,0.0,-0.0350173602605926,0.005600768310464188,-0.018665346714898223,-0.05130401588167588,0.0013498457296297062,-0.05298681601316768,-0.03980894098660698,-0.043504415011946906,-0.044966419708478755,-0.03008900951305349,-0.05229971940135447,-0.025456148869624273
-0.039529307164228755,-0.020426014198862474,0.004561354583191457,-0.02219085393495185,-0.045217272512798556,-0.039257909227719046,-0.04419210415169905,-0.044984307306631055,-0.03798296278782992,-0.052159693020587816,-0.00021195109038912863,-0.058184874700269396,-0.0497814175875938,-0.0005164160096151615,-0.02586806997071367,0.0010685641527709566,-0.0261064589044121,-0.02361504036508333,0.0010161056301801197,0.0021223757018357103,-1.2836536867066872e-05,0.0,-0.02467146223520089,0.006880182520302647,-0.021966461807437443,-0.015647444911146446,-0.017699167665551796,-0.029304359073356157,-0.023280835372487263,-0.009654667158727592,-0.01247746907400199,-0.01461698548786694,-0.006277137220650264,-0.02239913043958075,-0.022679038812781493,-0.019646815646987226,-0.01432331630061251,0.0035708618454151075,-0.01286378844623759,-0.024297885804210884,-0.017539359271235677,-0.017205505037572844,0.011622093072066242,-0.0001793928802218403,-0.0003564638423304567,-0.036450950268278215,-0.025653737122327214,0.0009430913921707473,-6.83943855889213e-06,-0.00014850073204186742,-0.034314328109590175,-0.02901775633863274,-0.04639634604400861,0.00210351056635133,-0.0014824733562682768,0.0,0.022509170981616367,-0.03334944177799881,0.0,-0.01993977034090566,-0.030402102692815014,-0.0004894490310492494,-0.030604525229974255,0.0,-0.0280377095908918,-0.0214209561932433,-0.01550506405450841,-0.03283188449185104,0.001093358498645669,-0.035537153960086165,-0.03567344924451893,-0.03448870145597843,-0.02592564064503644,-0.0328605854359007,-0.06686186244964293,-0.007101014941790995
-0.06351162588840831,-0.034116058221795365,-0.03823138996778891,-0.02642693691479009,-0.04150332256583755,-0.036568945531115116,-0.030205008355094543,-0.023678360475153704,-0.05972371667319032,-0.03597037192545044,-0.05403522824693868,-0.05795492351127152,-0.03747082653699324,-0.04963864831293302,-0.07898787593877576,-0.049042448362604796,-0.00023322826395061336,-0.05875229926595277,-0.060360520035254495,-0.04775496716163097,-0.03355385514262349,-0.02467146223520089,0.0,-0.06430960918150597,-0.04946186175467071,-0.04827048229681641,-0.05527224745361098,-0.04181198552203891,-0.04046001724813325,-0.030379357514121186,-0.028018086061827374,-0.028048285211116963,-0.026677959681452812,-0.034134387172288894,-0.025199293426994118,-0.027998588790728085,-0.021173330707705218,-0.022610780444278722,-0.01333558244398464,0.0019705373823299954,-0.05535558348728825,-0.015949618894364914,0.0068080147790673395,-0.024662252990806655,-0.0008496545731229155,-0.00013407445901214565,-0.04702099748214861,-0.00191489204566897,0.0007545718586399741,0.009957924877419977,-0.008905121492302104,0.00787105826345702,-0.0034346989431879305,-0.017324317005300127,-0.012638816983504497,0.030581568478121435,-0.033573355963158136,0.001762009701579581,-0.014454317212196477,-0.024852661811685772,-0.04594813218696259,-6.275993031906735e-05,0.0011105281594877003,0.018911921540387455,-0.03420009619723069,-0.018919214840930842,-0.022469917278699847,-0.008809026720061452,-0.0007969253143046973,-0.047082358775162425,-0.04580149612478235,-0.02929460035532072,-0.015783962888210712,-0.01880657238292832,-0.033468552638259985,-0.01500021907545418
-0.06581340477017344,-0.03649884222499472,-0.0009192365074253139,-0.0034277094419255527,0.002066564455450559,-0.016068028685545133,-0.0009140995058335988,-0.05432192003136538,0.0008456655505068578,-0.022155744286716295,-0.017624773160922758,-0.018168253063921724,-0.016841615755485095,-0.0002282189177122973,-0.06628421130435747,-0.05448111161402863,-0.03700619047246556,-0.04023172243705608,-0.0002455559154808662,0.003041149405023258,-0.060872233532199505,0.006880182520302647,-0.06430960918150597,0.0,-0.06507552127740401,-0.04840461189219242,-0.03700496038312967,-0.008646035592985213,-0.015638060814853638,0.0004834068964283955,-0.049788849691757286,0.023607987580395895,-0.02210960109778548,-0.016325653696756925,0.013771333828346888,0.02903230704411952,0.00027222419031625034,-0.020752359413261645,-0.0024520437723785093,0.009468110780671057,0.001118893966903789,0.009872923814063295,0.0014310787193163588,-0.0005499893059735528,0.029804288137555424,-0.0816793608234177,0.0001293329467727533,0.0,-5.551115123125783e-17,0.00024789022700161256,0.00045703513522227235,8.46212790850398e-05,-1.6653345369377348e-16,-0.0008149252566163612,-0.035708603795180816,-0.00024094795474344233,-0.043297932895314806,0.0003276218369657746,0.0,0.0008450943116177223,-0.041729546222940284,-0.06386534193686777,-0.037864333470729705,-3.0208542854237574e-05,0.0007914022775721841,0.001423087544469459,-0.00046640599134001315,0.0008521677850500398,-0.06776273934192023,-0.04268518738808019,-0.06589297026947827,0.0013617221700771287,0.004062743669786428,-0.0008979123674580092,0.0,-0.045774027479741186
-0.057356510645640846,-0.035818616696672634,0.0015586704834062992,0.00043941825248727806,-0.05004637866273637,-0.03389791138744136,-0.047940535185591826,-0.0806656686482613,-0.03718855969345164,-0.029472405946758595,0.0005290025371233464,-0.03809520711516301,-0.06248029285024376,9.587039468483827e-05,-0.025890049368159807,-0.026526127880771078,-0.02423148682157572,-0.030333991883042644,-0.0007401785766664171,-0.015164672402499024,-0.0665883162095886,-0.021966461807437443,-0.04946186175467071,-0.06507552127740401,0.0,-0.03339350053020024,-0.02082066409935135,-0.04244044746314851,-0.04020438378021901,9.261641025198886e-05,-0.05589053891557816,-0.025238516174537318,-0.044968664431041805,-0.036720736000533605,-0.028960482927243625,0.002465144414929288,0.00028996415328319536,-0.014706140176066806,-0.030185608118657337,-0.028670793322244592,-0.028391145141422214,-0.03241550408977828,-0.0010951992528394627,-5.551115123125783e-17,0.004178912769194465,-0.05491143622150407,-0.03404048899944356,5.551115123125783e-17,0.0,2.220446049250313e-16,-0.04589431679074513,0.00076076852254231,0.0016079650902136589,0.00030879561608893047,-0.036914258038480474,-4.1044248899224645e-05,-0.04576437242803172,-0.04218551186736841,0.0,-0.04314894971441913,-0.03466151770224224,-0.03991145816311692,-0.030291759032629206,0.0,-0.03652032240656644,-0.0450201791599647,-0.03184848886004188,-0.0461406925682919,-0.0802339953213917,-0.037597613017546494,-0.04916020445690661,-0.046843830555516996,-0.025502679724579813,-0.0429036679800473,0.0,-0.03286136529489253
-0.06813479367781355,-0.017817931543133714,0.0003848169971169546,0.0026714763122821505,-0.034908264697198266,-0.02694243748808728,-0.026167541907643532,-0.06701724874551629,-0.02673842992550962,-0.04599086919878237,0.0016926506967784305,-0.05242410907781747,-0.03162843198002607,-0.003756684774736563,-0.022903943666126192,-0.04332264262071256,-0.03882400792594526,-0.045342956395670486,-0.0007654950848642317,-0.023755471080030455,-0.05655596614548958,-0.015647444911146446,-0.04827048229681641,-0.04840461189219242,-0.03339350053020024,0.0,-0.021335321988345368,-0.021742949341479967,-0.016340403265441727,0.0005932130442337646,-0.057079611263543606,-0.023299479027607484,-0.034692131755251654,-0.030953626067061424,-0.025812882320284447,-0.031169743013680917,0.0009264829995036528,-0.04242538882155622,-0.048418821352259445,-0.05550350368141349,-0.039863179398401616,-0.049098947829370854,-0.002390632167308393,8.01677809688095e-05,0.0059713219283953345,-0.07149268535711883,-0.045548510436086764,0.002415009943415536,0.0,-3.282144377880769e-05,-0.04415546496522288,0.0002717100796564842,-0.0005309046427453556,-5.4371449282442086e-05,-0.05332980488099848,0.0,-0.05168116065684092,-0.03979380607760624,0.0,-0.029566434683026555,-0.0435657643248879,-0.05519107712951121,-0.049002017656221475,0.0,-0.042678668897254024,-0.02104173505410406,-0.03628918602665815,-0.058590893425845725,-0.09472028486064243,-0.057014793835807265,-0.05100553679837888,-0.05352214935174093,0.005035515421973724,-0.04739406712823202,-0.00015485813737697862,-0.049419283927609914
