0.0,-0.020118415504120746,-0.0008226476994954157,0.0,0.00030390509095984397,-0.024206367455636868,0.013872061487968546,-0.035511732265573914,-0.0009228606794290384,-0.023031123281064214,-0.0020785273428918782,-0.01555715728921414,-0.004017354781204185,-0.013583734688201121,0.014724630428235241,-0.01083664273666568,0.009488293092519695,0.002995742150784242,0.0,-0.027480058128883877,-0.004505309414369607,-0.010809753919590104,-0.04415582366925547,-0.01580885328313708,0.0014773777827271628,-0.008617687116500128,-0.03473111974138032,-0.02034509137973478,-0.025564664589920627,-0.0015239173192250766,-0.016556692652663352,-0.014402399469288785,-0.010108150325394749,-0.026512234075248498,-0.026258306831220546,0.00373485731205192,0.0007256846545548035,0.07446211746177073,-0.006409425246259259,-0.023051240768503234,-0.012788445636020218,-0.01950178373521133,4.194463210110966e-05,0.0,0.0013947235828531412,-0.006998387459041522,-0.034960801203132164,0.0,0.0,0.0,-0.0010973110744412207,1.1102230246251565e-16,0.0015157575036471305,0.0,-0.038401320613547785,0.0,0.004316901572956833,0.0011826849394308558,0.0,0.00015558397605186514,0.0026402967619459927,-0.013561690454212683,-0.024402746702169298,0.0,9.08777131209404e-05,-0.01952865292443956,0.004302564859961722,-0.007619604379896838,0.005119829295696876,-0.03863522295256072,-0.02793357411662295,0.0022567264960619005,-0.00034616142366850067,0.004255246773615495,0.0,-0.004818666801605309
-0.020118415504120746,0.0,0.008403942119080299,-0.00021469432805898414,0.012450863075299412,-0.0020181865881683247,0.021452755822300273,-0.0036349462236413,0.012519492760294737,-0.001080679029216658,4.188888606970753e-05,-0.02081189914438597,0.007925886501029045,-0.0011061071144500279,0.002218348687084981,0.001086761734791608,0.01311748038523719,0.002855637049900106,0.001384556051140351,-0.0005609700560788577,0.022497259493881705,0.00035989076735370995,-0.01232288653237662,-0.003511191579738948,-0.01259550694344963,-0.025014069070116607,-0.003093558319215539,0.00843833708718894,-0.00422720137589172,0.030607236600957377,0.0072271806383861215,0.00921758119305266,0.0006416110798520558,-0.003726171829293412,0.00927016412032533,-0.000977376506495431,-0.0002999735220830524,0.0,-0.002220042003143019,-0.0012479954022433515,0.0005739237844157308,0.005087957045435021,-0.0001984127671731395,0.0,2.220446049250313e-16,-0.024624537399331792,-0.02337437176790036,7.493964539073694e-05,0.0,0.0,-0.0052089809652624,0.0009460868574778236,-0.0003168620644607434,0.0006966640806255198,0.0025663616873562445,0.0,0.0006451121008917982,0.009156290932986644,0.0,0.010340440338688972,0.009665796269401228,0.004019089147871413,0.0009160255371314374,0.0,-0.005401736572416216,0.02322369143804137,0.006969781987472501,-0.009185070263786455,-0.0008682110974955193,-0.021091769434597063,-0.022272227536330513,-0.006637991318484748,0.011504503781482045,-0.0017941742288370421,-1.1102230246251565e-16,0.009284968241284497
-0.0008226476994954157,0.008403942119080299,0.0,-0.0006204028835454234,0.0050672512107333145,0.008770096608875622,-0.00046870634954637724,0.005266769089435019,-0.04330293192894907,-0.0008851327185032676,0.006650040652871947,-0.023363929248253756,-0.01554111462010882,-0.007091254323889407,0.000504709584504659,-0.0008724768187058363,-0.0016803880465642296,-0.0003513125619512558,-0.020753856819608563,-0.0004823313413315211,-0.03284325464748661,0.02726517695614178,0.03217938979284851,-0.0008331116244230108,0.010265380404194335,-0.02310065936135053,-0.04832240626356599,-0.015774727335457983,-0.005597267457145116,-0.02145748082012422,-0.02753797673135966,-0.004416670863661043,0.0014818086486405035,-0.030495727117247795,-0.02467870426549884,0.02166609612257142,-0.008625489024257527,-0.0020625083985290615,-0.000480333912893427,-8.590443554834515e-07,-0.016752979578597116,-0.002004539057417265,0.0036031768301366673,0.003479739886906419,0.0,0.0,-0.00026380304939088717,0.1176790691893213,9.420876485921603e-06,-0.0009530604270800991,-0.009392811506333643,-0.004705521091853404,-0.003918766784859806,0.008776098652262476,-0.000236009531061121,0.09693089396392773,-0.0013129538270274521,-0.0014437833402755063,0.015473531126061979,-0.0004348793801843831,0.0,0.0,0.0,0.17413844109641358,-0.0004930532587829606,-0.0012693110038887734,-0.0005330168190887941,-0.00020218922106807202,0.0,0.0001070554512690447,-0.0008276391880039924,-0.0012984456847721093,-0.013582032997861315,0.0021903072695131365,-0.00014730457982548018,-0.026264095759716666
0.0,-0.00021469432805898414,-0.0006204028835454234,0.0,-0.019651424582959764,-0.022404778826257743,-0.01157984156628905,0.025873132139851207,-0.03296488122600527,-0.009742187593451718,-0.031590910938305794,-0.027206704566265283,0.0038612340773390708,0.006331309274576313,0.0017059231480068826,0.000581190589544478,-0.0008199416285038508,4.289974181820311e-05,-0.02515241269185814,0.0011872555474530255,0.0010643051371592716,0.00017240060863910056,-0.00927374406552317,-0.0036661413684279665,0.0004192437108089253,0.0028003130893402006,-0.03468864326058141,0.006971457159832661,-0.0009940583754874388,-0.0017061493929718674,-0.05404344922727322,-0.0017411310921140455,-0.016678830833333824,-0.040285215385658435,-0.06829230768836334,0.008922923524953247,0.007022297824454071,-0.016767849190125417,-0.000858105369422324,-0.0012261502229710675,-0.0006819125456488662,-0.0022493378947353038,0.11603145028060496,-0.001590001589985346,0.0,0.0,0.0,-0.0011083406470011603,0.0,0.0,0.0007118275798177476,2.220446049250313e-16,-9.818177166737163e-05,8.170759240611059e-05,5.551115123125783e-17,0.001508882584979332,-0.0015785550289000305,-0.000458948835118822,0.0,0.0,0.0,0.0,0.0,0.0,0.0,0.0,-8.656679280216739e-05,-0.0011277451670284044,0.0,0.0,0.0,0.0004923448320396928,0.001999551266617605,-0.00015175716021459396,0.0,0.0
0.00030390509095984397,0.012450863075299412,0.0050672512107333145,-0.019651424582959764,0.0,0.001116025902461515,0.007279597145503691,0.041370434957157254,-0.0024551913259890923,0.01363559860192648,-0.0017977867159764127,-0.006888566397572848,-0.008535043320692104,-0.00535465708863786,-0.0006902961980390088,0.003991451397260926,-0.015104089947899635,0.003320551275990402,-0.0007715806986549056,-0.00064484585777419,-0.020291487645795914,0.004648876717535,0.009865827754130363,0.0053270904716067324,0.014765265501848424,0.00225910595943124,0.0075065620501691965,-0.014760781057892691,-0.002403456835319895,-0.00046814322569538325,-0.019592079424719244,-2.9288558943685317e-06,-0.008721300191022852,-0.009934688483307919,-0.002509484030096487,9.932372952370372e-05,-0.016926332187559096,-0.022503287002283934,0.01747584446323025,0.000754542405576486,0.022354147979964933,-0.00025609938104942387,0.0019031414218168563,0.0030090966069406533,-0.0007660812020788832,1.1102230246251565e-16,-0.00031179845648460214,0.002061711430822233,0.0,-0.0025166945894274373,0.0038775686118225905,-0.0029784677272309823,-0.0041184613465714,-0.0004553808074305721,5.551115123125783e-17,0.02392979380721505,-0.0016427346579722113,-0.0028430647218004035,0.02130246273117664,-0.00021795484789510766,-2.3359718605397983e-05,0.0,-5.551115123125783e-17,0.0089634603076017,-0.0007955699159665208,0.00020911602050149858,0.00048295672909759446,-0.006581445789498153,0.0,-2.754199923060696e-05,0.0004595362961711813,0.005107038533505692,-0.008800476431600812,-0.012388875464050597,1.1102230246251565e-16,-0.013949330897751133
-0.024206367455636868,-0.0020181865881683247,0.008770096608875622,-0.022404778826257743,0.001116025902461515,0.0,0.009822967613046296,0.000996508020506326,-0.01813709470854208,-0.02573247418031599,-0.008807449798666267,-0.04419358506238863,0.002870583559057449,-0.018408383410484952,-0.022541029426687176,-0.017865927416212846,0.0031210788398703393,-0.004818624114726,-0.00894868193666587,-0.009578960067327058,-0.0228191903369665,-0.0062149342263642104,-0.024412490305314838,-0.03924107892178885,0.004523375971011934,-0.004889608664160772,-0.02747881594124607,-0.021516190714330308,-0.017694486155728495,-0.022230848397834124,-0.013549268819899096,-0.001103980152275863,-0.010454606104607411,-0.020250451100429556,-0.008995292765038965,-0.0043293059772092635,-0.010439046951647435,-0.02588769844268729,-0.008935869272501895,0.0021533897381644795,-0.03484043555557986,-0.011683829753791342,-0.0009647647484874455,-0.0017693501148057789,-0.0017308540818049556,-0.016104576639705104,-0.020183194701802964,0.002325389082401319,-0.0005577239633717257,-0.012335164102626917,-0.021531686953709828,-0.021943540534075934,-0.024469367785982854,-0.012012956357402405,0.001250529206741069,0.008508263911873981,-0.0006111304063944889,-0.024841841044398072,0.012857726117929291,-0.023326004160971747,0.007481750701869627,0.0,0.0037744233475039413,-0.0007324192231147331,-0.03648547530107238,-0.03061736254683045,-0.011236815449055193,-0.029274213139672933,-4.221753239935788e-05,-0.01602084159215922,-0.026758090198253648,-0.019441641170706736,-0.016517873632471702,-0.020498963000419868,-0.029384744109728245,-0.024978302906693672
0.013872061487968546,0.021452755822300273,-0.00046870634954637724,-0.01157984156628905,0.007279597145503691,0.009822967613046296,0.0,0.014244915597709018,0.0060094703663392535,0.02777021474307445,0.0008479090726375427,-0.01590820443470392,-0.01289660377318852,-0.0054845606334507635,0.001246095455070484,0.020508635679826914,-0.01589143592143255,0.011686604537461787,-0.007208631386234787,0.0089927641091605,0.01894807722606351,0.005354606203466561,-0.00811393663201948,0.009873525882499179,0.02295962484241454,-8.166752979443803e-05,0.003868674180107723,-0.008180771758299066,0.003063954512124545,0.0022456440464393435,-0.010904581273329161,-0.014566788049220847,-0.02968817237095628,-0.010317656870394099,-0.015312895133912319,-0.010951379312820642,-0.004360563273051676,-0.015562180647939017,0.0076858310464735236,-0.0008204468954601807,0.02810191263498646,-0.0032712171862942507,0.009753698880679396,0.0011533819886255792,-0.0008148221693149993,0.0,-0.008309290241265144,-0.00021489148411979464,0.0,-0.0039035986277446977,-0.015312378053621678,-0.012891565129310056,-0.003763973514866903,0.004095644678920873,0.0004614358663490581,0.006851994278603002,-0.00039392743542832065,-0.013222856420783802,0.030755133708610383,-0.00153600596205139,0.0012684258247352975,0.0,-4.39889133502791e-05,0.004734023874850224,0.0009570682520096407,-0.0004689406587471412,0.026305663433552506,-0.015986531289717942,-0.00013234470568485035,0.00044946552258862127,-0.007448008244827109,-0.00229204934420002,-0.010641035158045375,-0.003557500043919637,0.0018077214255091123,-0.02064898015022132
-0.035511732265573914,-0.0036349462236413,0.005266769089435019,0.025873132139851207,0.041370434957157254,0.000996508020506326,0.014244915597709018,0.0,0.006871309759362398,-0.0053454029194960895,0.0018101368800158002,-0.0209466136118443,-0.006581839826535429,0.04095280133084406,-0.04237245089872188,-0.011224822048487237,0.00017105751845741812,-0.005344003725036017,0.017173736708841647,-0.02167142787427212,-0.03065113845275147,-0.005137062412309323,-0.014678845299561538,-0.018734214627697865,-0.0017600177969693265,-0.024332894138832273,-0.03479676483457478,-0.01598288813317794,0.001962079021162244,-0.023535859022700778,-0.03337779813337993,-0.004869021656959682,0.03061588411156252,-0.025638041794479094,-0.007198902792525663,0.04984264381825931,0.022111355534126964,-0.06491009011345561,0.0001324627377400911,-0.0009329916757057077,-0.02825426664163272,-0.034689946709425934,0.036535425584718395,-0.0015195646891653092,0.0,0.0007351142964560631,0.0018064018578275998,-0.01964571298458584,0.0,-0.018601277704730357,-0.008759583321402586,-0.01792625288394961,0.028882672990154623,-0.01459862272992618,0.0004937304209859383,0.011054312730447546,0.00024253520845390897,-0.015177387675241016,0.020686151852449153,-0.0008166406131497883,0.0002912729465897046,0.0,6.0046229189592015e-05,-0.013598042259295062,-0.03844724599315413,-0.006126077450820722,-0.00039219264577644575,-0.010083966540635925,-5.551115123125783e-17,-0.0005022739119354136,-0.06700559149476965,-0.013106829079106652,-0.00942483997239113,-0.01804805441935947,-0.0008059999848358257,-0.01856599974893358
-0.0009228606794290384,0.012519492760294737,-0.04330293192894907,-0.03296488122600527,-0.0024551913259890923,-0.01813709470854208,0.0060094703663392535,0.006871309759362398,0.0,-0.007964397502207232,-0.016405535227120238,-0.03069588416799962,0.0023416271414372636,-0.0020877750441226084,-0.00334488618526263,0.003608280767758709,-0.0016226506570973798,0.00329764575234498,-0.023650192360823996,0.006993942924373164,-0.016019968119671824,0.0037356825631129076,0.002816577973507317,-0.01640428206496275,0.018902279352240536,-0.0038480451362110646,-0.02392729015831152,-0.019567673338091396,-0.0015240850366953218,0.0010011928687740923,-0.03352416692834281,-0.012451825899602531,0.0033605188151663024,-0.031132510654789614,-0.01810459945215831,0.001223397590456754,-0.02063162639773375,-0.027062509436284354,-0.0008810024853392884,0.00031583215722685853,0.009129167248130676,-0.007750008075115555,0.007699427050598173,-0.0039445362717434596,-0.0018417737474683005,-5.551115123125783e-17,0.000815527933486937,-0.006212602200583395,-4.525833237289945e-06,-0.006027500967199728,-0.0038522907412997798,-0.0072760134684521915,0.007907889678583357,-0.008711371396864842,-0.002711427453694737,0.014790280348800144,-0.0015004773221888867,-0.017050817336418778,0.00516876269269817,0.0009402617391425783,0.001076572077406579,0.0,0.0,0.0018619568279248933,0.0006582039219644176,5.55779119363331e-05,0.0007556671816783544,-0.010022642020667272,-0.00010831080377488034,0.00022351869109976663,0.00015566190571569827,0.0019918934302677327,-0.013731550082206334,-0.000271771286312783,-0.00024221987329609007,-0.01644874039696176
-0.023031123281064214,-0.001080679029216658,-0.0008851327185032676,-0.009742187593451718,0.01363559860192648,-0.02573247418031599,0.02777021474307445,-0.0053454029194960895,-0.007964397502207232,0.0,-0.013111386245513168,0.0014308974231233007,0.014975214592441555,-0.0005576953121313455,0.00018439883860377204,0.0006263152597383859,-0.005645784473845894,-0.003907692220932402,-0.012717281678349901,0.04558174362188827,0.00475278850055727,0.035606617252347705,-0.032218573168367015,0.002743496405984258,-0.019681197065729128,-0.035075842685321046,-0.013739177762741639,0.032433975856814456,-0.0017107138955852474,0.0012468521587538084,0.011069441782421086,-0.0397944942226332,-0.003909673294918148,-0.006805875156436769,0.007565296587067505,0.05276422881998627,0.013529213897604364,0.0016332125008806098,0.062398942338572516,-0.011884222236643927,-0.006227449135965346,0.04534364767247678,-0.013621597555414033,-0.0030726122314371773,-0.011079095259015681,-0.004358885166899584,-0.005007027214827542,-0.001077882303565314,-2.5698308090515987e-05,0.00045943032403411577,0.002781039758097681,0.0015190304707253244,2.9807583997953913e-05,-0.0014662308448705752,-0.0156748864152782,-0.001016144122122753,-0.023298323158954803,0.005950739093716961,0.0,0.0006674540645572047,0.0035410488188715727,0.008306633459835344,0.009291128950336514,8.44716853587446e-06,-0.0001372451433042654,0.0010854748804127734,-0.0010316950605966935,-0.0011480510354747175,-0.007032773349020471,0.01448370596598525,-0.005850418452774397,-0.0007993075179724141,0.007133333923385443,-0.0006929244349487829,-5.551115123125783e-17,-0.009019565002746255
-0.0020785273428918782,4.188888606970753e-05,0.006650040652871947,-0.031590910938305794,-0.0017977867159764127,-0.008807449798666267,0.0008479090726375427,0.0018101368800158002,-0.016405535227120238,-0.013111386245513168,0.0,-0.0315232392998378,-0.017331941231537695,-0.020821043098949,0.0,7.642373716904016e-05,-0.02764313430154558,-0.03079731599892166,0.0026391126007722088,-4.579736440435411e-05,-0.00020557160895129378,-0.00026548372718121493,-0.009602294822099178,-0.015891208145209224,-0.014666130760522922,-0.011587129323930079,-0.013849697435548425,-0.014720110252294138,0.0017687973412820468,0.00035015024428897146,-0.02896541955196269,0.006956770270281798,-0.005037432897573968,-0.02591714614156493,-0.013333227265122927,0.0018443214889607984,-0.004900131177061229,-0.03254902361935841,-0.030953471712915515,0.001462303196218262,-0.0011767303972852194,-0.002084841818417338,0.008420729054746778,0.00044386210563213124,-0.0007841222125826719,0.0,1.1102230246251565e-16,0.03028224907240129,-8.763723955418357e-07,0.00037239130340488424,-0.011956469988366691,0.011128742333094521,-0.031888714250967676,-0.007698160257187614,-0.0015350839479786327,0.06891664406201409,-0.0031707550729303535,-0.0003570130988754805,0.011461094954391682,5.551115123125783e-17,0.0,0.0,0.0,0.14169351617455084,-0.0005698632310799923,0.0,-7.441182363843168e-05,-0.025208587254751558,5.551115123125783e-17,0.0,-0.00012799686418518696,-0.016251127961631195,0.018354894692580337,-0.001433233012712254,0.0,0.00034658130814696486
-0.01555715728921414,-0.02081189914438597,-0.023363929248253756,-0.027206704566265283,-0.006888566397572848,-0.04419358506238863,-0.01590820443470392,-0.0209466136118443,-0.03069588416799962,0.0014308974231233007,-0.0315232392998378,0.0,-0.013507162308391829,-0.07223045298446673,-0.026857376034737312,0.005547259271936944,0.003109661433536637,0.011003619589518066,-0.038530813917431184,0.021052505435986524,-0.032581564743117686,0.018148524912829977,-0.04651408424298631,-0.009027936222038124,-0.005360411861022096,-0.01680952683452669,-0.026946007097207236,-0.0061646822397848355,-0.03993970480154396,-0.001625270326076067,0.01664961595832115,-0.004856042336052968,-0.016223934194850853,-4.901125435097242e-05,-0.013937426021748578,-0.005052339538488215,-0.01452140091123566,-0.008938388465639657,-0.022121430350376392,-0.03741206102324668,-0.020707748795635306,0.07469377678276556,0.0006241399194056862,0.00039712877078451614,-0.02980186898135595,-0.039505708474467605,0.0012163623284258684,-0.000987101275448099,-0.0006366672341504009,-0.00016013529227126844,0.000526131804898744,-0.0009484985129035173,0.00012109586672937045,-0.0005329356013212272,-0.023694875634190926,-0.0019242686739877057,-0.03547499963940293,-0.0034418772113996576,0.0004464397021853306,0.000138700799739766,0.0015651761572595957,-0.00635934834139068,0.007242190394768144,8.50089094678319e-06,0.0006177843087838419,0.0009847341725987557,0.0003774163472733405,0.00040299326158060866,-0.01900196521110703,0.010758007354408683,-0.009932272665405195,-0.0019830989814831335,0.0025601867785943755,-0.0019658288436051885,0.0,-0.011503510790538185
-0.004017354781204185,0.007925886501029045,-0.01554111462010882,0.0038612340773390708,-0.008535043320692104,0.002870583559057449,-0.01289660377318852,-0.006581839826535429,0.0023416271414372636,0.014975214592441555,-0.017331941231537695,-0.013507162308391829,0.0,0.02892802000146505,-0.000986989728130827,-0.0005054593625096193,-0.0013583324882729952,0.0016499864310954848,-0.022899474682561927,6.795592222885727e-05,-0.007741293568087115,-0.006891322497662666,-0.02413861755348956,3.765387699078415e-05,0.00930224664035495,-0.009145173463552425,-0.009791241539782947,-0.011283577992807492,-0.008824845823361127,3.271130165777292e-05,-0.0170877077219434,-0.005193286826174592,0.0010740051620624635,-0.020379336557422578,-0.015160727081655834,-0.00016152304512884186,-0.0030598697812049824,-0.013783374924212055,0.02467047741110745,0.04191527768091152,0.03073685105610291,-0.014825199143031376,-0.07500114557547694,-0.006273881990708663,-0.0033816360747830343,0.0005243451394923437,-0.007887378720497606,-0.005241588129635044,0.0,-0.01842394473669906,-0.017592698992550115,-0.017553654288874176,-0.019988808807702096,-0.005226140294310899,-0.02155002813235557,-0.0026643604189026115,-0.0013562085748503594,-0.01235517885735471,-0.015982549227178566,0.0009155411435487482,0.006970162098354937,-0.00039945243375616446,0.0019696018857841557,-0.026214608040764198,-0.01744938873540719,0.020636799185130783,0.012647847078332497,-0.023985239589796203,0.0013437537723489656,0.002148576613536679,-0.011333582948216736,-0.015478810133910392,-0.010980278696085477,-0.02466883914469642,0.001625920149577409,-0.017135170151072077
-0.013583734688201121,-0.0011061071144500279,-0.007091254323889407,0.006331309274576313,-0.00535465708863786,-0.018408383410484952,-0.0054845606334507635,0.04095280133084406,-0.0020877750441226084,-0.0005576953121313455,-0.020821043098949,-0.07223045298446673,0.02892802000146505,0.0,0.00094714151020725,-0.0006293831328569865,0.00011775900550997642,7.405718100117475e-05,-0.003713341284376115,-0.00018055902193275797,-0.007481372891801341,-0.0005102476315335114,-0.005493411030941642,-0.0005693439420328961,0.00014126821675503054,-0.003915036560797669,0.012039475834924263,-0.007680133693149016,0.002071772209108924,-0.0006566144438834853,-0.007842415484722587,-0.00029004412477490193,0.0006651670921166142,-0.0012502340334831774,-0.008408575474050106,0.004994671217574631,-0.026444248568349316,-0.0010632484978611578,-0.028956249107764453,0.0,0.0007925639717035748,0.0008163808412525175,0.024748413100476818,2.522636850632587e-06,0.0,0.0,0.0,-0.004124786259495528,0.0,0.04054826501002845,-0.0008656430458579556,-0.0006295583384624548,-0.0027757695645115876,-0.016712389442350428,0.0,0.021841033975190993,-7.424452147830607e-05,0.0018889238241349693,0.015985858310346268,1.1102230246251565e-16,0.0,0.0,0.0,-0.020868772381723133,0.0,-1.1102230246251565e-16,0.0,-0.028086476282390527,0.0,0.0,5.551115123125783e-17,0.007717558664102064,-0.0001633815098304181,1.1102230246251565e-16,0.0,5.551115123125783e-17
0.014724630428235241,0.002218348687084981,0.000504709584504659,0.0017059231480068826,-0.0006902961980390088,-0.022541029426687176,0.001246095455070484,-0.04237245089872188,-0.00334488618526263,0.00018439883860377204,0.0,-0.026857376034737312,-0.000986989728130827,0.00094714151020725,0.0,-0.0011683234526713715,0.0017436312410925026,0.01132544294780552,-1.1102230246251565e-16,-0.06164928518360968,-0.0029126656247996374,-0.06227054312297037,-0.06380883863834275,-0.009105081338302401,0.030741204712358305,-0.02812255902083055,-0.03670316448393751,-0.011945209131562107,-0.025075766094095675,0.000455760687735729,-0.023450370354061723,-0.0023794071078889756,-0.017630179602634855,-0.03075409738483581,-0.0074464657915829235,-0.003402145395842049,-0.0022411977770787073,0.0001365360314123376,-0.0033549768086374443,-0.009053122216047815,-0.017944370965058853,-0.017369365849052798,-0.0008013996622267539,0.00073344269206016,0.0,0.006269574932497801,-0.008769673482717177,0.0006699627650192941,0.0,0.0,-0.02190926369251578,0.0011528057717161144,0.0013009022582053942,0.0002794422290595122,-5.551115123125783e-17,0.0,-4.999390275250981e-05,-0.006823474280682418,1.4365984882136473e-05,-0.11973105223001679,0.0076232610949344415,-0.00014007630397877557,0.004623328132292492,0.0,-0.009934468556560216,-0.004757082627755982,-0.025291982631072685,-0.017135056184367392,5.039179765026214e-05,0.02206562028913428,0.005940468297116253,-0.0201570699507288,-0.026153754612831648,-0.011301128566077234,0.0010046550199018789,-0.012364429974847324
-0.01083664273666568,0.001086761734791608,-0.0008724768187058363,0.000581190589544478,0.003991451397260926,-0.017865927416212846,0.020508635679826914,-0.011224822048487237,0.003608280767758709,0.0006263152597383859,7.642373716904016e-05,0.005547259271936944,-0.0005054593625096193,-0.0006293831328569865,-0.0011683234526713715,0.0,-0.004341371887583101,-0.03409024877725603,-0.00017905471691204156,-0.022947574639841983,0.012360418368056791,-0.010573363664339253,-0.005101393122668885,0.008733625275495649,-0.012696056939618339,-0.0005188700893038467,-0.017671867481657944,-0.005919084526583129,-0.015946919789403546,-0.00339765450500773,0.016858168580712263,0.009665759779571403,-0.011824221241550026,-0.011035161055151732,-0.016534481546237323,-0.0008174358038481322,-0.0007588869960325484,0.0014759753366287987,0.0031155437286064513,0.005731551250831468,0.005772535082534558,0.0011774978548115822,-1.8732148184319453e-05,0.0,0.0,-0.01728592395604367,-0.02129846518709988,0.0,0.0,0.0,-0.01062850862675807,0.0005949261608703682,0.0013001034249359722,0.0,0.019826884874183603,0.0,-0.003656742042571215,0.02817278699404918,0.0,0.013983470433331535,0.011536643436034388,-0.0002593412688692287,-0.0035639867442500694,0.0,-0.006247078940166961,-0.007854387503304083,0.009940593090230043,-0.02398666121882731,0.018653701399777123,-0.017057152514453167,-0.021531054786018744,0.0054306766119335825,-0.033851030917140146,-0.0028290112190686445,-1.1102230246251565e-16,0.01242625734094549
0.009488293092519695,0.01311748038523719,-0.0016803880465642296,-0.0008199416285038508,-0.015104089947899635,0.0031210788398703393,-0.01589143592143255,0.00017105751845741812,-0.0016226506570973798,-0.005645784473845894,-0.02764313430154558,0.003109661433536637,-0.0013583324882729952,0.00011775900550997642,0.0017436312410925026,-0.004341371887583101,0.0,-0.01971041129863299,-0.002084663547677834,-0.004190653916993359,-0.003322049816600059,0.02174871287036212,-0.00024979404516750625,0.0017927427762094439,-0.023603155038542822,-0.00527571874530719,0.0009811282440079783,0.0073460308569883725,0.016073139918538426,0.0009226783083123857,-0.00393744448864658,-0.019557484499343802,-0.002405889272380002,-0.017564974374188635,-0.01683141677732719,0.0017837813503286393,-0.0003003953406104376,0.002642709966954815,0.0041583370207758374,0.029465930321734446,0.020649962341606376,0.0027494303877049764,-5.551115123125783e-17,0.0,0.081258684298057,0.016183884271598947,0.0018856067697383683,0.0,0.0,0.0,0.0,0.0,0.0,0.0,0.008510865370062293,0.0,-0.0006959745396764028,-0.0003084079339621959,0.0,0.0004975556960635785,0.003456099187831796,0.01266259205067849,0.020773461366775325,0.0,1.1102230246251565e-16,0.0,-0.00039114009213447876,0.0,-0.007940811673579129,0.019311247598199743,0.005563565574669027,0.0,-0.0024269660849866592,-0.00011289057264701752,0.0,0.01793154015943077
0.002995742150784242,0.002855637049900106,-0.0003513125619512558,4.289974181820311e-05,0.003320551275990402,-0.004818624114726,0.011686604537461787,-0.005344003725036017,0.00329764575234498,-0.003907692220932402,-0.03079731599892166,0.011003619589518066,0.0016499864310954848,7.405718100117475e-05,0.01132544294780552,-0.03409024877725603,-0.01971041129863299,0.0,-0.0007115592249339886,-0.00733348893775343,0.009628763705764598,-0.0024852973002617573,-0.010952496317642668,0.011726130482511865,-0.01726820609497237,-0.0021411310824179797,-0.0009121969211202674,-0.0001224760654710555,0.002635316666138199,-0.020841221331364845,0.0038739514455243818,-0.002021665815162388,-6.312420912268912e-05,-0.004624857924579395,-0.01596998013006229,-0.0034954879995541255,-0.00059062776993557,0.004916545565740171,0.005662978947187924,0.008434796800828537,0.005662542035534235,-0.009220556316253903,0.0,0.0,0.0024620638169148834,-0.006737003851164602,-0.023446558692261643,0.0,0.0,0.0,-0.0005313832203557856,-0.00021236660869417,-0.0005903613123721674,0.0,0.014734333560457058,0.0,0.013098851743490403,-0.0007007072540851089,0.0,0.00014338127650403987,0.0002718512384289884,0.019179784054414617,0.005786693878644111,0.0,-0.009645026739822982,-0.0243671148243213,0.028187576726151187,-0.050518500078707895,0.003924417118943757,0.0020837721917958962,0.0007644177676072172,0.0012674011630531279,0.0023492031321135642,0.0007013838442081477,0.0,0.0027539425545669016
0.0,0.001384556051140351,-0.020753856819608563,-0.02515241269185814,-0.0007715806986549056,-0.00894868193666587,-0.007208631386234787,0.017173736708841647,-0.023650192360823996,-0.012717281678349901,0.0026391126007722088,-0.038530813917431184,-0.022899474682561927,-0.003713341284376115,-1.1102230246251565e-16,-0.00017905471691204156,-0.002084663547677834,-0.0007115592249339886,0.0,0.0004794812006990168,-0.0004447987425859612,0.0009810278050288446,0.06366664220347623,-0.005575722762818147,-0.0006628108397240262,-0.0007691166335669908,-0.04525976364527645,-0.024117788366214865,0.0014736503783178145,0.0015627862094855782,-0.029885602607738704,-0.008025865001715093,-0.010369954562824468,-0.03072039704194457,-0.026791899835543198,0.030948870250692373,-0.011244976525266293,-0.027356501562270874,0.0025003034993182904,3.9521041357792885e-05,0.00035140734309163646,-0.003894260068476929,0.02099782396291061,-0.0021800098855432326,-0.00015949192167874493,0.0,0.0,0.046288756001140574,-5.551115123125783e-17,0.01666164196062797,0.007293811814019335,-0.003998706861594203,-0.003805565122666388,-0.001240320182761212,-8.804865799988404e-05,-0.08333719135626189,-0.0006007356512320872,-0.005786330823023378,0.019508647789652445,2.220446049250313e-16,0.0,0.0,0.0,0.024849415373352057,-9.717690978172655e-05,0.0,8.464456119655628e-05,-0.0022852012771705787,0.0,0.0,-5.551115123125783e-17,0.01803901196322588,0.0062536998677629185,-0.0010805720401388386,-0.00033502305754884443,0.0013956313406249254
-0.027480058128883877,-0.0005609700560788577,-0.0004823313413315211,0.0011872555474530255,-0.00064484585777419,-0.009578960067327058,0.0089927641091605,-0.02167142787427212,0.006993942924373164,0.04558174362188827,-4.579736440435411e-05,0.021052505435986524,6.795592222885727e-05,-0.00018055902193275797,-0.06164928518360968,-0.022947574639841983,-0.004190653916993359,-0.00733348893775343,0.0004794812006990168,0.0,-0.019626626267757963,-0.04302459488033877,-0.05136610122384805,-0.022745495797369453,0.01442552269241082,-0.018947192453550143,-0.0510501820582252,-0.002924178319571591,-0.027553125426523828,-0.0625510196178738,-0.015394582710172189,-0.008299164038084728,-0.02364006102968741,-0.03243550169923953,-0.008643996014119915,-0.029744151758271553,-0.002366607517504171,0.031038635688245386,-0.004121773785852101,-0.016732673847833224,-0.02027121019500816,-0.012368571702388809,0.0026371963580438806,-0.0023413843530165623,-0.0005361684443292436,0.00047921795017519253,-0.03456355196283489,-0.0016017028081961038,0.0,0.0,-0.028435295395679128,0.00331445827902882,-0.06674856176988375,-0.0012516299054305957,0.0005477543848610988,1.1102230246251565e-16,-0.0007242571047635926,-0.011796234627374447,-1.1102230246251565e-16,-0.06088395771073252,-0.002062604992399353,2.9798805024072728e-05,-0.020337211900262553,0.0,-0.03134474845437035,-0.022984169498911466,-0.03919082938110835,-0.034118314022287266,0.0,-0.01615491772693789,-0.030385761602001238,-0.028570405365835716,-0.02303465003481614,-0.016346115944994688,-0.000132086980404289,-0.024323294263236817
-0.004505309414369607,0.022497259493881705,-0.03284325464748661,0.0010643051371592716,-0.020291487645795914,-0.0228191903369665,0.01894807722606351,-0.03065113845275147,-0.016019968119671824,0.00475278850055727,-0.00020557160895129378,-0.032581564743117686,-0.007741293568087115,-0.007481372891801341,-0.0029126656247996374,0.012360418368056791,-0.003322049816600059,0.009628763705764598,-0.0004447987425859612,-0.019626626267757963,0.0,-0.0006525496154712318,-0.030608700631907182,-0.02140796938821271,0.0031256628196809633,-0.0064104790755915575,-0.03907046878589304,-0.014235229840287966,-0.017153362582356668,-0.015059598473053992,0.00029203265908173126,0.01765076221041889,0.012869467759971553,-0.002631502225013238,0.027866512237131325,-0.01735228560493235,-0.0013583004190247383,-0.0008589746149421096,0.002748727832077802,0.0064224235119685336,-0.013966448120390551,-0.0111875260423836,0.023884481448892658,0.0,0.0,-0.048458915201467334,-0.033831180066875466,0.001198689465246705,0.0,0.0,-0.031848119861416335,0.010968178213944524,-0.026276133533759738,0.06672528545277362,-0.0002882973413527723,0.0,0.0013704143899607168,-0.015831707901612646,5.551115123125783e-17,-0.0072552411417702856,0.016604542105620124,0.0,0.003230559752649742,0.0,-0.038442991899005574,0.008489088085159358,-0.037987227128256085,-0.030025108747923746,0.0013704272861569389,-0.01960958978503169,0.004530088357192041,-0.03551615940865205,-0.025644134551125408,-0.016626416085695594,-0.0018933782187297576,-0.016428085179163443
-0.010809753919590104,0.00035989076735370995,0.02726517695614178,0.00017240060863910056,0.004648876717535,-0.0062149342263642104,0.005354606203466561,-0.005137062412309323,0.0037356825631129076,0.035606617252347705,-0.00026548372718121493,0.018148524912829977,-0.006891322497662666,-0.0005102476315335114,-0.06227054312297037,-0.010573363664339253,0.02174871287036212,-0.0024852973002617573,0.0009810278050288446,-0.04302459488033877,-0.0006525496154712318,0.0,-0.06141064071038921,-0.035649809079347616,0.004271491032969477,0.00028738737564720784,-0.014457390043493779,-0.010211407290914576,-0.02943234056691163,-0.055196495159663184,-0.0016922040213153688,0.004730216752010241,-0.017457899523189824,-0.023704945202873473,-0.0024537774324595585,0.0003433409349401506,-0.018808388513397112,0.003453054449890136,0.002087370406857636,0.0047117691927677785,-0.007120267406894476,0.004328092306540632,-0.0010679700877849196,-0.00020752943479329655,-0.000354308006989712,-0.02603910115926572,-0.016176150599474415,0.0010032889112852605,-7.899678958811496e-06,-0.00014982388925810497,-0.010744702515667948,0.005559938657830943,-0.04399087477693814,0.0022411941468974406,-0.0016723049687881186,0.0,0.00010343212476204844,0.005065412046937612,0.0,-0.04937179404158437,0.024306196985982464,-0.0004545435807685183,-0.0010228007313207166,0.0,-0.023773063907059966,-0.0025742117562132516,-0.017808896106507988,-0.02282422848415655,0.0010131057500646357,-0.019692567053716747,-0.0001562254587824108,-0.02065226520704322,-0.003541142926753449,-0.008869196482677588,0.0008569757319552562,-0.0010136175378335777
-0.04415582366925547,-0.01232288653237662,0.03217938979284851,-0.00927374406552317,0.009865827754130363,-0.024412490305314838,-0.00811393663201948,-0.014678845299561538,0.002816577973507317,-0.032218573168367015,-0.009602294822099178,-0.04651408424298631,-0.02413861755348956,-0.005493411030941642,-0.06380883863834275,-0.005101393122668885,-0.00024979404516750625,-0.010952496317642668,0.06366664220347623,-0.05136610122384805,-0.030608700631907182,-0.06141064071038921,0.0,-0.029015195803113014,0.0035347732119565545,-0.021055327510290156,-0.03107552068038899,-0.03684346957967133,-0.023499732099717008,-0.04840088205937515,-0.04267028408375351,-0.02286153640107108,-0.018635137130332657,-0.037982982293085554,-0.027352146825495527,0.00252779069657455,-0.026253663399929517,-0.03845150664086722,-0.021777247477548667,-0.01354031190331817,-0.02840757835719876,-0.041176495343133446,-0.010585818435864702,0.0041495852939863465,-0.0009964962342149941,-8.727743188113868e-05,-0.030055814526286306,0.021268071284040624,0.0009046818236570497,-0.01143521545401971,-0.03603624571864317,-0.025116933809042397,-0.01343994860520309,-0.004951022352323031,0.0015204917744401358,0.02779625907691491,-0.002116409388366325,-0.030535037699338186,0.015255977393092368,-0.02650892537584676,-0.002798160113524406,-7.248888877803283e-05,0.0013296926456841107,0.025225599005559762,-0.03656493388825799,-0.0197237546206106,-0.033495749850816825,-0.026124480225654334,-0.000860438676965225,-0.028706766729833855,-0.03113039468521267,-0.028015409928781543,-0.02887817116316549,-0.02845043207667991,-0.027631536944134116,-0.03231258701168693
-0.01580885328313708,-0.003511191579738948,-0.0008331116244230108,-0.0036661413684279665,0.0053270904716067324,-0.03924107892178885,0.009873525882499179,-0.018734214627697865,-0.01640428206496275,0.002743496405984258,-0.015891208145209224,-0.009027936222038124,3.765387699078415e-05,-0.0005693439420328961,-0.009105081338302401,0.008733625275495649,0.0017927427762094439,0.011726130482511865,-0.005575722762818147,-0.022745495797369453,-0.02140796938821271,-0.035649809079347616,-0.029015195803113014,0.0,-0.005508199986783979,-0.013111055747529576,-0.041226541680438544,0.016074670580824513,-0.02283629884610594,0.0004572870805494289,0.016640488807056097,0.02112105920644558,-0.021419318454627245,-0.0008345672878478094,0.000297605027562986,0.008458338040292335,-0.03022288386673566,-0.0035233859899387876,0.015856933227768877,-0.021363952207809622,0.022519889094647527,0.010084637247390726,0.0014996856203494113,-0.0006082650123560573,-0.0117224763588194,-0.06515977222002395,0.0006200195929706442,0.0,-5.551115123125783e-17,0.00028631783054755555,0.0005074620311908973,0.0001229263715248896,-1.6653345369377348e-16,-0.0008802837202317448,-0.01255540319186238,-0.0002920037133748443,-0.03129245704982048,0.0006411199587183503,0.0,0.0010592224402691253,0.00697999254618864,0.013055731146134952,-0.0014247028196972544,-3.489142980206417e-05,0.0009239200392059943,0.0016341842599308376,-0.00011127339666178182,0.0008728477995361139,0.005636801833322491,-0.005369419125599961,-0.007730953374843752,0.0014947149964334994,0.004131564021431944,-0.0009994623025361693,0.0,0.004000749024529071
0.0014773777827271628,-0.01259550694344963,0.010265380404194335,0.0004192437108089253,0.014765265501848424,0.004523375971011934,0.02295962484241454,-0.0017600177969693265,0.018902279352240536,-0.019681197065729128,-0.014666130760522922,-0.005360411861022096,0.00930224664035495,0.00014126821675503054,0.030741204712358305,-0.012696056939618339,-0.023603155038542822,-0.01726820609497237,-0.0006628108397240262,0.01442552269241082,0.0031256628196809633,0.004271491032969477,0.0035347732119565545,-0.005508199986783979,0.0,-0.010022412571457417,0.007539283448239842,0.011342896991498708,0.011906079121591806,0.012333880634955496,-0.0016301968458373728,-0.011303522204067662,-0.004063635272699817,-0.00903686385729352,-0.01689528607632107,0.0027219543625701115,0.00028519805956533917,0.019683692100753714,-0.0018252694581553652,0.004278998919004462,0.0016354031310560901,-0.009749118774763754,-0.0010937314849980284,-5.551115123125783e-17,0.05695672786052247,-0.010389657064587221,-0.027700791490838983,5.551115123125783e-17,0.0,2.220446049250313e-16,-0.0334866801894777,0.0007390210467682068,-0.05802872284762861,0.00029656202494310335,0.012956496109881921,-1.6245812644588575e-05,0.002680231767600405,-0.008486260174090265,0.0,-0.004658443717731553,-0.0002743803733936123,0.016718284706042308,-0.0009906706515173669,0.0,0.00577863653348315,-0.017134221202553424,0.01617962497514691,-0.02163027771912962,-0.010736036881529132,-0.005981710760320724,-0.008149789977671518,0.003533154814746031,0.0012995579849404137,-0.006704333869685053,0.0,-0.0005862819932841434
-0.008617687116500128,-0.025014069070116607,-0.02310065936135053,0.0028003130893402006,0.00225910595943124,-0.004889608664160772,-8.166752979443803e-05,-0.024332894138832273,-0.0038480451362110646,-0.035075842685321046,-0.011587129323930079,-0.01680952683452669,-0.009145173463552425,-0.003915036560797669,-0.02812255902083055,-0.0005188700893038467,-0.00527571874530719,-0.0021411310824179797,-0.0007691166335669908,-0.018947192453550143,-0.0064104790755915575,0.00028738737564720784,-0.021055327510290156,-0.013111055747529576,-0.010022412571457417,0.0,-0.015495398531131632,-0.008536146303374847,-0.0059826472960552435,-0.019707262166281714,-0.011724360898842268,-0.008100963854552612,-0.011616175920002358,-0.017401229335491875,-0.021838081023611733,0.005043085545151982,0.0008862044863072738,0.012785534461965897,0.016409924450896063,0.02468999345358902,0.017461721626764848,0.035643631590183134,-0.002107265748367948,8.843758471216434e-05,-0.000849719404315219,0.0021789239295970098,-0.015375433443369502,0.0024510136613007383,0.0,-3.205933321021037e-05,-0.002593363416393102,0.022495268792696588,-0.0007389360835542425,0.00011507674811001012,-0.011934843918434856,0.0,-0.01746893501251573,0.020448110474993286,0.0,0.011954627357567249,0.02737586377508805,0.007627480916839402,-0.006094255742489341,0.0,-0.009599032357166248,0.014280854656334219,-0.0032756070671636772,0.000900263458084305,-0.01613342421863595,-0.009264277168193058,-0.004753463597808261,-0.011925751776819926,0.025546170585054928,0.0028250120914106724,-0.00013096905757081778,0.02114721560736188
