0.0,0.7381385029821351,0.3687980293008598,0.0,0.40658664770523667,0.6843635958223483,0.42946495549945674,0.7895520976948043,0.44396528921453293,0.7987004059126533,0.43541762987194543,0.704038584029847,0.5999413709591113,0.50369293358208,0.7639107427005922,0.816035655256121,0.43437314329956045,0.5340444784509905,0.0,0.8308144529434178,0.542782652994266,0.7485523557917817,0.8454825508331143,0.8401641919910019,0.6581640987808415,0.8799351977981764,0.6001215676520385,0.669314172352043,0.8150235091699501,0.6513388661953137,0.6248126563005962,0.5862884601412885,0.468970369166736,0.5503621454997492,0.575634804099045,0.6417772225491761,0.5001986196069249,0.4934362219597682,0.5655924534408947,0.790094882274784,0.7561531879069356,0.8156513042104618,0.46915833513519517,0.0,0.4636109900109537,0.513993299625491,0.7357740610116451,0.0,0.0,0.0,0.30562369191572714,0.0,0.5946031364435058,0.0,0.6509583331132469,0.0,0.568125995177531,0.7199564605109113,0.0,0.5718491285054719,0.8463387448591264,0.28829431028192753,0.6490752597329491,0.0,0.4768623520246591,0.133388218700994,0.6208820666518065,0.42721801755976374,0.6121014613472002,0.7318593266790085,0.7418178812846763,0.46282179274571267,0.38803321265145935,0.5641631759310426,0.0,0.6795647673540959
0.7381385029821351,0.0,0.6131175574732526,0.3376107072712693,0.5303811652676405,0.6229401910118817,0.6542030069029121,0.683324718207077,0.5427750402650643,0.7183590902041771,0.32344933770570355,0.6576474181815906,0.6191285088769839,0.49983345162693554,0.8309789088318239,0.9493175491524424,0.7790943706244219,0.896214179240321,0.6410437071975903,0.7180154901802084,0.8511360480257582,0.9066610885902286,0.6536805392955749,0.4472749895909621,0.7712265501719828,0.7195183834811932,0.5965302888441585,0.5613564495157859,0.6335745247340511,0.43281618668744204,0.7748672617814042,0.6750288035804718,0.6258212141854518,0.6981960878040844,0.7608770123295019,0.46127449531407794,0.22645462967489233,0.0,0.5211947876267091,0.8185745101237226,0.6266934580837917,0.8194648017897723,0.6331035900765742,0.0,0.0,0.823027202366893,0.7208724583036702,0.0448196156723662,0.0,0.0,0.4630296097818414,0.7245763889102017,0.7617827522195268,0.5668602178458428,0.6910326113167509,0.0,0.44537139210536564,0.7712491892868387,0.0,0.7818608400152156,0.7774126134067137,0.6678906788302393,0.6895391698059536,0.0,0.688222774080792,0.8077615188568462,0.7755517593572309,0.6153063956019276,0.44113111579064823,0.674458321996402,0.796280516902726,0.6355200497172095,0.9091667453887097,0.708064932786006,0.0,0.7963530306089872
0.3687980293008598,0.6131175574732526,0.0,0.7295313528120283,0.629954515481504,0.9266199050579063,0.649490417900143,0.9822255569200111,0.5595867973634971,0.6275230112417383,0.6747079756853847,0.5780426605141797,0.696170314426097,1.0487175093269703,0.3415113621403567,0.44048680251918715,0.6180326185741947,0.5202666684686534,0.8894150198998586,0.39089490813616456,0.73773316995633,0.5930304819594985,0.6269710948571425,0.40273332991828253,0.8272600361354724,0.7350608109812604,0.688244571542755,0.7530798170756609,0.9207131188118031,0.6275407209160181,0.7763828183523653,0.6759320756270486,0.5181583380791543,0.7556776033388033,0.6154023427515194,0.9141429891346746,0.5924224848858972,0.6142581604646914,0.9004860695636094,0.49462232478290347,0.6473375351284745,0.5221319302402434,0.871389921938795,0.6810132533714215,0.0,0.0,0.20173122425153062,0.3803382522673747,0.47773244146898164,0.6663600394226084,0.927151481477968,0.7698078524861711,0.8127231747527823,0.8912336783602941,0.3703784802484278,0.4263521943358742,0.4710433911587524,0.7681434888075175,0.6909215914829361,0.24649867341933052,0.0,0.0,0.0,0.6558841124885867,0.6369679233714604,0.44505674021538666,0.10217996123673923,0.7605125803215036,0.0,0.6333888517844469,0.3510183518267825,0.9542677732835532,0.6460643595560674,0.6170467639560784,0.6852329367204348,0.8634964065549613
0.0,0.3376107072712693,0.7295313528120283,0.0,0.3882828883902523,0.6342815731190452,0.6237722585212959,0.6032112544346753,0.7716449708710491,0.4831630876174245,0.7339734655626228,0.33413847015022746,0.6895279887875003,0.4609432825983802,0.6091525171292304,0.11016492436887487,0.5532155823966987,0.4677510290899389,0.5976166522342548,0.5931606140732215,0.41356985661383927,0.5410009791754378,0.6600881167916196,0.2361421908744405,0.8763648078146914,0.6216959321084228,0.7937532847046307,0.4446704985553052,0.5704992386173768,0.48559738748809855,0.6877536525793752,0.44637394775806494,0.16790240883922752,0.5151524614584018,0.5775714834384367,0.34377553569179353,0.5027272636286024,0.292652219229684,0.19448869670408694,0.29703803144156515,0.38007232308335703,0.2907947327745634,0.22895706165053975,0.23926813959830792,0.0,0.0,0.0,0.40079243454498004,0.0,0.0,0.5963859786672066,0.0,0.46464112480948677,0.029478790755452136,0.0,0.17793397550377904,0.4762314397309406,1.4671362666932128,0.0,0.0,0.0,0.0,0.0,0.0,0.0,0.0,0.4762595740652705,0.6518911769477008,0.0,0.0,0.0,0.5089634853771893,0.5447123334748681,0.5837708713158132,0.0,0.0
0.40658664770523667,0.5303811652676405,0.629954515481504,0.3882828883902523,0.0,0.337777884394234,0.46482130131966326,0.5413292700254013,0.34273281566828034,0.7578954210817626,0.578806309399216,0.6245679259483305,0.4759465921100836,0.4037548686853531,0.491014782116277,0.6628973431228582,0.5892930113941454,0.713329570237399,0.6319597535287109,0.5877257966074911,0.4978178634417467,0.5942082977412062,0.5782578674937987,0.6592018372297874,0.7539053992784673,0.8149106790912839,0.5281566618835776,0.6197887341040652,0.7233886348903426,0.5023300683692891,0.6381326074092253,0.11300656468436304,0.508742700196878,0.7629465162247446,0.4945694419024855,0.31361096286345197,0.3511064366483483,0.5116970419202167,0.6577404467911183,0.715028360839618,0.5646122181570188,0.4024491228419197,0.7417678659497411,0.6622193278647259,0.25485630163531553,0.0,0.42140147810426043,0.8329677904944188,0.0,0.6896026716504212,1.0095750305412952,0.8583632716117464,0.6933709728890696,0.867243777290325,0.0,0.7655289893980805,0.3506936972610639,0.810864680782356,0.7168637119022636,0.2545887958920549,0.45732466691344953,0.0,0.0,0.755298555468457,0.31595309053481613,0.49594317889161366,0.36836402729921425,0.8176334859929217,0.0,0.4951363288205175,0.5646531218871031,0.908631382656721,0.7345128391628383,0.455819468805288,0.0,0.5142116667005912
0.6843635958223483,0.6229401910118817,0.9266199050579063,0.6342815731190452,0.337777884394234,0.0,0.6138494670842378,0.7018982451061472,0.640476994515463,0.6967628680221312,0.49428731120363945,0.7859735364321767,0.6290812490032986,0.7111958032486039,0.6964063837741985,0.5782788279642961,0.4600567868455368,0.7130565560731803,0.6701223465869695,0.7289634923590143,0.7101918605757995,0.6775290232448474,0.8397488482914086,0.63268985138075,0.64707181145448,0.7015472469034689,0.8174138398674629,0.8531253433549966,0.5643025509354799,0.6670514258740811,0.7517494907432,0.5286350457815157,0.6772873557201657,0.6691130076783067,0.6194567458668133,0.6893596218604827,0.6719241584027948,0.5572062217588499,0.6656076478728538,0.462442839503811,0.6169322487133562,0.7689567106005328,0.8025534854010288,0.5842385799194825,0.9031863006447215,0.7528742060695901,0.5716396412123919,0.8295297658982952,0.5889476734229606,0.5712418588980435,0.7481000399974447,0.7532272840564507,0.7113976573805412,0.8375369353900772,0.7611515404799154,0.7580529642724609,0.34269993849295866,0.7163058347111282,0.5651413765709943,0.8628025764507278,0.6324528874732944,0.0,0.47100055924123463,0.6907564859756368,0.7288398709122799,0.5206273577607013,0.7272465994331265,0.6835519063999724,0.5747327642601151,0.5066548961089319,0.6403604422703755,0.7035278001573775,0.6401804509738349,0.7382106823191341,0.5452311641980638,0.6014411144837727
0.42946495549945674,0.6542030069029121,0.649490417900143,0.6237722585212959,0.46482130131966326,0.6138494670842378,0.0,0.658438607501389,0.6783323959817809,0.5184978106667486,0.5834554081994427,0.42162894906657256,0.675188380317935,0.33851395206042045,0.5283488498494313,0.6557660876260734,0.4129072006645056,0.5608117623808868,0.5708527079917827,0.603659701136307,0.593466986373667,0.6650336870264029,0.7200206679000364,0.21393799004540634,0.6138606649350419,0.5764202752748395,0.662595044217158,0.4515505873079181,0.6251525256782635,0.5031867118930706,0.41412479454467244,0.41321956454625425,0.6487896293236938,0.4460335313226964,0.6599202985065187,0.3873373405294458,0.5060306122873336,0.5587535878161547,0.6026260295027187,0.43616725868978906,0.68200637864654,0.47272581509385836,0.7904813149341394,0.825973752496268,0.3531935790609212,0.0,0.5205021175414034,0.6123991943241283,0.0,0.7078487769945656,0.7392735424474034,0.7386984951948787,0.6338234098283468,0.8537656553472442,0.2628965802300615,0.7350379282352997,0.4209722444408788,0.6518536602239291,0.3369513819001712,0.3232929928757386,0.6062786666764545,0.0,0.5385019034210863,0.7429959183442891,0.6694037561112585,0.4859415388821387,0.6164878224503625,0.6533540591549079,0.46415404110463965,0.6095482755940831,0.6031083011527055,0.6750791694764181,0.6576148818490075,0.5316342646706328,0.7901438187167054,0.5135595710648009
0.7895520976948043,0.683324718207077,0.9822255569200111,0.6032112544346753,0.5413292700254013,0.7018982451061472,0.658438607501389,0.0,0.8689481145708807,0.8726242603404335,0.5053943861889125,0.9041533464587689,0.7386404280645125,0.7205492742338364,-0.03980995978088825,0.7277999774980586,0.47564885525469525,0.6351164637260622,0.5883439927646633,0.4831954469396767,0.5567707396331911,0.8084974309686725,0.7203707721694472,0.7016171938896765,0.6582388270819493,0.8400042357282218,0.7939904698960476,0.665931990741737,0.7297086321600406,0.48557703979717404,0.6121778227189987,0.5963315199298634,0.3572126061124087,0.6350027845130863,0.4253965293735702,0.4425826039733006,0.5205737574294211,0.6041838569330689,0.4883487615107307,0.41423765910166066,0.3279107563852387,0.4799857146921557,0.6183333939099895,0.770350989027144,0.0,0.5633033995699284,0.36469216598384063,0.8280474868730628,0.0,0.7634798042589226,0.8499821377564372,0.7090583843807262,0.4045623748046307,0.8342575563822803,0.8233364404659748,0.6763340185105222,0.9797796821816409,0.5963146573889566,0.5079129498934534,0.5887647397668629,0.3864951254482112,0.0,0.6693407138720942,0.8338716812202986,0.7026179432746933,0.7034677885234211,0.4830981452267654,0.7248277294906318,0.0,0.767190419270125,0.41058922328848557,0.7657098134153065,0.5496685316750655,0.5638001005213444,0.5141075289851644,0.4515961090745719
0.44396528921453293,0.5427750402650643,0.5595867973634971,0.7716449708710491,0.34273281566828034,0.640476994515463,0.6783323959817809,0.8689481145708807,0.0,0.6704520024083538,0.5195504844709027,0.6419620095590157,0.760706125915349,0.73333497680962,0.5985658087598656,0.5254376886548562,0.4975217311025451,0.6276420821490722,0.47586889603894356,0.7130188688894756,0.416496792585333,0.7451340337785235,0.8310891940928058,0.5337170545706469,0.7081372006857669,0.7739382659205358,0.6575206190273781,0.6793647513255066,0.615034148416413,0.5596469229608646,0.6953802335115173,0.6453613058754606,0.5854778300890979,0.7252578161266592,0.526788223168744,0.739558992455362,0.6602797246703258,0.6965074242311919,0.8002902624404753,0.01222629665048619,0.40977211988347584,0.28941767008285235,0.6849164054976156,0.40293508712270376,0.28410595170042396,0.0,0.3279867102107608,0.8221404442040969,0.47292694701228133,0.8479514761499803,0.9647894867872184,0.8284489184161509,0.7695516222743588,0.7556710023549571,0.20733772417049623,0.8078564204658345,0.4662766787527842,0.6629036787306914,0.7035998642370664,0.44713823576265543,0.6955335691609789,0.0,0.0,0.7330636252108716,0.6093853320220577,0.6703510654934055,0.5703427314814384,0.7888166227813191,0.31735723151905476,0.5659256448904121,0.21781134234272692,0.8453242903310421,0.5671351638040025,0.6794296098394554,0.4899501697108143,0.6838266399329156
0.7987004059126533,0.7183590902041771,0.6275230112417383,0.4831630876174245,0.7578954210817626,0.6967628680221312,0.5184978106667486,0.8726242603404335,0.6704520024083538,0.0,0.6752655668405765,0.6100548990529524,0.6396516909029512,0.607553886795273,0.9821017938798875,0.5803288697858751,0.8712479046963555,0.5174222703671865,0.5804310862046012,0.5119988704207765,0.6756921110992375,0.5910824459407495,0.9078808652547332,0.1711764674621645,0.9860381264874973,0.913650440137957,0.5299491825976774,0.7047678048962767,0.5459384265811632,0.41606256491710125,0.8219574326445694,0.25642356900998603,0.9456952538178621,0.9213916195527014,1.1583691040376198,0.536280661633195,0.5005490835533493,0.5873761769826626,0.18890575855588113,0.1940350223728363,0.6561758766748329,0.9616817985161028,0.2982222324367956,0.310866546683057,0.26626868145256277,1.1117438849087091,0.4917833328416558,0.15634691977732587,0.480260978800285,0.4606557629299516,0.6749007851155067,1.1218812306757795,0.5674435740596651,0.22991186664037908,0.6442857156333813,0.4235615619793702,0.6595767023080354,0.9069665022804708,0.0,0.9069416063978937,0.5802785160107683,0.7203234032647761,0.6874782713808615,0.4802277552570364,0.47283386033440333,0.5693910810327212,0.3377302532682574,0.6706908426727916,0.4405338861701047,0.7979282910839676,0.7493547016590875,0.5539172006051305,0.4566236509081144,1.0395151859573872,0.0,0.7970446765374206
0.43541762987194543,0.32344933770570355,0.6747079756853847,0.7339734655626228,0.578806309399216,0.49428731120363945,0.5834554081994427,0.5053943861889125,0.5195504844709027,0.6752655668405765,0.0,0.6413521175682461,0.5765352616941317,0.5887813576872596,0.0,0.5191475519122146,0.6832653188350771,0.360149129618052,0.5674755390485376,0.4569954560465168,0.5457424782599105,0.38565511977223565,0.36124430129900076,0.5518489819578228,0.7523522530647873,0.7798680921997985,0.7634056702576146,0.6067677807561758,0.40359425607077276,0.5466122118871025,0.5726444066102716,0.5066987132028893,0.5315548966971864,0.7100569596080989,0.510663397050572,0.7480195632233614,0.7711057422341433,0.6821832459201014,0.5033368392878365,0.5582669157726668,0.43229973509228203,0.46250547009262033,0.5759055614656992,0.4731477962937851,0.18937172564517707,0.0,0.0,0.6279764090088191,0.47603915399524466,-0.02267152500564784,0.9078373860705446,0.5226006729858474,0.5692578207707829,0.5379243115273621,0.6005517293390641,0.2582455213537289,0.3935338712264905,0.5674652221148864,0.41526113445465984,0.0,0.0,0.0,0.0,0.18509567230069907,0.35318761077597105,0.0,0.6746393614399796,0.7108765153738269,0.0,0.0,0.9464468269174628,0.8965657874944539,0.3584282216639811,0.361050281435523,0.0,0.32681507796703757
0.704038584029847,0.6576474181815906,0.5780426605141797,0.33413847015022746,0.6245679259483305,0.7859735364321767,0.42162894906657256,0.9041533464587689,0.6419620095590157,0.6100548990529524,0.6413521175682461,0.0,0.5670754501976971,0.6234374823352584,0.8022113928880441,0.6311822827512046,1.0033176478732102,1.0026071553902096,0.5175742084225294,-0.08708406258291129,0.6900066229375007,0.15446479465390328,0.8179797427378444,0.3553560765289675,1.0365977531173667,0.5276134417835427,0.6299380838462801,0.7083108147788085,0.5358258649851677,0.3002709561519956,0.42348987467669197,0.41468522992833967,0.43078965731066077,0.5098093202144763,0.13247564428355876,0.34696089868886615,0.5456158284398911,0.22963420130700485,0.4606614242035115,0.519741217438929,0.6213801143708385,-0.07791762789927295,0.4368789347741043,0.4583897506787776,0.42033176898536495,0.5052882302730634,0.5610111385605339,0.2621256123268058,0.19349967704085932,0.2923652773779983,0.34600192351528014,0.48910547062100695,0.2485771825285743,0.41890332643299066,0.6653591356067101,0.2382182967002178,0.7369395211891433,0.7421227410893267,0.7239547670798496,0.651417431182705,0.5336592734672507,0.6297113373431815,0.8056097803639688,0.34446014498017374,0.7806595689994544,0.7707830912324187,0.4317352683110863,0.4921355503419819,0.40996079686953935,0.830049394422745,0.6928642202950829,0.6451396675460779,0.916726677798422,0.5034362033511157,0.0,0.8765223928684669
0.5999413709591113,0.6191285088769839,0.696170314426097,0.6895279887875003,0.4759465921100836,0.6290812490032986,0.675188380317935,0.7386404280645125,0.760706125915349,0.6396516909029512,0.5765352616941317,0.5670754501976971,0.0,0.6158260169470762,0.7776534820277241,0.6855093966794497,0.5382647656991144,0.6312201447171122,0.5850377692811864,0.6386563429996188,0.644621947969898,0.6289402212838976,0.7753693484206923,0.37531355555418194,0.7048003755683525,0.7060659773698721,0.6982586563249505,0.7266256879231732,0.6714368230699548,0.6716345726021253,0.45918674468021475,0.547316356143224,0.7241759979172492,0.6954814962724756,0.7592381125298189,0.6000231493229873,0.6488998880359884,0.6305319986978335,0.32057415794857796,0.5035353827398795,0.4600931554369704,0.5021362283771369,0.788674690627386,0.3549622920634444,0.4356760960479694,0.6431964663074523,0.6556886966885449,0.8823039339366874,0.0,0.9437850890176397,0.8778093574281403,0.8069688885394936,0.6188578323213616,0.9319960264173761,0.6080655255606595,0.7894973957173812,0.6342158352627729,0.8160949637529332,0.32990052124725666,0.6412703780781549,0.5406585418071516,0.4013398253241675,0.4606620323900281,0.8486505407258503,0.5934815520350942,0.6561785403102363,0.5896191579742538,0.7721542925566092,0.5122980207357382,0.541217177219189,0.5857437797345176,0.7778017826723526,0.7323797373545686,0.6089463221993736,0.5539128151554982,0.6182925158330465
0.50369293358208,0.49983345162693554,1.0487175093269703,0.4609432825983802,0.4037548686853531,0.7111958032486039,0.33851395206042045,0.7205492742338364,0.73333497680962,0.607553886795273,0.5887813576872596,0.6234374823352584,0.6158260169470762,0.0,0.523005835336521,0.5619465302563545,0.49791040377422785,0.476930204328408,0.7397045692889942,0.38592966198798495,0.4776868398485288,0.2735638785814009,0.785282592613269,0.9276314718656089,0.49408628282443734,0.7861858731296858,0.8390138085312628,0.3963137129239792,0.39011408672916215,0.8151390129980143,0.5132801849280644,0.29328759817692884,0.24954666439280138,0.7088513238543662,0.3198538257141211,0.3314536419433665,0.18177754315499436,0.39226479318187923,0.4817660813429559,0.0,0.7087053655829867,0.8495721498309513,0.5921719629683465,0.477054188940297,0.0,0.0,0.0,0.5833216585674023,0.0,0.493737431327419,0.836017040642527,0.6166641486590645,0.5497903300099405,0.4823508211253724,0.0,0.4612237056554169,0.40986013661060006,0.7523884475354335,0.6004537344323397,0.0,0.0,0.0,0.0,0.5764495266855685,0.0,0.0,0.0,0.7141998334897964,0.0,0.0,0.0,0.7849999688209031,0.7486998934218778,0.0,0.0,0.0
0.7639107427005922,0.8309789088318239,0.3415113621403567,0.6091525171292304,0.491014782116277,0.6964063837741985,0.5283488498494313,-0.03980995978088825,0.5985658087598656,0.9821017938798875,0.0,0.8022113928880441,0.7776534820277241,0.523005835336521,0.0,0.7576746997240404,0.4516149300465756,0.6952553098509551,0.0,0.40725201132798333,0.3858169592457436,0.42819324953649246,0.47529631929506905,0.5495251604933615,0.6938358234947419,0.48838825334688396,0.3656501668394321,0.38198381140610604,0.5395512519334824,0.3982313569371695,0.561088293779415,0.3576168840595913,0.6731415106862213,0.5669343760924549,0.5626479200989749,0.601569566782955,0.47413817038249884,0.37710255289776445,0.3437410453699342,0.4988983195606846,0.5357831099949302,0.37190552069193744,0.506950651998342,0.6159122747664059,0.0,0.6462365504489449,0.737075847432252,0.47878759127166076,0.0,0.0,0.5699190707329672,0.707688738562485,0.5819020930272073,0.5523110381728689,0.0,0.0,0.6795568370180771,0.6307899827976422,0.4777772191216199,0.28083252283680304,0.7747297916182024,0.6236576309162432,0.9505879330792184,0.0,0.7071167354778677,0.5071646981442891,0.7311043147480215,0.8172474302515497,0.4642133111653862,0.6606141445246446,0.6678392652572969,0.6193138225874265,0.5859155921394079,0.6097957869450173,0.45587299639000795,0.44627263947195106
0.816035655256121,0.9493175491524424,0.44048680251918715,0.11016492436887487,0.6628973431228582,0.5782788279642961,0.6557660876260734,0.7277999774980586,0.5254376886548562,0.5803288697858751,0.5191475519122146,0.6311822827512046,0.6855093966794497,0.5619465302563545,0.7576746997240404,0.0,0.8109274637703516,1.0680488386626645,0.4571263289773727,0.7121449784785944,0.7665437387611409,0.7158909380716225,0.7135862472575016,0.7080441605347558,0.8537447063202754,0.8961640197449038,0.4891828609770018,0.6915545869590776,0.6861683694537598,0.6850819083672188,0.8943279686860122,0.5264788304782314,0.5627751636182374,0.5298408970955982,0.7249762296021517,0.6306599460871568,0.38306009020939336,0.6117234806452215,0.5184036474933913,0.6777478651223225,0.7139656615999408,0.8144593294987745,0.4665151814700974,0.0,0.0,0.7725231125255918,0.7882122962125113,0.0,0.0,0.0,0.4975560022198161,0.6010471632939802,0.8251534219125372,0.0,0.6154795814486295,0.0,0.4314323293614877,0.7757404668058175,0.0,0.710410908733845,0.7988161797680571,0.5351740147396625,0.6693768952072598,0.0,0.6693679640766981,0.5885219216858689,0.7606640710127833,0.530969780945691,0.4412183511088943,0.7485324522725134,0.8286384933791539,0.6012499227085835,0.7537994606496119,0.7559940788191575,0.0,0.5848666919793759
0.43437314329956045,0.7790943706244219,0.6180326185741947,0.5532155823966987,0.5892930113941454,0.4600567868455368,0.4129072006645056,0.47564885525469525,0.4975217311025451,0.8712479046963555,0.6832653188350771,1.0033176478732102,0.5382647656991144,0.49791040377422785,0.4516149300465756,0.8109274637703516,0.0,0.9038941319005183,0.5941747300864633,0.6571174055527167,0.9154548278571193,0.7730562129531433,0.7821888414189493,0.9358789695094851,0.9553514119184094,0.8936087633665349,0.3311394603332839,0.7868111726000371,0.5466003476912425,0.10535980962313798,0.8552448408022646,0.5113572938523413,0.6697643988324575,0.9710885430000133,0.9455575449854121,0.6179433261254215,0.2526978039763317,0.6743059184003453,0.8865482787860801,0.8163169850362556,0.7450055162575203,0.5459909089842256,0.0,0.0,0.45866739575021936,0.6582112652419105,0.5502043449837186,0.0,0.0,0.0,0.0,0.0,0.0,0.0,0.7942180025779443,0.0,0.6917246533508957,0.3171627209378989,0.0,0.8016945953178851,0.43550813397438826,0.5976158709976184,0.5149807109087208,0.0,0.0,0.0,0.5268588501732052,0.0,0.7402979405177614,0.7812207003806153,0.807370898255667,0.0,0.2926419055086563,0.4788942561908467,0.0,0.8274723151613839
0.5340444784509905,0.896214179240321,0.5202666684686534,0.4677510290899389,0.713329570237399,0.7130565560731803,0.5608117623808868,0.6351164637260622,0.6276420821490722,0.5174222703671865,0.360149129618052,1.0026071553902096,0.6312201447171122,0.476930204328408,0.6952553098509551,1.0680488386626645,0.9038941319005183,0.0,0.5101223792253411,0.8740195049258126,0.5754946473461595,0.7736752656151742,0.6571031193421051,0.6348197875676518,0.8805242589542158,0.8432950373780742,0.626827481591738,0.5709273539982045,0.732118099648805,0.29058070566600547,0.6932482696454163,0.5549115849113706,0.7000015838644766,0.9932254734080914,0.7968114494566028,0.5805083566700602,0.2561834302650691,0.3972240170297553,0.8400991128928903,0.6580184018250742,0.6041358779509014,0.7548597557626906,0.0,0.0,0.5826967351272825,0.5753817538693411,0.8100898987877337,0.0,0.0,0.0,0.5235848140254917,0.5561357601285284,0.8271459618733692,0.0,0.6439374203965635,0.0,0.7344799226585339,0.5263180937367358,0.0,0.6143213232221019,0.6996288300145739,0.4782876792401013,0.502909769488114,0.0,0.4809985352868066,0.6946155300960404,0.854589627753829,0.6621417182297342,0.6480952615856499,0.5763584842584173,0.6835022289894628,0.5037252879983063,0.6652839025190445,0.9797583154690801,0.0,0.6700046189774482
0.0,0.6410437071975903,0.8894150198998586,0.5976166522342548,0.6319597535287109,0.6701223465869695,0.5708527079917827,0.5883439927646633,0.47586889603894356,0.5804310862046012,0.5674755390485376,0.5175742084225294,0.5850377692811864,0.7397045692889942,0.0,0.4571263289773727,0.5941747300864633,0.5101223792253411,0.0,0.5558158850297273,0.4425770090746679,0.6858394455596394,0.45632061584121214,0.38241934932458976,0.7345996866086686,0.6279350408015283,0.8497418636520668,0.6402642450991719,0.5904103094606623,0.6201022928215207,0.6176400222322288,0.5822983593972999,0.2553557624038991,0.6801181208056476,0.3122006968684381,0.8366121859490911,0.5654786800831746,0.5192402226635273,0.6632508415031712,0.4062375547121644,-0.019411440742192226,0.21159581995985233,0.7091355833813058,0.14305292828263957,0.4077449276633232,0.0,0.0,0.4586916508749184,0.0,0.5797181761846817,0.8130293809091086,0.7459890925394959,0.7102836898749093,0.7909770281717177,0.9246897496450039,0.7323999459298026,0.5554606189050384,0.5831257452554721,0.5679453516406039,0.0,0.0,0.0,0.0,0.7432831883797554,0.4768821159553218,0.0,0.4959106318170159,0.7277720664845613,0.0,0.0,0.0,0.8692612474162359,0.33591062351874346,0.47226596078639393,0.4660144408601793,0.5779171209379748
0.8308144529434178,0.7180154901802084,0.39089490813616456,0.5931606140732215,0.5877257966074911,0.7289634923590143,0.603659701136307,0.4831954469396767,0.7130188688894756,0.5119988704207765,0.4569954560465168,-0.08708406258291129,0.6386563429996188,0.38592966198798495,0.40725201132798333,0.7121449784785944,0.6571174055527167,0.8740195049258126,0.5558158850297273,0.0,0.416428340650416,0.4722209599203482,0.3934376046590641,0.827580798401442,0.8257491174071416,0.6294399671781855,0.38532767234853393,0.7279901113754559,0.8011131318765048,0.8200812072961088,0.5702657685558827,0.35605812271139436,0.4731875918461373,0.5105125517692517,0.5769754189334874,0.7902577763706209,0.4675347695727928,0.32237141046423534,0.4092867854984458,0.37939707113722476,0.6688802859011853,0.298432939327311,0.45873749965039046,0.23716199531298632,0.20930655314697327,0.5142867702522627,0.7537845578165738,0.4881243077805971,0.0,0.0,0.6603392406719081,0.7931627703765979,0.6560410178435088,0.44313418742511856,0.9394561035359559,0.0,0.5784084681969582,0.7847435818601236,0.0,0.7015051794874474,0.6869102997202499,0.467491942207484,0.8552762315021663,0.0,0.5473060012023434,0.44383641427935383,0.5656203711930555,0.695785250310095,0.0,0.6300479137717023,0.5808799851030094,0.6913829004405698,0.6198010616097054,0.6909318088372426,0.5030431518713551,0.5409853915810009
0.542782652994266,0.8511360480257582,0.73773316995633,0.41356985661383927,0.4978178634417467,0.7101918605757995,0.593466986373667,0.5567707396331911,0.416496792585333,0.6756921110992375,0.5457424782599105,0.6900066229375007,0.644621947969898,0.4776868398485288,0.3858169592457436,0.7665437387611409,0.9154548278571193,0.5754946473461595,0.4425770090746679,0.416428340650416,0.0,0.700440075448283,0.7551866852787041,0.5612758449576656,0.6848162161696086,0.7238209017263811,0.5706015456516094,0.7160232490314714,0.7654688970924093,0.6536322722743485,0.6600458627505597,0.4143995042171756,0.4785752818169776,0.5318854613159967,0.5670330992566774,0.525176916080999,0.34044558303825556,0.5609110232464736,0.41675377027657545,0.7561626065507607,0.5092775544940987,0.42954552736162216,0.5653482090920323,0.0,0.0,0.486330172407036,0.73551729881547,0.653279626678768,0.0,0.0,0.5286450213767478,0.6672723798412827,0.4329348123626442,0.5326879173757672,0.6436220938470405,0.0,0.7499338527684919,0.5892616874210763,0.0,0.6006807577468416,0.8005297859088705,0.0,0.5145340068277142,0.0,0.4800472488880868,0.5938465635872735,0.6802961932814602,0.584397834031903,0.8275023618735349,0.5284836242358739,0.8890044225540739,0.5964612988711351,0.7401075168418594,0.760335356606898,0.47501345843185505,0.42586723064589216
0.7485523557917817,0.9066610885902286,0.5930304819594985,0.5410009791754378,0.5942082977412062,0.6775290232448474,0.6650336870264029,0.8084974309686725,0.7451340337785235,0.5910824459407495,0.38565511977223565,0.15446479465390328,0.6289402212838976,0.2735638785814009,0.42819324953649246,0.7158909380716225,0.7730562129531433,0.7736752656151742,0.6858394455596394,0.4722209599203482,0.700440075448283,0.0,0.5407895036653124,0.39444842373798794,0.9126456670161944,0.7779980250243548,0.3538556723793468,0.6205400788788668,0.7194902175870337,0.8977295973616877,0.6192743095732149,0.44947727639086243,0.4935374543041756,0.6256590238706383,0.6216090545985724,0.5979665098961139,0.45879728163402966,0.1400580647715794,0.3389317836190453,0.7514730294509366,0.6634982823200224,0.31106907971872644,0.49196798716366624,0.3798494203348105,0.24890552439412716,0.5357497693683024,0.7225079211242829,0.5858544088162677,0.4772054655315279,0.24367257350777827,0.6695114506928597,0.8233696273343862,0.6186067465851128,0.6654466542046484,0.40992047504075046,0.0,0.5420259956334993,0.7286047633830224,0.0,0.7910613488955288,0.7776168660674065,1.0741082264607467,0.7505736264634957,0.0,0.5343791863962997,0.6393556114869623,0.6786248622249151,0.7092809582386026,0.7478492217372086,0.5898490458426919,0.7697082406011937,0.6857469125447098,0.4528524956413301,0.6952330417529093,0.7958309898098466,0.7555561016346747
0.8454825508331143,0.6536805392955749,0.6269710948571425,0.6600881167916196,0.5782578674937987,0.8397488482914086,0.7200206679000364,0.7203707721694472,0.8310891940928058,0.9078808652547332,0.36124430129900076,0.8179797427378444,0.7753693484206923,0.785282592613269,0.47529631929506905,0.7135862472575016,0.7821888414189493,0.6571031193421051,0.45632061584121214,0.3934376046590641,0.7551866852787041,0.5407895036653124,0.0,0.7384316197520298,0.6047409532750703,0.7248911756085024,0.6153655823645938,0.6968681257649221,0.8066558204460084,0.6370752154487438,0.681836695433016,0.6001078372954863,0.5897491569086393,0.6444100893530991,0.6045924439161849,0.6977017122354348,0.7823384833896763,0.41802799619579434,0.5775372494217921,0.5682086473666624,0.5392137568485615,0.5977430359079962,0.760196035792414,0.5876414920673815,0.5564660627857889,0.5580101180851121,0.7263927089702168,0.8830230852993918,0.4591281108272429,0.7640155480013238,0.8155422851916213,0.7549905309308698,0.6491295611694341,0.8273179684274793,0.6331906391581353,0.7800851140861925,0.4257102326684456,0.6621379371929128,0.6175629552578605,0.7038611033261764,0.6805707084002734,0.4728338603344039,0.44653892981331356,0.7913169799646881,0.5639182885834486,0.730468423221751,0.6429798047933859,0.8154430945883975,0.22742545915337975,0.6723843049685361,0.6498667839562781,0.684602457594305,0.6333687192155601,0.7293407677637467,0.6760619710969558,0.5587806756547985
0.8401641919910019,0.4472749895909621,0.40273332991828253,0.2361421908744405,0.6592018372297874,0.63268985138075,0.21393799004540634,0.7016171938896765,0.5337170545706469,0.1711764674621645,0.5518489819578228,0.3553560765289675,0.37531355555418194,0.9276314718656089,0.5495251604933615,0.7080441605347558,0.9358789695094851,0.6348197875676518,0.38241934932458976,0.827580798401442,0.5612758449576656,0.39444842373798794,0.7384316197520298,0.0,0.860961247994902,0.5878836611718317,0.6016702165602398,0.5868390342835955,0.9121644813515299,0.8130554754940358,0.6678382535098066,0.39997325817779394,0.07008836187601941,0.4041360907183712,0.42850922302118777,1.0383134887459056,0.35385909308086155,0.2131271356584294,0.7727336098488754,0.3209751401993997,0.8212843336078843,0.6322420601507934,0.6055855824829879,0.34148854110109905,0.307564017091566,0.39204951731940285,0.5028662374261745,0.0,0.0,0.4701323069011337,0.5823212056837993,0.29944016345405533,0.0,0.018652531604273943,0.6882826834914797,0.5368543549779553,0.773608381270789,0.4572990892341683,0.0,0.2427734293792079,0.5407852736416727,0.5329901993148912,0.57397567706296,0.4667628156201134,0.3492537786923956,0.46771330573529424,0.17648676612928646,0.8267720164015364,0.42047559175252786,0.7508184101528647,0.7468095072821954,0.5440182153896111,0.6900262836980147,0.6021820642834073,0.0,0.7044388944325427
0.6581640987808415,0.7712265501719828,0.8272600361354724,0.8763648078146914,0.7539053992784673,0.64707181145448,0.6138606649350419,0.6582388270819493,0.7081372006857669,0.9860381264874973,0.7523522530647873,1.0365977531173667,0.7048003755683525,0.49408628282443734,0.6938358234947419,0.8537447063202754,0.9553514119184094,0.8805242589542158,0.7345996866086686,0.8257491174071416,0.6848162161696086,0.9126456670161944,0.6047409532750703,0.860961247994902,0.0,0.7311088707150653,0.6003544754675296,0.6990512515965828,0.6626804444542005,0.48021597951520045,0.8831780817170238,0.5006635376156165,0.7962799902750517,0.8835931172348561,0.9043465672055486,0.5397023747269666,0.5887155809103508,0.6272131999368153,0.7749161114382579,0.7179877274623481,0.733914158560929,0.8125133786130674,0.0985160947866606,0.0,0.4644719408852227,0.7901364305304149,0.8507740575591021,0.0,0.0,0.0,0.5995545170407233,0.5456591261386552,0.7294139955374948,0.40827610459640606,0.7156403786427001,0.4723535073160259,0.7440373633913826,0.5169283800614091,0.0,0.7472652791448695,0.7485154656078333,0.5048159020989226,0.5747511584267805,0.0,0.8830417415186341,0.7322768432730371,0.7815643592638059,0.6217733737378554,0.7146180683032869,0.6989308524229914,0.7485797220240269,0.6345073872841936,0.8561453039337379,0.6259658384494706,0.0,0.7159391248808336
0.8799351977981764,0.7195183834811932,0.7350608109812604,0.6216959321084228,0.8149106790912839,0.7015472469034689,0.5764202752748395,0.8400042357282218,0.7739382659205358,0.913650440137957,0.7798680921997985,0.5276134417835427,0.7060659773698721,0.7861858731296858,0.48838825334688396,0.8961640197449038,0.8936087633665349,0.8432950373780742,0.6279350408015283,0.6294399671781855,0.7238209017263811,0.7779980250243548,0.7248911756085024,0.5878836611718317,0.7311088707150653,0.0,0.6619001088182493,0.762676838986784,0.832371867468461,0.5019783275284605,0.7455813985974715,0.6875928096546973,0.7983734043950643,0.7670199311500079,0.7291027195161737,0.5467302374532292,0.511092608259361,0.5331582048848336,0.5299858037958856,0.7170056650214316,0.8687236315608866,0.4423562428438922,0.8039426605778114,-0.4150793786153158,1.0036030736812154,0.7167425925325528,0.8178444183589146,0.6691427090013289,0.0,0.0029195045113000646,0.5477236833973345,0.6883070659346341,0.5505724603618174,0.4056504309037089,0.7411672818849255,0.0,0.7591224031061721,0.8197974254354295,0.0,0.7040463284734771,0.8603610080803438,0.6020666203243773,0.5978845832033386,0.0,0.5903014312209007,0.7810167623167065,0.7943711542470182,0.6250530800568721,0.6825129872549669,0.7481108095954754,0.7767394316716569,0.6291529875734767,0.6669130404748186,0.7061529134888636,0.48327961467401226,0.7459480132906959
0.6001215676520385,0.5965302888441585,0.688244571542755,0.7937532847046307,0.5281566618835776,0.8174138398674629,0.662595044217158,0.7939904698960476,0.6575206190273781,0.5299491825976774,0.7634056702576146,0.6299380838462801,0.6982586563249505,0.8390138085312628,0.3656501668394321,0.4891828609770018,0.3311394603332839,0.626827481591738,0.8497418636520668,0.38532767234853393,0.5706015456516094,0.3538556723793468,0.6153655823645938,0.6016702165602398,0.6003544754675296,0.6619001088182493,0.0,0.7332370539081812,0.6454352708147031,0.5362206855943294,0.5886567748611022,0.42954211129226816,0.42333914741154555,0.5692805890196331,0.48004328307495925,0.5666468102261715,0.7445365552144947,0.6816397796570502,0.5498256852808429,0.5425727204341553,0.4833359119887679,0.5206527090429742,0.8094033534563989,0.7010445617842529,0.40338300736027904,0.4396048282646934,0.5864350473048558,0.8458224632049238,0.47484782922164975,0.7842208434454712,0.9112826218227889,0.7733614938347839,0.7016001298441397,0.8630265977535556,0.5980189415317524,0.8273311045109624,0.35828619455249777,0.6936986899584698,0.8521672613001859,0.6457247436476462,0.5224736592790822,0.0,0.060216839706825176,0.8156202099905857,0.5468520266390051,0.4922076216747435,0.5751665056450088,0.7500059679918354,0.0,0.5530101610001406,0.5644373225683506,0.8089195566473655,0.6363084100500617,0.6651721837809343,0.5002646971519211,0.5101707310972325
0.669314172352043,0.5613564495157859,0.7530798170756609,0.4446704985553052,0.6197887341040652,0.8531253433549966,0.4515505873079181,0.665931990741737,0.6793647513255066,0.7047678048962767,0.6067677807561758,0.7083108147788085,0.7266256879231732,0.3963137129239792,0.38198381140610604,0.6915545869590776,0.7868111726000371,0.5709273539982045,0.6402642450991719,0.7279901113754559,0.7160232490314714,0.6205400788788668,0.6968681257649221,0.5868390342835955,0.6990512515965828,0.762676838986784,0.7332370539081812,0.0,0.7091793421222377,0.6034149929836345,0.6850456583833526,0.6101301759779569,0.815359399127433,0.5490007280768496,0.7629679469023487,0.5293434881080783,0.6063022982939008,0.775086625984353,0.7661801990078124,0.3169908716828111,0.6406184247500579,0.5246290678805638,0.6173528823759913,0.5557741227097898,0.6386655673970749,0.6200735690893204,0.6117082341381659,0.7297614302522941,0.0,0.7759132097850666,0.7190068687694222,0.7177192331988579,0.6309000069077948,0.7264103475602581,0.7120729461833382,0.7509212788455317,0.7765694198767725,0.7001370622479053,0.3466653840823855,0.6915522972266639,0.4500951649891247,0.19830053165448724,0.3624506468660593,0.7162135513702161,0.6880008377528568,0.6644292080361935,0.7654710389347377,0.7000543890007802,0.5413383383673052,0.7230244084492341,0.5236909778846264,0.6907297351407758,0.7696975929691946,0.7157569687050493,0.5953748273508365,0.6398329277592272
0.8150235091699501,0.6335745247340511,0.9207131188118031,0.5704992386173768,0.7233886348903426,0.5643025509354799,0.6251525256782635,0.7297086321600406,0.615034148416413,0.5459384265811632,0.40359425607077276,0.5358258649851677,0.6714368230699548,0.39011408672916215,0.5395512519334824,0.6861683694537598,0.5466003476912425,0.732118099648805,0.5904103094606623,0.8011131318765048,0.7654688970924093,0.7194902175870337,0.8066558204460084,0.9121644813515299,0.6626804444542005,0.832371867468461,0.6454352708147031,0.7091793421222377,0.0,0.7120362831995835,0.7999028281270033,0.380049710793526,0.5703302733346544,0.6471070429686515,0.5315274587496555,0.6819534071600928,0.5916902960746544,0.3068797763039538,0.6089176258429632,0.686369390939576,0.6515554716964844,0.6090793887286596,0.5347644666174051,0.6961411338470065,0.6420043075846578,0.4686336541675537,0.5586820538001472,0.7400574584919417,0.4584627437309092,0.6333379363099485,0.7465984714535391,0.7599880326315062,0.7818315021720651,0.5797750290950814,1.058646637988829,0.9052824164134704,0.5694865210267175,0.7311334986925097,0.7725101919305817,0.7561677535609609,0.6235578200802525,0.481211526496518,0.557058427237592,0.7504018965671457,0.6343501985424693,0.7124290432498586,0.6506631175516178,0.7909140099698078,0.46766089599172717,0.584475027931682,0.7140187208072968,0.7689702103384635,0.7546486554937777,0.7727067730613263,0.6565564103249698,0.5855016914880817
0.6513388661953137,0.43281618668744204,0.6275407209160181,0.48559738748809855,0.5023300683692891,0.6670514258740811,0.5031867118930706,0.48557703979717404,0.5596469229608646,0.41606256491710125,0.5466122118871025,0.3002709561519956,0.6716345726021253,0.8151390129980143,0.3982313569371695,0.6850819083672188,0.10535980962313798,0.29058070566600547,0.6201022928215207,0.8200812072961088,0.6536322722743485,0.8977295973616877,0.6370752154487438,0.8130554754940358,0.48021597951520045,0.5019783275284605,0.5362206855943294,0.6034149929836345,0.7120362831995835,0.0,0.7708917216024258,0.600540300264766,0.7460711928937179,0.5534564776414646,0.38119470174137443,0.4814541442546669,0.3988547125398269,0.5414236412653453,0.6700002039850055,0.4479460771353024,-0.11133295302785451,0.8550910751694081,0.6262548600608698,0.06554103679621205,0.0,0.0,0.0,0.21144828337628768,0.0,0.0,0.5850838699982682,0.6226854769585402,0.3391477214688753,0.649747917696492,0.5350593134653585,0.0,0.001372961936970011,0.47650875061910614,0.0,0.48120630644321954,0.0,0.0,0.9737221382294109,0.9399742131117906,0.45794834013064983,0.5281915900896659,0.5454045301911552,0.6518215828548524,0.0,0.3804116756999735,0.47819136949272373,0.6759614751358037,0.7059841488473468,0.6775663184133607,0.42897372573131337,0.39944680068353977
