0.0,0.0026462083657595725,-0.0014886283878007833,0.0,0.00048012861697266374,-0.03757622999938537,-0.006033941832622014,-0.015126231091825926,0.00013225433806990372,-0.004060526853179369,0.0003245251839276708,-0.05054041425009609,-0.016784291580123345,-0.011064029574430867,-0.020828787462889464,-0.003924585971792793,0.00015676590612423436,-0.0021562408193402938,0.0,-0.03428375289221658,-0.019801605543897316,0.011055256501042832,-0.040494294167709666,-0.049455382381288326,0.006485855020390452,-0.017348722894641122,-0.03309652189288781,-0.03050078610653678,-0.03863629165089549,0.0017464991069818248,-0.03261570002987063,-0.026491810168185637,-0.0033431440821347636,-0.022163822433459934,-0.02062578945022242,9.454360443339471e-05,0.0003805883147243727,-0.004708139180593096,0.028796218157222553,0.06825998503793412,0.0732131417087678,0.0015314456947669863,-6.762946124116986e-06,0.0,-0.0008085500179043081,0.03064406444135198,0.05267727138321593,0.0,0.0,0.0,0.05414810079576071,1.1102230246251565e-16,-0.0017425191610098145,0.0,-0.024529338686413327,0.0,-0.0009149179177119215,-8.961240827926042e-05,0.0,0.020587809590616624,0.04107212363225954,-0.001982973213433936,0.014759496800856475,0.0,-0.002394765960013201,0.07563991233476686,0.040839650744009304,0.0004344068594348549,-0.06142846996710061,0.02263357201387195,0.044568308485641694,-0.001068616219189078,-0.00023040101981020022,0.047577541755398134,0.0,0.041271644092073345
0.0026462083657595725,0.0,0.0008033430739941005,-0.00014468004315942862,-0.027148814843631186,-0.014770452001938938,-0.02520895454561639,0.026760620659303624,-0.012675833550832571,-0.01874458627276876,-0.0002879430526250282,0.039028792860985484,-0.02442431147512969,-0.00025258299445862775,-0.02102344708993048,-0.006017069182674195,-0.0007924030574056329,-0.018783051218723867,0.0012611072205820362,-0.020364115427022433,0.015382546769621253,-0.008859504928066808,-0.015909531237491448,-0.0017336188793092289,0.012354193291305826,0.0013110962763749345,-0.024655182757104543,-0.024433899047724583,-0.027353350878213,-0.027946422176544694,-0.0255196867789807,-0.0165751330931852,-0.007162524121686664,-0.022504981000737057,-0.029127007541848215,0.05742760762313748,-0.0002499318251338867,0.0,0.020635359608381698,0.03266415606898143,0.03454873265319269,0.023018267048158847,-0.06500248259031038,0.0,2.220446049250313e-16,0.024108929125761847,0.034823873092854896,-1.2082899740750719e-05,0.0,0.0,0.024023962209179572,0.009563346554915919,0.0007291275521720819,0.00016064552696343215,0.0006237704361761187,0.0,-0.0005400986689241827,0.020367771534597845,0.0,0.012514124922412884,0.03429593829487737,0.01774046105117416,0.037001755381956214,0.0,0.02243820528806828,0.019733667175392045,0.024405971778767854,0.0139313692969113,-0.001309954317556039,0.04207616949805065,0.029787030886476495,0.02390424634166116,0.035791137167524856,0.02631339056678672,-1.1102230246251565e-16,0.02850532923284932
-0.0014886283878007833,0.0008033430739941005,0.0,-0.02612240417965811,-0.021732996638022306,-0.004028179153867106,-0.034435323327576095,-0.01525741591624652,-0.037955713115241096,-0.020318155963296725,-0.021533210822499205,-0.01801851833242596,-0.026634980421437693,-0.028154729424556435,-0.0010392357866960689,-0.0001939008327266345,-0.00012001350780499465,-0.001901419741565269,-0.03018321040585259,-0.0009694031192273855,-0.003196092861986022,0.001343533057740931,-0.044249562381312446,-0.001578279090399426,0.04055021827940175,0.01417671406105353,-0.04306766352768826,-0.0328877930788643,-0.005760174755112424,0.0006411086688621892,-0.037393537215747674,-0.032277581846505365,-0.0006089686635187275,-0.038950184600525295,-0.03160388847777046,-0.0185624896097924,-0.02914136158732389,-0.0019761064051904698,0.01975626630239047,1.3850808561199912e-07,0.0003513338887194406,-0.07128954656063452,0.0067115973620465175,0.00228433976672876,0.0,0.0,-0.00033875797646831796,0.1277982622971216,-1.5189757766043144e-06,0.01883095273297075,-0.010782820113455882,-0.006517664384699584,-0.021375061702446296,0.0051293482973148175,0.0005200879443224005,0.09762929989167474,-0.0012763501312185732,0.0060967006845561444,0.008377801515794703,-0.0003062528642058804,0.0,0.0,0.0,0.15584452912041535,-0.00015545969507185786,-0.0003626614503909331,-0.0005062166779647437,-0.010690530413840715,0.0,0.00014842730549785577,-0.0012295446703884938,-0.01022375540812026,0.0030806940550206496,0.00935044171795718,0.0008954503336473518,-0.0073175837279501055
0.0,-0.00014468004315942862,-0.02612240417965811,0.0,-0.020621825928663212,-0.031558591498319855,-0.029830618918978036,0.0006857120170902786,-0.03968105772332464,-0.051674736975388325,-0.022077164957887252,-0.01354163324726787,-0.0018975147787324564,-0.02267272086670946,-0.0005241789170839506,-0.00012798668572561178,0.00023199272761842415,-6.9169433160043425e-06,-0.050780990770997625,0.0007391919713535811,0.00018851564600214088,-0.001973519629528353,-0.034054302372422574,-0.001603186873907314,0.0005937973540262598,0.0016855948878382043,-0.03960259486181228,-0.047110117579682725,-0.03786218628868315,0.0002111224831817804,-0.0038770678129218528,-0.03814491276091492,-0.016179895877530825,-0.023291580256634137,-0.0476068962315766,-0.0067085134036357075,-0.02893806383851233,-0.0074227096946204996,-0.030387308522823536,-0.00015390434986195523,-0.03295774463412826,-0.03579226239091815,-0.03125740242194741,-0.0046145143088815455,0.0,0.0,0.0,-0.0005949820798787364,0.0,0.0,0.0002923685113097041,2.220446049250313e-16,1.583034583685361e-05,-0.00045204152827799104,5.551115123125783e-17,-0.006246867360006403,-0.012983810062279388,-0.00029119299908819674,0.0,0.0,0.0,0.0,0.0,0.0,0.0,0.0,1.3957603787140282e-05,4.565092906366752e-05,0.0,0.0,0.0,-0.04898137087750004,-0.08685244288941418,-0.0001344181042832182,0.0,0.0
0.00048012861697266374,-0.027148814843631186,-0.021732996638022306,-0.020621825928663212,0.0,-0.025912075376175625,-0.020834122770665098,-0.011198422825035526,-0.028378814198042224,0.001173226674076655,-0.02309768897797987,-0.006586936976202107,-0.030513115982786554,0.00629645261868661,-0.0004718157617193408,-0.0015376746840845001,-0.0054338643694420985,0.011424316872995777,-0.04102845208770661,-0.048841188016048864,-0.024766847290307648,-0.050452919087960846,-0.025327789521041477,0.003830475304586023,0.03619163793485641,0.014830453782178399,-0.015804919077749058,-0.0526119576255753,-0.058109664668714256,-0.001137890007241571,-0.032583859241617885,-0.016376447217200663,-0.0028797062516304206,-0.016228507545082316,0.014148814986346958,-0.0025470154713827797,-0.016058505318449268,0.009915774787894405,0.0003396283242621534,0.000800283447220107,-0.06241054032531712,0.018664203132003454,0.03437034906159331,0.0018721013260679653,-0.000326648412865449,1.1102230246251565e-16,-0.00015122420538532522,0.00042630631284734655,0.0,0.03897686491534208,0.0054685904271652985,0.010686706344013586,-0.018226788801955218,0.0005646717782710198,5.551115123125783e-17,0.04990659205121406,0.010658435425182078,0.008903053532049676,-0.00337921657330581,-0.00030742136485040206,-2.3734717666257232e-05,0.0,-5.551115123125783e-17,0.015373195196693445,-1.3714238192963357e-05,0.00015767645745079495,-0.0004525762907122699,-0.006372692209453246,0.0,4.440736456945427e-06,0.0006807554914758374,0.0015884708377451595,0.008189045843532694,0.00022330898382932896,1.1102230246251565e-16,-0.0005774805166359753
-0.03757622999938537,-0.014770452001938938,-0.004028179153867106,-0.031558591498319855,-0.025912075376175625,0.0,-0.019445253195811474,-0.030270105304933015,-0.016486855553759006,-0.016227784454373395,-0.028072195150020185,-0.009691186991240885,-0.018079449851824914,-0.01679967554205164,-0.03423728335377907,-0.04284966603552226,0.0038505793610768557,-0.046242758581892474,-0.03269925662087042,-0.03547091249412909,-0.02763297526189462,-0.03792109869886984,-0.02547041408276013,-0.02710909535734568,-0.0126266495157627,-0.021992692448694173,-0.007228935594467356,-0.027391461214320623,-0.028746600784404164,-0.03962311525855294,-0.023134802447460634,-0.029101922910283906,-0.021445694009546656,-0.028742493437300398,-0.0292449922552922,-0.02365929156105684,-0.023662733673256497,0.004147769626832498,0.004693312066008148,-0.0027119764510836197,-0.03199426753138884,0.019570439281244023,-0.038908458236099064,-0.044566072696302084,-0.0018707906084161063,0.0013372884312834454,0.018044802594071985,-0.001965715245739741,-0.0005041949979645022,0.0070000492887494215,0.0006994639711147554,-0.008352452858039427,-0.02883855492518006,0.002168684865182957,0.0031086697706779187,0.029290198502117004,-0.013285781857651502,-0.0019227732848116075,-0.00852876580190648,0.008499640803976916,0.025494106479036105,0.0,-0.008052367411353512,0.00935065414797498,-0.0028644263602357056,-0.007649487303939995,0.0013118109590039562,-0.011250925230688935,0.009350193357386849,0.01507286032230487,0.011739681764648124,-0.007053641108432651,-0.008718728061163361,0.0011805340260136465,-0.004335936202613411,-0.012143916161039603
-0.006033941832622014,-0.02520895454561639,-0.034435323327576095,-0.029830618918978036,-0.020834122770665098,-0.019445253195811474,0.0,-0.038604767298448694,-0.04010316657730911,-0.002176232099771469,-0.0490665834901845,-0.0023172111936976547,-0.02449397988042129,-0.027446915471943445,-0.03614744858103508,-0.06252613051649053,-0.014250197303630363,-0.035493465335039664,-0.05418957253708373,-0.04208516264774936,-0.03606076852812967,-0.04278312873723489,-0.04538418338193195,0.002444962583658006,-0.01662299683470142,-0.009637959879577496,-0.03322354030149893,-0.04191235741434485,-0.030500124936441053,-0.0034308362975309925,-0.03220218154179205,-0.01745290629263896,-0.023477595266547857,-0.00962754569212021,0.006209324412630612,-0.024259572913548855,-0.019056947630880228,0.009673138828255823,-0.06392107900277555,0.02528830572510643,-0.057323250353530364,-0.014566563548413736,-0.02141641397291527,-0.11966113941307521,0.020971384163556928,0.0,-0.008354726055767203,-0.007523747239378209,0.0,-0.0007893431818853935,-0.014743802604613165,-0.013802092895305595,-0.03515962705274356,-0.002587315973821891,-0.029983548799764503,0.03454591225572334,0.016491417116084095,-0.003922695713585722,-0.0008553508935307819,0.011786335295265349,0.0009298944371067819,0.0,2.8210463510591754e-05,-0.0010835927389730715,-0.003619509540343624,0.0006930744284313617,0.007853713629881243,-0.019164457089502596,0.023893980558772454,0.0007622210084717862,-0.004882948027853551,-0.016090677226503813,-0.005230752607846001,-0.0019074941735051087,0.0008945251534254739,-0.015296814219331656
-0.015126231091825926,0.026760620659303624,-0.01525741591624652,0.0006857120170902786,-0.011198422825035526,-0.030270105304933015,-0.038604767298448694,0.0,-0.027542183619597482,-0.021607975911527633,0.011974366413673387,-0.01297068875826457,-0.02944274517165446,-0.02134422273883485,0.012230343777133279,0.01188031465843259,-0.00035651958370908066,0.0027423613040755135,-0.015984877007975906,-0.004196135222992392,-0.013538136117861532,0.024388533487335717,-0.007360670057292629,-0.01646166168164237,0.00455668282182925,0.003275396397371566,-0.03660965948032924,-0.03991272290694192,-0.03979810635870845,-0.04245344625930253,-0.02061347336797481,-0.0392745996557895,0.04044426637565762,-0.03840599312159959,-0.052264676607082006,0.01739477724226607,0.01098287826495381,0.03349761783960303,-0.004213904954326664,-0.0014504201070260625,-0.03484891766967335,-0.004600020798110727,0.021955988802024318,-0.0014757053119903718,0.0,-0.00021165221314300986,-0.002168832450374636,-0.014434201227803478,0.0,0.0036034534761795745,0.0059440393452387386,-0.00699310682715415,0.010975137207038077,-0.010220633385039313,0.0005710763456457935,0.031551628195734704,0.00011667132246079293,-0.0004748403695549741,0.004456519235311873,0.058174679193559675,-0.0002591402368573026,0.0,-0.00014872258615072909,-0.010290463785822657,-0.009558010831544006,-0.00745584672664612,-0.003444384787917476,-0.005695462203425261,-5.551115123125783e-17,-0.0001336491833635045,-0.004812205275101178,-0.01733018728376884,-0.00775346444375391,0.00047914522139480553,0.0010056923452220756,-0.0040987413473975165
0.00013225433806990372,-0.012675833550832571,-0.037955713115241096,-0.03968105772332464,-0.028378814198042224,-0.016486855553759006,-0.04010316657730911,-0.027542183619597482,0.0,-0.021057312169093012,-0.03456614851029022,-0.020563045533854907,-0.044093996121282564,-0.02012196135247446,-0.024265903698106883,-0.0017563417683779114,-0.013850839387106628,0.0030460424200803304,-0.03240585447277905,-0.03201938715249342,-0.02367141194650252,-0.037369790059912256,-0.03718433065234383,0.00016425717317009036,0.007001627112927233,-0.015318728077821864,-0.0023291878216273876,-0.030450212195015425,-0.03494524787458225,-0.0002903320506114637,-0.03870096670451556,-0.02902539870513904,-0.04070037171230079,-0.03616425905134757,-0.02567554544552486,-0.031034646174150027,-0.030411564581484085,-0.013035041946548587,0.017193950300328886,0.000645578304521055,-0.06379009726781826,0.0005528198130038686,-0.0024339510478933457,-0.057805831158699805,-0.0019396569004773156,-5.551115123125783e-17,0.001099349998262944,-0.011860525681836931,7.297230854019787e-07,0.01719190423857908,-0.008261534487294053,-0.0034198427789491337,-0.0242793783479206,-0.015107267137240754,-0.0013797388916146347,0.014135231123457825,-0.030010031686091954,-0.01138579183761812,-0.0005791780754730302,-0.0001792348492552498,0.0003790605856197615,0.0,0.0,-0.0005023313747798408,0.0004099376613513339,0.0012554967340485113,0.0006269838261473426,-0.010042035816658856,-8.984031333736375e-05,4.856433152317097e-05,-0.0016639961143180004,-0.014789371380363625,-0.0031409214425545118,0.005751869049738956,8.807704416524675e-05,0.002258976677099067
-0.004060526853179369,-0.01874458627276876,-0.020318155963296725,-0.051674736975388325,0.001173226674076655,-0.016227784454373395,-0.002176232099771469,-0.021607975911527633,-0.021057312169093012,0.0,-0.013051849017456096,-0.03070992126260147,-0.017597160518519506,0.04905336753395323,-0.0015689382903114057,-0.00404359146528116,-0.02707781960343303,-0.028403704424198484,-0.028645195131943302,-0.004456836508427819,-0.0029308035545784206,0.008674302355499652,-0.028668334024507802,-0.021373765559857427,-0.02600715338324394,-0.018195492129180812,-0.015205312105679603,-0.015097412121918397,-0.00226161994510099,-5.182127531921932e-06,-0.0127689981157601,-0.03880256564941942,-0.009206120958179353,0.006685275502829102,0.018523459573754564,-0.03648166114139595,0.023277158038326418,0.0012927192406832488,-0.06752582045210187,-0.016732937288390204,-0.02685335204234074,-0.00711600349294661,-0.007950496054024425,0.0006807807249172848,-0.014241985900476428,-0.016067529071511044,-0.00021669309263161463,-0.0005332888347782117,4.143468768091907e-06,0.00035150274001150006,0.0016909055976443432,-0.010192730666506888,-0.006781507008904952,-0.0019411632087748543,-0.020688593623678253,0.0004404797796658255,-0.03866236458499278,5.9726445458263555e-06,0.0,0.0008792228674854852,0.000601532747228406,-0.0022427376176354374,-0.02562849386496585,-1.3619798970854191e-06,2.2128731698656257e-05,0.0005458574609046862,-0.0018212485349929919,-0.001126518752574801,-0.029556325246371307,-0.006005500331418279,-0.015025057729155633,-0.009222076650412636,0.0036703152305737063,-0.0011189379742395644,-5.551115123125783e-17,-0.008809863901735493
0.0003245251839276708,-0.0002879430526250282,-0.021533210822499205,-0.022077164957887252,-0.02309768897797987,-0.028072195150020185,-0.0490665834901845,0.011974366413673387,-0.03456614851029022,-0.013051849017456096,0.0,-0.011219240913459883,-0.029634646323594138,-0.018203924037894337,0.0,-0.022776802310749245,-0.01425356168067421,-0.015442767715027506,-0.034044509482992286,-5.114916790194268e-05,-0.0001408144979262449,0.00019768995636737507,-0.027167955539523003,-0.0008941211952080419,-0.006448119210403558,-0.010329658925966656,-0.029371522218756496,-0.02717313167495533,-0.0020159508901652634,0.00038954503872218327,-0.04147457350200534,-0.003314894761368037,-0.03733790574839457,-0.025798344379722116,-0.009705986112565013,0.02888459316584563,-0.019090723139198074,-0.010834573877438247,0.030799448454298606,0.0005416455789901686,-0.029508593459358967,-0.008386826718993934,0.04183276275525383,-0.0002552113089695496,-0.0006127427841564059,0.0,1.1102230246251565e-16,-0.17036963040261444,1.4130197345529893e-07,0.04309253552256109,-0.0005470672890540706,0.002791015846970446,0.003110793451295668,-0.08822028944864702,-0.00034972502073066236,-0.026382302137021973,-0.019945674733824525,0.02405797414573524,0.0033197627827583065,5.551115123125783e-17,0.0,0.0,0.0,-0.050432141409680775,-0.0005659269296633407,0.0,-6.171896889745065e-05,-0.0009692674243136912,5.551115123125783e-17,0.0,2.0637584672356102e-05,-0.0008170866628665063,0.0009439956493680346,-0.0013856852801892305,0.0,-0.0004282851432875212
-0.05054041425009609,0.039028792860985484,-0.01801851833242596,-0.01354163324726787,-0.006586936976202107,-0.009691186991240885,-0.0023172111936976547,-0.01297068875826457,-0.020563045533854907,-0.03070992126260147,-0.011219240913459883,0.0,-0.007156549925499078,-0.015790644548210275,-0.015231283089410297,0.03971599772741796,-0.008429645159221899,0.009273791957575439,-0.0057187815278419984,0.00311898192681509,-0.027680624156470157,0.000934451880258591,-0.02679782093037636,-0.019946572042831956,-0.005552944163915496,0.006205217826437515,0.0011382895956074668,-0.0008297866492290584,0.00327113249090627,-0.0012251964091622436,-0.013287985932589064,-0.05479233041879367,-0.011627318343892357,-0.008467417263819887,-0.011720618408150307,-0.01661472039684475,-0.006619179444178003,-0.007297949414938637,0.004840373684402377,0.0009706634566306049,-0.02981883458000123,-0.0024254700973447285,-0.0012125225296898412,0.0011709457521723032,0.012862707304729437,-0.0171633550469929,0.0014113734293701996,-0.0004932695625009531,-0.000698739422597322,0.00010252921202069665,-0.0005953920302231297,0.012065673331928206,-0.0004045982443293683,-0.00011714490487618745,-0.01655438443971069,-0.0010219277457568787,-0.03261831083541733,0.01205561856109777,0.0002693176916215845,0.0001075115236001678,0.001509037362664778,-0.003892256344376177,0.005507159459704092,-0.00045460665832397495,0.00040326119983474795,0.0014687555038538358,-0.00033344786249495106,0.0022514045614712153,-0.03024541023866456,-0.005082568091890782,-0.015394812060375351,-0.0003733839814641371,0.034677406613090656,0.0001303522413077518,0.0,0.00231517959142874
-0.016784291580123345,-0.02442431147512969,-0.026634980421437693,-0.0018975147787324564,-0.030513115982786554,-0.018079449851824914,-0.02449397988042129,-0.02944274517165446,-0.044093996121282564,-0.017597160518519506,-0.029634646323594138,-0.007156549925499078,0.0,-0.02617578380196689,-0.031605539183243825,-0.050991379701922634,-0.015354704127792218,-0.03726558989449835,-0.035079128054475106,-0.03904725883566129,-0.035650808152807134,-0.03969318021838547,-0.03793001026712767,-0.005437700847478022,-0.022023701639777682,-0.02231388446395799,-0.030416852536120476,-0.038945778407558584,-0.040542941609928496,-0.05523963687313038,-0.044613406497792774,-0.012314118368630667,-0.017077351042573186,-0.01579537131750286,-0.0005500810313668336,-0.0295208420129231,0.00258074406837544,0.010000053746653637,-0.056860252985015625,-0.02172074981541433,-0.02909369605315859,0.01980401695988948,-0.01618759196094771,-0.03948703997745284,0.020889440725870623,0.0006538281342906571,0.0010642686076944297,0.0006513057106279918,0.0,5.8049509546242994e-05,-0.001801179938969777,-0.0016729899703066264,-0.034051184570894344,0.005063794977026581,-0.012791088294280328,0.033047792780438345,-0.03175646383543018,0.005202891531416787,4.87876490284922e-05,0.010812565325767631,-0.01172801877071844,0.0036211104330760024,0.0017352000748423468,0.005969578641336515,-0.008710699031932279,0.0008827962794970001,0.004818714720314032,-0.014024313306037983,-0.00028337492748670146,0.0009197846508433027,0.0018642907471607129,-0.011899820842481867,-0.0011842935918531805,-0.003768507151230227,0.0005662795923609965,0.0025152903300189045
-0.011064029574430867,-0.00025258299445862775,-0.028154729424556435,-0.02267272086670946,0.00629645261868661,-0.01679967554205164,-0.027446915471943445,-0.02134422273883485,-0.02012196135247446,0.04905336753395323,-0.018203924037894337,-0.015790644548210275,-0.02617578380196689,0.0,-0.0002386942279465898,-0.00040496908087456207,-1.8986882707017205e-05,9.950640987349546e-05,-0.03524916169196135,-0.0005119974914732373,-0.014910854960925812,-0.0005636175114574482,-0.023054498063770634,-0.004570490065125443,-0.02574102848665072,-0.00254494936835592,-0.015406317736693986,-0.015923448782273752,2.8095349499046574e-05,-0.00010659057289780227,-0.03981126009507058,0.03293730603894596,-0.003398694177202455,-0.0064024224197661295,0.04156753210283182,-0.011883998903206489,-0.024437604457351075,0.04514582291773339,0.040133211974516136,0.0,0.0006050830622865155,0.0009143588538695901,0.03871599904388895,-4.067375551364272e-07,0.0,0.0,0.0,0.009860327784090184,0.0,0.06882547903409275,0.017198159927531154,-0.002052308321248364,0.017111079477540314,0.006854791098443114,0.0,0.04802562935512705,-0.00016619329584227627,0.0016241584127839048,-0.0031710729971415885,1.1102230246251565e-16,0.0,0.0,0.0,0.011101194158282757,0.0,-1.1102230246251565e-16,0.0,0.016573377932401157,0.0,0.0,5.551115123125783e-17,-0.0015157732002037405,0.0003447249124274854,1.1102230246251565e-16,0.0,5.551115123125783e-17
-0.020828787462889464,-0.02102344708993048,-0.0010392357866960689,-0.0005241789170839506,-0.0004718157617193408,-0.03423728335377907,-0.03614744858103508,0.012230343777133279,-0.024265903698106883,-0.0015689382903114057,0.0,-0.015231283089410297,-0.031605539183243825,-0.0002386942279465898,0.0,-0.032006910783304365,-0.001858728286539768,-0.034828363993778366,-1.1102230246251565e-16,-0.031771051156951335,-0.0036567599745859214,-0.019261521826541117,-0.02230661785900595,-0.0463107293964542,-0.015105279925795634,-0.03284013902141575,-0.07286723349183366,-0.03363444518441394,-0.03781877450310167,-0.02935751694036287,-0.05088377168515795,-0.04727557252423886,-0.03193501801081794,-0.04968003935634263,-0.04925591900885057,-0.05893675234190182,-0.002286572236537776,8.744063304855221e-05,0.002300920899494463,0.014761290776326541,0.003270046953730954,-0.009592039737330693,-0.05809372163691512,0.0003018351731723934,0.0,-0.00042146859951563975,0.0074635921120360105,0.00028719833343687773,0.0,0.0,0.015407070735175,0.030109183670293582,-0.000215283588086701,0.0005075853784115569,-5.551115123125783e-17,0.0,0.0007028592497261843,0.009795411842504709,-2.316300725668796e-06,0.024075148491290554,0.012420394677049418,0.00032604946760372844,-0.0005502433629304693,0.0,0.015252155322462824,-0.0028126899100627822,0.007040732348164436,0.012754607197935808,-7.313425941968266e-05,-0.007330664451660973,-0.0023947976046138075,0.01632805222600664,0.010771889238911814,0.02661851149478517,0.011762765404587261,0.008272772920520699
-0.003924585971792793,-0.006017069182674195,-0.0001939008327266345,-0.00012798668572561178,-0.0015376746840845001,-0.04284966603552226,-0.06252613051649053,0.01188031465843259,-0.0017563417683779114,-0.00404359146528116,-0.022776802310749245,0.03971599772741796,-0.050991379701922634,-0.00040496908087456207,-0.032006910783304365,0.0,0.009105677872366214,0.0037918647022535668,-0.00015078111715760567,-0.054027285754255916,-0.011273026627856564,-0.03417557504836838,-0.020175705987633907,0.0003681723259711389,0.025399619777194793,-0.006118335493096094,-0.03553868706520408,-0.04577375286045515,-0.04518425761384587,-0.03756564288028963,-0.010738703505125013,-0.02181804693432593,-0.014925058463368002,-0.011463990468642937,-0.021221940173984433,0.0013200343709967033,-0.0002593425166220742,0.0018034136376014476,0.0016402737061902428,0.026403197283426494,0.019925584740797864,0.013755745397885433,0.026290615021540842,0.0,0.0,0.009197864159196545,0.025668519756904096,0.0,0.0,0.0,0.01825411056939391,0.0005713165707897927,0.0003455340553861763,0.0,-0.013084879984558151,0.0,-0.0017210133637468594,0.011306424383785263,0.0,0.005283565951514413,0.030436521583726783,-0.018230290604895116,0.031306424384687725,0.0,0.0075713274699779065,0.007838461325938295,0.0173619103127019,-0.00397764881179663,-0.0017103554629519513,0.03456559138373411,0.022552800683571406,0.005007265829131802,-0.005066338492716038,0.01181087668482439,-1.1102230246251565e-16,0.02218178415748423
0.00015676590612423436,-0.0007924030574056329,-0.00012001350780499465,0.00023199272761842415,-0.0054338643694420985,0.0038505793610768557,-0.014250197303630363,-0.00035651958370908066,-0.013850839387106628,-0.02707781960343303,-0.01425356168067421,-0.008429645159221899,-0.015354704127792218,-1.8986882707017205e-05,-0.001858728286539768,0.009105677872366214,0.0,-0.028680776008811804,-0.019376985381721668,-0.02436465338013505,-0.0003305935035925467,-0.029137455915048516,-0.01864577601540507,0.001432642297967579,0.007391728590009972,0.024960109542608466,0.00484624920506882,-0.0124521852374469,-0.002983581248871492,-0.0015555279072361206,-0.008847750026238332,0.004757218942797792,-0.0033529285867947567,0.0026441290660255135,-0.0037866654832982016,-0.022399412196156487,-0.0003494801568177941,0.007651187910719892,0.008868069125589184,0.010840527148209489,0.02690459847222093,0.0005224036242026386,-5.551115123125783e-17,0.0,0.0004771988388565518,-0.000769865180432372,0.013226348259443965,0.0,0.0,0.0,0.0,0.0,0.0,0.0,0.012070702007210055,0.0,-0.010671031623856575,0.03411717311374585,0.0,0.00015845571217837362,9.791306016376788e-05,0.0162723655404981,0.008506418024728402,0.0,1.1102230246251565e-16,0.0,0.00029430721367329493,0.0,-0.007105144367550609,0.019992883703175923,0.01962460314598824,0.0,0.041965927203518716,1.8201920543525762e-05,0.0,0.01443683905093246
-0.0021562408193402938,-0.018783051218723867,-0.001901419741565269,-6.9169433160043425e-06,0.011424316872995777,-0.046242758581892474,-0.035493465335039664,0.0027423613040755135,0.0030460424200803304,-0.028403704424198484,-0.015442767715027506,0.009273791957575439,-0.03726558989449835,9.950640987349546e-05,-0.034828363993778366,0.0037918647022535668,-0.028680776008811804,0.0,-0.023532682020952544,-0.04163398358498377,-0.016826444715887845,-0.02617209895734035,-0.02522574624199342,-0.008052044589180851,0.0068534632852533806,0.005445672133771784,-0.02904489238867597,-0.04297773435192764,-0.05838010210917882,-0.02156127406601477,-0.013407462550012128,-0.008181821262254196,-0.023643106627985577,-0.012581417943121342,-0.019358175241154907,-0.0004298740005259094,-0.000329448913849395,-0.026966705041680694,0.007063777458834519,0.02310262305731403,0.008614535167045745,0.014688826206015082,0.0,0.0,0.0013324343587289844,-0.002858838798662555,0.024586237245964704,0.0,0.0,0.0,0.012568743870137955,0.00015458856527311715,-2.5249647216341042e-05,0.0,0.0042115411379691214,0.0,-0.0020954635181588688,0.009427488376949456,0.0,-0.036746956011323106,0.0297139499184349,0.0056658177862727865,0.023269132443162477,0.0,0.001177833787260163,0.0012472277510292007,-0.031586721822276176,0.0014495628459416099,-0.004999502065336281,0.019515466302843676,0.018789246378250746,-0.00029989502429761394,0.005717266824928957,-0.002473951361786242,0.0,0.004824199294975184
0.0,0.0012611072205820362,-0.03018321040585259,-0.050780990770997625,-0.04102845208770661,-0.03269925662087042,-0.05418957253708373,-0.015984877007975906,-0.03240585447277905,-0.028645195131943302,-0.034044509482992286,-0.0057187815278419984,-0.035079128054475106,-0.03524916169196135,-1.1102230246251565e-16,-0.00015078111715760567,-0.019376985381721668,-0.023532682020952544,0.0,0.00038974515241801955,-0.00036691876193106765,0.0012845272487289616,-0.017571468332762574,-0.00026088447853789276,-0.010911312934243467,-0.01848356141811347,-0.055632540268906294,-0.03662838530710527,-0.00043020420405215365,0.0005726732034425641,-0.04754018331454324,-0.028825195168289852,0.008553625282215371,-0.03842486411020063,-0.031760430299134,-0.019909944446207306,-0.02646933819030145,-0.008871692840858758,0.008921198989048862,-5.2152728221455114e-05,0.002852627923261797,-0.00492556656254628,0.01949748825743708,-0.020816352588771236,-0.00016207919542693405,0.0,0.0,0.03699587099837304,-5.551115123125783e-17,0.01512790206774306,-0.01864889644454759,-0.007831863947877382,-0.028099242202676344,-0.012677744009790382,5.453403567001747e-06,0.07765191808012123,0.00045355709229133456,-0.004919976560754935,0.014399863736777041,2.220446049250313e-16,0.0,0.0,0.0,0.015164524363834753,1.5668326849904712e-05,0.0,0.0001058390652909913,-0.018694687944919575,0.0,0.0,-5.551115123125783e-17,-0.015076298239633412,-0.015964556165784183,0.01436251522411952,5.401746957955922e-05,0.0006607525724048324
-0.03428375289221658,-0.020364115427022433,-0.0009694031192273855,0.0007391919713535811,-0.048841188016048864,-0.03547091249412909,-0.04208516264774936,-0.004196135222992392,-0.03201938715249342,-0.004456836508427819,-5.114916790194268e-05,0.00311898192681509,-0.03904725883566129,-0.0005119974914732373,-0.031771051156951335,-0.054027285754255916,-0.02436465338013505,-0.04163398358498377,0.00038974515241801955,0.0,-0.026284386199274756,-0.04439255758454064,-0.0732344429203306,-0.01645470328423776,-0.01602220366064394,-0.03629851935643991,-0.03245614767374011,-0.0343479187219356,-0.02650709808737084,-0.06562004672633054,-0.046813816541948605,-0.06535728056629558,-0.05572767672662532,-0.06527641941696194,-0.06647142298653858,-0.060976231502881506,-0.00034974845856933223,0.005250625534180153,-0.017219398038313627,0.018437109794820217,-0.009394540043622113,-0.004569532419739064,-0.07352354421570267,-0.0011826415967207682,-0.00047931378909937816,-0.00080393872158524,0.0063558682351831375,-0.00045024036031132697,0.0,0.0,0.0125721373541684,-0.02020405651558682,0.024905032450410758,-0.013151970915267985,0.0007305873656825446,1.1102230246251565e-16,0.0006664892225510255,0.0063980935704539554,-1.1102230246251565e-16,0.006481473717392494,0.02251638555599139,-4.804612720288315e-06,0.04012186273578955,0.0,-0.00169033594379292,-0.0076427960628212555,0.0017841825531918487,0.001985665903334377,0.0,-0.007240005976595132,0.003523967119108351,0.0024902913999271248,-0.0014414733000147617,0.016312875741069544,0.0019028720619850281,-0.004468169522226784
-0.019801605543897316,0.015382546769621253,-0.003196092861986022,0.00018851564600214088,-0.024766847290307648,-0.02763297526189462,-0.03606076852812967,-0.013538136117861532,-0.02367141194650252,-0.0029308035545784206,-0.0001408144979262449,-0.027680624156470157,-0.035650808152807134,-0.014910854960925812,-0.0036567599745859214,-0.011273026627856564,-0.0003305935035925467,-0.016826444715887845,-0.00036691876193106765,-0.026284386199274756,0.0,-0.007554246077458249,-0.017307310848236,-0.027219965365433696,-0.009843343778449698,-0.008351224131776747,-0.033350756900029255,-0.03492557584775441,-0.021107478489897913,-0.019088998625327924,-0.0370699558698141,-0.027575572039469642,0.0016136660771715605,-0.02064440557151792,-0.024351160630320168,-0.001619474148944422,-0.0006897201739280434,-0.002239410335831693,0.0043255725237445475,0.03802695587968252,0.012787982908259388,0.003845913455463701,-0.06036177471904791,0.0,0.0,-0.017503461365406092,0.020883813165995246,0.0017535600588189926,0.0,0.0,0.006434553533743115,-0.0005116478717453465,0.015576224494076252,0.00016171659361702284,-0.0005374466001723532,0.0,0.000774233693406734,0.005116772527487379,5.551115123125783e-17,0.021905654581524936,0.022541149855304088,0.0,-3.725629282003151e-05,0.0,0.006225041636603035,0.031339123803172775,0.011931272758156253,-0.006498731555811821,0.0011923520796823794,0.01809722320012208,0.011704692362229485,-0.021981171623088935,0.00023703679786796217,0.018456871116452722,0.01852828332205908,0.011382018988696285
0.011055256501042832,-0.008859504928066808,0.001343533057740931,-0.001973519629528353,-0.050452919087960846,-0.03792109869886984,-0.04278312873723489,0.024388533487335717,-0.037369790059912256,0.008674302355499652,0.00019768995636737507,0.000934451880258591,-0.03969318021838547,-0.0005636175114574482,-0.019261521826541117,-0.03417557504836838,-0.029137455915048516,-0.02617209895734035,0.0012845272487289616,-0.04439255758454064,-0.007554246077458249,0.0,-0.04155700884208996,0.005713104665305002,0.015842320560121248,-0.015908202115520742,-0.049588131011173486,-0.024994606281886933,-0.03340820824153479,-0.05170974999610056,-0.032842271245773325,-0.045762184245362825,-0.028670067324103543,-0.047579175883860736,-0.0439908484445945,-0.058015418212878145,-0.003154368960272824,0.004472344524214855,0.002455521929118465,0.02032369903460135,0.010549384686619645,0.004232679828388042,-0.08736262743427764,3.591292867272111e-05,-0.00037296066928599325,0.02886911914065582,0.025061985531249498,0.0004824495067727308,1.2737053710076829e-06,-0.00013837570290897716,0.02043160823174167,0.021575749629132723,-5.796049473810738e-05,0.0010499318630418086,-2.9848843072777242e-05,0.0,0.0007753262979552367,0.017855205518147954,0.0,0.008901826909327226,0.02734408356910578,0.023034717627665013,0.03304429161846867,0.0,0.0006239755505941247,0.0066122438215186485,0.008975011712197778,7.042085853259383e-05,0.0017074664877873569,0.03344361795101941,0.01720655939437271,0.003598479781285302,0.016676407010943972,0.01707604739653784,0.0006171244587943603,0.018079151268920846
-0.040494294167709666,-0.015909531237491448,-0.044249562381312446,-0.034054302372422574,-0.025327789521041477,-0.02547041408276013,-0.04538418338193195,-0.007360670057292629,-0.03718433065234383,-0.028668334024507802,-0.027167955539523003,-0.02679782093037636,-0.03793001026712767,-0.023054498063770634,-0.02230661785900595,-0.020175705987633907,-0.01864577601540507,-0.02522574624199342,-0.017571468332762574,-0.0732344429203306,-0.017307310848236,-0.04155700884208996,0.0,-0.05159963101699594,-0.01930431265875232,-0.03863444528017079,-0.03414532922598923,-0.047933450456616844,-0.05547076738785561,-0.05426725158370588,-0.0503135036969688,-0.04663755684202303,-0.06457513798058562,-0.05348705751295035,-0.061224217733983455,-0.02939484886245619,-0.044707300251649984,-0.008531890026378608,0.003451144678748186,0.018274616470370486,-0.02461928707441363,-0.05096679676207355,0.001482090239797229,-0.01852348385178404,0.000274003355233976,-0.0004921734492317476,0.0006620360476220499,-0.013582716369915926,-0.00039409569975168424,0.00502281913546343,-0.001522096786947813,-0.006768986150624157,-0.0014589053408496921,-0.0021709061572543487,0.002013489341451846,0.04261584569282656,-0.0029024193924671593,-0.009250447687442653,-0.0008242980674629807,0.01095169296512849,-0.005304572710330524,1.1687751801492396e-05,-0.0005665566044499859,0.030001554542838482,-0.007123879542804357,-0.013626205980052042,-0.01069417940963091,-0.007173483603564179,-0.00031091001742400426,0.005536853366673811,-0.011495234796275788,-0.011140571118951947,-0.012854696523200482,-0.005107194546561444,-0.0025453800836747753,-0.013357962282092517
-0.049455382381288326,-0.0017336188793092289,-0.001578279090399426,-0.001603186873907314,0.003830475304586023,-0.02710909535734568,0.002444962583658006,-0.01646166168164237,0.00016425717317009036,-0.021373765559857427,-0.0008941211952080419,-0.019946572042831956,-0.005437700847478022,-0.004570490065125443,-0.0463107293964542,0.0003681723259711389,0.001432642297967579,-0.008052044589180851,-0.00026088447853789276,-0.01645470328423776,-0.027219965365433696,0.005713104665305002,-0.05159963101699594,0.0,-0.01642170161387413,-0.015385397917474675,-0.03262999379980808,-0.014096745538283106,-0.003209656979247133,0.0006832802701108309,0.0023392239380822244,-0.06736780292229666,-0.0066951318175652585,-0.000531606180877775,-0.018507099174021602,-0.007910604250068287,0.014372217428309908,0.008966101901150214,-0.07780119837344246,0.019476999454404842,-0.032004836815407,0.008252855802514003,0.0009060867809764228,-0.0001040534658287573,0.028788854863151525,-0.020258833547141197,0.009986261130792262,0.0,-5.551115123125783e-17,-4.6164478393784236e-05,7.115975737537195e-05,-0.0002084959500198713,-1.6653345369377348e-16,-0.0003147909263419013,-0.010087102365789358,0.00014973958956632227,-0.04582428009364731,-0.00928141832827628,0.0,-0.0007934513684973998,0.02735687631883199,-0.0016153334510461415,0.014513738373711671,5.62572248535842e-06,-0.00022264668101679153,-0.0001922612347132202,0.03383662375858143,0.0006939207176783757,-0.04702115591496908,0.012480943981002302,0.004812013133958515,0.00034403793361093005,0.05538897685035277,-0.00012083460338130347,0.0,0.008848990462344941
0.006485855020390452,0.012354193291305826,0.04055021827940175,0.0005937973540262598,0.03619163793485641,-0.0126266495157627,-0.01662299683470142,0.00455668282182925,0.007001627112927233,-0.02600715338324394,-0.006448119210403558,-0.005552944163915496,-0.022023701639777682,-0.02574102848665072,-0.015105279925795634,0.025399619777194793,0.007391728590009972,0.0068534632852533806,-0.010911312934243467,-0.01602220366064394,-0.009843343778449698,0.015842320560121248,-0.01930431265875232,-0.01642170161387413,0.0,0.005219676648082927,-0.017258065207363005,-0.021651630392363896,-0.034666216197773214,-0.009111539532213497,-0.011040970325554955,-0.005006997023526305,-0.011473885124659133,-0.004419534785171764,-0.02134160388220946,-0.003937853031875549,0.00032643513129837487,-0.010252964583646051,0.027826653206741603,0.034875336497304954,0.02206697408936792,0.005454086852192286,0.007510367326650724,-5.551115123125783e-17,-0.02004819240339395,0.013114778631037105,0.056881922756968795,5.551115123125783e-17,0.0,2.220446049250313e-16,0.020767871487752776,0.015598423984838516,0.001230263776145657,0.00040240918311768015,0.014252899133052166,-0.0002308061958912755,4.536174973979179e-06,0.005285788524530488,0.0,-0.006842398694212326,0.05050325925866472,0.017414877497143155,0.029933233165224227,0.0,0.0010475216531172227,0.025736034486977588,-0.0033893996289717787,0.01810131864471587,-0.011161974364461758,0.030446264006615376,0.02722237230443675,0.017042666017219377,0.008883012436066096,0.010047449261467611,0.0,0.018391156124110852
-0.017348722894641122,0.0013110962763749345,0.01417671406105353,0.0016855948878382043,0.014830453782178399,-0.021992692448694173,-0.009637959879577496,0.003275396397371566,-0.015318728077821864,-0.018195492129180812,-0.010329658925966656,0.006205217826437515,-0.02231388446395799,-0.00254494936835592,-0.03284013902141575,-0.006118335493096094,0.024960109542608466,0.005445672133771784,-0.01848356141811347,-0.03629851935643991,-0.008351224131776747,-0.015908202115520742,-0.03863444528017079,-0.015385397917474675,0.005219676648082927,0.0,-0.045663107286376625,-0.023194985836116844,-0.03279181509762513,-0.01921690390722708,-0.02159084949374057,-0.023067468538080227,-0.006344394935916042,-0.01906752090321373,-0.025392973219250436,-0.03781928359742048,0.0012347011874412894,0.008790687446870171,0.0035762739941942456,0.03142203117468895,0.013809123073533824,-0.02935899081897847,-0.026093337251893667,1.6885804497490664e-05,-0.006521841332113754,0.0021335969547083833,0.029297864667353568,0.002139503232642226,0.0,0.0044521324864676415,0.008313094729755888,0.004763608301015132,0.001060988121705575,-0.0013510185249813733,0.009451021486552691,0.0,-0.002165215721676661,0.008254137804858064,0.0,-0.002355675675356106,0.03353235003177829,0.014170601497079105,0.022205411274369424,0.0,0.0013699889714702818,-0.008029102752438344,0.005738827568168903,-0.01031836101173711,-0.023306055578339258,0.022038513108987523,0.013456100698110596,-0.01246359485845866,0.007373328438344373,-0.001958242583432801,-0.00033766153067660287,0.01610421586258748
