0.0,0.6643447945412524,0.36609431541876847,0.0,0.4084854168198448,0.25127107463371534,0.45747185257256495,0.5027956323222451,0.4477216199808074,0.5268368490239911,0.44845892497696527,0.1917729891630144,0.5169021927932355,0.416049228029964,0.348870710484922,0.7087603089768938,0.40829972279569016,0.5824071620302872,0.0,0.35287350946080553,0.3310978241017864,0.7049381840913429,0.3029515997265197,0.2703905173406498,0.5605216671931854,0.5524104216149299,0.37613421027436605,0.3709884940051279,0.2856208709964453,0.665583557615668,0.3909365944983626,0.4742073008882518,0.5826219822153864,0.3661247339081559,0.35768382894273903,0.6441415432518838,0.49467708057991955,0.5010481828588127,0.8756558954835825,1.2012753731443613,1.1817707742510704,0.5705350054769933,0.4664404095053021,0.0,0.4505874694868823,0.7535400199231972,1.0902566886821718,0.0,0.0,0.0,0.9668260400724313,0.0,0.5803213062582417,0.0,0.35183083742509025,0.0,0.5465252618499911,0.7106004792519063,0.0,0.724164110918343,1.0138068406055627,0.2813494100074655,0.717412610193739,0.0,0.463790836640599,0.808153697041585,0.9496124926836733,0.6204134669927699,0.2984324072023619,0.8337833400628265,1.0223929685414435,0.4467093323479365,0.3898057214037545,0.9717971097052438,0.0,0.9022490591932779
0.6643447945412524,0.0,0.6055704850798098,0.3414278124742864,0.36707430316758766,0.436925684616135,0.39965046829302264,0.8408618429942482,0.39358932686565007,0.32624009562104894,0.3222070437914342,0.7271371970824041,0.41564168433359366,0.5091093743714513,0.4431480104610733,0.6188045749806886,0.5886567538380616,0.49939335343094543,0.6424347357812068,0.41358933526490393,0.7364009958354303,0.5897770991763774,0.5708306790101514,0.41877102141297295,0.6304705416283782,0.5347269765937037,0.39309640777973154,0.3868772664268449,0.29036386896502053,0.18870063015083074,0.44450645667799965,0.4229354164823592,0.4186501761187825,0.3884326773018414,0.3706011975583915,0.8976190254653835,0.22711279607776858,0.0,0.737472294289377,0.8927748905312505,0.7343724700715144,0.8465661217706566,-0.283565620734931,0.0,0.0,0.8411422598190572,0.9001105141388943,0.048506192939031835,0.0,0.0,0.8279076007657671,0.7054398947729246,0.5681657942718483,0.5641266570783171,0.6063537330853853,0.0,0.44213720883591257,0.8052320579232538,0.0,0.6895570099663242,0.8638617051358399,0.7863629479113436,0.8702973773282424,0.0,0.8085088939494838,0.8388839961943195,0.8733574037120573,0.7244173649547002,0.4367393077776318,0.8934963958394537,0.858231501567416,0.8089945845142059,0.9341989941265482,0.8659152521876083,0.0,0.9154760572007936
0.36609431541876847,0.6055704850798098,0.0,0.3998940188623988,0.4505422803960386,0.5727212883057373,0.4087649177006236,0.6177985756983422,0.15328130169241633,0.40314157429910386,0.4764411917995278,0.3751088244300208,0.48681615716495713,0.47757268242818307,0.33575477388310054,0.44456863698597376,0.6300091797490028,0.5155006514980857,0.3415034512493422,0.3922323736515382,0.3974629995129898,0.5812888951073418,0.2777427559057182,0.4016207136817111,0.7402434466706876,0.5903592379529905,0.2001346307367988,0.47538993571300847,0.5837928775872041,0.6247117510815738,0.44597306915349916,0.43419266812798696,0.5110978594648599,0.4070101669905648,0.3834440429084746,0.526648467673004,0.3628531659719016,0.49844901344937836,0.7596477239576767,0.49575590442940165,0.5226940214015638,0.030650268038632356,0.7033832821838795,0.6788650583527691,0.0,0.0,0.20444058310089905,0.849003886435848,0.4799848545735036,0.622260153295479,0.5703450619163422,0.5818253034077387,0.5760006677147196,0.7281691586840886,0.37349463044674636,0.948682985389381,0.4726304907076529,0.6580085402584903,0.6417457734968253,0.24637730493503512,0.0,0.0,0.0,0.8251109298686741,0.6408020312131251,0.44854561747303484,0.10104073668364356,0.6224556948418325,0.0,0.631799908627838,0.3491650067532561,0.6585691082807266,0.5924439946386104,0.6718982487202727,0.6929861252502991,0.41932559249272444
0.0,0.3414278124742864,0.3998940188623988,0.0,0.3154260541905343,0.32338383164416107,0.21774042784456374,0.5681516083158107,0.372789480719191,0.15997167237277907,0.3887896798890306,0.29765930018521425,0.45608587115063665,0.3060750504267682,0.5980698586079931,0.09545166115940916,0.5643088345689997,0.46587895545039915,0.2965978683214764,0.5919072045434277,0.40518967157223207,0.5322806692211184,0.3072424793909303,0.2447907700305687,0.8764882536478692,0.6107490806723219,0.30858251762872896,0.1349320955027131,0.10813900277787653,0.4956927134780697,0.4820609224322907,0.09503201323501148,0.16840527525187082,0.23734562233909712,0.17917308749883248,0.2156092041089141,0.053106958572110646,0.2888183555103976,0.09901701788662355,0.3043476538495513,0.056626660693063074,0.017519882929515646,0.03569234874060595,0.19846663616077215,0.0,0.0,0.0,0.40419996547810405,0.0,0.0,0.5937310008156905,0.0,0.46371683786677687,0.01446731584446651,0.0,0.0996673781514096,0.23387447127278066,0.4537365312792598,0.0,0.0,0.0,0.0,0.0,0.0,0.0,0.0,0.48020383334283234,0.59809470076436,0.0,0.0,0.0,-0.04660316809696885,0.02194116855448125,0.5837699207908447,0.0,0.0
0.4084854168198448,0.36707430316758766,0.4505422803960386,0.3154260541905343,0.0,0.3239725126682459,0.3487857676748579,0.5495704534397363,0.25691857693611575,0.6549410105309863,0.2998486651970256,0.459872217978899,0.3876192472157959,0.4715535319636458,0.49214291878879235,0.6483126559316664,0.5417104201513955,0.5542094725966278,0.2891874939137372,0.2291623713191711,0.27452336811701494,0.23549246226792808,0.36698696566851513,0.5678578687984854,0.7950416032528466,0.6537698528772868,0.4572084307170572,0.13291884103652202,0.2064240193973125,0.48623990994954086,0.3878282372399334,0.3678667802645916,0.4814718190940163,0.46278446820066743,0.5964037287010542,0.3603980378166983,0.3038404223734629,0.5551547283324563,0.5124233609193561,0.7076698086232917,0.17736509921404253,0.5163610468743236,0.6991963220665417,0.6580764850431559,0.26060288607261456,0.0,0.42326306555497395,0.6184646135748896,0.0,0.7419258379221513,0.6636294554236859,0.6757538581433278,0.46737107843096976,0.5844508348397113,0.0,0.7455960768942237,0.44901832103717265,0.6948772294991729,0.5164248482800564,0.2566385822892988,0.45680110098958526,0.0,0.0,0.7284856524564043,0.3209149082387424,0.49405421113273085,0.3596893098507391,0.5910859850743586,0.0,0.4967245901114098,0.5687437502077783,0.5943344256229905,0.6628787686050392,0.4811044166905593,0.0,0.5231534653748663
0.25127107463371534,0.436925684616135,0.5727212883057373,0.32338383164416107,0.3239725126682459,0.0,0.42938479798287876,0.39980355122316247,0.36805912227284804,0.5193425667205518,0.3332154980110098,0.6130304501360047,0.445497166070391,0.43931027669897627,0.39939063801733227,0.3278836114845301,0.5613890729952187,0.2877714784837554,0.38387577736626066,0.2662054756265281,0.4110130573301394,0.23451072099344297,0.4022818822658294,0.20763915456846066,0.49337221683960614,0.5171784751921302,0.5483133264500799,0.43220248254517596,0.27770373340449694,0.35450128139884274,0.47536827514704744,0.31186627357955926,0.5090133959207105,0.3975312552259531,0.36035879881315647,0.45168730869826446,0.39453726420999435,0.5562110109645196,0.6454364032533533,0.33432936612150593,0.36246960413930507,0.6517815555986282,0.3978305947011127,0.24041309142761003,0.19615844348549044,0.6268633573348432,0.7261360533549766,0.6363674148452034,0.5635064302030051,0.5288610655790968,0.6285778178387398,0.6060377910679815,0.5078033073414836,0.6764768956482283,0.7059592612593559,0.7891451729060386,0.23475040556849475,0.6348290750273202,0.5231562638527428,0.686306370882062,0.7793775772269053,0.0,0.4465444500140098,0.6330687840028532,0.6035750341440094,0.3918721219424427,0.679147958419079,0.5512402911515221,1.57851817919788,0.6011039211136922,0.6869204479701547,0.5777108641013833,0.5282917829849997,0.6291798662952062,0.4964896716130963,0.5055069834905186
0.45747185257256495,0.39965046829302264,0.4087649177006236,0.21774042784456374,0.3487857676748579,0.42938479798287876,0.0,0.3006913081159314,0.30969179448945955,0.5678740625060766,0.29756337625941315,0.43379900083606937,0.43948099764643944,0.29052933392669256,0.2300138372874445,0.2199804281830341,0.4730396392220171,0.36124967744155395,0.2883461857739741,0.26300450227429706,0.24307605041191005,0.28443854542908686,0.28649664888880855,0.5482142313866136,0.49066609522289417,0.6016879410297566,0.2975333415307796,0.15662134911525877,0.3709518988694716,0.4804786742588161,0.29712446794998915,0.41648464525580936,0.37791101489435386,0.39652382969168243,0.44281429070017964,0.3763107368556936,0.3116916974524938,0.7116314948617957,0.2224158215619096,0.7840828955842416,0.19493959626222226,0.3902167439630509,0.432415950067218,-0.21243777009484272,0.6570347432220038,0.0,0.4912884941193525,0.46330051800449934,0.0,0.5420329348921802,0.5466023005510783,0.5616016966398323,0.34998165858307817,0.6377993665907071,0.02511298549975688,0.6794756554776904,0.6433149316048224,0.5129712577708495,0.34289303308130203,0.4312465401681106,0.6030368196203841,0.0,0.5416415607089798,0.5872381256688578,0.57874308533286,0.49183678689846494,0.6861706819883523,0.49240122748633686,1.4688439475492698,0.6119353071989202,0.5092966107742471,0.4955020821350442,0.5391948998434809,0.47512298982027446,0.784957439273712,0.41625014876499206
0.5027956323222451,0.8408618429942482,0.6177985756983422,0.5681516083158107,0.5495704534397363,0.39980355122316247,0.3006913081159314,0.0,0.5059203015162882,0.39377839442385293,0.6414326292498321,0.5375702310751526,0.42184546158108394,0.6108603821669628,0.6166796617429855,0.7764216487846554,0.4697124822652408,0.6520732456557301,0.5406867541721846,0.48061229180271764,0.47072528304742567,0.7123394712609126,0.5592364516885384,0.36338272019704554,0.6520721137661989,0.6487123878676564,0.36298476645914407,0.3086119913889521,0.2474949430166447,0.22930077037064145,0.4678571833525018,0.28646962183164354,0.7629503923862349,0.2923683844534829,0.07986346546260698,0.6292757457868927,0.5004924906378836,0.8163882980588442,0.5942067894960048,0.41226866922148075,0.18682419281618454,0.47625869401504833,0.6518344182505615,0.44710536093295594,0.0,0.5562378583725522,0.34628618051249704,0.6119544617769181,0.0,0.6081771741076827,0.6991327327154727,0.604970198413715,0.6242545579149046,0.5552359134450886,0.8215619801055346,0.6812143188823184,0.9730237917064103,0.6084211106025244,0.5773752851480493,0.9733343818173764,0.38180042902578293,0.0,0.6593872272491569,0.6486206696598301,0.6584392449880778,0.5831368807620299,0.4711037542100691,0.6257589505295866,0.0,0.47151752487404264,0.4087402795865528,0.525010235429517,0.5409179662083996,0.6773855968122672,0.5216968379497138,0.4654694018926824
0.4477216199808074,0.39358932686565007,0.15328130169241633,0.372789480719191,0.25691857693611575,0.36805912227284804,0.30969179448945955,0.5059203015162882,0.0,0.5284287764371924,0.22220201258648953,0.47849676290773147,0.3398794294098708,0.4689021290437494,0.3626118054913523,0.5903144570331348,0.3724634751863911,0.6020609852908283,0.20404325797977413,0.35337699945184836,0.26988138721494165,0.29151501304117833,0.35428049119857213,0.5935813571572042,0.6014018691691276,0.554450229981129,0.5057607053913257,0.4724543834063089,0.3104698469180973,0.6194835085334727,0.4336874842297556,0.47743641543391857,0.3687011080196333,0.43493490795963885,0.44863505471200743,0.43551380062010686,0.409711136753353,0.5724103311153325,0.7242122282895784,0.5312886227573497,0.14065365934016366,0.33567953715425136,0.5448152357329755,0.16788626354878022,0.28466441361684924,0.0,0.514679462269694,0.608949106324115,0.47720260389484637,0.7782778241563273,0.6207507674758479,0.6597072815896876,0.5279068174419015,0.5464142236485907,0.2124979940714839,0.7155718471986376,0.12436822966373226,0.5043374165281513,0.6284250192868952,0.4413607555690967,0.691423160399716,0.0,0.0,0.6313697581610307,0.6092060893444651,0.677983029860548,0.5707735021104539,0.6060061559874622,0.3231700489508258,0.5646221641309872,0.2782869469221503,0.537040206182263,0.5144569872577388,0.6271709612338406,0.4933236737079897,0.641935532614321
0.5268368490239911,0.32624009562104894,0.40314157429910386,0.15997167237277907,0.6549410105309863,0.5193425667205518,0.5678740625060766,0.39377839442385293,0.5284287764371924,0.0,0.5567879350421608,0.2808277732540484,0.46210065311425136,0.8048495063481992,0.4797218940166113,0.4772513870752725,0.4411282941711676,0.3153567596705683,0.4159021085466396,0.4239036215438443,0.646031930597611,0.5655923345863463,0.3247651884045993,0.3483957274655767,0.5456500227932346,0.546927906062642,0.42258797233940715,0.5159286526441991,0.46912906670041377,0.41218307649521707,0.5943108685777515,0.03704994296832137,0.5849782822583064,0.6352903598764531,0.6648752519562592,0.2950865915851837,0.5559501999104987,0.4879638844937249,0.15769427667578578,0.35965555583116465,0.36677903916045573,0.3473660658720231,0.30884864883325036,0.34943129134312956,0.4287222636654159,0.5536520758478216,0.4887303889736402,0.16059751517828152,0.48658709376352427,0.4581630978690353,0.5262528560969054,0.3800670902155291,0.3753866252812908,0.22757030770766634,0.4380584942356731,0.4304340038472561,0.35057426766666067,0.612378000578472,0.0,0.9074733318636286,0.5705804831054078,0.5305812920146482,0.33387781673687134,0.47917898062369335,0.4719123517364933,0.5636560535599588,0.3334360512836314,0.566333903098207,0.28763223487242917,0.48413944119823316,0.4776573978970361,0.46019622300553176,0.5604811045214568,0.3979023147161677,0.0,0.5888027268088817
0.44845892497696527,0.3222070437914342,0.4764411917995278,0.3887896798890306,0.2998486651970256,0.3332154980110098,0.29756337625941315,0.6414326292498321,0.22220201258648953,0.5567879350421608,0.0,0.5114791099521485,0.4003840100240142,0.44802502744793715,0.0,-0.3633267498884011,0.45006416560854184,0.4524748091604238,0.2713989551871185,0.45580748923503345,0.5451973646787975,0.38781571000612675,0.3707215243960188,0.5563346143069434,0.5533205928032371,0.5239853919860743,0.373525680948905,0.41245597706470516,0.3910370380971181,0.5470746353884605,0.339571246950396,0.4983097581929389,0.2676848401484383,0.4643588627522517,0.489752897680377,0.7248746945662304,0.5241453690252823,0.551319087138999,0.7141739294671017,0.5542668065984626,0.34240888276356535,0.37998363276721936,0.7838098762512775,0.571159945836166,0.19189372543443983,0.0,0.0,0.11447117013504093,0.47378661507690845,0.6749610086546396,0.6182168703990852,0.5144092883223945,0.6286424439781461,0.3246667317362178,0.49952765230735663,0.3974495154234624,0.20411510535135638,0.6987022426611389,0.6189400205619577,0.0,0.0,0.0,0.0,0.33457178144663813,0.35738705212287347,0.0,0.6745818573740279,0.598124734149714,0.0,0.0,0.9517384826541814,0.6554658270741102,0.489650443431133,0.35991365789433616,0.0,0.5587831917770861
0.1917729891630144,0.7271371970824041,0.3751088244300208,0.29765930018521425,0.459872217978899,0.6130304501360047,0.43379900083606937,0.5375702310751526,0.47849676290773147,0.2808277732540484,0.5114791099521485,0.0,0.5003042238647557,0.5349122171093186,0.2961231790618136,1.0359535205934607,0.6478829171469026,0.8049867952621786,0.5425581972422429,0.5458395530928188,0.4152034760591586,0.4532763105616907,0.30453634370513194,0.27927412726897155,0.6244961083510469,0.5665294635081906,0.5699811690982127,0.5567942298504327,0.6212874149937418,0.30136861324628633,0.4138024649008869,-0.07564858411408754,0.4413627048089924,0.3569600631263541,0.3956953193064521,0.2558611625781523,0.3343006946658198,0.23076975071205252,0.5320381386714053,0.46087349679091344,0.33934155842006686,0.31307101874244286,0.433105768683098,0.46151353939080475,0.5076379798281564,0.36002725140902325,0.5628600450467586,0.27204152698996903,0.1932005862592792,0.2939568408536567,0.3386689589050967,0.5967615547114444,0.24054373686615402,0.42216580941044846,0.4852412613335898,0.2434758548366714,0.49348295623190064,0.6176375470701343,0.7218195157639842,0.6463948722640256,0.5359992781807702,0.5256571612577275,0.6773472082413174,0.34022843416625226,0.775239812819964,0.7720296902811193,0.4160399885784869,0.502853528851636,0.2949030704615262,0.5399148292029652,0.4953102633708488,0.33233898910655213,0.818788130447685,0.5172544670268246,0.0,0.7013653741717198
0.5169021927932355,0.41564168433359366,0.48681615716495713,0.45608587115063665,0.3876192472157959,0.445497166070391,0.43948099764643944,0.42184546158108394,0.3398794294098708,0.46210065311425136,0.4003840100240142,0.5003042238647557,0.0,0.3840057937023722,0.35861437176442046,0.30217041960778357,0.45203258023704007,0.37440393831546603,0.41911123306814624,0.32946713760470914,0.34022437526423843,0.31570257627168097,0.38570577703139086,0.42205076290162125,0.5166455375643283,0.5125139320852266,0.3907048171459826,0.32236422338096105,0.3243483417521365,0.19713206743728062,0.15004225412604946,0.4825872892169871,0.3919088095528065,0.4030924247276521,0.450877006135887,0.37181383248826877,0.5107098583322162,0.6639582421967793,0.18902382359862904,0.34893503763081607,0.33795255022836257,0.5499113579560213,0.45593864501665937,0.20941287141254036,0.6964129717816533,0.6441342720552328,0.6714651004858343,0.6740559091920544,0.0,0.6837964301890664,0.6323551172263024,0.6165926003683062,0.3953137250130154,0.7134020968970864,0.4712573137227168,0.7150505025425977,0.30579698628132257,0.6716930043636005,0.40402494937664496,0.6051720558385314,0.4049690598826283,0.4575874613102558,0.5578165407455936,0.6878273315345765,0.5549389015613003,0.5997827369932189,0.6087808598170137,0.5736230781001078,0.5033995515986299,0.5455538106076517,0.5701545622699788,0.5918665925775759,0.6205168738436229,0.5999751698140219,0.5512739868351546,0.5719834686565903
0.416049228029964,0.5091093743714513,0.47757268242818307,0.3060750504267682,0.4715535319636458,0.43931027669897627,0.29052933392669256,0.6108603821669628,0.4689021290437494,0.8048495063481992,0.44802502744793715,0.5349122171093186,0.3840057937023722,0.0,0.5071571079969368,0.5620119527956303,0.494836701098885,0.4785070681164566,0.40871772160262737,0.38140996385107395,0.4016106658327788,0.27136387319115607,0.476008696340649,0.6020669964361539,0.1582631702893676,0.49662542403037707,0.5329349908135916,0.3916234708088223,0.3842076760653954,0.8202807224753684,0.2371350955799058,0.4701668515223082,0.24373799950469693,0.6386945071176956,0.5375872015396426,0.27295717958638877,0.10459225995535998,0.7524653575960916,0.8938195935104822,0.0,0.7079390065726849,0.8508593320380984,0.8125889385443181,0.47927520740435914,0.0,0.0,0.0,0.6061905125225708,0.0,0.992801927922365,0.5850615124745056,0.41318120272575387,0.6712905498047812,0.5122837428805196,0.0,0.7874123472480326,0.4076271932429799,0.7500667457501079,0.4595628291138314,0.0,0.0,0.0,0.0,0.5898733958666219,0.0,0.0,0.0,0.6994951188161903,0.0,0.0,0.0,0.49705521889555104,0.7539190883762363,0.0,0.0,0.0
0.348870710484922,0.4431480104610733,0.33575477388310054,0.5980698586079931,0.49214291878879235,0.39939063801733227,0.2300138372874445,0.6166796617429855,0.3626118054913523,0.4797218940166113,0.0,0.2961231790618136,0.35861437176442046,0.5071571079969368,0.0,0.41112979246053366,0.4338412836934511,0.30308080769562795,0.0,0.4455822662242114,0.5447865307267803,0.4911683563267013,0.5048134472513731,0.23532889378603647,0.4549710933162079,0.3671602254835576,0.08949292897237249,0.2517219597507324,0.27260705730675994,0.2860883064880056,0.21058832407671668,0.09073968421613912,0.3599450582392125,0.21736405057443975,0.22366187498168272,0.2626200301027275,0.4719132313548066,0.3767839289013909,0.5144387204804333,0.7405516173656512,0.5945516890349567,0.44545829197698283,0.15605925235749282,0.6081001364113761,0.0,0.6184553199896585,0.717159375504847,0.47852307149469675,0.0,0.0,0.6458983618625054,0.9653963601181268,0.5747657932844068,0.5566135407674149,0.0,0.0,0.6863925224794649,0.6564541846001928,0.4760803711779085,0.783856461547318,0.7398868901291815,0.6279399018686114,0.7186585604976486,0.0,0.832405450613362,0.611388952094769,0.8088641078937948,0.815486668245666,0.45972803676361845,0.5591206778977241,0.5877903097449588,0.750674020408605,0.6534974105105913,0.7742141978539814,0.6744326019523756,0.59645566369833
0.7087603089768938,0.6188045749806886,0.44456863698597376,0.09545166115940916,0.6483126559316664,0.3278836114845301,0.2199804281830341,0.7764216487846554,0.5903144570331348,0.4772513870752725,-0.3633267498884011,1.0359535205934607,0.30217041960778357,0.5620119527956303,0.41112979246053366,0.0,0.6570466241182149,0.7440715076278932,0.45534310248050913,0.11390122872003486,0.6003679216141865,0.3338842170333235,0.5646756326886634,0.6404381958338614,0.8555092794536164,0.6426094993951994,0.38466161007023597,0.271108071082349,0.22470525922888326,0.3005236956111865,0.5333388146746919,0.3670108653000743,0.36618273321709544,0.38758753726527373,0.4249616534987601,0.6485400852275257,0.39010168972738174,0.6124247876793882,0.6715062454797864,0.7636490664404074,0.7799192034987505,0.7205067172083004,1.4732136846528077,0.0,0.0,0.6842249486047534,0.9119752991508316,0.0,0.0,0.0,0.7332197770848243,0.6012016062480439,0.8161836166137633,0.0,0.44666609840367943,0.0,0.4400123296371,0.7248003069081835,0.0,0.67310234632994,0.9010784114352093,0.38968480095569014,0.9006323285399893,0.0,0.6432805768689325,0.726402480765276,0.7933787859442596,0.5648644902557484,0.426921713560462,0.9759011069644039,0.9024749211345351,0.6622262862130408,0.5632927410397164,0.7591714338970068,0.0,0.7484029603582566
0.40829972279569016,0.5886567538380616,0.6300091797490028,0.5643088345689997,0.5417104201513955,0.5613890729952187,0.4730396392220171,0.4697124822652408,0.3724634751863911,0.4411282941711676,0.45006416560854184,0.6478829171469026,0.45203258023704007,0.494836701098885,0.4338412836934511,0.6570466241182149,0.0,0.46490901923207567,0.4345475231502284,0.29110420727815967,0.5508130095915803,0.4058584557267182,0.26667344190595277,0.6415204650155728,0.6993366867209678,0.8007721994818493,0.6062281139789125,0.7004915386422782,0.3595778669687575,0.49451155038829453,0.5903236804779699,0.7012646346533853,0.6440349187455015,0.6600951979611721,0.5288845678156981,0.40483149236158034,0.24834638243112706,0.5143827149015674,0.6473586378818141,0.4805386847777264,0.6540267876340649,0.5440909025348406,0.0,0.0,0.461434897967121,0.6436973703211755,0.753370571930528,0.0,0.0,0.0,0.0,0.0,0.0,0.0,0.6070544107502488,0.0,0.4324208345205696,0.7559736773595354,0.0,0.7938062193062334,0.42592725301684164,0.6628260264898066,0.5662687043304364,0.0,0.0,0.0,0.5330779577006977,0.0,0.5541696547257717,0.7207052220986903,0.7540944739036654,0.0,0.864921994216788,0.4801993147266749,0.0,0.6803565625747117
0.5824071620302872,0.49939335343094543,0.5155006514980857,0.46587895545039915,0.5542094725966278,0.2877714784837554,0.36124967744155395,0.6520732456557301,0.6020609852908283,0.3153567596705683,0.4524748091604238,0.8049867952621786,0.37440393831546603,0.4785070681164566,0.30308080769562795,0.7440715076278932,0.46490901923207567,0.0,0.2211807903352127,0.19130260429763352,0.5138405906051109,0.35061761298587146,0.48628229659694067,0.5507667644910265,0.7247821723666483,0.6461100863931111,0.4317745385237831,0.21091537619085532,0.07055432015313062,0.38757564880681045,0.45894734177034324,0.5276564442937364,0.4557491002161589,0.5327981505181396,0.3429216004944694,0.5920755641100397,0.2573659520231079,0.20667079163747668,0.7028779683013011,0.6628379709501706,0.5702566244696672,0.6595114763290479,0.0,0.0,0.577983845047902,0.6189552467262445,0.8405081132862644,0.0,0.0,0.0,0.6580112452058874,0.564470246824589,0.8369532728122047,0.0,0.6057996570073036,0.0,0.5447069670855551,0.669985333422451,0.0,0.2951378683821609,0.8480087846423568,0.6131903148383667,0.7417089069990508,0.0,0.4845613537994822,0.6789388287659341,0.29473418216029046,0.7753499313645617,0.5829877848868248,0.7396329118295679,0.803725612537769,0.4966858282090154,0.7216147668633476,0.49884877290191354,0.0,0.6599864392537089
0.0,0.6424347357812068,0.3415034512493422,0.2965978683214764,0.2891874939137372,0.38387577736626066,0.2883461857739741,0.5406867541721846,0.20404325797977413,0.4159021085466396,0.2713989551871185,0.5425581972422429,0.41911123306814624,0.40871772160262737,0.0,0.45534310248050913,0.4345475231502284,0.2211807903352127,0.0,0.5559612178284374,0.4428592354414946,0.6907673078132417,0.45051788703648976,0.49791980341629316,0.4178799855590717,0.35615914928325465,0.17023546044795182,0.43977351459374614,0.5801574258624388,0.6175451306380935,0.37584575252854313,0.46907874571696206,0.5922194515982745,0.4122882024173322,0.35470505202605873,0.5438995125296674,0.38892387803471395,0.45799014529569365,0.7493801702846261,0.40382241352803483,0.4340184776445602,0.19639366002851774,0.763912816616099,0.24750255708951727,0.4076217061004353,0.0,0.0,0.7674145439940941,0.0,0.5482182610068658,0.4937252695809956,0.5460968850420419,0.4899747842536143,0.6101973225519066,0.9295625920544639,0.7826300812708606,0.5621218150494642,0.48532052344001375,0.5675203853959782,0.0,0.0,0.0,0.0,0.7362858879813059,0.47672691691657454,0.0,0.49510017849891463,0.5613105044013944,0.0,0.0,0.0,0.5718386274756271,0.486001816416105,0.613811396498417,0.47053611571184,0.5733798153449883
0.35287350946080553,0.41358933526490393,0.3922323736515382,0.5919072045434277,0.2291623713191711,0.2662054756265281,0.26300450227429706,0.48061229180271764,0.35337699945184836,0.4239036215438443,0.45580748923503345,0.5458395530928188,0.32946713760470914,0.38140996385107395,0.4455822662242114,0.11390122872003486,0.29110420727815967,0.19130260429763352,0.5559612178284374,0.0,0.3989260757892469,0.198679267357516,0.1808587768724125,0.4678400618731699,0.49864398974237556,0.32554851577068733,0.37570726452023107,0.40119841558555946,0.41495116505439383,0.2681134359754788,0.19768787717600045,-0.05556219711679511,0.07877064536002482,0.08695516217797958,0.08792137392415078,0.3000825888731852,0.5192596668470342,0.8175949537703797,0.3982433759939761,0.71465057845596,0.5417061861237026,0.49423521470539394,0.008264002913671409,0.24050952379917936,0.21426812943029572,0.5221200763208821,0.6691305430812575,0.4926453226989163,0.0,0.0,0.6198364371249176,0.4359676099945571,0.803051009593803,0.349329510783245,0.9394815498248916,0.0,0.5879376339742446,0.657922549472113,0.0,0.7107091164248998,0.7041301782456898,0.4659115684224714,0.9602085291837172,0.0,0.6070665189856468,0.5155189062850569,0.639333895666339,0.6310435731073002,0.0,0.4606711830530492,0.5584599877127396,0.621049614477108,0.5248530668095317,0.7032609994875927,0.5015931683894822,0.5418265053992781
0.3310978241017864,0.7364009958354303,0.3974629995129898,0.40518967157223207,0.27452336811701494,0.4110130573301394,0.24307605041191005,0.47072528304742567,0.26988138721494165,0.646031930597611,0.5451973646787975,0.4152034760591586,0.34022437526423843,0.4016106658327788,0.5447865307267803,0.6003679216141865,0.5508130095915803,0.5138405906051109,0.4428592354414946,0.3989260757892469,0.0,0.5159496669054888,0.4875223675523972,0.3283620123855974,0.4855474202377583,0.6048434380578533,0.38581512031024157,0.2915907488242971,0.3605879714976383,0.37310370205510157,0.3151375636951901,0.21525166320882,0.5136869696004037,0.35701370303777463,0.39190363773764014,0.5132357277323301,0.3473568636549695,0.5548047455793743,0.5909157698308322,0.8451065794570569,0.5626881375696668,0.5089711231707431,-0.0968739894814063,0.0,0.0,0.4945299451647445,0.7925461838950019,0.6567158527514761,0.0,0.0,0.6251730772954642,0.4368314927952609,0.713817519468064,0.5432802890423019,0.6049750225284087,0.0,0.7466719059202307,0.6117788047544541,0.0,0.7856036409883578,0.7893452872229059,0.0,0.5263471664337388,0.0,0.6831030607773447,0.7678735699054222,0.7793231975935112,0.5567186248723168,0.824495698770391,0.6363510816448372,0.8182707761580301,0.4370356954494649,0.6116860949795948,0.7640974972409551,0.608946028214249,0.47502627191662317
0.7049381840913429,0.5897770991763774,0.5812888951073418,0.5322806692211184,0.23549246226792808,0.23451072099344297,0.28443854542908686,0.7123394712609126,0.29151501304117833,0.5655923345863463,0.38781571000612675,0.4532763105616907,0.31570257627168097,0.27136387319115607,0.4911683563267013,0.3338842170333235,0.4058584557267182,0.35061761298587146,0.6907673078132417,0.198679267357516,0.5159496669054888,0.0,0.5454713523174837,0.46785113951713847,0.8436564994226614,0.5324124415892322,0.14412250268414192,0.5123434951891374,0.311992368401237,0.39204136961669944,0.3451846913432773,0.22288036602296574,0.3247141202243,0.26477336509982996,0.3228116822226255,0.2851971942967737,0.6827246199585524,0.6101087668285089,0.5655186400685352,0.7431965725314675,0.6206325729359863,0.5652380813851531,-0.06345010166601692,0.3604638576446729,0.2503566416933031,0.8522286037042877,0.8779018794944831,0.5844119698738529,0.4778683498788757,0.24469015558029372,0.8238622947056351,0.8682298035780631,0.6128392873251347,0.6614820282751747,0.4168996288355509,0.0,0.5460696731548147,0.7268623080310639,0.0,0.7369108198385916,0.8091177901935636,0.6941477629051384,0.8393996721026595,0.0,0.5959545221254048,0.683918942662219,0.7372861002180049,0.6290515591087376,0.7462123901047553,0.8261143762741445,0.7551277795621407,0.6400020487898207,0.7201501298700509,0.723334750853589,0.5585471587924502,0.7603941015585777
0.3029515997265197,0.5708306790101514,0.2777427559057182,0.3072424793909303,0.36698696566851513,0.4022818822658294,0.28649664888880855,0.5592364516885384,0.35428049119857213,0.3247651884045993,0.3707215243960188,0.30453634370513194,0.38570577703139086,0.476008696340649,0.5048134472513731,0.5646756326886634,0.26667344190595277,0.48628229659694067,0.45051788703648976,0.1808587768724125,0.4875223675523972,0.5454713523174837,0.0,0.14942419679553506,0.4930344756506552,0.3383696315777382,0.2774781627681372,0.23912737871775425,0.17967502620946463,0.21768148125070386,0.27078280287067924,0.18636248984448778,0.12875230073006377,0.20310955083704813,0.14015532226252586,0.45018916511975904,0.24569801874979447,0.3386795838537092,0.6543304381576707,0.7337074826152306,0.43834573630516194,0.2685877639792812,0.666197675820807,0.5313782570013854,0.5683953385044633,0.5321415409810564,0.7471890691796874,0.6355627726936057,0.4532756940240965,0.6895857392167972,0.6322896765437049,0.5920964665969563,0.6765671502627317,0.6716032472368868,0.6356470950987593,0.812154254932616,0.42348505860778646,0.5500455089411166,0.6346993989449742,0.7589424922464061,0.6131760254181307,0.47191235173649254,0.5600081274705178,0.738272588910534,0.6093893845164363,0.5768262771528772,0.5949084189248064,0.712062407720065,0.23499787950756149,0.6495819517482655,0.588731626926452,0.5284043192457993,0.5013592201152387,0.6133417407050983,0.6247792347891417,0.5184004281451009
0.2703905173406498,0.41877102141297295,0.4016207136817111,0.2447907700305687,0.5678578687984854,0.20763915456846066,0.5482142313866136,0.36338272019704554,0.5935813571572042,0.3483957274655767,0.5563346143069434,0.27927412726897155,0.42205076290162125,0.6020669964361539,0.23532889378603647,0.6404381958338614,0.6415204650155728,0.5507667644910265,0.49791980341629316,0.4678400618731699,0.3283620123855974,0.46785113951713847,0.14942419679553506,0.0,0.5046297060437526,0.3969678580564552,0.2615856521822817,0.40929467435483174,0.6001937264684787,0.8126285837008297,0.7140256519620887,-0.004413597750967974,0.4328731584258709,0.4098418608915549,0.34802977414211445,0.35194329134282115,0.4354231064379006,0.44983564499490775,0.4005333223090536,0.7087646167076168,0.3375537053233645,0.6270122721841623,0.5952715625146812,0.3483503809778574,0.6111170112605728,0.4572987103406737,0.6128055856654115,0.0,0.0,0.46487364859220326,0.5763907815313489,0.29586328923757016,0.0,0.02179326749859848,0.48547113899183014,0.5425940203318103,0.27897899971180784,0.3681119577276278,0.0,0.2299138499960078,0.7478447318576119,0.5325574848262047,0.6924071445868794,0.47240484214363104,0.33425537651685966,0.4521152664608627,0.6117665805558328,0.826397486502592,0.22570573955917933,0.7140428805226264,0.7019810068795815,0.5288082695293568,1.1459458516379033,0.6103079460670977,0.0,0.6401611108429752
0.5605216671931854,0.6304705416283782,0.7402434466706876,0.8764882536478692,0.7950416032528466,0.49337221683960614,0.49066609522289417,0.6520721137661989,0.6014018691691276,0.5456500227932346,0.5533205928032371,0.6244961083510469,0.5166455375643283,0.1582631702893676,0.4549710933162079,0.8555092794536164,0.6993366867209678,0.7247821723666483,0.4178799855590717,0.49864398974237556,0.4855474202377583,0.8436564994226614,0.4930344756506552,0.5046297060437526,0.0,0.48015971320614115,0.5135039180805284,0.41701913741607544,0.2590956403281418,0.34974069343369657,0.5387698015057216,0.40676721522895587,0.5214196520358161,0.5004881100477622,0.31485446364002334,0.5074731813025768,0.5895667389477399,0.4154216453950739,0.8934118094945767,0.7978098729089445,0.7256597451136191,0.6253700971000753,0.4571311678363535,0.0,0.30163985476062954,0.7567928172196055,1.082445406657226,0.0,0.0,0.0,0.7766309188716467,0.8265258941159346,0.6996090277396969,0.40834439504215736,0.6444465203790979,0.46903527133139944,0.5997968022553548,0.4906969525788576,0.0,0.533235949046328,0.9937244755319469,0.6661030598582482,0.8297538310794674,0.0,0.640851826978791,0.7753269468687753,0.571372146197423,0.6867672574689447,0.5179476028319974,0.856056746461459,0.8690369355399103,0.6348826452819702,0.7239979892250061,0.5629007143326026,0.0,0.7708262225040454
0.5524104216149299,0.5347269765937037,0.5903592379529905,0.6107490806723219,0.6537698528772868,0.5171784751921302,0.6016879410297566,0.6487123878676564,0.554450229981129,0.546927906062642,0.5239853919860743,0.5665294635081906,0.5125139320852266,0.49662542403037707,0.3671602254835576,0.6426094993951994,0.8007721994818493,0.6461100863931111,0.35615914928325465,0.32554851577068733,0.6048434380578533,0.5324124415892322,0.3383696315777382,0.3969678580564552,0.48015971320614115,0.0,0.34704011116044675,0.5060152417106658,0.3772414099089344,0.26709414776428225,0.4105336165463165,0.4463955871954542,0.5715688555770024,0.4103240752755978,0.4038737616660482,0.28900415271029745,0.511351749876366,0.5308553597724786,0.6369529880858067,0.8510007400138355,0.7794530536649154,0.27697831706677045,0.10337059244892072,0.5458479554230007,0.44277793833292367,0.6565659458084404,0.9355657239203861,0.668243914392866,0.0,0.6398890804547465,0.7363662139600657,0.6345992099740905,0.5493188336944681,0.3983924558876131,0.6379359234957119,0.0,0.6391856193896592,0.7237984890161386,0.0,0.6436867891507163,0.9097474027034922,0.6447232348551905,0.774294469878618,0.0,0.6286150980416607,0.7086525995710096,0.788730314418832,0.5510877598649713,0.4669139993850704,0.8245578657792207,0.758404677892567,0.5756487457842447,0.658007103698268,0.6759134115186332,0.4800174830409691,0.7469491910790085
0.37613421027436605,0.39309640777973154,0.2001346307367988,0.30858251762872896,0.4572084307170572,0.5483133264500799,0.2975333415307796,0.36298476645914407,0.5057607053913257,0.42258797233940715,0.373525680948905,0.5699811690982127,0.3907048171459826,0.5329349908135916,0.08949292897237249,0.38466161007023597,0.6062281139789125,0.4317745385237831,0.17023546044795182,0.37570726452023107,0.38581512031024157,0.14412250268414192,0.2774781627681372,0.2615856521822817,0.5135039180805284,0.34704011116044675,0.0,0.2547275190664853,0.29603026948947303,0.24454468133570392,0.18999600265078592,0.10322059545321005,0.15975567017926068,0.18247297409400315,0.08633825554268923,0.22579997309927105,0.2696417898370295,0.4330529195062687,0.5586858016802141,0.5387096381558425,0.4274314454491799,0.5535872420717401,0.42263044961797813,0.3308731225726187,0.40439389096269174,0.4440272297451535,0.6077860687261336,0.6676266728457944,0.47119526628758446,0.6584069739257141,0.5525560545265924,0.5151823962402436,0.5753023056588508,0.6756910837926503,0.7043722625517621,0.806190358081287,0.353437668623697,0.5563664080854007,0.3929635519938967,0.7235088054845089,0.7683523951985235,0.0,0.46440900510971805,0.7811188432769343,0.607185323402484,0.4987089818033573,0.5333512828492413,0.4966630732645655,0.0,0.567137845493777,0.5151567239667827,0.5187847642101022,0.5054091043460398,0.6047964940165231,0.5194571214984015,0.4660476268603247
0.3709884940051279,0.3868772664268449,0.47538993571300847,0.1349320955027131,0.13291884103652202,0.43220248254517596,0.15662134911525877,0.3086119913889521,0.4724543834063089,0.5159286526441991,0.41245597706470516,0.5567942298504327,0.32236422338096105,0.3916234708088223,0.2517219597507324,0.271108071082349,0.7004915386422782,0.21091537619085532,0.43977351459374614,0.40119841558555946,0.2915907488242971,0.5123434951891374,0.23912737871775425,0.40929467435483174,0.41701913741607544,0.5060152417106658,0.2547275190664853,0.0,0.26134702567493084,0.48370345827305433,0.40253180997871574,0.49259389892371563,0.4822580070944965,0.2800091078111585,0.7514468453664891,0.089815898795508,0.14649820234255867,0.725803752641739,0.15011411076791986,0.38578232643001203,0.29306213908572115,0.40179881833014686,0.35350267343907993,0.2550848203127124,0.9301652144381305,0.6259966237787936,0.5731855620798922,0.5249858630008629,0.0,0.685783209273219,0.5861844189089087,0.32522247797639225,0.3876381305165493,0.5533550639403073,0.6196217445086187,0.6929019918381314,0.303760875328392,0.5979194702346814,0.34308052461637484,0.659336257468549,0.4645779075078549,0.19322684357047681,0.5824012592903667,0.611607904923257,0.6515539110256214,0.4741300128725819,0.513847624321816,0.5253432646142948,0.5421361401608799,0.5962815299501707,0.4946663156202527,0.540715841232851,0.5970387213339996,0.5824273625726064,0.22921809533685053,0.5222349187488757
0.2856208709964453,0.29036386896502053,0.5837928775872041,0.10813900277787653,0.2064240193973125,0.27770373340449694,0.3709518988694716,0.2474949430166447,0.3104698469180973,0.46912906670041377,0.3910370380971181,0.6212874149937418,0.3243483417521365,0.3842076760653954,0.27260705730675994,0.22470525922888326,0.3595778669687575,0.07055432015313062,0.5801574258624388,0.41495116505439383,0.3605879714976383,0.311992368401237,0.17967502620946463,0.6001937264684787,0.2590956403281418,0.3772414099089344,0.29603026948947303,0.26134702567493084,0.0,0.15769573347667448,0.2798035364139729,-0.013674178084859517,0.13441927927359615,0.18543078601704585,0.15241910044455143,0.48320049400196163,0.4558778071820372,0.5363907284888252,0.38154105811573896,0.5998847760375321,0.28527404539892787,0.5309662370495141,0.018457086392962868,0.7722191582823419,0.6359771810608533,0.47174889272403675,0.6312345237521579,0.4217483451549051,0.45502963400148266,0.17215960101746172,0.6112471651475005,0.5817059305171608,0.7341872837919144,0.3679338744577276,0.6277674638461455,0.4385629895263503,0.5651971238238525,0.5997664872102128,0.7605041031242221,0.772340224219056,0.7409457581851047,0.4810514211117891,0.8632497430963999,0.5090649685402517,0.664470220150693,0.5793971815482473,0.639879325312956,0.5943515205150206,0.47900246294631904,0.4446007681999353,0.6907857743732002,0.5822983189581405,0.5819776483701387,0.6648204339549848,0.5474879975638627,0.5461675600655584
