0.0,0.03750855922371937,-0.0006577063229948332,0.0,0.000260260355515185,0.032615973099698825,0.0306583684334788,0.016166181203321917,-0.0011841777512431872,0.0534316527226088,-0.002673683927064685,0.023893498785289624,0.019411030006543872,0.012956285303978188,-0.013679991606528996,0.014610196997797087,0.0109041538295096,0.028323541611382452,0.0,-0.010629373460644409,0.029354262419933275,0.005952347383359147,0.0042732642083662675,0.001340353497418123,0.03535292357960251,0.017244088676736047,-0.0006972988030037319,0.0073209133037148155,0.022532771058612622,-0.002333891236699137,0.007925180200279214,0.0025561157245982957,-0.0004665933521560417,-0.0023470972979647287,-0.006318029769737221,-0.00081719316895279,0.0008111535972981643,0.034995951896545974,0.017619818842599666,0.05170488091365094,0.04899201189940333,0.010635623455041321,5.400788729686967e-05,0.0,0.0019404015385324769,-0.008640545473648842,0.028391313617153857,0.0,0.0,0.0,-0.0006428897369279429,1.1102230246251565e-16,0.0023227248039390247,0.0,0.00996637428065189,0.0,0.005612650118743456,0.0014977908869972523,0.0,-0.06288754340626623,0.030661881423236448,0.0004168957657637029,0.07153554289504982,0.0,0.0007064893909610737,-0.043505325436687114,0.027957258179756916,0.00638922504616124,0.00676869506113531,0.04853913402692239,0.03291189281178941,0.003080303837599274,-0.0003748314447246104,0.005629517401554818,0.0,0.0529880016552578
0.03750855922371937,0.0,0.004541058570535217,-0.0002320345493729281,0.05232890664412804,0.0366527148134525,0.05230927651239048,0.029116902878242812,0.049204944905505976,0.02509645725432269,0.00012357734181245306,0.025896231620593513,0.047991826870290744,0.03265115295822124,0.013711816894988738,0.0033547519337040477,-0.0009094353023764157,0.01165240710269777,0.0014151302410489452,0.006559894185485804,0.04235830352247577,-0.00038826496521709997,0.02337290969486472,0.03699489476827367,0.025265502099136583,-0.008012170192084334,0.016648686315754224,0.0599417349959383,0.029321956867418508,0.06708756453443021,-0.007630690671806828,0.004481111118098291,-0.009235693154916846,-0.008661165626964173,-0.010168349223288187,-0.0004477933248152599,-0.0003123671943353612,0.0,0.031200531080312566,0.030903369918663326,0.02840919751995219,0.020672246699632746,-0.0004479952507395746,0.0,2.220446049250313e-16,0.030509051863777725,0.024313534385045743,9.649224989211058e-05,0.0,0.0,0.039985935786905236,0.04098546030360545,-0.0005759190764768052,0.0008294181373473264,0.041370183107188985,0.0,0.0009386495851606558,0.04227205087280533,0.0,0.02868196560109526,0.029949066905679333,0.03245914007053474,0.05689446861187125,0.0,0.03619542769565287,0.041875998452708674,0.019692155779266973,0.03906926895813362,-0.0007588059209550635,0.0454780913310579,0.029339566442411813,0.041099756790765385,0.04731366200569015,0.0388051080275727,-1.1102230246251565e-16,0.02996224564726785
-0.0006577063229948332,0.004541058570535217,0.0,0.02496250015890028,0.016696767691264325,0.008747975578292044,0.03166386036612878,0.0024621531402385655,-0.004337270769085522,0.053455294817594146,-0.010387120121394089,0.0597748720188544,0.034674740845830276,0.03879067427240934,0.0008870937575586879,-0.0010405376336109495,0.046604210667109125,0.06422382973144236,-0.033468926346175654,-0.0003616997811204392,-0.006568439638871881,0.005882959852572867,-0.03875057553169192,0.019667779187340806,0.003556982496994654,0.031058571692832493,0.010541219352701525,0.04572086857628416,0.07675010100203611,0.05419001833635739,0.05389067378095247,0.04236575913206336,0.0019996249965908985,0.057452563886411345,0.047231357323361534,0.043201553145692684,0.042109750375075805,0.049300673007406426,0.030573014266060294,-1.1061050821381535e-06,0.04716194016907027,0.08191666025455757,0.013601621149709586,0.003775800936053064,0.0,0.0,-0.00024523919451524545,-0.002767221784550189,1.2130315847458384e-05,0.029818590552110447,0.03599675822441917,0.058953623317113735,-0.0020396638537688583,-0.05593946580451942,-0.00042326985339230516,0.046838121561699975,-0.001322019351115089,0.047007442135425515,0.010170751889411633,-0.00046673591142099013,0.0,0.0,0.0,-0.02780055084391886,-0.000576664012178707,-0.001493858093592093,-0.0005396543271202203,0.0359704142266879,0.0,9.680901213848792e-05,0.06719065548484737,0.03164328598723065,0.0488496625516921,0.0635711578503822,0.040389444863172086,0.05470210666568209
0.0,-0.0002320345493729281,0.02496250015890028,0.0,0.08884858115766686,0.03727478351493291,0.06681690210049135,0.04823411968123098,0.04817337380174119,0.10572671348574875,0.06478738114034116,-0.007457588287283046,0.036082431545152116,0.055642541651333144,0.0022582456264392814,0.0007568303310866442,-0.001080470955755919,5.523768609044799e-05,0.06054385978373805,0.033222076065764716,0.0012812092107050144,0.01513545896194074,0.04204420174629048,-0.031566280237913524,0.0003760125500695266,0.0030763918973216176,0.03651007325054789,0.0488218560251375,-0.0007292919639984574,-0.0021809941864198157,0.058500610659250885,0.029359091230325207,0.14606613277135694,-8.178878855014116e-06,0.06509504865280435,0.022044349102287586,-0.001964536442751741,-0.006592888892024473,0.00020404088412534493,-0.001491710040790628,-0.0007991115701501683,-0.002379070924534765,-0.0045739818095584805,-0.0016634652974589215,0.0,0.0,0.0,-0.0012354825749675835,0.0,0.0,0.0008157137094913502,2.220446049250313e-16,-0.0001264188000513755,0.00021389958568390766,5.551115123125783e-17,-0.0011853788767564044,-0.001789260320927022,-0.0005004964039849735,0.0,0.0,0.0,0.0,0.0,0.0,0.0,0.0,-0.00011146335907874505,-0.0014183565476111326,0.0,0.0,0.0,0.0003516826982103427,0.002111138841571658,-0.00015605147054931212,0.0,0.0
0.000260260355515185,0.05232890664412804,0.016696767691264325,0.08884858115766686,0.0,0.005333690722315598,-0.002729512973060344,0.030301493181123018,-0.006435599792937008,0.07508427966172532,0.023231148523269962,0.09130604253861385,0.014821488207158229,0.06330739930439555,-0.0007444065717147619,0.012110549084147826,0.05542556415544958,0.042200718206513,-0.00921509054558789,0.041937404461587446,0.029197368790932876,0.04241196831769567,0.018470671089579282,0.049006191712247626,0.05427066754266108,0.027452064111806118,-0.0029510007599299892,0.06710113187780331,0.023398911360360486,0.033306470281308065,0.045370013807449094,0.04889569061593918,0.03527159302599714,0.06226963345205466,0.06924765386137471,0.07254097258475337,0.08022081464790093,0.054159293843774214,0.05005773149106402,0.0007432138633173269,0.056094183175816936,-0.0004860313789620263,-0.0020395367790236874,0.003290692710243681,-0.0008749141613600409,1.1102230246251565e-16,0.014112708743515778,0.01346829892268886,0.0,0.007481583568373695,0.05476449187038035,0.0640642029930164,0.04120690513290359,0.032376763083221904,5.551115123125783e-17,0.008025806632912191,-0.0020507285904045602,0.05409825456871076,0.07467025992134929,-0.00019579695245386386,-2.3266843748259713e-05,0.0,-5.551115123125783e-17,0.01952989991306242,-0.0009892096925866456,0.00022185589792611538,0.0007146572975358367,0.045193192105938196,0.0,-3.5463064422425195e-05,0.02317236338612999,0.059378530520419415,0.07226685074554967,0.06283421189296579,1.1102230246251565e-16,0.06481988165721231
0.032615973099698825,0.0366527148134525,0.008747975578292044,0.03727478351493291,0.005333690722315598,0.0,0.012100787253171652,0.030530155163713435,-0.018333283345314255,0.05393712510843873,0.014707127711179824,0.0344716550598449,0.007434973348904417,0.04840133001186475,0.016825042879194507,0.01900114641049666,0.06827547233970727,0.04485460288227072,-0.015696194036823097,0.018674956434795886,0.037524508193280126,0.019259909274652987,0.0019894751239616926,0.01574457699667292,0.02491921718813994,0.029209026867179966,-0.015448999083119197,0.021840677732032965,-0.0032793045371354856,0.0343735666627038,0.05034718878931016,0.04683432774230245,0.015745924107968545,0.042824922874842464,0.042423453271559886,0.03464787831175231,0.0434535319804647,0.02752052947156175,0.05191004573834779,-0.006224937855037249,0.03914035256817483,0.013914288662620233,0.033379306835225164,0.057721196267538966,-0.001696196435228614,0.024507477883044637,0.019592892307946863,0.03405195132959693,-0.0005709813166132616,0.038311626765486384,0.04008757301979221,0.04702036976211976,0.03202552974020889,0.035815847882505025,0.0007903292824351094,0.03132530825821633,0.026079877169091437,0.04565071003808063,-0.033266329088154356,0.028066195735827082,0.0301511699591972,0.0,0.034270607302552325,0.03396376458141681,0.026461547707772926,0.04399337567395989,0.02736000955587775,0.03843107805779267,-6.839815469311672e-05,0.04396580024838703,0.023529399876995094,0.03573253144454691,0.04791215778235064,0.057384545455645586,0.043182541007846076,0.039760711663099246
0.0306583684334788,0.05230927651239048,0.03166386036612878,0.06681690210049135,-0.002729512973060344,0.012100787253171652,0.0,0.04254016145943057,-0.03948361001203404,0.05623573990620895,0.054994354906210574,0.07505637551901673,-0.018755151062996522,0.03131767810839814,0.0017247678106561692,0.024221126055177233,0.04846781249176002,0.026669735500988945,0.03868158991461956,0.041625032716007926,0.005144048701666237,0.03840354985595407,0.023646518881403344,0.029197321097010565,0.03903384961142303,0.02329393128512769,0.006430793180507766,0.028154052707339172,0.027697677619598016,0.03337625178629944,0.014229332205197343,0.04114013669294225,0.025412738841316618,0.041814595801924204,0.04481867173409271,0.0034382138073102975,0.015226694658977968,0.050005421398978955,0.07769413140289178,-0.000799677279941513,0.039916042547610164,-0.004481081401323583,0.00028545572157440136,0.00039064300904723126,-0.0007430452000444232,0.0,0.02445676516773926,0.03182690324579529,0.0,-0.0014419305476700561,0.05204332365143288,0.04458061706400496,0.001033670117244867,0.04660625697320464,0.014587598691376547,-0.005829894846964889,-0.000595454031200704,0.05524690937113874,-0.0028284733504626014,-0.001700777129164055,0.020265477028621748,0.0,-6.187030962950812e-05,-0.0013951023068852209,0.000940226792477683,-0.0007567333400655962,0.0017336984345896478,0.05631764562427122,-0.0001704069767911598,0.0003720063390784678,0.022808725246220574,0.05377521870344654,0.06074711378160419,0.0010594603566395078,0.0020338899207488215,0.06169758259668079
0.016166181203321917,0.029116902878242812,0.0024621531402385655,0.04823411968123098,0.030301493181123018,0.030530155163713435,0.04254016145943057,0.0,0.013455048365328126,0.04280028835576555,0.0010102825493665257,0.020986573274924536,0.04051663792540483,0.002542960530726779,0.03502030280760804,0.024450758238818926,0.012962899350607016,0.030713881155033873,-0.0035895892793058604,0.031007953203677052,-0.017272842683264955,0.03210431119017909,0.01635095046601165,0.017761205012946535,0.03656997880669077,0.019692526046593606,0.011716476521401842,0.0423228669963871,0.0395730050654034,0.033073769398691666,0.04105523752260459,0.04509931043289783,-0.028726929595807305,0.038817809827376426,0.06236837974991388,0.005562381201198563,0.05601113864611856,0.006087807517025756,0.035076451491569016,-0.0008048417770656902,0.026827339508740278,0.06545340037956748,0.031744400956189134,-0.0015304272054074697,0.0,0.04559342267748412,0.045094743600499976,-0.0020637763855887448,0.0,0.0006189142142406512,0.025888629253780215,0.04050289680385555,0.0004245235942060832,0.013729526795066338,0.00047457439513692856,0.016536750932643063,0.00027370752766975315,0.035768824792338505,-0.06062250947951714,0.07260546904071968,0.00042759207673276345,0.0,0.0001117513557455374,0.024120527318156837,0.027095349572978933,0.1355591719372291,0.0003637343384580438,0.03464123182415069,-5.551115123125783e-17,0.023155383976961208,0.04077649952207607,0.0203031934313892,0.04568783038510105,0.05189208421762487,0.044625703036998254,0.03966520676634255
-0.0011841777512431872,0.049204944905505976,-0.004337270769085522,0.04817337380174119,-0.006435599792937008,-0.018333283345314255,-0.03948361001203404,0.013455048365328126,0.0,0.06002022600546236,-0.0072235013049016805,0.06831285248150287,-0.013693938844216214,0.06754442613995648,-0.004244707764288924,0.01697380962759676,0.05246211931660166,0.07056435663702931,-0.03147796367766681,0.04744245927594726,-0.0016292942325357718,0.03430625144217869,0.006442401264619868,0.02884974840832477,0.010677414085293713,0.04148220600039759,-0.006876466725003583,0.04393183443092841,0.036368170686390366,0.04113551298302737,0.055824738450955036,0.043651584822859246,0.01895288055427352,0.05790292159609922,0.05077430896337465,0.05861187438822507,0.0548382403845355,0.035923439031623206,0.027050343300753954,0.007391523449087278,0.05388924857884225,0.08105484053115075,0.015128373152581087,-0.004069163001900911,-0.0018175313298171014,-5.551115123125783e-17,0.0007452346008611221,0.014008341528196744,-5.827460610841051e-06,0.03292970626374492,0.0437048616195963,0.05171813608673126,0.01347373054133294,0.02641716774401459,-0.0030412426395652337,-0.04564295902915472,-0.0015795308353917514,0.046041827479966435,0.006901545802553866,0.0012175239954219652,0.0012493225904478544,0.0,0.0,0.026526923759025434,0.0007196912585842874,-0.00024160227013736435,0.0007875377901910285,0.046496747047366394,-0.00011288533299308456,0.0002668490960200387,0.034752529760630424,0.03782790868924146,0.06396012533687034,0.06297111923799348,0.05009066923184391,0.05984095512505594
0.0534316527226088,0.02509645725432269,0.053455294817594146,0.10572671348574875,0.07508427966172532,0.05393712510843873,0.05623573990620895,0.04280028835576555,0.06002022600546236,0.0,0.06681141344967767,0.06902291317307874,0.04317999912862974,0.08839863116491914,0.0006186424204241425,0.03551208607745493,0.06650196923458668,0.027958277177150326,0.04692034224456415,-0.006270466250064166,0.006019396226339069,0.0248802168568365,0.0488822023934643,0.05419572484815183,0.010259876529315148,0.017909342223724145,0.04869773630898444,0.03848974610526368,0.053151832914763275,0.08374593182257029,0.03839566763101504,-0.006222757021480063,0.012146914380701535,0.05021795297230974,0.0005775977004560673,-0.026894984414870204,-0.060453854944256064,0.06956502448023044,-0.017963637661752352,0.02859106399948641,7.298023158130995e-06,-0.008941754825162684,-0.015026141717638997,-0.0036154899482095937,0.02726097948124495,0.014334703433751428,0.001513407079279383,-0.0012127600829849872,-3.308912863336788e-05,0.00048616041483656725,0.003051029912696679,0.03197617091892285,3.0229004482129618e-05,-0.0013486058157629044,0.03779672654728389,0.0639589309442416,0.030585164492784866,0.03746555545815977,0.0,0.0006150059403574604,0.009741256675526722,0.012864435163889576,0.00965785307478284,1.0876569978335304e-05,-0.00017671677781683215,0.0012191202571035786,-0.0008361487945042767,-0.0011533838693587595,0.030736170883845282,0.020458356676770872,0.005627561278341575,-0.001174155628772211,0.03365171001149492,-0.0005874149797762684,-5.551115123125783e-17,0.021132218942367886
-0.002673683927064685,0.00012357734181245306,-0.010387120121394089,0.06478738114034116,0.023231148523269962,0.014707127711179824,0.054994354906210574,0.0010102825493665257,-0.0072235013049016805,0.06681141344967767,0.0,0.06720098843307987,0.053863824191426934,0.011611451229523173,0.0,6.607131206287642e-05,0.053274994100849404,0.04769275071344703,-0.0429119683847041,-4.4471899790787806e-05,-0.0002216098022776447,-0.000380196520307019,0.008569521117004597,0.04235238014732273,0.05343993447679163,0.05188459709467208,0.00466763669752196,0.05620217353417534,0.044041830555027195,0.00034039345744080185,0.05698667766222709,0.05794779175972303,0.023170451499385902,0.06504510185264667,0.058635626078396286,0.03644696689282734,0.04969801613744795,0.04347530350618428,0.05363065972618175,-0.01204490751885906,0.059598322402785286,0.014831924687574605,0.04988826036705263,0.0006169994552642777,-0.0008265672253659484,0.0,1.1102230246251565e-16,-0.005251893220586723,-1.1284166577807397e-06,0.009402911394105817,0.03461367290764761,0.05428873778489074,-0.009993648628387697,-0.11475493036993695,0.06531023835453387,-0.019870717166177054,-0.0037687094565716506,0.04080184717085705,0.042510999683407436,5.551115123125783e-17,0.0,0.0,0.0,-0.06966813569768501,-0.0005708381226727788,0.0,-7.755542369991542e-05,0.05351531905269585,5.551115123125783e-17,0.0,-0.00016480869825258315,0.043389268346581855,0.05086609189230917,-0.0014450090125115445,0.0,0.059608222777390474
0.023893498785289624,0.025896231620593513,0.0597748720188544,-0.007457588287283046,0.09130604253861385,0.0344716550598449,0.07505637551901673,0.020986573274924536,0.06831285248150287,0.06902291317307874,0.06720098843307987,0.0,0.06526970352572664,0.08527267660591958,-0.00027865241955810083,0.022032233428751324,0.06441397577734076,0.03671218866080583,0.055684847868191834,-0.029690075645105785,0.019765166908314258,-0.011660061303536196,0.015927121653294185,0.022801454799796117,0.03588215979352499,0.04475498708155001,0.021028782138245217,0.07170552462620328,0.019396156466111314,0.13612184668515326,0.053203444802794375,-0.010233162828672426,-0.007442143700329529,0.03267161327327234,0.02863147884310957,-0.003887836606029371,-0.013820161389299201,-0.0038522824661740007,0.01996430579125147,0.044653104229204765,-0.017925043084441483,-0.07413435351357078,0.0010790204254630953,0.00020547991322616976,0.03553012288685348,0.006418766040740376,0.050196467062735395,-0.0011094070478578355,-0.0006212940072916895,-0.00022518859735431995,0.0008038961431019453,0.06863313858182496,0.0002512929006958653,-0.0006359131966360843,0.03405800123333286,-0.0021477486598022733,0.032303460601079026,0.03160727921137085,0.0004903069625187828,0.00014642535126035972,0.0015790798788211102,0.03160211145779057,0.02218905026244078,0.0001231973048006485,0.0006709145834338237,0.0008648581070689887,0.0005534738866631583,-5.479704600175328e-05,0.025549603727247405,0.025636161601926943,0.012754564655854672,-0.0023817721150125593,0.034022153620260676,-0.0024849835272340304,0.0,0.026617015581295644
0.019411030006543872,0.047991826870290744,0.034674740845830276,0.036082431545152116,0.014821488207158229,0.007434973348904417,-0.018755151062996522,0.04051663792540483,-0.013693938844216214,0.04317999912862974,0.053863824191426934,0.06526970352572664,0.0,0.02809073138766227,0.02153949171658981,0.02263752687059023,0.03199717316576933,0.02020533962916976,0.03799114313175589,0.03469867370440621,0.030463042556810926,0.03693673687729665,0.03205152333119837,0.0389307181032118,0.028852745085300224,0.016491596180276014,0.01415226334097408,0.0069187364217016545,0.021457941207969955,0.009475926781791266,0.00536956431278246,0.022273774237620114,0.01576355822258929,0.0352431442381228,0.03986757654419948,-0.005930441038194567,-0.007924420209520333,0.030514596344788092,0.040547415286138755,-0.0019421310505154943,0.06990177072563503,0.05880554864424725,0.06253469248098464,-0.006728033204268791,-0.0663666983151886,0.03274870253484269,0.019843617862910667,0.03191560379504266,0.0,0.05211680250656037,0.042117773625948374,0.05551719349217599,0.046388649071017696,0.04340085770513513,0.02329677615505843,0.030465391546729004,0.05226032261077279,0.046716451358053135,-0.0021774129288381072,0.007084019953606302,0.0223604785872632,-0.00042927110097790155,0.03710900905569531,0.024412000469793083,0.007438069510277423,0.0025649469353231646,0.030281920007749874,0.04186547445082578,0.008054769744845425,0.03788996114619264,0.02226748673644785,0.039189542942539735,0.054472759783558755,0.04045099776958028,0.057814551832405026,0.04933816201735547
0.012956285303978188,0.03265115295822124,0.03879067427240934,0.055642541651333144,0.06330739930439555,0.04840133001186475,0.03131767810839814,0.002542960530726779,0.06754442613995648,0.08839863116491914,0.011611451229523173,0.08527267660591958,0.02809073138766227,0.0,0.001240833778450634,-0.0006849630667650763,0.00015162643654714758,6.775424922733642e-05,0.03570455987078408,-9.847268166612855e-05,0.012023878953467626,-0.0004970296785014039,0.035327510822198094,0.016594605113610994,0.00023854926404826005,0.019073241015522824,0.030412808085771903,0.07587484095799113,0.002577923333707155,-0.0007928371542136881,0.059051615113827505,0.007678880330408255,0.0016716510389329087,0.08352681891046215,0.09520372367900914,0.043523044664417365,0.016358540584611253,0.002128912436408781,0.00641826677747398,0.0,0.0008389967884651073,0.000792114930015686,0.0074707327890150554,3.2481459460997897e-06,0.0,0.0,0.0,-0.022163812610941025,0.0,0.04491057586216668,-0.0007656894488496935,-0.0002771902522735181,-0.003924768654301691,0.017901109127035353,0.0,0.026884851134808985,-5.1471853024953607e-05,0.0019544974543690974,-0.001684348925852619,1.1102230246251565e-16,0.0,0.0,0.0,0.037284817217970834,0.0,-1.1102230246251565e-16,0.0,0.01727241827511311,0.0,0.0,5.551115123125783e-17,0.0045985007463020255,-0.0002892226553286026,1.1102230246251565e-16,0.0,5.551115123125783e-17
-0.013679991606528996,0.013711816894988738,0.0008870937575586879,0.0022582456264392814,-0.0007444065717147619,0.016825042879194507,0.0017247678106561692,0.03502030280760804,-0.004244707764288924,0.0006186424204241425,0.0,-0.00027865241955810083,0.02153949171658981,0.001240833778450634,0.0,0.0037324353722335,0.0026358164794508254,0.017193094427715938,-1.1102230246251565e-16,-0.05374961890548746,-0.001350298976370845,-0.08493841077264186,-0.07236705506407831,-0.019371728580108938,0.036168975538627135,-0.0017311148865212789,-0.03549526510055784,0.027181853612606,0.021151270556214907,0.05002094620586722,-0.017009732876703654,-0.0017598472030468382,-0.01566192311503567,-0.031773430095927424,-0.011715081366707736,-0.0030708944038351227,-0.016208040482453945,0.00014869533682188019,-0.007043012740050536,-0.03849158367445332,-0.010189150510887812,-0.01401096940527069,0.017354073060471154,0.0008403375908514477,0.0,0.00792672498170427,0.010750002744129405,0.0007647608475002121,0.0,0.0,0.0483416611439364,0.0009305225805632533,0.0011478440330187079,0.0002229387211439282,-5.551115123125783e-17,0.0,-0.0002364507136679017,0.004213589788965966,1.8497634942882257e-05,-0.06071289060711199,0.019495368873920782,-0.00025552023161407034,-0.009648361554454143,0.0,-0.0020106925113795304,0.020281296617144062,0.0019261786038371476,0.0033126812307930353,8.098511401005704e-05,0.017223377391738792,0.028200027672884542,0.031496125913924145,0.03784349239249701,0.04460615739920076,0.05567562205891036,0.003950592957980725
0.014610196997797087,0.0033547519337040477,-0.0010405376336109495,0.0007568303310866442,0.012110549084147826,0.01900114641049666,0.024221126055177233,0.024450758238818926,0.01697380962759676,0.03551208607745493,6.607131206287642e-05,0.022032233428751324,0.02263752687059023,-0.0006849630667650763,0.0037324353722335,0.0,0.009111657231374248,0.010862879502826384,-0.0001860571518834675,-0.033251948251011076,0.02664278040827811,-0.015661356236737534,0.02185999966593649,0.029416068182861688,0.0072979484133082195,-0.0021760483683480603,0.017016586026518232,0.017518728401230477,-0.002600554738520111,0.01576274721537968,0.010406060041662668,0.003391279043381268,-0.049433496366816876,-0.009378291566812913,-0.02475082395317424,-0.0013468164286302708,-0.0008826076316367781,0.0013948797057345974,0.024757610848821276,0.02308267127185476,0.022374740788414282,0.005678478592032965,-2.4119504625275123e-05,0.0,0.0,-0.0018057175541315584,0.011446991672873552,0.0,0.0,0.0,0.03562207459678984,0.000600773474996541,0.0015365186672149922,0.0,0.04857472962962234,0.0,-0.004136157975230537,0.002631329076975608,0.0,0.014223976117059944,0.017984981538067102,0.047178024412515895,0.04824026477938609,0.0,0.043653955732658456,0.02526087991646231,0.01784944855951598,0.024442528068220448,0.0014580106243370916,0.034340770379793994,0.014812500013681507,0.03391256274217719,0.00589183314640318,0.032150503499467575,-1.1102230246251565e-16,0.016742681662738845
0.0109041538295096,-0.0009094353023764157,0.046604210667109125,-0.001080470955755919,0.05542556415544958,0.06827547233970727,0.04846781249176002,0.012962899350607016,0.05246211931660166,0.06650196923458668,0.053274994100849404,0.06441397577734076,0.03199717316576933,0.00015162643654714758,0.0026358164794508254,0.009111657231374248,0.0,0.023515005950970946,0.04087950519224681,0.002822172718796534,-0.004707171613876016,0.06036189632433914,0.046183682326014996,0.03650412131938008,0.039131664746265726,0.020969210371972025,0.060373450440778964,0.03249760085997211,-0.009309392869656152,0.001536447974044064,0.012525425862814743,0.0013958972187878005,-0.0047080428003830055,0.024241219377043932,-0.007284676508189036,0.04642828077815292,-0.000288238656050821,0.0574553535818948,0.004882538743096021,0.05465249572830877,0.041712418303775145,0.07049003132302134,-5.551115123125783e-17,0.0,-0.0005676968700586982,0.0035494492717045856,0.0013261745347245557,0.0,0.0,0.0,0.0,0.0,0.0,0.0,0.05673528381166698,0.0,0.0386290586129604,-0.000129207825028399,0.0,0.0005815395398829915,0.004287810755703669,0.04668644126964089,0.036335002627295665,0.0,1.1102230246251565e-16,0.0,-0.0005609027055613613,0.0,0.005728846297069212,0.050987754152429066,0.030852066468163353,0.0,-0.00268943912092251,-0.00014535784482988534,0.0,0.03475507701401864
0.028323541611382452,0.01165240710269777,0.06422382973144236,5.523768609044799e-05,0.042200718206513,0.04485460288227072,0.026669735500988945,0.030713881155033873,0.07056435663702931,0.027958277177150326,0.04769275071344703,0.03671218866080583,0.02020533962916976,6.775424922733642e-05,0.017193094427715938,0.010862879502826384,0.023515005950970946,0.0,0.04226740383060079,0.002944895323141683,0.046425843708637005,0.0019175399209335753,0.029552352183355612,0.026553229827446456,0.00018498675054656744,0.001493790897363123,0.0335867408343512,0.01426742989813784,0.02175479394585067,0.002862680120382155,0.013586592643076323,0.0029170725690930155,-0.020097874108792824,0.008404339377794168,-0.005461070676101909,-0.0042547391335560625,-0.000655313129124202,-0.0009080456697007633,0.0551266575812831,0.04304423196492074,0.046441017419969366,0.05791334681899685,0.0,0.0,0.002741835649703206,0.01886673230613778,0.024816092429470915,0.0,0.0,0.0,-0.00043260475116402297,-0.00030324926125602225,-0.0007303207700022352,0.0,0.06490296038296128,0.0,0.04456082290408059,-0.0008499594169565916,0.0,0.013300319391732596,0.03212782612737791,0.05869719286690506,0.05692470175998893,0.0,0.003352257106683909,0.00535379268413555,0.03892630552147469,0.0030707496425547154,-0.007365652882063034,0.05111792979434476,0.04008804268807953,0.0016555685604945913,0.0026476504507366716,0.0014878092900574291,0.0,0.0377324227360733
0.0,0.0014151302410489452,-0.033468926346175654,0.06054385978373805,-0.00921509054558789,-0.015696194036823097,0.03868158991461956,-0.0035895892793058604,-0.03147796367766681,0.04692034224456415,-0.0429119683847041,0.055684847868191834,0.03799114313175589,0.03570455987078408,-1.1102230246251565e-16,-0.0001860571518834675,0.04087950519224681,0.04226740383060079,0.0,0.0005017058501297078,-0.00046408703643086024,0.0009058610368475883,-0.06052833833297655,0.0025610425236443635,0.047675688980430286,0.04287998094121298,-0.0005351442368877746,0.042825150861840355,0.0019451721521280274,0.0018080044342413948,0.05294043398585618,0.04131314095981592,0.00409982883808252,0.059431284534631534,0.04203679803566612,0.04709868003030948,0.03534227014801411,0.040063868797646396,0.02535628598504719,6.222560022706158e-05,0.08104495334457679,-0.004284184986850459,0.012188710938270897,-0.002302331879982855,-0.00015885113959468455,0.0,0.0,0.03419388555092995,-5.551115123125783e-17,0.020629018360726226,0.03575134202636365,0.05201587346256076,-0.02188499022476642,0.020566248396518105,-0.00011120602428887905,-0.00585116081718795,-0.0008618490729949135,0.03173210581703767,0.005955342211685921,2.220446049250313e-16,0.0,0.0,0.0,0.020877088189069526,-0.00012512494039040867,0.0,7.939538394413637e-05,0.028313624955349392,0.0,0.0,-5.551115123125783e-17,0.019349039070030716,0.041475916046485484,0.07452854419749877,0.027666291894673622,0.04630962944795192
-0.010629373460644409,0.006559894185485804,-0.0003616997811204392,0.033222076065764716,0.041937404461587446,0.018674956434795886,0.041625032716007926,0.031007953203677052,0.04744245927594726,-0.006270466250064166,-4.4471899790787806e-05,-0.029690075645105785,0.03469867370440621,-9.847268166612855e-05,-0.05374961890548746,-0.033251948251011076,0.002822172718796534,0.002944895323141683,0.0005017058501297078,0.0,0.022731179330304774,-0.026772975052078984,-0.02925530966761719,0.0014004073075787882,0.004477220385557146,-0.00011653437210412676,-0.051176037546480146,0.015638188234350925,0.007153522458416661,0.03665204528714816,0.000474828879457323,0.00455632249151533,-0.00784232720624145,-0.006666114095196629,0.012215633898916334,0.03409354976554435,0.020529387448443015,0.004003294720711981,0.014254488447401403,-0.0015800711612592444,-0.004923914230378357,-0.0035256847349449116,0.03830529245364683,-0.00262836658626997,-0.0005502494608793373,0.024082212250899515,0.014115172961719102,-0.0018868819499909817,0.0,0.0,0.03557118666559972,0.003665672972374301,0.03948938292406329,-0.0012577119829226824,0.0005024727061939127,1.1102230246251565e-16,-0.0010686989446225814,0.041849617455533505,-1.1102230246251565e-16,0.01571296580981646,0.015152588322807914,3.836892643244161e-05,0.01041983763218346,0.0,0.012546775529176213,0.03657405924673002,0.012045679531243525,0.017492178255951563,0.0,0.022348071210855303,0.020458236081022874,0.018811052355007962,0.02222484228696664,0.04227800434642359,0.0305993797417079,0.010851973272555882
0.029354262419933275,0.04235830352247577,-0.006568439638871881,0.0012812092107050144,0.029197368790932876,0.037524508193280126,0.005144048701666237,-0.017272842683264955,-0.0016292942325357718,0.006019396226339069,-0.0002216098022776447,0.019765166908314258,0.030463042556810926,0.012023878953467626,-0.001350298976370845,0.02664278040827811,-0.004707171613876016,0.046425843708637005,-0.00046408703643086024,0.022731179330304774,0.0,0.008751674761690698,0.004553154876169974,0.017355519326595625,0.06572833033328973,0.01836264251084585,0.008602295785120895,0.03379683648781939,0.02668314059659399,0.000691953863997008,0.01658826597105828,0.0337344893225201,0.03256367517562614,0.012291730432649528,0.03673809537128858,0.000800292786982626,-0.0015238856197127282,0.026844664143197083,0.019586836815793707,-0.047986451915718265,0.0019546437215519075,-0.002960101025453965,0.0013248394909253225,0.0,0.0,0.04133756267247002,0.018057793114069798,0.01700008774827544,0.0,0.0,0.053264219688118786,-0.0010728298405804915,0.0872087254911138,-0.0029748353312640807,-0.00022659131529911836,0.0,0.0015180686184683156,0.05405922860788498,5.551115123125783e-17,0.02429402589564783,0.025629745759429556,0.0,0.03775646164853036,0.0,0.03092991389595151,0.07723319481656254,0.013410415956007393,0.05516857890269816,0.001414530621572374,0.03537173858694875,0.03282768018475696,0.04351000820805079,0.04275991788380884,0.07333630685938042,0.02951997273256729,0.023090193256050662
0.005952347383359147,-0.00038826496521709997,0.005882959852572867,0.01513545896194074,0.04241196831769567,0.019259909274652987,0.03840354985595407,0.03210431119017909,0.03430625144217869,0.0248802168568365,-0.000380196520307019,-0.011660061303536196,0.03693673687729665,-0.0004970296785014039,-0.08493841077264186,-0.015661356236737534,0.06036189632433914,0.0019175399209335753,0.0009058610368475883,-0.026772975052078984,0.008751674761690698,0.0,-0.076824960058542,0.012501010082141495,0.021006594058922134,-0.028600885095764306,-0.011442336872387382,0.04539973918854967,0.007135730210497349,0.049501045645537256,-0.004587263796273777,-0.007825672318603982,-0.03325040265470136,-0.02319698840243367,-0.005593963145394454,0.016109722299504914,-0.004989609350283697,-0.08771050220827242,0.006635080473848587,0.002935488139418574,0.0061975034503069515,0.0058194652696340055,0.025871250520541178,-0.00026782205173214724,-0.00034968835983090196,0.0067198453010560155,0.0034934556032602537,0.001132283595102035,-1.0171622672972003e-05,-0.00015265922614998706,0.04122425065249785,0.0360748820118571,0.029508161980198844,0.0025362303909248762,0.07370085992623532,0.0,-6.297382624420589e-05,0.04018231360947633,0.0,0.00666597778092648,0.018622090144705283,-0.0003797461873097929,0.03614433955579216,0.0,0.011137251173413854,0.0240961685965696,0.01193054646658076,0.02503754818958842,0.0008411355745339133,0.029703176054381553,0.013871090007326725,0.030100106797944004,0.03134239188239357,0.03274384689495985,0.0009163789546691725,0.017927856632927508
0.0042732642083662675,0.02337290969486472,-0.03875057553169192,0.04204420174629048,0.018470671089579282,0.0019894751239616926,0.023646518881403344,0.01635095046601165,0.006442401264619868,0.0488822023934643,0.008569521117004597,0.015927121653294185,0.03205152333119837,0.035327510822198094,-0.07236705506407831,0.02185999966593649,0.046183682326014996,0.029552352183355612,-0.06052833833297655,-0.02925530966761719,0.004553154876169974,-0.076824960058542,0.0,0.0033552581912164037,0.03542764209351251,0.00033545296025222493,-0.016670927448925177,0.040908257841349605,0.027145153100707475,0.032059072775305286,0.04072278219447728,0.03193508140604695,-0.008094105977106247,0.023424396716101914,0.030731758241948848,0.01643841148789965,0.020193828886210463,0.0006632587700950987,0.042153407811713006,-0.004818528450358794,0.03956227335948026,0.028022743110219572,0.04378212858974856,0.051275906932736315,-0.0013111569365552023,0.007308423847955214,0.010883837140709063,-0.03448246035797642,0.0012263460344080213,0.035340396500114335,0.04892141078502288,0.06141563544997841,0.028158838930797903,0.040435591454270337,0.0013983925923733986,-0.009572232979325412,-0.0019217407225983196,0.046858520427679906,0.029009948051080814,0.008970048248250484,0.02153824262608539,-9.333665690430815e-05,0.0017993308303906885,-0.011634945035837285,0.019579864841053785,0.038648309693163296,0.013782654091649527,0.045214567505780345,-0.0009965387398092607,0.03619867159088702,0.021399027830976913,0.035928888556553074,0.04598123526468684,0.04367101269940049,0.03964490898520956,0.04233604372341315
0.001340353497418123,0.03699489476827367,0.019667779187340806,-0.031566280237913524,0.049006191712247626,0.01574457699667292,0.029197321097010565,0.017761205012946535,0.02884974840832477,0.05419572484815183,0.04235238014732273,0.022801454799796117,0.0389307181032118,0.016594605113610994,-0.019371728580108938,0.029416068182861688,0.03650412131938008,0.026553229827446456,0.0025610425236443635,0.0014004073075787882,0.017355519326595625,0.012501010082141495,0.0033552581912164037,0.0,0.02516288484370588,0.03171575748087346,-0.02637721013974509,0.023185601088060503,0.04815426142558249,0.0004013160465231036,0.04272588144927203,-0.031113665511451116,-0.027227294691981457,0.012820575325104333,0.007670108808105036,-0.058941596800571316,0.0023243588066743093,0.03247745938219598,-0.06360044937588072,-0.1286521950375434,-0.09184087212928482,-0.10225089282524791,-0.025250988261653673,0.0249587564924183,-0.06416613090176432,-0.03082196064512166,0.04565108335460283,0.0,-5.551115123125783e-17,0.00036866269528901263,0.0006155196654094031,0.0017055057154285458,-1.6653345369377348e-16,0.04651270150167236,0.040854442542200664,0.029380604549596345,0.028051681560255615,-0.01572658143568001,0.0,0.0015180684302364411,0.04452386196709823,0.04110052179209139,0.04639670198904389,0.002844699805918116,0.001207886671278413,0.0020865343644909107,0.0006497250205058647,0.000917162116292003,-0.05059758260021424,0.037992016529769745,0.021448819407126896,0.0017796996243400476,-0.05221871259026134,-0.001217069306275187,0.0,0.14305372731809074
0.03535292357960251,0.025265502099136583,0.003556982496994654,0.0003760125500695266,0.05427066754266108,0.02491921718813994,0.03903384961142303,0.03656997880669077,0.010677414085293713,0.010259876529315148,0.05343993447679163,0.03588215979352499,0.028852745085300224,0.00023854926404826005,0.036168975538627135,0.0072979484133082195,0.039131664746265726,0.00018498675054656744,0.047675688980430286,0.004477220385557146,0.06572833033328973,0.021006594058922134,0.03542764209351251,0.02516288484370588,0.0,-0.011110660394522909,0.030358459703229534,0.02406156083528005,0.02491294613611733,0.0005848684739890864,0.010688007044783288,-0.0017752775037024882,-0.01336386781550325,0.007662613776473481,-0.0011793728741514853,0.003272261393229059,0.00027498500159839345,0.033550470215621075,0.05061352179454026,0.040198400335871576,0.050246312325989306,0.04940794720789227,-0.0010905862681949707,-5.551115123125783e-17,0.0048377247481147245,0.023592164728681086,0.03186331173923662,5.551115123125783e-17,0.0,2.220446049250313e-16,0.004165867778345433,0.0006924193129665412,0.0017630924156344374,0.0002703471867735452,0.06493017609335827,3.689369361536965e-05,0.0428079672125109,0.04464316734150203,0.0,0.030963057916071957,0.03267266952184994,0.061068250286312464,0.05829764574611984,0.0,0.007099119493046591,0.03750694380868086,0.041750032477760324,0.036572220047043635,-0.004477194648900951,0.052516112917472046,0.044147074069481484,0.0043333786834592325,0.04752811032556925,0.04989615287065313,0.0,0.04407062072879159
0.017244088676736047,-0.008012170192084334,0.031058571692832493,0.0030763918973216176,0.027452064111806118,0.029209026867179966,0.02329393128512769,0.019692526046593606,0.04148220600039759,0.017909342223724145,0.05188459709467208,0.04475498708155001,0.016491596180276014,0.019073241015522824,-0.0017311148865212789,-0.0021760483683480603,0.020969210371972025,0.001493790897363123,0.04287998094121298,-0.00011653437210412676,0.01836264251084585,-0.028600885095764306,0.00033545296025222493,0.03171575748087346,-0.011110660394522909,0.0,0.004867182236236389,0.017440513678027292,0.017394362262010465,0.01205673567542842,-0.002931185278505055,-0.0028736161070102573,-0.0021522828799145355,-0.008037251805350865,-0.006668874493877208,0.03845583195398539,0.018225937135456116,0.03513499368694084,0.0364063512822515,0.0474871286436917,0.04504137782285411,0.0173188074053367,-0.0015000519934955103,0.00010615859273377382,0.008738477290400393,0.016276183000678957,0.021514123291591247,0.002528164485340323,0.0,-3.042623913462883e-05,0.047620488379217396,0.04804756065874238,0.006274671687409528,0.000478180028236741,0.05684307157361029,0.0,0.03403427403126058,0.04016953937462381,0.0,0.025905706554043062,0.036417137006310385,0.057886907948640764,0.05449607950690144,0.0,0.032359533889285474,0.04527528865208419,0.021981896681009472,0.046655510144059054,-0.012162137573463905,0.04553131179327974,0.033519918018018124,0.04671805539442814,0.056877452820725316,0.045023870320952786,-7.977817227178274e-05,0.04404479489070223
