0.0,0.8890504332490918,0.37393914789668836,0.0,0.40297613396993515,0.6867963781772801,0.7268168947830053,0.7642998318079951,0.43682261705901215,0.8796926739821112,0.41061957428300894,0.7728650087645619,0.7910072612454964,0.6837588107344647,0.4126954701339242,0.8567165223037707,0.48395181812514465,0.8439848829225438,0.0,0.5537290509277026,0.5922450144945797,0.6601697370521775,0.6748319843747252,0.7167893116327393,0.7727758088734896,0.8678088978945326,0.6619446352187017,0.6183075207328752,0.7672360300913637,0.624252548832819,0.7107432569277421,0.7048235162213684,0.5974391541786467,0.5201159191518825,0.4584445931481067,0.6372814608443611,0.5106978397407334,0.7930118331898596,0.7584922104600189,1.0423680914802016,0.9596749150669862,0.6309940343623692,0.47432647681072726,0.0,0.48837524640138624,0.5477548284861056,0.8678168170134286,0.0,0.0,0.0,0.5133656125495024,0.0,0.6217600716910584,0.0,0.6355831405246091,0.0,0.6091998419994763,0.7377468824832016,0.0,0.09761232753465801,0.9027610707820583,0.30150005628547566,1.203164984097602,0.0,0.5017178723048326,0.38420014165253846,0.8357058995007289,0.6966772800770267,0.6433483800177275,1.0466562905619392,0.9199609924883073,0.49345968140228647,0.38466278291900396,0.6033673955199974,0.0,1.0105876521246542
0.8890504332490918,0.0,0.6274683356424715,0.3303524738523305,0.8353131804450711,0.7898417551900165,0.8824095571754739,0.8552520783190718,0.7530089194013869,0.6478768479855083,0.3258115628031686,0.6264109226618059,0.8916020110552096,1.53268920347787,0.7475908180144983,0.6978209791551693,0.5881605207855811,0.7501607977619287,0.6383986641249635,0.6954128348004838,0.9285250086614474,0.6671430614923176,0.8446657181296418,0.7430240860091919,0.7291340558689376,0.4712870959511024,0.7728323098579535,0.9799794852420302,0.7454135925690707,1.0508181257199267,0.5904615668409604,0.6138840607214291,0.4037983813681015,0.48880198699296673,0.505208663679492,0.4762919871500131,0.22520312476812487,0.0,0.8294550293269145,0.8718444905453216,0.6879120112021454,0.8148539548496403,0.6235831604880373,0.0,0.0,0.8912162985392239,0.805435064562551,0.03780958477395158,0.0,0.0,0.9611723757551949,0.996659154640522,0.5534343714271339,0.5720580916440341,0.9766268504473741,0.0,0.45152120294670306,0.9899457677464183,0.0,0.8168466537649768,0.8244956786677571,0.9468327168463034,1.026206958439787,0.0,0.9276883103395177,0.994344738681249,0.8249275949527617,0.9048186094402452,0.44948214844088225,0.9146077974544953,0.8507946353160065,0.9401744105897545,1.035297515446587,0.9743947720818782,0.0,0.9251007037613579
0.37393914789668836,0.6274683356424715,0.0,0.7327123605312371,0.7675464986463052,0.6728033673524579,0.791558742728011,0.7142114872526685,0.39848415295813355,1.0429375307627151,0.5517116561884956,1.1741593180405356,0.8565390886220244,0.9170322696640666,0.35245752957734056,0.43272518486525224,1.3110191906670223,1.1749226377514952,0.32547611168473556,0.38835171618469233,0.3800385224241083,0.6153571394479755,0.31195617916547463,0.5691449715593329,0.5397725727031815,0.7097333776660144,0.6027557164157424,0.9574411837355352,1.079150154690158,0.9790654862867004,0.9523427016391077,0.9129953247914747,0.5315838569414671,1.0150174966609635,0.9317227485537898,0.9497487643104544,0.819204502468708,0.9953578501763337,0.8141815079171961,0.4924668209208972,0.7712701995211633,1.0886700144033532,0.7264979345419431,0.6850980521988352,0.0,0.0,0.19657937409083115,0.5147795778632884,0.4734494740099879,0.6677467407449972,0.8220500499870984,0.8691350273251534,0.66604506865844,0.5022535840483319,0.3644531127418239,0.7765336086317525,0.46802551821043437,0.8417213184135877,0.644499570254293,0.246729454195802,0.0,0.0,0.0,0.40196628176550847,0.6296773578206072,0.4384226313300641,0.10434619847745963,0.8542502261773389,0.0,0.636410229381557,1.0898587695392754,0.8803801649836858,0.8262060287918286,1.0188713376430778,1.465590941292945,0.8477793411207034
0.0,0.3303524738523305,0.7327123605312371,0.0,0.935588449215952,0.8719727739560719,0.9915452785334009,0.8206183482762965,0.9874815765414037,0.7702653198337769,1.0308671914245968,0.3284711787678675,0.7255709970700165,0.7842444186842289,0.6302262189426704,0.13814222983656801,0.532121736733724,0.47131078112277414,0.9480448321826764,0.8651408694189694,0.42950479883874304,0.6903282268928583,1.1123833915820158,-0.021867855329505387,0.8761300731968938,0.6425113948280583,0.9397196456282593,0.6891173983182782,0.46961097989533457,0.4664011000631837,0.8002307743097611,0.6572392252542077,0.6446843884062521,0.3284129591912175,0.7424284290636693,0.42921517706180085,0.2775783907796189,0.29769385009608706,0.20609943754965931,0.28313876382485625,0.37499687437107015,0.28740781395079934,0.21520057546570248,0.23648558300965905,0.0,0.0,0.0,0.39431300581503753,0.0,0.0,0.601434425870002,0.0,0.4663986574650204,0.0580231488122824,0.0,0.17399397836284347,0.4644443919486291,0.4509416530523589,0.0,0.0,0.0,0.0,0.0,0.0,0.0,0.0,0.4687595534869434,0.5825545310355543,0.0,0.0,0.0,0.5015929503233242,0.5435239674406509,0.5837726785697928,0.0,0.0
0.40297613396993515,0.8353131804450711,0.7675464986463052,0.935588449215952,0.0,0.5917289939784606,0.5005477185491268,0.8041907629233669,0.4329975081318457,1.185378574399456,0.6870212825791864,1.1916858824106178,0.8012247695360558,0.7635915058289997,0.4888696269299783,0.7358703841017478,1.096561130734334,0.783243212434866,0.5328952260709859,0.9303363738661444,0.8119606081902475,0.8684882981204101,0.6932097930394019,0.9825891275030614,0.9017939144488601,0.7472045027945089,0.5596680957539559,1.1089622072899457,0.7723213696034201,0.8281685830103523,0.8749995971558215,0.7722512686014289,0.8412249139846267,1.052385815045592,0.9569414497792152,0.7671608853232371,0.7171683703693152,0.8996616646268932,0.8086066035501072,0.7290206611271812,0.88910720442524,0.3974872493655123,0.5104845750974789,0.6700969542741524,0.2439291565879465,0.0,0.7589824179818223,0.6854646644121787,0.0,0.5820327813952597,0.974738369766214,0.9922542024143806,0.7819021572280158,0.7975710054470387,0.0,0.5230483641659919,0.33979431044818004,0.9440456916061458,1.0111076127730643,0.2506911242836134,0.45832022856231763,0.0,0.0,0.7477870107298448,0.3065181822836125,0.4995350559144342,0.38485902540926165,0.9008604071569772,0.0,0.4921162466977199,1.1041827154158088,0.9346772092049496,1.0939206252229434,0.9901702681917879,0.0,0.9906660632553999
0.6867963781772801,0.7898417551900165,0.6728033673524579,0.8719727739560719,0.5917289939784606,0.0,0.6935199925127021,0.815776648534425,0.3499432676981478,0.9561434079711474,0.6620517398171499,1.0037625601048394,0.6749857300538398,0.9273685389798566,0.7702851062966374,0.7425941835116389,1.1042585756344945,0.9002853729732161,0.49491425109577136,0.7364116491184085,0.8735593567923264,0.6659970925869316,0.6195344365905845,0.5198983972525395,0.7642394497239604,0.8702647366255285,0.46254794788125897,0.7851733863047612,0.44051013842834785,0.9463897000344703,1.0521111334802924,1.001482903209158,0.831184736952034,1.000272124315509,0.9935422076654199,0.8656522146483703,0.9170906967649863,0.7559753351459038,0.9702544704369319,0.3127469760185593,0.8033140036149682,0.6161360665334707,0.8610185519449605,0.915562854641884,0.19358620022983344,0.8441739828250248,0.7332280722351392,0.8368650660318173,0.5653987790032156,0.6865670400346029,0.8753998914513659,0.9455602949603212,0.87624943360411,0.8689053430023268,0.6836755074820267,0.7916660901562659,0.5873275715316177,0.9236199772031374,0.36399323585566923,0.8255404034718383,0.8151762707407157,0.0,0.8952880983898477,0.7496848952806663,0.8112966123804506,0.6514320197841446,0.8816350070533537,0.8683324018200491,0.5678222291065292,0.8032078032618781,0.76924846216854,0.8539421495394468,0.8834881107618463,1.0321955572785457,0.8282792337542164,0.8404196205311103
0.7268168947830053,0.8824095571754739,0.791558742728011,0.9915452785334009,0.5005477185491268,0.6935199925127021,0.0,0.8220376351103845,0.3009499726703777,1.109049684494733,0.8758918861584226,1.2377188006907605,0.49567507721178716,0.559869403274534,0.5387791412937624,0.7896541202120618,1.0645505579744556,0.8054491923629603,0.7788797129789223,0.9070563298366862,0.5046274041687379,0.8367703599075169,0.7708955454520422,0.8569692722695436,0.8575506741654848,0.838119328551868,0.6054776653038646,0.8052461294119794,0.8262739508442654,0.8546039692647538,0.6973841822274749,0.9878027393973015,0.7653898218033037,0.8619407593923829,0.7420808960214035,0.6199858515484178,0.5494434871829098,1.104515705399387,1.09001347342078,0.4343835983888006,0.7028785817846267,0.4516490017353342,0.5551359707921747,0.8082974625385384,0.3561052442713215,0.0,0.8379856712633531,0.6436180492279592,0.0,0.5340492775889937,0.9475961026829558,0.8867947428633385,0.5703165632241118,0.9309722063580432,0.8574947077793305,0.4569309025915347,0.4127110427726548,0.8228822714584079,0.32565331745627485,0.31699765219324183,0.8976698984422623,0.0,0.532531837397205,0.579268392906247,0.6145293628046459,0.4747317102317509,0.6159973566590554,0.9613015272501269,0.460311314884022,0.6050093291888876,0.7904646410178415,0.9305646700235963,0.9380448723732646,0.4896311559380212,0.8000057330095183,0.9208538506520729
0.7642998318079951,0.8552520783190718,0.7142114872526685,0.8206183482762965,0.8041907629233669,0.815776648534425,0.8220376351103845,0.0,0.7245715739694341,0.901051927869351,0.5791939003303035,0.7865271755336611,0.8918189072159015,0.7379673155103379,0.7311737910214463,0.8610996704497937,0.8535310942419285,0.8198684298461585,0.5972257371668982,0.7256232877421391,0.4421417034654894,0.763429575771333,0.751776769482735,0.6529047142069742,0.8594919823524665,0.7690264261402299,0.7236414273988767,0.9261435469651909,0.7847636447737151,0.8437771117535839,0.8973744116413789,0.8556847874280131,0.3910203416272102,0.8743527393655306,0.9348811610679799,0.5489346867942289,0.663050220761072,0.6296908237604055,0.8866887703532229,0.41798169937142793,0.6343318696522412,1.1588430174044682,0.6831037498669839,0.4526524648989959,0.0,1.0345904839111222,0.8900979903117467,0.6643089476901942,0.0,0.5876473502911989,0.8290762742909226,0.9235164670288669,0.5740718959422569,0.6919613379531291,0.8267105793368763,0.6072596723895315,0.9926260248145523,0.8059741106918721,0.21078439281578987,1.0409663437414463,0.3954221021085247,0.0,0.6882672912693695,0.8476800700601796,0.8681905257265412,0.9719915758766543,0.5059055113366437,0.8537127609463631,0.0,0.7457047087396094,0.8577731400295976,0.7697357449691677,0.8500573976321327,1.006643472177811,0.8507488558353269,0.7516705610151547
0.43682261705901215,0.7530089194013869,0.39848415295813355,0.9874815765414037,0.4329975081318457,0.3499432676981478,0.3009499726703777,0.7245715739694341,0.0,1.013079608200701,0.41349728370659056,1.099310972129615,0.5397756560473015,0.9526457921260518,0.5646489425349415,0.7011544712736366,0.9942646602602456,1.0601770991732804,0.2075634755123279,0.9510948459928487,0.413693215343329,0.8463479141744077,0.6681414861558386,0.8020393225593407,0.6188089102276004,0.8891879436941905,0.4679676676339069,0.9195855330415239,0.732462541601403,0.8586065599510558,0.941746020441936,0.9212876973869739,0.7520951673061713,0.9956079466474341,0.9041690181647681,1.0019354231848951,0.9432116873924891,0.9244217259702099,0.7733570368504346,0.6555697905204068,0.6726782459038148,0.7439757347130929,0.6366280052759371,0.41341620287174075,0.2830440356805949,0.0,0.5087138938817263,0.7369439597762659,0.46479677504097056,0.8697578668286083,0.9329907912974243,0.9282386583463371,0.713112108900691,0.7410779237945715,0.19752545797054152,0.40483742577863596,0.462344246346702,0.8188868536454562,0.6532086149242068,0.4581241292451515,0.7033495219515506,0.0,0.0,0.7611527130177362,0.6097261629935733,0.6558388656238405,0.56952362085096,0.9115297688771211,0.3063041477594996,0.5684042167370731,0.5963838453329625,0.8226893075195078,0.8709394787519611,1.0269891369958983,1.2222138157092253,0.9866087930904067
0.8796926739821112,0.6478768479855083,1.0429375307627151,0.7702653198337769,1.185378574399456,0.9561434079711474,1.109049684494733,0.901051927869351,1.013079608200701,0.0,1.0540021874998788,1.090571450520778,1.0360177417438927,0.9567300283457012,0.49246011821453944,0.840196184865996,1.297333224687882,0.8471026069715871,1.0424162040561478,0.4064350017452288,0.7034334169829728,0.6769137042503157,0.9559060740649844,1.0073229030478157,0.8279538463269451,0.8028789011432114,0.8843058479441462,1.0189508105050047,0.8818909463477167,1.0162436364260166,1.106670292985757,0.35619377858254675,0.7575466458169486,1.0507010186634234,0.5002841450941289,0.3340345834552262,0.07496238970560531,1.0057543817825536,0.38734039053222097,0.6448618291497366,0.5494701080651812,0.3443338951951349,0.27801607266804557,0.2877171984294235,0.6729710205704116,0.7938119315880617,0.4975885157501095,0.14826440170983246,0.4682318591422283,0.4653955708538711,0.5398398145932505,0.6811495899878135,0.5669062844079857,0.23436434652242566,0.7919180568188782,1.082431017592993,0.7783046934856369,0.9105963510920169,0.0,0.9059305274773606,0.6515849577522719,0.6208168229122593,0.5827772369855475,0.4822220028099461,0.4745861093506474,0.5802962487395793,0.3458956893434719,0.5567277723122076,0.6603357564794397,0.657570338842512,0.6163625335074439,0.5528813823715346,0.740923597009701,0.40032384308138846,0.0,0.7887067486844217
0.41061957428300894,0.3258115628031686,0.5517116561884956,1.0308671914245968,0.6870212825791864,0.6620517398171499,0.8758918861584226,0.5791939003303035,0.41349728370659056,1.0540021874998788,0.0,1.2422469382579084,0.867125640087457,0.6170028971034098,0.0,0.5176001621292496,1.1131234840762239,1.0707837795393216,0.20790472124834394,0.4592543776009085,0.5467790125318455,0.3815467521088012,0.5779263893879909,0.911708395326829,1.0888945264622254,1.1139783633891505,0.6649328728844623,0.9125684395990317,0.8051407478511498,0.5457329125829262,0.870299283076189,0.8362668157097102,0.7516179890149199,0.9858201746532509,0.9335139614940111,0.7533574019444821,0.9112684643506428,0.9477948005914061,0.8208020758309011,0.2939061064023073,0.9223941994118903,0.6495953081141106,0.8083438863229819,0.5771425161817751,0.18457613732198536,0.0,0.0,0.6288919264984961,0.4803223606894472,0.5148274489048297,0.8076646850153936,0.7397201984624087,0.557489441477615,0.21943687067542947,1.1814441311983266,0.42756515781861737,0.370331218536527,0.7831278533885075,0.8120098724225991,0.0,0.0,0.0,0.0,0.28661809133176863,0.3452023651640311,0.0,0.6747487050773997,0.8578883256508694,0.0,0.0,0.9363847306767927,0.8905979648758418,0.7102655190723093,0.36321157305932394,0.0,0.9285112832976743
0.7728650087645619,0.6264109226618059,1.1741593180405356,0.3284711787678675,1.1916858824106178,1.0037625601048394,1.2377188006907605,0.7865271755336611,1.099310972129615,1.090571450520778,1.2422469382579084,0.0,1.2649719293106627,1.0257371812054858,0.40613777817703794,0.8523689980525768,1.273532244786677,1.0690669420468741,1.1485114286055376,0.25975742829215764,0.7498449383292698,0.37865254942475457,0.5988467750863833,0.7131000677059022,0.9966407062408009,0.7982687425313324,0.7664593183337691,1.2304061570540017,0.7506567590572033,1.1217234684120927,1.087093157069082,0.25147308607465657,0.45655723582639385,0.8057332049121014,0.7563502668558348,0.3316248700884248,0.2908634852761139,0.25015468785892225,0.5928346441130689,0.7047477668078919,0.4036581363561128,-0.052926234840337566,0.44405362184723485,0.4524498580212887,0.6084431547308837,0.5482100774733442,1.1761827886930045,0.24327047580862884,0.19406839907542206,0.28933891547719603,0.3599455775884986,1.0977380647060215,0.2638528000656486,0.41269970596629246,0.8372921311859685,0.22822103725070392,0.8703382755952944,0.7568363724706879,0.7280149527416839,0.6609678371831945,0.5292097503025782,0.7944181019468773,0.7950972013775328,0.35250675445092094,0.7909652478883975,0.7684126788195169,0.46157988243243875,0.4717552886448964,0.690508880150241,0.7714362427436894,0.7043152432157145,0.3166246540849855,0.8274686896987207,0.47716074113409773,0.0,0.8601212895760755
0.7910072612454964,0.8916020110552096,0.8565390886220244,0.7255709970700165,0.8012247695360558,0.6749857300538398,0.49567507721178716,0.8918189072159015,0.5397756560473015,1.0360177417438927,0.867125640087457,1.2649719293106627,0.0,0.6660182452088788,0.7539570935305444,0.8257365946051693,0.8952928998287614,0.8572942451963046,0.7964589825000721,0.9503060159084269,0.7869984524783192,0.8376002684907407,0.8957142767066202,0.821649275452808,0.9266777054587672,0.8336541337951129,0.73380769012195,0.6811451622654677,0.8294567104049319,0.638795083055353,0.5676712689458181,0.8193928033528195,0.7017465598358334,0.9107823322869788,0.7535769480522709,0.5322303081469274,0.4207541440527828,0.8751931902585735,0.8268719637872746,0.4818302298688032,0.8463227862835837,0.710239791478773,0.9039981615262788,0.36202181855869053,-0.26296301421147733,0.9772553061064322,0.8258328561464949,0.8517417050725844,0.0,1.0762546045182264,0.9207886930960945,0.9288604339285941,0.9012919926951694,0.9308616807336396,0.7111116690488588,0.6966127436219611,0.8426457138279235,0.9289700776533969,0.3755436939048433,0.5777329720921914,0.7683742287977956,0.40129654174425583,0.8972427389741375,0.8009587986156254,0.6536150368551226,0.60435730289474,0.7929331189635676,0.9411792774556729,0.6112298139505808,0.8965572404695685,0.7512239812607895,0.9329522577719709,0.9785147439566909,0.9102356862137995,1.025944947857393,0.85880651976127
0.6837588107344647,1.53268920347787,0.9170322696640666,0.7842444186842289,0.7635915058289997,0.9273685389798566,0.559869403274534,0.7379673155103379,0.9526457921260518,0.9567300283457012,0.6170028971034098,1.0257371812054858,0.6660182452088788,0.0,0.5531422288310562,0.5618221273220021,0.5037550567459416,0.47393179426328885,0.8659553659337871,0.3945238779516392,0.6545608394130215,0.27774719326412733,0.8984799043935187,0.8321327519470515,0.49892596868907657,0.7181148022831385,0.8850976177047514,0.8135899106723579,0.4013451412487211,0.8053620395858301,1.1034504724854846,0.36778177921245625,0.26059185557447045,1.1301981369969303,0.7851762635944931,0.6194479461234254,0.4125834314428007,0.41249851127648396,0.6867325062009646,0.0,0.7101625991064204,0.8471245700030973,0.5916895384626782,0.4728309184664622,0.0,0.0,0.0,0.3983648750518155,0.0,0.8204486186050941,0.4460978474916911,0.4259181636311898,0.5217927588690455,0.5737663745974109,0.0,0.6693839815423317,0.41410608308408725,0.756803168655553,0.46095152883671153,0.0,0.0,0.0,0.0,0.7263492110582966,0.0,0.0,0.0,0.6791750979019059,0.0,0.0,0.0,0.5288078482716083,0.7387755822042199,0.0,0.0,0.0
0.4126954701339242,0.7475908180144983,0.35245752957734056,0.6302262189426704,0.4888696269299783,0.7702851062966374,0.5387791412937624,0.7311737910214463,0.5646489425349415,0.49246011821453944,0.0,0.40613777817703794,0.7539570935305444,0.5531422288310562,0.0,0.6879328317389033,0.48541156434721255,0.701801959275688,0.0,0.2927364160680393,0.5552033084691497,0.010434253951151995,0.14394416534351734,0.39743153034375955,0.8116328280330302,0.6051637147709861,0.36385880689720884,0.7487186931568457,0.7693197725673657,0.814129402108239,0.5092641337017932,0.5289415352236335,0.4825691074132919,0.34777436371888615,0.5080107767038787,0.6457830396080317,0.3359857851040485,0.3777084172674876,0.43554069777457183,0.313962511042163,0.4749736533117104,0.40771201204753516,0.6046962726847909,0.630767073250313,0.0,0.6990626280541667,0.7370488450741158,0.4792905774137929,0.0,0.0,0.876260942742249,0.700760658326783,0.571653963326497,0.5441298205196831,0.0,0.0,0.6665587643180381,0.6117972289130311,0.4810037796175215,0.37284050099586985,0.7908650503432129,0.6155148805901981,0.6333507178891025,0.0,0.7430494385177313,0.7780908074426325,0.7702001418961448,0.7628687404591457,0.4727420694156117,0.763811851561488,0.8162046704363322,0.8315084606436279,0.8545918983293816,0.9032234504650606,1.1276769295647924,0.5571634920104597
0.8567165223037707,0.6978209791551693,0.43272518486525224,0.13814222983656801,0.7358703841017478,0.7425941835116389,0.7896541202120618,0.8610996704497937,0.7011544712736366,0.840196184865996,0.5176001621292496,0.8523689980525768,0.8257365946051693,0.5618221273220021,0.6879328317389033,0.0,0.6576978461633272,0.822274570209764,0.4605171367368755,0.315925492703374,0.8969608315195889,0.5316877745071056,0.8755392535501767,0.913591857390339,0.7253775760957206,0.6744649865753672,0.80798461898774,0.7600681802538997,0.5980219091587051,0.69849606900754,0.796953950822978,0.633753913451469,0.054920943105388254,0.4058965908902483,0.4014935911509865,0.5966608166906533,0.3696704711836377,0.6103899433498197,0.9097051126100154,0.7308964824564007,0.7958482411185084,0.6370304547475475,0.4676816953521538,0.0,0.0,0.5827857669675178,0.7816331337194466,0.0,0.0,0.0,0.8773833447945876,0.6007534898659708,0.8422095310381602,0.0,0.9068977663624824,0.0,0.41511743761354175,0.6462453214148274,0.0,0.7368974857877664,0.7887700734311531,0.9057238204159972,1.0456387949513624,0.0,0.9425253631960226,0.8743316309909999,0.7919377477756988,0.7724010954222603,0.46840344201954615,0.9612319447949165,0.8335819007699584,0.8682300264971288,0.6486563905938356,0.9367108115201688,0.0,0.6861078251674955
0.48395181812514465,0.5881605207855811,1.3110191906670223,0.532121736733724,1.096561130734334,1.1042585756344945,1.0645505579744556,0.8535310942419285,0.9942646602602456,1.297333224687882,1.1131234840762239,1.273532244786677,0.8952928998287614,0.5037550567459416,0.48541156434721255,0.6576978461633272,0.0,0.8975242316002021,1.1842745934936258,0.49884573078054517,0.49062335742510016,1.1190951748079678,1.0857805558404494,0.8996428154153535,1.0131840598290482,0.7652206313030906,1.1894281041334784,0.9810642159709814,0.310316917641087,0.5345376974317981,0.8222447601239639,0.6686041609430434,0.6311038881966111,0.8614742229101108,0.49687207779547327,1.0615456399913232,0.2609720407350599,0.8662336114611495,0.6009137632113777,0.7850763155874632,0.7544159926666848,1.3063145714085618,0.0,0.0,0.45340498376087757,0.6858094724699274,0.5511552917308569,0.0,0.0,0.0,0.0,0.0,0.0,0.0,0.9132939592983148,0.0,0.762693989917463,0.32448603151586036,0.0,0.8166943618060651,0.4537262045751827,0.8891396906712206,0.7672858045445383,0.0,0.0,0.0,0.515033202524824,0.0,0.6436773742147162,0.9364516617294484,0.8273727442244985,0.0,0.2830971828574744,0.47641268416537175,0.0,0.8276354324193559
0.8439848829225438,0.7501607977619287,1.1749226377514952,0.47131078112277414,0.783243212434866,0.9002853729732161,0.8054491923629603,0.8198684298461585,1.0601770991732804,0.8471026069715871,1.0707837795393216,1.0690669420468741,0.8572942451963046,0.47393179426328885,0.701801959275688,0.822274570209764,0.8975242316002021,0.0,1.072551978268211,0.6233870579578976,0.9971106425421608,0.6235068294809729,0.8585481029278055,0.82079775499783,0.6756410505555466,0.6114756746920316,0.9591665523746304,0.738273277132943,0.7351413041169557,0.5918411319493149,0.7354500382051987,0.6507038553473621,0.4834529042903979,0.7598140644147806,0.4754637042022092,0.5585132831056475,0.25393486218145533,0.39288394372138546,1.1985401238859605,0.8080402541134581,0.859920188097024,1.062889940169516,0.0,0.0,0.5916583078394476,0.8017597538272012,0.8317372580588502,0.0,0.0,0.0,0.5253960027514659,0.5402877130188956,0.80849733734821,0.0,0.991589822237833,0.0,0.8922425565149522,0.5186804983125797,0.0,0.7238475062686087,0.8609765230761347,0.9738388535868802,0.9997295756874764,0.0,0.5003445434832219,0.7244248172217265,0.9451119168490116,0.7865927881934847,0.5631040261868934,0.9874493257822066,0.9717947526287883,0.5171108389353004,0.6814516788185931,0.5297024707075297,0.0,0.9546279311765111
0.0,0.6383986641249635,0.32547611168473556,0.9480448321826764,0.5328952260709859,0.49491425109577136,0.7788797129789223,0.5972257371668982,0.2075634755123279,1.0424162040561478,0.20790472124834394,1.1485114286055376,0.7964589825000721,0.8659553659337871,0.0,0.4605171367368755,1.1842745934936258,1.072551978268211,0.0,0.5555395350189054,0.44204035480074166,0.6764691049905951,0.2241786888750079,0.5207782273772616,1.10856836783633,0.9494777135438914,0.5943192812860757,0.8964099477916614,0.6099061926890936,0.6249647435680089,0.882134711725482,0.8789717341091146,0.5571985574563634,0.9787090672664902,0.8647880864172165,0.9571125170996096,0.785273114558752,0.8429463429115898,0.849923864857438,0.4108299523007128,0.8758738015032884,0.19781813872666773,0.7192763992030333,0.34215283683989206,0.4079792337218635,0.0,0.0,0.7603873980301303,0.0,0.5664628367045372,0.7838574387125106,0.898473110051375,0.5103372216394704,0.7795253914482569,0.9154240279553397,0.5810842431166929,0.5427943383115288,0.6934178623701576,0.517425295842344,0.0,0.0,0.0,0.0,0.7519843415847187,0.4771772257607929,0.0,0.4974517094576782,0.7895620231452474,0.0,0.0,0.0,0.7482391410407048,0.8964153236029199,1.1459372727894883,1.48477620481382,1.0647840322675934
0.5537290509277026,0.6954128348004838,0.38835171618469233,0.8651408694189694,0.9303363738661444,0.7364116491184085,0.9070563298366862,0.7256232877421391,0.9510948459928487,0.4064350017452288,0.4592543776009085,0.25975742829215764,0.9503060159084269,0.3945238779516392,0.2927364160680393,0.315925492703374,0.49884573078054517,0.6233870579578976,0.5555395350189054,0.0,0.8028549510964187,0.36276246889149144,0.4639265264027831,0.5891041620735326,0.6860922941617763,0.6207684816970243,0.20594990261538784,0.7597708705534862,0.714339987338855,0.8753782629326559,0.6428766955190485,0.6055834427478626,0.46497156409803353,0.5790928193767546,0.7359797732895872,1.0131139897567676,0.7128530001058828,0.8090807287674484,0.6558255407879612,0.5387755671299782,0.5721952833659043,0.5000389029750316,0.7842944866167529,0.23079666151543726,0.19987210614554649,0.7910158121818163,0.7406350982291976,0.47952758719737176,0.0,0.0,0.7724715195266527,0.6436060932182954,0.8890213263617609,0.4424302591383974,0.9394077152634297,0.0,0.5602887340921039,0.9112804703297193,0.0,0.7687874602225899,0.6444133579585807,0.47049702625861545,0.6808397638518111,0.0,0.7113441821518949,0.8547865358540289,0.722919934245864,0.7281783387385463,0.0,0.7508191603225951,0.6936677863300507,0.7332472949351874,0.6731948272481196,0.8806212595325758,0.7597365372846345,0.6542077558012529
0.5922450144945797,0.9285250086614474,0.3800385224241083,0.42950479883874304,0.8119606081902475,0.8735593567923264,0.5046274041687379,0.4421417034654894,0.413693215343329,0.7034334169829728,0.5467790125318455,0.7498449383292698,0.7869984524783192,0.6545608394130215,0.5552033084691497,0.8969608315195889,0.49062335742510016,0.9971106425421608,0.44204035480074166,0.8028549510964187,0.0,0.6548136131146693,0.672863518821468,0.6718488815470515,0.9480955234772446,0.8405548954523752,0.7122365837311196,0.7692318765759121,0.7109570036294113,0.5205414948971425,0.7550064154740395,0.7406402025615004,0.7340848248929979,0.5818924568928986,0.814552741846243,0.5252006479831092,0.3273037667218334,0.8097883832181765,0.7123746515771381,0.25811862159717464,0.47570155692308314,0.4567504190402651,0.558097703318787,0.0,0.0,0.7617613365101511,0.762708499983489,0.8531600075318564,0.0,0.0,0.9621647552953385,0.43304175217960983,0.9982248879032931,0.5125464964075487,0.6198536220674749,0.0,0.756136453243111,0.9528760513944654,0.0,0.7851979433621741,0.8081238403595661,0.0,0.9732766874230616,0.0,0.8493407380945845,0.9776835413884277,0.7770442134954632,0.9341358307608065,0.8332195378500811,0.7623662398802851,0.9717891358713205,0.8334265668322944,0.9418988803788901,1.1424231985340263,0.6909197497652876,0.5458680630534443
0.6601697370521775,0.6671430614923176,0.6153571394479755,0.6903282268928583,0.8684882981204101,0.6659970925869316,0.8367703599075169,0.763429575771333,0.8463479141744077,0.6769137042503157,0.3815467521088012,0.37865254942475457,0.8376002684907407,0.27774719326412733,0.010434253951151995,0.5316877745071056,1.1190951748079678,0.6235068294809729,0.6764691049905951,0.36276246889149144,0.6548136131146693,0.0,0.3595417821592397,0.5002926201004062,0.8906555078396736,0.40932490346377237,0.48928080474666136,0.917430769375999,0.6245941971875537,0.8253703245164505,0.6464054933979033,0.5528500653335254,0.2927711949620711,0.4782614845354676,0.6210522477995795,0.7265418276944968,0.6711611499415866,-0.06591342685393309,0.6037418035662244,0.5817253066806658,0.575521748872717,0.5773616583908272,0.6803617926011839,0.3567535141095581,0.2461462222742426,0.6882886792855536,0.6783470513625527,0.5885972109873185,0.475944989331291,0.24173763896434447,1.0047651955572259,1.0079334208963746,0.8399286973313538,0.6729854011458222,1.129130858925894,0.0,0.5343369327587032,0.9050528674269798,0.0,0.7112041449810921,0.7334366329736638,0.41705807587854826,0.8648204303324799,0.0,0.679000051535251,0.8173545454751663,0.7579810870587778,0.8091474277736572,0.750961656202559,0.7870783464624549,0.7219936451190174,0.8593657461519468,0.8296217613065697,0.8397745865512098,0.5561177139086977,0.7521389528254661
0.6748319843747252,0.8446657181296418,0.31195617916547463,1.1123833915820158,0.6932097930394019,0.6195344365905845,0.7708955454520422,0.751776769482735,0.6681414861558386,0.9559060740649844,0.5779263893879909,0.5988467750863833,0.8957142767066202,0.8984799043935187,0.14394416534351734,0.8755392535501767,1.0857805558404494,0.8585481029278055,0.2241786888750079,0.4639265264027831,0.672863518821468,0.3595417821592397,0.0,0.6063922499512789,0.8329380055780569,0.6211634667198078,0.43169036808854155,0.880748148540266,0.8092503190345623,0.8288206250349035,0.9137466384766793,0.9492751397689047,0.51800945027544,0.8192799162933434,0.8487708124665602,0.7522648595747952,0.817314120978595,0.3958108353912648,0.9171691286249517,0.5853095659078775,0.8585223538233449,0.7910766985141078,0.8804885205894611,0.982379324320566,0.5337825170161709,0.6020075169579786,0.8215779555118583,0.5526497129288557,0.4702564971344051,0.8569025288266245,0.9480011511698951,0.9853207626513372,0.8310632170957227,0.860327784888482,0.6285196822950682,0.640507398202705,0.4299414068905825,0.8636358875626257,0.7871154813806623,0.7336526709427271,0.7868119608057482,0.47458610935064716,0.5827635057136837,0.6315306141089727,0.7817366690973175,0.8953536690599793,0.7785836902903209,0.937983505393164,0.21302648310913994,0.860042803570636,0.8417640723763298,0.8147001768706397,0.8620714560658198,0.9378699815695546,0.9745959753678026,0.8339023528770472
0.7167893116327393,0.7430240860091919,0.5691449715593329,-0.021867855329505387,0.9825891275030614,0.5198983972525395,0.8569692722695436,0.6529047142069742,0.8020393225593407,1.0073229030478157,0.911708395326829,0.7131000677059022,0.821649275452808,0.8321327519470515,0.39743153034375955,0.913591857390339,0.8996428154153535,0.82079775499783,0.5207782273772616,0.5891041620735326,0.6718488815470515,0.5002926201004062,0.6063922499512789,0.0,0.7804071525599263,0.7392176976025798,0.3174138017167304,0.7490534212966162,0.9525623654017935,0.8138672090333867,1.176060014358383,0.23948208076589958,0.23171357694021094,0.5599313033131204,0.49813584009897105,0.14265590757113064,0.3583759980322424,0.6305910079841055,0.4648290694063528,-0.11482233165309158,0.02312243993066837,0.07667406672100152,-0.06442166720236342,1.13920137774292,0.07669273389755565,0.42294709580283074,0.9294836310734192,0.0,0.0,0.48013165797655855,0.5935979207780389,0.34101560636758665,0.0,0.6502376862217869,0.7921882740303303,1.5579127604156326,0.746487007592165,0.2968650455808182,0.0,0.2672259522366185,0.8773577596554606,0.8469793261013092,0.9342611111844867,1.4722266638487351,0.37777328043706926,0.49737301305963133,0.20735158435554887,0.8274841871934812,0.21410536183501816,0.915134145280385,0.8303826904633786,0.5729399668826907,0.19814631297552904,0.5867306792982586,0.0,1.3676143192327446
0.7727758088734896,0.7291340558689376,0.5397725727031815,0.8761300731968938,0.9017939144488601,0.7642394497239604,0.8575506741654848,0.8594919823524665,0.6188089102276004,0.8279538463269451,1.0888945264622254,0.9966407062408009,0.9266777054587672,0.49892596868907657,0.8116328280330302,0.7253775760957206,1.0131840598290482,0.6756410505555466,1.10856836783633,0.6860922941617763,0.9480955234772446,0.8906555078396736,0.8329380055780569,0.7804071525599263,0.0,0.3558146276934172,0.8995281859402551,0.8645589089955539,0.764597124711804,0.45437189162805114,0.7344321344682391,0.4361628066869977,0.4983005547758043,0.6027180925157463,0.513402044199178,0.5498359949242413,0.5870971019303425,0.7379102053920495,1.101504911258047,0.8285092777927084,0.9579309106066632,1.00916045614459,0.09864799082534309,0.0,0.4703318958525988,0.841352625159039,0.879959731693531,0.0,0.0,0.0,0.6298170629502938,0.5435012828612853,0.7058139571409578,0.40814624968589797,0.9661292382032804,0.4786631411777559,0.8930135255599243,0.7775934684026367,0.0,0.794500992553076,0.8386158040008325,0.9577783885753421,1.042896477668036,0.0,0.6904809341238793,0.8615121631148775,0.9480281422050536,0.8300355696145922,0.5665328425693159,1.02326484208591,1.007311331385916,0.5339774869720942,1.0662334787818808,0.8750032853696754,0.0,1.0188817956901524
0.8678088978945326,0.4712870959511024,0.7097333776660144,0.6425113948280583,0.7472045027945089,0.8702647366255285,0.838119328551868,0.7690264261402299,0.8891879436941905,0.8028789011432114,1.1139783633891505,0.7982687425313324,0.8336541337951129,0.7181148022831385,0.6051637147709861,0.6744649865753672,0.7652206313030906,0.6114756746920316,0.9494777135438914,0.6207684816970243,0.8405548954523752,0.40932490346377237,0.6211634667198078,0.7392176976025798,0.3558146276934172,0.0,0.7372718699046258,0.8641972193673418,0.8290053662475619,0.5231030724132042,0.5723938689766173,0.6215804221790995,0.6061890668377521,0.5021517764500635,0.5422279965991148,0.7011840467387511,0.7088046182999937,0.7362001676640086,0.9117205122601314,0.9957349964634993,1.0653898530544268,0.5886226346392512,0.21330426535529537,0.5522009079293881,0.5465366982962221,0.7763493952343106,0.8656919255247364,0.6708517695213776,0.0,0.003239902349390161,1.034377783129725,1.1032851033742408,0.6127551253650241,0.41945148905908003,0.9643692800825945,0.0,0.9163654613402541,0.964717514094485,0.0,0.8395282901063068,0.9227242801995265,0.9666799324432082,1.038395644537648,0.0,0.8543418143031127,1.0511717023934295,0.9005528560222089,0.9805928405350677,0.5472627450957186,1.0237319699528622,0.9298712148875894,1.0360365351669665,1.0767645638021364,1.0631405359929027,0.48948256567146015,1.0094217452753798
0.6619446352187017,0.7728323098579535,0.6027557164157424,0.9397196456282593,0.5596680957539559,0.46254794788125897,0.6054776653038646,0.7236414273988767,0.4679676676339069,0.8843058479441462,0.6649328728844623,0.7664593183337691,0.73380769012195,0.8850976177047514,0.36385880689720884,0.80798461898774,1.1894281041334784,0.9591665523746304,0.5943192812860757,0.20594990261538784,0.7122365837311196,0.48928080474666136,0.43169036808854155,0.3174138017167304,0.8995281859402551,0.7372718699046258,0.0,0.8702898783541668,0.6698834462734776,0.7586110403180449,0.8135185346232265,0.9163498471815159,0.6218078451307383,0.8230426868421143,0.9231117612836033,0.8123640853619805,1.0155995596993443,0.7475744070992139,0.9148227836372531,0.7809676038092201,0.8694015884994171,0.8391150176131503,0.8022677534679324,0.9381327838616804,1.0502725833004622,0.7656201573455486,0.6472558613549229,0.7983936282496634,0.4817931855173213,0.811719213839803,0.8646376997659126,0.8531249950860718,0.7178301935397975,0.7895109052472972,0.7065215670315319,0.8241703625711299,0.5379803366768772,0.8519400472902843,0.6757967312558373,0.818521021314971,0.7521226074610247,0.0,0.8280183272483042,0.8865702261096698,0.8011312438822948,0.9469389313794693,0.7534836714148176,0.8237969272236598,0.0,0.8232196385716068,0.7177520165626261,0.8087191236846667,0.8842016816838466,0.9582516090137855,0.8633104622696368,0.8518973472541409
0.6183075207328752,0.9799794852420302,0.9574411837355352,0.6891173983182782,1.1089622072899457,0.7851733863047612,0.8052461294119794,0.9261435469651909,0.9195855330415239,1.0189508105050047,0.9125684395990317,1.2304061570540017,0.6811451622654677,0.8135899106723579,0.7487186931568457,0.7600681802538997,0.9810642159709814,0.738273277132943,0.8964099477916614,0.7597708705534862,0.7692318765759121,0.917430769375999,0.880748148540266,0.7490534212966162,0.8645589089955539,0.8641972193673418,0.8702898783541668,0.0,0.7681772479450767,0.7181841082560836,0.7453192241418846,0.9565366415169012,0.6849397286593089,0.7823300221336431,0.7052623039878068,0.4880338152051643,0.14729553089284927,0.8341069419749549,0.5674032391540188,0.009484859850175803,0.7842086414654474,0.6646958552845028,0.8099910179833805,0.34209581548758494,0.6171710901837953,0.956175722748682,0.7587521803811839,0.9402228333169114,0.0,1.0573808483312852,0.9705502415177206,0.8886355861627871,0.8730316180649149,0.8112212123426298,0.8131228412795537,0.6519686806916065,0.6454694465355046,0.9152744337528772,0.3534820031889525,0.823880809102217,0.6923152121580807,0.20794816160232354,0.8460475217779385,0.8967573632958962,0.8361706199833661,0.8840257713338522,0.7553388078632532,0.9306892160387594,0.5398213154563614,0.8911753582263113,0.694181901656782,0.9217089884085468,1.0042301802906612,0.964252937277235,0.8608483532772824,0.9411818808290254
0.7672360300913637,0.7454135925690707,1.079150154690158,0.46961097989533457,0.7723213696034201,0.44051013842834785,0.8262739508442654,0.7847636447737151,0.732462541601403,0.8818909463477167,0.8051407478511498,0.7506567590572033,0.8294567104049319,0.4013451412487211,0.7693197725673657,0.5980219091587051,0.310316917641087,0.7351413041169557,0.6099061926890936,0.714339987338855,0.7109570036294113,0.6245941971875537,0.8092503190345623,0.9525623654017935,0.764597124711804,0.8290053662475619,0.6698834462734776,0.7681772479450767,0.0,0.7478597444588251,0.758027277897835,0.6846703299954812,0.5167699184867391,0.7533307177335873,0.7922571570664374,0.9350842635620985,0.6525734134436998,0.7503174231668034,0.8158310243735303,0.5852448140320348,0.77173308929655,0.613160403040258,0.7749773738489059,0.8133661474853391,0.6534649035381201,0.46271002072419526,0.6969486092450534,0.7071726735544923,0.4649908099224176,0.4653420095787325,0.8560923560407382,0.8335058258262746,1.01043547757024,0.7974952938613862,0.6147880984112953,0.4385980984812078,0.5776428215367435,0.8342554554554529,0.7953398015072687,0.7788816117520029,0.7830929324518972,0.48151596728061125,0.7905484053162166,0.5047752079675678,0.778153628171375,0.8899351676211511,0.754998189046289,0.8269217207376686,0.4460948788150437,0.8123478818570441,0.749364141791645,0.8335921837866103,0.8312389333427008,0.9258639285368746,0.7950175109533706,0.759503637400689
0.624252548832819,1.0508181257199267,0.9790654862867004,0.4664011000631837,0.8281685830103523,0.9463897000344703,0.8546039692647538,0.8437771117535839,0.8586065599510558,1.0162436364260166,0.5457329125829262,1.1217234684120927,0.638795083055353,0.8053620395858301,0.814129402108239,0.69849606900754,0.5345376974317981,0.5918411319493149,0.6249647435680089,0.8753782629326559,0.5205414948971425,0.8253703245164505,0.8288206250349035,0.8138672090333867,0.45437189162805114,0.5231030724132042,0.7586110403180449,0.7181841082560836,0.7478597444588251,0.0,0.706049662261462,0.5997725394929092,0.5179604814083429,0.6045790990207627,0.4810272600772092,0.5347921356695355,0.24055511007238833,0.5194913531078559,1.0101202008727557,0.4464507431696258,0.5446225117581713,0.7494204530494492,0.6334549730491581,0.05209096005913032,0.0,0.0,0.0,0.20023244207385593,0.0,0.0,0.6016999610532261,0.5377354984779069,0.2992674672632422,0.6555042977534264,0.5171041867943569,0.0,-0.008768035188100827,0.8375524992160474,0.0,0.44672892746673654,0.0,0.0,0.9619226153248516,0.921139453609356,0.617218779884444,0.5109796295134159,0.5277917180073904,0.9493193011923564,0.0,0.37894083540396306,0.47178705031271667,0.8969413977435912,0.882815733149109,0.7510923846100959,1.2367137583807364,0.6243209494356362
