0.0,0.7135936948468913,0.3733297967487399,0.0,0.40340407000195433,0.5054370238390227,0.5085387287060774,0.4786481311979143,0.43766920235539025,0.398472839194874,0.41355876447649936,0.4135186334238695,0.7965059243174798,0.4881482570565342,0.4346967284745343,0.9494563157338767,0.5314889439591611,0.8213291454021077,0.0,0.6988629130038849,0.4109872717789379,0.655470891306882,0.48882015602381634,0.6252991215294629,0.6344037890822234,0.7549489713789637,0.6015662468920715,0.663150385725836,0.5597949517441801,0.5934770652678614,0.5288197916313362,0.6006999524157686,0.6946345857126629,0.32901974669793954,0.4403963064049009,0.6378143210868477,0.5094534195023942,0.5296537465721001,0.7321248788874333,0.6978018395842683,0.8310272469081565,0.4919563743967983,0.47371392297888903,0.0,0.48544006256002553,0.5955270853701834,0.8810707207676738,0.0,0.0,0.0,0.3041031379112644,0.0,0.6185412955794776,0.0,0.7280711731247522,0.0,0.6043315640503818,0.7356382722599079,0.0,0.5711211124327782,0.9541447343822326,0.29993484466747844,0.695335243786908,0.0,0.6437711605814359,0.48617120552398047,0.7373054052425899,0.690753451715362,0.6396448388363021,0.8441388668381071,0.7629588722848154,0.4898283231180642,0.38506226313928643,0.7033257687742522,0.0,0.546718029847824
0.7135936948468913,0.0,0.6334606157554382,0.331212755484078,0.43104553922579736,0.5041732364142422,0.4143436123818409,0.6705790956582698,0.4403626188988047,0.8823917785849003,0.32553157998013843,0.6386123683117022,0.3884771833240526,0.7434469794964985,0.6325241282172875,0.810226714226739,0.6478300534013413,0.7114684304906721,0.638712167430534,0.5940593966367824,0.5480764372455789,0.6951985437010906,0.6822395454213752,0.573652715550482,0.524019390855081,0.6582910945654028,0.6879615010636857,0.5220041660820526,0.43521703317790833,0.494564777484209,0.6194260007802288,0.4942270141213647,0.46586505714094006,0.4289725856524467,0.5146789380946581,0.4745120388798236,0.22535145935485013,0.0,0.73475868185887,0.9192411215584415,0.7242002950740274,0.8486210062712447,0.6247115698716685,0.0,0.0,0.8005765907494116,0.8763185932642744,0.03864044692619855,0.0,0.0,0.7858546438815607,0.8477214063239997,-0.3774026697821954,0.5714420130970443,0.8850668697319426,0.0,0.45079229523712605,0.8140658077225587,0.0,0.5663293915700123,0.8988977721570712,0.644695248806846,0.9035978877002249,0.0,0.7948162739847277,0.854187150716327,0.8623809803132925,0.6688123066004277,0.44849234260374493,0.8702674583835628,0.8092094839953352,0.7555352365190238,0.8483766837522299,0.815115091097452,0.0,0.8738365294594228
0.3733297967487399,0.6334606157554382,0.0,0.9942486603667094,0.5814451618254839,0.5853230122986999,0.6797757003026252,0.671447148357698,0.5448994019608553,0.7397002347691068,0.7589654092778977,0.65986661787346,0.6921515299202026,0.8746779985850842,0.3511601346694524,0.433645130459794,0.5380921801736828,0.5282551182285885,0.5541305271904742,0.38865314727316486,0.3813919772674058,0.6127108716167886,0.6757869984470332,0.4045982163659196,0.5221282512929273,0.49931413321616197,0.4164223479449199,0.811507363165031,0.6263867548730105,0.9167771180470059,0.7602814601363237,0.8165931376340173,0.5299925966044023,0.7895571061896088,0.7246877999982423,0.8152983545426888,0.618883183906551,0.5954368323241495,0.7900716099317626,0.4927223018055912,0.5109607226298085,0.5038194714316448,0.6986082038711823,0.6846139010911273,0.0,0.0,0.19718999629757145,0.6031549927930868,0.4739571121722643,0.7135041983528577,0.7566521666206296,0.733616042232905,0.6173281705012816,0.8547426570613836,0.3651554170942598,0.6392034260827643,0.46838321135503097,0.7715496534269697,0.6058343956826883,0.24670210154926858,0.0,0.0,0.0,0.5970245248005608,0.6305414722199738,0.4392089392478063,0.10408944558142583,0.694889015056748,0.0,0.636052121221478,0.35412479332457814,0.764363879237716,0.6529310148739584,0.6209276474629843,0.6722376087219164,0.4445279745903369
0.0,0.331212755484078,0.9942486603667094,0.0,0.603314579492654,0.8080881806123752,0.7460425103157627,1.1854670034497021,1.0293132137611563,0.4948507991073642,0.844383091082477,0.42909339060460194,0.592757495722591,1.0114393488457156,0.3961317763795967,0.13482621961557612,0.5346218848249307,0.4708888616952073,0.8397431935360447,0.5115468986030672,0.42761610969772434,0.3619717271665748,1.2110446744593242,0.22164607515452087,0.8761578959089897,0.3805746469383157,0.7844659047677376,0.16985001274073247,0.4687026342805217,0.46867634036536493,0.44692324867409466,0.4955824344875216,0.17358939586708264,0.47384089467600926,0.39835867171251205,0.647383073961086,0.4061139231294283,0.5053438419782175,0.1883908918190656,0.2847861757048043,0.37559844188509395,0.28780924858781787,0.21683106314751666,0.23681538562919466,0.0,0.0,0.0,0.39508098029623795,0.0,0.0,0.6008360584896368,0.0,0.46619034635803913,0.05463992779448726,0.0,0.17446096638871098,0.4658414523418858,0.45115874685195445,0.0,0.0,0.0,0.0,0.0,0.0,0.0,0.0,0.4696484942347786,0.5837616213153063,0.0,0.0,0.0,0.5024665428743018,0.5436648181209349,0.5837724644305895,0.0,0.0
0.40340407000195433,0.43104553922579736,0.5814451618254839,0.603314579492654,0.0,0.5541974946246966,0.34910672650182295,0.8166820194093192,0.5414641668164606,0.7245909237643648,0.4275923663825748,0.21824339205155097,0.7151719879329841,0.4929475807958068,0.48912388167844034,0.687343129761177,0.5962553408542954,0.45894576140064597,0.5583586502301034,0.6195036226513979,0.4819457187607099,0.5389880256014143,0.684534245001545,0.5521311029246653,0.46294573222999935,0.5055316719355392,0.5200121828738279,0.6899552787551337,0.6512334387071602,0.5292992162232517,0.7325241390542602,0.38775834316782665,0.1856098677146445,0.7347008447654,0.4976440016022365,0.3744844042771662,0.44654942950594045,0.4471394323358397,0.9055729565256252,0.7273622254084249,0.8975609614791249,1.0815867876472174,0.913402495642273,0.6691632582743916,0.24522429682810665,0.0,0.4182812214160072,0.6917580788426433,0.0,0.9031888644639781,0.8427771418600472,0.8676167015514455,0.5426874483055175,0.8215122258387538,0.0,0.5261714781001743,0.3410861606124165,0.8908530863833554,0.5531724163124251,0.2511530949947023,0.45820222969793367,0.0,0.0,0.6055659302176741,0.30763645478546464,0.49910932857361895,0.38290395495320395,0.7301540722426123,0.0,0.4924742017303316,0.5577967103819084,0.751347937418963,0.8240636431066637,0.6730703960004806,0.0,0.7846255214967708
0.5054370238390227,0.5041732364142422,0.5853230122986999,0.8080881806123752,0.5541974946246966,0.0,0.6510414877346349,0.6553165035612512,0.33183479719543074,0.842626111979234,0.5799593851945892,0.9229123809176845,0.5061126231515366,0.44351184598440396,0.7254870200244719,0.715800524977324,0.7529833629747875,0.7608637867279153,0.520933212916612,0.661836159029151,0.6987442779380842,0.5455394255216435,0.7011572172956868,0.6164111876664309,0.6546624257800118,0.6852080232084466,0.7772156767036922,0.6939183334669978,0.6540088417623413,1.0393355650165712,0.8352618934678728,0.8313595590611258,0.931143565441145,0.8818443829132615,0.8213095945554181,0.8800121211733153,0.7656029168287494,0.6881079305647128,0.6048232857551458,0.3530763744347927,0.5521665447577683,0.7729948212613769,0.8468734470338936,0.6977674827541562,0.19378600004104962,0.6538585295235996,0.7231820265356904,0.8242713739280023,0.56525179017917,0.6832720071299847,0.7391336875851564,0.8676671827455651,0.6316420256941114,0.9120270788064678,0.6854064087013436,0.8291901594741824,0.351262942506514,0.7897148963250675,0.8045278723465559,0.6702348660430064,0.7792267125540734,0.0,0.5369129479633679,0.6946630462499871,0.6717727559376965,0.42150004110601136,0.7439581241556577,0.6829607162467652,0.5686413007433327,0.6762799740195891,0.6710168192834352,0.7521860163739515,0.6999914790897622,0.7730059653645243,0.5270283202109344,0.6758611372752903
0.5085387287060774,0.4143436123818409,0.6797757003026252,0.7460425103157627,0.34910672650182295,0.6510414877346349,0.0,0.7483542572505497,0.5875983160157916,0.730608528784259,0.6199528080598027,0.43491244067133705,0.5395024100505602,0.7067195108685651,0.5375428904369635,0.6725589240685107,0.762428174111693,0.6924554414549076,0.6330150217056,0.6527096066090252,0.6163114709215136,0.5330488455423559,0.8132003757779002,-0.09216028121812597,0.6645200416434505,0.778217902835815,0.6783900107958295,0.72082099285856,0.6177313307001762,0.5412482649463779,0.7080338323268914,0.7481225396438849,0.584324985216838,0.612958424321628,0.367232003296854,0.8389685642063909,0.5636008852316581,0.838209431055875,0.874050708724499,0.4345950064215825,0.8066125152539719,0.903000428975258,0.9805311175691886,1.0612123098473045,0.3557601390416103,0.0,0.7283143636450009,0.6243140773649329,0.0,0.7812627996240071,0.7697446496405174,0.8623085541504671,0.6183234151979422,0.8996183671846694,0.5949406722381487,0.6906214494230357,0.41369020197913187,0.7244015560418842,0.7827931612284826,0.6265235148956771,0.6117124133303574,0.0,0.5332394395382314,0.7553114325184394,0.885127340620586,0.8904939411549028,0.806607039481045,0.738865631697469,0.4607667742768076,0.6055473078466003,0.6739879678719072,0.8235362571702097,0.789410135016626,0.6168307543014434,0.7988368490978053,0.6821154425596025
0.4786481311979143,0.6705790956582698,0.671447148357698,1.1854670034497021,0.8166820194093192,0.6553165035612512,0.7483542572505497,0.0,0.6122415152208531,0.6224664511386819,0.28452923460443263,0.5425455759236915,0.7257998448658443,0.9135465253516959,0.4741452002629972,0.7968619397138601,0.4855989697812346,0.6707629320793568,0.47288507384358314,0.6455385527581852,0.4726587609887293,0.4829263011439564,0.5513317438819381,0.5025696552803753,0.5343826482060365,0.6529537296005353,0.5914453683777208,0.794438725555118,0.6936574194794627,0.9075402247540947,0.7757445759142445,0.8115181612964705,0.5187433121090319,0.7002048126671706,0.5216974739960887,0.9251825157744746,0.6417760660351683,0.4995607703527279,0.5850269939339346,0.4175379365026469,0.41187671835809947,0.4778646942949694,0.5322936673938772,0.657382263388367,0.0,0.5751461421642556,0.3357547673211123,0.7026280951172144,0.0,0.637292502129756,0.7136658887908864,0.7396722697781295,0.5204548706125438,0.7801765148562794,0.8263106601978989,0.43135476272882556,0.9911034117810678,0.7116708609702272,0.52715644116306,0.4931679874787611,0.394364032135158,0.0,0.686024019163121,0.5280755339215355,0.6306226727602721,0.4797050667711146,0.5032022671731475,0.5740252324167228,0.0,0.4651487065066427,0.46937240788014856,0.6447076310421194,0.6924990356140617,0.7419103264341556,0.5013868847590952,0.5514229481530811
0.43766920235539025,0.4403626188988047,0.5448994019608553,1.0293132137611563,0.5414641668164606,0.33183479719543074,0.5875983160157916,0.6122415152208531,0.0,0.7644374582344091,0.5494706778991492,0.7043470630215141,0.6623140983550869,0.8176795370120025,0.5686689394388293,0.6228425690052346,0.4817905211899147,0.7694774920802674,0.45063958188644204,0.6210978309673815,0.4140255091641759,0.5549197121657721,0.6607026663051208,0.6874215129291811,0.9278849038369175,0.9698957102550922,0.35050455687047666,0.7843518307764918,0.524691324732157,0.9313587130846366,0.7589633481368129,0.8002954916406207,0.7961638690126038,0.7671172395649256,0.7141615947875214,0.7123297670394311,0.7439775521776406,0.7689237659286379,0.8093558106718656,0.5254917060773394,0.6686819974216427,0.8270989079169773,0.4905976581632745,0.8561326596337253,0.28316989902766365,0.0,0.5091772721372277,0.6858412764082902,0.4657604037384673,0.9483409195211483,0.8814167791322918,0.8496516426749403,0.6532440073044455,0.7544754191685124,0.1986884570605879,0.6013994084815095,0.46281033787951165,0.7133621777019656,0.6719243976154354,0.45682202581590237,0.7024231358845603,0.0,0.0,0.6347091893866592,0.6096857657768099,0.6575589246282969,0.5696207056508263,0.7401061048455291,0.30761421355299856,0.5681104439857143,0.2927893679911944,0.7350737504213402,0.6979464880776352,0.7195555317235793,0.48429574939715847,0.7700495327047534
0.398472839194874,0.8823917785849003,0.7397002347691068,0.4948507991073642,0.7245909237643648,0.842626111979234,0.730608528784259,0.6224664511386819,0.7644374582344091,0.0,0.6996037987132881,0.5087977842411864,0.6950146509534878,0.7635638373393917,0.49147067037510095,0.7572446264083439,0.9647220791155011,0.7310743170064462,0.773463445113126,0.9897928102369641,0.700145378504345,0.8025052402789019,0.7718036588231731,0.31351249806355797,0.7598649799748416,0.5851627686057594,0.7337933912624672,0.7380652269073003,0.5254732655602898,0.42256507973559154,0.7200392503980004,0.7247516119335222,0.9354549172981896,0.716549311993866,0.6649042784348609,0.6819018573986981,0.7988569126082254,0.6425306199149249,0.9103798458007129,0.8075532158118239,1.031408267694892,0.8893201355539262,0.280411009108238,0.29046097635084844,0.7583147111648245,0.6290852261352373,1.108906668650318,0.1492223824437776,0.4696576093662025,0.4648337853717714,0.6261113805563135,0.4698334311511636,0.5669699666021625,0.2338366163583814,0.7977205478157694,0.4120424775826902,0.8015491558151189,0.9746798015213829,0.0,0.9060503662463891,1.1156898020479513,0.836218715616212,0.7994167352660031,0.4819856345897624,0.4743784247202216,0.5790037140307488,0.3449278807586116,0.5275088864318115,0.5535644878802868,0.7623690114868252,0.7994391691879144,0.8391178798247203,0.688893235232211,0.4001357490454889,0.0,0.9304815066488369
0.41355876447649936,0.32553157998013843,0.7589654092778977,0.844383091082477,0.4275923663825748,0.5799593851945892,0.6199528080598027,0.28452923460443263,0.5494706778991492,0.6996037987132881,0.0,0.41067836546412007,0.6117661160834726,0.5343531670034817,0.0,0.5177835665080398,0.7335795035940095,0.588337989548997,0.5944022090766399,0.45898663899358405,0.5466561575015187,0.38203369644692187,0.75853652750895,0.5805692672798102,0.6146659581774946,0.6394690466844908,0.5069663671711978,0.6486168761555622,0.4246417473635764,0.5458371314981012,0.6578580150513269,0.7990716813767171,0.47391061239743026,0.6745197699660339,0.5530338248739906,0.4762086040015846,0.5383896032189903,0.6094230426748519,0.5690250262270031,0.5649716074912339,0.522237344948153,0.44340585534116767,0.6020543889791204,0.5766778165857622,0.18514453430706931,0.0,0.0,0.7287832084305684,0.4798146941718718,0.7567002329463615,0.8525003077165717,0.8182499176069592,0.4698244972136966,0.7743962894462078,0.48144605107729777,0.6994166441161512,0.37308131314186227,0.9085868728197349,0.6619874237161045,0.0,0.0,0.0,0.0,0.8064611037993112,0.346148815571762,0.0,0.6747357453069371,0.6758999697488106,0.0,0.0,0.9375773407039707,0.8379285893791134,0.7233713810402153,0.36295540626092965,0.0,0.5590902456053208
0.4135186334238695,0.6386123683117022,0.65986661787346,0.42909339060460194,0.21824339205155097,0.9229123809176845,0.43491244067133705,0.5425455759236915,0.7043470630215141,0.5087977842411864,0.41067836546412007,0.0,0.5643088376113548,0.9370432727423361,-0.05094910968186142,0.987225893541308,0.9888866905662632,1.0290853199339194,0.5975149542703901,0.5607189586597602,0.337585991651307,0.7711685868502554,0.496025064907262,0.37514884511908964,0.8041205261053126,0.4559838366736707,0.7832009835217447,0.5083600966760021,0.7801172805755456,0.29843114361541956,0.6136020907475179,0.38321844093670376,0.719526498743388,0.3593767110054919,0.48920453983508194,0.3463905482986426,0.39583309411671963,0.34748395017682077,0.4450235629810028,0.8777396067850773,0.9170190949261786,0.3663434059851703,0.4432032410241705,0.45315388415792107,0.8312125138508373,0.5431227646158006,0.5579121369543494,0.2455052812610954,0.19400099122093523,0.2896976150750248,0.3582929043438212,0.4784810587429148,0.26204225697336075,0.41343499056817923,0.8792887842918764,0.2294059624503419,0.9274471553570117,0.5097237256644805,0.7275337191708255,0.6598358760049019,0.7174553969371406,0.836157380475371,0.8617854238466389,0.3515530295957936,0.7897437674765122,0.7686936324615958,0.4580425487333853,0.5641377764784412,0.7169924233747296,0.8070176292862457,0.7979989349768493,0.8649625036456537,0.9176098956087513,0.48027504057736503,0.0,0.8697159157107706
0.7965059243174798,0.3884771833240526,0.6921515299202026,0.592757495722591,0.7151719879329841,0.5061126231515366,0.5395024100505602,0.7257998448658443,0.6623140983550869,0.6950146509534878,0.6117661160834726,0.5643088376113548,0.0,0.7389271890558987,0.7446778088596917,0.6715468013282113,0.7680842512091581,0.6769989100132578,0.6787988491867565,0.6440884972677072,0.6303687263425182,0.5051236212232079,0.815751940104064,0.4949919262010088,0.8064304946849826,0.7407944258532122,0.6820438354234161,0.29195106950312333,0.6227603632759199,0.2101165978423416,0.5216319840600858,0.7478317071477871,0.5335511151128501,0.5588619107958965,0.474352752685986,0.5839312711775693,0.4632761287196079,0.6896928940471301,0.8758954249194965,0.4844028335749795,0.5959700677360003,0.8502356459672604,0.9035828667270722,0.8912267121418757,0.43173042080913904,0.6416245850005887,0.7755198175559532,0.8408864495309922,0.0,0.9579379643257497,0.7902243076077347,0.8334740533809897,0.6096332520192784,0.9193510844138862,0.6562545044424759,0.7919998937206547,0.8097859629289494,0.8150347200068144,0.8025305627699095,0.6270949981765563,0.7660378611734311,0.40130167210710116,0.5612827535048761,0.7201224908066275,0.6904560105407,0.6039957269046934,0.6956138679689456,0.7558606434295134,0.5272129840934214,0.7314963749277722,0.6040260676650482,0.8264694395408514,0.7803029227830649,0.7004240747658443,0.5583358265994579,0.7216150198588842
0.4881482570565342,0.7434469794964985,0.8746779985850842,1.0114393488457156,0.4929475807958068,0.44351184598440396,0.7067195108685651,0.9135465253516959,0.8176795370120025,0.7635638373393917,0.5343531670034817,0.9370432727423361,0.7389271890558987,0.0,0.5495703126007603,0.5618368728753118,0.5030623192627874,0.47428718073808834,0.7653868199550489,0.39350524883654264,0.5476412725506314,0.2772513662109128,0.706745217906051,0.6562037861811645,0.7256902024806744,0.6860886472278515,0.7935684947995485,0.9232408326697055,0.4000139803219649,0.8065208555608234,0.5076860474406777,0.35934988600422074,0.25928272391302715,0.7776071113034071,0.5582564300964388,0.24599883522089072,0.3533615478541077,0.6546101431218636,0.6869980529312871,0.0,0.7099898804916207,0.8474146693173803,0.589552070040316,0.47333148104312567,0.0,0.0,0.0,0.4260196705742921,0.0,0.49122757744710444,0.44619058336154727,0.7062902903694628,0.5251111700795514,0.4993777116260432,0.0,0.5642331722005691,0.41360283254133157,0.7562799139820451,0.460843660060811,0.0,0.0,0.0,0.0,0.5554939414634013,0.0,0.0,0.0,0.4747746777085944,0.0,0.0,0.0,0.5261121380939525,0.7399518610047022,0.0,0.0,0.0
0.4346967284745343,0.6325241282172875,0.3511601346694524,0.3961317763795967,0.48912388167844034,0.7254870200244719,0.5375428904369635,0.4741452002629972,0.5686689394388293,0.49147067037510095,0.0,-0.05094910968186142,0.7446778088596917,0.5495703126007603,0.0,0.7486551802558467,0.37521683287541424,0.599752504326952,0.0,0.8213433952714837,0.6608251951765748,0.7189057381441286,0.9235855147972318,0.12681868628081072,0.5641043616625812,0.5490108409828639,0.8194895651345654,0.5928819010132367,0.6229600740006929,0.5828725658159102,0.8300353792437656,0.6127347355866222,0.6681289359504827,0.6601733599584707,0.5854935540798925,0.723023651558927,0.47786744984706114,0.3776366071634324,0.46873468691264075,0.7196006479504907,0.6025471156837819,0.558184557996508,0.7265898042589539,0.629006408760187,0.0,0.6928014166896259,0.872517137919669,0.479230960540601,0.0,0.0,0.624999011012651,0.8691181454933687,0.4924514765008905,0.5450994988316926,0.0,0.0,0.6680993610467975,0.6941701645846501,0.48062135150915475,0.7130556280997751,0.73768278809712,0.6164800007814213,0.7653378573894721,0.0,0.7751378688469495,0.7060515136765266,0.7082444864373311,0.8235443106260716,0.47173119901954796,0.7543644182587552,0.7823118284297006,0.752664714884589,0.7071852200658951,0.7048587588474589,0.5588842520058296,0.7123061363211289
0.9494563157338767,0.810226714226739,0.433645130459794,0.13482621961557612,0.687343129761177,0.715800524977324,0.6725589240685107,0.7968619397138601,0.6228425690052346,0.7572446264083439,0.5177835665080398,0.987225893541308,0.6715468013282113,0.5618368728753118,0.7486551802558467,0.0,0.8829604613610058,0.6818312357758511,0.4601152418952494,0.8601298442302578,0.7812078073834234,0.6922504295414756,0.7631166871640657,0.88938294628038,0.7750062617569962,0.8129991335295923,0.8033133908970133,0.6613772204395973,0.7128603076472242,0.8303923569563583,0.9902287455496563,0.7088691584937215,0.7194593115120864,0.5634413539155361,0.5009211251563828,0.6006905642662561,0.3712574760377329,0.4301761760350079,0.8258537019855785,0.8816087895979368,0.8944444748660632,0.7781152439409059,0.46754343450452024,0.0,0.0,0.8440360857844579,0.9442687096911193,0.0,0.0,0.0,0.7829598816801313,0.600788297425286,0.8401879546078543,0.0,0.9044480684825729,0.0,0.7651556289453219,0.8536951186578703,0.0,0.785260048613752,1.0200225617967602,0.7989516231493469,0.9921233947810659,0.0,0.7056409947567222,0.8022159910174714,0.8484754998978549,0.8280939280583646,0.7757696949088873,1.0513387366374156,0.9219374057541639,0.6274171603966312,0.7991981740698326,0.8223336397839849,0.0,0.7993407542147476
0.5314889439591611,0.6478300534013413,0.5380921801736828,0.5346218848249307,0.5962553408542954,0.7529833629747875,0.762428174111693,0.4855989697812346,0.4817905211899147,0.9647220791155011,0.7335795035940095,0.9888866905662632,0.7680842512091581,0.5030623192627874,0.37521683287541424,0.8829604613610058,0.0,0.7793428440965138,0.6341406132862895,0.6479428409006806,0.5028402687785793,0.7317377004405576,0.8193579487048628,0.9031876622417712,0.7579142038453612,0.8396711856277366,1.0120082311294007,0.9508435776411039,0.39884790176824414,0.5314286469653985,0.8143784140936967,0.9434498469896662,0.9226201357983446,0.7613474913213865,0.8144893265822909,0.636056167596178,0.25999133748507325,0.6629747913091685,1.1518795419042973,0.9856276806045631,0.9298958191513796,1.3201176969303372,0.0,0.0,0.4540287111020465,0.6825383944706336,0.5510425792621677,0.0,0.0,0.0,0.0,0.0,0.0,0.0,1.0358100278544033,0.0,0.921068605397373,0.32361803595260275,0.0,-0.8258646061342034,0.8041269732002322,1.0786172975361163,0.9750174736646168,0.0,0.0,0.0,0.5164348373320837,0.0,0.8326071517089833,1.052495093209107,0.999755258260671,0.0,0.28422847154877107,0.4767068125256189,0.0,1.0688044112463402
0.8213291454021077,0.7114684304906721,0.5282551182285885,0.4708888616952073,0.45894576140064597,0.7608637867279153,0.6924554414549076,0.6707629320793568,0.7694774920802674,0.7310743170064462,0.588337989548997,1.0290853199339194,0.6769989100132578,0.47428718073808834,0.599752504326952,0.6818312357758511,0.7793428440965138,0.0,0.5141223967517561,0.6902545705483869,0.672709843166464,0.5224415911769154,0.739213309616183,0.8826127216004456,0.716731469305841,0.7953850033147465,0.8565418019403972,0.5842034267870709,0.5373056168048007,0.5778535027073718,0.6358269555413654,0.7908638154566093,1.0017087151495074,0.8551795004251075,0.7514596518746959,0.5611202495492121,0.2542013737627144,0.5626152454201788,0.8620264667291707,0.880889584230304,0.8661026189791711,0.9383187754586058,0.0,0.0,0.5905961370748138,0.8350499615283853,0.8882408298747846,0.0,0.0,0.0,0.7675188981366492,0.542166103068629,0.8107076652972341,0.0,1.0586347846897195,0.0,1.052285587443528,0.5195857444250844,0.0,0.6100857122237628,1.0109642771193226,1.028904982235542,0.925367202372816,0.0,0.6740325811028531,0.7208916707002632,0.8022417517844813,0.7857194935624212,0.756959959085626,0.939243444694635,0.9760127057084653,0.5864638720800937,0.6795353930584358,0.6705584347717943,0.0,0.9820972447480865
0.0,0.638712167430534,0.5541305271904742,0.8397431935360447,0.5583586502301034,0.520933212916612,0.6330150217056,0.47288507384358314,0.45063958188644204,0.773463445113126,0.5944022090766399,0.5975149542703901,0.6787988491867565,0.7653868199550489,0.0,0.4601152418952494,0.6341406132862895,0.5141223967517561,0.0,0.5555722891539063,0.442103961810292,0.677579724106308,0.7621983989489239,0.4949176893409065,0.5370492413073606,0.5221524039182983,0.4086800243283687,0.779531447832029,0.6075954429341994,0.6243884213140853,0.727063993412275,0.8150623975275727,0.5361984693326447,0.7618735349436325,0.6900843350886496,0.768864891224567,0.5678176968616104,0.6113283218194372,0.7519108924569082,0.410285638054379,0.41762758100534236,0.19945113835426384,0.5438968001389889,0.3423975297360169,0.40795146261095944,0.0,0.0,0.5199922934239178,0.0,0.6307934858794877,0.6734026575321246,0.705271088931651,0.47656367324580584,0.7136346582171214,0.9165222476865018,0.3739497158157345,0.5442956092843572,0.5147086454087207,0.3978342270847286,0.0,0.0,0.0,0.0,0.6077868276285667,0.4771422484592529,0.0,0.4972690537214914,0.6251676197683009,0.0,0.0,0.0,0.7353708108197807,0.7075540861017097,0.47629510435235545,0.45843553960177136,0.5855222204295149
0.6988629130038849,0.5940593966367824,0.38865314727316486,0.5115468986030672,0.6195036226513979,0.661836159029151,0.6527096066090252,0.6455385527581852,0.6210978309673815,0.9897928102369641,0.45898663899358405,0.5607189586597602,0.6440884972677072,0.39350524883654264,0.8213433952714837,0.8601298442302578,0.6479428409006806,0.6902545705483869,0.5555722891539063,0.0,0.774831276170268,0.702714384201438,0.6861364557968892,0.5266081387702521,0.7945438552202714,0.6313120706251829,0.7498215161139059,0.6638656051910082,0.762660798538836,0.9511404534791809,0.912750596620553,0.6012377403451726,0.5989035593207614,0.7726399003787514,0.6408676532772315,0.8519109827390081,0.7144353843991773,0.8097420753552672,0.66183784099464,0.6133214707044518,0.7323629216321194,0.5850271582377213,0.7568571442058529,0.6202105081516518,0.20099032314129983,0.5011571550389493,0.8202783306450894,0.48054651346175015,0.0,0.0,0.6323970644707277,0.6859268409906564,0.4053479457622911,0.4425136921844366,0.939413451283676,0.0,0.5624363765544305,0.7102102561485617,0.0,0.6894806199051604,0.63411863460266,0.470140848857289,0.6215553598931125,0.0,0.6393392288441819,0.5934716339772033,0.6859478713700318,0.6510380815757264,0.0,0.7696865029595239,0.5938025384123116,0.6644706003707352,0.6520464214074695,0.7048126345724866,0.5789691296654527,0.6666561021722607
0.4109872717789379,0.5480764372455789,0.3813919772674058,0.42761610969772434,0.4819457187607099,0.6987442779380842,0.6163114709215136,0.4726587609887293,0.4140255091641759,0.700145378504345,0.5466561575015187,0.337585991651307,0.6303687263425182,0.5476412725506314,0.6608251951765748,0.7812078073834234,0.5028402687785793,0.672709843166464,0.442103961810292,0.774831276170268,0.0,0.6637071736562465,0.6455192437441635,0.4816028775059036,0.42546078757603534,0.6915643076520139,0.7059497045495347,0.5953272552123626,0.5213455658889916,0.7462971811334709,0.6445138790074926,0.4925359385634833,0.49304461791114196,0.43262279433056744,0.5021703974764149,0.5242712670430767,0.3288614003750269,0.5711459190658117,0.5136518207882026,0.6156953953516857,0.4950195130902909,0.4510841293268224,0.5589570697560592,0.0,0.0,0.7099987720338974,0.8268550911219985,0.6475200759086781,0.0,0.0,0.6678294329037258,0.43360565247116134,0.5674564071736737,0.5149337586625263,0.6186979205155114,0.0,0.7554012897426658,0.5711424036124362,0.0,0.5424069040478405,0.7468943099947226,0.0,0.8453592502820025,0.0,0.6504758127896485,0.6876895208809566,0.7446253073138946,0.5135260594459192,0.8325419099937614,0.5845970624442569,0.7800973043394834,0.5272868179154082,0.5959584167612342,0.6576394833026288,0.452003227065834,0.5175583768550676
0.655470891306882,0.6951985437010906,0.6127108716167886,0.3619717271665748,0.5389880256014143,0.5455394255216435,0.5330488455423559,0.4829263011439564,0.5549197121657721,0.8025052402789019,0.38203369644692187,0.7711685868502554,0.5051236212232079,0.2772513662109128,0.7189057381441286,0.6922504295414756,0.7317377004405576,0.5224415911769154,0.677579724106308,0.702714384201438,0.6637071736562465,0.0,0.8775099475570785,0.2806753715509499,0.7762126731133149,0.6535443914291328,0.7598796424733362,0.6095435745255215,0.6207228281676571,0.7890957453866274,1.0046994164934937,0.6969311640756823,0.6115088450124451,0.8404147099707882,0.713528920846265,0.7007809113918559,0.7433732855713697,0.7077944084317602,0.6857736754688077,0.7749565134678188,0.6905982049948578,0.6500129900580232,0.49912464839318554,0.35704171686134184,0.24647326821394627,0.6747143836575056,0.8792479721041242,0.5882721199519141,0.4760943872829303,0.24196697700289127,0.8033531235500386,0.8338112296024625,0.379784933686039,0.6720918706901786,0.39822252782697887,0.0,0.5352482790825108,0.745391185917319,0.0,0.7374304802139235,0.7992860401895896,0.4166651335288829,0.7797667268204536,0.0,0.7154351101706177,0.7393596282608047,0.8198829056107426,0.6624644913470231,0.7505927567441747,0.8638017574589723,0.7697344260575167,0.7072193198912026,0.826423432065355,0.7060076607951083,0.6458330541483547,0.8773670511167622
0.48882015602381634,0.6822395454213752,0.6757869984470332,1.2110446744593242,0.684534245001545,0.7011572172956868,0.8132003757779002,0.5513317438819381,0.6607026663051208,0.7718036588231731,0.75853652750895,0.496025064907262,0.815751940104064,0.706745217906051,0.9235855147972318,0.7631166871640657,0.8193579487048628,0.739213309616183,0.7621983989489239,0.6861364557968892,0.6455192437441635,0.8775099475570785,0.0,0.45674219031998564,0.5589138885951707,0.5693209589181594,0.6175258301188734,0.7462741445545789,0.730194788912048,0.7889406955627244,0.7678854872757428,0.7911060506073311,0.5959233673940476,0.783136768476296,0.6692342842467873,0.7983424303553226,0.8092776021745172,0.5372563240107271,0.6742413390073366,0.6423633487247962,0.6263520748369387,0.6746492866616246,0.7938903327304112,0.7183813912645396,0.5364710840567248,0.27438964633457885,0.735294357734306,0.7964473200734506,0.36315546617339384,0.8346722619725249,0.7123189284871561,0.789693873869235,0.5670941776257673,0.8226420387874469,0.6987438298137003,0.7374841551732592,1.0091679431431317,0.6836306958484851,0.6765092422993404,0.7536311345032989,0.668408125535843,0.4743784247202215,0.580995970189029,0.7232169429248221,0.7079942406078235,0.5974033560795099,0.8101793481516838,0.7770338260881322,0.2147331219759949,0.6479656923692446,0.6298962949452928,0.6546194445531901,0.6587525635012975,0.7791043110788387,0.7065805384585992,0.6742804387770315
0.6252991215294629,0.573652715550482,0.4045982163659196,0.22164607515452087,0.5521311029246653,0.6164111876664309,-0.09216028121812597,0.5025696552803753,0.6874215129291811,0.31351249806355797,0.5805692672798102,0.37514884511908964,0.4949919262010088,0.6562037861811645,0.12681868628081072,0.88938294628038,0.9031876622417712,0.8826127216004456,0.4949176893409065,0.5266081387702521,0.4816028775059036,0.2806753715509499,0.45674219031998564,0.0,0.6980520899712646,0.42351545584980543,0.5700679206936758,0.6348411977804355,0.6324271475609062,0.8137709991673654,0.7819402237808326,0.5752021632613313,0.6613058379914445,0.3422916154728768,0.38160554037330874,0.03815836324785632,0.3412592475527826,0.3553373047662691,0.8965043651672924,1.0673234754135388,0.9410752798793949,0.9982163844616945,0.6228731873790909,0.32998722685651644,1.0641749394121613,0.45886681855761047,0.4993397596394282,0.0,0.0,0.4789464850025622,1.3288467071103223,0.3054354583811487,0.0,0.013388259716406385,0.9512518911530998,0.5272339473400006,0.9087216055096563,0.47708356281452496,0.0,0.26432771625327417,0.7655389525980034,0.8552736886394969,0.7811113374651486,0.4573060631632604,0.37439300493041067,0.4938575969040641,0.7984295608547998,0.8273997766563788,0.5857328873065815,0.8575021222086973,0.7981399637769555,0.5695120151354875,0.700100691942309,1.4628229652933842,0.0,0.7886511278984922
0.6344037890822234,0.524019390855081,0.5221282512929273,0.8761578959089897,0.46294573222999935,0.6546624257800118,0.6645200416434505,0.5343826482060365,0.9278849038369175,0.7598649799748416,0.6146659581774946,0.8041205261053126,0.8064304946849826,0.7256902024806744,0.5641043616625812,0.7750062617569962,0.7579142038453612,0.716731469305841,0.5370492413073606,0.7945438552202714,0.42546078757603534,0.7762126731133149,0.5589138885951707,0.6980520899712646,0.0,0.5746247936534272,0.7590843099119238,0.8295142632593672,0.5814553502289336,0.4527294618352621,0.874707904580958,0.5829647396717907,0.9515761056014344,0.7865270890161896,0.8744743890058508,0.6388643994345435,0.5872889321259812,0.8474999170740873,0.8719710546657348,0.8881656856673801,0.9382606752952376,0.9760790491123432,0.09863235780613441,0.0,1.1406768066826312,0.7778009153866134,0.857401170369877,0.0,0.0,0.0,0.7825791085325822,0.5437570413820807,-0.1361386075448358,0.4081616409166946,0.9765520329951971,0.4779152917517434,0.9802720230323795,0.6174556410092267,0.0,0.6380314524159981,0.9647255650815152,0.9567159065611606,0.9148270467607866,0.0,0.9008777590240151,0.5511532047656498,0.8567384507845552,0.6278053837868458,0.6935756153744645,0.962228685549944,0.9352527099427068,0.6336763380690089,0.8906747998624018,0.7057283695115006,0.0,0.9837690000754152
0.7549489713789637,0.6582910945654028,0.49931413321616197,0.3805746469383157,0.5055316719355392,0.6852080232084466,0.778217902835815,0.6529537296005353,0.9698957102550922,0.5851627686057594,0.6394690466844908,0.4559838366736707,0.7407944258532122,0.6860886472278515,0.5490108409828639,0.8129991335295923,0.8396711856277366,0.7953850033147465,0.5221524039182983,0.6313120706251829,0.6915643076520139,0.6535443914291328,0.5693209589181594,0.42351545584980543,0.5746247936534272,0.0,0.737735034148399,0.7466013511581011,0.7798503939592936,0.4317601131491509,0.6177599010674217,0.5747862123825359,0.7095164646121916,0.5419766893184526,0.5458768573112717,0.6299902152202141,0.7175665005508947,0.6645178662826737,0.6429917901809823,0.8196520566866085,0.9172439127986738,0.6089986866540456,0.21230771391300376,0.5517074392628554,0.859934291241462,0.6715153653897268,0.8928621829962483,0.6706492029628824,0.0,0.003201927131868193,0.7810982866852244,0.8228383783703039,0.5266860257377644,0.4178157181520947,0.8887733214365713,0.0,0.9387605771478007,0.8038576209755943,0.0,0.6977431687866418,0.8620103228730389,0.9194767535170835,0.8416051193118264,0.0,0.7255884330537505,0.8629656086028394,0.8680379083452017,0.6244940495767402,0.5623906030609611,0.9063804018763586,0.7799237722041293,0.6668674624522046,0.7602738044824152,0.7671945593551837,0.4887473609486852,0.8386463593261488
0.6015662468920715,0.6879615010636857,0.4164223479449199,0.7844659047677376,0.5200121828738279,0.7772156767036922,0.6783900107958295,0.5914453683777208,0.35050455687047666,0.7337933912624672,0.5069663671711978,0.7832009835217447,0.6820438354234161,0.7935684947995485,0.8194895651345654,0.8033133908970133,1.0120082311294007,0.8565418019403972,0.4086800243283687,0.7498215161139059,0.7059497045495347,0.7598796424733362,0.6175258301188734,0.5700679206936758,0.7590843099119238,0.737735034148399,0.0,0.780516764879016,0.7054364745418369,0.7943005649520549,0.819107339928477,0.7009282785358282,0.8126683973861369,0.8251941065175896,0.6484493050271851,0.7272819920361484,0.8608353052561637,0.7342185332307304,0.6988118656871304,0.4473351964899187,0.6078799216816814,0.5852375054642912,0.7630370278019472,0.7235544626065069,0.4016886383116884,0.4321923221291722,0.5960645568181648,0.4454189161060351,0.48096998749550846,0.8178815004546356,0.6597767411560034,0.7290905463959052,0.4032748107864052,0.7719772214306153,1.1345925367787841,0.48925306196629026,0.36641293917421913,0.7022642874315264,0.8161076125576386,0.6687900027527274,0.7022221462810934,0.0,0.4509774108199518,0.7470589474256344,0.6646276912291368,0.6047904792894452,0.6902362639754547,0.592224578366392,0.0,0.5302336947904922,0.6238338186242083,0.6573615236975701,0.7064822278653258,0.7227099409658199,0.39024422367823275,0.6265633854815615
0.663150385725836,0.5220041660820526,0.811507363165031,0.16985001274073247,0.6899552787551337,0.6939183334669978,0.72082099285856,0.794438725555118,0.7843518307764918,0.7380652269073003,0.6486168761555622,0.5083600966760021,0.29195106950312333,0.9232408326697055,0.5928819010132367,0.6613772204395973,0.9508435776411039,0.5842034267870709,0.779531447832029,0.6638656051910082,0.5953272552123626,0.6095435745255215,0.7462741445545789,0.6348411977804355,0.8295142632593672,0.7466013511581011,0.780516764879016,0.0,0.4809015944669547,0.6087538698064765,0.6776540784571243,0.7766493409801765,0.6737455354141904,0.5152695938907107,0.6925958150187098,0.34388569657305645,0.2245294358014919,0.555256331213318,0.8151563429982724,0.295154028532225,0.5435544344351978,0.27625945489886283,0.8633041548339372,0.9781933259625365,0.619718724478484,0.6101457780255002,0.738222901104497,0.7587115282617944,0.0,0.992008594735415,0.8081759628120923,0.8248183175822879,0.6857306641907166,0.795288947947275,0.898817496307647,0.7667467695613455,0.8832618102793028,0.761558900983987,0.35267406331522566,0.6322134246792586,0.5129208359660307,0.20680467629923707,0.8549946831351871,0.7571988247921901,0.7251780435185132,0.52668288029622,0.5911379415978024,0.7301967886603026,0.5400011209370328,0.7441883587958029,0.5305651722478213,0.7935792274606024,0.8210924330488305,0.7498784273587111,0.6524710263986337,0.7379823191788976
0.5597949517441801,0.43521703317790833,0.6263867548730105,0.4687026342805217,0.6512334387071602,0.6540088417623413,0.6177313307001762,0.6936574194794627,0.524691324732157,0.5254732655602898,0.4246417473635764,0.7801172805755456,0.6227603632759199,0.4000139803219649,0.6229600740006929,0.7128603076472242,0.39884790176824414,0.5373056168048007,0.6075954429341994,0.762660798538836,0.5213455658889916,0.6207228281676571,0.730194788912048,0.6324271475609062,0.5814553502289336,0.7798503939592936,0.7054364745418369,0.4809015944669547,0.0,0.8254569631169593,0.8272677870519688,0.5076031697647663,0.6625978413330809,0.7812271184278319,0.49244396389987716,0.7019205153242072,0.4902624774204192,0.5281307613289328,0.6132094245516799,0.5591603434019371,0.5644268817829002,0.5499603086245407,0.557816270387775,0.6824963658575862,0.6521065362370242,0.46341211932729465,0.6702538195197334,0.6175225656990706,0.46421707094638787,0.4654958536782231,0.6715580460696586,0.6633192232860792,0.7003165711874797,0.45095845208457935,0.6637093150744557,0.4385953708990882,0.576676095462281,0.6147399515614647,0.7926339209017912,0.6197531052960545,0.6681796921352614,0.48147988343225234,0.6605288924651279,0.5051084156713145,0.5939620480943972,0.5036247994407381,0.5982293796710139,0.641394275100289,0.44865099117272966,0.7929955121592018,0.6686111784115822,0.6639101406410175,0.6475309886040695,0.6468912942095589,0.5153846294081366,0.5724053829629903
0.5934770652678614,0.494564777484209,0.9167771180470059,0.46867634036536493,0.5292992162232517,1.0393355650165712,0.5412482649463779,0.9075402247540947,0.9313587130846366,0.42256507973559154,0.5458371314981012,0.29843114361541956,0.2101165978423416,0.8065208555608234,0.5828725658159102,0.8303923569563583,0.5314286469653985,0.5778535027073718,0.6243884213140853,0.9511404534791809,0.7462971811334709,0.7890957453866274,0.7889406955627244,0.8137709991673654,0.4527294618352621,0.4317601131491509,0.7943005649520549,0.6087538698064765,0.8254569631169593,0.0,0.7736554229556534,0.6927986328182255,0.512379237837322,0.5915918061142644,0.26830878680560644,0.6177217614901152,0.24232535202249395,0.5220908783144339,0.8019469310201348,0.4466279777404579,0.6079811903483249,0.7494314021956797,1.1321611449162876,0.053685128802143524,0.0,0.0,0.0,0.20156179971941118,0.0,0.0,0.7522125711160935,0.5375730314792564,0.7119613696046044,0.6548220228088248,0.5192323184441767,0.0,-0.007566075357597658,0.7118233688261695,0.0,0.44657527918602347,0.0,0.0,0.9633211537964295,0.9233718444318283,0.5928838335242937,0.5130196771668833,0.2998004538754887,0.8071715225506968,0.0,0.3791151664664021,0.47254612229434234,0.853379148907162,0.8205304059792563,0.6850091358732018,0.4148220248785233,0.6691903258586294
