0.0,0.010792680208158378,-0.0007222486007559259,0.0,0.00027733873025442835,0.0035768834765864677,0.0009802542263220304,-0.018484923970487177,-0.0010819232448811,-0.026005786693538036,-0.0024407965680405264,-0.02298067310348556,0.020093519973440277,-0.004746872013197678,-0.011080793296539049,0.02581427237783146,0.01745869455010246,0.02568421667481202,0.0,0.0061581799147060745,-0.005228927800423833,0.005259576535400989,-0.018363107383759014,-0.009449292697637113,0.01668175733033289,0.004958144101270601,-0.0075783632430153625,0.014211337556848336,-0.0036574539711074494,-0.005051493124382023,-0.01506435237478404,-0.010489140955712795,0.01198503697489195,-0.02643502953478366,-0.008892414662331982,-0.0007463735691788376,0.0007777092283985931,-0.0008575763273007131,0.014850567377039825,0.011803966706077473,0.03438115915630924,-0.010750381908229911,4.9287483089854867e-05,0.0,0.0017268753819623117,0.0002459318709785441,0.0298218809687677,0.0,0.0,0.0,-0.026007333609849415,1.1102230246251565e-16,0.002006954990781351,0.0,0.020982735916062034,0.0,0.005105618079087826,0.0013744885596886913,0.0,0.00012174951705518078,0.035892524281010474,0.00023048476910569882,0.013367001187434113,0.0,0.01099681931460944,-0.014861459308153246,0.015766371455876782,0.005926681631196862,0.006123486718137672,0.025535072564448258,0.014223324948388683,0.002758034443084645,-0.0003636127408330747,0.01702907036700324,0.0,0.0029350054642774404
0.010792680208158378,0.0,0.0053161293843101975,-0.00022524924538053215,-0.015742708190632615,-0.004459135318326923,-0.022167149092835292,0.0009002866548262767,-0.003866537882840082,0.05699639919356991,9.161229391313475e-05,0.027499480192149595,-0.027889923810164086,0.007145425719271736,0.0007606316989528517,0.017081389207457054,0.006483036043600565,0.00692654664736142,0.0014031664276064615,-0.00309484513621322,-0.009758647779171625,0.002727453899901089,0.0008196876717340151,0.016613085521812565,-0.003068832369126806,0.0184420023207833,0.007497787167298486,-0.005004502213480089,-0.00904755916162081,0.005979006400154474,-0.003989619150765067,-0.008638053065800566,-0.00014607407558775432,-0.016891267491509487,-0.00884896238174221,-0.000655021526342281,-0.00030751749649748916,0.0,0.02094711114753156,0.03652559126176669,0.03363935189978895,0.02387696576203724,-0.000350332539778786,0.0,2.220446049250313e-16,0.01945110724713689,0.032603627706511484,8.805862204375181e-05,0.0,0.0,0.019431908738799464,0.02493212227834196,-0.07210255843337499,0.0007774708977605349,0.031317685354429914,0.0,0.0008237870913163081,0.021502433896848416,0.0,-0.0016679261419663693,0.03902586790156065,0.004315550678322511,0.04130224338357402,0.0,0.02135297489522653,0.022864772566202285,0.02382684256125822,0.007409533784548228,-0.0008016166422100124,0.039783269340891936,0.024186620004371884,0.017733258891101722,0.026425780662974907,0.021110329355836455,-1.1102230246251565e-16,0.02448167439225707
-0.0007222486007559259,0.0053161293843101975,0.0,0.06393760193369569,-0.005546516799346368,-0.0023334519019400646,0.01265626611819276,-0.005122633264584675,0.015462276711442846,0.01875240409645168,0.02044903415820154,0.009812609782007486,0.007923843549807685,0.03235485062244792,0.0007374651681027466,-0.0009747747060393497,-0.005986469471814138,-0.00011762806251197633,-0.002018349641832895,-0.0004089034351160703,-0.006306490953670751,0.005530357656196416,0.01089603265537642,-0.0007207748205069198,0.0002334599418319927,0.0016367220636364088,-0.014446041922550446,0.02222561005828827,0.0021726387911471523,0.04489377829240604,0.01972755489438338,0.02750215132556133,0.001797001208262483,0.022101609683485512,0.01770576390429529,0.02386159340498778,0.011253012829941733,0.008491626356248894,0.02622658450837484,-1.0094291456042015e-06,-0.0016709436281021617,-0.002483500479263767,0.008346777313616605,0.003659950960300029,0.0,0.0,-0.0002525033116405062,0.03169222055485427,1.1070100445098596e-05,0.0397928693184334,0.024229489436500273,0.028353800860559053,-0.011681058836440217,0.04059761151309971,-0.00034999407508878866,0.00534975376350727,-0.0013184719721242577,0.0316066479830297,0.0018481817116712262,-0.00045427031224143377,0.0,0.0,0.0,0.05637279751066682,-0.000543946760849956,-0.0014059918410995187,-0.0005370570413688047,0.004879517559014279,0.0,0.00010081848831999807,-0.0007670504218153518,0.010422807554762548,0.015196123450990195,0.0024332820591112525,-0.00030450381301239116,-0.0034473957593578186
0.0,-0.00022524924538053215,0.06393760193369569,0.0,0.03078416317586391,0.029306969417370654,0.035981326811418135,0.11301539317842202,0.05397536970435224,0.03540359390687742,0.03984768622242213,0.012114976040906777,0.018030620305169553,0.09145086356797455,-0.021782661528240266,0.0006881017365701347,-0.0009785246972660033,5.040979485348984e-05,0.04211576907478387,-0.008658115479695916,0.0011963337036653976,-0.020556496345269848,0.05127341875266428,-0.00397713953343104,0.00039292909122840003,-0.015609565959769978,0.017899951003031656,-0.040539843457627206,-0.0008328962119724115,-0.001995185354201068,-0.00947410316658892,0.010038987423845014,-0.014527915891711374,0.036195829027007465,-0.003707844111048353,0.048874086880642764,0.01328192265050121,0.019746828688091966,-0.004824532083836375,-0.0013877953294699763,-0.0007532510823018423,-0.002328305825917587,-0.0043537877877414255,-0.001634718629317078,0.0,0.0,0.0,-0.0011857313857633334,0.0,0.0,0.0007750626152712159,2.220446049250313e-16,-0.00011536952807500445,0.00016217228396653294,5.551115123125783e-17,-0.001168214733493933,-0.0017068104240469117,-0.0004842386596460302,0.0,0.0,0.0,0.0,0.0,0.0,0.0,0.0,-0.00010172122444879195,-0.001304639050861367,0.0,0.0,0.0,0.0004067244027522454,0.0020674741383288064,-0.00015437108824445378,0.0,0.0
0.00027733873025442835,-0.015742708190632615,-0.005546516799346368,0.03078416317586391,0.0,0.0009879685330203003,-0.020590885175703455,0.03195571424128257,0.006856254441520937,0.012389083976281634,-0.0077152323788440835,-0.03851652379203818,0.00551039812080506,0.012467755192724084,-0.0007232329472329213,0.0048249879924385786,0.001483673973203592,-0.0014304655207160177,-0.0060983983858852175,0.002145569437521755,-0.0035147149798938626,-0.005676723464443922,0.017263864970675558,0.0030981114426945067,-0.017617794388670338,-0.004413405925955072,-0.007745179876985142,0.015845397039832343,0.006097260480429578,0.0038125887406751935,0.022834676600033965,-0.012117531109158253,-0.03475826544508731,0.020637023539732013,0.0007838690006951032,0.001303254388323405,0.017177224228833776,-0.002998452744390756,0.0661696255074567,0.0007476467711578505,0.05749413015795535,0.11009273786884582,0.0810175827889727,0.003180502930690332,-0.0008323273512065299,1.1102230246251565e-16,-0.00033600563001717765,0.01442008504631187,0.0,0.07290681906394286,0.034216770220636294,0.043144715507327125,-0.0027319760677360083,0.035591621979690236,5.551115123125783e-17,0.008496871669575246,-0.001891078790757117,0.04454910749595742,0.0027881053907886644,-0.00020446743327867667,-2.330318608362303e-05,0.0,-5.551115123125783e-17,-0.004259442961849769,-0.0009134376060831451,0.00021687072849907452,0.0006239918577121695,0.017586664383502648,0.0,-3.236351717345043e-05,0.00042618666873833755,0.028966511971422082,0.0323409895926306,0.024250754031915622,1.1102230246251565e-16,0.03614394656969944
0.0035768834765864677,-0.004459135318326923,-0.0023334519019400646,0.029306969417370654,0.0009879685330203003,0.0,0.007095826870468114,0.007539705165751254,-0.021146767569891256,0.035836993097745795,0.004169872142214204,0.02540527940381554,-0.011180041140701924,-0.015134455731317775,0.010714713236628537,0.014997622912407638,0.026634770190783752,0.02417193731955436,-0.012082282232480868,0.010112789197747774,0.013520386394741513,0.0033748971819660967,0.012069017529757697,0.029074684402127238,0.009798466206358547,0.0026242943156745135,0.016441141720965113,0.009304436778610703,0.02779767425845847,0.04565977714350439,0.02306287650802935,0.028276280247182872,0.026772487256493394,0.028914045794866006,0.023145117544351,0.03654132894081569,0.024230172936671235,0.019673330819925672,-5.715999604455346e-05,0.00028512886739612275,-0.000896406562500951,0.037831285786720625,0.03110210057131979,0.02480336474966094,-0.0017097581230193781,0.0045062576764844375,0.018246995908967556,0.03176112388383234,-0.0005657936566491606,0.03759482793976565,0.01947798643867288,0.03453718615336354,-0.006955355586686807,0.04263794482869676,0.0009704075136852675,0.037601174373752044,-0.0004437657054043309,0.0243541682839703,0.03826318250149807,0.007241118085492049,0.025571602924034487,0.0,0.00043030827922063697,0.02288290476885868,0.007243143006618213,-0.0014870711425469807,0.009871356826606004,0.010350147429875056,-5.815356336075217e-05,0.026023324975724127,0.010017331074346825,0.020551500547192125,0.01949881704315931,0.02195788971574897,0.0002651462688692541,0.014804992613635326
0.0009802542263220304,-0.022167149092835292,0.01265626611819276,0.035981326811418135,-0.020590885175703455,0.007095826870468114,0.0,0.03116006310303593,-0.003240538872377685,0.015697827898776995,0.00942962179592649,-0.002314608293906395,-0.014495017372884555,0.06270510656983741,0.001537461236731319,0.006472665837265412,0.016610200392731034,0.01085985354070823,0.011400163105332095,0.008832332048706537,0.02244953693501539,-0.005876146047957442,0.02947480839893213,-0.05636873614852633,0.009836845160783536,0.015005161628053043,0.01547211538344706,0.019068544442053748,0.0013856136277376474,0.003101394852063011,0.01537182872548537,0.01679109672184148,0.00258929716825379,0.014603983135616838,-0.003642969343815028,0.028408339088346668,0.017265767561248813,0.022289649393333888,0.042266932717559436,-0.0008078045207966511,0.06006585027382855,0.0735899643754494,0.07248293479254869,0.0303492155658881,-0.0007711318401937839,0.0,0.014158617647009042,0.0276325493417221,0.0,0.04246169496738661,0.02281332024469912,0.04018377019866348,0.008581760793112292,0.041388035278224544,0.0004831222582766248,0.03727596366647545,-0.0005165957980723945,0.036583639078114016,0.05174244133883649,0.035712073048975945,0.0013194607072923858,0.0,-5.4873241520259075e-05,0.02938047666213106,0.03321492861754127,0.03662825329796293,0.01997800335341282,0.021226081532751184,-0.00015551304461913773,0.00040231645436505925,0.011491217567392742,0.03680423024370599,0.036309187787182895,0.02084291659962423,0.0019453892052202493,0.025490430258395036
-0.018484923970487177,0.0009002866548262767,-0.005122633264584675,0.11301539317842202,0.03195571424128257,0.007539705165751254,0.03116006310303593,0.0,-0.006933204835286755,0.007791407766438274,-0.05575737221096011,-0.012056449898273924,0.01618184449888649,0.03282989499569833,-0.016193612527596435,0.015243164526838437,0.0002505917549649461,0.005637235982561661,-0.02981700001061055,0.019777034340710764,-0.013309041465107585,-0.009069843836987723,-0.008217884869329894,-0.0004193721976709641,-0.013130213560788528,0.003842597226579536,-0.005849941457694352,0.024871947798050187,0.02621284536201479,0.04075262587875805,0.023795366041360844,0.03855245320946166,-0.004939990194749999,0.015987059067298526,0.007179349583887107,0.06772985390243774,0.050127151081616306,-0.013158620032320933,-0.004797395058044607,-0.000854987389577011,-0.0032414036921247225,-0.004126255694755665,-0.00025045840045251344,0.015142908284025536,0.0,0.0008778429159936318,-0.0027518044225263716,0.005363411526447148,0.0,0.01030850553086704,0.010234327494886897,0.013913066182730638,-0.01308494501048263,0.027446203524696955,0.00048207023133867155,-0.024724515418101112,0.00026150966362875616,0.019096959320374918,-0.0019821407487794485,-0.030957656931841604,0.00037424980841588296,0.0,9.151891491931963e-05,-0.03054650534273412,-0.0135623696512166,-0.04139975839330984,6.793682288802616e-05,-0.012919288293313125,-5.551115123125783e-17,-0.0005578454790567955,0.0015795693413402923,0.0018015119039100358,0.019013093856893704,0.011337067938032463,-0.0010791194315782349,0.00981875023917922
-0.0010819232448811,-0.003866537882840082,0.015462276711442846,0.05397536970435224,0.006856254441520937,-0.021146767569891256,-0.003240538872377685,-0.006933204835286755,0.0,0.019022981865393418,0.011921061708922154,0.012199101181650018,0.0041134011894659595,0.04326397305395885,-0.003892603668148198,0.004417017833507952,-0.0015266040076725162,0.027974064570480184,0.008301061288865097,0.004278934329058681,-0.0016119111288470656,-0.0029176013754629304,0.005375571264740253,0.013271770015045092,0.06432134881271767,0.05494534210171753,-0.021723932759949716,0.02179245905008692,0.0018396874565207444,0.05298797364465346,0.0223309257798584,0.02417534753804279,0.02570560756465473,0.02013564713097543,0.019364840111977588,0.013319158683808563,0.023354272832769307,0.01466157541149593,0.033627687401928286,0.0002661216827603563,0.05298924354711537,0.09750058445380139,-0.008674777912154374,0.09265214558992918,-0.001827017493245875,-5.551115123125783e-17,0.0007727406875407961,0.004420570613589581,-5.3181281602920905e-06,0.045359932289896765,0.03536617866854108,0.03587320854266107,0.0018963003242072896,0.028992182708909908,-0.002912184523355066,-0.006966769237388204,-0.0015485968519645121,0.027043298362446788,0.01041004775352794,0.0011090300690517751,0.0011817245636056017,0.0,0.0,0.0015050459545389305,0.0006956309964286644,-0.0001253143728041639,0.0007750666825121488,0.015891793347276084,-0.0001110952998207293,0.0002498937201816931,0.0004299822102433737,0.022240047544663355,0.0316721710894019,0.019544005564497147,-0.00029201337844098063,0.023898800088528516
-0.026005786693538036,0.05699639919356991,0.01875240409645168,0.03540359390687742,0.012389083976281634,0.035836993097745795,0.015697827898776995,0.007791407766438274,0.019022981865393418,0.0,0.010847341735847671,-0.002919872634606413,0.007425658084966091,0.04263493256340062,0.00044872101884224636,0.026413144406109312,0.030071030921586583,0.015621839793584613,0.014918230541004163,0.06970845090591254,0.005523767116250522,0.04275402259632899,0.0263351988859013,-0.02569853435651387,0.001537807192748264,-0.012986963705326093,0.02803140289301248,0.008697108066318404,0.005365892945633388,0.00143560104613355,-0.0002125460273047497,0.03172658172655912,0.03309452606326868,0.016711020896135798,0.019560659378942413,0.04398338814139591,0.06560488365322498,0.022406994487863985,0.09712212669118064,0.053426446662264926,0.07184602131626983,0.1107550523490281,-0.014476537480246632,-0.003403059537298636,0.04141134689865039,-0.00650762629372964,0.0535928713204436,-0.0011599818214729218,-3.019706842094516e-05,0.0004757008140878205,0.01197610432838253,0.0017446265350283263,3.006410081440869e-05,-0.0013946330010659036,0.03855972786407735,-0.0012357356651059304,0.03418419996575417,0.04568556210816799,0.0,0.0006355291193921309,0.0577227139522255,0.04323125261440425,0.037939429077455344,9.925934631282995e-06,-0.00016127135561627703,0.0011668242401376427,-0.0009126668986274011,-0.0037442839521397153,0.013585301578151965,0.034874276226652845,0.030776381269443598,0.02364614856140662,0.024590343684867233,-0.0006287012883220422,-5.551115123125783e-17,0.0410250762719383
-0.0024407965680405264,9.161229391313475e-05,0.02044903415820154,0.03984768622242213,-0.0077152323788440835,0.004169872142214204,0.00942962179592649,-0.05575737221096011,0.011921061708922154,0.010847341735847671,0.0,-0.020781838441251865,0.008872472681001164,-0.0022921213181328892,0.0,7.012226101743568e-05,0.015125418793429157,-0.0010280548499083109,0.004574282606268465,-4.49905598569611e-05,-0.00021533398749773447,-0.00033530890560562465,0.03942352551106676,0.002683972589830108,0.001096789637001272,0.002468010419068578,-0.013928407043664714,0.012869394896255326,0.0023393624012992276,0.0003442113305552885,0.01809802782831388,0.05128891852743961,-0.011213222638360165,0.011696515472549518,0.0012624174947364342,-0.01596013359190851,-0.01457991421758964,-0.00179550349002211,0.0037404855097241674,0.0016010958018305432,-0.0012100891177356243,-0.002306857807043816,0.005135240581769285,0.0005492500575821069,-0.0008099583073202798,0.0,1.1102230246251565e-16,0.027122389147398174,-1.0297906420930758e-06,0.06116946681556207,0.04203609943574882,0.0718721396200635,-0.028691600350414403,0.030210447366985027,-0.0017137812736944258,0.04694352128444207,-0.003534727306451102,0.06385325909715328,0.013143255584019409,5.551115123125783e-17,0.0,0.0,0.0,0.11140620314615957,-0.0005704566433538671,0.0,-7.63253193280522e-05,0.01670938815947165,5.551115123125783e-17,0.0,-0.0001504040675305296,0.03377469840917857,0.05365284618275751,-0.0014404010125900757,0.0,0.0004633953460516649
-0.02298067310348556,0.027499480192149595,0.009812609782007486,0.012114976040906777,-0.03851652379203818,0.02540527940381554,-0.002314608293906395,-0.012056449898273924,0.012199101181650018,-0.002919872634606413,-0.020781838441251865,0.0,-0.000741711031228609,0.06694488317181801,-0.06206699413355421,0.03486818942886427,0.03155593386080452,0.03257298839022116,6.389054604288846e-05,0.0049486885922094825,-0.03903213691473961,0.05462010230050218,0.00102727037715733,-0.010919752404122685,0.014372323130395048,-0.011797379067126967,0.022603881176600005,-0.005830727420019499,0.023015178813715176,-0.001685582976867106,0.006706153713238461,0.007361798888141757,0.028215207412800425,-0.007426331349206727,-0.001380444664314251,-0.0017754387968313967,0.001128644053429273,0.009031218329030033,-0.018861243353192836,0.07434806727587229,0.08422662630668526,0.007025885330860959,0.000901023705701498,0.0002804729444446652,0.08570391207274752,0.005783070903424226,0.0011869636699920472,-0.0010615482673496657,-0.0006273096178016357,-0.00019973295623487708,0.0006952057498920139,-0.001188451300340898,0.00020034623523068618,-0.0005956176158606885,0.039779094600785714,-0.0020602999697009183,0.04194710725778683,-0.003982707834730093,0.00047314151282307204,0.00014340270066531824,0.018235805283262685,0.03670850869184111,0.029994044359662686,7.831609937958284e-05,0.0006501244759620772,0.0009117661327110449,0.0004845818060323914,0.008340503541871935,0.029312273251423104,0.02993486529251904,0.0248805517480723,0.06912160217517516,0.04830485842904658,-0.002281836042335783,0.0,0.027923539592783986
0.020093519973440277,-0.027889923810164086,0.007923843549807685,0.018030620305169553,0.00551039812080506,-0.011180041140701924,-0.014495017372884555,0.01618184449888649,0.0041134011894659595,0.007425658084966091,0.008872472681001164,-0.000741711031228609,0.0,0.04145175020833186,0.020254876616354944,0.0010516940008400422,0.018490914260972935,-0.0012451511194574993,0.015562361361872501,-0.001564081713585852,0.007585543729239419,-0.01171803294158047,0.021169039715996374,0.003051074824673594,0.013961866193908157,0.005321986615374474,0.007516644132895378,-0.04267557832110774,-0.0038282542065908864,-0.05313563759818357,-0.0001268957890920297,0.015055591413588143,-0.0019261034706023472,0.00043318011701493075,0.002751970464101583,0.0010408665023190489,-0.0024925029984628755,0.012917078843441565,0.04829854959023877,-0.0015617157626849343,0.021076064930364513,0.09286985410105025,0.06241351526030775,0.10694641078679523,-0.003518909874549725,0.0005048250900253071,0.013870264801521759,0.02999477380822424,0.0,0.03654696673433633,0.02276680844974699,0.03815179880698216,0.0006752877658979806,0.0413595145705028,0.015154857428694601,0.04722462857092857,0.047121694114277635,0.028378531623165282,0.03176196970076245,0.015608900024039363,0.022134434426280547,-0.0004176029268476156,0.0020049388422075376,0.01165826511450263,0.013136726410367394,0.002433299316376869,0.017073147082626583,0.014331727486169843,0.0015890495562437823,0.02058337475462635,0.005935017857931102,0.023634087215459565,0.023734007930921952,0.011157708966024193,0.0017856649571980077,0.02709978396187218
-0.004746872013197678,0.007145425719271736,0.03235485062244792,0.09145086356797455,0.012467755192724084,-0.015134455731317775,0.06270510656983741,0.03282989499569833,0.04326397305395885,0.04263493256340062,-0.0022921213181328892,0.06694488317181801,0.04145175020833186,0.0,0.001125910716964107,-0.0006632143969749205,0.000138373963532612,7.022061383449296e-05,0.02014555080097563,-0.00013059342350957293,0.0009315159857526956,-0.0005022019209922068,0.009138067143114048,-0.001014289625929421,0.01758756272392542,0.015949683188127728,0.01862199727546182,0.09924136109759574,0.0023798641979947965,-0.0007395326153888382,-0.007735424303256522,0.005152402940667933,0.0012778094945265495,0.019881810004524825,0.046721255881314205,-0.01474711193226308,0.008644737305040201,0.03277650918688907,0.006370157421164924,0.0,0.0008208274253845294,0.0008016102865866515,0.006865163164649302,2.964251082648861e-06,0.0,0.0,0.0,-0.01782983708685909,0.0,-0.0035925082919005535,-0.0008048017259398854,0.03121692549498567,-0.0036197707325451023,0.005964298090961662,0.0,0.006556828636599177,-6.0382897202337915e-05,0.0019288382077557453,-0.001799830945198977,1.1102230246251565e-16,0.0,0.0,0.0,0.006505849472942082,0.0,-1.1102230246251565e-16,0.0,-0.01670007488401537,0.0,0.0,5.551115123125783e-17,0.004085818576456346,-0.00023998046795975503,1.1102230246251565e-16,0.0,5.551115123125783e-17
-0.011080793296539049,0.0007606316989528517,0.0007374651681027466,-0.021782661528240266,-0.0007232329472329213,0.010714713236628537,0.001537461236731319,-0.016193612527596435,-0.003892603668148198,0.00044872101884224636,0.0,-0.06206699413355421,0.020254876616354944,0.001125910716964107,0.0,0.011459148308785305,-0.006043655460649722,0.003922769942996229,-1.1102230246251565e-16,0.022785751408964272,0.009037056657766385,0.011497524544813065,0.035595689416169696,-0.0651812548019427,0.0009130980274622003,-0.009151925239369196,0.025992396481843538,0.008257296969082117,0.0038758437945976,0.015564172326702264,0.01910523902094896,0.006890693318829688,0.007081136164098667,0.010578743499700949,-0.0015736640117439693,0.00836701421685948,-0.0022343574063059535,0.00014393734774859057,-0.003005287720041827,0.01303329841157902,0.004976602221405557,0.006295157428583553,0.038680827012663566,0.0007985091521939824,0.0,0.0072782749624495935,0.027040803916265177,0.0007276659456598167,0.0,0.0,0.013676096107661628,0.01952023249868401,-0.012494005245633488,0.0002450487894587461,-5.551115123125783e-17,0.0,-0.00016348935287491262,0.015835055711472257,1.6880902310445478e-05,0.01043914213847208,0.012402693324269798,-0.00021034652080026417,0.0049887741020040455,0.0,0.004351072643416776,0.010932100849650517,-0.008130731375255495,0.016012308702453737,6.901381630403103e-05,0.01607457208291546,0.02371331584736225,0.017716239456917693,0.01875038169838228,0.018265281900020247,0.0012991164490757656,0.023244786009981033
0.02581427237783146,0.017081389207457054,-0.0009747747060393497,0.0006881017365701347,0.0048249879924385786,0.014997622912407638,0.006472665837265412,0.015243164526838437,0.004417017833507952,0.026413144406109312,7.012226101743568e-05,0.03486818942886427,0.0010516940008400422,-0.0006632143969749205,0.011459148308785305,0.0,0.03218559668403115,-0.0046794238254222464,-0.0001833170686337815,0.024644342090638316,0.011975907856719314,0.000168382966967362,0.006926119739529002,0.026843155524967577,0.013824756560122609,0.015172692165358603,0.01641301203826595,0.00471740965067019,0.01056225249566567,0.03365233438589521,0.026335654146346255,0.010590920276905502,0.0227466118637763,0.00860990215130375,-0.013274033199589974,-0.0011396674884981417,-0.0008341952090090143,-0.023038918332070335,0.016833273651919056,0.04049316172900147,0.033110081262055,0.02079517060985725,-2.2011408626620987e-05,0.0,0.0,0.02727772476194218,0.03033215196911243,0.0,0.0,0.0,0.02448290969532857,0.0005984853955559033,0.0014440083550188443,0.0,0.04823298422720079,0.0,0.031528746174081135,0.025458866841542138,0.0,0.0205316419065098,0.044748612648834674,0.033624651205252154,0.04227248865826172,0.0,0.01573019767640882,0.01682515550198016,0.024050492814252256,0.03191468066263342,0.028511479299187292,0.04444837252806455,0.025775539012068305,0.000680712877306755,0.025161823619641865,0.01916508751615109,-1.1102230246251565e-16,0.02739105363910499
0.01745869455010246,0.006483036043600565,-0.005986469471814138,-0.0009785246972660033,0.001483673973203592,0.026634770190783752,0.016610200392731034,0.0002505917549649461,-0.0015266040076725162,0.030071030921586583,0.015125418793429157,0.03155593386080452,0.018490914260972935,0.000138373963532612,-0.006043655460649722,0.03218559668403115,0.0,0.00911912649800617,-0.0024483771754246764,0.021953549952153706,-0.003773023130118791,0.011974161178667453,0.025144741157542227,0.036937193097230814,0.012729666608583878,0.029697062202980462,0.043498340920602285,0.027645184767343733,0.002681514317571354,0.001296277235279475,0.01180600370109497,0.030220583832100634,0.03425923641687062,0.013727780284900681,0.02525305073972489,0.0022684292295432895,-0.00029299561957418785,0.02887863249425021,0.05988074309743385,0.0831067515928714,0.06641001087352655,0.07171484727872868,-5.551115123125783e-17,0.0,-0.0004865340848437816,0.0032139444091968117,0.0012299497729419406,0.0,0.0,0.0,0.0,0.0,0.0,0.0,0.07394659078612309,0.0,0.0616920572155048,-0.00019932960678509248,0.0,-0.031387248086582276,0.046768456453159746,0.07064275771533629,0.0633126019612929,0.0,1.1102230246251565e-16,0.0,-0.0004944738568291029,0.0,0.031501203765590846,0.06625497454166068,0.05307283357618947,0.0,-0.002586732280773718,-0.0001326532600626762,0.0,0.06566323209686792
0.02568421667481202,0.00692654664736142,-0.00011762806251197633,5.040979485348984e-05,-0.0014304655207160177,0.02417193731955436,0.01085985354070823,0.005637235982561661,0.027974064570480184,0.015621839793584613,-0.0010280548499083109,0.03257298839022116,-0.0012451511194574993,7.022061383449296e-05,0.003922769942996229,-0.0046794238254222464,0.00911912649800617,0.0,-0.0005828023207825606,0.00998288205760478,0.00408502264459909,-0.008614289923993101,0.012079997693950517,0.03432056242730214,0.004725615509866887,0.022152857737711196,0.021410666582397042,-0.002552296479138183,-0.002153074213481765,0.0011945573041828306,0.003835284348210788,0.015554470401719367,0.04447050991477458,0.01711498493038638,0.024397312980585395,-0.003957640863729239,-0.0006300014668330078,0.0223105098791474,0.02303511641223871,0.05240729660695853,0.04711464974645435,0.04485033513576242,0.0,0.0,0.0026323597151338696,0.022792682917058937,0.03164548466068373,0.0,0.0,0.0,0.023692811330751518,-0.0002676864841665849,-0.0006755540257122328,0.0,0.075069736100213,0.0,0.06568590897182919,-0.0007915563967025308,0.0,7.811155112663615e-05,0.04885788145504216,0.06638459742962743,0.0475153659221651,0.0,0.02252779495171392,0.005034813244567504,0.023545699993837765,0.002944823165257404,0.01735914503749053,0.04517166817978807,0.04045403371868406,0.007587768393318317,0.002530866717362412,0.01907890829524267,0.0,0.040522347803324754
0.0,0.0014031664276064615,-0.002018349641832895,0.04211576907478387,-0.0060983983858852175,-0.012082282232480868,0.011400163105332095,-0.02981700001061055,0.008301061288865097,0.014918230541004163,0.004574282606268465,6.389054604288846e-05,0.015562361361872501,0.02014555080097563,-1.1102230246251565e-16,-0.0001833170686337815,-0.0024483771754246764,-0.0005828023207825606,0.0,0.0004930092481785775,-0.0004565394431871872,0.0009352741200489567,0.04380203777351932,-0.00024093992774210093,-0.0005618964002339633,-0.0007738403927445292,-0.024975248326689514,0.022786197228240934,0.0017606636319414393,0.0017120494767282612,0.022459846491165614,0.030469993158080133,0.0014956951960382603,0.022388224905254106,0.01700605839637337,0.01696991972572809,0.001831963656923452,0.010944677050439833,0.010040385747186964,5.334120762606753e-05,-2.5661086079764583e-05,-0.004131605670965155,-0.025858064985412876,-0.002254466751723916,-0.00015910188041018403,0.0,0.0,-0.05483758257299409,-5.551115123125783e-17,0.03679673413946977,0.01560200504825382,0.01944491372446855,-0.02931185957009086,0.008164770358454088,-0.00010214444617578922,-0.09130076864443637,-0.0007596742557833824,0.0011350601321913345,-0.01857590378194307,2.220446049250313e-16,0.0,0.0,0.0,-0.030347738136880353,-0.00011418875450003307,0.0,8.144940982551807e-05,-0.004363091797404239,0.0,0.0,-5.551115123125783e-17,0.016829579237237602,0.01506803691294234,-0.0009627284148322479,-0.0003936723832466127,0.0015064170845776603
0.0061581799147060745,-0.00309484513621322,-0.0004089034351160703,-0.008658115479695916,0.002145569437521755,0.010112789197747774,0.008832332048706537,0.019777034340710764,0.004278934329058681,0.06970845090591254,-4.49905598569611e-05,0.0049486885922094825,-0.001564081713585852,-0.00013059342350957293,0.022785751408964272,0.024644342090638316,0.021953549952153706,0.00998288205760478,0.0004930092481785775,0.0,0.01932365632147781,0.011328828466261875,0.006325552615321084,-0.007694987096260153,0.016436988563121813,0.0011845436221306627,0.010831295327172585,0.002238978926726254,0.012694572295410156,0.049474920821718504,0.028978983211809417,0.004140957072356566,0.008929274451528024,0.016422545937761046,0.0006457422022599357,0.012608105859220009,0.020689136404560604,0.004100181751677534,0.015001149089399257,0.007192499723029877,0.014577810794593804,0.005954098096117244,0.034402170787106,0.055381898985079114,-0.0005447394978814746,-0.003059197961126303,0.022258375017500553,-0.0017752901118973097,0.0,0.0,0.015135101479357538,0.008460101196332726,-0.03471637890291002,-0.0012553320395561895,0.0005201916239332416,1.1102230246251565e-16,-0.0009339173551125568,0.014280233276985688,-1.1102230246251565e-16,0.005330018053148811,0.013841457212034114,3.501540066397357e-05,0.004094430027058171,0.0,0.0033053475875041705,0.003346158649608022,0.007791697706942824,0.006173748245741684,0.0,0.02425743291876048,0.00825547454674197,0.009398718939382766,0.018894430960695652,0.017125841902917216,0.010809408363740836,0.01243595093018679
-0.005228927800423833,-0.009758647779171625,-0.006306490953670751,0.0011963337036653976,-0.0035147149798938626,0.013520386394741513,0.02244953693501539,-0.013309041465107585,-0.0016119111288470656,0.005523767116250522,-0.00021533398749773447,-0.03903213691473961,0.007585543729239419,0.0009315159857526956,0.009037056657766385,0.011975907856719314,-0.003773023130118791,0.00408502264459909,-0.0004565394431871872,0.01932365632147781,0.0,0.009677565122800602,0.0013613437211644763,-0.008310177711678413,-0.01955882515888635,0.0016449370813332864,0.007750814121737559,0.008918678254671186,0.0012068263620218511,0.02998893037488176,0.0031631034487577536,0.004979541808143528,-0.000258564098586489,-0.009348327403392476,-0.007960415412538335,0.000612336206804176,-0.001459091410747848,-0.0006508687273708014,-0.004072278878910984,0.005173898161687951,0.004542130003189426,-0.0037444077669805953,0.0014130239017664525,0.0,0.0,0.030008243829063586,0.026077648233650996,0.001115040632044817,0.0,0.0,0.013624021333058067,-0.000992008083913476,-0.01656677555737579,-0.0027312021265120667,-0.0002507371515810264,0.0,0.0014602908768783784,-3.0237529574261846e-05,5.551115123125783e-17,-0.00785249388886966,0.017453926800036268,0.0,0.02697395351379056,0.0,0.003224908432843121,0.017668362404206828,0.009593114518592794,-0.011164158466617335,0.0013972727946706676,0.012120037801999883,0.008373210857386681,-0.0057153951096613476,-0.00039248571189531845,0.004724181909152914,-0.0018270266130899215,0.018858276728612566
0.005259576535400989,0.002727453899901089,0.005530357656196416,-0.020556496345269848,-0.005676723464443922,0.0033748971819660967,-0.005876146047957442,-0.009069843836987723,-0.0029176013754629304,0.04275402259632899,-0.00033530890560562465,0.05462010230050218,-0.01171803294158047,-0.0005022019209922068,0.011497524544813065,0.000168382966967362,0.011974161178667453,-0.008614289923993101,0.0009352741200489567,0.011328828466261875,0.009677565122800602,0.0,0.022089798208605405,-0.03285797206144031,0.007680791268303733,-0.003214627629727629,0.01828899286093172,-0.008425614601618503,0.0066530987557373855,0.041025412949271145,0.028918575953503167,0.008789549810436503,0.008296239841574848,0.017864290244134606,0.006274428473406812,0.011784577918311556,0.00583044665820287,0.016932069343917,0.015365287902651403,0.024145391664127547,0.019498543154447823,0.01393843837629083,-0.002061977176367802,-0.0002442292885821429,-0.00035149604784956434,0.004884010846309961,0.025667841191076124,0.0010818074144780532,-9.282601219573472e-06,-0.00015154974649667086,0.018475097896272885,0.017988681484085445,-0.028306379827787165,0.002420781425870655,-0.0019199114199009992,0.0,2.141545888678653e-06,0.020352540420836174,0.0,0.010348835916111576,0.026449887670629668,-0.00040901473257626275,0.02700314884861943,0.0,0.015268704593015936,0.014688492550243737,0.018220707658220536,0.005642302083824102,0.0009084282519155051,0.038029988737107556,0.01957031279313559,0.012281433841789757,0.030876444059452446,0.015560853625566307,0.006693197788186278,0.0297552301774639
-0.018363107383759014,0.0008196876717340151,0.01089603265537642,0.05127341875266428,0.017263864970675558,0.012069017529757697,0.02947480839893213,-0.008217884869329894,0.005375571264740253,0.0263351988859013,0.03942352551106676,0.00102727037715733,0.021169039715996374,0.009138067143114048,0.035595689416169696,0.006926119739529002,0.025144741157542227,0.012079997693950517,0.04380203777351932,0.006325552615321084,0.0013613437211644763,0.022089798208605405,0.0,-0.014974046301619415,-0.0083582220495938,-0.006799078750799659,0.004762424327966641,0.022370801293242815,0.01680923774899734,0.026417151331348976,0.02018701433694914,0.01573102185583375,0.0030048444986403022,0.018895890389469594,0.007525952890240828,0.02326669308394702,0.019244764056890518,0.022884642020649493,0.007327683572863897,0.004180134001043501,0.0047411166913898795,0.010494261524995885,0.027401723360464647,0.0109468677812114,-0.0011880288356395097,-0.031548178970837226,-0.0004573818028646981,0.02721314325664237,-0.006686946469599497,0.03135100975585636,0.012540777005923376,0.027999790718933104,-0.019649608439210042,0.03216919252768957,0.008658829485168051,0.020379259894987456,0.0764217188081579,0.015383833411947712,0.009156737280182459,0.011800631657975957,0.0033780330209390863,-8.517883459402409e-05,0.001615559366809849,0.023898360986481237,0.008628035268201217,-0.009218884552013695,0.017745739546973616,0.008495884477692117,-0.0009432821934790003,0.005656030533823131,-0.005655220839816066,0.010340447986604051,0.01342833272456223,0.020312600135213355,0.008429822100444517,0.014707834577608825
-0.009449292697637113,0.016613085521812565,-0.0007207748205069198,-0.00397713953343104,0.0030981114426945067,0.029074684402127238,-0.05636873614852633,-0.0004193721976709641,0.013271770015045092,-0.02569853435651387,0.002683972589830108,-0.010919752404122685,0.003051074824673594,-0.001014289625929421,-0.0651812548019427,0.026843155524967577,0.036937193097230814,0.03432056242730214,-0.00024093992774210093,-0.007694987096260153,-0.008310177711678413,-0.03285797206144031,-0.014974046301619415,0.0,0.012887821083520212,-0.011914984358597003,0.007135089556975283,0.010393617704519353,0.0012030490029642515,0.00042321775548992413,0.00862413248477173,0.019162931696994845,0.01889691827968154,-0.006259271578355818,-0.012860133879317115,-0.08457125092279244,-0.00014284523543500738,-0.0005562205349126659,0.05464242495570448,0.08549765556247257,0.07983977115958013,0.08160460283869325,0.001589172882566492,-0.0006842768032898627,0.10973913130181778,-0.02229194490468489,-0.0016902874261023326,0.0,-5.551115123125783e-17,0.00033644079169453667,0.03591756790149392,0.00017288953557687003,-1.6653345369377348e-16,-0.0009655338901649047,0.06583640604724572,-0.00035859818115491215,0.053267624770919564,0.0010500305523086784,0.0,0.0013385199993796726,0.030519632869868196,0.04204168118122553,0.02695838043319415,-4.0999543212238976e-05,0.0010967692935109352,0.0019095278018369521,0.049115852888184874,0.0008998217314744594,0.010853520330125876,0.031010792639243223,0.01741338903190759,0.0016681839003765964,0.004221329697491338,0.03642367265624108,0.0,0.036644255357066724
0.01668175733033289,-0.003068832369126806,0.0002334599418319927,0.00039292909122840003,-0.017617794388670338,0.009798466206358547,0.009836845160783536,-0.013130213560788528,0.06432134881271767,0.001537807192748264,0.001096789637001272,0.014372323130395048,0.013961866193908157,0.01758756272392542,0.0009130980274622003,0.013824756560122609,0.012729666608583878,0.004725615509866887,-0.0005618964002339633,0.016436988563121813,-0.01955882515888635,0.007680791268303733,-0.0083582220495938,0.012887821083520212,0.0,0.016797758184769807,0.01313460253552512,0.020482076523717252,0.003333514980791541,0.0004535364016481913,0.026259998559111153,0.014818799965624907,0.03691691466623037,0.028445121057318667,0.035795362862628244,0.017942628814151595,0.0002789814155854664,0.04781161783191584,0.02687269829374167,0.047530649584941354,0.047868126638148045,0.045634090342064726,-0.001091817005204887,-5.551115123125783e-17,0.09969119663429787,0.015794618779154557,0.02877009141952691,5.551115123125783e-17,0.0,2.220446049250313e-16,0.021662603972119387,0.0007106547740193814,-0.0851627876893748,0.00028060516692685056,0.06639742663052667,1.6099973774497123e-05,0.0550380841571283,0.022880854774263104,0.0,0.008862341961690556,0.04804994556189307,0.060770507427214904,0.04200669297976978,0.0,0.029586426693741064,-0.0029607934121366197,0.03096347404937111,0.011065166577676533,0.01148194418357551,0.04497057548813743,0.035942994005395856,0.01724074500905942,0.028007860044197752,0.028484936457644217,0.0,0.04050437402697765
0.004958144101270601,0.0184420023207833,0.0016367220636364088,-0.015609565959769978,-0.004413405925955072,0.0026242943156745135,0.015005161628053043,0.003842597226579536,0.05494534210171753,-0.012986963705326093,0.002468010419068578,-0.011797379067126967,0.005321986615374474,0.015949683188127728,-0.009151925239369196,0.015172692165358603,0.029697062202980462,0.022152857737711196,-0.0007738403927445292,0.0011845436221306627,0.0016449370813332864,-0.003214627629727629,-0.006799078750799659,-0.011914984358597003,0.016797758184769807,0.0,0.004897187084071886,0.0040842212277348855,0.011945722606468145,0.001025515272691735,0.0023262029517417404,-0.008265807173697848,0.00854894565688924,-0.003404464603855406,-0.006167976616530346,0.025288100941788294,0.019024915542740883,0.026225070992974664,0.004819136800943369,0.028977111263031707,0.02946570201206372,0.020200128913930082,-0.0017376573758369207,9.922428524705706e-05,0.04759346502502754,0.0037942067664549772,0.025023889318480486,0.0024979750324552463,0.0,-3.106527594681774e-05,0.014531106655101766,0.022251362356574766,-0.0010102814411311334,0.00033609613601320865,0.04604917034052802,0.0,0.03681649422060951,0.019033863406115292,0.0,0.006121091774588527,0.028720049665045932,0.051569494490808776,0.03125097460995335,0.0,0.01493165617020098,0.016448902098050777,0.017549018235584635,-9.368173818219416e-05,-0.009960017486282391,0.03244334231343188,0.01663353927331901,-0.00023550115823789408,0.019902246266170154,0.009226095102430831,-9.980938825837615e-05,0.026388798527090807
