0.0,0.7778579241093139,0.42839229555702596,0.0,1.30552614501256,0.577045796426619,0.711640320152228,0.7043665287621395,0.6496271598384444,0.6419449086185149,0.4252937527644022,0.5583546273908419,0.7500365184435314,0.8340874575081143,0.607143046747073,0.8551431515431239,0.4237106512561138,0.8197117872715352,0.0,0.6324451704942545,0.3657749691875112,0.6339899073589497,0.5903288269574325,0.5526938645714485,0.70608156985005,0.7371005007350566,0.5869508948248305,0.538731316507193,0.6516201961238974,0.6402807993319113,0.7237816031702677,0.5690881261627925,0.4356540490643399,0.6244869826459843,0.6734563457663464,0.745478776524193,0.5044849561027749,0.5200352818701863,0.5047254639933406,0.5298644165400184,0.5612998539572114,0.5624473228514103,0.47126824333685907,0.0,0.4737210680763547,0.6114523181282339,0.5622305608621976,0.0,0.0,0.0,0.5065102983799008,0.0,0.6056900324180355,0.0,0.5958381787419933,0.0,0.5854291436295376,0.7272194511401202,0.0,0.5715119496149075,0.6451130992562151,0.2545982370492021,0.6283889382202025,0.0,0.48700968966138514,0.8397340544643499,0.5284865342975114,0.6972651330152306,0.6248581042962639,0.712237117975839,0.6522138063110081,0.4753298008195185,0.386657225149018,0.5801684105419185,0.0,0.5198457781655499
0.7778579241093139,0.0,0.9738346038426151,0.3346475136705246,0.6686457296337025,0.7494707410481323,0.674122950881386,1.002805513838434,0.6022922413392328,0.6294663536928828,0.3244137229003101,0.6817049698426407,0.7293920400199927,0.4926326088535296,0.7089684145853463,0.7683014327914222,0.8546478382809395,0.9096960766240261,0.63996386149317,0.4983448186430807,0.6898127208542687,0.5915646784594495,0.8642080259280713,0.7452083663661087,0.7220562597781313,0.4595097355202978,0.7922425978344712,0.6744713407814937,0.6916840552481314,0.44146177208015275,0.6696105944232926,0.5475845027987318,0.4968277641419587,0.6659132259683738,0.7528760680906421,-0.34898602239559434,0.22594369930962452,0.0,0.5260472497310872,0.7239611532719824,0.48813449439114975,0.6005426648618152,0.6292168471700588,0.0,0.0,0.8491310354510149,0.5601176637778765,0.04195775324136524,0.0,0.0,0.6953656434609788,0.6266396469240093,0.5591472475565922,0.5689822652742458,0.9071664761413947,0.0,0.44788207167557853,0.6630049099786397,0.0,0.5968954283761512,0.6467802768294179,0.6357376980839295,0.7449786098426643,0.0,0.4872369083669413,0.7924329645317278,0.5926487864247637,0.6389917242608595,0.44454044800975234,0.6500821982732117,0.6100346988821088,0.6748350821187673,0.6161226531256344,0.7806184199046671,0.0,0.6637010469504998
0.42839229555702596,0.9738346038426151,0.0,0.42411607395515005,0.6562125322587158,0.632125267207729,0.5687499173837801,0.21654714837341987,0.42011358668447085,0.45110814535394334,0.35128610770734503,0.8397228106310535,0.5845470204880485,0.7076700150315867,0.8068165617662582,0.480907988113229,0.49914191396982466,0.5239664991653573,0.3809396616996794,0.389856643878597,0.5236451370030353,0.6760069298880285,0.3156064707883903,0.7822619178811272,0.5619672315348382,0.6497311354405458,0.48070660363706613,0.6355983286918372,0.6226111244115222,0.6297368343863083,0.638040463714318,0.5271202834585281,-0.03687696921596645,0.6530495894203183,0.4117081454887152,0.5231593445319002,0.46959121243491164,0.4940064617137999,0.5917468753337299,0.49374233454261646,0.5149059804336305,0.5136505630238986,0.7010284870624612,0.6826808844808052,0.0,0.0,0.19962796805158078,0.10132368054410529,0.47598390869473894,0.4826566115655629,0.6441329090681336,0.5961267560297019,0.584794553638802,0.08988280620103123,0.3679594320022832,0.19450062580143992,0.4698113363554513,0.10075440004919584,0.5407744956180374,0.6524353229669451,0.0,0.0,0.0,0.040745996276915414,0.6339915292423028,0.4423483463101702,0.10306433318134561,0.4363282223451004,0.0,0.6346223368470825,0.6268378967548212,0.5952666330631845,0.26490464339150066,0.6188441860991685,0.6792141837645882,0.16092064387534438
0.0,0.3346475136705246,0.42411607395515005,0.0,0.836916715716504,0.6901360635889571,0.41591894132667223,0.7173605130719601,0.563034373045177,0.1843696996794407,0.3901207316771672,0.3750668150231272,0.6589161868488816,0.5726657899932743,0.6177559154262939,0.1215867384211584,0.5446039603179944,0.4692043076494686,0.31458259187389725,0.06441014633999836,0.4200753419145199,0.5477705017885371,0.4647239570020508,0.22942835279202695,0.8762689756337319,0.630193902710247,0.7124556288357338,0.5320251871798436,0.38246169990741297,0.47776044849352606,0.41569841582364236,0.40488481398200205,0.16751203667345257,0.2962675729411357,0.6050341520608962,0.5230310719598307,0.26826833332267996,0.29445839880054053,0.1992288149282368,0.2913636145414653,0.3780002568832863,0.2894120134878366,0.22334093711682368,0.23813215287686734,0.0,0.0,0.0,0.3981471892092765,0.0,0.0,0.598447021733878,0.0,0.46535864184400955,0.041132106874819885,0.0,0.17632546073983563,0.4714193434253273,0.45202551240854405,0.0,0.0,0.0,0.0,0.0,0.0,0.0,0.0,0.4731976683598357,0.5885810410487058,0.0,0.0,0.0,0.5059544438006889,0.5442271802539336,0.5837716090403313,0.0,0.0
1.30552614501256,0.6686457296337025,0.6562125322587158,0.836916715716504,0.0,0.7427459601956674,0.6011372579642921,0.8601564450745717,0.4524596372865669,0.9442938582288717,0.5707198713673206,0.7854539292642684,0.7515994625692368,0.6705457866157085,0.4901390161338477,0.818158634193959,0.814127588786099,0.6900440868774195,0.3574199834342341,0.6024436159528804,0.7702219604346803,0.6688525720549641,0.6605381905330518,0.8143899384594753,0.6968246438512871,0.7349072315186336,0.6473765475473958,0.9230604734588412,0.9502566044468188,0.5148207605771234,0.6995852936880407,0.6930439426362943,0.41643138804691004,0.7509423734618802,0.48104114897443684,0.6135032419491199,0.8004350624835794,0.7603693034647063,0.8912341533262167,0.7207407545790547,0.559876899614149,0.4004234238846692,0.5501073806771924,0.6654353915440901,0.2503952633029865,0.0,0.41995633940504884,0.8845426563961674,0.0,0.5728848834297428,0.6710965159657967,0.63399617272147,0.5641436758367457,0.5832830400605009,0.0,0.6580429996977923,0.3462439913500665,0.7026960349440114,0.5928468863227492,0.2529975616018715,0.45773110765439,0.0,0.0,0.7964216334267322,0.31210126260853843,0.4974095729882805,0.37509815796578955,0.6795567051790552,0.0,0.49390337205149826,0.5614775934711022,0.6299696639013604,0.74563378842388,0.6413441806225844,0.0,0.5072702042197526
0.577045796426619,0.7494707410481323,0.632125267207729,0.6901360635889571,0.7427459601956674,0.0,0.8346940345290779,0.6860530841980743,0.5912471661434715,0.6592941152972529,0.55842120541527,0.9230671732469364,0.7825821914329987,0.6972989428031329,0.6754707297831305,0.9204329936699474,0.8592091146998251,0.899086043733293,0.7606613430421243,0.653461967561098,0.7339982509976071,0.6699009573562063,0.7749098455656033,0.49860070535431933,0.8394138952583794,0.881109716220883,0.544785180896912,0.8650508387761002,0.5035226127550383,0.9841979979406014,0.8656792043948852,0.7070807861880479,0.8285736200465579,0.8035329557924431,0.862594969329609,0.5916068114268732,0.8082567607066385,0.7697439436981846,0.6481763289562363,0.22426681913288415,0.47533005193829325,0.41408577255976353,0.7045232010129239,0.7168097194122135,0.1945837218394521,0.9876779192819755,0.7192816370955062,0.5892151324541478,0.5646649219873636,0.49921328644408297,0.7355026948468057,0.6789131922251692,0.7374680693209059,0.5846304941708078,0.6923171935535339,0.5569419174615241,0.34666587123566134,0.7217887108559646,0.570334133198785,0.6219648542209004,0.7598346815691577,0.0,1.0166779295902924,0.5871075464461923,0.740407958362866,0.4502671986218698,0.8021035584356148,0.6889870918607076,0.5719115181358346,0.7681001607784103,0.7291413569739978,0.7486980315635074,0.6983538528100166,0.7556048898492583,0.6662908694935336,0.524831805884888
0.711640320152228,0.674122950881386,0.5687499173837801,0.41591894132667223,0.6011372579642921,0.8346940345290779,0.0,0.6394695650565014,0.707737097369147,0.8913983658361586,0.45552916412501077,0.778537686416362,0.8606641935078649,0.5401528081250891,0.5326070465624385,0.8129893137725439,0.9010322768918462,0.7799277677165362,0.5013481178757816,0.8208818804049448,0.6501542957230528,0.6642334332762879,0.6469427224364963,0.9459553543021539,0.691285395205346,0.8112366582053476,0.6297417492208968,0.7543428377129731,0.875642530120021,0.5208148228031629,0.7714751156515791,0.6403626607213713,0.5643091027794149,0.7265917682848974,0.5715134342612841,0.34427823804483493,0.10783792685109833,1.0439073100725356,0.8657718236310964,0.4354390747645162,0.7891673060069102,0.46412114553696926,0.4932186312150212,0.8187573560359076,0.354382274756742,0.0,0.7154317453808208,0.42772538028916285,0.0,0.5421333390305318,0.6686688254955353,0.6211925329603771,0.6172855035762683,0.6649331327522454,0.5927990447374365,0.5291171476264895,0.41759958515076806,0.5831371282892487,-0.04598671270790042,0.4434183391879182,0.6087952918937916,0.0,0.5360646070238658,0.5806294081455798,0.857159441408325,0.48136509446526166,0.6557734768604104,0.6288495780255273,0.4625852369033222,0.9888943835804405,0.7087057066112297,0.6969144975095275,0.6734605137099005,0.6242942817287429,0.7941699737926927,0.5797760915430618
0.7043665287621395,1.002805513838434,0.21654714837341987,0.7173605130719601,0.8601564450745717,0.6860530841980743,0.6394695650565014,0.0,0.3699753646687727,1.104877969628352,0.18545774327636647,0.9389359161101604,0.8196372678963892,0.7698493658298434,0.27767391199114344,1.112289126722863,0.48025722531676834,0.9428442659000436,-0.008258137709600155,0.48726931865395695,0.666495077453843,0.536018835606944,0.566394749512279,0.5954883601299501,0.933489302584189,0.7764786079368758,0.5408370499181372,0.6869430491580131,0.6634344796228966,0.9023615734502153,0.6595276635626333,0.7002218414946373,0.9520785326801751,0.753816038219785,0.45984510445616955,0.6846099611990768,0.488931161107878,0.6145971490664492,0.7486563671388577,0.41576617480537736,0.40929949899560725,0.48287897850161254,0.47140734719439803,0.4505012860384944,0.0,0.5687883338258817,0.3789806196576553,0.5813142911903133,0.0,0.7096513681397634,0.8614902023311254,0.7097514211974965,0.7568735505086897,0.46053400462424815,0.8247139412426584,0.5161144507351234,0.9850242382043282,0.7145542975718568,0.8063837234776565,0.572759005682337,0.39013958895768763,0.0,0.6770675418431076,0.5219614183715846,0.7163419576727128,0.6280436719890943,0.5431278114716345,0.7866183630504099,0.0,0.6100685764121859,0.5954887694286322,0.7534047292103809,0.7524175505223871,0.7093443873572884,0.5082159962911557,0.4738212985968575
0.6496271598384444,0.6022922413392328,0.42011358668447085,0.563034373045177,0.4524596372865669,0.5912471661434715,0.707737097369147,0.3699753646687727,0.0,0.6758533491284942,0.47883614807684655,0.6777943441916419,0.6103108940757036,0.6049380764843448,0.5847191519209605,0.6913116988001001,0.5709267956273305,0.7255842843146035,0.3959835072428832,0.6035703620870031,0.6409015056794152,0.7102768341938076,0.6385015519203283,0.6846373890108923,0.7797214710327381,0.8426672762093987,0.6062606028780112,0.6547936570491082,0.674136750167398,0.8981656100416662,0.6140571372989861,0.5462480954086197,0.5035892651939318,0.6260637063305102,0.6019209249125385,0.4929775517451238,0.5445520808095304,0.6603401925148422,0.6493866137739825,-0.1253334956442893,-0.021736669570545264,0.08294347856573825,0.5667668622145879,0.4146924905432646,0.28367242183764196,0.0,0.5259676807534821,0.5206365192207965,0.4696077812664175,0.7268458072497094,0.6471189107191586,0.6751619063374873,0.6090482640723599,0.48615113213915095,0.2033318384635058,0.6689206545946664,0.46467125214882266,0.5000535120911889,0.6418349795779534,0.5469593416629133,0.6987244543172162,0.0,0.0,0.561264910388735,0.6095244775451406,0.6644264182122575,1.1841708777387578,0.5913693398863665,0.3128447802218376,0.5669375288753822,0.4393811129213898,0.5620106503246817,0.5026270774914623,0.5775099845859124,0.48733134017082014,0.6510129225899919
0.6419449086185149,0.6294663536928828,0.45110814535394334,0.1843696996794407,0.9442938582288717,0.6592941152972529,0.8913983658361586,1.104877969628352,0.6758533491284942,0.0,0.6172600379090956,0.727553525316573,1.0041784452529199,0.49190314788425843,0.48752020852067574,0.8603763100320619,0.8618474181486036,0.8277559311488547,0.5392604644267573,0.48914641989114616,0.8433848408234828,0.6324065324216512,0.8058362046740073,0.570736185124079,0.8480997960039245,0.7294868910696825,0.5907271107074274,0.8731953759453106,0.6866864979555427,0.4189565839560324,0.9994467640463134,0.6589686808091919,1.0016916823213355,0.8726220567893033,0.6918975296329657,0.500103593430016,0.32017347030689913,0.645128686384757,0.21795171378054962,0.3962813505653004,0.3808025506729553,0.3541759103891905,0.28997300877827936,0.6489272990972401,0.5753622396468534,0.7397807497532674,0.4941533166687012,0.15304720856981602,0.47535005840743605,0.46259080253965373,0.5345707639134589,0.4635966590524061,0.5672242241295259,0.23172960410009746,0.7863138437489527,0.4182265280664266,0.7751834283353329,0.6769445783093115,0.0,0.906528829676706,0.5878070405578931,0.7872568148900737,0.7477926571929853,0.4810419124900953,0.47354921998102634,0.57384314611774,0.3410638159781131,0.6314015487831753,0.6581287550534783,0.7724957706409532,0.7979615694242627,0.5613741569187606,0.5812471720383472,0.39938476986518184,0.0,0.668037946958853
0.4252937527644022,0.3244137229003101,0.35128610770734503,0.3901207316771672,0.5707198713673206,0.55842120541527,0.45552916412501077,0.18545774327636647,0.47883614807684655,0.6172600379090956,0.0,0.6032602337841717,0.4826932405685017,0.5652336499394106,0.0,0.5185158256590012,0.6116317277826523,0.5935699012705302,0.22059231462740392,0.4579176670489813,0.5461656460295476,0.38397786699210623,0.08429136888830457,0.6302071860385112,0.6669653000586269,0.6303794321810434,0.5051313229637057,0.492919770758552,0.4133423482048393,0.5462532355131853,0.5157107428162321,0.26334337393120194,0.5361644929548985,0.5229406327617648,0.4571047620987398,0.4401319500411437,0.4588464387048697,0.5065859214725673,0.14083504587517542,-0.0719976445058576,0.14070014314284507,0.4536595346778428,0.22631850554800825,0.5748224634172429,0.18741391334598223,0.0,0.0,0.284890105873383,0.47778778443789394,0.05072380029148965,0.2872898648386739,0.1082497655549004,0.6222145504279317,0.018491291333380122,0.19784358305080801,0.04118170276458086,0.3840613225004649,0.18441535228450662,-0.12258847331354972,0.0,0.0,0.0,0.0,0.09705294848158164,0.34992761287836355,0.0,0.6746840010301631,0.3039335071671484,0.0,0.0,0.9423389476275568,0.3489923293820423,0.10924291366739969,0.36193263443257623,0.0,0.13273706764756943
0.5583546273908419,0.6817049698426407,0.8397228106310535,0.3750668150231272,0.7854539292642684,0.9230671732469364,0.778537686416362,0.9389359161101604,0.6777943441916419,0.727553525316573,0.6032602337841717,0.0,1.0733498203549994,1.2422494663033015,0.8533206302571327,0.9764519507612353,0.9495188680852339,0.949844213125433,0.5510701800312641,0.6032685765039281,0.7087982130379713,0.7062689310414634,0.8261748744313743,0.5888361947128887,0.725890145536013,0.4727459970626981,0.721648527383615,0.9358462098741631,0.7341219703620843,0.2994188517717763,0.9828351364059862,0.31559721555821807,0.8516259514892585,0.852242461394459,1.1287654681125279,0.7093570036877179,0.6477600739035151,0.44079134978501233,0.3661412459180806,0.42825334297180684,0.5170461012058434,0.21185923143968707,0.4398080224790001,0.45596477223120735,0.44261086397134064,0.13551858265885872,0.5595758443500503,0.2544279490665278,0.19373185952245248,0.2911297565147214,0.3516944619569782,0.4841848018943331,0.2548134972396227,0.4163706801851757,0.7711729601281587,0.23413688727906945,0.7427563709318024,0.6892595045537127,0.7256123494281109,0.6553164104168765,0.5318427438284874,0.7169425214820807,0.8379052680432924,0.34774519666496906,0.7848668912441001,0.7698153629573464,0.4439194174020238,0.4838152510374981,0.6390748275066662,0.7586209164885453,0.7442357788246646,0.32271870577896933,0.6896491044902877,0.49270917133789804,0.0,0.751197456896074
0.7500365184435314,0.7293920400199927,0.5845470204880485,0.6589161868488816,0.7515994625692368,0.7825821914329987,0.8606641935078649,0.8196372678963892,0.6103108940757036,1.0041784452529199,0.4826932405685017,1.0733498203549994,0.0,0.4977311865383096,0.6077104209588273,0.8472606290227724,0.9867058280780479,0.8749950712371096,0.5213197860240492,0.8695586110507743,0.6887580227718679,0.7566611385660734,0.7864059339386049,0.8885272014508497,0.8823364824316131,0.8595011506221599,0.699841759342435,0.7117485635499239,0.7758859933390321,0.3224000186648396,0.7053309320343435,0.7428799692215469,0.7011897437939273,0.898067366080535,0.6498384836124611,0.5733848064699748,0.40335053479445293,1.008679646795369,0.607755423317904,0.18212497731159089,0.4695116789990508,0.4138706333139198,0.5587023096662153,0.30405605079185694,0.43384866588368665,0.6424684537129695,0.8209124543582562,0.6209696697017295,0.0,0.7506890182490893,0.7456079642275163,0.668446296887337,0.6404567496673408,0.6631636804664367,0.7883664454942301,0.5118776978123369,0.864186669538699,0.7323903364193987,0.38658878380598904,0.6139603503246083,0.763326090889231,1.0523993344406959,0.8281996907055287,0.6077073339828682,0.7642776256722219,0.5844779671620891,0.6637545537108452,0.7054331670919086,0.5192058474801621,0.8054580391121537,0.6487698593144582,0.7831720610592825,0.7052269185872474,0.7085547406595291,0.5559613219798868,0.6453331002131845
0.8340874575081143,0.4926326088535296,0.7076700150315867,0.5726657899932743,0.6705457866157085,0.6972989428031329,0.5401528081250891,0.7698493658298434,0.6049380764843448,0.49190314788425843,0.5652336499394106,1.2422494663033015,0.4977311865383096,0.0,0.5353091033115822,0.5618957414313042,0.500296499832459,0.4757060950657566,0.33173580492361665,0.3894382744471504,0.7492260624905371,0.2752717281599597,0.7970886529921615,0.963824309303065,1.391227316000688,0.8777110216702595,0.8292606612513578,0.7996064255534141,0.3946991967036972,0.8111475357237035,0.5106892773848979,0.11840907321730604,0.25405589539716605,0.661449230542648,0.3084296294019428,0.4079152252043342,0.3778119859210821,0.7345860365494871,0.688058276633638,0.0,0.7093002852981343,0.8485729185767515,0.5810180412653446,0.47533002762936594,0.0,0.0,0.0,0.38935628473777695,0.0,0.4925750005098716,0.4465608425565407,0.4209787440314421,0.5383602438417557,0.5050630358267961,0.0,0.5478264252485434,0.4115935558738605,0.7541907696869983,0.46041298887230686,0.0,0.0,0.0,0.0,0.6325576149398768,0.0,0.0,0.0,0.49042776081832984,0.0,0.0,0.0,0.5153492684873162,0.7446482656169287,0.0,0.0,0.0
0.607143046747073,0.7089684145853463,0.8068165617662582,0.6177559154262939,0.4901390161338477,0.6754707297831305,0.5326070465624385,0.27767391199114344,0.5847191519209605,0.48752020852067574,0.0,0.8533206302571327,0.6077104209588273,0.5353091033115822,0.0,0.8579081150175015,0.46541250310605,0.9625287857877844,0.0,0.5330511709190596,0.3256186944411457,0.547383086177313,0.23587734121774412,0.691631454929188,0.8894832487522224,0.6798714007754982,0.36804039736898847,0.4709607969493742,0.7035017353243063,0.47833759747503035,0.6813524735934409,0.5784614979013597,0.7948770834623384,0.66316055242963,0.7624292278573888,0.6397356829675175,0.47586537559136116,0.37734989877838887,0.440473930239303,0.6435084183420028,0.5261376158412114,0.3969319383589065,0.3464124850889282,0.6219767874744637,0.0,0.6678029464617419,0.5309465680752935,0.47899293740229987,0.0,0.0,0.5981740990174644,0.906575473673623,0.5442373956700093,0.5489710336899237,0.0,0.0,0.6742503369228736,0.6326447385851532,0.4790944715872182,0.716798222482572,0.6076529906328938,0.6203333291174189,0.7579617071209983,0.0,0.6889506444719209,0.6612378301811692,0.7652698295458216,0.7059390912299102,0.46769519984620656,0.7496973495701084,0.5845821890710831,0.6800603600200532,0.49983285816868817,0.4522634433208551,0.5571014391393894,0.3594386503026805
0.8551431515431239,0.7683014327914222,0.480907988113229,0.1215867384211584,0.818158634193959,0.9204329936699474,0.8129893137725439,1.112289126722863,0.6913116988001001,0.8603763100320619,0.5185158256590012,0.9764519507612353,0.8472606290227724,0.5618957414313042,0.8579081150175015,0.0,0.7323153773052242,0.9196456951652026,0.4585106349066296,0.644857753838711,0.8213958393061124,0.7657061455248123,0.8605594600282362,1.0132640336090306,0.9057430530220159,0.8030119639652835,0.8885845532990841,0.7759834286763069,0.8490264206304942,0.7467560633222903,1.0602960980181917,0.579317679189611,0.8016595996949067,0.7016710548894924,0.8248403370758617,0.6167797044738509,0.37759374008532165,0.6111790601246203,0.7062405589142629,0.7384752237218337,0.7085688051921579,0.5720818525383773,0.46699141376001685,0.0,0.0,0.7160823419524753,0.6975093829819574,0.0,0.0,0.0,0.7769484615458316,0.6009272704055846,0.8321166281435214,0.0,0.9745813394354516,0.0,0.8972972145297153,0.6408481813717042,0.0,0.6607036307122784,0.7392168388499962,0.8097826599780187,0.9677655526090908,0.0,0.6060436373933082,0.8042860552452268,0.6879494911119596,0.6524427482500469,0.45231674140472766,0.8981068740402385,0.7415794063692822,0.6539398949832018,0.6395538467732449,0.8356468492366311,0.0,0.689668666572409
0.4237106512561138,0.8546478382809395,0.49914191396982466,0.5446039603179944,0.814127588786099,0.8592091146998251,0.9010322768918462,0.48025722531676834,0.5709267956273305,0.8618474181486036,0.6116317277826523,0.9495188680852339,0.9867058280780479,0.500296499832459,0.46541250310605,0.7323153773052242,0.0,0.7492336261517751,0.6349747031822419,0.6886664758091627,0.5189708416397952,0.9693396496622688,0.4987338555110436,0.9698701182759331,0.9260685791166797,0.7546443189479425,0.8332774708370685,0.9835487948839492,0.716138945107934,0.5190154746368916,1.1700200923197481,0.7433132712449002,0.8697039167276106,0.8414479441193423,0.8120036314634866,0.612568219633131,0.2560757835590681,0.769074167417737,0.5892954958308263,0.6792645090138499,0.8001244922349167,0.5474658732534952,0.0,0.0,0.45651900125793177,0.6694783119251168,0.5505925737898969,0.0,0.0,0.0,0.0,0.0,0.0,0.0,0.8931222420309397,0.0,0.8277020207569823,0.32015248340036395,0.0,0.8078182926516155,0.44294571406769184,0.8839081858569552,0.8045891224269215,0.0,0.0,0.0,0.5220309962545382,0.0,0.7889903510920616,0.9372244167511675,0.9306486161620684,0.0,0.2887452449294535,0.4778811473565946,0.0,0.6224040228649971
0.8197117872715352,0.9096960766240261,0.5239664991653573,0.4692043076494686,0.6900440868774195,0.899086043733293,0.7799277677165362,0.9428442659000436,0.7255842843146035,0.8277559311488547,0.5935699012705302,0.949844213125433,0.8749950712371096,0.4757060950657566,0.9625287857877844,0.9196456951652026,0.7492336261517751,0.0,0.5205696603189935,0.7057924516845805,1.0917032298026126,0.7961501825235151,0.9946010879838714,0.8762162776024376,0.8796240774865296,0.7968734212644972,0.9268288266748708,0.7478147211611594,0.8153388670039896,0.686120038879086,0.9884490778023782,0.594692632115063,0.7736391600544297,0.913435845031086,0.8066821873040397,0.5715288053143126,0.2552654459292024,0.691437908094587,0.9552683119912764,0.8027298764895918,0.8135380823386691,0.930664020912037,0.0,0.0,0.5863553229854377,0.8069997643824288,0.7545869745924683,0.0,0.0,0.0,0.5243242372522084,0.5496657497902818,0.8195326086565529,0.0,1.0124170688447331,0.0,0.9719650174902275,0.5232000236859253,0.0,0.6123596113746326,0.860248565675199,0.9669580796463613,0.9201992258062738,0.0,0.4888965987896288,0.9922985365785673,0.7248476744490329,0.7822327852068229,0.8618724487680651,0.9720038426713726,0.9715518956808009,0.509189977641165,0.6718844429323826,0.5177373428519446,0.0,0.9309673670808758
0.0,0.63996386149317,0.3809396616996794,0.31458259187389725,0.3574199834342341,0.7606613430421243,0.5013481178757816,-0.008258137709600155,0.3959835072428832,0.5392604644267573,0.22059231462740392,0.5510701800312641,0.5213197860240492,0.33173580492361665,0.0,0.4585106349066296,0.6349747031822419,0.5205696603189935,0.0,0.5557030647086407,0.4423579183659623,0.6820139782757252,0.2731388065838959,0.6130702246876762,0.647126211456632,0.6090074866474384,0.6045677993362917,0.5429059108013634,0.5983695590913446,0.6220874024552091,0.5406164278668972,0.32618120082408486,0.8205859518394703,0.5226778805932378,0.06424064313072725,0.41058236886633204,0.37032886331207965,0.33482638439702994,0.7432812843125929,0.40811241444215385,0.423138930547952,0.20597104276471317,0.6911219031106814,0.3433744887804745,0.40784058375246557,0.0,0.0,0.6999910102851674,0.0,0.3296747808743836,0.5877023853667351,0.5834486302044514,0.6135059913463144,-0.002839135344153476,0.9209069925166786,0.044045800608878805,0.5502895740092523,0.487158286054607,0.4727723651956078,0.0,0.0,0.0,0.0,0.7031786632827401,0.4770025945410652,0.0,0.49653978042440317,0.4197723300320313,0.0,0.0,0.0,0.29100252210571725,0.595976837143982,0.4741320484568905,0.46250429164657036,0.5814394025481636
0.6324451704942545,0.4983448186430807,0.389856643878597,0.06441014633999836,0.6024436159528804,0.653461967561098,0.8208818804049448,0.48726931865395695,0.6035703620870031,0.48914641989114616,0.4579176670489813,0.6032685765039281,0.8695586110507743,0.3894382744471504,0.5330511709190596,0.644857753838711,0.6886664758091627,0.7057924516845805,0.5557030647086407,0.0,0.42671542792934447,0.496607405493074,0.5376260541046014,0.6855747195814776,0.763499967318348,0.6660960243458094,0.7079175833424819,0.8130805933655657,0.6238185874084561,1.040320154480668,0.5814259226082,0.40216760378565186,0.38754434495177326,0.5100315865750724,0.6262569903880266,0.7397913093179754,0.37410352966981086,0.8140487742847922,0.4839507083709843,0.5700641725646485,0.572257732373531,0.4539147083269499,0.7562708592802343,0.2668190201418686,0.20545491470097435,0.5082058224424835,0.6206422982554516,0.4846146723975444,0.0,0.0,0.693902151218881,0.8525889458733538,0.5810976119675972,0.44284680679114735,0.9394363477641918,0.0,0.5710110342325195,0.7781287297844701,0.0,0.5063385054535693,0.5199217319362746,0.4687187759926839,0.7187297191313687,0.0,0.5297681012896618,0.4788712542204321,0.5431276245296905,0.5669838360826832,0.0,0.7616713850952226,0.6632405224839183,0.6947304444045874,0.6024347335759537,0.5536559897500578,0.4510713496642161,0.5262733560042473
0.3657749691875112,0.6898127208542687,0.5236451370030353,0.4200753419145199,0.7702219604346803,0.7339982509976071,0.6501542957230528,0.666495077453843,0.6409015056794152,0.8433848408234828,0.5461656460295476,0.7087982130379713,0.6887580227718679,0.7492260624905371,0.3256186944411457,0.8213958393061124,0.5189708416397952,1.0917032298026126,0.4423579183659623,0.42671542792934447,0.0,0.6185142573425819,0.6318105323364624,0.41595878060040786,0.772378834838187,0.7829696400490517,0.5932289862407617,0.5183579137926861,0.5985906270685186,0.46441951377856655,0.6250115703738182,0.34486166477521896,0.7857399444790163,0.5242661629167117,0.6367604994349375,0.1803564407412383,0.33508039960964076,0.8637487841529505,0.5983778662433795,0.49890822123146744,0.4292051797457843,0.4449947238142029,0.5623881693074939,0.0,0.0,0.7232406033358982,0.5235635266303041,0.7667486215903321,0.0,0.0,0.8789324528344612,0.4358570764522452,0.34884947205091926,0.5244651249450204,0.6140836696057801,0.0,0.7524660823113634,0.5399093208280377,0.0,0.8173411567722328,0.6910060246410752,0.0,0.5353909249524305,0.0,0.6128482092738252,0.9658173362654097,0.653790640247611,0.6997468195984293,0.829836414504954,0.514756353818262,0.8570498147633436,0.7560826287620496,0.678069363258549,0.6359202897732719,0.4512787356048452,0.25778728470342416
0.6339899073589497,0.5915646784594495,0.6760069298880285,0.5477705017885371,0.6688525720549641,0.6699009573562063,0.6642334332762879,0.536018835606944,0.7102768341938076,0.6324065324216512,0.38397786699210623,0.7062689310414634,0.7566611385660734,0.2752717281599597,0.547383086177313,0.7657061455248123,0.9693396496622688,0.7961501825235151,0.6820139782757252,0.496607405493074,0.6185142573425819,0.0,0.8133596815819588,0.7205243991006873,0.8848442948384233,0.8271510776742943,0.6288074814531722,0.6857736062998931,0.4964129406369195,0.6489788200112063,0.684853798326915,0.5803674927184443,0.49947804933581474,0.715110734798479,0.7404722904983175,0.658378725476981,0.7185255225231718,0.6080031641736584,0.45251236689492325,0.7057174519583567,0.5048948516216223,0.46472880977606823,0.6105037399731162,0.3623256307195424,0.24777903199811907,0.7594966044372724,0.549718603699693,0.5869741661170087,0.47669087255096043,0.24288263112865754,0.8044553081941832,0.8752573952868926,0.8725265661923649,1.068214472164473,0.4045026011512205,0.0,0.5388869138061897,0.6010984800934193,0.0,0.6754466464197351,0.6804900392141808,0.4150962744986433,0.6883324319554093,0.0,0.5269221580558636,0.7281907469619914,0.6710113679806546,0.6316654724383401,0.7491198793155893,0.6682929902027264,0.6575240550836057,0.7955346060711286,0.6177476582983431,0.6027560098847973,0.5570598581795635,0.5903551385631851
0.5903288269574325,0.8642080259280713,0.3156064707883903,0.4647239570020508,0.6605381905330518,0.7749098455656033,0.6469427224364963,0.566394749512279,0.6385015519203283,0.8058362046740073,0.08429136888830457,0.8261748744313743,0.7864059339386049,0.7970886529921615,0.23587734121774412,0.8605594600282362,0.4987338555110436,0.9946010879838714,0.2731388065838959,0.5376260541046014,0.6318105323364624,0.8133596815819588,0.0,0.6187038147562413,0.9016553896879222,0.7199579337254226,0.6182593258340707,0.6922446168249594,0.7492689445033586,0.7318150045467915,0.7179303705074302,0.6130013699119421,0.8006741963543509,0.7093904279888052,0.7032335735499204,0.5781954143369146,0.7745361596968083,0.49458375106410907,0.6471583753843662,0.6228461882441714,0.6400614073784923,0.6628174649346239,0.6240928555522829,0.7823641517732061,0.5472054415104252,0.5734452979942438,0.7387010215621008,0.06120788942481381,0.6387508562712938,0.7218155136667623,0.7377001606730054,0.685555075513852,0.6896711468990145,0.47153598480374537,0.6312837078299443,0.3376856980250811,0.4274376217108979,0.6631424727671971,0.43115558889721123,0.5619947454656875,0.6812615393916881,0.47354921998102506,0.5739389232037242,-0.09760295160035898,0.6489620788662311,0.5487974410093291,0.5593436339213935,0.6596540586412938,0.22154703621660593,0.7139080898574557,0.677779634468222,0.670269869317273,0.6423804891887472,0.6485862530666064,0.5991048555049546,0.5127700067912643
0.5526938645714485,0.7452083663661087,0.7822619178811272,0.22942835279202695,0.8143899384594753,0.49860070535431933,0.9459553543021539,0.5954883601299501,0.6846373890108923,0.570736185124079,0.6302071860385112,0.5888361947128887,0.8885272014508497,0.963824309303065,0.691631454929188,1.0132640336090306,0.9698701182759331,0.8762162776024376,0.6130702246876762,0.6855747195814776,0.41595878060040786,0.7205243991006873,0.6187038147562413,0.0,0.7855623467207742,0.6496354070226648,0.4371063484660872,0.8764137042340214,0.6779450357699772,0.8133868668074886,1.1047228477544007,0.7084358956153621,0.7211432066743695,0.6210026972906088,0.7882889015337835,0.5620801513895161,0.3438829791044673,0.3956229479715636,0.9784146237952696,0.6758443052749519,0.46104374085430244,0.6363019114772879,0.6135922902146325,0.3361617372019735,0.4783786390864879,0.3352382731083778,0.5036246653862401,0.0,0.0,0.4742145700441831,0.5869249561097764,0.30221686864972985,0.0,0.016214397657260286,0.8662717119519633,0.5323986877123414,0.6861154694884035,0.46646221726183035,0.0,0.2527562418535974,0.6333471072117383,0.7887187247423949,0.7880318821252534,0.4623829449896765,0.3608969479706115,0.47982196404818817,0.18908741619928077,0.8270627628306809,0.6332236938200597,0.8669875206506135,0.7811503065620635,0.5558256036864311,0.6946922180981601,0.595873992046628,0.0,0.6040872447416459
0.70608156985005,0.7220562597781313,0.5619672315348382,0.8762689756337319,0.6968246438512871,0.8394138952583794,0.691285395205346,0.933489302584189,0.7797214710327381,0.8480997960039245,0.6669653000586269,0.725890145536013,0.8823364824316131,1.391227316000688,0.8894832487522224,0.9057430530220159,0.9260685791166797,0.8796240774865296,0.647126211456632,0.763499967318348,0.772378834838187,0.8848442948384233,0.9016553896879222,0.7855623467207742,0.0,0.5105923547810919,0.8733640962068547,0.8239173233805167,0.7930042401329652,0.7396939267549385,0.978323039072496,0.4731715735372249,0.8521226619547526,0.7230394979285404,0.8476811740764609,0.43476634902750827,0.588054832334212,0.7988581866168318,0.8007086007281838,0.7745544393764572,0.7776123733032869,0.7702349089579695,0.09856994177458354,0.0,0.4668642850472079,0.8439714371103487,0.7369688635165095,0.0,0.0,0.0,0.8614077398186599,0.5447781803246278,0.7034076725906107,0.40822309071355173,0.8482269699045472,0.47492943325133213,0.8540926518326344,0.57262600781674,0.0,0.5992490375441899,0.7493087120027582,0.8727697325880617,0.92289793561078,0.0,0.9386667589928861,0.8022984492501992,0.7867449484975538,0.6125061575544879,0.8444428483403243,0.9307769383104963,0.8915625485256171,0.7618279573681188,0.6508577677180871,0.6908072760186681,0.0,0.7757277408722865
0.7371005007350566,0.4595097355202978,0.6497311354405458,0.630193902710247,0.7349072315186336,0.881109716220883,0.8112366582053476,0.7764786079368758,0.8426672762093987,0.7294868910696825,0.6303794321810434,0.4727459970626981,0.8595011506221599,0.8777110216702595,0.6798714007754982,0.8030119639652835,0.7546443189479425,0.7968734212644972,0.6090074866474384,0.6660960243458094,0.7829696400490517,0.8271510776742943,0.7199579337254226,0.6496354070226648,0.5105923547810919,0.0,0.7384334388859055,0.8264139724637756,0.8756129840869373,0.5893730555723911,0.7672857074609158,0.6305675819316685,0.8040084592866383,0.7241459328179898,0.8251263856151001,0.7435200117048735,0.27116027551838906,0.5452724783245004,0.7093545886521735,0.7416261922563221,0.8174406050445611,0.6400266404684054,0.20832889052198092,0.5497372197674788,0.5242187827974608,0.8263735689127689,0.6757064732003615,0.6698404380076163,0.0,0.0030503079225230618,0.7523307685721665,0.7619164751655669,0.8652601923908168,0.41128475253658414,0.7579051856456358,0.0,0.7818218690482891,0.8747984371206644,0.0,0.7618452509379672,0.726567057443125,0.7847884818502697,0.8753640605909909,0.0,0.6984340130329119,0.9601910072736408,0.7824007015037759,0.7925935826604897,0.7154908389339356,0.8945765375277772,0.7875683381956857,0.7769709789232333,0.6279321493582919,0.8093819531250958,0.48581198686502847,0.7157818112631875
0.5869508948248305,0.7922425978344712,0.48070660363706613,0.7124556288357338,0.6473765475473958,0.544785180896912,0.6297417492208968,0.5408370499181372,0.6062606028780112,0.5907271107074274,0.5051313229637057,0.721648527383615,0.699841759342435,0.8292606612513578,0.36804039736898847,0.8885845532990841,0.8332774708370685,0.9268288266748708,0.6045677993362917,0.7079175833424819,0.5932289862407617,0.6288074814531722,0.6182593258340707,0.4371063484660872,0.8733640962068547,0.7384334388859055,0.0,0.7154738469809625,0.8679943039507838,0.832931227715286,0.7761968313394696,0.575276350467453,0.6641759742184838,0.6968535668337468,0.6859377522434643,0.427044409269179,0.7768464956102434,0.6369190329152059,0.5894671587047702,0.026800648159751778,0.6807006659467767,0.6413802088847766,0.6038050849805461,0.6238770081835033,0.40259826490631123,0.7084155901788557,0.5407111457000269,0.5612619186874492,0.4776832900657262,0.6562591402570447,0.7066269193907069,0.6183074964405577,0.5925965029724101,0.5061543866169276,0.7056880620834949,0.5637883552420442,0.36205007526889776,0.6631345798742779,0.582288650388765,0.5425543733339555,0.6144840068371283,0.0,0.29547888785198784,0.6957182307175442,0.6392645810962474,0.5516777278724312,0.5972101280268218,0.6194613647515854,0.0,0.6643560448350799,0.604607919936057,0.7026030718593764,0.6775322189770205,0.6563694272967431,0.45666902681229277,0.5515488065771054
0.538731316507193,0.6744713407814937,0.6355983286918372,0.5320251871798436,0.9230604734588412,0.8650508387761002,0.7543428377129731,0.6869430491580131,0.6547936570491082,0.8731953759453106,0.492919770758552,0.9358462098741631,0.7117485635499239,0.7996064255534141,0.4709607969493742,0.7759834286763069,0.9835487948839492,0.7478147211611594,0.5429059108013634,0.8130805933655657,0.5183579137926861,0.6857736062998931,0.6922446168249594,0.8764137042340214,0.8239173233805167,0.8264139724637756,0.7154738469809625,0.0,0.6820454301754747,0.5505050498362243,0.7015712796462062,0.627738915154294,0.8471468040790606,0.6616814683792877,0.6472198598302512,0.5776033235322471,0.4056624618450645,0.8899571535390551,0.5020256888423493,0.17372414027781258,0.3632544519564798,0.30398761097445637,0.5574525076074155,0.3499647552235664,0.6298903844642187,0.5871731372942453,0.6657644483786527,0.6371121592588693,0.0,0.6805385482835886,0.7677672669753702,0.6688637297809605,0.5693165201474695,0.6482086200298143,0.6142151947917112,0.4909135680977766,0.5118899739426996,0.6808827518604066,0.3494482882051716,0.5450145693992338,0.4390070664012532,0.20223920376071403,0.7894223589399982,0.6887385464068629,0.7135590558989459,0.502734595996867,0.9197427141224648,0.6360761154697656,0.5407190090046834,0.8139464252652862,0.557143753799435,0.7273909928700717,0.7309924505579314,0.6644999624195569,0.5294163429357256,0.5936870265183862
0.6516201961238974,0.6916840552481314,0.6226111244115222,0.38246169990741297,0.9502566044468188,0.5035226127550383,0.875642530120021,0.6634344796228966,0.674136750167398,0.6866864979555427,0.4133423482048393,0.7341219703620843,0.7758859933390321,0.3946991967036972,0.7035017353243063,0.8490264206304942,0.716138945107934,0.8153388670039896,0.5983695590913446,0.6238185874084561,0.5985906270685186,0.4964129406369195,0.7492689445033586,0.6779450357699772,0.7930042401329652,0.8756129840869373,0.8679943039507838,0.6820454301754747,0.0,0.6832318954683134,0.8578890351944319,0.5077903851530539,0.7254272679253393,0.5688260213810199,0.5388792874411508,0.6528537958023904,0.5140774329184828,0.8083669377827898,0.6449869950491843,0.5489288288513672,0.6284820459266582,0.5126865112108028,0.5839173580102505,0.5534301965395536,0.6466831284636444,0.6272994608475513,0.6948782513983498,0.6059301740062935,0.4611278450823156,0.46611009121060515,0.7683995730099064,0.7775864028119064,0.6935838365833442,0.6591818288119957,0.6198215224338802,0.4385844835305298,0.572816354512664,0.748669550304986,0.781830446064886,0.5685758776847704,0.7053161570699702,0.4813358153121441,0.7585340482439267,0.5064387872186666,0.6462628655309464,0.4778231735927171,0.5010167584771179,0.635999890045533,0.458856508366427,0.9064313942896914,0.6980399529346687,0.7644477282125537,0.6971197792284041,0.6471063625278393,0.4991596838168629,0.5247741216493562
0.6402807993319113,0.44146177208015275,0.6297368343863083,0.47776044849352606,0.5148207605771234,0.9841979979406014,0.5208148228031629,0.9023615734502153,0.8981656100416662,0.4189565839560324,0.5462532355131853,0.2994188517717763,0.3224000186648396,0.8111475357237035,0.47833759747503035,0.7467560633222903,0.5190154746368916,0.686120038879086,0.6220874024552091,1.040320154480668,0.46441951377856655,0.6489788200112063,0.7318150045467915,0.8133868668074886,0.7396939267549385,0.5893730555723911,0.832931227715286,0.5505050498362243,0.6832318954683134,0.0,0.8819815908578508,0.33099779594230827,0.5016461368913014,0.8190640317171851,0.6152641857775942,0.48175491118605285,0.4791326087241208,0.5324697216631731,0.6451534538938516,0.44733560266518263,0.5398846234716599,0.7494751188348987,0.629194326788364,0.060050007252689705,0.0,0.0,0.0,0.20686938442951808,0.0,0.0,0.7266340573755721,0.5369243674830529,0.4434630016530585,0.6520979761002722,0.5277290819556922,0.0,-0.0027671261619087034,0.45973128514388356,0.0,0.4459618263446947,0.0,0.0,0.9689049496714135,0.9322848680458102,0.6105885363662997,0.5211647585655456,0.5382140515181406,0.6861701040564709,0.0,0.3798112013955718,0.47557678803946735,0.6944982513755473,0.6359697670224809,0.5931913375818709,0.4224194022368565,0.3919976465458586
