0.0,0.020334374506552177,0.0055741218177262075,0.0,0.06098240556867213,0.014851648952637964,0.028564901785186392,0.0090677095720606,0.02686468056814645,0.014465357656420319,-0.0015109722234922796,-0.003554688501606118,0.013894553169934376,0.02666546439089429,0.0091963733611099,0.014191645652612994,0.00246107824766173,0.02547581835782664,0.0,-0.001655892064307829,-0.01363592602509106,0.002131244619412276,-0.0058066457718622955,-0.017271915422312045,0.02626341459017889,0.0029168196918853972,-0.009164140743972038,-0.0048400666875969,0.007783127124389055,-0.0007515074095179042,0.00951489928952065,-0.014503268699268268,-0.02169272796244609,0.010622715485036016,0.024500826549241295,0.013868864702308747,0.0006441794888662478,-0.002152307068364112,-0.008730341894299554,-0.00812859390022247,0.0036172823616750782,0.00016279028894566894,3.0440832218758818e-05,0.0,0.0008743524309154371,0.003637580745410318,-0.006578455123391502,0.0,0.0,0.0,-0.0015306577992002524,1.1102230246251565e-16,0.0007462147738035441,0.0,0.004995020185925625,0.0,0.0031447690445075005,0.0008821926010269543,0.0,0.00020859129514666508,0.0035995515874029937,-0.004499463191848296,0.005330625733253214,0.0,-0.0004961838579207734,0.08445838607883599,-0.010268206824585124,0.006661013455992348,0.0035474326672063072,0.01006472070621428,0.0009105422303696264,0.0014713440457262417,-0.0003188210267773828,0.0029447104356675746,0.0,2.722396291016116e-05
0.020334374506552177,0.0,0.05223439056897672,-0.00019815829092190151,0.024016971021913913,0.03057871622922992,0.018897403930014378,0.05159062244809354,0.023286368030782323,0.02256000777809425,-3.601111955170433e-05,0.03315152624678802,0.023279972301433638,-0.0009045210157586081,0.00915114430704489,0.012050805284767818,0.032108009900645884,0.03141330069718551,0.0013553997946768592,-0.012236001974509914,0.0094256706322432,-0.008722325248584406,0.025510655040494656,0.03739085631908823,0.024575020579801043,-0.009537528908814541,0.018517652666753093,0.016517442570339047,0.022511873966743257,3.3751503476453504e-05,0.002376884816403968,-0.0028354502546276694,0.004360224108058641,0.01567583900451114,0.024496745061918124,-0.11274379385634675,-0.00028815462883374776,0.0,-0.0017424980064730256,0.012890215054498333,-0.0008884087148186004,-0.00029788546187248244,3.9594876575732574e-05,0.0,2.220446049250313e-16,0.025267698266545124,-0.004789217759905262,5.438658196771362e-05,0.0,0.0,0.008726042719015725,0.001095147975308297,-6.981929068317072e-05,0.0005700667337807386,0.033699145529444974,0.0,0.0003651879492266863,0.0036394461526775834,0.0,0.0017866149874852244,0.007995958823973026,0.003554632750164599,0.02111531935482197,0.0,-0.013067373771790902,0.014169696477779326,-0.006561889434366253,0.003109864845893373,-0.000972542410776156,0.011558123224270522,-0.000464807390110511,0.0073467233566486545,0.0004218596278149356,0.017141604340675964,-1.1102230246251565e-16,0.0020200162242149378
0.0055741218177262075,0.05223439056897672,0.0,-0.021674509061524294,0.003177179321139534,0.0035571549353801135,-0.006542794951749198,-0.08541714213860346,-0.0015655250342292981,-0.01443106690658108,-0.04018348576604758,0.027220899745060978,-0.009946262026648223,0.006974285685460713,0.047456774074419394,0.003811725874087679,-0.008764110393718438,-0.0007174182777395233,-0.025439008822623232,-0.0005973683944024422,0.02021954874850246,0.013134550898716124,-0.03857152263570374,0.045815426485864064,0.0075395752164666985,0.02259594206028137,-0.0056706678934265176,-0.006386477197923235,0.0012406113566134636,0.0021112284994380115,-0.0024138954835617454,-0.017232372442194832,-0.0563543505754166,0.00034169438799785956,-0.02708509529695602,-0.018330014976350895,-0.012036488085166885,-0.0020421018975897987,-0.00913338147322168,-6.234415176331609e-07,-0.000990963851703719,-0.0012541661631911838,0.007944308951850443,0.0031974092052564074,0.0,0.0,-0.0002815059718664359,-0.1637224989386497,6.837092283218382e-06,-0.011226496894072957,0.0036085527051885613,-0.0028563799797978184,-0.018576525246040143,-0.16928114014242474,-5.743374541777868e-05,-0.1290628891828295,-0.0013043087330424363,-0.11529424602411142,-0.012372325041808463,0.008372441463069091,0.0,0.0,0.0,-0.18300904550260688,-0.0004133201055446234,-0.001055177692258602,-0.0005266871375168014,-0.045863485155151484,0.0,0.00011682669322260475,0.02442109458573466,-0.020806318853213046,-0.060222429467501004,0.001809646765809414,9.897421883386937e-05,-0.044409745008278156
0.0,-0.00019815829092190151,-0.021674509061524294,0.0,0.07113750639789346,0.014389341717106319,-0.005334682767379806,0.02884175290790525,-0.012123279779981122,-0.04429581808148206,-0.021067994955056013,0.0015748213228762853,0.02646299922388723,0.02112855130496194,0.0011792156250959862,0.00041369645920430465,-0.0005714948207764525,3.113399206283729e-05,-0.04718340253765391,-0.06164485866473035,0.0008574603829663574,-0.0003344247742446682,-0.01897042175396446,-0.0031789109099230606,0.0004604699481516872,0.00253703793622162,0.009084336131791881,0.02156464133202385,-0.009701956961939928,-0.0012533263870461164,-0.01586092907297021,-0.0009148300068255732,-0.016560991924174318,-0.008247197634086822,0.03759241279006864,0.03276343340930721,-0.003189240028853013,-0.006888526083029645,-0.0018709926662836551,-0.0009729062227895047,-0.0005701488382258701,-0.00212562146921641,-0.0034746427673013613,-0.0015199448950322658,0.0,0.0,0.0,-0.000987095156273765,0.0,0.0,0.0006127593576072954,2.220446049250313e-16,-7.125428662868583e-05,-4.435375770522887e-05,5.551115123125783e-17,-0.0010996853022459674,-0.0013776215765032296,-0.00041932811002615145,0.0,0.0,0.0,0.0,0.0,0.0,0.0,0.0,-6.28248498891204e-05,-0.0008506114156900391,0.0,0.0,0.0,0.0006264835045899364,0.0018931387676034417,-0.00014766200630117465,0.0,0.0
0.06098240556867213,0.024016971021913913,0.003177179321139534,0.07113750639789346,0.0,0.022438662611568183,0.009036435509579666,0.037593218092669245,-0.004172138399474723,0.041618985282079524,0.009300319997745221,0.03701778823886159,0.009133568482761423,0.04498067422171853,-0.0006386952909685495,0.024160921980739658,0.024584030433054682,0.029676321135647943,-0.03174341911658091,-0.0004153579718153,0.02476075631736041,0.0130829282407251,0.01384750750728203,0.030702781582410965,0.020482284188020117,0.025711150303691477,0.007325433358030764,0.044223665898390496,0.04831073769019417,0.002148017283952086,0.017267487269803983,0.03588033769765775,-0.010005687292638399,0.02231373058542646,-0.002134890819262769,0.044161791527657784,0.09962329457174512,0.0362833882556986,0.06365598072496698,0.0007653455661656983,0.0012838381741021587,-3.68308960834729e-05,0.005145540837338702,0.0027405600330662194,-0.0006622955684455478,1.1102230246251565e-16,-0.0002738738846169153,0.04687104750698523,0.0,0.0051807283252454095,0.00726600129069882,0.0038809142481714964,0.0006225902933523764,0.001556740396905787,5.551115123125783e-17,0.03383123579043862,-0.0012536621832758832,0.010745295791663279,0.008877789605477526,-0.00023908513079407,-2.3448286222749193e-05,0.0,-5.551115123125783e-17,0.027276325658672662,-0.0006109105347837929,0.0001969669779719463,0.00026200169426815467,0.008913013601775988,0.0,-1.9988287786820713e-05,0.0005117840458160328,0.008428892233093732,0.020637235108358243,0.020159070230217513,1.1102230246251565e-16,-0.002539843592528679
0.014851648952637964,0.03057871622922992,0.0035571549353801135,0.014389341717106319,0.022438662611568183,0.0,0.028203712988223217,0.011455101382143285,0.017879429637413957,0.006468640462611419,0.0011653490382320664,0.025250298501484025,0.019188972501338164,0.01776671624903725,0.0035963187394579266,0.045058162820647785,0.03919951896233953,0.04453961741053769,0.021696168785983405,0.009056511798642974,0.01768678054613293,0.01962331598804029,0.0210511136680111,0.012891921968090525,0.035200778831237234,0.030546658448543595,-0.007291792909274897,0.03233016380619963,0.005283411189171694,0.03845811608849464,0.026519691245726285,0.014457074299302375,0.014942658259100017,0.019386833401560943,0.02740046506651489,-0.0036363970429002523,0.02927740365771203,0.028968698486343925,0.005756373070580967,-0.020490676115249518,-0.013429564131056893,-0.016783466285375137,0.008881969897654718,0.027579412327438824,-0.0017639044172357288,0.03942646326920429,0.017547329328763905,-0.008812543945043494,-0.0005450814439036944,0.001995698949787461,0.018191213476390633,0.004110315900417327,0.009072969363047412,-0.011298993555850956,0.001689386525861869,-0.00933445641957753,-0.0008733351046124604,0.013016550588013653,-0.0001625885495184498,0.0004929607354992593,0.023073161237615825,0.0,0.045756277838705284,0.0010085902919152456,0.01641598041935849,0.004097174129955861,0.017130814716095233,0.010669037438452711,-1.7251083893166097e-05,0.03886772372947689,0.01783533913760732,0.019417422759579916,0.01865128335945604,0.019191451498521195,0.020010275972783986,-0.008415093754507275
0.028564901785186392,0.018897403930014378,-0.006542794951749198,-0.005334682767379806,0.009036435509579666,0.028203712988223217,0.0,0.014072154796549441,0.011469589788777268,0.0327506262413505,-0.020190263544412224,0.030841483326135843,0.01678793667174938,0.026686456323231855,0.0007896223971352034,0.0274987081487838,0.031084561342699046,0.023092637892770884,-0.013591459762528124,0.030211720286597576,0.027529254555924032,0.012984385600324,0.005821981822869138,0.03765840003174381,0.013823735287241623,0.019464112537229628,0.009039394008405088,0.02245287917524763,0.0335600554292223,0.0009049677842956072,0.0223137612232292,0.005657031548591207,4.885294588952149e-05,0.026789006499731205,0.022797528350154805,-0.02796081429833608,-0.048426665547365466,0.04393048270746719,0.0412250227507876,-0.0008402532824330344,0.05701093479555236,-0.0021174626160198606,-0.010564243918990468,0.0018807475662525053,-0.0008832703516049034,0.0,0.012846567084600358,-0.014781794099357981,0.0,-0.0003018179785831965,0.005916543552888065,-0.0029627261754398004,0.008062249896722218,0.0027266054785998195,0.00042746051899594795,0.007220518149197719,-0.00020174700061931228,0.009697214869619719,-0.0472312579041666,0.013461720390059884,0.0011884711753958888,0.0,-2.693679921728087e-05,-0.0015775040006217322,0.02978736622086653,-0.00019449488438838536,0.005312648497466987,0.003379872054653066,-9.604764135456856e-05,0.02469575735358087,0.014712049518238735,0.016445730367942113,0.01711894563712696,0.02178852849486096,0.0015920419039617828,0.00981525932385352
0.0090677095720606,0.05159062244809354,-0.08541714213860346,0.02884175290790525,0.037593218092669245,0.011455101382143285,0.014072154796549441,0.0,-0.051125571132498826,0.06807211856788492,-0.07513044485560821,0.04151373168876665,0.029450121464482226,0.0073485131749604915,-0.055335172033922575,0.060121701476203604,4.645388126234273e-05,0.051519003621830706,-0.13131009612510974,-0.0025917605018637158,0.011863624633607739,-0.0013478762059290772,-0.006409721381507916,0.011150371442984586,0.04775218414550253,0.020715244313869174,-0.012717708150162321,0.010468664162733676,0.021474404766963162,0.0398526059845965,0.007070176106708959,0.021911330422417385,0.0757579169795996,0.022597804946890954,-0.0012345693012991155,0.027452317591594666,0.00789502620142235,0.0037862381234247122,0.01659127935444693,-0.001055198390640666,-0.004025042108715515,-0.0037182538585521785,-0.014061463710655808,-0.0015092059417923243,0.0,0.0005115061258472164,0.0008675274232270991,-0.0192675710287471,0.0,0.024223283745645252,0.02924432084955314,0.00909608110973964,0.045209951579942786,-0.023676021679189252,0.0005119980514332045,-0.005627779877548533,0.00021280856201333354,0.019114693347852818,0.04901159263337668,-0.01644446498178409,0.00016127586306202701,0.0,1.0739021546413152e-05,-0.03170993609258349,0.0008332136685662017,0.010772654179767083,0.0034951176286925345,0.022611793136298575,-5.551115123125783e-17,0.011647860072831806,0.014206550666197526,0.017254610216579647,0.028715008491631167,0.0060244116118479685,-0.00037811285160604946,-0.0020960828496829342
0.02686468056814645,0.023286368030782323,-0.0015655250342292981,-0.012123279779981122,-0.004172138399474723,0.017879429637413957,0.011469589788777268,-0.051125571132498826,0.0,0.004028694439962677,0.0018467626421724281,0.008192278169000755,-0.0038551306470948066,0.004825067623381973,-0.0024867954620751975,0.01498882134490892,0.00757557638187939,0.021407315760420098,-0.0007584415117741217,0.0015303556236318516,0.03236975089238009,0.016592787587558222,0.0021439902324549287,0.012766493876965768,0.03837937877097264,0.03340712973943932,0.010496463998714622,0.00020755784509457476,0.02616055789959243,0.04690063005627998,-0.004674617013284754,-0.016971792513714112,-0.01957215481482244,-0.0036304682656114196,0.00043824322560442885,-0.021300790099396283,-0.008436726918545578,-0.0004421205369541936,0.003880003769087814,-0.03538995395344657,-0.09949936169494933,-0.049526281392754945,0.0027836422052996412,-0.0038256893319700835,-0.0018648918790835078,-5.551115123125783e-17,0.002222039355016636,-0.02671067949797712,-3.2845711911977382e-06,0.009708954319848417,-0.0023963816601012544,0.0005054721321524624,-0.007295120491940477,-0.026182489935176356,-0.0023969080445602753,0.005878537975241405,-0.0014250900588737014,-0.011519230099187427,0.003651300427259918,0.007791603677782644,0.0009118331823614878,0.0,0.0,-0.013416584308077906,0.0005995681719703216,0.0003389758246964969,0.04174169111453291,-0.011224112290086907,-0.00010394842663635773,0.00018219781220479847,0.01683078657953674,-0.008927009934842522,-0.004932750445944767,-0.0007473105960750237,-0.00016421004856903565,0.004027396871346567
0.014465357656420319,0.02256000777809425,-0.01443106690658108,-0.04429581808148206,0.041618985282079524,0.006468640462611419,0.0327506262413505,0.06807211856788492,0.004028694439962677,0.0,-0.0025972583510973646,0.024284267796615022,0.039578233049230416,-0.022444645349993242,-0.00022970591043652844,0.03788315499882805,0.018874835264078127,0.02600294472702347,-0.013250455767067293,0.004327894302090796,0.0302037076036894,0.01840504027198686,0.030390485146895574,0.004034164647036098,0.012777289876215903,0.00758073454633168,0.008230448977762483,0.022935801342727935,0.026952409712199143,0.0009348404501753338,0.027687939791712357,0.02503856229267848,0.040623061253141746,0.03164124596126294,0.022340022552213012,0.006367735473114422,-0.01776356946823293,0.022378664219205424,-0.054848333974792496,-0.010151882203786045,-0.02498481985806167,-0.006331791395179032,-0.01228219167317629,0.01800602443516297,0.010684936871838913,0.007491943703462511,0.0008424706489755796,-0.0009492597255100765,-1.8650250239449218e-05,0.00043393988961670793,0.002523570886030835,0.001165596636650612,2.9405707652196966e-05,-0.001578400800164581,0.03609539043151111,-0.0006721173714490658,0.029606783586110963,0.00788579169100928,0.0,0.0007174698119824519,0.002846791254212111,0.03557128589706682,0.030357292210674236,6.130434986373334e-06,-9.960407734882493e-05,0.0009580275501772095,-0.001218172514348581,0.004996471852935336,0.030156766281743907,0.035568221593688276,0.030104125297688578,-0.00044184366738364567,0.0061384507827924595,-0.0007935406979973636,-5.551115123125783e-17,0.0034263934728102075
-0.0015109722234922796,-3.601111955170433e-05,-0.04018348576604758,-0.021067994955056013,0.009300319997745221,0.0011653490382320664,-0.020190263544412224,-0.07513044485560821,0.0018467626421724281,-0.0025972583510973646,0.0,-0.0007942500144206832,-0.014267700960013507,0.002342493107185706,0.0,8.629604980647798e-05,0.0025770367196818467,-0.0007394688144004569,-0.04093700258248581,-4.7061358195266134e-05,-0.00019027721589509605,-0.00015609094764962306,-0.07594664505481227,0.008393363047508096,0.006598997679290841,0.0012580254714331662,-0.014048523111805211,-0.013085567978436075,0.0008749120805884303,0.00035945454247166,-0.008341944097995546,-0.04253191926554223,-0.0037294128886861677,-0.014743049193379043,-0.013658521670488366,-0.023440233031019775,-0.028948079539589333,-0.015952940310161867,-0.08141971741370951,-0.030742392283509556,-0.05944746746906626,-0.0017370167695692218,-0.07684316962200083,0.0002787543142437898,-0.0007436456641604083,0.0,1.1102230246251565e-16,-0.11599065809006631,-6.360171425634498e-07,-0.0902561856179751,-0.05522002332042136,-0.08797067566013361,0.002943966504417417,-0.16764795564303409,-0.028979105129443905,-0.11439436769532374,-0.002600531907081094,-0.07009143230699533,-0.14029279687878754,5.551115123125783e-17,0.0,0.0,0.0,-0.1346369646739283,-0.0005689335518509475,0.0,-7.141401372473544e-05,-0.058850168914101275,5.551115123125783e-17,0.0,-9.289224561076503e-05,-0.054670786895374746,-0.08208729285433453,-0.001422003146236972,0.0,-0.06799776550309716
-0.003554688501606118,0.03315152624678802,0.027220899745060978,0.0015748213228762853,0.03701778823886159,0.025250298501484025,0.030841483326135843,0.04151373168876665,0.008192278169000755,0.024284267796615022,-0.0007942500144206832,0.0,0.04706234168397089,0.13037879958616483,0.060132585049354426,0.03391692202294572,0.02678701816653689,0.02433765455019332,-0.004702533990781299,0.009808031051811994,0.014025191839767193,0.04365905187136554,0.0488140709537368,0.010617594920493134,0.0056789427397990755,-0.009114671103888028,0.01637492711205274,0.03999764458764088,0.01729005627844965,-0.0015307805065034596,0.042809506938008,-0.0019248071472750539,0.04555375551620261,0.036495873357311026,0.0705610798241742,0.052310016771304035,0.037135503830554306,0.021178196573577113,-0.03934660991747224,-0.0036484782467456345,0.004969528492549169,-0.022565606384936543,0.00019035532087557927,0.0005798895653836289,-0.0018040798894656263,-0.045362568414017035,0.0012624202266388607,-0.0008704676548023094,-0.0006513274997634877,-9.809895206158714e-05,0.0002612492910760156,-0.0005725724792516318,-3.0630439226686512e-06,-0.00043473377854275075,0.024231027417850493,-0.0017111529773704004,0.010282791616318787,0.022064850333987363,0.00040460686551951897,0.00013133448828972494,0.0015519172459733666,0.021196729400467795,0.026337120230430278,-0.00010087626893123813,0.0005671180468712067,0.0010990507684228157,0.0002095237952174922,0.0008395527143186254,0.018344547311481607,0.023328971800554654,0.01759013760645206,-0.001602915036755026,0.013205923461728108,-0.001470750898927231,0.0,0.010293624809280144
0.013894553169934376,0.023279972301433638,-0.009946262026648223,0.02646299922388723,0.009133568482761423,0.019188972501338164,0.01678793667174938,0.029450121464482226,-0.0038551306470948066,0.039578233049230416,-0.014267700960013507,0.04706234168397089,0.0,-0.0038765960406573763,0.0018676041320804804,0.025470944526420736,0.04152699257550896,0.02230157038954822,-0.014769550132897602,0.02503824663763321,0.015740391607648285,0.024984860081603777,0.016856015536803326,0.04606371801393361,0.023312923134007846,0.01950140109428916,0.009390832848447717,0.010756656763280248,0.014809768349189567,-0.03681038316655044,0.021544407505043328,0.014260606166843437,0.01559000238313446,0.03362960289067107,0.026007079146144085,-0.0008960349965074776,-0.010642750718054816,0.04294626294629922,0.0071613023513292795,-0.04649949386051838,-0.0035383212383269247,-0.013302925068049476,0.002108071435892922,-0.019170784029535815,-0.0031665737884818967,0.0005549265503241307,0.019033711426288735,-0.00809507352510297,0.0,0.009177190897428078,0.01575363446984146,0.008027647133105997,0.00508887565552002,-0.003381278926531728,0.03439509274282787,-0.0023510458817454505,0.05573335334431484,0.015044658941808897,-0.0013140877335089396,0.012991275927001833,0.021850810112246155,0.0447924139223464,0.029932081530676835,-0.006212298515231751,0.02444243634588139,-0.000945789955126286,0.01259250021597319,0.006402161145845908,0.0009594570442471029,0.028269001077938227,0.01078429746446935,0.016841020027515308,0.012045932761064415,0.011973846119055165,0.0013756532843052227,0.014629641553543238
0.02666546439089429,-0.0009045210157586081,0.006974285685460713,0.02112855130496194,0.04498067422171853,0.01776671624903725,0.026686456323231855,0.0073485131749604915,0.004825067623381973,-0.022444645349993242,0.002342493107185706,0.13037879958616483,-0.0038765960406573763,0.0,0.0006670697529548297,-0.0005763808190721864,8.546223794114738e-05,8.006780289565585e-05,-0.04693659263595351,-0.00025883845946245154,0.021457590380567382,-0.000522852578048183,0.02119557282618023,0.0307001684559548,0.06851183953037338,0.03461209369833812,0.02299972783389037,0.07232008216593627,0.0015890947598543037,-0.0005267093085250529,-0.008010035002352756,-0.061716055994195856,-0.0002946393383255752,-0.0014714194818006288,-0.006836416225983188,0.010019402233332753,0.011439357920407928,0.042894588831855096,0.006178076361530838,0.0,0.0007482845609367295,0.0008395213768957466,0.0044473703681076615,1.8307745537904374e-06,0.0,0.0,0.0,-0.024117124996395067,0.0,-0.003834713503662379,-0.0009609611137296192,-0.0009655847163063669,-0.002402038289383457,0.006477893775573396,0.0,0.002925419361880288,-9.596106617731914e-05,0.0018263912897957812,-0.0022609036002189664,1.1102230246251565e-16,0.0,0.0,0.0,0.019800543639378554,0.0,-1.1102230246251565e-16,0.0,-0.015377002298793019,0.0,0.0,5.551115123125783e-17,0.0020388875427762576,-4.3376475427792105e-05,1.1102230246251565e-16,0.0,5.551115123125783e-17
0.0091963733611099,0.00915114430704489,0.047456774074419394,0.0011792156250959862,-0.0006386952909685495,0.0035963187394579266,0.0007896223971352034,-0.055335172033922575,-0.0024867954620751975,-0.00022970591043652844,0.0,0.060132585049354426,0.0018676041320804804,0.0006670697529548297,0.0,0.025296152216905732,0.0008928227094406327,0.05095234962459161,-1.1102230246251565e-16,-0.01900982133317236,-0.024636938060669356,-0.011766449216994213,-0.05960174955967834,0.030679194567820867,0.04703714985826457,0.008393675257067523,-0.03505894875247034,-0.006701686582539557,0.0132190796264407,-0.0002458213335990722,0.0022856917353157313,0.0032850435782733056,0.02231185177942563,0.010915760307850908,0.021551332357766073,-0.0037180340230021924,-0.002251914357955964,0.00012494063581891535,-0.006559792344199844,0.00303795259753159,-0.004397677812556178,-0.01573648710846348,-0.02652701442927413,0.0006315052378504937,0.0,0.0046892782189066895,-0.014482460982060075,0.0005795611153490698,0.0,0.0,0.009600663589280412,0.023642220565285865,-0.004257720302066226,0.00033332528443413834,-5.551115123125783e-17,0.0,0.00012781563577263233,0.00687867573356904,1.0425947577719086e-05,0.010822144161172942,-0.004974667106190822,-2.998629762512861e-05,0.0040507961130777925,0.0,-0.013035785883523776,0.004650360080607874,0.0007030915445895292,-0.009379015987101336,2.1217301759357543e-05,0.015373218261899968,-0.0023547023513710297,0.004757158404428141,-0.008337471159239274,-0.015467414834200277,0.0009361776591743642,-0.02091954357393616
0.014191645652612994,0.012050805284767818,0.003811725874087679,0.00041369645920430465,0.024160921980739658,0.045058162820647785,0.0274987081487838,0.060121701476203604,0.01498882134490892,0.03788315499882805,8.629604980647798e-05,0.03391692202294572,0.025470944526420736,-0.0005763808190721864,0.025296152216905732,0.0,0.01677680926275532,0.022369487606360983,-0.00017237703254791015,0.0019798646327574,0.016927073391373226,0.007657690685827057,0.019513688279383823,0.039910452436202615,0.03114917981536769,0.013936569999885129,0.026817869699587216,0.01966843041115829,0.026205497753475082,0.022497702152557586,0.03225900943495541,-0.0017019019532427682,0.031893303507985304,0.02439388541082499,0.024163212859376282,-0.00031260616456318946,-0.0006409041290361128,0.0015533100107278375,0.00537418230914577,0.02377734408248966,0.012549300532993024,-0.001665383604559978,-1.3594640158043347e-05,0.0,0.0,0.012929632333132157,0.0012615626425165338,0.0,0.0,0.0,0.023648766139261923,0.0005893500265297114,0.0010746523678061282,0.0,0.057542502708103294,0.0,0.04495820040228177,0.0020498826174939477,0.0,0.0039995335763534645,0.01202041472559906,0.03504853358610366,0.03929053265025678,0.0,0.003741186786349715,0.01702330442580663,0.006100772518919939,0.008100268440558,0.0002293116929028005,0.026623511588446558,0.0029939070428026127,0.0041779631997050926,0.004714916679502024,0.020610029201687696,-1.1102230246251565e-16,0.016908826475887317
0.00246107824766173,0.032108009900645884,-0.008764110393718438,-0.0005714948207764525,0.024584030433054682,0.03919951896233953,0.031084561342699046,4.645388126234273e-05,0.00757557638187939,0.018874835264078127,0.0025770367196818467,0.02678701816653689,0.04152699257550896,8.546223794114738e-05,0.0008928227094406327,0.01677680926275532,0.0,0.005655056882111875,-0.002802141992740037,0.027040699166334836,-0.0026155249587540563,0.04148631610883874,-0.00021594223137644253,0.04569537488191422,0.03040934169280929,0.019656109577383674,0.026480882545776407,0.03303893519939738,0.0456448966408986,0.00033737332273059417,0.04481337799644802,0.009207404551152432,0.027064389029357427,0.021939003582358785,0.02506685481907278,-0.00040210057710204916,-0.0003119882369005955,0.0436591164571159,0.0034677214652878985,0.039408192060681246,0.04790671580388861,0.0011001593324777015,-5.551115123125783e-17,0.0,-0.0001624841498004126,0.0018744101803695457,0.0008457635018245258,0.0,0.0,0.0,0.0,0.0,0.0,0.0,0.05335021709339577,0.0,0.04772672589334298,-0.0004792973132063394,0.0,0.00041746675514597875,0.0026629597506439007,0.045382531175527485,0.04058037871060527,0.0,1.1102230246251565e-16,0.0,-0.000229250527446212,0.0,0.025353880030750453,0.05020607656691084,0.04357615219579136,0.0,-0.0021766657115869226,-8.192902902914856e-05,0.0,0.007827345520459272
0.02547581835782664,0.03141330069718551,-0.0007174182777395233,3.113399206283729e-05,0.029676321135647943,0.04453961741053769,0.023092637892770884,0.051519003621830706,0.021407315760420098,0.02600294472702347,-0.0007394688144004569,0.02433765455019332,0.02230157038954822,8.006780289565585e-05,0.05095234962459161,0.022369487606360983,0.005655056882111875,0.0,-0.00025441844770768274,0.01179314869685305,0.058690458975949045,0.020137379204904604,0.049300887884396405,0.03335655227715145,0.02272879981854503,0.022339309155583242,0.02971467651112547,0.015483530704745951,0.03154770975718896,0.014539419888614513,0.03840329678515075,-0.002134867917552963,0.01602369166094192,0.022380632528625488,0.030496996666792897,-0.0027714485123464527,-0.0005289423114629432,0.03979742646569928,0.031629684213931364,0.04192583990757037,0.04007662723110683,0.04367037994426426,0.0,0.0,0.0021952669097051736,0.019440662949568865,0.014846368777472085,0.0,0.0,0.0,-0.0006255806590922952,-0.0001256988037873219,-0.00045689272813936865,0.0,0.06751086541009477,0.0,0.054850028009182095,-0.0005583769306511388,0.0,0.00024563717959530385,0.031673601272245555,0.05702953159304086,0.04644124023680435,0.0,0.0019198559098980716,0.02880967208719304,0.015007796021906161,0.002442050044788757,0.03069400198803718,0.04858801989811862,0.03942368194234608,0.0008972357318697832,0.002064596848557032,-4.85696969060867e-05,0.0,0.034589435542865477
0.0,0.0013553997946768592,-0.025439008822623232,-0.04718340253765391,-0.03174341911658091,0.021696168785983405,-0.013591459762528124,-0.13131009612510974,-0.0007584415117741217,-0.013250455767067293,-0.04093700258248581,-0.004702533990781299,-0.014769550132897602,-0.04693659263595351,-1.1102230246251565e-16,-0.00017237703254791015,-0.002802141992740037,-0.00025441844770768274,0.0,0.0004582872596477494,-0.00042640497831070157,0.0010527085781640855,-0.05140175643226558,0.01231435402821518,0.008624375204633994,0.007824016457049443,0.001164385408372437,-0.01803870476293956,0.0010239962809741598,0.0013289404241387248,-0.014468312147599083,-0.052139547129682495,0.03689525258436932,-0.018782128255333264,-0.07269137633404227,-0.040543771544987894,-0.028806146548927047,-0.023951797441309153,0.008453387309588278,1.7869447537566252e-05,0.0009421478821267648,-0.0035224186245786937,0.005206889631736267,-0.0020633607951935917,-0.00016010298633284403,0.0,0.0,0.011899084593885223,-5.551115123125783e-17,-0.03948477806279688,-0.0004942303021082672,-0.0012271239592218652,-0.0003367639205206219,-0.1257670212262902,-6.596525652430296e-05,-0.2273344530304672,-0.000351731837435143,-0.003917364471938689,-0.00384049796420044,2.220446049250313e-16,0.0,0.0,0.0,0.0034898002509886616,-7.052501972298897e-05,0.0,8.965029834445692e-05,-0.04558094686649089,0.0,0.0,-5.551115123125783e-17,-0.06608210372805567,-0.0005505109633925365,-0.0012651937197857843,-0.00024313911395568155,0.0012220670084321927
-0.001655892064307829,-0.012236001974509914,-0.0005973683944024422,-0.06164485866473035,-0.0004153579718153,0.009056511798642974,0.030211720286597576,-0.0025917605018637158,0.0015303556236318516,0.004327894302090796,-4.7061358195266134e-05,0.009808031051811994,0.02503824663763321,-0.00025883845946245154,-0.01900982133317236,0.0019798646327574,0.027040699166334836,0.01179314869685305,0.0004582872596477494,0.0,-0.022458163588850888,-0.011506221799382377,-0.017010762443022354,0.015316636996079436,0.013063918735688462,0.005481090870202765,0.005848291510162307,0.02315373545387228,-0.0029851966720352285,0.06463726536468195,-0.006111832190527244,-0.016904333485149914,-0.017369654081920483,-0.01487061648631055,-0.0010391762434004415,-0.0023493060977765046,-0.0158317906411532,0.0047321434298307485,-0.006780096773149058,0.00180632642344003,-0.005206084149082191,-0.008840056941664565,0.03468832126684157,0.002737367158632098,-0.0005227404604307151,-0.002300879352197638,0.0016348510997760135,-0.0013297493657308257,0.0,0.0,0.023833661009450613,0.02733983585192351,-0.008231147841979036,-0.001245829895300532,0.0005909360436480715,1.1102230246251565e-16,-0.00039578937921691537,0.023326979384562407,-1.1102230246251565e-16,-0.01887284595561678,-0.0006107087723922211,2.162613852163542e-05,0.014428759447271067,0.0,-0.010942093483282844,-0.011556619973177473,-0.008648978510150673,-0.00647265309927042,0.0,0.023411080652908145,0.01657222946054754,0.013158985722748484,0.010995757943101758,-0.00465550908912199,-0.003317547332491566,-0.006138259364954268
-0.01363592602509106,0.0094256706322432,0.02021954874850246,0.0008574603829663574,0.02476075631736041,0.01768678054613293,0.027529254555924032,0.011863624633607739,0.03236975089238009,0.0302037076036894,-0.00019027721589509605,0.014025191839767193,0.015740391607648285,0.021457590380567382,-0.024636938060669356,0.016927073391373226,-0.0026155249587540563,0.058690458975949045,-0.00042640497831070157,-0.022458163588850888,0.0,0.004383647156412429,-0.00036836477899165887,-0.016584903071694024,0.0370187593892049,0.011792897831509719,-0.006710335876911555,-0.0022299698816090063,0.011300279632753263,-0.006842045344898184,0.0007021660777918326,-0.012267806326624497,0.03918886170593655,0.0038018025191734472,0.01106269204779542,-0.07518096285867815,-0.001200394531991833,0.03319185436962058,0.005726256425217957,-0.012670519214544929,-0.004996065532319793,-0.004643047346412965,0.0017651083272727242,0.0,0.0,0.0327126528910196,-0.01247662923182613,0.010297521688193978,0.0,0.0,0.04147465191328048,-0.0006693197369244119,-0.07012017568286921,-0.0017584739979097375,-0.0003471416386619519,0.0,0.0012296078937896748,-0.004655212019982924,5.551115123125783e-17,0.027577884217185045,0.009848891901657941,0.0,0.0008256680004726236,0.0,-0.002505453375844402,0.0736551847988956,-0.0012633419674598634,0.01740915871719967,0.0013283693228187121,0.0027506898964210214,0.017630289675772792,0.03035560044990504,0.009377169882943182,0.0012146185498513873,-0.001997329067565501,-0.019415118548136212
0.002131244619412276,-0.008722325248584406,0.013134550898716124,-0.0003344247742446682,0.0130829282407251,0.01962331598804029,0.012984385600324,-0.0013478762059290772,0.016592787587558222,0.01840504027198686,-0.00015609094764962306,0.04365905187136554,0.024984860081603777,-0.000522852578048183,-0.011766449216994213,0.007657690685827057,0.04148631610883874,0.020137379204904604,0.0010527085781640855,-0.011506221799382377,0.004383647156412429,0.0,0.009760796831500773,0.05794566805015455,0.020452184610806112,0.014804449669430675,0.003817405842858279,0.005056476891123318,-0.009495802324301639,0.008292034663004655,-0.0010225335418008186,-0.004615953496732661,-0.006164994997111484,0.0036002646629457735,0.009704526497801458,0.004679391151557466,0.002142328070092625,0.003693791301615068,-0.00951667655213334,0.016424123268384494,-0.002353131100447159,-0.006883916510495136,0.015843154097674672,0.00018531025573415016,-0.0003587134096426081,0.016341007070094893,-0.010920678716770105,0.0008802765896164799,-5.733100750249243e-06,-0.0001471200462510036,0.018479415831374524,0.022297925690325238,0.03318118780058832,0.04104839967753371,-0.0012843881953779612,0.0,0.0002621206983302593,0.002380065439175183,0.0,0.0009104221432450488,0.012192370989692669,-0.0005258721096030872,0.017090835115021963,0.0,-0.006770530345246939,0.012862331979540675,0.0026801407681926737,0.0011951251702659316,0.0011771004971649623,0.01654892285260723,0.00585191177301192,0.022300180566532435,0.004154002735240192,0.002107041283935851,0.000800327441309201,0.0023395964521074064
-0.0058066457718622955,0.025510655040494656,-0.03857152263570374,-0.01897042175396446,0.01384750750728203,0.0210511136680111,0.005821981822869138,-0.006409721381507916,0.0021439902324549287,0.030390485146895574,-0.07594664505481227,0.0488140709537368,0.016856015536803326,0.02119557282618023,-0.05960174955967834,0.019513688279383823,-0.00021594223137644253,0.049300887884396405,-0.05140175643226558,-0.017010762443022354,-0.00036836477899165887,0.009760796831500773,0.0,0.005387738009758947,0.04621888671814567,0.013883136164699827,0.004937739025112686,0.014748467897663153,0.019041188563792666,0.01819627670228996,0.01293244196598814,-0.002662800519345365,0.032093178665435484,0.009519947567424414,0.011749685116072217,-0.009839355179979303,0.015156770475198866,0.016109634211149082,0.0031086987650510434,0.0009699653285729637,0.0063713763743470375,0.008561078707633785,-0.005061217570192067,0.020378462694790767,-0.0006964284919833696,0.004109048559470252,-0.0001586569961266604,-0.1588931094181068,0.013486878421616444,0.011157089443106005,0.01585107609476233,0.009887696931708101,0.001957292356572271,-0.04402750342652051,0.0016369283857444183,-0.10370266700491165,-0.0023020499420986495,0.011356658602791891,-0.03526510646449399,-0.01722488360915614,0.005273437146138815,-5.260797366629655e-05,0.000881834782587132,-0.29391616148644273,-0.0004746585050904861,-0.01738498808128308,-0.014635179898239148,-0.018523813443591775,-0.0007306505010936659,0.015025361511613988,0.0002484304829022399,0.012360274679413141,0.010425290991831204,0.0008080098466071717,-0.004537140503609649,-0.013544096079584789
-0.017271915422312045,0.03739085631908823,0.045815426485864064,-0.0031789109099230606,0.030702781582410965,0.012891921968090525,0.03765840003174381,0.011150371442984586,0.012766493876965768,0.004034164647036098,0.008393363047508096,0.010617594920493134,0.04606371801393361,0.0307001684559548,0.030679194567820867,0.039910452436202615,0.04569537488191422,0.03335655227715145,0.01231435402821518,0.015316636996079436,-0.016584903071694024,0.05794566805015455,0.005387738009758947,0.0,0.025676627431797883,0.019414577126391608,-0.010103425115295661,0.03792605480023953,0.007989237944461991,0.0005106623564760104,0.036385363876616506,0.039187346372199894,0.024990452652084216,0.018090452454390282,0.05896244856906119,0.04374712638729483,0.0004601801566941899,0.003662436601062219,0.07807499042857274,0.014201170530107443,-0.00956748605870511,0.00965200544885203,0.0013594889095427387,-0.0004891798732264974,0.006142476369792926,-0.050149992007772926,-0.0014862690623490549,0.0,-5.551115123125783e-17,0.00020779185808406098,0.0004044157655158642,4.465074784348877e-05,-1.6653345369377348e-16,-0.0007467251206698666,0.051642709945040555,-0.00018767238051936586,0.01825562149547616,4.933620935121397e-07,0.0,0.0006216562643293067,0.013736775905549392,0.03282416416918843,0.027412785170857157,-2.5322052126131034e-05,0.0006531228741282757,0.0012028127109445785,-0.0008369791336129695,0.0008305886394993633,0.019205453921735505,0.03164950704616676,0.015066266736762646,0.0012229470469226622,0.003990931128938946,-0.0007919472178111731,0.0,0.002563356041078213
0.02626341459017889,0.024575020579801043,0.0075395752164666985,0.0004604699481516872,0.020482284188020117,0.035200778831237234,0.013823735287241623,0.04775218414550253,0.03837937877097264,0.012777289876215903,0.006598997679290841,0.0056789427397990755,0.023312923134007846,0.06851183953037338,0.04703714985826457,0.03114917981536769,0.03040934169280929,0.02272879981854503,0.008624375204633994,0.013063918735688462,0.0370187593892049,0.020452184610806112,0.04621888671814567,0.025676627431797883,0.0,0.008794531744136358,0.02701919257564639,0.019867086395540856,0.028251796428763354,0.02807541276517772,0.03776035289717056,0.002441111569187082,0.025663205266897637,0.02109777638643151,0.03310303454063446,-0.01579728093013305,0.00029493746846709357,0.04096641975266868,0.019113175495606094,0.032884285728762286,0.02882566297735145,0.022452938967233493,-0.0010967308366740536,-5.551115123125783e-17,0.003960176776193314,0.02386890359937016,0.012425637850149496,5.551115123125783e-17,0.0,2.220446049250313e-16,0.030629019607067764,0.0007834615407413814,0.001556460365568002,0.0003215611025019216,0.046322291491139644,-6.69208780345043e-05,0.03678121392465783,0.016665045767845554,0.0,0.0030827462902630054,0.021252885978694458,0.04816494089899914,0.04258045170905589,0.0,0.03340800658185422,0.029582799146340044,0.022459168115168793,0.00900650041759432,0.03031087330647758,0.04060240150063871,0.030603455775031874,0.033750858059611755,0.0012003949533218594,0.0264660886310773,0.0,0.01953608528848333
0.0029168196918853972,-0.009537528908814541,0.02259594206028137,0.00253703793622162,0.025711150303691477,0.030546658448543595,0.019464112537229628,0.020715244313869174,0.03340712973943932,0.00758073454633168,0.0012580254714331662,-0.009114671103888028,0.01950140109428916,0.03461209369833812,0.008393675257067523,0.013936569999885129,0.019656109577383674,0.022339309155583242,0.007824016457049443,0.005481090870202765,0.011792897831509719,0.014804449669430675,0.013883136164699827,0.019414577126391608,0.008794531744136358,0.0,0.004869087281700324,0.013171063431801633,0.022383421357978717,0.019857733661808208,0.019658634289805743,-0.0018419546759714245,0.018193763289682696,0.017800414672883957,0.0317825830007214,0.04625462363372457,-0.020108506367619072,0.011212264561595686,0.01242894797051075,0.020524476081510923,0.018617943515263913,0.024358946679092608,-0.002686318865333215,7.153842054086201e-05,0.005052582598717714,0.022287906921456768,-0.0044728143883355775,0.0023774408464919405,0.0,-3.3616689589566207e-05,0.01064877223451638,0.016589297410678938,0.027748515297952747,-0.00023118695960505642,0.02715644150577312,0.0,0.016550780395506892,0.028253342361042988,0.0,0.01470473560886043,0.011376560574244576,0.03342548533106504,0.03484330637700456,0.0,0.011107981615155194,0.030996527536282015,0.00573007569567946,0.021749767534708864,0.012140277143581846,0.03068139050873392,0.017234507112444175,0.013537138570764884,0.004261079597950412,0.014278003038357079,-0.00017978587282696523,0.013453972080923304
