0.0,-0.1139565671684305,0.3633499782406282,0.0,0.4104127145434767,0.1273773594029164,0.0831389918543442,0.6251494178043966,0.4515343895766881,0.2283397323241279,0.4616961663655911,0.26170824199444,0.1218635589719855,0.5223806076606852,0.2826031536859377,0.02125519124611902,0.06385987165506371,0.12887126987237352,0.0,0.10851532072322795,0.5011663301438036,-0.1209186391396399,0.31838523216294357,0.4822398907283284,-0.01364750939226339,0.25117969410546326,0.3623902697259165,0.06402630052179789,0.3151336624725454,0.46734721752644925,0.060788700512504956,0.39473134432418144,-0.009453455798266508,-0.09166548892811238,0.06676314882995685,0.6465413879407406,0.4890725803469087,0.24199897478726579,0.3915548229002921,0.12320917630603473,-0.0817752197361859,-0.258560829533843,0.46368164762366815,0.0,0.4373682705075773,0.422953491512454,-0.11029971713100006,0.0,0.0,0.0,0.48950423664290565,0.0,0.5658248915737732,0.0,0.49724236667201094,0.0,0.5245999782440045,0.7011039238101153,0.0,0.5727243431153453,0.019593523580554995,0.2743001615984275,0.1175505230175743,0.0,0.4505229201797767,0.6341390908041169,-0.14657431700855228,0.5937342973829418,0.4511385220425599,0.18781752470693347,0.05888750345216065,0.43035477684499246,0.39160486207830403,-0.18936979927986736,0.0,0.46592241514681443
-0.1139565671684305,0.0,0.1867296393743446,0.34530226820975135,0.1785343653852035,-0.006811380385396859,0.11203598091201944,0.4697817721890977,0.05877302951136093,0.019299772784931696,0.3209460842539653,0.4196326664682244,0.10735221514862509,0.5185246695192832,0.1122973214348229,-0.05005837959079079,-0.02313076365531458,0.11756916279466167,0.643846663402916,-0.18710491856985711,0.2248533606977167,0.23722194157388654,0.09748636779530062,0.01028939366929743,0.059204498982304704,-0.051450461886680454,-0.0887597614431141,0.08493130786343575,-0.15682919640507537,0.41037485106763266,-0.03490947686499524,0.21579545023638347,-0.1470109821550172,-0.10788611579888213,0.09557730971695333,0.4453604367357317,0.2277808513065695,0.0,0.17044423572343123,0.07490476432684096,-0.03910029163249562,0.02814568269900941,0.6431924034605803,0.0,0.0,-0.1696914874748553,-0.0816618670287439,0.05224815632794726,0.0,0.0,0.600629408593083,0.6340152916570008,0.5733192497492708,0.5613520233275177,0.5990582821463936,0.0,0.43885442867049324,0.6623578103438692,0.0,-0.02495227496580782,-0.037469738999298285,0.6079510119736022,0.035535264965540214,0.0,-0.09263326348245038,0.3507402243029115,0.11848491907363073,0.020209579922986165,0.43228151391156405,0.04697358125979906,-0.04627313160606866,-0.05916423609096755,0.6155909643543744,0.5689193754671662,0.0,-0.1780167303884574
0.3633499782406282,0.1867296393743446,0.0,0.5481154146274511,0.294894147401182,0.24232932905784277,0.25649583426217193,0.4678560427759783,0.2338893510076675,0.11218844053735774,0.4413742459214264,0.5342708058128155,0.3459476704512997,0.43628249957225385,0.32991169221028327,0.4487118004040123,0.6421656879569395,0.5106630237307604,0.20544125694953852,0.3935899326294143,0.33117212719974,0.56937088975724,0.6039890223858966,0.40049137942952345,0.49306373990246627,0.08984520544959712,0.1344779909395028,0.3660192229780825,0.5616110216861615,0.45852464814668853,0.37470444358247723,0.44600138561674085,0.5039312958012028,0.34967661591003685,0.2616561240697426,0.3026709775069182,0.12634316295353692,0.500987613858019,0.19166643411915657,0.4969065155032442,0.23403763432326666,0.5670813435263483,0.23447058666658618,0.676684586013004,0.0,0.0,0.20719064777863602,0.6011060279139205,0.4822711086304933,0.41530969676954066,0.26813667190169865,0.34144438228509744,0.2534790554598849,0.579930917512063,0.37665760102992174,0.7439711246868945,0.4742414356998984,0.3370082504290275,0.24105105116189077,0.2462541145332744,0.0,0.0,0.0,0.8298057469365461,0.6446937465771456,0.4520869152989416,0.09988439630073867,0.41355367940511617,0.0,0.630187093274064,0.3472838150817527,0.4892845018803533,0.29647837035402785,0.6123811993031549,0.700855806368399,0.04985594452326636
0.0,0.34530226820975135,0.5481154146274511,0.0,0.5553237991701605,0.2778566538004458,0.3721773987909027,0.40311834398183977,0.2633831905974401,0.26897404254263996,0.18835002246899318,0.34014410729570355,0.19652516395799802,0.7862723491472012,0.5868206837638227,0.08051733188451994,0.5755687622299263,0.46397875448651077,0.3901373499894542,0.5906349622530984,0.39668357449916086,0.5234293363889099,0.18549889671262298,0.25356929394177685,0.8766135562547044,0.5996377549540655,0.25503650283089735,0.19229521086514817,0.4538259536265508,0.505939721943715,0.48074058347331805,0.23818817362508268,0.1689156973311949,0.15329941261178745,-0.02454834967661812,0.43572044131195403,0.08789406800150754,0.2356507989915678,0.18218477732470278,0.311767105873205,0.38545078369572866,0.2943838557050721,0.24353483062680303,0.24221681895925246,0.0,0.0,0.0,0.40765869482942685,0.0,0.0,0.5910361316466488,0.0,0.46277866471617046,-0.0007697079980244943,0.0,0.18210919640673495,0.48872219178886334,0.45471425661898524,0.0,0.0,0.0,0.0,0.0,0.0,0.0,0.0,0.4842073569147853,0.6035310777405363,0.0,0.0,0.0,0.5167740524399188,0.54597164683607,0.5837689561506516,0.0,0.0
0.4104127145434767,0.1785343653852035,0.294894147401182,0.5553237991701605,0.0,0.11188641863020601,0.22882921536954465,0.485252134592993,0.1448708960632855,0.39514126662939963,0.2889647355332642,0.37669932879399903,0.44927149222148677,0.4319778694831648,0.4932880062259307,0.3073434436360335,0.2963533976963034,0.18544751267754347,0.14646752148848266,0.5495227718876623,0.5168992160113987,0.2170276239818198,0.3509638950904603,0.3561606762865419,0.07396810390310493,-0.15583664620983556,0.2642887251598697,0.3291033843851594,0.20115500581741855,0.2573606792211245,0.3612128082805922,0.545018144039675,0.4880785771619437,0.3717830183015345,0.4088731099888297,0.44772364576738843,0.5185174301173043,0.33182155352981446,0.26829051172139307,0.7002006988755228,0.5453906981662685,-0.0010784963230978106,0.23135368086953167,0.6538713954378281,0.26643581351978873,0.0,0.42515262329128967,0.4772211353911684,0.0,0.5448016530787224,0.38448629279998525,0.39939560317762113,0.2457726900774888,0.4224952162089339,0.0,0.6113881769673417,0.3622437937102093,0.41744644021583965,0.31408612128129076,0.25871916452489757,0.45626966872431596,0.0,0.0,0.6887109995755574,0.3259512769389161,0.4921368614584179,0.3508842532867151,0.42729694255840683,0.0,0.4983367144164498,0.5728958392792466,0.3867848869881444,0.35914382917615706,0.17650607692257653,0.0,0.25942503101690717
0.1273773594029164,-0.006811380385396859,0.24232932905784277,0.2778566538004458,0.11188641863020601,0.0,0.17984213364780094,0.23708540612009543,0.15700557502413948,0.38745297670912476,0.45508675619179306,0.6893026084660816,0.3755200715097511,0.4964644218024241,0.13065477743206466,0.0680084203120063,0.5147676811212889,0.16676961856316302,0.3496082330117044,-0.008099079141495824,0.2812893491617279,0.05807019818646669,0.407223420788021,0.39643055402248073,-0.035223697119780184,0.027069128509320806,0.14429031633820644,0.2726696323654384,0.01919685593641629,0.4095563545728911,0.4964791444540747,0.4129755087278734,0.22162376499753478,0.4221147516786551,0.44880129028585175,0.5092126941601987,0.2879382453484479,0.2519236298471986,0.33288237132440024,0.327615675605188,0.2707916124661822,0.4052345656294493,0.07269891905533826,0.5430656522223609,0.19705828397727154,0.6297587621591447,-0.007469573499942039,0.34089790157035044,0.5628444351969182,0.20045220243341164,0.23017697543495275,0.22509060495714095,0.18688096927921288,0.3015882090183283,0.7137547282621182,0.2368029188618573,0.3324055703247337,0.23402237026117606,0.44275103239438407,0.03698804358860858,-0.05014741347009982,0.0,0.523616559262938,0.37611075712717157,-0.03599517186665102,0.19272305017289107,0.1152514868912082,0.2418557988107255,0.5820558686046757,-0.023006528736164267,0.039080062475101596,0.22311715293346251,0.2084537997193211,0.13505342799882739,0.1420428231919189,0.18327808910582283
0.0831389918543442,0.11203598091201944,0.25649583426217193,0.3721773987909027,0.22882921536954465,0.17984213364780094,0.0,0.34025495626630353,0.19502238263858096,0.23741243198364942,0.29231782350011204,0.18942172873977697,0.35006331466420476,0.22109499526723922,0.5172958545168722,0.25443762639023015,0.09016340691309899,0.10316391254228213,0.3229486189951014,0.2459214789590748,0.28372449288349183,0.2539530465402276,0.3268532763342903,0.531767142099635,0.08319288120750179,0.10197461866265228,0.18275817969778949,-0.020369546860250165,0.23342774323506726,0.3134020477831223,0.2857378034751157,0.39792510068481846,0.2537864961385946,0.25696961651979533,0.04547176580736759,0.15729681489657904,0.30122092229181496,0.4305008165719588,0.49390264111306287,0.43805740625366657,0.4984791382714592,0.49506094560700065,0.0764972442053038,0.8447053432384739,0.3501080831026768,0.0,0.6042690628227614,0.3286190986282696,0.0,0.3121719331860607,0.2920496127835753,0.3170253738531513,0.24571362612376557,0.3978375528789828,0.5861556313901211,0.4810396510865869,0.4297266521559506,0.25565564151071496,0.15924385014117146,0.3299641748469358,0.5997462643212085,0.0,0.544828391312532,0.4642568847720111,0.6187514049284625,-0.0075747908541404785,0.6170075699072544,0.30059120642351556,0.4682261837729946,0.6143582038893961,0.5578080398810688,0.2661794709587045,0.2888273683307709,0.20490532709847525,0.7796931334927109,0.180728572206952
0.6251494178043966,0.4697817721890977,0.4678560427759783,0.40311834398183977,0.485252134592993,0.23708540612009543,0.34025495626630353,0.0,0.34273325818422146,0.4917100185379759,0.0992588028636581,0.6237703769847076,0.3737584061135497,0.3448147626037669,-0.15825162833993378,0.4730455878710548,0.26862700885601887,0.4807157880465749,0.37193878259353874,0.11234515662228184,0.5295050018526309,0.24498884092590517,0.2641733834168546,0.3654203544659204,0.45830421160451684,0.4878175476615943,0.35384665578157737,0.23743003700417692,0.09465381277101881,0.2029267434651027,0.25956927397846197,0.2977281281409424,0.5011479895997336,0.26902830379852916,0.2591861038614327,0.31973949278519265,-0.0914981102232525,0.5771540861403339,-0.24894352592807573,0.41027009413688176,-0.02949804113424001,0.025634868876869443,-0.06371667550909715,0.4451648328863688,0.0,0.5490661589018535,0.3276036434732881,0.260762415979478,0.0,0.39120400079076506,0.08997119637485484,0.15186014477153714,0.05755127165515561,0.07391088992332684,0.8197608602934165,0.1263058731152638,0.9661663937177778,0.20258432613301638,0.05753501485811746,0.6139820928216659,0.3770351949265889,0.0,0.6492841913451894,0.30567031352459506,0.6669945353995029,0.6200627878454149,0.4589291454590567,0.2780945630544722,0.0,0.47393314631343586,0.3857431898697693,0.23015225265424283,0.21483930702965015,0.14843829801470254,0.5294001755959387,0.14631496770890878
0.4515343895766881,0.05877302951136093,0.2338893510076675,0.2633831905974401,0.1448708960632855,0.15700557502413948,0.19502238263858096,0.34273325818422146,0.0,0.24896129765052283,0.0056938701680329384,0.322945026920045,0.38677567642915306,0.2255329730956805,0.6345075626169341,0.2784239763783174,0.04553494545414394,0.3931074516733846,0.08515926523544823,0.27526924943414716,0.3328623909400398,0.3019801797652354,0.3734608066807409,0.2767857694144682,0.07284054077657381,0.031190143819313898,0.1897064293417689,0.31299921210047,0.31312858297155255,0.42051197125910433,0.3154187313080633,0.41180890657020514,0.14001037814950873,0.3230292464770992,0.33158786833182075,0.29228905465176425,0.25903306613394705,0.24104364972619624,0.33473346801112347,0.5334873287307487,0.3778863226791188,0.3284313946464368,0.11244598888912621,0.41785859273518916,0.2852312657556282,0.0,0.5167663812021996,0.4043723953988806,0.48154250241163676,0.4083934120733567,0.2596359661431153,0.3990219163243707,0.1763851174744855,0.32717465543896435,0.21773579730227932,0.4490532719103109,0.4704438832673561,0.1773218449408312,0.2736622630221962,0.4354964680807324,0.6872509923445804,0.0,0.0,0.4752855992017348,0.6090241529841647,0.6857296653090292,0.5712107443109307,0.33514903114856864,0.3290702011586231,0.5632990985978188,0.27278633980490863,0.34742740694183283,0.21357627255501987,0.1744688578694628,0.4967478639479008,0.3029314596811607
0.2283397323241279,0.019299772784931696,0.11218844053735774,0.26897404254263996,0.39514126662939963,0.38745297670912476,0.23741243198364942,0.4917100185379759,0.24896129765052283,0.0,0.23683709396425198,0.16357337820798212,0.16034547298178498,0.5888330460718039,0.4752657142542669,0.2833943592432722,0.23611378019521817,0.12529666233357029,0.17220261374770923,0.4207213160552973,0.6462946077529174,0.4500865943162333,0.1913604990307053,0.08022797165059434,0.34787545039155765,0.12010139168702078,0.27396303930976934,0.18652543727885773,0.4477583411413245,0.408245298595595,0.19201517409569735,0.3628555533070956,-0.08668316939225285,0.11828219184799005,0.11935743705175797,0.2644787667499685,0.2706386195001963,0.33165303077166086,0.6396510856181472,-0.008910885722692274,0.2834863389963145,0.26579891560512253,0.3196347298882942,0.33539794536446155,0.3204286360843468,0.605744939568991,0.485631572073596,0.16491197621279438,0.49300825519603886,0.45563298131493907,0.5214997659568973,-0.09267219992243819,0.5680129407227672,0.22519356703762933,-0.12809617570989923,-0.019631006589612865,-0.07341068847665444,0.15288381615605023,0.0,0.9080130480938629,-0.10912406763245691,-0.19261080626080596,-0.11945063715008059,0.4781144481452469,0.4709769992667445,0.5578348584121294,0.3290773284944195,0.56969438947716,-0.11360723343672297,-0.2317131492168808,-0.21017673388871522,0.582442286014719,0.23479781812800204,0.39705519684203544,0.0,0.08183999454953356
0.4616961663655911,0.3209460842539653,0.4413742459214264,0.18835002246899318,0.2889647355332642,0.45508675619179306,0.29231782350011204,0.0992588028636581,0.0056938701680329384,0.23683709396425198,0.0,0.20708917468800792,0.2746746714004347,0.3446749553309637,0.0,0.5207873231816229,0.01767561570920062,0.11246881016743321,0.41899657283673386,0.45460167347574143,0.544644061293874,0.3900087631239696,0.6481949811965123,0.2183961072910402,0.5937600853594329,0.07744500112257979,0.18298819620200835,0.17879883325506635,0.37829114597586955,-0.5152690605084828,0.18028557920417845,0.3805342478493751,0.29025083624780923,0.25767334510416007,0.18719896598219954,0.3722042616361918,0.19615611770476793,0.20374155532048377,-0.1331328541665135,0.5502065932538918,0.5337295180555538,0.48546685866084976,-0.028834330872896496,0.5690670781200564,0.194453617802016,0.0,0.0,0.6720821584551631,0.4715002333158267,0.5853675129703984,0.27701895869755006,0.5725368697030686,0.015150314965036105,0.6077599023300766,0.506385801035777,0.5535005478649516,0.4181217569866712,0.5513217453015253,-0.02006625297867015,0.0,0.0,0.0,0.0,0.9242766781119041,0.3616495877051139,0.0,0.6745234897803616,0.23767692362540815,0.0,0.0,0.9571096453571486,0.46056262744031545,0.5562251368474065,0.3587599573963577,0.0,0.5586667287133416
0.26170824199444,0.4196326664682244,0.5342708058128155,0.34014410729570355,0.37669932879399903,0.6893026084660816,0.18942172873977697,0.6237703769847076,0.322945026920045,0.16357337820798212,0.20708917468800792,0.0,0.287638748852888,0.6292811270802959,0.40630230890978336,0.6164507793614922,0.02106048751204731,0.14198366571025106,0.3766920697605113,0.5401959605254474,0.5953238551646278,0.4508361635361181,0.4635108944262233,0.05898289454615599,0.09360804645454335,0.1788080929971146,0.541650450457839,0.37177118670520004,0.6259071342931495,0.30248276264122403,0.05758060186584152,0.32667072236778216,0.34448628245446566,0.5219576771086144,0.6471413613361168,0.3241570850399826,0.6059251459620878,0.3804348091420085,0.8877761948223888,0.07961852000493455,0.37716600149233936,0.40886271626291815,0.4292759083810967,0.46468426373960325,0.37807407787826475,0.4598038847268352,0.5647367309433466,0.2821064286411553,0.19289700146676764,0.2955723176042655,0.3312258127973023,0.5018780453956823,0.23238958786938946,0.4254773122184493,-0.16274567944475504,0.24881240750622602,0.11974176940343867,0.20287669596439803,0.7196521822684258,0.6412968514775291,0.5383744399548954,-0.22103182839694357,-0.0925796948712092,0.33593314098254723,0.769738625604135,0.7732950206964682,0.4001088862189779,0.5137325441955787,-0.10069111827524119,-0.2603341044739295,-0.18729929415314817,0.3378362938357,0.4496343482730485,0.5312803499483942,0.0,0.16423442811675795
0.1218635589719855,0.10735221514862509,0.3459476704512997,0.19652516395799802,0.44927149222148677,0.3755200715097511,0.35006331466420476,0.3737584061135497,0.38677567642915306,0.16034547298178498,0.2746746714004347,0.287638748852888,0.0,0.29890880239106277,0.2944176272322435,0.2749990291009265,0.09734991689964759,0.17398691618078685,0.37581779701584644,0.33548424101225266,0.3315183328123098,0.28454205678522,0.3996715173841153,0.18700961345349268,0.07950787135861245,0.10271818469687177,0.3237069262287483,0.36893414420123216,0.37574779436952926,0.5702563812220496,0.1960061721280091,0.4023106924525058,0.3357828230255431,0.2379294717743748,0.15525309315559754,0.3141157162181043,0.25223213616588314,0.26152122986460835,0.576089933026503,0.41643134706918816,0.6954225497104416,0.6864563274275234,0.08620664367875125,0.37626540902763617,0.44041955270043665,0.21257417427381037,0.18777852948190438,0.38214986017745073,0.0,0.31549245989039987,0.2839658195046965,0.3273216013488923,0.28315733121909303,0.41270077457815546,0.5634215130704658,0.3144940030934191,0.5141226822744824,0.3600105421062303,0.41398847251508786,0.26295692160297546,-0.08171523109436957,0.4013856929571359,0.0638126474469779,0.4147255524669758,0.1969363908298097,0.26914953371490524,0.22177504445807558,0.3072766510671076,0.4943673824694008,0.021323610659387537,-0.03599634446162714,0.28491106542094724,0.3650042238306733,0.24968261091095728,0.1408648947154897,0.3222865877254498
0.5223806076606852,0.5185246695192832,0.43628249957225385,0.7862723491472012,0.4319778694831648,0.4964644218024241,0.22109499526723922,0.3448147626037669,0.2255329730956805,0.5888330460718039,0.3446749553309637,0.6292811270802959,0.29890880239106277,0.0,0.49107025406018384,0.5620783600687428,0.49171681626416697,0.48010762398349016,0.4202594377842596,0.3768223583817524,0.4938434550270263,0.26913081367167874,0.29121979357658667,0.676474934906234,0.4889576604710608,0.5028862113313581,0.3813301548566066,0.3619013763407907,0.37821252147869483,0.8254996863185244,0.10359912340375049,0.22058785717776153,0.23784205884376783,0.4695427936713018,0.4259209929121698,0.31133768623444397,0.117555615442863,0.3997919315811719,-0.03605382503335408,0.0,0.7071611330383987,0.8521658538601915,-0.14283324933286135,0.48152959511732735,0.0,0.0,0.0,0.01324380167262823,0.0,0.4967547548824175,0.44770939812197086,0.40872546454965974,-0.09842641930452894,-0.12565823615945781,0.0,-0.05520246507155924,0.405360700711695,0.7477101609179249,-0.04026171531738654,0.0,0.0,0.0,0.0,0.3413773035044384,0.0,0.0,0.0,-0.07477032301881997,0.0,0.0,0.0,0.12932248812358932,0.759216700926683,0.0,0.0,0.0
0.2826031536859377,0.1122973214348229,0.32991169221028327,0.5868206837638227,0.4932880062259307,0.13065477743206466,0.5172958545168722,-0.15825162833993378,0.6345075626169341,0.4752657142542669,0.0,0.40630230890978336,0.2944176272322435,0.49107025406018384,0.0,0.01988565628613087,0.4158005863479368,0.1003343393040394,0.0,0.06525630444766406,0.27991634193893855,0.0401630268614,0.09375703945398056,0.19217616921081218,0.09328551246888261,0.29722570455678166,0.1465380382747743,0.1157506482221699,-0.01080840401758898,0.45987794032302415,0.18083653253290816,0.278455190360121,0.2747559736442183,0.22047168687465424,0.2891312496494745,0.6642731046282613,0.469654863772648,0.37646051752473375,0.0827679816673749,0.06239011335912942,-0.016860304307835028,0.09384742587980016,0.5216006208755144,0.6001706224474856,0.0,0.5902566770146556,0.16207388693346192,0.4782545762070961,0.0,0.0,0.46681834129379096,0.7150304355371713,0.5927620515851828,0.5609806868928655,0.0,0.0,0.6933309140873977,0.5914226236484796,0.4743580281377088,0.20003243371125556,0.10186194452650404,0.6322865154655269,0.7350805854448024,0.0,0.03458080050355389,0.24639847378731258,0.08979705858109982,0.45623290662513183,0.4551753731153686,-0.1133314075118595,0.18749918429692689,0.17833487944579912,0.08521811719549599,0.001244426606106186,0.5346997171692887,-0.07373601384294448
0.02125519124611902,-0.05005837959079079,0.4487118004040123,0.08051733188451994,0.3073434436360335,0.0680084203120063,0.25443762639023015,0.4730455878710548,0.2784239763783174,0.2833943592432722,0.5207873231816229,0.6164507793614922,0.2749990291009265,0.5620783600687428,0.01988565628613087,0.0,0.16686029597756644,0.5847861168797885,0.4535330847639228,0.09220609451084136,0.08055494592625612,-0.004758849595726866,0.2137011967327122,0.13206811917245898,0.21070997069217928,-0.08142044238485907,0.08870883369970839,0.1641124030370806,0.07715425408261475,0.1673947636160179,0.17248285587624335,0.40474998555995934,0.05674222805014778,-0.10687661523919206,0.1430746969201356,0.6666888742494572,0.39724908948367665,0.6131366320883072,0.2351985641537014,0.10224493018262168,-0.056429617985502944,0.12770554430130532,0.4652790249127863,0.0,0.0,-0.14805825199512362,0.0121234565796704,0.0,0.0,0.0,0.575439875069077,0.6013583694851544,0.8070790377848824,0.0,0.5360590064638708,0.0,0.4487212445209068,0.6274594305170453,0.0,-0.10494432647543245,0.14278329675973733,0.5398382662137926,0.297422597072486,0.0,0.09105660290063336,0.16269448659663183,-0.06651380417320274,0.5682269671504209,0.4124102695892835,0.3249458505842375,0.09725040700146581,0.6113178145706117,0.6169730554834506,0.24914196505906594,0.0,-0.16523659439707145
0.06385987165506371,-0.02313076365531458,0.6421656879569395,0.5755687622299263,0.2963533976963034,0.5147676811212889,0.09016340691309899,0.26862700885601887,0.04553494545414394,0.23611378019521817,0.01767561570920062,0.02106048751204731,0.09734991689964759,0.49171681626416697,0.4158005863479368,0.16686029597756644,0.0,0.2919469729742977,0.19005362748841864,0.03964997267571571,0.3531065868215473,0.2189494411424368,0.10417005205849453,0.13361862291694038,0.4912147660032098,0.09709585432207113,0.5444887235333917,0.4552514123005049,0.021952638234776334,0.26008713897272806,0.02876545492662458,0.29053662641977607,0.09418966229255293,0.04466239686427037,0.05801772744859729,0.5961682262731925,0.24392958273526946,0.042506720712826185,0.5358209451354147,0.2793751607384855,0.07946031901338255,0.08869320752684123,0.0,0.0,0.46424398162618763,0.06310876101106055,0.5491966256453704,0.0,0.0,0.0,0.0,0.0,0.0,0.0,-0.09304427515981933,0.0,-0.09252508279865618,0.3094021977919413,0.0,0.7857993203600235,0.04353414969359537,-0.0007697099457761869,0.06971255164408591,0.0,0.0,0.0,0.5393905067162819,0.0,0.08112072995436673,0.11522481372144244,0.06719696706328471,0.0,0.30275646229401537,-0.3058763422722457,0.0,0.1365791888776075
0.12887126987237352,0.11756916279466167,0.5106630237307604,0.46397875448651077,0.18544751267754347,0.16676961856316302,0.10316391254228213,0.4807157880465749,0.3931074516733846,0.12529666233357029,0.11246881016743321,0.14198366571025106,0.17398691618078685,0.48010762398349016,0.1003343393040394,0.5847861168797885,0.2919469729742977,0.0,0.5053135926506994,0.11600569583006742,0.4636550031753271,0.13907621512535048,0.42665366051439835,0.09128011608043418,0.26408314149226064,0.06551563235045754,0.17434816904040296,0.057486527032109214,0.13230829922642046,0.08064889960081212,0.005186795459189819,0.22547604550364855,0.06923116820110481,0.036494492551887525,0.028322769712691237,0.6038165689860948,0.2585662412193948,0.2324935696172819,0.4884641094935932,0.23954919483620746,0.15283683096679215,0.2643298826429297,0.0,0.0,0.5732001431868461,0.11569636314659948,0.27932323806914144,0.0,0.0,0.0,0.0017856309961091776,0.5729299593236314,0.8469079372767676,0.0,0.2487945208857785,0.0,0.10805907731860559,-0.26234934248939307,0.0,-0.3361973648951823,0.25643418214392755,0.24780996725470766,0.173303076970747,0.0,-0.04396059550697817,0.03191612587928461,0.022456898080822907,-0.4215261956624457,0.14993894724203158,0.20269052745170046,0.14439461310291174,-0.08684042564303163,-0.18534561650427112,-0.010296494789035104,0.0,0.1912905514019092
0.0,0.643846663402916,0.20544125694953852,0.3901373499894542,0.14646752148848266,0.3496082330117044,0.3229486189951014,0.37193878259353874,0.08515926523544823,0.17220261374770923,0.41899657283673386,0.3766920697605113,0.37581779701584644,0.4202594377842596,0.0,0.4535330847639228,0.19005362748841864,0.5053135926506994,0.0,0.556108733608846,0.4431457023979838,0.6957692096121414,0.5430964640171527,0.12155056329299463,0.5293014579398752,0.1660259192055912,-0.17474949977102527,0.3246012197961632,0.5697504928504767,0.18623421733364312,0.3435498418377959,0.47115241787083073,0.5193020225152668,0.345641984593147,0.2367209293783671,0.3967953291407139,0.2457882505539825,0.20511221300484828,0.30245297174202435,0.4013709841852825,0.44023536168740407,0.22619604940696802,0.4255950792916027,0.34640505561235724,0.40749663317871854,0.0,0.0,0.4293588225573786,0.0,0.4283362085062677,0.321836306219496,0.3232771205045055,0.3104551144657226,0.5026148120298313,0.9345086487808132,0.6836853738476028,0.5688830954048261,0.18028376226627535,-0.15522422933123597,0.0,0.0,0.0,0.0,0.7641105907307946,0.4765693875142483,0.0,0.49427754941770075,0.49865881601845213,0.0,0.0,0.0,0.5371871508579258,0.5938289558762733,0.4674221595708483,0.47512572989878377,0.2783714352349472
0.10851532072322795,-0.18710491856985711,0.3935899326294143,0.5906349622530984,0.5495227718876623,-0.008099079141495824,0.2459214789590748,0.11234515662228184,0.27526924943414716,0.4207213160552973,0.45460167347574143,0.5401959605254474,0.33548424101225266,0.3768223583817524,0.06525630444766406,0.09220609451084136,0.03964997267571571,0.11600569583006742,0.556108733608846,0.0,0.22084823373080825,-0.006086920414756614,-0.04918053826206231,0.4152177331230695,-0.05615853933437531,0.10785072540287388,0.17673905974878604,0.3592160569412107,0.15186723490052084,0.3773403602277109,0.058870598144660224,0.3691181477719605,0.33999607980347263,0.12560483572879158,0.2788909473738356,0.4394443608879536,0.5278866461410742,0.8205734628574533,0.11524366441697945,-0.11473017953118719,0.06871230933360858,0.07424187129512427,0.5326208296953521,0.243907349038904,0.2193042509605846,0.10105436393764558,0.01239545957767424,0.4972342654679603,0.0,0.0,0.22218613147219107,0.6255899979822089,0.6144441525139737,0.44388014129755277,0.939507380472747,0.0,0.5976099773359769,0.5910654040126653,0.0,0.038051434181216426,0.010643337783777407,0.4643074500941257,-0.03170334401714925,0.0,-0.11308844064631995,-0.04055605768493237,-0.0333464951631634,0.16808881428939343,0.0,-0.0018786521035860093,-0.12565291383971072,-0.016368524241960558,0.0896549456098033,0.06412092147957993,0.4770545612369349,0.015187604851463865
0.5011663301438036,0.2248533606977167,0.33117212719974,0.39668357449916086,0.5168992160113987,0.2812893491617279,0.28372449288349183,0.5295050018526309,0.3328623909400398,0.6462946077529174,0.544644061293874,0.5953238551646278,0.3315183328123098,0.4938434550270263,0.27991634193893855,0.08055494592625612,0.3531065868215473,0.4636550031753271,0.4431457023979838,0.22084823373080825,0.0,0.15506778066601018,0.19331191217536364,0.42698850212775474,0.4295026657324167,0.3971077204107808,0.39218669393209116,0.2457023465515592,0.17139242248184322,0.25044858438358564,0.1858759597255386,0.30057017438374417,0.05412193745772459,0.10759584969951225,0.28690253328195453,0.5789633416904171,0.35437198550075666,0.5486067214257692,0.36411105469347316,0.17322006362496511,0.16955989138116634,0.437847902110877,0.5730315808624701,0.0,0.0,0.5832932686870986,-0.01309166733486744,0.6602037080511804,0.0,0.0,0.5498015266072575,0.44284108573316616,0.6333661513830935,0.554031811262844,0.5997700823004875,0.0,0.7433609478215448,0.5381996008646697,0.0,0.20533765029444184,0.007261246378247155,0.0,0.5211793042377955,0.0,0.04498787422231881,0.5777621086783795,0.07701229569967366,0.3883895981946902,0.8214438618284081,0.08482184772222756,0.323886397864638,0.16173488072773612,0.12485072624903099,0.15661714147774383,0.44903133218633917,0.02180134197141828
-0.1209186391396399,0.23722194157388654,0.56937088975724,0.5234293363889099,0.2170276239818198,0.05807019818646669,0.2539530465402276,0.24498884092590517,0.3019801797652354,0.4500865943162333,0.3900087631239696,0.4508361635361181,0.28454205678522,0.26913081367167874,0.0401630268614,-0.004758849595726866,0.2189494411424368,0.13907621512535048,0.6957692096121414,-0.006086920414756614,0.15506778066601018,0.0,0.4189738603370898,0.43507873451246515,0.05371909016481902,0.13403345961946583,0.10163017350164702,0.4564197606235101,0.02057549297222455,0.523490984082659,0.10417290338262669,0.4543157326705567,0.25955980733523776,0.20964876252224496,0.2920304774274931,0.4045581077092886,0.686769838562632,0.6113119689070654,0.29007957553733643,0.09716957716671157,0.13171574374224493,0.06188189982398873,0.5496965331711046,0.3617618374359285,0.2518295610640253,0.07348125432952657,0.0792594799174422,0.5829478573436303,0.47854119404638207,0.245723026559784,0.16397853216263206,0.6934456547773571,0.6069851699315945,0.6574578328918419,0.42398364461356264,0.0,0.5501741070433497,0.5958616307299174,0.0,0.1615310467299341,-0.025406779434230087,0.4102296101773495,0.10318763190975846,0.0,-0.05270425418824731,0.16035509151696403,-0.013187306287967826,0.0008633057480169071,0.7445509698411479,-0.06909954985477107,0.11089587555217395,-0.07979747469451393,0.5997361853674454,0.05177607599028089,0.559397044193924,-0.029286389813941105
0.31838523216294357,0.09748636779530062,0.6039890223858966,0.18549889671262298,0.3509638950904603,0.407223420788021,0.3268532763342903,0.2641733834168546,0.3734608066807409,0.1913604990307053,0.6481949811965123,0.4635108944262233,0.3996715173841153,0.29121979357658667,0.09375703945398056,0.2137011967327122,0.10417005205849453,0.42665366051439835,0.5430964640171527,-0.04918053826206231,0.19331191217536364,0.4189738603370898,0.0,0.35273925263331063,0.26511419512738743,0.11799932664515725,0.12365663132796262,0.2508664881947982,0.1620480590099192,0.28901681626781506,0.30274776395274927,0.3282461328646566,0.16357737847202997,0.2826473997922432,0.3049519127411696,0.485135133891273,0.17945505123021088,0.1726020110714078,0.2600443023207204,0.2939054443289748,0.25631418154103724,0.3937817062356078,0.08468294248735397,0.3429589571046634,0.5805038502630309,0.5291975353996059,0.26745201958896825,0.6081400651686895,0.44733534334689484,0.4043696844882259,0.3599974415658906,0.3182773392547852,0.290388330093084,0.46911498460654366,0.6381404591408149,0.6165500458188166,0.4212264510456575,0.27207297784691453,0.16811426073022936,0.1787774229329515,0.3393763039251863,0.47097699926674574,0.5520476723688171,0.707407041493195,0.005908919412288494,0.30402711089652756,0.13565731182177582,0.5919765440115565,0.24268407557840854,0.06882121168603816,0.17078605459428692,0.34580137363531394,0.22513251565191536,0.18057846834008887,0.2141457084916613,0.2581689253628723
0.4822398907283284,0.01028939366929743,0.40049137942952345,0.25356929394177685,0.3561606762865419,0.39643055402248073,0.531767142099635,0.3654203544659204,0.2767857694144682,0.08022797165059434,0.2183961072910402,0.05898289454615599,0.18700961345349268,0.676474934906234,0.19217616921081218,0.13206811917245898,0.13361862291694038,0.09128011608043418,0.12155056329299463,0.4152177331230695,0.42698850212775474,0.43507873451246515,0.35273925263331063,0.0,0.118776965351781,0.10265537726282412,0.3498108883844558,0.355883891256115,0.4507853972309115,0.8121952800464814,0.11487706365640549,0.7389671984903372,0.45591893598978195,0.3880619144892151,0.45730747899083724,0.5402905263484716,0.3520219048870101,0.383603073285784,0.7985224524165462,0.4591390614115586,0.35506297947727083,0.6217039072232831,0.5848025762864473,0.3553153202729551,0.5457482757355401,0.3047313568123985,0.47483334067230604,0.0,0.0,0.45953597956414594,0.5703712537522841,0.2922326725054372,0.0,0.02498119315519922,0.0178090664177718,0.5484199249157028,0.15844381439558589,0.11786864292619983,0.0,0.21686105445202733,0.039146939219151466,-0.1692124801376349,0.02516062790065582,0.47813164064969954,0.31903162034721905,0.4362828693085216,0.14377927218133416,0.8260173280627963,0.3028030780498409,-0.0050142195428347636,-0.003407097162994588,0.513369792287034,0.677914919283612,0.6185559199757658,0.0,0.23258131173350968
-0.01364750939226339,0.059204498982304704,0.49306373990246627,0.8766135562547044,0.07396810390310493,-0.035223697119780184,0.08319288120750179,0.45830421160451684,0.07284054077657381,0.34787545039155765,0.5937600853594329,0.09360804645454335,0.07950787135861245,0.4889576604710608,0.09328551246888261,0.21070997069217928,0.4912147660032098,0.26408314149226064,0.5293014579398752,-0.05615853933437531,0.4295026657324167,0.05371909016481902,0.26511419512738743,0.118776965351781,0.0,-0.01608669094639903,-0.01671888318666287,-0.06573500150834088,-0.07956787254766534,-0.12188506519267589,0.012083518600759846,0.19910612139590847,-0.007503522770877236,-0.03806741910665673,0.053132688234335645,0.5289637623054706,0.5904306855154424,0.025473846961067748,0.384110244081884,0.19850213468935396,0.04822457984124495,0.2739749567711913,0.09837632436661663,0.0,0.45826213799841686,0.04121138904594679,0.16474560185734508,0.0,0.0,0.0,0.10467418950012736,0.5479457958570808,0.697438373637429,0.40841371199783094,-0.014595586732532473,0.4656671788798924,-0.00900343011316318,-0.05304406457211952,0.0,-0.2776623921907166,0.1677975441031973,0.09031478887259814,0.159755373884353,0.0,0.15096558137368785,-0.1577892210171154,-0.09378178916576652,0.5437450018485167,0.025963787899481172,0.15737102771259562,0.02489461241424923,0.08720650233809268,0.017655255937927827,-0.10906479283338294,0.0,0.02479811611085808
0.25117969410546326,-0.051450461886680454,0.08984520544959712,0.5996377549540655,-0.15583664620983556,0.027069128509320806,0.10197461866265228,0.4878175476615943,0.031190143819313898,0.12010139168702078,0.07744500112257979,0.1788080929971146,0.10271818469687177,0.5028862113313581,0.29722570455678166,-0.08142044238485907,0.09709585432207113,0.06551563235045754,0.1660259192055912,0.10785072540287388,0.3971077204107808,0.13403345961946583,0.11799932664515725,0.10265537726282412,-0.01608669094639903,0.0,0.1474164326734178,0.062305740173608626,0.04830853327892909,-0.033602677034458156,-0.005276638282290691,0.2981487496720591,-0.06923096631263798,-0.07049330374742396,0.15019810474860618,0.36432244724633794,0.5116147859966986,-0.01623278732690092,0.2831249538418031,0.05165094483199201,-0.12125652748707894,0.03016129722453531,0.1959864172669094,0.5436255186815848,0.46885445100322165,0.013951177898161249,0.03407890040736877,0.667331615046268,0.0,0.0025799784573961246,0.0485901473533335,0.6050771331017863,0.557903205354165,0.3910254290216298,-0.18618950648700455,0.0,-0.1539895382881969,0.0557664138452455,0.0,0.2269465405506364,0.0173220293350127,-0.16526337550471087,0.01868737571296586,0.0,0.08039880912875447,0.5917141365419993,0.22953688398071864,-0.14815686292731944,0.07036321569114712,0.04148563378015713,-0.06297871437139313,-0.17238118107317152,-0.08745973200274254,-0.061653983243149135,0.47670633820149644,-0.19960463262045647
0.3623902697259165,-0.0887597614431141,0.1344779909395028,0.25503650283089735,0.2642887251598697,0.14429031633820644,0.18275817969778949,0.35384665578157737,0.1897064293417689,0.27396303930976934,0.18298819620200835,0.541650450457839,0.3237069262287483,0.3813301548566066,0.1465380382747743,0.08870883369970839,0.5444887235333917,0.17434816904040296,-0.17474949977102527,0.17673905974878604,0.39218669393209116,0.10163017350164702,0.12365663132796262,0.3498108883844558,-0.01671888318666287,0.1474164326734178,0.0,0.25820602168724205,0.07779088800756076,0.21908454782929038,0.1697905618908907,0.3479399346576132,0.39482818050679946,0.21832346503653627,0.24794871615467504,0.6804065254435436,0.13164748607881027,0.4208357500652019,0.2756492847493804,0.18845671264971905,0.20958163898714108,0.23072985519361655,0.22594943818559987,0.6089288597272631,0.40541996288457827,0.4485160782804535,0.28791668572921747,0.4188368970775813,0.4674878246748009,0.4201833422459956,0.272348863913673,0.28465190590045575,0.339481108994606,0.36152160776344844,0.7036203773880372,0.4127502676215341,0.3485162934037712,0.2938875333166703,0.28974122314968975,0.17338132830167158,0.12727657779683926,0.0,0.46950345867584037,0.6380691134826325,0.11873841860911569,0.30964104257355823,0.16234488009763479,0.36319696767900317,0.0,0.06773203327187693,0.37416787012854835,0.3311417237020068,0.17689546780349463,0.1429981151352337,0.0428269634252052,0.1570397999875952
0.06402630052179789,0.08493130786343575,0.3660192229780825,0.19229521086514817,0.3291033843851594,0.2726696323654384,-0.020369546860250165,0.23743003700417692,0.31299921210047,0.18652543727885773,0.17879883325506635,0.37177118670520004,0.36893414420123216,0.3619013763407907,0.1157506482221699,0.1641124030370806,0.4552514123005049,0.057486527032109214,0.3246012197961632,0.3592160569412107,0.2457023465515592,0.4564197606235101,0.2508664881947982,0.355883891256115,-0.06573500150834088,0.062305740173608626,0.25820602168724205,0.0,0.29310706616220306,0.2232122532899288,0.3609019640062716,0.3597020498339297,0.48714418683973887,0.11780761667520656,0.3615124000331805,0.17214083359412352,0.15142793206944727,0.3510923632909215,0.65543986555933,0.3502453484717618,0.655893035671787,0.6692282009559127,0.23356615372192435,0.3694853296261007,0.6614432967671433,-0.3879976763606318,0.15400050269647492,0.3306407785374229,0.0,0.27875190746984096,0.24024692666885955,0.2703269893506089,0.2396923345134023,0.29967734831096526,0.4104296666951104,0.34773723118331096,0.4993668229009651,0.2717910088627403,0.3394418026280557,0.2837885457000663,-0.04047721919217373,0.18807692374097496,0.0651931368280293,0.5030917176305065,0.15989476001398972,0.1732618295329798,0.17075505047873754,0.2578719412674365,0.5429459297381276,0.0737092671550656,-0.06584539062033276,0.19137733211395236,0.25648985061339863,0.12086259702789776,0.04984463775588807,0.26342603029384093
0.3151336624725454,-0.15682919640507537,0.5616110216861615,0.4538259536265508,0.20115500581741855,0.01919685593641629,0.23342774323506726,0.09465381277101881,0.31312858297155255,0.4477583411413245,0.37829114597586955,0.6259071342931495,0.37574779436952926,0.37821252147869483,-0.01080840401758898,0.07715425408261475,0.021952638234776334,0.13230829922642046,0.5697504928504767,0.15186723490052084,0.17139242248184322,0.02057549297222455,0.1620480590099192,0.4507853972309115,-0.07956787254766534,0.04830853327892909,0.07779088800756076,0.29310706616220306,0.0,0.30002337765839515,0.09749231187991853,0.41248544067368287,0.06977352038864146,0.16982843189207317,0.26932342357878786,0.4501912545854689,0.44283608658812645,0.5395236414586954,0.1277988648421789,-0.047763628665469515,0.09664808732820049,0.11212789831816763,0.30444077599689634,0.554916586785738,0.6298594969272353,0.023221654017831078,-0.09784748945630872,0.5699700966977581,0.4515449421944199,0.4680154801357795,0.13810854929276434,0.19035597270502752,0.20314887671005455,0.5645098210281724,0.6323080028018415,0.4385507067536526,0.5608432772913786,0.12407421004812857,0.7483176207360185,0.0590690480604561,0.10854271878366012,0.48088891014269425,-0.026030332868540007,0.5105656420094172,-0.0380602030891965,0.12126830561197316,-0.04410461621807682,0.17183255197545289,0.4905144366528158,0.07748670563439858,-0.027906020417266197,0.08649428766964506,0.10772696530149017,0.023510306268637815,0.053697059290409854,0.07787429517998878
