0.0,-0.1158654554229947,-0.0017793076831989496,0.0,0.0005570445565388771,-0.05758044021751585,-0.05694696567704105,-0.00010692718082605523,0.0005927783370931472,-0.05309331162549297,0.0013733808453104679,-0.04084798517651411,-0.06846188139389087,-0.0013495952647541998,-0.02847108351699612,-0.08752691369433818,-0.04759237977731895,-0.05491274342078001,0.0,-0.06273145554095744,0.012965573550787424,-0.09925644780787762,-0.038410408655105366,-0.022894321728548994,-0.07099648476318449,-0.0501877854532094,-0.03457179651851161,-0.0775562324873249,-0.03507014981775203,-0.015817285399519376,-0.07436700022076415,-0.036503405118334165,-0.07998920420911337,-0.07993981024242663,-0.06222530580577995,0.0004134940982301605,0.00022996478664333297,-0.03996195477432263,-0.021143720108135866,-0.056770902745348795,-0.06992580089169059,-0.12601841152708604,-2.8022248034387243e-05,0.0,-0.0017702085600870276,-0.029510671221998408,-0.08363843031789708,0.0,0.0,0.0,-0.0037329548320181316,1.1102230246251565e-16,-0.0031646528380460115,0.0,-0.007337478399211339,0.0,-0.003198439992605384,-0.0006449295564542878,0.0,0.00047797803534871397,-0.06212460058655789,-0.0028225131094938294,-0.0542675354908293,0.0,-0.0034796700183516993,0.026798687885905392,-0.09438596161048185,-0.0016487516316638917,-0.030204438000752176,-0.050933770618860286,-0.07005669116811414,-0.0025200220848550225,-0.00017987530154323084,-0.08496613467103387,0.0,-0.005816785983026818
-0.1158654554229947,0.0,-0.05744684440754433,-0.0001141210444380314,-0.05911428978413663,-0.07879123208957084,-0.07120396993485312,-0.02996828338639035,-0.06976525551306623,-0.06053306712322809,-0.00043190415723837194,-0.0020372463676986974,-0.07112676511190691,0.00011995301771278166,-0.05833660866032331,-0.08748291797274127,-0.07652317288845101,-0.06558085300833288,0.0012072257496706928,-0.07757412786247775,-0.054861235466032277,-0.04788094562208084,-0.08181338987561021,-0.05083384364946231,-0.06646036182868864,-0.0813988200300424,-0.07655931348541423,-0.06734194519067355,-0.08277277223409163,-0.0037341148848106243,-0.08524701568703602,-0.039315569147652996,-0.09011297325649148,-0.09076578804881819,-0.06769724585606185,-0.004048958960240379,-0.0002280902230196724,0.0,-0.040685130168990224,-0.06561581220501223,-0.07817003216532764,-0.05625352981536408,0.0012491656375121507,0.0,2.220446049250313e-16,-0.09905457969116355,-0.08089253701602328,-5.0065460717008126e-05,0.0,0.0,-0.002711380842585376,0.0018526865437354378,0.0011856686052322263,-7.330944836075881e-05,-0.00022410858802879297,0.0,-0.001057405307867576,0.0034672282400668997,0.0,-0.07414763799808438,-0.07627678170273777,0.0011942342791441685,-0.06914210373865592,0.0,-0.0781392409358535,-0.04657060455873052,-0.060275578817756026,-0.08065424069639432,-0.0015027611214302183,-0.06583397354174847,-0.08166659176225488,-0.08595349586586498,0.00013650128068487533,-0.006775958556149486,-1.1102230246251565e-16,-0.08783060758939548
-0.0017793076831989496,-0.05744684440754433,0.0,-0.0044477598122050765,-0.04051393550366572,-0.04588612704938716,-0.060662574051770835,-0.04190977683123448,-0.027180172175499784,-0.05379774779029406,-0.026731923911467392,-0.002627591611324809,-0.04995141271380843,-0.03466695817444054,-0.0017131186192086423,0.00010227590774380957,0.0005610401315098712,-0.002577992006608576,-0.0484675090773031,-0.001181994390555996,-0.015494090063931598,-0.00024448276001381997,3.74706039403816e-05,-0.0019035208845945006,-0.005707918656915001,-0.05584048376135292,-0.051723983170993804,-0.050888159968202284,-0.009760623961812875,-0.024330983908910364,-0.050560230272746365,-0.030936594782704385,-0.0015215261694719318,-0.04838675613013471,-0.04921897254470875,-0.05104398289663381,-0.0658724327397141,-0.0019383946952479802,-0.08086727609119909,5.739078589028779e-07,-0.0538502385059077,0.005867095574469461,-0.0790481401281305,0.0017625858018557872,0.0,0.0,-0.0003714734076694093,0.03133407667005361,-6.2938718108362934e-06,-0.026978419320855318,-0.06514085899600947,-0.06094671271433144,-0.08491337498397,-0.035792372828398755,0.0008501003384596695,0.03552507081562817,-0.0012603737873191911,-0.06435015649084536,-0.07732131457588287,-0.0002501114990121067,0.0,0.0,0.0,0.1583081024067831,-8.110889087364903e-06,3.306211639064749e-05,-0.0004945192725064329,-0.051848891882213866,0.0,0.0001664847982265627,-0.0014049635744012856,-0.041547372220701484,-0.05449103553872531,-0.00012489536851467697,0.0013505795421121514,-0.0606673755521816
0.0,-0.0001141210444380314,-0.0044477598122050765,0.0,0.02077880148920913,-0.0376014137615045,-0.010146014232167544,-0.029611182787969204,-0.05552630941267983,-0.024565092819614193,-0.04924515165769172,-0.005305761124812791,-0.03749441938312836,0.0525406107947079,-0.0014975472269010415,-0.0004375199113998973,0.000691128469558322,-2.8660334961128076e-05,-0.035238607439177394,0.0005436265339749391,-0.00019373848940601457,-0.0029101452611189904,-0.04565605497913389,-0.0007027731390411573,0.0006699844430974045,0.0011990560030477049,-0.04623773373179807,-0.03745770504568244,-0.002529703562123675,0.001047950409026277,-0.004568289083138444,-0.021215328518036425,-0.015962126708020274,-0.044445222494729236,-0.08836864782882925,0.019733527367484655,-0.024912335072369812,-0.014057763072702789,-0.007018553639998537,0.0003140967203824063,-2.1582035412137657e-06,-0.001496886321898483,-0.0007474990304261464,-0.0011639120866385189,0.0,0.0,0.0,-0.0003709174647958946,0.0,0.0,0.00010928802771104085,2.220446049250313e-16,6.559299295999521e-05,-0.0006850059686052679,5.551115123125783e-17,-0.0008871042093952508,-0.0003564643351434138,-0.0002179729356950877,0.0,0.0,0.0,0.0,0.0,0.0,0.0,0.0,5.783329160208295e-05,0.0005578008403515078,0.0,0.0,0.0,0.0013081852082497125,0.0013523433318841094,-0.00012685016027302876,0.0,0.0
0.0005570445565388771,-0.05911428978413663,-0.04051393550366572,0.02077880148920913,0.0,-0.050420754930494416,-0.03504634258224876,-0.021974316589722986,-0.04224925254188544,-0.034759893549317356,-0.024452582677288337,-0.017786793138775847,-0.024218553282590427,-0.0019329192143312524,-0.00037645603071978506,-0.05261393767217776,-0.03224134104844334,-0.03817865199740361,-0.059390666763734834,-0.00835945932322818,-0.0010640489571069334,-0.05334378394155287,-0.027726478222966866,-0.01906516885960663,-0.08206264879428532,-0.09194709467912981,-0.03911144447930748,-0.02876278348735689,-0.05921622816141492,-0.02394824211624874,-0.037203633775163614,0.011271868482600866,-0.0020729574869441936,-0.028625377077844405,-0.014264366009566987,0.01277832299099979,0.03395741693229831,-0.018534656790336335,-0.0404477411449401,0.0008202479506798088,-0.0012080188491230825,-0.06500221137051876,-0.06320774856342853,0.0013758392077832804,-0.0001348500382482576,1.1102230246251565e-16,-8.113867439579758e-05,-0.02426775085838878,0.0,-0.0016265171913441012,-0.03819060447732103,-0.03575446221851841,-0.05944387074711005,-0.022835767044636635,5.551115123125783e-17,0.02290348929430025,0.0007236301501353792,-0.040861007477962064,-0.03527779110330109,-0.00034647064145398865,-2.3898392776777744e-05,0.0,-5.551115123125783e-17,0.008412304079888355,0.0003275407884303916,0.00013522473143867675,-0.0008609065678439332,-0.03333144323931453,0.0,1.84001788819943e-05,0.0007773106032814558,-0.03324884068542172,-0.03684029218452406,-0.037049606865675766,1.1102230246251565e-16,-0.0373827360441098
-0.05758044021751585,-0.07879123208957084,-0.04588612704938716,-0.0376014137615045,-0.050420754930494416,0.0,-0.04875973048053228,-0.05399148231656836,-0.04877887322240565,-0.03744905200649595,-0.01281411854646397,-0.001373189897870386,-0.025870397548676094,-0.009728432935632358,-0.07073804190184885,-0.08144995922334997,-0.0017038915758951778,-0.06429291945133264,-0.0379954868649276,-0.06698456109850426,-0.0460503556279967,-0.06128025485862282,-0.025040798263697206,-0.00099023789529612,-0.0855634652198321,-0.09248136280860497,-0.04839154774516519,-0.04953458441538705,-0.06711634966666213,-0.03336984630438511,-0.020890892618438295,-0.018482033208009563,-0.053905464787096735,-0.02631944272610537,-0.019779096650834715,-0.01611861835329692,-0.03751472116854082,-0.031036151151246416,-0.040066373452600834,-0.003784709313569168,-0.04692823800624918,-0.01791552560191073,-0.0891301512193855,0.0010298109407779754,-0.001931868431947703,0.0015137394879722876,-0.07687120313177548,-0.05289081627911857,-0.0004808313145707177,-0.05629376421427673,-0.05985054160647235,-0.06935955378342695,-0.08058419267525108,-0.05957976049876196,0.003919688767715701,-0.06548526474536276,-0.0022058769144009394,-0.06589954597534642,-0.02199824721162036,-0.07859227631926657,-0.08002678545139075,0.0,-0.0007541519518927675,-0.04238071839925783,-0.0909555774815552,-0.04713462814851771,-0.07032984293643535,-0.05853620694782008,0.00010963007690434345,-0.07313932691401703,-0.077291944902591,-0.060113575408757114,-0.05865531303199606,-0.0666145853217483,-0.0549026075532868,-0.06127245042175872
-0.05694696567704105,-0.07120396993485312,-0.060662574051770835,-0.010146014232167544,-0.03504634258224876,-0.04875973048053228,0.0,-0.03303772022191942,-0.055260224367525757,-0.03771496397832946,-0.05046561933146487,-0.025832195608327613,-0.033313486195527486,-0.042692473100468586,-0.0015302042073262467,-0.0575430729184816,-0.054725422582152294,-0.07160724083076825,-0.048278806214390624,-0.04457643711161868,-0.02994655718786593,-0.047491282827642645,-0.040159303937755075,0.001349256644508079,-0.07829132208710293,-0.078692138152472,-0.04797795995357135,-0.06108181554176251,-0.0481211428208137,-0.01979763332331186,-0.03380937446769566,-0.019571698273712135,-0.039140772448221006,-0.025086148847976275,-0.045137327974714425,-0.049198644595017216,-0.020572205521578846,-0.019416972981662062,-0.01892490746014497,-0.0009409106654682531,0.0017643519781797012,0.003745995260876156,-0.08217704933466374,0.005577268070180108,-0.0012311285910843184,0.0,0.0021079701404759787,-0.036667270077353764,0.0,-0.04193505741421122,-0.05683532983820938,-0.057579369620867515,-0.052146193172516564,-0.04216592101314154,0.0002547955318394357,-0.0023596821238234256,0.0007749268200514248,-0.052772172278341634,-0.022810840625962503,-0.0005803331927978217,0.0007821363009415383,0.0,5.972318506941576e-05,-0.023021653976655843,0.00105474871729494,-0.04425282926480367,0.0010015457298669372,-0.04993459870007194,8.841646673146686e-05,0.000898728786947689,-0.00034422581172516287,-0.052689161286730624,-0.046505990270254594,-0.04429723910080918,0.0004959441531190434,-0.051168424408463975
-0.00010692718082605523,-0.02996828338639035,-0.04190977683123448,-0.029611182787969204,-0.021974316589722986,-0.05399148231656836,-0.03303772022191942,0.0,-0.05752726330859825,-0.009591570268543348,-0.09268527777888808,-0.001394902300226708,-0.03694084395268993,-0.0681046308972939,-0.14217482989052388,-0.03159625785127074,-0.007323634863292516,-0.02600571765469606,-0.05169813529640993,-0.05583301114681327,-0.00589859363520806,-0.04426071954361949,-0.04355539374038914,-0.01588924509322026,-0.02516231306541722,-0.01869192391887825,-0.03799944182679926,-0.0495440838032607,-0.062447864573129785,-0.04596320403617882,-0.050385092205535886,-0.03806966343517176,-0.008376921031340079,-0.04189026901578091,-0.028508184638249612,-0.03435674934573976,-0.1524454952772009,-0.0019232930725707198,-0.11575246437264208,-0.0016762610878177098,-0.06447479641629977,-0.05074318740945433,-0.12979052900104965,-0.0014565620949607005,0.0,-0.0006248855497088535,-0.0039038952352898892,-0.08463740902789019,0.0,-0.03947285965250236,-0.07652994343809705,-0.0727881047945973,-0.13089318651366522,-0.08692027674142322,0.0006048353709101062,-0.09884756984083981,6.173575700219036e-05,-0.07224718097496641,-0.09340279661856943,-0.010258409900494148,-0.0004993780082397925,0.0,-0.00023984350483480243,-0.06905226879267862,-0.008380138234645118,0.004591526082874442,-0.004776569154336496,-0.06524080466887805,-5.551115123125783e-17,2.7243734778414908e-05,-0.007236534012965423,-0.06124215812982359,-0.06320501977053455,-0.08076106000417638,0.0017964381719810518,-0.0519492765467075
0.0005927783370931472,-0.06976525551306623,-0.027180172175499784,-0.05552630941267983,-0.04224925254188544,-0.04877887322240565,-0.055260224367525757,-0.05752726330859825,0.0,-0.06749792562728302,-0.06522428427135668,-0.042908177169515005,-0.037662848352260136,-0.06409039725932231,0.0018740789730899987,-0.05180944951943167,-0.04855993140908099,-0.02770162705256718,-0.051997319694017746,-0.04272976221503327,-0.014348684669831635,-0.03636734120452345,-0.03476823828338277,-0.04294780875975457,-0.0850512488987738,-0.10322659764267061,-0.04231036863791243,-0.056965419812246065,-0.03499679696978969,-0.033811775368741026,-0.060918215508129536,-0.0401187193228244,-0.0761497183467516,-0.055197921921931736,-0.04544988363021135,-0.05382391700635053,-0.05456918538182004,-0.05852897885786462,-0.05491168905760996,0.0007895019639287404,-0.011498470248624548,-0.0008093191824270485,-0.07323792409681923,-0.003221701236830188,-0.001982379769845166,-5.551115123125783e-17,0.0012232292627165076,-0.050332265860129954,3.0236055292287567e-06,-0.04214786349910138,-0.06610499843825318,-0.05610489324946044,-0.09198644468592504,-0.06037499175530098,-0.0007984993756457448,-0.03901302969856929,-0.0010419669456123715,-0.07037436275475273,-0.07176744928995732,-0.000667859347278088,7.46191017673703e-05,0.0,0.0,-0.03176135558035298,0.00030157736956898384,0.001779222967963956,0.0005708176523047115,-0.058924422437917234,-8.177853430935134e-05,-2.7797657437766965e-05,-0.0024582187102838993,-0.04896104335701695,-0.05944294844086939,-0.058389801326251545,0.00023224109715636043,-0.054103382611037254
-0.05309331162549297,-0.06053306712322809,-0.05379774779029406,-0.024565092819614193,-0.034759893549317356,-0.03744905200649595,-0.03771496397832946,-0.009591570268543348,-0.06749792562728302,0.0,-0.06399896120624604,-0.04505949280450888,-0.049430898786786304,-0.003065656483623558,-0.0023342139359542324,-0.025242551434191518,-0.049457435156774865,-0.04855103540898492,-0.05798978445707581,-0.005033350054166497,-0.0025935363089769625,-0.007907190687100107,-0.04510832339623855,-0.05214775401192967,-0.051360867998569926,-0.07871958725056538,-0.03579398144118762,-0.050106247590556374,-0.00515465041145563,-0.0005516550967076261,-0.05294189196867222,-0.0051811376413005705,-0.08890860337896142,-0.04563477103109159,-0.045063210090925565,-0.04330180537613221,-0.026418147030614958,-0.01937378688759095,0.03878074125584402,-0.07382250240449173,-0.039137991055093746,-0.024611428432174398,-0.005475241414509113,7.607852584257113e-05,-0.03256638654455152,-0.009482973609657885,-0.0008219295164071383,-0.0002955911829314317,1.7168451058147127e-05,0.0003043957973799527,0.0012150968614235147,-0.07764513855264676,2.736334518987915e-05,-0.002148456013695066,-0.11165677171424004,-0.04336410222609466,-0.10650607894572411,-0.05840535301046296,0.0,0.0009716531849157661,-0.07001962670890549,-0.10560755296402496,-0.08612299301737786,-5.643359830498351e-06,9.169033686862171e-05,0.0003103316956061253,-0.002165863403932655,-0.0011171205989472521,-0.0940419069562507,-0.10651071126839756,-0.11048026055157656,0.0013748115246664527,-0.05331864917283058,-0.0013048792749493776,-5.551115123125783e-17,-0.08101408173792096
0.0013733808453104679,-0.00043190415723837194,-0.026731923911467392,-0.04924515165769172,-0.024452582677288337,-0.01281411854646397,-0.05046561933146487,-0.09268527777888808,-0.06522428427135668,-0.06399896120624604,0.0,-0.04380503335303282,-0.0522421996183936,-0.03600715940500937,0.0,0.00013646780278464554,-0.05798135167973811,-0.050006513018717,-0.015564394650357749,-5.348505916291657e-05,-0.0001125500876583696,0.0003998504729484931,0.020161404006820816,-0.041576266417814645,-0.002286976610519187,-0.05706963308021101,-0.05172242609235461,-0.06595174782184487,-0.0036678725877388185,-0.07484148225303805,-0.07110610533016681,-0.024667930030007668,-0.03478751587849305,-0.06172579095885444,-0.05578032722353882,-0.03835383431752731,-0.076259791089614,-0.05771292373931519,-0.13725192354373528,0.0001398079398841623,-0.0008588694467076552,3.065338749480562e-05,-0.1345854675696374,-0.0005603345222343625,-0.0005379411384398569,0.0,1.1102230246251565e-16,0.010253450430739441,5.854843254660125e-07,0.02368478307864902,-0.059722220089957145,0.015555479223139212,-0.12736261408354382,-0.014571398611954833,0.0001676462841987969,0.01224047510552595,0.000297380352189236,-0.003537542505635982,-0.12179878313500042,5.551115123125783e-17,0.0,0.0,0.0,0.1556444188463023,-0.0005642088598418749,0.0,-5.617894328185935e-05,-0.0742970622253904,5.551115123125783e-17,0.0,8.55117734055999e-05,-0.03651846603042136,0.015158453095455382,-0.0013649322138762354,0.0,-0.0007664895958877649
-0.04084798517651411,-0.0020372463676986974,-0.002627591611324809,-0.005305761124812791,-0.017786793138775847,-0.001373189897870386,-0.025832195608327613,-0.001394902300226708,-0.042908177169515005,-0.04505949280450888,-0.04380503335303282,0.0,-0.027329519238756705,0.0039838269050122,-0.0003678560168380862,-7.436567000956851e-05,-0.08092090978473021,-0.05917490901848199,-0.022546203814298005,0.0024249946201652106,-0.0018761357501523857,0.0005201204387171865,-0.0038071360852988123,-0.04174816016779087,-0.0648449029351928,-0.05792651463844711,-0.0018809486557451738,-0.020769496281727362,0.0037799985014147497,-0.0010505769249672392,-0.048391711754672384,-0.0011437084123281926,-0.02556383743732732,0.0060166261930985065,0.01660548041214377,-0.006831461875889955,0.03221916287898624,0.01231367850646109,0.0987509304776586,-0.06532849046026296,-0.021984120209835256,0.016424104257124927,-0.002014167015727264,0.0015086921446229584,-0.016304650284429012,-0.00462820278995435,0.0014964895452166393,-0.0002777277954716384,-0.0007258319499309218,0.0002171738772105969,-0.0010849013566798238,0.0013379087616782193,-0.0006340469302760776,6.433445150472172e-05,-0.10731612552582187,-0.000628084756263414,-0.09645853002943905,-0.04756574148143572,0.00019200959225129655,9.389840092038915e-05,0.0014845345722027115,-0.09827337544225007,-0.08778281143810973,-0.0006567383094056023,0.0003096287158139144,0.0016800153526715933,-0.0006437173811877916,0.003058177045558441,-0.08616247049911341,-0.10559058524511411,-0.1046046979692522,0.000329205192987736,-0.022468040952200896,0.0010452683214420277,0.0,-0.07634465411859293
-0.06846188139389087,-0.07112676511190691,-0.04995141271380843,-0.03749441938312836,-0.024218553282590427,-0.025870397548676094,-0.033313486195527486,-0.03694084395268993,-0.037662848352260136,-0.049430898786786304,-0.0522421996183936,-0.027329519238756705,0.0,-0.042646258223519695,-0.04036408100241673,-0.05494688958333954,-0.05306562803121062,-0.06111651237619836,-0.04381913548077071,-0.038428629576441165,-0.037303054531877655,-0.044352777893332584,-0.0364411957924225,-0.03140926479182449,-0.0761660481586593,-0.07160778179231503,-0.039306793197038226,-0.033067813342439634,-0.03434996871017826,-0.0008363172936626806,-0.03930503665876961,-0.020666141872012378,-0.023076414407132984,-0.032421998690196796,-0.0398986546691506,-0.03799021031301364,-0.03140813176541113,-0.028271823039144328,0.003887902910243324,-0.011697124214282373,0.040705329041546834,0.053031200363463815,-0.08084943360052732,-0.003639804952059622,-0.0020736128684348265,-0.04083088094364967,-0.0561251645508698,-0.04986683950050702,0.0,-0.04846893551006892,-0.053637384534847565,-0.054387923428380225,-0.05204978917413633,-0.04744402204217152,0.0005325670444397135,-0.03777973284854469,0.0010221528209489739,-0.04497991418904479,0.0008275735819070484,-0.04922629629294695,-0.0572848437032506,-0.0002265041638700449,-0.04985906007474594,-0.03717652655014092,-0.06489695928544059,-0.05165208968022028,-0.04773062163097991,-0.05395720269077792,-0.0009935646256202801,-0.054066308057543866,-0.06540204821886247,-0.05695272867499074,-0.0408495404812268,-0.05289963427555566,-0.04872302604922374,-0.03804194236821412
-0.0013495952647541998,0.00011995301771278166,-0.03466695817444054,0.0525406107947079,-0.0019329192143312524,-0.009728432935632358,-0.042692473100468586,-0.0681046308972939,-0.06409039725932231,-0.003065656483623558,-0.03600715940500937,0.0039838269050122,-0.042646258223519695,0.0,-0.0007562736456044883,-0.00030701951619016565,-7.867209450590495e-05,0.00011061418528945932,-0.03358236663150427,-0.000656659795479464,-0.0056957819341328375,-0.0005869117591198458,-0.04851938824002028,0.003670352788809339,-0.0004229618575458116,-0.0019469500768953263,-0.03507913003197777,-0.022793315146254767,-0.0008639043135610924,0.00013347727603202353,-0.05543544803795741,-0.036408228381772434,-0.005172439799417838,-0.03735940502981744,0.01745839445214703,-0.006413358105697348,-0.023167289461172247,0.0004936389872578495,-0.11704261955178985,0.0,0.0005232536344864092,0.0009571231264260405,-0.11265313136124944,-1.6853159030549847e-06,0.0,0.0,0.0,-0.08570616510800788,0.0,-0.004586043956474661,-0.0014453739085059092,-0.002673293238358021,-0.10724550394130494,-0.09511385966426072,0.0,-0.11445035895904021,-0.0002063259985079502,0.0015085967687770707,-0.07422443254825328,1.1102230246251565e-16,0.0,0.0,0.0,-0.03406801924272718,0.0,-1.1102230246251565e-16,0.0,-0.11233875348075661,0.0,0.0,5.551115123125783e-17,-0.062368754279016336,0.0005664971340590963,1.1102230246251565e-16,0.0,5.551115123125783e-17
-0.02847108351699612,-0.05833660866032331,-0.0017131186192086423,-0.0014975472269010415,-0.00037645603071978506,-0.07073804190184885,-0.0015302042073262467,-0.14217482989052388,0.0018740789730899987,-0.0023342139359542324,0.0,-0.0003678560168380862,-0.04036408100241673,-0.0007562736456044883,0.0,-0.08211611436580263,-0.0034310431413857034,-0.06124156040710216,-1.1102230246251565e-16,-0.0869001535215197,-0.030398249453791326,-0.08055036822870115,-0.07919291608029216,-0.05343804547743225,-0.06674696968094868,-0.041952444164244984,-0.065281415182946,-0.05031973649141197,-0.07136379966497197,-0.0038113080803216515,-0.05431561890494885,-0.02793108238189468,-0.0428322154777207,-0.04933540790625818,-0.04075843732853657,0.0005065484748550952,-0.0023063767385845257,6.601206003697957e-05,-0.050629992691109016,-0.07186748104783619,-0.07000257233716856,-0.0574073108319354,0.006139131858482361,0.00011345227907061384,0.0,-0.0033418953528998596,-0.059879408453420324,0.00012013388662990288,0.0,0.0,-0.009665224819158824,0.0024420482804024535,0.002188639964287975,0.000607162574970066,-5.551115123125783e-17,0.0,0.001031455600556841,0.00031211339749703804,-9.597585470588754e-06,-0.09864925863643215,-0.07249635656257253,0.0005294984763059007,0.0011411501066127538,0.0,-0.144239863685795,-0.05010303760430851,-0.10907015833518224,-0.06380272123617298,-0.00012704943723634843,-0.08655000378285016,-0.05495929057861715,-0.08346039547099376,-0.06289321609304188,-0.0760667848295567,-0.0018011417409408703,-0.07546964736139633
-0.08752691369433818,-0.08748291797274127,0.00010227590774380957,-0.0004375199113998973,-0.05261393767217776,-0.08144995922334997,-0.0575430729184816,-0.03159625785127074,-0.05180944951943167,-0.025242551434191518,0.00013646780278464554,-7.436567000956851e-05,-0.05494688958333954,-0.00030701951619016565,-0.08211611436580263,0.0,-0.04107323735873969,-0.013402452545658305,-0.00013844059407747134,-0.056089266507640845,-0.07713808380019505,-0.06709938287882533,-0.0668994638114116,-0.053482401377689004,-0.057714155488788554,-0.09675427723635227,-0.0721571013765443,-0.059595677796730806,-0.06202266010638513,-0.055396887823567165,-0.04021971619615827,-0.01811375418332506,-0.048255075762116295,-0.0679182458301994,-0.05328362015525823,0.002252971819888039,-4.130730952833783e-05,0.0019463299958148994,-0.03955048410429601,-0.050328463643298404,-0.0718496888801568,-0.050375048743547424,1.2514519173112415e-05,0.0,0.0,-0.08363327494119444,-0.07958145721821519,0.0,0.0,0.0,-0.0004493382897425291,0.0005610117389384106,-7.110498028239931e-05,0.0,-0.0012103170643747996,0.0,-0.0008761296331473156,0.0006074813114800293,0.0,-0.09709226082312761,-0.05766672310335591,0.0009005464952780429,-0.0354522525492319,0.0,-0.05767559617938062,-0.05806501375286738,-0.07794135318793066,-0.003680572052147002,-0.0028187366948689285,-0.03976516657627632,-0.07826801132273353,-0.0021884101293101477,0.0017953256814919327,-0.046094273061032476,-1.1102230246251565e-16,-0.06416400644855569
-0.04759237977731895,-0.07652317288845101,0.0005610401315098712,0.000691128469558322,-0.03224134104844334,-0.0017038915758951778,-0.054725422582152294,-0.007323634863292516,-0.04855993140908099,-0.049457435156774865,-0.05798135167973811,-0.08092090978473021,-0.05306562803121062,-7.867209450590495e-05,-0.0034310431413857034,-0.04107323735873969,0.0,-0.04958399461387841,-0.03905932720309846,-0.056860140196819675,-0.016035516364914792,-0.05263276511071974,-0.03153638820550381,-0.06671707749577127,-0.013905612492872033,-0.05773104492657921,-0.0010506214102531941,-0.05193081431454766,-0.04894637009009056,-0.020043715492030434,-0.06086053707463385,-0.03834833124903664,-0.0770372817725779,-0.061908766322226694,-0.05192134823676986,-0.0028342205844737456,-0.0003709041110561695,-0.05875705827640482,-0.002505204680897377,-0.01793172727708625,-0.054354333747214933,-0.0411712372305344,-5.551115123125783e-17,0.0,0.0008427319752319917,-0.06233392629818779,-0.00034599799225393246,0.0,0.0,0.0,0.0,0.0,0.0,0.0,-0.08737288419334455,0.0,-0.08774488310055045,-0.0013477685657782845,0.0,1.0449401911194478e-05,-0.04661536423223722,-0.06865294297921237,-0.05683826290525612,0.0,1.1102230246251565e-16,0.0,0.0005934830657415846,0.0,-0.07196247880241297,-0.06138928555308559,-0.07005626557870576,0.0,-0.0009046224765584809,-0.036050552611166076,0.0,-0.055976759036185875
-0.05491274342078001,-0.06558085300833288,-0.002577992006608576,-2.8660334961128076e-05,-0.03817865199740361,-0.06429291945133264,-0.07160724083076825,-0.02600571765469606,-0.02770162705256718,-0.04855103540898492,-0.050006513018717,-0.05917490901848199,-0.06111651237619836,0.00011061418528945932,-0.06124156040710216,-0.013402452545658305,-0.04958399461387841,0.0,-0.0019384285830622017,-0.04929738511549375,-0.023443845100666383,-0.04813407956148119,-0.03406828977273446,-0.06625569785525254,-0.04238902556583968,-0.059737165926313396,-0.05960270694805142,-0.05960640251506166,-0.05082696116631075,-0.05880850527053011,-0.057822817103841684,-0.03542979460585338,-0.07183658852446179,-0.05807284848873295,-0.05320605200570577,0.0009081685776572423,-0.0002154526866416373,-0.023616602944557807,-0.013653082703039221,-0.03218867290966437,-0.044421726167061026,-0.026879199828583777,0.0,0.0,0.0008393871867425906,-0.06238737956791002,-0.04470631363965599,0.0,0.0,0.0,-0.05294278471254554,0.0003147527761647728,0.00022140354188254774,0.0,-0.05108047738719884,0.0,-0.06010767328552835,-0.05418207646658285,0.0,-0.11010002168660105,-0.03690251894333341,-0.04688148420002847,-0.0483169533454893,0.0,-0.05742355596624493,-0.0555574193710458,-0.061053726784030704,-0.14018391996753737,-0.060321084027312954,-0.04583001598426195,-0.05890581536823869,-0.05041696661496348,-0.058173342682304674,-0.06612694349628334,0.0,-0.04550479440259514
0.0,0.0012072257496706928,-0.0484675090773031,-0.035238607439177394,-0.059390666763734834,-0.0379954868649276,-0.048278806214390624,-0.05169813529640993,-0.051997319694017746,-0.05798978445707581,-0.015564394650357749,-0.022546203814298005,-0.04381913548077071,-0.03358236663150427,-1.1102230246251565e-16,-0.00013844059407747134,-0.03905932720309846,-0.0019384285830622017,0.0,0.00035057823400103105,-0.0003329266382856022,0.0014169950604803194,5.6148762051233536e-05,-0.040751028251460486,-0.0016243812845794792,-0.038172726267608315,-0.10086753959480305,-0.05683099606952724,-0.0012611759097814756,-0.05571418262931199,-0.054319535194808144,-0.02889046395454603,-0.0004806885905704328,-0.05025680025745277,-0.04893959282238053,-0.04375856374164783,-0.048782019405630095,-0.040827590494194044,-0.0609140067992332,-9.216540008377683e-05,0.003944330803910379,-0.0016326955419104783,-0.05436270618668371,-0.0014705423177934773,-0.00016320845776640613,0.0,0.0,-0.08815679229563944,-5.551115123125783e-17,-0.01544430671111402,-0.05042909142436186,-0.04553006457527137,-0.06746110593394128,-0.03330905004786222,4.6264066476287e-05,0.03693844020056908,0.0009137221949921392,-0.05739018125573281,-0.1336417763501055,2.220446049250313e-16,0.0,0.0,0.0,0.024999014307320766,6.492166774868524e-05,0.0,0.00011508978926044744,-0.03173616689606984,0.0,0.0,-5.551115123125783e-17,-0.02210316702393622,-0.0009128546475238863,-0.0022034534412742612,0.00022382123159980782,-0.026822766003481657
-0.06273145554095744,-0.07757412786247775,-0.001181994390555996,0.0005436265339749391,-0.00835945932322818,-0.06698456109850426,-0.04457643711161868,-0.05583301114681327,-0.04272976221503327,-0.005033350054166497,-5.348505916291657e-05,0.0024249946201652106,-0.038428629576441165,-0.000656659795479464,-0.0869001535215197,-0.056089266507640845,-0.056860140196819675,-0.04929738511549375,0.00035057823400103105,0.0,-0.04781753077093215,-0.06704806205542674,-0.10954183151585706,-0.024182404630642806,-0.07709120102041683,-0.06300972355441842,-0.05538659282411246,-0.04016394315307581,-0.05632548525357517,-0.04705867645266826,-0.06156822190938077,-0.019832538373200426,-0.02293856495518476,-0.060638486761826926,-0.04308426137057031,-0.042424441514224365,0.0005305460912026216,0.005686976014380785,-0.051888149045623444,-0.08017500692486723,-0.06741826067673579,-0.051705906461313844,0.003266798617716893,-0.0006768874001465419,-0.0004544985483385666,-0.0401564783074459,-0.061207646213895905,5.233621421413259e-05,0.0,0.0,-0.0455460277134358,0.0012774130576250209,-0.004483154325994609,-0.0012163538559766818,0.0008103881211308228,1.1102230246251565e-16,0.0012735055664184758,-0.003024909432254197,-1.1102230246251565e-16,-0.08105036886618744,-0.06499217670313001,-1.9907899144244734e-05,-0.06563779434303518,0.0,-0.09370739157530977,-0.07857235283083008,-0.07478308448389065,-0.06577977115474809,0.0,-0.054281147296963594,-0.07998523096583643,-0.08433323102867679,-0.0691369669327267,-0.07516931535879173,-0.0009497873364121001,-0.07366044993265669
0.012965573550787424,-0.054861235466032277,-0.015494090063931598,-0.00019373848940601457,-0.0010640489571069334,-0.0460503556279967,-0.02994655718786593,-0.00589859363520806,-0.014348684669831635,-0.0025935363089769625,-0.0001125500876583696,-0.0018761357501523857,-0.037303054531877655,-0.0056957819341328375,-0.030398249453791326,-0.07713808380019505,-0.016035516364914792,-0.023443845100666383,-0.0003329266382856022,-0.04781753077093215,0.0,-0.04805103753070811,-0.051417467396563166,-0.013114265577579887,-0.01902207142567902,-0.03173362688864351,-0.03280667855307973,-0.04165465556196046,-0.0467551944713418,-0.035247902840923884,-0.052855420500453165,-0.017875760500353055,-0.06116873858143346,-0.05688667220533028,-0.03959733589836684,0.012955622901045738,-0.00039790625503444144,-0.002841926429371422,-0.022896449553232445,-0.0625733752044994,-0.04229652200203243,-0.005844881315712924,0.0028572885859863284,0.0,0.0,0.0016405143759207763,-0.08108375688873604,0.001995743347327217,0.0,0.0,-0.00423942611316247,0.00033167268638850667,-0.004906669754521642,0.0012589683602036716,-0.0006461922924639874,0.0,0.0005140198646164662,-0.005528810768799297,5.551115123125783e-17,-0.05532482044742437,-0.08150609532085995,0.0,-0.000530355888987255,0.0,-0.08284065033899823,-0.008596282330692318,-0.06844871168052452,-0.03378062096049134,0.001114627940747348,-0.054132459905215424,-0.05161004548524534,-0.06679383746196788,-0.06083662279853902,-0.06787936792069493,-0.002525614232469331,-0.05512843622027852
-0.09925644780787762,-0.04788094562208084,-0.00024448276001381997,-0.0029101452611189904,-0.05334378394155287,-0.06128025485862282,-0.047491282827642645,-0.04426071954361949,-0.03636734120452345,-0.007907190687100107,0.0003998504729484931,0.0005201204387171865,-0.044352777893332584,-0.0005869117591198458,-0.08055036822870115,-0.06709938287882533,-0.05263276511071974,-0.04813407956148119,0.0014169950604803194,-0.06704806205542674,-0.04805103753070811,0.0,-0.06580429550096856,-0.0010855517816502624,-0.07619787857408883,-0.057369742341623065,-0.05433013272729209,-0.03461285558722438,-0.07137824527904274,-0.020668487095306276,-0.05541307159098935,-0.019051400926960504,-0.03700919762734939,-0.05389036182939372,-0.04797760784338223,-0.0379209151817646,-0.0025123516086464903,0.004917232079986178,-0.026923775368055236,-0.05080579509438632,-0.04656634414313299,-0.05222199699946428,0.008403497456283493,0.000142167743451882,-0.00038110196051077683,-0.0764036260301465,-0.0634143061373984,0.00025511974514780267,5.277594583130707e-06,-0.0001333789352849224,-0.054138039422726325,0.003424265972710061,-0.0011684248131072494,0.0005299839315384136,0.0006870307868159231,0.0,0.001068586640598057,0.0015236718965628837,0.0,-0.07495120321383625,-0.07226159401105048,-0.0008883684628292476,-0.045958989820575835,0.0,-0.07454311519022572,-0.056264675754142235,-0.06835774284721291,-0.08301408023388879,0.002010532768143003,-0.06436307433510208,-0.06061708348280487,-0.08068493346097405,0.0011244237379324784,-0.0691582521025963,0.0005124370402144196,-0.057033848160229994
-0.038410408655105366,-0.08181338987561021,3.74706039403816e-05,-0.04565605497913389,-0.027726478222966866,-0.025040798263697206,-0.040159303937755075,-0.04355539374038914,-0.03476823828338277,-0.04510832339623855,0.020161404006820816,-0.0038071360852988123,-0.0364411957924225,-0.04851938824002028,-0.07919291608029216,-0.0668994638114116,-0.03153638820550381,-0.03406828977273446,5.6148762051233536e-05,-0.10954183151585706,-0.051417467396563166,-0.06580429550096856,0.0,-0.026091441626564404,-0.0558556733194257,-0.06896343395071702,-0.05176509424127029,-0.04653801514726036,-0.058040110378070275,-0.044517254208371215,-0.0460996290547675,-0.03237962670543726,-0.05984825701821889,-0.04398851423954442,-0.040145049927434784,-0.02442210661406885,-0.052363102565397945,-0.03471697606343527,-0.05332275604529507,-0.051463573060243295,-0.05231156750449295,-0.03233624200951418,-0.10813829087231197,-0.04761351573044931,0.0008285358393581577,-0.0006688976262232416,-0.06235612626698439,-0.020552636374797206,-0.0009609705986982631,-0.0457077029015871,-0.04405016302088116,-0.0538315561688979,-0.07180613793675877,-0.04645318535658771,0.0022286670304275114,-0.018281691759942376,-0.003245487649820522,-0.0581944641218064,-0.08463521211373998,-0.07587469373986927,-0.047339256852550915,4.842816635453051e-05,-0.0013942088256140295,0.018150438357934617,-0.09636272236208981,-0.0577875467902465,-0.06976391430096007,-0.034847041209597585,-7.105831246984051e-05,-0.0781546677351479,-0.06499083854612336,-0.040725287920886866,-0.05738760166008727,-0.06894693923108342,-0.05074277424441892,-0.05868636876222477
-0.022894321728548994,-0.05083384364946231,-0.0019035208845945006,-0.0007027731390411573,-0.01906516885960663,-0.00099023789529612,0.001349256644508079,-0.01588924509322026,-0.04294780875975457,-0.05214775401192967,-0.041576266417814645,-0.04174816016779087,-0.03140926479182449,0.003670352788809339,-0.05343804547743225,-0.053482401377689004,-0.06671707749577127,-0.06625569785525254,-0.040751028251460486,-0.024182404630642806,-0.013114265577579887,-0.0010855517816502624,-0.026091441626564404,0.0,-0.07392410399004873,-0.05599989085447732,-0.020562125994220026,-0.019764396864435874,-0.025014070856150095,0.0007819190779022045,-0.04960707299917705,0.044004669409213215,-0.004603084353693332,-0.0025112037202045245,0.0008714396730822305,0.03815732711856845,0.0023307895363602338,0.000382844723633341,0.03215259276659216,-0.026156459199302873,-0.028361783616623115,0.007453341718892281,0.0006469998503670915,0.00011601876696992752,0.016846077810419968,-0.05472333064763274,-0.005478514438346294,0.0,-5.551115123125783e-17,-0.00019128238495258465,-0.00011927224727636965,-0.00035315120594175964,-1.6653345369377348e-16,-6.797138672592906e-05,-0.084929235826115,0.00034254642961534243,-0.06496243032684157,-0.03266507751856851,0.0,-0.00160208430154124,-0.06125248244207271,-0.09359607305035827,-0.07019101879628781,2.331016512052697e-05,-0.000723086426813957,-0.0009894463465176528,-0.004525064216234054,0.0006158247623521129,-0.03371787767697643,-0.07364296469539083,-0.0823662891664459,-0.00015819584542436926,0.003276225365266172,0.0002626583191500109,0.0,-0.06622616805906606
-0.07099648476318449,-0.06646036182868864,-0.005707918656915001,0.0006699844430974045,-0.08206264879428532,-0.0855634652198321,-0.07829132208710293,-0.02516231306541722,-0.0850512488987738,-0.051360867998569926,-0.002286976610519187,-0.0648449029351928,-0.0761660481586593,-0.0004229618575458116,-0.06674696968094868,-0.057714155488788554,-0.013905612492872033,-0.04238902556583968,-0.0016243812845794792,-0.07709120102041683,-0.01902207142567902,-0.07619787857408883,-0.0558556733194257,-0.07392410399004873,0.0,-0.05781574273091372,-0.08230369297508361,-0.07085569363975275,-0.07457493234314783,-0.05421855528002556,-0.06951327109362665,-0.02843919626535707,-0.07044438352968524,-0.06560145793044508,-0.04807654689201479,-0.0004698264152517839,0.0003444337957734245,-0.06193420724836124,-0.025091974096065506,-0.040468632129304294,-0.05710918430831885,-0.03380607633117083,-0.0011119737424558629,-5.551115123125783e-17,0.0017832328458481927,-0.07462442888938903,-0.06440591784634325,5.551115123125783e-17,0.0,2.220446049250313e-16,-0.056354796564950516,0.0010093111028177115,0.0010438657250471661,0.00044860808632668503,-0.08687446115669645,-0.00032445494895222415,-0.08653132367186916,-0.06864408489116652,0.0,-0.12132395510022842,-0.05123440065101059,-0.06571643326679016,-0.055212021567426606,0.0,-0.051701143051913145,-0.09599645511452765,-0.08178042108408384,-6.2934574332707e-05,-0.07333250347337,-0.054969688540938255,-0.06810777801344736,-0.054159982179524224,-0.06968079118373238,-0.07496599575698115,0.0,-0.055980068830801866
-0.0501877854532094,-0.0813988200300424,-0.05584048376135292,0.0011990560030477049,-0.09194709467912981,-0.09248136280860497,-0.078692138152472,-0.01869192391887825,-0.10322659764267061,-0.07871958725056538,-0.05706963308021101,-0.05792651463844711,-0.07160778179231503,-0.0019469500768953263,-0.041952444164244984,-0.09675427723635227,-0.05773104492657921,-0.059737165926313396,-0.038172726267608315,-0.06300972355441842,-0.03173362688864351,-0.057369742341623065,-0.06896343395071702,-0.05599989085447732,-0.05781574273091372,0.0,-0.07145049884886717,-0.07358715822255874,-0.06918748919867224,-0.055574030804893204,-0.06969685552969956,-0.04015126711695255,-0.07320125486370238,-0.07538055467613414,-0.0598250121510403,-0.023920065554719372,0.0013868088646052934,-0.05895449994263957,-0.03815712110610775,-0.05260389643416363,-0.08072067193431598,-0.06579978147514398,-0.005629105526627987,-1.4344261812959669e-05,-0.0040910612061687,-0.07439533443971236,-0.09169734047403527,0.0020035388818709365,0.0,-4.1531278848760955e-05,-0.0815977272099408,0.00198015474305252,0.0018465975379280963,-0.0019909222766250068,-0.1076358073246938,0.0,-0.10349366772426116,-0.07952785673150953,0.0,-0.06063448191420395,-0.07860773649554842,-0.09292185325926733,-0.06711073755692326,0.0,-0.07284542819772094,-0.026235866888658255,-0.06915536632640157,-0.10224422084366919,-0.08009808326275408,-0.06504756906778136,-0.07898163347312925,-0.10773681706393673,-0.07982669861421687,-0.09119962517384606,-0.00042787619230494345,-0.0816836688407947
