0.0,-0.005465701489537567,0.0006030936242933382,0.0,-0.002453561596978626,-0.00038246742455366745,-0.005465732633487319,-0.02707046501379573,-0.001701946894914541,-0.03614294774984306,0.00236843643037582,-0.03524713042446448,-0.023216262971214485,-0.022813262882827035,-0.003851086071879173,-0.01818877079002379,-0.008475674445076131,-0.0020369301291255915,0.0,-0.049583701057570095,-0.03438433287840631,-0.012147316776983719,-0.017963690269046872,-0.0485812776925002,-0.002869323638114152,-0.022319561742891514,-0.0234989398421086,-0.07609762931505298,-0.007258172541869556,0.0060363863084030855,-0.027714285341757572,-0.010249119404818818,-0.041444994920914635,-0.031894227163789646,-0.03493697558820069,0.0021432420217437076,-0.0016222985437342463,-0.05872353574126721,-0.016072382649352235,-0.004767847159680261,-0.01619792769162698,-0.0035835285572848874,-7.25154632448266e-05,0.0,-0.003050424480514291,-0.06921083632067015,-0.015490706855797898,0.0,0.0,0.0,-0.019259729389117963,1.1102230246251565e-16,-0.002053688879766924,0.0,-0.005701474640008475,0.0,-0.0028787276729066447,0.0004021257116261223,0.0,0.0005772379061748101,-0.016848047420123524,-0.004001927255591231,-0.0024748673867748816,0.0,-0.003057562740840236,0.014058646962424592,-0.02187836365088569,-0.0029977481002025352,-0.005759160127620067,-0.004416746036565333,-0.01725090866251011,-0.005026290067687622,0.0006481833722362107,0.005576758672231785,0.0,-0.009164283521606531
-0.005465701489537567,0.0,-0.006378250563883081,0.00010423672225640113,-0.02704715680067965,-0.01709945791123374,-0.023080522766415645,0.013203801132279147,-0.011915333731623179,-0.026293211030505248,-0.0011439404667600295,-0.00410578170646031,-0.022188409361062145,0.002206214969927678,-0.011594228110709315,-0.012437191759139266,-0.007221408631887083,-0.014491147342861221,-0.00217555039140116,-0.015315758718300265,-0.011462255062230586,-0.0038840311750474865,0.0056546086604009616,-0.013549834776958536,-0.006280615804397538,-0.020419930858430357,-0.014930001157551165,-0.0045707303659930365,-0.01324005872222983,-0.004166327287804805,-0.03593491026521939,-0.007639643773279137,-0.025640763327143157,-0.026214502492996672,-0.010645473363479152,0.0010025359401701905,-0.0008833578178074064,0.0,-0.013296391794925977,-0.004636807758241157,-0.02219099616429443,-0.02661718714379141,0.001500307265319356,0.0,2.220446049250313e-16,-0.01484955984698516,-0.013084528244230953,-0.0007452950241883527,0.0,0.0,-0.019863502416807288,0.0018695328331809202,0.004547196163542877,-0.0006594965277614828,-0.0024436566903770496,0.0,-0.0017821321564327475,-0.014819143821156677,0.0,-0.029619627736404974,-0.013260463796882671,-0.0008376865843859882,-0.00908660079886181,0.0,-0.03575395430761952,-0.025609771654419855,-0.03386109207798921,-0.009078047486849983,0.00015355244836445792,-0.013138118131528875,-0.01963218200899086,-0.02234530149981384,-0.02386273209013068,-0.012641144924569914,-1.1102230246251565e-16,-0.027840260649787563
0.0006030936242933382,-0.006378250563883081,0.0,-0.026097282401849053,-0.009434852537151928,-0.015271035932158117,-0.03854306887030773,-0.018794823819279716,0.016872344035299025,-0.014606504518760999,-0.005657936559497367,-0.02702828076984426,-0.03459894847235906,-0.029631053442986943,-0.0007503482232305014,-0.0024811194036321593,0.004189596125799999,-0.0006593776806220752,-0.02121865119758254,-0.0019861592344133094,0.0069934397090477,-0.005975217457564297,-0.0325076247100593,-0.0009637470111075186,-0.012299432734193982,-0.007542731287917215,-0.02331703189050971,-0.0282251018897533,-0.0062165125820445866,-0.0019528035117261644,-0.022972136703192536,-0.027733797772108104,-0.02039802018320902,-0.03271682727251679,-0.028534812391747544,-0.02543162693069967,-0.020119699116144973,-0.03883603540957248,-0.06712897104875504,1.485148307778239e-06,-0.07017900337176353,-0.06478594671332061,-0.053727303158806305,-0.06743363466501517,0.0,0.0,-0.00111642490022551,-0.11378611380877607,-1.6287166875517123e-05,-0.10173981640773244,-0.0023186965693552386,-0.02967329353950532,-0.036537573574061954,-0.23123322782485667,-0.008572219604082498,-0.13385351300855314,5.449529733914105e-05,-0.06253622803056358,-0.12153539847691691,0.0003823012363468048,0.0,0.0,0.0,-0.1180358080149855,0.0021427601782660344,0.0011870031826792804,0.00022386159500786817,0.003206111292396785,0.0,-4.377960212981202e-05,0.0011118486949669992,-0.09024892068601936,-0.06951951463357514,-0.009436648766673716,0.0015524453967232787,-0.07720719783295898
0.0,0.00010423672225640113,-0.026097282401849053,0.0,-0.0245055353403848,-0.012512373005947486,-0.015375420186974631,-0.0382008123252387,-0.04128162493080745,-0.0018960520875817288,-0.05212317892826629,-0.003469770035624542,0.01740731143228208,0.03792978517398404,-0.0019528750763992409,-0.0025311533609672088,0.002409633372950859,-7.416669297583e-05,-0.041793662297846645,-0.029533652353107287,-0.0023667943392629565,-0.0013258710567117804,-0.019874742230415354,-4.247803533807826e-05,0.0002598741050201525,-0.0024432066935236585,-0.021838992042383376,0.04767245669769943,-0.014709949874796457,-0.00025248476259359665,-0.0005555953532428992,-0.017116305221395678,-0.07139595942169114,-0.012616375290545823,-0.06303322650744816,0.022763446295221534,-0.02747952437378748,0.002500458651204074,-0.010546844129073085,0.0011500553752422649,0.0003573920733223046,0.002773456240291239,0.0031312419946563086,-0.0008227990772303184,0.0,0.0,0.0,0.0022978900108914235,0.0,0.0,-0.0009034892378009807,2.220446049250313e-16,0.0001697403528894137,-0.0007946415353261571,5.551115123125783e-17,0.00032129513855960745,0.002484502243076281,0.0010633140237443772,0.0,0.0,0.0,0.0,0.0,0.0,0.0,0.0,0.0001496599390011233,-0.008306809195366971,0.0,0.0,0.0,-0.012627877763846884,-0.004379733399497265,0.001252816846218141,0.0,0.0
-0.002453561596978626,-0.02704715680067965,-0.009434852537151928,-0.0245055353403848,0.0,-0.02990736495688112,-0.037976433194535586,-0.02367876307893002,-0.013863934250204324,0.0011274197361775262,-0.008221284934143924,-0.0019390767366225248,-0.0190848217499211,-0.0020814998968001763,0.0015117866860610563,-0.01429719017061315,-0.001789499747663903,0.0024843241705052588,-0.02886856183012232,-0.014530052735371335,0.0032663260275868633,-0.005457036384004688,-0.02371183779654068,-0.000591567436082796,-0.03012621300688839,-0.021860021156520026,-0.022575772925715776,0.00287621475804678,-0.015258088071200548,-0.009363659935379798,-0.028732285449280526,-0.026312317365295657,-0.005893386601194761,-0.019518466138429114,-0.02558021016068207,-0.013570146227063568,-0.05009959835267008,0.007272689345245054,-0.00797434817081355,-0.0006445465625287694,0.05584310582650798,9.092749933836686e-05,0.012078299590976171,-0.005258528769659432,0.000654224115340496,1.1102230246251565e-16,0.00043904225332408453,-0.031070231969332895,0.0,0.014854403776505154,-0.005834949046979232,0.0026522075478233598,-0.04837029861068426,-0.024668113212831022,5.551115123125783e-17,-0.008965435765060259,0.0024525609821954286,0.0016659843066011426,-0.0066621945894374535,-0.0009134415814192609,6.070768973476248e-05,0.0,-5.551115123125783e-17,-0.020518828058247285,-0.00026587055287474737,-0.0005029617197999658,-0.002238355638251921,-0.006207202203063811,0.0,4.761564788735573e-05,-0.001271724883009251,-0.01748680102125383,0.00025679033215947333,0.004787194927758309,1.1102230246251565e-16,0.004032149186894485
-0.00038246742455366745,-0.01709945791123374,-0.015271035932158117,-0.012512373005947486,-0.02990736495688112,0.0,-0.0255448913079816,-0.011850162652826679,-0.01921211358341518,-0.10506058485772979,-0.03449822590647289,-0.03087602132217171,-0.008414025574602746,-0.04301713853296252,0.004838794059358775,-0.00021575269060031266,-0.026643629032170435,-0.03184601414074506,-0.03689932965757786,0.0005921126601028392,0.0007702445541376557,0.0010256859708613342,-0.023956680607651215,-0.003712976940252466,-0.02876166749580894,-0.013361852196025092,-0.011330124062733815,-0.0013997600980522051,-0.01893965899786998,-0.017773842109543136,-0.03498500401139021,-0.011050582544726129,-0.001960336945262098,-0.02680374780490974,-0.009722805772772236,-0.013514961080172527,-0.012423376888063609,-0.024310061981294206,-0.028466097186591988,-0.0032544696811669938,-0.041691822281326785,-0.06514848183725513,0.018140625923304787,0.03460527644940947,8.196404909377453e-05,-0.0010215713376735547,-0.010275257778348201,-0.014053163912874811,0.0012257745271774811,-0.001783364621016692,0.0027802753111105805,0.011797569775286898,-0.02408832873920186,-0.011249396426272096,-0.04015828702582336,-0.00912703351111932,-0.02487630727486767,0.006868603544857854,-0.003269482279894931,-0.04238669097819936,-0.0085701591530018,0.0,-0.0012883650733939156,-0.01651652446081231,-0.0337783829435655,-0.06383319267433119,-0.02307650828313701,-0.0069763860157204816,0.00015737874419952114,-0.0071656800509249385,-0.015413369635973007,-0.00708283066061155,-0.0026940274153768873,-0.015225032057693155,-0.002482586130860276,0.010832557314617852
-0.005465732633487319,-0.023080522766415645,-0.03854306887030773,-0.015375420186974631,-0.037976433194535586,-0.0255448913079816,0.0,-0.02370657557111633,-0.030939742543790283,-0.0015027787936489623,-0.03654878629430658,-0.006644168662137406,-0.005480497872706991,-0.017530337667435558,-0.001073317590364553,-0.015020608549254688,-0.028893372901674208,-0.03450271307361402,-0.05897582711020949,-0.009051040655732812,-0.005133545083392033,-0.005381980789612328,-0.028202470744288666,0.007782280871521219,-0.02870362259325543,-0.03522884383441183,-0.029848610011569243,0.021832706144503278,-0.015609061819573722,-0.010022067897398568,-0.003275089859797742,0.00020184102965231654,-0.030008227290702127,-0.011563801881189162,-0.00025870437922592693,-0.009925506443219434,0.002382202365128816,0.009192368260997175,0.023850395856213402,0.0008844002531268602,0.049364374195880356,0.006710685553114215,0.03041486894152412,0.009191966625037185,-0.00043147061821185995,0.0,0.0004455211773847223,0.0007900830635111378,0.0,0.006010276869231557,-0.0021651824775200668,-0.0003078233109543582,-0.009085491076096186,-0.025512906842024896,-0.00021416732535467498,-0.010499924000178795,0.0012114304316228064,0.004924644216751428,-0.0005205888416190962,-0.03892276911045556,0.00030164783194802647,0.0,0.00010748987015624101,-0.004080834909736097,-0.033921682839974765,0.0025830562274349322,-0.0015638459304563868,-0.0031746680907352998,0.00022880252275425672,-0.00013710288007373617,-0.0005002570646575055,-0.014162340798198447,0.0009424613523726366,-0.0030454559849646956,-0.0020706883734743498,0.0011368529908257763
-0.02707046501379573,0.013203801132279147,-0.018794823819279716,-0.0382008123252387,-0.02367876307893002,-0.011850162652826679,-0.02370657557111633,0.0,-0.036789903803667756,0.025032330763815502,-0.0017914058803379929,-0.011947519625937653,-0.026558097419166204,-0.027416322422087525,-0.05848940277057235,0.009134246005610636,-0.0005369677873592882,0.00025710148109880926,-0.026028304744149744,-0.0022781250787947682,-0.03305369612159609,-0.016875379388618494,-0.01148710334707137,-0.016364939968763093,0.001197450429004765,-0.0073668421499779035,-0.022978139514944984,-0.02965202469551942,-0.0007179784425038749,-0.051877142251622155,-0.04039489213763742,0.0024696496368638576,0.014079348561026772,-0.025841807306640097,-0.016789523873621703,-0.030336833276962044,-0.14611021875191532,-0.0042852358429057436,0.0007375395936297657,0.0010645688100169859,-0.008893881710626383,0.009051331916336003,0.01942338597662291,0.0017862993368317204,0.0,0.0018385210057735857,-0.005016336342909822,-0.04142386481793631,0.0,-0.003224133565750187,-0.028428529060269214,-0.012160471744793178,-0.11925446553702496,-0.03013631634304781,0.00011515201045059209,0.0017349081131178279,-0.00018738517354283113,-0.015259064633617148,-0.08779323166259806,0.004371983941924229,-0.00046156896505245015,0.0,0.0004548012707124016,-0.02088051770693511,0.006309487376984779,-0.17812906867058073,-0.002251939178078033,-0.040180967590544514,-5.551115123125783e-17,0.0024868901183396908,-0.03471627213772954,-0.03956508172191958,-0.01245369065223223,-0.01662695015099752,0.004584270565198945,-0.05256557823571045
-0.001701946894914541,-0.011915333731623179,0.016872344035299025,-0.04128162493080745,-0.013863934250204324,-0.01921211358341518,-0.030939742543790283,-0.036789903803667756,0.0,-0.02642818942466163,0.015986719124320314,-0.03503798430939564,-0.027471282785958395,-0.041444145865260074,0.009003279683823584,-0.006781484886014266,-0.02039739992302969,-0.040124673016543766,0.0017757000493870412,-0.008395127005057679,0.00048424965164534095,0.0004045855360877981,-0.03229254074956017,-0.024221008668237953,-0.04342858615862716,-0.028572239115091824,-0.013964019040925202,-0.042512435482704225,-0.01795367142361165,-0.03590189754770179,-0.04742400091758098,-0.042421800596047,-0.05594403099925427,-0.044935773481454666,-0.03986952779012387,-0.0448370074120204,-0.03423950124068459,-0.03547227765574723,-0.014650228656445219,0.0031083599864859535,-0.0740417367080593,-0.05590902119578167,-0.031782245558868216,-0.0020654151761360096,-0.0003227916477941961,-5.551115123125783e-17,0.00021585264794926617,-0.05607571000409434,7.824431335790027e-06,-0.015976877984964943,-0.010263446666887166,-0.021218467103136796,-0.04548984290021896,-0.047737574403568295,-0.04254478481970719,-0.020453693593616706,-0.031545479422220246,-0.019021929510837254,-0.00581201294303868,-0.002480414624550231,-0.0015060820057877233,0.0,0.0,-0.04815815765568621,0.0005897577706281965,0.0008507529614664722,0.0002740584757325304,-0.020564983076460708,2.7498722359686756e-05,-0.00026047068841578147,-0.004751811406688955,-0.016891747303834026,-0.011723486010149164,-0.014329848022316682,-0.00032799847311393293,0.0029141000047648857
-0.03614294774984306,-0.026293211030505248,-0.014606504518760999,-0.0018960520875817288,0.0011274197361775262,-0.10506058485772979,-0.0015027787936489623,0.025032330763815502,-0.02642818942466163,0.0,-0.013624197700864593,-0.01604611195708372,0.012033971330812077,0.04451251705515197,-0.023876375408593442,-0.0023317532012360753,-0.030672850407797547,-0.012715215970246607,-0.031871238085155074,-0.03669002736056659,-0.0061616486811984506,-0.028674898438640406,-0.021140324505489028,-0.022055063932451213,-0.02862734386707677,-0.029084666948400617,-0.05175391575495497,0.004632906221437305,-0.039553567998637906,0.027610380630342435,-0.0019658130676746266,0.016341833239147452,0.014686882412354996,0.0018094315047258447,-0.014692819170020355,0.057479102811859695,0.008725584091532623,0.00986478768337562,0.002826219274467634,0.010873596448120526,0.04195611339202138,0.0011891239351536353,0.006782032807371108,0.0038115378683121204,0.047672832438140245,-0.030227805431243482,-0.0031623683087883547,0.0008107865163524686,4.442820505151657e-05,-0.0013210213437028218,-0.0012191431174771172,0.05666681027082382,-2.533271586613317e-06,-0.0003444985910696641,0.021346741133116687,0.0017461671522329691,0.012677021687048928,0.030598448239450904,0.0,0.0001709240005917656,-0.010507221877381623,0.005531152431713038,-0.0022237959377855443,-1.4603783817124238e-05,0.00023727458428574044,0.0006436455295847354,-0.00026405521436484447,-0.022322316508176898,-0.021928050049353887,-0.0016613092353658376,0.002029815880220498,0.000739644514067217,0.04442649583268227,0.00101980815111552,-5.551115123125783e-17,0.04963436635462537
0.00236843643037582,-0.0011439404667600295,-0.005657936559497367,-0.05212317892826629,-0.008221284934143924,-0.03449822590647289,-0.03654878629430658,-0.0017914058803379929,0.015986719124320314,-0.013624197700864593,0.0,-0.022971904975826685,-0.037134212075885464,-0.0009405338899137194,0.0,-0.00015960054318725492,-0.012262793715252962,-0.011078226166304439,-0.014232059418967158,0.00012243061684585888,0.005962332509635515,0.0004493773189663819,-0.022193546704443567,-0.014295208870515053,0.0035061469528816502,0.007831358727637905,-0.007477489725602249,-0.033397821644769565,-0.004439331169720728,-0.0008100310997526949,-0.03723531953294407,-0.012748353162475246,-0.05367352800847547,-0.03608909580666608,-0.03040670195508488,0.005041496136264256,-0.04063599287087821,-0.023076674983384116,0.018820915391532134,-0.003681429528351987,-0.07156542057687787,-0.008940683171037578,-0.005028469046333639,-0.00022378864394745346,0.0004030263146726498,0.0,1.1102230246251565e-16,-0.07943827939163478,1.5151056772522153e-06,-0.02248716154905056,0.006263469948460609,0.004379159981474645,-0.016006587371286185,-0.0861887437829656,0.010636352489852174,-0.03756380151632571,-0.036970910160734116,-0.011532156998788567,-0.07773043741056246,5.551115123125783e-17,0.0,0.0,0.0,-0.09219714489356609,0.0008261006234214774,0.0,0.0004635597758014254,-0.0009148213849163866,5.551115123125783e-17,0.0,0.0008092625587384217,-0.00621189558174895,-0.014988197806695747,0.00048143321494825697,0.0,0.000556046117293596
-0.03524713042446448,-0.00410578170646031,-0.02702828076984426,-0.003469770035624542,-0.0019390767366225248,-0.03087602132217171,-0.006644168662137406,-0.011947519625937653,-0.03503798430939564,-0.01604611195708372,-0.022971904975826685,0.0,-0.004443035104206905,0.002701478348953845,-0.00416103992404987,-0.0014840416527249212,-0.004720232652819789,-0.0018312549151511814,-0.03192913520275137,0.018449511823636577,-0.03469544684330178,0.04905054147746879,0.011922596961874143,-0.016885151179603486,-0.006769554257569754,-0.036222352219199894,-0.01570580398840188,-0.07223027399763438,-0.0238168348584632,-0.001660531602546922,0.007091422506296963,-0.00046392887757534806,-0.04169710355591463,-0.018942150948383085,0.008820485729818694,-0.04860394238558241,0.003587718573967391,-0.027754721398912524,-0.03147197243564026,0.016503766159071454,0.041931132382025615,-0.032972583907742326,-0.0036188104952642464,-0.00012142077022381237,0.06410360200497439,-0.0018340811956711334,-0.00026396201454315094,0.0007352128094678667,-0.00098165432165917,-0.0023350326072104632,-0.001805851254504498,0.0022137146386980167,-0.0007826492997090595,0.0006190259516943852,0.016111663589247427,0.0019589871068246834,0.013026226382044703,0.055445574484413396,-0.00026369787032914926,-4.643435149004338e-05,0.001982066823307038,-0.002714545951525482,-0.0011965634471384212,-0.00036993174780652893,-0.0003752230896866271,-0.0003263936023420455,-0.0010583291010104467,-0.004945417307298028,-0.0011185241642034383,0.0073074783794307985,-0.0020150058814602523,0.02548821914112437,0.07002268403605216,0.004295879682247372,0.0,0.0418551356739032
-0.023216262971214485,-0.022188409361062145,-0.03459894847235906,0.01740731143228208,-0.0190848217499211,-0.008414025574602746,-0.005480497872706991,-0.026558097419166204,-0.027471282785958395,0.012033971330812077,-0.037134212075885464,-0.004443035104206905,0.0,0.023485538141423123,-0.026447167880806755,-0.00914585279448471,-0.011925288834224168,-0.02503781621231027,-0.057468608515659936,-0.009693487055632832,-0.034075476546948535,-0.005800604728318448,-0.025821361517810337,0.0023702213043448883,-0.02506135481356564,-0.022811354718841603,-0.027954548607359853,-0.003649255865997958,-0.006933460685644599,-0.018344645312891983,0.003696074043472053,-0.0010303519204052924,-0.02067748379005313,-0.011783113493781805,0.0019403602656801189,-0.011947794211269513,0.023535921700956308,-0.0005765121749711222,-0.006569694140642179,0.0014693483395856743,-0.049399341821694975,-0.038623286300223436,-0.0025292730477200487,-0.0010465684820816223,-0.010178909602355124,0.001132891343171183,-0.009046338236221418,-0.009150993387841644,0.0,-0.006920932780885236,-0.00961359339378598,-0.0019796166833678797,-0.021273996103650605,-0.014646031097260037,-0.08472258430193408,0.0017315478477125668,-0.06999516911252107,0.003310693903379347,0.002329789205849586,-0.05375215374824793,-0.007100131850824587,0.00017924800825630527,0.00038125799683302874,-0.007024550295082088,-0.03842670989638475,-0.0002488571683558205,-0.02580071296526487,-0.008565503855737289,-0.0020891143373777954,-0.01087366747173707,-0.01073257830430796,-0.00954352814052084,-0.001262615138954648,-0.014849876815599294,0.0006395019545120117,-0.0027832051269972014
-0.022813262882827035,0.002206214969927678,-0.029631053442986943,0.03792978517398404,-0.0020814998968001763,-0.04301713853296252,-0.017530337667435558,-0.027416322422087525,-0.041444145865260074,0.04451251705515197,-0.0009405338899137194,0.002701478348953845,0.023485538141423123,0.0,-0.000971101843359079,0.001961126676284286,-0.00020358621373084418,-0.0002103889434903472,-0.022406696921813518,-0.0016371158452114787,0.009514584660535785,0.001117900163448704,-0.024210653520847225,-0.013145097475432521,0.0002788736254416557,-0.00979219245368873,-0.02823151062140089,0.06059066767680493,-0.0036691741026056435,0.002487304828848791,-0.024621466258071545,0.02040022202430475,-0.015237150789437603,0.009685354340251695,0.018575185263393912,0.015290983094989746,-0.018658699894985725,0.00161319198949611,0.009411762116512234,0.0,-0.00027912011829189787,-0.0002346659382984062,0.022017310657331368,-4.361229808402811e-06,0.0,0.0,0.0,-0.045524847291453785,0.0,0.005512718315761556,0.018310119993236118,0.042105613286968435,0.03754566771256246,-0.0528533035704124,0.0,0.06798455155699457,-0.0005093756005857819,0.0037924927514353945,-0.023794379492509843,1.1102230246251565e-16,0.0,0.0,0.0,0.0020633652846860917,0.0,-1.1102230246251565e-16,0.0,0.02873664149234767,0.0,0.0,5.551115123125783e-17,-0.005039170818483263,0.0025975690814419305,1.1102230246251565e-16,0.0,5.551115123125783e-17
-0.003851086071879173,-0.011594228110709315,-0.0007503482232305014,-0.0019528750763992409,0.0015117866860610563,0.004838794059358775,-0.001073317590364553,-0.05848940277057235,0.009003279683823584,-0.023876375408593442,0.0,-0.00416103992404987,-0.026447167880806755,-0.000971101843359079,0.0,-0.01950232875657293,-0.035375909825605234,-0.03414627208899612,-1.1102230246251565e-16,-0.00893229014166469,-0.035787270505733604,-0.010912047564234084,-0.04778512043492644,-0.026711628870500603,-0.018736186607470506,-0.00938868856220787,-0.00762466562743952,-0.014456571686459974,-0.03905505177524382,-0.06200050552219505,-0.026543350546771982,-0.014627000043516192,-0.031101326099775728,-0.03041559807158728,-0.008161554261443216,-0.028853982360623642,-0.012400116162801122,-0.00041404113311149793,-0.038220276185143454,-0.05760241626387974,-0.04362778855899785,-0.03742351351548079,-0.13347546252415166,-7.857785358650338e-05,0.0,-0.00574499219575908,-0.04356332637007981,-0.05437678888809372,0.0,0.0,-0.03924315731618311,-0.015961138500303396,-0.10041141817003446,-0.00042092061752618815,-5.551115123125783e-17,0.0,0.0011208419120094515,-0.02774348982815933,-2.48364569315207e-05,-0.03411361193059981,-0.04701889205555221,0.0006939644196712891,-0.03558965719445961,0.0,-0.03069491890184034,-0.03907652694346986,-0.0342250095333449,-0.03321854656402329,-0.00018390463204348562,-0.025038306212416706,-0.03435397035260751,-0.029387793706699528,-0.03536916507487392,-0.04107647787060048,0.0027561260506941965,-0.04386262658469847
-0.01818877079002379,-0.012437191759139266,-0.0024811194036321593,-0.0025311533609672088,-0.01429719017061315,-0.00021575269060031266,-0.015020608549254688,0.009134246005610636,-0.006781484886014266,-0.0023317532012360753,-0.00015960054318725492,-0.0014840416527249212,-0.00914585279448471,0.001961126676284286,-0.01950232875657293,0.0,0.001310244282861972,0.011466257445082506,0.00044231340403655395,0.002838506320585743,-0.011002802148456281,0.013698177297633563,-0.008270018486472075,0.006741798633434881,-0.014034420221552935,-0.017295595262165675,-0.0014945112735206267,-0.013544684404008911,0.00703346817813677,-0.03493487156743791,-0.013463532610538897,-0.0052083326435459765,-0.038777409822347786,-0.0023712521841891543,0.01922481564437062,0.00425014309312044,0.0014581058711660155,0.0004874875931900058,-0.012082452134226151,-0.026330369972541734,-0.02434337258474939,-0.027767730047928818,3.2384844856514494e-05,0.0,0.0,-0.025951456979277754,-0.020585491717413085,0.0,0.0,0.0,-0.014098121854238088,0.0003679600677231609,0.0009985117719312764,0.0,0.004260585854285737,0.0,0.004564264586850886,-0.022727068616372303,0.0,-0.03742695700964771,-0.022741749081177043,0.027611398993428127,-0.001470098059488778,0.0,-0.05276251389523623,-0.014162233035432847,-0.029554032308005962,-0.011236298268458567,-0.0015051947795099996,-0.006018761826527552,-0.010332043279081216,-0.026987002755270828,-0.0013760115192373301,-0.018533874218895463,-1.1102230246251565e-16,-0.018298527232597728
-0.008475674445076131,-0.007221408631887083,0.004189596125799999,0.002409633372950859,-0.001789499747663903,-0.026643629032170435,-0.028893372901674208,-0.0005369677873592882,-0.02039739992302969,-0.030672850407797547,-0.012262793715252962,-0.004720232652819789,-0.011925288834224168,-0.00020358621373084418,-0.035375909825605234,0.001310244282861972,0.0,-0.016030515905386677,-0.030605052605043814,-0.02081722276951259,0.00649301068863517,-0.024623683346525815,-0.013932494005541862,-0.00334186379539142,0.0029185091088473336,-0.04511407012083163,-0.006036684010530535,0.0006845433602830076,-0.018794942098565637,-0.0022308659449021273,-0.025063626557473295,-0.019127620695640002,-0.007183743787818886,-0.017881312482903422,-0.03536157943635193,0.04418154863308826,-7.307709221554548e-05,-8.988613188126715e-05,-0.036790069697610506,0.003138779473906228,-0.01017474328357515,-0.0010981435975448983,-5.551115123125783e-17,0.0,-0.0025959321269308777,-0.0042937277896672454,0.0006162413183584126,0.0,0.0,0.0,0.0,0.0,0.0,0.0,0.020759202528800924,0.0,0.008419730493383404,-0.001119677590727397,0.0,-0.0005048494159172745,0.015299064438143495,-0.005191218813207776,0.002303598674811669,0.0,1.1102230246251565e-16,0.0,-0.005269194140109734,0.0,1.1601648537695741e-05,0.02410909984331694,0.01861912793803283,0.0,0.0016481666010885743,0.0001951694832305062,0.0,-0.005068414022822432
-0.0020369301291255915,-0.014491147342861221,-0.0006593776806220752,-7.416669297583e-05,0.0024843241705052588,-0.03184601414074506,-0.03450271307361402,0.00025710148109880926,-0.040124673016543766,-0.012715215970246607,-0.011078226166304439,-0.0018312549151511814,-0.02503781621231027,-0.0002103889434903472,-0.03414627208899612,0.011466257445082506,-0.016030515905386677,0.0,-0.0003235741133376102,-0.024690419664130214,-0.021496349740688092,-0.016415301071667276,-0.01317967074458759,-0.0006847140076784441,-0.0007640382829152137,-0.011552791754355696,-0.01699218676479508,-0.0186061678996135,-0.006555525100985726,-0.006764935888987134,-0.025114389791876024,-0.018350513833398696,-0.02551004345699459,-0.018108579491341814,-0.0389392385802782,0.011396757859595763,0.00038884104751141235,0.0034022275025686333,-0.019482303023674152,-0.01045061494304722,-0.005442142123131488,-0.003634336417605133,0.0,0.0,-0.004373535918937577,0.0006038090732689572,-0.00333498238453378,0.0,0.0,0.0,-0.025306982049337623,0.0005463200060424334,0.003297961505362823,0.0,0.0386876802949091,0.0,0.033384288182844724,0.0008253776174668159,0.0,-0.04479585881312942,-0.007661511668171861,0.013101225444850428,0.005807976447398833,0.0,-0.003547455898443186,-0.03873859925139139,-0.026286901723330702,0.0012219395358579743,-0.0026829016981080867,0.013515887176266339,0.01685312087126367,-0.0010479395338706121,-0.0012954255198935338,-0.014461529787156313,0.0,-0.007318996716334181
0.0,-0.00217555039140116,-0.02121865119758254,-0.041793662297846645,-0.02886856183012232,-0.03689932965757786,-0.05897582711020949,-0.026028304744149744,0.0017757000493870412,-0.031871238085155074,-0.014232059418967158,-0.03192913520275137,-0.057468608515659936,-0.022406696921813518,-1.1102230246251565e-16,0.00044231340403655395,-0.030605052605043814,-0.0003235741133376102,0.0,-0.0009911659087882274,-0.0009045680889971375,-0.001375078460606971,-0.04699736242331687,-0.07804574562736755,-0.00041518403404405824,0.0016475734108784001,-0.024368945004799913,-0.04834398318078559,2.250658995245347e-05,-0.0002960093275040099,-0.06138936827823016,-0.042965240498285706,0.0022220195845575885,-0.058314827939684954,-0.05829442317638028,-0.0365551114139252,-0.04342624664402134,-0.0358595741966809,-0.0036673820569950166,-0.00013648319441578183,0.0004914347452848467,0.0027556512423835278,-0.015287104219452508,-0.0015850192997908241,-3.851913012886676e-06,0.0,0.0,-0.11970542033503567,-5.551115123125783e-17,-0.012533219122449313,-0.010220602263790401,-0.019711791449910976,-0.05085096903901526,-0.04098447351456658,0.0005302998647172541,-0.15465293574545685,0.0017995212115823334,-0.01134986640089597,-0.010404033207551455,2.220446049250313e-16,0.0,0.0,0.0,0.007441332896701569,0.00016800310973108523,0.0,-0.00023463391851269444,-0.014244682902083805,0.0,0.0,-5.551115123125783e-17,-0.019516234715950875,-0.01753419150304475,-0.015655466443638855,0.0005792005078815166,-0.0009602524833640658
-0.049583701057570095,-0.015315758718300265,-0.0019861592344133094,-0.029533652353107287,-0.014530052735371335,0.0005921126601028392,-0.009051040655732812,-0.0022781250787947682,-0.008395127005057679,-0.03669002736056659,0.00012243061684585888,0.018449511823636577,-0.009693487055632832,-0.0016371158452114787,-0.00893229014166469,0.002838506320585743,-0.02081722276951259,-0.024690419664130214,-0.0009911659087882274,0.0,-0.03694420458983305,0.0063603937814944445,0.005679663395275425,-0.006989422243208809,-0.023063254770107677,-0.011324456324284526,-0.007564242762429674,-0.039686476548732474,-0.020348531381664203,-0.12963174173850572,-0.022650518867268266,-0.011161678138753961,-0.04435468849409718,-0.015976504340231457,0.00027713536126672267,-0.08429673189305759,-0.014485314426344709,0.003926459963816742,-0.05144918785733932,-0.07463648745896245,-0.04644014747657743,-0.03878240561062157,-0.02249328486939295,-0.0021440954115448663,0.00021292420814889024,0.003799310229648023,-0.03253841966025356,-0.03760184830391844,0.0,0.0,-0.04433008681481865,-0.03471093997397856,-0.09864845444771336,-0.01795798509373614,0.0002722003183855959,1.1102230246251565e-16,0.0028650759194930875,-0.032538460782109646,-1.1102230246251565e-16,-0.04350042119309566,-0.036619718029187676,-5.1517298930048305e-05,-0.016526920491876318,0.0,-0.0520169171354492,-0.06943044480708316,-0.028666166338857213,-0.049274916521924284,0.0,-0.0188137230938471,-0.032962867194513745,-0.03962959427801899,-0.03662973379764489,-0.05195090365759758,0.0014953683730181133,-0.0494192445891779
-0.03438433287840631,-0.011462255062230586,0.0069934397090477,-0.0023667943392629565,0.0032663260275868633,0.0007702445541376557,-0.005133545083392033,-0.03305369612159609,0.00048424965164534095,-0.0061616486811984506,0.005962332509635515,-0.03469544684330178,-0.034075476546948535,0.009514584660535785,-0.035787270505733604,-0.011002802148456281,0.00649301068863517,-0.021496349740688092,-0.0009045680889971375,-0.03694420458983305,0.0,-0.016068326185051274,-0.022569900857680125,-0.03680074831537611,-0.025582806335727903,-0.017038532127139017,-0.018039127660247567,-0.03883213067542357,-0.05294746280112761,-0.0349504454516254,-0.02488824366543896,-0.01623993542456159,2.2824099522422703e-05,-0.027437361711316055,-0.0005167836255527414,0.009101024693110027,0.0003260539969995868,-0.07215367927958594,-0.05616210300451652,-0.10339496349075777,-0.05124793417988033,-0.037464782057556156,0.003031614490786927,0.0,0.0,-0.08452523732285222,-0.03792678210016265,0.0005870490855628407,0.0,0.0,-0.03929132583240391,-0.01876952919278474,-0.02741586678909913,0.0039357793223839255,5.911724740315094e-05,0.0,-0.0008875891794151158,-0.025441543596311678,5.551115123125783e-17,-0.053422282898753615,-0.04686708304707188,0.0,-0.002216832791073542,0.0,-0.054944057384579914,-0.10118258941391456,-0.05221644006200593,-0.05243967904188995,0.0021968334452760474,-0.007082611548308915,-0.03307575481926084,-0.03411582247137651,-0.026591957406839117,-0.05094145920023241,0.0029327851576015918,0.0037504749589954423
-0.012147316776983719,-0.0038840311750474865,-0.005975217457564297,-0.0013258710567117804,-0.005457036384004688,0.0010256859708613342,-0.005381980789612328,-0.016875379388618494,0.0004045855360877981,-0.028674898438640406,0.0004493773189663819,0.04905054147746879,-0.005800604728318448,0.001117900163448704,-0.010912047564234084,0.013698177297633563,-0.024623683346525815,-0.016415301071667276,-0.001375078460606971,0.0063603937814944445,-0.016068326185051274,0.0,-0.09028495196477543,-0.019542938394390807,-0.007944697361923936,-0.004731465224161346,-0.0030286655282881214,-0.016399745107310515,-0.022960247358904562,-0.031624175123273535,-0.032357662515059005,-0.010902497913257647,-0.022425183016888617,-0.019880091271987255,0.0018919393628844539,-0.007932772929469811,-0.0024224186630571465,0.0010176628891873096,-0.029625612684664016,-0.034032797552561334,-0.028269287931664666,-0.02679331657396372,-0.09818485120963322,-0.00011203831035333511,-2.7769938404920147e-05,-0.03318166497642083,-0.02455266879719331,-0.002862681800085254,1.3657263169986056e-05,1.7043970705787892e-05,-0.028254081455957758,-0.020383042834949072,-0.07161759471635293,-0.0026453052173219804,0.0034737686792772338,0.0,7.024909289998771e-06,-0.023208354619527638,0.0,-0.035857379185383065,-0.024632491476159812,-0.0005221328336105224,-0.010498856731101347,0.0,-0.033000355032203166,-0.032454697110324726,-0.031157004420008128,-0.031148438163379644,0.0010337588603183123,-0.019174518932915496,-0.02734358288472777,-0.032187437298089705,-0.03814877403514899,-0.03872083942987592,0.0006107154122308445,-0.03474755584254896
-0.017963690269046872,0.0056546086604009616,-0.0325076247100593,-0.019874742230415354,-0.02371183779654068,-0.023956680607651215,-0.028202470744288666,-0.01148710334707137,-0.03229254074956017,-0.021140324505489028,-0.022193546704443567,0.011922596961874143,-0.025821361517810337,-0.024210653520847225,-0.04778512043492644,-0.008270018486472075,-0.013932494005541862,-0.01317967074458759,-0.04699736242331687,0.005679663395275425,-0.022569900857680125,-0.09028495196477543,0.0,-0.01724020728804515,0.009943582402805073,-0.015498433062735795,-0.010857902317391588,-0.021257231907479412,-0.019343790710906916,-0.03371448366103952,-0.038837501089345694,-0.018849210249312687,-0.022432661061110304,-0.025465222198981452,-0.013244129667316473,-0.03193409682217169,-0.020431925139222373,-0.011326978658149467,-0.010419918997312039,-0.06053169514222195,-0.019681876936920473,-0.06347845630028343,0.010538079540997669,-0.011484889598398051,0.0024692642031145517,0.0019417069257137154,-0.010337583395219896,-0.06097992960090648,-0.0021652538444432157,0.004431784019887308,-0.006648524525810662,0.005995882776235639,-0.021158871622957764,-0.011410283707799618,0.002246018274495054,0.01932616931636799,-0.029965033590371892,9.379379590868098e-05,-0.03354291780109697,-0.03857707147007261,-0.004033354692984936,0.00012532152713051747,0.000165526164586427,0.049844485666619975,-0.04664478075537243,-0.05099597203601397,-0.02029361363150367,-0.010976386287263051,0.0008181339899239193,0.004923494811619078,-0.018080193363665675,-0.011110839198193667,-0.011141896207169988,-0.028274847052063845,-0.009894323393882853,-0.013356744294988177
-0.0485812776925002,-0.013549834776958536,-0.0009637470111075186,-4.247803533807826e-05,-0.000591567436082796,-0.003712976940252466,0.007782280871521219,-0.016364939968763093,-0.024221008668237953,-0.022055063932451213,-0.014295208870515053,-0.016885151179603486,0.0023702213043448883,-0.013145097475432521,-0.026711628870500603,0.006741798633434881,-0.00334186379539142,-0.0006847140076784441,-0.07804574562736755,-0.006989422243208809,-0.03680074831537611,-0.019542938394390807,-0.01724020728804515,0.0,-0.03053738137840134,-0.029279864585932958,-0.007135899648616384,-0.0075824303571270235,-0.004110223835013471,0.0005007659450143587,0.0038574057403290007,-0.03796382644592611,-0.048668976503427136,0.0037622742177219615,-0.02386091721949285,-0.08797476476245789,0.0790509477277549,-0.025780762302515137,-0.1696453494969577,0.015559039481570336,-0.015423665357672811,0.010304663412823045,-0.0012291582567749981,0.001066354170362438,0.0425391317103353,-0.022692973807709682,-0.0002161731882711071,0.0,-5.551115123125783e-17,-0.0004949970729831721,-0.000649563428388733,-0.0004934189719998372,-1.6653345369377348e-16,0.0008419012688520855,-0.032644550211492374,0.000657663990189461,-0.04707905757895725,0.01599944033813383,0.0,-0.0030586864064528485,-0.002168037077223739,-0.007930139772943878,0.011490531434339868,6.032162087599158e-05,-0.0021863087302971262,-0.003925272519196776,-0.004850397547568497,0.0001681908148520317,-0.06391383390214345,0.013387169806562349,-0.01941843972613516,-0.002238866423807606,0.01304599452425631,0.003509576785823698,0.0,0.022008936765219422
-0.002869323638114152,-0.006280615804397538,-0.012299432734193982,0.0002598741050201525,-0.03012621300688839,-0.02876166749580894,-0.02870362259325543,0.001197450429004765,-0.04342858615862716,-0.02862734386707677,0.0035061469528816502,-0.006769554257569754,-0.02506135481356564,0.0002788736254416557,-0.018736186607470506,-0.014034420221552935,0.0029185091088473336,-0.0007640382829152137,-0.00041518403404405824,-0.023063254770107677,-0.025582806335727903,-0.007944697361923936,0.009943582402805073,-0.03053738137840134,0.0,-0.013345482305027356,-0.018364336252782554,-0.009096099337739583,-0.008793197906004413,-0.0026422295514411664,-0.008732610850201272,-0.01753443197754362,-0.030958954163978647,-0.0154329072035147,-0.036776011000297704,0.0011442978509320079,-0.0005487978465115728,0.004646320725546604,-0.011650536394435806,-0.010641517407955825,-0.0037040230658954565,-0.027614461524626766,-1.8906741984570097e-05,-5.551115123125783e-17,0.02414264780076042,-0.0004257389103409781,-0.009573755815463159,5.551115123125783e-17,0.0,2.220446049250313e-16,-0.011781770463818009,0.001922298808466616,0.0028640842867831973,-0.001006239978962542,0.03353003754667344,0.00020058106142417653,0.025632733488052173,0.01567089380601494,0.0,-0.042506310813132664,-0.017728500903409716,0.020210626293436007,0.008379803181417789,0.0,-0.018829032129692946,-0.005742151140325391,-0.018292651646422797,-0.003721132116317416,0.005115231156082811,0.009500896459288588,0.011398721094383502,-0.0005100196634842402,0.0021065066608397798,-0.004592946439759549,0.0,-0.011094298244185508
-0.022319561742891514,-0.020419930858430357,-0.007542731287917215,-0.0024432066935236585,-0.021860021156520026,-0.013361852196025092,-0.03522884383441183,-0.0073668421499779035,-0.028572239115091824,-0.029084666948400617,0.007831358727637905,-0.036222352219199894,-0.022811354718841603,-0.00979219245368873,-0.00938868856220787,-0.017295595262165675,-0.04511407012083163,-0.011552791754355696,0.0016475734108784001,-0.011324456324284526,-0.017038532127139017,-0.004731465224161346,-0.015498433062735795,-0.029279864585932958,-0.013345482305027356,0.0,-0.012719309076011098,-0.007284820842580864,-0.01128883015720955,-0.006454544110832183,-0.02604266420066753,-0.010532813469783853,-0.020358339471916342,-0.016996164323415053,-0.011248596286721646,-0.023445693906192167,-0.0013205860375098966,-0.016752117475931805,-0.016460613124082035,-0.0048475540130513695,-0.013415798530979406,-0.01393034573344576,-0.04986191407753032,-0.00010652573331121351,0.007907295943430037,-0.019277502135785884,-0.011928606879258785,-0.0014549654627637465,0.0,-9.816966605846744e-06,-0.020840698378667533,0.0036487388038624613,0.006046108958818741,-0.0021043058586188157,0.014344115312388994,0.0,0.005097945551582939,-0.010957365495502913,0.0,-0.045585329278465314,-0.013429341878087697,0.007777940521080773,0.008565476931328975,0.0,-0.03948696869372503,-0.04917821482520934,-0.03864335455108753,-0.016674221584619897,-0.026556023682965446,0.006788287201647369,-0.007520781154191136,-0.024011017161456705,0.013267619568522682,-0.009947589724239647,0.0004915509525088013,-0.009289734981634601
