0.0,0.6136121839260834,0.3824319388548124,0.0,0.36649845185453805,0.4849104613487088,0.4621178037577677,0.39805484772606153,0.43486606038478903,0.3265342916806081,0.4732723433207622,0.29590621603360634,0.4691291466593779,0.2837370917029157,0.48567801294716045,0.5926547766345962,0.34516982348717096,0.5803870233773267,0.0,0.2181040202086682,0.2495165178071269,0.5342062137088835,0.4765601114822208,0.2515268083268967,0.49087771808966957,0.5043211500893889,0.4475486450214273,0.07062098841938061,0.5358607553662598,0.7100966849686938,0.4265110849334175,0.6000646493974562,0.2918182015922225,0.28986593498949054,0.25561783406932326,0.6596335939327771,0.4220824020553593,0.1022405031686579,0.4419239739498093,0.5780436733122841,0.39583683623914245,0.5353682424476915,0.458294082213213,0.0,0.41976887029122323,0.1949256534052553,0.49366852472588263,0.0,0.0,0.0,0.36056386796409456,0.0,0.57279988829292,0.0,0.5101019703650291,0.0,0.5209866238212009,0.7131987656630681,0.0,0.5749569712010894,0.4609278849319386,0.2660496555833763,0.5728274387838277,0.0,0.4543980683531039,0.5870498521751736,0.4458314318296234,0.5687306639343728,0.5632405421358503,0.6055173901601243,0.5024168084223043,0.3938786816665017,0.41886854807780205,0.6020164554618653,0.0,0.43448001337089753
0.6136121839260834,0.0,0.5569758008097956,0.3554294225386414,0.3697952571967475,0.42337561606003404,0.41471175844495806,0.7533271881687682,0.40105237660688525,0.26990400427870553,0.31378936463495877,0.4034628389786543,0.43134078786728014,0.5812332776873752,0.5281071281664935,0.5610650758894377,0.5353773083839769,0.5283839334686821,0.6080252846687164,0.46233943672065225,0.542916712467779,0.6305981733882562,0.7335026563777958,0.3199406842447317,0.49047447285558887,0.37644985954389326,0.48448681602611365,0.527096968772381,0.40522272693519207,0.40651184631302417,0.35586963938008453,0.5027549122580071,0.291026485260183,0.3598962531640141,0.5010920656913455,0.47816975133777895,0.21516849117846526,0.0,0.4271367248387975,0.5871985771090615,0.3478126656143619,0.33884293027185164,0.6490824703298862,0.0,0.0,0.5211578084294648,0.4971884973788624,-0.0186506997862972,0.0,0.0,0.45459701802466124,0.6345933533687917,0.6180907454088834,0.5468409696249843,0.579363883796731,0.0,0.4320105172434964,0.5080441241432543,0.0,0.3458226187660792,0.47917114442321923,0.5853174467266411,0.5079787061945928,0.0,0.28959642071921554,0.5083053348059132,0.35758303905483446,0.5575584599003847,0.4475804761845495,0.46442200624438584,0.45914758482814816,0.44600993345038187,0.4021812627462136,0.5166289426177396,0.0,0.38837561185364056
0.3824319388548124,0.5569758008097956,0.0,0.4067846321644057,0.5530170488923913,0.4821945670824299,0.3884684316280941,0.5966601501239825,0.5569241218139688,0.4561256819274625,0.5770114861573492,0.28248027358745675,0.4421555896991466,0.4684466171312029,0.3397395315766515,0.4263989447729915,0.6976897190387067,0.5319906155010408,0.3933921762348517,0.38555739806965295,0.4505913716177402,0.5214509573223922,0.36460574668162343,0.4096595340660285,0.45917145131369574,0.4357243296630712,0.3401678637214811,0.5088768827965935,0.5843897729000069,0.6107168993970121,0.5324350301207215,0.46906810522203135,0.3219170782137363,0.45225397585276167,0.4072695957444679,0.4813431376434207,0.42539543451088285,0.14098624433382972,0.27200480989326,0.4990327329784939,0.1474161499810529,0.07896691383474605,0.3792675859919217,0.2574562411604495,0.0,0.0,0.19327449642895872,0.2287011459235193,0.4824385170842661,0.07443743771728983,0.6262138653452199,0.4801212729446047,0.5013223959995858,-0.13322305577527832,0.2811270399604208,0.1824248043228162,0.5051524809184618,0.345613178247421,0.033659792598735694,0.2853444214455739,0.0,0.0,0.0,0.18680975194286994,0.7017539153991091,0.46300385926398446,0.15371708270049533,0.6959797247217403,0.0,0.6185021325856528,0.37439889045794117,0.22373454710293242,0.21926672978622888,0.5527699833946387,0.7022368762826676,-0.06372254213071893
0.0,0.3554294225386414,0.4067846321644057,0.0,0.2979798446019871,0.4860887296963902,0.3301432744175123,0.35946174749272897,0.36633463037548997,0.36078078571313343,0.16975188486515963,0.3497878965828949,0.6077587049365891,0.7045811081644183,0.5801523510183744,-0.01082510383216273,0.6121985008551638,0.46032838827036904,0.35422420910251373,0.33564139651505764,0.35217333367521997,0.5370052108220928,0.4616149096077489,0.258769492624539,0.8535557865124206,0.5431523767179882,0.4605857613282973,0.6885423230700072,0.33450870056774334,0.4934359230135985,0.5046319821417719,0.27410825623481666,0.005885967344514076,0.2819941532375551,0.10204037217807477,0.4719566208294268,0.06915899527438657,0.3650561475993582,0.17012687717567979,0.32701827538015127,0.3899497595053529,0.32878119461475763,0.2702958961919778,0.24667870198451924,0.0,0.0,0.0,0.4510294590960603,0.0,0.0,0.5751527781535986,0.0,0.46285045594614904,-0.004070325081175606,0.0,0.20152400366761208,0.53687660313231,0.4878959824380165,0.0,0.0,0.0,0.0,0.0,0.0,0.0,0.0,0.4932063185863659,0.5105272186756592,0.0,0.0,0.0,0.3640961327174501,0.5150065271674813,0.6357588816372388,0.0,0.0
0.36649845185453805,0.3697952571967475,0.5530170488923913,0.2979798446019871,0.0,0.28907787913155575,0.20042105402880794,0.48182217884929934,0.3710724258503499,0.6645973030340794,0.4215725532959357,0.4967328669012998,0.49707024647397813,0.43587401353436217,0.530342841538655,0.5640960417975043,0.5832848151715246,0.48690792731672516,0.3872783640680394,0.5019730350817274,0.5640302443072462,0.5461998784955802,0.38171607144080716,0.5309549734982446,0.39146853923872854,0.3756647786021854,0.3998810516296968,0.5883900551716128,0.5133344701267877,0.40654991937097895,0.4175576060892282,0.3096415423522628,0.4483945851812552,0.44516425507693014,0.33527527118062395,0.304896341653725,0.15886578870474402,0.5359234059126707,0.46629797354069213,0.6322233437767015,0.8886547090822006,0.4016064186706214,0.6016399974487655,0.5893580500609918,0.29183707774723777,0.0,0.44182821834655966,0.4401607867925169,0.0,0.6263961013755824,0.5957098219674268,0.6287165826475168,0.30793645096429245,0.4122588898775539,0.0,0.4524636379813478,0.3764074133410614,0.6579461683708738,0.49739578532452267,0.24082893901861402,0.51099354944821,0.0,0.0,0.5156839832907105,0.31935120438289033,0.43253150718691014,0.31455191420437945,0.5995188874363028,0.0,0.5013939708145859,0.5245103643000124,0.4849089719614802,0.6115745525026065,0.5245423339898743,0.0,0.5623489176580273
0.4849104613487088,0.42337561606003404,0.4821945670824299,0.4860887296963902,0.28907787913155575,0.0,0.38031513560315844,0.536371693713177,0.35292099778381625,-0.03724435245775243,0.28468783510540574,0.42485311817734195,0.5324727584787459,0.24560386758726838,0.6970272342670996,0.618620936861148,0.305219819218569,0.3870726488740709,0.35917713306045396,0.5804828466185087,0.6298808521826318,0.5310732159670216,0.4148825262724254,0.3767790116742188,0.3760227323153228,0.578075533521379,0.5071061004559207,0.6276479974082587,0.3540920797015553,0.5398649870126462,0.3877154931265517,0.4846650750628101,0.6906518963653401,0.4225458178365497,0.5420652870057786,0.5326747643812187,0.4909342509143193,0.31269291910650243,0.41758860320262414,0.33126868326430614,0.3052133682099107,0.09442381314743309,0.7783414171468906,0.7671143956096065,0.22459479068949878,0.6094288500096192,0.5108952425364881,0.5729410715513841,0.5963727190317951,0.4877233565306246,0.6559199421968801,0.7397206010588973,0.5486212012844729,0.6042912371867829,0.3445911661144297,0.570778336191669,0.12911253302919967,0.6997787838562955,0.5572437418598923,0.310475937874215,0.5125480533107175,0.0,0.518289646369321,0.5066213752491737,0.38186964674739055,0.10915535653397912,0.4872867380354189,0.5890897905206861,0.584411949615744,0.4456739715598679,0.4901922732447016,0.5887991307169175,0.5767581937403787,0.5164849531612945,0.5106177476562589,0.6641615487224855
0.4621178037577677,0.41471175844495806,0.3884684316280941,0.3301432744175123,0.20042105402880794,0.38031513560315844,0.0,0.40460771945084417,0.3891917546587451,0.5764161791308884,0.3719160652042701,0.3879036920991026,0.6325407773914016,0.34057131605430313,0.5218768866777235,0.5353468375147062,0.33043514209620384,0.36565124781480723,0.2671525439375074,0.5225521992752465,0.44372780480462537,0.5434650375107359,0.41439725649167464,0.5940217160239154,0.40808140657897174,0.41316278130540307,0.32928940229196213,0.7583838635448481,0.49322785823495663,0.4145930894876989,0.5554147947656324,0.5923156062741406,0.3248847799027894,0.38212815106690873,0.3900287604286792,0.5015761944581858,0.4627876063860896,0.6999812527925913,0.7514952127507777,0.464717053092704,0.7428741834026711,0.5111174527420879,0.7406626839054239,0.8747299023295486,0.3550464248894691,0.0,0.587691421996759,0.5026601688320722,0.0,0.5842555187202161,0.6282885068604593,0.6379218365608594,0.5187324359604617,0.5046031457543485,0.5742099676405272,0.4373836815484998,0.43445740229926877,0.5626919306643688,0.3462124554152428,0.017080760059561467,0.5915329357010131,0.0,0.5495938220458472,0.574635839815941,0.3284856974044731,0.5135305442030198,0.5915725020438838,0.602033526443668,0.4725568470013595,0.5995456158978356,0.5586862775721269,0.51391895757392,0.5790871168031961,0.4722045155021698,0.7389115972047533,0.5280534138629691
0.39805484772606153,0.7533271881687682,0.5966601501239825,0.35946174749272897,0.48182217884929934,0.536371693713177,0.40460771945084417,0.0,0.45815223635420577,0.7697084937559717,0.5738559809704751,0.5464271028481316,0.448423979493656,0.5818190067012201,0.2584759171591452,0.759526564370289,0.4653643811243885,0.6340921531762966,0.4920868672744525,0.4995493789759086,0.3178153232162477,0.4315420661064233,0.5221775880208508,0.3556927779962382,0.6298606595915464,0.5682812898854046,0.46482549885819424,0.38817573220790536,0.5202740429766757,0.15365219208652936,0.33191621472694405,0.5797312242104673,0.6235415162198104,0.39548179617297374,0.3474612837313638,0.3471004097100767,-0.06771409809062501,0.5621502386666145,0.6361938379102536,0.4590029277729424,0.38835255817706316,0.614540633861711,0.6533940046325424,0.4832050940993769,0.0,0.5730190349867021,0.3153232671300289,0.4799382190573502,0.0,0.5744444738401385,0.45677186024372685,0.5747592498678997,0.10598897511559158,0.4365710258979656,0.7929957554384819,0.558522720739571,0.9353295970504478,0.5300597460764607,0.09485899321487318,0.6963449466756373,0.3769505793527562,0.0,0.6994585264810838,0.5799091680777126,0.7550712806751545,0.1145796549313009,0.4927403676517551,0.42835976084827065,0.0,0.5046045703838671,0.10957178627437164,0.38091085761437077,0.517338235018403,0.5697998163288961,0.5525653501835326,0.14471635186724377
0.43486606038478903,0.40105237660688525,0.5569241218139688,0.36633463037548997,0.3710724258503499,0.35292099778381625,0.3891917546587451,0.45815223635420577,0.0,0.5008870424677175,0.5771730238863755,0.37957066382238425,0.45822542952723555,0.3504111754974187,0.7113725264577826,0.5618366862833489,0.3188331188130157,0.3103545499459832,0.4102697148562723,0.5406200936715015,0.43235545320292235,0.5918540787534892,0.3869608824139196,0.41499074266920505,0.3140800151684656,0.47921615366075426,0.4133570104725419,0.40447143643654204,0.4199113981054642,0.4117038169899369,0.392239844024502,0.4003962427393337,0.26800889371300135,0.388651735441947,0.3676412004261085,0.3506704301069273,0.3904563817971168,0.41204305898270444,0.5552599650714636,0.5724726195945677,0.09520360681903048,0.04882552378160465,0.3730589818730864,0.4237111722785245,0.30543716127289505,0.0,0.5075056648794719,0.37522977415597675,0.4901865032858137,0.5758167174632682,0.6208190231192001,0.5742795011776369,0.42403564192463183,0.39028166337914216,-0.1605270437149477,0.541372402650907,0.10351456745694312,0.464600543765145,0.6101113267703451,0.4096721688120458,0.66729266915483,0.0,0.0,0.39164366236225684,0.6106844789788566,0.6657443906968252,0.5679748013399062,0.5543772470522651,0.34503478063097615,0.5637305258644947,0.2552974120214997,0.5349188077141113,0.47035674430523045,0.4904507140034195,0.4901310902382884,0.6481083902970532
0.3265342916806081,0.26990400427870553,0.4561256819274625,0.36078078571313343,0.6645973030340794,-0.03724435245775243,0.5764161791308884,0.7697084937559717,0.5008870424677175,0.0,0.5587123359114163,0.39535908425164523,0.7483382102391996,0.8002611840066347,0.3453081686405499,0.4881157135335593,0.4036719498235677,0.4577098952623605,0.39284466801884443,0.1788412309061106,0.621151875821254,0.3048805349022322,0.3878029345511161,0.3369043218707104,0.5198573440466241,0.46219278602059655,0.15848479271123617,0.703023965900462,0.19133984920556435,0.6110684876689136,0.699194718823867,0.5720902159141029,0.7903566125916244,0.6042938469800874,0.38932177495000425,0.7623655777235675,0.4722177780712661,0.5608244383827095,0.474493000037023,0.5466227797135861,0.8252689768908945,0.38095982065332945,0.3832851420852213,0.3944923769083297,0.8045533745971915,0.4334997978089994,0.46575939362333707,0.18904933843327312,0.4881829080248088,0.4169524527085911,0.49845184534079995,0.8409479385798491,0.5665744253360392,0.24336395428831956,0.711211609481748,0.4447260520871723,0.6784445056661856,0.8484693505088315,0.0,0.8747981158872388,0.47015287178167176,0.5972728846758384,0.5273999913139739,0.4759435180130113,0.48246185426758015,0.5589797157625954,0.357582237621776,0.3321380945073016,0.335407488640377,0.5278316811300701,0.6075916819547282,0.578786860998228,0.7837147139127922,0.43946798845973767,0.0,1.0112831134541764
0.4732723433207622,0.31378936463495877,0.5770114861573492,0.16975188486515963,0.4215725532959357,0.28468783510540574,0.3719160652042701,0.5738559809704751,0.5771730238863755,0.5587123359114163,0.0,0.4061733964588495,0.36266176014349394,0.5577215508991169,0.0,0.5094211854325791,0.4777104669000162,0.5025169962444049,0.4157711918639084,0.5079752793728661,0.6165795726157317,0.39067404073068135,0.4032002013923178,0.4467041330391635,0.6475728381199959,0.7030512234353725,0.5526832772525636,0.3798549481300906,0.3730734814036749,0.5306829970749818,0.367816247009547,0.45470565369687965,0.1368756510787511,0.4105055455690465,0.3571415349896044,0.6056471394127714,0.4077393027205748,0.4645416837885677,0.6611931741207027,0.47927833362201266,0.07231865534640225,0.3834066840057011,0.5756251072223868,0.5744881982136956,0.216692525430484,0.0,0.0,0.39088429323907614,0.4713328026962392,0.3701798946294266,0.6708903467322718,0.523488506006091,0.542905854327101,0.334329539829437,0.6179005795314501,0.3468562076466395,0.02884675781359053,0.5094996345608911,0.20644875468167026,0.0,0.0,0.0,0.0,0.20708474133596036,0.41752704539787505,0.0,0.7399092239393587,0.6046991504943271,0.0,0.0,1.0114684909301255,0.6330594139742918,0.42113675517257954,0.3825728214984265,0.0,0.5707519283881825
0.29590621603360634,0.4034628389786543,0.28248027358745675,0.3497878965828949,0.4967328669012998,0.42485311817734195,0.3879036920991026,0.5464271028481316,0.37957066382238425,0.39535908425164523,0.4061733964588495,0.0,0.5321490411413687,0.6236863423042369,0.3787944953057886,0.5986428681543148,0.680500182224404,0.6950004446825624,0.28711528071950276,0.6799569159012047,0.3624461954261159,0.7381992801084207,0.5717357182890976,0.30024795324989006,0.6055504617554505,0.3054832059970496,0.3990896491521646,-0.10229794490928545,0.4043624510661704,0.29866696092899775,0.6247672463448437,0.33351754309007814,0.23170179125954785,0.24869600572517328,0.5764359849842204,0.048565295169058,0.39930725846050585,0.08122210884239789,0.3909639114916502,0.556985125965331,0.6958026835165607,0.1508522969453046,0.4159106159738407,0.4439422913452895,0.7359318797194054,0.47540420688623897,0.5425033878462544,0.3295290796137553,0.19198187858081994,0.26060585131914354,0.3177909086959041,0.5095075407525649,0.2290194162859255,0.4377763962334226,0.7268704057545238,0.2785932120571818,0.7617887599010774,0.9147537908571157,0.7073864454672205,0.6209280269929854,0.5458830695309603,0.5435895889959612,0.6355338963446046,0.34343216483709815,0.7383572565717227,0.7419821210095776,0.37657358161194326,0.426493876884175,0.4942896375053538,0.6485253292743318,0.5994251901840972,0.5306743700085589,1.0318266600129995,0.5765711156399338,0.0,0.9758943226587287
0.4691291466593779,0.43134078786728014,0.4421555896991466,0.6077587049365891,0.49707024647397813,0.5324727584787459,0.6325407773914016,0.448423979493656,0.45822542952723555,0.7483382102391996,0.36266176014349394,0.5321490411413687,0.0,0.6598899304957875,0.4001950763432918,0.6012843050993374,0.4843992564827436,0.4744655101721959,0.305890242266739,0.57581281657179,0.35624313493218895,0.5465340276240769,0.4804057160103997,0.49549805547543596,0.4889609116047175,0.5050214708907586,0.41543224798524425,0.5985613980106116,0.596895461974849,0.44634061226745814,0.5571200748642773,0.6007212981605732,0.35656834721328545,0.44884609084474225,0.4693745013336417,0.5072157406943747,0.6797041043876486,0.5567735174741051,0.504621166420772,0.5051112930036104,0.23550161133745612,0.3098250719343091,0.5368737999509104,0.38899257900483786,0.3488404455955878,0.6523420165560836,0.590058903994583,0.6175776218129048,0.0,0.6351070896387913,0.5866436464588485,0.616621625150445,0.4818932782102444,0.6023142871605651,-0.01130063859905378,0.5387629557643433,0.06170598019018453,0.6602762119062905,0.4329494093837926,0.24094395311792172,0.4559426233101352,0.40604585917680736,0.5446322563445092,0.6100804896198244,0.36849149876821913,0.5984079586306397,0.38556002992393545,0.6173390216883935,0.4821550951682609,0.43492397810803085,0.4589502325104413,0.6164985281574848,0.6204563226857005,0.5257054958502578,0.5557742867852656,0.5414953671287293
0.2837370917029157,0.5812332776873752,0.4684466171312029,0.7045811081644183,0.43587401353436217,0.24560386758726838,0.34057131605430313,0.5818190067012201,0.3504111754974187,0.8002611840066347,0.5577215508991169,0.6236863423042369,0.6598899304957875,0.0,0.48159898209996915,0.6296873938345939,0.48567471638357607,0.45169525915069775,0.48905901380702554,0.3602216146604774,0.6412551731447356,0.3044169280877407,0.46825822484024426,0.5017108088729554,0.49872952583969565,0.42120376902361906,0.4347603494218068,0.7560988062136249,0.35966190585792046,0.8751209264410975,0.38333929491800506,0.43265907901062206,0.2014360819502034,0.7346787564298216,0.43123099009071436,0.4546913889075882,0.1566131879574505,0.4089063395185483,0.7159461514390779,0.0,0.7001946359522007,0.832591275963378,0.7203769956262052,0.4816337434469732,0.0,0.0,0.0,0.26553096971195433,0.0,0.5668383367567428,0.5953387449241738,0.8069388661623513,0.8077818614548279,0.14055448063116013,0.0,0.8947204950918322,0.3915008394042748,0.7710803858925506,0.31769785672325046,0.0,0.0,0.0,0.0,0.5397208423823459,0.0,0.0,0.0,0.7887508121727729,0.0,0.0,0.0,0.4771441606631478,0.7950213090141973,0.0,0.0,0.0
0.48567801294716045,0.5281071281664935,0.3397395315766515,0.5801523510183744,0.530342841538655,0.6970272342670996,0.5218768866777235,0.2584759171591452,0.7113725264577826,0.3453081686405499,0.0,0.3787944953057886,0.4001950763432918,0.48159898209996915,0.0,0.508441755010739,0.010957168265345152,0.30788426555680715,0.0,0.5967504938032202,0.2252490876254265,0.5477498902190758,0.3145736164787863,0.34458152831057126,0.4309446154640837,0.5338944308839735,0.5698908905416138,0.41163030845184934,0.26268131856367655,0.06941649316341125,0.4250011958827161,0.4039596363440129,0.3687734527036005,0.3584487093582428,0.5362034722416156,0.4624544578500065,0.36441425777336717,0.36778050019837727,0.18420372691439396,0.1772791452361244,0.20607467459625858,0.24292755859510132,-0.2865177981534335,0.5921336625253868,0.0,0.5669348078180103,0.2998673858669469,-0.1925146886074049,0.0,0.0,0.25454396113770217,0.5468939333616323,-0.00440170131925921,0.5487605529584028,0.0,0.0,0.69772207773497,0.3953682312133985,0.4709275998129,0.5101862879813217,0.29400571225011585,0.6405935521929608,0.4068911520176015,0.0,0.603391947852364,0.33638138933607137,0.5557695504300371,0.6027038566803373,0.4481404681477089,0.41174345979062404,0.3458275888556761,0.4911034122980664,0.30009449817585077,0.2676420288078458,0.5805610499843046,0.18096891850361324
0.5926547766345962,0.5610650758894377,0.4263989447729915,-0.01082510383216273,0.5640960417975043,0.618620936861148,0.5353468375147062,0.759526564370289,0.5618366862833489,0.4881157135335593,0.5094211854325791,0.5986428681543148,0.6012843050993374,0.6296873938345939,0.508441755010739,0.0,0.5765295790915598,0.7956897291181719,0.5099268215258046,0.6392374123053777,0.6032296000008812,0.8118613799302319,0.6581700548165768,0.6968881236326216,0.5395637464345959,0.5504644787808848,0.6604896774080703,0.5150886565411995,0.6756946178139649,0.31275561951152175,0.4917522283835546,0.5354070822033333,0.1354793520087307,0.4641181653316031,0.768293278147416,0.7061989383615471,0.45000899156643637,0.6022854477689168,0.532090987868265,0.31307800159196575,0.38127759661711724,0.341709202135093,0.4642090230424153,0.0,0.0,0.36715108634230775,0.522677436400416,0.0,0.0,0.0,0.4616485863484061,0.593703642103987,0.8443642383661512,0.0,0.5777423785905018,0.0,0.5025975538662227,0.4163478138475806,0.0,0.35069425991326497,0.44758501162431297,0.7494677306328186,0.6111807355460447,0.0,0.13684865711519437,0.5363819617134443,0.3737800132048046,0.5130201832150326,0.4222582776369421,0.6298334398590888,0.6438037303814845,0.4323553932119672,0.5916710853443483,0.49301384475031007,0.0,0.32387891637962807
0.34516982348717096,0.5353773083839769,0.6976897190387067,0.6121985008551638,0.5832848151715246,0.305219819218569,0.33043514209620384,0.4653643811243885,0.3188331188130157,0.4036719498235677,0.4777104669000162,0.680500182224404,0.4843992564827436,0.48567471638357607,0.010957168265345152,0.5765295790915598,0.0,0.5617114370743215,0.30513740908674686,0.31684565666058406,0.6398649257500496,0.44416303127818746,0.32771832032162707,0.6059237430889741,0.6486833091591793,0.20162216804086347,0.4922565349714214,0.7765192482239825,0.2438939340856432,0.4854623011170697,0.4090163996599064,0.46945398635274266,0.6133090707345655,0.4648344089588138,0.2184518777374338,1.0523456339851678,0.25101417260201864,0.4607460706121618,0.19474489536683331,0.4296246112142611,0.3946898599400521,0.5301504627574088,0.0,0.0,0.44465882654126393,0.6076995076125462,0.5758721496550067,0.0,0.0,0.0,0.0,0.0,0.0,0.0,0.6764532400179639,0.0,0.5686084469609111,0.31260536618504,0.0,0.7607688241536341,0.558050828849982,0.5041279339395395,0.5292147043377081,0.0,0.0,0.0,0.4469577706709938,0.0,0.6060288254305328,0.7660398608372507,0.7560258272023626,0.0,0.3411321028666179,0.48422491730085176,0.0,0.5382624579164199
0.5803870233773267,0.5283839334686821,0.5319906155010408,0.46032838827036904,0.48690792731672516,0.3870726488740709,0.36565124781480723,0.6340921531762966,0.3103545499459832,0.4577098952623605,0.5025169962444049,0.6950004446825624,0.4744655101721959,0.45169525915069775,0.30788426555680715,0.7956897291181719,0.5617114370743215,0.0,0.5318060261584894,0.3455733296697081,0.4776366371935454,0.4374491301777282,0.5690077356790083,0.6086338273983781,0.6410944912571173,0.4895978071614966,0.5326157908338804,0.4274431998015411,0.4948401205027159,0.5037406863895326,0.3345756810444011,0.40977357075409426,0.43568792494227127,0.4697589626010695,0.15745527796230305,0.6916303923915739,0.2649265574321372,0.43195838129445036,0.4321229461943582,0.41317936204317723,0.46807006998857925,0.49405172709302786,0.0,0.0,0.5163444903426031,0.6427875003139252,0.6230324720229795,0.0,0.0,0.0,0.28013732540800984,0.5845265398273511,0.9407255674844096,0.0,0.8388253825320043,0.0,0.8166416340630054,0.5472516523428919,0.0,0.22976752078094798,0.5228032715921316,0.6755723204344299,0.611228897350089,0.0,0.4449417143054555,0.22465936834978462,0.35143595087782786,0.7760403957976832,0.5990672200586545,0.7015979252947321,0.7975166267709823,0.48971558727154907,0.6190271534827245,0.40377313249325625,0.0,0.5590967573579524
0.0,0.6080252846687164,0.3933921762348517,0.35422420910251373,0.3872783640680394,0.35917713306045396,0.2671525439375074,0.4920868672744525,0.4102697148562723,0.39284466801884443,0.4157711918639084,0.28711528071950276,0.305890242266739,0.48905901380702554,0.0,0.5099268215258046,0.30513740908674686,0.5318060261584894,0.0,0.5260761564859384,0.43528509041775104,0.6561118465043694,0.3021866034969027,-0.22490183212752118,0.5478692459128671,0.5610239793778939,0.39666223905814907,0.3769988680865487,0.5852920374276043,0.610199686425646,0.3091802723532893,0.3889636591151565,0.5392972993275669,0.3006649594131295,0.1706588757749883,0.44115634673675047,0.2809935923209179,0.24476322230708283,0.6714175117323511,0.39958090734025165,0.4211188892689355,0.26628005004403166,0.6104684824182194,0.34581977009802717,0.4133260676486215,0.0,0.0,0.34254316764734377,0.0,0.4400433662228051,0.5464140947398103,0.4748516747922975,0.38641825363660487,0.4611848381043023,0.9878162644884201,0.21740015648611155,0.5839168187097517,0.45026747930490557,0.4512667985949172,0.0,0.0,0.0,0.0,0.7132785692780449,0.4806471273242251,0.0,0.4411101189444287,0.5882511187103158,0.0,0.0,0.0,0.5531617970330865,0.4767752680399969,0.3496072392294555,0.4863724488315987,0.5557268886071581
0.2181040202086682,0.46233943672065225,0.38555739806965295,0.33564139651505764,0.5019730350817274,0.5804828466185087,0.5225521992752465,0.4995493789759086,0.5406200936715015,0.1788412309061106,0.5079752793728661,0.6799569159012047,0.57581281657179,0.3602216146604774,0.5967504938032202,0.6392374123053777,0.31684565666058406,0.3455733296697081,0.5260761564859384,0.0,0.3109356500449575,0.6449375576965992,0.6653236850514791,0.5345964085804067,0.4310105548439571,0.5229841473452981,0.5952193916000768,0.3598948588621874,0.46324042000636245,-0.11082885097251338,0.424906720920901,0.4440924946116215,0.1644111798230817,0.4965038395629168,0.6316244571152936,0.12479278814796352,0.38712533692105444,0.8084881702445359,0.11823659948414708,-0.06354268815610181,0.2427426960112786,0.1924665177940696,0.3552492246181083,0.234067576906262,0.2422286272894702,0.57212516047733,0.29283621919989394,0.22703850230339878,0.0,0.0,0.23210589254734487,0.3098524992533126,0.003289884207269722,0.3087449942216986,0.9102782318613369,0.0,0.6254273000148294,0.3768224660435729,0.0,0.33372773172109144,0.23667490935054505,0.4612525722225628,0.42951088918973185,0.0,0.21570985912526827,0.03422375417345391,0.3750788036458693,0.28458650116371753,0.0,0.3479019234899137,0.26070785054393675,0.3155937976387948,0.3001589304001724,0.2281749639268858,0.5001070857750511,0.20015015561980118
0.2495165178071269,0.542916712467779,0.4505913716177402,0.35217333367521997,0.5640302443072462,0.6298808521826318,0.44372780480462537,0.3178153232162477,0.43235545320292235,0.621151875821254,0.6165795726157317,0.3624461954261159,0.35624313493218895,0.6412551731447356,0.2252490876254265,0.6032296000008812,0.6398649257500496,0.4776366371935454,0.43528509041775104,0.3109356500449575,0.0,0.4414234583856629,0.4385312665671757,0.24180312688222147,0.387945777483907,0.5241572466724285,0.5060331164573895,0.2659662789276568,0.12760082482760848,0.2531626057835695,0.4149182492037498,0.3143824407827924,0.5060027102662934,0.3111570286021733,0.5623064914651286,0.5601892863550557,0.36833469693328647,-0.05581027292336854,0.08593563063406465,-0.09775450934625202,0.10923627834431146,0.2048655140808418,0.5711030838141162,0.0,0.0,0.18480199617074897,0.33159278701672024,0.6417380453865398,0.0,0.0,0.2936828394303235,0.303822464564254,0.542743964341253,0.5796784217894972,0.5981611475639397,0.0,0.7164215874885549,0.3984843819221746,0.0,0.22756640180635324,0.26984988156140355,0.0,0.5015166952297101,0.0,0.24945676553369622,0.1294575314855232,0.22390995305798453,0.2756495396223071,0.8297523177487416,0.44792779056276955,0.4734958092238807,0.36973505962674535,0.4040078761279794,0.2807274666385343,0.49088883583944576,0.42835137787872946
0.5342062137088835,0.6305981733882562,0.5214509573223922,0.5370052108220928,0.5461998784955802,0.5310732159670216,0.5434650375107359,0.4315420661064233,0.5918540787534892,0.3048805349022322,0.39067404073068135,0.7381992801084207,0.5465340276240769,0.3044169280877407,0.5477498902190758,0.8118613799302319,0.44416303127818746,0.4374491301777282,0.6561118465043694,0.6449375576965992,0.4414234583856629,0.0,0.28752990284120616,0.3458645710464039,0.6341593629099855,0.6368180877087753,0.5633674335676098,0.5576246551951204,0.38670149779245294,0.4748737453593286,0.3478289349837089,0.5201907803769766,0.3664584736255784,0.5064079764320601,0.6778289488632724,0.582567409357752,0.6854951949642408,0.581809342233834,0.26456396146230576,0.25239500317212216,0.29265584749854434,0.29071510372843845,-0.141799490745936,0.3585913626319446,0.2646388916549533,0.39206629350340233,0.4330503372384298,0.5466933618130773,0.47988130830318726,0.26481375090835135,0.3938258029542799,0.4629441496208335,0.04746232180572357,0.6270938288739006,0.45210491471948866,0.0,0.5349046570480143,0.3960902844071562,0.0,0.43520746764148965,0.37596424207859525,0.41435103369567805,0.4355255779276342,0.0,0.3096000728155536,0.3629636798834181,0.350728105821032,0.3973523041521975,0.7110653450941855,0.3478199759126218,0.3886241905657627,0.3375579323335747,0.29110873797032955,0.2918316029341335,0.5626605535150271,0.2095071841955735
0.4765601114822208,0.7335026563777958,0.36460574668162343,0.4616149096077489,0.38171607144080716,0.4148825262724254,0.41439725649167464,0.5221775880208508,0.3869608824139196,0.3878029345511161,0.4032002013923178,0.5717357182890976,0.4804057160103997,0.46825822484024426,0.3145736164787863,0.6581700548165768,0.32771832032162707,0.5690077356790083,0.3021866034969027,0.6653236850514791,0.4385312665671757,0.28752990284120616,0.0,0.4142822116853089,0.6769633519820871,0.5023869601563384,0.4719603566795725,0.4348687026493276,0.4607048131281546,0.36597349271316,0.3556025444237892,0.46121054480035156,0.4262556986685443,0.4345761868347384,0.514663984338387,0.4368181750060863,0.46525683057759704,0.32267384536619875,0.5619229820704906,0.23758090596744993,0.4777431245810217,0.18702049158283318,0.7231462524123651,0.5828744415676725,0.6103420066987577,0.549391973746261,0.6633545153049151,0.4466275853905225,0.431979060699126,0.6876541623408855,0.6080045235554312,0.6713893430078259,0.5714627302217075,0.6335044024153516,0.6400241686674797,0.7382791941175462,0.22381829529832442,0.6090237956502611,0.46166987352634425,0.4341395875063393,0.6216629072873787,0.48246185426758004,0.5688126022247106,0.7881858718333912,0.34605276640569427,0.34795100680880275,0.5232257769509179,0.6970580613298507,0.27051710736094664,0.6470468260152085,0.5361271978464762,0.5349757413174925,0.5165557411619716,0.46080278411258124,0.5689917628107778,0.5229391667344199
0.2515268083268967,0.3199406842447317,0.4096595340660285,0.258769492624539,0.5309549734982446,0.3767790116742188,0.5940217160239154,0.3556927779962382,0.41499074266920505,0.3369043218707104,0.4467041330391635,0.30024795324989006,0.49549805547543596,0.5017108088729554,0.34458152831057126,0.6968881236326216,0.6059237430889741,0.6086338273983781,-0.22490183212752118,0.5345964085804067,0.24180312688222147,0.3458645710464039,0.4142822116853089,0.0,0.40998061181945744,0.2903208683554073,0.442563554529044,0.46105957906498013,0.5937779501540066,0.7963572059833548,0.7316069755904686,0.19455050758899664,0.04836421567649596,0.4567617143734287,0.31650666487670626,0.025629323972219176,0.8690811293279241,0.17226849082813356,0.0544188494799554,0.6913762878018217,0.4211263811158902,0.6350602897997941,0.5305417295092779,0.3851999052444087,0.6957824844650597,0.43090910014552375,0.5245481809603126,0.0,0.0,0.4489497095655443,0.5570652130353456,0.2885526167880152,0.0,0.03708844706775834,0.35304375235834146,0.5572784028590867,0.2736342653349422,0.6433801315563472,0.0,0.19393217772768018,0.516677699146189,0.49230847271102307,0.6743755980297331,0.48988951852556684,0.26453771187833697,0.3910760312942326,0.1389760574174253,0.8155205705375919,0.10857106462544577,0.7291093132155113,0.5038565858687113,0.44267900081475975,0.7607887993887135,0.6824187294733071,0.0,0.7123742681906458
0.49087771808966957,0.49047447285558887,0.45917145131369574,0.8535557865124206,0.39146853923872854,0.3760227323153228,0.40808140657897174,0.6298606595915464,0.3140800151684656,0.5198573440466241,0.6475728381199959,0.6055504617554505,0.4889609116047175,0.49872952583969565,0.4309446154640837,0.5395637464345959,0.6486833091591793,0.6410944912571173,0.5478692459128671,0.4310105548439571,0.387945777483907,0.6341593629099855,0.6769633519820871,0.40998061181945744,0.0,0.3282436491026372,0.5055760972035783,0.5375583621904989,0.47642950543737317,0.41214765601133685,0.5554253888454213,0.2904820526484178,0.3457643444492226,0.4032354447522749,0.1619195000389695,0.53947226122251,0.5601005500421167,0.5379961359225889,0.521159348528978,0.4442538233652775,0.5126616887081925,0.33750917276791526,0.14570800696365688,0.0,0.6197930777776328,0.6427329207519797,0.5883581321481652,0.0,0.0,0.0,0.494301027641164,0.5607062672326624,0.7165731613776991,0.38157391059581686,0.7785353818759831,0.4828503483916368,0.7876880473967217,0.5696871691521161,0.0,0.2852583052888668,0.44698622202543414,0.6956752078534492,0.6682796111173783,0.0,0.46101272727027093,0.5368358950083671,0.4509560227188489,0.5158567457068353,0.6470206432650244,0.6953194006309487,0.736912408473057,0.502179088332747,0.6693175074364802,0.4489643812524733,0.0,0.48192761863518296
0.5043211500893889,0.37644985954389326,0.4357243296630712,0.5431523767179882,0.3756647786021854,0.578075533521379,0.41316278130540307,0.5682812898854046,0.47921615366075426,0.46219278602059655,0.7030512234353725,0.3054832059970496,0.5050214708907586,0.42120376902361906,0.5338944308839735,0.5504644787808848,0.20162216804086347,0.4895978071614966,0.5610239793778939,0.5229841473452981,0.5241572466724285,0.6368180877087753,0.5023869601563384,0.2903208683554073,0.3282436491026372,0.0,0.5992731380001034,0.6394860004955456,0.5726862386488148,0.37511930995980214,0.3671115355495175,0.5506591474986097,0.435971412894404,0.42595271265037704,0.504719655440439,0.36594667749004894,0.4774526163109061,0.3272402106664449,0.468203550884738,0.5110531397962983,0.528450295596283,0.3881131182603058,-0.00274374371952274,0.5372552942405602,0.5708395776452546,0.47111716637192486,0.635749991542468,0.6311393007571622,0.0,0.007405933615490923,0.5135324234547289,0.6239324627357679,0.6050898174151296,0.38910832341714613,0.6774352583566833,0.0,0.6994201437165717,0.5779674364147791,0.0,0.3372291482703448,0.5431359278694554,0.6025901181658397,0.665678454018128,0.0,0.32811068897437373,0.4405035986111381,0.4613226790268685,0.5041154250012685,0.43614014693763836,0.6961324729264845,0.5751615028741706,0.48686345750818044,0.7120641419658172,0.6079867606861699,0.5021558476936823,0.5060026378839244
0.4475486450214273,0.48448681602611365,0.3401678637214811,0.4605857613282973,0.3998810516296968,0.5071061004559207,0.32928940229196213,0.46482549885819424,0.4133570104725419,0.15848479271123617,0.5526832772525636,0.3990896491521646,0.41543224798524425,0.4347603494218068,0.5698908905416138,0.6604896774080703,0.4922565349714214,0.5326157908338804,0.39666223905814907,0.5952193916000768,0.5060331164573895,0.5633674335676098,0.4719603566795725,0.442563554529044,0.5055760972035783,0.5992731380001034,0.0,0.42490574314522195,0.5711414075868859,0.40398398255702905,0.3494300146836769,0.3433659022472887,0.44942396196523626,0.41748032885789377,0.4686316216043928,0.2570928292765905,0.5008544433553695,0.25490170093998554,0.4976102388530953,0.5014122577967731,0.32586195589101025,0.09280360920904263,0.6326239400715479,0.6654373552867243,0.3985131011698488,0.4573182352233943,0.5313128474215867,0.5728115642058085,0.49817701138612025,0.5146473237207394,0.5649555262091,0.598765095121915,0.3840795700541822,0.5803549600188117,0.7588728153031663,0.6050322719150643,0.10355990355192413,0.5947055904672482,0.7274298314731671,0.3611168733237554,0.5639424336125239,0.0,0.5236021273634028,0.5878877387384327,0.36080020317378336,0.1704289030946158,0.3576805975041042,0.5171284546165511,0.0,0.7589510816461076,0.4497589469502027,0.5448268078991083,0.48290971003924976,0.4479447271046904,0.5131771227106932,0.48204884131701015
0.07062098841938061,0.527096968772381,0.5088768827965935,0.6885423230700072,0.5883900551716128,0.6276479974082587,0.7583838635448481,0.38817573220790536,0.40447143643654204,0.703023965900462,0.3798549481300906,-0.10229794490928545,0.5985613980106116,0.7560988062136249,0.41163030845184934,0.5150886565411995,0.7765192482239825,0.4274431998015411,0.3769988680865487,0.3598948588621874,0.2659662789276568,0.5576246551951204,0.4348687026493276,0.46105957906498013,0.5375583621904989,0.6394860004955456,0.42490574314522195,0.0,0.5802733739614914,0.0532092435276012,0.5678192635147044,0.2741565150130925,-0.1880846219111097,0.0414872018660688,0.31994800183981476,0.7556371631293208,0.6439746747010713,-0.002902824994847286,0.12399099566252592,0.13157510472240153,-0.1554524273313827,-0.043067325930803174,0.2920671917237079,0.35085955717084893,0.08347137002450439,0.6393986503098554,0.3316751770534835,0.4024562136519423,0.0,0.628800237750857,0.5298398073527637,0.5892876042245352,0.4268882553254003,0.49528425206719895,-0.25932237316558765,0.4306314551421734,-0.19165395070028862,0.5559727710118025,0.3479331022089861,0.3534717629500423,0.4325121209096945,0.1903738265376848,0.554012883270721,0.42253192965602654,0.4637988474058521,0.6325692384798287,0.29705661930520644,0.521625476662281,0.5582388130410157,0.573279346967531,0.39610770709845056,0.5546181130486572,0.5158998248881508,0.4521663060056417,0.6155873822714273,0.5068636847484873
0.5358607553662598,0.40522272693519207,0.5843897729000069,0.33450870056774334,0.5133344701267877,0.3540920797015553,0.49322785823495663,0.5202740429766757,0.4199113981054642,0.19133984920556435,0.3730734814036749,0.4043624510661704,0.596895461974849,0.35966190585792046,0.26268131856367655,0.6756946178139649,0.2438939340856432,0.4948401205027159,0.5852920374276043,0.46324042000636245,0.12760082482760848,0.38670149779245294,0.4607048131281546,0.5937779501540066,0.47642950543737317,0.5726862386488148,0.5711414075868859,0.5802733739614914,0.0,0.23369496390993422,0.26298450516330163,0.20109948033544933,-0.014649219140902586,0.33571309049351167,0.3733273207402026,0.26286415192594714,0.3601474906479995,0.15019617124816853,0.4628367056491388,0.040807045329936315,0.47227744484761136,0.25080086199508284,0.5469270988101493,0.6402362669600781,0.5985728886654698,0.4974676068702086,0.5439668876770632,0.4638231709746569,0.4147027318667053,0.4716342268934809,0.5046869910474674,0.5889647878673654,0.557171925889578,0.44255184817628535,0.9172480489545205,0.8525148914018593,0.5464623001687346,0.5733513012446314,0.7021179089094227,0.2963870283256278,0.5050434601845982,0.4805574859556406,0.5341444895807813,0.5385943751499369,0.32575030742133293,0.19906304134970332,0.2615597221142558,0.5294296808444638,0.5134458126389707,0.6787793511545495,0.5571736960830067,0.5652003347944279,0.4975124402093561,0.4198061970435124,0.49862400864325046,0.49299597735138423
