0.0,0.582685385317535,0.005817122144109621,0.0,0.4084568877182021,0.28503265753059026,0.37845913335379716,0.14511887738520707,0.44766518094746643,0.2079611807966255,-0.35695929526871784,0.09134664091004191,0.41487180298788895,0.512827753306679,0.3225979805676983,0.6177834089654034,0.05734002057732315,0.22128810961434886,0.0,0.37159863748384997,0.1941807334279305,0.6018892306671293,0.20684446809892848,0.014430860863922756,0.15712598458164095,0.4023216898967854,0.3155136193478715,0.3760763049714157,0.2706471617130959,0.6653695305645677,0.4844265216693392,0.43694171330681975,0.40492735403276603,0.3944624666940676,-0.05560842495931578,0.6441060192335737,0.49476004193937106,0.8811802059159465,0.3355771820376974,0.5612855042411363,0.2940891258136302,0.5705321507903403,0.46648124647530775,0.0,0.45078314844303435,0.297350576448469,0.6247672518792273,0.0,0.0,0.0,0.4957797989599535,0.0,0.5805358913734118,0.0,0.05948364576830978,0.0,0.5468498138264659,0.7107410532547995,0.0,0.59271500401999,0.4364784834027012,0.2116752766915166,0.3821281343977736,0.0,0.463987236669824,0.19028662437896499,0.6058262153438583,0.6208083889812106,0.09996918690443124,0.48592106268797564,0.44275274730575775,0.44695142257501175,0.3897790893824664,0.5438554591132201,0.0,0.2948163499514862
0.582685385317535,0.0,0.33785736035186675,0.34137046025290674,0.4075713556549746,0.3260098020034026,0.37386246235632514,0.5628876667847279,0.34089540869080126,0.45455129848395204,0.32222570930570793,0.4194118156271893,0.31828891485415756,0.5089700032891809,0.40476876647947185,0.4610677661502892,0.5889889807262618,0.4049313185251698,0.6424138354763869,0.2711023741361751,0.6620191730514253,0.3175836111957575,0.33559639364839955,0.367554895029338,0.48028913034662357,0.390379202431993,0.20824378726039278,0.1930823512632225,0.1674404046148461,0.42184652005489415,0.5508526593569215,0.38547095520141383,0.47628477505644784,0.5289241692926053,0.6511725406413025,0.4534954605587386,0.2271029070948547,0.0,0.4173094557317638,0.4978073333635278,0.4191611183903359,0.5428043924765982,0.638035155559704,0.0,0.0,0.45780671904687165,0.5238299128842016,0.048450801794033355,0.0,0.0,0.31361107886111883,0.45221968735411755,0.5680895095926036,0.5641677289042966,0.6064617249448098,0.0,0.4421858024654566,0.35809950167704974,0.0,0.43505278198481395,0.4987809604351672,0.4213065607436316,0.5062678865514747,0.0,0.3651534124596343,0.5606511262495187,0.6551485988809973,0.3413993614469032,0.4368052949193526,0.5440592989655949,0.5453181906280365,0.3760124123000882,0.2754848796470072,0.2866228299203037,0.0,0.5657887791658487
0.005817122144109621,0.33785736035186675,0.0,0.30429795141072336,0.12174005012781305,0.11417728837112112,0.2938782521697731,0.2269256577767092,-0.011900258395050128,0.27858744256926177,0.14496528759781002,0.2504780332164328,0.2713338781403694,0.3403303351813183,0.039611512530686205,0.24251070835827443,0.6298292313726461,0.5155722610607802,0.11417376135985885,0.2697360948154234,0.19302641793494152,0.18571758367729121,0.14771161227057328,0.4016374307556607,0.2826049463327036,0.27033716032869015,0.0067921458509867805,0.27267174280545975,0.17036190286057765,0.13893156556221306,0.345986873990342,0.2888782470442256,0.19963193246517486,0.2795458673964635,0.11878605621120897,0.21206649659361204,0.23029700834443737,0.0722078132675501,0.3508209578867738,0.49573887232530667,0.25385284000486685,0.5328932359550804,0.5767969704022724,0.10737567082564925,0.0,0.0,0.20439987478815846,0.09775311472141696,0.47995101191565914,0.44360238090745174,0.2884544038604837,0.3714217538273212,0.47587163160444,0.546313672174757,0.3734478101633479,0.20950601159878748,0.47260664444327827,0.35855826415086933,0.38289671514391654,0.24637912855853994,0.0,0.0,0.0,0.04296045638623808,0.6407444235790536,0.4484931969480718,0.10105785361694511,0.4104223779402926,0.0,0.631823782625187,0.34919285333996086,0.16692440119395083,0.33253279634821076,0.36958852778642665,0.6928696332900148,0.028641125285337576
0.0,0.34137046025290674,0.30429795141072336,0.0,0.25738527128740873,0.29078763303094224,0.24537284634179787,0.2395987280782803,0.38678241281962145,0.8311626044889592,0.15380881376656785,0.3370741171831786,0.12011797062175927,0.4711344408808927,0.5982363760522633,0.09567272859909244,-0.4334156223465249,0.46590708345777143,0.28939881434122383,0.04185679458101027,0.40531558422291414,-0.05019203833033464,0.2749583640195148,0.24466082475025175,0.8764863989379815,-0.092722885234025,0.22559860299058854,0.3026029209169528,-0.07658116579993368,0.4955410307761764,0.4872029840864279,0.23251303156080175,0.417105186474368,0.4582538281183122,0.3787897892291699,0.3312572120148827,0.29486785184375036,0.5505508188261479,0.1884743534638132,0.3042378265449597,0.38270139680190607,0.2925491507665712,0.23608289752290165,0.24070949897610486,0.0,0.0,0.0,0.4041487671878897,0.0,0.0,0.593770891963036,0.0,0.4637307253595685,0.014692863850632048,0.0,0.1799748873854477,0.4823371094096929,0.45372205840140245,0.0,0.0,0.0,0.0,0.0,0.0,0.0,0.0,0.4801445707390083,0.59801422807839,0.0,0.0,0.0,0.5127814099453536,0.5453279055388475,0.5837699350782717,0.0,0.0
0.4084568877182021,0.4075713556549746,0.12174005012781305,0.25738527128740873,0.0,0.11857796964423681,0.07136521304471793,0.4504958556873817,-0.034991206655197504,0.4920023978249951,0.2025102977827764,0.4174222044844043,0.22082914565539988,0.30426980977947565,0.4921259685042322,0.43637709034643407,0.33390950446647094,0.1672533849026333,0.18208877321587116,0.36705182072067044,0.5071451202332063,0.3422565612636318,0.26162869506016034,0.45913235293960375,0.4211888895324046,0.3661704079236701,0.07564537438578114,0.1579986265611939,0.28184044036948785,0.48648166519407493,0.30250519369629336,0.1776100277127921,0.35065101530032794,0.26608907496544687,0.1997772382089783,0.24677944563005727,0.0761415975724054,0.2582761319763982,0.30334298463445564,0.7077803713509581,0.46515176813881853,0.4050193646330067,0.6637427573928174,0.6581387314157273,0.260516543413309,0.0,0.06773464480017638,0.4328532695241992,0.0,0.5542876764601259,0.33066587993074276,0.3570875064342012,0.5175838140315119,0.39423629597009324,0.0,0.6131983220047286,0.3563395603610785,0.41335443605732247,0.516631166481521,0.25660778408410373,0.4568089675983872,0.0,0.0,0.6497255352035212,0.20736862572761366,0.4940825929488264,0.35339718921412544,0.3652013098078137,0.0,0.4967007263958054,0.5460277179046974,0.3506706695727062,0.3828930341699526,0.24237628215038903,0.0,0.33823415396273593
0.28503265753059026,0.3260098020034026,0.11417728837112112,0.29078763303094224,0.11857796964423681,0.0,0.11611876830843826,0.38581827125593693,0.03627846701444104,0.47197430152250186,0.16001416103798372,0.5620849052648733,-0.03894311505171821,0.2071074172047226,0.4253387495975167,0.4117939517186734,0.3258351925340415,0.3926653047659969,0.3991456157259886,0.20527571741195777,0.3634979668958331,0.24265735972352298,0.42150809864933547,0.19520927662545087,0.3405279217373858,0.4432972516381134,0.4625536453359843,-0.02050308517619498,0.1639888717256046,0.17227806328670575,0.43506170421688783,0.19390192111115281,0.33697106273620686,0.32127782296547525,0.2300224400628374,0.43147277067084744,0.30765100015734054,0.2326704870850449,0.24224725290223512,0.2015871900698189,0.3590349998380284,0.39320573717932594,0.5501175035695374,0.19475638462808165,0.19614512342826101,0.42291514999728796,0.42506136986473536,0.3699192503638358,0.5635162295044934,0.2721246770717253,0.27520449069995245,0.2551097518051394,0.52301405312933,0.3545891363505511,0.7058438678046469,0.4608330095297994,0.19270410817363162,0.2954550483865704,0.5585527194075572,0.436280554774696,0.4977431833054163,0.0,0.4733927294219073,0.3846092821697484,0.4161514107012687,0.37415196238952586,0.45118093971791673,0.315523504796984,0.5783124089474438,0.42812716512191024,0.4217056605085726,0.293964589025517,0.31501337683358493,0.3323034244277403,0.21988513241136667,0.22750080604611572
0.37845913335379716,0.37386246235632514,0.2938782521697731,0.24537284634179787,0.07136521304471793,0.11611876830843826,0.0,0.24767555455304693,0.18934476870265188,0.32627063187331,0.33418425523417417,0.2605615833887597,-0.044644754989258295,0.1326570139646141,0.5229459776198998,0.2866840070506763,0.2234996773641859,0.2891415660625736,0.38067850370165734,0.1744988085534341,0.260528107553318,0.2118792144686808,0.27666328037650106,0.46653984140474947,0.3793743881844325,0.4505361893025712,0.1742665042433298,0.04150966875985085,0.08711770207124714,0.11574872161233524,0.12295947201269264,0.21375334725341186,0.2472407245040732,0.04526242632187388,-0.06814422758055905,0.3037418673693155,0.2913637471547068,0.1993582166034007,0.13363859357821095,0.43709119202908986,0.48353762935133515,0.6986416926980137,0.516778634546312,0.8351300390709402,0.351685341653837,0.0,0.34854220437394934,0.2678051542163459,0.0,0.28790201819421224,0.27181914616508207,0.31683780044045057,0.32858119271543595,0.35629191053369824,0.5886071778825493,0.4921297320520033,0.2750170825559323,0.2672565783636488,0.342803759519099,0.14433803812610074,0.33671823185560856,0.0,0.5415943872214544,0.5126312624863583,0.23964342358723068,0.5887916051901223,0.3916949522729221,0.2936650028195793,0.46614456630728096,0.3250666016665291,0.3834582974491447,0.2728144204223816,0.3484821660466124,0.24853008911954902,0.7850353648146917,0.21021646812946482
0.14511887738520707,0.5628876667847279,0.2269256577767092,0.2395987280782803,0.4504958556873817,0.38581827125593693,0.24767555455304693,0.0,0.2277107914781655,0.39290979487716204,0.4712924458097901,0.6523689132082308,0.242723747345826,0.7152093331249945,0.5145964868550454,0.5671434951223301,0.4698016765037256,0.3854019319286571,0.36256194867483926,0.3802481859179261,0.25605716941195855,0.6105572963590029,0.3102087131979946,-0.006357115709871908,0.3248204141102581,0.3542979410357051,0.13947793881354592,0.11967235664872433,0.23183911878153163,-0.007324178538257675,0.21621531964541796,0.23912543000111255,0.4649039137138544,0.18222086056888742,-0.01272280088894967,0.40748369918261695,-0.00576211339252275,0.590971293035856,0.13847104504712474,0.41229825334036396,-0.08404290662906169,0.47631469263217846,0.533367335302094,0.24321308850347997,0.0,0.04950456518892277,0.34656273118241904,0.46863460912960686,0.0,0.472921224769526,0.09797899859270709,0.1704821242480153,0.32284224094918246,0.25032156987148746,0.8215886415117704,0.5815047938194389,0.9731252992435623,0.1937539309110605,0.56203603041112,0.37981983559518484,0.38187096704696843,0.0,0.6595367788795289,0.5713077111183149,0.2451676796657245,0.46566259543456107,-0.3287961328015651,0.2942890167189174,0.0,-0.08003004324681601,-0.012861574232353068,0.32060602131119564,0.18889095647314852,0.1433189331244225,0.5215828082311516,0.0782722577217082
0.44766518094746643,0.34089540869080126,-0.011900258395050128,0.38678241281962145,-0.034991206655197504,0.03627846701444104,0.18934476870265188,0.2277107914781655,0.0,0.4810857855465893,0.05663970192684445,0.42673346035294935,0.10358900840836177,0.4100009370159151,0.6161346864282746,0.4963754112708035,0.16387202482037622,0.3281063513607009,0.03263411919954651,0.3567072674843831,0.28362698546613646,0.38654901621886056,0.18507313455519725,0.4134034409838101,0.45699809730740015,0.5291472448217903,-0.005382439499860059,0.33807177324556525,0.24210798122312271,0.3409146343921242,0.38283408594487434,0.4080742305780486,0.4120157511161225,0.3612591406298004,0.33113718716886004,0.33619426592641566,0.36100379771128593,0.3484763112697044,0.16629803454984782,0.5312560761356466,0.1688228547539036,0.09982542422498444,0.43595250291890764,0.35092229906936057,0.2846560226793697,0.0,0.2910480574631151,0.41996734058743435,0.4771383619617689,0.49872885297094427,0.331431023211663,0.42092246092620855,0.4181079557182852,0.32807284804488135,0.21242046080289517,0.5516023367535248,0.09728533287980748,0.2338078726805985,0.470137870228272,0.4414475624358428,0.6914849194549392,0.0,0.0,0.45248639599780105,0.2757528188607435,0.6778683592946109,0.1282213834244586,0.36114476799283646,0.323082711021005,0.5646417489865313,0.16341456479198002,0.37251301924428515,0.30871610699135565,0.4223232658948249,0.4932729866421535,0.38303263635556706
0.2079611807966255,0.45455129848395204,0.27858744256926177,0.8311626044889592,0.4920023978249951,0.47197430152250186,0.32627063187331,0.39290979487716204,0.4810857855465893,0.0,0.4878091282870639,0.31759262455290566,0.34420506065604317,0.6391181306061806,0.4929678122462129,0.36054066832260523,0.3000391208548124,0.2354443934622024,0.34658576880658026,0.08947025873855757,0.3662669317954301,0.33000514464829356,0.30856179229238156,0.1296572148438213,0.23970433577984912,0.46359036311578516,0.3124158681454879,0.4903248568454061,0.14078173615423117,0.4122413659705919,0.5840442302651647,0.27389954884612666,0.2668320004758677,0.47615801595004165,0.42864860413065975,0.5682768437604009,0.6701998138564966,0.2734536786692132,0.44647751418088166,0.3624877798177227,0.7117595054330799,0.36958143965448176,0.3086889865631358,0.32285786727469257,0.14160970620752145,0.6552067188126411,0.4887762594989798,0.16053364981396917,0.48649204349533204,0.45820055029681533,0.5263232143436596,0.3090802631176306,0.5677218892490409,0.22760548973814645,0.23747749552367095,0.43033074511220226,0.2867295054339728,0.3974133428206188,0.0,0.9074653427204482,0.5707261964011277,0.34960481411657285,0.3095934926029294,0.4791947385076285,0.4719261975049642,0.563742222633799,0.18338677763265046,0.2642596719117859,0.17362514996365233,0.29258279880005744,0.23044883489566334,0.13903262942714684,0.4223440102967895,0.04058530657072351,0.0,0.5363931012744938
-0.35695929526871784,0.32222570930570793,0.14496528759781002,0.15380881376656785,0.2025102977827764,0.16001416103798372,0.33418425523417417,0.4712924458097901,0.05663970192684445,0.4878091282870639,0.0,0.4050854997230973,0.34477228435526486,0.3718401270846984,0.0,0.5199490971396918,0.3082274319770177,0.6038104675013773,0.18352561001366197,0.45582533849641904,0.5452055550521198,0.38778324704511435,0.47136620608775703,0.4149999687175543,0.4319054509535713,0.3943631324917211,-0.013750698266030037,0.3172480232020785,0.22234055631336494,0.5470676874513076,0.3817670349109477,0.16283018877000394,0.3261560574933116,0.4429019906869422,0.28037825792969673,0.37058009059702357,0.2848396696436943,0.3705841085140904,0.27835775731083423,0.5543269083241291,0.5305225216871858,0.4737293479048649,0.5969874149938214,0.5711909257272675,0.1918558322625274,0.0,0.0,0.13481149402909204,0.4738204596251105,0.6941503759343994,0.3855216525798157,0.4616590373442949,0.5579590213698885,0.3148102928398424,0.49942613361495625,0.23685315593868136,0.5063722025856824,0.5202698374653709,0.6191062218292747,0.0,0.0,0.0,0.0,0.2023897366798928,0.35732395525341676,0.0,0.6745827213913685,0.4380621774687751,0.0,0.0,0.9516589752926887,0.28440225636310246,0.4873975702697464,-0.00902168498704925,0.0,0.5587849156771035
0.09134664091004191,0.4194118156271893,0.2504780332164328,0.3370741171831786,0.4174222044844043,0.5620849052648733,0.2605615833887597,0.6523689132082308,0.42673346035294935,0.31759262455290566,0.4050854997230973,0.0,0.4314179072209262,0.6262939446748391,0.40625903724269563,0.37435990987441164,0.490780778451841,0.5521917309972777,0.753457378131483,0.54592309310287,0.17952476649991678,0.45331243115870334,0.31617078484545724,0.09177427669203,0.4499509932481589,0.4606799715517488,0.2770576440998379,0.6429600878030868,0.62121903097621,0.3013521209011472,0.4753603770668241,0.4786804494373838,0.33027094606621493,0.28768114851118,0.2542926240606439,0.33455211292358467,0.26287472422258024,0.30930850128517584,0.8788520651408489,0.4486099107619519,0.7211876878118292,0.3102526829172723,0.4331624605839596,0.4614666043550999,0.23605974757089648,0.48305478876054675,0.5628322651328227,0.27189253995679324,0.19320508010524767,0.2939329275448799,0.33877913688703004,0.48718732530511155,0.24066443970600587,0.4221167904982096,0.2619589058050078,0.2433968597890619,0.421799164701127,0.4165370004460301,0.7218515980062107,0.6464703365004869,0.007017603984437348,0.30214616404575245,0.32412661715068375,0.34029201577234724,0.7753212449182161,0.7720109601185884,0.41627581079792664,0.5026924907343631,0.12195025798620795,0.28983267384140043,0.21212641795972492,0.3322576145266893,0.6506497149994035,0.5170468470127243,0.0,0.5470036201652633
0.41487180298788895,0.31828891485415756,0.2713338781403694,0.12011797062175927,0.22082914565539988,-0.03894311505171821,-0.044644754989258295,0.242723747345826,0.10358900840836177,0.34420506065604317,0.34477228435526486,0.4314179072209262,0.0,0.1674480180514074,0.3116349886246691,0.23455743847828991,0.22305442578253395,0.2734177931833265,0.3917280669313841,0.09449542069837358,0.27973096252291507,0.13183753569931095,0.28925125269866175,0.2759980508622751,0.3589047256934187,0.3832865508888237,0.21216740180754234,-0.020696433776808465,0.040579852998394395,-0.013901858036097725,0.023313488015489686,0.1940338492701717,0.22649283665353181,0.09059208401286373,-0.03066967335004067,0.2934110693787064,0.24479995922940345,0.20523795621559754,0.005934135169306964,0.47940966658987216,0.5389388722513906,0.5763701967169959,0.3438856687490281,0.6404175485602419,0.4379947694180744,0.6441201814771172,0.4547533116180656,0.3257958380683604,0.0,0.2591005638026279,0.23556730250063657,0.29761293377319964,0.3178063563936431,0.3759638003802822,0.28464754025224487,0.4489773552891036,0.09583637163244269,0.3153363118335443,0.4038774630094134,0.3470341531635309,0.29391786143649445,0.40136224592004277,0.5578360017106923,0.6288007136919431,0.26146787683213013,0.39922021908748223,0.4477569029073007,0.25785492959069656,0.5035332514645912,0.20014274975725224,0.2301965288764275,0.2707079905331382,0.35069996675654047,0.2276117487281319,0.04927855191715394,0.23880935394208086
0.512827753306679,0.5089700032891809,0.3403303351813183,0.4711344408808927,0.30426980977947565,0.2071074172047226,0.1326570139646141,0.7152093331249945,0.4100009370159151,0.6391181306061806,0.3718401270846984,0.6262939446748391,0.1674480180514074,0.0,0.5073952358278756,0.5620109698799535,0.4948828836220128,0.47848337565961496,0.32694463602009444,0.38147787254983684,0.25021660930695877,0.27139692840001217,0.4812986843638108,0.6708180809990931,0.49157933394112097,0.2007981532624718,0.24395806727029568,0.3084555838701968,0.38429642013709686,0.8202034680747112,0.516567577479837,0.3525144012337042,0.24382527492531256,0.6620825441769778,0.33434904350306704,0.29712675933991667,0.2237476838687794,0.39594417319329916,0.6901334797107472,0.0,0.7079505211506005,0.8508399920595743,0.6509418801082537,0.47924183645237506,0.0,0.0,0.0,0.2958536535103039,0.0,0.49521234600922237,0.11568334530093366,0.41324715934443124,0.52682339092859,0.1465475129432238,0.0,0.47938572830705833,0.40766074334148666,0.7501016294377258,0.5324554787928394,0.0,0.0,0.0,0.0,0.4520745204191847,0.0,0.0,0.0,0.40570818681851,0.0,0.0,0.0,0.351488770661785,0.7538406697187799,0.0,0.0,0.0
0.3225979805676983,0.40476876647947185,0.039611512530686205,0.5982363760522633,0.4921259685042322,0.4253387495975167,0.5229459776198998,0.5145964868550454,0.6161346864282746,0.4929678122462129,0.0,0.40625903724269563,0.3116349886246691,0.5073952358278756,0.0,0.44348027395462153,0.11444125468506047,0.40415820386422996,0.0,0.4751684449947454,0.3431562849252181,0.36337329264973256,0.6308787620289582,0.26220234568030093,0.3968217110026286,0.20924793696117885,0.4952046240252432,0.11203894496790279,0.22457036602193442,0.4666899073952768,0.27389099910438436,0.1777172109567202,0.4495873612039722,0.16545124569936126,0.2527108929006531,0.33289912827225604,0.47194666119964224,0.37678871623880344,0.11251355307691532,0.2786430355073335,0.23501342409712236,0.219007183687256,0.5141117787990882,0.6082175141886097,0.0,0.6188727341931459,0.6399067146519994,0.47852704587773626,0.0,0.0,0.290416664449094,0.7112774720051874,-0.11758609040143109,0.5565488954259077,0.0,0.0,0.6862898160093074,0.4229054920548113,0.4761058663930261,0.21546552826773507,0.5266307925888943,0.6278755606152759,0.6023968751498447,0.0,0.3637560155819368,0.2550112768934807,0.35203174146174426,0.6505521336412372,0.45979542827430253,0.41662043908872426,0.1625907790197754,0.4582444326493942,0.27021123974897454,0.23300175225965059,0.13734867633292244,0.19589926712381067
0.6177834089654034,0.4610677661502892,0.24251070835827443,0.09567272859909244,0.43637709034643407,0.4117939517186734,0.2866840070506763,0.5671434951223301,0.4963754112708035,0.36054066832260523,0.5199490971396918,0.37435990987441164,0.23455743847828991,0.5620109698799535,0.44348027395462153,0.0,0.2616823918804697,0.498550095060018,0.4553698955963612,0.16597178233104984,0.6234941852198408,0.2776677126250181,0.46784001077001924,0.4243934292991789,0.4251166415398261,0.5471048685087145,0.23336253778923227,0.12961026933944095,0.0857551197380789,0.3452300901131351,0.5064410337285925,0.28783171192054235,0.19762747827574464,0.2944896164115922,0.39058536402976485,0.6482714353922361,0.3899958893976815,0.6124142505190904,0.4096212499614904,0.4316755333381573,0.35828670558070086,0.5667420252580877,0.4659109290286275,0.0,0.0,0.3081937330645893,0.6385229623816306,0.0,0.0,0.0,0.17608225405100572,-0.4785826701414041,0.8163183882494909,0.0,0.14032750843841008,0.0,0.43988341476608644,0.15964482868023522,0.0,0.4098141714837748,0.5914361653074259,0.2656957099639344,0.5262230595883636,0.0,0.3617178830103197,0.5497743146823592,0.5005619608966411,0.44989844022968317,-0.09862891745051688,0.6606892661361733,0.6053533696371001,0.4064023283235088,0.13429661562994138,0.2835074916630119,0.0,0.3829777554198396
0.05734002057732315,0.5889889807262618,0.6298292313726461,-0.4334156223465249,0.33390950446647094,0.3258351925340415,0.2234996773641859,0.4698016765037256,0.16387202482037622,0.3000391208548124,0.3082274319770177,0.490780778451841,0.22305442578253395,0.4948828836220128,0.11444125468506047,0.2616823918804697,0.0,0.48416008826458884,0.685061666294344,0.1566054496271007,0.5505436679032447,0.36397093179131784,0.11650109972366654,0.36910084478175453,0.4403433112479073,0.40808683795559353,0.32396478531195183,0.540491713749127,0.09279375113684366,0.49471882043214527,0.43397119606434265,0.2557176790204556,0.2735106025317851,0.37744318110394404,0.32944087736258276,0.6072993260769857,0.2484117627953668,0.3585662152183284,0.07417673828297433,0.2247205913323647,0.20854764170037485,0.5441194501756204,0.0,0.0,0.46139331611719236,0.6439154422084692,0.5497117581199148,0.0,0.0,0.0,0.0,0.0,0.0,0.0,0.1944111831222161,0.0,0.10835817153274785,0.31336925893831996,0.0,0.7939247424934752,-0.05695611827752395,0.24583063921696136,0.25406987893932,0.0,0.0,0.0,0.3422416036809328,0.0,0.09521610889377988,0.31242126334886283,0.24208320255187066,0.0,0.2975860547912129,0.48017970616608185,0.0,0.2723212084785528
0.22128810961434886,0.4049313185251698,0.5155722610607802,0.46590708345777143,0.1672533849026333,0.3926653047659969,0.2891415660625736,0.3854019319286571,0.3281063513607009,0.2354443934622024,0.6038104675013773,0.5521917309972777,0.2734177931833265,0.47848337565961496,0.40415820386422996,0.498550095060018,0.48416008826458884,0.0,0.5077717717129266,0.2963984846710829,0.392004661170363,0.31251327673222884,0.4203265181163769,0.3565454880880734,0.1543150625787016,0.4068332034211584,0.28747474615929647,0.16599331419610364,0.1610523090802275,0.37721024431580497,0.4458931999947833,0.2244452741587363,0.3169412679589538,0.507596015607924,0.23076556193476017,0.5919017663237901,0.25734818458432146,0.15847748534208456,0.21171804398962446,0.32043695330339284,0.20805001115562596,0.2720242061691517,0.0,0.0,0.5780546564038276,0.19287470978229976,0.6015154181858207,0.0,0.0,0.0,0.08678694002401732,0.5643450208069627,0.836805917496255,0.0,0.23439447109354147,0.0,0.09887018643666134,-0.19476050601045247,0.0,0.49517641588054895,0.4187530511340558,0.29708897370932247,0.3619687505900172,0.0,0.22709035221602716,0.6791743718480137,0.4364414062754777,0.7754081509705357,0.08697577608029014,0.3637489904028288,0.36384980320337196,0.47070216588964836,-0.061039561445965396,0.09155358552272841,0.0,0.312617291916257
0.0,0.6424138354763869,0.11417376135985885,0.28939881434122383,0.18208877321587116,0.3991456157259886,0.38067850370165734,0.36256194867483926,0.03263411919954651,0.34658576880658026,0.18352561001366197,0.753457378131483,0.3917280669313841,0.32694463602009444,0.0,0.4553698955963612,0.685061666294344,0.5077717717129266,0.0,0.5559590341746299,0.4428549949829311,0.6906932664153549,0.48840545229860177,0.3058355779647052,0.5314635489881879,0.3162142892247778,0.14928523844861274,0.379224892193496,0.5803114758868069,0.6175835520915126,0.43941373268829687,0.32113640912215213,0.25652726191862435,0.47064174202162157,0.281921332615383,0.32801206543043204,0.35407645249773984,0.26836383938221753,0.27179735474851024,0.4038587011057276,0.30193092114514347,0.21873263508069468,0.5886876733287433,-0.018878102598237273,0.4076235575112981,0.0,0.0,0.10587218133148718,0.0,0.42878567727874073,0.2818468522791846,0.30341234559814745,0.384887142617566,0.34278151221437725,0.9294893773820115,0.7151760164751358,0.5620217302807573,0.1293903946897707,0.4505372249953196,0.0,0.0,0.0,0.0,0.6836369925733503,0.47672924884071527,0.0,0.49511235563985156,0.4407893989914751,0.0,0.0,0.0,0.4258740654949802,0.29459978406838017,0.07486785346128191,0.4704681773923943,0.5734479885755341
0.37159863748384997,0.2711023741361751,0.2697360948154234,0.04185679458101027,0.36705182072067044,0.20527571741195777,0.1744988085534341,0.3802481859179261,0.3567072674843831,0.08947025873855757,0.45582533849641904,0.54592309310287,0.09449542069837358,0.38147787254983684,0.4751684449947454,0.16597178233104984,0.1566054496271007,0.2963984846710829,0.5559590341746299,0.0,0.34852985089786936,-0.043017661599215606,0.42276023301094784,0.40019325836433717,0.24044332685658554,0.24409305711135462,0.22171639117824518,0.18788069236832228,0.0686465948604219,0.6114332504374587,0.1253816152563873,-0.024187048164467456,0.16457926282996116,-0.05526995064071438,0.07198109185170803,0.23520025916064163,-0.07620488574702872,0.21922570996171015,0.11754062980960153,0.23285922528125413,0.29957566732825874,0.25233734051171447,0.403768747766131,0.24045922704390288,0.21419358144824002,0.5220023805949048,0.4612766045010376,0.49257739424079816,0.0,0.0,0.2748969031845353,0.28420455284378315,0.18320708952241183,0.4434988211297909,0.939481167563367,0.0,0.7103516792783371,0.2702558850461561,0.0,0.33232366276094927,0.3841222607779523,0.4659353136266145,0.22513199451411675,0.0,0.22596058825157975,0.2437986387041814,0.24010088725411616,0.33664505645999204,0.0,0.3305098428983381,0.34012525667359333,0.3035528914494531,0.2543328877202702,0.27525111123381785,0.07317987653976987,0.21166546522322785
0.1941807334279305,0.6620191730514253,0.19302641793494152,0.40531558422291414,0.5071451202332063,0.3634979668958331,0.260528107553318,0.25605716941195855,0.28362698546613646,0.3662669317954301,0.5452055550521198,0.17952476649991678,0.27973096252291507,0.25021660930695877,0.3431562849252181,0.6234941852198408,0.5505436679032447,0.392004661170363,0.4428549949829311,0.34852985089786936,0.0,0.3695583475362856,0.315249619779895,-0.015442835155161316,0.337770354132478,0.43240029161958515,0.4050443101665138,0.17334440492876063,0.12241234033227988,0.47954529781009914,0.4558390079208354,0.27190988867140975,0.5210406669843981,0.32478760723112265,0.4648867438247568,0.5132976864762249,0.3472530213389609,0.5548964926765655,0.3155526696906887,0.7409678328519265,0.3123798437647636,0.4453845548233788,0.5691039582481183,0.0,0.0,0.5749665699086925,0.7020895086789156,0.6566642233039564,0.0,0.0,0.5712416290808446,0.44026385262954076,0.3351670313674181,0.5431211382065182,0.6050520694477407,0.0,0.7467209167952316,0.1959546268623718,0.0,0.2566168416674787,0.6372932669991067,0.0,0.7653568763063616,0.0,0.24571886235730722,0.5891666669080504,0.33749702014693606,0.2666924617764944,0.8245408740573539,0.3439025371680982,0.6905176493440094,0.2498367667368781,0.04958415776791042,0.12762860704210868,0.449860667153375,0.1932989493464832
0.6018892306671293,0.3175836111957575,0.18571758367729121,-0.05019203833033464,0.3422565612636318,0.24265735972352298,0.2118792144686808,0.6105572963590029,0.38654901621886056,0.33000514464829356,0.38778324704511435,0.45331243115870334,0.13183753569931095,0.27139692840001217,0.36337329264973256,0.2776677126250181,0.36397093179131784,0.31251327673222884,0.6906932664153549,-0.043017661599215606,0.3695583475362856,0.0,0.6327860407043052,0.23993225254198353,0.43741705859021085,0.36537931275558144,0.12367320863046019,0.061757312799787745,0.02028926858167507,0.484503235781567,0.27823943071037255,0.18910207127150325,0.3224559782220251,0.11467534352294767,0.21916534381901265,0.19488754269858305,0.3365405571900653,-0.3705641880503657,0.380115912463758,0.40284466948191155,0.44398101635258125,0.2589784696895995,-0.05569418974525536,0.3604446441283749,0.2503348385598643,0.5338211285355869,0.6161651706139014,0.5844336425486816,0.47785839001233676,0.24467486635661095,0.3940709894542569,0.44041817810740874,0.3149217494211132,0.6615415969181595,0.41679476675525917,0.0,-0.10806167734625932,0.4126772625255091,0.0,0.42249150565635574,0.5913023011080646,0.10186632735861778,0.5136891688049223,0.0,0.24767230936327603,0.44028336639703464,0.46244427995438864,0.3890647143006634,0.746236983735272,0.44877760663678945,0.5225660915446694,0.3764973641782381,0.379336658750176,0.34660504183486934,0.29278681041305016,0.49445691628479693
0.20684446809892848,0.33559639364839955,0.14771161227057328,0.2749583640195148,0.26162869506016034,0.42150809864933547,0.27666328037650106,0.3102087131979946,0.18507313455519725,0.30856179229238156,0.47136620608775703,0.31617078484545724,0.28925125269866175,0.4812986843638108,0.6308787620289582,0.46784001077001924,0.11650109972366654,0.4203265181163769,0.48840545229860177,0.42276023301094784,0.315249619779895,0.6327860407043052,0.0,0.12438165424705108,0.40695809215143086,0.4008771514567708,0.2905626146911086,0.2219339928391906,0.20436289242449707,0.317820810371348,0.32297269948827656,0.18359307077438097,0.2918742616459207,0.18505785651473938,0.1711379904576521,0.40457891668425794,0.268091232335341,0.10319418645545461,0.18094902553617323,0.3776747517860727,0.28911787328721256,0.26704089553845456,0.5937426216761592,0.3386347296022588,0.5682161005758443,0.14288320962941686,0.467940023363017,0.605979746921529,0.45336362679395353,0.48141974835433227,0.2848718975437253,0.2680539859633494,0.53640515497885,0.4524744816973132,0.17872020250525272,0.6856774461211468,0.4235184919351035,0.2574387485752562,0.629025695357167,0.44884890041810765,0.5204039533055695,0.4719261975049634,0.17336977507887308,0.6370106082016247,0.3478971714421089,0.483368617222728,0.35854185582031534,0.5408453929185749,0.23488410356826347,0.4923801232527587,0.3291721762595906,0.32199305996119665,0.2571226667319957,0.30472728409490557,0.14433562768462127,0.30855641423239966
0.014430860863922756,0.367554895029338,0.4016374307556607,0.24466082475025175,0.45913235293960375,0.19520927662545087,0.46653984140474947,-0.006357115709871908,0.4134034409838101,0.1296572148438213,0.4149999687175543,0.09177427669203,0.2759980508622751,0.6708180809990931,0.26220234568030093,0.4243934292991789,0.36910084478175453,0.3565454880880734,0.3058355779647052,0.40019325836433717,-0.015442835155161316,0.23993225254198353,0.12438165424705108,0.0,0.32214832796954107,0.20430621018724046,0.19462696507338373,0.4158913981719592,0.30084186736431323,0.8126349978440359,0.474831273886552,0.5454525997973894,0.4105249812715662,0.4021523464367738,0.3249614562185205,0.3517388018428382,0.34901848526603874,0.5631712221979099,0.6715750772285893,0.6776162418023253,0.5438974417083022,0.6270908499938599,0.5954265311753304,0.34824728154690066,0.43182746263907623,-0.020563638045202837,0.489163330902707,0.0,0.0,0.4649526601818368,0.5764798864447163,0.2959170319277869,0.0,0.021746077813273326,0.28282331197485977,0.5425077816382297,0.34030257054735813,0.44567275527590455,0.0,0.23010706569761913,0.17584323700882346,0.15311323383263947,0.24577669192690943,0.4723200704699607,0.33448072805347046,0.45234962776640947,0.16049884444835913,0.8264031137880377,0.09519349995175833,0.26799800590174605,0.22695098748403947,0.5290367995554379,0.6841060630987414,0.6101858543683859,0.0,0.40477549299662563
0.15712598458164095,0.48028913034662357,0.2826049463327036,0.8764863989379815,0.4211888895324046,0.3405279217373858,0.3793743881844325,0.3248204141102581,0.45699809730740015,0.23970433577984912,0.4319054509535713,0.4499509932481589,0.3589047256934187,0.49157933394112097,0.3968217110026286,0.4251166415398261,0.4403433112479073,0.1543150625787016,0.5314635489881879,0.24044332685658554,0.337770354132478,0.43741705859021085,0.40695809215143086,0.32214832796954107,0.0,0.26826170471059485,0.19186912374032467,0.22768060529237527,0.16151194972341848,0.433336619999109,0.4026681744697798,0.14017251435081082,0.29062924113576594,0.3209779922827408,0.12783605808422055,0.4058589075300967,0.5895539502573591,0.20270619892099723,0.20946557742907673,0.3001850833164493,0.20735307971374647,0.35882635514045724,0.0984477729187935,0.0,0.4614364952476344,0.1560693264651284,0.6070297834358965,0.0,0.0,0.0,0.18405633251936737,-0.2670527010300464,0.16828950948893806,0.40834336899066687,0.230794516810498,0.4690851279713376,0.1836604782299216,0.042957279635117696,0.0,0.5864202026607224,0.3872758568905039,0.2617644741786661,0.3837255721585564,0.0,0.19758012628331392,0.5822528461779481,0.23978840373817514,0.2462596530759447,-0.06792197777010772,0.39560604199404326,0.30602008894873395,0.2372423583915011,0.2173966155841943,0.05259615905267645,0.0,0.2325607728887059
0.4023216898967854,0.390379202431993,0.27033716032869015,-0.092722885234025,0.3661704079236701,0.4432972516381134,0.4505361893025712,0.3542979410357051,0.5291472448217903,0.46359036311578516,0.3943631324917211,0.4606799715517488,0.3832865508888237,0.2007981532624718,0.20924793696117885,0.5471048685087145,0.40808683795559353,0.4068332034211584,0.3162142892247778,0.24409305711135462,0.43240029161958515,0.36537931275558144,0.4008771514567708,0.20430621018724046,0.26826170471059485,0.0,0.422226976125297,0.3762435661655841,0.34939665727583863,0.41979972077935035,0.4440168230953415,0.4105745013987304,0.39388542093951295,0.409100218645677,0.4635213432599585,0.3852424482934964,0.5113478562934879,0.27731256140886873,0.357257532740749,0.30337207051995313,0.3120791717732957,0.4040661170182389,0.20054102616607855,0.5458808533382832,0.48928494998274163,0.3031468754280314,0.6903451848771638,0.6682574188086061,0.0,0.002753539065652421,0.31751925912028905,0.0026122641121176238,0.5491917624238332,0.39850150724883426,0.23004904894743977,0.0,0.19273066794500612,0.20877233436708295,0.0,0.4363688577102657,0.5887698101677568,0.18144395311494466,0.3675744147647082,0.0,0.3541041636768847,0.6309118753923876,0.6873953421514152,0.32018652234031175,0.01341852008845007,0.426759386831572,0.38814683674407086,0.40397527602734273,0.20174407054333265,0.27518607237640796,0.4800664967207083,0.30372978323082567
0.3155136193478715,0.20824378726039278,0.0067921458509867805,0.22559860299058854,0.07564537438578114,0.4625536453359843,0.1742665042433298,0.13947793881354592,-0.005382439499860059,0.3124158681454879,-0.013750698266030037,0.2770576440998379,0.21216740180754234,0.24395806727029568,0.4952046240252432,0.23336253778923227,0.32396478531195183,0.28747474615929647,0.14928523844861274,0.22171639117824518,0.4050443101665138,0.12367320863046019,0.2905626146911086,0.19462696507338373,0.19186912374032467,0.422226976125297,0.0,0.20675510390625504,-0.15510050415768756,0.32246793592041934,0.2617839167367497,0.05663255445642351,0.11849508786325647,0.15185795959751508,0.09119127698589716,0.1617256960742715,0.24096025834253815,0.07711682571910394,0.08696786636806642,0.14327624951432846,0.2569492511031579,0.2420798511077657,0.4960715150222885,0.2650178845965034,0.7221979967011848,0.1749729210407829,0.26878773711221987,0.40414696680225426,0.47125014624066314,0.40187266867396865,0.2615407759435154,0.23916227930329312,0.32971309872359467,0.2914955886231763,0.13726199531504418,0.5037646887217414,0.026882466220913004,0.26080867623896836,0.7246149147496536,0.32446420113005003,0.3596437729651595,0.0,0.1135070104718302,0.5303292292342006,0.25982443194498794,0.41253754495904565,0.22213727244386697,0.2559360884590539,0.0,0.43346826605833794,0.23013158638215023,0.29899573604180907,0.2511643436566738,0.23024948619077334,0.052860822561338505,0.20172013417087747
0.3760763049714157,0.1930823512632225,0.27267174280545975,0.3026029209169528,0.1579986265611939,-0.02050308517619498,0.04150966875985085,0.11967235664872433,0.33807177324556525,0.4903248568454061,0.3172480232020785,0.6429600878030868,-0.020696433776808465,0.3084555838701968,0.11203894496790279,0.12961026933944095,0.540491713749127,0.16599331419610364,0.379224892193496,0.18788069236832228,0.17334440492876063,0.061757312799787745,0.2219339928391906,0.4158913981719592,0.22768060529237527,0.3762435661655841,0.20675510390625504,0.0,-0.1461714700325435,0.08770878718796754,0.2070518727809104,0.043989107869012334,0.38251851485799104,-0.04566613232956507,0.14836020364254537,0.4031750442690901,0.10462757842101766,0.35062224552375965,-0.05591199683453546,0.5297010808013918,0.20669438573265825,0.32809508976518786,0.5641969016738853,0.6969033847950727,0.6497996676960898,0.6259076296280432,0.40403693764570103,0.4244966798818447,0.0,0.6857388464969267,0.20491110899657206,0.31042849400702044,0.26131760935062964,0.3308341810749564,0.44632476148757694,0.4935456450554179,0.14489419221752864,0.26556451863923036,0.3431343872843343,0.2717048751337825,0.3643706705254215,0.19330307596744783,-0.002317418849942743,0.6890271650923407,0.2219167823052231,0.2620994862200206,0.3101556558945497,0.25874134848107877,0.5421241531825229,0.34765572311797843,0.20738904628920138,0.23561264760458656,0.284949820506026,0.1779532307368729,0.05989717449557505,0.19574732999688021
0.2706471617130959,0.1674404046148461,0.17036190286057765,-0.07658116579993368,0.28184044036948785,0.1639888717256046,0.08711770207124714,0.23183911878153163,0.24210798122312271,0.14078173615423117,0.22234055631336494,0.62121903097621,0.040579852998394395,0.38429642013709686,0.22457036602193442,0.0857551197380789,0.09279375113684366,0.1610523090802275,0.5803114758868069,0.0686465948604219,0.12241234033227988,0.02028926858167507,0.20436289242449707,0.30084186736431323,0.16151194972341848,0.34939665727583863,-0.15510050415768756,-0.1461714700325435,0.0,0.3452753880722606,0.23368859968768407,-0.14249909598972182,0.08489791524274726,-0.04092987763682532,-0.056978980505266286,0.10694613356447408,0.09363451094510222,0.11990430038562139,0.04644098542856567,0.3404945829065782,0.18584353854386718,0.14766977991063393,0.2603703229829226,0.2522861304325112,0.6360677388959458,0.4717020861188647,0.30505991248287256,0.5832400538126076,0.4550812166370819,0.46731235522332415,0.25202692733085613,0.26385841216017997,0.3026502699272045,0.5723131631009666,0.33669985489191095,0.4385631712897771,0.12380566930442582,0.24639210372375103,0.7606844950544782,0.26128817775956326,0.31663082650959307,0.48105382670207275,0.2392319435239132,0.5090427544488427,0.170233299210172,0.29728444450213015,0.18615251094657537,0.28956823118544556,0.47883205540304585,0.4259508460086251,0.32945115029208627,0.23288732033983237,0.21169017912199095,0.14591986743926158,0.058360701253256486,0.12877914887312542
