0.0,-0.009757920889731542,-0.042557968319294925,0.0,0.0004789900586567031,-0.03217556336233923,-0.016774267333932225,-0.058561729525245354,0.0001254373709790868,-0.05674436399278693,-0.061340004169315454,-0.06368229908821277,-0.030088934775076237,-0.0022976367635283435,-0.02390463916942398,-0.014957381996616781,-0.04839442283775375,-0.044143958016904405,0.0,-0.03211204235218995,-0.045972955366461954,-0.0026672203515506476,-0.05221604039339772,-0.08030376240890663,-0.04788656052563334,-0.033651584158465364,-0.04002799019412778,-0.02972077709032489,-0.04052199881422297,0.0017253693526129155,-0.020806563272360634,-0.031154509327655677,-0.026239761471012646,-0.0185945581886911,-0.07978084356949505,8.982229778176087e-05,0.00038281793931765895,0.04704809882839517,-0.026586524672442324,-0.005584699335633381,-0.027124655134523223,0.0015299596101203683,-6.448252510338204e-06,0.0,-0.0007943149407996231,-0.053102740118409875,-4.7784263001116045e-05,0.0,0.0,0.0,-0.002920265077682782,1.1102230246251565e-16,-0.0017214678401326067,0.0,-0.05948657276292113,0.0,-0.0008811157817348869,-8.139225312536746e-05,0.0,0.003097862318696243,-0.01862929444780237,-0.009085762860662261,-0.023575816323743115,0.0,-0.0023787065249391004,-0.09788171080154368,-0.0014402159855778085,0.0004652430870991653,-0.10142393491089402,-0.016619914169457017,-0.024279437823505,-0.0010471315928881064,-0.00023114893340298037,-0.0012577693106395893,0.0,-0.024269401033094773
-0.009757920889731542,0.0,-0.03626746419650073,-0.0001451323967589513,-0.020331632584638326,-0.03070809983374634,-0.029304982096041987,-0.01569234743129394,-0.021603143373545408,-0.0012871359708818697,-0.0002858120494317329,-0.0019650506068024653,-0.039093375342347414,-0.00025809750779670626,-0.02532481992005914,-0.02525208499852921,-0.0007515553020038257,-0.030396342096522866,0.0012619048081448647,-0.03392577392186846,0.005207044195034594,-0.039013731003718355,-0.04840172621163741,-0.007906678475761986,-0.008437996409068726,-0.019089165349466752,-0.04449002289406506,-0.05190498888749989,-0.042542512321189885,-0.0023437000752573045,-0.012246822383352063,-0.020678661958709266,0.00128604462061227,-0.0031865958810623485,0.010186904389748563,-0.003101849328076167,-0.00025025513832305224,0.0,-0.013855453248874439,-0.014667235469658368,-0.011295920395161863,-0.00630728298216493,0.0008028108770469777,0.0,2.220446049250313e-16,-0.022556078470927554,-0.00943899773226664,-1.1520657884178664e-05,0.0,0.0,-0.03618775036803551,-0.01772481315264335,0.000722369543163015,0.00016410867626920345,0.0006363212769949778,0.0,-0.000532441169334541,-0.032413804676561075,0.0,-0.018253401147993897,-0.010421314057512066,-0.01628755175920038,-0.009274785330125324,0.0,-0.026960507575654713,-0.01782228147031667,2.078187127274589e-06,-0.03731887000629003,-0.0013071002694723388,-0.0023609256008784163,-0.008711334290093686,-0.03077275580240396,-0.03775280678220844,-0.03790786745515473,-1.1102230246251565e-16,-0.008646823098828804
-0.042557968319294925,-0.03626746419650073,0.0,-0.0403998969899651,-0.06094350173568841,-0.0620689309270383,-0.053853809683727605,-0.08404645726636428,-0.06032656535699252,-0.03454771552907271,-0.07084556504946954,-0.03012151589017814,-0.06155218114228622,-0.0487858737275097,-0.031444867852381375,-0.021162314391540427,-0.00013009489391324625,-0.0018914046915892713,-0.061373251272503065,-0.014242912554823739,-0.04126110459152377,-0.04691891951866639,-0.06201160458878635,-0.0015734646559458776,-0.044827660944715075,-0.030545782006901057,-0.06903427320402894,-0.0653733950860389,-0.07378268617608275,-0.0711331257130206,-0.05510911061007312,-0.05451941700997964,-0.03247013238536517,-0.0588694081916038,-0.06926245118132901,-0.06358990848064022,-0.04949406042429344,-0.045415359989946,-0.05236419414982535,1.320630231838038e-07,-0.050065563046282124,0.0011520447894184382,-0.01616996206517951,-0.09171753240484887,0.0,0.0,-0.00033827370199329687,-0.16490362192325592,-1.4482947497951315e-06,-0.020409904450172545,-0.06078204864757136,-0.05393625031155114,-0.04089968091253493,-0.04470537433465216,0.0005152028924355068,-0.12521187627758457,-0.0012765866231512768,-0.059374952938706094,-0.046704893889316645,-0.00030708390415118414,0.0,0.0,0.0,-0.18129110917842423,-0.00015764084516040056,-0.00036851920055708254,-0.0005063898303481751,-0.0518815939865821,0.0,0.00014816000708572918,-0.001226948008980433,-0.09964146781299554,-0.04734938543220879,-0.03703185119822888,0.0008887132236535811,-0.06363423231132093
0.0,-0.0001451323967589513,-0.0403998969899651,0.0,-0.030740305241353683,-0.03556857447995243,-0.026357372748960828,-0.05781827457349492,-0.03770245846780634,0.1193546115228103,-0.05336259864874138,-0.005871693503007258,-0.047238115119274116,0.0034986340261343174,-0.000509770504603102,-0.00012340477942451855,-0.048162480167046495,-6.595083900218235e-06,-0.05199667411161413,-0.06439341133998999,0.00019417401313809313,-0.06529808562688577,-0.037083989581246146,-0.0016165153666931609,0.0005926695846156793,-0.048687311934160815,-0.049518485591076744,-0.018267509186178282,-0.056767227605833026,0.00019873522770053054,-0.0028826962111097587,-0.021740228848997123,0.06860520587265745,0.031775022771815764,-0.007693123908421862,0.007620596319312417,-0.00021490194200629587,0.025746778609147647,-0.0051190051227844036,-0.0001608319972833394,-0.00021175761837399776,-0.0017289016244673716,-0.001753867263471598,-0.0012952950069608504,0.0,0.0,0.0,-0.0005982988258256827,0.0,0.0,0.00029507858425770195,2.220446049250313e-16,1.5093727705084437e-05,-0.0004485930414968031,5.551115123125783e-17,-0.0009655507011948061,-0.0007332909008844757,-0.00029227684871080406,0.0,0.0,0.0,0.0,0.0,0.0,0.0,0.0,1.33081281450953e-05,3.8069762613668345e-05,0.0,0.0,0.0,0.0010566242326767172,0.001551907197816449,-0.00013453012977021617,0.0,0.0
0.0004789900586567031,-0.020331632584638326,-0.06094350173568841,-0.030740305241353683,0.0,-0.04946031517380506,-0.05352103093734878,-0.02615882907395345,-0.06421662833482356,-0.020933999798919523,-0.034703243091192826,-0.01224557279974997,-0.048415612343384706,-0.025002326195727564,-0.00047322733668481165,-0.03315484773834709,-0.027796040063191585,-0.04064092801600555,-0.05450306454367004,-0.031225097874195473,-0.001747929977486684,-0.0348826482355879,-0.03920310644171149,-0.007739706893732545,-0.025006771986530396,-0.023060230302093032,-0.06149397388122302,-0.049543825501245864,-0.04737789230255973,-0.0011100956786506688,-0.04601619049124317,-0.04651496242980374,-0.01685935693597307,-0.041928819103910164,-0.044868744636533675,-0.023120285387503242,-0.06910418313449887,-0.02753923727212282,-0.034467259885441526,0.0007999879200307758,-0.014528069627170681,0.0006662944888375932,0.02705770279496783,0.0018794473113715182,-0.0003294875335423386,1.1102230246251565e-16,-0.015226268830261569,-0.03128442901124895,0.0,0.0007065421204007771,-0.04616719098768318,-0.04273430425659408,-0.009024308961805338,-0.026133171974372427,5.551115123125783e-17,0.023909836891937097,-6.028563808824217e-06,-0.04133206520988242,-0.003344590311498641,-0.00030684333279540343,-2.3732294843870072e-05,0.0,-5.551115123125783e-17,0.0022441862353613784,-0.009291667735008391,0.00015800880207922363,-0.0006925865581972057,-0.04271796712460785,0.0,4.234099973687844e-06,-0.0002630875890736184,-0.03866360086898468,-0.033205584322437864,-0.02877547595391622,1.1102230246251565e-16,-0.026283773810171274
-0.03217556336233923,-0.03070809983374634,-0.0620689309270383,-0.03556857447995243,-0.04946031517380506,0.0,-0.05588045123467883,-0.03225593332755183,-0.06675188229823742,-0.023752809059961077,-0.0501640837331081,-0.015374055166761491,-0.07142418148654917,-0.04723921091799471,-0.03075084289317126,-0.030447663348711573,-0.0240676329753034,-0.030701013362637364,-0.0305180959918398,-0.04244479108715993,-0.03410292259621184,-0.03684681293828301,-0.0230838966462929,-0.028824819578896987,-0.03369428222072307,-0.032585941298759746,-0.015927997564053165,-0.08916780820809628,-0.045359443203495,-0.06195922299192641,-0.028183608849785713,-0.04190908110621111,-0.040593714429157046,-0.03762937968649355,-0.0437626286322379,-0.026444441479112735,-0.034633612745801956,-0.033127923590443975,-0.052543311812977334,-0.024131931623391445,-0.032535601755383114,-0.019828184510054858,-0.015619781927031007,-0.051459768918396154,-0.0018698864958966999,-0.02006446445906479,-0.02081500079102866,-0.04727450074131495,-0.0005045408419621089,-0.04217326016431677,-0.05225179375721184,-0.06407646915442683,-0.026413707956536414,-0.05012293546614627,0.0030966645552612526,-0.026702249804632372,-0.018015357406336474,-0.055498627137637646,-0.002768459981113136,-0.024901084646838878,-0.010318599582781252,0.0,-0.005517128395539583,-0.04020612949347946,-0.02859227705181605,-0.01115083117966803,-0.027596726929819293,-0.046760861001858445,6.280850022249984e-05,-0.009338073609971298,-0.02463449983939936,-0.0489431726623914,-0.041560359509482114,-0.039277442285451936,-0.04372116159625583,-0.05412374260078645
-0.016774267333932225,-0.029304982096041987,-0.053853809683727605,-0.026357372748960828,-0.05352103093734878,-0.05588045123467883,0.0,-0.04670808298537893,-0.05536696176835593,-0.028029094361688933,-0.042554911831855446,-0.019015570688247663,-0.07176683576805742,-0.06127223446842073,-0.0006741437916846782,-0.052440805215486996,-0.04053494745607494,-0.045581787640894156,-0.03698745141823018,-0.05346913542385623,-0.03334664202680726,-0.053343289612560685,-0.04675456055525029,-0.004931333041993113,-0.03344693485068001,-0.03049067260361843,-0.04864842494730576,-0.054227529202751146,-0.06621174956861031,-0.038599575197746316,-0.052013676061833825,-0.03800021501920092,-0.03994520628668985,-0.04793836805417939,-0.059858560366141955,-0.03253277942353128,-0.021986628656533003,-0.04373886599762733,-0.07852257004366908,-0.0009037661646711381,-0.0014929943662251866,0.03875107724142318,-0.007080900326928263,0.004213181257426868,-0.00110276224314243,0.0,-0.02172247220778295,-0.04950637880006847,0.0,-0.04597874231112398,-0.059770503935692276,-0.057496263934623926,-0.03855806219379149,-0.04840978748881325,0.00031851221669321195,-5.291821458675017e-05,-0.010661335219156298,-0.0503732682151824,-0.0008655684436529865,-0.022914894500692562,-0.016730561605203975,0.0,2.7743992303319587e-05,-0.014156366133894482,-0.04409111543425537,0.00941323182790843,-0.02040271153284956,-0.050382648608198244,2.0345680434186164e-05,-0.017428311851265255,-0.017069306509065352,-0.05118667752243611,-0.03653391941851242,-0.0372434714502321,0.0009004252011274305,-0.0465036930283082
-0.058561729525245354,-0.01569234743129394,-0.08404645726636428,-0.05781827457349492,-0.02615882907395345,-0.03225593332755183,-0.04670808298537893,0.0,-0.07773285541686115,-0.021712956964294983,-0.020752916584409087,0.0025685858319084987,-0.05557588525016671,-0.0032489638119545527,-0.008110987841287609,-0.017992250360770068,-0.00035311097357304533,-0.04214578536240671,-0.05350041248464732,-0.01815745586048373,-0.041408094670932316,0.009455586510362102,-0.037872087582642766,-0.06135797556433864,-0.045444304435974525,-0.0369300394058899,-0.06624004679727208,-0.06487161027112809,-0.04207397086084591,-0.0711969170377802,-0.05615854470100867,-0.04618146589229227,-0.015085435907825961,-0.05277840201591821,-0.06461992165170188,-0.0193115109601526,-0.1287256664527781,0.00018363321207592875,-0.0643698816095703,-0.0014470770661919596,-0.07132096705198032,-0.004592562243170839,-0.0029649632150098304,-0.018044351394839342,0.0,-0.04960385234030851,-0.002143148955203178,-0.042786506911200006,0.0,-0.023013471607682245,-0.07455529854221615,-0.06952360744370212,-0.06410709459674874,-0.05826442367024831,0.0005705766232323439,0.008274329200718855,0.0001174845133968816,-0.07323790402865826,0.0016178025721250155,-0.053882889223649755,-0.0002555840856361957,0.0,-0.00014737375676232567,-0.02350538991074652,-0.08017201738390312,-0.04960178484800948,-0.07611832605283803,-0.06189818421975696,-5.551115123125783e-17,-0.04673220435121689,-0.04733292449147458,-0.047356807585108185,-0.06711912816946236,-0.08116123173130485,0.0009939872260759652,-0.06161625163202661
0.0001254373709790868,-0.021603143373545408,-0.06032656535699252,-0.03770245846780634,-0.06421662833482356,-0.06675188229823742,-0.05536696176835593,-0.07773285541686115,0.0,-0.028835999264195056,-0.05790968365866622,-0.027905412203250768,-0.07860521802645193,-0.030683593679244225,0.0002648328448023318,-0.01671301443325124,-0.03579300330275936,-0.03705523464583188,-0.06047412097994423,-0.03157724046089244,-0.021602533026600867,-0.025250287515029668,-0.06037308664662244,-0.024271757868042143,-0.01808169796014586,-0.01955355860242486,-0.06686130020366082,-0.052319329425976724,-0.046262746176651603,-0.046248336555439806,-0.04797078592728948,-0.040105208471517606,-0.03401915886048945,-0.04829010836401737,-0.04502370272052297,-0.046527852429141814,-0.03807975253217594,-0.04353706660215073,-0.08569325164471936,0.00064344785561532,-0.05757024889246393,-0.04606702933802892,-0.02000650755224631,-0.017814114437895434,-0.001939024489582053,-5.551115123125783e-17,-0.018949433477124633,-0.04664346819366183,6.957675887098169e-07,-0.0273421875695119,-0.05380612603384882,-0.051237275443238306,-0.045135976713703674,-0.05950687390436438,-0.0013883427660286718,-0.01822058518481967,-0.03227931325966232,-0.05987981308938345,-0.031927276795711446,-0.00017200192083055565,0.0003835671207426117,0.0,0.0,-0.035733149080969806,-0.0325745445409269,0.0012477442075596312,-0.028927286327366797,-0.05348956135047267,-8.995964888219854e-05,4.969468991239401e-05,-0.01463366932112059,-0.043697300681606654,-0.04147529981550735,-0.023137274491958293,8.594303680198312e-05,-0.040668756108366066
-0.05674436399278693,-0.0012871359708818697,-0.03454771552907271,0.1193546115228103,-0.020933999798919523,-0.023752809059961077,-0.028029094361688933,-0.021712956964294983,-0.028835999264195056,0.0,-0.023913813938963524,-0.026163659670196904,-0.029936399081838594,0.010046574768122318,0.0006226128897688366,-0.016889902019404324,-0.042540885677491314,-0.03691611306078335,-0.036861680988264145,-0.04803301692713713,-0.050631786331559236,-0.024901475313048427,-0.030648590161595546,-0.046571993943624046,-0.0651437451732132,-0.030030356110792578,-0.03029142897946291,-0.017809804385797934,-0.04627790814092264,2.907110498606702e-06,-0.013794192561451757,-0.014429376449124343,-0.046794505907710726,-0.00918402070127472,-0.008835994389391644,0.019289497210995044,0.043173061263781176,-0.026497465293018385,-0.0040290430463455484,-0.01629032129623853,0.02454822347104413,-0.0022464628808871456,-0.007987136336517264,-0.0008948071299503813,-0.06205722725374413,-0.0032189042423161895,-0.00020773400083229365,-0.0005368073855456235,3.950664753948896e-06,0.0003522000467280906,0.0016979488190687064,-0.02038014505393765,2.811701602672967e-05,-0.001938094729754647,-0.05264834945953206,0.00043106871353798537,-0.04880651847191653,-0.027418873131438648,0.0,0.0008778546555498479,0.0006205245955017147,-0.0278951864856265,-0.028807782011351923,-1.2986042072782311e-06,2.1099036885297018e-05,0.000549343862035756,-0.01269472043101455,-0.02726195975982948,-0.0478181846007813,-0.03267171111994954,-0.0491341055321694,-0.037071875104408236,-0.02080470791100647,-0.021559838021465882,-5.551115123125783e-17,-0.016203775213456173
-0.061340004169315454,-0.0002858120494317329,-0.07084556504946954,-0.05336259864874138,-0.034703243091192826,-0.0501640837331081,-0.042554911831855446,-0.020752916584409087,-0.05790968365866622,-0.023913813938963524,0.0,-0.022458166008291813,-0.03940022962455336,-0.030893146574131225,0.0,0.00011795346571075171,-0.028475280844289685,-0.00017461117532652226,-0.0448274124446503,-5.11145905642274e-05,-0.00014123288557826852,0.00019469744872058214,-0.009959476037253723,-0.017796908718626436,-0.01982809499018051,-0.02380631981729231,-0.07502292310935005,-0.04275385038458185,-0.02047589519472881,0.00038929051384789526,-0.033767019587284175,-0.061551783742618715,-0.030106075346667982,-0.029457574115382523,-0.041202768943380985,-0.03788107869403673,-0.060219903514102835,-0.03495017105015491,-0.05531265677515251,0.0005475938335164354,-0.0009568805444119532,-0.0006216507314695807,0.001511308662839883,-0.00025069468245741966,-0.0006138500453594653,0.0,1.1102230246251565e-16,-0.1638014768474913,1.34726905742788e-07,0.04720648625253865,-0.04020716818191322,-0.009060478862584764,-0.011833044568689277,-0.09079129299187177,-0.00035738347754704636,-0.06581691198004952,0.008823474629348738,-0.008849845658513822,0.0033602001326463737,5.551115123125783e-17,0.0,0.0,0.0,-0.09643728638859991,-0.0005659523616179385,0.0,-6.180097585556377e-05,-0.03317973612460179,5.551115123125783e-17,0.0,1.9677275957585838e-05,-0.06746734454334596,0.00045428926509866185,-0.030468933537982523,0.0,-0.0004232788273773047
-0.06368229908821277,-0.0019650506068024653,-0.03012151589017814,-0.005871693503007258,-0.01224557279974997,-0.015374055166761491,-0.019015570688247663,0.0025685858319084987,-0.027905412203250768,-0.026163659670196904,-0.022458166008291813,0.0,-0.013641133201971078,0.0031399837132258246,-0.0003443953947060985,-0.023167647692506343,-0.02652869107599426,-0.01679674923103408,0.015564364120097596,0.0031292547652359004,-0.06130855371799526,0.0009405850759392487,-0.025112234279621393,-0.0386844859870244,-0.02506725643004526,-0.011275184267420968,-0.027416030153612936,0.00842217210884244,0.003263599934829664,-0.0012277812370532493,-0.0072450045528658635,0.019482329452593705,-0.026749279623758393,-0.014675608443856847,-0.027614735202718288,-0.00479126294477239,-0.0167410084037245,0.0031570297066138286,0.09609267248462133,-0.0011349841419423523,0.0461068366380481,-0.0029753301896414674,-0.0012006560817057754,0.0011659462167576962,-0.04830101084389071,-0.0017228405697758964,0.0014101134868658716,-0.000496460147868194,-0.000698338381896646,0.00010083216927941896,-0.000588146004009138,-0.0002872280475331723,-0.00040120179996505634,-0.0001198312769278842,-0.04762688993424963,-0.0010277576584302728,-0.04480153224600414,-0.016943041991035968,0.00027046205493463926,0.00010771303363982243,-0.045440717048755075,-0.03195244177373413,-0.036869020401407826,-0.0004516145779626113,0.00040464720699950885,0.0014656283021443617,-0.0003288550571195481,0.0022394622056212676,-0.054722293937198796,-0.03628287009903519,-0.05226346253047931,-0.00038378415016493417,0.008317784762573055,0.00011680907564787235,0.0,-0.02016609685965226
-0.030088934775076237,-0.039093375342347414,-0.06155218114228622,-0.047238115119274116,-0.048415612343384706,-0.07142418148654917,-0.07176683576805742,-0.05557588525016671,-0.07860521802645193,-0.029936399081838594,-0.03940022962455336,-0.013641133201971078,0.0,-0.06630983284412195,-0.03783571389488399,-0.06043917095670043,-0.039608764801182306,-0.04927913873104123,-0.040263727728226284,-0.06685565776654379,-0.04444778404284111,-0.06658607695521518,-0.050944940269284644,-0.02145891670316974,-0.041543071981954505,-0.0378305266325335,-0.052973358825307404,-0.0826498336025644,-0.0752289866818226,-0.0860528603207732,-0.05965131768968901,-0.041111020665322184,-0.034450482868104426,-0.04663758631347875,-0.06453162314148708,-0.04027045183928246,-0.03195465280597776,-0.03341358226942709,-0.08532080840889,-0.0023271592654388606,0.010114433830762104,0.026241893284332074,-0.035714506286782355,0.05309231275253784,-0.002476936365844562,0.0006529915607420556,-0.02446285302611345,-0.059343981917742095,0.0,-0.05567151537645304,-0.06026839511103793,-0.05962316821226754,-0.04616549448155183,-0.05366474971316143,-0.040288441797547814,-0.013841542590474432,-0.06470962265444874,-0.052121270169527,3.725956778521944e-05,-0.03419155719884659,-0.02211492019228939,-0.0002798320411912525,0.0017367145158319608,-0.0033019807791361266,-0.05455519831651062,-0.030776256989779704,-0.016962959622402185,-0.0607315088190154,-0.00027286225103406725,-0.035262805024014465,-0.035792270892022304,-0.05841368855488471,-0.04300969948825978,-0.05561107767618595,-0.05954688712514339,-0.051415078778452805
-0.0022976367635283435,-0.00025809750779670626,-0.0487858737275097,0.0034986340261343174,-0.025002326195727564,-0.04723921091799471,-0.06127223446842073,-0.0032489638119545527,-0.030683593679244225,0.010046574768122318,-0.030893146574131225,0.0031399837132258246,-0.06630983284412195,0.0,-0.00023103269051411024,-0.0004064189921939021,-1.8103384506029663e-05,9.93419855663813e-05,-0.04787767997894793,-0.0005098561086837039,-0.030519524022355027,-0.0005632726952913836,-0.02232945273808401,0.0023630599937420893,-0.00024898386861849087,-0.031372421945118356,-0.05247047434872815,-0.0337241331034564,4.1299291879848266e-05,-0.00011014420881949594,-0.008547538318765646,0.0007219468751439306,-0.0033724380742420346,-0.0021806919680464887,-0.001794993713184978,-0.008112542733517164,-0.009089567266290927,1.35792279782887e-05,0.0058021106511153,0.0,0.0006062943531585652,0.0009137258300981888,0.013329425060773836,-3.8781123090636527e-07,0.0,0.0,0.0,-0.03991053634030789,0.0,-0.004308788639856731,-0.04571631892531436,-0.002043116110304277,-0.006022476544824518,-0.051344961343393836,0.0,-0.01116393999425458,-0.00016559922623043954,0.0016258690292247913,0.0071319400034456915,1.1102230246251565e-16,0.0,0.0,0.0,-0.013607227917567966,0.0,-1.1102230246251565e-16,0.0,-0.03178309591984352,0.0,0.0,5.551115123125783e-17,-0.025476970780187957,0.0003414420999362511,1.1102230246251565e-16,0.0,5.551115123125783e-17
-0.02390463916942398,-0.02532481992005914,-0.031444867852381375,-0.000509770504603102,-0.00047322733668481165,-0.03075084289317126,-0.0006741437916846782,-0.008110987841287609,0.0002648328448023318,0.0006226128897688366,0.0,-0.0003443953947060985,-0.03783571389488399,-0.00023103269051411024,0.0,-0.02787264106531534,-0.026912824964250126,-0.021702214701713685,-1.1102230246251565e-16,-0.027485883370619246,-0.023668097898992657,-0.0366545293781404,-0.004851037267940617,-0.04176023880206481,-0.023375077444940107,-0.05382351882272751,-0.018091599450933804,-0.0505513901452293,-0.043474534401841514,-0.002495575231800218,-0.043751935470862535,-0.03827937938121956,-0.02089753074972106,-0.05671959629124501,-0.04544517158709538,-0.048577544348177404,-0.0022862790777903874,8.775783232012335e-05,-0.04687985711117382,-0.043995789496453885,-0.039645639805423905,-0.04022829738945061,0.003999047926309673,0.00030462373574957624,0.0,-0.0003782385982319947,-0.001861061067130576,0.000289671326892893,0.0,0.0,-0.03349448250750914,0.0020445157327465546,-0.11817070346242625,0.0005061113738572542,-5.551115123125783e-17,0.0,0.0006979951590067035,-0.023315782192933177,-2.2085185502618288e-06,-0.09495822660551256,-0.015926086238895243,0.0003230378868827599,-0.013467582899718833,0.0,-0.07831322858714512,-0.04837010165506139,-0.06647402567515559,-0.022113807503929828,-7.23361729059735e-05,-0.024079082093465654,-0.05794749995088161,-0.03444973952606262,-0.03863655475925787,-0.04505332380785976,-0.03953360816418505,-0.041654579367663924
-0.014957381996616781,-0.02525208499852921,-0.021162314391540427,-0.00012340477942451855,-0.03315484773834709,-0.030447663348711573,-0.052440805215486996,-0.017992250360770068,-0.01671301443325124,-0.016889902019404324,0.00011795346571075171,-0.023167647692506343,-0.06043917095670043,-0.0004064189921939021,-0.02787264106531534,0.0,-0.031384026481192984,-0.02361231311678741,-0.0001509637893742366,-0.04849644720652063,-0.008347061307708237,-0.0396980788848294,-0.03297099092770722,-0.022495529595849884,-0.03037345777795547,-0.018076222220986315,-0.05419372188634308,-0.06415243441538482,-0.06109615659019646,-0.0315185404711244,-0.012952637844672599,-0.029385716861484612,-0.033222458078445594,-0.022093559473176594,-0.025171843234472524,0.0013062244416545132,-0.0002625700114639584,0.0018012980994042138,-0.022916229649997344,-0.012024991165013599,-0.026213368617513833,-0.0027917674119851688,2.8797396831037325e-06,0.0,0.0,-0.03269522867631158,-0.006206838577619167,0.0,0.0,0.0,-0.04728176855201788,-0.04989626626698895,0.0003517014095325566,0.0,-0.054001045698874095,0.0,-0.001733519866338018,-0.050876044024180556,0.0,-0.02929056100550187,-0.005455524949003809,-0.03398383205010819,-0.009915388412505999,0.0,-0.02553173862585595,-0.012795085821957708,-0.015011035388750926,-0.019471584994988522,-0.04790679347407206,-0.001176375806222374,-0.014533833599039925,-0.030251280595544605,-0.05998614509772959,-0.042123569217709655,-1.1102230246251565e-16,-0.012290113083631315
-0.04839442283775375,-0.0007515553020038257,-0.00013009489391324625,-0.048162480167046495,-0.027796040063191585,-0.0240676329753034,-0.04053494745607494,-0.00035311097357304533,-0.03579300330275936,-0.042540885677491314,-0.028475280844289685,-0.02652869107599426,-0.039608764801182306,-1.8103384506029663e-05,-0.026912824964250126,-0.031384026481192984,0.0,-0.026330528787067986,0.000312382456139626,-0.04165390787401663,-0.0003499209313148066,-0.03436354706384137,-0.030495242660345145,-0.03501787238337545,-0.019462296308235594,-0.021148746540549657,-0.021991129280668875,-0.038293191575251406,-0.03920047003544047,-0.0015395165246518405,-0.023342403805701906,-0.041977711898314174,-0.05291634931469924,-0.026914463196263727,-0.024208712048717385,-0.001410278958400235,-0.0003491630259161993,-0.01423032493155002,-0.048397314167415995,-0.025505723595910135,-0.0359183400767451,0.0005272906555696122,-5.551115123125783e-17,0.0,0.0004717879865089314,-0.0007474981895985167,9.378480789346e-05,0.0,0.0,0.0,0.0,0.0,0.0,0.0,-0.04625117565762482,0.0,-0.05802144472357279,-0.0010272860521198801,0.0,0.00016064659506059842,-0.05852717680218561,-0.03672293534001353,-0.03221685133241803,0.0,1.1102230246251565e-16,0.0,-0.011377394167436272,0.0,-0.06982253537158117,-0.034334405646002986,-0.04676458306615722,0.0,-0.0013740307756090475,1.7354948225745126e-05,0.0,-0.03803078633879309
-0.044143958016904405,-0.030396342096522866,-0.0018914046915892713,-6.595083900218235e-06,-0.04064092801600555,-0.030701013362637364,-0.045581787640894156,-0.04214578536240671,-0.03705523464583188,-0.03691611306078335,-0.00017461117532652226,-0.01679674923103408,-0.04927913873104123,9.93419855663813e-05,-0.021702214701713685,-0.02361231311678741,-0.026330528787067986,0.0,-0.0015601285361031003,-0.03064854700195352,-0.03272165035981173,-0.030158046373897962,-0.03486530323495918,-0.032577162295195805,-0.054720113193594544,-0.02142702765714305,-0.046154451358964343,-0.04789421795045645,-0.04743635158125603,-0.022827251798844983,-0.014686610165335845,-0.03552126204005729,-0.0409383355360175,-0.01488661316782075,-0.031480440021643186,-0.00044968055184774203,-0.0003311363580021376,-0.03356845904527023,-0.039669252948676625,-0.021303651823886827,-0.03698956636765166,-0.025639680304751555,0.0,0.0,0.0013397327543669402,-0.053222923655489696,-0.0047222048153635066,0.0,0.0,0.0,-0.044388271907546295,0.00015221771346712876,-2.8900763502315296e-05,0.0,-0.052752118561298134,0.0,-0.061085746775705885,-0.049556562726773445,0.0,-0.013537843901476332,-0.018375088503656434,-0.03924685177512105,-0.024226631416994715,0.0,-0.027294689896142865,0.0012684930470004407,-0.01638656508139863,0.001457957944428101,-0.06829507293922094,-0.025798869130289448,-0.03265415846553371,-0.0025273143586979074,-0.049489303961090914,-0.053363299858156465,0.0,-0.032046307030247856
0.0,0.0012619048081448647,-0.061373251272503065,-0.05199667411161413,-0.05450306454367004,-0.0305180959918398,-0.03698745141823018,-0.05350041248464732,-0.06047412097994423,-0.036861680988264145,-0.0448274124446503,0.015564364120097596,-0.040263727728226284,-0.04787767997894793,-1.1102230246251565e-16,-0.0001509637893742366,0.000312382456139626,-0.0015601285361031003,0.0,0.00039032492588142453,-0.0003674219348139829,0.001282566376515526,-0.010214201659648203,-0.02085738075116833,-0.0013278850504586104,-0.02255367402878755,-0.058403172750605914,-0.04693370164058974,-0.00041790363603971814,0.000579070200610099,-0.035079773235932754,-0.05370678071697549,-0.03319669652709645,-0.02847758552911367,-0.042153834261684675,-0.054363048104792144,-0.0318243357258754,-0.03266912524145932,-0.06540610009323744,-5.1560435381403646e-05,-0.020514996744280034,-0.002330039526364014,-0.018323006659082985,-0.07292168216458084,-0.00016206247937256002,0.0,0.0,-0.2080530502473012,-5.551115123125783e-17,-0.015012734826399421,-0.05701460873643366,-0.048691875385284855,-0.05075846793392674,-0.06245864411567281,4.8492983594217165e-06,0.0498147912185663,0.0004467454378105362,-0.06567934841699924,-0.009452488661344405,2.220446049250313e-16,0.0,0.0,0.0,-0.0035339117020466437,1.4939247790557442e-05,0.0,0.00010570213023225472,-0.04253658940348959,0.0,0.0,-5.551115123125783e-17,-0.04212626729244051,-0.04272229365243385,-0.046381806439886264,5.150392704966755e-05,0.0006655005328599639
-0.03211204235218995,-0.03392577392186846,-0.014242912554823739,-0.06439341133998999,-0.031225097874195473,-0.04244479108715993,-0.05346913542385623,-0.01815745586048373,-0.03157724046089244,-0.04803301692713713,-5.11145905642274e-05,0.0031292547652359004,-0.06685565776654379,-0.0005098561086837039,-0.027485883370619246,-0.04849644720652063,-0.04165390787401663,-0.03064854700195352,0.00039032492588142453,0.0,-0.03229123662199401,-0.07144475936829897,-0.03461046682517788,-0.02627797829950751,-0.04446868688951483,-0.046303621099344106,-0.05002372792769677,-0.06417903622571108,-0.06596877675536478,-0.0076245297090157815,-0.05445453280708312,-0.062013212617451796,-0.04500370629882433,-0.08223852578127505,-0.06841611282351384,-0.06962189580491884,-0.06417927403385354,-0.08278078802313815,-0.05164866296916176,-0.038673696329109386,-0.038959797760902914,-0.03163652302290382,-0.015925487268169114,-0.0011901280897621547,-0.00047968111996588014,-0.0008166008133855263,-0.014979140567883298,-0.00045767981618421993,0.0,0.0,-0.03759585616016392,-0.03746561749856514,-0.07004408178168259,-0.001227231078621882,0.0007294061044998967,1.1102230246251565e-16,0.006806934380767182,-0.04663370810375955,-1.1102230246251565e-16,-0.04240861837067422,-0.01783647905706487,-4.5810443357052755e-06,-0.03823306765325951,0.0,-0.05020270302833574,-0.04209088398992994,-0.043491899976455695,-0.04079069202098279,0.0,-0.02046672602958094,-0.023074096316394954,-0.040557835623881044,-0.04337160893311137,-0.044796027806985717,-0.044906029955022075,-0.04771163316144411
-0.045972955366461954,0.005207044195034594,-0.04126110459152377,0.00019417401313809313,-0.001747929977486684,-0.03410292259621184,-0.03334664202680726,-0.041408094670932316,-0.021602533026600867,-0.050631786331559236,-0.00014123288557826852,-0.06130855371799526,-0.04444778404284111,-0.030519524022355027,-0.023668097898992657,-0.008347061307708237,-0.0003499209313148066,-0.03272165035981173,-0.0003674219348139829,-0.03229123662199401,0.0,-0.023858815078657725,-0.03717994339523101,-0.07390053730340135,-0.03395600949223304,-0.027671675144651187,-0.030919320805773032,-0.051812505315866675,-0.053023154813743756,-0.005250000554304857,-0.02000321083061274,-0.02101524786481318,0.002617850572972924,-0.025307994384034083,-0.013916953612146565,-0.0016069437102658735,-0.0006940397878590354,-0.0022304915120786584,-0.028363165765653786,0.022519766629077342,-0.021998160474877737,-0.004739758274043604,0.002454253167549547,0.0,0.0,3.391435126115505e-05,0.009476651805671144,0.0017499751088246862,0.0,0.0,-0.0007979931122417128,-3.771267556368363e-05,-0.07540234068229579,0.00014547437996687007,-0.0005358368777535483,0.0,0.0007780855428460298,-0.05374417849376928,5.551115123125783e-17,-0.04770846368714121,0.0023559582650558575,0.0,0.020086314353616408,0.0,-0.05441854382787409,-0.005209993472502228,-0.03824455378564262,-0.05210211803656056,0.0011935026014758265,-0.020042755892443864,-0.004499588043415659,-0.051978895827699934,-0.06969014408715035,-0.07147124532577809,-0.0023306668958989474,-0.029652242396347395
-0.0026672203515506476,-0.039013731003718355,-0.04691891951866639,-0.06529808562688577,-0.0348826482355879,-0.03684681293828301,-0.053343289612560685,0.009455586510362102,-0.025250287515029668,-0.024901475313048427,0.00019469744872058214,0.0009405850759392487,-0.06658607695521518,-0.0005632726952913836,-0.0366545293781404,-0.0396980788848294,-0.03436354706384137,-0.030158046373897962,0.001282566376515526,-0.07144475936829897,-0.023858815078657725,0.0,-0.024878314542780944,-0.041352870467163405,-0.03154994387230947,-0.033276144990849355,-0.051835082939949984,-0.10382292504101998,-0.07152155229291285,-0.030005727589743625,-0.03910341093978076,-0.049656174353758686,-0.028966353837736047,-0.06460199750365159,-0.057300663203436575,-0.07319925296313551,-0.05498743004219886,-0.12808662354783823,-0.017294247592254508,-0.01708205781096178,-0.009970207812866394,-0.03006640919208886,-0.0861710734240248,3.434007779606896e-05,-0.00037284015675137505,-0.014172167025833737,-0.0038747121999118117,0.00048581458548102585,1.21443727407744e-06,-0.00013844966821918714,-0.028046449310794752,-0.0228638652610475,-0.03743004916066689,0.0010576284607121123,-4.046054812045785e-05,0.0,-0.04704369064004171,-0.021132242256537426,0.0,-0.036628088395943004,0.0013755417153257787,-0.02690778414971834,-0.0018476156615956363,0.0,-0.03955543033538661,-0.022377876533702268,-0.019235373955604984,-0.0314932972606175,0.0017029803092952767,-0.007703506510826574,-0.010800891314116101,-0.027134391712162476,-0.02657162131605112,-0.031146004982193998,-0.01659803451912578,-0.007138638711541523
-0.05221604039339772,-0.04840172621163741,-0.06201160458878635,-0.037083989581246146,-0.03920310644171149,-0.0230838966462929,-0.04675456055525029,-0.037872087582642766,-0.06037308664662244,-0.030648590161595546,-0.009959476037253723,-0.025112234279621393,-0.050944940269284644,-0.02232945273808401,-0.004851037267940617,-0.03297099092770722,-0.030495242660345145,-0.03486530323495918,-0.010214201659648203,-0.03461046682517788,-0.03717994339523101,-0.024878314542780944,0.0,-0.05469105662938839,-0.03304459160454043,-0.03004018463894198,-0.03263935025608833,-0.050294145204463625,-0.05225820544883719,-0.04023312451783351,-0.042983355752531205,-0.04691694886596531,-0.041213568004314916,-0.05570938263747677,-0.05722391106691632,-0.03620463944623359,-0.04218434088405598,-0.045553585299848265,-0.06423733965064166,-0.038067559159983666,-0.04692607875711918,-0.05119656162139685,-0.012069677295444337,-0.047903053430668086,0.00026579481517291503,-0.04670768861409802,-0.035920688891122154,-0.021069377846258175,-0.00038570445947122556,-0.031820329424899985,-0.0549222483802575,-0.061958836128409245,-0.026764601027993273,-0.04933259171383797,-0.045289350336031986,0.0034612002755358695,-0.0028973410794471133,-0.06021998623782682,-0.0018172858649171952,-0.035115024953056906,-0.01951775280613849,1.1143896980814194e-05,-0.0344742264785074,-0.009219042780391207,-0.045579530579544336,-0.028605153561539365,-0.04091256495688228,-0.04615106282428216,-0.0003144604538459772,-0.01707890068780188,-0.0445748872847771,-0.04397506390725253,-0.05183510237230027,-0.050320547022162876,-0.05826873087034773,-0.049541319503860204
-0.08030376240890663,-0.007906678475761986,-0.0015734646559458776,-0.0016165153666931609,-0.007739706893732545,-0.028824819578896987,-0.004931333041993113,-0.06135797556433864,-0.024271757868042143,-0.046571993943624046,-0.017796908718626436,-0.0386844859870244,-0.02145891670316974,0.0023630599937420893,-0.04176023880206481,-0.022495529595849884,-0.03501787238337545,-0.032577162295195805,-0.02085738075116833,-0.02627797829950751,-0.07390053730340135,-0.041352870467163405,-0.05469105662938839,0.0,-0.043505670938259966,-0.04202305828378888,-0.041494007780423225,-0.013358594157640569,-0.04713954374508178,0.0006818201561797355,-0.018333879308005507,0.0149448067257133,-0.009093339755366248,-0.001204097573630214,-0.02257739265967773,-0.007959374633693228,0.0016404988741270388,0.02251633702857067,-0.0037403713801376637,0.013837893244860122,0.006562775641777374,0.008264690714936074,0.0009099219493571287,-0.00010731111401163229,-0.00279661462723485,-0.13106715502307403,-0.003598056918445003,0.0,-5.551115123125783e-17,-4.401635148748584e-05,7.397865218106148e-05,-0.00020635467156049359,-1.6653345369377348e-16,-0.0003184445050533058,-0.042140149446125263,0.00014688554094721695,-0.036258628663454695,-0.0020537955723721746,0.0,-0.0007814814731069708,-0.043862052984261934,-0.0510022015672108,-0.04186099196819465,5.3639461963794766e-06,-0.0002152388558323004,-0.0001804607972029637,-0.003164090235386441,0.0006950767433328564,-0.06856549301026876,-0.04059224986568305,-0.05369911588494458,0.00035147231520848976,0.003539965470640616,-0.0001265113078267044,0.0,-0.03439275264293301
-0.04788656052563334,-0.008437996409068726,-0.044827660944715075,0.0005926695846156793,-0.025006771986530396,-0.03369428222072307,-0.03344693485068001,-0.045444304435974525,-0.01808169796014586,-0.0651437451732132,-0.01982809499018051,-0.02506725643004526,-0.041543071981954505,-0.00024898386861849087,-0.023375077444940107,-0.03037345777795547,-0.019462296308235594,-0.054720113193594544,-0.0013278850504586104,-0.04446868688951483,-0.03395600949223304,-0.03154994387230947,-0.03304459160454043,-0.043505670938259966,0.0,-0.021772638537527422,-0.05663893528453251,-0.04092898952338647,-0.04616344435910319,-0.0010971548821402388,-0.026150131156050083,-0.03512992601003445,-0.03709819599541886,-0.02475145053780531,-0.04048706911792932,-0.020700628458926673,0.00032616870369922557,-0.03815181524185063,-0.04259263829609122,-0.027244614766562147,-0.0381907848048752,-0.023855586999531275,-0.0011063488184921422,-5.551115123125783e-17,0.002586566820144187,-0.06050734020558146,-0.0056497955781805165,5.551115123125783e-17,0.0,2.220446049250313e-16,-0.047171492222044475,-0.04175735339834552,-0.053630710478007826,0.00040172531777415976,-0.04886356619084181,-0.00022941994790187659,-0.0588151997393524,-0.05546557868527774,0.0,0.0006476552394147905,-0.02388538754429631,-0.04049278660046102,-0.026407017694463075,0.0,-0.04644583852304618,0.0005902379128692181,-0.042300124367080694,-0.03738545344646399,-0.0849583910474897,-0.02542601423459878,-0.03602866856174097,-0.03455437449996929,-0.04728562142467013,-0.054396079496397576,0.0,-0.03499112013010408
-0.033651584158465364,-0.019089165349466752,-0.030545782006901057,-0.048687311934160815,-0.023060230302093032,-0.032585941298759746,-0.03049067260361843,-0.0369300394058899,-0.01955355860242486,-0.030030356110792578,-0.02380631981729231,-0.011275184267420968,-0.0378305266325335,-0.031372421945118356,-0.05382351882272751,-0.018076222220986315,-0.021148746540549657,-0.02142702765714305,-0.02255367402878755,-0.046303621099344106,-0.027671675144651187,-0.033276144990849355,-0.03004018463894198,-0.04202305828378888,-0.021772638537527422,0.0,-0.03599856992656464,-0.037939665096687614,-0.03585941212529847,-0.0008318695040253066,-0.017715338645321432,-0.027194570886999336,-0.024822308904465407,-0.019209066797460816,-0.017291610366655885,-0.020026672699908543,0.0012324495935359114,-0.022428620730845783,-0.029250194305348254,-0.025921077461562136,-0.03498505387840711,-0.010803988034718326,-0.004543160927334422,1.734809166331619e-05,-0.0007168816441980308,-0.03998091912278995,-0.0034592266701474195,0.0021415158628345643,0.0,-3.861064393673175e-05,-0.04635162821996136,-0.05333231033027375,0.0010493590349522908,-0.0013415462654998156,-0.04828914217682634,0.0,-0.059018216505533405,-0.05934122025511518,0.0,-0.031160483916893356,-0.006635810867203995,-0.04680802448173921,-0.025634260930874897,0.0,-0.03570132555604655,-0.019899601724718274,-0.0077398502612519016,-0.04059540382976323,-0.08841184352789477,-0.021931462621959164,-0.02807759079908556,-0.03426961380393878,-0.0458553964496165,-0.050412867741270684,-0.00033632611627748554,-0.029530172472825744
