0.0,-0.03127499017991303,-0.0016569164009260229,0.0,0.000524658897774144,-0.022021380056416406,0.019500348908744802,-0.020433379417534314,0.0003988734953991324,-0.046491780997814924,0.0009317574089387493,-0.02639199894433486,0.005813332679898642,-0.029422494791842557,-0.028683136675683285,-0.030884222340931855,-0.0020199202555740703,-0.017448463578369933,0.0,-0.03226994729682148,-0.028068581434292805,-0.04471609899347628,-0.023716919931960123,-0.046616069457529274,-0.007968104579939628,-0.04041065382423875,-0.03661169921410651,0.02759833056525096,-0.00529036213735623,0.0025729072778539197,-0.055358105998465634,-0.037688533022280424,-0.03781368129333684,-0.044822320734399124,-0.032642736318591103,0.00027919915347363045,0.00029338521951954855,0.034217246216898756,-0.03817154406192036,-0.005606851534747992,0.022821694094724343,-0.037876236282837206,-1.9070963019507392e-05,0.0,-0.0013652997002206457,-0.09155865661514234,-0.006806132723706393,0.0,0.0,0.0,-0.018337067572110677,1.1102230246251565e-16,-0.0025658597108728642,0.0,-0.05520305022340888,0.0,-0.0022369570137029116,-0.00041111180985425877,0.0,0.0004367322186670797,-0.003572844655350127,-0.0024690226269423188,-0.007089726595341239,0.0,-0.0030228683095775977,-0.09133266122750355,-0.005364856335946577,-0.0007716322669907294,-0.07030011016403376,-0.018204941143176945,-0.039811911748192486,-0.0019089038256272506,-0.00020114928818198985,-0.002695774228570258,0.0,0.00447571092633936
-0.03127499017991303,0.0,4.633740380854956e-05,-0.019603364662910128,0.003934686934278675,0.0013809221354740275,-0.0004868193483222316,-0.028056250835453267,0.0074411473134425865,-0.030434615403280962,-0.0003712889552959231,-0.0171369628168479,-0.0036678943732615377,-3.690425056990243e-05,-0.0258927747743683,-0.015444987866128801,0.026335542867581496,-0.0253533862533874,0.001229912684791279,-0.04477960645003737,-0.020687269482863202,-0.03490971575951218,-0.01708858795618967,-0.026761823406594887,-0.022008276812430172,-0.029672307947232746,-0.02690934284776003,0.0004830711975801205,-0.020378535318631652,-0.003157216681819286,-0.029975593337842832,-0.026224985028271475,-0.0136433603736133,-0.019256175420386934,-0.02263253123305098,-0.010962075900976476,-0.00023728668706773925,0.0,-0.022297919799986965,-0.0023709204942304885,-0.00012025194897496982,-0.020736679140380243,0.0010639682004309758,0.0,2.220446049250313e-16,-0.03773552492056348,-0.005432318017390025,-3.407280346384711e-05,0.0,0.0,-0.004554528412340164,0.010219114606521307,0.000993440793417455,2.519790967048241e-05,0.00013289310637326635,0.0,-0.0008395919862071999,0.009088120187575821,0.0,-0.03133059914631747,-0.000194083720049254,0.0015556350019798049,0.012651646918118098,0.0,-0.008962922362243053,-0.0149788826781177,-0.0066631871717774405,-0.02266464388763506,-0.0014215793092726692,0.004609372628069597,-0.029383339926955965,-0.013062365024466449,0.00371912068439445,-0.010954330585897065,-1.1102230246251565e-16,-0.008379374905117476
-0.0016569164009260229,4.633740380854956e-05,0.0,-0.04067824274797116,-0.06561362882421551,-0.030866178438098302,-0.0487110795887033,-0.0942448764695254,-0.07218820226820041,-0.034496542237566874,-0.099991951996251,-0.023279938318168825,-0.0363642302827753,-0.08730305371032637,-0.0014293784792033248,-2.2430088243763358e-05,0.0002742807044299189,-0.021064951067222226,-0.10429599090205532,-0.0010924822763123676,-0.002513085919831959,0.00042415547904078865,-0.09200240591944492,-0.05008148948520397,0.008827877808459617,-0.0133250489519387,-0.018433009531723277,-0.035121437744544126,0.004063463158160974,0.00015475323619046355,-0.03811669582097876,-0.025087029425286345,0.02091875389884279,-0.02117233513599709,0.00712500086177309,-0.07192291819170421,-0.02805094582538431,-0.020328098770803604,-0.0394030885057467,3.9058163858740613e-07,0.0007954023141224509,0.001975402281259253,-0.041305555098818836,-0.054511719682516335,0.0,0.0,-0.00035769848926897607,-0.10201816335551378,-4.283389270165472e-06,-0.0194821149433545,-0.040536042855552123,-0.021975483175802557,-0.057555843269987306,-0.032450724946490705,0.0007111477514545328,-0.16031416237109158,-0.0012671006689610187,-0.01832228072524189,-0.05308707902385407,-0.00027374996856738276,0.0,0.0,0.0,-0.17100007983657142,-7.015249160713388e-05,-0.00013355833278055895,-0.0004994444958573152,-0.04608188659432566,0.0,0.00015888164339339372,-0.0013311029832380195,-0.048758056208963896,-0.029128091087380847,0.002664602060425292,0.0011589461911796217,-0.021582996623415118
0.0,-0.019603364662910128,-0.04067824274797116,0.0,0.03216530416408664,-0.004423937773435194,0.05315846247646294,0.004437380039579719,-0.023758610696531013,0.06250612700466324,-0.05235207906213335,0.007234446237368575,0.02074307218197663,-0.012137126062410852,-0.0010877079385570032,-0.0003071901321686221,0.0004978081571626047,0.026985120911429794,-0.04227622498804873,-0.011835039083434307,-3.2789379760478354e-05,-0.03032600577937833,-0.02258818366609766,-0.0010818947116164046,3.0907979794492224e-05,-0.04876247873042322,-0.015718610913473208,-0.0044388290677662146,-0.0023332392104101207,0.0006956018086706761,-0.04002781775035974,0.015175585213217324,-0.01605381898991942,0.03394133280883571,0.05332136269907123,0.027720628038853112,0.023016722993790928,-0.007423477429887637,-0.006230410333018299,0.00011704363817427454,-8.912327679438947e-05,-0.0015931519903873426,-0.0011650521384644619,-0.0012184242869667239,0.0,0.0,0.0,-0.0004652604606202315,0.0,0.0,0.00018637454712100432,2.220446049250313e-16,4.4640299434461905e-05,-0.0005869156779411133,5.551115123125783e-17,-0.0009196525106929809,-0.0005128137692272383,-0.0002488024360711716,0.0,0.0,0.0,0.0,0.0,0.0,0.0,0.0,3.935931778525914e-05,-0.013136657479728753,0.0,0.0,0.0,-0.016645024662229835,0.001435144546922451,-0.00013003666301414363,0.0,0.0
0.000524658897774144,0.003934686934278675,-0.06561362882421551,0.03216530416408664,0.0,-0.03345328861975366,-0.0257783907103048,-0.03209537420060171,-0.06072138408095157,-0.029213152840724343,-0.0563876697325178,-0.01473018014552585,-0.04289933687305586,0.013394564250114926,-0.0004166074964038202,0.007630310986199373,-0.06905470225915927,-0.031439364351504406,-0.0681856467176607,-0.031211063027531682,0.01166398437669508,-0.024086326239515343,-0.0363226256941831,-0.020684334997621456,-0.018934950611775636,-0.01896471565504526,-0.03249481284202349,-0.00839647247243247,-0.009106444097216615,-0.0022249570810199404,-0.03496493377320348,0.0058397148369693785,-0.006793045261337949,-0.01999772912462444,0.024145667538604032,0.044379176975273715,0.026338343729469915,-0.0034072240523075337,0.017412970986317833,0.0008118418439599373,0.04046259235211663,0.0009068899996968471,0.028068001407451748,0.0015847916786400074,-0.00021560724861335867,1.1102230246251565e-16,-0.0011912296306880177,-0.034014805336680276,0.0,0.018110745741421408,-0.017783910323490748,0.0011025536454639662,-0.03298008743031633,-0.014052481854415322,5.551115123125783e-17,0.004034653164538382,0.00042088682635949004,0.0033487799703892374,-0.0047334881462073874,-0.00033002884077881767,-2.3829476940795402e-05,0.0,-5.551115123125783e-17,-0.011149580965450656,0.00018385446143104334,0.00014467808975954233,0.01781545969555326,-0.024237082356187656,0.0,1.2522518913538061e-05,0.015265432202507812,-0.016765306281523562,-0.009233101636471508,-0.00010547495727170064,1.1102230246251565e-16,-0.014873779572258494
-0.022021380056416406,0.0013809221354740275,-0.030866178438098302,-0.004423937773435194,-0.03345328861975366,0.0,-0.028797555431835375,-0.025495580740044044,-0.031231621949387167,-0.038934770504581884,-0.0472737360723377,0.0019375206159238934,-0.028369065592006804,-0.022581847085805185,-0.03996561692309619,-0.0030845540557100093,-0.02448730853436626,-0.01654199627791636,-0.05054222901159977,-0.027506527513840695,-0.005657796668372406,-0.026534913233533408,-0.04590174771525085,-0.02115590256211053,-0.004771239161606933,-0.002543439105626044,-0.03243359603000112,-0.020698384186314145,-0.012636430548872812,-0.029014902199220483,-0.023892062001157677,-0.00900887377517301,0.0015859211018918185,-0.018838513625819397,-0.007602987290599772,-0.0192769229040739,-0.0074546079133314125,-0.015116146681717457,-0.020607737813201854,0.024443358103435786,-0.030715382010433445,0.0030674934094763184,-0.007177678597799331,-0.035177964072322765,-0.0019061514536186097,0.017376631000844023,0.014799621298584531,-0.03386788057101919,-0.0004906686549470685,-0.0015528614117564787,-0.01947159525393244,-0.010130999592803502,-0.02859750271202638,-0.02272363443647507,-0.05051991120691662,-0.01847749512233965,-0.002001851374146213,-0.0063084273302481675,-0.0036601373145782046,-0.01332300896175459,0.015130478697973182,0.0,0.013364269963954845,-0.0372756775385823,-0.01652622354098282,-0.02080134399440986,-0.012688024292123123,-0.01902098143113684,9.020329630377022e-05,0.008249651635865052,0.003568330840762135,-0.012142134099953239,-0.01290487261921891,-0.006689574636518647,-0.007992737038408748,-0.03174405163458366
0.019500348908744802,-0.0004868193483222316,-0.0487110795887033,0.05315846247646294,-0.0257783907103048,-0.028797555431835375,0.0,-0.03942700190048909,-0.05321396093027064,-0.008736257350952736,-0.05890188058668416,-0.0018093286740298864,-0.023160451930561488,-0.01675893116817556,-0.0011750154449206573,-0.00028020691051861,-0.033071516391089406,-0.02472423937112045,-0.05555680154510295,-0.03576976176198976,-0.01748142867507929,-0.02293736846976424,-0.043843003515839196,-0.014788154269892606,-0.02033074187071998,-0.01719034767794486,-0.03180152285094329,0.00794882374295608,-0.01670174235315708,-0.004865237647909693,-0.022886877735451006,0.00013449600938364448,0.02073503987397851,0.0010201449000801777,0.04575028184031088,0.01033312733285413,-0.011363161540359934,-0.01421299215757127,0.0059125463921342325,-0.0009254990087356196,0.017710667140189873,0.06727459045276218,0.000990651230589279,0.005011293638956693,-0.001177867999393678,0.0,0.0024999567298897296,-0.026392546981347076,0.0,-0.009394873967664752,-0.02879465282112531,-0.01358142198347334,-0.038197668760981685,-0.011584697309058534,0.0002812322762844044,-0.00920482378642834,0.0006253882446377035,-0.00812368768326538,-0.00045573115541797105,-0.004851888715081354,-0.005412901526357705,0.0,-0.010173760025560086,-0.012461112829519894,0.001042251866163968,0.0009867063815446886,0.0011921642254997256,-0.030079189495957337,6.0173158316412234e-05,0.0006668536807456493,-4.989444087033501e-05,-0.019315607904127008,-0.014345474378109457,-0.009378930307692712,0.0006637677321954527,-0.02176995369395135
-0.020433379417534314,-0.028056250835453267,-0.0942448764695254,0.004437380039579719,-0.03209537420060171,-0.025495580740044044,-0.03942700190048909,0.0,-0.05477685510399993,-0.022569918675633183,-0.05576416741466855,-0.011136173288885998,-0.04793335208343186,-0.010327102213248118,-0.010297626461376164,-0.030382063820555805,0.0017359350119303674,-0.027594519738972534,-0.05848345426894358,-0.017768950984268506,-0.021544027117724907,-0.004851098419876576,-0.03419371149744138,-0.026603413652341312,-0.01983977389394087,-0.031669584753375446,-0.054702157237138616,-0.03609976039953949,-0.021401587949514245,-0.028528794468984486,-0.03703508424323437,0.005556429373764937,-0.009722723152869261,-0.02183010371441474,-0.003006138901515021,0.0004410255818329545,0.06595893616019222,-0.0010491064779685755,-0.016057578734206934,-0.0015811701485370366,-0.022218033474185883,-0.004891733169092416,0.015056782669178315,-0.001464622396867954,0.0,-0.0004508925658916474,-0.0031733424837466218,-0.05196951145606521,0.0,-0.008727823476844754,-0.03283578107015611,-0.0021850392079427183,-0.08933520586275845,-0.01652257320845618,0.0005906210444830418,-0.031959388238659125,8.486652140582418e-05,-0.01546671232489899,0.0012225468471045997,-0.032727070437873595,-0.0003982252623945248,0.0,-0.00020147680223098208,-0.028454834092731973,-0.006969481483914186,-0.1040428895818667,-0.00421564942110747,-0.04440551178121399,-5.551115123125783e-17,-0.007397121858635947,-0.012245978300542248,-0.029407827820103316,-0.029766311137074175,-0.04076802756046716,0.001463492560714097,-0.03364881533468611
0.0003988734953991324,0.0074411473134425865,-0.07218820226820041,-0.023758610696531013,-0.06072138408095157,-0.031231621949387167,-0.05321396093027064,-0.05477685510399993,0.0,-0.03824605266529296,-0.08441737616421979,-0.02000713469333082,-0.04312970481117623,-0.05055224434112632,0.023491809784445816,-0.005082750250909818,-0.02814721715189905,-0.03623236934502061,-0.08699506474860272,-0.022325947236388033,0.005664961409971858,-0.01895465473387964,-0.0451093957646837,-0.020098524840532206,-0.014663601839749851,-0.0024211203972157036,-0.030099969779042557,-0.029061902719724475,-0.01870079649298806,-0.01845482805538623,-0.03221078490928392,-0.015005904728613406,-0.017597259154289335,-0.022741093396504486,-0.011461030991614662,-0.04672353523634637,-0.025223230891374127,-0.03548799366206118,-0.045376988798096596,0.0007289025283886419,0.0153475268846886,0.013453603637731126,-0.011512391691561652,-0.01906195561507551,-0.0019643911932692437,-5.551115123125783e-17,0.0011710695724203024,-0.0455300821708029,2.0577602897198233e-06,-0.0029775269249882053,-0.02036716685918627,-0.007850290364958434,-0.04167987285714436,-0.03176081942724562,-0.014867779875117504,-0.017496105176261656,-0.001100626943815075,-0.007502730263277968,-0.02039372942636619,-0.00046212271653162107,0.00020280498970526306,0.0,0.0,-0.036599582923099616,0.0003472027555825874,0.0015587066589469178,0.010940106633992419,-0.030869217734743715,-8.51729675843127e-05,4.35475896687354e-06,0.018423906670185508,-0.02606875473316883,-0.01266589071203128,0.019647539142247983,0.00017154044326539442,-0.011789940267911359
-0.046491780997814924,-0.030434615403280962,-0.034496542237566874,0.06250612700466324,-0.029213152840724343,-0.038934770504581884,-0.008736257350952736,-0.022569918675633183,-0.03824605266529296,0.0,-0.044346504785313545,0.0002961909961888831,-0.02118812635872014,0.01281257296102084,-0.06069428469960625,-0.01623617528649557,-0.03442766810922154,-0.03624725690059899,-0.04795310495069505,-0.01710517676332618,-0.06111187248315636,-0.04887509974987142,-0.06305659680015929,-0.02256964815838053,-0.035420902068373894,-0.05837417584926141,-0.026325565937547257,-0.028458309231640888,0.0010188782531871388,-0.04956207154267511,-0.02447508862181147,0.002901170343273085,-0.02931983830791457,-0.02056420128751485,-0.04024541904727952,0.0321507770681741,-0.0029344203712917127,0.008935800256170912,-0.013207922345660983,0.02949493733301828,0.03437275891212105,-0.0008485447826318548,-0.02533791200948493,0.007712945662566695,0.01022701250793523,-0.020358192733497094,-0.0005670931274490143,-0.00039567440476162563,1.1684247988641427e-05,0.00032423029954059546,0.0014154373819375565,0.004396248427885163,2.7676051404190716e-05,-0.002086988125806599,-0.001821896034925441,0.0008085570326662461,-0.006389982483935519,0.004880232154776065,0.0,0.0009327351565240893,-0.008063458881483743,-0.023985221024217185,-0.028041482467386747,-3.840673542754303e-06,6.240123995493452e-05,0.00040950043888970944,-0.0020207624064843555,-0.02481163447651652,-0.023715642443987328,-0.028310756384617164,-0.03173393712957917,-0.011035888231776758,0.018145870899981043,-0.001226588200966272,-5.551115123125783e-17,0.005624424039737896
0.0009317574089387493,-0.0003712889552959231,-0.099991951996251,-0.05235207906213335,-0.0563876697325178,-0.0472737360723377,-0.05890188058668416,-0.05576416741466855,-0.08441737616421979,-0.044346504785313545,0.0,-0.02526576622520793,-0.055591420703619054,-0.031751079031847984,0.0,0.00012878600328558587,-0.04169393848047631,-0.0330808640213438,-0.09436909772687152,-5.2501526000392484e-05,-0.00012445089198165338,0.0003147302554406539,-0.060942540765700104,-0.02894597114078762,-0.03173026336446649,-0.027290229714833525,-0.03618146298286817,-0.045004115054644744,-0.023662521491258803,0.00039949978936149044,-0.06352281554859968,-0.02387662394433976,-0.02152484385822745,-0.04379376441352811,-0.019325278342559093,-0.047247425528916975,-0.04896395850439006,-0.04629086242342734,-0.032152471198082455,0.00030900273529721467,-0.04037868807370448,-0.00023999467483076797,-0.0064538441956198955,-0.03150928885670434,-0.0005694365682152314,0.0,1.1102230246251565e-16,-0.08845278266523426,3.984601772422103e-07,-0.035535182904552765,-0.02117459843563385,0.0015111092666771353,-0.02541315315832432,-0.02064946788699401,-0.028716018652259312,-0.09933118567421159,-0.00014631913248375206,-0.020678978553897887,0.001738213098246566,5.551115123125783e-17,0.0,0.0,0.0,-0.12660303207736429,-0.0005649322576614657,0.0,-5.851158564629255e-05,-0.023715448138387718,5.551115123125783e-17,0.0,5.819632551795628e-05,-0.04603809534827158,-0.026356591848066824,-0.0013736703470606515,0.0,-0.043966678803936565
-0.02639199894433486,-0.0171369628168479,-0.023279938318168825,0.007234446237368575,-0.01473018014552585,0.0019375206159238934,-0.0018093286740298864,-0.011136173288885998,-0.02000713469333082,0.0002961909961888831,-0.02526576622520793,0.0,-0.00646917220271509,0.0036337072014508975,-0.00035812194995676894,0.05413969039883365,-0.039903432314024656,-0.019324923701080632,-0.03120676845424941,0.00271719980191254,-0.02625601877595768,-0.07333896907868132,0.0007977993621831048,-0.01685052127722947,-0.02828490457157723,-0.03028380175520662,-0.0018777544734797091,-0.009404931487915491,0.0070177892155734445,-0.0011241009183124984,-0.02213142325301609,-0.020636389625816876,0.01594440215335774,-0.004555954375424054,-0.025422097664328125,0.03286301056702545,0.02105793327996114,0.015896203724811986,-0.05580902182630898,0.03044399715969992,0.01979619743623967,-0.04046127974488711,0.009506268724274125,0.006234410478989316,0.01257371901222315,-0.0034227364554880735,0.0014606511806497524,-0.00036848222369451067,-0.0007144245700009821,0.0001689024392358962,-0.009367076243010253,0.03214941275604272,-0.0005374369572458959,-0.011817543938939634,-0.002148226430854272,0.002557933418497027,-0.0018930440560822048,-0.007130927188272573,0.00022456037093354642,9.963024204873161e-05,0.0014948515366077775,-0.014068300476937357,-0.01917819290831263,0.012164215202157602,0.00034905291961212503,0.0015910638373798913,-0.000513077583843391,-0.05179501066584907,-0.017769188869976638,-0.018560847193744234,-0.024793054034815576,-0.02977509555819846,-0.007403170600421338,0.0006600404982275987,0.0,0.0033750914295507806
0.005813332679898642,-0.0036678943732615377,-0.0363642302827753,0.02074307218197663,-0.04289933687305586,-0.028369065592006804,-0.023160451930561488,-0.04793335208343186,-0.04312970481117623,-0.02118812635872014,-0.055591420703619054,-0.00646917220271509,0.0,-0.004444324654638621,-0.03837752820316387,-0.001390647299226444,-0.03642585953397237,-0.02207021922151864,-0.045266933731594405,-0.03180017587914624,-0.024690009534457547,-0.028036212456063636,-0.04633586748771246,-0.009755671058610915,-0.020187931747594146,-0.025016720502736678,-0.027580613950813293,-0.012265349798543823,-0.011023530592357389,-0.04495083871948896,-0.04269698764661395,-0.004498378068247932,-0.00015892563759478673,-0.011782296408117676,0.0207510262838963,-0.002268777940225286,-0.009816357459689673,-0.014234426519813381,-0.02719678754188809,0.00394726118330585,0.045188272896307224,0.03228435718177536,-0.014755982167515502,-0.028324780447157694,-0.002240956167197994,0.0006865474553021111,0.011391763465195215,-0.0354305362745872,0.0,-0.0027721913524175745,-0.01956541119589672,-0.006723010357355341,-0.04355883514728065,-0.006694328647756431,-0.03900304651265052,-0.029904633785870494,0.0007178747013464326,-0.0021494033063947926,0.0004996637154318639,-0.013661973063722188,0.0049220820259487374,-0.00024863047925777204,0.002533978415857563,-0.021708318629181433,-0.017194946330385708,-0.024088626197346752,0.0005932867798988939,-0.027856350218520676,-0.000694537384300864,0.0005184266830566275,0.0052601601950934,-0.020700941841265863,-0.01649692300347788,-0.022032455615051683,0.0002985168672064997,-0.02558802586246739
-0.029422494791842557,-3.690425056990243e-05,-0.08730305371032637,-0.012137126062410852,0.013394564250114926,-0.022581847085805185,-0.01675893116817556,-0.010327102213248118,-0.05055224434112632,0.01281257296102084,-0.031751079031847984,0.0036337072014508975,-0.004444324654638621,0.0,-0.0005383454697485135,-0.00034826143816257815,-5.354147901165396e-05,0.00010593722721957688,-0.0673584701233777,-0.0005957493516873802,-0.008674208025160612,-0.000577103654840927,-0.02482370949677537,0.0031279428122498176,-0.00035077650071374533,-0.002198739252247117,-0.04872804231179556,0.006045327032489944,-0.0004883255080621041,3.239607648258813e-05,-0.008731461254524009,0.09965457524171262,-0.004425599537432434,-0.002423390894619737,-6.991927989574709e-05,0.0016955638712913557,0.01339196456376962,0.00029445698016616895,0.005673462668688789,0.0,0.0005577081304022347,0.0009391171169286228,0.04064495453549255,-1.1469671249986213e-06,0.0,0.0,0.0,-0.04087790026893812,0.0,-0.0044710077148957805,-0.001371205442320056,-0.002411825904838183,0.0007970510232637729,-0.012975543058789452,0.0,-0.11847877305012056,-0.0001894280184381869,0.001557254303095723,-0.003472181669807728,1.1102230246251565e-16,0.0,0.0,0.0,-0.0069352115156931515,0.0,-1.1102230246251565e-16,0.0,-0.0013697432405658794,0.0,0.0,5.551115123125783e-17,-0.0033385787720494053,0.00047311935652999404,1.1102230246251565e-16,0.0,5.551115123125783e-17
-0.028683136675683285,-0.0258927747743683,-0.0014293784792033248,-0.0010877079385570032,-0.0004166074964038202,-0.03996561692309619,-0.0011750154449206573,-0.010297626461376164,0.023491809784445816,-0.06069428469960625,0.0,-0.00035812194995676894,-0.03837752820316387,-0.0005383454697485135,0.0,-0.03243172861641258,-0.002769015834082178,-0.018518330154385643,-1.1102230246251565e-16,-0.048580665950186175,-0.011461475340420468,-0.048971958851834974,-0.08401200269728343,-0.05159485714557349,-0.023428459681559988,-0.06713594906048875,-0.06330096425448717,-0.027542810650765637,-0.00819843832485423,-0.02754317958730279,-0.02541052993020293,-0.01624481182829024,-0.012537380611435056,-0.012446834825902253,-0.015417165071461125,-0.16725083335545454,-0.0624002531385891,7.503461709446047e-05,-0.01379243556967713,-0.03971958278447457,-0.0011918116802263068,-0.01617466314029714,-0.033625061815350465,0.00019277139237661167,0.0,-0.0021122419830538752,-0.009351959894888184,0.00019047681160128116,0.0,0.0,-0.002697998802610402,0.018268816991121317,0.0020750663247292023,0.0005652353343138516,-5.551115123125783e-17,0.0,0.0008930992423123452,-0.005144663274900263,-6.5317813674470315e-06,-0.04041889099069118,-0.00045850138249287076,0.0004438357357997025,0.003926059238427426,0.0,0.0013096068722678322,-0.01220272720741078,-0.02640666920601087,-0.0174806164922372,-0.00010434830973460318,-0.007131059363346515,-0.04154560562227988,-0.0192101037237295,-0.024953117364883648,-0.017747201190847328,-0.0014421792368050634,-0.027185168456464515
-0.030884222340931855,-0.015444987866128801,-2.2430088243763358e-05,-0.0003071901321686221,0.007630310986199373,-0.0030845540557100093,-0.00028020691051861,-0.030382063820555805,-0.005082750250909818,-0.01623617528649557,0.00012878600328558587,0.05413969039883365,-0.001390647299226444,-0.00034826143816257815,-0.03243172861641258,0.0,-0.029898992116799028,-0.023141680167595324,-0.0001436366037954051,-0.03514720851450409,-0.02016498048310217,-0.03465128648833454,-0.01973120991416627,-0.010720867747821272,-0.0177237198498843,-0.04250053299169099,-0.03171805568633951,-0.011359157448881774,-0.022781084219105185,-0.004051350982932522,-0.01605411941091972,-0.029075334704383338,-0.018698985351376818,-0.011844925070886025,-0.02478606453885457,0.003236157929404959,0.00016111352214870367,0.0018861546870934665,-0.0340685466552042,0.00721902092040122,-0.0050772278310644015,-0.0225892121216566,8.516944538683457e-06,0.0,0.0,-0.03376982960417452,-0.01031410012640055,0.0,0.0,0.0,0.008114061807502182,0.033512772870382845,0.00010432198210436061,0.0,0.0415510120123454,0.0,-0.0012318701512945007,0.007576212113120928,0.0,-0.012633173496979122,-0.0005329927084772867,0.0007521550571862323,0.013484825252327581,0.0,-0.019819590787433894,-0.04941422807424123,-0.023073027839429217,-0.012955338670298633,-0.0023520498603775697,0.006066418813806207,-0.02558250341488094,-0.01301031996706864,0.002161774668857752,-0.0036620365675887334,-1.1102230246251565e-16,-0.0027387255710148994
-0.0020199202555740703,0.026335542867581496,0.0002742807044299189,0.0004978081571626047,-0.06905470225915927,-0.02448730853436626,-0.033071516391089406,0.0017359350119303674,-0.02814721715189905,-0.03442766810922154,-0.04169393848047631,-0.039903432314024656,-0.03642585953397237,-5.354147901165396e-05,-0.002769015834082178,-0.029898992116799028,0.0,-0.048643001106193684,0.0009376235019330492,-0.02928880777742443,0.0004253236695435647,-0.031228944201163067,-0.012581654414693555,-0.03682592250173161,-0.04761822853587522,-0.03708110452142149,-0.008289268370819447,-0.04080951592179766,-0.03226178970327653,-0.0021817508705334054,-0.04153627732560872,-0.02521181530794636,-0.04714327045035227,-0.04062286222193473,-0.0366825656819858,-0.002243411741240653,-0.0003618834987452746,-0.041198239472109044,0.0004953457006344753,-0.012686689419944719,-0.011987855913387802,0.0003312663974048835,-5.551115123125783e-17,0.0,0.0006888232862318211,-0.0016446630441562804,-0.00016352733287350318,0.0,0.0,0.0,0.0,0.0,0.0,0.0,0.007042906309954244,0.0,-0.01250206789178493,-0.001214796890743386,0.0,7.276784833948335e-05,0.008886925718049055,-0.0008763007616394702,-0.012284669065047937,0.0,1.1102230246251565e-16,0.0,0.00046751428592334277,0.0,-0.018292823601823827,-0.006696468923961751,-0.017652573052027554,0.0,-0.0010993850771370273,5.1327948973611814e-05,0.0,0.013533230806748064
-0.017448463578369933,-0.0253533862533874,-0.021064951067222226,0.026985120911429794,-0.031439364351504406,-0.01654199627791636,-0.02472423937112045,-0.027594519738972534,-0.03623236934502061,-0.03624725690059899,-0.0330808640213438,-0.019324923701080632,-0.02207021922151864,0.00010593722721957688,-0.018518330154385643,-0.023141680167595324,-0.048643001106193684,0.0,-0.014755067436313274,-0.02884614136635827,-0.024629766354333005,-0.03393825945718759,-0.028552377153919506,-0.004978732803062547,-0.02035704452220638,-0.029837315112200613,-0.02076346242638394,-0.02881214552479583,-0.021083219150517918,-0.021948982822480034,-0.024039440017163072,-0.030724765422684264,-0.024437750367204858,-0.01427862748623393,-0.01777271574924133,-0.0020093449021895138,-0.0002634510980975002,-0.028492064221490976,-0.03608883879431246,0.013113256569870169,0.004244811191244813,-0.009088929411047664,0.0,0.0,0.001046985996000005,-0.015345585430435016,-0.006718756917981461,0.0,0.0,0.0,0.00014002241580640673,0.00024731521368409615,0.00011754956752513257,0.0,0.03674047800300978,0.0,0.01985694984738534,0.003068934192866024,0.0,-0.015430706724416321,0.003626052059862772,0.022171568246734552,0.006461065324367188,0.0,-0.001089461737948716,0.0004155183974887122,-0.01407933863892391,0.001121221216247803,-0.0025437080889507135,0.006657599509216627,-0.006640959833305482,0.031390598070837716,0.01578537111610262,0.005947066027841064,0.0,0.001925377270406703
0.0,0.001229912684791279,-0.10429599090205532,-0.04227622498804873,-0.0681856467176607,-0.05054222901159977,-0.05555680154510295,-0.05848345426894358,-0.08699506474860272,-0.04795310495069505,-0.09436909772687152,-0.03120676845424941,-0.045266933731594405,-0.0673584701233777,-1.1102230246251565e-16,-0.0001436366037954051,0.0009376235019330492,-0.014755067436313274,0.0,0.00036706956807130986,-0.0003472391113994999,0.0013612191397429085,-0.11182955940292216,-0.02432969628689452,-0.02935674072177047,-0.02998001480043816,-0.03621530697408398,-0.043570494182421704,-0.0009112930863164892,0.00032247953644531924,-0.045389747877335074,-0.026861657863018307,-0.01868979724130576,-0.037519992343358455,-0.0031298942514093042,-0.0531160732418256,-0.03918003006371573,-0.006648417544567409,0.004608263984302419,-7.53179592996589e-05,0.0034846664331110166,-0.0019220311335151896,-0.009424892763839232,-0.017508781251720895,-0.00016273297888663718,0.0,0.0,0.0037279425472826477,-5.551115123125783e-17,0.008282956868474578,-0.031947088743282115,-0.013977251212178854,-0.059980952355247974,-0.03702769975633802,2.9080629461830654e-05,-0.14306982296987042,0.0007199684675391338,-0.01795143655275999,-0.011372800170035391,2.220446049250313e-16,0.0,0.0,0.0,-0.016140225405190556,4.4183418949184095e-05,0.0,0.00011119474758908288,-0.03898992593335893,0.0,0.0,-5.551115123125783e-17,-0.03586383460634068,-0.030525674594444996,-0.002059796450424367,0.00015232491074912424,0.0004750545634935044
-0.03226994729682148,-0.04477960645003737,-0.0010924822763123676,-0.011835039083434307,-0.031211063027531682,-0.027506527513840695,-0.03576976176198976,-0.017768950984268506,-0.022325947236388033,-0.01710517676332618,-5.2501526000392484e-05,0.00271719980191254,-0.03180017587914624,-0.0005957493516873802,-0.048580665950186175,-0.03514720851450409,-0.02928880777742443,-0.02884614136635827,0.00036706956807130986,0.0,-0.03534235856887502,-0.059970720965640156,-0.09612259125104855,-0.0001867982764407472,-0.023906773378760016,-0.04378216824605885,-0.06942197007389145,-0.03198935179819973,-0.044907495281182874,0.005789016535676539,-0.04446876535702188,-0.0350849632204151,-0.03751519777893397,-0.03663406519832263,-0.02806525145233696,-0.014691034635185674,-0.029785599417668174,0.005503249496401574,-0.02647439141733693,-0.010520473190330892,-0.01957018834310692,-0.007477138759633739,-0.0015613761398828307,0.03048865970763931,-0.00046494707076416564,-0.0003087102422849042,-0.010105957995920789,-0.0001592749750597422,0.0,0.0,-0.014582836379069819,-0.013109518743388282,-0.03931238223734007,0.017725465314666566,0.0007767878030472963,1.1102230246251565e-16,0.0010179197374216575,-0.009815809033293599,-1.1102230246251565e-16,-0.0163796181155354,-0.00025553529793026497,-1.3548620649950216e-05,0.0061785213866557,0.0,-0.029019852815272307,-0.02746254897249162,-0.010282350758519077,-0.02892538195945049,0.0,0.0005538730076081744,-0.006611238684886056,-0.03209474690180175,-0.023609603205896,-0.026709470826477677,-0.0312847283722365,-0.033770565379166284
-0.028068581434292805,-0.020687269482863202,-0.002513085919831959,-3.2789379760478354e-05,0.01166398437669508,-0.005657796668372406,-0.01748142867507929,-0.021544027117724907,0.005664961409971858,-0.06111187248315636,-0.00012445089198165338,-0.02625601877595768,-0.024690009534457547,-0.008674208025160612,-0.011461475340420468,-0.02016498048310217,0.0004253236695435647,-0.024629766354333005,-0.0003472391113994999,-0.03534235856887502,0.0,-0.017040580793761417,-0.021505563119892157,-0.04999089548874924,-0.019246463061078856,-0.02613425692398147,-0.04437149252168454,-0.024487276955845294,-0.02358427957467163,-0.008989347358522248,-0.02315894362420179,-0.006613238800441401,-0.015444337443047795,-0.003946387831511022,-0.0028924998636895016,-0.08188342703280699,-0.01984865368700567,-0.002588235442617881,-0.01499898833226182,0.014095111884555256,-0.012792853972800333,-0.001712267924773192,0.0026900648143172168,0.0,0.0,-0.11622964133416952,-0.007113642355945637,0.001893771436376368,0.0,0.0,0.005430359217806657,0.02448607209354209,-0.10324797850926193,0.0007969676163777084,-0.023422869630966847,0.0,0.0006235835820018187,-0.016765994535213102,5.551115123125783e-17,-0.01575048190828532,-0.0028492864004948104,0.0,-0.0027791664264944504,0.0,-0.02358400907286723,0.0046023978836732815,-0.01984770616894843,-0.02010610410938224,0.0011473538939831274,-0.0077762827354604935,-0.014913642811355043,-0.024353604438813514,-0.03302929613688349,-0.023670309787834742,-0.04134316057406867,-0.03036675587001808
-0.04471609899347628,-0.03490971575951218,0.00042415547904078865,-0.03032600577937833,-0.024086326239515343,-0.026534913233533408,-0.02293736846976424,-0.004851098419876576,-0.01895465473387964,-0.04887509974987142,0.0003147302554406539,-0.07333896907868132,-0.028036212456063636,-0.000577103654840927,-0.048971958851834974,-0.03465128648833454,-0.031228944201163067,-0.03393825945718759,0.0013612191397429085,-0.059970720965640156,-0.017040580793761417,0.0,-0.20435595508335494,-0.10741238230251765,-0.022516140604780244,-0.02635065648074081,-0.05975838227283886,-0.04100687337307335,-0.04066314531122972,-0.04522757137723449,-0.033951013078231895,-0.026604997512237605,-0.02664304789389582,-0.025090267323340854,-0.02377677733313366,-0.023167385562023968,-0.03527249032111013,0.004729911003871934,-0.029892789870272107,-0.0005700202380980457,-0.005015868383804745,-0.0021329468580770228,0.031566656034423324,-0.03081860649206386,-0.000377674048416099,-0.03279788034148545,-0.010260116864166946,0.0003508375395162022,3.5917464937806898e-06,-0.0001354828374424133,0.003577962587966388,0.020580358394613363,-0.0007008608895833768,0.0007489093763819454,0.0003851867321259528,0.0,0.0009451086015905275,0.010327556130759752,0.0,-0.010692372787384441,-0.005598260326145854,-0.0008328666288424658,0.008585231493540568,0.0,-0.007500251671142155,-0.014311613305655113,-0.011151090427090504,-0.02636595939478925,0.0018829259132563947,0.010145982846150314,-0.023334617205909236,-0.020424522860594874,-0.01942847019743249,-0.013437396947160452,0.0005565159533007513,-0.00793551167896972
-0.023716919931960123,-0.01708858795618967,-0.09200240591944492,-0.02258818366609766,-0.0363226256941831,-0.04590174771525085,-0.043843003515839196,-0.03419371149744138,-0.0451093957646837,-0.06305659680015929,-0.060942540765700104,0.0007977993621831048,-0.04633586748771246,-0.02482370949677537,-0.08401200269728343,-0.01973120991416627,-0.012581654414693555,-0.028552377153919506,-0.11182955940292216,-0.09612259125104855,-0.021505563119892157,-0.20435595508335494,0.0,-0.0373981804290755,-0.017740641211072716,-0.039251113008886174,-0.03765599099355044,-0.030501020065860807,-0.022339520036908977,-0.026946508889856946,-0.02469369683414996,-0.022508638824640603,0.005377600700654017,-0.024075430421015565,-0.004999887043418916,-0.036559127342614295,-0.02010658501628354,-0.03130143363200549,-0.01814058337388208,-0.033049268905550655,-0.032759029289674835,-0.008960764746396954,-0.0077527279099823265,-0.014798068497385242,0.0005950484776216514,-0.000594487446437364,-0.01735646591252149,-0.022317076031764804,-0.0007222864307207533,-0.012462240429775173,-0.01982515859053402,-0.012594114984888272,-0.041459184852558395,-0.01965168139020468,-0.018658918323865792,-0.13767239302290984,-0.003101037857250688,-0.015009470586402673,-0.004964432910920524,-0.0201569936747637,-0.017075118514518817,3.2958518121684044e-05,-0.013576103222813884,-0.010145196177325566,-0.019482558532390115,-0.02491633970026258,-0.018967718644386233,-0.034180775516003126,-0.00017204850402946503,0.002286246344714804,-0.02732049430578065,-0.017310751206245145,-0.020956195894537843,-0.014287298482871358,-0.02200847691954333,-0.026825513868988404
-0.046616069457529274,-0.026761823406594887,-0.05008148948520397,-0.0010818947116164046,-0.020684334997621456,-0.02115590256211053,-0.014788154269892606,-0.026603413652341312,-0.020098524840532206,-0.02256964815838053,-0.02894597114078762,-0.01685052127722947,-0.009755671058610915,0.0031279428122498176,-0.05159485714557349,-0.010720867747821272,-0.03682592250173161,-0.004978732803062547,-0.02432969628689452,-0.0001867982764407472,-0.04999089548874924,-0.10741238230251765,-0.0373981804290755,0.0,-0.011589761317210068,-0.033081763914164675,-0.041337080283352645,-0.0071081088825500904,-0.008091692922695348,0.00074038694830586,-0.03194915371898227,-0.017370511012123446,-0.022935898927759296,-0.02053817364847929,-0.05295271756156561,0.02116499504038044,0.0020443804447367597,-0.003531232736545431,-0.024171093139906563,0.012265917059073539,0.0412936605073384,0.007789979227785682,0.0007560890843078538,2.335677421255733e-05,0.017998407944716133,-0.04783265984172258,-0.004698292193460185,0.0,-5.551115123125783e-17,-0.0001301801085067944,-3.909035058086152e-05,-0.00029224372976416335,-1.6653345369377348e-16,-0.00017189540340634135,0.011000355451770139,0.000261364602226255,0.003742087178939868,-0.0033537386063723917,0.0,-0.0012616072771017284,-0.004206199591744619,0.005382991361397471,-0.002706949170644124,1.5864084010996926e-05,-0.0005123749548993639,-0.0006537894573368508,-0.003960381332770491,0.0006487072698578844,-0.01819907224801004,-0.010315813264444418,-0.028954900593012478,5.3271008906286e-05,0.003385653998938587,0.00010118761492627915,0.0,0.006831086241578466
-0.007968104579939628,-0.022008276812430172,0.008827877808459617,3.0907979794492224e-05,-0.018934950611775636,-0.004771239161606933,-0.02033074187071998,-0.01983977389394087,-0.014663601839749851,-0.035420902068373894,-0.03173026336446649,-0.02828490457157723,-0.020187931747594146,-0.00035077650071374533,-0.023428459681559988,-0.0177237198498843,-0.04761822853587522,-0.02035704452220638,-0.02935674072177047,-0.023906773378760016,-0.019246463061078856,-0.022516140604780244,-0.017740641211072716,-0.011589761317210068,0.0,-0.0203277847603775,-0.011055246682938502,-0.02448186501220817,-0.00978576400958553,-0.013478592219138497,-0.03087757090283072,-0.03155852443070384,-0.018116830377452653,-0.018237876343200676,-0.013853751716821905,-0.010367586549951291,0.0003368554107313071,-0.018732041912381814,-0.027722780567652927,0.017323229746455893,0.009278052952093663,0.0031961941553633744,-0.0011096399004222879,-5.551115123125783e-17,-0.01233142178157165,-0.02071588417246284,0.0013244709729364756,5.551115123125783e-17,0.0,2.220446049250313e-16,-4.642454754510972e-07,-0.008304450186326306,0.0011223491149833231,0.00042915591655445784,0.015286002126932152,-0.0002850238950318218,-0.001838757171011729,-0.0034804469512332292,0.0,-0.019234209324750617,0.011727425831044747,0.010336608425692173,0.010219608515679712,0.0,-0.004946387429332899,-0.025316459875685204,-0.0021072125124038665,-0.0045986337264857235,-0.018153066328627343,0.006265391827857958,-0.010778401108324509,-0.0029046205493173938,0.0024660854408961597,-0.002783620698503908,0.0,0.0068434745877906655
-0.04041065382423875,-0.029672307947232746,-0.0133250489519387,-0.04876247873042322,-0.01896471565504526,-0.002543439105626044,-0.01719034767794486,-0.031669584753375446,-0.0024211203972157036,-0.05837417584926141,-0.027290229714833525,-0.03028380175520662,-0.025016720502736678,-0.002198739252247117,-0.06713594906048875,-0.04250053299169099,-0.03708110452142149,-0.029837315112200613,-0.02998001480043816,-0.04378216824605885,-0.02613425692398147,-0.02635065648074081,-0.039251113008886174,-0.033081763914164675,-0.0203277847603775,0.0,-0.05040473857020261,-0.03350920217375192,-0.01383431618138703,-0.001349327798483957,-0.04058237931120201,-0.03543349516547367,-0.028093602034373333,-0.030921196480011737,-0.029253988667306163,-0.017443849513125775,0.001322763526852011,-0.029663537919118965,-0.04142391427680309,-0.0017445615172893558,-0.0014342765189929718,-0.007681237681178121,-0.0051785353201139195,-1.1947602085449205e-06,-0.0031499652877728934,-0.049994907412660605,-0.01098345681476165,0.0020607870295641373,0.0,-4.031947570859451e-05,-0.001332180180293463,0.02822648240351361,0.001515814625834444,0.03375428557144733,0.0012474056130326039,0.0,-0.010361340836625654,-0.0008170048426350274,0.0,-0.017352059210092308,-0.01498938634399466,-0.0005215050381631725,-0.007038153316577811,0.0,-0.003418221966717594,-0.020562226958260654,-0.01074454174507622,-0.022513747244686688,-0.02606332099192138,-0.012044505596505162,-0.021528611905014206,-0.020923065567804433,-0.00226630806167466,-0.007046200274061998,-0.00038989107161935266,-0.009146484626148421
