0.0,0.44205884099772685,0.3645054885800795,0.0,0.4096012209725233,0.34927315511424395,0.6454282029070739,0.4583195023895625,0.44992901299052124,0.2690138193933049,0.4561225909219406,0.37400330381816194,0.6908611336312727,0.2128845634026355,0.281192972011424,0.48749157134045895,0.39297777946609136,0.45100038972384615,0.0,0.37091817467489374,0.28704281607690085,0.287567578836379,0.43958607010070017,0.2889548251794605,0.45367520524308413,0.340733607955681,0.34489947705721036,0.7494702561272957,0.5507987440811544,0.6739543947768328,0.21111526190051177,0.3850412827240296,0.31668310420164214,0.186814036127363,0.2735640056571146,0.6455309270326581,0.4914323698540931,0.7868692894936422,0.22431146647338257,0.5643020514362966,0.7375658132893432,0.314254326503145,0.46484323127140104,0.0,0.442934248814266,0.08614319430633632,0.566777275081914,0.0,0.0,0.0,0.36878310867550773,0.0,0.5719286448657749,0.0,0.09628228216973062,0.0,0.5338316758894605,0.7051024735455609,0.0,0.5725387133891696,0.5842218824831291,0.27726826650450803,0.5285228315408207,0.0,0.45610941176224407,0.2135451700898306,0.5758236186193868,0.6049676313386838,0.25309532587758726,0.4753352165850137,0.31288022323111975,0.4372409075317444,0.3908473292044016,0.5314298899937201,0.0,0.5612762677784513
0.44205884099772685,0.0,0.6011354774416531,-0.4100312782726308,0.5526610305594843,0.550290721305418,0.5561218600927682,0.4821482774611644,0.5134059583620489,0.24043854099815684,0.3214770146313946,0.3059723818561326,0.5542763909622803,0.5145603341639667,0.4007982291274975,0.5410484980367622,0.8076614182278317,0.44530049147150313,0.6432521680955554,0.15728698655944046,0.47383837294094083,0.3544436417857015,0.5644217811007576,0.2104840031672718,0.38113398448416813,0.31496174629382934,0.3731333735137543,0.5630681531571263,0.3475196854838139,0.41513457142580695,0.4082739907318203,0.33510405960501743,0.3745796927086835,0.41212241204630684,0.4170919254067852,0.39512664176499585,0.22749956496054435,0.0,0.3402122605025547,0.6017040986985962,0.4968784343956336,0.39489989468418585,0.6410526050058458,0.0,0.0,0.33363649179747334,0.5589961229846262,0.050672594910616514,0.0,0.0,0.5844345489307414,0.711597911536306,0.5711493735509274,0.562520290657241,0.6021300510778169,0.0,0.44023665327337397,0.7098497358463423,0.0,0.3282301012871221,0.5830793114562515,0.612205432512309,0.6788674601409833,0.0,0.5275646478696394,0.5834898945226392,0.596865564721737,0.45245344712287094,0.4341584792073112,0.6000376356311174,0.3780967708120436,0.5172857748039332,0.64736911298346,0.5306129140883308,0.0,0.5691549365653933
0.3645054885800795,0.6011354774416531,0.0,0.30431637147016416,0.08366680941309776,0.360865782433713,0.32598182684806,0.1698659018913995,-0.09885159102343694,0.2802403555380245,-0.05102871393986158,0.32133121037307555,0.42851987237312006,0.0853624376142979,0.3323719373153955,0.4469673108844098,0.6370471587507464,0.3239051311379893,-0.20037269477558675,0.3930183297259755,0.4009920075214366,0.5743889975629368,-0.07053701956858818,0.010249478420699093,0.5706538629760808,0.3938572268284992,0.3828832051058244,0.46315188803706187,0.6447283854335365,0.6230493178123702,0.44363643625921134,0.48292264146296926,0.7225446278971833,0.5224860828871758,0.6567482231602776,0.15559110826245076,0.37148536644210195,0.3196418846993782,0.42569457321673343,0.4964220479676297,0.5252705161969672,0.5394776958140336,0.4409373536510067,0.3341532714514198,0.0,0.0,0.20603272685511204,0.25897191668179187,0.48130847606138333,0.4487672382402229,0.4050617005672092,0.5138847283244344,0.3923765580314137,0.5916697579323238,0.3753258238995501,0.09383635045354025,0.47356314341728206,0.5470158835278891,0.3540863241346757,0.24630598345778837,0.0,0.0,0.0,0.06622990508525411,0.6430551296288081,0.45059584251190904,0.10037127599733266,0.44200423239370945,0.0,0.6308661726650453,0.34807589579028947,0.4484092901665857,0.4268790130733634,0.6296197560384439,0.6975422561595345,0.32072608945383285
0.0,-0.4100312782726308,0.30431637147016416,0.0,0.6195110774294961,0.5456379365390485,0.8761173103099442,0.5921524391799211,0.4874967519145895,0.609600160720264,0.1635165044157621,0.40452341110054557,0.6262269507486349,0.3757961667993277,0.5915571779629105,0.08680546994794178,0.5708277405309448,1.472724179716698,0.347841267789438,0.4859374302628205,0.4002650887955195,0.27135032816451227,0.43035681074946325,0.24987307356873623,0.8493559199892944,-0.09633536504025153,0.5095285902425198,0.38374101504033636,0.4555484460168717,0.501625192158693,0.29521225885072333,0.5426777251617548,0.16870078273757136,0.4674314089625611,0.6840205785366208,0.4974901915525157,0.49095258294929645,0.28834082846197334,0.1847943908820963,0.30864312510068836,0.38431003339838943,0.293622616692517,0.2404429428294628,0.2415914154853845,0.0,0.0,0.0,0.4062023876802452,0.0,0.0,0.5921708134736892,0.0,0.4631736844491011,0.005645881377908685,0.0,0.1812236486738965,0.48607295143154056,0.4543025825257361,0.0,0.0,0.0,0.0,0.0,0.0,0.0,0.0,0.4825216620674006,0.45857778435713675,0.0,0.0,0.0,0.31557569326570833,0.5457045520789668,0.583769362242437,0.0,0.0
0.4096012209725233,0.5526610305594843,0.08366680941309776,0.6195110774294961,0.0,0.25916485835010017,0.30720704789754183,0.41536087352742085,-0.005972967578156019,0.4339319318040952,0.020935859527132422,0.3992766882677569,0.27400379231720806,0.5120185263518318,0.49280586394500375,0.7105553403176096,-0.0471977966561945,0.23557897638977243,0.07526235615010105,0.36916620156925384,0.64436844923731,0.41710833954900056,0.284791493614228,0.3395392462600201,0.4590442035290707,0.39774571419633414,0.3188237215892404,0.49522601238241776,0.5524125981875151,0.4767845912415212,0.37428295986588844,0.5096173756851956,0.4443008265579109,0.4361740709916732,0.6655446924793397,0.6210366845054209,0.4858195648643924,0.45080821144538696,0.6154703963456793,0.703345585002491,0.7957695738527222,0.40659200409424534,0.6712304290857252,0.6556419596553076,0.26397984392073987,0.0,0.39887294544092533,0.41881132129033316,0.0,0.6407485845816948,0.5150694669770766,0.6189684776809918,0.3888329450025255,0.48306974172735495,0.0,0.5139523027059509,0.3597940630604378,0.6645814168144594,0.508355513298126,0.2578431308959464,0.4564934295655234,0.0,0.0,0.5705752843271648,0.3238307008714182,0.4929441666262625,0.8375900149028083,0.4822389011422147,0.0,0.49765792553073096,0.9204030713062274,0.48516014004648766,0.5455195890652658,0.47967378123249327,0.0,0.4209056713739236
0.34927315511424395,0.550290721305418,0.360865782433713,0.5456379365390485,0.25916485835010017,0.0,0.35041448823104454,0.43543250848323883,0.2719443287650123,0.3774210747611868,0.18401832591765122,0.7182342480159161,0.35250382638505773,0.39707722850516514,0.35867617082146463,0.5977758876713959,0.32243833376160935,0.4887345510268415,0.2602955975627037,0.3363294277298018,0.5752049175212645,0.32161428359624045,0.23835108200502197,0.25047431240752077,0.5506659365680305,0.6535805080010535,0.3008667872820242,0.48282097442583194,0.39023464545700515,0.4433654141572019,0.4711930023359808,0.4987914560342462,0.7182795757741194,0.48465362275911883,0.556601650320139,0.48511254369436496,0.5245989324823659,0.3896414542316559,0.4687979074934179,0.5025775659644209,0.37177091949788565,0.5431692059729216,0.6073467003421871,0.3030068562346291,0.19667940421114477,0.7803998338934897,0.7019880664578604,0.4510825308881588,0.5631231696423113,0.48537651110449165,0.497232076737741,0.5966912259564772,0.5124301583332408,0.5262506384411791,0.25441364093536123,0.5110063574099586,0.33458896538483307,0.609586059331999,0.5545213544706135,0.5244349812831641,0.6980452481180381,0.0,0.673201435953646,0.4007051120480033,0.505257722276121,0.3256828480300542,0.5693447537777432,0.502230111970897,0.5805026661886025,0.5532881286968646,0.6280797817398309,0.5459891758822308,0.5036384631636334,0.573330137485528,0.47119820241234456,0.37750353667420034
0.6454282029070739,0.5561218600927682,0.32598182684806,0.8761173103099442,0.30720704789754183,0.35041448823104454,0.0,0.29715399988056157,0.2091399084641674,0.5075161482455741,0.24371510830279128,0.43882965389780615,0.4536591652652285,0.34139493729625736,0.5196401523338924,0.632668177451901,0.29515316719012125,0.4382481962381084,0.2826610904861376,0.3134044058258132,0.36342065316056205,0.42182044654278267,0.2992627751740503,0.35475823725354905,0.46639736552721817,0.5474057622341781,0.31068199371141786,0.6237914005127239,0.48205868476105174,0.4671343848015758,0.3805830178152958,0.5913381056054872,0.7288241865263456,0.49539611651163373,0.748484940713587,0.679613980809785,0.36509903498086166,0.48130399485239544,0.6458920268084932,0.4376565138772375,0.5816871744925349,0.8629895513203467,0.5653386021836727,0.8407324450269548,0.3507625048570725,0.0,0.6079194365051261,0.3760321637460172,0.0,0.4945161288637363,0.46218886336673903,0.5632103833182329,0.3323388161103854,0.5843553927396843,0.5871728043059069,0.44339802368569114,0.42786987620952666,0.4913709465209174,0.3463846210658947,0.2942447593979823,0.506767219000847,0.0,-0.4012243897683722,0.5235882709683751,0.6182906879549865,0.49530110623704676,0.6180511263198722,0.42526305401095865,0.4673624978703087,0.6105877781276177,0.5601507793481038,0.47669600237764626,0.4842929804926641,0.42813169064847334,0.7819096836308296,0.3742626879410756
0.4583195023895625,0.4821482774611644,0.1698659018913995,0.5921524391799211,0.41536087352742085,0.43543250848323883,0.29715399988056157,0.0,0.3567152948252499,0.3873533896634823,0.2903977942293099,0.5515148811574488,0.29704780130544517,0.6765961741050983,0.5035974550712591,0.48105339084429233,0.530669345835179,0.4715149020448953,0.3393837757738759,0.38469277509533706,0.4090226228193439,0.5133618941501505,0.340434810472851,0.2783023997051314,0.4928296663555398,0.39279922477267704,0.22730055095585966,0.33846697539172654,0.3752339996722249,0.3453706299374391,0.3530355143283822,0.5952228088408963,0.4938260991890556,0.4212856864537675,0.44968645024439413,0.5286510444381907,0.6998282443704549,0.5828869954418596,0.505530696999809,0.4111115998927277,0.2827281573211721,0.4740685248360199,0.6221441596855384,0.4459818967521534,0.0,0.552085821062369,0.33546997523629984,0.4243411078174614,0.0,0.5466146601053976,0.4134226893215758,0.6406892251055015,0.22320653197650214,0.5183364247064174,0.820519225707127,0.41125665973888303,0.9690537191766774,0.5248110323908551,0.5634314580460553,0.49369016262848064,0.3790416091391252,0.0,0.6535381002102951,0.5428187682796322,0.6745501221437291,0.31597711003284745,0.46405529716929445,0.39949800419752235,0.0,0.3858431529166748,0.335637518020636,0.4451225132921833,0.4119646195114535,0.4090047498192344,0.5261566654446382,0.268262624277632
0.44992901299052124,0.5134059583620489,-0.09885159102343694,0.4874967519145895,-0.005972967578156019,0.2719443287650123,0.2091399084641674,0.3567152948252499,0.0,0.4256018449802974,-0.13080571163502988,0.48351083751861557,0.3481430143519926,0.300271892778854,0.8572253022501979,0.5707981127660795,0.23829912930703848,0.3343740323114629,-0.12886949831388037,0.42999886157442413,0.4655615843867281,0.4374802277532767,0.29735835301193814,0.44480227852689874,0.4774525229258707,0.6323244127159933,0.2861587177195102,0.4829596485842203,0.41024864908261344,0.5118199978955096,0.47127599483000004,0.567310074137131,0.5192519516458058,0.5185500857321479,0.5366577683584028,0.33660600203764485,0.444171407237878,0.40908849184098645,0.3858006966731744,0.5325615576818342,0.49934007844327233,0.40074068351197345,0.49204172658612466,0.34529778367975766,0.28499259147198486,0.0,0.5158876786800705,0.4286123217153589,0.47971517684622356,0.6531652036931479,0.5474735691516106,0.6389573359999634,0.4390782239009836,0.46645901080011004,0.08863060840339963,0.5569079446496407,0.4695600355874712,0.5271681212957794,0.5310445720442378,0.4379656419402796,0.68900769478407,0.0,0.0,0.44963086420297294,0.6091007580087673,0.6824679238505521,0.7259379008931426,0.4912996645710915,0.3265859278727262,0.5638561787878691,0.4570575452650969,0.4756445948225308,0.4640735229306266,0.7268735159357965,0.49530609998292985,0.5577342639127395
0.2690138193933049,0.24043854099815684,0.2802403555380245,0.609600160720264,0.4339319318040952,0.3774210747611868,0.5075161482455741,0.3873533896634823,0.4256018449802974,0.0,0.3601371906780091,0.530704668314254,0.4291396360002494,0.6540238357024891,0.1223939123306923,0.36574982403287537,0.37359765976461723,0.24119558471175562,0.25526510430542537,0.32755601709683546,0.3037773073908311,0.16229598970366957,0.04421430359513562,0.3374294963593082,0.4723044252193784,0.26363083939981785,0.34237929543043055,0.39039043230188664,0.4937219577686095,0.054746478926763154,0.4770864586920211,0.4417695528822042,0.4164076548217469,0.3664441418825076,0.1595210853155727,0.6329518561293225,0.4054668723273537,0.5487867539033104,0.40385145106568177,0.6630785870290954,0.7771909637945145,0.3748529048536422,0.2041368142661722,0.46607823319454483,0.5766365716970785,0.519766876749614,0.4869363381395889,0.16309536092700316,0.49030460987662994,0.45669829315472654,0.5235010670283177,0.480340322123864,0.567892180390922,0.22595651816448065,0.5590746078887998,0.4344725673109083,0.5551434729532677,0.6496634509453036,0.0,0.907785798472157,0.4883468302907048,0.3805611510793186,0.31947411992816055,0.4785626723303457,0.47137083108700356,0.5602858873591005,0.33091258029992043,0.2945068983212534,0.3248252083499154,0.32734092140816917,0.3588021422830112,0.4393043596684228,0.6399557728044828,0.39741187868698596,0.0,0.6934402388903511
0.4561225909219406,0.3214770146313946,-0.05102871393986158,0.1635165044157621,0.020935859527132422,0.18401832591765122,0.24371510830279128,0.2903977942293099,-0.13080571163502988,0.3601371906780091,0.0,0.38084707557105996,0.2543820856635642,0.3687511115459851,0.0,0.520439534128315,0.1785557697906584,0.279151175235308,-0.2222443692139319,0.45510938524235367,0.544877030900363,0.3890853723699558,0.17354062490773398,0.3230753294168732,0.3255343645968558,0.3625691335024266,0.31521968928555744,0.3053966393742492,0.19461911845197272,0.547346376725159,0.22053596372828185,0.3829010336970067,0.3967206287616193,0.36110534959420115,0.4279360318466568,0.3233035143911088,0.35301383200288666,0.28778270054993604,0.3974103184403802,0.5519161577967433,0.2722379088175435,0.4805968390420905,0.562749142849352,0.15719646160065687,0.19337576863402545,0.0,0.0,0.36720547679334725,0.4724629196550288,0.3085020026642403,0.5006322022444429,0.5094875632965146,0.49568265185076665,0.5839584756282581,0.20397471190532973,0.09960480739212821,0.4129067626744365,0.45746001069783826,0.6124397018054497,0.0,0.0,0.0,0.0,0.11416984648970935,0.35985483699011334,0.0,0.6745480654031188,0.4873381251815292,0.0,0.0,0.9548481033328486,0.4059602438333342,0.3669646460499699,0.35924572565275414,0.0,0.28767096189209124
0.37400330381816194,0.3059723818561326,0.32133121037307555,0.40452341110054557,0.3992766882677569,0.7182342480159161,0.43882965389780615,0.5515148811574488,0.48351083751861557,0.530704668314254,0.38084707557105996,0.0,0.5085080982679736,0.6280417123666102,0.4062843550843238,1.187206978341969,0.37606279396562237,0.528086789073325,0.29049227852808784,0.5425722101290633,0.42476164837455155,0.01343481546199815,0.4952051038489495,0.30904464263483783,0.42085527791703947,0.3459335487599875,0.5405725168473154,0.4773290678276205,0.6519589287181146,0.30201364712524714,0.32455161647669867,0.18038204782972442,0.6469137129729688,0.40259519370021796,0.27346020616468936,0.5871755009060144,0.5282129126579236,0.40639967156975015,0.30087292164006585,0.6337678660747654,0.5879385488075533,0.11543909290022583,0.5356781492671787,0.5228564129341675,0.5063229458651632,0.46945093726415044,0.5639465476199716,0.2778685753333506,0.19302482671202031,0.2948921168814099,0.1081274034082308,0.7750615994317194,0.23582291397097,0.11345476414778752,0.5910722084760726,0.28500372507017074,0.6752109672890243,0.48384103195860273,0.7205647437139099,0.6434433855482028,0.5373743725398606,0.4474370428458838,0.4759551537704422,0.6850703557757827,0.7720549145110451,0.7727622494882719,0.40681671896297134,-0.08777024169148706,0.38279090248466974,0.4348763379692522,0.42458685235524596,0.10693957373025006,0.5476602189652227,0.5253747153575186,0.0,0.7102736404256254
0.6908611336312727,0.5542763909622803,0.42851987237312006,0.6262269507486349,0.27400379231720806,0.35250382638505773,0.4536591652652285,0.29704780130544517,0.3481430143519926,0.4291396360002494,0.2543820856635642,0.5085080982679736,0.0,0.5034082290662721,0.3086266409497785,0.6577033155347725,0.25387841594779786,0.5021770007553498,0.36700440277028534,0.39115698551214223,0.4170820327626645,0.3957984817391248,0.32513785576111603,0.3836669746011727,0.5317026960934108,0.4904143437448897,0.41508578427042225,0.5320413036759084,0.5662653314943449,0.2679082969531315,0.16690526329316288,0.5628572351634635,0.5535532541392418,0.4456439505958758,0.6114959557019148,0.5727580941371025,0.4171134257186834,0.4090227893228541,0.3776796795683839,0.5216579467521638,0.7185373750263929,0.6011957812790731,0.46488235406531897,0.2613588306673914,0.4394134832308798,0.6446853698921109,0.7601502429558159,0.46538709470186007,0.0,0.663088629240433,0.5137545235271267,0.5893060207326744,0.3362165835135731,0.6464141771941898,0.294412417292706,0.358620378629423,0.5124073324800605,0.6261478066506126,0.4097933049218523,0.46603265386526327,0.5831837304239418,0.40137596432368944,0.5652650757016329,0.5125419181223554,0.5015819840828237,0.4428431614908914,0.5783708467694915,0.4821976030083194,0.49817040110324917,0.5421104863910086,0.6014422147891649,0.533459066628741,0.521947308427264,0.47028822996702146,0.5497232896224666,0.3988641173326464
0.2128845634026355,0.5145603341639667,0.0853624376142979,0.3757961667993277,0.5120185263518318,0.39707722850516514,0.34139493729625736,0.6765961741050983,0.300271892778854,0.6540238357024891,0.3687511115459851,0.6280417123666102,0.5034082290662721,0.0,0.4978436657245995,0.5620503983461013,0.4930304518308898,0.4794337058827881,0.20126381049392994,0.37875398116194886,0.4637511222657664,0.27007104880424965,0.4642366305655927,0.6741278428065971,0.49004542116797956,0.5002500903953249,0.2741811243692038,0.49558951630996684,0.38073679703150864,0.8233022278729231,0.5185790156459924,0.715775185309998,0.24032456032298374,0.6622992518738091,0.34321815126638583,0.36203846976369375,0.4001906665198126,0.3981954548583932,0.6908435732519942,0.0,0.7074886587143377,0.8516157395618696,0.8293363129570588,0.48058037995527125,0.0,0.0,0.0,0.2915201424931855,0.0,0.4961147936264113,0.4475335433066538,0.4106015651164234,0.5731667069314805,0.3892861827661673,0.0,-0.07734584962062452,0.406315012962829,0.7487024068932603,0.45928157360067556,0.0,0.0,0.0,0.0,0.4912439339316776,0.0,0.0,0.0,0.5955051586754295,0.0,0.0,0.0,0.48707426886888433,0.7569861276681238,0.0,0.0,0.0
0.281192972011424,0.4007982291274975,0.3323719373153955,0.5915571779629105,0.49280586394500375,0.35867617082146463,0.5196401523338924,0.5035974550712591,0.8572253022501979,0.1223939123306923,0.0,0.4062843550843238,0.3086266409497785,0.4978436657245995,0.0,0.40840951485660865,0.4233966699696555,0.42907411816953833,0.0,0.3297183010522815,0.4687691046898448,0.2724772162646327,0.05905153296460913,0.20351238498417826,0.3972263274957083,0.10824959135036935,0.1608465348559967,0.3030375693768028,0.5248744193492305,0.29945000295256474,0.43714209898715983,0.3911731710523242,0.5195198230272383,0.4922218225989393,0.48208904202696407,-0.47284059131644524,-0.14160565736977354,0.3765966907540088,0.3834356672116028,0.31391594680260826,0.5585583632236031,0.3978380999410046,0.29436121120574776,0.603509364256124,0.0,0.6021297891355952,0.5793981053060522,0.4783676273292849,0.0,0.0,0.5161303934667469,0.8582731360958062,0.590458698182762,0.5591418892866137,0.0,0.0,0.6904094861782106,0.5521586982468156,0.4750832251573015,0.47716103439986246,0.6434564829057392,0.6304563617863131,0.7596364329485867,0.0,0.7631582542908756,0.5407678312269305,0.6024270550408739,0.6741173740418924,0.4570922831718087,0.5616672623045176,0.2893144333471458,0.5473513491210253,0.37819400304344897,0.4405986241884204,0.5374999175295752,0.31293657626855365
0.48749157134045895,0.5410484980367622,0.4469673108844098,0.08680546994794178,0.7105553403176096,0.5977758876713959,0.632668177451901,0.48105339084429233,0.5707981127660795,0.36574982403287537,0.520439534128315,1.187206978341969,0.6577033155347725,0.5620503983461013,0.40840951485660865,0.0,0.2760600767974256,0.49968716182364764,0.4542951966883252,0.2902046158022733,0.5307056098915591,0.32717873967760497,0.5694852191683138,0.5359254477173625,0.5207557845063207,0.35195354237508564,0.41622799732460347,0.5357502429104652,0.4200598848371556,0.5473958607991034,0.4673835190791935,0.29047082526196805,0.33005438357821615,0.38424272094799927,0.3924348456851907,0.6859239526033101,0.4036880711283627,0.6128369080363607,0.29242938288006026,0.598755382102304,0.5527600163294667,0.38458354063900146,0.46554120851943515,0.0,0.0,0.2991041214708132,0.6050291661568327,0.0,0.0,0.0,0.6477244377272589,1.3062186258674022,0.8109125454578319,0.0,0.8559982400998363,0.0,0.4450543331015431,0.6908387932329246,0.0,0.537541885151552,0.6349167758938865,0.5388489964725858,0.7405605814742922,0.0,0.4118788689693883,0.23656709663942876,0.428863095101379,0.49893006026943637,0.41852035075906924,0.7271860419910801,0.5182778266842468,0.532257535176385,0.6198010474645,0.623086240094197,0.0,0.48518614330212406
0.39297777946609136,0.8076614182278317,0.6370471587507464,0.5708277405309448,-0.0471977966561945,0.32243833376160935,0.29515316719012125,0.530669345835179,0.23829912930703848,0.37359765976461723,0.1785557697906584,0.37606279396562237,0.25387841594779786,0.4930304518308898,0.4233966699696555,0.2760600767974256,0.0,0.30048754613631035,0.6965939750939398,0.25355719113069813,0.5613472608194637,0.3898669678410338,0.34401182727133006,0.35641388815333613,0.16715576090441653,0.2727267800281199,0.4682390291814818,0.5244456432553194,0.14445711102449646,0.48640498894965,0.23742419704802448,0.41568189041759146,0.3172488526759743,0.2474338063027393,0.2071663529525405,0.6007866411649778,0.24578928693833196,0.1671224534142861,0.5648867902728592,0.31572860960439814,0.3791873493143314,0.5429743710519771,0.0,0.0,0.46306120973090237,0.6351683369549661,0.5494103614205146,0.0,0.0,0.0,0.0,0.0,0.0,0.0,0.5734575696209043,0.0,0.4213276820698002,0.31104817455868894,0.0,0.7891706461257187,0.49967439141888703,0.5305380861144176,0.4093971490899724,0.0,0.0,0.0,0.5367325917168141,0.0,0.47319648155125127,0.5236421741079493,0.4693350577601877,0.0,0.300611203810072,0.4809662272485,0.0,0.6754998706249682
0.45100038972384615,0.44530049147150313,0.3239051311379893,1.472724179716698,0.23557897638977243,0.4887345510268415,0.4382481962381084,0.4715149020448953,0.3343740323114629,0.24119558471175562,0.279151175235308,0.528086789073325,0.5021770007553498,0.4794337058827881,0.42907411816953833,0.49968716182364764,0.30048754613631035,0.0,0.3370957761576274,0.312447611182053,0.4543410791482095,0.2754809794389016,0.46402434279693866,0.5759104362017243,0.47009156967685356,0.3318313140445567,0.5017829591992724,0.3395846917669322,0.3785365471195483,0.38360504017667946,0.35021874915406104,0.27765088396652193,0.44952326877919957,0.5147191039613299,0.3567947280256455,0.5791980272198651,0.2580608562948695,0.1963375454364155,0.2513016305192953,0.5875531878426652,0.5377277264668243,0.43348833602804027,0.0,0.0,0.5752143336233957,0.5135194148900544,0.5874495153128223,0.0,0.0,0.0,0.5338165896838563,0.5693679752038847,0.842716500361256,0.0,0.8198584854767629,0.0,0.7116344986226526,0.5768928270421081,0.0,0.47941659902149636,0.6169023656492867,0.7318712088911296,0.6095771052348806,0.0,0.4648457230635037,0.6697264766919941,0.45944593976212966,0.7730728971043652,0.6025039604249629,0.6358886987764558,0.5891555545212832,0.866673121293582,0.8636722098085572,0.5664190118183462,0.0,0.6357860971658171
0.0,0.6432521680955554,-0.20037269477558675,0.347841267789438,0.07526235615010105,0.2602955975627037,0.2826610904861376,0.3393837757738759,-0.12886949831388037,0.25526510430542537,-0.2222443692139319,0.29049227852808784,0.36700440277028534,0.20126381049392994,0.0,0.4542951966883252,0.6965939750939398,0.3370957761576274,0.0,0.5560466219842979,0.44302508467689333,0.6936631464768531,-0.03420357678425509,0.2741735306258134,0.19999697775817896,0.24512651979188682,0.31593461473725365,0.4010042328088491,0.5741323591247219,0.6160424242505557,0.388158625985385,0.4821759506915455,0.37300684159143455,0.4192286748084365,0.5564195807948518,0.33719642695425045,0.30740296131019684,0.47670149271201884,0.7226926503132783,0.402403165205777,0.4376177263130876,0.2230993981546246,0.6321403263682077,0.2644119910177072,0.40754929543963725,0.0,0.0,0.6774941363767017,0.0,0.5218183183202791,0.4223736135139523,0.5102192311236544,0.3438876896512728,0.48128397440886195,0.932426098729951,0.24758696797514979,0.5660362407532081,0.41032406924142206,0.4429288030499527,0.0,0.0,0.0,0.0,0.6482230543997034,0.47663571502656965,0.0,0.4946239189770241,0.4606385000018845,0.0,0.0,0.0,0.4615875985154997,0.3819387652119401,0.4684495111766343,0.4731932603397181,0.5707134856163123
0.37091817467489374,0.15728698655944046,0.3930183297259755,0.4859374302628205,0.36916620156925384,0.3363294277298018,0.3134044058258132,0.38469277509533706,0.42999886157442413,0.32755601709683546,0.45510938524235367,0.5425722101290633,0.39115698551214223,0.37875398116194886,0.3297183010522815,0.2902046158022733,0.25355719113069813,0.312447611182053,0.5560466219842979,0.0,0.32440511184467435,0.05813226148024361,0.035980273215118624,0.5801923363801176,0.42679738636367054,0.26448985555910015,0.05289456069130513,0.4178378291991033,0.25265977421900165,0.6904507544488304,0.22033089091230867,0.22701020693251917,0.22384084267602658,0.3269848498300132,0.402475190313484,0.6475060313655552,0.24489610224355238,0.8193193537714714,0.322589331797948,0.47180253157209984,0.4596209387837644,0.46896569727242265,0.5006826815052894,0.4531152929692528,0.21718377988892246,0.5267232880026784,0.5095960678822126,0.49530207929463377,0.0,0.0,0.4342537847622645,0.498784946981623,0.3857308290270053,0.5933473876307933,0.9394965035273757,0.0,0.5935374110692522,0.5405765106427455,0.0,0.5365127428350673,0.5238148554147165,0.4649828680594037,0.64192187440145,0.0,0.3939221702044766,0.36112516408406214,0.5343390456196081,0.42027882697517205,0.0,0.537570623541953,0.47603799682721915,0.3676577217356022,0.38272068379996116,0.40285621401741756,0.1987719465874684,0.31904800058116056
0.28704281607690085,0.47383837294094083,0.4009920075214366,0.4002650887955195,0.64436844923731,0.5752049175212645,0.36342065316056205,0.4090226228193439,0.4655615843867281,0.3037773073908311,0.544877030900363,0.42476164837455155,0.4170820327626645,0.4637511222657664,0.4687691046898448,0.5307056098915591,0.5613472608194637,0.4543410791482095,0.44302508467689333,0.32440511184467435,0.0,0.4323178972947138,0.45197143077518487,0.15755422042005893,0.4280403703936505,0.4466824497407824,0.2997121977284677,0.36537910308148236,0.3433682331885246,0.4517625137567095,0.4303479038902353,0.3972403173985767,0.3896224177102766,0.47288138820124037,0.5430197566952708,0.14916040601207925,0.0015244092606327975,0.5512164155491037,0.42958565490686085,0.6864215208444373,0.3804848979238846,0.4681816472465312,0.5714019674956146,0.0,0.0,0.042181351358068664,0.5721323891441469,0.6587351374915259,0.0,0.0,0.6200855112933907,0.6177416043662409,0.22213516000566702,0.5495048546570472,0.2582114122473525,0.0,0.7447550356001165,0.45813581565293815,0.0,0.5032697301951968,0.5990202625186963,0.0,0.49417871386543055,0.0,0.47055314702699685,0.6401349231643405,0.5026407267466975,0.4731726892117173,0.8227288451942433,0.43928321722357344,0.6111420677509308,0.42469950110655336,0.34664937642251314,0.46800164417703427,0.1527258862604674,0.19037336308811886
0.287567578836379,0.3544436417857015,0.5743889975629368,0.27135032816451227,0.41710833954900056,0.32161428359624045,0.42182044654278267,0.5133618941501505,0.4374802277532767,0.16229598970366957,0.3890853723699558,0.01343481546199815,0.3957984817391248,0.27007104880424965,0.2724772162646327,0.32717873967760497,0.3898669678410338,0.2754809794389016,0.6936631464768531,0.05813226148024361,0.4323178972947138,0.0,-0.30660278505944866,-0.07987139833340923,0.5142891054335639,0.43219409841123857,0.051980046358908155,0.42026747927280894,0.2560014911280374,0.41920491888617706,0.33350614734432743,0.3889086639490956,0.3396242470090588,0.463359911774845,0.4803694766181763,0.4923777705175447,0.46807046908019795,0.6108053569539199,0.26205945392296526,0.5537570966634179,0.48821282432665747,0.5088148724904688,0.7010882647271475,-0.019836995938782992,0.25120938493399325,0.39605132860053616,0.559344232579591,0.5835643261618213,0.4782578912585277,0.24528813364914193,0.6751441110198774,0.8586224276938399,0.6094500622574008,0.6591522312894027,0.42100090116896005,0.0,0.5484459243779667,0.66655194812195,0.0,0.6037003873823474,0.5333370549128408,0.41097474531502853,0.611803049511962,0.0,0.5271760700062882,0.5108491111960971,0.542875454274264,0.4300548913886566,0.7452505131103035,0.6134383166309221,0.4196342855548245,0.4356449466944463,0.43688800406174033,0.48617689320472723,0.5590391983604941,0.4874378077733839
0.43958607010070017,0.5644217811007576,-0.07053701956858818,0.43035681074946325,0.284791493614228,0.23835108200502197,0.2992627751740503,0.340434810472851,0.29735835301193814,0.04421430359513562,0.17354062490773398,0.4952051038489495,0.32513785576111603,0.4642366305655927,0.05905153296460913,0.5694852191683138,0.34401182727133006,0.46402434279693866,-0.03420357678425509,0.035980273215118624,0.45197143077518487,-0.30660278505944866,0.0,0.26253406282602076,0.503417080209641,0.33401717489054816,0.2464923113626938,0.36683769424064017,0.43584976203359954,0.41368815086275357,0.4544205261310472,0.42394949120801495,0.6183274593317647,0.4429909877071283,0.5767388965284725,0.4031901974681895,0.4653419885627306,0.19412716306667888,0.5049214219668258,0.409898831720513,0.38574254689073717,0.5488997310247923,0.6192299779516217,0.5571977264284544,0.575405530317834,0.5304371163125685,0.6103923551202919,0.6011192156425273,0.44983654409695767,0.5916063672695191,0.515746611393151,0.5593306138924493,0.45701556437850094,0.5922619856164466,0.4362026047644918,0.230489330104182,0.42217744377672384,0.5187049441416125,0.614544354603459,0.5520001290049097,0.5366694782813176,0.47137083108700517,0.41252759574762965,0.6344611048974402,0.527231125026997,0.5079307019805979,0.531773586137,0.5942879082365855,0.23944778258968893,0.627525797435705,0.4655932973844439,0.49155572225217703,0.4522006798782495,0.5523852039724456,0.4598080179734848,0.4418158415230473
0.2889548251794605,0.2104840031672718,0.010249478420699093,0.24987307356873623,0.3395392462600201,0.25047431240752077,0.35475823725354905,0.2783023997051314,0.44480227852689874,0.3374294963593082,0.3230753294168732,0.30904464263483783,0.3836669746011727,0.6741278428065971,0.20351238498417826,0.5359254477173625,0.35641388815333613,0.5759104362017243,0.2741735306258134,0.5801923363801176,0.15755422042005893,-0.07987139833340923,0.26253406282602076,0.0,0.5380662436673378,0.268652770443065,0.19403447644511596,0.4695116187554676,0.5664497777606722,0.8123777227295498,0.3183959421101137,0.3292266862140074,0.28397344155684684,0.18191501736061266,0.15239327162356595,0.47079858659216434,0.3507757530135407,0.3484786778404691,0.594259445266154,0.6702344311297875,0.728512603072061,0.6239390079160962,0.589210569476978,0.3523827142592776,0.5512736971435965,0.3361018963156074,0.4807790099859087,0.0,0.0,0.4617834187883763,0.5729057912227318,0.29376135316125324,0.0,0.023638908635808954,0.6218229873125947,0.545966912233451,0.5981961731599527,0.43215155713408754,0.0,0.22235696855861609,0.49605421878309985,0.589092349671615,0.5581614689545646,0.4757203569381553,0.3254416239796967,0.4429491403505019,0.15071640423974958,0.8261773953028805,0.39833497507814225,0.5251703161809148,0.4292080886864486,0.5198702043284269,0.680483691035046,0.6150830886768446,0.0,0.6297928989761704
0.45367520524308413,0.38113398448416813,0.5706538629760808,0.8493559199892944,0.4590442035290707,0.5506659365680305,0.46639736552721817,0.4928296663555398,0.4774525229258707,0.4723044252193784,0.3255343645968558,0.42085527791703947,0.5317026960934108,0.49004542116797956,0.3972263274957083,0.5207557845063207,0.16715576090441653,0.47009156967685356,0.19999697775817896,0.42679738636367054,0.4280403703936505,0.5142891054335639,0.503417080209641,0.5380662436673378,0.0,0.2788024810869017,0.5647401233792688,0.38951159800404944,0.4703044187897355,0.3034876331754932,0.3600984427575573,0.17161584880731498,0.46283206805214355,0.3793989162684485,0.387679460270994,0.468771075851814,0.5900669186069647,0.3530993354533673,0.3566165554975427,0.6596401182637439,0.6177103185963828,0.608044151202529,0.09840596919111848,0.0,0.3575563464434475,0.48094039732550853,0.6626013817353551,0.0,0.0,0.0,0.5958978742992327,0.37053754244404136,0.698352333162906,0.40838452571820777,0.6533231563183393,0.46708532299713523,0.5886960642286381,0.42673147562812574,0.0,0.44667573515330156,0.6796096635143963,0.6193370536438658,0.6760126054224133,0.0,0.5863000444544098,0.38422775793433633,0.5839090576071565,0.5072419049805419,0.46335551055558283,0.6597774116523472,0.5333222683000477,0.48176192343988283,0.6674002107615222,0.46199515948292436,0.0,0.6565978213914929
0.340733607955681,0.31496174629382934,0.3938572268284992,-0.09633536504025153,0.39774571419633414,0.6535805080010535,0.5474057622341781,0.39279922477267704,0.6323244127159933,0.26363083939981785,0.3625691335024266,0.3459335487599875,0.4904143437448897,0.5002500903953249,0.10824959135036935,0.35195354237508564,0.2727267800281199,0.3318313140445567,0.24512651979188682,0.26448985555910015,0.4466824497407824,0.43219409841123857,0.33401717489054816,0.268652770443065,0.2788024810869017,0.0,0.3107431881997562,0.4151277254263025,0.5499137789731368,0.41628680846372057,0.24633524294841475,0.3390835045336035,0.36361462106968107,0.3094393404056708,0.37534617391682046,0.39929450382750936,0.5115040335584744,0.2203454410977906,0.254566401712947,0.5360416590964538,0.6361345729163492,0.4271586937135563,0.1978761740509205,0.544561281493694,0.47364718536453854,0.2188812832383581,0.636445736459572,0.6677157412226862,0.0,0.002651990704090757,0.6631047811705948,0.8902698306174159,0.5542887328964909,0.8457286483955259,0.58167473221626,0.0,0.5762590942327415,0.6551398075933526,0.0,0.5372974947873169,0.5241204229278376,0.5351668940905678,0.5278105409443767,0.0,0.5939172024499206,0.6279088257830767,0.6669426113149904,0.45909424906896124,0.44715609250715926,0.5189603097218294,0.44805480403659925,0.510165819329963,0.5765083676943614,0.6341023911647833,0.47810050425040707,0.5035260475211325
0.34489947705721036,0.3731333735137543,0.3828832051058244,0.5095285902425198,0.3188237215892404,0.3008667872820242,0.31068199371141786,0.22730055095585966,0.2861587177195102,0.34237929543043055,0.31521968928555744,0.5405725168473154,0.41508578427042225,0.2741811243692038,0.1608465348559967,0.41622799732460347,0.4682390291814818,0.5017829591992724,0.31593461473725365,0.05289456069130513,0.2997121977284677,0.051980046358908155,0.2464923113626938,0.19403447644511596,0.5647401233792688,0.3107431881997562,0.0,0.36708292086595334,0.1389716444114157,0.31633088673545884,0.22890212970912044,0.3400267330506832,0.51558143077868,0.31023035379619324,0.3800752339031572,0.2959350649144472,0.5978154958379509,0.31166736438911247,0.39706826385532323,0.5303627281280342,0.3917178860614964,0.5372147283868911,0.4941535980787578,0.36574833369778365,0.40498793271007383,0.44662603666644474,0.448426125934633,0.4232950316529105,0.469048852185716,0.5522841637521052,0.48911151957565474,0.5253251308586817,0.4277987362378468,0.4763831777511651,0.48512827186348084,0.528562181621156,0.35058845138530864,0.5353770119785423,0.6869658921387756,0.3861842424625447,0.5061983231306044,0.0,0.4673584256837257,0.5685908332571594,0.43223822575421056,0.35132198486362076,0.36331624153729375,0.43616024538883935,0.0,0.5364340408494181,0.3970964296121293,0.5071904618099102,0.445306749638371,0.45884204735046114,0.3201610757231936,0.4121302567710178
0.7494702561272957,0.5630681531571263,0.46315188803706187,0.38374101504033636,0.49522601238241776,0.48282097442583194,0.6237914005127239,0.33846697539172654,0.4829596485842203,0.39039043230188664,0.3053966393742492,0.4773290678276205,0.5320413036759084,0.49558951630996684,0.3030375693768028,0.5357502429104652,0.5244456432553194,0.3395846917669322,0.4010042328088491,0.4178378291991033,0.36537910308148236,0.42026747927280894,0.36683769424064017,0.4695116187554676,0.38951159800404944,0.4151277254263025,0.36708292086595334,0.0,0.4433596585345963,0.12429477832346764,0.2379628091903667,0.43521440155426816,0.6315031216229583,0.1316385230241898,0.6707011174637985,0.43452901333830607,0.3270847697943769,0.4444023844916461,0.2433794996688859,0.33767497294925,0.5762901999094973,0.6244877397718316,0.30590303996458834,0.2571327622560049,0.6566122275732309,0.6294772836013378,0.7251465248351023,0.4158067197932928,0.0,0.6875182852664692,0.47785490985232604,0.5328262921640388,0.45490119402851925,0.44706499033997515,0.05591255535402817,0.4944462894460303,0.5012842430873876,0.5209598367188724,0.3409738960354962,0.43373486008247814,0.45303293775680276,0.19024531076330012,0.5634301875061878,0.6891259248096793,0.46083568647802675,0.361734059679255,0.554545879359301,0.4712325106207671,0.542604965366522,0.4489499135008751,0.3958406592754139,0.474446543837804,0.34096961746647647,0.412419779721289,0.4345775548476854,0.4007938446193657
0.5507987440811544,0.3475196854838139,0.6447283854335365,0.4555484460168717,0.5524125981875151,0.39023464545700515,0.48205868476105174,0.3752339996722249,0.41024864908261344,0.4937219577686095,0.19461911845197272,0.6519589287181146,0.5662653314943449,0.38073679703150864,0.5248744193492305,0.4200598848371556,0.14445711102449646,0.3785365471195483,0.5741323591247219,0.25265977421900165,0.3433682331885246,0.2560014911280374,0.43584976203359954,0.5664497777606722,0.4703044187897355,0.5499137789731368,0.1389716444114157,0.4433596585345963,0.0,0.2565474262327446,0.1784895061073028,0.323672728503429,0.44155394851896906,0.3160471484930938,0.428859520966125,0.07279356977929208,0.40355956695368655,0.5684735077153271,0.4037934292096979,0.4866352512847666,0.4374329634196682,0.5443111438440005,0.29683589354654255,0.33890191489797594,0.6324353638360097,0.473579550374288,0.5421761159295437,0.4703739654892385,0.4530121806150935,0.3651996407464921,0.510736667114855,0.5988604961862892,0.4604920257120922,0.5338251889155918,0.4587011984055198,0.0803258194606497,0.5626764762485011,0.5343756585448812,0.7534487719106684,0.4947036409449749,0.5582591358806088,0.4809573358113997,0.4521945431595637,0.582581143278112,0.45246870097936726,0.4065465659275973,0.5859986599281327,0.4996990559257379,0.48566729016223065,0.5890619445787406,0.6223853293316992,0.4888288331463349,0.47019051881819823,0.48763048751493643,0.40827573690555763,0.38934500607977846
