0.0,0.7910496193448242,0.39146839137029166,0.0,0.3601523162595829,0.5734468978674053,0.48668765739529696,0.8628409294772116,0.6504092332789844,0.5244003996689408,0.42968524295054156,0.686244837260866,0.5957791953394678,0.8870689614705922,0.28822926761670464,0.89154567994426,0.30903980593348046,0.5393899958279488,0.0,0.46183790595058377,0.234323898119411,0.697306015082671,0.6888935825058953,0.6604729267179803,0.507542783256004,0.45724718885488347,0.5626808608599798,0.6287784472756279,0.8235087207236811,0.6624875475959375,0.7021463278831328,0.7967189209000203,0.8047796806358738,0.6818402200953753,0.761279846209329,0.6517314737137941,0.4405366941454581,0.8319751761647436,0.560650985570761,0.7268867464511806,0.49789814181375014,0.5347332305870852,0.4673780326553577,0.0,0.46329656233450023,0.04183818464240019,0.5918918849850914,0.0,0.0,0.0,0.4751009957547293,0.0,0.620533149308113,0.0,0.33775268730658026,0.0,0.50295233711034,1.1858017300324517,0.0,0.5735052895902468,0.7437716753642192,0.2892611600457823,0.6159242048506719,0.0,0.18013518420161792,0.28018098893661475,0.6076276131657424,0.49134493568421334,0.4858349639707479,0.5740611946390404,0.645521985008531,0.5022875463302441,0.41294440381684205,0.5678993609136855,0.0,0.36589665070275507
0.7910496193448242,0.0,0.5821999079393047,0.3426717551859525,0.5759600492526514,0.5955967638783742,0.5788111558814646,0.7812976830877183,0.4870106158946222,0.40402715981925474,0.31794140559841755,0.7201896483665962,0.6486522885101969,0.5502309424638341,0.7128843022266718,0.6440463491601811,0.6260152970384512,0.6316072100314742,0.6033761397267567,0.7160957153060125,0.7160513929007868,0.7565284900973055,0.9062814537676818,0.41520770194264633,0.6044956188759063,0.6407983071581962,0.8972381658780403,0.8370147017809877,0.68934362210247,0.4437343435214941,0.7387429941007025,0.6453849911880052,0.4792623829258368,0.7484662141577246,0.7490909943232948,0.5045657290138844,0.21296874332448154,0.0,0.8466467967980627,0.9383225478344558,0.7391112172107328,0.9210676386318137,0.6323485808546179,0.0,0.0,0.6961641499987821,0.8119206619638175,-0.03097210566299822,0.0,0.0,0.7106245175348,0.7182015715472206,0.6011216377346269,0.5559771798744779,0.7295932502052092,0.0,0.44281993047600743,0.7795610250674382,0.0,0.8174341436332399,0.9102550699743849,1.0291654537781176,0.8538467527206897,0.0,0.7991963565738116,0.8320870989447813,0.8022379246806979,0.9151971116597748,0.46225893730903933,0.8650395924353569,0.8318807814791549,0.7969113288957507,0.8657735278408006,0.9463428306975559,0.0,0.8921342053676523
0.39146839137029166,0.5821999079393047,0.0,0.7126045395164851,0.4751886855983022,0.559339413033173,0.8359124759697507,0.8016817664593603,0.06402732965734373,0.7596560877597636,0.33767555017493467,0.8156400039473206,0.8388090000390829,0.8893006465799234,0.3589794150355381,0.41275648783518004,0.6576612148934695,0.5479197763408337,0.19001060630406247,0.3810872751086365,0.9631427688224239,0.5606941253376514,0.3769990612639079,0.5537212253939919,0.9696976139001114,0.8573913183759336,0.4187071770397355,0.8114733710473818,0.9821226257561679,0.5944376127053881,0.8236778877102058,0.8488916679416733,0.8677104679195764,0.8890886929471881,0.7668910013986456,0.8404216888441811,0.7253064862062086,0.6740929293579391,0.46259781148540935,0.4952440423238884,0.42237492952285477,0.5215645544039857,0.3433829831734362,0.6840846071399538,0.0,0.0,0.184219181466507,0.4425288880011986,0.4749104216838629,0.5833737977001461,0.7133620770781615,0.6913713307045914,0.6167443621433222,0.8302443912045436,0.3503012446914343,0.6800737254973583,0.49984801950479507,0.6433489443304283,0.4717339520488544,0.28575006053474616,0.0,0.0,0.0,0.3467832304880173,0.6889394182786166,1.1806489577781407,0.157524639181421,0.8193636686552264,0.0,0.6238127539613227,0.380593209071789,0.6560604031418624,0.6454072405448734,0.6444019398569363,0.676323881069191,0.7106843693886875
0.0,0.3426717551859525,0.7126045395164851,0.0,0.6748482788486647,0.7442923651919265,0.7768171152943129,0.4681258945917097,0.9190386531500894,0.39305768494025367,0.8728872834478827,0.49056363320766555,0.9196278810174064,0.7700333362598104,0.6171932209958613,0.038350107222900706,0.5751222243928118,0.46658530090680245,0.8448210170358483,0.6315996904906842,0.38018189755985066,0.5661505536675197,0.7486760645596054,0.22986389180927508,0.8531431974544712,0.5797393442860868,0.729811422673044,0.4281686745512168,0.49568034136773076,0.4596949507579086,0.23269622324081457,0.5882267783360142,0.2097922625333251,0.5269591294598462,0.649123375031079,0.4495300673227459,0.3990095730767064,0.3728324315226152,0.3670560757064967,0.30258778018379673,0.47936122651683494,0.30539574432166106,0.24611636563958214,0.20204265538649108,0.0,0.0,0.0,0.43964068268540013,0.0,0.0,0.6395735538808176,0.0,0.46593963964397767,0.04610158443056949,0.0,0.1945987409716646,0.5161587192450205,0.48467656530245357,0.0,0.0,0.0,0.0,0.0,0.0,0.0,0.0,0.48002366591910867,0.7342733828897772,0.0,0.0,0.0,1.0681746260581924,0.512917757480436,0.6357620581983398,0.0,0.0
0.3601523162595829,0.5759600492526514,0.4751886855983022,0.6748482788486647,0.0,0.4810008372810267,0.8861338650287403,0.7401504898039581,0.4115272516485545,0.9144960257053958,0.43042778606156284,0.8020564831227367,0.9028190263195206,0.8176533330526059,0.5265723404526357,0.6912427776491843,0.5971678685310986,0.551511024378858,0.40776387980308393,0.5653387816611499,0.5323808099079206,0.7346621690626475,0.6794201737233221,0.9956110145224819,0.5749198642585747,0.4827071948884522,0.5137333351333757,0.6840313781455971,0.6070199242592753,0.5776297300805252,0.8383796557010459,0.6987623074986091,0.5601632615791204,0.8555445458785385,0.7541756728840454,0.7324203802679785,1.0434872998787457,0.9199507873228794,0.47875020593835227,0.6568173600990284,0.3932558244641211,0.39288502210367576,0.38441134583399106,0.6032044136412643,0.27263062961354967,0.0,0.43560635204986997,0.6980569600700102,0.0,0.4229960009532245,0.7032714997736416,0.5512652039042073,0.4389223383805539,0.7579297627710075,0.0,0.5052775189304328,0.35724975536932624,0.6246178232096641,0.5184479828606251,0.23397807133307214,0.5127434303884502,0.0,0.0,0.6627695753324445,0.30276763435815346,0.4388448854229568,0.3435448785126435,0.7347660721659179,0.0,0.49608562636249937,0.5108385168466993,0.7711822952594994,0.6855960351592443,0.5065411400936679,0.0,0.5324633079030544
0.5734468978674053,0.5955967638783742,0.559339413033173,0.7442923651919265,0.4810008372810267,0.0,0.5889588918647315,0.8671800421115496,0.29268370169253505,0.5201205254529115,0.5914739208831306,0.9798918262346474,0.7085523055503311,0.7637977117458301,0.861169076184457,0.7675931381247973,0.813601394033785,0.8579914719491898,0.2575248746787289,0.8028243498309058,0.9249994432958738,0.6377588396355283,0.6399263006761868,0.543273560128662,0.5599636090050816,0.7428865489978727,0.6582882778442589,0.8071377892008507,0.7004941505989963,0.8199333592881495,0.8446099114987708,0.7982967329134125,1.0215285972680848,0.8115755460055768,0.7823710385817064,0.8447173227237754,0.8707087983096073,0.7670601272898219,0.8824530078889483,0.35432264934706187,0.830690806621452,0.8944122992923085,0.7334087021497111,0.5379829694683516,0.2216318276750238,0.5998949666621736,0.7249298872102701,0.798764454240805,0.5985525127288168,0.6563362214698263,0.7805387184932842,0.8566516041145049,0.7659954999764987,0.8892430306489095,0.6967245757352061,0.6953977360099712,0.36363298444819103,0.7885374011691662,0.462035441061765,0.7822441992986987,0.7545276652892414,0.0,0.5303291624377168,0.6867135902175331,0.7454369250807162,0.4611718800720644,0.7574332208761545,0.7775293304635358,0.572265425061017,0.6781751166042165,0.7342395914529178,0.789161882721044,0.7564937346862197,0.8118238888733809,0.6341785422239067,0.8222057167493309
0.48668765739529696,0.5788111558814646,0.8359124759697507,0.7768171152943129,0.8861338650287403,0.5889588918647315,0.0,0.733059843454261,0.888821457028088,0.538669905104617,0.8653502115862991,0.40123454039567497,1.0280923500226935,0.5084829599195424,0.5402100241406631,0.7605637287405629,0.8243333145288834,0.7667352722608842,0.8263978451051093,0.7414212473486557,0.4731126684926842,0.8160673527823743,0.7719561758830826,0.406042331893388,0.5560296394936006,0.587634459289029,0.7271783183596425,0.7498309557777919,0.7176267906778329,0.6214199533202445,0.7752262871206366,0.8850756376449829,0.6702421621708967,0.6638277129887875,0.5073804877019037,0.9575579447251061,0.871924310089841,1.0297424753507016,0.7151916897521631,0.4615819452602644,0.11887227542521492,0.47407111347943065,0.3754582852718844,0.8436606023895088,0.36016420694831097,0.0,0.628692574336668,0.5957570080321631,0.0,0.4211108269477074,0.7306500616342977,0.7324724047038937,0.5548988395510337,0.7215478477783548,0.5821645813306622,0.4214696606212184,0.41993683533829507,0.611397678506687,0.25167156144593555,0.34855327242170436,0.5942592151712722,0.0,0.5391003434150459,0.45083511725786496,0.6063264689577135,0.4938272281944472,0.5907104192026594,0.7200228712278798,0.4658025555634796,0.9242582229100091,0.626303320212074,0.6770016477040081,0.6118165701200784,0.5914565463598491,0.8883087329434092,0.6578963366325403
0.8628409294772116,0.7812976830877183,0.8016817664593603,0.4681258945917097,0.7401504898039581,0.8671800421115496,0.733059843454261,0.0,0.8024316194852266,0.6862541930226744,0.8142803265162125,0.8455538057149623,0.8281316064874207,0.9435119747917764,0.5520517658095896,1.029717835802542,0.4852051476873379,0.8806410426822799,0.6810040959602539,0.5321139853599764,0.8986890223321262,0.9549298323197463,0.9596006245519436,0.8082172165041299,0.8845338848342386,0.8745362545151592,0.954774043186241,0.7997855909033236,0.8076456071840983,0.7655739786087592,0.8268128464252674,0.6576262515454196,0.9803561745149285,0.9549004748793788,0.8799606097306747,0.41303811626528186,0.006257547967488397,0.6069833796840399,0.535845545222297,0.4655837607336067,0.43732890846956457,0.5675820491337729,0.32070171275849324,0.4895947951770072,0.0,0.5966337452339291,0.3768404355924666,0.7081183001356267,0.0,0.5244903311307858,0.5326767808183002,0.6017800539670386,0.4255982361266926,0.7827967490388542,0.7989264190027102,0.5934859299250759,0.9579093845380755,0.6231599083832691,0.6343989108229424,0.7362435485282748,0.3926413670921751,0.0,0.732725434018438,0.7681105803162956,0.4655009823455575,0.13157941415292118,0.532828468729513,0.6461380920919362,0.0,0.4966505006774369,0.4762509848682415,0.6107499689432917,0.5233162067924613,0.5345717216147955,0.4092020761410139,0.3877238948787881
0.6504092332789844,0.4870106158946222,0.06402732965734373,0.9190386531500894,0.4115272516485545,0.29268370169253505,0.888821457028088,0.8024316194852266,0.0,0.8779717993840218,0.12787045027830973,0.855086967576977,0.7916578044765263,0.8155669980412019,0.6517574552889621,0.753373945173152,0.7683122172700498,0.8324264164037429,0.030918221855390726,0.7090824010321046,0.4274276555123066,0.7443550347826136,0.6297001047016625,0.8162790538667344,0.49851450736767644,0.5964810733633804,0.22921056060436013,0.8781900586165186,0.7798974787439703,0.7711426409316589,0.8665977780834535,0.9577564693305273,0.7852798978454938,0.9213755758584388,0.8558297883514063,0.9632981349757321,0.9169954970601286,0.896297547875707,0.7948397616548912,0.5652328019270536,0.5632436131731239,0.8873044247671336,0.36030647037909047,0.41992018145629284,0.4458599483380739,0.0,0.5180710388441095,0.7591752113585457,0.4758962449425676,0.7798517347866147,0.8511651319695871,0.8139590515503627,0.6729319958553036,0.7566859497517369,0.2342794513228468,0.753605460749853,0.4995241374211401,0.6677914080594576,0.5684038534630149,0.4289818780307588,0.6810306300973873,0.0,0.0,0.7563953884484673,0.6112835515595867,0.6402365555810627,0.5665350652626513,0.8484269733067451,0.3256069726135751,0.5680870674165687,0.39664489668749514,0.8782039411856382,0.7555228214444494,0.7478649316731181,1.0808199212878733,0.8542253399695685
0.5244003996689408,0.40402715981925474,0.7596560877597636,0.39305768494025367,0.9144960257053958,0.5201205254529115,0.538669905104617,0.6862541930226744,0.8779717993840218,0.0,0.8979249756782635,0.5857959643416585,0.8293316767157068,0.7175985245176097,0.38352482222890494,0.5053803098856402,0.8792922968586762,0.7748855699006112,0.940687226275998,0.4556104274345163,0.2618484257681983,0.39516381055138783,0.7246293680379199,0.6150444386167813,0.7534511969743065,0.6699515282741766,0.6012837515780077,0.5051639131686303,0.48337533165823887,0.3957082927989239,0.6897386977699365,0.07276902881204603,0.659962374261601,0.506440852611707,0.6378047150831565,0.7730921338931673,0.5759432987174699,0.4752099107695579,0.19925870388250452,0.2056729251300263,0.03400019882578581,0.36692263323407404,0.3477691349511204,0.35380317982939347,0.308450675766734,0.6847274847038616,0.8108077543971752,0.17484284045135357,0.4670395391678729,0.42528352852820717,0.5141026455670474,0.006798607877559426,0.5656300409102841,0.25118999879303994,0.44931683080981893,0.42175672267911024,0.524318548531708,0.37802867887319735,0.0,0.8730209603285854,0.7389361583439773,0.5739014505812713,0.5855741056230199,0.47944877139016395,0.48554175094637697,0.5495329117491301,0.3719344791060394,0.6734843468626706,0.24958364116001286,0.6323902176621901,0.5211524535028491,0.5535605485163256,0.33501183682869284,0.4422573449775625,0.0,0.5559013076845669
0.42968524295054156,0.31794140559841755,0.33767555017493467,0.8728872834478827,0.43042778606156284,0.5914739208831306,0.8653502115862991,0.8142803265162125,0.12787045027830973,0.8979249756782635,0.0,0.9420964652869785,0.8787862139567776,0.9332220561695297,0.0,0.5067013659972187,0.8955019971772749,0.8996132672927839,0.12743258640694058,0.5119457454980598,0.6184014703754712,0.3834528361182793,0.807729166160907,0.7108533102307828,1.0167424038867585,0.8912485964397375,0.44379100296480467,0.8957387593355564,0.41504268343314654,0.529137468373513,0.9179651942553224,0.9523152965861557,0.904607362236376,0.9593093693056409,0.9122614396099792,0.9119146872828874,0.9494031858851322,1.0517317858180613,0.5117680894575638,0.492647651279288,0.6493572270405529,0.4803900445399209,0.5686051612805534,0.5813795142856812,0.20826340536354054,0.0,0.0,0.3323963776311134,0.4788613185961085,0.47987874599951963,0.6149287536476411,0.5786035067875679,0.5322823426180021,0.5179806599796126,0.5248246304689785,0.6142644224355429,0.4304214725543531,0.6726931173642325,0.7230238862857742,0.0,0.0,0.0,0.0,0.33070600427163177,0.40349152176418995,0.0,0.7401014152536949,0.7742519498099487,0.0,0.0,0.9937825237401733,0.5408131472839227,0.5893913482200575,0.3863716851778231,0.0,0.8066491282745927
0.686244837260866,0.7201896483665962,0.8156400039473206,0.49056363320766555,0.8020564831227367,0.9798918262346474,0.40123454039567497,0.8455538057149623,0.855086967576977,0.5857959643416585,0.9420964652869785,0.0,0.7288510629363127,0.652366357931819,0.3169660308703518,0.4814522092072917,0.7812294602741402,0.8565139445928482,1.0157273893325203,0.6429064547298522,0.6104566551149768,0.22000478553141228,0.6866945332119814,0.5207418672586404,0.8076683385179649,0.6030817493543199,0.8040230970402101,0.20170304523793495,0.6684058328668769,0.2949983307896823,0.5963963279137171,0.31670805422172493,0.4184036344021933,0.3162103316967546,0.4151483407210817,0.5271696105085657,0.4225599817026204,0.28996098622948563,0.40410407272912346,0.18984233800172298,0.06684995832959414,0.20075841787444196,0.2151810399379035,1.1744392542385733,0.18937974774782,0.5417143852511586,0.8635929198192689,0.29638774220874375,0.19298151118113,0.2552864689472378,0.34229942129475954,0.46327691355084755,0.25586909702767635,0.42687240301337004,0.48630608474746795,0.2222095573859518,0.687653040917833,0.33633433841950733,0.7145229614355744,0.63771460517253,0.6387725414426166,0.5188737860170212,0.6931506785408319,0.357575546967345,0.7564713645754078,0.7378156892395222,0.4290309279831356,0.6329046498583837,0.282750131413291,0.6538046302714768,0.503728172147124,0.3212277204714936,0.3893978917462833,0.5303872040753664,0.0,0.5971752967479993
0.5957791953394678,0.6486522885101969,0.8388090000390829,0.9196278810174064,0.9028190263195206,0.7085523055503311,1.0280923500226935,0.8281316064874207,0.7916578044765263,0.8293316767157068,0.8787862139567776,0.7288510629363127,0.0,0.8033150454335514,0.6551554793272998,0.8450398995537571,0.8295771126524651,0.9323279323076772,0.8622515152691302,0.8910228086405025,0.9725504903852897,0.8095018258098592,0.8530420029317238,0.674372743829018,0.7317985870669592,0.7267703137977786,0.8055679962506315,0.7570371349045204,0.8436686915924185,0.6516534687971385,0.7723605299900046,0.9710222819131793,0.7878479710736435,0.8782328999037219,0.8673737019695547,0.9148446447786236,1.0046228390076912,0.7850842838627288,0.5679030910988814,0.15020768112097854,0.42685462577540356,0.8740882471383127,0.32341376647768144,0.3649715253944874,0.21965744946438043,0.6492076478511448,0.7871241650319606,0.6161439664630225,0.0,0.47358906313022303,0.7350205787272602,0.668291759283843,0.7116364508651203,0.7705650004538822,0.5382958719657989,0.4671897599721452,0.6506321675763094,0.7015274955512041,-0.04247036450036695,0.6083122564503796,0.7391398327075025,0.4059697803543105,0.6989440643150069,0.49982335180714726,0.6573066650468475,0.6037699892367479,0.6541266726358603,0.8072587453612334,0.5118958887447862,0.6996524459201343,0.702464399289298,0.7832124107789749,0.7737104216059366,0.7608165865481333,0.6103349510249054,0.7073800038307388
0.8870689614705922,0.5502309424638341,0.8893006465799234,0.7700333362598104,0.8176533330526059,0.7637977117458301,0.5084829599195424,0.9435119747917764,0.8155669980412019,0.7175985245176097,0.9332220561695297,0.652366357931819,0.8033150454335514,0.0,0.6701269661021573,0.6294687328344937,0.4959477587088179,0.44642500725618406,0.9177011086788478,0.8511329002782289,1.0056505672013556,-0.22424331819584947,1.0040395226752623,1.0514854525230244,0.5072361554067543,0.8444494666935656,1.1369656363826866,0.6555750938648515,0.5356593219447068,0.8579361145295343,0.7105826338661456,0.3102641173646584,0.22085001767041856,0.7334769612685882,0.4579761003967382,0.6984000562943191,0.4699044286984919,0.7574367306506615,0.7120081831361449,0.0,0.7027559893392489,0.8282892085582322,0.46678588389140285,0.4742105763732152,0.0,0.0,0.0,0.39168683956969497,0.0,0.481532116590626,0.46920896092151676,0.46520448997485897,0.48949484746122873,0.5613358401311818,0.0,0.6894273795541993,0.39896386375436504,0.7788400624600603,0.5100622036519046,0.0,0.0,0.0,0.0,0.42233406727076533,0.0,0.0,0.0,0.6819680033980026,0.0,0.0,0.0,0.5171205376246111,0.7775775241692915,0.0,0.0,0.0
0.28822926761670464,0.7128843022266718,0.3589794150355381,0.6171932209958613,0.5265723404526357,0.861169076184457,0.5402100241406631,0.5520517658095896,0.6517574552889621,0.38352482222890494,0.0,0.3169660308703518,0.6551554793272998,0.6701269661021573,0.0,0.7625697702867134,0.5042864941742851,0.6699494429972972,0.0,0.322759556689569,0.4823866157321124,0.45878423754874653,0.892820319635942,0.3850220204007635,0.7086444932227569,0.4419179674968208,0.7643888894723114,0.7649701769881035,0.8987985729695089,0.5093249158898713,0.6208000165315017,0.5381760183657857,0.6988803357964509,0.6643326827538745,0.6906052002365337,0.8617430709602223,0.49821721545470665,0.3688454172071647,0.5325421986239408,0.6815569887331759,0.6898854452533097,0.5348718875831717,0.5098476776136125,0.6182436768544821,0.0,0.659786262757238,0.7376377821660962,0.45611254426515474,0.0,0.0,0.5838100226908115,0.6863293112539067,0.6786386166942757,0.5343805726792232,0.0,0.0,0.6748755970421948,0.6353152441816592,0.47659886767895554,0.8829808273662716,0.7577737169903276,0.6262811849328598,0.9816879271194485,0.0,0.8892348235735321,0.7140908392274239,0.8320152609069706,1.0118030993609561,0.46313131429540677,0.7452872851669892,0.7244023910558821,0.8774504581282617,0.7654540995201883,0.8187664811069191,0.6024594852621736,0.6716902416759865
0.89154567994426,0.6440463491601811,0.41275648783518004,0.038350107222900706,0.6912427776491843,0.7675931381247973,0.7605637287405629,1.029717835802542,0.753373945173152,0.5053803098856402,0.5067013659972187,0.4814522092072917,0.8450398995537571,0.6294687328344937,0.7625697702867134,0.0,0.774518284817116,0.8109147949343244,0.515886783704204,0.8267587349604275,0.7800930602732257,0.7188239828792742,1.049317330987048,0.4960961177863648,0.7015758053642798,0.7320070650470233,0.963059407439288,0.8821938141171854,0.913450212561226,0.8258381809691573,0.7875864668283243,0.907252110829246,0.8643394975913716,0.7939274141841663,0.8989676946772834,0.6464392745713741,0.4264742968524071,0.5999415130107784,0.9011568501332298,0.8233387382967126,0.8951560468439481,0.9277897583156012,0.4662593836414064,0.0,0.0,0.5050726449201385,0.920093625289242,0.0,0.0,0.0,0.6828301991886614,0.5931874575769933,0.8743434575782786,0.0,0.7949240738176109,0.0,0.47392115944144614,0.7805348185286773,0.0,0.7592334108014835,0.9855034127112063,0.3527043902859205,0.8507312862810225,0.0,0.761883907017582,0.7452082326181353,0.8134694760923806,0.8939957099064642,0.4700410273023683,1.0158827142639928,0.9091052308901176,0.7571847457779364,0.6187086117348384,0.8425071710720557,0.0,0.7997426946415593
0.30903980593348046,0.6260152970384512,0.6576612148934695,0.5751222243928118,0.5971678685310986,0.813601394033785,0.8243333145288834,0.4852051476873379,0.7683122172700498,0.8792922968586762,0.8955019971772749,0.7812294602741402,0.8295771126524651,0.4959477587088179,0.5042864941742851,0.774518284817116,0.0,0.9495520144586376,0.6896303418224974,0.6370736163787587,0.5799513729738246,0.7770136708785751,0.48980891520805114,0.7166165161154374,0.8213488053921834,0.6839053444237292,0.6537641677251314,0.8955072038226182,0.6863243416309198,0.5315683690960328,0.6573427210283131,0.8152489885259393,0.770336885576693,0.7039379039196553,0.7041873029557146,0.6385550369584467,0.2655576508653591,0.3447589812302466,0.5604936125481745,0.5760648954476262,0.4773791687265456,0.5365007366933672,0.0,0.0,0.7101514755254074,0.8077961351362989,1.0094104893282625,0.0,0.0,0.0,0.0,0.0,0.0,0.0,0.6056138630896951,0.0,0.5899750878674196,0.465386459351259,0.0,0.787133646349339,0.4585708560926821,0.6392621839442263,0.7071306641904787,0.0,0.0,0.0,0.5352790899706373,0.0,0.6579041736156819,0.7732318662757728,0.6752486617222744,0.0,0.3243555139153921,0.4798631023846744,0.0,0.5730594092284718
0.5393899958279488,0.6316072100314742,0.5479197763408337,0.46658530090680245,0.551511024378858,0.8579914719491898,0.7667352722608842,0.8806410426822799,0.8324264164037429,0.7748855699006112,0.8996132672927839,0.8565139445928482,0.9323279323076772,0.44642500725618406,0.6699494429972972,0.8109147949343244,0.9495520144586376,0.0,0.5397821580387752,0.750952608164505,0.6801663892591312,0.7606064393776226,0.8460024687627439,0.6244207723549948,0.69445833202196,0.5362627094143038,0.9614706714664721,0.9131064414747381,0.9404952381121323,0.729173086172325,0.7154626640086252,1.008129107980196,0.8988086056819786,0.8812743730018344,0.8634714700528746,0.6529700436325223,0.2609742893870669,0.21936590955627103,0.8583486864002197,0.6718959064757899,0.624876803961023,0.7140710537080022,0.0,0.0,0.5320960870218405,0.3852008413892468,0.9367067038674974,0.0,0.0,0.0,0.5499578412623138,0.5566707098981674,0.907947212701293,0.0,0.6265203707685115,0.0,0.5890453248972727,0.5338271870017353,0.0,0.754139924739767,0.9605297967869929,0.5888830729456369,0.6003881831862314,0.0,0.47894584819920755,0.42999935708333936,0.9845831113282407,0.743961593944094,0.615018176021837,0.6651810113508558,0.6222919296741615,0.5132431316389907,0.6474449656590597,0.5505020315358484,0.0,0.7703773408783374
0.0,0.6033761397267567,0.19001060630406247,0.8448210170358483,0.40776387980308393,0.2575248746787289,0.8263978451051093,0.6810040959602539,0.030918221855390726,0.940687226275998,0.12743258640694058,1.0157273893325203,0.8622515152691302,0.9177011086788478,0.0,0.515886783704204,0.6896303418224974,0.5397821580387752,0.0,0.525590421063593,0.4343418227521243,0.6396417660734568,0.4330707703523119,0.8056294025195708,0.5548846521870439,0.5510570734919269,0.47070071349303355,0.9339419443615908,0.6195596038495749,0.6187463294856901,0.8652242883298562,1.0322949263451697,0.5545965694890893,0.9166288786707385,1.0491088180088524,1.027675483799487,0.9062727886098342,1.0578383631890125,0.5194035407629171,0.40765288279031586,0.36145432879623646,0.24206326538417855,0.5435504589432147,0.3421910650756539,0.41373790322662385,0.0,0.0,0.4121655771634949,0.0,0.44281272768702673,0.6012614445738771,0.6291827281965097,0.5074285918555674,0.806296955326838,0.9715300706493497,0.7356230860786334,0.5587197299627469,0.508271829178064,0.46171206634390394,0.0,0.0,0.0,0.0,0.40465664396901646,0.48116583641552635,0.0,0.44381884351124856,0.7543218672738025,0.0,0.0,0.0,0.8153645514923036,0.7600149691961109,0.5001136100090343,0.4712599376812207,0.5708916381548695
0.46183790595058377,0.7160957153060125,0.3810872751086365,0.6315996904906842,0.5653387816611499,0.8028243498309058,0.7414212473486557,0.5321139853599764,0.7090824010321046,0.4556104274345163,0.5119457454980598,0.6429064547298522,0.8910228086405025,0.8511329002782289,0.322759556689569,0.8267587349604275,0.6370736163787587,0.750952608164505,0.525590421063593,0.0,0.8265431212155625,0.42090952240628293,0.29039061380191195,0.5979855624017347,0.7478524387455925,0.5353437088410236,0.917132987346411,0.8124295841070182,0.775504726311205,0.1377296154929315,0.8449004662752103,0.5257060596563242,0.5760336361509859,0.8896439064732211,0.8567077810575675,1.0040684132700424,0.5473249355546062,0.7833179307365311,0.6550197967401608,0.5950933224282244,0.7469442645549642,0.6781403065109897,0.5282422158473028,0.2228793431376077,0.22564586821206906,0.5459443932531445,0.6920867467918366,0.48748355055946596,0.0,0.0,0.6788295899134112,0.5950130685079262,0.6964338852494302,0.46222925253665065,0.9101931804499639,0.0,0.5935785661701289,0.6248415080494714,0.0,0.7644090274513999,0.704033843261532,0.4665345548353994,0.8382839017894459,0.0,0.6775168065580922,0.6752391562387045,0.6104370344516996,0.8109339676429845,0.0,0.7979947181476513,0.5921082413422728,0.7606351034810985,0.5957544265206715,0.7201441969006486,0.7903393084390766,0.6049319952473062
0.234323898119411,0.7160513929007868,0.9631427688224239,0.38018189755985066,0.5323808099079206,0.9249994432958738,0.4731126684926842,0.8986890223321262,0.4274276555123066,0.2618484257681983,0.6184014703754712,0.6104566551149768,0.9725504903852897,1.0056505672013556,0.4823866157321124,0.7800930602732257,0.5799513729738246,0.6801663892591312,0.4343418227521243,0.8265431212155625,0.0,0.5603058536659846,0.8634477258937803,0.5394410730674191,0.5675888956110962,0.6707421676091704,0.8715650188067068,0.7293412656306437,0.8661895450602621,0.542506389716552,0.6459759672313203,0.5223231855576689,0.753944731675619,0.6200127227705097,0.6899971649406715,0.5739716626930348,0.34523556072328054,0.5934282384836134,0.45490034185846384,0.477744811630881,0.4610261665241659,0.37572918255054133,0.558358999018631,0.0,0.0,0.5681464053202576,0.5961157419369014,0.6302533636618128,0.0,0.0,0.5633192240219727,0.4481458165171383,0.12063078983426812,0.5442762051550164,0.6152997859670447,0.0,0.727323787833088,0.600801440810769,0.0,0.7725381587805614,0.6812821739950631,0.0,0.5185332408976908,0.0,0.5816720620808147,0.7891776107851131,0.5950970337697922,0.6886028551710288,0.8398012959244499,0.6653621875876172,0.8036350805447481,0.6663110328815373,0.5618704185423353,0.6158210874653699,0.4935798055456511,0.15116709198966655
0.697306015082671,0.7565284900973055,0.5606941253376514,0.5661505536675197,0.7346621690626475,0.6377588396355283,0.8160673527823743,0.9549298323197463,0.7443550347826136,0.39516381055138783,0.3834528361182793,0.22000478553141228,0.8095018258098592,-0.22424331819584947,0.45878423754874653,0.7188239828792742,0.7770136708785751,0.7606064393776226,0.6396417660734568,0.42090952240628293,0.5603058536659846,0.0,0.8838182174209014,0.4019324654423546,0.8329521529943577,0.6250058494484566,0.6440062526062078,0.9426122444720857,0.8882424907560904,0.5979239470686339,0.7880426363667921,0.5269146723175953,0.5419849125681301,0.8251952838402464,0.7221545776995093,0.741066085188076,-0.5653803385230147,0.5778474845035102,0.5521120164799047,0.6787833467702724,0.6516728582491036,0.667746384904466,0.5191388168233162,0.3543174226053472,0.25978891560179573,0.640715210547514,0.7080087918775225,0.9064886144278889,0.47766579175563056,0.26141275097829975,0.6660016567407698,0.4959306470082223,0.6444486851043343,0.6403445500920324,0.4287789284263731,0.0,0.521389728278227,0.5759982244188966,0.0,0.7974587921388964,0.7639365732305692,0.42017822392609927,0.7587697413324949,0.0,0.603428512195136,0.854675697827491,0.6778394258518528,0.9493182846676808,0.7165360151883057,0.8035519660634157,0.7242505275344933,0.8078944469417617,0.625167978023913,0.7683970304304164,0.5598620801155492,0.6437769821168917
0.6888935825058953,0.9062814537676818,0.3769990612639079,0.7486760645596054,0.6794201737233221,0.6399263006761868,0.7719561758830826,0.9596006245519436,0.6297001047016625,0.7246293680379199,0.807729166160907,0.6866945332119814,0.8530420029317238,1.0040395226752623,0.892820319635942,1.049317330987048,0.48980891520805114,0.8460024687627439,0.4330707703523119,0.29039061380191195,0.8634477258937803,0.8838182174209014,0.0,0.7539780521050458,0.802601338362483,0.6888089716101311,0.49960414105462253,0.764005993129892,0.9127631152843602,0.8023912425760802,0.9065697135654941,0.9278777652008059,0.8705353422292814,0.992467064113379,1.0590436865822395,0.9705507467661794,0.8940151389923544,0.6069535722057651,0.8090384408828797,0.7845974453495563,0.8089931214037687,0.8836819780777412,0.8591839820502938,0.653517993836637,0.5704715427669802,0.5590858880780487,0.8501650083620387,0.9758651250767065,0.4515392270829366,0.7554501735739646,0.7762481046301472,0.7644656786164472,0.7642809448365078,0.8518280436102577,0.606648981742102,0.8736733716260977,0.4576994445590499,0.7252811701730959,0.7625065716710576,0.9247139436544294,0.8496191849488381,0.48554175094637764,0.9134400347141478,0.9051727562706269,0.832021947405839,0.8880081074968142,0.8276792162733517,0.8568866196886138,0.24520828381790538,0.8370103812576709,0.722970957260332,0.7099738797251576,0.722839081502554,0.8654882853446064,0.7377390589290336,0.718813910783591
0.6604729267179803,0.41520770194264633,0.5537212253939919,0.22986389180927508,0.9956110145224819,0.543273560128662,0.406042331893388,0.8082172165041299,0.8162790538667344,0.6150444386167813,0.7108533102307828,0.5207418672586404,0.674372743829018,1.0514854525230244,0.3850220204007635,0.4960961177863648,0.7166165161154374,0.6244207723549948,0.8056294025195708,0.5979855624017347,0.5394410730674191,0.4019324654423546,0.7539780521050458,0.0,0.5483622518257049,0.3722248334816616,0.6803874138887844,0.19852582278069048,1.0980063744307713,0.797783975332824,0.8130213763512497,0.4756075158217312,0.857690773135599,0.5171580085906462,0.6158665278336616,0.8099550309287878,0.4926577434015102,0.5833186606310221,0.419063885985856,0.7756618317008853,0.32550684619025305,0.6525394794580075,0.5650136248604452,0.3622660097197297,0.36398094270464015,0.38309660355559527,0.6121194373156896,0.0,0.0,0.4665253906498873,0.5768860940484334,0.30050737803658556,0.0,0.026591363018113365,0.5427169440169144,0.5380950795985219,0.6072095561041442,0.460072885624504,0.0,0.23691194139071042,0.7280553488637382,0.6435238029855416,0.6877663726403609,0.4710325278036096,0.3146659320445395,0.44320836990504353,0.1932265983134514,0.8167723405698181,0.2578002849704152,0.6533791234323483,0.5665636088985697,0.49351424808578104,0.7295394810930038,0.6552601054274565,0.0,0.5717882547340238
0.507542783256004,0.6044956188759063,0.9696976139001114,0.8531431974544712,0.5749198642585747,0.5599636090050816,0.5560296394936006,0.8845338848342386,0.49851450736767644,0.7534511969743065,1.0167424038867585,0.8076683385179649,0.7317985870669592,0.5072361554067543,0.7086444932227569,0.7015758053642798,0.8213488053921834,0.69445833202196,0.5548846521870439,0.7478524387455925,0.5675888956110962,0.8329521529943577,0.802601338362483,0.5483622518257049,0.0,0.39171844230541075,0.9094217688494229,0.8606215628676701,0.7538876661260054,0.3882612271261945,0.7117563992287428,0.6244966315028613,0.7074015360220134,0.6615246644727004,0.9134165517014057,0.5763087323230363,0.5572557784003528,0.3347199826385123,0.9099477062432579,0.7224997723772522,0.7495357841806345,0.8670195004865597,0.14593983829004809,0.0,0.776734308952115,0.4870957008523452,0.9883250502344165,0.0,0.0,0.0,0.8903317402954252,0.5569134645368619,0.7725620003665312,0.38134566688869626,0.5991044176148317,0.49394067935890007,0.6367791874636675,0.5727523133404298,0.0,0.7094298543265916,0.9229037283789916,0.630057536092393,0.685658575850185,0.0,0.8340650496507368,0.6131506751658107,0.9619595855409006,0.7242822241607011,0.5865950956760394,0.7466895537981761,0.6568452461720702,0.8300866335022916,0.6843422049663306,0.7175589783820517,0.0,0.80358552510007
0.45724718885488347,0.6407983071581962,0.8573913183759336,0.5797393442860868,0.4827071948884522,0.7428865489978727,0.587634459289029,0.8745362545151592,0.5964810733633804,0.6699515282741766,0.8912485964397375,0.6030817493543199,0.7267703137977786,0.8444494666935656,0.4419179674968208,0.7320070650470233,0.6839053444237292,0.5362627094143038,0.5510570734919269,0.5353437088410236,0.6707421676091704,0.6250058494484566,0.6888089716101311,0.3722248334816616,0.39171844230541075,0.0,0.6466376735028374,0.8224601374975657,0.8182323860430427,0.6433355403389809,0.5962308629949638,0.6882288161508503,0.6763282999626367,0.6379257182096132,0.6871188948524913,0.6954815579037146,0.013429478882272444,0.4088588671883194,0.6520387468030061,0.6993373360891484,0.8540286907303971,0.5673988400567053,0.22504657448376908,0.5445732521469325,0.36647021829682414,0.46729894811008726,0.8979293470782865,0.6341432860051051,0.0,0.00796909119986888,0.7578059439478368,0.7507814332272296,0.5768235152496419,0.4133661974136576,0.571456163354745,0.0,0.6052346605972287,0.7384774544109747,0.0,0.8447490928705024,0.940181251089428,0.6377895801834736,0.6704862693433011,0.0,0.681134196370673,0.8666252866848028,0.8211374778945766,0.8840808154004166,0.5333822780677583,0.762807546119845,0.7176342688077036,0.8704753624834091,0.5589989374031137,1.0134121018770967,0.5130586640621128,0.6925160832424988
0.5626808608599798,0.8972381658780403,0.4187071770397355,0.729811422673044,0.5137333351333757,0.6582882778442589,0.7271783183596425,0.954774043186241,0.22921056060436013,0.6012837515780077,0.44379100296480467,0.8040230970402101,0.8055679962506315,1.1369656363826866,0.7643888894723114,0.963059407439288,0.6537641677251314,0.9614706714664721,0.47070071349303355,0.917132987346411,0.8715650188067068,0.6440062526062078,0.49960414105462253,0.6803874138887844,0.9094217688494229,0.6466376735028374,0.0,0.785889516172507,0.9733108356926936,0.7382046332408094,0.7475689322069692,0.7807471688111842,0.7337673137008893,0.9427909949203104,0.95461249660666,0.8563210877549547,0.8616113828901159,0.5609695363390615,0.7981217445870767,0.6705062686016677,0.8008225334246317,0.8412917028274051,0.7873872606974235,0.6366780964728229,0.39513448900514103,0.4425375205419557,0.6370892701565533,0.8891626987045752,0.5103847402364885,0.890463072199548,0.819551057239783,0.7985091705657754,0.7786795456953419,0.9216924673006182,0.6641746033982565,0.8898999528639859,0.36285694454924833,0.7774432992735791,0.8239257692404827,0.7786926455703385,0.7791841238764396,0.0,0.7462094978866842,0.8702252094700806,0.7069773410658109,0.8628405598102917,0.6472214635952226,0.7508197341419283,0.0,0.7987921336789015,0.6284838483271262,0.7484407908514439,0.7474274833531585,0.8055779276018911,0.6584116948787551,0.729695817711824
0.6287784472756279,0.8370147017809877,0.8114733710473818,0.4281686745512168,0.6840313781455971,0.8071377892008507,0.7498309557777919,0.7997855909033236,0.8781900586165186,0.5051639131686303,0.8957387593355564,0.20170304523793495,0.7570371349045204,0.6555750938648515,0.7649701769881035,0.8821938141171854,0.8955072038226182,0.9131064414747381,0.9339419443615908,0.8124295841070182,0.7293412656306437,0.9426122444720857,0.764005993129892,0.19852582278069048,0.8606215628676701,0.8224601374975657,0.785889516172507,0.0,0.7813734086279303,0.5549693515726284,0.7926361066238231,0.8013493821360668,0.402682288537884,0.2929936927062632,0.56842749531657,0.6282357318123555,0.5554317411047374,-0.019233690514265378,0.26307221276175496,0.011633345481926488,0.16637658143046125,0.28987591995909895,0.465513815209264,0.19132437333064797,0.1462498799248544,0.6196023977866372,0.8030495042212664,0.625064940868961,0.0,0.4144632462958704,0.8217040886297164,0.5325828290102186,0.7001106416706799,0.694421965610625,0.39335965134798395,0.41902308472653177,0.34717004111581684,0.6260160230749012,0.3599145521079842,0.6313236710788356,0.6661299069995101,0.20733129368630393,0.8785592952837495,0.5602314482566723,0.7481695271965705,0.6773055734646731,0.5501030914916325,0.8035709341356483,0.555572368828279,0.8101569285971244,0.5959498274221968,0.7812027275804148,0.4583909303938073,0.7710282644548763,0.5982890521649762,0.45425314991361815
0.8235087207236811,0.68934362210247,0.9821226257561679,0.49568034136773076,0.6070199242592753,0.7004941505989963,0.7176267906778329,0.8076456071840983,0.7798974787439703,0.48337533165823887,0.41504268343314654,0.6684058328668769,0.8436686915924185,0.5356593219447068,0.8987985729695089,0.913450212561226,0.6863243416309198,0.9404952381121323,0.6195596038495749,0.775504726311205,0.8661895450602621,0.8882424907560904,0.9127631152843602,1.0980063744307713,0.7538876661260054,0.8182323860430427,0.9733108356926936,0.7813734086279303,0.0,0.6519729551498324,0.9246049507695362,0.5944476301280377,0.7025010629823275,1.0416357034492303,0.8856692118846493,0.8635291992216818,0.6588615999945603,0.5985360027050439,0.8158858447476747,0.5882552513371443,0.846026921563095,0.8560283005552698,0.6939699817589824,0.540032259180727,0.6187169738924108,0.48705574198853646,0.786693741974416,0.6037483938456509,0.42617699740896076,0.44499383918338364,0.7953268798354123,0.7030387381501885,0.7112410471085802,0.6153467143543139,0.6693366615815071,0.1655331271024515,0.5607984843061579,0.7490025139836428,0.7422451069413214,0.7784159496109646,0.7998652186885651,0.48109259609531785,0.7632286348596321,0.1782503200346762,0.728856836001956,0.8014413246697027,0.6723327992066344,0.8361778328762026,0.4755396086892808,0.8865821732819479,0.8090450864591093,0.8113573735584949,0.7423277726626957,0.8278883846273848,0.7053574966857237,0.7974963419896863
0.6624875475959375,0.4437343435214941,0.5944376127053881,0.4596949507579086,0.5776297300805252,0.8199333592881495,0.6214199533202445,0.7655739786087592,0.7711426409316589,0.3957082927989239,0.529137468373513,0.2949983307896823,0.6516534687971385,0.8579361145295343,0.5093249158898713,0.8258381809691573,0.5315683690960328,0.729173086172325,0.6187463294856901,0.1377296154929315,0.542506389716552,0.5979239470686339,0.8023912425760802,0.797783975332824,0.3882612271261945,0.6433355403389809,0.7382046332408094,0.5549693515726284,0.6519729551498324,0.0,0.8144532435268694,0.5302349337892823,0.4960789853127584,0.9427066135608564,0.6538724275707527,0.6070235981832532,0.1321950856442788,0.16295439354482322,0.8760843843757052,0.5037469735478666,0.8006383606051033,0.7592923023128353,1.133132148206041,0.09565617491209566,0.0,0.0,0.0,0.39492572154104677,0.0,0.0,0.6911327964934533,0.551275325773243,0.3996340676945186,0.7889046535690013,0.5706063278534603,0.0,0.02626612255652412,0.5611978026000164,0.0,0.4746956115763223,0.0,0.0,0.9611196143340173,0.9167573093222162,0.6888769706914553,0.565812757312752,0.5079851122492083,0.7923644170479144,0.0,0.37079703159302446,0.48053028546443183,0.7788290194122489,0.7023056040078486,0.6244137452731897,0.45427016051185776,0.8030651640402036
