0.0,0.022323652120432858,0.0015602316989432596,0.0,-0.002706827569037229,0.014418771214843917,-0.002035451636048624,0.02883647279648449,0.026897185243925426,-0.004377461989555798,-0.0010851968493748587,0.014002780397008141,-0.006184474507553994,0.03157722509392402,-0.027322674230381205,0.0187441379739694,-0.01314974718669859,-0.006728172893354867,0.0,-0.020903057904866962,-0.03815680198620419,0.010570188388856316,0.0072619174792540875,-0.0027493885567257403,-0.0003266430273480836,-0.02705302260221437,-0.010653020784053613,0.009399307387513323,0.02952131734018687,0.0013361898365680802,0.0072698312058548376,0.014576992006109957,0.02578021743064446,0.017944479294495774,0.0373069099167469,0.0010930135865773183,-0.0011263309397568366,0.0405775413627793,-0.0029298410125200847,0.014461769007190206,-0.0036424308911320313,-0.00391409983090768,-2.5136171523110207e-06,0.0,0.0001160893376597194,-0.09905156610712268,-0.003314057744639054,0.0,0.0,0.0,-0.005213139450504278,1.1102230246251565e-16,0.0026290604975792164,0.0,-0.025662801401798496,0.0,-0.0060803253092746035,0.027281555337732022,0.0,0.0002546827304065191,0.013640697862905837,-0.001237521216262305,0.003867474003754423,0.0,-0.02257784220912057,-0.07221717412332712,-0.0006779584092921898,-0.010277583091872433,-0.02285392417114046,-0.0058032584625844486,0.0003354424502323705,0.003034507760065197,0.00048181414860065663,0.0017944387039436904,0.0,-0.01653350444988727
0.022323652120432858,0.0,-0.0020727808147028015,3.613177124384137e-06,0.0084428719430088,0.008459936991958128,0.0038907935735051358,0.01765821701395176,0.0037554858520358336,-0.007951412728541662,-0.0006699106453193493,0.038418440729351355,0.011348794453540978,0.0009795421140605942,0.00980960316728402,-0.002621871166417322,0.003937158747352121,-0.0022508951962302293,-0.0019981314690912244,0.0089518783215769,0.01301871754158307,0.00995209091378002,0.03119544159800941,-0.002464996558407484,0.008643226942688764,0.01652355852443399,0.03000081430258489,0.0397053564996217,0.022377667526452927,0.0003451969402757382,0.011477114247965381,0.00814421455515879,0.0020702578024189844,0.02726457460554471,0.024216317936242293,0.004075653417630165,-0.0009552770405585331,0.0,0.032655924478695975,0.038305181607694305,0.035435923655129264,0.030423289011087762,5.200543314548556e-05,0.0,2.220446049250313e-16,0.006805805280052812,0.02466365701675144,-0.0006202274467631552,0.0,0.0,0.010526060785520486,0.01092426262956736,0.003043914603959974,0.00011086179559210985,0.014190056334615841,0.0,-7.876391438566e-05,0.017347013295483937,0.0,0.028297527548150903,0.040091511600102936,0.04025832715416211,0.03496547533090788,0.0,0.021578682847272657,0.019431615926855106,0.01668542781818999,0.03992911794072729,0.00078841958875292,0.03863765934717278,0.02676741884463185,0.022693872884382182,0.02816775388603654,0.035535090865293883,-1.1102230246251565e-16,0.026184537142877273
0.0015602316989432596,-0.0020727808147028015,0.0,0.021158931805149495,-0.017999109074837927,-0.005381807948350803,0.038696279765704444,0.018153768440292206,-0.04941904100165451,0.02084206892793078,-0.04132216605462535,0.024971089910044653,0.031286182444225374,0.03464877878614819,0.0014685883404046973,-0.0034563592628786277,0.001947047793713852,0.0015684145473658928,-0.0503701976617118,-0.001286146528492571,0.10227863072048249,-0.0007462574787072129,-0.029864725479933074,0.017461588356723456,0.0834174863186472,0.051615221154566016,-0.013299359463976923,0.021823823465664194,0.06038243611997807,-0.002989248572598524,0.030410600255959985,0.03195787151268953,0.03602885826478347,0.03713255288658596,0.023576340250050454,0.02734907149298027,0.027280962409205467,0.016226000854228262,-0.03212655248574964,5.147997533816451e-08,-0.01839131936685684,-0.00024961856136007654,-0.05709690132920825,0.003279473543721989,0.0,0.0,-0.0010087007336719855,-0.03087374435654927,-5.64565131311312e-07,0.011205726333134214,0.01558958092218865,0.018763766943572624,-0.011982659316788546,0.033787272281954106,-0.0017587397902781854,0.017454317273343456,1.888980749487068e-06,0.003418538354059697,-0.026913087294385463,0.00019744101740282183,0.0,0.0,0.0,-0.050531412299673895,0.0016575754585606006,0.0798228213005574,0.0001853448092717369,0.029048510542556527,0.0,-0.00010323864891087497,0.0016894615992985584,-0.0098600578797029,0.013640237797167942,0.005752578881816683,5.381270700854923e-05,0.03472142889294305
0.0,3.613177124384137e-06,0.021158931805149495,0.0,0.04271763936463904,0.02072876202714319,0.03999999080180261,-0.015872287791182715,0.038019769325004615,0.00851506253280146,0.04307887824908169,0.024024901415520383,0.06135203021942659,0.05122384282787129,0.0012521962332288084,-0.0015119337593226811,0.0008978081174183528,-2.5708540392632706e-06,0.042401347430741254,0.0056596319842246445,-0.0011081220052381324,0.0017582153157298386,0.00763774653702165,-0.003007327208367716,9.008065019355804e-06,-0.0008411493788022528,0.011114970062372331,0.003592958641269156,0.0019433950366453678,-0.0030079609263118923,-0.051359210509141495,0.020854068421958916,-0.0020251503816194893,0.04911625372925127,0.04644706339590454,0.02264628978712785,0.012059688317482442,0.003146155335863654,0.04547368315064371,-0.00039096130671362195,0.009552025471984249,-0.00013843154021592197,-0.00013415379554954088,-0.004372245072486514,0.0,0.0,0.0,0.0015600983013587255,0.0,0.0,0.003127957076088539,2.220446049250313e-16,5.883741802992226e-06,-2.754480911687507e-05,5.551115123125783e-17,6.675725106725094e-05,0.0012618008093427946,0.0008222176965848038,0.0,0.0,0.0,0.0,0.0,0.0,0.0,0.0,5.187690636621056e-06,0.01283741862144433,0.0,0.0,0.0,0.05069389026505955,-0.0037322020225175057,0.001227897399000255,0.0,0.0
-0.002706827569037229,0.0084428719430088,-0.017999109074837927,0.04271763936463904,0.0,-0.007274209579261892,0.04307666257878345,0.018839138659134724,-0.008522735539401749,0.037248551283265874,-0.0069773271456043395,0.03913358626016894,0.02554723140575038,0.0720834486223576,0.0011977896770790086,0.005346442548995245,0.0010115396380036001,0.011130444035047982,-0.024979313028635597,-0.005018036643548052,0.0010473150019787436,0.02267635709984811,0.016454643702828453,0.05005453191099296,0.0006004410647966196,-0.007398258912617306,-0.008268822014398103,0.01501455444377131,-0.0007571815789242375,0.008371571440971393,0.03895708653801022,0.036723753976164286,0.005717085476614925,0.03577424738792773,0.03842343765004297,0.06549235215426036,0.1559724356941662,0.0566204602149496,-0.0054316197223265306,-0.0007102849439863945,-0.026483755987490476,-0.0012433445581138125,-0.02983158458100199,-0.0036244551499127753,2.267749365686411e-05,1.1102230246251565e-16,0.00020826719898037194,0.014835737833520102,0.0,-0.025345536642675637,0.012050293252148125,-0.009965832895062754,-0.022258934231648875,0.02604197847030132,5.551115123125783e-17,0.0035201770844260905,8.501358297935413e-05,-0.0034406348641174977,-0.002857414753566212,-0.0007848615620764665,6.124663310863587e-05,0.0,-5.551115123125783e-17,0.005089387449813909,-0.0013895425319864763,-0.00042903350355621983,-0.0008938207454598501,0.017529887148784895,0.0,1.6505101655406307e-06,-0.0015896579978691427,0.03160578609035425,0.011601221540082307,0.003481692453276952,1.1102230246251565e-16,0.00033980813620160255
0.014418771214843917,0.008459936991958128,-0.005381807948350803,0.02072876202714319,-0.007274209579261892,0.0,-0.00032888557431492993,0.03703811028399062,-0.027304098569340574,-0.015620698531115973,0.00559381974316725,0.031708522238727055,0.011256033845370772,0.026318679306552184,0.02837762354774187,0.02245484323571445,0.03370612095610587,0.03832796565436619,-0.050011349552125606,0.02640912595567846,0.04340639680890923,0.015514683396301021,0.004548713190137332,0.019000442081237412,-0.0031664508882172093,0.010922445916858259,0.004564790558082399,0.024318199226389448,0.033617175262955656,0.018204692666890343,0.02364222680869965,0.024205796917732836,0.03640128012577226,0.020031320106510653,0.018336250165942036,0.030893973801206787,0.03682243224025139,0.028451550313018437,0.038800806131765064,0.0004306574279657749,0.043059394875695545,0.05648110523136346,0.012973309979382619,0.0003712066182831597,0.0002830788561831721,-0.001602582876310099,0.018081330682055363,0.026563073432657514,0.001148843451265591,0.03178491249672322,0.02421623444067056,0.032040870372985086,0.013187037675377156,0.03779340082147187,0.0019864493090243074,0.013978434955301655,0.001171050144715191,0.02315752274586308,-0.017437097965903703,0.02175582471238613,0.022321245779948873,0.0,-0.00021586874472406814,0.020964140163791223,0.01706678815505358,0.00613749794443641,0.011608225479522727,0.02360776777865431,5.455249034114207e-06,0.026073429842650486,0.018633296907367536,0.024803280526083493,0.02720195700977268,0.026495825695931507,0.015427099944068434,0.03622615329756762
-0.002035451636048624,0.0038907935735051358,0.038696279765704444,0.03999999080180261,0.04307666257878345,-0.00032888557431492993,0.0,0.028139657808176677,0.03445778712875425,-0.004969155493274313,0.052635764449111,-0.005490035987154862,0.03343429632259043,0.019658049595882188,0.0017043695281353521,0.01976100649429069,0.0236038818105872,0.02163087898327576,0.046922329913298644,0.020076807038811206,9.150176145955591e-05,0.035195049196973305,0.023255225516274902,-0.010460883201837523,-0.006116155745083285,-0.010798172142033102,0.02123299024989289,0.021671320233889513,0.013667573775462072,0.010762362091959798,0.02276074345322182,0.03066060813041732,0.01358246826645998,0.019941819051520204,0.014815788985094502,0.04196275189784382,0.06136942059825867,0.042847985953147594,0.016695830667406708,0.0010049242249191015,-0.07255191555049045,-0.0003100337468533443,-0.030639433741862343,0.004765869705860737,-1.4956147256217633e-05,0.0,0.004677419548758055,0.021503503214118758,0.0,-0.022118838750951497,0.01584393948807039,0.016949893187440335,-0.002015848222696237,0.011492987109258168,-7.423722311994396e-06,-0.012600667222407491,4.199204108285004e-05,0.014800114435359057,-0.011709702910680742,0.0015526472729439078,0.00025049502660912104,0.0,3.7259416023616154e-06,-0.02453232900066704,-0.0004278128665115566,0.0009130244941029653,-0.0009390506555821965,0.017442561391776468,7.931024914420437e-06,0.020509834737858945,0.006576337309454505,0.013026240155984137,0.00689794963166912,0.016364416326819953,0.0072969410987353545,0.021447571773267282
0.02883647279648449,0.01765821701395176,0.018153768440292206,-0.015872287791182715,0.018839138659134724,0.03703811028399062,0.028139657808176677,0.0,0.02710968265032082,0.015449586241529034,0.04562588994025063,0.028839847043255984,0.03043691006018867,0.03741114546808627,-1.910911878744148e-05,0.048260521254749,0.0002212586006790085,0.04144328841184852,0.014323449880672356,0.0035293209350220067,0.04233233252181001,0.060172056862590084,0.04224702369118155,0.03750753906149218,0.040479528997413194,0.03444048742482636,0.042567188053964644,0.02547624326674336,0.04240056510099727,0.023472379953625,0.030660470422103958,0.01528991151188347,0.08070272477092011,0.04862615555595756,0.054873113608850665,-0.017732490677978996,-0.1255032883843204,0.0025511765101940975,-0.011724282774257078,0.0018082096711106166,-0.0006764707927348623,0.00464191591939922,-0.04691583113626557,0.0017232652570727813,0.0,0.0031992005120315414,0.0006968144718934033,0.006047345312479635,0.0,-0.011839797588443834,-0.015335316467482818,-0.006375920243819444,-0.03738054084749559,0.027197054687679856,3.991535813763214e-06,0.012502877643137067,-6.495367542658226e-06,0.0028930128695167645,0.016261926398494997,0.013818471754649564,0.00032947711769049093,0.0,0.0007548408746688717,0.011732160508573064,-0.0422359240264748,-0.16805629278779097,0.002134628423189955,-0.001314699385338014,-5.551115123125783e-17,0.0019571078451157686,0.0026118735440442964,-0.003864952166356128,-0.009945394551405196,-0.02077151098365787,-0.013440205862905452,-0.01502965846397758
0.026897185243925426,0.0037554858520358336,-0.04941904100165451,0.038019769325004615,-0.008522735539401749,-0.027304098569340574,0.03445778712875425,0.02710968265032082,0.0,0.037168277994303,-0.046943410940738506,0.03333372733769452,0.02261794961467556,0.04302268003034748,0.003781706346981051,0.02496524947700174,0.02792012419931339,0.03682520351011903,-0.05994238146771755,0.015297122284309073,0.00022646466212872252,0.02093678383724451,0.0016784960095621582,0.030681246669300943,-0.010636779410680974,-0.008090454122808621,-0.03695477620193044,0.03643947618574489,0.043301401413906426,0.025676676552262412,0.04122879772213178,0.04866274850745578,0.0244329172112302,0.044789536865304014,0.042173650826224596,0.0522104714246287,0.050094390463731375,0.03165442291540205,0.030446910228651702,0.0026344534632389838,0.02954709015827145,0.10959207328439691,-0.030697675770679,-0.002788611447948286,0.010428054593943858,-5.551115123125783e-17,0.001371274726461258,0.01726794809084886,2.712197362808588e-07,0.017870707421443144,0.029232165050235404,0.02834693699679669,0.004756649632792209,0.02901136418089567,0.00043069501871240146,0.023226044902015075,0.0017647234727254935,0.01859924491286513,-0.01111472143469594,-0.00087148987941571,-0.0005036283040237288,0.0,0.0,0.025380064491339782,0.0009465625471877237,-0.0008737534863932361,0.0004590003836815737,0.034288621361198146,9.531933892192868e-07,-9.028744501704544e-06,0.011780011406673396,0.04622222715230584,0.04219078625796535,0.02292897030736213,0.040281251738600865,0.0375866952291829
-0.004377461989555798,-0.007951412728541662,0.02084206892793078,0.00851506253280146,0.037248551283265874,-0.015620698531115973,-0.004969155493274313,0.015449586241529034,0.037168277994303,0.0,0.041570500875285354,0.006997081461044052,0.021310701425917233,0.029173103254091393,-0.01746194573739479,-0.0008778722432703501,0.021161140976406867,0.02075294240721881,0.03455036823628238,-9.25171344403064e-05,-0.06838175595952262,-0.015415893675985282,0.020461417163858686,0.00960104521428573,0.00143196454883876,0.0001407002521227052,0.009658875202120665,-0.0160266269006466,-0.0003118983038153389,-0.0022463880822772286,-0.002908190014604628,-0.03534791165241297,0.00038679546661868347,-0.005561571245724761,0.01538341542884708,0.06155393312814528,0.026822690745177735,0.00012650850736667385,-0.05877374217346587,-0.03961842417707345,-0.07636192200448699,-0.0032281153991626232,-0.0013683944760329858,0.000661273552433006,-0.034007122855244265,0.001577382827316065,0.027398102696186644,2.8104445633392316e-05,1.5400232346585163e-06,-0.0011659093385246178,0.0003475823593553362,-0.0641532190807575,-8.781126981105558e-08,0.000338067519868146,-0.017996323185144103,-0.00034727222420688486,-0.010395156114855919,-0.030083940936093345,0.0,-0.00013342714331521233,0.018184388858092038,0.004878640700518022,0.008378159764258597,-5.062137073963413e-07,8.224693578029463e-06,-0.0004571848482073926,0.000870679929742435,0.00814221860566633,-0.03500696481428195,0.015561560847363431,-0.00815999924589772,-0.0014355610448348877,-0.037317132710741385,0.0016320688156238328,-5.551115123125783e-17,-0.012722103395022888
-0.0010851968493748587,-0.0006699106453193493,-0.04132216605462535,0.04307887824908169,-0.0069773271456043395,0.00559381974316725,0.052635764449111,0.04562588994025063,-0.046943410940738506,0.041570500875285354,0.0,0.0350343429519242,0.05526658458959077,0.0635469717989654,0.0,-0.00021967461583216608,0.03081900681705263,0.029862242515863835,-0.05083984199695529,0.00013012215353086498,0.005869264500825699,-0.00021628938201295744,0.04732717979913087,0.018150753245315898,0.04517923844412358,0.028387361012804646,-0.02067032057536483,0.05278631440403636,0.001000055735776384,-0.0008666487440135429,0.06501609620022442,0.07662750110534894,0.042022265309789864,0.05968677047393578,0.054929449746948245,0.06529369555300663,0.05506055015989125,0.05689941273914245,-0.008678889216829522,-0.0023582733548482837,0.017260622895317212,0.00012408673991237684,-0.0033665876542168793,0.00078090983130924,0.0001567222115073097,0.0,1.1102230246251565e-16,-0.09966120010419088,5.251839318987095e-08,0.00172035995051939,1.5878051346507327e-05,0.01775461621305008,-0.016009261310306666,-0.03707638944864278,0.0021861886865644498,0.02707443062284376,0.001660576296311167,0.01991915792802401,0.024764583098830728,5.551115123125783e-17,0.0,0.0,0.0,-0.052122144075388344,0.0008204434264106331,0.0,0.0004453177835606059,0.03574262996604477,5.551115123125783e-17,0.0,0.0005956472201792962,-0.0205195008078925,0.02359348754449314,0.00041309828277952265,0.0,0.039330512121376116
0.014002780397008141,0.038418440729351355,0.024971089910044653,0.024024901415520383,0.03913358626016894,0.031708522238727055,-0.005490035987154862,0.028839847043255984,0.03333372733769452,0.006997081461044052,0.0350343429519242,0.0,0.014563929079986715,0.007914078667666635,-0.012422953268395265,-0.012892912932913114,0.0077505870432740265,0.015059929658798932,0.041891019454450895,0.014329770738795489,0.0003442880541777993,-0.0384448000541141,0.028686056920749436,0.0044558826354101355,0.01563155732108923,0.013246535104259938,0.024619385538311056,-0.03934394288188353,0.008940008372401165,-0.0022355122067547195,0.004791133682444104,-0.0018748892440527687,-0.0138278862196769,-0.011858020893269483,-0.00951990414806586,0.024819743286723206,0.0056730414155894415,0.001018273269509512,-0.02902047672852448,-0.044898985872459884,-0.08416809083205246,-0.02438428533082687,-0.023746358947004054,0.05937811722349695,-0.059029043884396504,0.0064468221334901266,0.025390480763701262,2.548482000619412e-05,-0.0008924450458007716,-0.002712530336996921,-0.0001940129789022027,-0.0028974319486775313,-2.7129119996416318e-05,2.145741308484661e-05,-0.0155236770837755,-0.0027222489146176976,0.0013998604157966499,-0.02855241861599056,-9.140608915936266e-06,-1.6095626663159557e-06,0.011001953615892124,-0.0038112161554040846,0.008656326110281998,0.00029563990591935374,-6.691349592063967e-05,-0.0010220222492715036,-3.6685060840979666e-05,0.014519811127585158,-0.03127426677201506,0.010068907047897202,-0.013399021163730984,-0.0017778200653397191,-0.03297490345814136,0.0012832777210157187,0.0,-0.011963779061574531
-0.006184474507553994,0.011348794453540978,0.031286182444225374,0.06135203021942659,0.02554723140575038,0.011256033845370772,0.03343429632259043,0.03043691006018867,0.02261794961467556,0.021310701425917233,0.05526658458959077,0.014563929079986715,0.0,0.05236351258405264,0.008174733167018333,0.025443031254650694,0.025096733604594856,0.029459436091284763,0.04977698561736388,0.02792072772015869,0.05687529788065521,0.032999132033356526,0.02578787883718242,0.02260233490559188,0.005145785950591009,0.004095804739684961,0.022742063822673797,0.016720832762923687,0.02352805683515652,0.011894207587940686,0.029723365725852657,0.037048181794440194,0.024964292584762737,0.03166647895178348,0.05505043839283991,0.04580298436675312,0.0671018975834004,0.021633469579535103,0.0012916885325139904,-0.05125351006440271,-0.01227580698658226,0.09866161794639494,-0.03901049233217657,-0.0062307773166518365,-0.02245574382037485,0.0009468002049183855,0.01485326807594961,-0.008646516042433716,0.0,-0.027475386355822584,0.013879810812448656,0.007934341367826447,0.016165654862635936,0.015200403177191957,-0.002874797198309076,-0.010114126906330567,0.022158668150259853,0.010092865876621893,-0.03541899436265933,0.011519309343600403,0.01950063007954589,6.213307450764205e-06,0.016393147554301712,-0.023582634324684437,0.00753835147348475,0.0017034282622400698,0.011166200217084365,0.021274430284466017,0.00024937213575282335,0.017089240722277854,0.01664032330513371,0.01654181110521724,0.022680141810889787,0.019060592876847138,0.0076400154614509885,0.02452259165395615
0.03157722509392402,0.0009795421140605942,0.03464877878614819,0.05122384282787129,0.0720834486223576,0.026318679306552184,0.019658049595882188,0.03741114546808627,0.04302268003034748,0.029173103254091393,0.0635469717989654,0.007914078667666635,0.05236351258405264,0.0,0.00570198659680049,0.0016386019583597977,-7.0569472481740725e-06,-0.00024696421714603956,0.044180623822838605,0.02740148077119703,0.048071371646661976,-0.023176936913295365,0.04973503827578124,0.03999769133396669,0.0008433856737926071,0.031491916668906994,0.06258634673785896,0.040731292175155476,0.023474282195326823,0.0016968182604976123,0.014247147266076288,-0.009916079983086551,-0.009396626553129728,0.011031291323630177,0.02521039874469011,0.05491152334752242,0.022993036143628742,0.045756791784744844,0.010125206052295999,0.0,-9.675193200053833e-06,-0.0003754785594465293,-0.013838501446311158,-1.511741297699487e-07,0.0,0.0,0.0,-0.023779648591385427,0.0,-0.005391331278505607,0.0021673868116308115,0.004081500065919008,-0.010092715931042329,0.015566396576287556,0.0,0.030307222956052704,-0.00037722811582147076,0.004173009875286682,0.004864327006671554,1.1102230246251565e-16,0.0,0.0,0.0,-0.017030034421344986,0.0,-1.1102230246251565e-16,0.0,0.015812439589040717,0.0,0.0,5.551115123125783e-17,0.002563715878042827,0.0018673256806089333,1.1102230246251565e-16,0.0,5.551115123125783e-17
-0.027322674230381205,0.00980960316728402,0.0014685883404046973,0.0012521962332288084,0.0011977896770790086,0.02837762354774187,0.0017043695281353521,-1.910911878744148e-05,0.003781706346981051,-0.01746194573739479,0.0,-0.012422953268395265,0.008174733167018333,0.00570198659680049,0.0,0.013398627893770776,0.003842118678395068,0.013153037304883375,-1.1102230246251565e-16,-0.04843029660740339,-0.008793023640823738,-0.02331148355283935,0.0321783753220366,-0.020466008161635574,0.021385773512500206,-0.022199744234739527,0.019014805050258876,0.029051498518820273,0.03640555821475999,0.004401144773574894,-0.004222799240763853,-0.0005193598467247429,0.010884255834492929,0.011323060811680163,0.012376451722271198,0.029293775310119452,7.080624266897484e-05,-0.00034348191737260114,0.004762625288061928,0.007720610502663483,0.015066465678216734,0.0028706859761544745,0.0019267385494117217,0.0005417223996893594,0.0,0.0038712814231145476,0.010321833749557752,-0.0014401351279838548,0.0,0.0,0.007487271673005225,-0.000506899207864564,0.0181481964267608,-0.0007488047417205657,-5.551115123125783e-17,0.0,3.885195417574483e-05,0.007142883299723901,-8.609107816637263e-07,0.045450798388634694,0.014973367574866336,2.405501930652365e-05,0.028722800608653176,0.0,0.02704043520596655,0.01126728424055129,0.01150882852937729,0.055230371353143626,-6.374720877555529e-06,0.014737233767419922,0.015974777742081225,0.03900762329578733,0.025946334398749327,0.032951824142519626,0.005563325008818731,0.017970116191659502
0.0187441379739694,-0.002621871166417322,-0.0034563592628786277,-0.0015119337593226811,0.005346442548995245,0.02245484323571445,0.01976100649429069,0.048260521254749,0.02496524947700174,-0.0008778722432703501,-0.00021967461583216608,-0.012892912932913114,0.025443031254650694,0.0016386019583597977,0.013398627893770776,0.0,0.021516402547945512,0.011258712856681619,0.00040167898428900006,0.021966440584109903,0.011839423574202923,0.0035285389453639238,0.04452139025096741,-0.014347673604309774,0.0055290378343429425,0.005381235847464361,0.03622442207416737,0.033889038409242234,0.03406922775557192,0.03389064329820746,0.010249924198904692,0.030001794992725705,0.03949028913424396,0.03527955794023674,0.03326092678600373,0.001178201032790649,0.0007401675741238178,1.6897874204169216e-05,0.02342627442853018,0.0332821210210158,0.032707588675485455,0.036368418908526434,1.1225619732102565e-06,0.0,0.0,-0.010241953239878088,0.026869626719767836,0.0,0.0,0.0,0.012391943028368824,0.0004018914383916994,0.002370405438721468,0.0,0.03348485570345355,0.0,0.0017822625660279812,0.01730651225367197,0.0,0.016873320942367764,0.04026986691393003,-0.022974719398639376,0.026021023670922183,0.0,0.021764431198988965,0.010395780736406013,0.01980686996306047,0.04062947348728008,0.0021444421058482988,0.039422037426068535,0.023777361151072873,0.01837410433906006,0.002119814544169485,0.02133526930880092,-1.1102230246251565e-16,0.02709871240239814
-0.01314974718669859,0.003937158747352121,0.001947047793713852,0.0008978081174183528,0.0010115396380036001,0.03370612095610587,0.0236038818105872,0.0002212586006790085,0.02792012419931339,0.021161140976406867,0.03081900681705263,0.0077505870432740265,0.025096733604594856,-7.0569472481740725e-06,0.003842118678395068,0.021516402547945512,0.0,0.030584042611637385,0.0011611338639255786,0.020904051274568014,0.0021937317664234013,0.017466241684413575,-0.000920657748166076,0.012082346866438387,0.01990107357467169,0.011727991656164172,0.009407317503686285,0.019484370043170107,0.041686513009476456,0.0013307771588510486,-0.0021888251468277775,0.01721862783600353,0.014253598506846266,0.007742593835733447,0.014118812616953635,0.0021702227129479223,-2.533085002975888e-06,-0.015931809398839092,0.0005077095591798919,0.02456886910688738,0.002235555575412995,-1.1050620132568856e-05,-5.551115123125783e-17,0.0,0.042712388576293,0.016769339715026976,0.02990393426129978,0.0,0.0,0.0,0.0,0.0,0.0,0.0,0.012331002935720814,0.0,0.012736312787093196,0.01102953293966874,0.0,-1.749969033348897e-05,0.004159134926996877,0.013883406860265346,0.027361675337440272,0.0,1.1102230246251565e-16,0.0,0.00041949936099616725,0.0,0.007794184352500122,0.027693620341059322,0.01013050761817974,0.0,0.00012506220125191314,6.765196534586071e-06,0.0,0.0009935251262073175
-0.006728172893354867,-0.0022508951962302293,0.0015684145473658928,-2.5708540392632706e-06,0.011130444035047982,0.03832796565436619,0.02163087898327576,0.04144328841184852,0.03682520351011903,0.02075294240721881,0.029862242515863835,0.015059929658798932,0.029459436091284763,-0.00024696421714603956,0.013153037304883375,0.011258712856681619,0.030584042611637385,0.0,0.0009039083729056041,0.017005299924662542,0.005157261472472752,0.016862858275262405,0.027726413050298437,0.0018892219893535955,0.0034227810750672716,-0.006383671180175132,0.03397036090642597,0.03401037125048256,0.047064640000182845,0.020166986381691454,0.012090664910600901,0.03560583721685845,0.03230310542021675,0.019793103969197423,0.03686521476618049,0.0069909005544597225,1.3478470422656486e-05,-0.02511062276052145,0.022109384061128834,0.024382924158719177,0.0158593870744434,0.020691353396082746,0.0,0.0,-0.0027500483559166344,-0.02970908696603075,0.036644806399738494,0.0,0.0,0.0,0.0018532456960081434,1.893719320505971e-05,0.002485790971520796,0.0,0.007864490575877348,0.0,0.004040064725406134,-4.071754215267953e-05,0.0,0.016396905910616544,0.04248850833609463,0.0028306056826680748,0.0060402792912575,0.0,0.0007072432053628064,-0.020590231827335492,0.04249516739166043,-0.002235379420846506,-0.0004501485634832991,0.011107591396363747,-0.0017537716472247888,0.0012045564941811637,0.00043643399281223516,0.003994582621532516,0.0,0.016986267822402534
0.0,-0.0019981314690912244,-0.0503701976617118,0.042401347430741254,-0.024979313028635597,-0.050011349552125606,0.046922329913298644,0.014323449880672356,-0.05994238146771755,0.03455036823628238,-0.05083984199695529,0.041891019454450895,0.04977698561736388,0.044180623822838605,-1.1102230246251565e-16,0.00040167898428900006,0.0011611338639255786,0.0009039083729056041,0.0,-0.000862198522816493,-0.001016496101395592,-0.0018112635907487906,-0.020486651293899094,0.032891663946318817,0.0005468669557613381,0.001602540240052741,-0.015622875332638453,0.04844952553043297,0.002758699607830928,0.0011269671535427128,0.049035201810900486,0.06662324557137167,0.0040115810231784454,0.0481887396012014,0.06826971383716135,0.05827565665205775,0.05372383003947084,0.06690457095621849,-0.026421121156637806,-4.730942658626169e-06,-0.010037105584908335,0.000492956498662378,-0.02705295400143659,-0.0022948414240462345,-1.335195858320759e-07,0.0,0.0,-0.09414517789970162,-5.551115123125783e-17,-0.010801992956937567,0.0018462456052664722,0.006867833479270002,-0.022649028808618854,0.025249329201643134,0.0003959200174402655,0.05881097786775413,5.440813155160873e-05,-0.00015107822537763216,-0.006230484614245635,2.220446049250313e-16,0.0,0.0,0.0,-0.10201316093005369,5.823523416326193e-06,0.0,-0.00026509436158311805,0.02073691443064385,0.0,0.0,-5.551115123125783e-17,0.03107702191813555,0.022137138177830695,0.0015262710874620056,2.007693622962936e-05,9.590494231903612e-05
-0.020903057904866962,0.0089518783215769,-0.001286146528492571,0.0056596319842246445,-0.005018036643548052,0.02640912595567846,0.020076807038811206,0.0035293209350220067,0.015297122284309073,-9.25171344403064e-05,0.00013012215353086498,0.014329770738795489,0.02792072772015869,0.02740148077119703,-0.04843029660740339,0.021966440584109903,0.020904051274568014,0.017005299924662542,-0.000862198522816493,0.0,0.02551912433946879,-0.01956649507697983,-0.05560639311180432,0.002497346260500244,0.011668303459305751,-0.009896430139673451,0.029916146006931432,0.023415508960180298,0.014710371970197367,-0.08800364528537483,0.022011337748073623,-0.0031703369194778785,0.006649183491073574,0.03081499034040841,0.02735739544237825,0.03293428966938261,0.0028335231917936965,0.0002295151102241766,0.014251086070348806,0.004401882689582137,0.015994046317922228,0.016020125909444738,0.0013226946391496908,-0.0038094241969749976,0.00013121349761752166,0.0009826982536273454,0.008929191350952104,-0.0010095165287568597,0.0,0.0,0.0215659352413467,-0.0019850256233156505,0.009166143674339655,0.0015983449375363001,9.435330873386327e-06,1.1102230246251565e-16,0.0008663148661665065,0.0023026827864923716,-1.1102230246251565e-16,0.014144998527215236,0.022507249047888034,-1.7857538300858344e-06,0.027135115266259946,0.0,0.007882182386154568,0.013230106612862225,-0.0010723151927687358,0.028818263182968817,0.0,0.02704385658782804,0.007944297140259737,0.02199417011754029,0.009964567389904477,0.01903221032697866,0.03377255242027294,0.004292465831282066
-0.03815680198620419,0.01301871754158307,0.10227863072048249,-0.0011081220052381324,0.0010473150019787436,0.04340639680890923,9.150176145955591e-05,0.04233233252181001,0.00022646466212872252,-0.06838175595952262,0.005869264500825699,0.0003442880541777993,0.05687529788065521,0.048071371646661976,-0.008793023640823738,0.011839423574202923,0.0021937317664234013,0.005157261472472752,-0.001016496101395592,0.02551912433946879,0.0,-0.0018615438316833544,0.027002922523539086,0.001239363256286874,0.00384118994209659,-0.0002651891547340024,0.028964434459020638,0.027928452941046844,0.04699864502844786,0.0033697604933307646,0.003490873367609837,0.008404145304294841,0.03486800609853202,0.01771418302335992,0.01852136439313884,0.011888351163608313,-0.0006348201240941598,0.002347470776121019,-0.011387447625478997,-0.016002445148418587,-0.0009006416236705395,-0.014107352130711182,0.0017238723389061406,0.0,0.0,-0.0002835767424296254,-0.003473717019230438,-0.00021040312429487784,0.0,0.0,-0.0012638247844845019,0.0011232234138573993,-0.12507220587535167,0.0003227891304323216,0.00041719105656085054,0.0,-3.0766670799875495e-05,0.003954817098328067,5.551115123125783e-17,0.02112113769153151,0.008445425356743974,0.0,-0.0005931726076413568,0.0,-0.006972002158854684,0.03721620410349352,-0.008053153746144792,0.015167199467640557,0.002452760626440509,0.022243123907323803,0.010710853403621545,0.015671331146072554,-0.005293665370770473,-0.0019550971465712164,0.0035653371313680293,-0.03503021577967813
0.010570188388856316,0.00995209091378002,-0.0007462574787072129,0.0017582153157298386,0.02267635709984811,0.015514683396301021,0.035195049196973305,0.060172056862590084,0.02093678383724451,-0.015415893675985282,-0.00021628938201295744,-0.0384448000541141,0.032999132033356526,-0.023176936913295365,-0.02331148355283935,0.0035285389453639238,0.017466241684413575,0.016862858275262405,-0.0018112635907487906,-0.01956649507697983,-0.0018615438316833544,0.0,0.02389082479333149,-0.007862601988955942,0.014878984077908053,-0.005837345308844388,0.00606912697685863,0.05040666326308951,0.04222378720012815,-0.00333450669798685,0.008910015756778689,-0.010240035170883288,-4.7431372072526123e-05,0.01647050010551293,0.007695625175474452,0.01862686139431824,-0.18982984849751972,-0.00044724646386229416,0.001130056811023683,0.013244355365654381,0.014467362115481608,0.015696957648844823,0.00188919405563992,-0.0004619102498070182,-9.625946022495668e-07,0.00044332134982066895,0.00641925448381131,0.0255286250922232,4.734042838849817e-07,5.907983648412163e-07,0.0028928446448541756,-0.01697124654790605,0.0045201999272656,-0.0009332398244440432,0.0011132538453345608,0.0,-0.0009586119426359119,-0.0006355193869725384,0.0,0.018320973287704878,0.02197263096343477,-8.809114751073821e-05,0.02456467990167388,0.0,0.0019742183965288373,0.027915953492326784,0.0033808255005369214,0.042932028331166994,3.5833377963034874e-05,0.03111956289453577,0.013835775416978835,0.023728646425391853,0.0051366631574935595,0.02316318808568285,0.0009554262872258912,0.0071654540694833235
0.0072619174792540875,0.03119544159800941,-0.029864725479933074,0.00763774653702165,0.016454643702828453,0.004548713190137332,0.023255225516274902,0.04224702369118155,0.0016784960095621582,0.020461417163858686,0.04732717979913087,0.028686056920749436,0.02578787883718242,0.04973503827578124,0.0321783753220366,0.04452139025096741,-0.000920657748166076,0.027726413050298437,-0.020486651293899094,-0.05560639311180432,0.027002922523539086,0.02389082479333149,0.0,0.02306792428872928,0.03053706782617277,0.010235572067509802,-0.00801026855294662,0.024715820519787712,0.04032293972719153,0.028237944842956664,0.03940346051615984,0.02957063920615227,0.0420399408696725,0.04439274117554104,0.05760095910862234,0.04861259718460953,0.028480351948451943,0.03361260359974855,0.026203406250954298,0.02648794529735221,0.03140818530732031,0.04175119982894526,0.03852176209874025,0.00048480030051856193,0.0006433200695345476,0.002523617784820631,0.014685172809731917,0.07306093807371222,-0.0002986690620567223,0.017240052858745192,0.021413904470424017,0.023237457879088486,0.01564061276394918,0.03786873700040727,-0.0010677374521183558,0.06234914554783233,0.0017956317108153708,0.022048137276315494,0.023064204212916273,0.036361845333403475,0.031168586943907117,4.344043684600951e-06,0.03081698739586669,0.09481403419977197,0.026394901452756525,0.03698148333753376,0.019777280127771413,0.026508180484420607,2.835913249271682e-05,0.032694148407689805,0.006475478894963638,0.018480271221410827,0.02323373816718932,0.03243473495525678,0.011536586473953114,0.021900937005765564
-0.0027493885567257403,-0.002464996558407484,0.017461588356723456,-0.003007327208367716,0.05005453191099296,0.019000442081237412,-0.010460883201837523,0.03750753906149218,0.030681246669300943,0.00960104521428573,0.018150753245315898,0.0044558826354101355,0.02260233490559188,0.03999769133396669,-0.020466008161635574,-0.014347673604309774,0.012082346866438387,0.0018892219893535955,0.032891663946318817,0.002497346260500244,0.001239363256286874,-0.007862601988955942,0.02306792428872928,0.0,-0.009249165839380569,-0.01820589355829849,0.023021511304479936,-0.03832119889660557,0.06948594907986361,0.00017597171278033175,0.011412387811680913,0.003814316938474449,0.039662243054607804,0.009289065308198563,0.02859611011329205,0.10454105362770233,0.022796475348553225,0.025535228771678714,-0.0738684701268093,0.03213264513238889,-0.03451652519925946,0.012937273931590554,-0.0003760463569725814,0.00034170843012726326,-0.014528365063113613,-0.03677178882583765,0.010399634219834142,0.0,-5.551115123125783e-17,-1.7158176715659224e-05,-2.251593938751295e-05,-1.7103474704349697e-05,-1.6653345369377348e-16,2.918298215609516e-05,0.00014271199139476165,2.2796730686058808e-05,0.006066794894280858,-0.0008574503606101902,0.0,-0.00039604967626577503,0.025350566978293687,0.013810511767963274,0.0147380982363427,2.0909396991064533e-06,-0.0005384791725899785,-0.0013003307530249364,-0.0004344009354827483,0.00042534229933099965,-0.04120438056236708,0.006195269362041345,-0.010749512486375179,-0.0005851295395499778,0.008138944386536784,0.0022468254191991277,0.0,-0.003176168987702399
-0.0003266430273480836,0.008643226942688764,0.0834174863186472,9.008065019355804e-06,0.0006004410647966196,-0.0031664508882172093,-0.006116155745083285,0.040479528997413194,-0.010636779410680974,0.00143196454883876,0.04517923844412358,0.01563155732108923,0.005145785950591009,0.0008433856737926071,0.021385773512500206,0.0055290378343429425,0.01990107357467169,0.0034227810750672716,0.0005468669557613381,0.011668303459305751,0.00384118994209659,0.014878984077908053,0.03053706782617277,-0.009249165839380569,0.0,-0.005827703291376052,0.03148744830533173,0.023965208269490668,0.023921006272647982,-0.005320717079139559,0.008631204158572936,0.02010248383316071,0.009978692522554788,0.014403507432908025,0.03996562435687545,0.0074763079541144695,-0.0006080631857862118,-0.020299282852856204,0.02994911660939631,0.025813714437385615,0.025188681889718567,0.032632058973662836,-6.553679562926185e-07,-5.551115123125783e-17,0.04751585582940715,-0.01936879784032336,0.04490499831304123,5.551115123125783e-17,0.0,2.220446049250313e-16,0.033890118183976525,0.0016518736749278062,0.008520876339067396,-0.0011583620253842741,0.007976808808565994,0.0005089442252862453,0.005858280161655238,0.016580419252518408,0.0,0.018382736701480162,0.0420325869659538,0.012970067779972838,0.012231351823755954,0.0,0.02198925789868683,0.00482587661361189,0.0427560567879427,0.023021755294975244,-0.0018458052333025776,0.017782285661736785,0.004002424535869853,0.04248315512157114,0.004576286246125605,0.029827052993054604,0.0,0.022048867013600315
-0.02705302260221437,0.01652355852443399,0.051615221154566016,-0.0008411493788022528,-0.007398258912617306,0.010922445916858259,-0.010798172142033102,0.03444048742482636,-0.008090454122808621,0.0001407002521227052,0.028387361012804646,0.013246535104259938,0.004095804739684961,0.031491916668906994,-0.022199744234739527,0.005381235847464361,0.011727991656164172,-0.006383671180175132,0.001602540240052741,-0.009896430139673451,-0.0002651891547340024,-0.005837345308844388,0.010235572067509802,-0.01820589355829849,-0.005827703291376052,0.0,-0.00619455471020347,0.01343479201803821,0.01622237771659879,0.02635777166104042,0.000391034821418057,0.005328668302432671,0.005322393573038542,0.008124483517693903,0.013447638393507266,0.037561295811266826,-0.042541926635245864,-0.0054848648734524,0.005784166863800899,0.015916102454258507,0.0221646670562321,0.013610463438964271,0.0009004036887054756,-3.6925215454175486e-06,-0.014857610014889888,-0.019883329755751578,0.02489073171211037,-0.0010072670577570553,0.0,-3.4028736134450455e-07,0.011515472025936835,0.015538700059436972,0.0034592832165860066,2.7456393918989797e-06,0.0006965765348223019,0.0,-0.005860634926713959,0.01044919808156769,0.0,0.02614776677189512,0.03771828405814304,0.013948543923350043,0.0105388671175638,0.0,0.008771154263947645,0.01704630932957424,0.010809529780280103,0.03390152574560579,-0.01304627619356058,0.015856829023082164,0.009416028922865138,0.025522258875177395,-0.0038442438293477266,0.03925919479947393,0.000788606466620656,0.010967923445618866
