0.0,0.019123103922132623,0.01363009541832566,0.0,0.00040042953485630584,0.02560959134204749,-0.0005661644032854407,0.018397408682275018,-0.00034493335828639227,0.02522986393790444,-0.000762282491518329,0.013191407339774197,0.014674220561812612,-0.003251824398437131,-0.018390652475187397,0.011445019025403347,0.004052539434163838,0.0197652567257548,0.0,0.0007450074716301436,-0.0011217467725762598,0.010062877478818899,-0.0005984458941992177,-0.010456481512287896,0.0038360725693127873,-0.0052823122500724184,-0.003905660048415749,0.009939934820303864,-0.004018070280421504,0.00026741630115961756,-0.004082450831367046,-0.0008784712549824714,0.03507533983819644,-0.007562221636751076,-0.007417122205252702,0.03390909159712796,0.0005366620362557417,0.00908867808297359,-0.026600150269180223,-0.020424758604738247,-0.008268960375544754,-0.059098367805848484,1.526560684206313e-05,0.0,0.0001879053794232033,-0.050279113230523365,0.00155642196978939,0.0,0.0,0.0,0.0047173219989457005,1.1102230246251565e-16,-0.00026892669960715265,0.0,0.0017938811991137782,0.0,0.0014512316006810022,0.000485798452494135,0.0,0.049200374975088834,-0.002543281347160087,-0.0011130552290297135,-0.002389782393639406,0.0,-0.0012706055048268827,0.012768449738119081,-0.000109738725284525,0.0025929427959351936,-0.09019459592719609,0.003715748242676342,0.008020727080596979,0.0004353076218792107,-0.00028275497130392235,0.001215917819651191,0.0,-0.016938842334899562
0.019123103922132623,0.0,0.0021582111768829737,-0.00017634479512407264,0.01673035380256893,0.004612614504250712,0.014951704674147526,-0.0005738046468821145,0.010236218967119182,-0.00877574028810596,-0.00013877282909474653,-0.005497416729247417,0.01120373813723008,-0.0006385989281230686,0.0032346475256268548,-0.0005372963178844059,0.034725838668705655,0.004591544006649073,0.0013169383499802567,-0.0020916250141942427,0.01765225937666498,0.003880243753480339,-0.017772661964816583,0.0017546169237313558,-0.0032796557987388453,-0.010135052373002384,-0.0006595037515234603,0.02183754018624895,0.005791562294923225,-0.0009442712312822676,0.0009153340057531101,0.005669883002498433,0.015597395416111992,0.005783691724514761,-0.006304365716650884,-0.0021485996010518482,-0.000272563748377197,0.0,0.0002711166521203179,0.009093313406928816,0.015055590009990849,0.0006987620942758843,0.0003535624066274279,0.0,2.220446049250313e-16,0.006374813138292856,0.0065600581891267495,2.7274030218238376e-05,0.0,0.0,0.0007511283613220732,0.0012917817903186912,0.000256066921534126,0.00040306597836842206,0.0015023292934937538,0.0,-4.073697650652797e-06,0.011458422239758015,0.0,0.020056058873285654,0.010409403703710796,0.003150648747144047,0.01293932753332,0.0,0.007303827349516512,0.012239094083764224,0.003618219170407,0.0035234482036426984,-0.0011101709516995184,0.015337433042480364,0.014573339475949576,-0.0038574787738535066,0.020211708928767835,-0.00523096794167166,-1.1102230246251565e-16,0.003254658937023036
0.01363009541832566,0.0021582111768829737,0.0,0.007586515757456558,0.005128448782476536,0.006730007304260488,0.04002120065355197,-0.02304609560615567,0.022850082412585737,0.022484037636820497,0.05587015346435903,0.03126268720306896,0.045544943515617886,0.006792951613741216,-0.0003409690359017503,-0.0005007944947272858,0.02170471307970634,-0.001200366243247375,-0.0046940407410450136,-0.0007491194005810331,0.01373748321328222,0.0029890099741645137,-0.0034623897356175215,0.038180289253805844,0.08432852768206966,0.037057406763706835,0.024058551665507466,0.029095356162960828,0.021054408605206465,0.0603346972632145,0.027398964118796387,0.0037998994633168803,0.04212557123137545,0.02680291288713843,0.019955008254638917,0.02196269681411339,0.012050744803050406,0.0334631372785999,0.001311404142852024,-3.126462847502509e-07,-0.05797856670765966,0.03495758262752802,-0.01930505452440129,0.0028249729869095908,0.0,0.0,-0.0003048587632172306,0.09299551096622505,3.4286961009266648e-06,0.0025743645178581964,0.015839531448519018,0.024824322589381054,-0.003822069334125877,0.03637322554922329,0.00017813431223939746,0.05448537519045421,-0.00129290456650899,0.033655874349119874,0.028638966932903465,-0.0003644256603770324,0.0,0.0,0.0,0.0008207126877550208,-0.00030814020127284403,-0.0007727039620231135,-0.0005183373448047757,0.005297186353254935,0.0,0.00012971641665066036,-0.0010477783718226275,0.01566176740790981,0.02276143112856488,0.0013628302156456495,0.0053264444187981486,0.00650268571140733
0.0,-0.00017634479512407264,0.007586515757456558,0.0,-0.005287311909882353,0.021854640517317336,0.00435053629685167,0.051520634516456276,0.016917020884717304,-0.06231870031904199,0.009374128934522608,0.1283496780629539,0.03494095682863391,0.009460289650434328,0.0004844099565752269,0.00019274675535130292,-0.00024375647866803352,1.5613215789911372e-05,-0.0025585953143382745,0.0028884959222585938,0.0005846013455204635,0.006385043751089892,0.03206382633023125,-0.0025361813689166457,0.0005148534952847394,0.0021897387980652216,0.01951862366599616,-0.0285617133015397,0.018611794944746685,-0.0006559854005058208,-0.003160835246743543,0.014478074129932184,-0.016405544852517107,-0.022213317107135255,0.035337437547253936,-0.00015530866745674943,-0.013905949220919978,-0.0070285022873963765,0.012897048538863198,-0.0006388396693585152,0.0855983083494965,-0.0019624210781063467,-0.0027667597638301733,-0.0014275296804133197,0.0,0.0,0.0,0.04371183600858852,0.0,0.0,0.00048207361767010903,2.220446049250313e-16,0.04568687087452644,-0.000210647453596724,5.551115123125783e-17,-0.0010445057602022079,-0.0011125604265330713,-0.0003670624726698768,0.0,0.0,0.0,0.0,0.0,0.0,0.0,0.0,-3.1505691152733384e-05,0.02689019542202642,0.0,0.0,0.0,0.0008034323917839314,0.001752764832733733,-0.00014225988837279768,0.0,0.0
0.00040042953485630584,0.01673035380256893,0.005128448782476536,-0.005287311909882353,0.0,-0.007386653564713519,-0.010264548852562005,0.02671355888895166,-0.012568429732533748,0.0039021467200551774,-0.0026579142771396835,0.05990106231741277,0.020395242135680003,0.007622029974978017,-0.0005706260093010784,0.0221671990748466,0.00012232965639319415,-0.002617035992782568,-0.028715265062897066,-0.0024774034182944438,-0.002436244586329128,0.04244885917200497,0.012847209109539015,0.0003927334950169503,-0.0053549508024631765,-0.004545943712454925,-0.0009296333004595314,0.011277062513912861,0.008391711309579497,0.0008077129941230776,0.011040393627291922,0.027165724906158983,0.0157968978552695,0.031073509845217562,0.03819098056320169,0.013076341833080651,-0.0220644686025874,0.026125493964149038,0.023016653948577104,0.0007795965439642005,-0.046289732872366374,0.00025241689259491995,-0.01663222721448898,0.002386320297316946,-0.0005253868602483891,1.1102230246251565e-16,-0.00022384572598299624,0.024203121856556042,0.0,0.0018866018391555106,0.01571437060450609,0.03097937300190101,0.029995199616226764,0.025758782326878116,5.551115123125783e-17,-0.013457683844366408,-0.0007404176421870745,0.039721662620512965,-0.0009553782468058047,-0.0002669591210012756,-2.356512010104339e-05,0.0,-5.551115123125783e-17,0.04433286597149855,-0.00036731730854283606,0.00018094058144357827,-2.9470904868600378e-05,0.015778772876144043,0.0,-1.0023817371584975e-05,0.0005807066091772506,0.02274163079064273,0.023386857332334865,-0.0025764236761550707,1.1102230246251565e-16,-0.0017394060220987662
0.02560959134204749,0.004612614504250712,0.006730007304260488,0.021854640517317336,-0.007386653564713519,0.0,0.006450806228298911,0.025423442001368146,0.010561686958432293,-0.09596800766964703,0.036953315784250707,-0.07016199527736028,0.005318104960712167,0.02710875180636485,0.031743782247381724,-0.032519341519654965,0.013952298150046283,-0.020296419068749183,0.06353720363628662,0.0041018907837860885,0.04145642025431989,-0.00028261472566176726,0.0001669969791681658,0.009687461479382375,-0.016144363389159533,-0.00798428036902804,-0.002567968931549258,0.009722596834873531,0.01780018480536777,0.007745844933579549,0.0018930542105767834,0.006438609966551212,-0.0005974604114123427,0.0004890017091911947,0.007536954431845544,0.04651253970445546,0.02033439100407103,0.02836347358794139,0.007679289930580535,0.010887066337492812,-0.03658959325956507,-0.010180135287252479,0.034298530776603664,-0.0007020038452353883,-0.0018075027320593184,0.0011544526324118176,-0.008482193325923815,0.02300042485583642,-0.0005284040777969179,0.012451049816236792,0.009071533601883952,0.015281369570870007,0.0077276597111519685,0.0336649065764999,0.0022683046915105143,0.040280599832945185,-0.0012192221533254832,0.018542875989220553,-0.0012345773659280246,0.017660498369793498,0.002109164861877899,0.0,-0.009847925571154659,0.037836358459211406,0.009897101838805378,0.007306844629475062,0.017560271293045826,0.011289618572511761,1.5683380093778343e-05,0.003869490201250936,-0.007739607950507432,0.0188199577967344,0.015216511982018455,0.0021290724453822407,0.007916341580592956,-0.0022418734074587388
-0.0005661644032854407,0.014951704674147526,0.04002120065355197,0.00435053629685167,-0.010264548852562005,0.006450806228298911,0.0,0.029656623243672575,0.021160077465939786,-0.004526250901054074,0.027544937313767948,0.01642864135255706,-0.007749879754120614,-0.024777503243175236,0.00018746644836947768,0.013525764089792336,-0.01548072176653087,0.010548288961141572,0.03721344174619107,0.0051095708227796854,0.01729953432915199,0.024332877766991057,0.023152820669214647,-0.0001735884175153024,-0.0005571091435527808,-0.002021412972158132,0.01097397013103546,0.009580088631130801,0.019195178819839953,-0.0008635838806599905,-0.0035046678217635074,0.013782703641032401,0.008275610621291951,0.0067693833911999235,0.015514194860158537,0.01199613491167928,0.008772219528566105,0.015213277106823297,-0.011800911366161404,-0.0008663808567376252,-0.0677511939122169,-0.0005954885020408862,0.06740944420319123,0.0028402510941858417,-0.0009735636984554152,0.0,0.009212358558842615,0.011615053399612663,0.0,0.018986717516901397,0.004799409386581743,0.01814254031301299,0.005893559884958988,0.03281020365602083,0.00038264197567899894,0.023051691435564736,5.1767615511733034e-05,0.012719783975239873,-0.0015705794020848818,-0.0011715990040601088,0.003074813705266799,0.0,-4.442520999348165e-06,0.02762147960351058,-0.00012585927539365827,0.0001675399668933375,0.019362189728889034,0.009601078365523597,-4.816640755711532e-05,0.0006207738038010446,0.02095594383806193,0.015967328679006854,0.0008247466359349587,0.013777839047635743,0.0013075284925587738,0.008937357646881305
0.018397408682275018,-0.0005738046468821145,-0.02304609560615567,0.051520634516456276,0.02671355888895166,0.025423442001368146,0.029656623243672575,0.0,0.022117522633037234,0.058108560287970346,-0.012344723241711875,0.03005162515045573,0.03491872590852202,0.021486726788707167,0.022744362812642527,0.0033317997211499417,-0.00011791687418655217,0.02316401261359008,-0.032853744587997724,0.004043369304895683,0.01535974480209934,0.010547298999929178,-0.0011230976412345828,0.011487941074630248,0.025163022836462046,0.0107332116904727,0.014204528884230738,0.01517685511047917,0.018690857669288963,0.008931956084262227,0.00038659341694030624,0.037885719937666096,-0.009960581113179767,0.008684814189674483,0.013571329745906358,0.07403038717108451,0.07530679803003715,0.025445103140888103,0.008009557966394965,-0.0012164072486399724,-0.03025574315276519,-0.004077921952319485,-0.023816246842458533,-0.0014955412112152011,0.0,0.00021653364546964093,-0.00037098778837363344,-0.009616468791767141,0.0,-0.04786143623584127,-0.002061798476547916,0.008027960394880185,-0.062433531860605684,0.014917979657694702,0.0005360957767041596,-0.009449759202525276,0.0001735946879853345,0.014981619505985588,-0.016232168780262457,-0.004416875478838844,-1.0209651378767504e-05,0.0,-5.430452896160176e-05,0.009080890117618923,0.02276413144218542,-0.18447597588089376,-0.0020639963819240603,-0.00879096747265462,-5.551115123125783e-17,-0.0003003638847277057,-0.002300154115801034,0.010912616933953734,0.0176494823976458,-0.000349791095383134,0.0001863340049949036,-0.009558268564800076
-0.00034493335828639227,0.010236218967119182,0.022850082412585737,0.016917020884717304,-0.012568429732533748,0.010561686958432293,0.021160077465939786,0.022117522633037234,0.0,0.025609727041819963,-0.01685703851659065,0.0369378281182568,0.052246494779753905,0.022526719540880202,0.06015214250796813,0.0006698694288698182,0.01916804985900078,0.036776458638985876,-0.01172959044505606,-0.0006827856716469238,0.04146207608202479,0.03707189871447791,0.011345378693219443,0.01370825040518625,0.05493843782952862,0.02466235941918521,0.008015441906254639,0.03672009442202495,0.03533373041533122,0.023822570681738764,0.03685560488258771,0.02256555806970162,0.021311169480364045,0.032786132600184925,0.03520221056723016,0.033751698785701056,0.040120753929543895,0.03810047964801461,0.014011214289945229,0.0004964468811216594,-0.031659440952780005,0.02903247982977014,0.004328003343344322,0.1299276102111252,0.032382824867271176,-5.551115123125783e-17,0.0009709882604245212,0.03255128033459864,-1.64716168365997e-06,0.01589249347820898,0.0346206890828854,0.03417496172346424,0.024765834878544113,0.03505094315930379,-0.0019820101005956214,0.02905749265964852,0.029255641451936376,0.041050291018206564,0.007709065535139725,0.00032707014047239635,0.0006945180442168297,0.0,0.0,0.041551992560784234,0.0005222188847441855,0.0007128198798269092,0.0006851823286488368,0.024426637430371434,-9.819380147491064e-05,0.00012768941876889484,-0.0008410352007349187,0.0329515269117876,0.045770730014499716,0.019277068729378344,-6.130347126942493e-05,0.030929889001866995
0.02522986393790444,-0.00877574028810596,0.022484037636820497,-0.06231870031904199,0.0039021467200551774,-0.09596800766964703,-0.004526250901054074,0.058108560287970346,0.025609727041819963,0.0,0.01752060615766482,-0.008458946102040232,0.00430888267747892,0.00528844491274838,-0.0007759717495960383,-0.012411364543348291,0.00825042368434814,0.02716974757891416,0.02496652820984918,-0.016203595826314032,0.030394171456641916,-0.005284262317062305,0.04904663042300711,-0.017287925677049176,-0.014641401122096387,-0.019650813108627097,-0.017202786655070468,-0.011788813158340017,-0.037277573113634666,-0.03421312559171541,-0.013554950880861172,-0.044118418876056165,0.01989882677318605,0.009105984995406768,0.012964633191012431,-0.04891574953965311,0.009713881435042093,0.0002450786553794826,-0.037228172241156376,0.05272010226220092,-0.03484563737699664,-0.03249042004483882,-0.022158069107441114,-0.0018719870201406308,0.022460793240813737,0.008720773985923191,0.0004104433333200208,-0.0007795873885010352,-9.352812223195617e-06,0.00040031421017250324,0.0021839310973468806,-0.08633301589784731,0.01586644043174068,-0.012781138703713502,0.0403384506208227,-0.03086466926576631,0.023595624492883382,-0.02657588038860148,0.0,0.0007834480319902637,0.01846106315081042,0.053840265811271326,0.05541125076203374,3.074318389195696e-06,-4.9949905237378633e-05,-0.003980198148390457,-0.0014641640490851149,-0.007349210699023334,-0.00894081389197926,0.04882773158885706,0.02611967446860919,2.9704390839935257e-05,-0.04683538476773225,-0.0009262685343592869,-5.551115123125783e-17,0.03434842400111204
-0.000762282491518329,-0.00013877282909474653,0.05587015346435903,0.009374128934522608,-0.0026579142771396835,0.036953315784250707,0.027544937313767948,-0.012344723241711875,-0.01685703851659065,0.01752060615766482,0.0,0.028651628131722284,0.03555574011124596,0.009926236979878378,0.0,9.931910051969028e-05,0.018581366241698982,0.01898384928221486,0.0007760991830763064,-4.872875425981915e-05,-0.0001701016335657335,-1.1785578905854077e-05,0.05826411743808524,-0.0009743093454967489,0.010200632451898284,0.0004345198266472172,0.020644954288561,0.02281793755515288,-0.0003042557101137211,0.0003717282975212455,0.03215875308152777,0.027983797679627553,0.018473092616866638,0.030478993014144085,0.03386217578316236,0.03610151165441955,0.03151589377076197,0.022665427069278654,5.900963275129456e-06,0.0009580233958270123,-0.01125735781523457,0.0198051735182454,-0.0022600407441542014,6.0952546880432834e-05,0.01735709044370337,0.0,1.1102230246251565e-16,-0.03530491534052055,-3.189527663094438e-07,-0.01993919511698422,0.021332874592039197,-0.01734459098886576,-0.03041541190128516,0.03953424102293773,0.0036564674301801103,-0.06615914092571326,0.05668683016459358,0.007033810139074892,-0.017333354098048204,5.551115123125783e-17,0.0,0.0,0.0,-0.09345160928131094,-0.0005677071664849653,0.0,-6.745945596625669e-05,-0.00033832575342296334,5.551115123125783e-17,0.0,-4.65840253637273e-05,0.0067647032135248475,0.0012806155868636537,-0.0014071892798227514,0.0,0.00042040433344570083
0.013191407339774197,-0.005497416729247417,0.03126268720306896,0.1283496780629539,0.05990106231741277,-0.07016199527736028,0.01642864135255706,0.03005162515045573,0.0369378281182568,-0.008458946102040232,0.028651628131722284,0.0,0.02628286990799128,0.0022906699010713516,-0.012123704679126712,0.0011946555161190253,0.0008545052155919941,0.028239069909114456,0.03837076121588806,-0.00834048208450261,0.0023810468397260642,-0.04189901994718914,0.02861134137490623,-0.014167497670126095,-0.006743132269784513,9.24534380543629e-05,0.005193589714609703,0.028651092827864044,-0.06671407318558203,-0.001406134361535305,0.0021163128347387317,-0.005695540423291345,0.07245237698776685,0.043159309961107784,0.0008713227562134329,-0.023794358285486816,-0.007458769523053965,-0.005438217125935896,-0.01512611924076912,0.07678035588678284,0.004063469554537125,-0.06638304196560996,-0.00038187117080240585,0.0008209782731526949,0.05991247757235496,0.02430477337097392,0.0013231774540687358,-0.0007166105382057086,-0.0006706665735509709,-1.626377987012928e-05,-8.817019524337555e-05,-7.667005188111142e-05,-0.00016684713882542113,-0.0003051909484945714,0.052439043156209675,-0.001430021632896461,0.048479345484731984,0.047304302113022556,0.00034942312353480887,0.00012161722637688,0.04143470301163149,0.04955990135246474,0.055510068102616106,-0.0002451610330256315,0.0005002817013695093,0.0012498513841907588,-1.1951486217853802e-05,0.0014154396519729384,0.024351085467404,0.045766976665443326,0.02919021881107947,-0.001101395790517934,0.03629224410197973,-0.0008176693548840319,0.0,0.03543273365751548
0.014674220561812612,0.01120373813723008,0.045544943515617886,0.03494095682863391,0.020395242135680003,0.005318104960712167,-0.007749879754120614,0.03491872590852202,0.052246494779753905,0.00430888267747892,0.03555574011124596,0.02628286990799128,0.0,0.04066659426596614,0.019638461301100862,0.011783149580992136,-0.006580267061061962,0.014627087567642694,0.04489516669601701,0.00896776042197861,0.022527422889425996,0.0191611336076557,0.02848715651088385,0.00429974268231903,0.0005039638720057971,-0.0018548524905009356,0.020546667354586323,0.011315401930878544,-0.0014049623457653149,-0.02301634328132285,0.001030078458746031,0.019679769219382803,0.01912347263902453,0.008384860886704648,0.006155082297846726,0.044578238637933365,0.05137232759778021,0.018434409156294462,-0.0342633085792009,-0.009703621689475306,-0.06250806275682702,-0.021758347384361942,-0.0070313094523307695,-0.0052694837995596044,0.005417089990852109,0.0005952679858894361,0.0108387320652506,0.013175180022819366,0.0,-0.00037376247708198473,0.008419870805724261,-0.010337364514283076,0.00981077419296461,0.023486136141304237,-0.043440730465477084,0.008550170249337907,-0.024839148475696182,-0.006440458008525662,-0.0007581780380002123,0.013366065083302625,0.006826852273605799,-0.00033350564219036816,0.001841210944112548,0.02240198015602246,0.006496839985773162,0.0014844612924159173,0.00936338259923647,0.010770158175450129,0.000452512424197804,0.013026950374690538,0.018550404713273294,0.01900101007106625,-0.028042311094355954,0.00875610968293511,0.0010455140152226816,-0.020018288778169524
-0.003251824398437131,-0.0006385989281230686,0.006792951613741216,0.009460289650434328,0.007622029974978017,0.02710875180636485,-0.024777503243175236,0.021486726788707167,0.022526719540880202,0.00528844491274838,0.009926236979878378,0.0022906699010713516,0.04066659426596614,0.0,0.000297613392323981,-0.0005064628732284193,4.285799136100055e-05,8.799670837345008e-05,-0.012862200738066265,-0.0003621006962036821,0.03251838056366363,-0.0005394803798335346,0.032666504672624996,0.015911321198786244,-7.387798349062225e-05,0.017505123383037446,0.025104746866680794,0.0265151117266218,0.0009523713161567748,-0.00035534508741391635,-0.008231150110715957,0.04480142505068524,-0.00156076696997276,-0.001763196030644898,-0.004762504026405545,0.01642253140359068,0.005604958548856037,-0.00046959275016206226,0.006023413690137147,0.0,0.0006898734233293791,0.0008700471898719364,0.02237601029387709,9.181051409679064e-07,0.0,0.0,0.0,0.023292052008808795,0.0,-0.002803109555358785,-0.0010866998415602902,0.04011097932725427,-0.002450636995632416,0.002789255324462836,0.0,0.022962411073437605,-0.0001246084230143718,0.0017439015636461774,-0.027589452712408813,1.1102230246251565e-16,0.0,0.0,0.0,0.024799943998652818,0.0,-1.1102230246251565e-16,0.0,0.019073369816457297,0.0,0.0,5.551115123125783e-17,0.03340665830001632,0.00011492803803953011,1.1102230246251565e-16,0.0,5.551115123125783e-17
-0.018390652475187397,0.0032346475256268548,-0.0003409690359017503,0.0004844099565752269,-0.0005706260093010784,0.031743782247381724,0.00018746644836947768,0.022744362812642527,0.06015214250796813,-0.0007759717495960383,0.0,-0.012123704679126712,0.019638461301100862,0.000297613392323981,0.0,0.0102646962630224,-0.0002295204599724321,0.007555513344144893,-1.1102230246251565e-16,-0.024206980533783284,0.009642142593572989,-0.05100351293529054,-0.0357522170506932,-0.02103504314732585,0.014481719903820023,-0.0044033755606445735,-0.014276466837243429,0.007436993457764662,0.009349165825345618,0.0067945582442592856,-0.008034124748084626,-0.0019814871798010114,0.028812162335097757,-0.009360042124009538,-0.006591606285140161,-0.004875071459360114,-0.0037353740797932966,0.00010964458205731109,0.0013872827755084804,0.016535960762489255,0.01811781451466421,0.014780659978408606,0.035236987373960416,0.0004970345535739162,0.0,0.0026046314903396817,0.0006430323136791261,0.00046030787535855655,0.0,0.0,0.010633249747319717,0.0016444059886714935,0.01842817305046912,0.0004044050596091475,-5.551115123125783e-17,0.0,0.0003623728993589759,0.020713027195572442,5.228451559258218e-06,0.019459088078019438,0.004195094472363603,-0.014321096457158788,0.02071666383178361,0.0,0.00039901110609469326,0.001589385585004377,0.005580976155280193,0.0207625347150866,-1.7268203458375986e-05,0.01354729217500078,0.02066240129979624,0.013692288718612222,0.013616566940209629,0.015166265277926583,0.013517420806091807,0.0036014797304593227
0.011445019025403347,-0.0005372963178844059,-0.0005007944947272858,0.00019274675535130292,0.0221671990748466,-0.032519341519654965,0.013525764089792336,0.0033317997211499417,0.0006698694288698182,-0.012411364543348291,9.931910051969028e-05,0.0011946555161190253,0.011783149580992136,-0.0005064628732284193,0.0102646962630224,0.0,-0.018947927312119806,-0.025435456688646052,-0.00016356817232293652,0.005459672249103098,0.01737181048334291,-0.010095003322877993,-0.005151059823311266,0.005651620082432418,-0.005780952995696642,0.00798016487512293,-0.005185570891682534,0.0028587101897079026,0.002437485689989305,-0.002931800179604316,-0.022670780498748322,-0.006299590497583107,-0.019914530440726608,-0.014066398641620959,-0.0449440534208026,0.00035333931704673027,-0.00048526715555147204,0.001655325963794696,-0.00474999177884361,0.016823867543370785,0.005007146355115899,-0.011512101373789607,-6.817501910616475e-06,0.0,0.0,-0.015049634030494363,0.00043234129941360777,0.0,0.0,0.0,-0.010845895842219733,0.0005819942748463425,0.0007772488456347926,0.0,-0.0022572778284061235,0.0,-0.0025964685451247416,0.0016754794076793145,0.0,0.006410815368865563,0.004806473302164549,0.00018293477513092737,0.014418909939750424,0.0,0.02765149756383556,-0.0041558331303910845,0.0032503793773310252,0.0004497382599693567,-0.0005618683311958694,0.013271047518685297,0.00602312241122116,0.0030216145403158534,0.00395708026016206,0.005809802372842676,-1.1102230246251565e-16,-0.0010753722302598856
0.004052539434163838,0.034725838668705655,0.02170471307970634,-0.00024375647866803352,0.00012232965639319415,0.013952298150046283,-0.01548072176653087,-0.00011791687418655217,0.01916804985900078,0.00825042368434814,0.018581366241698982,0.0008545052155919941,-0.006580267061061962,4.285799136100055e-05,-0.0002295204599724321,-0.018947927312119806,0.0,0.036118213196714766,0.01861409536997305,-0.014504496467820094,-0.0016835134441486876,-0.014564013872151227,-7.781331613271325e-05,0.015890553919654327,0.001987011490664492,0.01411080298109696,-0.01711278397744609,-0.014678439769771678,-0.005203507517538231,-0.023596232724629185,-0.021345762366785814,0.0036913772119229193,0.02407696858612879,-0.010762969529483524,0.0009543932561059676,2.2894055848765582e-05,-0.0003272809937089338,0.0023795261270009305,0.0025566966899633337,0.03600872092298252,0.032172343866148034,0.0008644958198918418,-5.551115123125783e-17,0.0,0.016632098437823817,0.03257776400818185,0.0005364187120936448,0.0,0.0,0.0,0.0,0.0,0.0,0.0,0.026417488410432288,0.0,0.019933495551647584,-0.0007047258560390346,0.0,0.0003118175139354973,0.032941510544016506,0.04925301867960491,0.050996017903765734,0.0,1.1102230246251565e-16,0.0,-1.5694080410633138e-05,0.0,0.03724279404161329,0.049704072071658056,0.03036820767677534,0.0,-0.0018464822402936565,-4.108614170345026e-05,0.0,0.045456217780034225
0.0197652567257548,0.004591544006649073,-0.001200366243247375,1.5613215789911372e-05,-0.002617035992782568,-0.020296419068749183,0.010548288961141572,0.02316401261359008,0.036776458638985876,0.02716974757891416,0.01898384928221486,0.028239069909114456,0.014627087567642694,8.799670837345008e-05,0.007555513344144893,-0.025435456688646052,0.036118213196714766,0.0,-0.001179375976683994,0.012039112586557377,0.019411666226269775,0.00437196456805411,0.0297203355470525,0.01496407828894114,0.00010795257337853359,0.013191340504684512,-0.00655363371847395,0.002314508547929306,0.017310982376531225,-0.0023990041753480518,-0.005580386655887393,-0.006467276007396328,0.024900486914706532,0.00409793313209128,-0.010479402490517098,0.041638689849247346,-0.0004475700045416531,-0.0006733837805039666,0.01137079963301113,0.036345122615314696,0.02156337724298435,0.011611126605705069,0.0,0.0,0.001843322053385943,0.007513207548668133,0.014939521323840077,0.0,0.0,0.0,0.016201655433760676,-1.1371061144238581e-05,-0.00028082778723653723,0.0,0.012925666440275818,0.0,0.011850865101350583,-0.0003706220359084855,0.0,0.011267200373315966,0.020205993130120392,0.04103375428902467,0.03092365926940993,0.0,0.041475501208173504,0.014393280870577119,0.021557894747685324,0.0020372197399958214,0.048952100084038996,0.03374984574859846,0.018672510873398884,0.000408932397117312,0.0016891587723760204,-0.002231828696439786,0.0,0.01598483152657132
0.0,0.0013169383499802567,-0.0046940407410450136,-0.0025585953143382745,-0.028715265062897066,0.06353720363628662,0.03721344174619107,-0.032853744587997724,-0.01172959044505606,0.02496652820984918,0.0007760991830763064,0.03837076121588806,0.04489516669601701,-0.012862200738066265,-1.1102230246251565e-16,-0.00016356817232293652,0.01861409536997305,-0.001179375976683994,0.0,0.00043032929485664617,-0.0004021408637348012,0.0011472661937892425,-0.0023690264614480983,-0.00025304600879283434,0.0330902589070024,-0.0007519536418886807,0.00939970238649851,0.033204197998295104,0.00043083555681866503,0.0010204630051705577,0.026903873875954443,0.017905879338609987,0.025152594569977316,0.03063840692879316,0.03060763716169257,0.015571490676781097,0.029887302494313484,0.03191066094967465,-0.008865244089251212,-1.0692229416797705e-05,-0.054947371823232005,0.044510253226494045,-0.03045832813719096,-0.0019094832717536092,0.014376029281897906,0.0,0.0,0.009004266181973086,-5.551115123125783e-17,-0.015264683756201658,-0.0004503622326290646,0.016557321799504865,-0.021841644138804517,0.011460083352054284,-3.6833960960713785e-05,-0.15557630365126285,-2.3258721362495738e-05,0.020203198271768974,-0.027565592040634912,2.220446049250313e-16,0.0,0.0,0.0,0.01840106975751188,-3.536720730512588e-05,0.0,9.625361117793219e-05,-0.00805585796941577,0.0,0.0,-5.551115123125783e-17,0.01712309376517429,0.014523760455053658,0.016348173121089216,-0.00012193050751363455,0.000993109804263148
0.0007450074716301436,-0.0020916250141942427,-0.0007491194005810331,0.0028884959222585938,-0.0024774034182944438,0.0041018907837860885,0.0051095708227796854,0.004043369304895683,-0.0006827856716469238,-0.016203595826314032,-4.872875425981915e-05,-0.00834048208450261,0.00896776042197861,-0.0003621006962036821,-0.024206980533783284,0.005459672249103098,-0.014504496467820094,0.012039112586557377,0.00043032929485664617,0.0,-0.0013792991905531848,0.0033536083698118,-0.02915927241371713,-0.006963343373425912,-0.008895284735653597,-0.006155544386810152,-0.01577240206681857,0.007171885272835021,0.01607106774787903,0.0064411047798539345,-0.018004180766993727,-0.013406786744753818,0.005562898713657394,-0.01882808919789153,-0.018745822903081633,-0.008265475087738339,-0.004931255767505471,0.004798486056340701,0.01064351303920491,0.006416816260236435,0.024846721908365454,0.01846844630913569,0.0343913910354684,-0.001706696109618322,-0.0005050269497560711,-0.0016902851476057745,-0.001948011762171853,0.05271413362155225,0.0,0.0,0.020773296458425072,0.020410102512105455,0.015212693824447066,-0.0012381788181076159,0.0006478990828989728,1.1102230246251565e-16,3.7508471504188456e-05,0.023424054952822126,-1.1102230246251565e-16,0.013758735487773954,0.00896692758631279,1.0845174199303198e-05,0.032843433104856046,0.0,0.016431790416838343,-0.0015564375861060742,0.0015122824495198417,0.01280146642296387,0.0,-0.00013272438641481754,-0.002473708129704155,0.008414738710289027,0.015896142629087562,0.014330797321293332,0.011162904248989247,0.009187854880880919
-0.0011217467725762598,0.01765225937666498,0.01373748321328222,0.0005846013455204635,-0.002436244586329128,0.04145642025431989,0.01729953432915199,0.01535974480209934,0.04146207608202479,0.030394171456641916,-0.0001701016335657335,0.0023810468397260642,0.022527422889425996,0.03251838056366363,0.009642142593572989,0.01737181048334291,-0.0016835134441486876,0.019411666226269775,-0.0004021408637348012,-0.0013792991905531848,0.0,0.00234032993974731,-0.005246625657226611,-0.0037871573750828946,0.03484390807732024,0.005747833247410183,-3.083251315549873e-05,-0.0021041011640254292,0.0021471356708236966,-0.006548767251979615,-0.005965753209334568,0.0023633124326022936,0.02068650132035521,-0.00042132984926440686,0.0038143957161963504,0.04640181473792315,-0.0009920931490974283,0.0006058552418011232,-0.016560948358906757,0.008935888658486879,0.002449855882822538,-0.008515691483394039,0.01773664617389814,0.0,0.0,-0.08761632348015164,-0.01054374966865379,0.0015026135592134393,0.0,0.0,0.014481014531812497,-0.0004094927562319217,-3.586566384794487e-05,-0.0009752383618922278,-0.00042476603085694897,0.0,0.0010438631541597743,0.020151860938225963,5.551115123125783e-17,0.025990116971889077,-0.0009302873536688461,0.0,0.0004736857229453717,0.0,-0.008764311662205315,-0.0313250871408825,-0.006169535092957257,0.011682798443038045,-0.1761776419810268,0.021044893649446783,0.007382901698668787,0.029074852023381836,0.021982933328297483,0.003039391570978156,-0.002134455719221162,-0.0010843263471025932
0.010062877478818899,0.003880243753480339,0.0029890099741645137,0.006385043751089892,0.04244885917200497,-0.00028261472566176726,0.024332877766991057,0.010547298999929178,0.03707189871447791,-0.005284262317062305,-1.1785578905854077e-05,-0.04189901994718914,0.0191611336076557,-0.0005394803798335346,-0.05100351293529054,-0.010095003322877993,-0.014564013872151227,0.00437196456805411,0.0011472661937892425,0.0033536083698118,0.00234032993974731,0.0,-0.050171690522637424,0.057306695809680064,-0.011342569405360103,0.006387246857163242,-0.009179897450946939,0.017854883643579844,0.007521106493427243,-0.010248385369753088,-0.0178065999852981,-0.0033493893427414823,0.004193341324157829,-0.007488420077167102,-0.008781905124676359,0.0004815455775646349,0.028510840801964032,0.004011359063465003,0.009368188591664273,0.02762620413374789,0.0195585445321364,0.01713592730471042,0.039891063838772,-7.418663269381787e-05,-0.0003645247918655503,0.0018830046343491502,-0.00659695144411121,0.0007180050163512752,-2.875061411333757e-06,-0.0001435532746246193,-0.0014006386918576363,0.002025168560385704,0.0010926850983088987,0.001588693699961452,-0.0007726681964113635,0.0,0.0004714545613351828,0.011403901152700457,0.0,0.01716332241221724,0.004520313037590984,-0.0068176198293498635,0.027279098280621583,0.0,0.006554009016143947,4.7095685638320894e-05,0.0003908407110541634,0.008464920674333964,0.0013934339933399098,0.0102673787561528,0.0044328985878953064,0.005608056744533296,0.009147073403930062,0.01781375758600201,0.0007255999089676446,0.013646888479330266
-0.0005984458941992177,-0.017772661964816583,-0.0034623897356175215,0.03206382633023125,0.012847209109539015,0.0001669969791681658,0.023152820669214647,-0.0011230976412345828,0.011345378693219443,0.04904663042300711,0.05826411743808524,0.02861134137490623,0.02848715651088385,0.032666504672624996,-0.0357522170506932,-0.005151059823311266,-7.781331613271325e-05,0.0297203355470525,-0.0023690264614480983,-0.02915927241371713,-0.005246625657226611,-0.050171690522637424,0.0,-0.011046478960119455,0.035230940995352455,0.0007899068861192404,0.0023028899026306116,0.014816894126264468,0.011883383201749143,0.008122795825061369,0.0010714955586542674,0.002926589104435995,0.03400617716289922,0.0029695306102031638,0.0010257016401895025,0.04052469678807247,0.017671207988703475,0.04937188025056938,0.006178760929601068,-0.001800505835312105,0.008812125096706369,0.004647460782234769,0.0360819176770007,0.019103157884143407,-0.00030059444903945964,-0.00030905464741493027,-0.00644607016196036,0.02757843213972766,0.00019329111988042325,0.007869051193750698,-0.0014486659855388329,0.007142224922034535,-0.012046337264906393,0.02364263115522347,0.0017905256176777296,0.025390547622266557,-0.0025469374810647705,0.012813407303244984,-0.04055607283002993,0.01022199628427145,0.0019029161783909454,-2.638208564653688e-05,0.0002910435589272842,0.0543121097534055,0.008781207462200513,-0.01189064252317762,0.009215109526896914,0.009119100144326264,-0.0005594405669652747,0.01664460773362575,-0.007433083627463144,0.011865931197856727,0.00816702737843189,0.0016047719417916495,0.009746734356848363,0.006276308554888588
-0.010456481512287896,0.0017546169237313558,0.038180289253805844,-0.0025361813689166457,0.0003927334950169503,0.009687461479382375,-0.0001735884175153024,0.011487941074630248,0.01370825040518625,-0.017287925677049176,-0.0009743093454967489,-0.014167497670126095,0.00429974268231903,0.015911321198786244,-0.02103504314732585,0.005651620082432418,0.015890553919654327,0.01496407828894114,-0.00025304600879283434,-0.006963343373425912,-0.0037871573750828946,0.057306695809680064,-0.011046478960119455,0.0,-0.002931776602232261,-0.006457950114272748,-0.01790555622700135,0.009694613136704944,0.004849417332405459,0.0005810722949323166,-0.012196058007871768,0.010400202866505892,0.026865481534867675,0.0012866135517117239,0.03603698583375392,0.06403826598652196,0.019872906919082556,-0.008421112951293191,0.018366954785019873,0.06659760843974633,0.022607791547171185,0.017838390495872658,0.0011745485676275536,-0.00033208883863006244,0.029157478430960504,-0.055346695347301966,0.002104922743144,0.0,-5.551115123125783e-17,0.00010420440504704809,0.0002684823937743608,-5.860645786393004e-05,-1.6653345369377348e-16,-0.0005705414361413252,0.0349416991081592,-5.004381377388123e-05,0.023499372078830683,-0.0008445885313265178,0.0,4.444130883418662e-05,0.010603659920567055,0.01638682278608422,0.017599185041206222,-1.2698617745110496e-05,0.0002959010818980312,0.0006337693910051789,-0.0017942930844846994,0.0007748425134934123,0.007112817887137635,0.018234953336025317,-0.013285606360800284,0.000864444645440221,0.003805415398416223,-0.0005182039145568695,0.0,-0.007702594206210778
0.0038360725693127873,-0.0032796557987388453,0.08432852768206966,0.0005148534952847394,-0.0053549508024631765,-0.016144363389159533,-0.0005571091435527808,0.025163022836462046,0.05493843782952862,-0.014641401122096387,0.010200632451898284,-0.006743132269784513,0.0005039638720057971,-7.387798349062225e-05,0.014481719903820023,-0.005780952995696642,0.001987011490664492,0.00010795257337853359,0.0330902589070024,-0.008895284735653597,0.03484390807732024,-0.011342569405360103,0.035230940995352455,-0.002931776602232261,0.0,-0.020031321547554104,-0.016452767195175855,-0.0014791888340395798,-0.005255933810093372,-0.006585448452809561,-0.012783918881143719,-0.012250158477479789,0.012666027745564468,-0.008589712185866016,-0.012268230846538108,0.0015048985237504642,0.0003077851993588121,0.022026191058256206,0.003943438247709596,0.017759477047885164,0.006626237313935912,-0.008122960433408266,-0.001100687428246594,-5.551115123125783e-17,0.0036837266457970252,-0.0011690798755832899,0.009254089572194868,5.551115123125783e-17,0.0,2.220446049250313e-16,0.008371941434373475,0.0008420851710889132,0.001423406493566759,0.00035453860906886625,0.018096389855811246,-0.00013376883663396288,0.008850030817456611,0.000420171373796574,0.0,0.0020140055074029384,0.012649694910248588,0.037727060284352076,0.01886520385521334,0.0,0.01240048416944367,0.019837211736920324,0.01378199213155945,0.007749041959630609,0.03435979711988968,0.021966142347627504,0.0055423351259102915,-7.826653940945505e-05,0.010688052818551341,0.006827385555197796,0.0,0.0024873608919687706
-0.0052823122500724184,-0.010135052373002384,0.037057406763706835,0.0021897387980652216,-0.004545943712454925,-0.00798428036902804,-0.002021412972158132,0.0107332116904727,0.02466235941918521,-0.019650813108627097,0.0004345198266472172,9.24534380543629e-05,-0.0018548524905009356,0.017505123383037446,-0.0044033755606445735,0.00798016487512293,0.01411080298109696,0.013191340504684512,-0.0007519536418886807,-0.006155544386810152,0.005747833247410183,0.006387246857163242,0.0007899068861192404,-0.006457950114272748,-0.020031321547554104,0.0,-0.009389856097178406,-0.0037098631906261614,0.0010075715238229144,-1.1450079110963962e-05,-0.013611381990256632,-0.00039270610241359805,0.015035132022432784,0.0005044960139332644,-0.006284696841039827,-0.0962109523351925,0.0010770896140641084,0.008060284404849127,0.0024476753084569647,0.012191983947879848,0.011593487916213396,0.011522967716605437,-0.003450176168564023,4.9245906102113324e-05,0.002449182895422952,-0.004844863007626821,0.005870533642445996,0.052738834344541685,0.0,-3.567107460061836e-05,0.004414110034050955,0.0008306686053979884,0.0002469520489750132,-0.0006879603612717222,0.005187987211376643,0.0,-0.002771596077297156,0.022558384829748146,0.0,0.02373383567036258,0.011839595845553663,0.018787247287609332,0.013890759200544056,0.0,0.011243171160382592,0.021145064214428078,0.003380466612462718,0.017795959919523374,0.025024690203711453,0.015156854081481208,0.01170252939033023,-0.002006662727140507,0.004884631062276823,-0.0036550312693386378,-0.000244182522739278,0.0006094676316313885
