0.0,-0.005566512539623536,0.021678605163119813,0.0,0.07354163492066645,0.0253366407423537,0.05853626122209077,-0.017385087171715108,-0.0023684947882376406,-0.01809983123305503,0.0008503558678480405,-0.003973716797277094,0.05527455610364196,-0.0072594471232211855,0.00511462308339139,0.017479406267208675,-0.0010276748051383788,0.014649773367840124,0.0,0.009818822181248688,-0.005066201795664915,-0.013608904099304986,-0.003681354672636805,-0.0176712759221494,-0.0020173183269381334,0.030025413220530484,0.022579861655692424,0.03248916353744974,0.009372658715944948,-0.03221547820941134,0.02139523398679133,-0.009302240758995106,-0.03294551751878949,0.02422713751302391,0.026311507691905267,-0.0019197874071753551,0.04958771198374534,-0.038339957216398934,0.011606897074319167,-0.04736715136679548,0.018787725041479963,-0.0037288346116245985,-4.174542100637835e-05,0.0,-0.0016585502747235026,-0.029132923958937074,0.030127450483064755,0.0,0.0,0.0,0.0008038551517083325,1.1102230246251565e-16,4.662494890728119e-06,0.0,-0.019679888312573113,0.0,-0.037678234373973496,0.0012058742155636182,0.0,-0.031293806832533466,0.00893028571724841,-0.0027868037218202746,0.005777948514518461,0.0,-0.0014873068669292167,0.0037344830777979454,0.033308953560281074,0.015562162134874602,-0.0817402142646188,0.019369117035158367,0.011395376228762355,-0.0029255710515921907,0.0005750540431656015,-0.0026749283817023572,0.0,0.020369793437230166
-0.005566512539623536,0.0,-0.0064117800963247595,6.000659252802798e-05,0.005509242583739804,0.007565082098554166,0.004824705556910114,-0.009586260455415052,-0.004900253916395925,0.010469905786760436,-0.0009355757100827922,0.018837026809794988,0.019856524157262134,0.0016670181102058645,0.045791758742054545,0.032798873935984296,-0.005791959074101238,0.027073037592310112,-0.0020975640519242944,0.02242724315619582,0.02392141636739553,0.04717874287127083,0.046961325245396035,-0.008677378417155879,0.03201169455177111,0.0247594362678884,0.02804215703146834,0.019473116434992888,0.008263358827374556,-0.002882168324568446,0.03371423374648724,0.01738058734979747,0.01296042108281964,0.04019842976147703,0.05289448186512247,0.0023533568093833668,-0.0009149706629727472,0.0,0.012986039090714607,0.03543897394895096,0.01915904170511734,0.03315094886994846,0.0008636910753528348,0.0,2.220446049250313e-16,0.024947433055217128,0.0379598165169126,-0.000690320264880584,0.0,0.0,0.018162952592510606,0.02320392069821059,0.0038864130604295277,-0.0003208774845291362,-0.001216463365869891,0.0,-0.0010333988632252322,0.01480026783709626,0.0,0.04347167710849442,0.012076597772718412,0.0004046284003615952,0.0031654554353297004,0.0,0.0036991208572578205,0.04712931705358864,0.03403357764601839,0.028387752853166193,0.0004326149276560609,0.008859348589335181,0.035014907201199263,0.012545268198646764,0.01150420216367648,0.0018018300233295648,-1.1102230246251565e-16,0.011192427263720217
0.021678605163119813,-0.0064117800963247595,0.0,0.004112346550992685,0.040269645550942534,0.0265117006884929,0.012346110960797907,-0.04390562734490849,0.0268327142717234,0.00044599009949763957,-0.022770468897438223,0.00485326487963289,0.01765375542915759,0.017931315590523966,0.00022500850803774952,-0.0029097962648393927,0.0032038605952127153,0.03584314420525342,-0.044260004228971306,-0.0016784613417009098,0.003945525692362728,-0.0036767735108139132,-0.029827685520858793,-0.0004930023089830815,0.04344246248129252,0.04953280748034111,0.005714081220224376,0.02396822530840048,-0.033131083373796,0.006727670566473998,0.00888854821977153,-0.001403311627776238,0.01804959099010478,0.014526112053060591,0.012565368205876448,0.010923523932161117,0.006693018159404707,0.006298432260493869,-0.11084490926156648,8.549644253674771e-07,-0.07275575725233308,-0.050052978216247934,-0.04293176995636955,0.002316631523018975,0.0,0.0,-0.0010690736182240035,-0.17377608487737836,-9.376133141780763e-06,-0.10529016231672428,-0.029291205661781783,-0.06822766104718692,-0.07249838834049271,-0.15365931847932968,-0.001149736655044642,-0.1485841040480405,3.137164169531026e-05,-0.06018961860419619,-0.16840095494038826,0.00030104399725056075,0.0,0.0,0.0,-0.14681135122604422,0.0019294921696043077,0.000614245388653345,0.0002069311397392415,-0.13894563088786538,0.0,0.004777274596800163,0.0013657444770907579,-0.07490279816832751,-0.048576498789318856,0.004454399291678179,0.000893705752892604,-0.06442523994686494
0.0,6.000659252802798e-05,0.004112346550992685,0.0,0.004768464458468069,0.011271587950178463,-0.012139938648518034,0.008078687590320599,-0.0017464040525652091,0.0026802620312680325,0.011364610619205795,-0.019987204764060074,-0.03923630249944876,0.05301618793468349,-0.0005440525227166093,-0.002083144744859766,0.0017450947990904075,-4.269599454220785e-05,-0.009609795353597739,0.005298736555377881,-0.0018135317748564361,0.03691948881631518,0.006002117381409766,-0.0013457084410654074,0.00014960331820662587,0.025675560934206143,0.0034951962225665545,-0.020458442560052442,-0.03157519415218368,-0.0014636830763158915,0.000444856485228462,-0.02653888257577841,-0.0016232803023581988,0.12086554859241139,0.05816968925372673,0.03419290235231734,0.008338780650814448,0.0027842813697357416,-0.004879683623357001,0.0004726854051517737,5.844963401457903e-05,-0.04024569559720986,0.0016959031857746165,-0.0010101847658586238,0.0,0.0,0.0,-0.032772465029905495,0.0,0.0,-0.000638504327329259,2.220446049250313e-16,9.77154688953652e-05,-0.00045745616116821264,5.551115123125783e-17,0.00020941035284866016,0.0019470510634131966,0.0009573376162017033,0.0,0.0,0.0,0.0,0.0,0.0,0.0,0.0,8.615565400577063e-05,-0.050725038878167816,0.0,0.0,0.0,0.001553936683182544,-0.004095104222802903,0.0012418632430454268,0.0,0.0
0.07354163492066645,0.005509242583739804,0.040269645550942534,0.004768464458468069,0.0,0.043470684236365464,0.028042616214099925,0.05272517120335696,0.029270723021724065,0.03322755941206523,0.021289543663856214,-0.011108054317240046,0.03226072560634968,-0.014325682270517337,0.0013737660227722825,-0.005183291612736951,0.06201050980823153,0.02439036708842862,0.01846042029725692,0.01819316998990672,0.052389616029106134,0.01413553393326511,0.029716523743322676,2.38932932952185e-05,0.0018570801705181106,0.047235607223724496,0.037784034780523834,0.040425873180358673,0.036070730114581784,0.03786072498603804,0.032842233581296565,0.004335958452193089,0.039520623139033206,0.022759548353568415,0.01808065579239837,0.05141678997022109,0.033583637392865795,-0.002744157129069058,-0.0006427126400357919,-0.0006734425543782896,0.036047624298818526,-0.000495565712728574,-0.03295554787970262,0.07544346251281003,0.0003766212047103257,1.1102230246251565e-16,0.0003376026689971834,-0.006682473571540615,0.0,0.03230147643499853,0.004921393822111542,0.016027246859273703,-0.008309476383643655,0.011095843169555808,5.551115123125783e-17,-0.006775527718564989,0.0014118808067158373,0.02339911694774932,-0.003276515657183454,-0.0008569228915982774,6.0944587921052396e-05,0.0,-5.551115123125783e-17,-0.01876399987949051,-0.0007597923019348474,-0.00047046580057191756,-0.0016473512897718923,0.002052164663364997,0.0,2.741119174587414e-05,-0.0014114757027278713,0.018263870713989827,0.007073546332183378,0.021472870716428005,1.1102230246251565e-16,0.0076532209546984475
0.0253366407423537,0.007565082098554166,0.0265117006884929,0.011271587950178463,0.043470684236365464,0.0,0.03469985088987815,0.006722123414269754,0.04182744190427823,0.00980653411324195,0.010246999905930754,0.016961151577847278,0.05272074572531982,0.005011812067180765,0.033228662167600564,-0.006199613201448129,0.02533441705102568,-0.002813794937036984,-0.053624041175427184,0.017315188161354356,0.01397198779712111,0.022298507276410584,0.028428697038371364,0.053599583141823615,-0.013118037289716944,0.04157412095764512,0.035618194538723946,0.039894039191270936,0.030201971863977328,0.023463602739872247,0.026380807773298875,0.013168955191259768,-0.009855846273261082,0.021720135254372552,0.023330348785213506,0.03453374915660118,0.014551186404588135,0.009490295873085475,-0.01728384819797313,-0.0016346335892405417,0.0017078263299872831,0.01639711339466371,-0.013992548154937778,0.003956314162203434,0.00017036616210008848,-0.0012769610249863117,0.014308315174316022,-0.002569738790553111,0.0011919586696337858,-0.010626031913434142,0.0037017134569919397,0.0028033597055184822,-0.008742010279816248,0.007857620502333296,0.0034830994976367546,-0.00836069871538253,0.00027684445656767087,0.004721027571741088,0.0015316083033268812,0.012619594944682178,0.004937690261143324,0.0,-0.0008169381157368538,-0.03069935775541055,-0.01093803261667542,-0.0036587924802836125,0.01999899430831442,-0.006595587710339579,9.059918588505411e-05,0.02510164909671947,0.008316275655263217,-0.0003696461583577726,-0.0015068124908105274,-0.00598009170624475,0.000449940702056395,-0.005116803105244816
0.05853626122209077,0.004824705556910114,0.012346110960797907,-0.012139938648518034,0.028042616214099925,0.03469985088987815,0.0,0.03213654567581703,0.04745474805685013,0.03694294542469645,0.003386697488988344,0.01184514450927715,0.01829249807097799,0.011181706621729959,0.0001476437804046049,0.009334492052252508,0.03568908429297518,0.021739552359126668,0.014718080120623256,0.011637877320480161,0.027056301432799634,0.024966673072463974,0.019301840175981355,0.00669980619092303,-0.00034123963736715224,0.032729704584631814,0.023758236502716135,0.04890922934698133,0.045021719670332305,0.006831756780970588,0.03614827083949185,0.00923345743143611,0.009333079414757584,0.036134950283335576,0.017104923113048565,0.05961734173747957,0.040471738473072894,0.010942760682185249,0.0059727893033317825,0.0009373778231454022,0.035457195147298615,0.05935203952489032,-0.006229173866901194,0.0025469913693719204,-0.0002483873342752907,0.0,0.008115731631686662,-0.0063669095968844625,0.0,0.009440215946090236,0.010273315466488797,0.0053312975724775225,0.00801394320876414,0.0003260717471765817,-0.00012329101632491124,0.00949866206312322,0.0006973915786381846,0.013003765730350558,-0.00151963818690104,0.002088511764249512,0.0005155082921871612,0.0,6.187935211060536e-05,-0.01972843820874759,0.0013289146400750629,0.0018489763446516427,0.013398658446817369,0.007264176092891317,0.0001317161500773989,-0.0003346799278678425,0.015893403249691407,0.006145541924157727,0.012784698301028685,0.00625459120287003,-0.0014937948203992413,-0.00029459284027488764
-0.017385087171715108,-0.009586260455415052,-0.04390562734490849,0.008078687590320599,0.05272517120335696,0.006722123414269754,0.03213654567581703,0.0,-0.00017169322718912916,0.027237482941897484,-0.07565937035359116,-0.006294570588208315,0.024647750875769536,-0.010862351035907991,-0.009337943725929387,0.020447863761250185,-0.00020368146294685863,0.005260607442723886,-0.02691084377936076,0.0021410538928919864,-0.07848172323345848,0.0014212707596833463,-0.054461895016810424,-0.013016909966942103,0.008605559037927868,0.016145067519989897,0.006465816285351644,0.010400246598383789,0.004376940947665664,-0.015424343939539176,0.006145626457464581,-0.015663832556957746,0.025698178740558908,0.014646542666784113,0.003199166523431163,0.005153370314585237,-0.12070939526802624,-0.0012802194239607267,-0.058825126006049666,0.0013914439137944212,-0.03443843785042988,0.009780612843790393,-0.047484274845408014,0.0017585920490256202,0.0,-0.007581821452170512,-0.0025050612594798016,-0.029361956081553342,0.0,-0.005741203479270152,-0.025400605696210887,-0.00636103423299389,-0.1034682552383614,-0.016410269195983318,6.629026335747135e-05,-0.031022855966410134,-0.00010787317090538151,-0.013434411896438625,0.018403908095429466,-0.08096488636189586,-0.00011385640120942231,0.0,0.0005866868109130619,-0.04359686340571994,-0.07699674265957729,-0.18661993606505808,-0.000323777595103103,-0.031795635715161696,-5.551115123125783e-17,0.008075500477567887,0.005031267508412707,-0.01958508197064507,-0.02700367203669707,-0.04569934555973498,0.0034397700264688913,-0.04742980625560689
-0.0023684947882376406,-0.004900253916395925,0.0268327142717234,-0.0017464040525652091,0.029270723021724065,0.04182744190427823,0.04745474805685013,-0.00017169322718912916,0.0,0.017924335011316406,0.02280174852657668,0.001298498432820705,0.023369966370606454,0.024666227655712802,0.006708082612684019,0.04653676709713239,0.03079509802375391,0.04644079924697586,-0.002253746322140038,0.025753377191538473,0.07334709685767765,0.009726014719563914,0.00850058635414419,0.001558303444848086,0.03938981219363119,0.04990170446003994,0.035380338548477275,0.033845708168455224,0.04186718469002154,0.03719234542250366,0.026122496887087565,0.013740187749467003,-0.0007809686155473838,0.023405802434181278,0.038419966757632096,0.017731893423307832,0.014487054033335056,0.011151585072837311,-0.033257285899767564,0.0029000494268169863,0.03981269869733023,0.07324352036265991,-0.05351689660093217,-0.0023833036472623026,-0.00026095591581432043,-5.551115123125783e-17,3.655371255595341e-05,-0.008902322962993536,4.504338324995416e-06,0.005541232432653698,0.004365335883799282,-0.0019733683618015085,-0.013754437749130322,-0.01303965821912001,0.0015033113623260652,-0.022447489908835716,0.002021819246098233,-0.004083234753937792,-0.02776492401322267,-0.001773194956359192,-0.0010654430160013661,0.0,0.0,-0.029387620829942618,0.0007465950350499795,9.272814922040018e-05,0.00035535162208377713,-0.008860338623538078,1.5830357977086873e-05,-0.00014994675702501015,-0.0036022787020014713,0.014525294985134551,-0.00324313383158914,-0.001922121963734924,-0.0005366569708641356,0.00025747086935479224
-0.01809983123305503,0.010469905786760436,0.00044599009949763957,0.0026802620312680325,0.03322755941206523,0.00980653411324195,0.03694294542469645,0.027237482941897484,0.017924335011316406,0.0,0.0037577880852965873,-0.002548045241541952,0.02563893708667825,0.03776991758215831,0.0009439939547686294,0.025363698724919448,0.018419783294623793,0.03428264615112253,-0.007518404530118539,0.008438762269681599,-0.0017141110224430656,0.0040134631045292135,0.018898196193526895,-0.039195246122624594,0.04015937423701166,0.041684391928746956,0.0016080620077244534,0.026193819860684364,-0.031080430644752577,-0.04586893902687639,-0.03977721583713595,-0.011441904461299002,0.01291736571960378,0.004315914149889799,0.06655277512131863,0.04902603486627577,0.00847967720079601,-0.027684121004449558,0.10742879861124088,-0.025815085092304846,0.005100445095540307,0.001116660518406587,0.003199427408072608,0.0024268063008927587,-0.03579777408352325,-0.0167919963446308,0.00860012668181942,0.00046675044131105903,2.557625700017052e-05,-0.001252840242525588,-0.000530472578210095,0.002998751994631621,-1.4583439748028226e-06,-4.446953131675979e-05,0.007868659105659148,0.0008259740197319454,0.005651346259233525,0.030186584852642473,0.0,3.71432779953107e-05,0.02396131285613118,0.018518186963941863,0.029133687774821115,-8.40704970295203e-06,0.00013659331364501703,-0.0008918228558800756,0.00023472946436364772,-0.018940652567436156,-0.01398202248961361,0.029488783959494558,0.019407975623353724,-0.0002164897975380775,0.030519710944191092,0.0012889337179323723,-5.551115123125783e-17,0.016774341296129258
0.0008503558678480405,-0.0009355757100827922,-0.022770468897438223,0.011364610619205795,0.021289543663856214,0.010246999905930754,0.003386697488988344,-0.07565937035359116,0.02280174852657668,0.0037577880852965873,0.0,-0.01894459033842777,0.01108775025506209,-0.10465178906369965,0.0,-0.00018600672896523784,0.014366431512036648,0.015276818411364745,-0.03427670926377718,0.00012581151209201114,0.005921423494774092,0.00015677657128315703,-0.04154089396972377,0.004634954904479127,0.004852919588710647,0.05465899703422217,-0.014810389964866666,0.011717471659998147,-0.0020483918706011295,-0.0008349179763508796,-0.007154733939047031,0.007058036285204405,-0.0004046230422060093,0.0023458066094790286,0.002484495858568858,-0.0073050172850183115,-0.020377985341542115,-0.016530076699019014,-0.04824383602613841,0.033336869008627756,0.0014066112084498705,0.0013102864505737943,-0.02676310515144731,0.0002178370594620449,0.0002947607748197689,0.0,1.1102230246251565e-16,-0.13016845870901722,8.722101677571814e-07,-0.02611754140830508,-0.0009068686448403529,-0.01648321164312827,-0.024520741450689,-0.005684547316418487,0.010911704862276106,-0.026077453902597025,0.003605227943979439,-0.00837871070713414,-0.047215981300326726,5.551115123125783e-17,0.0,0.0,0.0,-0.1041223547742082,0.0008236139434167344,0.0,0.0004555413176736134,-0.03858367468585966,5.551115123125783e-17,0.0,0.0007153657066245045,0.001785566271958916,-0.01191646918149536,0.0004513958821268371,0.0,-0.00561436504540852
-0.003973716797277094,0.018837026809794988,0.00485326487963289,-0.019987204764060074,-0.011108054317240046,0.016961151577847278,0.01184514450927715,-0.006294570588208315,0.001298498432820705,-0.002548045241541952,-0.01894459033842777,0.0,0.008773571099160493,0.0014979418679619827,-0.004127579069145182,-0.0005819910519226923,0.010565830314919977,0.04158929571040382,0.011766410987838039,-0.0021243543607277204,-0.00390749452014838,-0.004780705754738823,-0.013451439758822625,-0.0182591829552739,0.03507089641697958,0.011147545593162556,-0.0033466142676934485,-0.011645431507617543,0.0015034567748928862,-0.0019132703296712017,-0.01879180712966122,-0.008296902469664968,0.019277361232099333,0.015034770466874514,-0.023648497799660273,-0.0354364326245456,-0.01669747448344805,0.0009731907766269976,-0.016759138854201217,-0.04078633665078163,0.042336743631404106,0.006441074217750864,-0.002458535581262744,-0.0006102642329813834,-0.022221765962807005,-0.022085170103936957,-0.0003871563927420052,0.00042324446245173286,-0.0009424414531499781,-0.00250096567524849,-0.0010973509135804305,0.0012081981961033494,-0.00045055251741776825,0.0003563584621956717,0.0016010316711493888,0.0013889512009789273,0.0009841154727788792,0.025525230400065213,-0.00015180456860908187,-2.6731147611480655e-05,0.002017531388449456,0.010484722765605914,0.022107855171377255,-7.737277913577589e-05,-0.00023970238913018083,-0.0006321644361572121,-0.000609254797639236,-0.0014002436447543842,-0.02432938295912962,0.026437348938907312,0.010087385365729229,-0.00048126570064388474,0.03035100757570025,0.002971659039947727,0.0,0.0076798500600149255
0.05527455610364196,0.019856524157262134,0.01765375542915759,-0.03923630249944876,0.03226072560634968,0.05272074572531982,0.01829249807097799,0.024647750875769536,0.023369966370606454,0.02563893708667825,0.01108775025506209,0.008773571099160493,0.0,-0.014200211795065698,0.03086505181936361,0.01803416398590485,0.032472671877375014,0.023556252389506094,0.018153704497518353,0.024720801712966034,0.033023465731296,0.025379650949667598,0.021679379191481607,0.04216376939065003,0.011058553753130917,0.03140529662792291,0.025156708103588055,0.04518751057988246,0.044595315622421694,-0.008430957525687455,0.03311103821889971,0.0041623034155193195,0.02303074604150185,0.03738643545532727,0.002358745972188603,0.01600604041731074,-0.011692941411701463,0.007130183272991475,0.022896883090536835,0.0034126242488858316,0.06483800899585263,0.06941734563813051,0.007484900021364649,0.08249662795623336,0.0019959488576177797,0.0010510930406424923,0.015324770957086231,-0.011291845337235262,0.0,0.003954085669816365,0.0024078191126967186,0.004929050921645417,0.008767740492266307,0.0007012447841968639,-0.000499770566783464,0.0020093976314348727,0.003624076615535321,0.01071340269242077,0.0012025990398412123,-0.0010579159737291177,0.011026416834022001,0.0001031887991110314,0.0005293366713691183,-0.020106070037888335,0.012355824803879423,0.009913058908936845,0.02584529201021868,0.003648414430574065,-0.0010612081953423336,0.021780405419767723,0.016896288872971843,0.0056342921825187076,0.013024936141100507,-0.0031919493698399637,0.001308908767398198,0.005894780700334501
-0.0072594471232211855,0.0016670181102058645,0.017931315590523966,0.05301618793468349,-0.014325682270517337,0.005011812067180765,0.011181706621729959,-0.010862351035907991,0.024666227655712802,0.03776991758215831,-0.10465178906369965,0.0014979418679619827,-0.014200211795065698,0.0,-0.00022197373885418648,0.0018193575695042985,-0.00011719972296919678,-0.00022646598685549524,0.0012926725702177566,-0.0014277361946762324,-0.015049875206658403,0.001151615521907512,-0.004217364646438071,0.0015107559522854475,0.0005270107895519738,0.022438441654327956,0.023714529942769347,-0.0011996662415594272,-0.0023781219587027946,0.002139838205397704,0.013675508667957526,0.0137471986408092,-0.01266988738886271,0.010276974992286192,0.014370017669780244,0.02161168157963897,0.013049737222922964,0.0009285038401184442,-0.10524596355563676,0.0,-0.00016068278858122342,-0.00029656159594593223,-0.021634170040897682,-2.510655883747326e-06,0.0,0.0,0.0,-0.0284249826860159,0.0,0.005908155396189052,0.0018423203309256286,0.002935537768226415,-0.0716820708847945,-0.0252263012281998,0.0,-0.017376923587243076,-0.0004512887940960053,0.003959753025655766,0.003904543112548231,1.1102230246251565e-16,0.0,0.0,0.0,-0.03439387829561935,0.0,-1.1102230246251565e-16,0.0,-0.04319200645103305,0.0,0.0,5.551115123125783e-17,0.015345962338800201,0.002276582971185659,1.1102230246251565e-16,0.0,5.551115123125783e-17
0.00511462308339139,0.045791758742054545,0.00022500850803774952,-0.0005440525227166093,0.0013737660227722825,0.033228662167600564,0.0001476437804046049,-0.009337943725929387,0.006708082612684019,0.0009439939547686294,0.0,-0.004127579069145182,0.03086505181936361,-0.00022197373885418648,0.0,0.03828594576235683,0.0009405771206036362,0.022549372310735172,-1.1102230246251565e-16,0.03115619770290262,-0.026011372235807018,0.023176846832732856,0.0016641081074910136,-0.015571774691244822,0.031311235622230926,0.01996571377811701,0.013751762518587174,0.01007353674596212,0.004272238317541477,-0.006155705405372192,0.037521738452132525,0.031272485324682076,0.04857104851590727,0.0502427337494728,0.05763474650426986,0.037756173768122625,0.034152580891272766,-0.00038302609322626857,0.00025073727939028956,-0.01852965035309062,0.01887771877040495,0.017170386751681366,0.005818430886361026,0.0001940815984028954,0.0,-0.026217265478215623,0.042068850115595025,-0.0017484349788348674,0.0,0.0,0.0050805084718670845,0.00021600438771074426,0.0186459683938896,-0.0005650455072819804,-5.551115123125783e-17,0.0,0.0006452419305441048,0.011729122998815122,-1.4297755327130623e-05,0.014369010384249703,0.030755426548371823,0.0003994987491812707,0.040719077169815654,0.0,-0.005216844610697546,-0.007599159798435007,0.028033666757972586,0.009010633487888497,-0.00010586950625623981,0.014997429719481037,0.02855444798083484,-0.003244179832300298,0.0005354066604261742,-0.00557164003777566,-0.009693414504722997,-0.0020563443926491787
0.017479406267208675,0.032798873935984296,-0.0029097962648393927,-0.002083144744859766,-0.005183291612736951,-0.006199613201448129,0.009334492052252508,0.020447863761250185,0.04653676709713239,0.025363698724919448,-0.00018600672896523784,-0.0005819910519226923,0.01803416398590485,0.0018193575695042985,0.03828594576235683,0.0,0.02958727371255726,0.05074951305932157,0.0004244521206310248,0.019603120937855822,0.01998227429771976,0.03617518657376989,0.026267395802909266,0.04955990458356069,0.02064607511454808,0.03910222137261404,0.021434286180051998,0.0192428237823144,0.014327631140555408,0.0022620221712394417,0.03437738264652529,0.014967660116137038,0.011202187225973492,0.05253948706929873,0.06976170414659488,0.024629594301855073,0.0011425285977408883,0.0002806349694600141,0.014150500025498725,0.020839317270219482,0.01669594087893156,0.018068022611544332,1.8643182050692708e-05,0.0,0.0,0.006760275408722982,0.03552978592294037,0.0,0.0,0.0,0.023576325898277295,0.024857335549684834,0.0016015419551357324,0.0,0.003516381110870881,0.0,0.0033414065557199613,0.021889579086203037,0.0,0.009999651223429162,0.012700915854133854,0.0026564584440189054,0.0011693571002606706,0.0,0.009953347722601813,0.0027580197283215147,0.027406125870525322,0.009657369475143507,9.904121405407418e-05,0.014494064312629895,0.029567014593071816,0.011419905086635151,0.0011046983654965925,0.006367011787033583,-1.1102230246251565e-16,0.008612876175680795
-0.0010276748051383788,-0.005791959074101238,0.0032038605952127153,0.0017450947990904075,0.06201050980823153,0.02533441705102568,0.03568908429297518,-0.00020368146294685863,0.03079509802375391,0.018419783294623793,0.014366431512036648,0.010565830314919977,0.032472671877375014,-0.00011719972296919678,0.0009405771206036362,0.02958727371255726,0.0,0.045228499327276406,0.0031044038178874023,0.023090966557011594,0.004603217755794864,0.013649383390438752,0.019835549969621225,0.004498142167109587,0.05454444591992269,0.047719433646423615,0.03259860060059666,0.024772708904414076,0.01904732269077153,0.01605195407927046,0.02147845986571517,0.0012007317061877854,0.010765579550118531,0.02603541414189725,0.049412725869293905,-0.0004191816702845963,-4.206873739681649e-05,-0.0027026589067330464,0.02781881225426508,0.03468633221852707,-0.006173566576687661,-0.000620300530550455,-5.551115123125783e-17,0.0,-0.0031249932453690232,-0.002106733130357419,0.026290295995342827,0.0,0.0,0.0,0.0,0.0,0.0,0.0,0.009617751204703151,0.0,0.006915076494428629,-0.0006625874577947943,0.0,-0.0002906297563199933,-0.004977607543494633,0.008231716289107682,0.012366617643249256,0.0,1.1102230246251565e-16,0.0,0.0009715969037932259,0.0,0.00766120054339392,0.011294429565582575,0.015485372201470837,0.0,0.0009786701615999704,0.0001123544121554021,0.0,3.699171802296064e-05
0.014649773367840124,0.027073037592310112,0.03584314420525342,-4.269599454220785e-05,0.02439036708842862,-0.002813794937036984,0.021739552359126668,0.005260607442723886,0.04644079924697586,0.03428264615112253,0.015276818411364745,0.04158929571040382,0.023556252389506094,-0.00022646598685549524,0.022549372310735172,0.05074951305932157,0.045228499327276406,0.0,0.00021597862786820743,0.017010467630143133,0.029998112976750868,0.02101657102452187,0.024146838426922612,0.032691620336319505,0.03898635105058551,0.0393124682963541,0.027219745852718802,0.012980605928830324,0.007715680152390936,-0.007527765965375133,0.02846319010703252,-0.009792069196054187,0.0054406701146948455,0.03189032159594024,0.032361016154713595,0.03772739196085001,0.0002238465081317309,0.004880569978673144,-0.006869806315815352,0.020365358377518628,0.0066958188040885935,0.008953841215014136,0.0,0.0,0.06066654480847239,0.0011540744710161754,0.03171102720896718,0.0,0.0,0.0,0.015500962531187157,0.00031450338501498587,0.0029409634685091945,0.0,0.005502455193189593,0.0,0.011508170903459847,0.0004446764484032917,0.0,0.003566742841004722,-0.007419589625461354,0.007911032069177426,0.0004423915001001699,0.0,0.021197445224645284,0.017457071432761984,0.01771394906317586,0.002061753392674781,-0.0013363270938127614,0.005194766821704722,0.010815335090083755,-5.783138967202506e-05,-0.0012737170140388332,-0.0041362316889158035,0.0,0.004970896560667015
0.0,-0.0020975640519242944,-0.044260004228971306,-0.009609795353597739,0.01846042029725692,-0.053624041175427184,0.014718080120623256,-0.02691084377936076,-0.002253746322140038,-0.007518404530118539,-0.03427670926377718,0.011766410987838039,0.018153704497518353,0.0012926725702177566,-1.1102230246251565e-16,0.0004244521206310248,0.0031044038178874023,0.00021597862786820743,0.0,-0.0009344769479215365,-0.0009537672153261401,-0.0015668081881418106,-0.053063396870304036,0.002162638224968094,7.695521914374837e-06,0.0016277786105154401,-0.017724359780536936,0.01573785226597263,0.00122522879561332,0.009014307578702474,0.003019838775565109,-0.002008636437336786,-0.016820537225827437,0.004781240196089331,0.006113147135314634,0.0021504607929850317,-0.00398515500846941,0.0007315186743149793,-0.06084276874533817,-7.857011672035563e-05,0.01750655352860825,0.0017610601462423325,-0.04083194546175961,-0.0018970290247382615,-2.217454363628857e-06,0.0,0.0,-0.046591782677988414,-5.551115123125783e-17,0.011637251560074668,-0.01664272207314832,-0.005657758169178129,-0.046242560361882346,-0.022694127036513523,0.00047123179998009856,-0.07842592266866599,0.0009035943901541388,-0.012441751830956749,-0.045241091024143254,2.220446049250313e-16,0.0,0.0,0.0,-0.14974342560308057,9.671537948285902e-05,0.0,-0.0002480231242579234,-0.027119942885807102,0.0,0.0,-5.551115123125783e-17,-0.009762787419866581,-0.01550121978698199,0.0008966494322525942,0.000333431904957604,-0.02940698044420209
0.009818822181248688,0.02242724315619582,-0.0016784613417009098,0.005298736555377881,0.01819316998990672,0.017315188161354356,0.011637877320480161,0.0021410538928919864,0.025753377191538473,0.008438762269681599,0.00012581151209201114,-0.0021243543607277204,0.024720801712966034,-0.0014277361946762324,0.03115619770290262,0.019603120937855822,0.023090966557011594,0.017010467630143133,-0.0009344769479215365,0.0,-0.01521309374476082,0.031351244580643034,0.028365356012594656,-0.0049111062221800506,0.012534301969527595,0.03937023477258217,0.015408157736517825,-0.005500555800520501,0.00314684404920601,-0.09754135659667842,0.012631808797756605,0.012612465638687398,-0.0051877531847758784,0.029798952229058095,0.039420856144735505,0.02854771013825541,0.009442412291749469,0.001034753989804904,-0.00173357341416025,-0.015348572409465577,0.014246865900443328,0.0020468110090126057,0.015655948641072337,-0.0028761080644811865,0.00017700741231091444,0.002561239031397211,0.007870107011339555,-8.206436326746447e-05,0.0,0.0,0.012772943144785387,0.013064641537543054,0.002329541841394056,0.0016181249112930396,0.0001566992249736332,1.1102230246251565e-16,0.023086652685811726,0.004799426655068495,-1.1102230246251565e-16,-0.0004994823907473744,0.012657708581900962,-2.9657279105865797e-05,0.0009688877945681629,0.0,-0.0029862718541249778,-0.021205375449974584,0.00043587779221304634,0.004477980530429582,0.0,0.010261707130353126,0.004567331964534793,-0.004601876247381287,0.00563004977640541,-0.0036101758845347165,-0.00378040700671739,-0.003899874045872276
-0.005066201795664915,0.02392141636739553,0.003945525692362728,-0.0018135317748564361,0.052389616029106134,0.01397198779712111,0.027056301432799634,-0.07848172323345848,0.07334709685767765,-0.0017141110224430656,0.005921423494774092,-0.00390749452014838,0.033023465731296,-0.015049875206658403,-0.026011372235807018,0.01998227429771976,0.004603217755794864,0.029998112976750868,-0.0009537672153261401,-0.01521309374476082,0.0,-0.007425198580515546,-0.010895762442890866,-0.003375555850417822,0.0218803973617554,0.019386954566265546,0.0051799617120874,0.03966040255656095,0.005282722610629675,0.019762154837643542,0.041130713316659295,0.007199001931329607,0.016407904129260964,0.03290248363093207,8.520525136063162e-05,-0.0350572404022218,-9.630825403061927e-05,0.0012355907482400896,-0.04519352714546088,-0.060423744693678005,-0.015499963267572414,0.01259346858913768,0.0024567827756745153,0.0,0.0,0.05623239959149623,0.04183946302996444,0.0002365206416693466,0.0,0.0,-0.05925827210220208,0.001794942013712164,-0.16867871944747906,0.0023476517654821283,0.0002165123283515702,0.0,-0.0005109639009029388,-0.03990595155939608,5.551115123125783e-17,-0.012248675987983737,0.017879440441689987,0.0,-0.0015031360071472988,0.0,-0.020637917182739607,-0.07257433653681761,0.01944683422164656,-0.02443744530336739,0.0023093289095241776,0.01785736020988421,0.02538517072940427,-0.029434462807593764,-0.036914686235554106,-0.040284544082662244,0.0032108299812352303,-0.03118134396151223
-0.013608904099304986,0.04717874287127083,-0.0036767735108139132,0.03691948881631518,0.01413553393326511,0.022298507276410584,0.024966673072463974,0.0014212707596833463,0.009726014719563914,0.0040134631045292135,0.00015677657128315703,-0.004780705754738823,0.025379650949667598,0.001151615521907512,0.023176846832732856,0.03617518657376989,0.013649383390438752,0.02101657102452187,-0.0015668081881418106,0.031351244580643034,-0.007425198580515546,0.0,0.052746519198114794,-0.015175289089355337,0.015100078317969168,0.030805200782571207,0.0384692811549211,0.019151718320645272,0.009002613576223617,0.0060706226081681525,0.027945571774713962,0.03954723371548258,0.014701203225542192,0.05324156100784172,0.062270768854370884,0.05273370199037242,0.04299695434056172,0.00037374669004458516,0.019087767483955076,0.009831661660272273,0.0333558689442322,0.015541543638647903,0.007200031928925599,-0.00026582817384945834,-1.598649057954482e-05,0.023252132283245186,0.03864532556186656,-0.0025336518819438214,7.86216036291476e-06,9.811807039461495e-06,0.009625455234881009,0.0036610522890219155,0.0024709549186961444,-0.0018927490006723224,0.0024361797412804642,0.0,0.0482323568162617,0.010812361459550834,0.0,0.030002057351354416,0.032028761176209064,-0.00033134527928097013,0.0524824106908941,0.0,0.0056801554729052905,0.025921438042306677,0.03366341017325425,0.012592826535111623,0.0005951102966456623,0.017226734337065508,0.04755476984882606,0.008978327557320698,0.0060212502555770375,0.0019881186844816767,0.0007622366759649224,0.01494029110395989
-0.003681354672636805,0.046961325245396035,-0.029827685520858793,0.006002117381409766,0.029716523743322676,0.028428697038371364,0.019301840175981355,-0.054461895016810424,0.00850058635414419,0.018898196193526895,-0.04154089396972377,-0.013451439758822625,0.021679379191481607,-0.004217364646438071,0.0016641081074910136,0.026267395802909266,0.019835549969621225,0.024146838426922612,-0.053063396870304036,0.028365356012594656,-0.010895762442890866,0.052746519198114794,0.0,-0.00026272600860610673,0.029905086023187477,0.025634654678394375,0.010212261004345136,0.014852260952409824,0.009129882805572864,-0.0032213545328826365,-0.0008283059659538461,-0.007829860366286634,-0.005083645327037423,0.0015013127023545958,-0.005448083339647192,0.011664028866602838,-0.009713651446098093,-0.018637478974798005,-0.02610883674669201,-0.018679755955245125,-0.00790001241142918,-0.001518599846380475,-0.03214845722476106,-0.03460281561344031,-0.024910046675313047,0.008768663345990468,0.019603225498450172,-0.19384088860588705,-0.0013447770170205708,-0.0331559730952532,-0.016252569352070922,-0.012780027270067884,-0.047742026180785824,-0.03505285837731187,-0.0037347141021871755,-0.16734867380612217,0.02604550176182796,-0.008443558871203571,-0.06903815287809029,-0.005462402859771953,0.013865225271072812,7.214461133009387e-05,0.0013634438531133775,-0.23218900779946353,-0.0018060569280363703,-0.00368745066902465,0.01593165358748211,-0.04900270669934137,0.0004709802064376545,0.021836760542437494,0.014070460944133,-0.008647719462581971,-0.011882075945477966,-0.014142352109098755,-0.017806605816730603,-0.014342749344735284
-0.0176712759221494,-0.008677378417155879,-0.0004930023089830815,-0.0013457084410654074,2.38932932952185e-05,0.053599583141823615,0.00669980619092303,-0.013016909966942103,0.001558303444848086,-0.039195246122624594,0.004634954904479127,-0.0182591829552739,0.04216376939065003,0.0015107559522854475,-0.015571774691244822,0.04955990458356069,0.004498142167109587,0.032691620336319505,0.002162638224968094,-0.0049111062221800506,-0.003375555850417822,-0.015175289089355337,-0.00026272600860610673,0.0,0.040961877587829154,0.02107683909961916,0.037261314529435374,0.03897354394751984,-0.004440225585457536,0.0003579992495268969,-0.01962611575362999,0.012776360024661981,0.058306403026007536,0.006726497707918888,0.08052532784326227,0.010614840197737507,-0.0026757757038038954,0.015157169980491825,0.01833512474154181,-0.02239884458158231,-0.0007597733441529475,0.011461854849643904,-0.0008541640151036312,0.0007478285702590681,-0.0026831531769701544,-0.1216589369899917,-0.0013555734151626808,0.0,-5.551115123125783e-17,-0.00028495799770072994,-0.0003739381584980661,-0.0002840495226391626,-1.6653345369377348e-16,0.0004846624615131856,0.015199880941748789,0.0003786014585396291,0.015291069645500588,-0.003042201246364229,0.0,-0.001888296634942055,0.013697345755434687,0.01026411038513092,0.0060038439390545095,3.472571706197858e-05,-0.0014619880455906675,-0.0027714519626377276,-0.002909300135662707,0.00028122443440325995,-0.07045057196768889,0.010050138234070194,-0.013452313340250766,-0.001511949112045996,0.0032869566381178994,0.002954521240054686,0.0,0.01169582259700741
-0.0020173183269381334,0.03201169455177111,0.04344246248129252,0.00014960331820662587,0.0018570801705181106,-0.013118037289716944,-0.00034123963736715224,0.008605559037927868,0.03938981219363119,0.04015937423701166,0.004852919588710647,0.03507089641697958,0.011058553753130917,0.0005270107895519738,0.031311235622230926,0.02064607511454808,0.05454444591992269,0.03898635105058551,7.695521914374837e-06,0.012534301969527595,0.0218803973617554,0.015100078317969168,0.029905086023187477,0.040961877587829154,0.0,0.03609429086856464,0.02337810445012367,0.012244075110659725,-0.00499051314349136,0.006657322588165593,0.031093282383946985,-0.0034128215590961686,0.0029069389032155835,0.026982105991759875,0.033784598074225014,0.0025479795523229987,-0.0005748485450938201,0.049751395102490825,-0.0077874893723525185,0.02749123978200002,0.002146067015844244,0.003388418333198917,-1.0884159994117848e-05,-5.551115123125783e-17,0.09432794477332229,-0.0006517882891708404,0.00794309898972112,5.551115123125783e-17,0.0,2.220446049250313e-16,0.008480700169853361,0.0018034306179001147,0.003133870939688921,-0.001073106812554514,0.011954872039750597,0.00033612530927562556,0.01943427392049135,0.009487201800360223,0.0,-0.0005228504441238679,-0.016758182288678203,0.014114222193996884,0.0004722823412609545,0.0,-0.0005436611787945078,0.01618650086442941,0.015841540885222827,0.015249085637610238,0.008697709841386236,0.0063441015126579625,0.009993308068471762,-0.004293202685126063,0.013159908290199529,-0.00019845950522345834,0.0,-0.000792021996070591
0.030025413220530484,0.0247594362678884,0.04953280748034111,0.025675560934206143,0.047235607223724496,0.04157412095764512,0.032729704584631814,0.016145067519989897,0.04990170446003994,0.041684391928746956,0.05465899703422217,0.011147545593162556,0.03140529662792291,0.022438441654327956,0.01996571377811701,0.03910222137261404,0.047719433646423615,0.0393124682963541,0.0016277786105154401,0.03937023477258217,0.019386954566265546,0.030805200782571207,0.025634654678394375,0.02107683909961916,0.03609429086856464,0.0,0.043367741020287065,0.0269073789926475,0.01732496397959782,0.023177516906977058,0.03736373164667006,0.024556786053945567,0.026905854742573176,0.04207840159041709,0.05897178221001631,0.05828585976902473,0.025552845388914613,0.026807038313926113,0.017230259738144182,0.039867616076962153,0.043054986057021294,0.028322638211047857,-0.0010743610445317353,-6.132432154604128e-05,0.04686632770183158,0.014339885094445781,0.05029553856904284,-0.001258174955068525,0.0,-5.651393311545405e-06,0.013370364723215178,0.02428089865767874,0.002594937904017769,-0.001178129375976722,0.01688870925282232,0.0,0.0196209947579864,0.026081051364417518,0.0,0.031328057631782924,0.021593969765549448,0.022819608644992384,0.0175740098028363,0.0,0.020936834393030512,0.024353038427789908,0.04808546125183111,0.03272312955100226,0.007444974605547383,0.02190467935436402,0.032945301184153064,0.03563420608016826,0.013930781896806355,0.015177499049321252,0.0006221248048656758,0.023210119240403948
