0.0,0.9581692936480835,0.36550753280927295,0.0,0.40889750346042153,0.46766331557956003,0.7930037363252858,0.35463442571257703,0.4485368503039371,0.46503993866711313,0.4512892562206883,0.5140804271912323,0.5936384785494666,0.5149798550461391,0.12493623705008994,0.918756914005626,0.24232518426824215,0.7125732126608751,0.0,0.35338293825843414,0.27880034174538326,0.618194642869011,0.352289087736211,0.48485905782954586,0.4286177106647546,0.8454776628894816,0.44216663780325965,0.2704890402852327,0.5728200719024272,0.668675060210556,0.6302913586522291,0.9206317124491259,0.6863757339033969,0.6284285203779825,0.5793390027599543,0.6446546679357896,0.49347874995162233,0.4982895528681991,0.7561688735764613,0.7489156642165665,0.5687320924333217,0.5705762400639269,0.46585054271940163,0.0,0.447760996065402,0.20646695910860613,0.7819772019662888,0.0,0.0,0.0,0.6943319410115816,0.0,0.577221743962652,0.0,0.44995155534158837,0.0,0.5418372901771544,1.1679276111249737,0.0,0.36837800300680157,0.8790838259968489,0.27984216932770933,0.745314015291648,0.0,0.46095394651481925,0.12669914315406405,0.7003731621831973,0.3205731288327537,0.17250476830522743,0.906469490544096,0.6326544057013865,0.44321246971833145,0.39019040607866085,0.5390710986632357,0.0,0.6179702726086144
0.9581692936480835,0.0,0.49118767434227156,0.34225623213614165,0.4087528190168763,0.40919200819552726,0.5053977306454855,0.41305807182638604,0.3170955014059979,0.4946894337931436,0.9335006814587412,0.419461569681991,0.5981137723921135,0.5111225132539425,0.43967019424357245,0.5964278902913143,0.7648575423951107,0.5770739998401049,0.6427366280878167,0.5059163894587767,0.7713633340037032,0.42548619536820603,0.5942243355427621,0.41258485154192515,0.41311815102724014,0.39463295019174005,0.49581421981396057,0.6141430245442121,0.6169671721323297,0.41926214077970997,0.6359125041382151,0.7543485283088169,0.48777803275125164,0.5446271828851993,0.5869891103090934,0.8371704290027069,0.22725563681998334,0.0,0.8184912191839532,0.9028134421612852,0.6943562137227788,0.9753102648456543,0.6391969991251214,0.0,0.0,0.7023543353439081,0.8293982766264674,0.04930628334911408,0.0,0.0,0.808543460656305,0.7987583919974044,0.5692676844671145,0.5635333964696041,0.9469092787247726,0.0,0.44143529831306483,0.8053793532722491,0.0,0.7754790401043892,0.8242522290324432,0.6158948133149433,0.6734425872200727,0.0,0.6876795996678591,0.6983790688165541,0.8793412921456425,0.7382388698824867,0.5829256437488931,0.7528785761800947,0.8115153424170353,0.7398963960072019,0.8377114339751421,0.7568547151479252,0.0,0.9076231725634619
0.36550753280927295,0.49118767434227156,0.0,0.5702724495270947,0.454605342634809,0.2717857752749421,0.5130419563995074,0.7099571615504767,0.5294199068369021,0.48984392891425343,0.4827249003963735,0.567409549478648,0.5365761608255512,0.577759121068665,0.33450543072213923,0.40992859340808907,0.6326084330294264,0.16831563239872444,0.05145620928284278,0.4546759385933958,0.39876632637117304,0.5654179000091499,0.3647315030926184,0.401379244103365,0.4229806548533635,0.45094080438737316,0.34227277459996275,0.6631254707973038,0.7524963326140837,0.5653409380203948,0.6563756546521388,0.6725940133879081,0.41954037797791366,0.6561349849179122,0.5420042976839077,0.6808766816896807,0.5117130711592287,0.4227850217196423,0.4008599136820429,-0.5384804492239395,0.4982025178658968,0.30901398068842856,0.5827010559102853,0.6783988388827671,0.0,0.0,0.20502859013042113,0.13368808678628413,0.48047369163817133,0.6287425311789181,0.6276880184747881,0.5836377954863552,0.6180190966097382,0.2959275146916923,0.37417092350808123,0.7453026447191577,0.47297493611004826,0.6864446922847433,0.6108941088190241,0.24635096503354964,0.0,0.0,0.0,0.22405353748554033,0.6416341413961684,0.44930280286728763,0.10079349294978183,0.6832685546402077,0.0,0.6314550633995784,0.11791200785534547,0.7157540842339853,0.6211271976078958,0.6628771703003524,0.6946687873872432,0.5016695902232295
0.0,0.34225623213614165,0.5702724495270947,0.0,0.35802070215867066,0.47077540094373455,0.08192897113059902,0.708152128807829,0.6537971727631554,0.3614759558897201,0.41602258079584115,-0.0052027574293823375,0.11399635362194199,0.6962460945458546,0.5956646075073517,0.09225846587729364,0.5667163847912446,0.46547266254180975,0.47360382071696683,0.5916351790325827,0.40337093376621,0.5303881145168566,0.6624019592264749,0.24666775700440774,0.8765150455069683,0.608373304032284,0.4507137794949421,0.2187146478408623,0.04586248833319512,0.4978836856628032,0.4817786129884914,0.0921243266850558,0.021590795561084605,0.02935966645187224,0.15863124374579074,0.17254813843344247,0.20603458996745116,-0.013850179080024339,0.05830337991702714,0.3059340500467117,-0.17575639382536143,0.015728559235210132,0.05466838695476234,0.8435727624146959,0.0,0.0,0.0,0.40493949643630056,0.0,0.0,0.5931547952216687,0.0,0.46351624174803596,0.01120939948017088,0.0,0.18045571224012588,0.4837755639892317,0.45394558445076943,0.0,0.0,0.0,0.0,0.0,0.0,0.0,0.0,0.48105985004619767,0.5992570839985276,0.0,0.0,0.0,0.5136808869038506,-0.43203448650414705,0.5837697145508338,0.0,0.0
0.40889750346042153,0.4087528190168763,0.454605342634809,0.35802070215867066,0.0,0.3455072678689329,0.22182937384612328,0.49851473245769784,0.22801426092670624,0.6926274957321902,0.2894717524849082,0.2903343021598784,0.5197874474956209,0.4809368919012215,0.49238775660581763,0.6273444111921644,0.5842376946373802,0.40027486395278167,0.24327627879762972,0.5444854430139179,0.5093425582509467,0.5710346347521233,0.5082211578823849,0.5441202585360422,0.48748356270609117,0.4875189393750261,0.5031841729605954,0.8842435971753435,0.77347682145753,0.4827478884167567,0.5178910188073242,0.4106897658895955,0.6442683493067708,0.5630467560844987,0.5131863392459173,0.3731330971461376,-0.011560938122938458,0.561873031231364,0.8287314479966804,0.7060727954874129,0.8646309438488786,0.40562489615098335,0.5192033198787275,0.657177370452865,0.2618500580908107,0.0,0.4236670828209314,0.5085793586554176,0.0,0.7147003426880505,0.6964645556959279,0.6435475266755554,0.5765772983926548,0.47502408719711076,0.0,0.4524412046105297,0.35766968749913364,0.8334088847156199,0.4972404804404614,0.2570834434123559,0.45668747240399543,0.0,0.0,0.579216631399216,0.32199176334050156,0.4936442514895953,0.35780664962688014,0.6311506619979335,0.0,0.4970692876801216,0.2964735940196913,0.6653806976414292,0.727305064267024,0.7188963908306379,0.0,0.7262270695427286
0.46766331557956003,0.40919200819552726,0.2717857752749421,0.47077540094373455,0.3455072678689329,0.0,0.41666156423506484,0.4490859600516889,0.0690828979366806,0.5665240190252208,0.3691610851143954,0.6792840023480675,0.5961302729091481,0.4964561020090428,0.5967717871731326,0.599859572062212,0.6236403175537729,0.6112352022803996,0.18061175076681085,0.3089441559176579,0.4875000145241474,0.3046904915692536,0.38817753865489135,0.395997820825959,0.5656915813252403,0.4355416836156526,0.3617030650016873,0.593742613953067,0.4272207494481052,0.7004790768703871,0.6968214671674158,0.6219506859771087,0.7171327503042205,0.6458906631218021,0.6849842537672309,0.5879821776478871,0.5063113978391716,0.4222435850465165,0.7583635473522735,0.33312006909600367,0.5934001725940699,0.32610375806333625,0.7378546060868091,0.5380519702347039,0.19635084349763055,0.6274824405355439,0.63478803586035,0.505815884859405,0.563364885280169,0.44151570863152256,0.6303602409170339,0.5668956208614933,0.4756545038383425,0.5366956288255994,0.7076260551374609,0.5057304603530235,0.3364823787696766,0.6839904165369615,0.7346142478286203,0.5669414333451719,0.6872461519012736,0.0,0.6179355627251022,0.4713262308120656,0.5583790520109847,0.40668684815487444,0.5551348850352413,0.5837927479806883,0.579155749171196,0.6018244688798475,0.5576223442453483,0.6354460916593019,0.605624945246286,0.7452348682323382,0.5718164475217744,0.6152749364931206
0.7930037363252858,0.5053977306454855,0.5130419563995074,0.08192897113059902,0.22182937384612328,0.41666156423506484,0.0,0.589539776615571,0.4982668270593255,0.5919237507182433,0.3783581375862045,0.1589521459959272,0.49250316756421086,0.2383972569593913,0.5216730973291279,0.6781341152129597,0.47581973991461235,0.5699662967323278,0.48324008137196905,0.539452684979514,0.4772093598805977,0.5827235933110972,0.5851927055951498,0.47854106182751216,0.637407264024547,0.6547656262668833,0.49597397657154624,0.3412751777023816,0.7161202740055999,0.4755503851336878,0.49732598901348235,0.5715810984817802,0.15379525597410287,0.10278384494382992,-0.04056409621899024,0.4031239002191306,0.22177499646986146,0.26472878897678936,0.148871908207999,-0.40525026527776786,0.22328406867158848,0.06864754533626855,0.7786249983679047,0.8372871984195072,-0.32067043430949155,0.0,0.7129047436760221,0.5017145171050786,0.0,0.6342443663999928,0.6988539562884186,0.6310535159362065,0.5133188400562745,0.702276598589948,0.5248634640284141,0.5144404565914907,0.14228052463669874,0.6373248647925847,0.34418253996920095,0.32732223220179746,0.6023332470004773,0.0,0.5423229553951359,0.6498900404356003,0.6178911594903612,0.49311622296502966,0.6168017382622535,0.6545018604927252,0.46661352067213424,0.9445081977257184,0.6573097881322774,0.7010637078672626,0.6896824798502865,0.6750773078736159,0.7838318475063282,0.644345808533362
0.35463442571257703,0.41305807182638604,0.7099571615504767,0.708152128807829,0.49851473245769784,0.4490859600516889,0.589539776615571,0.0,0.661761306199417,0.501793691080419,-0.04745961513222935,0.6459261311197066,0.7101561021703813,0.5363175063057308,0.5566311804407611,0.5437978582669714,-0.05788598234064529,0.46078331262913785,0.43658051668906595,0.46591441579234516,0.32970249313197214,0.13242649265545953,0.5380239542875233,0.29481787671556936,0.4569327654421088,0.463039104280055,0.5029190501025989,0.6366606154642347,0.6196322350876822,0.7122325335542559,0.4891637163876059,0.18045206138738537,0.5371095328061218,0.5547628592503286,0.462999830601473,0.4534594728302701,-0.045924665284081845,0.5878585024894076,0.45016790715095945,0.4118413422155315,0.30277007738524264,0.4754498245396633,0.5603852265765308,0.44669044551794324,0.0,0.5547044359517317,0.34229155902633546,0.5388009060454322,0.0,0.5952079366020214,0.5080665867673253,0.5219390475178541,0.24436249599773868,0.4428044135088697,0.8211768724245665,0.46957528846030216,0.9715575717438438,0.5458729465038803,0.5058701657595437,0.6235083328674289,0.38078154676542675,0.0,0.6572270388599275,0.5484251971415735,0.6811022316109832,0.6260230098697124,0.46850063048981405,0.49935283576169065,0.0,0.47203402285068424,0.4467694144813656,0.6443055840384289,0.49647479745668865,0.4951627849610387,0.5233439330780315,0.38400396722507957
0.4485368503039371,0.3170955014059979,0.5294199068369021,0.6537971727631554,0.22801426092670624,0.0690828979366806,0.4982668270593255,0.661761306199417,0.0,0.6036524119327067,-0.14259459361220567,0.5717279836302157,0.46075967622771674,0.5698819726217148,0.620273794622444,0.3710234467014958,0.5189417528908987,0.5073980272212364,0.07770935163067294,0.4495621569829018,0.4182911806873585,0.4404753741679795,0.5238925534986332,0.5632759765485722,0.4388409250113911,0.8693036481513888,0.42048236990584104,0.6546202376151984,0.6957516514825192,0.6141972072224116,0.6320510548999317,0.715050990979996,0.5519077259856747,0.6498407865092117,0.5343039376509825,0.6398684555174752,0.5792878910698693,0.5793899554381678,0.6393881514563569,0.18887060181098203,0.45263128087886184,0.3889221494402906,0.4618625861461221,0.4169534510913534,-0.053904193273138,0.0,0.5151256784495192,0.5851774243770513,0.4781305426959337,0.6193086934671155,0.6556331945597651,0.647109187114262,0.5721683094215864,0.5159012507203181,0.21361791910982114,0.6011166898210738,0.34044349990535167,0.5880949988357078,0.6267865837751057,0.4401068782720532,0.6905310849719943,0.0,0.0,0.5801236438512233,0.6091671884270502,0.6796393828805058,0.57086699132551,0.6521346161774293,0.3244315943730445,0.5643392718367527,0.3278607046096318,0.6185359805173756,0.5923215958740903,0.6986799028949762,0.4940558195743402,0.6858645865960715
0.46503993866711313,0.4946894337931436,0.48984392891425343,0.3614759558897201,0.6926274957321902,0.5665240190252208,0.5919237507182433,0.501793691080419,0.6036524119327067,0.0,0.5524570665083015,0.44896368864992436,0.4927183136974045,0.6448574456790974,0.3515388295106047,0.09230272225926253,0.647707135596808,0.2619787737366466,0.5362405198103499,0.14028730213151774,0.34658963906417833,0.34039102646273134,0.3367427919221916,0.5042823634224767,0.556703446569995,0.5770663670690603,0.36519270487863054,0.5307725596370322,0.19036973316247055,-0.06043160755439772,0.4539279373553637,0.16890952631680228,0.4892209457715908,0.44025131353495406,0.18202873622608576,0.337175560612182,0.28426277322161764,0.5229248980037388,0.4959770354753483,0.618104300256336,0.33034085905446575,-0.08866435602841943,0.3111548834814958,0.3256829417172078,0.5469163288635668,0.6440637896135426,0.4880678127690893,0.16152001509444214,0.4879600391271516,0.4576221190835685,0.09214827673002543,0.41306161254784857,0.5677874583716804,0.22706212305096501,0.6317785596010195,0.43192551869578955,0.6485403594300192,0.6770544151200972,0.0,0.9075887318594865,1.0592249918616519,0.7775059714779515,0.8078324689399559,0.47895136677484296,0.47171235877818773,0.5624113902479781,1.3203847911388238,0.4341533338437277,0.3301574188116072,0.7050786092186332,0.5783089271162654,0.576419220403362,0.6170485667041431,0.39772118740523227,0.0,0.7381231043491399
0.4512892562206883,0.9335006814587412,0.4827249003963735,0.41602258079584115,0.2894717524849082,0.3691610851143954,0.3783581375862045,-0.04745961513222935,-0.14259459361220567,0.5524570665083015,0.0,0.5010122396597612,0.47072869446063453,0.4222941343078437,0.0,0.5201379357415972,0.5557974867430125,0.4915832254137131,0.201957072112245,0.45554966681434306,0.5450790597293136,0.3882846193830317,-0.04970106733890445,0.5322371995839716,0.5422824930018334,0.5655913299901074,0.4026384771710104,0.5259666026352637,0.2740817194122842,0.5471749943701325,0.46853325859184514,0.3734888188889023,0.48017058743699,0.5209733449803572,0.4463751373577108,0.3340901737054466,0.5470025110338823,0.5311260121280419,0.323243524828285,-0.33551854636487327,0.6951007271220185,0.1512633887959869,0.4557567130280292,0.5707124575639845,0.19244107078926007,0.0,0.0,0.7266051274810159,0.4732977507070794,0.18616383991649824,0.5632836416756107,0.22788437513405438,0.3255823523214084,0.3639764025237937,0.7579441346082434,0.3793521172626325,0.8155480012560555,0.4520119199492758,0.5120397132037906,0.0,0.0,0.0,0.0,0.13482231442822587,0.35829844929959764,0.0,0.6745693775043922,0.44734942547159445,0.0,0.0,0.9528869220128042,0.5943942648526124,0.38470579286181295,1.2538278325030596,0.0,0.5252541647351404
0.5140804271912323,0.419461569681991,0.567409549478648,-0.0052027574293823375,0.2903343021598784,0.6792840023480675,0.1589521459959272,0.6459261311197066,0.5717279836302157,0.44896368864992436,0.5010122396597612,0.0,0.4710930448497054,-0.37670637430066956,0.40626878563400054,0.6222847962891933,0.7631377914162834,0.7038282952497401,0.5924320667939857,1.0562211513598831,0.3790272704458404,0.7284555877733656,0.2738081782458567,0.15427921286576848,0.6852554673519458,0.3744544571496909,0.38534755913185503,0.39518280562073604,0.8191048720564489,0.30160683597480487,0.5907868543107393,0.1353090661675667,0.5108910092734172,0.4110528494954855,0.7336340400957957,-0.08102065507579187,-0.020310971031229808,0.21719015773491146,0.2678398474074064,0.5701527541500062,-0.04667030597805433,0.08540847578676361,0.19433097062436436,-0.12942738482905036,0.4410343967135657,0.4778167406913842,0.5632613100786065,0.27419356187848054,0.1931356750225448,0.29430225528746023,0.33707749643164286,0.49681980953572946,0.23880025101700497,0.42287386107924596,0.6826658427322827,0.24461689401308373,0.7341355962355782,0.623663706981842,0.7213561056471318,0.6453048351351836,0.7967675409545851,0.7926341763434812,0.8618939819287967,0.3393100325953302,0.7740635722266844,0.7723002380097668,0.41263366731411283,0.5051796339921482,0.22634754772268037,0.6712044691647843,0.47301741098213923,0.33351439965108504,-0.015056251611958171,0.7286494735998025,0.0,0.8233871292534994
0.5936384785494666,0.5981137723921135,0.5365761608255512,0.11399635362194199,0.5197874474956209,0.5961302729091481,0.49250316756421086,0.7101561021703813,0.46075967622771674,0.4927183136974045,0.47072869446063453,0.4710930448497054,0.0,0.2614692749031953,0.6002918490512548,0.6342592944027916,0.42668580929426436,0.5724226257648153,0.568333981389183,0.6689016245931071,0.5438928520106564,0.6094892104757832,0.6274426881841344,0.4072297083644157,0.7421946853160929,0.5821976557356578,0.5294745605567234,0.4624841394430921,0.6776850541971449,0.24382597947646475,0.3104320352945844,0.5845208382290981,0.2983012699055939,0.31193467090043825,0.03687618659181724,0.331848166712885,-0.06663960380300765,0.34260619016146976,0.2057505073242456,0.13196343139667316,0.27898853065512896,0.25400640593453716,0.7588380110110797,0.3733632622851035,-0.1349057517883852,0.644337802450635,0.8656001969084774,0.6492371374829085,0.0,0.7880785755175144,0.7841123420570064,0.682450395293376,0.6262203479847896,0.7622533431539922,0.622302066227028,0.6698845790469541,0.6672913284037261,0.807854531766639,0.40615530793314836,0.5279497403329011,0.7532889102889243,0.4013675281775826,0.5609192797967586,0.673969628466109,0.6635218241950667,0.5993541700220388,0.573563556064746,0.7514621340961568,0.5014683312143995,0.6181122858131957,0.5828314036825126,0.7923623707374647,0.7720284350082848,0.7527401370921722,0.5507012859785736,0.6954130330442543
0.5149798550461391,0.5111225132539425,0.577759121068665,0.6962460945458546,0.4809368919012215,0.4964561020090428,0.2383972569593913,0.5363175063057308,0.5698819726217148,0.6448574456790974,0.4222941343078437,-0.37670637430066956,0.2614692749031953,0.0,0.5037174847318812,0.5620261518806389,0.4941696204921912,0.4788492921992058,0.5307002123843532,0.380429061487211,0.4874450611355504,0.43860174194067936,0.46255682878993215,0.6720924778179569,0.49098871383500253,0.49796407920294433,0.6017862373636763,0.33207767828310963,0.7110225799205891,0.8213966193466316,0.5173420638954678,0.2385517253139996,0.02644996306036776,1.061403640798804,0.335774376967792,0.2610280032196785,0.24378713752845027,0.10718276606287927,-0.2873929528132617,0.0,-0.6134647190169509,-0.8566989919019049,0.4868555650379916,0.4797572309417353,0.0,0.0,0.0,0.3912797456273085,0.0,0.4955598253699045,0.47415990569400185,0.6258043907589028,0.43488543701659027,0.32402839497375985,0.0,0.45344214278131134,0.407142581436096,0.47925381918655574,0.3437713612194191,0.0,0.0,0.0,0.0,0.48956718973591695,0.0,0.0,0.0,0.4960465280517309,0.0,0.0,0.0,0.497651891674661,0.876152070134628,0.0,0.0,0.0
0.12493623705008994,0.43967019424357245,0.33450543072213923,0.5956646075073517,0.49238775660581763,0.5967717871731326,0.5216730973291279,0.5566311804407611,0.620273794622444,0.3515388295106047,0.0,0.40626878563400054,0.6002918490512548,0.5037174847318812,0.0,0.6020218885278128,0.49172307982182284,0.5447855054184394,0.0,0.29790135383198135,0.4740563575165023,0.35979503712150607,0.5579895071430035,0.33836885288601226,0.5541920284959657,0.1725637404135378,0.2004085758042437,0.472968972922592,0.42624595907293106,0.6091841269561096,0.28306906085020517,0.4206579720839647,0.6882055390193565,0.27659011677556844,0.41747700401375576,0.6175193906019876,0.47143035682191053,0.37671477843875845,0.4443916021992549,0.7169726765300581,0.5318452279235852,0.522293189351094,0.515798892485579,0.6064046813156299,0.0,0.6124260050297722,0.6945818291960921,0.47846566286266023,0.0,0.0,0.6068715248187894,0.7121229532497746,0.7394148582162581,0.5575473054031652,0.0,0.0,0.6878760601300506,0.8209938851464682,0.4757121070515653,0.7164686648044429,0.7331825314755704,0.6288692766099333,0.7756656488171765,0.0,0.7691808808326677,0.5190258609773739,0.7850497860253907,0.7984880341612846,0.4587546055925569,0.7190039873351204,0.6171779093975189,0.7193582573266815,0.6170693180133452,0.6515219919161783,0.6708591199411683,0.5080044635057412
0.918756914005626,0.5964278902913143,0.40992859340808907,0.09225846587729364,0.6273444111921644,0.599859572062212,0.6781341152129597,0.5437978582669714,0.3710234467014958,0.09230272225926253,0.5201379357415972,0.6222847962891933,0.6342592944027916,0.5620261518806389,0.6020218885278128,0.0,0.47925293403929803,0.7892874534775115,0.45495609228188083,0.1941038057799375,0.6732671524458,0.34125499924820824,0.6849134621392108,0.650106628373565,0.6434283900873539,0.7390673302838396,0.5365690143318653,0.47270086080882584,0.4063429173610588,0.3668123948441184,0.272450132581006,0.7965588404822117,0.4832915489833366,0.33515203439679864,0.680547200202736,0.6524205828843509,0.3916299166408399,0.6125769912727106,0.8224590993279772,0.7634966283162292,0.8235908839187533,0.8716136125756135,0.46576857140740147,0.0,0.0,0.6465632159950958,0.9051186583346355,0.0,0.0,0.0,0.6971613333923952,0.6012351246823258,1.167181283727481,0.0,0.5326470247543874,0.0,0.5039533710055561,0.7803018149062153,0.0,0.5921419748072045,0.9060602156209032,0.5379911143518975,0.7328977665088097,0.0,0.7465792378154794,0.8935325292041548,0.7845473158431957,0.7095599970967262,0.42381893781731284,0.895151478356665,0.8588174182372686,0.7647451507823586,0.8038197343954028,0.909123687352909,0.0,0.8154981342208523
0.24232518426824215,0.7648575423951107,0.6326084330294264,0.5667163847912446,0.5842376946373802,0.6236403175537729,0.47581973991461235,-0.05788598234064529,0.5189417528908987,0.647707135596808,0.5557974867430125,0.7631377914162834,0.42668580929426436,0.4941696204921912,0.49172307982182284,0.47925293403929803,0.0,0.6080932633242584,0.5712382454299736,0.2652808773547142,0.09588983119570116,0.4133579999891335,0.3132991834877353,0.6134901267453873,0.553126698160459,0.5882477422068455,0.6068136413533861,0.6260136753568999,0.23429653973502124,0.13429014427613253,0.6103612056928126,0.760514182344995,0.6742376344127363,0.5752202130974939,0.2560225145732919,0.5899257916455198,0.24740200111381155,0.4810788921083745,0.7317073838018824,0.4432957186543116,0.639993858444307,0.5436785468984575,0.0,0.0,0.46203552437116624,0.6405474433014653,0.5495957070038019,0.0,0.0,0.0,0.0,0.0,0.0,0.0,0.5962056110861856,0.0,0.5372536340994168,0.3124755449987532,0.0,0.7920942179092558,0.688355965947182,0.7299277688957816,0.6707138489340817,0.0,0.0,0.0,0.5344276802728456,0.0,0.5623809229964103,0.7542924274374305,0.6709918157128492,0.0,0.2987508629957003,1.267882873499646,0.0,0.7489735932033819
0.7125732126608751,0.5770739998401049,0.16831563239872444,0.46547266254180975,0.40027486395278167,0.6112352022803996,0.5699662967323278,0.46078331262913785,0.5073980272212364,0.2619787737366466,0.4915832254137131,0.7038282952497401,0.5724226257648153,0.4788492921992058,0.5447855054184394,0.7892874534775115,0.6080932633242584,0.0,0.5072179841300266,0.5426967132182012,0.5230709881245101,0.5117871865597774,0.531499558443822,0.649341559989652,0.5241020671515971,0.7134601817922603,0.6300242719880598,0.3807451527460646,0.5588499969117817,0.2951355634788424,0.3502035474866091,0.6258922855784667,0.5847219957563594,0.49120180627387006,0.37932870762358173,0.39704225640449525,0.2576225928051611,0.3777934317942786,0.9392709096050518,0.4148773548470161,0.6251768593128044,0.6368607132392706,0.0,0.0,0.5769610140200604,0.7312423636431733,0.9416292133630847,0.0,0.0,0.0,0.5077376417503778,0.5662790669122282,0.8390817370946408,0.0,0.5516583129465458,0.0,0.5539137827285121,0.5808646376527022,0.0,0.7282017002160388,0.9127914925666123,0.6474795522853084,0.6602819159971636,0.0,0.7749707122081997,0.903406947443764,0.7206787811464426,1.0105292934535552,0.4336206837428209,0.743684386850844,0.7746855380445204,0.9630857843381627,0.8242702931823697,0.7063227096946267,0.0,0.7943194847738297
0.0,0.6427366280878167,0.05145620928284278,0.47360382071696683,0.24327627879762972,0.18061175076681085,0.48324008137196905,0.43658051668906595,0.07770935163067294,0.5362405198103499,0.201957072112245,0.5924320667939857,0.568333981389183,0.5307002123843532,0.0,0.45495609228188083,0.5712382454299736,0.5072179841300266,0.0,0.5559927589717908,0.4429204866115981,0.6918367932307043,-0.018597409074117055,0.4981632684939602,0.5309764652240445,0.5307801016404742,0.35388454711291517,0.6306774677756195,0.36797586344003025,0.6169901537366544,0.5857227249834915,0.5629844882780053,0.3382783785469526,0.579582536378506,0.4248136794397791,0.5994666696146183,0.5261895027271845,0.44420202137511394,0.788030869064168,0.4032982591761769,0.6780089278265047,0.1313904855423173,0.47238811627421423,0.34553866150610957,0.4075949635395578,0.0,0.0,0.7108675331388501,0.0,0.5501607874416091,0.4348312972421959,0.3819403777416603,0.6135563942440656,0.44606200552805886,0.9306201370466105,0.4595009222133626,0.5635674834969601,0.4241335164873917,0.44760766598400703,0.0,0.0,0.0,0.0,0.6810768087355783,0.4766932347816527,0.0,0.4949242875348407,0.5101199065452531,0.0,0.0,0.0,0.5292088242947632,0.5519929355951203,0.3922818550930031,0.4715174477828238,0.3448241109799408
0.35338293825843414,0.5059163894587767,0.4546759385933958,0.5916351790325827,0.5444854430139179,0.3089441559176579,0.539452684979514,0.46591441579234516,0.4495621569829018,0.14028730213151774,0.45554966681434306,1.0562211513598831,0.6689016245931071,0.380429061487211,0.29790135383198135,0.1941038057799375,0.2652808773547142,0.5426967132182012,0.5559927589717908,0.0,0.5703623085729839,-0.1815462160471933,0.665634651923259,0.691531390043572,0.7641173603855472,0.031403111572535114,0.5023233568399466,0.390608071713066,0.4065573863848366,0.7261971288676717,0.06085449703674384,0.1975255208146218,0.1672760726788398,0.14843682232706493,0.31411178252602795,0.5807538162797274,0.5211042512124471,0.8182318060415882,0.39728947530866077,0.517311047959737,0.5772848116276467,0.44831564021602976,0.6681679834679788,0.24123603248514958,0.2153449314882602,0.5238201262699982,0.6162937969389736,0.49362651106598293,0.0,0.0,0.6353420155822476,0.6292607967166552,0.5833714206767453,0.4435847263120827,0.9394870730115379,0.0,0.5900057338413487,0.6683980605502247,0.0,0.5293915139101643,0.6507865305734222,0.4655685826543765,0.7395257902595808,0.0,0.4790506461386054,0.5126506956694327,0.47564546380852757,0.5760914290918586,0.0,0.7219784005220103,0.40103312355791754,0.5521544170594657,0.5179490063963051,0.5594059252950682,0.43411214040406026,0.46065087264142474
0.27880034174538326,0.7713633340037032,0.39876632637117304,0.40337093376621,0.5093425582509467,0.4875000145241474,0.4772093598805977,0.32970249313197214,0.4182911806873585,0.34658963906417833,0.5450790597293136,0.3790272704458404,0.5438928520106564,0.4874450611355504,0.4740563575165023,0.6732671524458,0.09588983119570116,0.5230709881245101,0.4429204866115981,0.5703623085729839,0.0,0.5119466159733352,0.5336486927116265,0.34435467464788005,0.40888673502169814,0.5883312537455758,0.6790535701849113,0.531151448488902,0.6869806517143311,0.6980508115610164,0.47130873599344436,0.43635492907694196,0.523529836578816,0.34705545548506267,0.49216268804836216,0.7727243023989215,0.3488568073741434,0.5534795102060329,0.4089812709669117,0.6803467584169066,0.35380819289182736,0.3375096576488527,0.5699887873408696,0.0,0.0,0.49569307953400654,0.735908974874986,0.6574616112663672,0.0,0.0,0.8019759971024936,0.4408444610627985,0.6051409171592623,0.5455791342289048,0.603862124323183,0.0,0.7459639707671024,0.7154431212459873,0.0,0.5672223200919562,0.7540612913545547,0.0,0.5401437093385723,0.0,0.4102086715577756,0.49701740383941484,0.7106911055386903,0.48589127822953077,0.823843167973912,0.5863243261791196,0.7304212231275968,0.4808025575487507,0.41509272628664734,0.5018652140518224,0.44967383154004575,0.3738515523216593
0.618194642869011,0.42548619536820603,0.5654179000091499,0.5303881145168566,0.5710346347521233,0.3046904915692536,0.5827235933110972,0.13242649265545953,0.4404753741679795,0.34039102646273134,0.3882846193830317,0.7284555877733656,0.6094892104757832,0.43860174194067936,0.35979503712150607,0.34125499924820824,0.4133579999891335,0.5117871865597774,0.6918367932307043,-0.1815462160471933,0.5119466159733352,0.0,0.7675808426226007,0.4464492382446136,0.7136416910374739,0.5640790084849076,0.3221850056612211,0.13116825923137976,0.2720204681268896,0.451050918317576,0.25183165721535716,0.47725062777245963,0.38952049212945905,0.3563382515216438,0.4555108636107357,0.5395988551715363,0.6835895515815045,0.6103660305471952,0.387825187258558,0.47338783471281676,0.5768868543076239,0.3618979678429093,1.059407239241641,0.360741386219111,0.2506715750170717,0.6617469142823476,0.8344723602519077,0.5840989194162377,0.47801221458162174,0.24491099967607197,0.7486482864015926,0.688279080481527,0.848988735204246,0.6606215916902725,0.4184143032531479,0.0,0.5469472659218607,0.6585169175942526,0.0,0.6124775813141772,0.8046397279618893,0.4116209173055665,0.7979505444566084,0.0,0.4182370508921827,0.532648716529233,0.6914204151177736,0.530088704681562,0.7458571526634667,0.7556660905337498,0.7432263914953232,0.5663133210956909,0.6624151794692643,0.5221148191374649,0.850134373403674,0.6728537553326936
0.352289087736211,0.5942243355427621,0.3647315030926184,0.6624019592264749,0.5082211578823849,0.38817753865489135,0.5851927055951498,0.5380239542875233,0.5238925534986332,0.3367427919221916,-0.04970106733890445,0.2738081782458567,0.6274426881841344,0.46255682878993215,0.5579895071430035,0.6849134621392108,0.3132991834877353,0.531499558443822,-0.018597409074117055,0.665634651923259,0.5336486927116265,0.7675808426226007,0.0,0.3089323332089119,0.500965565114694,0.4346932346209742,0.04512267236362749,0.5563743422417908,0.6455050911757216,0.6104139212458004,0.5212378490273195,0.6077367642209524,0.6107105245705196,0.5079054465045763,0.5547158343836379,0.6534870930326591,0.5541456535642557,0.31280139392573203,0.6642118560006096,0.6503249224376528,0.6283193524041486,0.6801818523626312,0.7864696745988642,0.7457087682822492,0.5709843293377241,0.5315120661845469,0.777073484747522,-0.11525190683836933,0.45200555315622976,0.6185459100315185,0.6656157596639494,0.5446951436949516,0.5067901159875381,0.4910899529978847,0.7207353845645343,0.4876310449938248,0.4230021326333111,0.6322003583375513,0.5261002804711541,0.6740667962714693,0.7544582674569944,0.4717123587781876,0.577823499873803,0.12496636561348468,0.6523736730645471,0.739580284274602,0.675895767558244,0.6416006883055165,0.23664130956872587,0.7084149899395984,0.5135148193872732,0.5365291038942204,0.5825274917090135,0.7263814399641815,0.6694192547170483,0.606997430279444
0.48485905782954586,0.41258485154192515,0.401379244103365,0.24666775700440774,0.5441202585360422,0.395997820825959,0.47854106182751216,0.29481787671556936,0.5632759765485722,0.5042823634224767,0.5322371995839716,0.15427921286576848,0.4072297083644157,0.6720924778179569,0.33836885288601226,0.650106628373565,0.6134901267453873,0.649341559989652,0.4981632684939602,0.691531390043572,0.34435467464788005,0.4464492382446136,0.3089323332089119,0.0,0.5260950662348529,0.437621977015772,0.4881843524865087,0.552824284851178,0.6259660553381021,0.8125359367405773,0.6855305368531989,1.0124634933752463,1.0825411162433625,0.73737515235844,0.9408118573555992,0.010093974032201719,0.3496951065960301,0.7408535570352477,0.7562543302517305,0.6543569419415713,0.34255794178457455,0.6258772600116622,0.5930331281725243,0.34983959497075384,0.3656009322810877,0.40145024986874533,0.4859350185898599,0.0,0.0,0.46373237075233387,0.5751037115612933,0.29508700607021676,0.0,0.022474896346482545,0.4959489750163057,0.543839690767459,0.5103155961323225,0.4429336697022497,0.0,0.22712295617115194,0.5070743924091763,0.6796224998092398,0.6321295030918006,0.47362932211479297,0.3310002968544297,0.44873005026890267,0.1567321985120118,0.8263162025141613,0.24174261918944207,0.6517380844781863,0.4709870639878361,0.5255072792090856,0.6827112998664909,0.6120714931577964,0.0,0.6699922898933628
0.4286177106647546,0.41311815102724014,0.4229806548533635,0.8765150455069683,0.48748356270609117,0.5656915813252403,0.637407264024547,0.4569327654421088,0.4388409250113911,0.556703446569995,0.5422824930018334,0.6852554673519458,0.7421946853160929,0.49098871383500253,0.5541920284959657,0.6434283900873539,0.553126698160459,0.5241020671515971,0.5309764652240445,0.7641173603855472,0.40888673502169814,0.7136416910374739,0.500965565114694,0.5260950662348529,0.0,0.29405928963787464,0.6279677580181362,0.5667872085867094,0.8203847677867333,0.4058826781875411,0.473151624657997,0.539977646692888,0.6633272632204891,0.5264823216356542,0.44344002635094604,0.5409342626598344,-0.15549076158671649,0.6384078142202264,0.8234428662284107,0.5899341987856782,0.6742083037017657,0.6783356922909333,0.09843167672435166,0.0,0.7084954255728054,0.5016246988986051,0.9483436895975761,0.0,0.0,0.0,0.6911470925594132,0.5470402215274968,0.6991449076395078,0.4083592161424744,0.6577496662512433,0.46831512000023096,0.664137088228148,0.5066668414444913,0.0,0.7937845991142463,0.8717768913834962,0.7485312421494574,0.7669038443145122,0.0,1.048515417511242,0.57570315291398,1.0248127033200238,0.7148804484667655,0.4439477429912243,0.8028952171720499,0.7226820091135016,0.7394990876311601,0.763750326569005,0.6056430359872083,0.0,0.8213703888289898
0.8454776628894816,0.39463295019174005,0.45094080438737316,0.608373304032284,0.4875189393750261,0.4355416836156526,0.6547656262668833,0.463039104280055,0.8693036481513888,0.5770663670690603,0.5655913299901074,0.3744544571496909,0.5821976557356578,0.49796407920294433,0.1725637404135378,0.7390673302838396,0.5882477422068455,0.7134601817922603,0.5307801016404742,0.031403111572535114,0.5883312537455758,0.5640790084849076,0.4346932346209742,0.437621977015772,0.29405928963787464,0.0,0.5011044327605295,0.5524320579436544,0.6140463147038313,0.25155825565928136,0.5022358429897065,0.7751168542314651,0.707238099447741,0.5297439177019572,0.6022222067465064,0.7305584951029864,0.5114079912338455,0.36960695775662017,0.6025103368452553,0.5802304096887603,0.7759636960621852,0.3161058114348543,0.19951494732692993,1.2825474003369814,0.3988327998271888,0.5860570965941533,0.8898257628362067,0.668048850359203,0.0,0.002714438694002082,0.7125053702935029,0.7192950242765073,-0.013579961582634581,0.39681726917878757,0.49562277968752566,0.0,0.489961479484806,0.8431735302197924,0.0,0.6380249514107829,0.8959638875770285,0.6286792699380036,0.7113281316260125,0.0,0.5850367135904121,0.553619078741717,0.8329087964078233,0.6008335526753434,0.35514815102620245,0.7963801803226236,0.7204786742907158,0.6709933477348206,0.5930730352484382,0.7166310246159866,0.47930950803509254,0.7817329947277097
0.44216663780325965,0.49581421981396057,0.34227277459996275,0.4507137794949421,0.5031841729605954,0.3617030650016873,0.49597397657154624,0.5029190501025989,0.42048236990584104,0.36519270487863054,0.4026384771710104,0.38534755913185503,0.5294745605567234,0.6017862373636763,0.2004085758042437,0.5365690143318653,0.6068136413533861,0.6300242719880598,0.35388454711291517,0.5023233568399466,0.6790535701849113,0.3221850056612211,0.04512267236362749,0.4881843524865087,0.6279677580181362,0.5011044327605295,0.0,0.5175993625371177,0.48012930883219607,0.5330521850615391,0.4490827729127349,0.349798486614163,0.35367400620651496,0.3697331250370486,0.37923500936411725,0.3641871395716858,0.45425661646139426,0.2771633938798176,0.6151857884144865,0.17917027318255854,0.6220902484578419,0.5865740235481207,0.7122564788828067,0.6942262399868575,0.40461328131786223,0.44498701646502065,0.5726310166527029,0.5682520141100941,0.47040255684540233,0.5361727342694622,0.6752463383275122,0.5249276615301236,0.438053562270188,0.5734386645451629,0.7042114976905302,0.5545315227194022,0.11368232170321171,0.6560563824792598,0.7226842666009569,0.5994966262619127,0.7034349759597737,0.0,0.5464741708614449,0.6525301029738306,0.5969877716714023,0.6848108025249757,0.566013616889926,0.5620982925263162,0.0,0.6730136017938091,0.518710137137389,0.6258802967126147,0.5843371397366112,0.6687070826146642,0.44794555398009495,0.6078390308618979
0.2704890402852327,0.6141430245442121,0.6631254707973038,0.2187146478408623,0.8842435971753435,0.593742613953067,0.3412751777023816,0.6366606154642347,0.6546202376151984,0.5307725596370322,0.5259666026352637,0.39518280562073604,0.4624841394430921,0.33207767828310963,0.472968972922592,0.47270086080882584,0.6260136753568999,0.3807451527460646,0.6306774677756195,0.390608071713066,0.531151448488902,0.13116825923137976,0.5563743422417908,0.552824284851178,0.5667872085867094,0.5524320579436544,0.5175993625371177,0.0,0.5946442725582204,0.4420085815805357,0.4343415149463041,0.4087441152046096,0.28805548031879413,0.12295989004222119,0.15596063459433473,0.23776728666578317,0.08407479481780247,0.31520729619023485,0.046010361105895375,-0.021413969306303515,0.10300128694899585,0.007604157660960509,0.4786108250210932,0.1408187727062206,-0.019869662615271455,0.6272820946859693,0.7463463618556906,0.5748473393217423,0.0,0.736638449825449,0.7676949148511449,0.6272437863754587,0.5559526134752566,0.6022202227011638,0.766209500035588,0.6912780409154189,0.8339080514552017,0.6975341323339914,0.34230250841470355,0.5272874829882574,0.5402559713955153,-0.058319217061237244,0.5997279222907387,0.7363688427518938,0.6621189670231404,0.5499717909723661,0.5886725339980361,0.6610431047726423,0.5423092860301717,0.6548684212540352,0.4264316683665238,0.6995047055200377,0.699280107823212,0.6986115104399924,0.7048515474893755,0.6568976485967127
0.5728200719024272,0.6169671721323297,0.7524963326140837,0.04586248833319512,0.77347682145753,0.4272207494481052,0.7161202740055999,0.6196322350876822,0.6957516514825192,0.19036973316247055,0.2740817194122842,0.8191048720564489,0.6776850541971449,0.7110225799205891,0.42624595907293106,0.4063429173610588,0.23429653973502124,0.5588499969117817,0.36797586344003025,0.4065573863848366,0.6869806517143311,0.2720204681268896,0.6455050911757216,0.6259660553381021,0.8203847677867333,0.6140463147038313,0.48012930883219607,0.5946442725582204,0.0,0.6573923417361587,0.2553929996132227,0.33421276936459066,0.014417216396399979,0.31105378112128934,0.3561221763094923,0.3817116126682932,0.31159654643517265,0.5370605947101904,0.6748329338346992,0.6387552980345015,0.7039180114701717,0.686137367872067,0.5157077126866444,0.7783399937420432,0.6346691236180813,0.4724249877630355,0.599714169611673,0.5722718831380298,0.4542845519212395,0.5392245843448535,0.7527918895323975,0.6566639087626303,0.744338426765823,0.5753751492394505,0.6287383029760385,0.4385603631751832,0.5642662026022752,0.7177346085735463,0.7578984406247931,0.5188215442870765,0.7669978963159807,0.4810166737011589,0.7473549056275528,0.509385835897081,0.5594841490285669,0.6978165444526324,0.5495245737975833,0.6945768919575405,0.481463904622484,0.7325207979055379,0.5629725821819666,0.7415109360737955,0.6662046928951416,0.7698326963723973,0.6076638620218581,0.6140464459966023
