0.0,0.04723799260615291,-0.001550780210829994,0.0,0.0004965744593141141,-0.0030216516112647196,0.0395713032681243,-0.03308303580750804,0.0002307216404926482,-0.01420972584264718,0.0005487870852101673,-0.00827211583937354,-0.00680960266906544,-0.0020840585328482653,-0.04700768761552754,0.021504866050756355,-0.022825623313694532,0.01297352741776625,0.0,-0.03425319323805992,-0.02974022260526832,-0.0005640390906623827,-0.03443517195208157,-0.023397733110635033,-0.011312740042095704,0.014463319158899424,-0.025527293666317175,-0.04591176863180124,-0.0024571226538981916,0.0020517066700879716,-0.0023946811495182407,0.029362770166584895,0.009956516677640526,0.01082136658618954,0.011108220556617698,0.0001627402560675506,0.00034838262615444204,-0.005080153226807882,0.01647960895349182,0.015924988258479045,0.003849904362342116,0.0015529113618853452,-1.1308520545760814e-05,0.0,-0.00101416779830521,-0.06966471720403478,0.017687757741835064,0.0,0.0,0.0,0.021123318021615267,1.1102230246251565e-16,-0.002046593795902385,0.0,-0.012837775255434336,0.0,-0.0014031709929358538,0.0258656636532536,0.0,-0.026741296324119146,0.027058806448782058,-0.0021624800991046356,0.017858362697494856,0.0,-0.002626735577750061,-0.11573295766371894,0.010098834125456535,-0.025180422120449686,-0.08670458472738723,0.03069714155893194,-0.0017635162052483944,-0.0013789497102031922,-0.00021959782347025225,-0.0018114609549397254,0.0,0.010596337898707953
0.04723799260615291,0.0,-0.01508979491279444,-0.00013814604672229835,-0.020188612249996907,-0.01880885511158442,-0.008453618095783377,-0.03858784918934344,-0.025713878538643542,0.004167218195598732,0.061052524616136694,-0.0019813151299217235,0.003026129956839485,-0.00017292891290882073,-0.021457665579524055,-0.008725896560097257,0.021028558232576766,-0.009205454969099025,0.0012495865113411053,-0.011583699078886955,0.020115939521631987,-0.027052287166130617,-0.012785925857150604,-0.002453413568825502,-0.01767625044017035,-0.018459393900366328,-0.013673177729419561,0.007761407916154706,0.012976965097754034,-0.0026569377714127373,-0.0016029313463635786,0.01972096179568189,0.0029624155347466874,-0.0010307746532490225,0.0011857751565498287,0.04922345039273135,-0.0002452617457344708,0.0,0.029315310813020357,0.03381131362886686,0.02868208217338497,0.035395415968707655,0.0009033672979621432,0.0,2.220446049250313e-16,0.007190381885974317,0.026458268607310986,-2.0204171002125015e-05,0.0,0.0,0.0217299358430037,0.019616945533696473,0.0008267432378593065,0.00011062225921321112,0.0379641970099151,0.0,-0.0006507069963298528,0.02037770818518636,0.0,0.02284461272141064,0.029408525406329766,0.0018690371913138715,0.011971320175898748,0.0,0.008938997109884717,0.0006788721754731886,0.025022691486741633,0.01570641352940433,0.010450415791155132,0.024139006085974024,0.02400411145567899,0.015130946946427859,0.02500076927731376,0.014187530885935995,-1.1102230246251565e-16,0.027638472781132906
-0.001550780210829994,-0.01508979491279444,0.0,-0.0007647294564483986,-0.02129503257486909,-0.042127896579910895,-0.016906459052235367,0.0009061505085310451,0.01295980679929054,-0.01046013415076591,-0.02059455861941689,0.0006432266555642663,-0.018673831453900225,-0.013155754478662962,-0.001183322576542467,-0.0038175978896046736,2.5606513759046656e-05,-0.03646377862987693,-0.06988971309696118,0.005722679785739926,-0.0029438459799404626,-0.0006215432006965171,-0.03242584692394196,-0.0016478209213950934,-0.01867088591351662,-0.0053221012385323285,-0.02394535399981873,-0.002897203331339082,0.02192405966869576,-0.008220605249782742,-0.00021185053965983025,0.0041236300697257144,-0.010013908536107174,-0.00010629743938417313,-0.009100282248850011,0.0034264374134230224,-0.006365548892640405,-0.009735042484599832,-0.04363177497973797,-0.0062570551514550266,-0.004256198440597769,-0.031186670733899413,-0.015318774505946486,0.00217278053081843,0.0,0.0,-0.000345753052218567,-0.15087507270567402,-2.5399239418355535e-06,0.02018048165014863,-0.0007685205858112276,-0.006162656717219828,-0.013310169647813175,-0.11339351717122725,0.0005906498049109699,0.036231333180291425,-0.001272934136634818,0.01225886635919371,0.001721595279614796,-0.00029424895388485695,0.0,0.0,0.0,-0.10313424864170095,-0.0001239541937922417,-0.00027804950354620717,-0.0005037155879818456,0.001004501810863645,0.0,0.00015228828256153015,-0.022589981504006817,6.383977374946337e-05,0.008615560500785935,0.007892911695606408,0.000992764144667757,0.0045332378125376716
0.0,-0.00013814604672229835,-0.0007647294564483986,0.0,-0.013287294148509765,-0.013490103778873108,-0.04686585810100061,0.02542753062452152,-0.00016346182719501057,-0.00047343542136829564,-0.018552195097555513,-0.07248027870816609,-0.04819276316888371,0.03897096622524093,-0.0007323004306961645,-0.00019416977674152625,0.00033016319875689426,-1.156602376645166e-05,-0.02084341101560716,0.0006973769929667362,0.00010678367626026919,-0.00217378497838816,-0.0007330670457992849,-0.0014106642003339775,0.0006100873566237119,0.0015815651920770835,-0.02266329775356024,-0.032745259785262465,-0.044246309459536226,0.00039004950679982775,-0.004024861834514226,-0.03852388526098516,-0.0662219274660232,-0.0751778385030257,-0.05172014953354154,-0.012212125581868016,-0.010792904489935334,-0.045759746262350715,-0.04191248784475676,-5.3838331553091034e-05,-0.05630808400923906,-0.03601311756397557,-0.02848279929802522,0.04608009969480492,0.0,0.0,0.0,-0.0005470735273116478,0.0,0.0,0.0002532230131718216,2.220446049250313e-16,2.6470385517785022e-05,-0.0005018530040058478,5.551115123125783e-17,-0.0009478779907245993,-0.0006483980440967763,-0.00027553739342850436,0.0,0.0,0.0,0.0,0.0,0.0,0.0,0.0,2.333891861600046e-05,0.00015515666667453853,0.0,0.0,0.0,0.001113296802538355,-0.16359374245083466,-0.00013279995836001923,0.0,0.0
0.0004965744593141141,-0.020188612249996907,-0.02129503257486909,-0.013287294148509765,0.0,-0.02348354613648207,-0.03580986956106019,-0.019141225515543647,-0.03195187510491887,0.0061458846974598025,-0.024347220832163896,-0.029216459972099817,-0.016392392888092577,0.007877028691578136,-0.0004514263455516754,-0.004709825062533979,-0.0009410019785255352,-0.009284619896990032,-0.04689240486873003,-0.008663814341962173,-0.0015938627784059523,-0.00156977022550836,-0.006783575383380813,0.0012268554851119773,-0.014202245062277907,-0.007097002904267957,-0.010343047590065546,0.039212285250964485,0.022465951169281684,-0.0015393636424437807,-0.012189999454964295,-0.009681267243332459,0.014536604184308022,-0.003231971593677163,0.0016565524703879286,-0.0003455437422932861,-0.08953481774696542,0.010705501381924165,0.052970069043424106,0.0008045521732887861,0.05193060707146263,0.0007589337575618083,-0.0030162928582839754,0.0017659926494610345,-0.0002856388919769137,1.1102230246251565e-16,-0.00013623881224611445,-0.018471010921598197,0.0,0.03333930185793743,0.010483060121489363,0.005263709561882379,0.0016282363857973436,-0.014940952047495681,5.551115123125783e-17,-0.00781351524892121,0.00015835160027261042,0.033569988817325924,-0.006421754484314923,-0.00031577071675575885,-2.3769713989207908e-05,0.0,-5.551115123125783e-17,-0.009588748364183386,5.9251474736343734e-05,0.00015287592392843052,-0.0005398837512831656,-5.2576953002314575e-05,0.0,7.425485659684483e-06,-0.010661772979481066,0.013210946109494581,0.017688609746928652,0.02905508744930052,1.1102230246251565e-16,0.027624756619848978
-0.0030216516112647196,-0.01880885511158442,-0.042127896579910895,-0.013490103778873108,-0.02348354613648207,0.0,-0.020986683993098387,-0.023357287531684867,-0.06185337624206988,-0.008783868452918453,-0.02354836752296252,-0.0023385483510854344,-0.0015101168422134714,-0.009397243343561401,-0.00786821295519724,-0.0027037305343799445,0.01122265963668545,0.0016515738238763178,-0.0617406786527398,-0.030601530663947163,-0.017355616840576626,-0.028712909517767782,-0.027258317927931652,-0.0011103284081886433,-0.002673424476375863,-0.03374316795232052,-0.026199300299586004,-0.00542506796465575,-0.007016902193076158,0.0026929316491638433,0.004550986109653654,0.004500029075807654,0.0016270576016017002,0.00012877645423692297,0.006844836508780372,-0.004926487923259282,-0.00962433068009172,-0.011314284649307282,0.02064365887653752,-0.0029048438000000565,0.004674470858170743,-0.030034059935430568,0.012962572096605063,0.0003611457810732688,-0.0018838500114738421,0.0013750164532728149,0.006206170654438847,-0.024313832461026474,-0.0004991994735546457,-0.009813798533125029,0.0007875181746044291,-0.014677347933140683,-0.034118952825213045,-0.02072250909873541,0.0032820784378077006,-0.0191723877977229,-0.0018249229759566,0.005691969613228154,0.02576294317766692,-0.007520674721890386,0.013770631225988983,0.0,0.008137854264989586,-0.023015428893612855,-0.009129912384764238,-0.0047455600600648795,-0.014442955331431695,-0.006487760095505002,7.335663500168677e-05,0.01514693262042982,-0.006032019274593847,0.0013226283902196823,0.0030494313890629954,0.016903765461008136,0.006369610929129577,0.004335108717609115
0.0395713032681243,-0.008453618095783377,-0.016906459052235367,-0.04686585810100061,-0.03580986956106019,-0.020986683993098387,0.0,0.005480292373292228,-0.016301203901376515,0.0003602569793407784,-0.03481539432640318,-0.028800282016326784,-0.019335260350497263,-0.038696722698985164,-0.0008670001900220603,0.006673959395189999,-0.013987817549722004,-0.006293858902839455,-0.018010154225209962,-0.006576365706431775,0.0002687302670095204,0.0005875172024003006,-0.0036576982186045104,-0.003759481630417616,0.005546795052732756,-0.0023381657734771744,-0.008465337030707565,-0.02220076748127514,0.012866670983499862,-0.003960586796250387,-0.009490329952725751,-0.0017815791353443244,-0.05172642479292883,-0.041718215785280066,-0.056285534727490205,-0.0211968400510264,-0.0320175358314318,-0.03687312210152105,-0.07593568046852661,-0.06451515985836243,-0.051762153847861314,-0.07011933785244812,0.03733180843943362,0.004520487686880181,-0.04971201801744962,0.0,0.012376241746661576,0.000679585012228423,0.0,0.015551692420637586,0.010127515471673676,-0.0014279434295983995,-0.009261679551093749,0.007800191559736547,-0.003094090217259926,0.004009628076026339,-0.020440306713142786,0.019543629256415063,-0.0007077640584323142,-0.0008086248388263773,0.0008983014145714785,0.0,3.494838094919572e-05,0.009817931153854098,0.0010314147530738338,0.0008015180474789108,0.0011507226236680546,0.006171600930415133,3.5680914300173505e-05,0.021847517174234443,0.00941940975431671,0.01621617011689358,0.01943416352322952,0.029224876874220318,0.0008093022421757912,0.019213172856071492
-0.03308303580750804,-0.03858784918934344,0.0009061505085310451,0.02542753062452152,-0.019141225515543647,-0.023357287531684867,0.005480292373292228,0.0,0.00046139484128093766,-0.008114830706643539,-0.12063407089682648,0.0016756768361762542,0.012529335184820078,-0.03440282192114502,0.00026683236728003434,-0.021363489418502413,-0.018583091041841304,-0.0294356493225158,-0.03794895307693641,-0.00632438129459989,-0.031845001566821796,-0.06071615589225249,-0.009968751140903731,-0.02471688261437771,-0.02528373510071885,-0.022079257120432016,-0.01809497383340225,0.0033797367137953227,0.014350992813766505,0.016153480934169073,-0.017677451639061537,-0.054849537438197316,-0.001642465079863653,-0.004246005932567576,-0.0011639792465653054,-0.01181830893242275,-0.1398226087462327,-0.0002910227904620033,-0.02327874457752721,-0.0014987084746295731,-0.01933906192812046,-0.0047077554805755595,0.00246593762955144,-0.0014716121899281398,0.0,-0.00030000802523766357,-0.002539816269517714,-0.029061456987005463,0.0,0.0009717088606999158,-0.019835524871607557,-0.019067450961524735,-0.08381522704499339,-0.02812009972778018,0.0005782945582845644,-0.018049502204775414,0.00010492523116206742,-0.0115693788252752,-0.009088363390583276,-0.008002954768384918,-0.00031050686560685214,0.0,-0.00016820567731673508,-0.027447712276124414,-0.0057461775828897554,0.0076789414658582356,-0.0037292268399478634,-0.02725734134606289,-5.551115123125783e-17,-9.924773705027867e-05,-0.000999053714394016,7.39896452285338e-05,-0.015346596575411708,-0.027458924998709167,0.0011747662884435406,-0.016294740128931673
0.0002307216404926482,-0.025713878538643542,0.01295980679929054,-0.00016346182719501057,-0.03195187510491887,-0.06185337624206988,-0.016301203901376515,0.00046139484128093766,0.0,-0.008789176752287076,-0.08603259896130722,-0.0073889926385758975,-0.026525436544664993,-0.002073704671443244,0.0006273696549027874,-0.036764640169205776,0.001494130499598234,-0.010845550300060958,-0.05312067314817681,-0.01958359256611808,-0.001388763582976793,-0.018451761709745274,-0.013982455026583684,-0.0039769541326793445,-0.021288195553786637,0.03736912843793955,-0.013112589610320968,-0.0009126983900367702,0.028775083165149484,-0.0013097698258361379,-0.002641605772876532,0.008832657947388745,-0.012493279121848389,-0.0008969649771095045,-0.011668723532943792,0.0007630882653378857,-0.0037820507712794105,-0.01215920103504442,0.0014912583197610463,-0.018120027368392855,0.005065294351268401,0.011091807143532695,-0.016039093055599307,-0.003394372474555596,-0.02720407434913219,-5.551115123125783e-17,0.0011258373409915312,-0.016409553859055737,1.2201913711096246e-06,-0.008223352765276748,-0.002977902027099355,-0.0060444347588408665,-0.016057240008121365,-0.021457879659614876,-0.0012554607056344813,-0.00857183808731976,-0.011908544022112277,0.0035523811208271194,-0.0010960598474234473,-0.00028371048205616534,0.0003139661894013268,0.0,0.0,-0.010706794416006526,0.0003867685200162896,0.001367477672221229,0.0006149746113454646,-0.0020278513304192725,-8.811657768992287e-05,3.223693256770854e-05,0.0038972358976290256,-0.000644125216069269,0.01131800520533277,0.01577633154092234,0.00011890159496930064,0.009510904230189632
-0.01420972584264718,0.004167218195598732,-0.01046013415076591,-0.00047343542136829564,0.0061458846974598025,-0.008783868452918453,0.0003602569793407784,-0.008114830706643539,-0.008789176752287076,0.0,-0.013847367671415367,-0.009874323983666833,-0.014443483475496455,0.011111599003061079,-0.022778947383193304,-0.04637918023656579,-0.004420388559890298,-0.03406840018427165,-0.014462544240863906,-0.04144826593715184,-0.05391966691654576,-0.023448367924581714,-0.0272291664343568,-0.0033923092927735654,-0.02460468672092503,-0.013898044565407552,-0.02311607661197196,-0.013544339878564293,-0.039636813955370775,-0.06553067908261145,-0.026787436888730864,-0.025212964569358287,-0.020593103395010248,-0.01293341450436053,-0.03749488349300867,-0.02801302723312571,-0.02403746820784991,0.005734944483235249,0.006930414097270465,0.02279652795123971,-0.03225577900554044,-0.1027236530085835,-0.007421247529128094,-0.000676082484642071,0.005382081269980077,-0.0046300965309069575,-0.00034610219639941153,-0.00048246532369256023,6.9284156393178975e-06,0.00034143053188306904,-0.043197699945267065,-0.0053839839969263,2.7947226324431806e-05,-0.00198548568351109,0.010032529068970397,0.0005764174015125967,0.00861786568065237,0.008299944773408507,0.0,0.0008989859287781288,0.051125293864778265,0.03260099851163756,0.03648870722742631,-2.277406527584347e-06,3.7002101225092066e-05,0.0004954983334559682,0.06969563975853238,-0.012624762055481853,-0.022786996893625178,0.024591999908517015,-0.0012472536009501822,0.000855456750862682,0.013836498795977037,-0.0011586951602465811,-5.551115123125783e-17,0.012153703911317204
0.0005487870852101673,0.061052524616136694,-0.02059455861941689,-0.018552195097555513,-0.024347220832163896,-0.02354836752296252,-0.03481539432640318,-0.12063407089682648,-0.08603259896130722,-0.013847367671415367,0.0,-0.012414019520746777,-0.017382457596779033,-0.022616053426287475,0.0,0.00012212444278247858,-0.003724230301552278,-0.011555849427961284,-0.042480481360851086,-5.164861833606427e-05,-0.00013477112073079223,0.0002409150668205573,-0.09906947163923158,-0.0038317546392772073,-0.007728371949267676,-0.006066351920915092,-0.025916682801684132,-0.008699557336329655,-0.014871580137776508,0.0003932215091287383,-0.018065266408198832,-0.02518105418303196,-0.011121292888680245,-0.016247312813473802,-0.01635040273634597,-0.04493412393208107,-0.015328410346504728,-0.013633877294255026,-0.04658362401311511,-0.04443750899065757,0.023930130542785033,-0.027388179592768958,-0.029201598140279172,-0.0003204514697005001,-0.0005967490112235851,0.0,1.1102230246251565e-16,0.027560508484764934,2.3627517370394813e-07,-0.061664134170029195,-0.010127163865622624,-0.06167134057100565,-0.061150990817668116,-0.07801894397032727,0.024352248988246283,-0.03075961412733591,0.03822068000670559,-0.02153441492099112,-0.017636761382401223,5.551115123125783e-17,0.0,0.0,0.0,-0.11974295348123326,-0.0005655595792081192,0.0,-6.053442394676756e-05,-0.031485465920451816,5.551115123125783e-17,0.0,3.450871055282745e-05,-0.011935429120171315,-0.022280262047522592,0.06910162721424368,0.0,-0.005858220576070272
-0.00827211583937354,-0.0019813151299217235,0.0006432266555642663,-0.07248027870816609,-0.029216459972099817,-0.0023385483510854344,-0.028800282016326784,0.0016756768361762542,-0.0073889926385758975,-0.009874323983666833,-0.012414019520746777,0.0,-0.009938701993477683,-0.20462678815073151,-0.000349680688833065,0.00041561181542620895,0.004795122464157309,-0.0011741984953390627,-0.0007052338728867902,0.06186787087826984,-0.03281972929810628,0.047401025482292636,-0.03125570379968695,-0.032391108596489304,0.0012523583194485877,-0.025538068497849564,-0.016917267888078902,-0.018196667528690647,0.02764922979535933,-0.001187860006291619,0.0040484454956047355,-0.026582136598062966,-0.0023144022551181975,-0.003683319049313072,0.02627627941912397,-0.0673028709947538,-0.05676606101101306,-0.009169668222439809,-0.0646125449615953,0.019686813770250555,-0.10651051297085626,-0.046387285931727085,-0.026778009465463548,-0.04715363980501683,-0.002134778525012815,-0.0023773711185681168,0.001429572598876827,-0.00044718332941906525,-0.0007045322327179915,0.00012704205161723214,-0.0007000568533142015,0.0007917305121779572,-0.0004536579962587939,-7.834175301840718e-05,0.01080684634565049,-0.000937717896029644,0.008233736064550912,0.012963323882493383,0.0002527879993219906,0.00010460082302721219,0.024604918424298905,0.029505212063298147,0.02746349207744664,-0.0004978255968776102,0.00038324109634346737,0.0015139261952129002,-0.0003997883845838768,0.002423905257081971,-0.03993300590418131,0.011165585857527582,-0.01836749181705094,-0.00022315932245303705,-0.09584464054549813,0.015220000627981067,0.0,0.020003420444262343
-0.00680960266906544,0.003026129956839485,-0.018673831453900225,-0.04819276316888371,-0.016392392888092577,-0.0015101168422134714,-0.019335260350497263,0.012529335184820078,-0.026525436544664993,-0.014443483475496455,-0.017382457596779033,-0.009938701993477683,0.0,-0.049039700685273635,0.00041146814429576795,-0.004609744663478299,-0.018069390311226785,-0.013710409581144667,-0.0068966469327765845,0.0011060892019087443,-0.006096453582558781,0.003257990675315625,-0.005381708826001641,-0.007103195430286813,0.005877339205883292,-0.013964238504769966,-0.012970199865186105,-0.02110667226144114,0.002629091884872925,-0.04843843703819106,-0.025609804087207477,-0.0022121663084117005,-0.026931727574994457,-0.02486271612314017,-0.05557273608894647,-0.035122738849513224,-0.07250480567706508,-0.02045387605052479,-0.054132884791745106,-0.05397282545752341,-0.04058319503377755,-0.052194430474797215,0.03655897918607892,-0.0042690347493980485,-0.05423162444612406,0.0006659119744369391,0.023890359385084936,-0.0036732989463695853,0.0,0.013701249738713228,0.020457590043338247,0.010257933354036686,0.001961370374851945,0.013529824024102188,0.009413441546870793,0.025037844395335573,0.024995482425141824,0.027096821954375128,0.00021530437809791358,-0.002731089218185434,0.02084556457918829,-0.0002678181433830584,0.002066977003972237,0.0037422822120495303,0.008198143539148717,0.0007433339561258023,1.3137487969161477e-05,0.01217217675792548,-0.0004352246984691832,0.008505653970410643,0.0032427064669672268,0.017018030398178174,0.022290531355781962,0.017426262718578278,0.00046738994954820257,0.02246595954099817
-0.0020840585328482653,-0.00017292891290882073,-0.013155754478662962,0.03897096622524093,0.007877028691578136,-0.009397243343561401,-0.038696722698985164,-0.03440282192114502,-0.002073704671443244,0.011111599003061079,-0.022616053426287475,-0.20462678815073151,-0.049039700685273635,0.0,-0.000349360879748406,-0.00038402591737296543,-3.174852338766465e-05,0.00010188142764339103,-0.0164331746514364,-0.00054292857621141,-0.006122324901531917,0.007057111337253896,-0.024948458671100848,0.002657571660702074,-0.0002881782615858919,-0.0024170876777475647,-0.006623036451635977,-0.028781703185643603,0.05066404449909745,-5.52602762516341e-05,-0.008618356291259899,-0.03072013248590899,-0.06311814257267417,0.0696715893001989,-0.0015553155176199485,-0.013850022444836407,-0.006600516563338349,-0.036542578284070815,-0.1590843845862353,0.0,-0.15566835835838475,-0.0995309833312622,-0.012736113706493135,-6.801177939719238e-07,0.0,0.0,0.0,-0.02470914479444125,0.0,-0.004371249724151538,0.0022826919087918784,0.021826135903888655,-0.02098758447027177,-0.023200075754788718,0.0,-0.01627321066580323,-0.00017477430134643646,-0.021793760173503818,-0.01962353663019334,1.1102230246251565e-16,0.0,0.0,0.0,-0.007018353627308405,0.0,-1.1102230246251565e-16,0.0,-0.01723074194356361,0.0,0.0,5.551115123125783e-17,-0.0014838530417716211,0.007839989009376547,1.1102230246251565e-16,0.0,5.551115123125783e-17
-0.04700768761552754,-0.021457665579524055,-0.001183322576542467,-0.0007323004306961645,-0.0004514263455516754,-0.00786821295519724,-0.0008670001900220603,0.00026683236728003434,0.0006273696549027874,-0.022778947383193304,0.0,-0.000349680688833065,0.00041146814429576795,-0.000349360879748406,0.0,-0.007651852680730931,0.0026484260727636655,-0.003461611579700652,-1.1102230246251565e-16,-0.05316827047167516,-0.010774042722685895,-0.037121218404794765,-0.014936575662133023,-0.028813119180617075,-0.0010296655818933798,-0.05865647901089882,-0.05791757626255739,-0.0068802087704409876,-0.019756556893014088,0.018626750081026155,-0.0427364880806787,-0.013170331142806635,0.008372154050561631,-0.04166391124952756,-0.023858130945993816,-0.006560585658827667,-0.002290806751778063,8.285886579278978e-05,-0.0062937675853854125,0.011685648809374616,-0.004276535667626424,0.000752572425452458,0.004481173804060101,0.0002615559359466779,0.0,-0.0010459019513905932,0.004670908735243062,0.0002514773168498796,0.0,0.0,0.009944861087209489,0.0021340733083125007,0.027696555016272884,0.0005288765553073116,-5.551115123125783e-17,0.0,0.0007731183378972273,0.033069535000760986,-3.873154371780707e-06,0.00986521728118861,0.011506862289573316,0.00036955007801697803,0.005756002315198183,0.0,0.0025858300426441216,-0.014755377441702633,0.003125299831888917,0.00903405539428398,-8.466217572916657e-05,0.01142685303791563,0.001388873709868621,0.010805179267443343,0.005989760096910712,0.010302061593087053,0.011374978638288014,-0.0027959457042057156
0.021504866050756355,-0.008725896560097257,-0.0038175978896046736,-0.00019416977674152625,-0.004709825062533979,-0.0027037305343799445,0.006673959395189999,-0.021363489418502413,-0.036764640169205776,-0.04637918023656579,0.00012212444278247858,0.00041561181542620895,-0.004609744663478299,-0.00038402591737296543,-0.007651852680730931,0.0,-0.009097695198765687,0.008960911132807947,-0.00014814251847272697,-0.045450595050083864,-0.0020878325630874217,-0.03338472458599251,-0.0043527548598887855,0.001380964140138663,-0.0019872637675745763,0.005962111320372887,-0.016833339296101646,-0.019575163513868954,-0.02437280411902354,-0.028555825025424753,-0.032146416306381986,0.019249749863323895,-0.0021606588283925587,-0.01745050863128572,0.008175660092140269,0.0015195111281609552,-0.0002127231466843016,0.0018339714115615524,0.01573897818992348,0.026350316667504925,0.024652123842112794,0.02995389527541703,5.050297785358371e-06,0.0,0.0,0.004979578550794339,0.024796255787629118,0.0,0.0,0.0,0.013981801377881964,0.0005691132350321149,0.012385417162070811,0.0,-0.0016145555500023945,0.0,0.004786453818971859,0.01741547165751084,0.0,-0.005390838217325888,0.03097156951748259,0.0006234718569659847,0.01276457034122297,0.0,0.01965075557094298,0.02735260118508631,0.016337043495859238,0.015492438029394429,-0.0019473448710921049,0.025299832336779293,0.017038505955304817,0.01909960907592445,0.025723619028154676,0.028798368798791885,-1.1102230246251565e-16,0.02847878606088905
-0.022825623313694532,0.021028558232576766,2.5606513759046656e-05,0.00033016319875689426,-0.0009410019785255352,0.01122265963668545,-0.013987817549722004,-0.018583091041841304,0.001494130499598234,-0.004420388559890298,-0.003724230301552278,0.004795122464157309,-0.018069390311226785,-3.174852338766465e-05,0.0026484260727636655,-0.009097695198765687,0.0,-0.011120816468300154,-0.008738613479731261,-0.027720416080990185,-0.03620067608502159,-0.02823656576159972,-0.014980769715599529,-0.0023579251473667684,-0.007706301400459248,-8.621811516895672e-06,0.004896223121859056,-0.024452951128850653,-0.020018913545033046,-0.029996720913948394,-0.006980823675505787,0.010967319566448475,0.0006592894271936767,-0.006272653851074894,-0.031708352239106175,-0.003271874112003137,-0.00035406093650691695,0.002944781266971619,0.01724668230855314,0.005508274792633883,0.024876915054030557,0.00045181317112391595,-5.551115123125783e-17,0.0,0.0005553555949894817,-0.0010929439369213312,-5.291057942002908e-06,0.0,0.0,0.0,0.0,0.0,0.0,0.0,0.01043423509873631,0.0,0.0045708005800151885,-0.0010994855162990147,0.0,0.00012680962610150948,0.03189977093843138,0.024678358028081382,0.02201316981211704,0.0,1.1102230246251565e-16,0.0,0.00035827573467472895,0.0,-0.006028013862875714,0.02429244776571876,0.008718767432447871,0.0,-0.0012682807698262133,0.036156408182313915,0.0,0.023158179396438716
0.01297352741776625,-0.009205454969099025,-0.03646377862987693,-1.156602376645166e-05,-0.009284619896990032,0.0016515738238763178,-0.006293858902839455,-0.0294356493225158,-0.010845550300060958,-0.03406840018427165,-0.011555849427961284,-0.0011741984953390627,-0.013710409581144667,0.00010188142764339103,-0.003461611579700652,0.008960911132807947,-0.011120816468300154,0.0,-0.001645353344089051,-0.004848399175747975,-0.015637005465165166,-0.009289501947201129,-0.018642828041610215,0.004359045312069543,-0.014702429207104462,0.013014186653547144,-0.005545090937171149,-0.02436621891843005,0.0006933851148134829,-0.03279391293191758,-0.024052423297379555,0.0006754412812261523,-0.007579823667872909,-0.016403761981849563,-0.015392007094371607,-0.023780066764051866,-0.0003050747205319282,-0.003555924527418153,0.029491320217656714,-0.009142610896325287,0.01542939087753098,0.012238619477013213,0.0,0.0,0.0012270130884029506,0.010405249439634723,0.03689223888290377,0.0,0.0,0.0,-0.0024320111011771894,0.00018883420247034488,2.748869913704599e-05,0.0,-0.004206637047791173,0.0,-0.0009273112378702097,0.003345349874682546,0.0,0.013471792717671904,0.03690035625652649,0.010405688338208818,0.01298002807681603,0.0,0.03326328176258381,0.020931399618089097,0.014032543261323027,0.02923786637346948,-0.02407315557375772,0.019875232619796235,0.015269792083443923,0.039685398582187725,0.012975884847386043,0.023441103311456046,0.0,0.018964143453774174
0.0,0.0012495865113411053,-0.06988971309696118,-0.02084341101560716,-0.04689240486873003,-0.0617406786527398,-0.018010154225209962,-0.03794895307693641,-0.05312067314817681,-0.014462544240863906,-0.042480481360851086,-0.0007052338728867902,-0.0068966469327765845,-0.0164331746514364,-1.1102230246251565e-16,-0.00014814251847272697,-0.008738613479731261,-0.001645353344089051,0.0,0.00038137064683541055,-0.00035965070917792774,0.0013128509584784398,-0.10867779762928614,-0.00026250194054877607,-0.0013946807985020793,-0.0007348581324843617,-0.03131898089043983,-0.004234324157142699,-0.01910200220597935,0.00048027213324469686,-0.006519499616866431,-0.013116372088395889,-0.02302150543791337,-0.01002969528864367,-0.021813571884924943,-0.01111952772482927,-0.005422233117062247,-0.01064854322263048,0.014878004104909748,-6.070806924468597e-05,0.04601548978224379,-0.012506606903310957,-0.04361927374227392,-0.00164002032748084,-0.00016232064954557757,0.0,0.0,0.016064665863812277,-5.551115123125783e-17,0.015551176009820922,-0.029454241545281867,-0.03551072221120327,-0.001577482765633853,-0.04336630991555923,1.4179367675892784e-05,-0.05566465787864289,0.0005519476570135518,-0.015450126945783516,-0.010191888383527359,2.220446049250313e-16,0.0,0.0,0.0,-0.004454160530949491,2.6199468818377536e-05,0.0,0.00010781701613971073,-0.028962818517718647,0.0,0.0,-5.551115123125783e-17,-0.023107977031022964,-0.00674380038938438,-0.010620628782742447,9.032419501153743e-05,-0.02069362747454806
-0.03425319323805992,-0.011583699078886955,0.005722679785739926,0.0006973769929667362,-0.008663814341962173,-0.030601530663947163,-0.006576365706431775,-0.00632438129459989,-0.01958359256611808,-0.04144826593715184,-5.164861833606427e-05,0.06186787087826984,0.0011060892019087443,-0.00054292857621141,-0.05316827047167516,-0.045450595050083864,-0.027720416080990185,-0.004848399175747975,0.00038137064683541055,0.0,-0.005898260820695722,-0.08688809595957947,0.0042732197028095276,0.01601440059979642,0.013236057895616271,-0.0724208311322726,-0.01805739267658868,-0.03581715741262237,-0.027429639372294312,0.011787636237335253,-0.0612932880772003,-0.03830992325200311,-0.044635468253879707,-0.057938038744347053,-0.038876133451125006,-0.02357922588988315,-0.00016152758444049065,0.005343924156591462,-0.01732749557624408,-0.005019238405478077,-0.005105551852352841,-0.009737558740070207,0.02267940420731629,-0.0010745033639006363,-0.00047400789880513994,-0.0006210418400254825,0.0009005865075249475,-0.0003427815532581757,0.0,0.0,0.01476776612955677,0.0017640235602891519,-0.008854367063881485,-0.0012247806184149668,0.0007476500272093345,1.1102230246251565e-16,0.0007962789013384874,0.0077721258515310865,-1.1102230246251565e-16,-0.017079434348088562,0.01577716637322024,-8.033933830697837e-06,0.01659245536421261,0.0,-0.01805956351001764,-0.008096059715379023,-0.016839442984506736,-0.006104269670163642,0.0,0.01930686859816766,-0.01569039178354409,-0.006934928866847323,-0.0025619214657784384,-0.004275041440876759,-0.0055072258977001964,-0.015145924074195072
-0.02974022260526832,0.020115939521631987,-0.0029438459799404626,0.00010678367626026919,-0.0015938627784059523,-0.017355616840576626,0.0002687302670095204,-0.031845001566821796,-0.001388763582976793,-0.05391966691654576,-0.00013477112073079223,-0.03281972929810628,-0.006096453582558781,-0.006122324901531917,-0.010774042722685895,-0.0020878325630874217,-0.03620067608502159,-0.015637005465165166,-0.00035965070917792774,-0.005898260820695722,0.0,-0.008062713867081572,-0.012021445086549343,-0.024895599598772022,-0.022359484225116688,-0.01022403484093265,0.0036133822277242267,-0.000745681979282653,0.02257283048348524,0.023103144211627236,-0.018151593183262316,-0.0020220976106574695,0.002875180943396616,-0.022114478921678116,-0.010073470132902662,0.05563540940154588,-0.000627325750480412,-0.002368237790042471,-0.0173378925780171,0.01337354993290879,-0.016340241647079812,-0.019327228306882327,0.0025450504498230053,0.0,0.0,-0.01729384746656043,0.013668275243051753,0.0018053426698487751,0.0,0.0,0.030053251618111287,4.550379981937969e-05,-0.010786159783988503,0.00039632634634112485,-0.000560698146221561,0.0,0.0007185958681719673,0.01974245770047106,5.551115123125783e-17,-0.007020963370581057,0.017811888078780036,0.0,0.0011118998556389204,0.0,-0.03174088815606402,-0.02430146006153877,0.004005696514831625,-0.017811029569815617,0.001175733431554804,0.011509489914082072,0.00043326164892110164,-0.015111245177964083,-0.02433001677220975,-0.018703804055982765,-0.0023745853396320293,-0.0034607305127791754
-0.0005640390906623827,-0.027052287166130617,-0.0006215432006965171,-0.00217378497838816,-0.00156977022550836,-0.028712909517767782,0.0005875172024003006,-0.06071615589225249,-0.018451761709745274,-0.023448367924581714,0.0002409150668205573,0.047401025482292636,0.003257990675315625,0.007057111337253896,-0.037121218404794765,-0.03338472458599251,-0.02823656576159972,-0.009289501947201129,0.0013128509584784398,-0.08688809595957947,-0.008062713867081572,0.0,0.0008483682415618143,0.0012868759090394755,0.0006990240891441291,-0.012623385874563131,-0.030028779400168848,-0.09164238099702388,-0.0386083300310715,-0.0378176000520567,-0.0415798800328242,-0.01643466854906339,-0.020197943604981117,-0.03720678156012175,-0.02695678374803462,-0.015238051953608778,-0.003017095513379031,0.004567468508179129,-0.016481623952569358,-0.009357456214531046,0.005400285439553731,-0.018558007679267796,0.08684601182023516,5.863188578014711e-05,-0.0003747014058965714,0.0031195189734032347,0.02022307997064615,0.0004338428143200179,2.129800103833901e-06,-0.00013730731509459249,0.011918593465523486,0.0028840651947690255,0.02948968619101,0.0009387587855821944,0.00012343134094944253,0.0,0.0008380299896387222,0.009357877141753956,0.0,-0.009231190666040667,0.026787616374792378,-0.0007847361321820512,0.028575608599942626,0.0,-0.01995045838405185,-0.011512324557796327,0.004204376078044525,-0.013043568485893331,0.0017722668437844535,0.025722365504605826,0.01572407883502258,-0.005065542066662487,0.009291537695926388,-0.008739561165398424,0.019473708298477443,0.009729720162669209
-0.03443517195208157,-0.012785925857150604,-0.03242584692394196,-0.0007330670457992849,-0.006783575383380813,-0.027258317927931652,-0.0036576982186045104,-0.009968751140903731,-0.013982455026583684,-0.0272291664343568,-0.09906947163923158,-0.03125570379968695,-0.005381708826001641,-0.024948458671100848,-0.014936575662133023,-0.0043527548598887855,-0.014980769715599529,-0.018642828041610215,-0.10867779762928614,0.0042732197028095276,-0.012021445086549343,0.0008483682415618143,0.0,-0.031853194792359485,-0.01807276942728364,-0.025398225209715963,-0.060893734609608396,-0.004361685430358586,0.005009021827045379,0.0007060822060784289,-0.015214537587979915,-0.003655244625274001,0.004381773662618271,-0.015952622208000478,-0.007774278094424325,0.000921726491866004,-0.01003973442113748,-0.012616369358177004,0.004780732508105845,0.005049555970944308,0.003685938174932013,0.01082430951874147,0.023832653545632188,0.014074651704789054,0.0003925711561157952,-0.0005299598686542839,0.004541678735841881,-0.20361098039211495,-0.0005153025038027725,-0.007604170700502788,0.003458563009235416,-0.014933222150780634,-0.03225046000674908,-0.041178153359884395,0.010813093585756217,-0.05793423371279671,-0.0029757728027565156,0.004951946366489213,-0.02031317260896931,-0.0017925921867253392,0.016324664546883083,1.9543432544733008e-05,0.0009682289081239248,-0.2075117236078603,-0.0009025858976888235,0.012380209453651758,-0.00041266937691458727,-0.023287232738347596,-0.0002596259357726116,0.013973051164254235,-0.021130344945759383,-0.009961264630735545,8.037477134958948e-06,0.011364178893583099,0.0025123556824825366,0.001825703443386395
-0.023397733110635033,-0.002453413568825502,-0.0016478209213950934,-0.0014106642003339775,0.0012268554851119773,-0.0011103284081886433,-0.003759481630417616,-0.02471688261437771,-0.0039769541326793445,-0.0033923092927735654,-0.0038317546392772073,-0.032391108596489304,-0.007103195430286813,0.002657571660702074,-0.028813119180617075,0.001380964140138663,-0.0023579251473667684,0.004359045312069543,-0.00026250194054877607,0.01601440059979642,-0.024895599598772022,0.0012868759090394755,-0.031853194792359485,0.0,-0.013283914699669552,-0.009748526647527012,-0.002567895660223307,0.002151777438748892,0.0005980159738814828,0.0007043708046715058,-0.00015744750574203659,0.0848759826336749,0.06310523532362039,0.02814294911940457,0.08606906376086909,-0.09170793523398862,0.0017960100605944884,0.043590955439653245,0.019672946803598934,0.009532494299173189,-0.030990265880545154,0.008081907067529093,0.0008506899043658755,-5.699854763169254e-05,-0.014563114928178522,-0.033013222826697386,-0.004021693215472966,0.0,-5.551115123125783e-17,-7.719297815145243e-05,3.0442387959683792e-05,-0.00023942552776634596,-1.6653345369377348e-16,-0.0002620170116213738,-0.008609344350108683,0.00019096473628732458,-0.009832284539031122,-0.002324455441462925,0.0,-0.000966349857470572,-0.002701109521599687,0.017396143168543432,0.006803296999320085,9.406935548794682e-06,-0.0003296486003483978,-0.00036271199875032023,-0.0034706953947670205,0.000677222569335556,-0.04425058768849316,0.0049481849955004265,-0.023703725739780745,0.0002366524216461663,0.0034805491422013057,-3.883776139274042e-05,0.0,0.014287762102956736
-0.011312740042095704,-0.01767625044017035,-0.01867088591351662,0.0006100873566237119,-0.014202245062277907,-0.002673424476375863,0.005546795052732756,-0.02528373510071885,-0.021288195553786637,-0.02460468672092503,-0.007728371949267676,0.0012523583194485877,0.005877339205883292,-0.0002881782615858919,-0.0010296655818933798,-0.0019872637675745763,-0.007706301400459248,-0.014702429207104462,-0.0013946807985020793,0.013236057895616271,-0.022359484225116688,0.0006990240891441291,-0.01807276942728364,-0.013283914699669552,0.0,-0.018447387546113303,-0.003268655353472094,-0.0064133940936156875,0.03146345734192596,-0.0037028132742474296,-0.01832608948601988,0.010051122296230064,0.004233401972651596,-0.001512498162498599,-0.008166447199473792,0.0015658736059402933,-0.021701261450769116,0.018889209190249223,0.020520230001320527,0.008810915416782805,0.015996942709458117,0.01115003538453796,-0.001107616021783775,-5.551115123125783e-17,0.03749410819832272,-0.018166320592176488,0.03912004938437641,5.551115123125783e-17,0.0,2.220446049250313e-16,0.010949625453232192,0.0009447440629418158,0.0011904089296936315,0.00041228723808012235,0.01616426763458284,-0.0002508297779602042,0.0089987331108069,0.0074206821904057585,0.0,0.029747327833285042,0.03545405085227554,0.02908170931425419,0.021885726914894932,0.0,0.0446743394917814,-0.0003064685814168633,0.04975773922142318,0.021610911696331114,-0.02052564199606599,0.023861523819373898,0.010674663499694426,0.030589260243653937,0.013238577240663907,0.015412892939756728,0.0,0.023323889282082177
0.014463319158899424,-0.018459393900366328,-0.0053221012385323285,0.0015815651920770835,-0.007097002904267957,-0.03374316795232052,-0.0023381657734771744,-0.022079257120432016,0.03736912843793955,-0.013898044565407552,-0.006066351920915092,-0.025538068497849564,-0.013964238504769966,-0.0024170876777475647,-0.05865647901089882,0.005962111320372887,-8.621811516895672e-06,0.013014186653547144,-0.0007348581324843617,-0.0724208311322726,-0.01022403484093265,-0.012623385874563131,-0.025398225209715963,-0.009748526647527012,-0.018447387546113303,0.0,-0.025892100435347287,-0.017916698363071137,-0.006715336423471829,-0.02112116976359063,-0.010969953210707373,0.014805664179099565,0.007722432041106508,-0.005128870130392593,0.0015530692285328218,0.04380847253816267,0.0012672242105191134,-0.011146609862720314,-0.0005097690161895985,0.002998939811332091,0.013341864247288782,-0.023737412271611635,-0.004787806469152556,0.01085650783455372,-0.012170346616728833,-0.006258526543357346,0.02307020147488692,0.0021104319076417632,0.0,-3.926861517294933e-05,0.005168044848496978,0.012534604591284249,-0.04665469338922151,-0.0014878400508262501,-0.01078492491784494,0.0,-0.021236742917800144,0.023899983500107025,0.0,-0.0032207198074482024,0.031712868897478985,0.011958788611562632,0.014706719935230872,0.0,-0.004553175464656001,-0.031785262111530654,0.011516281577172105,-0.0038432056182645113,-0.03932190734782598,0.018813176424043676,0.009139409700869294,-0.00040276539288308655,-0.00025096625413745244,0.002953380373389214,-0.0003569508497747731,0.01961765477651678
