0.0,0.003011647232465109,-0.0009952385311380874,0.0,0.0003495739300773404,-0.00213435434149567,0.0025407682884627247,0.0050663730537309215,-0.0006494245550089928,-0.03369595748491272,-0.0014557692939458078,-0.032197189459277575,0.0010281576842607332,-0.0038695110799722987,-0.007555448125522668,-0.016924980758741714,-0.0009295368779891344,-0.010982841044796188,0.0,-0.0006498227674237023,-0.020496455837254623,0.008019129162382177,-0.0061070527188314405,-0.0356057447209609,0.009303669916734925,-0.014854211970191489,-0.023849527109776614,-0.023271048361208746,0.003968532185768647,-0.0006763793939841278,-0.011264526237669659,-0.028870679781983877,-0.004848981403385355,-0.017511945082828384,-0.018608555797491433,-0.00044683289161639994,0.0006362519347566931,-0.037983033208914774,-0.024425431102039097,6.696067080230739e-05,-0.010697203815432155,-0.030404135026422197,2.932192159188496e-05,0.0,0.0008237388234321741,-0.04969620337727959,-0.02036093635330244,0.0,0.0,0.0,0.01143142555430715,1.1102230246251565e-16,0.0006713656329068729,0.0,-0.04344914802138633,0.0,0.0029610603409888636,0.0008529653827019645,0.0,-0.0813966252457411,-0.0017631411152175258,0.02570825921277159,-0.006161862241594429,0.0,-0.0005532840715175569,-0.039256936093789774,-0.012028757480790797,0.003970294298273502,0.003394494393310521,-0.003999107566544147,-0.011689557351886204,0.006724179365817595,-0.00031616177844751014,0.0028172418556848267,0.0,-0.010615779327221908
0.003011647232465109,0.0,-0.00873272621801735,-0.00019654992256812331,0.00706824148101759,0.00019321519064113835,0.021352698818315474,0.0038553224610396453,0.004909010260782276,-0.0037667332573645407,-4.358801979448268e-05,0.00783707105245135,0.02389711884779433,-0.0008849138572232795,-0.00975100917951982,-0.016218827372874667,-0.003547358930909461,-0.012771472040305265,0.0013525639277867652,-0.01734264075072922,0.004241834785929599,-0.004276803049367561,0.001673621732962205,0.010487471795559311,0.001872304436006056,-0.014841201340552501,-0.02502327870403226,0.02601378769561924,0.0015029395064850015,-3.836077189744991e-05,-0.0023479841877029894,-0.030583352324238866,-0.0041848193834212455,-0.005652708983772015,-0.01566170629240815,0.014118475616306303,0.04414815038387221,0.0,-0.022989481266352696,-0.0003653694445161504,-0.0055088944628203795,-0.004185098543605992,0.0433697509153112,0.0,2.220446049250313e-16,-0.016608633632551162,-0.02030120373247768,5.2387499811068494e-05,0.0,0.0,0.0017540161613390226,0.002222401808872343,-4.579081420630349e-05,0.0005577533140267987,0.010045515157457496,0.0,0.0003379612840191393,0.009447492857900641,0.0,-0.01809782931990278,-0.003783356796507653,-0.011994705915738146,0.002450418146126454,0.0,-0.0013740883690578909,-0.021009830859460676,-0.011940480325854375,-0.004993075087956156,-0.0009826901372958496,0.0005517266445727587,-0.011394199291093476,-0.0062438182198889525,0.024176516596888187,0.0011634269117375418,-1.1102230246251565e-16,-0.009095817898543579
-0.0009952385311380874,-0.00873272621801735,0.0,-0.00814220216197653,-0.02505061580968282,0.0035621424490181464,-0.016868619484729896,0.003775758933382556,-0.003911203971800059,-0.001981415542545828,-0.0382838163348313,-0.0011854062377364971,0.006478762863956433,-0.0050287494596812365,0.00010459165270032544,-0.0006966218790515066,-0.001276012448221009,-0.0007530273443207003,-0.028389247695970232,-0.0006085574086828749,-0.0051985450333014716,0.004038980958930016,-0.01565312318982831,-0.0010262239397262896,0.0007688238377192014,-0.025668571409147967,0.008666810520812585,0.007952318228609978,-0.0066877089480363305,-0.012749974957509846,0.00582761991552222,0.003927288058399925,0.0009399776294807816,0.008537138141111011,0.030413891587076247,-0.010064423427205926,0.022881184221320294,-0.002040117070750691,0.04287941786299598,-6.005257401353603e-07,-0.040531991229463715,-0.0011811815655764502,0.018401749772294862,0.0031699484702630842,0.0,0.0,-0.00028322783666651086,-0.15132636071905203,6.585781965662285e-06,-0.07683261514860779,0.01632716444005522,-0.03915999059105035,0.005022744792169465,-0.05944838758744392,0.007860067794825953,-0.16138037192839844,-0.001303467872837194,-0.0453425305750923,-0.049883468876512016,-0.0004015454446005817,0.0,0.0,0.0,-0.1614979863667163,-0.0004055649052296939,-0.0010343501361122498,-0.0005260714845979342,0.0022910175525673315,0.0,0.00011777708757676475,-0.0009317941622615789,0.011592929867980328,-0.026541907090100125,0.0017726220359658429,0.00012292838770044945,-0.032628862416243964
0.0,-0.00019654992256812331,-0.00814220216197653,0.0,-0.014789307423816206,0.015239954241049514,-0.02446419746335865,-0.02559704594997675,0.021218865789534302,-0.022648600008055436,0.0009367251875317395,-0.006810022227306922,0.021532224090197172,-0.017976441431614254,0.0011279857140529814,-0.006351716100375493,-0.0005473297817270018,2.9989603028912626e-05,0.002725666622441003,-2.3253970082903752e-05,0.0008373417442607001,0.013886543865234802,-0.013135177868560277,-0.0031315207133511547,0.0004644797949449053,0.002511430626495781,0.0013579363033045522,0.01176450169575799,0.01695909997471623,0.06706175114961127,0.028195590034760742,0.016602748867431794,-0.016549530388936917,0.12029968748374181,0.10061750605341202,0.02446147454004796,0.006504347342632444,-0.006898846909158041,-0.0019695105796562196,-0.000948274587513509,-0.0005592782040692024,-0.0021135882606552747,-0.0034224486287965927,-0.0015131308699912194,0.0,0.0,0.0,-0.0009753022817957091,0.0,0.0,0.00060312354268105,2.220446049250313e-16,-6.863519993799416e-05,-5.6615044038255125e-05,5.551115123125783e-17,-0.0010956167645837511,-0.0013580778972427932,-0.000415474422479134,0.0,0.0,0.0,0.0,0.0,0.0,0.0,0.0,-6.051560316200355e-05,-0.0008236561572012024,0.0,0.0,0.0,0.0006395304271480384,0.0018827886157236629,-0.00014726369345852142,0.0,0.0
0.0003495739300773404,0.00706824148101759,-0.02505061580968282,-0.014789307423816206,0.0,-0.01566507678844492,-0.0018234595260749331,0.0025220516309853447,-0.026363735275363342,0.008758951471711407,-0.03994330986866612,0.035172557768157364,-0.0163793222558673,-0.011505633757705469,-0.0006336763577580173,0.0033572816964023144,-0.03720289458397957,-0.007308413369014,-0.031957743596597143,-0.0005673981890672031,-0.002881820226835863,0.01409464522888737,-0.03482469650850467,-0.052583391665672496,0.000181687939695252,-0.013687217264418294,-0.032568283243588125,0.04158512348632115,0.028600058066808765,0.0020491930045176687,0.007917848840154396,0.04007320085126198,-0.0010130793932496829,-0.004703838873245547,0.04543197038713859,0.00460775270038194,0.01849493330067281,0.03735266145929056,0.06316982677607996,0.000766396329505703,0.0013364942920229272,-1.5503870190169966e-05,0.004926798225730722,0.0027144409742091424,-0.0006522009171499032,1.1102230246251565e-16,-0.0002701851724595805,0.011211789322259635,0.0,0.005147451647551815,0.017454709210510455,-0.0009866116877202957,0.014127765283218408,0.0130803866316751,5.551115123125783e-17,0.006860053045714243,-0.001215819267803897,0.0024053011449576833,0.0005912614472465827,-0.00024114035587846638,-2.3456900702267802e-05,0.0,-5.551115123125783e-17,0.031161323127072538,-0.0005929497439088882,0.00019578530818181727,0.00024051062705071624,0.011522760830223633,0.0,-1.9253580290756744e-05,0.0009391837067755371,0.022433018936517612,0.0021036802067984084,-0.002467838918736698,1.1102230246251565e-16,-0.002480825154156041
-0.00213435434149567,0.00019321519064113835,0.0035621424490181464,0.015239954241049514,-0.01566507678844492,0.0,0.00043370519281660247,-0.0004973884848067933,-0.01099109353229949,0.002503193916802593,0.01321363352535665,0.007652831129167259,0.0009413967174490834,0.010377228233089675,-0.01686856396580899,-0.009383213685327685,0.002526921051459463,-0.0012321856189349556,0.00675052360859929,-0.02583119508976195,-0.0018273726279809388,-0.023374457425618,-0.01556052142373765,-0.007825330761987048,-0.0014783929208506685,-0.00681643456684472,-0.018038841169519537,0.014381218851821587,-0.0243674758631241,0.00820609874514222,0.012692722912338084,0.0038755231738167306,-0.005362244520044135,-0.018536218350769962,0.006051383940155086,0.016329003033540956,0.03582620833081118,0.024300610821566815,0.01821407110783807,-0.0007194972503152264,-0.04024596834251137,-0.041884785582529616,0.018785007520166264,0.018069476133013296,-0.0017671190395268654,0.0010377859797984779,-0.003128209124636405,0.0070072310064307475,-0.0005438517763566297,-0.00125604969235249,0.02209275593836546,0.007548559568909097,0.03094826798474115,0.0027778271226206463,0.0017320717362322435,0.016041039713516447,0.020424778862794202,0.008856026155041441,0.013875292672352046,-0.014300266569872933,0.0044341925971643215,0.0,0.00012441646919542082,-0.0010769430987208617,-0.01879156073988897,-0.02688021060166773,-0.009116504281949267,0.014628625409145002,-1.4822736318087504e-05,-0.00796295271124059,0.0006083413736416854,0.02001106599047109,0.012065845197426761,0.003430982743427735,-0.00021738930076042884,0.0027097904511093063
0.0025407682884627247,0.021352698818315474,-0.016868619484729896,-0.02446419746335865,-0.0018234595260749331,0.00043370519281660247,0.0,-0.013748296695460904,0.0059720974554717254,-0.0021328753910603293,-0.01913492170221226,0.010206504149295414,-0.0012354387407505496,-0.006396078787441084,0.0007452238018345048,0.010154257592553062,-0.011245321842138056,0.007809498122219705,-0.006123303685461268,0.02740265646233142,0.004290035611973109,0.01823748987684154,-0.010779834720789139,-0.004487163043580378,0.01514456739534703,0.001902207609133677,-0.0023169574262376647,0.004802749514270344,0.021646815190120627,0.000774567661533887,0.003976035248502152,0.009891868422075456,0.021724039286775854,0.015399904857471336,0.022221662602416092,-0.013620878094120603,0.011470585203501249,0.017566275336089177,0.029094543696206454,-0.0008421797395246067,-0.05343015923570149,-0.05192923529514043,0.0012052230351056736,0.0019514943701554044,-0.0008899279255662473,0.0,-0.007905323996323155,-0.0024850719277050848,0.0,0.0354328747133007,0.007331002278679666,0.005071819975586811,-0.0007308288825085274,0.004895157218786639,0.00042415592594030604,-0.0017494424881450699,-0.00018305467869261793,-0.004588223888741805,-0.0020269633075432614,-0.00136359323356533,0.0011806944313871859,0.0,-2.5278234924708265e-05,0.013421825966116407,-0.008815383771269447,-0.00016780107046898696,0.0014026414406084764,0.006565561496709504,-9.251722780267979e-05,0.000530517016058718,0.0036812958867506462,0.012356057045560531,0.017730763146644013,0.01887614343783539,0.0015710639565772455,7.286546812557138e-05
0.0050663730537309215,0.0038553224610396453,0.003775758933382556,-0.02559704594997675,0.0025220516309853447,-0.0004973884848067933,-0.013748296695460904,0.0,0.02148526306208315,-0.01859521454047469,-0.01792635616059146,0.010624146564731318,-0.003316400231122396,-0.01716006731132813,-0.037946052215326986,-0.0037931735868746985,3.4334378556433176e-05,0.017288198052704096,-0.010777395118225286,-0.03173070426669006,0.005116170023062083,-0.022578007895511176,-0.025265790131232757,0.0017552480263520742,0.029417571610447724,0.013086323774773145,-0.022637169629335263,-0.017177487812872316,-0.008363011663665043,-0.0436128659003136,-0.021227222073537222,-0.00039365941330476995,-0.08888209043367135,-0.02482418712350415,0.012387918565095857,-0.0027509320328157894,0.03923646101344885,0.03456717694937772,0.01145534672686127,-0.0010670847580507292,0.015888828024730572,0.01197842386157788,0.04343890813324641,-0.0015081984040539176,0.0,0.0004897570028700726,0.000776208329284156,0.006268109911210518,0.0,0.05252353873924215,0.013218287393859884,0.0011714810739084092,0.015037837676192545,-0.014151226719556487,0.0005137748422366362,0.046996101486254716,0.00020991721646290706,0.009512446858097157,0.0027378762748838104,0.015446935593484146,0.0001486317698313755,0.0,5.9431837209356075e-06,0.001380191761149896,0.006787443013461458,0.025199625660634495,-0.0011831771133377633,0.012632126787559594,-5.551115123125783e-17,-0.0004067437417886177,-0.0006972262331999546,0.012397683186638642,0.017324203245297876,0.027294992844126342,-0.000336494650197694,0.005077802352081884
-0.0006494245550089928,0.004909010260782276,-0.003911203971800059,0.021218865789534302,-0.026363735275363342,-0.01099109353229949,0.0059720974554717254,0.02148526306208315,0.0,0.01896194748950969,-0.02025448094524146,0.024409548019154015,-0.004843099956395092,0.037043234557879334,-0.0024033337503974184,0.040841322456705464,0.0010301231857414161,0.0287756261318175,-0.0031731830139565265,0.0013671746986343436,-0.001538387038430511,0.021886452118721866,-0.02342809889779346,0.008445481984520609,0.027535648751725872,0.005813194349951534,-0.008519541613163262,0.023839252535008792,0.07102285725473517,0.007173300505063984,0.02891145640316195,0.00964441014656442,0.007847691511162935,0.020106700497599383,0.029024861545913216,0.025011147366179376,0.03206863254432318,0.024152713650840096,0.04706426442379785,0.019741608271741096,-0.04054740321442979,-0.007320823329569626,0.020875535324710814,-0.014266050308950284,0.0337688646277835,-5.551115123125783e-17,0.0008890812467562403,-0.004546137310336595,-3.1638405362799382e-06,0.02883221063044905,0.019471793809067717,0.015242897909879205,0.014412346727212255,-0.0068643529150340665,-0.002366316491088205,0.020789537736743635,-0.0014177575590983982,0.01760399241231836,-0.0017317475662644854,0.0006501409434414573,0.0008958099463692304,0.0,0.0,0.000672926807176899,0.0005938649987186628,0.0003665403633236197,0.0007223185159592749,0.007109344384996885,-0.0001035241224769945,0.00017817876015424616,-0.0003159077606390559,0.016933984523469947,0.015223117273267861,0.016751410151715662,-0.00015662246683256775,0.016074206811577563
-0.03369595748491272,-0.0037667332573645407,-0.001981415542545828,-0.022648600008055436,0.008758951471711407,0.002503193916802593,-0.0021328753910603293,-0.01859521454047469,0.01896194748950969,0.0,0.007024206505041375,-0.024779448052992037,-0.00246773401179734,-0.2184871198869935,0.038596374403106426,-0.004077449221980445,-0.019859145179549675,-0.015543308243444132,0.009874416497346272,-0.012975184152190844,-0.040019150314304586,0.0016421173607736872,-0.008663176152710561,-0.03078579991403224,-0.00655175287382509,-0.00525619874472133,-0.005035802433997205,0.012961986895440814,-0.008188596032812134,-0.01323513471097515,0.0004939950036556562,-0.014495764181286508,-0.01974179875695664,-0.026011770898227593,-0.04760857066216351,-0.024335999823253074,0.045508417421084524,-0.02994397883620714,0.028248757581906536,0.0019719945645843007,-0.021528018454955,-0.006207876217494357,-0.012151915113201794,-0.002504557577075406,-0.044870028125818195,-0.04369071834722016,0.004890033014735173,-0.0009367493227813162,-1.7964724855767944e-05,0.00043146057684662065,0.0024985283209665865,-0.027130807041169047,2.936661937541496e-05,0.005998792214875426,-0.013604312542385533,-0.007142558353015693,-0.0325121524815713,-0.018756698092654067,0.0,0.0007223345655314461,-0.00022598304439186423,0.017640650314502293,0.008319380892039319,-0.0033415412004358935,-9.59429402346279e-05,0.0009456314572667823,-0.0012363101390295839,0.005757028291027644,-0.01404165449680228,0.020556193683278212,0.002824247287479431,-0.00040707514696158853,-0.023300654283104516,-0.000803327082245231,-5.551115123125783e-17,-0.022687544925817205
-0.0014557692939458078,-4.358801979448268e-05,-0.0382838163348313,0.0009367251875317395,-0.03994330986866612,0.01321363352535665,-0.01913492170221226,-0.01792635616059146,-0.02025448094524146,0.007024206505041375,0.0,-0.0009688419841805129,0.0001859791659835075,-0.013100487934499472,0.0,8.725627474387432e-05,-0.006852586797900018,-0.000893902071646302,-0.03785684231840228,-4.7184299840574706e-05,-0.0017951406650461021,-0.00014545092046114316,-0.032834244926313205,0.004974091184335339,0.002124637795808959,0.0010509338930931866,-0.022459329086331192,0.012017960180054243,0.0027963809995613653,0.00036035951980251113,0.014539752615227053,0.0006527254463985499,0.022954279917971776,0.006447299582227339,-0.0009534646615604325,0.012479333824107375,0.03865685423197751,0.017809653352435728,0.0027484707811416542,0.0012237120979990967,-0.0005564565959991774,-0.001703185761778525,-0.025853101312467874,0.0002626951977561798,0.011595156261172912,0.0,1.1102230246251565e-16,-0.16732980002497888,-6.126391240424134e-07,0.02743313884882531,-0.0058319633607302745,0.015807201016165007,-0.019953012738529785,-0.06588004551301435,-0.001227894735676749,-0.0728287980193279,-0.0025450694714969635,-0.03521180090859688,0.007956578903258626,5.551115123125783e-17,0.0,0.0,0.0,-0.1380296029486847,-0.000568843127123464,0.0,-7.112243342916047e-05,-0.01621073899369402,5.551115123125783e-17,0.0,-8.947781462481652e-05,-0.03917857480778014,-0.016587795577573616,-0.0014209108795888992,0.0,0.0001457724144156014
-0.032197189459277575,0.00783707105245135,-0.0011854062377364971,-0.006810022227306922,0.035172557768157364,0.007652831129167259,0.010206504149295414,0.010624146564731318,0.024409548019154015,-0.024779448052992037,-0.0009688419841805129,0.0,-0.00023984776661867269,0.001740872554072792,0.045868416422232716,-0.001302152660291267,-0.020768089962689806,-0.008937893946589337,0.008836132044313105,-0.014949512637491391,-0.020255260998034708,0.006203470098808894,0.004641104872326218,-0.013497090302841075,-0.002297502582121136,-0.01353380976054841,0.010193425077574425,0.02147801284520956,0.021535601898459655,-0.0015215900073352606,-0.010883653874588117,-0.03195000993297764,-0.015302871399151152,-0.019087582661884095,-0.002761186731916887,0.035807433063259175,0.04197813389988925,-0.030217732221089477,0.12412732242087027,0.016176662659203145,-0.0073205212834402955,-0.006434937552865783,0.00014816350582097515,0.0005976656913020961,-0.019817896172106608,-0.04002241268678708,0.0016587745001448995,-0.0008591233512744156,-0.0006527534222547371,-9.206502231479119e-05,0.00023548564231512525,0.037176837209958236,-1.513929055146912e-05,-0.00042518223347010053,-0.013022510835820178,-0.001690424398975987,-0.02156677612785679,-0.002063794219443471,0.00040053801818423773,0.0001306180081486752,-0.010563317794072213,0.005146644730710581,0.008562739402451114,-0.0001115147768829261,0.0005621900213964581,0.0011101697078342854,0.00019319382054944212,0.0008820144240074268,-0.026310112533959984,0.0034711909271256114,-0.0034672526844241602,-0.0015659366591522783,-0.014614206687042663,-0.0014225974210254622,0.0,-0.015452538088552237
0.0010281576842607332,0.02389711884779433,0.006478762863956433,0.021532224090197172,-0.0163793222558673,0.0009413967174490834,-0.0012354387407505496,-0.003316400231122396,-0.004843099956395092,-0.00246773401179734,0.0001859791659835075,-0.00023984776661867269,0.0,-0.0021682734166278417,0.0009805450198667187,0.012303366641928548,-0.0005273170829411256,0.010879531153704602,0.009818287024554118,0.023414927867998037,0.0026401932221145064,0.016009072936163438,-0.006167274185913452,-0.0030659458858297572,0.016590267551850335,0.0022124181712162017,0.007616430624979631,0.012343689078734565,0.018852066022992442,1.0264697539619227e-05,0.007613810945947486,0.008703925105405075,0.02179167152996242,0.016093430763636896,0.031730335152995615,0.012828843082230923,0.03822305844977414,0.023021469634658176,-0.03143467130363037,0.038541406821393176,-0.027934652183803255,-0.023728952943460002,0.04768129412721006,-0.005798668691881892,-0.007722860062170989,0.0005579010340524548,0.005753622061416719,-0.008472255146261931,0.0,0.03670888267209782,0.01295668713216408,-0.02704596062831366,-0.0027645710765112907,0.0019561792603207673,-0.027251616379116217,-0.002373377070578997,-0.027224645321935637,-0.031011009512989574,-0.0012730990001995623,-0.010441142635925715,0.006177380126417498,-0.000368250871822684,0.0019088559749801393,0.012618075158944198,-0.023906643592812027,-0.014585595814538055,0.002143720924539405,0.0060988811586148994,0.0009220786390821689,0.005556512409941039,0.0069274590703536365,0.013285896901893746,-0.04003544312772572,0.002626766240500178,0.0013513112183820564,0.020193271272481994
-0.0038695110799722987,-0.0008849138572232795,-0.0050287494596812365,-0.017976441431614254,-0.011505633757705469,0.010377228233089675,-0.006396078787441084,-0.01716006731132813,0.037043234557879334,-0.2184871198869935,-0.013100487934499472,0.001740872554072792,-0.0021682734166278417,0.0,0.0006398287309728468,-0.0005712255788256626,8.232091100435213e-05,8.065242265437034e-05,-0.03189359229063732,-0.00026645226493643426,-0.007159234792991576,-0.0005240785910830548,-0.018317623223469803,-0.01130120461140216,3.9475584659776075e-05,0.017491983065634098,-0.005055813024999467,-0.021890997570604198,-0.030873525518398226,-0.0005140741585813458,0.012011508528397719,0.02734572867836188,-0.0003879943710737854,-0.0014929329600564256,-0.006683501040760875,0.01960160012243875,3.311188510243812e-05,-0.0007823707456732221,0.006166672662257566,0.0,0.0007439777489472443,0.0008417721280829515,0.0043038279386283795,1.7634809565403309e-06,0.0,0.0,0.0,-0.004615958706427559,0.0,-0.003849093033859774,-0.0009702321720028162,-0.000998268132996305,-0.01176359247936093,0.003599936561742567,0.0,0.07490895866115177,-9.807331368605343e-05,0.0018203090980059566,-0.0022882771159158932,1.1102230246251565e-16,0.0,0.0,0.0,-0.001686860194015427,0.0,-1.1102230246251565e-16,0.0,0.007042485914553198,0.0,0.0,5.551115123125783e-17,0.0015865561492751645,-3.170425323661963e-05,1.1102230246251565e-16,0.0,5.551115123125783e-17
-0.007555448125522668,-0.00975100917951982,0.00010459165270032544,0.0011279857140529814,-0.0006336763577580173,-0.01686856396580899,0.0007452238018345048,-0.037946052215326986,-0.0024033337503974184,0.038596374403106426,0.0,0.045868416422232716,0.0009805450198667187,0.0006398287309728468,0.0,-0.012392131112542115,-0.006964719680485509,-0.007982941088669426,-1.1102230246251565e-16,-0.029238768462052367,-0.027576012446033582,-0.02033958569792438,-0.05487540936087937,-0.018331236602111445,0.0023371892532071947,-0.037639231837171994,-0.03615064640476323,-0.007572588160745186,-0.009368611162848706,0.029584657279587034,-0.005224754367873896,-0.024575278910342502,-0.02044171815863588,-0.00692361048583906,-9.630578887231955e-05,-0.007137574808611213,-0.0056863624413848735,0.00012381281618673023,-0.005698068176106852,-0.00978876987464461,0.00904798272693802,-0.0011246931627914014,0.030332306158769806,0.0006215903486872509,0.0,0.004535571547675921,-0.030331407660405818,0.0005707682497276267,0.0,0.0,0.00550867744396677,0.027764866983015446,-0.007485511986932536,0.00033856618951616513,-5.551115123125783e-17,0.0,0.00014511018055318736,0.012325758133716003,1.0042722064840248e-05,0.015753144523975582,0.0027474264380774605,0.014417056819236163,0.0033065194050586055,0.0,0.011926394222583458,-0.024137642294891404,-0.0019236717891608635,0.0008806547492389294,1.837966082168796e-05,0.020824997259366262,-0.011285792005635675,-0.0017423629081427805,0.0019999127811382578,0.006467485037403242,0.0004984618011791286,0.008413880386733963
-0.016924980758741714,-0.016218827372874667,-0.0006966218790515066,-0.006351716100375493,0.0033572816964023144,-0.009383213685327685,0.010154257592553062,-0.0037931735868746985,0.040841322456705464,-0.004077449221980445,8.725627474387432e-05,-0.001302152660291267,0.012303366641928548,-0.0005712255788256626,-0.012392131112542115,0.0,-0.005007398562520193,0.0004000895247530667,-0.00017172753133315455,-0.009125178905658948,-0.0005868629734422925,-0.01669766785213378,-0.01061078158564338,-0.0004004656467773149,-0.004072011327981739,-0.017903201372972688,-0.018644253128680677,0.01087700049617546,0.003064185416902898,0.0043950305025047265,0.00048073709314788715,-0.034977152298472036,-0.018246323466775016,-0.008382027358648625,-0.006670143481334934,0.006121860224967468,0.010358427380088242,0.0015608319243180513,-0.0170105411425292,0.0034832608235348395,-0.004899798245130704,-0.000247490997669797,-1.3094943328739728e-05,0.0,0.0,-0.021947093537053375,-0.008820741465444204,0.0,0.0,0.0,0.012263460757765354,0.000588807666958624,0.0010527239975077762,0.0,-0.0065733634175234035,0.0,-0.003155092327527753,0.018898330529614038,0.0,-0.01073318061881523,0.0012386574853766597,0.013443962053828473,0.005182600993430542,0.0,0.002172185842984453,-0.02168327368199502,0.00024055415578255746,-0.0014850467455721494,0.00017097583859138066,0.003829273951672041,-0.00741691539815581,-0.011592974116861832,0.023996851137690123,0.02141842374861863,-1.1102230246251565e-16,-0.010272298086728027
-0.0009295368779891344,-0.003547358930909461,-0.001276012448221009,-0.0005473297817270018,-0.03720289458397957,0.002526921051459463,-0.011245321842138056,3.4334378556433176e-05,0.0010301231857414161,-0.019859145179549675,-0.006852586797900018,-0.020768089962689806,-0.0005273170829411256,8.232091100435213e-05,-0.006964719680485509,-0.005007398562520193,0.0,0.0005882975386710121,0.013009062588805631,-0.009817081482859369,-0.0025468052157416876,-0.004965304158593031,0.00612449350587102,-0.029456842382533155,0.00494499592048897,5.374878195335553e-05,-0.011891402677714047,0.003660149587785877,-0.00796340627546821,0.0003988103656580866,-0.013046520793547733,-0.04431759629701054,-0.008474661694654106,-0.02951504906202468,-0.012956264851224641,0.0009506485674882215,-0.0003131158134394574,-0.024431673356489048,0.01386758236388791,0.00042128966623333763,-0.03812967083884283,0.0010827832209506227,-5.551115123125783e-17,0.0,-0.052533698151397856,-0.018097858680407475,-0.001024792840814026,0.0,0.0,0.0,0.0,0.0,0.0,0.0,-0.008793079900367817,0.0,-0.025674348784563816,-0.024069403846605386,0.0,0.00040967694934246346,0.004927918890651972,0.003973342480284414,0.0013113569867553299,0.0,1.1102230246251565e-16,0.0,0.02348093951754615,0.0,-0.021765900547894457,0.005177725534160849,0.002933554668720695,0.0,-0.0404347169937509,-7.891757189909532e-05,0.0,-0.03295923589757466
-0.010982841044796188,-0.012771472040305265,-0.0007530273443207003,2.9989603028912626e-05,-0.007308413369014,-0.0012321856189349556,0.007809498122219705,0.017288198052704096,0.0287756261318175,-0.015543308243444132,-0.000893902071646302,-0.008937893946589337,0.010879531153704602,8.065242265437034e-05,-0.007982941088669426,0.0004000895247530667,0.0005882975386710121,0.0,-0.0009328984744513269,-0.014182072538993562,-0.004456796998488777,-0.01732411187467353,0.02634088231551135,-0.008742025966991473,0.0007147023016341736,-0.010040680299809313,-0.00926500862880869,0.009091458280897025,0.003977234824048159,-0.009458896486858659,-0.011721113936632721,-0.037909236596732176,-0.007004621827483459,-0.02624135000995864,-0.009613867011667943,0.02274075345659049,0.06789206690131133,-0.0007585228413858336,-0.0011108767659099295,0.02021472176705663,0.0013251312230021517,0.012133844119894543,0.0,0.0,0.002169317058547948,-0.004556706007571909,-0.00028739896111190655,0.0,0.0,0.0,0.009150335900485473,-0.00011726910847720262,-0.000443910981344664,0.0,-0.01085749518860668,0.0,-0.01862091265004262,-0.0005445332517761137,0.0,0.0002555830425099437,0.005145549345840161,0.011490549376126535,-0.0007925960141796917,0.0,0.0003326321695133472,-0.024580570065245555,0.006686178154175881,0.002412200805725684,-0.0053632581882922525,0.0011835015253929826,0.0028443460224589767,-0.011664863000446168,0.0020369147784238817,-0.00030584241312670013,0.0,-0.010676390248781253
0.0,0.0013525639277867652,-0.028389247695970232,0.002725666622441003,-0.031957743596597143,0.00675052360859929,-0.006123303685461268,-0.010777395118225286,-0.0031731830139565265,0.009874416497346272,-0.03785684231840228,0.008836132044313105,0.009818287024554118,-0.03189359229063732,-1.1102230246251565e-16,-0.00017172753133315455,0.013009062588805631,-0.0009328984744513269,0.0,0.0004562258428889576,-0.008146136580770569,0.0010596805682562271,-0.024009074037919576,0.007650652403411895,-0.0008362875666569902,-0.0043246699400499855,-0.021724425851159523,0.015156715503916396,0.0009802609280410435,0.0013061955453207985,0.030595891278022203,-0.016428419284293228,0.00467745745266257,0.020487978037833865,0.021240352720255262,-0.024388675590476416,0.026657925746432498,0.016521336640572593,0.007107168630298921,1.5763517439537633e-05,-0.05431645498277771,0.05182930289737475,-0.007061388082347297,-0.002052014987013684,-0.0001601624211928221,0.0,0.0,-0.018644588155829367,-5.551115123125783e-17,0.04471368964949113,-0.0036341946094350375,0.012465540728306523,0.012955271033105786,-0.02796850514683291,-6.38173268974751e-05,-0.14245708292014958,-0.0003275126215034896,0.0015097967513216792,0.046815155859720514,2.220446049250313e-16,0.0,0.0,0.0,-0.15698910738415217,-6.793273862304439e-05,0.0,9.013717855338443e-05,-0.01293807134318714,0.0,0.0,-5.551115123125783e-17,0.008956245510292615,0.018757858741986766,-0.0012831508436420003,-0.00023420207384938774,0.001205185371258466
-0.0006498227674237023,-0.01734264075072922,-0.0006085574086828749,-2.3253970082903752e-05,-0.0005673981890672031,-0.02583119508976195,0.02740265646233142,-0.03173070426669006,0.0013671746986343436,-0.012975184152190844,-4.7184299840574706e-05,-0.014949512637491391,0.023414927867998037,-0.00026645226493643426,-0.029238768462052367,-0.009125178905658948,-0.009817081482859369,-0.014182072538993562,0.0004562258428889576,0.0,-0.019432558274915968,-0.01619014071805941,-0.0486700032280028,0.01628324437212042,-0.00738861672152441,-0.022970143135437604,-0.03213083070511319,0.01219289168278992,-0.023284902077998604,0.012241277962000474,-0.01771401888559737,-0.02944289796195515,-0.02304671161795091,-0.014304417206602638,-0.001337543635188787,-0.0017384202918587777,-0.007786161838985783,0.0045099780085764984,-0.008805211614458908,-0.0036183857156635857,0.005614035899193126,-0.036748864531158665,0.01174657827071307,-0.0020410927988006033,-0.0005214343951275291,-0.0022558585813521326,-0.016524057293558603,-0.001303297967071626,0.0,0.0,0.005026216777540504,0.011957277833194946,-0.00518240638266787,0.04946840905663402,-0.001039478157653817,1.1102230246251565e-16,-0.0003638411505923478,0.010054955254605868,-1.1102230246251565e-16,-0.013849992763571017,0.01478845666246692,2.0831228709883298e-05,0.026425231478309996,0.0,-0.013595843173008049,-0.01685083141588334,-0.01421786680187559,-0.008786625592539954,0.0,0.015177002705770992,-0.016850040956674528,-0.004074755164049537,-0.0013455500165180379,-0.00025348679822578823,-0.000279608134086895,-0.0014200464130920132
-0.020496455837254623,0.004241834785929599,-0.0051985450333014716,0.0008373417442607001,-0.002881820226835863,-0.0018273726279809388,0.004290035611973109,0.005116170023062083,-0.001538387038430511,-0.040019150314304586,-0.0017951406650461021,-0.020255260998034708,0.0026401932221145064,-0.007159234792991576,-0.027576012446033582,-0.0005868629734422925,-0.0025468052157416876,-0.004456796998488777,-0.008146136580770569,-0.019432558274915968,0.0,-0.010008135724648981,-0.003584048319526967,-0.03603335236940791,0.006287198006331762,-0.019098859542287405,-0.026555216131156245,-0.0086351774557471,-0.01255019071759872,-0.0017343155514576436,0.0006719967113635317,-0.01328040012059567,-0.0019116355922043637,-0.004932184516068028,0.008621115663748458,-0.008005119421867601,-0.0011850359046816639,-0.022417792540479875,-0.02502118862278757,0.004845515984736315,0.0025604709925442504,-0.010803595695670465,0.0017860112987313492,0.0,0.0,-0.08989445042368926,-0.031760840693473236,0.0013424857927984979,0.0,0.0,0.007969145906080166,-0.0006501619871959186,0.030258984652714205,-0.0017007239049314782,-0.00035286509615095607,0.0,0.0012159124291165058,0.009248141301885948,5.551115123125783e-17,-0.009784520991907242,-0.011358640807232756,0.0,0.0007997153901480036,0.0,-0.009380911608704412,-0.029226006738856725,-0.02051687137582897,-0.010898798728232073,0.0013242785786642397,-0.009442007697120613,-0.02021871720686641,-0.008112128147250708,-0.0007105583780875335,0.005633962579315588,-0.0014298867590790687,-0.002300549527404272
0.008019129162382177,-0.004276803049367561,0.004038980958930016,0.013886543865234802,0.01409464522888737,-0.023374457425618,0.01823748987684154,-0.022578007895511176,0.021886452118721866,0.0016421173607736872,-0.00014545092046114316,0.006203470098808894,0.016009072936163438,-0.0005240785910830548,-0.02033958569792438,-0.01669766785213378,-0.004965304158593031,-0.01732411187467353,0.0010596805682562271,-0.01619014071805941,-0.010008135724648981,0.0,-0.020423854431197763,0.059757213221019456,-0.0014265422292069618,-0.007619590587086278,-0.043195858271162624,0.018508940501671622,-0.014804804989374587,0.023860079356215202,0.010073182939912773,-0.01673785207961037,-0.017822230226255065,0.0054591693124758645,0.012510712443138838,0.008574802974930629,-0.008587632608296147,0.0037172064361293833,-0.005986180237585903,-0.006035374640876334,0.009540187161874158,-0.015360641250504181,0.022131405219917466,0.00877326732730166,-0.0003591418986544359,-0.026794632261682105,-0.019626372290898697,0.0008683118653203814,-5.522369739108246e-06,-0.00014685705848133113,0.0005847840626431733,0.030658593168485182,0.021094931579359988,0.0019324750625673293,-0.001246657688541708,0.0,0.0002775554532061797,0.025331881471084117,0.0,-0.00939329462798022,0.0016845924921660704,0.020035976094560426,0.017267461828405495,0.0,-0.0005097054909181109,-0.02401301603688233,-0.010357027337732805,0.0016709917924488948,0.0011930513540258092,0.0007250546959977067,-0.010293164086757955,-0.010031138022854935,-0.013659784560138333,0.0192912271921708,0.0007948175771734234,0.01825481367524462
-0.0061070527188314405,0.001673621732962205,-0.01565312318982831,-0.013135177868560277,-0.03482469650850467,-0.01556052142373765,-0.010779834720789139,-0.025265790131232757,-0.02342809889779346,-0.008663176152710561,-0.032834244926313205,0.004641104872326218,-0.006167274185913452,-0.018317623223469803,-0.05487540936087937,-0.01061078158564338,0.00612449350587102,0.02634088231551135,-0.024009074037919576,-0.0486700032280028,-0.003584048319526967,-0.020423854431197763,0.0,-0.0035653000831585846,0.039835317994339925,-0.012734935554903237,-0.02000682612281912,-0.02205546098761102,-0.01852754720756855,-0.037558746494531337,-0.02774668473063574,-0.031651762197907274,-0.03441304994334515,-0.029609872136707738,-0.007629279130440536,-0.03711278845294291,0.010455407324414301,0.06405557854329463,0.010164030909899813,0.0007793801754763519,-0.020691334455287536,-0.05064102080233657,0.01833720620636181,0.015854053084922215,-0.0006672425717662578,-0.00019220741196984692,-0.021732606220491668,-0.19177463671280964,0.0005680998524075775,0.018632494962310453,0.008618732875771862,-0.006469028568615753,0.0019434668079132411,-0.012105155118468436,0.0016482535272694387,-0.12942551386513723,-0.026031519447581086,0.003416725614734162,0.0809154401858268,-0.002060063603554818,0.005639750861668347,-5.0674267637162984e-05,0.0008382741393679893,-0.19870650543095153,-0.007011120830439477,-0.014944322103176089,-0.019759804931715974,0.006095026546445004,-0.0007180267271487129,-0.011823338578758669,-0.03356055079471232,-0.0014866948472567199,0.004368907087545004,0.002419823379723074,-0.003200734418736695,-4.76061497289848e-06
-0.0356057447209609,0.010487471795559311,-0.0010262239397262896,-0.0031315207133511547,-0.052583391665672496,-0.007825330761987048,-0.004487163043580378,0.0017552480263520742,0.008445481984520609,-0.03078579991403224,0.004974091184335339,-0.013497090302841075,-0.0030659458858297572,-0.01130120461140216,-0.018331236602111445,-0.0004004656467773149,-0.029456842382533155,-0.008742025966991473,0.007650652403411895,0.01628324437212042,-0.03603335236940791,0.059757213221019456,-0.0035653000831585846,0.0,-0.002209207278794756,-0.015016125491897125,-0.001454818549046888,0.003177882679256616,0.021559930793551285,0.0005158538726755535,-0.012992582303215094,-0.03431788351399495,-0.031136013843488575,-0.01734996642926606,-0.005276483509270236,-0.013502941572391569,0.0004959812931471519,-0.03472518580073422,0.03295094783700392,0.04211907109348095,0.008895227321000121,0.06308343696885166,0.0013458527553001365,-0.0004775971241318677,-0.001883224730280797,-0.020044208524508278,-0.02272156755025395,0.0,-5.551115123125783e-17,0.0002001540735283025,0.00039439302842891877,3.7037313321275356e-05,-1.6653345369377348e-16,-0.0007337346185847804,-0.01469184666459239,-0.00017752465209575075,-0.03057918590359604,-0.011129177287749703,0.0,0.0005790966362743677,-0.0016855494918971425,-0.009240964500003668,-0.002887381237745623,-2.4391291987446717e-05,0.0006267839401389308,0.0011608555997969505,-0.0009075644940458871,0.0008264783260611419,-0.04226168582754619,0.00013839011836846993,-0.005336898174313598,0.0011965136901312956,-0.07063213534187252,-0.0007717633797831858,0.0,-0.018191239124694114
0.009303669916734925,0.001872304436006056,0.0007688238377192014,0.0004644797949449053,0.000181687939695252,-0.0014783929208506685,0.01514456739534703,0.029417571610447724,0.027535648751725872,-0.00655175287382509,0.002124637795808959,-0.002297502582121136,0.016590267551850335,3.9475584659776075e-05,0.0023371892532071947,-0.004072011327981739,0.00494499592048897,0.0007147023016341736,-0.0008362875666569902,-0.00738861672152441,0.006287198006331762,-0.0014265422292069618,0.039835317994339925,-0.002209207278794756,0.0,-0.0053603883363715354,0.00720970195226367,0.01747428748847707,0.008616192801271516,-0.00010194962284565401,-0.0012796798981224988,-0.03423034623878901,-0.001014078621786041,-0.012359865300752393,-0.0016774201209427408,0.0068899022909720276,0.024876197994543825,0.002701331850119282,-0.0030395192580918717,0.023697789821000514,0.0027374633995079223,0.012687583554330306,-0.0010970225669282296,-5.551115123125783e-17,0.004707373712689367,0.0019217068416126915,0.004107244690309375,5.551115123125783e-17,0.0,2.220446049250313e-16,0.009249959000945163,0.006747402787143919,0.0015466499418259616,0.00032399262372345694,-0.0013140296278544294,-7.18497597745893e-05,-0.010988924991660876,0.01184326664465063,0.0,-0.025625424655845164,0.01045179858649764,0.01198753811732911,0.00583803829133861,0.0,0.004887874722423857,-0.0020193169601673833,0.010011798903425517,0.0061337473440777335,-0.00771919954927941,0.008029984666147072,0.007046313544502469,0.007664799209005924,0.005103493508321066,0.010617990412336298,0.0,-0.0054634827668502695
-0.014854211970191489,-0.014841201340552501,-0.025668571409147967,0.002511430626495781,-0.013687217264418294,-0.00681643456684472,0.001902207609133677,0.013086323774773145,0.005813194349951534,-0.00525619874472133,0.0010509338930931866,-0.01353380976054841,0.0022124181712162017,0.017491983065634098,-0.037639231837171994,-0.017903201372972688,5.374878195335553e-05,-0.010040680299809313,-0.0043246699400499855,-0.022970143135437604,-0.019098859542287405,-0.007619590587086278,-0.012734935554903237,-0.015016125491897125,-0.0053603883363715354,0.0,-0.01910827747523275,0.008627272301676259,-0.0018352620327112268,-0.000623853937827823,-0.010022342273204365,-0.0322062971915677,-0.013777683453486067,-0.011594793693809335,-0.011795233520955517,0.016163173927896013,0.0009765184196234289,-0.013455155871876012,-0.018534710382655306,0.006444445778008401,-0.01067986956038497,-0.005834195552252119,-0.01799295721021571,6.989473284030323e-05,-0.015382340178586251,-0.023414016016772787,-0.030413207724944713,0.0023702848280302558,0.0,-3.3768164982073134e-05,-0.0012805106702297175,-0.006764335650185804,-0.0002724804926721447,-0.0002648661044283851,0.0024760076632956984,0.0,-0.007530195785362737,-0.005139584313954115,0.0,-0.013817515699278415,-0.011187391916959277,0.009300675593712948,-0.0005246498832362501,0.0,-0.003648663201885116,-0.034005963103154235,-0.022458685714410065,-0.009965631934744923,-0.02310072667758023,-0.0015142564996871166,-0.004669160260105054,-0.01473686872397173,-0.018299603671790232,-0.00614847934196755,-0.00018453401291262939,-0.010190327427805623
