0.0,0.6639395516428479,0.3707524667795403,0.0,0.4052140821303939,0.47086740582892905,0.5202079726314233,0.6713449457305457,0.44124994510848614,0.3503301348391382,0.42599044969485855,0.339122612858818,0.6514470666232549,0.49698890441030047,0.46392825527628656,0.5987139525582948,0.3992392694653961,0.5061588074884709,0.0,0.6411881550484698,0.32980564401860746,0.6783095794868118,0.5877779588622511,0.400040570019368,0.580293355580759,0.5735684941494161,0.45844633983139205,0.4185961281456746,0.6214314473543073,0.6410417846155358,0.5592870278978921,0.45431115275397815,0.5664834875219421,0.4010382367521125,0.37225097275016983,0.6400681226357743,0.5041899824143763,0.25686552632704235,0.3518335325066623,0.6011683780487833,0.43481038572890074,0.36384300039703726,0.4711230453808912,0.0,0.4730253207880192,0.32075145549814765,0.4407093483914459,0.0,0.0,0.0,0.6135212220392576,0.0,0.6049270632565351,0.0,0.19082036648633216,0.0,0.5837405472283068,0.7267196324231898,0.0,-0.041843904860907666,0.5934505013454225,0.5509057672169926,0.5280887939072714,0.0,0.4863113782135766,0.3992082589613299,0.5143419817254304,0.6656978481642069,0.6239802278470847,0.5879415560062489,0.5462147642591924,0.5630666896970008,0.3867519167582567,0.5790669750346378,0.0,0.4212114754085506
0.6639395516428479,0.0,0.5336873455755163,0.3348514323045536,0.5679857895536641,0.5381448850749087,0.6896548139917297,0.690268760984021,0.49398267149960573,0.4359727632017347,0.3243473566031317,0.491725296732495,0.7335700588290452,0.493128150772944,0.5405295996791627,0.5364200807597763,0.5666732723228195,0.5501783528136305,0.64003817340659,0.4447126835860661,0.6520246339597237,0.6316772885264097,0.6918677181876369,0.5218821724081744,0.5579454965345001,0.4219320162265058,0.3866120559490203,0.7414981315478837,0.521752781714899,0.44086680703538106,0.6317097495248525,0.29431846651160676,0.43854436101031763,0.5108069114226661,0.46628664442709516,0.5818169013273014,1.0760414961917553,0.0,0.32895230346555215,0.613470821637671,0.45644616771187807,0.5604194991424597,1.2359868933927363,0.0,0.0,0.5051902896027175,0.42835746470650427,0.04215469841853157,0.0,0.0,0.6358726497634253,0.637106535124049,0.5594184820813854,0.5688362318580298,0.6915203671102323,0.0,0.44770929360021844,0.7122221112030459,0.0,0.4325542974956603,0.5506882638104331,0.46886942633880613,0.598164895589564,0.0,0.5922582868053021,0.5320047856555843,0.5446787456352257,0.5785777295611795,0.4443058273477839,0.563642947413906,0.5212765534864987,0.5673109637089256,0.8289222017794764,0.6365737495112133,0.0,0.5591570501581884
0.3707524667795403,0.5336873455755163,0.0,0.5148449928587856,0.419622198575211,0.6321803833297666,0.5078307280933734,0.7234087460563428,0.40285055966553024,0.5601629272882631,0.36404930920252865,0.5472684592673471,0.6860464134206323,0.6279472842202234,0.34567263583352426,0.4375361615876192,0.609375105528467,0.5237118871126532,0.3592869465782489,0.3899280942415271,0.38711658960485634,0.6015181404779875,0.483456696571781,0.40353760922237597,0.5257161210958905,0.30439754247716905,0.5874075329278361,0.7252111172279745,0.5745397456786759,0.5293104067946736,0.6846930682188277,0.6654820280447217,0.5232621574319266,0.7056337604098826,0.8158611485722261,0.5810523533015504,0.6970804409919491,0.4941400721900123,0.8866895118841684,0.4938028929845615,0.3040820278281319,0.5142342269685537,0.7591219216218172,0.6825661227459717,0.0,0.0,0.19977270816702053,0.13312354237926993,0.4761042377658803,0.1840844134261791,0.7160438910038183,0.43511307657990383,0.7059300151801146,0.4907030270492867,0.4477150217452114,0.08737213213650005,0.4698961228907787,0.42073898858595804,0.36462350277317196,0.24658640580208152,0.0,0.0,0.0,0.09059862532043281,0.6341963563608439,0.44253473040854885,0.10300347321927172,0.6843093793899271,0.0,0.634537451923211,0.35235808208136554,0.7735455035411443,0.43852207516279296,0.6187204924780652,0.6796283775406964,0.2426788645341399
0.0,0.3348514323045536,0.5148449928587856,0.0,0.3444896330889136,0.6972244572940196,0.2637863743858827,0.41197417773659656,0.7997440945228128,0.269464542095574,0.5555460659330476,0.3319840038496833,0.6226053985200815,0.32620642180107995,0.6171638536514079,-0.15707149231952816,0.545196588030367,0.46910429710837165,0.6091077452595908,0.584824523915473,0.4196276526274758,0.678566332696438,0.5269468722048879,0.22989038033865705,0.8762755706163954,0.629609096236021,0.647921012825281,0.47511324778868125,0.6429803546200676,1.2848675124626552,0.6451356029547917,0.5517785792607406,0.16753890099765553,0.8120247645873981,0.9202456684919555,0.45631465025045526,0.3499105161894791,0.29433410259178694,0.1989026132335625,0.29175411213802915,0.37814285067045394,0.28950716836440615,0.22372742309149107,0.23821032831110114,0.0,0.0,0.0,0.3983292276029245,0.0,0.0,0.5983051865054978,0.0,0.4653092643773931,0.040330158202827746,0.0,0.17643615420644043,0.4717504984699918,0.45207697167020033,0.0,0.0,0.0,0.0,0.0,0.0,0.0,0.0,0.47340838021576104,0.5888671661521996,0.0,0.0,0.0,0.5061615176013615,0.5442605670985715,0.5837715582788587,0.0,0.0
0.4052140821303939,0.5679857895536641,0.419622198575211,0.3444896330889136,0.0,0.4105212866583997,0.509005135432106,0.6285079985657833,0.27175961999306986,0.7024703783031792,0.1577578794824901,0.7716586035437712,0.5141294488355265,0.36898977703556024,0.49019928391896395,0.6787936440301676,0.2403162932363598,0.41516184327683225,0.35588368579899976,0.60143077669013,0.4909726069208086,0.6758627927084988,0.2911881263901033,0.0322802819389047,0.5728852439847643,0.4359203200070143,0.31432402511118407,0.9015364556765562,0.8118057327835798,0.5139611859932043,0.6403667032813092,0.7196464639745515,0.5005430428224965,0.5444279596240666,0.8008516174561932,0.39528137261095253,0.4521899197157928,0.768956824893214,0.8883591536034465,0.7203476438131842,0.5602027709934105,0.40056282682021616,0.549279130948385,0.6652140710169052,0.25070225950286773,0.0,0.4200557898044074,0.6760453920271488,0.0,0.5728229481229312,0.7369135626600237,0.6049962826696912,0.6380965809991171,0.6656033007974659,0.0,0.520904597902225,0.34655020768128797,0.6560366850005273,0.5400826715584024,0.25310706580549036,0.4577031375492256,0.0,0.0,0.8198224461180326,0.3123663346169755,0.49730865984229755,0.3746347338749122,0.6959679233721567,0.0,0.49398822066221326,0.5718481706990575,0.714899300250706,0.6203249152539272,0.4552129734135208,0.0,0.5077478962369064
0.47086740582892905,0.5381448850749087,0.6321803833297666,0.6972244572940196,0.4105212866583997,0.0,0.5960883195121052,0.6023999132401252,0.40081044048040565,0.6344307890308036,0.6529814338990836,0.7654815541580626,0.6169148325818153,0.6411107188200935,0.5230406670671941,0.5520730171207603,0.5498094801139979,0.590172078727633,0.6558878345348838,0.34877494986713325,0.5912033948453181,0.34327908815811903,0.47970229500613315,0.34838191670136454,0.5733503672205243,0.6206693317286704,0.4389533053954709,0.733673389860196,0.300878362576675,0.7376897371452904,0.7555930056344773,0.6098322261890929,0.6464206087465324,0.47857728767325164,0.6711872059775454,0.7363593669987081,0.8602549261017264,0.7292854680102738,0.7360655318102705,0.34678875616616767,0.30690314180082645,0.249312051344225,0.7694793373966248,0.6538802177563605,0.194631081810218,0.6219487880085279,0.5591971994727056,0.6824338131024921,0.5646300801816899,0.48234365933677414,0.7618279075968096,0.7007313924977001,0.875688005658738,0.6715313446347708,0.6927274812588728,0.7058825157218875,0.5360200684299078,0.695669289910675,0.6568125454572791,0.5113774094755609,0.6132735275603145,0.0,0.5334790998608114,0.5767775274770297,0.4840760870156531,0.29359946498571154,0.5951896541944014,0.7154959032282664,0.5721056684378445,0.436330470739213,0.6036099820581208,0.7529670640922921,0.6558294293110429,0.6401469360447525,0.5242714222589786,0.5986542891638613
0.5202079726314233,0.6896548139917297,0.5078307280933734,0.2637863743858827,0.509005135432106,0.5960883195121052,0.0,0.4577832322992724,0.6646685022190411,0.5655187432993422,0.46160905912740235,0.5644305146503623,0.676137633630697,0.38586199886584277,0.532314009335311,0.6983148850682639,0.49926785528666845,0.6706918928204986,0.5416024322793442,0.7991707958242181,0.5006285567731158,0.7004115903286552,0.5285178714061886,0.47870583544513295,0.7000456410167724,0.6839898920617994,0.5391846014926989,0.5895225336647899,0.7811011084449089,0.5196017054290332,0.6104478685154537,0.6822620634181213,0.7363067540987545,0.6222918999772927,0.5670474870434508,0.47005504703233614,0.5234316553190117,0.7909222847421427,0.7918761605397968,0.43548918631156996,0.218231064406791,0.17593448672991488,0.5625945019347605,0.8192539683123472,0.3543004720374423,0.0,0.493930569707007,0.48503514217456223,0.0,0.7431557351936631,0.6774200769440277,0.6662321855318187,0.5621426565136662,0.678418899976091,0.5926718981229631,0.48062442026629076,0.4178316821440708,0.5076311867293961,0.33265633201222355,0.3208997688190276,0.6086221048078595,0.0,0.5362323349413229,0.6663084356731069,0.5337748124958398,0.48168003256730507,0.6151475766356638,0.6493350682031855,0.4626931976411583,0.6078227587329802,0.5949095021395233,0.6711202629045694,0.6772444233385011,0.6057036017871582,0.793892905025428,0.5155286960400906
0.6713449457305457,0.690268760984021,0.7234087460563428,0.41197417773659656,0.6285079985657833,0.6023999132401252,0.4577832322992724,0.0,0.7725545073129612,0.41414995322793535,0.4828952676942919,0.710750212971178,0.5952834353462113,0.6286391953729215,0.3649396794167621,0.6646205090135653,0.4799400901571258,0.7394498847086506,0.5640385773454633,0.27802996260453117,0.6145192663028033,0.3913539472789661,0.4125167902717939,0.5179664226408198,0.813533604467017,0.720612065053605,0.46609035456936243,0.4777793166497262,0.45881909883938804,0.2154890087756811,0.459353650614043,0.5476308031960693,0.06842316862798026,0.390722540007853,0.5619762360861968,0.5023124071294065,0.6025119772903806,0.8228913000791567,0.7098443433040929,0.4156609865858969,0.5573568002148983,0.6366210160947994,0.7448461307488076,0.45039915305527134,0.0,0.5684108760558171,0.3779973281872784,0.7105358160362935,0.0,0.8535305517347707,0.7421797537979007,0.6549059516478679,0.6359102647222001,0.5212488964321459,0.8246191455659462,0.7415964298631292,0.984663322521969,0.6600036698460563,0.5580816766692944,0.7418212466249614,0.3898887871811207,0.0,0.6765358032349692,0.7155649310935257,0.7512747524995117,0.6684161089078505,0.4917685493899592,0.7279522120203152,0.0,0.46741732506811845,0.4477748129243281,0.7205607234287417,0.6850220926069233,0.8486103412237611,0.5086214350600681,0.5222633735559087
0.44124994510848614,0.49398267149960573,0.40285055966553024,0.7997440945228128,0.27175961999306986,0.40081044048040565,0.6646685022190411,0.7725545073129612,0.0,0.766811557127591,0.3221456576662355,0.7921630298925839,0.6036988470799703,0.7846285942074467,0.5856720400918917,0.8537485783832134,0.5088718993710268,0.775975753849229,0.3812774713507934,0.6025297699169077,0.4154309904557724,0.7519403681400978,0.45201017539297356,0.6528352480316344,0.717371989964473,0.6780209196349412,0.45567485956046005,0.8001321916279822,0.9451036359771108,0.6576360235180112,0.7983038364331689,0.7129359624460345,0.6814924673375901,0.7703754878039826,0.7756143821460079,0.7898847501056623,0.8017692923542351,0.8410107165842735,0.8836265959599816,0.8803674821637577,0.24532204772914382,0.2964507826769369,0.6790679568261432,0.36691566195835623,0.7616043221858194,0.0,0.511137191621239,0.6412493333673026,0.469836196962059,0.8470042336473442,0.7863183838263759,0.748869687738553,0.7235012414737662,0.5813042062206245,0.20360751232098048,0.7446112519762912,0.464781733108808,0.6626092727392572,0.6149045458683204,0.45131461162024633,0.6985048665122795,0.0,0.0,0.6329253337965958,0.6095149019170658,0.6648341358945671,0.5700313403633064,0.6949043902820027,0.313155314382574,0.5668678938516264,0.2876235029678632,0.7093850745287975,0.6108605026537219,0.7016796593268264,0.48751156066644286,0.7237128238433119
0.3503301348391382,0.4359727632017347,0.5601629272882631,0.269464542095574,0.7024703783031792,0.6344307890308036,0.5655187432993422,0.41414995322793535,0.766811557127591,0.0,0.6784936623062989,0.3309196978807275,0.6026874885734987,-0.3403627981509613,0.7222418357840659,0.4790334075308761,0.5083564173868927,0.43761884600901296,0.7343879055465092,0.35642345028229855,0.43140196370459793,0.5148381452086281,0.4866227769979067,0.26840039494000895,0.6970225251371246,0.6390525892608797,0.4939566953398562,0.7791426527714246,0.42455945916137844,0.31675305910774704,0.7271200975295721,0.2747631076655487,0.49098394523466327,0.295270849063394,0.08825453866329755,0.34982874963362304,0.6835104748046712,0.24151017624495907,0.5957699793827054,0.4755024025912765,0.40395733602962336,0.35464318719203436,0.29054069738056987,0.3020661348788417,0.24189619653363323,0.3352362169782632,0.5418056658284367,0.15327428548053965,0.4756880140723624,0.46245763855968025,0.5343206012795313,0.26619211199063225,0.5672393191710067,0.3015030637265008,0.4747420454722731,0.35170517529581774,0.3846143568905772,0.46800523800512206,0.0,0.9065572358794212,0.5582559050296516,0.6611162668188326,0.580520058975802,-0.30294039335605244,0.4734999910034935,0.573536767499369,0.3408344095024259,0.6403618341404111,0.3823146136174947,0.6650106663069187,0.6004948521480747,0.5617773746986905,0.4148178797967028,0.3993401846345634,0.0,0.48338005983872645
0.42599044969485855,0.3243473566031317,0.36404930920252865,0.5555460659330476,0.1577578794824901,0.6529814338990836,0.46160905912740235,0.4828952676942919,0.3221456576662355,0.6784936623062989,0.0,0.6018144769659953,0.5650922048215428,0.47276036542626726,0.0,0.5185592992906654,0.5178099137877735,0.5921795306488525,0.24554440415085232,0.4578542030781568,0.5259945444786416,0.3840932908363579,0.3364938183657626,0.6017363226359003,0.6265182182126936,0.628539288037864,0.43372863485519636,0.6464097864578742,0.4310216367921036,0.5462779392581469,0.6412794932900944,0.5123296607424781,0.7521166076710168,0.6470807890928638,0.5417316611432513,0.630922406648182,0.8523271960685752,0.7597369838970792,0.5669319315883026,0.5611584825500802,0.5289148527057503,0.45426828713018763,0.4627237130685464,0.5747123124201066,0.4536650891201488,0.0,0.0,0.12598072702880825,0.4776674486454868,0.6001588586201136,0.5772619709535389,0.5700557267909805,0.5141559576898334,0.40794757466074016,0.4878868464975269,0.21040977741816275,0.3847131967894942,0.3736213043837489,0.6379977740343549,0.0,0.0,0.0,0.0,0.0871674367776091,0.3501519567177401,0.0,0.6746809290773212,0.5159462530004988,0.0,0.0,0.9426216403805938,0.4354307736751779,0.4065773537455923,0.36187191340052693,0.0,0.5589808714972843
0.339122612858818,0.491725296732495,0.5472684592673471,0.3319840038496833,0.7716586035437712,0.7654815541580626,0.5644305146503623,0.710750212971178,0.7921630298925839,0.3309196978807275,0.6018144769659953,0.0,0.571105223958821,0.621341128919699,0.7477999746990536,0.6058623822363447,0.5369425257208627,0.6272344607508089,0.6852829490929446,0.3882420282805319,0.4684964531814644,0.48445661271981955,0.5211996734937276,0.34738355111851327,0.6545140355060282,0.4460196745707231,0.6583830877698136,0.7633843131061868,0.7685802766463219,0.29947749121127365,0.43576201201245957,0.0916011026779936,0.40515924809810355,0.23261696248463518,0.4763814225501324,0.5996247039672664,0.6818147175524414,0.05465461276027636,0.9873491544816158,0.5434289833118596,0.4551577128999598,0.2951752412476128,0.43960645076257193,0.4561316524917268,0.3626230475278457,0.17806229609843197,0.564619664824682,0.2549576807300051,0.19371588136679574,0.29121478160507785,0.3513027172399531,0.8190362814213282,0.2543843314769241,0.41654496985498046,0.5037588685834569,0.23441775844512475,0.5555190509688424,0.521849880459097,0.7254982792474252,0.6550480936580412,0.39549036707082097,0.5893935243983562,0.69018699390472,0.34751912856247413,0.7845773551307373,0.7698819593583712,0.4430809383090246,0.4843878307249172,0.3235090963935503,0.5997708361748635,0.5826498031061556,0.3230080376032002,0.5118875340589258,0.4934473756617571,0.0,0.5746144477869679
0.6514470666232549,0.7335700588290452,0.6860464134206323,0.6226053985200815,0.5141294488355265,0.6169148325818153,0.676137633630697,0.5952834353462113,0.6036988470799703,0.6026874885734987,0.5650922048215428,0.571105223958821,0.0,0.5071442004434698,0.6011205457489165,0.7531097737388978,0.5897812794810989,0.7789859853253264,0.6511346169234666,0.8558843773640233,0.5988707814977392,0.695334264217548,0.6160102676525485,0.44081578621455136,0.8280312316752445,0.7155619601545896,0.6859772385716973,0.724228628620306,0.8089937427096114,0.574596538735993,0.5880157722165587,0.6873889670669271,0.7602849059911101,0.7205868532748376,0.6929404213659263,0.6736236484157756,0.7797000522940211,0.7982634854118204,0.35918327502075975,0.7542632855018534,0.34443875658491674,0.371020622794202,0.8202418639372033,0.3663082528506909,0.3833474563384603,0.6425185534955897,0.7082778749629295,0.6188500529470683,0.0,0.9605658519072915,0.7268053342728982,0.4754421168625624,0.5903929753518455,0.6938815990566527,0.3701540540393877,0.5118206786667356,0.3355731779810239,0.44610226370244455,0.38711317975514326,0.47968280300119737,0.5957812528843437,0.4013233705119586,0.5600480637603922,0.727622804323093,0.45488565001175885,0.49819427212548173,0.5865954547331494,0.7035714826564988,0.5187304701509308,0.5886785587718489,0.6140099561450836,0.758843585922805,0.36927431166550634,0.6415601473228023,0.5558203494384931,0.6797478709863607
0.49698890441030047,0.493128150772944,0.6279472842202234,0.32620642180107995,0.36898977703556024,0.6411107188200935,0.38586199886584277,0.6286391953729215,0.7846285942074467,-0.3403627981509613,0.47276036542626726,0.621341128919699,0.5071442004434698,0.0,0.5344624268535308,0.5618992366466337,0.5001322953866181,0.47579033482834254,0.42916957469810574,0.3891968215996263,0.4718908056301079,0.2751541987683881,0.5072188226963368,0.5476167170393101,0.4959261281863512,0.7020322228460271,0.6106335115259847,0.35974522260907593,0.1851337396183868,0.8114222180294042,0.6900225618468572,0.4437098268189066,0.253745582712264,0.6614684399335788,0.3092158106214421,0.4696167002258912,0.2893878446767809,0.3895645024556748,0.6881212210668515,0.0,0.7092593445886419,0.8486416828640423,0.5805113821555719,0.4754486795246253,0.0,0.0,0.0,0.5110860256163428,0.0,0.4926549956668721,0.44658282440845565,0.420744231460597,0.4802716795638313,0.4871254775254914,0.0,0.9225309685800966,0.4114742668424685,0.7540667389400812,0.46038742000698746,0.0,0.0,0.0,0.0,0.5129400112293393,0.0,0.0,0.0,0.6270293670479057,0.0,0.0,0.0,0.5127009894489796,0.7449270872742491,0.0,0.0,0.0
0.46392825527628656,0.5405295996791627,0.34567263583352426,0.6171638536514079,0.49019928391896395,0.5230406670671941,0.532314009335311,0.3649396794167621,0.5856720400918917,0.7222418357840659,0.0,0.7477999746990536,0.6011205457489165,0.5344624268535308,0.0,0.5629128454524917,0.3653559501917282,0.5086906705639251,0.0,0.4624337012173512,0.2962508635509039,0.48435293748825253,0.2699981825020986,0.40231070934966673,0.5753480659048329,0.33333174520657677,0.35999926142813377,0.4638644427074933,0.5118089084616539,0.6790361881854161,0.6147157022894161,0.3091052064662725,0.4476329078396774,0.5316562197105381,0.5973899146670649,0.616465354491885,0.44077325785234356,0.3773328771247295,0.44756278943265243,0.5428294792706432,0.6388971155390795,0.505017643519577,0.6739705070485406,0.6215594447483843,0.0,0.6663188074466242,0.3998409195991176,0.478978806012026,0.0,0.0,0.5685980429725446,0.9439126845310335,0.5254977007093296,0.5492008833907052,0.0,0.0,0.6746155154115219,0.6711584503316139,0.4790038219597721,0.7404563205130442,0.6657859782910909,1.0863291223381757,0.7513271312008404,0.0,0.8140302480683368,0.43634240854078865,0.7490747234002474,0.7546039211253478,0.4674555860891524,0.796152693996564,0.5163342597826175,0.6427537287403177,0.5801791707360772,0.6180141222348026,0.5526384957311266,0.5948453758828909
0.5987139525582948,0.5364200807597763,0.4375361615876192,-0.15707149231952816,0.6787936440301676,0.5520730171207603,0.6983148850682639,0.6646205090135653,0.8537485783832134,0.4790334075308761,0.5185592992906654,0.6058623822363447,0.7531097737388978,0.5618992366466337,0.5629128454524917,0.0,0.5195895604367052,0.7224812762676968,0.45841537091608053,0.5402557882923351,0.6829274436561059,0.5174013996633628,0.6327939736127266,0.6323925237699874,0.6337387519563749,0.548703850182354,0.5199595983580813,0.7082637741761557,0.6469084114764156,0.6129111887721841,0.6736180057571977,0.23104405080839022,0.339556168436364,0.41460536575157747,0.5560672419428733,0.7424566496083178,0.7308215001342602,0.611216525631114,0.46770864382912014,0.5632446916843805,0.5492447612958844,0.5854090280520776,0.4669586408091858,0.0,0.0,0.40309062141100643,0.6111828819457139,0.0,0.0,0.0,0.6802262525493179,0.6009355210898184,0.8316374396844024,0.0,0.4945841976928802,0.0,0.4252300923207442,0.7939731040218274,0.0,0.5485996586834699,0.6462999343318387,0.6397117681551964,0.6581695162736066,0.0,0.5928404152139528,0.4729822741969492,0.6350563785877176,0.5813906452977666,0.4515529812585045,0.6973577913207889,0.6583093931530637,0.5395882151707452,0.790175067581999,0.8428100247774144,0.0,0.4016349316196023
0.3992392694653961,0.5666732723228195,0.609375105528467,0.545196588030367,0.2403162932363598,0.5498094801139979,0.49926785528666845,0.4799400901571258,0.5088718993710268,0.5083564173868927,0.5178099137877735,0.5369425257208627,0.5897812794810989,0.5001322953866181,0.3653559501917282,0.5195895604367052,0.0,0.7076898152420852,0.8365341285504095,0.4020474197977597,0.5199285007497213,0.59726945189248,0.5791263722603857,0.40832172203353134,0.6802987216311174,0.5877333517157299,0.4297159296334994,0.8015897398492238,0.32131413512616774,0.5197774106122351,0.5458375747746398,0.23304824178081587,0.6040844173494471,0.34956256989509277,0.4406057991875332,0.6257549410317377,0.2558433205336852,0.2843006752586541,0.6935045349733583,0.4049517000751727,0.1901556786215489,0.5473643702949742,0.0,0.0,0.1472006140227139,0.4812613296839411,0.5219240600608518,0.0,0.0,0.0,0.0,0.0,0.0,0.0,0.45367440605594456,0.0,0.3255381697374245,0.023066227733123085,0.0,0.8073968769309048,0.46172393892908564,0.5583696334975555,0.5038265587910946,0.0,0.0,0.0,0.9097328728292449,0.0,0.44427527940270867,0.599213531827459,0.6174889925417517,0.0,-0.21212976023953717,0.477950866672338,0.0,0.30545131376646045
0.5061588074884709,0.5501783528136305,0.5237118871126532,0.46910429710837165,0.41516184327683225,0.590172078727633,0.6706918928204986,0.7394498847086506,0.775975753849229,0.43761884600901296,0.5921795306488525,0.6272344607508089,0.7789859853253264,0.47579033482834254,0.5086906705639251,0.7224812762676968,0.7076898152420852,0.0,0.5118474873403714,0.4572564307635625,0.6077421920187507,0.4377484684194588,0.8375799042961518,0.5429347407517766,0.6754114887445373,0.5085454919207953,0.5981039945287688,0.6893080179130489,0.5873375240753274,0.4891750974754071,0.4767088790926018,0.19793409647753288,0.5888377559945537,0.382158130375962,0.43543356687641704,0.7847801295892823,0.9751689915746394,0.3955741036929369,0.6113756837570795,0.6355020244151739,0.5060023292434299,0.6279189845887068,0.0,0.0,0.5861035491808684,0.6040025499393809,0.6314046662660194,0.0,0.0,0.0,0.6224063359176022,0.5501109978052519,0.8200565382709923,0.0,0.5017043672378546,0.0,0.41681218300761924,0.5234146005442746,0.0,0.6124946108768835,0.6236344350452081,0.6467448459506867,0.5428129731940963,0.0,0.47461619402851246,0.38375648110062627,0.6473790130787711,0.7820257820430367,0.5793405193278791,0.5791219580861132,0.6590836575704286,0.36276160333703333,0.6714302122227683,0.515693996878201,0.0,0.5048827954983668
0.0,0.64003817340659,0.3592869465782489,0.6091077452595908,0.35588368579899976,0.6558878345348838,0.5416024322793442,0.5640385773454633,0.3812774713507934,0.7343879055465092,0.24554440415085232,0.6852829490929446,0.6511346169234666,0.42916957469810574,0.0,0.45841537091608053,0.8365341285504095,0.5118474873403714,0.0,0.555710828661709,0.3298355782146778,0.6822772361676356,0.41438984743707263,0.5696439443388558,0.5350483444398837,0.4900580358908247,0.4310793084652735,0.7379617200354979,0.5978218258070642,0.6219507927424662,0.7707608482441628,0.5385917034538764,0.5615220464722754,0.7533598066252785,0.7218491717841198,0.511917787258934,0.7310633559319087,0.6573778668869097,0.7347247889453785,0.407983391814591,0.11078883960033803,0.6828962124471476,0.6344987586409399,0.34343249005955556,0.4078340009698505,0.0,0.0,0.6175240394045372,0.0,0.6633260849558549,0.5705541899065049,0.6648260880125829,0.6752808654591442,0.5225963537991075,0.9211673112730386,0.24971589729972696,0.5506454308407048,0.5190690556583917,0.721275999049553,0.0,0.0,0.0,0.0,0.25134494484503,0.4769943036020254,0.0,0.496496484229489,0.5848875511159517,0.0,0.0,0.0,0.6959552192489893,0.734099218704453,0.4740036295061675,0.46274585034145205,0.5811970090035575
0.6411881550484698,0.4447126835860661,0.3899280942415271,0.584824523915473,0.60143077669013,0.34877494986713325,0.7991707958242181,0.27802996260453117,0.6025297699169077,0.35642345028229855,0.4578542030781568,0.3882420282805319,0.8558843773640233,0.3891968215996263,0.4624337012173512,0.5402557882923351,0.4020474197977597,0.4572564307635625,0.555710828661709,0.0,0.4522103392130357,0.454630904631068,0.3392359484788885,0.6922611708636117,0.5778276503336153,0.434442279934115,0.37517540359381263,0.7346785408451438,0.4455903146974635,0.7301227613939895,0.4716901337213649,0.2845325033502404,0.34207015020933873,0.5147665945667081,0.6237625063449896,0.7443831123813056,0.4491821213587617,0.8125393264978491,0.46742173417042593,0.5244335923479474,0.6609723123954849,0.2045772214449747,0.5986038367356359,0.23474216253561508,0.20571997358493177,0.5086242962988157,0.4438243099143795,0.48485619566921007,0.0,0.0,0.5646996712900954,0.7173968515320237,0.6011687473575213,0.8433692681497393,0.8704336025958254,0.0,0.5715201050158594,0.68122300738571,0.0,0.5454517394971783,0.6420625339590066,0.46863434874702536,0.8312858184199348,0.0,0.5090618903504757,0.43729287580473153,0.4941538111516641,0.5512372814897006,0.0,0.6806634329529022,0.38898250838644666,0.5677920079070137,0.5228988459781772,0.5845689910524408,0.47895680401495777,0.5623783207305699
0.32980564401860746,0.6520246339597237,0.38711658960485634,0.4196276526274758,0.4909726069208086,0.5912033948453181,0.5006285567731158,0.6145192663028033,0.4154309904557724,0.43140196370459793,0.5259945444786416,0.4684964531814644,0.5988707814977392,0.4718908056301079,0.2962508635509039,0.6829274436561059,0.5199285007497213,0.6077421920187507,0.3298355782146778,0.4522103392130357,0.0,0.4894693621833475,0.604013972870252,0.27240910491508646,0.5840519473058075,0.5073198331658711,0.4361437145875853,0.4735783451844203,0.42074159247825405,0.5038015789503142,0.6248096091030286,0.3361925750703024,0.4833192985123427,0.46398662949417424,0.6197650563555492,0.48487744197844473,0.33544961649168514,0.38148086320286845,0.3395326964140303,0.6166585136512486,0.48373565843062927,0.3994092414007286,0.562591870978351,0.0,0.0,0.16084503896608918,0.3708453501439896,0.6507956771315571,0.0,0.0,0.6295903265433049,0.43599074170565194,0.7667985824677529,0.5250309945207452,0.6138097255010484,0.0,0.7522918213390419,0.6382095085737358,0.0,0.5338232057432003,0.5313598129789535,0.0,0.5351189321825236,0.0,0.5634862651251673,0.4632579285317999,0.4845646919793328,0.5200325040347613,0.8296757915842248,0.42139453501344576,0.559045903491854,0.5163319341889947,0.5972018696369896,0.667380870555635,0.4556402924792607,0.3754449698531798
0.6783095794868118,0.6316772885264097,0.6015181404779875,0.678566332696438,0.6758627927084988,0.34327908815811903,0.7004115903286552,0.3913539472789661,0.7519403681400978,0.5148381452086281,0.3840932908363579,0.48445661271981955,0.695334264217548,0.2751541987683881,0.48435293748825253,0.5174013996633628,0.59726945189248,0.4377484684194588,0.6822772361676356,0.454630904631068,0.4894693621833475,0.0,0.6553515216242551,0.7293046913116261,0.6972463102407799,0.6115174676708686,0.20117764518767448,0.7626212038144243,0.45573643416288556,0.7152517136649186,0.803499249827232,0.4751871867129993,0.40991640940951646,0.7315281360858954,0.7623376924442555,0.6815398822255649,0.6468484482408233,0.6080664906678018,0.48567290775467054,0.5014306004595643,0.6074014479742852,0.38907964121546745,0.6508252447599059,0.46817497163947164,0.2478565540143733,0.4403931600487959,0.4710638149979097,0.5868971075147342,0.47672628539943807,0.24293699274248648,0.6458768168296213,0.9557417873698913,0.7763511289326372,0.6683125697881567,0.4048754440817959,0.0,0.5391029366393624,0.786085033848577,0.0,0.6044926119143914,0.5924061393762023,0.6589351039918422,0.690045860580903,0.0,0.5813342490968803,0.41862346410996676,0.5441641898459628,0.6354613657614776,0.7490324364069452,0.5232779829138001,0.5235787936509602,0.5185115360721249,0.47749234628050197,0.7371042777635762,0.5571045889087425,0.7582917988868714
0.5877779588622511,0.6918677181876369,0.483456696571781,0.5269468722048879,0.2911881263901033,0.47970229500613315,0.5285178714061886,0.4125167902717939,0.45201017539297356,0.4866227769979067,0.3364938183657626,0.5211996734937276,0.6160102676525485,0.5072188226963368,0.2699981825020986,0.6327939736127266,0.5791263722603857,0.8375799042961518,0.41438984743707263,0.3392359484788885,0.604013972870252,0.6553515216242551,0.0,0.5458174949293663,0.8617258408847293,0.5263617269751333,0.4017037454365082,0.4246452136629711,0.46030286040619606,0.3339689512969376,0.42824174696504985,0.32925637758842535,0.33631406175112377,0.3923400509443369,0.5531148765001455,0.39571040938724694,0.7328527282631448,0.7995713227211266,0.6966395168199868,0.6216874699261659,0.45924090504697607,0.2687702095662974,0.7493040551062808,0.7528131591128989,0.5478427315035754,0.5371386038193475,0.5740973130025858,-0.06870744915177929,0.4633586567872925,0.7641207946689015,0.6908842177686565,0.5896589973774484,0.6897693594903151,0.619994844859503,0.6314149375026685,0.2546635301399727,0.25202883207656207,0.6177236074558445,1.0858084528520444,0.6642749493566239,0.6836809948061994,0.4734999910034942,0.5735199518338263,0.14821033295554242,0.6046926939367409,0.5641570278597543,0.5194085696088953,0.7678605811806507,0.22195157284019582,0.5273481996340343,0.41261712777209536,0.5834183774601892,0.6045847019322547,0.6597406715275692,0.6108813109826342,0.5914133430274131
0.400040570019368,0.5218821724081744,0.40353760922237597,0.22989038033865705,0.0322802819389047,0.34838191670136454,0.47870583544513295,0.5179664226408198,0.6528352480316344,0.26840039494000895,0.6017363226359003,0.34738355111851327,0.44081578621455136,0.5476167170393101,0.40231070934966673,0.6323925237699874,0.40832172203353134,0.5429347407517766,0.5696439443388558,0.6922611708636117,0.27240910491508646,0.7293046913116261,0.5458174949293663,0.0,0.5977820385817774,0.40056982210576664,0.5023234478441396,0.5678816430255509,0.7703805202282961,0.8133640614721054,0.5335643532370008,0.21738128456861663,0.1995530428767308,0.2164465442351815,0.424046542047597,0.32849516309652055,0.3440387480886512,0.0746048954389269,0.8130851170988138,0.8300077008149046,0.5597044343329878,0.9041327307346778,0.6130412910658161,0.33652831295368185,0.43295795712518204,0.464879277063805,0.31055200328616456,0.0,0.0,0.47393364014115347,0.5866081389259705,0.30202578356775256,0.0,0.016382183222184536,0.4473305702346549,0.5327053142976224,0.3729938499660269,0.34704954816665234,0.0,0.2520692525902737,0.5096444545294618,0.4658409594003817,0.5482048925791234,0.46268435545361714,0.3600956975165509,0.47898868016794005,0.18822027469197922,0.8270427544256708,0.26053102415238577,0.6024428782362667,0.615639205082253,0.5550130521812556,0.029714961848176957,0.5963080959589937,0.0,0.491173500608995
0.580293355580759,0.5579454965345001,0.5257161210958905,0.8762755706163954,0.5728852439847643,0.5733503672205243,0.7000456410167724,0.813533604467017,0.717371989964473,0.6970225251371246,0.6265182182126936,0.6545140355060282,0.8280312316752445,0.4959261281863512,0.5753480659048329,0.6337387519563749,0.6802987216311174,0.6754114887445373,0.5350483444398837,0.5778276503336153,0.5840519473058075,0.6972463102407799,0.8617258408847293,0.5977820385817774,0.0,0.3993901992704795,0.711634353426339,0.8004429376819004,0.6263502255906959,0.4457825902288163,0.6266570045734807,0.14860130152509493,0.6119936152630395,0.42776188255851966,0.5078915098775956,0.5723090864916085,1.4195575323784406,0.5073959602782421,0.5858154888642504,0.7011930243066546,0.5534232908743808,0.6817465272413596,0.09856623617152169,0.0,0.47227011294297283,0.664910713116136,0.6739607913787118,0.0,0.0,0.0,0.6749775484526732,0.6584689973879638,0.7032934276499259,0.4082267389985047,0.536260747162239,0.47475216523667574,0.5163462171731023,0.5371487745926723,0.0,0.3953917711454716,0.6614405493694893,0.6204452542030233,0.632267623522923,0.0,0.6726260379176685,0.559755788628001,0.6808324934761659,0.5897623405213693,0.5426166947187161,0.6626572189224679,0.6821246436831228,0.5608541650667643,0.6861745696291328,0.565379619151088,0.0,0.5238775611871468
0.5735684941494161,0.4219320162265058,0.30439754247716905,0.629609096236021,0.4359203200070143,0.6206693317286704,0.6839898920617994,0.720612065053605,0.6780209196349412,0.6390525892608797,0.628539288037864,0.4460196745707231,0.7155619601545896,0.7020322228460271,0.33333174520657677,0.548703850182354,0.5877333517157299,0.5085454919207953,0.4900580358908247,0.434442279934115,0.5073198331658711,0.6115174676708686,0.5263617269751333,0.40056982210576664,0.3993901992704795,0.0,0.5519140234194301,0.7864122854801864,0.6559851844250351,0.41930139182327514,0.5108654042194254,0.36702580695607845,0.49672694236122167,0.4727463271627755,0.5042824630559173,0.5807624261495109,0.510905281410899,0.34513265847359814,0.4456459899729891,0.607332177849927,0.5370957723672766,0.4333079280952278,0.13932497152526935,0.5496202494159648,0.36050579535092553,0.442823077434989,0.48177750403449865,0.6697924222355637,0.0,0.0030413063916882024,0.6609889651022032,0.5079121295341742,0.534747992667668,0.4108970142547608,0.5837297196352681,0.0,0.5928644601844023,0.6204163905913348,0.0,0.55673815842077,0.5464767130962911,0.6017099379380825,0.5749062448117757,0.0,0.5892383386613276,0.534785689093668,0.5707720353399162,0.5508409152144857,0.46996125206330513,0.6035969385743281,0.5924610282666047,0.5545137585490847,0.43466215447129347,0.6404788413858169,0.48563771610891565,0.4863260295786733
0.45844633983139205,0.3866120559490203,0.5874075329278361,0.647921012825281,0.31432402511118407,0.4389533053954709,0.5391846014926989,0.46609035456936243,0.45567485956046005,0.4939566953398562,0.43372863485519636,0.6583830877698136,0.6859772385716973,0.6106335115259847,0.35999926142813377,0.5199595983580813,0.4297159296334994,0.5981039945287688,0.4310793084652735,0.37517540359381263,0.4361437145875853,0.20117764518767448,0.4017037454365082,0.5023234478441396,0.711634353426339,0.5519140234194301,0.0,0.5435025818489105,0.24869703567878162,0.327768596739034,0.2942274940877261,0.3180175028284514,0.22845812883153127,0.30900696447569737,0.4937039368472426,0.49227237224721976,0.8911521650395925,0.5045652958447477,0.7355199849228589,0.19564051100476285,0.6145369297778839,0.1994161634697122,0.6318539503779196,0.7887598155433668,0.4026522686781242,0.43640800023360726,0.4406779993642581,0.6859146762574232,0.6522377932482158,0.7208744325391716,0.7228012368918741,0.5809416410993802,0.7094148839384865,0.6368142719151832,0.7727884493021673,0.6732927110158479,0.08706912123436622,0.6142176624236695,0.7388239284155445,0.49545499174087354,0.5432169230260901,0.0,0.4557618403356303,0.7293680814197812,0.5211256993882606,0.33832206555178723,0.4869782925726973,0.6436088606064807,0.0,0.5577455155381138,0.4615488359500259,0.6301877989309379,0.5966279912877719,0.5797232063698126,0.5431150698144147,0.5621621003573154
0.4185961281456746,0.7414981315478837,0.7252111172279745,0.47511324778868125,0.9015364556765562,0.733673389860196,0.5895225336647899,0.4777793166497262,0.8001321916279822,0.7791426527714246,0.6464097864578742,0.7633843131061868,0.724228628620306,0.35974522260907593,0.4638644427074933,0.7082637741761557,0.8015897398492238,0.6893080179130489,0.7379617200354979,0.7346785408451438,0.4735783451844203,0.7626212038144243,0.4246452136629711,0.5678816430255509,0.8004429376819004,0.7864122854801864,0.5435025818489105,0.0,0.7284382497589689,0.37858600450860397,0.7057717480371388,0.5476439592962585,0.946636436086812,0.6219687222629076,0.7171068456686449,0.39416599986275125,0.5633520445951271,0.9699728125554632,0.3294636853268028,0.34890503225647873,0.39412536172128193,0.23404881123223625,0.48201642503641295,0.35033835472854313,0.6304942681134582,0.6157919621147314,0.6557263293846969,0.6984234877989037,0.0,0.7593388428236587,0.7392096369288065,0.6554606882928115,0.6228311913407083,0.5997660372402358,0.47291758297957515,0.4909934035919342,0.5811834930303015,0.41777335514450853,0.34925677652924136,0.5837399737183239,0.4563340883232745,0.20196815538292393,0.5817499142143858,0.6887473006697421,0.692143239907103,0.6129373382400314,0.4892072981444586,0.6964578745286544,0.5407616295511342,0.6676844170068876,0.5633061750353463,0.6872894719312812,0.5980343582585217,0.6727070627135092,0.5292585586581071,0.635989951027306
0.6214314473543073,0.521752781714899,0.5745397456786759,0.6429803546200676,0.8118057327835798,0.300878362576675,0.7811011084449089,0.45881909883938804,0.9451036359771108,0.42455945916137844,0.4310216367921036,0.7685802766463219,0.8089937427096114,0.1851337396183868,0.5118089084616539,0.6469084114764156,0.32131413512616774,0.5873375240753274,0.5978218258070642,0.4455903146974635,0.42074159247825405,0.45573643416288556,0.46030286040619606,0.7703805202282961,0.6263502255906959,0.6559851844250351,0.24869703567878162,0.7284382497589689,0.0,0.5396468692554576,0.5345688742791037,0.30418248472987275,0.31842742086769354,0.5086960145672691,0.5797067373472138,0.5700597081257139,0.6764367155068338,0.5310730205986731,0.646750885198546,0.17802949845127322,0.6114412670660926,0.5854438842549234,0.4459996633234614,0.7044093946676893,-0.24439415647208773,0.46638173754523315,0.49128594598476794,0.7629110402056253,0.40754941905897857,0.577185275124185,0.7936901250457308,0.7291457182507892,0.6696298882415919,0.7690714230019788,0.8584415222257806,0.9576245548258024,0.044848767705575054,0.6917158087598416,0.7811890521680577,0.5642062417744842,0.6676964979353661,0.4813272621035563,0.5788050202995003,0.7846393078794993,0.5656153047260457,0.5001425781010939,0.5118021227512316,0.6993086077392221,0.4594624016777534,0.6873807334347686,0.6673062256922271,0.6221034077833199,0.6392877927083487,0.6213635942104455,0.45730694777748193,0.5705040747986978
