0.0,0.7703688740469008,0.3648530444624747,0.0,0.4093571387679421,0.5054808513970463,0.8115675594492364,0.36628961262298276,0.4494461457505462,0.5076678859650794,0.45444616402366905,0.4788970393857451,0.780729126764641,0.5172248530567185,0.47038536358195504,0.8176660904891577,0.39632945452757323,0.9075398168058515,0.0,0.4654033110540152,0.2436518168900253,0.6254788769707045,0.3544281056859421,0.2769724568376494,0.9035544867990475,0.5355242469658248,0.5035732878701582,0.7666381931396273,0.6063551636650059,0.6721232742377072,0.6302605182031594,0.8071031781575371,0.6274168910079541,0.5665246664880055,0.6921419963097171,0.6452269993275987,0.49214215033975295,0.2266743341022741,0.4222518904888338,0.5403082573154898,0.2455871311654263,0.898560066375804,0.46519261407740187,0.0,0.44460839088336196,0.2099912389876744,0.45050059146151433,0.0,0.0,0.0,0.4928912095677239,0.0,0.5737645396031237,0.0,0.5168789731816923,0.0,0.5366083979775167,0.7063051622769589,0.0,0.5724828795060084,0.6583729830947747,0.27816101657613274,0.7779147071712752,0.0,0.45778972335617774,0.567559953389619,0.5965967265513645,0.6083464080253534,0.5881244571099844,0.7807357158218289,0.7081070718558977,0.4393121250029651,0.39061947748872583,0.5340802191251699,0.0,0.3621933620919951
0.7703688740469008,0.0,0.7387430513743309,0.34318023939660547,0.46239707887315684,0.5471856461600542,0.5259050658573288,0.5356486072811205,0.47977913025701147,0.4454382673296291,0.7624125503001088,0.4195134715668673,0.5585993133933851,0.5133679368332019,0.6154312843889143,0.9016411911980706,0.5785053768190507,0.9294102087584794,0.05963611142351699,0.701620578277793,0.6920567749102271,0.7007434247995148,0.7167274522063883,0.6339925889387048,0.7608468376801586,0.6185818471017925,0.575264164171114,0.6182415221561468,0.5420076907014526,0.4705918796799505,0.7144184307634857,0.6042566267239642,0.6079961702327272,0.6383909975871913,0.7722111471886652,0.41815635040146915,0.2274149592527187,0.0,0.6497804869508933,0.892885633975812,0.5703184897967205,0.8491975414292925,0.6404089939632187,0.0,0.0,0.7025723378370079,0.7426007488533751,0.0501986940084454,0.0,0.0,0.7627726844972871,1.0791247267679691,0.5704967156299081,0.5628716832033555,0.6030539814913659,0.0,0.4406523994964519,0.9871399530685114,0.0,0.6572268878875456,0.8000768560852977,0.8674961563633954,0.9174789767009437,0.0,0.771749548433311,0.7421768488417622,0.703868129020902,0.7027647018447762,0.4347230355778816,0.8792302303452051,0.8081435849432694,0.6899318092026774,1.005490329111963,0.8137849586390489,0.0,0.787316344729434
0.3648530444624747,0.7387430513743309,0.0,0.6379590285245029,0.5078605672318796,0.632903260671527,0.6502656026575251,0.8026773795339651,0.502371191461589,0.7770691100319265,0.43362259892573163,0.8639251711000061,0.6801479253151796,0.6720403164582804,0.33311193277222234,0.44644260089328486,0.7708859386342495,0.813631651242101,0.34570728875212003,0.39284640163948537,0.4002200370337413,0.5907360985289081,0.5386721833820669,0.6255498097170458,0.6466960887663687,0.605313378115777,0.3641351643371724,0.7337755871980172,0.7391344948940778,0.6471729353456043,0.6799455979167488,0.7822470353205679,0.5078564041191831,0.7562590277932382,0.7560915069792407,0.8727924733761911,0.701772934882005,0.730072955327695,0.5291667305028416,0.49627632900519075,0.5310485232714084,0.2771304732509673,0.5751979635922986,0.4691179443781357,0.0,0.0,0.2056844451759676,0.3414935172478823,0.4810189337010312,0.6085935440548573,0.6545872048757713,0.6607261968105915,0.6622834425900388,0.3302202415882846,0.374925250341261,0.3333755486198444,0.47335912556007964,0.7118911888615805,0.7736841910617153,0.24632158519087793,0.0,0.0,0.0,0.18027254645355026,0.6425622643399036,0.45014735578871423,0.10051772062591718,0.4720545583712801,0.0,0.6310704275756754,0.3483141388123815,0.751700114315337,0.6614558753268689,0.6136683856096675,0.6965456025820095,0.5342613917968368
0.0,0.34318023939660547,0.6379590285245029,0.0,0.3781028960655145,0.6928737497274943,0.52441010886226,0.44359095000433135,0.7591965394418796,0.29167790080102285,0.6956421268359736,0.3384872082821078,0.48252817577712526,0.4017994484086732,0.5929818269591478,0.0886968244042868,0.5694017297462214,0.46501948939325777,0.6714766105287442,0.8742731961789145,0.40134234133597735,0.7040863784239668,0.949624616476521,0.24876131962052106,0.8765449278612918,0.6057233981727167,0.7968193409123927,0.4382314178957729,0.8648856748594395,0.5003274624260985,0.2948871849596118,0.19754339185459152,0.16863614048262415,0.7282727050516759,0.9242701162983177,0.30245715515682037,0.4581716611525801,0.28925737768687765,0.18557931362569244,0.30770349098116556,0.38396691697007623,0.29339365027822856,-0.04648320567158454,0.47816821178890595,0.0,0.0,0.0,0.40576435783552556,0.0,0.0,0.5925121044387979,0.0,0.46329249937967654,0.007575570080716597,0.0,0.18095729233802216,0.4852761098481922,0.4541787588747957,0.0,0.0,0.0,0.0,0.0,0.0,0.0,0.0,0.4820146371923971,0.7360057896443517,0.0,0.0,0.0,0.5146191904736276,0.5456242146313959,0.583769484441044,0.0,0.0
0.4093571387679421,0.46239707887315684,0.5078605672318796,0.3781028960655145,0.0,0.31269162066840084,0.439222251607013,0.790948450978928,0.4456977844130714,1.0125916359524907,0.4725759861350227,0.894190943364489,0.5156174660183843,0.5737574697053744,0.4926608447370883,0.5549293371407654,0.798911610084859,0.7397966686766212,0.4936766242949794,0.41249915255860947,0.5116348503529468,0.3913688552846515,0.3126963073438598,0.8780365753573633,0.5226516750979293,0.6479241228933463,0.31348612526098785,0.538603014209921,0.505264383386038,0.25892504142785644,0.6738376502020352,0.48763626977560376,0.8580397309099526,0.6703924734519617,0.6863035118713476,0.42522051470000105,0.41382322747695816,0.8610810302266237,0.20205601430819464,0.7042915094066873,0.37810568513875925,0.39425704193220246,0.47796253518254583,0.5303688348819611,0.2632411344243283,0.0,0.42411771752655614,0.5824901678347963,0.0,0.4746850949853175,0.7609397645815861,0.5251056011164625,0.3505440213991017,0.4677348961549311,0.0,0.5922025132941957,0.35905723009791624,0.5779537231618079,0.5968903377368519,0.25757963566635056,0.4565607327146267,0.0,0.0,0.5769598552254295,0.3231928711824077,0.49318698885274403,0.8411800470296387,0.5506412401417248,0.0,0.4974537583419937,0.8504207105297696,0.5214287897508577,0.362341300027783,0.31844558887772245,0.0,0.11901334309804851
0.5054808513970463,0.5471856461600542,0.632903260671527,0.6928737497274943,0.31269162066840084,0.0,0.5807150896657943,0.7711614230136129,0.5204016529661946,0.7981121038532122,0.4098405770379844,1.0677479004825798,0.5022388286678352,0.7476747793288605,0.7355503638203233,0.6487068934987812,0.7505716621957208,0.8483515049154811,0.7267230837182975,0.5081125103741508,0.7837956833056064,0.4357155266172372,0.5505284509795638,0.5271381495291381,0.6490197984894985,0.8019924322864358,0.5319750500612876,0.7276889039479899,0.4368233467603031,0.6562675732237113,0.768355696798307,0.7048071748226944,0.8943862671969207,0.8446270829716702,0.8643104949309848,0.7606647667354971,0.7816579696478854,0.7851443209057847,0.5170166892784319,0.591212004497254,0.5019009428429142,0.24841290188794443,0.5327747776229006,0.38333225377471564,0.1965654439542302,0.6281729567355164,0.6832682791499223,0.6717410716121239,0.563207007955427,0.5191978479369306,0.5445568243804839,0.7149297129520149,0.7269707914705534,0.6980083020116211,0.7094851716405204,0.6705128598234983,0.6034274532398658,0.7116254026625144,0.5364322478074838,0.6180365161906451,0.7392359569091114,0.0,0.5256191360520259,0.5837170977461634,0.5822600574241472,0.5177689649036189,0.651902076011374,0.595920802785085,0.5800354922753899,0.5842086246087531,0.7094863284207258,0.6354115526012349,0.6017903136308251,0.5597111068642736,0.6131690674921857,0.5434328356615392
0.8115675594492364,0.5259050658573288,0.6502656026575251,0.52441010886226,0.439222251607013,0.5807150896657943,0.0,0.7106304370280957,0.584450151609087,0.8412791106754337,0.6401405638112223,0.787774942171912,0.5208244955097723,0.565446163717522,0.5203452728873962,0.5611390590904262,0.7940395813384068,0.617082329890264,0.6068691781929219,0.6183015398670115,0.47508108572178087,0.5509443558858416,0.6979031162775527,0.754918415004951,0.573220131295618,0.6997961655951924,0.5730394166165134,0.36522105091351464,0.60605896680305,0.5797709695520323,0.39892906316568943,0.6841669353115518,0.7390194557955535,0.5287420353101806,0.3977848725190014,0.7031954939898906,0.6016678859650146,0.9779409645041258,0.6926406386058408,0.4375359326853905,0.5691221692408617,0.28654608378375124,0.3880317905606489,0.8395374721154696,0.35095934261205364,0.0,0.5969540406672835,0.44565478671337755,0.0,0.4275735478014217,0.6133251847251496,0.6278467869148379,0.6699777787225243,0.5498661928105872,0.5874787510917236,0.4490956180492891,0.4273113928992932,0.5693633047972582,0.3456208361795958,0.3281236584968836,0.6015484926424595,0.0,0.5430829726177903,0.4671937419201838,0.6181521127620264,0.49454328636147227,0.5266765570328257,0.6360793143476542,0.46710271749509136,0.6130311897879344,0.7375302165095713,0.6114900039657831,0.6082979798707153,0.4742179255356357,0.782576380102989,0.5694530947886907
0.36628961262298276,0.5356486072811205,0.8026773795339651,0.44359095000433135,0.790948450978928,0.7711614230136129,0.7106304370280957,0.0,0.7269834919784539,0.6994454700559988,0.8873878977072964,0.6282190849577558,0.7445654761068444,1.0066809488656026,0.6834620574570565,0.6525565740491828,-0.12928315594155337,0.6714508752103223,0.781891329137504,0.41932869971100106,0.4110310015054254,0.5486867724508823,0.6276616710053702,0.25191892936095783,0.6927712217290176,0.5592040683065276,0.6177272799230846,0.7251102595210367,0.6056019365523567,0.5717022064018457,0.6962721554173916,0.5845314736952658,0.5742325819238641,0.6832882658701723,0.6810048420188901,0.5043681974196248,0.5507873988566301,0.6711850051537434,0.5811653040941737,0.4113647087066233,0.3116003726584743,0.47454762427627784,0.6301096203834544,0.4462276546697057,0.0,0.5529940793964221,0.33783602005628566,0.7016412624958157,0.0,0.7350369132499454,0.38994392606196837,0.7590384604490683,0.5311455951207972,0.7029530124914591,1.2728699971137283,0.680548732740833,0.969922172544781,0.6989359798150276,0.563133818037288,0.7087933442965337,0.3796451010216205,0.0,0.6548175969702967,0.6814487329700141,0.6067402202720502,0.8149524106171051,0.6952536551595747,0.5761797636400078,0.0,0.47261011688342913,0.5590674340585894,0.5408649667135685,0.614364130410557,0.502657388323942,0.4758619691233109,0.40006339409518676
0.4494461457505462,0.47977913025701147,0.502371191461589,0.7591965394418796,0.4456977844130714,0.5204016529661946,0.584450151609087,0.7269834919784539,0.0,0.7835454913060187,0.503686976759078,0.835110566183423,0.6068448090721776,0.7262790372677221,0.6245915697520354,0.6994759254394846,0.6209455969362085,0.8312686246188161,0.4290641012192345,0.44001056969148006,0.6586644596283906,0.5206142766477047,0.5343148996391209,0.7452565338499113,0.6397988168361891,0.832006695583797,0.6493226931437066,0.7275195790768947,0.5335849923938103,0.6981804252573617,0.676722799973769,0.8235310056549968,0.7922688508012131,0.7628703287043638,0.7425634495118398,0.887711941768581,0.7629871117431763,0.836702729926753,0.5547840639403088,0.5322831031922067,0.46136919185401926,0.3975593196968542,0.4178484116136008,0.4646121748723391,0.28492080249913093,0.0,0.8212785094382273,0.6240193108956182,0.4791655514851011,0.7244914855439941,0.7044997927154456,0.7598584525649391,0.656743244053837,0.6034126188578717,0.21486706624206675,0.6857807710695731,0.9481097018494986,0.6390205746437695,0.5620983840012117,0.7287943393192158,0.689536077865119,0.0,0.0,0.6007895857462283,0.8560197048885534,0.6814868533385576,0.8062127630685808,0.6737784706536253,0.3258387040628921,0.5640237380893447,0.5400770012957143,0.6727581266798974,0.6394038163442815,0.5995524663091549,0.49487244415812115,0.6718694106592932
0.5076678859650794,0.4454382673296291,0.7770691100319265,0.29167790080102285,1.0125916359524907,0.7981121038532122,0.8412791106754337,0.6994454700559988,0.7835454913060187,0.0,0.8365179402235503,0.7462477788140374,0.8459330876457453,0.9719550533727705,0.47770635220841345,0.5536780063244242,0.6979694394362057,0.6578766556392098,0.8193496737865932,0.3540324000697974,0.6544051031691747,0.5033968057577995,0.7625754052853346,0.851854203879657,0.7380690499039415,0.6651122249170428,0.6758351216991982,0.8102180514896282,0.6712537517456438,0.4104020091892003,0.7846780269068592,0.7507561192614425,0.6616861405909253,0.7431823154310016,0.9668435458566372,1.0148570010981879,1.149600102625169,0.6430160102312081,0.8301166968378799,0.7430477246204197,0.6517771836324324,0.3737285204094233,1.1344616077764298,0.32862996094135827,0.7548252565997018,0.6324398706760366,0.4873287865245356,0.1625489571947113,0.4894914028707407,0.45701871927360105,0.5241030208960133,0.4481030858525389,0.5678558578870125,0.2264953015790786,0.7069603361920516,0.43358913152751744,0.6912258473023738,0.7755642439866094,0.0,0.9077174465535388,0.5661281304465658,0.7388553972143506,0.6586997426755452,0.47869748977316084,0.471489288906889,0.5610231113466733,0.3314645895542767,0.8465362473536346,0.613301754543047,0.609112691152824,0.6157952794946782,0.5782463009838776,0.6197168558641557,0.3975191614270296,0.0,0.8498148072169567
0.45444616402366905,0.7624125503001088,0.43362259892573163,0.6956421268359736,0.4725759861350227,0.4098405770379844,0.6401405638112223,0.8873878977072964,0.503686976759078,0.8365179402235503,0.0,0.9847729469303421,0.622980096165782,0.9148574536052079,0.0,0.5203349256781767,0.7959738529192364,0.8095372478683727,0.14783805503362255,0.45526209552013974,0.5983236238004215,0.38880763372064375,0.5980016982739204,0.7912978394574239,0.7072357159927862,0.8309910911565996,0.46275628284487913,0.6905081252877587,0.5073764524629554,0.5472869332944325,0.592634784370373,0.6246579220019135,0.8356249870823254,0.7164247213268546,0.7080273114092994,0.652254038959806,0.8330059494829887,0.8452326193698164,0.5988541405921195,0.5524303619929294,0.7047397736549569,0.8616639583965573,0.6722845496903525,0.6920880114042014,0.19305157162846576,0.0,0.0,0.35694118736186137,0.47275247818844635,0.7762426427998816,0.830564598517358,0.6552374486417587,0.7837875397407974,0.47337111331544324,0.5026296112392835,0.5861216891755457,0.5411861731748042,0.7413904634711735,0.7850098160127046,0.0,0.0,0.0,0.0,0.3059168280118949,0.3593150088034559,0.0,0.674555457442657,0.7258806936764917,0.0,0.0,0.9541678737723363,0.7905322210356369,0.6050000151053918,0.3593918359139472,0.0,0.5587305155217873
0.4788970393857451,0.4195134715668673,0.8639251711000061,0.3384872082821078,0.894190943364489,1.0677479004825798,0.787774942171912,0.6282190849577558,0.835110566183423,0.7462477788140374,0.9847729469303421,0.0,0.956124513888226,0.8599624642114259,0.21935604072938228,0.6205150629597942,0.7940673474363316,0.8152855926357947,0.8727021401738428,0.8042002892705596,0.5023369934069357,0.8583015346697503,0.5419268662492968,0.7218148915812739,0.6966807306212787,0.5073983694753432,0.9366250067770849,0.8420419394741535,0.8400329366695924,0.3018725459600532,0.6239930919978576,0.34403917208252927,0.8302254659545744,0.2868368256916328,1.0177780875179363,0.8636608589045466,0.5635086436590422,0.3177029963698893,0.3197708222962803,0.7087248492022338,0.7083001721646691,0.09556652965001977,0.43137351333326,0.4629476662164079,0.7154154438503729,0.4723525898047932,0.5637088751348713,0.27659390850400184,0.19306327409751783,0.29468752524716735,0.33530240516019294,0.4983542116777864,0.2368555939329324,0.4236636106290059,0.7824091825747479,0.24588959177368197,0.7890655632048313,0.799012736250922,0.7208392251057262,0.6440890234893505,0.6362931715506648,0.7669498843802989,0.7262894983136481,0.33828566193547616,0.7727516111156764,0.7726020022745939,0.4088343091531642,0.945614000406231,0.6868278103952615,0.6517801645653923,0.6148430008296537,0.3348254345183101,0.8393735415961149,0.5235984109631567,0.0,0.7998450697716952
0.780729126764641,0.5585993133933851,0.6801479253151796,0.48252817577712526,0.5156174660183843,0.5022388286678352,0.5208244955097723,0.7445654761068444,0.6068448090721776,0.8459330876457453,0.622980096165782,0.956124513888226,0.0,0.6443859235950584,0.5546392311524001,0.6362602015227923,0.7188201651881877,0.7515001009356004,0.6237927606260163,0.6574119339511248,0.556438714517506,0.5546991246577716,0.7082954720365495,0.7409890560066541,0.7226661177532663,0.7775895129580725,0.6047249685218327,0.5683828446471114,0.5658651402509068,0.576859597217007,0.5473116506026179,0.6582959630670948,0.8869303621155841,0.6774822381667163,0.7728827417762901,0.6396131056407097,0.5738073817772738,0.9792203681475338,0.5742786451641237,0.7787782264234975,0.5465004514736433,0.40153920657721964,0.4672804714312929,0.363030612842014,0.4391108767916584,0.6445648172189142,0.7691788965895316,0.659276398598097,0.0,0.6201771164749321,0.6125108885449366,0.6813393592540238,0.6878634712762417,0.6547252566664243,0.7935762495954701,0.5094918055866496,0.4378102264976399,0.675231990753493,0.18163742014904952,0.5674800908691533,0.6628000224381805,0.4013730382771639,1.0932357610872172,0.5175768683845998,0.5373539827406395,0.5989658114655971,0.6250246878031347,0.6697037687462335,0.49931427776228626,0.9090295674760615,0.7023764625837239,0.6930077198317841,0.6235242771566694,0.6367261824274397,0.6623873346161353,0.6627710439852681
0.5172248530567185,0.5133679368332019,0.6720403164582804,0.4017994484086732,0.5737574697053744,0.7476747793288605,0.565446163717522,1.0066809488656026,0.7262790372677221,0.9719550533727705,0.9148574536052079,0.8599624642114259,0.6443859235950584,0.0,0.4998809813373388,0.5620419885523886,0.4934255688923668,0.47923100383597855,0.6054948903972259,0.37933497750329115,0.6964689277378368,0.2703538542401001,0.8423171897366828,0.6734218829186864,0.760381063697235,0.4971630653911896,0.5784901905595163,0.4093117873924811,0.826590002899546,0.8226412735639406,0.9080112241152045,0.3680910211564786,0.24107125011096397,0.87473438542768,0.4900574678922197,0.4449832518215227,0.6090094988327792,1.0576789623012326,0.690692112723087,0.0,1.1986760869281181,1.0071092535375115,0.5598175395941718,0.48029487330009124,0.0,0.0,0.0,0.21921737316952178,0.0,0.6769974838909105,0.4474806491359402,0.3885252553450427,0.5712739821083088,0.44243859595010243,0.0,0.7222847401096081,0.40660205248675363,0.7490008560782672,0.45934309805617624,0.0,0.0,0.0,0.0,0.41364867743025613,0.0,0.0,0.0,0.620099499062488,0.0,0.0,0.0,0.4886118216698325,0.7563152127235205,0.0,0.0,0.0
0.47038536358195504,0.6154312843889143,0.33311193277222234,0.5929818269591478,0.4926608447370883,0.7355503638203233,0.5203452728873962,0.6834620574570565,0.6245915697520354,0.47770635220841345,0.0,0.21935604072938228,0.5546392311524001,0.4998809813373388,0.0,0.5642430170598505,0.7607380581575418,0.51727772546096,0.0,0.22415884587155988,0.36460052042054647,0.1117062901151798,0.25583854435393183,0.13324086235482932,0.6432574491499754,0.5778554003128343,0.16926679627748042,0.4700773622543955,0.7680928376204019,0.4635544155866939,0.40237347151663383,0.4961822449306153,0.5232781755435059,0.4688762670981318,0.7150169540309896,0.8988443292438513,0.4708917654508321,0.37663764909472985,0.28972237174305837,0.44711518513328763,0.38347188789872577,0.41728967579933235,0.8365672684396372,0.604513595868371,0.0,0.6057009991681501,0.6944623443161684,0.4784016306347563,0.0,0.0,0.5705078857724594,0.7130049301224585,0.7228166365305189,0.5585888128782946,0.0,0.0,0.689530775338772,0.594314671763072,0.47530135086042835,0.23632069999758815,0.6259330927341396,0.6299058863097429,0.6080658085248678,0.0,0.2654091392358802,0.44400442618962294,0.4946195733990224,0.6935451946871536,0.45766885448228634,0.6261274457428649,0.34276634803326417,-0.061469046701470687,0.8122182073230864,0.4536643408075456,0.5383421648480986,0.30145182382529867
0.8176660904891577,0.9016411911980706,0.44644260089328486,0.0886968244042868,0.5549293371407654,0.6487068934987812,0.5611390590904262,0.6525565740491828,0.6994759254394846,0.5536780063244242,0.5203349256781767,0.6205150629597942,0.6362602015227923,0.5620419885523886,0.5642430170598505,0.0,0.5100555485296698,0.49928267577215013,0.4545244262581296,0.47830859921763014,0.6840278093220766,0.6153744783668156,0.6759909388495442,0.7278739254908524,0.9591916612783886,0.5986658970785943,0.6315422152451725,0.6128731917696415,0.5181602501933763,0.5545367413721466,0.5932708994653004,0.7102056611977611,0.46244779894868365,0.4939042873692709,0.828056967359703,0.6567488302512322,0.39333447746759564,0.6127467567283781,0.6331148379555167,0.6438354602247499,0.6670199607598992,0.7735230367823599,0.4656200686257931,0.0,0.0,0.5170343921403744,0.7386592401758358,0.0,0.0,0.0,0.5783043235861984,0.601272510728392,0.8120655920955937,0.0,0.9297670284969388,0.0,0.4439513948190569,1.0144154775689609,0.0,0.5885059356689812,0.825789142071853,0.8836518428993644,0.8803402337941102,0.0,0.6909943317526372,0.6574876483042209,0.611698834992829,0.7021448540026447,0.4203581489837116,0.9984224792152667,0.8699754853713889,0.7169647778388557,0.8500605766272823,0.8684564780745071,0.0,0.6534953231848203
0.39632945452757323,0.5785053768190507,0.7708859386342495,0.5694017297462214,0.798911610084859,0.7505716621957208,0.7940395813384068,-0.12928315594155337,0.6209455969362085,0.6979694394362057,0.7959738529192364,0.7940673474363316,0.7188201651881877,0.4934255688923668,0.7607380581575418,0.5100555485296698,0.0,0.7343398553402563,0.751034091848898,0.42905306097993023,0.5590428932678617,0.5616545831196051,0.805752427141389,0.75593934031761,0.6122407101968079,0.5294526527506054,0.9245634420132944,0.813953820424506,0.351429148680824,0.4881782992822941,0.6016240546054983,0.5827929822639395,0.5892582526770057,0.43382543070699225,0.7033200253045708,0.7370510408056958,0.24634865178490586,0.4628848821727288,0.4733964972672613,0.5117736823115971,0.6918669230244832,0.5432186122143972,0.0,0.0,0.4627054539943473,0.6370340630328972,0.5494746479165531,0.0,0.0,0.0,0.0,0.0,0.0,0.0,0.7995536294569615,0.0,0.6676786033655415,0.31154325349472334,0.0,0.7901846777826452,0.42152868466704563,0.9081099387806724,0.7034892939094939,0.0,0.0,0.0,0.5359331404421777,0.0,0.8235415626117694,0.8609420509528888,0.7704569379558412,0.0,0.29996595046997476,0.4807984651297894,0.0,0.7471850724786873
0.9075398168058515,0.9294102087584794,0.813631651242101,0.46501948939325777,0.7397966686766212,0.8483515049154811,0.617082329890264,0.6714508752103223,0.8312686246188161,0.6578766556392098,0.8095372478683727,0.8152855926357947,0.7515001009356004,0.47923100383597855,0.51727772546096,0.49928267577215013,0.7343398553402563,0.0,0.7079722987299853,0.4944148607434276,0.8475488326498226,0.44287957866215055,0.7531187571324269,0.7270691059558827,0.776760609385244,0.6451441443583381,0.8716715365482589,0.6184383756786547,0.4979058543326901,0.13485763801372203,0.6626155040360261,0.7615856532989498,0.7315904823936397,0.6763153801676932,0.7758286700351088,0.7941936736534398,0.2579088459853712,0.42275729122153843,0.8170792437498079,0.5759534517779817,0.7482581457984254,0.9379590801134312,0.0,0.0,0.5758201642075924,0.9080844600601409,0.8007651121719833,0.0,0.0,0.0,0.5221950171570029,0.5682965971007885,1.1967917603432425,0.0,0.8972583119886091,0.0,0.8783193650921545,0.5321787245440266,0.0,0.6620340858876235,0.8612136066990921,0.9307492111972423,0.8952300189727614,0.0,0.7927441278265264,0.902558720052755,0.7377113877064225,1.0122706000949808,0.8536755415348395,0.953875981271302,0.9509289386478359,0.4934540226912518,0.663362411488666,0.8150880866837397,0.0,0.8904463833877987
0.0,0.05963611142351699,0.34570728875212003,0.6714766105287442,0.4936766242949794,0.7267230837182975,0.6068691781929219,0.781891329137504,0.4290641012192345,0.8193496737865932,0.14783805503362255,0.8727021401738428,0.6237927606260163,0.6054948903972259,0.0,0.4545244262581296,0.751034091848898,0.7079722987299853,0.0,0.5560279397621939,0.442988805168941,0.6930296815955077,0.4966010343255778,0.8936595704887825,0.6817600029302127,0.6811813293796714,0.4718717719333726,0.7081044233593081,0.5754503425308437,0.5127414760654923,0.6449533480157659,0.7902254703901409,0.702454847948951,0.7147277486910921,0.701118031618,0.8407789489359057,0.6834052739878141,0.6805442516161774,0.48375753320286435,0.40271362572180786,0.45472554376808705,0.22216798323884593,0.6458403360750175,0.34580147980192916,0.40756513527656646,0.0,0.0,0.7051290981336968,0.0,0.5883884392692296,0.6680331749325188,0.6618217730950995,0.6014334483658689,0.7026388404207553,0.9317997066113535,0.7979355113305382,0.5651799600782237,0.5798531904172226,0.544459485892271,0.0,0.0,0.0,0.0,0.7820351921837276,0.47665566558631267,0.0,0.4947281008766057,0.7309918117155146,0.0,0.0,0.0,0.7600278521090527,0.6523847715646018,0.46875851916170086,0.47261201004760744,0.8019843974023113
0.4654033110540152,0.701620578277793,0.39284640163948537,0.8742731961789145,0.41249915255860947,0.5081125103741508,0.6183015398670115,0.41932869971100106,0.44001056969148006,0.3540324000697974,0.45526209552013974,0.8042002892705596,0.6574119339511248,0.37933497750329115,0.22415884587155988,0.47830859921763014,0.42905306097993023,0.4944148607434276,0.5560279397621939,0.0,0.42335974280759214,0.5455025318659925,0.11368708785067144,0.3446809376369846,0.8673930144699802,0.46371155103542305,0.535139842499575,0.7025228465338278,0.5149105751936383,0.6992587527999363,0.42321720898152093,0.48121857556337555,0.5319141914812755,0.5056268425393151,0.7643342470172714,0.9351192392387143,0.7809903945073333,1.0752651211941062,0.49264271910048923,0.6050551815609839,0.5579014848535147,0.5802686251298579,0.583913537497307,0.15264401054508936,0.21654598109468215,0.5257163355164594,0.6955264826682156,0.49472091373237737,0.0,0.0,0.5585995952142948,0.8885388713857918,0.6921202821304504,0.4436743396987546,0.9394932326015903,0.0,0.7616981131140124,0.7816099333018025,0.0,0.617374621183603,0.6404700931117475,1.4667509553165357,0.5586275618042176,0.0,0.5579092638912788,0.6034339882017012,0.5640635251021038,0.5836990598201685,0.0,0.7712208134206631,0.5733739562757477,0.47111402796067936,0.6099149198780354,0.6267622593112864,0.410099599472893,0.5127249508706861
0.2436518168900253,0.6920567749102271,0.4002200370337413,0.40134234133597735,0.5116348503529468,0.7837956833056064,0.47508108572178087,0.4110310015054254,0.6586644596283906,0.6544051031691747,0.5983236238004215,0.5023369934069357,0.556438714517506,0.6964689277378368,0.36460052042054647,0.6840278093220766,0.5590428932678617,0.8475488326498226,0.442988805168941,0.42335974280759214,0.0,0.34648017282146065,0.47873609771036446,0.07172512161080036,0.7145397255901005,0.5587445388860907,0.6369668939025882,0.7529115420443449,0.5486172523973096,0.7287009723458621,0.47161483368781076,0.5164117852831885,0.43553777263015436,0.5239684134579277,0.7905056594316237,0.6193324905339479,0.35052982198231053,0.2678382640390998,0.49815028868875477,0.6023998603267476,0.4114678776007808,0.48718811507424087,0.5709118104168388,0.0,0.0,0.14432908331258196,0.7012237480089099,0.6582934189339669,0.0,0.0,0.7334680799520389,0.4414501317086156,0.81611531820397,0.5481432309024051,0.602620813839734,0.0,0.7451743509474456,0.9133070596017736,0.0,0.4668728417933333,0.5971892945971974,0.0,0.3111110538222834,0.0,0.584591695870718,0.45661020288604187,0.61956856587749,0.6984832125387554,0.8231153445497872,0.7488524106773382,0.7677599053371174,0.5146181882043419,0.8132954891831699,0.7547043554969621,0.4017964784615692,0.3783582312322371
0.6254788769707045,0.7007434247995148,0.5907360985289081,0.7040863784239668,0.3913688552846515,0.4357155266172372,0.5509443558858416,0.5486867724508823,0.5206142766477047,0.5033968057577995,0.38880763372064375,0.8583015346697503,0.5546991246577716,0.2703538542401001,0.1117062901151798,0.6153744783668156,0.5616545831196051,0.44287957866215055,0.6930296815955077,0.5455025318659925,0.34648017282146065,0.0,0.6902873198047943,0.5649327837921856,0.9481425084474506,0.6337589664861121,0.41928775656829276,0.7287251276533098,0.4995834238541522,0.7069716495003175,0.5404125846328929,0.4550519305825119,0.40608434878958005,0.5244303753242667,0.7187684330727863,0.673676101373123,0.80258415694199,0.6106529779868146,0.4130749974648308,0.6900836611270502,0.49007347890031994,0.6060436010902945,0.4599748786057433,0.3206837791407429,0.25102284725053936,0.5849260706698372,0.7624398244475283,0.5837497481382361,0.4781726790773874,0.24515732591689293,0.7124389817703767,1.021617638939265,0.7497528584961477,0.659661874304021,0.42010374783692506,0.0,1.2336064854463877,0.8372320997635669,0.0,0.46306329422503156,0.6496583748677565,0.4111988680336337,0.6783937981709265,0.0,0.5422230444590882,0.5305118931960677,0.608102644445708,0.6490202601785771,0.74546092417153,0.8027247863282968,0.6644475538389778,0.5689593474281142,0.7770122742132828,0.6418426137329195,0.5589315645599461,0.6068467102358985
0.3544281056859421,0.7167274522063883,0.5386721833820669,0.949624616476521,0.3126963073438598,0.5505284509795638,0.6979031162775527,0.6276616710053702,0.5343148996391209,0.7625754052853346,0.5980016982739204,0.5419268662492968,0.7082954720365495,0.8423171897366828,0.25583854435393183,0.6759909388495442,0.805752427141389,0.7531187571324269,0.4966010343255778,0.11368708785067144,0.47873609771036446,0.6902873198047943,0.0,0.14199967664017488,0.6294245435417707,0.48865325071781196,0.3944538303482328,0.6431268258473803,0.5769913689865152,0.5387752058761932,0.6244050882602579,0.7112309190749635,0.6710581548052947,0.6616652581940519,0.7458030003104983,0.6343225711341329,0.8127561162471315,0.5427908247553519,0.6385511614821673,0.7013304700133384,0.5613763628267143,0.4961531043095595,0.7097793902087141,0.5987294599356473,0.573872050681591,0.5308099592944096,0.8088369581570491,0.4341392268257721,0.4505888580400005,0.721558717508552,0.5084181650990082,0.6930173446006154,0.6673879482857499,0.6857687321426412,0.7637119213287111,0.25644809615888636,0.8953771608940668,0.649537952029383,0.6452360172942697,0.7011503442328273,0.775663988706886,0.47148928890688746,0.5779762302106333,0.23108558446813415,0.6223007932286245,0.7449036399956916,0.7019892810215973,0.7160758231098947,0.2384743662696002,0.7237084845810624,0.768083131174822,0.5357208754082943,0.5772133724707895,0.6333101369789175,0.5256735984588823,0.5343519821822346
0.2769724568376494,0.6339925889387048,0.6255498097170458,0.24876131962052106,0.8780365753573633,0.5271381495291381,0.754918415004951,0.25191892936095783,0.7452565338499113,0.851854203879657,0.7912978394574239,0.7218148915812739,0.7409890560066541,0.6734218829186864,0.13324086235482932,0.7278739254908524,0.75593934031761,0.7270691059558827,0.8936595704887825,0.3446809376369846,0.07172512161080036,0.5649327837921856,0.14199967664017488,0.0,0.6217026884773877,0.4219773974871621,0.2812473629646476,0.7170836985409414,0.5621221514365782,0.8124325987809602,0.706911832737932,0.8036725332365008,0.864053489165491,0.6098826113844582,0.9747173294012852,0.7155932059464196,0.35040093422044294,0.44513812582240186,0.925224284096054,0.8442963150891846,0.9901026489367295,0.624611284551184,0.5905364119290433,0.3515006413527853,0.6850985906669387,0.5814250386658703,0.5792510332185149,0.0,0.0,0.4624594066395744,0.5736681329733739,0.2942211516943141,0.0,0.023235174644258186,0.6486097380837861,0.5452290921802593,0.6099963622536009,0.8049875164373821,0.0,0.22401003632999855,0.7000325279849089,0.6494497900451239,0.7105883151750934,0.47499508810580465,0.32736963211681047,0.4449542307584844,0.15280296351503608,0.8262255401351231,0.5078082205224452,0.72102897519127,0.65591838149983,0.5218254059640074,0.6812563301556386,0.6140385262709255,0.0,0.7406164515821371
0.9035544867990475,0.7608468376801586,0.6466960887663687,0.8765449278612918,0.5226516750979293,0.6490197984894985,0.573220131295618,0.6927712217290176,0.6397988168361891,0.7380690499039415,0.7072357159927862,0.6966807306212787,0.7226661177532663,0.760381063697235,0.6432574491499754,0.9591916612783886,0.6122407101968079,0.776760609385244,0.6817600029302127,0.8673930144699802,0.7145397255901005,0.9481425084474506,0.6294245435417707,0.6217026884773877,0.0,0.5112930528950808,0.7289929674008424,0.6967708174891929,0.7133480580072706,0.5511529302278761,0.66259960766389,0.46882953177648545,0.7318973824744122,0.4068513612955038,0.5495983331990524,0.5916415027506214,0.5899575042915027,0.394331041936237,1.0084171278422804,0.7955490208900258,0.8878883007616442,1.0989128391636407,0.09841488576705434,0.0,0.39866275965729614,1.0421984874364023,0.9018756422886232,0.0,0.0,0.0,0.7183481752038995,0.5473149249603465,0.7484352676622832,0.4083757471758004,0.7748875904164803,0.46751187421148044,0.777067475529803,0.5777196214663141,0.0,0.7085628469788658,0.973060850205405,0.8342287677745237,1.0082112988141079,0.0,0.9788272332366748,0.8512511802555774,0.786284940638571,0.7779691990798779,0.7349974770469132,1.0553201878712146,0.9716017679520264,0.501427246885799,0.9285910743123993,0.7889867989593704,0.0,0.9350183824489547
0.5355242469658248,0.6185818471017925,0.605313378115777,0.6057233981727167,0.6479241228933463,0.8019924322864358,0.6997961655951924,0.5592040683065276,0.832006695583797,0.6651122249170428,0.8309910911565996,0.5073983694753432,0.7775895129580725,0.4971630653911896,0.5778554003128343,0.5986658970785943,0.5294526527506054,0.6451441443583381,0.6811813293796714,0.46371155103542305,0.5587445388860907,0.6337589664861121,0.48865325071781196,0.4219773974871621,0.5112930528950808,0.0,0.6607231010657502,0.7275409672090631,0.7561733551971599,0.4176687599694474,0.49497157167540995,0.5761784541158552,0.5740406398960749,0.4395057243819879,0.6193941779552583,0.40600739683700093,0.5114707215893053,0.4428370237440424,0.5968217658688442,0.6799062901147812,0.7067020530991028,0.6210135476088325,0.19844457739249516,0.5448427414216053,0.46346974328438684,0.6901127333728081,0.7561054940163509,0.6678312790734384,0.0,0.0026736505911434377,0.7384830773039659,0.6012992460345452,0.5016458707042204,0.3950603303641487,0.7655486697501296,0.0,0.7992204094215719,0.7220198147395167,0.0,0.4001688801432539,0.7573454470958865,0.7705683040241758,0.8464022968663025,0.0,0.6538414846687535,0.6764043322038578,0.7259472980006632,0.7137195087024707,0.7325962902135204,0.8766309255609575,0.7628887109070788,0.6600315864580308,0.6855249679650552,0.7738359729240918,0.4785198434052158,0.7109791300595817
0.5035732878701582,0.575264164171114,0.3641351643371724,0.7968193409123927,0.31348612526098785,0.5319750500612876,0.5730394166165134,0.6177272799230846,0.6493226931437066,0.6758351216991982,0.46275628284487913,0.9366250067770849,0.6047249685218327,0.5784901905595163,0.16926679627748042,0.6315422152451725,0.9245634420132944,0.8716715365482589,0.4718717719333726,0.535139842499575,0.6369668939025882,0.41928775656829276,0.3944538303482328,0.2812473629646476,0.7289929674008424,0.6607231010657502,0.0,0.6510256612920666,0.45650177971775385,0.559015847021245,0.4458763007651077,0.5828747738087907,0.4662191595024177,0.5709034262000194,0.6809308213478303,0.5922004720618347,0.753838124888484,0.899917574725468,0.6132340672204077,0.5312346444748519,0.5634477866586338,0.42053894739064607,0.5531519243336752,0.5552062690647586,0.4048579860536992,0.4460575476803471,0.6524651657695353,0.6729223102482731,0.4695183803899714,0.6827334438168879,0.5281227612054165,0.6334155129555425,0.5550497040091813,0.6391519094263782,0.7590917756707466,0.6958699456049482,0.5705332682656364,0.6643754319995614,0.5916144614601159,0.6291220586753841,0.7912144837282225,0.0,0.4697425270676581,0.6985480367909007,0.5569911298537782,0.6673935058489109,0.6198305954933434,0.5295980282531563,0.0,0.8249935884614585,0.6148199699896149,0.5478849092285033,0.5821203228262346,0.5809118017170999,0.44158007507429464,0.5144636727601232
0.7666381931396273,0.6182415221561468,0.7337755871980172,0.4382314178957729,0.538603014209921,0.7276889039479899,0.36522105091351464,0.7251102595210367,0.7275195790768947,0.8102180514896282,0.6905081252877587,0.8420419394741535,0.5683828446471114,0.4093117873924811,0.4700773622543955,0.6128731917696415,0.813953820424506,0.6184383756786547,0.7081044233593081,0.7025228465338278,0.7529115420443449,0.7287251276533098,0.6431268258473803,0.7170836985409414,0.6967708174891929,0.7275409672090631,0.6510256612920666,0.0,0.7533307307746214,0.4588403931146604,0.6072033554069541,0.5022071429208709,0.664458890033043,0.5779144787729206,0.7978186929104922,0.4152795702129539,0.3038781440989235,0.7210234804990501,0.37354314862882554,0.3360002350286357,0.5995704233926669,0.19253157323422324,0.14918143562330582,0.28037872525607216,0.6551591332895543,0.6287158892459652,0.7363593158195085,0.6318317733922738,0.0,0.7133444418802037,0.64836547835044,0.7533261088955261,0.801287487939142,0.6805713367403596,0.732572525426345,0.5736285059895043,0.29753177179573337,0.723653737203227,1.086399719080907,0.5979993657999718,0.5425493070342412,0.19089752112594716,0.5825748250814328,0.6189412695749245,0.5826073636180554,0.7421094036220195,0.6121567724367336,0.6789058849321139,0.5425024099282862,0.9763642993187109,0.6762312409342149,0.6496872306365925,0.7418105137806866,0.6060078256431989,0.6917665955275762,0.6561285253313722
0.6063551636650059,0.5420076907014526,0.7391344948940778,0.8648856748594395,0.505264383386038,0.4368233467603031,0.60605896680305,0.6056019365523567,0.5335849923938103,0.6712537517456438,0.5073764524629554,0.8400329366695924,0.5658651402509068,0.826590002899546,0.7680928376204019,0.5181602501933763,0.351429148680824,0.4979058543326901,0.5754503425308437,0.5149105751936383,0.5486172523973096,0.4995834238541522,0.5769913689865152,0.5621221514365782,0.7133480580072706,0.7561733551971599,0.45650177971775385,0.7533307307746214,0.0,0.4550831785810385,0.42539767168851605,0.46548572953943246,0.28958849362481687,0.6160883660841403,0.6722751176975159,0.5378968618679336,0.6971404388373754,0.8923931067503124,0.5782140953723691,0.6673668208565219,0.535701332072995,0.5156074558742414,0.49434737514311644,0.41907883006911323,0.6332101363750637,0.4731790939688132,0.6563670811622504,0.543374789600685,0.4534534985956753,0.4981713521941976,0.6254592736472044,0.7104907621094796,0.7940156941005957,0.6017975565878366,0.6298211610125997,0.43855743426187865,1.28734113609861,0.7109861080604702,0.7549921254587952,0.594716616188832,0.7312482091600725,-0.3020340518752262,0.49852622691078324,0.15266591021908651,0.5390772344673853,0.6550503791287098,0.597548659563274,0.583328777149994,0.48420935913455954,0.8187012271878892,0.6106209931701398,0.48351546966403736,0.6227191589287129,0.5437832706939856,0.5127273713005926,0.46213116831036927
0.6721232742377072,0.4705918796799505,0.6471729353456043,0.5003274624260985,0.25892504142785644,0.6562675732237113,0.5797709695520323,0.5717022064018457,0.6981804252573617,0.4104020091892003,0.5472869332944325,0.3018725459600532,0.576859597217007,0.8226412735639406,0.4635544155866939,0.5545367413721466,0.4881782992822941,0.13485763801372203,0.5127414760654923,0.6992587527999363,0.7287009723458621,0.7069716495003175,0.5387752058761932,0.8124325987809602,0.5511529302278761,0.4176687599694474,0.559015847021245,0.4588403931146604,0.4550831785810385,0.0,0.5164774129950513,0.48653559762066045,0.49621955490591274,0.866828531251874,0.7522096238759394,0.6730614018924674,0.26695138777773647,0.5582531578528945,0.7268249905383363,0.4490935062414275,0.3381430765707376,0.7495837199553962,0.6207299270622846,0.07586181841186862,0.0,0.0,0.0,0.22005464476314052,0.0,0.0,0.4081842844369099,0.7967387654347651,0.44061792202392724,0.6453308181485724,0.5488369964628361,0.0,0.009154555422676638,0.5703186832237663,0.0,0.44443786637999383,0.0,0.0,0.9827763817954973,0.95442687237285,0.5974165831264491,0.5413990125085907,0.5589195437421601,0.5865915075038987,0.0,0.38154031042357006,0.48310565844294623,0.5886427123778958,0.7206403435701116,0.5162044814082771,0.441293035074408,0.28751537769947744
