0.0,0.01864239784705629,-0.0016201033980549062,0.0,0.0005149178988488323,0.0029777730257180557,0.04208826613772598,-0.03162915966231916,0.0003405505547333654,-0.007100555967368805,0.0007989253597175949,-0.012743135672804384,0.01755381398510869,-0.0018612610979661937,-0.006559701305176802,0.00919318804704683,-0.0015437701577025176,0.03563722345458015,0.0,-0.02130479419113085,-0.03639483966924423,0.00033447902226685367,-0.034126178789370964,-0.0481913860799969,0.05268257257839026,-0.019235358291022187,-0.018484510648242636,0.03022694317873814,0.0017342639858654585,0.0023921304904756524,-0.0024108621754198034,0.015139435566728199,0.002277121469127008,0.0029930701959826056,0.0272632179315917,0.00023880575212109623,0.00031246089659558995,-0.0420576470898959,-0.01783483597604918,-0.008296726436330393,-0.03275175691061677,0.05205547168243363,-1.637858432368411e-05,0.0,-0.0012435107072139573,-0.06889179085439162,-0.01993735075973374,0.0,0.0,0.0,-0.0032943394540705384,1.1102230246251565e-16,-0.0023857539655903204,0.0,-0.00488130493698008,0.0,-0.0019477609614548808,-0.0003407838157597487,0.0,0.00042432625036831206,0.004143405743732231,-0.00236269931773736,0.02148402413731121,0.0,-0.002885470920610367,0.008084854487673931,-0.0027597843727929505,-0.0005078112080851294,-0.002852078231118549,0.016348841156255123,0.0071562483047662995,-0.0017250909117189073,-0.0002075481044756522,-0.0023890529579866926,0.0,-0.017003884685251824
0.01864239784705629,0.0,0.019134270539414022,-0.00013085812761931548,-0.01122120735461185,0.0009656898224106314,-0.005257033206033601,-0.019878354535285525,0.0017832970463920739,-0.002540324901407709,0.04387943049356452,-0.0019982817187871316,-0.0029861718059578934,-8.408397579556803e-05,-0.0017944114177319004,0.028512264194360315,-0.0020405289169044827,0.034136170285194556,-0.05055086913337953,0.00703548617211136,0.009205898216867625,0.003449119212873608,0.004018018187451622,0.02425367258101313,0.030519080352960803,0.013217683078419362,-0.005192958398737346,0.008317665367165605,0.0036765763320633083,0.002948645973816777,0.008224010893739198,0.003266857995994632,0.020575229960444363,0.011858584237728953,0.027130780910065988,-0.007843649725791546,-0.00024005281101974196,0.0,0.011083844594700576,0.032559131145715736,0.010589076998400115,0.02315906446673416,0.0010082642838089018,0.0,2.220446049250313e-16,0.007191542031364795,0.016194955598223093,-2.9262512024452736e-05,0.0,0.0,0.016341132147628223,0.04982748275582077,0.0009356222718950313,5.482707595333425e-05,0.00024027252226765938,0.0,-0.0007740778230515555,0.04182546143796556,0.0,0.008482133823151938,0.026407575812239348,0.02534062008166771,0.04298814647148613,0.0,0.01826670457766444,0.006495301018827948,0.0053366382231676,0.010876118004132962,-0.0013971613423346407,0.04014837218032691,0.023550242454832004,0.008768553496027398,0.043713615128151306,0.02046034332926089,-1.1102230246251565e-16,0.014819595447244371
-0.0016201033980549062,0.019134270539414022,0.0,0.009236472467338941,-0.0149956725881355,0.0035724064538558697,0.006181317118364615,0.017162080920794187,0.00926224491106531,0.022306218319770033,-0.027894973846824878,0.02942454528691113,0.0044799300360567895,0.000947816201046725,-0.0013440347652173834,-5.993931359937754e-05,0.009393636606300826,0.02765323556696342,-0.029434525745145546,-0.0010655587107000208,-0.002662493688428136,0.00243565221681441,-0.008728899429599646,0.02602816007334563,0.023032877814440356,0.01623506366643046,-0.020971074472805717,0.008314829146281566,0.01964184369294958,0.003771989029555889,0.0038388646175655516,0.02080096792796382,-0.0010217208249285181,0.015432912346344196,0.021298213831587975,0.030800166038577992,0.022727954169264153,0.021531048681088127,-0.021095193162172177,3.3544054883760666e-07,0.0018875552524202366,-0.03583596243744508,-0.016901888383993147,-0.03229072708578096,0.0,0.0,-0.0003535552520938512,-0.0698816718813699,-3.678673818452438e-06,0.01567126777992589,0.0038264120471378504,0.01115241194458838,-0.004822398081938739,-0.10406581913539109,0.0006693534186443806,-0.08804883078214476,-0.0012691239888298345,0.017760937150518186,0.036266324452640664,-0.00028085997698829024,0.0,0.0,0.0,-0.12190017445685875,-8.88134423650544e-05,-0.00018367463975782483,-0.000500925910693284,-0.040171061816605125,0.0,0.00015659475697876735,-0.001308887102302203,0.006475135427630452,0.016406527531237947,0.00026039322641946416,0.00110130647234441,0.009209956835588007
0.0,-0.00013085812761931548,0.009236472467338941,0.0,-0.009891108333899501,0.013772817170647711,0.008871408491050226,-0.021907953489741727,0.01459149166907825,-0.018416382991453234,0.01857144977878078,-0.005611199507209452,0.0014177290468296855,-0.007903828038918315,-0.0009644359651097556,-0.00026798937825922575,0.00043966103194981176,-1.6751536576542492e-05,0.012623611134761292,0.034154757407213465,1.5621094625106746e-05,0.01671613922432974,0.02620332338387016,-0.0011959273721175445,0.0006282569749054834,0.0014655320698819807,0.01865198725995082,0.004960648965489256,0.03956769798706783,0.0005896219562199767,-0.04003485667240936,-0.02598240506686028,-0.01608139830908445,0.09898450545798554,0.10136276336859273,0.0036779317385967902,0.01913585293351866,-0.007320388151340895,-0.005993351603965635,5.7773765791357956e-05,-0.00011528074023381407,-0.0016221068984875187,-0.04339602047993271,0.017369963323291937,0.0,0.0,0.0,-0.0004936370648330191,0.0,0.0,0.00020956072678729454,2.220446049250313e-16,3.8338122084979886e-05,-0.000557411957702314,5.551115123125783e-17,-0.0009294424294426507,-0.0005598407474477485,-0.0002580753717311146,0.0,0.0,0.0,0.0,0.0,0.0,0.0,0.0,3.3802692848194926e-05,0.01307472091284928,0.0,0.0,0.0,0.0011724156703796784,0.0014600495998832175,-0.00013099510329178665,0.0,0.0
0.0005149178988488323,-0.01122120735461185,-0.0149956725881355,-0.009891108333899501,0.0,-0.02729166765716806,-0.010213363459616098,0.024811447294201483,-0.00525268784345545,0.04941813226566111,-0.002527921809288791,0.05127526698306578,-0.016917533786974137,0.0250544965497016,-0.00042868430444159555,-0.015562748111598301,0.022072232245830714,0.03640147189220494,-0.015469472978248966,-0.025622458240882218,-0.0014331451966311803,-0.027814276173231622,-0.03261007469002519,0.03669207567432037,-0.008495371936575902,0.01401100904362279,-0.03310809756848099,-0.003076275625831182,-0.01576710835220324,-0.023646727803180445,0.01227009947923613,0.002410162885045808,0.037402047451829346,0.010677943827779923,0.027298941673253252,0.008971953988712422,0.009565295887565828,0.04839378979879566,-0.05139676072681876,0.0008093134446731098,-0.02902468954623183,-0.0010841366607490799,-0.011753847677922535,-0.011197374850710873,-0.0002398975032935069,1.1102230246251565e-16,-0.00011952433528317208,-0.005973302137700753,0.0,-0.015714714950789077,0.020395758965508715,-0.014618953372971033,-0.039908042841670543,-0.01612195461206284,5.551115123125783e-17,0.019486178966774237,0.0003298273110050043,-0.012077943248635148,0.009176593377470288,-0.0003250834554194837,-2.3808748349452014e-05,0.0,-5.551115123125783e-17,-0.01004334446358568,0.00014063630838828667,0.0001475214826920368,0.017961990641655157,-0.013152554293305418,0.0,1.0754629001186178e-05,0.012363862789050939,-0.01070377278026896,-0.03630097116972547,-0.0196589612737067,1.1102230246251565e-16,-0.05682651521566495
0.0029777730257180557,0.0009656898224106314,0.0035724064538558697,0.013772817170647711,-0.02729166765716806,0.0,-0.0019723364209778826,0.022429393821285948,0.006453141543902308,0.027963796631601034,-0.01842775785596007,0.04096937283983393,-0.011869639686542255,0.023441052948808327,0.010630962499130758,0.004466581630010347,0.026260133612663272,0.036750569388295296,0.01594763415257261,-0.007826104399147271,0.022883971693375416,-0.011499491321682986,-0.0071725201392750515,0.016997592081640867,0.008795509564443527,0.018766902447011347,-0.00896296707361971,0.012766365810556402,-0.005752650576834717,-0.002846717113561159,0.013425729312712631,0.013413042053377344,0.021251858867692708,0.02320154518137396,0.02673435010995273,0.018820593323419177,0.025069125081012555,0.030468505540508506,-0.013713149656271906,0.038744414386476855,-0.009966632380076557,-0.04185251426115161,-0.018512487150167456,-0.023032455537629004,-0.0018984162687305517,0.001417097708568682,0.012411277334896331,0.003747612620090157,-0.0004936275424821113,0.0049746041697826815,-0.01227247384257385,0.008711032301852883,0.0055339528829075335,0.005290889950383293,0.003475495797298611,0.00880091100214897,0.028216621924899377,0.009890729818098909,-0.006550488725201198,-0.0007743031023865199,0.020373023864912798,0.0,-0.0005757597054157348,-0.0007078449033037781,-0.00591854887241039,0.017186392314469445,-0.002201871764945351,-0.004818712051833374,8.436008495127378e-05,0.012629935324355634,0.014756068892959773,0.0011510017717312193,0.002298635364178292,-0.008489483506664952,0.012235101055278697,-0.006625468044647809
0.04208826613772598,-0.005257033206033601,0.006181317118364615,0.008871408491050226,-0.010213363459616098,-0.0019723364209778826,0.0,0.02388930142600998,-0.005508275681917196,0.027003769402640543,0.011572055460674968,0.03181930301267116,-0.016590712387199613,0.031299803260838865,-0.0010681813249783234,-0.011063066075795103,0.019499872971063592,0.0002965965639213364,0.004885101625215826,0.003499458181086046,-0.00010970719178343691,-0.004103639665758385,0.012020362046263,0.02127430710516165,-0.004172925256226145,0.003848678776606773,0.0010895098066113218,-0.01969282670700151,-0.0010581815249190996,0.006029080235099127,-0.020760037270813547,0.009574599673760398,0.022022472404370608,0.004687352983378468,0.00040060278995446286,0.013017812160890596,0.022733176671928368,0.037537665241493545,0.013553034656622998,-0.0009208634713589459,0.015233943141624073,-0.03240447825040832,-0.029091420079604136,0.00484105914206534,-0.0011618482120492324,0.0,0.0014880140016996224,-0.011412269593509716,0.0,-0.021265618673082964,-0.003978546338654243,-0.0020278168629950244,0.015564040634349185,-0.017134740484980426,0.0002891839533245566,-0.008120231606498829,0.0005804098450015727,0.006646822136304298,-0.0005431479731301536,-0.0007393731888804544,0.0008630630432820419,0.0,4.246375039990147e-05,-0.02229883681241307,0.0010384930476597387,0.0009224743918011535,-0.007549459000240677,0.003126387901022265,5.1678100707164276e-05,0.0008239638359074375,0.0171513959757551,0.001989198568182249,0.006032555308382648,-0.002160080487134286,0.0007142459180895511,0.007821986499070954
-0.03162915966231916,-0.019878354535285525,0.017162080920794187,-0.021907953489741727,0.024811447294201483,0.022429393821285948,0.02388930142600998,0.0,0.012100852656093786,0.01661673962661847,0.059132834458280714,-0.0007427439741716779,0.017436302767331435,0.04696509576741614,0.025541317334551006,-0.005878114610574581,-0.02105424320937871,0.006047111877856559,0.034742544528459984,-0.012899819683537206,-0.021284337352440175,0.0003417032735740788,0.0010040125545443535,-0.029847891998505738,0.010724628921914836,-0.008945841308713287,-0.0029159527397907836,0.01501135936193737,0.012216521499716582,-0.0009926677552770102,0.011498818330799188,0.004050848980715727,0.005263687498806124,0.012427646831586925,0.02789152349722479,-0.0035136046704951074,0.024836057104583253,0.012008765158328827,-0.00604323469882706,-0.0015525685769565145,-0.018267270547256687,-0.004827921087940168,0.016875572830457763,-0.0014670467845509516,0.0,-0.0003985587387279055,-0.0029536059139465,0.002996666150229421,0.0,0.02840608216460716,-0.035867703609705814,0.01492271918594723,-0.012530362107531778,0.012680439538364952,0.012201106917771654,0.031038796229983234,9.182382163658298e-05,0.015160765071403404,0.001306853469892899,0.007961833592439904,-0.0003678004130582835,0.0,-0.00018993681746343194,-0.004738707989691782,-0.018520599492525713,0.0752017269066878,0.016819190880134283,-0.014368999407468164,-5.551115123125783e-17,-6.087689308548194e-05,0.010302183730081071,-0.015265239135171249,0.004427815805165325,-0.026403060648913512,-0.005081989314993374,-0.01401269571875341
0.0003405505547333654,0.0017832970463920739,0.00926224491106531,0.01459149166907825,-0.00525268784345545,0.006453141543902308,-0.005508275681917196,0.012100852656093786,0.0,0.020680537420741718,0.005066866348668264,0.029926634229305082,-0.005285282858135398,0.02590813212148252,0.001005555535942837,0.01546021978623252,0.012152072759047006,0.03652716201337031,0.004388119832202109,-0.02095391032077981,0.034717351653099304,-0.008315027338841041,-0.01260469721848595,0.020671349268705008,0.013569056136142232,0.031060658773220118,0.015760446168774478,0.010822622229011258,0.0017933284002900063,0.012384674046041488,0.005357825999575738,0.02603153200884556,0.02452145071826184,0.017575933225396356,0.02252032121948233,0.03933683638707758,0.0250623264302397,0.022811636683622794,-0.014177707408307483,0.0007106753544176003,0.006975178593104925,0.012815845214149857,-0.023377315468309512,0.007010892701105442,-0.0019589805667210025,-5.551115123125783e-17,0.028558953971630108,-0.009450197221637535,1.7672521512857031e-06,0.00843828072284103,0.004483663794465853,0.016424171481607353,-0.00019461527328901163,-0.0038195622145712482,-0.001116842728964229,0.008009304072705947,0.039011362335745425,0.012595625272658229,-0.014127165850594425,0.0212513544825228,0.0002413609013115492,0.0,0.0,-0.006757865102133609,0.02478432976971867,0.0014923794878753949,0.016312018478537804,0.0016206960021604155,-8.619394946779435e-05,1.402560296354105e-05,0.027820991017120766,0.00868622820505316,0.020035108552989067,0.0017256980699158486,0.00015328282471227528,0.00715441968985564
-0.007100555967368805,-0.002540324901407709,0.022306218319770033,-0.018416382991453234,0.04941813226566111,0.027963796631601034,0.027003769402640543,0.01661673962661847,0.020680537420741718,0.0,0.030789305173166415,0.026943514339130947,0.02247782340523863,0.08783560472434782,-0.00191507447871897,0.004428629838576004,0.0011086901090686108,0.008119020831525103,0.019018695718039214,-0.01363465660988361,-0.0013709845040919544,-0.0002439762840591997,0.024831150963278315,0.03667225008138908,-0.0014167602206508478,-0.0013758943266046209,0.019375156607288113,0.016052019537433293,0.024821526745478828,-0.00025235328957684544,0.006240370411800089,0.03468776427577991,-0.00029419972242522574,0.017123145521254657,0.053327084562918625,0.11017649486012959,0.12665234972309375,0.021198188898294223,0.08048368202209627,0.04183217667547284,0.01566961752305246,-0.0011467156789355948,0.13238227440735184,-0.00044791648773773174,0.0399413421018836,-0.006102203594544775,-0.0004904431198327064,-0.0004257775613277781,1.0034702534189588e-05,0.00033019614589363533,0.0014756960541233988,-0.0002728468400242101,2.7770107570213032e-05,-0.002034922289947616,0.021841884646104814,0.0007280401335724163,0.015300649857020343,0.020914881806439745,0.0,0.000921029343296853,2.1226272209073915e-05,0.02692714200233276,0.016668840211248315,-3.2984593077434177e-06,5.359162877388579e-05,0.0004393285374554856,-0.001977118747095663,0.022993155231314788,0.022526477303492276,0.011034059697785648,0.0038001895171403954,0.0010130016090248994,0.014473914482035277,-0.0012030397138698135,-5.551115123125783e-17,0.02778757839541479
0.0007989253597175949,0.04387943049356452,-0.027894973846824878,0.01857144977878078,-0.002527921809288791,-0.01842775785596007,0.011572055460674968,0.059132834458280714,0.005066866348668264,0.030789305173166415,0.0,0.03861735019289414,0.009251313765065439,0.059341920184006525,0.0,0.0001264754620299846,0.020281671144326996,0.020449609962929494,-0.04902784340823618,-5.220569766639649e-05,0.0041288215356941604,0.0002891276900183759,0.011639893526916745,0.0270959242755221,0.010384704391952937,0.021464777630759713,-0.01880448372591842,0.018116455747572036,0.01060114869877743,0.00039732218765914373,0.004443174193773158,0.018214707930207297,0.03276339048525373,0.017023090990300305,0.02288993942122136,0.014849987106647922,0.033653972540099886,0.028173983503179345,0.007732650051451406,0.00035989335735509,0.02530151024949967,0.031345601786671395,0.01731751343100807,0.008783121303655272,-0.0005789098029523876,0.0,1.1102230246251565e-16,-0.09182099218660827,3.4220682015861925e-07,0.06469199667684045,0.03520609622196813,0.03430727434694719,0.035625248365012796,-0.04950898543598692,-0.000115716618007633,0.02008061947657408,0.012078497425828949,0.03174707754063261,0.0354498861661281,5.551115123125783e-17,0.0,0.0,0.0,-0.059998849988545544,-0.0005651498421618828,0.0,-5.921320073248859e-05,0.024402123039722223,5.551115123125783e-17,0.0,4.9980350957989916e-05,0.02313616793827311,0.026157038022461387,-0.0013762986136825472,0.0,-0.0005812559072103096
-0.012743135672804384,-0.0019982817187871316,0.02942454528691113,-0.005611199507209452,0.05127526698306578,0.04096937283983393,0.03181930301267116,-0.0007427439741716779,0.029926634229305082,0.026943514339130947,0.03861735019289414,0.0,0.03569977647990713,0.05165864156447958,-0.02562053968458211,0.00026697847779399986,0.008296585358462505,0.010303830797766311,0.02755535380727675,0.03284308194909591,-0.01520096795058784,0.06932640360932252,0.007569117166058015,0.024366537850612713,0.002543768795643553,-0.003604441517176482,0.0367673417114196,0.029760518433295302,0.03021519263350214,-0.0011462155569358923,0.007272001807046291,0.0013233002970584051,0.041008841978630084,-0.014897376838113874,0.05822843641095948,0.07444068214036792,0.026010570348069084,0.004132459948577111,-0.05087512977833536,0.04343865293916943,0.043690492940454906,-0.044345630499464384,-0.0015751084403153315,0.0013237093342839956,0.05966294906584463,-0.0030601547845744426,0.0014498716725573346,-0.0003957794540584425,-0.0007109934440064358,0.00015438329578254528,-0.0008167983867619077,0.0009574121987418471,-0.0005083784887954246,-3.5061314407836e-05,0.02455701207472244,-0.0008437915251800487,0.017502039918279255,0.038289570858052235,0.00023435103483404607,0.00010135427238811001,0.010304841117337094,0.026134320506012276,0.010977012310516676,-0.0005460313360335922,0.0003609109809108446,0.0015643088894211066,-0.0004737835822984371,0.0426017265327725,0.025249011728208703,0.00858918635323258,2.1694219782486535e-05,-5.560104894070106e-05,0.03822229565603563,0.000544171192026377,0.0,0.016475848562530315
0.01755381398510869,-0.0029861718059578934,0.0044799300360567895,0.0014177290468296855,-0.016917533786974137,-0.011869639686542255,-0.016590712387199613,0.017436302767331435,-0.005285282858135398,0.02247782340523863,0.009251313765065439,0.03569977647990713,0.0,0.021777481276128496,-0.005703503863784987,-0.004367720125426577,0.012843912326730045,0.00759124386757376,0.0034930201034331088,-0.0002760614494785041,-0.004362756532413914,-0.004780539934885808,0.0054383909010575215,0.029470715559281713,0.0034493861482892685,0.00947861448352022,-0.0035612767560961878,-0.007628597082824373,-0.011061050141872864,0.00017107839243618583,0.002467941554836428,0.005070787199640492,0.034870891298129036,0.011143479497935538,0.042203091503211,0.006974493662517511,0.010590355752996439,0.03975598472546554,0.003278344714868875,0.042166172778395794,0.011618825761520346,-0.016296192915752516,-0.014310173984982022,-0.006486704776989205,-0.002291289893779136,0.0006793901038308903,0.01248170763522427,-0.0019981500347063808,0.0,-0.00837876016693706,-0.004949126214485844,0.010017947785891712,0.011492086502409238,-0.005226154913584691,0.03459285139732421,-0.0032854665645002945,-0.011000193383276624,0.005752083678216224,-0.01763537790805325,0.00407343960954093,0.012373437303126011,-0.00025528566005800224,0.057708825484377835,-0.02088766719345858,-0.011573903373253425,0.0006019346617019972,0.006929320582350851,-4.947513948239113e-05,-0.000604595596872759,0.03896402676531552,0.01645630979135365,0.00248548303375129,-0.0007436093211530825,0.001187488137006365,0.01380828183702365,0.017149221296794637
-0.0018612610979661937,-8.408397579556803e-05,0.000947816201046725,-0.007903828038918315,0.0250544965497016,0.023441052948808327,0.031299803260838865,0.04696509576741614,0.02590813212148252,0.08783560472434782,0.059341920184006525,0.05165864156447958,0.021777481276128496,0.0,-0.0004727967606043548,-0.0003606662350058021,-4.5982661069976505e-05,0.00010453048592512504,-0.004908423695454633,-0.0005774286322655087,0.015363245210169685,-0.0005741535609757875,0.026730349328028036,0.002964796061487751,0.02032151613958011,-0.002498030057109024,-0.009665208770139766,-0.012364690309852877,0.06857577786875241,1.99274693063467e-06,0.034912359913643554,0.004533274972498336,-0.004200963989882123,0.0359191688744695,0.031298173893644365,0.014676796056952213,0.04032942643012391,0.08377996124859116,0.005700902820065079,0.0,0.05864662881664551,0.010089514362825125,-0.0015589831654160835,-9.850419065982052e-07,0.0,0.0,0.0,-0.052417100819690976,0.0,0.022180170755095596,-0.0013488969583501098,-0.00487854626063311,0.0006230892456692838,-0.004460541280511154,0.0,0.035265160090045156,-0.00018434542287032452,0.0015718895770900354,-0.003406314147662015,1.1102230246251565e-16,0.0,0.0,0.0,-0.020778138830668424,0.0,-1.1102230246251565e-16,0.0,0.002859380808203804,0.0,0.0,5.551115123125783e-17,-0.003046160052952218,0.00044503307188259456,1.1102230246251565e-16,0.0,5.551115123125783e-17
-0.006559701305176802,-0.0017944114177319004,-0.0013440347652173834,-0.0009644359651097556,-0.00042868430444159555,0.010630962499130758,-0.0010681813249783234,0.025541317334551006,0.001005555535942837,-0.00191507447871897,0.0,-0.02562053968458211,-0.005703503863784987,-0.0004727967606043548,0.0,-0.012509400857324826,0.023714766250976627,-0.007054148840171304,-1.1102230246251565e-16,-0.06385983052889876,-0.021747004532728875,-0.0708625881157966,-0.0567672852699318,-0.06352440321573144,0.011596574758378164,-0.004765364387127102,-0.06214952079884012,-0.007281697084078609,0.020470353090373317,-0.003101196186387045,-0.02931680069510645,-0.005376093117573422,-0.012022466858170489,-0.01560335313661021,0.015139798447449171,0.03497266283761391,-0.0022955298649306455,7.774843308444579e-05,-0.025246092586107827,-0.022729432532310745,-0.02205664669535856,-0.01351228553581918,0.06031686234164141,0.0002166290944257132,0.0,-0.001742385305404881,0.004582685720608215,0.00021163464450280056,0.0,0.0,0.004838351432547572,0.002227496678507135,0.024710535350317808,0.0005526244064602004,-5.551115123125783e-17,0.0,0.0008514842439341641,0.0008659035246748603,-5.6096449770892676e-06,-0.0908016501407764,-0.0027746533980824717,0.00041806998963184183,-0.012899978591952299,0.0,-0.09804308704463122,-0.024496109703648516,-0.04370762642317594,-0.01329776180519937,-9.752023622822126e-05,0.00046808425021310773,-0.03452833982807657,-0.12488844962476464,0.031053325037986412,-0.015976853354047027,-0.0013342100461080086,-0.02859126585060673
0.00919318804704683,0.028512264194360315,-5.993931359937754e-05,-0.00026798937825922575,-0.015562748111598301,0.004466581630010347,-0.011063066075795103,-0.005878114610574581,0.01546021978623252,0.004428629838576004,0.0001264754620299846,0.00026697847779399986,-0.004367720125426577,-0.0003606662350058021,-0.012509400857324826,0.0,-0.005938123423182118,-0.023260135534332982,-0.00014519946609337087,-0.01518499824192654,-0.000762282935787173,-0.0064038180358813035,-0.00561095965851105,0.009599582786833372,0.039030160081810206,-0.011612983443851088,-0.005151679360795247,-0.0013519560579409728,-0.011554990116123376,-0.0031083544108014283,-0.0057285158307830986,0.011021367576563745,-0.004362254728927484,0.0006755787681798076,0.025175949815194665,0.0017420044342287833,-0.00016072461867672194,0.0018680550825170839,-0.002083342042243863,0.012458546253674152,0.007458424377871198,0.019318987925958597,7.314549043180296e-06,0.0,0.0,-0.009476435790521709,0.005308313645668694,0.0,0.0,0.0,-3.3921770748179814e-05,0.0005666556682254464,0.00015708712313472484,0.0,0.05141248132347548,0.0,-0.0013388702290184629,0.04317693551487084,0.0,-0.005915266536891395,0.021618858112557926,0.04455233047333662,0.028919031646829574,0.0,0.01304004070916287,-0.000234680513458152,-0.0028285089853346546,0.014455712658065556,-0.0022116792109407313,0.03689216030120551,0.018359675988186497,0.012471224275364401,0.03164086046315079,0.0241697247063406,-1.1102230246251565e-16,0.013158936439244318
-0.0015437701577025176,-0.0020405289169044827,0.009393636606300826,0.00043966103194981176,0.022072232245830714,0.026260133612663272,0.019499872971063592,-0.02105424320937871,0.012152072759047006,0.0011086901090686108,0.020281671144326996,0.008296585358462505,0.012843912326730045,-4.5982661069976505e-05,0.023714766250976627,-0.005938123423182118,0.0,0.004374184155433114,0.005274768016892917,-0.006705103197513107,0.0002599667879200629,-0.009765019709793654,0.023863898834927344,0.016659288851250065,-0.001511471785580032,-0.006927764799846303,0.03510171605475215,0.0059285379153651285,-0.0041471157908818945,-0.002044764597312121,-0.007780244634291167,-0.007679980142678344,-0.010739735953425922,-0.021105224457582228,0.014108517613717453,0.011913714540755516,-0.00035917026769860527,0.0003571052984940315,-0.008616779132106678,0.015193185988702895,0.03213840150447722,0.0003730776657668855,-5.551115123125783e-17,0.0,0.0006425304383684827,-0.001453301011466679,-0.00010864357985673756,0.0,0.0,0.0,0.0,0.0,0.0,0.0,0.03906358862842746,0.0,0.023543508455532824,-0.0011748015041117554,0.0,9.151206855423366e-05,-0.0005650454359659718,0.047189443670234366,0.026155577405640507,0.0,1.1102230246251565e-16,0.0,0.00042962523886863613,0.0,0.02961193688283087,0.038296308905316157,0.021473613097257926,0.0,-0.00115796601559226,4.408163025454437e-05,0.0,0.022813231829781677
0.03563722345458015,0.034136170285194556,0.02765323556696342,-1.6751536576542492e-05,0.03640147189220494,0.036750569388295296,0.0002965965639213364,0.006047111877856559,0.03652716201337031,0.008119020831525103,0.020449609962929494,0.010303830797766311,0.00759124386757376,0.00010453048592512504,-0.007054148840171304,-0.023260135534332982,0.004374184155433114,0.0,0.013699657571047907,-0.00984666924877503,0.026681832486761148,-0.016456837587435102,0.013723434247287614,0.014133039954565885,0.01267911510354447,0.005347033419013714,0.02309964819185356,0.0016729530141670335,-0.006657165893356243,-0.05229170256418303,0.006556516094711529,0.012910078636784061,0.01071247782295659,0.0005186678287958935,0.02749100432648427,0.023723538789966414,-0.00027788812029322374,0.0025610421170493836,0.017789017975732124,0.011657761207670314,0.030815814642688955,0.04347792833747899,0.0,0.0,0.0011094278253469536,0.031299023305487506,0.019504702625544823,0.0,0.0,0.0,-0.0010089556453177217,0.00022703125934414592,0.012428305466904876,0.0,0.04868022931568483,0.0,0.04194260521686355,2.0894507276159047e-05,0.0,0.005769445003407758,0.0310413730393459,0.050513380880008285,0.042255389720418146,0.0,0.03519313206406882,0.020847303673758866,0.01579491461289967,0.029419439846321727,0.029516068424134234,0.045076060926031,0.03574801670068356,-0.0006093038193596412,0.0016458236492297718,0.03702199806689099,0.0,0.029033834620326215
0.0,-0.05055086913337953,-0.029434525745145546,0.012623611134761292,-0.015469472978248966,0.01594763415257261,0.004885101625215826,0.034742544528459984,0.004388119832202109,0.019018695718039214,-0.04902784340823618,0.02755535380727675,0.0034930201034331088,-0.004908423695454633,-1.1102230246251565e-16,-0.00014519946609337087,0.005274768016892917,0.013699657571047907,0.0,0.0003720298521471821,-0.00035154403495324393,0.0013444427885835886,-0.008781554696954241,0.04211816230176901,0.011298409071430371,0.014536089772101246,-0.01566688571315089,0.008815455649197612,-0.0008060548933211953,-0.013124067062202038,0.004976632868222586,0.02501265944508929,0.02227907698919135,0.012877236646251566,0.017583305269435356,0.02730922950175052,0.01868576640422931,0.01896397021107521,-0.0325449487906152,-7.025056500131743e-05,0.006512257892567597,-0.002009057854427565,-0.006363782126925732,-0.0015886096341656275,-0.00016258996375478896,0.0,0.0,0.013955642397214585,-5.551115123125783e-17,0.025125231373138712,0.012628669832940864,0.011572080938356488,-0.004344541054747242,0.004262137046749159,2.3912173797324687e-05,0.0840206222949561,0.0006616909792037107,0.011040811571443987,0.009415407422221411,2.220446049250313e-16,0.0,0.0,0.0,0.03139148730476726,3.794574255250316e-05,0.0,0.00011002319208636147,0.014595013749500896,0.0,0.0,-5.551115123125783e-17,0.01953738329118493,0.007285630874578564,-0.0020165871211452746,0.0001308201579933721,0.022092991546642016
-0.02130479419113085,0.00703548617211136,-0.0010655587107000208,0.034154757407213465,-0.025622458240882218,-0.007826104399147271,0.003499458181086046,-0.012899819683537206,-0.02095391032077981,-0.01363465660988361,-5.220569766639649e-05,0.03284308194909591,-0.0002760614494785041,-0.0005774286322655087,-0.06385983052889876,-0.01518499824192654,-0.006705103197513107,-0.00984666924877503,0.0003720298521471821,0.0,-0.023502195077518828,-0.005461929214477412,-0.08376752575003321,-0.034379992396613546,0.024626473847329744,-0.019316396480303144,-0.014367141506152592,0.00781400496889878,-0.015045653217095722,0.007263071213979122,-0.023015489421459145,-0.007992046508075279,0.0009763958077195212,-0.015332947960983112,0.016030845795569626,0.023637488818368246,0.027686084303608527,0.04315794967497738,-0.005622338137546645,0.005313159233495568,-0.0075350005054349856,0.0049954363175273575,0.010507909139075955,-0.014272013932074001,-0.00046808979040002807,-0.0004170414721318405,0.00899923299427019,-0.0002229236530835177,0.0,0.0,0.003538857028845488,0.031235636348148244,0.007687331919558504,-0.001222224382947279,0.0007666814573737968,1.1102230246251565e-16,0.009440138095531958,0.023194492808584433,-1.1102230246251565e-16,-0.005853310494685182,0.01446233829746707,0.027447099062250624,-0.0026967969407280523,0.0,-0.008100578716183193,0.0033154066630257106,-0.006876448848269712,-0.005114686017816172,0.0,0.024302414021987462,0.005267971863290977,-0.018016634967857603,0.011637770442791184,0.005288751763154409,-0.00817188091708626,-0.008374969690633838
-0.03639483966924423,0.009205898216867625,-0.002662493688428136,1.5621094625106746e-05,-0.0014331451966311803,0.022883971693375416,-0.00010970719178343691,-0.021284337352440175,0.034717351653099304,-0.0013709845040919544,0.0041288215356941604,-0.01520096795058784,-0.004362756532413914,0.015363245210169685,-0.021747004532728875,-0.000762282935787173,0.0002599667879200629,0.026681832486761148,-0.00035154403495324393,-0.023502195077518828,0.0,-0.026566411705646886,-0.01839656155461461,-0.06173268703601387,0.02750665207944708,-0.013564441496319413,-0.0017619148028965026,0.030887382827739174,0.003959911637816338,0.027035790394768278,-0.018140179197514206,0.007202073745499971,-0.009162268840255505,0.0034665659898553414,0.03250823579138701,0.021818272289362617,-0.0005577319704810901,-0.03528186474532663,-0.006821250534885637,0.0016411675489491628,-0.00843052199417349,0.0008653307540880117,0.0026397670392449557,0.0,0.0,-0.09393649124447001,0.009214102651200207,0.001863100197535772,0.0,0.0,0.020723188414712546,0.00013231235327654245,0.039640190347903115,0.0006580064551487963,-0.0005866325629687585,0.0,0.0006565382938716335,0.047697438721435614,5.551115123125783e-17,-0.02043296519406762,-0.0030660126994207504,0.0,-0.01818465757488319,0.0,-0.007697044138612441,-0.03281643752766772,-0.0064894573956650325,0.015432963167450131,0.0011571972471048353,0.032638235948243666,0.00503494519653247,-0.009853322817819588,0.025092832616719796,0.01690480973949432,-0.008672803012799768,-0.0029200142265837226
0.00033447902226685367,0.003449119212873608,0.00243565221681441,0.01671613922432974,-0.027814276173231622,-0.011499491321682986,-0.004103639665758385,0.0003417032735740788,-0.008315027338841041,-0.0002439762840591997,0.0002891276900183759,0.06932640360932252,-0.004780539934885808,-0.0005741535609757875,-0.0708625881157966,-0.0064038180358813035,-0.009765019709793654,-0.016456837587435102,0.0013444427885835886,-0.005461929214477412,-0.026566411705646886,0.0,-0.013935439869803001,0.02574695394213594,0.02808172255028224,-0.005386765824914597,-0.01937111603157371,0.012934024599556893,-0.00885172425519043,0.022306674139876692,-0.014594939447935884,-0.01898526701740011,-0.018005548003930227,-0.01815634090942808,0.006842821019116041,0.007310262035397974,0.014808079022247012,0.004673568336446998,-0.01380083827118822,0.01442934684354924,-0.004760289350585201,0.0087665607444245,-0.005899816130376656,-0.0031911488676863997,-0.0003766429967314022,-0.007265856817796401,0.012217367624181796,0.00037962765735355397,3.0846749982105237e-06,-0.00013611565176319118,0.007801933409882056,0.03751115440295261,0.016949578223239004,0.0008147580453388148,0.0002943977000511855,0.0,0.05103342120237714,0.03151749385706715,0.0,-0.03099507095331211,0.00828406617204741,-0.0008161727178386813,0.015735887447181962,0.0,-0.005722882182577493,-0.011900304364293901,-0.004418185059162472,0.002495492194464599,0.0018445441639350357,0.030811172472095805,0.00618090143334965,-0.004833059287252306,0.023770349261159285,0.006523477399640876,0.0005697740638774818,0.0034170219296627002
-0.034126178789370964,0.004018018187451622,-0.008728899429599646,0.02620332338387016,-0.03261007469002519,-0.0071725201392750515,0.012020362046263,0.0010040125545443535,-0.01260469721848595,0.024831150963278315,0.011639893526916745,0.007569117166058015,0.0054383909010575215,0.026730349328028036,-0.0567672852699318,-0.00561095965851105,0.023863898834927344,0.013723434247287614,-0.008781554696954241,-0.08376752575003321,-0.01839656155461461,-0.013935439869803001,0.0,-0.05230357112418205,0.0023978686455405906,-0.017987105722750085,-0.020621915129605595,0.007513843553154098,-0.003961459929495148,-0.009389583230398346,-0.0007976887760270945,0.006858613870472652,0.012961103330518697,0.0029413217094466093,0.016837150626632602,-0.0020002111254364685,0.019014529229683386,0.02352458562981319,0.0010181128796673544,0.013088797195255242,-0.006436837430432107,-0.016861976323237604,0.009294360364415888,-0.008420154723232431,0.0005248198570993456,-0.0005721062595486215,0.008663394572510197,-0.06457390813440622,-0.000650494708321292,0.010571273483054089,-0.02086726833328001,0.010230901322480501,-0.00338800595154648,0.0005652612582244254,0.015252008080754054,-0.12959267068426356,0.06091329834593395,0.007849308605411442,0.0006076426856669315,0.002083495851069317,0.01955387576571338,2.8305537989103957e-05,0.0009507418871070317,-0.16638681841155423,-0.005438886965987377,0.013133545201769181,0.0028411716663466202,-0.00641012244506034,-0.0002024244600845604,0.01614161846004608,0.011262814950260991,-0.010216389838880069,-0.0009450534127657395,-0.0023754309752939684,-0.014296647075333402,-0.010809797978158509
-0.0481913860799969,0.02425367258101313,0.02602816007334563,-0.0011959273721175445,0.03669207567432037,0.016997592081640867,0.02127430710516165,-0.029847891998505738,0.020671349268705008,0.03667225008138908,0.0270959242755221,0.024366537850612713,0.029470715559281713,0.002964796061487751,-0.06352440321573144,0.009599582786833372,0.016659288851250065,0.014133039954565885,0.04211816230176901,-0.034379992396613546,-0.06173268703601387,0.02574695394213594,-0.05230357112418205,0.0,0.0008538679889522616,-0.01189339071701545,-0.029849640089428642,0.02074487541035641,-0.008741990570378,0.0007278948624506731,0.0016532082708742846,0.05364177450548585,0.03951081051372102,0.016958258705087215,0.09207413243572776,0.08116895877079239,0.0019582339601468823,0.00810166661813555,0.06613535556614258,0.043860683238777565,0.09014742661233544,0.007891233478507509,0.0007889010804540963,-4.514215796447285e-06,0.041632807852612974,0.008931659136354853,0.006162304180400646,0.0,-5.551115123125783e-17,-0.00011180168941954394,-1.497313946546841e-05,-0.0002739239029450613,-1.6653345369377348e-16,-0.0002031537990485055,0.015345617786172161,0.00023694663070689126,0.005625636157593594,0.03139330602744411,0.0,-0.0011591981720945332,0.021238802585645256,0.013319386383728538,0.01659499960637939,1.362444242725136e-05,-0.00044899689498756334,-0.0005528301586379403,-0.0037905353092287375,0.0006585977115686203,-0.00020861632625862603,0.013062274705218813,-0.0009918370914009378,0.00011687627368545117,0.0034185680801603335,5.2620254671509326e-05,0.0,0.027216130638700653
0.05268257257839026,0.030519080352960803,0.023032877814440356,0.0006282569749054834,-0.008495371936575902,0.008795509564443527,-0.004172925256226145,0.010724628921914836,0.013569056136142232,-0.0014167602206508478,0.010384704391952937,0.002543768795643553,0.0034493861482892685,0.02032151613958011,0.011596574758378164,0.039030160081810206,-0.001511471785580032,0.01267911510354447,0.011298409071430371,0.024626473847329744,0.02750665207944708,0.02808172255028224,0.0023978686455405906,0.0008538679889522616,0.0,0.009263075000108922,0.009072239103408264,0.006809167790732706,0.0188506249972209,0.010255452625678674,0.002704667077017553,0.002019597634850212,0.011791178532683577,-0.015105893472233234,0.0027142887851003827,0.009912893669634548,0.0003345759746053445,-0.013256511029739904,0.03945372043626688,0.034357267068578445,0.04074378193612577,0.05726668446423555,-0.0011089379244981212,-5.551115123125783e-17,-0.0064659847459516695,0.04807512561730071,0.03287226791453113,5.551115123125783e-17,0.0,2.220446049250313e-16,0.01404907124038457,0.000964330298887428,0.006288791875625643,0.00042330506861520956,0.0339074716863188,-0.0002731637733447978,0.02485014840685762,0.01702604905801397,0.0,0.017667427912898992,0.04777898463880076,0.041200668374100136,0.0522506671244895,0.0,0.03714593858709103,0.03553921922382658,0.021685549400047688,0.029522575879380064,0.016089462582717595,0.05434820922153266,0.03852638915455098,-0.0003357536287718066,0.03145799311909869,0.03853098809934863,0.0,0.034506287077363085
-0.019235358291022187,0.013217683078419362,0.01623506366643046,0.0014655320698819807,0.01401100904362279,0.018766902447011347,0.003848678776606773,-0.008945841308713287,0.031060658773220118,-0.0013758943266046209,0.021464777630759713,-0.003604441517176482,0.00947861448352022,-0.002498030057109024,-0.004765364387127102,-0.011612983443851088,-0.006927764799846303,0.005347033419013714,0.014536089772101246,-0.019316396480303144,-0.013564441496319413,-0.005386765824914597,-0.017987105722750085,-0.01189339071701545,0.009263075000108922,0.0,-0.005410561769179645,0.001983816917438763,0.008920607278930848,-0.0011627962772923772,-0.011804438022858688,-0.00811598958384746,-0.006180853614737192,-0.01570275838224028,0.0038911538833547588,-0.016199575008236544,0.0013034998901059192,-0.002216088005668415,-0.0012257774271749455,0.013361228676785741,0.005995052968498393,0.02066526154896925,-0.005043012250185885,2.7603633209194456e-06,-0.00431415169992122,0.006151792528314937,0.00507365505441143,0.0020780061989874588,0.0,-3.995498804532094e-05,0.008524244680480964,0.001670963399079184,-0.002955071458062841,-0.001640448675807038,0.027331380719160192,0.0,0.018073449414853282,0.007974023483525106,0.0,-0.03636198634027066,0.014257728371228406,0.030525572506526044,0.030494699336126363,0.0,0.00469715501618001,-0.013110622716285825,-0.0028318306237242186,0.01090655688031289,0.014897123785542976,0.027562152907134818,0.013828205315924103,-0.0018532123321119975,0.010481328405031798,0.009857258213836373,-0.00037846585953810186,0.012255803454274627
