0.0,0.6121202726660376,0.24103862676978344,0.0,0.4033153130157857,0.17873647544076668,0.5088568018902242,0.24502344337842652,0.4374936143422117,0.23604030581117147,0.4129491545898395,0.370634224007424,0.31998216182994466,0.4877147399971477,0.3921354869410041,0.5068251043658645,0.14889794662388903,0.36049991985402075,0.0,0.6830356512281865,0.15363743467748658,0.34267842380103886,0.3980034822463768,0.19730148957796317,0.346576860383886,0.586656786870398,0.38976830072204055,0.36686439879853305,0.15878358594157804,0.626797093195182,0.5085959552567679,0.5604137420775493,0.6836312248886771,0.37497986418768586,0.47706836160744037,0.6377038019330663,0.5097115214413815,0.19936774453249417,0.5843394689650565,0.7541559043123136,0.6056791820352379,0.9949168199946516,0.4738409710107887,0.0,0.48604884131209036,0.6880230981466688,0.6186629993028261,0.0,0.0,0.0,0.36048149940613705,0.0,0.6192088934417985,0.0,0.3621031022449979,0.0,0.5093331346586352,0.7360756136821947,0.0,0.5711008091351457,0.6277966246616575,0.3002594813273068,0.6766124845303811,0.0,0.8295632854417925,0.5301604634802289,0.38533425995586434,0.6919820972505362,0.6511875288171594,0.6647086743015616,0.5392997747627538,0.4905814948814504,0.3849794080059614,0.334446064048842,0.0,0.5234578634545043
0.6121202726660376,0.0,0.5378845925614073,0.3310343271015365,0.2554483045111701,0.30920157409025323,0.1253865617591109,0.3447218549782007,0.262431728728553,0.37463309992496374,0.32558965051740096,0.30482194704856,0.1311622026163427,0.4838522280284281,0.5782340404607069,0.3226956878462185,0.6488636481208343,0.403732875825355,0.6386471448229734,0.22793495050619184,0.43358388169216644,0.455897431269632,0.4859446911145898,0.6127400928952543,0.3564637450603473,0.6102926949868417,0.4454324813241547,0.17188240541827907,0.07929769048157054,0.45200380754075686,0.5086130193133702,0.3782872093542011,0.33708409934147143,0.462169844054354,0.51998738832342,0.47488121316212384,0.22532069370000038,0.0,0.44433274125225414,0.562075517432312,0.4258885593890567,0.48855795768533544,0.6244775292466131,0.0,0.0,0.719110852733984,0.5554225038176908,0.03846812115186596,0.0,0.0,0.3735030520925794,0.6241384563362629,0.5543413117768523,0.5715697926255554,0.4926304243850653,0.0,0.4509434768696714,0.4049435669204541,0.0,0.456280515688267,0.4293342956397734,0.6451605759127748,0.5623335611137796,0.0,0.49981114420053996,0.7054219713242046,0.45341551602995933,0.5261299066428333,0.24081118132417115,0.5362316773639679,0.4736551115108418,0.42129528443959585,0.5139815906191028,0.34686688454079906,0.0,0.5484516316203463
0.24103862676978344,0.5378845925614073,0.0,0.5629789702522863,0.4053826133331519,0.4354070446276653,0.5245414043242423,0.5171186995706989,0.1257985231640886,0.5219725516660476,0.20194922125540166,0.558874043584181,0.5030921063660727,0.5256279528372146,0.35142922409078,0.27923925304342895,0.5973985443536588,0.18905132460141139,0.19595615678228032,0.38859062872615324,0.2761285012854363,0.3336804034580714,0.39102066311390404,0.4046502254589474,0.5203193119603868,0.4994663109658077,0.294877601970817,0.4401241442857149,0.4802530912603302,0.19509106415044022,0.4990911518693881,0.545164035607884,0.1971796345432174,0.5368305049555739,0.4890604763451184,0.5247260205976316,0.5004805874523818,0.43219486140036834,0.7079432370874696,0.49266931333806324,0.633098557967281,0.5033087657114406,0.809776378636051,0.6847143177646241,0.0,0.0,0.19706334931765412,0.25440621098295224,0.4738518246613588,0.4820999582593386,0.6185610378884066,0.6251679146315525,0.6797130538896357,0.8294643523344323,0.36500975394526036,0.459349472882083,0.4683090233418781,0.5943357007940984,0.6375819210375524,0.2467077742863769,0.0,0.0,0.0,-0.048537834913453204,0.9107214346926513,0.4390458531509007,0.1041426977723674,0.5563930085796407,0.0,0.6361263950798203,0.3542114271548925,0.6591059042164881,0.49708429103895047,0.4037553911007963,0.6718751890108347,0.39142352769466315
0.0,0.3310343271015365,0.5629789702522863,0.0,0.5215228107506619,0.46175180759610973,0.5361616368604578,0.43139493384854133,0.6665510369790745,0.2691843136230489,0.44343572184338587,0.3290035757569113,0.5718887372836401,0.5290159774070702,0.6282465121726446,0.1355139843726978,0.5341033358580656,0.4709763707479114,0.5779782058081733,0.5953200777697406,0.4280078376690831,0.5560249521279022,0.4263882466973524,0.22124180118252876,0.8761521247832171,0.6405559476721222,0.48032930237255933,0.5652102442290893,0.2623821032495457,0.4682044387266827,0.48560281604641947,0.5173850384964885,0.16703603458501212,0.5593018321497525,0.6996103630986421,0.47924239637140664,0.4883083283087917,0.44630091076496475,0.2050087006836206,0.2844444897300419,0.3754736724236759,0.28772598806485455,0.2164928880149401,0.23674698209878897,0.0,0.0,0.0,0.39492169666980037,0.0,0.0,0.6009601643570148,0.0,0.46623355132010424,0.05534163311381336,0.0,0.1743641097509177,0.46555169148350206,0.45111371984006987,0.0,0.0,0.0,0.0,0.0,0.0,0.0,0.0,0.4694641209381991,0.8599249311103259,0.0,0.0,0.0,0.518490322362418,0.5436356049140061,0.5837725088038273,0.0,0.0
0.4033153130157857,0.2554483045111701,0.4053826133331519,0.5215228107506619,0.0,0.23068559240724165,0.19375654440879445,0.5289425308793368,0.22905078155362885,0.6402333614952697,0.33686352587474555,0.5233483748936838,0.3608043634393836,0.36708095523521017,0.4890711472464474,0.20785157321081155,0.596449510160613,0.45920434630150414,0.668155934588626,0.6203898575358404,0.481503069881446,0.24940972485185142,0.47097353360494076,0.5527078060546391,0.3223420992537487,0.3430419836764653,0.11547382187064678,0.5419955258311581,0.4227347446940248,0.5300513444129524,0.5965223349898925,0.6427437440479244,0.14226240521287747,0.6090356649355223,0.5633564633689812,0.5167080689710986,0.4492945988935164,0.480494292327954,0.5834292321124184,0.7277061960295083,0.5541028658959528,0.39795337794794206,0.564782925239558,0.6693569138384752,0.2449556750655687,0.0,0.41819420235369376,0.7283526298153649,0.0,0.5739822973100362,0.616014104272479,0.6524765189161602,0.14953452065818107,0.6232397685086541,0.0,0.374107923280943,0.3408182212550136,0.7304031845441084,0.55381429543226,0.2510572794082443,0.45822670347308986,0.0,0.0,0.6562625466883456,0.3074045169130492,0.4991976276011859,0.38330945132338584,0.647218731350367,0.0,0.49239995937132097,0.5576054960937249,0.5159784660343696,0.6179583757843607,0.4543739631741151,0.0,0.49880609756263106
0.17873647544076668,0.30920157409025323,0.4354070446276653,0.46175180759610973,0.23068559240724165,0.0,0.46221860098471124,0.5663011002738996,0.2694692657461667,0.6908181742177204,0.3091094154549917,0.7795294717224226,0.49384156239426086,0.4417137343364169,0.49656615184101,0.3626335248731344,0.44718133642803953,0.3278230590997604,0.5328793590847126,0.5497495156475894,0.5124097680565827,0.35080043277974077,0.44557243490525394,0.014578279075995043,0.3686183438709655,0.5842300401382279,0.533404662368724,0.5278460592605845,0.4353859207490033,0.5136310332132645,0.6102999475223659,0.42267656989472435,0.502361778163952,0.6157011718678499,0.6651082188170869,0.6074496820526003,0.5921052794102397,0.4945974563769916,0.6343619389667565,0.3533988075138714,0.5756157055644302,0.7148325576859506,0.6502515165039319,0.6428533621180901,0.19374456032843712,0.6190962420697219,0.40515087572157615,0.7537128838501079,0.1307222998201515,0.43292251957754047,0.7234560377644886,0.6997082894371909,0.7386221145001215,0.8332445782894083,0.6850474071095018,0.745967004008915,0.351501751203737,0.7186043048596173,0.5766659441967426,0.6069229317562105,0.26468058939326006,0.0,0.3915024763272076,0.6291264922283155,0.6814568243841302,0.5560766313309458,0.5645838611651397,0.6993937307243773,0.5684714190282777,0.33363409294294627,0.3676418202663462,0.6799318601270388,0.597993420141146,0.596222687070425,0.504919604994441,0.6818142703986907
0.5088568018902242,0.1253865617591109,0.5245414043242423,0.5361616368604578,0.19375654440879445,0.46221860098471124,0.0,0.5810541086830432,0.36484994182615604,0.5002230803405198,0.6173000563465173,0.40175714550616853,0.4148125250996474,0.3727995905705165,0.8949432762206446,0.17831628652236814,0.4286141611348252,0.3394392023250906,0.5226915364503085,0.35938805525966366,0.24946913006789276,0.1861262824362101,0.6078900546152572,0.29895248238983785,0.27123891835189934,0.5268263383154878,0.5355300657249228,0.5812384598327734,0.4526706321374646,0.5423097430632877,0.4784014772577962,0.7451422325415149,0.20890121064680928,0.3836233903901175,0.2602430027102378,0.7321740008527965,0.4846863393147137,0.46129259502448355,0.7178108532788883,0.43455115904331043,0.5234959927425936,0.8112914825698182,0.6090603831972555,0.888768298370187,0.35583171645166367,0.0,0.6068261609547871,0.5485748329694928,0.0,0.45834730773646737,0.6805068656647901,0.6492692374262752,0.6065927148792886,0.7471694150138498,0.5950519253300214,0.34176422029870035,0.4134871170460709,0.5874192169939485,0.3267146808310932,0.317589049391194,0.6118639518639308,0.0,0.5330926776534244,0.6113172773645349,0.49139419165858383,0.47578478455097817,0.6160434319318501,0.6524856352344133,0.4606723085110416,0.6054357271281428,0.5782978532523688,0.6555497451003749,0.6039818981239784,0.44137152448510497,0.7990792844684194,0.5558178593103014
0.24502344337842652,0.3447218549782007,0.5171186995706989,0.43139493384854133,0.5289425308793368,0.5663011002738996,0.5810541086830432,0.0,0.7567854755042103,0.531189930557599,0.3372824374662722,0.42037934150062906,0.5571899632804664,0.7083058992005872,0.46866357567017514,0.3432624968807435,0.4858764631465804,0.33393905848972283,0.535521612174733,0.5943970951312079,0.2875058566398905,0.3095839685297055,0.4297785756907357,0.06486850750944936,0.19808745995990715,0.3597228957228287,0.4815762480981278,0.42785904950931997,0.5123273544740785,0.29875591756702363,0.5527640895628116,0.44976660136951624,0.38102037628912433,0.4744254940365703,0.4385718556957825,0.6370642228244945,0.5209191839782641,0.3733228293023091,0.6270459565473385,0.4176299764660767,0.41452509089385703,0.509455251956862,0.6506896050609119,0.6197910623840965,0.0,0.5754764172531932,0.39640331365862214,0.7333392600534061,0.0,0.5552069883226093,0.5802879714437539,0.6063809333362271,0.5172923229837736,0.8036545806500708,0.8263936059263844,0.4151694322235981,0.9914192129971995,0.5888905456738405,0.555766271163492,0.572284299210035,0.1169419754393162,0.0,0.6864892898579064,0.7450052789894144,0.645900979715675,0.7371003182803687,0.5037629404066555,0.6414236648185343,0.0,0.11935198185945839,0.19144517634984795,0.5296853235200245,0.5251897627300821,0.6115624230809533,0.4028548852813651,0.4906791969943034
0.4374936143422117,0.262431728728553,0.1257985231640886,0.6665510369790745,0.22905078155362885,0.2694692657461667,0.36484994182615604,0.7567854755042103,0.0,0.6974301771717322,0.26873763153486574,0.689316137761155,0.505009441236512,0.6817338232448533,0.5678351625581791,0.35063127883228573,0.4127241554545748,0.4544402891668153,0.10679135400304376,0.5383672966452389,0.28301744003935125,0.38652496822642507,0.5059841339313733,0.5269971201005185,0.4757254359155876,0.7894316470041645,0.22590853688453866,0.5353193155301715,0.4860814468030532,0.5161202055570286,0.6110505615413195,0.702572084033149,0.46668019782620557,0.6492808539976138,0.6354977147066769,0.7616448681393664,0.6751526523684563,0.688952958222004,0.8150793138790252,0.5253904498019216,0.6679043624223604,0.7761706014260321,0.7036430156303799,0.8419409299602019,0.28314379420667224,0.0,0.04322820697413493,0.7214108321392174,0.465560540079494,0.5987448399378148,0.7673716759352793,0.7387368102255463,0.7658585732092902,0.6810257084452898,0.1984472424199928,0.5884351496000391,0.4627136671080445,0.6130510851696918,0.406651648457465,0.4186596720265311,0.7026152752735424,0.0,0.0,0.7039029765371799,0.6414523855499878,0.6572021715274249,0.22092201770789555,0.7690010040458695,0.30734249695080273,0.5681713746110504,0.2930426857088725,0.7025893154291998,0.5531966331020286,0.35888142801179357,0.4841380566692656,0.7497595374302619
0.23604030581117147,0.37463309992496374,0.5219725516660476,0.2691843136230489,0.6402333614952697,0.6908181742177204,0.5002230803405198,0.531189930557599,0.6974301771717322,0.0,0.815857069962469,0.5839714808311782,0.7210575013776452,0.534064431062182,0.4916758892115396,0.23157432035382852,0.5761770514047232,0.3181072727908232,0.6111564287437226,0.7457718235449634,-0.0559560026482237,0.377086372196892,0.5589840916242711,0.4215781973896415,0.6833326819931962,0.32051430285011695,0.5980555475704589,0.7848172174453387,0.5975620048780798,0.42356961183169056,0.6107780540059653,0.5115625429593914,0.628860912955606,0.6331365481082946,0.6088343781004553,0.4159802805157231,0.487750141364796,0.36787708729491214,0.3691607171152304,0.2546029041482505,0.20649752938410154,0.3458963517870696,1.1591385865106658,0.28989189591859843,0.2843348364280759,0.5215510493469278,0.32875755831083797,0.8224007475108961,0.4693618991091215,0.46495030362059786,0.577901012386206,0.4701574187459621,1.401144313062932,0.23394607143402743,0.4357085078449636,0.7644126824485763,0.41150731631190485,0.5797952133656097,0.0,0.9060255104136855,0.27078346603330244,0.5290605400868418,0.6571461612572183,0.48203465910029947,0.47442149960140384,0.5792717949721304,0.34512861148705193,0.7158708819099409,0.3250078375239432,0.5772637724236511,0.5107222244056319,0.6278590562624294,0.34587088099986046,0.400174761499187,0.0,0.3811840854931725
0.4129491545898395,0.32558965051740096,0.20194922125540166,0.44343572184338587,0.33686352587474555,0.3091094154549917,0.6173000563465173,0.3372824374662722,0.26873763153486574,0.815857069962469,0.0,0.7339804001782575,0.6947251640724343,0.587007352391791,0.0,0.5177455270994933,0.656038140615766,0.633499237561669,0.13028382882940823,0.45904216988965685,0.5466816384098497,0.3819327006024668,0.1615749343165387,0.6121806292351315,0.715488211177336,0.7326224395611813,0.27888673906781714,0.7136128445657939,0.5224609627574407,0.5458155157567892,0.7077050250129506,0.749096286420337,0.5173526349528422,0.777055508270233,0.647586033057526,0.4782724025653239,0.7400951861593261,0.7700738325612108,0.5749495362679342,0.5651585917242845,0.5220918091183975,0.44287319754165044,0.6854916531346001,0.5767741990156285,0.18502664470271937,0.0,0.0,0.2780212776360973,0.47991998756387716,0.20913859917070204,0.5373846218495713,0.48368169970182207,0.7025396138054201,0.7069698366986517,0.4811302155503461,0.09835637364881697,0.3725109233449919,0.5690874349811137,0.5971878712517934,0.0,0.0,0.0,0.0,-0.028302834805126242,0.34595251537083765,0.0,0.6747384331432729,0.6970975751382327,0.0,0.0,0.9373299846438712,0.6099925382107805,0.3997871592958516,0.36300853694171387,0.0,0.5590956094071091
0.370634224007424,0.30482194704856,0.558874043584181,0.3290035757569113,0.5233483748936838,0.7795294717224226,0.40175714550616853,0.42037934150062906,0.689316137761155,0.5839714808311782,0.7339804001782575,0.0,0.6912014942907387,0.6184410934485357,0.4061452823401601,0.32853755351686864,0.6176667609067386,0.42267752602994607,0.6642454896592246,0.5609788610204594,0.018873883082784204,0.4598221654788729,0.3480254837639401,0.4467494490602685,0.5095285877573273,0.23868117829875451,0.6114582129699737,0.8199690227685075,0.6088947135016833,0.29837983411698293,0.6545713363338184,0.5045163744999525,0.4785896345385816,0.403558240186661,0.31883769449232086,0.6089827541278576,0.32707293289173034,0.28817871528100486,0.4325015930570311,0.3635070624416711,0.2690461163735129,0.28634690594648166,0.44337961685357835,0.4530078637796997,0.30918314512837364,0.544177910971346,0.5578257107792478,0.2450417660668416,0.19401497214837587,0.28962321812941927,0.35863568185013656,0.4781847604593844,0.2624177771393442,0.41328248687752256,0.48716715618016204,0.22916020030867112,0.5853026665533781,0.4098078790108054,0.7276335305632906,0.6600706525767206,0.5296277475418472,0.5430851411902059,0.7391749406740015,0.35175083937639723,0.7899971113102278,0.7686353603096707,0.4587762180416243,0.47366985221526303,0.40884811234475427,0.6162409549177651,0.5293479745287791,0.3175921073851504,0.4612579999482062,0.47962911198604813,0.0,0.46900747600436843
0.31998216182994466,0.1311622026163427,0.5030921063660727,0.5718887372836401,0.3608043634393836,0.49384156239426086,0.4148125250996474,0.5571899632804664,0.505009441236512,0.7210575013776452,0.6947251640724343,0.6912014942907387,0.0,0.5496808719483472,0.5779721722450157,0.19704871651233752,0.5203901731938123,0.433633405603672,0.5718804460570202,0.3374594348842578,0.23290784977990095,0.2286535317961868,0.5633977477434421,0.4537884993291613,0.5110658142766971,0.5907940397079998,0.4966433910078805,0.34879555032700227,0.5200562359735705,0.5792925440196072,0.4509196112211664,0.6632705292780362,0.20347500519907918,0.4820302568718806,0.3758282194556618,0.663211902304516,0.5122072393955004,0.5299947373690037,0.6889374122794485,0.483869256518876,0.7194743971727819,0.7264890135840942,0.5533056333703685,0.3626714622857572,0.4316203816461712,0.6415807477478093,0.43594687404601823,0.7271974207279128,0.0,0.4967507542105021,0.6978059973113245,0.6388641101164891,0.6407052918029904,0.7725173436796997,0.498132729010374,0.3538073502060858,0.4991200739687452,0.6865208171433841,0.37729714287942406,0.46579044352023735,0.5373489334778481,0.40130060792261446,0.5613432986359945,0.5208586540304962,0.5233971504951639,0.6040707207597085,0.38102792060858576,0.6863244569508424,0.5276289392880389,0.38894565859420516,0.32919706879621,0.6407483470424811,0.5929139290142289,0.44324597174057795,0.34188036138867833,0.6165104535244651
0.4877147399971477,0.4838522280284281,0.5256279528372146,0.5290159774070702,0.36708095523521017,0.4417137343364169,0.3727995905705165,0.7083058992005872,0.6817338232448533,0.534064431062182,0.587007352391791,0.6184410934485357,0.5496808719483472,0.0,0.5503111541931133,0.561833814107358,0.5032059980619606,0.4742134710402888,0.5621383578117682,0.39371651973653743,0.4638727331054196,0.2773542041586317,0.5929975875120705,0.6559470718566198,0.4984713186700727,0.22513958764646624,0.3723177202735807,0.5252126431810628,0.40029007292336205,0.8062805085520499,0.5075300369003088,0.4101444263666362,0.25955424760036855,0.6611088609460819,0.9571379613960032,0.710195752749635,0.5569608763233402,0.3858289963073231,0.6869429769414148,0.0,0.7100257035989435,0.8473545006568952,0.5899953979733978,0.47322766106056313,0.0,0.0,0.0,0.8026743032963015,0.0,0.4911575822146757,0.4461713495127573,0.42513401234804427,0.5244229079614098,0.5327572825433147,0.0,0.3066868120214772,0.4137072102100887,0.7563884407254069,0.46086603331930476,0.0,0.0,0.0,0.0,0.5223301478490903,0.0,0.0,0.0,0.6081584615161822,0.0,0.0,0.0,0.526671248633187,0.7397078923198899,0.0,0.0,0.0
0.3921354869410041,0.5782340404607069,0.35142922409078,0.6282465121726446,0.4890711472464474,0.49656615184101,0.8949432762206446,0.46866357567017514,0.5678351625581791,0.4916758892115396,0.0,0.4061452823401601,0.5779721722450157,0.5503111541931133,0.0,0.37226183352426173,0.48223663900646,0.25547957537464905,0.0,0.6174118966244568,0.7027038562317056,0.7886715697749446,0.2484838573144359,0.5284294223347368,0.43114094005820075,0.5904595051857746,0.5927135010635114,0.20226449221626042,0.2727930600808629,0.36904729368585254,0.6573443186196104,0.3595609773229957,0.6730650649605262,0.5635178861125647,0.533856331721249,0.6217109612603209,0.518155245076178,0.37765150112110313,0.38742190668015564,0.640413344739976,0.5168673798710124,0.4982418708652136,-0.06463065167381682,0.6293715831034141,0.0,0.694100037905911,0.8074056983788325,0.4792433257889901,0.0,0.0,0.5938030407149661,0.7014114964112437,0.5726166935262256,0.5448983807961592,0.0,0.0,0.6677798299501341,0.5422014836766318,0.4807006699034836,0.5959843309506666,0.4835452145077459,0.6162798273749531,0.7657210343008227,0.0,0.793597142825925,0.5467352845361673,0.735863609072187,0.6652202305255581,0.4719408604909201,0.4469413400419035,0.6415773215104981,0.5762470660575919,0.4194601161494623,0.3409238338292838,0.5591905242771105,0.5078046413105044
0.5068251043658645,0.3226956878462185,0.27923925304342895,0.1355139843726978,0.20785157321081155,0.3626335248731344,0.17831628652236814,0.3432624968807435,0.35063127883228573,0.23157432035382852,0.5177455270994933,0.32853755351686864,0.19704871651233752,0.561833814107358,0.37226183352426173,0.0,0.3588552411826433,0.44023109474533284,0.4601985974129441,0.3354926417340812,0.2944773111757135,0.10361177839430052,0.37068058444643204,0.6104862638149899,0.4154756762111321,0.4674700832812194,0.34368696142105115,0.09593284240166508,0.1977282524368252,0.22234579060546505,0.21584360217974274,0.2963394686231098,0.23912735441489583,0.16950956872785214,0.35107551311954033,0.5998547647581255,0.3709283194970655,0.32832356253569783,0.37088410342257294,0.40644303094343215,0.3137872687763205,0.5833096750983391,0.4675721106817611,0.0,0.0,0.39073639952774647,0.4451584379392739,0.0,0.0,0.0,0.3199418550671686,0.6007810781357534,0.8406072449831781,0.0,0.3934670576404101,0.0,0.17765150223099202,0.6453885054234623,0.0,0.6806834218209263,0.35183421677385535,0.49206181735865917,0.573590736816614,0.0,0.2794128154198906,0.6824623303949516,0.3248497918782459,0.7157791003553842,0.41653160319114246,0.5552518121428464,0.46899216815256306,0.49429792308972614,0.6472113279914795,0.17790384527256364,0.0,0.37762120555093576
0.14889794662388903,0.6488636481208343,0.5973985443536588,0.5341033358580656,0.596449510160613,0.44718133642803953,0.4286141611348252,0.4858764631465804,0.4127241554545748,0.5761770514047232,0.656038140615766,0.6176667609067386,0.5203901731938123,0.5032059980619606,0.48223663900646,0.3588552411826433,0.0,0.4863293265223419,0.633246141837128,0.3325241963404943,0.502002317312068,0.42190042958847696,0.3482968732840316,0.48449162645407123,0.5668470997323974,0.34647423111560643,0.5673668148407172,0.741072690581636,0.08189901516917963,0.5320734870167729,0.437202795035919,0.5638969025563259,0.6388527801596711,0.5823245764312565,0.7446899686698739,0.6365613071279634,0.2601947420788876,0.329149748594316,0.5990693199546481,0.28848521080191625,0.5361108761790043,0.5492643767443592,0.0,0.0,0.4538993455279408,0.6832168402043878,0.5510659575866371,0.0,0.0,0.0,0.0,0.0,0.0,0.0,0.49965690129154944,0.0,0.4676803901393749,0.32379806467213706,0.0,0.8152852529425565,0.45201476149944225,0.4761913096888967,0.5662675818690439,0.0,0.0,0.0,0.5161441281019794,0.0,0.4276549492798415,0.6079730160006173,0.4858353308310459,0.0,0.2839938337514694,0.4766458081365098,0.0,0.6444878772271833
0.36049991985402075,0.403732875825355,0.18905132460141139,0.4709763707479114,0.45920434630150414,0.3278230590997604,0.3394392023250906,0.33393905848972283,0.4544402891668153,0.3181072727908232,0.633499237561669,0.42267752602994607,0.433633405603672,0.4742134710402888,0.25547957537464905,0.44023109474533284,0.4863293265223419,0.0,0.5142339515256444,0.26387408214082797,0.3015082989691687,0.16686259915443366,0.37080183741052275,0.34491440106668003,0.39298894923863076,0.2594217279754497,0.31984158122648954,0.35950873423781743,0.12729286234655907,0.5784805708214207,0.3179324379045586,0.3824660533217481,0.5763260916661146,0.4878267942501496,0.4995011767792956,0.5605795454809585,0.254146097286729,0.11069756366290553,0.1763827857849628,0.5059281071674944,0.5913339349766558,0.5417627545651257,0.0,0.0,0.5908164392602488,0.5020408294896386,0.33365284407804385,0.0,0.0,0.0,0.5252258559298266,0.5417765111091911,0.8102492273321554,0.0,0.5477385090978043,0.0,0.4702492733311169,0.5193979897086587,0.0,0.609967587806131,0.3334549095475405,0.5335272806360163,0.543827198399178,0.0,0.49852713967285717,0.7216244715290765,0.1926194049034544,0.785900621466097,0.5434896085742109,0.5807777484318071,0.5214887209727763,0.5158533727466795,0.6799328447452359,0.5278029622513263,0.0,0.8149181305149084
0.0,0.6386471448229734,0.19595615678228032,0.5779782058081733,0.668155934588626,0.5328793590847126,0.5226915364503085,0.535521612174733,0.10679135400304376,0.6111564287437226,0.13028382882940823,0.6642454896592246,0.5718804460570202,0.5621383578117682,0.0,0.4601985974129441,0.633246141837128,0.5142339515256444,0.0,0.555565495862999,0.44209076921427254,0.6773493739140333,0.37092080829658863,0.37167424661968473,0.5371473591407923,0.5220130072043381,0.38716710223407325,0.5747503715916863,0.608074709405287,0.6245079549258936,0.6289394411344671,0.6743603864223593,0.5364124450845238,0.7135935195910819,0.658505595267642,0.46618608586407445,0.6574295449334693,0.5378219856759654,0.8672839008194444,0.41039853299872514,0.417341277143487,0.19911244234856618,0.9239217768278191,0.34234677861681373,0.4079572225327384,0.0,0.0,0.08398015832758826,0.0,0.5910892372070006,0.6457753175193508,0.6666930049170922,0.7465383928240921,0.8393007562522018,0.9162944688635788,0.10544648283467434,0.543984234696279,0.6437395065777913,0.6272946302762052,0.0,0.0,0.0,0.0,0.792495636803582,0.4771495026407726,0.0,0.4973069375475897,0.7304788831855058,0.0,0.0,0.0,0.6623140725043678,0.6996921587344718,0.47640747102632774,0.4582241754897911,0.5857343145965439
0.6830356512281865,0.22793495050619184,0.38859062872615324,0.5953200777697406,0.6203898575358404,0.5497495156475894,0.35938805525966366,0.5943970951312079,0.5383672966452389,0.7457718235449634,0.45904216988965685,0.5609788610204594,0.3374594348842578,0.39371651973653743,0.6174118966244568,0.3354926417340812,0.3325241963404943,0.26387408214082797,0.555565495862999,0.0,0.4213252935737385,0.3005144525016037,0.5514477101664514,0.6290361906536521,0.2299670931320913,0.37852217292091933,0.5242771617337294,0.4231490818313489,0.39549463902982573,0.708100423068563,0.6421220230844747,0.26242545496757697,0.20289379632116006,0.5524007189591285,0.519963602224983,0.7068476019839082,0.16501430991148217,0.8096049071759546,0.34341390755158624,0.3914630567427144,0.4309870373145118,0.4584917574419739,-0.008467779711450851,0.231394634049422,0.20075839730160927,0.5007909902301955,0.5923566059690278,0.48033518075089093,0.0,0.0,0.45501253487000415,0.47375767799513707,0.6916068546690655,0.4424963875959594,0.9394122610934272,0.0,0.5619909392385729,0.5435583356300042,0.0,0.5558943692685572,0.29872542967736715,0.4702147225320378,0.273408566190758,0.0,0.4457079885216372,0.4443691438390099,0.44701483404274156,0.5063709076954814,0.0,0.3781126090690231,0.4755485774026102,0.43263735618409155,0.4044631420038047,0.4194792197722292,0.42574720086448126,0.47249355984174174
0.15363743467748658,0.43358388169216644,0.2761285012854363,0.4280078376690831,0.481503069881446,0.5124097680565827,0.24946913006789276,0.2875058566398905,0.28301744003935125,-0.0559560026482237,0.5466816384098497,0.018873883082784204,0.23290784977990095,0.4638727331054196,0.7027038562317056,0.2944773111757135,0.502002317312068,0.3015082989691687,0.44209076921427254,0.4213252935737385,0.0,0.3543369229416994,0.46162042422891975,0.045040530194930206,0.2582580561574701,0.6856485056866768,0.43107188366795673,0.14098470923830797,0.16033722333574524,0.4147774877158109,0.28549127834314575,0.13351926084828386,0.3698121019564457,0.2595799842972698,0.39887267563821693,0.5244640274825767,0.32853833587497133,0.5714313542078802,0.5127299727375285,0.5272890434357259,0.5661526339915709,0.6811169925019647,0.5587788307406815,0.0,0.0,0.6133767933150727,0.6329298977458748,0.6473594510588473,0.0,0.0,0.5142987457954447,0.4334886953594612,0.7495053685732078,0.514438622854211,0.6189376210476493,0.0,0.7555537681873032,0.5946830955083844,0.0,0.5667035904884249,0.4709348436497509,0.0,0.26001287999521516,0.0,0.6614270336032585,0.7475716488824513,0.579948085482569,0.3957141649437874,0.8326824546873686,0.36047881217720135,0.607987690924771,0.4763042148476746,0.3390851497034203,0.43558366203520316,0.45204086313368097,0.6128870935510091
0.34267842380103886,0.455897431269632,0.3336804034580714,0.5560249521279022,0.24940972485185142,0.35080043277974077,0.1861262824362101,0.3095839685297055,0.38652496822642507,0.377086372196892,0.3819327006024668,0.4598221654788729,0.2286535317961868,0.2773542041586317,0.7886715697749446,0.10361177839430052,0.42190042958847696,0.16686259915443366,0.6773493739140333,0.3005144525016037,0.3543369229416994,0.0,0.4570656300679524,0.31626290608263163,0.3604666355336321,0.6218349821953482,0.4857636769606437,0.37194570057036097,0.30867317052239956,0.5663387442317346,0.8228188076213863,0.48336692320712804,0.34130800130609196,0.6481947620704194,0.6467063536895598,0.688089053036441,0.5923716060558211,0.6068811003940019,0.409658549315952,0.3015293542270612,0.40084515610454097,0.500745595194533,0.49848420748178623,0.3569819414740537,0.24640543671519735,0.5067361040339909,0.46114939772656044,0.5883395464571491,0.47606340105209827,0.24191941066997086,0.4681027508154114,0.9557932340648005,0.6285433390728962,0.6722771957176306,0.1908825978758831,0.0,0.5350592591180476,0.5112838452505813,0.0,0.631973198990573,0.2349805808642772,0.41674663265218614,0.37969977264228144,0.0,0.4498016070395881,0.4494863476996618,0.4728416792003375,0.5011666423988395,0.7506692680393973,0.3577665321961566,0.3621644107698224,0.5269433385673137,0.6402516569462984,0.42601359908771697,0.5562672825744662,0.4179136121476324
0.3980034822463768,0.4859446911145898,0.39102066311390404,0.4263882466973524,0.47097353360494076,0.44557243490525394,0.6078900546152572,0.4297785756907357,0.5059841339313733,0.5589840916242711,0.1615749343165387,0.3480254837639401,0.5633977477434421,0.5929975875120705,0.2484838573144359,0.37068058444643204,0.3482968732840316,0.37080183741052275,0.37092080829658863,0.5514477101664514,0.46162042422891975,0.4570656300679524,0.0,0.2539902102339432,0.33873479079585833,0.5020110650996896,0.3289523693382222,0.35678894624743995,0.42598983672765833,0.32639493581924406,0.45055425371207786,0.3742444017862776,0.5076192152385703,0.4026325164166265,0.49269436833511393,0.5547237464476061,0.5676997746742037,0.395029690065142,0.569143770294842,0.6433772273888541,0.5171337204041964,0.5640775553095367,0.7261917686157856,0.6801250349895775,0.5359134557849003,0.5400390312404179,0.5926217248682047,0.7985276330138451,-0.10690958494297803,0.6470313503270222,0.6263390615399547,0.6430167885459743,0.6591371056234798,0.7850643540980716,0.561968768806478,0.7624635761743677,0.42954392168017314,0.5896652085044269,0.7566577513994922,0.5873816975777056,0.45787301739328456,0.47442149960140245,-0.07999319219851841,0.7860822508060024,0.52485293772008,0.6203263618806998,0.5864283316822355,0.6321459350179179,0.2143791524860124,0.4449332651171847,0.4139343324355653,0.50946246339673,0.4961967873894733,0.44051943532666893,0.4744585083033048,0.5583024733377415
0.19730148957796317,0.6127400928952543,0.4046502254589474,0.22124180118252876,0.5527078060546391,0.014578279075995043,0.29895248238983785,0.06486850750944936,0.5269971201005185,0.4215781973896415,0.6121806292351315,0.4467494490602685,0.4537884993291613,0.6559470718566198,0.5284294223347368,0.6104862638149899,0.48449162645407123,0.34491440106668003,0.37167424661968473,0.6290361906536521,0.045040530194930206,0.31626290608263163,0.2539902102339432,0.0,0.45946277601392593,0.3700781170299957,0.3098457130950274,0.5111969566796507,0.6323933695003081,0.8137909532653106,0.4273104745076023,0.5090946061127968,0.25298817512756444,-0.09344065453700867,0.14726583513942115,0.31488525133658246,0.34112294943154653,0.19668603010012278,0.747218969605206,0.4316358955698461,0.5224037112110151,0.641252311857317,0.6233553110341243,0.32966647307692515,0.42673155127050744,0.40771956734354,0.5268347125496667,0.0,0.0,0.4791922984500856,0.5925385630784219,0.3056026577842377,0.0,0.01324144732786,0.4713455715374752,0.5269656489437655,0.42121340730104806,0.47763532119052765,0.0,0.2649288319734739,0.35522390845215457,0.5240960077840794,0.6906505974418395,0.45704232893009955,0.3750940996920869,0.4945867194423716,0.20445207992650316,0.827417284324615,0.33601593092799353,0.6341680088686787,0.520530541875586,0.570222998041512,0.7003816507588365,0.5881822141753048,0.0,0.2764119414310683
0.346576860383886,0.3564637450603473,0.5203193119603868,0.8761521247832171,0.3223420992537487,0.3686183438709655,0.27123891835189934,0.19808745995990715,0.4757254359155876,0.6833326819931962,0.715488211177336,0.5095285877573273,0.5110658142766971,0.4984713186700727,0.43114094005820075,0.4154756762111321,0.5668470997323974,0.39298894923863076,0.5371473591407923,0.2299670931320913,0.2582580561574701,0.3604666355336321,0.33873479079585833,0.45946277601392593,0.0,0.33829239189715565,0.4810993635796365,0.4989251899788427,0.12483885568401859,0.4530701137576872,0.4896982501488479,0.38988678216157,0.6522521251106526,0.4640145637974198,0.6788553610073873,0.5488840218049328,0.5872491451603827,0.36025664858967077,0.3999273152376257,0.5588960232945825,0.493144293497324,0.6068202262962188,0.09863560023396081,0.0,0.46978139954372156,0.5726801446130197,0.5174460826285083,0.0,0.0,0.0,0.2820540358472786,0.5437039951087843,0.7054319505775573,0.4081584485527534,0.5215416666631743,0.4780704012213022,0.5028559874018211,0.2636298421267188,0.0,0.6061437752768173,0.45823698941282226,0.5159632973203327,0.5895526539376958,0.0,0.4637185126219111,0.6454416755960793,0.46127914533801884,0.41098418187696284,0.5409863306565472,0.588567356864274,0.5455436261829886,0.2672609421850424,0.6503458566421199,0.2817457144270896,0.0,0.5906950102050251
0.586656786870398,0.6102926949868417,0.4994663109658077,0.6405559476721222,0.3430419836764653,0.5842300401382279,0.5268263383154878,0.3597228957228287,0.7894316470041645,0.32051430285011695,0.7326224395611813,0.23868117829875451,0.5907940397079998,0.22513958764646624,0.5904595051857746,0.4674700832812194,0.34647423111560643,0.2594217279754497,0.5220130072043381,0.37852217292091933,0.6856485056866768,0.6218349821953482,0.5020110650996896,0.3700781170299957,0.33829239189715565,0.0,0.6659793462907136,0.6347839090883494,0.4462583072149218,0.43197020814581955,0.5594954456060068,0.5317946476134927,0.5954657802429209,0.5210634418282639,0.6364228976590067,0.5829149838453448,0.13220899619228305,0.3536718137199968,0.6681324322107091,0.5826829260311135,0.6248150248299879,0.49989708543362427,0.21251440611414774,0.551809788304765,0.5429936458123077,0.696269254755483,0.7687629384608037,0.6706912168440271,0.0,0.003209803508574683,0.4409799294633796,0.5796756626181852,0.5262906927058862,0.41815498927085665,0.4998497646769978,0.0,0.5204620532393429,0.6870684164340211,0.0,0.6600759648113756,0.5281874312635753,0.523935328954208,0.6103677091500657,0.0,0.6492055134750232,0.8227749214083497,0.6113539091514306,0.40758101855278817,0.5058786242544165,0.6098414323633077,0.4963671809154358,0.4949257360758027,0.6485234511086095,0.46942748285028735,0.48889984774195727,0.5751488689470383
0.38976830072204055,0.4454324813241547,0.294877601970817,0.48032930237255933,0.11547382187064678,0.533404662368724,0.5355300657249228,0.4815762480981278,0.22590853688453866,0.5980555475704589,0.27888673906781714,0.6114582129699737,0.4966433910078805,0.3723177202735807,0.5927135010635114,0.34368696142105115,0.5673668148407172,0.31984158122648954,0.38716710223407325,0.5242771617337294,0.43107188366795673,0.4857636769606437,0.3289523693382222,0.3098457130950274,0.4810993635796365,0.6659793462907136,0.0,0.3830600509101044,0.4864973607050225,0.4399387569714963,0.5407046738986993,0.375177378821661,0.466368409247902,0.5736908124927731,0.56471592705243,0.4256227269263023,0.5086624190388193,0.5110396240827325,0.5941790940970978,0.5670424518984141,0.49846629771295137,0.5114648751835045,0.5982641270704356,0.6657185896667224,0.4016413850757115,0.4319855987531471,0.3621956589715605,0.6706699680116437,0.48114072456092694,0.4846786800810631,0.6111172593807963,0.5744888326180493,0.5595256002869151,0.7296095279523404,0.7063892451283407,0.6883606706998309,0.3666395814500063,0.5970096701165992,0.6295233553430223,0.5544887542341929,0.2674674746978552,0.0,0.4507427978889019,0.7194923472153667,0.5479203724874109,0.6044971146171854,0.5208767558232031,0.5758180908492286,0.0,0.36966626645116857,0.36018621735235845,0.5298658089576771,0.5029144548361317,0.4573465641178305,0.45791827512418803,0.5810630096772449
0.36686439879853305,0.17188240541827907,0.4401241442857149,0.5652102442290893,0.5419955258311581,0.5278460592605845,0.5812384598327734,0.42785904950931997,0.5353193155301715,0.7848172174453387,0.7136128445657939,0.8199690227685075,0.34879555032700227,0.5252126431810628,0.20226449221626042,0.09593284240166508,0.741072690581636,0.35950873423781743,0.5747503715916863,0.4231490818313489,0.14098470923830797,0.37194570057036097,0.35678894624743995,0.5111969566796507,0.4989251899788427,0.6347839090883494,0.3830600509101044,0.0,0.39884775336391654,0.3092825750005621,0.5716398495865957,0.5374910817601964,0.3886555785292728,0.4627851021198947,0.7426204429105533,0.5775790880346623,0.5179941174500837,0.6155615943426428,0.48604624300484645,0.2945450327454116,0.7335148456333402,0.720136211342953,0.5265684338032111,0.8685829740836248,0.6191903256875558,0.6098689074252583,0.26706392539649426,0.7036702301042813,0.0,0.6836839547850111,0.6893332833985619,0.6405531167286129,0.5739991259083085,0.651408173492169,0.6579822901812937,0.42683835247292035,0.5161367603073648,0.591915052060664,0.352841635995252,0.46892490534477266,0.44690717176323647,0.20704184346693444,0.5813718563543198,0.7326896137565241,0.5035538409346464,0.41669695468599655,0.4056516943227278,0.628787345738078,0.5399638277575595,0.21702467767242628,0.42485191679605605,0.5659147368421568,0.548723870607476,0.392800161701661,0.3536502335635513,0.6007042834947207
0.15878358594157804,0.07929769048157054,0.4802530912603302,0.2623821032495457,0.4227347446940248,0.4353859207490033,0.4526706321374646,0.5123273544740785,0.4860814468030532,0.5975620048780798,0.5224609627574407,0.6088947135016833,0.5200562359735705,0.40029007292336205,0.2727930600808629,0.1977282524368252,0.08189901516917963,0.12729286234655907,0.608074709405287,0.39549463902982573,0.16033722333574524,0.30867317052239956,0.42598983672765833,0.6323933695003081,0.12483885568401859,0.4462583072149218,0.4864973607050225,0.39884775336391654,0.0,0.5076555494023354,0.5747147098351487,0.09128764460289376,0.3024430727382438,0.5790241811054806,0.4200369539330737,0.47054898676912943,0.3399018549766054,0.5777109608910864,0.467871480629805,0.6402481367033503,0.524710996914398,0.43541090131845667,0.08737123467753782,0.491369001687319,0.6523882716238529,0.4632664989887501,0.3373871132692568,0.7208399490676933,0.4643775500091578,0.33792280179749895,0.6279491740739802,0.6102565839136823,0.6310720781095862,0.6300049476593096,0.6155871734965439,0.4385959368878468,0.5768766018458886,0.592918395737148,0.7931951409744116,0.4769986870546082,0.29157070780379934,0.48148736748828525,0.19084631071929092,0.48763912189605674,0.4876941450313206,0.5302004045694784,0.5025604626733555,0.6158748234061249,0.4481208347231619,0.36905887163058104,0.2785829304403624,0.5691154066363199,0.5289528913651,0.3726115875535496,0.45535715018637346,0.5336818428324552
