0.0,-0.004614255340531448,-0.01580351197278601,0.0,0.0002737965488270322,-0.04864657668694844,0.0010247554818502702,-0.046861690042565796,-0.0011031315869414193,-0.052853275956519064,-0.0024890991313936683,-0.028614270576207412,-0.04204822233207178,-0.004789894966140407,-0.016066071322950792,-0.02786908136676458,-0.035465369755205534,-0.027896290813876512,0.0,0.004330357094932846,-0.05442549765750393,-0.03639298257523932,-0.029446077657629133,-0.0610539590063916,-0.022110320373231962,-0.01331860124632378,-0.03179518111834223,-0.031252245811481616,-0.05421296544027293,-0.002082681934757913,-0.017616379526096237,-0.015527816425790486,0.010582479648810261,-0.020642807649758566,-0.003645386900171854,-0.0007610620787615874,0.0007846458382444466,-0.04582810058245851,-0.00029185872133002944,0.018335863042743927,0.008922354112998687,0.06666575503013294,5.026652988832092e-05,0.0,0.0017711622885102085,0.017200340715666673,0.00011150957367472847,0.0,0.0,0.0,-0.019174493305926354,1.1102230246251565e-16,0.002072447989065862,0.0,-0.022772244954531673,0.0,-0.006196565707804469,0.0014000623757230435,0.0,0.00011723825585563397,0.00215908635201445,0.0002691477906347495,0.011245724036915261,0.0,0.024496387151479226,-0.00250888787712239,-0.027507901339264063,0.006022616561707994,0.008428291867648263,0.005313052133606333,-0.012334956643488215,0.0028248755026876737,-0.0003659395831216994,-0.025065160457552083,0.0,0.0004256955868148782
-0.004614255340531448,0.0,-0.00790842938797054,-0.00022665656769005338,-0.04527546315037184,-0.0324699578199979,-0.06809559866607362,-0.048863920978185926,-0.03401258580091654,-0.012083994996919978,9.82420816255658e-05,-0.016963631411730185,-0.06666035779647406,-0.0012519353560566104,-0.005318769769022014,-0.04236999335441799,0.006610117949295002,-0.03090658505764904,0.00140564781113528,-0.03794164723144655,-0.025415769551189238,-0.023784027284740827,-0.026276831485076257,0.021317403241306265,-0.026274142170966353,0.011653369160680604,-0.018520635870370172,-0.05463345133263592,-0.05302660118429953,0.001311490882758004,-0.01782706470396761,-0.021337071818283926,-0.019021006869160473,-0.012325819808629901,-0.008103575010760478,-0.0006120408623218609,-0.0003085233597527881,0.0,-0.010332700902037195,-0.006267216015640786,-0.009740474438052094,-0.010876847293365022,-0.00037058850945953514,0.0,2.220446049250313e-16,0.009538514828805522,-0.00513688125304812,8.980781893080936e-05,0.0,0.0,-0.028840214579771484,0.0008382554105366702,-0.0004955738582573255,0.0007882451400451629,-0.011720820301856838,0.0,0.0008476104233728909,-0.026791097646028716,0.0,-0.014961169986010214,-0.01848455795652426,0.004355078882382679,-0.0020795001413623226,0.0,-0.011510478317167505,0.0027998157629457454,-0.021906265114983947,-0.011668143056314528,-0.01746665620424981,-0.0026872745641001727,-0.017092385066608984,-0.02446695199122534,-0.010905509595611651,-0.03079484870938437,-1.1102230246251565e-16,-0.010083593433925508
-0.01580351197278601,-0.00790842938797054,0.0,-0.00048333258089949815,-0.02653411452084603,-0.021307686254064262,-0.01356937037789191,-0.03227206269334526,-0.0412961412873013,-0.00611699316465153,-0.06241643445788503,7.409765772348198e-06,-0.022695702009871976,-0.020114022856551783,0.0007684992459158213,-0.01699348262550482,-0.0019469847014276231,-0.033835593299298694,-0.051169159507728074,-0.00039911304762069166,-0.025907715835518097,-0.028508533634294397,-0.02799865235658755,-0.0007057965799848187,-9.745595543514396e-05,0.0016611976089178637,-0.030775859058040256,-0.037279674093809834,-0.021856675358469246,-0.061725647120418725,-0.026546253794353658,-0.01403421097387153,-0.03224241663683647,-0.01738481206037301,-0.015812655661160302,-0.01771568369302695,-0.0069131985354375924,-0.008135825186365686,0.01175647216861786,-1.0294804509980438e-06,0.021237635395407906,-0.0025473620021765897,0.028497345164672394,0.003683979103419166,0.0,0.0,-0.0002509966799404406,-0.10419181735414124,1.1289996972974059e-05,-0.011023997865504231,-0.00023503405191604987,0.003922493187053289,0.0005178617503620586,0.033683487931362555,-0.0003651920142925258,-0.04885472110506911,-0.001319207724803817,-0.007129645298923792,0.00862421781993794,-0.00045685576984905163,0.0,0.0,0.0,-0.22190322353250808,0.010573238204222402,-0.0014242159527276255,-0.0005375957376728135,-0.022005036158748936,0.0,9.998689326012888e-05,-0.0007589719196568478,-0.008698122734250746,-0.015037181725907178,-0.03087453265836526,-0.00032546371077057934,-0.011098369062776059
0.0,-0.00022665656769005338,-0.00048333258089949815,0.0,0.016536396381179874,-0.013347490664340933,0.009560513522526737,-0.021248038310040795,0.002863209448277393,-0.022065662603064168,-0.013524699666375373,-0.007359444422669059,0.015239612690528648,0.015038406004128924,0.0020869456113892237,0.0007023565561735667,-0.0009996691064342866,5.141113525819474e-05,-0.0022421191961802256,0.0012638091232690107,0.0012139375125328478,0.0005390402473209877,-0.022414813713738657,-0.004018605955431465,0.0003894204752843411,0.0029907674554259245,-0.018443778388399612,0.02747211058514465,-0.021947195640852846,-0.0020337234823649686,-0.0020228212804823675,0.012647099504967063,-0.01676407600166202,0.05750722997153662,0.056528710160984375,0.028095562258376616,0.023051677549250082,0.012259190319056701,-0.00012537838871407025,-0.0014093480103364864,-0.0007627628871889058,-0.002338834883408525,-0.00439945765893307,-0.0016406809012279866,0.0,0.0,0.0,-0.0011960501509316046,0.0,0.0,0.0007834939533317153,2.220446049250313e-16,-0.00011766122892936659,0.00017290090950788928,5.551115123125783e-17,-0.0011717747039483584,-0.0017239111433998144,-0.00048761063624969125,0.0,0.0,0.0,0.0,0.0,0.0,0.0,0.0,-0.00010374181533501226,0.0247871329831178,0.0,0.0,0.0,0.001844828459834913,0.0020765305212236407,-0.00015471961198176842,0.0,0.0
0.0002737965488270322,-0.04527546315037184,-0.02653411452084603,0.016536396381179874,0.0,-0.03609795779867858,-0.03889198366401059,-0.011490135266319146,-0.03149535612257093,0.0009692475718339755,-0.018530896970814337,0.0021710359753920327,-0.03252108138252724,-0.01105319022974438,-0.0007276245137921578,-0.06670440708514891,0.001522849349226918,-0.001396319607850749,0.007740106378877898,0.002278604627617198,-0.0035457500991331603,-0.04789115508916897,-0.010856716757799423,0.003175964045505353,-0.04062558564777946,-0.025817011978565285,-0.05617913303290878,-0.0022371843432268945,-0.02638568539725933,0.003899059985180253,0.00143363927181972,0.02830230206281581,-0.03939456999644897,0.0042359649630073215,0.010586316613650337,0.027087945241115408,0.01781656939622034,0.0012226224861631163,0.012543705784554104,0.000746727353235388,0.00035083758469289794,-0.0004147191361311142,0.00902138648676759,0.0032033571071902744,-0.000841160171090205,1.1102230246251565e-16,-0.0003392332531548248,0.02069935430570069,0.0,0.0057703494581283765,-0.0009363578834393205,0.007082772362916878,-0.07468025654936616,0.007783026244749802,5.551115123125783e-17,-0.021342700687394855,-0.0019241913417951118,0.015927924851009467,0.002895831538633098,-0.00020266911132987842,-2.329564841407894e-05,0.0,-5.551115123125783e-17,0.004209727377520789,-0.0009291532980986728,0.00021790468956545128,0.000642796541527435,0.004266513792946847,0.0,-3.3006386232492524e-05,0.0004217400517472769,-0.009898101504473011,0.0018735267766336605,-0.002306042227956606,1.1102230246251565e-16,-0.0035855765474452905
-0.04864657668694844,-0.0324699578199979,-0.021307686254064262,-0.013347490664340933,-0.03609795779867858,0.0,-0.014855025542588773,-0.005125287058615757,-0.030581595009388396,0.011720098681237134,-0.03037049783180984,0.00941207129346966,-0.01252739438524697,-0.015350755071212696,-0.019961591218196406,-0.03717904718765358,-0.00960859026820915,-0.03997689400708904,-0.010361568476892125,-0.0027143162993626957,-0.01186075580803736,-0.02225079395839985,-0.019611829514204426,-0.053946151613293636,-0.029627717236133055,-0.011849073831458501,-0.008289240793135255,-0.013342756728428717,-0.004131126888561876,-0.0187770700972566,-0.005130643184452888,-0.016095522890408553,-0.02094596467737081,-0.0021058630411083246,0.005757503140668807,-0.0010739367128003718,0.002329475326128927,-0.0026167254534436024,0.0041542954546754385,0.00033666910668467276,0.0028505419118830533,0.028965866654869832,0.001067112074107257,0.016515074692649734,-0.0017069453285146197,0.0008639468630935454,-0.022794652439483754,0.019791086501800725,-0.023081698594315414,-0.010342991522340972,0.017166791823502003,0.007886722323712791,0.010049647820356333,0.029874808987995105,0.0009330579546111828,0.023431519201289608,-0.0004214504119389728,0.013157839522007442,0.0012379129686940216,-0.001202405843927834,-0.03985752489808292,0.0,-0.013303036938465351,0.009831139347533102,0.008585705694646562,0.02512240355186357,-0.01287068291531901,0.012857019711070672,-6.027836748895288e-05,-0.022329600084764867,-0.03158545031094778,0.00991412652569823,0.003818837191380764,-0.002117352575115583,-0.0028785755800450064,0.015725403510763347
0.0010247554818502702,-0.06809559866607362,-0.01356937037789191,0.009560513522526737,-0.03889198366401059,-0.014855025542588773,0.0,0.005588363907723215,-0.03148076906122599,-0.008949091733958636,0.00897994913952338,-0.005512164719551571,-0.02666674615004483,-0.008834319390429501,0.04482244093108417,-0.06821988262684348,-0.018547631926713604,-0.03852921884324412,-0.009119862153364577,-0.028896794772989176,-0.034529804667811526,-0.05637332916683957,0.0007509945854607958,-0.021091428326877326,-0.049615778244589515,-0.019674178165183354,-0.00239335777183175,0.004141803712986891,-0.019370274888984684,0.0032154949594794813,-0.010740880332745562,0.016499917264521546,-0.04472309010149267,-0.010400160097577937,-0.017478139730088604,0.016232548519278966,0.00589246763852197,-0.017017199386926585,0.016562432348249945,-0.0008061188708415323,0.005274129294649377,0.057726732210251985,0.009393221600914381,0.009946730543901217,-0.0007653064629776218,0.0,0.0027856055164186544,0.011376353483465218,0.0,-0.014951622280562904,0.008206033513942557,0.00215674189606585,0.0067340696243186615,0.01659259043570349,0.00048601377720031147,-0.027145881284243445,-0.0005329515797582451,0.010695786158212872,-0.0027069980323430887,-0.0016496741874798548,0.001326265358299994,0.0,-5.6324485276260106e-05,0.004156153494590642,-0.013774280855676002,-0.0006674758997726182,0.0017003052805379393,0.007682201577529857,-0.0001586021564770057,0.000396029911935214,0.0022300239513370346,0.010344932201467982,0.0058790111973014425,-0.006510510421359361,0.0019637449091817194,0.006367987154365484
-0.046861690042565796,-0.048863920978185926,-0.03227206269334526,-0.021248038310040795,-0.011490135266319146,-0.005125287058615757,0.005588363907723215,0.0,0.019172442569099946,-0.0036470052701670364,-0.04559215110552961,-0.028587358870544033,-0.008402229020010532,-0.002712258178021121,-0.017286278043398495,-0.04950169907147656,0.0002611963198326239,-0.05106212836337304,-0.016616157611703153,0.012677833171515385,-0.037347372539617785,-0.03450012122172019,-0.023109202948997487,-0.053577281106551966,-0.06450950381248172,-0.036201346079453134,-0.020408422494367473,-0.023549218939451277,-0.00019411614118597376,-0.03319561136245969,-0.007689809556156224,-0.014251563476605444,-0.030597745736766824,-0.013466492493278859,-0.00390756491541705,0.020060422943776357,0.01677737830710152,-0.03181269129382758,0.0007603024541749659,-0.0008445868180931848,-0.002862053341409987,-0.0008942581102255875,0.024723772531407284,0.012080520960416674,0.0,0.0008968733985986188,0.002485587619028007,0.011473464695696656,0.0,-0.0058313478698348575,-0.007588031406586315,-0.005246016009717802,-0.013841404397348656,0.031185168023428078,0.00048051553938571745,-0.028468510448230733,0.00026403959098542096,-0.0024247697596270767,0.003393716106704414,-0.01599232741845702,-0.01543429687464376,0.0,9.571527301660554e-05,0.00654447521604018,-0.01093859308648154,0.05103991228065968,0.00012928741870993354,-0.0014626480104611983,-5.551115123125783e-17,-0.02977155715068963,-0.026447017801938033,-0.015072982155807324,-0.009184085823191301,-0.008572637243873693,-0.013945968064665692,0.0008144019712986172
-0.0011031315869414193,-0.03401258580091654,-0.0412961412873013,0.002863209448277393,-0.03149535612257093,-0.030581595009388396,-0.03148076906122599,0.019172442569099946,0.0,0.00802542160096087,-0.027658322685479908,0.01007826820896357,-0.01884642929955238,0.01889110261938287,-0.003965632665866303,-0.038922399337618874,-0.008779015333039208,-0.0181362210721161,-0.048002115212421426,-0.006489172993687453,-0.021302753958267973,-0.024368687621777352,-0.015820666891718793,-0.008480507246301672,-0.014220039545863483,0.02472684624092808,-0.03745092211574175,-0.01872416584618447,-0.004533741686504722,-0.01550114096977473,-0.0046294700583257575,0.008580319275273418,-0.025086733626807356,0.0007551450996567954,0.006429226486636963,0.021035375133243606,0.01252937222316397,0.0037830640797784088,0.03469599997435463,0.0002594936194981745,0.05282126151721378,0.0874308731811716,0.025786523459107813,0.08955288756530538,-0.0018250499926828478,-5.551115123125783e-17,-0.04099910647720817,0.011006649899029664,-5.423767483359043e-06,-0.010321950807382407,0.017452613323113986,0.013680736014270667,0.02334238675633049,0.014083963596969395,-0.0029389521326431134,-0.009500588563621348,-0.001555012789267951,0.009076650228074024,-0.042106992606701144,-0.001737007022423298,0.001195744895098827,0.0,0.0,0.015159165063788227,0.003842205736086457,-0.00014943334410294495,-0.02250860001812105,0.021057493837334795,-0.00011146656596017213,0.00025341039072590554,0.00046655825084707114,0.016568738187767384,0.004710260852373027,-0.031315162363983406,-0.0002986525124603068,0.02054134411452513
-0.052853275956519064,-0.012083994996919978,-0.00611699316465153,-0.022065662603064168,0.0009692475718339755,0.011720098681237134,-0.008949091733958636,-0.0036470052701670364,0.00802542160096087,0.0,0.029191069744969822,0.006373460622230986,0.010163308640999624,-0.011348386011191147,0.00048396397620736886,-0.031444420174116416,-0.012513121193784893,-0.02836526248069432,-0.004316051002634269,0.0379185766579187,-0.12339612588472493,-0.01787418272167507,0.0003079827402664437,-0.013255792460517613,-0.008249928158267084,-0.050569928374004314,0.009450977437920671,0.013656804474416306,0.01503106903348933,0.0015748978510480849,-0.011123091582031008,0.009782719186300026,-0.003118284797557991,0.008420615575829737,0.013083399104805993,-0.010269268219958272,0.011428348921169507,-0.013163709461991302,-0.021903636232963597,-0.03137300136765292,-0.05107473668674645,-0.00852741344977953,0.13454375391794426,-0.0034471191780801602,-0.037518242508564836,-0.02011239797557912,-0.012950541715415098,0.03257148212652983,-3.079690313168015e-05,0.000477870212761633,0.006989811479957586,0.001774706010268745,0.029563783078275563,-0.0013850866218919622,-0.019107694462975222,0.03302893769035098,-0.027807992284522576,-0.004697022343735535,0.0,0.0006312724600368025,-0.029722468379055955,-0.00028985917128571126,0.019276971084711825,1.0123103444004133e-05,-0.00016447485059123412,0.0011776708214342735,-0.0008967964770314474,0.012568338938582002,-0.023021976520869458,0.009131808739099023,-0.009044664618537479,0.00532691130535945,-0.03619251534598872,-0.0006201382021051027,-5.551115123125783e-17,-0.036534508218202866
-0.0024890991313936683,9.82420816255658e-05,-0.06241643445788503,-0.013524699666375373,-0.018530896970814337,-0.03037049783180984,0.00897994913952338,-0.04559215110552961,-0.027658322685479908,0.029191069744969822,0.0,0.013407963119102917,0.02347544145715086,0.006510388738177608,0.0,6.928206419726246e-05,0.007364029039388764,0.0035394644680590837,-0.052365356827059284,-4.48829859173161e-05,-0.00021663563797064134,-0.00034461892939552374,-0.06263183310653378,0.0064772195673112876,0.012224738861419393,0.012169972842874799,-0.04081804942271555,0.02353524655758682,0.013057457832010566,0.00034341947539079376,0.02721938860356027,0.04265315131494224,-0.005831844631492777,0.02925229913329963,0.015515089589254072,-0.015535805250828705,0.02013275466417619,0.019669079557666946,0.0049395850871499225,0.0016196014825788918,-0.0012145369471290302,-0.002336459938860669,0.02319413008116139,0.0005633017845088073,-0.0008134031199519831,0.0,1.1102230246251565e-16,-0.11858435998205513,-1.0502464082851048e-06,-0.05611994442204399,-0.011645562779666385,-0.003310262547771614,0.020573483324576813,0.012603902055498606,-0.0017376075837898242,-0.1006445922552762,-0.003583256937587209,0.0012475947762760065,0.00053544234842412,5.551115123125783e-17,0.0,0.0,0.0,-0.1790859104685437,-0.0005705357649903875,0.0,-7.658045208663866e-05,0.02101194569042847,5.551115123125783e-17,0.0,-0.00015339169464329006,-0.007141650191156368,-0.017634313979030314,-0.0014413567459071186,0.0,0.0004789705511056286
-0.028614270576207412,-0.016963631411730185,7.409765772348198e-06,-0.007359444422669059,0.0021710359753920327,0.00941207129346966,-0.005512164719551571,-0.028587358870544033,0.01007826820896357,0.006373460622230986,0.013407963119102917,0.0,0.011214057318664483,0.0009216471539430504,-0.00028272095532494435,-0.02774188387492893,-0.011207775157830224,-0.029964586032592888,0.006801801706086519,0.004980648533963072,-0.08451046341028795,0.002045923230840685,-0.020406697629786086,-0.0037751444792611943,-0.01856458653913612,-0.04768208214652009,0.0058719287053854985,0.027627353988229686,0.0019060659396902824,-0.0016936246636392038,0.010733317823773403,0.0236254715647099,-0.004571124243166913,-0.003449804874199547,-0.02053204361455907,0.03767793522775653,-0.008627078857339265,0.001153923873451479,-0.02217020824048077,-0.014275020828337037,-0.044637578632276076,-0.008460650955183835,0.0009379415438742766,0.0002649188342659925,-0.03186558589301036,0.00591491878375644,0.0011830438488675266,-0.001071474532936545,-0.0006260619356217856,-0.00020501264476335823,0.0007177489425577721,-0.0012204450053325266,0.0002109129510308727,-0.000603975217799313,-0.014778211659088714,-0.0020784374757960022,-0.016210334015581085,-0.018397578859610852,0.00047670175424141537,0.0001440296207887437,0.0015747677101049518,-6.834532839883334e-05,0.01532086961205309,8.762479383728206e-05,0.0006544364982525308,0.0009020370607260575,0.0004988705338668797,8.718429577020403e-05,-0.014298691316825984,0.006155723462479223,-0.010085546798914269,-0.00225812566490341,-0.02324309800020241,-0.0023239703354998587,0.0,-0.030432584054980116
-0.04204822233207178,-0.06666035779647406,-0.022695702009871976,0.015239612690528648,-0.03252108138252724,-0.01252739438524697,-0.02666674615004483,-0.008402229020010532,-0.01884642929955238,0.010163308640999624,0.02347544145715086,0.011214057318664483,0.0,0.006402294918284812,-0.0018543602886991195,-0.06526066013143722,-0.007741427861978012,-0.03019639352658854,-0.004687297451672456,-0.03785047361232913,-0.0502331075109112,-0.05215332581540305,-0.012879047485200634,-0.0014610031810946,-0.022586665775186754,-0.012686473164872647,-0.015893961375586352,-0.035431238851644176,-0.01637848692827265,0.0007736995503674904,-0.00851223957649816,0.006630750708141231,-0.03659126973470339,-0.007136004485095382,-0.010335680112966872,0.011944552848641432,0.0038826241861735777,-0.002189409306205703,0.01921814643914449,-0.0016406167112719694,0.045166801770353926,0.06275985988797372,0.0013723971522232592,-0.006587180509048718,-0.003537213047851928,0.0005022224167630096,-0.02612428752183349,0.010418800565715092,0.0,-0.023965236410633473,0.00916990005237256,0.0028022328471188906,0.005555665618457883,0.01581099525690477,-0.008136054669503678,-0.02999177441718054,-0.0016390921391682967,0.007707369602586667,-0.0020403568518347903,-0.012499568345908596,0.0007451029804962372,-0.0004200229925931942,0.0020096504363973366,-0.019641857533625795,-0.012950683771909721,0.0024606040077138625,-0.02547752829757166,0.004068857882087329,0.0016217556607631134,-0.015297384510236323,-0.02450319385801708,-0.003242131808768922,-0.005311897086975381,-0.024635330852759874,-0.024128914859318784,0.01009237031906618
-0.004789894966140407,-0.0012519353560566104,-0.020114022856551783,0.015038406004128924,-0.01105319022974438,-0.015350755071212696,-0.008834319390429501,-0.002712258178021121,0.01889110261938287,-0.011348386011191147,0.006510388738177608,0.0009216471539430504,0.006402294918284812,0.0,0.0011497466111983212,-0.0006677252321906635,0.00014112262460230784,6.970907154557615e-05,-0.011241783516846848,-0.00012393134371985193,-0.00769375202619671,-0.0005011291595867218,-0.006348254368701456,-0.0010736157171156169,0.00020837804068485344,-0.028968130038413087,-0.03540205583830164,0.014037600179835241,0.0024209431298462536,-0.0007505883715895334,-0.007721158812394324,0.019112030186249795,0.001359495148181178,-0.001090227538955657,0.13184707328375023,0.05756619769055549,0.034878008597365284,-0.0012484255200791994,0.006380135658029029,0.0,0.0008245958858753011,0.0007996408792978471,0.006990762790443694,3.0231329802843376e-06,0.0,0.0,0.0,0.04260622284558241,0.0,-0.003579926202977868,-0.0007966895499507687,-0.00038647542683067915,-0.003683029560761275,0.011296921429443663,0.0,-0.04291442022585129,-5.853468063221623e-05,0.0019341601255718488,-0.001775879118964152,1.1102230246251565e-16,0.0,0.0,0.0,0.0005846444603812007,0.0,-1.1102230246251565e-16,0.0,0.0053291862388047395,0.0,0.0,5.551115123125783e-17,0.004192152656128045,-0.00025019366237699625,1.1102230246251565e-16,0.0,5.551115123125783e-17
-0.016066071322950792,-0.005318769769022014,0.0007684992459158213,0.0020869456113892237,-0.0007276245137921578,-0.019961591218196406,0.04482244093108417,-0.017286278043398495,-0.003965632665866303,0.00048396397620736886,0.0,-0.00028272095532494435,-0.0018543602886991195,0.0011497466111983212,0.0,-0.036613343663077835,0.002359109753351296,-0.040776967754802995,-1.1102230246251565e-16,-0.006743007384414745,0.013215282731324607,0.020987907052282706,-0.057885986705114245,0.002855878027576031,-0.01799420448347716,-0.0036531877023229242,-0.004618634328123428,-0.039049195452688756,-0.03736225716787206,-0.016220356667620672,-0.00034360606178801545,-0.019289235013556616,0.00770763379187317,-0.0025266540454754183,-0.008341234349830307,-0.006581441114007047,0.001711490745419153,0.00014492418992678724,-0.012950286983921422,0.0029757477044944913,-0.005238286092491495,-0.0018042605124976019,-0.0985963620303229,0.0008071846802118476,0.0,0.007412768299776495,0.01919202583992008,0.0007353597030785863,0.0,0.0,0.009404073258271084,0.0009994625847759009,0.001195314265178049,0.00024046299751195876,-5.551115123125783e-17,0.0,-0.00017862207955787746,-0.005700634926646575,1.7216224634131194e-05,-0.014058680396230483,-0.02137487886896472,-0.00021971588304314782,0.005037500231298897,0.0,0.008045870470834993,-0.009409484241570953,-0.0036679892600290365,-0.01743983896085166,7.149675212453355e-05,-0.020055216437180057,0.005337025685188124,-0.012902434823090003,-0.018325521984753346,-0.029918604202005872,0.0013383779729655987,-0.002237550425457313
-0.02786908136676458,-0.04236999335441799,-0.01699348262550482,0.0007023565561735667,-0.06670440708514891,-0.03717904718765358,-0.06821988262684348,-0.04950169907147656,-0.038922399337618874,-0.031444420174116416,6.928206419726246e-05,-0.02774188387492893,-0.06526066013143722,-0.0006677252321906635,-0.036613343663077835,0.0,-0.021489181197223484,-0.03166415328757782,-0.00018388538219671346,-0.03112927427093265,-0.049553552044681815,-0.0576229920252605,-0.04493266418490294,-0.0026707576707084013,-0.032780171792804125,-0.02808998139525032,-0.040258364475482034,-0.06872531403477894,-0.048427675194188446,-0.04863919244659015,-0.03733334700314278,-0.028834197034486253,-0.029396476414882633,-0.03636771375383896,-0.03048619001280728,-0.0011826317131181097,-0.0008442363040725431,-0.03685628363111093,-0.025822903180212797,-0.014506400822675958,-0.030424497844183662,-0.0001603121239260319,-2.2448643352268594e-05,0.0,0.0,-0.023220795515624393,-0.02784085442347639,0.0,0.0,0.0,-0.029976893153670803,0.0005989599601806117,0.001463195679029916,0.0,-0.020014881996305356,0.0,-0.028345175407807066,0.0025390222948323826,0.0,0.006806890161158929,-0.03270134723496343,-0.005368006762690225,-0.003797252409399321,0.0,-0.03437364681874394,0.002837412793281535,-0.033835556161623204,0.016782981807675956,-0.0030719217580734703,-0.011791621611585978,-0.030753901487564184,-0.017659387089086875,0.005704993291865468,-0.053903436464563304,-1.1102230246251565e-16,-0.01238685819943297
-0.035465369755205534,0.006610117949295002,-0.0019469847014276231,-0.0009996691064342866,0.001522849349226918,-0.00960859026820915,-0.018547631926713604,0.0002611963198326239,-0.008779015333039208,-0.012513121193784893,0.007364029039388764,-0.011207775157830224,-0.007741427861978012,0.00014112262460230784,0.002359109753351296,-0.021489181197223484,0.0,-0.026719695873687055,-0.002496872325790933,-0.01859030297674502,-0.0038331529052546,-0.026693095116679888,-0.012024728624354442,-0.01908118769467604,-0.0070911364471147875,-0.02821203477655937,0.0012227856241749935,-0.006237537091909995,-0.040341816064584535,0.0013460904255417905,-0.023160510390484446,-0.009591256001663773,-0.003694533999165972,-0.004986830612219051,0.018102792528770617,0.0023330489467718873,-0.0002920089901026768,-0.017998900594447698,0.004657931252405434,-0.01594112413776655,0.010884653952519252,0.0014080423085979787,-5.551115123125783e-17,0.0,-0.0005033678477031622,0.0032835306029021516,0.0012499075013116534,0.0,0.0,0.0,0.0,0.0,0.0,0.0,-0.0018189301024242321,0.0,-0.004545566443486138,-0.00018478582982817127,0.0,0.0005554923767274178,0.004029859631755006,-0.005904414768700905,0.010010147171654826,0.0,1.1102230246251565e-16,0.0,-0.0005082516921217084,0.0,-0.023829793718459225,0.007129636262238059,-0.013545014906019448,0.0,-0.0026080344402119593,-0.00013528828505138257,0.0,0.011116851264844851
-0.027896290813876512,-0.03090658505764904,-0.033835593299298694,5.141113525819474e-05,-0.001396319607850749,-0.03997689400708904,-0.03852921884324412,-0.05106212836337304,-0.0181362210721161,-0.02836526248069432,0.0035394644680590837,-0.029964586032592888,-0.03019639352658854,6.970907154557615e-05,-0.040776967754802995,-0.03166415328757782,-0.026719695873687055,0.0,-0.0005656347335624146,-0.03460793661492778,-0.04434335832222652,-0.04579586322302831,-0.04176862547783616,-0.033575917669813604,-0.030235631565831145,-0.038040367645549134,-0.04222593392431001,-0.027139598760449246,-0.05174469859615316,0.0012633352254084462,-0.02730462606485007,-0.021269222238752716,-0.008531446860119862,-0.016498661629113454,-0.0028372548655273833,-0.004019261245619243,-0.0006352512930860033,-0.03961288208275143,-0.04219474742233731,0.0037897931321066447,0.012535986981076441,0.0035913366029673433,0.0,0.0,0.0026550658348963863,-0.016568649438509164,-0.036360076511297246,0.0,0.0,0.0,-0.00046324039233364145,-0.0002750624675629254,-0.0006869130541575785,0.0,-0.003274539442781721,0.0,-0.011319165601616554,-0.0008036696157182055,0.0,6.940892107631935e-05,-0.027035105819006144,-0.003985997835192712,-0.00019047195817240015,0.0,0.0031248581036333323,0.005100971943144572,-0.04181563141290484,0.0029709412494375864,-0.009879204942927655,0.001976401088710722,-0.01268482830897738,0.0015351804111432,0.0025550885287289327,0.001243903427141868,0.0,0.022799757531723475
0.0,0.00140564781113528,-0.051169159507728074,-0.0022421191961802256,0.007740106378877898,-0.010361568476892125,-0.009119862153364577,-0.016616157611703153,-0.048002115212421426,-0.004316051002634269,-0.052365356827059284,0.006801801706086519,-0.004687297451672456,-0.011241783516846848,-1.1102230246251565e-16,-0.00018388538219671346,-0.002496872325790933,-0.0005656347335624146,0.0,0.0004948129878425411,-0.00045810486993402844,0.000929173628718305,-0.03211174348008311,-0.01345114810639314,-0.0005484411416353252,-0.000774470227301538,-0.027829938843936863,-0.012069684291772242,0.0017989320657578745,0.001731951245693919,0.003256915614421596,0.006819358010501653,0.001520724027347653,0.014186070736275924,0.0125094808560961,-0.031324736294040645,0.015627741513570603,0.0017286127507094018,0.02800980201363934,5.518389646180788e-05,-7.593687663592918e-05,-0.004163251751296948,0.05622997552492037,-0.0022643943338813144,-0.00015904987490772404,0.0,0.0,-0.21634798755113077,-5.551115123125783e-17,0.026789654521821638,0.01062798762923356,0.012957525702831263,0.028954263439847527,0.03159003479352129,-0.00010402388459923584,-0.202105910187708,-0.0007808660697235514,0.023181629308445806,0.028256652063945398,2.220446049250313e-16,0.0,0.0,0.0,0.03525692575982864,-0.00011645700046247764,0.0,8.102338964272038e-05,0.016507848915887857,0.0,0.0,-5.551115123125783e-17,0.00331410543969779,0.013969976126424033,-0.0009470159314580173,-0.00040149229333963365,0.001521188517104699
0.004330357094932846,-0.03794164723144655,-0.00039911304762069166,0.0012638091232690107,0.002278604627617198,-0.0027143162993626957,-0.028896794772989176,0.012677833171515385,-0.006489172993687453,0.0379185766579187,-4.48829859173161e-05,0.004980648533963072,-0.03785047361232913,-0.00012393134371985193,-0.006743007384414745,-0.03112927427093265,-0.01859030297674502,-0.03460793661492778,0.0004948129878425411,0.0,-0.022828484664672022,-0.03369342069557796,-0.01520323166973625,0.0071848524568046135,-0.04576428761766177,-0.029865418417327483,-0.014893703682581916,-0.03142529302578656,-0.02914911121409619,0.008413032462750158,0.000380460580543307,-0.032015537957220674,-0.04057780090706181,-0.009844365838089397,-0.014097187713782489,-0.006721553693234017,-0.03820341841084718,0.004080086663773574,-0.02405598161661715,-0.019094830865322987,-0.022214358014736035,-0.008199205000158583,-0.07708475984524038,-0.0025393605023333876,-0.0005458823050217831,-0.0030985911356161133,-0.0011321050391022713,-0.0017984350857241371,0.0,0.0,-0.010652967400415214,-0.015669835007971866,0.00915958319982113,-0.0012558256574396465,0.000516516589142868,1.1102230246251565e-16,-0.0009618720551590743,-0.008506349899124188,-1.1102230246251565e-16,-0.011905624848138896,-0.02844970560058696,3.571094674925668e-05,-0.033014960821313055,0.0,-0.021329715494526502,-0.015540831919796494,-0.01929497333129121,-0.014827655228818348,0.0,-0.015533423261244239,-0.006144368241350617,-0.02202099549187264,-0.019472888926633902,-0.023604380757908217,-0.005924800217021409,-0.012987017839053983
-0.05442549765750393,-0.025415769551189238,-0.025907715835518097,0.0012139375125328478,-0.0035457500991331603,-0.01186075580803736,-0.034529804667811526,-0.037347372539617785,-0.021302753958267973,-0.12339612588472493,-0.00021663563797064134,-0.08451046341028795,-0.0502331075109112,-0.00769375202619671,0.013215282731324607,-0.049553552044681815,-0.0038331529052546,-0.04434335832222652,-0.00045810486993402844,-0.022828484664672022,0.0,-0.02477472732371122,-0.019847366893787688,-0.06760458463299512,-0.04684017183819117,0.000986956511624948,-0.026939061826583288,-0.05596852135262126,-0.047161611389855584,-0.013093716501923647,-0.040376432969435494,-0.03656567434202962,-0.016982628905273578,-0.034394595264254424,-0.022712575137923408,0.0006513197938041726,-0.0014725302096442738,-0.000623121275694638,-0.004168181855987885,-0.007973772184652728,0.01444984046406167,0.02732397416598742,0.0013947338017401556,0.0,0.0,0.00895513718421781,0.001627149204393219,0.00110388745428458,0.0,0.0,-0.0069632397787781075,-0.001008771114925866,0.027235331884757408,-0.0027817334578680297,-0.00024572912627812693,0.0,0.0014722744084674222,0.0033127751473477907,5.551115123125783e-17,-0.004615156299152379,-0.019176215317944945,0.0,-0.022304872651706775,0.0,0.004770141230492353,0.02996837418958348,-0.009083747896134753,-0.029656452361479346,0.001400852195805824,-0.01709839740839142,-0.013442288198670549,-0.013856444733495121,-0.03232851894759797,-0.026630263374370633,-0.0018181797323379434,0.03276792826125691
-0.03639298257523932,-0.023784027284740827,-0.028508533634294397,0.0005390402473209877,-0.04789115508916897,-0.02225079395839985,-0.05637332916683957,-0.03450012122172019,-0.024368687621777352,-0.01787418272167507,-0.00034461892939552374,0.002045923230840685,-0.05215332581540305,-0.0005011291595867218,0.020987907052282706,-0.0576229920252605,-0.026693095116679888,-0.04579586322302831,0.000929173628718305,-0.03369342069557796,-0.02477472732371122,0.0,-0.05821264952886368,-0.025507534450149805,-0.040823964498738985,-0.006510134063950013,-0.011841436354705692,-0.049998762536761665,-0.034121839539386634,-0.011278260824843456,0.011908128760819758,-0.01582868952385602,-0.02690286762405597,-0.003934034989111157,-0.0023054019709026208,0.009649507933137569,-0.016780003457767423,0.0032789043869401735,-0.014046589475994575,-0.02788256253794613,-0.01415198371078591,-0.0027754301743280196,-0.0021945114548455047,-0.0002491226024206594,-0.000351121119964215,-0.01782259077867926,-0.020551795027609343,0.0010922765482371255,-9.466990854356538e-06,-0.0001517798607951204,-0.019334599687719334,0.030659531943425522,0.002920933096150269,0.0024447263964004207,-0.023369837461421517,0.0,-1.1363864627744746e-05,-0.00869537722331376,0.0,-0.004900671379613364,-0.0408272975827344,-0.0004029442194839472,-0.015850559341431647,0.0,-0.015364644326949506,-0.01978749971621807,-0.017392433880254965,-0.015555917530671148,0.0008944712521622433,-0.01714647292816851,-0.029508815248046383,-0.00873289816923939,0.007262170463024409,-0.020269524680422146,0.0008979553464651402,-0.01380842947348182
-0.029446077657629133,-0.026276831485076257,-0.02799865235658755,-0.022414813713738657,-0.010856716757799423,-0.019611829514204426,0.0007509945854607958,-0.023109202948997487,-0.015820666891718793,0.0003079827402664437,-0.06263183310653378,-0.020406697629786086,-0.012879047485200634,-0.006348254368701456,-0.057885986705114245,-0.04493266418490294,-0.012024728624354442,-0.04176862547783616,-0.03211174348008311,-0.01520323166973625,-0.019847366893787688,-0.05821264952886368,0.0,-0.03996880878129688,-0.043503841417413536,-0.01605166887298115,-0.02848962462866428,-0.031169718103220334,-0.022712456206038845,-0.038378780012644276,-0.024345457970975093,-0.026829302415899425,-0.009627620832907302,-0.028031032939817235,-0.015243894391714363,-0.013114715812132471,-0.007931493720613358,0.0005273328864298654,-0.007683450751568288,0.004346896010002987,-0.011568324749937242,-0.006107467470750638,0.014764238396409335,0.005131223800725893,-0.001213566515829434,-1.809921786144475e-05,-0.019141650736562654,0.027741006625472964,-0.04128605909965277,-0.0018513942187671217,-0.0006465423402628456,0.0030348118204114316,-0.002998172903861507,0.02411172290335062,-0.005498866406618674,0.028128776904479347,-0.0019821162218365274,-0.0009628071420226814,0.023431537137680092,-0.012873280530551867,-0.02887603742376532,-8.68708273695229e-05,-0.05634962563826107,0.04824153101901274,-0.0182882547726525,-0.005524015991400455,-0.01084870066622251,-0.024476716988408975,-0.0009543279956808481,-0.023549524132536248,-0.03317098400851942,-0.012731222931442132,-0.012499827495996318,-0.029278754543549,-0.01847048784583194,-0.005273234822251949
-0.0610539590063916,0.021317403241306265,-0.0007057965799848187,-0.004018605955431465,0.003175964045505353,-0.053946151613293636,-0.021091428326877326,-0.053577281106551966,-0.008480507246301672,-0.013255792460517613,0.0064772195673112876,-0.0037751444792611943,-0.0014610031810946,-0.0010736157171156169,0.002855878027576031,-0.0026707576707084013,-0.01908118769467604,-0.033575917669813604,-0.01345114810639314,0.0071848524568046135,-0.06760458463299512,-0.025507534450149805,-0.03996880878129688,0.0,-0.022517656817365728,-0.019306484203129914,-0.027308667822046162,-0.0035552747113426486,0.0011925489472682793,0.0004186751788153309,-0.022022034543405344,0.00926262065530048,-0.025006935390028434,-0.044423440960041416,-0.05419736130443159,-0.016748881549205175,-0.00017417122983132138,-0.019479569601210556,0.01378698487871155,-0.029688304237658614,0.0015579141379473138,0.010397604931440041,0.001601104517528762,-0.0006944117087476775,-0.002562167604012955,-0.03419256383718611,0.0013453824612632004,0.0,-5.551115123125783e-17,0.0003431238531808045,0.0005820061382749708,0.00017955129078384147,-1.6653345369377348e-16,-0.0009769005794893482,-0.010061678500297266,-0.00036747744352561007,-0.02272038079610661,0.0011045519647873703,0.0,0.0013757596739277234,-0.020555096988042587,-0.0010423309307923678,0.01556057658453347,-4.1813958333580814e-05,0.001119815860751605,0.0019462402740911267,0.00041370522155820266,0.000903418255732924,-0.030378871825376685,0.004458472332503849,-0.0167700175733409,0.0016913130875690352,0.004233298454299261,-0.0011495795978691548,0.0,-0.05745443798383293
-0.022110320373231962,-0.026274142170966353,-9.745595543514396e-05,0.0003894204752843411,-0.04062558564777946,-0.029627717236133055,-0.049615778244589515,-0.06450950381248172,-0.014220039545863483,-0.008249928158267084,0.012224738861419393,-0.01856458653913612,-0.022586665775186754,0.00020837804068485344,-0.01799420448347716,-0.032780171792804125,-0.0070911364471147875,-0.030235631565831145,-0.0005484411416353252,-0.04576428761766177,-0.04684017183819117,-0.040823964498738985,-0.043503841417413536,-0.022517656817365728,0.0,-0.013312184190717002,-0.020897724781452576,-0.013175570956805327,-0.05046482473157854,0.0004807756462818502,-0.01648138069873989,-0.006998472064860539,0.003689787299231917,-0.008080309815651221,0.015767695033537088,0.0031015864590826503,0.00027815252972146487,-0.016086776931839464,-0.021712012448636075,0.0064458617993612966,-0.0038669296089736127,0.005045200858952048,-0.001091561741232483,-5.551115123125783e-17,0.0046984107525722685,-0.00934247623865081,-0.015924341127562136,5.551115123125783e-17,0.0,2.220446049250313e-16,-0.03572046896411896,0.0007068726043195084,0.0017302888112470383,0.00027847758585802795,-0.0030131101630466173,2.0412745297015977e-05,-0.012429611684924458,-0.02512269825333696,0.0,0.004391463471145385,-0.014063220966443857,-0.0023326080423258233,0.0009372504573728624,0.0,-0.017243954153619956,0.009329409660958743,-0.015433647648598725,-0.01624009606160287,-0.007729939989194634,-0.00034929443554043704,-0.007820725051630839,-0.030300254113824143,0.0013712929439836374,-0.025052358545026854,0.0,0.0015346737048189119
-0.01331860124632378,0.011653369160680604,0.0016611976089178637,0.0029907674554259245,-0.025817011978565285,-0.011849073831458501,-0.019674178165183354,-0.036201346079453134,0.02472684624092808,-0.050569928374004314,0.012169972842874799,-0.04768208214652009,-0.012686473164872647,-0.028968130038413087,-0.0036531877023229242,-0.02808998139525032,-0.02821203477655937,-0.038040367645549134,-0.000774470227301538,-0.029865418417327483,0.000986956511624948,-0.006510134063950013,-0.01605166887298115,-0.019306484203129914,-0.013312184190717002,0.0,-0.004318305587735216,-0.008621197848551587,-0.02482304479129882,0.0010581418559715838,-0.004419539678692519,-0.013218954456934662,-0.003304018956904964,-0.005844564104654892,0.006129468138777738,0.016586148826276736,-0.03244530301963322,-0.012039817235495187,0.007779367183436137,0.004176279939878735,-0.0010463807984457674,0.0042956484207119505,-0.001688376259499469,0.00010066251198503906,0.008153327836379565,0.0067418000479381734,0.008467385235859326,0.0025042365486092066,0.0,-3.093273497833948e-05,-0.029853656667785722,-9.876243159079312e-05,-0.0010464608221413818,0.0003655653877336351,-0.008993404097152657,0.0,-0.01644084848225813,0.00371009903944991,0.0,0.0009034677727214335,-0.013042093787408504,-0.0004776135640003343,0.004068205756748433,0.0,0.004623924432954951,0.010325233375587828,-0.01658873113269399,-0.02852922039627609,-0.018079169438085185,-0.0003160344485981237,-0.015164384799932262,-0.022068019307276254,0.0068748005040291105,-0.02677696457324996,-9.565476568340614e-05,-0.0007293091770033677
