0.0,0.6923227513261088,0.38714425479323206,0.0,0.36318907828079405,0.5178120311170848,0.42485225430123014,0.49523397844084993,0.4283191334340578,0.2861422931035161,0.11143484085569938,0.41653249757592975,0.5682237998686304,0.4134212493531342,0.4782089031537029,0.7643281388908161,0.3676538612041419,0.49231918464564295,0.0,0.7024589764771367,0.3297830212158569,0.5702676709060869,0.454254012114286,0.35867494356799634,0.33354070985937545,0.5349016693002577,0.5496298243980955,0.5080167667815363,0.558809272833704,-0.29633133631306086,0.5503973565825608,0.5960956276138261,0.24860180666072706,0.43414485127623514,0.5742002273710516,0.6055580239658866,0.43170591906132605,0.34729393397159164,0.4109523436594027,0.3155528352515786,0.327195990361008,0.46308640626298025,0.46303116750186113,0.0,0.4424676269507152,0.5623182324096285,0.3953348205993763,0.0,0.0,0.0,0.14692846886991817,0.0,0.9688766805110494,0.0,-0.1148118436541789,0.0,0.5586346454511543,0.7295053508082281,0.0,0.05021456887619524,0.41327713774328556,0.2781539563605022,0.31796522302496766,0.0,0.47718047645712547,0.5925161989121801,0.4348779862480986,0.0537755483315871,0.6896708561383442,0.4705112536370292,0.48026705219141397,0.10614807024812056,0.4157792340540817,0.3153039601170859,0.0,0.3214894891037299
0.6923227513261088,0.0,0.5701296305233645,0.34877657245891547,0.5520457735543731,0.621526228544352,0.6326182307274626,0.518511768812307,0.4605565989230226,0.3804820249433841,0.31595456478086714,0.4389888892033733,0.6936118854194447,0.5650662261993491,0.7426598796494228,0.8347996365842381,0.590651590965284,0.759697224911916,0.6056008550098853,0.7432585896908543,0.5828204063010849,0.7579077460594439,0.6194341266901742,0.6496180390009996,0.5651673028916223,0.49120534255461334,0.6707682500809642,0.6315229739283991,0.5577959725003308,0.8722906171647625,0.8437922006273314,0.6750219164810223,0.45892729146522754,0.6933129019485376,0.7831862348804302,0.8209757935661887,0.2140213698668561,0.0,0.5979977895123889,0.7200943476107162,0.5583708292809321,0.7442150958629903,0.6403561066164289,0.0,0.0,0.6429065140575381,0.6194957124309513,-0.025076050003921227,0.0,0.0,0.6317713051197632,0.6299879866368603,0.6540983704549039,0.5516053066464542,0.5918909407190605,0.0,0.4376473929694568,0.6519727914615149,0.0,0.49418899147008355,0.5913012105403221,0.602667507031475,0.4906644536973029,0.0,0.6851017752939682,0.5798385892097292,0.7376278008232089,0.5310645780161595,0.4552349788251067,0.5082848289436334,0.5692531334493482,0.6302853568525014,0.74455626347077,0.7464564813868828,0.0,0.7299743139003931
0.38714425479323206,0.5701296305233645,0.0,0.605615265143558,0.23232562159443074,0.5694831571395316,0.48398557569577044,0.5590477773949257,0.4636218360839456,0.5496690647293092,0.28896288291030486,0.6649918100683376,0.5354581552857614,0.4090271826842956,0.3497727174034211,0.41928469622616027,0.676815713425823,0.5402973303268566,0.5536034471164646,0.3832263242529912,0.4401246546510029,0.5419154263243227,0.5644175019119021,0.411598718881682,0.47995747909122977,0.27927771419976855,0.5017604376680176,0.5507929423288165,0.5553609400083024,0.5056087684479622,0.571530901770687,0.5023337268575507,0.5148900257694202,0.5441484962885322,0.5088588934802791,0.4665951011933746,0.5631689289125554,0.5800046255291635,0.6834489367491303,0.4970570119487412,0.5772841243125635,0.5390379954823535,0.597957465091895,0.6806489288697597,0.0,0.0,0.18855234333069784,0.7053275848727487,0.4785127764486299,0.6319414108198972,0.4875949284064529,0.6238084089750557,0.612156692998333,0.7645076073232695,0.35528500423126397,0.79242739038258,0.5023863179455814,0.5957713906073369,0.5313810091214985,0.2855559540949658,0.0,0.0,0.0,0.6501402181257625,0.6950714303494441,0.45692307817343014,0.15570264199777434,0.6113989642537863,0.0,0.6212715081775246,0.37762909456644617,0.5787142229373152,0.5434336772065167,0.6406988647037107,0.6887238060640131,0.5114890185772235
0.0,0.34877657245891547,0.605615265143558,0.0,0.5385645930322616,0.6405388452301766,0.6076258829806391,0.6006847158081414,0.5054951060875326,0.5440212457703497,0.5097000083483253,0.2634664390374236,0.5757248083363985,0.7553059041897832,1.0172364012699857,0.014818712986947542,0.5928640186429301,0.4635912340520091,0.47228196385374077,1.2289791156701177,0.3667791983679102,1.0055379179726014,0.803109220624167,0.24369584247133141,0.8533406308783915,1.0722054334460838,0.9578913857022286,0.74160133077394,0.48923445242645713,0.47584073061195553,1.192408406538052,0.6564031416391448,0.789668061183724,0.6842727506479559,0.7594578169555763,0.3655723870026736,0.6694827891636446,0.43272163762337623,0.1912418631244241,0.31427829764768456,0.3852976360731305,0.3082444433942171,0.2576867902206205,0.24412822872261353,0.0,0.0,0.0,0.4450904568552594,0.0,0.0,0.5797801520115049,0.0,0.4644613993279709,0.02209324779784773,0.0,0.19791262771928844,0.526072671937424,0.48621712576377096,0.0,0.0,0.0,0.0,0.0,0.0,0.0,0.0,0.4863318489359738,0.6445328863236822,0.0,0.0,0.0,0.5198976289924124,0.5139172782577508,0.6357605382038576,0.0,0.0
0.36318907828079405,0.5520457735543731,0.23232562159443074,0.5385645930322616,0.0,0.2888856480742095,0.5301601716882027,0.3191346214666687,0.17099417544982845,0.5650501245007155,0.15014088015770227,0.5671712401185296,0.7729989040497338,0.34268979381769626,0.5283766063694235,0.6595907323339081,0.45611577770194106,0.49407128701438163,0.14953310700769393,0.592901353550821,0.24484755785904083,0.6296978350049667,0.373510624061534,0.4605429440338204,0.6287401506557089,0.5042618738230926,0.3200426737640544,0.6791709207327852,0.8296439328983141,0.4345935354548399,0.5368913606208503,0.4379816001933886,0.29495674174321984,0.5275236372299742,0.40379323781149,0.4073837246442966,0.5833069257672545,0.4783636118449204,0.4844492579201188,0.6450485968028501,0.536861105781651,0.3970583976535552,0.5022315663827202,0.5965786311296386,0.2818213276901764,0.0,0.43858364865910726,0.5172158112607492,0.0,0.7116399170465638,0.5135222695109953,0.661029648164503,0.3359213245535768,0.46012732241609877,0.0,0.3991022155194263,0.3664171062783873,0.5988958419399399,0.5213286994365915,0.237256357866737,0.511906074864087,0.0,0.0,0.5311734690809149,0.31070322862299216,0.43582379830139095,0.3296711219719669,0.5765157483310915,0.0,0.49862578296100707,0.5173807891156958,0.4350665505327079,0.5662380728134904,0.5078829945110446,0.0,0.5467642138551613
0.5178120311170848,0.621526228544352,0.5694831571395316,0.6405388452301766,0.2888856480742095,0.0,0.6083598746478975,0.49417592582980807,0.4858185557119228,0.6811776619899315,0.29041707224158325,0.6438884946639489,0.6128769889015708,0.2867627561175099,0.7696757852044929,0.6132465891105903,0.5963745966230125,0.6390356778836952,0.5141741091061713,0.6163383568682533,0.5060277851803054,0.5746023884017295,0.43014148516869094,0.47663799155550723,0.5776437527263751,0.7562813178594459,0.6505077097775147,0.6515261936529756,0.49169744700670404,0.7102846694811918,0.6286316216121537,0.6315066225775112,0.7412759053018323,0.7197669939835208,0.8041811763988002,0.38977416797874553,0.6416553726732657,0.4943489211984997,0.669864041195356,0.343290831425314,0.5850980564308124,0.6139532448193652,0.7851252774193502,0.6121250719568334,0.22304966876338184,0.6044571343600591,0.6908541360881316,0.4882502850467234,0.5975094348621772,0.4170195323768987,0.5875674381237928,0.601898178457483,0.6703905678561026,0.5515032832367484,0.7090075650412682,0.5993183563329418,0.3554623097156615,0.572283049762056,0.585064379979225,0.6600074329967192,0.5772225778326283,0.0,0.5245679954519962,0.4644428910098715,0.5113060466244376,0.5250191643780431,0.6652113489625836,0.5459398896588301,0.5780777982214508,0.47922953710742056,0.6621732431217366,0.5991273398022925,0.5263062926313944,0.6882869572118455,0.5213890530884611,0.5624587646814901
0.42485225430123014,0.6326182307274626,0.48398557569577044,0.6076258829806391,0.5301601716882027,0.6083598746478975,0.0,0.5783020742889993,0.5593242490552308,0.44023109309061426,0.43727864262270666,0.6643653385978652,0.6042263586232521,0.38543472373784954,0.8574439601018344,0.6054750686219026,0.46522869816151935,0.6051319321528648,0.3187763162567806,0.6957790690758973,0.5450436732905074,0.6810478743823214,0.5148615558726947,0.6117028674764616,0.5929481643868963,0.7365686861067676,0.5202532314995418,0.42931766503279656,0.8168158050159018,0.45417103925866814,0.687044686140001,0.6045141846742027,0.5564856185906724,0.42746987560701893,0.5308541741811563,0.6964447170452805,0.506891482143544,0.7240434033662716,0.6922878195665674,0.4630821613906806,0.523608976693418,0.4917985827468575,0.5618598659947653,0.8585279301432391,0.3577152382692824,0.0,0.71194186187736,0.44885013596307877,0.0,0.5685771393423469,0.5778917285744292,0.669305420998068,0.6166263233509846,0.6023825590133258,0.5783581280914284,0.5303269315350898,0.4268852385958933,0.49946351717543946,0.3358567229038151,0.35384821193837346,0.5971831662123305,0.0,0.5441216982661707,0.5680656932580881,0.6080505592515837,0.5032556880295675,0.8321707403296248,0.5984306877397245,0.4690346292512342,0.5953852470634458,0.8120487522813549,0.5305097435832079,0.5201826114687921,0.4695402916067009,0.747950963544934,0.42765527213513416
0.49523397844084993,0.518511768812307,0.5590477773949257,0.6006847158081414,0.3191346214666687,0.49417592582980807,0.5783020742889993,0.0,0.47836018645778056,0.5233815497590188,0.4950410270542712,0.5882160327139024,0.6848739730459623,0.5659190747640566,0.43488854331620524,0.6597118905213541,0.47571091460048065,0.4981806834585727,0.49984642466966983,0.713403618491958,0.6304195861710014,0.6281368947760722,0.5123204862688773,0.28501155559405067,0.44931449300696974,0.4602288322669825,0.4071649315739728,0.6825478330761889,0.6491027099576406,0.7159415027909659,0.703069307740492,0.7786687705304909,0.5929141292745068,0.7617182296634839,0.7466932410167526,0.5018621736350809,0.7472426875195814,0.5764978057341184,0.7136674105093042,0.46243469044827956,0.473016518049398,0.6210364766962329,0.4516848903891673,0.48653718643173804,0.0,0.5853335997936095,0.34740314888171575,0.605883092664,0.0,0.646130944288132,0.6423696324143036,0.6282831796869064,0.6642515834259788,0.47908995508184044,0.7960884697662984,0.5127422738714131,0.9471044712528269,0.5186210378989246,0.6562103642664542,1.0336025502594581,0.38513298826041176,0.0,0.7168065050322849,0.6571086044921947,0.9530534427520563,0.8899038758206836,0.38289208094451943,0.5806585311247131,0.0,0.13123847397052663,0.3499037280248476,0.5643251141205231,0.5680512177028266,0.7327652313804154,0.43429499935312976,0.4338484543946245
0.4283191334340578,0.4605565989230226,0.4636218360839456,0.5054951060875326,0.17099417544982845,0.4858185557119228,0.5593242490552308,0.47836018645778056,0.0,0.4601104999611784,0.14699612534500314,0.4140156229187768,0.5825369332988852,0.3331294275984069,0.626730526169518,0.4393247773686071,0.1881359981135426,0.5274163759489352,0.17034889929346306,0.5111681308099983,0.31919220362733286,0.4739619282680356,0.46112588670021193,0.39613814032411776,0.6613072831912442,0.6066452281934003,0.43985118020227093,0.4703318171664761,0.5950757046969989,0.5096380084376494,0.4846728294443073,0.4519437610253433,0.4407309199877343,0.46597666010128,0.42382306466898123,0.4147349055063694,0.3884924831785005,0.4446269554581766,0.5820118817531471,0.5686972102720893,0.4579318410989533,0.3057612906158086,0.6486104515971888,0.4217342519586158,0.3044638157433157,0.0,0.5039222049396802,0.6471990214346399,0.4827344403923075,0.6268847338879129,0.5282845100018201,0.5867971984042216,0.5605916343125119,0.5131582072443956,0.2425324373162021,0.5329709895703416,0.502831661674612,0.44321003736480596,0.6232692192929727,0.419741767280847,0.6744567206345821,0.0,0.0,0.5668426263924609,0.6109968822687029,0.6524426027288284,0.7418156742663333,0.5225535039193028,0.33490359496399935,0.5660023687394915,0.2647425324599766,0.4639838639459306,0.4505712566295732,0.5712730567756652,0.4842513943051064,0.529721706352202
0.2861422931035161,0.3804820249433841,0.5496690647293092,0.5440212457703497,0.5650501245007155,0.6811776619899315,0.44023109309061426,0.5233815497590188,0.4601104999611784,0.0,0.4250786320735488,0.5714613612272448,0.6173124628742656,0.7347153401382955,1.0929692543895735,0.4773331277620243,0.5142839553142879,0.35399474316350366,0.16852599939579893,1.0972373926187697,0.5331142067204659,0.4652396486015622,0.49910727360320345,0.3509523475231789,0.594191667930511,0.347215807519076,0.5254400577631503,0.5868239133777808,0.7432541266119406,0.2521706742034251,0.5195328671383197,0.36361910865058455,0.2620055576121636,0.2869432729594534,0.7436934612896118,0.3820179132675675,0.48987732532175066,0.35228282421728674,0.31245499815462235,0.08254818437823022,0.4012670329075452,0.38091173034346804,0.36476430800380066,0.37327383538444603,0.39936241221556423,0.31992635343072856,0.46994886286894944,0.18164095496132193,0.4771570940095696,0.42129693012537595,0.5349921193164217,0.47227992563779736,0.5660819490766875,0.24744506850480028,0.2540287591697432,0.43274804005533996,0.2230313125767875,0.410829916853379,0.0,0.8738713679823444,0.5525686532456342,0.45647005497145615,0.5152870823118804,0.47777143237466435,0.48406795487531484,0.5403606992389375,0.36506662320674,0.6894653144273843,0.08651863978389163,0.36746101531507064,0.21974344539606697,0.6481524758940405,0.47591394986577285,0.44092257746270797,0.0,0.42498529950190433
0.11143484085569938,0.31595456478086714,0.28896288291030486,0.5097000083483253,0.15014088015770227,0.29041707224158325,0.43727864262270666,0.4950410270542712,0.14699612534500314,0.4250786320735488,0.0,0.3495568244112051,0.3912890854922717,0.38668617154662405,0.0,0.5080028579888247,0.23018600458011385,0.29383529649381335,0.19538822614389098,0.5100457922834642,0.6175296533583534,0.38690833760005305,0.5518549595858638,0.37391069283106343,0.3716066955849082,0.2747256441259101,0.23435159587625898,0.35469760054613,0.3949595183276538,0.5298770370047783,0.3136991991311696,0.4929775685280722,0.21654554970561685,0.3927386781111938,0.3072721878813786,0.5107364246224234,0.4705567785806374,0.37387636791932144,0.6897534330046329,0.48625014480040063,0.5283606233046084,0.49861457555413224,0.56398487606618,0.5780818711141906,0.2122969201598768,0.0,0.0,0.30755849080908537,0.475258762613348,0.4927456448933524,0.5162274638800373,0.5901724689381118,0.5683494744939039,0.6058628148485294,0.5356307269289424,0.3344480435033327,0.44993696062739597,0.4906668481272375,0.4055799763538487,0.0,0.0,0.0,0.0,0.26850353471395344,0.4102078203944475,0.0,0.7400094477473727,0.4805094437709307,0.0,0.0,1.002245638775333,0.5764457303597426,0.38273833296143667,0.3845538476138949,0.0,0.2808956777447462
0.41653249757592975,0.4389888892033733,0.6649918100683376,0.2634664390374236,0.5671712401185296,0.6438884946639489,0.6643653385978652,0.5882160327139024,0.4140156229187768,0.5714613612272448,0.3495568244112051,0.0,0.5717515044593164,0.6186318560205923,0.3787212769926554,0.6113849474216428,0.47562998555633024,0.5655083340719709,0.5470246658736504,0.5022158534654917,0.456468439199634,0.4200476947804356,0.3443031549518963,0.5295786431985794,0.5157187082101993,0.5444313274590418,0.5626558117973721,0.6343089785206757,0.6077567582786503,0.29675384909305036,0.3423267897837059,0.4024040604694515,0.4566187920757845,0.4727350657184298,0.8282782803762205,0.4425848980000373,0.5292674067740626,0.3089499368471764,0.5202183353336907,0.20688303612902537,0.504821329458413,0.22394518198387414,0.4224868868694426,0.4384978244987834,0.4765114436521768,0.2219941581850704,0.539280920095792,0.312246583968701,0.19250316545546708,0.2578319076532242,0.33057157042072616,0.4984598455513958,0.2430209479340865,0.4320901982813539,0.27213574228976556,0.26942978884973745,0.3647087136717091,0.5596862806016949,0.7111079852840518,0.6296818677637244,0.5418046650296227,0.34946592973646856,0.4789365489502224,0.3508076345808365,0.7478033751904842,0.739809416737474,0.40392896090048835,0.45941934214135693,0.17190456801826814,0.31152893603887366,0.22270893929118346,0.32988959208833435,0.6605957183374197,0.5524871974613587,0.0,0.5339448544748455
0.5682237998686304,0.6936118854194447,0.5354581552857614,0.5757248083363985,0.7729989040497338,0.6128769889015708,0.6042263586232521,0.6848739730459623,0.5825369332988852,0.6173124628742656,0.3912890854922717,0.5717515044593164,0.0,0.4880538118496952,0.9124126037953437,0.6740278545468574,0.5296450728355433,0.6913930179896633,0.37989683611747804,0.8417611976021966,0.6515302300244306,0.7004587282457934,0.5917618165713466,0.4499844520158614,0.7623932758313254,0.7437821401762523,0.6131819430290792,0.5603134678479817,0.7017597198905954,0.29894429347893897,0.5450877458430462,0.6363839114173693,0.4904948059258548,0.4347976080093605,0.40517212771628014,0.6129409499789051,0.4500104457154457,0.6202362913155973,0.6426587707172484,0.5149735285351902,0.773561501877532,0.8163750103350972,0.6870702423461175,0.38265399910842124,0.48576229681485306,0.6507075105209443,0.7900050886799843,0.637681870058994,0.0,0.6945600562932531,0.6413825099594472,0.6394246060974307,0.745323753623411,0.7004551694440543,0.557648678966304,0.7568335701289157,0.53045671118366,0.6278293838041291,0.4158409912552308,0.5959370881330599,0.5586185001618622,0.40600618586076465,0.5468897273478839,0.6239361033021086,0.531813487335928,0.7103357823313181,0.7233170446739416,0.696960146110895,0.49766428018748277,0.5311754680373555,0.722327546642926,0.7002406939286341,0.65788694855478,0.6062200922314338,0.5892295315797687,0.5670246569418571
0.4134212493531342,0.5650662261993491,0.4090271826842956,0.7553059041897832,0.34268979381769626,0.2867627561175099,0.38543472373784954,0.5659190747640566,0.3331294275984069,0.7347153401382955,0.38668617154662405,0.6186318560205923,0.4880538118496952,0.0,0.5092218049367728,0.6295733674343881,0.49103188742943693,0.4489469358571483,0.37964656648088924,0.3680990175684397,0.49269411106609656,0.308251327456717,0.3541509382645378,0.2683744952544892,0.5031655505216168,0.32623850635795837,0.40435843529643745,0.6245914340909727,0.3699562175058506,0.8661594161217825,0.7282774215875851,0.48954862958024714,0.21156003232655662,0.6783728113967821,0.4055818255247221,0.2740444785064894,0.20247509807602287,0.40239570778902656,0.7138925850243987,0.0,0.7015303267476997,0.8303478400906938,0.6072666722339431,0.4777627206807378,0.0,0.0,0.0,0.5193084253296381,0.0,0.5642284889301772,0.4698670446504738,0.4581837711413651,0.6631293586685081,0.4543889630396855,0.0,0.40642133184915097,0.395392646624246,0.7751268907728078,0.5092967395064513,0.0,0.0,0.0,0.0,0.4810413230896178,0.0,0.0,0.0,0.38897173012653596,0.0,0.0,0.0,0.4979909822153904,0.785924749525372,0.0,0.0,0.0
0.4782089031537029,0.7426598796494228,0.3497727174034211,1.0172364012699857,0.5283766063694235,0.7696757852044929,0.8574439601018344,0.43488854331620524,0.626730526169518,1.0929692543895735,0.0,0.3787212769926554,0.9124126037953437,0.5092218049367728,0.0,0.7573001253881806,0.47586052735126105,0.3067591457000928,0.0,0.6965544702082611,0.7052923223464396,0.867963240848526,0.5962241786731286,0.4385810447720209,0.31147673292358585,0.4481886406743577,0.6051869938463933,0.6350292337876107,0.5141442972597192,0.6836651629540672,0.9506344703248926,0.73736569105904,0.6592343473647568,0.8458149267156007,0.9751330691393681,0.9508001916797183,0.9733369285390694,0.36833583153111926,0.5346298563227148,0.25873103815387777,0.6720498140953823,0.6706010636720445,0.5214754090438725,0.6057494749267673,0.0,0.6153548478275885,0.6761245645550289,0.4556894878830846,0.0,0.0,0.541135116220214,0.6921564410380665,0.5402563379021064,0.5412617014912491,0.0,0.0,0.6858081286528803,0.37858669527624245,0.47388504423473066,0.3105275311369831,0.6183887369906429,0.6331299605457612,0.7683509444800904,0.0,0.8076478402383633,0.6716897654553917,0.730765220219574,0.7189199692103442,0.45595787319819003,0.5861616967073198,0.6326826561519716,0.5819492361314389,0.43808866919149536,0.4098114125505178,0.734412805183787,0.5335649748193065
0.7643281388908161,0.8347996365842381,0.41928469622616027,0.014818712986947542,0.6595907323339081,0.6132465891105903,0.6054750686219026,0.6597118905213541,0.4393247773686071,0.4773331277620243,0.5080028579888247,0.6113849474216428,0.6740278545468574,0.6295733674343881,0.7573001253881806,0.0,0.31925348771319173,0.8296013572976556,0.5130348144318609,0.768719037944751,0.6950320959155949,0.8701645928326771,0.6935357982250949,0.8167152466821492,0.563584283794309,0.7615878702348646,0.6606854801597491,0.5401249480057275,0.5737316794906309,0.4890150591952718,0.7646660386015878,0.5318343695230845,0.6558867926595868,0.4975813344746483,0.8435245028136842,0.3489861399915647,0.43773615373261143,0.6010631362093208,0.7256200394026714,0.6185323545788939,0.6095836196160658,0.7121479098577261,0.4652782422653775,0.0,0.0,0.6529723125705047,0.7309424023604484,0.0,0.0,0.0,0.5366163169159182,0.5934344628800017,0.8599977566353658,0.0,0.6834166458889229,0.0,0.48764343001138055,0.6337716971975098,0.0,0.6177909668482875,0.6596885627933492,0.5925298779877853,0.5293095303726063,0.0,0.5375317668478223,0.8025719649444083,0.7580147446711452,0.4860553836846343,0.4471759556880527,0.6870607812208877,0.7023248153336845,0.5881280003885621,0.6057705746135383,0.7694887316614242,0.0,0.4746498839716388
0.3676538612041419,0.590651590965284,0.676815713425823,0.5928640186429301,0.45611577770194106,0.5963745966230125,0.46522869816151935,0.47571091460048065,0.1881359981135426,0.5142839553142879,0.23018600458011385,0.47562998555633024,0.5296450728355433,0.49103188742943693,0.47586052735126105,0.31925348771319173,0.0,0.3652729617161876,0.7202340829362149,0.47616581726548757,0.6086212944872946,0.6166147396632617,0.32314935546102025,0.4909372926657771,0.5076696441757175,0.37632719030217576,0.6476002450581897,0.6578112151810329,0.4006112352140969,0.50950562534264,0.3992359459812236,0.40031632155535857,0.42989842112386256,0.22130590220038565,0.6034257896394091,0.6212720655030697,0.25859828489249037,0.17729519225119425,0.5439798124572124,0.22023665973374615,0.1791839897120134,0.5334619938617713,0.0,0.0,0.3711547349723941,0.632995845143099,0.5767437801483222,0.0,0.0,0.0,0.0,0.0,0.0,0.0,0.28035655593251996,0.0,0.2789872740748643,0.31931786506954873,0.0,0.7745175127367432,0.44324784267556405,0.42768171647418185,0.4398885389745221,0.0,0.0,0.0,0.5452255079299236,0.0,0.45317974346984147,0.4709795452858214,0.3774295438224356,0.0,0.33238347226861675,0.48195032449094677,0.0,0.49298693058118903
0.49231918464564295,0.759697224911916,0.5402973303268566,0.4635912340520091,0.49407128701438163,0.6390356778836952,0.6051319321528648,0.4981806834585727,0.5274163759489352,0.35399474316350366,0.29383529649381335,0.5655083340719709,0.6913930179896633,0.4489469358571483,0.3067591457000928,0.8296013572976556,0.3652729617161876,0.0,0.5359654071007338,0.6457306019373049,0.4439428034048682,0.7410510755469395,0.568070005472199,0.5056490585701183,0.6058939438178663,0.39383034048969895,0.7415459966091003,0.48439827651376965,0.5297708335912424,0.5271213792623701,0.508969032347239,0.3706809780789619,0.5054461445884675,0.4434108071203408,0.5942779716638878,0.6714698507624441,0.2628655345353248,0.3260235623690865,0.5128983508988587,0.46304415421485895,0.3671050962126233,0.5237103414707274,0.0,0.0,0.5245586095458454,0.5193554608197439,0.7253241985759995,0.0,0.0,0.0,0.5484344707495421,0.5700003227487374,0.9236323588902269,0.0,0.4676676745159426,0.0,0.3687420512139138,0.5402510819583028,0.0,0.6445852012905482,0.5594022928768435,0.5227850976090581,0.4569469467130116,0.0,0.3183600928870298,0.6467585676177703,0.5875112129915357,0.7827938725272157,0.43708137320794366,0.5010982215543587,0.4497184928814767,0.501984696145996,0.6338464324091334,0.4934707287508583,0.0,0.5254531522948686
0.0,0.6056008550098853,0.5536034471164646,0.47228196385374077,0.14953310700769393,0.5141741091061713,0.3187763162567806,0.49984642466966983,0.17034889929346306,0.16852599939579893,0.19538822614389098,0.5470246658736504,0.37989683611747804,0.37964656648088924,0.0,0.5130348144318609,0.7202340829362149,0.5359654071007338,0.0,0.5258228556687823,0.4347931966344539,0.6475230526861497,0.6133403485985369,0.5209996028014867,0.5515276293214991,0.5558264514189957,0.568350974303089,0.3805579451688723,0.6031618375064922,0.6146565770591391,0.37134916092256054,0.41659580563040854,0.5472755401697452,0.35687340948362317,0.262384884709564,0.4533517372845487,0.3606657904798368,0.11482705431468604,0.7708791158226042,0.4037902689669165,0.4104438449287354,0.2536515166802646,0.7001001104270191,0.3439274783680883,0.41354083107452616,0.0,0.0,0.7203010184147989,0.0,0.5181007081263177,0.42664281171155,0.5296681225696134,0.4748831142889677,0.6014350050602126,0.9793233640844736,0.6848945633644661,0.5693731949001667,0.40124759059088355,0.3859266953575564,0.0,0.0,0.0,0.0,0.803065640857316,0.48091762350195555,0.0,0.4425226610925517,0.5429270986404523,0.0,0.0,0.0,0.4343293988119227,0.4070841603777878,0.49626906836242496,0.47849159920458567,0.4867016310198803
0.7024589764771367,0.7432585896908543,0.3832263242529912,1.2289791156701177,0.592901353550821,0.6163383568682533,0.6957790690758973,0.713403618491958,0.5111681308099983,1.0972373926187697,0.5100457922834642,0.5022158534654917,0.8417611976021966,0.3680990175684397,0.6965544702082611,0.768719037944751,0.47616581726548757,0.6457306019373049,0.5258228556687823,0.0,0.7354355843611674,0.8315893496977242,0.6074294125563164,0.6386506128972239,0.712133773888623,0.6811557865957827,0.7362649286296692,0.7456271297708703,0.7835772980355944,0.9269083333851301,0.9645693428655383,0.8103968386865336,0.7011053034848989,0.9503104004829985,1.079545837430792,1.077321665100061,0.5782957734676418,0.7880110420964785,0.6181803030450617,0.5480242880137083,0.6609449630425852,0.5314577651266018,0.6192443992567028,0.22823315330203792,0.23358107367884817,0.5584724529436029,0.6481455321460134,0.4947141546438239,0.0,0.0,0.5114911473454767,0.5893259313957481,0.5904103543271602,0.46282131857571684,0.9102338800863428,0.0,0.6088188698931263,0.5182953237617192,0.0,0.5784353418147699,0.4876088014513301,0.464007012929441,0.6364135629068468,0.0,0.49932870352704617,0.5825340244983295,0.6001986203028502,0.5038436122329943,0.0,0.49553775830932034,0.5928240785714713,0.5098104883692267,0.45719141689105913,0.47095740787316376,0.5302976974130948,0.591329567710161
0.3297830212158569,0.5828204063010849,0.4401246546510029,0.3667791983679102,0.24484755785904083,0.5060277851803054,0.5450436732905074,0.6304195861710014,0.31919220362733286,0.5331142067204659,0.6175296533583534,0.456468439199634,0.6515302300244306,0.49269411106609656,0.7052923223464396,0.6950320959155949,0.6086212944872946,0.4439428034048682,0.4347931966344539,0.7354355843611674,0.0,0.6711432363454242,0.40159173667585585,0.27263705735807287,0.333823237532513,0.5882350817008313,0.5222071530810395,0.44547408187871995,0.4611164641594736,0.4135426929733327,0.8247763870739216,0.5552015819164636,0.2136855091700813,0.65466712476672,0.8409295760288238,0.7834048365136421,0.3562889931675012,0.3907677263166651,0.5430577583036597,0.3504590142002447,0.334636116325217,0.4695207657122774,0.564457317389571,0.0,0.0,0.5462723003016614,0.37000250280356795,0.6357490304665041,0.0,0.0,0.5312645392454494,0.41936700822071793,0.7105926198286516,0.5612169261066002,0.6070985801353554,0.0,0.7221068506781312,0.5592779051230747,0.0,0.5574469513103877,0.423568809138839,0.0,0.5103904581591401,0.0,0.5196974222694786,0.6248971493802715,0.4669135427095208,0.505870726048496,0.8349926445198802,0.25693366163392145,0.46714054709348746,0.49586163396553434,0.4857835788403322,0.581427882452595,0.08405962060221317,0.3106799453842527
0.5702676709060869,0.7579077460594439,0.5419154263243227,1.0055379179726014,0.6296978350049667,0.5746023884017295,0.6810478743823214,0.6281368947760722,0.4739619282680356,0.4652396486015622,0.38690833760005305,0.4200476947804356,0.7004587282457934,0.308251327456717,0.867963240848526,0.8701645928326771,0.6166147396632617,0.7410510755469395,0.6475230526861497,0.8315893496977242,0.6711432363454242,0.0,0.8015521313937537,0.37069889292634733,0.7748815641320436,0.8284977229552639,0.6592745833140222,0.6729531837337571,0.5957384783071837,0.6363103892605575,1.023980637207994,0.752858739518325,0.7475768142050035,0.9949526976810577,1.0740687001397142,0.8925380676475656,0.7421570140913413,0.5797433189653639,0.7882905987495195,0.7671240346640191,0.7096904299345124,0.7801468844268065,0.5410510146641947,0.3563625947084588,0.2621097329544547,0.7668570619105205,0.7384249881777064,0.7942782590660896,0.47872596399397815,0.2630402023861811,0.6473875019427803,0.6927020456492601,0.6352245993793237,0.7612933024483463,0.439940913842498,0.0,0.5278569119555601,0.5191191889632745,0.0,0.7500159229568324,0.6260821837659063,0.4173897882852113,0.5650928682901387,0.0,0.6408886655857798,0.6667049610660246,0.7291194933558303,0.6078261095331017,0.7139181837369574,0.499300746314057,0.6831715791125824,0.6131139778268682,0.46982741749132995,0.5127187798359001,0.5612012092211082,0.682154910238437
0.454254012114286,0.6194341266901742,0.5644175019119021,0.803109220624167,0.373510624061534,0.43014148516869094,0.5148615558726947,0.5123204862688773,0.46112588670021193,0.49910727360320345,0.5518549595858638,0.3443031549518963,0.5917618165713466,0.3541509382645378,0.5962241786731286,0.6935357982250949,0.32314935546102025,0.568070005472199,0.6133403485985369,0.6074294125563164,0.40159173667585585,0.8015521313937537,0.0,0.3948798017281285,0.45580912408885416,0.38132813736640725,0.28239239849445913,0.4847501419882272,0.43610402502307505,0.47863129279783445,0.5909339330651899,0.5181146026149276,0.5104044244892258,0.626593642341911,0.6879831274783497,0.6198711408634986,0.5718720435665793,0.240766493019581,0.5183180473089042,0.6028047410864822,0.4892634865281896,0.5670062053190434,0.6627032609604275,0.4994339964423451,0.5895504154782567,0.5544471421681383,0.5758513396184373,0.8144778897704297,0.44217926697143184,0.6087738899041051,0.5565813037391685,0.5827664548720994,0.6351742441727545,0.6165700619534751,0.6105776705573358,0.7673084432341555,0.4541406517747997,0.4853781115079968,0.6124717103445794,0.5423098752031752,0.4190483241614604,0.4840679548753152,0.5824815406201402,0.7899791675092335,0.5040551434318271,0.5036459742561181,0.5811839103439518,0.699539953129503,0.2573190994040736,0.368569515489025,0.47959450866667785,0.471319429266053,0.4586442071644541,0.5545082455632991,0.4513502996719214,0.5070577431040291
0.35867494356799634,0.6496180390009996,0.411598718881682,0.24369584247133141,0.4605429440338204,0.47663799155550723,0.6117028674764616,0.28501155559405067,0.39613814032411776,0.3509523475231789,0.37391069283106343,0.5295786431985794,0.4499844520158614,0.2683744952544892,0.4385810447720209,0.8167152466821492,0.4909372926657771,0.5056490585701183,0.5209996028014867,0.6386506128972239,0.27263705735807287,0.37069889292634733,0.3948798017281285,0.0,0.559990475370425,0.42112619609574453,0.3876629532300777,0.507640456061422,0.689214668673924,0.7971012363259138,0.21052242014651062,0.4509081042017272,0.12050928733926203,0.21759047103709456,0.5949213432448978,0.3424871479455353,0.31588147224077306,0.32675528227052475,0.8639168622893578,0.33306024881012114,0.2969401492975897,0.6441753120551557,0.5485180833414004,0.3732403713101898,0.4692725470956056,0.3873755320823521,0.5140248756104293,0.0,0.0,0.45811505004575803,0.567401377195583,0.29478676806758114,0.0,0.03161444322373527,0.24496051615015899,0.5472747119895316,0.19782210172103817,0.4411948716482289,0.0,0.21634520118090067,0.48975460936147774,0.3792900783953042,0.45971886234744236,0.4800560029888026,0.29067850118392813,0.4182619273133117,0.1672665492985531,0.816173341298698,0.301892829055379,0.3391697466361445,0.3325032310358912,0.46918848994210416,0.41489154112823995,0.6682560905046342,0.0,0.42290947852759614
0.33354070985937545,0.5651673028916223,0.47995747909122977,0.8533406308783915,0.6287401506557089,0.5776437527263751,0.5929481643868963,0.44931449300696974,0.6613072831912442,0.594191667930511,0.3716066955849082,0.5157187082101993,0.7623932758313254,0.5031655505216168,0.31147673292358585,0.563584283794309,0.5076696441757175,0.6058939438178663,0.5515276293214991,0.712133773888623,0.333823237532513,0.7748815641320436,0.45580912408885416,0.559990475370425,0.0,0.29180529613815404,0.6686260358255887,0.6351469086615862,0.5309801107635168,0.5942526367538163,0.5111921573518077,0.3113342114339128,0.40463371045547064,0.3958371698814794,0.7283607873421655,0.548760671573556,0.5586170626782965,0.1323968272431505,0.5132838703719294,0.4531688261075977,0.3657621640129589,0.4555940048356977,0.14582890198696036,0.0,0.3366946794901566,0.5173764294898828,0.6855109776913073,0.0,0.0,0.0,0.32698590940972505,0.2882544378402784,0.7203004031979998,0.38145488655991433,0.37663020935315705,0.4886337178456731,0.4130499326405942,0.3489957053926152,0.0,0.39957010636566465,0.49626340740017566,0.48355875569487344,0.45744569203620056,0.0,0.5725180350980545,0.35052933556355237,0.5291905664936867,0.29251538166793245,0.4818812840575752,0.4910415065097286,0.4177322961971197,0.4368383773310276,0.5894284353248758,0.3862635961369481,0.0,0.41582751686406033
0.5349016693002577,0.49120534255461334,0.27927771419976855,1.0722054334460838,0.5042618738230926,0.7562813178594459,0.7365686861067676,0.4602288322669825,0.6066452281934003,0.347215807519076,0.2747256441259101,0.5444313274590418,0.7437821401762523,0.32623850635795837,0.4481886406743577,0.7615878702348646,0.37632719030217576,0.39383034048969895,0.5558264514189957,0.6811557865957827,0.5882350817008313,0.8284977229552639,0.38132813736640725,0.42112619609574453,0.29180529613815404,0.0,0.6728167443336194,0.651958932621714,0.773697953919652,0.5020070429852679,0.5237233448907799,0.5828308013722978,0.3463339719940739,0.5188555004100741,0.7288448474634948,0.5975516966348098,0.47700095655500924,0.1590617618540009,0.5117710331245284,0.49382799551005374,0.4781744717734483,0.4882772375560955,0.21797475066529984,0.5410714521310044,0.2369676336255097,0.4028798958600064,0.6246450475113284,0.567712241670407,0.0,0.007699608149608533,0.591906466941254,0.4153080229476798,0.5192855208761227,0.40175828351781145,0.2865705367035718,0.0,0.35039941517298545,0.5421080892386919,0.0,0.6328352769538912,0.47685232249428633,0.3705222908531618,0.3524130997646274,0.0,0.5193351633689229,0.7685328083743852,0.7494938481582522,0.4941086264330229,0.4053519143486316,0.3825077587401279,0.41260838449551046,0.5957722305035331,0.3115499387917566,0.6364744183059989,0.5078414324134986,0.3633443163037
0.5496298243980955,0.6707682500809642,0.5017604376680176,0.9578913857022286,0.3200426737640544,0.6505077097775147,0.5202532314995418,0.4071649315739728,0.43985118020227093,0.5254400577631503,0.23435159587625898,0.5626558117973721,0.6131819430290792,0.40435843529643745,0.6051869938463933,0.6606854801597491,0.6476002450581897,0.7415459966091003,0.568350974303089,0.7362649286296692,0.5222071530810395,0.6592745833140222,0.28239239849445913,0.3876629532300777,0.6686260358255887,0.6728167443336194,0.0,0.5646248650992097,0.49205592975073836,0.5645433232581568,0.6235297014511114,0.7088532494826523,0.7653811234211381,0.7814801570766041,0.9490158556483675,0.8163143055169795,0.6871340324938622,0.5339004478381677,0.5637401825340603,0.5529584350543122,0.5362886818498421,0.5775492763034636,0.7105033553249769,0.632644108500922,0.3967512274064918,0.4496104100856839,0.6157624398346119,0.5558404998991294,0.5045430802085601,0.4933820615441008,0.5833747392620429,0.5176058721205372,0.5244225180451422,0.5691297403151706,0.6629898894064464,0.6111566149668792,0.3551025408268868,0.5237906236339818,0.7419305254919668,0.4903933110300774,0.5834514922574366,0.0,0.5148544141153473,0.6273837523190222,0.4245849957336364,0.5597601247592012,0.5341906138673552,0.5038410407491452,0.0,0.48993375965158786,0.5629878683666381,0.5346068614857326,0.5004921979345547,0.5322183326934212,0.38673949535461755,0.5158397886714706
0.5080167667815363,0.6315229739283991,0.5507929423288165,0.74160133077394,0.6791709207327852,0.6515261936529756,0.42931766503279656,0.6825478330761889,0.4703318171664761,0.5868239133777808,0.35469760054613,0.6343089785206757,0.5603134678479817,0.6245914340909727,0.6350292337876107,0.5401249480057275,0.6578112151810329,0.48439827651376965,0.3805579451688723,0.7456271297708703,0.44547408187871995,0.6729531837337571,0.4847501419882272,0.507640456061422,0.6351469086615862,0.651958932621714,0.5646248650992097,0.0,0.6823543713535354,0.4145162241111787,0.5616364337724882,0.520378147492724,0.5985972368067367,0.38188315129698774,0.6126989520777976,0.7844650553990546,0.59284280955121,0.512549242615537,0.8685713880999031,0.37588504364221703,0.8678168585095156,0.7296037629727499,0.8657626850949187,0.3386708731108059,0.686157005621848,0.6290753297440079,0.7301677958068278,0.5261402778553114,0.0,0.7064459514018204,0.7426611497499642,0.5907399828907619,0.6951165391843346,0.5284487737963262,0.662844120635252,0.3244291062142612,0.4912120080804651,0.5713649139307924,0.35418117103673824,0.5132645099598258,0.42928705801593425,0.19921678165467338,0.553353964409912,0.5981412255544108,0.5286157720621822,0.6226928954645912,0.6025021925007426,0.6562313213117823,0.5568483199276799,0.3437040104641184,0.5760676136974021,0.6529594163643504,0.6074639062395967,0.58819676484804,0.3995502946196148,0.5808723493551593
0.558809272833704,0.5577959725003308,0.5553609400083024,0.48923445242645713,0.8296439328983141,0.49169744700670404,0.8168158050159018,0.6491027099576406,0.5950757046969989,0.7432541266119406,0.3949595183276538,0.6077567582786503,0.7017597198905954,0.3699562175058506,0.5141442972597192,0.5737316794906309,0.4006112352140969,0.5297708335912424,0.6031618375064922,0.7835772980355944,0.4611164641594736,0.5957384783071837,0.43610402502307505,0.689214668673924,0.5309801107635168,0.773697953919652,0.49205592975073836,0.6823543713535354,0.0,0.7019036692290583,0.7191451004893887,0.6729740695469169,0.7978336483719891,0.8717630755623628,0.9584024517772143,0.7475172129379115,0.8561849158665726,0.6034724018897734,0.5523688159791939,0.4412046208445743,0.6052945941059071,0.6619859057971987,0.5903122858179142,0.5488988948142222,0.6090775965223321,0.49203804280543045,0.5545205221939362,0.4408713418375465,0.4206863150854151,0.33455651307433243,0.6641656216320345,0.6017265033853129,0.7100331054927874,0.40434653414183686,0.6764909969308721,0.4365059086530696,0.5539383119413483,0.5801823453759241,0.723043380251674,0.4640888652944068,0.5055699124077396,0.4808365344021097,0.5518141778199477,0.46189084487716897,0.4657388784191279,0.5289069689329102,0.5414082396722044,0.556469089964376,0.4936785411808168,0.4714413178906317,0.6807514499210612,0.5532062750775013,0.515494612530667,0.4814521633819939,0.4628246976730844,0.5964490364834416
