0.0,0.006926065215047628,0.0011022205723125733,0.0,-0.0025856343616285637,0.0052147437166912836,-0.010484382158445271,-0.015547617425444193,-0.0024927150774478046,-0.043297149637287924,-0.025395149260223848,-0.020409576864510337,-0.01002420324315928,-0.011204371278217162,-0.004916915288982804,0.0029885384667076575,-0.005196089598433484,-0.012237353207609991,0.0,0.006768665408932895,-0.01949698533910077,-0.006826691381115746,-0.0210304179851743,-0.03746278508702727,-0.023922232643374675,-0.018799183660364094,-0.011993872027851682,-0.009060429124536695,-0.004098385979422192,-0.0840603075027066,-0.011978202074009847,-0.010633469147874275,-0.046434008033842955,-0.013472950962953534,0.01059313080690133,-0.0051885566946599515,-0.0013636620909108776,-0.02538732238305713,-0.018744555162071297,-0.0339881422515913,-0.023425810941846814,-0.01483109713951597,-3.601100404371227e-05,0.0,-0.001399155536371599,-0.002678791400658187,-0.026082166339134627,0.0,0.0,0.0,-0.04505387898502006,1.1102230246251565e-16,0.039447645124972286,0.0,-0.08009297793190462,0.0,0.0010423201004302052,0.00135566370947926,0.0,-0.06930746923152109,-0.021130889819382104,-0.0025603488814356923,-0.030882436344868036,0.0,-0.0011946682722457913,0.015544236689810864,-0.02254798811482489,-0.047405891934647226,0.018934260837122685,-0.01852643559035483,-0.01957518235967981,-0.02153050277623847,0.0005614253954752124,-0.027084363279024026,0.0,-0.02133973251780219
0.006926065215047628,0.0,-0.004133040564810064,5.1763704715046543e-05,0.004035031426315727,0.0118004187548984,0.012023698880463285,-0.022563314426180314,-0.0012550963756992606,-0.011199782138499481,-0.0008967440963383866,0.0007989590684169268,0.017749299477033076,0.0015665314227122917,0.012823637082875483,0.020782646541438743,-0.00041085788319306094,0.013708291586613908,-0.0020830302341126594,0.011482432239123819,-0.005590701029862033,0.010159672556749655,-0.009234147597636133,0.025968985018471114,0.0036104562113128402,-0.004418568355463337,0.00539262462320006,0.010411047105593152,0.005878865257841426,0.04720021914476602,0.024771535653207388,0.01131501003066332,-0.0009676553087692441,0.019657273485496063,0.028939925726927218,0.047448260589751434,-0.0009208621477535539,0.0,0.005505552079000164,0.011739311181418577,0.008806273449499358,0.012952947494151212,0.0007450489672227167,0.0,2.220446049250313e-16,0.00015463908510171542,0.001680718055580177,-0.0006800749688277707,0.0,0.0,0.0010958617650254632,0.0013965243012204476,0.0072107531520283485,-0.0002577712082904027,-0.0009877591553935638,0.0,-0.0008938622040365884,0.002230858555210158,0.0,-0.011213919525217497,0.0007600816411429401,0.0006361507384282095,-0.011243899390638745,0.0,0.008602373384768602,-0.015258944730954405,0.009070885693845288,-0.012024783305656706,0.00048462202606952554,-0.007129018758604555,-0.005803956597691395,0.0013043041484016027,0.014504408233358912,0.013118204678869316,-1.1102230246251565e-16,0.008715602833007485
0.0011022205723125733,-0.004133040564810064,0.0,0.004426032975930305,-0.047306985610051366,-0.0041573831106888615,-0.021566900642561893,-0.02496337321512193,0.004479544403563185,-0.003518912079591263,-0.048540509416082955,0.010235257818476673,-0.018643905875417532,-0.03804352852906112,0.00040677953522860744,-0.002989686043518902,0.003020155337239594,0.0005023681165904348,0.0001056243484413022,-0.001621117643513581,0.004967703210158825,-0.0032484271389195407,-0.004711916329116772,-0.00040527261449629925,-0.008176433243707315,-0.029286730349947387,-0.0018926546219237284,-0.020699657376520797,-0.010391106344999401,-0.01676998603200891,-0.015125660023006637,-0.02183865784762623,-0.0003483119405923163,-0.017537692245823522,-0.013590643348725784,-0.026824667216341802,0.0017383992290890271,0.0062882600229435814,0.0061776946507558494,7.3752106549696e-07,0.010553544315524244,0.0019353578297299778,-0.012545552837803786,0.0024573677898597213,0.0,0.0,-0.0010602490611236748,0.07170782210980164,-8.088167764097598e-06,0.021325898541095567,-0.02563486646808888,0.003141650544939645,-0.013852731292152254,0.01530556754659107,-0.0012387531560948406,0.05071572862855178,2.7062233143526626e-05,-0.0073931346993559854,-0.014884084049403112,0.00028590060269167994,0.0,0.0,0.0,0.08091733506967508,0.0018897467679900304,0.0005075041634030608,0.00020377591853010246,-0.012254314646448994,0.0,-7.478621793371998e-05,0.001413061418304773,-0.02476736799684287,-0.006372687950809364,0.004644151032126231,0.0007709406374514227,0.005865238958447483
0.0,5.1763704715046543e-05,0.004426032975930305,0.0,0.018235402320410987,0.007262158403626762,0.01910759905725451,0.006313801470705371,-0.020938205879971694,0.04593408704233237,-0.0060359119807243955,-0.020213324769877583,0.014047411454415792,0.04749194889024033,0.04269507437821135,-0.001999652230039728,0.0016212489739618752,-3.683100074319823e-05,-0.02124280246150534,0.07632651286834885,-0.0017104237514897758,0.04956714174480198,0.01248635315234653,-0.0015885831984964183,0.00012905285339137595,0.034906162677251606,0.03800854370597467,0.0571661932252269,0.00120818859546723,-0.0016894063984186913,0.13233157147268038,0.028751700833403115,0.1957326666566348,0.08800636482471647,0.06846487545592633,0.0109798764176465,0.04402368473281221,0.010898915745882976,-0.0043747793173227745,0.0003464482743621433,2.737633961802377e-06,0.00022181264108228627,0.001428408225937594,-0.0010451066441938828,0.0,0.0,0.0,0.0019131474810452076,0.0,0.0,-0.0005891207758322303,2.220446049250313e-16,8.429264960557736e-05,-0.00039461706871152247,5.551115123125783e-17,0.00018855909732984344,0.0018468897072032586,0.0009375874675233153,0.0,0.0,0.0,0.0,0.0,0.0,0.0,0.0,7.432076452934533e-05,0.004356479247218159,0.0,0.0,0.0,0.0014870712050723545,-0.004042059694418898,0.0012398218897268776,0.0,0.0
-0.0025856343616285637,0.004035031426315727,-0.047306985610051366,0.018235402320410987,0.0,-0.029602552304535623,0.0010100340274490915,-0.04646126670922307,-0.038233529047010884,-0.011237684612914745,-0.04048808384811786,0.0076413862651607545,0.011097588347963316,-0.01811177179711626,0.0013480439900684371,0.0003016693693603245,-0.014796808120388527,0.003424041367992736,-0.05811001040374841,-0.0021773828179612598,-0.027836805341609427,0.0070586865925066355,-0.024298515555226774,-0.007474493424940054,0.00907862638632806,-0.004729912232470601,-0.031785355955984806,0.014207056322611489,0.030343906790390618,-0.006139517818832652,-0.009202319908131085,-0.0052566855317198735,-0.02246128463271324,-0.00789030143327979,-0.014515859018001898,0.005839956706721522,0.048773164592885554,0.0004755035877233027,-0.004707521480498078,-0.0006788277164956891,-0.002637442870396689,-0.000604866720431918,-0.006910403978751922,-0.004406394474446906,0.00032488611682013335,1.1102230246251565e-16,0.00031869801919076624,-0.0169458150555169,0.0,0.032916671945751264,-0.01795459202940025,0.008260309624591011,-0.04213579761595104,-0.016812701206869562,5.551115123125783e-17,-0.018345786496524685,0.0012179358649219152,-0.008433245949411028,-0.0026455482198088354,-0.0008463898630406974,6.098873712850894e-05,0.0,-5.551115123125783e-17,-0.01737235607719445,-0.0008518413551688031,-0.00046440974289763126,-0.0015372095702824162,-0.00888190671348632,0.0,2.3645815828643446e-05,-0.0014375201736754328,-0.024787604628767113,-0.006237593066542091,0.0032229257925635024,1.1102230246251565e-16,0.002106672634984652
0.0052147437166912836,0.0118004187548984,-0.0041573831106888615,0.007262158403626762,-0.029602552304535623,0.0,0.0014750179512986739,-0.016962353037615285,0.0014634886994620566,0.009571108995407196,-0.0332699406313543,-0.0060970736748667265,0.0005862094640374238,-0.036894765676998564,0.015377510372924508,-0.0006669414222442716,0.00791437542081258,0.005694729504136353,-0.014108819019635621,0.004885981376382076,-0.014878873484675426,0.006988090660691837,-0.021750408124863285,0.009929730731002173,-0.0008441984561176619,0.012534010864375944,0.003509617030079737,0.0024964875136332387,0.0021771273740548436,0.0039763465378716,-0.004079140081261701,0.005519863389182977,0.004469962054191479,0.008623864564936634,0.02015321070671372,-0.032555391726763916,0.00727879259765124,-0.0031660155584440353,0.008011816861322074,-0.0013327550448360426,0.0034364111154351895,0.013873515442678619,0.02006517931741536,0.011391177755076642,0.00018684110134220555,-0.0013245563758036982,0.013334073841510141,-0.027306760611693348,0.0011856566234552113,-0.014664870687538523,-0.006026133059995553,-0.009217692953216061,-0.0033157669351642216,-0.018397798050671432,0.00326433779448837,-0.0032947382513707213,0.00040754831829337146,-0.01207661159113499,0.0019366916348733665,0.004892726162657901,-0.000283038281927106,0.0,-0.0007290812736280294,-0.024119523640706908,-0.015522758711764784,0.018576842878086475,-0.0002906608800745669,-0.01233731243182018,7.815390456283877e-05,-0.002208039485046165,0.008474401396569742,-0.004358709257463622,-0.009312179954841515,0.00895617096251583,-0.0007843224604128229,-0.0037323914163243654
-0.010484382158445271,0.012023698880463285,-0.021566900642561893,0.01910759905725451,0.0010100340274490915,0.0014750179512986739,0.0,0.003699365239628216,-0.008310363270282173,-0.015777916567525196,-0.024136409264827907,0.019934838393414533,-0.008094248603701892,-0.007287417803826135,0.03985094669185696,-0.00403461112285175,-0.014449271473531644,-0.0009877220847469004,-0.048447274735646806,0.013741981893579835,0.010950017545723612,0.015112210207107846,-0.013407662966939293,0.008710735718752749,-0.0006405449463781632,0.00957845828230608,-0.005279473232656817,-0.01298884273472417,0.025651665482384567,-0.00576776389229805,0.012236592589092599,0.0018460753768615445,-0.000785702499526475,-0.006211936220712644,0.01789842922439372,0.01224070059453497,0.008749254482160296,0.011323116043497894,0.01349755091811794,0.0009472509157397724,0.006322440330961077,0.003049531232851399,0.0005542861884799133,0.006883852147704372,-0.00021426726772350024,0.0,0.0122870170178489,-0.010391395468346554,0.0,0.0036829537547281577,-0.009780940702376284,0.005492133947630595,0.007173763268615518,-0.008714564333109576,-0.00010635497691485751,0.007103890265397261,0.0006015934287638136,-0.006680960323482421,-0.0017058246557944967,0.0020101857601727557,0.0005553641052317149,0.0,5.337921011117075e-05,-0.004580476817558132,-0.0003810473064199682,0.0017121705483147953,0.021894321634182867,-0.002657412519239122,0.00011362278062398978,-0.0003715011049567618,0.024315410764075118,-0.010774503120682788,-0.008422834344750385,-0.003037935336436315,-0.0013862828400534877,-0.013736433266430703
-0.015547617425444193,-0.022563314426180314,-0.02496337321512193,0.006313801470705371,-0.04646126670922307,-0.016962353037615285,0.003699365239628216,0.0,-0.03221565756533795,-0.005407433109299475,-0.016347717803022632,-0.0061345697318617165,0.008773433881275494,-0.029056506140518135,-0.02335180560563893,-0.0048248086605556795,-0.00014156901157907908,-0.022783316006392662,-0.024101629440514083,0.028147867715841046,0.007516671084509707,0.012102051271262848,-0.012622349680587563,-0.02550470609959493,-0.026196741524123546,-0.022130348546688328,-0.030316861538271733,0.009629442038640024,0.01870290220632681,0.016961030584851378,0.01263341360400344,0.032273141452435594,0.008447946682984764,0.022718534162889825,0.03680413541584443,-0.0038376391555779987,0.07889147713344302,-0.002055048052674424,0.01137364935070867,0.001452361546771086,0.0033538936524653007,0.009916524289361461,-0.021110873180045675,0.0017534284181162652,0.0,0.0025480861429030832,-0.0020370509030224193,-0.015292492765164756,0.0,0.01152043065203795,-0.002044917976094851,-0.003468051328615107,0.021000585224729362,-0.021992558675004603,5.718421049011324e-05,-0.007601243479191111,-9.305502495932094e-05,-0.016320702110648178,0.018583470253056456,0.06904980076096251,-4.9055423402277754e-05,0.0,0.0006112654797686412,-0.007454075270327043,0.04062759148928047,0.10222068848964633,-0.011844425305104933,-0.013344775136772125,-5.551115123125783e-17,-0.028983918154072086,-0.010296601315720355,-0.011608963740288636,-0.003118257622311549,0.008933682961355882,-0.010501205487263798,-0.008863121152013542
-0.0024927150774478046,-0.0012550963756992606,0.004479544403563185,-0.020938205879971694,-0.038233529047010884,0.0014634886994620566,-0.008310363270282173,-0.03221565756533795,0.0,-0.03230865599099347,-0.04444977382698018,-0.029687708427677928,-0.008591498160720745,-0.044010857328002084,0.0010990019802787354,-0.02564836866736364,-0.0336135756646424,-0.008075737066376043,-0.03730281559723081,-0.011341981480360086,-0.016278366756699247,-0.01405446813146205,-0.02176193212111338,-0.026530792408478943,0.017285331036635987,-0.006788959221631363,-0.01048438043547184,-0.03083559930665497,0.011908735892437183,-0.018559780125606884,-0.02946444086657818,-0.033147953217450565,-0.028988659799625116,-0.031165855519667995,-0.029767930393675257,-0.034087451177751915,-0.03383341989950722,-0.030430847375538805,-0.00924023197979873,0.002861227913424136,0.006172112968891086,-0.005244326153245105,0.014372798415406007,-0.0024425464986994605,-0.0002494319839453918,-5.551115123125783e-17,3.1389109599322396e-06,-0.0046181399435452075,3.885593718444547e-06,-0.007142030418411771,-0.023154052898591293,-0.01789696960772058,-0.018002122967570977,-0.021585278038665834,0.0013465296507818025,-0.02117862734857584,0.0019842401847496305,-0.02223409457976444,-0.0016610547129135567,-0.0016413949272872652,-0.000983323931541158,0.0,0.0,-0.012766629280152042,0.0007758237979649252,-4.854011124361124e-05,0.012030483956693094,-0.024824112563894385,1.3655799160294801e-05,-0.00012934911526579773,-0.0033880476070369814,-0.02791520823395449,-0.015005516647148609,-0.0024340778598210266,-0.0005755433272629507,-0.01645787165990653
-0.043297149637287924,-0.011199782138499481,-0.003518912079591263,0.04593408704233237,-0.011237684612914745,0.009571108995407196,-0.015777916567525196,-0.005407433109299475,-0.03230865599099347,0.0,-0.033774506119574776,0.005471402884835608,-0.0012677121623375087,0.031229543766111312,0.09984974604911145,-0.0037510512628871062,-0.018701525730664026,-0.023924221937284218,-0.05773534713077488,0.08326013274890676,-0.021673265175539025,-0.0056153920140938895,-0.007316613804164485,-0.02063653112485031,-0.019025809727207244,-0.045554700790076175,-0.0010952472392684043,-0.007520641283930651,0.03448184770024593,-0.022147899516195613,-0.019905452315131855,-0.0052706922007923485,-0.047167383877188496,-0.028611098178256522,0.027032058672207926,-0.01917301767408547,0.011818624769102726,-0.016451127074254335,-0.03336690073619736,-0.05937287210264791,-0.021438713940068965,0.0004815952327725803,0.0025317600382033234,0.0021687426906009666,-0.0193188915503561,-0.04458637583839209,-0.0022196505419596058,0.0004026346273261483,2.206293940876236e-05,-0.0012401337645789323,0.0025325930392059437,0.003174931778182566,-1.258016556260344e-06,1.144497527350019e-05,-0.050271810652510796,0.0006544834814021794,-0.05898169372510659,-0.025578620126641194,0.0,1.2211416056895352e-05,-0.0015228291489288726,-0.013048129682479148,-0.0022757731116365143,-7.252203799879009e-06,0.00011782998593468097,-0.0008282928797140321,0.00032768479085393265,0.009081725334587731,-0.061452301554879685,-0.022608565211187315,-0.05058938726612516,0.006761134184562478,-0.011273510043501467,0.0013390889372027481,-5.551115123125783e-17,-0.03215410713165612
-0.025395149260223848,-0.0008967440963383866,-0.048540509416082955,-0.0060359119807243955,-0.04048808384811786,-0.0332699406313543,-0.024136409264827907,-0.016347717803022632,-0.04444977382698018,-0.033774506119574776,0.0,-0.028245117270898124,-0.0312182851500149,-0.028454897784754185,0.0,-0.00019092788176933162,-0.036478105130525296,-0.03166332563305996,-0.04190997162400503,0.00012644158802427308,0.005913799542004439,0.00010224643194217675,0.003409082630225435,-0.022560541805750012,-0.02640579708380897,-0.03620312155742211,-0.04518680901686589,-0.03662082219470647,-0.0016028077284924724,-0.0008395559851714363,-0.04613454870387179,-0.004551958622470542,-0.0434138155755282,-0.038105096867640575,-0.03696858447818402,-0.011529257925964653,-0.028493666341739943,-0.03434165158366553,0.025522211124643868,-0.002991432003308092,-0.001703925018914032,0.0011369025356464668,-0.005884636006306843,0.0003001400314611158,0.00027458401511987196,0.0,1.1102230246251565e-16,-0.10705757477738437,7.523978228229922e-07,0.00413807181274084,-0.01838907607812068,0.019882017494869286,-0.009453037557986155,-0.014641405923560225,0.0030013888676868605,-0.04114038786430535,0.003320982961610819,-0.014302903166948211,-0.03797719099887886,5.551115123125783e-17,0.0,0.0,0.0,-0.07235909189900014,0.0008231505166885755,0.0,0.00045404696865886107,-0.02459833896460939,5.551115123125783e-17,0.0,0.0006978667478214629,-0.015201662648660075,-0.022666030097616308,0.0004457980155555541,0.0,-0.04524591629578989
-0.020409576864510337,0.0007989590684169268,0.010235257818476673,-0.020213324769877583,0.0076413862651607545,-0.0060970736748667265,0.019934838393414533,-0.0061345697318617165,-0.029687708427677928,0.005471402884835608,-0.028245117270898124,0.0,-0.00046127672189894,0.0012736464328680364,-0.0041213431825493085,-0.0004138816217731933,-0.027877061124202518,-0.015064302938157359,-0.005547357987118029,-0.0019371604161708689,-0.02146095231743711,-0.004668945300112526,-0.020958529293077288,0.005669269750096573,-0.01691398907751851,0.0034076821532975643,0.0006824293060713749,0.006982084575036074,0.0013661968641636157,-0.0019603716379080205,-0.02037275320476095,0.009204403988132437,-0.009788231331223252,0.001686196264712836,0.03701599580413667,0.011374131466195314,0.021364606322508084,0.0030674754643482405,0.0020139822080668113,-0.04286556250496454,0.003416411836292488,-0.019390838561010648,-0.002242302529107898,-0.0007013668783134586,0.005656900175615209,-0.033660178867439106,-0.0004101153450427053,0.0003651049068714718,-0.0009351336003823596,-0.0025318895652010065,-0.0009653122136809023,0.0010208064954379537,-0.0003886617534453185,0.0003074067936982283,-0.04622192073680703,0.0012827172367076978,-0.05397492026324707,0.003937939261077439,-0.0001309517260157933,-2.3059186888663152e-05,0.0020241406937714923,-0.02604648024974815,-0.018457226563644624,-2.2850425883513825e-05,-0.0002144462585719209,-0.0006891490006409318,-0.0005255636774655348,-0.0016178599069094912,-0.04685602160206853,-0.03365254763245229,-0.050505897636111574,-0.0006707798858578973,0.010635863986918126,0.002724872465700967,0.0,-0.021822469267274325
-0.01002420324315928,0.017749299477033076,-0.018643905875417532,0.014047411454415792,0.011097588347963316,0.0005862094640374238,-0.008094248603701892,0.008773433881275494,-0.008591498160720745,-0.0012677121623375087,-0.0312182851500149,-0.00046127672189894,0.0,-0.007174054409324504,0.04193186583368169,0.0012923580775660026,-0.006894179905177988,0.0007834136865311758,-0.042524200346573005,0.0219430798790497,0.009554890018307172,0.016888926619931743,-0.010108139930904092,-0.002306613616301245,0.008856912561347907,0.006005070167245552,-0.0022374064275021976,-0.008427656655291604,0.006039522442878642,-0.03973141327582563,0.002519806101395683,0.0031117933095186068,-0.006432115993873,-0.01261462872743635,-0.0064710475329403105,0.003507663571027775,-0.005592295496301802,0.0057435045173148125,0.013852408248785752,0.0029504901214472135,0.0554595668671517,0.08462406896399888,0.024026412693887056,-0.0024208695457246243,0.0018887445568475658,0.0010358488115348452,0.01486539519742458,-0.005295534100419275,0.0,0.0012155062826995078,-0.0006982263642943409,0.002437797869943914,0.020710879513333502,0.0027286658588560053,-0.0004305509630653792,0.04056506530553711,0.0034291484451649534,-0.0018325053337897579,0.0009925317816305013,0.00877957536580487,0.002561923029932689,8.901412831574529e-05,0.0005569331516235843,-0.0044474548939056335,-0.012471094781372039,0.0179984933658911,0.02022378190987767,0.004122674168836771,-0.0008696438688721164,-0.000670247655963685,0.018650193115498204,0.0035965143753324824,0.004636636071766231,-0.003027012314453903,0.004889245364928518,0.0015857218040622456
-0.011204371278217162,0.0015665314227122917,-0.03804352852906112,0.04749194889024033,-0.01811177179711626,-0.036894765676998564,-0.007287417803826135,-0.029056506140518135,-0.044010857328002084,0.031229543766111312,-0.028454897784754185,0.0012736464328680364,-0.007174054409324504,0.0,-8.236350119644742e-05,0.0017929369632407322,-0.00010110042241817663,-0.00022946216311897638,-0.03910698594167683,-0.001388715441621946,-0.005296731749622918,0.0011578988387111466,-0.039269361282800286,-0.03795872051721649,0.0005732545337724937,-0.019025551751979897,-0.031742746453622184,0.03330019787612726,-0.0021375167864299827,0.002075083061936378,0.015141145445810245,0.037659925788999626,-0.0121914428460283,0.0003534005581649069,0.013586327345515903,-0.011971843153334799,-0.012068840581459378,0.000800902866825326,0.00978380780530258,0.0,-0.0001386103771351399,-0.0003080966957802467,0.006326070974378262,-2.165776197771141e-06,0.0,0.0,0.0,-0.004031846736764044,0.0,0.0059818504884505685,0.0018898345045759712,0.00310304027876257,0.01612065663178691,-0.0021493421734735674,0.0,-0.024931924671058592,-0.0004404635256137768,0.00399092425857861,0.004044832380494967,1.1102230246251565e-16,0.0,0.0,0.0,-0.007438695529387862,0.0,-1.1102230246251565e-16,0.0,-0.03466447988056742,0.0,0.0,5.551115123125783e-17,-0.001074428705010122,0.0022167628324560873,1.1102230246251565e-16,0.0,5.551115123125783e-17
-0.004916915288982804,0.012823637082875483,0.00040677953522860744,0.04269507437821135,0.0013480439900684371,0.015377510372924508,0.03985094669185696,-0.02335180560563893,0.0010990019802787354,0.09984974604911145,0.0,-0.0041213431825493085,0.04193186583368169,-8.236350119644742e-05,0.0,0.012515013623278115,0.0013646883643450014,-0.034143609286952814,-1.1102230246251565e-16,0.0056133939615135575,0.012635847573231829,0.03251364799839529,-0.00884038029842038,-0.01110128926540943,-0.035411316849307484,-0.021083905277642367,-0.0026608246776363975,0.01297304303568253,-0.009157473969089336,0.029857517484885354,0.03280412371620067,0.019972089011975835,0.005353346202761344,0.035815582761430154,0.04955022959400435,0.04277258276582058,0.04703254386715422,-0.00037724601761129906,0.0048468901212963544,-0.04662994744843185,0.0124878584905741,0.02085603493103294,0.00524959172124545,0.00024489540536454246,0.0,-0.0007303120468559188,0.0024057895831302023,-0.0017033715425250895,0.0,0.0,0.0009320310552382027,0.00011033933452503364,-0.00647345778316466,-0.0005919051458273539,-5.551115123125783e-17,0.0,0.0005566073885437395,-0.029672364296846,-1.2333724573654337e-05,-0.0751524714387235,-0.0037195288402164794,0.0003446210560444918,0.004805916066857208,0.0,0.01043280063980706,0.004865039591571307,-0.005396540323050147,-0.007631454168260887,-9.132659645044727e-05,-0.004239522280317265,0.0035771594518202443,-0.012932461967152975,-0.01689021341094471,-0.02170614538986415,0.01782443594319366,0.00043514185127430105
0.0029885384667076575,0.020782646541438743,-0.002989686043518902,-0.001999652230039728,0.0003016693693603245,-0.0006669414222442716,-0.00403461112285175,-0.0048248086605556795,-0.02564836866736364,-0.0037510512628871062,-0.00019092788176933162,-0.0004138816217731933,0.0012923580775660026,0.0017929369632407322,0.012515013623278115,0.0,-0.025073960076733515,0.014256027084940226,0.00042112342690542315,0.016181913362859568,0.000854816959517557,0.018879692535968162,-0.0030279619316533335,0.019507142740321226,-0.011667078005159592,0.009110350095958286,-0.0012572419682145286,-0.010421015789225219,-0.0047409815093445995,-0.011399170945901704,0.008655876773307258,-0.005718027432610628,0.017266997335682432,0.0014465810454784012,0.027357801598375198,-0.014044522045042973,0.0010837164695116641,0.00024208516231027932,0.00653485320092656,0.009313242175951697,0.0010660133815110773,0.012654489207818864,1.6082235800463085e-05,0.0,0.0,0.006071666601398962,0.0042803617653753845,0.0,0.0,0.0,-0.0050334224192938315,0.00038565454873112914,0.0017139248529147721,0.0,0.01848779034434067,0.0,0.0031135102862819286,0.0011762238904293731,0.0,-0.0020119604051535567,0.0021871667267577277,0.007579939356520071,-0.009904239376879342,0.0,-0.005109891919480025,0.01701955834810187,0.013318766724321363,-0.014602750092634897,0.00039801246740012175,0.0013359300606848867,-0.0025100215749868093,-0.005209307846460731,0.0004469866876541384,0.012940815934854744,-1.1102230246251565e-16,-0.003811824984500556
-0.005196089598433484,-0.00041085788319306094,0.003020155337239594,0.0016212489739618752,-0.014796808120388527,0.00791437542081258,-0.014449271473531644,-0.00014156901157907908,-0.0336135756646424,-0.018701525730664026,-0.036478105130525296,-0.027877061124202518,-0.006894179905177988,-0.00010110042241817663,0.0013646883643450014,-0.025073960076733515,0.0,-0.040470767682427744,0.0028203607943136366,-4.6799172639167e-05,0.004251029072856405,-0.002814836682086874,-0.014177858439768154,-0.018409346909532665,-0.012178971561528362,-0.024489594668133274,0.008779255129464925,-0.018703174327211636,0.0026984670387079635,-0.00037354556512275705,-0.0260460261455292,-0.02634096970956279,-0.0314936790556945,-0.04302911704338214,0.003923325350195017,-4.069475508838849e-05,-3.628990763515638e-05,-0.03966540794046719,-0.0015032621799005996,-0.0262884310264358,-0.04017736438067954,-0.0005312479589742458,-5.551115123125783e-17,0.0,-0.014850732391979149,-0.0016991568529405865,0.0013603794761442578,0.0,0.0,0.0,0.0,0.0,0.0,0.0,-0.0344041880188386,0.0,-0.03328029121806908,-0.0005774024784754861,0.0,-0.00025070700157686643,0.0018496286022976482,-0.013918522905084663,-0.00838786844512851,0.0,1.1102230246251565e-16,0.0,0.0008908981542221639,0.0,-0.02051518118172263,-0.013790808507499308,-0.029441613917050136,0.0,0.0008539003706043435,9.69206943641221e-05,0.0,-0.010063453228913222
-0.012237353207609991,0.013708291586613908,0.0005023681165904348,-3.683100074319823e-05,0.003424041367992736,0.005694729504136353,-0.0009877220847469004,-0.022783316006392662,-0.008075737066376043,-0.023924221937284218,-0.03166332563305996,-0.015064302938157359,0.0007834136865311758,-0.00022946216311897638,-0.034143609286952814,0.014256027084940226,-0.040470767682427744,0.0,0.00031653163872930046,0.0063335761522384515,-0.025773021399888518,0.015060910846289244,-0.013100352748226018,-0.013387822989375575,-0.005382940839515793,-0.022345479608160246,0.007839667455036836,-0.012642581994220636,-0.002476025254892378,-0.004200501969003012,-0.008086235012331133,-0.021872859243387388,-0.016762003730279806,-0.020392901293906418,0.008009811608238881,0.009099197906268064,0.00019309752579277362,-0.010791320669547855,-0.011257207738492203,-0.003317345711544628,-0.017345037241521588,0.0001950533737554716,0.0,0.0,-0.0035269220249346533,-0.013916009195621748,0.009996597060268897,0.0,0.0,0.0,0.0015789564974988402,0.0002713011965507772,0.002874432016186479,0.0,-0.01733680138688204,0.0,-0.025480022401271896,0.0003737275941687046,0.0,0.003515770293567144,-0.002983697775727212,-0.007543211872389377,-0.012663325928581715,0.0,-0.01728898753467034,-0.0016376473769276756,-0.0005091964158064344,0.0021957709602907216,-0.02325117847044239,-0.009625947477709118,-0.02284346110408103,0.00012668876447408106,-0.0003922979817992389,-0.0031900721194144666,0.0,-0.009913375923474632
0.0,-0.0020830302341126594,0.0001056243484413022,-0.02124280246150534,-0.05811001040374841,-0.014108819019635621,-0.048447274735646806,-0.024101629440514083,-0.03730281559723081,-0.05773534713077488,-0.04190997162400503,-0.005547357987118029,-0.042524200346573005,-0.03910698594167683,-1.1102230246251565e-16,0.00042112342690542315,0.0028203607943136366,0.00031653163872930046,0.0,-0.0009239121870327494,-0.0009629361434147499,-0.0016025396373642309,0.013963429123397764,0.0021646787155049085,8.650489370659598e-05,0.0016240895795387456,-0.0022379294341762224,-0.04673500858402624,0.0014493724793955831,0.00044604234393097464,-0.04843327100626005,-0.03760572354921127,0.0031552374376645487,-0.04791731023600482,-0.04463465952583695,-0.033975297111445646,-0.030659705819583383,-0.05179682273309805,0.012285276074101292,-6.777722496797978e-05,-0.0013831340168814488,0.001575704532870592,0.00546386702819357,-0.0019551762916602544,-1.9128507062760036e-06,0.0,0.0,0.02010374686563987,-5.551115123125783e-17,0.007707061028108142,-0.030801234856041027,-0.010172314966714224,-0.030673685207109336,-0.013840081644066804,0.00046022366064274456,0.038061463360413716,0.0007794709085045537,-0.019042736396722604,-0.022666350378882816,2.220446049250313e-16,0.0,0.0,0.0,0.03941301974406264,8.34299388456361e-05,0.0,-0.00025051838532863524,-0.022111068881271678,0.0,0.0,-5.551115123125783e-17,-0.04050964851307709,-0.02723827683140828,0.0009886796920158258,0.00028762957441264003,-0.007605431863274004
0.006768665408932895,0.011482432239123819,-0.001621117643513581,0.07632651286834885,-0.0021773828179612598,0.004885981376382076,0.013741981893579835,0.028147867715841046,-0.011341981480360086,0.08326013274890676,0.00012644158802427308,-0.0019371604161708689,0.0219430798790497,-0.001388715441621946,0.0056133939615135575,0.016181913362859568,-4.6799172639167e-05,0.0063335761522384515,-0.0009239121870327494,0.0,0.014191377726539445,0.026802320273222435,-0.004301706431386387,0.008268981632912287,0.007816756764712829,0.0080558931266832,0.0089200843013027,0.014160181982891262,0.015879859580613165,0.045485333607585554,0.03452817958805787,0.02754461348646703,0.02249762724148785,0.038095097181320925,0.05469165073042054,0.04266581680457532,0.0060833469170225585,0.0009170541892244977,0.00979824788936734,-0.0016368251598518624,0.005079852865069234,-0.0006114471854989367,0.015237295658781735,-0.003012528604346587,0.00017031382763199598,0.0023305075808141007,0.004187448674143557,-0.00021762778139605699,0.0,0.0,-0.0032136195196751927,-0.002770342763168787,-0.007855557692535986,0.0016152337208330536,0.00013517402120138966,1.1102230246251565e-16,0.0018227649606155083,-0.012709216239170207,-1.1102230246251565e-16,-0.0108398943901582,-0.004876289553266577,-2.5583366320469647e-05,0.005574218497001626,0.0,-0.01533254855209365,0.0008149582187270132,-0.0026642214614532866,-0.01657612431369665,0.0,-0.0037490069232676837,0.007777155486281551,-0.012628474223593367,-0.011884478045786628,-0.016900695419410472,0.00508851676399702,0.0021801528245386503
-0.01949698533910077,-0.005590701029862033,0.004967703210158825,-0.0017104237514897758,-0.027836805341609427,-0.014878873484675426,0.010950017545723612,0.007516671084509707,-0.016278366756699247,-0.021673265175539025,0.005913799542004439,-0.02146095231743711,0.009554890018307172,-0.005296731749622918,0.012635847573231829,0.000854816959517557,0.004251029072856405,-0.025773021399888518,-0.0009629361434147499,0.014191377726539445,0.0,0.010025823608019624,-0.02654468961497375,-0.033847378765066494,-0.03435615085275889,-0.009676857163026631,-0.01555028067740255,-0.012892481543193557,-0.007748778969028813,-0.013733266412020217,0.025007031244124955,0.01193362957501054,-0.03907965547616954,0.022522287997500723,0.03971501909514591,0.05820648337494683,-0.00017502121899537482,-0.020846654697648903,-0.00138421411845574,-0.03575720729246051,-0.019162028886825333,-0.001577041478467045,0.0023496550469489508,0.0,0.0,-0.00537568314850706,-0.03251737942034261,0.0001711948862164192,0.0,0.0,-0.006441465427883819,-0.0028313761926681558,0.014894036153892898,0.002051682538968591,0.0002458450479828622,0.0,-0.0004407746444529126,-0.002285150805835745,5.551115123125783e-17,-0.008535708855793578,-0.026099882549815767,0.0,-0.0013701288792337674,0.0,-0.016476998386128205,0.0019687305359701313,-0.023570876265622653,-0.01484461828316902,0.0023302939733158556,-0.03149061559982308,-0.032896896430176736,-0.012726453331283971,-0.015553314431599075,-0.007598021055524817,-0.05026719717411121,-0.012557841956248539
-0.006826691381115746,0.010159672556749655,-0.0032484271389195407,0.04956714174480198,0.0070586865925066355,0.006988090660691837,0.015112210207107846,0.012102051271262848,-0.01405446813146205,-0.0056153920140938895,0.00010224643194217675,-0.004668945300112526,0.016888926619931743,0.0011578988387111466,0.03251364799839529,0.018879692535968162,-0.002814836682086874,0.015060910846289244,-0.0016025396373642309,0.026802320273222435,0.010025823608019624,0.0,0.008042504353077684,-0.01436131808250779,0.008280202267259562,0.015263649453076289,0.007636023016330429,0.003492435432479346,0.00417179197410944,0.005963439672885151,0.03093321016307815,0.01585746931296178,0.026961377403126985,0.03563077557840283,0.05283532443089678,0.0441354996462634,0.005998881560073666,0.0002537441256589279,0.026229959282343118,0.02275594467246067,0.020717921431028352,0.02815930559938251,0.006423759726413236,-0.0002944890120464838,-1.3790484393927382e-05,0.017488383658476325,0.009509130861396098,0.016611968370042973,6.782163930685314e-06,8.463994719820622e-06,0.0005798882451681919,0.0034757114363391794,0.002770488057203646,0.010696053072042688,0.002242810893744729,0.0,-0.0004965339685374937,-0.007812216096766578,0.0,0.010629986565436678,0.005370110069141509,-0.0002957894168831854,0.003608152990998259,0.0,0.005782793599776959,0.0046599827355290335,0.008187059697296217,-0.0026943960744187923,0.000513362155233954,-0.0023447543026686724,0.008526787674773717,0.0005043956161500662,-0.01500348942961599,-0.009986811869640011,0.0007904747296608172,0.010457006992629914
-0.0210304179851743,-0.009234147597636133,-0.004711916329116772,0.01248635315234653,-0.024298515555226774,-0.021750408124863285,-0.013407662966939293,-0.012622349680587563,-0.02176193212111338,-0.007316613804164485,0.003409082630225435,-0.020958529293077288,-0.010108139930904092,-0.039269361282800286,-0.00884038029842038,-0.0030279619316533335,-0.014177858439768154,-0.013100352748226018,0.013963429123397764,-0.004301706431386387,-0.02654468961497375,0.008042504353077684,0.0,-0.020429366379007496,-0.025086456297995774,-0.03208790399670358,-0.03287442653276512,-0.014023668851871007,-0.02206263070781722,-0.017509699691990788,-0.005334024418042593,-0.012640348467903961,-0.009937178264685431,-0.0012380283710663464,0.009434487984852968,-0.004163632338317347,-0.008088573539176358,-0.024076414991375472,-0.015985162566215627,-0.0024976749095116935,-0.01714638044291611,-0.006096061258896279,0.0005368337213122465,-0.023580325465848373,0.0015170735560328663,0.0022451609401530903,-0.02151574323732619,0.03216922462030364,-0.001191869971910009,-0.00910924240254607,-0.013408026329341072,-0.008376319921239217,-0.008622208102091078,-0.013866564624760103,-0.0007286910277126135,0.028889044042814394,0.0012550735026828352,-0.02056076881972635,-0.005102656608708456,-0.021437474874716034,-0.03493440416566418,6.223436793095782e-05,0.001586692149611546,0.050361823738797384,-0.022591415468299014,-0.025309974647818978,-0.012287507637443906,-0.009840305190904453,0.0004062833649697839,-0.03491391990029852,-0.02489938480406023,-0.02032827842389695,-0.019631544553973812,-0.013807774014190588,-0.022572853599929055,-0.015325534103734051
-0.03746278508702727,0.025968985018471114,-0.00040527261449629925,-0.0015885831984964183,-0.007474493424940054,0.009929730731002173,0.008710735718752749,-0.02550470609959493,-0.026530792408478943,-0.02063653112485031,-0.022560541805750012,0.005669269750096573,-0.002306613616301245,-0.03795872051721649,-0.01110128926540943,0.019507142740321226,-0.018409346909532665,-0.013387822989375575,0.0021646787155049085,0.008268981632912287,-0.033847378765066494,-0.01436131808250779,-0.020429366379007496,0.0,-0.007880542463364615,-0.01132552071734233,-0.015079357071556276,-0.002936026948363757,0.009687859223398876,0.0003313927290042318,-0.04091401486016355,0.00025829483857875424,-0.040244123351504124,-0.01706435938472578,0.025066224755016298,-0.010165634122340894,-0.0028592565281252424,-0.006172948888027441,0.04957268978184687,-0.048700445165923034,-0.039273775351979734,0.011677513253778748,-0.0007842787246102878,0.000688466981148883,0.003355752209808549,-0.03434736781369746,-0.0008557435395324942,0.0,-5.551115123125783e-17,-0.000245814351852669,-0.0003225716309275817,-0.00024503067071285356,-1.6653345369377348e-16,0.00041808613832727826,-0.04829988245114569,0.00032659435036852535,-0.05830365626281164,-0.0027228615447031923,0.0,-0.001670178541160472,-0.004895528314272812,-0.021571034635246344,-0.014795286977006994,2.9955571351214516e-05,-0.0013270010088953788,-0.0025564217680063006,-0.002547550163443879,0.000302289790774124,-0.03301245258410174,-0.032068152209693224,-0.04003362333063448,-0.0013764781584904573,-0.026511544949122223,0.0028510790701613553,0.0,-0.030835659811802363
-0.023922232643374675,0.0036104562113128402,-0.008176433243707315,0.00012905285339137595,0.00907862638632806,-0.0008441984561176619,-0.0006405449463781632,-0.026196741524123546,0.017285331036635987,-0.019025809727207244,-0.02640579708380897,-0.01691398907751851,0.008856912561347907,0.0005732545337724937,-0.035411316849307484,-0.011667078005159592,-0.012178971561528362,-0.005382940839515793,8.650489370659598e-05,0.007816756764712829,-0.03435615085275889,0.008280202267259562,-0.025086456297995774,-0.007880542463364615,0.0,-0.018282420340643424,0.0018104018656442955,0.0009275860075996789,-0.0023535101753946464,0.014617742727131344,-0.013638499434693252,-0.015232222343203206,-0.02401506692155503,-0.015969565521073592,0.02111154177311214,0.0028095747784913083,-0.0005797034480114482,-0.047666806097708514,-0.011644897849278357,-0.00863328945063252,-0.020079494236221018,-0.013581299434440919,-9.389042441354523e-06,-5.551115123125783e-17,-0.01534968086727545,-0.015720535070866182,0.004178465016903221,5.551115123125783e-17,0.0,2.220446049250313e-16,-0.030826418187521354,-0.012404403498673056,0.003184149361366795,-0.001085568358814848,-0.026848498042763125,0.0003613858281933946,-0.02651485227945649,-0.014017216488003748,0.0,-0.02579596832558284,-0.010964466512588422,-0.009047273842293146,-0.01739171008015228,0.0,-0.006440318255741706,-0.029681917189297746,-0.008549748258345091,-0.031599869175223505,-0.015347406942867792,-0.014223339727625128,-0.02362881134778505,-0.008757880072628066,-0.006332457453249951,-0.012250879212268473,0.0,-0.017004046314730292
-0.018799183660364094,-0.004418568355463337,-0.029286730349947387,0.034906162677251606,-0.004729912232470601,0.012534010864375944,0.00957845828230608,-0.022130348546688328,-0.006788959221631363,-0.045554700790076175,-0.03620312155742211,0.0034076821532975643,0.006005070167245552,-0.019025551751979897,-0.021083905277642367,0.009110350095958286,-0.024489594668133274,-0.022345479608160246,0.0016240895795387456,0.0080558931266832,-0.009676857163026631,0.015263649453076289,-0.03208790399670358,-0.01132552071734233,-0.018282420340643424,0.0,-0.0030396465520463045,-0.005903916165520662,0.011101247587363139,0.009093690252586162,-0.007959892609511188,-0.006820244972487288,-0.029326438709999014,-0.005958083758475452,0.019152636978564785,0.019416319320381903,-0.0015817709305349648,-0.03683003210705549,-0.010999028850160575,-0.006105654571263719,-0.017838917750403693,0.0014051684241750961,-0.0007857145059836923,-5.2900422080726095e-05,-0.032276064175997043,-0.027487398686316833,-0.0124798558753344,-0.007417798797377251,0.0,-4.875081924871072e-06,-0.010364228074771054,-0.01541012466229491,-0.0013283636497110618,-0.0010055237587570653,-0.04028493141145645,0.0,-0.03881071241756978,-0.015486729245021091,0.0,-0.003877692772230268,-0.02096842845809954,-0.021969686898765606,-0.027552498300838946,0.0,-0.01335841556143319,0.0015207653737815963,0.0005245944869967656,-0.017596935470637842,-0.03121081275983595,-0.026998518871914734,-0.02525995590484209,-0.009758583326146264,-0.03307112664340467,-0.006407332132752908,0.0006464590228049127,-0.023430915814545816
