0.0,0.026455351148784112,0.03100748599514286,0.0,0.0002452060844487791,-0.017468197932391683,0.0013839441871856262,-0.015053216613548137,-0.0012743132049993777,0.0008094209163246879,-0.00287896982131558,0.007782201961368529,0.002241882223347591,-0.00513715165774975,-0.017964589663504893,0.009119030266363126,0.011640022162583752,0.017664570346229702,0.0,0.003407213003351117,-0.04693821414819277,0.00997111219933916,-0.004708131497670076,-0.020934293475836918,0.0256711075205438,0.019704770054711385,-7.698465849376168e-05,-0.005568802722229205,0.005572565717281153,-0.0026132735444655553,-0.00856205640152291,-0.012047587458972997,0.024350005974254574,0.0002648382000730032,0.0010152308341568328,-0.000879619334679449,0.0008406341891429858,-0.00024744347344152207,-0.02934411222293226,0.026644165886733462,0.006163567574799911,0.0012248168960070083,5.8168836190475304e-05,0.0,0.0021286208913610105,0.0008155860070044318,0.015869148687608636,0.0,0.0,0.0,-0.00048614730456830735,1.1102230246251565e-16,0.002601070046648446,0.0,0.03092288458838316,0.0,0.008553626351873622,0.0016064796051433738,0.0,8.082593331637522e-05,0.019424322275557515,0.0005812136072622653,0.0401395395265432,0.0,0.014082382738412003,-0.09354842512853373,0.010233279166823483,0.006796948500833511,0.0385135869344318,0.03145667001950109,0.017272238170613352,0.0033643783409121886,-0.00038472052445120974,0.006103541183365757,0.0,0.004554221102036349
0.026455351148784112,0.0,-0.014376988764336684,-0.00023801566918846273,-0.016399862189454106,-0.010424672304214344,0.0015864966950464576,0.021553004445282242,-0.010447350065625305,0.006751471733444814,0.0001517539395903822,0.09867965703765147,0.0021887950383167043,-0.0013904109132124587,-0.0037226273981845193,0.018188838637669014,0.007635850473828643,0.01632966730735197,0.001425676121046382,0.003803360388620114,0.018092493525252662,0.014064495032199753,-0.006143127669619108,0.008548371416319811,0.030112671410748915,0.013659410567227526,-0.019486674185754116,0.003934895647036085,-0.009292212699558489,0.0018207838275862698,-0.012520563240182359,-0.0052096779465043985,0.014627331701393853,-0.00207898460368916,0.014673477711209693,-0.00026512550272850266,-0.00031664211317022906,0.0,-0.011964798122289677,0.026197325626158285,0.02649936035487216,0.02100610911483136,-0.0005340831218827446,0.0,2.220446049250313e-16,0.02409329020829487,0.01925413774248308,0.00010392633666211903,0.0,0.0,0.01731618333383783,0.0007358608432731506,-0.0006652749733750962,0.000875208667057148,0.0032134272584599666,0.0,0.0010398987464012022,0.022778831448720338,0.0,-0.0068792560005140335,0.014041987331397165,0.004674127958011032,0.04214753864379622,0.0,0.011642710391720268,-0.017449280603144768,0.018769604530138095,-0.000805852427571363,-0.0007210690629599337,0.03576140826220692,0.01984041012135751,0.004000883790926835,0.008757721930644391,0.017057393352164607,-1.1102230246251565e-16,0.01753076935152309
0.03100748599514286,-0.014376988764336684,0.0,0.0002671001723756894,0.006234192802512695,0.003719042814512241,0.0033304540542352656,0.00393919966109918,0.02224238570040643,-0.004359242479006653,0.0014365236612698395,0.0002733813205842983,-0.0015988785341193856,0.005192172043252674,0.001018988588264269,-0.0006804575696395254,-0.0022001395081466257,-0.04273709288888883,-0.0001669680947340435,-0.000320090634264969,0.034668914394668515,-0.01073407172291746,0.008980068063939362,0.04263969944357765,-0.03696878192772657,0.03797979018216602,-0.00037220207623694934,0.0020660016270839243,0.035573523291210885,0.004362223405429355,0.0028642311979960033,-0.00480796649504367,0.0021782341137100425,-0.0025448803158655275,0.002896684052277776,0.007588027698534061,0.005144029836841146,-0.007060920684964833,0.008681759949283219,-1.191323129867694e-06,0.008875334959770664,0.07239555459840241,0.038851105721326884,-0.0655263550557284,0.0,0.0,-0.00023883600979007769,0.05541697182050248,1.3064876090984612e-05,-0.05856649393222618,0.017914699473829288,-0.01173465940001539,0.0031611319764320855,0.021427684944070324,-0.0004878610950079798,-0.05305967450086457,-0.0013251463000032437,-0.013021404073327747,0.00877373788600666,-0.00047772410625329664,0.0,0.0,0.0,-0.17391638247662014,-0.0006055036633500488,-0.0015713105680115191,-0.0005419437864122578,0.014468068232609044,0.0,9.32747331339745e-05,-0.0006937668665205066,0.010373636563315025,-0.01172910829027507,0.0026718345039051794,-0.0004946400283907249,0.007293666470840621
0.0,-0.00023801566918846273,0.0002671001723756894,0.0,-0.01580776807899467,0.009346420283625478,-0.02407835269055658,-0.008723097177159467,0.017497116222922215,-0.007329221967149108,0.040580013974755025,-0.007566738940451789,-0.0053202535061282474,0.05249004204798052,0.002448756858130452,0.0008174133144011608,-0.0011703346947211646,5.949338281047156e-05,0.011679906442734311,0.0013365028549262026,0.0013560253983918025,0.0008871938538003721,0.006902497788976558,-0.004353299218720519,0.0003611009323072345,0.0031716190803645072,0.002057282771708746,0.0014581704279389984,-0.0006379667380065901,-0.0023447812311163663,0.005719537691916465,-0.0015051821254108422,-0.0168450230942761,-0.01985233571613182,-0.011441487895599733,0.0759051488876144,0.015441313308565269,-0.0066327631105345675,0.0005704043744794163,-0.0015833089344733375,-0.0008395367409201882,-0.0024238194188713758,-0.004768078762123151,-0.0016888049530802696,0.0,0.0,0.0,-0.0012793373269328057,0.0,0.0,0.0008515468962482786,2.220446049250313e-16,-0.000136158528682373,0.00025949624423482476,5.551115123125783e-17,-0.0012005087511877677,-0.0018619383781768861,-0.0005148273045504359,0.0,0.0,0.0,0.0,0.0,0.0,0.0,0.0,-0.00012005087034516748,-0.00151859641511648,0.0,0.0,0.0,0.000303164454947491,0.002149628468874676,-0.0001575326964329271,0.0,0.0
0.0002452060844487791,-0.016399862189454106,0.006234192802512695,-0.01580776807899467,0.0,0.005636957705520973,0.012287354786466254,0.03462497884459509,-0.0005953588299622004,0.013444232183813798,0.02012350901711002,0.015815039662042285,0.0034611164326146526,0.05199578273976374,-0.0007630707295913086,0.0058331703504154175,0.0018390505985580452,-0.0011207133111528766,0.028130421994520205,0.0033523886619588605,-0.004269111722444485,0.029630442767493492,0.017222112222135322,0.0038043457681930515,0.0011720470822820794,-0.02274728926783548,-0.0052592684544882085,0.01807405548961105,0.013532513789095979,0.004597006458685715,0.017280628828207634,-0.007795765143243039,0.0020274975010610707,0.017838633698564255,0.026531390454763992,0.045678099498132646,0.1071691486295337,0.02303372050657193,0.04465376823167183,0.0007393063371467501,-2.1046248122769118e-05,-0.06500846429994495,0.010566256181248901,-0.04677765297649983,-0.000912453645865674,1.1102230246251565e-16,-0.00036528478276609544,0.01188933227435085,0.0,0.006005365994339262,0.011766316184957604,0.015001404544879748,0.030305463781049313,0.016492220052057083,5.551115123125783e-17,0.026393398374997268,-0.0021914569323159827,0.016914505057618434,0.037837402780800555,-0.000188154084171277,-2.3234808652572436e-05,0.0,-5.551115123125783e-17,0.03222093364303624,-0.0010560013836527493,0.00022625023245809173,0.0007945772037507015,0.023744843363730173,0.0,-3.8195257923367976e-05,0.0003858495003195572,0.019812083469084363,0.0041922944995384515,-0.002244997065825871,1.1102230246251565e-16,-0.004002394268452503
-0.017468197932391683,-0.010424672304214344,0.003719042814512241,0.009346420283625478,0.005636957705520973,0.0,0.014105469674660365,0.018303125834811362,0.022319630756998943,0.01863978564884261,0.01250752384229542,0.011857797427155703,0.01833883405226716,0.018253188352151062,-0.005084862564122106,0.004675509588010052,0.004239912559468095,-0.014825250734419482,0.019989333955867716,0.005916700211552495,0.008792526418740676,0.011632663453102432,0.019131027927450917,0.04101023322554831,-0.01861243752214864,-0.02210826334094157,0.01789758841172978,0.03854308528773959,0.04495984578866208,0.014256020392320934,0.029149198242513386,0.0026413685845245727,0.0009351820484799211,0.016706113446477433,0.02069717917407987,0.0070049343853757495,0.01791415207463737,0.020666997532372444,0.0017990390353367358,-0.0054620224773490045,0.014286618659511752,-0.012457162239483177,0.021784954622699193,-0.06251579376982574,-0.0016842420585834739,0.0007983581479427682,0.0035683656844682776,0.013070166424054785,-0.0005755541428038025,0.0035614968963118,0.009122436337080597,-0.003429819854110727,0.004325068960601086,0.011697679705340192,0.0006315936563701663,0.019382366001704676,-0.00024133411468285626,-0.0004222627135941348,0.001796137559727573,-0.017077094695058748,-0.016433637179460614,0.0,0.0005663792419989266,0.002814124488851988,-0.0268839316891476,-0.0012053922551972795,-0.01256964887484141,0.017902846375657977,-7.742857223791422e-05,-0.006757298470438822,-0.004713854518062277,0.023463529719587428,0.0038748718700872264,0.008630960938162513,-0.01125691594160283,0.0011404969200979886
0.0013839441871856262,0.0015864966950464576,0.0033304540542352656,-0.02407835269055658,0.012287354786466254,0.014105469674660365,0.0,-0.001184736861021829,0.0013760511498990269,0.026416485476688067,0.021150438895761403,0.021114579427363,-0.008471845554417046,0.08781271387048162,0.0018898750869306147,0.001799349172948217,0.004890487768379637,-0.002002138006099663,0.01135408907939739,0.013331237848202282,0.0005025137510212274,0.012821841036379122,-0.0036621956006813727,-0.0016829025460311509,-0.001997662282455348,-0.006474672774587631,-0.0017850602650678615,0.03846202710148727,0.02919581778952568,0.004136445826483981,0.01892532056010854,0.028963118844284264,0.02251549955370863,0.022865470089256934,0.03216007268480392,0.060222103025472984,0.04930852493997773,0.033145555899999735,0.014655067268489974,-0.0007925132676321889,0.03617283081168887,-0.004898396884188805,0.023642068377152436,-0.09726953367961666,-0.0007182873468757345,0.0,0.00285400462091312,-0.002321467081910611,0.0,-0.0016126818355511885,-0.00503364731536321,-0.010173720004705511,-0.005299934583565369,0.007851353410096018,0.0005093524656556991,0.007132480414521247,-0.0006649661033656384,-0.011779658570317209,-0.002963572068745035,-0.0017576112418782874,0.001381188612861406,0.0,-6.803809559252638e-05,-0.001362897853540157,-0.030035627661672837,-0.000856000960578307,0.0017708366152640043,0.0038148443134794485,-0.00018353570218720971,0.00034528853375176416,0.015334584582119282,0.015616119313220822,-0.004501769615517737,-0.006695978520714241,0.002111901662585125,-0.004008557951979519
-0.015053216613548137,0.021553004445282242,0.00393919966109918,-0.008723097177159467,0.03462497884459509,0.018303125834811362,-0.001184736861021829,0.0,0.02296110831366699,-0.006250241574295046,0.014097751243090595,0.014439778811140114,-0.005487731295241549,-0.022599852206187876,-0.019849708328740667,0.01094668496277279,0.00034679030769307895,0.024658373192437966,0.004850826816575893,-0.0018984419099483119,0.03302482529461909,0.0014371033120604837,0.026987502754478365,-0.0020361996619667755,0.023917692132654433,0.022449131890978635,0.011670016602115807,-0.008607022720856838,0.002649158439247512,-0.022380691565755007,-0.004090845871656035,-0.0037195469862189023,0.005259221081384491,-0.007684758202500919,0.0024551692213234944,0.02930821900248437,0.01068627938737493,0.006494167691860342,-0.012509192527889401,-0.0007606393482594287,-0.008081198186052907,-0.0030610722955165537,0.043630627223770646,-0.0015341739863721782,0.0,0.0010504765796247595,0.0031305287199998033,0.003923106488584072,0.0,-0.0030521959917240715,-0.01825304747222961,-0.020841434174314777,-0.017791923142203847,0.013082447980871992,0.0004679669543368181,0.021826525791908136,0.0002844597189354814,-0.018322058046780554,0.0036411615190440894,-0.013172993454312387,0.00047461229843426267,0.0,0.00012958587765904417,-0.00740044093192993,-0.0173652413698947,0.02525629883436531,0.0006244743707012335,0.014542299948682336,-5.551115123125783e-17,-0.0006250606126226854,0.0025923645706454335,0.013690838165169916,-0.007260212369683272,-0.006036299538019652,-0.028298948953337733,-0.006621148644862962
-0.0012743132049993777,-0.010447350065625305,0.02224238570040643,0.017497116222922215,-0.0005953588299622004,0.022319630756998943,0.0013760511498990269,0.02296110831366699,0.0,0.005043302043874487,-0.018510932540375113,0.007912502304474434,-0.01865061373859933,0.0016372007027245505,-0.004555081004590789,-0.004436343613973215,-0.0014104332983681522,0.009551392311781648,0.004310939287078375,0.005574182921226467,0.013753969505941377,0.009399732031379893,0.020907929937040493,0.003058688532879328,0.007538168800038381,-0.025175009737325282,0.010059914717264529,0.015892727750711433,0.029031239082732307,0.008607665486408511,0.012544965841062183,0.009664376515513495,0.005583135216561674,0.014347436566515548,0.014335077903048499,0.0008855253265410146,0.022998107060352213,0.008213250842181663,-0.026512185604521454,0.00020599568031043347,-0.01771742772159912,-0.01810620878757463,0.04550491432069348,-0.029299551398288604,-0.001809169452424375,-5.551115123125783e-17,0.0007209884948249923,0.005359926391298675,-6.2764277338756e-06,0.0250726098077122,0.02150972927104733,0.014577589807504787,0.0022675464640922183,0.014199440941609298,-0.003155004979039422,0.0366024738932329,-0.0016067985689312558,0.010245345311893472,0.006804279236157673,0.0013131593823705323,0.0013089089992939784,0.0,0.0,-0.0008688901325883958,0.0007408999341140254,-0.00034410789815703113,0.0007985308406635583,0.019911337665070805,-0.0001144632140857027,0.0002817949458331359,0.0007617791500054705,0.019330199563914685,0.011421250704811037,0.011998407668600053,-0.0003522398084734313,0.018387782798654273
0.0008094209163246879,0.006751471733444814,-0.004359242479006653,-0.007329221967149108,0.013444232183813798,0.01863978564884261,0.026416485476688067,-0.006250241574295046,0.005043302043874487,0.0,0.012070509273437446,0.0201169017251146,0.0038489402784319116,0.07881468121330987,0.0007684249892259132,0.00486456292521481,0.01967502797569798,0.011757040892257764,-0.0003873009590961707,0.022834807495499654,0.006456284108565247,0.014851809718920028,-0.0017273991955119583,-0.0034767565299262393,0.02448538925378957,0.009854132702198704,0.012150897721624754,0.008644100451822512,0.026323895164367284,0.0016638973194404993,-0.006287440187970006,-0.0009843220331876013,0.01683769475026642,0.0051637256140878995,-0.005586821793208907,0.010061155823256063,0.03335926990626564,0.016320615981431696,-0.05902253548731362,0.001987573027876166,0.029011034301201832,-0.037447930368363413,-0.015510607675044141,0.011174768380010969,0.001343897721309384,-0.010577232507797796,0.024630088466362776,-0.0012592831431326168,-3.5638426153949965e-05,0.0004953803592003259,-0.017498972470824492,0.0020174903461376847,-0.02406907418609666,-0.0013080337042736256,0.031761711392961134,-0.001501336864714209,0.01422980985550687,-0.013894520546096356,0.0,0.0005969151380972315,0.014916441303619243,0.0038307414654151772,-0.0066027851339069965,1.1714537432427896e-05,-0.0001903316314603165,0.0012652182276143287,-0.0007686995027216814,-0.0003501365436939241,0.005119751594538591,0.005725428003230726,0.019235472604139492,-0.0013034510640915764,0.07775537881442102,-0.0005510218633544284,-5.551115123125783e-17,0.006826585560844645
-0.00287896982131558,0.0001517539395903822,0.0014365236612698395,0.040580013974755025,0.02012350901711002,0.01250752384229542,0.021150438895761403,0.014097751243090595,-0.018510932540375113,0.012070509273437446,0.0,0.001457362266013229,0.01583757428577326,0.009817710603859331,0.0,6.250047557698757e-05,0.0006250049403561109,-0.017817498734358894,-0.014920974659105135,-4.40147105472688e-05,0.03182659026529877,-0.00041976412141414565,-0.022425408420670534,-6.236656268931995e-05,0.0014855171932519062,0.0033103783207860116,-0.0016733376552200419,0.017659450564578183,0.0030294744262723827,0.00033702807299174076,0.013894428140524051,0.013377922234529716,-0.032023557250528634,0.011635855994070465,0.016193868017265467,0.04546440644501121,0.04600249707019627,0.013205046823877853,0.01202462780289526,0.0017689687629044437,-0.0012504372843756828,-0.018978796246938934,0.03154865026139175,-0.011461937513011722,-0.000841207679050604,0.0,1.1102230246251565e-16,0.048300326150759965,-1.2153536641523743e-06,0.01469591351031857,0.004327528898129429,0.023381874814997095,-0.005863397705885676,0.024996585196010057,-0.0019299199438458925,0.0797347189495502,-0.003974960388900106,0.02299703958375915,-0.001840058045549764,5.551115123125783e-17,0.0,0.0,0.0,-0.14889195573144373,-0.0005711743896279486,0.0,-7.863973792399115e-05,0.0017103507627084236,5.551115123125783e-17,0.0,-0.00017750611348160694,0.003997482458814483,0.028295536024979084,-0.0014490708791090046,0.0,0.0006046847061840221
0.007782201961368529,0.09867965703765147,0.0002733813205842983,-0.007566738940451789,0.015815039662042285,0.011857797427155703,0.021114579427363,0.014439778811140114,0.007912502304474434,0.0201169017251146,0.001457362266013229,0.0,-0.0012704160079277105,0.0006125571031428967,-0.0038002803557390386,0.0024524010697375975,0.019993213950651123,0.025964796830055425,-0.012083116342056555,0.005238610920974385,-0.005472465992593434,0.002199934589045216,0.012093793051292434,-0.0038838377679412672,0.03855720999073953,0.018160115055684045,0.004283118295573596,0.012805399791057825,0.0017169150870999794,-0.0017585325640143146,-0.003718431737118555,-0.015044172765489916,0.024295665812263778,-0.0021648117472040096,0.01586186738697226,0.027979506154793388,0.0429038166093898,0.008407249832183522,-0.05432773557934853,0.021756227768168546,0.034179491018873964,0.0065790769256993675,0.001984237730959848,0.015359561744902883,0.02449436053175913,0.006979119532152467,0.0011514052926482887,-0.0011515936766020585,-0.0006159913580273957,-0.0002476272736003926,0.0008997047119314594,-0.001478679909907965,0.00029620144284658867,-0.0006714330048750994,0.024393438202798323,-0.0022248330607064215,-0.06355911625246147,-0.0005332830973567293,0.0005054379885467974,0.00014908976178484856,0.006059919686833781,-0.0028440292383568044,-0.005817094214145502,0.00016275925624587018,0.0006892406781681681,0.0008235095511325841,0.0006142009799599557,-0.0002127015289069556,-0.008398412716035641,0.010408700205706722,0.019631101389419425,-0.002519285456722753,0.0010417692978107462,-0.0026640542731813377,0.0,0.021046232642572715
0.002241882223347591,0.0021887950383167043,-0.0015988785341193856,-0.0053202535061282474,0.0034611164326146526,0.01833883405226716,-0.008471845554417046,-0.005487731295241549,-0.01865061373859933,0.0038489402784319116,0.01583757428577326,-0.0012704160079277105,0.0,0.03275320810679566,-0.0013979560662597534,-0.005823677222259738,-0.004319698010534723,-0.006913192827924741,0.005214597921523623,0.00772474445453275,0.002891977099799714,0.005980336863251445,-0.005713434493988256,-0.0045171498627401,-0.001344191797622074,-0.0022238687406919144,-0.00016103113796900326,0.01946036026296022,0.029905633078679494,0.016667257732033036,0.006041699743996598,0.01821723664499658,0.015984026396412943,0.003424335379661525,0.014021536884527952,0.020971508908264214,0.01911806742771377,0.01922950769825632,-0.02375634032270013,0.05063364546589877,0.021409844670721323,0.00045273932720718557,-0.021873572808856878,-0.02488976116059638,-0.003684945803791362,0.0004812151254317554,0.014203360268393361,-0.003917003534642194,0.0,-0.0035474902837033806,0.003836264180734128,-0.007350413082849561,-0.004869028245606977,0.012683303382344358,0.0015729714539828854,0.016409866685404673,-0.0019077126666298683,-0.003841730466071336,-0.002329839780832399,-0.014780261055732657,0.000689876980235482,-0.00043955638039638867,0.0020476797323577545,0.02825163238029893,-0.01861992476598051,0.0026809918735054006,0.019482793687301103,0.006464467433362264,0.001885740647240397,0.0028313240336156342,0.006355321579860518,0.010597929301752351,0.00039313979151034406,-0.015885126630990287,0.001978880105462877,0.003307440288621899
-0.00513715165774975,-0.0013904109132124587,0.005192172043252674,0.05249004204798052,0.05199578273976374,0.018253188352151062,0.08781271387048162,-0.022599852206187876,0.0016372007027245505,0.07881468121330987,0.009817710603859331,0.0006125571031428967,0.03275320810679566,0.0,0.0013421363289461974,-0.0007041341164318871,0.00016330824609334105,6.558019449953711e-05,0.004435625210434058,-7.015884255962002e-05,0.011411588298062436,-0.0004924704425279813,-0.007582496874836753,-0.0015524620245470633,0.00027210417601319925,-0.004371404441122828,0.011038136958685718,0.05565243534196229,0.0027525087940758475,-0.0008398241180667676,0.04412487790910691,-0.006312340265870797,0.0020188150669651628,0.029336450051280938,0.02423394285253566,0.024414016766414415,0.015100497946430785,-0.001424265885714815,0.006460674284146428,0.0,0.0008550127455509982,0.0007837449490383785,0.04196482922258682,3.498394010925665e-06,0.0,0.0,0.0,0.013442411794326592,0.0,-0.0034783707709589717,0.029576577366326517,0.015063520961382026,-0.018887951133810976,0.022590629862231593,0.0,0.008645615171921639,-4.3616932601853176e-05,0.014774296274181087,-0.001582553664354669,1.1102230246251565e-16,0.0,0.0,0.0,0.027434009608873156,0.0,-1.1102230246251565e-16,0.0,-0.001974933716656857,0.0,0.0,5.551115123125783e-17,0.02625056532713438,0.007925377217507579,1.1102230246251565e-16,0.0,5.551115123125783e-17
-0.017964589663504893,-0.0037226273981845193,0.001018988588264269,0.002448756858130452,-0.0007630707295913086,-0.005084862564122106,0.0018898750869306147,-0.019849708328740667,-0.004555081004590789,0.0007684249892259132,0.0,-0.0038002803557390386,-0.0013979560662597534,0.0013421363289461974,0.0,-0.000786858062338136,0.0029435557355801945,0.0038175989214845885,-1.1102230246251565e-16,-0.008433381548963004,0.019703192239876155,0.02996513021295938,0.032765123744505076,-0.00748763390099505,-0.006001984073136346,0.0058179259179010345,0.015261266073160529,0.0036341305376459965,0.0038349932158723288,0.0014452259093142295,-0.023493183432816644,-0.024210147531752158,0.005940041338287849,-0.010961863911096104,-0.02250106473247393,-0.014780673197511252,-0.002226083814990343,0.000152889416079105,-0.05341667935426925,-0.012428336259781514,-0.019733099722766045,-0.04918553238867135,0.008723501579780357,0.0008772085849272915,0.0,0.008498321665343644,0.015539380383876866,0.0007974593165298582,0.0,0.0,-0.008933211311098699,0.018698648123830874,0.001095050036505063,0.00020344910537012373,-5.551115123125783e-17,0.0,-0.00030076480207058554,-0.0070134967523921565,1.992275481899064e-05,0.01795679843169723,0.000684459723448716,-0.0002953400211462287,0.006664407372416636,0.0,-0.005875057036797748,-0.018176951908522976,-0.009029899459095603,0.00359070147294005,9.153759124719274e-05,-0.005202557227760363,-0.006443853689717394,-0.011622705089472829,-0.010396401323886584,-0.023490621817657598,-0.043495808560862936,-0.01864300424704124
0.009119030266363126,0.018188838637669014,-0.0006804575696395254,0.0008174133144011608,0.0058331703504154175,0.004675509588010052,0.001799349172948217,0.01094668496277279,-0.004436343613973215,0.00486456292521481,6.250047557698757e-05,0.0024524010697375975,-0.005823677222259738,-0.0007041341164318871,-0.000786858062338136,0.0,-0.0044076951409114384,0.0013471803325389997,-0.00018847248452580345,-0.005785842168733513,0.008275645867523662,0.010944284846785779,0.006606195486852595,0.01846757668587834,0.028166648409504447,0.00857036066016198,-0.010955492339045081,-0.0030407706840688276,0.00031926742575244527,0.0008000277518738219,-0.0011711917126736582,-0.006689253930794781,1.40375505526813e-05,-0.003143522196285775,-0.0013732065931726378,-0.01765703786186934,-0.0009252822856567477,0.0013669075895711424,-0.02192620496968012,0.023783208041081194,0.021435034489493854,-1.198875851926573e-06,-2.5977752209249694e-05,0.0,0.0,0.0245473474853124,0.016101058149376235,0.0,0.0,0.0,0.03997457469446142,0.0006027903746517183,0.0016180647942619641,0.0,0.05014759657925355,0.0,0.05820277033423915,0.002733988021602185,0.0,-0.01587195485809534,0.01569032838305351,-0.0005283007504106041,0.03519789631341824,0.0,-0.004598748182067791,-0.021076956825379356,0.015115241715368488,0.015644542934533323,0.0016749470825577206,0.03019080391760892,0.020448731936695108,0.004650091813788171,0.008949397033638562,0.008001739635173921,-1.1102230246251565e-16,0.017211010412602645
0.011640022162583752,0.007635850473828643,-0.0022001395081466257,-0.0011703346947211646,0.0018390505985580452,0.004239912559468095,0.004890487768379637,0.00034679030769307895,-0.0014104332983681522,0.01967502797569798,0.0006250049403561109,0.019993213950651123,-0.004319698010534723,0.00016330824609334105,0.0029435557355801945,-0.0044076951409114384,0.0,0.022928619042338616,-0.0028882974680327633,0.0031722143594076213,-0.004318486090279516,0.007207261446827873,-0.0002975364208483988,0.025959940207949117,0.03461647593074685,0.02767986396995975,0.0014522585986193048,-0.0059853205857038905,0.0001178563995317683,0.0017481540326587663,-0.018391185054604686,-0.004525481425748601,0.003032315604525937,-0.010956763625005972,0.005311882985869543,0.0028546223786886094,-0.00028404548079696834,0.005489519013974431,-0.02587100485163346,-0.0119168420958638,0.011912228879515374,0.0015307610962579377,-5.551115123125783e-17,0.0,-0.0006392403622111353,0.003845190594952197,0.001410994880295946,0.0,0.0,0.0,0.0,0.0,0.0,0.0,0.061043991694662514,0.0,0.05713991813526026,-6.739677296135893e-05,0.0,0.0006105078802148833,0.007308754757469282,0.04306017421530173,0.03468778525203581,0.0,1.1102230246251565e-16,0.0,-0.0006194585055550039,0.0,0.033418539926095225,0.04182775838230035,0.043815920340431636,0.0,-0.0027799732985351877,-0.0001565567010320401,0.0,0.012428012284652845
0.017664570346229702,0.01632966730735197,-0.04273709288888883,5.949338281047156e-05,-0.0011207133111528766,-0.014825250734419482,-0.002002138006099663,0.024658373192437966,0.009551392311781648,0.011757040892257764,-0.017817498734358894,0.025964796830055425,-0.006913192827924741,6.558019449953711e-05,0.0038175989214845885,0.0013471803325389997,0.022928619042338616,0.0,-0.013815951979702756,-0.0032917874765301947,0.008399374827295747,0.009492119765588558,-0.00520754551784014,0.03929923172351624,0.024851802082375696,0.01919253431099205,-0.011836932393096189,-0.00566579103703857,-0.0012239269895366056,0.054557060429521964,-0.008817764335929512,-0.006001986270085358,0.010783570395643316,-0.007567942034052866,0.005060092242561487,-0.004516625756588621,-0.0006776248906993909,0.011559925237400959,-0.015485306110048058,0.01356293173994183,0.004211534597038991,-0.0020648134435574117,0.0,0.0,0.002838336658693985,0.02320488409844229,0.021969630865094625,0.0,0.0,0.0,-0.0003985333371529509,-0.00033459719069039995,-0.0007785966408949685,0.0,0.06920407256033961,0.0,0.05941219681864479,-0.0009014405977731399,0.0,-8.337357584320415e-07,0.02116278991701359,0.05307864119735789,0.03697622362122843,0.0,0.018481474990989233,0.0056349671530881995,0.020999520500396662,0.0031817515003205177,0.04525255223575214,0.03486370387420956,0.0377623292849511,0.0017894581845396274,0.002750593149044356,0.009551033857524871,0.0,0.01636633253563108
0.0,0.001425676121046382,-0.0001669680947340435,0.011679906442734311,0.028130421994520205,0.019989333955867716,0.01135408907939739,0.004850826816575893,0.004310939287078375,-0.0003873009590961707,-0.014920974659105135,-0.012083116342056555,0.005214597921523623,0.004435625210434058,-1.1102230246251565e-16,-0.00018847248452580345,-0.0028882974680327633,-0.013815951979702756,0.0,0.00050937174370147,0.04583849917527594,0.0008799339486922908,-0.028965701197262717,-0.00023777965581311955,-0.0116479002411769,0.011575174006160871,-0.03407751366305739,0.007733784629357532,-0.010593972073655034,0.0018925869523455652,0.008783476353041497,-0.003357074239744462,-0.04852093334046714,-0.0021842879349003863,-0.0014744522015196493,0.011515636150922659,0.012797705562645312,0.0016512094375058517,0.009365858466345411,7.005702777906908e-05,0.035615385830575164,-0.03165179095518761,0.055865474357020106,-0.010862744065039565,-0.00015863011620914635,0.0,0.0,0.024571288909335243,-5.551115123125783e-17,0.039861459664806365,0.02691076105800383,-0.0007330935393927707,0.012458042504605027,0.015203065994811915,-0.00011919363758855495,0.07549432508604559,-0.0009519142822406179,0.002436408941633883,0.00037780404796561307,2.220446049250313e-16,0.0,0.0,0.0,0.00811370268488898,-0.00013476498573078421,0.0,7.758479816721842e-05,0.01149774362404743,0.0,0.0,-5.551115123125783e-17,0.001357154255869908,-0.0013975258121189382,-0.0008201937442233742,-0.0004646101390904933,0.0016404150796442973
0.003407213003351117,0.003803360388620114,-0.000320090634264969,0.0013365028549262026,0.0033523886619588605,0.005916700211552495,0.013331237848202282,-0.0018984419099483119,0.005574182921226467,0.022834807495499654,-4.40147105472688e-05,0.005238610920974385,0.00772474445453275,-7.015884255962002e-05,-0.008433381548963004,-0.005785842168733513,0.0031722143594076213,-0.0032917874765301947,0.00050937174370147,0.0,-0.003351001539129872,-0.001908327598167392,-0.012008594577605891,0.029558551494054675,-0.010786300580132302,0.0012645575674937182,0.002071179699815018,-0.004604557332112791,0.0037208613690074555,-0.05163538132328377,-0.04050691589843475,-0.038550192627101965,-0.01203050937400113,-0.03059628803309916,-0.03463777466887097,-0.008580377052502974,-0.0030384112528564766,0.02279731238632665,-0.06391477613074642,-0.021225612504046365,-0.030110678341582264,-0.048599327565769124,-0.008611386141150812,-0.0027273546609284383,-0.0005551063912256349,-0.003416550329712331,0.01590763234084508,-0.0019852480887549984,0.0,0.0,-0.007421628603431263,-0.011029704383773375,-0.031147963203451923,-0.0012598098589272078,0.0004868538083347973,1.1102230246251565e-16,-0.0011875064198202945,-0.013216332764893812,-1.1102230246251565e-16,-0.026376475471715455,0.0019461562785011433,4.132499729503358e-05,0.008794772490498648,0.0,-0.03517442367674384,-0.035634178649819104,-0.02918097569935585,-0.01341361787077855,0.0,0.00016409127041766558,-0.005621149306069884,-0.01688213920387316,-0.02101654246062412,-0.027542714161371162,-0.04284888012219901,-0.036597892807204435
-0.04693821414819277,0.018092493525252662,0.034668914394668515,0.0013560253983918025,-0.004269111722444485,0.008792526418740676,0.0005025137510212274,0.03302482529461909,0.013753969505941377,0.006456284108565247,0.03182659026529877,-0.005472465992593434,0.002891977099799714,0.011411588298062436,0.019703192239876155,0.008275645867523662,-0.004318486090279516,0.008399374827295747,0.04583849917527594,-0.003351001539129872,0.0,0.0018161100787883466,0.03168673762549412,-0.031100518762430696,0.018763436863475647,0.008035449903692649,0.011644066622288063,0.01123139877932966,0.00030285300029442297,0.0015015465219264112,-0.032756662574965734,-0.027000368500241123,0.015859685321536088,-0.007087081377951221,-0.018990656860105648,0.0009659730317325144,-0.0015810005150224682,-0.0003991597014512682,-0.051163073372386736,0.029246225385978764,-0.009693518448767313,-0.0014297625187680296,0.001247106565813505,0.0,0.0,-0.002639018022036921,0.017065164513104747,0.0010138653766482708,0.0,0.0,-0.007498236495335098,-0.0006647494090903927,-0.15103713191359666,-0.0031895934895269096,-0.00020530720776179567,0.0,0.001568998627721696,-0.016242056157465545,5.551115123125783e-17,-0.012363720306592108,-0.003100386743223049,0.0,0.0014688061250788809,0.0,-0.025415986966372595,-0.006052281073453458,-0.0023478872132959294,0.0007224454579771722,0.0014297430763968166,0.018182967188896282,-0.0030998612152212113,-0.003451850047677285,-0.024848543093007325,-0.018318841962776944,-0.0443619731232594,-0.025101610076089576
0.00997111219933916,0.014064495032199753,-0.01073407172291746,0.0008871938538003721,0.029630442767493492,0.011632663453102432,0.012821841036379122,0.0014371033120604837,0.009399732031379893,0.014851809718920028,-0.00041976412141414565,0.002199934589045216,0.005980336863251445,-0.0004924704425279813,0.02996513021295938,0.010944284846785779,0.007207261446827873,0.009492119765588558,0.0008799339486922908,-0.001908327598167392,0.0018161100787883466,0.0,0.0002107460355530999,0.02001135331408227,0.013476581660801512,0.0008150974816877876,-0.008971312861093872,0.000693196688924036,0.005971454734436166,-0.04558511231600243,-0.02718613731152353,-0.03765561824466834,0.0012464016570642444,-0.024812736024429405,-0.035415815597094946,-0.018649662902723074,-0.00511526735167106,0.0031135349994330652,-0.04166672956785056,0.012078396688202486,0.0026708202948885207,-0.03237688861190935,0.004644992294099759,-0.00028861863554585643,-0.0003480949163181535,0.01070818855150274,0.020185217573973624,0.0011767774135779674,-1.0955278620716769e-05,-0.00015363721191852253,-0.009196711763095444,0.003072101765766111,0.0033337043723861703,0.0026379965156763663,-0.002219397317913707,0.0,-0.00012037182093910248,0.0026231078452178536,0.0,-0.014631558700160252,0.024704146608592215,-0.0003539465066674796,0.045849358774711746,0.0,-0.017588731349103492,-0.01708459983030497,-0.004313452327485756,-0.006141219189054692,0.0007818183255827171,0.014337198573847965,0.002265897793158722,-0.017737504929301928,-0.00033256170230400173,-0.012252999193895997,0.0009368687619241145,0.0016581487479133683
-0.004708131497670076,-0.006143127669619108,0.008980068063939362,0.006902497788976558,0.017222112222135322,0.019131027927450917,-0.0036621956006813727,0.026987502754478365,0.020907929937040493,-0.0017273991955119583,-0.022425408420670534,0.012093793051292434,-0.005713434493988256,-0.007582496874836753,0.032765123744505076,0.006606195486852595,-0.0002975364208483988,-0.00520754551784014,-0.028965701197262717,-0.012008594577605891,0.03168673762549412,0.0002107460355530999,0.0,-0.005202881725592412,-0.02066362189464943,0.011964623819400777,0.012977499756112287,0.0005566069696771869,0.0069586982687195875,-0.005174751407917677,-0.0007525083842196412,-0.004930899569421887,-0.011726469912280546,0.0012467639633443328,0.002127915799690905,0.017532806942515966,0.0004747899698832603,0.0020264329065546316,-0.00858620628356871,-0.014806028963722961,0.009949347889099847,0.00745647393913651,0.027983318197909224,-0.04825841499940392,-0.0014196920773624222,4.759101898077489e-05,-0.015445425182424866,-0.14956996264356076,0.0013372968781162897,-0.016255744761359603,0.0007211108990516912,-0.002994060461708581,0.006159111843910603,-0.002597610767328673,0.0013562772223271735,-0.05219846941399714,0.06647641917744812,-0.00559081581580384,-0.04001167573996284,0.006282484446938963,-0.00018856269044925655,-0.00010052762620005318,0.0019613219723619846,-0.20630777843530035,-0.0043342870159709945,0.009031337688747698,-0.013891246444615424,0.020504144732493845,-0.0010434833991671,-0.00872953930347986,-0.011688687705563638,0.015621738782359396,-0.0025373746819067344,-0.0002958573036294654,-0.015409653133185708,-0.002119623146677352
-0.020934293475836918,0.008548371416319811,0.04263969944357765,-0.004353299218720519,0.0038043457681930515,0.04101023322554831,-0.0016829025460311509,-0.0020361996619667755,0.003058688532879328,-0.0034767565299262393,-6.236656268931995e-05,-0.0038838377679412672,-0.0045171498627401,-0.0015524620245470633,-0.00748763390099505,0.01846757668587834,0.025959940207949117,0.03929923172351624,-0.00023777965581311955,0.029558551494054675,-0.031100518762430696,0.02001135331408227,-0.005202881725592412,0.0,0.04700329106123796,0.022879456075333704,0.002035973311008632,0.0101157596430142,0.015383057959126367,0.00038201009565602684,-0.01306238594515019,0.010703045330379968,-0.020573740903714194,-0.02320075253419107,0.010170752346364165,0.016470676031091924,-0.0004270167560301852,-0.03541359828301541,-0.2254692415943631,-0.00501293449721768,-0.020084393831111103,0.010694792732259928,0.0016974098568670604,-0.0007762148742287978,0.017690631614468155,0.027479694422864465,0.022609647750407413,0.0,-5.551115123125783e-17,0.0003970657066055816,0.0006527917189513843,0.00023332117209690084,-1.6653345369377348e-16,-0.0010686460004650233,0.03460752506161413,-0.0004391457755174577,-0.01352436739496049,0.0015446176512226573,0.0,0.0016763370470657124,0.062093146753791795,0.04259134325484859,0.03684388608331479,-4.8387451813070026e-05,0.0013058345820511907,0.002242562371571055,0.0009122143296158569,0.0009324473443903525,-0.019013098699699194,0.04694590984810809,0.03547573974940055,0.0018779986699077877,0.004329903419963144,-0.0012921279539416797,0.0,-0.021596523439445736
0.0256711075205438,0.030112671410748915,-0.03696878192772657,0.0003611009323072345,0.0011720470822820794,-0.01861243752214864,-0.001997662282455348,0.023917692132654433,0.007538168800038381,0.02448538925378957,0.0014855171932519062,0.03855720999073953,-0.001344191797622074,0.00027210417601319925,-0.006001984073136346,0.028166648409504447,0.03461647593074685,0.024851802082375696,-0.0116479002411769,-0.010786300580132302,0.018763436863475647,0.013476581660801512,-0.02066362189464943,0.04700329106123796,0.0,0.0174034628563961,-0.02827087814724205,0.0018273980655335587,-0.012363749851116712,0.0007006352636822477,0.007830194574205362,-0.005479874410938446,0.018408401150216802,0.006427098287993982,0.021390564616657393,-0.07887335881632312,0.0002714622366764563,0.0045781153519755535,-0.00520138033816836,0.04096845608535543,0.029709171317843397,0.03528162390322137,-0.001089501396312198,-5.551115123125783e-17,-0.012040565186588303,0.03788169338952574,0.03358702662454205,5.551115123125783e-17,0.0,2.220446049250313e-16,0.024505653178214515,0.0006763450917422476,0.001799574928925074,0.00026130496723097973,0.0625117733069192,5.522297258614417e-05,0.05524246871672228,0.00419108467833057,0.0,-0.0027384365258792953,0.03338829653603104,0.05438926511359127,0.046286046922706436,0.0,0.02518010916902491,0.022990489723412055,0.02984400224070538,0.009250980626204941,0.04401448386907297,0.04323018897761005,0.04225521154872908,0.003457502488210251,0.030949470754635777,0.025753618712635096,0.0,0.023530322900561784
0.019704770054711385,0.013659410567227526,0.03797979018216602,0.0031716190803645072,-0.02274728926783548,-0.02210826334094157,-0.006474672774587631,0.022449131890978635,-0.025175009737325282,0.009854132702198704,0.0033103783207860116,0.018160115055684045,-0.0022238687406919144,-0.004371404441122828,0.0058179259179010345,0.00857036066016198,0.02767986396995975,0.01919253431099205,0.011575174006160871,0.0012645575674937182,0.008035449903692649,0.0008150974816877876,0.011964623819400777,0.022879456075333704,0.0174034628563961,0.0,-0.01113128600118779,0.002708734625895104,-0.0005263241924644557,0.0013214849924446104,0.0014112632011762383,-0.012772995429013556,0.023235533542900644,0.005379913011240911,-0.0017925462666253944,-0.10292257582376235,0.0007701223116294842,0.029043867437573645,-0.022341671831150156,0.03988786552430895,0.026690170375035127,0.027485732535120044,-0.0012906072490612708,0.00011227105637018342,-0.010075999588969764,0.03059677914385389,0.017203367147122228,0.002554775928994557,0.0,-2.986294001866563e-05,0.00866688275296923,-0.00030860400437748847,-0.0013384801117241052,0.0006034243480485535,0.057972198850381795,0.0,0.054540669359173066,0.03876656217755342,0.0,-0.0013377221722852273,0.023229225105991236,0.05791357044863654,0.052735320662120944,0.0,-0.004628333792219053,-0.022456879822064346,0.0057658208221458285,-0.014392594436563766,0.04301212729140935,0.04606912591899104,0.03212551906808159,-0.009922620325602927,0.00791660107682235,0.011344999577594939,-6.212102632807692e-05,0.02200417176312408
