0.0,0.6167425462362048,0.3611879098911266,0.0,0.4119310958003912,0.622686200408183,0.4779809874582482,0.39809388002687307,0.45453819996632966,0.540066852860208,0.47212484812642097,0.38423692881584603,0.5874005351251979,0.5297968427052113,0.4190470707373084,0.6367084856234375,0.3532789343840048,0.6562956693154165,0.0,0.5225872402017133,0.2986103934660074,0.5435217385590947,0.4360561878562339,0.42433610403755573,0.6251755522721869,0.7057748705804506,0.5279126284408981,0.5800099526859825,0.5974133115296798,0.6914332741319497,0.4692799709643445,0.74913246226728,0.5918930470395771,0.3436996250452333,0.48673549925676624,0.6484320550767044,0.48465719272811825,0.42480166394044394,0.6273696763560692,0.5521728805504122,0.4589714273032313,0.4020431890873156,0.46150821468778325,0.0,0.42695380256522564,0.39662036707831616,0.5840712429054399,0.0,0.0,0.0,0.8129813417176575,0.0,0.554404196052118,0.0,0.3038430602028561,0.0,0.6574121599643776,1.0589633807019114,0.0,0.5730716734693986,0.5832750621168472,0.2687465601272391,0.5281542815438718,0.0,0.33132016740470277,0.551584955865732,0.5852039884752643,0.5727156743208376,0.5658483397327246,0.5752895935714559,0.5868897939642365,0.5611223725787775,0.3930222772464399,0.6443589590719029,0.0,0.39967046545884516
0.6167425462362048,0.0,0.499960756148489,0.3483546776906976,0.37220123952186684,0.6079239262435315,0.5282035297246972,0.6644321311835961,0.40848768551716697,0.6254278439190237,0.31995266389965316,0.4325215295426881,0.5660355623746491,0.5259423107265189,0.5271286592385431,0.6869757881637065,0.5485311290668718,0.7225748447746398,0.6449590216778442,0.6078889775873018,0.7016849363918779,0.7550965686456316,0.6725655063253568,0.3670451232383233,0.5908004543178831,0.5181362696344365,0.598833868395274,0.5808288298888511,0.6128423562405532,0.401468969112036,0.5588549763724817,0.4207419322447017,0.24028724775406995,0.39200486155587544,0.4661007143538922,0.424985048065878,0.22830716465625187,0.0,0.5404763842596958,0.6020206492767323,0.4468239377764813,0.5671858878998064,0.6471961660033481,0.0,0.0,0.41271346892685634,0.5300410681695659,0.05519618666886009,0.0,0.0,0.5565211736347367,0.6615075551977293,0.5773792908326525,0.5591660872921531,0.7655081259684666,0.0,0.4362681615504296,0.6659213475893522,0.0,0.5372653150268216,0.5392413763214814,0.7308096416481604,0.6210187110235841,0.0,0.579392818146743,0.7893376372923506,0.7231506569824355,0.7063187490819411,0.42876953402526363,0.471060698492982,0.5170039343612988,0.6144745063260619,0.7679368829867617,0.6268930644889779,0.0,0.5629210689637693
0.3611879098911266,0.499960756148489,0.0,0.44467927446345323,0.6765773719641669,0.5491245230585544,0.625214057491207,0.6073545123083779,0.2190759946551734,0.2871504241677234,0.6176740513429086,0.5290073173679852,0.575637662904133,0.431423908968729,0.32530834362013694,-0.06338897724901985,0.2418862550477207,0.5068518013408034,0.6511289522278421,0.33430440761229197,0.408360816955465,0.4351400193804005,0.3370367515779131,0.39960165782616897,0.3902073945562791,0.4020791942733735,0.5763035401400554,0.5032572347695626,0.6017162946041338,0.4204589976205745,0.5299482367847496,0.43311355887055625,0.35460199060686487,0.5132137810465499,0.3601589312406377,0.4381319625696374,0.3383703528245725,0.5029875976296961,0.7953416485356216,0.49781300065404593,-0.09008988750301244,0.12724980458078097,0.5812676062817366,0.746124093145418,0.0,0.0,0.2093572299529164,0.31755363953520305,0.48407228686555487,0.6065423790112695,0.4754133954091983,0.5775280450156424,0.5912261831185335,0.6643911744686581,0.3791494807491079,0.39389041677162384,0.47551058533080703,0.6042786148868439,0.6001913580830901,0.2461570604603657,0.0,0.0,0.0,0.31745442871054214,0.6477597526684182,0.4548768522093156,0.09897339715716917,0.5460940922233946,0.0,0.6289164694820706,0.34580175783471684,0.5475085465704533,0.5597887493650248,0.6105296624274883,0.707055768551832,0.40223576728665733
0.0,0.3483546776906976,0.44467927446345323,0.0,0.5381891133270282,0.5152261236080571,0.5609930027545035,0.61650296593652,0.5870000821330051,0.27858657083870775,0.3881189547544308,0.34252745462415957,0.3500699499985468,0.538922898026504,1.1666198696421137,0.06875163407941233,0.5844396599179076,0.462481720717601,0.4290715422259821,0.8026022386772393,0.389982224593581,0.8024946515396763,0.44719237435360365,0.2604852695354236,0.8767122719347797,1.1507698354249523,0.4099913259531083,0.4187224214283578,0.49545553785001795,0.4257758995071159,0.4123010985261335,0.29626816988502586,0.4819228450218952,0.07571645872652749,0.7186246657219848,0.3626045467187593,0.3116756315143206,0.2861033604956048,0.17730194609493127,0.31761236344961247,0.3875852350359219,0.2958082052294193,0.24932004310783648,0.2433870073440914,0.0,0.0,0.0,0.4103835818503653,0.0,0.0,0.5684505985157392,0.0,0.46203954391571844,-0.012773875851713478,0.0,0.18376614007151781,0.4936791677464617,0.45548453653377446,0.0,0.0,0.0,0.0,0.0,0.0,0.0,0.0,0.4873614475779303,0.6215087200029201,0.0,0.0,0.0,0.5220818767958555,0.5464714077889856,-0.05472060718411709,0.0,0.0
0.4119310958003912,0.37220123952186684,0.6765773719641669,0.5381891133270282,0.0,0.6345461601355408,0.5700853334607252,0.8546620090476712,0.5265689916737728,0.7774293787363544,0.7092265390076202,0.582821129472203,0.7000412158568152,0.5633584093761114,0.4941901389442934,0.49670701274252016,0.5776012902445631,0.19117407789944413,0.6802253254478494,0.4936859145031146,0.5244716836643826,0.6150544106376702,0.48153245640483777,0.49672647493912403,0.3595688296428276,0.3962207645869056,0.5648825512830318,0.5795212604779219,0.6665750527505281,0.45704123998257373,0.5729164954784892,0.6974427152898355,0.2470980691132431,0.6420055092910361,0.7308005632845966,0.42769413927177746,0.8776120061501537,0.6149897158438294,0.8168960679564847,0.6943163146293253,0.5817815669416525,0.40979391539807875,0.9293395816328667,0.6505585043876085,0.27103116238281844,0.0,0.42664127167015736,0.763571925140309,0.0,0.5687216754812863,0.6240337589396077,0.740692936642995,0.8276948569800568,0.6927584714871893,0.0,0.8412748397037142,0.36682746902957186,0.66737480141279,1.1384612080005543,0.26035830897515,0.45585099082845404,0.0,0.0,0.8495099057960495,0.32991907434126877,0.4906263179472944,0.3439473755977055,0.6215143377257527,0.0,0.4996067930664322,0.24240105567755105,0.4440347373084522,0.6286966957946658,0.4581810220115818,0.0,0.5393800676276919
0.622686200408183,0.6079239262435315,0.5491245230585544,0.5152261236080571,0.6345461601355408,0.0,0.7044285209384873,0.5537027495910978,0.5937992061944966,0.6678381167707341,0.5250122630290824,0.6272532411786297,0.7688612449326052,0.6218972487351921,0.527617877099561,0.7225407889552021,0.6145431400394519,0.6094685896951287,0.47009383479835454,0.6999138862164401,0.603355900878449,0.6384762174527194,0.6689774603729699,0.4910837758994404,0.55225549562738,0.8166037560036041,0.4127069840630502,0.7263936339777608,0.3324791935146577,0.7252350527824984,0.7096589781482796,0.6601187295139154,0.7529937842102818,0.6889762903034415,0.670197130301905,0.5997177839198239,0.4799661949247106,0.4268930807509401,0.6003510180365813,0.322099766623678,0.44785867165270277,0.16627756700774754,0.6349023594670692,0.3018789876482302,0.19776720504506515,0.6320398463889486,0.6239473219855864,0.5341493999450007,0.5623228959144599,0.4979384597191123,0.5127848898894257,0.6577326413984776,0.6569930276630154,0.5771005095928554,0.7198962232158082,0.5280103802361156,0.3283202326835182,0.6256006701502252,0.5463134496754178,0.7850544473257157,0.5917490036140736,0.0,0.520735975705003,0.43878022449697396,0.7338272598880021,0.625589760593441,0.8021160184404328,0.5412673643958513,0.5849620547833014,0.5139067500260583,0.6352075576425102,0.5098748982479002,0.5541258965578797,0.6619298179971114,0.47702550635212815,0.6045358395659981
0.4779809874582482,0.5282035297246972,0.625214057491207,0.5609930027545035,0.5700853334607252,0.7044285209384873,0.0,0.5535699581440523,0.6927678191313039,0.7102314386182781,0.7209496366788841,0.5316085305524403,0.5374492538171339,0.7941852993754859,0.5129094547849584,0.5379090868311511,0.43455481652683925,0.4463895494712479,0.6466325335104026,0.6030074093850126,0.46316274929883006,0.6412746812529193,0.618144635727006,0.439898613381293,0.47655806668399897,0.5670200643843142,0.5563376859953044,0.6282050117619056,0.7184000316812457,0.43927059749817754,0.561972562885726,0.6559337547406658,0.5239373427213603,0.520106895891194,0.7137050843260896,0.4832440640266639,0.6275680564393125,0.5737883968968722,0.8802594139350269,0.43880751476967506,0.5786424838810844,0.503924679901155,0.682959333751723,0.07845525745800713,0.3488835988244958,0.0,0.4873995891733925,0.4852203068792227,0.0,0.5638553238342783,0.5921743715095372,0.65540798037551,0.557171706477467,0.6165619777299867,0.5842524043789201,0.684243800926172,0.4332008536569065,0.5256267579061069,0.3536752947387448,0.3326116449063478,0.5971538691706171,0.0,0.5473390688240305,0.5849729424041761,0.6196134503406482,0.5025348410790063,0.5589102109843808,0.5927701801965998,0.4698422203765511,0.6162670321487618,0.4557249155734568,0.5321696016096552,0.5714469055750558,0.4680005664344421,0.7755457615284467,0.5176819051197497
0.39809388002687307,0.6644321311835961,0.6073545123083779,0.61650296593652,0.8546620090476712,0.5537027495910978,0.5535699581440523,0.0,0.5758836773063915,0.5062387940832965,0.4911681602852933,0.5453066413718752,0.5983022477038569,0.8437897562315148,0.43404051298330604,0.5316505564221745,0.45893979829255704,0.4769452849124246,0.56435584172184,0.5320677575188559,0.285448695135754,0.713740274733978,0.572792753703192,0.3126059953746585,0.5138361139626163,0.5174854904365281,0.44472041587175587,0.530372550603149,0.5206926397019181,0.5052260887891538,0.5038198568090784,0.646926009532796,0.6267500915691182,0.43427056138930437,0.41933103491787543,0.692813551903122,0.5723193343500684,0.678289697499602,0.8016869802720601,0.4086955595369862,0.5532416551152972,0.4694953017910079,0.794914000220081,0.44363602783106043,0.0,0.5434160852619564,0.3128850005668846,0.6714928859170946,0.0,0.7419782945361793,0.6217472894408032,0.7484137758342608,0.348777694576906,0.6315119687327082,0.8183418846979329,0.6597733983485341,0.9607639370632854,0.6465758128283786,0.5662725614738049,0.808332375170973,0.37328100533849695,0.0,0.6413247256774399,0.6542912711758461,0.5950684967249247,0.3961449070870363,0.4493376372761323,0.6572681861129698,0.0,0.47583624301768507,0.3676254173094802,0.5025889080454478,0.5836156271848125,0.7606538184424236,0.5354690886586226,0.5840400217096025
0.45453819996632966,0.40848768551716697,0.2190759946551734,0.5870000821330051,0.5265689916737728,0.5937992061944966,0.6927678191313039,0.5758836773063915,0.0,0.6477496158036413,0.4739873775989559,0.5766415903161604,0.6623368350048748,0.595780921922743,0.648771108971824,0.44292007057907107,0.5441350302393732,0.5417983982668461,0.2630115272611423,0.5560862113194478,0.420646776348955,0.5836924492155113,0.4082674387600466,0.5758884402292723,0.534499431658665,0.662777493375075,0.3920204870882745,0.6404058259984503,0.605888384643458,0.5409400537272601,0.6165733596282499,0.6628575421008861,0.5733719255377783,0.6013447527907587,0.5504913094370167,0.6651798608599051,0.5003700751983107,0.5819334926362085,0.6870920892006552,0.5352195327693795,0.25997916544051775,0.29512977329437867,0.5186359373973107,0.309250703069681,0.28567784874403246,0.0,0.5184105166354851,0.5666796013015616,0.4849616002860264,0.7082966967068197,0.5497174190115843,0.6555459655480226,0.5971986519392329,0.4951935132946613,0.22186229026834747,0.5985549492899294,0.4720976455311331,0.5396670805830046,0.533050593721372,0.4308764129198065,0.6839640377325034,0.0,0.0,0.4769283223915787,0.6088808186252883,0.6918326886252111,0.5715552168945106,0.5388995138920946,0.3337185139107296,0.5622567492183805,0.1468690255024626,0.494104935757805,0.5974289998622968,0.5627114036532616,0.4994455406749445,0.716180767731619
0.540066852860208,0.6254278439190237,0.2871504241677234,0.27858657083870775,0.7774293787363544,0.6678381167707341,0.7102314386182781,0.5062387940832965,0.6477496158036413,0.0,0.6045249349204598,0.5387400340420041,0.43214393266328893,0.6843720140159311,0.5353392749419825,0.5716320333020425,0.7762548978759517,0.674524433073717,0.5299247374811272,0.4184454337886928,0.6346281583279474,0.5004876833374445,0.43060166580971315,0.5961619191020235,0.8461957719962425,0.5644763414741674,0.43736391984741696,0.5785285170088875,0.6687720588766976,1.0731797567202574,0.7084937715673054,0.30694278563772565,0.6609335304606211,0.8755362539514295,0.5237533263790973,0.7185577117328527,0.7830224356548487,0.725482161571287,0.15934550301869055,0.31735291836570534,0.5749005764471404,0.3855856672508917,0.3281323152203969,0.3451332719458328,0.3958945750436985,0.6413491381280827,0.4831902360456697,0.16831103333315833,0.4980670345163474,0.45363968164622326,0.5177551438931787,0.519765667885677,0.568238894902523,0.2233211017469316,0.5198832116724472,0.44290536300115374,0.7117151223270444,0.5662771976120926,0.0,0.9084382511100835,0.6704581742126816,0.61846746548324,0.512122909215708,0.4772757786180877,0.4702401002828967,0.5532487514576468,0.3256434006691955,0.48909797151872003,0.5116925624369605,0.5440167446765483,0.6292795037412029,0.58847795219691,0.5337560707155413,0.39638781383841976,0.0,0.6811501210234968
0.47212484812642097,0.31995266389965316,0.6176740513429086,0.3881189547544308,0.7092265390076202,0.5250122630290824,0.7209496366788841,0.4911681602852933,0.4739873775989559,0.6045249349204598,0.0,0.5435472355298202,0.6215413114405698,0.5356022503879694,0.0,0.5214380692157412,0.5768136515835296,0.6489110264049702,0.4535054381145184,0.4536516967116467,0.5442081525005587,0.39173651390338654,0.43737783152902454,0.531654969255267,0.6587222525590625,0.5981130620066782,0.4305903464399496,0.597087618953795,0.3682495641594322,0.5479137910715446,0.5613081651477804,0.30810287451447105,0.35343567232487244,0.5484137696374002,0.4349838648288702,0.392823162045629,0.6786968040344359,0.4543869591215081,0.4260394719799624,0.5470078412367989,0.5362192293343113,0.38699276763879115,0.5274941380024678,0.22621388619700267,0.1964703754969836,0.0,0.0,0.7906374063627124,0.46969895447171794,0.4604676535503663,0.6848887070067232,0.632759581906322,0.6426067244359298,0.7542689407242724,0.5117888497213396,0.365669985869495,0.4278795014352528,0.6846966482449883,0.5988665919016664,0.0,0.0,0.0,0.0,0.6745981601504502,0.3650077383372988,0.0,0.6744775057823837,0.45929343571353887,0.0,0.0,0.9613412030723544,0.5112052309080373,0.5348028050272506,0.35785103816987546,0.0,0.5585749765550481
0.38423692881584603,0.4325215295426881,0.5290073173679852,0.34252745462415957,0.582821129472203,0.6272532411786297,0.5316085305524403,0.5453066413718752,0.5766415903161604,0.5387400340420041,0.5435472355298202,0.0,0.3952377326394437,0.6316001872399835,0.4063359023931089,0.7468396162956108,0.8762115361865518,0.7815947303092503,0.3979634243135477,0.5357497750904296,0.7047838354441449,0.17931962429596324,0.380120671129103,0.37357774875629557,0.7021494390828649,0.4186277437126039,0.3549430004799474,0.060461178352003264,0.62954668308677,0.3033605218151543,0.35802830536493757,0.1323095586233958,0.5674809204306092,0.12908536965456235,0.08879982003187495,0.18821744172172158,-0.00973756464267117,0.13650628409958235,0.4039331045806024,0.4064390715685478,0.6799666626344933,0.3264060320760425,0.4262586350716295,0.46718225177521666,0.497006464076611,0.34125189245952825,0.5662152387449533,0.290035849543709,0.19265782868641762,0.29684503697417153,0.3253618891181235,0.5069468634346146,0.2259655135698386,0.42808620939328845,0.5383174869735204,0.25301669851271846,0.7623075684983828,0.654226238334723,0.7179446941613985,0.6372804815888014,0.5402456622359084,0.5916456783022597,0.642142281235119,0.33254918517113574,0.7654046303807153,0.7742918838433854,0.3875579028813907,0.5223033482359198,0.4480983372434323,0.5360560711302071,0.5831404623202877,0.34216722967850255,0.7711837069670682,0.5423303470255106,0.0,0.6631790487604032
0.5874005351251979,0.5660355623746491,0.575637662904133,0.3500699499985468,0.7000412158568152,0.7688612449326052,0.5374492538171339,0.5983022477038569,0.6623368350048748,0.43214393266328893,0.6215413114405698,0.3952377326394437,0.0,0.6207245748119798,0.5446988591138646,0.6374428673474641,0.3923044190572965,0.5466299583293784,0.6163358513706337,0.6932774583772325,0.5322836116798387,0.6506837361365277,0.6123781877111616,0.2717364431761991,0.5803516627472602,0.515082001977806,0.618690761223544,0.4748858162291033,0.7830906742196317,0.8775325444295099,0.3372907005840498,0.5727668405089598,0.1949944051309087,0.355223145414925,0.5840024648594552,0.484559137648949,0.431366917781261,0.27949959002232877,0.23042064606536494,0.5356643447746197,0.7613411502272264,0.24590324124451363,0.589317152402764,0.18962287623162527,0.4423020011872626,0.6469800355726074,0.6760664701816526,0.67635180647767,0.0,0.7481374541238621,0.5670573302350143,0.6750793611022313,0.5636669153503271,0.7300559845626489,0.5634333383029091,0.33550624582719996,0.5173322620752987,0.7294339841408007,0.42183802452922425,0.6136989021646138,0.5231009138746125,0.40140389547995725,0.5554660897043825,0.6155714577747193,0.6273294873024828,0.596791001681148,0.7056610996019261,0.6124652953736959,0.487251578253829,0.570015624505172,0.5135128725936974,0.59400849991051,0.5233784613217493,0.6540479192149609,0.5464853276298807,0.5283646308296613
0.5297968427052113,0.5259423107265189,0.431423908968729,0.538922898026504,0.5633584093761114,0.6218972487351921,0.7941852993754859,0.8437897562315148,0.595780921922743,0.6843720140159311,0.5356022503879694,0.6316001872399835,0.6207245748119798,0.0,0.4783965640551787,0.5621306764596106,0.4892588804426003,0.4813685884729058,0.3998701807671872,0.37320810910623525,0.3685136646693682,0.26737154403963825,0.5764919317133341,0.6808665577891941,0.4869223579212555,0.5078186408509978,0.4446022598895033,0.564245456266052,0.3734893650546933,0.8296113371320758,0.5226743232359556,0.3833882015091242,0.23319706634794135,0.6627404699466957,0.36127575234348885,0.44473410516548983,0.4300432464496608,0.40277908924855,0.6922893304402089,0.0,0.7065483017156586,0.8531951698082118,0.6289818419811057,0.48330566812262754,0.0,0.0,0.0,0.47115427084603445,0.0,0.9503824475998144,0.2069048590115881,0.6932039077988115,0.5912336195189598,0.41791037688567356,0.0,0.5690717271080208,0.403575091679214,0.745853574753918,0.7485838925634976,0.0,0.0,0.0,0.0,0.754964083889741,0.0,0.0,0.0,0.5908152021616122,0.0,0.0,0.0,0.4723976266695532,0.7633903141354079,0.0,0.0,0.0
0.4190470707373084,0.5271286592385431,0.32530834362013694,1.1666198696421137,0.4941901389442934,0.527617877099561,0.5129094547849584,0.43404051298330604,0.648771108971824,0.5353392749419825,0.0,0.4063359023931089,0.5446988591138646,0.4783965640551787,0.0,0.6230693229907189,0.5493698950272415,0.5532312835591779,0.0,0.2740603050418105,0.5571999033385979,0.3339500882482833,0.3556738798814155,0.693891102212921,0.5499937180370291,0.8232940795551005,0.43538279386827183,0.6818261204686842,0.6034863189496453,0.45458955822921077,0.7593213706063731,0.7229723714181413,0.6976163446583445,0.6514045131448115,0.7854208240095877,0.7454660959289908,0.7760470581770154,0.37620572470814706,0.7398503426206713,0.7149645350153497,0.7594527459341328,0.4970273857503747,0.5274144850915587,0.7859538663610552,0.0,0.5680409687059451,0.787242062101388,0.47804304857986,0.0,0.0,0.7195079476425934,0.7179440004766822,0.5970718452465407,0.5644212522041803,0.0,0.0,0.6987971800545469,0.5872625916218621,0.47300111635627023,0.7948510662311419,0.8909500530527936,0.6357109025763708,0.7285255275889122,0.0,0.8126936043268675,0.8657465127016589,0.8616984598097539,0.7712571070173031,0.4515886514346584,0.6089954053398476,0.7956785694542892,0.7442387797403773,0.6008615071353468,0.5928199940874722,0.493774004404871,0.7233289386890693
0.6367084856234375,0.6869757881637065,-0.06338897724901985,0.06875163407941233,0.49670701274252016,0.7225407889552021,0.5379090868311511,0.5316505564221745,0.44292007057907107,0.5716320333020425,0.5214380692157412,0.7468396162956108,0.6374428673474641,0.5621306764596106,0.6230693229907189,0.0,0.6601905531934857,0.8582798497553228,0.45210709917968656,0.656457701419354,0.5608931403909824,0.5401191141872181,0.5677969877145388,0.5443080281155189,0.6900833501936854,0.5823020244229999,0.6277386373174494,0.5561326101246789,0.7509927781189827,0.517886442235474,0.6792753440591842,0.7085867969965075,0.35753361412575513,0.4034359743102863,0.5339770473162874,1.0159211299316657,0.4028800179694739,0.6136974435803516,0.675817315538705,0.6426304278182142,0.6097627403047304,0.47892249414706767,0.46478845391530155,0.0,0.0,0.3626786569014755,0.6087703723779512,0.0,0.0,0.0,0.5713195429720292,0.6014818722550023,0.7999061882606138,0.0,0.5394781263829059,0.0,0.455582379937283,0.5874382251150521,0.0,0.6616716372888551,0.6191151016892434,0.5416892822608195,0.7128630919653651,0.0,0.5118200137043478,0.8770494676158629,0.6583554293586953,0.8541712350912,0.40097773318565705,0.619105831847879,0.6291772683599095,0.6860706162848202,0.6105040369484678,0.6210441808929188,0.0,0.47991970906942305
0.3532789343840048,0.5485311290668718,0.2418862550477207,0.5844396599179076,0.5776012902445631,0.6145431400394519,0.43455481652683925,0.45893979829255704,0.5441350302393732,0.7762548978759517,0.5768136515835296,0.8762115361865518,0.3923044190572965,0.4892588804426003,0.5493698950272415,0.6601905531934857,0.0,0.9983511887176792,0.5893181182702197,0.5310145686389046,0.5833434949649561,0.5973404077776336,0.37253045812127356,0.5498861485396175,0.9007757545501415,0.5687478567431342,0.38293897226637763,0.7004519211927427,0.33629512387033106,0.46947793607015964,0.5787742542804346,0.6324189484530103,0.6241578686883875,0.703883147675873,0.5750974918407243,0.405887546726431,0.24044989864204525,0.5583166415683776,0.5522170167151396,0.5740311253269337,0.455689398115673,0.5406429764984446,0.0,0.0,0.4664570593132925,0.6173591339630644,0.5487967115732101,0.0,0.0,0.0,0.0,0.0,0.0,0.0,0.5296606205013119,0.0,0.5899290201428273,0.3063224210123941,0.0,0.7794912534273821,0.5756597102101596,0.6081611869478158,0.47661915498955604,0.0,0.0,0.0,0.5443637161418496,0.0,0.6045123997692001,0.607148932704945,0.617352824270401,0.0,0.3067704411693862,0.48256759285190454,0.0,0.5386255855641311
0.6562956693154165,0.7225748447746398,0.5068518013408034,0.462481720717601,0.19117407789944413,0.6094685896951287,0.4463895494712479,0.4769452849124246,0.5417983982668461,0.674524433073717,0.6489110264049702,0.7815947303092503,0.5466299583293784,0.4813685884729058,0.5532312835591779,0.8582798497553228,0.9983511887176792,0.0,0.48429161304892343,0.43916302362563364,0.5609798318844608,0.4865235535106909,0.4634636869408595,0.6400910899641511,0.7653149141845844,0.5532785384752876,0.3432249096092782,0.51853792612704,0.37988700111161133,0.8164885055144686,0.6293113697912293,0.5723943779001501,0.6474459722198671,0.7749575982154007,0.5563002454429622,0.017187086142618824,0.259511863793793,0.6646753726291574,0.6793608386605674,0.6173276200714681,0.5965914218941994,0.38612088010553136,0.0,0.0,0.5694314046617235,0.579697042288812,0.6036345635454065,0.0,0.0,0.0,0.5209038096610721,0.5795947658562371,0.854750511266347,0.0,0.5855715697102382,0.0,0.562175927304599,0.5376236125670595,0.0,0.6187134821854001,0.6484962418287388,0.627999899891047,0.5583871726520675,0.0,0.370783151755902,0.6504904572578473,0.6082014542090568,0.7683182939644883,0.7144695361230697,0.5357844786049137,0.5873547666034901,0.48391138225281644,0.6413516187842638,0.5879379054047362,0.0,0.6317336732364551
0.0,0.6449590216778442,0.6511289522278421,0.4290715422259821,0.6802253254478494,0.47009383479835454,0.6466325335104026,0.56435584172184,0.2630115272611423,0.5299247374811272,0.4535054381145184,0.3979634243135477,0.6163358513706337,0.3998701807671872,0.0,0.45210709917968656,0.5893181182702197,0.48429161304892343,0.0,0.5562249512474948,0.4433713892735995,0.699709853844783,0.4582621557578937,0.5079498343195316,0.593440894618018,0.5355445018913364,0.5258304935905556,0.5828998739970441,0.5615516093736205,0.6129046705616539,0.525123543218657,0.3774168121303496,0.3972779353826128,0.5379958391565735,0.4355158303923453,0.32125870586610716,0.3944964685552496,0.24694712247449535,0.3315047578649285,0.399439677564041,0.44513320291752717,0.36836189183727863,0.692821571667513,0.3472732622585599,0.4073980970766527,0.0,0.0,0.38401851932062325,0.0,0.47994036050990885,0.39169320704710947,0.5019051139401818,0.6110698882423069,0.4822690030795178,0.9384052956761508,0.39305958723267787,0.574209828152421,0.4505814209935763,0.4274379702802448,0.0,0.0,0.0,0.0,0.6169659808890107,0.4764452802771848,0.0,0.4936294575194402,0.4702809273738232,0.0,0.0,0.0,0.44428686905807835,0.6120538661594175,0.465499888931722,0.47874156015254987,0.565146007827753
0.5225872402017133,0.6078889775873018,0.33430440761229197,0.8026022386772393,0.4936859145031146,0.6999138862164401,0.6030074093850126,0.5320677575188559,0.5560862113194478,0.4184454337886928,0.4536516967116467,0.5357497750904296,0.6932774583772325,0.37320810910623525,0.2740603050418105,0.656457701419354,0.5310145686389046,0.43916302362563364,0.5562249512474948,0.0,0.7598840769993812,0.580267040939483,0.5323096698056555,0.5874599728968024,0.6606271509686533,0.7000631807407767,0.5082287230209921,0.3540760687277352,0.6220961021287997,0.32696966182837495,0.7872701124955379,0.6826290063689369,0.48581997970320856,0.6165639445616914,0.7679625198874502,0.786901306427234,0.692252675191845,0.8229200185413603,0.7001714547340443,0.49856108402651056,0.5989113487583557,0.2855393210462671,0.531388622098125,0.26302847596832923,0.22327185506151884,0.353405526856829,0.4993114871722351,0.5008495678138359,0.0,0.0,0.6355529174235199,0.6219115200241642,0.8357704077864884,0.4441761744084096,0.939527729242237,0.0,0.6052301284366051,0.772230182156117,0.0,0.7568454115938226,0.6404358497566089,0.4630436788107416,0.5977776848504281,0.0,0.627952524054777,0.5897721018589095,0.74685009292486,0.6137478446333805,0.0,0.5053043858832448,0.5889361498675298,0.6546448883236393,0.5740079410344852,0.5991835112645405,0.5112125560425913,0.588080600930918
0.2986103934660074,0.7016849363918779,0.408360816955465,0.389982224593581,0.5244716836643826,0.603355900878449,0.46316274929883006,0.285448695135754,0.420646776348955,0.6346281583279474,0.5442081525005587,0.7047838354441449,0.5322836116798387,0.3685136646693682,0.5571999033385979,0.5608931403909824,0.5833434949649561,0.5609798318844608,0.4433713892735995,0.7598840769993812,0.0,0.671198806859215,0.5203208873808962,0.37368617331178433,0.46810186546855653,0.7693964018474702,0.585995514329018,0.5872841765338004,0.6677918234365505,0.8230564093307071,0.6636925080068123,0.6477702774177605,0.5884504338678975,0.5214136047601998,0.7599486052401389,0.5057524894470299,0.3598987022663351,0.8473752231507313,0.792829462472975,0.574127654163096,0.6076714822785971,0.7958566955826265,0.5760807399411829,0.0,0.0,0.7306173919148946,0.7259384048799613,0.6629515415637888,0.0,0.0,0.6928692385619577,0.4448418874090214,0.500870378455198,0.5625021718795237,0.5956694782656367,0.0,0.7407524794317772,0.5800291875855057,0.0,0.8839186277000005,0.8732653212034057,0.0,0.5171079130846594,0.0,0.6444538029331984,0.8059451647051383,0.82311765381369,0.5474770995176336,0.8190395354020612,0.46294967983790714,0.9609956137361932,0.5839123621355379,0.6116843188305147,0.6523463988946592,0.4311969820356426,0.5025064116603516
0.5435217385590947,0.7550965686456316,0.4351400193804005,0.8024946515396763,0.6150544106376702,0.6384762174527194,0.6412746812529193,0.713740274733978,0.5836924492155113,0.5004876833374445,0.39173651390338654,0.17931962429596324,0.6506837361365277,0.26737154403963825,0.3339500882482833,0.5401191141872181,0.5973404077776336,0.4865235535106909,0.699709853844783,0.580267040939483,0.671198806859215,0.0,0.7538478950182006,0.4236844431683862,0.675792690288705,0.6429247057303944,0.58564575730114,0.6588652009865487,0.5738123985790085,0.6366312675916002,0.6289973343153232,0.7561608560515112,0.42539749672270477,0.6380939344843344,0.7818583296416697,0.6495374565514671,0.8474729473465142,0.6122598854829105,0.7791739956294839,0.7014039736502083,0.6361917763683467,0.4982552373212309,0.5606526306299413,0.5851420017605863,0.252989970271301,0.5614324552467647,0.6600608785459089,0.5817943877032525,0.4790712801887381,0.24653675242208167,0.8320100843381848,0.7279442838879451,0.6023731280092135,0.8237806619025101,0.4295646373701649,0.0,0.5534076989111414,0.6580536155988115,0.0,0.7748419954782955,0.7086597424671777,0.40883539229214416,0.6107642623629368,0.0,0.6705369702589142,0.7499011684027073,0.6746319090821129,0.6505413504544761,0.7432420516157932,0.5087913702332765,0.6660351520250367,0.673426426452709,0.6919013482538845,0.6328012876704056,0.560066609520242,0.6723220532967253
0.4360561878562339,0.6725655063253568,0.3370367515779131,0.44719237435360365,0.48153245640483777,0.6689774603729699,0.618144635727006,0.572792753703192,0.4082674387600466,0.43060166580971315,0.43737783152902454,0.380120671129103,0.6123781877111616,0.5764919317133341,0.3556738798814155,0.5677969877145388,0.37253045812127356,0.4634636869408595,0.4582621557578937,0.5323096698056555,0.5203208873808962,0.7538478950182006,0.0,0.4211206213160832,0.5716168268210977,0.5359277191415918,0.5086763454123094,0.4809742184616539,0.5801306978359606,0.5483549135782869,0.5472012735176439,0.5527466530269506,0.26213770232312583,0.49705162012839404,0.5731140136725348,0.6702625584345421,0.44545839402580073,0.1645245784784238,0.7280664081798327,0.54495859398786,0.6376047131802567,0.16036829767565564,0.6592420679783835,0.4650137224028751,0.5900432875630319,0.8281100102560688,0.7252753568963395,0.3386076443780744,0.5766178830984994,0.6588548127091483,0.5446430592038122,0.6033837388426347,0.6780882901794228,0.5662095985003304,0.6401048036785768,0.6613463220548963,0.41944705474060906,0.5733020382908435,0.5850601818826803,0.711722148601969,0.6822254978095907,0.47024010028289676,0.5457761960073002,0.3321198309048919,0.6280981942402111,0.7016510970473453,0.689670673271482,0.6881063800050475,0.24873948348280908,0.59424288728067,0.7031743822467271,0.5071150529736599,0.5602559773570606,0.6561750359005847,0.5539865026795185,0.5930440020584895
0.42433610403755573,0.3670451232383233,0.39960165782616897,0.2604852695354236,0.49672647493912403,0.4910837758994404,0.439898613381293,0.3126059953746585,0.5758884402292723,0.5961619191020235,0.531654969255267,0.37357774875629557,0.2717364431761991,0.6808665577891941,0.693891102212921,0.5443080281155189,0.5498861485396175,0.6400910899641511,0.5079498343195316,0.5874599728968024,0.37368617331178433,0.4236844431683862,0.4211206213160832,0.0,0.7408539741774318,0.3144495840205686,0.5186408357590947,0.3354968036812945,0.6356722380691747,0.811853909401995,0.4294179607265489,0.388300077614445,0.1982639199375828,0.09398121912741467,-0.033364395441117745,0.40218282830100716,-0.1039289828024757,0.3586254331413754,0.8923554903861892,0.22337218008227028,0.21919162646688478,0.6175218231141328,0.5765548043265627,0.36080250107449297,0.18398694715213176,0.5002004960870403,0.46370843845081405,0.0,0.0,0.4553308088268271,0.5656288946824826,0.28937236743364986,0.0,0.027492733219534278,0.27712971062543185,0.5530097408429792,0.48133721849527333,0.3807758054100464,0.0,0.20657768457670694,0.4635744985850997,0.5542754431285826,0.47918078087686006,0.4826433780878556,0.3070379061456603,0.42380964629883705,0.13079924763653933,0.8257178290549383,0.13174135449718072,0.5007495657682015,0.5420215878075105,0.5012069138931902,0.34401144786019633,0.6250539123012199,0.0,0.5493025266772786
0.6251755522721869,0.5908004543178831,0.3902073945562791,0.8767122719347797,0.3595688296428276,0.55225549562738,0.47655806668399897,0.5138361139626163,0.534499431658665,0.8461957719962425,0.6587222525590625,0.7021494390828649,0.5803516627472602,0.4869223579212555,0.5499937180370291,0.6900833501936854,0.9007757545501415,0.7653149141845844,0.593440894618018,0.6606271509686533,0.46810186546855653,0.675792690288705,0.5716168268210977,0.7408539741774318,0.0,0.36493868240636496,0.5225592820462353,0.5489406582847371,0.6607009984366781,0.4200025209923931,0.6420857052386502,0.46800676307723593,0.5613294717794733,0.6432143523506815,0.5337360630477961,0.2923064682879184,0.591111327734447,0.6127617628024753,0.6985118309120474,0.6796457827053035,0.684287142648637,0.48521098157191067,0.09832085626536724,0.0,0.4557977675956447,0.594174207894673,0.6224412908369369,0.0,0.0,0.0,0.7051080522505503,0.8337854339631081,0.7428088626875776,0.4084683216042245,0.6234115548823056,0.46301369803675013,0.7591213905925706,0.4808568835012803,0.0,0.5730928063694554,0.6516896195295945,0.6854736536351218,0.6094168190240428,0.0,0.6638116366577236,0.5580479553256217,0.613863226426412,0.6128965897760694,0.6142359314250885,0.6074147494127988,0.6016900926433435,0.6182725013303626,0.7233749290656002,0.5661405566137852,0.0,0.6499686372628326
0.7057748705804506,0.5181362696344365,0.4020791942733735,1.1507698354249523,0.3962207645869056,0.8166037560036041,0.5670200643843142,0.5174854904365281,0.662777493375075,0.5644763414741674,0.5981130620066782,0.4186277437126039,0.515082001977806,0.5078186408509978,0.8232940795551005,0.5823020244229999,0.5687478567431342,0.5532785384752876,0.5355445018913364,0.7000631807407767,0.7693964018474702,0.6429247057303944,0.5359277191415918,0.3144495840205686,0.36493868240636496,0.0,0.6374531070217824,0.5665318467299627,0.5837877038716708,0.4115760125376833,0.5023577183086354,0.7739911039525744,0.564807688671591,0.5808930508249945,0.7847160612636046,0.7095757854859387,0.8259695535867366,0.4007885357137516,0.7703192264988175,0.5965387214516498,0.7787694305437312,0.4071094659906067,0.47606610385912884,0.5508943668117952,0.45299349888804813,0.5319513996556324,0.7482732877784661,0.6666128794218037,0.0,0.0024452370067080814,0.8704984998366673,0.7234396511817174,0.5646662215650522,0.3852214723180398,0.5649765444321366,0.0,0.6920201193409476,0.8125986858599461,0.0,0.8857676227814395,0.6856100916769542,0.6159264993543545,0.5778387474568338,0.0,0.8046900406846549,0.8915189840830771,0.8921534282967707,0.7529347879233003,0.403810940181693,0.5864507858613526,0.6409780485047151,0.8280676967555392,0.955981530290277,0.7645875844140275,0.4740977221405344,0.6088318697265835
0.5279126284408981,0.598833868395274,0.5763035401400554,0.4099913259531083,0.5648825512830318,0.4127069840630502,0.5563376859953044,0.44472041587175587,0.3920204870882745,0.43736391984741696,0.4305903464399496,0.3549430004799474,0.618690761223544,0.4446022598895033,0.43538279386827183,0.6277386373174494,0.38293897226637763,0.3432249096092782,0.5258304935905556,0.5082287230209921,0.585995514329018,0.58564575730114,0.5086763454123094,0.5186408357590947,0.5225592820462353,0.6374531070217824,0.0,0.46187192492972295,0.5454282503190373,0.4468672014501076,0.5523095603629606,0.5127282467096738,0.2347324799248124,0.488344373254618,0.5651822487349552,0.363199136376028,0.3465996962639796,0.21988983592157935,0.5646229454022764,0.8763749751140841,0.343403756880575,0.012586962224192477,0.5219350787348218,0.3160685498107436,0.4062283322139729,0.15651264664395553,0.47088884350509597,0.5256951203136538,0.48657770022065694,0.6048176183379004,0.5021535458819358,0.5636770590174782,0.48329411243302545,0.521285477021525,0.7030280200619892,0.5712349033714388,0.3446390915357034,0.5848456568226421,0.7093919635285113,0.6571266398468393,0.49316385976880506,0.0,0.47351701680258973,0.5986871644993265,0.6006268463110737,0.669095809775436,0.66178159926742,0.49318829110268575,0.0,0.32490770681519404,0.5124715088576284,0.5124864599082252,0.5445384806270478,0.6166595416919042,0.47730306341057427,0.6051146160397982
0.5800099526859825,0.5808288298888511,0.5032572347695626,0.4187224214283578,0.5795212604779219,0.7263936339777608,0.6282050117619056,0.530372550603149,0.6404058259984503,0.5785285170088875,0.597087618953795,0.060461178352003264,0.4748858162291033,0.564245456266052,0.6818261204686842,0.5561326101246789,0.7004519211927427,0.51853792612704,0.5828998739970441,0.3540760687277352,0.5872841765338004,0.6588652009865487,0.4809742184616539,0.3354968036812945,0.5489406582847371,0.5665318467299627,0.46187192492972295,0.0,0.4683780194411156,0.5328203184511182,0.56993099441728,0.431438198084644,-0.2062970973067697,0.23999331662697626,0.4785483876324398,0.2747192304561767,0.2717670730980834,-0.08724677775765388,0.1575620561244076,0.3536611084081199,0.41214047609803367,0.10881529194618544,0.5580478320007229,0.1721947862519908,0.6704826767040872,0.6367451384953493,0.6248295176426899,0.5880869047392416,0.0,0.8201878312524797,0.5635769846349932,0.653324877810784,0.6265539663060322,0.576019891601665,0.6658110187866325,0.49628001125301635,0.4957791497895487,0.6521700530038049,0.3365751120196073,0.6776521710550951,0.390977203118909,0.18401966739942063,0.5830873175201478,0.6779380452189638,0.7386761628086929,0.7078543655680023,0.5245189262792793,0.5988809917054079,0.5435839048851703,0.6658050887009488,0.4880862328719806,0.60479179897589,0.6539662340353063,0.6511073206583546,0.5188102803432999,0.7097536478788676
0.5974133115296798,0.6128423562405532,0.6017162946041338,0.49545553785001795,0.6665750527505281,0.3324791935146577,0.7184000316812457,0.5206926397019181,0.605888384643458,0.6687720588766976,0.3682495641594322,0.62954668308677,0.7830906742196317,0.3734893650546933,0.6034863189496453,0.7509927781189827,0.33629512387033106,0.37988700111161133,0.5615516093736205,0.6220961021287997,0.6677918234365505,0.5738123985790085,0.5801306978359606,0.6356722380691747,0.6607009984366781,0.5837877038716708,0.5454282503190373,0.4683780194411156,0.0,0.638145228674282,0.6859827408584119,0.5452631694213315,0.38769868738355234,0.5848610711528069,0.5827247229236209,0.4622080021781468,0.4133444839259769,0.5419918412685869,0.7850614167693771,0.835918777656952,0.810272986863209,0.27686303327634454,0.20592325181961366,0.7402432496127593,0.6250398081295573,0.4774020880568999,0.6711817727393963,0.5776538706771225,0.44879960075366476,0.56364089488481,0.6202498729458064,0.6873861019423411,0.7378130905541631,0.55845179753871,0.6358851693030548,0.43854103076436474,0.5574131916043195,0.6455783235891928,0.7387167582169856,0.6860517038843534,0.7135423424629324,0.48076087929312994,0.5388634578024156,0.5117479183915741,0.6458824811618479,0.6947253715321755,0.7220033146385192,0.6441193995276708,0.4995839032942575,0.7408586723394646,0.7578427320809493,0.664066817039409,0.6262003320179738,0.6602813930303575,0.6643098338730318,0.6935309830814701
0.6914332741319497,0.401468969112036,0.4204589976205745,0.4257758995071159,0.45704123998257373,0.7252350527824984,0.43927059749817754,0.5052260887891538,0.5409400537272601,1.0731797567202574,0.5479137910715446,0.3033605218151543,0.8775325444295099,0.8296113371320758,0.45458955822921077,0.517886442235474,0.46947793607015964,0.8164885055144686,0.6129046705616539,0.32696966182837495,0.8230564093307071,0.6366312675916002,0.5483549135782869,0.811853909401995,0.4200025209923931,0.4115760125376833,0.4468672014501076,0.5328203184511182,0.638145228674282,0.0,0.6507459084475464,0.672186438937338,0.38126104246938086,0.5281313427017815,0.2948996449738017,0.35533653500583695,0.018636889972212245,0.573888819063131,0.6578394827404739,0.45015953891893024,0.5247641531653486,0.7496495780534687,0.6155969228778593,0.08545045877125063,0.0,0.0,0.0,0.22805048588942572,0.0,0.0,0.589716997708303,0.5343357279505283,0.43889260101395616,0.6412270599898862,0.5616373149798718,0.0,0.016384132802541626,0.43281660467742744,0.0,0.4435137022970293,0.0,0.0,0.9911883330506486,0.9678542867568309,0.5894288115238475,0.5536695233193953,0.5714758235759918,0.6903694518649414,0.0,0.3825888812432805,0.48767133634432314,0.6750569522482051,0.830959538101925,0.7657005529472654,0.4527384344971077,0.41252688867579435
