0.0,-0.005036553442945235,-0.0020083132465142928,0.0,0.0006176411602432097,0.02145435558613701,-0.0032950449655012037,-0.027551120451139277,0.0009555924744815147,-0.001373786074334471,0.002199699696959101,-0.024393267542898167,-0.007868821314402807,-0.0006135954626264595,-0.012417619463738205,-0.013031958408455224,-0.007630998993628957,0.00639389910824173,0.0,-0.014856536920166918,-0.025538807214422587,-0.010984934167489135,-0.023903144037596746,-0.029048795181692788,0.015039629666370513,-0.0008947982158420409,-0.015573985208032326,0.001650147174003469,0.00039971588663650914,0.004298503884646476,-0.022812531991788787,0.007797196440286591,-0.002752991874594213,-0.02525742242279233,-0.0020832708677917533,0.0006647725300207297,0.00011129921106628471,-0.015059434787737747,0.00280869364054237,-0.007760388445597621,-0.009044220822307492,-0.024277647097983468,-4.477094148008787e-05,0.0,-0.002527830997102687,-0.033928184412128026,-0.005232626696496823,0.0,0.0,0.0,0.03541692114709105,1.1102230246251565e-16,-0.004285050915842581,0.0,-0.030620279158879438,0.0,0.012835166479864824,0.019655030656508754,0.0,0.0005551528251554472,-0.004124979789325411,-0.0034839269420805508,-0.007650992025756642,0.0,-0.01223283670149894,0.0036370089405398653,-0.004688151452883371,-0.0032899241929078005,-0.006732886931222981,-0.007717547328011554,-0.007480637532554069,0.004977320731827883,-0.0001400696781059807,0.010150685270950366,0.0,-0.012972660604961384
-0.005036553442945235,0.0,-0.01426314028509934,-9.004578064270019e-05,-0.026722260221995642,0.009367892267797606,-0.005249111330515865,-0.0002838691088682399,-0.010747559958866726,0.021909518810985573,-0.0005453208827478906,-0.00039907529548860454,-0.0021837814250031395,0.0004134476720386582,-0.011973858430874784,0.00245991557646269,-0.005725904182042996,0.008893648017999578,0.001164776367160003,-0.0019325602663495256,0.010203993411716017,0.009516821289624722,-0.0027606523830956964,-0.007752209860110881,0.007329472564744366,-0.0008093137891120872,-0.0029214499504046088,0.0028753863519874745,0.012225897859371393,-0.004813545506813899,-0.011040013607511279,-0.01690159342057973,-0.03337172922741449,-0.022040445366849237,-0.015806729986790002,-0.006700375475386544,-0.0002108827766171828,0.0,-0.0009985462523568467,-0.0026491589466546284,-0.0076621694678157826,-0.00440461806339737,0.0015956874045507385,0.0,2.220446049250313e-16,-0.028237480840782647,-0.009103953874510129,-7.998922174934364e-05,0.0,0.0,-0.00797460309152176,0.004804713631964774,0.0015453448624950794,-0.0002576259503019873,0.017993762972939642,0.0,-0.0014649544526930125,0.0038604347598314437,0.0,-0.006385422240691774,-0.005764861874933358,0.012711617132103226,0.005266869250604822,0.0,-0.003389899578216171,0.012322537694188562,0.007164904207637379,0.010886087295845226,-0.0016546599027719155,-0.012096915488486959,-0.01248996597558133,-0.0010546970346840268,0.01708111659510486,-0.00047683633085060517,-1.1102230246251565e-16,-0.009225388534903567
-0.0020083132465142928,-0.01426314028509934,0.0,-0.020276748982913928,0.004834782046798991,-0.007082558486209867,0.001303299690694426,-0.017565295074215947,-0.029298740211888163,-0.033987292178166595,-0.0004904399856602848,-0.003191310083691723,-0.013106495822216735,-0.03563689102405654,-0.0022440230217966595,-0.05315105302604495,-0.026772299600445748,-0.003111015221996305,0.012970222906148243,-0.007892084758427786,-0.001086920855959017,-0.016727727317389474,-0.03666373693316699,-0.002159755784955364,-0.025009882161991348,-0.012260240977258363,0.007736064114945096,-0.029261292220316426,-0.0034377058390467896,-0.030283238559843384,-0.023462282882782237,-0.03327774988506721,-0.016939659297666276,-0.02319454305838836,-0.03542486977215642,-0.03198174353027672,-0.033628394889990254,-0.001908684318500553,0.025305681273941838,9.169284039822756e-07,-0.11468965401427994,-0.05773736176665745,-0.01706986614735878,0.013056204382154213,0.0,0.0,-0.0003972475713952539,-0.07904740226129842,-1.0055673127284948e-05,0.014755568749077907,-0.028953434485423313,-0.007933596624069006,-0.019511157717407746,-0.012878274164995651,0.0011100936555513696,-0.07032265989907227,-0.0012477871611221714,-0.006115240587327375,-0.0012207403978656828,-0.0002058817063676499,0.0,0.0,0.0,-0.062183280768945026,0.00010797476562734998,0.0003448245974569941,-0.00048530371787725013,-0.026542382959651944,0.0,0.0001807110137151402,-0.0015431636648982061,-0.031376341289998666,-0.0035124418238062782,-0.000679109293359903,0.0017091435073335326,-0.00994197195119395
0.0,-9.004578064270019e-05,-0.020276748982913928,0.0,0.017435805588328523,-0.008694765516928049,0.013810998330628599,0.007682236203485404,-0.010246470124313234,-0.022639072837482815,-0.023016382124106283,-0.0048664068149990025,-0.017211270456346017,0.01264229163713737,0.0582923187734356,-0.0006813791467584207,0.0010528488978300832,-4.5790408313095554e-05,-0.028885925676515045,0.02560797963984185,-0.0004948893625318362,0.027448972908284852,-0.02120937898407066,6.598865894491546e-06,0.0007300068372834145,0.04090337024701257,-0.027900250020253314,0.0013192079582616256,0.001693262389696193,-0.005761471157341713,-0.018061626106326334,-0.014404118109819841,0.09078145496915274,-0.06394449049821643,0.06020702909122222,0.010045571477337367,0.0015889442218789962,-0.0075822791143497215,-0.008493243655793625,0.0006828015109203167,0.00016056160149102716,-0.0013167642312493788,3.378198031739332e-05,-0.0010619146493056064,0.0,0.0,0.0,-0.00019439287495259805,0.0,0.0,-0.0012979751118247784,2.220446049250313e-16,0.00010479744686126002,-0.0008685420984025916,5.551115123125783e-17,-0.0008262032862639823,-6.391988621318179e-05,-0.00016028805022583192,0.0,0.0,0.0,0.0,0.0,0.0,0.0,0.0,9.239982854847284e-05,0.002255153107551755,0.0,0.0,0.0,0.001701001733321994,0.0011974144959334132,-0.01778828380836972,0.0,0.0
0.0006176411602432097,-0.026722260221995642,0.004834782046798991,0.017435805588328523,0.0,0.009358767437408044,0.005101988375656286,0.03303519077694389,0.004524528389368343,0.016605088589099815,0.02561345310354568,0.009610987964345674,0.0024493643886588923,0.02201042252106994,-0.0003013288742250708,-0.024522603369156903,-0.0022799603661797785,-0.03739707715188523,0.00747976434963421,-0.015829988139442475,-0.0005331267386922134,0.004536341509369213,-0.010752556339396813,-0.0043812993273493195,-0.03547463185205496,-0.01929726010764693,-0.0032764713931732747,0.001745404781994142,0.006699140487734234,-0.004494827249278688,-0.004196597517672984,0.035091517148997386,-0.027742214533158505,0.0062958687798743695,0.033246039503372904,0.008762161029908067,0.11761659677950165,0.01698086338255661,0.05077516069088073,0.0008359765644251893,0.00482331660059121,0.001396745125684551,0.08030980189725823,0.0009848695455162426,1.625427333340479e-05,1.1102230246251565e-16,-2.592326429062819e-05,0.02422764433773239,0.0,0.002943911646530517,-0.0013256503297799371,0.021374523463427386,0.04658414174527242,0.014590892959664425,5.551115123125783e-17,0.06755377773913429,0.0012900912911066875,0.0035385265589930603,0.09394352208135281,-0.00037723479193613185,-2.402734076684121e-05,0.0,-5.551115123125783e-17,0.03496825030824813,0.0005963913768392004,0.00011753661176794328,-0.0011826009802551884,-0.0025452835634851567,0.0,2.9397831713517952e-05,-0.013031042359493095,-0.02421834254499955,0.0029178623746099475,-0.0030402048415464344,1.1102230246251565e-16,0.0014273020618371657
0.02145435558613701,0.009367892267797606,-0.007082558486209867,-0.008694765516928049,0.009358767437408044,0.0,0.01203432011164779,-0.009271700847724107,0.017154224905108095,0.006912632707716804,-0.0041215684957292,-0.008451250460091486,0.01737678259715647,0.0063849939549524,-0.017871912183711425,0.0151099358322066,0.010099183675360945,0.0011948937077415622,-0.0211608001274613,0.01398518579567909,-0.002693629954315324,0.015007053585824714,0.00726915969868569,0.012126826260553725,-0.004640246395614334,0.020600120607485062,-0.0212896612258337,0.012093739461548125,-0.021784759028160905,0.0049455569595719395,0.005525693483638627,0.008075903760106307,0.0048919979194656515,0.004454799629169226,0.004584399283382501,-0.00393899500784517,-0.0135586544508009,-0.010974831520353556,-0.0023962687492842805,-0.004666415549970104,-0.01902895218216455,-0.05426176122029175,-0.003589871923958432,-0.03548443471949786,-0.001979987309368214,0.0016527527382254603,0.0044584840961270356,-0.020549818824906807,-0.00046242472847590754,0.00038728101382123903,-0.01815311669032471,-0.0010512102436006643,-0.006700314064477242,-0.015467150068899538,0.004558633010447732,-0.016255892000920147,-0.002587627827611849,-0.004614710738390149,-0.005475602245594402,0.021090596930874395,0.0015692849151817123,0.0,-0.001010758216344776,-0.030251214859403408,0.014513519180650913,0.038346571205239766,0.016675607461035635,-0.013941995986088251,0.00014597940466870574,0.002535446315677481,0.004335522326317953,-0.018319124943270426,-0.005939978070926055,0.004848489850007742,-0.007278780617749558,0.001984450565296725
-0.0032950449655012037,-0.005249111330515865,0.001303299690694426,0.013810998330628599,0.005101988375656286,0.01203432011164779,0.0,-0.0007866791675504303,0.007430106535877445,0.012747130762268633,0.025301612659852202,0.0071813296595064635,-0.015084859546704799,0.0798274531752517,-0.0021947956807335522,-0.014874706295789186,-0.01855909467554856,-0.023592274760110887,0.011578125613518064,0.0011400077208542636,-0.0022289569610239313,0.00868769991124868,0.0002865485405891266,-0.006635142949824535,-0.018875742589027633,-0.014615939738035377,-0.0015178062191793518,0.0081443623512365,0.012656698284611245,-0.0078603654675925,-0.0026255169264052802,0.006395534354682431,-0.005110545701805469,0.0034295654649245666,0.041289631919254666,-0.012018631594931772,0.02645782767842758,-0.004304652278700027,0.04488101012051232,-0.0009697473200578899,0.01755829828884714,0.0054257777507285,0.020609927308807396,-0.08485391801633951,-0.001330784151317932,0.0,-0.00893166787117744,-0.003206676623367377,0.0,0.002611618933542781,-0.007945231684690635,0.002739037235551356,-0.002914876962848867,-0.006960672596483919,0.0002053299045379764,0.0349712817111707,0.001054727513891851,-0.0018924849298168622,0.0003787021045618122,-0.00035156394918339773,0.0006657281640614077,0.0,8.454981932382033e-05,-0.002159619791759715,0.0010781314973407063,0.0015998299200057353,-0.004743098334692386,-0.004521422057163549,0.0001412623445862793,0.0010062735663720068,-0.0103581574555478,-0.011115133064354632,-0.000253025276261476,-0.0034587725711602846,0.00018193050320658433,-0.0002807516078586758
-0.027551120451139277,-0.0002838691088682399,-0.017565295074215947,0.007682236203485404,0.03303519077694389,-0.009271700847724107,-0.0007866791675504303,0.0,-0.01588460968271521,-0.007981073874796185,-0.017565873353460992,-0.012086878166741699,-0.004550418443750148,0.017865310047390892,-0.024147356746172244,-0.0233631830503907,-0.0007682039412503228,-0.02656536998064246,-0.011303841517128987,0.0022719931178152297,-0.03757727500070768,0.024456763687217054,-0.005775166181744784,-0.022045574768865983,-0.016765591604743835,-0.014636871008238461,-0.026091615395160972,-0.011020044336659762,-0.0006603593495429494,-0.009477014400073425,-0.01615180436346425,0.012575528516506174,0.014990183392861678,-0.020663813132449638,-0.007273557324132374,0.026995059152316703,0.0306997857121194,0.012973442776530786,0.022748520220648716,-0.001854185149987475,0.013618390676629843,-0.005500848489182197,0.050069292269125376,-0.0014414805144389309,0.0,-0.0009504427342730826,-0.0052708279227478005,-0.003908518765669222,0.0,0.029278826268499036,-0.006009571705132943,0.012624728036769506,-0.05887639075374623,0.00029895623235765,0.000631431708248309,0.025131112368979414,1.8455928293914514e-05,0.005236314703934042,0.0004178018113981663,0.025980715296516632,-0.0006886442787861768,0.0,-0.00031163120228494545,-0.009559435611013023,-0.020894335848512524,-0.07672708847389575,-0.005826102561433122,-0.0014026368253647337,-5.551115123125783e-17,0.0001539998331172021,-0.009146490370592064,-0.021671300073868416,-0.0013666014901712598,0.012535062480110881,0.0024194106243125013,0.012738378664777228
0.0009555924744815147,-0.010747559958866726,-0.029298740211888163,-0.010246470124313234,0.004524528389368343,0.017154224905108095,0.007430106535877445,-0.01588460968271521,0.0,-0.0022938224842505295,0.0007067685646260369,-0.007114943313248856,0.0022607938343455203,0.002083292506776524,0.0031233964697671146,-0.02590570012906035,0.00365439151324104,-0.0060606598631687825,-0.022968954929104557,-0.0065081680919994445,-0.0012655366923837175,-0.0007169262412179411,-0.030165220939622428,-0.002492936779192545,-0.00502868301873538,0.0023724257810144866,-0.016829434699096146,-0.004102055080866418,0.013113989733392784,-0.01448133814013669,-0.006467991306278953,-0.00045836004132038255,-0.009481245120826487,-0.009832444968073728,-0.009778354318061067,0.00402406845785952,-0.016872275042868312,-0.012364911115459176,0.009852211105981556,0.0009028891890212609,-0.037590901006259225,-0.007336139063952252,-0.008370649731471835,-0.026976405747357546,-0.002016038083047844,-5.551115123125783e-17,0.0013208249332317679,-0.021083305632843774,4.830792520338356e-06,0.00531489995777612,-0.021197130297149647,-0.005101246211196675,-0.012704074562205458,-0.026732874115655947,-0.0003405820596110165,-0.00993300589488777,-0.000932208589600303,-0.00570031852331665,-0.02108327869262655,-0.0010528118712138657,-0.0001652287119913165,0.0,0.0,-0.03184101642087134,0.00021620799495758458,0.0021918296555387684,0.0005265683146885025,-0.023398893330804693,-7.542723142384133e-05,-8.79578428197858e-05,-0.016814065273675016,-0.023841411215747343,0.011898647730734235,-0.003856383712483813,0.0003458177112726224,0.014300999157547123
-0.001373786074334471,0.021909518810985573,-0.033987292178166595,-0.022639072837482815,0.016605088589099815,0.006912632707716804,0.012747130762268633,-0.007981073874796185,-0.0022938224842505295,0.0,-0.006474676330691376,0.0014804651673809288,-0.02116631126647478,0.018444175929941686,0.007580964880674723,0.0065854633315095,0.009804936125619557,0.010018782886289768,-0.01589613444864979,-0.005457413575974346,-0.004352101818105858,-0.0008172733051736714,-0.015939235662665308,0.007374326279084631,0.01234316290031151,-0.015554033819507262,-0.0135971752422957,-0.00863175239320435,0.024451219377037703,0.09163738107260666,-0.001367976496583434,-0.010862509531345432,-0.0008324436589298712,0.029359995052827714,0.0014743910199462307,0.04893218059625215,0.06280166921931818,0.03133431858097124,-0.06657759949802983,-0.024205648778766298,0.004383378789828474,0.001997631954813228,-0.0035251641573909587,0.0008298130949265237,-0.020223999163882067,-0.004983232918812863,-0.0012987522910592464,-0.00010832609208499822,2.7429909145226805e-05,0.0002672835843527954,0.0008402409656179666,0.010481607594050035,2.6778242546654507e-05,-0.002311767285992361,-0.008949818010915767,0.0015771274331075058,0.017977360727472913,-0.005510563697451731,0.0,0.00104447246460182,0.010467896540467092,0.008775220801602479,-0.0037991963912436533,-9.01635487671193e-06,0.0001464929830469197,0.00012477767985280552,-0.002437360973376934,-0.008313121325416228,0.005975785311881976,0.0008888500625374718,0.004955583530818042,0.0018952528147334613,0.0001729642687897659,-0.0014513692141599477,-5.551115123125783e-17,0.003166973612667101
0.002199699696959101,-0.0005453208827478906,-0.0004904399856602848,-0.023016382124106283,0.02561345310354568,-0.0041215684957292,0.025301612659852202,-0.017565873353460992,0.0007067685646260369,-0.006474676330691376,0.0,-0.008569900287231369,0.008310161882681133,-0.004640439199537494,0.0,0.00015084116981606277,-0.0021778797228384494,0.0038881397398094486,-0.011034328778741609,-5.532534191621252e-05,-9.028256706899995e-05,0.0005591183799260602,-0.015967350132900848,-0.004306839340789237,0.00464042157052208,-0.003153870047132301,-0.022451103317909615,0.0021237650321907497,-0.004969304319873247,0.0004202859874292697,-0.002031170198277088,-0.037956072589486245,-0.027165010055535455,-0.012492523114963017,-0.018927991366055275,-0.03507227984498379,0.006081085372646122,-0.024642780348773152,-0.027239616440818293,-0.0001767713843457419,-0.0007827797938707026,-0.008369221214702072,-0.01523211554221604,-0.026491106216124827,-0.000479010236633548,0.0,1.1102230246251565e-16,0.048886714764429295,9.354240402825731e-07,-0.003240739811103399,0.009032114924226842,0.02885449987034172,0.004846243836730102,0.023452578543699032,0.00057524637476003,-0.033632960815615565,0.0011275836848390064,0.020742346297374092,-0.0015641704759469244,5.551115123125783e-17,0.0,0.0,0.0,0.06947331316115313,-0.0005628553147029591,0.0,-5.181435073275953e-05,-0.03028813281639292,5.551115123125783e-17,0.0,0.000136621537226711,-0.027962400553677602,0.010077900263752826,-0.001348582347488192,0.0,-0.001032936853775146
-0.024393267542898167,-0.00039907529548860454,-0.003191310083691723,-0.0048664068149990025,0.009610987964345674,-0.008451250460091486,0.0071813296595064635,-0.012086878166741699,-0.007114943313248856,0.0014804651673809288,-0.008569900287231369,0.0,-0.01731320666536129,0.004638933694097569,-0.0003860693685419081,0.012383353628923732,0.017411752636554145,0.0067343678470024315,-0.020470530054269687,0.001878251330880154,0.013824303992491516,-0.04533024878253655,-0.015912104205656086,-0.010148924082531208,0.003234177378289793,-0.0183946603316269,-0.02028631598319741,-0.05425147095484212,0.004180897874825229,-0.0009130066405438897,-0.01902390791794739,-0.02738614805832823,0.004229477838128992,-0.02946185106124627,-0.04609935548746824,-0.027616622610784958,-0.05469101524896608,-0.020382594936714238,-0.02832153446068625,-0.009439407359606078,0.03847478435801227,0.0007311504262860757,-0.0026457257473258,0.0017747785294648377,0.01049049275480246,-0.0194972840018105,0.0015635464851680991,-0.00010791775203899956,-0.0007471762272217297,0.0003074942631084987,-0.0014705509740691736,0.0018852296434996307,-0.0008148132470005565,0.00020730914181138482,-0.010171276231866033,-0.0003178038484223933,0.012555944986753442,0.01765576300589833,0.00013110403370142354,8.317358880921555e-05,0.0014652305645853625,0.003304954810012861,-0.00031314739809273906,-0.0008159834753070361,0.000235862334488246,0.0018464519769868515,-0.0008881566895000415,0.003693775762462659,-0.008446571748404741,-0.00670574531424506,-0.00454302461574313,0.0008827252827286469,0.028477873145247468,0.0017660656937846797,0.0,-0.003982257131199984
-0.007868821314402807,-0.0021837814250031395,-0.013106495822216735,-0.017211270456346017,0.0024493643886588923,0.01737678259715647,-0.015084859546704799,-0.004550418443750148,0.0022607938343455203,-0.02116631126647478,0.008310161882681133,-0.01731320666536129,0.0,0.016462218890136937,-0.00734332788423081,-0.004413194787562802,-0.021929764752878056,-0.016792320319709453,0.0013703759546028205,0.0038438626933702813,-0.00839237659829467,0.00912358730462165,-0.008039392182715877,-0.02225886163400398,-0.01422519398650618,-0.022157039160558445,-0.002361327775514843,-0.01961314868160241,0.015372020576478074,0.04396884172876492,-0.02265298021903539,-0.003919335658045309,-0.03794607573553699,-0.021098644704789504,0.017014154982308682,-0.01503863077632539,-0.008463868816397435,-0.026714058926136985,-0.0493563202674242,0.0060184110837167015,0.0536142829587562,-0.05416093699640134,0.00666660760704002,-0.04372460978090259,-0.0017604978680146322,0.0008647385716166744,0.0012350083062294126,0.0006388301734183699,0.0,0.008153205633309457,-0.012307561327727201,0.008667089197009092,-0.008543397461206748,0.007657026404156775,0.00033039515309241096,-0.03426037881473826,0.0015914857087989676,0.014411855804823626,0.001441123683632084,0.011638995232959581,-0.0007387602723186726,-0.00018510375343755436,0.00155228925754608,-0.005800574599837516,0.002140381069092312,-0.00018990138707114523,0.017581586415953143,-0.0092243528932765,-0.00155307262793275,0.0033567536689255717,-0.004626194126100214,-0.012640390901225318,-0.01634326372890632,0.0031233496737518296,-0.0002605899594655403,-0.0047916100049593124
-0.0006135954626264595,0.0004134476720386582,-0.03563689102405654,0.01264229163713737,0.02201042252106994,0.0063849939549524,0.0798274531752517,0.017865310047390892,0.002083292506776524,0.018444175929941686,-0.004640439199537494,0.004638933694097569,0.016462218890136937,0.0,-0.0011640376933975127,-0.00022985201374969844,-0.000125693832090934,0.00011936521230299091,-0.036822873325087824,-0.0007706289461685278,-0.018854674685128248,-0.0006052636417354651,-0.009872399899571338,0.004685252705887488,-0.0005580274275558961,-0.0014758289245768719,-0.02714135361884973,0.020134848136905692,-0.0015666474691627963,0.0003226096767514064,-0.009105930389655292,0.007420756548453644,-0.006569847945867124,-0.0029175285983076282,0.003442351380679276,0.013961678369193598,0.01675358639561733,0.0008663271958395669,0.005411533951005909,0.0,0.0004587860425188661,0.0009908140582592373,0.007689061734549141,-2.6926169370833364e-06,0.0,0.0,0.0,-0.012619158882024806,0.0,0.06170227901670805,-0.033906961950227854,0.029214551331321947,0.002457595263938739,-0.008953525255634809,0.0,0.005099619279378131,-0.00023794370340413096,0.0014175539604230347,0.03684695622415518,1.1102230246251565e-16,0.0,0.0,0.0,0.0396482760382022,0.0,-1.1102230246251565e-16,0.0,-0.0038527049991827766,0.0,0.0,5.551115123125783e-17,-0.006129848363431389,0.000741215709982701,1.1102230246251565e-16,0.0,5.551115123125783e-17
-0.012417619463738205,-0.011973858430874784,-0.0022440230217966595,0.0582923187734356,-0.0003013288742250708,-0.017871912183711425,-0.0021947956807335522,-0.024147356746172244,0.0031233964697671146,0.007580964880674723,0.0,-0.0003860693685419081,-0.00734332788423081,-0.0011640376933975127,0.0,-0.005173632329836919,0.006923526114589518,-0.0025012926790196066,-1.1102230246251565e-16,-0.05670602857556184,-0.003220079224650285,-0.04049886157344629,-0.042900518139011024,0.031713456406525176,-0.001921044684514206,0.02808400575094233,-0.02637647829208012,0.01808107930071995,0.0008652667507760836,-0.004832760324149421,0.010783609616327405,0.01798633891124074,0.008878842782453322,0.00904948566390612,0.024254831838773805,0.012652028802130788,0.02793192248883075,4.913000991763061e-05,0.029689622033179097,0.010870598469262915,0.022445122003413087,-0.0030450051169409464,0.007800558444399253,0.008051627679078632,0.0,-0.005642692087885093,0.015373762739228913,-1.1484320640686718e-05,0.0,0.0,0.024758419336060378,0.0027506675515972523,0.0024011468914312273,0.0006856123729166996,-5.551115123125783e-17,0.0,0.0012903333177408105,-0.0004844796082632552,-1.5333992366528548e-05,0.025569449374248765,0.03231447117964442,0.0006897814946749126,0.0003075852518898414,0.0,0.010955355554219004,0.028596698227629003,0.014850767219356187,0.002348145884791042,-0.0001695253750227943,-0.0017758931968187563,0.024298694255188713,0.014503591322643505,0.003269224952539229,0.0020310470508833056,-0.005881370306956013,0.02372778496553657
-0.013031958408455224,0.00245991557646269,-0.05315105302604495,-0.0006813791467584207,-0.024522603369156903,0.0151099358322066,-0.014874706295789186,-0.0233631830503907,-0.02590570012906035,0.0065854633315095,0.00015084116981606277,0.012383353628923732,-0.004413194787562802,-0.00022985201374969844,-0.005173632329836919,0.0,0.009465620271712105,0.017570465531701274,-0.00012871837276923204,0.004075816129894438,-0.01652532330073464,-0.013369497528438468,-0.02035372568279642,-0.009892730474237221,0.004740843547949625,-0.013640246905647635,-0.005786466739446994,-0.008621791098186171,0.015183261866672126,-0.007821947445482147,0.001587688446240576,0.010997566103343848,-0.015409340707455976,-0.009651506138713406,-0.008187145665824513,0.020135549065694813,0.00013046713816555755,0.002058923639867982,0.0015578859745249418,0.012098971207504639,0.0008625041152820478,-0.012818231253287404,1.999435608679434e-05,0.0,0.0,-0.026812857298891046,-0.010290003879481702,0.0,0.0,0.0,-0.0010468893786263478,0.0005528932941081255,-0.0003993452731857472,0.0,-0.0008052328915387208,0.0,-0.0002105057730203419,-0.003787126526670792,0.0,0.003430692265458335,-0.0026048664828214885,0.001178200787645134,0.010026090434183954,0.0,-0.008446774941284041,0.025349437300890676,0.0020280164943816126,0.03473877039466772,-0.003691951514093017,-0.006799880456312468,-0.012102070729611558,0.00797421600164644,0.0009589117532342595,-0.003981734930820435,-1.1102230246251565e-16,-0.003420710914200209
-0.007630998993628957,-0.005725904182042996,-0.026772299600445748,0.0010528488978300832,-0.0022799603661797785,0.010099183675360945,-0.01855909467554856,-0.0007682039412503228,0.00365439151324104,0.009804936125619557,-0.0021778797228384494,0.017411752636554145,-0.021929764752878056,-0.000125693832090934,0.006923526114589518,0.009465620271712105,0.0,0.03698314337866354,-0.008062582614397629,0.006179856620761648,0.0020037302668590717,-0.005530632689037307,-0.010412272709740877,-0.011161550532540754,0.02877323473726634,-0.002399444658307548,-0.016431868714322395,-0.012232655333297149,-0.006370792508455236,-0.003489347114918273,-0.009839527725857167,-0.002504674667176021,-0.006246236198074517,0.00688866822630424,0.001082810899227793,-0.022766043933295788,-0.00038778252237220423,0.013578321704520835,-0.0010475188382215728,0.023786839928860326,-0.0014735259217081853,-6.78411642325294e-05,-5.551115123125783e-17,0.0,0.0011307095612909657,-0.0034713006289207593,-0.0006874177025790185,0.0,0.0,0.0,0.0,0.0,0.0,0.0,0.00027000302626667416,0.0,0.011697462974397221,-0.0015965710358632479,0.0,-0.000106154253710522,0.017768156210721253,0.008293521944914173,-0.004192144021007205,0.0,1.1102230246251565e-16,0.0,0.0008291824623545829,0.0,-0.0006017499810092586,0.003452988291434589,0.0008131531688718718,0.0,-0.0005402033918822657,0.00012049735492841718,0.0,-0.004651890557447913
0.00639389910824173,0.008893648017999578,-0.003111015221996305,-4.5790408313095554e-05,-0.03739707715188523,0.0011948937077415622,-0.023592274760110887,-0.02656536998064246,-0.0060606598631687825,0.010018782886289768,0.0038881397398094486,0.0067343678470024315,-0.016792320319709453,0.00011936521230299091,-0.0025012926790196066,0.017570465531701274,0.03698314337866354,0.0,-0.003697347190067868,-0.015343941604990696,-0.010800437155867093,-0.011688481171981846,-0.028786681247760237,0.0029134579909038116,0.012081604079548669,-0.004941018552221177,-0.03960526214279658,-0.009047896281857204,-0.020817747413677368,0.03101945058205574,0.003336345555692677,-0.004150558426942785,0.00018433239929754874,0.009446924752061936,0.003966837951804469,-0.06933519825505313,-0.00012564315895657874,0.03546213643886659,0.004265063601381902,0.016506750582271024,0.011086167971827376,-0.014542043523898485,0.0,0.0,0.00045095035223358115,-0.007572660945282528,-0.005285655412866741,0.0,0.0,0.0,-0.0012414429409226546,0.0004409347778376316,0.00041572406421541697,0.0,0.00016217004386609446,0.0,-0.0002029141952687996,0.00037217785873022713,0.0,0.0005985513366476569,0.006759453089741574,0.006657930024042746,-0.0005256008372585552,0.0,-0.011673597182296602,-0.0013211474401598755,0.001547524658021493,0.00043562150651788034,0.011671888204950742,-0.006140686919880789,-0.007545106779616173,-0.0015229036069610569,0.00020384269679368794,0.008590635870749708,0.0,0.0008070050390444061
0.0,0.001164776367160003,0.012970222906148243,-0.028885925676515045,0.00747976434963421,-0.0211608001274613,0.011578125613518064,-0.011303841517128987,-0.022968954929104557,-0.01589613444864979,-0.011034328778741609,-0.020470530054269687,0.0013703759546028205,-0.036822873325087824,-1.1102230246251565e-16,-0.00012871837276923204,-0.008062582614397629,-0.003697347190067868,0.0,0.0003197214018929029,-0.00030614665929512563,0.0015213570371725993,-0.016672421772695123,0.00058286942295388,0.003697755180195217,-0.0007133312870896691,-0.0081254719181445,-0.01329200017152693,-0.001915839473999148,-0.00019994189890404357,-0.01910336614559016,-0.044985460798334875,-0.015629658650446854,-0.01786792112088076,-0.020793729744127354,-0.05610578232593477,-0.026146643127976543,-0.035747188434134214,-0.0566090948388715,-0.00012368854123850914,0.004804405935210865,0.014738424937393024,0.002691926888529428,-0.0013007097516004595,-0.0001640981233266281,0.0,0.0,-0.10489685982483277,-5.551115123125783e-17,-0.0026661773391137844,-0.03828697415678661,-0.015595133016519158,-0.0031170118045902306,-0.03757042852475512,7.841588807749877e-05,-0.08289836787963956,0.0012762535834686117,-0.011554470848811005,-0.01528257567942004,2.220446049250313e-16,0.0,0.0,0.0,-0.027299637729847004,0.0001037248754633957,0.0,0.0001223777773876611,-0.03785844687942663,0.0,0.0,-5.551115123125783e-17,-0.03980021690165858,0.001617212463081552,-0.002472249138997351,0.00035759755069131316,8.730445965887679e-05
-0.014856536920166918,-0.0019325602663495256,-0.007892084758427786,0.02560797963984185,-0.015829988139442475,0.01398518579567909,0.0011400077208542636,0.0022719931178152297,-0.0065081680919994445,-0.005457413575974346,-5.532534191621252e-05,0.001878251330880154,0.0038438626933702813,-0.0007706289461685278,-0.05670602857556184,0.004075816129894438,0.006179856620761648,-0.015343941604990696,0.0003197214018929029,0.0,0.01624746788047582,-0.0012242919552807319,-0.016343396103141505,0.0007656900191272409,0.0019181034587955614,0.009749804444720678,-0.01774151953876929,-0.04083956077199363,-0.002620886895712604,-0.055481449555946916,0.015349881737843518,0.01378587500275702,-0.004603422614113617,-0.0020644647079215983,0.016617882049394017,0.0038612571472552704,0.01811455518935373,0.006030745553880945,0.019886989509637076,-0.007700315010499337,-0.002875982012274625,-0.02816984264599176,0.00341751300171661,0.0021712298101216887,-0.0004349483833313572,-0.016419007743538272,-0.011338925054305948,0.00044828058789453396,0.0,0.0,0.014359048278221487,0.0007897845413569193,0.0290329636888354,-0.001207909464328305,0.0008732574662947967,1.1102230246251565e-16,0.0017517306136429212,0.021542112458097062,-1.1102230246251565e-16,0.011364215673769718,0.014380170062623099,-3.180670538943664e-05,0.001440319995444972,0.0,0.00036701319198234605,0.001023585314103792,0.013489750444476811,-0.001397423504800599,0.0,-0.0027685040299402774,0.006948375450657518,0.006354035809447323,0.005757969267517871,0.0010514115387751932,0.0026475212968606887,0.001215386611062852
-0.025538807214422587,0.010203993411716017,-0.001086920855959017,-0.0004948893625318362,-0.0005331267386922134,-0.002693629954315324,-0.0022289569610239313,-0.03757727500070768,-0.0012655366923837175,-0.004352101818105858,-9.028256706899995e-05,0.013824303992491516,-0.00839237659829467,-0.018854674685128248,-0.003220079224650285,-0.01652532330073464,0.0020037302668590717,-0.010800437155867093,-0.00030614665929512563,0.01624746788047582,0.0,0.009218842621500078,-0.013822088132778187,-0.019784468037465974,-0.012750337722897853,0.009897379485767854,-0.008544416616082406,0.006996979635891576,0.019541608294065094,0.039012661123573544,0.005012215697211164,0.022171884806845843,0.011137875838130251,0.0029195379777711694,0.02782114657747292,-0.00313287268712209,-0.0001680068024850212,0.03170074633080855,0.027772364932647675,-0.0032418626714615373,0.018254010363958628,0.0424340289328351,0.003170179940007678,0.0,0.0,0.03359372446380443,0.011893726354027634,0.0021865423525828653,0.0,0.0,0.014531623869425692,0.0006184402526366872,-0.037652817220139634,0.002123415064471834,-0.0007318652967530093,0.0,0.0003090158777899199,0.000211679506232354,5.551115123125783e-17,0.0333189957037488,0.033311057448885906,0.0,-0.0009188340247834881,0.0,-0.0001680859699773607,0.03727393543394103,0.015818665256033204,-0.009395177168722457,0.0010533946141850214,-0.005043940130256719,0.028791511686154236,0.0003433901340877954,-0.0006632014565113309,0.0017775430561127736,-0.0049310793883216575,0.01451711355924934
-0.010984934167489135,0.009516821289624722,-0.016727727317389474,0.027448972908284852,0.004536341509369213,0.015007053585824714,0.00868769991124868,0.024456763687217054,-0.0007169262412179411,-0.0008172733051736714,0.0005591183799260602,-0.04533024878253655,0.00912358730462165,-0.0006052636417354651,-0.04049886157344629,-0.013369497528438468,-0.005530632689037307,-0.011688481171981846,0.0015213570371725993,-0.0012242919552807319,0.009218842621500078,0.0,-0.0019097315193766784,-0.003462942710186656,-0.0035409540818545082,-0.004483329176396211,-0.001177863915552857,0.0009331596302560863,0.0009858758446265603,0.006035867740087519,-0.006347257385480254,0.015767969576976848,-0.01529391415734338,-0.005343879360951764,0.014899688127389565,0.0032876836253026287,0.021577608578822405,0.0052677273747468445,0.025148101655782296,0.015505878599025247,0.011800926692306535,-0.0034124324855285826,0.010670780291670179,0.018266484528819404,-0.0003875159054066435,-0.010447081824969007,0.000666199620476593,7.602277834128923e-05,8.431974406530873e-06,-0.0001294423371074327,0.021108652747343526,0.007011383542525229,-0.0020432807481382542,0.016696308953092043,0.0012518093110209794,0.0,0.0012996256276472384,0.009182172407699307,0.0,0.013465245667701797,0.015177946811419596,-0.000992217597515499,0.008314645193002568,0.0,0.00864651239177322,0.013463802718469309,0.0020233103052498813,0.00209968517610859,0.0022492971567784625,-0.0014845610375570084,0.006065930680051124,0.006926363582781592,0.01260786160939048,0.005010030845964797,0.0004299612614319104,0.009331508849745873
-0.023903144037596746,-0.0027606523830956964,-0.03666373693316699,-0.02120937898407066,-0.010752556339396813,0.00726915969868569,0.0002865485405891266,-0.005775166181744784,-0.030165220939622428,-0.015939235662665308,-0.015967350132900848,-0.015912104205656086,-0.008039392182715877,-0.009872399899571338,-0.042900518139011024,-0.02035372568279642,-0.010412272709740877,-0.028786681247760237,-0.016672421772695123,-0.016343396103141505,-0.013822088132778187,-0.0019097315193766784,0.0,-0.017302043715567372,-0.007048327546579136,-0.011529770059703681,-0.007325229560050106,-0.015072552299550568,-0.003925469423220085,-0.008374287279198311,-0.011999928555387895,-0.009635509845657253,-0.045939893961648715,-0.017785449767709405,-0.005689968159269643,0.0030379328526429217,-0.022587460013918426,-0.03604561340928453,0.013297562971729904,-0.01184093043113793,0.0043292271942770855,-0.06753754018252056,-0.001187309430247807,-0.029292525306723494,0.001265412582607317,0.03495428018757929,-0.0025065874640057273,-0.08879126668056853,0.008454433316899268,-0.00085542677169681,-0.016189601263946418,-0.005599617408466373,-0.002256352353161184,-0.026097199983521002,0.0023981902426303825,-0.0046756799050720055,-0.0035157667538868176,-0.00612193983005338,-0.011372059168018644,0.002824530912925838,0.005125903615391614,7.737332847768119e-05,-0.002046257203800861,-0.12711812039089326,-0.005218434972727559,0.005637120082497726,0.000803120296078097,-0.01322229074361947,0.00011790380376863752,-0.002663668007689246,0.002689156671604076,-0.015476447683613226,-0.0042388608698559205,0.0004017105493185902,-0.011765176354113671,-0.0012866889864707742
-0.029048795181692788,-0.007752209860110881,-0.002159755784955364,6.598865894491546e-06,-0.0043812993273493195,0.012126826260553725,-0.006635142949824535,-0.022045574768865983,-0.002492936779192545,0.007374326279084631,-0.004306839340789237,-0.010148924082531208,-0.02225886163400398,0.004685252705887488,0.031713456406525176,-0.009892730474237221,-0.011161550532540754,0.0029134579909038116,0.00058286942295388,0.0007656900191272409,-0.019784468037465974,-0.003462942710186656,-0.017302043715567372,0.0,0.018237568689434047,-0.0266584264173102,0.002085073683300187,-0.021785253569776175,0.0022118043537535104,0.0008596295860141545,-0.02254272255922818,-0.008418824046693363,-0.032623199093834626,-0.028327442479759657,-0.08559020306138776,0.004239358392260029,-0.0646420574851099,-0.003129409131566979,0.058727360861289546,-0.0691946589837496,-0.05346959312124444,0.006823461379986406,0.00044288366654821054,0.0002893980424807374,-0.04723255951395633,-0.008686631424598135,-0.006938383404363702,0.0,-5.551115123125783e-17,-0.0003056104725210895,-0.00026930009304637625,-0.0004671148039460671,-1.6653345369377348e-16,0.00012648019135963473,-0.04456010933315657,0.0004944452394565202,-0.014895276555055348,-0.008222297032491666,0.0,-0.0022391487339885607,-0.00869045105875782,9.591008313264426e-05,-0.013248990513253234,3.724248094655325e-05,-0.001117347344966657,-0.001617491854008335,-0.005581638830214564,0.0005542985080736473,-0.061486522776385666,-0.013890299915409798,-0.015405018725310304,-0.0005538701548945535,-0.033870528866930816,0.000564785144631097,0.0,-0.008192571353251688
0.015039629666370513,0.007329472564744366,-0.025009882161991348,0.0007300068372834145,-0.03547463185205496,-0.004640246395614334,-0.018875742589027633,-0.016765591604743835,-0.00502868301873538,0.01234316290031151,0.00464042157052208,0.003234177378289793,-0.01422519398650618,-0.0005580274275558961,-0.001921044684514206,0.004740843547949625,0.02877323473726634,0.012081604079548669,0.003697755180195217,0.0019181034587955614,-0.012750337722897853,-0.0035409540818545082,-0.007048327546579136,0.018237568689434047,0.0,-0.009148287077642703,-0.016367962359850496,-0.008310608475322334,0.01263799598761095,-0.0021633767435155216,0.0004237379459751667,0.001968532300777537,-0.007465723247643441,0.011434366072783642,0.0011664765642899755,-0.03957359283569939,0.0003586136646607785,0.014701193722842454,0.006907478000467426,0.019190661335874715,0.016522907920151153,-0.011050165998919281,-0.0011163405796983938,-5.551115123125783e-17,0.001159574865803148,-0.0068865338655148545,-0.004642782192703865,5.551115123125783e-17,0.0,2.220446049250313e-16,0.012423278720034403,0.016017991241128737,0.005758235674460932,0.00048500491961139813,0.010050074477397253,-0.00039823414749867725,0.02168103876669758,0.0036825810911609302,0.0,-0.0018820696816559401,0.007796159410514258,0.019017543159353,0.001198439708054222,0.0,0.0030487720289675835,-0.0029061991859790637,0.0010132717991552243,0.008530964483794035,0.0006138391902498763,-0.0008409872472106006,-0.003684185164879783,0.014646818079073254,0.00837748060903254,0.010185399657655136,0.0,0.005730886280753467
-0.0008947982158420409,-0.0008093137891120872,-0.012260240977258363,0.04090337024701257,-0.01929726010764693,0.020600120607485062,-0.014615939738035377,-0.014636871008238461,0.0023724257810144866,-0.015554033819507262,-0.003153870047132301,-0.0183946603316269,-0.022157039160558445,-0.0014758289245768719,0.02808400575094233,-0.013640246905647635,-0.002399444658307548,-0.004941018552221177,-0.0007133312870896691,0.009749804444720678,0.009897379485767854,-0.004483329176396211,-0.011529770059703681,-0.0266584264173102,-0.009148287077642703,0.0,-0.008578630349747707,-0.016281490227265383,-0.010262489235058125,-0.00210896719240794,-0.010913579742762414,0.014670563225660682,-0.0074174087311068004,0.0006881596075246077,0.026378023650280247,0.03988928648319323,0.029126305951916065,-0.007887562097290524,0.01886809393195521,0.004206506220031103,0.012877220990287652,-0.011111753327527563,0.056424047392516496,9.376239034158962e-05,-0.006710562033047041,-0.01263371908817923,0.0033018483351425765,0.0018964222305232203,0.0,-4.379867613052424e-05,0.025562232764546278,0.012806114398781931,0.0024655233773534513,-0.002495056975699461,-0.0016145941806297581,0.0,0.00400079266842468,0.019724660908272018,0.0,0.03063122569325527,0.004690142154918087,0.009545314960777318,-0.0016697538036468673,0.0,0.02483438610074734,0.01929144426427576,0.01865083096368958,0.01574624555711923,-0.032120618289155245,-0.005206455035843605,-0.00023518182873250026,0.019170336000227772,0.04173276036767737,0.008664625818820049,-0.0004989499142128428,0.0013108163767037717
