0.0,0.6828054550889353,0.005484110196428638,0.0,0.4027948434726507,0.5170269217791981,0.5044306635427729,0.5164654306173077,0.6116070751952557,0.4183668534426877,0.47633475251192836,0.5432206124751626,0.784941536946342,0.32405688132160243,0.4375161412820856,0.569579882614575,0.5013196609244855,0.6243704406479378,0.0,0.4967690930778259,0.3378251018206678,0.4871257642860376,0.5615013394076429,0.5147259298379099,0.5965857398136089,0.587653382873107,0.5423371906586126,0.7198393221706259,0.6543523125644501,0.6240891643176061,0.45234805657403376,0.4747573758939112,0.44713998088743917,0.2662168536936371,0.20569155925745808,0.6772736631566572,0.5027525587353834,0.4722434446096409,0.7254592232534348,0.9033460432574334,0.7750606117926058,0.5741100234992196,0.5131200699307181,0.0,0.5079114030673687,0.3184631930599995,0.7807306419316968,0.0,0.0,0.0,0.8143710448655688,0.0,0.6677935188116702,0.0,0.6052758586341904,0.0,0.6515407504320012,0.7860041143193538,0.0,0.7983403869173977,0.8276168188000226,0.30579795432866674,0.8512177909960594,0.0,0.504781994307665,0.21490858862973017,0.8470499472815876,0.3225901679128826,0.43809514802525146,0.7668436910682086,0.6342023755696913,0.49619501885521533,0.3866672276272777,0.6358568084665817,0.0,0.5776753165034989
0.6828054550889353,0.0,0.8129839214871089,0.321976731315894,0.48003431619383247,0.6494657549022028,0.5441041604749651,0.7976731688369074,0.5504788164875924,0.4809238070358126,0.3185942448219029,0.442782409415317,0.5774115374781272,0.48650824001172577,0.7055189152718577,0.4792425782122619,0.7165082949233356,0.5979506279334978,0.6036962584759027,0.6031684570729312,0.7609692690616212,0.7709401215596912,0.7801592034049056,0.5156918857610893,0.48799900303951976,0.49572901154678933,0.7518866455430031,0.6485235821712879,0.5332080604091323,0.5214389043211836,0.4710702479545311,0.3265972808450007,0.4174106201805074,0.3760040691469862,0.42919715342945586,0.5319575556939253,0.22801615050522722,0.0,0.7758923896544236,0.8971466338505917,0.7498152389828214,0.8201057333711465,0.6580081687401276,0.0,0.0,0.7180777479953526,0.9405911126464814,0.02990198158163921,0.0,0.0,0.8837630345459939,0.8976729441348298,0.5285333218498547,0.6070326368798062,0.6206555203584972,0.0,0.43321963326807755,0.8359116018347477,0.0,0.72024181518588,0.8902652150066535,0.7052618005642106,0.8968418855288438,0.0,0.7580115426847133,0.967551624623958,0.9066923282907323,0.6622816583490261,0.45615006318462586,0.8442758034734356,0.8363562414116161,0.7513613254168428,0.7661094016654492,0.8534013637934148,0.0,0.9518720102502676
0.005484110196428638,0.8129839214871089,0.0,0.5102459418789729,0.4859828575061577,0.5049965689344948,0.5466585911478385,0.6277893405673785,0.2951244396372972,0.4874963018634828,0.6271535354971832,0.4251939572437353,0.6554704262126525,0.6389114839983536,0.36448734568981767,0.3843519395640232,0.615919078592682,0.5279676158474615,0.2648480552508963,0.36986616006326334,0.655790507576312,0.7679543502880042,0.5595980355097384,0.4358186928911799,0.5450401409645602,0.5275462468975536,0.21982793875830076,0.6625086861825547,0.7525420830063345,0.6763892811367324,0.6655317236577105,0.6689590021535073,0.5128102909419484,0.7159297288165236,0.6083614970367471,0.6253661101429011,0.4910200973322496,0.4835110641021277,0.726450791852574,0.4672596248642296,0.4288376736645619,0.6877632814856527,0.5354407404461522,0.6285322113620795,0.0,0.0,0.19675790733395856,0.4148479636189071,0.5051985161367303,0.6288174433619169,0.6255542998261875,0.6201393457427403,0.5821429981774403,0.37626612730871045,0.39199410721704553,0.875642342429417,0.5184282359062485,0.6252472047380517,0.5257504836235836,0.2801171784194212,0.0,0.0,0.0,0.8586608642982805,0.6653710925625431,0.4478966440912482,0.1274569454200848,0.6809203871576257,0.0,0.6665976142125636,0.363121901867279,0.5910523348955147,0.5014386287246313,0.5609294502889495,0.713342497473616,0.347313578571686
0.0,0.321976731315894,0.5102459418789729,0.0,0.3793359036289472,0.6910482272986095,0.4055931730968756,0.7587525081292881,0.6624502732637277,0.36202354732480224,0.4926823291626017,0.09724483524088509,0.6052170310743124,0.6151502888489139,0.6939736830464349,0.10569026778965224,0.5635915358715738,0.5107442550179411,0.4887890860564226,0.43718640721724444,-0.16180196233927308,0.3261744789205864,0.7340932013564789,0.22498061968851152,0.9226043678599474,0.6706797434101768,0.6617630860214689,0.4003227811683561,0.4778494909996455,0.42637879349219876,0.44631496612045113,0.3741603552191934,0.19315290817992437,0.4995060016167473,0.37191896803039415,0.377048849789236,0.2839726539090148,0.3969485824749903,0.23231071791362948,0.28347075711737707,0.355236328269379,0.2867617819218714,0.7951023967437122,0.23401137720114346,0.0,0.0,0.0,0.41947239582072554,0.0,0.0,0.5901188448198659,0.0,0.49076139178728007,0.03277251025662331,0.0,0.17762072734290257,0.5039464770382127,0.49425403956726865,0.0,0.0,0.0,0.0,0.0,0.0,0.0,0.0,0.5003741472052854,0.612368003410922,0.0,0.0,0.0,0.5045514348022082,0.4870011743093631,0.6191546728997305,0.0,0.0
0.4027948434726507,0.48003431619383247,0.4859828575061577,0.3793359036289472,0.0,0.42451509259759646,0.25541872486319667,0.4121824830319706,0.40816644396478824,0.6209462122568047,0.3307246362968329,0.22326480807958132,0.6066572161164976,0.38716055695075946,0.4879956147240019,0.6400030424943213,0.5624829986018746,0.46701157308160995,0.47450809603771776,0.5635322115737871,0.4660788851490213,0.5923681166759724,0.45256709256497357,0.4701105067045531,0.5226297086699933,0.48402050179284695,0.5308287389176818,0.42637667814575086,0.6077102220453696,0.4962633583174332,0.6592535258615548,0.32492143855359107,0.4026964101358984,0.618250078366901,0.5247633614705148,0.2966620605863608,0.16473274839481872,0.5064463636877872,0.29850213192149744,0.7153043928690179,0.537925379824653,0.4000895291186307,0.4033829266912887,0.6900984381339427,0.24380860572371515,0.0,0.38548366372861487,0.2928965335578301,0.0,0.1592158094829804,0.6993753383180316,0.28883524562748286,0.5479880072982892,0.18198008576748115,0.0,0.2642782653514416,0.3541887965092921,0.4413761577734378,0.3312320133269506,0.24273247061971975,0.47992446516182286,0.0,0.0,0.31633467116552155,0.32165721736928377,0.4971594158826573,0.38009731576254396,0.5447467627340795,0.0,0.4665645078867672,0.5644184170853235,0.4314613099082516,0.21518091186182778,0.4204674486126144,0.0,0.5040326223228884
0.5170269217791981,0.6494657549022028,0.5049965689344948,0.6910482272986095,0.42451509259759646,0.0,0.5128624619796402,0.7863297716592711,0.4412722329866128,0.6897390834040539,0.6272926579103391,0.8561364662947749,0.5958183611460008,0.6487382385008249,0.8368722207965997,0.6456278224987302,0.25576138099627344,0.5531148367350929,0.7819006106886577,0.5705661279921773,0.7999949674442911,0.5580893851562303,0.710810143676702,0.4946880245733657,0.6564135617922088,0.7739523253970957,0.685868729468426,0.7158069331818573,0.49481259812852485,0.9118091730272455,0.7459848934298194,0.6491032699498441,0.7247106169443144,0.6353591648265086,0.6042873615454263,0.8664047851041716,0.7131799777128079,0.616709552237714,0.7271394689321597,0.5944712479764391,0.5562052288961912,0.8332900130964197,0.5880052139329655,0.7803161440025408,0.20829515628346054,0.5720328625287385,0.758228505264839,0.664983153984135,0.931580807812887,0.4851151381871647,0.7808440952506145,0.7320994328840387,0.8465160273812833,0.6934910809163116,0.6466191112288151,0.6148160730473559,0.36448714556400374,0.7801357567012156,0.7324088343387842,0.6622015464245894,0.711253214817216,0.0,0.5635913945417609,0.6815174030127868,0.612567172709376,0.5355046609066091,0.8667460415089183,0.7906287224959262,0.6169468866937298,0.5759391943378473,0.6767898204183481,0.8271040897767278,0.6359876613250504,0.679136212596009,0.5457986464309263,0.5900009262622544
0.5044306635427729,0.5441041604749651,0.5466585911478385,0.4055931730968756,0.25541872486319667,0.5128624619796402,0.0,0.4868990073152213,0.5538423370410641,0.6371845867783048,0.5514684377992163,0.4090549830796638,0.7849549352761898,0.23861916240553485,0.5232444010132999,0.6401082808231774,0.3548758389729662,0.6109254403802697,0.5818464203356017,0.5554436180018556,0.5767723011041073,0.5743802364547885,0.6355439652687866,0.5830160511741986,0.5909723918577385,0.5781549246878313,0.5901401883263209,0.7141147002908491,0.5343239714210586,0.5807088083004754,0.6034406529496426,0.5743670599171106,0.5050144133945664,0.5481456658554538,0.4292633915271738,0.4311819880191324,0.5050232358931405,0.7617367245214708,0.6987350445410012,0.44869848739706186,0.6030200034164965,0.7467146377264411,0.4260629955441261,0.8159797536789588,0.35592193675284967,0.0,0.5979327121431741,0.4128837130402614,0.0,0.42035951121315024,0.6685260295553735,0.594456227468576,0.5737791525608524,0.5554808136665231,0.6132612809519649,0.42524948602464036,0.4566462770695848,0.537141543947703,0.3252345481585137,0.3213853985572125,0.6340617880267647,0.0,0.5166742933969519,0.5325816146551294,0.6135062950921335,0.4908311096006032,0.9124578667496251,0.6906329928489543,0.49978391662635846,0.6319894742124301,0.7855445882350587,0.7450213568096389,0.5671189089437132,0.46638275516927696,0.39361752603959094,0.47366532271197087
0.5164654306173077,0.7976731688369074,0.6277893405673785,0.7587525081292881,0.4121824830319706,0.7863297716592711,0.4868990073152213,0.0,0.6451926873902532,0.6274102444473633,0.5353185646290506,0.7658053760730166,0.6185549335915115,0.9087023150300182,0.8230161528379834,0.788922646311411,0.4430844080472046,0.4349690785154581,0.5047942938619838,0.46660131619522077,0.5206345051063899,0.6853441232013529,0.4203592656777972,0.43691592018503633,0.7631984643225245,0.5959402548096404,0.5664030221100406,0.5937549318095703,0.601723667187626,0.6002497949620852,0.6107659621508927,0.5475992020935463,0.5516475992474268,0.5870869419777671,0.5012778638779528,0.7643359079226915,0.18519373621142715,0.6521315356936804,0.7005782832614587,0.46573503956904766,0.40597480287393795,0.4992020382442498,0.6303727225846594,0.44627025942573206,0.0,0.607423234302714,0.4452568008045803,0.6507718144554535,0.0,0.6250644226364221,0.7992912300573931,0.6915628343973224,0.8967510013197391,0.6174398069391227,0.8791238137370225,0.6145416000215462,0.990744761718722,0.6664558808386691,0.6838675549221727,0.6339027023793179,0.41585117554319434,0.0,0.7143863304933338,0.8212097534656218,0.5285432973759557,0.6545761752618233,0.5359854642900036,0.8284035265456313,0.0,0.4556503869423093,0.45782643260713324,0.8168547570197288,0.6245097062125793,0.647897145833829,0.3857835803913903,0.4903606338807186
0.6116070751952557,0.5504788164875924,0.2951244396372972,0.6624502732637277,0.40816644396478824,0.4412722329866128,0.5538423370410641,0.6451926873902532,0.0,0.7078495886987111,0.4165257291059252,0.6624602255891046,0.6298490787631664,0.5680541353046491,0.998800202832832,0.6181249295878736,0.36731844627105414,0.4040633373433742,0.32315838151879206,0.6449402433713576,0.6126363660350094,0.7064599796448149,0.6701059964198713,0.6296374839655157,0.6122016570512898,0.6360132608822535,0.37729129858261784,0.730039030413178,0.557046441542761,0.7399406545151179,0.7344596271372514,0.8278780107886072,0.6158578471939236,0.7834817801577234,0.769333178760004,0.5666512401595226,0.7273116174103246,0.7724363563747891,0.7281354437151967,0.5163842256685345,0.5498874414286032,0.5476672370339418,0.5296859465667384,0.4148857552272673,0.2847108582043534,0.0,0.5535177391498051,0.6225815120233116,0.48259077229758496,0.7307612662854399,0.7026012333132143,0.7089189505631782,0.5811662319488486,0.577522845638714,0.536796043290528,0.6320251796226404,0.47544721220370606,0.5800659453699972,0.5851420343321863,0.5823757768021158,0.6568687083178948,0.0,0.0,0.6781042050428541,0.8170201553663161,0.6113293255173435,0.996233635183945,0.6879155087246172,0.33507002245918593,0.5532214192534775,0.353674304350074,0.6524913457837678,0.5152306504404898,0.6033540174466081,0.45885003636834343,0.6149102296784981
0.4183668534426877,0.4809238070358126,0.4874963018634828,0.36202354732480224,0.6209462122568047,0.6897390834040539,0.6371845867783048,0.6274102444473633,0.7078495886987111,0.0,0.5953941810330279,0.38766803290872337,0.6322869314737048,0.44367944689214933,0.4522371338833726,0.48736120244655246,0.5347477226304133,0.47376629566020734,0.5447997123819425,-0.041008315530222605,0.7336443295478973,0.5001760116413291,0.5314050263743582,0.34309386459417424,0.6531510198745221,0.5660356679992846,0.5307374570263961,0.6566882673965102,0.6070854366520034,0.45492118756964106,0.503025014448334,0.21024184725114567,0.49710747044280623,0.49869139520304595,0.46627396457649983,0.4755081383885038,0.5922618849797003,0.4728114646325865,0.32723071218806477,0.5710495193944963,0.8241342568252364,0.5981648885628418,0.3373357377827275,0.31050158621023083,0.4478881924690187,0.767331889472998,0.45655781751161384,0.14365541752188085,0.4693630142094624,0.47480107080374884,0.5296127918476381,0.4760616981724526,0.6040794084806139,0.24537431646401667,0.6429712522110185,0.3950040160840872,0.5975058886408869,0.6793024880792689,0.0,0.9531611355128209,0.6199293717782677,0.659759362226571,0.6529835149259651,0.4886402609383,0.5042539012921766,0.5901368598567595,0.36821756291902596,0.5207048670108434,0.3992816365805225,0.6769412663847473,0.5798602793779856,0.5567377801448126,0.4344456256616471,0.1976207864274626,0.0,0.6759140978070157
0.47633475251192836,0.3185942448219029,0.6271535354971832,0.4926823291626017,0.3307246362968329,0.6272926579103391,0.5514684377992163,0.5353185646290506,0.4165257291059252,0.5953941810330279,0.0,0.44350402930913235,0.6066808414485605,0.5550714942720569,0.0,0.5204376985645554,0.5614407588654563,0.553001519215556,0.32576384540158465,0.48021294916891893,0.560713840637343,0.3698437575001623,0.3885879318022006,0.5490742297190181,0.6308287882560396,0.5502117963578972,0.505078376727512,0.6010115577670248,0.4284600608972863,0.5124312134297848,0.5776075856723295,0.7034633092134542,0.49379661876807734,0.6341899983100658,0.6124530801855571,0.5973464992804605,0.5634653852422566,0.5832123002525698,0.6894305253581675,0.49393121193238987,0.606980923193355,0.44055170424205325,0.5169207982110878,0.6078011692866205,0.19155872236673774,0.0,0.0,0.7137338103892912,0.4700908863245646,0.5872256054185709,0.6085997728010651,0.6325409667786596,0.6183757146782465,0.6394347257328082,0.46173278276874763,0.5681853622661874,0.3533911565216358,0.7230382338379489,0.5617439887282231,0.0,0.0,0.0,0.0,0.5050935533363883,0.37927704288822917,0.0,0.7295190236034126,0.7023128620277177,0.0,0.0,0.8926456589311274,0.6233117828658237,0.49997490392358096,-0.11307014810165641,0.0,0.6123307867730539
0.5432206124751626,0.442782409415317,0.4251939572437353,0.09724483524088509,0.22326480807958132,0.8561364662947749,0.4090549830796638,0.7658053760730166,0.6624602255891046,0.38766803290872337,0.44350402930913235,0.0,0.5362497154747655,-0.1746878518544373,0.3896051343457517,0.6531359191676985,0.7767174381338259,0.7824462168435453,0.5473429901484848,0.5653021770067648,0.6676279926272743,0.48008574027841605,0.46432584247867836,0.1854784086947003,0.5553529993321051,0.4559546925715585,0.6126404798761674,0.5541903445383667,0.6694870718386479,0.3309567786563884,0.3766699651532796,0.3045409698868092,0.5805572330530837,0.24828478351899594,0.4371540938746725,0.14697693608588447,0.2525598478659179,0.15009108094538168,0.6479544060129532,0.5268082829214777,0.7007149235810228,0.27786609232762166,0.45942559691748486,0.47829966163059046,0.3726280084731096,0.5331268892815839,0.6182620456805893,0.26425515420169654,0.20161196578956775,0.26660415980509783,0.3534217601927111,0.49808170285842324,0.25081173272558244,0.4210704948036149,0.7020355395013884,0.2310030629461089,0.677184150086305,0.5102767065384743,0.7181807771185451,0.6907276456539675,0.43323134160574983,0.6977666962789073,0.8303512919560729,0.3539917834206865,0.8106882828821131,0.7968082829901569,0.4741025262897075,0.5190044076927021,0.4109779144163679,0.7283760508530723,0.5910962808735216,0.36463595154026046,0.6701643674490781,1.1661842139263403,0.0,0.7533432429492519
0.784941536946342,0.5774115374781272,0.6554704262126525,0.6052170310743124,0.6066572161164976,0.5958183611460008,0.7849549352761898,0.6185549335915115,0.6298490787631664,0.6322869314737048,0.6066808414485605,0.5362497154747655,0.0,0.4338755488160586,0.6044072293666675,0.6819005283876647,0.46781885817060087,0.7160518851907363,0.6653934283854752,0.6479652321544409,0.6075837136110597,0.6294930507314161,0.6996173633891167,0.5290946582228663,0.7133144428372928,0.6032867853238835,0.6958583037547417,0.6494460668302519,0.6408465730182111,0.5536261111299715,0.5690154532808316,0.6963238606871301,0.512868322903872,0.5852327666883542,0.5799344629187628,0.5664314885886366,0.7115023996966987,0.7288795177783185,0.68083245812535,0.5139083218475993,0.488704695005564,0.5615311629252925,0.5984757105072331,0.36338287047899265,0.43210819298660863,0.5694066873120258,0.7575489730099667,0.5576388649844352,0.0,0.5754190822235578,0.7520573777062551,0.6180733808085629,0.6562901707847322,0.5763758493085099,0.5638570966442215,0.3920761268585037,0.5871707689622107,0.6975649697580337,0.7052291990574836,0.3479759213600629,0.48883484010030853,0.4234171833541369,0.609725828868773,0.515564500139849,0.499420891819142,0.6557969592279532,0.7463947455677348,0.741156089324586,0.5756566955168232,0.5570113916353637,0.6845359205881629,0.7782612193393537,0.6324689500822078,0.5264023743016553,0.38396676969470167,0.542362703759794
0.32405688132160243,0.48650824001172577,0.6389114839983536,0.6151502888489139,0.38716055695075946,0.6487382385008249,0.23861916240553485,0.9087023150300182,0.5680541353046491,0.44367944689214933,0.5550714942720569,-0.1746878518544373,0.4338755488160586,0.0,0.5794771770233657,0.6266695668702805,0.5011543033315037,0.489570373198864,0.5423424288456018,0.4431251802458162,0.46772607210270845,0.2885686007857274,0.6651543756143856,0.6972666746660354,0.5314376732409902,0.4785531872914222,0.593477971414623,0.5388747903740887,0.4550838432310892,0.7696777991360624,0.5381645881567159,0.34503972608201616,0.26075912879355634,0.7975527452280746,0.32711517309089927,0.4662548832056546,0.35728828802383117,0.38767323198412823,0.7764119010961028,0.0,0.7222825781959896,0.8272514387508686,0.6840299552859559,0.5048078590281229,0.0,0.0,0.0,0.3598322211943702,0.0,0.5141971263194812,0.34776706091768506,0.3237411858195015,0.5294695263119568,0.38587381886450767,0.0,0.4229214832329461,0.4154946783308665,0.86268071191669,0.3601139554228455,0.0,0.0,0.0,0.0,0.3678551828011771,0.0,0.0,0.0,0.5732405026663694,0.0,0.0,0.0,0.4167840539919101,0.6589837596218628,0.0,0.0,0.0
0.4375161412820856,0.7055189152718577,0.36448734568981767,0.6939736830464349,0.4879956147240019,0.8368722207965997,0.5232444010132999,0.8230161528379834,0.998800202832832,0.4522371338833726,0.0,0.3896051343457517,0.6044072293666675,0.5794771770233657,0.0,0.5709930609324051,0.22237547465745736,0.517710066617029,0.0,0.5312414551277638,0.7116605292548737,0.7361026240557195,0.5512732815738327,0.6786462077350885,0.5428231184379535,0.5363459692833727,0.4354524502633493,0.512445254201108,0.5448681788269842,0.49695427443920914,0.5771185631253202,0.3749767239747096,0.46736770241349745,0.3858868075715437,0.3995904295357492,0.5300183391963156,0.14954526888922032,0.3660987514388284,0.4387983753056848,0.5228060845132014,0.4812820990465538,0.41060656793571426,0.49090993239864034,0.6533030812464473,0.0,0.737354176272635,0.8901127010382228,0.46780154334751295,0.0,0.0,0.49458513448882213,0.5441787197712216,0.32039317226770514,0.5042247966468905,0.0,0.0,0.6854773492973655,0.32365670203697666,0.4881102420654777,0.8735841935037046,0.6254773897461792,0.6545312763430582,0.7489147095009174,0.0,0.7842717866935015,0.7950166393047309,0.894520270767815,0.6856846648119455,0.494142968583702,0.6319179480264929,0.6217770187961751,0.5092289896247684,0.30137278793009603,0.17397312984535868,-0.019742662853053594,0.3781126229231987
0.569579882614575,0.4792425782122619,0.3843519395640232,0.10569026778965224,0.6400030424943213,0.6456278224987302,0.6401082808231774,0.788922646311411,0.6181249295878736,0.48736120244655246,0.5204376985645554,0.6531359191676985,0.6819005283876647,0.6266695668702805,0.5709930609324051,0.0,0.6990945273045064,0.6390434118088323,0.46008578967764635,0.5748005610413248,0.7417997731947799,0.61728802357417,0.6702017167943926,0.6118284741340025,0.5913257141530476,0.43242939254759244,0.5944751541610666,0.6986420259529187,0.6546551599085626,0.7356539481018962,0.6561017466313717,0.35305132545374196,0.29701133672326374,0.3303659500339402,0.5210317756804643,0.7980398366880153,0.33694096611646074,0.5956876346365412,0.7197823008628738,0.6704705351865539,0.7557509947615391,0.7480531220585233,0.507317836078061,0.0,0.0,0.5400904691212014,0.8702040187946231,0.0,0.0,0.0,0.7777545763312248,0.8556761036837135,0.8566677574309796,0.0,0.2592793640109597,0.0,0.4064627918249536,0.7831093478408497,0.0,0.6996387337490719,0.7872555094282014,0.566006939056221,0.8810967540737786,0.0,0.5652940376599901,0.80794552415623,0.7624013943306425,0.5555433409919579,0.4688635627263184,0.8747688670896627,0.8365658199226456,0.5634037430149721,0.3601727874296947,0.6887076467044505,0.0,0.703669256654222
0.5013196609244855,0.7165082949233356,0.615919078592682,0.5635915358715738,0.5624829986018746,0.25576138099627344,0.3548758389729662,0.4430844080472046,0.36731844627105414,0.5347477226304133,0.5614407588654563,0.7767174381338259,0.46781885817060087,0.5011543033315037,0.22237547465745736,0.6990945273045064,0.0,0.5680084563392146,0.6245006888135062,0.4969591900854496,0.47418744128705737,0.7389084794063605,0.5102436201046061,0.7304672733937967,0.7730474210600422,0.5959506940230648,0.17734516699390454,0.6907546518244556,0.3855505464102534,0.5732290332962595,0.6180913334723697,0.7046133419526435,0.6456094047902945,0.5760826859040132,0.6611095549895003,0.7185875265369462,0.2755774997367111,0.5124302029987594,0.5899318119371859,0.8685319318367051,0.7963675893573102,0.5666853546603101,0.0,0.0,0.4462045223900247,0.7508432790163742,0.5293713837216214,0.0,0.0,0.0,0.0,0.0,0.0,0.0,0.739471882976201,0.0,0.6320078422452193,0.32502881469055134,0.0,0.8215088696907802,0.5778806003997852,0.711364343939903,0.6863841361437313,0.0,0.0,0.0,0.5267668403182308,0.0,0.5896449875668417,0.7745442234632784,0.6849616323184,0.0,0.28951310563852817,0.4720580023145377,0.0,0.9127116380727538
0.6243704406479378,0.5979506279334978,0.5279676158474615,0.5107442550179411,0.46701157308160995,0.5531148367350929,0.6109254403802697,0.4349690785154581,0.4040633373433742,0.47376629566020734,0.553001519215556,0.7824462168435453,0.7160518851907363,0.489570373198864,0.517710066617029,0.6390434118088323,0.5680084563392146,0.0,0.519373240303866,0.5156142473487217,0.6900366476320203,0.48140202952315814,0.5019659807077346,0.6208829646235855,0.631947259534611,0.5599705681363438,0.5135725420414674,0.6464853018755257,0.5742556558122625,0.6595487016655027,0.554708674032212,0.56738956670103,0.6137273501547764,0.6560208892008554,0.6163558431067606,0.5416515671646832,0.24720815842899696,0.38991869375352706,0.7711547933854093,0.6874592954890932,0.6511954730689904,0.7416791168808868,0.0,0.0,0.5737204658897164,0.6876601925147375,0.8510000915680187,0.0,0.0,0.0,0.6011425579965544,1.0501884197830664,0.8253321437543633,0.0,0.8108137164866361,0.0,0.693749134899428,0.6656879762265531,0.0,0.568731617316258,0.7624540851945063,0.7534362007607129,0.805527773275439,0.0,0.4096607507735114,0.7991445479065887,0.7139311452474293,0.7618998862724422,0.5998978239754815,0.8128780741294543,0.7753788461497689,0.30612568708302634,0.4589639261671087,0.5073365915022507,0.0,0.786265736356782
0.0,0.6036962584759027,0.2648480552508963,0.4887890860564226,0.47450809603771776,0.7819006106886577,0.5818464203356017,0.5047942938619838,0.32315838151879206,0.5447997123819425,0.32576384540158465,0.5473429901484848,0.6653934283854752,0.5423424288456018,0.0,0.46008578967764635,0.6245006888135062,0.519373240303866,0.0,0.5233134944701847,0.4603828126798063,0.8160247929945517,0.6652951171637386,0.5351803715367706,0.4125925589184627,0.5118264471873784,0.1863100407312268,0.7055348344416151,0.6065562439966818,0.6258551381382026,0.720578438633666,0.7562424126498918,0.5656782013371738,0.7170008122287418,0.6246582431727207,0.6230779239453534,0.4653412290920856,0.49877065690493483,0.7106886926215623,0.3912264417146919,0.5015070522486982,0.5277851671910065,0.5213279013306732,0.35183615964442594,0.4171171150483727,0.0,0.0,0.7343381383697065,0.0,0.4905503106312065,0.5159126913233354,0.5629552572901048,0.5043276013619353,0.5658416684062983,0.874836927995946,0.6678731395245076,0.4944868455489291,0.4723210652947494,0.3145657306520391,0.0,0.0,0.0,0.0,0.6561706838748463,0.46849949954152026,0.0,0.478185240952422,0.6375816332298628,0.0,0.0,0.0,0.593796486047074,0.4308690071845135,0.2606283114177928,0.4660571847708977,0.3992460531192752
0.4967690930778259,0.6031684570729312,0.36986616006326334,0.43718640721724444,0.5635322115737871,0.5705661279921773,0.5554436180018556,0.46660131619522077,0.6449402433713576,-0.041008315530222605,0.48021294916891893,0.5653021770067648,0.6479652321544409,0.4431251802458162,0.5312414551277638,0.5748005610413248,0.4969591900854496,0.5156142473487217,0.5233134944701847,0.0,0.5990922749318315,0.5163143023554191,0.5276960358938101,0.6013943436756259,0.5040859544212726,0.5050863774199585,0.6486060032680753,0.7874914139586682,0.5848503735074401,0.355040534523525,0.6579482578169857,0.29420237654239434,0.09886434876796762,0.32877552377905217,0.3049595336220494,0.5656185701783563,0.6780990188137316,0.9019424402430143,0.20658888324477767,0.2828442931676006,0.34341787551702313,0.2710665400173254,0.5632778638119973,0.24524258693918785,0.18044444936391463,0.49908127762916965,0.6229331629647787,0.43686988415535405,0.0,0.0,0.2714189570958603,0.185621965027435,0.48346941722124676,0.3988281280343211,0.9876427849782119,0.0,0.5815143501740615,0.3894331088029196,0.0,0.48902751914345743,0.3522048604580986,0.50964099646623,0.3530459280767458,0.0,0.31710879854488827,0.5017178915895718,0.6142765151407938,0.3601224019491068,0.0,0.5342340127846998,0.35390671784231587,0.28681352270216875,0.28576782176491167,0.15505551684394053,0.49889552626440686,0.2601517425296332
0.3378251018206678,0.7609692690616212,0.655790507576312,-0.16180196233927308,0.4660788851490213,0.7999949674442911,0.5767723011041073,0.5206345051063899,0.6126363660350094,0.7336443295478973,0.560713840637343,0.6676279926272743,0.6075837136110597,0.46772607210270845,0.7116605292548737,0.7417997731947799,0.47418744128705737,0.6900366476320203,0.4603828126798063,0.5990922749318315,0.0,0.8206708125561544,0.6921517727651942,0.4116323294624846,0.6092024452574436,0.5495300491136295,0.5965251159614812,0.5927104580313145,0.5380389814719796,0.6340171892088962,0.39526481318520057,0.3051964827226698,0.5262881068426244,0.29981826530612016,0.3824029198205686,0.4847360026050958,0.33268058330397726,-0.2179191439417933,0.49746129388772653,0.6150549171454072,0.4404988531505198,0.4146294026024784,0.6044724417281601,0.0,0.0,0.17819541564990524,0.7782367218424522,0.6592032650037533,0.0,0.0,0.647243339564906,0.4603103783398529,0.8085223959377786,0.46224122754128893,0.6374335046874461,0.0,0.7929865145953598,0.5190960905597566,0.0,0.703626568022036,0.6568696312455748,0.0,0.580309587687956,0.0,0.5487924620259963,0.9615453256579605,0.7860454145102123,0.6987330353958072,0.8253905491233684,0.45715559899538627,0.6059551622669567,0.5476423323812096,0.43266531848918394,0.45048931041974216,0.43533131618319576,0.02344675874002708
0.4871257642860376,0.7709401215596912,0.7679543502880042,0.3261744789205864,0.5923681166759724,0.5580893851562303,0.5743802364547885,0.6853441232013529,0.7064599796448149,0.5001760116413291,0.3698437575001623,0.48008574027841605,0.6294930507314161,0.2885686007857274,0.7361026240557195,0.61728802357417,0.7389084794063605,0.48140202952315814,0.8160247929945517,0.5163143023554191,0.8206708125561544,0.0,0.8033629629717827,0.3184188814435913,0.6867763850298054,0.7106649387940325,0.5188218404115298,0.8339771985504363,0.5869485093895309,0.7808273445221725,0.7129238653524264,0.4167869612981125,0.44596165777803776,0.4377819256568303,0.4495637979796574,0.4879354315195856,0.47434547498753366,0.5403792253267052,0.616262785720155,0.659078249922294,0.6379174965762348,0.6484218740555329,0.5064545770431365,0.3621027479915657,0.24131686890029888,0.6665906445127531,0.8929734412105491,0.5606211476799754,0.4876402530876047,0.24587693090989626,0.8757100099026105,0.7378633555960183,0.6010575278147245,0.8265896784461763,0.391879919364029,0.0,0.5336889417971922,0.6374835127412309,0.0,0.7728458017776931,0.7199610509112426,0.46211787327196185,0.7459097865241224,0.0,0.6546779416304569,0.8270693774807524,0.8149761101838084,0.6750326592662149,0.7948674213557094,0.6906944019307495,0.6729989535713461,0.7005049246862105,0.6535890992949556,0.5766333499351819,0.5496925989837442,0.7873633671029774
0.5615013394076429,0.7801592034049056,0.5595980355097384,0.7340932013564789,0.45256709256497357,0.710810143676702,0.6355439652687866,0.4203592656777972,0.6701059964198713,0.5314050263743582,0.3885879318022006,0.46432584247867836,0.6996173633891167,0.6651543756143856,0.5512732815738327,0.6702017167943926,0.5102436201046061,0.5019659807077346,0.6652951171637386,0.5276960358938101,0.6921517727651942,0.8033629629717827,0.0,0.5273084949075871,0.6742807663494274,0.5280446420951772,0.46067368819162935,0.6224396719636971,0.7040928635927131,0.6677908108546218,0.6642793625861844,0.5822295323003113,0.41339817349001623,0.5573065444149743,0.565544027896664,0.6258892001575054,0.5420940148386065,0.4004671159390564,0.5964934937601027,0.24854623535631,0.5420484019499092,0.7029191493939788,0.6746061777630366,0.7008112218833301,0.5418563865826711,0.5083446935133649,0.768295110762556,0.7535680300793806,0.5028094515333453,0.6629067438981577,0.6022858301614997,0.5843135090801055,0.47583128947960335,0.6367118597759991,0.5929612164117603,0.7751924638698904,0.4570066382696838,0.596132667301928,0.4323631884999685,0.5823244340460709,0.5150684754227386,0.5042539012921767,0.6087379150971568,0.8010835483251457,0.42528103389196065,0.4222345226745332,0.7483423052837588,0.31883079463323905,0.5850739278429644,0.590914775376239,0.5074187211148364,0.6756181123024597,0.5008725206133082,0.5013109830797545,0.5534577573739148,0.57569330122438
0.5147259298379099,0.5156918857610893,0.4358186928911799,0.22498061968851152,0.4701105067045531,0.4946880245733657,0.5830160511741986,0.43691592018503633,0.6296374839655157,0.34309386459417424,0.5490742297190181,0.1854784086947003,0.5290946582228663,0.6972666746660354,0.6786462077350885,0.6118284741340025,0.7304672733937967,0.6208829646235855,0.5351803715367706,0.6013943436756259,0.4116323294624846,0.3184188814435913,0.5273084949075871,0.0,0.5053376984059331,0.41778422643501667,0.5298486312186398,0.6303170864414949,0.7902799526368289,0.8651439203974363,0.6108561394553085,0.34865317164457155,0.22875825940077038,0.21617941792263784,0.33800059980271274,0.27110327082232466,0.37875164865496086,0.3158446647517427,0.5985707377468954,0.5996426641435878,0.40768265470983894,0.6630701454926622,0.6358580685786834,0.35719157110108224,0.3181171903701009,0.4278149344793357,0.6825609817061883,0.0,0.0,0.5202681130689579,0.6113962814078977,0.34213581771725277,0.0,-0.03353977347882284,0.570727407844823,0.573464890468083,0.5188623253710087,0.4947173651402598,0.0,0.2393532187475675,0.7053082707647226,0.5239811472344494,0.7139049815157928,0.49608687817156816,0.385260948894,0.15359275878272413,0.14950785916111795,0.8396584402947688,0.2284900234621341,0.6655719008483097,0.4974747199835916,0.5828361111890443,0.7067737110422544,0.6410761712820701,0.0,0.538383577301593
0.5965857398136089,0.48799900303951976,0.5450401409645602,0.9226043678599474,0.5226297086699933,0.6564135617922088,0.5909723918577385,0.7631984643225245,0.6122016570512898,0.6531510198745221,0.6308287882560396,0.5553529993321051,0.7133144428372928,0.5314376732409902,0.5428231184379535,0.5913257141530476,0.7730474210600422,0.631947259534611,0.4125925589184627,0.5040859544212726,0.6092024452574436,0.6867763850298054,0.6742807663494274,0.5053376984059331,0.0,0.379532697536497,0.7114141497015813,0.672106257424272,0.5896500886654543,0.4630301894285847,0.555328596078267,0.3566207839864247,0.5561839212438857,0.49959705569234963,0.5575830368427336,0.5462105165338111,0.5962866079508617,0.5481418435038957,0.8189779278460898,0.7454093493199503,0.7034377894424673,0.7502118369527753,0.1107999978055456,0.0,0.4719639018424718,0.6383948873605358,0.9262003343313415,0.0,0.0,0.0,0.7213587958439618,0.6917414233943917,0.706481268009725,0.45059489738079456,0.6716526327114829,0.4907708328970093,0.604274495333094,0.5180075728166721,0.0,0.48773841178095834,0.8290928634669519,0.6620228648525673,0.8389002052520989,0.0,0.7051481327201281,0.6887518757608833,0.7967285996689271,0.5585282444212074,0.47670023067745926,0.841176058778495,0.7558928530831723,0.5137346523291034,0.6307829498580522,0.6296617709819319,0.0,0.7569168725173263
0.587653382873107,0.49572901154678933,0.5275462468975536,0.6706797434101768,0.48402050179284695,0.7739523253970957,0.5781549246878313,0.5959402548096404,0.6360132608822535,0.5660356679992846,0.5502117963578972,0.4559546925715585,0.6032867853238835,0.4785531872914222,0.5363459692833727,0.43242939254759244,0.5959506940230648,0.5599705681363438,0.5118264471873784,0.5050863774199585,0.5495300491136295,0.7106649387940325,0.5280446420951772,0.41778422643501667,0.379532697536497,0.0,0.6403881203508781,0.5968866315903214,0.5880404802574463,0.4130278410505106,0.43866509332641446,0.38056655213071666,0.5378368794430093,0.41690860179692024,0.3624405634449965,0.5337499059538955,0.500612589555044,0.42209194398600436,0.7095910949432231,0.7148656716984947,0.8028157102242558,0.582556746288555,0.2161404672714174,0.560482295424608,0.5389579558617793,0.49443813577510576,0.8302256072991965,0.6844983003626244,0.0,0.013174979915072686,0.7817047664595205,0.6226852564772153,0.5714083020536107,0.41647406742197257,0.6239018390231807,0.0,0.6003571255480589,0.8059226161702016,0.0,0.6957761212735591,0.7804632610171652,0.5877148161865309,0.7877757368784706,0.0,0.5229845520235976,0.7678467392303865,0.8119696784981947,0.48775593697037734,0.4148641588597578,0.7726664599082056,0.6350658835837752,0.6262888865922869,0.645100542712628,0.7292235668114206,0.4843217940683806,0.7130965912257354
0.5423371906586126,0.7518866455430031,0.21982793875830076,0.6617630860214689,0.5308287389176818,0.685868729468426,0.5901401883263209,0.5664030221100406,0.37729129858261784,0.5307374570263961,0.505078376727512,0.6126404798761674,0.6958583037547417,0.593477971414623,0.4354524502633493,0.5944751541610666,0.17734516699390454,0.5135725420414674,0.1863100407312268,0.6486060032680753,0.5965251159614812,0.5188218404115298,0.46067368819162935,0.5298486312186398,0.7114141497015813,0.6403881203508781,0.0,0.6832051698930556,0.5124735877301787,0.7740295734263778,0.6716345587107839,0.514951830008105,0.4879967806199579,0.5722368144597907,0.535846142116901,0.5494760685208006,0.6568081200352389,0.6037451032298309,0.6362698930539459,0.523369488083322,0.5768544417795832,0.6081844676349601,0.572924312728194,0.5945723471852397,0.3994265949958996,0.4312283615291828,0.6250639620791336,0.641484186280917,0.5213284465371621,0.6695677493939747,0.7527302119724402,0.6971166383978252,0.6691850337277151,0.6155786893153229,0.7307559828043257,0.6455162844753661,0.4101318942775609,0.7377967211718819,0.6628485655154697,0.5946058230344213,0.49904659149863684,0.0,0.48141942131800064,0.7745040174485329,0.4866321248797748,0.6722288721088063,0.7777625334944104,0.7218808113638981,0.0,0.6545952747690024,0.5361102323670698,0.8032234545369747,0.6515631797117014,0.5928942961697623,0.5327388657186771,0.6145791218968335
0.7198393221706259,0.6485235821712879,0.6625086861825547,0.4003227811683561,0.42637667814575086,0.7158069331818573,0.7141147002908491,0.5937549318095703,0.730039030413178,0.6566882673965102,0.6010115577670248,0.5541903445383667,0.6494460668302519,0.5388747903740887,0.512445254201108,0.6986420259529187,0.6907546518244556,0.6464853018755257,0.7055348344416151,0.7874914139586682,0.5927104580313145,0.8339771985504363,0.6224396719636971,0.6303170864414949,0.672106257424272,0.5968866315903214,0.6832051698930556,0.0,0.634978255231641,0.5094804778701987,0.6114953157687435,0.611866989254682,0.7431041277974713,0.49849123254155936,0.6584379469906252,0.5662544586427383,0.4554275780622585,0.7886729585887005,0.5786049943771117,0.4333062855395326,0.4541525157938523,0.4353482260859979,0.5073346945342017,0.3371238850749597,0.626231359617861,0.5718548051324038,0.6951612537516471,0.5028271817583921,0.0,0.41884149278919086,0.6589880306317064,0.605152747282254,0.7126243829130479,0.45984495236281847,0.5949256846046582,0.43338761960851313,0.666006898059724,0.6328234750665549,-0.14577629727938393,0.3533058537650767,0.41353246373447416,0.20862268392972616,0.6524838238739403,0.5239492906477767,0.4741324479299155,0.5937868079412129,0.500900170327581,0.6730046913308924,0.5629888025479721,0.6941639489363727,0.493162988111125,0.7167312089305244,0.6316532314581373,0.4995252060133526,0.3722488979888896,0.5365721690223427
0.6543523125644501,0.5332080604091323,0.7525420830063345,0.4778494909996455,0.6077102220453696,0.49481259812852485,0.5343239714210586,0.601723667187626,0.557046441542761,0.6070854366520034,0.4284600608972863,0.6694870718386479,0.6408465730182111,0.4550838432310892,0.5448681788269842,0.6546551599085626,0.3855505464102534,0.5742556558122625,0.6065562439966818,0.5848503735074401,0.5380389814719796,0.5869485093895309,0.7040928635927131,0.7902799526368289,0.5896500886654543,0.5880404802574463,0.5124735877301787,0.634978255231641,0.0,0.4394894635113319,0.6651076934096793,0.3078574125053576,0.3467825255611148,0.47261640123187565,0.3702501790698536,0.625882093247228,0.5094652479907804,0.48579236201393916,0.3715928536054012,0.25988815602756554,0.3736313067456266,0.3306833807211358,0.11698440724392792,0.5453148632370209,0.6463719469124283,0.429777054356654,0.6458697276928262,0.5768894358638412,0.4987592970947945,0.449659217536033,0.5115112614795179,0.5174715002548019,0.7226564633562655,0.4142136266917351,0.6237119653723872,0.4396939094353408,0.5994019874054655,0.5288088628212679,0.8109045459476163,0.3117231066898519,0.569660688730357,0.4838105366756509,0.4964390014777499,0.5348566604267253,0.3742398346711022,0.5233224201007036,0.5743394013339993,0.5472034495831166,0.4462010799079086,0.68713147363595,0.5611781876831976,0.5464234898878054,0.46366965921360725,0.3312030654899577,0.34409721577543806,0.34112735430554414
0.6240891643176061,0.5214389043211836,0.6763892811367324,0.42637879349219876,0.4962633583174332,0.9118091730272455,0.5807088083004754,0.6002497949620852,0.7399406545151179,0.45492118756964106,0.5124312134297848,0.3309567786563884,0.5536261111299715,0.7696777991360624,0.49695427443920914,0.7356539481018962,0.5732290332962595,0.6595487016655027,0.6258551381382026,0.355040534523525,0.6340171892088962,0.7808273445221725,0.6677908108546218,0.8651439203974363,0.4630301894285847,0.4130278410505106,0.7740295734263778,0.5094804778701987,0.4394894635113319,0.0,0.8190906938007081,0.5233480002438253,0.5391038249687621,0.654546351339558,0.5663483661398653,0.4228897033736549,0.2525091069502958,0.45013093167567086,0.4404450500787823,0.45563060212371964,0.5566038685454675,0.7139542875350071,0.6332237141503931,0.04264101861082609,0.0,0.0,0.0,0.18479502275343124,0.0,0.0,0.6057250462712753,0.5378383207573696,0.5424536423658419,0.7098730116103598,0.4738899478869669,0.0,-0.011340103680105906,0.43846638441676244,0.0,0.4431648972676556,0.0,0.0,0.9217153418107888,0.9818581109126956,0.4406330939564002,0.5149629797502637,0.5447206519492209,0.7529468011127664,0.0,0.3630872779845866,0.48645812670553945,0.7302317798336195,0.5219531312014101,0.3589118311187628,0.3957714186233642,0.3787810323469921
