0.0,0.019205202221702855,-0.0016483107638912142,0.0,0.0005223817811422782,0.028116583762836822,-0.0020982790579016086,-0.00861152856527242,0.0003852395612175541,0.005430941879790929,0.0009007057610688762,-0.01743090978266465,0.00016599436166497838,-0.0017706055899796569,-0.021226811178853167,0.004414826314441234,-0.0019086124404871785,0.003695229507695519,0.0,0.008219592426526978,-0.03716946709486796,0.021686483351806507,-0.010725634802413286,-0.01965751650569092,-0.0022127059759251,-0.008658057754318549,-0.0078276679341171,0.02785177936487787,0.023278356374878684,0.0025306477691161566,0.014865767710011024,-0.003608896416025187,-0.006433865917695569,0.022947144192002,-0.0015138487740534168,0.0002697565401704183,0.00029784446870617654,-0.0007658113735924399,0.008112545572270535,-0.0023759537623995186,-0.004953765940237442,0.009948694864234331,-1.8441575791949827e-05,0.0,-0.0013368295460112756,-0.002946245257212321,0.01793625573081914,0.0,0.0,0.0,-0.003372052088601807,1.1102230246251565e-16,-0.002523757069118504,0.0,-0.005316482817675716,0.0,0.004419587044210971,-0.00039467149954647285,0.0,0.00043383212218162104,0.014428626565047786,-0.0024441678273878775,0.02317181039862376,0.0,-0.0029907494394293965,-0.04722754882524094,0.024030996924835568,-0.0005313906013101333,-0.0031340581736138406,0.02249710491538376,0.00224366580531965,-0.0018659345730253074,-0.00020264511536749463,-0.002624073152329931,0.0,0.022164169044787352
0.019205202221702855,0.0,0.0014984714296825685,-0.0001278926984670803,-0.01000097756396523,0.0010638761032153443,-0.022290582257511182,-0.01981045920831498,-0.0075145873102703264,-0.02137092493823539,-0.0003670269489093325,-0.01758236442713107,-0.013979679280935575,-4.793327724605945e-05,0.022027393630888292,-0.0003166790885223425,-0.008007559730244584,0.006085047210205585,0.001231507859916936,-0.011473223775078645,0.023096464075968548,0.012329216715817826,-0.0034925486685526974,0.020129359272738734,0.0051421376694597565,-0.015765367861331425,-0.005338749673173548,-0.011603765332540594,0.010061659350622365,-0.04745594399816727,0.012018337456434047,0.006556745017630539,0.015486285417740553,0.012457429509096452,-0.004071215659341432,-0.0036283624623262845,-0.0002379333134461259,0.0,0.032018580202848035,0.03472451264963511,0.0211818456219508,0.024292770036600242,0.0010509465056361966,0.0,2.220446049250313e-16,0.05370997462495025,0.0316032689823334,-3.2948319750758515e-05,0.0,0.0,0.009944694320231151,0.0017285444577611608,0.02502225383981793,3.212420828208051e-05,0.039645213697159176,0.0,-0.0008242769870279165,0.011200168136259514,0.0,0.06000669230097927,0.03078804360751508,0.016171374118820026,0.028045914125226,0.0,0.04374451871150381,0.044696290276352024,0.027937516308833288,0.024177639251669047,-0.0014158712131053242,0.03303394845079094,0.024946019901451844,0.04479726810626772,0.00018326455048967016,0.028724277650692465,-1.1102230246251565e-16,0.03198585351605954
-0.0016483107638912142,0.0014984714296825685,0.0,0.009945439446060467,-0.0318914771240425,-0.00527145190501882,-0.015238084475791613,0.01025798724475202,-0.006950950237008036,0.003726714810927234,-0.014087515803037798,0.007601785249411519,-0.005409493116786734,0.01003328821738314,-0.0014094280006092252,-3.1198478586624834e-05,0.0002541179322133602,0.021954501662746595,-0.02025482121991029,-0.0010861884557796242,-0.0025480124111920688,0.0009726502321086294,-0.003261673997627945,-0.028471249792537734,-0.013135054993272055,0.006602434565714632,-0.024243918844065793,-0.005416171671178804,0.01019406517033794,0.0028644810266702514,-0.003351684007899536,-0.006891987426952628,-0.013151250011373294,0.0015739018636251045,-0.019128085045028886,0.010241017558785037,-0.009135431945566486,0.016955810292339335,0.0382343144371079,3.7769151367550435e-07,0.03263183377234691,0.0019343484451009862,0.032834578423580396,0.021666969563898686,0.0,0.0,-0.0003567299403189339,0.1006988501027255,-4.142027216436084e-06,0.043379096428146746,0.02472631940204839,0.030019083737188312,0.011603372269758938,0.024453093516173863,0.0007013776476807454,0.0920873991837437,-0.0012675736528264814,0.03520238853178659,0.030101506361902564,-0.0002754120484579903,0.0,0.0,0.0,-0.0935841564635072,-7.451479178433029e-05,-0.0001452738331129133,-0.0004997908006241225,0.02272466979994814,0.0,0.00015834704656919607,-0.0013259096604218423,0.01695199255703983,0.03953160402167444,0.03835793090779782,0.0011454719711920802,0.029724573098953044
0.0,-0.0001278926984670803,0.009945439446060467,0.0,0.04104670783048381,0.009982386736753723,0.01524881199980721,0.037216085053485115,-0.010015369668908702,0.009650813804317815,0.004345976261050266,0.011770301499732405,-0.007448233559694484,0.03911417799626027,-0.001058891113595306,-0.00029802631956643566,0.00048421532269726786,-1.886150385788099e-05,-0.007767383719117615,-0.01939413601655754,-2.147264548851835e-05,-0.0024880475258298174,0.009208612059663834,-0.0011085516971880982,0.0006356501299304984,0.001418318592574963,0.0040973353854223404,0.0240210945571811,0.008620495823133179,0.0006708272977081764,0.001879720080524172,-0.017246935452366163,0.003693264249165995,0.05957524862256275,-0.007979900853758826,0.021473949411789928,0.023424393302948904,0.04884232828477625,-0.006174994006746204,0.00010318834333150617,-9.52380085075255e-05,-0.0015999206702029811,-0.0011944113413733803,-0.0012222571760522882,0.0,0.0,0.0,0.03427415704013653,0.0,0.0,0.00019179469301700003,2.220446049250313e-16,4.316706317092356e-05,-0.000580018704378793,5.551115123125783e-17,-0.0009219410631279845,-0.0005238070888112234,-0.0002509701353163307,0.0,0.0,0.0,0.0,0.0,0.0,0.0,0.0,3.8060366501280196e-05,0.022505570378499318,0.0,0.0,0.0,0.0011964709338461166,0.0014409665073548683,-0.00013026071398813954,0.0,0.0
0.0005223817811422782,-0.01000097756396523,-0.0318914771240425,0.04104670783048381,0.0,-0.015617924627165491,-0.016495106697913098,-0.007737428421946468,-0.03653420672136243,0.0030959019694648537,-0.021140256811202518,0.001089563540082994,-0.014370057187706509,0.02918235395259855,-0.0004194306463347064,-0.020562681323789966,-0.0012264225752668945,-0.02686183461069841,-0.03154448750088629,-0.007057614963008607,0.05604114191587589,-0.0005728491945583003,-0.02637457388917236,0.012282900850743683,-0.016525407942970638,-0.015868419160720293,-0.02237034783567049,0.010302528798197375,-0.006011239817311942,-0.0021693684238380806,-0.0072607147611334355,-0.007881232957847872,-0.0016171665471010344,-0.00030238493627188223,-0.001768065392005691,0.037299739776161855,0.11615229425836743,0.014723666900893662,-0.0019440407647450808,0.0008112507895812193,-0.05136413525470951,0.0008948935476318365,0.011607558551742336,0.0015994836492471132,-0.00022128548996719344,1.1102230246251565e-16,-0.00011272327224304268,0.005858658708944531,0.0,0.06111323872697688,0.018216850256017603,0.026366389756322217,-0.017840294448485006,-9.420636273371752e-05,5.551115123125783e-17,-0.007403460045399324,0.0003996001864065013,0.04152577143555408,-0.004664235622593105,-0.0003288727766688204,-2.3824631296076593e-05,0.0,-5.551115123125783e-17,0.015448382704142893,0.00017375151656390253,0.00014534277901651071,-0.0006768893047944258,0.006759731943983716,0.0,1.2109245947022895e-05,0.0007337972798690529,0.012184131504915152,0.022029468334280267,-0.002836811004889639,1.1102230246251565e-16,3.8524433879194575e-05
0.028116583762836822,0.0010638761032153443,-0.00527145190501882,0.009982386736753723,-0.015617924627165491,0.0,-0.006335399613957238,0.024222338531667054,-0.00398686343750132,-0.011704710767761528,0.00833648987271729,-0.0006935773207112361,-0.01150926035728067,0.018195608238501138,0.02465924171506917,0.0155282231609013,0.005710512847311278,0.011886308444915228,-0.027478259608618272,-0.0014615887004750805,0.01703587506540699,0.00967897895112424,-0.016902735199733232,0.006721527613347378,-0.0026860231698530024,0.005636213033364423,-0.014989387424936274,0.009640309447218998,0.007079157009458492,-0.019953951752552268,-0.021734075568538236,-0.00470563049494277,0.0023723469899054606,-0.009029036945971902,-0.010833196967315661,0.01000428737501019,0.0039054901594571256,-0.0004266776072247569,0.032166542219372485,-0.003280351257673897,0.04162609132437889,0.021373382010627606,0.023107384510169637,0.031926867598058906,-0.0019043432285798523,0.0014342204262408065,0.027152957424171564,0.027665282757231346,0.05130335249138235,0.02630406045705569,0.0342112603461221,0.030759411684297966,0.018636167544981763,0.019465185544231267,0.003554196653919095,0.01642265324891723,-0.001987505828347058,0.032611325351095566,-0.0036156769489206764,0.017068619785587713,0.030465162511641664,0.0,0.0113596531208624,0.01409426802913294,0.03173184621660413,0.05072039451988414,0.013604252126600935,0.018111580825398765,8.883735079279198e-05,0.029538913411389423,0.016895260533371648,0.02277378731172286,0.024554547701884477,0.031223924436106276,0.029059204554997886,0.03246697182451119
-0.0020982790579016086,-0.022290582257511182,-0.015238084475791613,0.01524881199980721,-0.016495106697913098,-0.006335399613957238,0.0,0.010980711897028428,-0.03285635551879729,-0.01539098341961248,-0.010138530752734742,-0.015283464377031708,0.0068665793942013775,0.015528716688179456,-0.0011500412350640143,-0.02729732692269793,-0.03070368166320092,-0.02828206290327895,-0.014977437692927142,-0.004063823434967084,-0.00026369208880955286,-0.005596789782809697,-0.013254464440196345,-0.02685380968592499,-0.035058205696458344,-0.02023411122698221,-0.01490092092483497,0.006512034688773427,-0.010561407657190491,-0.004791887578856235,-0.012896655467170559,-0.025040775851266572,-0.03016621827060756,-0.025033505356374608,-0.04027793414637321,0.0031467280052036584,0.021597644788855397,-0.00716626459812425,-0.01405557388612294,-0.000924415376621579,-0.034262741345111036,-0.06776180840300106,0.04140874463648336,0.004971498561761323,-0.021976699081109163,0.0,0.008349607484048005,0.020572615242944625,0.0,0.03186087978254948,0.0039305061809126185,0.03103804695187018,0.013445713322602693,-0.003224761229087214,0.0002830911098782307,0.01684846383155253,0.0006148738135539067,0.03417422660996372,0.041392583160887564,-0.0007111949313162724,0.0006148052153501227,0.0,4.552172831429058e-05,0.029863266253462695,0.011751093364843701,0.0009716911112150339,0.009470775614808524,0.017939337001076416,5.8187300693457455e-05,0.0008372104788845758,0.0058327129326798954,0.016135125309373444,0.032816871231390654,0.019394794808346383,0.0006755678275992549,0.030773015612262866
-0.00861152856527242,-0.01981045920831498,0.01025798724475202,0.037216085053485115,-0.007737428421946468,0.024222338531667054,0.010980711897028428,0.0,-0.02354032439310294,0.02710139334386108,0.002727545700922651,-0.00815370390907838,0.018683449345931857,0.007686243989267982,-0.010148126440940763,0.016108573007827975,-0.0004830168932019596,-0.0016140638659153383,0.002280846056935848,0.00016989906158360046,0.0021499899524242694,0.019875116456841535,0.0021133124063707487,-0.016032531762124602,0.005108103892149107,-0.009871156084472976,0.0068262876273661455,0.01710163478227028,0.025445954990678865,0.01583062881544739,0.006465700493345106,0.015436198974607407,0.024956682342625103,0.01524451506718294,-0.005782319560692972,-0.0008495454493735455,0.07482522997884017,0.03294994364995968,0.00797168827597633,-0.0015744840668688864,-5.6397401751229204e-05,0.03539738403523163,0.02785152304174776,-0.0014651891368457903,0.0,-0.00043865868421699705,-0.0031219754934037613,0.01879195356335739,0.0,0.05060172190530687,0.022555838162739095,0.03427898174071792,-0.056955336002256884,0.001486485797005055,0.0005896215996561427,-0.008751591160811367,8.649290327794601e-05,0.014864447792925728,-0.014314596778833788,0.01872862452017926,-0.0003911129599523111,0.0,-0.00019877914345417524,0.0019186873668092241,-0.0022928623365352507,0.006131987429175922,-0.004176209752364768,0.015667286756556986,-5.551115123125783e-17,0.011761971670712967,0.012448799222804563,0.012192308191540047,-0.010683197419578794,0.00028246761960920574,0.0014400823224218762,-0.0011957448978027196
0.0003852395612175541,-0.0075145873102703264,-0.006950950237008036,-0.010015369668908702,-0.03653420672136243,-0.00398686343750132,-0.03285635551879729,-0.02354032439310294,0.0,-0.008245572709421112,-0.024930871990041403,-0.0051381805535035685,0.0014540546376620167,-0.021072391392085776,0.0011594380668487614,-0.007625808620052965,0.0013180988054207754,0.01389232074693414,-0.01594921410553063,-0.005598611037196999,-0.0013624957818472727,0.002097944145299069,-0.018541833311869538,-0.026862324674350624,0.010572446649475264,-0.024771839096194237,0.02099846292289037,-0.0055873772872175875,-0.0033023967467252224,-0.007875106420351441,-0.005680274907031713,-0.009795685363730433,-0.014117104149818704,-0.0014134551292290798,-0.009776462945319864,-0.015256195244381487,-0.002347191115705194,-0.0022698687477148427,0.045395068183860965,0.0007246416305772274,0.02444756473061588,0.015735856898603795,0.031438429013229796,0.0007146032094081933,-0.0019631263714787184,-5.551115123125783e-17,0.0011674020941963015,-0.011434487260358006,1.9898492963354997e-06,0.03204033401623452,0.028256290375613058,0.0341871247116915,5.447283047910201e-05,0.0019225427485766167,-0.0010604395522501586,-0.016988864872806098,-0.0011047514749387144,0.037801508373926374,0.0027784018306437064,-0.0004476568596822883,0.00021181805995085234,0.0,0.0,0.024123426268589432,0.00035041079053665936,0.0015432016059691578,0.0005961293819640723,0.01702996061399098,-8.541163867398227e-05,6.615475745319621e-06,-0.0021002960272334947,0.01768911433655107,0.034886459729482566,0.05277384114271816,0.0001672724285386451,0.038005953029371375
0.005430941879790929,-0.02137092493823539,0.003726714810927234,0.009650813804317815,0.0030959019694648537,-0.011704710767761528,-0.01539098341961248,0.02710139334386108,-0.008245572709421112,0.0,0.0020192283383154153,0.007250043722279942,-0.008005067589433312,0.07122546148047126,-0.001989336424595478,0.011699104739721355,-0.0018099309194791746,-0.004545602793447456,-0.0035212532056590473,0.0028410228391949066,0.027558256032686024,0.01868624790003004,0.012939119086172346,-0.0041091311085978965,-0.013816214307541652,-0.04671680464423267,-0.009776287545689877,-0.006369060853166464,-0.0011374008902938493,-0.0003053827388883046,-0.016998264983190292,-0.0005228738343612815,0.007454016729578461,0.0014590162900223747,-0.029281688297375708,0.03985544212258646,0.027591557875515038,0.024188892478930912,0.09804513405348941,0.03201888667945424,0.03536968443162175,-0.0009182470700794809,-0.0065907344592907036,-0.00035507653037669673,0.02665169757112751,-0.006701198882507753,-0.0005491749438504279,-0.0004027115062965603,1.1298639960355406e-05,0.0003256249129737765,0.001429523824786172,0.02098298681682037,2.7698038559897942e-05,-0.0020550378746356235,0.007818682435251911,0.0007897349004105658,0.018250605573835343,0.011049717036727857,0.0,0.0009299987326527592,-0.00010327584424962843,0.027855939412207043,0.03755801481316895,-3.7139221631399266e-06,6.034185032821604e-05,0.00041647324115184903,-0.002010559992601302,-0.0011213559510754312,-0.006136055840476828,0.028402757655335342,0.0020402578869111454,0.026181628551663783,0.009299295255695617,-0.0012210833598268467,-5.551115123125783e-17,0.00994642844776722
0.0009007057610688762,-0.0003670269489093325,-0.014087515803037798,0.004345976261050266,-0.021140256811202518,0.00833648987271729,-0.010138530752734742,0.002727545700922651,-0.024930871990041403,0.0020192283383154153,0.0,0.005435587716431489,0.004141836191763837,-0.018448443931462333,0.0,0.0001282458767583039,-0.008831149131038274,0.009834498947140835,-0.025400002925468013,-5.243237132490641e-05,-0.0001252876672856451,0.00030874524014712357,-0.06518592120066216,-0.012522922502281597,0.0045460751703848,0.011885112925435537,-0.008321115273591029,0.0014856135404731075,-0.0029234210332402255,0.0003989907396128589,0.002738791543850261,0.019393555514684302,-0.013690476845863386,0.0007704331023395961,-0.0033915194806851123,0.03883550939746705,0.014184592116254002,0.002182019491587306,0.018920612829871897,0.00032089924434969275,0.03586744486387394,0.001424911143500851,0.023842908669089002,0.007667751203943918,0.0034879166689325003,0.0,1.1102230246251565e-16,0.020542307643450997,3.853100418171884e-07,0.0348249751115034,0.022575372311354314,0.04497213934679839,-0.0001224625235339838,-0.0369539787385047,-6.551117887798608e-05,-0.00960808731281615,-0.0001775167524998289,0.030672141586366775,0.02233825329734407,5.551115123125783e-17,0.0,0.0,0.0,0.015494878493769015,-0.0005649831215706613,0.0,-5.867559956257429e-05,0.010863869648649493,5.551115123125783e-17,0.0,5.627570808830473e-05,0.011318547951899904,0.028471840510761348,-0.0013742847470502029,0.0,-0.0011123224523074127
-0.01743090978266465,-0.01758236442713107,0.007601785249411519,0.011770301499732405,0.001089563540082994,-0.0006935773207112361,-0.015283464377031708,-0.00815370390907838,-0.0051381805535035685,0.007250043722279942,0.005435587716431489,0.0,-0.005075068165878827,0.003609089409794264,-0.0003574375233791338,0.00020650008524020214,-0.010473843133162075,-0.011255527736369675,-0.003800788143302869,0.03627295169039135,-0.018579549405406348,0.0638370054708321,0.01609318916640201,-0.026230118625997834,-0.027203980532985894,-0.04589453205640193,0.010845326501449704,0.0018317683622428027,0.03185695017231566,-0.0011292705740946207,-0.00757872599101006,-0.006291429973362739,0.008993387235772254,0.0011299100917849803,0.01365568916818799,-0.015693876828912545,0.047715719587877625,0.001692790722682025,-0.014431334133004348,0.05178441752926283,0.05863841048617774,-0.001815364084474358,-0.001652899599322244,0.001356484066446173,0.05089185489596626,-0.003337977103845924,0.0014581312956410963,-0.000374863394428937,-0.0007136224885996578,0.00016550835375328532,-0.0008643001141647733,0.001024827505688497,-0.0005306440685172165,-1.7450653180095532e-05,0.003405451602190912,-0.0008055732087653977,0.01528015198948457,0.027267664172076378,0.00022684909755960048,0.00010003326212804087,0.0014955769481674874,0.020551003438453563,0.017191937548207692,-0.0005656460850694822,0.00035182493394170233,0.001584809433960943,-0.0005038919730926406,0.03129197290562802,-0.00271892135960089,0.015608281397166912,-0.01135345797785453,0.0675127948632267,0.025929773553946156,0.0006329541669078398,0.0,0.012777856083458772
0.00016599436166497838,-0.013979679280935575,-0.005409493116786734,-0.007448233559694484,-0.014370057187706509,-0.01150926035728067,0.0068665793942013775,0.018683449345931857,0.0014540546376620167,-0.008005067589433312,0.004141836191763837,-0.005075068165878827,0.0,0.002155524447577273,0.020319734501316855,-0.008693114682862435,-0.012792166813127115,-0.007372893623403487,-0.0021749403953127966,-0.0010481086577628917,0.011253965858986192,0.002311234489677183,-0.0026867462922456897,-0.000825602292838401,-0.015537177637677257,-0.008989551928405615,-0.0012950299668872955,0.024070711180192328,-0.010065310737456978,0.015986375095704386,0.0041529776161773335,-0.009495634474222081,-0.005630356143388693,0.007491970763140288,-0.0015375630591041856,-0.0031666864962303087,0.01734100959129392,0.009761629153268558,-0.01094555948537801,0.003896539144928435,-0.0027259244034732455,0.01648182472773385,-0.003981955824693129,-0.00400049316224943,-0.011480012843401277,0.0006848743082049635,0.022132124018353794,0.012972517566888886,0.0,0.0007395424902719716,0.03396124785444732,0.03910090524419263,0.015088472368969097,0.025820706333520738,-0.000667153180642921,-0.015272416404754074,0.0006964801460618841,0.04544592635010941,0.0004766075529453184,0.006125992995402507,0.02014717018741552,-0.00025018623580846944,-0.0041451597679939,0.030803808354236795,0.006129974881910416,0.000544399776384763,0.01977969056714035,0.0185895445471157,-0.0006735120313955956,0.01430013001039665,0.017487580036721906,0.014664855941250887,0.030512453076025126,0.009020048503549871,0.024658202195952716,0.03658133654717277
-0.0017706055899796569,-4.793327724605945e-05,0.01003328821738314,0.03911417799626027,0.02918235395259855,0.018195608238501138,0.015528716688179456,0.007686243989267982,-0.021072391392085776,0.07122546148047126,-0.018448443931462333,0.003609089409794264,0.002155524447577273,0.0,-0.0005230223948836654,0.03292912781916196,-5.1774482609678874e-05,0.00010560837860529304,0.011103442310128053,-0.000591466586108258,0.013582757082516439,-0.0005764140225088532,0.0030965365607761863,0.004379954436978084,-0.00034570096781150195,-0.00737310382454065,0.010145293356596252,0.06357543499149448,-0.00046191762330044517,2.5288804639311824e-05,-0.008722290581826941,0.05263535267969094,-0.004373087331511594,0.004114912973479823,-0.00015593407158331907,0.0074350399187147476,-0.0009988015272227868,0.00028045199529252995,0.062073537180916516,0.0,0.0005601307121463339,0.00093785106938582,0.05202137601963264,-1.1091144765384975e-06,0.0,0.0,0.0,0.01612054643273808,0.0,-0.004462919229159756,0.05360729057974428,0.07749347853965538,-0.003920794929045235,0.012398644637142131,0.0,0.01831105920528825,-0.00018823987921456897,0.001560675535977496,-0.013685083828664235,1.1102230246251565e-16,0.0,0.0,0.0,-0.006866952611220445,0.0,-1.1102230246251565e-16,0.0,0.022879850804852664,0.0,0.0,5.551115123125783e-17,0.028699390790187185,0.005082477152189957,1.1102230246251565e-16,0.0,5.551115123125783e-17
-0.021226811178853167,0.022027393630888292,-0.0014094280006092252,-0.001058891113595306,-0.0004194306463347064,0.02465924171506917,-0.0011500412350640143,-0.010148126440940763,0.0011594380668487614,-0.001989336424595478,0.0,-0.0003574375233791338,0.020319734501316855,-0.0005230223948836654,0.0,0.011842664596925956,-0.0027224670390373906,-0.005442825862526701,-1.1102230246251565e-16,-0.010866730418638115,-0.024716837710763828,0.0065783614038745775,-0.044811598588910095,-0.0031831262506077374,-0.00702776470431149,-0.04700522773032939,-0.010368567588932454,-0.017192591403052904,0.015894852416162397,-0.0032270118072343368,-0.006024371991984079,-0.006179912220372563,0.008695658879798507,-0.004733941001071218,-0.006328145292190668,-0.03422181570413213,-0.002297451683385854,7.566901563760275e-05,0.01604249013386766,0.010517237545910385,0.006947085416040832,0.015027598663001296,0.00518875422895998,0.00019834851753097738,0.0,0.022522356718447656,0.03501553095127119,0.00019542279851331168,0.0,0.0,0.012935494324576136,0.002265510325689779,0.002067080678197719,0.0005622873252051908,-5.551115123125783e-17,0.0,0.0008833710608732726,0.000767784553192874,-6.316217016411052e-06,0.008120015962737703,0.03813884905327347,0.00043781257435787646,0.03184132419776875,0.0,-0.03557513829600928,0.028673167467061722,0.015046015478632713,-0.06775256718706985,-0.00010275213670712935,0.031650780157143565,0.028217220225058015,0.013761525315135859,-0.005941442192785085,0.022031795227232254,-0.0014169396857330319,0.011982108023397109
0.004414826314441234,-0.0003166790885223425,-3.1198478586624834e-05,-0.00029802631956643566,-0.020562681323789966,0.0155282231609013,-0.02729732692269793,0.016108573007827975,-0.007625808620052965,0.011699104739721355,0.0001282458767583039,0.00020650008524020214,-0.008693114682862435,0.03292912781916196,0.011842664596925956,0.0,0.00020928535939157555,-0.006525870735514361,-0.00014400194822872248,-0.007018217371410507,0.008852503369658538,-0.00019783015778962465,0.0017386761289561736,-0.009338415596398586,-0.005520324448187841,0.005163968411635023,-0.0037627248078159203,0.002089657098585107,-0.00183881699282612,-0.0031279540339619327,-0.006603777191280913,0.004291272352280717,-0.003031969336458662,0.002063574526213585,-0.003054841228970262,-0.019407480765601004,-0.00013956659693570295,0.05067330234719497,0.028926950282166575,0.04573367115459365,0.018585871618848004,0.021612525426426277,8.23586507220364e-06,0.0,0.0,0.040791573227266786,0.021985515157867064,0.0,0.0,0.0,-0.00010752409693637333,0.000565655692766176,0.00011665669039717663,0.0,-0.0014420353594835067,0.0,-0.001256883156476707,0.0008438556881832371,0.0,0.01681533331119217,0.01486611064568738,0.05936973913670873,0.016942482233094913,0.0,0.04566177637930535,0.031195818281665177,0.011468171375311975,0.018182342791641104,-0.0023192359423274134,0.020404716710550386,0.016626969450124374,0.02816787661659481,0.002273775402457656,0.04317487133285708,-1.1102230246251565e-16,0.026686064590166148
-0.0019086124404871785,-0.008007559730244584,0.0002541179322133602,0.00048421532269726786,-0.0012264225752668945,0.005710512847311278,-0.03070368166320092,-0.0004830168932019596,0.0013180988054207754,-0.0018099309194791746,-0.008831149131038274,-0.010473843133162075,-0.012792166813127115,-5.1774482609678874e-05,-0.0027224670390373906,0.00020928535939157555,0.0,0.002521843853678485,0.0009064480481261739,0.0025869522752081653,0.00038666881409910037,0.003299688625509556,-7.209774602745522e-05,-0.013693464420999779,0.0043761251374884735,-0.03298339787544907,-0.023843830707182823,-0.0025957230430670997,-0.004755426719020517,0.035413371385900394,-0.012494587353724274,-0.003441389176996601,-0.002514456201761661,-0.0012161451428622794,-0.014931486324852028,-0.06313559694501608,-0.0003612492369421405,0.022052954976167827,0.000533130138320792,0.06343074467698112,0.03921181961145226,0.0003410404601388306,-5.551115123125783e-17,0.0,0.0006780015815365248,-0.0015999290624886253,-0.00015069736463579897,0.0,0.0,0.0,0.0,0.0,0.0,0.0,0.031637739347865845,0.0,0.026764411435294067,-0.0012054473198424565,0.0,7.714961410398846e-05,0.024838353944744762,0.0349188028329776,0.043075428910058056,0.0,1.1102230246251565e-16,0.0,0.0004586571060923861,0.0,0.02219779887751311,0.03484485219326705,0.005728007654679512,0.0,-0.0011130793224901625,4.963400433799503e-05,0.0,0.04939097986768143
0.003695229507695519,0.006085047210205585,0.021954501662746595,-1.886150385788099e-05,-0.02686183461069841,0.011886308444915228,-0.02828206290327895,-0.0016140638659153383,0.01389232074693414,-0.004545602793447456,0.009834498947140835,-0.011255527736369675,-0.007372893623403487,0.00010560837860529304,-0.005442825862526701,-0.006525870735514361,0.002521843853678485,0.0,0.029326100875948835,0.004001469235089317,-0.004939212197732912,0.002026334505725591,-0.0037510897678403876,-0.005189629810307128,-0.009800604377222355,-0.003239256034456406,-0.0008241201707547274,0.00027090036581800536,0.0065152606426249204,-0.002769031963333557,-0.009434230718556535,-0.0021050915295338646,-0.009336606412142956,0.011989941043971664,0.0016938200230570688,0.0003051691263049605,-0.0002668259864029854,0.02018504694468276,0.030178916811958667,0.03513837568311928,0.02991203150859567,0.01642143207311164,0.0,0.0,0.0010615827872759165,0.007098182769225803,0.02689988207886751,0.0,0.0,0.0,-0.001025848195121526,0.00024257351007211936,0.00011024733495312855,0.0,0.03514135770914917,0.0,0.028232350658078054,0.03456415399075252,0.0,-0.002891795327275626,0.013889993048004312,0.039711945382376546,0.024484067959277878,0.0,-0.0010512077000523479,0.0004580489894310813,0.017558751928504646,-0.007831691395840112,0.02990100278499247,0.02708085642692587,0.01660524652453399,-0.0006756860699366207,0.026875401530487952,0.029453956174913976,0.0,0.041804110386989335
0.0,0.001231507859916936,-0.02025482121991029,-0.007767383719117615,-0.03154448750088629,-0.027478259608618272,-0.014977437692927142,0.002280846056935848,-0.01594921410553063,-0.0035212532056590473,-0.025400002925468013,-0.003800788143302869,-0.0021749403953127966,0.011103442310128053,-1.1102230246251565e-16,-0.00014400194822872248,0.0009064480481261739,0.029326100875948835,0.0,0.00036822911499811983,-0.0003482454571652749,0.0013572973953160372,-0.037844709809202404,-0.04976136572595907,-0.0014927119682924261,0.002294055699938069,-0.02943635815680684,-0.008144891654279729,0.015324875413627204,0.007106058946953819,-0.009655110558705438,-0.019937969371918163,-0.037878101648949114,-0.006225126490156718,-0.027002878738805858,0.006831458122959766,-0.015004245995223486,-0.010472041871183557,0.049697068638413944,-7.413337361955596e-05,0.07968906739476034,-0.0037488299131209213,0.046764376652342454,0.12267698346184891,-0.00016269954677788911,0.0,0.0,-0.03449264319917317,-5.551115123125783e-17,0.0539900787211246,0.03454797662715137,0.03919452143681301,0.020816133532226222,0.017236856046928817,2.7872419046781616e-05,-0.16119474794964816,0.0007063451585776481,0.038456684504228345,0.113905602029719,2.220446049250313e-16,0.0,0.0,0.0,0.05215007970865493,4.272526083048955e-05,0.0,0.00011092087747155421,0.02814878751765626,0.0,0.0,-5.551115123125783e-17,0.022424805486900956,0.03516468758547231,0.03436826952199368,0.0001472978256893409,0.02791177508489351
0.008219592426526978,-0.011473223775078645,-0.0010861884557796242,-0.01939413601655754,-0.007057614963008607,-0.0014615887004750805,-0.004063823434967084,0.00016989906158360046,-0.005598611037196999,0.0028410228391949066,-5.243237132490641e-05,0.03627295169039135,-0.0010481086577628917,-0.000591466586108258,-0.010866730418638115,-0.007018217371410507,0.0025869522752081653,0.004001469235089317,0.00036822911499811983,0.0,-0.015889991840520312,-0.0248959932455462,-0.029591162263070847,-0.05131334524629233,-0.010384050365673969,-0.006221709454914293,-0.04624740683994355,-0.008174233053836244,-0.0064145039348249,-0.015317047597062206,-0.00501227059961501,-0.016037860371197254,-0.037571810866246835,0.0033492024933790554,-0.004388957783759362,-0.004923154070402336,0.002579006499143832,0.03365223070513279,-0.008046547274339122,0.015665688597409633,0.009967241420015371,0.02502528730714637,0.003180586214343417,-0.01985572720511225,-0.0004656817324972251,-0.0003340344258854766,0.01685943709423754,-0.00017415388680558364,0.0,0.0,-0.02338336658015211,0.0015563487850935864,-0.022212272801994892,-0.00122118425955009,0.0007744252806820562,1.1102230246251565e-16,0.000999948858820321,-0.0018797277510508303,-1.1102230246251565e-16,0.015810566031605855,0.010041772542836891,-1.3101483880839648e-05,0.00938297249565595,0.0,0.007074030234093309,0.0005751659674245735,0.0035845430838007952,0.003088728011589603,0.0,0.004800981637137436,0.022834117494288986,0.004834583712021001,-0.01446856308631067,0.006260604552109583,0.01713990398015236,0.003180056561829625
-0.03716946709486796,0.023096464075968548,-0.0025480124111920688,-2.147264548851835e-05,0.05604114191587589,0.01703587506540699,-0.00026369208880955286,0.0021499899524242694,-0.0013624957818472727,0.027558256032686024,-0.0001252876672856451,-0.018579549405406348,0.011253965858986192,0.013582757082516439,-0.024716837710763828,0.008852503369658538,0.00038666881409910037,-0.004939212197732912,-0.0003482454571652749,-0.015889991840520312,0.0,0.006518464966562887,-0.020627116289943404,-0.027301547472606436,0.021435603451840646,-0.024406385243712914,-0.03321325660992014,0.015874451270315393,0.01646055342750563,-0.006428768839716992,0.023086645718197463,-0.0011972043583732273,0.019307716553389698,0.013038251343739593,0.02485490781887212,-0.01044241382736677,-0.000529414501377945,-0.0025703977951117563,0.012282325634329627,-0.027699848091791546,0.008821176874057701,0.019777622160972896,0.00267830689287174,0.0,0.0,0.05505797281184893,0.02284225061933176,0.0018866015363876443,0.0,0.0,-0.00668122762108192,0.00016763445433842783,-0.1316009770416301,0.0007644831890774584,0.00821839735354718,0.0,-0.007120231951440348,-0.004446812313674553,5.551115123125783e-17,0.021403446068767318,0.020105299296294843,0.0,0.027693628999138575,0.0,0.0021852237017593312,0.03335362618211268,0.0023970702810558464,-0.01393220629545544,0.0011496549375700216,0.030549499688523885,0.01405133263250058,-0.0017824040413513265,-0.006772608031352767,-0.014038928103007331,-0.0024390411851106797,-0.004337060026694983
0.021686483351806507,0.012329216715817826,0.0009726502321086294,-0.0024880475258298174,-0.0005728491945583003,0.00967897895112424,-0.005596789782809697,0.019875116456841535,0.002097944145299069,0.01868624790003004,0.00030874524014712357,0.0638370054708321,0.002311234489677183,-0.0005764140225088532,0.0065783614038745775,-0.00019783015778962465,0.003299688625509556,0.002026334505725591,0.0013572973953160372,-0.0248959932455462,0.006518464966562887,0.0,-0.06702934796457849,-0.07017767783937673,-0.0032777044936991295,0.008378127104224697,-0.007009234197523029,0.00496173246618864,0.004110476341306957,0.013133821455738659,-0.010530169288756996,-0.010674680415005633,-0.016200674771237267,-0.012695975242524027,-0.012032122005783297,-0.12639257337789161,-0.002943023014762791,0.004716739990707652,0.015109552354626687,0.03382726348979481,0.009863954166956013,0.027909020689799335,0.007106554874037274,-2.745259917336096e-05,-0.0003774330233469736,0.04831855008362612,0.02110977451950391,0.0003575676969327368,3.4732103000312264e-06,-0.00013563076806283325,0.01287128880377969,0.0031146111334718896,-0.0006679853012106496,0.0007643025717224972,0.00036396332203053605,0.0,0.0009364265519728465,0.011709666624057924,0.0,0.025994964528801012,0.020622153515764075,0.04236733251826702,0.025371517588203996,0.0,0.02228254367125654,0.027069247242860972,0.011730051092399385,0.004482587253698211,0.0018739535562721787,0.016133573869935247,0.02607408260940347,0.011878183526206065,-0.03837040027436012,0.011616271315621596,0.000559615251877088,0.011149908060796743
-0.010725634802413286,-0.0034925486685526974,-0.003261673997627945,0.009208612059663834,-0.02637457388917236,-0.016902735199733232,-0.013254464440196345,0.0021133124063707487,-0.018541833311869538,0.012939119086172346,-0.06518592120066216,0.01609318916640201,-0.0026867462922456897,0.0030965365607761863,-0.044811598588910095,0.0017386761289561736,-7.209774602745522e-05,-0.0037510897678403876,-0.037844709809202404,-0.029591162263070847,-0.020627116289943404,-0.06702934796457849,0.0,-0.00831303493763036,0.0033790833486171956,0.00020591873057895782,-0.014897379546905953,0.003778090078446039,0.005433141564491428,-0.0015795243546879445,-0.0017173750292992507,-0.0046030759328002935,-0.008525131845910139,0.0040611899094553094,0.003352883636360271,0.025812296246926936,0.00556047970386897,0.03727898989158168,0.009401408101112896,0.007100045499613905,0.005815634881032206,0.020877557900520705,0.02011051474165737,0.023932478080164632,0.0005786313974995849,-0.032229964142475975,0.012032252992945469,0.01842953219956056,0.05028876314095382,0.01979442795982389,0.02195784152151503,0.03435224995709418,-0.000377076281362132,0.016342043061618683,0.002131695506119413,0.012698409370323627,-0.003090881231210596,0.020154461328436235,0.01502927673517196,0.011094262398883559,0.022659944405424237,3.187080848027213e-05,0.013713607546312179,0.039154245851778735,0.00453124151849621,-0.031651439084597,0.010093378785031804,-0.007579236412826207,-0.00017914937687352195,0.024594323391807837,-0.004491348636218584,0.012115924414841772,0.014264468707696154,0.009457275813595456,0.012011632830256525,0.013999880281398314
-0.01965751650569092,0.020129359272738734,-0.028471249792537734,-0.0011085516971880982,0.012282900850743683,0.006721527613347378,-0.02685380968592499,-0.016032531762124602,-0.026862324674350624,-0.0041091311085978965,-0.012522922502281597,-0.026230118625997834,-0.000825602292838401,0.004379954436978084,-0.0031831262506077374,-0.009338415596398586,-0.013693464420999779,-0.005189629810307128,-0.04976136572595907,-0.05131334524629233,-0.027301547472606436,-0.07017767783937673,-0.00831303493763036,0.0,-0.028773895762084944,-0.03800220636125684,-0.014049710246960445,-0.0005557311658858644,0.03509477347033085,0.0007374667204436136,-0.005766648312241385,-0.03360000096071314,0.001994289194163945,0.0053558284266276845,-0.01635050861552212,-0.0543048836386848,0.028018844511805252,0.00815413011149893,-0.04986554738466964,0.06250863894376768,0.04945965723167217,0.007813649052629712,0.000763759421069321,1.684147784680734e-05,0.06935062845508466,-0.09789305604006782,-0.004643432816866633,0.0,-5.551115123125783e-17,-0.0001258838546941976,-3.345256096948246e-05,-0.0002879611728454079,-1.6653345369377348e-16,-0.00017920256082920583,0.01857278659292294,0.00025565650498798886,0.03179654734329829,-0.0027216828752363864,0.0,-0.0012376674863208148,-0.003997855957468932,0.018538643386484643,0.018697236195115763,1.534053143298353e-05,-0.0004975593045303262,-0.0006301885823162823,-0.0039206770675269675,0.0006510193211669013,-0.02108577887544283,0.013556246048317067,-0.01178293481105075,6.813977210140543e-05,0.0033933481997436288,8.983420603558834e-05,0.0,0.049532378460243165
-0.0022127059759251,0.0051421376694597565,-0.013135054993272055,0.0006356501299304984,-0.016525407942970638,-0.0026860231698530024,-0.035058205696458344,0.005108103892149107,0.010572446649475264,-0.013816214307541652,0.0045460751703848,-0.027203980532985894,-0.015537177637677257,-0.00034570096781150195,-0.00702776470431149,-0.005520324448187841,0.0043761251374884735,-0.009800604377222355,-0.0014927119682924261,-0.010384050365673969,0.021435603451840646,-0.0032777044936991295,0.0033790833486171956,-0.028773895762084944,0.0,-0.021710667113887194,-0.0005822527425000668,0.0009599758411874548,0.015332664866824108,0.012813542396078959,-0.006219980591168794,-0.017824796882805805,-0.015309672999910928,-0.004089407691608871,-0.016573519944416637,-0.04275840572356787,0.0003363225555330085,0.009610608854962122,0.024418942624287343,0.030752381301425324,0.02639359069118269,0.02461403419906566,-0.0011094758021543139,-5.551115123125783e-17,0.04229907935230531,0.00033064111944969277,0.029969473939634117,5.551115123125783e-17,0.0,2.220446049250313e-16,0.007655840406194547,0.014805633861963985,-0.013494035902353207,0.00042778818586736156,0.02067197202756038,0.023638525519058373,0.011498783653916655,0.025177313449549654,0.0,-0.00014403787000788482,0.017912016708705958,0.026469420706423608,0.025615410175269027,0.0,0.01674825470684893,-0.0012786170969446564,0.015731378546674335,0.01340851028970308,0.008121144714782702,0.023848733637258368,0.008893367656887197,0.032810471908342076,0.027385989070578598,0.019530185459186278,0.0,0.03572290438668213
-0.008658057754318549,-0.015765367861331425,0.006602434565714632,0.001418318592574963,-0.015868419160720293,0.005636213033364423,-0.02023411122698221,-0.009871156084472976,-0.024771839096194237,-0.04671680464423267,0.011885112925435537,-0.04589453205640193,-0.008989551928405615,-0.00737310382454065,-0.04700522773032939,0.005163968411635023,-0.03298339787544907,-0.003239256034456406,0.002294055699938069,-0.006221709454914293,-0.024406385243712914,0.008378127104224697,0.00020591873057895782,-0.03800220636125684,-0.021710667113887194,0.0,0.006937168202736044,-0.009355699630512693,-0.001185122319632026,-0.007039162271129884,-0.005001299927669234,0.0036803406423964735,-0.0015075448972495242,0.005171014588513212,-0.004164488798079569,-0.04957827081075328,0.001318260339041255,-0.007669936347097839,0.032673739581329686,0.018645095202286965,0.017729599910917992,0.03303332660749786,-0.0051468546024684425,-2.701858770048915e-07,0.031598892977825255,0.02725973249769076,0.030703587799239263,0.002064812289948814,0.0,-4.0234270800298955e-05,0.00920358446032421,0.001725745048612004,-0.002560620526018409,-0.0017025445990750954,-0.0018349779528409327,0.0,-0.008343614414700606,0.010360542677977647,0.0,0.04684285577792724,0.037379690735726445,0.00968477473271906,0.018564823114099294,0.0,0.025679837603958144,0.03424858544773729,0.0222107757155397,0.010034873217257267,-0.019483847095536355,0.0169199483284857,0.01083050270732816,0.028056811183206465,0.007458509095155941,0.023580679916933356,-0.000387220242821118,0.028288662476249893
