0.0,0.7742335066360909,0.3645867354160651,0.0,0.4095441627692389,0.6628366120031468,0.4865348831113161,0.5557132767408024,0.4498161349238398,0.5833577231208789,0.45573069893481455,0.4426470852154637,0.6475250263184892,0.5181383350291788,0.34494454317402345,0.7784386876516749,0.3937612878988227,0.6328412660074326,0.0,0.7203140244222334,0.23946471890572527,0.7859890364063955,0.5461784312075054,0.5130071050139081,0.49635440298890376,0.632994818190997,0.5967125917744154,0.751130590148934,0.7773402597584197,0.673526340674633,0.7670836065377941,0.6573431592884684,0.5600826622708419,0.7251639490426078,0.4910592858539486,0.6454598789960384,0.4915982925729985,0.5299354676478103,0.6755422212342724,0.5921397982714465,0.49176840551114653,0.6249659007676949,0.4649249052114126,0.0,0.4433256067265703,0.5689670889378187,0.7851154968990632,0.0,0.0,0.0,0.4922911153010484,0.0,0.5723578150961144,0.0,0.5133998148075968,0.0,0.5899355624850967,0.7053836215513476,0.0,0.5725256613222138,0.7581770517825568,0.27747696128785426,0.7930382040152105,0.0,0.4565022118206943,0.37059586740010086,0.81471932687054,0.6078442784266621,0.5865058721411667,0.8357728084147104,0.6668947618459404,0.43772508798589504,0.3907940651618272,0.5320494474433878,0.0,0.7252095236723652
0.7742335066360909,0.0,0.6115685398455144,0.34355621469476894,0.46979029026305696,0.5480342959887436,0.41893129902003856,0.5361284006281863,0.42511947242036596,0.3070515157749114,0.32151434565994197,0.30260678731726603,0.4858107891551223,0.514281591999426,0.8280104306376507,0.6651393716448837,0.5302981288417061,0.7010965450119844,0.6432103674859156,0.5071997976665119,0.793729624729147,0.7808724099322134,0.6627218431253208,0.5996680477505067,0.5773329156748939,0.41339941253667745,0.5740802631839965,0.47778460966462816,0.5937938078285907,0.011672585767168064,0.7447261408810244,0.6343301578233177,0.5733021460211182,0.6427566257143771,0.5495528372942999,0.4489730726687139,0.22747978699471555,0.0,0.8442955738137053,0.9111654470637631,0.6432897538846432,0.8611909784716755,0.6409021505115315,0.0,0.0,1.0847757476440796,0.8737589263426861,0.05056181262061335,0.0,0.0,0.70824360113695,0.6328066035005339,0.8838213757712328,0.5626024343092011,0.9623825168515903,0.0,0.4403338405324618,0.7277327728404218,0.0,1.0835926229274662,0.8359696071689592,0.7690369541487376,0.7999579053460952,0.0,1.0005480304887215,1.0254338332512005,0.9061384492269742,0.8024162645331121,0.4342904534907522,0.8234810609237918,0.8196167027328425,0.9753920168667269,0.6156780953769134,0.8884673975728032,0.0,0.9490193273671089
0.3645867354160651,0.6115685398455144,0.0,0.6430110957809914,0.3663687197187574,0.5630630628706373,0.5238632055230937,0.7635940424332794,0.3827697394369627,0.6146752461596892,0.5264245864378285,0.639289941290742,0.6194209635971623,0.7326615671738715,0.33254492324287055,0.44684465136394,0.6366872619980324,0.7565083839496323,0.412356928689946,0.3929781386365513,0.40081154689579157,0.578851931018489,0.5788914764240828,0.18496468861911025,0.45290945033007635,0.5364348580789744,0.3396477518904646,0.6483936081048205,0.6819233821391388,0.6413043400613144,0.6396725902099125,0.60167057345042,0.3894615315587432,0.6678996703318608,0.4722075336138668,0.7294602104320438,0.49456642588118116,0.6853929304423976,0.8656870671591904,0.49638798375943016,0.6950198807460148,0.539149384729481,0.8506920035633441,0.7972444225159201,0.0,0.0,0.205951310229631,0.7792792509994815,0.4812407907457049,0.7348804316747228,0.7727994095093924,0.744541717935227,0.7467888240199707,0.7992714084568118,0.3752321833327532,0.9310071797806845,0.47351545088853153,0.7917742876119996,0.744909773649993,0.2463096307047981,0.0,0.0,0.0,0.24586757054225875,0.6429399143606627,0.4504910014619826,0.10040550986393866,0.7960312144789108,0.0,0.6309139206597478,0.34813158896369956,0.80958385712942,0.7807068475179262,0.8621695262085283,0.697309272238966,0.6766342692452111
0.0,0.34355621469476894,0.6430110957809914,0.0,0.6703461656857226,0.6624525267692438,0.5748987458006969,0.77604232293637,0.5849112873945647,0.4020846374874515,0.5891668556087215,0.42782925825665125,0.41724821648717453,0.6990281354337692,0.5918902128514512,0.08724760482730837,0.5704943873020044,0.4648350948300414,0.5513639247641946,0.4220896317504176,0.4005169140968847,0.527418259360467,0.7688512976852108,0.24961318300810215,0.8765570869736213,0.6046451607281185,0.6752477400323149,0.5491685108077449,0.562558945756713,0.5013218267549063,0.51327654960847,0.2708837111944562,0.22662820642193054,0.5702472159624312,0.3774335489917486,0.446838997624087,0.4943574323114589,0.7323244444781248,0.1849778793016652,0.3084234704915048,0.38422982434193087,0.29356909207742926,0.2402255444210839,0.24154744181635396,0.0,0.0,0.0,0.9740829881819348,0.0,0.0,0.5922505957683804,0.0,0.46320145943468427,0.006096977390235788,0.0,0.18116138352618838,0.48588667681606806,0.4542736367700227,0.0,0.0,0.0,0.0,0.0,0.0,0.0,0.0,0.48240313685976943,0.8358265647963993,0.0,0.0,0.0,0.5150009829304437,0.5456857718377938,0.583769390817291,0.0,0.0
0.4095441627692389,0.46979029026305696,0.3663687197187574,0.6703461656857226,0.0,0.4146622897771718,0.3859738444159486,0.5762958960466236,0.19100221045070687,0.6718096507773681,0.31652804448767563,0.5178950387364164,0.5396383379862446,0.5962373142967559,0.49277196337588436,0.5215501730356198,0.582823038496167,0.26960303526773216,0.36627216326224465,0.5581952078101965,1.0928266960542197,0.578328495527658,0.360241313331075,0.6490929296028172,0.4737248607479607,0.4212218866435934,0.40332003525275417,0.648144081187142,0.5741002055688617,0.47726810173058964,0.550098644484718,0.42293992585981904,0.49276952109268124,0.5867532629719516,0.49131344290403867,0.5818729036494776,0.8713472945520655,0.5944395738091133,0.49917707672709516,0.7035667104578219,0.2438556241974359,0.4065135899318709,0.5914422824934852,0.655766452400451,0.26380715860212667,0.0,0.42430107922821814,0.6520440986629513,0.0,0.8514995219887111,0.7471195240073181,0.7696477127617407,0.47142368278979807,0.5823427835627426,0.0,0.45562423544352654,0.3596218164079178,0.878470749812054,0.5087681497010548,0.2577815344855566,0.45650916278309184,0.0,0.0,0.7300175599225744,0.3236815977991888,0.49300093025846403,0.3548523219195261,0.6747260667589764,0.0,0.4976101980995221,0.5710246679336576,0.6602714176610177,0.7569403873600044,0.4571263075086657,0.0,0.5281393763585707
0.6628366120031468,0.5480342959887436,0.5630630628706373,0.6624525267692438,0.4146622897771718,0.0,0.5434460654324322,0.7840969457469141,0.4516987451762384,0.5486927253341953,0.6198530176576137,0.6946074766176864,0.5055865080123917,0.7079818138851337,0.8404988199266019,0.723697533851499,0.5772148587416484,0.6805997987770243,0.42213148108096976,0.5637986506300099,0.7414336882211034,0.5967192680636734,0.47219424688711753,0.4525878974291706,0.5657776117453857,0.710572211380462,0.4727419317751539,0.7050467733803762,0.5249992266331431,0.5171423343363569,0.48830540943953726,0.5383126015301527,0.7252200363353716,0.5686483326615214,0.5275095753210071,0.6970953147027807,0.6144307517985936,0.5171027728890304,0.8404358382993528,0.33077091369944445,0.826374282154085,0.6633308389106916,0.8053486498733544,0.747310272983493,0.1966527640966851,0.6284539253646755,0.797639366777559,0.812745772976319,1.5628354253484988,0.6307424609932926,0.8552384447954888,0.8540735401149901,0.8101092354860605,0.785736498539379,0.710241639709987,0.7155158211760896,0.334742485418734,0.8559450840479085,0.5547223642460453,0.7518271029083449,0.8186282381698315,0.0,0.6519810350501732,0.6581487241645925,0.8566926973740904,0.687456986215971,0.7766366031293148,0.7485191226260121,0.5803934567441202,0.704105688622616,0.7252058608117185,0.7823001122075373,0.7467028041950181,0.8513934678815602,0.7313866775062134,0.8025728816967506
0.4865348831113161,0.41893129902003856,0.5238632055230937,0.5748987458006969,0.3859738444159486,0.5434460654324322,0.0,0.6265590975412159,0.3694137667263302,0.4452836115917355,0.51816822244486,0.29904927911795615,0.7611336558557453,0.4920157430338054,0.5198049856644428,0.4538758791405309,0.31759085112736685,0.4128169893040319,0.500485874787342,0.5597436279343412,0.47421509827192987,0.5408684700468076,0.5176628930663826,0.22118389925409856,0.368966618654355,0.5253212342164374,0.4456003231924161,0.6103018814541048,0.5307811069991739,0.46781676311725057,0.46830660864971146,0.3429178615600202,0.32492592023854394,0.2564749863224741,0.08315880087926089,0.6165822589232239,0.5937932476401596,0.54895561472966,0.5245061393144089,0.4376283260193202,0.31310698262702397,0.08192119176735935,0.8032153226763599,0.8404531007729366,0.06305134802556728,0.0,0.6703385758143525,0.5946821076715119,0.0,0.7264603911686672,0.6618074605612327,0.8131287873466069,0.6569053988846794,0.6356124770993636,0.5872443243744447,0.5844153084417266,0.427739321682754,0.7150726632665938,0.6968975588472591,0.3284497560678982,0.5977014795876109,0.0,0.5433922209978239,0.7649673083680398,0.707988571711966,0.4951239535276345,0.7042510850164488,0.730740567517028,0.46730177001535567,0.6132663064229038,0.6208347890232127,0.7015072950116479,0.7715708661295901,0.6125781665447835,0.7820655347127872,0.7210910366350061
0.5557132767408024,0.5361284006281863,0.7635940424332794,0.77604232293637,0.5762958960466236,0.7840969457469141,0.6265590975412159,0.0,0.5297447405878009,0.7832288554061568,0.5943772617595521,0.5735302509264092,0.7534308340647715,0.7804170246705271,0.5043489883601038,0.8066904950082594,0.4664023843887777,0.6258810771271847,0.6278510596233178,0.5135148865066819,0.591528285759898,0.681866138560564,0.6367487926304443,0.36544659517873246,0.6560840123388862,0.5524249721589503,0.6913384909770408,0.7410982970188851,0.6966365328346878,0.7104189228192341,0.6608830374184493,0.6627925443499141,0.6799529655546427,0.7051916650430221,0.4288474991998651,0.520762817305729,0.7319500783558942,0.8129201211061766,0.6875099336453228,0.41117076813049336,0.44717492159048555,0.8684932323695356,0.6827684609114419,0.44603934672588497,0.0,0.5522981412879648,0.3360230765761432,0.7818012780664374,0.0,0.8479847729559136,0.8268126341523911,0.8939035905545114,0.3530946070905562,0.6324451936992836,0.8205725485195982,0.5105183955727867,0.9692567342509741,0.6975520607372305,0.47977985668339435,0.7661140001507047,0.3791826851814962,0.0,0.6538372034710389,0.720467206954825,0.7018694025070809,0.6228404210084204,0.46441572951632065,0.7536352916636795,0.0,0.6125948415731335,0.5804516980276735,0.7281130314013046,0.5250310076686174,0.6774533449276371,0.5259286060075139,0.48661940884337057
0.4498161349238398,0.42511947242036596,0.3827697394369627,0.5849112873945647,0.19100221045070687,0.4516987451762384,0.3694137667263302,0.5297447405878009,0.0,0.6079386776055352,0.29103637454119546,0.5882232868363734,0.6532578626873651,0.464555329716136,0.6263484575188762,0.5547617950348205,0.5182622926621878,0.6767519160656493,0.3049476300464359,0.558109500118015,0.41879331408922305,0.6025521885775795,0.49114841924044755,0.3949026075045786,0.6226771198220993,0.4988532813146938,0.6908712847951376,0.627051867429703,0.5031129253217799,0.5758100471752248,0.6165688694822857,0.5997896424572561,0.5417871430550067,0.6479317927123256,0.5467953641201555,0.5381606755618488,0.5892819704179599,0.6528453075392393,0.8779553533956298,0.5324964644384289,0.5405505370075301,0.41229763485326576,0.7577349708594072,0.43580884533618724,0.28497580959702584,0.0,0.5158258948536768,0.6136665902590213,0.4795866929800687,0.8728737144788913,0.8560693913052888,0.8487776877510664,0.6585092624979977,0.6319661258898299,0.2153753399053065,0.5593963189551635,0.46949789001321895,0.7798152403237997,0.6478644800022526,0.4381392556737711,0.6891312128945146,0.0,0.0,0.7578068001272519,0.6091061442279182,0.6822385827186781,0.5710136979225506,0.7610403293155779,0.3264112520130847,0.5638953484989571,0.275265232141251,0.7244399624437978,0.7192266381850796,0.9616707610999293,0.49520472585125414,0.8580175181450299
0.5833577231208789,0.3070515157749114,0.6146752461596892,0.4020846374874515,0.6718096507773681,0.5486927253341953,0.4452836115917355,0.7832288554061568,0.6079386776055352,0.0,0.6542709941632459,0.5869481555451271,0.5549924828610301,0.9019320248965492,0.4772739268792871,0.6196222418556239,0.671259314481977,0.5388782738184967,0.629701486595881,0.48059158679567615,0.8239232551988822,0.6362962041540603,0.6654537987643736,0.49772072266543216,0.6411806153990074,0.3457445778840246,0.4631588795907323,0.5987690218289556,0.4776307409498872,0.4100198892945494,0.551961072171138,0.4085243723628623,0.7275342712848839,0.5869207382460744,0.25406369793382655,0.6706151884752513,0.5807578880389893,0.6664042710231315,0.9098356271779217,0.6794254005333928,0.783906657084873,0.3745900617970922,0.3147738965297414,0.3298290930005212,0.675200699363137,0.6277101381415822,0.48702807919026764,0.16296763019837632,0.4901145093402452,0.45677319801028693,0.5236417835218248,0.5960514956027683,0.567883689405951,0.22626466388885502,0.619423534384663,0.43426604984080075,0.7100458110151576,0.6980744415874622,0.0,0.9077698201857946,0.5651728984856017,0.7459581180954031,0.8182558116062515,0.47859418809821613,0.47139852262394527,0.5604582255067811,0.3310416214113878,0.5681799604247647,0.4345171647607847,0.7343878101276728,0.603414393083211,0.8684942575823956,0.5901203411588243,0.3974369576907558,0.0,0.7239138749691414
0.45573069893481455,0.32151434565994197,0.5264245864378285,0.5891668556087215,0.31652804448767563,0.6198530176576137,0.51816822244486,0.5943772617595521,0.29103637454119546,0.6542709941632459,0.0,0.6712080261027156,0.5941906247467797,0.4484624453848367,0.0,0.5204150802009255,0.5060775072185967,0.7045538572506685,0.34018988866311406,0.45514508376514173,0.5448934116470083,0.38902044644793154,0.14870173735009018,0.46030386211280755,0.6545323313172,0.73915995315993,0.5516040728267206,0.5892428885709194,0.3840351833653439,0.5473324808508526,0.5835957951097175,0.6319520934419249,0.4600372491013239,0.6216892556753324,0.5337203375747349,0.779907640409049,0.720198789009054,0.6508474196888423,0.6557732297611701,0.5520363612480748,0.7746124144759923,0.5005960692690121,0.7029418545997319,0.677464490346357,0.2808824357014368,0.0,0.0,0.7044747401873352,0.47253060875143305,0.6369185913521548,0.757054151548572,0.7028178550566635,0.615129911077185,0.5215352152895426,0.5032951224647613,0.46507922134339197,0.4125400832838422,0.7357784631685955,0.7180244042382142,0.0,0.0,0.0,0.0,0.5226389391996185,0.35972864325120013,0.0,0.6745497934377928,0.6589988153939683,0.0,0.0,0.9546890886098552,0.7251211771163099,0.6157052489164127,0.35927988134441136,0.0,0.5556034022670909
0.4426470852154637,0.30260678731726603,0.639289941290742,0.42782925825665125,0.5178950387364164,0.6946074766176864,0.29904927911795615,0.5735302509264092,0.5882232868363734,0.5869481555451271,0.6712080261027156,0.0,0.523266581361033,0.6279545661034456,0.40628309268921325,0.6197949645930099,0.6313933738722215,0.6063087921737038,0.5620545275030348,0.8340298276576283,0.4785858829326807,0.8257944747705706,0.6008035157225404,0.21523482818018558,0.43053967126600523,0.25139593487179346,0.6709963185495367,0.5819711532381084,0.8533957879889735,0.30198066243496824,0.4728043208023468,0.28739081271679695,0.5957250099350706,0.4658948302928816,0.6211552685039952,0.26372112938866343,0.7165046404782222,0.29958911999688753,0.45815974368369516,0.757459478851684,0.783318901018113,0.31530797359546026,0.4310018659142456,0.4632553515840405,0.6764647034208027,0.4701292456535418,0.5638909877920998,0.2775706012670014,0.19303381440395673,0.2948442902638556,0.3345801264973679,0.49897855461129226,0.23606431965067592,0.4239849570355275,0.6308498530439595,0.24640744808256626,0.776166652946439,0.7224485180245201,0.7206289081983615,0.6435943140211255,0.5373040550918136,0.7229617816502807,0.7787985616010796,0.3378688490146932,0.7722177787075519,0.7727247891632101,0.40728836340184815,0.8219707578165332,0.4891537744397664,0.7085203284436916,0.5277269377182198,0.8529747589929348,0.7604963443125573,0.5249594753293179,0.0,0.7747342974055025
0.6475250263184892,0.4858107891551223,0.6194209635971623,0.41724821648717453,0.5396383379862446,0.5055865080123917,0.7611336558557453,0.7534308340647715,0.6532578626873651,0.5549924828610301,0.5941906247467797,0.523266581361033,0.0,0.5388998696223785,0.7509343394344592,0.6054228035947675,0.47694214903025445,0.6257195843446621,0.5941734852541362,0.6509653926911404,0.6640163036859587,0.6032498759434216,0.6483916796071921,0.4650117020758538,0.5692738521182126,0.6238618576410881,0.6229824423805639,0.8172478720780962,0.5740824814562879,0.6852239017418933,0.5616297469393523,0.512691369598002,0.5014331031728876,0.6408079318746716,0.44373174825302925,0.5660949264256645,0.6260841260684512,0.6624987532644766,0.4823722124045069,0.521314932919678,0.47293785372667135,0.5362503029612664,0.5266602539372356,0.3746018353636888,0.3372826837888729,0.6446571887358805,0.8512670584576204,0.7463016403511806,0.0,0.689805016254903,0.8768685367484801,0.8415018027255793,0.7111449883397933,0.8331996567608386,0.5544892994591198,0.44160545863443024,0.5122867219892568,0.9220134630574303,0.40949833218738924,0.5794574020465595,0.7459436913848883,0.4013752803367516,0.5013671793406067,0.846687889396527,0.6508342366300841,0.5988077896529256,0.7201483000698323,0.7960406029713893,0.49843780083517153,0.6736515964610844,0.711792059398866,0.7774791625916191,0.8251893298734216,0.6932268517546387,0.7531049810778134,0.7828978659074468
0.5181383350291788,0.514281591999426,0.7326615671738715,0.6990281354337692,0.5962373142967559,0.7079818138851337,0.4920157430338054,0.7804170246705271,0.464555329716136,0.9019320248965492,0.4484624453848367,0.6279545661034456,0.5388998696223785,0.0,0.4983199213864741,1.5692114510774453,0.493122816877145,0.47938632096909956,0.7092347926934919,0.37888979855947563,0.6794834425373644,0.2701371592219605,0.6690761549062035,0.6867357921073913,0.49012190436879055,0.4471474605761364,0.733103292164403,0.7641972681605482,0.3809142851749119,0.8231477190716108,0.5184787220519952,0.544029631328701,0.24049911116421505,0.6985033236853382,0.34277592422678893,0.39879719350104015,0.28833238596693017,0.3980832025845301,1.0253309094800582,0.0,0.7075116878701686,0.8515770596048214,0.9014947812148617,0.48051363805130304,0.0,0.0,0.0,0.6467901285948077,0.0,0.49606979608562485,0.8576310473370832,1.121314616415639,0.543534721125787,0.5486415094163177,0.0,0.6343387580357842,0.4063821131598414,0.7487721742684961,0.3868849245675703,0.0,0.0,0.0,0.0,0.49152610818170533,0.0,0.0,0.0,0.7425139439713159,0.0,0.0,0.0,0.6816147827147601,0.8318831501159948,0.0,0.0,0.0
0.34494454317402345,0.8280104306376507,0.33254492324287055,0.5918902128514512,0.49277196337588436,0.8404988199266019,0.5198049856644428,0.5043489883601038,0.6263484575188762,0.4772739268792871,0.0,0.40628309268921325,0.7509343394344592,0.4983199213864741,0.0,0.7549895537903006,0.4239307694422991,0.5297516102932787,0.0,0.5901451552660071,0.3351219549017508,0.680683112630011,0.34215850757038624,0.48927452967832463,0.5124709687339245,0.2598042781442318,0.5528926457825367,0.38843065768014073,0.7293811762712373,0.4629030282438079,0.6092225850944581,0.4884745317902157,0.6919627533267119,0.5490741483801254,0.5513777296358429,0.4294168291497092,0.4706726145325464,0.3766062654288339,0.6272244615646027,0.7087258830372292,0.6266668137897402,0.6283933718381032,0.5182749428033111,0.6037441198105915,0.0,0.8173815694319001,0.9467164973077278,0.47837557609536385,0.0,0.0,0.6296671359860817,0.7133638034667287,0.5902967433417807,0.5590125986035985,0.0,0.0,0.690204073237894,0.593802266995296,0.47513421558758306,0.7088600487913823,0.9337927821383458,0.6303276792796461,1.0108120032899148,0.0,0.5783862271384747,0.8603150505489692,0.8599292184919618,0.4362980209481493,0.457227066193178,0.891540410033529,0.8231812295448027,0.7371458540504965,0.5255673722581324,0.7408899297541658,0.5376968064389702,0.6271006095001825
0.7784386876516749,0.6651393716448837,0.44684465136394,0.08724760482730837,0.5215501730356198,0.723697533851499,0.4538758791405309,0.8066904950082594,0.5547617950348205,0.6196222418556239,0.5204150802009255,0.6197949645930099,0.6054228035947675,1.5692114510774453,0.7549895537903006,0.0,0.5700626443478396,0.6487528573031263,0.454348782920024,0.5549225766318243,0.7601898208193503,0.678290369570328,0.731834772070785,0.5489745123289154,0.6150375763301485,0.7326493476144926,0.6429037039756768,0.63931612153595,0.6029622096697143,0.5542597892963751,0.5824065656916484,0.6396768686727652,0.474477618465441,0.5060595112753428,0.5818459556463076,0.24364062790024743,0.394028057386425,0.9725296688208195,0.9640542525890113,0.9314125811161571,0.7689170441399646,0.7951158003753107,0.4655596433816458,0.0,0.0,0.9683128048484458,0.8819907027324064,0.0,0.0,0.0,0.5777968087847258,0.6012877229718251,0.8111820887292897,0.0,0.5341031844282693,0.0,0.4447965033595169,0.6296535200424029,0.0,0.7617343102669855,0.7677039113431836,1.000237772624934,0.7718710089057256,0.0,0.9686827364027129,0.9265717576193921,0.7411990935905493,0.7299049939732427,0.41894996599043677,0.8534791181852012,0.8563293299288552,0.8309716313271254,0.6206734961843501,1.0361275758582904,0.0,0.7970400551211301
0.3937612878988227,0.5302981288417061,0.6366872619980324,0.5704943873020044,0.582823038496167,0.5772148587416484,0.31759085112736685,0.4664023843887777,0.5182622926621878,0.671259314481977,0.5060775072185967,0.6313933738722215,0.47694214903025445,0.493122816877145,0.4239307694422991,0.5700626443478396,0.0,0.7189959095062535,0.6960189566546184,0.5014550300456341,0.5608085774427933,0.6664484661183607,0.5025112657319,0.5292443880442915,0.6687714270561865,0.3076079195047264,0.30463733052095504,0.7610943775237105,0.34703887481938267,0.9624881425376971,0.5507224106659465,0.6232221511972271,0.6508411588610967,0.624169430238436,0.4196236529774218,0.013214919301431982,0.24592004766680875,0.617459041341284,0.5651970703124234,0.8513900818342797,0.7421784563456153,0.5430314663335365,0.0,0.0,0.46297804603104475,0.6356044807295527,0.5494253892301731,0.0,0.0,0.0,0.0,0.0,0.0,0.0,0.747350642700668,0.0,0.6899605660946908,0.3111639072947656,0.0,0.7894076925002056,0.630984230991519,0.8120135350224279,0.8335933407709888,0.0,0.0,0.0,0.536545706956933,0.0,0.7694385642953527,0.8355908490906803,0.6494903972215367,0.0,0.3004603653982306,0.480927010127313,0.0,0.9542130573782099
0.6328412660074326,0.7010965450119844,0.7565083839496323,0.4648350948300414,0.26960303526773216,0.6805997987770243,0.4128169893040319,0.6258810771271847,0.6767519160656493,0.5388782738184967,0.7045538572506685,0.6063087921737038,0.6257195843446621,0.47938632096909956,0.5297516102932787,0.6487528573031263,0.7189959095062535,0.0,0.9120526290790144,0.6266659877573175,0.6052425977586433,0.6195307734567638,0.633661358770615,0.574199151119591,0.5680371394092362,0.5686713476648462,0.6699353425511188,0.6054838807211085,0.6067533591173405,0.5409905106468986,0.4993337705247186,0.5950598984343047,0.5707107023466098,0.8017468717668805,0.5369740752261316,0.5985253925605936,0.25802532141729656,0.551493082212501,0.9476029451692983,0.7572706728061158,0.741445073124521,0.6784370366083635,0.0,0.0,0.5753559563352469,0.7033813025835169,0.861415796709732,0.0,0.0,0.0,0.52210119792263,0.5691175231686318,0.8424217897293562,0.0,0.8093314189148441,0.0,0.7748779515055838,1.0386256396762332,0.0,0.5874688214905581,0.70842276364893,0.8551677686965327,0.753539557591878,0.0,0.46515145446606965,0.6701975628561521,0.7544028946251571,0.6973360588323723,0.8567375654602303,0.8051191293900442,0.7877482913095679,0.492760653528295,1.0209319582259522,0.7545465748345348,0.0,1.0112521568779518
0.0,0.6432103674859156,0.412356928689946,0.5513639247641946,0.36627216326224465,0.42213148108096976,0.500485874787342,0.6278510596233178,0.3049476300464359,0.629701486595881,0.34018988866311406,0.5620545275030348,0.5941734852541362,0.7092347926934919,0.0,0.454348782920024,0.6960189566546184,0.9120526290790144,0.0,0.5560422546766832,0.44301660375976737,0.6935150636810792,0.3470022145944026,0.03698247726379794,0.53026160887375,0.561445193750586,0.3673496509427999,0.6088705189739239,0.7584839107732025,0.6680887403763585,0.570491966700237,0.523260190914973,0.21873016790131702,0.6028608963693407,0.3892499815314626,0.7127072230438096,0.46453847311759455,0.44618658094640706,1.0123381697986549,0.40247574036116235,0.8683662343239674,0.2073192328573547,0.8922746841198552,0.9810906293882249,0.4075529982613629,0.0,0.0,0.5743176792925675,0.0,0.7028686094571401,0.789401510340291,0.8259760917771708,0.718360307010695,0.7726377704159015,0.9322796693850581,0.20367285993108947,0.5658360712157956,0.7406644990784701,1.0570264959350386,0.0,0.0,0.0,0.0,0.8404957141297977,0.4766403788748509,0.0,0.4946482732588896,0.799794055966748,0.0,0.0,0.0,0.775919296675633,0.8518209421572694,0.7916286661345864,0.4730573837008265,0.8640801013192608
0.7203140244222334,0.5071997976665119,0.3929781386365513,0.4220896317504176,0.5581952078101965,0.5637986506300099,0.5597436279343412,0.5135148865066819,0.558109500118015,0.48059158679567615,0.45514508376514173,0.8340298276576283,0.6509653926911404,0.37888979855947563,0.5901451552660071,0.5549225766318243,0.5014550300456341,0.6266659877573175,0.5560422546766832,0.0,0.48741638760445455,0.3716194992381799,0.4526767644516247,0.22814334412123993,0.5495569435095236,0.5703032472207573,0.25593623805527077,0.5881522992649906,0.590524666544502,0.565530529185571,0.5936355879584607,0.40560495726811685,0.22342019428678614,0.6622549487311405,0.5967321978868265,0.7208035596156422,0.5468095633523842,1.0106538560623775,0.4728447891237904,0.6926217104798302,0.7014285225911658,0.7593816758533969,0.5333256820515822,0.11516174538584345,0.21703468392480957,0.5264878965507236,0.7722344241513578,0.49516622237839736,0.0,0.0,0.37369223818162467,0.6276941798660042,0.49725902619847784,0.4437108030692217,0.9394957390043299,0.0,0.5932510589438407,0.5985256011220504,0.0,0.7854651984536053,0.6054595507471,0.46503035846768787,0.671976356368235,0.0,0.6773629800133862,0.5821439575552307,0.6565315218102106,0.6404724647782134,0.0,0.5793533733743372,0.7176842754626965,0.6399052002754031,0.44164605781742927,0.6337212506845387,0.6419025703408354,0.6010959230015754
0.23946471890572527,0.793729624729147,0.40081154689579157,0.4005169140968847,1.0928266960542197,0.7414336882211034,0.47421509827192987,0.591528285759898,0.41879331408922305,0.8239232551988822,0.5448934116470083,0.4785858829326807,0.6640163036859587,0.6794834425373644,0.3351219549017508,0.7601898208193503,0.5608085774427933,0.6052425977586433,0.44301660375976737,0.48741638760445455,0.0,0.6437100628138746,0.45954272213266983,0.3248569919183999,0.6773534994438966,0.46207519889564425,0.3880369446842432,0.6479221585801406,0.6421039842961138,0.47141244902896373,0.8116145464560304,0.4439895842097441,0.645369486138992,0.5901712640067003,0.7371181354757019,0.47304602884563046,0.3512105658123807,0.5513999097434864,0.6592937938111474,0.4057815879759962,0.5358886882980186,0.6272959999560002,0.5712873853324467,0.0,0.0,0.82791454586444,0.8094989013019247,0.6586318785964846,0.0,0.0,0.5297522734559386,0.44169657700835685,0.10401118490647082,0.5491865529854805,0.7348953592090159,0.0,0.6283981809710217,0.5451118289861655,0.0,0.7853532171595785,0.7718608707315177,0.0,0.8561022728279111,0.0,0.6562608267220901,0.7805048845524272,0.6983248075203201,0.5122749346644597,0.8228191957681692,0.7330564560687833,0.8392458746256466,0.5653802784402804,0.5575685914420091,0.5360583357558928,0.4493996269480013,0.36895444341723815
0.7859890364063955,0.7808724099322134,0.578851931018489,0.527418259360467,0.578328495527658,0.5967192680636734,0.5408684700468076,0.681866138560564,0.6025521885775795,0.6362962041540603,0.38902044644793154,0.8257944747705706,0.6032498759434216,0.2701371592219605,0.680683112630011,0.678290369570328,0.6664484661183607,0.6195307734567638,0.6935150636810792,0.3716194992381799,0.6437100628138746,0.0,0.4123576480764747,0.10043296388435255,0.6792321316765741,0.7661708901112948,0.5318021056130131,0.6830621627411935,0.5987170232722122,0.6678239046315053,0.5839003651391452,0.5271224410166705,0.4198324105611525,0.5726250207239535,0.5718163509245962,-0.12159114366311974,0.6840028254306791,0.6107697359647348,0.6845005503993145,0.8666857846476022,0.6162040300059868,0.7770318212910776,0.5434293689120819,0.35967645125077186,0.25116577866711276,0.9961264114656707,0.84301796436835,0.5836076715114777,0.4782379715254662,0.2452575552017763,0.7574969015661688,0.6904840619699953,0.6096233747640276,0.6592713685753717,0.4207911770083761,0.0,0.5483244115270258,0.6776716172940407,0.0,0.8569056519505247,0.7532257568165424,0.9233061724145253,0.7684552328779548,0.0,0.7852240009599076,0.8583787081725157,0.7656788695897772,0.6644546218369793,0.7452997003713362,0.6682944657296722,0.8297965767999632,0.7124857821074448,0.2875679928871107,0.6818283675610585,0.5590140371319458,0.6886102824920817
0.5461784312075054,0.6627218431253208,0.5788914764240828,0.7688512976852108,0.360241313331075,0.47219424688711753,0.5176628930663826,0.6367487926304443,0.49114841924044755,0.6654537987643736,0.14870173735009018,0.6008035157225404,0.6483916796071921,0.6690761549062035,0.34215850757038624,0.731834772070785,0.5025112657319,0.633661358770615,0.3470022145944026,0.4526767644516247,0.45954272213266983,0.4123576480764747,0.0,0.498780744810704,0.6356689832566309,0.6210036856486423,0.4440542215419062,0.6161101420003894,0.6494876750670991,0.5946871501126108,0.618042246455086,0.59921636495109,0.5211820560516103,0.6709896374955251,0.6414335751953744,0.8206643281554514,0.6933734086027926,0.6303224115102927,0.6974398893399495,0.6635722330083815,0.643624371148029,0.7474990368208223,0.767956585291517,0.8111705952669794,0.5750470544605972,0.2640100727090501,0.8346742428604056,0.76211375177228,1.1427032897501233,0.7737994683193525,0.7874051790510651,0.8348678033770842,0.6843811133986113,0.7593691271202236,0.6370168050355753,0.716121589915565,0.4222443104313579,0.7204566019079426,0.726993427722925,0.7621991050867484,0.7959889669006929,0.4713985226239437,0.7236421685824477,0.7617580700052546,0.6903960427165303,0.4658484680482988,0.7589690646829308,0.711082631285062,0.23922023071108944,0.7825479783078758,0.6446518612852561,0.6764010762090393,0.6727617780331965,0.7143499481160763,0.7529397140917079,0.6784607447682287
0.5130071050139081,0.5996680477505067,0.18496468861911025,0.24961318300810215,0.6490929296028172,0.4525878974291706,0.22118389925409856,0.36544659517873246,0.3949026075045786,0.49772072266543216,0.46030386211280755,0.21523482818018558,0.4650117020758538,0.6867357921073913,0.48927452967832463,0.5489745123289154,0.5292443880442915,0.574199151119591,0.03698247726379794,0.22814334412123993,0.3248569919183999,0.10043296388435255,0.498780744810704,0.0,0.42225525641545564,0.23307952847555524,0.4003882411878801,0.5277520385650581,0.8607719612024671,0.8123905510159608,0.6212479045199093,0.22082965310903005,0.5156303485935472,0.4775050609643931,0.35993190834311484,0.16283858783631958,0.5271522729286643,0.44612177543162146,0.5003749225944687,0.9474055103017027,0.7722545549148738,0.6240961635354905,0.5895205067982776,0.35217651539736405,0.842636556691263,0.12030563133129496,0.48119706464467293,0.0,0.0,0.46194144196764386,0.5730840010494662,0.29386883854168666,0.0,0.0235445292651579,0.6695216067198525,0.5457944348462878,0.7780786555595359,0.4389137169900754,0.0,0.22274339996183978,0.49764089509727816,0.6900076738845783,0.727604796644935,0.4755508135907952,0.3258923270529202,0.4434178629615966,0.1512041713469434,0.8261886498737735,0.3809450971567827,0.7256306278769684,0.5685418136581639,0.5203272643805892,0.6806643080957111,0.6148389052794239,0.0,0.8621895692361734
0.49635440298890376,0.5773329156748939,0.45290945033007635,0.8765570869736213,0.4737248607479607,0.5657776117453857,0.368966618654355,0.6560840123388862,0.6226771198220993,0.6411806153990074,0.6545323313172,0.43053967126600523,0.5692738521182126,0.49012190436879055,0.5124709687339245,0.6150375763301485,0.6687714270561865,0.5680371394092362,0.53026160887375,0.5495569435095236,0.6773534994438966,0.6792321316765741,0.6356689832566309,0.42225525641545564,0.0,0.26798543321066237,0.6502425438303016,0.6393719255993172,0.6834953617911846,0.5777106418952929,0.5822099480089284,0.29317252256234594,0.48804865984205814,0.5042536546626717,0.3611272654321317,0.27242068850156775,0.5900413412262031,0.5690205211734902,0.8628548518624881,0.7670801404749529,0.7648101632550421,0.8025956295441679,0.09840805358026714,0.0,0.7432512680101596,0.6526595983906204,0.8802268060038241,0.0,0.0,0.0,0.662654992859772,0.8111825668479667,0.5568044234868756,0.40838247361522584,0.6885093374389493,1.2570461334593854,0.6829457760231674,0.6378997363120418,0.0,0.5822493115540861,0.7299238767198801,0.7318295874935367,0.7977624206887939,0.0,0.7886964043781348,0.5687307410652901,0.7358220407623608,0.6501594969918676,0.6718917151052113,0.8045085056828041,0.7082787738804034,0.7569643026960349,0.8920804865559926,0.6386482493995043,0.0,0.9476528253129249
0.632994818190997,0.41339941253667745,0.5364348580789744,0.6046451607281185,0.4212218866435934,0.710572211380462,0.5253212342164374,0.5524249721589503,0.4988532813146938,0.3457445778840246,0.73915995315993,0.25139593487179346,0.6238618576410881,0.4471474605761364,0.2598042781442318,0.7326493476144926,0.3076079195047264,0.5686713476648462,0.561445193750586,0.5703032472207573,0.46207519889564425,0.7661708901112948,0.6210036856486423,0.23307952847555524,0.26798543321066237,0.0,0.756904252909907,0.6277188540125268,0.6646207639121918,0.36898197057455934,0.5537200277468789,0.6785660479210074,0.6191646540394385,0.6181453292025434,0.5600687890763762,0.2254751787266439,0.511496246392718,0.39884307845968187,0.8858011368307902,0.7306577627332161,0.8195320451406081,0.7060310258124614,0.19800904754834966,0.5446270773242512,0.7524282694331923,0.8672131301450757,0.9483192643796798,0.6677427500541663,0.0,0.0026570540465763095,0.7437951222419685,0.6019686014635477,0.5062318937038277,0.3943454379986612,0.5598163814311196,0.0,0.5920294272189717,0.7402791775581603,0.0,0.9991651538872839,0.9424213595947688,0.612594366349474,0.7453437863634724,0.0,0.8093328125943309,0.9866484620521065,0.9144707311536757,0.7072404260441358,0.4930151588281485,0.7808195940378873,0.7364184500600672,0.8956524290949543,0.659804257226918,0.8873735543742653,0.4781985316098854,0.866981614511945
0.5967125917744154,0.5740802631839965,0.3396477518904646,0.6752477400323149,0.40332003525275417,0.4727419317751539,0.4456003231924161,0.6913384909770408,0.6908712847951376,0.4631588795907323,0.5516040728267206,0.6709963185495367,0.6229824423805639,0.733103292164403,0.5528926457825367,0.6429037039756768,0.30463733052095504,0.6699353425511188,0.3673496509427999,0.25593623805527077,0.3880369446842432,0.5318021056130131,0.4440542215419062,0.4003882411878801,0.6502425438303016,0.756904252909907,0.0,0.617437999776792,0.3701623634906984,0.430186995753407,0.4054090172855316,0.43937807044333843,0.31925291389550914,0.5822523780562344,0.504533437889481,0.6110438431154683,0.7759559807424996,0.5458402113866705,0.6575639310793773,0.4759058750262323,0.5977050519842206,0.39855481006411075,0.8937343050831428,0.770498459752768,0.2532694582745107,0.4464931431527063,0.6838528216305412,0.6167943465856296,0.469158612091873,0.8454975478174006,0.8912379668369015,0.8666124381807001,0.6726127296051635,0.7742158790870632,0.7039592201579783,0.7192864960937346,0.35073414999510755,0.8446197528962394,0.7198507978812241,0.668054966922353,0.7376225119795412,0.0,0.6156379501711737,0.8066178418554655,0.6441854727706984,0.6090863405729277,0.5849535240459857,0.7365293142666991,0.0,0.8157918188392075,0.6845927571812422,0.7032424444656813,0.7040766952011543,0.6571254483954405,0.587247783426101,0.6114658916375176
0.751130590148934,0.47778460966462816,0.6483936081048205,0.5491685108077449,0.648144081187142,0.7050467733803762,0.6103018814541048,0.7410982970188851,0.627051867429703,0.5987690218289556,0.5892428885709194,0.5819711532381084,0.8172478720780962,0.7641972681605482,0.38843065768014073,0.63931612153595,0.7610943775237105,0.6054838807211085,0.6088705189739239,0.5881522992649906,0.6479221585801406,0.6830621627411935,0.6161101420003894,0.5277520385650581,0.6393719255993172,0.6277188540125268,0.617437999776792,0.0,0.5835399230701444,0.5402134372215037,0.6814320212031333,0.5058089347963115,0.48550761073966003,0.6732644716486904,0.6531911836385161,0.6313420475230368,0.5654058753223672,0.7693884415174547,0.5918056503846656,0.5687624844874859,0.4913001038204039,0.5328696871644334,0.6778984114430542,0.5468454724492575,0.8557240789885575,0.6292992952998372,0.8419819769256449,0.6645468009202684,0.0,0.6874295597138842,0.8362793397930058,0.8366981484111944,0.761912803224319,0.7524300919174105,0.663642132776536,0.48956629658184003,0.501419061710287,0.7697691292797306,0.3410816213714134,0.6929874637459297,0.5968129515132004,0.19039777555724227,0.795718531550855,1.0078362123568432,0.7612813226609323,0.7395191659183933,0.7188333887391467,0.7683722362410945,0.5425809914098079,0.7446975909244447,0.5755050592274058,0.7907748100761243,0.8104800828545762,0.6814465131448151,0.7838970196860502,0.7537760160514209
0.7773402597584197,0.5937938078285907,0.6819233821391388,0.562558945756713,0.5741002055688617,0.5249992266331431,0.5307811069991739,0.6966365328346878,0.5031129253217799,0.4776307409498872,0.3840351833653439,0.8533957879889735,0.5740824814562879,0.3809142851749119,0.7293811762712373,0.6029622096697143,0.34703887481938267,0.6067533591173405,0.7584839107732025,0.590524666544502,0.6421039842961138,0.5987170232722122,0.6494876750670991,0.8607719612024671,0.6834953617911846,0.6646207639121918,0.3701623634906984,0.5835399230701444,0.0,0.5630637357322209,0.65693686748666,0.38229724875643323,0.2945022831317052,0.8791404265854322,0.6640247620893895,0.6158770104847626,0.7030469517059844,0.5381117696369785,0.710353627797971,0.5280905385844274,0.7164152317128807,0.7739123846973343,0.5626529529722031,0.6841481642216097,0.6326164795061927,0.4734859371639442,0.7965594969807469,0.8245229987326628,0.4531153458862918,0.46770323351866716,0.9180271949898199,0.7865637669186585,0.8094038334612906,0.8857189914491066,0.6302617723107974,0.4385562424503662,0.5628053729263367,0.7349737113831162,0.7538095557711868,0.7666469801447144,0.8412795440020693,1.2639741158386126,0.7740424523361225,0.5098893528574324,0.7623746821541937,0.7307126216249881,0.7109593890484218,0.7657009513122837,0.4853264750756916,0.8926719390334273,0.7410918340496153,0.7987150409747799,0.7351908897746791,0.7345940658808361,0.7123550655664683,0.6931042028559575
0.673526340674633,0.011672585767168064,0.6413043400613144,0.5013218267549063,0.47726810173058964,0.5171423343363569,0.46781676311725057,0.7104189228192341,0.5758100471752248,0.4100198892945494,0.5473324808508526,0.30198066243496824,0.6852239017418933,0.8231477190716108,0.4629030282438079,0.5542597892963751,0.9624881425376971,0.5409905106468986,0.6680887403763585,0.565530529185571,0.47141244902896373,0.6678239046315053,0.5946871501126108,0.8123905510159608,0.5777106418952929,0.36898197057455934,0.430186995753407,0.5402134372215037,0.5630637357322209,0.0,0.6732573167051452,0.4186303639018078,0.4738077798215631,0.8513144301159187,0.3264010238708152,0.7333744489367973,0.26772504918775797,0.5593892464939207,0.723472489689175,0.4491709642681776,0.5300573721028123,0.7495885052399912,0.6203569624787785,0.07655853026557771,0.0,0.0,0.0,0.2206356233973918,0.0,0.0,0.8370264858757006,0.5352419323424252,0.4404925600720938,0.6450326386561809,0.5497670688884564,0.0,0.009679857556203682,0.4422386196660256,0.0,0.4937338208065739,0.0,0.0,0.9833875950404153,0.9554025095395124,0.6316652127522812,0.542290589088707,0.5598318845154068,0.7966373261130242,0.0,0.38161649973267064,0.48343740106330346,0.8145188786108442,0.8492228871391736,0.6914655028924697,0.4421246589332245,0.4053402223133846
