0.0,-0.07687164196341245,-0.0009550788916423136,0.0,0.00033894738579515193,-0.10199453334890524,-0.09544711958975988,-0.08662292630161,-0.10189924101971237,-0.07498492335337897,-0.0016006769840052892,-0.051455950598578826,-0.1178573570609957,-0.003998579938800595,-0.0795729323005846,-0.086642190097795,-0.059690876712823526,-0.055601065895985236,0.0,-0.06754574411531189,-0.06992884024380441,-0.11252708951559542,-0.08795341030772807,-0.05975468779022647,-0.0701456031950945,-0.08694333145107047,-0.09285914696076952,-0.11648961473018454,-0.07806492389910025,-0.000873590434760374,-0.11332348988347823,-0.07415881043540662,-0.1005637284687329,-0.08290054081356152,-0.08818411321074221,-0.0004908984203646494,0.0006570617642941978,-0.002027397980172485,-0.04221427914096654,-0.032229979586329005,-0.05549702888504582,-0.05259950670576491,3.2259061987394144e-05,0.0,0.000956599543075809,-0.010823891809310815,-0.04563146805749041,0.0,0.0,0.0,-0.07850508891310637,1.1102230246251565e-16,0.0008678446277605723,0.0,-0.03997040700594351,0.0,0.0032765469434412053,0.0009296868308050765,0.0,0.00020021323863317342,-0.04760413496146515,-0.031411228155129256,-0.054327850949698275,0.0,-0.06465184241636518,0.019079203966625657,-0.07688765804243414,0.004258099089806899,0.0037959573622868836,-0.04571276671288016,-0.04675520121430471,0.001595477442131843,-0.00032314230531332866,-0.08390064961784943,0.0,-0.04746502646812023
-0.07687164196341245,0.0,-0.11394766443995769,-0.00020077188949674252,-0.11148154250372427,-0.10238517313795598,-0.11067480404274738,-0.14453201501288848,-0.0972817623809426,-0.04222331947424646,-2.3698656657134e-05,-0.011826464524025526,-0.11515527724888297,-0.0009363826483785309,-0.10066160514049,-0.09190519854253698,0.004272718612415294,-0.0663640533948231,0.0013600080783732205,-0.06787867703426076,-0.11325084147597336,-0.0651914505987955,-0.11871067926946943,-0.04671786928054367,-0.03960825646241933,-0.07278491825835043,-0.08739029440835977,-0.10279357585694082,-0.07256147304557331,0.0001509339509590535,-0.11380351325715166,-0.057309986341418095,-0.07212795628965096,-0.09927862195587789,-0.11177205484487679,-0.0014025780755546058,-0.0002900226605935252,0.0,-0.07145625341899842,-0.06399984897063804,-0.08188693229496252,-0.07742973138388654,1.976647168611123e-06,0.0,2.220446049250313e-16,-0.07637982276146016,-0.06819967613742173,5.7635090472296646e-05,0.0,0.0,-0.09443410180708134,-0.09551661802391676,-0.00010886556495803834,0.0005900760408807937,-0.04657377590563244,0.0,0.00040943128018894326,-0.09287424940704175,0.0,-0.08619442913014258,-0.06229916800355584,-0.07890275256476442,-0.05651789099735072,0.0,-0.08159773890817568,-0.13828538620006947,-0.086357894910631,-0.08937557478173952,-0.0009560523551816469,-0.048115552749415036,-0.08294175250632152,-0.09388332954149353,-0.0891832942390745,-0.09481628602044634,-1.1102230246251565e-16,-0.07052889024912268
-0.0009550788916423136,-0.11394766443995769,0.0,-0.07837535055154549,-0.08260518800364852,-0.07186673590702686,-0.09930658465707931,-0.08718149643094142,-0.07074327016784887,-0.0017263248023254296,-0.08892999391483175,-0.0005986758569185846,-0.11583725876319745,-0.061677116705676716,0.0001976938861395494,-0.0007375410339848787,-0.0013701053852316347,-0.0006595535445449996,-0.04308868107628597,-0.08636715189201982,-0.08014311722352607,-0.103944251232159,-0.03780964563252903,-0.0009812892181598754,-0.1262220818489,-6.614236619573166e-06,-0.013533793881483847,-0.11098329604229068,-0.11727530672552222,0.002183076461082678,-0.12331894721076236,-0.0935404499267542,0.0010660546533295956,-0.10173584656092693,-0.07199043292352125,-0.0922812543194459,-0.08727792929669231,-0.0577244936005491,-0.09163597850148436,-6.606796561503536e-07,-0.09491346015156715,-0.0013727661343150288,-0.030246830677506054,0.0032420328996205505,0.0,0.0,-0.0002787079415663696,-0.0990575672203226,7.2454715492886734e-06,-0.0945382730983445,-0.10123161634696148,-0.08356903994869297,-0.06355442251035087,-0.08310590749886648,-8.565848965319534e-05,0.010203705089842363,-0.0013056751308759273,-0.09896064565679286,-0.07315864597356464,-0.0004093018174233798,0.0,0.0,0.0,0.05597269123914367,-0.00042592230605648096,-0.0010890224709965146,-0.0005276875735099051,-0.08674643972463797,0.0,0.00011528230239710169,-0.0009075586557861226,-0.08241277864973218,-0.11310505194502357,-0.12678183855837466,6.0048694425773874e-05,-0.0732023651769077
0.0,-0.00020077188949674252,-0.07837535055154549,0.0,0.03998707416022723,-0.07460547480775553,0.014736217046264433,-0.026994244266680956,-0.09660112845506458,-0.011182686469498743,-0.0678171401305318,-0.011119924605085652,-0.0031518668043115095,-0.01137257011655285,-0.08110023122312021,0.00044016969561067043,-0.0006107630092318517,3.299362424302732e-05,-0.11473847131366183,0.0010981574781209757,0.0008901531708631061,-0.00025431863470071203,-0.05984103638054472,-0.0032559199793524285,0.0004539539471127285,0.002578649814526046,-0.054575180425518066,0.03701310261466306,-0.04969593223898877,-0.0015825190988049687,-0.0005463797590268271,-0.04345808922754563,-0.016579616918935114,0.006706607925371921,-0.029619542716547487,0.011709999586237807,0.004881079823153167,-0.006871754740570946,-0.0017109010570532934,-0.0010129326301130392,-0.0005878136187303928,-0.002145175433128199,-0.003559458242371638,-0.0015310176857239455,0.0,0.0,0.0,-0.0010062585773005783,0.0,0.0,0.0006284175568624373,2.220446049250313e-16,-7.551030250102508e-05,-2.442916741407508e-05,5.551115123125783e-17,-0.0011062966759470827,-0.0014093800553015012,-0.0004255903522900617,0.0,0.0,0.0,0.0,0.0,0.0,0.0,0.0,-6.657737582066448e-05,-0.0008944137107343986,0.0,0.0,0.0,0.0006052822554330484,0.0019099577644081656,-0.00014830926467046535,0.0,0.0
0.00033894738579515193,-0.11148154250372427,-0.08260518800364852,0.03998707416022723,0.0,-0.06164672840467267,-0.02742168166781689,-0.02597197073829638,-0.057711420279072834,-0.05966164910847821,-0.06677317455430659,0.0010693849761957974,-0.029550280075724855,0.0022958435550483602,-0.0006468510574356157,-0.141561344853883,0.0008023022545122771,-0.002024360505193279,-0.0948376361778186,-0.08396527810994897,-0.002974925584553645,-0.10576110881677175,-0.06784440459670577,0.0017440322438055378,-0.11955748247288178,-0.004932486009639192,-0.07089173293057516,-0.0282040990625832,-0.08373051456488029,-0.09304033505802112,-0.11183236108285266,-0.052356735925076725,0.000794865798784461,-0.08552007249603322,-0.056696604702972886,-0.022137382686690354,0.062470652866830956,0.0025642317473060228,-0.06090443383246741,0.0007636380757382599,0.0011982719824808474,-7.148731316020118e-05,0.00550099758120165,0.0027830035037089695,-0.0006786993768009841,1.1102230246251565e-16,-0.0002798680418726329,-0.08401691118489474,0.0,-0.03987117756002845,-0.08454643031881243,-0.08094489260241411,-0.03886390386222599,-0.07721608913915234,5.551115123125783e-17,0.007072284636014947,-0.001315156920917826,0.002360378570734456,-0.01512359694062726,-0.0002357453900319051,-2.3434287693580025e-05,0.0,-5.551115123125783e-17,-0.07270414300956518,-0.0006400968199555268,0.00019888719138083655,0.00029692467849651294,-0.06140171865127281,0.0,-2.118218746788303e-05,0.0005035260428326582,-0.05859718886570969,-0.10849426926916905,-0.002445149566440319,1.1102230246251565e-16,-0.002635748554884354
-0.10199453334890524,-0.10238517313795598,-0.07186673590702686,-0.07460547480775553,-0.06164672840467267,0.0,-0.0772319429997938,-0.11641135602252728,-0.07637193243502705,-0.07972280573603369,-0.07799697101997505,-0.06479145308319517,-0.08682952996788151,0.004922066687711668,-0.11218168514240695,-0.12414750327998592,0.002453154399506996,-0.11729036480509591,-0.1140423201962717,-0.08654629993797447,-0.10083393388542833,-0.09305879881456969,-0.1026714123270826,-0.04265263204698977,-0.1083419402112979,-0.13669937857252595,-0.08489761877470614,-0.08867846513092509,-0.08665648088256167,-0.10152320403509063,-0.10787986124893989,-0.0836917458751611,-0.10529549633394347,-0.10372425180805439,-0.10593085520045142,-0.09778886453301922,-0.06817620126984103,-0.06777201247250397,-0.0864042877872655,-0.0006113031516586376,-0.0933209314094195,-0.06972107759922436,-0.08174933348268665,-0.06571442069764821,-0.0017586806560126456,-0.09986198233913623,-0.09637441642221073,-0.11064864562030019,-0.0005470796536676259,-0.08176330928396242,-0.09955823311075257,-0.10333027588788862,-0.08633427620712192,-0.11181851201828846,0.001620023059009934,-0.12031074176979423,-0.0008318924167481923,-0.10666861041558406,-0.11092613690717634,-0.09424493883695795,-0.0830868956085018,0.0,0.00016941631515360323,-0.12446170877034829,-0.08535671144719281,-0.11267707395211529,-0.10934735377921212,-0.08969022284219164,-2.1197148702634117e-05,-0.08140061594325976,-0.10542670678562543,-0.09257236644108924,-0.10447311347286448,-0.0917724390045237,-0.11841726349774351,-0.1036180032457174
-0.09544711958975988,-0.11067480404274738,-0.09930658465707931,0.014736217046264433,-0.02742168166781689,-0.0772319429997938,0.0,-0.09738497108684918,-0.09310002221565983,-0.040122065621901515,-0.08382928480067536,-0.005310958940065669,-0.022762714823610086,-0.027018142311511506,-0.09617060114960052,-0.12719152644238574,-0.0008119046449770462,-0.11682289876404228,-0.10485954722289625,-0.09096467809259284,-0.09233524755538375,-0.11058492833342526,-0.09632581392800638,-0.0007714096615729082,-0.1187233392833984,-0.1337697173401844,-0.08441474708448743,-0.02148502095339011,-0.08249135097118476,0.001116867983783354,-0.06985510133252171,-0.04441548627839459,-0.09942985721327197,-0.05623103811521757,-0.054283236753778386,0.00011897691504836327,0.03241666609816851,-0.004474896255246663,-0.07616537896659381,-0.0008371227896591948,0.0076017036257795545,-0.002299818961473521,0.0010957889638073537,0.0017657840099102318,-0.0008724517939177612,0.0,0.002629740300424732,-0.10421973118510358,0.0,-0.0005494322194171675,-0.10344351881848152,-0.10777867084856585,-0.09065670688742933,0.0041766954775125376,0.0004328304827113105,-0.0018882579496082852,-0.00023212202375022528,-0.1119007805224525,-0.0021223271086837636,-0.0014037114307753895,0.0012011083844100101,0.0,-2.9631966192711356e-05,-0.001563431466386822,0.0009705902354599227,-0.00023787233200739388,0.0015395812213170323,-0.09170243248422105,-0.00010178456337633923,0.0005116573887692932,0.0016379120138752534,-0.0916808814367478,-0.10118252886054374,-0.09476155048535717,0.001626131068461656,8.688332295447854e-05
-0.08662292630161,-0.14453201501288848,-0.08718149643094142,-0.026994244266680956,-0.02597197073829638,-0.11641135602252728,-0.09738497108684918,0.0,-0.10872105562407414,0.0005269924637974488,-0.046195675180074336,0.00967973876914302,-0.11824916585646938,-0.003995316017471662,-0.07323646748692869,-0.15137888528286703,6.614807315941107e-05,-0.16239628582870425,-0.10406875674094956,-0.0947395344192058,-0.07476071025280362,-0.10946189501549541,-0.07435270138532751,-0.07195056754779411,-0.13498107477938176,-0.12212132522731917,-0.09523877602708158,-0.10277090626665747,-0.10124366676096708,-0.0004042080172728668,-0.1211005635369719,-0.05118246266241372,-0.15151792057119212,-0.10991942246763453,-0.0913960233877395,-0.009002615976510642,0.0077441161381670565,0.003963807275453257,-0.05949263159252033,-0.0010358830435992505,-0.003940762877845783,-0.003675159985566223,-0.019566435576005237,-0.0015108431906172282,0.0,0.000546848450685089,0.0010159209508843192,-0.07427399063474538,0.0,-0.00384181112013271,-0.06502844646974437,-0.03525620234448412,-0.031085603553582197,-0.04471262480723126,0.0005091107663777183,-0.05016895583125852,0.00021750699853279043,-0.06947023543516251,-0.00435797068364685,-0.08791137530444543,0.00018182251456183574,0.0,1.8532258012793346e-05,-0.09816094127124264,-0.10023882036907633,-0.04619018837693856,-0.08241028498791864,0.004099245316774469,-5.551115123125783e-17,-0.0004289723686372038,-0.0003622860786266502,-0.05352266964480695,-0.08552582876821907,-0.07857305315570307,-0.00044574242889466875,-0.10865413183718825
-0.10189924101971237,-0.0972817623809426,-0.07074327016784887,-0.09660112845506458,-0.057711420279072834,-0.07637193243502705,-0.09310002221565983,-0.10872105562407414,0.0,-0.10614271629734223,-0.074873833128423,-0.09966713510771669,-0.11811834785974962,-0.08140250711148284,-0.08051887143806213,-0.12411612718817727,-0.0017493407613387024,0.0026568923492982233,-0.049156090299929955,-0.08846632610781047,-0.09168866670908749,-0.09428489400347007,-0.07990722040679077,-0.09536486603209954,-0.1144087540732251,-0.1371392819712784,-0.054882867576858285,-0.11717837411585863,-0.08795560356132898,-0.12252419656187091,-0.12637610145222994,-0.10802092462382662,-0.1314446768537348,-0.11287935667647525,-0.10488833131762693,-0.11118481023059684,-0.10012137049086495,-0.09910313610682436,-0.08563977402583861,0.000381402640213524,-0.0019639188289298226,-0.006789203065982796,-0.1000693012948482,-0.003844473650718494,-0.001861237949466521,-5.551115123125783e-17,0.0008719663483777729,-0.12597697332895935,-3.4807585054807966e-06,-0.09659940974315911,-0.10267297085873661,-0.09067723397621202,-0.08668665552071197,-0.10957821502877907,-0.0024466193189523477,-0.09205060303256396,-0.0014370053710086594,-0.10918760086544277,0.0038580531360401515,0.0007176482754051583,0.0009378709408488506,0.0,0.0,-0.13978630351659987,0.0006088358285043505,0.0002941834494274431,0.0007300783162927926,-0.09271901867914173,-0.00010463792089532298,0.00018872877178699454,-0.00020617963882796353,-0.0912880023424581,-0.11726029258506965,-0.11544144200706846,-0.00017653986889054618,-0.09732448152719031
-0.07498492335337897,-0.04222331947424646,-0.0017263248023254296,-0.011182686469498743,-0.05966164910847821,-0.07972280573603369,-0.040122065621901515,0.0005269924637974488,-0.10614271629734223,0.0,-0.10830644620079571,-0.037130318399560824,-0.048525308577607895,0.0015646911128905372,-0.10026718944197943,-0.058776671607164155,-0.03630237293748784,-0.04872690023342324,-0.10271160333473855,-0.00339863072381541,-0.059208575987429124,-0.09978498466160712,-0.08138634494088132,-0.04392374006981442,-0.04233857219749615,-0.048153093420093884,-0.0729276689770364,-0.038094245778987346,-0.068916224515913,-0.06142129959697351,-0.042551755160754934,-0.032874292031627894,-0.051363761673177855,-0.030144897392816616,-0.026151554474115213,0.01390166726834896,-0.0030806590372186027,-0.024360507605902915,0.04873345709133142,-0.04949692909358555,-0.04747610285080478,0.002901736480257544,-0.012493891083134812,-0.0026367364994199782,-0.06268887520608624,-0.09436780997884797,-0.03394631861462355,-0.0009695891299443815,-1.976422898797292e-05,0.00043796877286811364,0.0025642650542602174,0.0012214585192399374,2.9469226101974666e-05,-0.0015606718102700867,-0.07508056503212246,-0.000726492420187741,-0.08466777185140234,-0.08815649521050367,0.0,0.0007095645874654055,-0.031033831811954626,-0.035816309548455216,-0.03028797326703736,6.496605638561803e-06,-0.00010555342515938815,0.0009781712011566746,-0.0011886988742418891,-0.0011437693108779512,-0.04500887827464667,-0.01978781263897389,-0.04346471774637006,-0.0004983425130694052,-0.07811152956912276,-0.0007776378235945236,-5.551115123125783e-17,-0.05321475684452753
-0.0016006769840052892,-2.3698656657134e-05,-0.08892999391483175,-0.0678171401305318,-0.06677317455430659,-0.07799697101997505,-0.08382928480067536,-0.046195675180074336,-0.074873833128423,-0.10830644620079571,0.0,-0.001085614000084889,-0.10148608372638801,-0.030989554049720702,0.0,8.473568428324363e-05,-0.00018898739352246618,-0.0007673101387908332,-0.04655262718302777,-4.6861578021584194e-05,-0.00019269456677328822,-0.00017338099183089595,-0.03024314518831811,0.0008529517239470596,0.00035147341694585776,0.0014502201636634182,-0.04521953171645959,-0.10543966709829333,0.001016194857354602,0.00035798395430908236,-0.1250645293884005,-0.09538900989091631,-0.0027837188536232182,-0.10638717411592191,0.0028879941073421955,-0.05631214910323029,-0.08165829798196145,0.002287313885937614,-0.06104703565852271,0.001279229140243976,-0.0011327286565006034,-0.0017919921572291386,0.010231573202498956,0.00030485037853617003,-0.0007500431733335478,0.0,1.1102230246251565e-16,-0.08161987878185584,-6.740064226740117e-07,-0.0576233456391792,-0.10440268723436963,0.0021636876372940206,-0.07384841544435317,-0.0005931904589175363,-0.001299373665963055,-0.13349843196443173,-0.002690658364905285,-0.00024634125270911467,0.008333994168880754,5.551115123125783e-17,0.0,0.0,0.0,-0.03840683432357683,-0.000569080492033025,0.0,-7.188783170503088e-05,-0.10757439353770204,5.551115123125783e-17,0.0,-9.844069596298688e-05,-0.09805893246085923,0.0009340221879073907,-0.0014237780795400279,0.0,0.000192498029577437
-0.051455950598578826,-0.011826464524025526,-0.0005986758569185846,-0.011119924605085652,0.0010693849761957974,-0.06479145308319517,-0.005310958940065669,0.00967973876914302,-0.09966713510771669,-0.037130318399560824,-0.001085614000084889,0.0,-0.04907414947141553,0.0016259895263417423,-0.00030230316018392545,-0.05176857373402077,-0.037742109861036655,-0.032963340846009936,-0.0022333691605780914,0.004392813890994829,-0.03248130823098683,0.0016949681446666864,-0.06519650559378054,-0.028840692202768137,-0.030172408298620612,-0.028415772356134406,-0.045812129971516236,-0.028803304436231136,-0.05270657701865544,-0.0015457150676517206,-0.023670669136633904,-0.0011866098180345341,-0.010277480370800618,0.008386915676838969,-0.014499546810792574,-0.013930957113528708,-0.0014711860193779014,-0.013378457889027723,0.011233778947977224,-0.022341706682965312,-0.014276443610008682,0.06194986094042826,0.00025891702033931097,0.0005510033607661335,0.002753230158319353,0.00348985955621689,0.0012551405588361875,-0.0008889021480350534,-0.0006490103757152144,-0.00010790408790023465,0.0003031152203123999,-0.0006319893599504023,1.6560856849090477e-05,-0.00045025503928586286,-0.06199810518684368,-0.0017448369172612943,-0.06167324140753011,-0.0027284958653875924,0.0004112187424393232,0.00013249876851889608,-0.05090545530022045,-0.029502037978047124,-0.029095400914094904,-8.358869350977294e-05,0.0005751260882677633,0.0010809824918792121,0.0002360600040530736,0.0007705524360743232,-0.025370001528717656,-0.014786501477345781,-0.02587667402286159,-0.0016630049003594771,0.003384899702821187,-0.0015490003005176889,0.0,-0.038603223187953284
-0.1178573570609957,-0.11515527724888297,-0.11583725876319745,-0.0031518668043115095,-0.029550280075724855,-0.08682952996788151,-0.022762714823610086,-0.11824916585646938,-0.11811834785974962,-0.048525308577607895,-0.10148608372638801,-0.04907414947141553,0.0,-0.055222023426480804,-0.10779925362150727,-0.13231241382499503,-0.07266644377285603,-0.1152543584614889,-0.11983480606080232,-0.09848682319173996,-0.11310494141799343,-0.11728981021406865,-0.11347498936403866,-0.04891458008011046,-0.12073786472517428,-0.12641251483753996,-0.10248873441169343,-0.06090270777193346,-0.08672223725331185,-0.07034801269191154,-0.07086057558859105,-0.04355644473730513,-0.0755455628820777,-0.06100822323078009,-0.05876861953007673,-0.014224575751424995,-0.010749657046180416,-0.03282823007396357,-0.06499745635889193,-0.00018940283547391745,-0.03841762486354239,-0.00937011549690131,0.00211226798541414,-0.0059092446395313525,-0.003200565396043187,-0.09904423081039448,-0.10307457850626756,-0.11712358529070271,0.0,-0.0009350344834451185,-0.10767077288941285,-0.11126833484965448,-0.10618416685532711,-0.11382368583007285,0.0012602170249883526,-0.002314757699890868,-0.001026970140749206,-0.10837651931502529,-0.0013806944251367192,-0.10111457096092952,0.0008709498394976478,-0.00037551106905925336,0.0019229907575495364,-0.005622153337299762,-0.10182154726966891,-0.13946418402598498,-0.0970199944959168,-0.10333101564560654,0.0010201969526401067,0.0018471068652728961,0.003957882573449423,-0.1032386464321211,-0.10531741356270746,-0.10086837534312243,0.0014152091414303403,-0.10050646196240903
-0.003998579938800595,-0.0009363826483785309,-0.061677116705676716,-0.01137257011655285,0.0022958435550483602,0.004922066687711668,-0.027018142311511506,-0.003995316017471662,-0.08140250711148284,0.0015646911128905372,-0.030989554049720702,0.0016259895263417423,-0.055222023426480804,0.0,0.0007113364136755451,-0.0005847580844728362,9.056689421338415e-05,7.911779578773093e-05,-0.07146952377111127,-0.00024646602556716024,-0.06063658574112113,-0.000520860306866544,-0.046581949228098884,1.7560602916244505e-05,6.316140487028221e-05,-0.0036425928046552314,-0.0012403700780349025,-0.049513614136498824,0.0016653842047212875,-0.0005472414271835424,-0.007983541947894468,-0.04207784141206078,-0.0001429374101097891,-0.001436460079634938,-0.0070849034019694335,-0.02158827257828877,-0.02449107726093211,-0.000847727341750204,0.006196607372849883,0.0,0.000755283130419615,0.000835863906216594,0.004680626816011502,1.9401266493357383e-06,0.0,0.0,0.0,-9.485126488412154e-05,0.0,-0.003811346767091661,-0.000945895644035577,-0.0009124741641851064,-0.0025195189703564047,0.006919850456351628,0.0,0.0032757594032261084,-9.252866397568837e-05,0.001836274851454267,-0.0022164216372114742,1.1102230246251565e-16,0.0,0.0,0.0,-0.0013683186398095737,0.0,-1.1102230246251565e-16,0.0,0.0035894239181411547,0.0,0.0,5.551115123125783e-17,0.0022363651193094136,-6.234383648839881e-05,1.1102230246251565e-16,0.0,5.551115123125783e-17
-0.0795729323005846,-0.10066160514049,0.0001976938861395494,-0.08110023122312021,-0.0006468510574356157,-0.11218168514240695,-0.09617060114960052,-0.07323646748692869,-0.08051887143806213,-0.10026718944197943,0.0,-0.00030230316018392545,-0.10779925362150727,0.0007113364136755451,0.0,-0.118883242817585,0.0010272970062366604,-0.09717622200250897,-1.1102230246251565e-16,-0.05219322798040482,-0.05145963689449157,-0.04261544894164149,-0.094909477078575,-0.09497469007513953,-0.10523243617183592,-0.0831692473295984,-0.066874368628974,-0.08126678805092469,-0.08216990832117371,-0.09384730133397134,-0.09642568335855095,-0.07099288058711506,-0.09515881967148593,-0.09919743481048088,-0.10848624063103829,-0.003668106337250454,-0.0022502205518598606,0.00012677334272120921,-0.07390163767445562,-0.08187078590556851,-0.08667679056593297,-0.09092910790285724,0.00015938356177946922,0.0006476169327407355,0.0,-0.13254579199070804,-0.10946406673320064,0.0005938495219838802,0.0,0.0,-0.08597220964635877,-0.07873241809519105,-0.09176481522239799,0.0003248088136758587,-5.551115123125783e-17,0.0,9.971200050423734e-05,-0.09129222691767713,1.1048689036230464e-05,-0.06639551312482361,-0.11219619715054713,-4.738654179042845e-05,-0.13751134987414654,0.0,-0.07113917047240953,-0.0468755953671573,-0.07176227467942886,-0.07415157620320123,2.5828468283195516e-05,-0.09906017656598975,-0.0765663568948246,-0.06636302742984024,-0.07971595159810563,-0.08934853458284486,0.0006162463728486833,-0.07676750439750174
-0.086642190097795,-0.09190519854253698,-0.0007375410339848787,0.00044016969561067043,-0.141561344853883,-0.12414750327998592,-0.12719152644238574,-0.15137888528286703,-0.12411612718817727,-0.058776671607164155,8.473568428324363e-05,-0.05176857373402077,-0.13231241382499503,-0.0005847580844728362,-0.118883242817585,0.0,-0.062068249676102916,-0.04902444701157266,-0.00017343247202189493,-0.09208775903898953,-0.12027705769798763,-0.07991944941760659,-0.1380167259426836,-0.06978352121657838,-0.06986760208431197,-0.10535235798671322,-0.11562172026410739,-0.10656341186039392,-0.0961671939827794,-0.10573693614493046,-0.06365409761741914,-0.06780039371244045,-0.0701301764955462,-0.07568637633930192,-0.10236394887403821,-0.00039239686742886803,-0.0006595518770112774,0.0015410869011437955,-0.05395791482607348,-0.0438071883025985,-0.0682645276746332,-0.06262785365476953,-1.4406647505682546e-05,0.0,0.0,-0.07660298270976101,-0.06369958756776645,0.0,0.0,0.0,-0.08432471926092255,0.0005902313608328047,0.0011102859695409362,0.0,-0.037225925381747904,0.0,-0.046082328240735326,-0.095471876272892,0.0,-0.1124665636460726,-0.052696166764715446,-0.04728589957041168,-0.0385064007328455,0.0,-0.08801199848333596,-0.11564053369131,-0.08507699321594969,-0.1084501735968228,0.00032410745615885084,-0.041871708936774776,-0.06920281733128891,-0.11153283596251456,-0.10278510578219557,-0.09464142089885086,-1.1102230246251565e-16,-0.05586788459439723
-0.059690876712823526,0.004272718612415294,-0.0013701053852316347,-0.0006107630092318517,0.0008023022545122771,0.002453154399506996,-0.0008119046449770462,6.614807315941107e-05,-0.0017493407613387024,-0.03630237293748784,-0.00018898739352246618,-0.037742109861036655,-0.07266644377285603,9.056689421338415e-05,0.0010272970062366604,-0.062068249676102916,0.0,-0.07229954213731682,-0.0016049079529831256,0.0009925433031657271,-0.0027271945411491694,-0.11287354341810257,-0.00022129267003034858,-0.060910427295740255,-0.03793703011811711,-0.053992508519239035,0.0006998715452422033,-0.062311169743541284,-0.001119712419782648,0.0004298835332176565,-0.06557856085767,-0.09336171511029173,-0.07939152090067297,-0.06867587095062438,-0.0746386759952758,0.0011445077191740705,-0.0003101559250249797,-0.030436256191044453,-0.014419876667778053,-0.016841218972568184,-0.052405823277154207,0.0011283955137091906,-5.551115123125783e-17,0.0,-0.00019374685225359567,0.0020036416829651293,0.000882827854511159,0.0,0.0,0.0,0.0,0.0,0.0,0.0,-0.048129176583882494,0.0,-0.056775798650081366,-0.00045228744171488255,0.0,0.0004301251895767466,-0.048618766075679776,-0.03503709288412421,-0.033351483336514054,0.0,1.1102230246251565e-16,0.0,-0.0002548379358467412,0.0,-0.06696595878782663,-0.023628267230464295,-0.036811524472599055,0.0,-0.002216226864829418,-8.682264686538099e-05,0.0,-0.04096832763701114
-0.055601065895985236,-0.0663640533948231,-0.0006595535445449996,3.299362424302732e-05,-0.002024360505193279,-0.11729036480509591,-0.11682289876404228,-0.16239628582870425,0.0026568923492982233,-0.04872690023342324,-0.0007673101387908332,-0.032963340846009936,-0.1152543584614889,7.911779578773093e-05,-0.09717622200250897,-0.04902444701157266,-0.07229954213731682,0.0,-0.0008813957127907779,-0.08505492265805414,-0.10119256563972429,-0.07924539910941253,-0.13696869612576812,-0.06275599303367829,-0.039910299778665226,-0.05867668445586405,-0.1089726268764436,-0.08676158236099518,-0.0880306145136251,-1.6872542771828591e-06,-0.07899695131523199,-0.06568484854373219,-0.07385475250918572,-0.07424271305028002,-0.06969226989860156,-0.0028858863644279364,-0.025433847755924388,-0.04083311030934028,-0.01674493015218964,-0.019199374043670725,-0.034787720502468755,-0.024692859122640853,0.0,0.0,0.0022374354178355538,-0.04436470957067079,-0.03650780123619751,0.0,0.0,0.0,-0.06254741849194634,-0.0001393970586662241,-0.00047798806668070126,0.0,-0.031989720162858004,0.0,-0.043533425258993674,-0.0005808729088230824,0.0,-0.08551446099793947,-0.025824529283620667,-0.029460656891026893,-0.03359948358191328,0.0,-0.053996039523837025,-0.08335946774528968,-0.04878602839406726,0.0024905550582662306,-0.06272594296786194,-0.027925013957125433,-0.03369212103012115,0.0009557421222087803,0.0021095802125233876,-0.070042655978865,0.0,-0.030160407237625142
0.0,0.0013600080783732205,-0.04308868107628597,-0.11473847131366183,-0.0948376361778186,-0.1140423201962717,-0.10485954722289625,-0.10406875674094956,-0.049156090299929955,-0.10271160333473855,-0.04655262718302777,-0.0022333691605780914,-0.11983480606080232,-0.07146952377111127,-1.1102230246251565e-16,-0.00017343247202189493,-0.0016049079529831256,-0.0008813957127907779,0.0,0.0004616370618807375,-0.0004293121994119464,0.001041379094264272,-0.007143490360467741,-0.0002469991892751766,-0.000795921790860965,-0.0007628857702709491,-0.0008254308178847758,-0.1195384781553393,0.00109506622949046,0.0013659008522178828,-0.13161899020428763,-0.1100662372848612,0.0010603723086215489,-0.10947944070488469,0.0058512951121567625,-0.09434001143935311,-0.10232391389012291,-0.003282088474946987,-0.09686227302847317,2.1291583946869697e-05,0.0008487785568081496,-0.0035811899166234284,-0.09624594890915139,-0.002081797733485935,-0.00016000640468538663,0.0,0.0,-0.2911784151270461,-5.551115123125783e-17,-0.14447291722790262,-0.16268705155805818,-0.10429413391380027,-0.1134580237478745,0.0053509520397527766,-6.945564216781497e-05,-0.2622331328986228,-0.0003910880633239966,-0.003904735809658222,-0.003563887996189563,2.220446049250313e-16,0.0,0.0,0.0,-0.15078875439000888,-7.47374765103781e-05,0.0,8.885911800499136e-05,-0.12498421688209682,0.0,0.0,-5.551115123125783e-17,-0.1056358594790564,-0.0005392419014458305,-0.001236013393519364,-0.00025766180412845063,0.001249499668839582
-0.06754574411531189,-0.06787867703426076,-0.08636715189201982,0.0010981574781209757,-0.08396527810994897,-0.08654629993797447,-0.09096467809259284,-0.0947395344192058,-0.08846632610781047,-0.00339863072381541,-4.6861578021584194e-05,0.004392813890994829,-0.09848682319173996,-0.00024646602556716024,-0.05219322798040482,-0.09208775903898953,0.0009925433031657271,-0.08505492265805414,0.0004616370618807375,0.0,-0.07259348949199323,-0.054209048108498636,-0.06515687410847265,-0.036685153385009384,-0.09315869952892608,-0.10399080577228453,-0.03663018758908021,-0.07559588646275361,-0.052079043881815,-0.08492583759712202,-0.07272801710071541,-0.0759213995658648,-0.0818952333598178,-0.09499007746630855,-0.10845235389175156,-0.09686570004257777,-0.07971549563898706,0.004449692744864564,-0.0793474313071249,-0.08512291559395052,-0.09630767768709986,-0.07969039203021228,0.0027243526928411588,-0.0021109667338536364,-0.0005248628165483993,-0.0909319568148419,-0.080553260790107,-0.0013727328885521084,0.0,0.0,-0.09169208531726086,-0.09974571820682565,-0.0959354386127848,-0.08937125389571837,0.0005841109790373777,1.1102230246251565e-16,-0.00044770525073190015,-0.09851254706695167,-1.1102230246251565e-16,-0.0946999850626229,-0.08216250155117777,2.2917866965788125e-05,0.00338315064722039,0.0,-0.09931833549506686,-0.07280903703522051,-0.07216256244285835,-0.09298919798112948,0.0,-0.06229975516545422,-0.059559428887372645,-0.08095276052449585,-0.09198340680686945,-0.10278447825789944,-0.000245281882260473,-0.09893570483445241
-0.06992884024380441,-0.11325084147597336,-0.08014311722352607,0.0008901531708631061,-0.002974925584553645,-0.10083393388542833,-0.09233524755538375,-0.07476071025280362,-0.09168866670908749,-0.059208575987429124,-0.00019269456677328822,-0.03248130823098683,-0.11310494141799343,-0.06063658574112113,-0.05145963689449157,-0.12027705769798763,-0.0027271945411491694,-0.10119256563972429,-0.0004293121994119464,-0.07259348949199323,0.0,-0.08534450629474216,-0.07084095122927586,-0.04588886912025625,-0.11863676509389415,-0.1003524433086872,-0.07197955257021516,-0.09887133154053268,-0.08936849195577695,-0.0014456376040097862,-0.10009440256009872,-0.07005091470850894,-0.08376133271563257,-0.09328248682592638,-0.11120158255670215,-6.569975280251716e-05,-0.0012253523013708856,-0.0011334761904528423,-0.06031652139005378,-0.0771642654732651,-0.08345469591601629,-0.07219404808867513,0.0017311409986524584,0.0,0.0,-0.027516724648665225,-0.09248881658426766,0.001309026259517676,0.0,0.0,-0.09748465228019587,-0.1132240069418522,-0.0429985173433754,-0.0018523178989993672,-0.0003378410202422577,0.0,0.0012518630238835815,-0.104837827496853,5.551115123125783e-17,-0.07945988676484472,-0.09670687362730385,0.0,-0.024020524785473618,0.0,-0.08050121955465711,0.011296639034580891,-0.07243167116963722,-0.08285494528108761,0.001335016782069709,-0.06474055262565509,-0.08799236525027954,-0.08603494655166621,-0.08836285253345838,-0.09124897534135906,-0.0019808991461690018,-0.06643554959417342
-0.11252708951559542,-0.0651914505987955,-0.103944251232159,-0.00025431863470071203,-0.10576110881677175,-0.09305879881456969,-0.11058492833342526,-0.10946189501549541,-0.09428489400347007,-0.09978498466160712,-0.00017338099183089595,0.0016949681446666864,-0.11728981021406865,-0.000520860306866544,-0.04261544894164149,-0.07991944941760659,-0.11287354341810257,-0.07924539910941253,0.001041379094264272,-0.054209048108498636,-0.08534450629474216,0.0,-0.08315811667878381,-0.03442187002799696,-0.09774834175186564,-0.1050954925846796,-0.07193457732323,-0.08624047522550987,-0.0684445795306729,-0.10962671230985088,-0.08989198858775238,-0.10038599481118321,-0.10102661896073001,-0.10768444203548139,-0.13301065844892068,-0.0002481207027009713,-0.004332808704376467,0.003655741708029403,-0.0731988501313589,-0.08062696622164639,-0.08926175403344655,-0.07280256008479385,0.00024317259572687044,-0.00015912058003375584,-0.00035801711499838795,-0.11892497453673812,-0.09690807344633878,0.0008997192665975429,-6.075538643401934e-06,-0.00014754740137673528,-0.09583434263917695,-0.09576825254907545,-0.08611177466541409,-0.08829639041756754,-0.0013457002689868935,0.0,0.00023703922165685398,-0.09154293376958944,0.0,-0.0862009678332909,-0.0903043061859799,-0.0005145982995745646,-0.07618137424608806,0.0,-0.0861767211866381,-0.08975069897759169,-0.07989641882282195,-0.08774747823505058,0.0011511803547661348,-0.0721149546504144,-0.09523897134649673,-0.08933443682215003,-0.10026547402009522,-0.09977324957310785,0.0008092809705298465,-0.07441869092556702
-0.08795341030772807,-0.11871067926946943,-0.03780964563252903,-0.05984103638054472,-0.06784440459670577,-0.1026714123270826,-0.09632581392800638,-0.07435270138532751,-0.07990722040679077,-0.08138634494088132,-0.03024314518831811,-0.06519650559378054,-0.11347498936403866,-0.046581949228098884,-0.094909477078575,-0.1380167259426836,-0.00022129267003034858,-0.13696869612576812,-0.007143490360467741,-0.06515687410847265,-0.07084095122927586,-0.08315811667878381,0.0,-0.07759761889439037,-0.14089126787715284,-0.12137817694210806,-0.041815691354037954,-0.10063313242429556,-0.10276906829382765,-0.10767341044488898,-0.10715009794177482,-0.07515776944051727,-0.10862452740775325,-0.10140727051656534,-0.09631308741233069,-0.07804561302330487,-0.054779518921871995,-0.05804114881674527,-0.09245477369325728,-0.10580151379936942,-0.10507966535748098,-0.09636315328372674,-0.07611254182821042,-0.0685992828174326,-0.0007438556123360862,-0.10038893072037097,-0.13286322062648132,-0.08215702377440603,0.0006464180950251919,-0.08428589090939842,-0.1007894397271924,-0.09489014560887776,-0.0614257992871593,-0.08889736389402247,0.0016185250307662602,-0.06414743931978623,-0.002272708577982896,-0.10468340583722902,-0.07245038170062956,-0.09259037804598536,-0.13479856326213835,-5.5750245963548384e-05,0.0009526208278182735,-0.08721879940824917,-0.09849804207351381,-0.09154335901791777,-0.08841673030429176,-0.0774791887005375,-0.0007511641337542563,-0.1054608636225356,-0.10153690109102659,-0.0895906064043932,-0.10355645249964723,-0.09996827697607175,0.0015099908488352964,-0.10992680310079878
-0.05975468779022647,-0.04671786928054367,-0.0009812892181598754,-0.0032559199793524285,0.0017440322438055378,-0.04265263204698977,-0.0007714096615729082,-0.07195056754779411,-0.09536486603209954,-0.04392374006981442,0.0008529517239470596,-0.028840692202768137,-0.04891458008011046,1.7560602916244505e-05,-0.09497469007513953,-0.06978352121657838,-0.060910427295740255,-0.06275599303367829,-0.0002469991892751766,-0.036685153385009384,-0.04588886912025625,-0.03442187002799696,-0.07759761889439037,0.0,-0.05875569258718377,-0.04468712416845255,-0.057368151748899476,-0.032555241206522645,-0.04916920376849093,0.0005022261426517183,-0.052269976583815214,-0.03594558160665745,-0.020467494689000054,-0.007078286154671598,-0.03300674213546212,-0.040629596985751804,0.00040200330995815436,-0.022020345681602466,0.008211915321500951,0.0030161936331989936,-0.013634188765923316,-0.010964073278401876,0.0013816476601869465,-0.0005080018405053677,-0.04420931314782195,-0.0700107684897639,-0.0724474733062282,0.0,-5.551115123125783e-17,0.00022020325798710605,0.0004207027132821506,5.702257894207863e-05,-1.6653345369377348e-16,-0.0007678346865580554,-0.037133784212912135,-0.00020416243920778898,-0.03901895623811452,0.00010174741383967012,0.0,0.0006908156599185755,-0.055538153480727326,-0.03864319550921719,-0.05469152893181006,-2.6834537351527743e-05,0.000695923641860885,0.0012709930165594185,-0.000722277922909409,0.0008372678988364801,-0.03281873054336315,-0.033368495521184593,-0.036608792255160005,0.0012659012517085566,0.004013158820153628,-0.0008247459546066316,0.0,-0.04769856072063394
-0.0701456031950945,-0.03960825646241933,-0.1262220818489,0.0004539539471127285,-0.11955748247288178,-0.1083419402112979,-0.1187233392833984,-0.13498107477938176,-0.1144087540732251,-0.04233857219749615,0.00035147341694585776,-0.030172408298620612,-0.12073786472517428,6.316140487028221e-05,-0.10523243617183592,-0.06986760208431197,-0.03793703011811711,-0.039910299778665226,-0.000795921790860965,-0.09315869952892608,-0.11863676509389415,-0.09774834175186564,-0.14089126787715284,-0.05875569258718377,0.0,-0.049891278949063034,-0.10662702320048212,-0.08813530699390504,-0.08530977956654895,-2.02318889446218e-05,-0.07172039589780571,-0.05800834806042193,-0.04817788495179798,-0.058918654562144845,-0.06534252747939451,0.0022801136452004767,0.0002933981090054161,-0.01867352218083851,-0.027382367576364808,-0.02044988547846427,-0.03767241749530442,-0.03309934679083576,-0.001096256775010962,-5.551115123125783e-17,0.004027880774026993,-0.058057082872835675,-0.04691698193764099,5.551115123125783e-17,0.0,2.220446049250313e-16,-0.07730572815012093,0.0007764375112987998,0.00157240230414879,0.0003176098805169336,-0.036355437750997144,-5.891144520692171e-05,-0.04297225211443789,-0.0742295224461807,0.0,-0.09664346429427195,-0.03744726152065192,-0.03342657075573885,-0.03876823148856584,0.0,-0.05854380686905908,-0.09291620301047732,-0.055403665661069634,-0.08602977868063744,-0.062185780304994775,-0.03234045451449857,-0.036207827630899025,-0.07882890609442383,-0.0639349863097946,-0.07299942380183683,0.0,-0.03310196753967992
-0.08694333145107047,-0.07278491825835043,-6.614236619573166e-06,0.002578649814526046,-0.004932486009639192,-0.13669937857252595,-0.1337697173401844,-0.12212132522731917,-0.1371392819712784,-0.048153093420093884,0.0014502201636634182,-0.028415772356134406,-0.12641251483753996,-0.0036425928046552314,-0.0831692473295984,-0.10535235798671322,-0.053992508519239035,-0.05867668445586405,-0.0007628857702709491,-0.10399080577228453,-0.1003524433086872,-0.1050954925846796,-0.12137817694210806,-0.04468712416845255,-0.049891278949063034,0.0,-0.11766263179345038,-0.12601249913694623,-0.10970491474945343,0.00045804577064578744,-0.10301203709482887,-0.10601728921040104,-0.08263791140297766,-0.09567582288462484,-0.12000438029263283,0.004174313303457133,0.0009555035431731418,-0.019345246480519496,-0.05373654653901727,-0.040760644166900506,-0.07179996347146489,-0.06568727295814225,-0.00259479679213509,7.420941305430473e-05,0.005336954295998897,-0.08019956968373215,-0.09019912639853994,0.002389069376492081,0.0,-3.3370542076693877e-05,-0.11403922187216553,0.00037941637365318526,-0.00038101863570288996,-0.00017645834926710569,-0.03703798297964023,0.0,-0.04265640155470929,-0.10967364915592082,0.0,-0.08849774778434033,-0.07021682473105895,-0.027542540052243047,-0.04964417202372928,0.0,-0.10397190031170661,-0.179368978006968,-0.10993927857086938,-0.05950655444426556,-0.05669143819508471,-0.03842576605398085,-0.05435072013640302,-0.09720789332726948,0.004500785924433814,-0.10655551902237809,-0.00017207014518766384,-0.049316786137450386
