0.0,0.13797745979225032,0.37113161864015853,0.0,0.40494781067927016,-0.15390135278928024,-0.20065437064568165,-0.0835432677272549,-0.3256701278714397,0.1006380921915645,0.4241616203249215,0.19243940253726138,-0.260266908486045,0.4956883537958866,-0.15141613831043563,0.02374736132706251,-0.02561166155389416,0.12239167860741318,0.0,0.06370910246047734,0.07134911173214148,-0.22695072646373543,-0.08322640937180037,0.20076292133914014,-0.009228456508193206,-0.09018153958614467,-0.14509930939947485,-0.18889627980944146,-0.029344126221261813,0.6390441984856983,-0.24879631256885082,0.09235876328539538,-0.17653368967973104,-0.11859907297964939,-0.11381141290520849,0.6397365651422694,0.5049642883847824,0.5209632228091876,0.1779792424460246,0.32054882997000833,0.03810938034499167,0.21971269671637642,0.4715041901948722,0.0,0.47485165754513065,0.5329159320436597,0.2172364697804695,0.0,0.0,0.0,-0.12886991403746595,0.0,0.6069298574594644,0.0,0.21968293932170582,0.0,0.5867696984427289,0.7280316565101596,0.0,0.5714742436231097,0.1496954322955074,-0.009424997971885035,0.10637528606690666,0.0,-0.39646130907158866,0.6069433682971125,-0.013409478031877031,0.6693837862346702,0.6262846538803717,0.21756452690575706,0.2507950670837715,0.47672854489574135,0.38650335125924984,-0.18087109882009633,0.0,0.07968233939746244
0.13797745979225032,0.0,-0.22631144922770108,0.334316145467997,-0.13682535251138728,-0.175808529252711,-0.14100079680625344,-0.28137543452419445,-0.10914211356519204,0.15328333538423033,0.32452156810599403,0.3440200131997946,-0.18926222616030186,0.49182735356474216,-0.27030363488293396,-0.08418593992642581,0.6298528874821789,0.11433578331827288,0.6398431043171805,-0.08627974385483128,-0.20677684127749008,0.08185234009453601,-0.17998633501826267,0.04726664290352883,0.2585373051290353,0.012020243352754811,-0.19478794920374715,-0.16722427175338778,-0.07772055776544767,0.44242859009384927,-0.26106311800065607,0.05029086428870477,-0.025015071274270162,-0.17010320470750984,-0.21966593812903412,0.4680910387197703,0.22588656298134036,0.0,-0.1211927222954331,0.08220036487981569,-0.06887050938244976,-0.19853005281487363,0.6287822007780093,0.0,0.0,0.014088185164942646,0.020942581724045672,0.04163771607278509,0.0,0.0,-0.18583822076292567,-0.26987244610249306,0.5587064915772149,0.5692195692862718,0.17521696786754756,0.0,0.44816283523143297,-0.1546161118449405,0.0,-0.13096737175681622,0.07279207545821642,-0.24883002253744435,0.13427304156083789,0.0,-0.1279233853694478,-0.33710511035356966,-0.12093339611988829,-0.052350249860564135,0.4449217069076182,0.18070071464861048,-0.060406448617451425,-0.12689772455817805,-0.18649724810550655,-0.22935845804600258,0.0,-0.019232133160558496
0.37113161864015853,-0.22631144922770108,0.0,0.044386443581199475,-0.06321819238388804,0.036228070285317715,0.019884249761500605,0.20639462469831427,-0.09072179043008172,0.5621148390637728,0.02362239252778514,0.5532149694301235,-0.0690529161658151,0.25091435807752227,0.34647990364568315,0.4369637507617544,0.6076955877968775,0.5243802434424869,0.2525133061106393,-0.4016471691602306,-0.015363615871857306,-0.2836550914286465,0.32100210822755687,0.4036936355597944,-0.1550634006856761,0.4879544520193918,0.42225629096315587,-0.01722271569339129,-0.09783872783690706,0.6299824209387062,-0.0442975668822882,0.028464441335497137,0.5242522746571419,-0.00017998326588919422,0.09598570502410336,0.006323589218640846,-0.02053424353181177,-0.05251302933462437,0.12390461988538265,0.4936439269052545,0.01405628231894962,0.5127021088824663,0.48942717675570535,0.6828673721443921,0.0,0.0,0.1993927647428967,0.26732074788453597,0.475788373527797,0.1032647473008853,0.052826234395983995,0.2379253032108491,0.3539691259892215,0.40423116512569135,0.3676889147980409,0.6563340179277267,0.4696735580302874,0.17535418266180064,0.25498523705792175,0.2466034257194487,0.0,0.0,0.0,0.5952786551622742,0.6336586851467416,0.4420454721611279,0.10316323089559162,0.22567409281424886,0.0,0.6347602752984218,0.35261798356103635,0.25631586280316654,-0.007698525266742362,-0.21938661410818427,0.6785411190354023,-0.03887053638121679
0.0,0.334316145467997,0.044386443581199475,0.0,0.6581313075983826,-0.03242750685590107,0.5755987852475598,0.40342864964152664,-0.03656494388275866,0.3141040576898466,0.03876757384151536,0.3098126593338455,0.43915839541176627,0.3671036588707013,-0.18191587075868437,0.12286401680885702,0.5436409400039275,0.4693668249495099,-0.0841021923343877,0.5942424385297574,0.4208028371607726,0.5485275236998562,0.02941333359662701,0.2286775578974436,0.8762582593028467,0.6311442139078557,0.1797217533643824,0.6217352008668203,-0.008342712025421861,0.47384046252509904,0.49521694722112664,0.048191215342799354,0.16746838216675572,0.3561902799547694,0.26887854310708165,0.3524122856357902,0.3361223563212927,0.29466038026750063,0.19975889261471141,0.29072905652481607,0.3777685418767862,0.28925738681937674,0.22271289731273178,0.23800511782168898,0.0,0.0,0.0,0.3978513768515952,0.0,0.0,0.5986775039374506,0.0,0.4654388805484859,0.04243527323547016,0.0,0.17614558371111688,0.47088121667204796,0.4519418912662871,0.0,0.0,0.0,0.0,0.0,0.0,0.0,0.0,0.47285526201660644,0.5881160877530797,0.0,0.0,0.0,0.5056179486921606,0.5441729263492682,0.5837716915707762,0.0,0.0
0.40494781067927016,-0.13682535251138728,-0.06321819238388804,0.6581313075983826,0.0,0.009274679737170805,0.29166403567617283,0.4390411786191552,0.016307356638086662,0.19773013253666352,-0.06731996156527309,0.5157828202652097,0.39103624274493526,0.44211971163652386,0.49004108110305006,-0.2927182445145918,0.5928781963867407,0.4544482307490926,-0.14411584023505913,-0.05206677986320246,0.48964465852604144,-0.14632170251680876,0.04023745406537321,0.542100601006041,-0.15872570800209967,0.5022538429474954,-0.005941312833995072,0.3305337062841015,0.021678250263505117,-0.4519408869382263,-0.12031124910028912,0.1359139981403189,0.5175938611666894,-0.07444563911338264,0.11411615724205634,0.2472544650036995,0.6409584344555308,0.4929469895230404,0.14298832279303192,0.721379560872651,0.5593473585948614,0.40019689409214654,0.5514532858000605,0.6657950372979687,0.2498963945658213,0.0,0.4197947324689652,0.11834109138557894,0.0,0.3518659013626422,0.0789219510299955,0.12795316801894796,0.3481614195237024,0.021852147924529053,0.0,0.5215340048143916,0.34574638987941597,0.6555872268212478,0.43978766280569764,0.25281961667928105,0.4577765591420911,0.0,0.0,0.19669847567199383,0.3116705204598612,0.4975735568256644,0.37585122182280195,0.24234147661998523,0.0,0.4937654928837229,0.561122480401041,0.22403034441160405,-0.12782052083985035,0.455095315914125,0.0,0.5064939545334035
-0.15390135278928024,-0.175808529252711,0.036228070285317715,-0.03242750685590107,0.009274679737170805,0.0,-0.07193620739571566,-0.21125183143907011,-0.030990679597874604,0.1168757499424447,-0.06228847263507048,0.11612398840057586,-0.18024855142011748,0.5990601455960394,-0.18821316758148499,-0.22477915903571155,0.5491535903918828,-0.19333182128526466,-0.19254936263533712,-0.18169297469375117,-0.1354285624238129,-0.18629101761803163,-0.2230806019534623,0.0959787591872577,-0.2019710208934224,-0.28512285344210486,-0.22021432546681524,-0.021870833623768016,-0.12582010962915563,-0.15777314399601428,-0.20629148206711145,-0.19685672245627694,-0.2517188462641552,-0.2523596537238173,-0.33425010620383266,-0.09054091570694012,0.036591824005587414,-0.06998398297054303,-0.0011938780701746254,0.3474683416928195,-0.026975845389531072,0.06668658952440981,0.11139243628658874,0.09901355539919154,0.19450676162515,-0.33965951736796884,-0.16342382216747087,-0.00986014847370148,0.5647215400961539,0.061781766259839305,-0.05059916073569165,0.002112064599074981,0.13540650622916234,-0.03442259582201823,0.6916504758820281,-0.09395337597229969,0.34710937349471965,-0.03658144523814627,-0.11120204063302885,-0.087318837670056,-0.07502971870720887,0.0,0.533984254388445,-0.042068178180034166,-0.0010466640340238698,-0.14048342747150078,-0.19529943072479877,0.02260443564063508,0.5715960240958678,-0.08413715030093577,-0.1696431254969923,-0.010102235946550076,-0.10136508638214842,-0.05878338888744866,-0.30591566377986257,-0.10579689531619957
-0.20065437064568165,-0.14100079680625344,0.019884249761500605,0.5755987852475598,0.29166403567617283,-0.07193620739571566,0.0,-0.08936134255924844,-0.11666378830982865,0.21030805536714536,0.09702515942396733,0.4034955899437448,0.45555634374089876,0.2893922385865047,-0.26824919552950577,-0.21058553919389794,0.5981248479362367,-0.2201388755433516,0.010997486754911356,-0.12105052147375328,-0.12153836643540034,-0.1846543571280943,-0.08294549772403081,0.5204756189081614,-0.18551039861584162,-0.29946673588901135,-0.11707733531535486,0.34357898097450934,-0.04682208603495375,0.522786138121577,-0.038836979330445165,0.14620322981742842,-0.22505261124983195,-0.03471211380645817,-0.024601046242074986,0.5906153462413621,0.6687581822723327,0.5798046952592979,0.15196354038939125,0.43535764327515436,0.5339450147113076,0.46315890304691576,0.5617070846348056,0.8179503613896508,0.35451520414493687,0.0,0.606237994470415,0.011195804378619056,0.0,0.5406118834723723,0.00116697295852225,0.03400744913349801,-0.003497209351763342,0.6735710764879761,0.5930056581817469,0.4796823478412755,0.417222427600572,-0.06014325170122625,0.3318231121504863,0.32043549432134805,0.6090767210750478,0.0,0.5357920491150299,0.5805244038855204,0.6156487620708291,0.48085331999541503,0.6162651971981519,0.023389534066590667,0.46240980082450167,0.6074880164081011,0.5735849220902706,0.010726288794434935,-0.04731628316486791,-0.12314419836678303,0.79462021034024,0.5154433399024789
-0.0835432677272549,-0.28137543452419445,0.20639462469831427,0.40342864964152664,0.4390411786191552,-0.21125183143907011,-0.08936134255924844,0.0,0.05051529254047088,0.5662799455853921,0.33570062462437394,0.7036794146593617,-0.19272901876111603,0.7040781403027341,0.1878391716392056,-0.36939721231510536,0.4807725698505281,-0.32797431439231506,0.12100669112883475,-0.17512187018493963,-0.000725578348083622,-0.2008692556913067,0.011840401095893793,-0.08872686405337296,-0.26250553149214845,-0.26947711015525777,-0.08169233202172826,-0.1703159413297708,-0.17890773300622564,0.5707923531544803,-0.24793778138115202,0.199402904306176,-0.26779271862952797,-0.26160110812123755,-0.21576600216407937,0.46411715489334704,0.48836613370778015,0.6157616462005018,0.1721315647173978,0.41593710539064993,0.4096125702310227,0.4832025261474368,0.44480000339715275,0.450667252477569,0.0,0.5694017031621051,0.38057846807253104,0.3030570807920254,0.0,0.5669051649816536,0.15702648011499704,0.401273183288295,0.45039727469163665,0.3266019255590398,0.8248679847059579,0.3251264973794204,0.9856107261941008,0.20950850957936248,0.5191391165991961,0.19399937538899825,0.39054714193071405,0.0,0.6779316176686658,0.13318602306726102,0.12470651192134624,0.46904974752256084,-0.40257596405282764,0.6771564081284469,0.0,0.4670835878596919,0.45095204235171094,0.27139141286344287,0.07483720504412544,0.15576031930646234,0.5075571580324509,-0.24367786058947682
-0.3256701278714397,-0.10914211356519204,-0.09072179043008172,-0.03656494388275866,0.016307356638086662,-0.030990679597874604,-0.11666378830982865,0.05051529254047088,0.0,0.005686053851248485,-0.06533277849090083,-0.08235891492863306,-0.17212800635436187,0.12411649050850898,-0.22196245261544612,-0.18224776469800652,0.48204556011219224,0.5974038812751199,0.10038051374042575,-0.08667084793881319,-0.18429028745825482,-0.15973543793535394,0.03972592547154846,-0.1126858461827091,-0.09986805209326832,-0.1755663865533008,0.08836302666024703,-0.06654690942959629,-0.014977695807647629,-0.12891151727985262,-0.05320662401476006,-0.023604717748330784,-0.22209453579899102,-0.03754956776994933,-0.03772315606585813,-0.08322492281973498,-0.03757504166013936,-0.0640876190025561,0.16384907771266266,0.5272528403273631,0.4200467455198041,0.29918965377528023,-0.07040489792402493,0.41459402323727784,0.2836239409449954,0.0,0.5108488672455531,-0.01888385906429585,0.4692366056861933,0.05939987081388215,0.009787836362435576,0.21968921768812721,0.19095721689084993,0.07584911898228947,0.2028838684604147,0.17253318119676214,0.4644917205203253,-0.04491355312292783,0.6424903532131834,0.4521248091858955,0.6990812844405746,0.0,0.0,-0.08045760881408026,0.6095400377974802,0.6637638771073553,0.5699709318117013,0.13181739614095866,0.3123401614221924,0.5670506858094362,0.28838345515942254,0.09305198921623725,-0.10028896524968622,-0.23582015989468746,0.4870384816596608,0.039700307370770294
0.1006380921915645,0.15328333538423033,0.5621148390637728,0.3141040576898466,0.19773013253666352,0.1168757499424447,0.21030805536714536,0.5662799455853921,0.005686053851248485,0.0,-0.05384877019164985,0.23126704211238822,0.16243738709419092,0.5934100562185795,-0.11724416631184958,-0.017824997312527346,0.3584218882067388,0.12617123840121458,-0.21517901596770617,0.42974482630034166,0.31908329416108716,-0.19691130096855786,-0.10803007783449403,0.15448541794861073,0.417210815379946,0.33703540620197614,-0.00197090476125511,0.29731975696984464,-0.028473828058928286,-0.03079961940201692,0.2960483950371791,0.09630128167409024,0.22297927048641641,0.2528467048191968,0.27301148039480144,0.5367736095103093,0.4044837268442326,0.2841601277692918,0.6891328810173811,0.13949474276640325,0.22993081850727926,0.39640653589978253,0.28905051539667626,0.30035889597440013,0.13467154891589395,-0.06532157064879218,0.0860471079865901,0.1526782086571994,0.4748008795022008,0.46280719424076133,0.5349772782174369,0.46419835141202037,0.5671996946388426,0.23193287802140927,0.08841243324198234,0.41762992207215055,0.056190215955230716,-0.07581158370051294,0.0,0.9064826700026278,0.26027553865739494,0.2833689256295593,0.28590975613417524,0.4811329580373992,0.4736292175436754,0.5743410117222865,0.34143660143889243,0.5601656400499988,0.1888453674186123,0.37452790392048463,0.2645592195764235,0.560718928019615,0.10587499290805608,0.3994572204880317,0.0,0.2666711138429037
0.4241616203249215,0.32452156810599403,0.02362239252778514,0.03876757384151536,-0.06731996156527309,-0.06228847263507048,0.09702515942396733,0.33570062462437394,-0.06533277849090083,-0.05384877019164985,0.0,0.6001685813057489,-0.013849341699866125,0.3649494643556323,0.0,0.518445180988391,0.5837514544307078,0.5930651527644917,0.17506853411435014,0.45802079607998636,0.5462129681232437,0.3837903032259322,0.3515611095307164,0.5669872040380731,0.6100611831864529,0.6319819234870957,0.24076646459182163,-0.07141458012011381,0.4144324571572129,0.5462130918920931,-0.12426278793646262,-0.04152037726746666,0.5436488978210392,-0.013446974546456936,0.566757428234375,0.2653772646807853,0.15185494344640477,0.6429350935556905,0.243664381389172,0.5617194328045274,0.5247686387973843,0.4526703113464973,0.629239074117819,0.5750014584802183,0.18719497508533436,0.0,0.0,0.3913398787186042,0.477983330526906,0.20297044255958518,-0.001670583211181187,0.5091676171676857,0.2589608860470638,0.6575716162629718,0.48693933900551,-0.03652054815059122,0.3830020265747619,0.5628689872829578,0.6395489864450312,0.0,0.0,0.0,0.0,0.37384023902664226,0.3495630534808509,0.0,0.6746889930759395,0.061569104897274296,0.0,0.0,0.9418795718050554,0.10714599497746591,0.4858020768009166,0.3620313063319164,0.0,0.5589969616487465
0.19243940253726138,0.3440200131997946,0.5532149694301235,0.3098126593338455,0.5157828202652097,0.11612398840057586,0.4034955899437448,0.7036794146593617,-0.08235891492863306,0.23126704211238822,0.6001685813057489,0.0,0.05229233146537504,0.620934446134553,0.4061814006137076,0.07501840445156432,0.3893228537473286,0.394184102880514,0.5754630002100596,0.5561985155452376,0.38290897853164846,0.4577552646337577,0.03898021264562168,0.19411320796287893,0.4052498073110563,0.3558310942873318,0.08356413219475967,0.2949478670989353,0.16639064956309385,0.2993235626714703,0.305251031566701,0.3209437527692159,0.4413004399673934,0.5385023473713291,0.37202355304194057,0.2679607994606349,0.37540236000068083,0.18089241334749212,0.5584670988048458,0.3195341227330821,0.42039473479915423,0.6489908949916107,0.44013557594066266,0.45569359195813036,0.4628509328871638,0.5247707543936633,0.5594153382365965,0.25356713510209355,0.19375782398415364,0.29099159073443404,0.3523310462432232,0.4836345335317095,0.25551089148038375,0.4160874597013176,0.1513638607457406,0.23368047150560267,0.31938387825775744,0.5174138093185234,0.7257977134873577,0.6557524257421419,-0.059376022097418324,0.31282051834948965,0.37536342255524646,0.34811255714060113,0.7853373876937964,0.7697071441067115,0.4452819458262801,0.4828848087246964,0.3302171277444841,0.4527659814110311,0.410201262467458,0.3222485415474032,0.6273643796062254,0.4915095891195661,0.0,0.4153097575481003
-0.260266908486045,-0.18926222616030186,-0.0690529161658151,0.43915839541176627,0.39103624274493526,-0.18024855142011748,0.45555634374089876,-0.19272901876111603,-0.17212800635436187,0.16243738709419092,-0.013849341699866125,0.05229233146537504,0.0,0.22042848306771562,-0.21892884235197235,-0.28173111753339375,-0.09139426268048229,-0.28129690714978467,-0.0329965259860886,-0.17420274603010394,-0.19691398079888184,-0.21606683243320596,-0.179301765888355,0.022689167913505337,-0.28176410142489255,-0.3556770552236999,-0.18573877291670432,0.14922267850196577,-0.05478413514914027,0.09266963951334789,-0.07338550147165557,0.16334643508913121,-0.16655324869676819,-0.06095599542822688,0.011753558634681083,0.47590201515027897,0.4022557491338371,0.20791060993204458,0.14373570236296276,0.4936832633220024,0.29074720707672874,0.4300349989531802,0.5586185538532323,0.36579825216999456,0.433644308337418,-0.39455253681795843,-0.21574842486204526,-0.011995652052847638,0.0,0.6735042565568015,-0.09219390300726216,0.011747708364801102,-0.0713203042381208,0.028534936782008913,0.5633789536775383,0.5119703537162476,0.502570874751169,-0.034874484254967364,0.3857366403624858,-0.04063789029953874,0.5390005307574544,0.4013201784193121,0.560229699364419,0.6113362778122192,-0.04406772144993143,-0.29309078554425394,-0.14658624000485865,-0.03660932009933476,0.5199783356086224,0.5531757484170221,0.5870515759256361,-0.04611926873108424,-0.05190344194472879,-0.10208001955446133,0.5561904021739913,-0.06600715583024513
0.4956883537958866,0.49182735356474216,0.25091435807752227,0.3671036588707013,0.44211971163652386,0.5990601455960394,0.2893922385865047,0.7040781403027341,0.12411649050850898,0.5934100562185795,0.3649494643556323,0.620934446134553,0.22042848306771562,0.0,0.5366849528643578,0.5618900621609323,0.5005633321478855,0.4755692053570867,0.17283582260171843,0.38983063566596693,-0.04705675093133593,0.27546271369116837,0.29950299901268695,0.6606687534399445,0.4962830497186457,0.4851335841106277,0.6401348976884897,0.2304155337847135,0.3952119402125544,0.8107011769682269,0.5103995407648132,0.18979227500233883,0.25456015342207955,0.661418014869352,0.30715208471299954,0.20467421787968587,0.09849161344030369,0.3890406585224274,0.6879559915404763,0.0,0.7093668139645419,0.8484611765190109,0.5818413611066954,0.47513721787379953,0.0,0.0,0.0,0.5388777141761201,0.0,0.4924450078497984,0.44652512177554476,0.4213598267915738,0.5370820399092907,0.5076028960700586,0.0,0.5494092653311327,0.4117874007835818,0.7543923198109285,0.46045453777711154,0.0,0.0,0.0,0.0,0.5142568250910428,0.0,0.0,0.0,0.6048723051777599,0.0,0.0,0.0,0.5163876157873613,0.7441951801584414,0.0,0.0,0.0
-0.15141613831043563,-0.27030363488293396,0.34647990364568315,-0.18191587075868437,0.49004108110305006,-0.18821316758148499,-0.26824919552950577,0.1878391716392056,-0.22196245261544612,-0.11724416631184958,0.0,0.4061814006137076,-0.21892884235197235,0.5366849528643578,0.0,-0.2709187571081356,0.4669554572776945,-0.17829796560847821,0.0,0.30386729926668493,0.05506406604974917,0.3207587959043925,-0.01909063254887089,-0.04989504470866041,-0.18096023629775648,-0.009165237803916593,0.13230957538321414,-0.14475832380704529,-0.10645035313651635,-0.15125072295193792,-0.1950240982258863,-0.13981523515470695,-0.15999278345050666,-0.14878009599288006,-0.2292333015108165,0.6402022446882099,0.4760585256625933,0.37737755895486724,-0.10992875163743837,-0.024166112349349622,-0.16331540709150083,-0.158949744548671,0.500675560430393,0.6226549699464358,0.0,-0.5306536067466525,-0.25578754041706075,0.4790159006295952,0.0,0.0,-0.0967555426532341,-0.02040727881351012,0.03031541249213565,0.5485975274735034,0.0,0.0,0.6736569217979168,-0.059877479303580616,0.47924177726150474,0.3479157413678404,-0.19901866470242535,0.6199615794991329,-0.5160671821219143,0.0,0.39784569762037214,0.2578357155682831,0.3147877286381068,0.39939027422238244,0.46808457276747284,-0.2239112137005294,0.016435257928778757,0.27033128494060654,-0.05408538520842082,-0.10579930695480388,0.5535573111174708,-0.08872894005157994
0.02374736132706251,-0.08418593992642581,0.4369637507617544,0.12286401680885702,-0.2927182445145918,-0.22477915903571155,-0.21058553919389794,-0.36939721231510536,-0.18224776469800652,-0.017824997312527346,0.518445180988391,0.07501840445156432,-0.28173111753339375,0.5618900621609323,-0.2709187571081356,0.0,-0.03756033702419048,0.2802518711782431,0.45866543936530446,-0.23997584173932565,-0.26394137237281934,-0.12626725511547476,-0.3314001472195236,-0.02326810752902403,0.1264080206710002,-0.1497266900620161,-0.26662430474172355,-0.19588707544591594,-0.21960334762264472,-0.2007423308054736,-0.10622732767710036,-0.11230369983850413,-0.1381715215500063,-0.17487178722278274,-0.2773240968858598,0.6152275054203762,0.37698244930165825,0.6111181787301823,0.0733437348818266,0.1545411063320106,-0.030068264317995252,0.0055078953639367545,0.46704466995985283,0.0,0.0,-0.08761030638264022,0.14005878340154776,0.0,0.0,0.0,-0.1410366261982674,0.6009138629845349,0.8328953089159948,0.0,0.26502671114908416,0.0,0.003968806102847666,-0.2454878597419507,0.0,-0.22625999852402945,0.18080328100916165,0.16176856186538735,0.26097505170792235,0.0,-0.1744943176452538,-0.33134449344754924,-0.13685305976324763,-0.2123394650449057,0.45355785194057474,0.2937872638292526,0.16303483116556255,-0.1856660217477375,-0.20016774149830158,-0.1808246740277331,0.0,-0.08190134150802969
-0.02561166155389416,0.6298528874821789,0.6076955877968775,0.5436409400039275,0.5928781963867407,0.5491535903918828,0.5981248479362367,0.4807725698505281,0.48204556011219224,0.3584218882067388,0.5837514544307078,0.3893228537473286,-0.09139426268048229,0.5005633321478855,0.4669554572776945,-0.03756033702419048,0.0,0.111857655897728,0.6496980511611352,0.4859470115632065,0.5174146453314912,-0.2674023541619023,0.498593350915703,0.17307339465614818,0.26703132127115187,0.12738314484691826,0.5621045473769933,0.39319349109871243,0.3715953302691213,0.5202130348689897,-0.020780450003212936,-0.23453973890384072,0.07381226703882815,-0.025122536781620797,-0.16172029086660084,0.6272703580151078,0.2564535365287097,0.24141267624653998,0.4100690415722998,0.28327744603203875,0.08870581776489886,0.5476308152958751,0.0,0.0,0.45627875061476086,0.6707382827950223,0.5506359878951597,0.0,0.0,0.0,0.0,0.0,0.0,0.0,0.17492421997113078,0.0,0.11236342259031001,0.32048682242043797,0.0,0.8085030932609447,0.02037782921423803,0.25083758773026477,0.23754958301720971,0.0,0.0,0.0,0.5214911070473098,0.0,0.11331370700029639,0.38194764326382036,0.3103627010052976,0.0,0.2883094894505236,0.47776785345634926,0.0,0.24265614410292624
0.12239167860741318,0.11433578331827288,0.5243802434424869,0.4693668249495099,0.4544482307490926,-0.19333182128526466,-0.2201388755433516,-0.32797431439231506,0.5974038812751199,0.12617123840121458,0.5930651527644917,0.394184102880514,-0.28129690714978467,0.4755692053570867,-0.17829796560847821,0.2802518711782431,0.111857655897728,0.0,0.5121821501308039,-0.22030453377109807,-0.13375810271925126,-0.15433365182197106,-0.2797198274489327,0.11503571658969886,0.29959689942271334,0.0755078121835599,-0.2428319509219774,-0.1867179460108392,-0.17332651432272256,0.5669469911994816,-0.2100700051688037,-0.11011646218823551,0.052291612145031086,-0.14249172744775435,-0.12032665570409512,0.5705246403660029,-0.006775904184918385,0.10296005044789627,0.4466240384350651,0.33122040549805454,0.2187048152065084,0.2735604895897008,0.0,0.0,0.586764455311424,0.26718266574798116,0.335602744370294,0.0,0.0,0.0,-0.09674656539162002,0.548942221712297,0.8186812225855347,0.0,0.3634636005510187,0.0,0.22829477776961998,0.5228513362564767,0.0,-0.12693502566016546,0.34680122397326646,0.357978955259503,0.2800206029149378,0.0,-0.016815594003498135,-0.28629620460793986,0.1297436220361188,0.7825691652126125,0.12976266776155146,0.3370233831960833,0.34604618292018047,0.5098010826219597,0.6726225680196183,-0.04248294252403734,0.0,0.3206186467411578
0.0,0.6398431043171805,0.2525133061106393,-0.0841021923343877,-0.14411584023505913,-0.19254936263533712,0.010997486754911356,0.12100669112883475,0.10038051374042575,-0.21517901596770617,0.17506853411435014,0.5754630002100596,-0.0329965259860886,0.17283582260171843,0.0,0.45866543936530446,0.6496980511611352,0.5121821501308039,0.0,0.5556904481168763,0.44233341792414105,0.681586183738222,0.5010608176966692,0.49582974809268887,0.5353426971039037,0.5245769224590507,0.5896990257859223,-0.05324679981430963,0.5992596258309579,0.6223093931252579,-0.05755766890219366,-0.018368288035572222,0.5324768185580473,-0.009998316940707186,0.6138183378808009,0.07334420672317471,-0.10785624758975404,0.4993603136904534,0.06647167613190691,0.408322076066713,0.4226072233553335,0.205342035254053,0.22091054728822768,0.34328023670197516,0.4078512807872233,0.0,0.0,-0.11819463443222139,0.0,-0.08638398433032113,-0.3081054829712584,-0.02876065212447032,0.08884442638915091,0.701105994480224,0.9204839744487134,-0.040500652789246416,0.5497113065187004,0.48703505837938493,0.4738683149860856,0.0,0.0,0.0,0.0,0.26878387787762836,0.4770160677071464,0.0,0.4966101370855993,0.018270196911314096,0.0,0.0,0.0,0.07735831912923369,0.5960436372648047,0.4743407291597269,0.4621117590213443,0.5818332922426507
0.06370910246047734,-0.08627974385483128,-0.4016471691602306,0.5942424385297574,-0.05206677986320246,-0.18169297469375117,-0.12105052147375328,-0.17512187018493963,-0.08667084793881319,0.42974482630034166,0.45802079607998636,0.5561985155452376,-0.17420274603010394,0.38983063566596693,0.30386729926668493,-0.23997584173932565,0.4859470115632065,-0.22030453377109807,0.5556904481168763,0.0,0.006183658662924418,0.11522490432254182,0.2363666619728041,0.32746643216741345,-0.20063806268855977,-0.22517465130253972,0.3354679167675514,0.10695157613031048,0.1930781457166954,0.1550220519790806,-0.048947712050219194,-0.15084352614419672,-0.12857144957459365,-0.1617562007022572,-0.2548409795107374,0.030493595647493876,-0.22189579362373157,0.8121278219520447,-0.1076743339359478,-0.16343263278977288,-0.17392220732070096,-0.179332882096933,0.5370557454914513,0.23427272615361572,0.20502419333077077,-0.43738290982419686,-0.18010689618827996,0.48422219692923896,0.0,0.0,-0.10051570483909777,-0.2647248094997269,0.008317084255214657,-0.2531337482008915,0.9394341389090128,0.0,0.5701837945900257,-0.11263193272007027,0.0,-0.08081887857595305,-0.12682929682453775,0.4688559704320833,0.6150856359309362,0.0,-0.16465727462813934,-0.004472302980412457,-0.01707511931902783,-0.02863257672878866,0.0,-0.08178705430211669,0.03824366427538828,0.0004678859100459287,-0.06202931117541716,-0.13374135545907684,0.47905423589251184,-0.18231523224459956
0.07134911173214148,-0.20677684127749008,-0.015363615871857306,0.4208028371607726,0.48964465852604144,-0.1354285624238129,-0.12153836643540034,-0.000725578348083622,-0.18429028745825482,0.31908329416108716,0.5462129681232437,0.38290897853164846,-0.19691398079888184,-0.04705675093133593,0.05506406604974917,-0.26394137237281934,0.5174146453314912,-0.13375810271925126,0.44233341792414105,0.006183658662924418,0.0,-0.1871247398423106,0.020846843188951525,0.20053654299393855,-0.18157071874380648,-0.2179742949796613,0.076046974322803,-0.15834915115702308,-0.15275013139178617,0.5057932969979272,-0.20612796510735848,-0.15450869253983046,-0.11956932012870453,-0.1463968106928436,-0.21886327583212895,0.5209186108833342,0.33448042190458405,0.5661813825776711,0.041909516433713045,0.06571874925674298,-0.13551931079525603,-0.05527679275950692,0.5620571541457301,0.0,0.0,0.44686503485083096,-0.11087066881154056,0.650313802361538,0.0,0.0,-0.1564336487749856,-0.3789490719449484,0.4612990403946352,0.5235455868140245,0.6145288293354729,0.0,0.7527492562975301,-0.1679303300547626,0.0,0.003570537260772333,-0.11167415553234089,0.0,0.24021862977799172,0.0,0.050036395467783434,0.6606096227736042,0.02676833090384234,0.0618202523161101,0.8300974271131702,-0.0028842885233226756,0.024379619809214215,0.029635119039732316,-0.1078653756313015,-0.018740779782255634,0.45134863086910515,-0.0652675956751243
-0.22695072646373543,0.08185234009453601,-0.2836550914286465,0.5485275236998562,-0.14632170251680876,-0.18629101761803163,-0.1846543571280943,-0.2008692556913067,-0.15973543793535394,-0.19691130096855786,0.3837903032259322,0.4577552646337577,-0.21606683243320596,0.27546271369116837,0.3207587959043925,-0.12626725511547476,-0.2674023541619023,-0.15433365182197106,0.681586183738222,0.11522490432254182,-0.1871247398423106,0.0,0.3268440989438008,0.2732223886612757,-0.1283066113685732,-0.325959523552125,-0.0603377254270307,0.16398069171539986,0.04529445074100022,0.14675851576318116,-0.26531703737795453,-0.25046933263194043,-0.22875696902011622,-0.26613167766593915,-0.370861717225926,0.6290839752746756,0.6752995148969216,0.6079002589482172,-0.14532310953125577,-0.1773962477553469,-0.2433557763206941,-0.12390543512743141,0.5102637272991621,0.3580813815871463,0.24765305845623253,-0.24116471433787467,-0.22811521819076636,0.5870993861174583,0.47663332666058594,0.24279429342700592,-0.20907549323832197,-0.2613410062352681,-0.07855092803867625,-0.25447826601122164,0.4038967313647652,0.0,0.5385358766877211,-0.15582150480272966,0.0,0.07366955596009683,-0.1792419579723517,0.41524763010586446,-0.18240559782773286,0.0,-0.16154373027449664,-0.1343343753394688,-0.1336165182334873,-0.04473600199481398,0.7492619752919774,-0.14488164125338227,-0.18195176243995015,-0.16171135315519386,-0.2052298153182069,-0.19328602509098192,0.5569871703578788,-0.2192027413903916
-0.08322640937180037,-0.17998633501826267,0.32100210822755687,0.02941333359662701,0.04023745406537321,-0.2230806019534623,-0.08294549772403081,0.011840401095893793,0.03972592547154846,-0.10803007783449403,0.3515611095307164,0.03898021264562168,-0.179301765888355,0.29950299901268695,-0.01909063254887089,-0.3314001472195236,0.498593350915703,-0.2797198274489327,0.5010608176966692,0.2363666619728041,0.020846843188951525,0.3268440989438008,0.0,-0.054709655252412975,-0.27038370711943266,-0.26389373191598714,0.21253440208168628,-0.14708713262518047,-0.18820364866616462,-0.1666988933211197,-0.13768326672546383,-0.0970744213268615,-0.1822029018467753,-0.18999718249990066,-0.13441254444478218,0.12147121419148715,0.15291070750542324,0.022903374181671904,-0.021344018118906072,-0.05190491087547239,-0.1055598361882728,-0.03576405910546826,0.2441818315050841,0.19853185078287855,0.5461698447993758,-0.306631607352052,-0.27432090373302365,0.36439751203902976,0.4641793630073574,0.18249157229545282,-0.021386084988738285,0.07021890324903807,0.33844698637506737,0.2628259547691257,0.6310704595466946,0.46534781244717294,0.4276307920658574,-0.0031758358254940777,0.22124912253161125,0.05442294575216311,-0.2329816082379162,0.47362921754367593,0.5746197514482183,0.4361036936871374,-0.017734925192651407,0.08607145023913443,-0.017905493439068887,0.40058826000019926,0.22088966414761188,-0.12359635988268008,-0.12094941571747214,0.02923236309577315,-0.0719025200699745,-0.03944004398051565,0.6508194623436113,-0.046317743136583545
0.20076292133914014,0.04726664290352883,0.4036936355597944,0.2286775578974436,0.542100601006041,0.0959787591872577,0.5204756189081614,-0.08872686405337296,-0.1126858461827091,0.15448541794861073,0.5669872040380731,0.19411320796287893,0.022689167913505337,0.6606687534399445,-0.04989504470866041,-0.02326810752902403,0.17307339465614818,0.11503571658969886,0.49582974809268887,0.32746643216741345,0.20053654299393855,0.2732223886612757,-0.054709655252412975,0.0,0.216629632735784,0.1860357487481827,0.08008875926742864,0.2512028620940124,0.28850406095385034,0.8134239260480012,0.07891226818493446,0.20659092343547036,0.2982359273908598,0.3335981135693661,0.26690785029242037,0.2177557351033206,0.3436298547652441,0.18017213498185783,0.723164847848532,0.6139403156738147,0.4394584840601665,0.5330463555172134,0.6144876644316397,0.33556605160229036,0.19241608278222216,0.24991333399363186,-0.14227514696538013,0.0,0.0,0.47467108135423197,0.5874397843551499,0.30252738195158474,0.0,0.01594174613349717,0.3047661380782728,0.5319004196453719,0.3185521343589153,0.4674869110636558,0.0,0.253872599291706,0.0767511418507279,0.23932045630383003,0.13731841960660612,0.4618931530629762,0.36219897934408335,0.48117605121049956,0.1904965211673199,0.8270952761749719,0.31824471837818546,0.3202414106481116,0.3614510711268883,0.5571459995433421,0.6952140004539551,0.5951685732956017,0.0,0.3304148117988204
-0.009228456508193206,0.2585373051290353,-0.1550634006856761,0.8762582593028467,-0.15872570800209967,-0.2019710208934224,-0.18551039861584162,-0.26250553149214845,-0.09986805209326832,0.417210815379946,0.6100611831864529,0.4052498073110563,-0.28176410142489255,0.4962830497186457,-0.18096023629775648,0.1264080206710002,0.26703132127115187,0.29959689942271334,0.5353426971039037,-0.20063806268855977,-0.18157071874380648,-0.1283066113685732,-0.27038370711943266,0.216629632735784,0.0,0.049962748722936184,-0.2181979079956805,-0.23686281174576196,-0.17085542762420464,0.4468045467670513,-0.007866746154827575,-0.06180424944206411,0.1869668500069458,0.01653361436312245,-0.11395813264571197,0.5443020953402953,0.5879809421409106,0.3439171715626893,0.34877153481463635,0.3470058960887892,0.20538543128643724,0.2647216839496432,0.0985759633544141,0.0,0.46713181571826506,0.17546963559436968,0.28549173127016836,0.0,0.0,0.0,-0.08005461900341104,0.544679666002629,0.7035933206765379,0.40821716236511085,0.30613389996161156,0.4752174938184111,0.2896357469939096,-0.09734011799419562,0.0,-0.10960065000283609,0.27050748450788636,0.3027634112924207,0.27863029487786517,0.0,0.08031294548577478,-0.1382912957508584,0.12306914840867567,-0.1420544927607848,0.1100070960008338,0.32930628066399426,0.2965526873644435,-0.10583995477683084,0.06323216410471277,-0.09689875048193863,0.0,0.24469725853711982
-0.09018153958614467,0.012020243352754811,0.4879544520193918,0.6311442139078557,0.5022538429474954,-0.28512285344210486,-0.29946673588901135,-0.26947711015525777,-0.1755663865533008,0.33703540620197614,0.6319819234870957,0.3558310942873318,-0.3556770552236999,0.4851335841106277,-0.009165237803916593,-0.1497266900620161,0.12738314484691826,0.0755078121835599,0.5245769224590507,-0.22517465130253972,-0.2179742949796613,-0.325959523552125,-0.26389373191598714,0.1860357487481827,0.049962748722936184,0.0,-0.21510492598525977,-0.39858606134523694,-0.32268780014451814,0.42810596610394236,-0.2924221546467909,-0.2736111601217323,-0.16559735507735968,-0.24660335860700378,-0.29236583855537557,0.515895638259178,0.5108689409972191,0.29689141701724486,0.145500360178632,0.15613962514815205,-0.04889300506752442,0.022828076621868032,0.2087127473158401,0.5499272966043565,0.5259406394253017,-0.03366782739880242,0.03376663621968978,0.6699184635566022,0.0,0.003064935372915534,-0.20309909500145001,0.5855183413870082,0.5335619939993135,0.41191482712238126,0.3042232916023142,0.0,0.31670675866358033,-0.17614573411802303,0.0,0.018976575915479965,0.07437148206156569,0.32133894896545045,0.1568583665890083,0.0,-0.153777518920367,-0.4171099064818545,-0.0870724441287633,0.17283079885187339,0.2361089161492602,0.26907045284239506,0.14925705402422157,-0.09491741259647629,0.6298205931696665,-0.1899525742898746,0.48609517696204163,0.10592494269611019
-0.14509930939947485,-0.19478794920374715,0.42225629096315587,0.1797217533643824,-0.005941312833995072,-0.22021432546681524,-0.11707733531535486,-0.08169233202172826,0.08836302666024703,-0.00197090476125511,0.24076646459182163,0.08356413219475967,-0.18573877291670432,0.6401348976884897,0.13230957538321414,-0.26662430474172355,0.5621045473769933,-0.2428319509219774,0.5896990257859223,0.3354679167675514,0.076046974322803,-0.0603377254270307,0.21253440208168628,0.08008875926742864,-0.2181979079956805,-0.21510492598525977,0.0,-0.11874238355036637,0.10377764275091103,-0.11426100064648442,-0.14575317790606118,-0.07182132929775104,-0.13865077359791583,-0.1717430429520504,-0.19133411929511918,-0.1206447897683372,0.1187390093176246,-0.05457445901340441,0.011034863065951861,-0.1301175537240774,-0.055797848329012245,-0.009127410483466658,0.169168904410688,0.22010466353727776,0.40251050871275557,-0.2965553694001172,-0.17860850005256845,0.057143386715142075,0.4780003740974701,0.06261680508380657,-0.06929049174592178,-0.019267301730793163,0.1103470916909946,-0.07566368461850459,0.7057523681600446,0.6899810585797437,0.3624709823623411,0.015065424631051982,-0.44216882078726516,-0.010914349863961614,-0.16166452714398333,0.0,0.4550580013326299,0.15758587186979556,0.0037144489450506857,0.004989896857377107,-0.17617934871122387,-0.010745958321829896,0.0,-0.10782897762917698,-0.17651940636197666,0.01930934503958759,-0.0357647296599366,-0.008530591576869806,-0.1949485757536919,-0.11431569015065968
-0.18889627980944146,-0.16722427175338778,-0.01722271569339129,0.6217352008668203,0.3305337062841015,-0.021870833623768016,0.34357898097450934,-0.1703159413297708,-0.06654690942959629,0.29731975696984464,-0.07141458012011381,0.2949478670989353,0.14922267850196577,0.2304155337847135,-0.14475832380704529,-0.19588707544591594,0.39319349109871243,-0.1867179460108392,-0.05324679981430963,0.10695157613031048,-0.15834915115702308,0.16398069171539986,-0.14708713262518047,0.2512028620940124,-0.23686281174576196,-0.39858606134523694,-0.11874238355036637,0.0,0.17131639475508686,0.23508941804749964,0.251825159625623,0.3925213181301648,0.1396985329870314,0.11994701023497101,0.45884918680180065,0.660683042391885,0.7372517517468173,0.5905563593483198,0.05661867304714999,0.12464121487492064,0.33273363488315855,0.32585475876699477,0.5577341573857327,0.34935765600887236,0.6289090741320498,0.6149613501092981,-0.13705296709915937,0.1968134065656143,0.0,0.680282230134375,-0.0008909313458298485,0.062362763873799354,0.07380591069943976,0.0806110908327104,0.6594656587442262,0.49078383536750086,0.5122794499501497,-0.021151693806332916,0.3497594947149693,-0.028425086606377825,0.4484980791940383,0.20267965753749417,0.5816968977536869,0.688724320567512,-0.17766226957249986,-0.2840248535951,-0.13519351111136912,0.005237148038787609,0.5406497508180298,0.6371437211301703,0.4941067763937837,0.06407565065438053,-0.07296864512899426,-0.10887695959634441,0.5296727424213499,-0.0237170471074048
