0.0,0.5269243357653115,-0.0616945463335504,0.0,0.406437662341924,0.38423275275851954,0.36469264138542257,0.6864262993653931,0.4436705520177824,0.5931720336275068,0.4343943563822321,0.6621522152683125,0.5027181528809201,0.5029652447156067,0.29499474142590065,0.6492504677551497,0.1874403491673976,0.3159165947207779,0.0,0.4309332325193043,0.5423045454614459,0.41617198275151157,0.4808634910143619,0.8117769861056117,0.30002030917772005,0.5231653913144645,0.403718045659361,0.3189622782436583,0.38584693953421256,0.6502211694794255,0.5181219337581342,0.4717159334878037,0.325091846349895,0.4432826257789754,0.30557552804889726,0.6415917082277622,0.5006318622788921,0.5125760644676471,0.385570076490805,0.3183851964401832,0.23806346625392538,0.5703301018043245,0.4693715949472663,0.0,0.4646328690598492,0.37155639727555034,0.5364699387930649,0.0,0.0,0.0,0.5022587827451737,0.0,0.5957237476689435,0.0,0.5711892249489734,0.0,0.5698208779100138,0.7206905691727,0.0,0.571815048129013,0.4274987922830904,0.2888392354670081,0.44972338161833786,0.0,0.47788799650532965,0.5494881117660604,0.45819526374946007,0.6487600866259478,0.6133908430017683,0.5198523746557284,0.37910251309797116,0.4640860411673182,0.38789413430706554,0.5657809092512385,0.0,0.41022126831633726
0.5269243357653115,0.0,0.6137097314488373,0.33731120103863405,0.42534996201223063,0.3984117449344094,0.505491203111601,0.7256728655358622,0.3871787467803958,0.4749914422224313,0.3235468131570296,0.4191838053525722,0.5309868900378814,0.4991056250107528,0.36296750876752704,0.4558570978627856,0.6125032613830663,0.48538787529328453,0.640934561020561,0.5770108526938713,0.40914480158927646,0.6197496685841141,0.4562470343485255,0.4495115281736072,0.19385575660117013,0.44043560435716844,0.3484447876568312,0.5994768085260073,0.474852729191619,0.43369004127484995,0.5895863114078106,0.39290404022453823,0.2670537942601281,0.518115868347613,0.43940820517806867,0.4618941813447631,0.22640298719111757,0.0,0.40133943200167543,0.54981915631541,0.3731691163600884,0.5294600102836404,0.632710736749895,0.0,0.0,0.441087101847583,0.53928608149046,0.04453035024594455,0.0,0.0,0.5189798774227224,0.5064678025136021,0.5626902484749948,0.5670747039195934,0.6141051493495695,0.0,0.4456251584744908,0.5780796940013284,0.0,0.5428384322432372,0.5232152299086598,0.628791026977826,0.5757634631959028,0.0,0.4702675891239596,0.46599016714482844,0.5503978964905185,0.4545166571611402,0.4414757154517067,0.6093736511067228,0.4782435861205951,0.4608967003247858,0.5150488033182531,0.5705874926795292,0.0,0.5546191685783898
-0.0616945463335504,0.6137097314488373,0.0,0.2308023782892661,0.47030987648059813,0.385322252823574,0.5243494633821261,0.4771325013794053,0.4604143094180022,0.5704642610110962,0.4281620320643518,0.5797589003892526,0.5924827252630763,0.14498020602016548,0.3419630475674502,0.44016652479251783,0.6170928880150828,0.5206406293811607,0.566279044242101,0.39078996450464454,0.39098646785169777,0.5939517748882635,0.4512951615219336,0.40282063008872293,0.518030865186984,0.36518813341303624,0.3916649297986825,0.6686934740161834,0.5277829067284343,0.6439953049710864,0.6546201783908513,0.5550139933634959,0.24957607251174702,0.6331985964491241,0.5033514652126592,0.40116223499027115,0.5610600376503982,0.48766947317812426,0.6412033940073311,0.49453337927521035,0.36710666549373583,0.036833883702506065,0.6636436135571946,0.6811818093973024,0.0,0.0,0.20151863612006665,0.461203666732825,0.47755570739965814,0.443800504590929,0.512001525297847,0.553511861561445,0.585770090603157,0.6921480290274246,0.37013397433528605,0.45016944594668223,0.47091886057579,0.4718431820635012,0.4995168575923119,0.24650819697608206,0.0,0.0,0.0,0.44097960881363973,0.6366670834922249,0.4447829885898343,0.10226934978881315,0.551261461437303,0.0,0.6335135273039703,0.3511637728894341,0.570314041016621,0.505341541099156,0.6172284383487459,0.6846245898865073,0.4115839368205729
0.0,0.33731120103863405,0.2308023782892661,0.0,0.22273673721365073,0.4088431990355489,0.42257559643626375,0.46790072941408123,0.5841734014810103,0.3065265627028393,0.16710846902719878,0.42231263442777967,0.5190021896699704,0.37954086543798377,0.6100221083516786,0.11131938781769479,0.5523451599515945,0.46789791987099855,0.28839956133490585,0.33439860182959724,0.41422740052509527,0.35591187894030857,0.24576958717134723,0.23546358768553666,0.8763551223368036,0.6225548678021777,0.5002218944095616,0.24448365969782113,0.46226347395362866,0.48480526668640955,0.483463780700697,0.11268430093552095,0.16786295189828712,0.24647935888780448,0.2565253153911077,0.33834604729847984,0.2882857444316095,0.2928347795098275,0.19496780532524055,0.29646448910770506,0.37986288827933695,0.2906549740600417,0.2283894102085468,0.23915331947381752,0.0,0.0,0.0,0.4005250657103026,0.0,0.0,0.5965942990844368,0.0,0.46471364852572156,0.030656652462602924,0.0,0.1777713942201029,0.6843304085421362,0.4526976989349577,0.0,0.0,0.0,0.0,0.0,0.0,0.0,0.0,0.47595009176651093,0.5923185502143169,0.0,0.0,0.0,0.5086593454131894,0.5446632960530806,0.5837709459470664,0.0,0.0
0.406437662341924,0.42534996201223063,0.47030987648059813,0.22273673721365073,0.0,0.3603515448413986,0.30530005435670365,0.45102204653140054,0.38843114989622135,0.6905147839867374,0.3366074641805945,0.6575902947456631,0.7199269201142843,0.13729687459695683,0.4909262640169151,0.5631153488005218,0.5896189364614783,0.18687049887380194,0.46060592711485604,0.4710698342338823,0.4970748441741458,0.472684884190698,0.390389128455904,0.6223186715958107,0.37520919163609634,0.4165518912926846,0.35676815251506283,0.7462017218461023,0.5103731828191015,0.5035925677890687,0.5780176071636178,0.23062675627937904,0.39357502183677906,0.6211846368150082,0.28081148183612614,0.37142924968470914,0.6333653637091343,0.5369036904218226,0.6970021791437595,0.9672071562236952,0.5641335945197506,0.4022443747413828,0.5392883689378672,0.662544392209135,0.2544054011201144,0.0,0.4212554102652345,0.6826889805122425,0.0,0.5720758536353112,0.5588325962268267,0.5489143188120067,0.5660672987061077,0.6344174265415239,0.0,0.4320621208406151,0.3502439421428548,0.508804371770345,0.29169610236499444,0.2544279605574963,0.4573657481223924,0.0,0.0,0.6450449019524214,0.3155637657862319,0.49609139503132305,0.3690446809240293,0.5657699054480458,0.0,0.495011707116642,0.5643321540615309,0.5416346444802185,0.5107214870989295,0.3093827890205658,0.0,0.5135100562730673
0.38423275275851954,0.3984117449344094,0.385322252823574,0.4088431990355489,0.3603515448413986,0.0,0.40642302831137056,0.29527909426165644,0.3383332767677635,0.6192420393682734,0.4654705809615498,0.7133456830779139,0.2986085339875294,0.1843053474463215,0.5504921080274774,0.5905877160741022,0.405909456657746,0.5266070813627568,0.7529536275709698,0.3920787649855105,0.42202642778784605,0.38810525841029087,0.32274667043467775,0.3616878991239576,0.32484440104442824,0.5441059568918731,0.439278198438904,0.5277889324549898,0.4625969743223476,0.5884934404414517,0.452258875291358,0.34244516286840465,0.5546407303273988,0.4748082227533293,0.28594134465929416,0.6028594872393374,0.5264285245415139,0.4587734241368099,0.4238743080488987,0.2878083924171796,0.25691616518770843,0.17879655158020408,0.5787428674612622,0.5299126031555841,0.19520236158848425,0.6237869887092615,0.48544870580423616,0.47245135613644634,0.564209800813461,0.38858133983943555,0.4481333855899009,0.4368838113561766,0.3760144011271124,0.5319470881420418,0.4169162292534554,0.3773937329456698,0.3431007964203556,0.40729675712748237,0.5656662352584089,0.36626354646379167,0.596390477362947,0.0,0.5311577946646966,0.4106020158773336,0.3781287638656606,0.2700433154256858,0.4619914459407488,0.42277681008985,0.5744476063554318,0.5807443450480667,0.4504049703865628,0.4162702082562627,0.40489611479815196,0.48432772167491966,0.40926124954760174,0.38957172817841706
0.36469264138542257,0.505491203111601,0.5243494633821261,0.42257559643626375,0.30530005435670365,0.40642302831137056,0.0,0.37918594265128885,0.5455786528721187,0.6212524784587272,0.4334005294043177,0.585048478715642,0.5814882163007242,0.3524831000019173,0.6369388069049922,0.5948095551124803,0.28264648351574473,0.5091178696721138,0.4885960661077,0.5170005365601629,0.42187207374165403,0.49201097465231125,0.4162088626683939,0.677786832448536,0.4111975115446233,0.5786334254047039,0.3453953800778113,0.7731485418868576,0.49385284088358594,0.42298160394978007,0.6189052081609812,0.3282510567452681,0.5894634304692234,0.4275048198993693,0.16982961903794716,0.5299096051742671,0.7126368044305774,0.6593850773594634,0.6274548189152227,0.4360936569606041,0.6636120182661083,0.4718560960638158,0.566672394587086,0.8252443537454233,0.35331372675122663,0.0,0.49823356964622023,0.43719149194657375,0.0,0.5113731677969741,0.4841684143102705,0.5034678234683184,0.39581753489076915,0.5932572964007096,0.5006616207012173,0.4849534664764975,1.3220151844969958,0.38578209997847224,0.3364851755023921,0.3230332200609198,0.606533035500497,0.0,0.5382555529671259,0.5024849768806792,0.5822507850030507,0.4854789734502164,0.5732494588665543,0.4255075363405707,0.4639954739812245,0.5244155594789511,0.4816383721761537,0.4457075409097857,0.4699018695929235,0.4406089878174008,0.7905507631199238,0.46131944957826465
0.6864262993653931,0.7256728655358622,0.4771325013794053,0.46790072941408123,0.45102204653140054,0.29527909426165644,0.37918594265128885,0.0,0.5772613840204839,0.6657633634038972,0.4708316675012011,0.7410749101199412,0.40690353159331977,0.5875159911273359,0.5452658006577247,0.7016108952970685,0.4761146473442686,0.6472084924813651,0.3955124126104448,0.39328692941863075,0.6739924838128694,0.4212329314063479,0.309818091464239,0.5069358103626691,0.7079487009358889,0.6213753674900571,0.30951859673576765,0.42661366782915966,0.42413717715025034,0.43660127762622664,0.4717112350249195,0.47453873960926973,0.4407780664296055,0.3784001074894287,0.17997871809584737,0.7051095597145266,0.6023444025721187,0.2194646342164622,0.3702052690260279,0.41439215382410155,0.2729922299140902,0.4802781518347624,0.5964539450994146,0.4491671737744741,0.0,0.5638577914744806,0.3661363749381057,0.6243839682292806,0.0,0.617542293011065,0.4840438205083676,0.35701531030495104,0.5862549425642509,0.5749694808824136,0.8234756724712677,0.4697908747763447,0.9803097771005028,0.31854075656427205,0.6167474034118727,0.6389735238285621,0.38686349070822823,0.0,0.6701217059806337,0.4502424157123657,0.7040051013222637,0.549070037311381,0.4840392739594658,0.5278020723534258,0.0,0.46895092667364346,0.4331746865544077,0.5384859041173724,0.3831273759645234,0.3836468894583591,0.5135120403396863,0.28961627065392026
0.4436705520177824,0.3871787467803958,0.4604143094180022,0.5841734014810103,0.38843114989622135,0.3383332767677635,0.5455786528721187,0.5772613840204839,0.0,0.6475673649111662,0.4680118960067947,0.6335036021176796,0.6821514215863969,0.33550966373503066,0.5971662537882088,0.7304768792182283,0.48229169346092604,0.69382517380523,0.379171777579916,0.5349395322756205,0.2949144936055474,0.48031945275538834,0.4652965489806843,0.5868028431014816,0.3696289211793842,0.6918418374485462,0.36860279656858785,0.6324340870337017,0.40915715331419694,0.6974509973238916,0.630181857573977,0.5843245683442417,0.5537439545851858,0.6518160346120598,0.5641249162378362,0.5235066426322506,0.5927942703070168,0.6838615208511768,0.38405818598435565,0.5369267090864007,0.17789941703376855,0.11270628153635193,0.6713547933658285,0.415484016022508,0.28406213228079347,0.0,0.5124621103231934,0.5947355085984107,0.4725914613284663,0.7412723910446246,0.6349155618087392,0.6386794767252519,0.6763911023782343,0.5837986125293739,0.5082563016769993,0.6032113077028345,0.36099748403406823,0.3804388318564411,0.6197797114192403,0.4475915604636558,0.6958560886450692,0.0,0.0,0.5053740028050879,0.6093993959750486,0.669752230373002,0.5703089312198271,0.6052372778373246,0.31690113309068946,0.5660279213673413,0.04926936211955055,0.5777798063047228,0.44557467050396077,0.5746342016310655,0.4896854704977626,0.5258137415525057
0.5931720336275068,0.4749914422224313,0.5704642610110962,0.3065265627028393,0.6905147839867374,0.6192420393682734,0.6212524784587272,0.6657633634038972,0.6475673649111662,0.0,0.5961368282892817,0.39638351527510574,0.6445424353834046,0.5279084759388054,0.48445658487403603,0.1328412022509804,0.5662367148302562,0.26474418920277465,0.5168460459477224,0.42728482010264845,0.6768368361009475,0.4667214424124274,0.595513526753469,0.33548091166177024,0.5394605430868904,0.5830233336939428,0.4698614251833083,0.7785959534728857,0.49183546243389425,0.4163669655104646,0.6139648562664587,0.46350205248948706,0.43437311006750956,0.5985154679530041,0.6854686610945988,0.695890613469192,0.6630273498826851,0.4401656655212911,0.3736100614818605,0.18495157525070968,0.4542419950185572,0.5429844592593929,0.2973884408471392,0.3099113065794727,0.2939022312133831,0.2815078722487784,0.52498288406401,0.15601340068249375,0.4797646047553986,-0.5024708542373756,-0.20537544354084297,0.2513401089692163,0.5674214031330053,0.23768796959748803,0.23400407569477857,0.25012832958398823,0.2177948154858783,0.5071573914134859,0.0,0.9068998854969859,0.36486169309468264,0.2838587307274922,0.36075654118478895,1.2642363242560162,0.472906166224931,0.5698410752404165,0.3380671939205507,0.5071077322197094,0.13068151584433876,0.27546217406944584,0.271777890152875,0.4378419598815507,0.4377130089791232,0.39880237547867725,0.0,0.40428305612245263
0.4343943563822321,0.3235468131570296,0.4281620320643518,0.16710846902719878,0.3366074641805945,0.4654705809615498,0.4334005294043177,0.4708316675012011,0.4680118960067947,0.5961368282892817,0.0,0.4872285550524629,0.4883188085490433,0.3577885251929833,0.0,0.5190836999821837,0.4502713791218357,0.5976272995607991,0.2519453002382311,0.45708866889087085,0.5457852502727638,0.3854855909672767,0.3094746762999745,0.5367292334526756,0.6056171473026564,0.47008064957724005,0.48657425702690843,0.4711920095396682,0.4045795465431332,0.5465759281995135,0.4924952730433883,0.31812914501930967,0.39352009982311087,0.5233975010869716,0.3440725979364064,0.5096075920038592,0.5002426266626787,0.5149307494964143,0.5655169823026689,0.5585807800683995,0.5272115688926322,0.4616113638847411,0.6139391467104005,0.5733836161708321,0.18917383901479293,0.0,0.0,0.4262499904809673,0.47621589793645597,0.47382545169860213,0.4343615691139652,0.2062160721275244,0.47100631629423684,0.6875849932973345,0.21319438303021265,0.31966041597258343,0.3925764305039253,0.17521079888531493,0.4531242324357661,0.0,0.0,0.0,0.0,0.1912973333275949,0.35285810460946515,0.0,0.6746438735849359,0.26022209515849054,0.0,0.0,0.9460316217635169,0.34865333251168984,0.20580680457929135,0.3611394658402997,0.0,0.5589069321365683
0.6621522152683125,0.4191838053525722,0.5797589003892526,0.42231263442777967,0.6575902947456631,0.7133456830779139,0.585048478715642,0.7410749101199412,0.6335036021176796,0.39638351527510574,0.4872285550524629,0.0,0.7353491259612265,0.6232099338337865,0.40621436276541156,0.46491783389944485,0.6188595321146753,0.5167163114519429,0.6049907657797806,0.551835869879055,0.6373847354098896,0.4558689667652147,0.6487452111982637,0.39072531382679554,0.5318449874632186,0.5128504700596692,0.4749267450037685,0.8600168694292156,0.6163789628323934,0.300184829455769,0.7005815994243931,0.2866156455176616,0.5042734265479232,0.7039419168189863,0.6012890870420748,0.3396728158163674,0.6173507643704331,0.36507843328195927,0.9919786577627863,0.29962511734485286,0.5303301176636579,0.5688227698482625,0.437174992221925,0.4581446455591067,0.35646221652947624,0.5070593688523517,0.5608660656206963,0.2613475689263213,0.19352314488480868,0.29224039676173685,0.3465772970303016,0.4886081126418005,0.24920751952619652,0.9027050381097022,0.26081746555877283,0.26929543084525553,0.3447189785751321,0.47803807807538123,0.7241223076850903,0.6518115224585255,0.2659361057682107,0.23017057291274756,0.39114725699571173,0.3447921821715991,0.7810848256305454,0.7706852782952145,0.4329667843006602,0.49129457336477944,0.08617339753272127,0.2729125631678563,0.2754733882645175,0.326498102741579,0.5885895765391816,0.5023519654143425,0.0,0.48624431300137483
0.5027181528809201,0.5309868900378814,0.5924827252630763,0.5190021896699704,0.7199269201142843,0.2986085339875294,0.5814882163007242,0.40690353159331977,0.6821514215863969,0.6445424353834046,0.4883188085490433,0.7353491259612265,0.0,0.41595708514285823,0.5140971074440996,0.569537779727534,0.46711511855235194,0.5370219966442444,0.5578027539240749,0.5442676499286205,0.41241452646857535,0.4883527367316976,0.43426660779404136,0.5851798697233985,0.4751772853229364,0.5777428783864141,0.4144882980042238,0.4371270862179234,0.40138128668686723,0.19327059687294668,0.46695638822742436,0.3409584195831009,0.42810900407795693,0.45181590695687734,0.3584570844923714,0.4180548043611864,0.5657609706812761,0.6172395820459351,0.5428385065661276,0.5280091893795421,0.42406754801356944,0.776682615212601,0.6593769615574067,0.3686518274294792,0.4354913885320798,0.6431228821519551,0.6533010939445365,0.5424542718360105,0.0,0.5551717953510941,0.4801227601010081,0.47200936286076234,0.42839894635749426,0.6064445558311965,0.4316399126612663,0.44383452464413603,0.5563281906522343,0.48179913851889344,0.39343870590488217,0.37979655728346046,0.43791632107290485,0.4013380394094759,0.5592134051290057,0.4354989422029906,0.44409550574571266,0.4231677937926794,0.5603094018316293,0.4789573447079216,0.4366676275470827,0.4385612402499454,0.4807830181814184,0.4834827976572388,0.5357685325137953,0.49515656763857724,0.5541198682507651,0.49426911011146946
0.5029652447156067,0.4991056250107528,0.14498020602016548,0.37954086543798377,0.13729687459695683,0.1843053474463215,0.3524831000019173,0.5875159911273359,0.33550966373503066,0.5279084759388054,0.3577885251929833,0.6232099338337865,0.41595708514285823,0.0,0.524249391924058,0.5619413974542821,0.49815157921319675,0.47680647701178835,0.24253347106259687,0.38628429645556694,0.24524181247280868,0.2737365003476061,0.1825443475440965,0.664977866152402,0.49428598898371856,0.48997333742083937,0.18172242980385273,0.1730436365374957,0.3905775280090221,0.8147355733462677,0.5130183067811653,0.06476009986967027,0.5414442230081922,0.4336982721919461,0.3186991216852819,0.0005442107510037486,0.2956530815354001,0.391971690018532,0.6888804884870847,0.0,0.7087654972736482,0.849471152124929,0.7803272249341319,0.47687991822403786,0.0,0.0,0.0,0.519458804917714,0.0,0.49361993751316713,0.44684798063299325,0.4179154236585192,0.548635029455961,0.4846464636695309,0.0,0.46488363415862805,0.41003534278445064,0.7525706179753009,0.46007899581974276,0.0,0.0,0.0,0.0,0.0022189343702496145,0.0,0.0,0.0,0.5755565648893957,0.0,0.0,0.0,0.43501104731988927,0.7482903736483402,0.0,0.0,0.0
0.29499474142590065,0.36296750876752704,0.3419630475674502,0.6100221083516786,0.4909262640169151,0.5504921080274774,0.6369388069049922,0.5452658006577247,0.5971662537882088,0.48445658487403603,0.0,0.40621436276541156,0.5140971074440996,0.524249391924058,0.0,0.47099354642233887,0.45300952297447084,0.31765156789247373,0.0,0.8186150853216667,0.5635132923099297,0.6020529907261416,0.6339502913992368,0.5202277290086388,0.29169920409525507,0.5131527450221762,0.6641371767335544,0.4293201033013821,0.4386885940375731,0.19920623081722078,0.3929935693502693,0.20509617919240933,0.36698335954685124,0.32169693812507727,0.30747971876857455,0.47040874011845096,0.37657016020430245,0.377127553432821,0.31071759852390823,0.44483334097221006,0.4490625375990468,0.44591515845680424,0.6560436932454015,0.033198304158996106,0.0,0.6484163803657985,0.6409433904528548,0.4788083462578007,0.0,0.0,0.37506929947489165,0.5601697777527963,0.581479210671424,0.5519734456327077,0.0,0.0,0.21334540838815724,0.43213719101414366,0.47791036081385946,0.5888262182176814,0.5428960789459982,0.623321626747857,0.549348350662612,0.0,0.4500322328834975,0.48099647007798046,0.7300986248656212,0.6474123995769862,0.46456524486165063,0.5502100406116042,0.4889295937560203,0.3918780020717157,0.4911492960972307,0.45250554563219825,0.5484163188038194,0.3614830602397422
0.6492504677551497,0.4558570978627856,0.44016652479251783,0.11131938781769479,0.5631153488005218,0.5905877160741022,0.5948095551124803,0.7016108952970685,0.7304768792182283,0.1328412022509804,0.5190836999821837,0.46491783389944485,0.569537779727534,0.5619413974542821,0.47099354642233887,0.0,0.2845802949256223,0.39518516041423,0.4572662487930552,0.2930160534968663,0.4878971123848458,0.5993667694320178,0.643975680643762,0.4402071994670578,0.36686094760562393,0.5337324738118646,0.5525894309341827,0.537871689044878,0.49414307298249033,0.39246485237740675,0.6522098355712851,0.32516524460658147,0.1946905791519676,0.3583030524831117,0.30973370979553666,0.6292569969524586,0.3825075773663652,0.611668453276383,0.5325402166275301,0.40682236744114053,0.438779221321607,0.5949156014220586,0.46656331701241827,0.0,0.0,0.2057928626213575,0.676528869523601,0.0,0.0,0.0,0.6422286197461049,0.7040477172143265,0.8258572291330786,0.0,0.5271079076721324,0.0,0.43075910722810595,0.6375009937058174,0.0,0.4473466803118619,0.5397537543597071,0.3055485719247554,0.4402739046200325,0.0,0.4137785574879605,0.36781564231277947,0.5420233194931262,0.6562837470145391,-0.0610354032570955,0.5698115879355915,0.5173614310114737,0.6012969743526153,0.3343479922794571,0.5397857610540644,0.0,0.4311287694841818
0.1874403491673976,0.6125032613830663,0.6170928880150828,0.5523451599515945,0.5896189364614783,0.405909456657746,0.28264648351574473,0.4761146473442686,0.48229169346092604,0.5662367148302562,0.4502713791218357,0.6188595321146753,0.46711511855235194,0.49815157921319675,0.45300952297447084,0.2845802949256223,0.0,0.6163570583362189,0.6647124106098278,0.08222751229582656,0.5314802638905431,0.36764946082086,0.16420569238599056,0.4563545472781105,0.5368423038926353,0.35957652866025847,0.5573020894867632,0.6908979459756482,0.21560155976212808,0.36690992668283606,0.6616543029377064,0.5530446751048258,0.5103723073881876,0.6613116176989349,0.6726218349013188,0.6187912375292159,0.253039235013307,0.46726036890144684,0.5539207448104134,0.41032011003587887,0.3748149779546117,0.5461399909904243,0.0,0.0,0.45845024604417284,0.6593500851322327,0.43797798535841087,0.0,0.0,0.0,0.0,0.0,0.0,0.0,0.287165874129817,0.0,0.26979502342900796,0.31746491196624366,0.0,0.8023135497682319,0.24278047359745397,0.2691691908269378,0.2284106404555358,0.0,0.0,0.0,0.5263708732010878,0.0,0.26865232614405243,0.3163021668483552,0.28830938631103337,0.0,0.2922480497224562,0.4787918559245624,0.0,0.4751707555399919
0.3159165947207779,0.48538787529328453,0.5206406293811607,0.46789791987099855,0.18687049887380194,0.5266070813627568,0.5091178696721138,0.6472084924813651,0.69382517380523,0.26474418920277465,0.5976272995607991,0.5167163114519429,0.5370219966442444,0.47680647701178835,0.31765156789247373,0.39518516041423,0.6163570583362189,0.0,0.5103096305690247,0.3275112758261703,0.577791008898994,0.4426382554152938,0.5812294015158515,0.35796569600325484,0.32922165611323917,0.33660137423850967,0.5512798331237384,0.43651680038815377,0.4442136766045286,0.3038634472856372,0.49423536282715996,0.395413057166298,0.3624698345555888,0.5548141743323995,0.4085059711423089,0.5796007459696282,0.25609064475134685,0.39704492680419523,0.48877623831136296,0.35855236696141485,0.33723252010508864,0.42286541711633474,0.0,0.0,0.5830665277164769,0.18740234833501623,0.5651960279946094,0.0,0.0,0.0,0.47067267889634135,0.5554818020126376,0.8263764394689403,0.0,0.2695098579452292,0.0,0.2581271789719481,0.3685697010268183,0.0,0.3559144706966483,0.3630205348924582,0.3526331032204854,0.3190546763578558,0.0,0.23864899598819822,0.6958455883813126,0.3817705170895673,0.7795288064475476,0.055806891028249817,0.34278761175899647,0.29070185888565364,0.5042776327745041,0.49495372231913226,0.38125933379493016,0.0,0.4340634549309193
0.0,0.640934561020561,0.566279044242101,0.28839956133490585,0.46060592711485604,0.7529536275709698,0.4885960661077,0.3955124126104448,0.379171777579916,0.5168460459477224,0.2519453002382311,0.6049907657797806,0.5578027539240749,0.24253347106259687,0.0,0.4572662487930552,0.6647124106098278,0.5103096305690247,0.0,0.5558044814296104,0.4425548644722933,0.6854527847203866,0.12482903383321711,0.42431547855500495,0.5336957230085567,0.5269168041691605,0.6843685280373438,0.5960141495242695,0.5912147929890996,0.6203029381390847,0.5743206055646711,0.48110335660287223,0.520154099242262,0.5976302251886302,0.43334026543960436,0.3292268578519121,0.42223183380812457,0.4097906696883387,0.7365889333967719,0.4064270564422431,0.4274130383111837,0.2110272937501939,0.6098142410327689,0.34413213048846736,0.4077545961480543,0.0,0.0,0.3330979587800753,0.0,0.3869283760088741,0.47992162226982765,0.4955523864426198,0.415630725057223,0.6121722920774697,0.9243074063160477,0.6406341984907361,0.3927928092785717,0.6005644326400341,0.34488903582912056,0.0,0.0,0.0,0.0,0.5876069305622348,0.4768942939547824,0.0,0.4959742237060909,0.5230575888700346,0.0,0.0,0.0,0.5031644184171209,0.5952111566748176,0.4724545759591125,0.4656596519714975,0.7004587219448557
0.4309332325193043,0.5770108526938713,0.39078996450464454,0.33439860182959724,0.4710698342338823,0.3920787649855105,0.5170005365601629,0.39328692941863075,0.5349395322756205,0.42728482010264845,0.45708866889087085,0.551835869879055,0.5442676499286205,0.38628429645556694,0.8186150853216667,0.2930160534968663,0.08222751229582656,0.3275112758261703,0.5558044814296104,0.0,0.5068680345812787,0.6146245374189518,0.5614181806795782,0.6139690181298381,0.3249655943291167,0.55916480075463,0.5649105192212367,0.6910850524607564,0.4188725458274134,0.6996720092618636,0.4277529758240043,0.25915983210013527,0.20942140407288898,0.3631197436485839,0.3969022511197612,0.603156775751826,0.6512068988887892,0.9336907394014722,0.4592202129787274,0.5110955099388947,0.512457097445929,0.3157854906109766,0.6433521683548752,-0.01516218854659665,0.20891724671455836,0.513672137098586,0.6784746967815549,0.4877695702096032,0.0,0.0,0.35333273451380387,0.3752676818054725,0.6055763765615507,0.4431051402807634,0.9394541075143772,0.0,0.5776607711496877,0.4370873159283384,0.0,0.5562194877989921,0.38354394888264903,0.46761594501365206,0.6113930634097449,0.0,0.40265715404677954,0.4370047193067132,0.6132690407947625,0.464640491082672,0.0,0.20090000257550572,0.5669514042524602,0.4380595817523182,0.3943259504540611,0.4466421886049687,0.3396963719395246,0.3628609950398981
0.5423045454614459,0.40914480158927646,0.39098646785169777,0.41422740052509527,0.4970748441741458,0.42202642778784605,0.42187207374165403,0.6739924838128694,0.2949144936055474,0.6768368361009475,0.5457852502727638,0.6373847354098896,0.41241452646857535,0.24524181247280868,0.5635132923099297,0.4878971123848458,0.5314802638905431,0.577791008898994,0.4425548644722933,0.5068680345812787,0.0,0.34658640263597973,0.3603797342258289,0.5011324206341259,0.5332929475931592,0.6698597339707211,0.3871318691968898,0.3986464479158295,0.3053752043751179,0.3145426458146079,0.44384186404308934,0.2125444388472051,0.3825144169826151,0.38647000524493513,0.35311778436164865,0.6594441573642623,0.4047203743540105,0.5613901470441045,0.2909922828610924,0.2591966624547984,0.40405517433130006,0.3367760889834155,0.5650490223563728,0.0,0.0,0.7045595328801457,0.4657053379459355,0.6530100062061013,0.0,0.0,0.34922752108759497,0.4376030788173843,0.6176918586481924,0.5318567963131454,0.6105052744579652,0.0,0.7501897984073409,0.2662967858425733,0.0,0.3837220766298245,0.5605382586034072,0.0,0.531838019449562,0.0,0.33410274717825117,0.4222996609246989,0.49405687910658447,0.3642301419233449,0.8277382774219106,0.5121415924149284,0.4305327923460041,0.3762290262882658,0.4221595002748568,0.4100363481901964,0.2064859309907156,0.2718399790442503
0.41617198275151157,0.6197496685841141,0.5939517748882635,0.35591187894030857,0.472684884190698,0.38810525841029087,0.49201097465231125,0.4212329314063479,0.48031945275538834,0.4667214424124274,0.3854855909672767,0.4558689667652147,0.4883527367316976,0.2737365003476061,0.6020529907261416,0.5993667694320178,0.36764946082086,0.4426382554152938,0.6854527847203866,0.6146245374189518,0.34658640263597973,0.0,0.6899761921222571,0.5728881183298893,0.4813648335711189,0.562134664361228,0.4308157429574906,0.6770601740814406,0.3721025055832289,0.5478322432237561,0.4301447247619625,0.2770739920629908,0.39018456542516256,0.4069536348943279,0.35653506834939347,0.43871411148685535,0.6784265753916178,0.538045880597028,0.5454980753567356,0.5550280656784008,0.4975736033067655,0.5963263511519741,0.7500317606468109,0.35908475412606,0.24879166346817552,0.4050433073082134,0.6439230315454945,0.5859675882389281,0.4771534528900384,0.24359272974890683,0.5275165982102816,0.5276696997397299,0.6190592845879448,0.6657577348056936,0.40937286194399547,0.0,0.5417087120717914,0.5427793042726589,0.0,0.6573985013277289,0.5072242394198021,0.4138796085154612,0.5016024340160397,0.0,0.43236755531190996,0.44650808105550904,0.6368604374097258,0.503332926366304,0.7479776556964997,0.4235705499555321,0.5349933616011007,0.37157438149272004,0.5242964607432623,0.4639897508455203,0.5576441535228469,0.5486377939978511
0.4808634910143619,0.4562470343485255,0.4512951615219336,0.24576958717134723,0.390389128455904,0.32274667043467775,0.4162088626683939,0.309818091464239,0.4652965489806843,0.595513526753469,0.3094746762999745,0.6487452111982637,0.43426660779404136,0.1825443475440965,0.6339502913992368,0.643975680643762,0.16420569238599056,0.5812294015158515,0.12482903383321711,0.5614181806795782,0.3603797342258289,0.6899761921222571,0.0,0.466089098945498,0.623541933720994,0.48438086375089484,0.20516843375654628,0.4074816659838222,0.4386792304432695,0.40608748432073843,0.37457531074015127,0.3145996181333509,0.32038785707382833,0.3836879978215497,0.37783339406298666,0.4283646250167129,0.5139503048817544,0.2667793670367679,0.4366517574496961,0.5081218469093073,0.45751841411680283,0.3998702944810577,0.5991307851199199,0.5402138321790952,0.5555300422820325,0.5352695481098753,0.6435194205510302,0.6646263425376484,0.4595873151693631,0.5959569868023831,0.4664675752048027,0.4835324417739405,0.3477613594485969,0.6250762575070241,0.37180151387472055,0.6088532511302909,0.42588482891397234,0.3716921418685495,0.5552007189766561,0.4560945351013563,0.6412472660717881,0.4729061662249304,0.5684661098002268,0.6343307269449177,0.4276001770384389,0.5751841101459305,0.43978216315672897,0.6285419018493638,0.2268312958900781,0.5491621467498128,0.5024812097633127,0.408109691808314,0.38544764649304764,0.4808497593218436,0.4403638147253459,0.4649479514978552
0.8117769861056117,0.4495115281736072,0.40282063008872293,0.23546358768553666,0.6223186715958107,0.3616878991239576,0.677786832448536,0.5069358103626691,0.5868028431014816,0.33548091166177024,0.5367292334526756,0.39072531382679554,0.5851798697233985,0.664977866152402,0.5202277290086388,0.4402071994670578,0.4563545472781105,0.35796569600325484,0.42431547855500495,0.6139690181298381,0.5011324206341259,0.5728881183298893,0.466089098945498,0.0,0.44743641483382424,0.32069580147138826,0.2646537398637049,0.7439892259330474,0.6335816278301163,0.8130889718287823,0.6470753539399345,0.2990848764275905,0.4418488486631308,0.4249325665493598,0.5449682156860807,0.33726548994602656,0.544897036175946,0.5353705386964458,0.7715716067606762,0.5333376718591162,0.5119224206481866,0.6326524110253732,0.6063948635331289,0.3409501329602556,0.5436678368165107,0.3467413847667646,0.5039578243997489,0.0,0.0,0.47054492307705537,0.5827865314854697,0.2997208197445818,0.0,0.01840609658945886,0.32912928533299235,0.536403997415521,0.2774639990505109,0.458225254689558,0.0,0.2437824446588292,0.4081196022505135,0.1485451359941936,0.3354374079736691,0.4663201191363231,0.35043061422164123,0.46893719293399894,0.17776038025081375,0.8268014031971558,0.28967947255453524,0.2887993412498583,0.2703446669947563,0.5452116498195917,0.5800257796013302,0.6015444743486137,0.0,0.4642754593495035
0.30002030917772005,0.19385575660117013,0.518030865186984,0.8763551223368036,0.37520919163609634,0.32484440104442824,0.4111975115446233,0.7079487009358889,0.3696289211793842,0.5394605430868904,0.6056171473026564,0.5318449874632186,0.4751772853229364,0.49428598898371856,0.29169920409525507,0.36686094760562393,0.5368423038926353,0.32922165611323917,0.5336957230085567,0.3249655943291167,0.5332929475931592,0.4813648335711189,0.623541933720994,0.44743641483382424,0.0,0.2770128988204583,0.32167020676493385,0.43806107967562347,0.33966680651145403,0.44108645740195657,0.5459886955271196,0.251924738583469,0.383385356834243,0.4485734709329482,0.4155325038691231,0.5401205310393145,0.588648795509469,0.2445829442777497,0.498642475756504,0.43001398240714617,0.39362668803542844,0.506810016647045,0.09852153734715,0.0,0.4647137471265481,0.23765032970519634,0.624192893794568,0.0,0.0,0.0,0.5208430219624902,0.12669604903547094,0.7019153480242595,0.4082707463784448,0.268834649692028,0.4726138697882644,0.2961317239677432,0.36892929567630595,0.0,0.38516638134130976,0.4573767596194816,0.28304524586061464,0.3887631313812081,0.0,0.540747092129855,0.607068680613275,0.4868757319051594,0.30600685128148875,0.09162600616170885,0.42907743881570415,0.3206773001212863,0.4154312246621169,0.5469767652183251,0.38055043940790323,0.0,0.4234193420644409
0.5231653913144645,0.44043560435716844,0.36518813341303624,0.6225548678021777,0.4165518912926846,0.5441059568918731,0.5786334254047039,0.6213753674900571,0.6918418374485462,0.5830233336939428,0.47008064957724005,0.5128504700596692,0.5777428783864141,0.48997333742083937,0.5131527450221762,0.5337324738118646,0.35957652866025847,0.33660137423850967,0.5269168041691605,0.55916480075463,0.6698597339707211,0.562134664361228,0.48438086375089484,0.32069580147138826,0.2770128988204583,0.0,0.5155141330767714,0.556111533178167,0.5743367943841252,0.14738546020483692,0.47928414477624626,0.4355779996496381,0.36450541471354747,0.4382439167959335,0.3881847243931167,0.5080284512557312,0.5110722752066027,0.44837125541064676,0.48879507296873115,0.3256317520538462,0.4048173173433801,0.3810082044391044,0.20524327204953446,0.5482092945430006,0.5103776967613454,0.28291439543050434,0.6159170649426942,0.6692132320254833,0.0,0.002932725444582068,0.5366108144448906,0.37930612381772255,0.5401979393668453,0.4062199212913462,0.21518741799658092,0.0,0.2850450955953151,0.6625813715438708,0.0,0.4542165227331415,0.4977669073258216,0.23248980977921002,0.31175080172983255,0.0,0.38404226061602287,0.5120042987187425,0.6078213681760591,0.4276987247124164,0.15181793093047796,0.3546609637326763,0.3498718139681978,0.43052044133191103,0.543581847223651,0.5532381466390622,0.48353557505412703,0.43651772672204403
0.403718045659361,0.3484447876568312,0.3916649297986825,0.5002218944095616,0.35676815251506283,0.439278198438904,0.3453953800778113,0.30951859673576765,0.36860279656858785,0.4698614251833083,0.48657425702690843,0.4749267450037685,0.4144882980042238,0.18172242980385273,0.6641371767335544,0.5525894309341827,0.5573020894867632,0.5512798331237384,0.6843685280373438,0.5649105192212367,0.3871318691968898,0.4308157429574906,0.20516843375654628,0.2646537398637049,0.32167020676493385,0.5155141330767714,0.0,0.44567980927624107,0.36906455881702405,0.3759689807591762,0.3058633234483611,0.2552426635916734,0.24670280265006456,0.37034103669700946,0.32051370951675284,0.4054512677745179,0.4851034053343217,0.3677317410883712,0.4170712117884293,0.44968721911811294,0.4528345909799227,0.04876291337232652,0.5545916347911843,0.5514012364979788,0.4033036892077991,0.4392578285674837,0.4238672022672477,0.5045003783065736,0.475134424673763,0.36687867535596685,0.4291710291020629,0.4062530004862971,0.37946458327940935,0.5091218625115668,0.1655978365831035,0.4873718646751676,0.3586666298129467,0.39702933638424964,0.5727154480282783,0.3487221811661909,0.6300262146410553,0.0,0.4589961479202842,0.5419816613225272,0.3733577780665607,0.44496545091117745,0.34881420169836985,0.37606764814714777,0.0,0.5522121766901914,0.36535246468338023,0.3885711773356628,0.41909439253993747,0.4345846099949126,0.33816064494991205,0.3764019038371055
0.3189622782436583,0.5994768085260073,0.6686934740161834,0.24448365969782113,0.7462017218461023,0.5277889324549898,0.7731485418868576,0.42661366782915966,0.6324340870337017,0.7785959534728857,0.4711920095396682,0.8600168694292156,0.4371270862179234,0.1730436365374957,0.4293201033013821,0.537871689044878,0.6908979459756482,0.43651680038815377,0.5960141495242695,0.6910850524607564,0.3986464479158295,0.6770601740814406,0.4074816659838222,0.7439892259330474,0.43806107967562347,0.556111533178167,0.44567980927624107,0.0,0.4561374406202383,0.40804063135992924,0.5295319106057412,0.5202325487293172,0.6867114242082709,0.3972849010734369,0.45969245137784953,0.26492093928662497,0.5591585448116436,0.8452821239335166,0.6986108799103303,0.3910663492195826,0.8050918621345509,0.326805938204993,0.6140738084112985,0.8183670690726603,0.6377786143334818,0.6196088218348794,0.5501334482420777,0.5351871596818891,0.0,0.5357365228697679,0.530339135277045,0.47238187580568414,0.4266564800891565,0.5811208648262101,0.6826666976735175,0.49195641926634803,0.31707610610172016,0.45678961151454345,0.3469466669201295,0.47688352396001565,0.31633229075953934,0.198698634244389,0.26664306723955206,0.5314588560751751,0.5017788734613552,0.541622658410295,0.46677090261488285,0.4879001622997849,0.5412757397920316,0.39636316359697155,0.28296019808525774,0.4868162142429864,0.5283130800536817,0.531083314318834,0.5699613210813886,0.5132095127060112
0.38584693953421256,0.474852729191619,0.5277829067284343,0.46226347395362866,0.5103731828191015,0.4625969743223476,0.49385284088358594,0.42413717715025034,0.40915715331419694,0.49183546243389425,0.4045795465431332,0.6163789628323934,0.40138128668686723,0.3905775280090221,0.4386885940375731,0.49414307298249033,0.21560155976212808,0.4442136766045286,0.5912147929890996,0.4188725458274134,0.3053752043751179,0.3721025055832289,0.4386792304432695,0.6335816278301163,0.33966680651145403,0.5743367943841252,0.36906455881702405,0.4561374406202383,0.0,0.42494170529349,0.38396821340878684,0.31315233684451554,0.32708060277893647,0.3676381124037697,0.35503844420066,0.5252646480821297,0.565214073058376,0.5330620078873294,0.37716588679800467,0.3834612857433074,0.45471615532584053,0.40739989306176094,0.4845890435856428,0.5538017939895902,0.6424772207485003,0.46838921962115865,0.40636915189419304,0.428858127272122,0.4587321197788147,0.466586438220213,0.46340759337422754,0.4568341440973873,0.4441148584881859,0.4212334882504584,0.6229431442860744,0.4385760384882697,0.5698230844643253,0.3853837711293444,0.7734522384939839,0.36325635356641917,0.5279277340116844,0.48122408902422353,0.34126163711655466,0.5074704981658071,0.4017988293753344,0.45010223683435746,0.4330765661853508,0.43086358761739274,0.46677098984450355,0.4921751408753384,0.47125136592618366,0.4057308902010315,0.4433419288915713,0.4026392914229726,0.3467016654090335,0.39456285270177016
