0.0,0.7224380334195245,0.40044165211224036,0.0,0.3538505584187847,0.3664818733826734,0.5074432266106943,0.667423528498915,0.39603657951563115,0.7227290805203617,0.38640294795871666,0.6000104034710771,0.49531412620011084,0.4429488676379467,0.4919959140173691,0.7239078687824563,0.6476582320362217,0.7130842183268338,0.0,0.5115890573576602,0.32443157961962177,0.6899120451260559,0.42265753965929015,0.5654209686062354,0.5678005420178738,0.8298379022459386,0.4065963020581169,0.446417707173406,0.36759762364958026,0.6152113428426735,0.5785213441385484,0.6896605105892619,0.7785447742183043,0.603046975665455,0.6510412404064592,0.6438846130234609,0.4588619354962328,0.729988947992934,0.8032177252206533,0.8520666749548111,0.8300817556353879,0.3856452134404656,0.47639846015896486,0.0,0.5065198657531229,0.6050895587238828,0.9625309733788616,0.0,0.0,0.0,0.5571833185796706,0.0,0.6679326123160925,0.0,0.5125485255694521,0.0,0.5168486966676622,0.4007174224341907,0.0,0.5720637599062129,1.0221263246374885,0.3046612907682117,0.8444551523457777,0.0,0.5414687656097449,0.7462498419165173,0.9411735020093929,0.7438127208164279,0.19312292799630787,0.8405691958527794,0.8550130919377528,0.5012054311177983,0.4070616869739919,0.504388098430391,0.0,0.6467334847662121
0.7224380334195245,0.0,0.6072476208589527,0.33000329949114104,0.5397178557436833,0.37959889423081317,0.4673363587964876,0.9713342254109758,0.35911461016712953,0.34999948333738273,0.32206441112985584,0.437934387638202,0.46543561061590266,0.5194454089767361,0.6429359808826955,0.6061223911680964,0.6994005244874717,0.5776615591011431,0.5987595041884866,0.6004032261660397,0.7054726942106337,0.6870736872091834,0.629479775398942,0.3920943264854369,0.6154619686138529,0.6799380744788034,0.5207693790905777,0.5370131998107706,0.3914061404384016,0.4806965423265026,0.6206471456633554,0.5946282205361538,0.6382561843170242,0.6161888689378037,0.6554516073721678,0.5307771206482834,0.21078437806243797,0.0,0.7477975438941504,0.906998870286178,0.6839311350310804,0.8219476429192345,0.61573171270629,0.0,0.0,0.8679548066510344,0.877887235174367,-0.04320735618666844,0.0,0.0,0.7204707937120424,0.8164325917783637,0.5842711959671387,0.5650494986237757,0.6272402794059542,0.0,0.4535537479926117,0.7336614986218895,0.0,0.8321478766770563,0.8415347731076467,0.7263174242958563,0.9149649980353665,0.0,0.7887887225165671,0.8075859949190847,0.8542517331114751,0.852550074802813,0.47683475398800346,0.8347719187879874,0.8978873515854834,0.7631496615957082,0.5950083867405545,0.7793694183327093,0.0,0.9267250510930736
0.40044165211224036,0.6072476208589527,0.0,0.6790936947477701,0.6019390381908902,0.4992655458463775,0.6364085284564005,0.6165276948881573,0.3928320609043924,0.7845625273175791,0.6819572973846852,0.6971155550182554,0.8105063147797719,0.5072565867679439,0.3780847531060251,0.39920943135337483,0.6179126281314512,0.5637375424022151,0.5882115744018617,0.37664840829781143,0.3055208220107821,0.5996628644635903,0.490979968218214,0.4170707860350732,0.5386123044262681,0.52879440920433,0.458918512433981,0.8452699372744175,0.7299581964861865,0.5787216896657392,0.8584446531942342,0.919709938796319,0.5496148520181926,0.8258190890351609,0.8353892468242978,0.7592454521259764,0.6924873987199343,0.7481031052782022,0.9311545690507845,0.4914818448879118,0.5557206196312634,0.48530442605809326,0.8943878633159037,0.6912141760285424,0.0,0.0,0.175227186267459,0.9305389547229068,0.46743496748086344,0.8568137829564846,0.7578891226975889,0.8345477784067594,0.8323849129508312,0.9667636908291162,0.33995916354750155,1.1301314112057554,0.49458065086615793,0.7123186014605241,0.855241014108055,0.286152865814425,0.0,0.0,0.0,0.9164261189651262,0.6762145328409439,0.43976409246818404,0.1613055712221173,0.8724583590665625,0.0,0.6290862411081057,0.38674421075357246,1.0126594152238972,0.6933030416869059,0.6520863973061393,0.650592096653187,0.5578060603532504
0.0,0.33000329949114104,0.6790936947477701,0.0,0.71369344075196,0.6657644729274967,0.6113801155511822,0.5256863210273992,0.7825393042752942,0.07192009912800695,0.9303645596579784,0.4131248956030443,0.4244568267687087,1.0050064758030626,0.6539750657690073,0.08718143796079525,0.5383052207251267,0.4727984600414251,0.7000439515333767,0.6357595872702028,0.4079945983876304,0.5950920831720197,0.7974360296987666,0.20116042719215096,0.8527334970550634,0.6160704634221607,0.7012383123894507,0.3520141500811469,0.509056569500881,0.4261899289822322,0.8958115566248357,0.4704589814773419,0.20812331689554142,0.46446722822041736,0.6512351468070064,0.4918578263916808,0.18444514027647074,0.3805543366848219,0.22382321693643736,0.2783281314414355,0.37217009221555053,0.8542023439493898,0.2221059220819315,0.236931203635653,0.0,0.0,0.0,0.4283315482799347,0.0,0.0,0.5928378563415343,0.0,0.46900722278811835,0.09592263989463384,0.0,0.1877219057217004,0.49558571695273357,0.48147966262044206,0.0,0.0,0.0,0.0,0.0,0.0,0.0,0.0,0.4669332024360211,0.80935639385599,0.0,0.0,0.0,0.7093097563847284,0.5108435927040806,0.6357652128311264,0.0,0.0
0.3538505584187847,0.5397178557436833,0.6019390381908902,0.71369344075196,0.0,0.1246077616456179,0.46620988541072134,0.8408333630562868,0.3494783973971516,0.7939373184182303,0.7357805282807824,0.6033164049569903,0.6717403925914219,0.6067762089145533,0.5228282073027062,0.7313808460265314,0.6109538337680385,0.5237562787341192,0.8557158717075029,0.6282614076211365,0.5009526973127626,0.6450209177338176,0.5317966427325385,0.5959337946934979,0.8009841964311117,0.5545405124146943,0.5337044451219707,0.6814489498409139,0.7268532180882663,0.5487789859502483,0.7833076329148912,0.8647475452622804,0.5167043215039151,0.853970082685882,0.5561959268859125,0.7966468589792671,1.0292121525119868,0.8809572316298158,0.6987586539213324,0.6812393989051402,0.5068605710187751,0.384224614176354,0.5786019255712607,0.6169539488227153,0.2535584928869833,0.0,0.429427995061588,0.664318474867921,0.0,0.33761443708826544,0.53877360964451,0.630562544540442,0.6654252966396682,0.7002201836120224,0.0,0.579839291524118,0.3382260674817968,0.5272039884681035,0.9153946333133156,0.2271751078904959,0.5144810748421715,0.0,0.0,0.6212748061779594,0.28630003245982344,0.4451141139962411,0.3723350928918332,0.7316457828137264,0.0,0.49081440203772886,0.49726227481426294,0.6741868276661247,0.8235964695919257,0.5037565788138135,0.0,0.5027866873755112
0.3664818733826734,0.37959889423081317,0.4992655458463775,0.6657644729274967,0.1246077616456179,0.0,0.4077477667268579,0.6212697713411816,0.40020270429202165,0.7221182234136608,0.7370939627857035,0.6823926723839053,0.4640455246399572,0.5603816131567254,0.5420627698632079,0.5160854067170362,0.6551338125515114,0.555029217532203,0.5804708509706953,0.4153858644364472,0.6027487005063866,0.3982962958074493,0.6156455807258792,0.21074538376691065,0.41513127162505714,0.6253339458991334,0.7796969400979132,0.6286182980756546,0.4391792948073039,0.6523190238958085,0.75036578187297,0.7863854546653708,0.656716945532896,0.6573384237196185,0.5975416690323168,0.7589435566877738,0.8330737762654643,0.6078735873940575,0.8413296273426188,0.3772153989521858,0.7606529823471004,0.6781569386739307,0.8527410850819963,0.6691575237407523,0.21868958294600954,0.5904277525652111,0.6215748088816765,0.8988167829005607,0.6007170642705579,0.6549141365007543,0.7711262562205492,0.8541497342612583,0.8176552565277984,0.9965909417974305,0.6712354482827727,0.9484100387712157,0.38058841514865777,0.7601169352390031,0.809936830318984,0.758872035352885,0.6266885506771069,0.0,0.5422844863017551,0.832463463152397,0.7259691328185576,0.4970103498246212,0.6620410254023439,0.7788508531099068,0.5602038425685855,0.481722699934682,0.614581881670192,0.7822181306788891,0.7492751362620038,0.8060891364393771,0.6190606135253433,0.7884925471208066
0.5074432266106943,0.4673363587964876,0.6364085284564005,0.6113801155511822,0.46620988541072134,0.4077477667268579,0.0,0.7556556378734891,0.45647752112993745,0.6961313778211634,0.7120539318562273,0.40809407367803163,0.6408585165461884,0.4348806895202812,0.5584149563905196,0.6437728544782308,0.6942107837688465,0.6622326725213767,0.6725446199770588,0.6373403050892745,0.6055265111603043,0.546163771285212,0.7216321255449099,0.6373043548217273,0.5668353957256438,0.6697801275157731,0.6802290512612568,0.6446641798062217,0.5931852655173359,1.0241597654739671,0.766032832726222,0.8638965134502073,0.5662051168149311,0.7051344927823139,0.44420944556240993,0.8851404905373139,0.7297705682333745,0.9083010924472257,0.8663182650163715,0.45846875976455953,0.7665492484930266,0.8832593175043961,0.8072646238461325,0.812808572289639,0.3652462001181266,0.0,0.6589033233401524,0.6755582975529805,0.0,0.6494870031244097,0.8597540656439485,0.8168607548224639,0.7946371896914707,0.9426705752098969,0.5900635696496104,0.7848580514959319,0.40551781122737957,0.6739698999363355,0.9353854849281472,0.3375654424425725,0.6131272077259936,0.0,0.5286802454688426,0.785372793745388,0.7684561275165683,1.2642920603169419,0.589854362584499,0.9054274114386481,0.45909549772944874,0.583645355635579,0.5952000572056919,0.8868775729650152,0.7471117768297417,0.611915321208339,0.7734586004553814,0.7286444959063543
0.667423528498915,0.9713342254109758,0.6165276948881573,0.5256863210273992,0.8408333630562868,0.6212697713411816,0.7556556378734891,0.0,0.8577283770917836,0.5461233993980863,0.7831331551850456,0.7313673921281605,0.7698006923405427,0.5293360809539874,0.6350544421755993,0.6132887169766204,0.5049071669636652,0.7367801198882191,0.8242162828412465,0.5434640431079389,0.9153234894899365,0.6547263410648243,0.7974896970344403,0.6034781092220854,0.8596182512248078,0.7964440490052564,0.7330159570985866,0.7476707982150745,0.6168375425836361,0.6760229071014459,0.6682464746606845,0.7762066139079263,0.1913969559475618,0.7197999026964825,0.6745027182001466,0.6207187775392634,0.7036578861869253,0.6515030017832097,0.8678485883570781,1.1652745311920174,0.6591885877811593,0.7658678211709848,0.7969284492457027,0.49593981529316866,0.0,0.620083320695899,0.4379274125774557,0.8661527884572359,0.0,0.6013810546706506,0.6514073090222253,0.6698605464674993,0.36810940031353956,0.8821538801298221,0.8048156126345325,0.8114998884970419,0.9803312714532584,0.7525139462360528,0.8345106199399481,0.7834780884909986,0.4082224296140299,0.0,0.7657597097324088,1.0041696538371148,0.7883091505779944,0.5642185002538577,0.4141336558386778,0.7627429805192538,0.0,0.488752053304419,0.551445414432193,0.7146508423351522,0.7417070054083535,0.7005209755726604,0.5020121924086087,0.7898664698184484
0.39603657951563115,0.35911461016712953,0.3928320609043924,0.7825393042752942,0.3494783973971516,0.40020270429202165,0.45647752112993745,0.8577283770917836,0.0,0.7887133607286844,0.44931493364091424,0.6449602911826313,0.6828884689412644,0.7156145719823117,0.5925592709469771,0.6584450700579707,0.2893622695697344,0.647581784054339,0.5038190310855184,0.3791819678413424,0.43716126111569076,0.459745974005776,0.5978282012873388,0.5008501333422539,0.5300630659756554,0.5665544391338959,0.48776774447303234,0.8063287734890177,0.5659984467068107,0.7063977268589539,0.8347746315027179,0.9162361143228955,0.6840689157213948,0.8568020585168101,0.7815409246695416,0.8440810615821548,0.8692289295668746,0.8682320138165454,0.6462414550668939,0.558043612798907,0.5811084918523117,0.3209893658757067,0.777985977896289,0.4161557009074956,0.3017171910281778,0.0,0.493810257476845,0.8895997096995332,0.4617059179803895,0.7576743099814667,0.8434236675695798,0.8582435535125073,0.883720136055322,0.8253880803911786,0.2171532133098667,0.9928159830546779,0.49266050606902373,0.6466314382936684,0.8786443113966989,0.4481565536084301,0.694672520987478,0.0,0.0,0.8524140764897352,0.8739029466517689,1.290290053736689,0.5651053959406688,0.8616257596421859,0.30631501816657675,0.572413143778675,0.2913951420820366,0.916468814888398,0.6425227095264283,0.5899006115647074,0.4676598382392454,0.7583490629636903
0.7227290805203617,0.34999948333738273,0.7845625273175791,0.07192009912800695,0.7939373184182303,0.7221182234136608,0.6961313778211634,0.5461233993980863,0.7887133607286844,0.0,0.9231925112646628,0.559742595047594,0.6915174400416135,0.7628726101587058,0.5179008309602113,0.35474943879797627,0.8341960073400445,0.5671508365670586,0.8303285260335274,0.4662469562212358,0.7083217490472242,0.6209887621334758,0.6963526819592203,0.5775658212851417,0.7140745234907913,0.565164969535658,0.7210198222102302,0.6747515963466275,0.18770902447008067,0.4085837902663044,0.7434718418864934,0.013665434068681453,0.8484386904591229,0.7389207566843035,0.7198632880461858,0.5200807778465008,0.7401066789100181,0.8250645629130511,0.12770015645876012,0.5809818066406385,0.7301814609794395,0.37206248199409886,0.31250149546179334,0.3133985265550461,0.5002847461163722,0.6617400334630215,0.4607198398429574,0.1607356890553927,0.4460440197410973,0.43355634662531195,0.6607278529102638,0.5063681026095365,0.564692260251375,0.25896131619967183,0.7223726202028495,0.398948017497589,0.6670012121432978,0.6252809440938909,0.0,0.8712562351182631,0.4737136056884307,0.7621822980330809,0.7244863992340715,0.4829295125702828,0.48860011302952977,0.5685666921577825,0.3861863548528047,0.8791041242630645,0.4481765572597682,0.6806814752338983,0.6751436472912729,0.7374334804632383,0.6613347190869798,0.4450271930071036,0.0,0.7458444515058313
0.38640294795871666,0.32206441112985584,0.6819572973846852,0.9303645596579784,0.7357805282807824,0.7370939627857035,0.7120539318562273,0.7831331551850456,0.44931493364091424,0.9231925112646628,0.0,0.7127249682507177,0.7795269422200198,0.8119479882214687,0.0,0.5040005661511868,0.6344921992645223,0.6073170852984027,0.7379591288994796,0.5158884466456077,0.6580210068909442,0.37628212931251515,0.5702373100097772,0.7167172780524378,0.6934963936760317,0.705988952690966,0.7177525711529151,0.7572545407615038,0.4567183920987026,0.5276027473295218,0.8828338623518487,1.0014426286223883,0.6222238014496493,0.9290426470624085,0.9032722287214088,0.9800719779649989,0.9908924521625291,0.8748572304503395,0.7788441307325877,0.5059234731529856,0.5130481204150573,0.44257128353087705,0.9432626396003052,0.588222637298506,0.1998932292083741,0.0,0.0,0.8848886915612322,0.4863371903582143,0.7615727189493866,0.6327525155156686,0.5341042641642981,0.9760023464709342,0.9026279706945284,0.5024002861875255,1.300378299215761,0.3899237771976489,0.6914830614142533,0.9789702739140537,0.0,0.0,0.0,0.0,1.0029047373485878,0.3895541442797936,0.0,0.7402922633843095,0.8741617586902376,0.0,0.0,0.9762202339874011,0.9413780776923377,0.6225261956877579,0.39014398485038265,0.0,0.571516211836554
0.6000104034710771,0.437934387638202,0.6971155550182554,0.4131248956030443,0.6033164049569903,0.6823926723839053,0.40809407367803163,0.7313673921281605,0.6449602911826313,0.559742595047594,0.7127249682507177,0.0,0.44010563474476533,0.6043689093386796,0.16865598741633656,0.6473410448622319,0.8207514718431753,0.7845437481209734,0.6941163748595625,0.529561286397222,0.553332223552421,0.4318711703074125,0.5192959343996566,0.28147236484244464,0.5955950098982363,0.627082006312689,0.6093739228449228,0.5112985576005715,0.5853723936858009,0.29135535533284657,0.5694272883623845,0.3527388476933898,0.17868848155484016,0.2515573795335364,0.3985982502982408,0.41922379830985634,0.4607216044120409,0.10339418773964279,0.28262126451232805,0.43240957801805924,0.5939180488325936,0.3112224060012973,0.4410440642432755,0.42313441539840124,0.28926683527923197,0.43643912297159276,0.5301876344782412,0.26347816233313204,0.19397415307027388,0.25000428499739474,0.36663653986694555,0.6558265578555066,0.28253101694469895,0.4160446630161034,0.7496240260943002,0.24357208294441154,0.7595295439237322,0.5051178929142479,0.7216095718014979,0.6543837986191484,0.5302960632147734,0.7549975382443473,0.8219252801257384,0.37162002306176045,0.7744588022551079,0.7336783953516062,0.4811214390890042,0.7510253180153399,0.3748931919079349,0.7257413552680161,0.654602680403312,0.9345558920315777,0.6756250313178547,0.48452625565409774,0.0,0.7575334201211422
0.49531412620011084,0.46543561061590266,0.8105063147797719,0.4244568267687087,0.6717403925914219,0.4640455246399572,0.6408585165461884,0.7698006923405427,0.6828884689412644,0.6915174400416135,0.7795269422200198,0.44010563474476533,0.0,0.523674255948135,0.501994723465663,0.5731539971826651,0.5530816010683631,0.6528967310173766,0.7813688556965552,0.6586954277948479,0.7123978044451434,0.5238232265977365,0.7286613288578324,0.37105325597563255,0.6051275881520084,0.6608656787659161,0.6788444445943617,0.67487723381604,0.5219474615482611,0.5400172660411245,0.5471446146834954,0.9321982551928949,0.6217294218437843,0.6791127942512801,0.8146934425301721,0.6450799971197779,0.6469421973677782,0.9145930754594545,0.9213278700469218,0.9408669943008733,0.8201652728630001,0.8681957279429359,0.8139338362849202,0.9014458201962634,0.47418464822611395,0.6460951974305149,0.7015835169436633,0.8951627125254751,0.0,0.7817244821438851,0.8650187937351527,0.8193491812966045,0.8263686654424678,0.9453953618417383,0.5269811293427501,0.8124346164592589,0.5107167900826146,0.7888785140926408,0.9997045932115377,0.7169418105551153,0.5092723515138964,0.4058942343152724,0.5532599473250946,0.830362835455444,0.7541108920704485,0.7690083061846202,0.6145727235829055,0.9426315791973612,0.5414287045347634,0.4668295286422576,0.6287978428117703,0.9106774967456068,0.855139691386273,0.8111743577314552,0.6700268313549891,0.7769261705523162
0.4429488676379467,0.5194454089767361,0.5072565867679439,1.0050064758030626,0.6067762089145533,0.5603816131567254,0.4348806895202812,0.5293360809539874,0.7156145719823117,0.7628726101587058,0.8119479882214687,0.6043689093386796,0.523674255948135,0.0,0.5871689663805371,0.6292516039456084,0.5061489621800966,0.44119160964376214,0.8231037840969683,0.3903277814452981,0.5427938805314411,0.31907138584018596,0.6995976073773691,0.6578289155762462,0.5156832984092174,0.6375011816931944,0.6671445846550172,0.5603022421202503,0.39900510847470355,0.8408714760700754,0.6995057927841168,0.4761326014536109,0.24012819101864952,0.7588641408064587,0.3332040102687137,0.45815497552504764,0.7145974039089313,0.3840237527236475,0.7080977504930089,0.0,0.7052994312535315,0.8240172249379625,0.9807491567812725,0.4668393167361019,0.0,0.0,0.0,0.8465422873890672,0.0,0.5567176249302141,0.3305201314338877,0.4797735792513237,1.0641405439546618,0.6404483011220512,0.0,0.9521803597593509,0.4063747006723385,0.7865454766170313,1.2099460705470846,0.0,0.0,0.0,0.0,0.753443936175792,0.0,0.0,0.0,0.879126088104413,0.0,0.0,0.0,0.5588266534461617,0.760255722074739,0.0,0.0,0.0
0.4919959140173691,0.6429359808826955,0.3780847531060251,0.6539750657690073,0.5228282073027062,0.5420627698632079,0.5584149563905196,0.6350544421755993,0.5925592709469771,0.5179008309602113,0.0,0.16865598741633656,0.501994723465663,0.5871689663805371,0.0,0.6571937652680867,0.5632748231987699,0.648182124486983,0.0,0.5527627460512681,0.7584347570736681,0.4120054759673084,0.6932244529373814,0.25267246421615,0.5713794106429271,0.523156338161499,0.37758645027314003,0.6653184475306726,0.6180499968771821,0.5312733572914179,0.5214619005920229,0.43724849495625956,0.776365131059578,0.4999408270641942,0.5545875839045398,0.7048314234963504,0.5056014869867472,0.3699028871728086,0.6680150555474127,0.888148191433888,0.8385279083855228,0.7426263315989545,0.4857183213427473,0.6441711072645251,0.0,0.5524782772139376,0.9392754255514386,0.4569904498384173,0.0,0.0,0.7371850163424478,0.984257382146362,0.6607516226849197,0.5201011487019069,0.0,0.0,0.6521888814123297,0.8011265082048435,0.4822304765258605,0.9645275813355156,0.9416068170967835,0.6120689064628153,0.798955428533299,0.0,1.0055002549055592,0.7316998290573502,0.9634670814988344,1.0586877315301557,0.47801733310372385,0.7853355090794734,0.8927284476931465,0.8567750560311209,0.7436998777108084,0.9412961611126525,0.6242047822631537,0.8864408547030757
0.7239078687824563,0.6061223911680964,0.39920943135337483,0.08718143796079525,0.7313808460265314,0.5160854067170362,0.6437728544782308,0.6132887169766204,0.6584450700579707,0.35474943879797627,0.5040005661511868,0.6473410448622319,0.5731539971826651,0.6292516039456084,0.6571937652680867,0.0,0.6342141816900986,0.7427766728907867,0.521805070967961,0.3802546751943805,0.6888620023588345,0.470649415307878,0.7147369405081447,0.7505061406063296,0.7193995131860579,0.739669188066821,0.6027186470354875,0.5657540081790239,0.5383563230310027,0.4633755656760614,0.4958194798484604,0.47773324910601633,0.581726820277356,0.3996457880614653,0.5725083910900863,0.5870975106046814,0.40310418027162354,0.5976139697602192,0.6534349118682335,0.7637542460591547,0.8710260221700845,0.6453573844961351,0.46829540708019185,0.0,0.0,0.8397680374658063,0.9405606955746124,0.0,0.0,0.0,0.6095130517196203,0.5926748823397352,0.90411302876118,0.0,0.8565051662355998,0.0,0.4454452988078368,0.6573621638400884,0.0,0.8493345635464027,0.8949188704945372,0.8722735161694806,0.9056404041574873,0.0,0.7865307526178404,0.8275172683058478,0.9138938816549643,0.6943332666228472,0.5174896338423447,0.9036754594956384,0.9461562447070828,0.854055190391336,0.6455570644291279,0.8854462040922422,0.0,0.9227718920885695
0.6476582320362217,0.6994005244874717,0.6179126281314512,0.5383052207251267,0.6109538337680385,0.6551338125515114,0.6942107837688465,0.5049071669636652,0.2893622695697344,0.8341960073400445,0.6344921992645223,0.8207514718431753,0.5530816010683631,0.5061489621800966,0.5632748231987699,0.6342141816900986,0.0,0.8935226000978675,0.6261227782837547,0.5355796508835533,0.520456794402813,0.7474040380220791,0.48443731821185704,0.8905814678203963,0.6942469014859995,0.6374028000144885,0.6777024588184526,0.6934445511821528,0.3821678811372497,0.2733407485112496,0.5655197596717316,0.7345317454293373,0.8908505214679665,0.738033922045592,0.9530070786753211,0.6744199050275488,0.27999943015216744,0.7665035503968411,0.5947623300107889,0.6587482324030809,0.6498590800630747,0.5428066013610644,0.0,0.0,0.4262242132701575,0.7793904149253128,0.5792033797161715,0.0,0.0,0.0,0.0,0.0,0.0,0.0,0.8179351858408105,0.0,0.718385085456559,0.3382594567338191,0.0,0.8133140995778455,0.4903685046780898,0.8631135664203369,0.8633567799289362,0.0,0.0,0.0,0.5146387132288414,0.0,0.5242476524288959,0.8368155064462095,0.8231606409971145,0.0,0.30769624476654217,0.47553178959006426,0.0,0.7665533746748355
0.7130842183268338,0.5776615591011431,0.5637375424022151,0.4727984600414251,0.5237562787341192,0.555029217532203,0.6622326725213767,0.7367801198882191,0.647581784054339,0.5671508365670586,0.6073170852984027,0.7845437481209734,0.6528967310173766,0.44119160964376214,0.648182124486983,0.7427766728907867,0.8935226000978675,0.0,0.5477025102352651,0.4654468665983296,0.6631416565943243,0.5170938798234228,0.6870882806309839,0.8289224342112977,0.7540867292286009,0.6882268781710956,0.6758824643291292,0.5576993364124577,0.5015434643526924,0.24796788264672157,0.6900646815617526,0.7991500159951591,0.8647877227808738,0.8994340588222594,0.9217541698044478,0.6145800463823379,0.2570496595791826,0.5849539468493252,0.8051371486269621,0.7512933289707053,0.8043811760533156,0.6074021776433244,0.0,0.0,0.5477375319697356,0.8464234160341737,0.875714605503517,0.0,0.0,0.0,0.5531190724468662,0.5290096756267382,0.8753980742153803,0.0,0.833936032492901,0.0,0.7937108695544202,0.5204965988110105,0.0,0.6321568048423428,0.8266969815589783,0.8958972761794111,0.8424482218564594,0.0,0.5127121895361173,0.5496738135667844,0.9907554381023894,0.801851096893986,0.7127533585205602,0.8442914346832907,0.9198977765197461,0.5366061468600558,0.675664053096671,0.553982494081563,0.0,0.9393438854320852
0.0,0.5987595041884866,0.5882115744018617,0.7000439515333767,0.8557158717075029,0.5804708509706953,0.6725446199770588,0.8242162828412465,0.5038190310855184,0.8303285260335274,0.7379591288994796,0.6941163748595625,0.7813688556965552,0.8231037840969683,0.0,0.521805070967961,0.6261227782837547,0.5477025102352651,0.0,0.525108081278538,0.4334051515811568,0.6232868579597969,0.4316354356982088,0.5154823055647271,0.6150801567331392,0.5411598632404186,0.4383672611471149,0.8473077612936578,0.6535875379519462,0.6272332050608791,0.8632614154269247,0.9952835843536505,0.5697888520348163,0.8934609776883394,0.8573173367728415,0.983692384839317,0.8092181898508143,0.6897148246663919,0.8443261820825767,0.41566840989681897,0.38032058761339205,0.2180158273770082,0.8750709699549706,0.33858773561292643,0.4141468589217856,0.0,0.0,0.883131052926301,0.0,0.5046598740491859,0.6353946771395479,0.7266468651693289,0.8352414856999342,0.9065848579411212,0.9553577656884057,0.9603716567138822,0.5366121208227144,0.40115657594546716,0.8345662976093531,0.0,0.0,0.0,0.0,0.8282686185219232,0.4816809207569067,0.0,0.44650862823174997,0.8394005729583817,0.0,0.0,0.0,0.8476252154479998,0.6452633932481164,0.5080916350204883,0.45625311011058245,1.0320966788334225
0.5115890573576602,0.6004032261660397,0.37664840829781143,0.6357595872702028,0.6282614076211365,0.4153858644364472,0.6373403050892745,0.5434640431079389,0.3791819678413424,0.4662469562212358,0.5158884466456077,0.529561286397222,0.6586954277948479,0.3903277814452981,0.5527627460512681,0.3802546751943805,0.5355796508835533,0.4654468665983296,0.525108081278538,0.0,0.604687121839884,0.6147490439668354,0.6140647220948359,0.5742327933143438,0.6867418186054256,0.5561870051649368,0.6820691245656819,0.7478737105650957,0.7999727599973903,0.6788864004098878,0.5549192998141926,0.29526265405601376,0.4804898480070706,0.40000996351251106,0.42132384106486126,0.7844621178952752,0.5191169827451612,0.773578989816537,0.7247008371733603,0.8474947710338612,0.8760512264935382,0.8612766431196273,0.25054743745232266,0.2117693487630444,0.20917906795187613,0.5199467095401166,0.8141683018632788,0.4724789135110181,0.0,0.0,0.7075205924141983,0.7879731253469193,0.7649463664611007,0.5325023208422044,0.9101087272798088,0.0,0.5619525532659659,0.8794112209125704,0.0,0.8998458783204137,0.6622359857238038,0.47177960160207655,0.7230587767126035,0.0,0.8400908570500113,0.7509614888039032,0.8007582938729695,0.8946171579769944,0.0,0.7354634227992394,0.7486041854818175,0.8054446789685208,0.7159974075349751,0.9038900692673206,0.504735100943052,0.7885892667045697
0.32443157961962177,0.7054726942106337,0.3055208220107821,0.4079945983876304,0.5009526973127626,0.6027487005063866,0.6055265111603043,0.9153234894899365,0.43716126111569076,0.7083217490472242,0.6580210068909442,0.553332223552421,0.7123978044451434,0.5427938805314411,0.7584347570736681,0.6888620023588345,0.520456794402813,0.6631416565943243,0.4334051515811568,0.604687121839884,0.0,0.6599869582084087,0.8327540834781106,0.30892436067151574,0.5462757277004493,0.8196139496878103,0.657662127410804,0.7531036524617755,0.7553728533269723,0.8472404159438215,0.595369766144012,0.4671397653361305,0.7096733603565011,0.586981436897722,0.6294376229100636,0.5876576591388465,0.32229795513289894,0.44901927360342153,0.7797486716532893,0.9562828787731491,0.7729996641087091,0.7598188060022526,0.5457040340511048,0.0,0.0,0.772487468422946,0.9386829998416615,0.6188489940312136,0.0,0.0,0.7353365919000427,0.6954618946272908,0.6386871027598119,0.5091215560020304,0.6323185774610991,0.0,0.7381497483921688,0.816552008632941,0.0,0.9797695340157124,0.873406157329526,0.0,0.5354307890263836,0.0,0.9295031304000143,0.8350495138313185,0.8740906182099772,0.9419892830734179,0.8497800039255397,0.5803730880623262,0.9865472125515051,0.771373465701364,0.8240681882835665,1.0643845294468115,0.4962519566082765,0.6658190926064198
0.6899120451260559,0.6870736872091834,0.5996628644635903,0.5950920831720197,0.6450209177338176,0.3982962958074493,0.546163771285212,0.6547263410648243,0.459745974005776,0.6209887621334758,0.37628212931251515,0.4318711703074125,0.5238232265977365,0.31907138584018596,0.4120054759673084,0.470649415307878,0.7474040380220791,0.5170938798234228,0.6232868579597969,0.6147490439668354,0.6599869582084087,0.0,0.7307433543149565,0.47159787861382807,0.7488675331350194,0.7239018000786763,0.4858873872967211,0.648260884467334,0.5979213518478961,0.6075150921173977,0.5408541680902437,0.35351487190336217,0.5550825799315965,0.44941030249004343,0.47787206372839897,0.622947597140799,0.7456934852019912,0.5739133342433902,0.5244875676270775,0.8960640646890701,0.7814261743543633,0.6082901157426488,0.4736675822708917,0.35007337028335955,0.25497285370517225,1.0181183958682867,0.9023076886787809,0.5563015963554387,0.4754657682539517,0.2580355337396347,0.6881486817160276,0.8650639418351509,0.6635901028203657,0.6535026075801273,0.4056160607576289,0.0,0.5079693094032957,0.8204137048875277,0.0,0.9361777797605431,0.8631012918606233,0.4259646647891512,0.8202973024050917,0.0,0.7673056043211437,0.834905163084358,0.8183747501811419,0.9451095571757331,0.7219684371338564,0.8001563882522588,0.8488792307940273,0.7407835001622565,0.711391415055779,0.837269748951293,0.5570831738960889,0.9712612869369639
0.42265753965929015,0.629479775398942,0.490979968218214,0.7974360296987666,0.5317966427325385,0.6156455807258792,0.7216321255449099,0.7974896970344403,0.5978282012873388,0.6963526819592203,0.5702373100097772,0.5192959343996566,0.7286613288578324,0.6995976073773691,0.6932244529373814,0.7147369405081447,0.48443731821185704,0.6870882806309839,0.4316354356982088,0.6140647220948359,0.8327540834781106,0.7307433543149565,0.0,0.4528147305385072,0.4718604204469927,0.6576717398410664,0.7112368465534561,0.6558483134029747,0.6588341647164884,0.6397375851908731,0.5928473334526883,0.8146684778643394,0.534240463057875,0.635278484220713,0.6678113025467155,0.8663763641541778,0.8656853549163119,0.42093865209467474,0.9117423333167352,0.9931965701940519,0.9116914365233051,0.975578395633075,0.8065181676527965,0.8122325949692354,0.5308798901380274,0.5687120143125495,0.8407607771768277,0.9837434695502996,0.47096260725640765,0.8235743361184052,0.7201853247457712,0.7616031731773827,0.7261901895277052,0.9172279998502788,0.5984963366972791,0.9839890017600234,0.4650844963977778,0.7440886885878465,0.9460423463778259,0.9068276152977515,0.7331874412924642,0.48860011302953166,0.4998812018499013,0.9262550642996471,0.913803089273885,0.8086469002595453,0.7950312697248063,0.8989172860401292,0.2200764446859036,0.6036218048303925,0.7771854276588124,0.7307679646812035,0.7878550435131347,0.9484135991640266,0.8044622024757442,0.8643818791513491
0.5654209686062354,0.3920943264854369,0.4170707860350732,0.20116042719215096,0.5959337946934979,0.21074538376691065,0.6373043548217273,0.6034781092220854,0.5008501333422539,0.5775658212851417,0.7167172780524378,0.28147236484244464,0.37105325597563255,0.6578289155762462,0.25267246421615,0.7505061406063296,0.8905814678203963,0.8289224342112977,0.5154823055647271,0.5742327933143438,0.30892436067151574,0.47159787861382807,0.4528147305385072,0.0,0.6646774083462936,0.45709536763267145,0.2365786252327048,0.510460433814494,0.47839820589940646,0.7992007710564133,0.8346389253687154,0.31000739733565297,0.2652599547658514,0.22017627791263028,0.3966184859102626,0.3567177547664124,0.40118893508210773,0.028083409029725614,0.7943205723644496,0.663242087389599,0.5290129644915975,0.6698964383721873,0.5992444619851811,0.3394924910659216,0.45209228608423524,0.3280940002402624,0.581502762446069,0.0,0.0,0.4839781663162322,0.5965683696345805,0.31237853984546504,0.0,0.01616768527816816,0.696226183392604,0.5190459063407546,0.56395558011221,0.499247719399471,0.0,0.27959114650488875,0.6319311932423062,0.6007686119315573,0.6749257377452174,0.45230740466150465,0.3644436011436602,0.494976152388157,0.24709776492140897,0.8180153548848188,0.13670960945698496,0.6366969888009879,0.6426813221462585,0.5439940018698091,0.22242891005800547,0.6282914025359523,0.0,0.5482045994949531
0.5678005420178738,0.6154619686138529,0.5386123044262681,0.8527334970550634,0.8009841964311117,0.41513127162505714,0.5668353957256438,0.8596182512248078,0.5300630659756554,0.7140745234907913,0.6934963936760317,0.5955950098982363,0.6051275881520084,0.5156832984092174,0.5713794106429271,0.7193995131860579,0.6942469014859995,0.7540867292286009,0.6150801567331392,0.6867418186054256,0.5462757277004493,0.7488675331350194,0.4718604204469927,0.6646774083462936,0.0,0.5468434323307205,0.5982143940052997,0.5952652706530925,0.4908999736674674,0.4606905908065365,0.7183757945206795,0.6538033020971808,0.7792303315619653,0.7232254458615903,0.9731975626702112,0.5749710707900534,0.5544309000012855,0.7707837845914494,0.86786802818558,0.7833270052027372,0.8267391829517095,0.908107456563717,0.14617004825164254,0.0,0.3835506690667415,0.8142719976835742,0.8531561342710214,0.0,0.0,0.0,0.6713499319105358,0.5531471853673655,0.7308180799125144,0.381119020051192,0.7281928926543713,0.5049534558509647,0.7150789531762491,0.5085217509133779,0.0,0.6176677028750088,0.8440344877594295,0.8340112607175861,0.8526941806242188,0.0,0.8172343156762509,0.6710093426979936,0.9271160253907719,0.6334839385623803,0.6268094500374999,0.8511868852341447,0.9002089236937124,0.5470414174179248,0.8174025582636344,0.6306204715584661,0.0,0.9375418285590679
0.8298379022459386,0.6799380744788034,0.52879440920433,0.6160704634221607,0.5545405124146943,0.6253339458991334,0.6697801275157731,0.7964440490052564,0.5665544391338959,0.565164969535658,0.705988952690966,0.627082006312689,0.6608656787659161,0.6375011816931944,0.523156338161499,0.739669188066821,0.6374028000144885,0.6882268781710956,0.5411598632404186,0.5561870051649368,0.8196139496878103,0.7239018000786763,0.6576717398410664,0.45709536763267145,0.5468434323307205,0.0,0.5700665585625164,0.7622565477973458,0.6829037806350693,0.3226588540301725,0.5990648210622943,0.6794916495305935,0.7150789357405295,0.6463586076144469,0.7176396477441498,0.686784648453163,0.4757264457406605,0.5938933554061911,0.6983912437213868,0.7538667793269868,0.9247816941562557,0.5033930521150525,0.23972171568728265,0.5518400356263407,0.44280628502895636,0.7738734044188601,0.9864500364294282,0.6371262638288832,0.0,0.008528310372579014,0.752904239988177,0.7049145285816139,0.5487548802410138,0.43745443511778975,0.7423557721624298,0.0,0.7569292627311239,0.634916950026869,0.0,0.972886063570865,0.9634398960737116,0.8270411744532985,0.8578343436612268,0.0,0.6884154953237609,0.8018615554246633,0.9215089870270923,0.8134459278229152,0.46063981657172254,0.8864713428023496,0.8796931435772307,0.76633991942757,0.518765830380316,0.7993704199141434,0.5238852377438699,0.8867398703581812
0.4065963020581169,0.5207693790905777,0.458918512433981,0.7012383123894507,0.5337044451219707,0.7796969400979132,0.6802290512612568,0.7330159570985866,0.48776774447303234,0.7210198222102302,0.7177525711529151,0.6093739228449228,0.6788444445943617,0.6671445846550172,0.37758645027314003,0.6027186470354875,0.6777024588184526,0.6758824643291292,0.4383672611471149,0.6820691245656819,0.657662127410804,0.4858873872967211,0.7112368465534561,0.2365786252327048,0.5982143940052997,0.5700665585625164,0.0,0.679671323033449,0.7490966259394207,0.7120782596507041,0.6240787102994272,0.6852832140270657,0.41303300422493233,0.5351133548936423,0.47297510145820815,0.7312561929867836,0.9039093986519523,0.6513517307276859,0.895542661548251,0.5960190689321962,0.5247465506189097,0.8457205406160995,0.73594655002715,0.8478422995156516,0.39177950307226406,0.4278601679954858,0.6489884043540063,0.8989999405434191,0.5225071024656868,0.8623848350544772,0.7630863613651522,0.7624118320096507,0.8083735591341136,0.9474285963675035,0.6666330719869444,0.9516808005947228,0.3789485464607142,0.7889093163470171,0.9491861574641948,0.8214596283539229,0.6385029160603681,0.0,0.49016977493074493,0.945031967814383,0.7832843196361992,0.7377894403013862,0.6660470458812751,0.8060824040355714,0.0,0.5265477601499369,0.6490753535871907,0.8068759727164164,0.8257062596851881,0.9107934893418153,0.7683525227300287,0.837772375304015
0.446417707173406,0.5370131998107706,0.8452699372744175,0.3520141500811469,0.6814489498409139,0.6286182980756546,0.6446641798062217,0.7476707982150745,0.8063287734890177,0.6747515963466275,0.7572545407615038,0.5112985576005715,0.67487723381604,0.5603022421202503,0.6653184475306726,0.5657540081790239,0.6934445511821528,0.5576993364124577,0.8473077612936578,0.7478737105650957,0.7531036524617755,0.648260884467334,0.6558483134029747,0.510460433814494,0.5952652706530925,0.7622565477973458,0.679671323033449,0.0,0.6054762415524211,0.5144355946703877,0.5212770801212646,0.822049575731994,0.8335323519949766,0.5998236650603592,0.9102008382911851,0.4890269817606445,0.39888879663234345,0.9188047417738673,0.8300168633348238,0.31181000390714525,0.9690450312575366,0.8607964308175644,0.8206782042771266,0.895000236866049,0.6305619865937087,0.5999445802564796,0.6762269016168352,0.7521815785852014,0.0,0.7519929220194319,0.9022492230189254,0.7418116790622814,0.7632465827428314,0.7265462359320127,0.5680670008330866,0.6992114223233548,0.5132773211122285,0.7985349911404087,0.37181221588544444,0.8137413422970705,0.4891093792416525,0.2241701782282947,0.7161934245472773,0.8648924643073945,0.8677908829087819,0.778047559414128,0.6066154205870856,0.9030125914056895,0.5529245724132522,0.5592165836478538,0.5140121936622453,0.9070139006615529,0.9571088662804996,0.9232729654437559,0.6762421901517792,0.8811486027445097
0.36759762364958026,0.3914061404384016,0.7299581964861865,0.509056569500881,0.7268532180882663,0.4391792948073039,0.5931852655173359,0.6168375425836361,0.5659984467068107,0.18770902447008067,0.4567183920987026,0.5853723936858009,0.5219474615482611,0.39900510847470355,0.6180499968771821,0.5383563230310027,0.3821678811372497,0.5015434643526924,0.6535875379519462,0.7999727599973903,0.7553728533269723,0.5979213518478961,0.6588341647164884,0.47839820589940646,0.4908999736674674,0.6829037806350693,0.7490966259394207,0.6054762415524211,0.0,0.8815166378212324,0.7966351986992913,0.3857695457229842,0.46660285094342496,0.594883709126441,0.44352630684906047,0.7226636912175772,0.4898028352236667,0.5183927918852522,0.9302451293955358,0.8085919768045357,0.9368387130501623,0.8598341463171623,0.40635641365393027,0.8477668802580334,0.6387201917638532,0.645165090100571,0.6335603482221166,0.637734337801573,0.43757102425677474,0.4427283402507191,0.7740740869514828,0.6624767709279243,0.7023243562900197,0.5052385721839616,0.6544903010695462,0.4365654198269321,0.5750344137657417,0.8030663873192643,0.7820916924595422,0.8956225097736837,0.53923986595857,0.4816239642158553,0.5343827654372933,0.5287461896928969,0.923984525777537,0.8581451642067968,0.7113119307863829,0.8945355747598485,0.43789848177734325,0.6416939537900601,0.7441450433718099,0.9136608126232993,0.8528262059216168,0.9812362484372177,0.7258745680739233,0.8437116507514855
0.6152113428426735,0.4806965423265026,0.5787216896657392,0.4261899289822322,0.5487789859502483,0.6523190238958085,1.0241597654739671,0.6760229071014459,0.7063977268589539,0.4085837902663044,0.5276027473295218,0.29135535533284657,0.5400172660411245,0.8408714760700754,0.5312733572914179,0.4633755656760614,0.2733407485112496,0.24796788264672157,0.6272332050608791,0.6788864004098878,0.8472404159438215,0.6075150921173977,0.6397375851908731,0.7992007710564133,0.4606905908065365,0.3226588540301725,0.7120782596507041,0.5144355946703877,0.8815166378212324,0.0,0.5325484463693674,0.6915660815312087,0.7682375607820743,0.8250824907290844,0.4466978553281872,0.5068100603188425,0.36518231078779706,0.5543158529204353,0.9068155522909809,0.5011370318866262,0.8507038924984509,0.7591310625861794,0.6154320228018721,0.0721805283823624,0.0,0.0,0.0,0.21642968844305935,0.0,0.0,0.7079269188423406,0.6598622397754366,0.32168633306356254,0.6353742427793851,0.5392676163155576,0.0,0.008566112054024317,0.6435356612032254,0.0,0.4769582184623555,0.0,0.0,0.9405248358868115,0.8838832975764619,0.682125452498493,0.6750718959493351,0.47724386748517433,0.8821500163573184,0.0,0.36822983933579695,0.46935224600159586,0.8844149676887507,0.8465780794635891,0.8512243995808524,0.42624866507590914,0.40401138414520604
