0.0,0.01272095025712422,0.002510676500343867,0.0,-0.0029583224503821337,-0.018028932240445827,0.0008756962792912937,0.004577858211764041,-0.006547216659902044,0.027470896303215364,-0.0045146788474489385,0.0009388515017825227,-0.0187769671974648,-0.008923752517220551,-0.003845085744371146,-0.0009193515390985563,0.03401755333780293,0.01354265030029178,0.0,-0.014702871075800428,-0.021798317578135273,0.010569646457898874,-0.025861864033966342,-0.01760524358212623,0.008089828904375762,0.013800238794555664,-0.028809959332525947,-0.018726411062781168,-0.027456510915428278,-0.003331138128470912,-0.00817635200745026,0.001392936673386247,0.02350497796505302,0.008521673324230317,0.02139794426038305,5.0129406202359394e-05,-0.0006338316407023536,0.026636897248064617,0.022906167636954355,0.030946333778092416,0.03491866867506782,-0.02709402801511046,6.699870554099929e-05,0.0,0.003260459702559837,0.002612361181193179,0.03971399466944481,0.0,0.0,0.0,0.004900233005813326,1.1102230246251565e-16,0.007279063375783046,0.0,-0.004115539355714182,0.0,-0.0054806332120374,-0.017228105926888615,0.0,-6.561681476197068e-05,0.04365652731191072,0.0007275896191066278,0.03140537172839125,0.0,0.004062120142006298,0.058578756047867886,0.04163857223356193,0.010672979497633017,-0.0833207177115341,0.0264263153117707,0.025803084705785406,0.00449856092574491,0.0003166083461093594,-0.0053430590692052915,0.0,0.01379903483427991
0.01272095025712422,0.0,0.002202580754413319,-9.630670685284448e-05,0.003142651599067625,-0.021782707981610805,-0.012957114122200852,0.04686299974508101,-0.016832257736787093,-0.015208615607472664,-0.0001991957177349124,0.0011436733497788287,-0.015485382802499947,-0.00023855260994726235,0.0026398995203729125,-0.007547023245537521,0.012959974051656775,-0.009326721431428209,-0.0018219532385456705,-0.0019461068914412016,0.012353273887019678,0.002144166240666545,-0.005388931273650532,-0.005641645239514326,0.009308083828565128,0.0216447245924255,-0.009768999124908362,-0.002483911978232334,-0.013941510096819043,0.0048251720478801885,-0.0036412484028764958,0.0027413794202761355,0.025494160892240825,0.009124637705020144,0.01120726683480111,0.00712728056307993,-0.0010266933316819826,0.0,0.022755157199383147,0.03540634616981103,0.02811703231511642,0.02167178481446852,-0.0013861684141879826,0.0,2.220446049250313e-16,0.02806724839635144,0.03314169389279453,-0.0004960344677815143,0.0,0.0,0.012089957358807635,0.021554511279475275,0.0015511455028356935,0.0008758329978033608,0.0031205494059678984,0.0,0.0016126926616331083,0.012042712000068567,0.0,0.030965902169970083,0.03221730880454432,0.011756989216971991,0.04281840514935237,0.0,0.020965276210565653,0.017444898864922398,0.023307794291010764,0.03268570040396368,0.0014188470987889779,0.035608416291170786,0.0354236754222661,0.01914982189007791,-0.0017943552577824873,0.01755541886500306,-1.1102230246251565e-16,0.03035659184344358
0.002510676500343867,0.002202580754413319,0.0,0.017699540151526194,-0.0021698429866469082,-0.012862239185841506,0.006535399177111434,-0.013573908515006339,-0.004418622463841171,0.024446511824254002,0.00983603531434235,0.013678182780733239,0.028285204246136675,-0.0218014584506524,0.003672007865133331,-0.004424779262969525,-0.0002798183822038114,0.0037806278087245127,0.003010317384693262,-0.0005910290163195775,-0.02031144731236645,0.0044461363464515236,-0.013348431845089881,0.0011706522632974337,0.0034580078472636333,0.005921153389744582,-0.008425101648116606,0.02877750099920723,0.020036435336927394,-0.0039520224949304295,0.03831830177958229,0.044327716170236175,0.004073389395819138,0.0287907283600628,0.03425200822192953,0.017095985563231053,0.023569705849068256,0.024491807908454066,0.05190557576413729,-1.3721627044605e-06,0.0068369943688265655,-0.004783786688173197,0.045662021009982234,0.004985471705181599,0.0,0.0,-0.0009017298829684939,0.1588675143882543,1.5048088348956767e-05,0.0724114194028938,0.025919322715718396,0.05185213772422226,0.03210925533188713,0.07216852941729013,-0.002837793473740191,0.15440542422893555,-5.034945950038727e-05,0.01934709458035966,0.056086387821647876,1.3873527262675545e-05,0.0,0.0,0.0,0.19356229479617004,0.0011757836389929555,-0.001409932724324603,0.00014709737168766557,0.04122018468348987,0.0,-0.00016228189816197558,0.0022630352525508934,0.05674254054970462,0.023403480386188003,0.008052740223345567,-0.0014343400338270307,0.012977886341774214
0.0,-9.630670685284448e-05,0.017699540151526194,0.0,0.050962814009568314,0.012468995114985781,0.018359575032795394,-0.0026664627396765783,0.020167470418526512,-0.07113916189527128,0.052287508977763686,0.009057878419674203,-0.003650381277955972,0.09136274568692332,0.004434854456775494,-0.0004998415674798973,-0.0006034449335299841,6.852431469500653e-05,0.01888557052379719,0.006299079499864024,0.00014174842435293877,0.004820734650601954,0.0127648249824725,-0.005951443170397197,-0.00024010366700938368,0.0007497047379141364,0.008466581162780262,-0.008805715525020075,0.003469063517921145,-0.0057441680259482375,0.07746942517361527,0.007293877194170628,-0.0027371982582429233,0.0342074781809838,0.04695970933104848,0.030527083710605113,-0.013080930069399394,0.0037873366590920887,0.005415369653834601,-0.001921201648236226,-0.0009980401230841873,0.06781797081616808,-0.00337671465015954,-0.0016724228245336148,0.0,0.0,0.0,0.0008274659744101354,0.0,0.0,0.0002979764358150838,2.220446049250313e-16,-0.0001568270188562204,0.000734187604321701,5.551115123125783e-17,-0.00018600065119783737,4.7649735285759665e-05,0.0005828073577270887,0.0,0.0,0.0,0.0,0.0,0.0,0.0,0.0,-0.00013827426228474327,0.01993602832863922,0.0,0.0,0.0,0.018933920390957315,-0.003089198836985163,0.001203152213650971,0.0,0.0
-0.0029583224503821337,0.003142651599067625,-0.0021698429866469082,0.050962814009568314,0.0,-0.047516739608517655,-0.0061476146843572055,0.037503277284574144,-0.01576913958709908,0.023068793038722446,0.029618986117238788,0.01299218177233813,0.0017992786867009891,0.035300369725264624,0.0008859884513765515,0.012003911235278164,0.0037929913356594125,0.0073501167537997625,0.03270593133264993,0.004427461853227566,-0.0011561784640096717,0.01025474823192768,-0.0020516101832376843,0.008671093105501959,0.038298196301952026,0.002422066640141385,-0.005208825526260674,0.015141435669373426,0.017454511429981612,0.006410473051044474,0.03168170991142916,0.06439603241856079,0.0007438610264486334,0.037213578112795076,0.010612769860779914,0.07873678092256597,0.15263403499544598,0.052586797973441846,0.03166307251457273,-0.0007755636164828439,-0.007485096726480733,-0.002568286041737644,0.013252309974573828,-0.00200180861841609,-0.0006044527180849579,1.1102230246251565e-16,-2.0894043794517092e-05,0.010891656075258882,0.0,-0.04148001973896459,-0.012268120761075918,0.003691624220010792,0.021324709664437558,0.020099061227705772,5.551115123125783e-17,0.020262856642664417,-0.0022659775407177785,-0.019989453563940385,0.059920289660327475,-0.0006571807037080712,6.178180764776497e-05,0.0,-5.551115123125783e-17,-0.0007572054676245332,-0.0025053566650904413,-0.00035562226784557893,0.0004413118054246157,0.018984183103239127,0.0,-4.3993193026781174e-05,-0.0019053678042335598,0.017359021620254877,0.03240226525409545,0.004018673790957827,1.1102230246251565e-16,-0.003326712347703209
-0.018028932240445827,-0.021782707981610805,-0.012862239185841506,0.012468995114985781,-0.047516739608517655,0.0,-0.02046784978310623,0.003702644777310582,-0.009985758282638035,0.017330152638436735,0.025118423170415627,-0.0008583425238740117,-0.015390337545275301,0.001029281179893371,-0.012896508049099087,-0.01405624276755657,0.01501800502843137,-0.006150586799699098,-0.0026537507934282223,-0.017586699372987458,0.0018217898935176113,-0.015560165996608644,0.002136810195353611,-0.02711995152600971,-0.02289241942746001,-0.005294796307372784,0.01743486899784452,0.001169201743590198,-0.002668304111676678,-0.000721257514958773,0.013142792852101126,0.024095500027803585,-0.0027043602707971792,0.0034947869676829613,-0.0009865222418103947,0.02036556449606125,0.03332688621724916,0.010518146648044291,0.03422179463225544,0.0040900144174542685,0.033051162883373564,0.023274265933190597,0.03290629806952877,0.020550220302795352,0.0004827872660201349,-0.0021795313971939567,0.0054637790605355785,0.045772167455297774,0.0010724503549056075,0.03277334643587215,0.025544281493071586,0.03330511231105526,0.024162389809651852,0.0579579588053849,-0.0006653693852373133,0.05897116873919844,0.0027554359807555606,0.02092833512251263,0.04042262763478072,0.019735329338401553,0.006184843835471965,0.0,0.0008491276096194156,0.05158317179137761,0.01531726227123742,0.01360099873432985,-6.710263485643075e-05,0.02598011220778823,-0.00014540584406724788,-0.0012302295663019769,0.0027903128339185623,0.02606105283339799,0.02828567243889435,0.027169778084380425,0.013587653909349795,0.032648387107996335
0.0008756962792912937,-0.012957114122200852,0.006535399177111434,0.018359575032795394,-0.0061476146843572055,-0.02046784978310623,0.0,0.03318393041377726,-0.018431568374840557,0.01245081736326592,0.026934579852580742,-0.004958737059651719,-0.004090764594385288,0.005083552726785068,0.004462632261191146,0.0028442562430455176,0.010362711396533886,0.007029373903266689,0.020014174538006302,0.007642891496630111,0.021317376670416166,-0.0032193557792795646,0.01759963294874467,0.00913851325403403,-0.0042632487505587235,0.0008918197215125878,0.016620596381966946,0.011165626436959564,-0.000959423505631718,0.05043367000409088,0.02273372521634076,0.0292899716915494,0.0005371233884980398,0.025220818316815607,0.006549204439764367,0.03361461807440985,0.04090159115387321,0.02946704987106652,0.04036556528208274,0.0011246053717337001,0.05157421279289709,0.06981844683796518,0.0436913495453608,0.0003707245133917625,0.00039864563509128814,0.0,0.007895957600564107,0.03935645392203535,0.0,0.01937198011176855,0.03822706268784726,0.032390779342478915,0.03742849819600563,0.049167277815724164,0.0001978741212688151,0.05534949284446983,-0.0011192684586141532,0.027292442942831563,0.07001565888882888,0.0006031832723061847,0.001271310600532205,0.0,-9.93123650734895e-05,0.03535299761592503,0.01925308144696619,0.0703066001979592,-0.00031862457843440106,0.04863824984113363,-0.00021139591699648186,-0.0010329351763219696,0.004087173285774903,0.04758056367903607,0.029685687332016653,0.020360734631509725,0.0005449994410365866,0.032802186656565646
0.004577858211764041,0.04686299974508101,-0.013573908515006339,-0.0026664627396765783,0.037503277284574144,0.003702644777310582,0.03318393041377726,0.0,0.03885430803479456,-0.001249534230198801,0.040788618197503956,0.013683465215585111,0.02349539389023636,-0.03224905739793282,0.016492337582637018,-0.010634140435615669,0.0009741827062834663,0.016916977587255688,0.04504452763197381,0.006375548624705962,0.04446475499654984,0.016375535314120726,0.022522475210416892,0.011586665089290071,0.03703905616411718,0.023761300463191415,0.013748785132586316,0.019333106703064762,0.01582770498748276,0.013591659789018828,0.009391197833343967,0.034041079588706946,-0.06614906572400803,0.019365873525288457,0.028033320264064854,0.018323161917508324,0.06714785083414926,0.009339781783901602,0.03288104766963523,0.044529466433542275,0.03081286324698812,0.02527849372027907,0.05699817802855406,0.0016606719750744126,0.0,0.004550364776987004,0.006370013183096601,0.039620696130499344,0.0,0.0045028734977788365,0.003473058686523811,0.005305397192411132,-0.04947064638055393,0.0456031952279341,-0.00010639159284658861,0.06600752625301415,0.00017312947477915452,0.027394712084610306,0.05711500977069506,0.024636739524625195,0.0011149914096450497,0.0,0.0010527822995766711,0.05252319034032127,0.013852935649785236,-0.008830301080397562,-0.007910702882586773,0.020380817389194505,-5.551115123125783e-17,0.0014310303430332683,0.010538790535613685,0.013316254824770835,0.028377676960849807,0.005830431472972408,-0.0006049989229066077,0.04613813778784681
-0.006547216659902044,-0.016832257736787093,-0.004418622463841171,0.020167470418526512,-0.01576913958709908,-0.009985758282638035,-0.018431568374840557,0.03885430803479456,0.0,0.02406109330892492,-0.0011957824779681991,0.004391475148030344,0.00810046047363766,0.026108100556113234,-0.0014033524910024298,0.01107610927781677,-0.021453416405679382,0.010287405644733294,0.017902168447952893,-0.02603354603205682,0.0021697033412307887,-0.01425987014887209,-0.001994128984697807,-0.011630621338992342,-0.004410494874331816,-0.012271146924528353,-0.004054748498596772,0.026558745045535515,0.009475720622735329,0.017242505166454036,0.03750383182647621,0.04399227606167366,0.009445615884233038,0.03612314421949231,0.03154840622226418,0.035037057236694646,0.043930755849341474,0.02897811809672135,0.003949317676722963,0.0021638609716231327,0.03375291781557149,-0.002576075056764937,0.03990087703726547,-0.003506750403174441,-4.242281756744459e-05,-5.551115123125783e-17,-0.0005971050250273002,0.04391539368556563,-7.2291722016948334e-06,0.015666846187102457,0.03121367013212506,0.03876718471258145,0.04773925265636236,0.045193537817103,-0.0014698052407385864,0.07221800777123305,0.0013091919241827177,0.01599140457789272,0.05329325675111074,0.0007261836437248426,0.0004918152319936531,0.0,0.0,0.04596853752837737,0.027220825984190455,0.03869666600497529,0.0006426489915750122,0.03927645094269372,-2.5406702511554524e-05,0.00024065486414026616,0.00046027437933721105,0.05570072793669156,0.021905124975967305,0.0015927031175228534,-0.0012740750708675197,0.02218084807445664
0.027470896303215364,-0.015208615607472664,0.024446511824254002,-0.07113916189527128,0.023068793038722446,0.017330152638436735,0.01245081736326592,-0.001249534230198801,0.02406109330892492,0.0,0.04728104873051686,0.003259473432207727,0.007674259365889724,0.0439305481883856,0.004858479576395569,-0.017898185535033195,0.015932529379894367,-0.0016818886937161048,0.02288026580039776,0.0018226609841092145,0.006780366822328521,0.01715872450521244,0.017399711412175778,0.004903683869696085,-0.00342908577979939,-0.0150122899309027,0.026818486034267675,0.002258142229745852,-0.039855426467960364,-0.0004595652817488416,0.002459344635324212,-0.041732066331744144,0.02375790992542387,0.020015107256291187,0.02617148467585484,0.011782277099086469,0.05544437868098162,0.04680694024864662,-0.07557914857021703,0.01975383020400956,0.026958851734217637,-0.0034272756097314394,-0.009461825764448206,-0.0024669609430553185,-0.0011156677652328084,-0.0013108387243677133,-0.0013554399358735592,-0.0007491043238919692,-4.1048241226915305e-05,-0.0010118820326832645,0.015459099099857654,0.006339722280261806,2.340547925860914e-06,0.0010158604412189853,0.027909441546030256,-0.002426072164447901,0.013711850743520937,0.0007904037489867011,0.0,-0.00043564995754447056,-0.008405712895509676,0.03422209039333757,0.02957380114200997,1.3492771995915476e-05,-0.00021922344964225848,0.0003129224238543893,0.0019974798630517654,0.026855357915838596,-0.002524659964691145,0.02492945634808469,0.014819448893653608,0.01452128778054057,0.018216209953760998,0.002240047937023759,-5.551115123125783e-17,0.016058434897577634
-0.0045146788474489385,-0.0001991957177349124,0.00983603531434235,0.052287508977763686,0.029618986117238788,0.025118423170415627,0.026934579852580742,0.040788618197503956,-0.0011957824779681991,0.04728104873051686,0.0,0.012144835513339058,0.03950789471556615,0.04522350329334768,0.0,-0.00027932859006696287,0.005805098522799812,0.0012623309947404904,0.02280324229168257,0.0001377599032460486,0.008792277771711543,-0.0008773010710972917,0.007081383197695967,0.019694433379496334,0.010516093669837412,0.010095909232035516,0.01126783977548268,0.031818450064849735,0.006401404970605706,-0.0009228704606921712,0.06046274885045688,0.08811131110587217,0.007895917028802713,0.056457341022378704,0.05537065783407513,0.08064947952931134,0.06475048347005102,0.034884121414055946,0.04611151923456319,-0.0010443700217187546,-0.0021719002115185293,-0.001977664619084829,0.08067880186351745,0.0017785824431025832,-8.785948534223431e-05,0.0,1.1102230246251565e-16,0.07759668112041207,-1.3998410077209478e-06,0.06276793369025158,0.006325774270320439,0.00873426270305655,0.08009421283032186,0.06455920959289846,0.0004945206697884452,0.1945214849660315,-0.001785027514352333,0.024724172578516945,0.07643696140748774,5.551115123125783e-17,0.0,0.0,0.0,0.1788475867494541,0.0008148257902180767,0.0,0.0004272033576991352,0.05836275530038082,5.551115123125783e-17,0.0,0.00038352569517657864,0.05368908683715656,0.03238834955486125,0.0003452412172692543,0.0,0.002775512837482841
0.0009388515017825227,0.0011436733497788287,0.013678182780733239,0.009057878419674203,0.01299218177233813,-0.0008583425238740117,-0.004958737059651719,0.013683465215585111,0.004391475148030344,0.003259473432207727,0.012144835513339058,0.0,-0.012145218900664834,-0.0027554654682707125,-0.032374772554844056,0.002605937775912448,0.013162434182222849,0.007869532849398064,0.009731195024533623,0.0014254820269057888,-0.008149860319762503,-0.002661345913959834,0.004553422625550307,-0.020137385659686313,-0.008270866370626184,0.01752639975700815,0.006483271714482541,-0.005858716814537701,-0.0010994598249119414,-0.0028064719675764405,0.0026250310349537065,0.003787987596449216,-0.04406221624205567,-0.016633635175159034,-0.011590820948508329,0.010154446345426171,0.009878429876060746,-0.022815722608480804,-0.06198516099436202,-0.0012058914498513928,0.019615263052393972,-0.004076402712481386,0.0016419814443561775,-0.002337881470681258,-0.03657349300937113,-0.006806996384627895,-0.0008225365247856997,-0.0006792800366620666,-0.000803859611032326,-0.003087388222519083,0.0014065537003672968,0.018910708530230025,0.0007231077018161058,-0.0005719323245553243,0.022968275881122324,-0.0006256075117259674,0.014591531205533192,-0.004809684857148888,0.00024363653178810507,4.2901766095782e-05,0.002142866385714315,0.027835123553443752,0.02702819462615269,0.0009565572124163313,0.0002392400867001765,-0.0017127863602083848,0.0009778146154112433,0.025917708157128683,-0.01845199350130533,0.021134346571550056,0.007315619323211564,0.07825058818485664,0.009574589604444794,-0.0017082570936339248,0.0,0.012740387172163803
-0.0187769671974648,-0.015485382802499947,0.028285204246136675,-0.003650381277955972,0.0017992786867009891,-0.015390337545275301,-0.004090764594385288,0.02349539389023636,0.00810046047363766,0.007674259365889724,0.03950789471556615,-0.012145218900664834,0.0,0.0027997279077592307,-0.011362809396491369,-0.012041870848826075,-0.0037395393763748896,-0.0037546176944982523,0.03617481306621173,0.0007296892813943856,0.02027938051770828,-0.008455360046515648,0.010293595480812823,-0.01007297855879824,-0.010374042861963306,-0.00354102445777299,0.00811054450615506,0.006433420485478847,-0.01550429399389891,-0.004148483170710926,0.003474228459098283,0.03428214552057718,0.007855233497171432,0.013068522325088705,0.048277643776667656,0.010594617541981655,0.021989193312094035,0.034487971859620103,0.05425435143267737,0.06629735690273936,0.06424771328922274,0.09721717481743147,0.04720277313040533,0.10897914161434658,-3.70107484506943e-05,0.0007620104032967645,0.005455097955300692,0.04016938510619883,0.0,0.013597865047351831,0.034653369624842945,0.03590139984893248,0.03560858476599604,0.0461880910949779,-0.003695971766889572,0.05149492994238136,-7.242710307331368e-05,0.024289783728014436,0.047469561586716835,0.031667913044512885,-0.0018899459586796397,-0.00016561136048209857,0.001052660168877395,0.029117446587561546,0.023500088550114373,0.028888622948404996,0.0064438354918346374,0.04303245868985972,0.002571505556623832,-0.007070597698057068,0.008875214224428274,0.036928092992330075,0.035487521446794956,0.027237821521443994,0.015251741793116058,0.0362304730520881
-0.008923752517220551,-0.00023855260994726235,-0.0218014584506524,0.09136274568692332,0.035300369725264624,0.001029281179893371,0.005083552726785068,-0.03224905739793282,0.026108100556113234,0.0439305481883856,0.04522350329334768,-0.0027554654682707125,0.0027997279077592307,0.0,0.002425513085021147,0.0013183326580431531,0.00018809798869962036,-0.00028328371965735677,0.02994851342727084,-0.0006877694751709074,0.0013079496090175335,0.0012707686637333793,0.009183836680788482,-0.0021352053624866807,0.0014039500854418074,0.011364868566669017,0.0030614104677500475,0.02198460409441827,0.0021845736862265985,0.0009118595702467536,0.015259997117288482,0.03871226047163295,-0.0035969451436492217,0.01715784218448896,-0.0004914268940134914,0.019153658180721456,0.05580306021427153,-0.0014912463241594787,0.010833660869647654,0.0,0.0002578855016463488,-0.0005153064769503057,0.07090703981378205,4.029440600072931e-06,0.0,0.0,0.0,0.05067800124538635,0.0,0.007284162160415386,-0.01566417176926299,0.006111957327784301,0.08532431357666775,0.02959992494679642,0.0,0.082568090005465,-0.00024600473934227596,0.004550866040229973,0.10520146366725508,1.1102230246251565e-16,0.0,0.0,0.0,0.04431053263568846,0.0,-1.1102230246251565e-16,0.0,0.05290511228929179,0.0,0.0,5.551115123125783e-17,0.010444242265752246,0.0011421888769845845,1.1102230246251565e-16,0.0,5.551115123125783e-17
-0.003845085744371146,0.0026398995203729125,0.003672007865133331,0.004434854456775494,0.0008859884513765515,-0.012896508049099087,0.004462632261191146,0.016492337582637018,-0.0014033524910024298,0.004858479576395569,0.0,-0.032374772554844056,-0.011362809396491369,0.002425513085021147,0.0,0.00037522423776870095,0.008983174486674239,0.010609827686050122,-1.1102230246251565e-16,-0.014946321586501998,0.020068427936799138,-0.029967642021092422,0.004436042238585236,-0.04349226921779631,0.0024688580789815062,-0.011992800447914176,-0.03282802016186642,0.017682711481963598,0.0038664103046750498,0.008640491455682797,-0.015149404482147577,-0.0107317727717548,0.021772692714156827,-0.010721392432232024,-0.005172718237071883,0.005436306667958357,0.0001355617526508368,-0.0002734161227228027,0.021695293415250894,0.03516483136539744,0.033743407870192754,0.03176808286082111,-0.004968702061867503,0.0011576848889563451,0.0,-0.009421180412851726,0.03568386011835406,-0.0008938783512532078,0.0,0.0,0.030008214105335995,0.03245090428464492,0.017266226132062024,-0.0010743959699415218,-5.551115123125783e-17,0.0,-0.0010355716403164794,0.0315114399445664,2.294697420635039e-05,0.06400777290373416,0.03975161600577143,-0.0006411696999368277,0.008853468731227665,0.0,0.05091409033027933,0.015554139263393496,0.03393128195124262,0.06707163781026004,0.0001699137223781233,0.020008265041686957,0.03882637387099874,0.03670996884538036,0.024452460096714923,0.050211090885459,0.008350893204998378,0.04539779867508387
-0.0009193515390985563,-0.007547023245537521,-0.004424779262969525,-0.0004998415674798973,0.012003911235278164,-0.01405624276755657,0.0028442562430455176,-0.010634140435615669,0.01107610927781677,-0.017898185535033195,-0.00027932859006696287,0.002605937775912448,-0.012041870848826075,0.0013183326580431531,0.00037522423776870095,0.0,0.00707836440791848,0.001762722954527507,0.0003613287213229399,-0.02628898796544077,0.0007837173842337175,-0.02186107767079548,0.0013751929757890857,0.012736618111625075,0.006419773648058513,0.006287753154777143,-0.00780379902578987,-0.007453585828787246,-0.009070496162387087,-0.015761513171591357,-0.014337798056469842,-0.011362729302905328,0.007986682958741276,-0.009743363593836873,-0.005164273595873514,-0.0018722589152290747,2.7249824613384543e-05,-0.00045040100758592105,0.0010841163004642884,0.02692317980870923,0.030874303205623732,0.007004943688787235,-2.992110354732569e-05,0.0,0.0,0.02738824523155997,0.03037033393063915,0.0,0.0,0.0,0.004235809065017915,0.00043558552674788364,0.0037327054435061235,0.0,0.041924304047689986,0.0,-0.0009802848952087384,0.003717679780092631,0.0,0.029349329131498902,0.030418297323923205,0.042859920441805754,0.03317318517942491,0.0,0.0256871592535598,0.020172505244207717,0.031650558390175165,0.01422759044856231,0.0057685570549453336,0.028342008513936645,0.029386251976053768,0.03231064882120177,0.005591194271468591,0.02644254844167082,-1.1102230246251565e-16,0.03920605889733009
0.03401755333780293,0.012959974051656775,-0.0002798183822038114,-0.0006034449335299841,0.0037929913356594125,0.01501800502843137,0.010362711396533886,0.0009741827062834663,-0.021453416405679382,0.015932529379894367,0.005805098522799812,0.013162434182222849,-0.0037395393763748896,0.00018809798869962036,0.008983174486674239,0.00707836440791848,0.0,0.022931109746877953,-0.002282021812078039,0.008403102018092745,-0.0020754822682204632,0.01430896457825398,-0.0011252091336266812,0.03596891272045122,0.005813103952899856,0.0064776233819945905,0.01177052673438922,-0.013560889321290126,0.0008079969049900604,-0.0191399680398206,-0.01084511962254947,0.008825720641591928,0.030803389226761513,0.011921329189527152,0.03934334424634389,0.0067582226361799225,6.751760747381041e-05,0.043744436437522516,0.004680790788085865,0.03693541719151833,0.027303865236625202,0.001068440308486629,-5.551115123125783e-17,0.0,-0.004994743334394647,0.013583193424664297,0.003460217611045646,0.0,0.0,0.0,0.0,0.0,0.0,0.0,0.04391777579076156,0.0,0.03268695660129545,0.0009528106256375679,0.0,0.0004664419952112864,0.008951722164472875,0.04422150017010762,0.049577040188115706,0.0,1.1102230246251565e-16,0.0,-0.0005587269447797638,0.0,-0.009782832418700316,0.03876501270180799,0.03128462494476908,0.0,-0.0013873911188655996,-0.00018032157766700863,0.0,0.027453352902719608
0.01354265030029178,-0.009326721431428209,0.0037806278087245127,6.852431469500653e-05,0.0073501167537997625,-0.006150586799699098,0.007029373903266689,0.016916977587255688,0.010287405644733294,-0.0016818886937161048,0.0012623309947404904,0.007869532849398064,-0.0037546176944982523,-0.00028328371965735677,0.010609827686050122,0.001762722954527507,0.022931109746877953,0.0,0.0021228070655387454,-0.013531199617635103,0.003163453792773663,-0.009098705296438303,0.004908384233747232,0.028291416900786792,0.008296685067929743,0.010611755039356963,0.00021845143338633521,-0.005377155720758642,-0.006299312593169848,-0.039034528085273745,0.00949994678380045,0.01676769074457507,0.02817074687529031,0.02169645931330455,0.04267626041509359,0.002615853440268767,-0.0003592591935395184,0.025607681350789946,0.018071674053517284,0.03594848889289837,0.04000825312707301,0.011000975141330582,0.0,0.0,-0.0011379138527769506,0.024943651708762282,0.030656942292674683,0.0,0.0,0.0,0.0024224387300754158,-0.0005047576279341714,0.001679299951901414,0.0,0.04141193534238907,0.0,0.031887944118186184,-0.0009007560922643099,0.0,0.002600129288987063,0.028593010061430835,0.04849575115697652,0.037897634860003526,0.0,0.004932189168582735,-0.009958336261494394,0.044036507131430536,0.004943766531534777,0.012217770684644191,0.03467323867910804,0.03493271062494169,0.00344130080175703,0.002156182599834744,0.004551517497525248,0.0,0.03678609623093837
0.0,-0.0018219532385456705,0.003010317384693262,0.01888557052379719,0.03270593133264993,-0.0026537507934282223,0.020014174538006302,0.04504452763197381,0.017902168447952893,0.02288026580039776,0.02280324229168257,0.009731195024533623,0.03617481306621173,0.02994851342727084,-1.1102230246251565e-16,0.0003613287213229399,-0.002282021812078039,0.0021228070655387454,0.0,-0.0007341330066767404,-0.0011276414004206536,-0.0022443984752252844,-0.01966096360743108,0.00220133289307467,0.005992533726695504,0.0015578219865055587,-0.020913634214322796,0.03560148908284544,0.005475758408801157,0.0025399927501066344,0.05012923577731421,0.06175102783582692,0.0057886280461445505,0.045808887095110995,0.04192715950305764,0.05246122991238161,0.03977441398362275,0.02140751983323852,0.025049601199297833,0.00012609996468065932,-0.006672865408971496,-0.0017539152048928752,0.04718860459501889,-0.002999699757222918,3.5588710899370213e-06,0.0,0.0,0.08008178308585773,-5.551115123125783e-17,0.005833492006658114,0.010146449200135188,0.02386818248327338,0.050148018866738364,0.045885808930623107,0.0002624798893750002,0.15117330295696696,-0.001450210658200446,-0.017150946743200834,0.0718508257674691,2.220446049250313e-16,0.0,0.0,0.0,0.04859649294870777,-0.00015522193991729383,0.0,-0.0002953417945620873,0.03967519892469662,0.0,0.0,-5.551115123125783e-17,0.039029745504452706,0.006168627333523302,0.0026418574070308787,-0.0005351366803757474,0.04287486986871614
-0.014702871075800428,-0.0019461068914412016,-0.0005910290163195775,0.006299079499864024,0.004427461853227566,-0.017586699372987458,0.007642891496630111,0.006375548624705962,-0.02603354603205682,0.0018226609841092145,0.0001377599032460486,0.0014254820269057888,0.0007296892813943856,-0.0006877694751709074,-0.014946321586501998,-0.02628898796544077,0.008403102018092745,-0.013531199617635103,-0.0007341330066767404,0.0,1.2312099220368466e-05,0.0012762471740372372,-0.005318889246378078,-0.0006737149060787595,0.004762448351687099,-0.007425766955565738,0.0038380439943444533,0.014208912633276338,0.016980260911099665,0.0030557145654824813,-0.008364945710226002,-0.028466062664470715,-0.005739053873180355,-0.027671964357679435,-0.026069357701857754,0.0037325125959269956,-4.4808329500212185e-05,-0.0011972361309581236,0.02266147847201805,0.035275493862832574,0.03261543755089097,0.03696471321959316,-0.04049320396288397,-0.005463107326562966,5.0074190656279605e-05,-0.0018142171351483993,0.021940736121799087,-0.0026528096704617754,0.0,0.0,0.026651861574656877,0.020251171073284113,0.021279480968364517,0.010617204631383825,-0.00025149213924363645,1.1102230246251565e-16,-0.001118468837136788,0.03803364593959868,-1.1102230246251565e-16,0.03362185936217865,0.01742704250044791,4.7598018227235084e-05,0.01494105645045879,0.0,0.029679174054997814,0.024201519717223008,0.021407248140493662,0.04256991731689219,0.0,0.0208067397719639,0.027538548863856316,0.029335961796809862,0.029371882557678308,0.046001327750050836,0.0031258653347728815,0.029035058905352407
-0.021798317578135273,0.012353273887019678,-0.02031144731236645,0.00014174842435293877,-0.0011561784640096717,0.0018217898935176113,0.021317376670416166,0.04446475499654984,0.0021697033412307887,0.006780366822328521,0.008792277771711543,-0.008149860319762503,0.02027938051770828,0.0013079496090175335,0.020068427936799138,0.0007837173842337175,-0.0020754822682204632,0.003163453792773663,-0.0011276414004206536,1.2312099220368466e-05,0.0,0.010199365453432085,0.024008163297299323,-0.03239860290753954,0.00047385278963535393,0.016761955106185555,0.0028114412863144422,0.03189369669554282,0.033101786393921584,0.04368550264392962,-0.0022944497067162173,0.002589697033542171,0.03000974492192826,0.013365780952382389,0.010649493642952534,0.014656185840606573,-0.0015889748457397213,-0.014672909397854206,0.028142620477715763,0.056933182900341384,0.043902073061874325,0.03804285206329472,0.0004252752370386137,0.0,0.0,0.04493251514120811,0.04081786467473841,-0.001002278745272478,0.0,0.0,0.02364471689889236,0.03524321928015134,0.0031822822697804565,-0.0032649353958413285,0.0007727608530671559,0.0,0.0008200640720208985,0.03524754633913657,5.551115123125783e-17,0.05119053053086414,0.03463510164326711,0.0,0.0010191333087738452,0.0,0.04315218288157063,0.049994191055590775,0.025624334874796095,0.057658804186448365,0.0027068981070373366,0.012116745792696226,0.03580008322202499,0.03474332631004079,0.02897403642299934,0.06305353925223056,0.004193465664758533,0.04153097319431143
0.010569646457898874,0.002144166240666545,0.0044461363464515236,0.004820734650601954,0.01025474823192768,-0.015560165996608644,-0.0032193557792795646,0.016375535314120726,-0.01425987014887209,0.01715872450521244,-0.0008773010710972917,-0.002661345913959834,-0.008455360046515648,0.0012707686637333793,-0.029967642021092422,-0.02186107767079548,0.01430896457825398,-0.009098705296438303,-0.0022443984752252844,0.0012762471740372372,0.010199365453432085,0.0,-0.005066476149596766,0.006624979228566419,0.004705642096483387,0.004567613668138293,-0.01108144896772284,-0.0016271778111757729,0.003951295013065181,-0.0016767501267961893,-0.014117421724514523,-0.030338896717360564,0.0011781472731591802,-0.025956710193107357,-0.02356467200624751,-0.001319540888787607,0.006352271715886371,-0.0019019116955619753,-0.0016894062478633454,0.03753588254663798,0.03055992892766113,0.009299924546577187,-0.007520739716278091,-0.0008093355323415263,2.565728525777411e-05,0.051472821321942974,0.028468956312014293,-0.0013708302394213612,-1.2618259784769048e-05,-1.5747316826908442e-05,0.005833633369855262,0.021358385375909172,0.008151126020880584,0.000766853083169039,-0.00123075389186722,0.0,-0.001917496089303583,0.02994060184291597,0.0,0.04011296733865183,0.034140843742746785,0.0003429152820428327,0.03158708771748564,0.0,0.021947714568405052,0.02739513819903322,0.01875845830521905,0.043837314034915364,-0.0009551136045156117,0.031340132424297396,0.029596288472614196,0.016944582021548416,0.016963471555527965,0.032851436699374126,0.0012977265966615525,0.038946009707552354
-0.025861864033966342,-0.005388931273650532,-0.013348431845089881,0.0127648249824725,-0.0020516101832376843,0.002136810195353611,0.01759963294874467,0.022522475210416892,-0.001994128984697807,0.017399711412175778,0.007081383197695967,0.004553422625550307,0.010293595480812823,0.009183836680788482,0.004436042238585236,0.0013751929757890857,-0.0011252091336266812,0.004908384233747232,-0.01966096360743108,-0.005318889246378078,0.024008163297299323,-0.005066476149596766,0.0,-0.015548996726171438,-0.021737190341964363,0.006057902204275878,0.01603758675961331,0.010559856182625449,0.008233047049675257,0.00624894867793363,-0.0037417933742383003,0.018766667350949784,-0.0052652967197988065,0.001353585554052128,0.007723105991906953,0.03386028797983681,0.025950407650260743,0.004611176505791514,0.04216666887475068,0.05994795100637895,0.04831238679598915,0.05613042861239237,0.031163826356645608,0.02587308662854082,-0.0011698552239504667,0.003101459337220447,0.01399746226044385,0.07515153850020678,0.0015548626798935206,0.030100757160038683,0.014977383547118195,0.02412749731906605,0.010721959595191344,0.0542118686358698,-0.0017713118693611363,0.09759962267967459,0.0029173746312406434,0.027013132864384393,0.0588225690989328,0.035735744743238984,0.013601925610257637,-0.00011578744337359392,-0.005030220028487575,0.10264182816889145,0.039972020355895144,0.025630624439990757,0.016736003181989145,0.0371649958752992,-0.0007558928238374785,-0.000448907793901443,0.014121278364119583,0.02352357154110324,0.035049071281875954,0.04598855378061495,0.021119664970171093,0.048472313268793865
-0.01760524358212623,-0.005641645239514326,0.0011706522632974337,-0.005951443170397197,0.008671093105501959,-0.02711995152600971,0.00913851325403403,0.011586665089290071,-0.011630621338992342,0.004903683869696085,0.019694433379496334,-0.020137385659686313,-0.01007297855879824,-0.0021352053624866807,-0.04349226921779631,0.012736618111625075,0.03596891272045122,0.028291416900786792,0.00220133289307467,-0.0006737149060787595,-0.03239860290753954,0.006624979228566419,-0.015548996726171438,0.0,0.008758302516585714,-0.006720031855102893,-0.03698699661511268,-0.004318469778346212,-0.021831442594357153,-0.00014655123111639856,0.013795042747684005,-0.021269206942059415,-0.02279885396552142,-0.01648992164878904,-0.010415605350640567,-0.006238036810426673,0.008523752392096962,-0.038607274866737984,0.024835834156189174,0.01304874506077719,0.0023165089380644543,0.015551474586590508,0.00047109972534870037,-0.0003778698573790318,0.002385203167265759,-0.05249673660123333,0.008019186236655984,0.0,-5.551115123125783e-17,0.00045733918880874747,0.0006001466021381408,0.00045588114498773535,-1.6653345369377348e-16,-0.0007778519598776734,0.027188249925565455,-0.0006076308976319944,0.00045588559353654245,0.0030135699253782122,0.0,0.002247967216647273,0.014571370653814864,0.010285679479246967,0.014663376019140417,-5.573253391716326e-05,0.0010978271014967511,0.001306254777019844,0.003950714581413606,0.0006806955216807631,-0.06308682648153652,0.006017628095750127,-0.00043522792973577085,0.0010570427511113478,-0.050174988397122866,0.0009929044817117982,0.0,-0.006870303103870656
0.008089828904375762,0.009308083828565128,0.0034580078472636333,-0.00024010366700938368,0.038298196301952026,-0.02289241942746001,-0.0042632487505587235,0.03703905616411718,-0.004410494874331816,-0.00342908577979939,0.010516093669837412,-0.008270866370626184,-0.010374042861963306,0.0014039500854418074,0.0024688580789815062,0.006419773648058513,0.005813103952899856,0.008296685067929743,0.005992533726695504,0.004762448351687099,0.00047385278963535393,0.004705642096483387,-0.021737190341964363,0.008758302516585714,0.0,0.013367663713733657,-0.006218494643676409,-0.00288648202001901,-0.007040430059057523,0.0012393628088573916,0.00937485578570385,0.023311256222752486,0.018729491554555666,0.021966771559891962,0.04589926640214642,0.007508718292465966,-0.0006669140821288777,0.03861944505200765,0.027171094037407584,0.03511255906056504,0.035506928610125665,0.03914019433367355,1.7468374085782834e-05,-5.551115123125783e-17,-0.007024887679538128,0.02085927275482885,0.02897453265580474,5.551115123125783e-17,0.0,2.220446049250313e-16,0.009047010124646648,0.001383339626238933,0.004087321497117047,-0.0013094202812716227,0.029491896670139517,0.0008151510033869713,0.018474802042603544,0.008355170109310472,0.0,0.006655474833731967,0.03372670176318443,0.04432776144926548,0.034977760994956364,0.0,0.021025142732397806,0.012985537538715952,0.03973515189754773,0.012069216079007405,0.003865762879182333,0.03249701184156062,0.032934286306381066,0.006194116149772444,0.0201283053038101,0.019343693584071286,0.0,0.03656618461357547
0.013800238794555664,0.0216447245924255,0.005921153389744582,0.0007497047379141364,0.002422066640141385,-0.005294796307372784,0.0008918197215125878,0.023761300463191415,-0.012271146924528353,-0.0150122899309027,0.010095909232035516,0.01752639975700815,-0.00354102445777299,0.011364868566669017,-0.011992800447914176,0.006287753154777143,0.0064776233819945905,0.010611755039356963,0.0015578219865055587,-0.007425766955565738,0.016761955106185555,0.004567613668138293,0.006057902204275878,-0.006720031855102893,0.013367663713733657,0.0,-0.015600335300739232,0.00652558275112658,0.001743130275463134,-0.01172443116999028,0.0006312853407463015,0.004333220039201724,0.010029160091591771,0.009447975327731117,0.017515315749296545,0.036036465658258354,-0.0023187926688987837,0.018509945710565023,0.011887146509181323,0.02266560949946811,0.03112620713429981,0.005632575942818185,0.004399362948665997,9.842157685141517e-05,-0.002676977814223991,0.01649865874362849,0.03849417129102323,-0.000562699410827372,0.0,9.070121399001874e-06,0.01134660072230026,0.011549729600735303,0.0008905471648583685,0.0020950625115424004,0.026238436309985513,0.0,0.014487259980901002,-0.0028057173785239753,0.0,0.045150954633534746,0.042071296278171244,0.04038763973653603,0.0339762038515366,0.0,0.010331190166073423,0.008275845563522566,0.025724551857024047,0.025380303323053632,-0.023936350053617828,0.03121374558036777,0.02854347247979544,0.01308592377915413,-0.0077972362292821895,0.013559519649413765,0.0010835846694450257,0.03201217345480811
