0.0,0.4393161489068381,0.38373824714482074,0.0,0.4036218820680184,0.18535875391236684,0.2787576833039812,0.4739263393643937,0.42853943822450924,0.3104409892266089,0.4507952593550487,0.2481531115997542,0.4238020985773071,0.3106939504158015,0.3420819831153928,0.5693448490491161,0.49905197521675426,0.486659258606086,0.0,0.42863323947337234,0.3801662546764963,0.2937502198663191,0.39077879138417465,0.4591734110670783,0.3784967529922313,0.5177313366730831,0.41105146108822854,0.2859515603542818,0.48106806705485605,0.6701446644799489,0.32628931714293774,0.5704245264202779,0.45856305109047224,0.30358988631871575,0.45490110313898324,0.6168202321638248,0.49719204157735597,0.4306782735036803,0.2779156867631781,0.422693826968111,0.32519013661769225,0.44018178223104365,0.5077322778207572,0.0,0.44555189224804465,0.2753919066338132,0.2892594789617133,0.0,0.0,0.0,0.2933096901688078,0.0,0.6046939638982671,0.0,0.21611692136180324,0.0,0.3507670856017442,0.8143659788350479,0.0,0.5815278914188807,0.3808448241311606,0.2832450592502839,0.3829817303042897,0.0,0.2230116501416083,0.33774233894543326,0.40274457103161443,0.2868082749912245,0.6344061580967674,0.4474531119453332,0.3398028155146481,0.29165414080357926,0.3983498190471396,0.2663521877356272,0.0,0.2802098265407542
0.4393161489068381,0.0,0.34307996366458615,0.3225703329124257,0.3437985897495577,0.2588025830276257,0.3691482545411405,0.6406897426216038,0.18665658295190893,0.6475315843751026,0.3194824785028358,0.4426204983911667,0.4181800331500857,0.5263807901533181,0.5132017383789255,0.41303353464486425,0.772840716730238,0.4515637109551264,0.6084464669767333,0.3136842825171855,0.49860904938183875,0.39403256742930315,0.49756997735311886,0.4318463117160112,0.3650650551365587,0.3095180664355005,0.2683964518332305,0.5003383029325792,0.3169403962987461,0.47326977338367027,0.47025626132003195,0.38617680373272056,0.29388664089705024,0.41570234085283275,0.4321448228974695,0.5031328140464592,0.2270267903539549,0.0,0.2813550041866334,0.4649598586998367,0.3156281025936779,0.33768544680598045,0.6687372620764447,0.0,0.0,0.23948052907946127,0.2714528085763776,0.03868474420666605,0.0,0.0,0.331782732346101,0.37962677266566947,0.550245096201528,0.10099553415393875,0.5851448268635184,0.0,0.4191821966916184,0.40608058673687003,0.0,0.5404580918835531,0.3546720480295172,0.6661189772660333,0.5315619211681977,0.0,0.32678299789276044,0.6116381715356607,0.4120521799773611,0.3514605593648083,0.4376410319901417,0.445679008701523,0.35875601727745243,0.3013401791957997,0.49363815593115457,0.3519949922973353,0.0,0.37038096523951575
0.38373824714482074,0.34307996366458615,0.0,0.3887011262889704,0.4044949168802511,0.19762614654444183,0.34592713320863633,0.42802152953689343,0.23405022097928357,0.323150694842,0.3478138757841264,0.38970109432783584,0.4625357762030941,0.32195996830100393,0.33716427124696124,0.3963013259770676,0.6399869485894942,0.5107201579133657,0.1774215586204377,0.2523260300571454,0.42563470214403587,0.29109854525698864,0.2850862249222661,0.22230953459050082,0.35964103051392393,-0.04276347039782419,0.36663751790269183,0.5386686121250309,0.6825150908655453,0.5818149728248916,0.6129056933075878,0.3438258530372843,0.414051667332625,0.5406338525298366,0.44245261786778517,0.3934856687816166,0.3394804675173776,0.40187647498694923,0.47580645693732027,0.46884376170655095,0.5037672024167553,0.5275652403214556,0.5814322474529899,0.6244170455914736,0.0,0.0,0.20445512150871525,0.2020602675176048,0.50600062651167,0.45867493970411344,0.44501539883308255,0.49626721298516163,0.5921857732731614,0.6966994789915961,0.40294985133196554,0.2860372660431495,0.5373970882771998,0.2881539689097949,0.38807489630204917,0.2823581746738078,0.0,0.0,0.0,0.15087733719531451,0.6759754631920032,0.4698505243105177,0.12633370946060873,0.5003736266400647,0.0,0.6669371581649073,0.35976831759333616,0.562880838476935,0.32831383174793494,0.6371526145398445,0.7277508468955496,0.29917131324554447
0.0,0.3225703329124257,0.3887011262889704,0.0,0.25072501282118875,0.24832540460521313,0.1634322065511242,0.3713313368278831,0.44708338213675664,0.2591301444259315,0.2878666627778944,0.18284042950576038,0.2856267113120414,0.5658636543869813,-0.003101424298185773,0.08033047229286006,0.5851437431612081,0.5073390266452318,0.44987894069444945,0.3286451406137752,0.44245197718098944,0.35678147830301354,0.23644829395424766,0.251673240320687,0.9255863162551636,0.6433885688130773,0.28036022180295816,0.29749103638728586,0.12797946392838766,0.46397269586033624,0.4948700792078258,0.0707777992297215,0.19553474740411086,0.33825539656689735,0.3888591433674509,0.37616572834780665,0.13799955259327357,0.321787302461386,0.07231383833323136,0.3053740915769634,0.3671661940519797,0.29432929515791906,0.22194843460312472,0.2380613767795252,0.0,0.0,0.0,0.43346751081186286,0.0,0.0,0.3030172107554121,0.0,0.48329612065905303,0.02425994470702054,0.0,0.18353801317393353,0.39297539611564847,0.4977617477278722,0.0,0.0,0.0,0.0,0.0,0.0,0.0,0.0,0.5080824466690019,0.34918556594327893,0.0,0.0,0.0,0.25657288927798066,0.4864702339587544,0.6194336441218153,0.0,0.0
0.4036218820680184,0.3437985897495577,0.4044949168802511,0.25072501282118875,0.0,0.22018883228888647,0.15590834582347454,0.09714707178558335,0.336188071054053,0.3150833437141244,0.22117916488443803,0.25574850459383036,0.36415253130792186,0.26637899364802553,0.4916046506775864,0.4363813586030977,0.5463637021880368,0.27040135919046293,0.4856936183489039,0.31808304112232605,0.4891365952752419,0.3728812477040736,0.08615731072971217,0.07437669029049065,0.2541279398117634,0.15587328119207552,0.29109770305970106,0.10312221727290072,0.39804128409103545,0.47492759703097737,0.3572774422733097,0.07796335684452865,0.26837672400471624,0.2683463408907551,0.23229486513659658,0.22265010976888788,0.21649670899895318,0.22856534479827884,0.009633082893965028,0.7013836595874993,0.5643532024166178,0.42559480757366297,0.4445115733957296,0.6805273473648101,0.2615748055587704,0.0,0.3926657889282461,0.4528651879440777,0.0,0.3698772012319602,0.3145495922970265,0.5025150511286962,0.5269360595195256,0.4292506726081607,0.0,0.46681498114324893,-0.13813042953952806,0.68806876416926,0.3198111304162302,0.23892217812082145,0.47979605421617755,0.0,0.0,0.4422614382414287,0.3441340359645132,0.4950387392526617,0.17940952752030417,0.33954298880888845,0.0,0.4692178546458683,0.2792195775487497,0.37573198247854717,0.6298916579104178,0.4207275693259289,0.0,0.5297499254578526
0.18535875391236684,0.2588025830276257,0.19762614654444183,0.24832540460521313,0.22018883228888647,0.0,0.20073884138043702,0.2395052396342086,0.3412207012297869,0.34452777975895443,0.3006201546940338,0.36472533912965455,0.24210416757181272,0.05806102511335692,0.22266033664215978,0.3804412123366889,0.4186332750480085,0.43582323419523444,0.20275811759264006,0.16154555028314663,0.31180068935404814,0.1783742941716462,0.24901084988257577,0.008047478647755124,0.18132528718739307,0.25743830578188726,0.24857011205762417,0.376714441305007,0.3139063690170622,0.44153637069261764,0.4151203573928831,0.12112670113481447,0.46244890289104845,0.2969721567712087,0.10835657930024839,0.15414987988764628,0.2477697279815587,0.27369435486688515,0.10455302791062474,0.3252867458138068,0.2391551647492036,0.48668410855189226,0.4921249607045375,0.5240545373884725,0.20521007006854405,0.580597121621492,0.17030132276944535,0.3740203079850602,0.5960124954267783,0.29336211527400374,0.29312570719705044,0.319069497388848,0.38617953742023287,0.46906472502780816,0.6689748509749884,0.41561875145984223,0.014912001313181822,0.2650832027106564,0.5884863766196278,0.2736454740035483,0.22764814292082425,0.0,0.5513298031244536,0.3454738766366677,0.30794103206574397,0.18838250005641788,0.23739628300458268,0.2630430601960675,0.625044119458048,0.2816668909632889,0.22380807550562132,0.3019125997083539,0.24613270948291466,0.2501985701680962,0.4885740974140437,0.2779186325343732
0.2787576833039812,0.3691482545411405,0.34592713320863633,0.1634322065511242,0.15590834582347454,0.20073884138043702,0.0,0.09355677488966091,0.4247424116891817,0.1273642421872771,0.2815638504457503,0.02323047829821462,0.34270630259212903,0.27960779203580866,0.5002076257986172,0.46014889649051965,0.23109366149073945,0.46404996386770414,0.399130920591784,0.3590127573492443,0.2034606113021319,0.39899881997935915,0.22358771271637468,0.23116281037810818,0.35746596760991645,0.39503748766303043,0.2183834686460008,0.35475386007132526,0.33124653506010726,0.4845225057886676,0.24869704891780142,0.0825300085485012,0.251906267499402,0.17038622877062265,0.07157057112081766,0.12614529514204914,0.17467401948525224,0.24104850173340553,0.07703489644147077,0.44907066874570145,0.13973714016856817,0.5223644584755824,0.590702951967508,0.8419056709558855,0.35292753492577866,0.0,0.22213911656513874,0.2694048109646683,0.0,0.5521352682217603,0.27808002740222054,0.6501433937226109,0.5249220138847185,0.3504829442694012,0.6107067636764218,0.08994605817475437,-0.12446243422245887,0.5136019600782356,0.34866385478541606,0.3347332597041235,0.24773445447135234,0.0,0.5367672708254254,0.6085782883952149,0.6686294418495756,0.5087217727030489,0.24519345622907973,0.26739469230012863,0.5056304186686877,0.6365147681599015,0.28814716804659046,0.27670718233779157,0.556436066007573,0.4341710272359608,0.7677314035412484,0.5215705075415101
0.4739263393643937,0.6406897426216038,0.42802152953689343,0.3713313368278831,0.09714707178558335,0.2395052396342086,0.09355677488966091,0.0,0.5009278446141101,0.2953698161994782,0.33271445227384644,0.20524576621187468,0.29957828868098624,0.41535350398860793,0.394475649768718,0.6349594581719312,0.42743552517136996,0.5526226699686662,0.36701677824647716,0.21609222821720953,0.18784223720826515,0.597054116718094,0.314204371110005,0.3432174791137149,0.40314678033467366,0.49963927962708304,0.36157159855792065,0.32176458539136155,0.24548410435121668,0.3380335790473037,0.37790254062620054,0.3980683927119176,0.4983280233777624,0.3460316090387814,0.2622670358993304,0.5681953416384096,0.452402898087062,-0.1262546622178773,0.29608211748856705,0.4601191661439602,0.09278901241531223,0.5328651078922054,0.5937337112847598,0.4372972872371044,0.0,0.5982648116277378,0.26292260666182626,0.5121832442323795,0.0,0.5924682602850102,0.27697456856051483,0.31459161694781007,0.4313730451739567,0.4919886682890397,0.8794188659501974,0.5862778677702952,0.9559187348595876,0.24902638850737793,0.5010501257131246,0.4171094651685956,0.34228242581905355,0.0,0.7038076074688919,0.6618257563693828,0.586978729799903,0.6046438627031698,0.4998594706567324,0.36386770539661106,0.0,0.049205830103413284,0.3400533768877928,0.29002169199500616,0.24836905051325642,0.3022471842982768,0.45699334846949874,0.17946069820635033
0.42853943822450924,0.18665658295190893,0.23405022097928357,0.44708338213675664,0.336188071054053,0.3412207012297869,0.4247424116891817,0.5009278446141101,0.0,0.4839622761357322,0.3953311332530541,0.4540583165262601,0.6484077937339316,0.4143303993291064,0.2274415916661638,0.24332568779717356,0.2832775346505426,0.4376316641548565,0.27675109183730406,0.11848471115469467,0.38535766254207493,0.15263920360073394,0.3640540573265209,0.3968389609045362,0.1714350810538683,0.11941438131666174,0.39137833224882534,0.5388041418230662,0.3486906149898255,0.5307466964388401,0.580929038598381,0.5481265691717644,0.4940902923033125,0.5401480895329867,0.3968916778860481,0.44590662732399433,0.44583347091938536,0.48369163678300514,0.23428741113023155,0.5215988813057871,0.15409987525303345,0.11085293058242077,0.5387497283484379,0.418629550566919,0.28330067489791855,0.0,0.4913779053413189,0.5662036812912132,0.4865025703832314,0.5665473004794718,0.4379118927843424,0.5412447809893572,0.6333290035532456,0.48917946312760535,0.21599769503507826,0.4916539643945288,0.37134982338992983,0.33980280261837736,0.5253738251496405,0.4554798040386427,0.6386694340960992,0.0,0.0,0.4862433998134082,0.6406367857176958,0.7309628983724478,0.09048420707237242,0.532754713296272,0.3396327950041012,0.5480582486450276,0.09320500324570943,0.4936637148676594,0.3845454213217767,0.5580013947519883,0.47742069708699847,0.5775454430145495
0.3104409892266089,0.6475315843751026,0.323150694842,0.2591301444259315,0.3150833437141244,0.34452777975895443,0.1273642421872771,0.2953698161994782,0.4839622761357322,0.0,0.4296609636077414,0.34599621976761796,0.21378951487430609,0.4823603487987214,0.7820046930874653,0.35264909040761316,0.39346536832446144,0.2325649706673578,0.3439225968154732,0.4377294278323254,0.33865983156264384,0.4739393958277036,0.22067607130675126,0.24971046075301642,0.3751367869295922,0.38431710077384884,0.30174898053951893,0.3789205186116237,0.35901883394065903,0.14397497757709804,0.36780156735717734,0.16462879829352284,0.5207955212482411,0.4324756592093088,0.46615246475518224,0.38381869005414704,0.2854721169204256,0.3857787372719196,0.2171500715638357,0.3610070881085377,0.2577462037342839,-0.10884193912912005,0.19026896596553428,0.33132937245752736,0.24522829065988833,0.6362329035037722,0.3990467356840545,0.16883231400416832,0.48569719812549295,-0.15614048776480915,0.13816577995825716,0.04870461851593291,0.6044191514785754,0.14834961172345398,0.3311504550876645,0.030458126018650417,0.41412642149191325,0.3593511661284737,0.0,0.9560858156182332,0.5237525485845376,0.35784662930023614,0.36265933777017934,0.4814356093405928,0.5055366467048923,0.5848107958854403,0.3426992247864522,0.31030083857820384,0.0767580525839272,0.399641706347119,0.3271177736618338,0.13274424056385098,0.34113723754383984,0.45201648792635674,0.0,0.5882623999415552
0.4507952593550487,0.3194824785028358,0.3478138757841264,0.2878666627778944,0.22117916488443803,0.3006201546940338,0.2815638504457503,0.33271445227384644,0.3953311332530541,0.4296609636077414,0.0,0.3618508972357156,0.38575417335155754,0.40220083953354857,0.0,0.523885078757821,0.27736819721398864,0.25491639808524,0.16335087756820743,0.47946593555870604,0.5587895253349353,0.05360678406494035,0.30332822335435655,0.3157679122537131,0.38545238694984807,0.6131796065162929,0.4414639158691942,0.43634469163446377,0.3954707299549864,0.5146884513047868,0.4060840847046206,0.31913818821920337,0.28683513248131587,0.41309828070958005,0.32859829082412856,0.5697796358409537,0.5093774891862977,0.38339824376554554,0.22885024958965533,0.47862748421719203,0.02811645936962509,0.456014407781856,0.5228454309658405,0.6008905711771305,0.19167776180473012,0.0,0.0,0.18845817505943374,0.46922753154456537,0.2896996947155867,0.3824959559175361,0.2544966675059943,0.4933743296497336,0.5201461804048285,0.48605650772053344,0.1368307154049415,0.12282553892251469,0.18710872506861975,0.17434745588428122,0.0,0.0,0.0,0.0,0.18412472345615238,0.3817116619530915,0.0,0.7301081618623668,0.44216747444923943,0.0,0.0,0.9208653466305727,0.49634646131688,0.33538215774407,0.4073260120978993,0.0,0.5411288822689903
0.2481531115997542,0.4426204983911667,0.38970109432783584,0.18284042950576038,0.25574850459383036,0.36472533912965455,0.02323047829821462,0.20524576621187468,0.4540583165262601,0.34599621976761796,0.3618508972357156,0.0,0.15579161867010322,0.5778585766291274,0.3890443930208021,0.6339543181968591,0.45597848879998104,0.4910874722534897,0.39058753716860584,0.3408046870758031,0.46237510471368465,0.6333459419982498,0.19410113397972406,0.21271458596142048,0.28825142538822923,0.37863836462578193,0.31153689818264363,0.3158088934979002,0.25254428436739734,0.3369643251711686,0.27409577737920277,0.19715464762160045,0.45736581417496464,0.25897744306102405,0.46348606536090575,0.3314237425678877,0.25067693045027084,0.19976175463840956,0.3011567537210911,0.15517116091379932,0.32123160736247247,0.08774840210733581,0.2226373099056827,-0.0557444292964156,0.3477801607433285,0.4768893065693173,0.5851201370674005,0.0642128995428426,0.20055721043313135,0.425081391310531,0.028958251435071664,0.008172195068186894,0.08542918466047475,0.17689313681022434,0.3650552359517468,-0.09734001702268047,0.5085839923182458,0.23546282854723574,0.7070444684444164,0.6871488766553628,0.4917559968101508,0.38903555654117866,0.3732131374887928,0.2076674005480444,0.7556223111894527,0.8001960305180549,0.450807609254952,0.17424331588003505,0.135343201691476,0.40481656039520353,0.3449475819201774,-0.03316852209516177,0.22226777379204093,0.4972146404122165,0.0,0.5517315075528216
0.4238020985773071,0.4181800331500857,0.4625357762030941,0.2856267113120414,0.36415253130792186,0.24210416757181272,0.34270630259212903,0.29957828868098624,0.6484077937339316,0.21378951487430609,0.38575417335155754,0.15579161867010322,0.0,0.4682020922329512,0.48663554494336797,0.4877764480101334,0.14942866720297135,0.34378463971431095,0.480095473270733,0.4311902190280156,0.3512082897632619,0.43543385794627776,0.39651002843782235,0.16475774268454974,0.4301779589516648,0.40153413007404876,0.41850150273773534,0.4179870418180616,0.3454464920595171,0.19974199596002395,0.1633454613401221,0.17242688225840758,0.3359874473068123,0.12383280909360644,0.15035797431620646,0.33592113594257783,0.27060365199885694,0.17110045193733625,0.1456872513149144,0.5466400801273843,0.22467895044453212,0.18055013204494008,0.6005555240295108,0.3743410606387726,0.4405560766132146,0.5750791851715497,0.3735591611887096,0.39876518792881727,0.0,0.6696568279874122,0.3459527507107617,0.3727353292747161,0.3272274177937623,0.5029201422037135,0.5663447898179885,0.31706250027437877,-0.16866223717128725,0.4615577178815713,0.43624719513286636,0.49207405297330864,0.2785202012569177,0.4231237593035123,0.5839045012218379,0.35902325129078405,0.41333305078726845,0.5926698796435064,0.32646468426608977,0.3405786818098435,0.5163484797073221,0.2549281605443271,0.3147130426885348,0.3770423064826394,0.4727581885049239,0.3832091747648262,0.5523864088811895,0.4322539693167206
0.3106939504158015,0.5263807901533181,0.32195996830100393,0.5658636543869813,0.26637899364802553,0.05806102511335692,0.27960779203580866,0.41535350398860793,0.4143303993291064,0.4823603487987214,0.40220083953354857,0.5778585766291274,0.4682020922329512,0.0,0.5558650037295199,0.629906918855345,0.4849813444225137,0.49837589317968467,0.30420571177106714,0.42464802514710676,0.25332692752578256,0.2844083010346504,0.3753011107949439,0.7155147161367046,0.522133280742039,0.49869505104053746,0.4049646515327555,0.5596117347927025,-0.13207864036729391,0.7963953667298291,0.7010755213521781,0.3797285429418983,0.24306651080709968,0.6843336873564909,0.3640275524639794,0.45031054697958545,0.23339553730283968,0.4018606464870065,0.7169789091605391,0.0,0.7178874625144844,0.8348247498691777,0.5900856951124809,0.5055613581944304,0.0,0.0,0.0,0.4223073627276726,0.0,0.34950086503466793,0.47528680092224185,0.47515475352274095,0.5735028155738311,0.4780645079797416,0.0,0.47637236807061745,0.4019112270576535,0.7074280866093356,0.019822463432697224,0.0,0.0,0.0,0.0,0.4032688120856367,0.0,0.0,0.0,0.7053194237723255,0.0,0.0,0.0,0.5196700294968678,0.7105734099258565,0.0,0.0,0.0
0.3420819831153928,0.5132017383789255,0.33716427124696124,-0.003101424298185773,0.4916046506775864,0.22266033664215978,0.5002076257986172,0.394475649768718,0.2274415916661638,0.7820046930874653,0.0,0.3890443930208021,0.48663554494336797,0.5558650037295199,0.0,0.5746829204019839,0.18050384798874913,0.5032858681223352,0.0,0.6068213620161796,0.3161723508313532,0.26946111449121,0.36308974766472546,0.38740828590515386,0.47667527838410506,0.5915579175465955,0.36970482640788704,0.18306726987319757,0.35467078638237276,0.3327806557371427,0.6400929894200511,0.4269653965887355,0.5990017796608492,0.660831871606042,0.6185205142034937,0.6406939000127967,0.23610853699511075,0.36496513884630755,0.45328712075628586,0.5422508940115428,0.518113690434722,0.39836036918507195,0.5146594935363721,0.6162474778737987,0.0,0.6391647873820945,0.42065489562848063,0.47354237319386233,0.0,0.0,0.37333550558520656,0.4891343819721392,0.2646124966064286,0.5338575435594719,0.0,0.0,0.7019950898613943,0.33195880189180393,0.4833314149604206,0.6417474950339108,0.5052970916948802,0.6629287884438322,0.756601124088768,0.0,0.670820034549414,0.3743959811150144,0.7431108841535793,0.6439205542762758,0.49096135939678337,0.43057055257547067,0.4740392353850948,0.5230663265987824,0.33215381709307645,0.43772386730849155,0.5677220759863117,0.44355510180395485
0.5693448490491161,0.41303353464486425,0.3963013259770676,0.08033047229286006,0.4363813586030977,0.3804412123366889,0.46014889649051965,0.6349594581719312,0.24332568779717356,0.35264909040761316,0.523885078757821,0.6339543181968591,0.4877764480101334,0.629906918855345,0.5746829204019839,0.0,0.2937079915830004,0.4678696252489424,0.4601536132926002,0.2631420859376162,0.46276759374166787,0.3580190353506279,0.5241001230393296,0.48525626449356263,0.3912074914901754,0.4475015801475243,0.47055305742808845,0.4631652375091634,0.35751157504594666,0.5038141813520456,0.39231141769576067,0.43181302897341123,0.3605785290687626,0.2925902065706139,0.5025607880582137,0.6565488610297581,0.37343751412581316,0.598054426167876,0.4778533926767201,0.5208937644175166,0.42211972365851463,0.46141141516380185,0.506894565684259,0.0,0.0,0.23044406888066077,0.4276250520036504,0.0,0.0,0.0,0.3586713142981762,0.6055370596937854,0.8305342398796949,0.0,0.5286690299111969,0.0,0.41014642406780905,0.3782597344775719,0.0,0.5187366702431746,0.45960451656315937,0.5746823867277793,0.4982637040449803,0.0,0.4491437802154393,0.41210590850505724,0.39310045717037645,0.5105758750450833,0.4338914848493557,0.5132823259128113,0.48929264609713385,0.38391475851298673,0.6590182176877544,0.49207634572037806,0.0,0.28796719336318277
0.49905197521675426,0.772840716730238,0.6399869485894942,0.5851437431612081,0.5463637021880368,0.4186332750480085,0.23109366149073945,0.42743552517136996,0.2832775346505426,0.39346536832446144,0.27736819721398864,0.45597848879998104,0.14942866720297135,0.4849813444225137,0.18050384798874913,0.2937079915830004,0.0,0.41994084146724997,0.6615735726257028,0.3247035111368191,0.5456175998535131,0.4323180910661688,0.12567872932885357,0.2702947531254254,0.34926003810534345,0.33524854895134426,0.4604910705471943,0.5274721851791122,0.36123734992350354,0.488145208128301,0.2648185924484849,0.39749228264871767,0.45747248173895033,0.2782387980651203,0.23574516123502653,0.6316072867746263,0.27124855632318423,0.21301324528241955,0.5976893891937337,0.36507803923952076,0.22702097726607035,0.5598248522471082,0.0,0.0,0.4676212887123459,0.6997534742986673,0.5324293460576477,0.0,0.0,0.0,0.0,0.0,0.0,0.0,0.38745269211300104,0.0,0.3520689134214599,0.27342952210340754,0.0,0.7805681026568566,0.23670630059227415,0.26230130401835505,0.27480023484654753,0.0,0.0,0.0,0.5526009697175875,0.0,0.3457913805487439,0.41711869742497715,0.37577384094197,0.0,-0.11344136196767535,0.4809791074479845,0.0,0.6032305381092765
0.486659258606086,0.4515637109551264,0.5107201579133657,0.5073390266452318,0.27040135919046293,0.43582323419523444,0.46404996386770414,0.5526226699686662,0.4376316641548565,0.2325649706673578,0.25491639808524,0.4910874722534897,0.34378463971431095,0.49837589317968467,0.5032858681223352,0.4678696252489424,0.41994084146724997,0.0,0.5107290856117269,0.2778405236202655,0.5734661870021541,0.3147213493257232,0.4888397944709223,0.2440616370458672,0.33085452311071073,0.3459488553244146,0.5429935960412916,0.26465374817774423,0.4062379789437684,0.6737103035612924,0.11503011143687314,0.3199693158910768,0.37424474995671053,0.19752107024291687,0.0571312196940319,0.5807718375544157,0.2592769681412125,0.3743586418531684,0.5007574987218155,0.4309824919869466,0.37046525700601607,0.35615167214297094,0.0,0.0,0.5551254973195656,0.3089941678349243,0.41594961168800376,0.0,0.0,0.0,0.34132080371594575,0.5790428750180175,0.8529594138890719,0.0,0.4737955582564364,0.0,0.3703002859005621,0.3078687087216676,0.0,0.5178426585112489,0.3928413801774647,0.39200900326118454,0.3465510071673935,0.0,0.30848515131987164,0.6673858511938113,0.3596425132531941,0.7473163184280666,0.14949679544511338,0.35568699486768984,0.36780769602378055,0.15119815267598896,0.7028970605241575,0.3174738844503283,0.0,0.47180766986646033
0.0,0.6084464669767333,0.1774215586204377,0.44987894069444945,0.4856936183489039,0.20275811759264006,0.399130920591784,0.36701677824647716,0.27675109183730406,0.3439225968154732,0.16335087756820743,0.39058753716860584,0.480095473270733,0.30420571177106714,0.0,0.4601536132926002,0.6615735726257028,0.5107290856117269,0.0,0.5229425511046581,0.46148947468856394,0.6495477494716115,0.22065524288225433,0.602960323077953,0.5372889947159314,0.5211835480607319,0.38542581213825367,0.5390135780334891,0.5803174681460255,0.6167456833127261,0.5437004708277751,0.40612070083486507,0.29019182011282985,0.505531505917239,0.4344362483384363,0.43916096173923347,0.41552384026206396,0.3704850662634265,0.1893547937905068,0.3854143104577098,0.4388867181060152,0.21948660214920146,0.6155278134237525,0.36816021074598826,0.41468125038076553,0.0,0.0,0.6231531189245398,0.0,0.43019469747280337,0.292731582583944,0.3983337988006352,0.4393078676634403,0.4914541115153915,0.9008559085868078,0.352312437910948,0.5379342765280115,0.3529093548600421,0.6587591001657113,0.0,0.0,0.0,0.0,0.4982684316431511,0.47036465368652897,0.0,0.4788923522685673,0.4622405318856558,0.0,0.0,0.0,0.4614464706168259,0.3037259655706041,0.45705005896570977,0.48667445604064496,0.5915548975514185
0.42863323947337234,0.3136842825171855,0.2523260300571454,0.3286451406137752,0.31808304112232605,0.16154555028314663,0.3590127573492443,0.21609222821720953,0.11848471115469467,0.4377294278323254,0.47946593555870604,0.3408046870758031,0.4311902190280156,0.42464802514710676,0.6068213620161796,0.2631420859376162,0.3247035111368191,0.2778405236202655,0.5229425511046581,0.0,0.37613792931181433,0.2648143415948018,0.6934326280639983,0.5911915245174293,0.28537186263761727,0.4107754548908974,0.42044401414722377,0.5373708710010309,0.5102635517970815,0.6611168494722082,0.4075744844330362,0.20633747520513976,0.41122273507596013,0.4797790637592356,0.47562680296750803,0.566222507463705,0.3467417388041541,1.0352480380319773,0.4138213634052035,0.4564154768424871,0.5186339155392945,0.18100017001790447,0.4907348907098869,0.28243305059623125,0.2024709196127533,0.5280582730192518,0.3247256730685678,0.4652813617286581,0.0,0.0,0.30262387054907236,0.2753918003138893,0.20179808481044342,0.38322998231881633,0.990542244321772,0.0,0.30182095934283326,0.3320577378386792,0.0,0.4381730056785452,0.42523391678326217,0.5069308494651847,0.6632049378948028,0.0,0.4468337623451183,0.2687229282674235,0.5086889616039499,0.33491327829074247,0.0,0.37793113063116324,0.37569504116474756,0.29220706694770204,0.29171613544452174,0.3752859855245334,0.2737688700720394,0.3772202191348501
0.3801662546764963,0.49860904938183875,0.42563470214403587,0.44245197718098944,0.4891365952752419,0.31180068935404814,0.2034606113021319,0.18784223720826515,0.38535766254207493,0.33865983156264384,0.5587895253349353,0.46237510471368465,0.3512082897632619,0.25332692752578256,0.3161723508313532,0.46276759374166787,0.5456175998535131,0.5734661870021541,0.46148947468856394,0.37613792931181433,0.0,0.3354892328369851,0.306149106145715,0.39201621827399646,0.3784298344777165,0.5585445029850541,0.33794750306147603,0.23738080169488548,0.3400697316779462,0.28014902740389924,0.5110233538650969,0.23456147972709174,0.3221504153206729,0.4123865207519371,0.3921503786820893,0.30379350356799095,0.35220581103793,0.6013251409596236,0.3981329827310876,0.30235058054007347,0.42872713166580584,0.28152109793313423,0.6097113049204933,0.0,0.0,0.5175330933088363,0.3701978649748125,0.6691502079160365,0.0,0.0,0.38852461520879983,0.1589864277403702,0.284357945457011,0.5296930277157056,0.6332781018496612,0.0,0.7880928569897043,0.2876968149517597,0.0,0.4164957734487077,0.48382591269809616,0.0,0.5624183709764984,0.0,0.5090643553507731,0.5906900746822834,0.5346546336035556,0.33572464158918525,0.806757630715884,0.3242414771519877,0.6163365491066896,0.32754284429753067,0.29819832377215005,0.4312730625970182,0.4322587981454091,0.32764016935454765
0.2937502198663191,0.39403256742930315,0.29109854525698864,0.35678147830301354,0.3728812477040736,0.1783742941716462,0.39899881997935915,0.597054116718094,0.15263920360073394,0.4739393958277036,0.05360678406494035,0.6333459419982498,0.43543385794627776,0.2844083010346504,0.26946111449121,0.3580190353506279,0.4323180910661688,0.3147213493257232,0.6495477494716115,0.2648143415948018,0.3354892328369851,0.0,0.5889079553391192,0.48925476651983646,0.39892400885657975,0.4357269387952942,0.29287441852022134,0.6745200795115085,0.31168062659612505,0.6105231251495267,0.6974131233464287,0.4470644038900605,0.4041855704895596,0.635378882903433,0.5506406163984756,0.5420335256460949,0.5951672446060778,0.7504650599151244,0.4771410920904354,0.4344078658442267,0.41783793966295685,0.3365683468434426,0.6188610085654083,0.3701826653765121,0.239640916899098,0.25202762483715757,0.3557188751240725,0.5565063525828193,0.4882491068009279,0.245987725859387,0.3183373233751535,0.4854447412038604,0.20290351887739225,0.18909600090649506,0.42383562172118033,0.0,0.42673890550088933,0.4372589401354872,0.0,0.5201504090860886,0.3871415761143888,0.4529803113064994,0.4561484412545733,0.0,0.5026153277801344,0.4160107128569033,0.4849920314508307,0.4070423869246419,0.8000215995612482,0.3378610602423401,0.4129171506168109,0.3492025298558804,0.4366355735606372,0.4577296381463159,0.5551056504168819,0.4241635138483284
0.39077879138417465,0.49756997735311886,0.2850862249222661,0.23644829395424766,0.08615731072971217,0.24901084988257577,0.22358771271637468,0.314204371110005,0.3640540573265209,0.22067607130675126,0.30332822335435655,0.19410113397972406,0.39651002843782235,0.3753011107949439,0.36308974766472546,0.5241001230393296,0.12567872932885357,0.4888397944709223,0.22065524288225433,0.6934326280639983,0.306149106145715,0.5889079553391192,0.0,0.3588911942436378,0.3730770227318717,0.3954097413128336,0.28457434575879414,0.26540622837639205,0.19682797625348686,0.23973464053069332,0.3022119744944357,0.12561398371697408,0.37341696864379514,0.2980114171379933,0.24941842992535523,0.3728903267568774,0.2403370823215194,0.12747218622534928,0.2902812594178358,0.407447763213457,0.2858766777402987,0.17316200745311272,0.47752202970497704,0.38156006396133296,0.5720487590503074,0.5576810683020358,0.465876722093977,0.6449835041952714,-0.16318478151569654,0.5000641240957445,0.2791214046054683,0.2837963703929526,0.35784346359693964,0.5108815849041064,0.3702266365980089,0.6919017913544592,0.17847636235762704,0.22133292871146681,0.4506587344723165,0.4104503864700409,0.4568982720402649,0.5055366467048922,0.5867176757880235,0.663999384511601,0.3867989428401877,0.354053169526649,0.39501092427946227,0.49988666451913316,0.21352690474394515,0.45532112554464316,0.38700781519290706,0.23482476216694212,0.2387087262320932,0.32809598801864504,0.2782831525650764,0.31179568301752775
0.4591734110670783,0.4318463117160112,0.22230953459050082,0.251673240320687,0.07437669029049065,0.008047478647755124,0.23116281037810818,0.3432174791137149,0.3968389609045362,0.24971046075301642,0.3157679122537131,0.21271458596142048,0.16475774268454974,0.7155147161367046,0.38740828590515386,0.48525626449356263,0.2702947531254254,0.2440616370458672,0.602960323077953,0.5911915245174293,0.39201621827399646,0.48925476651983646,0.3588911942436378,0.0,0.3411921716617491,0.2874254673363981,0.19256606829142342,0.40589693378582087,0.3110239678251614,0.8677500695651481,0.3491127458605631,0.2604796769310458,0.3420190572808599,0.19548825826262167,0.5343635946448688,0.34900427998094863,0.19572880716001242,0.2850188703245674,0.5111238212814988,0.5483125706849022,0.24586406938013744,0.6496310401940337,0.6232174091104237,0.3848717040045556,0.23499130274361893,0.19326125901314875,0.23467603604599646,0.0,0.0,0.5089458996834473,0.8543205511839274,0.3247772460618157,0.0,0.019215640121003335,0.30834163561151584,0.5860165336289556,0.39556921515920485,0.3326389834309621,0.0,0.22581406961003686,0.32582168789788485,0.19722450443862644,0.30634887971185387,0.5104372612891463,0.05106048977521849,0.4576221575455759,0.11459480172607382,0.8380207068114804,0.07650105157773471,0.3286401306231742,0.30897110852034027,0.5378321391248335,0.7000078988827281,0.5173184236574896,0.0,0.4710538238396057
0.3784967529922313,0.3650650551365587,0.35964103051392393,0.9255863162551636,0.2541279398117634,0.18132528718739307,0.35746596760991645,0.40314678033467366,0.1714350810538683,0.3751367869295922,0.38545238694984807,0.28825142538822923,0.4301779589516648,0.522133280742039,0.47667527838410506,0.3912074914901754,0.34926003810534345,0.33085452311071073,0.5372889947159314,0.28537186263761727,0.3784298344777165,0.39892400885657975,0.3730770227318717,0.3411921716617491,0.0,0.1813317782815746,0.23785972957193807,0.4049593527187233,0.47075809936180124,0.6444231705780392,0.34934124266481537,0.3128596795545742,0.3798796013313991,0.26685848126014344,0.15415628398282694,0.52266940981493,0.597468036142718,0.3964600757390231,0.47670748717372236,0.47130468955330296,0.3621911966073865,0.3957220226456384,0.11054562256431727,0.0,0.4602613184641144,0.2979426016868914,0.4182220167731263,0.0,0.0,0.0,0.32416869994865455,0.049945864467692,0.6966833924776943,-0.10051128955426139,0.445281284702289,0.4674775311089211,0.4270424079690358,0.21512983674566608,0.0,0.2907124826465207,0.39495207366435225,0.35214872678190373,0.37394002230979656,0.0,0.41050620673885724,0.19128717169838905,0.30609181608125113,0.2799028658990941,0.17084469513220624,0.37808963420092917,0.3334631007191488,0.24658022015308292,0.5098249398299824,0.3070498428562473,0.0,0.38806923773832236
0.5177313366730831,0.3095180664355005,-0.04276347039782419,0.6433885688130773,0.15587328119207552,0.25743830578188726,0.39503748766303043,0.49963927962708304,0.11941438131666174,0.38431710077384884,0.6131796065162929,0.37863836462578193,0.40153413007404876,0.49869505104053746,0.5915579175465955,0.4475015801475243,0.33524854895134426,0.3459488553244146,0.5211835480607319,0.4107754548908974,0.5585445029850541,0.4357269387952942,0.3954097413128336,0.2874254673363981,0.1813317782815746,0.0,0.4174880767917102,0.46582841769918704,0.5023648344871372,0.3317893889970271,0.44489596767613193,0.5283226682033542,0.45382941219375367,0.4597597716609312,0.6427436638949429,0.7287221125546092,0.46231941823260536,0.2989622151037884,0.4610857238716571,0.44269928328308394,0.46332329309643966,0.3328417409127212,0.20010592780924086,0.5468689688427462,0.38002686389544255,0.23532884999816966,0.4365643317680026,0.4166145576478065,0.0,0.002476332909489957,0.378230781098269,0.31345145715662404,0.335318465707921,0.23562263759045504,0.33737304407414376,0.0,0.3769686733042302,0.45662551846883137,0.0,0.5467591205416708,0.4245461973670549,0.2849444702500157,0.31891787655266446,0.0,0.4715211954480295,0.7115045858207647,0.6351466351615587,0.41587100923297404,0.17606021011823642,0.3403206371578509,0.35831559034416993,0.3648748923724656,0.47821083775290196,0.43115910304320193,0.4671104373281153,0.3374818211064202
0.41105146108822854,0.2683964518332305,0.36663751790269183,0.28036022180295816,0.29109770305970106,0.24857011205762417,0.2183834686460008,0.36157159855792065,0.39137833224882534,0.30174898053951893,0.4414639158691942,0.31153689818264363,0.41850150273773534,0.4049646515327555,0.36970482640788704,0.47055305742808845,0.4604910705471943,0.5429935960412916,0.38542581213825367,0.42044401414722377,0.33794750306147603,0.29287441852022134,0.28457434575879414,0.19256606829142342,0.23785972957193807,0.4174880767917102,0.0,0.37130210059215496,0.4757894916323457,0.3457332220337548,0.44118542521255094,0.14051066202081292,0.4514969301212447,0.36391353100643564,0.17211212757070946,0.1595681103035954,0.2622822877294313,0.2877322046485352,0.33625686963740786,0.5628526731731927,0.3010351190569506,0.05744885874122213,0.5648207861452317,0.4254660978638444,0.41094203603343826,0.44418919083578545,0.09918903393066156,0.4989010455412213,0.2207643127181295,0.46754088706173524,0.2943424399322284,0.37579062292615534,0.5187354060461579,0.5075022217084316,0.41931922332066207,0.5356128920345575,0.05007334533472338,0.2759557871637935,0.7309345691493716,0.3146871060513716,0.6031483426254306,0.0,0.49399536625242524,0.5967519159718324,0.38263684864524505,0.3819870761548282,0.31690214526422483,0.2726243319908894,0.0,0.5406646292522461,0.3170861964241276,0.3011451197723023,0.2622665197406905,0.31301971711398113,0.10478657158819277,0.28599936941175563
0.2859515603542818,0.5003383029325792,0.5386686121250309,0.29749103638728586,0.10312221727290072,0.376714441305007,0.35475386007132526,0.32176458539136155,0.5388041418230662,0.3789205186116237,0.43634469163446377,0.3158088934979002,0.4179870418180616,0.5596117347927025,0.18306726987319757,0.4631652375091634,0.5274721851791122,0.26465374817774423,0.5390135780334891,0.5373708710010309,0.23738080169488548,0.6745200795115085,0.26540622837639205,0.40589693378582087,0.4049593527187233,0.46582841769918704,0.37130210059215496,0.0,0.5248299927873339,0.3175494196127894,0.3777158405591,0.18165478933355816,0.5089632332032593,0.1246435662465381,0.11805094040185893,0.24269650049727787,0.040032900293224954,0.39938622949710245,0.13525149137991171,0.360970524036294,0.29030003735814275,0.07937796303550021,0.5847792481581235,0.5678602082423339,0.6569914900215026,0.6044466341571797,0.41780686557194796,0.4303552629517405,0.0,0.5235445019845169,0.3690687719341922,0.41961149926350205,0.35145985030902116,0.47422837060616296,0.647513527953902,0.4436609187611897,-0.17011561471483955,0.35113783149586364,0.3696031767308202,0.2898975835763826,0.31899019863423794,0.1863796620406899,0.5980590106843329,0.4899470679968282,0.3508021869647635,0.2684524304355201,0.31222535972111454,0.34930865906148156,0.5661725349768043,0.34782399350348203,0.28905838996365607,0.3476218684827435,0.37121774772577765,0.3346402668637187,0.5410835907003062,0.40376298052962145
0.48106806705485605,0.3169403962987461,0.6825150908655453,0.12797946392838766,0.39804128409103545,0.3139063690170622,0.33124653506010726,0.24548410435121668,0.3486906149898255,0.35901883394065903,0.3954707299549864,0.25254428436739734,0.3454464920595171,-0.13207864036729391,0.35467078638237276,0.35751157504594666,0.36123734992350354,0.4062379789437684,0.5803174681460255,0.5102635517970815,0.3400697316779462,0.31168062659612505,0.19682797625348686,0.3110239678251614,0.47075809936180124,0.5023648344871372,0.4757894916323457,0.5248299927873339,0.0,0.4995874234086092,0.4555974082459534,0.13631306277748167,0.3056709116178492,0.47721097573581217,0.22815803043351887,0.29155766788407794,0.13088227156347865,0.07804858220664912,0.32682615346728316,0.5299355615641388,0.4251445773553098,0.35040386175541843,0.3231149531799041,0.3016055337599209,0.6237317730479224,0.4348459854547262,0.296733082958979,0.33119680736512974,0.4907550771914004,0.4516512090263648,0.31264825692427245,0.2803978701872559,0.28858320956702765,0.39219435484870774,0.5581655495859905,0.4380587461330852,0.5850768205794324,0.29506814180470187,0.7759091138118636,0.41532924486298095,0.5476576046216779,0.4827094293983831,0.5820182673789722,0.45996676931129,0.46665364341560833,0.37098616094196607,0.4575221793579036,0.33506917159889954,0.4782524708730749,0.45739745839501345,0.4850923295881353,0.3072451528496338,0.3073095839831391,0.3842645552874685,0.18886960941123715,0.337919053576413
