0.0,-0.027494603615715207,-0.022113257602725256,0.0,-0.01564135974276265,-0.037348104612420774,-0.0115724477475595,-0.029257564894693167,-0.02124556537564809,-0.03153773746051558,0.0016256290422378972,-0.024082936124372234,-0.020776222950176226,-0.02228874829884797,-0.01899810203294261,-0.021228457428362324,-0.025714491027505892,-0.014592606047283796,0.0,-0.051220308965788774,-0.04831552554440466,-0.016841874329870443,-0.04499423320816637,-0.038927680723476576,-0.02473598934593252,-0.015336731412056326,-0.04376661276814442,-0.03938234700894144,-0.021311467159497943,-0.07114055959921728,-0.025830682926323678,-0.02244929980359278,-0.04096362232112882,-0.02149633900440323,0.008302653116522785,-0.0006225704169813828,0.0007192435168408284,-0.03619843313743348,-0.020784271837388513,-0.02196380247930585,-0.016850840941603495,-0.009768798328473716,4.1035517216791995e-05,0.0,0.001353600026772983,-0.060999446260940726,-0.029270288501982655,0.0,0.0,0.0,0.0023467924823962205,1.1102230246251565e-16,0.0014549425766686164,0.0,0.007229916759667554,0.0,0.004219250957912035,0.01146486779698469,0.0,0.0001597730043085832,-0.014613025244438804,-9.538926949653748e-05,-0.01564272117339721,0.0,4.448378957355725e-05,-0.09690841915083315,-0.028987528604241364,-0.041428197536415245,0.00499556694815656,-0.014026304778029852,-0.015233828651942727,0.0021946597978591,-0.00034400078440049997,0.010665407771250857,0.0,-0.03325419421721021
-0.027494603615715207,0.0,0.002962841597778376,-0.00021338752877153588,0.013728838598183857,0.008775438942706382,0.012498677533119895,-0.02137421851244936,0.012652222577908712,0.0010990686715599551,3.5732654622422366e-05,0.0020448944296428406,0.011761638532446883,-0.0010901762981400664,-0.024297734055750753,-0.002434492629544649,-0.032278317480495144,-0.010611910720843165,0.001382251909292198,-0.009971160875092755,-0.015869578209553092,0.004261434070674253,-0.02372182597927719,0.009055789162295824,-0.006865773155893984,-0.01531398499306047,-0.012377033191689646,-0.002489871827196344,0.014580937495249857,0.000716564610923176,-0.019287183694815135,-0.0025117764903840323,-0.04905409562299057,-0.008976612563221131,0.019157797264602927,-0.0010172871230857972,-0.0002990395062031914,0.0,-0.020727768419584236,-0.01786952466555508,-0.01856830831231482,-0.01135770097693356,-0.000179603652469551,0.0,2.220446049250313e-16,-0.0384372406390554,-0.02610069252855929,7.331539113847318e-05,0.0,0.0,-0.0028222779303906376,-0.007775964126418844,-0.0002973389273233096,0.009993475271471874,-0.0320209473723187,0.0,0.0006229904354106419,-0.0032808136260266685,0.0,-0.02631364776135775,-0.01638756970412053,0.003982384386958415,-0.009253304451549815,0.0,-0.006760438136015623,-0.02179423897025734,-0.01137446720574492,-0.02387221892638064,-0.0008764561252928016,-0.016168785015433507,-0.012520547957444728,-0.015948290640961926,-0.010651677556821615,0.002676549865713085,-1.1102230246251565e-16,-0.022833793819577564
-0.022113257602725256,0.002962841597778376,0.0,-0.02926162563670709,-0.027900780392424607,-0.023431971365268534,-0.022157110662625046,-0.02375480980681538,-0.009414078284469163,-0.014272299030593738,-0.027238934465579734,-0.008321822637324006,-0.027617786455370663,-0.05639749048178605,-0.034877595646604476,-0.0008598113659883388,-0.0016512640422514102,-0.0003802449285484899,-0.013692263625391887,-0.0004914224154343727,-0.02549248808375648,0.00041881530205051254,-0.02583245187615968,0.011257348711055826,0.011531645771212518,-0.012350410086157948,-0.03158959386934096,-0.027045723743559957,-0.016884233881239108,-0.03822918684617599,-0.011511642117372822,-0.0213218118581896,0.0014427848079254235,-0.002904311647056179,0.006607082027716482,-0.012640759467827445,-0.019978324792851887,-0.024173647410559107,-0.007614987645402416,-8.404252862526107e-07,-0.0013732159337978,-0.0019452390718553425,-0.08080914361709046,0.0034574280397243196,0.0,0.0,-0.0002652020645409481,-0.09655394693758002,9.216686852941969e-06,0.007169134878962091,-0.01879513867419469,-0.018365413103257455,-0.03737191358254044,-0.035095981117620356,-0.00022189715894344042,-0.10924639231859723,-0.005172238040658972,-0.03126261274096348,-0.08599204108270792,-0.0004324785981201784,0.0,0.0,0.0,-0.08209227169599181,-0.00048675215852700404,-0.001252388614519817,-0.0005325166010922144,-0.033586789442448195,0.0,0.00010782764668182399,-0.0008351406542939643,-0.03338301548260503,-0.02878956944420019,-0.02375282167837467,-0.00012784181762137692,-0.013645919087646119
0.0,-0.00021338752877153588,-0.02926162563670709,0.0,0.014428332094832907,-0.0064826698678172034,0.02664033048067216,-0.059736094667435624,-0.008545450549444555,-0.009877396874235861,-0.01835207329259525,-0.007117295074462682,0.01800609184080393,-0.02453251771077425,0.001664298845284462,0.0005679539713413506,-0.0008003075342761234,4.196992572808034e-05,-0.010157532416881832,0.007261884357571469,0.0010479587432108972,0.012832502696472015,-0.008750581145531622,0.10410315486294408,0.00042250171132840464,0.002779507150187932,-0.012813844124716645,0.017097809900325223,0.000780684600002024,-0.001670363988248269,-0.06924665435270522,-0.023727801378994273,-0.01666951833595348,0.006858393951112041,0.018978887029714397,-0.013705966616073428,-0.011030303650276796,-0.009540014507071648,-0.0009381511740375048,-0.001206137019309328,-0.0006730801553965771,-0.0022395609127793814,-0.003968856016268563,-0.001584465194639506,0.0,0.0,0.0,-0.0010987589364877537,0.0,0.0,0.0007039984801902044,2.220446049250313e-16,-9.605376373117425e-05,7.174529726050594e-05,5.551115123125783e-17,-0.001138209268235102,-0.006836621799773179,-0.00045581771398689463,0.0,0.0,0.0,0.0,0.0,0.0,0.0,0.0,-8.469052983639536e-05,-0.016669275698073915,0.0,0.0,0.0,-0.02218143746433604,0.0019911417682152988,-0.00015143353102992085,0.0,0.0
-0.01564135974276265,0.013728838598183857,-0.027900780392424607,0.014428332094832907,0.0,-0.03419014023077532,-0.014081169813181194,0.0032123804302538472,-0.01652926504985025,0.014348099511353352,-0.01857342298576059,0.01042905796270116,-0.016798842328109687,-0.0010713929251734977,-0.0006862183148054757,-0.005582250479338913,-0.0064817351723391314,-0.013501672992510039,-0.04441396624095839,0.006539967734867369,-0.029440594601187586,0.006153346152115602,-0.021698605252305603,0.0024419252190029384,0.0010576165875324506,-0.01465754207179415,-0.04342033101349163,-0.009868501318057221,-0.025617124640199995,-0.01739179823163839,-0.005035399246118344,-0.0004229630361867742,-0.016875547388314815,0.010488335767086132,0.004544005312554222,0.030812921769985513,0.039958908988337316,0.006391975571747144,0.03649723023256257,0.0007553961507902329,0.0007852505575395297,-0.00023877117251108748,0.007216759941001738,0.0029878748716192782,-0.000757879297901165,1.1102230246251565e-16,-0.019597950869784386,-0.010990273950205687,0.0,0.03528528221746624,0.0023499843340546445,-0.004977241167770541,-0.0066132109451332854,-0.002375497093657475,5.551115123125783e-17,-0.09326195246200292,-0.00161198728915124,0.0021929914201995193,0.0018801278589569148,-0.0002196247182761346,-2.3366717870010323e-05,0.0,-5.551115123125783e-17,0.0039418083273973226,-0.0007809767733806261,0.0002081559137970257,0.00046549523698341533,-0.004819016887267602,0.0,-2.6945049390048048e-05,0.0033451565938961703,0.0020878556457586406,0.005129086611616707,-0.002377351620888035,1.1102230246251565e-16,0.00845995124836929
-0.037348104612420774,0.008775438942706382,-0.023431971365268534,-0.0064826698678172034,-0.03419014023077532,0.0,-0.013035152238073444,0.011559146995854419,-0.008500484255881124,0.002632618107363982,-0.03639403625199139,-0.005935423011696028,-0.011874947355971277,-0.007113727302361095,-0.035687221478093833,0.017204216372673276,-0.026479350928457934,0.015314567199842033,-0.0227532920823848,-0.017683994628987454,-0.02171595767191581,0.0017923514470283286,-0.021044760323183365,-0.017913179992273764,-0.004718050922528638,-0.01752584787408562,-0.024043744578288895,-0.011407117946260925,0.013575658917208078,-0.00690557987079754,0.013013523270870131,-0.0036334360611185446,-0.020565852652685956,0.006643163314771827,0.005976963570724636,0.019832772551168554,-0.003202805698259259,-0.012118982121100519,0.0072213662217071595,-0.0001492817208932351,0.0003801507761334033,0.02460192840556169,0.010550795823762726,-0.003249284315890222,-0.001733465962416525,0.0032733473783835287,-0.014010111274518733,-0.028844437572685178,-0.0005567248584897322,0.0013326337804845378,-6.258891182819859e-05,-0.01309287102443324,0.011943962372578776,-0.01824772968221422,0.005034452371870557,-0.02536948410974682,-0.0007080355743649958,-0.009283706028992644,-0.04464981393157741,-0.029203754640979462,0.0005201588690785797,0.0,0.009194139058995965,-0.03159229543987757,-0.01521287324714915,-0.01806265105966459,-0.02536028000237256,-0.012196409915260442,-4.024449999462387e-05,-7.947805862684731e-05,-0.014428129605596307,-0.012752264457533358,-0.004393041736553915,0.0028309300799162496,0.007875515980170444,0.0008108023250357199
-0.0115724477475595,0.012498677533119895,-0.022157110662625046,0.02664033048067216,-0.014081169813181194,-0.013035152238073444,0.0,-0.016959240076764415,-0.00583001935752242,-0.0036184763859857805,-0.02004439669189151,0.004841679101870111,-6.978895188269885e-05,-0.027291384680072805,0.0012100215963886662,-0.014013102631896535,-0.031099736048722015,-0.020846891587434968,-0.009017383685710256,-0.011933102317846722,-0.011132801185814,-0.0032700174457125364,-0.019468466015859998,0.010871164949887657,-0.010764003086652874,-0.009079261842448338,-0.029087660473920474,-0.0072858918411237705,-0.014468645014542536,-0.026922866007871138,-0.012348883882012496,-0.02371543441329399,-0.01939770217447423,-0.006421014422683613,-0.02300209394181274,-0.002496360863477931,0.006438890936116659,-0.04112766454245176,0.013271035628718786,-0.0008220121418470727,0.058088645423696295,-0.003180039013567393,0.0007687895364754116,0.0012108637667966882,-0.0008202314481585704,0.0,-0.022694145663834042,-0.02882987726951708,0.0,-0.001082588529901063,-0.00394082601079615,-0.015516884355382177,0.009751595669992175,-0.018682216479505076,0.0004587508844913768,-0.05418918652964194,-0.0003787399238628919,-0.006308680458078031,-0.00240728322875855,-0.0015235884248196996,-0.022735965573096262,0.0,-4.2641329862536104e-05,-0.0014955044261377726,0.0009583374634526409,-0.0004472519349376092,-0.0045260148364252295,-0.012695832007879881,-0.000129476244673965,-0.021215909950754674,-0.012197104220835475,-0.017706469280462878,-0.005894293462682887,-0.009441860754855369,0.0017906768432591758,0.0010593983979616528
-0.029257564894693167,-0.02137421851244936,-0.02375480980681538,-0.059736094667435624,0.0032123804302538472,0.011559146995854419,-0.016959240076764415,0.0,-0.021732042379916883,-0.020145591095266202,0.03215178371777505,-0.0038398487615592947,-0.008449711750838307,-0.009089992675777203,-0.008704387121465651,-0.009963201931637078,0.00016121042250888395,-0.0062158650613518,-0.021636267119934105,-0.01776839958146298,-0.010392703994935304,-0.02289192619857533,0.011333097298956485,-0.02711951929623979,-0.005188711406059754,-0.013977830902644928,-0.025060120021570986,-0.013520086247326701,0.011979047106983387,0.0026862282349421895,-0.0045670783588057096,0.017761666399459086,-0.056234992745403,0.011815153966526881,0.013020412538438164,0.005402041889131681,-0.13444898671718908,0.012402068070044958,-0.0075448435648135526,-0.0009426493492263877,-0.012238736028561459,-0.009756292745332795,-0.05050932137701697,-0.0015187460647528295,0.0,0.000717443134037099,0.0017322050939990175,-0.06635705761932076,0.0,0.008663127409673566,0.0036868055893296003,-0.017768067748859473,0.04042768795536866,-0.03169350462898107,0.0004951740635136814,-0.05881821056548181,0.00024018599019415277,-0.01257849894420221,0.0031046648285731338,-0.05012395295013944,0.000280999620839828,0.0,5.614961095640192e-05,-0.08369798518533406,-0.01055645386934495,-0.04000271653766074,-0.0004491610561825343,-0.03053640576799832,-5.551115123125783e-17,-0.0004953936226727573,-0.00941119914251598,-0.029377935581046177,-0.016551481063726114,-0.022446617717433615,-0.0007178143469955267,-0.013285927143088516
-0.02124556537564809,0.012652222577908712,-0.009414078284469163,-0.008545450549444555,-0.01652926504985025,-0.008500484255881124,-0.00583001935752242,-0.021732042379916883,0.0,-0.0006716806623058846,-0.029427602941839492,-0.0014267808829402928,-0.012885621353544763,-0.0352855537489023,-0.0032770735445244448,0.014227260623045357,0.010044799074313049,0.010785391970973224,0.011451900942518245,-0.0021207084471507875,-0.014147323186468719,0.007221168977533887,-0.034730386199850694,0.002794889497773567,0.007042415210157027,-0.025145054472874184,-0.027109498066444748,-0.016150240144272743,-0.020259473668376493,-0.023382207192851223,-0.0010869613779280196,-0.01364869915743383,-0.021842476477717476,0.0019961331591162312,0.001955486677346241,0.013464771470858006,-0.007874932820894243,-0.014695051554587613,-0.034599148406085356,0.00032198678739886466,-0.006590618150229599,-0.007659824211442456,-0.05985769999503626,-0.04408482854696966,-0.001843600712276794,-5.551115123125783e-17,-0.014373029654070446,-0.09479169847807684,-4.427739580148415e-06,-0.0013412003343469259,-0.015858777308427885,-0.0139464804894871,-0.03673943351484188,-0.03901240839236686,-0.002686571816498673,-0.13040266623498037,-0.01421113143316921,-0.020008723428328268,-0.06473323611581239,0.0009193666125823508,-0.018020148978730555,0.0,0.0,-0.03725584962665762,0.0006535700936973754,0.010345749843084007,-0.012731070433382952,-0.028072094652183632,-0.00010796605664536996,0.00022025321130869635,-0.00655558179288529,-0.027417698430398763,-0.016978219846955744,-0.015799019067478715,-0.0002360549631352793,-0.013986505488765122
-0.03153773746051558,0.0010990686715599551,-0.014272299030593738,-0.009877396874235861,0.014348099511353352,0.002632618107363982,-0.0036184763859857805,-0.020145591095266202,-0.0006716806623058846,0.0,-0.00966779338638235,0.0035292748961583964,-0.0014441865704267753,0.0073818480468919034,0.00015167323533615829,-0.0087096002332408,-0.02003194549459958,-0.021512110700844744,-0.013142949335469944,-0.020517544792184927,-0.028567015623393588,0.002522973512965543,-0.016626378592872915,-0.0016604275268543023,-0.013598312585291317,-0.004750142952398839,-0.013205343462575847,0.009829269588211509,-0.0035624500797506453,0.026266896422693475,-0.002430857597233327,-0.008183319179928594,-0.04114784045326858,0.0002953261957073239,0.0013620415086463278,0.052093686877227985,-0.008842893472104818,-0.01603552613506165,-0.0673278137629662,-0.020437231617897234,-0.042186782167019876,-0.007505113233880867,-0.013515747850434745,-0.003031699707854385,-0.03337420595799884,0.010568139843340152,0.00114409340621896,-0.0010677176013481615,-2.514131871628189e-05,0.00045741588240844067,-0.016735326621407476,0.0014910995294306617,2.9775824773092818e-05,-0.0014750953398178224,-0.03191923942631347,-0.0018882113428972391,-0.03353393316674802,0.005857964087792877,0.0,0.0006714066768157556,-0.0043749487814158106,-0.011154976833606889,-0.005004014021699366,8.264083209807982e-06,-0.00013427046939901155,0.0010754030549230409,-0.0010464318806500117,-0.01857117871053665,-0.016364210821931402,-0.008640305527576886,-0.025569318506647842,-0.025625640650817627,0.007054710939630393,-0.0007008758721501751,-5.551115123125783e-17,-0.039077356533507024
0.0016256290422378972,3.5732654622422366e-05,-0.027238934465579734,-0.01835207329259525,-0.01857342298576059,-0.03639403625199139,-0.02004439669189151,0.03215178371777505,-0.029427602941839492,-0.00966779338638235,0.0,-0.008852547161848412,-0.020637890656724167,-0.012925858656098188,0.0,7.720391993065734e-05,-0.035525347733228296,-0.029042242815024544,-0.03434132451667593,-4.589725449116733e-05,0.0021031450099192606,-0.0002568387050905785,0.037934130636394,0.022237752689092227,-0.015168140544486175,-0.016756371240226997,-0.026977095361207404,-0.016180930638615088,0.001698155952898961,-0.03137012244800286,-0.012441155077079158,-0.04937429780809455,-0.03982495347325349,-0.0031006107990776965,-0.015048427096328643,-0.025834774871363153,-0.007596051374302248,-0.026569679730435503,0.0033304759196270406,0.0014451193498091763,-0.0011726002699913862,-0.06425214658779105,-0.0640117093534332,0.00043081407348594114,-0.0007809234579961299,0.0,1.1102230246251565e-16,-0.1879007105314724,-8.573777554587991e-07,0.0016787795873709488,-0.01744452044009087,-0.009106635252445983,-0.04530278510698732,-0.025066612359235796,-0.001512959517175727,-0.09090812533079007,-0.00312569184401823,-0.00671797325732415,-0.06264970973643358,5.551115123125783e-17,0.0,0.0,0.0,-0.08849775437949772,-0.0005697897609889258,0.0,-7.417491464828396e-05,-0.02353415624957883,5.551115123125783e-17,0.0,-0.0001252226390091038,-0.032052331198148765,0.001859301041696737,-0.0014323455460606982,0.0,0.0003321186177397406
-0.024082936124372234,0.0020448944296428406,-0.008321822637324006,-0.007117295074462682,0.01042905796270116,-0.005935423011696028,0.004841679101870111,-0.0038398487615592947,-0.0014267808829402928,0.0035292748961583964,-0.008852547161848412,0.0,0.0030177580411000493,0.0012827080982406591,-0.000292759211796334,-0.005135110419831612,-0.019819665973510703,-0.011946398715713402,-0.02068138224661309,0.004679311940286146,-0.025494438639153905,-0.03878812269301296,-0.002236102342889623,0.010496117398945015,-0.008943448597186598,0.00381743570091303,-0.011000248577740568,0.008885534782862858,0.0021270209179374278,-0.0016178030455019088,0.0025601090459902998,0.030692273673007087,-0.012406347063663892,0.021328992703650074,0.021346962260902713,0.017957073509979993,-0.03421589685398052,0.026920909709749113,0.07349087486247352,-0.006590298608046774,-0.016826867493196618,0.09423550666597585,0.0005898590696738482,0.0004115718730932638,-0.016212297745630155,0.004671781626338134,0.001220002162327205,-0.0009778840288316992,-0.0006378257961745515,-0.00015523272435197244,0.0005051988402805518,-0.000918790072554132,0.00011128391634351864,-0.0005251749709496711,-0.030259468651887222,-0.0019074267040422588,-0.02667471114896902,-0.003374917229463481,0.0004431337637254007,0.00013811865962515268,0.0015641283405621875,-0.010326604088344404,0.004268276130732163,-1.4289676392165163e-07,0.0006137802880855636,0.0009937683108705575,0.00036414824285552205,0.00043749340070275977,-0.017279969399163153,-0.005871395125640888,-0.025623089907326646,-0.0019530540496808801,0.002637596655958585,-0.0019267041428099874,0.0,-0.02908433134590227
-0.020776222950176226,0.011761638532446883,-0.027617786455370663,0.01800609184080393,-0.016798842328109687,-0.011874947355971277,-6.978895188269885e-05,-0.008449711750838307,-0.012885621353544763,-0.0014441865704267753,-0.020637890656724167,0.0030177580411000493,0.0,-0.03544563187583749,-0.030853712698967306,-0.018333676397289222,-0.02190308409247743,-0.019944221545748653,-0.010455002050025974,-0.022600613627259514,-0.020957950286229043,-0.006202065254376832,-0.022884549683444222,0.000183807374841638,-0.012553802375196155,-0.012326426165950866,-0.029630240679115627,-0.008454292157105525,-0.016411644478976084,-0.023741124067457153,-0.014880409748389056,-0.017920114702728307,-0.020484924281067796,-0.013002877765951548,-0.03518616935498886,-0.009200775779724446,0.00216137807291944,-0.020042655891670702,0.020401172807219314,-0.0008966934817366545,0.02132260876360287,0.004747831664302482,0.022864607837961293,-0.006239656102150493,-0.003364640271002417,0.0005267619075216001,-0.013234666127162509,-0.0325611980743043,0.0,-0.012937183794171081,-0.0029391760235595865,-0.002198689559724687,-0.013251577737456555,-0.012205932292537747,-0.042650490280062514,-0.054429469207340264,-0.072888356100765,-0.0049883248884313725,-0.0017021998020322893,0.020809828939126196,-0.016224702209259534,-0.0003972052298495954,-0.015696503736857326,-0.00614822678996374,-0.02514639417233322,0.0022031597751078213,-0.0042690631112075605,-0.017514717365903654,0.001313383818152436,-0.015276988141993186,-0.010491585797100189,-0.022056232928664155,-0.005034391698517049,-0.016751557847705212,0.0016061422210148502,-0.003332907008417707
-0.02228874829884797,-0.0010901762981400664,-0.05639749048178605,-0.02453251771077425,-0.0010713929251734977,-0.007113727302361095,-0.027291384680072805,-0.009089992675777203,-0.0352855537489023,0.0073818480468919034,-0.012925858656098188,0.0012827080982406591,-0.03544563187583749,0.0,0.0009250081798468646,-0.0006251945001566894,0.00011520667737380252,7.453218455516497e-05,-0.05301881888038862,-0.00018674523888040362,-0.0004272928385655739,-0.0005112437671243586,-0.0018959405007075159,-0.0005142554287885792,0.00013393689145174692,-0.030225024367115993,-0.04189727437136265,-0.04125401233431786,-0.06981465043992918,-0.0006463483845542406,-0.046663658975349465,-0.09000166354548739,-0.00080448287941709,-0.20652667216547743,-0.008284331886056984,-0.0423918878713839,-0.01303155382613988,-0.001043019075265883,0.006286055139024582,0.0,0.0007890646869621043,0.0008182095765921216,0.005806537747239604,2.467960802887692e-06,0.0,0.0,0.0,-0.05591192074752488,0.0,-0.003698557327106111,-0.0008731757807049489,-0.0006561136145230573,-0.0030865891804371937,-0.05193409448157771,0.0,-0.09860450648255636,-0.042888924026356634,0.0018839820433057541,-0.0020017106234637705,1.1102230246251565e-16,0.0,0.0,0.0,-0.0004164861385515528,0.0,-1.1102230246251565e-16,0.0,0.004437346913260698,0.0,0.0,5.551115123125783e-17,0.003189574190652078,-0.000153897829300087,1.1102230246251565e-16,0.0,5.551115123125783e-17
-0.01899810203294261,-0.024297734055750753,-0.034877595646604476,0.001664298845284462,-0.0006862183148054757,-0.035687221478093833,0.0012100215963886662,-0.008704387121465651,-0.0032770735445244448,0.00015167323533615829,0.0,-0.000292759211796334,-0.030853712698967306,0.0009250081798468646,0.0,-0.015790014294369825,0.0016763940926944887,-0.012407520364589808,-1.1102230246251565e-16,-0.00018157618753056326,-0.029018347722167492,0.001720043958373496,-0.040470843020391944,-0.035572653605038695,-0.04362340226418149,-0.04012582896160849,-0.08043747210326019,-0.045807839080413915,-0.032840534575355684,-0.034921548728891694,-0.02935607022303449,-0.01858206204265611,-0.04736511116122177,-0.02607559885487437,-0.012458358532877467,0.003491013795812181,-0.0022420446801267313,0.00013561967796121843,-0.03131983512764014,-0.04131528520004735,-0.037095873581591,-0.03896091874033486,-0.11775917301297117,0.0007253868446150391,0.0,0.006144688262122833,-0.04379956686847353,0.0006628185617018612,0.0,0.0,-0.018777019788111304,-0.006517545993704632,0.0013124370809730612,0.00028370046443870756,-5.551115123125783e-17,0.0,-3.594208511831232e-05,-0.01319562059245405,1.4054614152825273e-05,-0.01210240874248758,-0.01886801669618099,-0.00013137618189612565,-0.03368915240827647,0.0,-0.02225805159114297,-0.0434806270415371,-0.03702769012517432,-0.008016871552985971,4.808621438839866e-05,-0.02574377865844163,-0.046702472709814036,-0.029634211091332907,-0.016875897907700554,-0.01214166998046351,0.0009681978905755617,-0.028551424320764518
-0.021228457428362324,-0.002434492629544649,-0.0008598113659883388,0.0005679539713413506,-0.005582250479338913,0.017204216372673276,-0.014013102631896535,-0.009963201931637078,0.014227260623045357,-0.0087096002332408,7.720391993065734e-05,-0.005135110419831612,-0.018333676397289222,-0.0006251945001566894,-0.015790014294369825,0.0,-0.008984076421723886,0.013866592644716458,-0.0001785269971750214,-0.008249721570051771,-0.006783627728970232,0.004199091579150771,-0.02117175334907362,-0.002838086991066746,-0.017008089292980866,-0.017919289062196753,-0.017688899812813408,-0.03325692595515356,-0.01617541399992195,-0.01777912234851936,-0.01901401373804179,-0.007676284711306658,-0.024848840612631096,-0.022176822105757887,0.013940069386824128,-0.0007775404524152929,-0.0007495631220449939,0.0014820868914208196,-0.01815752184792524,-0.009411692292983387,-0.010761428981279464,-0.0009942404845074138,-1.832614451052761e-05,0.0,0.0,-0.03368445462404929,-0.018169226716903353,0.0,0.0,0.0,0.005418393642635577,0.0005944854937188215,0.0012822866240685404,0.0,-0.012800486134685374,0.0,-0.005672790379685211,-0.00019008527656122487,0.0,-0.03222888885063302,-0.011654188329902948,-0.005867662772993776,-0.0058994514911674956,0.0,-0.00935654741109615,-0.013009929717071711,-0.005845445764086632,-0.03187346317689577,0.0007816793134140521,-0.010906744306308114,-0.018291033013561164,0.006248097152234955,0.0052440052395481,-0.002657914993117627,-1.1102230246251565e-16,-0.016751020925297233
-0.025714491027505892,-0.032278317480495144,-0.0016512640422514102,-0.0008003075342761234,-0.0064817351723391314,-0.026479350928457934,-0.031099736048722015,0.00016121042250888395,0.010044799074313049,-0.02003194549459958,-0.035525347733228296,-0.019819665973510703,-0.02190308409247743,0.00011520667737380252,0.0016763940926944887,-0.008984076421723886,0.0,-0.005786561740570018,-0.0020396323366234093,-0.029561390629481266,-0.0032662150254024747,-0.006819281381182762,-0.0002471188258405532,-0.030243706031224338,-0.025859345050621596,-0.021763824219101058,0.0009547286982754533,-0.017683061468289074,-0.009185331690099885,0.0008764232030688546,-0.02352853231355706,-0.04664857891970425,-0.058427112538295634,-0.032613165928662924,-0.020125308411147902,-0.016835015772919515,-0.00030131149654827327,-0.0244503117393316,0.004103759499673454,-0.03802357606238915,-0.06602746188524594,0.0012646893884996624,-5.551115123125783e-17,0.0,-0.0003446495121717241,0.0026274322051091925,0.001061734633825584,0.0,0.0,0.0,0.0,0.0,0.0,0.0,-0.0279302868691782,0.0,-0.03283943431031028,-0.0003219128697079521,0.0,0.0004912264788482501,0.0033934194754704494,-0.012003578778303159,9.411310994134059e-06,0.0,1.1102230246251565e-16,0.0,-0.00037834638793415865,0.0,-0.03045638850445459,-0.0047212282536591155,-0.019469529425336418,0.0,-0.0024071855083653837,-0.00011044376372887355,0.0,-0.055161435806014014
-0.014592606047283796,-0.010611910720843165,-0.0003802449285484899,4.196992572808034e-05,-0.013501672992510039,0.015314567199842033,-0.020846891587434968,-0.0062158650613518,0.010785391970973224,-0.021512110700844744,-0.029042242815024544,-0.011946398715713402,-0.019944221545748653,7.453218455516497e-05,-0.012407520364589808,0.013866592644716458,-0.005786561740570018,0.0,-0.024999658921581236,-0.025235529289425795,-0.008390794271436519,-0.0017138819491037127,-0.007173353580367414,-0.010020650097308847,-0.005679355994434254,-0.021153162245110102,-0.010102028726472367,-0.030412783371527363,-0.008629573117109823,-0.02891087455227942,-0.02158918698128448,-0.02393425616071082,-0.04374663174450033,-0.023091509682658495,-0.005290765188167457,-0.0034382690735134114,-0.0005857529312721099,-0.00825826638808852,-0.02269085288226247,-0.020089288129670313,-0.013100883650952244,0.0022698544022949907,0.0,0.0,0.0024409795628496656,-0.03109729760636737,-0.01197996944224694,0.0,0.0,0.0,-0.0027399480999754644,-0.00020551748125469116,-0.0005798136431014456,0.0,-0.010510516091086164,0.0,-0.015787768645945333,-0.005121942652274225,0.0,0.00015146229012219514,-0.009006774830869868,0.004086648020752204,-0.0095608763967579,0.0,-0.03300505428186462,0.004477189927989178,-0.0014176720253571418,0.0027246850271672174,-0.023432529043709127,-0.008024624422115212,-0.011499576336319817,0.0012381479678836294,0.0023267114501303587,0.000642116999013731,0.0,-0.02181442434074793
0.0,0.001382251909292198,-0.013692263625391887,-0.010157532416881832,-0.04441396624095839,-0.0227532920823848,-0.009017383685710256,-0.021636267119934105,0.011451900942518245,-0.013142949335469944,-0.03434132451667593,-0.02068138224661309,-0.010455002050025974,-0.05301881888038862,-1.1102230246251565e-16,-0.0001785269971750214,-0.0020396323366234093,-0.024999658921581236,0.0,0.000477806299582495,-0.000443345132035311,0.0009866925469787513,0.02320048051026735,-0.0002438762433926156,-0.03406576477710077,-0.0007685317871926611,-0.005390335681526748,-0.009024992968937773,0.0014381154040596367,0.001544305995446027,0.0022678897625377226,-0.013824455794405,-0.01922740655713384,0.002852511868196461,-0.011420927723901131,-0.0037912313864505442,-0.010864671081536825,-0.024507824694224634,-0.07413538542670567,3.780997315316892e-05,0.0003980920057509163,-0.0038648744224545895,-0.13243033203774385,-0.0021707914163970887,-0.00015954021250247363,0.0,0.0,-0.1911765034686322,-5.551115123125783e-17,0.0025769080858479287,-0.027126233416938428,-0.01710728429148578,-0.0740701171686085,-0.05407571082364637,-8.630346517807252e-05,-0.18835502452536673,-0.031903429835407615,-0.0071902471923459554,-0.031281285439923145,2.220446049250313e-16,0.0,0.0,0.0,-0.12625512587918353,-9.507068138803199e-05,0.0,8.504015136628906e-05,-0.04755751179694895,0.0,0.0,-5.551115123125783e-17,-0.04589956862568828,0.013311906620693925,-0.0010951622032719932,-0.0003277617124624044,0.0013819150104211753
-0.051220308965788774,-0.009971160875092755,-0.0004914224154343727,0.007261884357571469,0.006539967734867369,-0.017683994628987454,-0.011933102317846722,-0.01776839958146298,-0.0021207084471507875,-0.020517544792184927,-4.589725449116733e-05,0.004679311940286146,-0.022600613627259514,-0.00018674523888040362,-0.00018157618753056326,-0.008249721570051771,-0.029561390629481266,-0.025235529289425795,0.000477806299582495,0.0,-0.03321712707953345,-0.018619298971134346,-0.010638801447951651,-0.002968036836701937,-0.043111882051394546,-0.038618942745306084,-0.03739571948326642,-0.06678745729667074,-0.008516843623817716,-0.0436102737563292,-0.027875856468316362,-0.016636583175741404,-0.04210395768878017,-0.033409607629851956,-0.007408275245303353,0.011447950878587188,-0.019367322809724474,-0.09910175862850817,-0.03006772869399854,-0.04197157223340131,-0.02798080519578028,-0.03587370867860118,-0.002569999190071004,-0.0023197567064525138,-0.0005351072662703737,-0.0027271697761408475,-0.02343677345944728,-0.0015802110467854624,0.0,0.0,-0.008719696540560318,0.003287989925327417,0.007550971003833895,-0.0012511715459674333,0.0005511669171664457,1.1102230246251565e-16,0.0001649951098809943,-0.01667035964896607,-1.1102230246251565e-16,-0.04064992925223121,-0.0036410288964156545,2.915294080202413e-05,-0.01307411525048735,0.0,-0.04444154028833458,-0.03957940498824203,-0.03975861399386349,-0.031185982011447677,0.0,-0.010361965542295681,-0.03138196981215502,-0.03230122238444738,-0.018982039062288125,-0.013825589094062007,-0.03179535046068194,-0.029306290295575355
-0.04831552554440466,-0.015869578209553092,-0.02549248808375648,0.0010479587432108972,-0.029440594601187586,-0.02171595767191581,-0.011132801185814,-0.010392703994935304,-0.014147323186468719,-0.028567015623393588,0.0021031450099192606,-0.025494438639153905,-0.020957950286229043,-0.0004272928385655739,-0.029018347722167492,-0.006783627728970232,-0.0032662150254024747,-0.008390794271436519,-0.000443345132035311,-0.03321712707953345,0.0,-0.02497032326604881,-0.026740103688340178,-0.04881220135057346,-0.01915287675028382,-0.019845892990742908,-0.0446938340284484,-0.032569909887108506,-0.014982612457561773,-0.02094739752164082,-0.02190666238068867,-0.010443724093016638,-0.026842446539314113,-0.02240053214010118,0.00036346799148412323,0.07869955743199619,-0.001345821534335212,-0.04348393590001515,-0.025590997611661448,-0.03605663253433361,-0.03187736308500111,-0.027672081795999726,0.0015671833162738125,0.0,0.0,-0.09279914888342683,-0.034325660017794635,0.0012090459874526394,0.0,0.0,-0.009458963176931845,-0.008003083089050456,-0.0737536776798049,-0.0023052951907975294,-0.00029294765056264715,0.0,0.0013592868249137635,-0.014538522147841682,5.551115123125783e-17,-0.03830494499718268,-0.01086465202968856,0.0,-0.0039038677169652147,0.0,-0.042149955676619555,-0.030004398839549973,-0.03542564640885276,-0.005397146434275191,0.0013671035565314127,-0.020580055109283013,-0.030836638577712683,-0.04071874077684884,-0.012299973755998284,0.0007727791149957919,-0.03018368174107655,-0.01855249832547451
-0.016841874329870443,0.004261434070674253,0.00041881530205051254,0.012832502696472015,0.006153346152115602,0.0017923514470283286,-0.0032700174457125364,-0.02289192619857533,0.007221168977533887,0.002522973512965543,-0.0002568387050905785,-0.03878812269301296,-0.006202065254376832,-0.0005112437671243586,0.001720043958373496,0.004199091579150771,-0.006819281381182762,-0.0017138819491037127,0.0009866925469787513,-0.018619298971134346,-0.02497032326604881,0.0,-0.04344153489411695,-0.009859841931834423,-0.021189840120565295,-0.00883707748373358,-0.039309100858944124,-0.04639932537715685,-0.023046995270273207,0.008166823409233692,-0.023304629807560207,-0.012400278351994198,-0.0367223852920191,-0.021836242746074763,-0.0020948347918548493,0.003007314948129447,0.004584003733351438,-0.04332409604590054,-0.03106437973013576,-0.021977349554124892,-0.026947673848727205,-0.030564881344452732,-0.02924220185462728,-0.00013917622598558221,-0.0003546561543117943,-0.025911232022669817,-0.021610874046786244,0.0009935675727946736,-7.72846001223515e-06,-0.00014961021169523914,-0.013323672629472427,-0.008535411768989976,0.002438757800016289,-0.006913234391367429,-0.001641648931983708,0.0,0.02157276323766577,-0.005232213966455512,0.0,-0.03727668462591266,-0.0021875585588954083,-0.00279935004578713,-0.002296700527647799,0.0,-0.03761842269823856,-0.03846892598511292,-0.027492950546915473,-0.02576874858892597,0.0010260658212640772,-0.011656493461617012,-0.026915814635795454,-0.03128149065256497,-0.017501603363514195,-0.007558125407216232,0.0008524989673449057,-0.019727093933793627
-0.04499423320816637,-0.02372182597927719,-0.02583245187615968,-0.008750581145531622,-0.021698605252305603,-0.021044760323183365,-0.019468466015859998,0.011333097298956485,-0.034730386199850694,-0.016626378592872915,0.037934130636394,-0.002236102342889623,-0.022884549683444222,-0.0018959405007075159,-0.040470843020391944,-0.02117175334907362,-0.0002471188258405532,-0.007173353580367414,0.02320048051026735,-0.010638801447951651,-0.026740103688340178,-0.04344153489411695,0.0,-0.03561446631325388,-0.02082327584323873,-0.03352724643535082,-0.02390996399883316,-0.03083246273720458,-0.02533631939193509,-0.030552493055038155,-0.02348392822515083,-0.014973904236557034,-0.050442639878876705,-0.017082467683682212,-0.009288346867112385,0.04336130420928069,-0.0134800153276175,0.0004774421814734975,-0.018906083099451743,0.002774568496956231,-0.009428792060563018,-0.004962321607762998,0.0186967312019648,-0.01004069296097504,-0.0009727826740386636,-9.483471576565705e-05,-0.032412894975456574,-0.023359885893024956,-0.01967506838172778,0.0024519596531005217,-0.011552520363411145,-0.01727461607202546,-0.040336168126337335,-0.030551679940586718,-0.001859629068160784,-0.047266687989882206,-0.002131080070424174,-0.019483053899867764,0.010021566457721287,-0.03828521780116978,-0.019396827235893865,-7.09177526293514e-05,0.006238658161099309,-0.026871977935297164,-0.03500610353149075,-0.045009496072610844,-0.04145709653403512,-0.06434479518116654,-0.0008501818606349576,-0.015522361664811357,-0.0345888095989233,-0.028822756397924476,-0.017115296520994805,-0.013664430574793662,-0.015370830502967614,-0.010365553605745592
-0.038927680723476576,0.009055789162295824,0.011257348711055826,0.10410315486294408,0.0024419252190029384,-0.017913179992273764,0.010871164949887657,-0.02711951929623979,0.002794889497773567,-0.0016604275268543023,0.022237752689092227,0.010496117398945015,0.000183807374841638,-0.0005142554287885792,-0.035572653605038695,-0.002838086991066746,-0.030243706031224338,-0.010020650097308847,-0.0002438762433926156,-0.002968036836701937,-0.04881220135057346,-0.009859841931834423,-0.03561446631325388,0.0,-0.006498705203048183,-0.014206999902323325,-0.02114541884273241,0.0010545160310119206,0.0012915494724015097,0.000461505187461575,-0.01063670232930286,0.007390029991086622,-0.014369973537812553,-0.001625525311245657,0.006579107850501753,-0.015318283629541074,0.00012118814590544869,0.018807522695336587,-0.026695274643394884,-0.006575530147194364,-0.021863006562700738,0.010050447500393744,0.0014886062450273352,-0.0005988540287166777,-0.003260598479347121,-0.027127765756926714,0.0005407782712243958,0.0,-5.551115123125783e-17,0.000280112130596033,0.0004993185573077819,0.00011674045597559468,-1.6653345369377348e-16,-0.0008697289372876504,-0.03767361647683132,-0.00028375868403063276,-0.026031613446161728,0.0005904929328452435,0.0,0.0010246427424744908,-0.007445724223100025,-0.01009229475727641,-0.006491160655842432,-3.413518718936581e-05,0.0009025196553396619,0.0016000941071234176,-0.0001686240020135621,0.0008695081698675278,-0.010559550050775801,-0.006746522859263748,-0.01202745673480854,0.0014732378940405244,0.004120450175824575,-0.0009830629341384678,0.0,-0.004866496590342662
-0.02473598934593252,-0.006865773155893984,0.011531645771212518,0.00042250171132840464,0.0010576165875324506,-0.004718050922528638,-0.010764003086652874,-0.005188711406059754,0.007042415210157027,-0.013598312585291317,-0.015168140544486175,-0.008943448597186598,-0.012553802375196155,0.00013393689145174692,-0.04362340226418149,-0.017008089292980866,-0.025859345050621596,-0.005679355994434254,-0.03406576477710077,-0.043111882051394546,-0.01915287675028382,-0.021189840120565295,-0.02082327584323873,-0.006498705203048183,0.0,-0.016513627518260743,-0.025004849514317473,-0.02981191527240762,-0.0019766645978397945,-0.028228791140388343,-0.028173065745445813,-0.02181570166856306,-0.04011487145323139,-0.020242313584210025,0.006195246755423378,-0.01736551111335699,0.0002859677392961779,-0.006346559628774839,-0.022556483737268207,-0.008642127686179113,-0.009578939750618631,-0.009557165710168125,-0.001093968515829602,-5.551115123125783e-17,0.004354682763570428,-0.031907269597086674,-0.02836121223320731,5.551115123125783e-17,0.0,2.220446049250313e-16,0.0008878930771527571,-0.005516732775716626,-0.029993890834790204,0.0002985376359356251,-0.006582451900972841,-2.025052905840763e-05,-0.0170465771878775,-0.00914729039227502,0.0,-0.021648023613691225,-0.00838811688001001,0.001823632072535053,-0.006702309346626301,0.0,-0.012820013678629227,-0.006927334083167147,-0.008190553420251323,-0.015703142330981967,-0.01742270977410687,-0.006548077219496684,-0.01221399555688324,-0.02379550914609646,-0.022289953231129533,-0.005052259425475103,0.0,-0.01917542068415673
-0.015336731412056326,-0.01531398499306047,-0.012350410086157948,0.002779507150187932,-0.01465754207179415,-0.01752584787408562,-0.009079261842448338,-0.013977830902644928,-0.025145054472874184,-0.004750142952398839,-0.016756371240226997,0.00381743570091303,-0.012326426165950866,-0.030225024367115993,-0.04012582896160849,-0.017919289062196753,-0.021763824219101058,-0.021153162245110102,-0.0007685317871926611,-0.038618942745306084,-0.019845892990742908,-0.00883707748373358,-0.03352724643535082,-0.014206999902323325,-0.016513627518260743,0.0,-0.04145083469637695,-0.026037319869461506,-0.0038480115730442077,-0.023380328675769002,-0.02444563501887137,-0.017377864199344673,-0.0406510158753578,-0.01852372064033847,0.008446884399380905,0.006430533402347449,0.0008927090909228164,0.00854808363154369,-0.03463049122025508,-0.021449661174902324,-0.018441053234170723,-0.02647252616144219,-0.002153026784967038,8.710208845547074e-05,0.025583819606131986,-0.038743700237457046,-0.030920857715548478,0.0024451993963006124,0.0,-3.218240696661878e-05,-0.010602119116046804,-0.010730048041883544,-0.00070534094404473,0.012706765090729433,-0.025339978917787664,0.0,-0.028871142374767345,0.0010555008006248867,0.0,-0.047717873866106875,-0.014924437450819339,-0.00800086697282637,-0.013593826401702924,0.0,-0.03511979580750624,-0.03233525732165882,-0.025964388388841297,-0.02871442589196055,-0.031765021903334856,-0.015176257350821787,-0.019274443447177103,-0.02858262658031413,-0.010005804341789826,-0.013823820195142944,-0.00013482692139044072,-0.024302258927515252
