0.0,0.7181318085473181,0.3961942484683658,0.0,0.35683343290318825,0.5460066881697763,0.3524758200964469,0.6580581100088908,0.4157457728627085,0.48012366062093426,0.4068901911091779,0.44237970082568273,0.42907848235416157,0.39450240053371144,0.6021223061691037,0.9593660209104533,0.46480787337587914,0.561166774999291,0.0,0.7000285603167433,0.3488803932149205,0.6918735715069997,0.6940382360916879,0.32319023898017063,0.4747850662054174,0.6549585642226579,0.7193331225368149,0.446398488890246,0.5312785831983686,0.6375890631635426,0.7210119079913047,0.6039116694511419,0.8004872778473504,0.5479133451482026,0.520538314418648,0.6338321350523048,0.45018786496348284,0.5003978881832247,0.6557336476614788,0.8746697206336069,0.6637559959309737,0.5344011341241739,0.4721287303870548,0.0,0.4860605453961961,0.37813462227637473,0.7478556113686214,0.0,0.0,0.0,0.5476123236667434,0.0,0.6454965483703443,0.0,0.7824075777637045,0.0,0.6309375980726788,0.7608221164251838,0.0,0.5727460935592337,1.018040749690643,1.131643710627093,0.828102741198518,0.0,0.5209340480675964,0.5415658965609725,0.7719792414340312,0.251616588032509,0.19494213066324417,0.8776287233187425,0.7280683930771078,0.47589353721306543,0.4098462124361854,0.6039369533728511,0.0,0.7502172221494132
0.7181318085473181,0.0,0.5953915358133943,0.3359997874176132,0.46359879110403424,0.5124718783239929,0.42903211188612644,0.509225447539472,0.34068121061453926,0.49885475476832064,0.3201128275642621,0.408466527782119,0.47629337415268724,0.5340174341685581,0.6643652288845844,0.8492098366216205,0.7934477672962714,0.8215318046701228,0.6009447430885307,0.3945051443227657,0.5710067486070334,0.6746344169587117,0.9206567436880151,0.4650301635696924,0.501735630472228,0.4009145848617283,0.5869764053502063,0.5457997534746047,0.48555903045850723,0.4632008539174447,0.6973602504426766,0.4740252326868691,0.4426246200814481,0.5531492622049239,0.5642642040341588,0.46862051844334096,0.2118183256590701,0.0,0.5437984989346907,0.7994948722310202,0.6222742989670879,0.7551055983208229,0.6235971415048205,0.0,0.0,0.8530491786748888,0.7454894305873907,-0.037415920432747565,0.0,0.0,0.6518481932416198,0.6054705832817234,0.7181704228745395,0.5607552073117259,0.6159491296682675,0.0,0.44847300353407843,0.610242554342166,0.0,0.642357732630856,0.8504651410041365,0.26386114164509517,0.8076098199860509,0.0,0.6190015509679168,0.6921862298337065,0.762811522594558,0.6924391326643319,0.46993543587828157,0.8257887328346881,0.7575997551086091,0.7123284345711427,0.7256398007445177,0.6386047293667305,0.0,0.7456079365655977
0.3961942484683658,0.5953915358133943,0.0,0.6138978215304327,0.8494703715479304,0.5308059558764475,0.6753314776554626,0.9611114461308652,0.24983380655598164,0.548748827403267,0.5695195536236879,0.3656648202440833,0.7427244672214058,0.7114712992422749,0.3690414317749164,0.40562179590010683,0.6367272262645957,0.5562503608152033,0.16995313507240087,0.37874950243003525,0.4200233446967866,0.5812174001613494,0.8431250256707464,0.41532292004675,0.5198770058430096,0.5068447992005397,0.3567791772334482,0.7900215983776702,0.6956273988404165,0.9078201851575922,0.7692065081668009,0.7504324838810303,0.5385231822370367,0.8050697899887371,0.9014614666614092,0.7173115895356743,0.66527730833691,0.6577437662135652,0.6991707943709586,0.4932626438133092,0.6278619879573188,0.5024677969962312,0.7791343371057882,0.6878394658242042,0.0,0.0,0.1794834585166043,0.5554249592174297,0.47097339987804754,0.7562390427589626,0.7904585906282268,0.7289010900592476,0.904541364601585,0.7648822408711731,0.3448544846164225,0.3437912044641765,0.4970739076402844,0.5996361070972047,0.7665263326360281,0.28596220134298134,0.0,0.0,0.0,0.15379232052290448,0.6822377306656426,0.4452449497177271,0.15951590430704923,0.8595092428292934,0.0,0.6265900878523433,0.3838326953739837,0.9909828547135203,0.5645153672839467,0.6484490364043446,0.6627719803017686,0.6264964525997083
0.0,0.3359997874176132,0.6138978215304327,0.0,0.210076096993358,0.7209297122376692,0.5793001419363746,0.6271790643984658,0.7760277353259171,0.4181574250957948,0.5703815443779435,0.38334938803316326,0.880149082449728,0.5282002375410078,0.6365647454868385,0.06406761341761724,0.555732183121447,0.4698575228047399,0.7400200503865322,0.6337905416454614,0.39482973323930515,0.5813928983792749,0.7023744346616348,0.2147469264750891,0.8529274239277729,0.5988734890693164,0.6595581335642748,0.23637891540053874,0.28900478316493516,0.44204919741793086,0.46779972285501015,0.538555128338086,0.20891329566237238,0.3570095921011367,0.2612768527625212,0.18131983794960482,0.26868215444669397,0.3768992496036654,0.21168043675946424,0.2898111937349798,0.3763632421256229,0.3022823957739992,0.23347102653665658,0.23923004966135447,0.0,0.0,0.0,0.43368461436919115,0.0,0.0,0.5886670147207029,0.0,0.4675552124042135,0.0723403398240894,0.0,0.19097698740173272,0.5053237424104238,0.4829928844408792,0.0,0.0,0.0,0.0,0.0,0.0,0.0,0.0,0.4731294423492113,0.6322683978663723,0.0,0.0,0.0,0.5455669219420691,0.5118253783424236,0.6357637195561341,0.0,0.0
0.35683343290318825,0.46359879110403424,0.8494703715479304,0.210076096993358,0.0,0.6050235137827279,0.56924088719709,0.6628859929581665,0.38029958378120554,0.6307444125948863,0.2851521127198783,0.5989874657475992,0.8756016864406575,0.395350825825601,0.5246004552685606,0.5511607059407819,0.5590255487454332,0.5150659782631546,0.5431507449625608,0.8496611137210135,0.5158288820154565,0.6290049547073249,0.7972227073733148,0.30925698152068093,0.4743538186265822,0.5199790856021148,0.8056149542372256,0.9403491561471815,0.8611597662392897,0.4884512472246458,0.6900869735647912,0.5904644946459905,0.31328396914936724,0.7074822623357656,0.5366213194568139,0.5497451458862312,0.4042946573548718,0.4078205849441411,0.6897652706459888,0.669679468233768,0.8098391647171718,0.3883239320447084,0.565589081255997,0.6104457434322377,0.2625860987284812,0.0,0.4323524588596348,0.7064931556860423,0.0,0.644789417633711,0.6723757444321388,0.7752207704648904,0.46502021422428164,0.7363000883871398,0.0,0.5476116624218154,0.3472307405762881,0.7632568496007539,0.7549467411088667,0.23039522371832394,0.513658578051833,0.0,0.0,0.6796729764003069,0.29409480799623944,0.44214663712625546,0.3587075320707526,0.8207080338046618,0.0,0.4933094838201405,0.5036884541710461,0.7507705988821025,0.7374710492820764,0.5024265512498517,0.0,0.5168338203547254
0.5460066881697763,0.5124718783239929,0.5308059558764475,0.7209297122376692,0.6050235137827279,0.0,0.6144210304381118,0.8981982012825795,0.24520626017074545,0.6663276381768848,0.6814898371775103,0.7063811295967856,0.7567101627108858,0.7947852361949743,0.9479616036279791,0.5755722390351994,0.5392890183041841,0.630156292014154,0.5909854446174061,0.5462668293251631,0.9083520092002425,0.4478223730378971,0.6325916176219852,0.365038708587571,0.5411405527222872,0.8440049633747079,0.5660537532224007,0.8423026427760937,0.4903941616361739,0.9876234257698193,0.9205207712031328,0.599280389359258,0.7066153701423437,0.7487767939335704,0.7359431678642399,0.6023805937506478,0.8241847379343287,0.4877319706044624,0.6532115749233278,0.4100954984574926,0.6996445267852274,0.6284288600520305,0.5575215585632176,0.5403468927355348,0.22008226555529115,0.5949089643365872,0.5845472119997297,0.8441158647226641,0.5996924951094088,0.6575370912067244,0.7856269443952567,0.8753507136439986,0.8076961499997501,0.8759002817405148,0.6833004731097687,0.8168196795486826,0.3725627307038544,0.8234333259744085,0.7993507130666326,0.7584239386799088,0.7110882109609264,0.0,0.7129213058828161,0.7135732797681107,0.686478076681849,0.5683851244169089,0.820744374056216,0.8688434344022593,0.5659130722265,0.6907309324802915,0.6382494013163482,0.8753125908257066,0.7323431285166714,0.7515925878497898,0.5792710244890781,0.762850955947054
0.3524758200964469,0.42903211188612644,0.6753314776554626,0.5793001419363746,0.56924088719709,0.6144210304381118,0.0,0.5729785454244054,0.6079741869329218,0.3974797600462828,0.6645568189533595,0.45543590463218614,0.6050266194921188,0.3773801485627465,0.5497978333375843,0.5078393859073271,0.4835914455906441,0.5162032913868586,0.6814607167301296,0.5396373667497548,0.3991603404453926,0.48202693184471423,0.6776059647956812,0.47083338136912906,0.4092597986504449,0.493293480320006,0.5738797818019574,0.5994950006069987,0.8395717709680132,0.5301804167514607,0.3135990501703439,0.6427919291794975,0.40587732307115976,0.3955756725203443,0.6178021412698371,0.8571690621050667,0.3653821252281058,0.40346907632962414,0.6431427685631534,0.4599423554316546,0.6884801306346797,0.454696729611929,0.5838679537565268,0.8274120730295019,0.36284068931005775,0.0,0.2954638929917893,0.5233398910364211,0.0,0.6402224989835885,0.704478972222826,0.731234460394868,0.5175786958080189,0.7249054790804066,0.5863246619235134,0.5662642454430948,0.4123429125897383,0.6253344094453623,0.3159685585275509,0.34276642254029877,0.6080344227726316,0.0,0.5336124951108857,0.6159224776078962,0.6044422069648749,0.4835228465334091,0.5902595689560706,0.774064917945936,0.46227021658430245,0.20470639032604637,0.3166392674727121,0.7288449712555247,0.6702367048029836,0.398785264681095,0.7653110496581619,0.5637992872365281
0.6580581100088908,0.509225447539472,0.9611114461308652,0.6271790643984658,0.6628859929581665,0.8981982012825795,0.5729785454244054,0.0,0.7022853686667443,0.5783814220706813,0.7350738463557933,0.6877511487824942,0.6397824638637056,0.7600951169002945,0.8455109729184833,0.8050341696042906,0.49558141250915233,0.7330156035312223,0.6632105943548812,0.898105279465881,0.7307192521905537,0.34743766729389863,0.777763329609457,0.4344710948941831,0.6885495402033768,0.6677779800014709,0.8501579703701223,0.5757757772374257,0.5658752677584082,0.5766665184041246,0.7355175798664715,0.5215436394645682,0.5676179557736276,0.6318128252557255,0.4537677491754762,0.41921721652875676,0.0010385133870543517,0.630430082163321,0.5534389537363813,0.4690253846009826,0.37380087878029333,0.633511730754148,0.5562500274392046,0.4929364627325487,0.0,0.6089836970516815,0.4090125007511368,0.835287729384882,0.0,0.5437299891611578,0.6088674980888551,0.6994613787500337,0.6008939166819438,0.8201333997348967,0.8020280207916984,0.5987852982288265,0.9697180945901234,0.6441038651616497,0.6440172083075486,0.6406302205034818,0.40084728873096287,0.0,0.7501232635046515,0.7978140314160143,0.8450594914726729,0.7511311878296449,0.5537936236783232,0.7961100771772716,0.0,0.4924907048154093,0.5158528803474778,0.821885808698632,0.6231185797265325,0.5803748044570072,0.5612363744796252,0.5214707534358198
0.4157457728627085,0.34068121061453926,0.24983380655598164,0.7760277353259171,0.38029958378120554,0.24520626017074545,0.6079741869329218,0.7022853686667443,0.0,0.7085294461796992,0.2807545958867912,0.7260917444341132,0.7322050611334754,0.5831302075671871,0.6205801422865505,0.5917548811975673,0.35378864754679434,0.6761747039535302,0.31740905660153257,0.6397689974171326,0.42485053022863106,0.6145379605818104,0.7471059138786367,0.576908120542758,0.5023370462008541,0.8059966728494579,0.38235806003219536,0.7550520562892461,0.7985912506901178,0.7867933524716911,0.7503339559825988,0.7430516070698654,0.6350723676420398,0.7330055245949049,0.7489899077591363,0.7041988292551074,0.7781107086950005,0.7182187801074127,0.4476443491172298,0.5614465437753027,0.6120293419184771,0.27175334962247766,0.5141574004859634,0.41793758031440703,0.3025945078537064,0.0,0.49704017719762605,0.8013436032048822,0.4684227680216069,0.7403895239150032,0.8265312452961389,0.7600183171368017,0.729630964662491,0.6955272767197432,0.22525974747843558,0.6801056140523427,0.49590933770649603,0.6605115319578615,0.5879265724423606,0.43908041205046544,0.688215267889105,0.0,0.0,0.6936660856261554,0.6115968524571029,0.6268965441769878,0.5657821159590751,0.8278818238509591,0.31544667377769436,0.5703654385903809,0.2828818686187772,0.8210235279641975,0.5806213581431727,0.7283573824743476,0.47295944991514227,0.6917570993332702
0.48012366062093426,0.49885475476832064,0.548748827403267,0.4181574250957948,0.6307444125948863,0.6663276381768848,0.3974797600462828,0.5783814220706813,0.7085294461796992,0.0,0.625941548576235,0.7277383126203651,0.5809594309217647,0.5623197125838255,0.5110040134571543,0.7463203104322389,0.8093059133231381,0.7319951676041356,0.6184711074739975,0.44449444209024574,0.6455155894500603,0.5922773984870202,0.631565278916189,0.6879131428579348,0.8337611167836778,0.48777309466301455,0.5871499021877755,0.5682600140387541,0.4901446251699729,0.2997354925800071,0.8147630318257519,0.32001004446929493,0.8109096583474329,0.4171579067793274,0.6293485466467497,0.5090807022018914,0.4548436742374794,0.6245601599623727,0.45161261041304357,0.6961502687592687,0.8440154536841474,0.35163392374969243,0.32919508051107427,0.3325236659146916,0.7934691410927789,0.7686601959627697,0.8202499211412495,0.16741316856950317,0.4559820410967487,0.42964049024335305,0.4694980871616857,0.4954797869882487,0.5651361494545848,0.2552828404018735,0.8461218920337437,0.4097442910232073,0.8560659362825555,0.6570091232495637,0.0,0.8720915496461823,0.6321827562102016,0.7719422089501753,0.674967314424372,0.48128193838625866,0.4871524671263734,0.5595572412778641,0.3794403715014393,0.5238857763892047,0.6854037854064934,0.7766111438643852,0.8044268566588788,0.5455525597767963,0.6092714164248128,0.4437161135632254,0.0,0.8303668993061102
0.4068901911091779,0.3201128275642621,0.5695195536236879,0.5703815443779435,0.2851521127198783,0.6814898371775103,0.6645568189533595,0.7350738463557933,0.2807545958867912,0.625941548576235,0.0,0.572214690337079,0.6407700946906782,0.47466593196468887,0.0,0.5052789628861284,0.3089033618629589,0.6164510898845021,0.3682059931864259,0.5140222082147128,0.6193542813374524,0.37967631198780394,0.23928059348490413,0.37766093684426927,0.6764023303272855,0.4386386941893873,0.5091157089705582,0.6369876387370772,0.4369916110033481,0.5283291923005717,0.6404562456212282,0.5363315079057541,0.42282595742810164,0.6056399798910078,0.5023435242635399,0.4956484471480942,0.8237108338867178,0.5032808227279237,0.6621163787827715,0.49963949595878104,0.5145044980016266,0.46047241823341606,0.7009479915539674,0.5849835136116293,0.2038551689366961,0.0,0.0,0.7377498524936419,0.48279856031354546,0.5815307513276639,0.7329895305378384,0.5753194027932829,0.6477033863277869,0.5850820260564176,0.5130146265347608,0.46312601585389634,0.40909295823931946,0.5807906422656007,0.7379443427482162,0.0,0.0,0.0,0.0,0.24396589306056513,0.3961512640319248,0.0,0.7402019271490958,0.77926879998226,0.0,0.0,0.9845331690656767,0.8532394748690437,0.5472955949147724,0.3883584040567406,0.0,0.5134135816294063
0.44237970082568273,0.408466527782119,0.3656648202440833,0.38334938803316326,0.5989874657475992,0.7063811295967856,0.45543590463218614,0.6877511487824942,0.7260917444341132,0.7277383126203651,0.572214690337079,0.0,0.6781098702546581,0.6089247244811048,0.37858066142540775,0.6358560859903977,0.8975472347160731,0.9009107737497732,0.5782629275210992,0.5208267134579592,0.6342015584608123,0.4280945611923613,0.48619523879997184,0.5321456135136716,0.8554107737229999,0.3990667230805224,0.5867025162523576,0.777277704089451,0.4167452815198942,0.2930797214979397,0.7734248267858388,0.2742376161296033,0.8466580849192992,0.49861892830334453,0.5504569737958542,0.8315542584886407,0.35963713181360907,0.4987803573842584,-0.15733802635777758,0.6405741419430522,0.6041430555351244,0.32509129306245316,0.4351166036093762,0.42804173606826007,0.7096365872795682,0.5811693229615652,0.5330921771904475,0.27905558421176985,0.19350429597693858,0.2525045541727554,0.3551168084276137,0.4772427681616569,0.26991086287337235,0.4211698655769395,0.8515491644682327,0.25183145237552773,0.7724343699710394,0.531135522167389,0.7182551953435705,0.6464936010835369,0.5339720977777653,0.8213351611033392,0.7282438618662037,0.36497221045250033,0.7659446274039073,0.7356367417805948,0.456464914610248,0.42354363992715705,0.5089601627304553,0.8458543827948406,0.8108147572386224,0.311761144645449,0.636467257206748,0.5062340790973853,0.0,0.7144458565466072
0.42907848235416157,0.47629337415268724,0.7427244672214058,0.880149082449728,0.8756016864406575,0.7567101627108858,0.6050266194921188,0.6397824638637056,0.7322050611334754,0.5809594309217647,0.6407700946906782,0.6781098702546581,0.0,0.5623511293415537,0.7966019444290284,0.590195573493065,0.5468273783099012,0.6012985093928571,0.6959497542950717,0.619246007829278,0.5730357469872109,0.5059678520718953,0.7215040192839772,0.42939495634460945,0.49258555466884413,0.5122980112015192,0.6703683588206144,0.6753484220471357,0.8365087148608994,0.6447802703562016,0.5997545304279713,0.6985650742172288,0.5176016213692852,0.5630303014865686,0.6659240403871276,0.7933249091173473,0.7935561997851,0.6036950852738054,0.4749830788815843,0.557884546344978,0.7000051151656621,0.3961927844430572,0.6142806350146637,0.3704807685500344,0.4778827353482662,0.6475684449186252,0.5229921493793088,0.6887331144229107,0.0,0.6894960372183645,0.6736436103281899,0.6845740915033975,0.5245445756737134,0.7750412818131764,0.5855743606715775,0.4783985474341935,0.5170220395913039,0.7236128659253663,0.38298430706307673,0.536596467208637,0.39308179886150085,0.4059299931172462,0.17978524471839663,0.6665761122702122,0.5938308667471244,0.606574207347967,0.5316619235484226,0.7842563667725102,0.5274496403649687,0.467706436308555,0.4090711243000444,0.7914038755513864,0.7276189787713462,0.6102430611399949,0.5692063211286948,0.5707004721143771
0.39450240053371144,0.5340174341685581,0.7114712992422749,0.5282002375410078,0.395350825825601,0.7947852361949743,0.3773801485627465,0.7600951169002945,0.5831302075671871,0.5623197125838255,0.47466593196468887,0.6089247244811048,0.5623511293415537,0.0,0.5622713826990939,0.6293543790987559,0.5013203239896764,0.44366878641403634,0.4569683710143143,0.38322755412173004,0.522071420948349,0.3156152835930415,0.7003400359152108,0.7361079509013961,0.5116849273245567,0.4411564125785602,0.7904686262903582,0.4561092949537454,0.38972642323504403,0.8489488527375242,0.5042189974221641,0.20565758400803555,0.23100305979494204,0.9847991854796239,0.35632265450077016,0.3394608195886688,0.1593959829439459,0.05326481279534065,0.7099487153889594,0.0,0.7040955183363746,0.8260393259654437,0.7154310145656934,0.47032842967246236,0.0,0.0,0.0,0.7324550092078947,0.0,0.559216282172871,0.46848973901247315,0.4728774461841734,0.6856802142507186,0.5972834215664178,0.0,0.6787005139836922,0.4028668544963111,0.7828981953429842,0.711936740340577,0.0,0.0,0.0,0.0,0.5446331176158344,0.0,0.0,0.0,0.7554715852366363,0.0,0.0,0.0,0.7782982249971035,0.7684548249510861,0.0,0.0,0.0
0.6021223061691037,0.6643652288845844,0.3690414317749164,0.6365647454868385,0.5246004552685606,0.9479616036279791,0.5497978333375843,0.8455109729184833,0.6205801422865505,0.5110040134571543,0.0,0.37858066142540775,0.7966019444290284,0.5622713826990939,0.0,0.649580265657515,0.535353285609349,0.7070019442070374,0.0,0.6624805657539637,0.6578427549270311,0.5597539342218187,0.21665956312459156,0.4341761735345724,0.7171997078429444,0.5288544176182571,0.6455193459048428,0.7603949951277944,0.6437470438417257,0.5208842816008508,0.5846082097457705,0.36587252713524404,0.639087011010474,0.4125168098212701,0.4761757748670759,0.7423131362145104,0.5021062151456656,0.3694023443118985,0.42591864880971925,0.7375752404128257,0.5622011795500597,0.47647787032903643,0.49713971074927205,0.01581678458585345,0.0,0.7083454411159401,0.6845646577043158,0.45657490237835074,0.0,0.0,0.6588398358735037,0.6799608300798539,0.6615922331106135,0.5268601724631337,0.0,0.0,0.6629274124161166,0.6948187712079923,0.4795648105256357,0.9171497673586256,0.7672705916204334,0.6187961464330842,0.8185860691786566,0.0,0.864034632264628,0.731005624676092,0.872127803805093,0.8271122253400477,0.4709711835601495,0.7671192218800595,0.6811528287869736,0.7572794947086307,0.5776395506593925,0.6396565946445429,0.6139118630111603,0.5681968541255062
0.9593660209104533,0.8492098366216205,0.40562179590010683,0.06406761341761724,0.5511607059407819,0.5755722390351994,0.5078393859073271,0.8050341696042906,0.5917548811975673,0.7463203104322389,0.5052789628861284,0.6358560859903977,0.590195573493065,0.6293543790987559,0.649580265657515,0.0,0.7986374507405175,0.5377226751751909,0.5190037079649035,0.5482226385308278,0.7529056695382254,0.4855708797079811,0.8775879534818727,0.7856367330852182,0.6033910558148833,0.815983062355893,0.7529574495328324,0.6734552239399564,0.6910281070603378,0.7531306168688254,0.933102845736609,0.5050837359355821,0.5168452551239505,0.5555039199636145,0.6400022855542564,0.41200982401848796,0.4141661922267834,0.5987156891001593,0.617861220036009,0.7887813968481961,0.7861362698088382,0.7800883542551933,0.46733167544455984,0.0,0.0,0.9435790219063578,0.9175327151809218,0.0,0.0,0.0,0.6418278858560362,0.5929175048069826,0.841679493814355,0.0,0.5993860733410529,0.0,0.45892406391912965,0.5341881331876734,0.0,0.5832061902254538,0.9601750076289288,0.6894855901684437,0.8608744268466783,0.0,0.5998857639817665,0.7609447066063466,0.7200891031007374,0.5840014501521795,0.49503030809086296,0.9759861277547516,0.9313844017864967,0.7696376424958005,0.632848616768571,0.8508306616161987,0.0,0.6838981526556758
0.46480787337587914,0.7934477672962714,0.6367272262645957,0.555732183121447,0.5590255487454332,0.5392890183041841,0.4835914455906441,0.49558141250915233,0.35378864754679434,0.8093059133231381,0.3089033618629589,0.8975472347160731,0.5468273783099012,0.5013203239896764,0.535353285609349,0.7986374507405175,0.0,0.6206978917664847,0.5018680872348649,0.6847596360854632,0.5486179609785087,0.9761466496391357,0.7853608500108104,0.8026307191206429,0.7572012613960127,0.7246012351310589,0.6680873254929917,0.7188452348115129,0.5058716450055161,0.5556807833681143,0.8379945154161952,0.49521305309749264,0.5600249697580817,0.555600577604821,0.654721082940258,0.41941179994151734,0.2731635569795049,0.4613094828141918,0.17106866261960374,0.5871198048530958,0.7200435752280463,0.5398217835011783,0.0,0.0,0.5710234582263323,0.6815774127647101,1.1468341392775065,0.0,0.0,0.0,0.0,0.0,0.0,0.0,0.8956623856419721,0.0,0.8479818653355616,0.33220920633806744,0.0,0.8009218427036436,0.47531740493862584,0.7990200369730482,0.5939483277452311,0.0,0.0,0.0,0.5244086303022276,0.0,0.6171843872671053,0.878959359011159,0.8697331316090964,0.0,0.3155817436824982,0.47758197337979424,0.0,0.774172615177301
0.561166774999291,0.8215318046701228,0.5562503608152033,0.4698575228047399,0.5150659782631546,0.630156292014154,0.5162032913868586,0.7330156035312223,0.6761747039535302,0.7319951676041356,0.6164510898845021,0.9009107737497732,0.6012985093928571,0.44366878641403634,0.7070019442070374,0.5377226751751909,0.6206978917664847,0.0,0.4525672106105173,0.7055183746470328,0.8471612514889737,0.718794075210672,0.9057154754844597,0.7092019216302997,0.7219617876618147,0.6021815190179309,0.8334981470241463,0.5419422116994129,0.6429077712516945,0.5655072509060854,0.7791189184203897,0.6467531190611864,0.6340594633937853,0.7255532765372459,0.7311734332731842,0.6327515693496146,0.2589073440105698,0.20818596223584523,0.6214734155785013,0.8168780344543791,0.7917029930409324,0.7712396555774875,0.0,0.0,1.199446253620318,0.6354854889292056,0.880456562914673,0.0,0.0,0.0,0.5516227353238384,0.5421027507779066,0.8908048853700883,0.0,1.0075188136843833,0.0,0.9638982325155087,0.8329529131887881,0.0,0.63612663590101,0.776927703963096,0.9713894514689216,0.8883359932715398,0.0,0.4967292284703294,0.7714011495670505,0.8223617718201488,0.7957639119024573,0.5563377257628698,0.9657461775178373,0.9111164340615022,0.525547496479785,0.66230682885258,0.5690888103351452,0.0,0.9976915124700804
0.0,0.6009447430885307,0.16995313507240087,0.7400200503865322,0.5431507449625608,0.5909854446174061,0.6814607167301296,0.6632105943548812,0.31740905660153257,0.6184711074739975,0.3682059931864259,0.5782629275210992,0.6959497542950717,0.4569683710143143,0.0,0.5190037079649035,0.5018680872348649,0.4525672106105173,0.0,0.5253363922498163,0.4338485155044896,0.6310282914805098,0.5130195542490961,0.5410142503585267,0.5585535480414839,0.34315357382478096,0.16677933612030774,0.726137455039229,0.637480754038357,0.7196060713843014,0.6992357701464075,0.7128085728875553,0.3909503931825963,0.7114961389883625,0.7077728882164037,0.752722177567104,0.6806529302409483,0.5813263531216176,0.7796698976532166,0.4118743401793923,0.38994244273718043,0.22939844296977746,0.6976988682312085,0.34029333572580656,0.4139532837981551,0.0,0.0,0.8316370268361154,0.0,0.5775594219395239,0.5689186555178111,0.7568130541221141,0.6141494045764009,0.7817510368772884,0.9630127652953285,0.7941200956956901,0.54707653762022,0.4894908805858005,0.512300248264965,0.0,0.0,0.0,0.0,0.7929455061202532,0.48143711016139545,0.0,0.4452354449359916,0.7999225415178886,0.0,0.0,0.0,0.7727949180823774,0.6536273126779917,0.5043153164709635,0.46335644211703275,0.5437588612526624
0.7000285603167433,0.3945051443227657,0.37874950243003525,0.6337905416454614,0.8496611137210135,0.5462668293251631,0.5396373667497548,0.898105279465881,0.6397689974171326,0.44449444209024574,0.5140222082147128,0.5208267134579592,0.619246007829278,0.38322755412173004,0.6624805657539637,0.5482226385308278,0.6847596360854632,0.7055183746470328,0.5253363922498163,0.0,0.7559220709420695,0.4565067245056462,0.2999636288726105,0.5812358081721877,0.5057023884085936,0.6656287740980216,0.743356414196564,0.7025101848097398,0.5658534122141065,0.7321010212042939,0.6219206179585062,0.2961867372338029,0.10142391424408281,0.4287484087165509,0.4617753271078079,0.7580435456936405,0.3258343460368499,0.778188820506302,0.3053057425003728,0.4497765249219411,0.5331023883512633,0.2987299724262407,0.5309355794743738,0.0011468071162645255,0.21697346481824764,0.5322524539337334,0.5372955899437035,0.4795812092304319,0.0,0.0,0.7129695157007309,0.7543161728138257,0.8461466407268685,0.4615821822878662,0.9101487016040293,0.0,0.5769224109478142,0.7737097893918424,0.0,0.6605130338355975,0.7369968405131917,0.4692969107204611,0.8234471780648487,0.0,0.6040009912734083,0.5891185923134027,0.5257991527497459,0.6893985246714565,0.0,0.587425036446962,0.5569635952075263,0.7303223842964233,0.6147587353954457,0.6654195947261771,0.49551388031572985,0.5310191683646589
0.3488803932149205,0.5710067486070334,0.4200233446967866,0.39482973323930515,0.5158288820154565,0.9083520092002425,0.3991603404453926,0.7307192521905537,0.42485053022863106,0.6455155894500603,0.6193542813374524,0.6342015584608123,0.5730357469872109,0.522071420948349,0.6578427549270311,0.7529056695382254,0.5486179609785087,0.8471612514889737,0.4338485155044896,0.7559220709420695,0.0,0.5672352689553618,0.755165063295018,0.2704184584384514,0.7017678206719365,0.5553219543472144,0.7389476766111631,0.6583615244768587,0.6602597261967033,0.5673317327101184,0.6606753777262497,0.28444766005867456,0.6253163305116684,0.3529385837574319,0.5168173378005396,0.38618285363424787,0.3331552426710028,0.8446086498477058,0.39828638412773987,0.6367872739764115,0.39148431486300417,0.32141142972962905,0.551694135602478,0.0,0.0,0.15431540858869716,0.6386005734339755,0.6242471388891836,0.0,0.0,0.5434266624057817,0.4437724566831338,0.9162215248047237,0.5257616591465625,0.6242629012179077,0.0,0.7330253879184279,0.6306210888786621,0.0,0.5719674889028338,0.7659615835385472,0.0,0.5274325030682471,0.0,0.5573657896591875,0.7522345253904459,0.6764902891278852,0.5763968900780059,0.8450566813659295,0.6132778470454615,0.7314480260778212,0.6328202000475059,0.5563875235394226,0.6193109434935204,0.18056740009237218,0.23495851034449602
0.6918735715069997,0.6746344169587117,0.5812174001613494,0.5813928983792749,0.6290049547073249,0.4478223730378971,0.48202693184471423,0.34743766729389863,0.6145379605818104,0.5922773984870202,0.37967631198780394,0.4280945611923613,0.5059678520718953,0.3156152835930415,0.5597539342218187,0.4855708797079811,0.9761466496391357,0.718794075210672,0.6310282914805098,0.4565067245056462,0.5672352689553618,0.0,0.10327827523554922,0.6764582091024038,0.7029650859434645,0.6178353366639602,0.5398796607549137,0.6319569123043027,0.3502749744599194,0.5252374664069084,0.5777895863784261,0.3814793527260761,0.35910572303286503,0.4906038001353863,0.5601621434582287,0.6348409307811865,0.7288171075766918,0.5757755246218696,0.31303007359355645,0.6020310877920982,0.5671871787529759,0.5206627375744632,0.49519093722858515,0.3520822501776471,0.25725248901316844,0.3713887477402087,0.5818739149283068,0.5540355948565707,0.4765071274831896,0.25963410599544384,0.6985729169147319,0.6159934838890477,0.6682152864750113,0.6472743724063642,0.4165799735064385,0.0,0.5143217310342411,0.5391815189985654,0.0,0.766683969777853,0.7017667795945419,0.4636663131386252,0.7462277904846697,0.0,0.5967939207416055,0.6368836579513291,0.7055870137657287,0.6142135673083304,0.7193970525411439,0.7149408427243511,0.6321599773733915,0.6576193947313034,0.519624267214283,0.5710743446190049,0.5583985420256932,0.6175851548697591
0.6940382360916879,0.9206567436880151,0.8431250256707464,0.7023744346616348,0.7972227073733148,0.6325916176219852,0.6776059647956812,0.777763329609457,0.7471059138786367,0.631565278916189,0.23928059348490413,0.48619523879997184,0.7215040192839772,0.7003400359152108,0.21665956312459156,0.8775879534818727,0.7853608500108104,0.9057154754844597,0.5130195542490961,0.2999636288726105,0.755165063295018,0.10327827523554922,0.0,0.4732048456809406,0.859196569212868,0.70260000946022,0.5126486305388644,0.6363611651183999,0.6477250542805311,0.6744652690420235,0.7631702727802744,0.640719200563814,0.46993542730390314,0.6639155615380831,0.6396785334950684,0.5346349921345855,0.7683849059119008,0.42290007449330735,0.6718153331412029,0.6630445183102257,0.6479878220361627,0.5568647718576846,0.8116790545311233,0.7422972684709412,0.5496202052554857,0.5641555830099677,0.744676383101265,0.7659099162673277,0.4617687440944952,0.8609354966983787,0.7530109675480754,0.8296696564842021,0.7164556677832821,0.8018449036140209,0.6023553101230452,0.6568669196034135,0.46158885572492114,0.7374581011864276,0.8748978794552175,0.7334079546780362,0.7779983084703704,0.48715246712637195,0.6087327110571996,0.3865479273720836,0.6723759369951336,0.7401232508294064,0.6965162459789649,0.869153768597823,0.23197235051082807,0.6967404363687819,0.6934629816194413,0.783904846623966,0.6894700700170364,0.7017292361085916,0.6690846953959706,0.6583652251948944
0.32319023898017063,0.4650301635696924,0.41532292004675,0.2147469264750891,0.30925698152068093,0.365038708587571,0.47083338136912906,0.4344710948941831,0.576908120542758,0.6879131428579348,0.37766093684426927,0.5321456135136716,0.42939495634460945,0.7361079509013961,0.4341761735345724,0.7856367330852182,0.8026307191206429,0.7092019216302997,0.5410142503585267,0.5812358081721877,0.2704184584384514,0.6764582091024038,0.4732048456809406,0.0,0.6267583099267635,0.3332144276664233,0.5499710353359619,0.4468640226978171,0.35720724038917073,0.7985301441034619,0.7096300108692196,0.8590957047340071,0.44514045101842425,0.13651884373653084,0.7109454210277384,0.6730060157559565,0.30612157683196434,0.4203588786676926,0.7300153031897746,0.7306638035256081,0.8140487771841379,0.6616806944525095,0.5830416353129045,0.3502721093064226,0.7396508097378846,0.08262427312952209,0.5605915352050668,0.0,0.0,0.4757170684717309,0.587251960060919,0.30675944357531837,0.0,0.021101629291807096,0.8540248932793428,0.5280626425871819,0.8331273391690426,0.48070470216512096,0.0,0.25938937000127305,0.6912962192978872,0.7540987519587854,0.8000582937373616,0.46117075509374583,0.34088183811941586,0.4704723869305781,0.22159838472489377,0.8174269868835053,0.17200569342567132,0.813299333342838,0.6389883226727018,0.5200999136624874,0.7010940852230009,0.6410567692969247,0.0,0.7305063406533747
0.4747850662054174,0.501735630472228,0.5198770058430096,0.8529274239277729,0.4743538186265822,0.5411405527222872,0.4092597986504449,0.6885495402033768,0.5023370462008541,0.8337611167836778,0.6764023303272855,0.8554107737229999,0.49258555466884413,0.5116849273245567,0.7171997078429444,0.6033910558148833,0.7572012613960127,0.7219617876618147,0.5585535480414839,0.5057023884085936,0.7017678206719365,0.7029650859434645,0.859196569212868,0.6267583099267635,0.0,0.3387154997913098,0.6935784559528277,0.49176741314989775,0.5292053744763381,0.4492422439537953,0.6735369566193237,0.22715658718705525,0.6005997361873614,0.47472751866716667,0.6210787659133319,0.5635297531392336,0.5557680281130607,0.6498143681430297,0.713148256067778,0.8125196152095784,0.8444513955164835,0.8248419162418961,0.14606108069477822,0.0,0.5556743725207642,0.6723676560755976,0.9410090201815441,0.0,0.0,0.0,0.7566857082817141,0.5549299160090244,0.8409290089865546,0.38122630091203547,0.9237963532135169,0.4997406677217565,0.9620912647855031,0.45329371327437296,0.0,0.5580580963472194,0.8636958585737149,0.8544913432648504,0.9030615109034199,0.0,0.7077978283277503,0.7403968699267165,0.8295513431502395,0.5673945452919642,0.4089284778508022,0.9474423915950041,0.8969441261968523,0.8249608467485097,0.8570706399022794,0.5774264544527783,0.0,0.9685041636853243
0.6549585642226579,0.4009145848617283,0.5068447992005397,0.5988734890693164,0.5199790856021148,0.8440049633747079,0.493293480320006,0.6677779800014709,0.8059966728494579,0.48777309466301455,0.4386386941893873,0.3990667230805224,0.5122980112015192,0.4411564125785602,0.5288544176182571,0.815983062355893,0.7246012351310589,0.6021815190179309,0.34315357382478096,0.6656287740980216,0.5553219543472144,0.6178353366639602,0.70260000946022,0.3332144276664233,0.3387154997913098,0.0,0.824841109586393,0.560452088593393,0.7644500664989158,0.3979971255400416,0.5913629379810073,0.48227600986092645,0.6842398665013354,0.4623438312752709,0.5006241944940644,0.28025332686630927,0.47613354442748734,0.5558146486853979,0.4534500454906662,0.8154274463279698,0.8437607742958417,0.6155512542075471,0.23277538383438517,0.5484003760195819,0.405587394912369,0.664393718236759,0.7877455572959069,0.6357143010999045,0.0,0.008263609599590643,0.6649029131288453,0.5513071783042783,0.5620408889142101,0.4260525078866193,0.8215058293662771,0.0,0.9273928140441918,0.6910884787990664,0.0,0.6636122645841941,0.8940039650760419,0.8197200887945875,0.8617375216348133,0.0,0.5934629488965137,0.703728924722842,0.7671094705691737,0.63226780243578,0.3764331653710373,0.9418214465877868,0.818714114384917,0.7278306360134784,0.7300644795761826,0.6847834651556788,0.5187605867540597,0.7839866785548185
0.7193331225368149,0.5869764053502063,0.3567791772334482,0.6595581335642748,0.8056149542372256,0.5660537532224007,0.5738797818019574,0.8501579703701223,0.38235806003219536,0.5871499021877755,0.5091157089705582,0.5867025162523576,0.6703683588206144,0.7904686262903582,0.6455193459048428,0.7529574495328324,0.6680873254929917,0.8334981470241463,0.16677933612030774,0.743356414196564,0.7389476766111631,0.5398796607549137,0.5126486305388644,0.5499710353359619,0.6935784559528277,0.824841109586393,0.0,0.7229559602474771,0.7365461909494839,0.7488802989430965,0.8042336441325096,0.49610717847621594,0.455384189936166,0.6150401468057005,0.616731971638951,0.4308368983154055,0.8159714523817683,0.38650734955806976,0.6568169619190738,0.5346664804466982,0.6877420519621179,0.6120094625364407,0.7543584489620052,0.3340578582673177,0.39336755233990695,0.434807546534951,0.6425063838502576,0.8919872687183741,0.5167691025890144,0.7934367626697506,0.7527461743335027,0.7780428218467329,0.7541484381797063,0.844195565507433,0.6654693801324193,0.8963398101255787,0.37133174695951376,0.7677423358092831,0.8566035224682341,0.7575743596716434,0.7187774665159317,0.0,0.5714147122012037,0.8511216014224492,0.6989067953079878,0.7469590028119392,0.6972304964054306,0.8005366302150236,0.0,0.7319792955040996,0.6280406471099438,0.8271922504121415,0.73899472286641,0.7038284302235778,0.5944808341407013,0.6765395799213226
0.446398488890246,0.5457997534746047,0.7900215983776702,0.23637891540053874,0.9403491561471815,0.8423026427760937,0.5994950006069987,0.5757757772374257,0.7550520562892461,0.5682600140387541,0.6369876387370772,0.777277704089451,0.6753484220471357,0.4561092949537454,0.7603949951277944,0.6734552239399564,0.7188452348115129,0.5419422116994129,0.726137455039229,0.7025101848097398,0.6583615244768587,0.6319569123043027,0.6363611651183999,0.4468640226978171,0.49176741314989775,0.560452088593393,0.7229559602474771,0.0,0.6640552910301962,0.6973119939987432,0.6609842940079537,0.774049723153364,0.6767753554985605,0.6148655892711647,0.8922173441996406,0.7405272718694129,0.48843858920181327,0.6329505953389984,0.5963532124612717,0.5479441818338984,0.8327511431425644,0.6701020188693652,0.3485490945516839,0.3453740718643351,0.648319932232711,0.6092494124697556,0.5784170456499229,0.6930949089373146,0.0,0.6931846153564898,0.7492337460524412,0.666016912758495,0.6030045265784256,0.6636163229289369,0.7347814910988859,0.5371701238011006,0.7667449189817657,0.701630340277722,-0.0786616569976894,0.6483736260546339,0.4203307689232657,0.21619965971086283,0.5475682038668851,0.5862089763518299,0.7264214595940583,0.6983168449338749,0.49461572848669,0.7845071357793154,0.5541778801897099,0.6648803213667092,0.5413178298109835,0.7810529161741546,0.7678912598570033,0.6261991506832101,0.4686626866764003,0.6272011844536182
0.5312785831983686,0.48555903045850723,0.6956273988404165,0.28900478316493516,0.8611597662392897,0.4903941616361739,0.8395717709680132,0.5658752677584082,0.7985912506901178,0.4901446251699729,0.4369916110033481,0.4167452815198942,0.8365087148608994,0.38972642323504403,0.6437470438417257,0.6910281070603378,0.5058716450055161,0.6429077712516945,0.637480754038357,0.5658534122141065,0.6602597261967033,0.3502749744599194,0.6477250542805311,0.35720724038917073,0.5292053744763381,0.7644500664989158,0.7365461909494839,0.6640552910301962,0.0,0.709837063575681,0.6525268682240519,0.3239022113806893,0.26266771382928544,0.47947009817180564,0.4410468510888509,0.5793832758832176,0.4553566495538774,0.5931410023745186,0.4974815468791327,0.49867040260802387,0.5283455362164486,0.4664513708080924,0.38350770444470234,0.4929207691313851,0.6292518677318496,0.4816105756429545,0.5742369532620762,0.6530277016303644,0.43217777493252907,0.37147353351118845,0.7258802053874173,0.6952976734569005,0.8350052459678216,0.611327514844063,0.6615176771206082,0.4080476343798717,0.5682959786932955,0.7219777984663767,0.7632307086517311,0.6088843891478315,0.6470350584453386,0.4813724464061997,0.606355177386801,0.4644093869067165,0.6169133092461483,0.6669051041304775,0.4995598838524362,0.7454182528634316,0.45571553458481107,0.7650734507493673,0.6488057675293971,0.7572662781560001,0.6576630630146216,0.5685164429924752,0.482443489283815,0.5463807170653583
0.6375890631635426,0.4632008539174447,0.9078201851575922,0.44204919741793086,0.4884512472246458,0.9876234257698193,0.5301804167514607,0.5766665184041246,0.7867933524716911,0.2997354925800071,0.5283291923005717,0.2930797214979397,0.6447802703562016,0.8489488527375242,0.5208842816008508,0.7531306168688254,0.5556807833681143,0.5655072509060854,0.7196060713843014,0.7321010212042939,0.5673317327101184,0.5252374664069084,0.6744652690420235,0.7985301441034619,0.4492422439537953,0.3979971255400416,0.7488802989430965,0.6973119939987432,0.709837063575681,0.0,0.5335021910144142,0.466948288574303,0.5169278838522056,0.6080578377650308,0.44052746071339605,0.5062014162425043,0.3218476780891837,0.5809259523926333,0.7167447891054632,0.5023724217034892,0.5674263452324683,0.7592073839733091,0.6094835537999728,0.0832924936188949,0.0,0.0,0.0,0.2256958054660091,0.0,0.0,0.5406427992409412,0.6732309463087827,0.4814773463892242,0.6306185324620471,0.554101483419593,0.0,0.01694423766723705,0.5582095557292932,0.0,0.4758872363397206,0.0,0.0,0.9502731693685242,0.8994438831181218,0.6504887497674937,0.5499910512422852,0.49179493094749865,0.7180854967192467,0.0,0.3694449945157583,0.47464325973416044,0.8075034486177102,0.7029415863262685,0.6029566532349032,0.4395123609068073,0.41299233100413935
