0.0,0.011677274035090723,0.0020607929198016017,0.0,-0.00283927985312582,0.010369578332064866,-0.020232528280525075,0.0036909315925838793,-0.004011383857121464,-0.012174823369446752,-0.002891367700473213,-0.018830697192041335,-0.027657067130760216,-0.013186749734778735,0.009213843308235214,0.027324702840345494,0.008569170871983556,-0.004156622493503237,0.0,0.006926132428531018,-0.01671729098225727,0.010364984466052662,0.0075413814858724115,-0.04517227829273496,-0.004587051648867635,-0.00537616856739026,0.007090052237847588,-0.018660895588950677,-0.007058323274221512,-0.0011219049216793509,0.009741385371098199,-0.009439528681248865,0.0258094720339076,0.0013472534877370657,0.0027808632219411544,-0.0013258248663852168,-0.0008669512787357059,-0.004596892764492266,0.007326773317681334,0.032589561835181746,0.015638639573956947,-0.004086981011468704,3.4095739920081414e-05,0.0,0.0017721033075039916,-0.038230193814940416,0.014902395619976416,0.0,0.0,0.0,0.003660782343204716,1.1102230246251565e-16,0.005078030826291213,0.0,0.027850355449345776,0.0,0.008572684837537758,0.003186931607654986,0.0,8.59937848374237e-05,0.04265247963081786,0.08486700005922143,0.028870766520553204,0.0,0.0023830169859264116,0.001140196204710675,0.02021688670228078,-0.03113536462402733,-0.08224997913297277,0.029592103058908137,0.010447991415007796,0.0022522238869429057,0.00039480686730869463,0.0059650513052551535,0.0,0.024950300439569806
0.011677274035090723,0.0,0.00017888093724116594,-4.901062495010766e-05,-0.010041751751955486,-0.0030650210394772004,-0.019461342655255343,-0.02379869667681006,-0.02047390945961175,0.004999276269410602,-0.00042200394050001533,-0.00293702867032114,-0.0142178949515962,0.00033802039573249676,0.004723624543882754,0.022236292359267718,0.024634799483572,0.020860372198958088,-0.0019053454492817812,-0.021597754638343736,-0.006418458106174418,0.000819953440292176,0.03405484020390487,0.0033321191333122724,-0.006030263451395124,-0.017591292281811943,-0.0029627839050971883,-0.0013989441267684977,-0.0025429452377033757,0.0027046204501660065,0.0061129188304782645,-0.010545302352908237,-0.0032375472045693687,0.0004333551370345745,-0.0016226633858991146,-0.001097283377183178,-0.0009928891415676988,0.0,0.0004217587703839176,0.022117635881920616,0.018814268490089603,0.01483034385060955,-0.0007054231474169503,0.0,2.220446049250313e-16,0.026087962408827214,0.017226559823272314,-0.0005548199774503826,0.0,0.0,0.0038610684728734856,-0.0012008728035784455,0.011935642513582423,0.0005137414981651323,0.0018082892714664789,0.0,0.0008120585378736944,-0.002580301588221645,0.0,0.007597814740603448,0.03305393907488019,-0.031219185253187287,0.029131533067257964,0.0,0.001788053192357364,0.0012404561583381213,0.01269907725888092,0.010720076341787066,0.001120440515819221,0.03407774145065584,0.017909566861406767,0.012391104845022594,0.012663398354432587,0.0016976463387529117,-1.1102230246251565e-16,0.010877693491078089
0.0020607929198016017,0.00017888093724116594,0.0,0.007224882703749713,0.027013970716110502,-0.008928423234940752,0.012372483453533867,0.046665562406507544,-0.024007347039797955,-0.0028592387516673257,-0.006862887450552579,-0.018615098729643786,0.016548624522078503,0.008433789472470699,0.0026290411786294987,-0.003966387301155838,0.0007742465431173629,0.0027334986945703466,-0.05377652900623378,-0.0009200559675041076,0.0010772801447640479,0.001988368444301447,0.034319235640974555,0.0006672763943212368,-0.0002582206206941384,0.0027458362264163316,-0.021892662275015684,0.019194713589803458,0.01384495062721497,0.0440331064815474,0.02167405396036215,0.017687241543954957,0.0026610265453224646,0.024813835845284904,0.04321537040509582,0.010445652014193951,0.018761425072298943,0.014940303064339522,0.010330796514552376,-6.982956211043501e-07,0.020261647153730356,-0.0026375833645659874,0.023349302475059897,0.004177954466784484,0.0,0.0,-0.0009523634697451433,0.012904049663079842,7.657994322340933e-06,0.04977901151518399,0.030547163214092565,0.027653420184650668,0.04522819448487825,0.016383446399621193,-0.0023270341597875777,-0.08326035929654968,-2.562291409036188e-05,-0.005692671074285838,0.036552455791759364,0.00010076337043263273,0.0,0.0,0.0,-0.13447364181899277,0.001403834998255138,-0.0007974724013946055,0.0001652014153328274,0.037826027376618554,0.0,-0.0001343343641854733,0.001991539876439019,0.051975899221929134,-0.0018083395549306491,0.0069639817613844635,-0.0007299377555944897,0.022740500306449474
0.0,-4.901062495010766e-05,0.007224882703749713,0.0,-0.037587675034861656,0.01859593769131407,0.014712787820042872,0.01401181954684716,0.018592934427258123,0.016054207562081507,0.0036127223734224168,0.0032161034922964515,0.056989988446989714,0.014426500802487308,0.0029283748851671176,-0.0009789053262947989,0.00010715824601847945,3.487212466535272e-05,0.025176503768528813,0.005996403387079019,-0.0004498652950862825,0.0033711216253933807,0.003577373329910094,-0.004557875202454653,-0.00012218910974631791,-3.3102137106388874e-06,0.003121321918242992,-0.029026320760680957,-0.01912695218912569,-0.004449011647297441,-0.005437556954920264,0.015186132165334598,-0.002400157487668142,0.007106417734248693,-0.031055247123054214,-0.009167257816094398,-0.0032390971098790466,0.003483839865753069,0.0017979836924250647,-0.001196877623400816,-0.0006783755374153988,-0.000532143082824732,-0.0018418807647531121,-0.0014720479006708476,0.0,0.0,0.0,0.0011742501895301571,0.0,0.0,1.4623253140222392e-05,2.220446049250313e-16,-7.980950085806349e-05,0.0003736291530914704,5.551115123125783e-17,-6.63602155683285e-05,0.0006223560535391082,0.0006961298571562247,0.0,0.0,0.0,0.0,0.0,0.0,0.0,0.0,-7.036797571580156e-05,0.003202603413545335,0.0,0.0,0.0,0.004126250453554803,-0.003393557990700402,0.0012148651006799738,0.0,0.0
-0.00283927985312582,-0.010041751751955486,0.027013970716110502,-0.037587675034861656,0.0,0.0072743376300363205,0.005871792525185937,0.008974285676504545,-0.012160981097545931,-0.00011697377155600597,-0.024201297390703702,0.012245282916217404,0.02318418562400487,-0.005544724346094931,0.0010335764560978622,-0.01520109131372277,-0.0024108209178250184,0.006202570182150591,-0.00725269577266674,0.03203489487795219,-0.00011317677814692839,0.007612238994867682,0.03246929433523099,-0.02240294707918633,-0.015499369244056982,-0.002300047862216714,0.027035980853082675,0.046583774127248956,0.03600418380268283,5.2440939478703985e-05,0.016337108760430208,0.020287991678739903,-0.020835497004143666,0.01728916799765906,0.006917659286275024,0.033251308002335056,0.007056842364828175,-0.0075313726866435005,0.029945070412634556,-0.0007446646070164431,0.04287862536102427,-0.0019411381865616084,0.00916377023303433,-0.0027698721929323433,-0.0003076068784224617,1.1102230246251565e-16,8.757714808232953e-05,0.01723668403001255,0.0,0.020573288910566423,0.007887585449725787,0.027770626836910672,-0.016366710297793796,0.024142567418724337,5.551115123125783e-17,0.012940006033074936,-0.0011531593076196667,0.02173987242469383,0.03451076918645074,-0.0007176171663462183,6.152848810986322e-05,0.0,-5.551115123125783e-17,0.008473260108970426,-0.001977197158425037,-0.00039037074511100167,-0.00019065988993871574,0.032391881476486195,0.0,-2.238820072097969e-05,-0.0017559297117843986,0.029170454367019816,0.019480344199278743,0.0034427884074716975,1.1102230246251565e-16,-0.0015912013943056857
0.010369578332064866,-0.0030650210394772004,-0.008928423234940752,0.01859593769131407,0.0072743376300363205,0.0,0.0031278088503763346,0.04236520949680311,-0.033956427119166355,0.008062780161257943,0.017576415059836537,0.0015181440912259703,0.01670575648161754,0.031109496745462817,0.04081529861776639,-0.0055752649447946,0.0012431991135994358,0.004787712614478912,-0.0017986853145356974,-0.002773196752261453,0.04238281610263234,-0.009251462239319608,0.003954563386736221,-0.00571770804342786,-0.005635577063574815,0.02576329115843623,-0.004503325425404436,0.029756596769761612,0.003913395048814272,0.039622641039140205,0.03385704461378192,0.003213208591276384,0.0021356433312430534,0.013471892327774349,0.013833113463111613,-0.0018740161075440076,0.031607979786080764,-0.003517242504683493,0.006917805305582059,0.00941210435303691,0.02280679121958651,0.01581940139405752,-0.013025613489517751,0.000922141083961936,0.00038825727927133125,-0.0019064385611015089,0.0003416823526968815,0.035430948784614946,0.001108610266210841,0.03267897878581216,0.026421268724490354,0.03588559246679457,0.02126582216576217,0.03705860636866343,0.0005898425822175035,0.03565652743714415,0.00200548272536627,0.029856841193549033,0.03808569575779491,0.019153726299320162,0.016860536287920835,0.0,0.016994245331050817,0.02713550444299928,0.009458377482107316,0.027531674228122194,0.019859596261583956,0.03851228030713438,-7.399724818779596e-05,0.02806793588088302,0.005767105376711212,0.03872730335211039,0.024638343096129167,0.019052845882024272,0.00777360949513356,0.028059220733067047
-0.020232528280525075,-0.019461342655255343,0.012372483453533867,0.014712787820042872,0.005871792525185937,0.0031278088503763346,0.0,0.004486034177755338,-0.0001418446682895369,-0.01977905600333285,0.01777470557349975,-0.0003341454035348246,-0.00772589772312543,-0.007805338801802064,0.0031570360681300036,-0.018049834983000723,-0.012044826186009328,-0.01341016235034359,0.020849711236837487,-0.00538256273340032,-0.011051677531626392,-0.012974617337801808,0.01077815332635379,-0.005283005581674383,-0.02818912289483505,-0.02362664591324065,0.0027090837491948183,0.005977538687934825,0.029556101002641444,0.0024026187994898307,-0.029225519060241678,0.006509205513994143,-0.019699690766357525,-0.008910822065227253,0.029041537846538845,0.030469734823145134,-0.01162553071478345,-0.02282523832048544,0.004229890315227136,0.0010679554928843538,0.037029120400888405,-0.003981708625507729,0.005279069758526322,0.0024511227156620574,0.0002028713507909452,0.0,-0.026327638944455778,0.006326923316579469,0.0,0.017309051525909003,0.012200205252376306,0.016926739281006742,-0.007264258882956232,0.012921776345864333,0.00010069843172677562,0.014581292107676058,-0.0005695973669567755,0.01778396142559685,-0.003982067766351682,0.0010526026005758249,0.0010426257220265134,0.0,-5.054020884509569e-05,0.005061030754309748,-0.0004789230350041862,3.963626992792291e-05,-0.0006122970827583951,0.027020702332679558,-0.00010757969348634822,-0.025088553523926305,-0.02314208605927992,0.02197321954014464,0.016792546713917944,-0.013260511914972017,-7.18833242403516e-05,0.007529730812767865
0.0036909315925838793,-0.02379869667681006,0.046665562406507544,0.01401181954684716,0.008974285676504545,0.04236520949680311,0.004486034177755338,0.0,0.009970511794310688,0.00238049371118082,0.030995997015664634,0.007638664028649544,0.0037774535747785998,0.006740323787741087,0.05844127689583184,0.016476888660598876,0.0006177935798378775,0.016430678488751238,0.01086877775563766,0.05512920335677557,0.02051090892806634,-0.028830541846864788,0.020040168580621076,-0.008430078960967924,0.010727003226562448,0.006197648104094622,0.02900388153194866,-0.0037285337364466042,0.007817767994171387,0.0010478047091653786,0.018359027275027417,-0.0038252537081684412,0.0038787912775412603,0.007202875107508777,-0.0017053444807286766,-0.01582608576696365,-0.12684251893363047,0.006126463090461554,-0.008991492299777082,0.002197116754809436,-0.008384192539852342,0.011578124584300131,0.004598995539236872,0.0016902998816943904,0.0,0.003910804629440157,0.0036846610768379584,0.03242452333027601,0.0,-0.007416503133221175,-0.003600201597030006,0.008675234494913087,0.0074674379369585875,0.03452820124830702,-5.4142838284532147e-05,0.015101255750980813,8.810584468615934e-05,0.0075170265322647145,0.019951778602929238,-0.0032346234689860642,0.0007431760430810508,0.0,0.0009117546935212273,0.0170396688531379,0.02311062969330735,0.056389674255436784,0.004428702488388558,0.02512981113415369,-5.551115123125783e-17,0.0016800438890390845,0.00678666332783362,0.028167481181842313,0.007671637641214368,-0.013120322648748739,0.006800532284032046,0.005590133635893169
-0.004011383857121464,-0.02047390945961175,-0.024007347039797955,0.018592934427258123,-0.012160981097545931,-0.033956427119166355,-0.0001418446682895369,0.009970511794310688,0.0,0.0101304163525206,-0.02516358043596617,0.015489584909725518,0.01465542438718892,0.0018610350553163735,0.0010509434680229246,-0.00012861198462338352,-0.01515707808070893,0.014226350434182966,-0.012814732586709343,0.007152955504861558,9.164903574321315e-05,0.004959219961925998,0.01813682773131786,-0.0015374814660154557,-0.009580091713836725,0.027444707339566,-0.017484408101160587,0.017350316837575874,0.04724543188588137,0.029444137264934722,0.021110492880685006,0.015374628087938824,0.0015987165392564173,0.014801146699476797,0.025423063530269407,0.012529638219640371,0.028929194254740498,0.007998363808571218,-0.03310560873947821,0.0023866112405419027,0.04045504358804353,-0.012198889486498665,-0.004198551137215956,-0.003166826481208751,-0.00010854489005951429,-5.551115123125783e-17,-0.0004053774134305521,0.026419113627675905,-3.678936379925002e-06,0.012283518460425302,0.02703867711033614,0.01836030489889151,0.017070103030725647,0.017735099105695595,-0.0005702223714512122,0.009654838940640953,0.0015248132457011954,0.017918562993662013,-0.0056982642529786465,-3.0059206011179285e-05,2.063194859708295e-05,0.0,0.0,0.01390441493404515,0.0011331632470167885,-0.0017756307345995759,0.0005557207521244556,0.03203527773685355,-1.2929508325099093e-05,0.00012246961477807572,-0.0007689418423797445,0.03762067447842943,0.010005523192528898,0.020674805091071835,-0.0010509527454324319,0.010906086632914591
-0.012174823369446752,0.004999276269410602,-0.0028592387516673257,0.016054207562081507,-0.00011697377155600597,0.008062780161257943,-0.01977905600333285,0.00238049371118082,0.0101304163525206,0.0,-0.00037857127191598394,0.024287514555638656,-0.004275123899464495,-0.0052334194445283755,0.0036740644735174244,0.025404858045851963,0.013340503790741975,0.016021560888231035,-0.0029250632324714365,-0.0012622968011690716,-0.0034746704142122886,0.012882704064541783,0.00928668881555822,0.01779456305246474,0.011798178652369262,-0.025872106372326842,0.008123387909785784,-0.009175766611695113,0.0006440732374394242,-0.01555158159261838,0.009577435483525742,-0.010062861004858759,0.018802643982625378,-0.013219299009661567,0.015079076691151716,0.008650801562558541,0.005751868755483502,0.020188330494456896,-0.0038462963870601885,0.03656988540124251,0.04411603923642737,-0.007282465119033299,-0.005630880672698346,-0.00098624230107619,0.0472697575555851,0.01220701107303196,0.028790640894127306,-0.0003812202936488429,-2.0889510412847034e-05,-0.0010847893238284945,-0.004292172824662266,0.0053288370587897815,1.1911082864468625e-06,0.0006950339125513794,0.04650560343867394,-0.0014420929170803065,0.04309786454769632,0.0051531435200335984,0.0,-0.000292595798495332,0.007588938700251624,0.03435502012738895,0.021675233687696693,6.86649153974761e-06,-0.00011156313637750159,-5.160018329358751e-05,0.0014641203372750544,-0.0043185246045104875,0.03516581397188456,0.03703888996941801,0.03184399219624362,-0.0021235417746128804,0.010065336829164329,0.0019522670752343818,-5.551115123125783e-17,0.027073333212905448
-0.002891367700473213,-0.00042200394050001533,-0.006862887450552579,0.0036127223734224168,-0.024201297390703702,0.017576415059836537,0.01777470557349975,0.030995997015664634,-0.02516358043596617,-0.00037857127191598394,0.0,-0.003346743869913682,0.014325099238072625,-0.011885768993748658,0.0,-0.0002510919755021046,-0.027405541074511708,0.0017661518841893264,-0.021960659146882167,0.0001341446504884991,0.0058205920706439485,-0.0005644177715860565,-0.0496702469342675,-0.021262505665133047,0.008172408051339286,-0.018171284213033934,-0.01315708318253106,0.011319470371216167,0.0038447301064334916,-0.0008962584710570654,0.015359030267877938,0.005954658073604735,-0.01712419124795428,0.00025146267003656186,-0.005806752693763184,-0.011841985410624811,0.03479866063721215,-0.015464084918447418,0.022091863056341476,-0.0016662930782956331,-0.002543631061041718,-0.0009828215462395762,0.02686854284534862,0.0013063440488885192,2.7910824886845376e-05,0.0,1.1102230246251565e-16,0.030660882035009773,-7.123811504583522e-07,0.023866486336067305,0.021868090737694634,0.01753321015446918,0.009583460705862579,-0.018956356269121566,0.0012952548769243344,-0.010565092546339638,-0.00015408526795673838,0.003671899286472824,0.02860821767125582,5.551115123125783e-17,0.0,0.0,0.0,-0.08383948104716779,0.0008174848423595504,0.0,0.00043577764076535574,0.03807316760934232,5.551115123125783e-17,0.0,0.0004839313063574324,0.03679103517644655,0.015103128154340228,0.0003773606833885612,0.0,-0.007010254310206077
-0.018830697192041335,-0.00293702867032114,-0.018615098729643786,0.0032161034922964515,0.012245282916217404,0.0015181440912259703,-0.0003341454035348246,0.007638664028649544,0.015489584909725518,0.024287514555638656,-0.003346743869913682,0.0,0.01003909738100961,-0.0014685020266645976,-0.004045105666544868,0.0016413586675546044,0.02160564402498405,0.01976097410283828,-0.0020986843285881185,0.00035139969868613896,0.003551171907514361,-0.0033026055956875133,-0.00029401319220895283,0.005234212376863445,0.020867067141096096,-0.020281620439141834,0.0038749230283331437,0.022580223974277558,-0.021985370791220704,-0.0025362138514128385,0.022416330632447024,-0.0071252771545979865,0.04578325777054454,0.005038517393955666,0.005577316501498619,0.07134029646451168,-0.00387081261370098,0.02932597560380515,-0.17727835473689882,0.033791780969700036,0.02213341042384992,-0.0008941050303757359,0.0004012783829068223,-0.0018151522678916954,0.058119334361016184,0.011376991087342414,-0.0006908025362798997,-0.0003456866110460033,-0.0008457906442904395,-0.0029099529759011866,0.0006489414039927421,-0.001270171308428325,0.0003679905743887435,-0.0002910572022618574,0.03628613306403666,-1.6057753315923406e-05,0.01632584963856476,-0.0007773361031560011,0.00012398698983512313,2.1832771948337992e-05,0.00210494348139717,0.03522255653971368,0.014404513851531242,0.0006437185879628049,9.432533758235717e-05,-0.001385820048140196,0.0004976112978290481,-0.004278351404598368,0.0006238697146258021,0.03513593562331252,0.027149963521448273,-0.002987706357529152,0.004529422620814849,-0.00029224388408394253,0.0,0.0058275895977296654
-0.027657067130760216,-0.0142178949515962,0.016548624522078503,0.056989988446989714,0.02318418562400487,0.01670575648161754,-0.00772589772312543,0.0037774535747785998,0.01465542438718892,-0.004275123899464495,0.014325099238072625,0.01003909738100961,0.0,0.008892803469814747,0.02735705310031361,-0.00990426325405136,-0.0046166973561908575,-0.009906224152193832,0.01915623091997115,-0.004084034263737768,-0.0005963135068475789,-0.011224465305543496,0.008713770242859187,-0.003957491785597844,-0.024374437637140534,-0.021512524497088792,0.006384630213405462,0.006408481356732776,0.02280783218002147,0.011026494121010255,0.009491050383348798,0.01043706138384437,-0.00324261108205387,0.0011095471105965204,0.028403479157684097,0.030080468590675813,0.040395353916247545,0.004779968122212319,-0.014179411567980416,0.00935795882317153,0.040903416189101705,-0.01762481137297639,0.012064296290000331,-0.005060212105690298,0.0005781066114561861,0.0008494788154325694,-0.015905699389619332,0.004252231290570063,0.0,0.0011933295313580894,0.005685652433133459,0.011167866879019717,-0.012302796943017502,0.016273636486478504,0.004538478294282222,-0.007736831636434072,0.0010460327037468686,0.013722131569392726,-0.0015756685397863568,-0.0003492066192583576,-0.012810396076753605,-8.427986524828235e-05,-0.03792562867195631,0.0030207394704994117,-0.0019368580271341695,0.002724428684734548,-0.005070586174218239,0.018783004551286397,0.0014723468297427322,-0.007087410786885295,-0.015651751373822076,0.018740589148283304,0.01563232049505625,-0.0012914715257826836,0.0029588444232506728,0.002634719326468693
-0.013186749734778735,0.00033802039573249676,0.008433789472470699,0.014426500802487308,-0.005544724346094931,0.031109496745462817,-0.007805338801802064,0.006740323787741087,0.0018610350553163735,-0.0052334194445283755,-0.011885768993748658,-0.0014685020266645976,0.008892803469814747,0.0,0.0016244567823630596,0.0014699289415431305,9.572334346474864e-05,-0.00026609224487711414,-0.026782147012589297,-0.0009116629423910338,-0.001288437307442769,0.0012347162179268678,0.008843563732728765,0.006893822718799902,0.0011386125042738837,-0.007787180096925417,0.018530232923680112,-0.001108154671674355,0.0008040281550759087,0.0012834119482779682,-0.007647981276122207,-0.036891922026650675,-0.006342166575400321,0.057138667574128776,0.0040052352714302075,-0.00011449950246247842,-0.01630043061537434,-0.043373050189129014,0.010498320837893205,0.0,0.00013123831158068366,-0.00044912032485217024,0.02732995888059847,2.0505882555865718e-06,0.0,0.0,0.0,0.031668818675642474,0.0,0.006882817927379159,0.0024707242495080606,0.005150860605744434,0.023101410912582276,0.022047318574148767,0.0,0.02917480405234446,-0.00030811801764557556,0.0043720115879102295,0.03415723700237272,1.1102230246251565e-16,0.0,0.0,0.0,0.005933313360647674,0.0,-1.1102230246251565e-16,0.0,0.03035299472021502,0.0,0.0,5.551115123125783e-17,0.046097614017061195,0.0014854251607926972,1.1102230246251565e-16,0.0,5.551115123125783e-17
0.009213843308235214,0.004723624543882754,0.0026290411786294987,0.0029283748851671176,0.0010335764560978622,0.04081529861776639,0.0031570360681300036,0.05844127689583184,0.0010509434680229246,0.0036740644735174244,0.0,-0.004045105666544868,0.02735705310031361,0.0016244567823630596,0.0,-0.0008040473787249702,0.006549706923499821,0.0181134792132272,-1.1102230246251565e-16,0.0008579645930328339,0.009392769761848996,-0.009723204991007373,-0.06150358105975129,-0.012454805754290976,0.022924642568119047,-0.01095805448425291,0.0031657741375274995,0.028867146139384126,0.006642474724758929,0.006633838926576374,-0.008160958068932411,-0.01822015960657708,0.004238766434923158,-0.02269723857337136,-0.01559183146643589,0.011304284773246576,0.00010491037695015137,-0.00030658106878189706,-0.008097481035264587,0.015459257482209499,0.0003153808682526127,-0.004615631793666863,-0.0017048139254420835,-0.02507769359049017,0.0,0.008900371572445553,0.0044454255995896585,-0.0011524435559330803,0.0,0.0,0.018557512405420307,-0.0011814803705805232,0.016384351098229777,-0.0009202806048731471,-5.551115123125783e-17,0.0,-0.000527003932863146,0.016031831134877106,1.167774896815299e-05,0.053385508542077686,0.016415587360758876,-0.0003262922045605965,0.01082831282102159,0.0,0.022357013214070853,0.014501960019213889,0.018631741486694442,0.017190430895136333,8.646934355338587e-05,0.01760027872665826,0.01077571882992634,0.01881949806031291,0.0024230477796052807,0.009774478414280363,0.007031425562842919,0.005416214937938646
0.027324702840345494,0.022236292359267718,-0.003966387301155838,-0.0009789053262947989,-0.01520109131372277,-0.0055752649447946,-0.018049834983000723,0.016476888660598876,-0.00012861198462338352,0.025404858045851963,-0.0002510919755021046,0.0016413586675546044,-0.00990426325405136,0.0014699289415431305,-0.0008040473787249702,0.0,0.023949880576253413,-0.02022142131874083,0.0003804281164190293,-0.008058544062452044,0.008654151600765547,-0.019908733035050197,0.022390297370271484,0.016379009810749967,-0.007940093216055044,0.015867624926285517,0.01053023189498914,0.006649916139287393,0.008500830281122307,0.023734326936995287,0.021895358875802517,-0.008597476230848444,0.0013383458998918463,0.008054462469172463,0.0030346741696018475,-0.01083035824604578,0.000364702340855505,-0.00022920973607459816,-0.002673440188160514,0.02956538779662421,0.02120193902814621,0.021016280077261196,-1.5226893660624796e-05,0.0,0.0,0.03879274282607781,0.027158055593514918,0.0,0.0,0.0,0.00781539490574995,0.0004196367656094657,0.0014265829016010256,0.0,0.007479962431077292,0.0,0.00032733943126195264,-0.009817486504026696,0.0,-0.005905172319474794,0.03767568634221441,0.01972027858180342,0.027720402290110746,0.0,0.0032554138582602254,0.012319019796951991,0.00987163527812046,-0.0008856841500589074,0.0040531183391001036,0.035764005276833544,0.027076617851907847,0.020398378567123676,0.003948051251655482,0.022404637574626463,-1.1102230246251565e-16,0.016433699281186875
0.008569170871983556,0.024634799483572,0.0007742465431173629,0.00010715824601847945,-0.0024108209178250184,0.0012431991135994358,-0.012044826186009328,0.0006177935798378775,-0.01515707808070893,0.013340503790741975,-0.027405541074511708,0.02160564402498405,-0.0046166973561908575,9.572334346474864e-05,0.006549706923499821,0.023949880576253413,0.0,-0.010048225505179864,-0.0127764703354325,0.027323140382727207,-5.4692325262784e-05,0.04260633970824118,0.022517568641200858,0.023912266433224638,0.012770945105728793,0.01661719575801951,0.010815066252300332,-0.00926322904610627,0.017406156846566823,0.0031934346661585122,0.014481779869349898,-0.016312368309289338,-0.013654295846146136,-0.007448647263365027,0.008921302995490377,-0.020084755449112368,3.4359809877870795e-05,0.0006712194163887575,-0.03800665783273388,0.0264651935716676,0.03685020089742008,0.000557474028893723,-5.551115123125783e-17,0.0,0.0193484630299548,0.0032837116606006522,0.03945933083728009,0.0,0.0,0.0,0.0,0.0,0.0,0.0,0.05415974572039689,0.0,0.051063806273347334,0.0004640358357629881,0.0,0.00023737301830101254,0.006683198728625328,0.0351825907361451,0.013560537207857493,0.0,1.1102230246251565e-16,0.0,-9.569326583852567e-05,0.0,0.0025920095328708648,0.04313907618999435,0.036390409511667665,0.0,-0.0006714864034578216,-9.176591643778043e-05,0.0,0.027687308272868083
-0.004156622493503237,0.020860372198958088,0.0027334986945703466,3.487212466535272e-05,0.006202570182150591,0.004787712614478912,-0.01341016235034359,0.016430678488751238,0.014226350434182966,0.016021560888231035,0.0017661518841893264,0.01976097410283828,-0.009906224152193832,-0.00026609224487711414,0.0181134792132272,-0.02022142131874083,-0.010048225505179864,0.0,-0.005459729277346559,0.011894162992419022,0.027065284092019526,0.012226505445813163,0.036672283842321685,0.012899477424655692,0.005568724858595164,0.0009819725625013764,0.018854808725252414,-0.006860287661150932,0.01092833303926577,-6.988060708162935e-05,0.018271724422073476,0.003024362566952099,-0.0006289282521522721,0.005670016725808968,0.022311920654738304,0.004686738417358172,-0.00018282753268017427,-0.026317762859465632,0.00010910312299761138,0.043855546119736244,0.03768059279462388,0.027386486505780128,0.0,0.0,0.05759314783111236,-5.366041301624325e-05,0.03053165574998945,0.0,0.0,0.0,0.0021530168764248847,-0.0002568719002218889,0.002061044443582405,0.0,0.06721920462579328,0.0,0.054044681451591414,0.02038856738283218,0.0,0.002892599820321029,0.022496544420330278,0.05826103047316067,0.04289128518817931,0.0,0.002932353076334271,0.009431242497582926,0.02556229831682072,0.004066012345336323,-0.0078352520604682,0.04838601796968639,0.03301768205911826,0.002382560161199254,0.001342156724981558,0.00638121288763166,0.0,0.042099645654024576
0.0,-0.0019053454492817812,-0.05377652900623378,0.025176503768528813,-0.00725269577266674,-0.0017986853145356974,0.020849711236837487,0.01086877775563766,-0.012814732586709343,-0.0029250632324714365,-0.021960659146882167,-0.0020986843285881185,0.01915623091997115,-0.026782147012589297,-1.1102230246251565e-16,0.0003804281164190293,-0.0127764703354325,-0.005459729277346559,0.0,-0.00079475154323988,-0.001075031880107491,-0.0020393783915771957,-0.004390648928600471,0.00473859391765491,0.0010499975183618226,-0.01909602853860992,-0.05628703746991509,0.014057334288877843,0.004189665686611499,0.014429221598301512,0.017294806236833882,0.013590524149949101,-0.016400184634123405,0.014070670107852512,0.02006200215645404,0.01502446650278505,0.0195389107689678,0.007468491490355278,0.014560674708185894,6.417245773587821e-05,-0.004983239733494016,-0.0006903808623146546,0.007631741821383653,-0.0026660620854325745,1.8111147389032745e-06,0.0,0.0,0.0611151573058486,-5.551115123125783e-17,0.02374846063565439,-0.002896190604536608,0.028668437748277542,0.0014694267748871503,0.021713522547275876,0.0003256424449632478,0.0827491223655038,-0.0007380143397111572,-0.002679545456591992,0.005156629115081801,2.220446049250313e-16,0.0,0.0,0.0,0.03597672079282066,-7.89926738222757e-05,0.0,-0.0002810244734186007,0.03086791206223738,0.0,0.0,-5.551115123125783e-17,0.024224169085502067,0.007302973754495179,0.002113805733633345,-0.00027233184474917405,-0.0026314139424128413
0.006926132428531018,-0.021597754638343736,-0.0009200559675041076,0.005996403387079019,0.03203489487795219,-0.002773196752261453,-0.00538256273340032,0.05512920335677557,0.007152955504861558,-0.0012622968011690716,0.0001341446504884991,0.00035139969868613896,-0.004084034263737768,-0.0009116629423910338,0.0008579645930328339,-0.008058544062452044,0.027323140382727207,0.011894162992419022,-0.00079475154323988,0.0,0.017598945335575766,-0.016030402105614405,-0.054815726274614784,0.00021147042510549774,-0.015100418284156703,0.006058639808545652,0.010479190457840237,0.007950069399932758,-0.009451001456764085,0.012214948617260746,-0.0014121416566145184,-0.028031087888686634,-0.052911086795716766,-0.024200377303183473,-0.02097065531687403,0.00018272400516994303,-0.020832351960717033,-0.0005218976410423237,-0.02871359073705726,-0.012323628099282335,-0.009670281695026484,-0.0261993343902735,0.0009932625722443023,-0.03683985166572795,8.848067347849708e-05,-0.000490325092473376,-0.006708415374822307,-0.0018749732286386656,0.0,0.0,0.02701237013208352,0.016286777877040137,0.032953196137409824,0.0015798871545386617,-0.00012798472003833217,1.1102230246251565e-16,-0.00017899123914461024,0.023145044203902454,-1.1102230246251565e-16,0.0017582051012456912,0.02676433869791761,2.422270157437234e-05,0.025600122618819166,0.0,-0.0008974326587025683,0.0030313752351778245,-0.01020105760720702,0.011993669411060892,0.0,0.005707199991581868,0.003940491567151871,0.01855009235165722,0.013315091418858505,0.01160479359798905,0.0018530158837512523,-0.005027807780608129
-0.01671729098225727,-0.006418458106174418,0.0010772801447640479,-0.0004498652950862825,-0.00011317677814692839,0.04238281610263234,-0.011051677531626392,0.02051090892806634,9.164903574321315e-05,-0.0034746704142122886,0.0058205920706439485,0.003551171907514361,-0.0005963135068475789,-0.001288437307442769,0.009392769761848996,0.008654151600765547,-5.4692325262784e-05,0.027065284092019526,-0.001075031880107491,0.017598945335575766,0.0,-0.0005861725567974929,0.01479810142150223,-0.03651497477287646,0.025793648275313164,-0.01301550235826826,0.01267044539447959,0.018091001926276384,0.01990296841308209,0.006967924909734469,0.00545936394362917,-0.01882646692383705,0.018003338313063222,-0.020723211554609322,-0.005816801115336612,-0.029666666356508498,-0.0011373352113994706,0.031120522344185608,-0.01760255874895611,0.008556984811040724,-0.009809228643630374,-0.021294383189020938,0.0010399532414940849,0.0,0.0,-0.09014049660476992,0.002451422198051445,-0.0006274523069726978,0.0,0.0,-0.0029793469444236442,0.0004964057899288221,0.06809951058931485,-0.0015667217241996934,0.0006044554312802375,0.0,0.00041733181397546337,0.008571593156651458,5.551115123125783e-17,-0.003807587222442843,0.02004712788630414,0.0,0.0002559643614163387,0.0,-0.009346964770052646,0.03144403639191967,0.002238900227046592,-0.0010907217061220664,0.0025866046617447624,0.01595469219740442,0.0025380234864888496,0.01147753747590563,-0.0051089286299141334,-0.0006061883332150186,-0.03733241454112041,-0.02198744822115728
0.010364984466052662,0.000819953440292176,0.001988368444301447,0.0033711216253933807,0.007612238994867682,-0.009251462239319608,-0.012974617337801808,-0.028830541846864788,0.004959219961925998,0.012882704064541783,-0.0005644177715860565,-0.0033026055956875133,-0.011224465305543496,0.0012347162179268678,-0.009723204991007373,-0.019908733035050197,0.04260633970824118,0.012226505445813163,-0.0020393783915771957,-0.016030402105614405,-0.0005861725567974929,0.0,-0.12504739513993007,0.0488817465046395,-0.00047675767801164115,-0.006518947912795059,-0.005255633139554294,-0.004223897719207503,-0.028242846871809002,-0.020711452995557378,-0.010706649082148079,-0.027062634482526327,-0.024119523870114845,-0.02137614082881023,-0.013049283588302651,0.0007214901932295348,0.003881702629134842,-0.0012133603962514172,-0.02427361195008715,0.0050248120541082075,0.005187155077969463,-0.000638086520173442,-0.0030666412860090864,-0.0006448852351257361,1.3057030253615931e-05,-0.03595640260009675,-0.007228509367904756,-0.0017226679132520961,-6.42145098767033e-06,-8.01383272458489e-06,0.006799965375704653,-0.004507246584558144,0.008149498750316286,-3.78689621347017e-05,-0.00012124117521383759,0.0,-0.0014636178287329993,-0.005074932339555194,0.0,0.01475978599497918,0.014741740455368024,0.0035489275832315537,0.02344796231104851,0.0,0.0017699527092185363,0.0029585559180022036,0.0067299616726616,-0.0003827043650191375,-0.00048605871995199834,0.021767418936533334,0.003138750650329869,0.006749216472796804,-0.007791952432240956,-0.0016374333104087202,0.0011357021544186052,0.005061955426797604
0.0075413814858724115,0.03405484020390487,0.034319235640974555,0.003577373329910094,0.03246929433523099,0.003954563386736221,0.01077815332635379,0.020040168580621076,0.01813682773131786,0.00928668881555822,-0.0496702469342675,-0.00029401319220895283,0.008713770242859187,0.008843563732728765,-0.06150358105975129,0.022390297370271484,0.022517568641200858,0.036672283842321685,-0.004390648928600471,-0.054815726274614784,0.01479810142150223,-0.12504739513993007,0.0,-0.012317041026441378,0.03985242623328111,0.0121859757165928,-0.006683768108511345,0.00754225450514856,0.0063582099482342724,0.010735786868583896,0.019744325953390873,0.0006440788495896133,-0.014875316802806793,0.004400857697870519,0.0038085335378691965,-0.01607994235829585,0.014689372742120677,0.004804211606780628,0.00725254762728722,0.007487451485544916,0.008148536638295789,-0.007039802550923402,0.03094620688670352,0.014647141178606882,-0.000311606757567473,0.002827943793554333,0.0011515109983509242,0.019974784473350438,0.0006775118905699706,0.03633418764430818,0.018990863735126595,0.03506958089933243,0.00803564324766931,0.028301445034728645,-0.001438281926390561,-0.00420168924904768,0.0023864087921459665,0.02505878232417469,0.0446895808843335,0.009006188876474475,0.02033863338596209,-5.892440045524028e-05,0.004316038701312086,-0.10622864160660628,0.003727981521398638,0.013993022881456596,0.003602721863807168,0.029873799023255987,-0.00038467497126870587,0.012742254239696327,0.0031019193604429063,0.031157128938092304,0.01866392398340533,0.009178961701408861,0.0045433654460719786,0.012248227066385953
-0.04517227829273496,0.0033321191333122724,0.0006672763943212368,-0.004557875202454653,-0.02240294707918633,-0.00571770804342786,-0.005283005581674383,-0.008430078960967924,-0.0015374814660154557,0.01779456305246474,-0.021262505665133047,0.005234212376863445,-0.003957491785597844,0.006893822718799902,-0.012454805754290976,0.016379009810749967,0.023912266433224638,0.012899477424655692,0.00473859391765491,0.00021147042510549774,-0.03651497477287646,0.0488817465046395,-0.012317041026441378,0.0,0.00277852094216291,-0.023729887754568413,0.005085910007343486,-0.010941696024028003,-0.03942919977726389,6.111792126506366e-06,0.002746214287785209,0.061067206511530914,-0.0040484217167555125,-0.023928936856913663,0.045186295751365735,0.07113499588199013,-0.005102421484004693,0.007220699304947009,0.009086225406732373,0.02465697264375477,0.05617253823742613,0.014314068743353614,7.011156465236423e-05,-3.7264641813916644e-05,0.05239756924809985,-0.10800325374112013,0.005254981464360764,0.0,-5.551115123125783e-17,0.00023274058671696185,0.00030541548967555343,0.00023199858606909318,-1.6653345369377348e-16,-0.00039585000793918024,0.050852954423311614,-0.0003092242586745786,0.04188448794780253,0.0011812610274329893,0.0,0.000996448154156726,0.02140011034868905,0.029280111260983566,0.029727954434446646,-2.83623685887191e-05,0.00032329782387319206,7.245347733564333e-05,0.001875063826182466,0.0005598266171379374,-0.05636265454847622,0.026178499838996727,-0.0013340940117970157,0.0002797368529663391,0.004214107835131209,0.0015864354687216697,0.0,0.026319572565099425
-0.004587051648867635,-0.006030263451395124,-0.0002582206206941384,-0.00012218910974631791,-0.015499369244056982,-0.005635577063574815,-0.02818912289483505,0.010727003226562448,-0.009580091713836725,0.011798178652369262,0.008172408051339286,0.020867067141096096,-0.024374437637140534,0.0011386125042738837,0.022924642568119047,-0.007940093216055044,0.012770945105728793,0.005568724858595164,0.0010499975183618226,-0.015100418284156703,0.025793648275313164,-0.00047675767801164115,0.03985242623328111,0.00277852094216291,0.0,-0.012875347654624336,0.005269078195698551,-0.013503220808263716,-0.002538563404735239,0.0003239296231328792,0.0043929442695590515,-0.02484688751539299,-0.0014729881089203256,-0.006454197019809649,0.009941753592520308,0.005501376124529889,-0.0006390575964858036,0.021939520209488805,0.010503493271576403,0.03795032598862935,0.03693122944930233,0.02904003865246846,8.889681298251961e-06,-5.551115123125783e-17,0.016810823148513343,0.0034062107794584073,0.03965538319393308,5.551115123125783e-17,0.0,2.220446049250313e-16,0.018706136296292586,0.0015104475436515385,0.015515015009888111,-0.0012379183603510868,0.05848217329286354,0.0006702110747185408,0.052660868940811456,0.0006292884677226995,0.0,-0.0022950886431996054,0.03549050510251078,0.046246762764000804,0.04056238984357735,0.0,0.008901591546518095,0.02172846189241162,0.027778967422173007,0.0035146529709945695,-0.02388547064326446,0.04321668713693211,0.03181555197090308,0.04204963288871377,0.024148899093659082,0.012391103666201553,0.0,0.03905456588117612
-0.00537616856739026,-0.017591292281811943,0.0027458362264163316,-3.3102137106388874e-06,-0.002300047862216714,0.02576329115843623,-0.02362664591324065,0.006197648104094622,0.027444707339566,-0.025872106372326842,-0.018171284213033934,-0.020281620439141834,-0.021512524497088792,-0.007787180096925417,-0.01095805448425291,0.015867624926285517,0.01661719575801951,0.0009819725625013764,-0.01909602853860992,0.006058639808545652,-0.01301550235826826,-0.006518947912795059,0.0121859757165928,-0.023729887754568413,-0.012875347654624336,0.0,0.016936023701540737,-0.0163703211342619,0.010524805153603656,-0.0029017422386801717,-0.00021870092480086312,-0.01839443346749703,0.006501453930862489,-0.012224023138935003,-0.011924260674593734,-0.039161073430710236,-0.0020833760172354054,0.013249037295470556,-0.017176515528176783,0.02862037735478079,0.02192138768226959,0.021356778734433868,0.0027431654317530696,5.008688540703021e-05,-0.008577826550420664,0.0035238300769487862,0.01110374729836483,-0.000773131078715128,0.0,4.6157981377081825e-06,-0.0003620015042603564,-0.002678666992082357,0.0021064327909527947,0.0011046851590808537,0.036806509226993966,0.0,0.03570932807684818,0.0044070863379735425,0.0,0.0016059604950244277,0.03269795130598796,0.038701469967380775,0.03377365750157685,0.0,-0.0027655326454816276,-0.007246231211498033,0.004439723622538916,0.001269450826807128,-0.03581338283198815,0.03653498504845132,0.021254374695344025,0.00781822226970963,0.016504175982196667,-0.0003823289595955015,0.0009439596750497881,0.020937004365159273
