0.0,0.005307248286148147,-0.0018940495103298427,0.0,0.0005874061116308282,0.02249573984240294,0.01126875885515699,0.02115996678861365,0.04081429053910074,0.0032555700423477774,0.0017874028169089229,0.0033033621491459497,-0.00030231827006016454,-0.00098082709667352,-0.009800505920754876,-0.016068825701972267,-0.005087068937967121,-0.021208554392361578,0.0,-0.03834748099714552,-0.023593602632104638,0.001313169608074094,0.024649662858148513,-0.013992051432133112,0.0022443014604953127,0.02780710737489661,-0.00510664260771182,-0.024645260074055875,-0.02118881951098095,-0.06375792196759567,-0.007772779753764891,-0.017290055556566042,-0.011885963894443907,0.0062901443121375356,-0.03448151596736615,0.000539395608939397,0.000170508130821867,-0.006745118157256813,-0.006144453375915904,-0.0025789941405345296,0.029222002551542003,0.0016714678925852655,-3.64140777357469e-05,0.0,-0.002149810616211778,0.015261698386105582,-0.011092688420592467,0.0,0.0,0.0,-0.004049074023331656,1.1102230246251565e-16,-0.0037260213947707954,0.0,-0.009107693507125703,0.0,-0.004099830285326511,-0.0008641336938917665,0.0,0.0005166459884877739,0.0026404776795984075,-0.0031539104368858983,0.022986540057872762,0.0,-0.003907921620327437,0.07060241290925123,0.00223705634589888,-0.002471051036045002,-0.005590629198064134,0.01239394959992679,0.005123181300351332,-0.003092945452881024,-0.00015993093906946365,-0.004671537218303268,0.0,0.00827300697495964
0.005307248286148147,0.0,0.05087629092760659,-0.00010205828178483367,0.03498840952317828,0.02988371393433742,0.027806992554752608,0.0432930475692162,0.038627976529890806,0.03074616211315162,-0.0004887309090594316,0.03415356250322177,0.017557294325565076,0.000267006706727857,-0.003016316712491196,0.005569710723311638,-0.004641169344151264,-0.0016187025755492468,0.0011859567479952093,-0.01932370218940377,0.005257975701881745,-0.00275220078801508,0.0359920521760842,-0.019221580150896145,0.012079766573868167,0.00967462527398083,-0.008423133881835965,-0.005782157115409192,0.01298666297909884,0.002402094225896878,-0.023794736778307624,-0.0032368445693135017,-0.010820584293230406,-0.0034637489677854516,-0.026471434517845727,0.0032430677601123503,-0.00021946853797455423,0.0,-0.00042045306807231286,0.008021494513663519,0.01247868904222671,0.0063389562910666775,0.0014227882347757626,0.0,2.220446049250313e-16,-0.003837817730786841,-0.01034459589708181,-6.505857689187433e-05,0.0,0.0,0.005525616783951859,0.0019614241372896135,0.022500081061019805,-0.0001656600965150301,-0.0005587976765307756,0.0,-0.001261605296924151,0.010543274311387685,0.0,0.0034240466523202673,0.003380760075594791,0.0008554211014857316,0.008988506454835343,0.0,-0.006144651899643638,0.009812927140349703,-5.122501158971726e-06,-0.0031735069456795273,-0.0015788690703279484,-0.0049034057939294495,-0.0037841676259982027,0.0009949065312692684,0.03921030481158877,0.00554292620685265,-1.1102230246251565e-16,-0.0012841163311994586
-0.0018940495103298427,0.05087629092760659,0.0,-0.017029512256819757,-0.0049327171675661585,0.015202831738451772,-0.009731716748755947,0.010961032556604577,0.04111668277052677,-0.0001142011124991571,-0.04478573370926936,-0.013573258485606532,-0.021944890077035095,-0.011322316093985152,-0.0019791250004635996,0.00021918777898216613,-0.003935834279736872,-0.0028450600059677367,-0.027845723201699923,-0.0012659119976593525,0.029840277805340543,-0.0008713311091275711,0.04640288165279455,-0.017738209321664422,0.0331708742308639,0.013190113139448623,0.027473827712546972,-0.010316858459138323,0.026703233660334558,0.03239887948195935,-0.017420599490839794,-0.0035318218619260766,-0.009195111106437837,-0.012609076441442268,-0.010530489668475806,-0.03924231971156106,-0.031171186700856057,-0.007933630456386176,0.05764700700422032,7.457761904694493e-07,-0.03618986106288663,0.0031066635442870694,0.06311353538211761,0.001556630289405947,0.0,0.0,-0.0003843873936698605,-0.13913037333044426,-8.178699192784578e-06,0.0512686853959855,0.019995474508757827,0.016362077300009825,0.04262424035346413,-0.007271379371891151,0.0009803683887770198,-0.15891438315792877,-0.028660269320575527,0.015667603585027834,-0.000409368010010569,-0.00022795043380402502,0.0,0.0,0.0,-0.20811418062284698,5.005311327493933e-05,0.00018926878748859455,-0.0004899018756149842,0.025526789486739587,0.0,0.00017361275588262393,-0.001474207878616851,0.011452103964436744,0.03470686023339142,-0.0004025808423410715,0.0015302358086114465,-0.00936494454976311
0.0,-0.00010205828178483367,-0.017029512256819757,0.0,0.07559303822635977,0.0030462702541497744,0.030158219021214017,-0.0007425791145097005,0.011189318191528463,0.09890170430917233,0.028242715472673097,0.026177186290310184,0.019389302077596593,0.05986843139958964,-0.0018817715597235773,0.015986171296850704,0.0008723662624293693,-3.724325271575735e-05,-0.0011657527139475876,0.0077185795666282475,-0.0003446282796986666,-0.040448815212042355,-0.0035316094161783607,-0.0003473466647518908,0.0007000582940465683,0.0010070011801040502,-0.0006768042614410663,-0.004308507424224395,-0.002713888891855143,0.001378277221859625,-0.050498893929909416,0.003499749981055622,-0.015876165193739744,0.026445323500603135,0.013862937114717255,0.023885369119321376,-0.001219054578365325,0.03590654822099215,-0.003608373045113855,0.0004988339849525403,7.93715526336003e-05,-0.0014066372576901354,-0.00035604299164021525,-0.0011128068988307538,0.0,0.0,0.0,-0.00028247090621053017,0.0,0.0,3.701941576422785e-05,2.220446049250313e-16,8.523614314015493e-05,-0.0007769656161028538,5.551115123125783e-17,-0.0008565901769286288,-0.04823370969132834,-0.00018907027909254026,0.0,0.0,0.0,0.0,0.0,0.0,0.0,0.0,7.515264205537608e-05,0.0007599652790177269,0.0,0.0,0.0,0.0014060371274353112,0.0012747171927856016,-0.00012386281395315724,0.0,0.0
0.0005874061116308282,0.03498840952317828,-0.0049327171675661585,0.07559303822635977,0.0,0.01830859404305163,0.015406219562957124,0.05839632394834915,0.007854180504249186,0.020024675127960023,-0.02896663304562025,0.01594008762565302,0.03337259245936963,0.051180879184817174,0.02845182267713975,0.02098967429281068,0.03169251221207792,0.014446790708662172,-0.052131028787328504,0.04292423489506386,0.044107985193127086,0.023719533930533165,0.015167459693418595,0.02387805182145275,0.015247030192435784,0.02575137795947957,0.003805515149476413,0.010320478142953449,0.030351582850352,-0.003756733412253077,0.0007207281032646229,0.052596636647499806,0.04059917150092618,0.019603078285636566,-0.009008650563556264,0.04714607852464581,0.05112742398561321,0.03359781269436923,0.0067335797600102665,0.000828128675729678,0.004430041219870229,0.0012374589010436532,0.12205138087002881,0.001179946266355092,-5.914015353092328e-05,1.1102230246251565e-16,-5.347333321575887e-05,0.02892295516488519,0.0,0.003192446833054363,0.03286984325549869,0.0003503711842399726,0.05154601126852687,0.05132588910645064,5.551115123125783e-17,-0.1442004442615547,0.0010074520161752476,0.03178934631836189,-0.006641779908023282,-0.0003618848295869892,-2.3963001373084047e-05,0.0,-5.551115123125783e-17,-0.1523979196673329,0.000462246719992232,0.00012636220801287568,-0.0010220895719748047,0.019498060240058623,0.0,2.3910485102363044e-05,0.0008154244632047059,0.013821252252990468,0.002826031540203666,-0.0029756482320364985,1.1102230246251565e-16,0.0009865081002409237
0.02249573984240294,0.02988371393433742,0.015202831738451772,0.0030462702541497744,0.01830859404305163,0.0,0.02111679288484064,0.028464519040361846,0.03856434217514859,0.0013052175888794704,0.035158612971431136,0.006702999829864165,0.0004721894206551891,-0.009174541152124571,0.003181145434136501,0.02259456950483607,0.025813145468143617,0.02704132065038456,0.034341356817428614,0.01719170399984077,0.016042337808053087,0.020018151960535024,0.013177161841140206,-0.018971861282041147,0.017131119592195376,0.016883583900392074,0.012370205584260274,0.035059837482317835,0.06188416068666036,0.03977572366422222,0.015375478399972775,0.016475472548335812,0.027336889460046143,0.014927373016700995,-0.005242182421448027,0.013186004767782034,-0.004892510823092444,0.0018134011010132456,-0.01905698533378114,-0.03218393998635244,-0.050712689968998526,-0.031423433745785934,0.03834727588320941,-0.048383202070282905,-0.030276714075832212,0.03476251849959883,0.016894804525910134,0.00822754650861457,-0.0004716088079678715,0.036709493902015944,0.030489621165054825,0.017753752255107558,0.044654587585571226,0.026814617758080583,0.00423982784549376,0.06162448287053468,-0.010949873866915427,0.008798117251867632,-0.004885267390474846,0.016024988307831223,0.01744256159970431,0.0,-0.0008827229403446935,0.05085054181735349,0.0029645363503847943,0.02820973466517762,0.012060954656175071,0.017844886818716432,-0.01496772484648573,0.021856768125799952,0.012255095616189648,0.017321175094282548,0.029160929415651293,0.01358557140517691,0.04394106150329846,0.004438358733337089
0.01126875885515699,0.027806992554752608,-0.009731716748755947,0.030158219021214017,0.015406219562957124,0.02111679288484064,0.0,0.02237427077895726,0.018472077034723755,0.0074285865209215984,-0.01427495927886635,-0.01642084965642643,0.026158342647850275,0.017606760059883875,0.0421142183421403,0.006782869095935118,0.006256956716953088,0.0068774021978399436,-0.016336449029145994,0.022767760438182738,0.02348582918425912,0.012145874832256931,0.011817334508366972,-0.03437093966683663,0.004904722282903007,0.0049461725335430695,0.00912014727327709,-0.0017199465054731355,0.013865553079438708,-0.00688643955071605,-0.006407300902206592,0.01572029846450712,0.014741373653707146,0.022619156292146003,-0.002332968424056947,-0.006849552228026745,-0.0011299884168997076,-0.012603120332645767,-0.07665184318103246,-0.05393491315582705,-0.13969892520864818,-0.1001356405477059,0.0036544617736876672,-0.176164779706588,-0.060600547398362015,0.0,0.018714030320990394,0.016280719274542554,0.0,0.002268681473008294,0.014176883255408224,0.00157134197613773,0.024407204621344936,0.023131288928624927,0.00023001108392223246,-0.05448901139943085,-0.027782651951082316,-0.010227654516172413,0.00010736938465000234,0.02779302648921822,0.00072381072087635,0.0,7.216241726371031e-05,-0.002094940259411038,0.001066464515230181,0.0014004604972952528,0.02759506578311416,-0.0020743258170343726,-0.023757747381156158,0.011540477002963623,0.027340744692707752,0.0013157336103220008,0.020504851084329756,0.007179875022892246,0.00033860954773501373,-0.00024086747328566638
0.02115996678861365,0.0432930475692162,0.010961032556604577,-0.0007425791145097005,0.05839632394834915,0.028464519040361846,0.02237427077895726,0.0,0.025968094848950962,-0.006101484395655221,0.005385175551539667,-0.002936615674152876,0.010967508253638403,0.015572408245177027,6.383290413669584e-05,0.020434958122608038,-0.0006776864054156007,0.010754478313709515,0.017285337667984013,0.010079453283403372,0.01462644530127366,0.04828294095349178,0.031568012214392205,0.018137717794477815,0.019086811546121463,0.028112097949564263,0.007301412804603391,0.018142598386397146,0.039620069137133895,0.030537893527023074,0.0006178044422147089,0.051583774980379915,0.039934571331015245,-0.0007041767694327961,-0.02778726079771293,0.03405270154942058,0.09661815399914192,-0.002742843005010265,0.04701453159653768,-0.001765408843393379,0.022448285238078403,-0.005302782419112195,0.10645320663486363,-0.0014490055619226783,0.0,-0.0007880039720374876,-0.004588788439861713,0.02926160168808911,0.0,0.08310735297913291,0.05355781767578238,0.029137616292100654,0.10497110548893351,0.041501571127039005,0.0006181613019355381,0.08288303847338852,4.005066537382529e-05,0.01718070104554098,0.0006794808094033877,0.02644785157708024,-0.0005942087074697344,0.0,-0.0002758122885259118,0.047321048098560414,-0.009702628938455415,0.00587699577207329,-0.0053024314042388054,0.04564010042709571,-5.551115123125783e-17,0.009068689739732738,0.006149146239188885,0.015671861453018465,0.03615602041356547,0.040528444184715906,0.07494279588112596,-0.0008728842141707549
0.04081429053910074,0.038627976529890806,0.04111668277052677,0.011189318191528463,0.007854180504249186,0.03856434217514859,0.018472077034723755,0.025968094848950962,0.0,-0.0008502258839102605,-0.03363573499728045,-0.006933179230653841,0.008663465108010748,0.00557672675093307,0.030253008815534277,0.02649220645971634,0.008605163954079176,0.005686452211793591,-0.0006813580780867801,0.03143383080249934,0.04567522251540701,0.029999697736091735,0.011818951834130897,-0.012538413310959173,0.013511297533731204,0.008450317478925884,0.022626164499838397,-0.0054181428787508645,0.02368510904085025,0.03068530393537977,-0.018140875404053347,-0.0030682935282020374,-0.003688777401375909,-0.012807454018591236,-0.028228831377875185,-0.02302615149076276,-0.025334673035459887,-0.014849814810524553,0.0684776141741863,-0.0398176121095018,-0.06149690701078381,-0.025894084826703856,0.0678028685117753,-0.003135004381068507,-0.03106190685811383,-5.551115123125783e-17,0.01640164227405283,0.020133880121766756,3.92908544127879e-06,0.057197154282760176,0.02760283683080267,0.018860228235909937,0.03840653350871803,0.016241007295698218,-0.026428578206887654,-0.19505009197963163,-0.02043022226532648,0.015363013070924358,0.03311809055886494,0.03174742044437173,-4.5555168174338245e-05,0.0,0.0,0.015622464921702495,0.0002588035701812652,-0.02166211347867525,0.03711340182383327,0.017254255455833922,-0.011173342108226847,-5.794054781704805e-05,0.03372373131904505,0.008391899920275225,0.031196069766410095,0.023652973217017426,0.0002891479601790925,0.01292021367968077
0.0032555700423477774,0.03074616211315162,-0.0001142011124991571,0.09890170430917233,0.020024675127960023,0.0013052175888794704,0.0074285865209215984,-0.006101484395655221,-0.0008502258839102605,0.0,-0.013293309275139054,0.004932371179130535,0.011189210244498593,0.09829277812548565,-0.002636296427655338,0.025052288003527712,0.005668738014592389,-0.0004235183335516979,-0.018473109940452148,-0.005260921190642309,-0.0034746547269121075,0.008209582270149618,0.003912566227359748,-0.01890070731005644,-0.004003092556500609,-0.030444555470682477,0.016400615070305602,-0.0020868714030640168,0.010817340061129332,-0.000767368110855926,-0.02339186118972325,-0.04754893357686413,0.023950201610731914,0.04680548471267293,0.023462643583608223,0.010224532177914747,0.011749337957819739,0.02161719296825504,-0.05855053157451956,0.00015701123653544258,-0.03521421024690835,0.0010721404714807425,-0.0044981672147004215,-0.051797822225811446,-0.06519815887686281,-0.004322759058464465,-0.001060838631055383,-0.00020176316246556247,2.230989143581219e-05,0.0002858009516043536,0.0010272776234416248,-0.0008884018154795559,2.7070183113930835e-05,-0.002230282120900373,0.02240077006221458,0.0022264660888561827,0.016740737908066294,0.02456813789172202,0.0,0.0010081388365330013,-0.0011879214011947803,0.005081425287331243,0.011117132604702762,-7.333378225282683e-06,0.00011914886522518264,0.00021736099877772697,-0.002301895589040426,-0.0011134108014627109,0.009181325935894824,0.00048714498234347925,0.005266747801383254,0.0016355754278315482,-0.013418031073370806,-0.0013782771568085495,-5.551115123125783e-17,0.02407443634869283
0.0017874028169089229,-0.0004887309090594316,-0.04478573370926936,0.028242715472673097,-0.02896663304562025,0.035158612971431136,-0.01427495927886635,0.005385175551539667,-0.03363573499728045,-0.013293309275139054,0.0,-0.014767359532916191,-0.03064191694431173,0.008459922997904157,0.0,0.0001436694898149793,-0.0006402430255858516,0.0012114750513257388,-0.05625343360812393,-5.440712150278637e-05,-0.00010139308360523902,0.00047965067686212004,0.0016175388161247528,-0.032637247969457106,0.0029196734510189004,0.004741588867553048,0.01232892112603734,-0.03910050685337685,-0.004319946942044184,0.0004135269379895723,-0.04007299718161911,-0.060151260702765164,-0.01392118592514241,-0.023910364053865207,-0.013453685389265335,-0.029622211525718922,-0.03950609614705669,-0.024428672946964214,-0.0005177073094628781,-1.8812180815563906e-05,-0.0603492563327539,0.0002843859459250586,0.057726777877436686,-0.0006807778958914934,-0.0005084141730254399,0.0,1.1102230246251565e-16,-0.18655073920427417,7.608194643737853e-07,-0.11307312156192056,0.03543543058696008,-0.023463318789797738,0.10335169414032247,-0.19075272298265705,0.00037187179930253667,-0.11220961336171836,-0.04118453792298876,-0.04506915222726088,-0.0004903341844744724,5.551115123125783e-17,0.0,0.0,0.0,-0.13446096772068186,-0.0005635306743860258,0.0,-5.399209106515812e-05,0.035322153633929654,5.551115123125783e-17,0.0,0.00011112000580032477,0.01773345629588885,-0.04432818953706552,-0.001356740214015828,0.0,-0.0008999913534931125
0.0033033621491459497,0.03415356250322177,-0.013573258485606532,0.026177186290310184,0.01594008762565302,0.006702999829864165,-0.01642084965642643,-0.002936615674152876,-0.006933179230653841,0.004932371179130535,-0.014767359532916191,0.0,-0.010187722646840924,0.00431206412710089,-0.00037698170453936974,0.028646773397382974,0.019692926109378006,0.031156201460016908,-0.014997117342841426,0.03496840281377722,-0.011132240957643258,0.00035656855389826214,0.010881788722057695,-0.010852905094542675,0.03239639048650189,0.022069596156370608,0.002540570761411065,-0.023836742018488122,0.020153687176723833,-0.04500739558904404,-0.021987548936047596,-0.0125425109588288,0.023389130957106208,0.02543345005146369,0.014000444346774,-0.020102561126692897,-0.02193167525791312,-0.0032688429912620665,-0.031216327045466452,-0.01403983061479902,-0.05632446037015265,0.09395720789057183,-0.0023306056286367394,-0.03805244403215746,-0.12008275034246205,-0.010609635528360806,0.0015300880119981652,-0.00019264551901271298,-0.0007365263686152645,0.00026242835031181633,-0.0012781287223863624,-0.010666697977258222,0.06641389027228545,-0.009825482636437843,0.006337278082385045,-0.018295110991309926,-0.02034600359487737,-0.02104515947915936,0.0001614932372367428,8.852479986259931e-05,0.0014748624180729308,0.0019256667470051725,-0.0006603746657052878,-0.00073652711904304,0.00027266852475305026,0.0017634073982575327,-0.0007661921911981118,0.02376692778607359,-0.07409972689507621,-0.00408533308168052,-0.00046333391865771567,0.0006065430250082327,-0.04795196001974089,0.0014064194057055723,0.0,-0.07356681537218662
-0.00030231827006016454,0.017557294325565076,-0.021944890077035095,0.019389302077596593,0.03337259245936963,0.0004721894206551891,0.026158342647850275,0.010967508253638403,0.008663465108010748,0.011189210244498593,-0.03064191694431173,-0.010187722646840924,0.0,0.0008459345213533975,0.015260000423182152,-0.0016879956288376463,0.007343055098536111,0.0011917841220831504,-0.031249198530936162,0.003800856790347973,0.002400171401912843,-0.0021224199015484335,0.0014843645834721753,-0.017218289784366514,0.0001633957578879297,0.0072520975548265865,0.0002948689009829031,0.008305633908877452,0.00353054324147134,0.009633139191973006,-0.018750222405516492,0.00977050371705368,0.010768314819661007,0.016212284702748936,-0.023922772840469286,-0.00733370204248085,-0.011125296755079117,-0.010524550430457136,-0.0818683547479962,-0.06742465184599727,-0.08652816232485111,-0.05660821245250458,-0.11914018217610056,-0.06308532663022759,-0.058113955647476234,0.0007326519530910236,0.014200466978064763,-0.007047942494031734,0.0,0.0013331511554379727,0.006478682601971042,0.0003231173745255056,0.019979917809975656,0.021075003867117026,-0.021519224070743803,-0.06568927320350171,-0.04738237195701195,-0.04310483960405215,0.0011349890817275443,0.010463378102199605,0.006930283912727986,-0.00020576074319406112,0.0015925060793802737,-0.001505785763466605,-0.009405381677717983,0.01881234135576998,0.018114879854785715,-0.0023909358140654646,-0.10318824614814531,0.012636144990294806,0.015228878243390143,0.0006485187432738737,-0.015622239194859167,-0.011720269444714382,-7.878515460213453e-05,-0.06821558609981959
-0.00098082709667352,0.000267006706727857,-0.011322316093985152,0.05986843139958964,0.051180879184817174,-0.009174541152124571,0.017606760059883875,0.015572408245177027,0.00557672675093307,0.09829277812548565,0.008459922997904157,0.00431206412710089,0.0008459345213533975,0.0,-0.0009605813104694993,-0.0002683552143410983,-0.00010223204653181384,0.00011499883347992901,-0.012804726048426529,-0.0007137633365345009,-0.0054816181011291265,-0.0005961068568813288,-0.014216125118703349,0.004178862141833883,-0.0004906356295759084,-0.001710897725002991,-0.02596194080244668,0.017448549314227957,-0.0012160094437164148,0.00022824090060957758,-0.008984164235510572,0.029477881307719445,-0.005872602545029193,-0.002756849807584616,0.0023002660910501627,0.03706877691377003,0.009086344157790499,0.0006803721189063139,0.05779483521848494,0.0,0.0004909525445653262,0.0009740037603299667,-0.004129289793279534,-2.190017882541806e-06,0.0,0.0,0.0,0.06858705210619276,0.0,-0.004693890432954928,-0.0015149068455551085,-0.0029184188635329456,0.07019728953902166,-0.009772513409964434,0.0,-0.05239080494630366,-0.0002221678548233741,0.0014629803303533584,-0.0038964711631099824,1.1102230246251565e-16,0.0,0.0,0.0,-0.008816123550051624,0.0,-1.1102230246251565e-16,0.0,0.03451726818576234,0.0,0.0,5.551115123125783e-17,-0.005222211040519398,0.0006540388004926401,1.1102230246251565e-16,0.0,5.551115123125783e-17
-0.009800505920754876,-0.003016316712491196,-0.0019791250004635996,-0.0018817715597235773,0.02845182267713975,0.003181145434136501,0.0421142183421403,6.383290413669584e-05,0.030253008815534277,-0.002636296427655338,0.0,-0.00037698170453936974,0.015260000423182152,-0.0009605813104694993,0.0,-0.009434775029247222,-0.004051693741982831,-0.006929316886636394,-1.1102230246251565e-16,-0.020511053302428806,-0.02206736977567808,0.02292939233013669,-0.01980053652844216,-0.04039480464358347,-0.004437647249118215,-0.022941827563776496,-0.02706752648705696,-0.007127435556671724,-0.001703916265667904,-0.0040852090112075135,-0.03364468098169482,-0.015238513480408888,-0.0033629711779036287,-0.02788405282354728,-0.03929073873217098,-0.02984263606895715,-0.002314194305181927,5.755341279550796e-05,-0.0024507648140386085,0.0049209657122498696,-2.119722041538097e-05,-0.0198051082745061,0.028704244065857976,3.90906103462374e-05,0.0,-0.004494695387130432,-0.006020096764397076,5.41873944692739e-05,0.0,0.0,0.0019186747307422536,0.002596680065552248,0.004780788091894195,0.0006464693630852669,-5.551115123125783e-17,0.0,0.0011611646864110314,-0.001933575048763403,-1.2471776817180036e-05,0.006029945452999175,0.00045201077458911776,0.0006098072955304512,0.0031693566187290245,0.0,0.0034003410162348757,-0.008190646092077869,-0.006224420865554803,-0.01485859404123091,-0.00014833174426920337,0.024806466789833503,-0.006831390342680654,-0.02214379796746513,-0.0031169724110050034,-0.01086303788184112,-0.015560088197269839,-0.009704460910761992
-0.016068825701972267,0.005569710723311638,0.00021918777898216613,0.015986171296850704,0.02098967429281068,0.02259456950483607,0.006782869095935118,0.020434958122608038,0.02649220645971634,0.025052288003527712,0.0001436694898149793,0.028646773397382974,-0.0016879956288376463,-0.0002683552143410983,-0.009434775029247222,0.0,0.007353520225679977,0.01992196989954237,-0.0001335693349668321,-0.001702004228545162,-2.567307929840501e-05,0.005897418223412942,0.02821772981214815,-0.024815602650510193,-0.005437175150746376,-0.006124707871892399,0.0013005327420519408,0.0017113646861479648,0.0028293966402946347,-0.008692724644787764,-0.017044707717171814,-0.01288441241403826,-0.003576100390913328,0.0013086577812672084,-0.03959558766364335,0.002621236602345145,4.475921958757567e-05,0.002002744347741281,-0.010361806782146987,0.012369687507151839,0.012367875618278956,-0.0019056295662969736,1.6262245392917318e-05,0.0,0.0,-0.010265147194054525,-0.008743824755858387,0.0,0.0,0.0,-0.01588239318441015,0.0005569440421550054,-0.00023556775751998327,0.0,-0.001007352134352546,0.0,-0.0005426228973843261,0.0004004380618129466,0.0,-0.016263198806997115,0.003020651023946219,0.0010396634684891048,0.020305480339111892,0.0,-0.003930258488234029,0.010812687624380257,0.0007284322784368857,-0.01617110970269997,-0.003256255602204605,0.0034010286461885753,0.0005959168959749905,-0.00310224362151329,0.0013762456339306284,0.00012157550045788224,-1.1102230246251565e-16,0.0061415656886132375
-0.005087068937967121,-0.004641169344151264,-0.003935834279736872,0.0008723662624293693,0.03169251221207792,0.025813145468143617,0.006256956716953088,-0.0006776864054156007,0.008605163954079176,0.005668738014592389,-0.0006402430255858516,0.019692926109378006,0.007343055098536111,-0.00010223204653181384,-0.004051693741982831,0.007353520225679977,0.0,-0.01576997780238254,0.007469638460013139,0.0031647354551733176,0.0014904796862353908,0.004780599471898239,-1.921071779464878e-05,-0.0012909212611371124,-0.0027989862609051896,0.02728986382091675,0.026937568751683516,0.006934643968452392,0.013898436096427713,0.004765864404019715,0.003762160565324635,-0.002179979765318918,0.004881107464429768,0.022161860949011514,-0.0300704597067587,0.037927387215270836,-0.0003793609350976057,-0.0014564191947984417,-0.0005458254711649957,-0.014189294989236156,0.030216117864525827,6.193666873527404e-05,-5.551115123125783e-17,0.0,0.000987021371169683,0.005964789196973408,-0.0005170642354230814,0.0,0.0,0.0,0.0,0.0,0.0,0.0,0.02384819072544464,0.0,0.016030127085752854,-0.0014724295111235852,0.0,-4.797414161533675e-05,-0.001946409866083576,0.013151763309957931,0.011430839162201945,0.0,1.1102230246251565e-16,0.0,0.0007115787968211551,0.0,-0.004163946316659006,0.006062480089378375,0.007815393543133764,0.0,-0.0007220325385161597,9.800553448868765e-05,0.0,0.020855486135952395
-0.021208554392361578,-0.0016187025755492468,-0.0028450600059677367,-3.724325271575735e-05,0.014446790708662172,0.02704132065038456,0.0068774021978399436,0.010754478313709515,0.005686452211793591,-0.0004235183335516979,0.0012114750513257388,0.031156201460016908,0.0011917841220831504,0.00011499883347992901,-0.006929316886636394,0.01992196989954237,-0.01576997780238254,0.0,-0.002085579330663778,0.008569530611877096,-0.001854336334372153,0.00471488291696609,0.016146674417577334,0.0015474184332953667,-0.01722838097665802,0.015813233829751083,0.020675458302367278,-0.004551743105572825,0.006558527874562736,-0.001908858344037312,-0.013248536374230901,-0.01640342251815141,-0.0011904897675467652,0.008381592067277732,-0.015670948330699153,0.0014363432795716502,-0.00017045417590172418,-0.0003603600691023945,0.005126829496417629,0.015052461464000244,0.02115106362181679,0.012869367165213919,0.0,0.0,0.0006447633030637334,-0.012144740085926531,-0.013296950902897176,0.0,0.0,0.0,0.03546414360227773,0.00037797549099044536,0.00031876664284263834,0.0,0.02614174747251652,0.0,0.020316699698166296,0.0002687828821322791,0.0,0.000839902488745714,0.007997650333290862,0.017434955651892847,0.01155720598894222,0.0,-0.002143573004426136,0.002115146548121616,-0.004855831287722268,0.0006585580107701938,-0.0017887244486969878,0.007919857197490332,0.008135028618432738,-0.0012539992359798524,0.00041059315810071384,-0.0044069623127433455,0.0,0.006381502190473842
0.0,0.0011859567479952093,-0.027845723201699923,-0.0011657527139475876,-0.052131028787328504,0.034341356817428614,-0.016336449029145994,0.017285337667984013,-0.0006813580780867801,-0.018473109940452148,-0.05625343360812393,-0.014997117342841426,-0.031249198530936162,-0.012804726048426529,-1.1102230246251565e-16,-0.0001335693349668321,0.007469638460013139,-0.002085579330663778,0.0,0.0003351176083101204,-0.0003195086947413439,0.0014692849861716595,-0.0010033261720351905,-0.012555523254163592,-0.012442079638098458,0.011804211979743018,0.029521944816238044,-0.03642454151666252,-0.001589191056779904,-3.006608523259402e-05,-0.042135176429196675,-0.03118185747858343,-0.023524821091130688,-0.036744129304713435,-0.00793302623167147,-0.0414694809831751,-0.04163741796325715,-0.018699969303902386,0.055537761240929906,-0.0001079598758189082,-0.05150457286198573,-0.001361443424781117,0.058897432029852925,-0.001385448756444141,-0.00016365421921621381,0.0,0.0,-0.09600761604907332,-5.551115123125783e-17,-0.18312445176182401,0.025790467186389998,0.009062219875215938,0.05793262011618139,-0.007323727096844257,6.237353867732942e-05,-0.25633773084544353,0.001095366314479318,-0.0012709480896246905,-0.014011233711062276,2.220446049250313e-16,0.0,0.0,0.0,-0.29722849018283354,8.436377599824185e-05,0.0,0.00011874139082729274,0.031221458363384635,0.0,0.0,-5.551115123125783e-17,0.006650391744481343,-0.0009648657026624097,-0.0023381318701960474,0.00029084903239717796,0.00021338918730029466
-0.03834748099714552,-0.01932370218940377,-0.0012659119976593525,0.0077185795666282475,0.04292423489506386,0.01719170399984077,0.022767760438182738,0.010079453283403372,0.03143383080249934,-0.005260921190642309,-5.440712150278637e-05,0.03496840281377722,0.003800856790347973,-0.0007137633365345009,-0.020511053302428806,-0.001702004228545162,0.0031647354551733176,0.008569530611877096,0.0003351176083101204,0.0,-0.02760121608452676,-0.03246873827612978,-0.09439025029435621,0.0013301417566566887,-0.0018186768771696338,-0.02157670221783975,-0.037574119543118956,-0.00035732410961486494,0.001351587868651749,0.005643898318610341,-0.03766333050565657,-0.01831422999538701,0.0006701388117369422,-0.033310055569273744,-0.04256782250830404,-0.03590639821763908,-0.014612791173508277,0.0058592196249863115,-0.025234804830808033,0.029735050436840105,-0.015940436736964714,-0.04513979395360718,0.01013445413472669,-0.00047724758570938386,-0.00044470305856458836,0.0003891117058201221,-0.0015593139848985027,0.012930439419636508,0.0,0.0,0.0041422524589598275,0.0010330897926890126,0.0020730509459447877,0.039065162858741176,0.0008418884193340803,1.1102230246251565e-16,0.001513117281102927,-0.006048866550519227,-1.1102230246251565e-16,0.007049036361991556,0.015432747731152607,-2.5869722732663192e-05,0.028911088255193174,0.0,-0.011991488387265548,0.002370501955895221,0.009544632809855291,-0.012431788779087849,0.0,0.014759003516014224,0.003998252441136052,-0.024221226944305785,0.004353054418639424,-0.010247880231235296,-0.010759496432152571,-0.014559505458610678
-0.023593602632104638,0.005257975701881745,0.029840277805340543,-0.0003446282796986666,0.044107985193127086,0.016042337808053087,0.02348582918425912,0.01462644530127366,0.04567522251540701,-0.0034746547269121075,-0.00010139308360523902,-0.011132240957643258,0.002400171401912843,-0.0054816181011291265,-0.02206736977567808,-2.567307929840501e-05,0.0014904796862353908,-0.001854336334372153,-0.0003195086947413439,-0.02760121608452676,0.0,-0.003104255058263228,0.018699591652738212,-0.02343187549313963,0.0008661954961635132,-0.0034733185912493303,-0.029546267163630402,-0.0012898924323712646,0.024971837157482912,0.0035228397901257424,-0.02710371796646327,-0.0021620180605942396,0.011341323151545013,-0.005682485294409012,-0.0183337701457969,0.002412151222525638,-0.00028271655020800646,-0.003079761729452901,-0.007606800487948484,-0.01151570909567412,-0.008112877428417709,-0.006274750894320169,0.0030140608719260165,0.0,0.0,-0.020777419535587704,-0.015777870288483986,0.0030066415301780447,0.0,0.0,0.03427498033434939,0.000475355809352096,0.11866432908207125,0.0016920940575405607,-0.0006891182236317683,0.0,0.00041130387956767045,0.0011596322915515822,5.551115123125783e-17,-0.002525615929860059,0.005484270561846194,0.0,-0.0007250004664216547,0.0,-0.01962912719754545,0.010848342034638636,-0.01627127823932789,0.012165611962192346,0.0010839473595887772,-0.0011990450681992892,-0.0055125979718732565,-0.0041295118765458105,0.022657981992343035,-0.0016364884330505869,-0.020914593898738343,-0.004915950913129352
0.001313169608074094,-0.00275220078801508,-0.0008713311091275711,-0.040448815212042355,0.023719533930533165,0.020018151960535024,0.012145874832256931,0.04828294095349178,0.029999697736091735,0.008209582270149618,0.00047965067686212004,0.00035656855389826214,-0.0021224199015484335,-0.0005961068568813288,0.02292939233013669,0.005897418223412942,0.004780599471898239,0.00471488291696609,0.0014692849861716595,-0.03246873827612978,-0.003104255058263228,0.0,-0.012735501632840096,-0.0022767288648417594,0.009278278685439234,-0.009176427807213894,-0.030482485590162034,-0.01937625718717645,0.005533630154867242,-0.017794311269343388,-0.025399209570093784,-0.013623257950012402,-0.00045138360135110744,-0.0233394492736696,-0.045398740289665784,-0.03396465182988617,-0.020765523589171053,0.00509284558884332,-0.005410792109431017,0.017327147069171323,0.015594021945108227,-0.03750486325654884,0.026056466730547678,0.0001841104334963095,-0.0003843156280994853,-0.0027560191344523366,-0.0056926641813427326,0.03481525578739436,6.85807716688247e-06,-0.00013140652701226774,0.01283029180719869,0.00043007210238554805,-0.0016067659914109078,0.00032474132699761293,0.0009700095880877391,0.0,0.0011843473021675988,0.01567600697730992,0.0,0.005166095618327593,0.012011557653631821,-0.000940401432191873,0.03602076042054653,0.0,0.004231171731312988,0.004992135004384168,-0.0013501184069014127,-0.009765165632485417,0.00213016419459916,0.018120989257602027,-0.006047912977668768,-0.010125664846025728,0.02063173139433383,0.0058633920282760155,0.009307276504326778,0.007056385967027734
0.024649662858148513,0.0359920521760842,0.04640288165279455,-0.0035316094161783607,0.015167459693418595,0.013177161841140206,0.011817334508366972,0.031568012214392205,0.011818951834130897,0.003912566227359748,0.0016175388161247528,0.010881788722057695,0.0014843645834721753,-0.014216125118703349,-0.01980053652844216,0.02821772981214815,-1.921071779464878e-05,0.016146674417577334,-0.0010033261720351905,-0.09439025029435621,0.018699591652738212,-0.012735501632840096,0.0,0.002358816127406349,0.021175714542416957,0.013125504142227351,0.008233785123525073,0.009270502250928125,0.015249328284354546,0.01382082051864214,-0.00026729729463004226,-0.001127305474872553,0.016655476585981543,-0.0099748105516837,-0.02504724415255366,-0.0034236289969232225,-0.0002451796140002793,0.05318574089501049,0.016077156765860634,-0.010417497568947831,-0.004827814896029903,-0.0033994974500871633,0.05221126764765882,0.024996509232399156,0.0010474302409861358,-0.0007386571697725608,-0.00900819722482521,0.029856606350869064,-0.0011847370061771612,0.02690604861360968,0.02732968623689358,0.0112080447817281,0.041355258985294685,0.021593032443559035,0.0023136055918652754,0.05794936208390622,-0.0033809093303547866,0.006718450237568119,-0.009288490902105151,-0.0025824391768035637,0.00923640378943319,6.293096157278244e-05,-0.0017209136497577382,0.05365125390956349,-0.007465877495390849,0.018167960837397912,-0.016669281845150152,0.020605550451183396,2.3619992117307476e-05,0.02541232115042441,-0.004481857390805699,0.01201056736528805,0.022332613094850573,-8.12431201695496e-05,0.006350614715730507,0.002857372872191899
-0.013992051432133112,-0.019221580150896145,-0.017738209321664422,-0.0003473466647518908,0.02387805182145275,-0.018971861282041147,-0.03437093966683663,0.018137717794477815,-0.012538413310959173,-0.01890070731005644,-0.032637247969457106,-0.010852905094542675,-0.017218289784366514,0.004178862141833883,-0.04039480464358347,-0.024815602650510193,-0.0012909212611371124,0.0015474184332953667,-0.012555523254163592,0.0013301417566566887,-0.02343187549313963,-0.0022767288648417594,0.002358816127406349,0.0,0.02017687867143303,0.03312143920259164,-0.04242853010173847,-0.04313540093010332,0.0021221788783488127,0.0008208554493988052,-0.028273732063670343,-0.07235831908069162,0.019535834420102205,0.009077581568830151,-0.0708891092431429,-0.07845483806547532,-0.02902901782821815,0.026228413940650896,-0.16164199514957248,-0.0998528200291584,-0.11059197188228573,-0.18428731379663413,0.0005447286935476026,-0.015133783850125287,-0.0861251002976609,0.009615098073894324,-0.0045167144455324215,0.0,-5.551115123125783e-17,-0.0002485657691205234,-0.00019444277542834953,-0.0019107489678193978,-1.6653345369377348e-16,2.9457378911912357e-05,-0.04667438773821009,0.000418654392792539,-0.08638950188583955,-0.08748483116262806,0.0,-0.0019212815119532545,0.017835870109525975,0.008424955763847441,0.01685188530772036,3.0290866160742613e-05,-0.0009206284317338498,-0.012762125416205361,-0.005054454419481047,0.0005849974115654244,-0.05358545348543531,0.014762561910213079,0.009727154939324079,-0.00035644602135931347,-0.14966503943837262,0.0004140371043597768,0.0,-0.07067623818819985
0.0022443014604953127,0.012079766573868167,0.0331708742308639,0.0007000582940465683,0.015247030192435784,0.017131119592195376,0.004904722282903007,0.019086811546121463,0.013511297533731204,-0.004003092556500609,0.0029196734510189004,0.03239639048650189,0.0001633957578879297,-0.0004906356295759084,-0.004437647249118215,-0.005437175150746376,-0.0027989862609051896,-0.01722838097665802,-0.012442079638098458,-0.0018186768771696338,0.0008661954961635132,0.009278278685439234,0.021175714542416957,0.02017687867143303,0.0,0.02088378289280718,0.0005149393768126287,-0.005441768499332089,0.00367320980185315,-0.0012950951774659547,0.004822117698789485,-0.006691778555286909,0.02016890841928415,0.029248098590853977,0.003051610981058661,-0.014086197781123633,0.00035153853175040606,0.00791588551681044,-0.004797587718521179,0.013070147775837593,0.01876084764796726,0.0096896472425832,-0.0011141617193623499,-5.551115123125783e-17,0.0014707528558464689,-0.002357742340037383,-0.0021380736782717347,5.551115123125783e-17,0.0,2.220446049250313e-16,0.012742220025809992,0.0010417297002449644,-0.014711856507038934,0.0004668444954881168,0.020068057157567598,-0.00036142156200263953,0.011522137970560231,0.006623183661500998,0.0,-0.0012634168181470118,0.010180803524502846,0.008281379832405844,0.01366571403465383,0.0,0.012271264187576014,0.015491470249983985,0.021499991717046973,0.009159003418528766,-0.005868088403420901,0.008982495546767055,0.007258804912267547,0.007553480385529443,0.02667195935008715,0.00776340082260063,0.0,0.008389442646848932
0.02780710737489661,0.00967462527398083,0.013190113139448623,0.0010070011801040502,0.02575137795947957,0.016883583900392074,0.0049461725335430695,0.028112097949564263,0.008450317478925884,-0.030444555470682477,0.004741588867553048,0.022069596156370608,0.0072520975548265865,-0.001710897725002991,-0.022941827563776496,-0.006124707871892399,0.02728986382091675,0.015813233829751083,0.011804211979743018,-0.02157670221783975,-0.0034733185912493303,-0.009176427807213894,0.013125504142227351,0.03312143920259164,0.02088378289280718,0.0,-0.024792999761355405,0.001967287028233622,0.0015583531498861158,0.002853562327033543,0.002812762866870211,-0.006472388872169332,0.02123947238241347,0.015367415414571595,-0.02075371196933734,-0.020736348861127962,0.0014468513687490026,0.018693074834651102,-0.004473225690229787,0.011870920849092137,0.020173410327309016,-0.01755938293311965,0.09744867560366904,-2.667191956712278e-05,-0.004719739243553844,0.01436517122455655,-0.007713187857986803,0.0019498687434086337,0.0,-4.266734429264618e-05,0.007879911522430783,0.012718497952171837,-0.003974238224767945,-0.002243515862800083,0.018888174700233296,0.0,0.009010031409833308,0.012398929039048934,0.0,-0.010560145334224336,0.012075831233520462,0.012148992924887025,0.020505426086975753,0.0,-0.001958565060675155,-0.009807586115888611,-0.01222116039767196,-0.003721427657401244,0.005358283777334327,0.017999122334375173,0.006524342756097756,-0.007572613133355499,0.03209784520026887,-0.003337951870835021,-0.00046348724294775767,0.011647735227834244
