0.0,0.6986220334227617,0.3801176754181775,0.0,0.4039061166104053,0.614431064927152,0.5693685888090736,0.7997095390849643,0.661530348670392,0.5949847458289151,0.4663194449687883,0.6557294489588451,0.6228363686633034,0.5494442221252319,0.4700099222474958,0.6228993203576175,0.3825358353714995,0.46458065403426047,0.0,0.35508936952562065,0.298920992774399,0.6504246328845293,0.7825130301787735,0.5676122336441851,0.5333862770027662,0.8625459921970897,0.5680095040325062,0.3947216476304536,0.43769167931147135,0.024194397384691202,0.5393855141699735,0.5489749866489689,0.4820933533883097,0.5244413322008261,0.13701547050661433,0.6868600404577814,0.49528101622507004,0.5088991311273565,0.49977150286708927,0.6130884746141351,0.7599149029754955,0.5743924281417216,0.5058806139829639,0.0,0.4241203227793182,0.6757152812273859,0.5670857347781921,0.0,0.0,0.0,0.5002504800820871,0.0,0.583008057759856,0.0,0.46976456650345566,0.0,0.576806432310299,0.7324107120690926,0.0,0.5820672392053421,0.6670994097110945,0.27549413404313866,0.7424576677410125,0.0,0.47017272081800554,0.8812202711836765,0.662250680460346,0.6299638443705414,0.6136423793854754,0.71367393418758,0.7359906326928294,0.440733611425948,0.4023648646029099,0.5372339506608234,0.0,0.5915159454643115
0.6986220334227617,0.0,0.9232754831893601,0.3227743403440779,0.6507498214919467,0.6704698946359979,0.663682938816521,0.9424106412400116,0.5848128223579041,0.6331309873239482,0.31274934863956894,0.6822697872533348,0.6244989932462557,0.5400840920423899,0.6100987777026845,0.7217855335219975,0.5928710481081083,0.6520304172033178,0.6100790083998224,0.41635456674533095,0.6969971218791793,0.6246000493918531,0.9075975295550587,0.34409235115058273,0.5987584919863586,0.5523662785921464,0.5184485478581581,0.5069813890939222,0.5626889785818717,0.5326818973141947,0.42890171812864863,0.49145011575535147,0.36154245283567454,0.4836201342926094,0.32212382317355853,0.5500112085197948,0.2266867691060777,0.0,0.5217137912659855,0.6938028740637422,0.5913884436562169,0.6456853581342715,0.6724246113002196,0.0,0.0,0.6266163973452222,0.5261851107740851,0.041703186440015215,0.0,0.0,0.6528804215946905,0.6548777802296712,0.8917325271682595,0.5937961642438061,0.5729405969202748,0.0,0.41435784430932476,0.7316079128609582,0.0,0.630404976005163,0.63392785481342,0.6526664639718418,0.7029419796991385,0.0,0.5675751652975144,0.765455185038767,0.6719916595601111,0.6052936868642254,0.43127989069340855,0.5637941865949583,0.6074777065671954,0.6307237716384301,0.9584998541025453,0.7059199264097722,0.0,0.649525151349968
0.3801176754181775,0.9232754831893601,0.0,0.4452444138560152,0.5421827528016018,0.6717682587055247,0.5487582872404263,0.7317985955641042,0.6647073138083488,0.5663788835420882,0.38045547895563225,0.4994542959038703,0.4942270011577278,0.5554963037500988,0.3277739428345623,0.4004080632274265,0.6043564266541421,0.504792593922063,0.3471559854600777,0.37322082597672945,0.6255675350235359,0.5867583240186426,0.721514331742003,0.3273992728973053,0.6660106194512803,0.6044161706778202,0.6415143446926992,0.5978986610288315,0.7807829697754032,0.8509720968922976,0.5552445283817486,0.6152308010630403,0.45013408953051204,0.5770765709466299,0.5392601053341394,0.40317540874893976,0.3691839267212276,0.4519656099985777,0.9926032841677923,0.46938819431182366,0.3325047349785506,0.5382572586432722,1.053520642378391,0.6205395851667239,0.0,0.0,0.20710048354897043,0.20303727776704023,0.5062762941112559,0.7482365927879462,0.7494193552749877,0.7082569275546795,0.8955517473568281,0.7117547263196502,0.4067150954094819,0.20007767141866942,0.24846995632589725,0.7207088645831115,0.6122987136061455,0.2831283546224353,0.0,0.0,0.0,-0.009360913986163344,0.6796199481947579,0.4773955816608797,0.12594767804186316,0.821119069292336,0.0,0.6670538516285143,0.3586157657013582,0.7958411165030417,0.7598335565749592,0.6342264649881376,0.7327026741555338,0.41443894869168024
0.0,0.3227743403440779,0.4452444138560152,0.0,0.6948239533478644,0.5952675698895278,0.642952743964643,0.5415856217896655,0.7208560621508111,0.6563166977761814,0.6870981646645036,0.49901726751781134,0.587530698887461,0.8103300280291668,0.6056726656741602,0.4219683065726138,0.5925507549301204,0.5061687256178405,0.5682337224622538,0.6696411612953097,0.43370202551749093,0.2733553386708617,0.6065334885685505,0.26084689716393944,0.9266111449820507,0.6340092013270955,0.6059905272675639,0.408736181588945,0.4580136610978945,0.476892879281834,0.24268910414990041,0.42852619185673363,0.1963533323347837,0.4131095549041381,0.5241767467624678,0.4485141676259262,0.307501826914739,0.6662158784952906,0.1839353461547721,0.3129017762231915,0.37126622256130193,0.29693008011000066,0.2345789111500715,0.2394532710229369,0.0,0.0,0.0,0.4382773185431186,0.0,0.0,0.5798830100311043,0.0,0.48073047203174085,0.021334366173110516,0.0,0.18557165225961667,-0.21068334024017704,0.49896726834222443,0.0,0.0,0.0,0.0,0.0,0.0,0.0,0.0,0.5107316165367026,0.6315172889494856,0.0,0.0,0.0,0.5126824925661323,0.48628776200429846,0.6195295202796289,0.0,0.0
0.4039061166104053,0.6507498214919467,0.5421827528016018,0.6948239533478644,0.0,0.5837806825871669,0.5243074226305159,0.9188136692473641,0.41540102295810977,0.7958685159824344,0.2856843983888699,0.639403341799264,0.8203395859593801,0.5995256780879947,0.9049046391173436,0.7424115511948154,0.788216905146323,0.5833272144560675,0.21627047403091576,0.8483530595621782,0.8441827537002685,0.7376487345071038,0.6201990089810031,0.7063281332945874,0.6152551464135447,0.7113437987396599,0.5747223366807523,0.615356332970292,0.7485179731335693,0.41478428502288944,0.5925274091144993,0.7271974575852893,0.7134379719537097,0.7256800514201641,0.42827766439283155,0.5274129052482984,0.5770789050730312,0.712506591817398,0.6104169776206712,0.6965994126053883,0.5734358539919358,0.4343604019180265,1.0443281865097815,0.6772379777085832,0.2676806507511694,0.0,0.3951341248292708,0.758503959439011,0.0,0.5862514684349751,0.8378482462321992,0.6453145994873579,0.8098013089669359,0.8506378216122826,0.0,-0.07441449052128152,0.38124194700549063,0.8486483845638338,0.5705989168689809,0.2376126654249931,0.47975192224386976,0.0,0.0,-0.05885460780480217,0.35185881649989537,0.4943099101385865,0.35376996666747107,0.7688737056827861,0.0,0.4701297507884806,0.5684194785520592,0.6706541385415867,0.632491030672635,0.4208169676546482,0.0,0.5385883875037766
0.614431064927152,0.6704698946359979,0.6717682587055247,0.5952675698895278,0.5837806825871669,0.0,0.6969152209137282,0.7424668461189516,0.5590736046759939,0.6152445807797146,0.7402778296734562,0.7322332843890763,0.5562546209642467,0.4893147128713692,0.6634536164499101,0.7692650840125037,0.7215098173071213,0.7639836151749888,0.7660275368140939,0.6533079296175472,0.7184673454915621,0.6313614024977671,0.6359890008730191,0.27991680507892774,0.6461050868119007,0.8037207029153459,0.628778496719264,0.7955100583437433,0.7007616258443149,0.9593815785799727,0.7808304008823773,0.682101728510401,0.8959763126702484,0.7316079097002216,0.5643842076272969,0.6927610311680198,0.5230182450988261,0.5031200901710763,0.5134782430383253,0.10488417038045528,0.2938790954965549,0.3479164784145782,0.9573937158976478,0.21552315123848986,0.038448083557527435,0.8692696942585216,0.7044528113050477,0.7047058836762582,0.5962074367782061,0.6559201086611064,0.7849050872416454,0.7852320436073159,0.9182722303458606,0.8428729787337244,0.6766580189001656,0.9818873929273586,0.29486438823502914,0.7093524002719482,0.5798270227992943,0.7593369266908598,0.7475671024895024,0.0,0.5462423045125008,0.8939956485589747,0.6507355180446592,0.5862942001128829,0.7802525732938992,0.7268813214282589,-0.2077627234061536,0.6583138175356575,0.6877547799235033,0.7320186180848423,0.7637436538030618,0.7372234806798048,0.7792050783177457,0.6330130223915708
0.5693685888090736,0.663682938816521,0.5487582872404263,0.642952743964643,0.5243074226305159,0.6969152209137282,0.0,0.6785845391056496,0.6468761797025812,0.6592286142575958,0.4848513052249348,0.3342104689745313,0.7839906099020814,0.45103143747656815,0.9764208324881345,0.6746041644022459,0.6410938642857102,0.6543073867438758,0.47929537867929484,0.7332947745275784,0.6691437978730045,0.6353949700236222,0.6794385090948207,0.3208067623738936,0.5984266353615769,0.6653435609663483,0.6145368007010735,0.5128255335551198,0.6753075447457568,0.45146542761748565,0.5011857531369602,0.7470391725137806,0.6144819701200084,0.6300392650224189,0.394544290582824,0.5415855505057506,0.45852211071918847,0.5650135866531387,0.3284294313107132,0.012782418845834975,0.0861498714049311,0.04838594701276355,0.6006886870024779,-0.22615689430869335,-0.05358260284053565,0.0,0.7453594974522919,0.5764788607350083,0.0,0.5612953650237105,0.6998189581354295,0.6467719330248385,0.6896806817150811,0.8227380358001842,0.6098288331239734,0.23163993034546343,0.16358495919061988,0.4564135919684031,0.35671598358115675,0.5874362189155113,0.6233037211824815,0.0,0.5436727780519413,0.610668969870658,0.6707113342025124,0.514870393483053,0.8776251964155035,0.5926241051276029,-0.17947224134193196,0.7361856782398323,0.7956370611384769,0.5971020599274636,0.6773669771328243,0.4978575808025788,0.7595448580506177,0.5213818445434881
0.7997095390849643,0.9424106412400116,0.7317985955641042,0.5415856217896655,0.9188136692473641,0.7424668461189516,0.6785845391056496,0.0,0.7780683939102386,0.5668353715219676,0.5689443411184676,0.62259219595365,0.6716653360347299,0.7916448434857184,0.530447632745012,0.8562247063658055,0.42205735438485936,0.7161587805082884,0.6493631393445163,0.5673317329379554,0.6918024820698144,0.8227055576661728,0.8117993939111399,0.6518965066445066,0.7510246993315275,0.8323792491133,0.6696102675786183,0.7358212429865871,0.7675050427708936,0.8200642016772891,0.6067141039694417,0.8297832985333596,0.7536228564859904,0.5668900206641331,0.2842958152802625,0.7773660658118156,0.7844892399913872,0.576972614071606,0.910832432151142,0.45818911646488547,0.5511991428800045,0.529168015777577,1.071846291288446,0.4342134759439009,0.0,0.5951172663182425,0.36378938224430546,0.8565864274081325,0.0,0.9691874921215407,0.9199561916978312,0.8505512405419491,0.9418431302490167,0.9296652917179797,0.8795202685719818,0.9069422345473592,0.9439498084999782,0.7307986033586629,0.5145382436444306,0.845147489092839,0.3958825877831761,0.0,0.7001719367596059,0.8841422223904494,0.6525757251951496,0.6203676640480329,0.48744377554032303,0.899575230132829,0.0,0.6161151771600569,0.47679850356693243,0.7575333184011457,0.789166509444926,0.9558977239811768,1.0273602277577707,0.48109193725123894
0.661530348670392,0.5848128223579041,0.6647073138083488,0.7208560621508111,0.41540102295810977,0.5590736046759939,0.6468761797025812,0.7780683939102386,0.0,0.6454191630460915,0.25284139826923613,0.5622478434432645,0.6383602231739565,0.5776595571178624,0.8441724345770003,0.7070081510422547,0.5403806042096447,0.5928292637607961,0.3411904413613987,0.7310837607098327,0.6403893727976898,0.7647565537338145,0.6325382018039238,0.4926347066173881,0.5997010407278098,0.6753810991607858,0.6147714727043994,0.6008541843640025,0.5998090643871752,0.7804835363589316,0.5338711042068842,0.6359690681785789,0.5831597081245511,0.5590541015594104,0.4069374950982889,0.4677971019274424,0.4332153057333693,0.5371375929963154,0.9412844234976665,0.08578945489372874,0.13181804320581267,0.20775843717466658,0.9178769570794209,0.41991620931555407,0.03374345765473924,0.0,0.6507922005849743,0.7554167943210102,0.4878469678750956,0.9895998801589905,0.8430099873101129,0.7888832172342701,0.8688680226367778,0.717821676124071,0.007253525730144567,-0.06199790426521712,0.2066407240594709,0.6539940585922612,0.792063057267637,0.8102614305697747,0.6324147509969273,0.0,0.0,0.7567245337875335,0.640866847583057,0.5022263283909489,0.9434950550981682,0.7671106682986688,-0.153029226201194,0.5462837823326072,0.41560965628346813,0.6814564890887156,0.6876956170979496,0.7226729338300192,0.4838030190505058,0.7157530634597462
0.5949847458289151,0.6331309873239482,0.5663788835420882,0.6563166977761814,0.7958685159824344,0.6152445807797146,0.6592286142575958,0.5668353715219676,0.6454191630460915,0.0,0.5602965326459517,0.5656628061279718,0.7241163612420849,1.0946972251171911,0.43800810541540663,0.7329160137503378,0.727581595329313,0.5586682632451547,0.5171495551927989,0.4158939952667456,0.6403118198171591,0.591744494483202,0.6073774280490838,0.3900844092176665,0.6641693871357732,0.44280159379236456,0.6362204398716529,0.6736369495355514,0.5643526326313163,0.4321781869018102,0.5157607822736622,0.029951008002143897,0.8142839923982323,0.9075705865886239,0.6976436406216948,0.572268973704347,0.5332114517182378,0.6024569179597702,0.22575230152786277,0.47944036890567593,0.2912805515191496,0.4382980583037196,0.38918505767944706,0.037767914153376464,0.18760846843853413,0.6366445836689318,0.4714917263950588,0.17748504901317153,0.49131089401599365,0.46652010689280904,0.5149775232560989,0.4565878899744401,0.604535913604907,0.23862535071018626,0.6693067940906917,0.4685482814438258,0.6761519231396305,0.7801300861851481,0.0,0.9570909625638334,0.5445746685594097,0.5874059194827753,0.5944411518691035,0.4789595316571549,0.5059774973750919,0.5829803467655315,0.3339291435341605,0.5721708725506074,0.5240543067895065,0.5480319585542782,0.6107126468547844,0.5828291469517294,0.49364940953047365,0.4506135885350896,0.0,0.773003048843912
0.4663194449687883,0.31274934863956894,0.38045547895563225,0.6870981646645036,0.2856843983888699,0.7402778296734562,0.4848513052249348,0.5689443411184676,0.25284139826923613,0.5602965326459517,0.0,0.5009940065014402,0.3763072935724888,0.5658286542996249,0.0,0.5250698662961302,0.5555808170586287,0.5804459531960946,0.15342019175064311,0.4792092036893204,0.5581281807382492,0.3876746487808987,0.5546552442292061,0.3644581551459772,0.6442551875210019,0.6481000812528986,0.6541244433224116,0.3289267869870829,0.38413303503820406,0.5154642136438063,0.3618423033001197,0.1293737396753093,0.45538140425953894,0.47327537628096294,0.4818833221544413,0.4246515932653592,0.4770572195558697,0.4613249528132249,0.5576884878896053,0.4733679366433976,0.10242341861789056,0.4613285931704878,0.8808732613599157,0.5985155534366212,0.19171867273836932,0.0,0.0,0.11956440884438918,0.46893081560267813,-0.00798792688926736,0.8329089581819057,0.4055357583636645,1.0242067167713125,-0.11535899626826407,0.494416028601245,0.020741539623475302,-0.0018733522093748178,0.3219821268413987,0.5890497037186675,0.0,0.0,0.0,0.0,0.08755113807032486,0.38254838641181055,0.0,0.7303106354451632,0.7976122460690774,0.0,0.0,0.9305638226027251,0.7946338848072241,0.27630628650189615,0.4067393315130703,0.0,0.5439156923802742
0.6557294489588451,0.6822697872533348,0.4994542959038703,0.49901726751781134,0.639403341799264,0.7322332843890763,0.3342104689745313,0.62259219595365,0.5622478434432645,0.5656628061279718,0.5009940065014402,0.0,0.49157413007480555,0.672991078475063,0.3888516787694266,0.8611473779851899,0.8734975271263439,0.9578206103819471,0.5008967058561462,0.8517232749943281,0.5314690073456456,0.4687608684873281,0.5943328405298325,0.39342018415841523,0.8504497082338522,0.5612420930196238,0.5665242076545411,0.44263604105259075,0.7486035291060302,-0.027509285069134165,0.41113764158162586,0.2517169472829964,0.6924989281727694,0.6439834448671449,0.644002567747535,0.31590507585229893,0.31546828412932415,0.27622075843672317,0.37230717736227936,0.4290373799323171,0.20832897578253898,0.8400947359602834,0.4426035075873127,-0.028571241290575422,0.016419281897229715,0.4307649718589257,0.589799899423044,0.2744103165033946,0.20019471455462062,0.2710416191616964,0.33618276239024647,0.439267143382968,0.7133144258231467,0.3376371515984828,0.6398966059546196,0.013793496068612882,0.5834451440028456,0.4269755920572888,0.703217168190108,0.6859189335399798,0.5418426695263887,0.5749156458720789,0.6327371458177955,0.34703735309154876,0.8009118692403709,0.8013603234312003,0.4428016674701747,0.6344033981239401,0.13884612945553074,0.5710340423555282,0.605118543589499,0.39507701504317805,0.3988505456959439,0.5085195039291887,0.0,0.3615295460862137
0.6228363686633034,0.6244989932462557,0.4942270011577278,0.587530698887461,0.8203395859593801,0.5562546209642467,0.7839906099020814,0.6716653360347299,0.6383602231739565,0.7241163612420849,0.3763072935724888,0.49157413007480555,0.0,0.4903396267004235,0.7234633959101645,0.6408453845124944,0.627438314543036,0.6896349292984815,0.41880451906139354,0.6687269280829767,0.57367380538047,0.5754668935759526,0.6481868322026807,0.33736874217395607,0.6603364561884114,0.7172797008805416,0.6030223463435087,0.5988846712602358,0.6287533164665309,0.5742505802882703,0.3572689465105233,0.6761627120575304,0.6093802890573432,0.6350728518436474,0.29088011320262613,0.5148791543450876,0.426395232766022,0.45099600476258445,0.17251966626464826,0.0730283085986273,0.1256443105313863,0.28757299883868126,-0.047589229218630125,0.15239737523070962,-0.1861552007311344,0.577028696189652,0.7641592711495622,0.6356052382258537,0.0,0.6779684420586353,0.6803984689988096,0.6254623568720061,0.7115646778610276,0.840399822928111,0.38886380444557145,0.22346723443224137,0.18202371405229212,0.3896766537869595,0.44924105483356686,0.5741009076006993,0.5941879005334404,0.42302291553253796,0.5819832600241308,0.6529731013919131,0.5135443298317323,0.7169098499165802,0.7152442088309028,0.6521114222196338,-0.21216697706118826,0.6397299714565323,0.6707642387488567,0.6852965124031403,0.5382507606541908,0.536411067849413,0.5488915296325226,0.18760250438543358
0.5494442221252319,0.5400840920423899,0.5554963037500988,0.8103300280291668,0.5995256780879947,0.4893147128713692,0.45103143747656815,0.7916448434857184,0.5776595571178624,1.0946972251171911,0.5658286542996249,0.672991078475063,0.4903396267004235,0.0,0.5477500277762126,0.6310195240015672,0.4794230597135087,0.5014021539809751,0.5288752110839947,0.41829783892910344,0.4975910078191793,0.28297849864973545,0.5271914187423719,0.7217861589572204,0.5189355690060423,0.5056173590526015,0.44337720851662654,0.5703904993238466,0.4064661961243412,0.8055775970564116,0.5445532401542509,0.4319972714518137,0.2369859539458856,0.6856958394066253,0.412217390129724,0.5491340485596201,0.34596704488463537,0.4067365434918615,0.901592449818344,0.0,0.7163769594808844,0.8374275280550217,0.5783081548170539,0.5058203192073734,0.0,0.0,0.0,0.9513966550177158,0.0,0.5455970195519775,0.47536564360515515,0.4690040263421421,0.9648816417200197,0.4343595327219358,0.0,0.27009256053954733,0.3972428972834757,0.7024578506051466,0.4863273541126728,0.0,0.0,0.0,0.0,0.5081945066341856,0.0,0.0,0.0,0.7871595669344084,0.0,0.0,0.0,0.5055343041339783,0.719530718157265,0.0,0.0,0.0
0.4700099222474958,0.6100987777026845,0.3277739428345623,0.6056726656741602,0.9049046391173436,0.6634536164499101,0.9764208324881345,0.530447632745012,0.8441724345770003,0.43800810541540663,0.0,0.3888516787694266,0.7234633959101645,0.5477500277762126,0.0,0.5844663406994968,0.3575655085325915,0.5245570411512906,0.0,0.5241040199197771,0.39768424390638096,0.750343543375565,0.43237938799218306,0.262374586404138,0.5238835193200228,0.4377927979147264,0.3628858203755632,0.45820465833328133,0.5855446270722202,0.4660220531910355,0.2978890751382278,0.3788295930078558,0.5967452868375809,0.3270301401616554,0.2762660545838397,0.5033721150806143,0.4518904160808183,0.3645755417834976,0.4818869671635002,0.6802830117381446,0.5704127655401277,0.3684161209558047,0.6814423075034343,0.6035122933682047,0.0,0.605419289681469,0.6303035114018161,0.4755153706702515,0.0,0.0,0.5888585182457231,0.7275552148232145,0.6146370175297081,0.5440416589972991,0.0,0.0,0.7076718678731199,0.5937409954500614,0.4816890389221907,0.6973949258579994,0.6785418855786779,0.6658148253098546,0.767217130468833,0.0,0.7857543022926365,0.5842913953049529,0.7299397717422885,0.7294529795869331,0.4898679112119999,0.7809359631224073,0.5715760161935537,0.5471796001322158,0.53080299634382,0.5240265516461229,0.4683672257134036,0.47016686057681567
0.6228993203576175,0.7217855335219975,0.4004080632274265,0.4219683065726138,0.7424115511948154,0.7692650840125037,0.6746041644022459,0.8562247063658055,0.7070081510422547,0.7329160137503378,0.5250698662961302,0.8611473779851899,0.6408453845124944,0.6310195240015672,0.5844663406994968,0.0,0.6528151273851082,0.8698178976858484,0.46017692251100495,0.5870859505158389,0.7162241487400551,0.6923903414009625,0.9387805672794087,0.42772187987665217,0.6601699039394806,0.6642908319389718,0.6979409368857092,0.6556830499233806,0.651253691737988,0.5613849079562472,0.4986290426843338,0.41998892666636073,0.44707497010090347,0.4456613072737714,0.29557032617695395,0.666572535589895,0.3859805613410587,0.5988678393348615,0.5339232138982093,0.6528842734143943,0.6964564398212426,0.5766322051478175,0.5067490969227605,0.0,0.0,0.5304104950698667,0.6294375097824751,0.0,0.0,0.0,0.3871844716290854,0.6054984373175156,0.8215527356589472,0.0,0.5718902670752505,0.0,0.4530770742957808,0.6122526268257589,0.0,0.5409277324866111,0.6956774706169727,0.577663943714435,0.8289585073552048,0.0,0.5615712715253445,0.7573551424317798,0.6613889916704265,0.5176143206379191,0.42187236368405523,0.7474915383570688,0.7545286276397967,0.6056657793315049,0.6315002679679553,0.6855821813222452,0.0,0.6065682809332933
0.3825358353714995,0.5928710481081083,0.6043564266541421,0.5925507549301204,0.788216905146323,0.7215098173071213,0.6410938642857102,0.42205735438485936,0.5403806042096447,0.727581595329313,0.5555808170586287,0.8734975271263439,0.627438314543036,0.4794230597135087,0.3575655085325915,0.6528151273851082,0.0,0.6033179969903955,0.7212889697748439,0.4816111042426783,0.5701665484594381,0.6764714992528036,0.5183536030637991,0.6519025480124576,0.6130756487025024,0.7405509488321608,0.7981188751419102,0.8480400806190335,0.475613884625273,0.6236357052895731,0.6866061923277805,0.5776030176383546,0.647554161057474,0.7230189261517403,0.26956834636458316,0.8737902054553114,0.2697607948782931,0.4394472056639095,0.5866324469882624,0.32261464004252505,0.7208352449242984,0.5574670529162598,0.0,0.0,0.4749817536001741,0.7636270787311216,0.5302161986335021,0.0,0.0,0.0,0.0,0.0,0.0,0.0,0.7138115901440543,0.0,0.6189870523658421,0.3122165916548091,0.0,0.766497676538327,0.4168357195063569,0.6431964238281244,0.5836825839708375,0.0,0.0,0.0,0.5624650521834561,0.0,0.605398349299661,0.6516467378186106,0.6796963599519641,0.0,0.3181652918163418,0.484045091837764,0.0,0.8150242137745087
0.46458065403426047,0.6520304172033178,0.504792593922063,0.5061687256178405,0.5833272144560675,0.7639836151749888,0.6543073867438758,0.7161587805082884,0.5928292637607961,0.5586682632451547,0.5804459531960946,0.9578206103819471,0.6896349292984815,0.5014021539809751,0.5245570411512906,0.8698178976858484,0.6033179969903955,0.0,0.5077582831993632,0.7155401868226516,0.6242736499031505,0.6378047369993154,0.8048597111698818,0.6229189531687727,0.5371848727617337,0.6788329417166628,0.8776185612864182,0.5740441498877715,0.6291051693422768,0.5727875965637963,0.44539939311669124,0.3728565466801078,0.6022542072312123,0.6864741783649924,0.3628872370340012,0.5942165995539224,0.2634247479953008,0.3758016133884009,0.6746890511795272,0.6205477317076816,0.6613694912859454,0.681290942801557,0.0,0.0,0.5487348230983629,0.5810395379558939,0.5891154564834029,0.0,0.0,0.0,0.9199160549013087,0.5822383935227318,0.8624542896768572,0.0,0.7902128373271113,0.0,0.7506193129164207,0.5384753689563243,0.0,0.6162812528055109,0.6917225899936074,0.7226735184169555,0.6558340328619368,0.0,0.44192339815203785,0.6814165843969128,0.5722899556574438,0.7423042729698826,0.6099283882268005,0.6732996045938684,0.7270673060646562,0.4669273836388792,0.6938951753348769,0.4748999688978421,0.0,0.7119923955689071
0.0,0.6100790083998224,0.3471559854600777,0.5682337224622538,0.21627047403091576,0.7660275368140939,0.47929537867929484,0.6493631393445163,0.3411904413613987,0.5171495551927989,0.15342019175064311,0.5008967058561462,0.41880451906139354,0.5288752110839947,0.0,0.46017692251100495,0.7212889697748439,0.5077582831993632,0.0,0.5228150665009221,0.46186980964307955,0.6560944896522147,0.4678695433939669,0.4133365122888438,0.4498728586305204,0.6416593316627945,0.7255339415562712,0.4268610063864876,0.5712997876775279,0.6136149678524662,0.39290398470032767,0.4421903273316744,0.37683099735940184,0.41967521493390497,0.5351027817914893,0.43362206308395346,0.3224786522557058,0.41078705703460094,0.9986350734149085,0.3834168109999148,0.11704637239967286,0.22098142072027138,0.9967763719305969,0.3737704229895298,0.413844097873476,0.0,0.0,0.46248612298798125,0.0,-0.0545311252888675,0.7385704733505158,0.6667493811371614,0.8774284882067647,0.6614650911599566,0.9097980506979981,-0.034994707282109794,0.5528661878576089,0.5187245178727672,0.43842884305073626,0.0,0.0,0.0,0.0,-0.005349159739463372,0.47100566524268894,0.0,0.4791353704297336,0.8043410448532626,0.0,0.0,0.0,0.698949086429671,0.5884869487222515,0.45397237549440883,0.49376014939218005,0.5893592759077323
0.35508936952562065,0.41635456674533095,0.37322082597672945,0.6696411612953097,0.8483530595621782,0.6533079296175472,0.7332947745275784,0.5673317329379554,0.7310837607098327,0.4158939952667456,0.4792092036893204,0.8517232749943281,0.6687269280829767,0.41829783892910344,0.5241040199197771,0.5870859505158389,0.4816111042426783,0.7155401868226516,0.5228150665009221,0.0,0.40587912010747274,0.2821242860117298,0.14212789726936884,0.5806950953839951,0.630499891955292,0.4353710731030069,0.32906636024735086,0.6406121721017284,0.6328394640213493,0.6825164640832493,0.19152259827089363,0.3558969516752305,0.4897314057515859,0.2805487277462625,0.25608617856776017,0.49730238635544854,0.3917948848855727,0.8166692196372842,0.3599506635188516,0.7726663045076521,0.5050219334570508,0.20620958002747816,0.6004546758797336,0.2952145820969643,0.21004092756698178,0.5380170174059125,0.6039681969493534,0.6115817835889836,0.0,0.0,0.5673726766072086,0.620458836929093,0.6967181792592523,0.768466581684377,0.9915387234036654,0.0,0.6076795428945975,0.5997793210988975,0.0,0.7166016543650179,0.6544558372568858,0.5059994323646018,0.8338394870182061,0.0,0.520191746633243,0.572456694143465,0.7031862562868281,0.5509777450515644,0.0,0.6706845474807486,0.5898955682836586,0.42607169731489936,0.5687777557485474,0.5348975311070641,0.4342780692088793,0.4811613354788357
0.298920992774399,0.6969971218791793,0.6255675350235359,0.43370202551749093,0.8441827537002685,0.7184673454915621,0.6691437978730045,0.6918024820698144,0.6403893727976898,0.6403118198171591,0.5581281807382492,0.5314690073456456,0.57367380538047,0.4975910078191793,0.39768424390638096,0.7162241487400551,0.5701665484594381,0.6242736499031505,0.46186980964307955,0.40587912010747274,0.0,0.5918604832584624,0.8134393167160183,0.37403399288194344,0.5682314945890234,0.6612692604915698,0.41874574634276795,0.5206390196086386,0.7216880185273522,0.5863659296801634,0.3831315866663495,0.4133004498235252,0.5788054528663862,0.4357860373462493,0.4141307274168221,0.5712995593719169,0.358916195637419,0.5948051624549124,0.4941024154917265,0.5203283319785164,0.42734553653178586,0.4442552861912116,0.6115117849898407,0.0,0.0,0.5075081442891289,0.5261053849909,0.6822878266903571,0.0,0.0,0.8400204921082108,0.4727351523019476,0.9528210043865064,0.5528747031202847,0.6318499825757602,0.0,0.7864110163909414,0.6497597919693505,0.0,0.5976672295482275,0.6861471919686207,0.0,0.5562695603761091,0.0,0.5023140629048286,0.6743849850548496,0.5337772174667575,0.6771126173034605,0.8003539112671052,0.49113669289960754,0.7051881098461257,0.5759201611630529,0.7546317687094554,0.6442877855409033,0.3099729892419522,0.3867247429244728
0.6504246328845293,0.6246000493918531,0.5867583240186426,0.2733553386708617,0.7376487345071038,0.6313614024977671,0.6353949700236222,0.8227055576661728,0.7647565537338145,0.591744494483202,0.3876746487808987,0.4687608684873281,0.5754668935759526,0.28297849864973545,0.750343543375565,0.6923903414009625,0.6764714992528036,0.6378047369993154,0.6560944896522147,0.2821242860117298,0.5918604832584624,0.0,0.6433911903936733,0.4653019497681512,0.7825749061741154,0.6046611105633675,0.3062689500866069,0.5403811103042482,0.6084298010668,0.5389552033099336,0.35600301914371846,0.46242488815025795,0.5124593744513453,0.40463782998400244,0.2789212548445304,0.44638330325790365,0.5694581565121999,0.6030540872827288,0.5113768267162615,0.7214396606736919,0.6486863453271214,0.2434698162601781,0.6966251493982187,0.3729595518242427,0.23906492947040997,0.6093144616821232,0.6146539772989519,1.1422249843103276,0.4884583562016951,0.24602580356987613,0.785339555471547,0.7157333968635421,0.6395825102400013,0.6201087633138309,0.4348180819105183,0.0,0.5488828294323058,0.7547477068810479,0.0,0.721436883002549,0.7002260489373624,0.4498399353714433,0.8645061294669594,0.0,0.64016211340954,0.6650667779148495,0.645742549455201,0.5904588991172701,0.8017929749338002,0.6819418082485811,0.5850474432444019,0.543715600577557,0.7458955139060527,0.664158845457276,0.7177275381367456,0.6577056859820516
0.7825130301787735,0.9075975295550587,0.721514331742003,0.6065334885685505,0.6201990089810031,0.6359890008730191,0.6794385090948207,0.8117993939111399,0.6325382018039238,0.6073774280490838,0.5546552442292061,0.5943328405298325,0.6481868322026807,0.5271914187423719,0.43237938799218306,0.9387805672794087,0.5183536030637991,0.8048597111698818,0.4678695433939669,0.14212789726936884,0.8134393167160183,0.6433911903936733,0.0,0.5652230080851597,0.7474196834097903,0.6929940071193481,0.5632663563424365,0.6450711768945561,0.6965220483908938,0.6866374647939759,0.6175261975538133,0.5867981671185822,0.6398756662026878,0.5235564656296573,0.43302620765157807,0.6182396471872434,0.638302839027127,0.6946819314983853,0.7267177821673463,0.5752670555037034,0.5854672122416582,0.5950154714222232,0.9955775847434913,0.7847793247891782,0.582425202871906,0.5543789895859388,0.6727132513948351,0.8126756975310148,0.4761526300672231,0.8395282810515213,0.7875003606976803,0.7309709536596137,0.8954845079590417,0.8108077278668095,0.61019138040872,0.8892598655071552,0.4462695563123482,0.6601715760023561,0.6208214768075675,0.6828234965363085,0.7188692872470533,0.5059774973750915,0.5791498124281866,0.8343989625400099,0.6168245465131245,0.7432518923550968,0.565617044561191,0.86057666179553,0.22047687647055883,0.7998859933323725,0.6484880007657573,0.6767509993102749,0.7286564626038013,0.6712387542973999,0.6902700876489627,0.6311262541695527
0.5676122336441851,0.34409235115058273,0.3273992728973053,0.26084689716393944,0.7063281332945874,0.27991680507892774,0.3208067623738936,0.6518965066445066,0.4926347066173881,0.3900844092176665,0.3644581551459772,0.39342018415841523,0.33736874217395607,0.7217861589572204,0.262374586404138,0.42772187987665217,0.6519025480124576,0.6229189531687727,0.4133365122888438,0.5806950953839951,0.37403399288194344,0.4653019497681512,0.5652230080851597,0.0,0.6873655684161503,0.5868886028972742,0.2206357039536929,0.3383059760417009,0.644675100520925,0.8686457444700266,0.4271645885329851,0.09034459830821856,0.6206982285689019,0.4151977549443161,0.07952223784815296,0.1189609872258949,0.2549793253009839,0.4975962923825692,0.022677623089960852,0.10843835421652814,-0.05139032209289307,-0.036872961924574565,0.6188730968796127,-0.1466573714690268,-0.06315660940061263,0.5895062637157781,0.5284163497361316,0.0,0.0,0.5050547079653722,0.5860190038490403,0.2752955775747922,0.0,0.03734649588185389,0.34776639255933406,0.5903302524710444,0.15574390322555162,-0.04292370584316901,0.0,0.22116096683756736,0.6638346573640979,0.5772958298690718,0.6849890015369791,0.5153691668327395,0.3538404689525907,0.381623070992805,0.16811862537934888,0.837457855208809,0.25508967413116246,0.7055048447591179,0.7223664780744271,0.5223652815778125,-0.08350628352734107,0.6627394301182542,0.0,0.36293423256807167
0.5333862770027662,0.5987584919863586,0.6660106194512803,0.9266111449820507,0.6152551464135447,0.6461050868119007,0.5984266353615769,0.7510246993315275,0.5997010407278098,0.6641693871357732,0.6442551875210019,0.8504497082338522,0.6603364561884114,0.5189355690060423,0.5238835193200228,0.6601699039394806,0.6130756487025024,0.5371848727617337,0.4498728586305204,0.630499891955292,0.5682314945890234,0.7825749061741154,0.7474196834097903,0.6873655684161503,0.0,0.47292451612838804,0.6466032091800705,0.5557172186321198,0.5674800459720777,0.44540707689237824,0.6243222256210119,0.3401640623315557,0.6880527366683801,0.6578163670652359,0.5377062752267278,0.4011761358914545,0.5978740665984255,0.5184741486521678,0.5724866677503638,0.656006462900443,0.7089007144770887,0.6767341200979506,0.1104581994690238,0.0,0.45623940307370026,0.6507343760001965,0.6687603298085698,0.0,0.0,0.0,0.6992378322277786,0.5656156208014422,0.5062926270761725,0.4520900477113443,0.7070131066445071,0.45947214390071917,0.7001487130422281,0.5064302180590063,0.0,0.5806347273784208,0.6980084516103642,0.6272469889764404,0.7095729298757313,0.0,0.7606445308158245,0.6800349217597048,0.8411914895960108,0.6196359359354453,0.5509131755602195,0.7017513753240721,0.6942085995729695,0.5414670116327764,0.9517096601431216,0.5662271274565769,0.0,0.695490277791793
0.8625459921970897,0.5523662785921464,0.6044161706778202,0.6340092013270955,0.7113437987396599,0.8037207029153459,0.6653435609663483,0.8323792491133,0.6753810991607858,0.44280159379236456,0.6481000812528986,0.5612420930196238,0.7172797008805416,0.5056173590526015,0.4377927979147264,0.6642908319389718,0.7405509488321608,0.6788329417166628,0.6416593316627945,0.4353710731030069,0.6612692604915698,0.6046611105633675,0.6929940071193481,0.5868886028972742,0.47292451612838804,0.0,0.5035871527860725,0.701977607567061,0.6808172923795521,0.4220976232655029,0.5465018802742544,0.5552181759178283,0.7320276591433977,0.6171479042929932,0.41860459121575494,0.35951925241342175,0.5055282803855162,0.5356112203000316,0.597001833719492,0.6842651918749327,0.814785569273641,0.37292222090736404,0.6675599875423134,0.5421903729051476,0.4606218799773355,0.7606767401997332,0.6898788878257556,0.6801393399180818,0.0,-0.0012005533630259305,0.7432156670996737,0.7106156005259543,0.5583887021291793,0.3890453499896714,0.7020150293248938,0.0,0.7276371065343417,0.7812579007355843,0.0,0.602446559350368,0.7661468961189651,0.6309391903185205,0.7375867536382157,0.0,0.6322938580521998,0.7082440934695715,0.6885590844930116,0.6119149072521136,0.616150403434303,0.7687361121882745,0.6915343904426356,0.6109417940066089,0.8875808022146345,0.6940334576757793,0.4611952783581461,0.7032390495842246
0.5680095040325062,0.5184485478581581,0.6415143446926992,0.6059905272675639,0.5747223366807523,0.628778496719264,0.6145368007010735,0.6696102675786183,0.6147714727043994,0.6362204398716529,0.6541244433224116,0.5665242076545411,0.6030223463435087,0.44337720851662654,0.3628858203755632,0.6979409368857092,0.7981188751419102,0.8776185612864182,0.7255339415562712,0.32906636024735086,0.41874574634276795,0.3062689500866069,0.5632663563424365,0.2206357039536929,0.6466032091800705,0.5035871527860725,0.0,0.6673014849669954,0.5410720181512821,0.7153854481443367,0.4778254997779443,0.5146393127481494,0.43592445091577625,0.45402584234660853,0.39403699693609573,0.528688164226423,0.5161683368367574,0.48472877091706207,0.5879565921303493,0.06393296991746825,0.4139879754670635,0.11766454930834247,1.1271575438718506,0.43893360860328356,0.41489963665142104,0.44864353780519173,0.48804997902250913,0.6813267046285729,0.519317501917178,0.8316706287967173,0.7386482214060981,0.6791671137214845,0.7525810527592521,0.7641514034754345,0.7051312165712478,0.9276424902872771,0.12070986934960229,0.630994743308056,0.718098493349267,0.5664386939293913,0.6127373323917747,0.0,0.4983174371736224,0.821111570335775,0.4491093736536021,0.5779533388971906,0.4967753839756903,0.6460321465470789,0.0,0.5853928031592559,0.48374350013846934,0.65401030703288,0.6579535666813041,0.5155376998101938,0.4779782150496156,0.47986721235590185
0.3947216476304536,0.5069813890939222,0.5978986610288315,0.408736181588945,0.615356332970292,0.7955100583437433,0.5128255335551198,0.7358212429865871,0.6008541843640025,0.6736369495355514,0.3289267869870829,0.44263604105259075,0.5988846712602358,0.5703904993238466,0.45820465833328133,0.6556830499233806,0.8480400806190335,0.5740441498877715,0.4268610063864876,0.6406121721017284,0.5206390196086386,0.5403811103042482,0.6450711768945561,0.3383059760417009,0.5557172186321198,0.701977607567061,0.6673014849669954,0.0,0.7299178455973229,0.7533955590483672,0.39999149932446465,0.6669295991432829,0.6527292075162778,0.4476486845446772,0.6210834957575726,0.3238925533219189,0.33576344597265717,0.4319992974257455,0.28982921349368973,-0.0771662989011836,0.19023096831650027,0.20216598103340438,0.26006597678419924,0.2400085625813841,0.3326730761729576,0.6156477170680729,0.6244445612685,0.6141248212952848,0.0,0.6374980049582362,0.700792183081409,0.3563901681404159,0.8180418722927836,0.6592186500626218,-0.12165102638610337,0.09993593855367999,0.2010951110211619,0.3808205485111724,0.3624427305721357,0.5910384034827272,0.41853266090301344,0.1787352322928291,0.6636931210567558,0.726012228709785,0.5335780911476546,0.6448371625850848,0.5226305190516817,0.682865624380719,-0.1906656970346895,0.6287243740859653,0.4904638101472599,0.7070766693697708,0.7494321794186385,0.5621211930426673,0.6141924469059844,0.4042740341586688
0.43769167931147135,0.5626889785818717,0.7807829697754032,0.4580136610978945,0.7485179731335693,0.7007616258443149,0.6753075447457568,0.7675050427708936,0.5998090643871752,0.5643526326313163,0.38413303503820406,0.7486035291060302,0.6287533164665309,0.4064661961243412,0.5855446270722202,0.651253691737988,0.475613884625273,0.6291051693422768,0.5712997876775279,0.6328394640213493,0.7216880185273522,0.6084298010668,0.6965220483908938,0.644675100520925,0.5674800459720777,0.6808172923795521,0.5410720181512821,0.7299178455973229,0.0,0.6175560983450566,0.45457588670593724,0.5211627431893442,0.663438833887136,0.4080674661792265,0.4078164014993201,0.5558240056420631,0.6496254513230109,0.5726501629355657,0.43537575811525514,0.5258559048398452,0.5062223258435345,0.5147999497521694,0.6347328329139058,0.5462815484918371,0.6159508515808457,0.4365880637010767,0.6262873267809814,0.5085500179341947,0.48800420567945346,0.45233581212907836,0.6476865346982756,0.6166847681073392,0.9597200311785531,0.5892554305258988,0.6385662389915299,0.4374967776939498,0.58015358175147,0.6162684468291468,0.7638819676843333,0.618042498609271,0.6650789511286236,0.48233100344407465,0.6362127045405402,0.5346472394014521,0.4935300887141204,0.6496144275796474,0.599989181308068,0.6127657894764826,0.4892678173905737,0.7363494593099829,0.6889766503838977,0.611706441341088,0.6846231407769903,0.5424041275641394,0.4650125960124149,0.43484843986548843
0.024194397384691202,0.5326818973141947,0.8509720968922976,0.476892879281834,0.41478428502288944,0.9593815785799727,0.45146542761748565,0.8200642016772891,0.7804835363589316,0.4321781869018102,0.5154642136438063,-0.027509285069134165,0.5742505802882703,0.8055775970564116,0.4660220531910355,0.5613849079562472,0.6236357052895731,0.5727875965637963,0.6136149678524662,0.6825164640832493,0.5863659296801634,0.5389552033099336,0.6866374647939759,0.8686457444700266,0.44540707689237824,0.4220976232655029,0.7153854481443367,0.7533955590483672,0.6175560983450566,0.0,0.3840086888234892,0.4181295840171575,0.6205457941676593,0.17332351221853431,-0.04465329452088804,0.35731972397921086,0.05544350230118922,0.5333558874488717,0.7544399701914677,0.4587828176810173,0.521507101226942,0.7177359398245877,0.6122228051242975,0.07006676981864847,0.0,0.0,0.0,0.20489411254863443,0.0,0.0,0.704763063634578,0.540578914434994,0.6860623138880018,0.09949293719218621,0.5525030178965223,0.0,0.006085082644694918,0.5632839365733203,0.0,0.43370812189044294,0.0,0.0,0.9663276181964747,1.0021366027420946,0.26174747255093356,0.5493119146773926,0.5748776642556809,0.6917727834174707,0.0,0.16897690472968513,0.49057294670135454,0.7393134308190142,0.7890856148568846,0.6152847683702518,0.43513440751919674,0.4228306656235014
