0.0,-0.017869636932201227,-0.00114344672451544,0.0,0.0003887909387377264,-0.06052136241451517,-0.00041994599226397034,0.028630147574005504,-0.0004146179107701875,0.003000708272846375,-0.0009209909139644146,-0.0027693780673819224,0.0011665135683910366,-0.00339318552953477,0.02478717883912479,0.016812176571634474,0.00462144604460768,-0.001211482697944466,0.0,-0.04025186791199348,0.018849420701549713,0.0009732225663732774,0.004572613534888803,0.00522897689663987,0.011438281602465128,0.0092262249962069,-0.027413456316443208,-0.0015106781332362984,-0.0003462015784527761,5.142325649987178e-05,-0.00046449165909723256,0.05512875544280593,0.04590587421522019,0.027785054370566165,-0.0005603996411526757,-0.0002842101069502889,0.000559453754320649,-0.0029738245330091506,0.01009939765180995,-0.022049633510361766,-0.022469944940645803,0.0014122286820019148,1.84824748942769e-05,0.0,0.0003334195009376817,0.0035916261347332945,-0.027270277312619107,0.0,0.0,0.0,-0.0019811276468220673,1.1102230246251565e-16,-5.37354195293549e-05,0.0,0.0024724636571475944,0.0,0.0017967645462240722,0.0005698267051785222,0.0,0.00026369312836982406,-0.026887216201226305,-0.0009860195868627297,-0.018932004307993577,0.0,-0.0011064423907362064,-0.03359032973276288,-0.04779064585135928,0.0029081575676146443,0.0019129048649455527,-0.04481417973952162,-0.007619438510642895,0.0006549282462891548,-0.00029040031025218127,0.00158238998710164,0.0,-0.00022107019270872774
-0.017869636932201227,0.0,-0.052871054164745745,-0.00018096885414109476,0.0008765128645112918,-0.02813936215640328,-0.029058013270680416,0.0018870720866794866,-0.05477675574571217,-0.030594292360949127,-0.0389835738396595,-0.012100549787639026,-0.028472625604339274,-0.0006949695089121799,-0.019270440682625622,-0.011757445514482101,-0.021333530768637587,-0.017671619831918395,0.0013250914672892078,-0.015200901643855569,-0.014916138070676266,-0.03965855616899766,-0.039581838924673596,0.002264010088619761,-0.0282821214007436,-0.0364134247239053,-0.01478200488222281,-0.03759763990305376,-0.0223876906816855,-0.0007369484395822745,-0.01307945791123255,0.02575564157392829,0.0060580442937249734,-0.0014464937146588808,-0.0031820519063304187,-0.002007377419270484,-0.00027586872764451265,0.0,0.010554723944506517,-0.015619939281335482,-0.009137215711942148,0.014111112182146557,0.0002870070776763711,0.0,2.220446049250313e-16,-0.01837650379363026,-0.015629236772833233,3.302139141858618e-05,0.0,0.0,-0.04849838940676504,0.0012500990461229433,0.00018698505166320212,0.0004384670601608742,0.001630626777419486,0.0,7.420296482107958e-05,0.0036042197614617466,0.0,-0.0015952580031570185,-0.015505755609648342,0.003071823972001342,-0.013168246858464128,0.0,-0.0016593230492268352,-0.012675324146286693,-0.00600572227549695,-0.03561622291828065,-0.0010809962379553784,-0.020201348320772472,-0.015312543565023762,-0.0426361339042009,0.0003634908749928778,-0.024654534505685333,-1.1102230246251565e-16,0.0034355441895840833
-0.00114344672451544,-0.052871054164745745,0.0,-0.0019038394148450655,-0.09701411635853902,-0.08416825632226371,-0.1056307842273096,-0.11865329296235766,-0.04757501177187673,-0.0029228218457402755,-0.05495918178916698,-0.0010623607799093437,-0.1060356494922422,-0.08123721274038292,-0.0002389999230873463,-0.0005456107120352938,-0.0009287647044913805,-0.0010979901768263245,-0.041758086035985936,-0.0007169509845247335,-0.08996081416169166,0.00322930184132475,-0.06612125788881668,-0.0011920544597928129,-0.06070625914761879,-0.0013361306684487873,-0.0738355028530634,-0.09691753417910448,-0.11885029944217645,0.0016386899824671897,0.001964484175187964,-0.07671054734422578,0.0004746933748007165,-0.0945081295485315,0.0027234071505753965,-0.10033387968914148,-0.026755874836881077,-0.0020208890607471552,0.0018978181705950892,-3.7852914519520553e-07,-0.0005595110065677034,-0.00047414327618405805,0.006133353752351578,0.002903922600015374,0.0,0.0,-0.0002999084019170706,-0.12321888432899769,4.151213264025344e-06,-0.12179516119501499,0.0008408310941002695,-0.09746866375334118,0.03157676020481093,-0.002934162511332161,0.00012819822628440392,-0.10793007913932107,-0.001295322039599034,-0.0037372754528021135,0.004920567759581718,-0.00037292073537348314,0.0,0.0,0.0,-0.18209419556700668,-0.0003304364021783912,-0.0008325831859439803,-0.0005201073469464634,-9.368493141226342e-05,0.0,0.0001269840328825267,-0.0010212347218733209,-0.12283299729000402,-0.0040820963729883974,0.0014139449656067615,0.00035498439859538156,-0.005574429820699001
0.0,-0.00018096885414109476,-0.0019038394148450655,0.0,-0.009003205048040142,0.0011355366334429573,0.016514245204343803,-0.0010531740198804207,0.0022982231405850873,-0.10793101872562993,-0.02537882342083675,-0.006525680189640337,-0.00175855960693716,0.016067038371177733,0.0006316959508238518,0.00023958401976253985,-0.0003132309659352739,1.890333426252111e-05,0.0010376237882236405,0.0009714259282407323,0.0006424424317992838,-0.0008612766920144121,-0.06130831674722137,-0.002672428184060882,0.0005033251857542442,0.002263359813526933,-4.3326819376521275e-05,0.033434251320566544,-0.0015090098598616875,-0.0007826106787586218,-0.0030562425545396787,-0.024832342236709937,-0.01643849676632464,-0.011209087913120641,0.02993638485613198,0.0032115462718799725,-0.013721364208751391,-0.006998829912277182,-0.0029239028654526322,-0.0007096556207770721,-0.0004539689356767296,-0.001997016552719555,-0.0029168179120314663,-0.0014471200024062658,0.0,0.0,0.0,-0.0008610588102896388,0.0,0.0,0.0005097765855830994,2.220446049250313e-16,-4.326279762190133e-05,-0.00017539625538931514,5.551115123125783e-17,-0.0010562028059810658,-0.0011687485044069024,-0.0003781418243675172,0.0,0.0,0.0,0.0,0.0,0.0,0.0,0.0,-3.81447754931874e-05,-0.0005625270905906254,0.0,0.0,0.0,0.0007659224894294714,0.001782521519388125,-0.0001434050377954188,0.0,0.0
0.0003887909387377264,0.0008765128645112918,-0.09701411635853902,-0.009003205048040142,0.0,-0.07053108675025388,-0.034366415569715814,-0.10825457538348615,-0.0814018640916856,-0.049544734327365614,-0.08700534430524651,-0.059235646002673004,-0.05962383354530659,-0.06314136406843157,-0.0005850554422813237,-0.029545898135377002,0.0002510487490412494,-0.002504842279082542,-0.09775689968018525,-0.0020402877936951946,-0.0025382171209724635,0.002392602191557902,-0.08975032772716024,0.0006485349042526511,-0.03283510692299513,-0.00535243991717832,-0.0948041871203339,-0.04017884058506388,-0.07699233929313803,0.0010918327974969722,0.0017122300778035227,-0.02410083916227801,0.00013945838893691942,-0.0716610489603699,-0.06360811009615513,-0.044819539200823655,-0.013389498442047842,0.0009615385694806133,0.010413248117627782,0.000776575599361784,0.0018466004343807296,0.000191101693151563,0.0028077291757784284,0.0024614125915310425,-0.0005544089827233534,1.1102230246251565e-16,-0.00023445077343536846,-0.0615799563728513,0.0,0.004825083832395327,0.005629802885888435,-0.0007661517460673117,-0.0358575401697222,0.0003126866028584363,5.551115123125783e-17,-0.08207707062287106,-0.0008492160241690416,0.0025710868355433014,-0.0006014209038883167,-0.0002610503488836291,-2.3540353472462083e-05,0.0,-5.551115123125783e-17,-0.06077753254634638,-0.00041895458230817306,0.00018433788209010205,3.231591338159756e-05,-0.0013626665233724689,0.0,-1.2136101422755008e-05,0.0005660962962066862,-0.07605065796818605,0.0022227913309237346,-0.002551573433163812,1.1102230246251565e-16,-0.001909084032420294
-0.06052136241451517,-0.02813936215640328,-0.08416825632226371,0.0011355366334429573,-0.07053108675025388,0.0,-0.06364807452847698,-0.06876836261355851,-0.06532285563994589,-0.12247154582958303,-0.0962231869101291,-0.06421549097412427,-0.056267172183818825,-0.06386721125589812,-0.045779289229776865,-0.00515399884580009,-0.043838609723439115,-0.035139881147744245,-0.09902064865298393,-0.02306277827389086,-0.049833370331432814,-0.02500571561991838,-0.07994954386169523,-0.01406736897703359,-0.017261697009529342,-0.04376535312004104,-0.03555098806653556,-0.06350262076502194,-0.024532840268631617,-0.07217101334892906,-0.08202960643685159,-0.04489033469987086,-0.05598482236867136,-0.06322730288513562,-0.041917660033465365,-0.07106390576093158,-0.07370094425542867,-0.0592523457013438,-0.05536597363948359,-0.019442016636946724,-0.060618585535702874,-0.03761789321145237,0.0016326875226485016,-0.0008307009052622161,-0.0017982606929722866,0.001127752801465487,-0.011949731250576967,-0.06920853912030511,-0.0005319393719946386,-0.0010210318980833355,-0.043417282367888554,-0.08168384763995917,-0.05828137326001226,-0.0023165793082028374,0.0021455847116955695,-0.06666704993745975,-0.0011459004747964574,-0.07986650030825782,-0.0010073354970117077,0.0034712790535023075,0.0023528300175765238,0.0,-4.165439088832379e-05,-0.07296092559701256,-0.05794204423334626,-0.005358601890800452,-0.03833754135852552,-0.0817199348667978,8.701880815420449e-06,-0.029148749072110958,-0.035175868228664975,-0.06375642169080764,-0.0756538653222173,-0.1015959029425213,-0.0012504385259924367,-0.0012271746454779464
-0.00041994599226397034,-0.029058013270680416,-0.1056307842273096,0.016514245204343803,-0.034366415569715814,-0.06364807452847698,0.0,0.0003830599351446473,-0.07222338806107398,-0.04089879187557893,-0.1027579335902114,-0.03940917145916034,-0.05444334474981688,-0.07511298591979404,0.00031511240985898636,-0.02286715553847196,-0.0014892867713088842,-0.04238829113399528,-0.12325142693426888,-0.04305234193627594,0.0024923765766066697,-0.03610218808409604,-0.0745489021830601,-0.00028675622503238074,-0.02898965125263875,-0.041686713193885394,-0.07689743370185204,-0.03650263415126831,-0.06032621651844777,-0.0004886835277200796,-0.0019090612860311884,-0.04667563815155801,0.0003641692119910611,-0.04324218725411372,-0.05470829031250907,-0.02244625419466073,-0.011082931322583311,-0.02818688447080886,0.005973332722107816,-0.0008608422925993064,0.009382410978139355,-0.0009181189593820416,0.0016090868696591043,0.0026368540329649304,-0.0009544231733166209,0.0,0.0025104958439167158,-0.0024973954293450173,0.0,1.5912380794458336e-05,0.00043311557737268913,0.003111056055347561,-0.00038640911580833937,-0.03455147249884599,0.0003921426807139139,-0.0012371473327451032,-1.9728100275617777e-06,0.0007728923211628436,-0.0016750254700007572,-0.001215537981956838,0.0011053572238029497,0.0,-9.210893340494408e-06,-0.0016700579757816802,0.0009898236704036223,9.079525187510873e-05,0.0014166195138742843,-0.0007075612106535178,-5.831634651876083e-05,0.0006001180215316482,0.001184917638418992,-0.0684483428536608,0.0022798125597500163,-0.0005655041228807001,0.0013678400912894295,2.1132908637477854e-05
0.028630147574005504,0.0018870720866794866,-0.11865329296235766,-0.0010531740198804207,-0.10825457538348615,-0.06876836261355851,0.0003830599351446473,0.0,-0.11273533784122086,-0.0009946499045211943,-0.10878681360323073,0.03162546122534138,-0.05856745443534139,-0.10015493451806073,-0.14205213892208796,0.002746488551340076,-8.307330390705525e-05,0.005516151762931021,-0.16239404981068523,-0.0033027940425843227,-0.03755798714912828,-0.0021939934355689195,-0.08522756758525857,0.02062866253197293,0.03492665446793686,0.02308487835417994,-0.06512872391962499,-0.05500547747205431,-0.06281389195556569,-0.0012328492654652967,-0.0024483320058533153,-0.019435935206712163,6.0539509560253446e-05,-0.004180794718107728,-0.0022755576010434764,-0.086659332815613,0.008887550078986006,0.0026183794696983953,0.0009215498650758658,-0.001182233942335964,-0.004579340127127629,-0.004001678946267462,-0.07545279963496065,-0.001498437882213155,0.0,0.00027906237402897105,-0.00010844539328774827,-0.17663515186473644,0.0,-0.0023197189271567664,0.0033778226887377083,-0.0018738774610249642,-0.1746526148076358,-0.09284181966928273,0.0005309875031443978,-0.0942934949697315,0.00018190730644285225,0.0006074272351666576,-0.08936355249044675,-0.003982771143788533,2.614211665935562e-05,0.0,-4.051649521336076e-05,0.00016208835774556007,-0.0010513355843633776,-0.0025321184447689715,-0.001862415852794841,-0.16014412357640545,-5.551115123125783e-17,-0.00032470952365704076,-0.0019333148988873727,-0.1008413718401105,0.0011674277241163766,0.0017224930533576988,6.66816759458122e-05,-0.003405293844110757
-0.0004146179107701875,-0.05477675574571217,-0.04757501177187673,0.0022982231405850873,-0.0814018640916856,-0.06532285563994589,-0.07222338806107398,-0.11273533784122086,0.0,-0.13358360130796576,-0.046748790464479384,-0.10925421038594568,-0.09285119324583135,-0.05893896598011006,-0.001594798418518728,-0.05444772848277396,-0.0019295425702596236,-0.08810303966555894,-0.04696594410292157,-0.05779717011871155,-0.0771149390486664,-0.061151612914442544,-0.08523139982165912,-0.0009601612031091555,-0.05111350016020405,-0.06695208370758493,-0.059022009658213026,-0.09681668368602753,-0.0870650152987314,0.005371468516405298,0.006649925180141569,-0.07906463502873029,-0.11567070284701919,-0.09444603832693316,-0.09344570390799917,-0.0987239396112865,-0.08077247755002936,-0.0749155336023789,-0.06608846376350802,0.0004746689589744113,8.828473642985557e-05,0.007410207733378138,0.0013986309092740012,-0.0037021463125096465,-0.0018889234931029342,-5.551115123125783e-17,0.0009522433717243373,-0.09345636373222599,-1.994262316562523e-06,0.004328229304973008,0.003513585470981684,-0.09304974234725155,-0.10361390622706224,0.0030918434995718114,-0.002069960816827754,-0.09296452040827452,-0.0013467239675247766,0.00032456366276789606,-0.08841740072162468,0.00040100674214693655,0.0007405848476945143,0.0,0.0,-0.07777548641138543,0.0005386155078427879,0.000633571831273938,0.0006936811575855573,-0.10257498948404942,-9.941367593313544e-05,0.00013924419341426741,-0.0007208567816084921,-0.08448770764823338,-0.09765260686724775,-0.0012416402129098447,-8.311776876157584e-05,0.0034589760946242
0.003000708272846375,-0.030594292360949127,-0.0029228218457402755,-0.10793101872562993,-0.049544734327365614,-0.12247154582958303,-0.04089879187557893,-0.0009946499045211943,-0.13358360130796576,0.0,0.0020914138539477878,-0.07800513455984323,-0.04533179490707179,0.004583536786026299,-0.03914094834476478,-0.022372612216253807,-0.08263008849592188,-0.02557991872615778,-0.003926072836077266,-0.00594423515408804,0.002289328257080281,-0.03315994186563681,0.04419660679724735,-0.011699960124193387,-0.0336129215337892,-0.04827823532966963,-0.08838818553357003,-0.028421506230299043,-0.05730208750908827,0.0006437545233641817,-0.01846528155916105,0.001049755587476664,-0.03712160294997813,-0.012628227422493754,-0.00186139764297083,-0.14196463621433192,-0.03281654517100602,-0.034502833888256146,0.05308461893241573,0.00883636573666885,0.009825870909358547,-0.00500744793367397,-0.010889860938448903,-0.0020167544112799085,-0.012395057722698999,0.004019801525778799,0.0005020251606018267,-0.0008155547963462073,-1.1323697701293156e-05,0.0004074422343864903,0.0022559284719065875,0.0007981973319285962,2.8987951693981717e-05,-0.0016950030029321828,-0.0064022975453468245,-0.000314496858590696,-0.02397538371158442,0.0035564302869831033,0.0,0.0007694618655370022,0.0021251010198244935,0.0074801565414948645,0.00195448443908397,3.722158773866724e-06,-6.0475674440729765e-05,0.0008255443071967794,-0.0014120183781271556,-0.0011376790600075015,-0.020672132294583645,-0.00736772819931486,-0.015720239599466834,-7.025510537339574e-05,0.005104256150322006,-0.0008981326796466127,-5.551115123125783e-17,-0.04412217129654672
-0.0009209909139644146,-0.0389835738396595,-0.05495918178916698,-0.02537882342083675,-0.08700534430524651,-0.0962231869101291,-0.1027579335902114,-0.10878681360323073,-0.046748790464479384,0.0020914138539477878,0.0,-0.0013876508595546677,-0.11345574644943796,-0.07223580492039647,0.0,9.655845382472439e-05,-0.0006217984320490144,-0.0005563585655252723,-0.06654388043723514,-4.837529702955701e-05,-0.00017437848511941967,-4.237565707276847e-05,-0.0914678257298838,-0.0006284080730917241,-0.10616868013910319,0.0006267923184280488,-0.08058090756591169,-0.1046485288528311,-5.429387429667365e-05,0.0003691264876950484,0.003254507675380769,-0.11999515772392849,-0.004078139234090616,-0.11508518441361199,-0.0003903265248693111,-0.1130139901812312,0.006951339002518764,3.876386267470666e-05,-0.11994103083555657,0.0010188277754286101,-0.10893271130321308,-0.0013754478738061127,-0.13554876750045752,0.00010712250678235335,-0.0007015697384448183,0.0,1.1102230246251565e-16,-0.1559908982040195,-3.861645695435456e-07,-0.10966622046330293,-0.005307021414652169,-0.13142566851743553,-0.14318072794049352,-0.1928109711357579,-0.0009641034453344299,-0.09761135342740843,-0.0020077771267758004,-0.12761271247119987,-0.14632150752283096,5.551115123125783e-17,0.0,0.0,0.0,-0.1615080216834469,-0.0005679671375763418,0.0,-6.829774931593757e-05,-0.16725520285037515,5.551115123125783e-17,0.0,-5.6400514448329275e-05,-0.10071570838683142,-0.13497631781307662,-0.0014103295464358845,0.0,-2.666735582468327e-05
-0.0027693780673819224,-0.012100549787639026,-0.0010623607799093437,-0.006525680189640337,-0.059235646002673004,-0.06421549097412427,-0.03940917145916034,0.03162546122534138,-0.10925421038594568,-0.07800513455984323,-0.0013876508595546677,0.0,-0.034418595663537555,0.0021648456326039955,-0.0003172844974935196,-0.00030084957208859064,-0.030682599337550076,-0.0024067901839607275,-0.002487206602833525,0.003943091853461811,0.026672532056815912,-0.04326986269844063,0.029354909823427477,-0.01760368340902163,-0.007360359951996409,-0.007666402475356104,-0.028318705093687058,-0.0010717386801883388,-0.05571192050664492,-0.0014325570466437454,-0.012449489471431152,0.02374547959284845,0.004096397288628428,0.023991447241060337,-0.0041835685717496185,0.024971621912533992,0.02240543196717243,0.0011035954575170648,-0.01207024231394943,-0.047340314558440344,-0.04346993935570176,0.011523538052694293,-0.04166073402562365,0.027656004412224322,-0.08775125138167175,0.0016345715258274107,0.0013102980418024934,-0.0007492254108483198,-0.0006665670463886497,-3.361132789231336e-05,-1.4099705055892198e-05,-0.00018179222542508144,-0.00013212792976768917,-0.0003326516405784963,-0.00590493651416002,-0.001489616295780316,-0.014446036533157736,-0.054402179475657064,0.00036112105962371466,0.00012367710678234944,0.0015381344263384888,0.004410067961669595,0.016362288007943704,-0.00021457532266461188,0.0005144497746095156,0.0012178844333827765,3.499719095279019e-05,0.00129336223661769,-0.026351352465696698,-0.005082018528013821,-0.013603797585243271,-0.0012077086261257919,0.004557957075187136,-0.0009561106038517009,0.0,0.012077351681688664
0.0011665135683910366,-0.028472625604339274,-0.1060356494922422,-0.00175855960693716,-0.05962383354530659,-0.056267172183818825,-0.05444334474981688,-0.05856745443534139,-0.09285119324583135,-0.04533179490707179,-0.11345574644943796,-0.034418595663537555,0.0,-0.0007508858305050325,-0.0036900746170061005,-0.02520072327596623,-0.02966604881951429,-0.03775037790302321,-0.13111279094878087,-0.0617174474388284,-0.02409470312299894,-0.02339352767952796,-0.073378585311631,-0.03433681896316937,-0.02813982196154019,-0.035598419680689,-0.07547441089209422,-0.0860584251723045,-0.07474292891302925,-0.0416809053918521,-0.04412668944792425,-0.05001976391609814,-0.03514647229773754,-0.0404160039261941,-0.05171033693293875,-0.0423038181396293,-0.0211422558683787,-0.03760463298710459,-0.01515334896003917,0.0009208462267871198,-0.021142012658580234,-0.027417962336446777,0.0020804710525036407,-0.005390590789842331,-0.0029430136002904783,0.0005867163451704904,0.0034455315255641494,-0.001656444791376721,0.0,-0.0004800114988626758,-0.07763060440079411,0.001064512348509794,0.0006122841174352467,-0.06021387582932891,0.0010939211477632438,-0.002589710462404249,-0.0005586670972984598,-0.04681438477726457,-0.0008760206462647413,-0.0006910832640176778,0.0009672287957044889,-0.0003414572867828647,0.0018566918964503798,-0.004796364730329183,-0.000713202482429065,0.0015741767068089274,0.0013588387416765824,-0.08081582740487203,0.0005599753390469475,-0.020716373262987253,0.003461771563112004,-0.07405520015013817,-0.06650825697606255,-0.0017281529346886426,0.0011154974547517016,0.003106093708006741
-0.00339318552953477,-0.0006949695089121799,-0.08123721274038292,0.016067038371177733,-0.06314136406843157,-0.06386721125589812,-0.07511298591979404,-0.10015493451806073,-0.05893896598011006,0.004583536786026299,-0.07223580492039647,0.0021648456326039955,-0.0007508858305050325,0.0,0.0003759313305222167,-0.0005212841889372655,5.1889306304231386e-05,8.63159265671043e-05,-0.10799879000111678,-0.0003402110054659402,-0.006882606508695099,-0.0005359555923583059,-0.06752398762539269,0.0008523634574648664,-4.7936370879075874e-05,-0.0032550735269653575,-0.078148583536498,-0.006070273600154608,0.0010873449493829512,-0.0003916711435020259,-0.008184277783597538,-0.0588574759999165,-0.0012923712508217111,-0.001701344780659475,-0.005202135183919709,-0.013543908084915068,0.000798456016758986,-0.0005411737839606801,0.006056199325547795,0.0,0.0007022555077991766,0.0008635762802087776,0.002913260653047811,1.111574233103596e-06,0.0,0.0,0.0,-0.0023347864447086364,0.0,-0.003988394732646727,-0.0010600455490247795,-0.0013148887321805525,-0.0016293768876000092,0.0035711786827627434,0.0,0.0006212598591829877,-0.00011853571142678154,0.0017613878650419301,-0.002553458049229851,1.1102230246251565e-16,0.0,0.0,0.0,-0.0028624302154894865,0.0,-1.1102230246251565e-16,0.0,0.002258421288351964,0.0,0.0,5.551115123125783e-17,0.0007400927125005841,8.137039923999945e-05,1.1102230246251565e-16,0.0,5.551115123125783e-17
0.02478717883912479,-0.019270440682625622,-0.0002389999230873463,0.0006316959508238518,-0.0005850554422813237,-0.045779289229776865,0.00031511240985898636,-0.14205213892208796,-0.001594798418518728,-0.03914094834476478,0.0,-0.0003172844974935196,-0.0036900746170061005,0.0003759313305222167,0.0,-0.02548399948268293,8.39560358978364e-06,-0.021013361482261073,-1.1102230246251565e-16,-0.0320677706793846,-0.0776393910200806,-0.06262569402038459,-0.08401312535438399,0.012461178386132143,-0.01924076422341242,-0.06540746224632354,-0.06390039922326646,-0.05376730742969671,-0.05611165679593039,-0.0009751254408832399,-0.04583830261979116,0.0021511700593715433,-0.012550935568516164,-0.023425972529525163,-0.014518552586792133,-0.008265108229660423,0.005523920896521428,0.00011288706349987798,-0.005799574105656791,-0.06052854741763519,-0.03785926750395102,0.009044757484130583,0.0015259849706547035,0.0005255398599182115,0.0,0.003046538170128066,-0.014035267003431773,0.0004855873640201569,0.0,0.0,-0.07091397000221195,0.0015851304710307046,0.0015985894150176705,0.0003893374574983066,-5.551115123125783e-17,0.0,0.00031265108311484546,0.0025239478393784265,6.330224908812632e-06,-0.1266376493922992,0.002974785742988595,8.445376976984331e-05,0.0034556412481190346,0.0,-0.07124704060586168,-0.10936256323709082,-0.04883238104764248,-0.2497178749401998,-9.10998576247879e-06,-0.025694073994916133,-0.07753696957569628,-0.12480949408711395,0.000445580359943909,-0.06460130756610022,6.378064382717152e-05,-0.0013516094250626831
0.016812176571634474,-0.011757445514482101,-0.0005456107120352938,0.00023958401976253985,-0.029545898135377002,-0.00515399884580009,-0.02286715553847196,0.002746488551340076,-0.05444772848277396,-0.022372612216253807,9.655845382472439e-05,-0.00030084957208859064,-0.02520072327596623,-0.0005212841889372655,-0.02548399948268293,0.0,-0.06826004848682199,-0.08832637139686011,-0.00016543548831532418,-0.026298039140717322,-0.004378570141929494,-0.05080187849285378,-0.018816165253069395,-0.024069714017806387,-0.037384933197263215,-0.014198152444326984,-0.011286740822945895,-0.02323044188125073,-0.006970147001616467,0.0013094624299159197,-0.01389387286916205,0.016227227845140635,-0.020552392212464077,0.007845128884692187,0.013675442637224977,0.00021217115043820067,-0.0005182593250459,0.0016337004622229423,0.02255285163900439,0.005812344482539145,-0.006853591411823956,-0.0008002853208260996,-8.25413029487132e-06,0.0,0.0,0.0002317836162574194,-0.0006501803662790628,0.0,0.0,0.0,-0.032587461351143376,0.0005835535586133367,0.0008402929102425682,0.0,-0.01418682970738322,0.0,-0.002724312793833894,0.001754845986718323,0.0,0.0023062073823437723,0.009059654811321316,0.00012960660206667862,-0.005588610600421096,0.0,0.0023689931232180883,-0.02594421420688392,-0.002327834166103715,0.001302746459694526,-0.00039415275005050265,-0.014338053881648494,-0.008522141738741384,0.002875750473315619,0.00411772761172724,0.006163873328363267,-1.1102230246251565e-16,0.0022651378449791704
0.00462144604460768,-0.021333530768637587,-0.0009287647044913805,-0.0003132309659352739,0.0002510487490412494,-0.043838609723439115,-0.0014892867713088842,-8.307330390705525e-05,-0.0019295425702596236,-0.08263008849592188,-0.0006217984320490144,-0.030682599337550076,-0.02966604881951429,5.1889306304231386e-05,8.39560358978364e-06,-0.06826004848682199,0.0,-0.052826504101604,-0.000922511908543755,0.0029200974514056455,-0.0018810827053092893,-0.00116748164422803,-0.0001807528079219578,-0.051756631262165176,-0.012407126601674368,-0.014876821669920437,0.00029981689068003803,-0.02543128461728822,-0.034477277344579116,-0.0002710592154729907,-0.058553680425616594,0.004272205144837116,-0.04164377452544604,-0.008674746723951188,-0.03131666822757295,0.00023521598388565046,-0.000324039211159699,-0.03282081459361175,0.0027498171492487122,0.02512408429421331,-0.015114401639548303,0.0009144521405321515,-5.551115123125783e-17,0.0,4.312823941077237e-05,0.001024464528683211,0.0006019941053084787,0.0,0.0,0.0,0.0,0.0,0.0,0.0,-0.00946142889244228,0.0,-0.019008666461072077,-0.0006569391603233332,0.0,0.00033421320562065926,0.001838480457275249,-0.002409522539741471,0.011554411702676515,0.0,1.1102230246251565e-16,0.0,-6.096411065775742e-05,0.0,-0.037854108725153324,-0.0065278418209355205,-0.009108102581159905,0.0,-0.001916475049876576,-4.9744080952207614e-05,0.0,0.005843199198448945
-0.001211482697944466,-0.017671619831918395,-0.0010979901768263245,1.890333426252111e-05,-0.002504842279082542,-0.035139881147744245,-0.04238829113399528,0.005516151762931021,-0.08810303966555894,-0.02557991872615778,-0.0005563585655252723,-0.0024067901839607275,-0.03775037790302321,8.63159265671043e-05,-0.021013361482261073,-0.08832637139686011,-0.052826504101604,0.0,-0.0011229681901033794,-0.010062550636421808,0.0006570331283676789,-0.01659028719597666,-0.029023666015799476,-0.03666522598604621,-0.041791297429453866,-0.018433849833117744,-0.019766239701311472,-0.02800184051741167,-0.020463776521200183,-0.000969490860094957,-0.046159044598803656,0.0034120784859381637,-0.03414872599930868,-0.005344843903077934,-0.02710157449372369,-0.002018799562118423,-0.0004648194336586142,-0.03876475598136814,0.015359705147037328,0.0008580524597160966,-0.004920515807247394,0.0002571265260067901,0.0,0.0,0.0019179278754627993,-0.0017324367280088793,-0.004531882563526435,0.0,0.0,0.0,-0.0007235001850737222,-3.560643516076212e-05,-0.0003181503092712368,0.0,0.0058700101906183355,0.0,-0.0003523836209446407,-0.00041042261267421054,0.0,0.00035193358949564546,-0.01704544665269664,0.00712593053175492,-0.0006917317723206806,0.0,0.0011930291898673007,0.0029531770500527132,-0.005599231289225848,0.002123036302302206,-0.015940056682573644,-0.007811052040476774,-0.005711770544480854,0.000512443703101717,0.0017687447240088972,-0.000828156660617585,0.0,0.004436792394739486
0.0,0.0013250914672892078,-0.041758086035985936,0.0010376237882236405,-0.09775689968018525,-0.09902064865298393,-0.12325142693426888,-0.16239404981068523,-0.04696594410292157,-0.003926072836077266,-0.06654388043723514,-0.002487206602833525,-0.13111279094878087,-0.10799879000111678,-1.1102230246251565e-16,-0.00016543548831532418,-0.000922511908543755,-0.0011229681901033794,0.0,0.0004362558680381934,-0.0004072844087600891,0.0011272217222741965,-0.08897722481240689,-0.00025190134336972037,-0.0009852565011423398,-0.0007540230982902574,-0.07251416401650557,0.001484752918258725,0.0005565746965013885,0.0010858545317721235,0.00476742075116493,-0.10764264963333897,0.0007081808966252212,-0.07449241802546269,0.003086008651124017,-0.14370356828087577,0.0009077126103149147,-0.004185585514068557,0.007446423551408732,-4.63768038500012e-06,0.0015562307524916164,-0.0031358843576693163,-0.2055773336597187,-0.0019421024702708234,-0.00016073819639877973,0.0,0.0,-0.19623353446462866,-5.551115123125783e-17,0.0047534416086320586,-0.0015786937915088783,-0.10314590853899469,-0.0007633508374459419,0.0030744747962859753,-4.300925863781613e-05,-0.19861165142879367,-9.28889671659161e-05,-0.004000422212321331,-0.005659740446118222,2.220446049250313e-16,0.0,0.0,0.0,-0.3028656323378126,-4.2820015467404104e-05,0.0,9.485383057727947e-05,-0.0024670377331965643,0.0,0.0,-5.551115123125783e-17,-0.0007183160049014647,-0.0006246267169648378,-0.0014571104809993352,-0.00014762449781935416,0.0010416445111377515
-0.04025186791199348,-0.015200901643855569,-0.0007169509845247335,0.0009714259282407323,-0.0020402877936951946,-0.02306277827389086,-0.04305234193627594,-0.0033027940425843227,-0.05779717011871155,-0.00594423515408804,-4.837529702955701e-05,0.003943091853461811,-0.0617174474388284,-0.0003402110054659402,-0.0320677706793846,-0.026298039140717322,0.0029200974514056455,-0.010062550636421808,0.0004362558680381934,0.0,-0.06829125542281611,-0.022073073761738338,-0.019690522136066313,-0.007669729024547323,-0.0012233261474371981,-0.032950404358953855,-0.01621264669238809,-0.11083855412294902,-0.04214171860577981,-0.06756325332376717,-0.05688076470608633,0.007570041514085246,-0.006587467257877899,-0.01984664803845182,-0.005247847634852698,-0.005986568036933371,-0.019960314014210223,0.0069944575037966805,-0.007547982026321565,-0.021368989528056825,-0.031078636771043278,-0.0041397786666904635,0.0028483223531666213,-0.0017832247051525751,-0.0005087818875028072,-0.0018197198637865397,-0.007016661483793096,-0.0010470500425602824,0.0,0.0,-0.08436567088245922,0.0026313711508119675,0.0036208389340924296,-0.0012398007054388316,0.0006358239685877454,1.1102230246251565e-16,-5.4342685791519685e-05,0.002533819166287754,-1.1102230246251565e-16,-0.04243310111699394,0.006603021475030946,1.3130539908146055e-05,0.003035681161610071,0.0,-0.04441554344284726,-0.015855507205498,-0.033124079537729834,-0.06099229571322645,0.0,-0.021481343297413302,-0.050859264879481836,-0.05611035162289457,-0.06834946264956593,-0.04759474156222038,-0.0004062883491605662,-0.002671801177718869
0.018849420701549713,-0.014916138070676266,-0.08996081416169166,0.0006424424317992838,-0.0025382171209724635,-0.049833370331432814,0.0024923765766066697,-0.03755798714912828,-0.0771149390486664,0.002289328257080281,-0.00017437848511941967,0.026672532056815912,-0.02409470312299894,-0.006882606508695099,-0.0776393910200806,-0.004378570141929494,-0.0018810827053092893,0.0006570331283676789,-0.0004072844087600891,-0.06829125542281611,0.0,-0.021716079570022084,-0.0374831882880195,0.033374484884441835,-0.020881278573866624,-0.0028143808165268513,-0.06505447831625133,-0.04898938132335978,-0.028553127106628384,-0.002799674643229555,6.138924522269829e-05,0.03156127618302684,0.0011087947956960886,-0.008111280138563104,-0.0005129749323416477,0.07858203253646667,-0.0010362492026141923,0.027230900424891846,0.028870452670673896,-0.019339311749115684,-0.0014036035449795925,-0.0034626874009312525,0.0019885088347368907,0.0,0.0,0.00884491182969216,-0.01815628882212944,0.001465967403715518,0.0,0.0,0.0031788978596488104,-0.00046457128670129855,-0.0008008640601546713,-0.0011412698792047093,-0.0004083110905759857,0.0,0.0010832376150951561,-0.000276774472025898,5.551115123125783e-17,-0.006199186159642822,0.003045647188608447,0.0,0.0005482994776285222,0.0,-0.03456259771300957,0.0005609150821977438,-0.024211533836826282,-0.1031825738822092,0.0012846494946677223,0.002526073151389252,-0.0129681342629559,-0.05320483576038859,-0.002090800570264617,0.003532408278248078,-0.002105387396750369,-0.000603934399687589
0.0009732225663732774,-0.03965855616899766,0.00322930184132475,-0.0008612766920144121,0.002392602191557902,-0.02500571561991838,-0.03610218808409604,-0.0021939934355689195,-0.061151612914442544,-0.03315994186563681,-4.237565707276847e-05,-0.04326986269844063,-0.02339352767952796,-0.0005359555923583059,-0.06262569402038459,-0.05080187849285378,-0.00116748164422803,-0.01659028719597666,0.0011272217222741965,-0.022073073761738338,-0.021716079570022084,0.0,-0.04741718624703689,0.005515554554369251,-0.028800865264617226,-0.04921237127246464,-0.029026984439585124,-0.12831663012790995,-0.01861532484619821,-0.189141062863233,-0.05765844626921546,0.025076021475801402,0.009584988764819946,-0.008247936501957265,-0.0015749362406392575,-0.0032839821049962525,-0.003916764565329134,0.003944040551736472,0.017056250628769976,-0.0069203590126522,0.00042444320980339345,0.01611414408459927,0.002108119228591887,-9.026466387751508e-05,-0.0003632928859565454,0.0024633005572868294,-0.005775085731934859,-0.07191430976685781,-3.4809130684543277e-06,-0.00014430936446246934,-0.052445717033374584,0.0019211968625392761,0.0012607158833253251,-0.06248929138846382,-0.0008811434035655985,0.0,0.00042707964106686314,-0.02930294020599089,0.0,-0.025160124556872554,0.0014955769915383499,-0.0006000190909448144,-0.042690708910155195,0.0,-0.02649311005821714,-0.023946401525173522,-0.02309628672243852,-0.06526588693758112,0.0013475752798650098,-0.019999913446972162,-0.023265662827770928,-0.04093561571458981,0.005348201843074107,-0.03914253462503553,0.000741440768358026,0.001065783352331151
0.004572613534888803,-0.039581838924673596,-0.06612125788881668,-0.06130831674722137,-0.08975032772716024,-0.07994954386169523,-0.0745489021830601,-0.08522756758525857,-0.08523139982165912,0.04419660679724735,-0.0914678257298838,0.029354909823427477,-0.073378585311631,-0.06752398762539269,-0.08401312535438399,-0.018816165253069395,-0.0001807528079219578,-0.029023666015799476,-0.08897722481240689,-0.019690522136066313,-0.0374831882880195,-0.04741718624703689,0.0,-0.0012498654029441947,-0.018708557169235362,0.005927309499251132,-0.05698794461611745,-0.07103694736132338,-0.06615061970031927,-0.07333902435444145,-0.10262717814366384,-0.032770414774699275,0.029855593823936932,-0.054162698910226625,-0.0572633236041345,-0.08958866367005858,-0.06041378656497948,0.05962576604731418,-0.0827896207861395,-0.06661187496275212,-0.0892752247589928,-0.09665153998865367,-0.10376861356591188,0.0019714057134207486,-0.00038450396966349665,-0.006672520459991116,-0.04731271049014907,-0.17340491356050675,0.0002790682427473157,-0.16609179325349144,-0.11975750420467629,-0.12578793588924347,-0.19220942116355594,-0.21432393215321915,-0.09726469781322777,-0.1271862212776167,-0.0007273721036743508,-0.12830153735885236,-0.13005251668354118,-0.11091989969422134,0.004838560075446308,-3.194149048019179e-05,0.0004162804081823679,-0.3057354856490443,-0.06836108208321845,-0.11755783507489237,-0.06341938885044318,-0.28658504411018615,-0.017729785817044375,-0.039015119170396684,-0.05763170113676053,-0.13178512783385637,-0.11355640638482589,-0.1258738554545331,-0.0009443956986888713,-0.14336403084250243
0.00522897689663987,0.002264010088619761,-0.0011920544597928129,-0.002672428184060882,0.0006485349042526511,-0.01406736897703359,-0.00028675622503238074,0.02062866253197293,-0.0009601612031091555,-0.011699960124193387,-0.0006284080730917241,-0.01760368340902163,-0.03433681896316937,0.0008523634574648664,0.012461178386132143,-0.024069714017806387,-0.051756631262165176,-0.03666522598604621,-0.00025190134336972037,-0.007669729024547323,0.033374484884441835,0.005515554554369251,-0.0012498654029441947,0.0,-0.03163514671862805,-0.05845476047864501,-0.028126148003620843,0.08463821312428543,0.001533425755397444,0.0005661466858586373,0.0030317320592337382,0.05416880099129323,0.0032918670473304212,-0.004861631493895124,-0.0024019400953839143,0.13619901415484142,0.0008428048025349577,0.015954048473664745,0.059785040490600405,0.03162863444282915,0.003951366558726799,0.009202278776814787,0.0012137525110749725,-0.00036538924227724756,-0.0015318519575646117,-0.06263515134780889,-0.001425016056711359,0.0,-5.551115123125783e-17,0.00012616303564472187,0.00029729776289927345,-3.671783361258729e-05,-1.6653345369377348e-16,-0.0006078891296358857,0.0005658576611842214,-7.921853299180937e-05,-0.020624225498312276,-0.0006654467474678794,0.0,0.00016680023949217082,0.002714713828207038,0.01058454308674256,-0.021725041645307863,-1.537455314387648e-05,0.0003716255171173355,0.000754396085554554,-0.001591360173239964,0.0007866596646283197,-0.08008016261173112,-0.022397528827415247,-0.021373000572918965,0.0009404405462152821,0.003844741313642208,-0.0005762324488872705,0.0,0.0011795299713844298
0.011438281602465128,-0.0282821214007436,-0.06070625914761879,0.0005033251857542442,-0.03283510692299513,-0.017261697009529342,-0.02898965125263875,0.03492665446793686,-0.05111350016020405,-0.0336129215337892,-0.10616868013910319,-0.007360359951996409,-0.02813982196154019,-4.7936370879075874e-05,-0.01924076422341242,-0.037384933197263215,-0.012407126601674368,-0.041791297429453866,-0.0009852565011423398,-0.0012233261474371981,-0.020881278573866624,-0.028800865264617226,-0.018708557169235362,-0.03163514671862805,0.0,-0.0467068059548888,-0.008302030549875994,-0.025427943069299297,-0.01569116910672841,-0.0004035269741470837,-0.033535160573408274,0.024515559040604318,-0.019582432866920296,-0.0006240913907680778,-0.008255474689042364,0.0016516470652594983,0.00030506171723426734,-0.035597021103545456,0.017009224730369588,0.0088470355515759,-0.0015358334610593993,0.0018863147237616062,-0.0010998487037657823,-5.551115123125783e-17,0.003514892790440871,-0.0043442508813799074,-0.005622257182078094,5.551115123125783e-17,0.0,2.220446049250313e-16,-0.03751245980339424,0.0008296580420751876,0.0014516114618250975,0.00034754798555697297,-0.003623894349811252,-0.00011959830163132956,-0.016412566839364373,0.0014078433284408498,0.0,0.002293361324016474,-0.007631010032451757,-0.0003301498706337891,-0.005077552165083765,0.0,0.005393478236105587,0.0044318097108888566,-0.009721649976836444,-0.023481375996880882,-0.0223880481073358,-0.013354000332681637,-0.008034872889327749,-0.0332546281294131,0.0010973136256210436,0.0011745800963314235,0.0,0.014904903278394444
0.0092262249962069,-0.0364134247239053,-0.0013361306684487873,0.002263359813526933,-0.00535243991717832,-0.04376535312004104,-0.041686713193885394,0.02308487835417994,-0.06695208370758493,-0.04827823532966963,0.0006267923184280488,-0.007666402475356104,-0.035598419680689,-0.0032550735269653575,-0.06540746224632354,-0.014198152444326984,-0.014876821669920437,-0.018433849833117744,-0.0007540230982902574,-0.032950404358953855,-0.0028143808165268513,-0.04921237127246464,0.005927309499251132,-0.05845476047864501,-0.0467068059548888,0.0,-0.03305505769370137,-0.0407789934106938,-0.029862437029469724,-1.0568655063325494e-06,-0.0280623641616638,0.019869812500648343,-0.01286323091026953,-0.004278884614154876,-0.003940956380937499,0.04726762471653634,0.0010540733208090347,-0.012895043944640916,-0.0008229949609309117,-0.015537602315633003,-0.027737327237749354,0.0034276568976612243,-0.0032882525005980545,5.3971508241212884e-05,0.003182291820445493,-0.02132312852421192,-0.01612327327475155,-0.1000502052607064,0.0,-3.5235582847126246e-05,-0.07945124109706686,0.0007452463722282254,0.00012807693994132396,-0.0005911328199045829,-0.007349174994103536,0.0,-0.021418985685119185,0.0024891918753226494,0.0,-0.12241287574192616,-0.017201943178541346,-0.0037634743363724743,-0.008782533080604893,0.0,-0.04677100243570914,-0.08732925745020725,-0.07705778283974363,-0.08490131172764354,-0.027740142856956862,-0.017867481589909473,-0.02741792248719327,-0.04424422677373224,0.0026845495276172637,-0.05548591518953816,-0.00023053161999292415,0.014703543767426386
