0.0,0.8800662991995103,0.7555463235338282,0.0,0.4121339691931296,0.6009019286178606,0.9321825575617158,0.7517277669826289,0.4549395441128712,0.8013394034764042,0.47351824198733383,0.8560248416597249,0.9556391209469692,0.7447739649190279,0.6299374162811694,1.035008909901011,0.5758314575649333,0.8642399393371036,0.0,0.559064266372479,0.45725365407616203,0.8155915803913354,0.6891208571418389,0.5989296134630259,0.7192078996846667,0.9949830950534868,0.6668795270880773,0.7478894871632746,0.5567598289092629,0.6929552446992002,0.880982237798903,0.8375618512457295,0.7527846445945583,0.8715609420763847,0.8808461156107734,0.648684670303725,0.4840672453513224,0.4805085673135573,0.7262052975851678,0.8366262474068662,0.8726269996151345,0.6383992956368253,0.4612178187758521,0.0,0.42556230798855277,0.6083965794705649,0.8285314511780895,0.0,0.0,0.0,0.6648977103346823,0.0,0.7930130551371546,0.0,0.6810835403827707,0.0,0.5050186796254224,0.6926226252157933,0.0,0.5731180809009425,0.979964377141531,0.26800453390071893,1.0003923747481882,0.0,0.43867344930561236,0.4110548429550285,0.7199156402176636,0.5692257791064715,0.5640925868343668,0.9610501908059055,0.9363980494748776,0.41574865509589715,0.3932116604649156,0.5039284224378451,0.0,0.7027107687597702
0.8800662991995103,0.0,0.572264892776589,0.34876251495875343,0.44737317444731883,0.5485449131688953,0.49759812100409945,0.7963882326669403,0.4586996338578211,0.6226806702000349,0.31981993130529573,0.41982702976300174,0.5201666304681225,0.5269333945653473,0.6870714811982213,0.8196167967928177,0.916625742048377,0.9105610467533704,0.6451076455046845,0.4587468733121033,0.8371998415206612,0.933446489905307,0.7331600290420743,0.3639996242632608,0.7381768167223407,0.613570468117686,0.5971933516248009,0.5943027388760089,0.400445855335906,0.4002790390224927,0.7578945695296528,0.8383174600522802,0.6548022358978655,0.7771814544800264,0.8891955155399212,1.0277480581377765,0.22837748624275817,0.0,0.7580344697774237,0.9763890482297082,0.8175694896631565,1.0454015312475795,0.6477311156170318,0.0,0.0,0.8910770278725786,0.8516240688205997,0.055590077023192776,0.0,0.0,0.6820244709244017,0.6364106117106706,0.5779217598822382,0.558874020459722,0.5925427726571443,0.0,0.4359226053997094,0.6906896205173187,0.0,0.7104490947079654,0.9214218432738122,0.5989269863512459,1.0318891640726688,0.0,0.7463250765488267,0.9523852776092601,0.8487257097424821,0.7907314875114925,0.4283002927013268,0.8965087318793242,0.8844093412156089,0.7381527790896046,0.6154182928409166,0.812470471096543,0.0,0.9411267108183796
0.7555463235338282,0.572264892776589,0.0,0.543648787411713,0.49386194754953755,0.9255478596989832,0.629855762334692,0.637244139118804,0.5626247363699416,0.6535348289694729,0.5152158333053691,0.5478355518499896,0.6760758931034925,0.6608768264965217,0.32469328234385897,0.4524120273838945,0.811312439603895,0.5063425772353946,0.6156479528531639,0.39480235896855626,0.77042043194848,0.5587270136433655,0.5977700268855553,0.39948278043734203,0.4512176367134502,0.9973382292197378,1.0373575532661519,0.7232597569775229,0.5418005820285517,0.6192757817346526,0.7405384133063384,0.7247975250582852,0.4975308949703045,0.6904899947228955,0.47494232680234105,0.654321589690362,0.5952683723131329,0.5032548185821204,0.8189130055388696,0.49793411753795436,0.8127145414289851,0.5540510562625025,0.6919513433986031,0.674737223719275,0.0,0.0,0.20964671018379794,0.3527146820369471,0.4843129450078374,0.5456221469982392,0.7633050091516764,0.5699975307121805,0.7931655439951109,0.7575328294000778,0.37948242503170115,0.4532889708329427,0.4756801584014618,0.7326471802257739,0.6826255690381627,0.24614409322923517,0.0,0.0,0.0,0.29343501543466133,0.6481694069055033,0.45524962040607386,0.09885167723302136,0.8039906055122553,0.0,0.6287466996343234,0.3456037376575828,0.8314932054851446,0.7612767119031382,0.6102822751852821,0.7078841561040485,0.7683889216711877
0.0,0.34876251495875343,0.543648787411713,0.0,0.28897599367058074,0.6189576580488817,0.28208709423431244,1.057681153706341,0.597794977452198,0.27755474165058175,0.5420705373178794,0.4786519539363887,0.6759508219249823,0.7519683387591208,0.5767741339093045,0.06717959956355743,0.5856249153426533,0.4622816996354051,0.5561588465367997,0.5894987328371836,0.3890868460194916,0.5155242808347962,0.7757217423613674,0.2614093246286837,0.8767254619001066,0.5897143162018437,0.6990402890279426,0.41229506783496217,0.45017238620516836,0.5150912444301031,0.47956139995072194,0.22378526136164564,0.16937155121674916,0.11362684189306158,0.2683962356711539,0.3911889281018005,0.3078766452260651,0.2858547680780974,0.17664954270558283,0.31839335864274054,0.3878704226102565,0.29599851498255814,0.25009301505717163,0.2435433582125589,0.0,0.0,0.0,0.4107476586376602,0.0,0.0,0.5886293653597083,0.0,0.4619407889824857,-0.01437777319569377,0.0,0.18398752700472742,0.49434147783579174,0.4555874550570856,0.0,0.0,0.0,0.0,0.0,0.0,0.0,0.0,0.48778287128977216,0.6083862631045256,0.0,0.0,0.0,0.5202878370440825,0.5465381814782613,0.5837680945443628,0.0,0.0
0.4121339691931296,0.44737317444731883,0.49386194754953755,0.28897599367058074,0.0,0.3788382266633813,0.5104331875988044,0.45994090794222775,0.3037781894293574,0.6870659673522137,0.3574788875409223,0.2101716933038565,0.5607210316490423,0.46914527768255515,0.49431067451452515,0.6542332167126409,0.5771574760089708,0.3511219817897462,0.25808262289995204,0.532336158692694,0.5254834535352573,0.618262173568236,0.5414566787756904,0.4954082975594951,0.514840693216933,0.48515923824092366,0.46597796127792734,0.5762550944845479,0.919384408115352,0.45532209081473607,0.5097402234330959,0.2678222217685309,0.47878228976273063,0.4733907120815194,0.3515268961237753,0.3584203445888426,0.216904538689182,0.44333859579080226,0.5648101560576168,0.6935300930975822,0.5824333097001761,0.41007272126917294,0.4343361658495218,0.6501158633332383,0.2716451547825811,0.0,0.42684017246887573,0.36339785141147085,0.0,0.3221456042226891,0.7120280236630467,0.41235119806735343,0.5827671461089925,0.3344384977083861,0.0,0.49858507194465584,0.3674399016920143,0.6848358116216439,0.5666257479775214,0.26057731738238776,0.4557950506181254,0.0,0.0,0.38326774902997796,0.33044921835814367,0.4904244916553344,0.34302052741594924,0.6129985564383621,0.0,0.4997764902878622,0.5766040378747448,0.6742976975769484,0.7333769126634739,0.7036512352827576,0.0,0.5403354516620005
0.6009019286178606,0.5485449131688953,0.9255478596989832,0.6189576580488817,0.3788382266633813,0.0,0.6882505044847255,0.740855066157723,0.5894931870049115,0.6909314774654614,0.3673351368234693,0.8985357144900383,0.8209692300673868,0.6738448832372099,0.7355229977464408,0.7158878795278211,0.5703905140670815,0.6574640709846719,0.6578226312403328,0.4959737888749447,0.7437417103863626,0.5682920785019323,0.8018874707443047,0.766841874537364,0.6907218624660363,0.7939888972718512,0.6778528710327294,0.8722728441606158,0.6784547125415967,0.7369407242248485,0.817393678211189,0.6102068311124775,0.66176008078938,0.6462344287669768,0.6761551653234926,0.7181463343699119,0.7281427364778598,0.5551050839758565,0.8564290648966528,0.32136277670505686,0.6892938239331976,0.32247355961866453,0.9567758927763012,0.9188344686801111,0.19786192498659688,0.6323446257639573,0.7477895594937675,0.804205482930591,0.5622532123031113,0.6057127867003422,0.8386646368640502,0.7938443509263808,0.889195118625615,0.801845796733998,0.7207167986264864,0.7741156890071828,1.1769483669448353,0.8322249424519679,0.8864453726925686,0.8531385702593214,0.9473036440215639,0.0,0.9984652542002024,0.6131935814129928,0.9281140765251832,0.6092224385272257,0.7838483111156594,0.7719673965091362,0.585350355387321,0.8056553885543833,0.7336670960238784,0.8485328122428041,0.7528264335912862,0.7572785246138993,0.7657404975503546,0.7678132158767597
0.9321825575617158,0.49759812100409945,0.629855762334692,0.28208709423431244,0.5104331875988044,0.6882505044847255,0.0,0.5751343031667372,0.5011612522727322,0.5131184647809199,0.42603651352694794,0.3146878111604577,0.8743769511890562,0.3714398238910883,0.8256377473197911,0.7032428524688847,0.6338512360840268,0.6613341009966516,0.45617301704399205,0.6394800248344092,0.7148651728143168,0.6299629928206745,0.7042943257540691,0.2565306435200171,0.6411000350179705,0.6643257129189417,0.6390702331955502,0.9015202677560964,0.822896876889489,0.43684436274991795,0.6684959803042956,0.492417568809128,0.44176077392352875,0.5169921493647507,0.030605415912221434,0.575373648238691,0.21477094491141852,0.3715571675467149,0.9356688759876521,0.4389077378637818,0.579941003361699,0.5051089785594112,0.4794643233484463,0.8531322310623022,0.34871999338589665,0.0,0.6036489180823938,0.5050781604164502,0.0,0.767917372734854,0.7403504869470257,0.7112023329530919,0.6953531849557499,0.6835385667117487,0.5839981111499741,0.20143360822186285,0.43366504764351266,0.6701108333345764,0.3543101288893121,0.7652940412520245,0.596807494998753,0.0,0.5476745246589447,0.08247637717266273,0.9389145026086718,0.5031647172830926,0.6172413918341539,0.6841402152407225,0.4700581418522233,0.6165220738878108,0.7560392472920903,0.7002915195564414,0.7519249733583293,0.7103416798326563,0.7749916239939174,0.6934116572871558
0.7517277669826289,0.7963882326669403,0.637244139118804,1.057681153706341,0.45994090794222775,0.740855066157723,0.5751343031667372,0.0,0.518912097558712,0.8626505667283864,0.6876842415115382,0.9345109458397212,0.6594476218335075,0.9194847809037094,0.5791402456756013,0.8543774515442304,0.45830552797327206,0.8530192313807936,0.49635988066640674,0.5855993679543146,0.8240938682298052,0.5414840121206133,0.8502360319584342,0.6823307943611803,0.9433544298353365,0.8932170250552316,0.7923743052476918,0.7490556359512479,0.5560702075467684,0.6994360712136782,0.6979247055063941,0.9220264825249662,0.9843919158392314,0.6270870185799803,0.5435942641312816,0.5375911230682835,0.8139011004645191,0.5649940484415134,0.8253593279072087,0.4084851830980244,0.395963855384207,0.4690970890817942,0.9055140498736673,0.4434317618646136,0.0,0.5426611697218278,0.3109184176261314,0.6701871767585923,0.0,0.6452480146412942,0.8971524281176692,0.6458829800818278,0.8595889593712873,0.6517727514399227,0.8181522933445047,0.6923387267476824,0.9600421056985606,0.7084492677691183,0.9683484552232106,0.8060816583835446,0.372779401785363,0.0,0.6402612484611638,0.5895652321007666,0.7606115753648177,0.5572441706380309,0.44805609934857293,0.8249484172555519,0.0,0.4760905189249062,0.3652046709548334,0.9412541590347892,0.7224159952704937,0.8447334241048814,0.5362799661964475,0.6705415367761989
0.4549395441128712,0.4586996338578211,0.5626247363699416,0.597794977452198,0.3037781894293574,0.5894931870049115,0.5011612522727322,0.518912097558712,0.0,0.6426530931291662,0.37962149882650054,0.5909961550165967,0.4876727915007666,0.40528145867859916,0.6506768853136864,0.6762443868925462,0.5158288081064344,0.5738000066846185,0.46685585916118955,0.5478181444358498,0.6448545697032126,0.6673798645648445,0.6739326976858107,0.5659901334504136,0.5596071940694205,0.5608089372187516,0.7161986294278695,0.6456498605542598,0.6069222467795854,0.5726794134838731,0.6510252978799641,0.6455072783810056,0.4129379053395403,0.6334934347626867,0.5631926282405832,0.4875195031146661,0.5979726972843634,0.6726344098978136,0.5448479406734479,0.5354509755316078,0.08484537350071039,0.2701647378640093,0.4715670724953847,0.4188868185344208,0.28573751731494346,0.0,0.5186301922660175,0.6484777132767046,0.48541843167730936,0.5142710616553714,0.7827050948518783,0.6406894625791159,0.6306087334709258,0.5790972071916749,0.22241363798329633,0.1786977230680457,0.47231860745110404,0.5958354542109077,0.6072483262578785,1.249583455894171,0.6835248621226311,0.0,0.0,0.49235629438086687,1.1405137145440756,0.6926481239898301,0.5716012423048773,0.6710834133775486,0.3343395822322022,0.562117479170868,0.5595877853521999,0.7148205779046573,0.534356349649241,0.7315997445116487,0.4998059816661868,0.814234714082003
0.8013394034764042,0.6226806702000349,0.6535348289694729,0.27755474165058175,0.6870659673522137,0.6909314774654614,0.5131184647809199,0.8626505667283864,0.6426530931291662,0.0,0.48630278441824654,0.7367640813394182,0.7267858883619746,0.7707871966374382,0.9088342896722497,0.681810962116995,0.7719650910497315,0.6010209553785342,0.46550377990776587,0.779053752141417,0.9319535887795105,0.621005870471759,0.7114480898873417,0.722342875740702,1.1161621525910683,0.9720401614192156,0.5296844823536961,0.8630721710254889,0.6727828570305271,0.3531387430320347,0.8273067964678519,0.36539160588509867,1.0978059537589968,1.1229380079734672,1.131003898046354,0.47430697072789163,0.5569273945336828,1.004712351676494,0.9380977268999227,0.8759639541890611,0.9842318365738014,0.38652022085657933,0.32926769242497794,0.34643402585251354,0.7708064792093381,0.6522669224575297,0.48286404452917175,0.1687651871546056,0.49874294584619916,0.45337335368627607,0.6653219239677564,0.43796688762699876,0.5682690849854831,0.22307091854936512,0.7547544989844335,0.4436396472173967,0.7668596699915395,0.9183669378925806,0.0,0.9084950635155105,0.9724933667144754,0.6542877421375533,0.8765950735702426,0.4771637225718096,0.4701416423278325,0.5526359942209039,0.32518458771782055,0.8871533238796767,0.6339504003650942,0.8035788875247019,0.848109307428903,1.0118354494877209,0.7047940817388045,0.39629864337718285,0.0,1.013043592486577
0.47351824198733383,0.31981993130529573,0.5152158333053691,0.5420705373178794,0.3574788875409223,0.3673351368234693,0.42603651352694794,0.6876842415115382,0.37962149882650054,0.48630278441824654,0.0,0.4402321606280505,0.3509039467597827,0.720701104022859,0.0,0.5215250164790672,0.5721892200112386,0.49540936215740017,0.23606198988970936,0.45352476876998093,0.7197707687537171,0.39196736159188994,0.28066709151398056,0.5037622761324521,0.5535388984524228,0.5971291274934538,0.7364935281723368,0.4271280607274865,0.15977727478131512,0.5479631985614684,0.4066519796726599,0.6107270212449369,0.0839145658263813,0.46098399527650685,0.31102372814746204,0.7016601593335804,0.5075098876933588,0.4004297926443073,0.5283096300364885,0.5465804501010861,0.5458992718391495,0.2825624545395977,0.6777630924988215,0.5671979551547808,0.196739837788981,0.0,0.0,0.6381520097275819,0.4694582828869039,0.2668832914312808,0.7952822218834903,0.38225736509564323,0.6712690111171236,0.4028442196970642,0.5125107600178931,0.2563198497020495,0.42918325001331153,0.5309881254773565,0.7567325005175298,0.0,0.0,0.0,0.0,0.15476294192685175,0.36545642601604944,0.0,0.6744713618767002,0.7142535181295837,0.0,0.0,0.9619065885784284,0.851051072430099,0.4765822460469405,0.35772959610577615,0.0,0.4362786300491037
0.8560248416597249,0.41982702976300174,0.5478355518499896,0.4786519539363887,0.2101716933038565,0.8985357144900383,0.3146878111604577,0.9345109458397212,0.5909961550165967,0.7367640813394182,0.4402321606280505,0.0,0.5312669093528584,0.6319100409184046,0.4063403908494736,0.6098234335317767,0.8999802124571152,0.8770872454737162,0.4318300257561952,0.5351557126895258,0.8157259142116667,0.4486568874965218,0.8663803593826553,0.7510189630595315,1.1142819966542787,0.8346002804049879,0.8564811835420267,0.7524124051402485,0.6300329692962732,0.30347780069414837,0.550206324699593,0.18732970702870072,0.6299351539867595,0.7528321994156537,0.8533674674271606,0.3691923956158647,0.5233765186635979,0.5435383604563297,0.36170589207921966,0.8802114664132212,0.9412256034362442,0.3687290724068192,0.4258554916387732,0.46751601229625467,0.7352070216608011,0.4393415817936065,0.5664127845757971,0.2910953128706609,0.19262587237510476,0.2970150871548858,0.3245783996840733,0.507624116751538,0.22510718204444344,0.42843478873290086,0.8353715457974005,0.25357844084482833,0.7602514027979606,0.9811880218909788,0.7177165538000274,0.636743848071137,0.5404956790896671,0.788310045971785,1.0466828657527718,0.33209704896614745,0.7648255581539873,0.7744250766454347,0.38588094469539225,0.5234485076107575,0.6612378877443343,0.9273401093835876,0.9192895879926788,0.34274589332696426,0.9900158709253813,0.5438067556732294,0.0,0.9942078546829096
0.9556391209469692,0.5201666304681225,0.6760758931034925,0.6759508219249823,0.5607210316490423,0.8209692300673868,0.8743769511890562,0.6594476218335075,0.4876727915007666,0.7267858883619746,0.3509039467597827,0.5312669093528584,0.0,0.5417361322247427,0.7441471088638095,0.747388958115723,0.5793790864031922,0.7472369602082685,0.4703170315677284,0.7379412598886059,0.7350578971955293,0.6334340034464501,0.7777793981700052,0.32265093952443313,0.78262247833932,0.7193953825899013,0.7212907122486455,0.790326366234932,0.9127071429257614,0.7877202992589996,0.5865033343336566,0.6236377897282608,0.4591362092752081,0.5866569697067947,0.5691191846858822,0.8066842077745526,0.6564309074002027,0.5186350388529049,0.7157353029447211,0.536883949495695,0.7195801744980801,0.3047646102935311,0.6604974916801267,0.5179637188973419,0.44255351855465197,0.6459362991672415,0.8748717445498642,0.7145937383323564,0.0,0.8819263680582234,0.7550399130094356,0.6748807576240388,0.6820850091192533,0.7587209192137572,0.5634349180805673,0.13482471709175303,0.27494182692782326,0.8400820930797732,0.42288681642753334,0.7937494184433653,0.7941290089390749,0.40140632763831874,0.5553277007128712,0.6471012966142435,0.8673093978740861,0.9341038831519799,0.9385304488780251,0.7365157529127747,0.4863008235953668,0.8917315022948387,0.7856146603697445,0.8045552303413094,0.7987481273177519,0.8146810827805546,0.5462033825470942,0.7884119752098109
0.7447739649190279,0.5269333945653473,0.6608768264965217,0.7519683387591208,0.46914527768255515,0.6738448832372099,0.3714398238910883,0.9194847809037094,0.40528145867859916,0.7707871966374382,0.720701104022859,0.6319100409184046,0.5417361322247427,0.0,0.4767032111390742,0.5621376668902711,0.48893047155092084,0.4815370679980775,0.5537939699975207,0.3727252034111861,0.7475719107917741,0.26713648525649525,0.8611372767984307,0.8921617830780444,0.48665041774702633,0.8812820070267798,0.82791066196805,0.3789978346338718,0.37285829616648997,0.8301607017434762,0.40433672842085067,0.3105415213038391,0.23257644097813734,0.8526660320244365,0.7269022667528741,0.37212648208750937,0.3151552970669445,0.40317820842924473,0.6924152193066362,0.0,0.7064664202966742,0.8533326983827922,0.7225958780625236,0.48354297191314666,0.0,0.0,0.0,0.7751262557188681,0.0,0.5832518115884942,0.6698219668138174,0.4622229602413416,0.5928067923594453,0.6690455466917293,0.0,0.5813678161684277,0.403336513616431,0.7510363676502498,0.7331196562600291,0.0,0.0,0.0,0.0,0.443119743331167,0.0,0.0,0.0,0.7225323287884455,0.0,0.0,0.0,-1.425884503336583e-05,0.9479705725944858,0.0,0.0,0.0
0.6299374162811694,0.6870714811982213,0.32469328234385897,0.5767741339093045,0.49431067451452515,0.7355229977464408,0.8256377473197911,0.5791402456756013,0.6506768853136864,0.9088342896722497,0.0,0.4063403908494736,0.7441471088638095,0.4767032111390742,0.0,0.685716080304801,0.3996885826590292,0.7000316387803149,0.0,0.6519919727489348,0.5759016105874137,0.44779986315261033,0.5685353219601466,0.6589342929653655,0.6732567649602696,0.5135886251923438,0.34859482370871564,0.5864556937498631,0.5158227256110104,0.5979916240147011,0.5910162229120867,0.4598587489769045,0.6496771825463581,0.4952287565616932,0.6150853675396304,0.7002122088501437,0.6152876720519389,0.37617168140082724,0.5539049352971249,0.6841234840077508,0.5817830564112101,0.3519278113190518,0.8075419095391949,0.5930888349472816,0.0,0.5650726906757103,0.5751693507139558,0.47801478579931295,0.0,0.0,0.6741613674806028,0.7183332867969359,0.7090113663278481,0.5648809516057431,0.0,0.0,0.6995275370318434,0.8194935893977384,0.47281981710137777,0.7163501428556722,0.7577983057557247,0.6361684409961739,0.9721144560253314,0.0,0.7973536112287727,0.7272729625834062,0.7417253892579383,0.8850903136378706,0.45110942392054915,0.8473624658627212,0.6039801183933938,0.7638229519253625,0.44508466324621043,0.7550424649577452,0.5287602317383673,0.5514962656864899
1.035008909901011,0.8196167967928177,0.4524120273838945,0.06717959956355743,0.6542332167126409,0.7158878795278211,0.7032428524688847,0.8543774515442304,0.6762443868925462,0.681810962116995,0.5215250164790672,0.6098234335317767,0.747388958115723,0.5621376668902711,0.685716080304801,0.0,0.6298249775143361,0.5882510627821045,0.4519165711985887,0.4918309968559548,0.7897492495823036,0.6461067719784799,0.7851553580713403,0.8294387171804957,0.9213344399788492,0.9365672341074445,0.7313529701387504,0.7058093583825635,0.6368948256542769,0.6780984057864655,0.7714823196124492,0.6456576844816226,0.5709038192111904,0.5333942881077417,0.7969030984285096,0.6828974144198388,0.40363237582893674,0.6137723745933381,1.0163038762019214,1.027837279336384,1.082473880106706,1.0279671106669883,0.46472290801363925,0.0,0.0,0.8261094194283092,1.0052260220067257,0.0,0.0,0.0,0.570769018286211,0.6014983736234683,0.7989478113423758,0.0,1.0564518721525264,0.0,0.45649910779212377,0.6231112895205599,0.0,0.7420964048356439,1.0776488225786083,1.1073479654363472,1.187860780258456,0.0,0.7576490805426226,0.7616095522947959,0.8474667639622486,0.8991656943113471,0.39945021289321003,1.1545943223926416,1.0318711202378872,0.9465428975114967,0.6096397004328897,1.0488671761954111,0.0,0.9543401008106169
0.5758314575649333,0.916625742048377,0.811312439603895,0.5856249153426533,0.5771574760089708,0.5703905140670815,0.6338512360840268,0.45830552797327206,0.5158288081064344,0.7719650910497315,0.5721892200112386,0.8999802124571152,0.5793790864031922,0.48893047155092084,0.3996885826590292,0.6298249775143361,0.0,0.781088199650394,0.7221183891783256,0.5342353571595826,0.5852588131848084,0.8303701816074978,0.8744594598926905,0.8215634793904241,0.7134299294315134,0.9230059120344782,0.5389403521474608,0.8660494524954099,0.5253611518683464,1.1088837583974147,0.6283626403217628,0.46155106960735914,0.7314795865037134,0.8461149312927976,1.0060547462823894,0.5863721376285508,0.23998497259127968,0.6781336155372345,0.5511137981572318,0.8337001057241445,0.905052298801734,0.5404399705814031,0.0,0.0,0.6882258126425496,1.1174565718003469,0.5487432776294238,0.0,0.0,0.0,0.0,0.0,0.0,0.0,0.8813024777805123,0.0,0.7728068614952543,0.3059109268207072,0.0,0.7786484219859575,0.4075172444756868,0.9106097649185426,0.9247179122859708,0.0,0.0,0.0,0.5450281948917168,0.0,0.8012359302180185,1.0352495274649942,1.0322663066750755,0.0,0.3073067557903719,0.482707031483389,0.0,1.0001187774072737
0.8642399393371036,0.9105610467533704,0.5063425772353946,0.4622816996354051,0.3511219817897462,0.6574640709846719,0.6613341009966516,0.8530192313807936,0.5738000066846185,0.6010209553785342,0.49540936215740017,0.8770872454737162,0.7472369602082685,0.4815370679980775,0.7000316387803149,0.5882510627821045,0.781088199650394,0.0,0.5031502364819694,0.5984150729167395,0.931760417545096,0.7811432569047387,1.022730380833515,0.7906271236520752,0.8957437029195643,0.7196652096701636,0.7946942099679928,0.7052938801713766,0.6066621033618416,0.6365995589465105,0.7647396220136866,0.5531813289234877,0.6495523589007663,0.8683040663754815,0.867581574177557,0.614302367939393,0.2596382100249249,0.5906994898388767,0.9399791629013076,1.0134377350291064,1.0042201243556086,1.0639093634079877,0.0,0.0,0.5689278570525862,0.9132961344274046,0.9912271360373826,0.0,0.0,0.0,0.5208020395447165,0.5804852618861744,0.8557983704952246,0.0,1.062997249180937,0.0,1.0511931595399053,0.5380527662837582,0.0,0.7543854578298972,1.1287895928157856,1.0390424373375964,1.0111468488024666,0.0,0.8313206164667165,0.6488154841007174,0.8599151504160532,1.0411497256405113,0.8613616604185943,1.0639328037159403,1.0856374008262895,0.48315925288526307,0.6404431573650355,0.853283349278776,0.0,1.0712199649255623
0.0,0.6451076455046845,0.6156479528531639,0.5561588465367997,0.25808262289995204,0.6578226312403328,0.45617301704399205,0.49635988066640674,0.46685585916118955,0.46550377990776587,0.23606198988970936,0.4318300257561952,0.4703170315677284,0.5537939699975207,0.0,0.4519165711985887,0.7221183891783256,0.5031502364819694,0.0,0.5562404791536316,1.2699939518525896,0.7002363696286047,0.14456952190676273,0.500075406767419,0.5273986780695543,0.5358631239889675,0.9449505700529948,0.5520453050527061,0.5604561428050594,0.6126314511361681,0.5612533574849015,0.5841178401064286,0.5151524202369108,0.5333415434332782,0.35344498331434926,0.5490020169391503,0.4660110351452179,0.3330512082455986,0.6859180186594351,0.3991816323089197,0.44578761176110615,0.38762812653535994,0.6235252367610067,0.34738926481672205,0.4073849315114225,0.0,0.0,0.7299245553771883,0.0,0.42933435465932374,0.7395897878233975,0.4571760944172061,0.609352822989873,0.6268767650650169,0.9389259331888646,0.12479505821569381,0.5749215418153255,0.6087228653332655,0.5064622006247652,0.0,0.0,0.0,0.0,0.7220848901796818,0.4764286983991022,0.0,0.49354286512961143,0.7218429462554252,0.0,0.0,0.0,0.7523231949235927,0.7134182265403071,0.46524305103027547,0.4792246775423133,0.5646612207385397
0.559064266372479,0.4587468733121033,0.39480235896855626,0.5894987328371836,0.532336158692694,0.4959737888749447,0.6394800248344092,0.5855993679543146,0.5478181444358498,0.779053752141417,0.45352476876998093,0.5351557126895258,0.7379412598886059,0.3727252034111861,0.6519919727489348,0.4918309968559548,0.5342353571595826,0.5984150729167395,0.5562404791536316,0.0,0.5055184184682594,0.4637208870622812,0.27556103326889136,0.7876811701032338,0.7063686427046669,0.586520560570998,0.5511908345451607,0.5451653386206972,0.6311916530960063,0.9577728239725416,0.4433108217661184,0.3924293458058155,0.4439235633199725,0.39692910411261284,0.508969336568946,0.7640206239708623,0.47951629125956896,0.8232335458128558,0.6029832354586073,0.591200110760318,0.5920388117588286,0.33415063186022015,0.48112001126348586,0.24694191993651557,0.22380197282943515,0.5371720560422981,0.6991055150145244,0.5013326143571675,0.0,0.0,0.6448048690970418,0.9042791788455433,0.6570431163740931,0.44421572785786956,0.9395304484785789,0.0,0.6062482700032871,0.7708822688542032,0.0,0.7503172292648765,0.7758220386089962,0.4628748243194205,0.8390399059049207,0.0,0.5763921476786081,0.3923374380990959,0.6282976681082382,0.793589837095672,0.0,1.0329168347114597,0.5502697270133388,0.7357062512286721,0.6968644552970538,0.7136261212629516,0.4764247335669989,0.5498278099586943
0.45725365407616203,0.8371998415206612,0.77042043194848,0.3890868460194916,0.5254834535352573,0.7437417103863626,0.7148651728143168,0.8240938682298052,0.6448545697032126,0.9319535887795105,0.7197707687537171,0.8157259142116667,0.7350578971955293,0.7475719107917741,0.5759016105874137,0.7897492495823036,0.5852588131848084,0.931760417545096,1.2699939518525896,0.5055184184682594,0.0,0.5292872295371271,0.7122401023076639,0.510000629620019,0.8156508794611268,0.6191669084717484,0.5988233467978219,0.7090465222171508,0.5443032397150487,0.7052947493302854,0.606452753918739,0.5124765547810892,0.64478331140371,0.48047653312489313,0.669654822133332,0.8322618708794585,0.360637136030425,0.8295147062803283,0.6012772468366465,0.6887750162392261,0.5473552341087465,0.5310029194150772,0.6334370921229568,0.0,0.0,0.6746109124443894,0.7136647640712741,0.6633186842037035,0.0,0.0,0.7791806975310287,0.4451092179158346,0.7134923019664816,0.5636339110309732,0.5951215900561729,0.0,0.7404039574871345,0.8721203233656345,0.0,0.7925550130671535,0.8334594697296895,0.0,1.223238684641454,0.0,0.6946931602417447,0.8937723085552094,0.611248599249779,0.8574338585379613,0.8187182895606027,0.8518757098434704,0.8812444735433054,0.760239833293443,0.8737906988051203,0.9016259149573964,0.44830146385391634,0.4524088199118165
0.8155915803913354,0.933446489905307,0.5587270136433655,0.5155242808347962,0.618262173568236,0.5682920785019323,0.6299629928206745,0.5414840121206133,0.6673798645648445,0.621005870471759,0.39196736159188994,0.4486568874965218,0.6334340034464501,0.26713648525649525,0.44779986315261033,0.6461067719784799,0.8303701816074978,0.7811432569047387,0.7002363696286047,0.4637208870622812,0.5292872295371271,0.0,0.581550060951025,0.9437387438175282,0.9606414027269101,0.864060156721698,0.4193961201386597,0.6511348433997124,0.45802080164419395,0.7432219995016215,0.4643697160347121,0.5356898740847699,0.5401243450189003,0.45319786755829317,0.5980204409506527,0.6088441901845584,0.6591196762819895,0.6123865384711967,0.5781038110139853,0.4973109867309865,0.6256161781094167,0.4308973212428211,0.3428087607080782,0.3621345767286746,0.2531450143038094,0.8396973073621434,0.8087531649469262,0.5816402704987043,0.47914210588570155,0.24664547564973927,0.8064553742327656,0.6993147966955793,0.6017569049277618,0.6538638562063974,0.43031032323131524,0.0,0.5538397445774872,0.8011728828583948,0.0,0.7016155234371995,0.8505705322965211,0.4086491085077245,0.9990679094266839,0.0,0.6156223108464534,0.7227022523245453,0.6494913885632669,0.7376284672197078,0.7430671657985038,0.9748523199409089,0.7130903336118538,0.6975545290142364,0.30341998103272616,0.7828890403414008,0.5601560709785998,0.7597959066646334
0.6891208571418389,0.7331600290420743,0.5977700268855553,0.7757217423613674,0.5414566787756904,0.8018874707443047,0.7042943257540691,0.8502360319584342,0.6739326976858107,0.7114480898873417,0.28066709151398056,0.8663803593826553,0.7777793981700052,0.8611372767984307,0.5685353219601466,0.7851553580713403,0.8744594598926905,1.022730380833515,0.14456952190676273,0.27556103326889136,0.7122401023076639,0.581550060951025,0.0,0.6313766309864491,1.0037782544060778,0.7704451847752891,0.6534723952529449,0.6769719179584123,0.593021284672533,0.6446560141839501,0.7011738688842447,0.6349186406817545,0.651906141456529,0.6460946033445392,0.6276527552788627,0.7776441625386782,0.7397235401461748,0.812428751715639,0.7902983055112468,0.8080100971797857,0.7477593413369729,0.18644989607490897,0.9374810801031652,0.8526555165619246,0.5913178675493309,0.5265682667598276,0.9338910845899153,0.7147777420444137,0.44203006365572567,0.7574712450162494,0.8498019484232093,0.7707309867069608,0.8806303331743188,0.7729481207341045,0.6403672630240256,0.7234341164774127,1.0027628639118253,0.7538998857037995,0.9187593416010513,0.9151739267506014,1.0302672210273156,0.47014164232783173,1.316379577025709,0.7357111272766224,0.8191654161210887,0.8293004721676115,0.8454846975140788,0.8269545250422037,0.2495485567299889,1.1148782112088695,0.7664778556051025,0.7780375731833475,0.7236264320434846,0.7784352874058529,0.8442417341194386,0.7057759193539497
0.5989296134630259,0.3639996242632608,0.39948278043734203,0.2614093246286837,0.4954082975594951,0.766841874537364,0.2565306435200171,0.6823307943611803,0.5659901334504136,0.722342875740702,0.5037622761324521,0.7510189630595315,0.32265093952443313,0.8921617830780444,0.6589342929653655,0.8294387171804957,0.8215634793904241,0.7906271236520752,0.500075406767419,0.7876811701032338,0.510000629620019,0.9437387438175282,0.6313766309864491,0.0,0.8458805867971801,0.7525861604295715,0.68194375428337,0.35075283356418496,0.7697065340595131,0.8118082987312281,0.7843568693151048,0.28129738787164194,0.4088352801643981,0.7774510766939338,1.0091770077043702,0.3780952249933267,0.32487644725143033,0.5647249019227147,1.0564710864426143,1.0781955992244199,0.8928776127408908,0.6169630479409296,0.5754528060289312,0.36153565257791326,0.8110938199613712,0.6816322364106927,0.46222202112241356,0.0,0.0,0.45476894902077064,0.5649952603148718,0.2889901972696952,0.0,0.027828304349382035,0.6984284208444305,0.5536229940135426,0.6831416033046513,0.699487645872557,0.0,0.20520370605005972,0.9846103959943229,0.7668447824265483,0.9565336104263178,0.4832461990157564,0.3054354052375414,0.4221430785383419,0.12906496462193542,0.8256778122449173,0.3987342423223734,0.9371867935229081,0.9378863991988126,0.49958181088284126,0.9019314421251824,0.6259221201259508,0.0,0.7519434519060104
0.7192078996846667,0.7381768167223407,0.4512176367134502,0.8767254619001066,0.514840693216933,0.6907218624660363,0.6411000350179705,0.9433544298353365,0.5596071940694205,1.1161621525910683,0.5535388984524228,1.1142819966542787,0.78262247833932,0.48665041774702633,0.6732567649602696,0.9213344399788492,0.7134299294315134,0.8957437029195643,0.5273986780695543,0.7063686427046669,0.8156508794611268,0.9606414027269101,1.0037782544060778,0.8458805867971801,0.0,0.4876703428998498,0.7311713509005403,0.7971471651917662,0.6877659989731049,0.75966944030949,0.7922192564068239,0.558808438186553,0.6844306362710562,0.817926112468137,0.9965148164782965,0.09247718998625279,0.591202269461567,0.8032523945547575,1.0522868431792318,1.0560720326558157,1.072119518956527,1.1222756240377258,0.09831344505924121,0.0,0.8747984900153079,0.9415561468186326,0.9510045673193062,0.0,0.0,0.0,0.8090930711895401,0.5489745130242205,1.1108340500668241,0.40847561817413064,1.0180439130288828,0.46265916200744084,1.0598453098346026,0.7718130201095765,0.0,0.728005978732917,1.0344179089217458,1.0021798259372865,1.037027458789634,0.0,0.9536727251027283,0.8945881918980891,0.8622144215596286,0.8671928346536186,0.8550616328496712,1.0846202631560695,1.0766919300763798,0.48726231342772075,1.071027001036172,0.7629407665030744,0.0,1.0333489641838502
0.9949830950534868,0.613570468117686,0.9973382292197378,0.5897143162018437,0.48515923824092366,0.7939888972718512,0.6643257129189417,0.8932170250552316,0.5608089372187516,0.9720401614192156,0.5971291274934538,0.8346002804049879,0.7193953825899013,0.8812820070267798,0.5135886251923438,0.9365672341074445,0.9230059120344782,0.7196652096701636,0.5358631239889675,0.586520560570998,0.6191669084717484,0.864060156721698,0.7704451847752891,0.7525861604295715,0.4876703428998498,0.0,0.7972796616646567,0.7956418956639164,0.5741225809394741,0.6739497661737486,0.6808865044915012,0.775709326712928,0.8241588037775309,0.7748550932343696,0.8186120600996605,0.7524054326224039,0.5118497009780671,0.8820702579411042,0.876580879995037,1.0321787295565867,1.0928640346731062,0.6078395642677994,0.7559274792869585,0.5416406779392628,0.9732018144533799,0.9249948767007246,0.9595469904460706,0.666516847877699,0.0,0.002427233945030487,0.7970577549724847,0.6112374719132592,0.9320409723508924,0.3844459957543923,0.9366541584663538,0.0,1.0254966212728887,0.8657982587342921,0.0,0.6852221333193387,1.041920863027826,0.9249267827086243,0.984753580065451,0.0,0.6835792677565213,0.9002686960185882,0.8045585792986906,0.7465264105318699,0.7640231435219647,1.0730904526128078,0.9826560944816862,0.7814700255539148,0.9587975802728621,0.8696522694887994,0.4737491806283072,0.9134083690859462
0.6668795270880773,0.5971933516248009,1.0373575532661519,0.6990402890279426,0.46597796127792734,0.6778528710327294,0.6390702331955502,0.7923743052476918,0.7161986294278695,0.5296844823536961,0.7364935281723368,0.8564811835420267,0.7212907122486455,0.82791066196805,0.34859482370871564,0.7313529701387504,0.5389403521474608,0.7946942099679928,0.9449505700529948,0.5511908345451607,0.5988233467978219,0.4193961201386597,0.6534723952529449,0.68194375428337,0.7311713509005403,0.7972796616646567,0.0,0.6898586789356642,0.4076382230101069,0.6460671777324771,0.6244719850150346,0.5816113912359344,0.6215457406766631,0.5445395145073681,0.6067429769730583,0.6674816000706568,0.8413370045009123,0.9833894129770604,0.7707896503377984,0.7118552256173014,0.6901585634905953,0.17718564250722413,0.9485441303381528,0.8898086397812857,0.4063363397575992,0.4525250333068345,0.6182868587499921,0.7525070960920566,0.4641767371459278,0.7535379273616416,0.8603513402948897,0.7321561306734942,0.7993429820550937,0.7633477279457028,0.7029488743247854,0.7404837909128799,0.9142664373691032,0.7699882735142614,0.8428485484303034,0.8202477973978112,0.9237636378449293,0.0,0.9534168223431596,0.7101524873387082,0.7748927232202613,0.6486713142378406,0.637180647469964,0.7776552636712899,0.0,0.9958780778358796,0.6938185341340862,0.8517020108013142,0.7121566302727613,0.7039112738273421,0.6846303619670211,0.7159846577429744
0.7478894871632746,0.5943027388760089,0.7232597569775229,0.41229506783496217,0.5762550944845479,0.8722728441606158,0.9015202677560964,0.7490556359512479,0.6456498605542598,0.8630721710254889,0.4271280607274865,0.7524124051402485,0.790326366234932,0.3789978346338718,0.5864556937498631,0.7058093583825635,0.8660494524954099,0.7052938801713766,0.5520453050527061,0.5451653386206972,0.7090465222171508,0.6511348433997124,0.6769719179584123,0.35075283356418496,0.7971471651917662,0.7956418956639164,0.6898586789356642,0.0,0.8096521889661263,0.6538161739411879,0.7788703633961029,0.6901587936450517,0.6446626401467531,0.7580303437851349,0.7815089334457697,0.35967241094232394,0.5208327754228326,0.7449552784906136,0.7248315788954125,0.3550530984961946,0.6152489631928008,0.24133295559983464,0.7653037461189331,0.37582484633603996,0.6716904440025654,0.6373779856985924,0.636167155526804,0.7991433519964783,0.0,0.8794576403791282,0.7921739398900007,0.7711475550876101,0.7692816185264442,0.7047183023949245,0.6659953596295451,0.25930177813079175,0.3209450360462417,0.7813360319831966,0.3361920886677485,0.844924717056429,0.9328749771677847,0.18347757064383896,0.5831277110098112,0.6893445087434336,0.8730866587308934,0.8419928449355301,0.9731964117680709,0.771727210084727,0.5436691459780718,0.9778336771022766,0.704542458040453,0.7921671271047184,0.678933076745325,0.7298719535472268,0.9876773519497278,0.7432729978000742
0.5567598289092629,0.400445855335906,0.5418005820285517,0.45017238620516836,0.919384408115352,0.6784547125415967,0.822896876889489,0.5560702075467684,0.6069222467795854,0.6727828570305271,0.15977727478131512,0.6300329692962732,0.9127071429257614,0.37285829616648997,0.5158227256110104,0.6368948256542769,0.5253611518683464,0.6066621033618416,0.5604561428050594,0.6311916530960063,0.5443032397150487,0.45802080164419395,0.593021284672533,0.7697065340595131,0.6877659989731049,0.5741225809394741,0.4076382230101069,0.8096521889661263,0.0,0.612435247343835,0.5802125433651646,0.5214436427485997,0.5274872401619528,0.4581967345047655,0.49482561434476136,0.6769823299400596,0.6722529565182354,0.5423216215354097,0.6860944323005644,0.7174078796226888,0.5883653540979902,0.41643100052591236,0.8255135732235924,0.5553993080647237,0.6243958414023627,0.4777349348161316,0.7442498632610415,0.5582916749304562,0.4484327911484963,0.6674020871449545,0.7337117929520179,0.7452421760949546,0.7341941427250558,0.5576423745931718,0.6363631210191216,0.4385397377218997,0.5569548918650388,0.732545848057996,0.7374339704233228,0.8011557987202801,0.9553974763290956,0.4807437728759543,0.9090948744055537,0.5119058836338657,0.6713740810390907,0.6731346383899326,0.7633642930283355,0.7620788748366542,0.5007956899169039,0.9834443499239753,0.8303743067238333,0.757989338098319,0.7305047027767904,0.7074100094081565,0.8222338007903274,0.5617224250281669
0.6929552446992002,0.4002790390224927,0.6192757817346526,0.5150912444301031,0.45532209081473607,0.7369407242248485,0.43684436274991795,0.6994360712136782,0.5726794134838731,0.3531387430320347,0.5479631985614684,0.30347780069414837,0.7877202992589996,0.8301607017434762,0.5979916240147011,0.6780984057864655,1.1088837583974147,0.6365995589465105,0.6126314511361681,0.9577728239725416,0.7052947493302854,0.7432219995016215,0.6446560141839501,0.8118082987312281,0.75966944030949,0.6739497661737486,0.6460671777324771,0.6538161739411879,0.612435247343835,0.0,0.6194550566441934,0.46428639727283344,0.45753886893469187,0.5390682670824314,0.5407138809253478,0.5340704721160598,0.27843829223541816,0.575121186547374,0.9000906119171955,0.4502435612277933,0.5243142647798931,0.7496547687739221,0.6151923511051981,0.08620621298956099,0.0,0.0,0.0,0.22868069989920742,0.0,0.0,0.6641867009861786,0.5342587065651312,0.4387566150238691,0.6409036111173074,0.5626462070316067,0.0,0.016953950957721967,0.656538244084374,0.0,0.7196027748370433,0.0,0.0,0.9918513439002583,0.9689126053270478,0.8729795958041378,0.5546366570491217,0.5724654805433854,0.7858852614574531,0.0,0.3826715271048599,0.48803119269814654,0.8099198629616511,0.8729432254354754,0.758359353060096,0.4536405349233316,0.41313770760444446
