0.0,0.03494806127062883,0.04294804517318418,0.0,0.000625737574934393,0.0179508562539914,0.05844474871867861,0.015408079026212773,0.0010040686849049907,0.04181911193854271,0.0023101055560520445,0.03736484920912153,0.040140968013034795,0.018870708291296112,0.012270626954141994,0.035261744116252935,0.023147110392280013,0.030569592496397513,0.0,-0.010643844718341733,0.00480869440106696,0.025225223955120613,0.006975382871124369,-0.00790757383825108,0.0277047848692194,0.03051056572255112,0.0003225832428705444,0.027413913211476904,-0.004742515773598688,0.00444875991571414,0.029182668023216563,0.018856960537962597,0.017947421130427854,0.04117135617404366,0.05432992933534975,0.0006983462662098483,9.544410284723082e-05,-0.007472953805758131,0.01291375393122951,0.02499948196485735,0.03768230244774956,0.012111476605465299,-4.7008762733780074e-05,0.0,-0.002629058212069324,0.005001466488296358,0.022425801067433415,0.0,0.0,0.0,0.01747056557936827,1.1102230246251565e-16,0.020834371245107286,0.0,0.014471036067078558,0.0,-0.005237835529886881,-0.001140878917406607,0.0,0.0005654642793258557,0.03686085941938483,-0.0035722995627184284,0.04630689357232454,0.0,-0.004448589267821823,-0.03582629410855753,0.01183983863913779,-0.0035675257504225177,-0.007038763479014443,0.03575407305792477,0.03401558846485064,-0.0038162612050138822,-0.00013475118144629095,-0.005878505335015216,0.0,0.019724000553984933
0.03494806127062883,0.0,-0.004276013340489326,-8.68290439351993e-05,-0.014100361524260141,0.0008079013178950989,-0.01014318972613426,0.019863375852457288,-0.002271189886720093,0.021532753331749255,-0.0005604746832335028,-0.0021007833177257296,-0.00912204357291413,0.0004526619891093153,0.005942812597407421,0.018643196893614933,0.03985282736447815,0.03201523972334541,0.0011591046333798705,-0.016131847933623045,0.028723827784556177,0.029278162175724043,0.005557634455555738,-0.008106570322642004,0.027756985760446717,0.012690098310335796,-0.0031178316002861695,0.004774541109475949,-0.01403914774720283,-0.004957770057561706,0.01381707137426258,0.028838850015157125,0.02738370854027644,0.03092136868637141,0.04347334333124786,0.07546356053264813,-0.0002085836606051661,0.0,0.022416947688074174,0.04218984747298171,0.04624043397114663,0.04174241240203996,0.0016419867638210461,0.0,2.220446049250313e-16,0.029986441127689112,0.028704368541090486,-8.39873860626339e-05,0.0,0.0,0.0067060241748451155,0.002098705349151686,0.0015934018154487584,-0.0002822527898098115,-0.0009813426507644385,0.0,-0.0015194077831081065,0.006780555634260554,0.0,0.014525220137858341,0.041031943751382915,0.00042766946469191547,0.05749571933155134,0.0,0.01519305462747883,0.034291730835553536,0.021185084023009226,0.022145484671998228,-0.0016749553558113028,0.04198442941943592,0.03269829858001766,0.01454116262441374,4.382808541480987e-05,0.020080209535492777,-1.1102230246251565e-16,0.030943106922480645
0.04294804517318418,-0.004276013340489326,0.0,-0.005538003544253267,-0.01697923630222109,0.040560154055291564,0.0020375270215384766,-0.012332431829303436,0.017218113460431173,0.0078556052986134,-0.015730762020365385,-0.0013697550896136224,0.0031210084417038764,-0.0011685323207936138,-0.002314958056797989,0.0003667890164205656,0.011932855485807414,-0.0031822333551587145,0.008143077333432558,-0.0013718579766273664,0.06633020835855125,-0.001662727149883636,-0.0010697932308945113,-0.002193991763291714,-0.013642438335769669,0.07092069762659253,0.06966857089892231,0.0059522057333473155,-0.01333339356582336,-0.000949218328311463,0.013810587680438746,0.01133213446581205,-0.0023365240736373805,0.004468822162830399,-0.01912022570370725,-0.0010774003780545383,0.005784647277690569,-0.0019047146648223934,0.029420192192726624,9.627599590888991e-07,0.05461323470360857,0.003797736452951228,0.0028496673585513554,0.0012966114549380348,0.0,0.0,-0.00040069130099534833,-0.06533532024152366,-1.0558293762397142e-05,0.0013364734655678667,0.022043190067189022,-0.009657219925220395,0.019819256570645316,0.012616889141259913,0.0011448318023026816,-0.05245601137248401,-0.0012461054407116867,0.021925536663762513,0.016278685607854393,-0.00019997208897887253,0.0,0.0,0.0,-0.07249001886954193,0.00012348516625731998,0.0003864797097498096,-0.0004840724120395157,0.023508878806494993,0.0,0.0001826118024234047,-0.0015616288126890088,0.02022178859652135,0.03556841423075907,-0.0007531587530469341,0.0017570518450666928,0.04283029785728387
0.0,-8.68290439351993e-05,-0.005538003544253267,0.0,-0.026086334686379525,0.004041095059254762,-0.021257091371759296,0.08616378331926444,-0.008769584067004121,-0.022971895682490057,-0.0025646447760624413,0.021617941811139962,0.02671699680177725,0.046311839878645344,-0.002366854779912053,-0.0007139615915662256,0.0011011789759290402,-4.8079186381000394e-05,-0.007376109104577033,0.0003689685857897196,-0.0005351266399432064,-0.003746638218279752,0.00962889777856002,0.00010137925903830336,0.0007380265308698508,0.0007645319661377381,0.006626109638155242,0.00019116798860058237,-0.0029464228706411744,0.0017953148230617777,-0.005185613342558848,-0.02306763075013546,-0.015767638781960636,-0.054516452017678296,-0.029819063712988036,0.013499290496345073,0.0011263517917743104,-0.007602920766606569,-0.008690279482538699,0.000732064781472308,0.0001823028698043072,-0.0012926978141271639,0.00013817025732698607,-0.0010482865992235135,0.0,0.0,0.0,-0.00017080712599654158,0.0,0.0,-5.4219706818625646e-05,2.220446049250313e-16,0.00011003562024264335,-0.0008930646710685886,5.551115123125783e-17,-0.0008180662109395498,-2.4832527692253414e-05,-0.00015258067513185258,0.0,0.0,0.0,0.0,0.0,0.0,0.0,0.0,9.701832200265104e-05,0.0010151978828338848,0.0,0.0,0.0,0.0015295751754071385,0.0011767141921738,-0.00012009128922441104,0.0,0.0
0.000625737574934393,-0.014100361524260141,-0.01697923630222109,-0.026086334686379525,0.0,-0.01998138763709356,-0.001934938824774246,-0.026741304145240063,-0.02284078712935561,0.004268919364730228,-0.016334128034887097,-0.04008939919996196,-0.012542827353173691,0.004289782326218905,-0.00029129100780406203,-0.0010416649056602667,-0.0023695040828045077,-0.01587456895881445,-0.045697195679439306,-0.010939391759721695,-0.00046218932328817575,0.0049831728458359925,-0.0028886224585529807,-0.004559248133774119,-0.010078072233449586,-0.0075907469926034254,-0.015141791279506989,0.001331851213976054,0.04261864716685404,-0.004692475808147467,-0.01419209742656552,-0.03302278149139104,-0.002976222013713725,-0.015794764728109978,-0.0232497830229621,-0.00383775581140966,-0.03630401877520914,-0.004705965402191037,0.008791320477431364,0.0008380780911051433,0.004928628836432802,0.0014393991774712123,-0.02207160794901314,0.0009326314278020331,3.644357592469394e-05,1.1102230246251565e-16,-1.854583997590309e-05,-0.04421643727028762,0.0,-0.047396189661694066,0.012283419635248372,-0.03368186739645179,0.0016748895818451959,-0.03578959487196243,5.551115123125783e-17,0.00017338591783394586,0.0013657771220506043,0.006627631736080386,0.004208637319920272,-0.0003813452421049246,-2.404456972587843e-05,0.0,-5.551115123125783e-17,-0.04281582453000676,0.0006323129585890652,0.00011517327218774076,-0.0012255831146901208,-0.0039788080842512175,0.0,3.086724670564589e-05,0.0008635432113578423,0.01377030455986572,0.018382239768923614,0.026753450537610746,1.1102230246251565e-16,0.0015453389385825522
0.0179508562539914,0.0008079013178950989,0.040560154055291564,0.004041095059254762,-0.01998138763709356,0.0,0.010122222922322344,0.017351642550628543,0.016468716972583286,0.010555962941268426,-0.024267732753491422,0.02180460035156062,0.023105889005352487,0.013151733593599113,0.009958763162555895,0.014105841936647656,0.004863040020094467,0.008292336613380136,0.005535320996721271,-0.00937436118680246,0.016377611870570075,0.005754991242660656,0.023729047920886426,0.05017319906796314,0.014438877228791724,0.017335984773848234,0.0055954668521044915,0.03196315194723903,0.028724340738028542,0.006328505114229943,0.018994042827533864,0.0026167018308039247,-0.005314457537426043,-0.0005769469099847213,0.005207328874533235,0.012370582310788691,0.017753634187518352,0.003784313986616661,0.03391957844460597,-0.004784221811201084,0.019348846648400753,-0.030454939851849216,0.04556248845372385,0.057680210514143904,-0.0019864165539504874,0.0016713265336664174,0.020420891509860095,0.025311981132188355,-0.00045996539338183373,0.020991350855408375,0.030601627197188064,0.020511453933544033,0.0300346802783803,0.020964377735365636,0.004644003431188537,0.02566359964948739,0.09285119216695514,0.0279379014341814,0.0497778772406941,0.030151768456629924,0.0467785349031703,0.0,0.04410765648656939,0.004491801728788158,0.04115809789654329,0.035098761656055466,0.014345332056310112,0.020751849532254174,0.00015083609981886292,0.04369740723697163,0.017821869844847626,0.03161586045045328,0.024595460264653646,0.017797756710543733,0.033822226198236605,0.026595148475149433
0.05844474871867861,-0.01014318972613426,0.0020375270215384766,-0.021257091371759296,-0.001934938824774246,0.010122222922322344,0.0,0.0024611897323105203,-0.016949564896803382,-0.008365436196943798,-0.027131284719843385,-0.01372274746826424,0.017806364750456105,-0.010801994236239731,0.035655263640399226,0.010091182890073103,0.0024200409430304437,0.006479295637999594,-0.023945567061462114,0.0058021988465681296,0.03685164816042297,0.0070124075675564446,0.012302740438417115,-0.02314192621943778,0.005992431095062312,-0.001202205111033805,0.008797983480766214,0.03736881962137606,0.025772839658606828,-0.008121165713115941,0.0094616771336416,-0.010205053314980006,-0.015469092336609813,0.003064921853685454,-0.04703265563848941,-0.0015129587380258713,-0.03303733150335003,-0.025365770508934127,0.054028971781349466,-0.0009736002342410899,0.017847550244560417,0.0056502163297484365,-0.013990208113633662,0.006777752898907752,-0.0013440992992406198,0.0,0.001943630699146437,0.0010351304848705833,0.0,0.03887274287815612,0.016298850524503417,0.012687492822273883,0.01902473653364839,0.0038893448136039233,0.0001987207184267481,-0.05423007361219068,0.0010921121577452952,0.02540160690934934,0.00045136023876413134,0.05197121075221528,0.0006501746760440019,0.0,8.786694790896554e-05,-0.09028597440125968,0.03917755345235202,0.0016532175478444766,0.0008320832751932961,0.009769187669192103,0.00014832317169005682,0.001020642806211558,0.018713505727584068,0.015338867762289321,0.02935409176732745,0.03431102322379154,0.00013997460843750975,0.02631807569390221
0.015408079026212773,0.019863375852457288,-0.012332431829303436,0.08616378331926444,-0.026741304145240063,0.017351642550628543,0.0024611897323105203,0.0,-0.026221154827918536,0.03670312113427937,0.020203797103724608,0.04058204090071982,0.004322297546268505,0.030916298277848864,0.004766269550609714,0.022689252560720463,-0.0007924429466621419,0.03674629547287611,-0.025643607103912502,0.009680878707687357,0.032354583974389395,-0.0008257799940531441,0.02821403707828951,0.022878314851797366,0.04885115265454493,0.03667367432733171,0.01998233885871553,0.01784794361081493,0.0044553538523993685,0.014085746982139713,0.011233527220327555,0.05270045063262857,0.08161940921083516,0.004460799299998486,0.00929360350816566,0.00124662916149898,0.09736213208628314,-0.0037775247947152146,0.025848309463303798,-0.0018779578848076572,-0.007615013192876108,-0.005553887102087929,0.07323275776523591,-0.001439465438962173,0.0,-0.0009939409802273702,-0.005453466110633631,-0.004240916448531085,0.0,0.010200530498705784,0.030781849412840068,-0.0021938606558818963,0.06831267370944644,0.003403739131326189,0.0006349852898550612,0.03265417406450838,1.267323719300606e-05,0.016036698760560797,0.07513876917282064,0.02549458752592404,-0.0007139324652474799,0.0,-0.00032122287793590054,-0.02063859613782071,0.007363113809118804,-0.01903240242944415,-0.005966332494740378,0.02697109999058339,-5.551115123125783e-17,0.00017093592976374916,-0.009401682869314587,0.0427248346364536,0.021995330082303532,0.02534914192699217,0.0025026470271292123,0.025543652630224623
0.0010040686849049907,-0.002271189886720093,0.017218113460431173,-0.008769584067004121,-0.02284078712935561,0.016468716972583286,-0.016949564896803382,-0.026221154827918536,0.0,-0.003182574581971298,-0.012613056712734438,-0.00510602424144474,-0.023298379134575387,-0.03212293369564906,0.003290319893122673,0.011217664192123167,0.0006433781635060698,-0.0013927919509593711,0.010399801803928965,-0.007641602501278877,0.032429578800368286,0.009916338622143972,0.006225002159787774,-0.0038506355922637847,-0.000690809337786813,-0.014735512645523197,0.024090720338532656,-0.003306865618539545,0.013233469884926297,-0.009316277275869533,-0.00024854986033295834,-0.0032954246594083525,-0.03423745967094388,-0.004600791895394529,-0.0077379700659664374,-0.023747475655772565,-0.0015378130062107531,-4.537741653937166e-05,-0.01640985464366318,0.0009180390479062717,-0.07626206206809044,-0.012263291694357747,-0.016075120608621207,-0.0030255496006693083,-0.002020535227191811,-5.551115123125783e-17,0.001333864855805833,-0.006107631191010099,5.072253830173956e-06,-0.025641713668476673,0.015388323457285136,-0.008126671886617864,-0.006447639948848005,-0.00973835691943925,-0.0002793989526669316,-0.09286051360685788,-0.0009175435900496409,0.004331140079370743,-0.006477143580599032,0.060048922687818584,-0.00019727518397577581,0.0,0.0,-0.028855726823710848,0.052796814332957354,0.002246958732793014,0.0005206560858629916,-2.3242281800728293e-05,-7.457862310511487e-05,-9.599594692094593e-05,0.029774958579151134,0.01486711037283217,0.00012083982147614858,0.019934628276304378,0.00036099287474533615,0.030543970322088443
0.04181911193854271,0.021532753331749255,0.0078556052986134,-0.022971895682490057,0.004268919364730228,0.010555962941268426,-0.008365436196943798,0.03670312113427937,-0.003182574581971298,0.0,-0.02515997067736142,0.025996783670893975,0.009655099964694602,0.038660774756757776,0.06936140464267976,0.01872519047751464,0.009344047707678493,0.0022003387518068074,-0.023584089116068574,0.04151487275103655,0.0463691869501785,0.016347316926349775,0.01840206340019429,0.021921360707685744,0.04687231325801383,0.04232734221425144,-0.0009770981335990303,0.02151759553966731,0.02498592281497708,-0.008192337383826798,0.010496358891465718,-0.004837738970739747,0.05075463642465389,0.05397206330205834,0.07177898396391613,-0.0009837368785992062,0.023427752228712517,0.06747368907667067,0.10469957940459862,0.06142961058388108,0.06538863983686172,0.0022454623101825777,-0.003264611037441967,0.0009305208452842773,0.04218846945297344,-0.0036025795630555413,-0.0013624613882987635,-8.330528662747749e-05,2.8800959912589352e-05,0.00026232495881262086,0.016102188770857673,-0.0012139047082596055,2.6700065993034983e-05,-0.002333587581247132,0.02840951549676818,0.001644050570016653,0.026698936021566033,0.039424987846516824,0.0,0.001054201971699753,0.041704151996414696,0.013769829352734408,0.044022142635158745,-9.46702644866182e-06,0.00015381525727536927,9.99854940318956e-05,-0.002473636222738995,0.02610246767186003,0.025541055507328103,0.03695311196948636,0.03510033389795969,0.038606506157000675,0.0305374377136704,-0.0014709419826556824,-5.551115123125783e-17,0.04998338274038561
0.0023101055560520445,-0.0005604746832335028,-0.015730762020365385,-0.0025646447760624413,-0.016334128034887097,-0.024267732753491422,-0.027131284719843385,0.020203797103724608,-0.012613056712734438,-0.02515997067736142,0.0,-0.01953314460109501,-0.03930593566405233,0.02614925662166606,0.0,0.00015276161969079993,-0.002679298622810855,-0.011622886549639111,-0.03766311091201277,-5.557122520688518e-05,0.013918701265952793,0.00058039843430302,-0.042771129476052216,-0.007670506803684918,-0.006985851206493532,-0.0032876248240233386,0.013618332799909982,-0.025758721980953747,-0.02781353490296362,0.000422095942090972,-0.03030989665214745,0.014494320244324566,-0.06050874819403135,-0.027501170357708438,-0.037638200690921164,0.02305616555591694,-0.02343120868467652,-0.03189573546402036,-0.007094936522809736,-0.00021907008319899113,0.0006458428619440792,-0.017047364267562426,0.01710999162729876,-0.0008328376551336447,-0.0004711363791897183,0.0,1.1102230246251565e-16,-0.00035507836090109546,9.821800773246459e-07,-0.04473323758949055,0.02774908576060775,-0.027478966373247926,0.010838332343972912,-0.06842909636760003,0.0006297065121210199,-0.06044839686362585,0.0012385085560072673,-0.007654041202402817,0.029154987738034044,5.551115123125783e-17,0.0,0.0,0.0,-0.11130624887666299,-0.0005626744652480475,0.0,-5.1231190141609595e-05,0.020956563090521185,5.551115123125783e-17,0.0,0.00014345039919860803,0.03301748571788765,-0.0028002146505910486,-0.0013463978141921018,0.0,-0.02062290286163282
0.03736484920912153,-0.0021007833177257296,-0.0013697550896136224,0.021617941811139962,-0.04008939919996196,0.02180460035156062,-0.01372274746826424,0.04058204090071982,-0.00510602424144474,0.025996783670893975,-0.01953314460109501,0.0,-0.004519342227536083,0.004726463619987853,-0.0003885028852622652,-0.0006309718930045949,0.020123012223174697,0.01657535422465617,-0.017062516618708945,0.0018052000354433217,0.02966445991905453,0.00015008429931434586,0.054511806138570096,0.027586723393820567,0.04931515557142946,0.05029613143060796,0.028583303182132813,0.02002907052946079,0.0042344627180366246,-0.0008946256422076027,-0.00018054413900270294,-0.02004125505258797,0.01265909495199169,0.026441829885653356,0.039842127868355726,-0.0004905977410796236,0.020855073787485134,0.03374585203604319,-0.03940057927213067,0.0721746989364489,0.09045924504878256,0.00895061006554232,-0.0027301093774350083,0.0018103307813017167,0.06413817405956596,-0.00718510989782617,0.0015725060763098209,-8.522914498326761e-05,-0.0007500280722042008,0.0003195621226022016,-0.0015220782715909542,0.001958358112051972,-0.0008389657402581019,0.00022641223195679627,0.031119369887551096,-0.00027634669163362213,0.012175088628109287,0.06481832977135588,0.00012296633903086107,8.174062852717157e-05,0.0014626513234841099,0.027938513412375965,0.04814113055570196,-0.0008372604912103565,0.00022600628353869334,0.0018686898558097909,-0.0009208166388361416,0.0037786991818402615,0.02172347035493777,0.04205850686860624,0.03919267730881676,0.0009566820379341423,0.0628455611654547,0.001862372649588273,0.0,0.044198641110785086
0.040140968013034795,-0.00912204357291413,0.0031210084417038764,0.02671699680177725,-0.012542827353173691,0.023105889005352487,0.017806364750456105,0.004322297546268505,-0.023298379134575387,0.009655099964694602,-0.03930593566405233,-0.004519342227536083,0.0,0.001746529858641932,0.019096327747655906,0.010937131692856483,-0.0021271693146162063,0.00707170776419247,-0.026373877138186452,0.00912014703833558,0.021073695025608408,0.006589723423318483,0.014247073167774016,-0.016692266714162296,0.010800365109042698,0.002368421074526117,0.01056026910808372,0.02056722400923272,0.031206642662339745,0.03084648434486742,0.00690796947955763,0.0011226335333275883,-0.010212545838196585,0.0017122206330000278,0.015029329675282865,0.029102588555286024,0.02072833103399424,-0.004099906773877893,0.026123442123278495,0.006198756109058623,0.045474010358210915,-0.03983853360183376,0.01904978546858438,0.02680352626663146,-0.0017186620433238264,0.0007608165958934987,0.024633825919621433,0.0072031734314399465,0.0,0.02568969733318749,0.015343373032608132,0.008614176319545752,0.009927286519928635,0.01262817325399257,0.00030338262481216516,-0.06965309962122512,-0.036441319263363525,0.03220643041042909,0.001523101150250894,0.04299418838238034,0.02460885021182202,-0.00017957217459063646,0.0015415198993979917,-0.000870724981963833,0.03960489761264657,0.0530283855772567,0.049065644863109215,0.009072064948070224,-0.001627829438262618,0.037050796231864525,0.02550275833114457,0.01779723134404465,0.02633781194226481,0.025452377333907927,-0.000309274091311762,0.03728894350905332
0.018870708291296112,0.0004526619891093153,-0.0011685323207936138,0.046311839878645344,0.004289782326218905,0.013151733593599113,-0.010801994236239731,0.030916298277848864,-0.03212293369564906,0.038660774756757776,0.02614925662166606,0.004726463619987853,0.001746529858641932,0.0,-0.0012185197373615342,-0.0002195415332565953,-0.00013197648596446898,0.00012053445182041989,-0.013060825388598374,-0.0007858565571165488,0.020205845129809163,-0.0006077156678052087,0.028883863381197028,0.026103711806656715,-0.0005760737667638849,0.034915998775723156,0.02200237889059492,-0.019584184850973962,-0.0016605421705375156,0.00034787997663876524,-0.022414059846568468,-0.012637621000318622,-0.006756558011363489,0.03125858444006935,0.08142959308168018,0.0026010932051379054,0.0019189411081661223,0.000916122697612487,0.005388726552459422,0.0,0.0004501724185399514,0.0009953155606335917,0.02227366958712068,-2.8272041315835494e-06,0.0,0.0,0.0,0.03608930509091368,0.0,0.007684786974558211,0.028120443538680928,0.003233934959354867,0.0026021868712900464,0.030967748127859074,0.0,0.007405928240853288,-0.00024216819842154402,0.0018753890635882509,0.03461505759455491,1.1102230246251565e-16,0.0,0.0,0.0,-0.016350568931196297,0.0,-1.1102230246251565e-16,0.0,0.01768798554907841,0.0,0.0,5.551115123125783e-17,-0.08393950771008707,0.012082223254674729,1.1102230246251565e-16,0.0,5.551115123125783e-17
0.012270626954141994,0.005942812597407421,-0.002314958056797989,-0.002366854779912053,-0.00029129100780406203,0.009958763162555895,0.035655263640399226,0.004766269550609714,0.003290319893122673,0.06936140464267976,0.0,-0.0003885028852622652,0.019096327747655906,-0.0012185197373615342,0.0,0.0028144955583725983,-0.004835265125236632,0.01655156617268788,-1.1102230246251565e-16,-0.0019835707925404678,-0.0014102170171338968,-0.02499565190621017,-0.013422580421356078,0.02581004448193147,0.01559518002402338,-0.013045550449337917,-0.03810563832436975,0.0065060328094450615,-0.009477528956525039,0.016461368969414136,-0.008183370606769547,-0.0092319990131296,0.0029358975576643243,-0.012140000979345034,0.0019080302152301165,0.006002678156186825,0.012171053579021263,4.687437065320488e-05,0.006924599183290747,0.006909688896607258,0.0012057607805638915,-0.022702956097739257,0.056476556249894005,-5.479099641830798e-05,0.0,-0.005950105430346575,-0.010269263819215724,-2.907005188351741e-05,0.0,0.0,0.018473843451573768,0.002791902694303905,0.02140405617490082,0.0006960941830807532,-5.551115123125783e-17,0.0,0.0013249224073019206,0.03241613911980323,-1.6100443392286223e-05,0.009081138087186635,0.014603684990744048,0.0007111971798014483,0.027361801455483614,0.0,0.007871375616813503,0.010825876866322082,-0.0044979408635729135,0.026357335570635576,-0.00017520065689818898,0.026226127559765167,-0.0007762579239743994,0.017862979109329546,-0.016856179850550546,0.023482073279185833,-0.0025625348649476742,0.002287223510153591
0.035261744116252935,0.018643196893614933,0.0003667890164205656,-0.0007139615915662256,-0.0010416649056602667,0.014105841936647656,0.010091182890073103,0.022689252560720463,0.011217664192123167,0.01872519047751464,0.00015276161969079993,-0.0006309718930045949,0.010937131692856483,-0.0002195415332565953,0.0028144955583725983,0.0,0.006358106667049279,-0.01249876467167943,-0.00012741937033972084,-0.013396268504767717,0.012393017381875926,-0.002933279387719978,0.008342923064878494,0.02027804923459381,0.03475008571171917,0.03071719307466253,0.006977277210664046,0.010825907174735971,0.0021240694538471883,0.013877903701196681,0.00918720995759037,0.004994488776730532,0.007774907495880612,0.005186784044219517,0.022021248659508774,0.0030861708901972484,0.00015341821259645672,0.0020739674670483543,0.03346130590736496,0.056674761950757824,0.05256906182990284,0.04625099434932356,2.099374974540158e-05,0.0,0.0,0.02480821990676685,0.03589484397204129,0.0,0.0,0.0,-0.0011267291900847187,0.0005518085749658952,-0.00044320201378245105,0.0,0.06823919472167511,0.0,-0.0001215706434835595,0.00013904595910824158,0.0,0.013971987092807336,0.05052931917386172,0.07305048980446777,0.06229326008558855,0.0,0.020426185954870668,0.011858184313960407,0.022913938762814612,0.04078712636915849,-0.0038086232227159122,0.05387899674475649,0.03813643943962014,0.043857287237313414,0.0008471570738845524,0.04452143071796194,-1.1102230246251565e-16,0.04131992270993595
0.023147110392280013,0.03985282736447815,0.011932855485807414,0.0011011789759290402,-0.0023695040828045077,0.004863040020094467,0.0024200409430304437,-0.0007924429466621419,0.0006433781635060698,0.009344047707678493,-0.002679298622810855,0.020123012223174697,-0.0021271693146162063,-0.00013197648596446898,-0.004835265125236632,0.006358106667049279,0.0,0.010443653212054538,0.0023214672570270323,0.006576307657003622,0.002141169752883809,0.02353952008107163,0.02918908730357994,0.025172820683428854,0.009380389654988552,0.039191398402572686,-0.0016019657692056821,0.01452378282232003,0.019283592661192728,0.04700645990286734,-0.005238001247101498,-0.02043009179466948,0.008096486388715296,0.02174435533604685,0.045216346919993045,-0.004087381529300216,-0.00039003767544992796,0.030391607464219983,-0.001181863505550551,0.06066316017898504,0.06187657719557965,-0.00010259338728663137,-5.551115123125783e-17,0.0,0.03866301515046522,0.04960839639374709,-0.0007330353674241397,0.0,0.0,0.0,0.0,0.0,0.0,0.0,0.049925507163119276,0.0,0.03838350932747192,-0.0016298139546219725,0.0,-0.0001217338653176081,-0.0026768695909101248,0.04667676290218836,0.05421083547235783,0.0,1.1102230246251565e-16,0.0,0.0008606746573091573,0.0,0.026260288127299913,0.060345523094439135,0.05455602617292743,0.0,-0.000491512741737643,0.00012652026918841264,0.0,0.0546470009366391
0.030569592496397513,0.03201523972334541,-0.0031822333551587145,-4.8079186381000394e-05,-0.01587456895881445,0.008292336613380136,0.006479295637999594,0.03674629547287611,-0.0013927919509593711,0.0022003387518068074,-0.011622886549639111,0.01657535422465617,0.00707170776419247,0.00012053445182041989,0.01655156617268788,-0.01249876467167943,0.010443653212054538,0.0,-0.0022713571495107665,0.0013290615187431798,0.0375689014653407,0.019129133538010656,0.05295371591238718,0.021905733406880734,0.02620813241992348,0.013747596609614277,0.013923238029680707,0.011398358375667661,0.006617765014698074,0.009108969503152153,0.01660515161037368,-0.00588308289661299,0.0004433568593125159,0.017981437402003475,0.03762090902396681,0.0021031638407385533,-0.0001136435560925575,0.025304405511325345,0.029031894407215764,0.06784444714120741,0.06236733986991094,0.05596583443327158,0.0,0.0,0.00039905064991924144,0.03185597913826421,0.042208951525182614,0.0,0.0,0.0,-0.0012597670627437774,0.0004577941684578146,0.00044168755780477076,0.0,0.07334089500424334,0.0,0.06447986845863318,0.0003998652164802774,0.0,0.016327125284204602,0.06053635999343754,0.06500661824921417,0.056060769736146376,0.0,0.03924328365772539,-0.001472367322621737,0.028512088262704904,0.03268738608076682,0.030410594950633307,0.0574788806135485,0.05067819909776744,-0.0015949114719936985,0.00014847855652738717,0.041740555846848215,0.0,0.04740576366678234
0.0,0.0011591046333798705,0.008143077333432558,-0.007376109104577033,-0.045697195679439306,0.005535320996721271,-0.023945567061462114,-0.025643607103912502,0.010399801803928965,-0.023584089116068574,-0.03766311091201277,-0.017062516618708945,-0.026373877138186452,-0.013060825388598374,-1.1102230246251565e-16,-0.00012741937033972084,0.0023214672570270323,-0.0022713571495107665,0.0,0.0003155985683753193,0.056412349106859994,0.0015353010173569381,-0.0775815626938155,-0.00027520523834195787,-0.0018853171924038126,-0.0007118916652451013,0.047242819543729664,-0.018609291593361554,-0.0020033101798653807,-0.0002454316565398962,-0.012072710074424065,-0.010256609257138671,-0.0009660691406059851,-0.018711189146785046,-0.03255276739753926,-0.01979368367080986,-0.015179394476515173,-0.024962747805970686,-0.0014768893386175597,-0.00012790040143451087,0.0049193220279106775,0.016957280250241735,-0.01235547107720103,-0.001278018135240644,-0.00016421699304658421,0.0,0.0,0.023240651840426618,-5.551115123125783e-17,-0.015472340440688015,0.02465567531540125,-0.023145485001751176,-0.0035544902118772592,-0.010709330623671076,8.271174733109898e-05,-0.193587339266794,0.001324692015331863,0.01540235969371273,0.000771011669165822,2.220446049250313e-16,0.0,0.0,0.0,0.010030075800457339,0.00010890943766322936,0.0,0.0001233515378055161,0.011858636313633264,0.0,0.0,-5.551115123125783e-17,0.0172400375500823,0.015785609925452082,-0.0025081633867098385,0.0003754716309039008,5.3541185311312134e-05
-0.010643844718341733,-0.016131847933623045,-0.0013718579766273664,0.0003689685857897196,-0.010939391759721695,-0.00937436118680246,0.0058021988465681296,0.009680878707687357,-0.007641602501278877,0.04151487275103655,-5.557122520688518e-05,0.0018052000354433217,0.00912014703833558,-0.0007858565571165488,-0.0019835707925404678,-0.013396268504767717,0.006576307657003622,0.0013290615187431798,0.0003155985683753193,0.0,-0.014123613036299165,-0.014239636316173865,-0.0572996119432545,0.02983541045435667,0.006962977065711251,-0.00419309278303337,-0.012863316817955495,-0.014111910196227484,-0.0015678241385828628,0.051091895229431805,-0.021011419256155905,-0.017151451506771997,-0.009826092790677032,-0.028254976210532634,-0.014941408719557625,0.0008102771377658247,-0.00469417376768777,0.006076677183375734,0.007971077705551388,0.0032511513095654365,-0.0037427781540014804,-0.022744627480177415,-0.0038598662308998444,-0.00022520231998246487,-0.0004323362527249297,0.0008154021297632763,0.009155435870585205,0.0005011833852129888,0.0,0.0,0.01567537790514023,0.032899512100386386,0.001600918878757629,-0.0012067811948804907,0.0008816575458156506,1.1102230246251565e-16,0.0018156270708921673,0.021328611182498736,-1.1102230246251565e-16,0.010457016380670703,0.03144654097389582,-3.33965250130519e-05,0.027154772344279543,0.0,-0.006232389041493813,-0.024055343129256446,1.502303869066468e-05,0.02468697217304916,0.0,0.05084473137744605,0.002220523038588107,0.017305550445741336,0.024777350361316786,0.01736817484240888,-0.001171682035718602,-0.003817289270330093
0.00480869440106696,0.028723827784556177,0.06633020835855125,-0.0005351266399432064,-0.00046218932328817575,0.016377611870570075,0.03685164816042297,0.032354583974389395,0.032429578800368286,0.0463691869501785,0.013918701265952793,0.02966445991905453,0.021073695025608408,0.020205845129809163,-0.0014102170171338968,0.012393017381875926,0.002141169752883809,0.0375689014653407,0.056412349106859994,-0.014123613036299165,0.0,-0.006621753437059619,0.008302041491572099,-0.0012048616386347577,0.04395657859085639,-0.006946777038252916,-0.006952370844675426,0.024370308897031734,0.002961090465885996,0.02368272316391401,-0.0019415273498233354,0.0064942958010281715,0.018753127711314266,-0.00302111398733923,0.01489124882202375,0.06889724908998984,-0.00013728954786462744,0.029652871348278043,0.00499894390247646,0.013785452488217609,0.00982378479205237,0.0066582163264613525,0.008583535840956058,0.0,0.0,0.021363273411827866,0.010310730984198158,0.002212035330320661,0.0,0.0,0.02606128479237574,0.0006567557520936185,0.013322556991207712,0.0022389152504283527,-0.0007433122117310731,0.0,0.00028162494844358177,0.04153612247681748,5.551115123125783e-17,0.021203538690548918,0.02800402650379069,0.0,0.058525641115919125,0.0,0.006737756983509424,0.05513467182167947,-0.008310481397495184,0.039269885074647126,0.0010452131258760766,0.045653155124451894,0.01861012133072737,0.028536718200605438,0.03189410879472254,0.03694937475346144,-0.0026971805270523674,0.0071678858865100725
0.025225223955120613,0.029278162175724043,-0.001662727149883636,-0.003746638218279752,0.0049831728458359925,0.005754991242660656,0.0070124075675564446,-0.0008257799940531441,0.009916338622143972,0.016347316926349775,0.00058039843430302,0.00015008429931434586,0.006589723423318483,-0.0006077156678052087,-0.02499565190621017,-0.002933279387719978,0.02353952008107163,0.019129133538010656,0.0015353010173569381,-0.014239636316173865,-0.006621753437059619,0.0,-0.03482827868938537,0.10392770957970388,0.029700328410854626,0.018506936742706648,-0.01946121307681775,-0.0004018169200109001,-0.014131623652345604,0.031078646315573666,-0.021748279831652895,-0.009641208029919468,-0.0003358383343204929,-0.02632049453890356,-0.008712427036014936,-0.003551110576847538,-0.006619821247937585,0.005314557643775364,0.0037248040073802335,-0.006938919534465904,0.010539456980270534,-0.010964774558042178,-0.023021196106982722,0.00017325366229109518,-0.0003883728834302991,0.027167479820514207,0.01708831126131727,5.209332974914771e-05,8.853436428868378e-06,-0.00012891636156808772,0.018211855629373663,0.00403792501543393,-0.0021601717290192224,6.562253876485347e-05,0.0013272703246934303,0.0,0.0013304951373991347,0.026934545933111953,0.0,0.002805026285284007,0.03208684477241963,-0.0010060930560121806,0.04990033009713696,0.0,0.002276243274042855,0.010167497216553967,-0.0005881649715220871,0.01350904684422577,0.0022811988705001007,0.04932187629281154,0.01170934921895972,0.009707264864207255,-0.03672208810764288,0.02419503144507018,0.0004189415331603552,0.017604131947531354
0.006975382871124369,0.005557634455555738,-0.0010697932308945113,0.00962889777856002,-0.0028886224585529807,0.023729047920886426,0.012302740438417115,0.02821403707828951,0.006225002159787774,0.01840206340019429,-0.042771129476052216,0.054511806138570096,0.014247073167774016,0.028883863381197028,-0.013422580421356078,0.008342923064878494,0.02918908730357994,0.05295371591238718,-0.0775815626938155,-0.0572996119432545,0.008302041491572099,-0.03482827868938537,0.0,0.008644566662942776,0.06193210524325521,0.02070934247826184,0.009367898613492465,0.011852296431035803,-0.002279526764877582,0.005092676126801643,0.009585064413964783,-0.0012682722829186477,0.009844398248051112,0.0005683946092641112,0.0013276087935508718,0.019052994430575287,0.010505953218863162,0.06580944258468047,0.02215572618355921,0.029774042717061577,0.020750637883076295,-0.06363812760198728,0.05081661715383107,0.02976755339787479,0.0013237844230414297,-0.0008267285935035229,0.024807210888246833,0.006409635904823685,-0.00146724209561927,0.016574517517995435,0.030653535186678016,0.022861286446443585,0.03426151590550719,0.01833458458129722,0.0024208405256804233,0.014512628993046284,0.0753852320824327,0.02528698856412992,0.047773081330207634,0.03298944283450955,0.058443616410082666,8.124074053589281e-05,0.06552482531629256,0.029204865849602912,0.022835639220698867,0.02606041372462503,0.020690128674943353,0.018355498066968567,0.00014315135165854365,0.07222974235442431,0.010734019008406703,0.027574517288568523,0.02179332266074352,0.018270709478816594,0.02184523636844049,0.018108005644129843
-0.00790757383825108,-0.008106570322642004,-0.002193991763291714,0.00010137925903830336,-0.004559248133774119,0.05017319906796314,-0.02314192621943778,0.022878314851797366,-0.0038506355922637847,0.021921360707685744,-0.007670506803684918,0.027586723393820567,-0.016692266714162296,0.026103711806656715,0.02581004448193147,0.02027804923459381,0.025172820683428854,0.021905733406880734,-0.00027520523834195787,0.02983541045435667,-0.0012048616386347577,0.10392770957970388,0.008644566662942776,0.0,0.03380371900425072,0.03392435977401986,0.02373057949367896,-0.020029206499455332,0.02189321064376132,0.0008700126184132406,0.008120858167217804,-0.024427477413353993,-0.010013312830798232,0.031532769436840524,0.09830238790929657,-0.0016734140775934159,-0.0014498218484802483,0.02142292774834284,0.10370587932780356,0.08568140540750241,0.07250556290271687,0.00673930200276307,0.0004156113580630616,0.0003125635406701077,0.06322225866844694,0.03347494699945236,-0.007133438965585215,0.0,-5.551115123125783e-17,-0.00032088604163249546,-0.00028934556722021165,-0.0004823416729904939,-1.6653345369377348e-16,0.00015246119552975168,0.0220144368155874,0.0005147406963038059,0.01653015916607964,0.021466134438743123,0.0,-0.0023242679900984387,0.05614943727316096,0.027702510264678848,0.046961292347503236,3.910400122397739e-05,-0.0011700252129452915,-0.0017014060763035355,-0.005722809551080454,0.0005460778811972045,-0.017369010641553884,0.037989530855289666,0.033328395427728086,-0.0006067368684772312,0.028802176666203994,0.0006051528206870715,0.0,0.029015706209521264
0.0277047848692194,0.027756985760446717,-0.013642438335769669,0.0007380265308698508,-0.010078072233449586,0.014438877228791724,0.005992431095062312,0.04885115265454493,-0.000690809337786813,0.04687231325801383,-0.006985851206493532,0.04931515557142946,0.010800365109042698,-0.0005760737667638849,0.01559518002402338,0.03475008571171917,0.009380389654988552,0.02620813241992348,-0.0018853171924038126,0.006962977065711251,0.04395657859085639,0.029700328410854626,0.06193210524325521,0.03380371900425072,0.0,0.006502356861478931,0.009162737065442073,0.016955979087870054,0.015826033898007907,0.03042015631789069,0.017090396705770616,0.012231491890993096,0.0061789449253282225,0.031206855911465936,0.04854600939695425,-0.0725487851074772,0.0003605082609213217,0.039636998422406755,0.043285832890332665,0.0661320054033151,0.06157322027703244,0.058960211843002264,-0.0011169240402068015,-5.551115123125783e-17,0.06045965633422751,0.035683263745071137,0.03851956243294352,5.551115123125783e-17,0.0,2.220446049250313e-16,0.024336997164982277,0.0010826581794968204,0.04376196828625778,0.0004898679620544688,0.07021384347795423,-0.0004080919109787362,0.06414278248197047,0.04314650287093136,0.0,0.01988084428323661,0.054702490523095504,0.06431346073490313,0.05516645850114926,0.0,0.034080757817592844,0.04090934865781909,0.030126041344231247,0.04054802535960739,0.030928768394074935,0.05700846217771821,0.04963390694170311,-0.002367626408460999,0.04689964250834139,0.03502310345794851,0.0,0.043716831501448616
0.03051056572255112,0.012690098310335796,0.07092069762659253,0.0007645319661377381,-0.0075907469926034254,0.017335984773848234,-0.001202205111033805,0.03667367432733171,-0.014735512645523197,0.04232734221425144,-0.0032876248240233386,0.05029613143060796,0.002368421074526117,0.034915998775723156,-0.013045550449337917,0.03071719307466253,0.039191398402572686,0.013747596609614277,-0.0007118916652451013,-0.00419309278303337,-0.006946777038252916,0.018506936742706648,0.02070934247826184,0.03392435977401986,0.006502356861478931,0.0,0.011947335646738388,0.00975170159614347,-0.011342107366143384,0.029458783779193254,0.009755165054259274,0.014868168627912293,0.019536106465487535,0.023352346999254925,0.030984500687094352,0.0478048247525259,0.0015226550302304132,0.0513452768240823,0.03131931415616701,0.04979338421410062,0.04562305141742967,0.01814146929859406,0.11847982977841076,-4.223558748173151e-05,0.05799997876606422,0.03420663261357482,0.03147400690554847,0.0018821101935999063,0.0,-4.4101626915593606e-05,0.015961771503341105,0.002484331619261204,0.033621201640327614,-0.002562415265346174,0.050962009303065325,0.0,0.04643710834447179,0.026696214057277456,0.0,0.0027236250835117604,0.04924083751085934,0.050172611569668624,0.046154155846940825,0.0,0.00845927181076922,0.020591894603860572,0.0069435060711250385,0.014881968419131975,0.019605803818335932,0.048538500830092646,0.03806605020951598,0.013224975971354913,0.04203745325325703,0.021363057799207608,-0.0005084461943842267,0.03263998761908332
