0.0,-0.002939101005027256,0.001246125947172494,0.0,-0.0026237128119730446,0.027623640549773454,-0.0033280830375757575,-0.015737771597709282,-0.0027207047545958485,-0.0655588808168242,4.81882978760062e-05,-0.036634268591966834,-0.0036677141599065766,-0.024138650759449376,0.012815184398666746,0.013180784845971238,-0.00015850715108695068,0.0024766871637640353,0.0,-0.012968944953565265,-0.010066008374956914,-0.006029367094527338,-0.003629536493876484,-0.0003975467137592448,-0.01349508777681696,-0.020483248199428317,-0.005731415150932784,-0.0025482275699323376,-0.01479433541233971,0.0028786619054969598,-0.03070677834556307,-0.03458527445029003,0.00582492268407242,-0.027168776183507715,-0.03166634077907715,-0.016618943742003844,-0.0012890935350681199,0.0016540430848235865,-0.02251828110852494,0.01843437986194041,0.008558803004307336,-0.0038056156517018436,-2.5486250959882994e-05,0.0,-0.0009230712909817917,-0.020302984943102953,0.002656614060951634,0.0,0.0,0.0,0.0014163360848783446,1.1102230246251565e-16,0.001092314073545042,0.0,1.5225732091006527e-05,0.0,0.0021728137592179064,0.001630582231848754,0.0,0.0003605362521246769,0.002842500475137788,-0.0021447213999981063,-0.0014984516343318766,0.0,-0.0006575693881012423,-0.026754242949811047,0.006536500756235741,0.0016105548118497959,0.0006690266970602043,0.003918944412713843,-0.017841753259585535,-0.0018155320260417884,0.0005364118408726637,-0.0008226505788276328,0.0,0.007771184986413215
-0.002939101005027256,0.0,-0.0034857146934297867,3.663498988748515e-05,-0.03820324524618707,-0.022823820332738276,-0.032042764888342956,-0.008584774344424728,-0.022657312543769015,-0.03205203720576344,-0.0008254738784295168,0.0008341793666823416,-0.024585849629112144,0.0013821015877392706,-0.021502868224908767,-0.0273875047003882,0.0009552726030220837,-0.013639899569859393,-0.0020563553611779306,-0.009156986390492117,-0.01597077962264487,-0.013065628684240382,-0.032208516450852154,-0.00610272818157831,-0.004780139955462892,-0.011917061399641826,-0.02729512700903608,-0.015538554148687433,-0.029367277721885576,-0.0011353582134949747,-0.03269397813795777,-0.0371205588703174,0.006453627327595246,-0.02800345031363155,-0.02765737980255878,0.003067142836865322,-0.0009316751777476151,0.0,-0.005578217494268789,0.014268772926023243,0.016717962744842774,0.0006767748452496947,0.0005272972931545938,0.0,2.220446049250313e-16,-0.008564156649578436,0.012363957140564763,-0.000661271102291805,0.0,0.0,0.0149042855771373,0.0012601492359712863,0.003537249261625297,-0.00014194810373024946,-0.0005680032568973759,0.0,-0.0016248334650982854,0.015704123081215382,0.0,0.003782949271001812,0.004852437737970505,0.0010610789320748548,0.006020277903643789,0.0,0.009643861644254459,-0.02152718179824703,0.020800295582361128,0.013948834301436008,-0.007543131716316542,0.01221463972374115,-0.004363774586304381,0.0008780009527399324,0.01821655242582959,0.012639483293329257,-1.1102230246251565e-16,0.004269018615415954
0.001246125947172494,-0.0034857146934297867,0.0,0.0050017623290170565,-0.01085338956947074,0.00499106554243256,0.000981349013357502,-0.00945697824910896,-0.018418987483994453,-0.006294207898351556,-0.025789524505917427,0.005400507237984908,0.010337683742034587,-0.030096699518266712,0.0007403958717192016,-0.0031363130153636565,0.0026829889796182727,0.0008373158991200613,-0.043776163198361445,-0.0015158709779380941,0.004383654660191805,-0.002462254834406097,-0.06262039177203121,-0.00024425652888326876,-0.006987714041948256,-0.003004153620885852,0.0025668389440945405,0.0007828803868145107,0.0026331653505412,0.005450803937047666,0.009244948926000474,0.006051517528763872,0.00010346406153255439,0.007547119188864637,-0.0022117661769312513,-0.017209044115027217,-0.010572556392624055,0.00626959024548851,0.01611582996024713,5.219695329850005e-07,0.017105382091954002,0.0012488464584167192,0.01743602705356173,0.0027156703283905403,0.0,0.0,-0.0010440527703481361,-0.12276286294352845,-5.72428008926984e-06,-0.02597835937768367,-0.0019601162058665578,0.00252982692775916,0.0015588964743734612,0.008952808446650251,-0.0014021310025345013,-0.06006678674181787,1.915289183807012e-05,0.008175633704483154,0.010090909791746872,0.0002581069334098851,0.0,0.0,0.0,-0.12083702123700601,0.0018167994150273814,0.00031159496340099624,0.00019798493326206312,0.0040282627823040595,0.0,-8.372586482735533e-05,0.0014999053165084542,0.017760087467372454,0.03216892957499462,0.004992414897216857,0.0005456217365502614,-0.024635674912898975
0.0,3.663498988748515e-05,0.0050017623290170565,0.0,-0.026012905572626033,-0.001044695498991055,-0.0061020494613422405,0.016480893628667836,0.00891304455935632,0.00665629070721957,-0.0014429957989528508,0.004779067467083009,0.007793074085587937,0.02081665912537456,-0.00016500817673359425,-0.001846412919302931,0.0013939465754028157,-2.606659139259282e-05,0.013811363050440395,0.004752250656601176,-0.0015211828061643673,0.000746105052645829,0.026991166368311448,-0.002034347235000844,9.13352319926175e-05,-0.0013668994566103931,0.01428578121500218,0.032772345686390536,0.03152396008435476,-0.0021036912761805415,0.0784015370366713,0.01093815821416494,0.1333546985711197,-0.027615579239615717,0.06597517078902598,0.007916395530619263,0.0032321377248221705,0.0029342558744144265,-0.0034480951946623817,0.00011475695504714611,-9.951426857413015e-05,0.00010862527305433023,0.0009374571106269269,-0.0011092010672360542,0.0,0.0,0.0,0.0018022207554860836,0.0,0.0,-0.0004984838916822776,2.220446049250313e-16,5.96568654212537e-05,-0.00027928434414159486,5.551115123125783e-17,0.00015028941494460435,0.0016630569741594159,0.0009013387190343058,0.0,0.0,0.0,0.0,0.0,0.0,0.0,0.0,5.259941250251865e-05,0.02502216427920595,0.0,0.0,0.0,0.0013643485897604224,-0.003944703578299569,0.001236075259550773,0.0,0.0
-0.0026237128119730446,-0.03820324524618707,-0.01085338956947074,-0.026012905572626033,0.0,0.0023371794923762734,-0.02217130126445155,-0.014063115383489533,-0.00670598615206619,-0.024582664798344478,-0.011694150276884308,0.00875298722520651,-0.008134954311188825,-0.02429158171150131,0.0013008346495571588,-0.040355360539370555,9.231742202781001e-05,0.004124547484924079,-0.011000374010711356,-0.02412169941049047,0.0017755319069859832,-0.03314169129641448,-0.0043501100829559936,-7.453592185674429e-05,-0.0044368462301951905,-0.0003971670792518589,-0.005669558906187366,0.03639751138052438,-0.03591768859058564,-0.005209951940402857,0.013720157503012753,-0.0029380442789091465,0.0013527610358383124,0.010842127649548727,-0.009422415953659058,0.02091546427629415,-0.03965829684914646,0.04832406199219458,-0.005800562395975872,-0.0006887114591623833,-0.0031327394795892527,-0.0008054740577411734,-0.004852856288314389,-0.004160712077072359,0.00022993330307052862,1.1102230246251565e-16,0.00028400107046078205,0.003358462429661202,0.0,0.013452365280322898,-0.0395005752320533,0.002552150474639414,0.0021618260389206223,0.018691556720097258,5.551115123125783e-17,0.00941108894073922,0.0008619759412635819,0.0009370401270540341,-0.001487492130481105,-0.0008270579020905888,6.106976707631606e-05,0.0,-5.551115123125783e-17,0.0017331870541947847,-0.0010207850443359479,-0.0004532946614344002,-0.001335059219268242,-0.010375705691526182,0.0,1.6734973443899293e-05,-0.0014853213063292237,-0.024201695449539817,-0.01474768964559614,-0.010542383106785402,1.1102230246251565e-16,0.0015515304490413273
0.027623640549773454,-0.022823820332738276,0.00499106554243256,-0.001044695498991055,0.0023371794923762734,0.0,-0.011443806751693764,-0.0026926762238040913,0.00789723989888319,0.0028107473484128565,0.004460118626203824,0.0020174368911622387,0.006759859327029882,-0.0020055876186139687,-0.008989891266389272,-0.024813140630742414,0.013297107789579599,-0.012784994697450924,0.0072773406655775585,-0.0038877124902659266,0.01603895929999999,-0.018947722841141712,0.008340829610718359,0.0313959378642808,-0.012605351312375668,-0.003482922021071033,0.0008479237428947739,0.014335689739471191,-0.0035704188248236735,-0.023839160893046107,0.00705840277625891,-0.014978874608793102,-0.026544425264099003,0.0063706452641709155,0.0023824100544948545,-0.007106177538552527,0.0014038064953218465,0.01790640520000386,0.02068531034695159,-0.0007786974724839357,0.04131738441812122,0.003671418007898164,-0.037224482861511976,0.028348232396073925,0.00021707864226822027,-0.0014119112574867976,-0.0018957144402205195,-0.010225671608244058,0.0011740900630908269,-0.006612730417120072,0.006059786395746003,0.008294295593702539,-0.0014452702495459935,0.0038877726807253765,0.00286283003444171,0.013461860274431081,0.0006474377230459294,0.0117405307468747,0.002680167749479989,-0.005556954279795079,-0.0006913411330493613,0.0,-0.0005678318256112647,-0.0006869327722186513,-3.363744103584976e-05,0.028660312672922628,-0.010938982958536903,0.01703211468081467,5.5312260184792184e-05,-0.0016790383379208795,-0.019175664763047107,0.011891737786114298,0.01528853199289959,0.015039764055479132,0.018959972253214885,0.02445006497778701
-0.0033280830375757575,-0.032042764888342956,0.000981349013357502,-0.0061020494613422405,-0.02217130126445155,-0.011443806751693764,0.0,-0.018378941966302464,-0.019330678699209736,0.0277233356292379,0.013491106870765823,0.003888215202001999,-0.02709608539097491,0.029646446064093168,0.0007928108683679103,-0.021507163247829975,0.005815311081438124,0.006459769251615954,0.0007878083096731214,-0.0023623969774092535,-0.028733382206411473,-0.013496760341775549,-0.0072639601508083795,0.006127816729016022,-0.004571224593647449,-0.004474212992849946,-0.00903491043485738,0.054050762166094224,0.00322973319296066,-0.032274244418844966,0.0034576355594623798,0.017850745228683684,-0.004972347866040172,0.015518871345699403,0.03600257174806687,0.015877863182069407,-0.017115026689815516,0.01090682629766676,0.004544370458068214,0.0009653716527575074,0.004962052226747116,0.0019939685408982277,0.032474361720216394,0.006218390023492559,-0.00015164446264975817,0.0,0.000852586644398079,-0.013566894856523959,0.0,0.0032510534383227707,-0.014686334029656634,0.0130727435317326,-0.0030586479051197824,-0.0015419769508662196,-7.527114848537853e-05,-0.011843584298610155,0.00042576877564065585,-0.014793338697519143,-0.0020475449432147963,0.0018664288868367462,0.0006285141035635156,0.0,3.777833973417355e-05,-0.0014145719970904969,0.004858965314610719,0.0014610818611354714,-0.0011440908631707436,-0.003799427843463876,8.041482815157597e-05,-0.0004390814360772377,0.001046132364247665,-0.018065563842087184,-0.00435802026593074,-0.011881336081325411,-0.0011889590224675173,0.003569624243968894
-0.015737771597709282,-0.008584774344424728,-0.00945697824910896,0.016480893628667836,-0.014063115383489533,-0.0026926762238040913,-0.018378941966302464,0.0,0.015117498579152067,-0.046193533879375914,0.02695029945061328,-0.026363632222002054,0.001892631663145905,0.004255289830560616,-0.005475859864680743,-0.004026725379655316,-2.7569939251625986e-05,-0.02222479611380157,-0.0011080918271269558,0.012802303681617555,-0.0006374835261686029,-0.001656285841491023,0.017347650205039755,-0.012174826276667383,-0.00470466662772856,-0.02531164942279479,0.0038097633240049,0.004989562719540985,0.006249367941219164,-0.0033520571204249117,0.005900920592894654,0.004410274560352645,-0.013729465252484085,0.004578026571243787,0.004865895072144577,-0.016948912216157463,0.04096716466408268,0.0003076585701408674,0.019968329941301932,0.0015641676902222734,0.026986781028944584,0.010165971515683936,0.04505539148034016,0.0017439512662644208,0.0,0.0027526638309068874,-0.0011780806756219175,-0.006729164846094315,0.0,0.037568909898060165,0.007332819057633444,0.027699201873232993,0.013178270826656013,0.017522185087592623,4.047127199580114e-05,0.047896596727310226,-6.58583058754103e-05,0.024229545424866494,0.018913032505774363,0.010718400579344589,6.987807854857975e-05,0.0,0.0006563763293145342,-0.01782691722771257,0.006481553396506634,0.040046846849497886,0.0006950805140825134,0.028130745809589408,-5.551115123125783e-17,0.002130967462252664,-7.836950654427355e-06,0.01818854870446618,0.01991259243437632,0.020086090592616845,0.0028350055372535765,0.02125349049278491
-0.0027207047545958485,-0.022657312543769015,-0.018418987483994453,0.00891304455935632,-0.00670598615206619,0.00789723989888319,-0.019330678699209736,0.015117498579152067,0.0,0.01164475496917311,-0.023969614674280826,0.006592031585430702,0.022210888858818445,0.007207384048686372,0.0054952796148659555,-0.024688826467907987,-0.009077652520934176,0.013126931210696358,-0.009818222411203115,-0.002164125354083335,0.001782581246266235,-0.017027546014955153,-0.026430245779657247,0.013196720693878394,0.000555929093688956,0.023663844762882524,0.0037260755910384358,0.017837322743296635,-0.0009410897200458068,0.0011458177899421051,0.021040047403467044,0.02062853484186211,0.004267336997217375,0.02088818863472519,0.02515311361054906,0.007789916385927742,0.012307672257408642,0.02325146340541101,0.012893296945091781,0.002789976233355529,0.061647890588787,-0.006288377805768408,0.03425815935354948,-0.002551278805300594,-0.000228281352893156,-5.551115123125783e-17,-5.818947489621973e-05,-0.017743504742800398,2.749970995474804e-06,0.02596492777122794,-0.002836238630030019,0.012779467120415111,0.03003735355353332,0.0014681884739468076,0.001058777850935333,0.03162272299870117,0.001915268858737884,0.025279066772683878,0.011676471320485216,-0.001399493654417383,-0.0008326053679892365,0.0,0.0,0.0037297404985235927,0.0008294692713637364,-0.0003078190527050495,0.0003983076596443813,0.018304004110015426,9.66468816127053e-06,-9.154490691509753e-05,-0.002994855170547317,0.023239431731360338,0.005820871354456192,-0.010543046566144076,-0.0006469140179706789,0.004997471964556466
-0.0655588808168242,-0.03205203720576344,-0.006294207898351556,0.00665629070721957,-0.024582664798344478,0.0028107473484128565,0.0277233356292379,-0.046193533879375914,0.01164475496917311,0.0,0.0005393922100027093,-0.023515475963928667,-0.0010446157491351693,0.05749798632938974,-0.048692006681906486,-0.010413443830638247,-0.03609799249023288,-0.021102509382228685,-0.005051969820709767,-0.03749058262331012,-0.09719400625404861,-0.0032885050241715508,-0.008639561234636606,-0.02235242299040996,-0.026059332119257872,-0.027802667080637944,0.0017432400026070605,-0.016702588846190247,0.032251423530017365,-0.002836902458508206,-0.025066743994477725,-0.01881240608300716,-0.028353031898604553,-0.01719516464640375,0.013322746244587957,0.0004084799528459304,-0.040567702311690546,-0.00254676937137277,-0.037474407978172586,-0.023654769622210914,0.003356952514659506,-0.0006839819073239384,0.0013063461459432713,0.0016951015521995405,-0.02468116572847845,-0.005092785040339498,0.0019095188165377808,0.00028495865165856227,1.5614716268430584e-05,-0.001216812728835337,-0.00016657280462012425,0.0034982861370168594,-8.903424527084702e-07,0.00011406855139356464,-0.02649232324260009,0.0003397356031262788,-0.02469450011793417,-0.0009271876374545296,0.0,-3.3547672013078955e-05,0.017722572700441197,-0.0013940083716166285,0.006859767078400025,-5.13263906309902e-06,8.339241495414207e-05,-0.000711692130775099,0.000498291823009922,0.00018848232984397528,-0.02171647557608164,0.011368142062004927,-0.008540989374261065,-0.0007217198599204222,0.004912507432293822,0.001431142114034445,-5.551115123125783e-17,-0.016292356909767713
4.81882978760062e-05,-0.0008254738784295168,-0.025789524505917427,-0.0014429957989528508,-0.011694150276884308,0.004460118626203824,0.013491106870765823,0.02695029945061328,-0.023969614674280826,0.0005393922100027093,0.0,0.009444863412050974,0.02779468863691309,0.02110019880809144,0.0,-0.00019995999758659622,-0.007947954954480252,0.0011496679757326267,-0.023588326439982377,0.0001275980078754846,0.005899806799421148,2.163676200539477e-06,0.005376376289161933,0.001103850882038293,-0.008875924990927486,-0.00858077948385011,0.0038108232717110613,0.024462128985944853,-0.0007849978091344911,-0.0008480684281896855,0.017643467596888174,0.030531287666439533,0.010629511190136887,0.021592625459852022,0.02559345154301579,-0.0186633979331563,0.014236829070691792,0.013222407637436207,0.017700118357021788,-0.002792495935263817,0.04150720696526278,0.0008186796186152034,0.028045281317884252,0.0004511960959228123,0.00023755227932931167,0.0,1.1102230246251565e-16,-0.07734898858551265,5.324983360921465e-07,-0.0138506624178929,0.007652409565674367,0.003571303936358128,0.03650244390495666,-0.028462073602072202,0.0027452560341609256,-0.001921094910867338,0.0027992894268976665,0.003228845648143408,0.04194231694594536,5.551115123125783e-17,0.0,0.0,0.0,-0.05496940652439547,0.0008222999590959956,0.0,0.0004513042915037513,0.026496096262001334,5.551115123125783e-17,0.0,0.0006657497563598014,0.017052229313475387,0.010580398275147784,0.0004355238823973151,0.0,0.0045293972703610574
-0.036634268591966834,0.0008341793666823416,0.005400507237984908,0.004779067467083009,0.00875298722520651,0.0020174368911622387,0.003888215202001999,-0.026363632222002054,0.006592031585430702,-0.023515475963928667,0.009444863412050974,0.0,0.018848065537258818,0.0008619822501651497,-0.004109898049223959,-0.00010533931399880903,-0.02639815060412387,-0.029007088854818064,0.0038273362440289227,-0.0015935910423194866,-0.03613917459180693,-0.0044638239779020705,-0.025842897493152384,-0.004658997004819421,-0.03234837008465152,-0.015309930868567523,0.0033381526448058585,0.03551414314460383,0.0011142747109349482,-0.0020468197707084745,-0.0014471014797908244,0.10324457194625952,0.005830508615434105,0.016253265950562756,-0.06784360519134605,0.0027082322736339814,0.002684496988466456,0.01790536643554691,0.1337130121684068,-0.006645637599450915,0.060626867098503956,0.0048685254162852964,-0.0018454357687505696,-0.0008685735627338986,-0.01287882127202572,0.0033531057985513035,-0.0004522534221311769,0.0002583975518125059,-0.0009217210169490953,-0.002588646216882151,-0.000722972892523932,0.0006768741667777523,-0.0002750695585934104,0.0002175625728583208,-0.0015075798396341211,0.0010877390461854208,-0.023014947703320354,0.0036111180975824664,-9.267913076832501e-05,-1.6319795561992034e-05,0.028617099397077073,0.001041101121293464,0.0015184035786693362,7.721803953680828e-05,-0.00016809201894973924,-0.0007937365244799488,-0.0003719598532442303,-0.0020172653636697513,-0.017822540943818632,0.008353202715628005,-0.00653786462643241,-0.0010186077501836421,0.009602746891148817,0.0022719288141871408,0.0,0.0036461728961545425
-0.0036677141599065766,-0.024585849629112144,0.010337683742034587,0.007793074085587937,-0.008134954311188825,0.006759859327029882,-0.02709608539097491,0.001892631663145905,0.022210888858818445,-0.0010446157491351693,0.02779468863691309,0.018848065537258818,0.0,0.028480684517550203,-0.006846348605884789,-0.00597238027635999,-0.008876235754089523,0.012748543113655808,0.015068243430134798,0.009395653056499531,-0.010328768018871393,-0.002662898542281966,0.005895299663024323,0.007615544855196998,-0.019314609375004566,-0.015183848682801315,0.007537752693957067,0.02292401892495327,0.022171603523351402,0.01429172305822951,0.020096649132118893,0.031304231610235045,0.014251665395464352,0.02004367058379153,0.008755052517791295,0.036748346790642594,0.0012154411886169947,0.024723434585381343,0.03187164081207888,0.0021023049241361003,0.06888012956714024,-0.010802046713896507,-0.010369255608274675,-0.002817100024801733,0.001691985443848687,0.0010078700739654112,-0.0003448323567930567,-0.01343781201267713,0.0,0.00047134408304627673,-0.006381284285973121,-0.0013227432810811734,0.003859005383104519,0.006501224496461733,-0.00030350766599746004,0.0011976508346993597,0.00411794690401851,0.00518838500423896,0.0006069815089390085,-0.017421185377665738,0.002488369817195968,6.299842155127466e-05,0.0006075827891637853,-0.015573695268875587,-0.014452511192517115,0.0007914344397453865,-0.0057065210900054675,0.012256764368525352,-0.0005180532452895292,-0.0002704509384587328,-0.0009149984778893949,0.004733960499377743,0.005143242733130937,-0.0012417725022035309,-0.023501587939033175,0.004090980418251067
-0.024138650759449376,0.0013821015877392706,-0.030096699518266712,0.02081665912537456,-0.02429158171150131,-0.0020055876186139687,0.029646446064093168,0.004255289830560616,0.007207384048686372,0.05749798632938974,0.02110019880809144,0.0008619822501651497,0.028480684517550203,0.0,0.00017387236182170307,0.001744445484671675,-7.155231591904343e-05,-0.00023496124272459618,-0.001054941444299351,0.04869730624687457,-0.0092851915646327,0.0011694310238203331,-0.003452781606416766,0.0005255190808004517,0.0006581287228602517,-0.01966769024751225,-0.012353217873775357,0.09190037950391161,0.10362790722749288,0.0019562336827786964,0.00805776219150156,-0.021224879839543326,-0.011313322069240739,0.008302300411480612,0.031569131191659106,-0.010441721913092061,0.016880463131155737,0.0005667083975495757,0.009891073851591714,0.0,-9.809942685906625e-05,-0.00032926782413467137,0.007676266951667787,-1.5327957985089569e-06,0.0,0.0,0.0,-0.11649046382500255,0.0,0.0061171079443695375,0.001977040396458518,0.0034104686670027307,0.015440624228462874,0.00040890707487734046,0.0,0.00977203626520523,-0.0004205951974848854,0.00404813487510175,0.004302314512519112,1.1102230246251565e-16,0.0,0.0,0.0,0.007163822313339618,0.0,-1.1102230246251565e-16,0.0,0.039573762654587286,0.0,0.0,5.551115123125783e-17,6.86626514606048e-05,0.0021069709924707025,1.1102230246251565e-16,0.0,5.551115123125783e-17
0.012815184398666746,-0.021502868224908767,0.0007403958717192016,-0.00016500817673359425,0.0013008346495571588,-0.008989891266389272,0.0007928108683679103,-0.005475859864680743,0.0054952796148659555,-0.048692006681906486,0.0,-0.004109898049223959,-0.006846348605884789,0.00017387236182170307,0.0,-0.010494670283387464,-0.033162130431008296,2.8760003061290007e-05,-1.1102230246251565e-16,0.01042530152178306,0.006548156404081351,-0.005324676620507396,-0.02438250803096953,0.01926546012862823,-0.010837444113308947,-0.013295150083003582,-0.031055157952681822,0.0037102591817230746,0.0002152155558733937,0.0030001131990552987,-0.011773299293952766,-0.02284007428957996,-0.0018174624380555282,-0.008500451606955062,-0.007197225603314039,-0.0007924505156126638,4.940565410860298e-05,-0.00036663746419601795,-0.01489186875921461,0.0128472917365558,0.011093572868007384,0.006787145544284945,0.004205563741368656,0.00033815733155639904,0.0,-0.02257014306894456,0.008708513518024985,-0.001620663650273635,0.0,0.0,-0.003111431076029403,-8.359469601698644e-05,0.018439672525159767,-0.0006412024092551927,-5.551115123125783e-17,0.0,0.0003939305767016177,0.006788636752202537,-8.729009593033688e-06,0.017667093867779926,-0.009755807060228106,0.00024390041193372847,-0.006308923919627174,0.0,0.01743098003399085,-0.003762088926170082,0.012816405477290016,0.0323990607468041,-6.46350363800452e-05,-0.006228965292973732,0.004415957277724147,0.018761033689764617,0.010642490539975236,0.01928680072595995,0.004642081394688968,0.00752058433942826
0.013180784845971238,-0.0273875047003882,-0.0031363130153636565,-0.001846412919302931,-0.040355360539370555,-0.024813140630742414,-0.021507163247829975,-0.004026725379655316,-0.024688826467907987,-0.010413443830638247,-0.00019995999758659622,-0.00010533931399880903,-0.00597238027635999,0.001744445484671675,-0.010494670283387464,0.0,-0.013167319159204105,-0.0013045948473998092,0.0004150140561042237,-0.0006799176781208671,-0.0122586741391979,0.0007769087720082557,-0.008878995019444669,-0.018943606737227836,0.00012432734871753448,-0.010425778753611725,-0.011795428768151484,-0.010622751332884206,-0.01189467703795033,-0.02165053715620202,-0.012070691402309375,-0.028310936788473462,-0.0023151690868116193,-0.010304527305433187,-0.010132710891720353,0.0021863258747670256,0.0009757746975787018,0.00017133216260262207,-0.0031728969150837116,0.016204583282634077,0.016862730336750065,0.004909981702409583,1.1381962499834586e-05,0.0,0.0,-0.0059354985814140115,0.013515217424567572,0.0,0.0,0.0,0.01941886076121535,0.00039075611844702207,0.0019201885860335444,0.0,0.0031231365589527993,0.0,0.0026952372551791726,0.0014358906327201493,0.0,-0.0014822350106481474,0.011654563030307874,0.0023869193084224416,0.01609628664559526,0.0,0.005162213492496459,0.009336827272330483,0.012703677692385784,0.032239189212364405,-0.004500170333581133,0.029002960968895597,0.001369174270224316,0.013034277721561405,0.0009725829139705655,0.010697007028681371,-1.1102230246251565e-16,0.009385751946835164
-0.00015850715108695068,0.0009552726030220837,0.0026829889796182727,0.0013939465754028157,9.231742202781001e-05,0.013297107789579599,0.005815311081438124,-2.7569939251625986e-05,-0.009077652520934176,-0.03609799249023288,-0.007947954954480252,-0.02639815060412387,-0.008876235754089523,-7.155231591904343e-05,-0.033162130431008296,-0.013167319159204105,0.0,-0.01964813031994178,0.0022990379278765016,-0.035141003185822195,-0.06344739886638501,-0.03328438774805731,-0.000853057013635139,-0.02618478488920245,-0.015208678267595754,-0.02923675664517905,0.009084880639676107,-0.013295717614536517,0.003201177179886938,0.00016194623019677445,-0.0295314457917783,-0.03732149795363565,-0.02920532729715769,-0.03884386063017331,-0.03503876456451732,0.000653967205119288,-2.5683640816509534e-05,-0.01927253318474459,0.015753613145948475,-0.0253142977644219,0.03304675976346827,-0.00036780390992274814,-5.551115123125783e-17,0.0,0.021523741841628752,-0.0009511052706084322,0.001574925056118892,0.0,0.0,0.0,0.0,0.0,0.0,0.0,-0.003140416361530507,0.0,-0.010237765330549264,-0.00042105687618831933,0.0,-0.00017743414073734254,0.034098965230071665,-0.0009459833462788225,0.014188196575816103,0.0,1.1102230246251565e-16,0.0,0.0600215315251012,0.0,-0.01295136402127628,0.021052080089628,0.0070523017487348905,0.0,0.0006249021566429036,6.859417573501503e-05,0.0,0.032025383712524946
0.0024766871637640353,-0.013639899569859393,0.0008373158991200613,-2.606659139259282e-05,0.004124547484924079,-0.012784994697450924,0.006459769251615954,-0.02222479611380157,0.013126931210696358,-0.021102509382228685,0.0011496679757326267,-0.029007088854818064,0.012748543113655808,-0.00023496124272459618,2.8760003061290007e-05,-0.0013045948473998092,-0.01964813031994178,0.0,0.0005010832013462863,0.007357736340765364,-0.017402325277331376,-0.013325950994937663,-0.018321256174015088,-0.010508064185379196,-0.003331326275746449,-0.018916336199310546,0.004144648832918318,0.000645071518993845,-0.0063660354532661945,-0.0034611393158275328,-0.0240268121580684,-0.027924547482518658,-0.01023548125206486,-0.02393429747601894,-0.016765705153439947,-0.10314959249003769,0.0001366618935731423,-0.016031941912673098,-0.008423973275422603,0.016949627611651363,0.01749202749866774,0.028975130580528363,0.0,0.0,-0.00328283123748746,0.0016582935202660298,0.020230146019195094,0.0,0.0,0.0,0.0016651371329385878,0.0001920093750402696,0.002752322460399026,0.0,0.006965245753837279,0.0,0.0002789786127629923,0.00024351048975040923,0.0,0.007213727849988361,0.016600069134141526,0.01636702814080615,0.012556908965483726,0.0,0.01418675249945528,-0.0009264413672239735,0.021231017797069984,0.0024765403652277085,-0.019049205336743147,0.02201385539545503,0.0061458890030416935,0.00046535075470560683,-0.0001319135096091717,0.008068679184915606,0.0,0.020540270443749842
0.0,-0.0020563553611779306,-0.043776163198361445,0.013811363050440395,-0.011000374010711356,0.0072773406655775585,0.0007878083096731214,-0.0011080918271269558,-0.009818222411203115,-0.005051969820709767,-0.023588326439982377,0.0038273362440289227,0.015068243430134798,-0.001054941444299351,-1.1102230246251565e-16,0.0004150140561042237,0.0022990379278765016,0.0005010832013462863,0.0,-0.0009045219856453901,-0.0009797644809431683,-0.0016681199191687646,-0.06036460043399561,0.002168423762160865,0.00023114892364239914,0.0016173188580509423,-0.002506520498921083,0.011723870436617767,0.001860758142922747,0.0006599863603121148,0.009672846778758515,0.015591694577665904,-0.03219181495104023,0.011998265460203994,0.013074781891250276,0.0007317017354974142,0.0060037111656977005,0.042693277035935784,0.00854158235307284,-4.7968319983549e-05,-0.001923598765360468,0.0012355091693040943,0.022029470254121053,-0.0020618977998524968,-1.353791554636885e-06,0.0,0.0,-0.1926255176520681,-5.551115123125783e-17,0.0036660513261219663,-0.022404593481260227,0.0038160332405474673,0.001581641720443172,-0.003034347396647985,0.0004400196975906101,-0.10329920770741224,0.000551658908647723,0.01740326390047764,0.06693828653687117,2.220446049250313e-16,0.0,0.0,0.0,-0.23089940514228352,5.90462947493986e-05,0.0,-0.0002550981022937382,-0.001597891148781394,0.0,0.0,-5.551115123125783e-17,0.01986122962426551,0.031066011897620704,0.0011575888882885965,0.00020356554091260914,-0.000250696170904674
-0.012968944953565265,-0.009156986390492117,-0.0015158709779380941,0.004752250656601176,-0.02412169941049047,-0.0038877124902659266,-0.0023623969774092535,0.012802303681617555,-0.002164125354083335,-0.03749058262331012,0.0001275980078754846,-0.0015935910423194866,0.009395653056499531,0.04869730624687457,0.01042530152178306,-0.0006799176781208671,-0.035141003185822195,0.007357736340765364,-0.0009045219856453901,0.0,-0.012553659851504972,-0.03307090001270968,0.017914847349152774,0.011658697678316066,-0.009298446476197986,-0.02334932035111431,-0.040853592719860166,0.006070676409424991,0.02087167170758092,0.009381359641859766,-0.013832460232473032,-0.026696801830067396,0.007513720704131144,-0.01414647997232693,0.0002059797266186214,0.019506457802140498,-0.001854941849247005,0.0007010319942567511,-0.027989027916559772,-0.001714927742812844,-0.0019449490446094564,-0.011281734770862917,0.0015294156209614274,-0.003262910204953229,0.00015802865087383156,0.0019070309550487385,0.0057209949333290044,-0.0004664362500344521,0.0,0.0,-0.011343769365097456,-0.0026538605610779142,0.0051628928684169795,0.0016099273285863913,9.566739720479056e-05,1.1102230246251565e-16,0.0015222519351153485,4.3591300841472336e-05,-1.1102230246251565e-16,-0.0005354385576165077,-0.006686053313894547,-1.8106245903315443e-05,0.01405736686492931,0.0,-0.0055673435753063605,-0.012617369247948207,0.000672134620559095,0.00427581106156627,0.0,-0.009200522900916719,0.0023681011448362654,-0.0041230831202402896,-0.0014151453086271304,-0.0023057257953313925,0.0020449970480958535,-0.01827905203456598
-0.010066008374956914,-0.01597077962264487,0.004383654660191805,-0.0015211828061643673,0.0017755319069859832,0.01603895929999999,-0.028733382206411473,-0.0006374835261686029,0.001782581246266235,-0.09719400625404861,0.005899806799421148,-0.03613917459180693,-0.010328768018871393,-0.0092851915646327,0.006548156404081351,-0.0122586741391979,-0.06344739886638501,-0.017402325277331376,-0.0009797644809431683,-0.012553659851504972,0.0,-0.017579652517934086,0.008996684706241598,-0.0028944061066886184,-0.005530665046998895,-0.016122540032588784,-0.012449420573459269,-0.015847150915209496,-0.010749122878893125,-0.033428685425970495,-0.020579423765630322,-0.02112312376633879,0.0076275171440613465,-0.010788994354054782,-0.012183466346208927,0.01097362914007316,-0.0003194883071318544,0.0016963966421479348,0.002385995505297278,0.013814589806259159,0.014105388090769388,-0.00041419461090375087,0.002153036471666203,0.0,0.0,0.03529453614124228,0.018892437192826184,5.129822529381656e-05,0.0,0.0,0.0188328242223309,0.001516555962970234,0.07609002674629572,0.001508470726891975,0.0002996813199891424,0.0,-0.0003119516798709143,0.017491149929073413,5.551115123125783e-17,-0.003622953767541126,-0.0014360592941823902,0.0,-0.007201914729294434,0.0,0.016445220295747354,0.015657567690443852,-0.004855391641199747,0.04543517233767247,0.0023687725355188705,-0.004354373629126607,-0.00658311136302886,0.024692051443017893,0.022763349024526314,0.03363770495542978,0.0345052761914989,0.03282266590528149
-0.006029367094527338,-0.013065628684240382,-0.002462254834406097,0.000746105052645829,-0.03314169129641448,-0.018947722841141712,-0.013496760341775549,-0.001656285841491023,-0.017027546014955153,-0.0032885050241715508,2.163676200539477e-06,-0.0044638239779020705,-0.002662898542281966,0.0011694310238203331,-0.005324676620507396,0.0007769087720082557,-0.03328438774805731,-0.013325950994937663,-0.0016681199191687646,-0.03307090001270968,-0.017579652517934086,0.0,-0.005823393559611589,0.09541962896172174,-0.02170179892950458,-0.014112974886254459,-0.017730384283787648,0.011551803875902544,0.006085173294959001,0.019019228687854606,-0.013597076828990973,-0.02953669698639566,-0.0027473797462642113,-0.01863892960676633,-0.017971259921344906,-0.018186349402415813,-0.029251756005375606,3.349551663400785e-05,-0.0037203237995208083,0.007932357390601386,0.022617430960245544,0.009586404856781583,0.004999016232777764,-0.00034709213581046727,-9.760009626380572e-06,0.003881436312406561,0.013840064284556086,-0.002359789482016872,4.799975356906128e-06,5.99026601116881e-06,-0.0011997380400238788,0.013915146044095994,0.0033202409516593923,-0.0014950914543744864,0.0018879083138162445,0.0,-0.0006417171315892811,0.009339661556130197,0.0,-0.002715751547612555,0.004643361491292464,-0.00023053140114087656,-0.001824622936810183,0.0,-0.00035418977760148795,-0.015049897910321852,0.010343234021410852,0.011172698340649767,0.0003633244078868336,-0.00594206792886115,0.005410020212103572,0.001168458623354407,0.010700608896685893,0.011332143611823609,-0.011015529406735947,0.012874899912187598
-0.003629536493876484,-0.032208516450852154,-0.06262039177203121,0.026991166368311448,-0.0043501100829559936,0.008340829610718359,-0.0072639601508083795,0.017347650205039755,-0.026430245779657247,-0.008639561234636606,0.005376376289161933,-0.025842897493152384,0.005895299663024323,-0.003452781606416766,-0.02438250803096953,-0.008878995019444669,-0.000853057013635139,-0.018321256174015088,-0.06036460043399561,0.017914847349152774,0.008996684706241598,-0.005823393559611589,0.0,-0.008726399162827136,-0.006299995976911277,-0.016288254583720074,-0.003210757850559298,-0.006272112557716314,-0.010352304995448758,-0.02153472240415677,-0.018471507250541752,-0.012756233646964155,-0.012561821973504361,-0.007309651428230202,0.0029033810800797033,-0.048783485059453846,0.009441473421807955,-0.004211055107368578,0.018785895212849235,0.009316590975011696,0.03373991337963256,0.017094985572986943,0.007033921880010563,0.017141355829576765,0.0012425434939911106,0.0023326510343544826,0.0063135132975302155,-0.0430781706510846,-0.0009112296025302058,0.004777028387909943,0.01451292928882486,0.02307603200963071,0.012731501414057877,0.01062939958459308,-0.0008352181401824477,-0.07118166572804308,0.0014249148603528994,0.01976379472435197,0.02387688454274317,0.021328546792902248,0.016380530842576735,4.4045445594664834e-05,0.03347206887077586,-0.1449785371453584,0.01418133826197876,0.03180836864678899,0.0012981473087214646,0.0318543490325236,0.0002875409913000726,0.015134303533878624,-0.01652336858991693,0.016482084300385003,0.017218474360123748,0.014857538871133447,0.017479606157424388,0.02216845293510039
-0.0003975467137592448,-0.00610272818157831,-0.00024425652888326876,-0.002034347235000844,-7.453592185674429e-05,0.0313959378642808,0.006127816729016022,-0.012174826276667383,0.013196720693878394,-0.02235242299040996,0.001103850882038293,-0.004658997004819421,0.007615544855196998,0.0005255190808004517,0.01926546012862823,-0.018943606737227836,-0.02618478488920245,-0.010508064185379196,0.002168423762160865,0.011658697678316066,-0.0028944061066886184,0.09541962896172174,-0.008726399162827136,0.0,-0.04076180763630599,-0.028173544956111962,0.01230996186557698,0.017594124519727472,0.005647150102345455,0.0002825600297522435,-0.019575272261331267,0.06471948345728795,0.009145442322124941,-0.008877821990979085,-0.08647706386284687,0.00809503704378367,-0.0031960109678856874,0.02194878175357126,0.04216479473669105,-0.0060091129207777705,0.047520423941312895,0.012073325324782225,-0.0006560136487658852,0.0005795167474771379,0.026861195927906645,-0.025944492245461914,0.014817800659079838,0.0,-5.551115123125783e-17,-0.00017397144087538674,-0.0002282952602036259,-0.00017341680223836864,-1.6653345369377348e-16,0.00029589422808978805,-0.032245259204397636,0.0002311422798837448,-0.011202952450997006,-0.0021367563605571016,0.0,-0.001269852039768704,0.0036623177009745267,0.0001361281562676231,-0.005853571474781383,2.120060879662322e-05,-0.00107925041105833,-0.0021617626912741605,-0.001883606616871536,0.0003409524265524655,-0.05299415258383455,0.0015857245897922811,-0.020035778208013832,-0.0011278393961720035,0.003485723492249404,0.0026612248437107855,0.0,-0.005288554914795518
-0.01349508777681696,-0.004780139955462892,-0.006987714041948256,9.13352319926175e-05,-0.0044368462301951905,-0.012605351312375668,-0.004571224593647449,-0.00470466662772856,0.000555929093688956,-0.026059332119257872,-0.008875924990927486,-0.03234837008465152,-0.019314609375004566,0.0006581287228602517,-0.010837444113308947,0.00012432734871753448,-0.015208678267595754,-0.003331326275746449,0.00023114892364239914,-0.009298446476197986,-0.005530665046998895,-0.02170179892950458,-0.006299995976911277,-0.04076180763630599,0.0,-0.021913756226900838,-0.005933579442099712,-0.017677772924135193,-0.01415759026267277,-0.0013337729788592823,-0.037814709202695806,-0.030107589762766895,-0.021590095303870238,-0.03180165829394527,-0.006774769942570147,-0.0993698314009871,-0.0005886139710492011,-0.02496476408234083,0.0013190919367170317,0.011829489711615293,0.01103611017966738,0.009296071738167655,-6.644954737788922e-06,-5.551115123125783e-17,-0.04977234128966518,-0.025898498545754045,0.01726140449870267,5.551115123125783e-17,0.0,2.220446049250313e-16,0.006857302720468528,0.0017406195853848505,0.0032764286596901893,-0.001108439855304788,-0.0021167000027783045,0.0004077481220607915,-0.009216170280431146,0.0024536432914227246,0.0,-0.010756857776428652,0.010432454225300924,0.007138472366479298,0.0036837560731033947,0.0,-0.00108550129163687,-0.045164459296683945,0.007345432331213819,-0.006009511895718689,-0.03874378334196765,0.013136079906751807,-0.006351456319673987,-0.006560786406651586,0.011199222535136943,0.0037313120301238345,0.0,0.010987561262363776
-0.020483248199428317,-0.011917061399641826,-0.003004153620885852,-0.0013668994566103931,-0.0003971670792518589,-0.003482922021071033,-0.004474212992849946,-0.02531164942279479,0.023663844762882524,-0.027802667080637944,-0.00858077948385011,-0.015309930868567523,-0.015183848682801315,-0.01966769024751225,-0.013295150083003582,-0.010425778753611725,-0.02923675664517905,-0.018916336199310546,0.0016173188580509423,-0.02334932035111431,-0.016122540032588784,-0.014112974886254459,-0.016288254583720074,-0.028173544956111962,-0.021913756226900838,0.0,-0.02909160094223434,-0.021028313851225222,-0.014960490813474059,-0.0048873028782823735,-0.034074361753973714,-0.03318292731288219,-0.022071707970903687,-0.028609007216474525,-0.025896737131382574,-0.04308526494120013,-0.0016570742378151926,-0.017705322713665927,-0.0161451831572752,0.005552089317535869,0.012992850785623511,0.007306904152763305,-0.00025594250535587726,-3.743948464740576e-05,-0.013992831942105655,-0.027832445302546194,0.011894645424181893,-0.0011541890617977613,0.0,-3.450266513993494e-06,0.0032974775232057496,0.002399902895021344,0.004308206549576421,-0.0006887293027624808,-0.003956968576888931,0.0,-0.010246184694692129,0.01686588865192512,0.0,-0.01598109912502743,0.004828685365624197,0.00284449718991564,-0.004807681312335055,0.0,0.004430880995377751,-0.03437872532136399,0.009644565856389897,-0.03419520298402673,-0.0442149028139488,0.001313755849968068,-0.006107882947121057,-0.01389775839821239,0.03745715172539532,0.0074885450810938115,0.0006911212154860347,-0.003752915796946643
