0.0,0.6265777784115696,0.388502882222647,0.0,0.3622349392016283,0.6573661681619907,0.47739667444499395,0.49432744410214385,0.4264315616811867,0.15222960120200896,0.44398930135077963,0.29453981143955943,0.6163694309929508,0.2710948710866021,0.630223841209457,0.8475124004486396,0.4037153175143039,0.6187698449123782,0.0,0.5315520141049599,0.37981267051015144,0.5751343418870785,0.5977811610810246,0.670652710800494,0.41056848391898454,0.518872955252502,0.6048260068980731,0.5506013869129955,0.4733710874845853,0.6781115252023793,0.4019164981051767,0.4044470450267238,0.6527816917841469,0.3247443877808057,0.27908565215007675,0.5213652218577894,0.43448051536577315,0.5459635990800119,0.37273764162121364,0.767151186035109,0.6087939385180948,0.5349416235774063,0.46439693599962706,0.0,0.4490120000381642,0.4677308881571665,0.6476421105871443,0.0,0.0,0.0,0.5302807873133668,0.0,0.6048684377486172,0.0,0.5542608919469526,0.0,0.5694891029789846,0.7342067705581401,0.0,0.5739816905901153,0.6432858914282117,0.2816437982249479,0.5730588394538036,0.0,0.4837489681857178,0.441952421356611,0.6697488443759405,0.6277495518991645,0.6001387909792544,0.6664892093614974,0.49411606118870965,0.43005775178078764,0.4148885410737422,0.5452855134445488,0.0,0.5912451845654356
0.6265777784115696,0.0,0.5739220666385761,0.3468584622797964,0.3002812764340256,0.37977412462416404,0.3546166404620046,0.6098591290288228,0.3333232870262188,0.22711157684758926,0.3165788227296643,0.4388811484525491,0.41193479382431986,0.5604050354326823,0.4356855039238631,0.44012579998689405,0.6017627344954612,0.5377574902626284,0.6049018581784251,0.5262355636842039,0.5061040922501061,0.5484114698662155,0.45132736778770044,0.38394375055236485,0.5054841611214466,0.43858194339763057,0.3652847844124747,0.4481092049629847,0.27198303832024895,0.4315189685963829,0.3838778263108922,0.23267318163915535,0.5094345161977313,0.3466462622809471,0.3791428067509784,0.4959033127307668,0.21369063860625842,0.0,0.49406933923169216,0.7401198907305353,0.6120288859522911,0.6157872503545432,0.6378401719259088,0.0,0.0,0.5708545337511444,0.709384093477808,-0.026928567146250526,0.0,0.0,0.7491802560094758,0.6286601941591701,0.6066904208004639,0.5529789331060759,0.5955026689476051,0.0,0.4230748919379736,0.7659626152802714,0.0,0.6171108207416622,0.6240383645929859,0.6076697751061177,0.6263709165219795,0.0,0.6937064189643083,0.5319262996533752,0.8414024674146391,0.7238686968463256,0.3561636820598404,0.659407188077055,0.5803000110776563,0.6260469282803562,0.7774400351745135,0.7414119670936254,0.0,0.6874163566975313
0.388502882222647,0.5739220666385761,0.0,0.6078996878352132,0.5370796344797475,0.6416108793816423,0.615932286940683,0.6464141192301635,0.29403948449552203,0.5243774163643984,0.4419550254014357,0.6148700359696742,0.712791808658793,0.46087898217066114,0.35266542732722106,0.4172335579053831,0.6707974423378453,0.5426922745619647,0.23508430229522376,0.3825542436259919,0.4371069516982315,0.5478156231776057,0.13954202965035828,0.4121578138067371,0.48595038579783756,0.46709757721596057,0.5355608251518553,0.6833690683503664,0.6334598312813248,0.6545969502484361,0.707526129661747,0.6829842197795303,0.5184379464682485,0.7031109719551303,0.5878315838283455,0.5323185087455953,0.48170152407675193,0.5787478515621027,0.7386062910042298,0.4964873838926419,0.6120418233441255,0.5335479062137333,0.7611269461575224,0.6817284062436396,0.0,0.0,0.18719088084347119,0.20634846410190225,0.477380930590309,0.41581559589173467,0.6189674218177779,0.6205442128555358,0.6895853952500066,0.740793129922367,0.3537191256838995,0.4243281747496998,0.501588794341089,0.666387369479507,0.6477500901895343,0.2856169411370042,0.0,0.0,0.0,0.18256892663392382,0.6931447752307458,0.45516990276158187,0.1562751063608761,0.6937518801894682,0.0,0.6220699575552644,0.3785604082085079,0.8110731275523808,0.7416981212913799,0.6418623573891203,0.6848277960537317,0.29959159160278087
0.0,0.3468584622797964,0.6078996878352132,0.0,0.28364307312939646,0.5713819972529077,0.4082692345753467,0.6552579477280351,0.7157893015685469,0.3885793743764535,0.5424218136172877,0.39182793462673726,0.5273303314404062,0.5842122835316094,0.6014855533902781,0.02221218824878811,0.5872896138715975,0.46453195841765704,0.6781602838288942,0.6243467327633152,0.37099027591768147,0.5565858732166213,0.9566624813699414,0.23934989569670623,0.8532785974676398,0.5677325321309405,0.7584586917847179,0.5991607855663503,0.7852054360842895,0.4707677873174667,0.9105712180980523,0.5064725649374002,0.6067598768474787,0.22000620675179475,0.7469377303260427,0.3375973251941947,0.32567814966627684,0.3702804741882949,0.19431019773073965,0.3106051803522105,0.3839563631346457,0.30734939284394275,0.2540514064023326,0.2433928910761684,0.0,0.0,0.0,0.44337815825500504,0.0,0.0,0.581114289575273,0.0,0.4649258565248606,0.029636577204596677,0.0,0.19687141711717962,0.5229577450414185,0.4857330872812377,0.0,0.0,0.0,0.0,0.0,0.0,0.0,0.0,0.4843498410695023,0.863257669540052,0.0,0.0,0.0,0.517949840826794,0.5136032328977144,0.6357610157327775,0.0,0.0
0.3622349392016283,0.3002812764340256,0.5370796344797475,0.28364307312939646,0.0,0.5666180136955664,0.33309496444788805,0.5300157206811196,0.42732505865347037,0.4642996057043999,0.3913872663579132,0.5751008162429727,0.5923682458930981,0.3074993045369433,0.5278097126656975,0.3864065987351756,0.5926118416328827,0.49932923871991686,0.522239914586361,0.41939925457173577,0.5427672627338977,0.3533210899552329,0.5238548950042279,0.5283875155077687,0.545542104147756,0.5367379285177667,0.5372839309144939,0.8601324179776242,0.36252476713156434,0.44267890834886214,0.6810833002370792,0.4513033513505267,0.5182981902976262,0.6689435450230241,0.43633831273818174,0.489264424380647,0.20372236406344157,0.8565199943912897,0.4774598165501843,0.6487462965681444,0.5337958780854851,0.39574713876324186,0.5100222895362599,0.5986604272099769,0.27893364479459726,0.0,0.43764819329373356,0.6344174150611905,0.0,0.6152696624924663,0.3734355297876347,0.6266519855508867,0.5761305781674394,0.7106632519578582,0.0,0.5387961004653111,0.363536758997316,0.6506954222170973,0.5282288981466832,0.2362263332118088,0.5121691687492337,0.0,0.0,0.6447698372048576,0.3082098948749215,0.4367730125497346,0.33403020446345666,0.565393505702007,0.0,0.497827675497266,0.5153252320712969,0.4369818365951267,0.5082728587718356,0.39348680958048543,0.0,0.5422709231207118
0.6573661681619907,0.37977412462416404,0.6416108793816423,0.5713819972529077,0.5666180136955664,0.0,0.49607496449570315,0.5924523693379136,0.5272545144838667,0.637839678407032,0.5850408747102731,0.7157343995072827,0.6685576956615564,0.551258454597394,0.5862484442419977,0.4491684266165411,0.6416694710416861,0.5138843250263867,0.6628739952180602,0.5392258772668206,0.730083397257151,0.3770443209520883,0.6721065458049039,0.6325327277493425,0.4920599354798588,0.6439258785959847,0.6234521011471856,0.7369309185723559,0.4503970600378252,0.48142588565495725,0.7158487015137086,0.44112579855120976,0.4606595814199407,0.6985624462594147,0.6429724417456183,0.572648260927388,0.5936424180496845,0.6767056852233662,0.7577872930754694,0.3467569871492273,0.8221004980991182,0.5472500629979428,0.4087058264804862,0.7240347582608504,0.22260418871110632,0.6030237186239351,0.5720192090744333,0.5867262729714006,0.5978371658150111,0.45805870068738314,0.6654379365338486,0.7105828323070458,0.6795285028713836,0.6861168088997693,0.70514829612501,0.6959264936299914,0.35802950486051266,0.720957454635123,0.5884257128433693,0.5805474920848978,0.5738689329260589,0.0,0.5263781324334285,0.580736660745812,0.6231055032552599,0.575736196854661,0.5807423050046719,0.7386580728791511,0.5762515721941683,0.48252462091720905,0.45995445798748247,0.7068345267929539,0.6838603951876081,0.7313035226481404,0.6597162175341127,0.7475454356161095
0.47739667444499395,0.3546166404620046,0.615932286940683,0.4082692345753467,0.33309496444788805,0.49607496449570315,0.0,0.4324120988703146,0.4701262954611457,0.8459188423619938,0.6478139875862288,0.49808751187060796,0.40918596452825595,0.5569415144768303,0.5341936049425614,0.48913772516041576,0.6569295157644939,0.6583430880940071,0.5817498725200652,0.5694939996142623,0.2889579378805287,0.48363168837703086,0.5572422223149454,0.5852124944142665,0.5667282953809907,0.6343240844645646,0.48872333660624745,1.0547148976205727,0.6373888630566473,0.17799721655459966,0.6085298784418949,0.7612387697464837,0.5231858630766079,0.6256219119360719,0.6709850285498138,0.728472895656869,0.32741344304341036,0.7210956591555406,0.6389168534331302,0.46261079936945804,0.5175018776272369,0.4862286783319705,0.7488919843888354,0.8538566712966751,0.3584846950593596,0.0,0.5892275083529059,0.43356074033099146,0.0,0.5654013450970858,0.5468274824733601,0.711449853182316,0.5510591524264993,0.6448818254841954,0.5795541011785577,0.4270586182308938,0.42470207633253865,0.45602258346900826,0.3328710184905306,0.352184562006279,0.5988122074476492,0.0,0.5425440074888809,0.585053380239059,0.6515348665901114,0.5002933014396886,0.590993330567503,0.5891749027914551,0.46801912371116683,0.5941857538315087,0.5709948079239953,0.48284289030779826,0.5444112953246267,0.41205556354608575,0.7505571413879477,0.5412650866829888
0.49432744410214385,0.6098591290288228,0.6464141192301635,0.6552579477280351,0.5300157206811196,0.5924523693379136,0.4324120988703146,0.0,0.7392056400541662,0.19720541057810076,0.7191906203294378,0.4384237387100193,0.6360944638251459,0.7562628089508949,0.5246208008469452,0.6647172937943477,0.47869396707004447,0.5017788634140862,0.6086129444323791,0.6017556968718626,0.5676437130205314,0.5341088097697986,0.7567536972563429,0.3961257014729566,0.5896102080533652,0.43694941337335536,0.6638991690756271,0.6465780092207536,0.5623628413237611,0.5474993270863173,0.6542003180944069,0.586369371044317,0.47376599148331083,0.6210964460054558,0.50674745475156,0.42112121508665334,0.6097139108734893,0.5922704058457937,0.7778823230637635,0.4634241167985417,0.6466857274773989,0.6229093206187408,0.7633731737587479,0.4874978752318518,0.0,0.588884062518114,0.35665223399433726,0.6473958641390204,0.0,0.7775416367218067,0.7091031930699423,0.8428371045030565,0.6314969876980565,0.7271701408110856,0.7969801422111873,0.7486760690317624,0.9504993343974646,0.7481319047529505,0.6550468657944988,0.7231499515030942,0.38749209257887657,0.0,0.7218081720492537,0.5960459884383063,0.7524012839161709,0.7150152278572642,0.5196726833806641,0.8235176930694771,0.0,0.49926080228874314,0.4514005115906358,0.7651390342267772,0.7032670164039128,0.8044954652173908,0.5355242487522123,0.6351144341320933
0.4264315616811867,0.3333232870262188,0.29403948449552203,0.7157893015685469,0.42732505865347037,0.5272545144838667,0.4701262954611457,0.7392056400541662,0.0,0.7259300724383408,0.29178545909487796,0.6687091952801764,0.7919742557284257,0.6177868875848893,0.6713214422291154,0.44417920830853985,0.4198697235657648,0.6717162503902269,0.3378110956937364,0.5795456590219484,0.4388318416729857,0.44935150769632526,0.4262973962553749,0.688516121061588,0.5643599839339765,0.7876856425628677,0.5520991705597951,0.7676164624413663,0.5160376303575749,0.6269904068388383,0.759727093999152,0.7864635187922837,0.6558148605618785,0.7802106315982794,0.7557408858443804,0.6816896347310548,0.680029882719331,0.8373996107845276,0.7012832146129719,0.5676087061146622,0.7090454481319728,0.30065585898338565,0.7687753636050844,0.4211642778491045,0.3041831867722746,0.0,0.5028890428515672,0.5737450151093998,0.4805859051615068,0.83341178755118,0.6542340075375702,0.7387905438234407,0.8110098064742959,0.6248573759098545,0.23993938011346372,0.7991224568081259,0.5017924500590971,0.7072370757496153,0.6883395407255695,0.42264497547412416,0.676522218350184,0.0,0.0,0.6492980233435584,0.6110869528411828,0.6486075084406664,0.5670075461190629,0.7632912243420904,0.3319826320290107,0.5666573732072605,0.26746569504059053,0.7526302470168739,0.5617101180886763,0.5127686404638518,0.48255619501094804,0.6586659070700909
0.15222960120200896,0.22711157684758926,0.5243774163643984,0.3885793743764535,0.4642996057043999,0.637839678407032,0.8459188423619938,0.19720541057810076,0.7259300724383408,0.0,0.6411706958302736,0.33779867595264496,0.6182984274979166,0.8436371029334038,0.19491564595195526,0.41740429643195276,0.35593652408855236,0.38092964012054065,0.6108138935508133,0.16995002199305786,0.09099617555453998,0.4811529153940515,0.4878004746348231,0.33655590865048474,0.5390006039467702,0.47252518792934195,0.5453241565817976,0.49975253308766143,0.7265120027114251,0.39145316108945116,0.46784357088418727,0.2324770288170439,0.4198187012709481,0.3977343764597151,0.6236740292375125,0.47656205301237486,0.18902400125455887,0.45801295536968967,0.29451232829428786,0.3136100738066926,0.5680961469220625,0.3765164082793422,0.35942448783490444,0.36715622791468305,0.3663115080264365,0.6320591071431432,0.5163695532800809,0.17950501285396248,0.47397819734919566,0.42254950410406433,0.5089664938401837,0.47576279695283225,0.565939961282414,0.24862171144746628,0.400955489483942,0.4292946095150983,0.4373351663438191,0.6048676962350378,0.0,0.8736041726447329,0.7372313335603693,0.5358287579038653,0.5813983959735222,0.4782984459794393,0.48453101553792643,0.5432425735551101,0.36722447779091005,0.5850834238985078,0.3339152446930935,0.6085505034895924,0.522528267362086,0.5618391136027545,0.5692382738338984,0.4413419568170838,0.0,0.5351907412287926
0.44398930135077963,0.3165788227296643,0.4419550254014357,0.5424218136172877,0.3913872663579132,0.5850408747102731,0.6478139875862288,0.7191906203294378,0.29178545909487796,0.6411706958302736,0.0,0.70421686738441,0.7256340424896401,0.6822935686750609,0.0,0.5075939341170426,0.5128573659685012,0.6178338808934505,0.34629996817951103,0.510642750357038,0.6178035748314553,0.3858226320409791,0.5630454006068883,0.5706726361085106,0.5292946728913668,0.5388969249703409,0.6504855204448439,0.7261899370027128,0.40126957374205596,0.5296446673593194,0.6616988706812215,0.6924561822094556,0.6527557802171039,0.7402297136826672,0.7212406797567448,0.4708692901890522,0.7168574411640942,0.7284336894653555,0.648626808172601,0.4882602179715815,0.8118653049289944,0.4928884970539069,0.7189248531441893,0.5791179785467924,0.21102960513232638,0.0,0.0,0.4000910798108218,0.4763906716936148,0.4082762407241891,0.6660573801319096,0.5169407786444986,0.7839740061935467,0.5523405205117868,0.5322354922807258,0.49480853300547645,0.4438052678386759,0.5846107230020446,0.8141455363824204,0.0,0.0,0.0,0.0,0.319751601143151,0.4080975853321637,0.0,0.740038343456819,0.7324361398474033,0.0,0.0,0.9995865599435575,0.754091264426362,0.5325791266108237,0.38512500509943504,0.0,0.591178400477312
0.29453981143955943,0.4388811484525491,0.6148700359696742,0.39182793462673726,0.5751008162429727,0.7157343995072827,0.49808751187060796,0.4384237387100193,0.6687091952801764,0.33779867595264496,0.70421686738441,0.0,0.7760343190762333,0.6171745756489946,0.3787001671794189,0.6150586692489909,0.4873373698760457,0.42997567419047533,0.6394853045456022,0.5050098031193634,0.3539572352993149,0.4212557280956329,0.31046184593715664,0.4272513386561939,0.3779222474750068,0.43080966611853455,0.5885898914777146,0.8997193975402169,0.6054696933529784,0.29620227185137693,0.5344444937649958,1.1033394183594825,0.568587572208149,0.6334458115440809,-0.10438178923461833,0.38331796323186307,0.3986604827414999,0.41933385583561267,1.021304351212596,0.41533723211312307,0.7933071495542965,0.35020562359372265,0.42438292010517786,0.4369281072361081,0.39423641308955093,0.5169561292270453,0.538351837202738,0.30726379549502225,0.19265345993056113,0.2570321403864838,0.3342564180665904,0.49527463849196157,0.24705778823493296,0.4304507863617152,0.5913608412931003,0.2667878442832481,0.545940700041906,0.5580429213939034,0.7121809579406666,0.6322057230167106,0.8400920923383776,0.5627573065923431,0.6417073662844864,0.3529340874312707,0.7505268245886632,0.7391829947166243,0.4118159047416755,0.45403351405564096,0.3772952108198548,0.6455857810251739,0.5591347202069168,0.3271680645951749,0.6562307392816751,0.5455434627999808,0.0,0.7073751940554094
0.6163694309929508,0.41193479382431986,0.712791808658793,0.5273303314404062,0.5923682458930981,0.6685576956615564,0.40918596452825595,0.6360944638251459,0.7919742557284257,0.6182984274979166,0.7256340424896401,0.7760343190762333,0.0,0.678534710857795,0.5439081420695275,0.6214917035722268,0.5102863157630686,0.7919353334636082,0.6822336796341193,0.7353537167396209,0.5135754301306301,0.5664475047763696,0.7088569162323559,0.5395894525053254,0.534550348305364,0.5669791206737624,0.6888747716050125,0.8061946030663049,0.8333675787126953,0.6686569450705626,0.6925799248942048,0.9171486885735365,0.6869260254321723,0.7640259078714062,0.519508642144082,0.8532056026443375,0.5008449966394944,0.8198159913966963,0.7605228787087223,0.5092375750696753,0.8425144814292561,0.4241956161538532,0.4891033001756956,0.3808264966565793,0.4845793795897698,0.6502362593694047,0.6600210038721706,0.5897645082528825,0.0,0.6881544813204319,0.6011592263633233,0.61829032877935,0.6361132567455741,0.7216444922397414,0.5576412487301496,0.5328044383871476,0.535108246696619,0.6713375980494829,0.41090839182583827,0.44462243538220836,0.5576531978269778,0.40599474725997364,0.5475405881394204,0.5523943391220256,0.5183182294911054,0.6002918301461324,0.5309451266490298,0.750170748529336,0.5021357981511371,0.5346601136819865,0.545164033010658,0.7060840376240621,0.6609748631061618,0.6177741501307615,0.35156451932222904,0.5820801779263975
0.2710948710866021,0.5604050354326823,0.46087898217066114,0.5842122835316094,0.3074993045369433,0.551258454597394,0.5569415144768303,0.7562628089508949,0.6177868875848893,0.8436371029334038,0.6822935686750609,0.6171745756489946,0.678534710857795,0.0,0.517185855755876,0.6295404911333653,0.49257643561179587,0.44815455547222266,0.625639012426575,1.2035369106533684,0.45259487227598266,0.3093568386335669,0.615965889286846,0.6529376025058637,0.504444519220564,0.3195874593726822,0.5546453507552426,0.8970974129252733,1.0528114515032192,0.8635756856728992,0.6618978580152701,0.2728308671097093,0.21447891090885082,0.7211788283527321,0.4892041397668523,0.2822600226468593,0.4257778535203074,0.40051860038159015,0.7133005134629964,0.0,0.7019154253132162,0.8297010258997513,0.6120324329702067,0.4766466507587812,0.0,0.0,0.0,-0.1832258517525005,0.0,0.5634760338222053,0.46966027751635775,0.4603896548015149,0.6557305289036373,0.4690908483448087,0.0,0.5856089300697955,0.39651470936791255,0.7762935551862336,0.5095372460191869,0.0,0.0,0.0,0.0,0.5608055424857348,0.0,0.0,0.0,0.8355521651333503,0.0,0.0,0.0,0.5040014169663207,0.783302082979529,0.0,0.0,0.0
0.630223841209457,0.4356855039238631,0.35266542732722106,0.6014855533902781,0.5278097126656975,0.5862484442419977,0.5341936049425614,0.5246208008469452,0.6713214422291154,0.19491564595195526,0.0,0.3787001671794189,0.5439081420695275,0.517185855755876,0.0,0.5766464158983637,0.034748037377398566,0.569597541955928,0.0,0.7295982893283223,0.641754749474014,0.5902479476051664,0.48409539113767863,0.6183460691821476,0.4835608058635238,0.5074795555479356,0.3944453541071707,0.5576831289196946,0.5930357178608553,0.5020713307493527,0.554542259050068,0.3230695529114393,0.5992985071529444,0.5187812008055717,0.5420713050396884,0.6560793747035267,0.49577684065280486,0.368495941447456,0.3728824561619814,0.7248756641362563,0.6591869147794994,0.5657404694077792,0.5178220186941607,0.609675105621573,0.0,0.42592548637613825,0.7270470992099791,0.45582241092047093,0.0,0.0,0.5101838143128936,0.6903255787834804,0.6845499610731278,0.5390996771774594,0.0,0.0,0.6823731683929029,0.6348167441938564,0.47473771733000425,0.7526523900532944,0.572590250200021,0.6309781005998792,0.6677332280194099,0.0,0.8421981428219758,0.6018065770412382,0.8427423353061465,0.9068451315707183,0.4582117408080524,0.5685119307235633,0.6381079818887836,0.7633240261735907,0.6501087142469444,0.7181598890765313,0.59527303578675,0.589606724609604
0.8475124004486396,0.44012579998689405,0.4172335579053831,0.02221218824878811,0.3864065987351756,0.4491684266165411,0.48913772516041576,0.6647172937943477,0.44417920830853985,0.41740429643195276,0.5075939341170426,0.6150586692489909,0.6214917035722268,0.6295404911333653,0.5766464158983637,0.0,0.4356201967411094,0.6927146777124443,0.5139308919355132,0.6112116875000201,0.5907358665697158,0.6873204686234854,0.6480344247666271,0.45316776796123664,0.65624511068369,0.6056184792450949,0.5747270878110747,0.5388558704755442,0.511507612096482,0.4139346111852438,0.5136511160341699,0.2959113091062138,0.47661861024659957,0.3946675075478895,0.5181445931583222,0.6660507126862605,0.43419772064626094,0.6007107263558848,0.6206708344039422,0.677356805129741,0.7528105089307761,0.6387420765599509,0.4655865130275535,0.0,0.0,0.5447370345941571,0.808706376373185,0.0,0.0,0.0,0.7438818937338023,0.5933568548074717,0.8645051224869581,0.0,0.5681417185746918,0.0,0.483331944236951,0.6361819926361614,0.0,0.621083000392562,0.7405093868327245,0.5518659912341184,0.7639174545454464,0.0,0.6235709953154054,0.7365994360617063,0.7514385537511349,0.833000362276835,0.39239041911954736,0.9288109241452085,0.7322064439214012,0.7198451982229903,0.6098356572723223,0.7493819451690636,0.0,0.6137401126712934
0.4037153175143039,0.6017627344954612,0.6707974423378453,0.5872896138715975,0.5926118416328827,0.6416694710416861,0.6569295157644939,0.47869396707004447,0.4198697235657648,0.35593652408855236,0.5128573659685012,0.4873373698760457,0.5102863157630686,0.49257643561179587,0.034748037377398566,0.4356201967411094,0.0,0.5365629883935571,0.7106185035266943,0.20255084003249715,-0.2514246370608234,0.371859424949543,0.49158413587865346,0.4321427856426725,0.4797760962454415,0.33562805518746686,0.650675861694317,0.6916823923675126,0.40385250468869893,0.5164376564690067,0.3618729288315235,0.29552771321265026,0.44651984000994205,0.2604362576615898,0.22326956479425453,0.6267023106338058,0.26078489091674173,0.32201848638491665,0.7155621935992205,0.22643377668443343,0.6975923942318852,0.5344167557338381,0.0,0.0,0.5856941118578588,0.640289137711277,0.5769950854476118,0.0,0.0,0.0,0.0,0.0,0.0,0.0,0.499843113334704,0.0,0.43544199512811665,0.3212531736764874,0.0,0.7784814544386539,0.7076981159352335,0.5274953067408765,0.6108020088823766,0.0,0.0,0.0,1.5112214979480978,0.0,0.5077647624844492,0.7298081438014891,0.6565393137556013,0.0,0.32986111775506943,0.48129452716203913,0.0,0.8184077372027098
0.6187698449123782,0.5377574902626284,0.5426922745619647,0.46453195841765704,0.49932923871991686,0.5138843250263867,0.6583430880940071,0.5017788634140862,0.6717162503902269,0.38092964012054065,0.6178338808934505,0.42997567419047533,0.7919353334636082,0.44815455547222266,0.569597541955928,0.6927146777124443,0.5365629883935571,0.0,0.5371646163263366,0.6565174673209326,0.5078356516396269,0.4702556726420931,0.5319276497236898,0.52776145252037,0.6270944248571169,0.42446003106374675,0.7102416816771149,0.6065683404179223,0.49795242814150376,0.5338623640567897,0.3463897739038174,0.3035561233065084,0.5576955015040621,0.4043123244801097,0.36569410353715276,-0.26694209505365796,0.2622713124168666,0.2871010448293498,0.5410402807264032,0.6178162930574358,0.6418957850884369,0.7981378012593721,0.0,0.0,0.526926856762023,0.6509408282850896,0.8069098427102573,0.0,0.0,0.0,0.5489131081752878,0.565812208540865,0.9187041453949653,0.0,0.6243875137056792,0.0,0.5625352153512997,0.5382327183411644,0.0,0.6759965286393592,0.7327087745506043,0.6888662874434324,0.6566494313788764,0.0,0.6022947004114414,0.6546361756566876,0.7890011499228717,0.7847409958673754,0.4697770407088565,0.761027483334491,0.6951280108841998,0.5055220544148412,0.6381190402515851,0.5834317550158503,0.0,0.8096469817324454
0.0,0.6049018581784251,0.23508430229522376,0.6781602838288942,0.522239914586361,0.6628739952180602,0.5817498725200652,0.6086129444323791,0.3378110956937364,0.6108138935508133,0.34629996817951103,0.6394853045456022,0.6822336796341193,0.625639012426575,0.0,0.5139308919355132,0.7106185035266943,0.5371646163263366,0.0,0.5257498257751985,0.43465137662054726,0.6450467825614272,0.22945301566610218,0.5204358874887649,0.5525823935220654,0.5543279312988816,0.5674884718697335,0.7220465710915056,0.6083139539025786,0.6159415620281786,0.6667997318008805,0.7316034301166997,0.2632020241411054,0.7072133424015485,0.665210020914776,0.6696517867589957,0.5980924171647981,0.8668027638124483,0.7459506528169367,0.4050038878758788,0.407366078327264,0.2500105319186854,0.7749574649118554,0.3433819038367413,0.41360275038975897,0.0,0.0,0.14610051992615242,0.0,0.5014757632640465,0.4712319329113768,0.6122151534821714,0.6229500572112252,0.6578743544173418,0.9768747406713739,0.34247256351857264,0.5660259164050159,0.6135873431581058,0.823714965241616,0.0,0.0,0.0,0.0,0.041913227336448255,0.48099561063497986,0.0,0.4429299163565509,0.6449727046276772,0.0,0.0,0.0,0.7583788767576551,0.8240581791379378,0.4974770090025544,0.476219438048295,0.565914994539036
0.5315520141049599,0.5262355636842039,0.3825542436259919,0.6243467327633152,0.41939925457173577,0.5392258772668206,0.5694939996142623,0.6017556968718626,0.5795456590219484,0.16995002199305786,0.510642750357038,0.5050098031193634,0.7353537167396209,1.2035369106533684,0.7295982893283223,0.6112116875000201,0.20255084003249715,0.6565174673209326,0.5257498257751985,0.0,0.5099985416330535,0.2977279521768815,0.7478772830958134,0.6617000204031249,0.5570178963613573,0.4255734809669427,0.29906429452445704,0.6879726838102342,0.8280750835045217,0.713508553665349,0.5066036774108651,0.30298371282779385,0.5817724994814093,0.5123791675910273,0.6330077609528653,0.9034548973838807,0.5040350181909483,0.7865364841452681,0.3102620986428677,0.5461494730988123,0.6023617230128222,0.43549413322193825,0.5265521113848433,0.22655100626755875,0.2310878626969061,0.5545361834630609,0.6623774790639968,0.49244232617990713,0.0,0.0,0.4546452246930679,0.5899676402962277,0.6737916809323989,0.46263529370164885,0.9102210918333568,0.0,0.6040304233128727,0.6105119141209647,0.0,0.6558591600125154,0.47302839903672045,0.46480115691543256,0.7158712257472819,0.0,0.5747263090784842,0.47496572733430864,0.6284220179926995,0.645671208613781,0.0,0.4417177340525824,0.5477709689131045,0.5711198056987595,0.5239802204268242,0.5723979918836378,0.5016671566448216,0.43434311898916256
0.37981267051015144,0.5061040922501061,0.4371069516982315,0.37099027591768147,0.5427672627338977,0.730083397257151,0.2889579378805287,0.5676437130205314,0.4388318416729857,0.09099617555453998,0.6178035748314553,0.3539572352993149,0.5135754301306301,0.45259487227598266,0.641754749474014,0.5907358665697158,-0.2514246370608234,0.5078356516396269,0.43465137662054726,0.5099985416330535,0.0,0.4220529461526842,0.7089389802473175,0.5032763041463562,0.5103772384782838,0.530241421812704,0.5457486992379198,0.42418246870193593,0.437650443018586,0.26120086447417246,0.44847790239658797,0.26884511858679916,0.5562279932541918,0.42412446724722486,0.47696726626299263,0.5694486750438847,0.3528160465310996,0.5867307022207027,0.5735865252656622,0.6815298897537865,0.5724043250651816,0.47781613419866836,0.5625412486147967,0.0,0.0,0.7323753061382865,0.7762111796980334,0.6340223126692471,0.0,0.0,0.7174700006431202,0.45089013115758314,0.9628737760901689,0.555894215321886,0.6096753675698712,0.0,0.7237459928317105,0.6981766731812666,0.0,0.5915585835608891,0.6085527771281982,0.0,0.4407816932637162,0.0,0.7550472211767723,0.6892902812380832,0.6290342845185704,0.8865943017061282,0.8365035043205297,0.4638713803709965,0.6722487752506867,0.727184037512479,0.7917519003214388,0.8715099608048587,0.7302358190418063,0.6205423400476714
0.5751343418870785,0.5484114698662155,0.5478156231776057,0.5565858732166213,0.3533210899552329,0.3770443209520883,0.48363168837703086,0.5341088097697986,0.44935150769632526,0.4811529153940515,0.3858226320409791,0.4212557280956329,0.5664475047763696,0.3093568386335669,0.5902479476051664,0.6873204686234854,0.371859424949543,0.4702556726420931,0.6450467825614272,0.2977279521768815,0.4220529461526842,0.0,0.7287347976482497,0.9022381047243109,0.5183441823341007,0.5458052099071116,0.4282061223244381,0.7194895088530544,0.6107787287343593,0.6923058318488584,0.547736412990104,0.35918412585187626,0.5200363846338232,0.5161984169500344,0.5225732309144997,0.5219324752428516,0.5068418269049799,0.579147654539256,0.5069623677002925,0.6316866384787219,0.7247138725537821,0.6139594587391795,0.5341662836362678,0.3557200093170457,0.26138054115722287,0.6661818964559234,0.7768192936080947,0.5499322283938982,0.47839286187346153,0.26252886335711295,0.6310164157509431,0.7932219353073517,0.6381227729716972,0.6359960367215336,0.4364338599964358,0.0,0.5258249471628246,0.6570361059942504,0.0,0.6560903912699179,0.6195489419204512,0.4182659042492866,0.5137726465112529,0.0,0.586300195791228,0.4987778353172879,0.7487210038758969,0.7115598599809219,0.7147406951586958,0.4654936277024603,0.6563520852476168,0.6174512276278465,0.6713131883659502,0.6782262302174227,0.37774941381028304,0.7064963748933968
0.5977811610810246,0.45132736778770044,0.13954202965035828,0.9566624813699414,0.5238548950042279,0.6721065458049039,0.5572422223149454,0.7567536972563429,0.4262973962553749,0.4878004746348231,0.5630454006068883,0.31046184593715664,0.7088569162323559,0.615965889286846,0.48409539113767863,0.6480344247666271,0.49158413587865346,0.5319276497236898,0.22945301566610218,0.7478772830958134,0.7089389802473175,0.7287347976482497,0.0,0.49176420160212264,0.5729735182300097,0.4961342647754557,0.5403012496728052,0.540341861313159,0.5251500151046277,0.4490387441045175,0.49638136082061324,0.5158571230947657,0.49117668810621795,0.576118356707404,0.636658962111036,0.3203587991836062,0.7267632678386491,0.3668864653806265,0.7601182178371838,0.6770291436865108,0.8280081015909194,0.7208098654887024,0.6953885128178539,0.7653549188108875,0.5835559058899664,0.5559046184488217,0.7876386071828497,0.517102544146681,0.4451201315707799,0.6865381693915877,0.7360503196854158,0.7661908350538267,0.7517618326597552,0.7287689825434561,0.6093432913669306,0.44356697543502255,0.4552588111424513,0.7153719651814463,0.7729884297902997,0.8280575399598248,0.7536917152688876,0.48453101553792594,0.9453088290201762,0.2857505275926931,0.7524649074376661,0.858577152768898,0.6860901475691692,0.8819460736840727,0.25351392671885686,0.7159647014187946,0.5444363262845238,0.701018577057435,0.6881310356574972,0.7486926870983739,0.7942228939456695,0.7231753202635753
0.670652710800494,0.38394375055236485,0.4121578138067371,0.23934989569670623,0.5283875155077687,0.6325327277493425,0.5852124944142665,0.3961257014729566,0.688516121061588,0.33655590865048474,0.5706726361085106,0.4272513386561939,0.5395894525053254,0.6529376025058637,0.6183460691821476,0.45316776796123664,0.4321427856426725,0.52776145252037,0.5204358874887649,0.6617000204031249,0.5032763041463562,0.9022381047243109,0.49176420160212264,0.0,0.33771999285821336,0.2995362569531924,0.5961817325823902,0.691374242229549,0.6620849958445135,0.7973157497250087,0.45649017587785723,0.8818128119275882,0.5778784133180601,0.31064478809642154,-0.037195428107241996,0.4168149442515,0.3144162705583895,0.5593627875868579,0.8389491027786722,0.567550310397501,0.7622186794517037,0.6468033017964545,0.5537009198351794,0.3697922681417284,0.6014780899898091,0.4255584508742907,0.6552799247456103,0.0,0.0,0.46075754721815665,0.5703814392328668,0.29658416217448075,0.0,0.030036210277718488,0.3437860829425834,0.5443905058393708,0.498837817715733,0.44712627282510475,0.0,0.22280719379554825,0.5570356058811068,0.5436633115815013,0.5286965118581346,0.4772208609088483,0.29821526249945907,0.42610000488302713,0.17542309912495269,0.816361544966016,0.18254306147348182,0.6196647778024947,0.4936936623500383,0.47683155211390216,0.6839956875643822,0.6641728007121581,0.0,0.5614390649718453
0.41056848391898454,0.5054841611214466,0.48595038579783756,0.8532785974676398,0.545542104147756,0.4920599354798588,0.5667282953809907,0.5896102080533652,0.5643599839339765,0.5390006039467702,0.5292946728913668,0.3779222474750068,0.534550348305364,0.504444519220564,0.4835608058635238,0.65624511068369,0.4797760962454415,0.6270944248571169,0.5525823935220654,0.5570178963613573,0.5103772384782838,0.5183441823341007,0.5729735182300097,0.33771999285821336,0.0,0.26396490171677633,0.6048870882803083,0.45216830814131886,0.4307622893739874,0.42851112604729213,0.29340413513254177,0.17981929215201825,0.42541544957192357,0.2553066422702045,0.4562224008746285,-0.07083064643652603,0.5581893523179187,0.30346687155392876,0.6368974279103968,0.6150025072053641,0.631628578233626,0.660840815186259,0.14586375778433622,0.0,0.09240373073226293,0.43416836250165003,0.782834330442802,0.0,0.0,0.0,0.6553132436131462,0.5581581555198245,0.7213750197429583,0.3814205700228369,0.5368945571460956,0.4903011451626065,0.5337619014204157,0.4698351280773354,0.0,0.5051576561957782,0.6689959083222918,0.5942906836857329,0.6223007040337064,0.0,0.6213063794439998,0.2309402446775946,0.66324859470579,0.49508541804053996,0.29536844821536506,0.7139410210771979,0.569365160202836,0.4532568134364304,0.7464516593489247,0.5122216069281362,0.0,0.6961647626271957
0.518872955252502,0.43858194339763057,0.46709757721596057,0.5677325321309405,0.5367379285177667,0.6439258785959847,0.6343240844645646,0.43694941337335536,0.7876856425628677,0.47252518792934195,0.5388969249703409,0.43080966611853455,0.5669791206737624,0.3195874593726822,0.5074795555479356,0.6056184792450949,0.33562805518746686,0.42446003106374675,0.5543279312988816,0.4255734809669427,0.530241421812704,0.5458052099071116,0.4961342647754557,0.2995362569531924,0.26396490171677633,0.0,0.46958786249752593,0.5189344045902669,0.5366840038524354,0.3852113606806259,0.29824044414808204,0.3540046139147364,0.4150993627337877,0.3246625957631276,0.39726281977566336,0.2594122921390042,0.4768707362023939,0.31286891991448323,0.46707326019487905,0.6036482500892593,0.7711706472401795,0.5272982184320552,0.22019669119288407,0.5421717045195109,0.3805031475541904,0.40017459180515047,0.8050562766901379,0.6331574626888985,0.0,0.007784278752513108,0.6960335769644574,0.6086734285313447,0.586099719287845,0.4054054465785064,0.5417302443315996,0.0,0.5734690102992926,0.7882161566932362,0.0,0.5444357758137547,0.6812153783510516,0.557268872059538,0.5439585888173027,0.0,0.6504081039621883,0.5324123332140216,0.8162514713327902,0.36668311767854533,0.31524050680511484,0.6362973195257021,0.582047025450647,0.5622455875858178,0.9151006028770067,0.7511656823585937,0.5094806668611036,0.5529090406682106
0.6048260068980731,0.3652847844124747,0.5355608251518553,0.7584586917847179,0.5372839309144939,0.6234521011471856,0.48872333660624745,0.6638991690756271,0.5520991705597951,0.5453241565817976,0.6504855204448439,0.5885898914777146,0.6888747716050125,0.5546453507552426,0.3944453541071707,0.5747270878110747,0.650675861694317,0.7102416816771149,0.5674884718697335,0.29906429452445704,0.5457486992379198,0.4282061223244381,0.5403012496728052,0.5961817325823902,0.6048870882803083,0.46958786249752593,0.0,0.6708636041051161,0.43180496203568197,0.5060490833554236,0.6140747472619378,0.42388883028869073,0.47193915484882576,0.6149022821295451,0.5393470845069637,0.4404465665879199,0.7106306449767779,0.5477677598999466,0.7337147298238479,0.5333035259464902,0.7993140116441564,0.6849823299253794,0.7763791013838968,0.6339115724227665,0.39624325434742574,0.4473881346873285,0.569584882684223,0.5501318155622599,0.506378507484866,0.6440384756199111,0.714038765348838,0.7034443187072602,0.6747136075419512,0.6551034070776139,0.6633621219080743,0.7131350817263155,0.3575389453329209,0.7245506545645852,0.8198416318615882,0.5991994941475904,0.740617561352958,0.0,0.5123323244770093,0.7197251603390212,0.6239733684563751,0.6588675625644609,0.42894601258205256,0.7762397544051707,0.0,0.49424861704994927,0.30325034581697885,0.751944135977858,0.669453279368421,0.6348158386404432,0.5969939620379217,0.697735735056437
0.5506013869129955,0.4481092049629847,0.6833690683503664,0.5991607855663503,0.8601324179776242,0.7369309185723559,1.0547148976205727,0.6465780092207536,0.7676164624413663,0.49975253308766143,0.7261899370027128,0.8997193975402169,0.8061946030663049,0.8970974129252733,0.5576831289196946,0.5388558704755442,0.6916823923675126,0.6065683404179223,0.7220465710915056,0.6879726838102342,0.42418246870193593,0.7194895088530544,0.540341861313159,0.691374242229549,0.45216830814131886,0.5189344045902669,0.6708636041051161,0.0,0.5649906765234858,0.5856977072468237,0.7612189782103549,0.6606735316883381,1.0221573312011465,0.811962243319504,0.6824273847962714,1.1149380407096472,0.7082397256391797,0.9167404306956188,0.4974831785249455,0.36933834041334124,0.3823303317768014,0.2639448591154824,0.5971880137078758,0.3351567027432336,0.6804767257934985,0.6260989701772843,0.6472858851787573,0.6457693520059501,0.0,0.6863734965242904,0.701832011550173,0.6694651036547253,0.7150267788275736,0.6759647180208426,0.6619771424523885,0.5980523416032895,0.493466474824136,0.6435062488986887,0.3559825777839707,0.6937435700915905,0.42835722661915415,0.2017663306618524,0.5531639887719442,0.8935253548672908,0.5608947942183119,0.6762498038230278,0.7117096386104933,0.7825137376770503,0.5564474206642889,0.5910905639503327,0.48801647769962125,0.7004573744461173,0.6726444214612983,0.5990120215275541,0.47952124352016234,0.7256472369732925
0.4733710874845853,0.27198303832024895,0.6334598312813248,0.7852054360842895,0.36252476713156434,0.4503970600378252,0.6373888630566473,0.5623628413237611,0.5160376303575749,0.7265120027114251,0.40126957374205596,0.6054696933529784,0.8333675787126953,1.0528114515032192,0.5930357178608553,0.511507612096482,0.40385250468869893,0.49795242814150376,0.6083139539025786,0.8280750835045217,0.437650443018586,0.6107787287343593,0.5251500151046277,0.6620849958445135,0.4307622893739874,0.5366840038524354,0.43180496203568197,0.5649906765234858,0.0,0.5870939581135987,0.710221094969594,0.2991229692024744,0.6810522441062155,0.7308571182678929,0.698895264178663,0.7515064843458854,0.5408433117254321,0.6019214039364184,0.49067203961970174,0.6553691476358596,0.677417397384481,0.5947422964309256,0.42799812606090687,0.5406163252323299,0.6121062526065661,0.4904726227426447,0.6889300680028947,0.45071887698804075,0.42241146668408625,0.4457425476859893,0.5792408318018737,0.6598360677893744,0.7858114537728463,0.3984939057483127,0.6742431309996633,0.43651198964006277,0.5560937525930612,0.6784184380130507,0.7290764910776169,0.6957958913946403,0.6655333978745024,0.48091698802224153,0.7671206642150428,0.5352746256235046,0.6296450141790348,0.7230321846633172,0.5379702913198458,0.7258093544742463,0.4879793569738873,0.8858720811053997,0.5899929968504298,0.6572098228857688,0.6404772336352333,0.6263824719115054,0.4416162688972234,0.5901937860823576
