0.0,0.01986164019294223,-0.0013509381952437338,0.0,0.00044369475086231125,0.003232676633705578,0.027228338759614,0.009085966377039623,0.040452137795788934,-0.02889559260916219,-0.00017230118199051958,-0.023346085536841754,0.01227754042209539,0.04156116014428474,-0.011188868168073074,0.0007097540052007356,0.0019376909475137816,-0.0013886817924403938,0.0,-0.012656035458373904,0.0008380916766322355,0.014865325619901504,0.008783497608478408,-0.039685071906552516,-0.012208216296180407,-0.0015617854427536493,-0.02882363235775426,0.0014026970451809229,-0.008717535175357394,0.0010703469671773935,-0.02014826164426764,0.004139641266430516,-0.017252743617683308,-0.01698633704968905,0.002614209805250567,-0.012444633794073179,0.000451936301710143,-0.03569288311572438,-0.0024294208993005384,-0.02764627871834424,-0.006277631103601133,0.025555168376396376,3.307249517525701e-06,0.0,-0.00035302755055460766,0.03533757364852963,-0.004313143635832406,0.0,0.0,0.0,0.03752015961621158,1.1102230246251565e-16,-0.0010688768929400516,0.0,-0.06603633109739182,0.0,0.00016675043355340868,0.0001734325566457029,0.0,0.0003336176769629384,-0.00042215984392279804,-0.0015852964205634312,0.0016896417408951425,0.0,-0.0018808640376423158,0.004955643075617078,-0.00704337614242212,0.04169078736794368,-0.000161320474765414,-0.013036290780923276,0.026477271474459607,0.02474436428891752,-0.00025433425477877636,0.010191669925269875,0.0,-0.017651164735791203
0.01986164019294223,0.0,0.028629021701985946,-0.00015915535834326588,0.025172084602157585,0.01817736689432231,0.020416925153805332,0.013729260815488697,0.01751173756472768,-0.0032092861785063542,-0.00021975095043974546,-0.019738800807906964,0.01219381125276564,-0.0004290474212766404,0.030317047404253672,0.0037056690806617776,0.016831870498117907,0.0012166517735628934,0.0012866300225926608,0.012083380198411098,0.002308822038694869,0.02030497221016825,0.01588576794613883,0.023071026101422254,0.016055904840932556,0.008579766899259655,0.029165522530278265,0.00939184459021819,0.015367546356198691,0.025787682163559367,-0.0065826687517984706,0.015719167171601822,-0.01184893664909431,0.0016678241291145368,0.018245755874796876,-0.002673577711586994,-0.0002602778471879619,0.0,-0.0011009997988787323,-0.009047878688805522,-0.003333088276496199,0.00985662856418501,0.0006009746077280109,0.0,2.220446049250313e-16,0.006653377679230743,-0.004208259816743665,5.908839669055421e-06,0.0,0.0,0.00391368776958978,0.002577288217535223,0.0005128712638804434,0.024477496300430723,-0.0037191443205737973,0.0,-0.0002950586820562595,0.001246485008311704,0.0,0.021177310185274356,-0.002718240956582574,0.002459136809069007,0.009592982474832479,0.0,0.01010368308784848,0.007700527913336974,0.01445736274576892,0.007900300918784797,-0.0012186247788787408,-0.004783338251763913,0.00038728023286815905,0.014050224351203677,0.011937749774247164,-0.0033637764282051785,-1.1102230246251565e-16,-0.008460836470487454
-0.0013509381952437338,0.028629021701985946,0.0,-0.0027339608076678013,-0.05129971796877425,-0.03928335825615503,-0.04438688218365472,-0.09753057297091527,-0.01869690945146396,-0.0652570927193914,-0.04781936356257144,-0.0015731203143712347,-0.0499986890303904,-0.0735613425924792,-0.0007200281291900867,-0.00033419507821264016,-0.000442617863269934,-0.0015809381423342317,-0.029013371400534727,-0.0008687019907033244,0.06147684630033484,0.017714084450274337,-0.04229625542971244,-0.00142421718788599,0.017570247752855928,0.014888112616501137,-0.021278307214889935,-0.05301155511967248,-0.00386522513088583,0.0010390358410481415,-0.06552569591260726,-0.04834039270579632,-0.00017670458175145232,-0.06112072215187114,-0.07235296347858983,-0.04402121406704562,-0.0006181082160104934,-0.0019939698467421607,-0.01278433018390951,-6.773391225678438e-08,-0.013695193301752062,0.0005157103289652465,0.0008107775340308598,0.0025314863816685573,0.0,0.0,-0.0003232611932678098,-0.14719500103672978,7.428170816226043e-07,-0.04185573308360707,-0.002184371539925345,-0.05037875374505851,-0.11657590058140371,-0.23308088990249165,0.00036376628394163557,-0.013589238920689195,-0.0012839178730655876,-0.03200350069744107,0.003447196979961875,-0.0003328461424555451,0.0,0.0,0.0,-0.18953507864806135,-0.00022525649790655633,-0.0005501094557084918,-0.0005117575542344377,-0.03719517249023607,0.0,0.0001398737563105823,-0.0011464515053298263,0.0019835556933447407,-0.010774784481598965,0.000911797067103981,0.0006798628138482421,-0.02975903753603637
0.0,-0.00015915535834326588,-0.0027339608076678013,0.0,-0.029844663094282825,-0.0006574088037288872,-0.04248944978710312,-0.00018625733606475459,-0.05900468150950294,-0.015488582026780079,-0.0024302443857633915,-0.006127601336907151,-0.02814965427701005,0.061141056053065246,-6.310971769690754e-05,1.8634315909538124e-05,1.4507376173200637e-05,3.3825579895396807e-06,-0.06734170181649385,0.0008318282311645109,0.00036958339435338994,-0.0015298548566696213,-0.007207224048291161,-0.0020296986430544117,0.0005577087328872965,0.0019160606753705345,-0.0010329607537135632,-0.024629009846029615,-0.0018420783311261513,-0.0001852696922182706,-0.0035496472112403477,-0.05072123308478707,-0.01628304969466743,-0.038821366242897365,-0.027931186683399944,-0.004636243532548129,-0.031647804889002706,-0.007138806116643914,-0.004260052065567621,-0.00037558906734608266,-0.00030653595992724547,-0.0018338161616094917,-0.002208934908560223,-0.0013547047877873197,0.0,0.0,0.0,-0.0007011179501811293,0.0,0.0,0.000379090845645913,2.220446049250313e-16,-7.741434379371359e-06,-0.00034168995128081026,5.551115123125783e-17,-0.0010010232639372507,-0.0009036873544367441,-0.00032587618701124255,0.0,0.0,0.0,0.0,0.0,0.0,0.0,0.0,-6.825616756800379e-06,-0.00019694639733586206,0.0,0.0,0.0,0.0009428713766234109,0.0016421475845184164,-0.00013800291986704183,0.0,0.0
0.00044369475086231125,0.025172084602157585,-0.05129971796877425,-0.029844663094282825,0.0,-0.013921030063111517,-0.036044063125548975,-0.03178791171219991,-0.010804012389016238,-0.05707039422886351,-0.029546290955786314,-0.051094046401422843,-0.0505109542494932,-0.020045161312558735,-0.0005169861606138526,0.00884928602453755,-0.0003561695793202202,-0.0027006663748633253,-0.044379885657119755,-0.0071936573585579255,0.028436831228509707,0.0006967823116968419,-0.02104794230888274,-0.05003917525295232,0.013340982088111242,-0.005815028739188377,-0.0070250693427947875,-0.05512609005657926,-0.013305770665539951,-0.00024847149233203636,-0.07072228082518234,-0.001658402040978335,-0.058942277544045296,-0.05968332266538723,-0.07180701419801522,-0.012882046712285239,-0.011355901185784723,-0.06426132003918023,0.0175642135279504,0.0007908265771602863,0.011999220430223279,0.00048034948183001136,-0.0001589674941547825,0.0021071728557817693,-0.00041750027452619465,1.1102230246251565e-16,-0.00018442261480139388,-0.05211763225555255,0.0,0.004373768891176244,-0.037756972909946285,-0.00045750782775311194,0.0007580200979163676,-0.04636438503783041,5.551115123125783e-17,0.004980287531622496,-0.00033597148308023295,-0.026424645495080668,-0.0022711761954772314,-0.0002889243390907792,-2.365718735070077e-05,0.0,-5.551115123125783e-17,0.0028467906945064403,-0.00017536135606716075,0.00016831148556173403,-0.0002591566857551575,-0.04066447464203932,0.0,-2.17163100751927e-06,0.000635018859567904,-0.03882345427512762,-0.019455414812098948,-0.0026688017533617048,1.1102230246251565e-16,-0.020612512727695542
0.003232676633705578,0.01817736689432231,-0.03928335825615503,-0.0006574088037288872,-0.013921030063111517,0.0,-0.021623696171950757,-0.009533672273174032,-0.0019591586519253634,-0.05326493368780333,-0.037656975731783504,0.0016021262323300256,-0.04417743961786186,-0.0212057820962111,0.008987640231768734,-0.007541617627533359,0.00045661491712123414,-1.7739431419361296e-05,-0.013240220060880825,-0.017188708898821237,-0.004293422946261394,-0.001683474624191994,-0.0010603486156083863,0.017543571744522035,0.008019525768104885,-0.0018991035468990947,-0.022976444294685483,-0.039615976931197616,-0.021535860057232237,-0.004674800716155392,-0.018306912891851435,-0.019993212294742435,0.014988754540767202,-0.017115952170360105,-0.016337287036717163,-0.030505517755357647,-0.04943404043054511,-0.0029050955065056394,-0.010052889460385073,-0.002135421656334957,-0.014027445984806763,0.0071712387260247645,-0.047388869966518365,-0.00022358651339648983,-0.0018418590077958208,0.011233303045425524,-0.009276587509877587,-0.04085253993815474,-0.0005152620058878621,-0.0419881226878534,-0.029670693551008986,-0.032532894878819996,-0.05068751545254313,-0.042003662708050504,0.0027245028773442703,-0.039672302713397445,-0.0014917875235094802,-0.022995647188297386,-0.0020793243134212824,0.012823649917728996,-0.0005831305086814176,0.0,-0.0014329278896001996,-0.04710069680231338,-0.0035424437579679724,-0.0050463247141112055,0.017879461579257183,-0.015477137580381717,4.163634480230938e-05,0.0065674423616595146,-0.013627110534312037,-0.013977373163153506,-0.014203286471668575,-0.004354025653421856,-0.008578854773105826,-0.009843319861503996
0.027228338759614,0.020416925153805332,-0.04438688218365472,-0.04248944978710312,-0.036044063125548975,-0.021623696171950757,0.0,-0.028975325060152324,-0.030030748601761748,-0.034289937055667075,-0.06724716816283788,-0.029710314712004415,-0.038293676575963054,-0.007612883748827515,0.015268363130378548,0.003615603472810258,-0.0022354386566592055,-0.0042895252505776305,-0.06612965166983703,-0.008823161831378823,0.001613761115490886,0.0010106746903869035,-0.029277276972931976,0.00024710060608085227,0.006019943128291072,-0.007232200923458942,-0.016189579379742358,-0.014570900418185873,-0.01678279089813972,-0.0022572351926756773,-0.04900040168415165,-0.037852342594545174,-0.017404030356780342,-0.046834856069374875,-0.05523643376314086,-0.03012748351626804,-0.017003216078321337,-0.043845948640406085,0.012274084517040929,-0.0008869698669038972,0.035258225543334965,0.022519529885822454,-0.0016433546333788907,0.0035963575608983223,-0.0010447165201671327,0.0,0.0069106932111289154,-0.0579425662206573,0.0,0.0006386523718905357,-0.04210247965727065,-0.04601914216140396,-0.042588974156558046,-0.052806221628337036,0.0003473241373969649,-0.0005199341151851389,0.000251541806103428,-0.026960986630290618,-0.001182312497441218,-0.001008260629704938,0.002079465754960541,0.0,1.3283384877493809e-05,-0.0017875095115110762,-0.00012923748790560907,0.0004528301031568316,0.0012811743843560985,-0.036532929611734766,-1.0435112721307593e-05,0.0008719575760374743,0.007087465045917063,-0.027376661210741282,-0.007602840849235959,-0.0014377204178536163,0.0010833266798864205,-0.012276121123597605
0.009085966377039623,0.013729260815488697,-0.09753057297091527,-0.00018625733606475459,-0.03178791171219991,-0.009533672273174032,-0.028975325060152324,0.0,-0.06143833991056591,0.015136157237771508,-0.11316201909153867,0.011802147945961183,-0.02045507726897433,-0.07317291438744106,0.054461456096319305,0.003446538118221376,-0.00024744405935589464,0.008901691335467476,-0.1535718962387056,0.01014807493287223,-0.02025044018840766,0.02856331256413369,-0.04038179591977825,-0.0033034413659620565,-0.014978462220433642,0.0057771197784258765,-0.03852003637064183,-0.004490103660057143,0.01851212093578003,0.01600517614489322,-0.006371685389721604,-0.018536710343058704,-0.022201653417546374,-0.007631643564744828,-0.014388809084557863,-0.050890995283602164,0.010147068683847571,0.0011363600085368963,0.007871683534922624,0.005386301100287538,0.0017091382304100788,-0.004361347040034658,-0.07866084102691301,-0.0014847731516360319,0.0,-1.591010634865997e-05,-0.0013469606048884253,-0.0024894226496153804,0.0,-0.0006430996079903051,-0.029076628049602427,-0.002609728815974377,-0.11996693017864135,-0.0539334790579174,0.0005550852284153529,0.0030351448144221305,0.00014269343241485322,-0.015801060133395883,0.0019232772183319646,-0.006030611159134558,-0.0001453433977813834,0.0,-0.00010556004572143118,-0.0028581126660602862,-0.0437679691005351,-0.0002075607568011173,-0.002813350088034794,-0.014081037782508243,-5.551115123125783e-17,-0.00023598458514378917,-0.0016431300074731814,-0.014935186446242532,-0.003381231652888894,-0.005263734833092837,0.01940174930389532,0.0012889266473169458
0.040452137795788934,0.01751173756472768,-0.01869690945146396,-0.05900468150950294,-0.010804012389016238,-0.0019591586519253634,-0.030030748601761748,-0.06143833991056591,0.0,-0.06289202607263428,-0.007947440832539898,-0.05294824676808485,-0.05553879639636927,-0.03780176214978648,0.02523523764089497,0.00467551974089675,-0.0021280389790709897,-0.027787811281977215,-0.012070998259772259,-0.004354922418479346,0.021807586483320762,-0.0022550159565624672,-0.007065043007843608,-0.031030095104209565,0.002365173040856372,-0.005926468074479718,-0.0015603083874033419,-0.054760278304339494,-0.015449333478346872,-0.03254798401456549,-0.067201110484233,-0.054844279898973725,-0.04808981099263121,-0.0661253471260374,-0.06656627884496624,-0.039500528197192686,-0.0609196067809778,-0.0634790406716294,-0.044494941946476796,0.0005774039395384789,0.0027006799518358715,-0.054535778460210294,-0.00035895652486378493,-0.003545369498340556,-0.0019194197518293543,-5.551115123125783e-17,0.003858905534165402,-0.0543807152068172,-3.568528090247547e-07,-0.047212572277396725,-0.058003454481137084,-0.045319844830221556,-0.08438477554708079,-0.06484875546725388,-0.0016550628728631,0.00019087215524260515,-0.0012472769393218064,-0.046785296720398606,0.0005659138500787586,5.2218860334574124e-05,0.0005232697095498562,0.0,0.0,-0.0019380506556732069,0.010260334911455893,0.0010074158864043503,0.0006535888558623082,-0.05066158168006063,-9.365905077168835e-05,8.473579997836378e-05,0.0036047180635340736,-0.04737212965113663,-0.026751284660219143,-0.014624132765274078,-0.041937033087696585,-0.03147742708056622
-0.02889559260916219,-0.0032092861785063542,-0.0652570927193914,-0.015488582026780079,-0.05707039422886351,-0.05326493368780333,-0.034289937055667075,0.015136157237771508,-0.06289202607263428,0.0,-0.06506434046926485,-0.046801351394655216,-0.04235973327088122,0.007908864253389103,-0.0012064393002700902,-0.009188797714606622,-0.021794270081723188,-0.02850053012147402,-0.05967720969858786,-0.004183751144656855,-0.030546049838084843,-0.01756669289945806,-0.0158481311712651,-0.04711498276090931,-0.0519838358406034,-0.04515973886166896,-0.003930902030656214,-0.016911895264104138,-0.032119410707963814,0.00025367348944604906,-0.0487547482890503,0.008297520413807602,-0.026444608629066668,-0.012023155577494726,-0.01891057285273373,0.03236008338598245,-0.0011686309242804338,-0.021016999021296556,0.0881366814508498,-0.042630250584511975,-0.02002743804598106,-0.0033268483363255164,-0.009122985093794889,-0.0013338299791662567,-0.023566434508638323,-0.0003863672026268583,6.999784494626793e-05,-0.0006458824593371659,-2.0262596850950665e-06,0.0003738165549422301,0.0019162886832226333,0.0003319654657024107,2.8457816939997382e-05,-0.0018429718801284967,-0.05813489270258926,0.00013932566357460763,-0.07355845282387768,0.002007801341942117,0.0,0.0008354400855448141,0.019988894708845517,-0.02609730449362746,-0.0038178080597739417,6.660421766335745e-07,-1.0821502329227961e-05,-0.03676234550963442,-0.0016580099128636894,-0.0011309705095562395,-0.060308717810756585,-0.028758735707569982,-0.052916074147814796,0.00040129295285012967,0.003791857113795094,-0.0010308605160085915,-5.551115123125783e-17,-0.051594068833000606
-0.00017230118199051958,-0.00021975095043974546,-0.04781936356257144,-0.0024302443857633915,-0.029546290955786314,-0.037656975731783504,-0.06724716816283788,-0.11316201909153867,-0.007947440832539898,-0.06506434046926485,0.0,-0.05670706173376705,-0.07011926129125645,-0.030872578224070635,0.0,0.00010958150453793669,-0.0010985496775325343,-0.00032399058888255006,-0.017858379548525483,-5.0042693094110025e-05,-0.0001542029027900016,0.00010192971167105602,-0.10936053239156543,-0.06860654646806663,-0.0009157171994932933,-0.0578113250842992,-0.04421092082706629,-0.06449279550388792,-0.001233461664998825,0.0003814002427446339,-0.07452082173915814,-0.022541896739354306,-0.04633943432528459,-0.06286224331739387,-0.06149883250004806,-0.028924171050857928,-0.042495303841372345,-0.06799255156931283,0.0014558981750725786,0.0007319897238298734,-0.0010011999872960864,-0.0009166148306447575,-0.09954161149337004,-0.00011067926058100364,-0.0006481751426537508,0.0,1.1102230246251565e-16,0.007187618133662144,-6.910019328953965e-08,-0.057275638141823126,-0.00776235219366761,-0.07592011763749662,0.0012418571155116132,0.0001631333714715022,-0.0005947956388551723,-0.14467473840453912,-0.0012555678441661389,-0.0669066129751078,0.004613757979177013,5.551115123125783e-17,0.0,0.0,0.0,-0.1281411265853299,-0.0005667407522103596,0.0,-6.434319155745882e-05,-0.023943470301959147,5.551115123125783e-17,0.0,-1.009229420129154e-05,-0.08272852258095148,-0.05747876981560324,-0.001395515680021664,0.0,-0.0002680830341610374
-0.023346085536841754,-0.019738800807906964,-0.0015731203143712347,-0.006127601336907151,-0.051094046401422843,0.0016021262323300256,-0.029710314712004415,0.011802147945961183,-0.05294824676808485,-0.046801351394655216,-0.05670706173376705,0.0,-0.03275063059624367,0.002758407942547725,-0.0003337867827533092,0.0016987898945494684,-0.030551618784713686,-0.02906752768378945,-0.05700641970015824,0.0034477127562808074,-0.005330560409248952,0.0011307141420413003,0.015300761785826678,-0.011157204348874517,-0.04297080494162975,-0.028362357913528646,-0.0015373467915293926,0.008743532528387332,0.003030090696454879,-0.0013079109016756463,-0.013083899540307309,0.03165926785794676,-0.009143776621807542,0.02784185839444575,-0.0013639818904713774,-0.0005329513945554476,-0.05517302639205934,0.027849110973290847,-0.012719447474633883,-0.035930509769856844,-0.01659345909104576,-0.003918859470520786,-0.0008327961941984596,0.0010109606189062093,-0.003189886152312471,-0.06322884970071163,0.0013710552692323685,-0.0005953682942517191,-0.000685906120176133,4.82238442991445e-05,-0.0003635191913752833,0.00031411020194543893,-0.00029591202467044164,-0.00020310881053026142,-0.05994411799655308,-0.0012084849513063767,-0.07117049054662838,-0.0005960779791132631,0.00030593731763906007,0.0001139598448695045,0.028484883492137236,-0.03466528851622158,-0.008967946123192017,-0.0003588600867590608,0.0004476134291077627,-0.026699976479077236,-0.00018647809048255581,0.001869249174272003,-0.06735523371120994,-0.03502799103646281,-0.06042326642138052,-0.0007061893798887553,0.005850106566575031,-0.0003030290598085017,0.0,-0.05682219667112537
0.01227754042209539,0.01219381125276564,-0.0499986890303904,-0.02814965427701005,-0.0505109542494932,-0.04417743961786186,-0.038293676575963054,-0.02045507726897433,-0.05553879639636927,-0.04235973327088122,-0.07011926129125645,-0.03275063059624367,0.0,-0.03603746798949692,0.018508418069489385,-0.0008317255858957262,-0.052913157721001525,-0.000281169377749968,-0.0684358578935016,-0.01681778798413075,-0.01180428008954737,-0.008363439907621895,-0.02219868622974025,-0.03379923683106323,0.001162833374707406,-0.01827302357371141,-0.02683730868032147,-0.0028457389356788543,-0.018736085027064697,0.009984642849849623,-0.04157394108967527,-0.04274805897610784,-0.04536238129422726,-0.049405966095479426,-0.07078221426967718,-0.04751210109929488,-0.033646878782801926,-0.054911632053828485,0.03119625442350188,0.08752918727085235,0.058821005382277414,0.08159975365487598,0.032229903536889315,-0.004819281726986924,-0.0026593144141059954,0.00941916754309835,0.008048027167509686,-0.05553391675633074,0.0,2.120671258099005e-05,-0.032557390506246175,-0.028567723416721813,-0.03461896498342121,-0.05188388164715463,0.0009107424403629327,-0.002892577210959646,-4.28205976598095e-05,-0.016559889088865576,-0.00032011095075606955,-0.04410928565178168,0.0024095083178418686,-0.00030394626772711764,0.012362082377775585,-0.0038867397165595063,-0.013156039227344929,0.001150953991085335,0.012379042704896037,-0.027055952824106777,5.303071899764866e-05,-0.0033164496404688437,0.005795717614841989,-0.02095054906692284,-0.005441856818522384,-0.010245059271440815,0.0007853581856691605,-0.0007152106685252013
0.04156116014428474,-0.0004290474212766404,-0.0735613425924792,0.061141056053065246,-0.020045161312558735,-0.0212057820962111,-0.007612883748827515,-0.07317291438744106,-0.03780176214978648,0.007908864253389103,-0.030872578224070635,0.002758407942547725,-0.03603746798949692,0.0,6.474969891423488e-06,-0.00045136624309344286,9.285059724084554e-06,9.424483204489853e-05,-0.08382163242868895,-0.00044347324220717077,-0.006495326910680055,-0.0005525833941436575,-0.057103692091445,0.0017719178708509586,-0.0001703131086335241,-0.0028282121906266777,-0.03968734819960451,-0.02817282492375084,0.00045062150568542236,-0.00022030692239088934,-0.008405392891960739,-0.09243472903798242,-0.002558498882468896,-0.001993121329503744,-0.10674530726335685,-0.019249519771008472,-0.0006394342613248449,-0.00020349803756303242,0.005901536654154105,0.0,0.0006438443701918262,0.0008941020931849675,-0.06700586356091554,1.989048202255539e-07,0.0,0.0,0.0,-0.00480212621131737,0.0,-0.004183417110948495,-0.0011857842768554505,-0.0017581575710384767,-0.0006488650502490811,-0.04843204777181637,0.0,-0.002302732024356824,-0.0001471830682637787,0.0016788981388923818,-0.0029247113558693028,1.1102230246251565e-16,0.0,0.0,0.0,-0.004508228245553136,0.0,-1.1102230246251565e-16,0.0,-0.06040485480628893,0.0,0.0,5.551115123125783e-17,-0.028901239249060795,0.00023967491270726615,1.1102230246251565e-16,0.0,5.551115123125783e-17
-0.011188868168073074,0.030317047404253672,-0.0007200281291900867,-6.310971769690754e-05,-0.0005169861606138526,0.008987640231768734,0.015268363130378548,0.054461456096319305,0.02523523764089497,-0.0012064393002700902,0.0,-0.0003337867827533092,0.018508418069489385,6.474969891423488e-06,0.0,0.007253045714181117,-0.0011139475658232811,0.01652134236786512,-1.1102230246251565e-16,0.05796096076701018,0.011859558307245222,-0.01872023163755676,-0.04357657127792497,-0.06211138321874543,-0.008829743268355228,0.0364397958387952,0.0004739350483830562,0.0024504751681715953,0.038619535075234857,0.003383006042570469,0.03304476689014363,0.02284017717598036,0.021090388972761054,0.04176597759695072,0.032839910689264284,0.023064867617465512,-0.0022771911566208947,9.759100973827373e-05,-0.007010180322918891,-0.017427189850348468,0.0016591825058886456,0.0018779971452841382,0.0030313276393142408,0.000391069175641634,0.0,-0.02062853728542341,0.016079169970615592,0.0003663341240296436,0.0,0.0,-0.011841932114958265,-0.001069241365800111,0.0017911322258322149,0.0004604172326733158,-5.551115123125783e-17,0.0,0.000547208346701189,-0.01022721082764233,1.1327288902407417e-06,0.01064116106556362,-0.017206977517162658,0.00022967888453423457,0.002700386244048558,0.0,-0.010150900748377656,0.020991789610788125,0.012064152980408027,-0.017928823643677816,-4.759549098026783e-05,0.0034850906139264337,0.016946415039161833,-0.010135590697090524,-0.020653084351219653,-0.024494981793099002,-0.0005447729764655462,-0.005689835739552396
0.0007097540052007356,0.0037056690806617776,-0.00033419507821264016,1.8634315909538124e-05,0.00884928602453755,-0.007541617627533359,0.003615603472810258,0.003446538118221376,0.00467551974089675,-0.009188797714606622,0.00010958150453793669,0.0016987898945494684,-0.0008317255858957262,-0.00045136624309344286,0.007253045714181117,0.0,0.011382269624647612,0.012376854481129573,-0.00015662662809035055,-0.010061528266890274,0.005739413613917221,-0.010442206456650172,-0.008196162511929839,0.00613680596013888,0.007325073561586015,-0.005072055175291412,0.005363800338487268,-0.010968184443922058,-0.00425883984288794,-0.007254003087893146,-0.0061328726493516394,0.016708643839695003,-0.018898219254580517,-0.010536951101974668,0.01831933088535498,0.0008781166320481204,-0.0003626223515612037,0.0017357164152898008,0.0008780312213496622,-0.013338584419882948,-0.0035267300388386325,0.002865100434237211,-1.4769920473889364e-06,0.0,0.0,-0.009032592039980858,-0.001838433829936259,0.0,0.0,0.0,-0.0026087832423891677,0.0005761978069299678,0.0005428893880712327,0.0,0.02251347611654453,0.0,-0.0021212214466624912,0.0013804427769037453,0.0,0.024662906817815633,0.003877894798496817,0.0003811764619567337,0.013878282028447042,0.0,-0.010119886325111849,0.009393552555695406,0.017838972324520252,0.020558667876265535,-0.0011853327741491726,-7.545597247976543e-05,-0.006349470175127769,0.017108957425056193,0.029697953497615226,0.00449358208166839,-1.1102230246251565e-16,0.0010256925658380656
0.0019376909475137816,0.016831870498117907,-0.000442617863269934,1.4507376173200637e-05,-0.0003561695793202202,0.00045661491712123414,-0.0022354386566592055,-0.00024744405935589464,-0.0021280389790709897,-0.021794270081723188,-0.0010985496775325343,-0.030551618784713686,-0.052913157721001525,9.285059724084554e-06,-0.0011139475658232811,0.011382269624647612,0.0,0.02400940002104368,-0.00017083707786691438,-0.004236535996773594,-0.0009490711907039207,-0.015279810342038347,-0.00013609722377211364,-0.04785037831244515,-0.03622954306586751,-0.023376940070162278,-0.00014085244962452892,-0.0259507234846863,-0.012320070606889943,-0.0010431636645383824,-0.013193811040897063,-0.02080609270088679,-0.01766173382246583,-0.011380002750089935,-0.011581402906993499,-0.000766389633157949,-0.00033933196796803733,-0.045382607007439624,0.0018387923739241474,-0.00628951369730979,-0.025190367066976138,0.0006787886279462918,-5.551115123125783e-17,0.0,0.00030405156373136677,-5.412147374911358e-05,0.00029264931557759777,0.0,0.0,0.0,0.0,0.0,0.0,0.0,-0.03356200574123558,0.0,-0.042639990644145254,-0.0008823677031560284,0.0,0.0002285639644102333,0.000792211412474153,-0.0284020193503719,-0.015730211851343434,0.0,1.1102230246251565e-16,0.0,0.00015259233637782144,0.0,-0.05357264402192774,-0.030317307455120956,-0.031994995090341816,0.0,-0.0015862915785833098,-8.901193626509318e-06,0.0,-0.01565518224960849
-0.0013886817924403938,0.0012166517735628934,-0.0015809381423342317,3.3825579895396807e-06,-0.0027006663748633253,-1.7739431419361296e-05,-0.0042895252505776305,0.008901691335467476,-0.027787811281977215,-0.02850053012147402,-0.00032399058888255006,-0.02906752768378945,-0.000281169377749968,9.424483204489853e-05,0.01652134236786512,0.012376854481129573,0.02400940002104368,0.0,-0.001389065792016253,0.010245677512446594,-0.007657438850294518,-0.002238434243584997,-0.010608141584299402,-0.005365182929136736,0.004787269520665716,-0.008232868793624837,0.005419439748039101,-0.00489857909355873,-0.0025142278130616535,0.00262815272861322,-0.005626769621230154,-0.0033469907867412774,-0.001778803579121968,-0.019628504778208655,-0.01918940017438625,-0.001063683642823221,-0.00038344712673726855,-0.0006009520421417225,0.0021879652002906314,-0.007330696572288242,-0.013577711220615685,0.00776718949861499,0.0,0.0,0.0015659830191435686,-0.005633885861556609,0.004060436383149679,0.0,0.0,0.0,0.030540706648897187,7.87213074823212e-05,-0.00014208536836840535,0.0,-0.007764175896771974,0.0,-0.022277670918325887,-0.00022266771793150175,0.0,0.00048682435527558354,0.008148134448315025,-0.010322733593195521,-0.003796783850449903,0.0,0.007146333189280041,0.0019277172221078276,0.013552261419907119,0.03228331981324012,-0.023657997280551513,-0.013462869957267642,-0.017888020378075076,2.414036834919031e-05,0.0013933066478278855,0.0037602336527732816,0.0,-0.002163422136788218
0.0,0.0012866300225926608,-0.029013371400534727,-0.06734170181649385,-0.044379885657119755,-0.013240220060880825,-0.06612965166983703,-0.1535718962387056,-0.012070998259772259,-0.05967720969858786,-0.017858379548525483,-0.05700641970015824,-0.0684358578935016,-0.08382163242868895,-1.1102230246251565e-16,-0.00015662662809035055,-0.00017083707786691438,-0.001389065792016253,0.0,-0.04745407525288292,-0.0003830202941841887,0.0012217793378993536,-0.08140876288820065,-0.00025730117808298036,-0.0011938130094218402,-0.0007442606626567039,-0.01223892949511779,-0.06583087740765126,-3.6586027654050834e-05,0.0007773771128039009,-0.07161166189325396,-0.04416646657126161,0.0003202340113298008,-0.06340429030543893,-0.06948582792239716,-0.05007597363662264,-0.059082144296756456,-0.056900799365480426,0.0061685806536020404,-3.3199357339308566e-05,0.0023355055061125007,-0.002645370112526968,-0.010578287239557616,-0.0017882249468308409,-0.00016154428168718704,0.0,0.0,0.0084138323911222,-5.551115123125783e-17,0.002973389301654805,-0.002954884301449967,-0.0023943554762957397,-0.001304692129684537,0.0005668831118581519,-1.3877963074282462e-05,0.020295134591129416,0.00023558414890673118,-0.004105822970584594,-0.00796836979451676,2.220446049250313e-16,0.0,0.0,0.0,0.007404067376842183,-7.662203049541016e-06,0.0,0.00010145714341075474,-0.004303165119398988,0.0,0.0,-5.551115123125783e-17,-0.11937428229061081,-0.011108152936290638,-0.001700653973299604,-2.6415891377307155e-05,0.0008126873069685958
-0.012656035458373904,0.012083380198411098,-0.0008687019907033244,0.0008318282311645109,-0.0071936573585579255,-0.017188708898821237,-0.008823161831378823,0.01014807493287223,-0.004354922418479346,-0.004183751144656855,-5.0042693094110025e-05,0.0034477127562808074,-0.01681778798413075,-0.00044347324220717077,0.05796096076701018,-0.010061528266890274,-0.004236535996773594,0.010245677512446594,-0.04745407525288292,0.0,0.020196486041957784,0.009524896703637986,0.07231734311855664,-0.045941695298618745,0.006964912482418872,0.0258867304802623,0.02714070859004808,-0.0172210487938369,-0.00974613856954365,-0.030814774543990675,0.01662810093118472,0.024905267384435603,0.0365221814358081,0.03561954252248939,0.01865609437498078,0.019176454428650347,-0.0007667300874087402,0.0050439332014535765,0.0033751359862578822,-0.00394104470384582,0.0027551656716923723,-0.004240152942380726,0.0029848777658093573,-0.0014222093740453579,-0.0004910683768281632,0.01960605447265107,-0.01429321401810213,-0.0006883029482444014,0.0,0.0,-6.334270727220703e-05,0.002189553246719378,0.0009763779755377344,-0.0012321496282459155,0.0006927870078386467,1.1102230246251565e-16,0.00037895516492963965,-0.01261542415667638,-1.1102230246251565e-16,-0.00042983561388765246,-0.01295374577608227,2.3495755858138345e-06,-0.009259078424261935,0.0,-0.008756339512660416,0.026238432039957182,0.03221072482184645,-0.01542479759891735,0.0,0.001754240081333125,-0.012268741614165413,-0.009742145842154382,-0.011243959626236755,-0.01191042747014659,-0.0005836406502636726,0.006965555474780671
0.0008380916766322355,0.002308822038694869,0.06147684630033484,0.00036958339435338994,0.028436831228509707,-0.004293422946261394,0.001613761115490886,-0.02025044018840766,0.021807586483320762,-0.030546049838084843,-0.0001542029027900016,-0.005330560409248952,-0.01180428008954737,-0.006495326910680055,0.011859558307245222,0.005739413613917221,-0.0009490711907039207,-0.007657438850294518,-0.0003830202941841887,0.020196486041957784,0.0,0.013639738964655923,-0.02115668968620882,-0.005847670874509603,-0.02066514182282081,0.01680681611853979,-0.007237773674782955,-0.020984675592354896,0.0012557640187473296,-0.00844175597392105,0.010444941916609385,0.01958650535564993,-0.013395424029993608,0.03160368208852271,0.023627094220433242,-0.0012185001112303695,-0.0008279478197197321,0.012490872124629848,-0.012765740152790306,-0.04538593405787389,0.006186037375847386,0.010896948887758717,0.0022720053851446043,0.0,0.0,0.03829161827342148,0.0016680392442958714,0.0016388416589993016,0.0,0.0,0.000758181615889364,-0.00020474430600886384,-0.002692981449205878,-0.0003580342431872552,-0.00048593548277103826,0.0,0.0008974928754652556,-0.0019905968425519283,5.551115123125783e-17,-0.02315908303981956,-0.023265773886340102,0.0,0.0001963172001012703,0.0,-0.03641103203325541,0.025494244001077748,-0.003671256597316541,-0.019400696951224095,0.0012291687770726867,-0.011725765628226914,0.000218605340779221,-0.017740334261094448,-0.026568459054953697,-0.04519867355704743,-0.00224251404840603,-0.0017041547765934695
0.014865325619901504,0.02030497221016825,0.017714084450274337,-0.0015298548566696213,0.0006967823116968419,-0.001683474624191994,0.0010106746903869035,0.02856331256413369,-0.0022550159565624672,-0.01756669289945806,0.00010192971167105602,0.0011307141420413003,-0.008363439907621895,-0.0005525833941436575,-0.01872023163755676,-0.010442206456650172,-0.015279810342038347,-0.002238434243584997,0.0012217793378993536,0.009524896703637986,0.013639738964655923,0.0,0.015746016876615754,0.003740996421605469,0.0030789079080276727,0.010699081375147579,0.018973038122019892,-0.01016263052739963,-0.0023961106394695397,-0.016009592079521018,-0.006565053460606263,0.02132384496989065,0.024766884323284832,0.023108996750035637,0.02297811656356319,0.018124349044207233,-0.003458482442622146,0.004261608313586351,0.01898136682569823,0.009593557631071614,0.025381853911627617,0.024317212508270236,0.004162400544996503,-1.4418299380536403e-05,-0.0003691042681794876,0.0038694673745461317,0.01764624794153935,0.0005901320254372289,-6.228737294833309e-07,-0.00014074259283614055,0.012883388555002762,0.0077046977297310915,0.00046804891922624936,0.0012962229884908028,-0.0003694234045990008,0.0,0.0006364135040717867,0.0014032636647252072,0.0,-0.002658591332841409,0.00410165850491262,-0.0006941120438755388,0.022291467522084885,0.0,-0.009762803510265317,0.009133550252420575,0.01685055177388861,-0.007248083549900253,0.0015639087760399573,0.0035716052806076815,0.0176591781997934,0.0024649272775050246,0.026339364339044824,-0.015950433904045935,0.0006667132360164141,0.010916433538131542
0.008783497608478408,0.01588576794613883,-0.04229625542971244,-0.007207224048291161,-0.02104794230888274,-0.0010603486156083863,-0.029277276972931976,-0.04038179591977825,-0.007065043007843608,-0.0158481311712651,-0.10936053239156543,0.015300761785826678,-0.02219868622974025,-0.057103692091445,-0.04357657127792497,-0.008196162511929839,-0.00013609722377211364,-0.010608141584299402,-0.08140876288820065,0.07231734311855664,-0.02115668968620882,0.015746016876615754,0.0,0.0021636656212708494,-0.02343954412764787,-0.0006283724955833958,-0.015397059244349198,-0.013403317296982242,0.002357792990162366,-0.0061112103053846956,-0.008193892299855732,-0.005895067504781637,0.0017976019333200144,-0.006315031064947463,-0.002825429741571628,-0.028207612789656555,-0.02948025643283486,-0.007008182976099897,-0.01710221373915255,-0.061428576187581685,-0.0031820835622585752,-0.01536332514388783,-0.07124019372038437,0.0005625682499849072,1.1330073280413355e-05,-0.043154310238418536,-0.009820992372137849,-0.03379064441697294,-0.00012557601077700653,-0.034120580757291685,-0.02307852499370533,-0.0322597923635804,-0.06292890755195557,-0.050225536277647975,0.0019115630677265516,-0.09695670204364903,-0.0027399133758260197,-0.01568858412961599,0.0006149967551241642,-0.013765980215283247,-0.016413898674861038,-5.715602460432123e-06,-0.00017451081547753544,-0.015865145208575016,-0.033549923606233045,0.0036732586954795754,0.01947210470394911,-0.005119179167419441,-0.00042452398292858184,0.001837839802614094,-0.006756925212266729,-0.009062276338251518,-0.00648350604597292,-0.022590119017320553,0.0027280424600671926,0.0015490426891664466
-0.039685071906552516,0.023071026101422254,-0.00142421718788599,-0.0020296986430544117,-0.05003917525295232,0.017543571744522035,0.00024710060608085227,-0.0033034413659620565,-0.031030095104209565,-0.04711498276090931,-0.06860654646806663,-0.011157204348874517,-0.03379923683106323,0.0017719178708509586,-0.06211138321874543,0.00613680596013888,-0.04785037831244515,-0.005365182929136736,-0.00025730117808298036,-0.045941695298618745,-0.005847670874509603,0.003740996421605469,0.0021636656212708494,0.0,-0.03449312842901192,-0.009653643434604231,-0.0036006247485771414,-0.00519848509691645,-0.041406930997212266,0.0006365566243149434,-0.04287012287968622,0.02555093787417767,-0.015334276587387813,-0.020893448362951372,-0.02103573275411197,-0.009243334111023738,0.0013283577156779636,0.006645481527221608,0.025467407705534906,-0.05027089703423493,0.012000243898357577,0.008631573000019044,0.0010288121691597873,-0.00020829820768081264,-0.00103993007576203,0.013166085539992656,-0.002747736581244886,0.0,-5.551115123125783e-17,2.2575582607708977e-05,0.00016136439115777002,-0.0001399750393200061,-1.6653345369377348e-16,-0.0004317054451073443,-0.04458527299166459,5.841003375367526e-05,-0.0597759009213526,-0.0015105286408879093,0.0,-0.0004104147160029492,-4.4050648102977874e-05,-0.03596955054956502,-0.023928357442859705,-2.751118762855942e-06,1.4403724887146474e-05,0.00018535276561520986,-0.0025486741241117494,0.0007309135386223686,-0.05992571860561058,-0.04306884577351172,-0.047459815967121344,0.0005819381447328964,0.003659225583119541,-0.00030248914563302254,0.0,-0.0005765534036071274
-0.012208216296180407,0.016055904840932556,0.017570247752855928,0.0005577087328872965,0.013340982088111242,0.008019525768104885,0.006019943128291072,-0.014978462220433642,0.002365173040856372,-0.0519838358406034,-0.0009157171994932933,-0.04297080494162975,0.001162833374707406,-0.0001703131086335241,-0.008829743268355228,0.007325073561586015,-0.03622954306586751,0.004787269520665716,-0.0011938130094218402,0.006964912482418872,-0.02066514182282081,0.0030789079080276727,-0.02343954412764787,-0.03449312842901192,0.0,-0.018604116239917312,0.007649086966133978,-0.006894002206098704,-0.0016992704636032419,-0.001461510422466894,-0.027065122955364285,-0.004168201966786966,-0.027713865053929032,-0.023612264755423773,-0.018491180068940405,0.0009593767716190027,0.00031790944812598587,-0.020714740305938728,-0.00019674006434056146,-0.004597100420603073,-0.011306907030933178,0.0026477116604092243,-0.0011038052953383226,-5.551115123125783e-17,0.0029498248085211287,-0.016157351713410872,-0.004124202346395378,5.551115123125783e-17,0.0,2.220446049250313e-16,0.006577233084813117,0.0024122968930270217,0.0013185575898238544,0.00038052549212397313,-0.02801540173187289,-0.00018644626023078814,-0.04097114075433622,0.00034359068892353406,0.0,-0.01683774955490719,0.01348313388186867,-0.024786627137892037,-0.0016445642831689478,0.0,0.006538388977250231,-0.03936298708396657,0.00792307296362299,0.013496926364441608,-0.04192053519084249,-0.013234606913932967,-0.01747711910354577,0.00977382276924843,-0.001800063542722663,0.003691616958755195,0.0,-0.006058280006046746
-0.0015617854427536493,0.008579766899259655,0.014888112616501137,0.0019160606753705345,-0.005815028739188377,-0.0018991035468990947,-0.007232200923458942,0.0057771197784258765,-0.005926468074479718,-0.04515973886166896,-0.0578113250842992,-0.028362357913528646,-0.01827302357371141,-0.0028282121906266777,0.0364397958387952,-0.005072055175291412,-0.023376940070162278,-0.008232868793624837,-0.0007442606626567039,0.0258867304802623,0.01680681611853979,0.010699081375147579,-0.0006283724955833958,-0.009653643434604231,-0.018604116239917312,0.0,0.004931090926972415,-0.01610684571035892,-0.007099950158108048,-0.011581067006634693,-0.017164461580926993,0.0023678142536364133,-0.025313083148645277,-0.009535757771297726,-0.0017888297716103785,0.046569118721903946,0.0011626501824688606,-0.026443132399633973,0.013810594214337002,0.0006695228933618069,-0.002062425198901985,0.03947197717072892,-0.004052109803828863,3.1678993802464195e-05,0.0008088818854450897,0.01090557198696196,0.008405838625936746,0.0022039073987970004,0.0,-3.72899678581784e-05,0.004232186683756911,0.0007497085355062105,0.013873910077222884,0.05171104342706434,-0.043110103487694396,0.0,-0.05610884034158942,-0.010455905589556336,0.0,0.014193708930183124,0.002159671221478976,-0.028001737022086803,-0.015972861649913128,0.0,-0.0007621807441427486,0.02245750934680274,0.01267131744322103,0.007721869979714191,-0.0543970737088294,-0.02574697820703714,-0.002453623765136248,0.025204974337959374,0.015520961591098392,-0.005460187910594494,-0.0002949282699052369,-0.015475401895227725
