0.0,0.03790037381842787,-0.0024983564665523317,0.0,0.0007473103017817118,-0.0021713953807337982,-0.0049241087839468345,0.01255333083290966,0.0017319692820453314,-0.012113702234762658,0.003967918533994252,0.009873364254136263,-0.004721286957307058,0.013407594630343744,-0.0006239324416412173,0.020835949756085548,0.06277882018882586,0.005583251001200273,0.0,0.006051572651249948,-0.010957417217251741,0.011191285894255776,0.003957547848941589,-0.006491401610507153,0.02032354412110149,0.0036981252781982943,0.004106558355705225,0.012590315319526257,0.03784250568744829,0.0067049481322143945,0.021609498106269776,0.02607162616963793,0.030955011945406563,0.022088151586802107,0.01548068381780543,0.0012024768986748091,-0.00014263025650457228,-0.0035379562588458424,0.001008631780589575,-0.00722583400711313,0.02242756436651988,0.04790400169368558,-8.061104749651493e-05,0.0,-0.004149048111802167,-0.026138355238628896,-0.0023634382989324854,0.0,0.0,0.0,0.018309652849850144,1.1102230246251565e-16,-0.006682562460188113,0.0,0.016974328755736345,0.0,-0.007839708637977227,-0.0020186088177292505,0.0,0.05134985830768052,0.007520037908982036,-0.004899269694484176,0.01929061119600467,0.0,-0.006163380057399637,0.004093987048807923,0.020627836690975065,-0.0068018278991187064,-0.007177498985797837,0.023085213989036513,-0.0019041954049621723,-0.006110341857818058,-5.489063004082695e-05,0.0196093880628474,0.0,0.03848585997812848
0.03790037381842787,0.0,0.011020750058350626,-3.852773181139968e-05,-0.003656086328185093,0.011449309898194204,0.00042586144537964943,0.04449105212761767,-0.0024346051200593855,0.008857579087248657,-0.0007880184686503422,-0.002213230848068126,-0.0009047638891057641,0.0010414894688736687,-0.0031931883834538932,-0.005672355873112989,-0.051320129793494484,-0.007624354558009638,-0.025842934154228725,-0.008862384834732895,0.025977263040329157,-0.017904693926542814,0.019528671478085458,0.03600232563050504,-0.002074400675242838,-0.007459219185733557,0.0025002609048015434,-0.0020227771029728836,0.011784811846817622,-0.007123391827384584,-0.0019456173373512686,-0.010909333867993365,-0.011515001077134934,-0.003024966752307845,0.00738263352455365,-0.006357634627622899,-0.00017406099673711317,0.0,0.010895286900410639,0.008586309820420523,0.011731208901930412,-0.0007097567732090027,0.0023372005803640183,0.0,2.220446049250313e-16,0.0014622182701570785,0.0045999644641967485,-0.0001440223220793846,0.0,0.0,0.003824018019555897,0.0019256934186510088,0.0023150069996441536,0.013515581198097038,0.030845119598383763,0.0,-0.002337058572622175,0.002135735868583455,0.0,0.0009838701960039886,0.00993916442766235,0.013822965681176358,0.016986811978767946,0.0,0.003279839147576291,0.0012542443201830067,-0.006543143858563916,0.00908425490705006,-0.0019797042678559307,0.026832021895244917,0.002119169972395585,0.012724068495444052,0.03501585787517264,0.0033138361223671864,-1.1102230246251565e-16,0.0065072169654045164
-0.0024983564665523317,0.011020750058350626,0.0,0.008206160724554712,-0.018951641188002355,-0.0104646302342985,-0.01698456804984455,-0.0012545940539220868,-0.019691122017189255,0.007841400569469859,-0.02951979907109853,0.0334955707417226,-0.0034841713214122105,8.921310715587216e-05,-0.0033800919417397712,0.0008349236341707589,0.0022457517656045423,0.027493704497517146,-0.0005288019401290533,-0.001707878061737167,0.0009019487909385226,-0.004172732414459868,-0.025701273126895796,-0.002708066375497975,0.02767856445285155,0.014730511990031447,0.009925857811355743,0.0005686237030373964,-0.007846780862240998,0.02379848146297725,4.6414265313599046e-05,-0.005361007650790728,0.045416439948431475,0.0031198349591380348,-0.0024449645236632733,0.012982536774605424,0.002398644352398671,0.01331473571873365,-0.027386486571632507,1.6509494033534189e-06,0.0030157444411380574,0.00598955515006766,-0.016228841023591123,0.00027138918853936156,0.0,0.0,-0.0004524010532720446,0.1534566285122349,-1.810545673752717e-05,0.005555337788182069,0.012811481529169333,-0.005645110754556426,-0.01867546289548061,0.021984323360784708,0.001666446787115028,0.0543525758644155,-0.0012208533576734126,0.006501002227792929,-0.005140425090550793,-0.00011123549037489466,0.0,0.0,0.0,0.17359121285451323,0.0003563835257163195,0.0010119572552713119,-0.00046558358532006183,0.010611516950800315,0.0,0.00021115333287125004,0.10087141171806607,0.01738649058907127,0.03523919982760293,0.002898522867921638,0.00247642547884086,0.02791625856587876
0.0,-3.852773181139968e-05,0.008206160724554712,0.0,-0.013191307538041042,0.0035912659003183856,-0.007965574793110053,-0.027638418244295027,0.0048489574825575366,0.00010993523662999882,0.025556260722711666,-0.0039262436259401845,0.03987354850278907,-0.0019962726405898246,-0.003905353045922322,-0.0012032073643836183,0.0018268853048834521,-8.244661955686405e-05,0.007368287433519638,-0.05647538573481603,-0.001139314508573519,-0.005227061297159052,-0.007429202710263205,0.0015245660998382538,0.0008584472423787126,-4.4875540657352e-06,-0.009729944550603942,0.03236214302749424,-0.010496485530038291,0.0031179984361153767,-0.03854515674716513,-0.012092963698225268,-0.04431028267246506,-0.04365018105598942,-0.026427023535435024,-0.005598457276086044,0.004060194879353801,-0.007140689212023932,-0.011648895568507622,0.0014717835783552569,0.0005087616018210062,-0.0009313255195263492,0.0017056254792989223,-0.0008436529097101131,0.0,0.0,0.0,0.00018334763567229295,0.0,0.0,0.033080541609371406,2.220446049250313e-16,0.00018869006742250338,-0.0012612864262570023,5.551115123125783e-17,-0.0006958829392711419,0.0005620885900989303,-3.684962098582378e-05,0.0,0.0,0.0,0.0,0.0,0.0,0.0,0.0,0.00016636788777601996,0.027178936526558006,0.0,0.0,0.0,0.02340588358830681,0.0008658861935336715,0.019536491299925407,0.0,0.0
0.0007473103017817118,-0.003656086328185093,-0.018951641188002355,-0.013191307538041042,0.0,-0.024059488910635807,-0.011901458723015401,-0.03809070115334923,-0.0024178549877202915,0.0032305141316186226,-0.04813019031362853,0.03311916376678925,-0.018692788545948802,-0.007769456763098481,-0.00014056616982616177,-0.007864566550635832,-0.0037140589527477896,0.02380387464330458,-0.0531229321927979,-0.01828040668629849,0.000602980304888312,-0.010003696028253739,-0.005775891040633252,0.04223307358594808,-0.017599358740783444,-0.02735052242346475,-0.020351087396833056,0.015133773625336744,0.02478671810597144,-0.0076602924499116765,0.009018423493944383,-0.051120611603218236,0.02112265376603406,0.0011631082104323065,-0.013899196237929179,-0.003224170239149615,0.08627280013752453,0.012934934079475657,0.008818033580224482,0.0008696338276589777,-0.020085556786995695,0.0020798764238306178,-0.04140688219193828,0.0001482434415000511,0.0003395985726469819,1.1102230246251565e-16,9.223079699927084e-05,-0.020754094903657427,0.0,0.0018780180641582156,-0.0017765435829708576,-0.03506396086145347,-0.04213416172977302,-0.01904065711290981,5.551115123125783e-17,-0.028649876560737753,0.0025022471773186727,-0.005479013401759714,-0.034482714577950546,-0.0004430662204208402,-2.430327331343074e-05,0.0,-5.551115123125783e-17,-0.0705752873417006,0.0011716979595512433,7.968625130350127e-05,0.015048444352093404,-0.008901505095342155,0.0,5.293143119650123e-05,0.0010161574588006261,0.0014161738811726554,0.02953048499555705,0.0649766954605992,1.1102230246251565e-16,0.003317736415963113
-0.0021713953807337982,0.011449309898194204,-0.0104646302342985,0.0035912659003183856,-0.024059488910635807,0.0,-0.0014627067295727714,0.027323242261746816,0.001263676464948238,0.0037747958010265203,-0.028091786289332288,0.029087586634740148,-0.00035359937264484165,-0.016215800925151846,-0.00011820865089251509,0.006778798088542037,0.015616498181627303,0.025569951333458574,-0.044563016912744224,-0.0031919573203438856,0.005039066011651938,0.0049403640783026725,-0.012218752573802782,0.018195540888742756,0.00565446840467676,-0.0032552978401410027,-0.016927095448157015,0.022920495156410536,-0.002039463875715408,0.008884459339722484,0.0053234579321739806,-0.005584319039039609,0.008226349020818369,-0.0025666736706934645,-0.016579879293484034,-0.012695768550676945,0.00561386611860043,0.009957535808830797,-0.0042313401468025424,-0.004933736295225533,-0.07333530576293534,0.012266335529609873,0.010232998849727726,0.007416382523641796,-0.0020829556796312376,0.0019502236808340845,0.011317789919482457,0.016189205598109213,-0.00042303693985973334,0.034196234980511164,0.019271642704862035,0.012716059986044637,0.006960777543704166,0.012327761786968483,0.021269794925496133,-0.001362741258182032,-0.0034045269633972697,0.01860112670572467,-0.008007373067759838,0.008503459850896788,0.015067490354770507,0.0,-0.0015598634795249144,-0.006194333634213289,0.03616018945623045,-0.002420748451004373,0.00014406310928705146,0.018345062532369116,0.00022376241293270427,0.022960581030995075,0.0009859842836054677,0.023598982875841723,0.014228297478432683,0.011728735039833627,0.021554432401882262,0.01110490675364939
-0.0049241087839468345,0.00042586144537964943,-0.01698456804984455,-0.007965574793110053,-0.011901458723015401,-0.0014627067295727714,0.0,0.011773538850692489,0.004110086750878095,-0.00727135259707129,-0.006706741020542084,-0.004191218052492063,-0.010112844525503595,0.026692779855639448,-0.003616938186459029,-0.011755744493988474,-0.006782903313879651,-0.004259636364371933,-0.004914439171994578,-0.021461409027548284,-0.004904118307663685,-0.0032349363380048124,-0.0044920273308298175,0.003199304280439519,-0.011001805399443287,-0.04334782721244068,-0.018014819122932513,0.02657762627197241,0.010977026950593216,-0.012037244399803249,0.019199050561679087,-0.02739574031816,0.012998821913276115,-0.02127662633950933,-0.04706388251585014,-0.0024210341224451537,0.005619939314901956,-0.004225442076266794,0.035441613462170174,-0.0010314541487727036,0.11972741627696881,0.009020301867844749,-0.029704438540732014,0.008902367853617366,-0.001544034567266761,0.0,0.001652783179592665,0.032268561783413974,0.0,-0.030291908976219473,0.009163195603254182,0.025809145431169078,0.012097718288746062,0.013107715093471861,9.947965822493243e-05,-0.00494259047423401,0.0016534659506068916,0.02819217560288101,0.0015423675351459165,0.00013797357629635743,0.0004166293325328918,0.0,0.00013767570682016173,-0.0026370265541615368,0.0011281677176892546,0.002454866147111212,0.0005321690598316109,0.010833692115272964,0.0002543459036701279,0.0012364059231776414,0.004517691532825219,0.01740378244666807,0.03319141727327146,0.03764415581602876,-0.0004900193739547642,0.03266756299696694
0.01255333083290966,0.04449105212761767,-0.0012545940539220868,-0.027638418244295027,-0.03809070115334923,0.027323242261746816,0.011773538850692489,0.0,-0.01216377886105291,0.013596993446310268,-0.007357677898575166,0.021193648436670764,0.016287303773500905,-0.04466957147683748,0.07667479913769276,0.030764788491709716,-0.0011564067622988894,0.012327989577371301,-0.03563333527583612,0.04549408496337726,-0.016648521990269727,0.04871651687660444,-0.0008537588352448555,0.008202784166948085,0.0296691954941799,0.030334960532829747,0.004035920441565699,0.01042389646116354,0.030697796174297298,0.00010445253493251982,0.0011821890916541289,0.040295497436906524,0.049886795077392576,0.001646510651614086,0.007855544955403304,0.005365450088309354,0.08082129095494228,0.04789366016828567,-0.010407593764311607,-0.002234920356091852,-0.004568485014249668,-0.006350295024001196,-0.03285459521143136,-0.001409207821255698,0.0,-0.001647094329634946,-0.008195892650606607,-0.023665158067197933,0.0,-0.06500663349696534,-0.01102572854988898,-0.010257982300598267,-0.05515061554211309,-0.01603705199420624,0.0006883445386692832,-0.026648068031709604,-7.415748386901955e-05,-0.003424704532633882,-0.0007044616737706955,-0.019329816382897047,-0.0010936503900806915,0.0,-0.00046524788263224703,-0.0507564940467119,-0.02627846903562281,0.01034507567946058,0.004820768755624705,-0.02695855033089717,-5.551115123125783e-17,0.00042524200597165995,0.01554753322727348,-0.0023374484932356943,-0.00035044788588040054,-0.01644251069643321,-0.018216569658571824,-0.014789158796128021
0.0017319692820453314,-0.0024346051200593855,-0.019691122017189255,0.0048489574825575366,-0.0024178549877202915,0.001263676464948238,0.004110086750878095,-0.01216377886105291,0.0,-0.0002966029808161852,-0.0070492781844451735,0.0188652496961213,-0.008316143547328625,-0.016232199932814884,0.0057967794219467295,-0.009448784742753125,0.010887853968604921,0.03444200564156774,-0.028175402792971038,-0.011965538667297382,-0.0011335538680807833,-0.005649677374577056,-0.022084415087440523,0.022848552512863274,0.008525864310862441,0.004651190368453573,-0.00372368699366743,-6.068652275442732e-05,0.015105889804973072,0.04038676625160098,-0.003641370867943916,-0.017654654253715485,0.0012675916504733542,-0.005452342348799821,-0.008439144096152873,0.007924620033196605,0.0003942802282982383,0.003668210398535765,-0.05219509919803361,0.0011455236477266317,-0.060772967442549064,0.004407470470048469,-0.029916246204365615,0.0403359143586835,-0.002088062657228884,-5.551115123125783e-17,0.001529667443206928,0.01366381912526371,8.697946311253535e-06,-0.008728632239120349,0.014323982745099606,0.0062435903972616336,-0.0258875448789454,-0.0016956473723616083,0.0006393036375405003,-0.021569724167472826,-0.000697339456171564,0.017897461046672336,-0.008976518862852556,-0.0018765620529135885,-0.0006784729898674513,0.0,0.0,-0.024954744538171147,3.352822673907685e-05,0.003074756283438951,0.013409995665812802,0.002880298664211689,-6.183623881905742e-05,-0.00021669310381478013,0.11626584887643926,0.010742553995344739,0.028743907956460868,0.02698866956066187,0.0005888574387656886,0.02412385655126492
-0.012113702234762658,0.008857579087248657,0.007841400569469859,0.00010993523662999882,0.0032305141316186226,0.0037747958010265203,-0.00727135259707129,0.013596993446310268,-0.0002966029808161852,0.0,-0.01108479461347045,-0.01214721979571759,0.0006092668204737417,0.025436193608334434,-0.004227264217281201,0.011852611008815572,0.014598255939600957,0.024133980949765876,-0.008087319910432045,0.014112504112702484,0.006122192840328611,0.01308537797596232,0.007657668372717585,-0.021193869739538906,0.016686763327962983,0.029125768423789222,-0.0023594705178363595,0.008032280731903874,0.011850281617818592,-0.00190345665203695,-0.0007057177470287668,-0.00941778093350698,0.004176407477991584,0.0029527524991488363,-0.006240690956473838,0.016155846519719463,0.01870987785087974,-0.021123870601811756,-0.013988351137111388,0.014707965279739887,0.033619151002091896,0.0059667899900257,0.000647756904291974,0.011771729091621108,-0.014010744655851226,-0.01929841664203591,0.03281181051903448,0.0002923977453210824,4.938814409144454e-05,0.00018786809718607245,0.021632439865758246,-0.0022462752691890797,2.552619618068075e-05,-0.0026612329521817912,0.03332515498319594,0.002648943297668349,0.004770658700515129,-0.006556045358745322,0.0,0.0012002966017169991,0.009317178365188916,0.03725895737454371,0.04308508892337132,-1.623414177104321e-05,0.00026376378123649236,0.004570762807430462,-0.00301833176394134,0.022923538251607534,-0.014835451536224509,0.04208285983296234,0.02598642134754653,0.02894223652175082,0.1003106062284288,-0.0017648393346000324,-5.551115123125783e-17,0.023029456052640174
0.003967918533994252,-0.0007880184686503422,-0.02951979907109853,0.025556260722711666,-0.04813019031362853,-0.028091786289332288,-0.006706741020542084,-0.007357677898575166,-0.0070492781844451735,-0.01108479461347045,0.0,0.02232924972979,-0.0015546340601822473,-0.026253552631377297,0.0,0.00018159837484155172,0.011896045804604682,0.0031163290613245853,-0.020996782765335953,-5.9263316492697005e-05,-4.263286225875129e-05,0.0008999317508071036,-0.05250855303552271,0.02827772593679756,0.008934913652456355,0.01642193675966852,-0.05047508531182521,-0.01701613156618098,-0.007754205208052367,0.0004492735425578598,-0.012516654774839542,-0.011980582418957775,0.01749947153449083,-0.014799171023584967,-0.01572195284604183,-0.024971812377247826,-0.0073229147841007425,0.0012888094552515605,-0.03534085383514313,-0.0008542114831675551,-0.0006199574678626973,0.001620710753657717,-0.01664634657263847,-0.0013151129971524789,-0.00035290548850941406,0.0,1.1102230246251565e-16,0.0800870024027785,1.684251196176767e-06,0.0002271606839944762,-0.004025117314344184,-0.001998293519438532,-0.038316922117936913,0.0346657863972335,0.0014474595121822253,0.1225380342753063,0.0029041148246429227,0.005642210348750176,4.092212700801401e-05,5.551115123125783e-17,0.0,0.0,0.0,0.12014417060622551,-0.0005599588976519243,0.0,-4.2474669390668573e-05,-0.015839173358074388,5.551115123125783e-17,0.0,0.00024599002974573514,0.009812179946245503,-0.011524436212007105,-0.0013135956814178118,0.0,-0.001603100610214736
0.009873364254136263,-0.002213230848068126,0.0334955707417226,-0.0039262436259401845,0.03311916376678925,0.029087586634740148,-0.004191218052492063,0.021193648436670764,0.0188652496961213,-0.01214721979571759,0.02232924972979,0.0,0.01955854077364494,0.006040780163434678,-0.00042504365976614444,-0.0016160521513806647,0.017993115492439926,0.006523433085585173,0.025742917114702724,0.0007082891773996791,0.009861241838406032,-0.0005048047061482208,0.04066062051429714,-0.005311618712553923,0.013807019354942274,0.02135948909738583,0.025462723591550218,0.04489161348412035,0.0050387723168830445,-0.0006186234640638832,0.014645276891218861,0.037693690357970544,0.012623477714364228,0.017539231725664794,-0.012073438129232561,0.020503228361663295,-0.0016961451552057194,-0.0025986169250166447,0.03772419148721495,0.030171118510535555,0.07337127539978172,0.004197521440269414,-0.003997182323293436,0.0023441700627903628,0.00995796125340237,0.006585980646902467,0.001707039937047461,0.00025545447033775703,-0.0007928503070193382,0.0005007685753118385,-0.002295792848441003,0.003056427772658188,-0.001201630521828423,0.0005132570699206696,0.03575196756645527,0.00034615842827295795,0.01725867663504399,0.005584843430377517,7.737674933561145e-07,6.022383429155065e-05,0.0014239224063228861,0.03865403392059874,0.04043473835762462,-0.0011567481831336601,7.801151849917698e-05,0.002202605505010169,-0.0014112261905858126,0.00505387740093205,-0.0069484663614247655,0.04162940011761279,0.025390857789117927,0.0020671889403162114,0.012995633707890475,0.0033084817828268887,0.0,0.05590312519265378
-0.004721286957307058,-0.0009047638891057641,-0.0034841713214122105,0.03987354850278907,-0.018692788545948802,-0.00035359937264484165,-0.010112844525503595,0.016287303773500905,-0.008316143547328625,0.0006092668204737417,-0.0015546340601822473,0.01955854077364494,0.0,0.017552652807696856,-0.009413302786887179,-0.009036533008349723,-0.003868276571932283,-0.00033969639982944777,-0.0019341521545249152,-0.014165594590944797,0.029210873168104667,-0.006745873740837904,-0.004573787845673916,0.007438205017354982,-0.009680026339155656,-0.04380553817158228,-0.008414424424853795,0.04309112393161019,0.01742514886885771,0.019893902109589467,-0.004115887492692705,-0.01575196866557954,0.0008443507046499987,0.0007288661808914632,0.012322010634260916,0.03425834214415091,0.033156548075669756,0.00982969099493386,0.04874949028106701,0.023233619486979662,0.020216797233243433,0.003554699244595061,0.037337041306775565,-0.0016599689370030424,-0.0010904709882010866,0.0008501440603595478,0.015241922469802216,0.022068828885101865,0.0,0.05703117119910528,0.009369306748843842,0.02815845086168578,-0.00014519352415115483,0.02476721087842615,0.01005220807788132,0.0021211430486063887,0.04495803742530291,0.03830813635942337,0.0027540440474487227,0.039051723061957866,0.0018451145160565119,-9.65120609671688e-05,0.0013798112559557096,0.013852115606361237,0.03533503556201634,-0.0011894481235151244,0.013704452655275479,0.00990978596147618,-0.002750349668371732,0.0010453481524151376,0.003031591589372218,0.015091221718598669,0.0252958041183608,0.0205217647870235,-0.001040296758565873,0.02749678799807853
0.013407594630343744,0.0010414894688736687,8.921310715587216e-05,-0.0019962726405898246,-0.007769456763098481,-0.016215800925151846,0.026692779855639448,-0.04466957147683748,-0.016232199932814884,0.025436193608334434,-0.026253552631377297,0.006040780163434678,0.017552652807696856,0.0,-0.002036601678758354,-6.472322460254754e-05,-0.00022631446053483772,0.00013809131394987295,-0.032016857670453924,-0.0010145086527578728,-0.004353688580642889,-0.0006445343717584873,-0.0283845015831522,0.006857011401096569,-0.0008470508289343814,0.029642573654778903,-0.02211410371070216,0.05667779863834671,-0.0030704297958678017,0.0007273293233847622,0.0058614155038062,-0.028066847586967286,-0.009560126338582164,-0.008943186762072897,0.008340415907331589,0.0010643969683510612,0.022998805817324636,0.0016638332789215005,0.005046259208659087,0.0,0.00032083347098088577,0.0010629084322236748,-0.008313732471429025,-4.848114974365103e-06,0.0,0.0,0.0,-0.024343509490850512,0.0,-0.0052618818757507735,-0.0018811136473477208,-0.0042094138227873334,0.004773320225424205,-0.02840034999082869,0.0,-0.028379496540881344,-0.0003056016314177956,0.011821876513453622,-0.004977725033138369,1.1102230246251565e-16,0.0,0.0,0.0,-0.0859702704411176,0.0,-1.1102230246251565e-16,0.0,0.011894339139281007,0.0,0.0,5.551115123125783e-17,-0.010022435208555891,0.0011150915770425374,1.1102230246251565e-16,0.0,5.551115123125783e-17
-0.0006239324416412173,-0.0031931883834538932,-0.0033800919417397712,-0.003905353045922322,-0.00014056616982616177,-0.00011820865089251509,-0.003616938186459029,0.07667479913769276,0.0057967794219467295,-0.004227264217281201,0.0,-0.00042504365976614444,-0.009413302786887179,-0.002036601678758354,0.0,-0.001731357247485299,0.007628046378011899,0.00472682953808512,-1.1102230246251565e-16,-0.012605869591480579,-0.009106092378857844,-0.010183003553283665,0.015368606505664018,0.032005512725485186,0.012593002342264237,0.0013189276935599015,0.024002192434659786,-0.015367757295490836,-0.013438470696639171,0.006736511379427101,-0.000492561604604036,-0.0026560712327484137,0.010199233839058741,0.006543720044806911,0.022213027693640697,-0.006767463445071398,-0.002355366822594962,1.3004537324001753e-05,0.00751336735534508,0.004954207164509672,0.02584249685214446,0.01770742653991808,0.05580831230612143,-0.0003525475116021859,0.0,-0.010566108900744942,-0.01953456326659536,-0.0002931307975767572,0.0,0.0,0.0021614138928155446,0.0034110741340078188,-0.02062105495748201,0.0008534851138253807,-5.551115123125783e-17,0.0,0.001844299205243094,0.010063612136344768,-2.7609184576116164e-05,0.0054949962856283285,0.010924532570185386,0.0010327670767797392,-0.001476139124083009,0.0,-0.005614034046974581,-0.003004449619407157,0.013263985762108521,-0.0033587739058362764,-0.0002604185613090393,0.017524579433443044,0.018692564307925874,0.005388751285252624,-0.010252950943989647,0.004400333955220159,-0.0035025623530786087,0.005539810770649745
0.020835949756085548,-0.005672355873112989,0.0008349236341707589,-0.0012032073643836183,-0.007864566550635832,0.006778798088542037,-0.011755744493988474,0.030764788491709716,-0.009448784742753125,0.011852611008815572,0.00018159837484155172,-0.0016160521513806647,-0.009036533008349723,-6.472322460254754e-05,-0.001731357247485299,0.0,0.008324949306192375,0.006508475087097676,-0.00010791403698440227,-0.012053367625510125,0.023790151687349326,0.0002512565257230537,0.018774033835584736,0.02178459325385801,0.005743470504210368,-0.006087693638204883,0.003779101403675489,-0.013652129434095828,-0.0036759662714169195,-0.034017277913723,-0.008219661037461024,0.010237181306590237,-0.027408244904269408,-0.011430048644635482,-0.01879864379852464,0.004560764456619293,0.0004980429395982644,0.002299859934553561,0.025911043739873296,0.007555853640157151,0.018334248837257205,0.016792726285869697,3.600027015043805e-05,0.0,0.0,-0.0032730678570935257,0.017141822067292756,0.0,0.0,0.0,0.022695749343455585,0.0005355208390955268,-0.001101738384304607,0.0,0.02719686658632442,0.0,0.0012138459109674038,0.003924411112490311,0.0,0.005610480860442191,0.012574455721532596,0.008105795763501678,0.022464649481071408,0.0,0.00725305000600146,-0.003195559529450165,0.00889460223004479,0.016987718744531144,-0.005560521847505773,0.028432657169645714,0.016227492010179256,0.03159688557106327,0.01270073855341236,0.01615640103172572,-1.1102230246251565e-16,0.014430438674491397
0.06277882018882586,-0.051320129793494484,0.0022457517656045423,0.0018268853048834521,-0.0037140589527477896,0.015616498181627303,-0.006782903313879651,-0.0011564067622988894,0.010887853968604921,0.014598255939600957,0.011896045804604682,0.017993115492439926,-0.003868276571932283,-0.00022631446053483772,0.007628046378011899,0.008324949306192375,0.0,0.04373360874187515,0.003985890096382949,0.008393970037025356,0.004204909535224233,0.008771691091135236,0.008251432011219695,0.01785604609976016,0.02045267053817429,0.013227612532260846,0.01495171287862107,-0.001687782493538792,0.02377154477393273,-0.005312865687019663,-0.01137121396752283,-0.0010813822667358752,-0.007944949168170845,-6.645200880445179e-05,-0.00509942000263508,-0.006305222538468158,-0.00042390020838262155,0.008211334853207186,-0.027035506153594235,-0.0013625698848092616,-0.006133987426889587,-0.0006244197365839477,-5.551115123125783e-17,0.0,0.0017469455231080566,-0.006018652362775989,0.04447340313462328,0.0,0.0,0.0,0.0,0.0,0.0,0.0,0.023138569499866424,0.0,0.006243184457386752,-0.0021289771566085913,0.0,-0.000355671470855079,0.027434125729643488,0.035995741455937424,0.020113293784925212,0.0,1.1102230246251565e-16,0.0,0.0013335496471736374,0.0,0.010008974348208743,0.04577242887952382,0.03689838119009814,0.0,0.0002396078018402914,0.00021695809112387554,0.0,-0.010598527926046208
0.005583251001200273,-0.007624354558009638,0.027493704497517146,-8.244661955686405e-05,0.02380387464330458,0.025569951333458574,-0.004259636364371933,0.012327989577371301,0.03444200564156774,0.024133980949765876,0.0031163290613245853,0.006523433085585173,-0.00033969639982944777,0.00013809131394987295,0.00472682953808512,0.006508475087097676,0.04373360874187515,0.0,-0.0028605732680321294,-0.0027976118157724827,0.027673431888188327,0.005545929959318574,0.023401521183180674,0.011579746223977394,0.004704275872763342,0.0026395641508947243,0.017994777412517093,-0.004737864687673676,0.010096826452631769,-0.009175830368662985,-0.005541253824680292,0.011439441005780815,-0.0034580192566394663,-0.0072984885141317846,-0.011568346964040022,0.0042180633763208575,6.653798066180716e-05,-9.26591413544231e-05,0.006061976782419876,-0.010223480238508664,0.025669440230528695,0.018398118764408,0.0,0.0,-0.0003802558176447812,0.002648337436519599,0.028977623348040604,0.0,0.0,0.0,0.000823787193213743,0.0007109484557388801,0.0008315456412324451,0.0,-0.005538706919819447,0.0,0.00934196608169613,0.0008156081976962715,0.0,0.02616858296095559,0.014336481947862911,-0.00047796168707575637,0.014150796581766434,0.0,0.033737330361122475,-0.003743028370213952,0.007129128164372112,0.022907500823773908,0.03424131609148451,0.021687414570836283,0.02183802679213126,-0.0026761545703741785,-0.0006828486121590593,0.02942015357320843,0.0,0.02441339871482373
0.0,-0.025842934154228725,-0.0005288019401290533,0.007368287433519638,-0.0531229321927979,-0.044563016912744224,-0.004914439171994578,-0.03563333527583612,-0.028175402792971038,-0.008087319910432045,-0.020996782765335953,0.025742917114702724,-0.0019341521545249152,-0.032016857670453924,-1.1102230246251565e-16,-0.00010791403698440227,0.003985890096382949,-0.0028605732680321294,0.0,0.00025369164633792796,-0.00024884085874149475,0.001744678594812643,-0.025458001753155712,0.020074133757587653,0.01751025044905341,0.01881890975553524,-0.03185136820462814,-0.010686831459502777,-0.0033167374976382225,-0.0009284887985408496,-0.01474034975881744,-0.009585084023691737,0.03329472214528578,-0.010940539106023883,-0.0017041747205585045,0.012784193462097915,-0.012361814308458008,0.0012108551970257952,-0.04954329184814327,-0.0001911441146906223,0.006644858982356894,6.715105876708982e-05,-0.04045075044260332,-0.0009372893333378096,-0.0001660018961850973,0.0,0.0,0.04172810425980783,-5.551115123125783e-17,-0.06842951923239021,0.0009663939619249939,-0.03010423901929382,-0.06504172123100888,-0.013284968162366906,0.0001472167589360862,0.01783881404893839,0.0020520253437784075,-0.013258087131234442,-0.042649975009512175,2.220446049250313e-16,0.0,0.0,0.0,-0.0070873374896747166,0.00018675887944574754,0.0,0.00013797315907954077,-0.006918915998465058,0.0,0.0,-5.551115123125783e-17,0.001718070952834272,0.014138879425143025,-0.003047438262517521,0.0006438621165969494,-0.0004534354810630248
0.006051572651249948,-0.008862384834732895,-0.001707878061737167,-0.05647538573481603,-0.01828040668629849,-0.0031919573203438856,-0.021461409027548284,0.04549408496337726,-0.011965538667297382,0.014112504112702484,-5.9263316492697005e-05,0.0007082891773996791,-0.014165594590944797,-0.0010145086527578728,-0.012605869591480579,-0.012053367625510125,0.008393970037025356,-0.0027976118157724827,0.00025369164633792796,0.0,-0.0026227559166464576,-0.01963810878729333,-0.02416640418324395,0.04416123440527009,0.004171833460460128,0.009996113064942858,-0.0009003161978691776,-0.005508083067437164,-0.0065378668794124906,0.018464298773439913,-0.02091969919345238,-0.01678307922754374,-0.0234672348088662,-0.025171067919260603,-0.0044583628881200155,-0.004212431021491603,-0.01565875702654007,0.022413045403933518,-0.009198228530778063,-0.007633305137433877,-0.00368709029212666,1.699029727464385e-06,0.022119944920398205,-0.010604858457192834,-0.00039311347908826955,0.002167432154216775,-0.007590964391430699,0.0012955519511981262,0.0,0.0,0.01743732129886766,0.03674490962963095,0.0004659257577083187,0.05403184315866544,0.0010077899898712217,1.1102230246251565e-16,0.002775072311774651,0.01064241922155501,-1.1102230246251565e-16,-0.008847852318128402,0.004073400390849968,-5.726866029825972e-05,0.0005363701915094832,0.0,-0.017516967885789714,-0.01779762857068462,-0.0066364715403695596,0.007996306397051178,0.0,0.01068809569649315,-0.016476241447877793,0.015849819345740146,0.0016890900135939635,0.0004965401809840508,0.009961234189606205,-0.010423687184965835
-0.010957417217251741,0.025977263040329157,0.0009019487909385226,-0.001139314508573519,0.000602980304888312,0.005039066011651938,-0.004904118307663685,-0.016648521990269727,-0.0011335538680807833,0.006122192840328611,-4.263286225875129e-05,0.009861241838406032,0.029210873168104667,-0.004353688580642889,-0.009106092378857844,0.023790151687349326,0.004204909535224233,0.027673431888188327,-0.00024884085874149475,-0.0026227559166464576,0.0,0.013404334039424148,0.0008401901771018516,-0.01185952009060215,0.048804176858230686,0.021694001092315174,0.006033696733120764,0.014317659754494061,0.02533101179345093,-0.012539118727363463,0.028346840140149376,0.01479545645536956,0.03380500483188492,0.02290641730291615,0.012394467748644389,-0.004559950425514048,0.0003239492285445067,-0.002421212339787593,-0.005106628557321358,0.02301895817844346,0.007911554412491417,0.011223707564539942,0.00383972824454204,0.0,0.0,-0.07710254923455873,-0.028050047957509094,0.0025948283241633563,0.0,0.0,0.006805502112067152,0.0012320869236269738,0.06548805424736193,0.003973222730181303,0.0234361139987041,0.0,-0.004445101341556679,-0.01997422648680669,5.551115123125783e-17,0.03482671328651055,0.005952900228033964,0.0,-0.001750128574243004,0.0,-0.009146071947529866,0.02973482998533067,0.013694401817071433,-0.0022486501194816655,0.0009223629654869225,0.03606548019604483,0.015249098338648515,0.018794955599925778,-0.01052894002407212,0.0044675590652131225,-0.005075671176150043,0.002404865430912395
0.011191285894255776,-0.017904693926542814,-0.004172732414459868,-0.005227061297159052,-0.010003696028253739,0.0049403640783026725,-0.0032349363380048124,0.04871651687660444,-0.005649677374577056,0.01308537797596232,0.0008999317508071036,-0.0005048047061482208,-0.006745873740837904,-0.0006445343717584873,-0.010183003553283665,0.0002512565257230537,0.008771691091135236,0.005545929959318574,0.001744678594812643,-0.01963810878729333,0.013404334039424148,0.0,-0.00586253198644443,-0.008550261502983603,0.005557650569736117,0.0035946675052418997,-0.002186357216277468,-0.012595907689761932,-0.010210322996018928,-0.028434648372194393,-0.014856174865146898,-0.012848711325020634,-0.025697435694125303,-0.013520125429823726,0.011810026707350152,0.004879010609768697,-0.021813353935734026,-0.06622064928901777,0.006864959582221941,0.02592108464698123,0.017031786888910216,0.02505451260128916,0.015522481557372403,0.00040500860106351677,-0.0004012409440668496,-0.01844558376257499,-0.006255795099128825,-0.00030722229676660717,1.518195210792328e-05,-0.00012101851010970499,0.007157347088423194,0.0049286375087569945,-0.003915362863809946,0.013054967399554862,0.002460364608119492,0.0,0.001794020119767148,0.002868468550903447,0.0,0.008832524480664627,0.006963413510818139,-0.0012144417375016259,0.008402160677581927,0.0,-0.006482864568852997,0.008156257511467369,0.011692904633834267,-0.006970788864837041,0.0027602230406016948,0.022944741139322156,0.003787912570090146,0.0005570631437274987,0.008443476271059458,0.00048113555344941883,0.005458565335967724,0.01850144517203367
0.003957547848941589,0.019528671478085458,-0.025701273126895796,-0.007429202710263205,-0.005775891040633252,-0.012218752573802782,-0.0044920273308298175,-0.0008537588352448555,-0.022084415087440523,0.007657668372717585,-0.05250855303552271,0.04066062051429714,-0.004573787845673916,-0.0283845015831522,0.015368606505664018,0.018774033835584736,0.008251432011219695,0.023401521183180674,-0.025458001753155712,-0.02416640418324395,0.0008401901771018516,-0.00586253198644443,0.0,0.00686615764176246,0.03378330000818802,0.014452029926751098,-0.012179559302686216,-0.004623425090118538,0.00938701362419464,0.0033839161289359043,-0.008008767025444063,-0.006073914505588751,-0.004700695438653091,-0.0038936250979664244,0.013676703016331171,-0.024813419993000407,-0.005109680663932303,0.046588017531909665,-0.0004370547197987129,0.008347227344162822,0.005609163622014912,0.023544644792236502,-0.0005634324812701097,0.017570719791146938,-0.04949909296053062,-0.0011060574324653905,0.011837416745530516,0.03143154953080396,-0.005581648480760537,-0.019508385341109657,0.006065353885784108,-0.002000259548577077,-0.02395371161828913,0.00026792611727965987,0.017707324560288007,0.0002254127082589319,-0.004094130181168443,0.009849476859544848,-0.02667415484131691,0.009818930126270442,0.03797539141736467,0.00013931234972247575,-0.003441559056914567,0.012903986462394323,0.015825899227311813,-0.005531455365140159,-0.00034229106421990174,0.0035004634643682753,0.0005222590629429535,-0.0031059379609271187,-0.010623289067667185,0.014134224264766626,0.00601579668888319,0.010700210912587882,0.0035896713320410223,0.0036368593064780574
-0.006491401610507153,0.03600232563050504,-0.002708066375497975,0.0015245660998382538,0.04223307358594808,0.018195540888742756,0.003199304280439519,0.008202784166948085,0.022848552512863274,-0.021193869739538906,0.02827772593679756,-0.005311618712553923,0.007438205017354982,0.006857011401096569,0.032005512725485186,0.02178459325385801,0.01785604609976016,0.011579746223977394,0.020074133757587653,0.04416123440527009,-0.01185952009060215,-0.008550261502983603,0.00686615764176246,0.0,0.02441628468882523,0.008854425019950596,0.02319830957025487,0.030626770738792497,0.04917036976827266,0.0010259203392807836,0.006349441485704599,0.05540991879629753,-0.010096768206718065,-0.010248137914155686,-0.07296992488958517,0.08569998673599305,0.004013442949648394,0.03265026116918243,0.02448295938935069,-0.035000913430892455,0.10523566787481758,0.005475596354143852,6.100600965064373e-06,0.0006604079744193525,-0.0053476149058990785,0.022723309446232853,0.041563505190283845,0.0,-5.551115123125783e-17,-0.0005502582590716232,-0.0005903408903621399,-0.000710982628485457,-1.6653345369377348e-16,0.0005425822112714584,0.02241036258093504,0.0008194896655259742,-0.011538338257800262,-0.006183792567634461,0.0,0.10636123549500387,0.034794995054389044,0.027166781113914573,0.02947919490284584,6.705589163907844e-05,-0.0019610163243121703,0.057967960709540745,0.09418193925331092,0.0004226400307554834,-0.05117836087596628,0.03791398162016962,0.011545469599756886,-0.0014005636146168787,0.002633332142440936,0.0012112987064643588,0.0,0.08194376313952872
0.02032354412110149,-0.002074400675242838,0.02767856445285155,0.0008584472423787126,-0.017599358740783444,0.00565446840467676,-0.011001805399443287,0.0296691954941799,0.008525864310862441,0.016686763327962983,0.008934913652456355,0.013807019354942274,-0.009680026339155656,-0.0008470508289343814,0.012593002342264237,0.005743470504210368,0.02045267053817429,0.004704275872763342,0.01751025044905341,0.004171833460460128,0.048804176858230686,0.005557650569736117,0.03378330000818802,0.02441628468882523,0.0,0.01056446566638769,0.00600416441500462,-8.453261475638296e-05,0.022169647863100272,0.013095158412761099,0.0027987327753143942,0.001972091584621971,0.0032277027696302474,-0.0011564374012371648,-0.005691893677628235,-0.0047072311223481655,0.009694337208180914,0.0012842187198035537,0.015838245609487378,-0.0017108049901383704,0.024248451627784773,0.020791849669956508,-0.0011256850644031924,-5.551115123125783e-17,-0.00017497509149577706,0.011243531233262327,0.03484378921715786,5.551115123125783e-17,0.0,2.220446049250313e-16,0.006729791617132275,0.0012124676466950257,0.0005827758091719315,0.0005628895837384573,0.0056208727029727346,-0.0005561123907347199,0.004634347066096722,0.005098485264081853,0.0,0.03349831634290262,0.018974810588164193,0.015715349966647307,0.021876136421345116,0.0,0.015659894193973234,0.019732946085823266,0.017510014151047026,0.029217738739164167,0.0063910628456159135,0.029499534473688027,0.025224762817438073,0.046140156674405464,0.012060757523150556,0.010659758037855238,0.0,0.021657134274400303
0.0036981252781982943,-0.007459219185733557,0.014730511990031447,-4.4875540657352e-06,-0.02735052242346475,-0.0032552978401410027,-0.04334782721244068,0.030334960532829747,0.004651190368453573,0.029125768423789222,0.01642193675966852,0.02135948909738583,-0.04380553817158228,0.029642573654778903,0.0013189276935599015,-0.006087693638204883,0.013227612532260846,0.0026395641508947243,0.01881890975553524,0.009996113064942858,0.021694001092315174,0.0035946675052418997,0.014452029926751098,0.008854425019950596,0.01056446566638769,0.0,0.013744211436294118,-0.009906280859454109,0.0028514071509232464,-0.026362857227546888,0.0021140352758610703,-0.001901528738865066,0.005520872487691009,-0.0008465218784510231,0.0008980744428011,-0.0438361852505354,0.0017630752239057856,0.0008291132882337626,0.016235864975408965,0.0003122596985464243,0.029933332494363196,0.037654986790447376,-0.008276205489897881,-9.159758373894489e-05,0.030010657474729585,-0.0033040516096357053,0.007985039413687,0.001667206014173639,0.0,-4.865062229719719e-05,0.012186264731151308,0.009816637610229606,-0.01405824983243359,0.048800512220598224,0.015240844358960615,0.0,0.008255005367764412,0.011831815213144803,0.0,0.02310510054327697,0.014423697625863652,0.023275174159951395,0.02603728850657594,0.0,0.010118585903278965,0.020349709244832037,0.015384969632404988,0.0007021777078069502,0.004170594679701933,0.03136399285674818,0.014431952171209905,-0.005324414912149522,0.003854039652863628,0.01917794029602715,-0.0006510387763330461,0.02475409033839726
