0.0,0.9590690568238152,0.37395001700538466,0.0,0.40439031145116666,0.47278794914624267,0.46094747171923794,0.7246104886047685,0.4376966775541378,0.46294750689509667,0.49276495820370425,0.7033063804064749,0.5905182162750284,0.6769339349497837,0.5427103179533084,0.9768256431183477,0.8437544652222986,0.6734809138983378,0.0,0.7234845046646328,0.3742364288038133,0.7472401144013168,0.6275294541596211,0.6118622190038066,0.6598519066002526,0.687319699988868,0.6348839431122715,0.6370510888746497,0.8548670918954219,0.712936388234366,0.7743995766366563,0.7818272978076046,0.7771523653314804,0.6531178783883342,0.6097468103807334,0.6910369383931463,0.4920255768134002,0.5313623069348825,0.576033833560229,0.5848275163934806,0.7090898323683118,0.9244840406300612,0.5027262974224522,0.0,0.38761155836806505,0.46712677812450776,0.6323190544223901,0.0,0.0,0.0,0.762132411569501,0.0,0.5460660298901333,0.0,0.6387887686373146,0.0,0.5505837616078266,0.7090594330544859,0.0,0.9678481720196539,0.7050724956220006,0.2622904012580557,0.7199050025495237,0.0,0.45014166747080614,0.568006772585333,0.8072043921047615,0.5930188025733397,0.6007412723713925,0.7813960077344453,0.68595290817547,0.4165684204978668,0.40920451064335617,0.7539185657378791,0.0,0.7690427689338029
0.9590690568238152,0.0,0.6258043677136936,0.3231218680223244,0.4441731548647435,0.5580182952602721,0.5053384884209023,0.9508391268907668,0.38965145278004365,0.4891249047439369,0.3102026582643611,0.4424700617106328,0.5158576645781886,0.5634277241675052,0.611491957152567,0.621831684686408,0.1581260375664184,0.6052528264774348,0.3157636398215422,0.49871116717851266,0.858245629248561,0.5198101247388716,0.797480561937711,0.6294965007945548,0.5221605066310728,0.4622336337683304,0.6212443951784111,0.5376338034980226,0.5557716824982113,0.42851420449569916,0.5944560765825297,0.43359599226074236,0.35744245505289113,0.48678761673482657,0.5970266154877197,0.4763507696840636,0.22610754190142093,0.0,0.6260378029535615,0.7012591972467874,0.5898490311578415,0.5827950084150427,0.678706025771728,0.0,0.0,0.6753328180617473,0.6449270582949977,0.046845111047955204,0.0,0.0,0.6404902485081088,0.6548356017039885,0.5704182400096341,0.8674682749301438,1.0155582563852232,0.0,0.4061395398672742,0.6565474903720785,0.0,0.6149846516004687,0.6908785651911582,0.7995733390994747,0.7579030466444825,0.0,0.6581947593395405,0.7114723631846862,0.6192403135186924,0.7055657768248172,0.420443662435924,0.7746579086053632,0.6538085359142999,0.7357959877550246,0.9240971932435577,0.6888052588059542,0.0,0.7225566670919131
0.37395001700538466,0.6258043677136936,0.0,0.5998435698648569,0.45331633082782863,0.5029297296981885,0.5095090193370146,0.6739528333946863,0.3102711479800153,0.6192270522238257,0.47189157640758533,0.7741408000145963,0.6253019861040926,0.6295790396452383,0.3117774791671948,0.4074039061646657,0.6623492218957165,0.8501493171273194,0.5066747069994546,0.3746824936265376,0.4481489401687767,0.5591703531938332,0.37265743633388615,0.42640099375993495,0.6386834414047556,0.6172068311297507,0.5452482110377144,0.6790184233627359,0.5549857636995507,0.7962586243158811,0.6743069766739815,0.6097900144516932,0.7818240617149043,0.680303384724134,0.6001226935953173,0.7179970333432348,0.5659080171061187,0.5937786367211929,0.5596077132937383,0.47031563719521086,0.5591565773213604,0.5564711546499788,0.5922966217686858,0.6152239467834086,0.0,0.0,0.2116068663558129,0.9725105690638125,0.5067458947256414,0.5519652211211068,0.7182193526068977,0.6015612479608012,0.6062831150184169,0.8601961416152917,0.41312920401572856,0.818417691546534,0.5215304010420977,0.6748058939630713,0.5993725566164968,0.2844403596844577,0.0,0.0,0.0,0.988654293565658,0.6858283430671566,0.4902486175356853,0.125290072387354,0.7558347386454373,0.0,0.6672526396576309,0.9078298323517762,0.8368670408816136,0.7645715537592405,0.6588129184439556,0.7411381320373244,0.6390971538564393
0.0,0.3231218680223244,0.5998435698648569,0.0,0.36998874425170136,0.6080529638190186,0.4120636312357571,0.4149213547628465,0.679848778482797,0.33457876320733415,0.6740088050427067,0.3632279630103036,0.6916283243809456,0.4894851360911693,0.5671988682892648,0.05676782719667354,0.6051686290838929,0.5041751133513559,0.621797914906461,0.18400860811556569,0.4187964479061913,0.5421924580694877,0.5739784807654118,0.27647425833588,0.9283569451398844,0.6180314125177319,0.532651656089262,0.5491056159116015,0.37986844066366143,0.49890246372190816,0.31388008178320803,0.2758844259590648,0.12731992961120825,0.1781636983369105,0.28742845317393984,0.3102624205188055,0.33323575015737533,0.30804266311878337,0.11998915448949855,0.3257252191733634,0.3782506370536121,0.30136052785364076,0.25609497781493645,0.24182436850310318,0.0,0.0,0.0,0.4464708457059813,0.0,0.0,0.9917033178252105,0.0,0.4763598816208364,0.016350631549717304,0.0,0.18903596426574903,0.5388704749557899,0.5010208778386194,0.0,0.0,0.0,0.0,0.0,0.0,0.0,0.0,0.5152444883781248,0.8384351819349339,0.0,0.0,0.0,0.6678016379281594,0.4859769198416064,0.8733752732640099,0.0,0.0
0.40439031145116666,0.4441731548647435,0.45331633082782863,0.36998874425170136,0.0,0.32444956921998186,0.38307573526507366,0.37751377310934053,0.3728559582001507,0.6921944161428446,0.18847654273733552,0.7358322412330217,0.481689063855542,0.38418040213831695,0.4949579279040443,0.5526893063221788,0.5313867194671058,0.6544294061661109,0.21243707190557912,0.4207611262154049,0.5105602954562755,0.4817472281192665,0.4849935128995003,0.8409084315638593,0.40850802891706994,0.31322256102042284,0.40778057660379485,0.6484756477839746,0.7160710342489259,0.3792828894803454,0.6561618719362646,0.13182039722091912,0.6020793411780017,0.5990430623713319,0.4045904314689437,0.3562959047882397,0.7146502591103614,0.5890293160917095,0.6217658274146147,0.6884494314571963,0.40002204742362296,0.44929262642593504,0.40640529698069516,0.6716345230500265,0.2780819830122083,0.0,0.3993389448385376,0.5311489795466412,0.0,0.5829149158428631,0.63652501244155,0.44000143284607585,0.3640197888347393,0.48658666798190187,0.0,0.41435435926688624,0.39302932453181516,0.6456379162430861,0.3381089266475851,0.23538190575244566,0.479676743254345,0.0,0.0,0.3346384261609092,0.36501801036071724,0.49306834679477396,0.5552764129257632,0.6075694137366874,0.0,0.4716831692826775,0.5701627883356122,0.6082606282621893,0.8063328035949526,0.9042804311578607,0.0,0.5536447429744003
0.47278794914624267,0.5580182952602721,0.5029297296981885,0.6080529638190186,0.32444956921998186,0.0,0.5325581276564362,0.739686926115942,0.41655120999965056,0.6407869734727392,0.3491218155734176,0.9456358525164918,0.5511006419478272,0.44302261279660915,0.6459468909837027,0.6563681408371785,0.6487129509837035,0.7555440253636471,0.3486578484945281,0.49999527362037477,0.6502489294977374,0.5275369502621314,0.4781421847232952,0.5092352385776246,0.5698657544921863,0.6489079054752523,0.4492896254543616,0.7242682183790443,0.4318273112035775,0.7093369774719974,0.6984253441229973,0.4959380188824067,0.7394426888592986,0.5902878798728548,0.47685303679248436,0.5189690635125868,0.6170055930411493,0.5658691244352438,0.6073289698378594,0.309119629390907,0.16672276879512193,0.6213271557465403,0.7742993407508298,0.5710100845825177,0.20234361160885278,0.5885544654164157,0.6616202805803661,0.7602341070845666,0.5965395201740037,0.6469083289766951,0.7278795290334884,0.7599559741665114,0.7112032643410523,0.7657091214518319,0.798029481514648,0.6425148462119343,0.3439643468324678,0.7799609183572762,0.5650757767239609,0.705965024484269,0.7256727104532396,0.0,0.5375757302598916,0.5810491036362757,0.9002145040874254,0.4388881727868659,0.6754304504667415,0.7369020484162067,0.6325675323626969,0.6702574285650292,0.5997040175961248,0.7789519162644108,0.6798371383174665,0.7307004387136407,0.6446783346113237,0.6767272788834586
0.46094747171923794,0.5053384884209023,0.5095090193370146,0.4120636312357571,0.38307573526507366,0.5325581276564362,0.0,0.6173714350542447,0.5639892632588136,0.5365896478598273,0.5369849257604298,0.42456322978840155,0.5254511040958018,0.4831656215991539,0.4788033801601004,0.5416100622946738,0.5449941383383499,0.568365745427658,0.5550225334442316,0.3950416642525753,0.4590738583291172,0.5389956083337534,0.566300777678989,0.5793261648236725,0.4888188800409843,0.3298196996325877,0.40385746182961224,0.7417258330787929,0.6578908377431367,0.39515255862470666,0.7065806355927526,0.3490112540932555,0.6038661963379253,0.2962237847172755,0.12202216530559126,0.5723964024771448,0.490062877718632,0.6262008191734425,0.7934330792734231,0.4494164753573082,0.9502665972781084,0.5557992206806012,0.38391728955571597,0.8659943180008547,0.35014533481979504,0.0,0.5900239098731421,0.6486870871246345,0.0,0.363051989998895,0.6745488949032292,0.8039217688723038,0.6180363197939696,0.7635005063570268,0.608333275017517,0.4814927590731094,0.4816222412986837,0.693740894797311,0.37043281722539645,0.3471352103811236,0.6186163042499582,0.0,0.5554363370476363,0.6129816628708098,0.6742578453208664,0.5253445937035113,0.5824190713541472,0.6792146283000018,0.5110626014453934,0.6407193719924833,0.5963462628793958,0.7033752917949414,0.7579692985297333,0.707838969830383,0.7455990432186932,0.6996855969439588
0.7246104886047685,0.9508391268907668,0.6739528333946863,0.4149213547628465,0.37751377310934053,0.739686926115942,0.6173714350542447,0.0,0.5902031186639238,0.6948806176441173,0.5132690068403315,0.8145047638890058,0.7151427534642938,0.3884091671358948,0.9429651361821514,0.9342040998171479,0.41289561849693696,0.7250265779781383,0.4439305363208729,0.8342933738009611,0.47091931725158975,0.8261682484661244,0.6075388198080095,0.567930837829399,0.822466343844885,0.8489751377739521,0.6497033998859195,0.6787310129896731,0.7148763100620059,0.5656091296305209,0.6174866253061242,0.7676227385745154,0.807829422829889,0.5900646281479771,0.5380979871988287,0.5894600928219418,0.7306491052792707,0.9785267928465371,0.5617461065445915,0.4549012685633568,0.4086530703729761,0.5228700040665919,0.39590232236062367,0.4289601927717617,0.0,0.5897554105556138,0.3282930647694695,0.5661538655708345,0.0,0.2969723618896565,0.574226466131285,0.6176593940168136,0.3417681337769989,0.5582779895618373,0.8796930086227355,0.4727969475194116,0.923560694100616,0.6146406270887603,0.5375152961808266,0.580874844737669,0.38718203798976225,0.0,0.6939785573358322,0.5588820580968501,0.54720196444311,0.6405959120811318,0.5775251265392973,0.5246674433889048,0.0,0.4840630543156112,0.5388656026247537,0.6520542225505851,0.5922975309738074,0.5798471988897045,0.3134415582670914,0.41190652199745587
0.4376966775541378,0.38965145278004365,0.3102711479800153,0.679848778482797,0.3728559582001507,0.41655120999965056,0.5639892632588136,0.5902031186639238,0.0,0.6578712904330413,0.36829591596648786,0.7362250811532436,0.5363943559846065,0.471752976366441,0.6315232214950692,0.48823721850037666,0.5604684294162714,0.8130522435983161,0.2444608774984559,0.43578322364979394,0.38812989091909184,0.4952700897696255,0.4541754791581439,0.7232019262544105,0.572570343597187,0.6542298702517491,0.4743525243541854,0.6422737974652908,0.5586528465879963,0.8465128966782578,0.6309508196572923,0.5470511770426119,0.6185028587482795,0.6144258958510711,0.5417002016093476,0.6837327279305953,0.6104624826168258,0.6723044724715215,0.3920187180259803,0.5264439943544779,0.1369005088105327,0.3531006579073893,0.4502033980665118,0.6122108693396022,0.2819904258172103,0.0,0.49729553109597024,0.7313414252257737,0.49013715443496986,0.6032840527418702,0.7718992721100721,0.7301871864259187,0.521062353074724,0.6316146192958043,0.23166131297143916,0.5757958073858306,0.49411926353846236,0.6686551624642134,0.5790783618751281,0.43871442529955007,0.621759872672026,0.0,0.0,0.5340171462396613,0.6412587578935496,0.74738999179857,0.6829211516381813,0.6986016234005055,0.34387222219038316,0.5432609718959104,0.7698395891517844,0.702694449123864,0.6771691247369722,0.7460379716154173,0.4946753286864729,0.7711989950829428
0.46294750689509667,0.4891249047439369,0.6192270522238257,0.33457876320733415,0.6921944161428446,0.6407869734727392,0.5365896478598273,0.6948806176441173,0.6578712904330413,0.0,0.5807699024882933,0.45794942843356595,0.6379151390933127,0.6966807233452703,0.4257154777899331,0.6174584133175439,0.7976101841441543,0.7478180273653894,0.5872090696956762,0.5697650046754537,0.7037473634852631,0.6415688537725048,0.6400047091965162,0.37375147956105814,0.7718773668289727,0.6967930778451153,0.50658151588697,0.7533819281415449,0.572811340094267,0.4222687926089701,0.7091117797056643,0.38570669657990864,0.6722225989625586,0.5839060837563139,0.4379898064223323,0.6127202778652445,0.5679393395816295,0.3781996208745473,0.4081435382712494,0.5604007172055244,0.8523486940381666,0.45695006689485457,0.4117764193172949,0.4043717828332034,0.44112184234247104,0.5470661742303139,0.8211478788510538,0.19222501939903652,0.5008738448344106,0.46291199298868324,0.6475602371716189,0.44810292148233266,0.6047348182872363,0.2356847465354897,0.7271254693085867,0.47988909719368555,0.6159797842306439,0.5794451346036575,0.0,0.9588032346676916,0.6467873987430245,0.7782977506460333,0.7993654895598739,0.47474152344514897,0.506728488558744,0.6074324669288469,0.318989273824151,0.7205829018170111,0.40222187278904264,0.8081302639369238,0.7369661946732458,0.8083750084167582,1.051734981514186,0.44822374339059423,0.0,0.7700028105795008
0.49276495820370425,0.3102026582643611,0.47189157640758533,0.6740088050427067,0.18847654273733552,0.3491218155734176,0.5369849257604298,0.5132690068403315,0.36829591596648786,0.5807699024882933,0.0,0.7547103058927298,0.5588059622133374,0.4083161849258192,0.0,0.5270881565485713,0.6515946328750883,0.5993295932333216,0.3477169051730073,0.47877185991594123,0.5570015781308426,0.39544377894511473,0.23423832108303072,0.7253916542071778,0.6893961383541871,0.7179779656366952,0.2544970412412327,0.47071151698030766,0.3648192257744484,0.5167857277044436,0.5204148625575804,0.455266195743547,0.666698436992486,0.5385029460837333,0.4737359177465654,0.46936004935838,0.6191928295971706,0.6160722185051015,0.36510978135364264,0.46440827451748645,0.5259050686617055,0.47038132933627497,0.539942424295453,0.5944697008307755,0.19178836499683322,0.0,0.0,0.8993357509985642,0.4684253590649051,0.47922434323418656,0.6159326720430778,0.5257245124096634,0.459960451503756,0.7956926229731149,0.5086565052699333,1.0350850225980979,0.4302308179192421,0.6100548190304703,0.5956679756074135,0.0,0.0,0.0,0.0,0.8134751273140587,0.38397374947693375,0.0,0.7306555500821178,0.5586869577538189,0.0,0.0,0.9470852148635408,0.7559950855991866,0.44814937064706917,0.405739919217178,0.0,0.5486630312653121
0.7033063804064749,0.4424700617106328,0.7741408000145963,0.3632279630103036,0.7358322412330217,0.9456358525164918,0.42456322978840155,0.8145047638890058,0.7362250811532436,0.45794942843356595,0.7547103058927298,0.0,0.7452073594784485,0.6783140278724094,0.38852338926623564,0.6161320429870034,0.8638142805673543,0.7817172117397834,0.7381024395920903,0.5245300847818557,0.6807615224227859,0.46382648798087894,0.7861372227743675,0.4267851199660144,0.7356864352035415,0.559043684109291,0.7516284240948337,0.9179158826694218,0.6205769903740485,0.3425461402301155,0.695515240687685,0.5173005923901015,0.6280030334714901,0.5813720901432198,0.3995819823435064,0.5136381883743295,0.43429936904839955,0.2772478876233959,0.6520361840633511,0.6053182856766862,0.9750151614224003,0.34121111701168655,0.435273924395529,0.5001966124672256,0.5443490966249708,0.5256986872476639,0.5977718920887369,0.2788350407877489,0.1995772014324726,0.272975072670003,0.32867152721957427,0.5298915979864182,0.23898484047925467,0.4330304734445195,0.8070658676227511,0.2797794509715527,0.792562184598941,0.603777116324173,0.6966973468539435,0.6838237208058824,0.5423276835437685,0.7921386806448636,0.9142519691328995,0.3440072255688681,0.7966521702190389,0.8033437012678537,0.42916351319869983,0.5435383375952361,0.48158009108950905,0.8648729311661656,0.7649749405287989,0.40834054633717665,0.7189216973425259,0.5277773843244353,0.0,0.9544961837486249
0.5905182162750284,0.5158576645781886,0.6253019861040926,0.6916283243809456,0.481689063855542,0.5511006419478272,0.5254511040958018,0.7151427534642938,0.5363943559846065,0.6379151390933127,0.5588059622133374,0.7452073594784485,0.0,0.5781302733480382,0.5135249684082065,0.5881155231754036,0.5382900247570298,0.6759992397295966,0.5908487475123975,0.5172582501389298,0.7605948594817755,0.5439649602796859,0.6080621455942562,0.5108414146881429,0.5797108944583397,0.3128319644179194,0.5387956646585781,0.8262678717403995,0.7285848726234071,0.6412687373666299,0.4756424636499833,0.43620512293149677,0.5313584759747694,0.5157660129782838,0.5271474331492829,0.7182226746792956,0.6457683510706214,0.6236315918692549,0.7577497894703061,0.6807337731362781,0.5969003561145814,0.524457764596338,0.7639706982112111,0.3845226861911441,0.4484052896924458,0.5803496955916708,0.7791832193118705,0.7926099378473836,0.0,1.104407363644314,0.7058010479674964,0.8088011028577256,0.5838885869727664,0.8701034626258655,0.6511555149830761,0.5644836328452578,0.8303526643914978,0.8714079732471329,0.471376147208075,0.7511882427684331,0.5426208568694537,0.4228511283627885,0.5787104182046566,0.76545014109763,0.8494481050423139,0.587799152358804,0.6826115614968788,0.7443609249480783,0.4999109841243988,0.5404142346897203,0.5650570771821384,0.7946312660486619,0.7526491576107706,0.7765875095941674,0.5429379874866187,0.7059716192983151
0.6769339349497837,0.5634277241675052,0.6295790396452383,0.4894851360911693,0.38418040213831695,0.44302261279660915,0.4831656215991539,0.3884091671358948,0.471752976366441,0.6966807233452703,0.4083161849258192,0.6783140278724094,0.5781302733480382,0.0,0.5339261337143628,0.632914851743982,0.4699544999092624,0.5065574007824107,0.42732944400045736,0.40748027271993426,0.511242816512697,0.2805428250383226,0.4312427593793115,0.7324695881394805,0.5134882543651532,0.7988063025632267,0.47364505218277636,0.738029811534612,0.3852829124207995,0.8212195634739794,0.6610455934776378,0.22324047546940579,0.22662770058728943,0.6533525256059911,0.4492974323374718,0.35427479649521154,0.408538290071887,0.4150426537122689,0.7159433690643252,0.0,0.7138038115778804,0.8418613705035873,0.5676337551133208,0.5062614600860031,0.0,0.0,0.0,0.4043231412973986,0.0,0.5592783244776616,0.47549995159232017,0.45852623528970626,0.6144156393128379,0.2969692059917872,0.0,0.4219493699625906,0.389290380426801,0.8762565457604721,0.49122791080219474,0.0,0.0,0.0,0.0,0.11725959817396445,0.0,0.0,0.0,0.6840658061905773,0.0,0.0,0.0,0.4814540378202696,0.7347895271749061,0.0,0.0,0.0
0.5427103179533084,0.611491957152567,0.3117774791671948,0.5671988682892648,0.4949579279040443,0.6459468909837027,0.4788033801601004,0.9429651361821514,0.6315232214950692,0.4257154777899331,0.0,0.38852338926623564,0.5135249684082065,0.5339261337143628,0.0,0.6574488259170896,0.5781753675881529,0.6328149752113934,0.0,0.5697544578995081,0.5152348449762199,0.5150929128748976,0.7093532961453792,0.694027863161073,0.656058296822967,0.5865660294840458,0.7060943449914705,0.39464876674588156,0.4609716353916192,0.5524586963703884,0.6372785957583277,0.4960748937215531,0.7060921661108281,0.6217520014876401,0.7735415136744896,0.6288325665219638,0.4443153703060383,0.36391186133536974,0.562924572973456,0.6897053762776306,0.7691320256974823,0.6293492967584415,0.8611724080289485,0.5818178582902579,0.0,0.5479336996088794,0.5290131207431185,0.4788763765396104,0.0,0.0,0.6003882816906612,0.7382178470451135,0.4550874326644857,0.5613903368197507,0.0,0.0,0.7173422820376234,0.7004487976674156,0.4788912447888415,0.7001655709190445,0.76556235482864,0.6707312009991777,0.73107308368771,0.0,0.7391556899692007,0.6404064245429817,0.8455559011869189,0.8030981782091334,0.4880052181583535,0.7313170912102961,0.7229859738889105,0.7295506940129106,0.48712542970679645,0.6632204207463606,0.5520769183312927,0.6030350903581031
0.9768256431183477,0.621831684686408,0.4074039061646657,0.05676782719667354,0.5526893063221788,0.6563681408371785,0.5416100622946738,0.9342040998171479,0.48823721850037666,0.6174584133175439,0.5270881565485713,0.6161320429870034,0.5881155231754036,0.632914851743982,0.6574488259170896,0.0,0.6611627752141063,0.7665958972205975,0.4602166301550249,0.5000444752648645,0.9223027082913461,0.6383207737100765,0.8678393108102985,0.8341280288264412,0.7388116565845456,0.6642624074034738,0.7251917791094489,0.5193019209430036,0.5917236435138024,0.35669612848637255,0.5872882379344251,0.679719269258625,0.2519091145830582,0.3671972842928951,0.4551168200980334,0.6836479057385022,0.4073476928059595,0.6002534921181094,0.8633615926441562,0.6192626174117808,0.7502246948776903,0.7297303523123384,0.5065012905409776,0.0,0.0,0.5895695844974902,0.8260631513675105,0.0,0.0,0.0,0.7606211198788502,0.6054326438649077,0.806252705531751,0.0,0.8176408608372188,0.0,0.4733874683293291,0.6540273178520437,0.0,0.7138006936791691,0.7764689575990509,0.6366079330200667,0.849860742138399,0.0,0.6480415987367227,0.6501387827921761,0.7336509689445772,0.7638498262141356,0.40139774264645073,0.9288361584380183,0.8697195729618623,0.874297647804767,0.7121773346667568,0.8456761701546325,0.0,0.6843932038218279
0.8437544652222986,0.1581260375664184,0.6623492218957165,0.6051686290838929,0.5313867194671058,0.6487129509837035,0.5449941383383499,0.41289561849693696,0.5604684294162714,0.7976101841441543,0.6515946328750883,0.8638142805673543,0.5382900247570298,0.4699544999092624,0.5781753675881529,0.6611627752141063,0.0,1.0258669655969026,0.6960192455507892,0.5233943045315541,0.6119857803054942,0.7230522996441515,0.6260537144136997,0.8099489478842092,0.7672145242628048,0.6509598398824972,0.7099195026703964,0.782217387040876,0.5426776209101927,0.4090909444279513,0.5317876118103922,0.5884284798251238,0.5769193126578898,0.5639850153468804,0.49254690274424745,0.6059595476058829,0.26722638778125657,0.5001659844684777,0.38019795691643654,0.4342517512978527,0.444822437460352,0.5534505299234426,0.0,0.0,0.4875203335395506,0.6522842065526198,1.067654738646257,0.0,0.0,0.0,0.0,0.0,0.0,0.0,0.7148689106558681,0.0,0.5604800984980816,0.30663415459241866,0.0,0.7425286492417523,0.6843504343145317,0.7994538015688935,0.6356987530292487,0.0,0.0,0.0,0.5792685552186048,0.0,0.7149779179093702,0.9202439013760877,0.8837240341544808,0.0,0.33064938807217653,0.48926800847748136,0.0,0.5521265287829588
0.6734809138983378,0.6052528264774348,0.8501493171273194,0.5041751133513559,0.6544294061661109,0.7555440253636471,0.568365745427658,0.7250265779781383,0.8130522435983161,0.7478180273653894,0.5993295932333216,0.7817172117397834,0.6759992397295966,0.5065574007824107,0.6328149752113934,0.7665958972205975,1.0258669655969026,0.0,0.502697509065831,0.5802893392250243,0.8274952539099262,0.6427000731116277,0.8634073724709099,0.6928784361885343,0.6862386311879721,0.5937936309822069,0.8527884827690997,0.5685576526729531,0.6583956212597044,0.5111519713070767,0.5166327408593676,0.6859151084643491,0.5877590198698607,0.5571396842669473,0.3989352436857088,0.6171198056781753,0.2704905078045816,0.37825972094971955,0.6905574942743065,0.46096829310600745,0.6979651144473187,0.7314472854398378,0.0,0.0,0.5378482831340903,0.6773012156478544,0.866039548985396,0.0,0.0,0.0,0.5065020330024161,0.5876819722021511,0.8786288476105535,0.0,0.585509127085287,0.0,0.6694766113032058,0.5468654293700571,0.0,0.8489440461934817,0.7409229206225744,0.6196102277101072,0.6764161166540197,0.0,0.7481757592437491,0.6124548134963745,0.6860977763090483,0.9463435505408777,0.8360849311588257,0.7664523479179044,0.8283224975658868,0.4544745323741878,0.6785604280816028,0.7446642066422418,0.0,0.85525649204151
0.0,0.3157636398215422,0.5066747069994546,0.621797914906461,0.21243707190557912,0.3486578484945281,0.5550225334442316,0.4439305363208729,0.2444608774984559,0.5872090696956762,0.3477169051730073,0.7381024395920903,0.5908487475123975,0.42732944400045736,0.0,0.4602166301550249,0.6960192455507892,0.502697509065831,0.0,0.5225978955539506,0.46251771180074486,0.6672468859055941,0.37425791180512324,0.6685687208525981,0.687975060255684,0.7125542928771241,0.3686371615616283,0.5871969522543077,0.5559381327964571,0.6082817809510628,0.5482272385228152,0.5881950250336543,0.7256792566411536,0.5727939923196761,0.5744708341035785,0.7327997813739322,0.49623813967309094,0.5207415175429346,0.4572190162372757,0.3800140625613379,0.46041699095477673,0.22352785089420174,0.504313263885253,0.3833274409089884,0.41241800558007835,0.0,0.0,0.797570003057088,0.0,0.29555852326723975,0.6069349970399032,0.45073811827610294,0.3416611283380364,0.6350948885610253,0.9250310252435063,0.6422110081718616,0.5783027575981314,0.46171491154399436,0.2929953613531897,0.0,0.0,0.0,0.0,0.6817601358268518,0.47209763126300175,0.0,0.4795493530701821,0.6343290931175635,0.0,0.0,0.0,0.6792694224590645,0.6940188347890082,0.448729528598645,0.5058306585662694,0.5856190255118128
0.7234845046646328,0.49871116717851266,0.3746824936265376,0.18400860811556569,0.4207611262154049,0.49999527362037477,0.3950416642525753,0.8342933738009611,0.43578322364979394,0.5697650046754537,0.47877185991594123,0.5245300847818557,0.5172582501389298,0.40748027271993426,0.5697544578995081,0.5000444752648645,0.5233943045315541,0.5802893392250243,0.5225978955539506,0.0,0.6403978568862696,0.38842281047882193,0.43748493702510893,0.8519603360528979,0.6926624387366305,0.6913409574094325,0.5850713432874844,0.5939771519306074,0.5609073953296886,0.7577253120339797,0.38705164522789437,0.3655269060360809,0.29112846756369415,0.3598384784678242,0.5780848172462916,0.7224766083916858,0.38469581609544967,0.9311331046214242,0.4736266481935034,0.49271744154672803,0.5839908815232411,0.5135693321607397,0.660711193834447,0.13303639474564743,0.22293646316227683,0.554981779558678,0.553469583047266,0.49167942953928856,0.0,0.0,0.6670590446872446,0.9404888789176371,0.6928355923000822,0.9057745204315231,0.9932362298307419,0.0,0.6190800267183961,0.7381217005105193,0.0,0.5993140414701963,0.5762050470297035,0.5044127598217593,0.6068159985455313,0.0,0.4829627114882047,0.4352333064188958,0.5702010819982396,0.7026634410287388,0.0,0.6370082767693566,0.4275896352875708,0.7447515607217257,0.5550006973808299,0.6128139191013855,0.55616681606073,0.510190507413459
0.3742364288038133,0.858245629248561,0.4481489401687767,0.4187964479061913,0.5105602954562755,0.6502489294977374,0.4590738583291172,0.47091931725158975,0.38812989091909184,0.7037473634852631,0.5570015781308426,0.6807615224227859,0.7605948594817755,0.511242816512697,0.5152348449762199,0.9223027082913461,0.6119857803054942,0.8274952539099262,0.46251771180074486,0.6403978568862696,0.0,0.7473325257739369,0.6656750712329185,0.4479783113696,0.8361561831291708,0.8596370894171039,0.6966908893042333,0.6289720417705348,0.7306848103248004,0.44820882123404737,0.8336609198351623,0.5412629076018163,0.7378306257127587,0.6547339992862676,0.7112053084843502,0.5410705345525492,0.3703473621518082,0.5984536008958432,0.5137729888256825,0.8070529454508119,0.5369858662529061,0.5671907811615217,0.6145789100783663,0.0,0.0,0.29199785625719077,0.4327698235399954,0.6783922495424184,0.0,0.0,0.6541049578253542,0.4781487732196501,0.8034401619304956,0.5923647800611678,0.7734556498020456,0.0,0.7593851011768318,0.484645906496754,0.0,0.8836334473238687,0.6940139380205648,0.0,0.5457950362511881,0.0,0.5884925841590994,0.7565435920063891,0.7867902124640083,0.6012253451109419,0.7894451520487129,0.711130728076727,0.8525702366269678,0.724265858824589,0.540361610474333,0.6965499765914541,0.4156688526006649,0.42203187981348966
0.7472401144013168,0.5198101247388716,0.5591703531938332,0.5421924580694877,0.4817472281192665,0.5275369502621314,0.5389956083337534,0.8261682484661244,0.4952700897696255,0.6415688537725048,0.39544377894511473,0.46382648798087894,0.5439649602796859,0.2805428250383226,0.5150929128748976,0.6383207737100765,0.7230522996441515,0.6427000731116277,0.6672468859055941,0.38842281047882193,0.7473325257739369,0.0,0.6896878106479826,0.4244982291517319,0.7478849197176287,0.7184338743053544,0.536790810531838,0.5855495979018905,0.4823332187268491,0.48044935253933974,0.48912748877243933,0.46798974852212305,0.3095645475510462,0.49940199120573364,0.720832655721538,0.6498654136129882,0.5617402914096941,0.16703846958658286,0.6277645742111858,0.7968074473711753,0.6610046086221035,0.7367096688344249,0.6057608223818226,0.3776899896048146,0.23808373282679507,0.47563191813030103,0.6125253289568231,0.5526831592537983,0.4888148134013698,0.24609066914672006,0.7318679864162765,0.7553692720869529,0.6273697660266897,0.7860875601826671,0.45352674701869033,0.0,0.5555029859207032,0.6434442176748203,0.0,0.7576245303873035,0.6595620745124344,0.44449029264837603,0.6325467529345918,0.0,0.5527270426377017,0.6947318914747352,0.7625905026992494,0.622142024403561,0.8048105204983089,0.7231446222223012,0.6595078200483394,0.6568825032214537,0.6575957689136126,0.6220665885364912,0.654834414320481,0.7699852216759606
0.6275294541596211,0.797480561937711,0.37265743633388615,0.5739784807654118,0.4849935128995003,0.4781421847232952,0.566300777678989,0.6075388198080095,0.4541754791581439,0.6400047091965162,0.23423832108303072,0.7861372227743675,0.6080621455942562,0.4312427593793115,0.7093532961453792,0.8678393108102985,0.6260537144136997,0.8634073724709099,0.37425791180512324,0.43748493702510893,0.6656750712329185,0.6896878106479826,0.0,0.59075820043642,0.8258414247622399,0.7026052427966085,0.4294448331996736,0.5404626241813646,0.6545759713830412,0.6098157269605722,0.5573660706229584,0.5481923060581678,0.5129192914933838,0.5805944986858307,0.7298790952190874,0.5075078432326969,0.6001882434009961,0.6569224152814899,0.6358929450290969,0.7207236930619201,0.6568964558109404,0.7527188339353574,0.6959270061139654,0.7445444982641467,-0.0436074937305585,0.5487538859849419,0.8355211697466217,0.8174991912280218,0.42608544494021555,0.5773243004399805,0.6706546711533747,0.6540845867107057,0.5500717115176403,0.7158663465921571,0.7026722190063337,0.7158819118165423,0.44159128275827053,0.6872218233584098,0.5323192597581492,0.7812149123383176,0.920024960079483,0.5067284885587433,0.5662579262700257,0.7356725679038614,0.7882488961981589,0.6228167990533697,0.705536409618758,0.7844246887372408,0.23231618126823533,0.5985916679386416,0.6040558716216311,0.6957820253462401,0.6337288478229641,0.7554944794656188,0.6778245544871124,0.6401296493067768
0.6118622190038066,0.6294965007945548,0.42640099375993495,0.27647425833588,0.8409084315638593,0.5092352385776246,0.5793261648236725,0.567930837829399,0.7232019262544105,0.37375147956105814,0.7253916542071778,0.4267851199660144,0.5108414146881429,0.7324695881394805,0.694027863161073,0.8341280288264412,0.8099489478842092,0.6928784361885343,0.6685687208525981,0.8519603360528979,0.4479783113696,0.4244982291517319,0.59075820043642,0.0,0.7121411044702812,0.48744586258842815,0.5738228630789253,0.7794000576657875,0.9153048812506599,0.8701715306125763,0.7257243713149812,0.7217820785558005,0.36211615435374955,0.28768940938662346,0.06827839173530423,0.7566882608633168,0.3976792437730854,0.5367582011152094,0.7716080629282838,0.476842272702503,1.1076883321467226,0.6402962318537546,0.6114725438748645,0.4105902527112022,0.44718261515767177,0.6420463603785467,0.9033584001485759,0.0,0.0,0.4984260474757568,0.5749618239335104,0.3086488088610444,0.0,0.06823248157879573,0.6673305765041806,0.5976786900992574,0.5299233721539165,0.4469068137866654,0.0,0.7050636718080503,0.7824992832249464,0.6886006088579828,0.7688467685819651,0.5237706879831896,0.34015019435113014,0.8097262741303994,0.7752279495051434,0.8364990342964642,0.26240329631850123,0.8564670830722818,0.7373191122047864,0.49601742617037725,0.6937215532734204,0.6721783681256446,0.0,0.9122703033742137
0.6598519066002526,0.5221605066310728,0.6386834414047556,0.9283569451398844,0.40850802891706994,0.5698657544921863,0.4888188800409843,0.822466343844885,0.572570343597187,0.7718773668289727,0.6893961383541871,0.7356864352035415,0.5797108944583397,0.5134882543651532,0.656058296822967,0.7388116565845456,0.7672145242628048,0.6862386311879721,0.687975060255684,0.6926624387366305,0.8361561831291708,0.7478849197176287,0.8258414247622399,0.7121411044702812,0.0,0.429136793069205,0.6992047034617145,0.6049562817325354,0.7211857194596298,0.5488016998003277,0.6096882054759482,0.3958023238428462,0.5791823569388435,0.4745046965251259,0.4530573663715056,0.48504283320402086,0.7546269897916471,0.48343466649350086,0.7775142034998505,0.5611322101099181,0.7587764808822943,0.7773433111784733,0.11030927389196213,0.0,0.4493880530679865,0.7521002901403028,0.9064694531669477,0.0,0.0,0.0,0.6407684341371558,0.5675274903860852,0.6875798541605751,0.4527415023819901,0.6209417558347996,0.4458349350264541,0.6598389509428988,0.49761185380168715,0.0,0.8498408963443858,0.7629313814484111,0.6771919665324522,0.7716194859708432,0.0,0.791948139011581,0.709479141801417,0.8125335567534911,0.78839824424579,0.6369615681711602,0.8444965727522433,0.8301998341569727,0.8417433694962548,0.7934449347936066,0.589954202240675,0.0,0.8159965420854967
0.687319699988868,0.4622336337683304,0.6172068311297507,0.6180314125177319,0.31322256102042284,0.6489079054752523,0.3298196996325877,0.8489751377739521,0.6542298702517491,0.6967930778451153,0.7179779656366952,0.559043684109291,0.3128319644179194,0.7988063025632267,0.5865660294840458,0.6642624074034738,0.6509598398824972,0.5937936309822069,0.7125542928771241,0.6913409574094325,0.8596370894171039,0.7184338743053544,0.7026052427966085,0.48744586258842815,0.429136793069205,0.0,0.7736516788485107,0.604228171442303,0.695957925596148,0.24465935351411097,0.5419625620132882,0.5952467990954502,0.6186152293949372,0.5116210730159867,0.5917320280372287,0.21448342314017646,0.5076701050015084,0.4462938429844926,0.7736124486528748,0.5963052129273487,0.8970266669056739,0.7605612270269015,0.1852076945874052,0.534220365983424,0.6881316330675538,0.6242340681986176,0.7994633299721806,0.6782400893249867,0.0,-0.007464143205467311,0.7832583258735936,0.6850919400253948,0.5039098205166669,0.8492433853305208,0.682462878745655,0.0,0.725398004875991,0.7791215158842278,0.0,0.8574771752096233,0.7881342475472121,0.7018188531900232,0.7810701221817745,0.0,0.7291778559841455,0.9025262471682467,0.878394976264807,0.6494950727704127,0.608754912104148,0.8693386972592669,0.748463266375435,0.6331950907663371,0.6660976005827746,0.8758075159834187,0.4511187820004466,0.8144327125554778
0.6348839431122715,0.6212443951784111,0.5452482110377144,0.532651656089262,0.40778057660379485,0.4492896254543616,0.40385746182961224,0.6497033998859195,0.4743525243541854,0.50658151588697,0.2544970412412327,0.7516284240948337,0.5387956646585781,0.47364505218277636,0.7060943449914705,0.7251917791094489,0.7099195026703964,0.8527884827690997,0.3686371615616283,0.5850713432874844,0.6966908893042333,0.536790810531838,0.4294448331996736,0.5738228630789253,0.6992047034617145,0.7736516788485107,0.0,0.5439296741835967,0.8080820501538759,0.5149344108611797,0.5823182238868836,0.38919538357182265,0.4219310765708797,0.5269817452202015,0.5678223122436501,0.32358097322231294,0.6354500019893585,0.5385219645280025,0.5503809325762711,0.5559926965783042,0.4092704642756402,0.7075864836005838,0.6521986534372266,0.6294517346875438,0.017261883447984377,0.4562315360130217,0.5990700551845849,0.6960192928569251,0.5407980388061068,0.5226912656971949,0.6456406092326548,0.6068728129475877,0.5246165998609155,0.6524996580222494,0.8039237764329624,0.5498236191352984,0.36343006595734595,0.6966370317446952,0.37111904250289246,0.7501390169139401,0.7362121593119806,0.0,0.505680102475373,0.644219761320389,0.7673727972923995,0.6965752483446537,0.5738109858964178,0.6690902074079075,0.0,0.23121162274877033,0.3683456518122617,0.7271377978726838,0.6373310793475104,0.6847052360471204,0.5594345966383569,0.6416526310915537
0.6370510888746497,0.5376338034980226,0.6790184233627359,0.5491056159116015,0.6484756477839746,0.7242682183790443,0.7417258330787929,0.6787310129896731,0.6422737974652908,0.7533819281415449,0.47071151698030766,0.9179158826694218,0.8262678717403995,0.738029811534612,0.39464876674588156,0.5193019209430036,0.782217387040876,0.5685576526729531,0.5871969522543077,0.5939771519306074,0.6289720417705348,0.5855495979018905,0.5404626241813646,0.7794000576657875,0.6049562817325354,0.604228171442303,0.5439296741835967,0.0,0.4617275336258891,0.5091350539684067,0.566003977964535,0.4189670468424102,0.6730147238162394,0.48596802809092043,0.6490366284186702,0.6322608661347782,0.6315411842500407,0.7075821222866906,0.8836265593403776,0.5447056459573717,0.9495037994945792,0.8318740840745701,0.6161874598831432,0.6338038064348799,0.6855717677430406,0.6347288065993429,0.7663485163920685,0.615712648842307,0.0,0.8690299074238196,0.6488359688991221,0.7537678486657046,0.5803535120780916,0.688426038350976,0.9482831991620203,0.5052224709341016,0.8411293109894016,0.8222289280472018,0.35024488221626976,0.7226058885465259,0.4202040080324222,0.16571291621269998,0.6299586327008095,0.7986393175218213,0.8460041583582348,0.630229441732211,0.6506661574132465,0.7117040996108641,0.569130648277568,0.6835768054202166,0.46208628616738023,0.7417675295184879,0.7012878408968952,0.6675906657761974,0.6768963344285142,0.657994166797883
0.8548670918954219,0.5557716824982113,0.5549857636995507,0.37986844066366143,0.7160710342489259,0.4318273112035775,0.6578908377431367,0.7148763100620059,0.5586528465879963,0.572811340094267,0.3648192257744484,0.6205769903740485,0.7285848726234071,0.3852829124207995,0.4609716353916192,0.5917236435138024,0.5426776209101927,0.6583956212597044,0.5559381327964571,0.5609073953296886,0.7306848103248004,0.4823332187268491,0.6545759713830412,0.9153048812506599,0.7211857194596298,0.695957925596148,0.8080820501538759,0.4617275336258891,0.0,0.5542807188962898,0.41401325414974055,0.33801475910425083,0.39191365551745594,0.42365671993494985,0.5217165168669413,0.19607766407738103,0.5303861765534027,0.5119340393244907,0.5451763674931935,0.6229947470682284,0.6121221215944672,0.7207009686231929,0.529796618952886,0.6764390098359359,0.6026960206531728,0.4395557010034943,0.6278860835900002,0.6640850955808193,0.48331808517950553,0.4535020360471458,0.6611369386250578,0.6521806927385079,0.7395396947879769,0.5334230103584413,0.64503842162552,0.4365394614390615,0.571766823844291,0.7501765382357765,0.7433936744003915,0.6913195300235706,0.6672869807882871,0.4816863533211859,0.6561100729768843,0.5345559922447044,0.7009386302548788,0.5971052894422986,0.5541273956171787,0.7462467308435276,0.5080325041296279,0.8681379943912793,0.6690564692660096,0.7999809855006155,0.6784104360158367,0.7059020272616476,0.5973081387881942,0.579524730156859
0.712936388234366,0.42851420449569916,0.7962586243158811,0.49890246372190816,0.3792828894803454,0.7093369774719974,0.39515255862470666,0.5656091296305209,0.8465128966782578,0.4222687926089701,0.5167857277044436,0.3425461402301155,0.6412687373666299,0.8212195634739794,0.5524586963703884,0.35669612848637255,0.4090909444279513,0.5111519713070767,0.6082817809510628,0.7577253120339797,0.44820882123404737,0.48044935253933974,0.6098157269605722,0.8701715306125763,0.5488016998003277,0.24465935351411097,0.5149344108611797,0.5091350539684067,0.5542807188962898,0.0,0.4860906657061854,0.3008876219517536,0.21751750641276268,0.5346756028019315,0.6485098555630405,0.5720857859126561,0.3855628596261787,0.5696179846393579,0.7109668137261813,0.46015627526484115,0.5062150246951618,0.7193836504788305,0.6030724607620928,0.08201649401593793,0.0,0.0,0.0,0.2136515236201431,0.0,0.0,0.6117449338462839,0.5390413918863154,0.41232639824758205,0.6778138151568791,0.5867556620110399,0.0,0.013677442478030566,0.6183026632165074,0.0,0.47379600303596825,0.0,0.0,0.9857657145279546,1.0109721813894446,0.7017284024814592,0.5835502882931691,0.5880174311604108,0.7148045651975385,0.0,0.36066924396393474,0.4923658224251971,0.786881107411143,0.7209475188187838,0.700751499069733,0.4522853271941018,0.4420236116577713
