0.0,0.8667213133539253,0.5653885548127096,0.0,0.8190897398490422,0.799557973206972,1.0322482850191412,0.4691764226743359,0.9409027340887803,0.9596251360519665,0.4329519846076893,0.607009233523749,0.844472422849469,0.5619147344676789,0.2731892576869221,0.48172071949011946,0.33953194582418317,0.49894810783062815,0.0,0.3403057429614632,0.40313871820526226,0.5125607603535143,0.5423547679143019,0.835832986215163,0.8258446303763871,1.1426746324377612,0.3742624222490226,0.5438610711626537,0.5361809988767209,0.6672776268354096,1.1586519607607386,0.8111478453174021,0.8141028539178025,0.8688932562268008,0.5934403908366604,0.054565502533947596,0.4815375050119107,0.5761874315466545,0.6017553465061889,0.6720859443726019,-0.062387989138564526,0.532261912198338,0.5081587883197591,0.0,0.46223291622369345,0.13114613411597598,-0.035472825856084855,0.0,0.0,0.0,0.565928287488419,0.0,0.6529280524614338,0.0,0.5524301751576295,0.0,0.6306539044608133,0.78486021063819,0.0,0.5827976100465293,0.025427120520087998,0.2895700810000815,0.2758796659405777,0.0,-0.17128216417202874,0.4770719457689917,0.05062621159766256,0.6773421952506731,0.6569678401762313,0.14223157901050615,0.2884046653610896,0.45937808935324975,0.43838789768760295,0.21741208666228454,0.0,0.19069268787638166
0.8667213133539253,0.0,1.1200532907389091,0.3253078787558381,1.1146131678443756,1.1461353167098067,1.1460978613635104,0.4046511713879648,1.0488877167792554,1.059005464662574,0.9394981416815733,0.460323105743477,1.1546934597061946,0.5777564783660291,0.23106884535981825,0.7928894977316274,0.6669043223312916,0.5484922927849742,1.2844231089129392,1.1400111944204,0.8374633844456578,1.1776373443727395,0.6664057479917453,0.8492872618671452,1.1305107058700572,1.1377012611179846,1.06401502194729,0.9377463134571334,1.1281712642400112,0.49942363894816993,1.2581120457256467,1.0696578259755152,0.6697683075157813,0.9826120110275385,0.731117127038133,0.16007627735080676,0.7821820154780602,0.0,0.5259052558024194,0.30350103960041996,0.20659497787957615,0.36211286660117636,0.5686057021160895,0.0,0.0,0.540912847142782,0.32106761826899666,-0.026251608285255704,0.0,0.0,0.36228508574780227,0.6456333329949402,0.59087211396591,0.5890175715364298,0.5792491095150358,0.0,0.4222327295318511,0.5679544539059217,0.0,0.279178579142222,0.2164272719807925,0.666810527264811,0.41018457290488375,0.0,0.12513279864940388,0.4940537784825986,0.18377485989043973,0.6031026018803156,0.4659775789657039,0.3270053817396151,0.35569353261615166,0.40910975999090016,0.5428600581883869,0.3417025001316927,0.0,0.3600081181085786
0.5653885548127096,1.1200532907389091,0.0,0.6621548889449894,0.9265170172036545,1.01657193954622,0.7830431763440411,0.9103873329445313,0.9679276488521347,0.6105666809824092,0.7836854203049535,0.6333189313164987,0.8027945557251059,0.9316978570433716,0.5651828066109853,1.0860999682525425,0.6584605425401705,0.5460909598332515,0.9611897090660334,0.7533195302153914,0.6301953950345438,0.8657729498868537,1.0498900219346117,0.5964034662767587,0.7652417555554376,0.663271120980535,1.1243652058870452,0.7530003707388309,1.1825592357793882,0.5564953318413481,0.6721912014073821,0.6237259067279727,0.4098908205585429,0.6534652911613072,0.5968792834310503,0.7668762779029947,0.5902891510488185,0.6263107785673451,0.3900844408892734,0.4686558214586134,0.03806280592454092,0.09295454135473682,0.7325503937832725,0.6290700084161658,0.0,0.0,0.1862926590955244,0.6106866228699209,0.505295115642147,0.5445927234221996,0.6264074847945723,0.5599632281958671,0.7637400185918164,0.8166373915071835,0.3804466605587176,0.40655649453574394,0.5334137458398573,0.7142419978067995,0.6763060555700846,0.10192929488810873,0.0,0.0,0.0,0.49171435475728886,-0.01551940859735218,0.08081209663964684,-0.08920568978650466,0.6129245514795911,0.0,0.6616887510542224,0.3754513953232529,0.7505698031606103,0.321765010029755,0.41590629049070466,0.7198973845250753,0.517846720955035
0.0,0.3253078787558381,0.6621548889449894,0.0,1.013692871827456,0.8426873492452464,1.120567360231872,0.6864014250003732,0.9689610303532108,0.5062455973891928,0.8455034331363603,0.6737288313104174,1.0460318675960074,1.0695972042707385,0.6583424015781794,0.05091085484803127,0.5924128742223431,0.5076409605368842,0.9026576777361408,0.06863990068586595,0.42057058810305603,-0.07864944631067544,0.5822899254137166,0.6898922392437531,0.916266551397663,0.08550721859690658,0.5517935624069337,0.9988893679263504,0.6265174310562711,0.4877989689208928,0.8220855780659337,0.548288842300457,0.2301972191317261,0.3810802277373302,0.9171241771424715,0.9241232603406359,0.8969609361083285,0.3811392481873144,0.20442907087575918,0.3037427175104799,0.3650204229012053,0.30982225874512154,0.23291793520365295,0.23851045788050215,0.0,0.0,0.0,0.4754158423241991,0.0,0.0,0.26103410411805283,0.0,0.4873255981686257,0.02765026646232619,0.0,0.1969688961352598,0.5494326326945128,-0.1851004243289941,0.0,0.0,0.0,0.0,0.0,0.0,0.0,0.0,0.5077650318935125,0.4053612016042372,0.0,0.0,0.0,0.24015006061261995,0.8199001108004076,-0.09165036231814122,0.0,0.0
0.8190897398490422,1.1146131678443756,0.9265170172036545,1.013692871827456,0.0,0.9277087082873968,1.0220145127955258,0.808098621106494,0.9452628391705786,0.9516016511628898,1.063358068156163,0.7576733421696353,1.056229089193299,1.0379228072841784,0.51596044670021,1.0185782332030622,0.5572749480883765,0.8791282017378472,1.1291115426983942,1.1716512026394053,0.886993787714008,1.0807915838348217,0.6007386416462781,0.961463652187633,1.1273371712880853,0.9790624623299616,0.6746098028610099,1.0494105178922553,1.0295706686437058,0.8735924429387516,0.826975065901828,1.0937486682903959,0.7350023267789149,1.0067064285168317,0.8817182361125577,0.9601960951272679,0.9016707731956219,0.7050096655365871,0.3018056857583409,1.3180773566431865,0.22825156253360757,0.24819310463050817,0.6108451571599502,0.6477521359739875,0.2718518939212904,0.0,0.9401895597399246,0.6528008048267298,0.0,0.5532424245701342,0.4247923416179808,0.3591183079004799,0.5628456579409311,0.618995001464013,0.0,0.5308981637147477,0.3751844645874912,0.5370396077108366,0.6265768198560016,0.5223117849318577,-0.029378629763349817,0.0,0.0,0.6798629911524374,0.32256058041468105,1.002720845224426,0.6333882590821968,0.4305575409866248,0.0,0.46895981625969074,0.8959767374202869,0.3846001251740059,0.28852788665155915,0.2704566313566916,0.0,0.16185329642653146
0.799557973206972,1.1461353167098067,1.01657193954622,0.8426873492452464,0.9277087082873968,0.0,0.9013545449097826,0.8575321788123241,1.022974175884522,0.8390958372865398,0.9172109032532189,0.8190020372113704,1.02039363260783,0.6612288903385177,0.6015692950928037,1.0687703935044734,0.6081317448131944,1.05016642602516,1.056040558377167,1.1776492039116013,0.9460444453992898,0.9705159279733006,0.898599242764253,0.6019352942770337,1.1686625691837678,0.7327952260842652,1.0086649969102592,1.1043586573235604,1.0462290263115501,0.8985410740746773,0.939733802231727,0.8168212564624584,1.063441078610228,0.9651835787708517,0.8627022343137267,0.7296832519973682,0.8019845936991443,0.599216178007598,0.36091237122492065,0.3498704797171559,0.1595226446950091,0.1456292401312943,0.5047733663913997,0.13880893262422472,0.2183090828954868,1.0940043154350023,0.7223881521743949,0.6836787589945522,0.2078327961323223,0.28199494957450655,0.5914671627349487,0.4358719463486498,0.8250337715717877,0.7124427333061675,0.6612625914071681,0.9399742375442924,0.37247449742232713,0.5416511063660066,0.5187755803655965,0.48926087128917206,0.6633754004927254,0.0,0.9601531754900113,0.621700843581424,0.4492736549134589,0.5770504200432708,0.4643250597773485,0.4923678288539318,0.6218896719545772,0.47839969103040525,0.6864828088166783,0.4869232496898544,0.320183112452466,0.4858492634736076,0.23082093161601652,0.22446307289367368
1.0322482850191412,1.1460978613635104,0.7830431763440411,1.120567360231872,1.0220145127955258,0.9013545449097826,0.0,0.6026739839343668,1.0028636215840288,0.9982305800092174,0.9055738039061587,0.8703922275753685,1.0618695800233713,1.0012536036800121,0.5216533384431279,0.9425835051702153,0.6403734813204518,0.7952354806859603,0.7898253709630592,1.1679129214381962,0.482799561695324,1.037572056316979,0.30884641918366906,0.8387681110242576,0.9671467940806056,1.0957105593963996,0.6330273736828349,0.9251449731618089,0.983221154462503,0.8774198683842401,0.8698328720742202,0.5507648355310228,1.064565456693727,1.0338752988265287,1.0052258582035796,0.9108959191233843,1.0379639056570986,0.9067442374796928,0.02810220992587148,0.4645685566066774,0.122769048209626,0.013135062170001821,0.5647577300706667,0.8464276276520012,0.3596472258505333,0.0,0.7778038860594434,0.5065754689667132,0.0,0.5586853125395007,0.6776114329676599,0.6736060881540993,0.5795657616520249,0.6640484672119034,0.6080112903888873,0.5301276285049915,0.4654249920976584,0.5315871603057041,0.33097379201811616,0.35846614591624887,0.6459274456238506,0.0,0.5322604011568017,0.6091866191352924,0.6553419024443179,0.5105957397292559,0.6539457941874853,0.6749320777608824,0.5053342433496583,0.6240616364443079,0.5692918630330094,0.6363759828508093,0.5663799539919224,0.4222270065088012,0.727540352391444,0.5416662573333262
0.4691764226743359,0.4046511713879648,0.9103873329445313,0.6864014250003732,0.808098621106494,0.8575321788123241,0.6026739839343668,0.0,0.8326932838228351,0.21253293583423044,1.1220640671464062,0.6452028002132209,0.44783221827800024,0.8456471161936231,0.5103895259427644,0.7226037132913726,0.4386273314286532,0.6620413104662068,0.9924262419582447,0.630578491644155,0.6339665982636424,0.5481743168931054,0.9407156821171112,0.3857678516559976,0.7510826397245984,0.6524228419431481,0.7187391944926043,0.47845788813924384,0.8026062204814786,0.3622360313211146,0.31959798923063176,0.6081192077100768,0.08443445838754143,0.32127627720592694,0.37914657074451796,0.9402958583861706,0.5826283073408951,0.6149481629807403,0.3675891089033535,0.4930493711230155,-0.05212048955538909,-0.2361268135012089,0.5515329645019605,0.48609573169602566,0.0,0.6156337178207087,0.29820369002828834,0.695214793949743,0.0,0.2989857495142597,0.4086977272337603,0.33982209878376823,0.6479721441378177,0.2750526308785074,0.8709199423750331,0.7198364221037112,0.9343002182060247,0.46084153187153387,0.633509641238825,0.46797352601301423,-0.13398623514381094,0.0,0.7297200266794931,0.37183768315455945,0.2902629028677729,0.8792972559074953,0.0387276077201745,0.5023962509544193,0.0,0.5044168516099721,0.4495032661746877,0.42944427809523295,0.33516130250617626,0.4634357963623118,0.4626031145352453,0.5222168973992538
0.9409027340887803,1.0488877167792554,0.9679276488521347,0.9689610303532108,0.9452628391705786,1.022974175884522,1.0028636215840288,0.8326932838228351,0.0,0.8414736839314265,1.008718908804239,0.7716633123719021,1.120205426468022,0.8221643472817983,1.0749630493242228,1.1358884000606024,0.4945343252759593,0.9110286884762786,0.9598101347483229,1.1653151614018218,0.7901455442750249,1.1641042837663842,0.895168085887052,0.795420224809967,1.1009776485714204,0.9874934663965942,1.0697440885276819,0.924898287611053,1.0800539927198662,0.8674339409693539,0.8745993360684368,0.8956497029681894,0.7332235575042086,0.9229011808694838,0.9014510448190032,0.9308967366471335,0.8533069398700208,0.8389449170536474,0.43352142556510354,0.5425790539494106,0.11914601755663412,0.26245576577441004,0.5562591131318427,0.2886133571990188,0.29848533089721874,0.0,0.8123195879059752,0.524841691857119,0.4862907944436814,0.5594040413773409,0.6694953821244913,0.5675026469287741,0.7790002542768597,0.5297558807293705,0.2350212942649929,0.8672897521700242,0.521434653307342,0.5824670800120113,0.6709453742908,0.6512195554115454,1.0290486437000221,0.0,0.0,0.6926780054986941,0.5385273235802528,0.5844744792830492,0.7393635141099744,0.5252582670987246,0.3423290036689738,0.5522087369727866,0.4574529196913647,0.6130902472017814,0.32625149476415666,0.47572811165156437,0.4578614209912125,0.23652305259781103
0.9596251360519665,1.059005464662574,0.6105666809824092,0.5062455973891928,0.9516016511628898,0.8390958372865398,0.9982305800092174,0.21253293583423044,0.8414736839314265,0.0,0.7678780269450046,1.1422462872642727,0.9109717609053274,0.6820897431382723,0.4779700200574818,0.4914503142801939,1.033343878120929,0.6617370896370792,0.7581366286141842,0.4978226566834606,0.6836569359112993,0.758047923356221,0.31778784268983873,1.0918190203339007,1.2396602813061453,1.1796123809053976,0.38308986228512526,0.9718508098795162,0.5872259065319674,0.4889117459819803,1.2644414564183415,0.6084755535017891,1.0399265739391665,0.9722968153593117,0.8113697029755933,0.4851114540753597,0.814913977276241,0.8589881218112262,-0.02337651061821283,0.4892487805667032,0.2659913329841619,0.026839204555290985,-0.006051408657501478,0.33982808756010735,0.622231736472283,0.6607401220794967,0.4638679665445775,0.20458315293168589,0.4718305353357366,0.44236454975442585,0.20581207941472077,0.4846367084963455,0.6034259768767573,0.25607840717105435,0.5712314127122122,0.4236238379943532,0.459499876846043,-0.11057800291403341,0.0,0.9434010327630975,0.5766710942383888,0.5814605669752774,0.578122501412103,0.48200423743752213,0.5073970007749247,0.5791671785621301,0.4130852117045535,0.5799577255468098,0.4322655208218432,0.46716402641720545,0.6926192999925556,0.5595027016812334,0.2721510701240103,0.3988911632704748,0.0,0.6582881745529703
0.4329519846076893,0.9394981416815733,0.7836854203049535,0.8455034331363603,1.063358068156163,0.9172109032532189,0.9055738039061587,1.1220640671464062,1.008718908804239,0.7678780269450046,0.0,0.7316576948234605,0.8104154843916507,1.1387213725722525,0.0,0.9585088017592309,0.5839968211114582,0.5637376797340827,0.9726703267782103,-0.028755212708820366,0.054018656898783185,0.5541690137191573,0.7163988940208655,0.776736006457648,0.8515819960641648,0.3935087622453224,0.9534680631601116,0.8399885204612538,0.7872662901604319,0.9820426514026432,0.7398999944868208,0.8620442684036149,0.17881738275716536,0.750540444333559,0.7696287954246988,1.1264429575932116,0.7570396912692284,0.6797724073945401,0.5781511649487705,0.42764422630705756,0.44263478536355316,0.4146387108010887,0.8585842344331818,0.6081602596406043,0.19712020886466197,0.0,0.0,0.6931614624624327,0.4699693938722297,0.6712816524190521,0.673671276653451,0.5952078810832844,0.8301994598455911,0.6460038220851905,0.5114152995748646,0.6212749999718974,0.416427692857818,0.7638186477910851,0.7768107773818475,0.0,0.0,0.0,0.0,0.7782623495947631,-0.15409404512139857,0.0,-0.25165990129798266,0.6053237051053542,0.0,0.0,0.981033192484753,0.6617118850428636,0.5047228574844848,0.24746971047555824,0.0,0.5572045238443463
0.607009233523749,0.460323105743477,0.6333189313164987,0.6737288313104174,0.7576733421696353,0.8190020372113704,0.8703922275753685,0.6452028002132209,0.7716633123719021,1.1422462872642727,0.7316576948234605,0.0,0.8754182878351598,0.6596474642022709,0.36428161646120816,0.7694320094669821,1.1108542192079738,0.9195684108535838,0.6125582748386089,0.6726902895605738,0.818798380305906,0.46954748856651296,0.4832775404775972,1.1158950257701508,1.0093913474735288,1.1010821467369958,0.5445735510855719,0.9915142920653734,0.6659140078714464,0.3274503766660557,0.8148735538878698,0.4392441836087654,0.9278469219924367,0.934234379392392,0.7565402132816588,0.5337264802132838,0.7121266659905604,0.8687291275003769,0.20885748844270957,0.4214113130604972,0.1539513787783024,0.05439867879110108,0.46305343386635467,0.45985663020388046,0.37341483296684425,0.5205802149706913,0.5420237663548697,0.2769469500073958,0.19760986522758262,0.24735547821993223,0.3435726343193598,0.5097212883778359,0.2472160642843017,0.42851337379453763,0.47547654707032777,0.2767210549146316,0.3512556206990986,0.07060682662649789,0.6966583265912016,0.6834212094838858,0.4099147672662356,0.5385936805762334,0.635531625074837,0.3540639494293315,0.7947062715280215,0.7866340486705043,0.45662666725436474,0.5076254157055693,0.3284363102557811,0.5202443933608621,0.6702231507186105,0.3742977083324242,0.26308235748963704,0.5072254573500281,0.0,0.6011870600761549
0.844472422849469,1.1546934597061946,0.8027945557251059,1.0460318675960074,1.056229089193299,1.02039363260783,1.0618695800233713,0.44783221827800024,1.120205426468022,0.9109717609053274,0.8104154843916507,0.8754182878351598,0.0,1.089071240010124,0.6514073522063811,1.0052005554392256,0.7071359175852202,0.7739110853718386,0.8162022774291422,1.2156025794769945,0.946254790141422,0.8130697265116489,0.5506556611740715,0.7448980237304159,1.0312385787200244,1.0450715267452055,0.7287794933713988,1.0380862611554191,1.0582435207735457,0.7652811988203893,0.6822127693259086,0.5821491825089928,0.5910021603880353,0.9724958649204165,0.9102665182570795,1.030251506172554,0.9847981831189518,0.7853538442897303,0.0007910901163569739,0.5286112011174573,0.12866769079523177,0.2469612758502149,0.026859050441493226,0.030986090998983695,0.48517406210565883,0.5836692792025694,0.8303131177033908,0.6942433830171756,0.0,0.6644687131893681,0.3508891166486596,0.6455455006159736,0.6455133054846209,0.7254768679557975,0.5593339354242315,0.5799752380808754,0.5357020810993611,0.1400674420451422,0.4321148683095921,0.5131918124647384,0.550049693617985,0.428271069599629,0.5745223131662294,0.6825154527405848,0.5835320678264635,0.5968229644945122,0.5353871151252086,0.3961649489000201,0.52047543990963,0.5344522694238772,0.5705866228957344,0.29694394686405534,-0.10023716431800206,0.22569323137180358,0.5686161290641083,0.5670015743855658
0.5619147344676789,0.5777564783660291,0.9316978570433716,1.0695972042707385,1.0379228072841784,0.6612288903385177,1.0012536036800121,0.8456471161936231,0.8221643472817983,0.6820897431382723,1.1387213725722525,0.6596474642022709,1.089071240010124,0.0,0.5676580892321963,0.662052634650699,0.4866982757112933,0.45307319862739837,1.0607974361526518,0.41836910591407034,0.6013178408597216,0.3124289489750157,0.8556821366404216,0.7005464576669491,0.5380122526312041,0.5585976974838074,0.762332879333329,0.7733179893539908,0.41189922418218494,0.8500823641241553,0.39301299925267463,0.42035629136777947,0.22487074024013567,0.0409227656645359,0.0801838925376597,0.9805134375354189,0.8867549714252669,0.40236366032432025,0.7315846566388252,0.0,0.7100028817446447,0.8021549734097748,0.6479781428039273,0.5048635931732248,0.0,0.0,0.0,0.6064771608379914,0.0,0.6312083650709064,0.4963038386517855,0.5526881384783962,0.6414265433018316,0.5348162457618406,0.0,0.6482123049044535,0.38770583502659595,0.7498259500111831,0.549718322889081,0.0,0.0,0.0,0.0,0.5889226842303421,0.0,0.0,0.0,0.6748821441506467,0.0,0.0,0.0,0.5416356389510677,0.7407763314150424,0.0,0.0,0.0
0.2731892576869221,0.23106884535981825,0.5651828066109853,0.6583424015781794,0.51596044670021,0.6015692950928037,0.5216533384431279,0.5103895259427644,1.0749630493242228,0.4779700200574818,0.0,0.36428161646120816,0.6514073522063811,0.5676580892321963,0.0,0.684404167203521,0.4854342541890677,0.6339079287715584,0.0,0.8976310669448063,0.6094615640907742,0.725195515416049,0.8865752877491917,0.3412096731244402,0.7337279896028227,0.5078987962910337,0.6153993463734908,0.5629885702275921,0.6182542240263997,0.5187805387940039,0.6685521216026576,0.2717578239635946,0.21637124217797815,0.4040315587134608,0.41523471562397657,-0.2012320310094699,0.48945565837750815,0.34969532945285076,0.0483360548322401,0.16780152113066618,-0.10267307559769118,-0.1393610276247726,0.5135069370436521,0.6294810391899435,0.0,0.13499757117406752,0.11094847675146874,0.43518661741049813,0.0,0.0,0.2627335714663448,0.686074293825391,0.6931363351864857,0.4981222346526756,0.0,0.0,0.6936136972889535,0.659990985795982,0.48370860722311676,0.5376221757070073,0.05728721983681978,0.6601686428034368,0.7456744202348482,0.0,0.5081621979733105,0.305825551308004,0.3720241872206318,0.7263201761855675,0.49173019926291495,0.6490410283434791,0.18277314942049258,0.46918870309920463,0.16885870707675704,0.1208598969583386,0.23352876752291754,-0.03344429955567085
0.48172071949011946,0.7928894977316274,1.0860999682525425,0.05091085484803127,1.0185782332030622,1.0687703935044734,0.9425835051702153,0.7226037132913726,1.1358884000606024,0.4914503142801939,0.9585088017592309,0.7694320094669821,1.0052005554392256,0.662052634650699,0.684404167203521,0.0,0.1496977072416594,0.4761810158842301,0.48215764041378717,0.015185088165123733,0.378810529671573,0.46027428981877666,0.7148033898105508,0.7488097372861431,0.7235144864604397,0.7316885204816155,0.4567647737830269,0.7139057009485952,0.5916544926151435,0.5946911958328174,0.39303588997120925,0.7060008898345294,0.17298468172368872,0.3363758758526296,0.016680784225626244,0.6555093770326252,0.42744292224308067,0.5871001057485628,0.09429919951534921,0.11000843915124267,0.02233529857782024,-0.002665956963338767,0.5070040537311041,0.0,0.0,-0.040136120069647785,0.13901668222041857,0.0,0.0,0.0,0.5515141810843521,0.6016584943135631,0.8758633342232941,0.0,0.1470577169828261,0.0,0.47738588704182394,0.6331350590648436,0.0,0.20015017950965788,0.08033728723798289,0.5875839977542909,0.42737733165591185,0.0,-0.0956218924688092,0.151545310120475,-0.05204325611410615,0.3740550719797877,0.4653065541343976,0.31532144374629173,0.3637067124918531,0.6606862513601515,0.6348602086593393,0.20914298785858987,0.0,-0.0062151311224555306
0.33953194582418317,0.6669043223312916,0.6584605425401705,0.5924128742223431,0.5572749480883765,0.6081317448131944,0.6403734813204518,0.4386273314286532,0.4945343252759593,1.033343878120929,0.5839968211114582,1.1108542192079738,0.7071359175852202,0.4866982757112933,0.4854342541890677,0.1496977072416594,0.0,0.5817620988633045,0.6667853972425859,0.826891294075906,0.5770370356423085,0.7245222766479846,0.504312574365466,0.7850072918666215,1.0074562084358876,1.0919255279712172,0.67061985107809,1.0150066854700472,0.4081109583575325,0.5505944797811103,0.7857117354591727,0.7878537255056998,0.6216890534431453,0.9818985485968512,0.8608141458474852,0.6524525942630537,0.27831774483927313,0.48491994404782834,0.5904978539386497,0.3657712451156906,0.4682476693337557,0.547406733898538,0.0,0.0,0.425298508815236,0.7118427738637585,0.5541584625284575,0.0,0.0,0.0,0.0,0.0,0.0,0.0,0.44323704049124135,0.0,0.3731502454633402,0.3234796328976326,0.0,0.7719511371702178,0.4637527420986049,0.38155285571635045,0.4291227508104163,0.0,0.0,0.0,0.5554496296540948,0.0,0.30966462066388156,0.6145414795815138,0.6789067957573875,0.0,0.3470410376558602,0.48027503961888174,0.0,0.38936921127585167
0.49894810783062815,0.5484922927849742,0.5460909598332515,0.5076409605368842,0.8791282017378472,1.05016642602516,0.7952354806859603,0.6620413104662068,0.9110286884762786,0.6617370896370792,0.5637376797340827,0.9195684108535838,0.7739110853718386,0.45307319862739837,0.6339079287715584,0.4761810158842301,0.5817620988633045,0.0,0.5289528917313477,0.19902439230227442,0.6628351542937148,0.25252257578795656,0.7070496405834534,0.70362449860081,0.8635619133509913,0.9355017718086609,0.5034407186967884,0.7749156194640796,0.5694310639160951,0.5719290341967662,0.5409689053867659,1.03921468962271,0.5173939447653169,0.8675757006209566,0.5092894576916549,0.6385305692676297,0.2697882096205852,0.4352370029587661,0.6473694217718549,0.5233555537289355,0.5332082062401775,0.5986082721524374,0.0,0.0,0.5033847381658266,0.291791691009339,0.14539292407569204,0.0,0.0,0.0,0.5111894420330724,0.5768178897877579,0.9102126731031661,0.0,0.5068734774218371,0.0,0.45683973837253533,0.5370047342911797,0.0,0.637997284897799,0.3288915178035393,0.5322116217501865,0.4625075893216394,0.0,0.4620360495737885,0.6597320889037903,-0.12235615939574251,0.7618758023697831,0.2426660606887783,0.39398374377830536,0.6566603238726869,0.48767441015501456,0.6945492675362034,0.5392670186607426,0.0,0.4406079048195748
0.0,1.2844231089129392,0.9611897090660334,0.9026576777361408,1.1291115426983942,1.056040558377167,0.7898253709630592,0.9924262419582447,0.9598101347483229,0.7581366286141842,0.9726703267782103,0.6125582748386089,0.8162022774291422,1.0607974361526518,0.0,0.48215764041378717,0.6667853972425859,0.5289528917313477,0.0,1.2322930630125746,0.9697423555833613,1.3038228611561986,0.9230424753121009,0.5266048180346028,0.5975006182562821,0.541377575110089,1.123699687112094,0.9181388276384852,1.1069475992685076,0.770975937157123,0.7987380776155851,0.9206522730429467,0.5388114856456608,0.8039587090097504,0.7901468178616422,0.9949917513153773,0.7417138695202271,0.6452039252408339,0.5400782479077384,0.38739024122884547,-0.026230582422908655,0.22959148153894943,0.9380072240143509,0.35798710599066286,0.42888201538100224,0.0,0.0,0.3541260590694521,0.0,0.5388044574325117,0.6102658229223934,0.5542983721144406,0.7931598371043538,0.7633915840120409,0.9610350376353969,0.33581236815054705,0.5341370320129654,0.5791868317358009,0.7772052277111015,0.0,0.0,0.0,0.0,0.84059275660248,0.47092113941992925,0.0,1.166090865689857,0.6237082507176699,0.0,0.0,0.0,0.6517392356472602,0.54565661278616,0.2642178533581916,0.48851811383970023,0.5880110121913753
0.3403057429614632,1.1400111944204,0.7533195302153914,0.06863990068586595,1.1716512026394053,1.1776492039116013,1.1679129214381962,0.630578491644155,1.1653151614018218,0.4978226566834606,-0.028755212708820366,0.6726902895605738,1.2156025794769945,0.41836910591407034,0.8976310669448063,0.015185088165123733,0.826891294075906,0.19902439230227442,1.2322930630125746,0.0,0.594294528630718,0.8594927091137318,0.9458026123029382,0.4277739783931604,0.641489019727244,0.5977826943917758,1.0142468110491119,1.0271760337241902,1.1112978768524617,1.1482412370001815,0.6014201005402454,0.5151344809410755,0.2581108267698574,0.47751496501588453,0.45700934569763374,-0.0751010567124874,0.12808001330156502,0.7781415409369585,0.28426327546778274,-0.06609630551038254,-0.09643918067915486,0.062232671824823116,0.2818255424931829,0.24162837375957083,0.21505734759477568,0.1657298219917315,0.12929028871288017,0.4563224039048596,0.0,0.0,0.30450505971189623,0.5903779189653857,0.7305732664899374,0.42130120935669124,0.9794350616128666,0.0,0.6033103693664359,0.300613898840219,0.0,0.3954424525967731,-0.04748280504617952,0.507185668065454,0.1276451157991088,0.0,0.15128923399955044,0.3792065897227854,-0.03470635866269528,0.4520505216141016,0.0,0.08007602727450874,0.10375684847379685,0.2929350026556531,0.20733108543974718,0.24255982564796663,0.04139074287930572,-0.0075042530069627245
0.40313871820526226,0.8374633844456578,0.6301953950345438,0.42057058810305603,0.886993787714008,0.9460444453992898,0.482799561695324,0.6339665982636424,0.7901455442750249,0.6836569359112993,0.054018656898783185,0.818798380305906,0.946254790141422,0.6013178408597216,0.6094615640907742,0.378810529671573,0.5770370356423085,0.6628351542937148,0.9697423555833613,0.594294528630718,0.0,0.4499826761741117,0.3605280068910513,0.42272168893352796,0.5819262521895514,0.7533769336229905,0.6449648789286501,0.5655005529638468,0.5627281892040643,0.5733972250760186,0.6436350839460403,0.4736434588963192,0.4677426660378007,0.4544401674525812,0.4250603346470249,0.16170485818465297,0.35093702652856307,0.6358600650188915,0.19847190384512856,0.6708916591364018,0.07102520457712094,-0.06030058217777878,0.18010016631677883,0.0,0.0,0.6122147898250789,0.24525684170054457,0.6476565388591735,0.0,0.0,0.47548087479004186,0.47762309880882414,0.6831962520381161,0.5310455208312606,0.6383124200317529,0.0,0.7826152843305241,0.28940428958641373,0.0,0.3573397558457039,0.18824479040432918,0.0,0.5548918110116718,0.0,0.25736673038114405,0.6969631945464518,0.06672264109305653,0.5451642971848187,0.8296344203693838,0.5067698748201679,0.3191587429988718,0.3482035484743401,0.1968432442265977,0.31354677859508706,0.4705108319545533,0.09711189873203233
0.5125607603535143,1.1776373443727395,0.8657729498868537,-0.07864944631067544,1.0807915838348217,0.9705159279733006,1.037572056316979,0.5481743168931054,1.1641042837663842,0.758047923356221,0.5541690137191573,0.46954748856651296,0.8130697265116489,0.3124289489750157,0.725195515416049,0.46027428981877666,0.7245222766479846,0.25252257578795656,1.3038228611561986,0.8594927091137318,0.4499826761741117,0.0,0.8596902586673744,0.6381683349319974,1.0991175240935047,1.0538745142582522,0.804818427385335,0.7234743911687884,0.8824453046102667,0.8290961682605175,0.5446568483477885,0.7347969296335496,0.1569056352042509,0.7379843089554873,0.7850000980940088,-0.09181104211789753,0.410580628039632,0.573724858802717,0.0988941956868514,-0.10096657948983107,-0.09799185256689286,-0.13299960865833776,0.030862539932940802,0.3553759825521523,0.24254902325826527,0.10249465214868675,0.08086229790357546,0.5133207975837355,0.48821603308581946,0.24841672305542237,0.4520566124643645,0.7333897324918406,0.6395272474995338,0.5985380573581199,0.4395981401600516,0.0,0.5260470948749699,0.545633463370401,0.0,0.26744988126771185,-0.03554281843224233,0.4637729473940849,0.29836971654349576,0.0,-0.048196023505984564,0.21624510119733426,-0.10288615300697579,0.5367722738496713,0.7886488038040842,0.1279354893403294,0.12909253602325516,0.34657735461239036,0.24251175008936093,0.16050840982287246,0.5558450008742778,-0.05400108666161718
0.5423547679143019,0.6664057479917453,1.0498900219346117,0.5822899254137166,0.6007386416462781,0.898599242764253,0.30884641918366906,0.9407156821171112,0.895168085887052,0.31778784268983873,0.7163988940208655,0.4832775404775972,0.5506556611740715,0.8556821366404216,0.8865752877491917,0.7148033898105508,0.504312574365466,0.7070496405834534,0.9230424753121009,0.9458026123029382,0.3605280068910513,0.8596902586673744,0.0,0.4834107718352875,0.7224451899535904,0.6514600959833297,0.8600759682873738,0.4207032933582098,0.8332327991588303,0.4076433686284513,0.4356763251620434,0.4371702456965736,0.502595825666237,0.41850739031075124,0.42862046861909614,0.5897139778111522,0.5499973223971524,0.17031325812319778,0.4125154438949473,0.670280558891519,0.19422856312348832,-0.032129112039585905,0.5390053498558897,0.2541811477492927,0.5746305292750689,0.5832703527621037,0.45391076511109407,0.06553938187765596,0.4820027727966908,0.4156782666376022,0.5226557370319544,0.39050036123825815,0.7339510977077199,0.5966889231217034,0.5902363271122519,0.6122215165378482,0.4826131343393506,0.5401686653901767,0.5532994338948198,0.5060406489177576,0.28076143961054567,0.5073970007749253,0.6131452032807565,0.12165772453265333,0.4242744632280192,0.6616355989712808,0.22896833218064633,0.6751163725049207,0.22125500413058707,0.618043799430688,0.426975618518234,0.45962448558120517,0.34980548618285573,0.4490513249213494,0.3011010958326781,0.3176738980467277
0.835832986215163,0.8492872618671452,0.5964034662767587,0.6898922392437531,0.961463652187633,0.6019352942770337,0.8387681110242576,0.3857678516559976,0.795420224809967,1.0918190203339007,0.776736006457648,1.1158950257701508,0.7448980237304159,0.7005464576669491,0.3412096731244402,0.7488097372861431,0.7850072918666215,0.70362449860081,0.5266048180346028,0.4277739783931604,0.42272168893352796,0.6381683349319974,0.4834107718352875,0.0,0.9775030616251998,1.0586014334778788,0.3938370114503956,0.8075351408392977,0.5869903225266945,0.861689269049575,1.0420197447742838,0.9929952877094124,0.8242898694842326,0.9806579252894952,0.6597246945771776,0.5990988090887928,0.7348107233896355,1.0138347510154442,0.7657734939515456,0.41775447131041155,0.13600572473710937,0.6687005108698816,0.609380175320988,0.40045048312373543,0.4573637971881523,0.300510028387456,0.34887148323245787,0.0,0.0,0.5097615206581189,0.5927683360883473,0.33079120229958825,0.0,0.03833823038250217,0.48130431920321304,0.5835647485208854,0.33394458513854786,0.4774807582237245,0.0,0.2274877002148473,0.32163173634723996,0.25512959361165943,0.24705635693607852,0.5095938295751152,0.3564485763030091,0.4513213733638547,0.14417883704025977,0.8305279042554556,0.18698888718496975,0.2717087946471787,0.6283123581367902,0.5092945605875787,0.7018526376398597,0.19466207328830853,0.0,0.4825408373264553
0.8258446303763871,1.1305107058700572,0.7652417555554376,0.916266551397663,1.1273371712880853,1.1686625691837678,0.9671467940806056,0.7510826397245984,1.1009776485714204,1.2396602813061453,0.8515819960641648,1.0093913474735288,1.0312385787200244,0.5380122526312041,0.7337279896028227,0.7235144864604397,1.0074562084358876,0.8635619133509913,0.5975006182562821,0.641489019727244,0.5819262521895514,1.0991175240935047,0.7224451899535904,0.9775030616251998,0.0,0.9668241302840949,0.9178932635918617,1.0224091335541363,0.9342164738853895,0.449103263179768,1.1664331740641556,1.0364741866355636,1.0088718926390154,1.0434508957921378,1.1096130910431088,0.614556671010406,1.0524586046387367,0.7632263647829035,0.6312152858113593,0.3433271914646716,0.4175843909410938,0.589455660667227,0.11872035649292068,0.0,0.38781691563780407,0.6016769730157956,0.33456148516996176,0.0,0.0,0.0,0.5935454093429149,0.5726198689515041,0.7268957593112686,0.4304418620178885,0.5801154585486424,0.5135668923280425,0.5529009342452977,0.4554556880889712,0.0,0.5965302345127478,0.4865414885674216,0.5897529219739954,0.6324853695932529,0.0,0.3892990349647092,0.18790697652076005,0.2571836332867953,0.5387899821489227,0.5006768446628465,0.6035633682686674,0.8624315161349743,0.48769783798232014,0.6696783121116932,0.35391738097454467,0.0,0.5213355765349608
1.1426746324377612,1.1377012611179846,0.663271120980535,0.08550721859690658,0.9790624623299616,0.7327952260842652,1.0957105593963996,0.6524228419431481,0.9874934663965942,1.1796123809053976,0.3935087622453224,1.1010821467369958,1.0450715267452055,0.5585976974838074,0.5078987962910337,0.7316885204816155,1.0919255279712172,0.9355017718086609,0.541377575110089,0.5977826943917758,0.7533769336229905,1.0538745142582522,0.6514600959833297,1.0586014334778788,0.9668241302840949,0.0,0.590421174365406,1.1597776414749983,1.0590967844532349,1.0447600308640907,1.144574295872795,0.7658891893888362,0.8485593529293454,1.0824007233708404,0.7495375233911795,0.5052967588448403,0.3127873641782438,0.9455781252138005,0.3508383365312997,0.45970283129230716,0.3877189344903843,0.23862210980143514,0.22495078702461696,0.5448028618300457,0.41095689899710486,0.7322820823906703,0.44206921230787677,0.6463813581040248,0.0,0.02764642697102834,0.4183230635320726,0.6144285472989262,0.33700695166291816,0.40814052107678334,0.7154493923643818,0.0,0.75149716314723,0.6943502774152266,0.0,0.21836258875887704,0.48375656220021146,0.6738220916315292,0.6995161224865731,0.0,0.12248372580615963,0.5381004702580378,0.29754973165594245,0.4226574472142759,0.8135847304782896,0.6585242604041259,0.8174528270032098,0.29047698027238955,0.34012401867923747,0.33100252031465294,0.5130947945292544,0.60031704340571
0.3742624222490226,1.06401502194729,1.1243652058870452,0.5517935624069337,0.6746098028610099,1.0086649969102592,0.6330273736828349,0.7187391944926043,1.0697440885276819,0.38308986228512526,0.9534680631601116,0.5445735510855719,0.7287794933713988,0.762332879333329,0.6153993463734908,0.4567647737830269,0.67061985107809,0.5034407186967884,1.123699687112094,1.0142468110491119,0.6449648789286501,0.804818427385335,0.8600759682873738,0.3938370114503956,0.9178932635918617,0.590421174365406,0.0,0.7324201864660259,0.9024838241029713,0.5180087551126732,0.5999354448840168,0.6245285289525058,0.32654067050427393,0.5095931614263067,0.5191182951841541,0.26031082191569965,0.6046242693083097,0.4833172065516679,0.34785991130292454,0.024160500410486868,0.17936100108864048,0.0708331271234014,0.4250487521382371,0.22358698387627085,0.39267315261070646,0.28371099367434016,0.1934340961948813,0.7229430518257642,0.057068602851498146,0.29981435033311543,0.5305719383801222,0.3418620601689786,0.6346869371108423,0.5784898410760375,0.6838337859085686,0.9586864260944672,0.39697563453962126,0.535893588473296,0.4086346635654018,0.3090036780343983,0.08195493082961414,0.0,0.11367110162676936,0.7833835559632918,0.2407002140028727,0.5233915011015864,-0.03805291335955868,0.41284279943383606,0.0,0.5016197964477797,0.1641303413171319,0.43644073993757987,0.2992233589018932,0.32625662366041736,0.09417967858493159,0.1767857670895906
0.5438610711626537,0.9377463134571334,0.7530003707388309,0.9988893679263504,1.0494105178922553,1.1043586573235604,0.9251449731618089,0.47845788813924384,0.924898287611053,0.9718508098795162,0.8399885204612538,0.9915142920653734,1.0380862611554191,0.7733179893539908,0.5629885702275921,0.7139057009485952,1.0150066854700472,0.7749156194640796,0.9181388276384852,1.0271760337241902,0.5655005529638468,0.7234743911687884,0.4207032933582098,0.8075351408392977,1.0224091335541363,1.1597776414749983,0.7324201864660259,0.0,0.9035771897825909,0.9698462158061554,0.9953474578256778,0.6739852197028358,0.6572844882372925,0.7179756650943391,0.8229614304900321,1.0617606505785449,1.020076471951736,0.9062143657532682,-0.0002252397695142183,0.38944964387468417,0.12356891914313856,0.16788394918252536,0.2673577939102809,0.32640231764083844,0.6682680433954227,0.5965033023997987,0.3262239451656157,0.6276248753375446,0.0,0.6292729244471815,0.48094554210687185,0.38774517268444586,0.4960127359421897,0.6174643773544051,0.6450789415049438,0.5751187444602839,0.4738872350064111,0.4077967498672155,0.3944082781679368,0.6218498244748142,0.3512102186617347,0.20319946915848563,0.5721999489403291,0.701724773535099,0.7158451921798148,0.6925721695101594,0.24172547871270814,0.3813464659647902,0.5741770987509967,0.6093498924404688,0.4729454958716113,0.419411165552257,0.40246164177789456,0.34158217149966597,0.5583522892959311,0.6177828370127213
0.5361809988767209,1.1281712642400112,1.1825592357793882,0.6265174310562711,1.0295706686437058,1.0462290263115501,0.983221154462503,0.8026062204814786,1.0800539927198662,0.5872259065319674,0.7872662901604319,0.6659140078714464,1.0582435207735457,0.41189922418218494,0.6182542240263997,0.5916544926151435,0.4081109583575325,0.5694310639160951,1.1069475992685076,1.1112978768524617,0.5627281892040643,0.8824453046102667,0.8332327991588303,0.5869903225266945,0.9342164738853895,1.0590967844532349,0.9024838241029713,0.9035771897825909,0.0,1.121595483172189,1.1273060153798533,0.7602560519305797,0.7629859813514507,0.9473680455513281,0.6849726622138819,0.44153743125251366,0.7209875591487764,0.5708234649048194,0.34614239120705237,0.2781784090658887,-0.06725987281995238,0.0775571589784668,0.3021324440883069,0.534119777310748,0.6057052169248829,0.41687152715129655,0.43222161048868946,0.5880712594749651,0.4697314078916185,0.4313604085496531,0.5556288900615218,0.3504617472028818,0.746482416216101,0.537569155144947,0.651070615042963,0.4364531333014614,0.5818305707784832,0.47961976691440145,0.7615623914184103,0.4433735245474789,0.2794402701853297,0.48279633819025963,0.4195510481594915,0.5531372076002097,0.07900491877109983,0.5770702460463307,0.21094358569298194,0.5811678000210828,0.47572407183339865,0.46677532792306947,0.5228718219311852,0.5193925654996906,0.3496506169445315,0.4297103770175843,0.5363105259690195,0.11180843480426306
