0.0,0.027770932623935873,0.01806062001115255,0.0,0.07000818289382366,0.054888964899901194,0.08026143006221609,-0.018203677861516776,0.08956370974245226,0.04789900200046182,-0.0008902615044139028,-0.0029094984623357356,0.028162197518250387,0.00032547902706192566,-0.033656761641411403,-0.030108845321760724,-0.010951756980982164,-0.01641381424608307,0.0,-0.039266873895574705,-0.007592418448227056,-0.0127473407380152,-0.007580991007701099,0.01683266431287106,0.04476821549542587,0.06661931618929001,-0.0305090218893595,-0.0014931780464099154,-0.006755909007030714,0.0016014856414218737,0.07058277922100298,0.031955665306340975,0.03738047958816515,0.04999447602458468,0.013831354232551385,-0.10150247078149033,-0.001154325115206134,0.0029607843151361335,0.00519533125231425,0.006367486439677217,-0.07238769533633266,-0.003895441212566353,-6.4647703033604564e-06,0.0,-6.263996376565384e-05,-0.09496332769388965,-0.09413387787941602,0.0,0.0,0.0,0.002132872918522488,1.1102230246251565e-16,0.0023647494687879522,0.0,0.0040277133100302676,0.0,0.004215965089385765,0.0021274449433737463,0.0,0.0002728888916761485,-0.08395679355368868,-0.0013935541245760907,-0.046713534363702014,0.0,-0.07115695453149601,-0.014707727974911378,-0.07734597002024568,0.003474433461780224,0.003268977353287794,-0.08086911213912812,-0.054481010029332755,-0.0005169057251828146,0.0004912046192653841,-0.04025559324287514,0.0,-0.05993275410327631
0.027770932623935873,0.0,0.07759284950195577,9.292727873588813e-06,0.12147132953795009,0.10679573136017007,0.11060435041984051,-0.040165632546134755,0.13602286952179937,0.09552011445572767,0.07755904644396044,0.0008978333276670192,0.10649952112579236,0.0010487798926385183,-0.04915367168124052,0.013945452918365686,0.0034242924850853007,-0.015348674723153155,0.06269597396089438,0.07318447486858459,0.02455297931570022,0.07767013167918224,0.003532451732279618,0.07821648805209763,0.11195778743217166,0.12178501674512282,0.052313669707042876,0.051215986544170033,0.09655076608990898,9.055046786160537e-05,0.08464793682828425,0.07311478927258469,0.03668590575394687,0.06994032268636285,0.02446321241990157,-0.049337297299396954,0.04311031964074152,0.0,0.0004895347557023477,-0.042338529523606394,-0.04105671953602463,-0.023505311706221832,-0.012747168624473504,0.0,2.220446049250313e-16,-0.013059376328159122,-0.03635982642011287,-0.0006272867056288378,0.0,0.0,-0.02760710531100219,0.0010136773572486102,0.0031287651615188317,6.738003208611731e-05,0.00019062534370706263,0.0,-0.0001749080758998156,-0.007525878977673595,0.0,-0.03721913241150249,-0.04699489703064191,0.0018290554681006377,-0.0337379521779983,0.0,-0.053632442900120925,-0.0286822359371251,-0.05569241048516682,-0.002498899927427023,0.000752585429480257,-0.04057997130546165,-0.03687277894460922,-0.02423249381764947,-0.009729993440647622,-0.034066456293309844,-1.1102230246251565e-16,-0.032952413224639154
0.01806062001115255,0.07759284950195577,0.0,0.02030565937892498,0.05529467223464929,0.06776065669104697,0.0281066988565995,0.0484402517318549,0.09328285946281456,0.006937627993351236,0.023125308070083617,0.009259130123590198,0.026089192817468188,0.050555840479628356,0.01507009708755791,0.08186583675568126,0.002073625197073381,0.0014426700310009033,0.07524228702243185,0.047986749327878164,0.030730599224316424,0.029789304061039135,0.11449475786289409,0.024019208460041297,0.05234481492139276,0.021423282547804123,0.11623021520022292,0.014334322725748583,0.08783498271309209,-0.00716859935434655,0.002950205467362854,-0.0008943200388242256,-0.01584013637863879,0.0008879170128963665,-0.0013664146503363783,0.022677057798809575,0.008160028064944147,0.018235249187685876,-0.059032074239257604,1.3240131480074524e-07,-0.0871614009557557,-0.07286491090858166,0.012257483019973425,0.003182502823276867,0.0,0.0,-0.0010147810687471948,0.015241730117053653,-1.4520046902610773e-06,0.005641085854573458,-0.0009546619803183498,-0.012116727939344263,0.017189445250625823,0.01621088461294773,-0.0016974052499204584,-0.0865427592298122,4.85826834917269e-06,0.01574658756490488,0.022023914776176268,-0.008569066530759117,0.0,0.0,0.0,-0.018261034636081586,-0.035487277530334926,-0.024305494358691393,-0.008274721829992115,-0.017130234678883527,0.0,-9.988256884779778e-05,0.0016568590727303878,0.0051671852546010255,-0.04535704729521228,-0.034613183239905254,0.000138400865818622,0.007905356758485138
0.0,9.292727873588813e-06,0.02030565937892498,0.0,0.16277909562067078,0.033372799381726215,0.10915067525313865,0.030171188797412818,0.04444565908361886,0.053814546774736266,0.05374522637652546,0.06490436962668816,0.1115747238434408,0.1098285114891141,0.0010712906098581665,-0.001569462138436506,0.0009831409115618195,-6.611977815373926e-06,0.0566930905121551,-0.07141200245492163,-0.0011791659481676375,-0.08651497087363652,-0.005998495200672249,0.05527329067558551,2.31678365079091e-05,-0.050733545995190865,-0.006286241115632918,0.15001975305710824,0.01404869334875175,0.0021313065822012867,0.05603877417571862,0.01592531190260993,-0.001984676835312449,0.016594706765771017,0.08086392385567398,0.12630088057970157,0.11731624147271041,0.0012377819889126673,-0.0017732906673292859,-0.0003039808446451686,-0.0002843150492370383,-9.593927248452427e-05,5.015675604547187e-05,-0.0012250394929335662,0.0,0.0,0.0,0.0016017418893592983,0.0,0.0,-0.025547151597712536,2.220446049250313e-16,1.5132391679495427e-05,-7.084247648031505e-05,5.551115123125783e-17,8.112427468692784e-05,0.001330814426731386,-0.0365879542616549,0.0,0.0,0.0,0.0,0.0,0.0,0.0,0.0,1.334221814175418e-05,-0.028129798669496442,0.0,0.0,0.0,-0.03722801507816559,0.080038674229849,-0.05521281541691947,0.0,0.0
0.07000818289382366,0.12147132953795009,0.05529467223464929,0.16277909562067078,0.0,0.07458555149383045,0.11164350678680801,0.04071813064514335,0.1362967036610963,0.04489169954296007,0.12429244294407299,0.037146447130465,0.06980434418519432,0.1708187411430846,0.0012155127849786118,0.06309738096529316,0.0008534390133380088,0.05329777376325939,0.10721687124106138,0.08978893205737498,0.05002856174479514,0.0689813313068271,0.012817223319225246,0.059954975665076904,0.09617104860715958,0.061742958943411086,0.018777973405426085,0.07581336253932941,0.0742884082709036,0.03995038689316732,0.036524483902711735,0.11688501616619357,0.0443763330154644,0.05967113030394483,0.0747629381939579,0.174657973346901,0.13397551230356397,0.03240507365773465,-0.05388763022393139,0.023235973794745235,-0.044104295586306574,-0.01140559753909498,0.012708693690004158,-0.003716688076501884,5.832423104457085e-05,1.1102230246251565e-16,0.021593668699001478,0.006736485363603939,0.0,-0.0047501429091098,-0.03638002389772871,-0.04839295329451798,0.0018152124188669516,0.007177859399206676,5.551115123125783e-17,0.0007143835028086687,0.00021864637823981736,-0.024147921650960302,0.0006054730276395803,0.03509912919050251,-0.0027570191159543844,0.0,-5.551115123125783e-17,0.0022852626726310166,-0.001326118489209438,0.019180223070583147,0.02108020637423591,-0.036457264769343356,0.0,4.2449460109783566e-06,0.031047877975115212,-0.03800430141831024,-0.050248095955278904,-0.02390147135739712,1.1102230246251565e-16,-0.062255910233435685
0.054888964899901194,0.10679573136017007,0.06776065669104697,0.033372799381726215,0.07458555149383045,0.0,0.0493087984103775,0.049847139589551004,0.15986157411608365,0.031436552814534335,0.06416982282488853,0.016773190452987863,0.06711795408405263,0.014894556328166109,-0.0031608752895225245,0.06392601169605827,0.009951906655855991,0.0671234409824279,0.08933183071967093,0.08676116526138744,0.04969507307556076,0.06893979988006033,0.055507057330692666,0.033230535128007666,0.09523687086281912,0.00883898944332534,0.07440759384328349,0.08618000641202794,0.1439315824103874,0.033957546802900807,0.03387702378643115,0.032759095166330576,0.048075190439601234,0.043342480762258384,0.03193921597318555,0.01920678605460452,0.029803675140495867,0.014572488940926775,-0.04341223048194914,0.00022265574797974974,-0.0732946041252463,-0.06377648128973967,-0.026965720371870117,-0.06035695866440233,0.00027172722121754367,0.06089499665355358,0.019574442559479266,0.00642054177038498,-0.04998377521400821,-0.039692313103001364,-0.002374716998798765,-0.03502827970456324,0.030195516052967553,0.007063560103051758,0.002137181458144788,0.05509177957615791,0.0010809919960871883,-0.016228964169869742,-0.012550946283727715,-0.016820570026561454,0.009208896504894204,0.0,0.03390686821807176,0.0040809236786540914,-0.0235089730845765,0.02649923063816778,-0.022071796414077527,-0.01938401598855949,1.4030351408567121e-05,-0.0007229698195283518,0.012875898867388824,-0.020593205018018923,-0.04189209884655254,-0.01892367009738899,-0.0464964924414869,-0.06391825571140869
0.08026143006221609,0.11060435041984051,0.0281066988565995,0.10915067525313865,0.11164350678680801,0.0493087984103775,0.0,0.011450900504893002,0.07842249429060272,0.04769200733869294,0.05753156510454993,0.056062452000436636,0.06526121262838852,0.17408175680321591,0.0015475869884797322,0.04402577994795759,0.006750579804089218,0.025575004972941406,0.038127037842993095,0.07977004061686344,-0.00020341846504806638,0.07508280611048346,-0.03716942875632451,0.040621247412944594,0.05867660725291529,0.06747342068417911,0.012576790954974992,0.04993602076054421,0.05602840112694035,0.02813579090503454,0.04113024992121972,-0.0045585654830162525,0.08799807154906669,0.07575876051762498,0.09789173193779893,0.0458837989712268,0.12286071195524728,0.032473785995163984,-0.14902582432879646,0.000998121423314402,-0.12809062119470155,-0.10760171547017522,-0.0005465684573188745,0.005015694357142886,-3.846570530718907e-05,0.0,0.022402158615533463,0.0011640763932091458,0.0,0.0024704761222945626,0.011157952212498323,0.006320833563511097,0.007753843301959884,0.0009546484273972311,-1.909306653968823e-05,0.005707472825677962,0.00010799930288651893,0.0026807674789818825,-0.0026651390839345646,0.0016066158001431519,0.002536951707109991,0.0,9.582746760494754e-06,-0.0012673516389413164,-0.00042229667831705786,0.0010072870245058652,0.008213661762946023,0.012819740887230424,2.039779776952244e-05,-0.0005612199747135893,0.0016715865273141395,0.008606110498520392,0.0029472543155020237,-0.0035097691713536494,-0.0008323339169302724,0.0036604065419091336
-0.018203677861516776,-0.040165632546134755,0.0484402517318549,0.030171188797412818,0.04071813064514335,0.049847139589551004,0.011450900504893002,0.0,0.0382434146371341,-0.06112114090051962,0.12768118327400324,0.00018704938800634396,-0.02042343098036209,0.02584879446868421,-0.0029359619457466346,0.0025463682934706577,0.00017846160674878098,0.002730819409030083,0.1058360506149213,0.019752302381925435,0.006693869864432878,0.0042936694991921875,0.05236662987378188,-0.015720330436681806,0.0196454683994573,0.004451500299429589,0.01537358314194498,-0.013424788007579846,0.045992841439392695,-0.02176403680893213,-0.03552682382364569,0.014500644106192229,-0.08425689502936068,-0.033372331753519224,-0.013859781430661855,0.05953334186142245,0.037676688495655086,0.0021653050836704657,-0.04173934001539947,0.0017662359361937385,-0.08894391093252196,-0.11368751442912284,0.0036035277045929903,0.0017268231247115629,0.0,0.0031223989215184433,-0.010504096897930415,0.0035811198909235786,0.0,-0.06258756297127877,-0.040263124357182656,-0.05378984566764333,0.02858036223132654,-0.053745842747653316,1.0265828338240635e-05,0.03831885741875202,-1.6705431517716196e-05,-0.026124624419658737,0.019508653321317626,-0.03547010479758572,-0.03411422634192407,0.0,0.0007379055723476524,-0.1062684495211097,-0.06353636190801609,0.09985644657858006,-0.05714749866863822,-0.029093610906742673,-5.551115123125783e-17,0.0019870106407572363,0.002161299288487295,-0.0360461024611376,-0.04498992275978775,-0.03191729818707417,0.002127496113311367,0.007702635015931547
0.08956370974245226,0.13602286952179937,0.09328285946281456,0.04444565908361886,0.1362967036610963,0.15986157411608365,0.07842249429060272,0.0382434146371341,0.0,0.02981549998145555,0.14029738152552984,0.025268994820941915,0.08667236392411803,0.05580903439081464,0.05672303476967333,0.09663040673185203,0.002866800525606117,0.04828720387182789,0.17530631271425112,0.09521248234004925,0.0735721489036909,0.08278929925599476,0.06212677258120547,0.034530866367606994,0.0937637077458548,0.05342437656202853,0.10796777831229526,0.04768228555693432,0.11729114396976026,0.04701538667361199,0.040517182561924436,0.037140544941817566,0.02024957826863205,0.046414801490508695,0.050371397603584445,0.047197799104217564,0.03922871471196704,0.028799551345942254,-0.04273106291897816,0.0026612024328328543,-0.06383999943556401,-0.014681777095365112,-0.005322396753855985,-0.03285105644376385,-0.0001900556276692722,-5.551115123125783e-17,0.03197924494055887,-0.029842474944360986,6.975498615391373e-07,-0.014587005522149532,0.002456772939172569,-0.02342543055569224,0.0251271511052239,-0.017094173640143207,0.000538721441910528,0.05913193297460889,0.001790616362557118,0.0013095279089750944,0.013008273782359137,0.01755143737732212,0.020950876701948284,0.0,0.0,0.006529490150323669,-0.007374171065168134,-0.013326779173404524,0.018594581841441582,-0.026140045238610687,2.451517451984575e-06,-2.322102205531973e-05,0.043018474370246806,-0.0023835777130877256,-0.03810888677601837,-0.015491550230986695,-0.0007759029074889678,-0.08462109094547354
0.04789900200046182,0.09552011445572767,0.006937627993351236,0.053814546774736266,0.04489169954296007,0.031436552814534335,0.04769200733869294,-0.06112114090051962,0.02981549998145555,0.0,0.021321761240003623,0.09714784702941054,0.03385611122671417,0.03003891432278266,0.0022139990969620715,-0.003173459029683967,0.04411724928662353,0.012953520842264477,0.019140804567692016,0.005718981961147229,0.0019902576596259602,0.026367649412665117,-0.031195563037337948,0.08507579457267928,0.10755795835562043,0.1424926505939581,-0.018767232692880442,0.03657147933011379,0.013876513715368799,0.005823240908939542,0.06472183286561317,0.013852179981476032,0.05537841731498444,0.05616181646710178,0.03659644482536584,-0.004339190266359205,0.06836552603563817,0.07051098395030114,-0.11936809158215916,0.0024245867950984934,-0.03842033032665493,-0.08437529199746702,-0.07060237651957463,0.0008390856741584685,0.023363467086000678,0.00043015456392930806,-0.0013784913674689259,7.228180526930306e-05,3.960784745793422e-06,-0.0011746644117439642,-0.0470228530133433,0.004082687370258908,-2.2584174724782358e-07,0.00029954106105894995,0.0035407473625416186,-0.00022911106060163888,-0.024166183141057174,-0.11479609228993826,0.0,-0.00011624848234542684,0.0026896170873987324,0.005002461877358533,0.009371082959803378,-1.3019307016359782e-06,2.1153084012570655e-05,-0.0005009585512974479,0.0008066314425875243,0.00018007345554565957,-0.008293021108498666,-0.01166246868491888,0.019806824937427248,-0.0013127847070946164,-0.059631955156770944,-0.006879113374407275,-5.551115123125783e-17,0.002068271876005112
-0.0008902615044139028,0.07755904644396044,0.023125308070083617,0.05374522637652546,0.12429244294407299,0.06416982282488853,0.05753156510454993,0.12768118327400324,0.14029738152552984,0.021321761240003623,0.0,0.019455036379999235,0.04328715432305463,0.1330971574794424,0.0,0.00998797657687639,0.003497139152383033,-0.0004524619170769295,0.09090193300642896,-0.0058686356345695745,-0.04042722810729299,0.0108701177450779,0.028730501761816685,0.037284839613452136,0.03253105579796828,-0.037606436332162096,0.059598027516858554,0.045902864035889224,0.06592510592428519,0.02721375667099013,0.030151530408632665,0.056567289695287126,-0.05488464204278659,0.02278732955811269,0.03435496737025778,0.08361353680050948,0.026390630175748442,0.013319113152152173,0.004893851596629306,-0.0024329569950110597,-0.010873250360385112,-0.0068791595193650745,0.055554580282852206,0.0007242010762123496,0.0001706244910565924,0.0,1.1102230246251565e-16,0.008924409326641625,1.350720211235057e-07,0.04564718291767644,0.01025772328350566,0.013908939811223986,0.05618093043511291,-0.0004960500507651955,0.002282344866592456,0.026175719045682944,0.0018564280219676155,0.03545245814026676,0.04014977499955108,5.551115123125783e-17,0.0,0.0,0.0,0.10461118049155249,-0.036910290533139434,0.0,-0.020008139187800644,-0.0026555835904550906,5.551115123125783e-17,0.0,0.0006077044295985101,-0.0011645212357343504,0.002613446341885872,-0.017452479727593118,0.0,0.0016068162011125264
-0.0029094984623357356,0.0008978333276670192,0.009259130123590198,0.06490436962668816,0.037146447130465,0.016773190452987863,0.056062452000436636,0.00018704938800634396,0.025268994820941915,0.09714784702941054,0.019455036379999235,0.0,0.03528927101458029,0.00011797788009743071,-0.004089213157101035,0.017280266013483758,0.05048234087729542,0.026213586583120452,0.004177812306432327,0.016454162549988716,0.028869409033891902,0.0014741562476918713,-0.006269598259797338,0.10651240018449648,0.0585047071354709,0.18203540618469766,0.00019162273074241343,0.05547847030731734,0.010408937358821535,-0.0022030582565671364,0.03050521612639312,0.022759101976631724,0.05962742293837292,0.06118286832074704,0.02600338592121232,0.025189497823196627,0.0437475023022868,0.12743787473642104,-0.07174045547710436,-0.01630411849282576,-0.06653692941058437,-0.04937734105812447,0.0017309796608079853,-0.0011707677033476749,-0.03230651178159871,0.005914721759292141,-0.0005284099468359504,6.554439183892313e-05,-0.0008974803345979943,-0.002691223022578404,-0.0002849908635890186,5.5282184082849906e-05,-6.977336590424654e-05,5.518630662276758e-05,-0.02243336016715164,0.0007353532134807828,-0.06151252386184525,-0.07428242727309514,-2.350872606865506e-05,-4.1396331643128725e-06,-0.016719990090896752,-0.003919879393146308,0.0010851224082301658,0.0002580726747150597,-8.431558587845833e-05,-0.000982758494474767,-9.43502838874899e-05,-0.0027391144283793745,-0.036754140593075635,-0.011391702042152008,0.010865922432156838,-0.0016472401694300753,-0.07420563481835823,0.0014533196898564582,0.0,-0.020686573348388526
0.028162197518250387,0.10649952112579236,0.026089192817468188,0.1115747238434408,0.06980434418519432,0.06711795408405263,0.06526121262838852,-0.02042343098036209,0.08667236392411803,0.03385611122671417,0.04328715432305463,0.03528927101458029,0.0,0.12334381661624888,0.007946531055798622,0.04743540525845136,0.017618760697241387,0.01093831967621528,0.04124098635615914,0.06858359632039751,0.05833526215294699,0.03164733330749525,-0.009734748890824263,0.041397462387102735,0.04559973980030163,0.04923175485204678,0.016821649766454283,0.07584748305988026,0.06442255994037666,0.040004245356662915,0.02271565323432395,0.0009342604446012648,0.008769886331620902,0.05964060888807127,0.07123082205717268,0.09918250888377994,0.101752868935299,0.029330295034419973,-0.12023969815230151,0.0005693722087299347,-0.0862038094567219,-0.06691544787078013,-0.10448634141499097,-0.09485738305218094,0.0013363809339769217,0.0009573038505840126,0.021744690402309752,0.004721268059250439,0.0,-0.00015691100226555843,-0.04234406277095715,0.0040518863459354515,0.011531623449041517,0.00522882593965035,-7.390117561550946e-05,0.006019218394234749,0.0024247929331956963,-0.08521082450536366,-8.982695732073775e-05,0.0010081056684398404,0.002633800467448655,1.5980001352333684e-05,0.0006991223334224528,0.002989256365488524,0.0008031235743767295,0.001593234329344273,-0.002254549726159294,-0.03825724321606,0.00011737964251418154,0.0004521052553043692,0.004106340856014856,-0.05361517788129305,-0.13755924311019196,-0.053529163958628445,0.0020764445335370585,0.0020311719178787713
0.00032547902706192566,0.0010487798926385183,0.050555840479628356,0.1098285114891141,0.1708187411430846,0.014894556328166109,0.17408175680321591,0.02584879446868421,0.05580903439081464,0.03003891432278266,0.1330971574794424,0.00011797788009743071,0.12334381661624888,0.0,0.0006369697355156356,0.0016568064004804373,-1.8149757993690674e-05,-0.00024489977862302004,0.08763585654483735,-0.0011876633908238787,0.007828936824935684,0.0011902732454130427,0.03350154566617536,-0.0006271021193885451,0.0008115226061284342,0.004074082391771927,0.019336728560958194,0.06640086375672571,-0.0008978133073414551,0.0017414361337362294,-0.028242541375663677,0.028785042602906208,-0.00972628651252172,-0.10088700877208623,-0.056931071934298694,0.1166273332541751,0.12468995728714452,0.00014344663247972678,0.010084936739237271,0.0,-2.4883623037930125e-05,-0.0003675305943168228,0.01011648825281558,-3.888046450906124e-07,0.0,0.0,0.0,0.01168106600662977,0.0,0.006361559957724694,0.0021346483871034216,0.0039660867507325115,0.014211595565976898,0.005032453889172617,0.0,0.013437132082361192,-0.00038468698983668004,0.004151532135528879,0.004767664279366757,1.1102230246251565e-16,0.0,0.0,0.0,0.009226758092958587,0.0,-1.1102230246251565e-16,0.0,0.015430705332273753,0.0,0.0,5.551115123125783e-17,0.0021345819136535105,0.001908543215221381,1.1102230246251565e-16,0.0,5.551115123125783e-17
-0.033656761641411403,-0.04915367168124052,0.01507009708755791,0.0010712906098581665,0.0012155127849786118,-0.0031608752895225245,0.0015475869884797322,-0.0029359619457466346,0.05672303476967333,0.0022139990969620715,0.0,-0.004089213157101035,0.007946531055798622,0.0006369697355156356,0.0,0.002444403438160603,0.003549895687280591,0.005711064838909097,-1.1102230246251565e-16,0.04577546430831325,0.0037591763270011236,0.019597285560571553,0.038591452921941494,-0.026977137579398514,0.024064635043298754,-0.011308929580028493,0.011386461861677744,0.006495536023288839,0.0023659345899126882,0.004160175872630123,0.003497182239178831,-0.026345339906231946,-0.0517484820754755,-0.01817601081345177,-0.021481860656748508,-0.15790538789647834,6.7125471729379e-05,-0.00034746453044881553,-0.05653033482717723,-0.050563584342424694,-0.08852284354981965,-0.09307275635605711,0.0023186826083023138,0.0005067104473316375,0.0,-0.06010215392106383,-0.07180351148576508,-0.0014711849347094907,0.0,0.0,-0.03690519963642358,-0.00043409340902317295,0.018316591742386312,-0.0007302977956496481,-5.551115123125783e-17,0.0,9.992331543212662e-05,0.006954960523834763,-2.214175873982427e-06,-0.024051848817106647,-0.07583639591888724,6.186708835809185e-05,0.0007192766962456076,0.0,-0.04643519980054467,-0.03921842839115258,-0.06766716380378962,-0.013305946127770418,-1.6395140438885125e-05,0.006088141407950054,-0.07255624585431197,-0.03290873414052026,-0.05891541562928482,-0.05658848877760825,-0.049448608367184343,-0.0686765133309779
-0.030108845321760724,0.013945452918365686,0.08186583675568126,-0.001569462138436506,0.06309738096529316,0.06392601169605827,0.04402577994795759,0.0025463682934706577,0.09663040673185203,-0.003173459029683967,0.00998797657687639,0.017280266013483758,0.04743540525845136,0.0016568064004804373,0.002444403438160603,0.0,-0.04868801647163018,-0.035165967317320135,0.00040397253545354506,-0.07226681441131722,-0.03893930145010038,-0.020831122233014587,0.0020231910894952243,0.01260171370003027,0.002406857060706147,0.0016936992693146746,-0.02284430986507946,0.008612531738844242,-0.0034763962489011146,-0.004331721118382925,-0.027309557248440364,0.012398053693519484,-0.03754195199194493,-0.016354979968282835,-0.07530417139568107,0.0013515923678642516,0.0007806905649159201,4.3459631569542356e-05,-0.05888854370794627,-0.06179502405391524,-0.0670120633417719,-0.07384415925968818,2.887116401673051e-06,0.0,0.0,-0.07883726398560764,-0.07409916136412431,0.0,0.0,0.0,0.0016148177544857423,0.00039997623115617387,0.002292970881105416,0.0,-0.049922351788519614,0.0,0.0019392886541164112,0.0019051886652988181,0.0,-0.05968436797943438,-0.07227876272360623,0.002071587502477379,-0.030957272161539207,0.0,-0.09165723548215432,-0.06754386206987856,-0.08329380154836918,-0.03526612629335746,0.0019384436203110922,-0.0573049680165123,-0.053579175955740854,0.004664088165225566,0.0019224976884427702,-0.04799693250962739,-1.1102230246251565e-16,-0.060369986811764365
-0.010951756980982164,0.0034242924850853007,0.002073625197073381,0.0009831409115618195,0.0008534390133380088,0.009951906655855991,0.006750579804089218,0.00017846160674878098,0.002866800525606117,0.04411724928662353,0.003497139152383033,0.05048234087729542,0.017618760697241387,-1.8149757993690674e-05,0.003549895687280591,-0.04868801647163018,0.0,-0.019026907042140606,0.0013568464350465215,0.05004260461843241,0.0024363983589358873,0.010113649666115498,-0.0009090308333989938,0.016146027100269134,0.05589965951389875,0.08246006770069736,0.009637240365772126,0.029936903309541962,0.004109729727399758,0.001129745355292533,0.013858230054223153,0.020580351354914206,0.000639837339036442,0.05839794871368492,0.03570762784306264,0.0019094359969896169,-6.5148396558578625e-06,0.006136103899815393,0.00027050725592714375,-0.00822005724928504,-0.001585853738904186,-7.241001396257607e-05,-5.551115123125783e-17,0.0,-0.0037316099141236347,0.0004008550642376485,0.0019626752073023113,0.0,0.0,0.0,0.0,0.0,0.0,0.0,-0.014727908835917514,0.0,-0.022588217011352996,-0.0001384920667390488,0.0,-4.500744207719398e-05,0.003886719254041715,-0.0254227736607352,-0.014509663772296788,0.0,1.1102230246251565e-16,0.0,0.00047510276771278726,0.0,-0.042626738601454606,0.0015195998581581938,0.0087368439291991,0.0,0.00021103163041352735,1.7399404524887085e-05,0.0,-0.026841348984010416
-0.01641381424608307,-0.015348674723153155,0.0014426700310009033,-6.611977815373926e-06,0.05329777376325939,0.0671234409824279,0.025575004972941406,0.002730819409030083,0.04828720387182789,0.012953520842264477,-0.0004524619170769295,0.026213586583120452,0.01093831967621528,-0.00024489977862302004,0.005711064838909097,-0.035165967317320135,-0.019026907042140606,0.0,0.0008346248959098523,-0.03714208461235585,0.004041270228013094,-0.037098502452798277,0.004129299829831901,0.014089574985562014,0.02886224350431904,0.0558884767158489,-0.018066123972541703,0.01576758862822547,-9.864168868012335e-05,-0.002124882560586794,-0.0027003400435902103,0.0433502314658879,-0.013757369126090713,0.030528165989266498,-0.0006300639567480837,0.007239582809944467,3.4665269229405826e-05,0.009965699700641428,0.0030490422472982948,0.00035915503882189004,0.0036276021558243055,0.003294511586111548,0.0,0.0,-0.002841683767815406,-0.05627180646947855,-0.08144615078889783,0.0,0.0,0.0,0.001820892168417798,4.870455476879698e-05,0.002531632764889491,0.0,-0.014896333679070894,0.0,-0.016856710472320513,8.167948874815423e-06,0.0,0.0032531373509771533,-0.04143466831541709,-0.012983540524674986,-0.017278673241192033,0.0,0.00046709285634677356,0.0003589276337022662,-0.08081200560380869,0.0029839774292999555,-0.06013151031112296,-0.03449791030244692,-0.001036097765461541,0.0010774176074829223,0.00033868168265449583,0.003736999794341278,0.0,-0.028471436105643122
0.0,0.06269597396089438,0.07524228702243185,0.0566930905121551,0.10721687124106138,0.08933183071967093,0.038127037842993095,0.1058360506149213,0.17530631271425112,0.019140804567692016,0.09090193300642896,0.004177812306432327,0.04124098635615914,0.08763585654483735,-1.1102230246251565e-16,0.00040397253545354506,0.0013568464350465215,0.0008346248959098523,0.0,0.038578630721979645,0.04903972104913912,0.041960454933598346,0.11644529918957808,0.00217519221857565,0.0061796333345698895,0.0016050820723720327,0.09828359755565569,0.04791261163578403,0.061806732860378466,0.021320877905109115,0.033803133365286286,0.044388127022086665,0.0028939650715399945,0.03153998145846082,0.035556390842300944,0.062267909439092606,0.03074770469041721,0.02383724368264234,-0.03288197226441808,-1.2167508317229014e-05,-0.0758534134084316,0.0006206710371441382,0.049690462790679124,-0.0022547765389109298,-3.433989351209199e-07,0.0,0.0,-0.1402810657438816,-5.551115123125783e-17,0.012091938197747676,0.004796769244923782,-0.01037654489889328,0.04102758825925157,0.012700207456555423,0.00040350489393492506,-0.10589223193482589,0.00013993223781016972,0.011765377159849155,0.05105596868057832,2.220446049250313e-16,0.0,0.0,0.0,0.060465212526431444,1.4977516050451722e-05,0.0,0.011981278969208309,-0.006453147618424859,0.0,0.0,-5.551115123125783e-17,-0.0007194783827392248,-0.007279463673587228,-0.020612388770087364,5.163585910505919e-05,3.629166104923698e-05
-0.039266873895574705,0.07318447486858459,0.047986749327878164,-0.07141200245492163,0.08978893205737498,0.08676116526138744,0.07977004061686344,0.019752302381925435,0.09521248234004925,0.005718981961147229,-0.0058686356345695745,0.016454162549988716,0.06858359632039751,-0.0011876633908238787,0.04577546430831325,-0.07226681441131722,0.05004260461843241,-0.03714208461235585,0.038578630721979645,0.0,-0.005660224715485107,0.03413767637688919,0.09581859842776597,-0.022769007665492558,-0.0005597499903441383,-0.0009810934330132248,0.06204585536208329,0.04402056950447503,0.055953163763513336,0.0830718945743511,-0.0013685004183042193,0.003461168628879019,-0.02776520371557578,-0.01285005947648682,-0.018954572477283438,-0.11645349671005323,-0.05215847778488031,0.00031061314355096403,-0.03592173265890558,-0.0805632418844821,-0.11102128142561618,-0.0662690229538353,-0.052561701706767994,-0.0037154271176774722,0.00013582554071944752,-0.03402297687043582,-0.056086582303646215,-0.0009161100272414568,0.0,0.0,-0.03180225989878488,-0.0021000611605563324,0.008477608908633028,0.001600337038280053,2.4266721277421688e-05,1.1102230246251565e-16,0.0009791320484971444,-0.04273792766668305,-1.1102230246251565e-16,-0.031254560654353614,-0.08587209938268925,-4.592779102974287e-06,-0.05931995656033967,0.0,-0.05926323752200291,-0.024283838487571763,-0.07665931768739276,-0.025103802253239382,0.0,-0.05720291042850251,-0.055892871677867384,-0.04016322698940439,-0.0539311169814074,-0.051704162877669546,-0.07749502062937663,-0.08846770973965445
-0.007592418448227056,0.02455297931570022,0.030730599224316424,-0.0011791659481676375,0.05002856174479514,0.04969507307556076,-0.00020341846504806638,0.006693869864432878,0.0735721489036909,0.0019902576596259602,-0.04042722810729299,0.028869409033891902,0.05833526215294699,0.007828936824935684,0.0037591763270011236,-0.03893930145010038,0.0024363983589358873,0.004041270228013094,0.04903972104913912,-0.005660224715485107,0.0,-0.017609029877222404,-0.03390926991410209,-0.01782729878195982,0.0035602943137271192,0.008940956444958958,0.001097904388358495,0.005813250578547757,0.006322678169202012,0.0029814199211687376,0.005623134208072089,0.006343601864469028,-0.003916119726217526,-0.0026596691903802427,-0.01626249788447265,-0.09394253925788593,-0.0005805849714050626,0.0022354899889993063,-0.04966397581963339,0.009316637326924448,-0.06172383820817762,-0.0786026169442991,-0.11180417702606416,0.0,0.0,0.0074617166166405235,-0.04965620712656821,-0.00016539208547672324,0.0,0.0,-0.016564356532718094,0.0011908742175861242,0.022648016312792896,0.0005267191462617338,0.00039698009730271266,0.0,-7.912878042698468e-05,-0.04259672415424404,5.551115123125783e-17,-0.033465536809104135,-0.05627947645328585,0.0,-0.0006848177628500651,0.0,-0.05134111564422189,0.018273366322989038,-0.07215253580349806,-0.00894775411238058,0.0024383151861450125,0.0016291300773779716,-0.061140204341133875,-0.03975218188038587,-0.061289803134662035,-0.04600659752127251,0.003529633648333308,-0.06540140498142455
-0.0127473407380152,0.07767013167918224,0.029789304061039135,-0.08651497087363652,0.0689813313068271,0.06893979988006033,0.07508280611048346,0.0042936694991921875,0.08278929925599476,0.026367649412665117,0.0108701177450779,0.0014741562476918713,0.03164733330749525,0.0011902732454130427,0.019597285560571553,-0.020831122233014587,0.010113649666115498,-0.037098502452798277,0.041960454933598346,0.03413767637688919,-0.017609029877222404,0.0,0.021741428644334204,0.023668431967874937,0.04557066160255757,0.041939114155331525,0.031596729266371304,0.005897359212490683,0.040478985323186556,0.03747851335748559,-0.009899718458830087,0.021910029229427863,-0.04510346191023368,0.012326930889005827,0.020633631273774378,-0.1366152878037573,-0.04378067599982205,-0.00036456177010879554,-0.04904735288706902,-0.07857721811206653,-0.09050194831613584,-0.08528683790437552,-0.06722190534427641,-0.0004421622332444475,-2.4756964252525826e-06,-0.06198155781110537,-0.06702348210452896,-0.0021563891689839743,1.2175481670650967e-06,1.5194739265145252e-06,-0.019632981506153502,0.0025207539941630164,-0.00029565840859757664,-0.0010298748840819605,0.0012464896976000506,0.0,-0.0009041079644802608,-0.007558630273285405,0.0,-0.054676489855680965,-0.07514687709238804,-0.00011259000391899976,-0.030750673521079852,0.0,-0.07380405013921904,-0.05534012465439825,-0.0871598323187564,-0.014846630519794624,9.215984125282572e-05,-0.04911266672509612,-0.0678720033512038,-0.029036704582129202,-0.04522199506857272,-0.0486367203750277,0.0009359695794964318,-0.06727139036510338
-0.007580991007701099,0.003532451732279618,0.11449475786289409,-0.005998495200672249,0.012817223319225246,0.055507057330692666,-0.03716942875632451,0.05236662987378188,0.06212677258120547,-0.031195563037337948,0.028730501761816685,-0.006269598259797338,-0.009734748890824263,0.03350154566617536,0.038591452921941494,0.0020231910894952243,-0.0009090308333989938,0.004129299829831901,0.11644529918957808,0.09581859842776597,-0.03390926991410209,0.021741428644334204,0.0,-0.01041280092015806,0.017633358750687944,0.007803662745184958,0.05401658161417228,-0.018519852403757087,0.03323896126341608,-0.020926052021147834,-0.020165905145337892,-0.01845744189672094,-0.005598061462608828,-0.02151824702957733,-0.025158799902227025,-0.00848188142828632,-0.010201881568588922,-0.038756345946740545,-0.03906027019750408,0.0025349642894448854,-0.06568396746723976,-0.11115218379638692,-0.023287350664831785,-0.0644013676644482,0.0007463828503010417,0.0024907726663994656,-0.03675193991528786,-0.21614223142471767,-0.0004040257455780183,-0.046401139559336835,-0.017388188020418083,-0.04132730357147285,0.01327687490800955,-0.020850534112905827,-0.001027745546108072,-0.03243639458427372,0.0017318706695638175,-0.011090275443022934,-0.018508055622032282,-0.025724478076950275,-0.053392097477077516,1.1172443099893847e-05,0.00273696538461754,-0.2415644589453385,-0.033373401059951124,0.0033046041384456326,-0.05661053401808397,-0.018052283886870524,7.29368342358705e-05,0.00031572051536110646,-0.031649331195048036,-0.022563298548932298,-0.038079984081719864,-0.029891030034876365,-0.05619312359209466,-0.05255896043773639
0.01683266431287106,0.07821648805209763,0.024019208460041297,0.05527329067558551,0.059954975665076904,0.033230535128007666,0.040621247412944594,-0.015720330436681806,0.034530866367606994,0.08507579457267928,0.037284839613452136,0.10651240018449648,0.041397462387102735,-0.0006271021193885451,-0.026977137579398514,0.01260171370003027,0.016146027100269134,0.014089574985562014,0.00217519221857565,-0.022769007665492558,-0.01782729878195982,0.023668431967874937,-0.01041280092015806,0.0,0.07453740930076647,0.14843391286962604,-0.010473294350913709,0.034842485747548335,-0.008230119492891652,0.00019430425436001153,0.043744237175902256,0.11014235254070887,0.043278642735292805,0.09478308474652819,0.04276747241052947,0.04542191728129974,0.08173026951307244,0.11548715719693153,0.01651081719702646,-0.043640922548821404,-0.07655036621033673,0.01278868003118061,-0.00042419902664175835,0.00038261001286782337,-0.0015395386048797088,-0.050489625206184,-0.026105487671479022,0.0,-5.551115123125783e-17,-4.412910342804777e-05,-5.790872972577521e-05,-4.398841536085163e-05,-1.6653345369377348e-16,7.505569264393275e-05,-0.0167260669087419,5.863089668201038e-05,-0.05003777772061535,-0.0010774832038278337,0.0,-0.0005463383628347418,-0.03177099642098019,-0.04616991825565253,-0.050604104145301254,5.377686438878815e-06,-0.000631488533239799,-0.0014484918017649284,-0.009010657027864966,0.0004108277550022854,-0.06743066725326186,-0.05233053803256427,-0.0033393895352264447,-0.0006784723307193818,0.0037182593388032092,-0.03755544523312676,0.0,-0.0370702253365065
0.04476821549542587,0.11195778743217166,0.05234481492139276,2.31678365079091e-05,0.09617104860715958,0.09523687086281912,0.05867660725291529,0.0196454683994573,0.0937637077458548,0.10755795835562043,0.03253105579796828,0.0585047071354709,0.04559973980030163,0.0008115226061284342,0.024064635043298754,0.002406857060706147,0.05589965951389875,0.02886224350431904,0.0061796333345698895,-0.0005597499903441383,0.0035602943137271192,0.04557066160255757,0.017633358750687944,0.07453740930076647,0.0,0.13665292499225212,0.030952549542867636,0.04660800902396284,0.04812358769105324,-0.0008045533688336159,0.07994659478683708,0.10166517135542696,0.06996449093830232,0.09321749806818952,0.06282408680305596,0.011198316030558542,0.0274640807419832,0.05095154296275273,0.002332833494771147,-0.03267488174400973,-0.016566479434319825,0.00024643786657435607,-1.6855404164073384e-06,-5.551115123125783e-17,-0.009760389592011254,-0.00847338217005933,-0.054474833550622714,5.551115123125783e-17,0.0,2.220446049250313e-16,0.0028115494171059296,0.0016671374312164922,0.0034432058633046547,-0.0011497757160707778,0.001647482543414236,0.0004915391116416812,-0.009613925789997091,0.0008631984672719528,0.0,0.001806066020621,-0.019757127418775,0.0030019947085045406,0.003340345544970702,0.0,-0.032342285403245796,-0.05876248598646072,-0.043362071930197865,-0.00019689306875841917,-0.012613833871783497,-0.004895140670451548,0.030776907230641137,0.000869014616487418,0.0026758652223215496,-0.02009021584863313,0.0,-0.010930273966553383
0.06661931618929001,0.12178501674512282,0.021423282547804123,-0.050733545995190865,0.061742958943411086,0.00883898944332534,0.06747342068417911,0.004451500299429589,0.05342437656202853,0.1424926505939581,-0.037606436332162096,0.18203540618469766,0.04923175485204678,0.004074082391771927,-0.011308929580028493,0.0016936992693146746,0.08246006770069736,0.0558884767158489,0.0016050820723720327,-0.0009810934330132248,0.008940956444958958,0.041939114155331525,0.007803662745184958,0.14843391286962604,0.13665292499225212,0.0,-0.011350900014374055,0.058350001905711046,0.04196042358018498,0.10521149173716782,0.09866920233047066,0.01816655434189074,0.03763479702388045,0.0867447871828611,0.02091609034368308,0.002844267152892266,-0.027630037892420523,0.1006873238236069,-0.03324686962534834,-0.01631208760743552,-0.03265737988771222,-0.03588743344237322,0.000701519183486432,-9.496793738017484e-06,-0.011017866493625905,0.011068218993190493,-0.04422944788526134,-0.001032536747949786,0.0,-8.751848411536756e-07,-0.029403023188799393,0.0018947975162781905,-0.04500647228841226,-0.00011618384076556021,0.02175775629537191,0.0,0.013173140024691665,0.0032490192932471684,0.0,-0.06141153583911324,-0.026480625649438927,0.019504921700048694,0.015802699339223736,0.0,-0.06711346043794214,-0.035529714383514155,-0.06965709400329012,-0.027571773940316624,0.04160099620550295,0.0033957578575837255,0.0249766544221664,-0.046689971822810095,-0.0362193595811266,-0.048082302239923214,0.0007718395969429914,-0.00036602553107806246
