0.0,-0.03143562477616285,0.00147178487386318,0.0,-0.002683423870320556,-0.02594339512820948,0.014242407815481972,-0.010907068242417883,-0.014520831600833173,-0.03767778250607423,-0.0007660549129343552,-0.02580776182057959,-0.008381283115588778,0.00043610947748617956,-0.004975071579547741,-0.018167089468846875,-0.03846196809128827,-0.029889820139934964,0.0,-0.028176532723135805,-0.007932781496541808,-0.016827858436443743,-0.024353431994478647,-0.04208168514987387,-0.009043324816467413,-1.6138507139440428e-05,-0.027628388280818927,-0.013135892862792653,-0.02534648317639704,0.04974036666807097,-0.01359619664065509,0.02251528903240474,-0.055666794533671904,-0.0018263407121141273,0.019702419818594497,0.00119006266774907,-0.001172162111952535,0.0027878332699476926,-0.028158896828781088,-0.0786228745138971,-0.05346263516141314,-0.003883552535393131,-8.982319213812762e-06,0.0,-0.00017652058060307896,-0.09494292587460057,-0.06210445221807814,0.0,0.0,0.0,0.002038037161128381,1.1102230246251565e-16,0.0021963389017705115,0.0,-0.06937401442185476,0.0,0.003945548001569432,0.0020616837021424916,0.0,0.000284489277617872,-0.051330179467997894,-0.0014929733227936892,-0.05747276033663401,0.0,0.00018465876245105095,-0.010165172214208373,-0.025680350186694845,0.0032277436404659077,-0.12031590242440654,-0.055496162165722285,-0.04535669425457095,-0.0006887827355906428,0.0004971879280075142,0.0010575109759182744,0.0,-0.0520965551736971
-0.03143562477616285,0.0,-0.0024706389084082625,1.291155666954813e-05,-0.004255118395636859,-0.0044497854527196234,-0.0011509473752416843,-0.00200408492537002,-0.0018839673910311383,0.007899063377909743,-0.000713714599848092,0.008912394273300706,-0.007180333313147158,0.0010928959993430354,-0.01311986949092081,-0.011228189718759107,-0.013442427037501925,-0.017040397818696262,-0.002014526324549404,-0.027419050620048957,-0.024481554029078145,-0.011795018488027387,-0.01651741391210859,-0.0006452694434626594,-0.003529375255707179,-0.03452692640091737,-0.018625427722899712,-0.013098488877081815,-0.01902600382512315,-7.170215172969119e-05,-0.005412213293517709,0.039635493690318546,-0.007739321329500393,0.007786590865626053,0.0326655884334181,0.00379167403035241,-0.0009486311583362661,0.0,-0.01650584221476764,-0.05291197720371116,-0.03601622104220653,-0.025586117428865462,0.00018583951853617942,0.0,2.220446049250313e-16,-0.04698950243708999,-0.03548746663400276,-0.0006317846404813032,0.0,0.0,0.005622632247309578,0.0010462986353148018,0.003182829233591755,3.9674837639835925e-05,9.021861715646784e-05,0.0,-0.00023616807261678252,0.0023104784394493705,0.0,-0.046200696811355024,-0.03462323756823693,0.001727411514803101,-0.04182841853810465,0.0,0.006397353510014858,-0.003391483055112554,-0.017475701911292274,-0.03735749575918662,0.0007297530448109324,-0.045263959210161464,-0.03742907735884965,0.00376607746277291,-0.002165218707730787,-0.027745034728875573,-1.1102230246251565e-16,-0.03486495023232583
0.00147178487386318,-0.0024706389084082625,0.0,-0.06177419320037458,-0.07432837221637728,-0.03323282319626353,-0.056223482234479816,-0.0768271874277579,-0.055330576965566536,-0.07304862707145804,-0.06301945165476974,-0.052957710807178426,-0.05421441476254768,-0.04204863671101039,0.0012635417548539918,-0.0033662396954657337,0.002154276285939616,0.001362549631193144,-0.05302688778718251,-0.0013508330173014338,-0.009568441472950884,-0.001229453081149079,-0.03242369159201369,8.233811347069242e-06,-0.005123675958126683,-0.0014114334284406338,-0.0278501732445251,-0.06636079753559959,0.0057387772346902954,0.006102962358130182,-0.06615621239244285,-0.04892924477673044,0.0008118968622067291,-0.06402387675546178,-0.04881956783906094,-0.06092276440346012,-0.06357892244598806,-0.07726744983434558,-0.06125767821139383,1.8396181422630775e-07,0.00957835996087486,0.00017232364359992536,-0.018051681411701825,0.003120716169541904,0.0,0.0,-0.001018655264547308,-0.1358005246730558,-2.0174529048455625e-06,0.014872178059801344,-0.0705744694768694,-0.07567778375480233,-0.11275309295136127,-0.05059941115085964,-0.0016583248348252533,-0.16863394278968716,6.750203810967914e-06,0.010610011950761389,0.009273459298700937,0.0002145235051673744,0.0,0.0,0.0,-0.12918073392784915,0.001702410210381533,4.388510241648547e-06,0.00018890405270888255,-0.06291653002012554,0.0,-9.774418155095166e-05,0.0016360857814657348,-0.06704243899253248,0.0063007437992000925,0.005538529662408809,0.0001922977457683439,0.0077315242358784175
0.0,1.291155666954813e-05,-0.06177419320037458,0.0,-0.03334659515435348,-0.027478351711729743,-0.03218417440690097,0.01735787116144516,-0.05359802304904082,0.027818550369442113,-0.053413952148107624,-0.01976926187358491,-0.01245730292504349,0.02116474004893537,0.0009560233100114335,-0.0016061173888453073,0.0010375122494231115,-9.18685314177381e-06,-0.06125044410438685,0.005600126053443344,-0.001224432885255422,0.0014732223192754357,-0.042306291315029054,-0.044445835781730336,3.21899917926638e-05,-0.000989191638154585,-0.014935710427640858,-0.004026309219855861,-0.0275654102153709,0.03766755319510873,-0.03718010722253823,-0.010614450770279227,-0.05435759831057255,-0.02348923503344344,-0.05933814827228512,-0.005963040371996409,-0.0224074624458743,-0.025826681172960497,-0.0019949559724175003,-0.00024855966527415063,-0.0002598561223846052,-6.886455322202556e-05,0.00016759356768125677,-0.0012097079365912533,0.0,0.0,0.0,0.0016282758569349243,0.0,0.0,-0.00035635562152014355,2.220446049250313e-16,2.1025336733593303e-05,-9.843037072959637e-05,5.551115123125783e-17,9.02784844269422e-05,0.0013747877050674373,0.0008444968277159792,0.0,0.0,0.0,0.0,0.0,0.0,0.0,0.0,1.853802327772547e-05,-0.07622793973341835,0.0,0.0,0.0,-0.06895264644573273,-0.003792038838072609,0.0012302001451217626,0.0,0.0
-0.002683423870320556,-0.004255118395636859,-0.07432837221637728,-0.03334659515435348,0.0,-0.06275136506951245,-0.058667025583967025,-0.036439724635760395,-0.07693078924894187,-0.0680308856141093,-0.07478903696482608,-0.07034394619296946,-0.07211498104259956,-0.0374863388289961,0.001226805384702212,0.012305478718287022,0.0007527023321352022,0.004700150016080706,-0.07002864088139299,-0.035635220115761035,-0.021133538699898258,-0.022432792121625578,-0.05709360455950535,0.002629175037358822,0.024318097456758503,-0.00400440792385115,-0.05064863977001671,-0.05000144586411531,-0.037701956683496185,-0.0037522938187455335,-0.05717465100499752,0.002620056624398903,0.028103192565141266,-0.02693345157099286,0.035461366065630884,-0.04684887445182204,-0.07143572240554608,-0.07106716365045651,-0.05193926309883712,-0.0007042102184271481,-0.050781374170825844,-0.0011200476896679468,-0.0016264027670966907,-0.003775455958930307,8.10371964597989e-05,1.1102230246251565e-16,0.00022959256614002443,-0.14601394110649807,0.0,-0.058092974976888034,-0.11010746467471516,0.002216482434445055,0.001861087750932855,-0.10882015706478365,5.551115123125783e-17,-0.12374405957330753,0.0003037929380517723,-0.08301398573392155,0.00032846293318244957,-0.0007967433320956729,6.119683064903514e-05,0.0,-5.551115123125783e-17,0.002212193840779142,-0.0012857067097409303,-0.00043586503203024707,-0.0010180659778107337,-0.09103016278151305,0.0,5.898037877094531e-06,-0.0015602785641782857,-0.08889669112144405,-0.06997195553993663,0.0034317218559575258,1.1102230246251565e-16,0.0006810084830438656
-0.02594339512820948,-0.0044497854527196234,-0.03323282319626353,-0.027478351711729743,-0.06275136506951245,0.0,-0.04649001892542698,-0.05934875722912941,-0.034824569891599155,-0.031578136524474554,-0.057249301389405316,-0.042350996562982524,-0.049728500051433144,0.009507087399524938,-0.03691976450597867,0.009531570860277117,-0.02164404627060096,0.011219182227353741,-0.052623230915240404,-0.02444203405363299,-0.03222651577212249,-0.018013107668298944,-0.05643446370545663,-0.012996059826305584,0.02928811370486578,-0.010431691814774047,-0.06477848320674873,-0.0582992594706816,-0.03022960969961952,-0.039062298919301686,-0.026543954957359284,0.012440253486880937,-0.0031496984830071684,-0.007820838517259399,0.030952217716625374,-0.05508885422734677,-0.021819739944720695,-0.044962618616961825,-0.04733278505775351,-0.0164355416594949,-0.06657637156612406,-0.04472433428043121,-7.10247247372453e-05,0.002645562583451777,0.0002644943210625139,-0.019027541030506967,-0.027474113649566534,-0.0637066839590163,0.00115595246677197,-0.07954618688935072,-0.09963461934774459,-0.07958845665212594,-0.09257429144065715,-0.06792055625159454,0.0022332231814782277,-0.0702181689461549,0.0010236098128905136,-0.07661675206709095,0.0038460173378332407,-0.05524205058165538,-0.018940412760501457,0.0,-0.018927235179243496,-0.06530999025101863,-0.06367950117013177,-0.08117691875417704,-0.04207252518424076,-0.08286269760939763,1.9494133452480078e-05,-0.02408857737150366,-0.020915505198886075,-0.07824765618995089,-0.06469263176955453,-0.06443228121811911,0.003572415295741538,-0.07795924445575758
0.014242407815481972,-0.0011509473752416843,-0.056223482234479816,-0.03218417440690097,-0.058667025583967025,-0.04649001892542698,0.0,-0.02949011867165624,-0.05987666887571913,-0.02938445385363958,-0.0802710020756281,-0.03256303902157964,-0.017120167518075824,-0.06261811869502643,0.0014476901490531602,0.003938176995210263,0.005934729273937955,0.0007240208680466265,-0.07602791304812251,-0.026432994395289677,-0.025340349109231275,-0.024485212196979633,-0.03871414037482129,-0.03715207039128415,0.02702495989753717,0.009326845459770694,-0.03430472102631926,-0.010132858625335917,-0.03890631726863342,-0.007486521438288984,-0.010649663320686953,0.016515796141771066,0.023313811886891245,0.025422023714098407,0.09288946652805607,-0.09016496519117223,-0.04965793010399777,-0.023822537637637697,-0.034979935135613704,0.0009937868948583506,-0.027142721709440598,0.00033873402062617464,-0.0004527678247774891,0.005174874665924478,-5.3445246720185136e-05,0.0,0.0009954378714838175,-0.09227626379645093,0.0,0.0025737878258865754,-0.08991427293177534,-0.08625674457935012,-0.10274968652505123,0.0005871278185177742,-2.652840091488251e-05,-0.11198071348204086,0.0001500570272216506,-0.07535909051586509,-0.0025833986829569833,0.001641002826323179,0.000743221077691758,0.0,1.3314516418783118e-05,-0.001286836686343329,-0.0004187819389364633,-0.07226710285956045,-0.000996786482680978,-0.07810823554174184,2.8341228261286044e-05,-0.0005450545798940665,-0.015446012115766461,-0.07436016727561273,-0.05997980249788726,-0.0017733247364609128,-0.0008795342985454813,-0.06497134371879887
-0.010907068242417883,-0.00200408492537002,-0.0768271874277579,0.01735787116144516,-0.036439724635760395,-0.05934875722912941,-0.02949011867165624,0.0,-0.09391560966127854,-0.07524841116618364,-0.024401992519146987,-0.0002754646241715508,-0.0324050898014962,0.044264142969454856,-0.06051296633984499,-0.034887624257778416,0.00015119272566049835,0.0022446683434269588,-0.12040134571903227,-0.043392872928289083,-0.0392314782136321,-0.013924786270636313,-0.0719427585447448,-0.021212190107974427,0.0020332334762918625,-0.017424394797933285,-0.0698147867031717,-0.03431706348733227,-0.03275395884072857,-0.03851932051189649,-0.03974083566695996,0.0133402914785688,0.0014162306505808853,-0.03383118696253773,-0.006806829334388642,-0.019534071400411357,0.03293707767808346,0.00191944010393863,-0.028211806341554513,-0.06359473645763236,-0.061285425787294345,-0.055908243687693426,0.06429991496062915,0.001729090084622964,0.0,-0.17684891703679884,0.0001688759600359524,-0.027862283925044196,0.0,0.005321787831239266,-0.13028472260944063,-0.0928651532446691,-0.103120922363452,-0.055171115056416864,1.4263607645836895e-05,-0.15115124366454397,-2.3210959006259024e-05,-0.08638391880052282,0.01942982115455455,-0.07032234649299829,0.0002563784537008007,0.0,0.0007271149372403141,-0.2648978260650532,-0.07418837907375725,-0.21178957932524847,0.0017292762722236343,-0.13023404648849024,-5.551115123125783e-17,0.002006063749484588,-0.06013058788212022,-0.09627032249300055,-0.06526607344630825,-0.05456643333268818,0.0022211370664801944,-0.07663015787924066
-0.014520831600833173,-0.0018839673910311383,-0.055330576965566536,-0.05359802304904082,-0.07693078924894187,-0.034824569891599155,-0.05987666887571913,-0.09391560966127854,0.0,-0.06067063891655278,-0.054189857345565196,-0.07159882663165529,-0.043395977784487505,-0.05247178545400066,-0.018103120678238216,0.020336662036788133,0.0028338702458032827,-0.008751920940052227,-0.06400896623137317,-0.02839648711877868,-0.03036813993254439,-0.018017163546259596,-0.06838110692491112,-0.04827329132162467,0.02737623300230857,-0.023595599491704422,-0.030475091287527234,-0.061298175630907836,-0.0418061494034051,-0.0022522922984487548,-0.06779175346133653,-0.05554632083358241,-0.07132846883816213,-0.0640610054412794,-0.03315250442461831,-0.05019915612349729,-0.06465271997864414,-0.06706800834060267,-0.05905646484005184,0.002678246024078512,-0.05397240555085547,-0.007925561792449576,0.005725591534992802,-0.002721782621631974,-0.00019511491483126253,-5.551115123125783e-17,-0.00015435890387988094,-0.0676362098977652,9.69193835131943e-07,-0.06946869175966602,0.014016370806489875,-0.0954248496037382,-0.0717214408320812,-0.08622974937236949,0.0006075524372226582,-0.15464449267697578,0.0018071144870516753,-0.09686825935743026,0.0014124038233763736,-0.0010201667414785898,-0.0005962626371038282,0.0,0.0,-0.07125013379988981,0.0009135910768263145,-0.0007143959974551528,-0.029338100371218423,-0.08502566170801573,3.4062018105518455e-06,-3.2263889169104054e-05,-0.007528008908517014,-0.07572356280070525,-0.08393466874050454,-0.000567774446266267,-0.0007588308485821926,-0.08772372657742261
-0.03767778250607423,0.007899063377909743,-0.07304862707145804,0.027818550369442113,-0.0680308856141093,-0.031578136524474554,-0.02938445385363958,-0.07524841116618364,-0.06067063891655278,0.0,-0.08390917837210571,-0.025150371493334434,-0.04507816727347369,0.030590581552391194,0.0021233743494517565,-0.01973965735682104,-0.029409443717624384,-0.023002553089561506,-0.08521454652359822,-0.004697986477311122,0.001725922134245439,-0.013837249987409261,-0.031667428685156374,-0.04326358373248934,-0.034205764015064866,-0.020270110986472523,-0.04258343589791663,-0.060265427435646446,-0.019262723804869597,-0.0024126668640165327,-0.054651286492554185,-0.0520835401415754,-0.045309588569393267,-0.038238942001877774,-0.02617247686245977,-0.003796912822655818,0.004529744621473875,-0.030800935747235886,0.019619008926846704,-0.09492470756648846,-0.04137746158744132,-0.002511730778173016,-0.0006152331136804468,0.0009523818933109829,-0.0920368720470236,-0.052778851604635746,-0.0014501641018633826,0.00010043021140904163,5.503216859104043e-06,-0.0011802428654766328,0.00020280503007763517,0.004005340148212189,-3.1379037002121635e-07,0.0002749932288973467,-0.05335040408215913,-0.00015382253157886216,-0.06593780629529183,0.0007570355470140067,0.0,-0.00010530278686027295,0.00010835959721627875,-0.04253515477244868,-0.025997904974414676,-1.808936220037971e-06,2.9390642519555588e-05,-0.052360129424373736,0.0007658217870551987,0.00018118639479103305,-0.06457541348005047,-0.03468374442811639,-0.059406582397059815,-0.0012345555361450988,0.006339816983539637,0.0015754912816907662,-5.551115123125783e-17,-0.10027750235802696
-0.0007660549129343552,-0.000713714599848092,-0.06301945165476974,-0.053413952148107624,-0.07478903696482608,-0.057249301389405316,-0.0802710020756281,-0.024401992519146987,-0.054189857345565196,-0.08390917837210571,0.0,-0.07844825876819561,-0.07114611335925758,-0.01830945655106958,0.0,-0.0002141233154129285,0.0034180467798604064,0.00242577710820735,-0.05465961857120624,0.00012941139714389704,0.005877864691450019,-0.00015477672482955285,-0.028190897243939528,-0.09755775883042384,-0.0846282120919492,0.005554516572907453,-0.04237953181094711,-0.07231957493945751,0.0004974150876659866,-0.000861416843819629,-0.0831433613483753,-0.027419267761894628,0.0007568929507424937,-0.07543161000160992,-0.048282162932616,-0.054052681814206416,-0.05777814568694184,-0.07763782261590407,-0.03498263827810655,-0.002480543031220972,-0.0018267168803815514,0.0003196722537023855,-0.022295345077933904,0.0006880680641151993,0.00017948258068090084,0.0,1.1102230246251565e-16,-0.1622681386236206,1.8767256282359313e-07,-0.11650244172152291,-0.07728747500868421,-0.08771803669013717,-0.08007894240786878,-0.0645518695799569,0.0023436125211235836,-0.10687472142796592,0.0019812185020318673,-0.05101454747580497,0.005200401438689828,5.551115123125783e-17,0.0,0.0,0.0,-0.15957975848277667,0.0008209661943662239,0.0,0.00044700348214432584,-0.0907456651874109,5.551115123125783e-17,0.0,0.0006153868993168943,-0.05899061164608865,-0.056306914624961624,0.0004194129493385601,0.0,0.0015667656738309055
-0.02580776182057959,0.008912394273300706,-0.052957710807178426,-0.01976926187358491,-0.07034394619296946,-0.042350996562982524,-0.03256303902157964,-0.0002754646241715508,-0.07159882663165529,-0.025150371493334434,-0.07844825876819561,0.0,-0.05428184831162469,0.000216449046724021,-0.004091950863411409,-0.022303488609740074,-0.008755645205383245,-0.022815457090476055,-0.0841400260361323,0.018536548897657823,-0.011030932187820086,-0.004142171937758121,0.0015045392452845419,-0.015675446796270698,-0.01866610881308245,-0.013420046713176481,-0.031117981128444994,-0.06628780517528188,-0.027313247288884235,-0.0021823796334388135,-0.053712632069941924,-0.016556172116546475,-0.02697421931649724,-0.02284157993773539,-0.028534935641821524,-0.029504533997744664,-0.017064391477707053,-0.00873196235129467,0.04061109725790113,-0.07944662481399795,-0.03979126759352164,0.003272303837163204,-0.0012231064966952698,-0.0011307714200311514,-0.05847399169206785,-0.0965828494168825,-0.0005183304068014927,9.106907477662851e-05,-0.0009006886602032638,-0.002677646680648016,-0.00034295907330100794,0.00013755171120422016,-9.694492081901984e-05,7.667728303628607e-05,-0.0605299431450676,0.0007819925148681572,-0.05955881015376169,0.002395536887049299,-3.266363257303784e-05,-5.751713481660925e-06,0.0020552930901977517,-0.058084897391297685,-0.030375199016531518,0.00023413603182381726,-9.540364319671202e-05,-0.000957740880798974,-0.00013109272689060258,-0.0026435755815795714,-0.057607848021358043,-0.040561942342881796,-0.062400514290311015,-0.0015640388198239208,0.008197459886690128,0.0015616650151354938,0.0,-0.10518128516542391
-0.008381283115588778,-0.007180333313147158,-0.05421441476254768,-0.01245730292504349,-0.07211498104259956,-0.049728500051433144,-0.017120167518075824,-0.0324050898014962,-0.043395977784487505,-0.04507816727347369,-0.07114611335925758,-0.05428184831162469,0.0,-0.041335952148964794,-0.026226595448055612,-0.00811609965043747,-0.015724557698979236,-0.0020232302715463835,-0.07310475804384708,-0.04326936596023889,-0.022266197347387162,-0.03121190393369888,-0.04548034576408877,-0.0380032448859845,0.018866274931552462,-0.001482881959920912,-0.041638834382607626,-0.02228718331637347,-0.04721611830453898,-0.06107027662160519,-0.03252327666939897,0.010210857900933179,-0.004985027061391867,0.002045960858872098,0.08658328350795857,-0.022604130738712036,-0.004764548175209438,-0.02748838460313191,-0.016409290486048222,0.0007722603622395963,-0.0040012395754486785,0.01773349547288583,0.005075950478206637,-0.0034384315401652654,0.0013834462367540712,0.000963996438972714,0.000610253363450608,-0.14522175342000881,0.0,-7.375959391542342e-05,-0.08741745035972126,-0.08032747241447413,-0.0861756623499711,-0.07983868323132215,-0.0001042902699307513,-0.10482470908847735,0.0025103711543339458,-0.0690593781279753,2.397692625388803e-06,-0.05450004479021553,0.0023730305600141444,2.2203027555178778e-05,0.0006870068055058742,0.003140161897726812,0.0006604361951810245,-0.08600942866362882,-0.03756029334748978,-0.0730898737508508,3.3278230893107885e-05,-0.017860697286505967,-0.03258089454059526,-0.06825114139827154,-0.05579983661840199,0.004160680410607576,0.0020216748852099897,-0.058967667266858925
0.00043610947748617956,0.0010928959993430354,-0.04204863671101039,0.02116474004893537,-0.0374863388289961,0.009507087399524938,-0.06261811869502643,0.044264142969454856,-0.05247178545400066,0.030590581552391194,-0.01830945655106958,0.000216449046724021,-0.041335952148964794,0.0,0.0005756774360561878,0.0016684056910351575,-2.521774360147999e-05,-0.00024358438416588468,-0.06193687902695083,-0.0012047944531403676,0.007893185974836792,0.0011875147160845811,-0.010860906749470711,-0.00047454931348123175,0.0007912204745194051,0.004144898097339644,-0.001394228298878808,-0.033122238344897276,-0.0010034448463880907,0.0017698652211095012,-0.11266590321925213,0.060287598701950273,-0.009936335336205138,0.010906916527463839,0.009892469902489376,-0.01737325653992247,-0.018256395839207185,0.00019946657197428275,0.010059278415872397,0.0,-3.457395001427166e-05,-0.0003624664041456671,0.009793517786487238,-5.402152389311077e-07,0.0,0.0,0.0,-0.07628478894429774,0.0,0.006329206014780653,0.0021137885059887007,0.0038925490631800397,-0.03330659676033276,0.004420513869633547,0.0,0.012952045871267026,-0.0003894395467312628,0.004137847204001732,0.004706073869048699,1.1102230246251565e-16,0.0,0.0,0.0,-0.03443065582318472,0.0,-1.1102230246251565e-16,0.0,-0.09967543816794017,0.0,0.0,5.551115123125783e-17,-0.03945470445055538,0.0019348057151514775,1.1102230246251565e-16,0.0,5.551115123125783e-17
-0.004975071579547741,-0.01311986949092081,0.0012635417548539918,0.0009560233100114335,0.001226805384702212,-0.03691976450597867,0.0014476901490531602,-0.06051296633984499,-0.018103120678238216,0.0021233743494517565,0.0,-0.004091950863411409,-0.026226595448055612,0.0005756774360561878,0.0,-0.011878832624356295,0.0033637005071014414,0.005407143560523409,-1.1102230246251565e-16,-0.05255392493515415,-0.02160278768004259,-0.05328146843716658,-0.05719166621050248,-0.02603796323334079,-0.0010775506607513252,-0.04139292253878568,-0.050790186513415714,-0.018634207606817887,-0.007628179814632707,0.004006638165833409,0.004275794049020287,0.033108525499415786,-0.00489925750449649,0.016011885242911306,0.03757707928151066,0.010121382680050972,6.478020175015864e-05,-0.00035000212462121816,-0.01774359366706374,-0.04667063502563917,-0.025265612583977026,-0.0230828323545334,0.03809302902812062,0.0004844019467143412,0.0,0.002982664730061757,-0.041412445940277265,-0.0014909688823576683,0.0,0.0,-0.09328962131320179,-0.0003877038734782512,-0.07446483416700805,-0.0007185057592151156,-5.551115123125783e-17,0.0,0.00013883604118836157,0.0068352221179584505,-3.0764332780153225e-06,-0.1860713531550902,-0.041214907834555115,8.595973412545144e-05,0.0005939809352016878,0.0,-0.19624577228145268,-0.03312622966006806,-0.15696702440783794,-0.07504943551657356,-2.2779832548724954e-05,-0.0650092850601906,-0.09516424068102886,-0.14371420505104915,-0.041714434145482315,-0.04025803484635865,0.005303918511689376,-0.025889992987416788
-0.018167089468846875,-0.011228189718759107,-0.0033662396954657337,-0.0016061173888453073,0.012305478718287022,0.009531570860277117,0.003938176995210263,-0.034887624257778416,0.020336662036788133,-0.01973965735682104,-0.0002141233154129285,-0.022303488609740074,-0.00811609965043747,0.0016684056910351575,-0.011878832624356295,0.0,-0.03475776761900501,-0.033422454123278156,0.00040543391318675903,-0.037602640447290114,-0.019283679588729452,-0.038293512726219725,-0.020823727947010984,-0.029488184958311958,-0.013432514235519388,-0.008196700115819189,-0.02638823461806622,-0.00827072880854901,-0.026969711031203547,-0.028765463395407143,-0.0382511677327842,0.02055840769559919,-0.03170575713602025,-0.02700794721437577,0.002386960243049796,0.0014620718026013835,0.0008065105236507164,6.0383937147467925e-05,-0.020541983722957013,-0.05063075582228077,-0.0417065965098925,-0.056071001925445896,4.011434267592318e-06,0.0,0.0,-0.05332809899820384,-0.040581265774581377,0.0,0.0,0.0,0.0015249979665951097,0.0003987559221211301,0.002243632047934152,0.0,-0.024449713339740387,0.0,-0.05236712120684289,0.00184307569039871,0.0,0.006230915944917259,-0.034491466640233004,-0.03203528302357639,-0.04110292223126222,0.0,0.003078231272057641,0.010097597493097077,-0.03468164654643224,0.006085672308538459,-0.06712591961275072,-0.03836635054161025,-0.04962562183394342,0.004389938117564607,0.0017967736741743567,0.0015095782886812015,-1.1102230246251565e-16,-0.03823829033098003
-0.03846196809128827,-0.013442427037501925,0.002154276285939616,0.0010375122494231115,0.0007527023321352022,-0.02164404627060096,0.005934729273937955,0.00015119272566049835,0.0028338702458032827,-0.029409443717624384,0.0034180467798604064,-0.008755645205383245,-0.015724557698979236,-2.521774360147999e-05,0.0033637005071014414,-0.03475776761900501,0.0,-0.005426655296849436,0.001481548250274023,-0.015537065272155037,0.002591017780713689,-0.013339613909819803,-0.0009016225337243333,-0.01637656600123083,-0.03843971588201417,-0.02438414390000604,-0.03350628441952974,-0.02959483952490649,-0.012741884535311221,-0.0013110827385263146,-0.050276021439471796,-0.015189484262162711,-0.05198889607767765,-0.028679051102961317,-0.0012980723091218782,0.001743271009830294,-9.051886868283177e-06,-0.04338657285059494,-0.024596601959865183,-0.030665619137120237,-0.03572277522513273,-0.00011150626489847548,-5.551115123125783e-17,0.0,-0.0036883230953423385,-0.049188596416183894,0.00191135533435155,0.0,0.0,0.0,0.0,0.0,0.0,0.0,-0.04458598200755831,0.0,-0.05250185511793065,-0.00017589035034265565,0.0,-6.25345051351589e-05,0.0037131446659641187,-0.030341535023243216,-0.018070194739639833,0.0,1.1102230246251565e-16,0.0,0.0005105314870366695,0.0,-0.04871095848623269,-0.02452770002052229,-0.04492680550763828,0.0,0.00026580861182623483,2.4175183067409733e-05,0.0,-0.03479955687644676
-0.029889820139934964,-0.017040397818696262,0.001362549631193144,-9.18685314177381e-06,0.004700150016080706,0.011219182227353741,0.0007240208680466265,0.0022446683434269588,-0.008751920940052227,-0.023002553089561506,0.00242577710820735,-0.022815457090476055,-0.0020232302715463835,-0.00024358438416588468,0.005407143560523409,-0.033422454123278156,-0.005426655296849436,0.0,0.0007904796716293738,-0.012316978946723733,0.027117418544730376,-0.02042459941822561,-0.01757047486638491,-0.028417760531139813,-0.03172055286361625,-0.02999807658235093,-0.016373237083659287,-0.015611894602010845,-0.009616675659200213,-0.0023017400723098214,-0.03583106152478899,-0.01446121406496903,-0.044915699750195215,-0.028017294324805653,-0.019003926484512768,0.007398035220518795,4.8164822451346456e-05,-0.025014909657006812,-0.0272669388232592,-0.043559598345350004,-0.03677324539069071,-0.04164916956828635,0.0,0.0,-0.002900070932919052,-0.06691703911439179,-0.04335896323552363,0.0,0.0,0.0,0.0018002775313690766,6.767136921648209e-05,0.002560841695177507,0.0,-0.04006721575280442,0.0,-0.04441604563041618,3.9316226343621974e-05,0.0,0.003275515542535079,-0.0389414180283274,-0.039150192176604426,-0.03670298852320808,0.0,0.00031407670476135685,-0.058145612632186705,0.008798270339791248,-0.04576896373462652,-0.06556111473599857,-0.03647227281291343,-0.04518788426820508,0.0009964087593212212,0.0002763970248548797,0.003572876223033594,0.0,-0.042528757910433534
0.0,-0.002014526324549404,-0.05302688778718251,-0.06125044410438685,-0.07002864088139299,-0.052623230915240404,-0.07602791304812251,-0.12040134571903227,-0.06400896623137317,-0.08521454652359822,-0.05465961857120624,-0.0841400260361323,-0.07310475804384708,-0.06193687902695083,-1.1102230246251565e-16,0.00040543391318675903,0.001481548250274023,0.0007904796716293738,0.0,-0.0008741160884532806,-0.0010061531032469206,-0.0017709567730284093,-0.07670644751379727,0.0021742963934619497,0.00045796614002008296,0.0016067016469472062,-0.032162877218761876,-0.07456120804591437,0.002505854598686297,0.0009954733228765833,-0.08476654796817579,-0.06156225611195715,0.0038462119591700095,-0.0803645826726751,-0.06769977572671554,-0.08902610471101946,-0.07279765624350387,-0.07958926310227721,0.007378730174334769,-1.6905851037751773e-05,-0.00277110494902183,0.0007020466722829632,-0.10315410473992848,-0.002229248470506151,-4.771273700576728e-07,0.0,0.0,-0.22766847295338477,-5.551115123125783e-17,-0.13088744488657217,0.005486920621673552,-0.10187123933382924,-0.10468790013628643,-0.10308293783840228,0.00040833773559523223,-0.2142149034174498,0.00019442547365627894,-0.1057101107918062,-0.000738642594555583,2.220446049250313e-16,0.0,0.0,0.0,-0.3485581222262733,2.08101485252854e-05,0.0,-0.0002622795853752802,-0.09927996872294409,0.0,0.0,-5.551115123125783e-17,-0.050624452699161826,-0.07014797388975186,0.0014224564651681426,7.174419934430354e-05,-1.6920225918148901e-06
-0.028176532723135805,-0.027419050620048957,-0.0013508330173014338,0.005600126053443344,-0.035635220115761035,-0.02444203405363299,-0.026432994395289677,-0.043392872928289083,-0.02839648711877868,-0.004697986477311122,0.00012941139714389704,0.018536548897657823,-0.04326936596023889,-0.0012047944531403676,-0.05255392493515415,-0.037602640447290114,-0.015537065272155037,-0.012316978946723733,-0.0008741160884532806,0.0,-0.023808073223305692,-0.02230591785501501,-0.059987456812885365,-0.012365558430919688,-0.007455720000503374,-0.02401551035135635,-0.017295524188423506,-0.051278890430845436,-0.023797099750441253,-0.08815669119764513,-0.02810433507890686,0.04294065614772202,0.009364882683418674,-0.0137351332628734,0.028227692252541237,0.005996133710283291,0.0772208141564093,-0.0038157235986670535,-0.02202892826768943,-0.032405256095567325,-0.03291824131865678,-0.03371451806092829,-0.002237310278299598,-0.003655535173346325,0.0001387641876516299,-0.008586855053596076,-0.032650740131448475,-0.0008565943802581466,0.0,0.0,-0.08610616947652133,-0.0021733581400371627,-0.07378346397355295,0.0016016063414088233,3.3716810738382286e-05,1.1102230246251565e-16,0.0010510155629024909,0.0015671597318961394,-1.1102230246251565e-16,-0.04888468158125092,-0.043040829096878286,-6.381326179472069e-06,-0.05256193428111733,0.0,-0.05025670032281654,-0.04873605444395568,-0.02357507524636354,-0.07386550378415141,0.0,-0.030065480086723606,-0.02569667873423792,0.007699905994458023,-0.06051996546191157,-0.05060718088445959,0.0022378778916918862,-0.04500522182417105
-0.007932781496541808,-0.024481554029078145,-0.009568441472950884,-0.001224432885255422,-0.021133538699898258,-0.03222651577212249,-0.025340349109231275,-0.0392314782136321,-0.03036813993254439,0.001725922134245439,0.005877864691450019,-0.011030932187820086,-0.022266197347387162,0.007893185974836792,-0.02160278768004259,-0.019283679588729452,0.002591017780713689,0.027117418544730376,-0.0010061531032469206,-0.023808073223305692,0.0,-0.0283464614590328,-0.04667920395904179,-0.03723129532064806,-0.009433197013727246,-0.018432923257361122,-0.03182044812722512,-0.02182672239822342,-0.0006276791706167906,-0.01109414278148968,0.010437264978696459,0.03394732489871777,-0.023213379762048236,0.013277675249851628,0.04020014073960371,0.011630781035215587,-0.035807230868102446,-0.010865244949065156,-0.0032825607857873695,-0.029670056004351575,-0.03459644008528112,-0.028263859964182125,0.015950513197689475,0.0,0.0,0.013070097337453845,-0.03340867956897409,-0.00013671248552182824,0.0,0.0,-0.09709645505747228,-0.05400105059134158,-0.14976433249776014,0.0006566568554627894,0.0003841023179523839,0.0,-0.00010994357594162896,0.0032242706961452816,5.551115123125783e-17,-0.03970670597843484,-0.038901105961993976,0.0,-0.0007432111360803906,0.0,-0.049342124514351327,-0.14775550686883632,-0.03788201963780563,-0.10887142220921808,0.0024291110117974357,-0.04807692983092632,-0.007422636909615921,-0.08880507063766258,-0.0523573057879555,-0.0702793747791765,0.003506884526399634,-0.04133541732869184
-0.016827858436443743,-0.011795018488027387,-0.001229453081149079,0.0014732223192754357,-0.022432792121625578,-0.018013107668298944,-0.024485212196979633,-0.013924786270636313,-0.018017163546259596,-0.013837249987409261,-0.00015477672482955285,-0.004142171937758121,-0.03121190393369888,0.0011875147160845811,-0.05328146843716658,-0.038293512726219725,-0.013339613909819803,-0.02042459941822561,-0.0017709567730284093,-0.02230591785501501,-0.0283464614590328,0.0,-0.03424591344241884,0.00568321638450725,-0.009689697913638828,-0.020972370904943527,-0.02234098426115272,-0.04426333746322353,-0.0434139639456792,-0.04800381155677802,-0.023664485694899928,0.048211392264088215,0.020491080483712343,0.0029793441466390846,0.04321698462528506,0.03182900686696455,0.05315433004343645,-0.09583534881567357,-0.000820820350745044,-0.021846682658855254,-0.014200628091598444,-0.012963022979837091,0.012670526063235266,-0.00042957942623117473,-3.4397967018651165e-06,-0.003594404186840261,-0.016896318191531312,-0.0021833097986501127,1.6916929422294835e-06,2.1111964083053714e-06,-0.04407719232701851,0.0026021231489993246,-0.056616113284503444,-0.001091447665444223,0.0013313833379816065,0.0,-0.0008693797660093705,-0.01539884179479939,0.0,-0.03589683315671377,-0.017225139238275067,-0.00012819989472778737,-0.037185956408684606,0.0,-0.04167253556876932,-0.026162850899816126,-0.022338356642091217,-0.0635250944064013,0.0001280492691896895,-0.02466465740251078,-0.017022268757828807,-0.039321133595007995,0.001029683275297566,-0.028814016305487467,0.0009235723851909183,-0.015645051704001933
-0.024353431994478647,-0.01651741391210859,-0.03242369159201369,-0.042306291315029054,-0.05709360455950535,-0.05643446370545663,-0.03871414037482129,-0.0719427585447448,-0.06838110692491112,-0.031667428685156374,-0.028190897243939528,0.0015045392452845419,-0.04548034576408877,-0.010860906749470711,-0.05719166621050248,-0.020823727947010984,-0.0009016225337243333,-0.01757047486638491,-0.07670644751379727,-0.059987456812885365,-0.04667920395904179,-0.03424591344241884,0.0,-0.03162150826742566,-0.004064329347416018,-0.026316063991643268,-0.054044689895107134,-0.0479530240659069,-0.031861293981224115,-0.052733847369723086,-0.04279913784365125,-0.014949761008984985,-0.02419893376569693,-0.03864542143762789,-0.017473118776250574,-0.04709451860134284,-0.0356805082301585,0.048973374606688436,-0.05929064142913315,-0.06408311181975562,-0.07456248128666843,-0.06807388505579975,0.010116587114396836,-0.00011574101454048247,0.000812051170789474,-0.08014914062935485,-0.06483427045053408,-0.19068488228659336,-0.0004711556678216877,-0.1037133697738638,-0.11321579790796132,-0.0765486570296246,-0.07874517366274347,-0.11698753859871797,-0.0010022639776767206,-0.19267570606242346,0.0016912441654035604,-0.07990389163699912,0.017015130479912766,-0.06691421555736654,-0.05626334948028411,1.5523281665374977e-05,0.0026389539373743998,-0.2888557530286921,-0.07819517755760119,-0.12459902201928574,-0.052932992490051844,-0.10406309092682892,0.00010134032561198714,-0.04710876264367153,-0.053457372467403674,-0.0830039734791505,-0.07484278292820667,-0.07971660204891629,0.009544729431520516,-0.08500034143232399
-0.04208168514987387,-0.0006452694434626594,8.233811347069242e-06,-0.044445835781730336,0.002629175037358822,-0.012996059826305584,-0.03715207039128415,-0.021212190107974427,-0.04827329132162467,-0.04326358373248934,-0.09755775883042384,-0.015675446796270698,-0.0380032448859845,-0.00047454931348123175,-0.02603796323334079,-0.029488184958311958,-0.01637656600123083,-0.028417760531139813,0.0021742963934619497,-0.012365558430919688,-0.03723129532064806,0.00568321638450725,-0.03162150826742566,0.0,-0.028608378509978438,-0.029511907476611088,-0.04342925429898925,-0.07573015733239724,-0.014500516964732979,0.00020598516580894177,-0.05443018677703537,-0.021784924526395077,-0.03472869362724418,-0.02399427744089022,-0.010098466603661094,0.00553730136923275,-0.032890152135099604,-0.01468758106244919,0.010218298501166623,-0.04901379513217835,0.01816961891562746,0.012694000731804378,-0.0004548803736875717,0.0004086711983308233,-0.001457929444765027,-0.056454602528991704,0.0015001619108462871,0.0,-5.551115123125783e-17,-6.131411867843495e-05,-8.045988817134697e-05,-6.111864303581793e-05,-1.6653345369377348e-16,0.00010428432233527962,-0.05250818384641254,8.146328563518601e-05,-0.060527809389289644,-0.001217681121630232,0.0,-0.0006420975259583961,0.0019105953541464493,-0.04012604416808352,-0.040461590216747556,7.471896750932405e-06,-0.0006907511347157835,-0.001542895301847036,-0.0008424725504856956,0.0004015795497662733,-0.06702497016882286,-0.044616436180681895,-0.05004998241722264,-0.0007379473834998596,0.00368748253558282,0.00236351323279832,0.0,0.0023559792294880477
-0.009043324816467413,-0.003529375255707179,-0.005123675958126683,3.21899917926638e-05,0.024318097456758503,0.02928811370486578,0.02702495989753717,0.0020332334762918625,0.02737623300230857,-0.034205764015064866,-0.0846282120919492,-0.01866610881308245,0.018866274931552462,0.0007912204745194051,-0.0010775506607513252,-0.013432514235519388,-0.03843971588201417,-0.03172055286361625,0.00045796614002008296,-0.007455720000503374,-0.009433197013727246,-0.009689697913638828,-0.004064329347416018,-0.028608378509978438,0.0,-0.03527055785015948,-0.0038385614888701847,0.01317214351144741,0.01471268410270865,-0.0008745971407487785,-0.030392527176596795,-0.016646512944064884,-0.03661370793317986,-0.024447490327549837,-0.021976800872423374,0.004042581545735835,-0.0006025866184706241,-0.02340868129321927,-0.022368677381030877,-0.03675312938337827,-0.029915601103641054,-0.0434815585723321,-2.3419334883589826e-06,-5.551115123125783e-17,-0.009854133589011771,-0.06018088963779222,-0.036646087851127385,5.551115123125783e-17,0.0,2.220446049250313e-16,0.0027417660159318458,0.001676863010444618,-0.045687499357536465,-0.0011443047933223371,-0.04934071190946582,0.00048044912772654547,-0.05760770421369521,0.000686640425692997,0.0,0.0016398797119375197,-0.03001714889313073,-0.03763797870604141,-0.034825935173277034,0.0,0.004186127760482883,-0.03503660480898935,-0.032348323190804495,-0.02844196914760949,-0.07179272261249714,-0.0350669267143357,-0.04595536725113891,0.0007020113743211875,0.0026541638901740328,-0.018781183178348593,0.0,-0.03906758414312944
-1.6138507139440428e-05,-0.03452692640091737,-0.0014114334284406338,-0.000989191638154585,-0.00400440792385115,-0.010431691814774047,0.009326845459770694,-0.017424394797933285,-0.023595599491704422,-0.020270110986472523,0.005554516572907453,-0.013420046713176481,-0.001482881959920912,0.004144898097339644,-0.04139292253878568,-0.008196700115819189,-0.02438414390000604,-0.02999807658235093,0.0016067016469472062,-0.02401551035135635,-0.018432923257361122,-0.020972370904943527,-0.026316063991643268,-0.029511907476611088,-0.03527055785015948,0.0,-0.014102096114700202,-0.016712884712057174,-0.003072295355990795,-0.004337311902993468,-0.016398762016237467,0.01645571102768234,-0.018306624228468737,-0.005556844385339987,0.009415200379664646,0.002618449097289255,-0.0017751578292977688,-0.010636447239140201,-0.018844043261006027,-0.04277679997942496,-0.03983626191412182,-0.035500335473571454,0.0005747963129043576,-1.3195091064233111e-05,-0.01141161192063056,-0.04621533709976089,-0.045432743560632205,-0.001048637789488438,0.0,-1.2160044743358966e-06,-0.03955198067300364,0.001961649698758894,-0.06667513461813546,-0.0001919619166180775,-0.054675553219331374,0.0,-0.05895987826321386,0.003152313775296456,0.0,-0.05072507324619552,-0.03863394140853038,-0.04214663587675643,-0.037815376183300276,0.0,-0.053768252298530606,-0.04476018758598094,-0.03248045521864534,-0.04794166699237934,-0.0695475716334123,-0.04152601367227554,-0.052998911025158135,0.0007240373911120424,-0.0003141257033295597,-0.037924582271655294,0.0007611562817501638,-0.040564174801953734
