0.0,-0.017247557938105396,0.001745252895191729,0.0,-0.002755785576622982,-0.017275339698069825,0.006513070397946186,-0.008431464671498468,-0.0035114729371291675,-0.013748655431757295,-0.0017528072785774063,-0.023338717940395604,0.0008617753708092812,-0.0004427879897728193,0.008553225102355011,-0.0030267073867142336,0.013509848800120128,0.007547992772918732,0.0,-0.0029386969252274686,-0.012200232324203475,-0.004334112862417472,-0.02297259561981746,-0.01680227996205963,0.0047221954513024245,-0.020883208417084187,-0.022699755315998216,-0.013257843191019858,0.0031242216289786295,0.008453397341441016,-0.007546894962751682,-0.030587260879869682,0.014347399669310423,-0.0012764534979397002,-0.019794121158088374,0.000889997400558673,-0.0010304570822446957,0.015967491120313204,-0.01692845650272562,-0.013622641189051765,0.0015422112691124146,-0.003978001470713921,1.1018208241231342e-05,0.0,0.0007281976531609002,0.01143754786634349,0.00769913076927875,0.0,0.0,0.0,0.0027914545670923996,1.1102230246251565e-16,0.003534267295297988,0.0,-0.06591512796456289,0.0,-0.06313488093185327,0.0025841202297018917,0.0,0.00019233065596979682,0.003886069237111933,-0.000703143025842623,-0.005244746519527943,0.0,0.0012053250804932025,-0.013344406544042342,-0.0016167408076904755,0.005187557220907524,-0.023092760150257408,-0.0017112007007393237,-0.02239636045318716,0.0006766846248713598,0.0004496538641116654,0.013025558939745607,0.0,-0.0028606728919468583
-0.017247557938105396,0.0,-0.00124050469435677,-1.5838027653869435e-05,-0.0029690437733327357,-0.025937791925493614,-0.00968169301389199,-0.011694830900100595,-0.02220683263504175,-0.01059793468605047,-0.0005782775080078739,-0.00848764803704688,-0.003983205218018038,0.0007424180405238845,-0.023834504842893844,-0.037999567363566134,0.0056936122296287195,-0.012696471222455763,-0.0019638352038894302,-0.021452623975033558,-0.028333116423641336,-0.01502512225983993,-0.01658525757010071,-0.010533847546646824,-0.029402781031290515,-0.03260049438374857,-0.03362420825849122,-0.01325507298778461,-0.015083126994834273,-0.044488752524824426,-0.03700314979679081,-0.05656605715270441,-0.025197961651465928,-0.03684633460308162,-0.04937694432291834,-0.030101507699488883,-0.0009691795076937071,0.0,-0.020425315492905827,-0.0064924640561588864,-0.00653558884408012,-0.027006063312377537,-0.00022796100494204552,0.0,2.220446049250313e-16,-0.01098337559570195,-0.005437169202951786,-0.000596051046931223,0.0,0.0,-0.009159882359033478,-0.017923930938290644,0.0027533202165681003,0.0002597772157408862,0.010162778292668984,0.0,0.0002505085679680996,-0.014449349210549745,0.0,-0.019356912823825623,-0.005127750492190164,-0.024801777077303522,0.006975303011896583,0.0,-0.010640718255475357,-0.023078404943318087,-0.010494280670816425,-0.023518950981922693,0.0009111436563504771,0.005267222271738647,-0.026363430654441466,-0.024775448152162594,-0.012170435436497096,-0.007583565247462398,-1.1102230246251565e-16,-0.012749460952577563
0.001745252895191729,-0.00124050469435677,0.0,-0.013417289636504348,-0.029986685503672728,-0.00396940369382881,-0.01845631470788478,-0.02717939118996432,-0.024096239108458928,-0.0354839992949727,-0.06181293790668774,-0.014761778182281415,-0.0111986536877971,-0.014535955780057452,0.0018975236301783105,-0.0036448796552503993,0.0015135481910578674,0.0019990616963325714,-0.04554141780664331,-0.0011508293870383657,0.0023579181613029854,0.00026453548423865936,-0.053475219319607414,0.00031421786772795057,-0.018651968263006857,0.0005187274827429533,-0.04301499632810751,-0.005653043446431194,0.009502357738362444,-0.010743735540585608,-0.0031085342256564896,-0.026133360146935514,0.0016704213579390448,-0.014168792233706928,-0.019543293809215045,-0.02125741188467961,-0.013878184067238675,0.006204835269863596,0.008778074903933564,-2.256577092962786e-07,0.008856748769594747,-0.001132276038762814,-0.012552020756609605,0.0036115768075473675,0.0,0.0,-0.000987876931246301,-0.12918081848126195,2.4747190220386628e-06,-0.02031796827711385,0.00040221516735483576,-0.01192044181791907,-0.004224763803304832,-0.006915934975700533,-0.001968797021414892,-0.06316232016867457,-8.280172357488791e-06,-0.01027202029596852,0.011215321247877275,0.00016170629975481576,0.0,0.0,0.0,-0.1707244057530683,0.0015637860047513774,-0.00036790405587516783,0.0001778992567842974,-0.011985501246402741,0.0,-0.00011473248063126329,0.0018011180398461724,-0.00235453276819908,0.007305732006160137,-0.008071926910087956,-0.00023588302272159467,-0.01471783792662873
0.0,-1.5838027653869435e-05,-0.013417289636504348,0.0,0.04610883038571076,-0.005408036167713903,0.014504453145038232,0.01056985949347139,-0.009906804701772132,0.010527600673704701,0.021160584303010765,0.0038214768628123674,0.01887080483862641,0.02796586223911235,0.00187175796990513,-0.0013149117883754502,0.0006055621764138319,1.126910084009447e-05,0.015216751784072835,-0.04981491455005288,-0.0008648122183911866,-0.050677497402617566,-0.008559410307718451,-0.003580452398159184,-3.948601963615905e-05,-0.00053146097680562,-0.021980130292828193,0.02931577286598752,-0.014618455282475462,0.043400273067963624,0.005161837032881866,0.024175722316721215,-0.0021637633233967946,0.03096785204046293,0.0025639594292630186,0.024801780656895256,0.019067989209964636,0.0032709728268542904,0.023278794934515512,-0.0006888501458329754,-0.0004541687079346324,-0.0013140953421121315,-0.0007653766580918431,0.048167351403130276,0.0,0.0,0.0,0.0014174782256398122,0.0,0.0,-0.00018411542971358275,2.220446049250313e-16,-2.5790837862527116e-05,0.00012074012247303978,5.551115123125783e-17,1.7553373714840337e-05,0.0010254444382864492,0.000775612162813244,0.0,0.0,0.0,0.0,0.0,0.0,0.0,0.0,-2.273976196925931e-05,-0.002784263977947621,0.0,0.0,0.0,0.0009386927413030377,0.08319727021686651,0.0012230803030595094,0.0,0.0
-0.002755785576622982,-0.0029690437733327357,-0.029986685503672728,0.04610883038571076,0.0,-0.02042973362596473,-0.004315667281532876,-0.005682275016180405,-0.059044347192400204,-0.013374083403603965,-0.023677991602138126,0.010914357366971328,0.00709682736404138,0.009237667192921128,0.0011370919535644841,-0.016557341371154666,0.0015529992994687825,-0.016912765351351833,-0.045280370361905076,-0.003317031602197429,0.022903213773408093,-0.017736294727034863,-0.026259360855155456,0.004219592494780766,-0.009062459854201288,-0.017868661968343635,-0.017808241813828674,0.03395771143439141,-0.0093504338759266,-0.001985809823855711,-0.0060340097974587725,0.0028130051730949623,-0.0019169744859082738,-0.008132842317795264,0.00076549491024136,0.07351221991862772,0.11260184944935825,0.014042230692107971,-0.003353700125050596,-0.000722992613129303,-0.004850645326755498,-0.0015012682775114028,0.0444634695006339,-0.003308577781859834,-9.940469544983399e-05,1.1102230246251565e-16,0.00016365683632751926,0.010384015154469073,0.0,-0.0042301948201476924,0.0037405940140532445,-0.04928450756119124,-0.009471722136789762,-0.01605421263970558,5.551115123125783e-17,0.043645650968663297,-0.00037264917600998704,0.0003787167045656292,0.002529154239147513,-0.0007600061837119698,6.135081447011803e-05,0.0,-5.551115123125783e-17,0.0027926851160466337,-0.001606755846629948,-0.00041474268453206564,-0.0006339131512987373,0.005309136875925824,0.0,-7.2348586148685e-06,0.007563024284217124,0.002300024463997463,-0.003421263288009624,0.0035862255406423627,1.1102230246251565e-16,-0.00037394610286844987
-0.017275339698069825,-0.025937791925493614,-0.00396940369382881,-0.005408036167713903,-0.02042973362596473,0.0,-0.004347081043333201,-0.005247723246592062,-0.04223809883606294,-0.019929069791288223,-0.02027598745705944,-0.007672372802869698,-0.003987894329479602,0.009376806006038574,-0.025632410229731672,-0.02834837707930321,0.011157546439905353,-0.021119512635960513,-0.00831117231827827,-0.02377070214615712,-0.007707485340320341,-0.023137206979701175,-0.01821456637451041,0.016737635322426225,-0.015758100437701372,-0.026680083569332935,-0.025785073291894556,0.005172400386827702,-0.009173422658575237,-0.018431220787432256,-0.0006694811207393347,-0.029037301759726686,-0.0336764020941579,-0.024376619427621815,-0.024495331535387077,-0.01682739257943494,-0.006742258088697939,0.0019698407051612077,-0.013995172067946038,0.001143017163847071,-0.025618162533527833,-0.05214507681057812,0.015688255788650685,0.014385858893883052,0.0003219556945165958,-0.01335074988893642,-0.00909552012701026,-0.0008583753403061944,0.001133972159368557,-0.013265976430390514,0.029994084868315285,0.01262672850728297,0.03053866144924755,-0.002681678611555549,0.0014702250461071653,-0.03153082259477408,0.0014794793793971306,0.007955104448788108,0.005258868957617291,-0.025805240078459746,-0.016145212079077653,0.0,-0.0171092828180468,-0.02025191204585508,-0.029903763527241334,-0.010127647406296292,-0.021411813455790185,0.015387891108480989,-2.391257945189018e-05,-0.012817953297678375,-0.025725372650661105,0.0169696639397528,0.008782611999476386,0.0035107861361505788,-0.0050238850321721595,-0.010506881044192895
0.006513070397946186,-0.00968169301389199,-0.01845631470788478,0.014504453145038232,-0.004315667281532876,-0.004347081043333201,0.0,-0.011526894840226398,-0.008568219603182436,0.015642298565268886,-0.027498691866207015,0.0035260685208908793,0.003932876171875821,0.03167356213816336,0.01438234103423397,-0.01835998100027386,-0.010985563628529371,-0.008708091731800816,-0.035774359950263346,-0.005143778890547568,0.001812466123462697,-0.02128789578445134,-0.011059384687157336,0.00484360813067003,-0.008871189630017762,0.00364575319233984,-0.018390342129429305,0.004951358300075037,-0.00044674011665535307,-0.009471946269864029,0.013234978209808124,0.011821925192119498,0.020134315759679333,0.015804187867646202,0.0185035857731623,-0.041185287330490844,-0.01934054402093144,0.010826147808554343,0.019612915348533932,0.0010282223153704195,-0.008658446832986999,-0.0016671857793645883,0.021527296517242556,0.003910275546159747,6.555888783860153e-05,0.0,0.0025070573699623178,-0.02064147509576042,0.0,0.0017530337362392512,0.017657432903727177,-0.010401997587049627,0.016771565066193705,-0.018476262654248676,3.254119995449445e-05,0.00488119031696832,-0.00018406822721833693,-0.009298232737997458,-0.0032327807573902523,0.0026887693826436743,-0.004225397227711203,0.0,-1.633232031089671e-05,-0.0011320388097599832,-0.01249309536437676,0.028616988875628857,0.005152888963178837,0.010105359324923624,-3.476491397869097e-05,0.006705290070221859,-0.00302404995337191,0.009741571791056336,0.003790518935068099,-0.0017000850892281427,-0.0005045534890466552,-0.010603249986640972
-0.008431464671498468,-0.011694830900100595,-0.02717939118996432,0.01056985949347139,-0.005682275016180405,-0.005247723246592062,-0.011526894840226398,0.0,-0.038046852403522624,0.030189681518559996,-0.07369189081842528,0.003398952250352527,-0.005778631834604364,0.002720468314232727,0.0031951413205743573,0.004515350365377591,0.0003678288365285831,0.024105767492618058,-0.08900266642398319,0.004008161706237967,-0.011775853623997912,-0.017484242463534583,-0.01664336391795801,-0.007585890694941977,0.02088755186128155,-0.0056979589762835015,-0.02583057210714884,-0.0029196756328435103,0.00521395887642484,-0.00360935900669751,0.006914381388297919,-0.013638349382654569,0.06644637127656838,-0.011182018450065112,-0.022490719215219612,0.004030326611022816,0.041446965212184717,0.0038727007762528465,0.016315469934977678,0.0019519604269763735,0.010450116106325624,0.011031163888709394,0.03967079172726029,0.0017110803475489655,0.0,0.0034622289680364404,0.0018012047642654294,-0.011092253540191277,0.0,0.0010591069489832017,0.05232328093181127,0.021379862908640246,0.07860932114700325,-0.02329872873124561,-1.749652796467771e-05,-0.021996608263885997,2.847184270809988e-05,0.014240777897644108,0.00591217735008448,-0.00895446717287679,0.00048239162019875215,0.0,0.0008128405383707737,-0.030010082702989105,-0.03595492846799564,0.0666184939140429,-0.024643848089565934,0.036631950682770476,-5.551115123125783e-17,0.0018546973857063165,0.0041549906847572204,0.033084834325067425,0.015874781038669683,-0.005840355988191048,0.0014772117163056597,0.0020174284900052464
-0.0035114729371291675,-0.02220683263504175,-0.024096239108458928,-0.009906804701772132,-0.059044347192400204,-0.04223809883606294,-0.008568219603182436,-0.038046852403522624,0.0,-0.016175684481259056,-0.030183062822774165,-0.023163608420565862,0.00708941219069853,-0.005759658329585138,0.0027723412713775986,-0.035001440873259904,0.0030954830242367337,-0.014693957588296946,-0.05465154767695818,0.003787348926787837,0.00017663309822119055,-0.017821583135198216,-0.04131009045484757,-0.02982069229564982,-0.023807849831868122,0.004785439611859621,-0.005516619399437261,-0.011317442075132245,0.02106388449375529,-0.011144996998937284,-0.013746449660377413,-0.0288306279241225,-0.006628420559406212,-0.021011017501601115,-0.017398473390250135,-0.017137721794415972,-0.01702178568622642,-0.012088672593379535,-0.03526640769132666,0.002542844160293656,-0.0008335058011818552,-0.009909606793258086,-0.006582822171251834,-0.002928410127864045,-0.00015492168904435166,-5.551115123125783e-17,-0.00027090321188555366,-0.06561877656405951,-1.1888666218706767e-06,-0.024058739550961772,0.004961660428518755,-0.019613044997953466,-0.019503944344064605,-0.03688686219222426,6.0728418909805626e-05,0.0036251832569761944,0.001676046053567526,-0.022565611882311598,-0.03802931953180788,-0.0005604739571544171,-0.00030984729374267106,0.0,0.0,-0.05079585905808448,0.001015535298700465,-0.0012071121254150774,0.0004947508923610622,-0.008543547046076516,-4.178235038121425e-06,3.9576666234941715e-05,-0.0016310913708953434,0.0035625600773843136,0.0014604999844561872,0.021332674505213978,-0.0008944588721198077,0.0013483123868470726
-0.013748655431757295,-0.01059793468605047,-0.0354839992949727,0.010527600673704701,-0.013374083403603965,-0.019929069791288223,0.015642298565268886,0.030189681518559996,-0.016175684481259056,0.0,0.006397090738164135,-0.03263654460929494,0.00860521589477753,0.026207891894945323,0.00284333762133937,-0.015665143976502705,-0.03736814315182213,-0.018862265874490247,0.011174735074979125,0.0003045718612019743,-0.0019314929340781273,0.0012828746611504571,0.01814122862337808,-0.019465415933628105,0.0014653356073274781,-0.026610706639753734,-0.0008475837940008502,0.018019551492858443,-0.010106015831417181,-0.0018985508469631096,-4.541483753361941e-05,-0.026864549325860743,-0.026809799092705477,-0.004104996172078157,0.0306637169033539,0.08276921108269447,0.07157103380974084,-0.008955648777627334,0.022680084093123887,-0.03271678838448139,-0.016926367779155016,-0.00472671457928675,-0.0029439266232244576,5.230637448838671e-05,0.0008185191564344385,-0.04026589962018756,0.03191677782609187,-0.00012319323736786902,-6.750549374323622e-06,-0.0011359251497114475,0.0006504408806011774,0.004619820856694656,3.849125776445028e-07,0.0004700121177367289,-0.045591873001409544,-0.000751948067704511,-0.047637593036562564,0.0027980856773445195,0.0,-0.0001922602565479492,0.00036184948359641034,-0.041890030801184086,-0.005028307099546991,2.218940954146209e-06,-3.60521833969174e-05,-0.0003072695995716135,0.0010900318282286992,0.0001723447107861431,-0.030332504690389006,-0.024276952004047003,-0.04214253683225233,-0.0018560428386885652,-0.04885604928216203,0.0017504229001217286,-5.551115123125783e-17,-0.03472189053573421
-0.0017528072785774063,-0.0005782775080078739,-0.06181293790668774,0.021160584303010765,-0.023677991602138126,-0.02027598745705944,-0.027498691866207015,-0.07369189081842528,-0.030183062822774165,0.006397090738164135,0.0,0.006920938302841351,-0.006705683551167407,0.018133881008256192,0.0,-0.0002312873361686174,0.004046391739345623,0.0021195225399132656,-0.04147970800063891,0.0001316089790538988,0.005851273831790071,-0.00034496721082361015,-0.03487138170706888,0.010308487731209015,0.007162328574467525,-0.0968542634624619,-0.04004250270794962,-0.0070782914084404625,0.0020515256320937647,-0.0008775933136084269,-0.0149533454928098,-0.023176389562540256,0.0026361022340606888,-0.006471696021820572,-0.0026806984459746275,-0.0362681722155177,0.01445446190916544,0.015479788526358063,0.011421889385345885,-0.002102498410219922,-0.0019175796808464929,-0.00028505701055636656,0.011020770329534524,0.0009751247713313815,0.0001091099797765338,0.0,1.1102230246251565e-16,-0.1214416063896892,-2.302095183370767e-07,0.01777315158631415,0.013975537791415693,-0.012756668022144979,0.016289192759175397,0.01317284612611136,0.0018568750434596604,-0.005152779866572532,0.0009898274659657091,0.002922702210939876,0.007770419676021378,5.551115123125783e-17,0.0,0.0,0.0,-0.19089919700716557,0.0008193498523630938,0.0,0.0004417914843612425,-0.010134776158229275,5.551115123125783e-17,0.0,0.0005543539454428426,-0.008274894381442799,0.02567098683350172,0.0003998886830046122,0.0,0.0018849448627903387
-0.023338717940395604,-0.00848764803704688,-0.014761778182281415,0.0038214768628123674,0.010914357366971328,-0.007672372802869698,0.0035260685208908793,0.003398952250352527,-0.023163608420565862,-0.03263654460929494,0.006920938302841351,0.0,0.004124101406915437,-0.0005658496659206591,0.05871549320781466,0.0009648207169529188,-0.02703595581587437,-0.0236283972191762,0.004499941040259026,0.023874895633194615,-0.019707053099587035,-0.0037523732789396247,0.01318861330787613,-0.014289675316924044,-0.01466074913268317,-0.03621805454573335,0.009682868745912065,0.017422291135333612,0.03889356227741336,-0.002346659806069573,0.0023074736577453625,-0.008478987210705224,-0.010135377662483014,0.01036590715126351,-0.0007201229421470168,0.03782668116902094,0.04598317867855051,0.0005939318948314232,0.09706479336525381,-0.04343809754514122,-0.02904639510359802,0.0013378997200915177,-0.0004689278025942767,-0.0014485196708235448,-0.004230515087777886,-0.0403478952586489,-0.0005984067526307313,-0.00011171035078388902,-0.0008752002956723126,-0.0027855031748726944,0.00011756614829966372,-0.0005160339764823108,0.00011891798767033057,-9.40565851378361e-05,-0.05475293679981935,0.00041146917606843525,-0.047912496529923354,0.0009224172844539691,4.006701354503095e-05,7.055369039388193e-06,-0.06540420321614776,-0.05466928643023916,-0.026746342823390556,0.0004242993614597679,-7.315187834977532e-06,-0.001156491922778835,0.00016080557030068166,-0.0034025786422668958,-0.04198587311751689,-0.038078289829769796,-0.05295284927443045,-0.002225027319472772,0.00649444258467663,0.0007009215976407357,0.0,-0.044944565305590545
0.0008617753708092812,-0.003983205218018038,-0.0111986536877971,0.01887080483862641,0.00709682736404138,-0.003987894329479602,0.003932876171875821,-0.005778631834604364,0.00708941219069853,0.00860521589477753,-0.006705683551167407,0.004124101406915437,0.0,-0.005387061472979682,0.013264984707446636,-0.01584469185243692,-0.0070896454071886494,-0.006315011151100336,-0.02155925479511195,-0.0044078070882414,0.0018594403812612348,-0.019656839119621294,-0.008258163011470365,0.0025667213140075362,-0.0025162843026935167,0.0029621681250447396,-0.013918183833128261,0.009353337543034801,0.005994962004767568,0.02259327678311207,0.008522746678088111,0.012352659924870335,0.01733276841167064,-0.0017946452633161303,-0.0005617143405829417,0.02268776368009695,-0.007141779004891435,0.02064420364280084,-0.0015829469124568063,-0.0008395733017536045,0.02042864265278793,-0.014982191258544053,0.022153271971716126,-0.004191401088444735,0.0010095385535800472,0.01696246224585629,0.0027390163181598703,-0.01875745804889184,0.0,-0.0007343513380301259,0.016047633531472427,-0.0017486978801073416,0.009801158968752943,-0.01781714443425242,0.0001371342015737964,-0.03301138129681086,0.0018304997308470905,-0.004083876275168874,-0.0007302759152800764,-0.012709828359550923,-0.00028515663894468357,-2.7235458389285316e-05,-0.015698787763709865,0.001941301280500407,-0.015111032420434267,0.010228005193206713,-0.0013128009985505784,0.010623617398610952,0.0007014172232161497,-0.004666370719259794,-0.0025233739917803755,0.010939769029034208,0.007582402100336616,-0.005002682200864972,-0.011430598716399898,-0.006629894879339071
-0.0004427879897728193,0.0007424180405238845,-0.014535955780057452,0.02796586223911235,0.009237667192921128,0.009376806006038574,0.03167356213816336,0.002720468314232727,-0.005759658329585138,0.026207891894945323,0.018133881008256192,-0.0005658496659206591,-0.005387061472979682,0.0,-0.062296696375433336,-0.017042747377791045,3.093347539356861e-05,-0.00025403446235322535,-0.02438739867223444,-0.027036409641227555,0.007382762172844615,-0.029497444741219292,-0.02051550958858478,-0.0016864966048564245,-0.03938004390765398,-0.03235423585612068,-0.024028118816617927,0.03997449600893793,0.003950474584565877,0.0015440119158662835,0.030052347661088497,0.06347112751015876,0.18723650537190006,-0.014247927709504782,-0.016650751928789176,0.013911775380650943,0.036222179247439895,0.017695198736145445,0.01026311954038206,0.0,4.241031429769171e-05,-0.00040269858161651184,0.012359338713429424,6.626578121227134e-07,0.0,0.0,0.0,0.006423405554502271,0.0,0.0065862401170585505,0.0022795086726226654,0.004476765136513516,0.013081973633544963,-0.01732487807237587,0.0,0.016805786326070715,-0.00035168312251288025,0.004246566382244965,0.005195375462131169,1.1102230246251565e-16,0.0,0.0,0.0,0.011122838772755439,0.0,-1.1102230246251565e-16,0.0,0.018065800660115705,0.0,0.0,5.551115123125783e-17,0.015174555767661135,0.028280608689520204,1.1102230246251565e-16,0.0,5.551115123125783e-17
0.008553225102355011,-0.023834504842893844,0.0018975236301783105,0.00187175796990513,0.0011370919535644841,-0.025632410229731672,0.01438234103423397,0.0031951413205743573,0.0027723412713775986,0.00284333762133937,0.0,0.05871549320781466,0.013264984707446636,-0.062296696375433336,0.0,-0.02858068318078011,0.0048429177718578575,-0.00824632029079081,-1.1102230246251565e-16,-0.017209372329126615,-0.01546544876782674,0.007619671714854781,-0.007668571155005077,0.017360329523328555,-0.009912925576581966,-0.01128486197978229,-0.03780475486386775,0.005919643825693766,-0.028964559284725244,-0.03937047345669337,-0.017406996386233886,-0.03748516130719287,-0.026266996356874572,-0.025559380499531714,-0.04773112683926639,-0.04184920299882011,-0.03796855647496389,-0.0003298423486958191,-0.05188348064004378,-0.056715143731988604,-0.03564807584771684,-0.05544448169698901,-0.02394669282536216,0.0006616305905074449,0.0,0.005730171478311397,-0.010591757343621833,-0.00133379640937481,0.0,0.0,0.004656895050514975,-0.0007562429614185739,-0.009733430058543768,-0.0008121869375563584,-5.551115123125783e-17,0.0,-0.00017030394676414984,-0.020035973182662925,3.7737227648326765e-06,-0.041515012240977034,-0.01862415269886991,-0.00010544295169306883,-0.05973722610262583,0.0,-0.034592469578365925,-0.016647672852294293,-0.03050329638263949,-0.007727683505656058,2.7942999212937636e-05,-0.010039573861429896,-0.01550937632040833,-0.02198140844881219,-0.0218629658554238,-0.03288123569021972,-0.051346697738826386,-0.03093277405530498
-0.0030267073867142336,-0.037999567363566134,-0.0036448796552503993,-0.0013149117883754502,-0.016557341371154666,-0.02834837707930321,-0.01835998100027386,0.004515350365377591,-0.035001440873259904,-0.015665143976502705,-0.0002312873361686174,0.0009648207169529188,-0.01584469185243692,-0.017042747377791045,-0.02858068318078011,0.0,-0.004230901782039331,-0.02183501744421018,0.0003938240789731484,-0.03173436529295437,-0.03794417032161501,-0.023108822656499106,-0.019554592911561808,-0.019506700399234245,-0.012600528966389635,-0.038187026547725156,-0.025590327915837596,-0.02464063548632911,-0.02348328906365893,-0.014494902121876208,-0.031429753021265106,-0.045339760276859264,-0.022368671234064386,-0.018156295905922548,-0.039834120506226534,0.0005843740710785861,0.0006013852959243504,-7.407026827710439e-05,-0.004358331716095176,0.0032240148060341256,0.0026613946178380976,-0.01924189399451287,-4.920646556216823e-06,0.0,0.0,-0.0006116705777584608,0.002413210352309181,0.0,0.0,0.0,-0.008330129141545517,0.0004084505994549903,0.00263560166701704,0.0,0.020599957617099374,0.0,-0.012953237919938076,-0.01369868480020947,0.0,-0.020828808499109452,0.0057930056314841605,0.002115418802931146,0.013900446951670642,0.0,-0.01924661652071885,-0.016013871730058193,-0.008779601686849714,-0.00780068953201668,0.0028499413439270205,0.015446987111945476,-0.018487718059673808,-0.023149103039299235,-0.024521892450086347,-0.012440024612073108,-1.1102230246251565e-16,-0.0014121606308111212
0.013509848800120128,0.0056936122296287195,0.0015135481910578674,0.0006055621764138319,0.0015529992994687825,0.011157546439905353,-0.010985563628529371,0.0003678288365285831,0.0030954830242367337,-0.03736814315182213,0.004046391739345623,-0.02703595581587437,-0.0070896454071886494,3.093347539356861e-05,0.0048429177718578575,-0.004230901782039331,0.0,-0.020797449948053826,0.000490861607077786,-0.03482694017889931,0.0013626523743675012,-0.008679724132493294,-0.0009604773589172444,-0.027338140753483675,-0.001656544684314809,-0.02234798567212498,-0.028964998090038274,-0.021606988582698328,-0.012819255347741143,-0.005140217193493557,0.0006528267514083197,-0.022466941671762497,-0.02661683445355162,-0.024538904936364903,-0.01599002871702715,-0.0008011303070233344,1.1103543763879564e-05,-0.02782894808326808,0.0013200749694347036,0.00592182022582094,-0.01295437755504858,0.00019909172864790436,-5.551115123125783e-17,0.0,-0.004032212822327075,-0.007992100146229697,0.0023190632139047374,0.0,0.0,0.0,0.0,0.0,0.0,0.0,-0.023703505319357054,0.0,-0.026608220494908297,0.0001212182360635361,0.0,7.670827360306554e-05,0.015052259450965,-0.02697522962882376,-0.0036645532746575893,0.0,1.1102230246251565e-16,0.0,0.00022906999463034872,0.0,-0.032052867047193345,-0.014186272999944183,-0.022592174336895143,0.0,-0.00016936407384138263,-2.965461313142459e-05,0.0,-0.013970069120899986
0.007547992772918732,-0.012696471222455763,0.0019990616963325714,1.126910084009447e-05,-0.016912765351351833,-0.021119512635960513,-0.008708091731800816,0.024105767492618058,-0.014693957588296946,-0.018862265874490247,0.0021195225399132656,-0.0236283972191762,-0.006315011151100336,-0.00025403446235322535,-0.00824632029079081,-0.02183501744421018,-0.020797449948053826,0.0,0.0011411889534131414,-0.01952381715402801,-7.87796486297343e-05,-0.008016319595170684,-0.004108437562477529,-0.02677613721050942,0.003961539618929755,-0.0286512699485304,-0.006304885777045299,-0.018566448424251314,-0.013709846397045033,-0.03914660108438295,0.0002051942045878108,-0.03272732646542181,-0.019958918338247034,-0.01992862455733646,-0.028902185200729846,0.006139218847622752,-5.9081628145440934e-05,-0.021174924769161996,0.0074094186545392016,0.007441173547559687,0.005161108040194873,-0.009899481665433085,0.0,0.0,-0.0024362173434844814,0.0027354218934745322,0.023067254112699,0.0,0.0,0.0,0.0018385120294633905,-8.300943445133102e-05,0.0023287929712226263,0.0,-0.009305935379405772,0.0,-0.01528988277609239,-0.013492874552688106,0.0,0.0030977332429357185,0.02059175378091227,-0.014144970571433657,0.004443889490333974,0.0,-0.009231775442304191,0.0015403329654359865,0.002165528129710159,0.007074020395838931,-0.025054574864460222,0.0074372036081886694,-0.007437619952086083,0.024998711333943935,-0.010895938209653455,-0.004027917351431098,0.0,7.403530857275076e-05
0.0,-0.0019638352038894302,-0.04554141780664331,0.015216751784072835,-0.045280370361905076,-0.00831117231827827,-0.035774359950263346,-0.08900266642398319,-0.05465154767695818,0.011174735074979125,-0.04147970800063891,0.004499941040259026,-0.02155925479511195,-0.02438739867223444,-1.1102230246251565e-16,0.0003938240789731484,0.000490861607077786,0.0011411889534131414,0.0,-0.000837268263889912,-0.0010381325353607807,-0.00189558109592608,-0.05099262702185392,0.002181413226309825,0.0007328378513929978,0.0015938350267112877,-0.04043682545257932,-0.02231094493177388,0.0032876240323658767,0.0014020380317470993,-0.02021262088679293,-0.041568918298061364,0.004357515227347397,-0.02943547358569093,-0.018423566089787957,-0.05761478420852262,-0.010669281632520344,0.0041918664713566645,0.009062891781582372,2.073764946425305e-05,-0.0037981675275267635,5.55624597912141e-05,-0.013577246619838612,-0.0024320547917219826,5.852707519182765e-07,0.0,0.0,-0.2679558844586474,-5.551115123125783e-17,0.00014796585412379937,-0.01627551981888664,-0.018540821825106857,-0.004868545971607907,-0.038203711208747604,0.00036994349351610056,-0.17108258880937582,-0.0002384930111214434,-0.006802286957150017,0.0023040670535641183,2.220446049250313e-16,0.0,0.0,0.0,0.005079565068323411,-2.5526876136050536e-05,0.0,-0.000270982569109679,-0.004645386486075265,0.0,0.0,-5.551115123125783e-17,-0.012755072481520524,0.0058536440024858916,0.0017434400540983774,-8.800539255626738e-05,0.0003000672418891348
-0.0029386969252274686,-0.021452623975033558,-0.0011508293870383657,-0.04981491455005288,-0.003317031602197429,-0.02377070214615712,-0.005143778890547568,0.004008161706237967,0.003787348926787837,0.0003045718612019743,0.0001316089790538988,0.023874895633194615,-0.0044078070882414,-0.027036409641227555,-0.017209372329126615,-0.03173436529295437,-0.03482694017889931,-0.01952381715402801,-0.000837268263889912,0.0,-0.0370413693264357,-0.02028742931192301,-0.007865242521080729,-0.0013472665906660297,-0.004408198103503291,-0.03618690928592655,-0.023575375942270882,-0.009353718609199813,-0.016077543992961296,-0.045086369644891766,-0.015271167194388424,-0.05648136659448244,-0.05377928461139159,-0.034621571031370146,-0.05803596067775041,-0.046364835704381546,-0.028074093246167164,-4.822771187718011e-05,-0.031342359803003206,-0.01729572660893186,-0.03813452252610389,-0.06450790526260763,-0.07105967599931268,-0.00413134339775495,0.0001154182703569373,0.0004382283062147607,-0.02485190165031631,-0.0013294131312919788,0.0,0.0,-0.011474064758102698,-0.0015910543586063475,-0.028258984805574316,0.0015915224332190836,-4.135889997936015e-05,1.1102230246251565e-16,0.0004799409762377693,-0.03602699532530379,-1.1102230246251565e-16,-0.026187267382971446,-0.03071873966484523,7.827686706263215e-06,0.0022996782864107,0.0,-0.0350885109730536,-0.03554318873655221,-0.02546145693021118,-0.022546802671647326,0.0,0.003391190529935584,-0.017530768094042304,-0.03311491221371671,-0.022167951974089273,-0.0361774135184475,-0.040801352041107686,-0.03702801452408511
-0.012200232324203475,-0.028333116423641336,0.0023579181613029854,-0.0008648122183911866,0.022903213773408093,-0.007707485340320341,0.001812466123462697,-0.011775853623997912,0.00017663309822119055,-0.0019314929340781273,0.005851273831790071,-0.019707053099587035,0.0018594403812612348,0.007382762172844615,-0.01546544876782674,-0.03794417032161501,0.0013626523743675012,-7.87796486297343e-05,-0.0010381325353607807,-0.0370413693264357,0.0,-0.005828631464291467,-0.011996096577848059,-0.017140137264161748,-0.008259189335573902,-0.0195202490984982,-0.03157070582691501,-0.000166424160457479,-0.019656739963210823,-0.013608199459576975,-0.0003338224204221807,-0.02623513179260506,0.0015881828782277618,0.0003880906192385014,-0.022885710074376897,-0.02167316317845519,-0.0008205635231267605,-0.004190764850566464,-0.01003093966522911,-0.007106374944371552,0.000481682324088184,-0.04508717689242542,0.001471077027828338,0.0,0.0,0.03579651509014342,-0.009177864904399924,-0.000364555974052605,0.0,0.0,0.026768118744213365,0.0008915343780786511,0.10160412436740823,-0.00037562605652335934,0.00048640912056885366,0.0,0.00013486285509128892,-0.011129409672008095,5.551115123125783e-17,0.002345017943608696,-0.007730123191787841,0.0,-0.028795810129797372,0.0,-0.015832808677840926,0.045991628607754964,-0.008406153621845436,0.023999658235112742,0.0025022330635586787,-0.014774097613662773,-0.009554600542209635,0.009135868301386962,0.014361540432207387,0.010421351247855482,-0.009298754755627248,0.002586484934711031
-0.004334112862417472,-0.01502512225983993,0.00026453548423865936,-0.050677497402617566,-0.017736294727034863,-0.023137206979701175,-0.02128789578445134,-0.017484242463534583,-0.017821583135198216,0.0012828746611504571,-0.00034496721082361015,-0.0037523732789396247,-0.019656839119621294,-0.029497444741219292,0.007619671714854781,-0.023108822656499106,-0.008679724132493294,-0.008016319595170684,-0.00189558109592608,-0.02028742931192301,-0.005828631464291467,0.0,-0.015076750247533854,-0.007685763178788829,0.002334109982320365,-0.02009975313035245,-0.02680239848112853,-0.03058298299572304,-0.026413121087421165,-0.027616377567568018,-0.0161739308811919,-0.0466670435317838,-0.03081228176854467,-0.027331123549477254,-0.049685895672551605,-0.05826158437025769,-0.02237881274386172,-0.0007304232468943739,-0.010775303294266625,-0.015761638379113985,-0.00899585968813893,-0.02596686825917527,-0.015894294784696894,-0.0005295428375036715,4.219444384612192e-06,-0.0014550091176857571,-0.006729062609730385,-0.001969440351858198,-2.075123882394614e-06,-2.5897099747984598e-06,0.0007651647552094354,0.0002617972538806468,-0.040901107615935794,-0.0006022861246219313,0.0006569505282837396,0.0,-0.0011452760094167735,-0.008006608032224416,0.0,-0.01105367431520854,-0.004612762177076513,-4.187984413539514e-06,-0.0022529203727245095,0.0,-0.019552679304911058,-0.01102718419625337,-0.006710811067008993,-0.018556794337522386,-0.0001570722971975247,0.008355399439591737,-0.014296234404784558,-0.01577255308511577,-0.018789224209396937,-0.014984711284475039,0.0010220612066180745,-0.004994819806831141
-0.02297259561981746,-0.01658525757010071,-0.053475219319607414,-0.008559410307718451,-0.026259360855155456,-0.01821456637451041,-0.011059384687157336,-0.01664336391795801,-0.04131009045484757,0.01814122862337808,-0.03487138170706888,0.01318861330787613,-0.008258163011470365,-0.02051550958858478,-0.007668571155005077,-0.019554592911561808,-0.0009604773589172444,-0.004108437562477529,-0.05099262702185392,-0.007865242521080729,-0.011996096577848059,-0.015076750247533854,0.0,-0.012718900290389468,-0.003245981437179468,-0.03178837348460384,-0.014590227391060084,-0.010194007861724141,-0.012610207066055756,-0.01691099609374691,0.0006198546218358358,-0.02596087559886051,-0.050503197775344344,-0.012624081380136098,-0.025656641816558412,-0.03615301026375228,-0.005684357067650914,0.018564322201599814,-0.0032857319165033316,0.0055128573065789666,-0.030321794424710058,-0.06700680309711271,0.004299103696734752,-0.008894855362754972,0.0002903528469094807,-0.01948295107983028,-0.015799580377393596,-0.22931161043410908,-0.02362584013940333,-0.01212946784677249,0.027062612746707404,0.008220247219846266,0.0266298026785301,-0.014398635968294493,-0.0012047008824367378,-0.17293832249697944,0.00201399917067685,0.002282978340181707,0.0018528634583163117,-0.012785502470976706,-0.008581991473187556,-1.9041713604894817e-05,-0.02383833145882097,-0.10627795362593623,-0.02068436919556499,-0.0015062686494306532,-0.024685889289434326,-0.0022631005699960682,-0.00012430963365406278,-0.011171487493325138,-0.031833303293098025,0.009518510054553564,0.002880099702156136,-0.011317034059396325,-0.019983876749583074,-0.010727664947009552
-0.01680227996205963,-0.010533847546646824,0.00031421786772795057,-0.003580452398159184,0.004219592494780766,0.016737635322426225,0.00484360813067003,-0.007585890694941977,-0.02982069229564982,-0.019465415933628105,0.010308487731209015,-0.014289675316924044,0.0025667213140075362,-0.0016864966048564245,0.017360329523328555,-0.019506700399234245,-0.027338140753483675,-0.02677613721050942,0.002181413226309825,-0.0013472665906660297,-0.017140137264161748,-0.007685763178788829,-0.012718900290389468,0.0,-0.018128418964589166,-0.0352941617064646,0.0056217737127312595,-0.002528623254876905,-0.03252357142717338,0.00011318681374211659,-0.0003551482711173226,0.0025976454446690056,0.0051095997131142545,-0.002190344497515484,-0.002201384331514955,-0.003751751437186035,-0.004364023044662824,-0.0045671817218716215,0.016945819662033346,-0.008810122062455072,-0.003998096915555638,0.013446175165737928,-0.00021113411660117487,0.00020162955826358298,-0.0021062688834541654,-0.005285155514705264,0.0032434709892637525,0.0,-5.551115123125783e-17,7.521128025517188e-05,9.869653725758099e-05,7.4971499048615e-05,-1.6653345369377348e-16,-0.0001279209024350192,-0.03969887535988009,-9.992735993724633e-05,-0.03777865076855624,-0.00010388655242232758,0.0,0.00011865582552361698,-0.020039128644903925,-0.04056243725948161,-0.010454865350255638,-9.165440728209351e-06,-0.0002199426896566381,-0.0007929119400836293,0.0004192407672530818,0.0004750514024745578,-0.030798270148248375,-0.015471000835452609,-0.03423311792883771,-0.0002654511308548546,0.0010269725209957614,0.0020027271280484427,0.0,-0.02895329952902259
0.0047221954513024245,-0.029402781031290515,-0.018651968263006857,-3.948601963615905e-05,-0.009062459854201288,-0.015758100437701372,-0.008871189630017762,0.02088755186128155,-0.023807849831868122,0.0014653356073274781,0.007162328574467525,-0.01466074913268317,-0.0025162843026935167,-0.03938004390765398,-0.009912925576581966,-0.012600528966389635,-0.001656544684314809,0.003961539618929755,0.0007328378513929978,-0.004408198103503291,-0.008259189335573902,0.002334109982320365,-0.003245981437179468,-0.018128418964589166,0.0,-0.03196018286243507,-0.01801199964912642,-0.007500537857746181,-0.001981145497030712,-0.04020638511497382,-0.00814730674808617,-0.033040057591015415,-0.0181036529816892,-0.018645842788708122,-0.03408685578990467,0.004954974651639965,-0.0006195195725490765,-0.015486539613143446,0.004033495465678105,0.011547267974343356,0.010328064401120607,-0.005372199131838784,2.8727448054266524e-06,-5.551115123125783e-17,-0.009109389612841079,0.004655450044358966,0.02655128848302979,5.551115123125783e-17,0.0,2.220446049250313e-16,0.0016865091045386027,-0.012821928331606447,0.003596493734273787,-0.001187768235157094,-0.01776162212389254,0.0005685528888300095,-0.021744456641077936,-0.011280446060552451,0.0,-0.00178832259420858,0.02194531898092439,-0.01559442135399125,0.005810593382447216,0.0,-0.0035795252123469457,-0.013667584216905226,0.010555350165607824,-0.007491942956988629,-0.013927871040564754,0.007139464270040641,-0.0090087043011024,6.824714649850128e-05,-0.0037879584422597645,0.00038563789583417885,0.0,0.005145633797093596
-0.020883208417084187,-0.03260049438374857,0.0005187274827429533,-0.00053146097680562,-0.017868661968343635,-0.026680083569332935,0.00364575319233984,-0.0056979589762835015,0.004785439611859621,-0.026610706639753734,-0.0968542634624619,-0.03621805454573335,0.0029621681250447396,-0.03235423585612068,-0.01128486197978229,-0.038187026547725156,-0.02234798567212498,-0.0286512699485304,0.0015938350267112877,-0.03618690928592655,-0.0195202490984982,-0.02009975313035245,-0.03178837348460384,-0.0352941617064646,-0.03196018286243507,0.0,-0.039182786477235554,-0.019635470147899403,-0.011572483069572037,0.01313637651243299,-0.03357181132314796,-0.05488303462274163,-0.04731821273342962,-0.036358016692216666,-0.04689240134415218,-0.002044270938138748,-0.0019182591308402608,-0.03736396260987607,-0.02049865345377716,-0.017223927515764903,-0.00947205337853202,-0.024616251856960036,0.0015815391180841187,1.6185826583137164e-05,-0.008283523250537828,-0.027649808168186185,-0.009407402168886525,-0.0009207239594865579,0.0,1.4916181669821782e-06,-0.00967867247694354,-0.01914672398069306,0.002959232486194341,0.00041005279709926956,-0.03543554886527689,0.0,-0.03896048325593421,-0.01423315656039753,0.0,-0.019976592029316065,-0.009654704255511126,-0.030707182921937637,-0.01572788588173807,0.0,-0.028222608855218656,-0.019560416258791846,-0.012833557834218745,-0.025030854844085293,-0.034347065302988034,-0.016661437641403043,-0.028592261955246723,-0.028661111452216337,-0.013626052203048133,-0.011579887479812145,0.0008460292857821461,-0.01686121570892013
