0.0,0.5123803259099448,0.4129293564536643,0.0,0.3846898749918486,0.378809775660485,0.5370195352238692,0.5522870437714105,0.40706184268772205,0.4637120962297132,0.4224909429966358,0.4193676482417181,0.6267400939736089,0.5554669791073323,0.6160709350338778,0.7360336304432555,0.5048489422172124,0.6853838553588556,0.0,0.6390917137081487,0.37584652645426936,0.5854986715463166,0.4300349600281935,0.5641676698697595,0.547659670776004,0.501793415558158,0.4324421245741953,0.4673444141907517,0.6049478206318429,0.7353029843851204,0.535685764252737,0.4756367162064229,0.6558939314982517,0.45856032818196385,0.2748537345467901,0.6891174505306712,0.48282525794389186,0.6683310503415343,0.38226068275501024,0.5154414847793106,0.5308263506629213,0.5322132385602656,0.5094065401403209,0.0,0.47667467434795074,0.6573912567279321,0.6991469591772848,0.0,0.0,0.0,0.5726366598878587,0.0,0.6675411964526723,0.0,0.10148141310842085,0.0,0.20787057472079123,0.7940972671946316,0.0,0.5824341680753591,0.6731530082314965,0.29479307654221165,0.5509933952608354,0.0,0.5150728995901813,0.4836679886656893,0.6245956811538567,0.6919565314447249,0.5259173628149241,0.6235533921799049,0.5260690996793476,0.4689371046775588,0.4356823414827358,0.6912289656791765,0.0,0.5259687793363658
0.5123803259099448,0.0,0.5215023163656112,0.325170407375843,0.44211516162422937,0.3185450248429441,0.4375913852428164,0.5876875337713946,0.2914907053014272,0.35959944304657226,0.31235529550060726,0.3978581307360291,0.4896504364449026,0.5685224467891532,0.4349561327600442,0.34030663399726996,0.6882137409596705,0.569066576133924,0.5691479054535281,0.3973787155264772,0.43474200608923186,0.5387574393790664,0.5199463579685939,0.39006189294934024,0.3800301273371107,0.33165674023904623,0.2811237763773913,0.4450550854809342,0.3690558646564159,-0.009432195035889823,0.32754526323968336,0.08450220277754827,0.26511792865742195,0.2543057210702629,0.1327937619345233,0.3036523517905262,0.2196941663311009,0.0,0.3381494826517789,0.5780557003480018,0.45073563305909575,0.32792336640412867,0.6617627199719265,0.0,0.0,0.5581719846023041,0.5610892113075419,-0.028285597688259036,0.0,0.0,0.5212129671837357,0.46123562564261233,0.5858439125559247,0.5912989352261837,0.7170626978239363,0.0,0.425483641059579,0.5051485855471267,0.0,0.42876045355782,0.5600257752621143,0.361177932029612,0.6887095930710079,0.0,0.5207057644500618,0.5306745249694589,0.5749854049225571,0.43908798986581277,0.4702640617629776,0.6291834293566347,0.4342375666811537,0.4025073418575874,0.5217167070208467,0.5808878549541547,0.0,0.5420314008483226
0.4129293564536643,0.5215023163656112,0.0,0.45979563047582295,0.3774897639880269,0.5437153827591983,0.4770939645036014,0.539426493973667,0.2826785472430647,0.3343681972620201,0.27391766744314927,0.49310875900238776,0.5510780393014758,0.5273679478582909,0.37595468583447295,0.3658659948021503,0.6528866957823412,0.5500852757889413,0.24240880071922877,0.3633905831898944,0.45732342688077043,0.5894189347034922,0.23432891804692427,0.4420658694326135,0.39317321206615324,0.5082303052110352,0.2574798496615802,0.6151624272820175,0.6541550021387627,0.528117662123583,0.630468225448108,0.452858963680143,0.5163382310901177,0.5578039497213297,0.4676988038914769,0.5034951213024651,0.46206708735852586,0.5460402656222028,0.7366956731392533,0.4682889532136349,0.5900876198243354,0.5114224228172515,0.5788072551640986,0.6304475722460774,0.0,0.0,0.1845100708313506,0.23079967570490764,0.5051093558899462,0.4305166309220185,0.6307032930590547,0.5596025841110399,0.6585439109898458,0.7015509596012965,0.37790943405894295,0.4734626275615201,0.5330413370467475,0.5696365085534676,0.6444605883701474,0.2967103084898689,0.0,0.0,0.0,0.09306643548147298,0.7104388952572466,0.470944505161784,0.1542014933874749,0.6352113904985837,0.0,0.661610116563683,0.3762280475408958,0.7046020305023515,0.6073255571830736,0.579048566244085,0.7165605736615897,0.3816302177663471
0.0,0.325170407375843,0.45979563047582295,0.0,0.5861161842456848,0.5120367518352105,0.551878155392095,0.5855522013349781,0.5407818655959015,0.36360392747742115,0.6346748399759135,0.3979620448110489,0.5821943267022792,0.6341826281256384,0.6735614671748626,0.05678389696256738,0.5874216265142325,0.5084295730001274,0.6588853130156014,0.23199001458346347,0.42646678180411013,0.1952250310446303,0.5588634250909115,0.23306566907432483,0.9155759659090186,0.6250241221150401,0.41511233166630557,0.5371712681546051,0.33355568507203587,0.9903107578791136,0.5404357625169802,0.6299202343662627,0.22964561206632478,0.42940822436976217,0.45298723563745885,0.4548681349717416,0.40865442934152657,0.3987283637660062,0.38712217583566444,0.2986701531564294,0.36225760067343876,0.29803872020755307,0.22440683281110071,0.678821828951656,0.0,0.0,0.0,0.472174731910739,0.0,0.0,0.5768065329441481,0.0,0.48905447110293127,0.029621680489123746,0.0,0.19559851952643392,0.5452400759495146,0.5182039717380934,0.0,0.0,0.0,0.0,0.0,0.0,0.0,0.0,0.5059798769087368,0.6038655416491026,0.0,0.0,0.0,0.509458783159003,0.83276492571237,0.6371549865071151,0.0,0.0
0.3846898749918486,0.44211516162422937,0.3774897639880269,0.5861161842456848,0.0,0.34446251845067777,0.422166765369549,0.5401621842750031,0.14120980269191988,0.5624747053611833,0.3120097763170108,0.6108167784033878,0.6466170559321406,0.44269912916816245,0.5151246348095899,0.48594453226806295,0.5610079947256454,0.34386538748571105,0.2513011165406588,0.511450127735039,0.6762599548966466,0.4103146003510303,0.34288195458392345,0.5599555511747822,0.45372496815773394,0.37902653328939595,0.41789441755056284,0.7705426789606737,0.48554650125520404,0.4218401156422734,0.5348465804248013,0.4338445716203546,0.4704889420343884,0.5159792487505144,0.4764170859146358,0.6173142317432221,0.8180050638213625,0.5950189884934326,0.5587575280861922,0.6691563652339021,0.5067610105130314,0.3891710282146196,0.7339733279281541,0.6499686923963109,0.26773744288615936,0.0,0.40443747389921647,0.6687171636135913,0.0,0.5545622633793457,0.6605043699872637,0.3534255316383754,0.5064584187543446,0.4976400645633488,0.0,0.7100932341320225,0.37052173615167,0.6713828557898687,0.641106480668276,0.23637543744146025,0.4956738425918924,0.0,0.0,0.6817032276013426,0.31735520303498466,0.4798559580066264,0.36036702460306336,0.674718913751787,0.0,0.4683453310794068,0.6421795318728467,0.6005770406514949,0.5905910746511868,0.4639695114282093,0.0,0.5308245914714831
0.378809775660485,0.3185450248429441,0.5437153827591983,0.5120367518352105,0.34446251845067777,0.0,0.5025994892732543,0.5484604141594644,0.24932229322289962,0.4387476711167732,0.39171724598933644,0.5889275220333918,0.5231962329993636,0.617574265042927,0.41916069413047113,0.3875475606784332,0.6167134348763622,0.41482782536115026,0.5374749862069912,0.3391606369607476,0.532875394723432,0.3257889218723552,0.4360402618588013,0.5001770472638114,0.4227971184186171,0.45126766196292517,0.39230057369544624,0.6076100755848703,0.39874779163753327,0.45536404720817913,0.6168088490502989,0.27713084749821343,0.3578960324852434,0.38497388829105295,0.39690267372354726,0.4786481704031613,0.4976044085729099,0.5032788799329003,0.5393144233452052,0.35693102053563364,0.4329132805754095,0.21903511215996646,0.7914374157629767,0.6128467052747726,0.2190235540680125,0.45388725836541904,0.47397316330307965,0.637256596864824,0.6089191437060482,0.40893031929108453,0.7726932845435349,0.7409139035233976,0.8235307988482509,0.6499787359736464,0.6560852546561654,0.4638680827693102,0.37493821875237426,0.6902885753554369,0.6337295834055513,0.4149482843921812,0.4059905762608942,0.0,0.35574084002857165,0.48266661413483924,0.4003044530705607,0.39917637652654214,0.4690223517364293,0.701274145731415,0.6200144443956415,0.3825638726003046,0.3706158176681096,0.7190279153088297,0.6274736569599841,0.6511064480430764,0.48136578880422587,0.5380794164608395
0.5370195352238692,0.4375913852428164,0.4770939645036014,0.551878155392095,0.422166765369549,0.5025994892732543,0.0,0.45507698325268,0.4773161448207668,0.7244180065542207,0.39305468885498934,0.4818727160392302,0.6238291667484659,0.5002523297436507,0.6606442845262708,0.478945015326931,0.5074171911231412,0.5303097160821828,0.34959342888065553,0.5076495838700299,0.4962298795806087,0.4128503479002103,0.4984994905765072,0.592178635727145,0.496712125056201,0.6497169554774681,0.38266146863957096,0.5637804905847632,0.5614842892703529,0.4010468094775933,0.6487316853578118,0.7019202607820867,0.6470129890920896,0.5756250305398753,0.5215309761274333,0.30157338097447717,0.37371631718456166,0.7440324053910721,0.7272976027195879,0.46448236355587247,0.5192430980825875,0.5049153384642646,0.7097975439363935,0.8404234783025998,0.3603406954693811,0.0,0.5949374843003948,0.4098203061904709,0.0,0.552512741027479,0.7140109467721338,0.5658232645872876,0.633766475985901,0.5291410943024439,0.6086028877495504,0.5252630924702382,0.4624266770730187,0.4572690164180234,0.32554782932332005,0.36697307578786076,0.5670133355657612,0.0,0.5276070945627255,0.6077778047273666,0.5319983183704504,0.7732474984312809,0.6176182973859476,0.6553505339136249,0.5039802595907099,0.6913912502649098,0.5276543774753958,0.6412494857447535,0.5706450142468684,0.43285748778909616,0.7330568929784941,0.4644141272884611
0.5522870437714105,0.5876875337713946,0.539426493973667,0.5855522013349781,0.5401621842750031,0.5484604141594644,0.45507698325268,0.0,0.4459093588248503,0.7952930941217549,0.20631485054061907,0.6698862162599268,0.5457456427992455,0.6814338699377923,0.5434558887697755,0.7358649201454852,0.44225143580208226,0.8044481895008444,0.23332402234818597,0.5122024988266005,0.5036268106059952,0.41263021976546826,0.5050894590498562,0.45242326259639365,0.7586630348569989,0.5763376170654575,0.44286718650596435,0.5601857394869687,0.5413091993926168,0.5152010220855802,0.6438962097006302,0.44135306676915004,0.897571500780416,0.48091864964951797,0.31733966231982197,0.547699417699901,0.5954354387993778,0.6279021308264552,0.7214216708033968,0.49434994384044273,0.482282251550021,0.643775824630452,0.724803463001767,0.48817377103650517,0.0,0.6177547050926715,0.42643104706969137,0.6080141268524819,0.0,0.5879514792696166,0.9079556647131534,0.7928406434153085,0.8351223244363866,0.4732780022317843,0.8708516116753697,0.475457785680635,0.942365532449071,0.7003926712087062,0.5065035213172879,0.622640098758947,0.4140573201061215,0.0,0.7321699394461489,0.6248800930236005,0.47149609173851315,0.7816533204081283,0.318065968005077,0.8442315045143571,0.0,0.5010059670978906,0.46247386311849925,0.8551532281912924,0.6691442870755882,0.6359044920850396,0.45621499803085674,0.4920851091828725
0.40706184268772205,0.2914907053014272,0.2826785472430647,0.5407818655959015,0.14120980269191988,0.24932229322289962,0.4773161448207668,0.4459093588248503,0.0,0.526719741514109,0.26807384381014504,0.4494036334699666,0.6209782168875314,0.5155349337838243,0.6001867559137872,0.3153923366861888,0.4952243936765133,0.435164495973192,0.1525699697464586,0.5280662434199397,0.39290439949983186,0.3872841202052266,0.34664951834507324,0.3780101680273472,0.3581028304225844,0.6419780084429325,0.46399429708550244,0.5506239056723153,0.5816856376866526,0.517942223778219,0.5439149696123363,0.4442396664952855,0.5550140480366826,0.4926368046265419,0.4632076584799801,0.49387696073824044,0.47755960220107346,0.5486917516175475,0.4672213943825936,0.5413713986486053,0.4227295350171486,0.2859000048292909,0.5479689891516448,0.4207884606236296,0.298811913418084,0.0,0.4767607647438074,0.3629325598948753,0.48538486621568283,0.5015349212170628,0.6802906557118228,0.5847609589338896,0.5251337369766333,0.42235516131802775,0.23111710235242622,0.6631073089122896,0.5191931104981355,0.46607414678577397,0.39526226268070425,0.45044519611119593,0.6305395134756775,0.0,0.0,0.36515772857170187,0.6415275023942817,0.7049984347425396,0.5400719411493683,0.6157591772531105,0.3412723169847351,0.5534044689554349,0.26552727149503086,0.6419236335894956,0.5300172591365355,0.705077844953795,0.4535606654983866,0.658326230158597
0.4637120962297132,0.35959944304657226,0.3343681972620201,0.36360392747742115,0.5624747053611833,0.4387476711167732,0.7244180065542207,0.7952930941217549,0.526719741514109,0.0,0.6718231900893112,0.33214298588782953,0.6958484853825385,0.6511205916622242,0.48283261007688216,0.385131527151684,0.38424128289307424,0.41583385046039756,0.705302624795326,0.45448637483239007,0.6576459123810943,0.5195779267568861,0.7197785790385348,0.3861891539055561,0.6891927519090699,0.45771269758206506,0.5086553486807477,0.8273404171899632,0.4025999359015173,0.42140178232072234,0.7124587082259866,0.2274585287819355,0.4323677941669061,0.5175643434589869,0.7547028135482325,0.9553606027169331,0.8308506641464298,0.4386829604511388,0.5614605207579211,0.297831346631906,0.4436553383860506,0.41762050833271586,0.4071004331462452,0.33500460760094936,0.5106394477339936,0.41715049734970383,0.7997318570256058,0.19875246852312078,0.46804772234085423,0.443791810037385,0.5125939474995763,0.4879931042835479,0.6033472962227473,0.2572416208463458,0.3241364957931189,0.4134335520476049,0.3360008478037043,0.6428167592596372,0.0,0.9427237099504029,0.5532290153179605,0.30828131876692044,0.48609411387540447,0.48367275335221727,0.507099931494815,0.5804006348074158,0.41899497024164833,0.5797847180170042,0.3190053241846085,0.3877456445711217,0.32352960547016946,0.5550057408383553,0.3278765517134822,0.47720919692100405,0.0,0.4701384449277236
0.4224909429966358,0.31235529550060726,0.27391766744314927,0.6346748399759135,0.3120097763170108,0.39171724598933644,0.39305468885498934,0.20631485054061907,0.26807384381014504,0.6718231900893112,0.0,0.645849906800058,0.5068537048084252,0.6050909381413985,0.0,0.5078976559239193,0.5872058073225523,0.5842158987713147,0.2355152119275919,0.4954911602241664,0.6320801642333235,0.3729283917142186,0.3376772048937769,0.616930152306835,0.6701211608773816,0.036420307998900836,0.3208483159159422,0.5132086889146544,0.42002893019352755,0.49198226721241667,0.48855253239253005,0.34250579923477975,0.5611859010569413,0.5661189024369868,0.537436988216561,0.35665012850356326,0.7042407219665315,0.6913759606879171,0.6118833249641373,0.431188396356852,0.5026317515561728,0.45711967135450304,0.6445567768661049,0.609760676002409,0.1970926407436675,0.0,0.0,0.311727753255787,0.4701693371392087,0.5512512677626766,0.6905526444403527,0.4511127186474774,0.6690190259278264,0.6997497010815676,0.5057821995693027,0.4867242119869049,0.4072032436681705,0.5803304505437636,0.6203916104410802,0.0,0.0,0.0,0.0,-0.06835833611259423,0.40066498842655984,0.0,0.7548501814533874,0.5665649904407807,0.0,0.0,0.9744978315754902,0.6123651942527618,0.6184422389658222,0.42757623694530156,0.0,0.5553266205981956
0.4193676482417181,0.3978581307360291,0.49310875900238776,0.3979620448110489,0.6108167784033878,0.5889275220333918,0.4818727160392302,0.6698862162599268,0.4494036334699666,0.33214298588782953,0.645849906800058,0.0,0.6106119341535545,0.6575418671478218,0.7800439809253903,0.6380606362913914,0.49154875657264174,0.5614677885040134,0.6144555933710557,0.7432977179833808,0.4701702892835663,0.41755680755039243,0.6082807655738793,0.37252164262766674,0.5591752653899777,0.36291143962431793,0.6198149290399259,0.7284236126561029,0.9091929456778564,0.32605909675449285,0.5965306723553312,0.2739930530941278,0.45240653350214965,0.5182399271186413,0.5079847838631517,0.5944609791171142,0.7266085889404027,0.2970035094577857,0.9029210237658605,0.3129753352226463,0.3810094948590462,0.33554020586015537,0.448807530986595,0.45722794468556727,0.48743697021856613,0.2650625963333826,0.5388702881570202,0.27519666350280825,0.19785413466320045,0.24659066274928532,0.34654385076882355,0.5059025734736988,0.24863585927717496,0.42707760204558076,0.29358551737664745,0.2708655460771372,0.42466687939868253,0.5771815354241183,0.6992373698486083,0.6842500120097814,0.059626401374414106,0.23993520187706285,0.4468637014184652,0.3552625758277962,0.7963912790644738,0.785849484662023,0.4620215067561244,0.5046801660313265,0.30181789601013764,0.34935020848399256,0.28000570907890127,0.3690510582840961,0.695987795793567,0.4996076248962626,0.0,0.4898285181995964
0.6267400939736089,0.4896504364449026,0.5510780393014758,0.5821943267022792,0.6466170559321406,0.5231962329993636,0.6238291667484659,0.5457456427992455,0.6209782168875314,0.6958484853825385,0.5068537048084252,0.6106119341535545,0.0,0.45140877299951054,0.6956455844188512,0.5268412968859401,0.5064867776814493,0.6182015190745953,0.46051223452391654,0.5926919129871882,0.5615056623949518,0.4444577547455105,0.559332826658136,0.4731766923076809,0.6326327084032244,0.6768480068749787,0.47072929435917166,0.6041203473600476,0.6422068808993706,0.6527242088623956,0.5686136597687717,0.6898191921118226,0.6587550636549946,0.49035377904059235,0.4425559018953377,0.6582875997942494,0.4457953154118556,0.7117206534650548,0.5327196068171144,0.5191206257985401,0.5999074215499265,0.45143241821664326,0.6822037481451831,0.37336557977411317,0.48321762802100454,0.8198834414837892,0.6490143599776432,0.5684601684388373,0.0,0.6588678954059624,0.7340445134985276,0.6067239990996502,0.631176314999119,0.5631433649862181,0.5587578134113778,0.38396441990098196,0.532202093041119,0.6194906345471782,0.423358898214968,0.4286479731403653,0.5199076316792798,0.4283390234215532,0.40288656725188887,0.6735429253963695,0.4638455655708281,0.652748220254006,0.5414295301709983,0.7285834890507619,0.5245725225603584,0.4901895808753562,0.5113257708547594,0.743388097855227,0.6590650323513971,0.576603684202589,0.4293571070756,0.5198974155442617
0.5554669791073323,0.5685224467891532,0.5273679478582909,0.6341826281256384,0.44269912916816245,0.617574265042927,0.5002523297436507,0.6814338699377923,0.5155349337838243,0.6511205916622242,0.6050909381413985,0.6575418671478218,0.45140877299951054,0.0,-0.18779258053038372,0.378667607316731,0.4904437503579734,0.45103393956492766,0.46355759805290886,-0.0496610740595102,0.5959175999978659,-0.16192082545555336,0.473474204222452,0.6963204177017054,0.0062504887173810975,0.21808655112130804,0.45144535315498024,0.6612782299451678,0.46080509798190017,0.8438948774041881,0.8179840418032039,0.5479686658493992,0.8051929588245259,0.6005880445661284,0.30008456178139653,0.4222732261751839,0.47558934831595273,0.5482190096036649,0.7318427673562822,0.0,0.7110207408908678,0.800401079992901,0.6559144923798486,0.5046890912280206,0.0,0.0,0.0,0.5732805053454125,0.0,0.6257964561029643,0.4962507104413527,0.556832834158913,0.6312289304783537,0.3518854684787218,0.0,0.6647728554255559,0.39085160920787276,0.75317516518895,0.5477798112373186,0.0,0.0,0.0,0.0,0.5964393756030788,0.0,0.0,0.0,0.6836026216139692,0.0,0.0,0.0,0.6144444982557778,1.2905678654321637,0.0,0.0,0.0
0.6160709350338778,0.4349561327600442,0.37595468583447295,0.6735614671748626,0.5151246348095899,0.41916069413047113,0.6606442845262708,0.5434558887697755,0.6001867559137872,0.48283261007688216,0.0,0.7800439809253903,0.6956455844188512,-0.18779258053038372,0.0,0.40198792965569563,0.5053551161270236,0.506082724090776,0.0,0.5376076393623271,0.44167412007403783,0.6409890671637983,0.5216859659726425,0.6079296769805003,0.4755501584169664,0.508629293152616,0.28555738451411067,0.5569104421629849,0.26578175348005006,0.1922251885867385,0.4550588965426153,0.1685265995932009,0.40875758099738113,0.3404863979959777,0.20305340197376998,0.43931214627992266,0.018276530809117675,0.34995786125895734,0.08468830858238363,0.10859801106038044,0.2957087840327295,0.11832201807522291,0.3289611168584241,0.6380626988300387,0.0,0.7021168990938894,0.5877117111627246,0.4338571053948484,0.0,0.0,0.5950557933346943,0.6818564804339269,0.49856598958120235,0.491259624512387,0.0,0.0,0.6897883752223175,0.43207457518357906,0.4848153295913239,0.44664000428889306,0.5201096320747823,0.6582238739522692,0.24909550396153696,0.0,0.5719422657445323,0.4918133668161681,0.5832951296131634,0.7543776500412998,0.49246702406798026,0.5360501984415355,0.5184450844076002,0.5362585069475243,0.4061895768527503,0.3216999332967764,0.220210746780966,0.283715236710703
0.7360336304432555,0.34030663399726996,0.3658659948021503,0.05678389696256738,0.48594453226806295,0.3875475606784332,0.478945015326931,0.7358649201454852,0.3153923366861888,0.385131527151684,0.5078976559239193,0.6380606362913914,0.5268412968859401,0.378667607316731,0.40198792965569563,0.0,0.5468556406766242,0.5748973159693006,0.482141933294048,0.34514710045160524,0.38610460934967683,0.44196702938365107,0.5356729329302905,0.46901065488254406,0.6115102839486362,0.37225549924664075,0.42889432063610333,0.42310076977883737,0.41249683561451805,0.5153410620539749,0.35142577337926467,0.051526181486979045,0.2965135352190705,0.3252833124770406,0.2970137260776039,0.6487548793477684,0.41899073415275334,0.586551983613249,0.5829282961370937,0.5846463665124276,0.6100388319848079,0.43294866722181524,0.5071020784220619,0.0,0.0,0.6053745408759237,0.7074752358062347,0.0,0.0,0.0,0.454693073677318,0.6016845201998766,0.8819155612474316,0.0,0.7562915830089724,0.0,0.31921217563022786,0.446328016706544,0.0,0.5000538661329512,0.7150085557153137,0.5884125686406461,0.7739592121034378,0.0,0.4431845530271684,0.548006407405662,0.5763149043277325,0.575161370921461,0.4734056922310483,0.8259970603161808,0.6124397522082023,0.44669688936845786,0.44667989864156055,0.5587416083177779,0.0,0.5351643563691298
0.5048489422172124,0.6882137409596705,0.6528866957823412,0.5874216265142325,0.5610079947256454,0.6167134348763622,0.5074171911231412,0.44225143580208226,0.4952243936765133,0.38424128289307424,0.5872058073225523,0.49154875657264174,0.5064867776814493,0.4904437503579734,0.5053551161270236,0.5468556406766242,0.0,0.5703070336777669,0.6581997360919248,0.18801407445623716,0.5604946178994622,0.5276824613039361,0.5029147833955535,0.4327362037504958,0.6226398724252746,0.42142687244427685,0.3863093890803573,0.6361132294396756,0.2948520413105074,0.41967411240633057,0.6516874506909486,0.38064374261400086,0.4697876713216395,0.382773122458254,0.39731714898254183,0.6353051426215699,0.2793202793248674,0.2747155376543082,0.5979486238353287,0.47971251219479105,0.3779341312437655,0.5489955482343637,0.0,0.0,0.42033862740381345,0.6349353011677312,0.5556498024879774,0.0,0.0,0.0,0.0,0.0,0.0,0.0,0.37937930437687173,0.0,0.34672104263356307,0.3256878754070517,0.0,0.7814325562251032,0.5603331419614899,0.3697272936757419,0.4933963550898543,0.0,0.0,0.0,0.5488026742592396,0.0,0.3875088417922399,0.5083069327522834,0.46325767203272755,0.0,0.34210270850305136,0.4782090124571441,0.0,0.49709956610759887
0.6853838553588556,0.569066576133924,0.5500852757889413,0.5084295730001274,0.34386538748571105,0.41482782536115026,0.5303097160821828,0.8044481895008444,0.435164495973192,0.41583385046039756,0.5842158987713147,0.5614677885040134,0.6182015190745953,0.45103393956492766,0.506082724090776,0.5748973159693006,0.5703070336777669,0.0,0.5309547802206613,0.401334969989158,0.6342908900993496,0.521672567466464,0.6424239006681745,0.4255962691747427,0.6909156400655581,0.39078665741278135,0.615785574651025,0.4372271709987563,0.4507491402181014,0.27296256631956184,0.56822036646009,0.1838985728681571,0.476918626306428,0.44895179463925394,0.23956781954697912,0.629470756700276,0.26699320969952717,0.25326657977671696,0.6893648524199782,0.5676730484266964,0.5421674984759257,0.4894383818492173,0.0,0.0,0.5076911226096503,0.6743985685075278,0.8198207107918398,0.0,0.0,0.0,0.5099130720076537,0.5746645754359199,0.903814509281279,0.0,0.5412708448746915,0.0,0.4673652220217541,0.3406831282329285,0.0,0.6356969893986768,0.7799007831623683,0.5229508309876999,0.6040215581977397,0.0,0.3790146568872911,0.6734237733051585,0.6305935253806655,0.7981329042228147,0.462301369026278,0.6647824329719841,0.6097500086707148,0.7083228738441207,0.5560052590169562,0.4772482936874283,0.0,0.6562240731336888
0.0,0.5691479054535281,0.24240880071922877,0.6588853130156014,0.2513011165406588,0.5374749862069912,0.34959342888065553,0.23332402234818597,0.1525699697464586,0.705302624795326,0.2355152119275919,0.6144555933710557,0.46051223452391654,0.46355759805290886,0.0,0.482141933294048,0.6581997360919248,0.5309547802206613,0.0,0.49926924107521364,0.45472848464343796,0.5915776103812618,0.2707078307151377,0.526171739111462,0.5540912897357099,0.5392105759476579,0.3212551883468809,0.4979721976470569,0.6144502858059204,0.620061927357102,0.5019866253350954,0.3632880829008542,0.5479033238865778,0.452593522726386,0.46762874599272053,0.33906634988131423,0.4984987744748913,0.5367912914626186,0.7561983993015774,0.388736265134325,0.39897351503847445,0.2285841911640687,0.6138100053875205,0.3542066399616131,0.4294461341913953,0.0,0.0,0.043396852581852385,0.0,0.5021247049706176,0.4888465256946036,0.5082051297476309,0.589102091959068,0.46566550774514615,0.9550093356370357,0.17490144421865889,0.5240750976844812,0.48527696156491135,0.5112405822359347,0.0,0.0,0.0,0.0,0.7093993694334316,0.470489190850633,0.0,0.45786034377261053,0.6299932664384277,0.0,0.0,0.0,0.5861867531163366,0.6370320135335316,0.49443610624604617,0.4837433872245107,0.5894905416171923
0.6390917137081487,0.3973787155264772,0.3633905831898944,0.23199001458346347,0.511450127735039,0.3391606369607476,0.5076495838700299,0.5122024988266005,0.5280662434199397,0.45448637483239007,0.4954911602241664,0.7432977179833808,0.5926919129871882,-0.0496610740595102,0.5376076393623271,0.34514710045160524,0.18801407445623716,0.401334969989158,0.49926924107521364,0.0,0.30512031531494227,0.3918057972881071,0.5084509566243196,0.5625868896938677,0.6011734432283085,0.3120281972996405,0.42091466144051237,0.55985079133683,0.48190371744386523,0.38293483916543847,0.4402343378149013,0.07823971967323068,0.047577867332997986,0.26363742227773557,0.12551134896972266,0.4222053199900615,0.2967857274622637,0.7756500822329107,0.3169692992930397,0.4121743860092711,0.3623945249987989,0.07389675464210221,0.1877445472655349,0.2330154823856287,0.20995626526086336,0.5462075660847507,0.3992017446012526,0.44974262643083185,0.0,0.0,0.44785842360376527,0.594251516300789,0.49055170050832486,0.42087991370051014,0.9787635796572078,0.0,0.598800684327384,0.3517094318594598,0.0,0.43199900247103984,0.3343622977851082,0.5078133075360556,0.6207803127706941,0.0,0.3342286792084321,0.29826009024095823,0.398314822092131,0.46712604609914815,0.0,0.5776255473800082,0.41162716684970035,0.34495131239522925,0.4012808058286656,0.3493178243890223,0.25763558537794273,0.32964300527482987
0.37584652645426936,0.43474200608923186,0.45732342688077043,0.42646678180411013,0.6762599548966466,0.532875394723432,0.4962298795806087,0.5036268106059952,0.39290439949983186,0.6576459123810943,0.6320801642333235,0.4701702892835663,0.5615056623949518,0.5959175999978659,0.44167412007403783,0.38610460934967683,0.5604946178994622,0.6342908900993496,0.45472848464343796,0.30512031531494227,0.0,0.5546921944350467,0.544185206381161,0.4320118823961277,0.5158257065320677,0.5300368353387135,0.3918637054650989,0.5239667817313138,0.34862385745991836,0.42325596255710785,0.5947355203657736,0.2303629399971755,0.5040729477692556,0.47646300724441015,0.35965219745550053,0.46910119427118935,0.3464152042841042,0.5868134349909446,0.4733949379851379,0.5355049886957817,0.47696478999372527,0.17267323835942572,0.605604217612836,0.0,0.0,0.7207561072505742,0.5700954807868013,0.6453529392643251,0.0,0.0,0.7769321392910256,0.47548163484222716,0.9049623881066731,0.5154244460413173,0.6392747644400887,0.0,0.7837486001151979,0.5410745094497125,0.0,0.6147828924958509,0.5742154370233807,0.0,0.23181245708826534,0.0,0.5146568381863804,0.8067497521342524,0.5826105669773226,0.733760096164185,0.8339495942774817,0.4099700511380865,0.6667858997835816,0.6436138727396046,0.6932156802605224,0.7198184894606915,0.3852548988744452,0.4220703158078051
0.5854986715463166,0.5387574393790664,0.5894189347034922,0.1952250310446303,0.4103146003510303,0.3257889218723552,0.4128503479002103,0.41263021976546826,0.3872841202052266,0.5195779267568861,0.3729283917142186,0.41755680755039243,0.4444577547455105,-0.16192082545555336,0.6409890671637983,0.44196702938365107,0.5276824613039361,0.521672567466464,0.5915776103812618,0.3918057972881071,0.5546921944350467,0.0,0.619428371508616,0.42679288387597536,0.7212111232323266,0.5038570706423438,0.3306415385145294,0.46177716532324475,0.3551561290434223,0.4901711338907928,0.465617574597471,0.2042176522493646,0.27132268576058977,0.3600868626216396,0.24225991883271558,0.31918884288476745,0.5575239041181873,0.5724925491213959,0.45913520746221326,0.4363232341854919,0.47292286937101624,0.3334536144620823,0.4123010873824151,0.3535047651052862,0.2429371548583102,0.6185257057999893,0.601913380170603,0.5142737372490769,0.4880750294466743,0.2483910642064298,0.6563618985881458,0.7134800536443853,0.26695475810162284,0.6020023617320023,0.4321975605939803,0.0,0.5234283620854228,0.5409405182536356,0.0,0.5870372283694006,0.5581518513568964,0.46588910355749,0.5386635625751326,0.0,0.4225563412423944,0.5363612460685709,0.592228622520544,0.5028507990896457,0.7874551544785993,0.5995954719848291,0.5204953381364272,0.47283853701642903,0.44076643315614455,0.46388083723495027,0.5545913988598018,0.5387235732217829
0.4300349600281935,0.5199463579685939,0.23432891804692427,0.5588634250909115,0.34288195458392345,0.4360402618588013,0.4984994905765072,0.5050894590498562,0.34664951834507324,0.7197785790385348,0.3376772048937769,0.6082807655738793,0.559332826658136,0.473474204222452,0.5216859659726425,0.5356729329302905,0.5029147833955535,0.6424239006681745,0.2707078307151377,0.5084509566243196,0.544185206381161,0.619428371508616,0.0,0.4699003646680463,0.5949845971263468,0.3769615652940172,0.4132815003183755,0.4842347407702193,0.46379020970157425,0.437146546882253,0.612869303269993,0.37320605248154465,0.23036675159241427,0.49105595555541154,0.4237338214694256,0.44353545056598054,0.5871191987735338,0.49730703218370576,0.6134008267121625,0.6917339848503506,0.4156252738526489,0.22342885477181562,0.6970102646030003,0.5798454263052806,0.56763831680861,0.40756247044075555,0.6137837711780649,0.0255456179291354,0.20358076786942966,0.6103091434798782,0.776837916600285,0.7008797850480023,0.8033407675422831,0.6247321192371234,0.589085916574335,0.18519345686348526,0.4844637172231579,0.6197135194427509,0.666312226829114,0.5942951058003481,0.5916729752021392,0.507099931494815,0.3976266999501009,0.44838751157177625,0.5107116470843468,0.6353884727607179,0.4875339617488278,0.7472322255566943,0.21657173481934258,0.5352161480326025,0.4240929822600794,0.6515428321984158,0.5994849587422812,0.579144297788598,0.5209914557968645,0.5477426836508608
0.5641676698697595,0.39006189294934024,0.4420658694326135,0.23306566907432483,0.5599555511747822,0.5001770472638114,0.592178635727145,0.45242326259639365,0.3780101680273472,0.3861891539055561,0.616930152306835,0.37252164262766674,0.4731766923076809,0.6963204177017054,0.6079296769805003,0.46901065488254406,0.4327362037504958,0.4255962691747427,0.526171739111462,0.5625868896938677,0.4320118823961277,0.42679288387597536,0.4699003646680463,0.0,0.4757793579767453,0.3065300852262902,0.481479114288616,0.5839158128984132,0.44712363214255524,0.8610857144239907,0.6630219005969713,0.4614463513990272,0.48115998933321,0.3409064939180353,0.43072136853765547,0.40801930565667377,0.36215849252936394,0.3161418632800512,0.7727446110156988,0.6111673517734751,0.5287513261277862,0.6714344741129592,0.6123076092896729,0.39404007716671746,0.45092821224377866,0.5240015042748055,0.5831908403122854,0.0,0.0,0.5123836173910394,0.5971422206177845,0.3348112514132949,0.0,0.02612067272519037,0.37485242840659594,0.5806579298472994,0.39427429906939315,0.48322032020421607,0.0,0.2306232141693666,0.4006553490854171,0.2875216540627862,0.504567070704458,0.5062704430511351,0.36186403300962344,0.4556924743090558,0.20179446445003135,0.830907184623269,0.37086443752537585,0.5071750650322088,0.42129042732492095,0.5197169716825458,0.6885714148075237,0.6801027114660575,0.0,0.5114703727019975
0.547659670776004,0.3800301273371107,0.39317321206615324,0.9155759659090186,0.45372496815773394,0.4227971184186171,0.496712125056201,0.7586630348569989,0.3581028304225844,0.6891927519090699,0.6701211608773816,0.5591752653899777,0.6326327084032244,0.0062504887173810975,0.4755501584169664,0.6115102839486362,0.6226398724252746,0.6909156400655581,0.5540912897357099,0.6011734432283085,0.5158257065320677,0.7212111232323266,0.5949845971263468,0.4757793579767453,0.0,0.2473945897406739,0.4728917422094093,0.5328966816336084,0.5181217070357198,0.16416735866964724,0.5281580315563988,0.17011044359628638,0.43669464456120344,0.3665365429553724,0.1832678244384452,0.5596727946595621,0.5814410211514549,0.37876351803665487,0.643827563294743,0.6395728058407576,0.633100494226339,0.5394638948219662,0.11877926692804879,0.0,0.3905271015047095,0.6988456500129077,0.8437237519568384,0.0,0.0,0.0,0.580669871390906,0.4122226200955906,0.7291648366283172,0.43018416635378065,0.45212347221950133,0.5189613579001632,0.4700572870083691,0.35493134141727567,0.0,0.5668364612205029,0.7753420338840022,0.47551504544475987,0.6478069431198288,0.0,0.6251506233083811,0.4852459752798014,0.7340899451155725,0.47732278719466703,0.49095190615084733,0.6830245918873534,0.568389892617621,0.48064820812031483,0.5919492256346056,0.5072960543856928,0.0,0.6613320743329725
0.501793415558158,0.33165674023904623,0.5082303052110352,0.6250241221150401,0.37902653328939595,0.45126766196292517,0.6497169554774681,0.5763376170654575,0.6419780084429325,0.45771269758206506,0.036420307998900836,0.36291143962431793,0.6768480068749787,0.21808655112130804,0.508629293152616,0.37225549924664075,0.42142687244427685,0.39078665741278135,0.5392105759476579,0.3120281972996405,0.5300368353387135,0.5038570706423438,0.3769615652940172,0.3065300852262902,0.2473945897406739,0.0,0.3959220857292136,0.5200272941741539,0.5491470704682784,0.483819252622837,0.3176534800351635,0.12715269182058628,0.2279226579951581,0.27610881078914873,0.20609024093425388,0.4742543108678257,0.48318033087900786,0.2553222198251591,0.4561449120461387,0.4514296536738361,0.5713182125126617,0.3140870035852067,0.22866420509700788,0.5479555544520276,0.4252042949701839,0.43486070469834504,0.6696114386019232,0.6471326439183456,0.0,0.0301241128741735,0.5856160533305022,0.42783742908064926,0.5958279466238801,0.4128679801299997,0.35315082710410106,0.0,0.39558523959580094,0.5373686863549674,0.0,0.5224698431714812,0.6027650436612072,0.3623256740699732,0.46865943140539523,0.0,0.4227576267369972,0.6370745021441195,0.6750779139498839,0.44068493698648137,0.39665565062389224,0.5110414134955146,0.443414303566913,0.43331489580889115,0.5185753713367649,0.6239733275798448,0.5170807504192036,0.4626961866181799
0.4324421245741953,0.2811237763773913,0.2574798496615802,0.41511233166630557,0.41789441755056284,0.39230057369544624,0.38266146863957096,0.44286718650596435,0.46399429708550244,0.5086553486807477,0.3208483159159422,0.6198149290399259,0.47072929435917166,0.45144535315498024,0.28555738451411067,0.42889432063610333,0.3863093890803573,0.615785574651025,0.3212551883468809,0.42091466144051237,0.3918637054650989,0.3306415385145294,0.4132815003183755,0.481479114288616,0.4728917422094093,0.3959220857292136,0.0,0.4419881808227789,0.39958087946282067,0.21845958545591104,0.4643166726751774,0.20691088342853287,0.16644495403734233,0.3038505287565742,0.21866651908685017,0.28878250998421173,0.4841488516838349,0.565020016535607,0.5540953381415961,0.5942814935688898,0.38153388870958416,0.2220415350689967,0.6667811226738782,0.6499377946141911,0.39000630630749594,0.4395527156135256,0.4246487421506457,0.6174433728485353,0.16830209216613765,0.46233797282714384,0.7466713757977891,0.619793487866726,0.6539697304468388,0.5728602528547453,0.6838343931571156,0.5649262314722396,0.4025820965161934,0.5967039177786813,0.5517372453486796,0.4250442202553669,0.45988280262246284,0.0,0.5233097734358512,0.612450305165674,0.4303111893089093,0.5380540029804796,0.37542126480373583,0.6431878809136529,0.0,0.4945090375203302,0.3625866158669312,0.6459188296135623,0.557334778263651,0.500787179711977,0.35362725986934407,0.46995336575693886
0.4673444141907517,0.4450550854809342,0.6151624272820175,0.5371712681546051,0.7705426789606737,0.6076100755848703,0.5637804905847632,0.5601857394869687,0.5506239056723153,0.8273404171899632,0.5132086889146544,0.7284236126561029,0.6041203473600476,0.6612782299451678,0.5569104421629849,0.42310076977883737,0.6361132294396756,0.4372271709987563,0.4979721976470569,0.55985079133683,0.5239667817313138,0.46177716532324475,0.4842347407702193,0.5839158128984132,0.5328966816336084,0.5200272941741539,0.4419881808227789,0.0,0.6809808619463131,0.4966396862349301,0.6554787706846765,0.5645423615580973,0.7491819153611794,0.3995772921102666,0.48922554492552117,0.77151668180079,0.49968013270763467,0.8746492211098439,0.6921260571945189,0.3775489490158893,0.7001218023390301,0.24069214544557113,0.6407730137624948,0.7285215746078226,0.6611443449940192,0.4673743467973899,0.5425502200642265,0.5278159983694747,0.0,0.625955031383283,0.8209117419082594,0.6135262173229878,0.679154228197827,0.4888030128366755,0.643749397174796,0.5730699038316258,0.47749918037864936,0.6352007719528188,0.39923337644785845,0.47191988629127607,0.3409742950684876,0.20835070183975013,0.41837512596696264,0.5475536763027358,0.4853520128126148,0.6567783877249278,0.4610324489674861,0.729448816032414,0.5734397823538244,0.4493396220076439,0.31920248104929794,0.6846195923005252,0.6899672644204259,0.6146541118790594,0.47559603738659695,0.5799826962838281
0.6049478206318429,0.3690558646564159,0.6541550021387627,0.33355568507203587,0.48554650125520404,0.39874779163753327,0.5614842892703529,0.5413091993926168,0.5816856376866526,0.4025999359015173,0.42002893019352755,0.9091929456778564,0.6422068808993706,0.46080509798190017,0.26578175348005006,0.41249683561451805,0.2948520413105074,0.4507491402181014,0.6144502858059204,0.48190371744386523,0.34862385745991836,0.3551561290434223,0.46379020970157425,0.44712363214255524,0.5181217070357198,0.5491470704682784,0.39958087946282067,0.6809808619463131,0.0,0.23316907497586853,0.7007021847932575,0.1734165575331766,0.30042650909328006,0.4264902427290648,0.20207391217724407,0.37555398044025184,0.4610184506857629,0.6661245533036182,0.48292868457340266,0.5792093197866035,0.395141370120343,0.31952740700916404,0.4068746631345613,0.5339531648928753,0.6109484253766369,0.43789521568505146,0.5293746116669362,0.5770388030632245,0.47158509481293576,0.4308990857830105,0.7129554903662421,0.6023672423215656,0.7920941700902757,0.49702031075757935,0.648510416239198,0.43683181848368063,0.5851481173791324,0.5113765522750662,0.7696669377380329,0.4371871876123612,0.4916021195878638,0.48305134219579504,0.40424241129246824,0.5531733020834988,0.43497550097647897,0.4926124883822165,0.3947833457436628,0.6848631120393897,0.4683013317901641,0.5904355514039651,0.4892448798372389,0.55753186583523,0.579746303491095,0.4576264164211875,0.40742696686800706,0.45312013229196557
