0.0,0.025014082739483967,-0.0013437668310480877,0.0,0.000441797153669099,-0.03042811874283169,-0.0010858754946334592,-0.014787740013185113,-9.725022065382172e-05,-0.007252326650241447,-0.00019817755521545077,-0.014698531414437277,0.0007695272543586373,-0.002749377769427186,0.0059418052038741065,0.016787939369381444,0.03134500201883561,0.020593591800528166,0.0,0.004859399465609537,-0.005502482312477741,0.01736950771086776,-0.026230416198725903,-0.041544452026243406,0.007988795299181117,0.0005879373371893704,-0.009704916157505072,0.04220465932789502,0.02541738359418705,0.004069678913112107,0.021255431144135084,0.004071279179680809,0.03180887319145165,0.009471912091726098,-0.0282251545854314,-6.440705283705661e-05,0.0004556523426990089,-0.04620190388659223,0.0109658620489273,0.04504225572310966,0.026058804502611832,-0.027577889081754403,3.8317388738606795e-06,0.0,-0.0003293024220468177,-0.00160103459648131,0.02928367552133293,0.0,0.0,0.0,-0.0023080855435317904,1.1102230246251565e-16,-0.0010337913581447422,0.0,0.03044567851818164,0.0,0.009305566061626691,0.00018713281523558,0.0,0.00033120092989175065,0.03256394141487423,-0.001564584087601406,0.035623271495837106,0.0,0.018334328120148347,-0.036018366848835304,0.026124390045266566,0.0027429325060775445,-8.963065887679367e-05,0.027061885061058333,0.008486818462574597,0.025711357224900533,-0.00025558077743337293,-8.665173204780441e-05,0.0,0.02621617978237356
0.025014082739483967,0.0,0.0020687535944089452,-0.000159909281009063,0.0059422696865644165,-0.0019819184899414477,0.0052820613627438395,0.017906344797040674,0.005229511990928026,-0.006160404014280696,-0.000216199278450957,0.0076560286905800745,-0.0022995026823735554,-0.0004382382768400861,0.0026195351884928386,-0.0005717925751558273,0.0005828047077877097,0.013566634191775617,0.001287959335197375,0.008713032391821973,0.02636029519096922,-0.0021524624517120783,0.009190523632031988,0.007264703785859694,-0.017657050471115876,-0.0214249134427118,0.0054042621092667,-0.006485907668711988,-0.0023865588796810333,-0.0016811685452594594,-0.01193013344025684,-0.005976443075046467,0.013917173077225786,-0.011099153084752844,-0.0005835743554298833,-0.002650552355861757,-0.0002608167025032748,0.0,0.015558789058059297,0.01318175396838872,0.014294158336316032,0.002262060540377142,0.0005901231953990838,0.0,2.220446049250313e-16,0.02290113531042476,0.024504847320401868,6.845909430008845e-06,0.0,0.0,0.011794058005155594,0.001439936761536198,0.0005016079155319431,0.00027723822025821354,0.0010463154104098371,0.0,0.03414505422023778,0.00832671506825533,0.0,0.01305491976427825,0.01841570065499404,0.002480312632672621,0.027000344535982768,0.0,0.016737534492730688,0.012186802123485607,0.012021253203446325,0.027276387312915373,-0.0012138680320726292,0.03426371056038319,0.018463539940217766,0.013739496953248054,0.02304395139619414,0.01666617028677575,-1.1102230246251565e-16,0.011219038915424528
-0.0013437668310480877,0.0020687535944089452,0.0,0.012851811267211244,-0.00019217421446399152,0.0068244827018993925,0.01605786219945804,0.02345630817333033,0.009300171789962008,0.004641678621534251,-0.003553036896503492,-0.0015554673350695603,0.013624520313312571,0.012154538560901818,-0.0007034027303616797,-0.000341502070165034,-0.00045942017345040886,-0.001564246392374291,-0.0068524646112045895,-0.0008634571402593716,-0.00378402213321527,0.0021349290984970515,-0.0004819047594471493,-0.0014161931304634279,-0.0053173063539196375,0.0050329010872693924,-0.017852642447205802,0.01555038985594659,-0.0037665298379573886,0.0010597612145994972,0.008286724235550103,-0.007739823012615943,-0.018975832315583807,0.013777532499478995,0.014913554146652352,0.011804992972808959,-0.005664749385518919,-0.0019949002343229716,0.03229307668134529,-7.847568300745067e-08,0.03857937708712289,0.06976091722791339,0.04530271030447708,0.05474043089026914,0.0,0.0,-0.00032245406914277464,-0.05316266468074088,8.606187930082498e-07,0.046235710960994325,0.035277050142233035,0.04387501854215481,0.029936570237668936,-0.055748412114044965,0.00035562453079679424,0.048396506150644,-0.0012843120262868157,0.03867314738756156,0.0108519518771939,-0.0003342312090310884,0.0,0.0,0.0,-0.1129539806728399,-0.0002288917480542385,-0.0005598723726520927,-0.0005120461415401567,0.04499187117823633,0.0,0.000139428258957075,-0.0011421237363163361,0.03457513055578465,0.012069679857724891,0.03194188934940878,0.0006686342971919945,0.03275071244139083
0.0,-0.000159909281009063,0.012851811267211244,0.0,0.06586153925456228,0.01985711365710524,0.037489402509595204,0.013170701984287436,0.012573913427816275,-0.010606023582447055,0.017905148522178504,-0.006141359822600667,0.022779006616583886,0.032539098762252805,-3.909569689547476e-05,2.6270826411378678e-05,3.1800141187532383e-06,3.9189903491831934e-06,0.00027674584594228335,0.0008366530363630442,0.0003790140062466807,0.015984799133543115,-0.0016190468224669963,-0.0020519127976975082,0.0005558291172029772,0.0019280641018045164,0.00471661608549151,0.04330583166906421,-0.0018305667480179033,-0.0002059151180203722,0.019034941238478764,0.0032690673446939544,-0.016288422289309934,0.018295335646363875,0.017057539130213017,0.03055812464736421,0.0175220557077575,-0.007133968229396215,-0.013082115994957344,-0.00038713514638172297,-0.0003116315696881644,-0.0018394567281225238,-0.00223340091098434,-0.023909437435080783,0.0,0.0,0.0,-0.000706645860092725,0.0,0.0,0.0003836076338925576,2.220446049250313e-16,-8.969131265634811e-06,-0.00033594247331225624,5.551115123125783e-17,-0.0010029303909664389,-0.000912848454090065,-0.0003276826030489399,0.0,0.0,0.0,0.0,0.0,0.0,0.0,0.0,-7.90807616013467e-06,0.016484411774346674,0.0,0.0,0.0,0.033985424111172224,0.0016469992182120419,-0.00013818962901201992,0.0,0.0
0.000441797153669099,0.0059422696865644165,-0.00019217421446399152,0.06586153925456228,0.0,0.02303399163571268,0.019128383556115847,0.0669150107691821,0.012810187242328186,0.02074361570013905,0.022183911968284897,0.024912205064361925,-0.00530806980140075,0.050206276052725485,-0.000519338785556267,0.011547993602304019,0.0014948449469547875,0.0028489322660736893,0.0020443138562166174,0.01999143939050657,-0.0020737987294990323,0.0034075828534194663,0.01630877685951526,-0.0005164736878099374,0.004873704159060854,0.0024961457260744835,0.01743380888832685,0.05475686891316345,0.03570508610073336,-0.00020214761134712544,0.02857108127734065,0.015471546372343492,-0.022616459228092523,0.02389812957502596,0.0467004876443704,0.0541250244804351,0.062261933931555935,-0.0007428483379022799,0.02983156987579011,0.0007903340318446972,0.08966974619027784,0.00047035243844251173,0.07045029166325856,0.002119416164621024,-0.0004222321423210662,1.1102230246251565e-16,-0.00018615169862512548,0.04581006472674509,0.0,0.05173530852576547,0.05950780281639023,0.06350325589818295,0.06160446555623872,0.05752532036249847,5.551115123125783e-17,-0.007207224307668958,-0.0003537103497077143,0.05391019179697493,-0.002213465759132005,-0.00028796095233246666,-2.365314931346285e-05,0.0,-5.551115123125783e-17,0.011174832345756502,-0.0001837804767897966,0.00016886539327587435,-0.00024908274799695374,0.05040528162723079,0.0,-2.5160251462819083e-06,0.03470660609136944,0.05662952763949858,0.04083754389296429,0.05346845811337203,1.1102230246251565e-16,0.0548970238823524
-0.03042811874283169,-0.0019819184899414477,0.0068244827018993925,0.01985711365710524,0.02303399163571268,0.0,0.015143298203864564,0.0298518622915937,-0.002740718548331189,-0.013672187073132946,0.03543197495642919,0.022160353101551067,0.008286895096031699,0.015161295287492438,-0.007509199078280515,0.01414160323279895,0.0004927841106427411,0.005204585210258961,0.01927514896178706,0.005575270175597891,0.01840872866801674,-0.005267709610925875,0.0017743441013077232,-0.0012191133288632638,-0.0051437953585271035,-0.0034120412346937967,-0.0050271037807179675,0.01517094768329158,0.023273895200600914,0.029908944288582484,0.009238818512617764,-0.008594156292236421,-0.006285982568940807,0.00895138089073877,0.0055634543825136,0.034091912398022894,0.016977795251779948,-0.0028660716894601257,0.04587744893310458,-0.027283830776751394,0.043990472543918524,0.05303544110262637,0.033508359206003535,0.04808909309576587,-0.001840352153596847,0.05253302453633818,0.012568482375796497,0.036273221096422836,-0.00051583841255054,0.038593748403842554,0.045814620186031885,0.04276972514193789,0.0309183352027389,0.035675792337251155,0.0027044941849831416,0.010608580913098242,-0.001479832902010203,0.03649068608150097,-0.002042274008706657,0.013210026013100118,-0.0017969270852022379,0.0,-0.00026611790822733683,0.028787452004441327,0.027835487960185423,0.01765280054403906,0.0051153109940349495,0.04221058089544727,4.049805687650343e-05,-0.0014407266990941747,0.00776959292338536,0.04257877485453698,0.037067234816684835,0.043710780048735576,0.037029744437657164,0.03481879598855153
-0.0010858754946334592,0.0052820613627438395,0.01605786219945804,0.037489402509595204,0.019128383556115847,0.015143298203864564,0.0,0.06481242955050903,0.027684212150866527,0.010197877669616384,0.03174033538084592,0.030566877845141505,0.021419510571592304,0.027545179462266423,-0.00026623169735950913,0.005509160325879003,-0.0022096499970272743,-0.0024393061252816484,0.01925712865442558,0.016885219133187634,0.001398822816370493,0.00884910466888511,0.02795770671795106,0.014904119153944517,0.012273784669681986,0.020243643710896986,0.017612571912244523,0.06522429442838396,0.03745991506895868,-0.002196110135131102,0.02783947396469033,0.011686367258369135,0.03366987453715564,0.008258124165135217,0.0016957427361014021,0.006915499239287748,0.005894836087887434,-0.004412069041024036,0.07343014850023227,-0.0008860668401422522,0.09459201683652307,0.09878813973468648,0.05109536024150385,0.016497851441161393,-0.0010415957823727284,0.0,0.015852283031156822,0.04569644310549692,0.0,0.05848786966651709,0.04915386064816518,0.052425870888017645,0.05543135490394574,0.04396591175078579,0.00034887316539178315,0.04602594953587036,0.00024277978020031954,0.052065813149683726,0.07654032914136893,-0.0010154245934924644,0.00100353048193913,0.0,1.2505932865336522e-05,0.05194434763687894,0.0010102775009656617,0.00044031737788213787,0.0012858556676343946,0.05300591697483159,-1.2089994073760657e-05,0.0006941916386063451,0.02454973234884167,0.05254903293297619,0.05340898880046213,0.05164639910337465,0.0010931600927229779,0.05082476910660305
-0.014787740013185113,0.017906344797040674,0.02345630817333033,0.013170701984287436,0.0669150107691821,0.0298518622915937,0.06481242955050903,0.0,0.01353321462582624,0.012533398124548567,-0.004549322194197514,-0.003200598084418138,0.04177624604023561,-0.007770226061022456,0.022456110004978158,-0.007168297892235165,-0.00024176304246248392,0.0019326972860130298,-0.0035096407754889314,0.025911227629046962,-0.008444643406752217,0.0019524661568017243,0.017797451242692386,-0.019136091885704476,0.013638033879167566,0.0033019749760075934,0.007698350752707639,0.02005773884392842,0.02925241177150023,0.018207462429237098,0.018962524375689405,0.023725435275783968,-0.03386255200258853,0.023414859388971587,0.026200982805625883,0.022619869481130928,0.00391365460467985,0.0011875818793143367,0.038389642156838766,-0.0013378710656117843,0.027593075380202836,0.012134159309353354,0.0800454239780079,0.008371051211577052,0.0,-5.715204953127273e-06,-0.0013041547796027175,0.0353564759424666,0.0,0.06535765216622069,0.05124011985135207,0.05159356342585225,0.0986953740022889,0.02254020315191896,0.0005542523577262704,0.008478540647130495,0.00014404875064166767,0.048007982071563704,0.0019397005864076333,0.03727587412302741,-0.00013941647907955712,0.0,-0.00010331199674074032,0.0006984477878617668,0.03634639594603278,0.10471260782224123,-0.002780483697415903,0.06496691586731229,-5.551115123125783e-17,-0.0002138310159243706,-0.0036040282889615582,0.05150334664963302,0.03756127102330997,0.05034728735714927,0.05104715510813873,0.03406942076437158
-9.725022065382172e-05,0.005229511990928026,0.009300171789962008,0.012573913427816275,0.012810187242328186,-0.002740718548331189,0.027684212150866527,0.01353321462582624,0.0,0.005498510318500793,-0.012211510755171684,0.01470376998887818,0.026810927791390826,0.006107953100718544,-0.0005019716312374967,0.00976116339218458,-0.0021211785041120867,-0.00782996045861245,-0.032959665616473455,0.01333086152347085,0.011937036532073064,-0.0038101845202485607,0.0022073548960757083,-0.0024437718104916573,-0.01598043077032779,0.0011998334991207282,0.02059933252731111,0.01512411553027282,0.005985009223733184,0.01679335717358993,0.020021958786403615,0.0044303212697774375,-0.013652141165111875,0.019447495507437407,0.028171878960149332,0.01909283562008235,0.013381412473658871,0.00032448542021118465,0.03870446204236977,0.0005738531913622724,0.07087901282092723,0.10908276055418353,0.03374139169433921,0.0857028132676177,-0.0019183657336706017,-5.551115123125783e-17,0.01656429901743639,0.027184935047312453,-4.134453034931873e-07,0.048352529177487,0.03165166942021014,0.04306897404517307,0.015909533374692253,0.02078952441342774,-0.0016694026635530879,0.0182999189051104,-0.0012507140485915058,0.03637347897286847,0.06669213228240534,6.427374104234218e-05,0.0005307806014212546,0.0,0.0,0.011248054172840583,0.00046393958307833216,0.000994495008922902,0.029667710365264666,0.03547264215401025,-9.385794334637598e-05,8.661973062706885e-05,0.024515755085536883,0.030197665564535403,0.032778139523383154,0.03657573333204861,1.623212959900311e-05,0.026642307644893615
-0.007252326650241447,-0.006160404014280696,0.004641678621534251,-0.010606023582447055,0.02074361570013905,-0.013672187073132946,0.010197877669616384,0.012533398124548567,0.005498510318500793,0.0,0.015539730683482411,-0.0048738941117628665,-0.00242642593808462,0.06038352966179422,0.05765706458009856,-0.0013452951397147084,0.007609057882468573,-8.251676821358078e-05,-0.008112686695709359,-0.0041695279486271275,-0.0070273713903200585,0.012505687484784367,-0.009280761508895119,-0.005526569255118574,-0.0067100218295965686,0.017799953007464342,-0.013018982173099103,0.0025667326515602107,-0.0008198629857170125,0.00026715555283030046,0.0023759326991282803,0.008205692006096388,0.008933288334531664,0.0009303024852803654,-0.014752437323165613,0.0033432413404947403,-0.013402300187325633,0.013477777778417077,-0.046290560931416036,0.0486844224326663,0.04199031887578503,-0.0033849335758651677,-0.009184052231282935,-0.001357433358156357,0.11731951623427095,-0.011358290509438818,8.492966461176588e-05,-0.0006517467106162966,-2.347599708685255e-06,0.0003749787328032328,0.001928027385596498,0.00034807947029547037,2.8476139569744152e-05,-0.001837857748428151,0.03256974961621406,0.0001236405533615037,0.03399328568862092,0.008561322724829068,0.0,0.0008331597323187334,0.02398235286220768,0.045601767134446525,0.038054816967540706,7.716683262937174e-07,-1.2537660351530366e-05,0.0006632329656505176,-0.0016495079012944225,0.024113927185328787,0.030924053506506843,0.03801575797803175,0.022650446921358258,0.00038499520890233896,0.017645364847767187,-0.001026273148392376,-5.551115123125783e-17,0.035439206626820874
-0.00019817755521545077,-0.000216199278450957,-0.003553036896503492,0.017905148522178504,0.022183911968284897,0.03543197495642919,0.03174033538084592,-0.004549322194197514,-0.012211510755171684,0.015539730683482411,0.0,0.019172139751397532,0.02729756477053119,0.01579330149155833,0.0,0.00010913139909857206,6.811028808195729e-05,-0.001980691311769478,-0.031682015005551345,-4.998506419789939e-05,-0.0001549002155433188,9.694219892641964e-05,-0.030492853692854205,-0.0022037627811101745,-0.000892760847746199,0.0014445095403172736,-0.019984466813129098,0.02409648642563711,0.02946071441821213,0.00038097603462078355,0.019089962135389826,0.02070491014318321,-0.028336283688836894,0.02159200748982415,0.022209984663864757,0.035627594906101734,0.022928945773398324,0.008778891450612059,0.026712601802773517,0.0007419034813735959,0.02859117096766073,-0.0009324731155466726,0.04130761417555878,-0.00010315154972739826,-0.0006500205779921275,0.0,1.1102230246251565e-16,0.08503553030080924,-8.005863949556158e-08,0.039475337769841634,0.03255079966427349,0.03659014898592522,0.010271849509171704,0.040927499636658815,-0.0006075597335491456,0.008236429205252305,-0.0012815658608462122,0.02317893168580143,0.004681153562323792,5.551115123125783e-17,0.0,0.0,0.0,-0.006967812160943276,0.008092613916880875,0.0,-6.447986982099918e-05,0.03171894519533902,5.551115123125783e-17,0.0,-1.169280872592715e-05,0.028380101276698322,0.016300893763670277,0.0010168318536966647,0.0,0.0257294693738484
-0.014698531414437277,0.0076560286905800745,-0.0015554673350695603,-0.006141359822600667,0.024912205064361925,0.022160353101551067,0.030566877845141505,-0.003200598084418138,0.01470376998887818,-0.0048738941117628665,0.019172139751397532,0.0,0.008210039305007966,0.0027378931161671782,-0.0003332164272720206,0.0008594617133209081,0.024690142824656813,0.023827929264567338,0.02287189783310767,0.0034648341536488436,0.004428873635607455,0.0011409361348425073,0.009300471442308944,-0.007560986712638107,0.007455995872032162,0.014689621434297306,-0.0015315945281775267,0.02351822529016817,0.0030175364363272394,-0.0013122189481606927,0.011194946873666733,0.026254114926513805,0.04660553610728374,0.014625610750596374,-0.020193719382761377,0.07179847005762058,0.0012921826236966805,0.00549306817621989,-0.018965706356722345,0.06530620692252681,-0.05464021145914749,-0.07217971341967344,-0.0008130187808916278,0.0010026280598819381,-0.0806841842913591,-0.016624504281639585,0.001368955365058544,-0.0006006859365303985,-0.0006852377190083581,4.539543973031135e-05,-0.00035144248101859343,0.00029697071712853074,-0.000290251284063181,-0.00020758609728310784,0.02382554276012716,-0.0012182014724287926,0.030099928964891443,0.03487454487018937,0.0003078445898274662,0.00011429569493565106,0.001521248457253599,0.032289435665003474,0.025485581952294833,-0.000353873286156714,0.00044992344104910487,0.0013634730463015776,-0.00017882341485692121,0.001849345247855405,0.012135101079350119,0.027150093386758556,0.010688126969986556,-0.0007235229943900467,0.03252511119877144,-0.00032560100257494895,0.0,0.025212939843770876
0.0007695272543586373,-0.0022995026823735554,0.013624520313312571,0.022779006616583886,-0.00530806980140075,0.008286895096031699,0.021419510571592304,0.04177624604023561,0.026810927791390826,-0.00242642593808462,0.02729756477053119,0.008210039305007966,0.0,0.035275590369441,0.01805089059844628,-0.007145922233290636,-0.006481471686944018,-0.009752589266228795,0.011063004981322178,0.008183400292990473,0.03235577199155626,-0.003395811368456181,0.019022288925348962,-0.002131300385898871,0.003407630646875659,0.0026079281842106283,0.015048927147974012,0.027344406886397554,0.023537327418848952,0.061838029543608286,0.005904525223153934,0.010480391373884457,0.011516594061868002,-0.010052582130888832,-0.02304475667534639,0.023575848482823014,0.016208638515314067,-6.665038808179036e-05,0.019826712136137625,0.03523038372220422,0.07973455213017344,0.12147568021485083,0.025358964456040134,0.1264522459444593,-0.002669119685517918,0.0006256634914881265,0.01900214838370745,0.03869814148515072,0.0,0.04447155450751361,0.04329507535367716,0.05052099854694492,0.03122644838419053,0.03965854913367073,0.000917073501678578,0.016050717100214495,-6.064939373029432e-05,0.05098118758677228,-0.0003393244194948575,0.051101967494975975,0.005001112387003348,-0.00030524273151932846,0.0017861862548246843,0.014102778247197412,0.020323787928629045,0.06743483893725216,0.013863458708357534,0.03995457389600088,7.055184641868717e-05,-0.020714818380374145,0.019380396207138384,0.037273141410512745,0.04864015200563776,0.03524387805208723,0.024427032165156848,0.047824377594958
-0.002749377769427186,-0.0004382382768400861,0.012154538560901818,0.032539098762252805,0.050206276052725485,0.015161295287492438,0.027545179462266423,-0.007770226061022456,0.006107953100718544,0.06038352966179422,0.01579330149155833,0.0027378931161671782,0.035275590369441,0.0,1.9244198945445046e-05,-0.0004537827619590096,1.0757556725693451e-05,9.397079153300458e-05,0.0077887997214415305,-0.00043990427089124484,-0.010152048090898036,-0.0005520087005335683,-4.52218092293899e-05,0.0017401360362869767,-0.00016608349788160837,-0.002842965462619973,0.00016434377742946538,0.06339138513059972,0.00047262807632014736,-0.00022622964892698993,0.02016461092401789,0.032618697370295935,-0.0025147387108681585,0.00904409832939329,-0.0031999019774149873,0.051400886192967565,0.05100822235001834,-0.00021516885829103716,0.005906882138188463,0.0,0.0006458631883118904,0.0008930470535659651,0.09656635078362735,2.3044869396082746e-07,0.0,0.0,0.0,0.027369036972535565,0.0,-0.004176676706168447,-0.001181438468289886,-0.0017428372194650543,-0.0006827537082220725,0.01954936600515622,0.0,0.03168875651294761,-0.00014619295224410633,0.0016817491662938777,-0.0029118800203863926,1.1102230246251565e-16,0.0,0.0,0.0,0.03319372885680427,0.0,-1.1102230246251565e-16,0.0,0.023622588822883372,0.0,0.0,5.551115123125783e-17,0.02215893766018978,0.00023420355855519048,1.1102230246251565e-16,0.0,5.551115123125783e-17
0.0059418052038741065,0.0026195351884928386,-0.0007034027303616797,-3.909569689547476e-05,-0.000519338785556267,-0.007509199078280515,-0.00026623169735950913,0.022456110004978158,-0.0005019716312374967,0.05765706458009856,0.0,-0.0003332164272720206,0.01805089059844628,1.9244198945445046e-05,0.0,0.006425322178129134,0.01057115779447354,0.017532505842612955,-1.1102230246251565e-16,-0.03180236813289877,-0.0061155811409352445,-0.009131874730494816,-0.006667755786417984,0.0027836422374086234,0.02219709094559641,-0.009929227069480295,-0.00490426234352892,-0.027681244465184107,-0.013469436548977143,-0.0018686295957138221,0.0005773579054574873,-0.01451415492790209,0.017441237809902088,0.00660575298536159,-0.014373630340242527,-0.004448706501023136,-0.002276702558708543,9.81196751908553e-05,-0.010201394037791744,0.001679693718970865,-0.0029456694930073413,-0.013674096407133685,-0.07570550520509906,0.00039571677993693877,0.0,0.03664189289979103,0.01753772753194277,0.00037045577978966904,0.0,0.0,0.003627847605910506,0.0018550917959380686,0.020632346011101366,0.00045796055841612615,-5.551115123125783e-17,0.0,0.0005391015288352952,0.0035758334926500046,1.3123658494373913e-06,0.006559285783228119,0.023850482690342678,0.0002246595833327314,0.002726489527599407,0.0,-0.07265666514096869,0.005476496780248086,0.0036090819375039773,0.027089597143005517,-4.626534679069705e-05,0.03270710318370529,0.01724047088903513,0.023515244412532277,0.026839459030503277,0.03256158147721783,0.03198751097735758,0.009688422112346273
0.016787939369381444,-0.0005717925751558273,-0.000341502070165034,2.6270826411378678e-05,0.011547993602304019,0.01414160323279895,0.005509160325879003,-0.007168297892235165,0.00976116339218458,-0.0013452951397147084,0.00010913139909857206,0.0008594617133209081,-0.007145922233290636,-0.0004537827619590096,0.006425322178129134,0.0,0.0034799703914987212,-0.011131796535540417,-0.00015693108178471693,-0.0016767340458404556,0.015561523217516027,-0.013176806975231603,0.012298642657900094,0.028927988257273107,0.005567023056341103,0.009312222393894343,0.02185623685120186,-0.022975911785426295,-0.007816125527601525,-0.0032928657050101395,-0.005313249424598321,-0.020717263054353174,-0.012651327153323677,-0.008338352167218233,-0.035161811535888765,0.0008551000831445998,-0.00036800150963095524,0.0017321905182943742,0.013093376746545926,0.0028798737821636444,0.004812039963967341,-0.0010952784665918536,-1.7112249361406207e-06,0.0,0.0,0.026390554158445545,0.02263488273163977,0.0,0.0,0.0,0.022510446986248822,0.0005764520379789029,0.01438218878184716,0.0,0.03897587462154456,0.0,0.03874311397397345,0.0013933829800079067,0.0,0.00921004586742763,0.015618287968617861,0.00037248165113101805,0.019986857971396987,0.0,0.029290157818150475,0.008534437004557305,0.009181595746889926,0.039542654503382124,0.013314718003643977,0.025705033496783103,0.013578452494370341,0.0408439857693651,0.052770961877539546,0.03883230721183234,-1.1102230246251565e-16,0.005373988738965607
0.03134500201883561,0.0005828047077877097,-0.00045942017345040886,3.1800141187532383e-06,0.0014948449469547875,0.0004927841106427411,-0.0022096499970272743,-0.00024176304246248392,-0.0021211785041120867,0.007609057882468573,6.811028808195729e-05,0.024690142824656813,-0.006481471686944018,1.0757556725693451e-05,0.01057115779447354,0.0034799703914987212,0.0,-0.006666345950361641,-0.00019681662270598643,0.002566113863672226,0.016845865884891287,0.013264437767776582,-0.00013764061953769335,0.01789203599220912,-0.010631113686942972,0.02080320914002376,-0.00012562194247112135,-0.013368982425567832,-0.021665060534000136,-0.0010164780268978602,0.0017645527482116896,-0.020887118450676034,0.025141883172199675,-0.00554537012765266,-0.024333693625757713,-0.0007317719274997359,-0.00033880341646541634,0.02277553633742302,-0.05414678738953488,0.049024751656774224,0.004846514558489057,0.0006869336802245996,-5.551115123125783e-17,0.0,0.00029503347648524025,0.004571370715832801,0.0003033409557756661,0.0,0.0,0.0,0.0,0.0,0.0,0.0,0.05086486729313405,0.0,0.04984403674216831,-0.000874576394071902,0.0,0.00023221543588064497,0.0284300603442324,0.06265764074382885,0.041997875448563926,0.0,1.1102230246251565e-16,0.0,0.00014521135318534828,0.0,0.03759579057134993,0.04111971157513805,0.03426676591374461,0.0,-0.001597703449710941,-1.0312814156199224e-05,0.0,0.0034123298741146058
0.020593591800528166,0.013566634191775617,-0.001564246392374291,3.9189903491831934e-06,0.0028489322660736893,0.005204585210258961,-0.0024393061252816484,0.0019326972860130298,-0.00782996045861245,-8.251676821358078e-05,-0.001980691311769478,0.023827929264567338,-0.009752589266228795,9.397079153300458e-05,0.017532505842612955,-0.011131796535540417,-0.006666345950361641,0.0,-0.0013798688702911788,0.005030992107462717,0.03894459447937998,0.008196770852871127,0.007461698481758483,0.028466797156555645,0.00607408539655907,0.011136471925879576,0.026516714592132673,-0.01606104981475759,-0.008442489570507083,0.00016217334355084212,0.012700660475453096,-0.01301195750743378,0.0172775318304092,-0.0031746837474981304,-0.025653257157364884,-0.001096694561692868,-0.0003862595336585062,0.03122602407498354,-0.006554485140041755,0.018292854297290218,0.016580663245916782,0.004776474924166496,0.0,0.0,0.001578147011873532,0.021698707090261837,0.03383048084404633,0.0,0.0,0.0,0.015406842928624875,7.476988780569238e-05,-0.00014817056217841795,0.0,0.053286297417820816,0.0,0.04649917467035103,-0.00022915694240416284,0.0,0.013424139330497464,0.029472031194193393,0.0574314323544351,0.038104438145845076,0.0,0.024737349807421816,0.0117386118883685,0.01441644014155452,0.030441815115271276,0.03228904074866862,0.038987389030647523,0.028896207767417748,0.06520475001179404,0.0014062826182028032,0.04690212630147994,0.0,0.02389376687228134
0.0,0.001287959335197375,-0.0068524646112045895,0.00027674584594228335,0.0020443138562166174,0.01927514896178706,0.01925712865442558,-0.0035096407754889314,-0.032959665616473455,-0.008112686695709359,-0.031682015005551345,0.02287189783310767,0.011063004981322178,0.0077887997214415305,-1.1102230246251565e-16,-0.00015693108178471693,-0.00019681662270598643,-0.0013798688702911788,0.0,0.0004092641923527651,-0.0003838589156557326,0.001218511217543683,-0.007908798265017003,-0.00025711454785098953,-0.0011866048351725222,-0.0007445980740265479,-0.024212768460275536,0.00787351165037753,-1.6085080966676824e-05,0.0007880387747498108,0.002494287869615641,-0.01584955867182708,-0.058477432041109945,0.000658709825150372,0.011597798206755217,0.015929752760432125,-0.005566883018468638,-0.005146411045520161,0.006373966626013139,-3.221220260590796e-05,0.0023085720468859483,0.1362755803916058,0.029131419025996586,-0.0017935432944151675,-0.00016151642159656365,0.0,0.0,0.02548963789770675,-5.551115123125783e-17,0.023728307039702967,0.03877296336575531,0.041788433113218004,-0.012135618605781162,0.027623191344304243,-1.4884805086823327e-05,0.07040579539927405,0.00022423139143878945,0.03031942162954504,-0.007888578457590556,2.220446049250313e-16,0.0,0.0,0.0,0.008344709700177977,0.038216073295281205,0.0,0.00010122891831282343,0.036377615749134784,0.0,0.0,-5.551115123125783e-17,0.03230200951537354,0.005117439866121343,0.016690554483737297,-3.0605128927163605e-05,-0.02266579512495359
0.004859399465609537,0.008713032391821973,-0.0008634571402593716,0.0008366530363630442,0.01999143939050657,0.005575270175597891,0.016885219133187634,0.025911227629046962,0.01333086152347085,-0.0041695279486271275,-4.998506419789939e-05,0.0034648341536488436,0.008183400292990473,-0.00043990427089124484,-0.03180236813289877,-0.0016767340458404556,0.002566113863672226,0.005030992107462717,0.0004092641923527651,0.0,-0.0072481525755614395,-0.0033778194938433037,0.01914577669570877,0.004048484643252193,0.019163289324714783,-0.005529042123535166,0.03622331315308064,-0.01743896433335773,0.007413012354315518,0.041318018974986215,0.010994335346428852,-0.029148563466456556,0.001154584449324203,-0.008676572219425194,-0.03671631822179944,-0.005159071732418863,-0.0007884478805774142,0.005033167975790731,-0.0388383311232563,0.02671991706992466,0.019369328876512715,0.014420305972880243,-0.06395005572906509,-0.0014346868624476872,-0.0004916805949390368,-0.0012302291455284498,0.017436347148396703,0.049186132807027494,0.0,0.0,0.0268259847573169,0.030825795855112026,0.031847404953008196,-0.0012324140663977357,0.0006908182392009188,1.1102230246251565e-16,0.00036397943276184064,-0.008346539250559615,-1.1102230246251565e-16,0.01701329565528098,0.02439722942374134,2.7221895601003965e-06,0.002666164119806247,0.0,0.01872943064573307,0.02049442726270112,0.0047078340706415145,0.02581738145482737,0.0,0.02853206837642941,0.01692085199211868,0.022346068273632946,0.021427992420329167,0.03034622941045817,0.029009094840771632,0.025491945927000936
-0.005502482312477741,0.02636029519096922,-0.00378402213321527,0.0003790140062466807,-0.0020737987294990323,0.01840872866801674,0.001398822816370493,-0.008444643406752217,0.011937036532073064,-0.0070273713903200585,-0.0001549002155433188,0.004428873635607455,0.03235577199155626,-0.010152048090898036,-0.0061155811409352445,0.015561523217516027,0.016845865884891287,0.03894459447937998,-0.0003838589156557326,-0.0072481525755614395,0.0,0.0067740592634125685,-0.01525251744482653,-0.01491671137673023,0.03365946927155461,0.01912846790909295,-0.009358378357885555,0.029317630493048807,0.01645114405876036,0.02786918809505451,0.024133005036175437,-9.47707286197974e-05,0.04668099008694149,0.02477583051265947,0.004629319430593581,-0.0011976160467661034,-0.0008351471762714224,-0.001185253633216976,0.014709504109148341,-0.00030712936603832786,0.0103169089979952,-0.004213168040249737,0.0022622071172733182,0.0,0.0,0.04858147657157352,0.02395445928966139,0.0016328667423420873,0.0,0.0,0.03623722455621031,-0.00021372450119405695,0.10494367121124065,-0.0003851045992707691,-0.0004832526120730485,0.0,0.0009039126245308227,-0.0019313633504830507,5.551115123125783e-17,0.009016251492066973,0.02901316831874312,0.0,0.00020848248619093068,0.0,0.020675366561517583,0.03750008299868174,0.012989745702623068,0.06492046535224266,0.00123108631339508,0.029450307904811346,0.01083272680610814,0.04428498101449796,0.048663555023309324,0.04963427113700658,0.06133157131038863,0.07715906090805402
0.01736950771086776,-0.0021524624517120783,0.0021349290984970515,0.015984799133543115,0.0034075828534194663,-0.005267709610925875,0.00884910466888511,0.0019524661568017243,-0.0038101845202485607,0.012505687484784367,9.694219892641964e-05,0.0011409361348425073,-0.003395811368456181,-0.0005520087005335683,-0.009131874730494816,-0.013176806975231603,0.013264437767776582,0.008196770852871127,0.001218511217543683,-0.0033778194938433037,0.0067740592634125685,0.0,0.011566329859544866,0.021482146633105603,0.015603253371216208,-0.019786826138600777,0.0038275276087181287,-0.02871235986059728,-0.010053918570739617,0.0056854174700061155,-0.0012545986699851186,-0.01722724139126358,-0.0035873440883664176,-0.0081438501542343,-0.035747186917367835,-0.00802617848907028,-0.007977874383462202,0.004250632469282811,-0.01261978060709229,0.007007199807713915,0.010086005695387756,0.007752290003503581,0.004091400038669146,-1.7039717508327e-05,-0.00036890341395517945,0.021638782723485295,0.01862679408841028,0.0005957404899509799,-7.216538909782244e-07,-0.00014086586835315718,0.0033776540605121586,0.0019892069394113476,0.01865139135092503,0.014452920161717675,-0.0003871095796784685,0.0,0.0006291784627237007,0.007013716518612767,0.0,0.012067073584857757,0.01727465827100505,-0.0006908599832903817,0.021158540854164742,0.0,0.00844081885640846,0.013188619212352704,0.005248347118298746,0.017332209809897525,0.0015564318118864162,0.02765895437984811,0.016452662254730688,0.009859260208001874,0.0074288780229258,0.012943731388110946,-0.030073071914258676,0.015025625844483637
-0.026230416198725903,0.009190523632031988,-0.0004819047594471493,-0.0016190468224669963,0.01630877685951526,0.0017743441013077232,0.02795770671795106,0.017797451242692386,0.0022073548960757083,-0.009280761508895119,-0.030492853692854205,0.009300471442308944,0.019022288925348962,-4.52218092293899e-05,-0.006667755786417984,0.012298642657900094,-0.00013764061953769335,0.007461698481758483,-0.007908798265017003,0.01914577669570877,-0.01525251744482653,0.011566329859544866,0.0,-0.028392744477203302,-0.010842340365370351,0.0004348821765697841,-0.013788751667466126,0.01079995646098686,0.018213332393226978,0.02429630721708559,0.007342507635212603,-0.010989981026586104,0.010075034597444521,0.006342690956989361,0.006893814657210118,0.025378817439658474,0.01133501064746334,-0.006928823233897874,0.01878739420249087,-0.008386193422035781,0.03612994290610794,0.029583993402488185,0.036963724726022884,0.02818971591228331,-2.3508268213179306e-06,0.013512966386904357,0.011434820787726063,0.053504283804697295,-0.0001115906103095754,0.03218255290677796,0.04244943350163466,0.04693077130377388,0.03426232566897591,0.033727098488546936,0.0019062544076366428,0.024374971410708768,-0.002731449520792628,0.03237876050107191,0.04058897357467095,0.019636833580427282,0.020802184729469098,-6.6220271616179716e-06,-0.00015409176396852242,0.03273204125916007,0.016855812920702262,0.023762690275740905,0.002344315037571598,0.044484951350530766,-0.00043044137696524043,0.02629300367608317,0.010166347789517638,0.03360298815219376,0.032240296679345026,0.03233865606734698,0.025068756237543566,0.04034499870367392
-0.041544452026243406,0.007264703785859694,-0.0014161931304634279,-0.0020519127976975082,-0.0005164736878099374,-0.0012191133288632638,0.014904119153944517,-0.019136091885704476,-0.0024437718104916573,-0.005526569255118574,-0.0022037627811101745,-0.007560986712638107,-0.002131300385898871,0.0017401360362869767,0.0027836422374086234,0.028927988257273107,0.01789203599220912,0.028466797156555645,-0.00025711454785098953,0.004048484643252193,-0.01491671137673023,0.021482146633105603,-0.028392744477203302,0.0,-0.0014518904632117025,0.0003162723753511454,0.007315662663246347,-0.004723348704675889,0.015534018463529808,0.0006341231010963955,0.0021958006666880636,0.038761945615084725,0.004816231733515086,0.0037530604304458204,-0.0005742685650079737,0.04429385260186225,0.0013115759329656584,-0.00866984962326156,0.06306918970929559,0.06735613815324737,0.021826082379356848,0.008651297854055773,0.0010352041164610193,-0.00021372762131893763,-0.0010569319841192693,-0.04132383832137182,-0.022584700089893217,0.0,-5.551115123125783e-17,2.6155794118243314e-05,0.00016606254916723406,-0.0001364062418877099,-1.6653345369377348e-16,-0.00043779474295974063,0.0401677987855365,5.365328605511088e-05,0.05280309851112425,-0.0014813207413457152,0.0,-0.00039046489035221565,0.024416611773274588,0.04174862234262344,0.01823068792108551,-3.1874125778763585e-06,2.6750100194650184e-05,0.00020502016146561886,-0.0025155872364087672,0.0007328402480465401,0.00010837869794411148,0.01954303225517179,-0.002998663073504715,0.0005943287807288478,0.0036656374171237793,-0.0003119503197085982,0.0,0.019609858767777932
0.007988795299181117,-0.017657050471115876,-0.0053173063539196375,0.0005558291172029772,0.004873704159060854,-0.0051437953585271035,0.012273784669681986,0.013638033879167566,-0.01598043077032779,-0.0067100218295965686,-0.000892760847746199,0.007455995872032162,0.003407630646875659,-0.00016608349788160837,0.02219709094559641,0.005567023056341103,-0.010631113686942972,0.00607408539655907,-0.0011866048351725222,0.019163289324714783,0.03365946927155461,0.015603253371216208,-0.010842340365370351,-0.0014518904632117025,0.0,-0.011794565339368013,0.0007344707805946871,-0.0051333127066761075,0.0015852373357340133,-0.0008111428134867094,0.008871540360684604,-0.013428095687657848,0.02283065794771383,-0.0016342230931362112,-0.0067047198914623185,-0.02239177924388336,0.0003174654021274592,0.02788151859366278,0.012788292315603689,0.023309080147900008,0.02822642320975577,-0.0008252754083648006,-0.0011036685467816776,-5.551115123125783e-17,0.002969354807896285,0.014035014012410252,0.033788628782945196,5.551115123125783e-17,0.0,2.220446049250313e-16,0.012005172790901075,0.0008862555100835334,0.0013231562259529706,0.00037938571655138364,0.04537229537436693,-0.0001841358469151233,0.03943743159278096,0.010432425932581313,0.0,0.014743671400723524,0.03595054608636983,0.054141487844145686,0.039233598252011614,0.0,0.027805327901391508,0.021825931279173927,0.01890257002178125,0.026233249332208497,0.03427226366898367,0.03673274858049208,0.024816868344974707,0.039129156893567496,0.019445280265158293,0.023530206780952856,0.0,0.02489152225197716
0.0005879373371893704,-0.0214249134427118,0.0050329010872693924,0.0019280641018045164,0.0024961457260744835,-0.0034120412346937967,0.020243643710896986,0.0033019749760075934,0.0011998334991207282,0.017799953007464342,0.0014445095403172736,0.014689621434297306,0.0026079281842106283,-0.002842965462619973,-0.009929227069480295,0.009312222393894343,0.02080320914002376,0.011136471925879576,-0.0007445980740265479,-0.005529042123535166,0.01912846790909295,-0.019786826138600777,0.0004348821765697841,0.0003162723753511454,-0.011794565339368013,0.0,-0.0012604207167787318,-0.007488276245267711,0.012004812906009077,-0.000489290379586893,-5.040633018860152e-05,-0.0068436151834126435,0.018521291247520943,0.002420503463375301,0.008441420020661228,-0.013424041396553676,0.0011588975259598788,0.002762565066624645,0.008611865496825577,0.02684865938629788,0.02689448359347546,0.016092169401785816,-0.007087804140912257,3.244947241209939e-05,0.0008909121827377353,0.012509113250599058,0.03004880377525343,0.0022072617824508978,0.0,-3.7218963767959856e-05,0.015020830315791656,0.007002435736455814,0.0006694755343447101,-0.0010321191224352821,0.031497732882310114,0.0,0.026320262014664864,0.012564210979746526,0.0,0.015530082633065989,0.027269290411565617,0.044218363122329296,0.03270520078022071,0.0,0.00898828205980684,0.02279722497011205,0.015815379196498502,0.02091766680110485,0.005574451817963566,0.030192159400037444,0.02077408659037533,0.009939825471556807,0.012427323177882754,0.016527355841673808,-0.00029270257924007836,0.021923432874471016
