0.0,0.035987818091094304,0.0016477223421305087,0.0,-0.002729978254794818,0.034358549243128034,-0.0019930453717276198,-0.0007223761152329033,-0.0033569550164042616,0.008908300058522556,-0.0014008886027186973,0.01807540501081234,0.0017983877037523466,-0.00012933504690426645,0.009416473249461876,0.009242278150094208,0.01435451930474746,0.005566876704840629,0.0,0.011351199404985524,-0.010030649702568062,0.0032434822615068915,-0.0032869742056251816,-0.011606217488922155,0.016057208567931247,0.011811534476080854,0.0026128272830228116,0.016357797311424505,0.022519666923417614,0.0009065514977339983,0.01321584240642365,0.023504665029716876,0.016300436417665487,0.020104790058882827,0.03821227490566248,0.0009970136846615407,-0.0010809952396929612,0.017314564910764385,0.040138386009656524,0.05609930544177255,0.058700218379139746,0.03368410422012069,3.885152995042329e-06,0.0,0.00040553590545489016,0.049547670500382945,0.04721227159705488,0.0,0.0,0.0,0.02576869918189867,1.1102230246251565e-16,0.003057104022081869,0.0,-0.009319687578666414,0.0,0.036832916337984634,0.002397796712879985,0.0,0.06856070135091674,0.04363631535754359,-0.035165939633583665,0.025537254179912372,0.0,0.018117619391411044,0.10592223108289389,0.04714610930536328,0.004488602727183599,0.011778711754859506,0.03714369891703179,0.04964748948547948,-0.0010359462451582369,0.0004666065722143675,-0.011389191216598815,0.0,-7.851824026006149e-05
0.035987818091094304,0.0,-0.0016792238895779188,-5.584679398651371e-06,-0.03683332358838132,-0.030846174402977378,-0.037201315782237676,0.03591236202383019,-0.04763722774081647,0.004672481057496569,-0.000626580247055808,0.0009324685711439851,-0.033187821909405835,0.0008674136761866458,0.013662698695057651,0.007354300214786225,0.004767729773855034,0.011258526927924284,-0.001981913855313655,-0.00530937360946776,0.0374648031285994,0.018268954384579206,0.020237061760013997,-0.010463346849905242,0.02202456927615698,0.02320011115592474,-0.01008520433754273,-0.019674014038773224,-0.02543637092570522,0.0007575890150703368,-0.012755009016061136,0.011325869126861732,0.011385335759198811,0.012024469817497885,0.02068749034570655,0.004356562757477922,-0.0009618510754054177,0.0,0.009129235809761604,0.03948160171491666,0.036710904641258646,0.021236267602789793,-8.03817972679921e-05,0.0,2.220446049250313e-16,0.04634819979054566,0.0310141239595495,-0.0006087951956798565,0.0,0.0,0.017306272106809184,0.0008795676585318102,0.002906501754108004,0.0001812791648097556,0.0006034085528594524,0.0,7.693857726998043e-05,0.005803331270964385,0.0,0.02974770997485171,0.035920748965668936,0.002246925053879356,-0.0018156379475259277,0.0,0.013413562211560537,0.03722264357451671,0.022485246977014595,0.0264436405696451,-0.017418379073243395,0.003302979974663778,0.04020192464000072,0.012481160029879812,0.029255763450883154,0.01313499344471225,-1.1102230246251565e-16,0.012671446752835658
0.0016477223421305087,-0.0016792238895779188,0.0,-0.011884679230593942,-0.0022541177881285623,-0.0016370943957316753,-0.001543587337393737,0.007697656848163703,-0.012755771157206997,0.0018613163560858847,0.0018104712184416893,-0.019234842354819814,-0.0011683882427137027,-0.005998514393809495,0.0016714182061116079,-0.003545504564697821,0.001742059609512181,0.0017720538968772348,-0.0008373233752319575,-0.0012221593530762354,0.002753751730051379,-0.0002682856125080235,-0.04086248581556334,0.0002050906867809288,-0.00367035813006239,-0.00016965158348336562,-0.01586450985901383,-0.000646905976010137,0.008160101754535298,0.006611424855923309,0.008627663248455819,0.03214589351754171,0.0013642343000205281,0.009458853772044085,0.008632625107337866,-0.004822427510756233,-0.0059292993767897095,0.006217488540962712,0.06520507758839261,-7.956962749799956e-08,0.009114106607044259,-0.0006669992289691229,0.06671667052961683,0.0034365146219650367,0.0,0.0,-0.0009988538193466678,0.012323273556390069,8.726157474381324e-07,0.02702141525975954,0.028609752066743654,0.033284543385116216,0.040093512433649336,0.03865279004127864,-0.001858069178645172,0.06732293569694653,-2.919688549152255e-06,0.011622387744377183,0.01620296038540814,0.00018054320518168243,0.0,0.0,0.0,0.026895813882749975,0.0016132254067593443,-0.0002351283854419295,0.00018182404414202047,0.04755829543647372,0.0,-0.00010867371662359737,0.0017422603812629611,0.007776400291619301,0.0455347766054931,0.005964314055609321,-8.317519619716052e-05,0.008620001573646285
0.0,-5.584679398651371e-06,-0.011884679230593942,0.0,-0.0059441000999363724,-0.013747560481502497,-0.023428009974569064,-0.037880014101455084,-0.0043383971335390625,0.009466727855244078,0.01647424256952157,-0.022550531326456735,0.005187434291475168,-0.00032406265541679025,0.0015451672870059885,-0.0014187683312003596,0.0007596143003542055,3.973620748665141e-06,0.002295674418419935,0.005718494607646174,-0.0009930685401399741,0.0020401273068171855,-0.005075729640957594,-0.0032783398950133047,-1.3923246329372585e-05,-0.0006947075763077404,-0.010421200661758778,0.007802234645753692,0.0020838363505656377,-0.003259835121097343,-0.040773567788046916,-0.017342346594952596,-0.002090696036258388,-0.026706021103388045,-0.0672466830510278,0.025976261159943392,0.007448483595562411,0.003205177560285599,-0.0008619999686333424,-0.0005318234709483227,-0.0003848684151860349,-0.00020724645167474742,-0.00043263902512380437,-0.0012880692245630931,0.0,0.0,0.0,0.0014926578004373914,0.0,0.0,0.034372411914960155,2.220446049250313e-16,-9.09416020938858e-06,4.257442210003903e-05,5.551115123125783e-17,4.349030131145515e-05,0.0011500353935719465,0.0008001794209254176,0.0,0.0,0.0,0.0,0.0,0.0,0.0,0.0,-8.018314083979572e-06,0.02518101219923158,0.0,0.0,0.0,0.0010218668726107993,-0.0036730120914549302,0.0012256195474313891,0.0,0.0
-0.002729978254794818,-0.03683332358838132,-0.0022541177881285623,-0.0059441000999363724,0.0,-0.01229987449219544,-0.007045986726357922,0.02269251016300161,-0.021120176404656243,0.014318480885994966,0.003784805635549726,0.005678826426749661,-0.012032365376333676,0.00839795104657115,0.001169087652781453,-0.02498245989090192,0.016418121359944915,0.005148924870880811,-0.01991406418964231,-0.004148556651138613,0.000844478329807774,-0.02675995909690626,0.002764946344784691,0.0036523806743015697,-0.006431383409976954,0.006147583356041597,0.0064667792192495965,-0.018103003605197954,0.006215038953350793,-0.0026158146052499553,0.020939401297781768,0.0049717929880248035,0.04948915458243669,0.016312146681778328,0.02022068467037158,0.0007450131986726227,0.02114506296553914,0.013212409858919139,0.03391586477930836,-0.0007162939968369253,-0.004514962575010384,-0.0013653084874413746,0.11879026170143858,-0.003475086782073755,-3.505129344011371e-05,1.1102230246251565e-16,0.00018717237633059103,0.040490591588111524,0.0,0.05893558391763509,0.0284194029531063,0.032707555270346966,0.037626444854889696,0.051216153796722064,5.551115123125783e-17,0.09493911643161529,-0.00013140058987604064,0.014074218838572239,0.09409450891190924,-0.0007731082436250314,6.129589716330486e-05,0.0,-5.551115123125783e-17,0.057237281287890684,-0.0014922558048023893,-0.00042227582944398545,-0.0007709187048099975,0.04470224217439367,0.0,-2.551098327530088e-06,-0.0016187198160606542,0.02690411382647162,0.00992843599242993,0.003531122827922617,1.1102230246251565e-16,2.2964417576432083e-06
0.034358549243128034,-0.030846174402977378,-0.0016370943957316753,-0.013747560481502497,-0.01229987449219544,0.0,-0.01151014354884905,0.019654594704076767,-0.013942781251885472,0.017210642528314224,0.009410177459875713,-0.007229436260926869,-0.0003288795514061471,0.018783411115406268,-0.03235229138098866,-0.0047735050706594895,0.029283704298609825,-0.0011898329458974177,0.00027859333923413443,-0.015966673597897885,0.01889722737758165,-0.014739242213100856,0.010929616595790725,0.014768062747620991,-0.011919988803546389,-0.02053491645863037,0.006038322559152931,-0.010758886685721114,-0.011582395913707466,0.0014813401725388142,0.01863159628855615,-0.012168933583302122,-0.016346615628984096,0.013730802547976373,0.00865544682117142,-0.014926083026219616,-0.0017896954435303036,-0.014027031414116764,0.041579416840039796,0.000767509706173175,0.05263090947403465,0.06311048168184041,0.06023939906167852,0.042217956311547455,0.00030146247741058563,-0.001655692322649005,0.011425928600945712,0.029168284361246632,0.0011418112899809763,0.031065567592800547,0.04338309069044066,0.036676582633693444,0.04118246531534686,0.0444643957553531,0.0017423432622185042,0.05121619056922261,0.0013168965270066724,0.025375856530221064,0.019673670070360083,0.035263293228360915,0.0002901741384921941,0.0,-0.00011783336602949612,0.03550389107993446,0.031230724518100272,0.033327329846936204,-0.022993534221981582,0.04556282330624262,-8.431863660840477e-06,-0.0002027560668736439,-0.013546268606844769,0.036479686115014176,0.02777893546816812,0.03082349106817278,0.0017766408183959026,0.03474094237424141
-0.0019930453717276198,-0.037201315782237676,-0.001543587337393737,-0.023428009974569064,-0.007045986726357922,-0.01151014354884905,0.0,0.021051849813751633,-0.013177407661870644,-0.0002557982377353052,-0.00843142696442295,-0.04896042944401097,-0.001270942703945177,0.019968121359260405,-0.032500745220617744,-0.02924277874278386,0.007259476020825828,-0.022317150754188497,0.0003227118247813854,-0.02008594267463376,-0.014615875594418404,-0.03245141667444129,0.009121140040747433,-0.01051467071847384,-0.019976160407450927,-0.012477894355139962,0.003783871448935494,-0.02175125059711297,-0.0015284291138334405,-0.001118184515076115,-0.01267010747910624,-0.0171970233873725,-0.00844679444338009,-0.02857816121177026,-0.03405590214653642,-0.016194303532412913,-0.013796535164417756,0.010841912570794698,0.032656461539595505,0.0010159411514115702,0.0385093845674781,-0.0009517878087385023,0.04346180682028239,0.004361286421040889,2.3116853835103424e-05,0.0,0.0011068134044658895,0.022308745211037095,0.0,0.03780319435265167,0.027997919438138674,0.021406213355691928,0.015867383206996932,0.0279994504435096,1.1474419224832832e-05,0.05027525447291947,-6.490467493552865e-05,0.012602897427698656,-0.0030011829546203184,0.0051217568510766864,0.0008326536337917578,0.0,-5.7589729457463434e-06,0.026899872448976514,-0.007809865827487328,0.0007603692457514577,-0.021065796888130872,0.03432592691191849,-1.225852758540702e-05,-0.0006276777089715968,0.002011907174864991,0.02144016964276063,0.010962708060593351,0.0013124398904153511,-0.0006382879036231914,-0.002813816094393462
-0.0007223761152329033,0.03591236202383019,0.007697656848163703,-0.037880014101455084,0.02269251016300161,0.019654594704076767,0.021051849813751633,0.0,0.004078100932877027,0.011348876813395858,0.02221284693372011,-0.0603375218721281,0.01380116759499278,-0.05143704849329944,0.0015008077556394883,0.013791348626250144,0.0002905670067784305,0.00961910140840927,0.027176187994193246,-0.009412553576559124,0.04748328596405321,0.009953578556150589,0.025040232237244886,-0.0012553516317205249,0.012099460291719433,0.01725820599391803,0.013119383686783392,0.006868165825711148,0.02325298491943323,0.010269863388573108,0.018133475567839397,0.02367011175657574,0.05349820856215681,0.017817062221403224,0.01585536379375857,-0.027555410100948863,0.06310890024147986,0.003176083333679247,0.03608541084192546,0.0018761848347370602,0.03713511970055533,0.028576868230158592,0.12291355857637848,0.001717503400631315,0.0,0.003323578309057107,0.0012190455403794376,0.006791203999372164,0.0,0.003900138270287068,0.03564940399457295,0.028720832661306817,0.040219890527013025,0.03082578052189977,-6.16948659309946e-06,0.04754422916008999,1.0039514823978468e-05,0.020476651176093374,0.08126410825084318,0.014681961899369211,0.0004017855258533487,0.0,0.0007822670722333336,0.054543959456389124,0.007141669586924693,-0.24061434155099068,0.002535598388740401,0.04132572180517724,-5.551115123125783e-17,0.0019086811937671366,0.003341564595079116,0.015109990443501309,0.029764313053728064,0.022837977848275126,0.0017425277502839953,0.01765800967456499
-0.0033569550164042616,-0.04763722774081647,-0.012755771157206997,-0.0043383971335390625,-0.021120176404656243,-0.013942781251885472,-0.013177407661870644,0.004078100932877027,0.0,0.010826532077377882,0.0020499008540761365,-0.010934717980653375,-0.009396116410760713,0.025237139855991353,0.003304409683323628,-0.04171781520729306,0.0066408134426253485,0.008476445483213468,-0.0032080375873308475,-0.03741830814862385,0.00020290089935076638,-0.03979339381275171,-0.021155486742193697,0.00803922577091265,0.012203940110964984,0.038347433377960594,-0.01348501151667919,-0.00221215149570414,0.005282442887598493,0.0006335007883409571,0.009518795700449278,0.029377867841867134,0.02357861874463618,0.017446799392648038,0.027131628401311614,0.0017284160954325056,0.013550400010452435,-0.008068056830157322,-0.0431370535780341,0.002591134335489631,0.07893707154052809,-0.009202010324438292,0.07260353263231595,-0.0028547178004665885,-0.00016925633600334278,-5.551115123125783e-17,-0.00022933845868072789,0.033266011423376374,-4.1920869664480165e-07,0.02060977039298173,0.03323857877781122,0.030123511445046103,0.03037066550541523,0.02531805547154531,0.0002557495722941283,0.05040327557240565,0.0017227907396352715,0.011673037688138543,0.03557884628037289,-0.00072442033478054,-0.0004119954231931455,0.0,0.0,0.023292953886109857,0.0009791775692208904,-0.0010313881916671486,0.00047590566297961434,0.03422449040981934,-1.4732960221808256e-06,1.3955209412497283e-05,-0.0018975739524365043,0.027973184224392655,-0.0030002776791592245,-0.0070882510885422745,-0.0008460880385504632,0.03954513648715274
0.008908300058522556,0.004672481057496569,0.0018613163560858847,0.009466727855244078,0.014318480885994966,0.017210642528314224,-0.0002557982377353052,0.011348876813395858,0.010826532077377882,0.0,0.01954391009795242,-0.015405538977336486,0.014891575091625142,0.055013347571261084,0.002586567503393422,-0.0009112974974873622,0.005728305235668862,0.013901933588389592,0.011853359183979228,0.00011113639519755303,-4.097863526636436e-05,-0.014970385350071003,0.012544382680604205,0.00530038632219032,0.002164004941615616,-0.03829399290647162,0.015158547787820664,0.027802923654771605,0.014572111411053412,-0.002081906908989184,-0.004289332693705072,0.00231045494433052,0.019936164058043826,-0.007077447053626007,-0.025795737561131404,0.053267432147640015,0.011701683141196628,-0.025731035968134253,0.05897613829876264,0.021019563365755556,0.046101333368583075,-0.003936755321546859,-0.002113413553387067,0.00037331232875376097,0.030076510423913905,0.022957631346033402,0.0331261410232479,-4.3439419971869064e-05,-2.3803250533416254e-06,-0.0011517307686206846,0.01816479896481854,0.004400670394228867,1.3572481305512696e-07,0.00040045992661219554,0.04322890402799634,-0.0005386305688065418,0.05484772818945843,0.016137644581287303,0.0,-0.00016124745267331875,0.046312503409247585,0.06950457885639266,0.06872846590102993,7.824253185906294e-07,-1.271243429384894e-05,-0.0003862946918757326,0.0009744044708870914,0.021878914178056874,0.07141207801626037,0.06457760082810532,0.06274398236081613,0.03235640078214086,0.0074526345997651955,0.001688034700541463,-5.551115123125783e-17,0.026335213851664263
-0.0014008886027186973,-0.000626580247055808,0.0018104712184416893,0.01647424256952157,0.003784805635549726,0.009410177459875713,-0.00843142696442295,0.02221284693372011,0.0020499008540761365,0.01954391009795242,0.0,-0.003960778996114356,0.003138760315359146,0.021552664298853774,0.0,-0.0002251659021928476,0.008209123481436376,0.0024098400137113063,-0.016144771751937903,0.00013082522606500113,0.0058607572852352185,-0.0002771370374970439,-0.009281876453002158,0.012273498428689578,0.01824134434311314,0.019805981688610586,0.01829048317586901,0.009033521038780856,-0.000511149735279437,-0.0008718240831243063,0.012021098988910295,0.03544970432841971,0.04200422222257877,0.021994585542029044,0.03436575229170835,0.057477888211993955,0.02668335935008892,-0.008875842327592198,0.011067474315939851,-0.0022373255128147473,-0.0018851740666946393,-6.938433589065429e-05,0.11969091670334775,0.0008727479037228258,0.00013420790037876884,0.0,1.1102230246251565e-16,0.10452432455457178,-8.117465022383641e-08,0.0488971121869623,0.06432170370346235,0.08645986232586467,0.07729629582971181,0.08099257729179499,0.0020304667312978086,0.053276377232459926,0.001343400492814506,0.002533256123006533,0.06614658684510416,5.551115123125783e-17,0.0,0.0,0.0,0.0017576562630393644,0.0008199263100005516,0.0,0.00044365030874538025,0.06342310607042656,5.551115123125783e-17,0.0,0.0005761209429783753,0.04483797171416137,0.006613452380903162,0.0004068518828859724,0.0,0.0017714683688258015
0.01807540501081234,0.0009324685711439851,-0.019234842354819814,-0.022550531326456735,0.005678826426749661,-0.007229436260926869,-0.04896042944401097,-0.0603375218721281,-0.010934717980653375,-0.015405538977336486,-0.003960778996114356,0.0,-0.01623706378577211,-0.00028684802714529223,-0.004077958142269467,-0.01539883170445372,0.0020145557933560765,0.026281469994616502,-0.010130837493105282,-0.000634792789711125,-0.0002696771020370692,-0.003891392381035752,-0.03681728597326084,0.013622995084240641,0.014053289604433583,-0.0024139084680776524,0.0034314550442341996,-0.019956224092931518,0.00041123614378507645,-0.002288070373872575,-0.0031794188093701714,-0.03261220703468479,0.035195851460648964,-0.03549662468011189,-0.052601157181948105,0.0010053782186913995,-0.025081606333378748,-0.04918214318776887,-0.022812612798886578,0.03969140260964482,0.057836017271192586,0.002027792097508696,-0.000737900623567378,-0.001335196868093358,0.10117152262642004,0.027482200743632557,-0.000569848055866462,-3.939041579376079e-05,-0.000884290551553979,-0.002747036872736641,-4.6677112550908006e-05,-0.00028293698297171543,4.193191541185248e-05,-3.3165485299524455e-05,0.04707689579481439,0.0005436138633326815,0.05647939342500102,0.001447795604260671,1.412811178264084e-05,2.487808140272385e-06,0.0020701237265300376,0.04027927598793468,0.053782857325013755,0.00035647887326789585,-3.873135023674257e-05,-0.0010856086840307921,5.670198179191788e-05,-0.003131885243000787,0.048897660408257215,0.0455142573077304,0.04354310625231572,-0.0019892901622553527,0.007101812391688445,0.0010079000192647625,0.0,0.03792113327667834
0.0017983877037523466,-0.033187821909405835,-0.0011683882427137027,0.005187434291475168,-0.012032365376333676,-0.0003288795514061471,-0.001270942703945177,0.01380116759499278,-0.009396116410760713,0.014891575091625142,0.003138760315359146,-0.01623706378577211,0.0,0.009661785655432964,-0.024959906167065893,-0.025172030947252066,0.022097273799796036,-0.017116433376951568,0.007207567642231516,-0.019714418142509293,-0.0017109259123683218,-0.025318867153780122,0.0050989113562913135,0.015503327182486482,-0.012115080728021588,-0.0024995185568467693,0.0006059048756887342,-0.01757198488836098,-0.0013354970414247158,0.017150793463332425,-0.00041938398563151624,0.003583871561133989,0.0011082886208064746,-0.001581211306316721,-0.006184726611108138,-0.02123566339592009,-0.005212944216888449,-0.029271204339937296,-0.03706423267855141,-0.004921371336821967,0.0810334591015544,0.09755576252270337,0.044930969365279516,-0.0039228595012961165,0.00114289024478198,0.000929789876097098,-0.001731434881580951,0.020234042095773175,0.0,0.02176231307993537,0.03071692478474869,0.029074279799568226,0.02008612438700974,0.034671930917284266,-0.00282229868275391,0.05810687297434414,0.0020729713574053066,0.013062567370198175,0.024487071354276413,0.004186456551494022,0.0022831050374655937,-9.603550814696327e-06,0.0007489306148573127,0.032078316275033214,-0.0002340662841894825,0.001881883923478378,-0.02102887941283793,0.03840855439532409,0.0004631298902897374,0.0008452608313225252,-0.014393920154078699,0.029645249672933416,0.02587074417723123,0.00739610540858171,0.0023016086433260696,0.01664056210494025
-0.00012933504690426645,0.0008674136761866458,-0.005998514393809495,-0.00032406265541679025,0.00839795104657115,0.018783411115406268,0.019968121359260405,-0.05143704849329944,0.025237139855991353,0.055013347571261084,0.021552664298853774,-0.00028684802714529223,0.009661785655432964,0.0,0.0008889491888491308,0.0016091204281998839,1.0907516171554388e-05,-0.00025030751139132335,0.012723976413184013,-0.0011172356901892888,0.007564801430897772,0.0012016138659855513,0.00036423677845165425,-0.0012542636547855368,0.0008949869249655351,0.003782951157771386,0.007807880751970198,-0.0033718340694789406,-0.0004635503134832186,0.0016245609967572294,0.031247579695143468,0.06379228280988997,-0.008862752459601109,-0.005757293533360519,0.008133945272432719,0.019608464421761534,-0.004699468768309012,-8.685756322002192e-05,0.01019042095751499,0.0,1.4954387864751784e-05,-0.0003883500427982467,0.011444255725498953,2.336611295561397e-07,0.0,0.0,0.0,0.013363859948832935,0.0,0.006494570612050332,0.0022204056761308544,0.004268408355114828,0.01354285938197719,0.05606802973643005,0.0,0.015431375394637237,-0.00036514870038101277,0.0042077924095847985,0.005020869299563302,1.1102230246251565e-16,0.0,0.0,0.0,0.010349237855398319,0.0,-1.1102230246251565e-16,0.0,0.016430646394247406,0.0,0.0,5.551115123125783e-17,0.00325868504161142,0.0018005751599534103,1.1102230246251565e-16,0.0,5.551115123125783e-17
0.009416473249461876,0.013662698695057651,0.0016714182061116079,0.0015451672870059885,0.001169087652781453,-0.03235229138098866,-0.032500745220617744,0.0015008077556394883,0.003304409683323628,0.002586567503393422,0.0,-0.004077958142269467,-0.024959906167065893,0.0008889491888491308,0.0,0.00018529501155001293,0.004315364761350304,-0.0019516334085476483,-1.1102230246251565e-16,0.0034463342469815417,0.012507380298980741,0.009958831245208022,0.008084801114398243,0.01529202969236193,0.0044449573706706325,0.0063179129462357375,0.005128736022754765,-0.01042258012268027,-0.01313497601479613,-0.003689268163616588,-0.006519839055167509,-0.0011806773183307695,0.01564322758013814,0.014209698835976114,-0.004443516552212701,0.010474717071524975,7.676713719950712e-05,-0.0003370321988510061,0.0010894987295090863,0.03141793378893032,0.01610086834882557,-0.0018190968388428486,0.0012919972858985718,0.0005984231720917443,0.0,0.004750291449215349,-0.014492548834911745,-0.001389850927711378,0.0,0.0,0.032286900135780894,0.023664357832681393,0.0475417865351217,-0.0007787761676584237,-5.551115123125783e-17,0.0,-6.005122378804906e-05,0.019738902197990293,1.3306601202023316e-06,0.04485111249310714,0.009241059024502396,-3.7180455352170405e-05,0.0012343814916485063,0.0,0.03855207473277755,0.008531811822431568,0.016225409882860253,0.041593580188641066,9.853038235030365e-06,-0.002307946287022744,-0.00999440140166341,0.03459738436111781,0.018053874978608442,0.028356061778067265,0.0024078480585217332,0.0279118763593294
0.009242278150094208,0.007354300214786225,-0.003545504564697821,-0.0014187683312003596,-0.02498245989090192,-0.0047735050706594895,-0.02924277874278386,0.013791348626250144,-0.04171781520729306,-0.0009112974974873622,-0.0002251659021928476,-0.01539883170445372,-0.025172030947252066,0.0016091204281998839,0.00018529501155001293,0.0,0.030264050206340598,0.011529506070238005,0.0003979646492171529,-0.017521949572684825,0.0014977605975415864,0.007601027089846724,0.013691735944677763,-0.05321754436029885,0.027849502043852892,0.010769511549433286,0.007011311122793851,-0.019501521852882675,-0.005332273453714342,-0.013481957111084908,0.002352587009880558,0.0037150993822298584,-0.016541262736478435,-0.0026638647326262532,0.006404059170159182,0.0008973991361670985,0.0006745418456728935,-2.6118069139657862e-05,-0.009640178858045467,0.03387055573599973,0.014304985322958097,0.053245048729584354,-1.7350792694270645e-06,0.0,0.0,0.03696280483021375,0.014396324602186428,0.0,0.0,0.0,0.0019840768824807564,0.00040499305718910694,0.002495808306365088,0.0,0.0024127593038749673,0.0,0.001527963680008737,0.002160542006554911,0.0,0.02095948170747386,0.028223041803887183,0.001900009902183697,0.006954848346574116,0.0,0.024527841632115965,0.010690740377084562,0.00555878774723878,0.03979086855307473,0.002478050272691712,0.01965396245723189,0.030756523470811592,0.04453519704894299,0.016324191496377316,0.02895658540394619,-1.1102230246251565e-16,0.005806878597529208
0.01435451930474746,0.004767729773855034,0.001742059609512181,0.0007596143003542055,0.016418121359944915,0.029283704298609825,0.007259476020825828,0.0002905670067784305,0.0066408134426253485,0.005728305235668862,0.008209123481436376,0.0020145557933560765,0.022097273799796036,1.0907516171554388e-05,0.004315364761350304,0.030264050206340598,0.0,0.022917207341043078,0.003738873835760659,0.013101275661484446,0.0018007407360713934,0.009865809856260233,0.003514043468546779,0.03222013236957055,0.0411129117628492,0.05687496957273763,0.028278293638049345,0.027647493770420417,0.009289672512598601,0.0016563419380652422,0.02933487836311266,0.023841837603853278,0.04894465885953492,0.02530629685943686,0.006773508788744498,0.0025925587219778334,3.915243328600493e-06,0.031751183201485456,0.0062389755550357195,0.08725332419941928,0.08212166206579508,8.831901766281902e-05,-5.551115123125783e-17,0.0,-0.003909566835780087,0.058246919182904644,0.02006927179860768,0.0,0.0,0.0,0.0,0.0,0.0,0.0,0.0687584612406491,0.0,0.06701294525186896,1.5256432520094343e-05,0.0,2.704826160548901e-05,0.074408171658076,0.0667462414338289,0.07164076576205247,0.0,1.1102230246251565e-16,0.0,0.00032945136604795033,0.0,0.0793514373430958,0.06352178777734574,0.07122903709670564,0.0,-1.4162626505331843e-05,-1.0456573927619672e-05,0.0,0.06719735351454137
0.005566876704840629,0.011258526927924284,0.0017720538968772348,3.973620748665141e-06,0.005148924870880811,-0.0011898329458974177,-0.022317150754188497,0.00961910140840927,0.008476445483213468,0.013901933588389592,0.0024098400137113063,0.026281469994616502,-0.017116433376951568,-0.00025030751139132335,-0.0019516334085476483,0.011529506070238005,0.022917207341043078,0.0,0.0010161108179518319,-0.014438508213972634,0.016228650677459266,0.0056058337031243965,0.02589554916185549,0.007660995441248153,0.013468901572236291,0.01833813592969913,0.011050680495774068,-0.02079651368351393,-0.012892797799869182,-0.02448464370633613,-0.002743569835326587,0.018272111268206492,0.020925833605259236,-0.00353790593489417,0.014483985268276434,0.0065881673442499955,-2.0832894016498127e-05,0.0046041857138700015,0.007953285337809202,0.0629901699509216,0.0404399166826388,0.0043802389599072455,0.0,0.0,-0.0026016476446115155,0.04508705827662385,0.03733375812541245,0.0,0.0,0.0,0.0019056412318402827,-2.9270126849501032e-05,0.002411551607038709,0.0,0.037061659858318,0.0,0.04999477351874976,-0.00011988608071927809,0.0,0.036759311059884614,0.04863571747561807,0.02864206019511978,0.040251707330491826,0.0,0.009366161244442672,0.0010583195900886189,0.029208190786713606,0.003260082890633398,0.038155056457003844,0.04129250708291965,0.04313310717427321,0.001410453983258786,0.0005947408313862201,0.012169039793753555,0.0,0.032049986350819404
0.0,-0.001981913855313655,-0.0008373233752319575,0.002295674418419935,-0.01991406418964231,0.00027859333923413443,0.0003227118247813854,0.027176187994193246,-0.0032080375873308475,0.011853359183979228,-0.016144771751937903,-0.010130837493105282,0.007207567642231516,0.012723976413184013,-1.1102230246251565e-16,0.0003979646492171529,0.003738873835760659,0.0010161108179518319,0.0,-0.0008504097957272028,-0.0010267272833481278,-0.001851134659088427,-0.029491529089733792,0.0021788750551542946,0.000634806681602651,0.017912900880853178,0.007471769108034099,0.008377717433471377,-0.011193715783115621,0.0012570394292827913,0.013759381555292827,0.0283149266168502,0.03685452682568141,0.01856181225780762,0.02096426298278581,0.022181220216182296,0.011685784525311438,-0.00645586587489716,0.008462246732843737,7.3123450894385655e-06,-0.0034318724820460167,0.0002861267593511907,0.07823095226391341,-0.0023597252645750633,2.0637351960672845e-07,0.0,0.0,0.055690890256897885,-5.551115123125783e-17,-0.0006887407602156337,0.03049819255595787,0.0021586612758364154,0.03008747761579811,0.03127925287432787,0.0003836365448869894,-0.04922859454616879,-8.409550955734701e-05,6.773026833861717e-05,0.0778369991596522,2.220446049250313e-16,0.0,0.0,0.0,0.058276667736097465,-9.001084123938519e-06,0.0,-0.0002678787077778355,0.038656040365897426,0.0,0.0,-5.551115123125783e-17,0.02346133485584523,0.005777460856336014,0.001628963389514848,-3.1031761878463904e-05,0.00019244680490637656
0.011351199404985524,-0.00530937360946776,-0.0012221593530762354,0.005718494607646174,-0.004148556651138613,-0.015966673597897885,-0.02008594267463376,-0.009412553576559124,-0.03741830814862385,0.00011113639519755303,0.00013082522606500113,-0.000634792789711125,-0.019714418142509293,-0.0011172356901892888,0.0034463342469815417,-0.017521949572684825,0.013101275661484446,-0.014438508213972634,-0.0008504097957272028,0.0,0.015441471921600891,-0.012236585833189817,-0.04158911667440002,0.02572209860148167,-0.01866728607907231,0.016888920932787987,-0.0009399067041238607,-0.0014259660011476938,-0.009679875362269108,-0.0054165442006112174,-0.015065976316942786,-0.026088287372577346,-0.035176383764504104,-0.003433153939535416,-0.0210619032179854,-0.14727689623796958,0.00256856611513534,9.817935713746229e-05,-0.011650546550476426,0.030013938787591066,0.016874602951978346,0.019431067540216895,0.0012651148222980746,-0.0039616495554833375,0.00012374443666485213,0.0007252357203547666,0.007754414978045576,0.06600117934042743,0.0,0.0,0.03668421350164619,0.008061380090280068,0.04455513719161147,0.0015951187920839605,-1.4583646506582948e-05,1.1102230246251565e-16,0.0006836109337196028,0.01953070837432791,-1.1102230246251565e-16,0.02225708951734634,0.017056920759699723,2.7601366560658924e-06,0.0021197702278713537,0.0,0.025324432918615858,0.017923983704707325,0.0026449924212487153,0.03528419106712133,0.0,0.00688535391426387,-0.0063973956005273225,0.03557425161711736,0.025560413529155168,0.02804193691935275,0.0147504417773342,0.020775652108457943
-0.010030649702568062,0.0374648031285994,0.002753751730051379,-0.0009930685401399741,0.000844478329807774,0.01889722737758165,-0.014615875594418404,0.04748328596405321,0.00020290089935076638,-4.097863526636436e-05,0.0058607572852352185,-0.0002696771020370692,-0.0017109259123683218,0.007564801430897772,0.012507380298980741,0.0014977605975415864,0.0018007407360713934,0.016228650677459266,-0.0010267272833481278,0.015441471921600891,0.0,0.01696704965359147,0.020810403618770956,-0.0035340154274349778,0.019548361182013696,0.02871600042741973,0.02483744740007926,0.015546920903176387,0.025205523533951002,-0.008570226654764201,-0.02592125130636319,0.0008528220899765016,0.0050857762173115995,0.004283975469028922,-0.0055702741219956775,0.03574551180277524,-0.0007226522740243491,0.002528820192433112,0.027093593594455456,0.053663233214519934,0.02583073974204353,0.010331108237737308,0.001604333470877073,0.0,0.0,-0.0021351707185233715,0.02830217940239904,-0.0002832971075136248,0.0,0.0,0.040476562950217676,0.008508365476579682,0.08567503743689947,-7.469213787025808e-06,0.00044992207907629256,0.0,4.7554267799843064e-05,0.020760402562008284,5.551115123125783e-17,0.026907448127891143,0.028255556179342334,0.0,-0.0004447561173475667,0.0,0.023035955246330897,0.07593057391311842,0.022098960940953705,0.057636136485129275,0.0024761545695738962,0.013955087050954162,0.02898112588455809,0.052324755437876624,0.025379509076735918,0.03265498267504413,0.0036231578162827516,0.02807135548851336
0.0032434822615068915,0.018268954384579206,-0.0002682856125080235,0.0020401273068171855,-0.02675995909690626,-0.014739242213100856,-0.03245141667444129,0.009953578556150589,-0.03979339381275171,-0.014970385350071003,-0.0002771370374970439,-0.003891392381035752,-0.025318867153780122,0.0012016138659855513,0.009958831245208022,0.007601027089846724,0.009865809856260233,0.0056058337031243965,-0.001851134659088427,-0.012236585833189817,0.01696704965359147,0.0,0.006855245957313683,-0.06122713438021715,0.017019023436901537,0.02495439387568471,-0.005332297947442333,-0.07582489639576684,-0.006165250650456255,-0.10864654702470572,-0.021461016841933467,-0.016356184639207072,-0.03023525218409545,-0.005454619966481555,-0.021216155747516507,-0.16289522488231162,0.004794043076182808,-0.0005811517643658504,-0.032582825280730365,0.009092551556379669,0.0070644190618821545,-0.021113069245543126,0.0010229878784462354,-0.0004938915509659081,1.4878269341545014e-06,0.008535150546702619,0.007258280492240421,-0.0020457154692454793,-7.317136861972884e-07,-9.131629430392252e-07,0.019338235452575903,0.0021862363576137245,-0.01163446906150517,-0.0007767423384816285,0.0008974825093647776,0.0,-0.0010468794470827048,0.021333139566311388,0.0,0.0008064755698668491,0.014750510773875292,-4.841600837174331e-05,0.005375930839035703,0.0,0.005393193198768853,-0.010878737135237848,-0.003748571167331849,0.017936502625282236,-5.5385584709799485e-05,-0.003462328773869372,0.005226207867885857,0.006897360388762208,-0.0024105413718496504,0.007082284388403082,-0.004218156087382685,0.014960395626533063
-0.0032869742056251816,0.020237061760013997,-0.04086248581556334,-0.005075729640957594,0.002764946344784691,0.010929616595790725,0.009121140040747433,0.025040232237244886,-0.021155486742193697,0.012544382680604205,-0.009281876453002158,-0.03681728597326084,0.0050989113562913135,0.00036423677845165425,0.008084801114398243,0.013691735944677763,0.003514043468546779,0.02589554916185549,-0.029491529089733792,-0.04158911667440002,0.020810403618770956,0.006855245957313683,0.0,-0.008228116032683086,0.045128638345033834,0.016924901362352363,0.0006446101557617268,0.001192698297906969,0.017903780626728205,0.007209748264966065,0.011040828709727613,0.005293817981004034,-0.022622619675702782,0.012006478186407876,0.007779016653923776,0.01594430194998009,0.006505198596368722,0.0002330904559443847,0.03847296226952179,0.04116303243093522,0.051392600156772605,0.04974941571257907,0.07011469919583635,0.03712893970411002,0.00047641308829321494,0.0025768094367769057,0.018137471629119217,0.052879095737236315,-0.00012804717635406249,0.04154303425009154,0.0437164608602027,0.03692317329488437,0.015175957321253375,0.03714273099748677,-0.0011325031052146217,0.08634830269480398,0.0018988907422227141,0.03159705462123874,0.03713097666365334,0.035733212574606044,0.003629993172810708,-6.714337669355697e-06,0.00313990133439479,0.1119675718527906,0.038322940758880986,0.01010722703352479,0.00746771438789634,0.02922204461809752,-4.383307475497311e-05,0.0012446741937481853,0.014162442837380884,0.04005347381589752,0.036866653549779804,0.03824813432962065,0.03755197100419866,0.044893350859672554
-0.011606217488922155,-0.010463346849905242,0.0002050906867809288,-0.0032783398950133047,0.0036523806743015697,0.014768062747620991,-0.01051467071847384,-0.0012553516317205249,0.00803922577091265,0.00530038632219032,0.012273498428689578,0.013622995084240641,0.015503327182486482,-0.0012542636547855368,0.01529202969236193,-0.05321754436029885,0.03222013236957055,0.007660995441248153,0.0021788750551542946,0.02572209860148167,-0.0035340154274349778,-0.06122713438021715,-0.008228116032683086,0.0,0.0399425679305172,0.013802905386195385,0.019860546932514822,0.026724334234100644,0.020617474356815657,0.00014628272951416887,0.005231963460105293,0.0022162633189239944,0.005960433683244948,-0.023148885279302395,-0.10525006220767547,0.003543134572125184,-0.00413579079977533,0.009832100584839742,0.09183766105110563,-0.09699544908613147,-0.04486926820735293,-0.09299384989554688,-0.0002980645998977294,0.00027546958374213837,-0.0018750429297957893,0.03998532244484443,0.0551577426752648,0.0,-5.551115123125783e-17,2.65204037124267e-05,3.480158832835922e-05,2.6435853969553058e-05,-1.6653345369377348e-16,-4.51064516427957e-05,-0.005404161319866541,-3.523559123658204e-05,0.04396497706166874,-0.0005011139861957892,0.0,-0.0001526618033265703,0.04573453809059441,0.026584543995070264,0.04156290361450432,-3.231844844020504e-06,-0.00038785339383856643,-0.0010603885236495914,-3.074090550686526e-05,0.00044884815430584757,0.016927215024582942,0.039010483099659266,0.03821000388797818,-0.00043396378039955996,0.0038447861964868713,0.002131399095476716,0.0,0.006332829695561981
0.016057208567931247,0.02202456927615698,-0.00367035813006239,-1.3923246329372585e-05,-0.006431383409976954,-0.011919988803546389,-0.019976160407450927,0.012099460291719433,0.012203940110964984,0.002164004941615616,0.01824134434311314,0.014053289604433583,-0.012115080728021588,0.0008949869249655351,0.0044449573706706325,0.027849502043852892,0.0411129117628492,0.013468901572236291,0.000634806681602651,-0.01866728607907231,0.019548361182013696,0.017019023436901537,0.045128638345033834,0.0399425679305172,0.0,0.023802890452398306,0.018243563995045342,-0.008556783589080463,-0.012228630540274399,-0.0005165956398490712,0.014315164400724778,0.02456152602369871,0.03221633094106929,0.01468395872779571,0.037873252892722864,0.004629575711772027,-0.0006134805469686366,0.01626000041616671,0.025353271637549635,0.06888254849910896,0.05116905427238805,0.03611934341808681,1.012964434887742e-06,-5.551115123125783e-17,-0.009374997604342516,0.05250487579040258,0.04333128995392699,5.551115123125783e-17,0.0,2.220446049250313e-16,-0.0028740257023903704,0.0016271544943895488,0.003533952282918418,-0.0011722672873698547,0.06329533095360901,0.0005371312677371343,0.06413567261710307,-0.008504557142698321,0.0,0.05106002172438706,0.05131446984158761,0.05261540214793331,0.04583242962570355,0.0,0.023375624701699682,0.05260087898640747,0.041893063919085094,0.00576079131996482,0.06419541751412933,0.04685269635451228,0.05201256692606149,-0.0014840216791836558,0.002765081810039205,0.015312217121673133,0.0,0.04547372715645498
0.011811534476080854,0.02320011115592474,-0.00016965158348336562,-0.0006947075763077404,0.006147583356041597,-0.02053491645863037,-0.012477894355139962,0.01725820599391803,0.038347433377960594,-0.03829399290647162,0.019805981688610586,-0.0024139084680776524,-0.0024995185568467693,0.003782951157771386,0.0063179129462357375,0.010769511549433286,0.05687496957273763,0.01833813592969913,0.017912900880853178,0.016888920932787987,0.02871600042741973,0.02495439387568471,0.016924901362352363,0.013802905386195385,0.023802890452398306,0.0,0.010538436384283145,0.004537357490635385,-0.00214816690700137,-0.003908505379886906,0.010530381103199093,0.014889212423264131,0.03493072948343112,0.0185986285476496,0.028495865630576378,-0.0807491340112837,-0.001867223002318119,0.02916508575207749,0.015526486441896858,0.06028828267206343,0.0497367091889484,0.027731839640263156,0.001222490984768232,5.70731749210962e-06,-0.009399135293717775,0.04745558574189018,0.03720896522421757,-0.0009663435771795625,0.0,5.259625396325518e-07,0.003426578772871225,0.0016199607660796755,0.003222825119269024,0.00019534824885042434,0.06058455308144195,0.0,0.05185585415219729,0.021380488245710372,0.0,0.01579905766562817,0.04310666740110114,0.05563820960460342,0.05252944701039702,0.0,0.004922299997049628,0.034895064365571105,0.0168043370323957,0.016094216085353108,0.05709490325472816,0.0493619077695458,0.04642834331973711,-0.002470249407010572,0.00138225753024529,0.008096300032202297,0.0008157598927358012,0.0413637867633469
