0.0,0.8804788221059295,0.3922944008288306,0.0,0.3595722246903924,0.6977955504479088,0.48693886870316294,0.6198212125422734,0.4211639192484904,0.6053311442985836,0.4257010076514106,0.7186429963440326,0.656627206048262,0.5373559522622477,0.6024970411911104,0.8127048809101378,0.5076383969327001,0.6450743878157179,0.0,0.7398503785044124,0.38190519294453207,0.6416237126290878,0.6028792855540859,0.5895506845165657,0.6288926262100447,0.8146877083521369,0.6789763712963834,0.6742157044016773,0.7676086219147608,0.6581356639039984,0.7490996635143419,0.867899166958436,0.7304357539021281,0.6986402959085609,0.7676892740183549,0.6510091520188815,0.44222357506984117,0.6611543783720885,0.9797470633203605,1.086075285241979,1.0485904332697,0.7791308268354751,0.4682083841394229,0.0,0.46727536760928406,0.8522367036504606,1.0370823092392498,0.0,0.0,0.0,0.7306955798095103,0.0,0.6248963797779092,0.0,0.47392261927408674,0.0,0.864939518069149,0.7473270114278397,0.0,1.0869784657379975,1.032716623334211,-0.04382906861631833,0.8042885954575432,0.0,0.7399487644869738,0.9145233319225854,0.9954754854217525,0.6646089326037952,0.658395660954987,0.9528080255158177,1.060219471369056,0.43227665480811295,0.41240288608366943,0.4522840287633746,0.0,0.5183745935234961
0.8804788221059295,0.0,0.584505607466264,0.34150559391423296,0.306420759253455,0.3216002067766546,0.31984435048088933,0.9007108431373698,0.18323722909353757,0.4967510787405688,0.31832093775828985,0.4385804758220646,0.3526754149714248,0.5473970633506623,0.746685037116368,0.7260889195533307,0.6327705770656753,0.7418444775182166,0.6029511672843284,0.566153999669096,0.8941612859525329,0.8316981671523574,0.8258593681044797,0.3491277579459391,0.701733980128523,0.6883113979568694,0.5231650401411307,0.41792576192661407,0.3020766569846257,0.4471367991810673,0.5448910017057587,0.6742954477332751,0.5427376333215509,0.6375998061530543,0.7238331821164192,0.5069785485293915,0.21276766739088637,0.0,0.6276403874757109,0.9474817950035652,0.7474294005289512,0.8251373889213885,0.6308189599369992,0.0,0.0,1.0207160231613703,0.8653407498875659,-0.03209839060375271,0.0,0.0,0.7682124751963189,0.6249547266510155,0.5995705157587585,0.5568123073884974,0.6055819100709909,0.0,0.4438080020322016,0.6816822622904792,0.0,0.8287511438848467,0.8757975304273118,0.6216295939036764,0.5644540522613051,0.0,0.7254664389947727,0.9629700436069232,0.8534275943578375,0.8136395331357873,0.2358791070954419,0.5866101575699116,0.9406689604487292,0.7155180653238797,0.8752968443770341,0.743854028162957,0.0,0.7645222330412011
0.3922944008288306,0.584505607466264,0.0,0.49051338231584085,0.6066583553695515,0.5888339279950039,0.5970704096840778,0.7418220957067536,0.33439910426840946,0.5929430136051571,0.6276496612295991,0.36025924130754705,0.63766447950706,0.6183576724147548,0.3607381054488107,0.41150944964673075,0.6540022650219538,0.5493758378603038,0.5519322999529581,0.3806786663935603,0.42868545533159197,0.5642812876939782,0.2958714652423183,0.41371807718092196,0.5026747758257726,0.4866912781061651,0.39996620310014364,0.6703979927404912,0.6641058149127992,0.6585641203493301,0.6998842250325823,0.8492016172002097,0.5283391187203998,0.7111532564259434,0.6612806240732678,0.6148084952734435,0.5082768566429539,0.5752405731600091,1.0135772754034906,0.4948977230995172,0.5689324750869416,0.5182267253528594,1.0263526123576148,0.684740900227842,0.0,0.0,0.18339144660223522,0.5534928518500387,0.4742222882095135,0.6548936311658069,0.7854914014904943,0.7554630386864909,0.8827290617207109,0.8476731633199723,0.34934923222851166,0.8450994274465465,0.4993631457361772,0.6805119287417729,0.673728284106895,0.285787140310667,0.0,0.0,0.0,0.5267241326338767,0.6877680630897174,0.4502773202873703,0.15787268312405803,0.9137455895698664,0.0,0.6242981913073995,0.38115942300521527,0.7521413845920055,0.8095584889006273,0.6451093114383456,0.673955211000779,0.529427832240554
0.0,0.34150559391423296,0.49051338231584085,0.0,0.39512714469529514,0.4634318957098772,0.273340824123522,0.3430341046992792,0.6176156475192589,0.3960080699918189,0.6720337876763067,0.2511563469358846,0.5022799501097005,0.443079054039657,0.6205790753222437,0.042845144705044136,0.5717331336072013,0.467157236829044,0.6076692827383842,0.631982618528563,0.38274212125065604,0.5688146884793583,0.612776386547224,0.22722167128457452,0.8531054843321482,0.5830837088492852,0.5490523215296323,0.4522665667635527,0.4969116540120589,0.4566107358948168,0.287109743543541,0.2676964261394789,0.20963863225478815,0.22252294977785736,0.08047092416296325,0.4744647092889414,0.3599240603604015,0.37354325094543284,0.20287299154222826,0.30035462422007564,0.38021327519796855,0.30485157739365015,0.24390614861473758,0.24134078618204982,0.0,0.0,0.0,0.43859965074171214,0.0,0.0,1.1456866996756174,0.0,0.46622201823578,0.05068772753100903,0.0,0.19396571216394706,0.5142649270619726,0.48438228324211485,0.0,0.0,0.0,0.0,0.0,0.0,0.0,0.0,0.4788186590779735,0.8649174007483718,0.0,0.0,0.0,0.5125141517347882,0.5127268254046791,0.6357623486519552,0.0,0.0
0.3595722246903924,0.306420759253455,0.6066583553695515,0.39512714469529514,0.0,0.4366711116308819,0.46054855045861204,0.76354474115137,0.3086434346219352,0.7440867127096211,0.5205414309481363,0.5509096948945125,0.5518893098343697,0.47608173873163623,0.5262276845065632,0.48754944242783504,0.7391866132851828,0.5070867864005234,0.44705394067999243,0.5711309542092458,0.5294877787862219,0.395207587259927,0.5748455784349664,0.5587570844693446,0.531577662313817,0.5852702966710064,0.636272778115839,0.4128088653963706,0.6552848294374929,0.4652427368890124,0.7231666329918295,0.4975638235441073,0.9701076138493159,0.7054773096256616,0.6308378932190373,0.37415285858937974,0.4647445874817031,0.5752769762411831,0.7148331751711403,0.6590654671628091,0.5252417540999903,0.3920878114825471,1.1023339469284406,0.6044700900206164,0.27087499542413673,0.0,0.43503761993931966,0.8472014229382689,0.0,0.8355822384031227,0.8081046042496911,0.8056124233323326,0.7649597140481997,0.9358068419779443,0.0,0.9697084741914477,0.35549858097859427,0.7223347244965928,1.1360921414853484,0.2333518419497138,0.5129033846779592,0.0,0.0,0.9748935806797254,0.30125175330377774,0.4394219823834218,0.3461950839423621,0.902481176834383,0.0,0.4956003977123562,0.5095887919377058,0.7417352012890686,0.6740346809200671,0.5062848142840184,0.0,0.5297315060856788
0.6977955504479088,0.3216002067766546,0.5888339279950039,0.4634318957098772,0.4366711116308819,0.0,0.49209116954542953,0.74412364604224,0.38024427395126437,0.7261918984857758,0.620705126192146,0.6304749581639792,0.6031158029854322,0.7053577848343053,0.4072481649266748,0.5829189096815137,0.7762157764865178,0.5909961596192486,0.6097114977858034,0.43239031030350894,0.743704572479917,0.4075939482535598,0.6909460323149776,0.5127586101878094,0.496301353456141,0.5231392465041972,0.6723106563907888,0.5492920894973607,0.3900610636393661,0.6823243952474258,0.8036867991687112,0.4623929702893365,0.5465154154837049,0.7564081061660541,0.6944418049638927,0.5119893369149479,0.5641530755498011,0.398052819164324,0.9012077035424224,0.3564299799343118,0.8901911450992372,0.9380781809453723,1.0415702382241414,0.8148410889950561,0.22136098686042827,0.5990234874226441,0.6728540179674232,0.812895404452763,0.5987517649596514,0.6519750178330026,0.9067378240741386,0.8848784670413117,0.9409090325135044,0.9287557934590044,0.6943782423565619,0.912718370340154,0.3651937712762168,0.8012700877883557,0.6895737303948007,0.8825817395546873,0.5811891341068587,0.0,0.5314296777097618,0.758887694308128,0.8479833301222288,0.5985348480528828,0.48428218055205874,0.9219001879961137,0.5711551287743843,0.4917202027073121,0.4992435736027854,0.8668113463230241,0.7589274441272362,0.8425916191226227,0.5381115883163283,0.8114489898377194
0.48693886870316294,0.31984435048088933,0.5970704096840778,0.273340824123522,0.46054855045861204,0.49209116954542953,0.0,0.6857738889883425,0.5120285783275634,0.5822238761359971,0.5207584173413629,-0.04964165413323898,0.6724112790354282,0.5094153586967771,0.25730936178806096,0.43590122830714806,0.6687693135267639,0.4525988878992138,0.5752984335639306,0.42860569134635407,0.37805107119106796,0.35088364381779347,0.670084428773169,0.4067421623614235,0.46421646525119187,0.575222078684714,0.5868566677230731,0.3434216551861958,0.5961105019613986,0.49742625096633136,0.4629979267457926,0.4122611579793673,0.4953951485363446,0.21834930337098934,0.12948217539105922,0.4474791767697989,0.35037949285703057,0.7233896637618265,0.8129272012437315,0.4612953690053012,0.6934778948947854,0.47068476014015226,0.8111395544543634,0.8408206020697115,0.360632016134305,0.0,0.5901868480625857,0.599200229087073,0.0,0.7576095639387092,0.8041244847027025,0.7572409268934734,0.6665601396894192,0.8219903926374352,0.5828917017663997,0.7614784216162811,0.4186095308975486,0.599452875731139,0.32453881987315397,0.37777221082172996,0.6033583701195331,0.0,0.5381411492259618,0.743582620039813,0.5442222106493806,0.492026175720789,0.38030822043776313,0.8262623308263981,0.46518515554458506,0.5908383305827161,0.5786819192074621,0.729519611279723,0.6362542127325742,0.49446984698335994,0.7578301945360721,0.4973453514604983
0.6198212125422734,0.9007108431373698,0.7418220957067536,0.3430341046992792,0.76354474115137,0.74412364604224,0.6857738889883425,0.0,0.6738851524227523,0.6529205727193348,0.6920291304377468,0.18648238523269128,0.7131469850282698,0.4297552090359528,0.5596923542372689,0.7879016093476041,0.48701876400407496,0.6917443566647048,0.7417819024578084,0.43827870914788014,0.9383836501459838,0.6125118599019624,0.8190615982596394,0.4897601920910413,0.6985743853965568,0.7487244837131859,0.7322596249668081,0.6584236795171583,0.6754716575713862,0.6561470386109671,0.7374030637197398,0.7141106144177184,0.8342716514953252,0.717882986107168,0.5872340847333812,0.3527639831468377,0.6896534993450323,0.6110815138132287,0.8974824693380969,0.4661853048460727,0.7169877340809411,0.8015758532628343,1.1258808746544562,0.4901788694548288,0.0,0.5987923335809925,0.3824636328468599,0.7108078838111059,0.0,0.6038925032180944,0.9113608438066132,0.8444101532709034,0.7362529264666119,0.8042164599945754,0.7994685336113143,0.7424938244913473,0.9599733711188483,0.7224108665644356,0.9818511115984622,0.7398906225291473,0.39407564007481277,0.0,0.7357663163862366,1.0183057210306345,0.753968020381845,-0.07158895699771883,0.5364928647778753,0.896539001248262,0.0,0.4959234302044818,0.4831728058644694,0.7386843502771319,0.7579474246877718,0.8190903116749386,0.5248814784760417,0.6068645260971456
0.4211639192484904,0.18323722909353757,0.33439910426840946,0.6176156475192589,0.3086434346219352,0.38024427395126437,0.5120285783275634,0.6738851524227523,0.0,0.7169162044421361,0.4750482045752143,0.5425955062271507,0.5716399610163928,0.7159006977528496,0.6463081250530175,0.3339992834949628,0.5651733044884644,0.6384435669060006,0.3771388372776324,0.3037719740416408,0.42697721215150314,0.267168802732187,0.46263683486327034,0.6490240904188636,0.6295949858025081,0.8732419220537571,0.4149185260664655,0.639742593124317,0.5495027193862589,0.6181250998807845,0.6917659998145771,0.8359928386516022,0.7793702775242946,0.7542646031044198,0.7636157413407177,0.6389727733637067,0.684263343445884,0.6039450459942711,0.39538790023659964,0.5645710205298426,0.7868603123809157,0.2864081431643079,0.9979680380799968,0.41957365227801413,0.30340003499125456,0.0,0.5000057990947098,0.8447487695727103,0.47458999240266264,0.7962748317118582,0.8747366279586906,0.8221166072621825,0.8062778603739684,0.7375281551025754,0.23270294150780796,0.8904683616792944,0.49889232417427043,0.6285482480390945,0.8027094174638468,0.4307469511306133,0.682286397633131,0.0,0.0,0.7450183377163762,0.6113383116453319,0.6379049205685434,0.5664034606030133,0.8466937083429104,0.32383110242517704,0.5684852927853619,0.2750652169561829,0.7729443520569894,0.5126233423575576,0.5344334344120408,0.4778254049431265,0.8657632867414149
0.6053311442985836,0.4967510787405688,0.5929430136051571,0.3960080699918189,0.7440867127096211,0.7261918984857758,0.5822238761359971,0.6529205727193348,0.7169162044421361,0.0,0.7571361181373784,0.405105097246626,0.7673216398019482,0.825734463303117,0.5046715475408696,0.505447141448135,0.7387078523434532,0.710827510549118,0.74825627917367,0.4567994886285,0.6632180186954115,0.39803869907366235,0.6596083011761921,0.5780129438554725,0.7590469856772637,0.3994550948269463,0.6409271575271794,0.9184127343540219,0.5943409464654523,0.39689351213233903,0.675905868860869,0.438968427078113,0.8245484112919264,0.48905762448962314,0.28131278941796845,0.7316509341917528,0.4890943543165296,0.2747050410103031,0.7351920875435991,0.599876800555329,0.8561346928800131,0.364250395105683,0.3445226679959672,0.3500838388702673,0.6926945184812792,0.8537020545337786,0.8767444143607467,0.1735442446205646,0.46510685164758947,0.426045060914869,0.6864405939289029,0.4854824403666247,0.5655437159607769,0.2519053666484152,0.8320631432213335,0.4196571284911196,0.9338571052240383,0.7408487704730469,0.0,0.8728585138768051,1.0099079006646479,1.0279052061975547,1.0425758211756508,0.4797691816838815,0.4858232809397334,0.5512850157842912,0.3732463971555787,0.8312494222687044,0.9134553995527197,0.9825924126738773,1.033765842865627,0.9432353636462738,0.5889729222797712,0.4425123153517666,0.0,0.8311457354860246
0.4257010076514106,0.31832093775828985,0.6276496612295991,0.6720337876763067,0.5205414309481363,0.620705126192146,0.5207584173413629,0.6920291304377468,0.4750482045752143,0.7571361181373784,0.0,0.571970390134644,0.5812847595074419,0.680218529145121,0.0,0.506452751094301,0.6690209442109709,0.6266331208739286,0.411247943021112,0.5123086803752148,0.6185680077765283,0.38279275593672124,0.4764246489024666,0.6610729151459739,0.7715673567883814,0.8078736492284295,0.7745974512582541,0.6275549871375401,0.40052890322299,0.5289961936987766,0.6265851686199195,0.7135949135493279,0.9038788975106893,0.7377744872460272,0.7745022515720044,0.869221193060872,0.7829707722332728,0.5578265536237914,0.610756426485711,0.49386972051605904,0.5224300176571959,0.4769087392170065,1.1372235510275719,0.5820094391479136,0.20749291106586068,0.0,0.0,0.964522813849557,0.47954949050780515,0.699801249309501,0.9903195236098669,0.8838897995349921,0.9723440526274945,0.9693506828908269,0.5227604173605569,0.7213619519833878,0.4266935656913533,0.577772636924067,0.9344531906523745,0.0,0.0,0.0,0.0,0.48632989467738813,0.4022085529632803,0.0,0.7401189834430466,0.9106086677517593,0.0,0.0,0.992165874188196,0.9034717472654059,0.5117152566681915,0.3867189344133288,0.0,0.5711704650548951
0.7186429963440326,0.4385804758220646,0.36025924130754705,0.2511563469358846,0.5509096948945125,0.6304749581639792,-0.04964165413323898,0.18648238523269128,0.5425955062271507,0.405105097246626,0.571970390134644,0.0,0.4012890306126055,0.6131077477975361,0.3786412558544653,0.45534705234455075,0.7307654326207433,0.9651129245469621,0.49993149042023477,0.5128068715281874,0.6063752739722386,0.42462698384514896,0.23436186947669177,0.6131189450923364,0.7937102569261496,0.5080843061322535,0.5859024258691928,0.3820760411642193,0.5990871860804318,0.29466298645334676,0.514722972923291,0.08672271234610981,0.7766551009235194,0.05156773899406164,0.032023707357693,0.36763287895547764,0.2061990683553121,-0.08799646305499984,0.42804603812622494,0.6795269617068673,0.7814490164975794,0.3378253201059206,0.4296741718860831,0.4325475019001458,0.9007186243877578,0.7093490502179429,0.5357590469139832,0.2933583392159137,0.19307288610413786,0.2548002316800462,0.3445397080992993,0.48638568828110906,0.25832338826951745,0.4258756848250801,0.9348083648022016,0.25941497488803167,1.011087888454211,0.5447787107301092,0.7151753003399945,0.6392490438577225,0.5373473286303432,0.8684989124981479,1.0669410739748493,0.3588683732125278,0.7581271502192519,0.7374348422000228,0.43382597991422117,0.43900329405343463,0.8494065400078809,0.9362863560201937,0.9402807852766235,0.31957310403720757,0.6464881784906593,0.5261655973780701,0.0,0.9387554780945735
0.656627206048262,0.3526754149714248,0.63766447950706,0.5022799501097005,0.5518893098343697,0.6031158029854322,0.6724112790354282,0.7131469850282698,0.5716399610163928,0.7673216398019482,0.5812847595074419,0.4012890306126055,0.0,0.5718320489585869,0.4048973536089521,0.4825636235817456,0.8008681208303702,0.5407925992377464,0.6369132228393697,0.4883038879387961,0.5691395504034691,0.4105984433471921,0.6988997770098124,0.6091618895675113,0.5921987083393547,0.671634419971983,0.6293987502422902,0.4877265103478301,0.640044741291923,0.6874908057371552,0.5180038454696806,0.634735582255652,0.560428827159889,0.5404260692850051,0.4063474690933375,0.42505500172137395,0.4469670623422978,0.24666456603914183,0.32223884997657604,0.4619014325406703,0.9052562096011819,0.8695474006430581,0.8046425746303496,0.3757264898496172,0.48127821729013903,0.6489211395054839,0.6458150870916126,0.7833814011207945,0.0,0.8483464618139673,0.8482621202372493,0.784384327231772,0.7358224159936992,0.8821429234826321,0.5381234771164183,0.8538822060328136,0.5228113444816127,0.719905329940824,0.7110844813313524,0.5656194821893827,0.5549593304767133,0.4059628263335056,0.5493569441796848,0.853606345590499,0.6070621748036067,0.6042601242146,0.415723476939723,0.9219991108216881,0.5146144527280511,0.5443847054940127,0.4219766088605683,0.8724479146901888,0.7941831498320021,0.6762735303839784,0.5654000639963521,0.6584318195548273
0.5373559522622477,0.5473970633506623,0.6183576724147548,0.443079054039657,0.47608173873163623,0.7053577848343053,0.5094153586967771,0.4297552090359528,0.7159006977528496,0.825734463303117,0.680218529145121,0.6131077477975361,0.5718320489585869,0.0,0.5394111158641572,0.6294487462763497,0.4968868032244834,0.44594326075963364,0.7138126263420768,0.37670832450585867,0.6120072819280502,0.312441987861371,0.6410863674179299,0.6452362178153987,0.5080137345435101,0.5600647010788815,0.7093838598923127,0.4488934276037878,0.3812069929467621,0.8563652750611359,0.8607273621402458,0.5782589089878488,0.22262461800700595,0.6395220160192566,0.377549549085308,0.4707291837305718,0.2538969735490856,0.395280161049118,0.7116482181992433,0.0,0.7029901190722183,0.8278959624494369,0.6253322224814417,0.47353203425056467,0.0,0.0,0.0,0.6223961187172419,0.0,0.5613761556514665,0.4690832511872486,0.4665456081112846,0.6350826253765622,0.8149911991218406,0.0,0.6111778879599562,0.3996460487790502,0.7795493638947053,0.5102084237204273,0.0,0.0,0.0,0.0,0.5739736811027716,0.0,0.0,0.0,0.6831357037315295,0.0,0.0,0.0,0.5207747213238877,0.7759830118214608,0.0,0.0,0.0
0.6024970411911104,0.746685037116368,0.3607381054488107,0.6205790753222437,0.5262276845065632,0.4072481649266748,0.25730936178806096,0.5596923542372689,0.6463081250530175,0.5046715475408696,0.0,0.3786412558544653,0.4048973536089521,0.5394111158641572,0.0,0.6588117448374144,0.5097165058981838,0.553424341663028,0.0,0.6808869278528401,0.6955852594468966,0.7034523830224193,0.7188892678576451,0.5963959576387465,0.5891690296044909,0.6569637429031145,0.6612765781191409,0.4385607511500377,0.4777948215587971,0.45431773719824103,0.6001928344865862,0.5315808239860853,0.7365401549374848,0.6854460545050252,0.5621419280952802,0.7345610358000344,0.49889695520291055,0.3689427597488374,0.5022576595872134,0.8669915722420168,0.6978313421590712,0.499675260549545,0.5076265156222217,0.6206303576021022,0.0,0.6682736843322262,0.5313859136178767,0.45619335709615905,0.0,0.0,0.763113519673285,0.9051468551943571,0.8499830395334652,0.533066118005439,0.0,0.0,0.6727872322568493,0.7235933749322082,0.47711727034719065,0.8794676719689709,0.7144143739567724,0.6249729123179998,0.7339565015561684,0.0,0.9465877835257432,0.6912312982684986,0.8605977390447673,0.9464756361021424,0.4645016075912565,0.5998430403840914,0.5250440394041372,0.8513694901912828,0.703299785921109,0.7833477815019678,0.5687382375314958,0.7509598010395315
0.8127048809101378,0.7260889195533307,0.41150944964673075,0.042845144705044136,0.48754944242783504,0.5829189096815137,0.43590122830714806,0.7879016093476041,0.3339992834949628,0.505447141448135,0.506452751094301,0.45534705234455075,0.4825636235817456,0.6294487462763497,0.6588117448374144,0.0,0.8599983185568435,0.8149033894315039,0.5164315764277855,0.45592525934485534,0.6979456657004454,0.7612814534826995,0.8153332409620835,0.12867789556913006,0.8748472865284382,0.7750815596873857,0.725850897647049,0.4712870154435113,0.5695106701836623,0.4761789098521937,0.692195258135297,0.6324751694425408,0.3487767736760966,0.4616077000016401,0.6657405023388415,0.6409767279050832,0.4243230235123233,0.5997272573465708,0.5477009215227477,0.8279933437636652,0.7263213188647617,1.0836793355859,0.4664468045342303,0.0,0.0,0.9284839505674397,0.8122245672842405,0.0,0.0,0.0,0.5939865392491078,0.5931402737546434,0.877083814802885,0.0,0.562145767157338,0.0,0.4712998904851188,0.6429083986151726,0.0,0.7898967749789889,0.8810678011536246,0.548619950561539,0.6766535299059098,0.0,0.7845830578102403,0.7476061164575509,0.6839913408408596,0.8874254464374051,0.4744087817569608,0.8402466544230391,0.9642871210979426,0.9465960720810072,0.7296385908703076,0.9095269256830576,0.0,0.5735611895163678
0.5076383969327001,0.6327705770656753,0.6540022650219538,0.5717331336072013,0.7391866132851828,0.7762157764865178,0.6687693135267639,0.48701876400407496,0.5651733044884644,0.7387078523434532,0.6690209442109709,0.7307654326207433,0.8008681208303702,0.4968868032244834,0.5097165058981838,0.8599983185568435,0.0,0.887453044191211,0.7206274979868734,0.5759899325048865,0.5744747589839077,0.7157267742515097,0.545750834367099,0.8666904748185874,1.0267667651816572,1.0682262941541407,0.8521532195725763,0.9462900199840037,0.4474114878881852,0.535782859923881,0.9975445261883752,0.8783260186899845,1.029373911209298,0.871334507189868,0.6326748668860609,0.6418564804675086,0.26688705086700054,0.683983068649712,0.6171655072171595,1.0168264095912112,1.043338181758273,0.537081205742846,0.0,0.0,0.43456368133870815,1.198772098173493,0.8550949919308398,0.0,0.0,0.0,0.0,0.0,0.0,0.0,1.0037796426000214,0.0,0.9606511357737962,0.3266540348356649,0.0,0.7895436177390518,1.0364502504582143,1.053783482067919,1.0452271664534074,0.0,0.0,0.0,0.5333790952091281,0.0,1.1810563338552775,1.0406270244658027,1.1449932534213723,0.0,0.32282198986083954,0.4794643950021559,0.0,1.08672185442589
0.6450743878157179,0.7418444775182166,0.5493758378603038,0.467157236829044,0.5070867864005234,0.5909961596192486,0.4525988878992138,0.6917443566647048,0.6384435669060006,0.710827510549118,0.6266331208739286,0.9651129245469621,0.5407925992377464,0.44594326075963364,0.553424341663028,0.8149033894315039,0.887453044191211,0.0,0.540511244230661,0.4508225951931425,0.7648620440263452,0.6533745514702516,0.8332182711628078,0.669704214908053,0.7888761173772645,0.7564488164642358,0.7680884690920462,0.4125274716117138,0.44495157898203874,0.36327868336262326,0.564115752609881,0.8158827575968823,0.8074207583572716,0.6260801299856404,0.6567761270182169,0.6494361554288458,0.26061301813192095,0.4357800207742528,0.7085918464124222,0.9686449576911944,0.8189464325522204,0.5561245938939707,0.0,0.0,0.5335359180675776,1.0178647386625426,0.9412025707567108,0.0,0.0,0.0,0.5502488397305576,0.5541244476113399,0.9049509885403857,0.0,0.8158220211424793,0.0,0.9358083580789529,0.5326000754631853,0.0,0.9293731932317761,1.0144926702070973,0.7691923340387737,0.8727150493887788,0.0,0.5568321611992115,0.6766201976183319,0.859924610703114,0.7901748275631337,0.9174000660778366,0.9140135298708026,1.0045654696788915,0.5153937510605545,0.6500425982200894,0.6158360265161369,0.0,0.9106513350728574
0.0,0.6029511672843284,0.5519322999529581,0.6076692827383842,0.44705394067999243,0.6097114977858034,0.5752984335639306,0.7417819024578084,0.3771388372776324,0.74825627917367,0.411247943021112,0.49993149042023477,0.6369132228393697,0.7138126263420768,0.0,0.5164315764277855,0.7206274979868734,0.540511244230661,0.0,0.5255460203268804,0.4342556000509694,0.6381362582672874,0.3861432048855704,0.5188627272414584,0.5555259201622639,0.7100877511689047,0.6463360959965653,0.6976665557907586,0.461456336332499,0.6195275658560944,0.684469833214341,0.8038343355802552,0.8187556911201668,0.7418583520339388,0.7173057037576864,0.8008436216844199,0.6323528420851579,0.47283647927989353,0.7429989387348288,0.408390730397071,0.39877696218318287,0.23984964274665738,1.0300474902440255,0.3418593702609367,0.41377554856348353,0.0,0.0,0.8167263655668349,0.0,0.482506601283055,0.7583786402586792,0.6008925191408464,0.751015838464645,0.8377120367005894,0.970041372428097,0.47389384240119103,0.5566846731849702,0.5088595015072706,0.8729443302369204,0.0,0.0,0.0,0.0,0.8559244845148528,0.4812132516861891,0.0,0.44406644491763003,0.8438898839425049,0.0,0.0,0.0,0.7733037005448218,0.6429446579440548,0.5008480055381483,0.4698785248472012,0.5722778269299669
0.7398503785044124,0.566153999669096,0.3806786663935603,0.631982618528563,0.5711309542092458,0.43239031030350894,0.42860569134635407,0.43827870914788014,0.3037719740416408,0.4567994886285,0.5123086803752148,0.5128068715281874,0.4883038879387961,0.37670832450585867,0.6808869278528401,0.45592525934485534,0.5759899325048865,0.4508225951931425,0.5255460203268804,0.0,0.741316942842208,0.4871067230748466,0.37897405247343763,0.7577228989618322,0.4726421499205752,0.7534895820801633,0.6461122469222157,0.6349051037233457,0.5618686239248335,0.6268074663206055,0.49384736649654926,0.31150215175483975,0.24175425220945815,0.6025425585368156,0.45976318362599455,-0.34834498921555174,0.5447283281343265,0.7824214386872237,0.44394143869403163,0.810403094241589,0.7535105027066884,0.7082505093332698,0.528712976444586,0.22185664244756667,0.224130060155288,0.5435512465789851,0.6802129837804932,0.9699767145552037,0.0,0.0,0.7821919495279299,0.6831016309223896,0.9264694068351815,0.46211615422086916,0.9101854070998576,0.0,0.5906673190545311,0.7501618957795329,0.0,0.8257748935167647,0.6606732203819216,0.4670173737660255,0.603530623288009,0.0,0.8137309184396979,0.7112625375478501,0.6424869975596937,0.8544193757489986,0.0,0.5995207746169947,0.473993787012047,0.8599211586783501,0.695909357690866,0.782772486490094,0.6157788467146981,0.7302889139592275
0.38190519294453207,0.8941612859525329,0.42868545533159197,0.38274212125065604,0.5294877787862219,0.743704572479917,0.37805107119106796,0.9383836501459838,0.42697721215150314,0.6632180186954115,0.6185680077765283,0.6063752739722386,0.5691395504034691,0.6120072819280502,0.6955852594468966,0.6979456657004454,0.5744747589839077,0.7648620440263452,0.4342556000509694,0.741316942842208,0.0,0.7285246166769734,0.8093364882738128,0.5058680184681794,0.6637877153093759,0.9291060104658091,0.8382540418882665,0.6422879594222616,0.7029213364589892,0.4501505147369089,0.40320667799421145,0.4566250271203305,0.5339223858484973,0.5269712659202213,0.5209240335534138,0.682232026681864,0.34312410066008403,0.5952937625896082,0.778267764559246,0.9443462788791926,0.6523866054862661,0.5565048056197764,0.5571940802885863,0.0,0.0,0.5593687136812945,0.847202315399035,0.6292035649690677,0.0,0.0,0.8729712368161184,0.5016376144643528,0.9961522000000572,0.5410401382546771,0.6168664059141176,0.0,0.7283203424165929,0.7190296170387008,0.0,0.8145461140309627,0.8300140125654636,0.0,0.5200886991453317,0.0,0.7968152419720819,0.9768657973527635,0.8589444980088711,0.9570794332836127,0.8407198596099871,0.6011419722581899,0.9462397948458776,0.8936865507253953,0.8071892233901881,0.8596963569734972,0.49382578308681063,0.5833219155119848
0.6416237126290878,0.8316981671523574,0.5642812876939782,0.5688146884793583,0.395207587259927,0.4075939482535598,0.35088364381779347,0.6125118599019624,0.267168802732187,0.39803869907366235,0.38279275593672124,0.42462698384514896,0.4105984433471921,0.312441987861371,0.7034523830224193,0.7612814534826995,0.7157267742515097,0.6533745514702516,0.6381362582672874,0.4871067230748466,0.7285246166769734,0.0,0.7944931979765648,0.14346991764339465,0.8515843505954134,0.9210230071014742,0.5400975013607165,0.22132869376526848,0.5181190796656776,0.14956984715721,0.46324046600460467,0.47394270285151163,0.3105474156042435,0.631724524171331,0.4969416327432073,-0.3385621301813722,0.7345655760311549,0.5774853373434075,0.23553173762368768,0.6406644951462406,0.5871498633675956,0.3388624774218222,0.5149530855263413,0.353926747771514,0.2593455855758167,0.7005671775923668,0.7151253513823568,0.5519550144211369,0.47746327448491455,0.26110187020229003,0.811434110322822,0.680369281502403,0.5147863514982035,0.6415557794363447,0.42664673282613264,0.0,0.5201543476464094,0.7528481036864927,0.0,0.6754468207393465,0.7030972515825884,0.42071087924360157,0.579285558668049,0.0,0.6322110447247219,0.5273177692367044,0.6075389663390807,0.7582899121740359,0.7170360840090177,0.4859430557924952,0.652196161615458,0.6627804727289588,0.5650567381703564,0.6421501114143564,0.4792633018224238,0.725267559331743
0.6028792855540859,0.8258593681044797,0.2958714652423183,0.612776386547224,0.5748455784349664,0.6909460323149776,0.670084428773169,0.8190615982596394,0.46263683486327034,0.6596083011761921,0.4764246489024666,0.23436186947669177,0.6988997770098124,0.6410863674179299,0.7188892678576451,0.8153332409620835,0.545750834367099,0.8332182711628078,0.3861432048855704,0.37897405247343763,0.8093364882738128,0.7944931979765648,0.0,0.5010311114675297,0.8936886477360614,0.737395145346567,0.5749926016225391,0.5924386368893912,0.7396100688140899,0.6517817206671517,0.7039335052853699,0.6894728339003674,0.41840917462790533,0.729180286658433,0.6724771389940213,0.7513655642655631,0.6981997515143457,0.39449880781718805,0.8940169468870757,0.8770670894670445,0.9416898651542969,0.9365739515697712,1.026726117129986,0.8931570596576994,0.5668270388479756,0.5599719956023901,0.8761333852600202,0.8960874639351109,0.45332719377142905,0.8923327152489147,0.9200135110419148,0.8440666133448218,0.7607088133284202,0.8474872022721056,0.6058985118071869,0.9508598571886953,0.458379255605879,0.7791994208113384,0.8400903870213562,0.9192246099573009,0.6697213476208764,0.48582328093973354,0.5974204859226762,0.9495426686264794,0.9121471264668493,0.7196131915821402,0.7305949236498638,0.8683667075512381,0.24289483979302923,0.6181454821022065,0.7827492885268299,0.8445559502996686,0.8074148792944791,0.9042819076058604,0.960546019406941,0.851350321111795
0.5895506845165657,0.3491277579459391,0.41371807718092196,0.22722167128457452,0.5587570844693446,0.5127586101878094,0.4067421623614235,0.4897601920910413,0.6490240904188636,0.5780129438554725,0.6610729151459739,0.6131189450923364,0.6091618895675113,0.6452362178153987,0.5963959576387465,0.12867789556913006,0.8666904748185874,0.669704214908053,0.5188627272414584,0.7577228989618322,0.5058680184681794,0.14346991764339465,0.5010311114675297,0.0,0.8792961573297869,0.6039090536332613,0.6573953720533559,0.7767012701211913,0.7652348306944229,0.797914395483981,0.7409724764110064,0.465112818240064,0.5432993590580828,0.14658911627343693,-0.1428142295454932,0.39772925836148126,0.3103273373243213,0.45019087285073417,1.0266577174759162,0.06248777782701459,0.27072129319864047,0.12180385805096033,0.5681646534934168,0.3601696546278135,0.435066034109443,0.7153329427516231,1.0185423113943606,0.0,0.0,0.46813195934893603,0.5786978935246541,0.3016001460128005,0.0,0.025631839390847053,0.5060588550750054,0.5363415593168694,0.8496291936121705,0.4636790195546757,0.0,0.2408406608098726,0.8908790313749337,0.7402063579560247,0.899132769520939,0.46930883700249737,0.3192480807747915,0.44797371530861935,0.1981855638783585,0.8168867624590299,0.611153891710034,0.9277284179974652,0.9633179167396841,0.498161025734759,0.6924244758116281,0.6527775740782455,0.0,0.62322687156598
0.6288926262100447,0.701733980128523,0.5026747758257726,0.8531054843321482,0.531577662313817,0.496301353456141,0.46421646525119187,0.6985743853965568,0.6295949858025081,0.7590469856772637,0.7715673567883814,0.7937102569261496,0.5921987083393547,0.5080137345435101,0.5891690296044909,0.8748472865284382,1.0267667651816572,0.7888761173772645,0.5555259201622639,0.4726421499205752,0.6637877153093759,0.8515843505954134,0.8936886477360614,0.8792961573297869,0.0,0.6247567057998051,0.8009594875869535,0.5410588122739138,0.44704883682815705,0.4387306914296413,0.7629494394701108,0.6640443388899016,0.9070196276302045,0.6635340540941411,0.893144020841039,0.5589120856251455,0.5569957417493081,0.6121894997907142,0.8639250262681337,1.0662119002809294,0.9719209567628351,0.8970590799555709,0.14596102961326057,0.0,0.37426426269046886,1.0734500069147288,0.9750669793612047,0.0,0.0,0.0,0.5694646398844951,0.5565667699186613,0.7243739500090796,0.3813248036889014,0.9605078482377648,0.4949544309799493,1.0480215964404342,0.38754939371350855,0.0,0.9408502394137708,0.9975399111656655,0.9054561031566842,0.9504344896464844,0.0,0.8462823980098237,0.979494327046655,0.9537683598266712,0.5868990462786726,1.1104033917867042,0.9846813791301543,1.0828481409734447,0.4909481270791557,0.6673448015990698,0.6022638075966485,0.0,1.0386166341095135
0.8146877083521369,0.6883113979568694,0.4866912781061651,0.5830837088492852,0.5852702966710064,0.5231392465041972,0.575222078684714,0.7487244837131859,0.8732419220537571,0.3994550948269463,0.8078736492284295,0.5080843061322535,0.671634419971983,0.5600647010788815,0.6569637429031145,0.7750815596873857,1.0682262941541407,0.7564488164642358,0.7100877511689047,0.7534895820801633,0.9291060104658091,0.9210230071014742,0.737395145346567,0.6039090536332613,0.6247567057998051,0.0,0.7765298971065138,0.7442058053552458,0.6512231306542579,0.39151420227887873,0.6838924929325332,0.7711993519400497,0.9603960601822694,0.727255501882739,0.7979618165459357,0.05549846195223257,0.4765073320655947,0.6893115927163731,0.7345204398586216,1.1221449653485824,1.1167008461928654,0.6632915971296283,0.22639745511149117,0.5452421764033939,0.4083177609527562,1.0325224275860032,0.9888979936457143,0.6344178758992833,0.0,0.008020568564762815,0.695498284766976,0.5991436225039866,0.5742397326043014,0.41558357525471246,0.9935951502955789,0.0,1.0576894756250472,0.821527245712175,0.0,0.7694874013320028,0.9821715579079605,0.9534196754527173,1.0263377842188406,0.0,0.6522426095891358,0.9827914145254539,0.8651065481668831,0.7477716022723245,1.0222537885693694,1.0644734937099478,1.046774909764026,0.6495587408572002,0.6032117055664333,0.7555559282741271,0.5140552753923668,0.9867683677255846
0.6789763712963834,0.5231650401411307,0.39996620310014364,0.5490523215296323,0.636272778115839,0.6723106563907888,0.5868566677230731,0.7322596249668081,0.4149185260664655,0.6409271575271794,0.7745974512582541,0.5859024258691928,0.6293987502422902,0.7093838598923127,0.6612765781191409,0.725850897647049,0.8521532195725763,0.7680884690920462,0.6463360959965653,0.6461122469222157,0.8382540418882665,0.5400975013607165,0.5749926016225391,0.6573953720533559,0.8009594875869535,0.7765298971065138,0.0,0.6156233664290247,0.7318166269063642,0.6898748765210592,0.6877255446515146,0.6000115900921748,0.49596769386099615,0.6157107285543755,0.584334647637431,0.42044059192761146,0.6970437834721938,0.026623127751102427,0.8830194849247666,0.7941235081380261,0.9193097677778985,0.844917856180851,1.0711524808868398,0.8436678441683148,0.39482565469373676,0.4411864363862891,0.7373910399567254,0.7954427899866385,0.5115006321909557,0.7755013761981702,0.8775172240563383,0.7423412723756737,0.8226986397211857,0.8382855256162938,0.6644009113595923,0.8888105352419076,0.36433821374427633,0.7669582173178495,0.7630877231638094,0.8979175828404267,0.6047731743281677,0.0,0.5052939344470073,0.8634214084901963,0.9005172590550802,0.829335360719895,0.6729059215505236,0.9220720740481804,0.0,0.5062900788223451,0.6857781407082174,0.8662464776846326,0.804252021136259,0.8664628636361391,0.7362428443024169,0.8236102713236666
0.6742157044016773,0.41792576192661407,0.6703979927404912,0.4522665667635527,0.4128088653963706,0.5492920894973607,0.3434216551861958,0.6584236795171583,0.639742593124317,0.9184127343540219,0.6275549871375401,0.3820760411642193,0.4877265103478301,0.4488934276037878,0.4385607511500377,0.4712870154435113,0.9462900199840037,0.4125274716117138,0.6976665557907586,0.6349051037233457,0.6422879594222616,0.22132869376526848,0.5924386368893912,0.7767012701211913,0.5410588122739138,0.7442058053552458,0.6156233664290247,0.0,0.575258929914592,0.4727291617501375,0.6875523899247872,0.6592779942085589,0.5190112459401786,0.6414081156098215,0.760858960319394,0.41850164691721853,0.5134936384349189,0.39243556397705964,0.13848877970343657,0.35106847174016603,0.9906484396747288,0.7485190285567664,0.6368275479303129,0.32534971554652503,0.6646247859794134,0.6177928501229513,0.6064363314184635,0.7635476817647563,0.0,0.6822329741512754,0.9214332407158807,0.6940191593093362,0.7449480897633081,0.7040102247124562,0.6558178802043739,0.861973824997687,0.4997580101316652,0.7099290497412488,0.3610097596412555,0.8065225860088489,0.4257623484558272,0.20888135220755608,0.5526338241649538,0.965134440230911,0.8865095234377798,0.7651530856698437,0.5488581551379419,0.9430610404367017,0.5553286333332473,0.6929742438702815,0.42526671946723266,0.906600304390963,0.8123942171282432,0.7922575571253914,0.5497246556517623,0.7871770202789221
0.7676086219147608,0.3020766569846257,0.6641058149127992,0.4969116540120589,0.6552848294374929,0.3900610636393661,0.5961105019613986,0.6754716575713862,0.5495027193862589,0.5943409464654523,0.40052890322299,0.5990871860804318,0.640044741291923,0.3812069929467621,0.4777948215587971,0.5695106701836623,0.4474114878881852,0.44495157898203874,0.461456336332499,0.5618686239248335,0.7029213364589892,0.5181190796656776,0.7396100688140899,0.7652348306944229,0.44704883682815705,0.6512231306542579,0.7318166269063642,0.575258929914592,0.0,0.6388240600378269,0.8411566239376826,0.24042950411485015,0.2959339505390107,0.7717137124700472,0.5111498608174209,0.18961107935031696,0.030900888685352318,0.5975930368467341,0.720129779490849,0.8383567979010094,0.8219126602582363,0.9146885844003971,0.20898161830065992,0.5398695740414462,0.6205583164641784,0.4861040078415361,0.5591022183474392,0.7802791401585776,0.42722584414682974,0.4447852946574803,0.8914799641357727,0.6724248126317893,0.9728954841197432,0.6682369781420703,0.6679700205936328,0.4365289579956143,0.5621089341943909,0.7563708050776062,0.7459130767404649,0.9003651891562088,0.6296775851656765,0.4811415097624788,0.5711255899595854,0.5332013226499392,0.855848754775564,0.871529691655234,0.6137092250388916,0.9843283775506231,0.472074655573254,0.7208043193023232,0.5829454513699976,0.9647479164945082,0.7748233089881351,0.8087425029485256,0.6187122377476592,0.7995932342577067
0.6581356639039984,0.4471367991810673,0.6585641203493301,0.4566107358948168,0.4652427368890124,0.6823243952474258,0.49742625096633136,0.6561470386109671,0.6181250998807845,0.39689351213233903,0.5289961936987766,0.29466298645334676,0.6874908057371552,0.8563652750611359,0.45431773719824103,0.4761789098521937,0.535782859923881,0.36327868336262326,0.6195275658560944,0.6268074663206055,0.4501505147369089,0.14956984715721,0.6517817206671517,0.797914395483981,0.4387306914296413,0.39151420227887873,0.6898748765210592,0.4727291617501375,0.6388240600378269,0.0,0.7035418795053627,0.5032926463026455,0.34261308622853914,1.0520698951518805,0.55632036726215,0.5056425739451234,0.30359640181239145,0.589072463341685,0.9699576097809798,0.5035067224546304,0.561352850873824,0.7592774596506529,0.604021835076147,0.09349518552559352,0.0,0.0,0.0,0.21527071348409726,0.0,0.0,0.7743895535439721,0.5514955585897107,0.4796415369393446,0.626251972010412,0.5677215268158983,0.0,0.02463679366047545,0.4785738950197729,0.0,0.6370152926581071,0.0,0.0,0.9592238170962347,0.913731180986743,0.7080008413194624,0.5691441367604532,0.5051553080759129,0.9683419246618403,0.0,0.370560715305289,0.4795013209818863,0.9464920690892229,0.7958956210768393,0.7433165904326724,0.4516907169636691,0.42123838641933004
