0.0,0.0052153770222092555,0.0011514639397895432,0.0,-0.0025986645290221877,-0.041837218599713566,-0.003642770487382818,-0.0026843122315755585,-0.002570731478598154,0.015229675237769913,0.00038975642444472047,-0.03085444517459074,-0.0038553115111676917,-0.0015499176251663749,-0.000378257286478223,-0.01046400037523465,-0.024819978200893877,-0.020905902150523015,0.0,-0.004287523919454417,-0.002323412574320116,0.004681311144032363,-0.02086182444329482,-0.004322627925144706,-0.008442923548924952,-0.005438258124332407,-0.009699218632450823,0.004840459160370625,0.003066860054702969,0.00334351650161252,-0.014416072132290625,0.0054988401785677765,-0.03276607267960585,-0.009675140470110477,-0.0032978860409041966,0.0014544847596802413,-0.0013381452761208057,0.0011784277105553742,0.0067569405340202615,0.01124226434801584,0.01788013398966032,-0.003772921789475414,-3.240951046357132e-05,0.0,-0.001236242987284697,-0.04015082985439078,0.005666812283608158,0.0,0.0,0.0,0.00288702189824519,1.1102230246251565e-16,-0.022937971025174475,0.0,-0.016111911167652038,0.0,-0.05536078549666462,0.0014497388184628313,0.0,-0.05408187796850106,0.01506225058212085,-0.0024181241950965715,0.02016827670450011,0.0,0.021183094339529418,-0.049492124745585564,-0.000740695943963976,-0.08385234947434861,-0.0002772788726696507,0.02585549337680243,0.017021674133610276,-0.0022881938046632744,0.0005528659399135494,-0.015503140783730718,0.0,-0.013349725774314203
0.0052153770222092555,0.0,-0.00048509719316958133,4.658676907637327e-05,-0.02163112758592589,-0.012427545800958839,-0.025554211514830782,-0.023622847794582735,-0.016530177401266666,-0.014493298226306794,-0.0008723559486818466,-0.0036676062891007333,-0.03506075553855942,0.0015034208811766647,0.031236458370282216,0.007163948525258312,5.662198418288078e-05,-0.008083193354091522,-0.0020739022875602697,-0.006103791278766424,-0.0014982611006664759,-1.2396988430252165e-05,0.01080501670447015,-0.00874808209635497,0.00587280928008399,0.004184223871063986,-0.001761787924230096,-0.027977006009769434,-0.02644938805803171,-0.001581552917371054,-0.007063430974870777,0.006823413791331223,-0.0008288698173528619,-0.006781052940852905,0.0015432259153067562,0.0027632081412923837,-0.0009245622875854176,0.0,0.026476354935414337,0.03625773972612695,0.024833896311267978,0.029278731372944233,0.0006705359358970542,0.0,2.220446049250313e-16,0.015301762906980099,0.02068349650033713,-0.0006736404231360571,0.0,0.0,0.020493105595855654,0.0013498577506534382,0.003685925459825823,-0.00021813738845749553,-0.0008441217549114977,0.0,-0.0008062263753997878,0.012820439955945007,0.0,0.014304076079919181,0.01943764071167714,0.013975578538081679,0.014544852302837585,0.0,0.017361498094547234,0.02098759056145305,0.016186118194220056,0.007201631232067296,0.0005172850208047808,0.02700605295811942,0.022225318281246742,0.01801721458197525,-0.00608597214229728,0.017996910840951064,-1.1102230246251565e-16,0.022643160744597823
0.0011514639397895432,-0.00048509719316958133,0.0,0.01391805844142302,0.002423533771988007,-0.020176141289680094,0.02163405380900424,0.011156452632766933,-0.029390228417896014,0.02328487651046679,-0.05539249982609895,0.02621686066877904,0.022089364562870306,0.016323451528840516,0.000520940607183884,0.0008376634518193482,0.0029047794740004185,-0.02492238394303059,-0.031720980494040735,-0.0015851030037983826,0.004767846065153514,-0.012369177490178074,-0.023895433468783644,-0.0003501740868612768,0.0070078918845793425,-0.0036722862439878545,-0.03150294482422583,0.03203054631297009,0.021479593384513773,0.04333938145832572,0.036508892062788956,0.02247844010682437,0.00918276884136987,0.04342808278670701,0.025391199508830398,0.030136599670962938,0.011912454241700066,0.021852404961055782,0.03403155118769219,6.637609065163197e-07,0.03366164573009178,0.03966304983063518,0.01477255876189748,0.04479729904563595,0.0,0.0,-0.001054706808798489,-0.03344451002750337,-7.27926267940493e-06,-0.0024661206850983275,0.01602363460099787,0.029951744800607583,0.02546536308373304,-0.04705395188726885,-0.0012946598610226734,-0.07444332371134094,2.4355714357937597e-05,0.027586022265284615,0.050943169237269825,0.0002763898122065678,0.0,0.0,0.0,-0.11681387437930169,0.0018647847169762644,0.00044046546705683864,0.00020179428569749858,0.025135589903451994,0.0,-7.784529976112564e-05,0.0014427787655306168,0.018514914193115017,0.03703412653535654,0.03277660315134806,0.0006938381564121077,0.018322702723121975
0.0,4.658676907637327e-05,0.01391805844142302,0.0,-0.03245688682058587,-0.002257997017658886,-0.012459341530281054,0.05323654174062642,0.021138655019103003,-0.09059782724250043,0.03935384047061363,0.004960679478237751,-0.021736911676021153,-0.011754958203186117,4.294040859920134e-05,-0.0019472148579271487,0.0015434677545214104,-3.3147498540164744e-05,0.01996380713403645,0.008285796176917382,-0.0016456668831558163,0.0009130852061650097,0.019605000232238545,-0.0017411203937122144,0.00011614615902566516,-0.0015253446855388875,0.00016389579799525045,-0.01178061709786793,-0.0020848208632133214,-0.0018311716555930446,0.009904990799811442,0.0008540386590104032,-0.006679122206486199,0.04427044988257994,-0.026200069584607077,-0.028247395735416486,-0.010777897346043619,-0.022322558879296184,0.033802910266811315,0.0002671651983174872,-3.2252219729911324e-05,0.00018308075102618782,0.0012604083426253077,-0.00106703928729468,0.0,0.0,0.0,0.0018751891663190134,0.0,0.0,-0.0005581054965383969,2.220446049250313e-16,7.586246431995347e-05,-0.0003551510533271185,5.551115123125783e-17,0.0001754634917295883,0.0017839834895836404,0.0009251834107313894,0.0,0.0,0.0,0.0,0.0,0.0,0.0,0.0,6.688787662645357e-05,0.01025857688396542,0.0,0.0,0.0,0.012177210498892754,-0.004008745143055825,0.001238539820264617,0.0,0.0
-0.0025986645290221877,-0.02163112758592589,0.002423533771988007,-0.03245688682058587,0.0,-0.017728155787091138,-0.007733345962178728,0.011412989380666982,-0.015376847606662858,-0.029418051817244495,-0.005920677898499482,-0.04555575160632663,-0.0018021356941119726,-0.024749984212887877,0.0013318892987971287,-0.025595499401621757,-0.00018470845127999125,-0.037820416221619635,0.002954969606034974,-0.017729649622445554,0.0019949945358923027,-0.02843454978498222,0.00581806820938785,0.0007662734700988327,-0.019747616755024733,0.0034244240154457373,-0.028663969169484715,0.006394487052218623,-0.011980853154300253,-0.005821427169403148,-0.006084831083307041,-0.024761954487320825,-0.05454221360883321,-0.01707882804729577,-0.0556158847465702,-0.01966377710720288,-0.039174582937750335,-0.03698315169511124,-0.046143888150807666,-0.0006822098609962635,-0.002806929749954279,-0.0006735130850261117,0.0013618487862467332,-0.004322323753750634,0.00029239395796226697,1.1102230246251565e-16,0.00030682497693435007,0.004495188157437657,0.0,-0.0055217458731295355,-0.004845697341848032,0.012576745492565489,0.002932717714145161,-6.48241678194994e-05,5.551115123125783e-17,0.0012853019777915309,0.001096128980746458,0.009227180503605048,-0.0022492698902382147,-0.000839774607300281,6.101646498440916e-05,0.0,-5.551115123125783e-17,-0.021640236557508907,-0.000909652650797399,-0.0004606062432607194,-0.001468035197676243,0.0015057364701851483,0.0,2.128097607573265e-05,-0.001453877371892509,-0.00930155318909126,0.010260981627724985,0.024676003589035655,1.1102230246251565e-16,-0.0009270703322201701
-0.041837218599713566,-0.012427545800958839,-0.020176141289680094,-0.002257997017658886,-0.017728155787091138,0.0,-5.085655828596103e-05,0.015032536861839974,-0.022022590742891757,-0.005115908023157811,0.020766895857201595,-0.0030485379538695567,-0.005375650598206827,0.026082420669747475,0.011274713108708756,-0.018324217655640407,-0.05539895984013532,-0.0310218362504478,0.030768522456880498,-0.003822290910877213,0.004921360081183324,-0.02146558214672606,-0.01487872956946229,-0.023045732546760067,-0.015919237835942013,0.0071860005954208495,-0.021392223390718057,0.009578455240031314,0.011080472255394658,0.014321914802143454,0.007050891373684531,0.012365950649668056,0.015241944244643202,0.006619427489519991,0.008332235781305652,0.027022256651631216,0.007412789966319555,0.00256941945702005,0.034100233313982486,-0.0011431605931673805,0.013704312766989857,-0.0038540175690154332,0.026166765279730164,0.0450117373116975,0.00019718816684177742,-0.0013544485778414495,0.0010979644513508524,0.011636407755771905,0.001181698631038175,0.016071926490677013,0.02521403378736825,0.02686724072216784,0.020145866308611593,0.013889985283341733,0.003126944773608642,0.02900171615314784,0.00804983608795029,0.02578477603688112,0.02810247388260545,0.008630004496231636,0.0002487593231533247,0.0,-0.00045947271031065995,0.008478438438541014,0.0108673806375153,0.014327321589406639,0.004188440495658474,0.016408862569442628,7.033766080555282e-05,0.0038403238464727596,0.01900102015151095,0.01318207791156173,0.028570419343241227,0.031235110453251835,0.022792069102883117,0.03354935774555029
-0.003642770487382818,-0.025554211514830782,0.02163405380900424,-0.012459341530281054,-0.007733345962178728,-5.085655828596103e-05,0.0,0.015646554212614627,0.007312809231242168,-0.03158128695715734,0.02117243345375125,-0.04486679477309513,-0.015535912261498974,0.006929528256934436,0.0005180945599448372,-0.029708899742548645,0.005474900774296743,-0.03870350331352679,0.025339921845796254,-0.026972681065502102,-0.002139974288664359,-0.03971834644412375,0.018239762617717648,-0.07906968185445123,-0.026650863977491945,-0.009116350354988367,-0.008318655471060865,0.008172642151811516,-0.007165784237004702,-0.0053480384971588135,0.005301658498464312,-0.0185101457676366,-0.05310231287091427,-0.015622410929364616,-0.04054010874992986,-0.009081384535801318,-0.028683944411878687,-0.015680260508205146,-0.06130502929412046,-0.014290280511670861,-0.12265113109045578,-0.04559135440743123,0.013925656802854347,0.006656135872641855,-0.00019283820153548348,0.0,0.0007926617652392332,-0.00014182376977334155,0.0,0.003535160623200695,0.01569683291578927,0.008011800674718628,0.006716738192781291,-0.031107765295782797,-9.571831801702402e-05,-0.011123202613244954,0.0005414275175621985,0.02552641413504908,-0.0037992020102006197,0.0019609932088318627,0.0005803955000097116,0.0,4.8040706294438795e-05,-0.0014681558774463088,-0.0003860753363671976,0.0016262498347617282,-0.0012058838024440188,0.01985908347417009,0.00010225926200385649,-0.00039462660032357766,0.0008184854446021128,0.005316475490595884,0.027000207507506147,0.023299020860700126,-0.0013187600719094528,0.003536582157586232
-0.0026843122315755585,-0.023622847794582735,0.011156452632766933,0.05323654174062642,0.011412989380666982,0.015032536861839974,0.015646554212614627,0.0,0.0021608049786316363,-0.06180929986233086,0.03397946596992735,-0.004579414459715436,0.02204456473109223,0.03498649001669457,-0.017403898629088255,-0.010526526401921255,-0.00010255936224445872,-0.020074660526029908,0.018126215607903173,-0.0033041123590936694,0.013727113705997662,-0.01334237790778281,0.01270815958134941,0.0009933763083544989,-0.03236902215684612,-0.011115087083017061,0.000501025759115592,0.016244399446993296,0.0016036861988056317,0.008414809317048577,0.015289404294442366,0.019600901436517104,-0.010197210007522883,0.01566033655365079,0.0001521614795698678,0.009018362362793297,0.0719384115593727,-0.00036847012412177804,0.029275710545667688,0.0014906207918723435,0.008437139092092039,0.010001883307006687,0.04216886608908044,0.0017501854060207878,0.0,0.002618091132485789,-0.0017431175693936596,0.018287048143089235,0.0,0.04595434796472653,0.017619283702178246,0.023421716860080544,0.05472760500457163,0.014158742444338679,5.146516509174637e-05,0.04035243342209416,-8.374850646880594e-05,0.017567184537414626,0.0702356998826042,0.0532178396896994,0.01792812948699596,0.0,0.009060018319083318,0.0432411642079108,0.0367104640215678,0.06657702154233747,0.00026124415791317634,0.018487831394040366,-5.551115123125783e-17,0.013422395590386937,0.020945443645694728,-0.008522902682259192,0.026307942498913273,0.024017171430459283,0.033461231827656646,0.03398688606217681
-0.002570731478598154,-0.016530177401266666,-0.029390228417896014,0.021138655019103003,-0.015376847606662858,-0.022022590742891757,0.007312809231242168,0.0021608049786316363,0.0,0.02894030595041175,-0.04223332723708151,0.01589323858891123,-0.015151256140858882,0.027708649290428822,0.02423749175034956,-0.009559989906248956,0.0025274356976383028,-0.013536421299211066,-0.029186065332040323,0.002067441769715017,0.0003365576521570657,-0.0176192596554412,-0.017655764853873435,0.007584495726407292,-0.003402362926032132,0.014289710631076147,-0.02320448101319439,0.02873324751735068,-0.0015943867211798968,0.026697060588510124,0.03635811628898877,0.02953934094658256,0.019955412501711955,0.03942513368477685,0.03094142556546725,0.039130370143079796,0.027499547435234584,0.030644172788076574,0.006249359211426275,0.021143890336523696,0.03830319382433234,0.015299357080436948,0.025507587007901955,-0.0024797538992972212,-0.00024219439258865716,-5.551115123125783e-17,-1.784721443270909e-05,0.018563687314970934,3.4969919228688973e-06,0.02815400749999264,0.012494981446896092,0.022517772214508458,0.020350230676363212,0.004331395338801336,0.0012480630880436494,0.026003858662341117,0.00196063870109775,0.014050861507540535,0.002601477158123644,-0.0015586180797603766,-0.0009317491406911627,0.0,0.0,0.01432418844427219,0.0007941808868688338,-0.00013726346994968885,0.005660227107131044,0.00875750836855349,1.2290070147358279e-05,-0.00011641279147800443,-0.0032535000291019633,0.009105157394754038,0.016157162139749826,0.04257132878528436,-0.0005999658559768806,0.02333453512998951
0.015229675237769913,-0.014493298226306794,0.02328487651046679,-0.09059782724250043,-0.029418051817244495,-0.005115908023157811,-0.03158128695715734,-0.06180929986233086,0.02894030595041175,0.0,0.02388357403397995,0.0008722784494492597,-0.012297721478559287,0.04900641958624585,0.001280060726786103,0.009005618055249354,-0.001977206995257441,0.001986800644503628,0.016477237990854654,-0.003423660229357528,-0.0007338667824902112,-0.0008842836063210902,0.001373155513280322,-0.015923860611288976,-0.0006695986504507423,0.011684111509273842,0.00021056936373747837,-0.03410873792482788,0.010150115555773387,-0.0030148656951805575,0.0073916569708166735,-0.04134781480520672,0.010458266345680756,0.016787238075711253,0.0036609677719382505,-0.07454950587893919,-0.04256270747117005,0.006146738468804813,-0.0730516334766334,-0.015893047426706552,-0.013941204651838124,8.274325460000398e-05,0.0021124323607854545,0.0020066661548688858,-0.03089127233106992,0.013262112037373264,-0.0021171187135897163,0.00036236676854284333,1.9856404580020914e-05,-0.0012321534766002173,-0.00032152367595522646,0.006151963032024976,-1.1322011653214226e-06,4.656201294916951e-05,-0.0029046649265556113,0.0005467790579389842,-0.0022877263786679203,-0.0006369354632468904,0.0,-3.447009428836356e-06,-0.0013054779964671304,0.032471334976061195,0.03243806636265073,-6.526904238801645e-06,0.00010604570084832288,-0.0007883929556585234,0.0003860652702960543,-0.0010057145092829956,-0.012224946583788976,0.025305762947919863,0.01290501382236764,-0.0005065896398092629,0.010243833213758324,0.0013705888615006545,-5.551115123125783e-17,0.004252796059822095
0.00038975642444472047,-0.0008723559486818466,-0.05539249982609895,0.03935384047061363,-0.005920677898499482,0.020766895857201595,0.02117243345375125,0.03397946596992735,-0.04223332723708151,0.02388357403397995,0.0,0.0103394271917428,0.03862710365319383,0.006551767116643903,0.0,-0.00019401860578655006,0.00017724746268510394,0.0027845018647756348,-0.051313426649780725,0.0001268373064451378,0.012336357431354472,6.79988444292623e-05,-0.013658904492696466,0.005638820553741486,0.012240985402238114,0.011136013450548266,-0.0387160507806279,0.03663463633792502,0.008549770916087163,-0.0008424688809551273,0.029573976750388975,0.01965712395211433,-0.0062790796579969,0.028120010337988777,0.026145555123441466,1.0227247475680379e-05,0.03801624407085363,0.015845215264796875,0.033981734060182345,0.022928313089733365,0.030405958340518846,0.0010280089793201497,0.04005768270604443,0.00035183031265562104,0.0002619120257961738,0.0,1.1102230246251565e-16,0.06703303248380826,6.771498257118758e-07,-0.0476570111364063,0.018055331710061906,0.004403161424701096,0.030485496426458814,0.01061433684573021,0.0029137420841214845,-0.07068796387521697,0.0371296032473864,0.00823169992103423,0.09928055590997698,5.551115123125783e-17,0.0,0.0,0.0,-0.09535324433967485,0.0008228594620970919,0.0,0.0004531084445825173,0.028450533496570674,5.551115123125783e-17,0.0,0.0006868765480854133,0.020304188694626857,0.024998532104650417,0.013990403109306992,0.0,0.006570630586040127
-0.03085444517459074,-0.0036676062891007333,0.02621686066877904,0.004960679478237751,-0.04555575160632663,-0.0030485379538695567,-0.04486679477309513,-0.004579414459715436,0.01589323858891123,0.0008722784494492597,0.0103394271917428,0.0,-0.0258286964484018,0.0011327779583882869,-0.004117426741577501,-0.00030830069917930913,-0.004585586629554161,-0.008710297360399522,0.026296422887148063,-0.001819593487577209,-0.03168515339691008,-0.004598754282877704,0.01236929084963062,-0.019195343420819633,-0.007428416048779363,-0.00810302018992598,0.02942047562908573,-0.04512643467974048,0.001279990944620224,-0.001989953557105517,-0.00454717738149546,-0.021354608266792474,-0.01658367690966628,-0.022303762844927605,-0.06147972380243735,-0.05399144610303025,-0.05549440667037467,-0.010177675767298472,-0.0468230272704466,-0.030820675744586745,-0.023189972420023408,0.005538126841425461,-0.002106497624400905,-0.0007585837836134868,-0.042174536282639674,0.007994798657244007,-0.0004245346870364597,0.0003285904298911402,-0.0009305439123636627,-0.0025513112765736534,-0.0008823854692318611,0.0009031153663615621,-0.00034979133460893985,0.0002766627579955383,-0.003969554770000272,0.0012159971250007562,0.0017950108612761473,0.012796584012488121,-0.00011785512365536377,-2.0753016434671423e-05,0.002028291659918857,0.016189699856111295,0.009806143123941125,1.1392271585863867e-05,-0.000198584176574923,-0.0007249380868715738,-0.00047300157150276245,-0.0017545335349702929,-0.03365056776011738,0.01781787616792868,0.005169161354614649,-0.0007898040387667171,0.025990791306222005,0.0025698784587045442,0.0,-0.003675228074225656
-0.0038553115111676917,-0.03506075553855942,0.022089364562870306,-0.021736911676021153,-0.0018021356941119726,-0.005375650598206827,-0.015535912261498974,0.02204456473109223,-0.015151256140858882,-0.012297721478559287,0.03862710365319383,-0.0258286964484018,0.0,0.02849917188149348,0.0035508436764035145,-0.03815306119572315,-0.029768166222359227,-0.04115794691718222,0.032676211614465434,-0.03113701569600147,-0.005602720631809444,-0.049409855667588265,0.016981999102388512,-0.042153447042607595,-0.038321128687944794,-0.008658840073871743,-0.005289919647163521,0.013218992218261172,-0.00806493259514568,-0.01674174198582662,0.0054338420413868604,0.00763821907827672,-0.032412870294319995,0.0038453016747266866,0.0024907926374445055,-0.013847844374805685,-0.03301565410644047,-0.011686163431447572,-0.03231761504575842,-0.03879503958768149,-0.04802298795710941,-0.010009260679566812,0.013108319778816713,-0.002556456719628064,0.001821415026485862,0.001026274692034368,0.00019673101302647433,0.007615100295009891,0.0,0.022914677744494738,0.020986704844413118,0.02597453129737637,0.02744481121139336,0.01866583224384455,-0.000387077675364389,0.01251494982296042,0.003306724045481102,0.02959303394836238,0.0008605992962908982,0.03875162340867688,0.00253675365813244,8.011174360894602e-05,0.0005742650873931665,-0.00656923557620448,0.014912240454864778,0.0008696600089136419,0.014157955587255022,0.022091026408001646,-0.0007493321272474818,-0.0005334401413357726,0.008482527792484096,0.019077890355866656,0.03628130212498021,0.024100722671273223,0.0015120128799444021,0.030948276896152704
-0.0015499176251663749,0.0015034208811766647,0.016323451528840516,-0.011754958203186117,-0.024749984212887877,0.026082420669747475,0.006929528256934436,0.03498649001669457,0.027708649290428822,0.04900641958624585,0.006551767116643903,0.0011327779583882869,0.02849917188149348,0.0,5.318538308096699e-06,-0.054447609329699,-9.09892763404363e-05,-0.00023134390796741844,0.032814569602758636,-0.0013642085052524844,0.028725128555760815,0.0011618450681671333,0.04222403192388274,0.0032126743190086238,0.0006022978609354079,-0.0011792045200665902,0.012237784200379243,-0.025710574034899514,-0.0019864050014050116,0.00203441367305518,0.0032643239358484677,-0.02859145944522254,-0.011890956334370095,0.02275760220505657,0.013094131593081593,-0.027692319621019784,-0.021448628121114754,0.0007207632311595491,-0.1540367718646452,0.0,-0.0001247478260439916,-0.00031534130116400716,0.07524396482735313,-1.949174931570319e-06,0.0,0.0,0.0,0.04128433416560562,0.0,0.006028134601273327,0.0019196757233929107,0.003208240026233433,0.01588795451370595,-0.0012739279788551716,0.0,0.06175883819579231,-0.00043366472894512675,0.004010501313402137,0.004132940884144454,1.1102230246251565e-16,0.0,0.0,0.0,0.047654441521469415,0.0,-1.1102230246251565e-16,0.0,0.022845085864950654,0.0,0.0,5.551115123125783e-17,-0.006880632805230158,0.0021791928672783567,1.1102230246251565e-16,0.0,5.551115123125783e-17
-0.000378257286478223,0.031236458370282216,0.000520940607183884,4.294040859920134e-05,0.0013318892987971287,0.011274713108708756,0.0005180945599448372,-0.017403898629088255,0.02423749175034956,0.001280060726786103,0.0,-0.004117426741577501,0.0035508436764035145,5.318538308096699e-06,0.0,0.011531582495689419,0.00015778146544470628,-0.002977581512987326,-1.1102230246251565e-16,0.0008484852981364144,0.020926086120961418,0.025210467060496122,0.01471117682545836,-0.019273018236727335,0.013162050311654516,0.022440746636454123,0.026942173513845313,0.009644795702934306,0.017675534033226747,0.0025778845053644472,0.03571725187536029,0.034156495936834674,0.02900433708147765,0.0372103828291529,0.04003444341423534,0.04700353535227919,-3.89196811002579e-05,-0.00037361584817019455,0.012867993748640782,0.03271360995029465,0.025108068700303188,0.028620729830149627,0.04067049224277813,0.0002768089548587649,0.0,-0.0002355686988320116,0.016935004185203106,-0.0016750695063061372,0.0,0.0,0.009158226808163972,0.005730352613932677,0.05950570945099737,-0.000608774309060145,-5.551115123125783e-17,0.0,0.0005009405725313054,0.008801236916407718,-1.1100217453985373e-05,-0.003835792534814586,0.017674429291983373,0.0003101551877939812,0.003407353967630755,0.0,-0.0165731559539688,0.0272781940681312,0.019043084003926403,-0.13668151836892417,-8.219293968220187e-05,0.021007468280732522,0.030303221557107074,0.021318659103269966,0.030399024004436448,0.012224649143967314,0.0043644463328964545,0.015420070872631086
-0.01046400037523465,0.007163948525258312,0.0008376634518193482,-0.0019472148579271487,-0.025595499401621757,-0.018324217655640407,-0.029708899742548645,-0.010526526401921255,-0.009559989906248956,0.009005618055249354,-0.00019401860578655006,-0.00030830069917930913,-0.03815306119572315,-0.054447609329699,0.011531582495689419,0.0,0.008681433911432057,-0.006759674401677462,0.00041903284487049275,0.01576087712825397,0.010508742203758303,0.00985383149491359,0.0075744935117441625,-0.014622775759300821,-0.024076654204569337,0.009190506355251593,-0.003424979463544864,-0.02624687522549768,-0.026906803392991396,-0.0066319873247124295,-0.005419928975507637,0.01800159891872999,0.015336513803119733,-0.011316161127209179,-0.021174205615700104,0.002490144320294152,0.0010467795840993777,0.00021787400294187576,0.02846556346867679,0.03293624925443528,0.02981607684969778,0.03841835548488298,1.447383663116808e-05,0.0,0.0,0.00857522622837098,0.028273517560903738,0.0,0.0,0.0,0.007744308067898165,0.00038740026860067944,0.0017845067948125681,0.0,0.022484190233188928,0.0,0.0029703803121836625,0.0012650799517447964,0.0,0.013393052705516384,0.022291507427654345,0.01962242981954182,0.014017659744730238,0.0,0.013746973134389884,0.020463973352106757,0.0237523861228377,0.006928344013637233,0.0005857809984650131,0.02154885962921521,0.023748156888163507,0.01604931164678519,0.02053682087380354,0.004014746481679987,-1.1102230246251565e-16,0.01670847717319246
-0.024819978200893877,5.662198418288078e-05,0.0029047794740004185,0.0015434677545214104,-0.00018470845127999125,-0.05539895984013532,0.005474900774296743,-0.00010255936224445872,0.0025274356976383028,-0.001977206995257441,0.00017724746268510394,-0.004585586629554161,-0.029768166222359227,-9.09892763404363e-05,0.00015778146544470628,0.008681433911432057,0.0,-0.01643628015827925,0.002641967919752075,0.0021265015854199376,-0.016994433212852544,0.0037259355536338745,-0.0008326841895298642,-0.03348789536051261,0.002153478397366515,-0.013435674710553458,-0.028226674570329124,-0.022262084351910405,0.002870490774726009,-0.015060304442917005,0.014870130422883876,0.000159644464448494,0.0107781280432106,0.004578703038651044,-0.006553790000826454,0.00019701349043116378,-3.2660520650706903e-05,0.02318023722292678,-0.001287051230918046,0.032492974848591816,0.039504363438110424,-0.0004753185999964993,-5.551115123125783e-17,0.0,-0.003285515198349631,-0.0014431790689531376,0.0014337954055043678,0.0,0.0,0.0,0.0,0.0,0.0,0.0,0.003621295469827035,0.0,0.015283343874168798,-0.0005239021560981549,0.0,-0.0002256335641467322,0.0020979366935753307,0.0152469282610867,0.03785047856337043,0.0,1.1102230246251565e-16,0.0,0.0008402154029671927,0.0,-0.01071236761074651,0.026701042535813402,0.02153688679704402,0.0,0.0007755388555278353,8.722756672691068e-05,0.0,0.016773665965739926
-0.020905902150523015,-0.008083193354091522,-0.02492238394303059,-3.3147498540164744e-05,-0.037820416221619635,-0.0310218362504478,-0.03870350331352679,-0.020074660526029908,-0.013536421299211066,0.001986800644503628,0.0027845018647756348,-0.008710297360399522,-0.04115794691718222,-0.00023134390796741844,-0.002977581512987326,-0.006759674401677462,-0.01643628015827925,0.0,0.0003796838345749842,-0.013385649348228223,-0.007166795903027712,-0.008557775943053347,-0.016203373217623107,-0.024998997812646417,-0.003346201674236049,-0.018020549140574493,-0.023142829616167315,-0.03319168498866387,-0.04299080694632296,-0.016072274571423573,0.004197750303182146,-0.003637044712341997,-0.01352917635517803,-0.0068964462822443395,-0.013512536909507267,0.008872522930029825,0.00017378566493359004,0.02859634350221768,0.0005057167469971202,0.029890363530706954,0.013215496744564958,0.013864979054870608,0.0,0.0,-0.003443395941522487,-0.007018136778698725,0.01971936738035951,0.0,0.0,0.0,0.008850178832108924,0.00024416811477145917,0.00283264701869107,0.0,0.011169034712859183,0.0,0.007890983229585813,0.0003291682527897244,0.0,0.012946457304402359,0.01373763230076852,0.014850117032137566,0.022478997887336205,0.0,0.01768028576787073,-0.001394277878590533,0.024902900465407996,0.0022918481985249595,-0.009973134149797225,0.014830517222714223,0.011555907052744785,0.00024257642226094278,-0.0003031963185581299,0.005372353648408712,0.0,0.015579982527428593
0.0,-0.0020739022875602697,-0.031720980494040735,0.01996380713403645,0.002954969606034974,0.030768522456880498,0.025339921845796254,0.018126215607903173,-0.029186065332040323,0.016477237990854654,-0.051313426649780725,0.026296422887148063,0.032676211614465434,0.032814569602758636,-1.1102230246251565e-16,0.00041903284487049275,0.002641967919752075,0.0003796838345749842,0.0,-0.0009172770018404108,-0.0009686946775191441,-0.0016249807304734576,-0.014277162660371268,-0.06258041131252018,0.00013600102355171284,0.0016217726881326278,-0.030977651385642124,0.03682781703553095,-0.005632544472880585,0.0005192524226261819,0.035904954945892575,0.015699641641191475,0.0014201323411789368,0.04369190579723303,0.016074936237669424,0.03419319049522773,0.014038303300688004,0.014467832064072206,-0.0011588520061751595,-6.0998762465014345e-05,-0.0015680771035702645,0.001459292165935877,0.022616584951620222,-0.0019916956117393414,-1.721544750754589e-06,0.0,0.0,-0.0469381853643599,-5.551115123125783e-17,0.04149576061389937,0.006860301416925174,0.02712138442934342,-0.000609050987955162,0.011699886291924977,0.0004533100121564271,-0.1331881394013446,0.0004716169239160628,0.020387652443494386,0.029814386913740776,2.220446049250313e-16,0.0,0.0,0.0,0.041885954551292515,7.50860340552606e-05,0.0,-0.00025208553100108944,0.017250946855055238,0.0,0.0,-5.551115123125783e-17,0.002351077330199902,0.014078189523123008,0.024176014815555036,0.00025886347657044784,0.05025955639699242
-0.004287523919454417,-0.006103791278766424,-0.0015851030037983826,0.008285796176917382,-0.017729649622445554,-0.003822290910877213,-0.026972681065502102,-0.0033041123590936694,0.002067441769715017,-0.003423660229357528,0.0001268373064451378,-0.001819593487577209,-0.03113701569600147,-0.0013642085052524844,0.0008484852981364144,0.01576087712825397,0.0021265015854199376,-0.013385649348228223,-0.0009172770018404108,0.0,0.008677383674938643,0.018338811421799883,0.03326020941510999,0.01556615597198946,-0.00976774649415224,0.014762699997622475,0.02187508907281288,-0.014537073622427954,0.021617489795046074,0.001928126657349094,0.026752052194779163,0.03128792926327967,0.010609329061621986,0.022634948032334345,0.024976772644918044,0.04166336723114494,0.02580319715324908,0.0008431329730063108,0.04029904043536392,0.03779881142677305,0.02908751660518305,0.03797909144852479,0.08614916875166556,-0.0030982073580425595,0.00016610992993737472,0.0021855969746552018,0.011060429672992922,-0.00030276822083047383,0.0,0.0,0.006317531980423341,0.007433121747146942,-0.0037770079960771086,0.0016134179121904957,0.00012165514322248772,1.1102230246251565e-16,0.0017199315997300513,0.011069791278325802,-1.1102230246251565e-16,0.0379604276277844,0.000909991132443555,-2.3024750363753732e-05,-0.01402880354479702,0.0,0.031958959179150315,0.027137827676269655,0.039499064984891974,0.02090392483573611,0.0,0.010682987753886097,0.015308003732868669,0.02673669186541605,0.021857692082282276,0.029203605895207374,0.02589035808368567,0.03216759430377214
-0.002323412574320116,-0.0014982611006664759,0.004767846065153514,-0.0016456668831558163,0.0019949945358923027,0.004921360081183324,-0.002139974288664359,0.013727113705997662,0.0003365576521570657,-0.0007338667824902112,0.012336357431354472,-0.03168515339691008,-0.005602720631809444,0.028725128555760815,0.020926086120961418,0.010508742203758303,-0.016994433212852544,-0.007166795903027712,-0.0009686946775191441,0.008677383674938643,0.0,0.0026076800655923105,-0.015117817212033147,-0.013310725701928927,-0.01227478498264517,0.005041591766540676,0.0033932046193190235,0.009959258524553871,-0.005969217987491171,0.0004314313853792662,0.023119393898023977,0.021040003283701925,-0.03085112123557049,0.017358799171154682,0.02486164561566695,0.04408776237619966,-0.00022445680065003026,0.0015001825195807283,0.03751062379691328,0.022804923753521167,0.02045891355281404,0.03362932174292377,0.002282373607566557,0.0,0.0,-0.020563342836405873,0.020104458882080012,0.0001301671251697778,0.0,0.0,0.006554168655416193,0.0016350945394151828,0.045472309563508284,0.0018657994271948364,0.0002642674267757106,0.0,-0.00039669236753614445,0.013323968579535717,5.551115123125783e-17,0.024797132493212082,0.012358799695815548,0.0,0.014123383542616497,0.0,0.034886662170710736,0.031013344582629332,0.010681584230163632,0.014752188492146767,0.0023434610560630897,0.022774622035918124,0.03204882191313618,0.01611349288300823,0.021980707038667946,0.02616430989765045,0.003295191308405887,0.015461862734139353
0.004681311144032363,-1.2396988430252165e-05,-0.012369177490178074,0.0009130852061650097,-0.02843454978498222,-0.02146558214672606,-0.03971834644412375,-0.01334237790778281,-0.0176192596554412,-0.0008842836063210902,6.79988444292623e-05,-0.004598754282877704,-0.049409855667588265,0.0011618450681671333,0.025210467060496122,0.00985383149491359,0.0037259355536338745,-0.008557775943053347,-0.0016249807304734576,0.018338811421799883,0.0026076800655923105,0.0,0.01728548752463993,0.010145567186901128,-0.01421836035952384,0.02115477949631578,0.0004921189348240929,-0.029639923157368686,-0.025547923896830527,-0.0035941608488195276,0.011256539986893022,0.020780943625061388,0.0018324937347443115,0.010776698334232226,0.020156075054057865,0.043827714917413996,0.036025042376934324,0.0001783766614411042,0.011295443254108362,0.01668198890931405,0.017897827783676712,0.028979914243658533,0.005936222916298806,-0.0003124894165238423,-1.2411285387092796e-05,0.005048748133788639,0.009085256423508659,-0.0024338212135986415,6.103873488483291e-06,7.6175028361213926e-06,0.0035634643232785312,0.003359308339837219,0.02062394258157152,-0.0026563187858729687,0.002121365824865551,0.0,-0.0005462145857944578,-0.0010777154294424607,0.0,0.020120882856019262,0.012615452488048795,-0.0002734586008650286,0.012328045320091685,0.0,0.022468159143606503,0.01710722949661131,0.011307128124274313,0.010359403238697162,0.0004620203347131535,0.03363281187403344,0.018933500591626407,0.01721321208455351,0.013675957826829233,0.01679517066922337,0.0008082096048478982,0.01634890177239684
-0.02086182444329482,0.01080501670447015,-0.023895433468783644,0.019605000232238545,0.00581806820938785,-0.01487872956946229,0.018239762617717648,0.01270815958134941,-0.017655764853873435,0.001373155513280322,-0.013658904492696466,0.01236929084963062,0.016981999102388512,0.04222403192388274,0.01471117682545836,0.0075744935117441625,-0.0008326841895298642,-0.016203373217623107,-0.014277162660371268,0.03326020941510999,-0.015117817212033147,0.01728548752463993,0.0,-0.01681677780886176,-0.005939953149488031,0.009528761304449407,-0.008902585662870222,0.012551743339723975,-0.0038009542902643356,0.00995008976527978,0.02064805951472093,0.011884681473069536,0.015803848091648365,0.01604883413562741,0.007259893282865637,0.029169231908606208,0.006950855801238998,-0.00624132521932369,0.02974016948105218,-0.016763854960061386,0.0007269963249656453,-0.01752250351887047,0.027940446897403715,0.024944976323779344,0.00142313137533423,-0.018130270259717918,0.009686570887091017,-0.03776445603542139,-0.0010958368887002967,0.030261301467956914,0.025025799242392566,0.03015773188744031,0.033604464762545916,0.023814084541737834,-0.0007651438269963284,0.03704661916568064,0.001313191973912109,0.02695726215940808,0.04752889306664276,0.03200131618962787,0.011913578624349108,5.601025164975182e-05,-0.003917057286905168,-0.08979149783044094,0.030887874205219323,0.008282237629423539,0.018088855431375728,0.026753356917762483,0.00036565059258447663,0.007869872676311784,0.014384318185251599,0.015830440957500747,0.028694591200257857,0.027512151602744284,0.022744190647503548,0.027921698828953123
-0.004322627925144706,-0.00874808209635497,-0.0003501740868612768,-0.0017411203937122144,0.0007662734700988327,-0.023045732546760067,-0.07906968185445123,0.0009933763083544989,0.007584495726407292,-0.015923860611288976,0.005638820553741486,-0.019195343420819633,-0.042153447042607595,0.0032126743190086238,-0.019273018236727335,-0.014622775759300821,-0.03348789536051261,-0.024998997812646417,-0.06258041131252018,0.01556615597198946,-0.013310725701928927,0.010145567186901128,-0.01681677780886176,0.0,-0.02897737535959466,-0.02914488695790657,0.020230535757908896,-0.067051557997652,0.013213889537692314,0.0003146825362369543,-0.004566631600701754,0.027771721423015594,-0.01975778381499116,-0.01837506953583462,0.009728577223866663,0.00916798548353176,-0.007732917584402588,-0.007009829840767312,-0.1333201401824145,0.029208534009933784,0.0429149044881596,0.011812957251497558,-0.0007403873531419691,0.0006511850075004433,-0.03341518052230397,-0.009625053042427001,-0.000541825995691636,0.0,-5.551115123125783e-17,-0.00022123023281389598,-0.00029031094592901763,-0.0002205249283445121,-1.6653345369377348e-16,0.0003762729597410197,0.02092871762461712,0.00029393134950495003,0.018936965703391317,-0.0025223006345136967,0.0,-0.0015331897383586424,0.03489835084889087,0.005508236989740234,0.017297874175722094,2.6959687154770595e-05,-0.0012422225651172458,-0.0024213723164999146,-0.0023203535345503457,0.0003155198621534461,-0.01869940652531865,0.015169382074170068,0.003538609168194262,-0.0012913957913183727,0.003401087283393389,0.0027861123415088285,0.0,0.007665178104852566
-0.008442923548924952,0.00587280928008399,0.0070078918845793425,0.00011614615902566516,-0.019747616755024733,-0.015919237835942013,-0.026650863977491945,-0.03236902215684612,-0.003402362926032132,-0.0006695986504507423,0.012240985402238114,-0.007428416048779363,-0.038321128687944794,0.0006022978609354079,0.013162050311654516,-0.024076654204569337,0.002153478397366515,-0.003346201674236049,0.00013600102355171284,-0.00976774649415224,-0.01227478498264517,-0.01421836035952384,-0.005939953149488031,-0.02897737535959466,0.0,-0.00637360409349208,-0.0021213638995177253,-0.030641413443936394,-0.03385275180994762,-0.0015263933516260209,-0.009476262834892724,0.00046301989652358655,-0.015447976079795755,-0.010602559470973327,-0.011763045352964019,0.002973869341267754,-0.0005827525638681941,0.01183417167007278,0.015848640107486378,0.03324563364730648,0.022153929671984873,0.019283238216007415,-8.45003568561431e-06,-5.551115123125783e-17,0.026672703486054383,0.00279739070966345,0.035299147482556026,5.551115123125783e-17,0.0,2.220446049250313e-16,-0.005777108567708522,0.0017673649282623494,0.003215726662786411,-0.001093394817746618,0.0026698828237317063,0.00037725066629418214,0.006663541434686504,-0.004594402839741718,0.0,9.34237839106955e-05,0.023503499886992962,0.010048146914039602,0.019855538044817378,0.0,0.010237961466324219,-0.008843570074645257,0.018814856831951887,0.005132338352857702,-0.006010314145249329,0.01733555489703159,0.014517567807190546,0.002680003106800888,-0.004826065686891645,0.0018590069398585207,0.0,0.017694580780586833
-0.005438258124332407,0.004184223871063986,-0.0036722862439878545,-0.0015253446855388875,0.0034244240154457373,0.0071860005954208495,-0.009116350354988367,-0.011115087083017061,0.014289710631076147,0.011684111509273842,0.011136013450548266,-0.00810302018992598,-0.008658840073871743,-0.0011792045200665902,0.022440746636454123,0.009190506355251593,-0.013435674710553458,-0.018020549140574493,0.0016217726881326278,0.014762699997622475,0.005041591766540676,0.02115477949631578,0.009528761304449407,-0.02914488695790657,-0.00637360409349208,0.0,0.0334309945967049,-0.015707034281735976,0.0010131423886082236,-0.005118019431475551,0.00042433163768418325,0.021643759891054104,-0.001985248066169343,0.0030898702600551387,0.01191163615958335,0.011199839108669729,0.07528832364586746,0.007887871537466784,0.01219093562746304,0.021239570807587593,0.02073078340934481,0.025725088919672456,-0.0006044303994565681,-4.7609802294568127e-05,-0.01902398322417731,0.0010647814394595945,0.027268184449589616,-0.0011984669260291514,0.0,-4.387520505244602e-06,0.0029110103279960664,0.002583746396843334,-0.006480551694016512,-0.0008971190113569172,-0.0016571205505731545,0.0,0.004791760722625382,-0.00795113780826745,0.0,0.028732597992332964,0.02709375863340091,0.00455139604379623,0.015578294660485603,0.0,0.006512634799494821,0.029872061319071552,0.018089908263072108,-0.005663904059655112,-0.031736956105750336,0.01556449438860491,0.014163045362426907,0.007807210141308529,-0.0066159498561667585,0.00771213866912096,0.0006617420987057865,0.013639910059326077
