0.0,0.5174333348021896,0.5937250337623905,0.0,0.36571548713891755,0.3623807896248077,0.4649236632975577,0.5285560429984846,0.43331712273009615,0.5120760213231308,0.4678947140156967,0.5174038376091107,0.3602197829041704,0.5673615132286185,0.3460170399996485,0.5380625583231207,0.35592130088473933,0.4213925631724464,0.0,0.41992620678652964,0.22888534855885478,0.4685519295920642,0.4991710746075788,0.5018534478257531,0.37734597608987075,0.5187869814567634,0.25192784577781613,0.7759734674929628,0.4228074795073275,0.704222830230149,0.5131344412490505,0.49323634889295137,0.3361050680475687,0.4411447326804764,0.5171217417180647,0.6586586570269239,0.4243592302798155,0.4991174453922024,0.500769143817701,0.9197527078650312,0.4000325802929734,0.5352898967901601,0.4594148292500684,0.0,0.42513916989221984,0.28369630138789825,0.652433368672777,0.0,0.0,0.0,0.32189814264692296,0.0,-0.5462839641290183,0.0,0.4329593378638028,0.0,0.6472827481023434,0.7170567413056735,0.0,0.5747778676010556,0.5487351881493088,0.2689134127263327,0.5671603422693966,0.0,0.459788159382577,0.2639218046998445,0.8113107160667545,0.5795690766341445,0.565508636319912,0.6179689334526566,0.5949270416951806,0.17515324935657528,0.4181376471756708,0.5074925080877084,0.0,0.5710782353929224
0.5174333348021896,0.0,0.40006194662939504,0.3538554248433288,0.3902074939410805,0.3805199904540211,0.34583857876166,0.6072559435761207,0.303800028299636,0.2759414284780905,0.3936675574958207,0.5452917275872051,0.42147979364293864,0.5774083140748506,0.3203169343185821,0.46697524755580416,0.48399923759741403,0.4446514607239561,0.6074516890328117,0.4271335146714213,0.5070949878317218,0.5455305889152128,0.379458497452308,0.33169440712444725,0.3460385108825362,0.28474258609112324,0.3632003763440308,0.3210167253251083,0.3208514942489455,0.29679090630780913,0.6387944454511979,0.4984494546537348,0.4122138313697148,0.47244454645747014,0.5621949712955392,0.4760745660790022,0.2148970937368589,0.0,0.5219835524710514,0.6229648496605105,0.45314184750469333,0.47645529493487687,0.6470178994604463,0.0,0.0,0.6694832039704544,0.6056566853500204,-0.020170872570006923,0.0,0.0,0.5102991513925837,0.6335037694940635,0.6159971541366067,0.5479681645500805,0.582327660732161,0.0,0.433344146583622,0.550033558906371,0.0,0.5472976364335794,0.5283265960816922,0.5894222980391466,0.5081002096661712,0.0,0.574043601632074,0.6820158209415406,0.7073057143498134,0.48088891733966116,0.44939145498291067,0.5231553486070467,0.5599468627828779,0.47901758296418684,0.59381813012484,0.5561379335908692,0.0,0.5753489916040108
0.5937250337623905,0.40006194662939504,0.0,0.5456313954357961,0.37480077758408215,0.26316523241878176,0.5961086783405425,0.5196266494058426,-0.005160430150589063,0.5286530781008176,0.5284106644872223,0.5656822344625332,0.6075561781251223,0.6599832915508834,0.3421132834921141,0.4247157846091326,0.6927511375372567,0.7665576515096082,0.21130657721844623,0.3850058896698218,0.41599515216375954,0.42777299149796955,0.4657477711386219,0.8003869070650822,0.630397082809387,0.6251540165218848,0.06934790117858594,0.6131364055876607,0.36700970501618335,0.6417669776908266,0.6768812254026295,0.5977150976109532,0.021843703035840156,0.7536695586686568,0.5712273355055347,0.7023456233923988,0.42522049321679767,0.39846068122189493,0.5395988074382989,0.49856529720859893,0.5532871792375018,0.553574877744071,0.5586015594931255,0.6777906458501015,0.0,0.0,0.19215728257599035,0.48959237341789175,0.4815097263203273,0.502327640541298,0.5053259803337399,0.6397423261895752,0.5678888399334518,0.6242144985450435,0.3594312007658086,0.6181163515815276,0.504498034489705,0.5775321110051623,0.4607843069817351,0.28539446759960274,0.0,0.0,0.0,0.5685390579463245,0.700172906028984,0.4615652070235629,0.15418684601553395,0.5592480610674271,0.0,0.6191573388793791,0.37516312457413725,0.6280506285977061,0.5429485448721568,0.5541010730892278,0.6990398183480624,0.35890982468891397
0.0,0.3538554248433288,0.5456313954357961,0.0,0.44225703609120803,0.5965001250430295,0.5413561826737792,0.4987307587431389,0.6483230907826112,0.36564449900126555,0.5663614245326006,-0.01328778559875926,0.703915325133775,0.7783075625265335,0.9057375567914023,-0.00475803252129544,0.6076241552077295,0.4611003449332911,0.5155463670858697,0.8437182293185181,0.35562893563050507,0.6903499291245443,0.6505039116251901,0.2552032172691973,0.8535048823928859,0.5476663528756538,0.4902324860587067,0.48608045244573583,0.07141881213036083,0.4892730758173605,0.8192249430655838,0.5571957154963019,0.21126560247660317,0.36710288361961785,0.8391970993174435,0.5567144545346985,0.31538198546874663,0.36601555918421236,0.18311740278962596,0.32400412306776216,0.3888491135315365,0.3106143944835938,0.2673127074083126,0.24607528539606893,0.0,0.0,0.0,0.4496243503010853,0.0,0.0,0.5762475687482038,0.0,0.46323158882873633,0.002119715825920118,0.0,0.20066958821765635,0.5343205004713283,0.4874987815384957,0.0,0.0,0.0,0.0,0.0,0.0,0.0,0.0,0.4915798871880887,0.6516591897052237,0.0,0.0,0.0,0.5250550625279385,0.5147488219667069,0.6357592735276975,0.0,0.0
0.36571548713891755,0.3902074939410805,0.37480077758408215,0.44225703609120803,0.0,0.3406925588716648,0.24649717982776545,0.6170983147885726,0.16060360318754777,0.732416330967621,0.3802721544518101,0.6285798526951311,0.6152176300262502,0.49845263656348593,0.5298776497823194,0.5302769834943967,0.018983389625275016,0.359743642310912,0.43013561545265905,0.36543805194448514,0.5601254441931602,0.5386708431161299,0.49491702111529523,0.5188410364833593,0.5055794617201208,0.4506675328756841,0.3630206575948942,1.0017736549349205,0.5665215692404514,0.41318475994025217,0.5647149149439457,0.4409194921000983,0.20905472642325276,0.7199496025831301,0.6699733431106667,0.40048699514471586,0.46727375673224536,0.6141640581699358,0.5806534686872504,0.6352576697741158,0.5449773400802722,0.4005304022229146,0.33936253241403097,0.591066367700307,0.2894674509827776,0.0,0.4410605855115405,0.6531799815908375,0.0,0.6418589077681633,0.4964390073397945,0.4926747848013413,0.6995149600013384,0.18596850033440843,0.0,0.45063916763609824,0.37404380615271826,0.7139718368592413,0.49934659582499774,0.23998370241143901,0.5112094438143318,0.0,0.0,0.49043117717102946,0.31730517958157334,0.4333104304889973,0.31812896839718097,0.5964256283157352,0.0,0.5007390452937441,0.40781993767579805,0.43334255560688617,0.4577095740003636,0.3296344068243626,0.0,0.558661732123289
0.3623807896248077,0.3805199904540211,0.26316523241878176,0.5965001250430295,0.3406925588716648,0.0,0.30798928979884604,0.4119377757399618,0.2087493135129503,0.549401934824866,0.4401409381093586,0.6517244216769378,0.42868455240499437,0.42747422255647954,0.200466556688568,0.553065907498195,0.35279727080943774,0.5760741003509507,0.4607795989481225,0.3057954123273944,0.4309827342063367,0.4309984693469448,0.3211726383904091,0.30790714422845367,0.47887420617615883,0.5902091099921403,0.2741096371607227,0.42190412317469234,0.3457474443699683,0.5198008062092752,0.5144210346513334,0.38433200558595654,0.42357981986967486,0.531711032214254,0.46752645649714075,0.6881913142130043,0.5109888818915186,0.3498227842192525,0.49146292512075274,0.1974927044098245,0.2130986633502696,0.4781305663331571,0.4803652176895698,0.3065097912023724,0.22422923045698717,0.6082525917759427,0.4330573952763021,0.5186931821997349,0.5966416545248386,0.44224953326959127,0.4758155590709453,0.6090231826364405,0.4817158987977212,0.5754200481123896,0.7192262945929199,0.4744138133030869,0.3486647855420647,0.5796330627379661,0.3843893246864393,0.462222192242538,0.43956331172381197,0.0,0.8161042799513907,0.47411362377830046,0.46270070643305916,0.4742146406445369,0.5058855162589149,0.46715104853888423,0.5829133523235064,0.4705046814938173,0.40776186700286854,0.40107284183939584,0.38611806548388894,0.3148402993899504,0.26726512800631486,0.4665622821747745
0.4649236632975577,0.34583857876166,0.5961086783405425,0.5413561826737792,0.24649717982776545,0.30798928979884604,0.0,0.5199196053167867,0.23036356000866312,0.5077156476410009,0.6472416322926889,0.4666990050580503,0.7018637989158831,0.4670857334566899,0.51006668047471,0.46390638200181955,0.4339417200169892,0.4680413587028499,0.6058491900182017,0.357406142909771,0.5134940182815566,0.43764200555263505,0.5346989308047624,0.5924039627217625,0.4900790540094253,0.431317490002442,0.35288626687514174,0.9430794866815897,0.5295136013168964,0.20523325958487892,0.6853590050083701,0.5912431010785894,0.5854451719459356,0.5595989685199166,0.6334060720761768,0.5906602790855422,0.5186180751141602,0.8091863567789876,0.6363778940398817,0.6569370791143476,0.6585200638039019,0.5065468004049944,0.5702797657869272,0.8708966768509556,0.35567783957539534,0.0,0.5879735137914555,0.449995419181754,0.0,0.5769861374710086,0.5079327010421568,0.665770741714139,0.4880106496049346,0.6144169153577572,0.5751913809136286,0.38510468724083846,0.43266590374407365,0.5477540928155267,0.34376239229694017,0.5032207039152775,0.5928697238121295,0.0,0.5482991721077796,0.8353802928339829,0.5196678410134474,0.5110996156333268,0.5914661413608684,0.5117254355528558,0.4717235252664709,0.5985613141120323,0.27727558296417,0.390915660602709,0.43620213901744964,0.3412618855565561,0.7410502214033772,0.5423808128195515
0.5285560429984846,0.6072559435761207,0.5196266494058426,0.4987307587431389,0.6170983147885726,0.4119377757399618,0.5199196053167867,0.0,0.648791831854493,0.4362066206198208,0.3183579480032957,0.5395299019154642,0.5443174688962877,0.6264613931828096,0.16264183335797688,0.5086524235995639,0.46781226796172676,0.583150908959238,0.4556999316889527,0.2768089309110314,0.47333990663030695,0.26964759661471704,0.5617832293707827,0.36219316406589697,0.47613629717965555,0.5086148858056548,0.2849167119339715,0.5168537126699435,0.3841506727163082,0.6352613814020471,0.7141198956118051,0.38414704804906497,0.3396441610637348,0.6746212662795694,0.5847807386034221,0.5634434522090899,0.4719845134790949,0.5676816002568243,0.33050593230889774,0.4598148488671381,0.351757872434189,0.6160774857206135,0.3334679714483784,0.4839934336609705,0.0,0.5759325379541572,0.32291304777414664,0.5211269967932597,0.0,0.5021335530182254,0.4724117754752142,0.5599452767980956,0.374758767057661,0.49647219785936914,0.7937274604232353,0.3488111078270152,0.9381154149840707,0.5776306846005828,0.29086416142322585,0.08860318820990681,0.3788864557163165,0.0,0.7035628848904885,0.4688088045867531,0.4718444407320397,0.28688972579791744,0.4976863024080792,0.5449315829618592,0.0,0.2507675289408231,0.6171277312464343,0.4064621303169486,0.40484448572840226,0.3666821777784281,0.5494358692323513,0.44234943250854164
0.43331712273009615,0.303800028299636,-0.005160430150589063,0.6483230907826112,0.16060360318754777,0.2087493135129503,0.23036356000866312,0.648791831854493,0.0,0.6012815127398428,0.24850009882145924,0.6605975582439834,0.31761157392621264,0.5378366690134423,0.2798447801967209,0.4202397591967387,0.3829443507134579,0.5416225211435421,0.1749282031457601,0.35805936360689716,0.43174747824467496,0.45233334555697235,0.33009225929666997,0.5023133923701688,0.4761263640033065,0.5279723838463078,0.18807432181041078,0.5714545952692772,0.4364912083076567,0.4853735837800984,0.602314450855012,0.6006928381053067,0.6205994611507228,0.6445963782082174,0.6253017266092746,0.7023554736505508,0.5362453714360357,0.6148068416830494,0.6542915446676953,0.5715793953012424,0.23741306598182613,0.22898628893536294,0.6064822412863522,0.42324345264382596,0.30520687756916876,0.0,0.506657854049315,0.6697020876243558,0.4884234195040049,0.5783176500245235,0.5608122566356173,0.6565502259022293,0.5963940439928885,0.5151991709297021,0.24939843918735555,0.5211506903166515,0.5055833287180673,0.5040157853827698,0.5482943073315254,0.41205453559081756,0.668987612419771,0.0,0.0,0.5332798468498627,0.6107583906073184,0.6625973200619859,0.5677971716709007,0.5743847383595466,0.34263784369800276,0.5642680212399003,0.257532033632833,0.49251749251507304,0.5260746075677221,0.382522539196155,0.48874001292760305,0.5671129473478664
0.5120760213231308,0.2759414284780905,0.5286530781008176,0.36564449900126555,0.732416330967621,0.549401934824866,0.5077156476410009,0.4362066206198208,0.6012815127398428,0.0,0.6491778611997887,0.6181456120524274,0.5205591483680424,0.800672008636298,0.4904674747551613,0.35558254321166105,0.3475357519804145,0.04192595074245925,0.5506869461959035,0.3986896236670061,0.5860264183510421,0.3603280719009765,0.40796259573387295,0.35743585036620584,0.4133092633374055,0.4116554171703949,0.3276938463651829,0.6014481918165462,0.3906832673424484,0.3843418450818715,0.5790525243293443,0.5709410635335812,0.49946072522326923,0.34597424359331364,0.3693651193799026,0.3673164676485095,0.3548615286544252,0.5215145145480151,0.4969393877822127,0.7658236190544858,0.5116724808963615,0.3925498405308802,0.3789032967312497,0.3894722808463676,0.45605656611985335,0.5440379830009909,0.4658867649367757,0.18729658864641555,0.4855743110741342,0.41798031258789864,0.5003827882131593,0.4630578354914364,0.5664579104001258,0.24432950519468305,0.5564814879112212,0.44189217382009627,0.6391389684357005,0.43644574459992114,0.0,0.8745788562193726,0.5396649262338359,0.50111530326372,0.4611303877079717,0.47637598433360395,0.4828418412676861,0.532729953540463,0.3593529687471171,0.30255489184813733,0.3534046427966282,0.43963579582071943,0.4611378069371359,0.25450156575867755,0.5151335550999943,0.43981213004899067,0.0,0.5370639226330008
0.4678947140156967,0.3936675574958207,0.5284106644872223,0.5663614245326006,0.3802721544518101,0.4401409381093586,0.6472416322926889,0.3183579480032957,0.24850009882145924,0.6491778611997887,0.0,0.7383261645195424,0.616189750764655,0.45421682761491133,0.0,0.5090856233046508,0.5717033042527229,0.5635179991795264,0.3839620878645438,0.50846514203489,0.6168043521336544,0.38978311289914935,0.2525868870678617,0.6692229996441075,0.5757652483715747,0.714373981970923,0.36877858055798823,0.6125346030842014,0.37825150003191227,0.530492314981381,0.5416673876063902,0.5424189508795138,0.3911444869780003,0.6218401817456476,0.5568822973764719,0.8006073751324603,0.5832163801673493,0.6672206911158196,0.40515359508944576,0.48092779521684825,0.6604007976019344,0.5137763218359804,0.328476738367809,0.5753384256849432,0.21565256913760694,0.0,0.0,0.177166921608016,0.4722616453399673,0.34053007444337846,0.4449099006762745,0.43017325781175597,0.4823655002173085,0.20002688944671895,0.5446207681977716,0.2611800772110058,0.4661727065443125,0.5012810133699004,0.33387912197322933,0.0,0.0,0.0,0.0,0.14815251766345164,0.4157953902352729,0.0,0.7399329357895883,0.4150164333907878,0.0,0.0,1.009286456069694,0.009968411027331925,0.40472463477410736,0.3830415123535128,0.0,0.5707992414686445
0.5174038376091107,0.5452917275872051,0.5656822344625332,-0.01328778559875926,0.6285798526951311,0.6517244216769378,0.4666990050580503,0.5395299019154642,0.6605975582439834,0.6181456120524274,0.7383261645195424,0.0,0.5846095880798641,0.6224905010576983,0.37877717261085164,0.34446867801031084,0.4647185609480825,0.49268299601763604,0.5856558550071382,0.4948179206870471,0.46895546868354576,0.41684901521759155,0.5503971341406233,0.30078050265762846,0.47930841350066405,0.43808384266833467,0.4595378098419398,0.7808468628514109,0.5578181722026905,0.2982143377359141,0.5783786216660048,0.36957406715815355,0.7906254735398112,0.28285784257389585,0.48858411956475145,0.06621486178571387,0.03169443517554957,0.35349939243457806,0.39563613377317447,0.727416874117223,0.31639261930696416,-0.0664718375323731,0.4174664966493372,0.4426541845973734,0.4779642415086275,0.47557931778862467,0.5417409841850283,0.3254402133165487,0.19210520989762303,0.2599495638881513,0.320814686692329,0.5068937661579729,0.232332039300409,0.43643109824636983,0.5344151816015863,0.2764252375190972,0.7251409744922985,0.5030575348076616,0.7082669247017443,0.6229990980115172,0.54491816000824,0.5012343023247229,0.5756575310092392,0.3451771276691134,0.7405921139113376,0.7414680805659704,0.383045591932759,0.4736801579480343,0.35077574265461153,0.4546860290801658,0.4507940177232061,0.3370957629945985,0.7669341400560535,0.5708731006790385,0.0,0.5130411717822563
0.3602197829041704,0.42147979364293864,0.6075561781251223,0.703915325133775,0.6152176300262502,0.42868455240499437,0.7018637989158831,0.5443174688962877,0.31761157392621264,0.5205591483680424,0.616189750764655,0.5846095880798641,0.0,0.5692517388783193,0.36850461115552596,0.5062748130315153,0.4174575123840394,0.5756237540689062,0.5509315827961463,0.5039574673296657,0.5424665132295762,0.48060669308135506,0.5949509525783171,0.34466709569133214,0.6054195195431197,0.524752381970361,0.469555486641669,0.5373676350405733,0.5174925711352246,0.46330650050528455,0.5654106382893229,0.5703659639650638,0.48085006929162,0.5177910219379913,0.3081987581073752,0.5773751101272344,0.5988742065517003,0.42031299453966486,0.547672859992691,0.6343676293027707,0.2030133212853094,0.16940871144763714,0.4910327953039908,0.38749293413965424,0.48889447111932127,0.6519553087592088,0.45732562247113206,0.5910230853607137,0.0,0.7004980909662695,0.4307122056301876,0.6313575190407121,0.45167424819912616,0.7452330621050764,0.5576683546831798,0.556051851247615,0.5357970767659189,0.6048190398628553,0.4289017281055343,0.5027140713051178,0.3293895415146626,0.4060364727672354,0.5451663514507918,0.6951084909278075,0.5071216072105327,0.599069508038915,0.5433154498615225,0.4741402910839215,0.4858244138730679,0.4055666373271342,0.32824613212423115,0.47018995507468736,0.4800704706055611,0.4530511018179166,0.5568624182642419,0.3967404728126979
0.5673615132286185,0.5774083140748506,0.6599832915508834,0.7783075625265335,0.49845263656348593,0.42747422255647954,0.4670857334566899,0.6264613931828096,0.5378366690134423,0.800672008636298,0.45421682761491133,0.6224905010576983,0.5692517388783193,0.0,0.4881342665503308,0.62966041593671,0.48694216960904835,0.45104503331790907,0.6819121770015873,0.3620853294250873,0.637948890135204,0.3053241085512667,0.5831267320443467,0.6630044153899198,0.4997790450434453,0.3930212946040821,0.45933806995111726,0.5373293923036087,0.36209743741341655,0.8730007223787263,0.7203612283755862,0.36726945106280773,0.20383130783269923,0.7345304832207651,0.42516265344000415,0.6178759631945234,0.26965187396185974,0.47697352605309407,0.7154602984141288,0.0,0.7005106470771896,0.8320605014617907,0.5851030272364839,0.4807178983853525,0.0,0.0,0.0,0.5628191641303804,0.0,0.5662208732112362,0.47041453266234656,0.25603297247157153,0.1660227245711276,0.4154607178220069,0.0,0.5521866482667451,0.3924216020243231,0.7720377485006488,0.5086599195919794,0.0,0.0,0.0,0.0,0.2672559207525824,0.0,0.0,0.0,0.6707695398751075,0.0,0.0,0.0,0.48207631122482153,0.7928691538824111,0.0,0.0,0.0
0.3460170399996485,0.3203169343185821,0.3421132834921141,0.9057375567914023,0.5298776497823194,0.200466556688568,0.51006668047471,0.16264183335797688,0.2798447801967209,0.4904674747551613,0.0,0.37877717261085164,0.36850461115552596,0.4881342665503308,0.0,0.5191486869787513,0.6503306945697257,0.44022466541832705,0.0,0.29241457701260043,0.498847233210888,0.06678019674719088,0.0011757938297460857,0.2621032090922872,0.22708424847149283,0.5352380395140736,0.09076036778577468,0.18925227114630233,0.3448859337573129,0.16293947310148538,0.630432756112483,0.4874589006118114,0.6255868611937292,0.6619494516216513,0.6968424441072979,0.8434802727456792,-0.11515128296718202,0.36791188606880476,0.5579675297741751,0.6720100345528404,0.5658642174989978,0.5081444850411978,0.5311489996370201,0.5953550276409794,0.0,0.5783905065793482,0.6172222737748342,0.45533753055165216,0.0,0.0,0.42421894878657107,0.6970042724643407,0.22870720487599305,0.5469863997883567,0.0,0.0,0.6949033561341355,0.5187979130644429,0.47162730167668965,0.7107429208114671,0.5603918924495463,0.6388277404626901,0.6411349451164254,0.0,0.7646106369644203,0.5300622087299243,0.817001219316646,0.6865186228280928,0.4499899878255672,0.5140017309353595,0.5698420901565668,0.5526592183741635,0.3697706183435196,0.47586234119382204,0.21136889606553214,0.5161686964382124
0.5380625583231207,0.46697524755580416,0.4247157846091326,-0.00475803252129544,0.5302769834943967,0.553065907498195,0.46390638200181955,0.5086524235995639,0.4202397591967387,0.35558254321166105,0.5090856233046508,0.34446867801031084,0.5062748130315153,0.62966041593671,0.5191486869787513,0.0,0.2486019847340522,0.22012652681637213,0.5106621412824168,0.38062189595665524,0.5551672507119059,0.34205759318840945,0.5302112785169354,0.49928828598621233,0.3227314705017463,0.48601468350354193,0.4928989281595421,0.39265756970067683,0.3449892966973609,0.43519226240339637,0.42531697316859257,0.29688006859864513,0.17867777197833468,0.1307599319052773,0.29761278382745626,0.36159208389065445,0.437656947330045,0.6019962609844952,0.5138687041929411,0.4744683407098955,0.41866591924021085,0.4531837360915796,0.4644619895274313,0.0,0.0,0.4200157131993529,0.6304003610870725,0.0,0.0,0.0,0.5773159675226129,0.5936399570315146,0.8480629734561834,0.0,0.5759792834438726,0.0,0.4990595571864635,0.6273896191474065,0.0,0.48392340486613616,0.49581355989005493,0.5561090302844696,0.6021952624422244,0.0,0.4984355971971451,0.7222121322312989,0.6040819427905848,0.5455212395201304,0.42815355178751247,0.6528264102721735,0.6825363833771492,0.4657979573679558,0.5950068840616969,0.4900742197041119,0.0,0.4503406196363453
0.35592130088473933,0.48399923759741403,0.6927511375372567,0.6076241552077295,0.018983389625275016,0.35279727080943774,0.4339417200169892,0.46781226796172676,0.3829443507134579,0.3475357519804145,0.5717033042527229,0.4647185609480825,0.4174575123840394,0.48694216960904835,0.6503306945697257,0.2486019847340522,0.0,0.42698392583105876,0.7456946094402421,0.34665739919556976,0.017895987186823004,0.44340581354117314,0.49455094303409064,0.28845180569248025,0.34413106718583597,0.406449589601387,0.6394565029306731,0.6126043519437333,0.24072666969680184,0.4911507120760129,0.33328621785348034,0.29398280357444695,0.3340588480447253,0.2639977907377357,0.15979011376720775,0.6068936447434732,0.252808497547636,0.3200034437842833,0.5302412971804539,0.36762894770146487,0.23424474184594757,0.530933938254363,0.0,0.0,0.44351763629202556,0.6136843690120172,0.576078369577195,0.0,0.0,0.0,0.0,0.0,0.0,0.0,0.4663550300332463,0.0,0.47250199928502123,0.31419347656240704,0.0,0.7640216268584294,0.4304999923294347,0.42973111630335753,0.4015139025907942,0.0,0.0,0.0,0.5535003469242608,0.0,0.5474773733775822,0.4838599425519542,0.4422532389608724,0.0,0.3390622638898374,0.48368677131117765,0.0,0.5478827622716694
0.4213925631724464,0.4446514607239561,0.7665576515096082,0.4611003449332911,0.359743642310912,0.5760741003509507,0.4680413587028499,0.583150908959238,0.5416225211435421,0.04192595074245925,0.5635179991795264,0.49268299601763604,0.5756237540689062,0.45104503331790907,0.44022466541832705,0.22012652681637213,0.42698392583105876,0.0,0.5327900945813191,0.31221307684015903,0.34360104493400306,0.2545419652598163,0.48202262074470037,0.38662640633520495,0.2924439874579037,0.3909082960246756,0.5423032472049083,0.36385713424082183,0.3276303067083737,0.509272325229668,0.3335534680792214,0.38530328123579044,0.3453531249636107,0.3421001515868165,0.3703457257821834,0.6868606091497331,0.26443893994612855,0.24124344153201396,0.5398136885448992,0.40854599311385464,0.4355218088203031,0.5010686603601812,0.0,0.0,0.5182878692103523,0.5134055049845995,0.6085212375109573,0.0,0.0,0.0,0.5484261097500522,0.5810897816179074,0.9366814849897361,0.0,0.6822567911627496,0.0,0.6566240596173714,0.5455953871569026,0.0,0.5302582984384726,0.5173312721293605,0.6545727290159711,0.5744576578053703,0.0,0.6470605057531427,0.6258999181916455,0.6631923463747285,0.7776382012312729,0.6213580722846572,0.5862031197409299,0.6435817352002045,0.49261833632135044,0.6225332470947574,0.48533838880958335,0.0,0.6630494538938416
0.0,0.6074516890328117,0.21130657721844623,0.5155463670858697,0.43013561545265905,0.4607795989481225,0.6058491900182017,0.4556999316889527,0.1749282031457601,0.5506869461959035,0.3839620878645438,0.5856558550071382,0.5509315827961463,0.6819121770015873,0.0,0.5106621412824168,0.7456946094402421,0.5327900945813191,0.0,0.5260162281791435,0.43516871322077394,0.6540798238406732,0.510059661421737,0.5804494119773634,0.46702191003194,0.503658591371764,0.22203822486345665,0.5428574523124043,0.5895198539827962,0.6112541424478526,0.5039104273844974,0.44158900174653104,-0.08674486050556512,0.5475935436629922,0.4650513519706093,0.702619878345957,0.40082535134561637,0.4177855753840387,0.36679611915897986,0.4005768004925907,0.15797996780443954,0.26329226504348,0.64244670461481,0.3453720727251331,0.4133768785246965,0.0,0.0,0.6857732283399667,0.0,0.34100749693757615,0.4646769703568071,0.46011876134429863,0.49053601207791114,0.5933986286175078,0.9858069289322258,0.40115360710717085,0.5782362553983666,0.4825259403583314,0.32797925158146557,0.0,0.0,0.0,0.0,0.7743129145861882,0.4807111236926864,0.0,0.44144431205173174,0.5798265437620752,0.0,0.0,0.0,0.5289746825259443,0.3938518288997601,0.19953290456337477,0.48450791809989935,0.5575978641024657
0.41992620678652964,0.4271335146714213,0.3850058896698218,0.8437182293185181,0.36543805194448514,0.3057954123273944,0.357406142909771,0.2768089309110314,0.35805936360689716,0.3986896236670061,0.50846514203489,0.4948179206870471,0.5039574673296657,0.3620853294250873,0.29241457701260043,0.38062189595665524,0.34665739919556976,0.31221307684015903,0.5260162281791435,0.0,0.4619101974860975,0.22414712343051588,0.3964142403081362,0.6720630361829874,0.36163735781026796,0.4054109716710529,0.2497865478698417,0.481061045793153,0.38882455883926725,0.7101843828175112,0.5468457944312524,0.3087889683305971,0.39167214811845563,0.5980855630807964,0.6264828443981425,0.8186641297573627,0.45466870594397646,0.791915436417512,0.4422695054627157,0.36972866019804485,0.44978209789752654,0.4215375526406179,0.52372755321737,0.2326872104025694,0.24018270283231827,0.5688950657215799,0.44692525665386057,0.5007295950333481,0.0,0.0,0.3355303659139287,0.5815355547983826,0.6359512847042943,0.463313883048394,0.9102677382261879,0.0,-0.1709343348469023,0.47004996129364035,0.0,0.6263099428254795,0.38069346347287175,0.4619042453141048,0.5293010591554217,0.0,0.45075140456247376,0.43742234893644083,0.5716516673245905,0.467328887911793,0.0,0.5251397839931832,0.5410637228127342,0.36632766299543584,0.3693963642371622,0.3764189276964041,0.0654172273304025,0.37854278947863385
0.22888534855885478,0.5070949878317218,0.41599515216375954,0.35562893563050507,0.5601254441931602,0.4309827342063367,0.5134940182815566,0.47333990663030695,0.43174747824467496,0.5860264183510421,0.6168043521336544,0.46895546868354576,0.5424665132295762,0.637948890135204,0.498847233210888,0.5551672507119059,0.017895987186823004,0.34360104493400306,0.43516871322077394,0.4619101974860975,0.0,0.35907657230923673,0.5804785766026288,0.26582802843887154,0.4338679275665016,0.7114865660563426,0.31057548318752626,0.40763119034743334,0.43044885874394523,0.6076582437246614,0.6228631955836621,0.3911152445701668,0.6484908540264978,0.4616081651994069,0.613021228218773,0.56188970938067,0.3654848036494688,0.7238926090017537,0.4611817937982852,0.5364422046975061,0.4199273021027302,0.3657959394978098,0.5695307616356018,0.0,0.0,0.34578315431203294,0.5725409135821616,0.6403211041641425,0.0,0.0,0.46731469521072344,0.45547652000791666,0.3936689312057777,0.5753106158785961,0.4840796106393803,0.0,0.7177666642044135,0.4720705508805201,0.0,0.49503622431433325,0.5533129711007757,0.0,0.5565975093368678,0.0,0.5365106012434286,0.47437857357527885,0.6632020872546454,0.5147885143166385,0.8309921265516764,0.48023995757060567,0.6096331635889757,0.40766695309303824,0.4428609348026783,0.4798188496775415,0.12694981857060864,0.28987540397622596
0.4685519295920642,0.5455305889152128,0.42777299149796955,0.6903499291245443,0.5386708431161299,0.4309984693469448,0.43764200555263505,0.26964759661471704,0.45233334555697235,0.3603280719009765,0.38978311289914935,0.41684901521759155,0.48060669308135506,0.3053241085512667,0.06678019674719088,0.34205759318840945,0.44340581354117314,0.2545419652598163,0.6540798238406732,0.22414712343051588,0.35907657230923673,0.0,0.36623022738934224,0.7788205382865809,0.4198925046500185,0.38970117313235786,0.2581672618626636,0.5156394488982311,0.34785145044856236,0.5079732248535153,0.6332496744355203,0.45623050650982316,0.27273989667400045,0.6165933870336736,0.5962303601120333,0.6826483666856653,0.6577901785090472,0.581320541430363,0.5531934063157444,0.45691461191148464,0.4607432883003358,0.471523507804656,0.5592806801877328,0.07918953510948368,0.2640405181274129,0.3962578845912008,0.6384712730652107,0.54728815749995,0.4796079653586815,0.2643941470630411,0.5681538408863904,0.4490504432231082,0.6275507006661984,0.62872865822304,0.4492270333066376,0.0,0.011509732616358404,0.5795761888093884,0.0,0.6756825325729587,0.5062973016616954,0.41506997273283897,0.5986805655785783,0.0,0.49554733440887083,0.6178094069613476,0.6060250857900422,0.5094153150538951,0.7117402972325064,0.46918540886812343,0.621404043677638,0.4844993745463652,0.4759002919727893,0.4883831078800629,0.5623152875223323,0.5029080346292883
0.4991710746075788,0.379458497452308,0.4657477711386219,0.6505039116251901,0.49491702111529523,0.3211726383904091,0.5346989308047624,0.5617832293707827,0.33009225929666997,0.40796259573387295,0.2525868870678617,0.5503971341406233,0.5949509525783171,0.5831267320443467,0.0011757938297460857,0.5302112785169354,0.49455094303409064,0.48202262074470037,0.510059661421737,0.3964142403081362,0.5804785766026288,0.36623022738934224,0.0,0.4384262168258951,0.4301725829240091,0.48097975606027565,0.03367483774704322,0.42829156973973836,0.323012365777685,0.41182886626820203,0.5609153726291028,0.3553432473879022,0.08217552405038198,0.5808076189414516,0.5388735250234472,0.6945369862956807,0.5397996432767093,0.3331913895858848,0.4244817266863404,0.18871545274160198,0.4661336909609761,0.4259599743460759,0.43202736453438756,0.24123979195241896,0.6054229237378168,0.5505879760422616,0.6217071843475821,0.5084769621120105,0.43439232812723305,0.5015521435703267,0.5011286823842107,0.598235673560866,0.535347492449398,0.5723906069990763,0.6138461101955517,0.39056589980917766,0.4511799443390144,0.4926266264692772,0.45898333352533727,0.5575993468642577,0.48964598451032826,0.48284184126768454,0.5720465370808281,0.4201692805848262,0.45528256993528404,0.5442354272044514,0.5424042695951932,0.642133051641174,0.267394590200207,0.5760182176373918,0.46440565227474995,0.38794464699428344,0.36607395434814033,0.364885442453748,0.3440061510182032,0.45606941002492546
0.5018534478257531,0.33169440712444725,0.8003869070650822,0.2552032172691973,0.5188410364833593,0.30790714422845367,0.5924039627217625,0.36219316406589697,0.5023133923701688,0.35743585036620584,0.6692229996441075,0.30078050265762846,0.34466709569133214,0.6630044153899198,0.2621032090922872,0.49928828598621233,0.28845180569248025,0.38662640633520495,0.5804494119773634,0.6720630361829874,0.26582802843887154,0.7788205382865809,0.4384262168258951,0.0,0.6169238190576559,0.4072910629578474,0.3567514003015331,0.47444140468173907,0.5934799807653137,0.7965332356642478,0.5210432399333298,0.28657282978286847,0.5897604323975436,-0.03214070354675114,0.0823396578875083,0.22850994696265747,0.31976109109740114,0.3864499169887444,0.7895424769628854,1.000263788967168,0.41366273151400923,0.6372168130906338,0.5347947552395209,0.3823703986553819,0.7070659545512232,0.4041146414550292,0.49551433879238527,0.0,0.0,0.4511181376353953,0.5595106462358017,0.2900275548408996,0.0,0.035793352272168746,0.600372407683692,0.554911629138644,0.7066570350015458,0.4254894678789188,0.0,0.1992348759030736,0.5595973115822757,0.549448981208518,0.6131096921722696,0.4875630066421429,0.2707223627454569,0.39750794274448475,0.14566930595958918,0.8156750098645275,0.45944448260908455,0.5894206962275933,0.536558041532709,0.4489508821520791,0.3296545382317353,0.679067990086232,0.0,0.5559515877552259
0.37734597608987075,0.3460385108825362,0.630397082809387,0.8535048823928859,0.5055794617201208,0.47887420617615883,0.4900790540094253,0.47613629717965555,0.4761263640033065,0.4133092633374055,0.5757652483715747,0.47930841350066405,0.6054195195431197,0.4997790450434453,0.22708424847149283,0.3227314705017463,0.34413106718583597,0.2924439874579037,0.46702191003194,0.36163735781026796,0.4338679275665016,0.4198925046500185,0.4301725829240091,0.6169238190576559,0.0,0.12629718154367675,0.42794497475556814,0.382041534498157,0.23873444752585035,0.6199408686110439,0.39487903923436574,0.25485825299700204,0.34500861764528423,0.26883458489051126,0.4036574163240231,0.04435154818459233,0.5597495717439862,0.3839847560247272,0.6517378099941733,0.5231417747935097,0.5332444413570034,0.4647862732048501,0.14573660954328987,0.0,0.36429359389748284,0.4497396897209348,0.6116345124662516,0.0,0.0,0.0,0.5162680944717097,0.5602383240083414,0.71745498961391,0.38154575059690055,0.556012914594944,0.4842186359554711,0.5959253892060103,0.3462898358250064,0.0,0.5721527020083224,0.5110062727285388,0.5819163658702822,0.6400863369814717,0.0,0.6100984633136168,0.59988886527107,0.5488447362828193,0.4583901611638055,0.5112770826714426,0.6151734072232894,0.6086326946418891,0.4389296860851019,0.6690945061712937,0.4312311309830761,0.0,0.6670470598166545
0.5187869814567634,0.28474258609112324,0.6251540165218848,0.5476663528756538,0.4506675328756841,0.5902091099921403,0.431317490002442,0.5086148858056548,0.5279723838463078,0.4116554171703949,0.714373981970923,0.43808384266833467,0.524752381970361,0.3930212946040821,0.5352380395140736,0.48601468350354193,0.406449589601387,0.3909082960246756,0.503658591371764,0.4054109716710529,0.7114865660563426,0.38970117313235786,0.48097975606027565,0.4072910629578474,0.12629718154367675,0.0,0.45941491545550184,0.5339798251569227,0.5487256749158202,0.49063255622544016,0.4862162383657266,0.5357675046387567,0.5609941021064061,0.46229366045856585,0.6516141709977332,0.48023755067445995,0.4773457579157845,0.3102923906124986,0.640637650676458,0.6537795699384181,0.6221864255789971,0.35573997703271254,0.2120914067918371,0.5381581591687202,0.32700954085247136,0.4725910012372348,0.7649939936025691,0.6315099223566425,0.0,0.007475414116496709,0.5633248813971039,0.5649241123768347,0.6016024164417297,0.3921011780661813,0.5234394127017303,0.0,0.5953653477114316,0.7256792485804301,0.0,0.6091686779070511,0.6073882506483804,0.5277165638970532,0.6306239963372959,0.0,0.6179597484207133,0.6949532913733425,0.8325512733578551,0.4662567884662636,0.5205191656469068,0.6222557498887444,0.5947538471862104,0.5761017200337031,0.7609617230289663,0.726219929741764,0.5035010002995093,0.6280804675663139
0.25192784577781613,0.3632003763440308,0.06934790117858594,0.4902324860587067,0.3630206575948942,0.2741096371607227,0.35288626687514174,0.2849167119339715,0.18807432181041078,0.3276938463651829,0.36877858055798823,0.4595378098419398,0.469555486641669,0.45933806995111726,0.09076036778577468,0.4928989281595421,0.6394565029306731,0.5423032472049083,0.22203822486345665,0.2497865478698417,0.31057548318752626,0.2581672618626636,0.03367483774704322,0.3567514003015331,0.42794497475556814,0.45941491545550184,0.0,0.3656472636818424,0.2913063993875662,0.37335007055572456,0.4689154397943084,0.22313952212992275,0.13668799479364308,0.5115551599795553,0.5134275219481532,0.39775539827930806,0.4473047447738435,0.3136683088986988,0.3468579790190881,0.1569830707487346,-0.018488566504526183,0.3622604479530119,0.4353495446498329,0.27575951187830416,0.39809625944353744,0.4554946405152399,0.4368575762983931,0.493017555011474,0.4996831595811375,0.49685325120828683,0.42652040451670137,0.49597975468714195,0.307010693281785,0.46937879100407953,0.6620042761209165,0.45481111558370024,0.34865133020407535,0.480973616335974,0.46814780886141083,0.4420146862637885,0.34456435186425793,0.0,0.5215325055956077,0.5676403000223633,0.3522165479954468,0.38294877174896697,0.4340401281034795,0.3852229965726696,0.0,0.4820537903581457,0.3394560710749564,0.33876358286228003,0.26946702001334305,0.2279719988197717,0.06791651593974385,0.36471545081036877
0.7759734674929628,0.3210167253251083,0.6131364055876607,0.48608045244573583,1.0017736549349205,0.42190412317469234,0.9430794866815897,0.5168537126699435,0.5714545952692772,0.6014481918165462,0.6125346030842014,0.7808468628514109,0.5373676350405733,0.5373293923036087,0.18925227114630233,0.39265756970067683,0.6126043519437333,0.36385713424082183,0.5428574523124043,0.481061045793153,0.40763119034743334,0.5156394488982311,0.42829156973973836,0.47444140468173907,0.382041534498157,0.5339798251569227,0.3656472636818424,0.0,0.2765272859212751,0.35351537323187887,0.6723733099468574,0.5840330572221074,0.3987246348787189,0.43453146582139823,0.5621633055396338,0.7488924206894023,0.6025447676959226,0.6851074798382766,0.5752006888515033,0.39321966906742734,0.7738224043704665,0.2661669760438131,0.40860318719961136,0.347975835958372,0.7011974772306513,0.6369562555452791,0.42746746521925727,0.5567061505500788,0.0,0.6172429254664222,0.47711759470740184,0.5537623032808977,0.4636245043488709,0.5308190466371159,0.4497375802043111,0.5302364451512804,0.7196451952946235,0.505047845666312,0.3494113330212917,0.4842950615264951,0.43174910313602827,0.1924659814887788,0.5538569896368981,0.9522314675967418,0.48405515996051324,0.4714267344129956,0.5506816931835308,0.5016878976088033,0.5579098360504249,0.5075194528833591,0.3309427886277941,0.4134187528155332,0.3912868763942774,0.33074478895127163,0.5401688446313635,0.48672569704646707
0.4228074795073275,0.3208514942489455,0.36700970501618335,0.07141881213036083,0.5665215692404514,0.3457474443699683,0.5295136013168964,0.3841506727163082,0.4364912083076567,0.3906832673424484,0.37825150003191227,0.5578181722026905,0.5174925711352246,0.36209743741341655,0.3448859337573129,0.3449892966973609,0.24072666969680184,0.3276303067083737,0.5895198539827962,0.38882455883926725,0.43044885874394523,0.34785145044856236,0.323012365777685,0.5934799807653137,0.23873444752585035,0.5487256749158202,0.2913063993875662,0.2765272859212751,0.0,0.5333834901088177,0.5192493482755013,0.24575556042648297,0.13076310713404257,0.6102321507417305,0.5256565920530054,0.5475111503003787,0.3596093576793568,0.6075791977811128,0.39680753814693376,0.3512884958538386,0.4649682642704027,0.36642188690093086,0.3491264300571849,0.36655552875344566,0.6010581978517935,0.496183026201215,0.44270033057257074,0.5817520734177022,0.41611838793076117,0.4469938139546666,0.37053574574003256,0.5218421471698718,0.38543424968313295,0.5289539504935935,0.6824429839677217,0.43648980884841404,0.5482310502915936,0.47352642308802945,0.7070686673280145,0.5464154210742921,0.41698198282937216,0.48062350603701975,0.47714975901770096,0.537984726438482,0.4680481292591378,0.514435176198764,0.5023226042850341,0.43783686124817306,0.5087690732959717,0.48767456487432326,0.5406095093792951,0.35741189262658896,0.35287888097751124,0.3326019346129375,0.2657679033952558,0.38448429164083087
