0.0,-0.01833592927276223,-0.001773092500896023,0.0,0.0005553999723047487,-0.016583307353797816,-0.013611684996971019,-0.026483937581499417,0.0005829316068508561,-0.0606812160684998,0.0013509546551822016,-0.05080150182379073,-0.01724154602423239,-0.001369570207191917,-0.026661299596392796,-0.035448100699863816,-0.0035225757592464157,-0.05139021294568408,0.0,-0.03738421326548197,-0.02952641050358612,-0.03692167547064934,-0.041532990291473504,-0.05507290096242301,-0.02984668964111442,-0.03892429887648802,-0.04564287638879655,-0.027607277670322228,0.004176164757741407,0.0031434106458139155,-0.037882695410258016,-0.022336367210622987,-0.03399479913961578,-0.04084649492983444,-0.012464228283618817,0.0004066744330667449,0.0002331853555003205,-0.061676308499744426,-0.025737057670697894,-0.0162587934986958,-0.014760432576613358,-0.02512379027299877,0.01317413306817422,0.0,-0.0017496467820469208,-0.052622408475808846,-0.05076723814218481,0.0,0.0,0.0,0.01676873183418809,1.1102230246251565e-16,-0.0031342453745567544,0.0,-0.06840557366886496,0.0,-0.003149614685083013,-0.00238946969796483,0.0,0.00047588352122035493,-0.01106851701359124,-0.0028045624209267483,-0.027605634390679368,0.0,-0.0034564730565780355,-0.023667223851996155,-0.04780883480817244,-0.00160421041392661,-0.004381460970075968,-0.03126431282250541,-0.025086682341878608,-0.0024889887357535945,-0.00018095562117725894,-0.00366373875781445,0.0,-0.007299533478375753
-0.01833592927276223,0.0,-0.009922836838549554,-0.00011477444408175552,-0.008787630576996497,-0.013151163359574336,-0.006704603904902129,-0.0017578669464191066,-0.006046055741024681,-0.0062278900808374615,-0.00042882604151472936,0.02603618708339317,-0.0015500669839577097,0.00011198760955782872,-0.017441985158045126,-0.02194165298339057,-0.003957438774760902,-0.027940383769006538,0.001208377820594797,-0.0018972782878452499,-0.019024916188505048,0.001870598667734702,-0.026251518905638205,-0.009474968787756943,-0.032378191374322185,-0.015265241046195643,-0.013899068498906708,0.012705629153364872,0.0007251718028474796,-0.0037048192729399743,-0.017104379355623867,-0.009207405590818785,-0.0166573203762585,-0.018623725475865216,-0.020860297395311533,-0.007452072375022434,-0.0002285572309596029,0.0,-0.01654905079922875,0.008754065762153984,-0.004027398914879798,-0.018771435407984483,0.0012397610801603842,0.0,2.220446049250313e-16,-0.029056350170428957,-0.020664387030142506,-4.9253333590904e-05,0.0,0.0,-0.011279942158021139,-0.00395759994065259,0.0011759070366635371,-6.830712158573116e-05,0.03372076144545644,0.0,-0.0010463444751269702,-0.0025481979540997735,0.0,0.005107622728613148,-0.0016355433163143251,0.0012125866596006674,0.000379191416297886,0.0,0.0017028547732643173,-0.0066895060972847475,-0.011232394158138037,-0.010202137462087701,-0.0014986386075316327,-0.016966621577956087,-0.013294300772658474,-0.012677233323804993,-0.00864306914259072,-0.007662217706573826,-1.1102230246251565e-16,-0.00256433547756163
-0.001773092500896023,-0.009922836838549554,0.0,-0.033083936945027426,-0.03800696557998412,-0.067151691016891,-0.020125623955468463,-0.040139424046823524,-0.04697726648143419,-0.024841661425087758,-0.038061881780045215,-0.0197515522513812,-0.015683302454107317,-0.05465399467353782,-0.0016987099402239747,9.594318138506086e-05,0.0005464781293534893,-0.0028076457684826917,-0.06557350253785399,-0.02091223826281907,-0.0020415782864698917,-0.03901023648337015,-0.07088267585096925,-0.0057770764278212705,-0.0013772301618831806,-0.024132635546039005,-0.06277245379746993,-0.021461028007368654,0.01905417378036839,-0.025646201303745064,-0.02137505122389466,-0.032059735135082534,-0.038490957843756446,-0.027781101478835057,-0.03290919588685548,-0.03512455234972711,-0.024688844985845615,-0.03421696744654251,-0.003979869759299759,5.645983242597019e-07,-0.023769888092559754,0.0025296290693958556,-0.006825899789174805,0.001773741725446809,0.0,0.0,-0.00037077390009437883,0.01473918036562294,-6.191776994346476e-06,-0.013975176773196707,-0.043340501848238455,-0.015268748850921443,-0.04048782469829759,-0.02043838236608031,0.0008430441524008292,-0.004161637064111434,-0.005376070826655477,-0.01821450872714836,0.0004495324675097834,-0.0002513118900442368,0.0,0.0,0.0,-0.008582848760648687,-1.1261439215315416e-05,2.4600921706141587e-05,-0.0004947693815047227,-0.0264872005855199,0.0,0.00016609870052020081,-0.0014012128412562719,-0.0343836798991195,-0.015561647731251016,-0.0218941466778656,0.0013408481610100997,-0.025406609898096066
0.0,-0.00011477444408175552,-0.033083936945027426,0.0,0.014005256268115551,-0.03775846196917543,0.004897288468511396,-0.0012493103798734695,-0.03134796167747206,-0.02629722530444964,-0.037767406548183446,0.14487465110072933,0.01355351105150876,0.016033161334728152,-0.09574152441653005,-0.0004309016022983059,0.020047861746379236,-2.819542691606669e-05,-0.043274911752000766,0.0019777113422027037,-0.00018556529243179964,-0.0028901187262330152,-0.038933126887011726,-0.0007220254063984854,0.0006683554428376648,0.0012094589726238114,-0.030936378870360104,-0.013387957281204621,-0.05244876139700844,0.0010300577066644778,0.04458057344537791,-0.006197928399334973,0.017424517630132752,0.04869275517453281,0.06440322390643649,0.011921463646656777,-0.010906241113955856,-0.0074235964126251885,0.10636555230578881,0.00030409011855153656,-6.5743986673583166e-06,-0.001501774812876444,-0.0007687028991937295,-0.0011666802843114388,0.0,0.0,0.0,-0.00037570832005257015,0.0,0.0,0.0001132025775248402,2.220446049250313e-16,6.452898899189652e-05,-0.0006800248210324655,5.551115123125783e-17,-0.0008887570528205435,-0.0003644039548429956,-0.00021953849626105137,0.0,0.0,0.0,0.0,0.0,0.0,0.0,0.0,5.689516011919693e-05,-0.029161596188287398,0.0,0.0,0.0,0.0013028848959604766,0.0013565480810852626,-0.0001270119748653098,0.0,0.0
0.0005553999723047487,-0.008787630576996497,-0.03800696557998412,0.014005256268115551,0.0,-0.04630065529621291,-0.03577530482831498,-0.016638333254374305,-0.03507242116218395,-0.014438815214915246,-0.022420513708220846,0.0024275972229421128,-0.0357533371883309,-0.011892325774145451,-0.0003784949723365516,0.0017326946913464036,-0.015889367310033153,-0.004547407140824633,-0.04062210472582234,-0.02654556359675936,-0.0010784581196108811,-0.02697285743665806,-0.04535473828318537,-0.014412749386255974,-0.023608977821584998,-0.00826094158594376,-0.050321247111327794,-0.0117928871943756,-0.011004034739491575,-0.021996792461037973,-0.018696321411552086,-0.011097603338380002,-0.024602941999221806,-0.034673148383469965,-0.018491201745246044,-0.017843544091513924,0.05165654038351858,-0.004395687103605939,-0.020581503685413782,0.0008198210780729354,0.004013728787558846,0.0010688421025744077,0.06949917555204166,0.001386450075443968,-0.00013895099033706115,1.1102230246251565e-16,-8.263721370971311e-05,-0.016321754708481517,0.0,-0.0037227278399862285,0.0005660483889092793,0.00017044742540706093,0.0013206300731138376,-0.017380812229139786,5.551115123125783e-17,-0.09055393606499423,0.06183048594942553,0.00850543626919531,-0.0056683972150002315,-0.0003456357062634474,-2.3894893144527085e-05,0.0,-5.551115123125783e-17,0.0019506826594344329,0.0003202442171374442,0.0001357047847909132,0.014737949529517902,-0.021067921896649966,0.0,1.8101703961714843e-05,0.013439599030976968,-0.016219062686068486,0.0027288214937400967,-0.0029073100638105087,1.1102230246251565e-16,-0.027787902237022044
-0.016583307353797816,-0.013151163359574336,-0.067151691016891,-0.03775846196917543,-0.04630065529621291,0.0,-0.0314652671501493,-0.04189371503111461,-0.04974201328393879,-0.026758569649550867,-0.028800281916465886,-0.022090548356301365,-0.0215251760009752,-0.04514341207509509,-0.03247641420087172,0.00016253889548101252,-0.004626380560313614,-0.0008972388679537313,-0.04221787787646425,-0.03454517138779151,-0.010389579820075323,-0.030780691005725114,-0.049371713374544435,-0.021456105023246297,-0.016859628241438884,-0.017787819008403094,-0.04068205647797135,-0.03202770535315863,-0.038301038901046025,-0.031112914978048245,-0.022462684941822963,-0.030499570010968702,-0.026783198184667567,-0.0389658857623883,-0.0397844859008456,-0.05905379752179274,-0.02891724639715698,-0.035740377267961754,-0.05606794514949204,-0.0037607799167566625,-0.028314208157060705,0.01646308729333351,-0.03289823384834756,-0.10165250596445086,-0.001930562491641974,0.0015099666857733562,-0.014206674619274773,-0.041642472306769984,-0.0004813308670116867,-0.010887992342635933,-0.023604548922397384,-0.009934901484335623,-0.02327336495579463,-0.03457283399866673,-0.13404468072890008,-0.027994444590703438,-0.03410286992120776,-0.011749904900810071,-0.004260352250955002,-0.011985468484409512,0.006792264594814634,0.0,-0.0007471876900183028,-0.030425402928584755,-0.01281734988516231,-0.00441097737075502,-0.010099623997040286,-0.02118324344944622,0.0001086435607019487,-0.002606422500719463,0.013203705774287366,-0.022666398435753743,-0.007321381980973096,-0.00920197858520666,-0.010312914513678773,-0.009462440106921322
-0.013611684996971019,-0.006704603904902129,-0.020125623955468463,0.004897288468511396,-0.03577530482831498,-0.0314652671501493,0.0,-0.024141790360988902,-0.06098797507313897,-0.030804522478740826,-0.0333939993976714,-0.026243890328159214,-0.06801585743706279,-0.03548053295712883,-0.0015121672779853101,-0.013956483313729562,-0.025215236034061173,-0.025332130282806953,-0.029565404954904173,-0.024940994026942498,-0.0009448795146368427,-0.01920945998863316,-0.04486102172577078,-0.023669478237357433,-0.019952599998529996,-0.01941591811327409,-0.03947147367401205,-0.01978771176228883,-0.02270169542659012,-0.0058554635801313926,-0.021520122389748875,-0.021681314575236088,-0.011268232806801726,-0.024108732485287776,0.011778458285148119,-0.02836179116574783,-0.003207547689417667,-0.046517940530597546,0.014667615071585316,-0.0009401280422748348,0.03760616290597296,0.003700406174512727,-0.00874317053087409,0.005548527181094498,-0.001228423951662505,0.0,-0.022933911096548243,-0.011863029698900296,0.0,0.0019056556256642487,-0.025518439141927918,0.0018194615060995734,-0.0022272007988112796,-0.004557023436275176,0.0002561380227682486,-0.08001827650461851,0.0007673330642686826,-0.001167573040661507,-0.00017985730211855788,-0.009264083268210599,-0.015950346839198992,0.0,5.904939332557202e-05,-0.0020264719678453336,0.001054114111573412,0.001189412530995082,-0.00196823050121947,-0.01663644233965067,8.698223622605195e-05,-0.013910068137588494,-0.01520597826206782,-0.019802292142934885,-0.005011804542827236,-0.017354535291463524,0.0005044664442440672,-0.011460486705773043
-0.026483937581499417,-0.0017578669464191066,-0.040139424046823524,-0.0012493103798734695,-0.016638333254374305,-0.04189371503111461,-0.024141790360988902,0.0,-0.02698569715122584,-0.0475718913685198,0.013485915949975946,-0.03340210071004013,-0.02461351964706754,-0.01564182530636621,-0.024371761289225358,-0.020677176818893306,-0.0005818665871470396,-0.03800869267775664,-0.009550624559216292,-0.018921204208649123,-0.032919135474628936,-0.0059956938733817244,-0.03711470888222956,-0.046367645970902926,-0.037736852245738306,-0.04263240934259316,-0.053133041149382554,-0.027910745408218918,-0.015423769593874037,-0.024832172938778707,-0.02405774865084115,0.010829000979977133,-0.08554668094905382,-0.029131272096928673,-0.012991090211076639,0.05387714557232198,0.035335279466179315,-0.07533741296164864,-0.022946176910481675,-0.0016714322510573698,-0.010897130038706737,-0.028366716895618316,0.04258411908824583,-0.0014569714071669404,0.0,-0.0006160499684993992,-0.003866796853375598,-0.0172513209601326,0.0,0.02723637394719186,-0.03137025117538639,-0.0031714110306564347,0.023305378070698213,-0.01896022378365647,0.0006041135496462346,0.014821149754787155,6.291036613209622e-05,-0.00699261002267515,0.0009564882842791889,0.004777082564688673,-0.0004942413453648542,0.0,-0.00023789519571820739,-0.00665542245397821,-0.00830850332152211,0.002675273430788716,-0.00474808494913348,-0.005613433232595055,-5.551115123125783e-17,2.3803590147086773e-05,-0.022285641980695547,-0.0237621491556258,-0.01928796674353317,-0.022347157836195286,0.006408237158591568,-0.027039024999981898
0.0005829316068508561,-0.006046055741024681,-0.04697726648143419,-0.03134796167747206,-0.03507242116218395,-0.04974201328393879,-0.06098797507313897,-0.02698569715122584,0.0,-0.025947783055162432,-0.02851956268440109,-0.02341468323106577,-0.017409586007042233,-0.060477147746875626,0.0018401726527208506,-0.012614187064039883,-0.014709832780377408,0.009736803150581841,-0.04599844215360896,-0.027013441061579213,-0.0013288884480491259,-0.029812478720598223,-0.05152235035478747,-0.025268595063854926,0.008893188337359137,-0.005037250004703286,-0.04448141854365473,-0.017638639182991467,-0.014726968822132258,-0.012671012969226514,-0.01576368017135915,-0.01981763365340572,-0.03724615401501774,-0.027927601217881237,-0.04846189244442034,-0.040517564519683524,-0.01674093710097918,-0.03327357397510222,0.01082641083819147,0.0007864246488427096,-0.02591347084902762,-0.0008544111142636535,-0.0008933091807064586,-0.032089315043533295,-0.014651764609532658,-5.551115123125783e-17,0.0012205805284436488,-0.026864694719617832,2.9745587006857477e-06,0.0015668823300362122,-0.030552719048197896,-0.00357674549953213,-0.037956460770441014,-0.03478972049760298,0.04034863635003633,-0.01953174352001319,-0.01158880836089371,-0.014847507174937657,0.0006624084727047119,-0.008513352088507231,8.112854138925263e-05,0.0,0.0,-0.022819689580626523,0.0003038942837024772,0.0017680248741466786,0.007555918335280243,-0.021418165665212152,-8.195090787410653e-05,-2.616491754220407e-05,0.008739762742892565,-0.02299799845969608,0.005615076685041576,-0.003145242860195019,0.00022915864207595504,-0.009723092024917168
-0.0606812160684998,-0.0062278900808374615,-0.024841661425087758,-0.02629722530444964,-0.014438815214915246,-0.026758569649550867,-0.030804522478740826,-0.0475718913685198,-0.025947783055162432,0.0,-0.025808353870210965,-0.0019171910139155757,-0.025258202371545635,-0.10446481842378524,0.04218184411195808,-0.013144893989620432,-0.009232107381588306,-0.013614552352316067,-0.03347235925750863,-0.01459899320475,-0.002545809061338833,-0.003902722888612098,-0.042316522237517806,-0.033896712664052975,-0.029786071144416726,-0.010425761689179525,-0.04321472463729986,-0.025540239883547144,-0.010537939455247336,-0.044914509542386905,-0.012861428214711923,-0.008451928577933643,-0.015264515827579928,-0.011632128338884828,0.0019519907271285941,-0.041281920541968886,-0.021406628621320978,-0.019378623600619593,-0.07397977077848178,-0.03683250528554943,-0.06530762635648996,9.243609791120821e-05,-0.0055281662669987575,-0.014656957199003173,-0.05089889763966726,-0.0684526400081582,-0.0008089886060303475,-0.00030067353403995245,1.6889956371057835e-05,0.000305403018192818,0.0012252704034808604,-0.0006166122713430755,2.7379224802281943e-05,-0.0021440237662214146,-0.04751323975567562,-0.022783969032410922,-0.04140790403730321,-0.0340094958685882,0.0,0.0009696768787865184,-0.015550691603659017,-0.009092346513028982,-0.010614425880253686,-5.551817167437356e-06,9.020299991596703e-05,0.00031536760835099154,-0.0021584949939059683,-0.013232611627748803,-0.026627531849411912,-0.03028334521524645,-0.04300347464563081,-0.016187170343531898,-0.04465625137734819,-0.0013009035563486537,-5.551115123125783e-17,-0.04989397346590024
0.0013509546551822016,-0.00042882604151472936,-0.038061881780045215,-0.037767406548183446,-0.022420513708220846,-0.028800281916465886,-0.0333939993976714,0.013485915949975946,-0.02851956268440109,-0.025808353870210965,0.0,-0.018688667415373228,-0.015304594017459094,-0.020991320517682932,0.0,0.00013607771140383695,-0.00965517594348303,-0.010356407501723619,-0.042737076670270296,-5.343511411953772e-05,-0.00011315442537790377,0.00039552796190317485,-0.049693225922123996,-0.025616529154994128,-0.013180915102746493,-0.007858856203581066,-0.05734322464770941,-0.02095197271455318,-0.010093579805961261,-0.0009064415284198435,-0.02175213485989852,-0.024637066391541285,-0.061564565661583026,-0.02774042290081835,-0.016766047161405506,-0.025084755041821283,-0.01178936013714188,-0.037895260309361634,0.01827083783832978,-0.013358167131301613,-0.0051878888241634336,1.6909540579868043e-05,0.03108305987679555,-0.0005538105061612675,-0.0005395405157331279,0.0,1.1102230246251565e-16,-0.09616718457939355,5.759870054244942e-07,-0.0312929734113338,0.0009241120671081848,0.01084777525171604,0.018160929618677768,-0.017195457926137248,-0.01703201810021382,-0.08210704604753893,-0.031110648947289543,-0.007798744635076349,0.014591919060306324,5.551115123125783e-17,0.0,0.0,0.0,-0.1037499318004757,-0.0005642455948874359,0.0,-5.6297397776905456e-05,0.0028807188451314136,5.551115123125783e-17,0.0,8.412466081758607e-05,-0.011510045833732607,-0.011685373438060642,-0.0013653759472019855,0.0,-0.009829467080342547
-0.05080150182379073,0.02603618708339317,-0.0197515522513812,0.14487465110072933,0.0024275972229421128,-0.022090548356301365,-0.026243890328159214,-0.03340210071004013,-0.02341468323106577,-0.0019171910139155757,-0.018688667415373228,0.0,-0.013768221451924911,0.00396604738881573,-0.000367361708754288,0.0008254996985659346,-0.007383059407012393,-0.018619176663285608,-0.024811533323513657,-0.039814763884742144,-0.03683176743260397,-0.03635034951044064,-0.04448974978170539,-0.026109468742728348,-0.021410247516968628,0.016855266728185103,-0.03239834233469202,-0.0007448262431943298,-0.028841470462952823,-0.001054310565254346,-0.00977326675052509,-0.013752547652053415,-0.0532652092406069,-0.02255556260427985,-0.00977382098261148,-0.018835276649685928,-0.030947166509017854,-0.025656900137175198,-0.038321042706619735,-0.04123911140203662,-0.07669788326084909,-0.0009327076604259132,-0.054086418177368256,-0.04166902090233457,-0.05333504927536692,-0.06148609942073813,0.0014946696282659988,-0.0002823364187798383,-0.0007252526689188743,0.00021472259325089338,-0.0010744348743707,0.0013230545415034989,-0.0006291409550831517,6.0454136318943696e-05,-0.047961358758386696,-0.0006365057412361375,-0.052525783365161116,-0.032554242064557704,0.00019366256148128924,9.418947097772357e-05,0.0014850584805514155,-0.003292127882066842,0.009015847191507553,-0.0006524164155501944,0.0003116307261630258,0.0016754982835356924,-0.0006370833289788824,0.003040926975997338,-0.030140430504101035,-0.018157560492146063,-0.03446560857265424,0.00031418272708666484,-0.03544984653282862,0.001025705971044455,0.0,-0.06242441184174069
-0.01724154602423239,-0.0015500669839577097,-0.015683302454107317,0.01355351105150876,-0.0357533371883309,-0.0215251760009752,-0.06801585743706279,-0.02461351964706754,-0.017409586007042233,-0.025258202371545635,-0.015304594017459094,-0.013768221451924911,0.0,-0.029379190954662793,-0.006349739930955778,-0.014999827690859724,-0.017656366405763624,-0.02026691149064941,-0.014772717609892405,-0.02427173947764316,-0.00899925943765656,-0.016951789705168474,-0.036129780400257494,-0.018601220798069806,-0.01924058610319329,-0.020372470858546876,-0.03339893040311964,-0.035091309358643075,-0.04074219920597799,-0.03381166230288912,-0.014307507148139775,-0.019743279356003784,-0.009265899829842827,-0.01606365253265435,0.009527950345348257,-0.008562294245670898,-0.006437413972400385,-0.05371641937691518,-0.02421004825280959,0.004632008701400903,0.04883019480507106,0.07002622531411717,-0.005478402080656697,-0.0036569178963387072,-0.0020821107703251074,0.0007091349411140202,-0.014062585133292671,-0.01579248411541123,0.0,0.0010409663455410723,-0.0206771584538612,-0.0060755227029334335,-0.021620453731455713,-0.016953806827840756,-0.024542851914086727,-0.05287930754518938,0.0010067011976878648,-0.0007050869586037178,0.0008109219090001174,-0.006650144586137441,-0.004307107189985393,-0.0002276277658233572,-0.010470348489174941,-0.05018700893125333,-0.003323192460217339,0.0002898810464219137,-0.007125581296043071,-0.019209476449473628,-0.000978379648522043,-0.014797759659546272,-0.015745243673867426,-0.028179854705581986,-0.00242810759762746,-0.01164397409551321,0.00011366930410272591,-0.013983643627669518
-0.001369570207191917,0.00011198760955782872,-0.05465399467353782,0.016033161334728152,-0.011892325774145451,-0.04514341207509509,-0.03548053295712883,-0.01564182530636621,-0.060477147746875626,-0.10446481842378524,-0.020991320517682932,0.00396604738881573,-0.029379190954662793,0.0,-0.0007452069804242956,-0.00030911383254034197,-7.7395930437818e-05,0.00011037668351243646,-0.02752376051721961,-0.0006535666870056134,-0.00570738247508723,-0.00058641369132445,-0.03853758689027842,-0.06772167883397023,-0.0004192961948942253,-0.03952636573285151,-0.0642412241127085,-0.02418935580328757,-0.0008448319523443604,0.0001283442463673734,3.596534678196317e-05,0.048141342834660594,-0.005134514317363892,-0.002586758870124717,0.001091280407886197,-0.01044267708593341,0.021411157774537892,-0.03850470833664954,0.004717625466518716,0.0,0.0005250032768571167,0.000956208758756294,0.020068385269778943,-1.6579778792102928e-06,0.0,0.0,0.0,-0.013402572958636283,0.0,-0.004580202272331968,-0.02863989733124722,0.0357475769437286,0.022253122942440196,-0.022249533549253353,0.0,0.02173214528200701,-0.00020546789795755638,0.0015110676591917338,-0.05695139625577972,1.1102230246251565e-16,0.0,0.0,0.0,0.0027514676320251064,0.0,-1.1102230246251565e-16,0.0,0.005790784259915194,0.0,0.0,5.551115123125783e-17,-0.007618449754405232,-0.008329564649752763,1.1102230246251565e-16,0.0,5.551115123125783e-17
-0.026661299596392796,-0.017441985158045126,-0.0016987099402239747,-0.09574152441653005,-0.0003784949723365516,-0.03247641420087172,-0.0015121672779853101,-0.024371761289225358,0.0018401726527208506,0.04218184411195808,0.0,-0.000367361708754288,-0.006349739930955778,-0.0007452069804242956,0.0,-0.01898856599111637,-0.005610840415531948,-0.042677551039917994,-1.1102230246251565e-16,-0.07489212283871799,-0.02949300491246254,-0.06165552127959928,-0.06567928781361665,-0.0755674398178956,-0.037255583738288134,-0.061447961237105386,-0.08708852383619597,-0.008920095226176095,-0.02950070947931649,-0.0037835859943722294,-0.04398726967093286,-0.03164904092117382,-0.04161982392949504,-0.04144777968113267,-0.02682427163943535,-0.01076992321900877,-0.029353723018253786,-0.02252819425862318,-0.03626558289188253,-0.06472744436349737,-0.03208152709218415,-0.038857172001698526,0.011689518126208998,0.00011748020279317428,0.0,-0.0032794520177123476,-0.027268088675633184,0.0001237059882886471,0.0,0.0,-0.009577537930230251,0.002433672392040176,0.0021828725529041693,0.0006050334572805238,-5.551115123125783e-17,0.0,0.0010244296917397144,0.0003337328318913646,-9.441900105877643e-06,-0.06726127290286116,-0.008890056294482251,0.0005251484152645758,-0.019597246369604027,0.0,-0.13710100059748226,-0.0341391994926869,-0.04457019518297578,-0.024367514649542454,-0.00012589664560536118,-0.01475640671901135,-0.012739278672291854,-0.06508398952419092,-0.022477922844425013,-0.013078302590242286,-0.03476902787091096,-0.037686947281752314
-0.035448100699863816,-0.02194165298339057,9.594318138506086e-05,-0.0004309016022983059,0.0017326946913464036,0.00016253889548101252,-0.013956483313729562,-0.020677176818893306,-0.012614187064039883,-0.013144893989620432,0.00013607771140383695,0.0008254996985659346,-0.014999827690859724,-0.00030911383254034197,-0.01898856599111637,0.0,-0.010426031522035917,-0.024827850230642712,-0.0001387044539459259,-0.04038113714500696,-0.02528284702585326,-0.028322674122535696,-0.021403358391909877,-0.018695936451938122,-0.026239675112069982,-0.03282329733503225,-0.021951314231140828,-0.018431676941362496,-0.034804670788405434,-0.030332047553467134,-0.022476818685794042,-0.01301030794023006,-0.04267494407384931,-0.02808408750486202,-0.024094215975030364,0.0022330241441715915,-4.596924652211509e-05,0.001943274218418889,-0.011696346630337029,0.008638599084966392,-0.0033725292420929143,-0.01711479332881738,1.2311517336216493e-05,0.0,0.0,-0.04398274409044789,-0.030477315701613772,0.0,0.0,0.0,-0.0007136583222126514,0.0005612320725141839,-6.219657984868343e-05,0.0,-0.014901797455475985,0.0,-0.02059588691694908,0.0059299875919652245,0.0,-0.010520747386696783,-0.006211033346421757,-0.03589758717107089,-0.012342966822905255,0.0,0.011564482079020388,0.008081285529476456,-0.014422352703128138,0.003216627079540346,-0.00279503775405493,-0.014302353567739012,-0.026606867858967487,0.007782839545320885,-0.004337114671380815,0.01341637867611356,-1.1102230246251565e-16,0.002134975653781346
-0.0035225757592464157,-0.003957438774760902,0.0005464781293534893,0.020047861746379236,-0.015889367310033153,-0.004626380560313614,-0.025215236034061173,-0.0005818665871470396,-0.014709832780377408,-0.009232107381588306,-0.00965517594348303,-0.007383059407012393,-0.017656366405763624,-7.7395930437818e-05,-0.005610840415531948,-0.010426031522035917,0.0,0.005852013774990228,-0.019534796626710482,-0.010818473381704774,0.0009471642180438056,-0.005575875557382426,-0.021024084186424263,-0.026652337440748797,-0.034280228291507675,-0.01946213195783736,-0.012383862964507109,-0.01041903363704888,-0.003977310597713668,-0.0026140582003096324,-0.013008932706563558,0.004042248838298346,-0.025772408375239808,-0.01598199335469902,0.01728842175412193,-0.003269002183377001,-0.0003704460330872239,-0.020098756086314395,-1.4744208130190728e-05,0.00011869748751236475,0.0003577473845605139,0.0001993165504962091,-5.551115123125783e-17,0.0,-0.06259937148998163,-0.0022485717966702623,-0.00033673190408228804,0.0,0.0,0.0,0.0,0.0,0.0,0.0,-0.02262925262460569,0.0,-0.024194684033377045,-0.0013410160979054342,0.0,1.3614010518858688e-05,0.0009192815113981956,-0.008769174594165985,-0.011666224218598642,0.0,1.1102230246251565e-16,0.0,0.0005870862136414523,0.0,-0.031083880579760303,-0.018342133086619083,-0.030853504298158696,0.0,-0.0009145127648691465,7.419620155457718e-05,0.0,-0.0192779982215458
-0.05139021294568408,-0.027940383769006538,-0.0028076457684826917,-2.819542691606669e-05,-0.004547407140824633,-0.0008972388679537313,-0.025332130282806953,-0.03800869267775664,0.009736803150581841,-0.013614552352316067,-0.010356407501723619,-0.018619176663285608,-0.02026691149064941,0.00011037668351243646,-0.042677551039917994,-0.024827850230642712,0.005852013774990228,0.0,-0.00193045791756713,-0.025736358356938938,-0.019349234944987526,-0.02525655356897255,-0.022317893746786555,-0.0566076427746533,-0.04208001236419989,-0.0397601422249631,-0.014239785164619989,-0.021841756236539556,-0.011046120745667576,-0.019875815890650683,-0.02488800467967145,-0.014650075783010752,-0.03964098110252601,-0.028688520604712442,-0.009241192124823605,0.0008795591146368853,-0.00021789010597333958,-0.04925926470028119,-0.0062814703621208445,0.0026793337498792202,-0.016668440597398415,-0.008399920947044115,0.0,0.0,0.0008499293137751995,-0.05476510309462457,-0.028631013811756423,0.0,0.0,0.0,-0.0011005762544231135,0.00031132821244506115,0.00021612970724721459,0.0,-0.01614017332602763,0.0,-0.027052317738942233,-0.009071896733070683,0.0,-0.015693811607171648,-0.013816587289660065,-0.013596681512010045,-0.022880369855317884,0.0,-0.0016058912495495736,-0.023619002898326358,-0.01050246556889467,0.023764585746442024,-0.047571392635494536,-0.02441022419314509,-0.03442123599618463,-0.000969343144522794,-0.0082036754616589,0.013821388667414669,0.0,-0.017429197860581835
0.0,0.001208377820594797,-0.06557350253785399,-0.043274911752000766,-0.04062210472582234,-0.04221787787646425,-0.029565404954904173,-0.009550624559216292,-0.04599844215360896,-0.03347235925750863,-0.042737076670270296,-0.024811533323513657,-0.014772717609892405,-0.02752376051721961,-1.1102230246251565e-16,-0.0001387044539459259,-0.019534796626710482,-0.00193045791756713,0.0,0.0003514156845592642,-0.00033365344356089954,0.0014141626895053938,-0.0878003801226871,-0.02941656270610632,-0.01217815188015009,-0.007844008386714563,-0.06297118403018254,-0.017357691564585942,-0.0012434084226524145,-0.03151075480030241,-0.01790334431485291,-0.034660785947659534,-0.03168642591722226,-0.021059530324393727,-0.016136143875396358,-0.03178593673206953,-0.022477969999968983,-0.03619444764486163,0.026972202538638856,-9.13098659814926e-05,-0.0720869057419532,-0.0016473883649216758,0.027817009251246527,-0.0014751515523665493,-0.00016318431235451403,0.0,0.0,0.005251763722503022,-5.551115123125783e-17,-0.05863955196922971,-0.029835274030967418,-0.01183467731933896,-0.00912833011403591,-0.014015749417222056,0.0009413619360580938,-0.19778003978622494,-0.04113760573902414,-0.03681789989679607,-0.02391413404613324,2.220446049250313e-16,0.0,0.0,0.0,-0.17345192646881302,6.386855355183796e-05,0.0,0.00011489199417552554,-0.002819401327687321,0.0,0.0,-5.551115123125783e-17,-0.017664866262507406,-0.036592169343646896,-0.002196158359707656,0.0002201905590565323,-0.047632329445234045
-0.03738421326548197,-0.0018972782878452499,-0.02091223826281907,0.0019777113422027037,-0.02654556359675936,-0.03454517138779151,-0.024940994026942498,-0.018921204208649123,-0.027013441061579213,-0.01459899320475,-5.343511411953772e-05,-0.039814763884742144,-0.02427173947764316,-0.0006535666870056134,-0.07489212283871799,-0.04038113714500696,-0.010818473381704774,-0.025736358356938938,0.0003514156845592642,0.0,-0.04227970967805483,-0.038124341510893445,-0.11209665388351267,-0.05629561224528418,-0.01954888029833829,-0.03830813460574567,-0.044027494026368796,-0.015477436023829783,-0.04798981128923663,-0.00303755075525447,-0.025327985557949906,-0.025356350352825074,-0.027654948031505255,-0.03269370023412088,-0.01812188886501742,-0.006837089878880709,-0.019594020116728172,0.005432514916137943,-0.027460531970149082,-0.016946146531211514,-0.01937638929797858,-0.0194826807875364,0.022555975004950157,-0.000687701223428594,-0.019749279102271866,3.3166236322990095e-05,-0.009441808383168715,4.1590333508811916e-05,0.0,0.0,-0.009286942888090732,-0.007171731378523338,-0.02346752993669632,-0.001216583035708263,0.0008086818549781216,1.1102230246251565e-16,-0.02713532770628202,-0.00028006852166284624,-1.1102230246251565e-16,-0.026185146521921054,0.013594153208777437,-1.958496703324819e-05,-0.021807976792826533,0.0,-0.02340903391737853,-0.028910826111515908,-0.016864400039133753,-0.024591790984084372,0.0,-0.009836365985825324,-0.02349718480395996,-0.02099557616982234,-0.012028285626351498,-0.014684790650389301,-0.010061140239201516,-0.02379672360884566
-0.02952641050358612,-0.019024916188505048,-0.0020415782864698917,-0.00018556529243179964,-0.0010784581196108811,-0.010389579820075323,-0.0009448795146368427,-0.032919135474628936,-0.0013288884480491259,-0.002545809061338833,-0.00011315442537790377,-0.03683176743260397,-0.00899925943765656,-0.00570738247508723,-0.02949300491246254,-0.02528284702585326,0.0009471642180438056,-0.019349234944987526,-0.00033365344356089954,-0.04227970967805483,0.0,-0.023201443611587103,-0.05490920961729978,-0.05990633005919255,-0.026805159844067727,-0.041156782741723685,-0.05120413191157097,-0.030121792149746418,-0.013320392741175247,-0.016229185988316464,-0.028052020773527364,-0.03442710892937079,-0.02424926853455467,-0.03491846915472829,-0.029829659123680463,-0.0024478753726939195,-0.0004041456973791768,-0.04445885795575283,-0.04845307793633791,-0.03182188150303,-0.04710888182973327,-0.05192079874542793,0.0028487967538312065,0.0,0.0,-0.06442491380487997,-0.05379084934767797,0.001990565086224305,0.0,0.0,-0.004166916179593638,0.0003238898505613097,0.0014875644250291753,0.001235507384931278,-0.0006438671378590777,0.0,0.0005195836471399429,0.0015880599624848446,5.551115123125783e-17,-0.020983854435713933,-0.02885640794957034,0.0,-0.0005198126410428938,0.0,-0.03297008560099157,-0.053625956372511496,-0.03895687196858566,-0.03388903014813138,0.0011162898055601111,-0.025634214876359585,-0.0166392251844788,-0.0246732047480947,-0.03218153771799237,-0.026862835421986975,-0.03739429369049585,-0.044035762677383405
-0.03692167547064934,0.001870598667734702,-0.03901023648337015,-0.0028901187262330152,-0.02697285743665806,-0.030780691005725114,-0.01920945998863316,-0.0059956938733817244,-0.029812478720598223,-0.003902722888612098,0.00039552796190317485,-0.03635034951044064,-0.016951789705168474,-0.00058641369132445,-0.06165552127959928,-0.028322674122535696,-0.005575875557382426,-0.02525655356897255,0.0014141626895053938,-0.038124341510893445,-0.023201443611587103,0.0,-0.032185400592542934,-0.032895588430434386,-0.023156035697175115,-0.02677757906092032,-0.03690045967321115,0.005448314641021079,-0.027501011617998006,-0.010728751597874342,-0.023698645039727684,-0.023126157179034545,-0.03203617480003418,-0.03022234987953276,-0.0181198987036581,-0.0009367581754599064,0.005229076826716583,0.004907719681589762,-0.013869421582803132,0.006893585299028615,-0.008677343076313626,-0.012230511180857384,-0.026323992797045503,-0.004443109265987066,-0.022750584515438488,-0.05231970000111291,-0.017897800111534523,0.0002599804143930684,5.191985109842534e-06,-0.0001334857740663553,-0.011426023813312314,0.015398754985942176,-0.010617066021380683,0.0005411012392843584,0.0006717027684136623,0.0,-0.015559496920205862,-0.005081207344660832,0.0,-0.011983249340683011,-0.004365088080200252,-0.009878875011076593,-0.00551352331053806,0.0,-0.022477040293488626,-0.01970913964844534,-0.005513491855554442,-0.019406680401597765,0.002004052732543282,-0.00851688410581164,-0.005491544267790471,-0.0091727493081602,0.004878249464862261,-0.012820764491341008,0.01206839853548991,-0.004069093391858236
-0.041532990291473504,-0.026251518905638205,-0.07088267585096925,-0.038933126887011726,-0.04535473828318537,-0.049371713374544435,-0.04486102172577078,-0.03711470888222956,-0.05152235035478747,-0.042316522237517806,-0.049693225922123996,-0.04448974978170539,-0.036129780400257494,-0.03853758689027842,-0.06567928781361665,-0.021403358391909877,-0.021024084186424263,-0.022317893746786555,-0.0878003801226871,-0.11209665388351267,-0.05490920961729978,-0.032185400592542934,0.0,-0.06696548378399464,-0.034815815934356786,-0.04584732843680178,-0.07835432745427984,-0.03385815852415608,-0.03465308917676718,-0.02965718324472022,-0.022346521199467284,-0.037336669668886935,-0.04839195639143118,-0.035081708295765346,-0.027535502872664153,-0.03510362440836179,-0.028605677686629694,-0.035702956204965164,-0.024323224498886353,-0.017535276934949884,-0.017142801973257016,-0.012955550135727134,-0.022940913539156726,-0.0747575443364672,-0.07133822155179342,-0.0006651189842810101,-0.02071007141122988,-0.021435031139801164,-0.0009488499182931376,-0.001984042585082668,-0.019437396480551372,-0.004516282838264218,-0.019545516097830118,-0.024993419116018822,-0.022628666640379047,-0.00011571048723374444,-0.03901494198318839,-0.01015066050362512,-0.007082872612246827,-0.03116403192747752,0.007429878395394995,4.764259828021755e-05,-0.001376512314306244,0.009407000093196727,-0.03135516472214522,-0.03503534172890649,-0.02821391493476344,-0.0328527486706105,-7.618672063497423e-05,-0.01954872406494912,-0.02530354079175451,-0.023010541099980242,-0.017682964673637613,-0.01731912649597972,-0.02109422259076138,-0.02094416801520338
-0.05507290096242301,-0.009474968787756943,-0.0057770764278212705,-0.0007220254063984854,-0.014412749386255974,-0.021456105023246297,-0.023669478237357433,-0.046367645970902926,-0.025268595063854926,-0.033896712664052975,-0.025616529154994128,-0.026109468742728348,-0.018601220798069806,-0.06772167883397023,-0.0755674398178956,-0.018695936451938122,-0.026652337440748797,-0.0566076427746533,-0.02941656270610632,-0.05629561224528418,-0.05990633005919255,-0.032895588430434386,-0.06696548378399464,0.0,-0.06332084249734066,-0.020305761811285794,-0.06987272852813203,-0.021980419412347962,-0.007497448302799248,-0.0003904272020298638,-0.026485234501030852,0.0024409450802782007,-0.008456589519618057,-0.005159022807663616,0.035989711710036176,-0.039236214537871794,0.002316245324676225,-0.018828230031406268,0.043373343073924486,0.05064654218135467,0.038299763160647204,0.007470436592390772,0.0006525395380281296,0.0001113132751502377,-0.023874027123028607,-0.08446899318078654,-0.018081993564348864,0.0,-5.551115123125783e-17,-0.00018817953497679563,-0.00011520051033475642,-0.00035005824816713993,-1.6653345369377348e-16,-7.324877819797626e-05,-0.04644869085692799,0.0003384239149432089,-0.05809747718359187,-0.003229900327270052,0.0,-0.0015847944526439228,-0.013805784461965398,-0.012136002000141477,-0.03538063171518846,2.293204381420555e-05,-0.0007123862348807908,-0.0009724012701139428,-0.004496388913558136,0.0006174945771863505,-0.04867125224044261,-0.04724924593033464,-0.04735450465521046,-0.00014745729422788179,0.0032817822880698566,0.00025445863495116017,0.0,-0.014021274573606912
-0.02984668964111442,-0.032378191374322185,-0.0013772301618831806,0.0006683554428376648,-0.023608977821584998,-0.016859628241438884,-0.019952599998529996,-0.037736852245738306,0.008893188337359137,-0.029786071144416726,-0.013180915102746493,-0.021410247516968628,-0.01924058610319329,-0.0004192961948942253,-0.037255583738288134,-0.026239675112069982,-0.034280228291507675,-0.04208001236419989,-0.01217815188015009,-0.01954888029833829,-0.026805159844067727,-0.023156035697175115,-0.034815815934356786,-0.06332084249734066,0.0,-0.02270229071085761,-0.021985146389847887,-0.02104001283887047,-0.006735943517547138,-0.019103031400662995,-0.02949935021443484,-0.01403287150387994,-0.031395215361156636,-0.031045106144638512,-0.0011411978731415418,-0.10088870543209733,0.0003440489559080051,-0.024621710283235565,-0.006671648735871949,-0.000679953920373233,-0.011603649527280269,-0.00408118678574626,-0.0011118552270401039,-5.551115123125783e-17,0.0018001588453065986,-0.03955190187637925,-0.021206084913694967,5.551115123125783e-17,0.0,2.220446049250313e-16,0.00367115256054118,0.00100755509545708,0.0010478512096923631,0.0004476202808304519,-0.019938813551701406,-0.00032245259074537014,-0.024911472836117166,-0.004320659954364703,0.0,0.0029548821948545134,-0.00048075091081983823,-0.009641334822562964,-0.02610882611670562,0.0,-0.0009067337399858988,-0.024547161149736207,1.7770809781880725e-05,-0.018512510103775803,-0.058554388599268814,-0.024133315384949172,-0.031245042503207032,0.002543218903931499,-0.003096664232135171,-6.65136235982744e-05,0.0,-0.014929166961737073
-0.03892429887648802,-0.015265241046195643,-0.024132635546039005,0.0012094589726238114,-0.00826094158594376,-0.017787819008403094,-0.01941591811327409,-0.04263240934259316,-0.005037250004703286,-0.010425761689179525,-0.007858856203581066,0.016855266728185103,-0.020372470858546876,-0.03952636573285151,-0.061447961237105386,-0.03282329733503225,-0.01946213195783736,-0.0397601422249631,-0.007844008386714563,-0.03830813460574567,-0.041156782741723685,-0.02677757906092032,-0.04584732843680178,-0.020305761811285794,-0.02270229071085761,0.0,-0.0462534840376459,-0.018427403972056777,-0.017269151239646174,-0.0015356715147763489,-0.02577622673290736,-0.023674056639851115,-0.032566151869588555,-0.03180421834619812,-0.02534474275622961,-0.03909629632258854,0.0013835565622975499,-0.01874091705705111,-0.010356502958719316,-0.007151299323570448,-0.0018361113579509758,-0.005075807160460022,-0.005606225008328414,-1.3676513684612868e-05,-0.056131962266713686,-0.04502957988215639,-0.021039625113432325,0.0020064460143709995,0.0,-4.146974197055675e-05,-0.020583652374668526,-0.011284638902267219,0.0018297999681733401,-0.0019772401240404913,-0.027353208877182178,0.0,-0.02803129996893461,-0.01455090506220319,0.0,-0.006979112464357562,-0.002259230860725603,-0.014029385399188521,-0.029143014106670306,0.0,-0.009446667958346922,-0.022281010895647047,-0.013571761970146867,-0.011119096303390641,-0.04386125192416829,-0.03069437092982147,-0.02279379969094153,-0.01082031936197414,-0.01737389024071051,-0.018796392344391122,-0.000425947260395132,-0.01086249208006873
