0.0,-0.015974865791112625,-0.001333248830227729,0.0,0.00043901401111900995,-0.05074495676579044,-0.001299351449599917,-0.09230776611105268,-0.04634949957105228,-0.0004677651727736931,-0.00023612956927859807,-0.01738886315378807,-0.0050969422632941574,-0.08582250076003711,-0.06525237755567131,-0.0007820206051361023,-0.011746843212549207,-0.002883657400647055,0.0,-0.04795124197901868,-0.098769833425225,-0.030914840914372965,-0.10841920346550393,-0.0673967466562953,0.014031534683924318,-0.021393589350536923,-0.07752223602367564,-0.041065228661508135,-0.04157928254619947,0.0009834801992164022,-0.027795778168415053,-0.022231265027284786,0.005850380536746469,-0.0242525961146699,-0.002893463802086549,-7.594802465205053e-05,0.00046110253614928265,-0.0561158609980954,-0.03400885782435825,0.04335594713945773,0.007166021059481498,0.0014777815269710892,4.600989929826049e-06,0.0,-0.0002945055669020258,-0.03900835295737565,0.013960666886696782,0.0,0.0,0.0,-0.016200598133395694,1.1102230246251565e-16,-0.0009823325737782773,0.0,-0.00045576716719414323,0.0,0.00030571477034790906,0.00020722652783400353,0.0,0.00032765636752063454,0.023175195247151115,0.06726311830821258,0.021898584877815763,0.0,-0.0018148419156710505,-0.027454282167513666,-0.007307701343828132,0.0015479373028675636,1.551440442654206e-05,0.025833114160905224,-0.008030523495863418,-0.0002927824916538757,-0.00025740901066012567,0.00765146890565499,0.0,-0.0004521340666323037
-0.015974865791112625,0.0,0.0015022829683415395,-0.00016101503425230979,-0.005946830691929028,0.009911294024007034,0.009251109053009576,-0.06780315580050311,0.02025832807978195,0.029702187730927698,-0.00021099015953401912,0.04409582147585839,0.011918408472288478,-0.00045171819833317306,-0.04660632741614057,-0.003527581301744076,0.009513885736381122,0.0058149355548060555,0.0012899089936843078,-0.013316179407204198,-0.05775831428483369,0.001945146936630282,-0.05557987376648954,0.015137283955715897,-0.006050886298361591,-0.01106734325137837,-0.015061272641786305,-0.007124572977552479,-0.002342133538940694,-0.001631591355939932,-0.006408396679504658,-0.005461511967886579,0.01881342056669183,-0.004636053553309705,0.00974615228959802,-0.002616781834131443,-0.0002616070236324264,0.0,0.014484659085321427,0.0315564758409802,0.015320793441193137,0.023916355088954067,0.0005742077906498722,0.0,2.220446049250313e-16,0.01845805916590959,0.040301647015298925,8.220278412685023e-06,0.0,0.0,0.000260248645157779,-0.006797328448432283,0.000485088337954076,-0.021979361274818532,0.033830333035796745,0.0,0.031028217905336053,-0.0096863813248671,0.0,-0.023332832862010877,0.0390951991081151,-0.01102447275457391,0.0103645575176739,0.0,-0.0013315790203088373,-0.057926417812192765,0.011716230372046943,-0.027491536479016976,-0.0021684994950366687,0.040979946128307465,0.015297480965943744,-0.01352461348451195,-0.022974923131309,-0.0023911361133297504,-1.1102230246251565e-16,0.015005060938329706
-0.001333248830227729,0.0015022829683415395,0.0,-0.01823528904141919,-0.020678641953526478,-0.03374628656627271,-0.03235404239618894,-0.05102489861371817,0.001403936640311465,-0.006154611819175038,-0.03950204602248297,-0.0015295762987604378,-0.0259146149671296,-0.03980144064319607,-0.0006790188120799345,-0.0003522189916952412,-0.0004840635617150979,-0.0015397651590997041,-0.017572168844496028,-0.0008557646929415741,-0.045141292704060365,0.002192390197165772,-0.032170493948526,-0.0014044245129103405,-0.020703647488790833,-0.002675770321840243,-0.020008911393949558,-0.024880048278998812,-0.003621776741662308,0.0010901584291414523,-0.019073714517044205,-0.028948086524276107,-0.00012117065457994958,-0.016730643693175506,-0.0031847086841050865,-0.037996385617777295,-0.023975897404773072,-0.005431894708914642,-0.08783491228104473,-9.42302800233108e-08,-5.86724699624952e-05,-0.04844038066398759,-0.037542679073259366,0.0025632378565045855,0.0,0.0,-0.0003212702870927786,-0.1393974011428899,1.0333946364182722e-06,-0.06262337815523905,-0.053668268624245064,-0.042609311342283684,-0.028040842030711444,-0.05965275398844749,0.00034368329285100474,-0.13368615309523996,-0.001284890117677906,-0.05671856604216169,-0.23651915094766485,-0.00033626264000846673,0.0,0.0,0.0,-0.12366493297860673,-0.00023422344827078723,-0.000574191317502748,-0.0005124694029218779,-0.053231296625484426,0.0,0.00013877486283858653,-0.0011357763417632616,-0.053259776702590245,-0.06054297838217193,0.0009546069109855337,0.0006521658060961721,-0.006532923035627913
0.0,-0.00016101503425230979,-0.01823528904141919,0.0,-0.004297677351815077,-0.026389495257028273,-0.009438690868272148,-0.0005885632028445054,-0.01096058336532596,0.003429250317370458,0.006917390231691967,-0.006161538934951194,0.02162569177064222,-0.02252825995561314,-3.875133053388158e-06,3.7471041814063355e-05,-1.343345022775111e-05,4.705757810030686e-06,-0.01609461978552973,0.0008437294173208043,0.00039284557035679235,-0.0014728562573786963,-0.061861588954043256,-0.002084493557840683,0.0005530723475326016,0.0019456691272410342,-0.03770423119945299,-0.0006573582970056391,-0.01313238694101232,-0.00023619507586342126,0.04855582533754882,0.0036996324668175373,-0.04268439792845957,0.027393030233864246,-0.003258276301774332,0.001052623161369226,-0.023900704369995,-0.007956931264411993,0.030495687399493154,-0.0004040693956339769,-0.0003191051306708492,-0.0018477295590083043,-0.0022692843812063823,-0.0013625835042410106,0.0,0.0,0.0,-0.0007147534612964024,0.0,0.0,0.0003902322566543548,2.220446049250313e-16,-1.0769753365502677e-05,-0.000327512838958266,5.551115123125783e-17,-0.01687204486951488,-0.0009262847335816393,-0.00033033201323751094,0.0,0.0,0.0,0.0,0.0,0.0,0.0,0.0,-9.49568328506567e-06,-0.05588773432141181,0.0,0.0,0.0,-0.0594111191825587,0.0016541149476294037,-0.00013846346909135443,0.0,0.0
0.00043901401111900995,-0.005946830691929028,-0.020678641953526478,-0.004297677351815077,0.0,-0.04204050723997088,-0.043116590563889556,-0.03581851493231297,-0.04859400787494228,0.006735244357685577,-0.00577712019296317,0.03646727047829057,-0.06948365295771952,-0.000794922269213183,-0.0005227893021385044,0.014295916213200033,-0.000304402118146585,-0.0029889825436358874,-0.03055855160700599,0.006955831049814565,-0.002098183466044179,0.007309809627148889,-0.05626307178924689,-0.00045530378560143525,-0.005846968705346067,-0.024797797652276854,-0.04236909872392702,-0.004814424215977942,-0.008988413537224405,-0.000134205919236019,0.0029731743702200997,-0.012500278911646234,0.0007657288746707458,-1.7959152424973368e-05,0.008957563045568329,-0.018116548197825016,-0.011116732572649002,0.013571515935250356,-0.04203364355229733,0.000789611632048437,0.00249986539733571,0.0004556901081408382,0.0209959182143451,0.00213737301758532,-0.0004291722150868149,1.1102230246251565e-16,-0.00018868768823332438,-0.03782146618466653,0.0,0.0082936121756092,-0.055227475922066005,-0.04543360691436921,0.000734445274493567,-0.042407157936625806,5.551115123125783e-17,-0.06711292821437237,-0.0003797273540946944,-0.05246589437164423,-0.0021288237858256287,-0.0002865479850869268,-2.364722685876952e-05,0.0,-5.551115123125783e-17,-0.01606122504101587,-0.00019612852051631435,0.000169677791256595,-0.00023430763928494747,-0.054138182956879166,0.0,-3.021136549818948e-06,0.0006291429728297326,-0.05434211952978535,-0.05405157440898395,-0.037956664331046164,1.1102230246251565e-16,-0.001176886531358834
-0.05074495676579044,0.009911294024007034,-0.03374628656627271,-0.026389495257028273,-0.04204050723997088,0.0,-0.03330700866390912,-0.05225157037987466,-0.026666928557577074,-0.0026661063550097452,-0.03220910924633058,0.008708530200901898,-0.0453757508519525,-0.04635094573458831,-0.02120331262890629,0.011564308954591485,0.005115073728642783,0.006180483103884582,-0.00658072309362373,-0.008421982326033195,-0.03365321086016698,-0.002826440715361589,-0.04345183942141606,-0.03931537039259769,0.004113073310747339,-0.02067703205090915,-0.04505658073094809,-0.02735899697058164,-0.028440611423162343,-0.01293011579399267,-0.011729960093536274,-0.03454665846760957,-0.019577666017865314,-0.01645632604908387,-0.002844036183028198,-0.04613616253559355,-0.013494713575007589,-0.0015864822420925129,-0.08084890363884045,-0.011286010078590869,-0.0691320254069473,-0.06213317684143271,-0.045581660385694556,-0.055503821399789766,-0.0018381421007717114,0.010685044323682835,0.01967378734381081,-0.054779747225053244,-0.08030927126212017,-0.0025115009028374713,-0.0628163730911564,-0.06153826536047219,-0.053493642564510335,-0.06304093044159231,-0.05350274887430384,-0.052425993017192474,-0.0014622994571445447,-0.06544247075865611,-0.001987933561791888,-0.037365020292525974,0.014224053595876307,0.0,-0.0009669070034087901,-0.051160461716485195,-0.053066032233958504,-0.034495431196593596,-0.012671731462561009,-0.059796032884233685,3.8828567918647305e-05,0.00312170172826709,-0.0060061721263380274,-0.05881375459141963,-0.07420736509765696,-0.046950466798455104,-0.06945330457228377,-0.07741407720267013
-0.001299351449599917,0.009251109053009576,-0.03235404239618894,-0.009438690868272148,-0.043116590563889556,-0.03330700866390912,0.0,-0.050676065297627304,-0.03048735630041577,0.0018392552618197722,-0.010939389707276648,0.031251063586123284,-0.046175104435373704,-0.04959092660949632,-0.0002357076630902788,0.002757065553828486,-0.002831636030633522,-0.0005194820907288289,-0.01355991619842073,-0.007863138932038605,-0.025115872113342652,0.006145592022861857,-0.04758905631568178,0.0159458508938084,-0.0007318542311789411,-0.005579559902431863,-0.0395043590075948,0.007999827935675996,-0.022012467366977484,-0.011566454794639025,-0.012637459337755896,-0.01300652182317108,-0.019482168245643916,-0.019482363702753802,-0.02534882900539076,-0.03777956898181867,-0.005524071638148109,-5.9417023072605435e-05,-0.07226099082757564,0.051745162777178444,-0.028083110998485594,0.00047410160110106236,-0.030610705967115903,-0.06303645964647248,-0.0010370187002743392,0.0,0.017568773293251738,-0.044136117794757734,0.0,-0.03651558913608005,-0.06248034378669998,-0.05050605475558534,-0.046412207826694474,-0.04458801802457807,0.0003511450731175647,-0.04526851856455838,0.00022992880887567901,-0.05936826539592466,-0.0012243179812769234,-0.033979079483818064,0.0073086923082393285,0.0,0.0003752861367759541,-0.04776743923391635,-0.043955271915330885,0.0004219653808125723,-0.005416085219262623,-0.06005854798633525,-1.4517153390680715e-05,0.020133239734093755,0.00665402957140071,-0.05596200781357741,-0.06119325740756437,-0.044022449648816575,0.0011075824315498473,-0.07061677437364638
-0.09230776611105268,-0.06780315580050311,-0.05102489861371817,-0.0005885632028445054,-0.03581851493231297,-0.05225157037987466,-0.050676065297627304,0.0,-0.03741508176502878,-0.014108097291689936,0.00016461792231237116,-0.030819597968452406,-0.0486243187891085,-0.01646066657632378,-0.11076154871867405,-0.07510732206032189,-0.0002334308843521815,-0.036521849687542796,-0.022883565292909303,-0.048361489965815796,-0.02252996066221641,-0.045872604206971035,-0.04247318478044215,-0.062403436383003885,-0.021508270008296637,-0.044734865380030575,-0.06697163320499594,-0.0408855298993171,-0.02848815525752474,-0.018465155310515124,-0.049470264966191224,-0.03270815755392986,-0.0007329966664975651,-0.05216450499593167,-0.039218259021511326,-0.05199560109027801,-0.003320489914092395,0.001262707289788001,-0.08331368542591111,-0.0013296991880173414,-0.005222779639728892,-0.004330684091948589,0.0016926780153809218,-0.001485938117146035,0.0,9.23731709367992e-06,-0.04305713538973677,-0.02085378686306516,0.0,-0.0018516870178588163,-0.03967444717647739,-0.0472593675921566,-0.04153768295131832,-0.02948383476915062,0.0005530308140488938,-0.030093063062016923,0.00014603655070760668,-0.06126615811495667,0.0019637881929185363,-0.005856025720038238,-0.00013072366498345644,0.0,-0.00010001485823574185,-0.02078205885715556,-0.00323895562358284,-0.05131987194479393,-0.0027322796578415076,-0.0501054745935296,-5.551115123125783e-17,-0.00021965279914659686,-0.0725482347352549,-0.046486919927766324,-0.07672795638111596,-0.02876855910456988,0.0005830074871683855,-0.09268759415467337
-0.04634949957105228,0.02025832807978195,0.001403936640311465,-0.01096058336532596,-0.04859400787494228,-0.026666928557577074,-0.03048735630041577,-0.03741508176502878,0.0,0.00651637916665232,-0.026656901154588963,0.035402581270803146,-0.02761457846217924,-0.020518884622987343,-0.0005593515580159525,0.01770818177820971,0.0001372458816714106,-0.0058015435336544185,-0.019131235496287424,0.0043367654698804325,-0.02139763886707191,0.017524340831163776,-0.03737403244580989,0.014855457943016737,0.0009798052567693283,-0.027351301485103896,-0.02860216894823364,-0.0034998671594392294,0.006179746516178586,-0.017699448177486587,-0.0017908128759375197,-0.02074480271034107,-0.017641678067107647,-0.000872819125438018,0.007056276803522443,-0.01713153732121997,-0.006530788024405598,-0.0008424494402190508,-0.07835782471661723,0.05210641727896942,-0.018356451931349327,-0.01290744637603164,-0.013447459918491445,0.0130829862957475,-0.00191681984037112,-5.551115123125783e-17,0.02313313529045008,-0.02985255333695347,-4.964476287838693e-07,-0.01261573146487771,-0.04899233370651057,-0.03822348540847126,-0.056486322426511304,-0.043432822288718254,-0.0016904343565651292,-0.08446391820502169,-0.0012557551421870095,-0.06117217632822963,-0.024086995615151208,8.195423274715008e-05,0.009626738185267325,0.0,0.0,-0.0322299418426949,-0.03445766609929901,0.0009755443886167448,-0.002081243962776813,-0.0542570022989986,-9.414965245596596e-05,0.02768364471436424,0.00582597428047843,-0.054807583624487066,-0.05689380570299318,-0.04994505902862506,1.1015667155334086e-05,-0.05165646767967652
-0.0004677651727736931,0.029702187730927698,-0.006154611819175038,0.003429250317370458,0.006735244357685577,-0.0026661063550097452,0.0018392552618197722,-0.014108097291689936,0.00651637916665232,0.0,0.014622443652600403,-0.00685189633511657,0.010928260836344517,0.007625368593729143,-0.0011598682494661783,-0.0001224828911814413,-0.02509122593799845,-0.00743945513410188,0.0031229218501189204,0.004290938437642222,0.0008318115407459081,-0.003881456020802976,-0.030136180161443538,0.002347946921871402,-0.004178910407425018,0.018353608562153456,-0.016799462460182324,0.012512871214761856,0.012469620407085213,0.0002869292457938766,-0.008256893736116155,0.01495928753829412,-0.008640736517699088,0.019471338622596868,0.02105409916839812,-0.06744444309998349,-0.03208608324448842,0.004313280638170214,0.006094494935053152,0.03708031261969924,0.013167575782686847,-0.019472068107467988,-0.009273617366265363,-0.001392051647341852,0.0031727519549600847,-0.010692099142867506,0.00010682966678787764,-0.0006603476124923402,-2.8188984099730696e-06,0.0003766832603326331,0.0019452441490782069,0.006653341227492615,2.8503012760083823e-05,-0.0025617637611359267,0.032335733688639845,0.005079395654223273,0.029399684495379497,0.0013945219057916458,0.0,0.0008298152142538484,0.04102937850407873,0.030712984272903976,0.028911661141546696,9.265866791619004e-07,-1.5054692117544288e-05,0.0006717552795264536,-0.0016370382843262088,-0.048915326773253776,-0.015185253340910365,0.03814424090222729,0.02509674127023831,0.0003610918511122163,0.011529969565064857,-0.0010195450092219671,-5.551115123125783e-17,0.015204839602908582
-0.00023612956927859807,-0.00021099015953401912,-0.03950204602248297,0.006917390231691967,-0.00577712019296317,-0.03220910924633058,-0.010939389707276648,0.00016461792231237116,-0.026656901154588963,0.014622443652600403,0.0,0.025492129106683914,0.004188452705143453,0.005684451414835312,0.0,0.00010847124445412248,-0.0010579049860973133,6.157156168135058e-05,-0.030552990528392415,-4.9900541816749744e-05,-0.00015592294091487657,8.9627180234364e-05,-0.02305664361441412,0.03584315937535676,-0.0008590915318504866,-0.0002029052819740862,-0.01848300283954646,0.016699070962985008,-0.0011329335353767456,0.00038035386270585114,0.013026821891461537,-0.027648354496906002,0.008030965341296381,0.00969985032086551,0.0030632419947315692,-0.0066487798760682115,0.0049678171986982655,0.010158752258366432,0.00152017933962173,0.0007564436591044332,-0.0010070774761373746,-0.0009557319334027592,-0.06565052170315955,-0.05569878193001626,-0.0006527272164884579,0.0,1.1102230246251565e-16,-0.0775135874607446,-9.613102719407962e-08,-0.053993242787271856,-0.05789025104937162,-0.034063759833779905,-0.17630235825765272,-0.035037711684290596,-0.0006262804057670102,-0.06561532168426393,-0.0013196962853103122,-0.05722699153227506,-0.1306509240569022,5.551115123125783e-17,0.0,0.0,0.0,-0.10510286943334415,-0.0005668453058014777,0.0,-6.468033127421391e-05,-0.05325673949171911,5.551115123125783e-17,0.0,-1.4040230028766754e-05,-0.03994056710399779,-0.06399322657216266,-0.0013967786133334825,0.0,-0.0002475015131969127
-0.01738886315378807,0.04409582147585839,-0.0015295762987604378,-0.006161538934951194,0.03646727047829057,0.008708530200901898,0.031251063586123284,-0.030819597968452406,0.035402581270803146,-0.00685189633511657,0.025492129106683914,0.0,0.029322462130543625,0.0027078047041423914,-0.0003323799058994048,0.021428645659745338,-0.001005234405411226,0.005156511752009596,0.028168677245603735,0.0034899455364552634,-0.032939690234273566,-0.003312199597121368,-0.02620802482387541,0.0025443987570198945,0.007773488307992571,0.0024716946963571074,0.005289008157329689,0.048017521853568224,-0.023320014785335352,-0.0013185374163388053,0.020807774010092206,0.12049867808362685,0.03364211321098187,0.0544175070174,0.029652956044310064,-0.0009654554287141792,0.0012075483447954727,0.011146295068011902,-0.012979818396701148,0.050194231194956695,0.04655118137304376,0.03235924217764219,-0.0007840119080415597,0.000990406973312985,0.033310857112762104,-0.009195959571902113,0.0013658755056035754,-0.0006084851452057838,-0.0006842573972956345,4.124711302938566e-05,-0.00033372997249547787,0.00027183280606363214,-0.00028194886450588763,-0.00021415278452058262,0.03635723571922439,-0.0012324523700749102,0.016495651880718054,0.03173956283162288,0.0003106419223704582,0.0001147882750325846,0.0434549251631558,0.03589736629103463,0.028010157815060555,-0.0003465593119399424,0.00045331145856297717,0.0013558287754562026,-0.00016759655727260903,0.0018201528224443542,-0.005620310413332552,0.03392949013685603,0.015168919443238948,-0.000748945628991915,0.03498746212439202,-0.00035870651863245673,0.0,0.03093889208882622
-0.0050969422632941574,0.011918408472288478,-0.0259146149671296,0.02162569177064222,-0.06948365295771952,-0.0453757508519525,-0.046175104435373704,-0.0486243187891085,-0.02761457846217924,0.010928260836344517,0.004188452705143453,0.029322462130543625,0.0,-0.03019045158047956,-0.057858953360728216,0.002611767665786635,0.0037969825056113904,-0.0004183548801151571,-0.00499976893455889,-0.01212597613399119,-0.037622795481953075,-0.0008799200324946521,-0.04337353420017265,0.015869201390479315,-0.00031680943574774467,-0.008321002008423117,-0.03921197267270926,-0.03304603245432841,-0.027067430539369053,-0.01144613572096459,-0.021362768652654518,-0.003429942749882009,-0.0023195868674065756,-0.011149316138311105,0.005722485530584409,0.002384187706448493,0.0396262742965004,0.014732502888619992,-0.06562357614261177,0.024387758057740128,-0.005933730992005726,-0.006202975329452853,-0.042262625885160277,-0.004867987799165807,-0.002683500750255363,0.03543157753966697,0.025385554767941243,-0.04844326952335515,0.0,-2.152387226561636e-05,-0.054528836810602443,-0.049307958121937834,-0.03753644215941543,-0.03875079021934319,0.010202943951071963,-0.04084775640481675,-8.679829463364985e-05,-0.057813049609269196,-0.00036750417364506127,-0.03783788051283149,0.01887189628718,-0.00030714421174798945,0.005877272315088167,-0.03792865900924408,-0.052383804949264035,-0.03022551839703047,0.0026678446723197857,-0.05924933059749421,0.02797956261123946,0.017122650941401696,0.013358518292570065,-0.05584527532631228,-0.06345096127960498,-0.05387252052662744,0.0008135036993928146,-0.05951154110558793
-0.08582250076003711,-0.00045171819833317306,-0.03980144064319607,-0.02252825995561314,-0.000794922269213183,-0.04635094573458831,-0.04959092660949632,-0.01646066657632378,-0.020518884622987343,0.007625368593729143,0.005684451414835312,0.0027078047041423914,-0.03019045158047956,0.0,3.797240155811732e-05,-0.0004573269896285259,1.2917218994712432e-05,9.356886544886756e-05,-0.02390913804291145,-0.0004346697796278609,-0.00652834383493478,-0.0005511658165721078,-0.0515470038328531,0.001693522678926418,-0.00015988006877887262,-0.00286460359487678,-0.0732545832470396,-0.11338665885419927,0.0005049043799176811,-0.0002349163145132782,-0.008386542064750035,-0.023958124986646262,-0.0024505571258537917,-0.0019682463702704878,-0.0033050311672553345,0.0060592885598514945,-0.030482085985577112,-0.00023228606202552182,0.005914722181438792,0.0,0.0006488241215546475,0.0008914996621247617,0.0011324373873204396,2.767130420355812e-07,0.0,0.0,0.0,-0.004591776968541961,0.0,-0.00416679077915777,-0.0011750646157270284,-0.001720367370490694,-0.0007324570732490376,0.00019700940835976066,0.0,-0.06251476640065351,-0.0001447407820818758,0.0016859306731493717,-0.0028930607283447762,1.1102230246251565e-16,0.0,0.0,0.0,-0.004367918275248184,0.0,-1.1102230246251565e-16,0.0,0.0009172841207724658,0.0,0.0,5.551115123125783e-17,-0.0007675726314159692,0.00022617890579879063,1.1102230246251565e-16,0.0,5.551115123125783e-17
-0.06525237755567131,-0.04660632741614057,-0.0006790188120799345,-3.875133053388158e-06,-0.0005227893021385044,-0.02120331262890629,-0.0002357076630902788,-0.11076154871867405,-0.0005593515580159525,-0.0011598682494661783,0.0,-0.0003323799058994048,-0.057858953360728216,3.797240155811732e-05,0.0,-0.02340122007989609,-0.001018263931564567,-0.014889217091225093,-1.1102230246251565e-16,-0.022415330252961385,-0.024120614775570093,-0.05948076933769919,-0.011648793182891248,-0.03807676421290679,-0.016665012138581792,-0.10921234976224775,-0.020092631750810386,-0.05000123941040796,-0.025468655430521958,-0.0018217152964148386,-0.028677835043554534,-0.04354440691345135,-0.016196067452304896,-0.03380607118275519,-0.030540512384315155,-0.04084370070422816,-0.0022759859484371425,9.889505118798603e-05,-0.05357551987106013,0.01411520887843487,-0.00952521572698789,-0.004775343123901821,0.00290299197401378,0.00040253326623668206,0.0,0.001139614780171605,-0.009888800646862261,0.0003765008749044285,0.0,0.0,-0.018749177999043798,0.0018409172156326759,0.0017747172857397464,0.0004543574361722258,-5.551115123125783e-17,0.0,0.0005272115292986324,-0.06009394567224724,1.57583338955547e-06,0.010031846847447567,-0.0035261116104401413,0.00021729794157043791,0.023248623713683192,0.0,-0.006743001913254609,-0.025054702353433156,-0.008061889331767325,-0.04450106040284263,-4.431446864600064e-05,0.020039878604046324,-0.02003734926856987,-0.05541025649627046,-0.07325043967974815,-0.032609216381112194,-0.0004928916770396974,-0.011989250544089225
-0.0007820206051361023,-0.003527581301744076,-0.0003522189916952412,3.7471041814063355e-05,0.014295916213200033,0.011564308954591485,0.002757065553828486,-0.07510732206032189,0.01770818177820971,-0.0001224828911814413,0.00010847124445412248,0.021428645659745338,0.002611767665786635,-0.0004573269896285259,-0.02340122007989609,0.0,-0.0041629831784251725,-0.03178487043085193,-0.00015737761386985794,-0.018232513037959086,-0.0381745125054756,-0.042670735689687045,-0.05457801709781446,0.020685929073427978,0.007462625114982302,-0.011167361924785402,-0.028901134722137234,-0.014546771696469285,0.002798299583563535,-0.0333590747014445,0.00304520475447001,-0.006036978370781987,-0.0018100644664739707,-0.01334030326628538,0.011035139438825448,0.0008213424780860179,-0.0003758909414666167,0.00172701920270113,-0.021638187365861372,0.02478925041349539,0.019599191762056267,0.015795732083591474,-2.054766506276451e-06,0.0,0.0,0.01725795508702499,0.03618015444150413,0.0,0.0,0.0,0.006986892771962405,0.0005768249101840706,0.0005682440662286847,0.0,0.027660919619664492,0.0,0.027227348024207843,-0.0157312922266164,0.0,0.0008055976731309866,0.03338674639708117,0.023244846664669083,0.027695702951812062,0.0,0.0015873151212337788,-0.016132231343175707,0.008812608426819135,-0.026584547624243393,0.017753763980140447,0.035828128547982174,0.016053747840314492,-0.021614081931312312,-0.04768953759266731,0.0012397972040112948,-1.1102230246251565e-16,0.02034508936351037
-0.011746843212549207,0.009513885736381122,-0.0004840635617150979,-1.343345022775111e-05,-0.000304402118146585,0.005115073728642783,-0.002831636030633522,-0.0002334308843521815,0.0001372458816714106,-0.02509122593799845,-0.0010579049860973133,-0.001005234405411226,0.0037969825056113904,1.2917218994712432e-05,-0.001018263931564567,-0.0041629831784251725,0.0,-0.011086379423216053,-0.00023491995513663655,-0.0002978438696490948,-0.0010285283935619893,0.002211034677755741,-0.0001399042666604955,0.007208502028388186,-0.012114053866937535,0.0035952573401047405,-0.00010328386531283096,-0.004716952172610367,0.015512765086267366,-0.0009773390916917868,-0.0018602035097625147,-0.012391728889568465,-0.020900119881830825,-0.012152358777420214,-0.0038336119530055224,-0.0006809992925344011,-0.00033802820759493146,0.0011740755486643328,-0.04520439384884378,0.009395167601517096,0.012960416116770568,0.0006988797568994731,-5.551115123125783e-17,0.0,-0.011546261488899145,0.020389513536983206,0.04045771184711472,0.0,0.0,0.0,0.0,0.0,0.0,0.0,0.02973242463305531,0.0,0.02733214895719638,-0.000863149140748587,0.0,0.00023757092737053398,0.04329816115210405,0.04443846055602296,0.04728739042015112,0.0,1.1102230246251565e-16,0.0,0.00013438591116970988,0.0,0.019008245050137262,0.04079503202104556,0.03379257614724518,0.0,-0.0016144408606981742,-1.2383190933051846e-05,0.0,0.02463841484446455
-0.002883657400647055,0.0058149355548060555,-0.0015397651590997041,4.705757810030686e-06,-0.0029889825436358874,0.006180483103884582,-0.0005194820907288289,-0.036521849687542796,-0.0058015435336544185,-0.00743945513410188,6.157156168135058e-05,0.005156511752009596,-0.0004183548801151571,9.356886544886756e-05,-0.014889217091225093,-0.03178487043085193,-0.011086379423216053,0.0,-0.0013663800517610403,-0.00951469585804604,-0.02365814304291991,-0.008210868611110478,-0.0462807699577536,0.00708771555058596,-0.01104208833270326,-0.003680902982544587,-0.024956104875104468,-0.020415361748296224,-0.0023056924290409397,-0.036318362693577355,-0.004021012922935108,-0.0043837088271657665,-0.003181949402405071,-0.016451088618399723,0.00021957243534981297,-0.0011451105760350022,-0.00039038439714300655,0.0025138764851947437,-0.0014047681710614435,0.027894941151702657,0.026535009739679316,0.02979135543231687,0.0,0.0,0.001595987534544041,0.02319700323361651,0.044120317840052325,0.0,0.0,0.0,0.020240104071252374,6.897447228004783e-05,-0.00015709551309978087,0.0,0.02714015789459745,0.0,0.023529037300695832,0.002926094623293962,0.0,0.00047532445128051215,0.043755015930756314,0.039486699334327746,0.04675115085388126,0.0,0.03368485986834757,0.0020151412166561355,0.022083558103765055,0.0017527191801759434,0.031082838457213602,0.04199983039762051,0.033904235378739545,0.021185906202012605,0.01047559734028597,0.01912909658919093,0.0,0.0335875444456169
0.0,0.0012899089936843078,-0.017572168844496028,-0.01609461978552973,-0.03055855160700599,-0.00658072309362373,-0.01355991619842073,-0.022883565292909303,-0.019131235496287424,0.0031229218501189204,-0.030552990528392415,0.028168677245603735,-0.00499976893455889,-0.02390913804291145,-1.1102230246251565e-16,-0.00015737761386985794,-0.00023491995513663655,-0.0013663800517610403,0.0,0.00041068141637445876,-0.05073758912224391,0.0012137179743552662,-0.045042575459794953,0.024266410862081755,-0.0011760328462735448,-0.0007450929440356302,0.009762148930138603,0.0034247513977045396,1.3982974174875373e-05,0.000803675878937149,0.0027379639957494373,-0.02094627801827187,0.0029904698328886425,-0.004429850435301141,-0.003893115171992534,-0.02591493074734086,-0.015099989292474525,-0.006229647235685587,-0.05771598047771187,-3.076437566351675e-05,0.0022690696400203825,-0.0026871881472510517,0.0013093321339261443,-0.0018013435375388576,-0.00016147556013035302,0.0,0.0,-0.023540601433982233,-5.551115123125783e-17,-0.006160797798618445,-0.06614231806742482,-0.04916262016788131,-0.010143098330232414,-0.044859658978520456,-1.6361506705253603e-05,-0.18648924462489516,0.00020758068048576384,-0.059611910595917195,-0.007771551163432089,2.220446049250313e-16,0.0,0.0,0.0,-0.0232486916634404,-1.0659528071332858e-05,0.0,0.00010089418816916496,-0.0422542320849546,0.0,0.0,-5.551115123125783e-17,-0.055926321387622435,-0.0007106616706730184,-0.0016798910488408092,-3.6749344000219786e-05,0.000832206699950766
-0.04795124197901868,-0.013316179407204198,-0.0008557646929415741,0.0008437294173208043,0.006955831049814565,-0.008421982326033195,-0.007863138932038605,-0.048361489965815796,0.0043367654698804325,0.004290938437642222,-4.9900541816749744e-05,0.0034899455364552634,-0.01212597613399119,-0.0004346697796278609,-0.022415330252961385,-0.018232513037959086,-0.0002978438696490948,-0.00951469585804604,0.00041068141637445876,0.0,-0.03675836188218007,-0.029973882213749914,-0.05675687799177398,-0.041947626696759055,0.0028170644064007266,-0.01770112852700889,-0.03501496012423955,-0.012896494502217748,-0.028713256127005815,-0.015137734503095579,-0.01910906624794706,-0.04474273944962015,-0.021176393559893092,-0.031473463788013634,-0.027167622167447558,-0.03171321662351623,-0.04948140722618882,-0.04140385426517118,-0.0776763861638326,-0.0001883430340252623,-0.021071080267506037,-0.051918701398092904,-0.055311111559470716,-0.0014529871787711257,-0.0004925785148349737,-0.0012611809254847173,0.012818397816086347,-0.0007188873779441773,0.0,0.0,-0.03569746950495467,0.0022272197500636803,-0.06626090421020414,-0.00123280190902042,0.0006879307118656253,1.1102230246251565e-16,0.0003420150255824539,-0.05826819746553413,-1.1102230246251565e-16,-0.01015537926916843,0.005607366792565238,3.268690055679979e-06,-0.016672148246239582,0.0,-0.03724904399043205,-0.015662834195899977,-0.006005153193435531,-0.06205235379714047,0.0,-0.0006587992900090045,0.009707945691370512,-0.06505685962607244,-0.07653546823308449,-0.046465428146970356,-0.06704145776457193,-0.0400402741487656
-0.098769833425225,-0.05775831428483369,-0.045141292704060365,0.00039284557035679235,-0.002098183466044179,-0.03365321086016698,-0.025115872113342652,-0.02252996066221641,-0.02139763886707191,0.0008318115407459081,-0.00015592294091487657,-0.032939690234273566,-0.037622795481953075,-0.00652834383493478,-0.024120614775570093,-0.0381745125054756,-0.0010285283935619893,-0.02365814304291991,-0.05073758912224391,-0.03675836188218007,0.0,-0.03866923182495319,-0.04338421170652429,-0.07299458495589495,-0.022893026666771343,-0.05826813690100602,-0.04990099526302194,-0.0586533547249361,-0.043149995788555995,-0.03398198680970854,-0.061460771855795515,-0.05858450115808089,-0.040434427281949625,-0.06014438505857661,-0.02707307870981096,-0.0011669860855518799,-0.0008457062325471498,-0.03787771148473368,-0.08828388444909507,0.007924683987671433,-0.027989526247802987,-0.004173763328877422,0.0022478363243955135,0.0,0.0,-0.12546223919370647,-0.007148309544597942,0.0016241035312447583,0.0,0.0,-0.04129088286135574,-0.00022689545413240308,-0.011614610817943904,-0.00042480778819331544,-0.00047931773504933384,0.0,0.0009133282564935952,-0.053410677381458105,5.551115123125783e-17,-0.008371822424795783,0.0039713845493494215,0.0,0.00022632490578911035,0.0,-0.03833157109816615,-0.06944348766038966,-0.01408544966731301,-0.060379027046154554,0.0012338987000012902,0.008459247097280742,-0.03296153452265632,-0.06781123201898409,-0.09528626711709393,-0.05065896455132135,-0.08896915312238812,-0.05117124113005833
-0.030914840914372965,0.001945146936630282,0.002192390197165772,-0.0014728562573786963,0.007309809627148889,-0.002826440715361589,0.006145592022861857,-0.045872604206971035,0.017524340831163776,-0.003881456020802976,8.9627180234364e-05,-0.003312199597121368,-0.0008799200324946521,-0.0005511658165721078,-0.05948076933769919,-0.042670735689687045,0.002211034677755741,-0.008210868611110478,0.0012137179743552662,-0.029973882213749914,-0.03866923182495319,0.0,-0.05249378648666858,0.014927136235601712,0.002887286447776083,-0.03263689389925328,-0.046053867852504815,-0.017273853861672017,-0.014330072740097066,-0.003238093235923001,-0.015298615251629788,-0.03984549705302276,-0.014789139626122605,-0.037019597867190446,-0.03152134052012956,-0.02870407820779547,-0.060684605907514566,0.0042345345643042265,-0.05685979726548274,0.004029165220971465,0.0013601957670157927,-0.030231917579698897,0.003987265962722364,-2.0884464095705102e-05,-0.0003686088277595756,-0.010530491434504907,0.005337891902804925,0.0006039662379045407,-8.66531461141129e-07,-0.00014104667244480007,-0.008017838966301705,-0.017538079680307572,0.0005356265175480712,-0.0221412233986647,0.0245771508571484,0.0,0.0006185670687464673,-0.014452324909824232,0.0,-0.008672123884318317,0.010404550466693696,-0.0006860902944321179,-0.02396342822078179,0.0,-0.014729434975229216,-0.038734920686327334,-0.007639214211653034,-0.033546910192735424,0.0015454655977946152,0.019602017443464903,-0.010033268781025506,-0.027302147535639087,-0.049050944236335936,-0.012187504184082987,0.0006730840164234086,0.0007353495961236467
-0.10841920346550393,-0.05557987376648954,-0.032170493948526,-0.061861588954043256,-0.05626307178924689,-0.04345183942141606,-0.04758905631568178,-0.04247318478044215,-0.03737403244580989,-0.030136180161443538,-0.02305664361441412,-0.02620802482387541,-0.04337353420017265,-0.0515470038328531,-0.011648793182891248,-0.05457801709781446,-0.0001399042666604955,-0.0462807699577536,-0.045042575459794953,-0.05675687799177398,-0.04338421170652429,-0.05249378648666858,0.0,-0.09444512256064763,-0.03842109121912429,-0.04890108444912811,-0.033236190904573915,-0.04423227354628767,-0.038074399615315446,-0.03383342862037991,-0.03360430591844893,-0.054878457079320375,-0.03893571158612763,-0.04122770748844784,-0.037956361501506,-0.06829071483813282,-0.043331708028235105,-0.023378167333775235,-0.10188083850648627,-0.0034313605507512723,-0.08518492194088323,-0.08279277104221522,-0.045448267179579616,-0.06779300338113764,-2.2416146970571926e-05,-0.0003977074006754622,-0.039589134603726706,-0.02932078656705911,-9.107868962404675e-05,-0.041760955327102056,-0.06520780713750407,-0.06248020029938678,-0.06582781075871647,-0.0637889273744337,0.0018984683728381913,-0.10757167120272193,-0.0027190358667436576,-0.06658849280166063,0.000937557532692368,-0.04801210147526469,-0.024577238763503595,-7.951450056609133e-06,-0.00012414382175535144,-0.02673109889877845,-0.06712213434104725,-0.056211382226803386,-0.04072810755110773,-0.06590121985906605,-0.0004391202215524026,-0.025921063378127662,-0.0605436858197439,-0.06665365000252721,-0.0812212863816239,-0.058270962878173904,-0.08371736841583238,-0.0827651386139791
-0.0673967466562953,0.015137283955715897,-0.0014044245129103405,-0.002084493557840683,-0.00045530378560143525,-0.03931537039259769,0.0159458508938084,-0.062403436383003885,0.014855457943016737,0.002347946921871402,0.03584315937535676,0.0025443987570198945,0.015869201390479315,0.001693522678926418,-0.03807676421290679,0.020685929073427978,0.007208502028388186,0.00708771555058596,0.024266410862081755,-0.041947626696759055,-0.07299458495589495,0.014927136235601712,-0.09444512256064763,0.0,0.02338364542060084,-0.021473024890119985,-0.08975489289820487,0.0239274864668661,-0.05641609200882519,0.0006305539337091992,0.016570960272407287,0.04920260724904746,0.035372498226717675,0.01544205683195704,-0.003720237151303485,-0.009671756992079006,0.0012869626516542332,0.02911499781607621,0.040012176451959425,0.03530776507811573,-0.0018175064867289037,0.008680227639976279,0.0010445789725027632,-0.00022169076132150245,0.013000317830195618,-0.008735089081497283,-0.0021331600731517297,0.0,-5.551115123125783e-17,3.1406771000275224e-05,0.00017295318091453682,-0.00013117200565371245,-1.6653345369377348e-16,-0.0004467257131431923,0.037636527863744995,4.6676722763816514e-05,0.031909235549279824,-0.0014384824886838898,0.0,-0.0003612051460644139,0.023962199226095326,0.035104127189168,0.017310398709300512,-3.8273101732322345e-06,4.485811731230749e-05,0.056227195696095744,0.013328247208480137,0.0007356660885353694,-0.0071691574606539965,0.022392616006159605,0.0032634892901411416,0.0006125017135228394,0.0036750414403299847,-0.0003258267083528499,0.0,-0.00042684122647651535
0.014031534683924318,-0.006050886298361591,-0.020703647488790833,0.0005530723475326016,-0.005846968705346067,0.004113073310747339,-0.0007318542311789411,-0.021508270008296637,0.0009798052567693283,-0.004178910407425018,-0.0008590915318504866,0.007773488307992571,-0.00031680943574774467,-0.00015988006877887262,-0.016665012138581792,0.007462625114982302,-0.012114053866937535,-0.01104208833270326,-0.0011760328462735448,0.0028170644064007266,-0.022893026666771343,0.002887286447776083,-0.03842109121912429,0.02338364542060084,0.0,-0.0012974726330365338,-0.012851703035258344,-0.01832059054609031,-0.004499601276761411,-0.0007897405498459298,-0.00476896175683883,-0.0064731635716492875,0.0019165033653718022,-0.007938178367949522,0.009949900793042088,0.0010183952067910895,0.00031681413466289055,0.00949574526224195,0.021642161849812824,0.033547414428581224,0.030910865776613783,0.030450563900928984,-0.0011034679822319315,-5.551115123125783e-17,-0.01288662576588212,0.020846029841310065,0.06026199770579532,5.551115123125783e-17,0.0,2.220446049250313e-16,0.014109659185436108,-0.01369948657031983,-0.009317536398014803,-0.02554792343880513,0.036174399407731095,-0.00018074724071887038,0.03022540950859115,-0.0029530299670922355,0.0,0.009962940238555928,0.04957858494449302,0.04612929732026766,0.04688565200075839,0.0,0.031060739327317843,0.01697111364652437,0.03598543772048712,-0.008560774408100824,0.032540617198866195,0.04813377599026336,0.03493935916847374,0.007836211308509977,0.000977654891418711,0.026584065449826944,0.0,0.03458514748297442
-0.021393589350536923,-0.01106734325137837,-0.002675770321840243,0.0019456691272410342,-0.024797797652276854,-0.02067703205090915,-0.005579559902431863,-0.044734865380030575,-0.027351301485103896,0.018353608562153456,-0.0002029052819740862,0.0024716946963571074,-0.008321002008423117,-0.00286460359487678,-0.10921234976224775,-0.011167361924785402,0.0035952573401047405,-0.003680902982544587,-0.0007450929440356302,-0.01770112852700889,-0.05826813690100602,-0.03263689389925328,-0.04890108444912811,-0.021473024890119985,-0.0012974726330365338,0.0,-0.032692936435635256,-0.022727859986605092,-0.01553050111780846,-0.00046365520700991647,-0.013090859218575668,-0.030407423645248788,0.001010589076183288,-0.01838286383779919,-0.018147300162913882,-0.04001083440842157,0.0011533936297467018,0.017271476287021303,-0.03922715983969138,0.021549006689784933,0.006296791073335972,0.00026645022454396816,-0.0039869883286686725,3.3579507706271716e-05,0.004694920955820248,-0.011757856116439369,0.009842893890546822,0.002212181545143299,0.0,-3.711482443558012e-05,-0.01334280341424604,-0.02337395838484657,0.0006410488778366141,-0.0010089647103692645,0.036332534685782514,0.0,0.024573172851139025,-0.015478405692381958,0.0,-0.0349047902346713,0.02720551489800721,0.04774616527949582,0.033865104609367036,0.0,-0.014387751281999095,-0.09608040488187236,-0.020349675022533653,-0.041210063449195644,0.012127839184919553,0.03373945600216266,0.005084895040675441,-0.037120391585593604,-0.0020295204418026014,-0.00890269971496671,-0.00028943823293114956,0.019992394841618633
