0.0,0.5270541413658456,0.3858413014654736,0.0,0.40345678073770175,0.186397477173689,0.48472217374438903,-0.14919908791621528,0.16143869527240584,0.5719475546864909,0.4417778413176279,0.4733868659702719,0.5822371471752297,-0.2075224969570259,0.02201817186034885,0.7630721689565739,0.336260636300055,0.6069649601298999,0.0,0.2738542437693157,-0.17704628415008655,0.3523769272998669,-0.19503355863505717,0.1416414010934461,0.6141542750450861,0.5013331149806609,0.034037162149446465,0.28815326478402215,0.29249881835515235,0.6609506296522258,0.37901881570718265,0.5221727752068812,0.6002155630695042,0.2782334866559425,0.4383117119444528,0.6829838527371203,0.49830208460321335,0.15971091387773467,0.2207134356017964,0.9593246775072599,0.5789281752689799,0.574278239733784,0.5088078397225969,0.0,0.4580006872436744,0.4124155404518824,0.7460033350262856,0.0,0.0,0.0,0.3570132297335791,0.0,0.6172904934582055,0.0,0.5245576535830869,0.0,0.6070247554033712,0.7540808467804461,0.0,0.5812146043181872,0.8168868185867981,0.8527543911644063,0.7333266622856994,0.0,0.4887616650911724,0.4205589685708446,0.5849432463186865,0.6642490770057661,0.6464670578161311,0.7931736532623149,0.6361481648964684,0.46315906151794795,0.3960176297803841,0.6462809212917292,0.0,0.5402279728236208
0.5270541413658456,0.0,0.5454860441771276,0.32245183246439457,0.42791891715404984,0.543895344799755,0.552050767223301,0.22641612364195285,0.495768923786721,0.6260300246664039,0.31511269342729586,0.7472495280433165,0.5884360305060439,0.5184210537389565,0.2545361805551129,0.6441090941547204,0.7250177841684626,0.70936852328031,0.6074981859715396,0.46323246830905496,0.2152583307306464,0.6572915000455815,0.24736196049789266,0.5223700982681418,0.5037299692917652,0.4446402096439763,0.4548719846674564,0.4949120658867342,0.45736035546028164,0.482885751458226,0.5635725130807117,0.47416094696900757,0.5548249926779685,0.4754629712840285,0.614791655021677,0.50888708126359,0.2272242956279571,0.0,0.6512999894016764,0.8719846639821883,0.6081042720384187,0.8077006396235121,0.6665954189192392,0.0,0.0,0.819664517943475,0.918656222755759,0.03693144775270872,0.0,0.0,0.6050659457447063,0.5693651622548614,0.5459107861438838,0.1599964485622229,1.0498670943709962,0.0,0.7213371537343765,0.548281644255221,0.0,0.3982774736576993,0.925293062517125,0.5181095897394032,0.7121490381801117,0.0,0.6086865813214288,0.2946883632365861,0.770084901723469,0.4127163477743361,0.4279601874017944,0.865502032046654,0.7497093281319657,0.5021974424060318,0.4302952348961711,0.630994967154806,0.0,0.7947889044924719
0.3858413014654736,0.5454860441771276,0.0,0.43389524501282545,0.4397011902890666,0.3488766833258677,0.3942881407038848,0.42653945335460014,0.43250218399135576,0.5260615771856573,0.41235527522791937,0.5700263390623266,0.4603194473656839,0.37599878446130075,0.3426187623272636,0.3939158766885821,0.6351822928865756,0.5141632593587888,0.4115081396964126,0.371864389104088,0.16862014987934926,0.6123601355242021,0.3392233684863085,0.4319114217662817,0.382786665931823,0.4858618074689772,0.3836063130323213,0.4925330583600364,0.5714280116273833,0.6200703701934247,0.5367195784424466,0.4395892761620201,0.5053907391291046,0.546287859193725,0.5869770791031821,0.4075585890713226,0.40729929540172066,0.4685319310956755,0.2431467074393932,0.4685275214390444,0.5393892230595037,0.23588065454000193,0.4388610888686622,0.6237713501446629,0.0,0.0,0.20291853172496177,0.20300371329713113,0.50584050176198,0.24993835597700198,0.34309803052229404,0.4101064159537436,0.5505127025169043,0.45090506437540395,0.4007627620298982,0.27139609485019,0.519715280636166,0.319166560901501,-0.07669371660950342,0.281910805632094,0.0,0.0,0.0,0.21557735356349714,0.673858518457765,0.4654678830254396,0.12655794026296782,0.44798471499963166,0.0,0.6668693750859336,0.3604377918037184,0.41748808019447536,0.24031678640673212,0.6388523063463609,0.7248745158556213,0.43097311938913385
0.0,0.32245183246439457,0.43389524501282545,0.0,0.40176312811081194,0.3391566069276234,0.4062282206297078,0.5353074586622105,0.5398094824484798,0.3415991737511972,0.5463379205422505,0.35294970078321053,0.5970702572761695,0.3687285305905659,0.6413765932313391,0.08539303435973974,0.5808412878461416,0.5080188104261633,0.4775778002297655,0.6170440937005519,0.44753449589143857,0.5713335020053116,0.08858179123405685,0.24634460707947597,0.9249910313937849,0.6488366905116834,0.2835349175316601,0.42259951122194556,0.3505593344385744,0.45646784561329634,0.7816552695928087,0.42455085436804174,0.13072350449189896,0.4170163471823156,0.421235068262368,0.3444133660871862,0.19520248153448214,0.3050072368128879,0.43500950472641453,0.30100154005124047,0.36478464168957453,0.29281859656479503,0.21461186507477406,0.2372528775546387,0.0,0.0,0.0,0.4306736734849148,0.0,0.0,0.5840218015488553,0.0,0.48478640766035674,0.025959303452714036,0.0,-0.03498847603274757,0.5184359532725225,0.497061505739006,0.0,0.0,0.0,0.0,0.0,0.0,0.0,0.0,0.5065436429124869,0.18784841317416234,0.0,0.0,0.0,0.0836946533727344,0.48657622548636315,0.6193779532425379,0.0,0.0
0.40345678073770175,0.42791891715404984,0.4397011902890666,0.40176312811081194,0.0,0.2129035080961115,0.22155430965018047,0.37368953844524466,0.18326212229183697,0.7007339563686871,0.40334057049106375,0.7538970295876999,0.1481680029461969,0.4067914605616166,0.49088418068794626,0.6951320089781374,0.5495815890787696,0.45060673231546156,0.33860538292971465,0.5893679993126444,0.48453359745933694,0.6071965000903082,0.14834035731823397,0.5289906298842745,0.47758097719914283,0.32922274371678406,0.24985799498368025,0.5136547262139279,0.48992263818657633,0.44772980472445334,0.6011222348200882,0.3482244184267239,0.4858719001195747,0.5786636865539916,0.5235896889046856,0.3063780560575688,0.33342673337025586,0.5924523268672641,0.36148190813812253,0.704162646772839,0.5590774306090562,0.4205032030424782,0.6437968632876112,0.6824380190925465,0.2580281485895817,0.0,0.3912320252430417,0.44755745166076044,0.0,0.6042408065151798,0.3141915529827502,0.3771178596518985,0.5603820888736692,0.36208255024545394,0.0,0.24666743156545065,0.3703031860646281,0.3806970381028576,0.6046855013047792,0.23968282453344714,0.4798216888220762,0.0,0.0,0.5929276037893443,0.33964700128341463,0.49546208877960585,0.3644152546813779,0.3279188420953371,0.0,0.46868816858670637,0.56680167604299,0.29796938781649285,0.2637771044505598,0.17087467252030542,0.0,0.5246159943238551
0.186397477173689,0.543895344799755,0.3488766833258677,0.3391566069276234,0.2129035080961115,0.0,0.29089641035980196,0.28841275464041805,0.3091643765285096,0.5785335887758101,0.31990493710454926,0.7470045184723424,0.23525402998653538,0.2060574346926738,0.46114502229215065,0.684646127575865,0.5734657946905706,0.6120023111171031,0.5477279498070283,0.45797762943957404,0.3547950481132081,0.47003805045883396,0.27985350029088607,0.15439207533451615,0.5578795466798716,0.5040091892543461,0.27503444958246026,0.410868559964427,0.31794415513853486,0.5086756826334664,0.5210600596491538,0.23308543862586348,0.4856990444055552,0.4569276567252297,0.5788845254869619,0.2780838388621645,0.44526604777049916,0.47640882277998203,0.13295893836704795,0.26215232626359675,0.18483984545305576,0.15594453490573634,0.37982410856087806,0.1691755748250373,0.20582594401389498,0.6601999218736834,0.7236052328368205,0.32377606092962397,-0.03014887699955132,0.46270937537026324,0.24864686226762017,0.26614117771358586,0.34813762317135644,0.29379789961553054,0.26806001299196147,0.3528701609839723,0.3559725246194979,0.2339385522957128,0.5935162724696421,0.32719213933266206,0.7130180799445043,0.0,0.5458391912753766,0.3160458188135764,0.23304924806164348,0.28152018859280836,0.5529193755927291,0.2477866565834766,0.6234276731923596,0.5088188199533168,0.535561771096953,0.24836275950208336,0.12387118122353352,0.27654165804256026,0.09233694345845245,0.14571713996362562
0.48472217374438903,0.552050767223301,0.3942881407038848,0.4062282206297078,0.22155430965018047,0.29089641035980196,0.0,0.2112660947813324,0.3485226470756606,0.609333330062365,0.4985838143515535,0.6868813009148329,0.2671478372484836,0.21449709897239444,0.5048064455381082,0.6408241515942263,0.5720346037139029,0.5970570533179873,0.488116396669014,0.49143355130574773,0.29743021787937307,0.5936885618900827,0.2350001854067142,0.6686837196858935,0.5582106573997039,0.5905146055426607,0.21942939679739779,0.5887676483525135,0.4046277072229013,0.3847384835085257,0.4485932930045506,0.4755402856394209,0.40383487650293715,0.3073915778733174,0.25430449335043775,0.32527777570122074,0.4379866260636207,0.6617324896307254,0.34645170427746486,0.8825323175812592,0.4558024603917925,0.5151808182457157,0.3662712914501649,0.4435080192227005,0.35352530574581675,0.0,0.7338301707787807,0.30869834566966003,0.0,0.31600263032319764,0.24790230216706655,0.3117832258783603,0.2434886818489463,0.35644332015337776,0.6112167205161136,0.2760853592325445,0.46700845383412576,0.1542083285078291,0.34398667513531933,0.042735456940711875,0.7015693829430052,0.0,0.5895743621569817,0.3202272909865067,0.21226313555844262,0.5051502693823049,0.5051202235782232,0.23005581157892624,0.5044632845543477,0.8157950283366886,0.613062942830684,0.23357551744456106,0.17134211967686652,0.14798428566412047,0.7724866624387308,0.14106072854113427
-0.14919908791621528,0.22641612364195285,0.42653945335460014,0.5353074586622105,0.37368953844524466,0.28841275464041805,0.2112660947813324,0.0,0.4539900876344659,0.5136723526182801,0.5431685087128315,0.401204271259483,0.2556907783398744,0.5596222213414845,-0.06635772665672945,0.15772960667966318,0.430559503268845,0.4040185566123906,0.4922962192437831,0.13130513879879385,0.42960589442075836,0.2372909510786447,0.3442428691848267,0.015887359585823685,0.4815307840989011,0.2861416204823288,0.17192607784924452,0.26344650313744733,0.32997348772399426,0.39553210012973194,0.2150217428295632,0.3312769986642614,0.5336837960891436,0.18557925752061877,0.20151952378401378,0.1647871855569044,0.44188085541895117,0.6073626226870816,0.1138522396302866,0.4612402601138742,0.39926746605162045,0.5350126104967848,0.5422192610878096,0.43908855602622177,0.0,0.6000931024125972,-0.042191030248986044,0.5629624077087699,0.0,0.5789655625532129,0.4125864658599442,0.3825354520349964,0.38526310794550594,0.4439399957235891,0.879359964719068,0.4481504642294144,0.9628710357088759,0.252225865157779,0.49321539316960056,0.6444896108636398,0.4039567530650552,0.0,0.7059194320724315,0.6576830405306668,0.6911645556502353,0.45048402798308523,0.5070712835597146,0.39446359872755454,0.0,0.4674384034894832,-0.04052167430643161,0.3669986294683909,0.16221553329231236,0.48670233093817383,0.45148679271672,0.007152477857963191
0.16143869527240584,0.495768923786721,0.43250218399135576,0.5398094824484798,0.18326212229183697,0.3091643765285096,0.3485226470756606,0.4539900876344659,0.0,0.6872051046766803,0.2832101721026238,0.8401959777393746,0.40765075679019536,0.4458900964051582,0.5714876958554614,0.6479758424762835,0.47328196870358064,0.5029425429824013,0.2766082467576536,0.5372975282804603,0.2768775738460937,0.6639906800040065,0.3707382003338887,0.6688747259420513,0.516713889434488,0.41745229577142806,0.34117053221837423,0.6057683490752652,0.506438400119445,0.48477638647663934,0.6232989970151163,0.506785308147335,0.48871373408220076,0.6264129296952547,0.6264085493491244,0.5010590762260854,0.5518584425629123,0.6317609591865456,0.27115431889668773,1.0751774909621414,0.33863825818059295,0.2714090631909712,0.5192955876885964,0.49143067931292506,0.2835821890184636,0.0,0.719769008810063,0.5273750334994025,0.48572166025256786,0.5717877621568299,0.34808383523881054,0.4954125382708641,0.3281152447747382,0.39618110024876474,0.21263228157647712,0.342205965695906,0.48319398401049213,0.2816981409233724,0.4778066410830461,0.45908193690629334,0.8123879945407494,0.0,0.0,0.47906499715241346,0.20646797431539748,0.7274334479903084,0.511915467930528,0.37902391407421887,0.33872193145404095,1.018942022662816,0.297151894252339,0.3313256822479115,0.23017403208165627,0.2599910112341324,0.47371344685175987,0.398357278653573
0.5719475546864909,0.6260300246664039,0.5260615771856573,0.3415991737511972,0.7007339563686871,0.5785335887758101,0.609333330062365,0.5136723526182801,0.6872051046766803,0.0,0.7288725004966143,0.4930425308046971,0.7187753868147944,0.5507088322297531,0.4494157416432417,0.5189365584849488,0.4834491963671753,0.5052343285191545,0.6555208000772177,0.4876822745818659,0.6780501977060372,0.47402676361901963,0.3274887277152311,0.5343624553205742,0.6628979047426578,0.6514996300703623,0.3984358133885182,0.7859051312791274,0.576579992689138,0.441374167523063,0.6447411794682703,0.6174874213957027,0.5704669654007855,0.6971297076653719,0.6684433689990663,0.14246289904445275,0.3148592412877981,0.5096832421853001,0.4926250960975187,0.6778319609529879,0.6913238480465995,0.3428943188570557,0.3682201311699195,0.3271715328769653,0.522948446993189,0.5984752792426202,0.47807680492750315,0.16380626323991604,0.4824364150544841,0.46986845944823386,0.5208951964923805,0.4981632787710516,0.6043513287988558,0.23623834928904175,0.7160899381152355,0.510059807934978,0.7400898853306398,0.6331016862125793,0.0,0.9555019632202267,0.9327857285671322,0.7313288292697463,0.7010381938225476,0.48287386997778153,0.5052805728113038,0.5858740351049935,0.3477934371583605,0.27736234033677043,0.3982904129703602,0.7727783587263055,0.7254462218968339,0.5722792768152819,0.6227339019437197,0.4528313799449968,0.0,0.7257128003674447
0.4417778413176279,0.31511269342729586,0.41235527522791937,0.5463379205422505,0.40334057049106375,0.31990493710454926,0.4985838143515535,0.5431685087128315,0.2832101721026238,0.7288725004966143,0.0,0.7734515565503316,0.5786117023616275,0.5499766264057784,0.0,0.5231968801649007,0.550350502300631,0.568114032455022,0.2988070444314668,0.47961506147912614,0.5591736751043037,0.3804648468082702,0.40664144871085256,0.7687223534890493,0.6151982057297569,0.6188041544996223,0.459068670566986,0.664119350380417,0.40205637227063906,0.5142378402255194,0.6485258096802446,0.3238794993394822,0.5997435293181532,0.6728265781488489,0.5788859144481662,0.5570343773734284,0.6656704180621182,0.6628204761009978,0.559059940315503,0.48168255976023855,0.5108357435340662,0.45292759670930755,0.2895960347945652,0.16917442146104483,0.19165399789007406,0.0,0.0,0.4410676823189922,0.46939988247616404,0.2444492227858574,0.28083609882107735,0.34350781044483625,-0.09946120236564143,0.508662255373845,0.48120077609722556,0.22559728131747592,0.38527085273324024,0.2492752159477361,-0.03703361768676672,0.0,0.0,0.0,0.0,0.17680446428955407,0.38122564045429086,0.0,0.72999055248097,0.365141927445986,0.0,0.0,0.9152318659979466,0.4202293183261713,0.17117670682695896,0.4076667924613724,0.0,0.5395101317557277
0.4733868659702719,0.7472495280433165,0.5700263390623266,0.35294970078321053,0.7538970295876999,0.7470045184723424,0.6868813009148329,0.401204271259483,0.8401959777393746,0.4930425308046971,0.7734515565503316,0.0,0.8252587723560679,0.6680513477525512,0.3891563335062561,0.8036093429741404,0.7049596627261578,0.7704912978685617,0.7523333773410089,0.5483864085804288,0.3762042994307491,0.43004721765363874,0.3555374853832043,0.4765891940815865,0.6992064390408975,0.4947774177515799,0.5869019996512372,0.938525807891129,0.3752414333277881,0.3357650419829674,0.7402512674604145,0.9567217168819336,0.7541272842878008,0.8790643462185662,0.791182586827743,0.4075044186427823,0.45689003338463685,0.34313827109229716,0.4501304182883038,0.6878352955806323,0.8301361037709186,0.5047205565448076,0.44940540715615473,0.48738439903206043,0.6392976604414098,0.4386182683074824,0.5824018397347428,0.27030414436306494,0.20076777064225984,0.2692473620686756,0.34315323617050936,0.5112791815546052,0.24590492125384278,0.42603252195312624,0.8055530978561044,0.251239701173351,0.7827322674904234,0.7839995942087499,0.7092676036580651,0.6878633042272071,0.8428136862056108,0.7730364933682714,0.8176739423749838,0.3498493306128685,0.8048648968977727,0.7995197362498936,0.4554579609495737,0.5291831906288007,0.48887317540768804,0.8094134503595241,0.6985387437379484,0.3827683740509319,0.8465288729067606,0.49064806902855956,0.0,0.8380108798967705
0.5822371471752297,0.5884360305060439,0.4603194473656839,0.5970702572761695,0.1481680029461969,0.23525402998653538,0.2671478372484836,0.2556907783398744,0.40765075679019536,0.7187753868147944,0.5786117023616275,0.8252587723560679,0.0,0.3321834003445344,0.07937125898154235,0.6707739025144859,0.5972417464113091,0.6749436673303013,0.5594194570443047,0.5313821571313918,0.2976073305200337,0.5828397922958881,0.29056950923482416,0.5673185594361956,0.6555718638829944,0.5923052178838965,0.26802365497958613,0.32869852866998917,0.4101672979480322,0.4375777503544041,0.3345656030121191,0.5432320853578579,0.5044071911148128,0.4188312292173434,0.4838186488299117,0.5607652987420826,0.677353800182376,0.6625465740116893,0.24553787693635165,0.6882350630479355,0.48203116329751017,0.48602359668683903,0.34940690986782286,0.3721534830933684,0.43886962959952974,1.0890257672610673,0.8648173817619973,0.4133767950050716,0.0,0.6648289236496856,0.2716132649185424,0.30137726559967387,0.3202680996127184,0.4193830759616103,0.6412154334691178,0.34643285718916356,0.5165787582326202,0.3023157075383141,0.4286995490101046,0.2787932479557116,0.7160776657337958,0.4231823351297156,0.6279055001291204,0.3919446132617205,0.1910374929091296,0.38277007934102036,0.5784263427054721,0.25458709254333717,0.7175352877517032,0.6779108876143805,0.652476740240753,0.2835355167796299,0.2877155867456649,0.22452179494475888,0.5544164543914658,0.2340860022418872
-0.2075224969570259,0.5184210537389565,0.37599878446130075,0.3687285305905659,0.4067914605616166,0.2060574346926738,0.21449709897239444,0.5596222213414845,0.4458900964051582,0.5507088322297531,0.5499766264057784,0.6680513477525512,0.3321834003445344,0.0,0.5605786889663579,0.6292606478711397,0.48820994315769867,0.49661805230178535,0.46893943661606563,0.42833660888278546,0.48492204291120605,0.28523881919127414,0.2604979839702777,0.7118718690861663,0.5239907114757294,0.49467414171903695,0.10295038606155243,0.0189821900581032,0.42612441749773267,0.7910617532192508,0.5419700312008093,0.2221907523098774,0.24659847861684245,0.6835424664943968,0.37780687624381154,0.3800223268064691,0.1637404546336923,0.3990284206358825,0.717201400780717,0.0,0.7187648570239377,0.8333128941810023,0.5969268314933734,0.5054109376730542,0.0,0.0,0.0,0.5120809606454994,0.0,0.5329006818221411,0.47524100492008625,0.4787274826877017,0.5647124752599287,0.503451093855824,0.0,0.20158167522394127,0.4046228833075556,0.7103151092551779,0.48177960635223754,0.0,0.0,0.0,0.0,0.5258286647987073,0.0,0.0,0.0,0.605614294103365,0.0,0.0,0.0,0.5278809436524656,0.7053704467659481,0.0,0.0,0.0
0.02201817186034885,0.2545361805551129,0.3426187623272636,0.6413765932313391,0.49088418068794626,0.46114502229215065,0.5048064455381082,-0.06635772665672945,0.5714876958554614,0.4494157416432417,0.0,0.3891563335062561,0.07937125898154235,0.5605786889663579,0.0,0.45495406001829747,0.40429985096108223,0.45007646842139354,0.0,0.5127717197590609,0.37441549737850877,0.16886627787560926,0.49729625372693814,0.2784601476521781,0.42826189540526427,-0.09510323481942234,0.4083677305492338,0.10597357930529172,0.31411750358226154,0.47747378725906264,0.3463972715295739,0.11661268109238873,0.49338163963640147,0.2749183039558272,0.345249540915898,0.44435276333567175,0.45892010656384186,0.36519144143234133,0.07311588939028751,0.7549114043174336,0.49558170364785,0.46910927694555477,0.5099183790682977,0.6236448665147077,0.0,0.6587662811479158,0.5960251784965767,0.47239633586119045,0.0,0.0,0.4128426131789762,0.7176602246306314,0.5829278237850709,0.527941976067332,0.0,0.0,0.6986976623197558,0.10212848213105369,0.484285409587907,0.7126510169306199,0.6443092678410234,0.6612523975598366,0.9300747764760444,0.0,0.7275935472149666,0.4303211440016281,0.7157055401365979,0.5539816257349847,0.49159650216451406,0.7465791123989143,0.49281051620096605,0.32870627304720784,0.07789432906931126,0.32962739362233023,0.571687059348866,0.4470516881543018
0.7630721689565739,0.6441090941547204,0.3939158766885821,0.08539303435973974,0.6951320089781374,0.684646127575865,0.6408241515942263,0.15772960667966318,0.6479758424762835,0.5189365584849488,0.5231968801649007,0.8036093429741404,0.6707739025144859,0.6292606478711397,0.45495406001829747,0.0,0.5502701440151816,0.5028559706543205,0.46014007357410647,0.455877937544357,0.3881506377848512,0.2690891941371117,0.2551912362760864,0.823102969641693,0.7650787364287959,0.6191608720623692,0.4025632605576388,0.5147601931017529,0.652023589968783,0.3686872908436156,0.7102255925835192,0.5003399351338801,0.464115542817285,0.35544127981736273,0.6971452139768031,0.6507264840202545,0.36615172810173724,0.5975819447865347,0.42935485463538825,0.7422127250352009,0.7545012237193273,0.7150894501363008,0.5069790628200286,0.0,0.0,0.7564155201793412,0.9605644230172479,0.0,0.0,0.0,0.602444790578609,0.6055594940558126,0.8357512604152065,0.0,0.8181625372148509,0.0,0.745130922628351,0.4193619908004983,0.0,0.6701781709000505,0.9402256752122486,0.7675844820346318,0.8824841000968149,0.0,0.5998727759169444,0.5493341612543764,0.7266773605316151,0.4388548212889086,0.596561262575702,0.9713806158564351,0.8612811510952769,0.4610561761431239,0.28232310332755456,0.6946822485704813,0.0,0.7356411053590682
0.336260636300055,0.7250177841684626,0.6351822928865756,0.5808412878461416,0.5495815890787696,0.5734657946905706,0.5720346037139029,0.430559503268845,0.47328196870358064,0.4834491963671753,0.550350502300631,0.7049596627261578,0.5972417464113091,0.48820994315769867,0.40429985096108223,0.5502701440151816,0.0,0.639653991251711,0.654172733404738,0.4532849275222752,0.5313580365906155,0.6449991052198958,0.5150743855160858,0.7171854835587806,0.5521531035403904,0.5886719782135664,0.5989142922570039,0.764309790687024,0.48514586352832334,0.5051304456994269,0.6301849545072953,0.48063897544160006,0.5034809897158863,0.47407261172644183,0.5060516202560359,0.637117843245349,0.27211274071958846,0.454769201214266,0.233257616767708,0.5109975264607609,0.5819074542254845,0.5611944116119953,0.0,0.0,0.3547975767713895,0.8973824813260426,1.0070802264203715,0.0,0.0,0.0,0.0,0.0,0.0,0.0,0.7486455400323011,0.0,0.6872255704398645,0.31739712858084124,0.0,0.7887410855854529,0.8126187922737296,0.8487426305088321,0.7963480457151221,0.0,0.0,0.0,0.5468712949794103,0.0,0.7757813471490924,0.8737325631796169,0.8508873269537656,0.0,0.30657997150570226,0.479198192135194,0.0,0.8377515451849842
0.6069649601298999,0.70936852328031,0.5141632593587888,0.5080188104261633,0.45060673231546156,0.6120023111171031,0.5970570533179873,0.4040185566123906,0.5029425429824013,0.5052343285191545,0.568114032455022,0.7704912978685617,0.6749436673303013,0.49661805230178535,0.45007646842139354,0.5028559706543205,0.639653991251711,0.0,0.5124547136197034,0.5163368445995754,0.47407179681845785,0.5212310131831981,0.32029724203974147,0.6587585009974114,0.5848239174657115,0.5533503792155485,0.43963919516921335,0.4207380659633837,0.5529810301282437,0.2964506831611424,0.5317768753328445,0.5079556924795049,0.5890438019923714,0.4799502455683887,0.5182589429026334,0.5729622793054239,0.2568676781738655,0.39173220921747626,0.6021643639293056,0.7001919126459446,0.6949943374956271,0.8137189952663686,0.0,0.0,0.5588376010712883,0.8099825507769242,0.9571033088617804,0.0,0.0,0.0,0.7330793130545434,0.57718671805484,0.8474441975067368,0.0,0.7896058516914152,0.0,0.7717087157952334,0.5766676108754809,0.0,0.6108847596457361,0.9496313979205192,0.8512470009600008,0.884098206122951,0.0,0.7440496244524635,0.6791880833626385,0.8129185690881104,0.7502276284660483,0.8155354074885777,0.8910928919637062,0.9020940053030682,0.6735323274904306,0.8203007791998413,0.6616648383258743,0.0,0.9143782968090388
0.0,0.6074981859715396,0.4115081396964126,0.4775778002297655,0.33860538292971465,0.5477279498070283,0.488116396669014,0.4922962192437831,0.2766082467576536,0.6555208000772177,0.2988070444314668,0.7523333773410089,0.5594194570443047,0.46893943661606563,0.0,0.46014007357410647,0.654172733404738,0.5124547136197034,0.0,0.5230166025030705,-0.05660124224117019,0.6457449952867326,0.2949979301573128,0.6988578379237165,0.5387551854645692,0.519315595789399,0.6126225316334956,0.656744186132637,0.5855555006398148,0.6185641990388713,0.6318481040348454,0.5020999943733929,0.5399755177172416,0.5998327618043141,0.5570809267216409,0.5159423450940618,0.4752934185242702,0.47945281551316565,0.41240302931759987,0.38657458308631065,0.43426082203251093,0.21861831742112736,0.695860769600831,0.36490144983686357,0.4151675205582036,0.0,0.0,0.6391166325139892,0.0,0.48373822200954686,0.21505494910263948,0.3413675904890944,0.572938479863603,0.4367587983558513,0.8956617538895978,0.13832888333381288,0.5292608901043988,0.22456033614006482,0.46388943750157685,0.0,0.0,0.0,0.0,0.6432156095137648,0.46999231387127083,0.0,0.4787511919252555,0.4622838502812816,0.0,0.0,0.0,0.3650996102871302,0.5899737930576376,0.45883777057830766,0.4825586405347791,0.5928302519462897
0.2738542437693157,0.46323246830905496,0.371864389104088,0.6170440937005519,0.5893679993126444,0.45797762943957404,0.49143355130574773,0.13130513879879385,0.5372975282804603,0.4876822745818659,0.47961506147912614,0.5483864085804288,0.5313821571313918,0.42833660888278546,0.5127717197590609,0.455877937544357,0.4532849275222752,0.5163368445995754,0.5230166025030705,0.0,0.31634414008113826,0.30769298576761317,0.3021233568292724,0.3066799294682136,0.6812299266620548,0.46727461258218206,0.34468988547176405,0.5320601423116365,0.3723271926117152,0.559630891689697,0.40273022570549466,0.16443590113143167,0.31434665205630136,0.29934174448161643,0.38892933364324567,0.526829749553995,0.14720038353851414,0.4899142557096265,-0.012626051582778963,0.5427687335714256,0.4710816200046699,0.15946797020317105,0.2671524725893426,0.27500873909565104,0.19807378882024948,0.5222736107787178,0.7269007933632928,0.4596095945857446,0.0,0.0,0.2784004069272361,0.6295462963387333,0.24900232812844075,0.40028412573884586,0.9899634267033108,0.0,0.5970998217591756,0.17945822238384718,0.0,0.5679428550379115,0.5860034164781324,0.5074718745335041,0.46895784001050816,0.0,0.3222978865508476,0.44147099495051645,0.5670317767653933,0.1938014930984417,0.0,0.5443495068827415,0.6335039829767352,0.10195471785494198,0.06987937657863308,0.2800041081059954,0.10287513322975428,0.3120609299546925
-0.17704628415008655,0.2152583307306464,0.16862014987934926,0.44753449589143857,0.48453359745933694,0.3547950481132081,0.29743021787937307,0.42960589442075836,0.2768775738460937,0.6780501977060372,0.5591736751043037,0.3762042994307491,0.2976073305200337,0.48492204291120605,0.37441549737850877,0.3881506377848512,0.5313580365906155,0.47407179681845785,-0.05660124224117019,0.31634414008113826,0.0,0.26381475801622367,0.2873084917257122,0.021212444758815896,0.43532077199199815,0.23106057061509225,0.2583069306368336,0.12876063287131428,0.16093820347810206,0.2467596843838164,0.10344936975279628,-0.008440230284276401,0.21793920540705933,0.021254863778259858,0.32472082273815284,0.5566406129838897,0.3483080007416206,0.32747608923496285,-0.06946747400912384,0.6637320458882919,0.2927849556533538,0.4578869171109038,0.6086654734957996,0.0,0.0,0.10366781944646022,0.5904218805053947,0.6671645051574584,0.0,0.0,0.303142605885602,0.46771127782870237,0.5869530774220199,0.5162276617591477,0.6341076425180402,0.0,0.7890697752277156,0.20471943132461812,0.0,0.5433847527982338,0.6702404366887992,0.0,0.5659899850474152,0.0,0.35639947062138216,0.34435339670542,0.5433657943836824,0.2474504121626762,0.8104773089395428,0.5471463230476152,0.5128752652657045,0.17915925314657388,-0.02574167265814553,0.28119537322612953,-0.14132044721803844,0.1652775252153357
0.3523769272998669,0.6572915000455815,0.6123601355242021,0.5713335020053116,0.6071965000903082,0.47003805045883396,0.5936885618900827,0.2372909510786447,0.6639906800040065,0.47402676361901963,0.3804648468082702,0.43004721765363874,0.5828397922958881,0.28523881919127414,0.16886627787560926,0.2690891941371117,0.6449991052198958,0.5212310131831981,0.6457449952867326,0.30769298576761317,0.26381475801622367,0.0,0.38316120334010223,0.5797019378852908,0.7285396673010854,0.39620332362387783,0.1790532862957507,0.5590255300967364,0.4533276439985799,0.6177090090642591,0.48180395982533564,0.25987778772354075,0.40106351906618254,0.27323089064926115,0.38549175881138265,0.47418090953879866,0.2962666919720262,0.6001630886795533,0.026017062574155675,0.6059108375248435,0.5467593100298778,0.29984395546980236,0.5476553437102396,0.36856967563772514,0.23997548617314107,0.5429422929296771,0.7076263523727852,0.5573277876558179,0.4881275616643243,0.24596560790519617,0.5715154547257466,0.5572327919729707,0.6509160140904025,0.3313091481307665,0.7190578121042304,0.0,0.5427392823107112,0.486824582609188,0.0,0.6105464244326462,0.6849379476138517,0.45480443768727585,0.3560869089407216,0.0,0.46923650918377324,0.3404549057195442,0.5876618165025818,0.38707244560424564,0.7989926735639505,0.692664575211521,0.5536078494616942,0.36767568305028786,0.21574024890503352,0.4936052312773755,0.5540250468573158,0.5945211062905935
-0.19503355863505717,0.24736196049789266,0.3392233684863085,0.08858179123405685,0.14834035731823397,0.27985350029088607,0.2350001854067142,0.3442428691848267,0.3707382003338887,0.3274887277152311,0.40664144871085256,0.3555374853832043,0.29056950923482416,0.2604979839702777,0.49729625372693814,0.2551912362760864,0.5150743855160858,0.32029724203974147,0.2949979301573128,0.3021233568292724,0.2873084917257122,0.38316120334010223,0.0,-0.06212262345311553,0.3839883450733985,0.26282338168694375,0.29374110663068353,0.22240717162034151,0.26449429169481786,0.31061290036559425,0.3226473689410212,0.13397248296778974,0.30193789549351674,0.2550660457530279,0.3324036302275515,0.2755644711119423,0.2690287276235279,0.25809837110110057,0.059136307994153814,0.6255967929096264,0.07241009501735629,0.13313113682915684,0.4111109796611878,0.2347770683005435,0.5660214725459093,0.5595991213525322,0.43532098033473204,0.6329975166233786,0.4869311379799245,0.4444264694715043,0.2480840799780157,0.2594446736239204,0.3120325491433398,0.39455945315856944,0.6074925172950001,0.38537141056070207,0.45061102377561985,0.20025725512714432,0.6687741538660557,0.3497659754934957,0.48254151847526155,0.5052805728113037,0.5911135643682756,0.6406876229979426,0.1898377250060706,0.35304861056530823,0.362923479483358,0.45477089112677305,0.20948992668224128,0.43158676110679917,0.20622117390905165,0.19446765803492597,0.08704716358573164,0.24826739101156167,0.13478953270034078,0.15207385811296814
0.1416414010934461,0.5223700982681418,0.4319114217662817,0.24634460707947597,0.5289906298842745,0.15439207533451615,0.6686837196858935,0.015887359585823685,0.6688747259420513,0.5343624553205742,0.7687223534890493,0.4765891940815865,0.5673185594361956,0.7118718690861663,0.2784601476521781,0.823102969641693,0.7171854835587806,0.6587585009974114,0.6988578379237165,0.3066799294682136,0.021212444758815896,0.5797019378852908,-0.06212262345311553,0.0,0.702980703020432,0.3634953783653614,-0.03373281790688745,0.7416869434501814,0.30762157039989274,0.8672298052816008,0.810634051185086,0.6913462937548736,0.7565423886313161,0.45719689454716506,0.4225443709876096,0.38555915102502814,0.3866044420278306,0.5126078473644448,0.8604857863663562,0.8618715479838993,0.5388604202510563,0.6536215686184148,0.625740856919082,0.3793459340822234,0.5472659944473768,0.5107622962884237,0.5435547730353416,0.0,0.0,0.5112061468623985,0.5962801368239351,0.3282425281194652,0.0,0.008684105663361995,0.7313905596165411,0.5835108558467712,0.7428412337321415,0.4748814389057612,0.0,0.22851688256010966,0.7030665771212479,0.7326596234648131,0.6855741123320962,0.5075725020341029,0.36654513042166265,0.8010853657192003,0.2804110055812028,0.838347647058583,0.4900589693936531,0.752169103647542,0.6766574715215457,0.5468162581261227,0.7013585541353173,0.6539800359102207,0.0,0.6149022003934819
0.6141542750450861,0.5037299692917652,0.382786665931823,0.9249910313937849,0.47758097719914283,0.5578795466798716,0.5582106573997039,0.4815307840989011,0.516713889434488,0.6628979047426578,0.6151982057297569,0.6992064390408975,0.6555718638829944,0.5239907114757294,0.42826189540526427,0.7650787364287959,0.5521531035403904,0.5848239174657115,0.5387551854645692,0.6812299266620548,0.43532077199199815,0.7285396673010854,0.3839883450733985,0.702980703020432,0.0,0.3780755594840117,0.5227950680129465,0.438533562498856,0.4995057989655093,0.4497912807370429,0.5548080836099838,0.34165001849432675,0.5685266012444299,0.4323076454935457,0.6046349549100116,0.527368908664821,0.5972321882816918,0.524607544453607,0.8153751212260079,0.7896276044575422,0.8021716138472026,0.8414561753360958,0.11059640334762741,0.0,0.36964779453755625,0.8223556191540315,1.0580698727243998,0.0,0.0,0.0,0.7102096253113623,0.4024155180535218,0.5716592188457313,0.09798599562593507,0.8042969957234587,0.4721275600638697,0.8194288961916879,0.42492685718151213,0.0,0.6596214889179015,0.9687907951600412,0.8509400821423488,0.9367183883352046,0.0,0.912465996662105,0.6884876774028844,0.9637013710095912,0.4704249504459566,0.8134451771278297,0.9618162652479011,0.8940820656117641,0.5416255063910689,0.6486620960888905,0.7061215173414553,0.0,0.9225538147446528
0.5013331149806609,0.4446402096439763,0.4858618074689772,0.6488366905116834,0.32922274371678406,0.5040091892543461,0.5905146055426607,0.2861416204823288,0.41745229577142806,0.6514996300703623,0.6188041544996223,0.4947774177515799,0.5923052178838965,0.49467414171903695,-0.09510323481942234,0.6191608720623692,0.5886719782135664,0.5533503792155485,0.519315595789399,0.46727461258218206,0.23106057061509225,0.39620332362387783,0.26282338168694375,0.3634953783653614,0.3780755594840117,0.0,0.447021787656782,0.4996533973034687,0.5157451676199989,0.4014384795784502,0.4472038284491114,0.34588279331015914,0.5831376730563136,0.3955700423831272,0.4399248917236195,0.23748842922637853,0.5035406535856283,0.5285011567039075,0.3031461063915648,0.7576591614600091,0.699952758517936,0.4904245888949382,0.20330689433803667,0.5495865897763332,0.5130304044109342,0.5604057461516717,0.8002663141750461,0.6819018564793471,0.0,0.00461209767521519,0.5588305936728387,0.39050691168544516,0.5833566334814786,0.40013596893002745,0.808885102174063,0.0,0.8308529757940295,0.5300652728840898,0.0,0.4167917479227804,0.8702394488117196,0.8493103709970491,0.8318925430750022,0.0,0.5329134174429369,0.1606074494718175,0.6292485593408991,0.32112178479056375,0.6541511007805715,0.8805596015923682,0.6798128078172205,0.3701705804867562,0.6132057263952262,0.6485282835533673,0.4705463307768986,0.7698219656851875
0.034037162149446465,0.4548719846674564,0.3836063130323213,0.2835349175316601,0.24985799498368025,0.27503444958246026,0.21942939679739779,0.17192607784924452,0.34117053221837423,0.3984358133885182,0.459068670566986,0.5869019996512372,0.26802365497958613,0.10295038606155243,0.4083677305492338,0.4025632605576388,0.5989142922570039,0.43963919516921335,0.6126225316334956,0.34468988547176405,0.2583069306368336,0.1790532862957507,0.29374110663068353,-0.03373281790688745,0.5227950680129465,0.447021787656782,0.0,0.3017353743820672,0.23011501718520075,0.42468427787160606,0.155965455069156,0.1558518718223464,0.21458853899179264,0.23052334361523774,0.3280736047599824,0.07792386249585753,0.36632301764684483,0.3709401793883148,-0.01587501642568878,-0.006446375714981412,0.05422924069732182,0.03416721868682615,0.26154459929982504,0.20290173911608855,0.408643215386554,0.28186365770751026,0.43553618697618834,0.42095995112344764,0.5201306139565361,0.5867231151694886,0.2196164291167207,0.282266186704073,0.1878722174113936,0.3639015795576992,0.7051326411646508,0.23040811933244792,0.39075596165699766,0.2216369132986316,0.738390566561212,0.28435157151362994,0.45373362885871427,0.0,0.22822766601480424,0.5415458364589988,0.19288667381960065,0.28170489691356126,0.37173336579905003,0.16034259778797838,0.0,0.35223247418336656,0.41572402723847884,0.18511157368718661,0.07312634708868371,0.18356763116970787,0.005974645234447851,0.10997330598487781
0.28815326478402215,0.4949120658867342,0.4925330583600364,0.42259951122194556,0.5136547262139279,0.410868559964427,0.5887676483525135,0.26344650313744733,0.6057683490752652,0.7859051312791274,0.664119350380417,0.938525807891129,0.32869852866998917,0.0189821900581032,0.10597357930529172,0.5147601931017529,0.764309790687024,0.4207380659633837,0.656744186132637,0.5320601423116365,0.12876063287131428,0.5590255300967364,0.22240717162034151,0.7416869434501814,0.438533562498856,0.4996533973034687,0.3017353743820672,0.0,0.35356610194838134,0.45421393791590603,0.44862658542623723,0.4549893565555831,0.4379982187285887,0.2900587279565165,0.5508700681173575,0.5253785870562525,0.48916558388037135,0.7367800612975185,0.1451326022397329,0.6008493875947456,0.45379183327566375,0.3740217489643388,0.5452002404245905,0.3519621224880395,0.650850861528572,0.5979403452031881,0.8125754416135349,0.6062857893884757,0.0,0.6297142280140433,0.24371610993225445,0.37019251310784357,0.3265105627641254,0.27848630410712466,0.6628574180858937,0.44816787953313947,0.6177105948488137,0.25618671830170436,0.37376241106500263,0.2184051004216781,0.48002808718245416,0.19082002405949527,0.6464501297080425,0.7245941802350415,0.1683990990593593,0.3194251666611876,0.3219503035090544,0.23404949823342455,0.5655369680918803,0.6573163820071974,0.4351426207661405,0.2159833644721723,0.1489383377568887,0.16876815401105444,0.02190763396483897,0.19596373604503214
0.29249881835515235,0.45736035546028164,0.5714280116273833,0.3505593344385744,0.48992263818657633,0.31794415513853486,0.4046277072229013,0.32997348772399426,0.506438400119445,0.576579992689138,0.40205637227063906,0.3752414333277881,0.4101672979480322,0.42612441749773267,0.31411750358226154,0.652023589968783,0.48514586352832334,0.5529810301282437,0.5855555006398148,0.3723271926117152,0.16093820347810206,0.4533276439985799,0.26449429169481786,0.30762157039989274,0.4995057989655093,0.5157451676199989,0.23011501718520075,0.35356610194838134,0.0,0.5036691500254841,0.5245948701737011,0.22589797979650084,0.33617705688859423,0.4617213411159302,0.4913205778625161,0.37748845503082074,0.49583360059060566,0.46202935087114333,-0.08387612583754128,0.38126916552317824,0.1967440801328296,0.2289129684718411,0.1436220774116078,0.0905422897481809,0.6282514185798892,0.4338340775010014,0.5302336106770339,0.5859118128135972,0.4923529551690068,0.4512535489455391,0.28929731065351666,0.2664428801679103,0.530682571709928,-0.001730701567288384,0.632560012554343,0.4383851732171147,0.5879365461521456,0.20679682239190733,0.7828952334911221,0.4270118478918653,0.5857058376325919,0.48292924283873295,0.5415913537703567,0.5347319172864927,0.2885249414549923,0.36317640848114663,0.5288879433122281,0.244781764760644,0.4718540693168278,0.6879389076285214,0.4713219803005959,0.2152028747144226,0.09253463220910935,0.2403695144068517,0.08927378721021123,0.15489004337489154
