0.0,-0.010770393149008073,-0.0018921371465442927,0.0,0.0005869000857126605,-0.044145620302674826,-0.00290883764073796,-0.023923704004200574,0.0007715343630297911,-0.033803880275711906,0.0017805024507156486,-0.016016684550269222,-0.024791942885216134,-0.0009869732328082192,-0.037514112892944707,-0.029919200599695828,-0.005062333867947799,-0.05817083180492805,0.0,-0.03549658001336797,-0.01402337869598963,0.008078545103545276,-0.034021172786432796,-0.027886427412351644,-0.06198995007027425,-0.07098182914669571,-0.017633674667759225,-0.04009425509462611,-0.02151350412645575,0.0037280005166864805,-0.02979076480006715,0.060784160655764696,0.004739842190822685,0.0007556309711650444,0.025141375574393443,0.0005372972504276152,0.00017149907508556828,0.0070707963455908796,0.02857292539694628,-0.06154871127393846,-0.010922094167079177,0.0016708074105200588,-3.6274213907394603e-05,0.0,-0.0021434839152763563,-0.055746297157452496,-0.007930348297659318,0.0,0.0,0.0,-0.00404380537014315,1.1102230246251565e-16,-0.003716665252158746,0.0,-0.07339270190025537,0.0,-0.004084807113781175,-0.0008604802916011289,0.0,0.0005160015226021164,-0.057777064344796625,-0.0031483871480960657,-0.06538378686523899,0.0,-0.0039007840936278737,0.011247414511582177,-0.010247247446195318,-0.0024573460459719754,-0.005571511913827154,-0.07659227782121508,-0.05893467312998174,-0.0030833967300805676,-0.0001602633451107116,-0.08568351089448384,0.0,-0.06066504252297372
-0.010770393149008073,0.0,-0.0010117500670189794,-0.00010225932782903513,-0.003056213650065698,-0.034186219193162115,-0.03922471932486432,-0.06483473239622567,-0.02689044364659937,-0.00505111539953873,-0.0004877837965290843,-0.0020648609537141094,-0.049626409041054476,0.00026455581191092703,-0.03608208200362789,-0.040689281438650526,-0.004623014786194923,-0.0779298363741906,0.001186311231356485,-0.034821393608739315,-0.04983756794905164,-0.05643367470503957,-0.027033565774842394,-0.006406747478938102,-0.05279417647536072,-0.029004090779399305,-0.012401498575992154,-0.02943684389490636,-0.04196381033050728,-0.0042659429156932105,-0.030282204900220155,0.056761016281211885,0.002439295351891524,-0.004584656176981894,0.00818760705230126,-0.004411224556983895,-0.00021961223272531916,0.0,0.023870761116909944,-0.009521270735821374,0.005273330102238183,0.02328112104631236,0.0014198945248213302,0.0,2.220446049250313e-16,-0.0073084011026625095,-0.0005289546022253511,-6.480869162228675e-05,0.0,0.0,-0.0033087047064703223,0.00195961184406368,0.0013628786192489972,-0.00016412091904577375,-0.0005532195250557148,0.0,-0.0012582019637731867,0.003442919970105096,0.0,-0.006877920246010527,-0.010847110324404385,0.0008610679877800176,-0.08048678745827931,0.0,-0.012501190823533403,-0.026850638685599504,-0.004613589936936724,-0.032208795398238343,-0.0015776006045130075,-0.06147735491988998,-0.02430029811240353,-0.028824737897934105,9.622342786030913e-05,-0.024661223253572007,-1.1102230246251565e-16,-0.012548593526209961
-0.0018921371465442927,-0.0010117500670189794,0.0,0.035072636311300254,-0.059469489502750494,-0.055664991462676616,-0.05142904226650602,-0.07038198219442648,-0.07146994658543468,-0.026481849335758978,-0.10213505858685362,-0.03503033651556903,-0.04325390535581364,-0.038499623319578014,-0.0019746915607760096,0.0002172392477948759,0.0008253964783492274,-0.0028406088726450895,-0.057286996930029144,-0.002839494841639034,-0.0015584284893210842,-0.014144208237737321,-0.05439448685073828,-0.0020297660547096696,-0.006639937698825815,-0.006620452323892023,-0.038205553613081866,-0.017670087047443828,-0.01131342990388745,0.009224498282606186,-0.016552326060258638,0.0018305569403792576,-0.0018757425698090469,-0.014700938222470594,-0.026365785685795895,0.008670221119150445,-0.007983109333062122,-0.0019237565973098114,0.0041595995904599725,7.429117182544687e-07,0.0014160888632654967,0.003097540469585214,-0.0021589147927221775,0.0015600628812801332,0.0,0.0,-0.00038417216056985115,-0.1513830181980857,-8.147285403103943e-06,-0.0376246547192155,-0.040663331085019516,-0.0275657930541664,-0.039829293479171635,-0.03722026529881106,0.0009781972546050732,-0.07068200451712259,-0.0012541724433056123,-0.0322821895141151,-0.05697063305446537,-0.00022831978489085136,0.0,0.0,0.0,-0.18050022205883695,4.908371323553151e-05,0.00018666534297029358,-0.0004899788322298426,-0.05425812556883158,0.0,0.00017349395658838862,-0.0014730538068799537,-0.03611470909922987,-0.010109631102680483,-0.00039795275111065287,0.0015272415375030546,-0.009355287187396089
0.0,-0.00010225932782903513,0.035072636311300254,0.0,-0.038050994527324467,-0.005103469705158292,0.014287916093072395,0.0794445482702218,-0.022758404176735136,-0.10176457311487702,-0.014539187085259087,-0.005089294283234402,-0.033961525876125276,-0.03223338702033188,-0.0018753678208431879,-0.000557667676628737,0.0008693456325482019,-3.710020408648207e-05,-0.03934064070594928,0.030963643505647898,-0.00034211344986045944,0.03322403522285344,0.029806136392450944,-0.0003532704393233721,0.0006995570631974091,0.0010102020938198009,0.05850980787973342,-0.048144672300648006,-0.0027108191363596212,0.0013727717749790758,-0.004836592076183033,-0.03847240336891128,-0.015877597885644412,-0.08811151342519641,-0.06509072425357432,-0.022192354707966738,-0.010992699760575542,-0.007503905340936978,-0.007745123251120978,0.0004957550305430547,7.8012723363996e-05,-0.0014081414087602773,-0.0003625672589533391,-0.0011136586519608915,0.0,0.0,0.0,-0.0002839450155202594,0.0,0.0,3.8223892630029344e-05,2.220446049250313e-16,8.490875730382541e-05,-0.0007754329553112393,5.551115123125783e-17,-0.0008570987441364197,-0.0002123297005974245,-0.00018955199003595213,0.0,0.0,0.0,0.0,0.0,0.0,0.0,0.0,7.486398621447954e-05,0.0007565958717066223,0.0,0.0,0.0,0.0014044062621155762,0.0012760109617706017,-0.00012391260305849583,0.0,0.0
0.0005869000857126605,-0.003056213650065698,-0.059469489502750494,-0.038050994527324467,0.0,-0.06338672309147009,-0.07994413185419474,-0.007392816768471144,-0.06657999115254559,-0.04707983201033289,-0.0407182838725369,-0.07189918026843406,-0.06502741537694717,-0.023253505107016126,-0.00033944139829233944,-0.004887697952322467,-0.0019399740671202093,-0.004414574405758986,-0.05442682692864065,-0.009480755925461049,-0.0008024672378044717,-0.0020050274208076035,-0.047070409842670136,-0.01344647768085927,-0.008465445452642162,-0.007021596818717002,-0.045729635604575325,-0.026966393370474406,-0.009419014639684142,-0.003744380377323775,-0.031229803661115607,0.004300857023007032,-0.08630387150677682,-0.056649940095518714,-0.06574627875208111,-0.01918733040343512,-0.04631660717585975,-0.05916060115565136,0.006742954711239868,0.0008279973303121912,0.004423459205130098,0.0012347930228069903,-0.118381043923037,0.0011832111487122265,-6.040198494289273e-05,1.1102230246251565e-16,-5.393442223544653e-05,-0.0006577058696082272,0.0,0.0031966064177660902,-0.0003913357187199651,0.00034752653983161075,0.0014792822631751745,-0.013754879516389207,5.551115123125783e-17,0.002120214195665604,0.0010027216517412563,0.0034085719692759087,-0.006626390458331188,-0.0003616279264514466,-2.3961924563109527e-05,0.0,-5.551115123125783e-17,0.0016979862826134728,0.00046000162113285503,0.00012650991673662793,-0.0010194031885726318,-0.011099152262499468,0.0,2.381864666539668e-05,0.0008147892322060146,-0.0079318614320113,0.0028244946224729728,-0.0029745677866890863,1.1102230246251565e-16,0.0009791307954443162
-0.044145620302674826,-0.034186219193162115,-0.055664991462676616,-0.005103469705158292,-0.06338672309147009,0.0,-0.08207196940359646,0.013906871287426181,-0.03920075842736237,-0.011059032504808997,-0.053347419266250584,0.007226380114513986,-0.05806197507240218,0.016662562650624213,-0.03428303454423348,-0.027338246570744684,-0.00865286825391709,-0.035207578462081834,-0.07312226607971622,-0.045162826865099814,-0.012375616625677155,-0.04109454521911765,-0.05112333529883051,0.0008965802021959624,-0.01590316675793163,-0.028554500281472994,-0.032902704439321084,-0.050578447934787274,-0.04337917094210669,0.003398529149510221,-0.002957054494455602,0.03633728304797418,0.0021112770203521314,0.013989009306682454,0.021693676250898464,0.028601157772379815,0.013502512819736023,-0.006646012236951326,0.02461710751373114,-0.004219119901858581,0.03281719871881372,-0.011693513655567145,-0.03183874290534899,0.03303692796706714,-0.00195557627134485,0.0015822303586606745,-0.001691725002360589,0.0020803700079854437,-0.0004717625164112893,0.08255652933322766,0.008951108574765998,0.009329028850756371,0.030280073990639034,-0.017967391037458924,0.00423449219419747,-0.025689625766489643,-0.0023939629593232037,0.00950877247785853,-0.0036175582898568814,-0.0032853748602492128,0.0005230051184882956,0.0,-0.0008805800905372085,-0.02759619167322258,-0.006088879781980305,-0.004231813737124557,-0.023700382392286834,0.016414463949982028,0.00012753914027052726,-0.003044034745351365,-0.00383230029946513,0.013908426054206835,0.010755591226165095,-0.010791330737074889,-0.00646900332184186,0.011969693743421383
-0.00290883764073796,-0.03922471932486432,-0.05142904226650602,0.014287916093072395,-0.07994413185419474,-0.08207196940359646,0.0,-0.0005259583176462357,-0.08108723055934808,-0.02391737416751305,-0.042002533977473944,0.022238121134448896,-0.094248111400559,0.010932637684457513,-0.001857643847668844,-0.04257838513878304,-0.0041816228368816155,-0.009497913416412207,-0.052269400509481256,-0.04042991782042937,-0.001594747978357125,-0.052019324933425926,-0.021218407491136793,0.001639556672486664,-0.007069386966372937,-0.018282217987716953,-0.0634863107534111,-0.021578580133842507,-0.05356547798694755,-0.006870139535370856,-0.02676018057383711,-0.02660662061806257,-0.00033900300139871886,-0.02791747515624632,-0.049544923947229536,0.035499045377644645,-0.0002489323419759826,0.003031610781967453,0.04457909538349403,-0.0009551182865186747,0.06500995579037744,0.0045736125210121825,0.003649250627435374,0.006099025748964093,-0.001280228199049105,0.0,0.0020365445269331373,-0.018413841540525944,0.0,0.005313594198250393,-0.008457711148117553,0.0018134164450991364,-0.002575232028171781,-0.033477457231283037,0.0002304241580541877,0.0013507694845334983,0.0009127826942609274,0.0005537226313069299,0.00010282825126239903,-0.0004676201625409826,0.0007247828138774448,0.0,7.195509672713873e-05,-0.0020938577567776173,0.0010662692519312622,0.0013971237705553419,0.0009278935396220267,-0.01918882214570039,0.00011445326667663958,0.0009517153588561311,-0.0006155625442319512,-0.024156483031076315,0.007460091870073848,-0.0030701245706451497,0.0003412317911580809,0.022665717710071087
-0.023923704004200574,-0.06483473239622567,-0.07038198219442648,0.0794445482702218,-0.007392816768471144,0.013906871287426181,-0.0005259583176462357,0.0,-0.029208181076381345,-0.003962947238259018,-0.08593273892828662,-0.023998396632476215,0.009034546481175576,-0.018746126049237755,-0.014383960353277991,-0.02392734763735871,0.004885841354931142,-0.04611773764754029,-0.1285418522001015,-0.005418163948624655,-0.07601139979431021,-0.022051228809786272,-0.020084522417075257,-0.025511349079385404,-0.05225738161318122,-0.03472008606316135,-0.013530340945001884,0.013882432038705261,-0.010472110877580987,0.02322929756310993,0.026791555240907705,0.06587163823612158,-0.003069630897761133,0.044756716865843094,0.038935875452406454,-0.01961816608123229,0.10318981862232968,-0.002729183839469629,0.015310273947063913,-0.001763923047467142,0.015338998240789437,-0.005299467505805566,-0.002561591597537438,-0.0014491315041399444,0.0,-0.0007852853316653308,-0.004577373553118824,-0.009660920767236236,0.0,0.0037300180631995583,-0.013512513037608087,-0.004529046174966966,-0.05213672335597419,-0.05086076447801613,0.0006179392030851161,-0.07422390474901808,4.0412083567642476e-05,-0.012923887082678776,0.0006838603742235216,-0.07036620898316226,-0.000592628195815903,0.0,-0.00027521280879772014,-0.09862109967713972,-0.009680587426725173,-0.10801689868020714,-0.07905469867380555,-0.05541632967675236,-5.551115123125783e-17,8.969559116245307e-05,-0.008177556352004844,-0.055740243810175616,0.00982424257989628,-0.03033037940816924,0.002103372407367743,0.012968189712518785
0.0007715343630297911,-0.02689044364659937,-0.07146994658543468,-0.022758404176735136,-0.06657999115254559,-0.03920075842736237,-0.08108723055934808,-0.029208181076381345,0.0,-0.033300412561552195,-0.08359654660975704,-0.027521258105174085,-0.034123655931479535,0.018507647065869937,0.002489609096713752,-0.005006694546912993,-0.024259966580383208,-0.00015259000699036074,-0.04167387076225523,-0.008199307029344849,-0.0012968262790233331,-0.040358537753275914,-0.06818745818539945,-0.019869171387366547,0.03460543552407391,0.00409418472887535,-0.05363383422736684,-0.027971629422175404,-0.01249957401777424,-0.006279700746731287,-0.034451148269360576,-0.01953619821086422,-0.025612938450446765,-0.028822182807384356,-0.02605635753755714,0.0032812558288796145,-0.018331197800580068,-0.03805215255716893,0.015462981162446876,0.0008453670685671932,0.04997683438242995,9.272810913507623e-06,-0.06277806086346316,-0.0031364493286645256,-0.0019989629888761407,-5.551115123125783e-17,0.001271313977208366,-0.05275244102122134,3.913994109372432e-06,-0.007718085385988616,-0.030052277233114766,-0.01816657733978999,-0.03953908775512727,-0.05483544098171378,-0.0005728866687894074,-0.04618565326475105,-0.000987889759769267,-0.018814570484543047,-0.03937079233991092,-0.0008575228037475124,-4.355226367530607e-05,0.0,0.0,-0.051579983997937784,0.0002595164668376948,0.0019825114403390076,0.0005490163085105082,-0.03681016697097195,-7.86492911340475e-05,-5.7438166310763705e-05,-0.0027665024810864525,-0.020768444372793904,0.009174204946779452,-0.003505149511048522,0.00028819951246206177,0.003414947575587912
-0.033803880275711906,-0.00505111539953873,-0.026481849335758978,-0.10176457311487702,-0.04707983201033289,-0.011059032504808997,-0.02391737416751305,-0.003962947238259018,-0.033300412561552195,0.0,-0.04318116760904189,-0.02136287577415541,-0.03734224508195694,0.016582299030012737,-0.0026312617194603205,-0.032763670740048934,-0.02087323864321572,-0.015988966902903412,-0.03685647044721252,-0.042036112351233,-0.003459969419946529,-0.0026159380302938073,0.005330094574784949,-0.004887746078348687,-0.006964739826292865,-0.048652463293255344,0.004895028167698046,-0.018361444170789998,-0.006277603026685397,-0.0007637728939534627,-0.026735886816195487,-0.008400446056401667,-0.0004868611655275412,0.020232407751494708,0.010929902839729333,-0.07022791359933411,-0.039519603438842726,-0.008265981117543286,-0.01128618271370263,-0.04323431359255192,-0.030474481917365404,0.011329830398070673,-0.004514451784697282,0.0004474383552868222,-0.01925739121183434,-0.011878954761509797,-0.0010568568124779132,-0.0002033269628066714,2.222420076286591e-05,0.00028611086570057287,0.0010304079440746627,-0.0008841047475880992,2.707506914850777e-05,-0.002228918352446929,-0.09405599371856133,0.0013230286476554887,-0.10397748279138763,-0.05169306652574868,0.0,0.0010075307423393909,-0.0011794805797399333,-0.04444551593607193,-0.026622020296401316,-7.305211252028876e-06,0.00011869122308594271,0.00021891051039152343,-0.0022996283859553213,0.0029898350071936863,-0.09864408447469247,-0.039680740403057746,-0.07612418665050058,-0.006642215854964828,-0.045976178903990306,-0.001377053858777566,-5.551115123125783e-17,-0.053725947352154246
0.0017805024507156486,-0.0004877837965290843,-0.10213505858685362,-0.014539187085259087,-0.0407182838725369,-0.053347419266250584,-0.042002533977473944,-0.08593273892828662,-0.08359654660975704,-0.04318116760904189,0.0,-0.03634914330050404,-0.04426370862209994,-0.01565101244853645,0.0,0.0001435494616978117,-0.03569260381519679,-0.0245714112426883,-0.05461546414308477,-5.43917537971228e-05,-0.00010157903367274956,0.00047832067346353924,-0.0587465217309317,-0.044958382277626774,-0.020662193635788362,-0.03580280132139585,-0.05403216854725745,-0.045004879328764236,-0.004309079036139085,0.0004134138158232159,-0.04157777490004311,0.019661538634182296,-0.04341088047867392,-0.042102238812174175,-0.046084282074255856,-0.041697694777622585,-0.03718343592526735,-0.04666241426823181,0.011216949319282077,-1.6168512137260116e-05,0.007969993391613028,-9.333439009462374e-05,-0.08966674872520985,-0.0006787705063305283,-0.0005089062891156515,0.0,1.1102230246251565e-16,-0.16856888897933364,7.578972121002892e-07,-0.07610411414268692,-0.014166579018196401,-0.024607202425452557,-0.10138910017075908,-0.12775603777490296,-0.0071729413968270594,-0.051937213949333094,0.014424270943197981,-0.020476040394169726,-0.06662739867253609,5.551115123125783e-17,0.0,0.0,0.0,-0.1222112326149114,-0.000563541977476989,0.0,-5.4028538602146625e-05,-0.10617456124032132,5.551115123125783e-17,0.0,0.00011069320192708121,-0.008473098663948408,-0.028452706307296793,-0.001356876747346858,0.0,-0.023883934936690165
-0.016016684550269222,-0.0020648609537141094,-0.03503033651556903,-0.005089294283234402,-0.07189918026843406,0.007226380114513986,0.022238121134448896,-0.023998396632476215,-0.027521258105174085,-0.02136287577415541,-0.03634914330050404,0.0,-0.04389531856741535,-0.08945942723157274,-0.00037682960974438906,-0.0003162792402247039,-0.020931474935426853,-0.019707310940108802,-0.030197625853815135,0.002155617968241874,-0.019536648918607846,0.0003592944186452396,-0.013668774456860378,-0.025594027658477014,-0.026281241852074422,-0.06579824232368403,0.011023965678010728,-0.01612528003331043,0.003977518860756868,-0.0009827969936020975,0.011887356632407031,-0.00045691195519836914,-0.035133714019128404,-0.008433869519571924,0.00844456302988128,-0.06561572460360482,-0.019113717638658434,-0.0018052968564191696,-0.022465750943413798,-0.04094855977782208,-0.01865914593390189,-9.063314093143982e-05,-0.002325331651754914,0.001639791073271557,-0.018600870356552446,-0.0057394920670404415,0.0015295280375517972,-0.00019406355695367195,-0.0007363481283038376,0.00026167410909350153,-0.0012749082662912858,0.0016075699894649853,-0.0007231092491633007,0.0001347770964157391,-0.10594966965026792,-0.00047521149060480994,-0.10850976738787627,-0.045465396249416645,0.0001620018431536807,8.861435988022359e-05,0.00147502362064178,-0.05516132991887124,-0.03763371480506367,-0.0007351973055491068,0.00027328452793740077,0.001762017530831106,-0.0007641509443646055,0.0033713321545133512,-0.1006414187046682,-0.05535419946500797,-0.08610678353450657,0.0006019207278079031,-0.04382189199004305,0.001400400220967879,0.0,-0.06630533049867132
-0.024791942885216134,-0.049626409041054476,-0.04325390535581364,-0.033961525876125276,-0.06502741537694717,-0.05806197507240218,-0.094248111400559,0.009034546481175576,-0.034123655931479535,-0.03734224508195694,-0.04426370862209994,-0.04389531856741535,0.0,-0.014735703229729613,-0.03410015998590765,-0.03940295234309754,-0.046028849400053085,-0.04564137645407995,-0.04847345464291247,-0.03463649679292374,-0.025184141469947907,-0.05195046681786031,-0.0007740439811390609,-0.022473233236714685,-0.025520110195060397,-0.03198875254651795,-0.02091834627074385,-0.05703656419801739,-0.040946839669674384,-0.03686319312492764,-0.0447490786941902,-0.03587443528080564,-0.07279066664746708,-0.03789154911115378,-0.06856026754520944,-0.04095074594756054,-0.043348518967069316,-0.045136812569782636,0.06375852443196023,0.005333663565621705,0.10139280161793313,0.116918029914999,0.01205318202205169,0.12242146980464397,-0.0019193432648875186,0.000732280142624997,0.002479000181140001,-0.014339317449946432,0.0,0.0059885219811181,-0.0015931239031582445,0.0069939678598682775,-0.010287109119205495,-0.01559902640644073,-0.050640921022006125,-0.011571723591211114,0.0013026592124575354,0.01476844280508055,0.001129865490063886,-0.004440671672734542,0.0013499009922018912,-0.0002061064668719692,0.0015931791642645465,-0.015730387142806168,-0.0038166529799358306,4.706432703216468e-05,-0.023836192443884407,-0.013094982606606242,-0.001269230363711571,-0.0007562205975500946,0.0014899191717707705,-0.018785474132366142,0.02012832546689658,-0.00713157928747421,0.006954662099420084,0.017163548068226453
-0.0009869732328082192,0.00026455581191092703,-0.038499623319578014,-0.03223338702033188,-0.023253505107016126,0.016662562650624213,0.010932637684457513,-0.018746126049237755,0.018507647065869937,0.016582299030012737,-0.01565101244853645,-0.08945942723157274,-0.014735703229729613,0.0,-0.0009571761827217307,-0.0002689996193719346,-0.00010183938066471443,0.00011492575601007582,-0.060688334928740484,-0.0007128116108502391,-0.005485187498345867,-0.0005959536052519976,-0.004650674568644764,0.004170386985950125,-0.0004895077333754161,-0.001714831930867855,-0.013407722320616045,0.05936782454546513,-0.00121014102488054,0.00022666150686662112,-0.03267949400867515,-0.024119482256830527,-0.005860933165935667,-0.03488315162585537,-0.020214680338782265,-0.02576724005067696,-0.005986991844010081,0.0006772599000455237,0.005498130792362277,0.0,0.0004914908960639841,0.0009737224164315661,-0.004111346989594589,-2.181606182871665e-06,0.0,0.0,0.0,-0.011237676017310627,0.0,-0.004692092991680219,-0.0015137479632709727,-0.0029143334364467033,0.0019085990047768009,-0.009738516742212266,0.0,-0.009929365232115184,-0.00022190382388476149,0.0014637406043270795,-0.0038930494736478805,1.1102230246251565e-16,0.0,0.0,0.0,-0.008800954904613245,0.0,-1.1102230246251565e-16,0.0,-0.003031807438170664,0.0,0.0,5.551115123125783e-17,-0.005207020457709155,0.0006525797727187643,1.1102230246251565e-16,0.0,5.551115123125783e-17
-0.037514112892944707,-0.03608208200362789,-0.0019746915607760096,-0.0018753678208431879,-0.00033944139829233944,-0.03428303454423348,-0.001857643847668844,-0.014383960353277991,0.002489609096713752,-0.0026312617194603205,0.0,-0.00037682960974438906,-0.03410015998590765,-0.0009571761827217307,0.0,-0.027746723821131025,-0.004041349565306218,-0.03270579640842869,-1.1102230246251565e-16,-0.06731467330779373,-0.05773107049501908,-0.06494855148767892,-0.03856060696430691,-0.009799155290972694,-0.03945901525042994,-0.036123376566904175,-0.05746131037185104,0.03371362270394673,-0.013281942144250991,-0.004314570563710707,-0.011912342807402776,0.04663644180541693,-0.0224204137960341,0.00034552130594689423,-0.0010724155564612037,0.03549077231646436,-0.0023140640124053036,5.769439024955192e-05,-0.0006964621844013363,-0.007552494772558316,-0.05144357602924138,-0.006839692709616818,0.006957705291209704,4.03299714916705e-05,0.0,-0.00447548205322662,-0.004667469571873251,5.5286502671947346e-05,0.0,0.0,-0.011257079110477575,0.002594102869133086,0.0022933406632562603,0.0006458142499500275,-5.551115123125783e-17,0.0,0.0011590028683134412,-8.03624884307963e-05,-1.2423873628097937e-05,-0.048786343565978274,-0.004634999180642585,0.0006084688152100393,0.0007304584454131957,0.0,-0.01297116571971979,-0.07012640454306218,-0.05788891835195581,-0.03838135861783526,-0.0001479770391519808,-0.0008958123423235542,-0.10509125514955836,-0.030963376031921508,-0.009026083766546233,-0.024903941952039488,-0.0021320602994410742,-0.001993348421552965
-0.029919200599695828,-0.040689281438650526,0.0002172392477948759,-0.000557667676628737,-0.004887697952322467,-0.027338246570744684,-0.04257838513878304,-0.02392734763735871,-0.005006694546912993,-0.032763670740048934,0.0001435494616978117,-0.0003162792402247039,-0.03940295234309754,-0.0002689996193719346,-0.027746723821131025,0.0,-0.050860065012529654,-0.07584376671672144,-0.00013365052261871124,-0.019435073894169097,-0.03554472728326513,-0.03187518522867894,-0.030199308498918997,-0.020357285517910606,-0.07603408693603397,-0.03416665682448633,-0.014545941682652497,-0.025272554154303184,-0.037712806813526956,-0.01774047892201308,-0.07801344364151969,0.021092104228615016,-0.016911953041611305,-0.048280379695360476,-0.0252417922289373,0.002615098855970832,4.332477743568264e-05,0.0020018041085425042,0.020847696328214482,-0.0054951502071123315,0.0033443683922514955,0.011687951401314789,1.6199783289261305e-05,0.0,0.0,-0.023583668519112755,0.015148849408861187,0.0,0.0,0.0,0.005160799292360296,0.0005570118371013844,-0.00023282671123270315,0.0,0.02356195362508784,0.0,0.007605962427944146,0.0004038887826406934,0.0,-0.05791898532765677,-0.007176501428969584,0.005910322109989485,-0.040836452775851406,0.0,-0.016593095392485435,-0.026405414904866142,-0.003781876491198044,-0.03626583463361149,0.006390104363620475,-0.04955548276643612,-0.03377349426385179,-0.038693720404196275,0.0013832303013900371,-0.0321208031907414,-1.1102230246251565e-16,-0.02721474419245945
-0.005062333867947799,-0.004623014786194923,0.0008253964783492274,0.0008693456325482019,-0.0019399740671202093,-0.00865286825391709,-0.0041816228368816155,0.004885841354931142,-0.024259966580383208,-0.02087323864321572,-0.03569260381519679,-0.020931474935426853,-0.046028849400053085,-0.00010183938066471443,-0.004041349565306218,-0.050860065012529654,0.0,-0.02122621795682139,-0.0237349602479327,0.006878416364432149,0.0014818897183588309,-0.008721713559020183,-1.962228999879967e-05,-0.01861120983161285,-0.030272887451692265,-0.03008963770654194,0.035817743129576196,-0.03657355102580556,-0.004393173804203954,-0.003057039785142046,-0.03647741831439366,0.02594786026876622,-0.010511468042639083,-0.007021888505137186,0.021337692672602493,-0.0033788724868292763,-0.0003792199880302549,-0.005013813146232615,-0.0005374289294569068,0.004605835437074435,-0.04491752888696404,6.410868267620051e-05,-5.551115123125783e-17,0.0,0.0009846165479040492,-0.002867391876406833,-0.0005142131313702891,0.0,0.0,0.0,0.0,0.0,0.0,0.0,-0.04795792683572664,0.0,-0.06998071709088477,-0.0014703518287011441,0.0,-4.700041588989734e-05,-0.0019367668334125954,-0.02212911199569234,-0.033484830398614884,0.0,1.1102230246251565e-16,0.0,0.0007096105346365289,0.0,-0.039830475401067655,-0.033540922165174736,-0.039388167273224084,0.0,-0.0007250757041502021,9.762910234745181e-05,0.0,-0.042465158836494876
-0.05817083180492805,-0.0779298363741906,-0.0028406088726450895,-3.710020408648207e-05,-0.004414574405758986,-0.035207578462081834,-0.009497913416412207,-0.04611773764754029,-0.00015259000699036074,-0.015988966902903412,-0.0245714112426883,-0.019707310940108802,-0.04564137645407995,0.00011492575601007582,-0.03270579640842869,-0.07584376671672144,-0.02122621795682139,0.0,-0.002083126818203773,-0.019253699979606742,-0.06297164930648569,-0.03630164001565195,-0.049213176859140007,-0.015856383204798596,-0.048539358578024716,-0.06496963254157512,-0.02702100777187949,-0.030537918782989726,-0.042879581181302084,-0.03759875429473253,-0.04353430248430101,0.016259004547926448,-0.025741583455387684,-0.018830229492382444,0.006490914147897264,0.0014275403678730703,-0.00017120415108068388,0.0193239395265572,0.000997662969507318,-0.017919575411881494,-0.015526381206543871,-0.010075492172438583,0.0,0.0,0.0006480070344583866,-0.05715581309256562,-0.013197366287276524,0.0,0.0,0.0,-0.0011718685408832474,0.0003769217790766666,0.00031714392449333495,0.0,-0.0018833496041684716,0.0,-0.02348133634974836,0.0002670524222729287,0.0,0.000838659255881391,-0.042896696447159266,-0.01001123191888742,-0.03195130887311415,0.0,-0.002135072107115832,-0.0007469844489372823,-0.016428683694586943,0.0006622891656530849,-0.021021896460763745,-0.03504867220152763,-0.030097619874220882,-0.0012494987444153227,0.00041405341686739927,-0.004397844336559598,0.0,-0.033848801107265514
0.0,0.001186311231356485,-0.057286996930029144,-0.03934064070594928,-0.05442682692864065,-0.07312226607971622,-0.052269400509481256,-0.1285418522001015,-0.04167387076225523,-0.03685647044721252,-0.05461546414308477,-0.030197625853815135,-0.04847345464291247,-0.060688334928740484,-1.1102230246251565e-16,-0.00013365052261871124,-0.0237349602479327,-0.002083126818203773,0.0,0.00033537528540494854,-0.000319732327133726,0.001468413487410114,-0.06243936720453236,-0.013616515360028725,-0.011023267164514627,-0.0007187973512807755,-0.06087102052851634,-0.0372538426087059,-0.0015837241376632782,-2.7222975380380987e-05,-0.03221490832654095,-0.014606257038723203,-0.05913548613281172,-0.03301023489046989,-0.051084971826243164,-0.008871339604000938,-0.03881873597940766,-0.04258951418976209,0.062061495981301784,-0.00010769663455667544,0.0899947862680664,-0.0013659642933999128,-0.04680254525445465,-0.0013868669824666502,-0.00016364678985869574,0.0,0.0,-0.07180950479841375,-5.551115123125783e-17,0.016891080481319598,-0.019593430358904373,-0.025292622142257692,-0.03409488832036234,-0.0411715389966435,6.210504747394818e-05,-0.17634555748038144,0.0010923389124878335,-0.017651411825353125,-0.0008465749924545518,2.220446049250313e-16,0.0,0.0,0.0,-0.00846567894211464,8.403974086074184e-05,0.0,0.00011868053080121843,-0.04906936028807041,0.0,0.0,-5.551115123125783e-17,-0.023925462368016848,0.025228476772139685,-0.002335887229714062,0.0002897319023839051,-0.025243313022379144
-0.03549658001336797,-0.034821393608739315,-0.002839494841639034,0.030963643505647898,-0.009480755925461049,-0.045162826865099814,-0.04042991782042937,-0.005418163948624655,-0.008199307029344849,-0.042036112351233,-5.43917537971228e-05,0.002155617968241874,-0.03463649679292374,-0.0007128116108502391,-0.06731467330779373,-0.019435073894169097,0.006878416364432149,-0.019253699979606742,0.00033537528540494854,0.0,-0.036439164512358624,-0.028048315886344988,-0.05492003148030744,0.0013395886476613161,-0.023812054170871788,-0.03438296428693666,0.0020457637609052615,-0.006003376532587978,-0.01787283505538828,0.042884674830779845,-0.008303647214623233,0.058750063191255864,0.011290911130072245,0.016443539478019797,0.00861530048245085,0.033864239732573465,0.0008722393703904374,0.005856348898142849,-0.0014525981463713866,-0.04827089364766385,-0.051479298899491155,-0.005823390407565965,0.013878103802962838,-0.0004805749159499939,-0.0004448663167275213,0.000383484109464427,-0.04109966084733957,0.00024741527932597984,0.0,0.0,-0.007537840329841672,0.0010371618471046173,-0.08203736961606845,-0.0012121933623879255,0.000841363414364027,1.1102230246251565e-16,0.0015091237525248768,-0.004011270296356395,-1.1102230246251565e-16,-0.032468210400005915,0.003722063331939751,-2.5770359006194177e-05,0.001654622241646253,0.0,-0.02946097587890134,-0.07661450012528359,-0.04365416151801921,-0.05439000459362431,0.0,-0.025281914814194006,-0.0617899767842896,-0.041841143209762954,-0.025298235122857782,-0.02843787244917373,-0.001046227758210172,-0.05757779943945773
-0.01402337869598963,-0.04983756794905164,-0.0015584284893210842,-0.00034211344986045944,-0.0008024672378044717,-0.012375616625677155,-0.001594747978357125,-0.07601139979431021,-0.0012968262790233331,-0.003459969419946529,-0.00010157903367274956,-0.019536648918607846,-0.025184141469947907,-0.005485187498345867,-0.05773107049501908,-0.03554472728326513,0.0014818897183588309,-0.06297164930648569,-0.000319732327133726,-0.036439164512358624,0.0,-0.04769684037453986,-0.04906311097005128,-0.029655590052953096,-0.08742419442265209,-0.07906766769405993,-0.025413692168248292,-0.015822589794032504,-0.024140949413169632,-0.03022399012596777,-0.0154552533960427,0.05314151024704228,0.015450486568606092,0.003766250213649569,0.013319613889156257,0.09461210289029803,-0.00028463637862180535,-0.0030757978077848858,0.0323515939112442,-0.035606297448419755,-0.013989663768735727,0.029768757043689642,0.0030114480004936883,0.0,0.0,0.024689699625117523,-0.027250492245371294,0.002089748702735039,0.0,0.0,-0.005555760291796663,0.0004729610906360482,-0.15028658844867027,0.0016848752959182645,-0.0006884027914456081,0.0,0.00041301581265179577,-0.006460751044016222,5.551115123125783e-17,-0.0539525587626708,0.007769581729658748,0.0,-0.0007217563901311119,0.0,-0.035950417507247256,-0.006618861221503514,-0.025534660823956334,-0.06968034065045531,0.0010844587026080932,-0.0040270726745132435,-0.019429375974627128,-0.05138012735211983,-0.009033708225628267,-0.00708383054585443,-0.002600180798807472,-0.0534605150342124
0.008078545103545276,-0.05643367470503957,-0.014144208237737321,0.03322403522285344,-0.0020050274208076035,-0.04109454521911765,-0.052019324933425926,-0.022051228809786272,-0.040358537753275914,-0.0026159380302938073,0.00047832067346353924,0.0003592944186452396,-0.05195046681786031,-0.0005959536052519976,-0.06494855148767892,-0.03187518522867894,-0.008721713559020183,-0.03630164001565195,0.001468413487410114,-0.028048315886344988,-0.04769684037453986,0.0,0.0159778899611564,-0.00664557536680932,-0.04924247688726585,-0.04875701917412928,-0.009691841706043258,-0.02036605462356239,-0.03933785033016857,-0.03686304243496474,-0.039035064324897006,0.0652798314495554,0.047800248023850134,0.005147036660618276,0.010732799022418082,0.05862238877732062,-0.0022631475050546856,0.005089918697029017,0.0006989666446109433,-0.04652941987356801,-0.03059905203393054,-0.008389935396868664,0.009520572089167123,0.00018341138866223572,-0.0003842620669730068,0.000340839665603776,-0.013577434958189138,0.00016687990346442305,6.831735790469029e-06,-0.00013143940048349068,-0.0014250645336683632,0.0036909759802291053,-0.0015994603051058265,0.0003281620370733096,0.0009652932747332144,0.0,0.0011824179578081018,0.0014027933821750271,0.0,-0.07593036849544604,-0.011890570174252768,-0.00093953421603582,-0.0012364593980068728,0.0,-0.03782690153444396,-0.06138445242245444,-0.04259348061396201,-0.04871357935383397,0.002128170337491575,-0.03212215950510494,-0.04280597137470871,-0.039732171800731186,0.013939041477140979,-0.017757648908019952,0.00047180179221301133,-0.03771455685659669
-0.034021172786432796,-0.027033565774842394,-0.05439448685073828,0.029806136392450944,-0.047070409842670136,-0.05112333529883051,-0.021218407491136793,-0.020084522417075257,-0.06818745818539945,0.005330094574784949,-0.0587465217309317,-0.013668774456860378,-0.0007740439811390609,-0.004650674568644764,-0.03856060696430691,-0.030199308498918997,-1.962228999879967e-05,-0.049213176859140007,-0.06243936720453236,-0.05492003148030744,-0.04906311097005128,0.0159778899611564,0.0,-0.03030683012678187,-0.06135022516021743,-0.03464520507231106,-0.05653056281306956,0.004289110385932993,-0.0038259143310213073,0.015997841263752255,0.028118628572205873,0.05310516438301016,0.0977619575728722,0.042061120314120015,0.045866861494902045,0.08477147302968491,0.02833037881936168,0.012654958366296043,-0.011542835745584512,-0.010393674424810762,-0.012977298249172708,-0.007267052035442645,-0.08116199246272093,0.01644661787491636,0.0010437820009590038,-0.0007374945107133657,-0.00670969615774647,0.0060385700046702295,-0.0011810075660524944,-0.025016855348162115,-0.008509377256498585,-0.005791516386116635,0.013048880843278376,-0.038152632497058914,0.002312189949174648,-0.06666694217331537,-0.0033786523023458526,-0.014904432773967913,-0.042865043133193226,-0.04898941731524831,-0.0006537981661262071,6.268924831914768e-05,-0.0017154685693553384,-0.0325463431371496,-0.04269146868404827,-0.10940624956874939,-0.036429601219371666,-0.019702821209694132,2.204202037414671e-05,0.001865375414667081,-0.03304132432495266,-0.05001844165499714,-0.02272219051063956,-0.03701405123208207,-0.032604828034681455,-0.014725455114262154
-0.027886427412351644,-0.006406747478938102,-0.0020297660547096696,-0.0003532704393233721,-0.01344647768085927,0.0008965802021959624,0.001639556672486664,-0.025511349079385404,-0.019869171387366547,-0.004887746078348687,-0.044958382277626774,-0.025594027658477014,-0.022473233236714685,0.004170386985950125,-0.009799155290972694,-0.020357285517910606,-0.01861120983161285,-0.015856383204798596,-0.013616515360028725,0.0013395886476613161,-0.029655590052953096,-0.00664557536680932,-0.03030683012678187,0.0,-0.03594359581697815,-0.052869188137393885,0.026065062452267806,-0.005670545856906073,0.0017682961855887691,0.0008202065098738553,-0.006021309462016622,0.10309382567955466,0.0052024345712951,0.006641986352979357,0.07063902496509517,-0.0926727354608935,-0.012018307399652928,0.019790728022070214,0.049158662818764964,-0.0351412094510814,-0.007358527252239233,0.00714300401538126,0.0005464332128279348,0.00020144154154311256,0.01858785876320973,-0.04542039347869292,-0.00619778182035069,0.0,-5.551115123125783e-17,-0.0002476110460510328,-0.00019318993329248135,-0.000409300285543035,-1.6653345369377348e-16,2.783356615132515e-05,-0.06463188882183218,0.0004173859267395663,-0.07462427106293196,-0.0037147514596700404,0.0,-0.0019159615584463663,-0.007239722047141961,-0.04077297421581494,-0.046345060248417724,3.0174521143400135e-05,-0.0009173360649852302,-0.0012988800412311874,-0.005045631249426974,0.0005855112007451813,-0.06600607943169423,-0.046772135221250066,-0.05368167310779026,-0.0003531418517603857,0.003175345843599464,0.00041151412460627146,0.0,-0.061519945962161704
-0.06198995007027425,-0.05279417647536072,-0.006639937698825815,0.0006995570631974091,-0.008465445452642162,-0.01590316675793163,-0.007069386966372937,-0.05225738161318122,0.03460543552407391,-0.006964739826292865,-0.020662193635788362,-0.026281241852074422,-0.025520110195060397,-0.0004895077333754161,-0.03945901525042994,-0.07603408693603397,-0.030272887451692265,-0.048539358578024716,-0.011023267164514627,-0.023812054170871788,-0.08742419442265209,-0.04924247688726585,-0.06135022516021743,-0.03594359581697815,0.0,-0.056130119808608214,-0.009286372652730301,-0.011767024499303114,-0.026268011446248685,-0.001926979013301855,-0.04810346018913636,0.030284646321758202,-0.018404650925788135,-0.010843869716145205,0.007550199882203956,-0.0008462683260793691,0.0003514201194840805,-0.006740807185587394,-0.003591479405800957,-0.019784423944527618,-0.028046845908584084,-0.009963797807672425,-0.0011141252530805779,-5.551115123125783e-17,0.0014759608556798587,-0.06133679853147428,-0.012479718722219368,5.551115123125783e-17,0.0,2.220446049250313e-16,0.0016633574751305225,0.0010411893902878555,0.0009715138499497011,0.00046654055533545957,-0.026879025336535245,-0.0003608054517851289,-0.04796485449307991,-0.0024322940759003986,0.0,-0.001321190889849222,-0.046471413357466906,-0.022836970032384496,-0.03895891571222404,0.0,-0.04193270019887113,-0.004005639708043407,-0.014684356762385997,-0.0009546522162502957,-0.03401249358008035,-0.04432294067086018,-0.038744537113644006,-0.001655543139779947,0.0006253096514122203,-0.056835316994869656,0.0,-0.04098537195477109
-0.07098182914669571,-0.029004090779399305,-0.006620452323892023,0.0010102020938198009,-0.007021596818717002,-0.028554500281472994,-0.018282217987716953,-0.03472008606316135,0.00409418472887535,-0.048652463293255344,-0.03580280132139585,-0.06579824232368403,-0.03198875254651795,-0.001714831930867855,-0.036123376566904175,-0.03416665682448633,-0.03008963770654194,-0.06496963254157512,-0.0007187973512807755,-0.03438296428693666,-0.07906766769405993,-0.04875701917412928,-0.03464520507231106,-0.052869188137393885,-0.056130119808608214,0.0,-0.015838268632227648,-0.028525603301734592,-0.016508576271926367,-0.0018258150589435251,-0.04733043539428522,0.026194664285262903,-0.045411981544434654,-0.023014229011177834,-0.01918742872669643,0.04858564624817374,0.01966925195357916,-0.017703750741242974,-0.027362214981290156,-0.04057175569891602,-0.05392606873531958,-0.021180473927968124,-0.006044474935758104,-2.6466458604545995e-05,-0.0053816712169062475,-0.08315422025746488,-0.06578304571756877,0.0019507632457163027,0.0,-4.2648409868562e-05,-0.003619003921794539,0.0021992813411837453,0.0021515380350144997,-0.0022393059696971807,-0.045827253875341256,0.0,-0.06519289782624949,0.00038584685989551115,0.0,-0.0070532628087705,-0.07544256826013135,-0.03532525360875122,-0.04424096412529882,0.0,-0.004116118716833872,-0.006910475687593176,-0.08472501443031888,-0.007349570525862936,-0.04032039506887464,-0.049182908626110466,-0.05677393012380394,-0.008694990841335348,-0.00453429868917149,-0.08036288768437205,-0.000462893725437008,-0.05377763693816767
