0.0,0.5728307363355081,0.3801371933617962,0.0,0.4039045843824265,0.22657829682188127,0.47418557187200905,0.42161684838975466,0.4319083528059009,0.2950725205665802,0.4662357566991603,0.47284913537971873,0.4284880808004459,0.5493926401584543,0.24533190023287396,0.4918538121115096,0.3826996185650615,0.17680475602843598,0.0,0.37859767244476217,0.3601873340351092,0.7114803741674118,0.3504512623541043,0.4525188148373544,0.08784769959763222,0.13954180742555258,0.4754493269411686,0.29393182974499543,0.4354015096322037,0.6858875816984082,0.3639188156785295,0.9676400690317892,0.5954245006739389,0.4802482810162833,0.7030077375314342,0.6868468224214452,0.4952913182490923,0.6066776430599805,0.840421655379122,0.15968446261953295,0.4369628318490564,0.574392038858657,0.5058905960603345,0.0,0.42423585703461764,0.3257278722432874,0.5899186877218848,0.0,0.0,0.0,0.5003041468899421,0.0,0.5831249631219766,0.0,0.05565900868935064,0.0,0.5769094787903248,0.7324846084616579,0.0,0.5820643317151518,0.2210626139799351,0.27553591792560955,0.15446290295332427,0.0,0.47023611012724337,0.602114392971669,0.5672820268897028,0.6300807592121347,0.6137543138529846,0.17143715475179067,0.2597362332575919,0.44081008326620175,0.40234322008508006,-0.18357599080481846,0.0,0.18651676739773237
0.5728307363355081,0.0,0.5304107133445543,0.3227732406174664,0.445387459803675,0.2714380001474843,0.2694391647191702,0.24619034501980613,0.2713991253469943,0.39722827376110664,0.3127574077968027,0.44256515333071833,0.2206457673587901,0.5400102202379341,0.3423620971624206,0.318098804648732,0.5930415234934774,0.08070588474744422,0.6100702073498464,0.2947587709383024,0.27913201539840016,0.25453798187407906,0.4578571341150559,0.41042827513853486,0.25409452349491174,0.3503630340411438,0.4822581559871725,0.32649049063059693,0.18926277642165648,0.45680436487741727,0.37924550658295497,0.9471615000210447,0.4482084656149177,0.47597549668325273,0.6028295214284094,0.4932797986116923,0.22668860218769493,0.0,0.738166524668244,0.558826043061946,0.5401066427628551,0.8047974273059212,0.6724047334432064,0.0,0.0,0.5962246624284777,0.6026558815027584,0.04168691362050485,0.0,0.0,0.5763166445166745,0.6548591784650678,0.5576667212891889,0.5938144148762051,0.5730063876424858,0.0,0.41438385145161405,0.667525929882836,0.0,0.5429081181472091,0.5167563713715226,0.6527389844291109,0.09063191951503793,0.0,0.508866293481306,0.5131109337634007,0.6319261739336146,0.382005698924636,0.43131418293682283,0.19026213860902275,0.45274305917352575,0.37623205215964106,0.62693215574471,0.43170704802348153,0.0,0.5474851391134119
0.3801371933617962,0.5304107133445543,0.0,0.7551252623034292,0.19140891629462406,0.20471989017830694,0.2775598333657132,0.33358657202870656,0.007609411125894944,0.3949800462408024,0.03621378564474159,0.37412433620632096,0.35216643161167427,0.38723600147935544,0.32782456426743944,0.4003859243522269,0.6482139464925702,0.5048245480403514,0.1716399527024967,0.36078078550776094,0.4339176072249087,0.4630774291378371,0.23235074540537826,0.42926813469493086,0.457685413538076,0.4580120852036597,0.2838611449595542,0.5482868631480315,0.5255039382788191,0.6848091124047082,0.5607026351934241,0.6509452262630139,0.49460734981772186,0.564076945026477,0.4281297011871559,0.6889767470402517,0.5026092530730621,0.49204024063638835,0.7181690516818169,0.46938525930598896,0.5488713884075462,0.5381996196321227,0.6629820149786929,0.6205506052114325,0.0,0.0,0.20708622235537005,0.17078617772947735,0.5062748079744732,0.3612735747549815,0.42071204923712524,0.48849961598950054,0.49895915128305796,0.5656294805051929,0.4066947976197067,0.4551678956606572,0.5205859723280026,0.4574274389552332,0.4474364021757955,0.28312420280095707,0.0,0.0,0.0,0.06311084891645818,0.6796003013606139,0.4773549075364666,0.12594975917086415,0.44740728095671056,0.0,0.6670532226081387,0.35862197891955894,0.522427744857717,0.5161924002489373,0.6342422390861833,0.7326759796969766,0.4144953311620264
0.0,0.3227732406174664,0.7551252623034292,0.0,0.2784977757282403,0.5264362339976296,0.5474956684586714,0.9418375739248425,0.45550639830046524,-0.0012685001937094154,0.4124372244370026,0.35788006127860417,0.32098866870735965,0.32324573106960824,0.6057944188642146,0.0716618620286194,0.592510824869959,0.5061750345784417,0.34520359931481587,0.8456959489327804,0.43374919516454646,0.8361789061771912,0.9015299614169134,0.2607974434086724,0.9266056203619539,0.6340597643236041,1.1147556542077175,0.2410690428356623,0.45804101134108366,0.4768232286392022,0.49349032888939276,0.0001801040826460154,0.1963489194572064,0.030445978069255253,0.05684798532698587,0.23517850045061783,0.2589068904741135,0.30697211762320675,0.1541845313034444,0.31286119610305885,0.3712441198342561,0.29691605972011387,0.23451082205566995,0.23944576755194738,0.0,0.0,0.0,0.43825138971626587,0.0,0.0,0.5798971235368164,0.0,0.48074430356574027,0.021350137539852196,0.0,0.1855606891552758,0.5282381510813734,0.4989607696368147,0.0,0.0,0.0,0.0,0.0,0.0,0.0,0.0,0.5107173353566873,0.6314908852462384,0.0,0.0,0.0,0.5126712811867997,0.48628874557842316,0.6195290034298786,0.0,0.0
0.4039045843824265,0.445387459803675,0.19140891629462406,0.2784977757282403,0.0,0.08251123324413151,0.03107599028168609,0.5437708346495689,0.10898068006058567,0.3511583052000204,0.2260157897897975,0.14810146048079598,0.17825268072721537,0.3256119552447818,0.49283830896692343,0.5697282191723991,0.5408537256530438,0.43950878159949003,0.20306053566383078,0.4778718163883776,0.49701829566012407,0.539232142451761,0.21105552583949072,0.4381570332613718,0.46373709531501084,0.46459915851013867,0.22822789712689076,0.3673127256874141,0.4905079465712553,0.4148966307528316,0.37533963672627935,0.44836633937214293,-0.011735265733641309,0.17652366490217059,0.11841907815988642,0.3024664114989639,0.19562681804528367,0.15729832187112217,0.6104623657522974,0.6966252043585848,0.5733868908605296,0.4343131478364616,0.10014205976043067,0.6772557101255767,0.26764773520922736,0.0,0.39512081839591906,0.6216791970150893,0.0,0.5862620270218111,0.6413159577074574,0.6452940662713266,0.5687667422146664,0.5124492640434579,0.0,0.5405367400246962,0.3812046452388581,0.6918947887987406,0.5707151538150748,0.23761972490587382,0.4797521601529269,0.0,0.0,0.6793904142961047,0.3518171732482825,0.4943138391362253,0.35380626779185353,0.5881161262970838,0.0,0.47012483484469814,0.568413961779971,0.553079965950094,0.6324770177891269,0.42081648553909046,0.0,0.5385407407265455
0.22657829682188127,0.2714380001474843,0.20471989017830694,0.5264362339976296,0.08251123324413151,0.0,-0.06771509449462709,0.6611653659350487,0.2614203988241356,0.5194671733372015,0.19029300458026882,0.7371094735634014,0.14716199911664685,0.6821192264070967,0.36509830669112164,0.40139538238873185,0.4751329410908596,0.3163894432419119,0.195855909319469,0.18055990154646898,0.5158885713885389,0.20387427829548938,0.23299241811735902,0.402491828655858,0.4242178934922965,0.44554976459219847,0.35038575728974297,0.2716185728358842,0.25592557237800767,0.6541353185095184,0.6116089585786022,0.8548208303402952,0.6791842472350778,0.7235861209748284,0.785631908210404,0.7992772904196732,0.6747453670972556,0.43898810978859915,0.780261803951934,0.31486538753373217,0.77504514690853,0.4718100050060798,0.48051709794112485,0.7324358100772985,0.2041555105280486,0.5835245991321392,0.5446983996767301,0.6682730787483412,0.5962063858849409,0.8783124593780804,0.6625307120557838,0.7307732469868713,0.8359356839965906,0.5737651364854173,0.6766166001199935,0.5040773948836281,0.3502123441185021,0.7137956671149902,0.5881545168484301,0.6052443649521291,0.5763638986992836,0.0,0.5462697304269004,0.4543426302577682,0.5839038096092257,0.42909719954684766,0.455908276645554,0.7181518815247615,0.6278119552869678,0.4637007812254327,0.556717958700244,0.710632261729107,0.6510295802622416,0.554455023527572,0.4742267386084731,0.6774640101991836
0.47418557187200905,0.2694391647191702,0.2775598333657132,0.5474956684586714,0.03107599028168609,-0.06771509449462709,0.0,0.5337612051380987,0.04703385621093081,0.3923859323819777,0.3185734376670917,0.6201317345832651,-0.07568628624069285,0.4275541068204367,0.49233308304618467,0.3090866953152414,0.5631364768643508,0.5277855316242683,0.2667908174321577,0.24325595489350915,0.47950180379268903,0.22025427743267595,0.43591637639501335,0.569293037157296,0.5151051351631819,0.5032449941347361,0.03349572395686623,0.3536615523679615,0.1736659627303765,0.45164363228412235,0.3409582254061394,0.3524006615978641,0.5217042263155334,0.24420658077522459,0.1068946111350299,0.8379834347171697,0.4626376208639303,0.6831381213918603,0.8311226720522775,0.4491978897600718,0.7667696575668261,0.5346649841736615,0.6006348551163063,0.8507677952829567,0.3519039737721186,0.0,0.5924316796000813,0.4236506404725444,0.0,0.5802245542393387,0.5674761435076796,0.6483127606525271,0.5214634570462795,0.4395918510944925,0.6098335659348084,0.5111476223401206,0.47401851440604315,0.5219238397331994,0.3566725758072923,0.3392958917201855,0.6233185548589963,0.0,0.5436355514880006,0.6106576989427415,0.6707001108539781,0.5148372472481039,0.5810218655793594,0.4876151288877257,0.5076288986469654,0.6380616264002743,0.5502253996606192,0.43774467907752906,0.5969127315419587,0.4285575394949265,0.759588990033522,0.6449230522729886
0.42161684838975466,0.24619034501980613,0.33358657202870656,0.9418375739248425,0.5437708346495689,0.6611653659350487,0.5337612051380987,0.0,0.49961991338573,0.5804969299730369,0.15406456397311144,0.4565009517948683,0.658358794760463,0.5550212485659674,0.4526317504600129,0.533067981748053,0.5362062669477792,0.3389146207112907,0.08140858430864353,0.45322188421323073,0.05197035489856455,0.38593247583676515,0.4858416269418361,0.3047410326799555,0.27995446801723234,0.3611775664121539,0.5305098911842854,0.7019953671969974,0.44854965747149267,0.7575364929513151,0.8082581332947014,0.9136259868173449,0.5215312000653587,0.8987989810773507,0.7551527664998856,0.40245700693789843,0.807000533911661,0.5770762457155155,0.7172807496427234,0.45819952093881533,0.5128796807592404,0.5291879461148371,0.5329216440699206,0.43423010067951634,0.0,0.5951342343077579,0.3639017121911761,0.635666918061296,0.0,0.6072694205559206,0.5572786017735406,0.6466248234477573,0.3490460293709879,0.3130114762645773,0.8795197219893919,0.27615813278648327,0.9440143310245087,0.549852045722656,0.5144655289476373,0.2678740039041182,0.3959101212261897,0.0,0.7001915361372331,0.39958989531569067,0.6527073150725596,0.29592263159628124,-0.1488592344874191,0.3710824816155047,0.0,0.47541305111132637,0.38267479384857483,0.3152875026465932,0.6438870274061446,0.4813247481732792,0.46642220872485307,0.5522060838341654
0.4319083528059009,0.2713991253469943,0.007609411125894944,0.45550639830046524,0.10898068006058567,0.2614203988241356,0.04703385621093081,0.49961991338573,0.0,0.42573891265863234,0.03578285509167051,0.4257443949616488,0.370833489617005,0.6418543323052964,0.6002860254044741,0.511101424158401,0.2895604505113466,0.5488323285154024,0.197277199243029,0.4558543347363062,0.38637755517400896,0.22290051193586916,0.20865154734224428,0.445139784985621,0.7326655512652342,0.6446191848378173,0.20777094255621187,0.458924016044792,0.4128665291775572,0.5604121507133564,0.4356041410020508,0.5242439789360673,0.43865069104965915,0.45765981263865774,0.4208644635933047,0.6453392142051118,0.47965345373271434,0.37343223995656777,0.6996107024816418,0.5233813805156663,0.6700365085640205,0.33286467734042113,0.2855261628322248,0.41990927313734766,0.2828186390916789,0.0,0.4935549780735958,0.4294622727753237,0.48783972044855506,0.6048712790174525,0.47926694974051665,0.6015903588948517,0.4333486517828825,0.3437450629344534,0.22176028228491562,0.4839969134553821,0.4884347109388548,0.4887311360653689,0.4065718247357232,0.44931188307724046,0.6324484688796149,0.0,0.0,0.376056055713978,0.6408656071289033,0.7370063654249686,0.5411146338145177,0.47929722758180027,0.3411924647126807,0.5462933482116237,0.2580701460912047,0.5235219766166105,0.5738112396838375,0.5527886625109832,0.48376861263172255,0.6690948750515684
0.2950725205665802,0.39722827376110664,0.3949800462408024,-0.0012685001937094154,0.3511583052000204,0.5194671733372015,0.3923859323819777,0.5804969299730369,0.42573891265863234,0.0,0.37318467671805516,0.401449295755959,0.3132108672920619,0.6231147059466833,0.4380470060509185,0.23682249851680715,0.5160065895546321,0.43818406420112455,0.3974350767769736,0.12924749669324953,0.6404405104264965,0.48946122964949346,0.6189441125216033,0.48471637842036674,0.6488057658068475,0.3650579556149425,0.5548022940399613,0.5472701764547941,0.4328934652828932,0.4322095457429188,0.48726126342664533,0.39694227737418575,0.6340679793158368,0.7080280643760521,0.5846562469408486,0.1349259949814134,0.27790282018021184,0.44461900503351004,0.42022453907522983,0.24407164231846226,0.33016534364178307,0.488375407451616,0.38911356665102215,0.3384488289403462,0.41383310791080563,0.5914200032607614,0.47151418149360375,0.1774384038394286,0.49128063086306745,0.4665315251118667,0.5149977028758039,0.45661474122764767,0.6045352841431608,0.23863465641424864,0.0865782619940352,0.4540465319224906,0.045722181571523246,0.29191618469621555,0.0,0.9570855440313808,0.5446387027835541,0.3008351952741896,0.3584466551783707,0.4789728798149542,0.5059751208861515,0.5829902144394496,0.3339764214101069,0.5974505474346821,-0.027911638447322473,0.3024919187842957,0.12746269710636557,0.5144645794178853,0.3322376242422045,0.45062115125353536,0.0,0.37705326074320317
0.4662357566991603,0.3127574077968027,0.03621378564474159,0.4124372244370026,0.2260157897897975,0.19029300458026882,0.3185734376670917,0.15406456397311144,0.03578285509167051,0.37318467671805516,0.0,0.3542196591156242,0.294393077893543,0.45416974516769526,0.0,0.5250634792765212,0.2934609296774612,0.3637526559550949,0.16255933252549612,0.47921058768955105,0.558131746071354,0.38765006285395176,0.1957371368063689,0.2915980933584849,0.4764261865588147,0.4035869482439731,0.23261247153428302,0.2927824991896622,0.3841941546571228,0.515460031586603,0.35352325040046806,0.6430409404353361,0.25893427524480417,0.36077029736555033,0.2793565368495745,0.3476647350378371,0.48706063266996136,0.33005037515224966,0.6263836269040244,0.4733962896437494,0.5794512414662979,0.4588846090343603,0.1854860898028815,0.5985283567027115,0.19171845226628603,0.0,0.0,0.17229041788643795,0.4689324152105284,0.15061806507497522,0.5452770998221199,0.39943945073561876,0.20383922883378622,0.13832020035300494,0.4156331323329319,0.28199094056885055,0.540678498263608,0.45910314169833794,0.2728350737146229,0.0,0.0,0.0,0.0,0.12274997231650159,0.3825438756695563,0.0,0.730309543959252,0.11723956728701923,0.0,0.0,0.9305115395387689,0.6292532783914377,0.3563359813037283,0.40674249431424425,0.0,0.34621099854397397
0.47284913537971873,0.44256515333071833,0.37412433620632096,0.35788006127860417,0.14810146048079598,0.7371094735634014,0.6201317345832651,0.4565009517948683,0.4257443949616488,0.401449295755959,0.3542196591156242,0.0,0.2057676548637591,0.3351700343679652,0.3888527176609942,0.6273975688579129,0.5497316540004702,0.5926741038859724,0.4123729668119881,0.5369428128627298,0.47104317001781115,0.4687764833678807,0.4364591002221301,0.30267478505117423,0.4892757907722428,0.26408965631036796,0.6343833919460597,0.4959045557387179,0.6101403246692063,0.3390178543624458,0.672732247209925,0.3157227358077882,0.2964085074148806,0.36723469168306666,0.5922184779419427,0.09554537917480305,0.3323972785434466,0.2828328638597598,0.4082305847318928,0.3210636516035633,0.43331543394554284,0.321926245494188,0.44262670227745016,0.4935302660553284,0.4284608889974957,0.457665899408252,0.5897746712697529,0.2743963142124935,0.20019666872674602,0.2710355006356978,0.3362065321422009,0.5202073369863973,0.24258544058708875,0.4293893562854434,0.011442980574262407,0.26492988048088095,0.10002913911747613,0.26277996232839285,0.7032378005640072,0.6859255640372415,0.5418411346101215,0.2396279028975825,0.38578095733272183,0.3470469421216937,0.8009253493468911,0.8013540469539515,0.4428448261696496,0.5360691844368354,0.00327620697752265,0.24528753814956705,0.08256838998403115,0.3950350418005288,0.42091536998743434,0.5084585611977506,0.0,0.3947134050258385
0.4284880808004459,0.2206457673587901,0.35216643161167427,0.32098866870735965,0.17825268072721537,0.14716199911664685,-0.07568628624069285,0.658358794760463,0.370833489617005,0.3132108672920619,0.294393077893543,0.2057676548637591,0.0,0.4133940131086776,0.2921729269268414,0.3563703762395575,0.19538997340367645,0.2671625238232128,0.3220254374107281,0.34104872963463717,0.3867509587892195,0.21809226985505126,0.6304986013941629,0.3006598511537632,0.4477445098212919,0.40542734945708714,0.4271004401498589,0.17261179380734584,0.3123440220632211,0.2746060055728029,0.15068810698269972,0.23608048027879824,-0.0553417977458498,0.21116019496499405,0.00012080938334374514,0.3516513686387981,0.26692344141902474,0.15951855910253665,0.8252458767181311,0.5606481693083472,0.9558824961234426,0.9707896920144685,0.6318147278247159,0.8530274555331957,0.44344377295785214,0.5770181865830184,0.6535986010773351,0.5967817906232329,0.0,0.7133455200941371,0.6270677000574092,0.6686015456407715,0.509035392755395,0.5845432204752408,0.1522473638766681,0.49440838307906654,0.5247617305005787,0.7318047098022827,0.44917100703575835,0.48442568410583897,0.5369839954016447,0.4230234593012243,0.5819936171940736,0.5524550947564761,0.5548430957491244,0.5908779572751903,0.3564719812557753,0.5786155707378301,0.5103011857240239,0.5244169542376528,0.5495254817922909,0.5498347285197809,0.7253069014679409,0.5697838001089759,0.6206016148733866,0.6494307534665051
0.5493926401584543,0.5400102202379341,0.38723600147935544,0.32324573106960824,0.3256119552447818,0.6821192264070967,0.4275541068204367,0.5550212485659674,0.6418543323052964,0.6231147059466833,0.45416974516769526,0.3351700343679652,0.4133940131086776,0.0,0.547793774341831,0.6310135262157595,0.4794530236645263,0.5013858397457418,0.27372592841248244,0.41833207212170564,0.49754780558440326,0.28298620659999996,0.5945882007313927,0.7217523508626854,0.5189528073964373,0.5055800420158424,0.5330526908206263,0.7460999938434749,0.40653323204413,0.80552809714689,0.37058228823620576,0.22952908182767992,0.23701873319162803,0.4769937154035433,0.28843333791175463,0.20780338302441378,0.2757686679218828,0.4067102583234542,0.7165979378210796,0.0,0.7163851023820254,0.8374134967437473,0.5783716444712431,0.5058189231335413,0.0,0.0,0.0,0.4771946923875187,0.0,0.5455537228623227,0.47536521838625745,0.469037183349453,0.5885544929500062,0.4345951382485983,0.0,0.5229511496848676,0.3972680638873103,0.7024846446405912,0.4863118448702577,0.0,0.0,0.0,0.0,0.5082546397570056,0.0,0.0,0.0,0.5964566365124269,0.0,0.0,0.0,0.5056105072771557,0.7194824303798897,0.0,0.0,0.0
0.24533190023287396,0.3423620971624206,0.32782456426743944,0.6057944188642146,0.49283830896692343,0.36509830669112164,0.49233308304618467,0.4526317504600129,0.6002860254044741,0.4380470060509185,0.0,0.3888527176609942,0.2921729269268414,0.547793774341831,0.0,0.41850601675326515,0.35772487478400217,0.290127666570579,0.0,0.2567149812701493,0.09083290730011723,0.12912716496293952,0.2843065585086085,0.4457915730215627,0.25917094738146296,0.3561661380704478,0.15940179049690045,0.7906166504490407,0.45621724079494386,0.46429514724181875,0.5189409066444721,0.9496490416552168,0.451143667918718,0.5671501605378275,0.5842423497658407,0.8635779881640706,0.451914388257248,0.3645776419745079,0.4958551006621894,0.5675243760848698,0.18172240125830283,0.4575908855651729,0.5227776820261382,0.6035809473836462,0.0,0.6056012064961781,0.6408630503627897,0.4755047338148195,0.0,0.0,0.4822778602185335,0.7275214722684988,0.5977739768693215,0.5439867571978817,0.0,0.0,0.7076412652666612,0.6091911260186196,0.4816978927213519,0.4186058063379023,0.6373078633465116,0.6657992672094034,0.7472094522834634,0.0,0.696050258749563,0.060575604020217666,0.43402366173270873,0.5965906589525906,0.4898738058907788,0.601609738614493,-0.007310554280456405,0.49088580648471836,0.49280795601271254,0.4032054274322448,0.5609328471789019,0.5352825545732511
0.4918538121115096,0.318098804648732,0.4003859243522269,0.0716618620286194,0.5697282191723991,0.40139538238873185,0.3090866953152414,0.533067981748053,0.511101424158401,0.23682249851680715,0.5250634792765212,0.6273975688579129,0.3563703762395575,0.6310135262157595,0.41850601675326515,0.0,0.13293449346556377,0.17907247315437735,0.4601767969220255,0.44327040818252605,0.4133582757690577,0.36002695913696336,0.46061170073734253,0.4665285089667308,0.12063699249345072,0.41145757106788616,0.5445357231443813,0.41915977675374233,0.2873039301780196,0.4895195347400871,-0.13492927085262663,0.8057840142927482,0.3395642656226947,0.14023691317746453,0.4083998280091351,0.6665184996103499,0.385912943795168,0.5988634543955418,0.8143613832811635,0.5222961889891602,0.6201610777013491,0.6854105823818097,0.506749881175727,0.0,0.0,0.42040773112586016,0.8074082016249357,0.0,0.0,0.0,0.5886768858363878,0.6054986455065968,0.8216011531598761,0.0,0.7843854551454024,0.0,0.539242089072167,0.6122954158277711,0.0,0.21799809458677374,0.6126179815588216,0.6190917005418062,0.35431488130057276,0.0,0.467125329464655,0.47082542981723713,0.6232664645714112,0.3697961268063809,0.5014580591147617,0.37432374037069477,0.5094549889325594,0.33348381797660587,0.6315496128204103,0.367823580873445,0.0,0.2999062011383047
0.3826996185650615,0.5930415234934774,0.6482139464925702,0.592510824869959,0.5408537256530438,0.4751329410908596,0.5631364768643508,0.5362062669477792,0.2895604505113466,0.5160065895546321,0.2934609296774612,0.5497316540004702,0.19538997340367645,0.4794530236645263,0.35772487478400217,0.13293449346556377,0.0,0.5643013884730023,0.4628915639411666,0.509516028656811,0.5700342088057067,0.5365158003096291,0.5183424206006362,0.5121371483752681,0.42909561014519804,0.37354665371453416,0.8635159627240752,0.5274591775033322,0.3537958342123348,0.45906143602736016,0.27719170080354194,0.8435665189086574,0.5619282042936984,0.5123886621759148,0.730910992087737,0.6221715782188715,0.26976881527799457,0.41746927917381926,0.5866920529991899,0.47723618941391277,0.1386701753469469,0.5574797629031698,0.0,0.0,0.47494207414583184,0.682289705762182,0.5302281288566635,0.0,0.0,0.0,0.0,0.0,0.0,0.0,0.22165851231235734,0.0,0.07866981782704668,0.31223425759701706,0.0,0.7665735280020342,0.4169006269315121,0.4075440116422573,0.3167920658074509,0.0,0.0,0.0,0.5624118762357274,0.0,0.3382440888801018,0.3908537924851701,0.35837339884258557,0.0,0.31812578541941894,0.4840285635827358,0.0,0.26358634665058817
0.17680475602843598,0.08070588474744422,0.5048245480403514,0.5061750345784417,0.43950878159949003,0.3163894432419119,0.5277855316242683,0.3389146207112907,0.5488323285154024,0.43818406420112455,0.3637526559550949,0.5926741038859724,0.2671625238232128,0.5013858397457418,0.290127666570579,0.17907247315437735,0.5643013884730023,0.0,0.5077742982584569,0.4000266541775106,0.20516181079310786,0.25975584053785317,0.2999624665634612,0.5048250273834292,0.31780757602355386,0.15826897663743866,0.42064466106000287,0.3173794591277984,0.19553798176918658,0.2835403559479648,0.16346766799960538,0.7400639025863069,0.4424332113720857,0.46084826419511105,0.5753431983483904,0.5941441209843588,0.2634023880092068,0.4905998458930752,0.6325310011106049,0.40790506191011355,0.4025190721705142,0.49506028484338926,0.0,0.0,0.5487692740384835,0.2890897131358252,0.5897481651513877,0.0,0.0,0.0,0.4786931526197954,0.5822211670048769,0.862403104054234,0.0,0.602138607590426,0.0,0.4100636081426875,0.5384488180998804,0.0,0.6162628502791869,0.32067796667705145,0.5561613509108732,0.36959342026173286,0.0,0.4419894609427397,0.6471769251113879,0.4669973591629262,0.7423312919282269,0.4894127046917779,0.39429183589520833,0.45982631966877563,0.4669667913466139,0.693943703145399,0.47497071530670654,0.0,0.4049481314822052
0.0,0.6100702073498464,0.1716399527024967,0.34520359931481587,0.20306053566383078,0.195855909319469,0.2667908174321577,0.08140858430864353,0.197277199243029,0.3974350767769736,0.16255933252549612,0.4123729668119881,0.3220254374107281,0.27372592841248244,0.0,0.4601767969220255,0.4628915639411666,0.5077742982584569,0.0,0.522815753656681,0.4618677593255235,0.656059196772951,0.22873926608345513,0.4050730617273397,0.4611253450541797,0.5243820392649041,0.20223885514725026,0.4219102460846702,0.5713484005684488,0.6136318449211156,0.4469466101564652,0.5491438111630795,0.1580391369213082,0.4410457642057892,0.2779855784351002,0.6116644668633231,0.33895398024588685,0.279014454442444,1.032327268126503,0.3834275791828792,0.9521785313178447,0.22097336255662003,0.4618891732885935,0.3737401789583285,0.41384861091288117,0.0,0.0,0.5213962615508159,0.0,0.5546534028315755,0.4836681774157372,0.47572225790405426,0.47248042426930303,0.46560652472346076,0.9097498449224901,0.16278253527633912,0.5527856920201525,0.4368734601307165,0.5092840482145824,0.0,0.0,0.0,0.0,0.6783512507611289,0.47100220970983137,0.0,0.4791340604087615,0.4357051506618733,0.0,0.0,0.0,0.5386092858037532,0.7709713363757732,0.45398896663051824,0.49372195201560026,0.4406776393537119
0.37859767244476217,0.2947587709383024,0.36078078550776094,0.8456959489327804,0.4778718163883776,0.18055990154646898,0.24325595489350915,0.45322188421323073,0.4558543347363062,0.12924749669324953,0.47921058768955105,0.5369428128627298,0.34104872963463717,0.41833207212170564,0.2567149812701493,0.44327040818252605,0.509516028656811,0.4000266541775106,0.522815753656681,0.0,0.3251246619974659,0.32026400035307323,0.30879810386756834,0.5807516798389789,0.3966187203763915,0.3313619780573923,0.6032033113444544,0.5911201941826543,0.46456517690498056,0.9050683795595703,0.5296641794914477,0.918375564325467,0.5760781924278089,0.770023294440571,0.6912991720956083,0.9924494039928607,0.5003222393017335,0.8166492879656757,0.5290663223299534,0.18135532646696095,0.28096237386004974,0.4732496280804781,0.6195734798649188,0.29514567864206376,0.21000011809106156,0.5379633316396004,0.2613984617689769,0.4749931137351914,0.0,0.0,0.48391954554388616,0.6204898255862081,0.15304677114803772,0.4012691148893558,0.9915333516127763,0.0,0.6076434654818983,0.6159567723489786,0.0,0.3981445061409184,0.5733415013037442,0.5060044535386181,0.6156967134109428,0.0,0.3865367537507153,0.01721864944959345,0.2514089842935575,0.25482608226760467,0.0,0.34196881301412685,0.060184121978469896,0.28902749699566643,0.3867644398985035,0.40834767012098194,0.4915021953527472,0.19858768017120257
0.3601873340351092,0.27913201539840016,0.4339176072249087,0.43374919516454646,0.49701829566012407,0.5158885713885389,0.47950180379268903,0.05197035489856455,0.38637755517400896,0.6404405104264965,0.558131746071354,0.47104317001781115,0.3867509587892195,0.49754780558440326,0.09083290730011723,0.4133582757690577,0.5700342088057067,0.20516181079310786,0.4618677593255235,0.3251246619974659,0.0,0.1870676188821382,0.24204022920029605,0.3285084302366035,0.07529132600515437,0.06947739554290028,0.4505491258827097,0.4218895305638166,0.3214544255535762,0.28512429311972853,0.4774040015686837,0.8251449480324823,0.607129401464197,0.5072731165851485,0.712250619651482,0.9631712665458105,0.3588800208800576,0.594840310689807,0.772180864595134,0.3286996966520612,0.38880846660885715,0.6952571020599342,0.6115020789002773,0.0,0.0,0.6824250252757542,0.43336319554875485,0.6725503209583614,0.0,0.0,0.5603932968874652,0.4727180206054332,0.19745409710887118,0.5527497343298251,0.6318576814103796,0.0,0.7864200829053604,0.5882861987792198,0.0,0.2209052437028841,0.7043793303633701,0.0,0.5563027075108153,0.0,0.382358672413095,0.6037387419948981,0.4582730725466712,0.20072012055827274,0.8003884332902905,0.47450301233658343,0.610696853891686,0.2872101695095506,0.5459815166389661,0.6047381499161222,0.4312085350712702,0.1546120301703234
0.7114803741674118,0.25453798187407906,0.4630774291378371,0.8361789061771912,0.539232142451761,0.20387427829548938,0.22025427743267595,0.38593247583676515,0.22290051193586916,0.48946122964949346,0.38765006285395176,0.4687764833678807,0.21809226985505126,0.28298620659999996,0.12912716496293952,0.36002695913696336,0.5365158003096291,0.25975584053785317,0.656059196772951,0.32026400035307323,0.1870676188821382,0.0,0.8302775802602401,0.4359209220287815,0.2699608935969914,0.25390052732661406,0.474943450291123,0.533252292896194,0.25424441588504654,0.4393425931683784,0.18501441230149623,1.0730932598477616,0.8953548189505367,0.6757013750809016,0.7119851478279872,0.9319385062671863,0.6963129220685136,0.6030442289868694,0.5689305254832007,0.1745306855900717,0.32461654500317594,0.4725875493932076,0.5755278536979223,0.37294458219701376,0.23906803458515866,0.6357189024367536,0.5463646807102303,0.5550998141099204,0.4884572281724543,0.24602559830896872,0.6415078529534961,0.744508944937274,0.6396211575279978,0.620136477392595,0.43475887722170325,0.0,0.5488618795646223,0.6286306928383407,0.0,0.12064528815097506,0.4987808034023202,0.4498568647077804,0.5495747101341558,0.0,0.2733543386901131,0.18161932669864145,0.28857851888868447,0.2706163228687972,0.80178342584372,0.2690344527897262,0.31584148963974046,0.2541783770090642,0.6953042773782954,0.44928820234947897,0.5569559675926472,0.2306949811762092
0.3504512623541043,0.4578571341150559,0.23235074540537826,0.9015299614169134,0.21105552583949072,0.23299241811735902,0.43591637639501335,0.4858416269418361,0.20865154734224428,0.6189441125216033,0.1957371368063689,0.4364591002221301,0.6304986013941629,0.5945882007313927,0.2843065585086085,0.46061170073734253,0.5183424206006362,0.2999624665634612,0.22873926608345513,0.30879810386756834,0.24204022920029605,0.8302775802602401,0.0,0.3523400548891916,0.24661666021626216,0.3619903200658132,0.14120339261868964,0.6060644428197368,0.5436308371544589,0.7036061614623241,0.8631828618400408,1.0410242405922137,1.1300517573284465,0.9615313831413851,0.9715148006378131,1.0819570125543172,0.8812075080146324,0.4635045303011681,0.5709026055422222,0.5754386826983661,0.5339306706634919,0.5725736600860853,0.21100701383652076,0.7343903577180173,0.5823692649315405,0.5543967907404725,0.6903597679980713,0.7403736316751099,0.47618938524352844,0.54285597659053,0.5806755609815488,0.6235721772967475,0.7429588487988703,0.524272429715739,0.6101821771079502,0.5111299393718722,0.4462843609396986,0.5266002805387133,0.42654060799856064,0.3520576454631461,0.6501204090071317,0.5059751208861507,0.5791906094611172,0.6263156529877865,0.36872696179652054,0.0787570435688672,0.403988468055417,0.6729717860259387,0.22043941028434727,0.6318688076862435,0.424897181664901,0.3009488270396534,0.45165780573939057,0.40694538789409374,0.4517925210634424,0.533628855937297
0.4525188148373544,0.41042827513853486,0.42926813469493086,0.2607974434086724,0.4381570332613718,0.402491828655858,0.569293037157296,0.3047410326799555,0.445139784985621,0.48471637842036674,0.2915980933584849,0.30267478505117423,0.3006598511537632,0.7217523508626854,0.4457915730215627,0.4665285089667308,0.5121371483752681,0.5048250273834292,0.4050730617273397,0.5807516798389789,0.3285084302366035,0.4359209220287815,0.3523400548891916,0.0,0.3839492560320735,0.23487637950152673,0.5909213517562111,0.5629971833187963,0.6426349458252544,0.868640916106632,0.6181110614819261,0.9576150552205348,0.492713022767326,0.3991296064265464,0.801045855211762,0.06376398187978713,0.3286396650615405,0.46021778834112076,0.88579980175947,0.4712688713212275,0.5050610049122208,0.6472295626616571,0.6188965164534928,0.39433346320263163,0.5888546033255051,0.3227447830553054,0.5148826935055937,0.0,0.0,0.5050756848160456,0.5860539951876033,0.3188436534482003,0.0,0.03724875532948825,0.26546216924402805,0.5903069979537379,0.21428474499744452,0.4614623429617124,0.0,0.22118605097872474,0.4925377902171981,0.288550706107849,0.2780576531961506,0.5153425797673112,0.3538837925355356,0.45117041246631595,0.16817210853020326,0.8374608892379833,0.19338270064966845,0.3107789275535513,0.2997495269638357,0.5224486606275375,0.6976951754695573,0.662709560086091,0.0,0.39585083519347797
0.08784769959763222,0.25409452349491174,0.457685413538076,0.9266056203619539,0.46373709531501084,0.4242178934922965,0.5151051351631819,0.27995446801723234,0.7326655512652342,0.6488057658068475,0.4764261865588147,0.4892757907722428,0.4477445098212919,0.5189528073964373,0.25917094738146296,0.12063699249345072,0.42909561014519804,0.31780757602355386,0.4611253450541797,0.3966187203763915,0.07529132600515437,0.2699608935969914,0.24661666021626216,0.3839492560320735,0.0,0.14436762307485118,0.5577424363582255,0.49852816422518803,0.318861023884478,0.44083509774984364,0.24086158000936045,0.5779894951236685,0.43763007283376054,0.41529374319101825,0.5807293438745693,0.5146224735603955,0.5978718777504071,0.4339289777196937,0.5839176763252718,0.4344941495762794,0.3300362627627723,0.5134206683676668,0.11045867075691862,0.0,0.4562610843593708,0.21333585410498002,0.6035325047283168,0.0,0.0,0.0,0.585369608849657,0.565609570579651,0.6933342342635263,0.45208798619370116,0.40420140684937644,0.4595152997633781,0.3045334577483872,0.43252677202221856,0.0,0.5801777522179448,0.3036700534647411,0.4394343911975862,0.34266689668249756,0.0,0.31366194898306465,0.5512300974020037,0.5193005858788905,0.5359751109049561,0.3573517485938399,0.3421617295117807,0.3559896443277645,0.47031766495016814,0.6531381017084064,0.07993012437571662,0.0,0.2609519910557879
0.13954180742555258,0.3503630340411438,0.4580120852036597,0.6340597643236041,0.46459915851013867,0.44554976459219847,0.5032449941347361,0.3611775664121539,0.6446191848378173,0.3650579556149425,0.4035869482439731,0.26408965631036796,0.40542734945708714,0.5055800420158424,0.3561661380704478,0.41145757106788616,0.37354665371453416,0.15826897663743866,0.5243820392649041,0.3313619780573923,0.06947739554290028,0.25390052732661406,0.3619903200658132,0.23487637950152673,0.14436762307485118,0.0,0.5659488714659053,0.45178121769912427,0.5090848333882466,0.3935982228668214,0.23292480779218752,0.8408434438598174,0.24550273005921958,0.365834501475113,0.4311631047754895,0.7964910776678076,0.6263015869865043,0.35362745855724764,0.4055199432344263,0.2724155948486444,0.22262584663895402,0.3478814600910132,0.19462492280018945,0.5422155944860854,0.45640854200816683,0.010959822510089534,0.3064847944389028,0.6801453501228572,0.0,-0.0011807316947399088,0.6449300217462097,0.6173723618280702,0.591439735011897,0.3890831696590745,0.2936065026079586,0.0,0.22268277375764137,0.6741702510529367,0.0,0.6283672852992059,0.13662719083991218,0.3371822461822486,0.26612648078745854,0.0,0.6155541832757647,0.7264892727113845,0.204116007806185,0.5840898924913329,0.36518570548051854,0.27891962769374035,0.2504073383649413,0.6019318634534951,0.596207188121435,0.07511225571530528,0.4612271662033993,0.16160500271681738
0.4754493269411686,0.4822581559871725,0.2838611449595542,1.1147556542077175,0.22822789712689076,0.35038575728974297,0.03349572395686623,0.5305098911842854,0.20777094255621187,0.5548022940399613,0.23261247153428302,0.6343833919460597,0.4271004401498589,0.5330526908206263,0.15940179049690045,0.5445357231443813,0.8635159627240752,0.42064466106000287,0.20223885514725026,0.6032033113444544,0.4505491258827097,0.474943450291123,0.14120339261868964,0.5909213517562111,0.5577424363582255,0.5659488714659053,0.0,0.6337491126460325,0.5449839315541632,0.8372653148929567,1.022615644771625,1.013492604041522,1.0890595223288906,1.071876291685846,1.011845110917124,1.0569880554131776,0.9815961624615959,0.4023689091610964,0.6664194682695965,0.5458153653521839,0.6108248962541125,0.5165106860553466,0.376476599583385,0.6271519055296012,0.4148783015560645,0.4486195251839012,0.5520322835445074,-0.10627891673138373,0.5193202746590607,0.5978303072358784,0.694816766841116,0.6676861664269949,0.5190924044686431,0.5067248822319723,0.7051312214526133,0.43598706417931576,0.3776480535225515,0.6198089585795551,0.5153228356242914,0.5665872595851263,0.5897272649582139,0.0,0.49829413760282865,0.5536162450650293,0.48721631501885765,0.5322201139936843,0.44063088843369413,0.6299356241420597,0.0,0.530132590587405,0.5351164762215379,0.48172797002578216,0.5654193271441241,0.5577011381444116,0.4658742778041084,0.6544542082430742
0.29393182974499543,0.32649049063059693,0.5482868631480315,0.2410690428356623,0.3673127256874141,0.2716185728358842,0.3536615523679615,0.7019953671969974,0.458924016044792,0.5472701764547941,0.2927824991896622,0.4959045557387179,0.17261179380734584,0.7460999938434749,0.7906166504490407,0.41915977675374233,0.5274591775033322,0.3173794591277984,0.4219102460846702,0.5911201941826543,0.4218895305638166,0.533252292896194,0.6060644428197368,0.5629971833187963,0.49852816422518803,0.45178121769912427,0.6337491126460325,0.0,0.22635309102363432,0.3071708313614727,0.4860967183763816,0.29655174437823756,0.13971139009936961,0.25907437971783986,0.26740598390353026,0.5243400046680667,0.33992423875546235,0.3325506851449015,0.9157259109824747,0.37853594943937696,0.9275510557840789,0.7847083887780586,0.8234673010580719,0.7927042253206638,0.667506068655946,0.6155873337595568,0.6408879387647205,0.7620612344191957,0.0,0.8229918897108357,0.6703885251108385,0.7604529352308936,0.5010962457102313,0.5885779003767095,0.6494759355077933,0.39262390290731597,0.5478417595615468,0.7362428956322365,0.3624813315020433,0.5251906132238331,0.49852091114090835,0.17877644236144724,0.5984363939599925,0.6911306178769666,0.5034847938834488,0.5930079326876604,0.5362857143105932,0.5597677593040518,0.5672608139131597,0.6206346106356477,0.4508268112342171,0.5027859878355159,0.6833180615807447,0.5731263959038428,0.6379355915653633,0.7098336726192473
0.4354015096322037,0.18926277642165648,0.5255039382788191,0.45804101134108366,0.4905079465712553,0.25592557237800767,0.1736659627303765,0.44854965747149267,0.4128665291775572,0.4328934652828932,0.3841941546571228,0.6101403246692063,0.3123440220632211,0.40653323204413,0.45621724079494386,0.2873039301780196,0.3537958342123348,0.19553798176918658,0.5713484005684488,0.46456517690498056,0.3214544255535762,0.25424441588504654,0.5436308371544589,0.6426349458252544,0.318861023884478,0.5090848333882466,0.5449839315541632,0.22635309102363432,0.0,0.5540183322635363,0.33245023445287725,0.8735275404101147,0.38896439129066285,0.5772977317206209,0.33937800948567265,0.8320627803213099,0.4503775518488698,0.5039754204742471,0.5525763247055169,0.5258778976264554,0.64073568746577,0.5538265819668993,0.5494338785016024,0.6600236929738896,0.6159927973060013,0.4365786724360446,0.5418924905064099,0.8275106106418264,0.4880190352305367,0.45233212149293756,0.525755513168634,0.6471724124881282,0.23818888748404432,0.6419936407543727,0.6385457574882076,0.43749980700404845,0.5801801219731675,0.5578970528823124,0.7639468037729851,0.3914446035339736,0.6197724979629458,0.4823330434807802,0.573094746480583,0.53464752770283,0.43213700669630095,0.24032430059694526,0.3955109809648313,0.3281579812507702,0.4892084353348464,0.660374597121307,0.5934797312001203,0.3551275332501555,0.5132618382221864,0.42870466981816574,0.48113961372025227,0.5616721637764954
