0.0,-0.020941177559737845,-0.0017324547704538618,0.0,0.0005446469215430461,-0.03179507607581478,0.0032596986259665894,-0.03614624755920148,0.0023416301612796953,-0.05330122607498761,0.0012043218735744432,-0.0631553067249796,-0.01156396634630974,-0.030340138665141514,-0.025483632825344105,-0.01063953197910722,-0.02475196896242382,-0.013692023591275693,0.0,-0.02456388421812733,-0.03427576261142434,-0.011698817026799091,-0.03883657468459345,-0.06005393720877311,-0.02233607955732697,-0.026006117727924993,-0.04797067863131477,-0.011864472515271784,-0.02119222799246412,0.002943851854552204,-0.026223578547871385,-0.006092189436561146,-0.012986568034674961,-0.014150986472274918,-0.0032833502518060387,0.00036208431469053615,0.00025424292110376445,-0.048676480564955105,0.01226498405681603,-0.0002285386432391845,-0.006147971451399281,0.01333665470610107,-2.4595584239617274e-05,0.0,-0.0016152043871694444,0.006800920691763412,-0.006678638642509671,0.0,0.0,0.0,-0.04397406128578879,1.1102230246251565e-16,-0.002935427344050001,0.0,-0.06039875181637533,0.0,-0.002830372289744254,-0.000555421200333972,0.0,0.00046218862115027237,0.0011551815645237107,-0.03326834697110853,-0.006278901664741265,0.0,-0.0033048006142116226,0.009391008451853977,-0.036729761954524986,-0.024686388711127882,-0.06950546896972037,-5.4369873652315714e-05,-0.028043067656665643,-0.028784655722482066,-0.0001880192495533617,-0.02842216254094071,0.0,0.003269476596024723
-0.020941177559737845,0.0,-0.022581088459475596,-0.00011904667252138346,-0.0022174328991916847,-0.026892806945259473,-0.0021972010937362785,-0.024240577104104544,-0.027245346629908407,-0.03368164406481222,-0.00040869990024478,-0.0020257792938448427,-0.018660783751726973,5.9906094698303214e-05,-0.041851878450474,-0.029165332102930097,0.019399800978204207,-0.043906100555940464,0.0012159105920215296,-0.04784878882222232,-0.02582357968689908,-0.040611904693790446,-0.039000468462636606,-0.00930614130762808,-0.04061277487412923,-0.04900793784029972,-0.041364414296584495,-0.016421944267255184,-0.03381367041260336,-0.003513271041477972,-0.022095494997751874,-0.014671576984496337,-0.009834444776375906,-0.01746477920637668,-0.008260572207849093,-0.0038985266361689086,-0.00023161074441307994,0.0,0.002557307405563536,-0.0024838454705436996,-0.007761861682422655,-0.003951618936026358,0.0011782697436295009,0.0,2.220446049250313e-16,-0.019097389460596248,-0.007661530040427245,-4.3943271612278956e-05,0.0,0.0,-0.03764735644855993,-0.04603192004990342,0.001112081396021869,-3.559960036442211e-05,-8.744387689052502e-05,0.0,-0.0009740236456694529,-0.033097200648884995,0.0,-0.04641914543050968,-0.0011294708909251328,0.0013325829933547029,-0.0066008817726005975,0.0,-0.034619548439022374,-0.02317895226083927,-0.015221045365919728,-0.03577403404040219,-0.001471683708963667,-0.002196289065033885,-0.03615760364424986,-0.04144868928838513,-0.013285008430531764,-0.028638648448106596,-1.1102230246251565e-16,0.002116737919844791
-0.0017324547704538618,-0.022581088459475596,0.0,-0.06397264115993495,-0.0933609365143081,-0.09350517806838271,-0.07376517185373149,-0.0855934434174842,-0.053755387721244385,-0.0066641527023065805,-0.06802880027663477,-0.002512258813220536,-0.0800410228664184,-0.10812585569804234,-0.027953482677876063,-0.0027778341267373774,0.000451265038330817,-0.002468939240203527,-0.05320273149036686,-0.038215905974969655,-0.06011230021552488,-0.035728291696691505,-0.0510362619828415,-0.0018510970427669804,-0.01759154445877842,-0.05633582676148785,-0.057426418124380485,-0.07391349584653661,-0.05850861845648592,-6.355403188373909e-05,-0.07915914231994653,-0.06977800377945143,-0.001374436308315019,-0.08015983437228036,-0.07338355820939624,-0.12137874262074394,-0.0730725707696368,-0.001944473227442678,-0.0476045540265953,5.037282901909634e-07,-0.0474765696114543,-0.0036721172522515833,-0.07600795542541139,-0.027886209813571372,0.0,0.0,-0.0003662001967192352,-0.10638858974869608,-5.524233963272174e-06,-0.06937200816745032,-0.0678844428190748,-0.06730805515786048,-0.09082101880136872,-0.06716787853262984,0.0007969075512467838,-0.15482946749068022,-0.0012629489216977041,-0.0612665058263453,-0.07113529002228619,-0.00025916060063874147,0.0,0.0,0.0,-0.08074036076416036,-3.186119005199606e-05,-3.072227430772623e-05,-0.0004964047095704083,-0.07619764606175367,0.0,0.0001635742155169928,-0.0013766888168466052,-0.08548491780650846,-0.046615689506001146,-0.05683611569411695,0.0012772198999582152,-0.0582996458486581
0.0,-0.00011904667252138346,-0.06397264115993495,0.0,0.040423003472827734,-0.03295140431991839,-0.0018326400556030187,-0.005452768945281072,-0.04733463810518246,0.16513276202432237,-0.04430686822650859,-0.0034641960205531452,-0.0019667195055642628,-0.003924038424958642,-0.0013406556243318324,-0.0003876280427879131,0.0006171230374693581,-2.5155643544660933e-05,-0.06743636809564019,-0.02402485535095983,-0.0001321251583698002,-0.002759175998132357,-0.032901296608008945,-0.0008479056160426435,0.0006577042872931704,0.0012774783890829866,-0.044529626327000305,0.05423715046850808,-0.030484719570128993,0.0009130669604526798,0.014904017617400567,0.01934385003820077,-0.01599722765968481,0.002620101084435944,-0.04780300499237383,0.005838062524837456,0.007202376774401498,0.03986264368027126,-0.006716842530295142,0.0002386623373495933,-3.5449520645935984e-05,-0.0015337380231168485,-0.0009073435795970419,-0.0011847800383266716,0.0,0.0,0.0,-0.0004070331428848717,0.0,0.0,0.0001387977109226779,2.220446049250313e-16,5.757203996975546e-05,-0.0006474557792103819,5.551115123125783e-17,-0.0008995641059857951,-0.00041631685287862874,-0.00022977485380781815,0.0,0.0,0.0,0.0,0.0,0.0,0.0,0.0,5.0761223500339625e-05,-0.0037461385466754926,0.0,0.0,0.0,-0.0040700727413270354,0.0013840406720159737,-0.03793692541032384,0.0,0.0
0.0005446469215430461,-0.0022174328991916847,-0.0933609365143081,0.040423003472827734,0.0,-0.04526120702313163,-0.01851241554123595,-0.06874129506857901,-0.06081096377619305,-0.018965645773542206,-0.06661966744186087,-0.0012798709523755836,-0.03877402656206275,-0.006110037821120684,-0.00039182651367691834,0.0014026684429064296,-0.0014726677959848722,-0.004007262445152371,-0.07312360196960449,-0.0022157241859466215,-0.0011726718744444198,-0.0067886604235609105,-0.07829508024743548,-0.0027769796194254126,-0.007273693321333485,-0.006665595282884351,-0.08447947477267376,-0.002883477931308276,-0.019698901004146896,-0.0027129019607272653,-0.04433335587768916,0.00543954315856493,-0.0019099373697740174,-0.050151176148212184,-0.028039156517387753,0.004800115453620635,0.07174769662444258,-0.0490021388903632,0.0075257631389113455,0.000817029987951079,0.003873860974331733,0.0010121921900452246,-0.08940177327545734,0.0014558288255331342,-0.00016576490784114828,1.1102230246251565e-16,-9.243535537767356e-05,-0.10412506680931033,0.0,-0.1342355592288771,-0.059580456312357644,-0.06397705645221236,-0.15632332429365808,-0.10679965725695806,5.551115123125783e-17,-0.10333067018448772,0.0006077362215023974,-0.05832503888508711,-0.08461497718258748,-0.0003401765146330282,-2.3872010933345678e-05,0.0,-5.551115123125783e-17,-0.14027439227688998,0.00027253586637593363,0.00013884359517091216,-0.0007950901744904759,-0.07052390226891891,0.0,1.6150137175319212e-05,0.0007617474438127991,-0.06544010153630941,-0.0344484038404696,-0.007978989681439674,1.1102230246251565e-16,0.00036312584492914635
-0.03179507607581478,-0.026892806945259473,-0.09350517806838271,-0.03295140431991839,-0.04526120702313163,0.0,-0.03284978255373899,-0.09863373047572443,-0.0672541149957086,-0.04006802114898694,-0.08106499284710739,-0.021979472833151492,-0.06879861455079395,-0.08078269422858775,-0.05966080980865085,-0.01988416887385719,-0.03783861437596342,-0.023674185645133072,-0.1055925598212274,-0.04572702091875763,-0.0699793319421243,-0.03339138832283367,-0.09553898881413497,-0.0010148589627929083,-0.005554658312078409,-0.04414159156976355,-0.0991994429097186,-0.06003865896292765,-0.06904244084655026,-0.057952868458890805,-0.05893696927676739,-0.04679475962314561,-0.03857986422258547,-0.04989034694501654,-0.04551803648973668,-0.06541469679484868,-0.04586110196276866,-0.037825755436903474,-0.033139051619159365,-0.0036043184760591873,-0.0252415251403747,0.0008952138322599335,-0.03794774380921301,-0.01734279100449959,-0.001922023651181104,-0.001863309816207026,-0.009129400345636363,-0.08820286262938176,-0.00048459717143350955,-0.06696591763652698,-0.05649858690765519,-0.0615079949359188,-0.06967752800706828,-0.07208773298588544,0.0037889653109562937,-0.09790589972806546,-0.0021277733872721583,-0.05842322901710545,-0.07639824818619517,-0.048495202225081246,0.004795858383491836,0.0,0.009353157297541104,-0.07718360925715406,-0.044651344739208565,-0.05598006639507097,-0.04255542885392266,-0.061524687207014706,0.00010219326245569649,0.006086433986774664,-0.03268319673018072,-0.055347098493456204,-0.05328255236318541,-0.0494654779224557,-0.04005858183987543,-0.04940879718373331
0.0032596986259665894,-0.0021972010937362785,-0.07376517185373149,-0.0018326400556030187,-0.01851241554123595,-0.03284978255373899,0.0,-0.04501182322347724,-0.06455841842253202,-0.016072081103866098,-0.07676403387405106,-0.008492938242452841,-0.014009254611042077,-0.012477108682394489,-0.001394233509217857,-0.02013417743400525,-0.040142988210258135,-0.012454696995469805,-0.07690010869477182,-0.027087952808340032,-0.014979006766210723,-0.024132092888768997,-0.06773044472828232,-0.026260746981528138,-0.00961789569149668,-0.017740648813540705,-0.06327151550861798,-0.010051340207721027,-0.03905511433368791,-0.005509088254045613,-0.02302675078513744,-0.029540185157782506,-0.02945534389177712,-0.04161771913220852,-0.04437375239389707,-0.0019331552707559374,-0.03602625519563091,-0.024366456575365625,-0.0034021891019244688,-0.0009350108906253096,0.025997180412790033,0.04383552185829381,-0.01011922050339803,0.005360605983227407,-0.0012107397708277512,0.0,0.002137629929150564,-0.07268697196141499,0.0,-0.07246667590091627,-0.0484259940593203,-0.05265912381497789,-0.034597897753116225,-0.05932136371136071,0.00026491584807225577,0.0007988127687154623,0.0007176815841508644,-0.040392911608773785,-0.0002763563866060026,-0.0006271377562095393,0.0008059525794681943,0.0,5.464383192343991e-05,-0.06218353962033524,-0.05088877050199281,0.0011185070877716696,0.0010321301139517014,-0.049555875790283144,7.760457522881792e-05,0.000876725888443397,-0.00023155208381980819,-0.04255559963619043,-0.02894390494237714,-0.02565160542530276,0.0005601891169842999,-0.025777521982460583
-0.03614624755920148,-0.024240577104104544,-0.0855934434174842,-0.005452768945281072,-0.06874129506857901,-0.09863373047572443,-0.04501182322347724,0.0,-0.10006757680441053,-0.005752678832867675,-0.07037848568920435,-0.000765369339206845,-0.05285163865164144,-0.003158780024280161,-0.011609904418531658,-0.023153418912184476,-0.0005496741580844344,-0.017259190322332363,-0.09555084156522964,-0.04003574518543379,-0.026175771059949893,-0.03903909224335067,-0.07060885847842263,-0.054030266055447085,-0.01655758369338839,-0.031651160108567,-0.09455202272358809,-0.03671365856518177,-0.054988888006498315,-0.03199723034709595,-0.040774454231612245,0.011297614912259502,-0.00384834943032053,-0.04769395730167292,-0.041280375521003776,0.010288433660882834,0.012462957731496194,-0.0015886435168245838,-0.02477029658777835,-0.001639859087624318,-0.023086522658267605,-0.015098738180626403,-0.037315383049531914,-0.0014596476792845814,0.0,-0.0005582788605913436,-0.0036242305100897543,-0.07924309961889686,0.0,-0.047900549077604104,-0.03246663326817595,-0.028134157187477304,-0.012856655060433542,-0.06843170940880577,0.0005993939490747668,-0.05919383674611767,7.059050275048939e-05,-0.04813009064626006,-0.027375163393654423,-0.009795994413157927,-0.00046065547272089447,0.0,-0.00022515625149427398,-0.07972229865321462,-0.007840121197255967,-0.0020875396293636994,-0.004561842068959765,-0.044331932673617624,-5.551115123125783e-17,1.310336788462596e-06,-0.006845770499296522,-0.05721321255278028,-0.04256393902028238,-0.04942842168609474,0.0016689824301678868,-0.03881860605632176
0.0023416301612796953,-0.027245346629908407,-0.053755387721244385,-0.04733463810518246,-0.06081096377619305,-0.0672541149957086,-0.06455841842253202,-0.10006757680441053,0.0,-0.057682186469987906,-0.062132634254569385,-0.0511446689961067,-0.08671082179780881,-0.0844092731515318,0.0016184774810766855,-0.02127685282153413,-0.002493016246885471,-0.03310057257047999,-0.04431650228403869,-0.0440298660167171,-0.04726861427408957,-0.029066869574866094,-0.09826877148854812,-0.03688942993385086,-0.014442722362483063,-0.04202489383733876,-0.092824174482041,-0.0960587083061849,-0.06261623226682583,-0.0784662665919929,-0.08172346061956215,-0.07430500144145918,-0.05272869827114102,-0.07932958498507481,-0.07607962512250654,-0.08742390995021954,-0.06929210703440664,-0.060404983019573866,-0.04370960153245074,0.0007663037425110208,-0.01304600854860194,0.02868225046903683,-0.08264384698716526,0.018214751676412566,-0.0019754935178746824,-5.551115123125783e-17,-0.02872435612770252,-0.09971531165146574,2.653867898494422e-06,-0.08165527050693538,-0.0654406134059411,-0.07115576689025205,-0.09989752864692986,-0.08904377141464687,-0.0008921860081538835,-0.08773713092176871,-0.0010644227261743522,-0.07129871847091784,-0.07013697044214395,-0.0005891007933204739,0.0001236902619936031,0.0,0.0,-0.10535778083223868,0.00031904333765231385,0.001694806568418361,0.000579870752693834,-0.08546391655360708,-8.307796579742899e-05,-1.5489310532856848e-05,-0.02780749328606469,-0.0856497473292912,-0.0585405545284966,-0.04953378813601922,0.00020900412808866342,-0.06191231386449281
-0.05330122607498761,-0.03368164406481222,-0.0066641527023065805,0.16513276202432237,-0.018965645773542206,-0.04006802114898694,-0.016072081103866098,-0.005752678832867675,-0.057682186469987906,0.0,-0.0580399227523693,-0.05959973068542598,-0.020761836752657525,0.0140231760482174,-0.0022108635851763037,-0.015611435234746951,-0.02845239237665198,-0.04831161322091915,-0.06854729165778489,-0.0049404251734389,-0.06143734616370372,-0.007149599574102161,-0.03093651448439566,-0.024377836941326003,-0.030170385084213158,-0.06303961819708481,-0.041953254010706376,-0.009768519946473542,-0.004688339579707657,-0.00046357228259708005,-0.00991968645698571,-0.026921218981354744,-0.032244238138642245,-0.00701836911840048,-0.003819319081543815,0.03842874042365346,0.013576920475452947,-0.014293491181937734,0.09735460586214151,-0.03813825584194641,-0.01519814735184788,-0.0025885082743111187,-0.005874213379431004,-7.81302168927911e-05,-0.03494051965676109,-0.05995678690504763,-0.0007243749612591,-0.0003339042912883228,1.506902957060241e-05,0.00031198869273835195,0.0012917897169327786,-0.0005252995786489967,2.748305303751364e-05,-0.0021150436865862154,-0.06218084525059836,0.0009737735269107484,-0.06806648528560966,-0.000839677686036433,0.0,0.0009567548771720613,-0.00047467198826195434,-0.040769412619548695,-0.031917527189835926,-4.953268985974368e-06,8.047810445638293e-05,0.00034829473014436063,-0.0021103169283470113,-0.0011186354329201231,-0.06932021540723216,-0.04140656176692925,-0.05158183020419893,0.0012683329308740832,0.001378736304697259,-0.0012749084731902283,-5.551115123125783e-17,-0.04225513251455365
0.0012043218735744432,-0.00040869990024478,-0.06802880027663477,-0.04430686822650859,-0.06661966744186087,-0.08106499284710739,-0.07676403387405106,-0.07037848568920435,-0.062132634254569385,-0.0580399227523693,0.0,-0.043057532161188405,-0.07291577188646309,-0.017882920479196707,0.0,0.00013352711391390049,-0.001975156806324818,0.00010326665849275107,-0.041107958799813826,-5.310855037415907e-05,-0.05074970369019638,0.00036726538968379074,-0.03689442167637824,-0.04959409412812865,-0.002136995112438256,-0.021698833740522894,-0.09919182899894236,-0.06367861100722094,-0.05418828213913701,0.00040396811493254026,-0.07435203923046424,-0.007428324187226443,-0.05714826897114972,-0.06941120231071579,-0.061769347244940154,-0.05189299136071579,-0.062441456872220524,-0.05878425820541461,-0.046113237348641034,0.00020457782250321577,-0.0008744368495844923,-7.295407386420649e-05,-0.08810015083758993,-0.0005111534779910221,-0.0005499979826507628,0.0,1.1102230246251565e-16,-0.12574248982876102,5.138891437383997e-07,-0.10248829215256255,-0.06851579636371752,-0.06759321519792921,-0.11136462564578148,-0.053668454882135286,8.425419886476382e-05,-0.043559872411670086,0.00012752664321286078,-0.0569358846233981,-0.07184770611607583,5.551115123125783e-17,0.0,0.0,0.0,-0.11810605330570856,-0.0005644857855696683,0.0,-5.707190793702299e-05,-0.09401234915442996,5.551115123125783e-17,0.0,7.505507851113258e-05,-0.08865570992365174,-0.06229127336654927,-0.0013682772804858856,0.0,-0.0007119763781989197
-0.0631553067249796,-0.0020257792938448427,-0.002512258813220536,-0.0034641960205531452,-0.0012798709523755836,-0.021979472833151492,-0.008492938242452841,-0.000765369339206845,-0.0511446689961067,-0.05959973068542598,-0.043057532161188405,0.0,-0.012115782448669121,0.003849796705992614,-0.00036412969436006026,2.608996507980077e-05,-0.03698573772114527,-0.03085130029994476,-0.0469377298138538,0.0025368544163028584,-0.05714014657879107,0.0005869041250182727,-0.05645380308888537,-0.033556219373696294,-0.04589475716166025,-0.06386468885620328,-0.027261390021412202,0.006509282962326168,0.0036979773352472933,-0.0010787228286697204,0.0006152031033209715,-0.009849680443803577,-0.0018415993487694293,0.0043331207712305475,0.011551194977809376,-0.01259659278040104,0.04545064920269981,-0.015414875261006045,-0.010226244381007332,-0.05180368851913686,-0.004686701787166125,-0.001220162817683057,-0.0018849545821225666,0.0014542527589976872,-0.027508309588776925,-0.08455255912875315,0.0014827701712809005,-0.00031246972502574355,-0.0007214650623015018,0.00019869496736091286,-0.0010060001823496423,0.0012259307942074638,-0.0005970634249754525,3.508284471964718e-05,-0.0710352738323739,-0.0006915660275962909,-0.07147455674260333,0.0014590783895424009,0.0002044704372156092,9.609262135235053e-05,0.001488484035139015,-0.05175861586690378,-0.04648581098840371,-0.0006241578788035995,0.0003247207938303909,0.0016459636007239986,-0.0005937068337668605,0.002928138059636487,-0.07827631959383197,-0.05248465745435538,-0.061289087319911895,0.00021595891157938363,0.008225994341062415,0.000897798295367791,0.0,-0.05293908343615711
-0.01156396634630974,-0.018660783751726973,-0.0800410228664184,-0.0019667195055642628,-0.03877402656206275,-0.06879861455079395,-0.014009254611042077,-0.05285163865164144,-0.08671082179780881,-0.020761836752657525,-0.07291577188646309,-0.012115782448669121,0.0,-0.024304440293445584,-0.03599670539288935,-0.03505558003198611,-0.02516199748607184,-0.02239345925761055,-0.08024938878275995,-0.042630833826979964,-0.035572160873347136,-0.0415044256638028,-0.06932456016442123,-0.018836754059093797,-0.02254176250710338,-0.029740224926032566,-0.069891375965636,-0.039355668338804994,-0.0458668278173997,-0.043857622623229786,-0.02830107437886137,-0.017792457214799495,-0.0109482269765116,-0.03332263982026629,-0.03252957650100691,0.0001222050317913892,-0.016172637663866063,-0.014055554416845362,0.0136596638225841,0.004392487964618663,0.0030173496014728185,0.007123431557744919,-0.00028575728403118505,0.06475325211968669,-0.0021376739749925933,0.02031832685916901,-0.0009016524856790831,-0.07251719100433035,0.0,-0.050496230242995654,-0.04644061681431161,-0.0515606191983044,-0.03749132662999827,-0.05324711029609763,-0.019004817164148202,-0.08423097058669682,0.0009056713532886174,-0.03677321758785218,0.0007020455861470043,-0.007710115607437229,0.006067147749161006,-0.00023497439397940356,0.0016493817520998322,-0.0602204661667996,-0.050578781987993704,-0.011797461904106799,-0.009993570996169376,-0.04814731169450648,-0.0008790932598026768,-0.007711714863887498,-0.018636859759038504,-0.040857813559930234,-0.03070716609865448,-0.03479041797688398,0.00017832791671101855,-0.02337361904009505
-0.030340138665141514,5.9906094698303214e-05,-0.10812585569804234,-0.003924038424958642,-0.006110037821120684,-0.08078269422858775,-0.012477108682394489,-0.003158780024280161,-0.0844092731515318,0.0140231760482174,-0.017882920479196707,0.003849796705992614,-0.024304440293445584,0.0,-0.000672848015784655,-0.0003228074394452385,-6.905178076199725e-05,0.00010882378727833375,-0.08564314582819882,-0.0006333425162152739,-0.05674968028019173,-0.0005831570942005926,-0.0708889371680067,0.0034627114696576533,0.02504474191410283,-0.032516423786615456,-0.10621845759963,0.02861303486097233,-0.0007201280520810482,9.478212932950703e-05,-0.008811959381531842,0.11479702779767981,-0.004886540011626583,-0.0025296136935077373,0.0006850994471394589,-0.0106594417151121,-0.026474912383310817,-0.0386861542600937,0.005617156903527043,0.0,0.0005364432462041657,0.0009502302009153363,-0.05776376994480803,-1.4792292614695945e-06,0.0,0.0,0.0,-0.0706247937665227,0.0,-0.0045420066452452335,-0.02557606514711408,-0.0025732002747449467,-0.0731691173724619,-0.006899794984906005,0.0,-0.042818243988524074,-0.0001998572405125243,0.0015272234811334329,-0.050399831076641255,1.1102230246251565e-16,0.0,0.0,0.0,-0.007534373010508966,0.0,-1.1102230246251565e-16,0.0,-0.07418266555616898,0.0,0.0,5.551115123125783e-17,-0.05939065046933345,0.0005307509535987243,1.1102230246251565e-16,0.0,5.551115123125783e-17
-0.025483632825344105,-0.041851878450474,-0.027953482677876063,-0.0013406556243318324,-0.00039182651367691834,-0.05966080980865085,-0.001394233509217857,-0.011609904418531658,0.0016184774810766855,-0.0022108635851763037,0.0,-0.00036412969436006026,-0.03599670539288935,-0.000672848015784655,0.0,-0.015415757719874301,0.01150858518440745,-0.014118350914213151,-1.1102230246251565e-16,0.0010077783138823793,-0.04561104065822713,-0.04350627401652807,-0.028273840011268536,-0.025099281932782103,-0.011244069693821357,-0.05305311296487353,-0.027411841914468715,-0.0370051381483984,-0.028920115635043986,-0.01521949366677322,-0.029756155361025827,-0.030386593202406553,-0.049187522489607116,-0.030587600724325037,-0.02264523929882445,-0.03526923586350467,-0.0022213087227912487,6.946600766055688e-05,-0.034255360880552144,-0.02645510013127944,-0.0404404637138176,-0.03848243927120665,0.005799215772010868,0.00014381662713308652,0.0,0.009024248910887767,-0.03672689144973468,0.0001470620375955134,0.0,0.0,-0.034164522021985,0.0023789069681329766,0.0021451625553943754,0.0005911123031563936,-5.551115123125783e-17,0.0,0.000978491057166353,-0.04955407445970966,-8.423957337355681e-06,-0.03452864401568595,-0.019696201162669402,0.0004967057084558912,-0.026883550490603925,0.0,-0.06095613741372091,-0.03005968460922459,-0.04405800769570534,-0.03929183020306076,-0.00011835916186458961,-0.017690423581641856,-0.054820727106097755,-0.036665095617872234,-0.04868121828588812,-0.048625672350321336,-0.0016637264073263713,-0.04019354185451296
-0.01063953197910722,-0.029165332102930097,-0.0027778341267373774,-0.0003876280427879131,0.0014026684429064296,-0.01988416887385719,-0.02013417743400525,-0.023153418912184476,-0.02127685282153413,-0.015611435234746951,0.00013352711391390049,2.608996507980077e-05,-0.03505558003198611,-0.0003228074394452385,-0.015415757719874301,0.0,-0.029366535980096642,-0.006069406807851896,-0.00014042969154759444,-0.028070023026501245,-0.014133651436140038,-0.0365619915845708,-0.031638945030286136,-0.007883565313150154,-0.01797299176050976,-0.030138718526094732,-0.029128379446473562,-0.03291775675908487,-0.03399208532466974,-0.03741034157537948,-0.003750166318204018,-0.009654839656798031,0.004775710781938836,-0.018823197549315995,-0.005338761585435392,0.0021025970337180677,-7.645114225068861e-05,0.0019232941354450084,0.01836265722393632,0.02747087926467784,0.011335370333154127,0.026433611709739513,1.0984197633345794e-05,0.0,0.0,-0.004263159787075643,0.00044558716945464205,0.0,0.0,0.0,-0.00705549254107396,0.0005626727151250011,-3.9493462437034665e-06,0.0,-0.0012931944108005022,0.0,-0.0010123115502505553,0.0006920239717607135,0.0,-0.02781717511510917,0.010979133287872811,0.02357837546579733,0.021346058673487045,0.0,-0.03112182117448037,-0.004555133792766841,-0.009443161652551657,-0.024207975089153344,-0.0026400831410402503,0.019018142278961037,-0.014781810873583712,-0.030617612624452506,-0.00820580513021768,-0.01271481776186234,-1.1102230246251565e-16,0.015317793296649784
-0.02475196896242382,0.019399800978204207,0.000451265038330817,0.0006171230374693581,-0.0014726677959848722,-0.03783861437596342,-0.040142988210258135,-0.0005496741580844344,-0.002493016246885471,-0.02845239237665198,-0.001975156806324818,-0.03698573772114527,-0.02516199748607184,-6.905178076199725e-05,0.01150858518440745,-0.029366535980096642,0.0,-0.052761491943855154,0.0012112747075711527,0.0010160185399585853,0.0007646274006671838,-0.00694569655681071,-5.3988569044982615e-05,-0.0319253793906536,-0.017792263741390146,-0.03330903216298309,-0.038732009628796804,-0.010313786510491418,0.0026161844358510433,-0.0024628395870134323,-0.03344703192480947,-0.01375259422079389,-0.021606921246782707,-0.022862316571037045,-0.03920021726555456,-0.0026080515741735977,-0.000367450907905853,-0.01623680557242224,0.018609132541983653,0.007420309367679623,-0.005518147406992191,0.00024547184673995304,-5.551115123125783e-17,0.0,0.0007838138052241317,-0.024092557698143335,-0.00027614594295988226,0.0,0.0,0.0,0.0,0.0,0.0,0.0,-0.03267443529594255,0.0,-0.04009807244416841,-0.001296865346428977,0.0,3.430568218448782e-05,-0.001131573605385905,-0.01985191104525108,-0.014339991888173476,0.0,1.1102230246251565e-16,0.0,0.0005452606422174378,0.0,-0.04420061405955289,-0.021243663945313573,-0.02811082499013645,0.0,-0.000979180034592464,6.619701855298255e-05,0.0,-0.013936675591755376
-0.013692023591275693,-0.043906100555940464,-0.002468939240203527,-2.5155643544660933e-05,-0.004007262445152371,-0.023674185645133072,-0.012454696995469805,-0.017259190322332363,-0.03310057257047999,-0.04831161322091915,0.00010326665849275107,-0.03085130029994476,-0.02239345925761055,0.00010882378727833375,-0.014118350914213151,-0.006069406807851896,-0.052761491943855154,0.0,-0.0018783420277915241,-0.01625902762028908,-0.02067318091707565,-0.027581965373132067,-0.02497480788953249,-0.026637205961307253,-0.03078600216711691,-0.030171944730595424,-0.03104911660821802,-0.019868474535504776,-0.024749791366566187,-0.0039957193940225455,-0.03516607194388022,-0.011942900870207107,-0.024217906351950147,-0.031064932323256578,-0.03227187018236305,0.0006924972410422003,-0.0002338270785270935,-0.000459968092582419,0.018638523992274836,0.01154238999734708,0.008112091397691146,-0.007833545772676476,0.0,0.0,0.0009188586059114545,-0.013639785136432159,-0.00014328767128385378,0.0,0.0,0.0,-0.010194103543771704,0.00028893683427760886,0.00018164694232386536,0.0,-0.01174668322416278,0.0,-0.02782091815045873,0.0001225590240147012,0.0,-0.011950088734329345,0.01700376586871949,-0.00543715219418256,0.0033118949056218927,0.0,-0.0014252471817056689,-0.0034706184655811656,0.0037305965080905445,0.0009738405983739096,-0.04234161726392166,-0.0026091192439970934,-0.01505476414033824,0.015874719004632165,0.0007029850238822188,0.00436637083964303,0.0,0.0054630486217613905
0.0,0.0012159105920215296,-0.05320273149036686,-0.06743636809564019,-0.07312360196960449,-0.1055925598212274,-0.07690010869477182,-0.09555084156522964,-0.04431650228403869,-0.06854729165778489,-0.041107958799813826,-0.0469377298138538,-0.08024938878275995,-0.08564314582819882,-1.1102230246251565e-16,-0.00014042969154759444,0.0012112747075711527,-0.0018783420277915241,0.0,0.00035689132282479274,-0.0003384056318995188,0.0013956433408230384,-0.08646843127514381,-0.00026722990642674693,-0.0015772878794840794,-0.0007263103777821467,-0.07823554615036643,-0.06969070701563951,-0.0011272363914238137,0.00021017669728179422,-0.07612930152212438,-0.055501236059600445,-0.0003930876809876138,-0.07468421359409227,-0.08547202881211169,-0.10500070396893724,-0.060824399890957004,-0.07522438205985077,0.0038189985511831726,-8.57159891586301e-05,0.003768365536963747,-0.0017434568230716985,-0.10867287912212692,-0.0015052888553444,-0.00016302643850774068,0.0,0.0,-0.20839019800432268,-5.551115123125783e-17,-0.10569469809577509,-0.08263829796689937,-0.0923789008242667,-0.12808624065309326,-0.09260023514067928,3.9686031994168314e-05,-0.08724821621378165,0.00083955084620152,-0.06339157471433327,-0.09797092285578607,2.220446049250313e-16,0.0,0.0,0.0,-0.09242185330500191,5.6982806880157e-05,0.0,0.0001135987186206,-0.08579513528038307,0.0,0.0,-5.551115123125783e-17,-0.09854135055165969,-0.000891616800009043,-0.0021484597494645374,0.00019645154627412342,0.00039170147994815885
-0.02456388421812733,-0.04784878882222232,-0.038215905974969655,-0.02402485535095983,-0.0022157241859466215,-0.04572702091875763,-0.027087952808340032,-0.04003574518543379,-0.0440298660167171,-0.0049404251734389,-5.310855037415907e-05,0.0025368544163028584,-0.042630833826979964,-0.0006333425162152739,0.0010077783138823793,-0.028070023026501245,0.0010160185399585853,-0.01625902762028908,0.00035689132282479274,0.0,-0.03329088125549218,-0.03599239310999558,0.015663043489492823,-0.016118847629989164,-0.014007661524086612,-0.03692350807914585,-0.03919221629928937,-0.034615302575274176,-0.024838591394551635,-0.07249786126375085,-0.016557443993703513,-0.027583216422405077,-0.031559888428038696,-0.023855695983288294,-0.010265578602673353,-0.030287219845447855,-0.008516287603143602,0.005616643206716898,-0.036029865550877116,-0.03538595367459724,-0.050283663929886646,-0.03630979771860937,0.0032359635245395313,-0.0007584069910417379,-0.00045849837332961885,-8.642018623533643e-05,-0.02102016921909955,-2.8671194179763493e-05,0.0,0.0,-0.03306327014711724,0.0013771783908071988,-0.04223881108522626,-0.0012180815185686145,0.0007975254993644598,1.1102230246251565e-16,0.001175664116255637,-0.05325982793945083,-1.1102230246251565e-16,-0.05396423255350136,-0.027189252580769874,-1.7473487845642843e-05,-0.022423013858710206,0.0,-0.06678379746585944,-0.04959208169874835,-0.047615917914146544,-0.03964790667201995,0.0,-0.00625547312090019,-0.036075648837557095,-0.04298786318474451,-0.04493368332394365,-0.043610919733853615,-0.07464878737280656,-0.05298118711019262
-0.03427576261142434,-0.02582357968689908,-0.06011230021552488,-0.0001321251583698002,-0.0011726718744444198,-0.0699793319421243,-0.014979006766210723,-0.026175771059949893,-0.04726861427408957,-0.06143734616370372,-0.05074970369019638,-0.05714014657879107,-0.035572160873347136,-0.05674968028019173,-0.04561104065822713,-0.014133651436140038,0.0007646274006671838,-0.02067318091707565,-0.0003384056318995188,-0.03329088125549218,0.0,-0.03053131959867661,-0.05041607969089734,-0.06217226129372544,-0.017071702340070494,-0.051145933864388704,-0.0588263849254308,-0.04425183945392225,-0.03245170726068347,-0.04144652528216092,-0.010806442757211765,-0.02044019562267152,-0.021219524131468437,-0.01270050861147537,-0.008437761900855656,-0.07052826811667412,-0.0004449420511719038,-0.0027448103485048225,-0.011806072816535562,-0.0014917316962312355,-0.020485491009555823,-0.008969408989835115,0.002793273235894289,0.0,0.0,0.030377100032419446,-0.01498947219699015,0.0019567072251663875,0.0,0.0,-0.0226521788915639,0.0002730020778450859,0.026245921074205925,0.001082108700457829,-0.0006286642039038393,0.0,0.0005559622251780638,-0.05622060375122995,5.551115123125783e-17,-0.03927477445003946,-0.012176554063542566,0.0,-0.00045087601986820713,0.0,-0.06503737141344917,0.03367759322857372,-0.042781923972907754,-0.017568761663848353,0.0011271558447203955,0.0008707942498572541,-0.0243262117634353,-0.029471478780416616,-0.04028405145076286,-0.027568678535897506,-0.0024946501498374074,-0.026065602352506434
-0.011698817026799091,-0.040611904693790446,-0.035728291696691505,-0.002759175998132357,-0.0067886604235609105,-0.03339138832283367,-0.024132092888768997,-0.03903909224335067,-0.029066869574866094,-0.007149599574102161,0.00036726538968379074,0.0005869041250182727,-0.0415044256638028,-0.0005831570942005926,-0.04350627401652807,-0.0365619915845708,-0.00694569655681071,-0.027581965373132067,0.0013956433408230384,-0.03599239310999558,-0.03053131959867661,0.0,-0.026800344145637256,-0.01052913707472275,-0.025812062698873872,-0.04485520825620554,-0.042194815285873544,-0.04776986738175548,-0.03828445794753477,-0.1137266378075869,-0.021509387990768736,-0.03127526957846655,-0.017604866072189806,-0.026926250909550642,-0.019592465637772893,-0.030696386272260567,-0.0026158346686125933,0.0048455232305362195,-0.01681362802582842,-0.0011718837684360772,-0.019124383174066006,-0.01680824581101209,0.007939627481611478,0.00012504114501710184,-0.00037978971291202646,-0.002206056588165195,-0.006910137796826199,0.000291761713304417,4.6322308614454855e-06,-0.00013418433532957907,-0.027800735601991866,-0.03453070553621057,-0.0009894354986332843,0.0006137913283925656,0.0005714811096299011,0.0,0.001021317703790492,-0.027201380668749497,0.0,-0.04291051220318953,0.005864202460030998,-0.0008671216670061987,0.00591612508077094,0.0,-0.05489085613438638,-0.022450151789122796,-0.03007534376452814,-0.0325270609904858,0.001961683269006753,0.010032995752102092,-0.03480213418310074,-0.03587776564634665,-0.031306103608610136,-0.02678908264850932,0.0005293109991302836,-0.007426918640235924
-0.03883657468459345,-0.039000468462636606,-0.0510362619828415,-0.032901296608008945,-0.07829508024743548,-0.09553898881413497,-0.06773044472828232,-0.07060885847842263,-0.09826877148854812,-0.03093651448439566,-0.03689442167637824,-0.05645380308888537,-0.06932456016442123,-0.0708889371680067,-0.028273840011268536,-0.031638945030286136,-5.3988569044982615e-05,-0.02497480788953249,-0.08646843127514381,0.015663043489492823,-0.05041607969089734,-0.026800344145637256,0.0,-0.05354353964430686,-0.0208667823780444,-0.05408989932316116,-0.05647314612877902,-0.054395712863192336,-0.037711395229373335,-0.04450960054795666,-0.046363858632891164,-0.044292369179830315,-0.030161391007268,-0.043064111620779666,-0.038305422290566604,-0.09518544587279537,-0.040865833189962064,-0.0501644633374122,-0.04393801549443588,-0.050201024787520976,-0.03839016760930841,-0.025750683190082946,-0.07461982909371884,-0.034536566267637625,0.0007391539586933948,-0.04231648964422369,-0.032784046878005846,-0.17596218685175097,-0.0008695993156443982,-0.06074316233662952,-0.06366163597150476,-0.06531340532141722,-0.07514736800514316,-0.08037907791904103,0.002193983784507081,-0.13953364005043473,-0.003190190463602416,-0.06321594945812997,-0.10098768451594964,-0.050865230711709286,-0.024671365666765033,4.250619164036795e-05,-0.0012608043557553184,-0.1563433663012333,-0.061688854239599245,-0.046498132971761696,-0.04970210097687183,-0.058878209355855804,-0.00010971862017628009,-0.012829722679328082,-0.04514601854376121,-0.057564479460003704,-0.056125627687466095,-0.04722911770284649,-0.05472206278304287,-0.05473034035370117
-0.06005393720877311,-0.00930614130762808,-0.0018510970427669804,-0.0008479056160426435,-0.0027769796194254126,-0.0010148589627929083,-0.026260746981528138,-0.054030266055447085,-0.03688942993385086,-0.024377836941326003,-0.04959409412812865,-0.033556219373696294,-0.018836754059093797,0.0034627114696576533,-0.025099281932782103,-0.007883565313150154,-0.0319253793906536,-0.026637205961307253,-0.00026722990642674693,-0.016118847629989164,-0.06217226129372544,-0.01052913707472275,-0.05354353964430686,0.0,-0.029631063142577574,-0.04412401628164575,-0.010923118741709814,-0.013763894267437793,0.004429308903219686,0.0007660200595410727,-0.010793791538223574,0.05010545628159918,-0.008039008849519275,0.010451606940956537,-0.002532708402015915,-0.005146949177989912,-0.0007005698922891157,0.01711507336198706,0.042277399842911234,0.000345383815951561,0.0062837835015917,0.007582210765265551,0.0006887605727350365,8.054659786749241e-05,-0.019164569206634563,-0.018010324502871933,-0.005179835610225836,0.0,-5.551115123125783e-17,-0.00016789166975067493,-8.857761494762695e-05,-0.0003298350627175539,-1.6653345369377348e-16,-0.00010775479936142585,-0.048763269726647296,0.00031146901131795524,-0.046940363681447994,-0.003064388896531156,0.0,-0.0014717454406229513,-0.03895660274126783,-0.05021165303665159,-0.02953890677680837,2.0459712195775026e-05,-0.0006424234414716401,-0.0008609526936281253,-0.0043088965499081255,0.0006284125972566557,-0.0500948926575166,-0.033584879298799164,-0.04537562846046789,-7.72436902509166e-05,0.003318116014093875,0.00020084531518937965,0.0,-0.043434755328196184
-0.02233607955732697,-0.04061277487412923,-0.01759154445877842,0.0006577042872931704,-0.007273693321333485,-0.005554658312078409,-0.00961789569149668,-0.01655758369338839,-0.014442722362483063,-0.030170385084213158,-0.002136995112438256,-0.04589475716166025,-0.02254176250710338,0.02504474191410283,-0.011244069693821357,-0.01797299176050976,-0.017792263741390146,-0.03078600216711691,-0.0015772878794840794,-0.014007661524086612,-0.017071702340070494,-0.025812062698873872,-0.0208667823780444,-0.029631063142577574,0.0,-0.03511451304524743,-0.016514605144253736,-0.021554629186651852,-0.015247776382022127,-0.0016020537380287414,-0.0369799241424667,-0.005184683985310912,-0.013863822993756658,-0.01714789978783221,-0.03081281886869519,-0.00031350731668777776,0.00034153269524944685,-0.004067347403597987,0.010974148139702766,0.0004864027329815057,-0.0030640804349351125,-0.004780722146876137,-0.0011110803185523932,-5.551115123125783e-17,0.0019108288417655217,-0.018575153234577868,-0.00030584219105950217,5.551115123125783e-17,0.0,2.220446049250313e-16,-0.01611736102998612,0.000996073508868267,0.0010739101477570956,0.00044116155258577816,-0.022832632753686855,-0.0003093602486233249,-0.03491873554843394,-0.033258805346206566,0.0,-0.022925175439644063,0.0023172455696421346,-0.016457704986127975,-0.004143961557595333,0.0,-0.019761694967515064,-0.0022060815305700032,-0.015161910477303087,-0.013624321698908537,-0.04732957461620779,-0.008204534923269835,-0.021561984999741157,-0.01702725727978943,-0.011795451724243844,-0.019550687051286153,0.0,-0.00397241577503088
-0.026006117727924993,-0.04900793784029972,-0.05633582676148785,0.0012774783890829866,-0.006665595282884351,-0.04414159156976355,-0.017740648813540705,-0.031651160108567,-0.04202489383733876,-0.06303961819708481,-0.021698833740522894,-0.06386468885620328,-0.029740224926032566,-0.032516423786615456,-0.05305311296487353,-0.030138718526094732,-0.03330903216298309,-0.030171944730595424,-0.0007263103777821467,-0.03692350807914585,-0.051145933864388704,-0.04485520825620554,-0.05408989932316116,-0.04412401628164575,-0.03511451304524743,0.0,-0.051744962754540325,-0.029470483210121468,-0.028478831630014467,-0.001436626529819629,-0.039336636381926526,-0.025723197568341405,-0.031818474378806916,-0.03295105785261482,-0.03409721986253461,-0.0009254111189103686,0.0013622915087466159,-0.03815271357604605,-0.0222460583626356,-0.013802884186392583,-0.02266027208579685,-0.022383879743448964,-0.005456621619446822,-9.31046823005044e-06,-0.0035551299305234263,-0.02561716791765961,-0.021140828607812023,0.0020254541884097144,0.0,-4.1067385459170325e-05,-0.046409146156356273,0.001889161494675995,0.0017199697043922546,-0.0018877798956035141,-0.05099473492652251,0.0,-0.0551104102400487,-0.04031312085501981,0.0,-0.060808512018628136,-0.009107070119030003,-0.03628100493006642,-0.019569142888603175,0.0,-0.0540132705779372,-0.03546736648845894,-0.042149963742754926,-0.04384001274189131,-0.057297861979382136,-0.018694890075237447,-0.038871785589552676,-0.05351792087299212,-0.02240410677339072,-0.03485753487697585,-0.0004133350132924929,-0.015498356417243009
