0.0,0.49181916643638385,0.38176693855640054,0.0,0.40377664050423334,0.29795069863270207,0.5155215967217132,0.31988145417454683,0.44083794047073366,0.13929383555796893,0.45924778091352014,0.030395572427892786,0.5327334738389111,0.28744076824567555,0.34331543699580824,0.6729813867424635,0.24891992930845017,0.5230190273635973,0.0,0.46819903523754014,0.2320414252842934,0.5309073544160007,0.31567632738273055,0.1906625567603288,0.36260918683033344,0.46838069590764364,0.25160290967598636,0.47826637937391325,0.43716597248656097,0.6787627383485968,0.39211806896843293,0.6089345558416396,0.4737866704875371,0.36056629327397555,0.4335872376032487,0.6857431167944444,0.4961515372077497,0.21220586798492252,0.6787932191980371,0.6291632769171454,0.4743555403100043,0.6634868630072108,0.5067240942869371,0.0,0.43388295149333866,0.635221908445976,0.5983813041094397,0.0,0.0,0.0,0.03621104114989693,0.0,0.5928865433431559,0.0,0.13909408297235604,0.0,0.5855138436527652,0.7386549622313789,0.0,0.5818215524860069,0.6556128482170243,0.02787311033393397,0.5471894318933898,0.0,0.4755291257717723,0.5935086832333407,0.364520663307626,0.451778000973146,0.2925202132535355,0.6371325346240093,0.4888208257449312,0.200745792163384,0.4005359085288656,0.3257394395230386,0.0,0.5621126348144245
0.49181916643638385,0.0,0.36597532804669963,0.3226814097430343,0.44938195404789016,0.31623820957703574,0.4864984515534476,0.5073809680526893,0.2693677104666796,0.20849177536884808,0.31343034655459523,0.4425902011183406,0.40616516027082994,0.5338418872192727,0.29489850766259273,0.41915387360014367,0.8166526443412947,0.33591598102608217,0.609335343925695,0.19247258462592037,0.46017117835622795,0.36369637015543044,0.37052371941557116,0.3955403785751409,0.3191825330831279,0.24606138413908074,0.21795421343472177,0.4252737082696592,0.2443176811063066,0.46425618943343094,0.442364206156046,0.40448492074877257,0.3678705972929601,0.3880925574679877,0.4694248607489174,0.4977390223339983,0.22684165750631563,0.0,0.547316693504033,0.6121471494558464,0.4463558953056496,0.5481496039245795,0.6707449293154103,0.0,0.0,0.4924021031702116,0.546474461712748,0.04032820854858424,0.0,0.0,0.27812287968718186,0.18778554665602848,0.5543078827749579,0.5953383657747735,0.5784999361166964,0.0,0.41655546032714713,0.3375423784522482,0.0,0.20573958205213394,0.596000171961927,0.6587944282796145,0.5961981544834056,0.0,0.3036719607114923,0.5370803213915889,0.5386600608797099,0.3530010937571958,0.4341775535089082,0.5813117966146842,0.36283942553571225,0.2671860676155553,0.5131968374970424,0.39477381308153625,0.0,0.6796722262844526
0.38176693855640054,0.36597532804669963,0.0,0.16483060878643388,-0.026917810517295138,-0.04474674836917619,0.1302071246508248,0.2586040673070785,0.11087638883452433,0.5234992954984985,0.24099082932434868,0.5641263753060055,0.10484145498008535,-0.04471445066653923,-0.043324789208307124,0.3747048117887417,0.644490616845694,0.5074927510305259,0.1968732964767055,0.08015467709650809,0.07672178981925101,0.26112795106973474,0.24836837092246353,0.43002335950662546,0.4000048782758769,0.09024476292599237,0.1793817759868723,0.16696471982177447,0.20698157958380067,0.6163865708083671,0.1628582273379673,0.17195045582841842,0.49768831819811443,0.1563627666282269,0.09711256697508758,-0.0876699950403545,0.12711298827523698,0.4918691403249986,0.4517200072244464,0.46914019130836837,0.26727713002858894,0.49829297006651896,0.21762298476944567,0.3496821863423653,0.0,0.0,0.20589545331365472,0.28941833993455707,0.5061507204502095,0.22235808103018811,0.2711713150023971,0.28879447661214364,0.2522353135449035,0.41801813692360645,0.404999930321561,0.21142082417463767,0.520337203246821,0.2971200572722944,0.4059223914345732,0.28277751795097195,0.0,0.0,0.0,0.3258364328654323,0.6779597919509335,0.4739586148426397,0.12612352525565707,0.3434376028106183,0.0,0.6670006947777152,0.35914078260102106,0.2368432174155042,0.317247708514327,0.2828058974215545,0.7304469900448936,0.12010978267868827
0.0,0.3226814097430343,0.16483060878643388,0.0,0.5658697669864439,0.2891631597669909,0.4509429871066609,0.516042833608377,0.2611694515149633,0.8728194459798626,0.22023865358248723,0.3651899699044334,0.4803671010639363,0.4712858797551134,0.6159607547936792,0.07558505417587102,0.5891766713878583,0.5067018277140364,0.1800880000874095,0.42906650033462945,0.4376878525730916,0.561348778315135,0.3461265967771645,0.2566680615524122,0.9261443092661749,0.6382817434564523,0.22782442460733782,0.6326352645205471,0.17435695271787832,0.4710074048824934,0.6004623302755814,0.5884818760971424,0.1959804459340092,0.3337372283496498,0.15871710440927722,0.36542011924027434,0.3495127813461243,0.6994710312507498,0.16319183090905603,0.3094727231803361,0.3693985545612382,0.2957453559699842,0.22882540561156833,0.23881922755393314,0.0,0.0,0.0,0.43608632796948366,0.0,0.0,0.5810756029567347,0.0,0.4818991907776105,0.022667042118841012,0.0,0.18464527756533478,0.5254375231911643,0.4984181228438077,0.0,0.0,0.0,0.0,0.0,0.0,0.0,0.0,0.5095248518368352,0.5962242703400851,0.0,0.0,0.0,0.47407260429761316,0.4863708826334374,0.13123807887533456,0.0,0.0
0.40377664050423334,0.44938195404789016,-0.026917810517295138,0.5658697669864439,0.0,0.19355915915538321,0.34884497687283533,0.19176921938314817,0.13279817387104242,0.5354518360668533,0.09447821732278622,0.5429972371841547,0.34927466914632355,0.3882790476603269,0.49227998663273553,0.6109583922722654,0.5433474007636514,0.4426796246718117,0.09503370457487811,0.5278878685499426,0.49345123891623555,0.5012300862620218,0.005139761837659573,0.5140981599748625,0.47052692359857134,0.46683827776578735,-0.04335516800609185,0.527226620218126,0.42285527798319855,0.4242775373295342,0.28436399198352913,0.4540413548546678,0.470540998333259,0.22169721666707803,0.3235427629167412,0.38389189657879785,0.6578006540803307,0.21804895693859674,0.6142522791970243,0.6987787597342011,0.5692984736156268,0.4303674492012132,0.2128928544710853,0.678736369809958,0.2648992819288166,0.0,0.3940097346136506,0.14248221258971352,0.0,0.05847700980922449,0.29070689947290307,0.2697835698278717,-0.1922564310037892,0.02853197185348555,0.0,0.09651752657050502,0.3780899426538719,0.35020010086002745,-0.0949472611069585,0.23820918201052957,0.47977202548746894,0.0,0.0,-0.001172000242328719,0.3483399811198825,0.4946419104627368,0.3568374069370086,0.23539051326294608,0.0,0.46971435873387807,0.5679533087306903,0.24106266373055554,0.3912958696815786,0.3847217668610925,0.0,0.5345622417052236
0.29795069863270207,0.31623820957703574,-0.04474674836917619,0.2891631597669909,0.19355915915538321,0.0,0.29623669584891077,0.031787651086198576,0.1539780325665758,0.29310652624866257,0.01755751580212883,0.4631228567096939,0.07196133047457443,-0.04677575748641466,0.16069852905759807,0.4553538009711619,0.26647726913715386,0.39875236977818085,0.023242890493633817,0.17595817438964914,0.10262619489243363,0.25732318628433615,-0.04572332763288972,0.39069416818595637,0.4935028929329671,0.32164885018727235,-0.05745963101245055,0.21294909108111773,0.14715795506364154,0.13695956108981439,0.09223882197464472,0.13032259622813672,0.32748769453627863,0.17712137694151542,0.23203879141548062,0.1482039949928312,0.18309070164506194,0.20235499349587316,0.42657614738566885,0.31958182880504704,0.4397609016046893,0.551104875835241,0.43691984498910535,0.41226251516002,0.20463277728413098,0.5533624341224668,0.47942965430337336,0.13136261932232718,0.5961186360015089,0.1521438670291929,0.28896219185238536,0.271142400581589,0.26125959160911255,0.24596724673279163,0.6731581391559627,0.10750057078648592,0.35185810996349076,0.284001514232581,0.10747550905080969,0.2427742405628185,0.6190329983604945,0.0,0.6677338060644213,0.17466229116139023,0.2981141459159993,0.17808629071092008,0.284043631053166,0.24187224942924213,0.6265593032844639,0.5341798717061887,0.32075367207068006,0.27510752568579,0.25695609474345305,0.2625739765688774,0.27077296248283644,0.3139364770697045
0.5155215967217132,0.4864984515534476,0.1302071246508248,0.4509429871066609,0.34884497687283533,0.29623669584891077,0.0,0.2509264532011395,0.1456552424936508,0.4585101935503094,0.10835633881232021,0.3928711701154356,0.4970881634884474,0.3451625651004803,0.49589690065012904,0.47414821606653584,0.2942457087035474,0.5049120739526085,0.1189813468081029,0.3454673720121094,0.37709710909452976,0.3998550150117128,0.09121602945329854,0.3769641843931644,0.49708863966626504,0.50663194871866,0.03350665747619064,0.44548950253540137,0.2805347117559197,0.4665237730892292,0.3693366796382552,0.3240050576584328,0.342547152614295,0.1392634267326534,0.13839819622892893,0.5760446310734446,0.295513537975291,0.4767063052189565,0.6321117976669599,0.4491403127919362,0.6366447804726323,0.7168740187173221,0.5070943250425974,0.846757023533649,0.3523672114769718,0.0,0.5930659028499036,0.18411673548981533,0.0,0.09519992386719311,0.3327391095366351,0.2994589683097463,0.3204980523034314,0.2624118333876254,0.610228752977056,0.5078981122466744,0.4720156399745068,0.27206251351597777,0.3530480327151174,0.3372309607651664,0.6245571603095206,0.0,0.5405271426646251,0.23398444252485526,0.14400838257464332,0.5120695392676055,0.5806538318485673,0.29937666974937416,0.5067244375031202,0.6373615577662533,0.5533172145693528,0.32116121524590413,0.3717852252014676,0.27484237969310754,0.7632740390887055,0.3834348315481097
0.31988145417454683,0.5073809680526893,0.2586040673070785,0.516042833608377,0.19176921938314817,0.031787651086198576,0.2509264532011395,0.0,0.14084022668514942,0.5684915559394378,0.22414419012316836,0.6392781850635296,0.23120648160798576,0.6592904230043843,0.4676023300248956,0.5379831059334055,0.42450724888548175,0.5307561296693023,0.20972160382189944,0.19672412838657058,0.40379909655714746,0.28023542151545056,0.16691489209802762,0.07921743126425912,0.5152553596876059,0.38421218617178576,-0.010976057820530516,0.29931481937716453,0.1640020670862652,0.28365052691600245,0.2862334322497718,0.5922495507863543,0.5171976571808028,0.22219157335807443,0.18846771785409655,0.6080494443892587,0.49613044080458485,0.5857294962199773,0.4722118765177975,0.4590683034960887,0.3050128113282705,0.4597294678233866,0.35777383451877776,0.4356182310291049,0.0,0.5965510538206523,0.37328127703479874,0.23815904757627024,0.0,0.37105237774983324,0.45386655884270044,0.5021460357432185,0.4961754702765882,0.19234037840335635,0.8794740770925178,0.335019864052568,0.9494019609406281,0.3362417795677517,0.27141875610352834,0.6267272679602829,0.3982091589286457,0.0,0.7018280778779414,0.46223839170917486,0.6636950978943377,0.5956752243805681,0.4930994425522467,0.4277937737212679,0.0,0.4731345802164337,0.3913391526031521,0.3045685609903407,0.3536796262558055,0.3519693058747462,0.46215494685779607,0.2854891614733011
0.44083794047073366,0.2693677104666796,0.11087638883452433,0.2611694515149633,0.13279817387104242,0.1539780325665758,0.1456552424936508,0.14084022668514942,0.0,0.25840051225452504,0.12904838511338465,0.2683499230858148,0.04094001135488057,0.13024203095240644,0.5920579311536502,0.4086631658909967,0.4549710763526533,0.2996818933105192,0.18805384766849348,0.20544710401365945,0.13754854541952036,0.3085236992503857,0.04894426880139657,0.33452880088795944,0.4223288092353547,0.31763150525494965,-0.0014436013079127674,0.028484967289592655,0.15312426452769998,0.12851262206729827,0.14830864049919307,0.15012902618513854,0.2592255638317994,0.13563972087742687,0.09759495346088107,0.0312582996040931,0.13985837583323982,0.21453916399082446,0.4296488974503237,0.5225746667767439,0.36532686663651226,0.47160880432911634,0.1878662086305315,0.5142254943732492,0.2830367962163945,0.0,0.18156283288128927,0.2181661013697318,0.48723456039215485,0.16552932476507273,0.2526842745481216,0.3322258927825698,0.09311120776722448,0.16155505431408795,0.21915228208919418,0.33119724834697495,0.48693736032457513,0.23432409836292528,0.24010635287872287,0.4521033269990171,0.6352639192934032,0.0,0.0,0.06956591739242574,0.6407620484707739,0.7342712461777692,0.5413816116485389,0.21819536816386853,0.340486597984375,0.5470920971798925,0.15052266386787366,0.1699317321651897,0.22308138557255386,0.26421503155672166,0.4808957079000414,0.3483153192380417
0.13929383555796893,0.20849177536884808,0.5234992954984985,0.8728194459798626,0.5354518360668533,0.29310652624866257,0.4585101935503094,0.5684915559394378,0.25840051225452504,0.0,0.27841560868047466,0.16293304126241986,0.4526983041095623,0.6024273124902311,0.44129521616977063,0.3845805077121835,0.45589419182798163,0.18823367203387353,0.19043197826421887,0.4176250087503453,0.21829889625006255,0.4456366659984108,0.3223094341385462,0.3533240034416645,0.5283331274891042,0.3037233557455328,0.2225061248616419,0.6136789009926458,0.4449784344176237,0.4348280091077298,0.6305753646186449,0.2237722686869487,0.39889011597268953,0.5019336503251571,0.4495834454299241,0.7233836753949806,0.5422948073424592,0.41239070499328706,0.8674807890830041,0.271176268889591,0.4563770638971628,0.4218329131587678,0.383144014026075,0.3352267443186142,0.3362210697608632,0.30365670346774376,0.4733892165154796,0.1735435067047607,0.48875371167432463,0.4674849350036836,0.5166827010524592,0.45885681362798403,0.6044827254635294,0.23941168314845296,0.24523905690045092,0.4472394208549416,0.23264087082772889,0.6178536534268465,0.0,0.9566330924008417,0.5499855880215333,0.3208581186205066,0.32400469895474593,0.4800874484510469,0.5057766786179214,0.5838141632152931,0.3379241400808283,0.5720539194336728,0.12190497120581822,0.29039740498219824,0.2723223198172592,0.5797892014197418,0.5685671784831958,0.45125264511629226,0.0,0.4348181614685019
0.45924778091352014,0.31343034655459523,0.24099082932434868,0.22023865358248723,0.09447821732278622,0.01755751580212883,0.10835633881232021,0.22414419012316836,0.12904838511338465,0.27841560868047466,0.0,0.3082189540779712,0.12012819393039154,0.44298043721549635,0.0,0.524530165229697,0.5449914950539994,0.5703636019762529,0.23846469145172233,0.4793261516299926,-0.0732139454556111,0.3855971439409924,0.3252939608221863,0.2639934161642081,0.6076452330978115,0.48879409551176156,-0.0540470485169553,0.17677297188858754,0.09743549549728087,0.5151108340247603,0.17104161240829704,0.46449056584167014,0.16689287401865038,0.18957376526321335,0.18044695165198416,0.27872092045587415,0.37726844135145765,0.25771437415475246,0.28758627481589605,0.47576379517700434,0.5159990119161817,0.4589078456430953,0.19025080897311558,0.5995974348215963,0.19170003677360895,0.0,0.0,0.2983697950990025,0.4690659773231527,0.03712619217100871,0.2270354564397744,0.16945155273965284,0.16297279966499825,0.4358053203472145,0.49060805274308483,0.3191271282805641,0.4006756826451812,0.25439479190338543,0.2467990901704937,0.0,0.0,0.0,0.0,0.13594550511888237,0.3821672369774377,0.0,0.7302184035464527,0.17385004813567018,0.0,0.0,0.9261459184219378,0.12036185254722773,0.18400917544237413,0.4070065795609335,0.0,0.5426462288737242
0.030395572427892786,0.4425902011183406,0.5641263753060055,0.3651899699044334,0.5429972371841547,0.4631228567096939,0.3928711701154356,0.6392781850635296,0.2683499230858148,0.16293304126241986,0.3082189540779712,0.0,0.47484697917238927,0.671567694942728,0.3889394650457917,0.6303649865601864,0.4207673638737235,0.5124788468923533,0.3148970868111658,0.5402124115759686,0.2010972366962267,0.4700803464866089,0.16124712444113065,0.2538563557706086,0.36864002759088244,0.2705749050861501,0.32765365827189297,0.6521274041163669,0.6073912344837284,0.3380884793755489,0.5852917910178619,0.2661017832700228,0.519509183520551,0.4710578104301516,0.6215401993327769,0.35194199287112704,0.7207830034564806,0.2219333514292105,0.4593109311438618,0.27780240001729317,0.5188657771452473,0.31684647652297754,0.44456347498507165,0.49177430416036777,0.3923123203841529,0.02234595011633686,0.5876681477789718,0.27322712282761785,0.20035984071251195,0.2705246039009334,0.33819130473383596,0.5176564354288692,0.24353386364528207,0.42843026075527957,0.20617963917978138,0.26101840053804165,0.3023213895308443,0.5788993984840005,0.7049606014645939,0.6864792041373842,0.5417129742394564,0.25921363441201706,0.32479680382693404,0.34784762455902796,0.802050934388945,0.800829958202089,0.4464485789540697,0.5341017576621806,0.11758336155767118,0.26262302742893207,0.23343308917187844,0.3915302795612019,0.7001679782175809,0.5033698491066673,0.0,0.45547485603295135
0.5327334738389111,0.40616516027082994,0.10484145498008535,0.4803671010639363,0.34927466914632355,0.07196133047457443,0.4970881634884474,0.23120648160798576,0.04094001135488057,0.4526983041095623,0.12012819393039154,0.47484697917238927,0.0,0.3647494005605319,0.2741123481258342,0.3884480022275762,0.36388161350267295,0.4768295470873245,0.14157957017511918,0.2724508897281325,0.31497462696124534,0.2925737902193961,0.0923782125170812,0.32572949706878185,0.47217220160386597,0.4229506219349345,0.01891270574998488,0.28783632787065627,0.27708302830378617,0.22929488113410448,0.2808219980022399,0.40879577069298045,0.4363761211133811,0.2464276245093039,0.23477001546022933,0.5507064029135349,0.4013561599105122,0.4209320419294323,0.6007526180029854,0.5543084649938473,0.5213495825688044,0.5384984233732943,0.5675942567443849,0.6351888351366981,0.44213687504134813,0.8664292008608381,0.6203413420475576,0.2865326155685268,0.0,0.283179879105481,0.3292016874429079,0.2889790615584708,0.32517747225969823,0.32086120301614995,0.4077435133367547,0.13023077290314433,0.522423738498538,0.4269890356319309,0.4433220190063736,0.46340805766265586,0.5851908135939724,0.42306885247728754,0.5828584345994418,0.23705814059246888,0.20778795585216978,0.5099615624581108,0.473507480125037,0.3359550911531195,0.5130380369333993,0.46440063499645445,0.3714188239860221,0.39371917048950267,0.45924096251041463,0.3670501127184217,0.5504835365716814,0.42998798582005876
0.28744076824567555,0.5338418872192727,-0.04471445066653923,0.4712858797551134,0.3882790476603269,-0.04677575748641466,0.3451625651004803,0.6592904230043843,0.13024203095240644,0.6024273124902311,0.44298043721549635,0.671567694942728,0.3647494005605319,0.0,0.5514466071305553,0.6305127038831375,0.48195500075415076,0.5000236146648935,0.1405366506998187,0.4211905114268507,0.06914262108601238,0.2836298102701993,0.12676756102265566,0.7189293562034342,0.8571642088239243,0.21767652534327625,-0.13069914379613506,0.6163358242541946,0.4121307137281478,0.8013948560153253,0.5438088876711146,0.751955667309118,0.23975580329111784,0.6850753441658408,0.40230199871879824,0.2896798849853295,0.18093286899382985,0.07944922496304249,0.7167703557689828,0.0,0.7170650322963641,0.8362418959139515,0.23510475953341037,0.5057023558244305,0.0,0.0,0.0,0.123102670190112,0.0,0.5419385674354185,0.30820801140635645,0.4718058399710169,0.1721951869561817,0.4542682679348771,0.0,0.32473624191504835,0.3993694411087989,0.704721920431677,0.010468260715368105,0.0,0.0,0.0,0.0,0.5132757895259665,0.0,0.0,0.0,0.2320559539271619,0.0,0.0,0.0,0.19699742024643446,0.7154504348198284,0.0,0.0,0.0
0.34331543699580824,0.29489850766259273,-0.043324789208307124,0.6159607547936792,0.49227998663273553,0.16069852905759807,0.49589690065012904,0.4676023300248956,0.5920579311536502,0.44129521616977063,0.0,0.3889394650457917,0.2741123481258342,0.5514466071305553,0.0,0.5294163148396589,0.6372470542972404,0.45857471993937005,0.0,0.6469097763726522,0.19351184948115774,0.2810157675445063,0.3656644390925142,0.3546965298295569,0.4715154720135796,0.25171128533262294,0.36023102605220836,0.21407694802164806,0.2798526013788549,0.3815268282911721,0.3368623628301388,0.23877000555648434,0.24514718124165946,0.30353244264258605,0.4099625686421172,0.4739242211540505,0.4549362987693336,0.364753013210414,0.22810924817135508,0.39428037636433266,0.2640377410210778,0.23916688136874836,0.5191035962468923,0.6093134961462825,0.0,0.7228810515196231,0.38910927622220426,0.47461661966181434,0.0,0.0,0.2945008120480622,0.7247039729150704,0.5935322183166853,0.539402533471121,0.0,0.0,0.705085950121161,0.1944461105894168,0.4824371832666863,0.4896632609529092,0.514678386524781,0.6645001616252169,0.520229650584125,0.0,0.43241619282643384,0.39610539975805453,0.5121824039684799,0.5891489790784159,0.49036600487395204,0.4841218180457058,0.2885760829777183,0.4527355312142702,0.2372950507266341,0.19704114389394956,0.5640054792020305,0.21155343190480855
0.6729813867424635,0.41915387360014367,0.3747048117887417,0.07558505417587102,0.6109583922722654,0.4553538009711619,0.47414821606653584,0.5379831059334055,0.4086631658909967,0.3845805077121835,0.524530165229697,0.6303649865601864,0.3884480022275762,0.6305127038831375,0.5294163148396589,0.0,0.3249710069011985,0.6840699729771313,0.4601663045773705,0.3740514962042981,0.5951261165058388,0.3199448613855328,0.4471485662227222,0.5749102182661066,0.5661825990969924,0.44787033613327565,0.4025158455853648,0.3525977457281875,0.32100410532709234,0.3341865271223208,0.6375967715065731,0.4574088196542806,0.515218786964707,0.32166827912628204,0.5658662412949336,0.6620064951571885,0.38026688214396775,0.5984973088154465,0.7911086193870471,0.7628480062349625,0.6868375786279688,0.8025069281252339,0.5068153616785253,0.0,0.0,0.5796038376578962,0.6968765403333476,0.0,0.0,0.0,0.4706338782363426,0.6055160307956531,0.8256440407594567,0.0,0.5689336908625457,0.0,0.4476459719246684,0.6158682947535508,0.0,0.45047619763566193,0.7596976482129218,0.7696599122911738,0.8359289193274827,0.0,0.3579630683435756,0.638876400182431,0.574567666793638,0.45787473584764415,0.42734738116116744,0.856208888472655,0.6438833373880055,0.39437480747193765,0.5633000502575569,0.5585248833433363,0.0,0.690494955619811
0.24891992930845017,0.8166526443412947,0.644490616845694,0.5891766713878583,0.5433474007636514,0.26647726913715386,0.2942457087035474,0.42450724888548175,0.4549710763526533,0.45589419182798163,0.5449914950539994,0.4207673638737235,0.36388161350267295,0.48195500075415076,0.6372470542972404,0.3249710069011985,0.0,0.33954987591431657,0.6685107870945264,0.4647979596212384,0.5589838737015209,0.5535441193991055,0.5174086962101675,0.4037687375190307,0.513089954556928,0.35286217496199646,0.3144821374385727,0.7215578294690568,0.40012798722545084,0.4722240103273081,0.30824741273962586,0.46806028557074764,0.5000197566962772,0.39769656164435657,0.18793502446906313,0.6264419395856602,0.27043850833500804,0.34787852465287844,0.7368400331275733,0.4987803202494558,0.44245414611198675,0.5585410907915378,0.0,0.0,0.47162887329582626,0.4870744638111421,0.5312243438668702,0.0,0.0,0.0,0.0,0.0,0.0,0.0,0.32484176664432707,0.0,0.2656026735780611,0.31370936359366475,0.0,0.7729071159492404,0.4223204364946779,0.42178033584284885,0.43043851412217016,0.0,0.0,0.0,0.5579717099812019,0.0,0.3046068672830834,0.4699428781436227,0.43353266016363,0.0,0.3148269815847261,0.48264845743240414,0.0,0.5091068996639517
0.5230190273635973,0.33591598102608217,0.5074927510305259,0.5067018277140364,0.4426796246718117,0.39875236977818085,0.5049120739526085,0.5307561296693023,0.2996818933105192,0.18823367203387353,0.5703636019762529,0.5124788468923533,0.4768295470873245,0.5000236146648935,0.45857471993937005,0.6840699729771313,0.33954987591431657,0.0,0.509111559761182,0.43566348707733993,0.49502733858500475,0.34085737529980387,0.4865359993183124,0.4311762194642779,0.44342527430766004,0.3825442946561649,0.381826672441472,0.42372996052966494,0.354996314438903,0.5566066347738845,0.241504363004044,0.42299460462800975,0.4522816667079821,0.3592271930415286,0.20462638670112102,0.5880921661778626,0.26153532806415214,0.3749808670087409,0.8108841132565673,0.5969968911413303,0.5680932364552669,0.5118583549056263,0.0,0.0,0.5516459388243864,0.5712591539545296,0.6732225072205801,0.0,0.0,0.0,0.36904315147071826,0.5807827530173422,0.8581291305692051,0.0,0.5338749070405621,0.0,0.37521518565250317,0.5362318242769563,0.0,0.4993280638339942,0.7565807979353416,0.5824288713446809,0.6006494364722906,0.0,0.44750571549052,0.6143035284175962,0.6491215323511791,0.7445873879887561,0.3557200490265409,0.6039293261929517,0.5635191432363879,0.6249323589356568,0.697995764568281,0.544563680998472,0.0,0.7034722507151001
0.0,0.609335343925695,0.1968732964767055,0.1800880000874095,0.09503370457487811,0.023242890493633817,0.1189813468081029,0.20972160382189944,0.18805384766849348,0.19043197826421887,0.23846469145172233,0.3148970868111658,0.14157957017511918,0.1405366506998187,0.0,0.4601663045773705,0.6685107870945264,0.509111559761182,0.0,0.5228731389854854,0.46169655733328957,0.6531122817738928,0.1347963023365995,0.5086727688894852,0.5359146536350781,0.5229344837614825,0.10213449401266061,0.2272271462718941,0.5754075720524668,0.6150410888923388,0.20603591040011016,0.28346807812049485,0.5190202782993207,0.2009359899332828,0.07250304398555676,0.08585345021987961,0.20959068090246624,0.09897003883690231,0.731135823578162,0.3843267231503604,0.44322282490973586,0.2203004926127575,0.14610907290137332,0.371214827600429,0.4142254422930448,0.0,0.0,0.18895599740319952,0.0,0.1810923713110216,0.12755069986650644,0.10223957772954867,0.0574988335177099,0.1659105997404462,0.9057246759609978,0.3832483639849691,0.5460643198282538,0.20757973607009608,-0.015982735993229802,0.0,0.0,0.0,0.0,0.47953074288854747,0.4707136680748242,0.0,0.47902466944357097,0.26574930088481574,0.0,0.0,0.0,0.14573765257505533,0.5889153829518002,0.45537433909702013,0.4905324347093762,0.5903594377865401
0.46819903523754014,0.19247258462592037,0.08015467709650809,0.42906650033462945,0.5278878685499426,0.17595817438964914,0.3454673720121094,0.19672412838657058,0.20544710401365945,0.4176250087503453,0.4793261516299926,0.5402124115759686,0.2724508897281325,0.4211905114268507,0.6469097763726522,0.3740514962042981,0.4647979596212384,0.43566348707733993,0.5228731389854854,0.0,0.35220851543800846,0.25290016679133387,0.6071504095182318,0.4703183942411449,0.501290095541512,0.3108495612224113,0.3172696084901607,0.3406821668891725,0.4043481321053377,0.21592408623710702,0.43389179122187105,0.2886581384896403,0.22836179836631257,0.3737688418531731,0.5312963330582192,0.5371140350824235,0.43446077362129254,0.8149849935510425,0.2832834873036746,0.27815090914425294,0.28804628281580075,0.26598290518357626,0.5654819853613431,0.28939226715028576,0.20659259495580198,0.5334805543635555,0.4348959572314973,0.47059782231755987,0.0,0.0,0.30033047402854074,0.6230773885859959,0.40856731176722094,0.4009876893806227,0.9910848016771883,0.0,0.6046309958870808,0.22301522431712872,0.0,0.22207781568670895,0.35912383625184074,0.5064237167146881,0.42297720736571304,0.0,0.09969079393913668,0.20597045531594416,0.21659668504130247,0.35688656298612514,0.0,0.49823435267175825,0.2665536041602241,0.2782428430187813,0.26555800133257174,0.3019572031270471,0.05793749725669184,0.22828851225860916
0.2320414252842934,0.46017117835622795,0.07672178981925101,0.4376878525730916,0.49345123891623555,0.10262619489243363,0.37709710909452976,0.40379909655714746,0.13754854541952036,0.21829889625006255,-0.0732139454556111,0.2010972366962267,0.31497462696124534,0.06914262108601238,0.19351184948115774,0.5951261165058388,0.5589838737015209,0.49502733858500475,0.46169655733328957,0.35220851543800846,0.0,0.3413970226522114,0.22988384687031888,0.09332131676835814,0.46800666820702186,0.2877059007264403,0.19224732495090358,0.22812281355997627,0.25212710799076077,0.18357431063404303,0.5145710615980921,0.2767324797454171,0.35316415417582764,0.3819809817297245,0.5052973262487834,0.26144632866603734,0.3558594435908582,0.5977751796361255,0.46427082741796755,0.5968197197989118,0.3450126963624782,0.42520180051785983,0.6106916202147623,0.0,0.0,0.7039928933326847,0.5309129625978182,0.671011516423242,0.0,0.0,0.4385518084393785,0.4712875226782831,0.6932660602005383,0.5423148563381198,0.632500527488373,0.0,0.7871771378475463,0.18557641263923186,0.0,0.32516370780191556,0.5440456736698827,0.0,0.5590705010371413,0.0,0.1662140743958711,0.7651453410260859,0.31540509289024377,0.5019085926985729,0.8032709695662195,0.5030817139647502,0.5757524829179137,0.41887448836803176,0.33913757042020065,0.45399900437177304,0.43168385740607085,0.28551836659931723
0.5309073544160007,0.36369637015543044,0.26112795106973474,0.561348778315135,0.5012300862620218,0.25732318628433615,0.3998550150117128,0.28023542151545056,0.3085236992503857,0.4456366659984108,0.3855971439409924,0.4700803464866089,0.2925737902193961,0.2836298102701993,0.2810157675445063,0.3199448613855328,0.5535441193991055,0.34085737529980387,0.6531122817738928,0.25290016679133387,0.3413970226522114,0.0,0.5514276158323745,0.409442650337169,0.4757573909964984,0.28832024039806303,0.21099074657766453,0.33654361236608643,0.26304086259572534,0.03855057714294452,0.4045328558047272,0.32592282216596524,0.3770277566817982,0.3701522472085786,0.4778786029044786,0.4635834639742571,0.6940359608004733,0.6022210461500119,0.4037586807523283,0.5625317686698174,0.4045261741780446,0.40609442424057496,0.5675642800060914,0.3716946089612323,0.2393273065043133,0.6139791894175362,0.6033760717110138,0.5557363777387758,0.4883630377414848,0.24600845819948894,0.37441430443153423,0.4072436042277282,0.6428482590247628,0.6224506326549766,0.4298152900628529,0.0,0.54711256606031,0.37540733104887697,0.0,0.3628713294244573,0.6479153989164248,0.45127045703943935,0.6096390084586814,0.0,0.12295345551727202,0.4634318352407601,0.39595014108260473,0.401218887750415,0.8009860681117168,0.6150566281471972,0.3738162742708766,0.2895688019056448,0.35236255262718774,0.3653279050897993,0.5561185613609203,0.5187367752968555
0.31567632738273055,0.37052371941557116,0.24836837092246353,0.3461265967771645,0.005139761837659573,-0.04572332763288972,0.09121602945329854,0.16691489209802762,0.04894426880139657,0.3223094341385462,0.3252939608221863,0.16124712444113065,0.0923782125170812,0.12676756102265566,0.3656644390925142,0.4471485662227222,0.5174086962101675,0.4865359993183124,0.1347963023365995,0.6071504095182318,0.22988384687031888,0.5514276158323745,0.0,0.20191204311423253,0.4917788320095963,0.2271474756070985,0.1417860473276701,0.1455914642808667,0.2707306079727735,0.23036403509975903,0.2167339717078022,0.2245049063814883,0.35636358685278613,0.24347454126767626,0.33160034589325216,0.13529960428048216,0.2921293307496433,0.10523144628560241,0.38754069028259475,0.2723296262261691,0.37183610648069343,0.46497498105315066,0.24664015472070983,0.4330562838112705,0.5776984669638399,0.22062702366539028,0.4893689570327945,0.18788164165966342,0.4792584573476225,0.33794375215315986,0.2608761467816463,0.24587175109497855,0.2660827707737695,0.31983900360967016,0.6094137028658773,0.28956105240477226,0.44752055030012805,0.2261815565146062,0.08710642917058886,0.33604425391393267,0.48281063076495756,0.5057766786179209,0.5825971679613728,0.3275600345140183,0.232985348013086,0.40562705831333495,0.29375172024147694,0.489737872462335,0.21731098637915028,0.5264396755795285,0.32917142632925245,0.25360441589925287,0.24488251606143488,0.3319733528998638,0.31522585808049597,0.31059695925537056
0.1906625567603288,0.3955403785751409,0.43002335950662546,0.2566680615524122,0.5140981599748625,0.39069416818595637,0.3769641843931644,0.07921743126425912,0.33452880088795944,0.3533240034416645,0.2639934161642081,0.2538563557706086,0.32572949706878185,0.7189293562034342,0.3546965298295569,0.5749102182661066,0.4037687375190307,0.4311762194642779,0.5086727688894852,0.4703183942411449,0.09332131676835814,0.409442650337169,0.20191204311423253,0.0,0.4175870985824289,0.2707029444217883,0.39138257722704356,0.5147968700773458,0.6582770859418896,0.8682377416290097,0.5767736395845975,0.6957243904007003,0.37291720572666676,0.4242657520507606,0.4281785529974894,0.4034281380897863,0.37774753447497317,0.4441877543342446,0.8610928409039652,0.6689855149268433,0.5797179856808584,0.6490558501197617,0.620852042361596,0.3900513120225556,0.351833341446172,0.4585288535072748,0.5219216347263574,0.0,0.0,0.5068272454464375,0.5889757500969881,0.32152904627355283,0.0,0.029087426799218396,0.33740052429307177,0.5883652430851305,0.35159522651432784,0.46529637036094085,0.0,0.22328057430526396,0.275139173462116,0.2328093601177513,0.38559793269771875,0.5131225575737508,0.35750131760377,0.45409030790973054,0.17263795254547484,0.8377142484880549,0.2736781573948896,0.39472042261504264,0.35435892842062033,0.5294108311991355,0.6987418551400599,0.6602154103363007,0.0,0.46070197417199793
0.36260918683033344,0.3191825330831279,0.4000048782758769,0.9261443092661749,0.47052692359857134,0.4935028929329671,0.49708863966626504,0.5152553596876059,0.4223288092353547,0.5283331274891042,0.6076452330978115,0.36864002759088244,0.47217220160386597,0.8571642088239243,0.4715154720135796,0.5661825990969924,0.513089954556928,0.44342527430766004,0.5359146536350781,0.501290095541512,0.46800666820702186,0.4757573909964984,0.4917788320095963,0.4175870985824289,0.0,0.23396176440773686,0.491465920069535,0.40982607634588325,0.41033661510693314,0.44339400720847455,0.32144783737519506,0.3498804147080333,0.46681531082608607,0.3769991357192427,0.21413915054834887,0.51826431201097,0.5976891093280092,0.44850045951897843,0.7199387428120878,0.5698931311271783,0.530796174996944,0.5542719531015148,0.11049802292831985,0.0,0.4580714884849194,0.530330892891388,0.6791097020805219,0.0,0.0,0.0,0.40175937117333865,0.5651043771920264,0.6948499779247725,0.45191584549802166,0.4284210041079445,0.4631188027885683,0.3898401661054734,0.1800275263429984,0.0,0.41514090466134634,0.6422815909470121,0.47658992745494755,0.5841217938745553,0.0,0.49559853223178946,0.562741788528509,0.5132468097494465,0.43042819381289626,0.26530736767667973,0.5846528203939443,0.48127901198180634,0.35098981911862476,0.5083406507066881,0.3600957563761975,0.0,0.5856979884132073
0.46838069590764364,0.24606138413908074,0.09024476292599237,0.6382817434564523,0.46683827776578735,0.32164885018727235,0.50663194871866,0.38421218617178576,0.31763150525494965,0.3037233557455328,0.48879409551176156,0.2705749050861501,0.4229506219349345,0.21767652534327625,0.25171128533262294,0.44787033613327565,0.35286217496199646,0.3825442946561649,0.5229344837614825,0.3108495612224113,0.2877059007264403,0.28832024039806303,0.2271474756070985,0.2707029444217883,0.23396176440773686,0.0,0.3154297989401849,0.44411439915548434,0.39455618397036574,0.39583829619177047,0.2829600133725869,0.38688120056109543,0.34437806751691,0.3006028017169692,0.31175050356260503,0.4842444922280804,0.5049555456340395,0.2513822602795268,0.4474259332523577,0.48189275748570565,0.4713558437915769,0.3379508301063474,0.197105486063147,0.5443215931642255,0.46592580242491344,0.4534581119416396,0.599640253528346,0.6806472090331999,0.0,0.0004743625187087642,0.27836865580735654,0.6145709982753442,0.5891302774348793,0.3922411123061189,0.260080669790103,0.0,0.29052733890308347,0.3106294555499167,0.0,0.22916023959006787,0.612418571823496,0.3307305816536812,0.44492767072741535,0.0,0.22780146457683126,0.5453990455674007,0.48715230163268736,0.30338411770552126,0.27213815070382846,0.5003639829053439,0.37468488688109297,0.24153054992930245,0.45323946615641886,0.44053628094859026,0.4638897847709058,0.47778951542742976
0.25160290967598636,0.21795421343472177,0.1793817759868723,0.22782442460733782,-0.04335516800609185,-0.05745963101245055,0.03350665747619064,-0.010976057820530516,-0.0014436013079127674,0.2225061248616419,-0.0540470485169553,0.32765365827189297,0.01891270574998488,-0.13069914379613506,0.36023102605220836,0.4025158455853648,0.3144821374385727,0.381826672441472,0.10213449401266061,0.3172696084901607,0.19224732495090358,0.21099074657766453,0.1417860473276701,0.39138257722704356,0.491465920069535,0.3154297989401849,0.0,0.09574806141727213,0.18267083324705866,0.3126280460502374,0.28455229814223126,0.1980309948839683,0.3275093511349848,0.25427350200621696,0.3415553171082425,0.03105860691045964,0.19532063554723444,0.11304186602839578,0.3468195694913935,0.22927849989700272,0.3619513646377674,0.33282731050196934,0.2177672494940568,0.3866618145616788,0.4130968481713643,0.3919878028778885,0.3764420061776797,0.2059470337541423,0.519551800161516,0.1441250063537109,0.23895802151587425,0.2085320641475781,0.13502596395632532,0.19485741427149067,0.705131627098539,0.14888591615145008,0.3813931701192105,0.2408076262075537,0.23459865598209878,0.21585599797922334,0.41162334270657075,0.0,0.4963486231965701,0.29225978364384514,0.20582139183743645,0.2617687813323175,0.1819697353925996,0.19487374445661404,0.0,0.4863288510837153,0.24346731374455652,0.2478614426712879,0.25753085154927075,0.2766802530854497,0.25498552266231767,0.30262740158126117
0.47826637937391325,0.4252737082696592,0.16696471982177447,0.6326352645205471,0.527226620218126,0.21294909108111773,0.44548950253540137,0.29931481937716453,0.028484967289592655,0.6136789009926458,0.17677297188858754,0.6521274041163669,0.28783632787065627,0.6163358242541946,0.21407694802164806,0.3525977457281875,0.7215578294690568,0.42372996052966494,0.2272271462718941,0.3406821668891725,0.22812281355997627,0.33654361236608643,0.1455914642808667,0.5147968700773458,0.40982607634588325,0.44411439915548434,0.09574806141727213,0.0,0.1705988366534097,0.38810114845805743,0.4000790065612454,0.4629678077012687,0.8075361188235138,0.23443175689741683,0.5280697709535084,0.5317041481827282,0.5485884056449155,0.6529971086205335,0.6729242637200745,0.37058628530348764,0.5736788254121091,0.6345652687940346,0.6872845294935226,0.6631401754910128,0.6627474381532412,1.1788874705933483,0.5326763526675697,0.1728709253342664,0.0,0.6352551088183744,0.3294812384327854,0.31689850561377797,0.44455825728264814,0.24401596853042434,0.46973812510696084,0.5362759612843602,0.4763151055792313,0.3525333788375735,0.3657044971769774,0.20367805202634887,0.3821804903652114,0.1822174658270609,0.7665436763107656,0.7256036176166037,0.18921193730096392,0.3272073390651006,0.2699654241310456,0.4074990082080102,0.5667682865692588,0.6595199269539429,0.3685516390068027,0.3898643109012625,0.3865960971180172,0.31692949081257293,0.2894516495427901,0.38203493530031507
0.43716597248656097,0.2443176811063066,0.20698157958380067,0.17435695271787832,0.42285527798319855,0.14715795506364154,0.2805347117559197,0.1640020670862652,0.15312426452769998,0.4449784344176237,0.09743549549728087,0.6073912344837284,0.27708302830378617,0.4121307137281478,0.2798526013788549,0.32100410532709234,0.40012798722545084,0.354996314438903,0.5754075720524668,0.4043481321053377,0.25212710799076077,0.26304086259572534,0.2707306079727735,0.6582770859418896,0.41033661510693314,0.39455618397036574,0.18267083324705866,0.1705988366534097,0.0,0.25441781107864514,0.3006816669408275,0.21638415944040962,0.3093208871451076,0.3109415398278573,0.3127141652668663,0.26616028199819824,0.39093579964188574,0.5018790650239862,0.31933273291752073,0.31335389620700854,0.3084388437483322,0.31135978981171886,0.4733622080295927,0.5461689185013767,0.6194952605613632,0.4357945024500026,0.3539951455734023,0.2853045055606518,0.4892572981032624,0.4520239578758193,0.36767115368909886,0.2553177862915762,0.5019694086262639,0.2619047839706813,0.6368355447018104,0.43775276867721113,0.5823962430772162,0.30089662273292017,0.769360640667513,0.16049324831924425,0.37257179856358535,0.4825033861572503,0.4389600872403178,0.5346716387419196,0.22087569169414883,0.2737903299470724,0.08835304709892283,0.4392696520788746,0.4842500449633942,0.5349399154041715,0.3405323323815668,0.40415789921502787,0.325087532869216,0.3435741364968481,0.30184131948855086,0.2791774412583128
