0.0,0.5988682760589417,0.38598280632439197,0.0,0.4034456718717079,0.4202566433120515,0.16429250919558414,0.1709493079492096,0.4264395728158085,0.472759181088846,0.4411711009674463,0.4398078367779882,0.25297027713420295,0.5339438182770111,0.4034970456095862,0.47601085835701706,0.4317527116179376,0.4875252773544108,0.0,0.305769670665333,0.14759838015130983,0.4602090768970332,0.3182432188430627,0.19223872665595138,0.35414704020914584,0.5726437817774457,0.5293029646494163,0.2248407736195351,0.2275326741641024,0.6603320056812865,0.47546819916346944,0.481178564930256,0.35028456682006315,0.28969582898808843,0.25993927578560805,0.6828880220042132,0.4983767742738343,0.5295562345530017,0.09961983450906164,0.2943159999532473,0.1336598390839373,0.5742754167688161,0.5088802093909964,0.0,0.45883830940518644,0.3168382641447627,0.3404803548777293,0.0,0.0,0.0,0.19312231109182282,0.0,0.14135787030943514,0.0,0.5259122993104642,0.0,0.6077718411670798,0.06050682022639525,0.0,0.5811935247294389,0.3159879053504322,0.2880502152854869,0.31786703815728834,0.0,0.1162996232092984,0.5933704603331174,0.33070069765361265,0.34903663654024386,0.5223895117905968,0.3306893671539539,0.3525998562513758,0.10059734213024063,0.39586070745231233,0.34173353224579467,0.0,0.2847665131563423
0.5988682760589417,0.0,0.29859711541484546,0.32244385916878315,0.20511078151233375,0.3432482393702695,0.20664907416208744,0.3962291868687373,0.2659942569641331,0.4318389913411892,0.3151711222518986,0.4272055494310724,0.25631218554729984,0.5178854803556585,0.5276101434386866,0.43138741928533764,0.6440988905089025,0.7444928592951525,0.6074343801778765,0.38206869980916847,0.34328679322412503,0.627542973622703,0.4884669887045122,0.4451963073356552,0.6127739122915106,0.42187519658401784,0.36989883873629137,0.2540226510328262,0.271496759307418,0.483532765864909,0.44771422140300643,0.278191946889357,0.21073209997742245,0.3205048418451456,0.21679293461418603,0.5092742595491658,0.22723758494495105,0.0,0.06537703317065502,0.24347135840020873,0.09898525361599347,0.0687668150066148,0.6664513042258544,0.0,0.0,0.3387471562253981,0.19331182911085287,0.036813475463046884,0.0,0.0,0.18608034072556184,0.15249804311839377,0.5456191506279433,0.599280562415413,0.5927107923552131,0.0,0.42217303554701563,0.19246966685177697,0.0,0.36535149031475256,0.22943733978982603,0.674458809787927,0.3044764860204082,0.0,0.20730832389602863,0.2615444665476343,0.3059923531595728,0.30977487219082833,0.44158459552857343,0.2433554291750753,0.18746704068725073,0.19825618154723645,0.17338182784636136,0.2745144880792548,0.0,0.166175713725642
0.38598280632439197,0.29859711541484546,0.0,0.2136378314535942,0.38749605647222407,0.388095566481964,0.35774903440333405,0.396930309702601,0.17384909283441913,0.22581263812243754,0.45423684162005135,0.08215751908289559,0.33851091872441774,0.20276158075397366,0.3429857695092713,0.3937553706649475,0.6348590096987474,0.1011867833452949,0.25149455867795245,0.3718308536435827,0.03282041748998757,0.16597741117682738,0.40176036634915896,0.43197699506907433,0.3773927063603739,0.3252912022958143,0.2437138402329846,0.31269661157655776,0.48466978537309313,0.25160711442637207,0.28246479769713695,0.14935457095331925,0.0018681497166123107,0.2594204303551089,0.2933497902901324,0.240350861767211,0.17243721704343346,0.4914265335413811,0.39258189516444125,0.4685062430209579,0.5391539938980288,0.5209367656506178,0.38563374791290095,0.6238512483808667,0.0,0.0,0.20281514111815307,0.556775681381462,0.5058297276375884,0.13042013200510172,0.3765069169931654,0.29542063012139075,0.3190390604745637,0.3837688507392055,0.40061560291513415,0.39776637233354484,0.32698295566262436,0.27427402383693056,0.35309108501474873,0.2818807043446355,0.0,0.0,0.0,0.3727560479226881,0.09617504427296458,0.465172995375544,0.12657302783421556,0.3726554468044577,0.0,0.6668648143410296,0.36048283763280137,0.39284690645443116,0.1721486307856702,0.41546584353494354,0.724680980853891,0.014090727322269792
0.0,0.32244385916878315,0.2136378314535942,0.0,0.2027580109360241,0.29966415705662386,0.3342684394418073,0.5364833642467125,0.2542093024641445,0.2806847026107158,0.06008568210864473,0.48018370026218404,0.45513430442647096,0.3727747898982031,0.6422592997012271,0.0857336708908267,0.5805517954005741,0.5080645500099267,0.22627694635891288,0.4915782581888493,0.4478764752235471,0.678465725195311,0.23685645386546045,0.24598606785693017,0.9249509774992566,0.6492032699056989,0.24944066089975214,0.3890338657212203,0.4662324364202173,0.4559628788219446,0.21707513506047676,0.4467452277919851,0.19502726893903177,0.5712719600188152,0.27456136046671703,0.30127806134479873,0.24881077324920536,0.3119981801798598,0.18649215036326044,0.30070733171340436,0.3646243978511402,0.2927169486485224,0.21411822086074508,0.2371984773771858,0.0,0.0,0.0,0.430485689137389,0.0,0.0,0.5841241245922397,0.0,0.48488668284107034,0.0260736455207954,0.0,0.18227726684626355,0.6075082057606604,0.49701438975793966,0.0,0.0,0.0,0.0,0.0,0.0,0.0,0.0,0.5064401039832345,0.6235829762233336,0.0,0.0,0.0,0.5093134710536895,0.4865833570449375,0.6193742060638099,0.0,0.0
0.4034456718717079,0.20511078151233375,0.38749605647222407,0.2027580109360241,0.0,0.3157604066855561,0.3299027526561242,0.42013181779410474,0.2680762121436706,0.43280920837624076,0.31273403332402244,0.38380244861744106,0.5228650912854134,0.2575100708727003,0.42769129008939505,0.26300762485907825,0.5497981055252037,0.032417449996604536,0.3138728261669559,0.3330975680936058,0.22342700739815757,0.16882100968171865,0.3400096268891089,0.5295078531827325,0.28909657752261875,0.13749352984896038,0.3413663370721829,0.4678357906889305,0.3485694014743369,0.44854431412602447,0.24026067162189738,0.11245936368243364,0.08532010549892347,0.17073281532401818,0.28866435889751874,0.2521447534814731,0.16123172659410223,0.1840583830950925,0.4641734793184465,0.7043496327822913,0.558722448223425,0.4201606122392889,0.5182578969593954,0.6825665793306561,0.2577895104958834,0.0,0.3911355538564365,0.44015607360308273,0.0,0.5894243608705008,0.47568502157509773,0.36536654888574993,0.457472046760369,0.3679041806052072,0.0,0.40500339086230736,0.37003274787620444,0.4754576041180455,0.6055282212914866,0.2323799243962348,0.4798234136573526,0.0,0.0,0.5926050300600371,0.368656003929569,-0.02786543794389673,0.33523222569435895,0.4399181453033903,0.0,0.4686525283839085,0.18114202684859093,0.4400582627974704,0.33830239541181867,0.3221558755251836,0.0,0.2612203928271858
0.4202566433120515,0.3432482393702695,0.388095566481964,0.29966415705662386,0.3157604066855561,0.0,0.4425174738257098,0.4157868205848593,0.34369118090931994,0.29571587144329925,0.34203695278481355,0.46602554891056175,0.5516793646598581,0.20101795273940282,0.8734555978317566,0.3976350908734251,0.5413008027757054,0.3982409437135481,0.4434896341038831,0.44927704789043,0.514178540230295,0.3516858727859002,0.5774244382240067,0.24650681939299307,0.4813283223313529,0.7291596068901715,0.5897944563662845,0.486521985978031,0.40986450408108543,0.44421610847545434,0.3384951003609459,0.16651610835457129,0.33339198443183204,0.20270826393337976,0.4014531697814324,0.21000237292749857,0.28115634719309657,0.17823062014045038,0.22596144471814347,0.3317824433210899,0.36699600801725374,0.5061509108432372,0.6093048144459239,0.0979170488104234,0.20586738341891378,0.5787724069635832,0.3893918462747531,0.40969082517537625,0.5958916422871766,0.33957020738764665,0.4901835275721425,0.3821252973208631,0.5063999499761174,0.4161031979906234,0.6642117013076729,0.4109643508705682,0.22961448806978277,0.36177918258600117,0.6930359889645848,0.4938555988851881,0.2718609408446223,0.0,0.5544837778654776,0.3642047335612624,0.5521295884376983,0.39239171055272276,0.5789028166642977,0.46893377429850464,0.6233189100351473,0.18587513212663317,0.3517199353608496,0.4899694155486131,0.32612737033150563,0.5211828051042544,0.2935310585834013,0.3397088302173695
0.16429250919558414,0.20664907416208744,0.35774903440333405,0.3342684394418073,0.3299027526561242,0.4425174738257098,0.0,0.15834322134473627,0.47986888550478307,0.3704475286684227,0.32371315692279246,0.06674055144570964,0.5007614842722674,0.21665762572473599,0.3329229179207349,0.3946038569914124,0.5773049109160022,0.29723779475992507,0.3097835376245233,0.3142799582319211,0.19999345090734638,0.279543019377935,0.2517773824603588,0.6085024478394754,0.3170216838989134,0.32030307373594863,0.27755053325316387,0.46398824294959307,0.5129849186576851,0.19358790431110534,0.34886727395448525,0.31939747945492825,0.3431866284688687,0.25658385569941367,0.16285160668992754,0.33030290111213323,0.19730628472202305,-0.02415510592971165,0.5746676583464763,0.4489913712409346,0.5875925564683713,0.5146974642215704,0.42427261307212355,0.8363818533935148,0.35356552698048793,0.0,0.13761525701638744,0.29445175544557745,0.0,0.5464565029523226,0.41240536884722645,0.2262772804710958,0.30033477879462217,0.37530588748380556,0.6112510331949819,0.49949219406754475,0.46683455159223597,0.19862653942507272,0.3436719692267146,0.14999770522665884,-0.16658041086350173,0.0,0.5324862289441892,0.30173581016998685,0.4293497104191615,0.5065958021367305,0.32673338871790725,0.35262653366028424,0.5043847535391264,0.14678422505038885,0.10725131324612852,0.3923173105224868,0.26257194574429626,0.3249933616062954,0.7728066214509863,0.24058012668646314
0.1709493079492096,0.3962291868687373,0.396930309702601,0.5364833642467125,0.42013181779410474,0.4157868205848593,0.15834322134473627,0.0,0.3205764379556107,0.2806276231469215,0.28587682582668317,0.2618907642659182,0.18697086018147416,0.3832274816503181,0.4706962373826944,0.3392366903235722,0.43076970127466085,0.20572449162459122,0.4377110353125645,0.14851816314587385,0.5094715154579466,0.2979255733394425,0.39707693632729635,-0.05740079987110211,0.17836015066821573,0.20400165381425028,0.33885518077714416,0.13614552737359292,0.3043077048653354,0.006712202056470384,0.11104720877931684,0.27585518616432547,0.22488069970379582,0.13137411709794783,0.13114339993304697,0.5032679940138208,0.4873534341247797,0.608113952723277,0.30203150310551297,0.46131569322367516,0.3994510140954919,0.5351571059380411,0.30742025922644045,0.43920908272886017,0.0,0.6002161197657105,0.013528396508190405,0.32537897198173404,0.0,0.3810498467813632,0.48920412906011057,0.27311549457622813,0.4586607603427564,0.21599210148625772,0.8793560016014947,0.34795573273890346,0.9633388239455511,0.2484096914109082,0.49268822724252637,0.5824489107600321,0.4041563701677149,0.0,0.7060615270883919,0.5192205980433368,0.47138596831521756,0.5754298366589752,0.11972753767224978,0.5006365210573966,0.0,0.4672405719428463,0.23139340548389856,0.4360188689926216,0.2546730600407713,0.4726024734096806,0.4511162817067139,0.19937932633000108
0.4264395728158085,0.2659942569641331,0.17384909283441913,0.2542093024641445,0.2680762121436706,0.34369118090931994,0.47986888550478307,0.3205764379556107,0.0,0.2553576936794621,0.15267372105269586,0.3010753154645832,0.4194312818592739,0.24597325975884746,0.5707732803308047,0.3737979612577392,0.4561635146776106,0.2494302750732354,0.2122871885759387,0.40237172945892274,0.26246870121924704,0.3344984673875695,0.3490990703820975,0.5579449510400035,0.40793107707893544,0.4142064328378503,0.1834143465852935,0.3114327866065899,0.41948459085564516,0.34004828774383467,0.2764069293151226,0.19457758881244738,0.15163278382309547,0.25053120697003367,0.2674151721535454,0.17876065409479702,0.2521484023511634,0.21470598421665055,0.19815207572468918,0.5204878384088898,0.4369124053231407,0.03907615322384694,0.3595240184787586,0.11118648298340247,0.28360113080933913,0.0,0.4900209225199399,0.3697256768357217,0.4856691164146633,0.3929755281937094,0.36965573246328653,0.3788468575086289,0.2953673114494221,0.2605417300339384,0.2124058384567865,0.18438866676304005,-0.009799909830634057,0.25507888523800387,0.275443180739389,0.2511033363519145,0.6425470006982961,0.0,0.0,0.28769487524144916,0.5622219303207064,0.7271959676094887,0.3676340760402024,0.3628642844632055,0.33866064348694624,0.5491583220304705,0.2668597381997288,0.36152694177490563,0.2878977175267833,0.42908821586241375,0.4734640026583342,0.3682243198898454
0.472759181088846,0.4318389913411892,0.22581263812243754,0.2806847026107158,0.43280920837624076,0.29571587144329925,0.3704475286684227,0.2806276231469215,0.2553576936794621,0.0,0.26950952983332177,0.48751650403640717,0.3037803631150515,0.5489126198214294,0.4496977717797237,0.16019767079438724,0.6108923324028848,0.4215444029043349,0.1781058710252606,0.4220498487091371,0.6789832015748117,0.44350563292296497,0.09327308345919877,0.2805203385538994,0.7084737255113103,0.5401690217148272,0.19518218580704141,0.4675647362590952,0.27635566442399806,0.441601519131019,0.5061534323887057,0.3267088124807328,0.40920379979610977,0.5449602314575959,0.20469309284284645,0.6749212076184397,0.4680611064832614,0.40631736599903306,0.6832017569031851,0.3947039775100852,0.6498664011314752,0.4205609429690571,0.36770181733247875,0.326891770985247,0.4193255473351568,0.582957307550652,0.47823960696395706,0.16346808384574524,0.4822170112518141,0.4699512406814406,0.5210414987300884,0.46465666549032947,0.604346765304409,0.24142171638291676,0.3734295626843161,0.4296306069594451,0.40935883619740293,0.42623983889662576,0.0,0.9554626785471396,0.22270164654732477,0.3901890686241279,0.47589656701854477,0.4829706439313062,0.5052633428583572,0.5859455755911762,0.23893330928692003,0.5717549624374751,0.2536035378034954,0.3472619280371859,0.3905002608018121,0.5720184530845072,0.4761820595033488,0.11252392952037132,0.0,0.5284065708091445
0.4411711009674463,0.3151711222518986,0.45423684162005135,0.06008568210864473,0.31273403332402244,0.34203695278481355,0.32371315692279246,0.28587682582668317,0.15267372105269586,0.26950952983332177,0.0,0.20916156886031845,0.2406744258326572,0.33915703735765934,0.0,0.5231505744295233,0.5505366233364117,0.5645107577744661,0.2636924511477011,0.47962509547488896,0.5591995229274636,0.380286599286938,0.1912071972182617,0.5448591211602732,0.6154605243609528,0.254026843680999,0.22699991819738538,0.22814990647616878,0.40249948969895966,0.5142075206268931,0.18783488853232586,0.2166797515685857,0.3071208229253191,0.208228225499838,0.2122031558800765,0.4152377861565566,0.35864784307077796,0.3016651842006435,0.5259526954628945,0.4818881212630804,0.510656419949093,0.4527198994094683,0.507400234641623,0.602362954337998,0.19165239901194098,0.0,0.0,0.5707444094044176,0.4694114792473426,0.2241498209337087,0.49699766557017255,0.31300216545709303,0.42625958335717246,0.588413157495234,0.4808740560788456,0.24424168429481835,0.384735834539379,0.3590075878841804,0.3023505751612653,0.0,0.0,0.0,0.0,0.1490852118144715,0.38119293819440636,0.0,0.7299826391076756,0.3886759427062976,0.0,0.0,0.9148528148885257,0.4416469187322469,0.2954039938168542,0.036243735613884,0.0,0.5394012125856065
0.4398078367779882,0.4272055494310724,0.08215751908289559,0.48018370026218404,0.38380244861744106,0.46602554891056175,0.06674055144570964,0.2618907642659182,0.3010753154645832,0.48751650403640717,0.20916156886031845,0.0,0.33832960716909855,0.6679292231889413,0.8144224478346813,0.5418345296520175,0.741850344258421,0.8331476217895825,0.35443056162564085,0.7561286081889798,0.2716401612863524,0.917407752428975,0.24132018567161231,0.40423494172584656,0.6320307226002295,0.37530352366566677,0.3542037304174211,0.4126803660618228,0.48618242198954925,0.3356843477122592,0.5015818734406817,0.6098953269337296,0.644165511970139,0.654471001839104,0.8584871756024987,0.34500148268194053,0.4904882652749189,0.3847706297150221,0.41991053029493197,0.5114023518156248,0.683499760849984,0.38952095312774015,0.293983289402307,0.5186084949039935,0.5152860199980644,0.4888713760651525,0.5822189376715591,0.13246021438579042,0.07117230169844696,0.2692030027691443,0.1476133577686411,0.511057696080778,0.24598726938115206,0.028563400310069764,0.4242138874594494,0.2509000814244211,0.5081988200115164,0.36293991650355695,0.7094171881948328,0.6879113748507644,0.3939068447637231,0.4075645669589443,0.5642743301517907,0.07063550585181833,0.8049626273811152,0.7994742315722208,0.455770861624136,0.1111745337193435,0.3180650792055001,0.393521805856925,0.4102946147949866,-0.05513691756258754,0.1873287777923835,0.4902062346744329,0.0,0.6322895496437793
0.25297027713420295,0.25631218554729984,0.33851091872441774,0.45513430442647096,0.5228650912854134,0.5516793646598581,0.5007614842722674,0.18697086018147416,0.4194312818592739,0.3037803631150515,0.2406744258326572,0.33832960716909855,0.0,0.27516937814187054,0.39167136060292956,0.3960992567394641,0.2331516308377769,0.33550828748067313,0.2790145758915707,0.44040762140716644,0.29405438887130014,0.34070645127394317,0.29755869302625026,0.0750595289626102,0.3492752559678707,0.3153067426312124,0.3300202228439584,0.5147542007800963,0.5177878349903289,0.2482062654935474,0.3258068936295041,0.3727824597208311,0.2703344024541918,0.275499356576526,0.2500078183146527,0.496623382320639,0.507242756684719,0.2413957465907371,0.163312126488843,0.3228711537519121,0.5117344319445529,0.17213689466793541,0.4966167159402799,0.3720062910895434,0.4387561567348872,0.5738705937802338,0.23835765092053446,0.4381235401563158,0.0,0.30760200031644647,0.38198351894858146,0.25531154550866336,0.2680567669729387,0.3163460184240229,0.56581475826522,0.20083324147698217,0.2210562423422064,0.3489408115642161,0.428191702707565,0.32262161572295256,0.021789555771828506,0.4231862765894979,-0.09336808241997185,0.24417638665704539,0.3888047336363289,0.46792401300226427,0.3120297178660828,0.38618888966225884,0.5201177957591018,-0.023477120701266785,0.11356109344453647,0.40927787631464463,0.36948901905056875,0.35318390385658527,0.11905198461049174,0.31571744993091055
0.5339438182770111,0.5178854803556585,0.20276158075397366,0.3727747898982031,0.2575100708727003,0.20101795273940282,0.21665762572473599,0.3832274816503181,0.24597325975884746,0.5489126198214294,0.33915703735765934,0.6679292231889413,0.27516937814187054,0.0,0.5608958511590596,0.6292171633827084,0.48842718084105186,0.4964997751134331,0.2904033771421201,0.42858479710836606,0.1110979521771483,0.2852947010674255,0.11473380339423886,0.7116267589933691,0.5241156894760161,-0.12567048869252107,0.17478590446680936,0.5477795180375894,0.4266104265948261,0.79070287897373,0.5419061661490681,0.20556077894334068,0.24683612837947472,0.6834892282260205,0.37695614714234205,0.3281806563631837,0.21875791379222512,0.39883785322406695,0.7172163711341808,0.0,0.7188238928823905,0.8332111681988839,0.43836954593393085,0.505400816501961,0.0,0.0,0.0,0.2400187122770554,0.0,0.5325867896840888,0.47523792329066694,0.47896787447903866,0.25076768946149897,0.05652970691638878,0.0,0.16744356844701863,0.40480533862045354,0.7105093640495115,0.4816671715272349,0.0,0.0,0.0,0.0,0.11239838602616434,0.0,0.0,0.0,0.6058414720636385,0.0,0.0,0.0,0.26208739725509733,0.7050203629187852,0.0,0.0,0.0
0.4034970456095862,0.5276101434386866,0.3429857695092713,0.6422592997012271,0.42769129008939505,0.8734555978317566,0.3329229179207349,0.4706962373826944,0.5707732803308047,0.4496977717797237,0.0,0.8144224478346813,0.39167136060292956,0.5608958511590596,0.0,0.35244451899104673,0.40545526030939094,0.23104427300780211,0.0,0.6336484246906895,0.6615524702819573,0.6415304252330265,0.7910138312576845,0.18754191869917375,0.38806887966136894,0.5587774297200516,0.8591377753911695,0.39841710444915346,0.46800133071463235,0.3534859345290927,0.5727301323816487,0.33062280355934065,0.482681642034043,0.45862377556057604,0.4758976087877273,0.6171423443002777,0.4590939016460424,0.36520666821365655,0.3099443343470076,0.4057365552478793,0.18543885218107445,0.29611865690688866,0.5095993729120636,0.624142603512153,0.0,0.6600851756195143,0.40015315096204035,0.47231922340497556,0.0,0.0,0.3607089420085104,0.29334687109254115,0.5825595265086558,0.5275439437608994,0.0,0.0,0.6984757936099655,0.22596251203996115,0.484349599505481,0.6972059736013585,0.3472798739516911,0.6611396010168271,0.7624550120026652,0.0,0.7619685391673798,0.5581201770019923,0.6837884029362564,0.7815720486682393,0.491639238083546,0.20761603766863157,0.42066573548408875,0.6001156645821841,0.2726692093775095,0.5210616421824088,0.5719538447219388,0.3105210538239108
0.47601085835701706,0.43138741928533764,0.3937553706649475,0.0857336708908267,0.26300762485907825,0.3976350908734251,0.3946038569914124,0.3392366903235722,0.3737979612577392,0.16019767079438724,0.5231505744295233,0.5418345296520175,0.3960992567394641,0.6292171633827084,0.35244451899104673,0.0,0.25796030127129344,0.3999222393497011,0.4601391626291415,0.485061669141301,0.26794355017796606,0.6793033243975983,0.49802225069190603,0.3808590676966403,0.44790095943214836,0.5049956031378751,0.500528839360194,0.2632013182310853,0.46536060681091296,0.2414586248095827,0.6277186497602149,0.18509926933731422,0.11487510908458909,0.33110256348974554,0.33826793011448153,0.6503347231564667,0.3656615011513281,0.5975501537404495,0.12103336996108024,0.15487045119908846,0.09627738202806224,0.14515866022564222,0.5069847483075423,0.0,0.0,0.2193493085575236,0.2623920176003527,0.0,0.0,0.0,0.1753346453655061,-0.18085869097021884,0.8361022892673426,0.0,0.3109983894844351,0.0,0.23700598442554874,0.017108392296961983,0.0,0.10550427290437667,0.24841052357897797,0.33985879399650903,0.3493172001166456,0.0,0.09846617571084357,0.13264694016551004,0.18105507609467683,0.21716955516562272,0.2079138790592207,0.33606519115201167,0.31424157757534454,0.11620757509721641,0.09112235571565513,0.25295346299794935,0.0,0.08723705707267915
0.4317527116179376,0.6440988905089025,0.6348590096987474,0.5805517954005741,0.5497981055252037,0.5413008027757054,0.5773049109160022,0.43076970127466085,0.4561635146776106,0.6108923324028848,0.5505366233364117,0.741850344258421,0.2331516308377769,0.48842718084105186,0.40545526030939094,0.25796030127129344,0.0,0.5250497163813351,0.6536747647989104,0.21000386333793045,0.5303985760497414,0.40614336032791665,-0.1069786732614007,0.6410809261060628,0.4618598298208232,0.4873869535732439,0.5991295484555089,0.47492729842000947,0.06009359622094118,0.5062733041257245,0.5060744810782322,0.26937009242791954,0.46972138168371746,0.46672626785837573,0.3437173481757342,0.6374886230096828,-0.15243923782522864,0.5004704485505871,0.5598973547071346,0.35237684894794713,0.3532452170354167,0.5612865623156955,0.0,0.0,0.46305819848558805,0.7106387499101758,0.53380137964793,0.0,0.0,0.0,0.0,0.0,0.0,0.0,0.3673415229215927,0.0,0.4144302144250607,0.3175252066485196,0.0,0.789291008001906,0.11118448683309934,0.47655653999083963,0.5161819586407971,0.0,0.0,0.0,0.5464857712619376,0.0,0.3856380090361794,0.5135367940643394,0.48860316620659994,0.0,0.306293548651139,0.479078362522078,0.0,0.486112068117299
0.4875252773544108,0.7444928592951525,0.1011867833452949,0.5080645500099267,0.032417449996604536,0.3982409437135481,0.29723779475992507,0.20572449162459122,0.2494302750732354,0.4215444029043349,0.5645107577744661,0.8331476217895825,0.33550828748067313,0.4964997751134331,0.23104427300780211,0.3999222393497011,0.5250497163813351,0.0,0.5125708231032632,0.47447597066808433,0.25863448190043564,0.7414973225139312,0.36661796660225193,0.6033123739525609,0.7471262313299845,0.5348171448767267,0.5232258954435483,0.2056686747428672,0.3619225117950044,0.18410906257453014,0.623789575885079,0.3955694955748379,0.5100661882607831,0.6400532096751549,0.47496133901112425,0.5724368101074921,0.2567055681917185,0.4399703037582927,0.3061995379636292,0.38085355502828366,0.34866404163488596,0.3557277827054893,0.0,0.0,0.5590873712336004,0.470610433383317,0.4192710485563168,0.0,0.0,0.0,0.1309403436096594,-0.1034500945216994,0.8470731036930185,0.0,0.5594800594366878,0.0,0.5198363001765072,0.05746122012991359,0.0,0.20100387922725144,0.38351321790886683,0.5995869474591995,0.509088079788127,0.0,0.15801916851861475,0.6799822009773495,0.3072934280058617,0.7279263285439431,0.47634600159711793,0.5000963003950204,0.518145759480428,0.5181506652121131,0.23571776403561556,0.30983946150420927,0.0,0.5574416396854864
0.0,0.6074343801778765,0.25149455867795245,0.22627694635891288,0.3138728261669559,0.4434896341038831,0.3097835376245233,0.4377110353125645,0.2122871885759387,0.1781058710252606,0.2636924511477011,0.35443056162564085,0.2790145758915707,0.2904033771421201,0.0,0.4601391626291415,0.6536747647989104,0.5125708231032632,0.0,0.523021584969043,0.46125368750279394,0.6454891249435311,0.45429975515838517,0.5079244085690762,0.5388538386261343,0.519189909460472,0.08214341838515948,0.29150481777857246,0.5859079437309005,0.6186865584420045,0.2484590990438516,0.18037519820022924,0.5239377956692847,0.2534512915287678,0.22606675349420466,0.2910991647897152,0.202432073814941,0.17095531747848813,0.48818766241743794,0.38665265246454983,0.4339495668296418,0.21855989473873183,0.5635300967541093,0.3646821825042099,0.415200239538127,0.0,0.0,0.35310650648910397,0.0,0.43112941393615434,0.27246677030108524,0.26384927260167956,0.34079335548201234,0.3410732572320723,0.8953122630141805,0.1948604147875218,0.5286772975505195,0.23641795687220238,0.20932721834311543,0.0,0.0,0.0,0.0,0.6017650189091994,0.4699672609099489,0.0,0.47874169395715427,0.38611598364426025,0.0,0.0,0.0,0.41071443489452236,0.2355081115820099,0.08095061718071142,0.4822817068274383,0.10008092790525719
0.305769670665333,0.38206869980916847,0.3718308536435827,0.4915782581888493,0.3330975680936058,0.44927704789043,0.3142799582319211,0.14851816314587385,0.40237172945892274,0.4220498487091371,0.47962509547488896,0.7561286081889798,0.44040762140716644,0.42858479710836606,0.6336484246906895,0.485061669141301,0.21000386333793045,0.47447597066808433,0.523021584969043,0.0,0.4723165594845989,0.4417831477294569,0.6317700221747451,0.47390371605165665,0.49515575766202,0.5476131165439242,0.5889091272313768,0.36445016561157695,0.5107659981488701,0.43624298985068366,0.6453385670084295,0.2353866627243517,0.2336819883964566,0.4543172890042592,0.4682781454055125,0.5271239000015434,0.6174558719056926,0.8106797529117649,0.0683160958994789,0.2850434172432412,0.30957472464120184,0.0913556803643022,0.5647389650889079,0.27450919107205335,0.19777792522763366,0.5218843877887815,0.16481044790507682,0.45922796710236413,0.0,0.0,0.48323909275201293,0.25658828480889395,0.6860430777429537,0.40025969052835997,0.9899244808146385,0.0,0.5968382600945231,0.3908081160694794,0.0,0.39140165672981,0.15781654358338254,0.5075082776810504,0.6240871679960474,0.0,0.41154034937499095,0.34250962583210764,0.3449341262060252,0.5200517629457027,0.0,0.09393540833455305,0.04191899121213144,0.44224849668977945,0.28579876373428464,0.5085709915365659,0.24329670470518744,0.38708060924802246
0.14759838015130983,0.34328679322412503,0.03282041748998757,0.4478764752235471,0.22342700739815757,0.514178540230295,0.19999345090734638,0.5094715154579466,0.26246870121924704,0.6789832015748117,0.5591995229274636,0.2716401612863524,0.29405438887130014,0.1110979521771483,0.6615524702819573,0.26794355017796606,0.5303985760497414,0.25863448190043564,0.46125368750279394,0.4723165594845989,0.0,0.43341350358192354,0.5282480515143764,-0.08337997010976889,0.22867645608488069,0.4145370089627005,0.5605651019688214,0.2346203388307583,0.2327095371410537,0.11769194540587088,0.4471152047699976,0.10668401864897709,0.05403706313105622,0.24583281406240817,0.3444001781104473,0.17116313541391004,0.34804573487203644,0.6053671758381696,0.22483869453208458,0.27442128301905705,0.06444898045837125,0.22591065404455943,0.17447836821534518,0.0,0.0,0.6075410672121607,0.2617013168392075,0.6670308963463892,0.0,0.0,0.4260045897153797,0.13532721318896965,0.7053201942149225,0.5153216392291913,0.634163458573076,0.0,0.7891355075313684,0.21718082779262138,0.0,0.5351769547443677,0.2723286369125377,0.0,0.5662303023574121,0.0,0.5797300742971054,0.5292631686965534,0.4561360928950843,0.6356033389020748,0.8107275896581326,0.14938735187739838,0.3668709696878328,0.5884016223184937,0.3590127002678713,0.6257045634954674,0.43291343381238157,0.2878291795799342
0.4602090768970332,0.627542973622703,0.16597741117682738,0.678465725195311,0.16882100968171865,0.3516858727859002,0.279543019377935,0.2979255733394425,0.3344984673875695,0.44350563292296497,0.380286599286938,0.917407752428975,0.34070645127394317,0.2852947010674255,0.6415304252330265,0.6793033243975983,0.40614336032791665,0.7414973225139312,0.6454891249435311,0.4417831477294569,0.43341350358192354,0.0,0.6125513664917066,0.5041042219498273,0.759382762533465,0.5595628967565995,0.4398289445423609,0.4332369019277542,0.47703122662116415,0.519328364829603,0.6705133060480128,0.2944366729609493,0.29708066375415554,0.4580597288686067,0.48632097305552685,0.4765306876972167,0.5920368924773892,0.6000916148996279,0.1446847529914578,0.16494244466761696,0.18415019208715533,0.2966564346679211,0.5469638966725402,0.3684611451381533,0.2399979978678918,0.32963294844484925,0.22495837064496613,0.5573830577508545,0.4881193834531262,0.24596411970183846,0.20778621214205237,0.1992618872030148,0.6511962108995557,0.6284369508505302,0.41702708860753834,0.0,0.5425873958035502,0.09261456107444388,0.0,0.4973659281883637,0.1851345584519034,0.45492717483178297,0.2655208673987741,0.0,0.4483103661086185,0.3240340666891044,0.4421751729067146,0.4774260526851266,0.7989234420075959,0.15217713525704651,0.19613818191887517,0.3166925075451516,0.16007007938520335,0.18309189690213074,0.5539523374241347,0.20447292834241412
0.3182432188430627,0.4884669887045122,0.40176036634915896,0.23685645386546045,0.3400096268891089,0.5774244382240067,0.2517773824603588,0.39707693632729635,0.3490990703820975,0.09327308345919877,0.1912071972182617,0.24132018567161231,0.29755869302625026,0.11473380339423886,0.7910138312576845,0.49802225069190603,-0.1069786732614007,0.36661796660225193,0.45429975515838517,0.6317700221747451,0.5282480515143764,0.6125513664917066,0.0,0.12442929929964691,0.399650809208731,0.5020041963572565,0.38120481769493725,0.2629235275815085,0.41545958770640756,0.3098816672072065,0.35083669037456633,0.2961440602046147,0.3245359681170814,0.39619179065996274,0.5294355059054695,0.22346307826476625,0.2318930442796306,0.004309447913368847,0.4127902636451446,0.6268410914022307,0.32669462019783146,0.4531403560819687,0.4173907530616803,0.33726563635615703,0.5656159239822208,0.5597281785143822,0.39908708600631926,0.6342490216241564,0.48719761412433327,0.5038241907605401,0.5055824711867737,0.359114794802624,0.5745637725240974,0.47607260201611756,0.6074257934673344,0.2870864841671824,0.17692278650505305,0.34638972746655083,0.34077792203583257,0.6103606485373837,0.3598761461451424,0.5052633428583578,0.5914093433258133,0.6445458903900549,0.5486817389087081,0.6944696101991101,0.4672545598816451,0.6902222990478275,0.20921829703046857,0.13723194500019625,0.3397060264943682,0.4836772425082433,0.3280130175104802,0.5753890482610794,0.4439920516209914,0.401958775481139
0.19223872665595138,0.4451963073356552,0.43197699506907433,0.24598606785693017,0.5295078531827325,0.24650681939299307,0.6085024478394754,-0.05740079987110211,0.5579449510400035,0.2805203385538994,0.5448591211602732,0.40423494172584656,0.0750595289626102,0.7116267589933691,0.18754191869917375,0.3808590676966403,0.6410809261060628,0.6033123739525609,0.5079244085690762,0.47390371605165665,-0.08337997010976889,0.5041042219498273,0.12442929929964691,0.0,0.5461430188831866,0.35691240038174754,0.2527514261690168,0.24060350767200672,0.41358855316869403,0.8671947991869275,0.3819792118667976,0.41902714005559794,0.3372144735203876,0.09209285925298791,0.19421250951978414,0.6194568155178439,0.3864726532782492,0.32082597283971986,0.46113684684055173,0.6310159141046578,0.5432608966137891,0.5992728905839512,0.6259106481913964,0.37897413053198503,0.5383991781779425,0.4548161712264832,0.5401301536787723,0.0,0.0,0.5113582285497178,0.5965338223889698,0.3284756910724474,0.0,0.007975487228129182,0.43972532531231207,0.5833422603957858,0.4668673362468186,0.4752143334781902,0.0,0.2286987423989928,0.21156728555330592,0.27980183820245497,0.47679357700903624,0.5073797456424768,0.3668592268399387,0.46164357029495573,0.3041835894012209,0.8383696451061483,0.29182850771531477,0.42756483710500226,0.4337600281687946,0.5474207577305954,0.7014494335935285,0.6537634780222259,0.0,0.48594152591491324
0.35414704020914584,0.6127739122915106,0.3773927063603739,0.9249509774992566,0.28909657752261875,0.4813283223313529,0.3170216838989134,0.17836015066821573,0.40793107707893544,0.7084737255113103,0.6154605243609528,0.6320307226002295,0.3492752559678707,0.5241156894760161,0.38806887966136894,0.44790095943214836,0.4618598298208232,0.7471262313299845,0.5388538386261343,0.49515575766202,0.22867645608488069,0.759382762533465,0.399650809208731,0.5461430188831866,0.0,0.3431403997433242,0.5878253541128537,0.22477495055322527,0.3978127075942046,0.07313434763283086,0.5411052652393391,0.2129672514195468,0.40179225359573895,0.4313711806028402,0.34864796578231183,0.16603413391487556,0.5972163191625944,0.5190119806404654,0.25027335830455977,0.35694780669907855,0.29282267069707346,0.2902239195178855,0.11059982015727894,0.0,0.46275468979710876,0.3764794666269464,0.39442934194282175,0.0,0.0,0.0,0.20838002293251817,0.02489732179123355,0.698770943474802,0.4514705473586628,0.40398093156316855,0.47244043920513645,0.483974186173293,0.08318217260822869,0.0,0.2572386625658315,0.33039476168333565,0.47449978194785625,0.4638704089334239,0.0,0.3547921871260924,0.3407085603764633,0.3657334539598569,0.38651436833784564,0.33364731321718444,0.44211898493744795,0.403834047374928,0.23023824290162445,0.2568718129290505,0.27605400642023237,0.0,0.43020871258509635
0.5726437817774457,0.42187519658401784,0.3252912022958143,0.6492032699056989,0.13749352984896038,0.7291596068901715,0.32030307373594863,0.20400165381425028,0.4142064328378503,0.5401690217148272,0.254026843680999,0.37530352366566677,0.3153067426312124,-0.12567048869252107,0.5587774297200516,0.5049956031378751,0.4873869535732439,0.5348171448767267,0.519189909460472,0.5476131165439242,0.4145370089627005,0.5595628967565995,0.5020041963572565,0.35691240038174754,0.3431403997433242,0.0,0.7128467232982864,0.26761110127076093,0.3741069307605537,0.12120561117113471,0.4175969946685007,0.3517992768267165,0.3437878701068059,0.39693184164104617,0.40971638852457887,0.2500233126930204,0.3691807425805131,0.3815452397444443,0.22081190333884032,0.24748375857205546,0.2514828262441373,0.18093372622560971,0.2035222725298374,0.549769445988366,0.4905453030394744,0.3455550425783107,0.3749521593150031,0.6819454309748385,0.0,0.004755803638654974,0.28063622656832016,0.11016594978930566,0.14746480779848448,0.40041016155209175,0.3057736348370055,0.0,0.4284492900303471,0.2720611394192708,0.0,0.5387456016680864,0.3230928908786519,0.353726127105884,0.3882443019651873,0.0,0.22447350706377595,0.45383420514230577,0.49613699831214775,0.22697985450741584,0.2976068741672853,0.3708041905795678,0.3255928385149881,0.19922811320197964,0.26161589459838813,0.38915593461467546,0.4707775164166468,0.32057967079806104
0.5293029646494163,0.36989883873629137,0.2437138402329846,0.24944066089975214,0.3413663370721829,0.5897944563662845,0.27755053325316387,0.33885518077714416,0.1834143465852935,0.19518218580704141,0.22699991819738538,0.3542037304174211,0.3300202228439584,0.17478590446680936,0.8591377753911695,0.500528839360194,0.5991295484555089,0.5232258954435483,0.08214341838515948,0.5889091272313768,0.5605651019688214,0.4398289445423609,0.38120481769493725,0.2527514261690168,0.5878253541128537,0.7128467232982864,0.0,0.29500633972064805,0.567504270282014,0.37005375911819466,0.4109718783535256,0.22850993299086428,0.19913443749455795,0.4264878973172408,0.4542059361349096,0.18388962379580587,0.273615636804436,0.07816578065256441,0.3010663298591322,0.5734721331044444,0.3634939827556472,0.4121292703824531,0.5585443454196661,0.18153861350441186,0.4084885379760366,0.44142773574736593,0.32086360886577503,0.4292065004226391,0.5201507164518295,0.3667371224367357,0.47915560595353834,0.31767130637337804,0.392384940797651,0.38773495223391186,0.7051326764084437,0.29762122240652467,0.2153497447473052,0.3683006696191641,0.738892245630572,0.5232359905140472,0.6115137843738366,0.0,0.491315915268171,0.4770637423793105,0.545924170434763,0.6181947321602488,0.39754707672133066,0.4485508420734214,0.0,0.5472293148447787,0.3256843917259563,0.49988082133830714,0.34326060475630016,0.5568344760151072,0.32167523657876923,0.377558559326443
0.2248407736195351,0.2540226510328262,0.31269661157655776,0.3890338657212203,0.4678357906889305,0.486521985978031,0.46398824294959307,0.13614552737359292,0.3114327866065899,0.4675647362590952,0.22814990647616878,0.4126803660618228,0.5147542007800963,0.5477795180375894,0.39841710444915346,0.2632013182310853,0.47492729842000947,0.2056686747428672,0.29150481777857246,0.36445016561157695,0.2346203388307583,0.4332369019277542,0.2629235275815085,0.24060350767200672,0.22477495055322527,0.26761110127076093,0.29500633972064805,0.0,0.44644017999201824,0.5573901898177454,0.5330237820301396,0.4426553997367355,0.3334188315345279,0.3210349234870409,0.4428604224227429,0.5857429109116943,0.36115517027216404,0.33717947983738866,0.11066145315729334,0.27011162075450457,0.5203489365351224,0.15992774762807324,0.05685768470961122,0.2605781011206542,0.6504376871978856,0.5975025669261802,0.13415030773856945,0.30490354410648185,0.0,0.6295217898489092,0.3883073012596565,0.3035717434581301,0.29047250977293937,0.3576022773520604,0.6462903473452979,0.5327355647764521,0.3527261237765537,0.28097144386542383,0.3740422669089055,0.36008445457653343,-0.03749378357909064,0.1911187957621754,0.02909210201032536,0.35263175419439935,0.42582483960189693,0.4135604908388017,0.35622983540328057,0.38035865984579725,0.5654942037973048,0.059711055055853335,0.08278201626920562,0.39757365176172216,0.02712427883565599,0.43996413641045135,0.01742477228607775,0.3516125224237615
0.2275326741641024,0.271496759307418,0.48466978537309313,0.4662324364202173,0.3485694014743369,0.40986450408108543,0.5129849186576851,0.3043077048653354,0.41948459085564516,0.27635566442399806,0.40249948969895966,0.48618242198954925,0.5177878349903289,0.4266104265948261,0.46800133071463235,0.46536060681091296,0.06009359622094118,0.3619225117950044,0.5859079437309005,0.5107659981488701,0.2327095371410537,0.47703122662116415,0.41545958770640756,0.41358855316869403,0.3978127075942046,0.3741069307605537,0.567504270282014,0.44644017999201824,0.0,0.24265870648247334,0.5014560226576541,0.14819591134501808,0.1368614376544058,0.3945811662270201,0.3819327222228226,0.3317707698470669,0.2973570088414116,0.49645615767605716,0.25169982140822594,0.07504333592687265,0.3188942765163755,0.29910916895232054,0.16518834278381414,0.24000674668212346,0.6285555247276318,0.41523769642697506,0.12250670212408213,0.4475337700493399,0.4924604690661568,0.18973433399186448,0.49124619873178904,0.3209706519504857,0.4507613819018658,0.40303846953486255,0.6324115211108327,-0.13153472032366537,0.5881289637038758,0.32054219182339316,0.7833652968957557,0.43484655979527503,0.0926540071887818,0.4829440330757117,0.07670370437376844,0.3294181741812283,0.5142089619074781,0.5114152341333573,0.31395324785496737,0.5116593817250967,0.4714235502589371,0.14388675567431775,0.15288241536682962,0.5097878448338855,0.32492417823804864,0.5264550929820684,0.28583667823415226,0.35046990107529563
