0.0,-0.060967959146852324,-0.05818829377010054,0.0,-0.0027069540755167987,-0.050166262807238515,-0.002282303532661345,-0.07910373067742948,-0.0032191007930124083,-0.0801051245877597,-0.0010869219409231912,-0.07229071875449283,-0.003044284578442802,0.00015031414722360692,-0.08226384356564909,-0.04758491022081274,-0.05677182009379672,-0.04634678013231619,0.0,-0.011043020155010796,-0.06813696129888114,-0.036685555752722754,-0.07583921850868619,-0.06623417182289165,-0.050374111729027504,-0.061414415184061766,-0.05711299962891814,-0.0012720831094952811,-0.0038490388297550693,0.001333842086082615,-0.0641555788785067,-0.05968010257383277,-0.06403628015665641,-0.06801842665175656,-0.04659370865465501,0.001092488996949359,-0.0011260832036908974,-0.044170322127782546,-0.048580483456175994,-0.04889465908702134,-0.05124577372300093,-0.045212927330561314,-2.478651195181314e-06,0.0,0.00011767101289356097,-0.04060391102046551,-0.04425973678912548,0.0,0.0,0.0,-0.06386593951118469,1.1102230246251565e-16,0.002631399533232215,0.0,-0.05516447864174595,0.0,-0.05856153004191689,-0.0835016003769849,0.0,0.0002545216139351325,-0.03681395540050153,-0.04407738320427984,-0.04796634763379526,0.0,0.0005165537539822407,-0.011198979181601953,-0.04988143182855659,-0.08826729934166261,0.003813819954041342,-0.03149554963095591,-0.055364473921449164,-0.068753529739767,0.0004817310470903169,-0.05671666276661386,0.0,-0.034623748940582955
-0.060967959146852324,0.0,-0.04968329487535239,3.5629156133198947e-06,-0.04835499707744678,-0.03555446178862748,-0.03800386814937301,-0.054717779666308364,-0.048820361739819296,-0.04396138269910582,-0.029117017512553134,-0.049018232536103046,-0.038110406656580664,0.0009789293903563756,-0.0490630165763532,-0.032709839637950766,0.0039416973868412475,-0.04695342551236337,-0.0019980428482508916,-0.04522778369236358,-0.04853889156266811,-0.04451648357577537,-0.05620750887273562,-0.03551329682215493,-0.035190203021110644,-0.052529622542047405,-0.036534016541191205,-0.03745867339434772,-0.03508096287817314,0.0003474504488811814,-0.056877156479511026,-0.058087141064361025,-0.059730948451726606,-0.06497983139321334,-0.05665800797210313,0.004077188441345192,-0.0009553129642462244,0.0,-0.035253932938951626,-0.04092518501864656,-0.03857628821670567,-0.033494480711247054,5.1282005656905216e-05,0.0,2.220446049250313e-16,-0.05678762655097497,-0.025916031571771803,-0.0006201649754457583,0.0,0.0,-0.05648654364309608,-0.05775446817595692,-0.02736776363493143,-0.05317111334378771,-0.024625977478137107,0.0,-0.01705260084532295,-0.06441031737711289,0.0,-0.02424710228256627,-0.025218292498851047,-0.0659095249084024,-0.044846718082962644,0.0,-0.027660623961203945,-0.0031837211472992566,-0.026925881282234165,-0.049922751164291124,0.0007887367052066274,-0.026753264331965843,-0.043869227147617984,-0.055444571065633996,-0.061600004010056775,-0.04376431248718787,-1.1102230246251565e-16,-0.032834116721531637
-0.05818829377010054,-0.04968329487535239,0.0,0.006260333472974111,-0.06850267808273058,-0.09506760734455916,-0.051606246790149024,-0.058046903207896516,-0.03014522871254688,-0.04076005943374267,-0.10716956209298484,0.006174884596685193,-0.04923517356310808,-0.039441292522690685,-0.031914116614932875,-0.042893501949312685,0.001945927639701861,0.0015695273306965407,-0.06226244887863827,-0.017170493760906957,-0.0680956305167244,-0.05468053723453442,-0.07045255723826813,0.00010773212338699434,-0.06133679191118685,-0.05055495110646846,-0.09889575103876011,-0.05383720228753974,-0.05335994442267494,-0.0766977199220239,-0.05915773981120476,-0.045121962809500926,0.0010910674150148014,-0.04405138389199126,-0.04739511333786284,-0.04993033926862611,-0.0488987161499021,-0.06889440771810712,-0.0398067082491424,5.0763857284419345e-08,-0.043431069755250296,-0.0002518993300354988,-0.05401991692091679,0.0032803316916905634,0.0,0.0,-0.0010086469253969832,-0.08117095048071543,-5.567116838633979e-07,-0.03657487792310482,-0.04449275113676893,-0.058918956285796076,-0.03827198050924857,-0.01839880554535528,-0.001759282573821186,-0.1466999459130101,1.862703868038551e-06,-0.05966940044640656,-0.05684951299777796,0.00019734867963111524,0.0,0.0,0.0,-0.09783811606738413,0.0016573331085507625,0.02414634920774439,0.0001853255701180223,-0.1431421205299459,0.0,-0.00010326834873441992,-0.03714065215430734,-0.0585884091465399,-0.0554767238665998,-0.06588916518896487,5.306413923145126e-05,-0.0467989701325765
0.0,3.5629156133198947e-06,0.006260333472974111,0.0,-0.05213393311012332,0.011223989450280691,-0.030237008790070963,-0.030776525709968472,-0.04246689286978367,0.008520262889754687,-0.04918489406065807,0.004175528561326247,-0.05097853914468489,-0.03629002858977598,0.001253797167948878,-0.0015114246586225843,0.0008970529599480748,-2.5350918819166957e-06,0.0131745589890917,-0.031580084651940066,-0.0011074932977785945,0.0017597558184133666,0.007572970314700389,-0.0030088081520106003,8.882757307038247e-06,-0.0008403491503732874,-0.021938630109514523,-0.0246093544307526,0.0019441624755192621,-0.0030093372880320435,0.001721569456368588,0.025616088551004612,-0.0020255085545956564,-0.014705890400692645,-0.03304345381984147,-0.0069452978536502785,0.0004852181935736388,0.003146477861680208,-0.0014223206009396083,-0.00039173104531597946,-0.0003230416834201222,-0.00013880757798345744,-0.00013578486237780796,-0.0012493144571422143,0.0,0.0,0.0,0.0015597297740312377,0.0,0.0,-0.0003003474472613732,2.220446049250313e-16,5.801895343937602e-06,-2.7161643918971468e-05,5.551115123125783e-17,6.663010926533097e-05,-0.04941309219797016,0.0008220972688489647,0.0,0.0,0.0,0.0,0.0,0.0,0.0,0.0,5.115526676424675e-06,0.003548663844380906,0.0,0.0,0.0,0.0010960712446598797,-0.0037318785802712418,0.0012278849517238788,0.0,0.0
-0.0027069540755167987,-0.04835499707744678,-0.06850267808273058,-0.05213393311012332,0.0,-0.05586835307120691,-0.03448316098864995,-0.0328853678865223,-0.05545949286963037,-0.03764360927868121,-0.05191509513206405,-0.04382647195312345,-0.03518394602346725,-0.03912450346049148,0.0011976328354161847,-0.02677499322647231,0.001012938758575832,-0.049589599215380586,-0.07104680971007626,-0.0347633387706483,0.001046206604863098,-0.03534471386102622,-0.06143083743745226,-0.09199916179359169,-0.030507713390897195,-0.04590921179207674,-0.07778733381525083,-0.038131331739333474,-0.04732628929604521,-0.0031778776945330933,-0.04397074822551472,-0.021622051390415065,-0.002561455022706105,-0.04181099469828253,-0.03994127113261342,-0.056960448127842817,-0.059097909454335074,-0.013183738828236147,-0.01904174889019522,-0.0007103177803408078,-0.015815716064494778,-0.0012440110276730199,-0.05062160353457246,-0.0036236389293234916,2.236203580385787e-05,1.1102230246251565e-16,0.0002081519267254639,-0.045156715114692825,0.0,-0.05605291232897719,-0.044277792890497325,-0.031091519326350125,-0.04516262238096741,-0.03971319450004751,5.551115123125783e-17,-0.11409577869247439,8.383099187087018e-05,-0.06972418000729175,-0.0325171955764626,-0.0007847973362925531,6.12469023111295e-05,0.0,-5.551115123125783e-17,-0.05084512614322484,-0.0013901038067013483,-0.00042899657637524014,-0.025619835512423583,-0.04503930978619625,0.0,1.6275505562712844e-06,-0.0015898168056188156,-0.05296616169196311,-0.048713699725383364,-0.04169981199986755,1.1102230246251565e-16,0.00033796381000239517
-0.050166262807238515,-0.03555446178862748,-0.09506760734455916,0.011223989450280691,-0.05586835307120691,0.0,-0.0402081734480641,-0.07065589581527698,-0.056276486495805134,-0.03008892386023143,-0.06083679445252449,-0.03905391358295918,-0.04547902172968704,-0.04985292283093118,-0.037600670082516496,-0.022979620768412312,0.010226792526619233,-0.03748953453885323,-0.06036590371394057,-0.051855971278645496,-0.0622527640048221,-0.04329441149045271,-0.08504696282939539,-0.001719106870506637,-0.024316411828621154,-0.03766546520094133,-0.07887758815359597,-0.06350822454955396,-0.044485646866012474,-0.058494033853903504,-0.045523240797779585,-0.04275432674694474,-0.07116180901243097,-0.041724829588637546,-0.035616170556190874,-0.007777360078187356,-0.019330985149647206,0.004796378616417407,-0.0269987248669859,-0.026705295044728572,-0.020261552924041026,-0.024359588024342405,-0.03341813840230384,-0.02898068450093272,0.00028317931312976663,-0.0016028730918638545,-0.021457913329548328,-0.05573735459596674,0.0011488050241547643,-0.04595198521527105,-0.03557005518217293,-0.04639035220334237,-0.04919888257911237,-0.04476840650845254,0.001985115396200221,-0.06825382759002258,0.001171847119481817,-0.05017597545120828,-0.055606295229109204,-0.048628853550751916,-0.027328721266122402,0.0,-0.04991249802252917,-0.054448545770054035,-0.05026947118851566,-0.04027968673427729,-0.04286949711829352,-0.051211976909410706,5.379363172408613e-06,-0.030368262665838475,-0.03357475108460872,-0.05286764585041365,-0.04777449360204178,-0.04102156324110423,-0.05889547991790289,-0.0325049752853952
-0.002282303532661345,-0.03800386814937301,-0.051606246790149024,-0.030237008790070963,-0.03448316098864995,-0.0402081734480641,0.0,-0.0328776807139578,-0.03317350053916879,-0.03546016472963598,-0.0544525551729802,-0.0395666315596207,-0.03230380270292377,-0.04730557582671269,0.0017057569842384712,-0.026676435240165997,-0.07806762379005994,-0.03411980561282624,-0.05640045289379142,-0.03181451386855533,-0.043521802034568846,-0.029319239513704298,-0.04537002720038391,-0.03791696931686184,-0.034121556509638884,-0.05100429460328276,-0.048666883822951534,-0.023513094287251846,-0.04580230421514864,-0.02052531824324738,-0.02904427289057565,-0.043935179617932474,-0.0003550880980955351,-0.04617145275822049,-0.05217279415380549,-0.04585561517650752,-0.026161646478855216,-0.005115485157148103,-0.03897944877035331,0.0010049844267032149,0.0014681020081689922,-0.0003135405996505525,-0.058657986596505896,0.004763658868238763,-1.4748098069949922e-05,0.0,0.0010517309397845565,-0.0531036567686497,0.0,-0.03891134591273904,-0.0328968208242193,-0.04904838016188595,-0.03274593916684593,0.0015365560581229731,-7.32045377904722e-06,-0.09170550682278938,4.140790602263911e-05,-0.049071964782480104,-0.0027945613854824525,0.001552169675358095,0.0007884234022422776,0.0,3.6741114682325993e-06,-0.0012365003138878894,-0.00042786168233632793,0.0009121903124180153,-0.022206564658439565,-0.041322725054990295,7.820699490956873e-06,-0.0005868151831778246,0.0018026559658979036,-0.04491503545616343,-0.040678217436097175,-0.04224988956929843,-0.0007575999793727473,-0.03860010231198763
-0.07910373067742948,-0.054717779666308364,-0.058046903207896516,-0.030776525709968472,-0.0328853678865223,-0.07065589581527698,-0.0328776807139578,0.0,-0.037757654423348275,-0.05768291584657326,-0.02402031038589536,-0.06657548833150018,-0.03506943468227497,-0.030038136034490126,-0.03848325837103611,-0.060315751864436884,0.0002216373351385803,-0.08148627400790898,-0.024810657846231043,-0.018787613995625563,-0.06360603690832428,-0.03896249881436742,-0.05091738841022603,-0.0773412050870661,-0.09358249372442223,-0.07568656361626536,-0.07865666233229512,-0.0438081359490779,-0.049249823602966813,-0.04907855119001203,-0.03461303048164571,-0.010681527999253815,-0.057372219368798494,-0.028584480783262645,-0.026763541402272772,-0.03206592510015255,0.036616318386316515,0.0025545913015792565,-0.01567579150927506,-0.025544617282758086,-0.00948140880804399,-0.030626261487289697,-0.0510090207289986,0.0017232337715185064,0.0,0.0031998801721245806,0.0006996681935791393,-0.06388781208479116,0.0,-0.059096480981080446,-0.017087980074477094,-0.03992692120174429,-0.022007310516525658,-0.05063514867931007,3.93601110115771e-06,-0.06132979775664521,-6.40501299425944e-06,-0.035324977940867475,-0.054544199042585506,0.01382319028003054,0.0003298722456039904,0.0,0.0007549907446008919,-0.05714969394138175,0.012633436093231087,-0.017246174442741347,0.002136819515897892,-0.03490193883179943,-5.551115123125783e-17,0.001956843218605675,-0.07111726323360662,-0.045925041254286925,-0.036658314290975436,-0.03559271318035695,-0.045759986910198336,-0.013410061696619402
-0.0032191007930124083,-0.048820361739819296,-0.03014522871254688,-0.04246689286978367,-0.05545949286963037,-0.056276486495805134,-0.03317350053916879,-0.037757654423348275,0.0,-0.05124444529402705,-0.048591777847180995,-0.053187574574767915,-0.0413401882080886,-0.06657612521151829,-0.039366253941910845,-0.042529387688099995,0.002918940135293868,-0.07413050435945961,-0.029583016877569923,-0.05078891379508105,-0.04739513646476945,-0.053709182495132735,-0.07245432578140404,-0.05906614905060836,-0.0575502603407802,-0.055520785497803204,-0.06271946090937958,-0.04058345414232467,-0.04971137977888296,-0.038926931715091206,-0.04623965443320732,-0.04133300001553625,-0.0998927781394141,-0.044148619070475514,-0.04972737976384284,-0.07576250761069758,-0.03513161330112774,-0.04006891652580269,-0.026711762475513212,-0.05512330547760741,-0.01034157865661306,-0.008570723278726489,-0.04674499018558076,0.040852897449176306,-0.00018204508966279676,-5.551115123125783e-17,-0.0001922561788607613,-0.04329713330842572,2.6744690329039145e-07,-0.04534074769091301,-0.037043703504339054,-0.05652342178557457,-0.03723277718634155,-0.04900458565840399,0.00042973903266635416,-0.15040394113662348,0.0017644943321075135,-0.060898795041185005,-0.06430574265499678,-0.050331688296045285,-0.0005031275778989985,0.0,0.0,-0.048848076558155484,-0.05970838318538835,-0.02722736601669884,-0.037991713336369526,-0.049251591771320324,9.39933884225308e-07,-8.903149125105703e-06,-0.026312784993986205,-0.04214702105785745,-0.04371562947053981,-0.06094277842721896,-0.0008029336674247878,-0.04954128927175816
-0.0801051245877597,-0.04396138269910582,-0.04076005943374267,0.008520262889754687,-0.03764360927868121,-0.03008892386023143,-0.03546016472963598,-0.05768291584657326,-0.05124444529402705,0.0,-0.06128189902018305,-0.02168033406000014,-0.03668368491405,0.029165441209235754,-0.04952584154741635,-0.03782917442113026,-0.04057156723395655,-0.049991312452078995,-0.055016441273871564,-6.143838329664142e-05,-0.087276635841541,-0.030931540958712977,-0.05275318544873481,-0.04594231728028464,-0.039640465287823445,-0.05822651671523649,-0.03346831056559285,-0.030690709467083244,0.002331343305096212,-0.0022454892780516267,-0.04588093176673036,-0.007582630983481942,-0.032849747340055635,-0.035235778491830516,0.014681208691412095,0.03249239180482927,0.004100231059871784,-0.03346517945875699,0.016067611263062942,-0.025953601069110377,-0.05032351372241223,0.03792616335362581,-0.0013724656185321593,0.0006596999938336956,-0.043804591980004415,-0.08458539982203078,-0.01135617823555779,2.771349554808733e-05,1.5186005664080682e-06,-0.0011658318600005213,0.00034836493951356795,0.004205153805166284,-8.658976119457762e-08,0.00033840846198152086,-0.04350161478838932,-0.0003483178982210955,-0.036685623767112485,-0.04833325585084969,0.0,-0.0001335791668635733,-0.014691670786913746,-0.028970445119519184,-0.021379932099203247,-4.991719640967673e-07,8.110283043205602e-06,-0.0004567974703039712,-0.010115943348883327,0.00017831130174050802,-0.05233522071474028,-0.021295975106714993,-0.034374610927210225,-0.00143664756109807,-0.03526324628373073,-0.06597747575500479,-5.551115123125783e-17,-0.03851176346077029
-0.0010869219409231912,-0.029117017512553134,-0.10716956209298484,-0.04918489406065807,-0.05191509513206405,-0.06083679445252449,-0.0544525551729802,-0.02402031038589536,-0.048591777847180995,-0.06128189902018305,0.0,-0.06220637566107584,-0.052773141508852206,-0.018118850179875412,0.0,-0.00021970462286147185,0.003622368742210502,0.00232619083250335,-0.08142263605746264,0.00013012599545730863,0.005869218013308808,-0.00021662188286258877,-0.023920021910822764,-0.05889801684900309,-0.07144236793546815,-0.07213881093066532,-0.0680055275304492,-0.04628014603029129,0.0010027727122526309,-0.0008666770245551736,-0.05789217082972342,-0.011032259783076481,0.0013679645009123664,-0.04831803413095176,-0.045111204369253144,-0.053200289883112595,-0.029654860650085824,-0.05376256728011547,-0.010149033484042558,-0.00235761243767868,-0.0018562631756376402,0.00012302952091891584,-0.08774917186321518,0.0007814116786994951,0.00015659918248472904,0.0,1.1102230246251565e-16,-0.050728498595505656,5.178783013537469e-08,-0.058352510447269246,-0.035816384358694775,-0.07698957252200722,-0.03707103442351212,-0.016024330122193786,0.002185337746918148,-0.0706842794464771,0.0016588430951992028,-0.05871299113005907,-0.10155335230189078,5.551115123125783e-17,0.0,0.0,0.0,-0.0848798117001654,0.0008204406006379061,0.0,0.0004453086716763588,-0.04579848293370259,5.551115123125783e-17,0.0,0.000595540519211013,-0.04419054311726772,-0.05859464010558224,0.0004130641494467513,0.0,-0.041532956538395116
-0.07229071875449283,-0.049018232536103046,0.006174884596685193,0.004175528561326247,-0.04382647195312345,-0.03905391358295918,-0.0395666315596207,-0.06657548833150018,-0.053187574574767915,-0.02168033406000014,-0.06220637566107584,0.0,-0.04566226819187674,-3.79348003947122e-05,-0.00408487845544292,-0.04184434374820423,-0.041040136228162716,-0.05263395080308764,0.004251257657744811,-0.0008425324111095978,-0.06854267299186872,-0.00401541922702342,-0.06625115500991458,-0.03217936101153307,-0.044366677311285685,-0.04242641366982869,-0.058173495020592825,-0.03437839953967464,0.0005635611666675588,-0.0022357994098536893,-0.0517566015587646,0.002556424143510816,-0.024629364921044117,-0.023873470293509585,-0.011293400302887613,-0.009365714456654628,-0.014439277362417013,-0.02719913372427815,0.06682843536116129,-0.022606115916687708,-0.031433282159317066,0.05225362038963122,-0.0009778665716904111,-0.0012340951519321797,-0.011823602292738378,-0.04780762556861423,-0.020764693231205,2.5130310520926624e-05,-0.0008924004857229217,-0.0027127188973015137,-0.00019320786487841968,-7.497790052601871e-05,-2.675173728927671e-05,2.1158927301367925e-05,-0.04662744647021305,0.0006615076529507546,-0.15143057677088834,-0.03819150923682846,-9.013457436701788e-06,-1.5871726618543747e-06,-0.03904021064772589,-0.03499004313034243,-0.035636014852692965,0.00029597235929285093,-6.675949512452428e-05,-0.0010223697161281242,-3.6174749132589223e-05,-0.0028903842691457293,-0.045029580001504366,-0.030822030937246947,-0.041088489344339674,-0.0017789756396398015,-0.025318741412768186,-0.05277290081414826,0.0,-0.04324289270412529
-0.003044284578442802,-0.038110406656580664,-0.04923517356310808,-0.05097853914468489,-0.03518394602346725,-0.04547902172968704,-0.03230380270292377,-0.03506943468227497,-0.0413401882080886,-0.03668368491405,-0.052773141508852206,-0.04566226819187674,0.0,-0.06653671153128438,-0.0055963325011769705,-0.028204701788171804,-0.048508249476419685,-0.0334068095281424,-0.05305769467159749,-0.037889979343525726,-0.04635574806647086,-0.031148074433976547,-0.046127662985562035,-0.0433598245582007,-0.034446065194250086,-0.05153841541373533,-0.046325251409952195,-0.06305713392911022,-0.05631936155034928,-0.07733785331293697,-0.034025859980971074,-0.03516521409773826,-0.0390671477240192,-0.03500360911378064,-0.039811278419714324,-0.05481090474099076,-0.015987869799836962,-0.010038150159301984,0.0001363641464444676,0.0002481326323396926,-0.007592770882023758,-0.013436658888588138,-0.018911399965220566,-0.0036832782813889797,0.0012618608712464119,0.0009467072523018927,0.0007250521055086612,-0.057527113648607076,0.0,-0.04433171455124002,-0.032980759329838405,-0.04484459974013255,-0.03675049335260688,-0.054532518309525546,-0.046367630766272205,-0.09780542079787613,0.0022892940830602226,-0.044107509814687695,-0.00023584931973547052,0.0012810642116031223,0.002327579073073849,6.126876531231673e-06,0.0007183052526237299,0.0027503226061111885,-0.04204610356372207,0.0017044034297878374,-0.022726308803120765,-0.038897611705451085,0.0002505402109142518,0.0006035232812032221,-0.01453235144857945,-0.03899119555325603,-0.03968629957909692,-0.0405259723876622,0.002163163143388269,-0.02564586298047211
0.00015031414722360692,0.0009789293903563756,-0.039441292522690685,-0.03629002858977598,-0.03912450346049148,-0.04985292283093118,-0.04730557582671269,-0.030038136034490126,-0.06657612521151829,0.029165441209235754,-0.018118850179875412,-3.79348003947122e-05,-0.06653671153128438,0.0,0.0007340158763265436,0.0016384408571020748,-6.958780781385343e-06,-0.00024698248651350285,-0.05283342103394473,-0.0011605392088226973,-0.047108185676202785,0.0011946409168497318,-0.029949056500863824,-0.0008686440620752078,0.0008436676478427163,0.003961957524623083,-0.05490838129020764,-0.05684482922636136,-0.0007305633705176895,0.001696423412061887,-0.11243899265376717,-0.007871615709083651,-0.00939370920835636,0.011031963619825669,0.009003650388384632,-0.03180273535887168,-0.008582471843042255,5.4748394946679824e-05,0.010125562417898304,0.0,-9.540605325430995e-06,-0.00037554889542112946,-0.06717675633997383,-1.49071204880169e-07,0.0,0.0,0.0,-0.07253975569351229,0.0,-0.11251412836785207,-0.07266983583718784,-0.05639362731409131,-0.06774563426157498,-0.06618918969345555,0.0,-0.08427833038957366,-0.00037716210808685924,-0.06611437391838276,-0.09509095556100555,1.1102230246251565e-16,0.0,0.0,0.0,-0.12329858918613656,0.0,-1.1102230246251565e-16,0.0,-0.06881874907631413,0.0,0.0,5.551115123125783e-17,-0.07076247630801513,0.001866960923665506,1.1102230246251565e-16,0.0,5.551115123125783e-17
-0.08226384356564909,-0.0490630165763532,-0.031914116614932875,0.001253797167948878,0.0011976328354161847,-0.037600670082516496,0.0017057569842384712,-0.03848325837103611,-0.039366253941910845,-0.04952584154741635,0.0,-0.00408487845544292,-0.0055963325011769705,0.0007340158763265436,0.0,-0.04718298101203544,-0.05497617749495248,-0.048934390677653705,-1.1102230246251565e-16,-0.04479495197135119,-0.03810570356867243,-0.05611181488583494,-0.08987665966019392,-0.008154009314886135,-0.05596052336251223,-0.07454636902772105,-0.04728935461142253,-0.05433002079183208,-0.0618668956321079,0.004403277241724846,-0.04592986370407581,-0.04861670790265621,-0.07675935252145771,-0.06136035337850998,-0.04259946163226258,-0.01743921998054626,-0.024334417478412973,-0.0003434466730091179,-0.02896673202789468,-0.03959453163653687,-0.03559693853298307,-0.012250606249154361,0.0019232700179170892,0.0005420322399757316,0.0,0.0038760847565905143,-0.05588443192686837,-0.0014398603509331864,0.0,0.0,-0.041778701187201395,-0.0005075435069693546,0.018147752779731297,-0.0007489685200043894,-5.551115123125783e-17,0.0,3.8311499651388914e-05,0.007144546333138879,-8.489349843099347e-07,-0.04694402616450988,-0.04715157928369418,2.372039922643454e-05,0.0009176616512318603,0.0,-0.013043451794196637,-0.020093025495138306,-0.027375566166789433,-0.0843807642406404,-6.286044598236007e-06,-0.049369950045899,-0.0458082415633958,-0.05348311970098363,-0.05124541334549715,-0.03887902521946868,-0.057302626521119504,-0.010774426978849005
-0.04758491022081274,-0.032709839637950766,-0.042893501949312685,-0.0015114246586225843,-0.02677499322647231,-0.022979620768412312,-0.026676435240165997,-0.060315751864436884,-0.042529387688099995,-0.03782917442113026,-0.00021970462286147185,-0.04184434374820423,-0.028204701788171804,0.0016384408571020748,-0.04718298101203544,0.0,-0.03225045657096559,-0.016316896982290496,0.0004016586873760164,-0.03220126721930433,-0.03550409799834764,-0.03480983293227091,-0.061734779391444616,-0.04622169213004462,-0.028751969415009515,-0.052305589847445766,-0.027981855080151052,-0.025823932618439405,-0.03797332342423765,-0.0280197806795624,-0.02704105342584595,-0.04309201673738833,-0.05479256397705262,-0.049669308070832086,-0.019416352849447205,-0.026210358041395987,-0.02360165090663341,1.6662814404488913e-05,-0.023386329067663192,-0.021614637553592386,-0.02318384029287457,-0.01989718581244454,1.1069464472823753e-06,0.0,0.0,-0.03261785983578763,-0.015036862366831105,0.0,0.0,0.0,-0.04166471847948522,-0.04276212413197644,0.002371090700293288,0.0,-0.021656170747385572,0.0,-0.03131257675647359,-0.05095122157423254,0.0,-0.024196389527136486,-0.014744348235500637,-0.03039339833505067,-0.026437562827924088,0.0,-0.026595446547962698,-0.017762292969844717,-0.01593195265489883,-0.05268839229255079,0.002146265101295508,-0.013357919017566,-0.02915886491417813,-0.04938347468681947,-0.07653653273408811,-0.04744133467499101,-1.1102230246251565e-16,-0.022373684370773972
-0.05677182009379672,0.0039416973868412475,0.001945927639701861,0.0008970529599480748,0.001012938758575832,0.010226792526619233,-0.07806762379005994,0.0002216373351385803,0.002918940135293868,-0.04057156723395655,0.003622368742210502,-0.041040136228162716,-0.048508249476419685,-6.958780781385343e-06,-0.05497617749495248,-0.03225045657096559,0.0,-0.048153929671196194,0.0011594018942696627,-0.03468788128531192,0.0021915842744542613,-0.03234289195078266,-0.0009207606412171554,-0.04345169783599345,-0.020685474162634054,-0.05451297020578244,0.009752992220137813,-0.055354642233331086,-0.0378714199220026,0.001332556201360413,-0.04829595916875484,-0.05302101084188787,-0.046325147013986934,-0.06430491614763378,-0.026197851158971774,0.0021725305599918365,-2.4978482361381893e-06,-0.036475731489402585,-0.021873760955985977,-0.004730747442013239,-0.038034834035025,-1.0507616647392748e-05,-5.551115123125783e-17,0.0,-0.0038001473771940297,0.0006841702814664452,-0.020381098720082036,0.0,0.0,0.0,0.0,0.0,0.0,0.0,-0.02864409637409515,0.0,-0.03414025096188533,-7.927811770008786e-05,0.0,-1.7256258902087485e-05,-0.018348093556223743,-0.029037210238764932,-0.019830084896993894,0.0,1.1102230246251565e-16,0.0,-0.027929352482926995,0.0,-0.05509588905218754,-0.015272682996784137,-0.027364234365727103,0.0,0.0001243014098434303,6.671088499277111e-06,0.0,-0.02725884900355463
-0.04634678013231619,-0.04695342551236337,0.0015695273306965407,-2.5350918819166957e-06,-0.049589599215380586,-0.03748953453885323,-0.03411980561282624,-0.08148627400790898,-0.07413050435945961,-0.049991312452078995,0.00232619083250335,-0.05263395080308764,-0.0334068095281424,-0.00024698248651350285,-0.048934390677653705,-0.016316896982290496,-0.048153929671196194,0.0,0.0009045215010206054,-0.02837012104923531,-0.059255125061298985,-0.03519114073402496,-0.08057244601607488,-0.046659027058992,-0.03094958934399339,-0.05213900232899987,-0.03786719983892872,-0.02035388130165,-0.04465175731954507,0.02136307164279111,-0.05875847611617796,-0.06670999176733516,-0.064040078211557,-0.0713169489931001,-0.05292152616190421,0.006988699826535105,1.3290976627944318e-05,0.0046427312588464,-0.02442600322391153,-0.007000827994323833,-0.019684998892294026,-0.030033840995397743,0.0,0.0,-0.002749237423067985,-0.04300904684122825,-0.013609274007053862,0.0,0.0,0.0,-0.038414910159708604,1.867376522662889e-05,0.0024853852919334285,0.0,-0.02174208209302053,0.0,-0.025900373044771163,-0.042413797114568774,0.0,-0.039180190047232166,-0.012841033617197906,-0.019671341356424954,-0.01875794318743823,0.0,-0.036168698309920866,0.0006282880493375664,-0.019766250589045797,0.0030903153434621577,-0.04055171652385925,-0.013181017543272167,-0.026839439599957493,-0.05229773443265784,-0.03960774168563702,-0.03416040017010891,0.0,-0.016905688954138798
0.0,-0.0019980428482508916,-0.06226244887863827,0.0131745589890917,-0.07104680971007626,-0.06036590371394057,-0.05640045289379142,-0.024810657846231043,-0.029583016877569923,-0.055016441273871564,-0.08142263605746264,0.004251257657744811,-0.05305769467159749,-0.05283342103394473,-1.1102230246251565e-16,0.0004016586873760164,0.0011594018942696627,0.0009045215010206054,0.0,-0.0008621341035427998,-0.001016552009493743,-0.0018114814654391909,-0.06252234546685156,0.002176610608339069,0.0005473475007112816,0.0016025177459614293,-0.06582463829063717,-0.046591738510331715,0.002760066337610112,0.0011276779310058216,-0.05143802347746712,-0.03918299647730694,0.004012474910010888,-0.04933994385063195,-0.05558765988457198,-0.07694675104228571,-0.0550640898117466,0.0033067145497807093,-0.02694161237748699,-4.665132343040224e-06,-0.008794951254857464,0.000491826281507679,-0.06086787870838267,-0.002295195980551834,-1.3166224649419078e-07,0.0,0.0,0.007408028450813842,-5.551115123125783e-17,-0.07758628197202433,-0.04833902321648681,-0.06648164015540015,-0.0431467692927191,-0.04713638960273964,0.00039585289463939244,-0.1835981899154889,5.365128105372374e-05,-0.05889077097540607,-0.05822860086863069,2.220446049250313e-16,0.0,0.0,0.0,-6.87702028687176e-05,5.742514631923434e-06,0.0,-0.000265109576589595,-0.044047679029810216,0.0,0.0,-5.551115123125783e-17,-0.04495103979050058,-0.04031779270616892,0.001526832247582488,1.9797653726283393e-05,9.643249348068039e-05
-0.011043020155010796,-0.04522778369236358,-0.017170493760906957,-0.031580084651940066,-0.0347633387706483,-0.051855971278645496,-0.03181451386855533,-0.018787613995625563,-0.05078891379508105,-6.143838329664142e-05,0.00013012599545730863,-0.0008425324111095978,-0.037889979343525726,-0.0011605392088226973,-0.04479495197135119,-0.03220126721930433,-0.03468788128531192,-0.02837012104923531,-0.0008621341035427998,0.0,-0.054863052164790316,-0.05724670465518311,-0.022113438023578125,-0.002258891572617272,-0.02886127847501241,-0.06691577924044811,-0.03653188877862573,-0.033199312911556866,-0.05325227838131735,-0.011992334185029985,-0.02124647934400703,-0.028491385589766105,-0.031810242212007456,-0.03702480940168129,-0.011999070247940502,-0.00019029773219364499,-0.0007027868696147799,0.00022879742851333873,-0.03539949118483837,-0.0411871185227925,-0.03709419993281632,-0.016142685106429078,0.0013223799953417936,-0.003810256029535164,0.00013117268307677454,0.0009812913545384494,-0.014002564007844331,-0.0010103431349649528,0.0,0.0,-0.04742712917129238,-0.03778060460494331,0.009172236902354802,-0.06132952591486346,9.30407963084523e-06,1.1102230246251565e-16,0.000865316484021994,-0.03795979853564485,-1.1102230246251565e-16,-0.05051256741445914,-0.03254716594819285,-1.760912898440825e-06,0.001959264018782325,0.0,-0.04404625430752668,-0.036179868400523674,-0.036877149752439664,-0.055742357242484386,0.0,-0.026733676319394106,-0.03478830638695307,-0.046909482248957524,-0.033469116525147447,-0.040891310367890066,-0.04309159754139885,-0.03703032430697589
-0.06813696129888114,-0.04853889156266811,-0.0680956305167244,-0.0011074932977785945,0.001046206604863098,-0.0622527640048221,-0.043521802034568846,-0.06360603690832428,-0.04739513646476945,-0.087276635841541,0.005869218013308808,-0.06854267299186872,-0.04635574806647086,-0.047108185676202785,-0.03810570356867243,-0.03550409799834764,0.0021915842744542613,-0.059255125061298985,-0.001016552009493743,-0.054863052164790316,0.0,-0.044584187204235015,-0.06371446962219363,-0.06892215004918845,-0.07037836499351996,-0.05782710040466621,-0.052862638106923765,-0.06072481732902146,-0.06173087538383121,-0.06979904822671656,-0.04902965219648536,-0.043302332765653984,-0.06307539644288884,-0.048181037580507347,-0.01268272120125613,0.05854899706601624,-0.0006353000811976095,0.002348461756538023,-0.0227517953802846,-0.05040465559953111,-0.029793178359580674,-0.005764878669329343,0.001723219121048114,0.0,0.0,-0.08729756735965871,-0.04134432757472023,-0.00021080145207208467,0.0,0.0,-0.03595448398753681,0.0011226247341784013,0.011686877599555556,0.0003209844400267614,-0.05588829814921803,0.0,-3.0338687528830288e-05,-0.03028538052980234,5.551115123125783e-17,-0.048858928357813636,-0.0416229921832213,0.0,-0.04970395106201875,0.0,-0.03250760079969278,0.016826693911529023,-0.03262607014307589,-0.04879502146889486,0.002452888462195324,-0.03742409415888548,-0.04687480562531504,-0.044812386889801326,-0.03211873853172276,-0.02457479517343103,0.0035656530913948936,-0.021551234782738293
-0.036685555752722754,-0.04451648357577537,-0.05468053723453442,0.0017597558184133666,-0.03534471386102622,-0.04329441149045271,-0.029319239513704298,-0.03896249881436742,-0.053709182495132735,-0.030931540958712977,-0.00021662188286258877,-0.00401541922702342,-0.031148074433976547,0.0011946409168497318,-0.05611181488583494,-0.03480983293227091,-0.03234289195078266,-0.03519114073402496,-0.0018114814654391909,-0.05724670465518311,-0.044584187204235015,0.0,-0.1074417639146355,-0.009601572987588458,-0.03292403376972175,-0.05422083053100646,-0.05142531332124245,-0.022896314465839895,-0.049077572184265894,-0.0010916330966534438,-0.036179191043523795,-0.04776580950402615,-0.034341896028502406,-0.05592649940791311,-0.03807763634229511,-0.012557274186900225,-0.01755842593533824,-0.0004479781868159116,-0.02166334748157267,-0.037120784856253086,-0.031075992694539034,-0.01602801075747301,0.0018844606885514148,-0.0004620850110155783,-9.492043205883149e-07,-0.018613605489023966,-0.01991075124802333,-0.0021137648386793106,4.6681893978162137e-07,5.825799970216039e-07,-0.037698100654015965,-0.05019027585526442,0.004522026348841857,-0.0009323846469250774,0.0011120747669959297,0.0,-0.0009590942787257584,-0.052835561296291855,0.0,-0.040201394192605544,-0.01840939746152237,-8.787434347173884e-05,-0.03303502059085961,0.0,-0.026140976134429617,-0.030729622388951272,-0.0330684469790154,-0.051834857198519046,3.533491368618025e-05,-0.02709794295697754,-0.034202017064086765,-0.03149068466242411,-0.04196688302163942,-0.03190898966624589,0.0009555984704801568,-0.022992794848131826
-0.07583921850868619,-0.05620750887273562,-0.07045255723826813,0.007572970314700389,-0.06143083743745226,-0.08504696282939539,-0.04537002720038391,-0.05091738841022603,-0.07245432578140404,-0.05275318544873481,-0.023920021910822764,-0.06625115500991458,-0.046127662985562035,-0.029949056500863824,-0.08987665966019392,-0.061734779391444616,-0.0009207606412171554,-0.08057244601607488,-0.06252234546685156,-0.022113438023578125,-0.06371446962219363,-0.1074417639146355,0.0,-0.07734505153312693,-0.08331880641953138,-0.0723266286819878,-0.0930659979141133,-0.053447215697606965,-0.0626706889329095,-0.050895593769065384,-0.0458803307154379,-0.04142464068545049,-0.05650651561080755,-0.04822015885242542,-0.026136910128780055,0.007318803284447395,-0.01964356650002619,-0.0007298077494400923,-0.03867377102229014,-0.07433480297193285,-0.031150399250714333,-0.041322216624379016,-0.034391356654418004,-0.03239548363785766,0.0006424080095278062,0.002523908449585388,-0.058747373779690526,-0.014677955699636924,-0.0002977367020255417,-0.04524126783470134,-0.03227349562850934,-0.043519445321786865,-0.036379538523038046,-0.049504689461407736,-0.0010680913627910127,-0.027472195364214413,-0.060292916184363665,-0.04569249200983466,-0.05213485294827197,-0.059621822316843154,-0.06474735209956273,4.283615371192262e-06,-0.09047619107707949,0.006438585861563206,-0.05556066068355797,-0.03812438588542216,-0.05668903101668632,-0.04133893555114748,2.7964639556954385e-05,-0.06483257381662255,-0.06578396012517351,-0.0493867015408877,-0.04494200541781501,-0.04569527132863899,-0.05360204604515256,-0.03624743229574218
-0.06623417182289165,-0.03551329682215493,0.00010773212338699434,-0.0030088081520106003,-0.09199916179359169,-0.001719106870506637,-0.03791696931686184,-0.0773412050870661,-0.05906614905060836,-0.04594231728028464,-0.05889801684900309,-0.03217936101153307,-0.0433598245582007,-0.0008686440620752078,-0.008154009314886135,-0.04622169213004462,-0.04345169783599345,-0.046659027058992,0.002176610608339069,-0.002258891572617272,-0.06892215004918845,-0.009601572987588458,-0.07734505153312693,0.0,-0.04532355838990182,-0.04906548616963208,-0.08745410123211633,-0.02791488633014011,-0.00486135281926281,0.0001758094778990804,-0.06281265942857789,0.0071543555502460165,-0.04536731459735932,-0.03643795669733216,0.0015310236361005258,-0.044291379673335074,-0.003932171836199261,-0.02475778849078089,-0.022713317486956375,-0.012296405539233946,-0.0353934794788881,0.012938588921859673,-0.00037562022715248444,0.0003413464692180179,-0.012722765763355903,-0.08657903652487203,-0.029178335216114848,0.0,-5.551115123125783e-17,-1.6919495948286567e-05,-2.2202728853559783e-05,-1.6865554875511446e-05,-1.6653345369377348e-16,2.8777028965920604e-05,-0.04445267596829938,2.2479614172843387e-05,-0.05178090330611934,-0.0008555031673073699,0.0,-0.00039471968788906686,-0.04246299055811359,-0.04266108097113014,-0.06113643700674809,2.061853444756956e-06,-0.0005376560809028375,-0.001299019593301587,-0.023682716192710118,0.0004254707466259666,-0.04687514034944329,-0.046986424596265064,-0.05839277832233836,-0.0005843034971502736,0.003766989277235455,-0.0748375769650454,0.0,-0.055990672019935406
-0.050374111729027504,-0.035190203021110644,-0.06133679191118685,8.882757307038247e-06,-0.030507713390897195,-0.024316411828621154,-0.034121556509638884,-0.09358249372442223,-0.0575502603407802,-0.039640465287823445,-0.07144236793546815,-0.044366677311285685,-0.034446065194250086,0.0008436676478427163,-0.05596052336251223,-0.028751969415009515,-0.020685474162634054,-0.03094958934399339,0.0005473475007112816,-0.02886127847501241,-0.07037836499351996,-0.03292403376972175,-0.08331880641953138,-0.04532355838990182,0.0,-0.040666539092402865,-0.03176636902905827,-0.025701430605081066,-0.03790158854783965,-0.0006936507299679651,-0.059258493115734,-0.06477873909769949,-0.05127096510351681,-0.05813473299506722,-0.053846069399543284,0.0043392688144389124,-0.0006080927888527654,-0.022309183968725943,-0.030094562936685998,-0.01134356772831202,-0.024560804469952124,-0.02891782797220832,-6.462513858496166e-07,-5.551115123125783e-17,-0.009611961596760477,-0.044422630792493756,-0.016249016448272535,5.551115123125783e-17,0.0,2.220446049250313e-16,-0.04524580981863113,-0.04919923009964339,0.0034781554978856044,-0.0011584380104224246,-0.030003367228085664,0.0005090982528406229,-0.03477199908388762,-0.05228977257311568,0.0,-0.041413831869680895,-0.01161679302237234,-0.02647234597690734,-0.02466361881464041,0.0,-0.029348825339667428,-0.011486917172733757,-0.021798158131428436,-0.04857742945104365,-0.03444858122276234,-0.014783720382263055,-0.03308676998699395,-0.04983263345531608,-0.04141409534814844,-0.0365286059921795,0.0,-0.020555633855704303
-0.061414415184061766,-0.052529622542047405,-0.05055495110646846,-0.0008403491503732874,-0.04590921179207674,-0.03766546520094133,-0.05100429460328276,-0.07568656361626536,-0.055520785497803204,-0.05822651671523649,-0.07213881093066532,-0.04242641366982869,-0.05153841541373533,0.003961957524623083,-0.07454636902772105,-0.052305589847445766,-0.05451297020578244,-0.05213900232899987,0.0016025177459614293,-0.06691577924044811,-0.05782710040466621,-0.05422083053100646,-0.0723266286819878,-0.04906548616963208,-0.040666539092402865,0.0,-0.05373020196158451,-0.048766277260822444,-0.04079309345638593,-0.004120578171205924,-0.06192119895532178,-0.0624969626572876,-0.06781849951688046,-0.0720221790131948,-0.058909333904317795,0.0032018124075969823,-0.0018216907700091545,-0.04101477789169505,-0.04889452422255136,-0.03633392432728244,-0.052733367048173,-0.052121591164425274,0.0009021637285747119,-3.6411563048011075e-06,-0.010394436234201831,-0.06591848657473998,-0.042093019528076925,-0.0010070434321801658,0.0,-3.355537552818255e-07,-0.06527677210936061,-0.06807842898296118,0.003457991095835611,-0.0478929835574029,-0.04623646439980178,0.0,-0.0463711497329688,-0.07018990133760677,0.0,-0.038676930731480874,-0.03810066298538117,-0.03809118546392121,-0.04181983497114772,0.0,-0.03049756541265286,-0.04268601919954884,-0.04172880766228837,-0.06807321538538569,-0.06130086333906587,-0.034390869041175054,-0.04848390698190119,-0.056918314610382936,-0.06145292510747902,-0.05619467119536298,0.0007887548459983296,-0.042146616568296935
