0.0,0.21795035420742612,-0.0030435109549690476,0.0,0.3545525516874952,0.1278682179868631,0.43912646695116664,0.055445099042308155,0.38745286741041596,0.07327319824720036,0.40772358872441605,0.04104543319563164,0.5292205960455565,0.48366876487901783,-0.0007961212771366299,0.3014130258982371,0.11042000448888142,0.19991601623396332,0.0,0.43788634024061657,0.031119005714393994,0.27361815043235715,0.07339194313616976,0.12498051006361938,0.1192618629665691,0.18270647329997683,0.18493936580809706,0.4938369101201654,0.4490149684440773,0.6161756277477453,0.15245659816161733,0.2789318613304885,0.09513293022113006,0.01596943751017793,0.1535375650915536,0.589022945852186,0.453513355291302,0.24588687597024478,0.08957663339985777,0.22881093641891548,0.06482226893201504,0.22067672198309699,0.4664372843131724,0.0,0.42941655975485005,0.3559789391393751,0.19151068485183714,0.0,0.0,0.0,0.08464601873525163,0.0,0.5783173580106844,0.0,0.06364837612748442,0.0,0.20763669927511746,0.1362097696053972,0.0,0.5122351803092922,0.2428431500183864,0.11888395092567514,0.15496682019148889,0.0,0.4478278871086213,0.44896181181016653,0.17756674810692796,0.09757995588649954,0.5518384508937104,0.3004975164747844,0.18900987338405678,0.048109428335755045,0.409058711068896,0.08404088996029244,0.0,0.22722647541685448
0.21795035420742612,0.0,0.22850542165690546,0.3368386217324394,0.21930245488353314,0.23437952537206463,0.2683180041360188,0.2674401630269566,0.15556659402119327,0.13892244356806685,0.0382104066707635,0.15832373345278622,0.2767634548517138,0.5415904254017255,0.20488218203555364,0.34735133388831313,0.5948819001883106,0.23103605669194627,0.5670316594303121,0.1694273317133953,0.23462432374479916,0.3075518331784398,0.2454245165794623,0.20256624188569772,0.27068676482346427,0.18471098854491913,0.21164874977195952,0.23517135053669166,0.18815688370804845,0.44211142488232913,0.17180048717406127,0.056408579750672205,0.051903649890045506,0.055693683430034974,0.1723235632086274,0.5296812166897764,0.22310436201779166,0.0,0.148159415008252,0.2597402519834914,0.16639282695364027,0.2229685508368132,0.5776085838683035,0.0,0.0,0.1385994695740626,0.2773537450447489,-0.014176517701442418,0.0,0.0,0.17419370868609113,0.23251554682542247,0.2911641393573057,0.09747816281688071,0.36403415094318786,0.0,0.2031095848430003,0.18182855866912306,0.0,0.2483140226735644,0.31147745198561094,0.1735574544293676,0.252467140917367,0.0,0.25877210383695426,0.5555809018369264,0.3139474291509907,0.17344503623687182,0.4100318269869381,0.2954069777125098,0.19128557940267132,0.13732588569929838,0.18287745662611443,0.22032732104989572,0.0,0.2573360590318491
-0.0030435109549690476,0.22850542165690546,0.0,0.5137439955707677,0.06147802545430939,0.015282099302825314,0.2091256961286505,0.2821003677924306,0.2045400383989017,0.21494490280794,0.11341536397723212,0.5304932470531938,0.23721553943984308,0.3017654745886298,0.08101635422803466,0.2219123643686841,0.6219932146208884,0.5336452385189532,0.13283251606152333,0.2415628986968002,0.04503127786894573,0.217363535218301,0.08505644612748775,0.3825167369274973,0.18080176695200817,0.048593392094807175,0.046526275195645395,0.25681865179578756,0.23476169149903678,0.1774628561931059,0.2578664745616039,0.2699524864756456,0.47707356243574306,0.2912143177190304,0.26849922064074006,0.21770889201541588,0.23957941593996177,0.1478986750442044,0.337571368721279,0.4651820051042489,0.2415516702206713,0.49405182367811756,0.3310898532680525,0.6198097295027114,0.0,0.0,0.17327612264819714,0.15863193335480388,0.4660387101695218,0.33049064065531913,0.29115433659566425,0.2562015797897614,0.3976362617234011,0.5015179357255962,0.34811871421852725,0.1988790471970204,0.45464402822817307,0.23648830046030478,0.293640054066952,0.25388414417938454,0.0,0.0,0.0,0.12069380564896756,0.6024375580468302,0.6682628347549818,0.10989630224408536,0.11399221733489018,0.0,0.5800073763797821,0.10642686071200858,0.2919223520762724,0.2216838745875138,0.22773570576763216,0.6690159414709336,0.1447199548288834
0.0,0.3368386217324394,0.5137439955707677,0.0,0.14681430030525916,0.5429334642881707,0.23932872715939035,0.37939053089353303,0.24953093752042702,0.38471666732162063,0.16728532224115,0.3807523799123382,0.20770272431820558,0.3397491378906763,0.5790704636578798,0.05989037361481755,0.5489862685011848,0.4658402309480703,0.5154415688476266,0.3153572801673676,0.37896632723706036,0.5363285916911414,0.5974401085265547,0.21680493700094766,0.8281560755013658,0.564088015576456,0.34614193261676024,0.22691503931601342,0.47475403438249647,0.4170451540045511,0.5066360996228914,0.5981511623910598,0.21434174690233057,0.28706318126105684,0.21084917913016096,0.25515869943427794,0.2635967285891527,0.36848761618020476,0.1865599771282009,0.2915650894048252,0.36415373503675486,0.289111606256047,0.2519889062039332,0.22179824154086014,0.0,0.0,0.0,0.4347387724894409,0.0,0.0,0.5547389771412471,0.0,0.46527778998787733,0.018459960747462645,0.0,0.18710276185971592,0.0799406898113646,0.4783159200771453,0.0,0.0,0.0,0.0,0.0,0.0,0.0,0.0,0.4672601368726082,0.5603895533791892,0.0,0.0,0.0,0.4275471502857081,0.47252533375884126,0.557130049333255,0.0,0.0
0.3545525516874952,0.21930245488353314,0.06147802545430939,0.14681430030525916,0.0,0.023933125687400775,0.1523087192577749,0.29589942040824607,0.04000118644976819,0.30781999955751993,0.05377538954697195,0.1875422325876936,0.23713117982236423,0.18094141902894798,0.48693238520887755,0.40499014165360697,0.5033452582638215,0.07659593225376982,0.013810983585937076,0.2588266343170616,0.49642504696199846,0.2735102425687065,0.046054436460765735,0.012700701597121666,0.306963311011888,0.19254703100394258,0.02306528157075266,0.3052517646482402,0.16481089451705142,0.41511637833570825,0.19545720600195762,0.21426612331744185,0.3918874665812073,0.2035893845119725,0.15686715979020557,0.11963204146894468,0.13162138068583662,0.3891853177746454,0.3271041766526717,0.6686106010525691,0.3714580348155081,0.3936384773229501,0.24243334349977325,0.6217961719926348,0.2570663694637349,0.0,0.38611709983730524,0.282519868884507,0.0,0.28133301315510095,0.23574872214916343,0.3380817287695811,0.27965879913124697,0.3016747143301795,0.0,0.0629888043296972,0.3432721177500184,0.2635288794007631,0.30412462634291987,0.22042400766630926,0.4769797076288704,0.0,0.0,0.30066528885644817,0.2886697208541644,0.4523665416418904,0.014868319572147654,0.25541447552987634,0.0,0.46546601153537676,0.49896994485313984,0.2225561441564041,0.2279930770928799,0.1823864260923973,0.0,0.45114201499754136
0.1278682179868631,0.23437952537206463,0.015282099302825314,0.5429334642881707,0.023933125687400775,0.0,0.11920449796483978,0.12107544944329635,0.08617286060526055,0.31648086380014173,0.08723226101551018,0.347795706184644,0.10233843726253783,0.15045406934355854,0.243796280264925,0.3688708158520587,0.5287648772774926,0.2497722154169228,0.1749362660616669,0.07914243216894964,0.19718249049977427,0.16051339936478853,0.016032109136265127,0.2927363911740317,0.33000523771408996,0.31610447005562403,0.025071202410596682,0.13150323769100966,0.1687297263921106,0.1471550488129854,0.1882954119823304,0.14286834649077682,0.1809314651943783,0.20644425795381344,0.28824822956391555,0.3946415322223039,0.30916525351100443,0.43789788015011066,0.3168186849371418,0.13904268487156216,0.26940125366910794,0.3294296135931374,0.3459661556331792,0.3185020206500052,0.21070209313587018,0.5076943415272279,0.33820267798961756,0.2404438496682897,0.5501414650678429,0.19682528887851533,0.2690097791020517,0.24098808034493086,0.3033917076596317,0.2750732932607861,0.6018425570077108,0.1799795205840131,0.3480172584151804,0.24346531431762208,0.2939113601299175,0.20934975657614563,0.31577582853461306,0.0,0.18803284507944898,0.23618512580642645,0.20725971306088545,0.19153112031115788,0.2525086943631941,0.20165293822458358,0.5745079794546223,0.24436360501065907,0.27231613551303513,0.20586086374818247,0.19394343932281766,0.228766547387357,0.15373531403950375,0.25279387170874285
0.43912646695116664,0.2683180041360188,0.2091256961286505,0.23932872715939035,0.1523087192577749,0.11920449796483978,0.0,0.22101628199423995,0.20312196528176946,0.21437885441920018,0.16751417113436923,0.07554812325084173,0.25552189560231525,0.1788146764689465,0.5277988748056316,0.3501427718497607,0.12152728009816494,0.26515333228166477,0.16660045143295932,0.23966081895931615,0.18433762928521916,0.2855868494028646,0.16528757531725696,0.12053676304505581,0.31744672661930384,0.27744671357652395,0.0887569649699751,0.25689315132973606,0.14744002580834015,0.23445860055595805,0.24874948595607888,0.11333432616275504,0.4819526886384131,0.054031553010145505,0.0231284602775359,0.20664123724502997,0.23588974931233853,0.5015943155070961,0.3203244910214015,0.40035003554515713,0.43297807255052384,0.45993757990663103,0.17885599353155646,0.7323775252138215,0.33375894151172014,0.0,0.5300516041846328,0.22058100949591597,0.0,0.28284470482082547,0.28793524475886334,0.2798268558738414,0.26090578118995056,0.5487440635836583,0.5603684815687192,0.11829027393092478,0.4181752766869212,0.2035066973033954,0.31850805143671856,0.2982246792425193,0.5657969660542288,0.0,0.5201473702177042,0.4664280524272665,0.5232589441639818,0.47839282667732386,0.34992900289435025,0.2361161024096517,0.4654348687005657,0.5341213159316378,0.4895701805000393,0.20694191761077851,0.23586446605838707,0.18710458631278276,0.7100702193149586,0.23861236728633475
0.055445099042308155,0.2674401630269566,0.2821003677924306,0.37939053089353303,0.29589942040824607,0.12107544944329635,0.22101628199423995,0.0,0.31373534456638685,0.195823579029763,0.3070630142334416,0.2405180107306541,0.2647736111233787,0.4861669523178488,0.28313446564469885,0.28265345007824705,0.44731286962983413,0.20910859894108658,0.3090059529847637,0.2803064233755904,0.11086178699995314,0.2391532807233465,0.18867198939901675,-0.039719129368250006,0.09730185998338384,0.12992445370522565,0.047404346845685286,0.20227279062195364,0.1848661652038725,0.18551835186805227,0.28235249398877454,0.43854297194217257,0.2017578304172426,0.30361868728310526,0.2510712708686331,0.32068164519454234,0.49875325540533216,0.5563530552794393,0.37459907011354215,0.25070936429807233,0.26484006055022,0.3189985395113403,0.22529557570998943,0.4705323048679926,0.0,0.5319911176653167,0.34862438229353265,0.2984467491126893,0.0,0.3109897924506412,0.3655466182526459,0.31096112423901223,0.42377001688459087,0.2482241210666943,0.8170717059262571,0.2512815907943799,0.9061431957195933,0.28694402765057325,0.19994684716051664,0.5846009677697386,0.37983657771932405,0.0,0.6377914068072863,0.3933162323000524,0.6108069944761082,0.47907836566240714,0.4353640187370714,0.33831516715431764,0.0,0.4179895464552526,-0.017794099914533235,0.25419085750820125,0.2694826897627811,0.305731485101553,0.19300992765445218,0.29158194347062083
0.38745286741041596,0.15556659402119327,0.2045400383989017,0.24953093752042702,0.04000118644976819,0.08617286060526055,0.20312196528176946,0.31373534456638685,0.0,0.22560915483239813,0.1171110461630587,0.19131436512034888,0.23077079275064616,0.17551845278572858,0.2472505428891142,0.3208062583482908,0.3975256247010883,0.1270603685736093,0.17772869139129735,0.17187726057956854,0.09581142253390196,0.16940521939722522,0.10762453236521868,0.16927700660834813,0.13931484745155404,0.20992103649581526,0.06323955203999188,0.2798403048942546,0.1487406202133936,0.32232919288957185,0.2750019197763938,0.2930567868437598,0.10149692235672098,0.27701851329389543,0.22520563771184157,0.11911391687287831,0.2705712721476855,0.2421697304445487,0.33235551306871747,0.0827915499254569,0.23948006708656255,0.23889166575419238,0.27291289204020713,0.6015281692376429,0.25953837972886346,0.0,0.4402411658182275,0.33879938471886245,0.4647077403279204,0.31154152708145655,0.31950337024407083,0.32473087453931865,0.34873292527597405,0.3037238582824916,0.2079066063383545,0.08966337389175666,0.45192037407821883,0.1887164945004331,0.25640830187456476,0.050959176163501485,0.6006884512032926,0.0,0.0,0.3126748805725262,0.15474631354435608,0.3616129692995217,0.12820817043464972,0.30258264922792766,0.3139218884202758,0.5073239754415142,0.12169308978689389,0.2952430109743041,0.20341252999684672,0.1915990861381474,0.4632704227186033,0.24915666430452582
0.07327319824720036,0.13892244356806685,0.21494490280794,0.38471666732162063,0.30781999955751993,0.31648086380014173,0.21437885441920018,0.195823579029763,0.22560915483239813,0.0,0.19110590670734975,0.28076049426002064,0.24092694498053963,0.6459416022697708,0.14965930993078186,0.1563612630818455,0.2821759940241268,0.12107780196461132,0.14802020408153843,0.4177729685412692,0.16964193749308404,0.25721195755019444,0.14555564465214205,0.0903445415991084,0.4329352458265898,0.25785258465261457,0.18404065469323255,0.36602445962736146,0.4200178112857972,0.37063769490535986,0.2802227068152614,0.24080962261801536,0.33328644511950345,0.24683132677419045,0.5273494544825963,0.5390475944703262,0.4465880263020392,0.2272485301962081,0.43408891512577374,0.2868400593090106,0.22079907601532395,0.47820697303072013,0.3408590419662918,0.3392499599769607,0.23229071175067098,0.1790950392578235,0.33713130280556,0.16101084708632996,0.483977841852842,0.40289149083091197,0.44319368295885053,0.43322544971031723,0.555592822868592,0.23112752036735487,0.2347578017223413,0.39970381248805953,0.2714537753292074,0.2524517896322981,0.0,0.8712408991438176,0.3686039374649245,0.28002976720015904,0.2733740328167246,0.46363828086751246,0.44977140879162414,0.5381723510466004,0.26441940528189045,0.4891408877142816,0.11046686603105471,0.3266533295130755,0.25821394898343275,0.48174708016076534,0.3827010221746573,0.12637371347453996,0.0,0.3122906625091761
0.40772358872441605,0.0382104066707635,0.11341536397723212,0.16728532224115,0.05377538954697195,0.08723226101551018,0.16751417113436923,0.3070630142334416,0.1171110461630587,0.19110590670734975,0.0,0.10599471544272887,0.15617728450762008,0.3792630361886452,0.0,0.4899660241226025,0.5160883243585828,0.5143922600007891,0.011960116184986547,0.47679055723559893,0.5991200845288621,0.366644471202191,0.289363532258071,0.09848908191429151,0.148317027246754,0.10906402085307848,0.0920178415760291,0.17363146224780251,0.4114863688172969,0.49653131000970796,0.1612339792233756,0.33806728341653947,0.4614561575120728,0.2106768150289851,0.20263485871533565,0.2224702034768093,0.35812683942502055,0.17174720148671951,0.3402784456758414,0.44256001660954025,0.43077024384831214,0.4132972131960584,0.17750259067695118,0.5571840326979672,0.1924849096085899,0.0,0.0,0.2852715860133591,0.46472380140721103,0.11815753110888716,0.3277993110782963,0.09986641319162515,0.30819673323004265,0.40335714599368877,0.46650620716386626,0.08137217602500016,0.3738186370292298,0.14928501748596845,0.07333505058467626,0.0,0.0,0.0,0.0,0.1628083943091999,0.3727724697447572,0.0,0.6989351727430025,0.27152036932711904,0.0,0.0,0.932320531315983,0.31779696808809055,0.16197535306290578,0.35604567817631994,0.0,0.27401311704974063
0.04104543319563164,0.15832373345278622,0.5304932470531938,0.3807523799123382,0.1875422325876936,0.347795706184644,0.07554812325084173,0.2405180107306541,0.19131436512034888,0.28076049426002064,0.10599471544272887,0.0,0.1359821892358789,0.5615887002873298,0.35169920994349047,0.2718103165249433,0.3683021994682345,0.3479897470817399,0.4976678244397472,0.445721106288665,0.13738963158170914,0.42820278971257575,0.09486015943081705,0.15117812085602547,0.32719946038867953,0.2758094056116639,0.20113522570098918,0.27088806270396015,0.47854184590896065,0.2856657137011689,0.1601074431990312,0.3231738213355857,0.36399356394536636,0.2429838246146458,0.3620480640169166,0.3074452679767476,0.2986573809413175,0.1222859427015737,0.7458457862520187,0.3113272775611658,0.25693107096649687,0.4951416772549483,0.38497376228945596,0.3737754459570196,0.33729772677522446,0.23270240971094774,0.27072862739656534,0.26537867138814164,0.18111223110282165,0.24059781642049233,0.33283540335079126,0.4688544075233485,0.2368795970782978,0.4042263125284943,0.21754474852172728,0.2657735497469528,0.06522350083983897,0.23354560730846805,0.675258366551797,0.6290281214127884,0.1673950995523499,0.21266982826471187,0.2918635391283406,0.3600563391662403,0.7221703659222003,0.7047622931915347,0.4148795890925495,0.45752946976294245,0.13891766384467702,0.2896459953278935,0.234486053057677,0.31727790895016883,0.48131592671595236,0.1345003806265142,0.0,0.3417687995637949
0.5292205960455565,0.2767634548517138,0.23721553943984308,0.20770272431820558,0.23713117982236423,0.10233843726253783,0.25552189560231525,0.2647736111233787,0.23077079275064616,0.24092694498053963,0.15617728450762008,0.1359821892358789,0.0,0.1621932666047589,0.47279123193987066,0.35137050374595546,0.13208137850056725,0.2985949125254026,0.19832236765239364,0.22661848369159426,0.2172270965926292,0.28847036166704376,0.20579245553576872,0.07057073322291818,0.3371026435914034,0.2409039218420489,0.16994701672199874,0.14068296150202422,0.14474878398766125,0.04494731006116026,0.17064251303495123,0.18256664241401216,0.16918006245682088,0.1568830780696116,0.152723416177945,0.25592020983197683,0.37478067812138227,0.3345011759799506,0.44937410430312097,0.4331889911775182,0.39533316506732163,0.39535632996560266,0.33866296846114696,0.3466951286317423,0.39557799182105213,0.5635793830966647,0.5739840972712905,0.28462563083761133,0.0,0.3261179215301836,0.2788653089828137,0.29035880333822167,0.25733466741764954,0.3279792621725292,0.2914162161524392,0.11810223585033969,0.4201096102995629,0.2790342436667226,0.398394359040534,0.4307193660513213,0.48038658263851564,0.38871086790896936,0.488748483057852,0.519930195271927,0.24696402631383038,0.5233238173270666,0.35193852916622187,0.26841441677259553,0.45110682095213334,0.4513911050546655,0.33550434016275255,0.2726453819893371,0.29909183822171775,0.2389984409372662,0.4780452630535355,0.29275041058085216
0.48366876487901783,0.5415904254017255,0.3017654745886298,0.3397491378906763,0.18094141902894798,0.15045406934355854,0.1788146764689465,0.4861669523178488,0.17551845278572858,0.6459416022697708,0.3792630361886452,0.5615887002873298,0.1621932666047589,0.0,0.5167324379351362,0.570117215277796,0.46565801174804317,0.4533505257000481,0.18219565789467124,0.3572424532277418,0.2141141558577086,0.27827990477154874,0.35001595651316497,0.5984562506405267,0.4827279326912409,0.49737246359658993,0.18097746357974576,0.29138215286784963,0.36095804881702087,0.807491092729259,0.044011009919691424,0.2929369378772939,0.2286326159904744,0.61668271070986,0.39877363981344777,0.1378910242902478,0.20131141182008272,0.39090793932794643,0.6683888493292937,0.0,0.6758482305135965,0.7880078815922127,0.2158277580513846,0.46588546304645206,0.0,0.0,0.0,0.161528778932713,0.0,0.05620071901574719,0.044959624468318304,0.055793575750915536,0.2138839394921318,0.04957113792008325,0.0,0.14921446824518392,0.37842968083197914,0.22396913195994939,-0.01989479644345271,0.0,0.0,0.0,0.0,0.06542767389429985,0.0,0.0,0.0,0.2599356847480482,0.0,0.0,0.0,0.17349717156554523,0.7295968043469433,0.0,0.0,0.0
-0.0007961212771366299,0.20488218203555364,0.08101635422803466,0.5790704636578798,0.48693238520887755,0.243796280264925,0.5277988748056316,0.28313446564469885,0.2472505428891142,0.14965930993078186,0.0,0.35169920994349047,0.47279123193987066,0.5167324379351362,0.0,0.23840151102535176,0.05481167317022806,0.150665576922273,0.0,0.3233170165471696,0.18538963888341892,0.15697309938386217,0.029251971843139102,0.38248606832256216,0.17302860275378112,0.12231193396649556,0.18872529258960363,0.11640355276484832,0.06695705725448564,0.4486318603286279,0.1848007765493911,0.07096659198326102,0.0926013986168866,0.11657783520660198,0.23283457129083523,0.45830295853100067,0.19734219036109915,0.351173001617083,0.13483322149976154,0.1634645092736843,0.1740847924932479,0.3034601659769404,0.4811772716932529,0.5959311823366501,0.0,0.5695054577502803,0.2004776588906203,0.3951497409028234,0.0,0.0,0.1683239339176894,0.6431299724302056,0.6272277309987936,0.49873433276044493,0.0,0.0,0.602707643589498,0.5260495394226864,0.4651406467453025,0.3177529689475943,0.25621193770798006,0.5767855885680678,0.6389447957464538,0.0,0.5018973726776124,0.37164209211154847,0.45385186921949117,0.3126439753707435,0.45071421067345074,0.15500282345550298,0.18512536850840308,0.2178581075202185,0.08610587932425257,0.14705056413400186,0.10788350987403952,0.2937668459752675
0.3014130258982371,0.34735133388831313,0.2219123643686841,0.05989037361481755,0.40499014165360697,0.3688708158520587,0.3501427718497607,0.28265345007824705,0.3208062583482908,0.1563612630818455,0.4899660241226025,0.2718103165249433,0.35137050374595546,0.570117215277796,0.23840151102535176,0.0,0.24266560609516585,0.5677888069847515,0.47705667596205614,0.2541448376496667,0.3172770602876012,0.2413749512941506,0.24589181425078388,0.23407461619508912,0.40902775623546206,0.2106712534283426,0.3353211530706793,0.2976685999831745,0.2076142460912073,0.2970918744535242,0.24068109272412008,0.10140504065951103,0.00800098513447664,0.038818615580436505,0.3782998164511461,0.39055993489069957,0.18624714981051976,0.5679305977883664,0.348577754925289,0.31748601893917905,0.29778590864087856,0.36443607133909456,0.4657501111431368,0.0,0.0,0.20162630049307922,0.4507433293311934,0.0,0.0,0.0,0.25462260010661486,0.11424608273640471,0.8425397634806107,0.0,0.3468045779258595,0.0,0.13536538055102249,0.25320088775859395,0.0,0.3295100682082877,0.4514125695151025,0.26810958675928126,0.39353273871293193,0.0,0.2715800337272345,0.4313339276596954,0.3762468306409205,0.17527350535669098,0.4015647815277413,0.5015597171669293,0.40199173404400523,0.22954613224485598,0.13676834971707225,0.23510773510095873,0.0,0.2336735394960215
0.11042000448888142,0.5948819001883106,0.6219932146208884,0.5489862685011848,0.5033452582638215,0.5287648772774926,0.12152728009816494,0.44731286962983413,0.3975256247010883,0.2821759940241268,0.5160883243585828,0.3683021994682345,0.13208137850056725,0.46565801174804317,0.05481167317022806,0.24266560609516585,0.0,0.3146400575564026,0.6026855179999405,0.2821093214591983,0.5163196444109158,0.29733690919462585,0.4704623765955793,0.2827594003886777,0.3964051116248379,0.18580287501713294,0.6038988221482844,0.4100510299637525,0.11979251826674739,0.5131601047551336,0.14451726410396676,0.1697430885426182,0.24933923510158124,0.11174420719890821,0.24564227273256262,0.5690033469713545,0.24811104130916903,0.15741017904872384,0.3358969327027812,0.33851773338618996,0.18220028412043496,0.5379324801327803,0.0,0.0,0.4303451829126392,0.5932978666412676,0.3182991436136124,0.0,0.0,0.0,0.0,0.0,0.0,0.0,0.2507021836877065,0.0,0.19406375536966763,0.31405449259443274,0.0,0.7090411547111948,0.2577123953848218,0.27478861980602715,0.28681452932525653,0.0,0.0,0.0,0.31259337784354274,0.0,0.17608590919555242,0.4335701584729911,0.35068972655710173,0.0,0.28332900849850173,0.46438556790170665,0.0,0.34381584500751416
0.19991601623396332,0.23103605669194627,0.5336452385189532,0.4658402309480703,0.07659593225376982,0.2497722154169228,0.26515333228166477,0.20910859894108658,0.1270603685736093,0.12107780196461132,0.5143922600007891,0.3479897470817399,0.2985949125254026,0.4533505257000481,0.150665576922273,0.5677888069847515,0.3146400575564026,0.0,0.4736993935965006,0.25190351830945923,0.2385944216568111,0.19588576528645404,0.17690193185039743,0.28392544403829223,0.35523020948936573,0.18859514175144365,0.25214568587739233,0.2881512537261576,0.1351386590992723,0.6121444183484313,0.05977151290735716,-0.02007287638469074,0.13745433463174372,0.06267405630648648,0.04893652104909876,0.6009105422946486,0.2533661593492626,0.4199574842958159,0.3642434978691257,0.41634604683268644,0.31993733581107453,0.31559833639148716,0.0,0.0,0.5101084074283466,0.2631529970136246,0.45592541840267875,0.0,0.0,0.0,0.19994418635571504,0.5482973815371821,0.865266053702082,0.0,0.40243009455531586,0.0,0.28840372090304656,0.2198076579378819,0.0,0.275671636449159,0.4450801658586272,0.41167614716445633,0.36532847531435,0.0,0.21220179134313477,0.5563792765962691,0.33075724011753393,0.7010343878912905,0.20518067079604477,0.43677196376753447,0.37762282849642215,0.17858236140186057,0.296690734575608,0.1934188043791738,0.0,0.44425222855141555
0.0,0.5670316594303121,0.13283251606152333,0.5154415688476266,0.013810983585937076,0.1749362660616669,0.16660045143295932,0.3090059529847637,0.17772869139129735,0.14802020408153843,0.011960116184986547,0.4976678244397472,0.19832236765239364,0.18219565789467124,0.0,0.47705667596205614,0.6026855179999405,0.4736993935965006,0.0,0.4994531179502743,0.40280935502653076,0.6121020118916685,0.15461820557728698,0.45006875828508003,0.47199268318551624,0.4519978103961916,0.13797400348451033,0.26037260376584365,0.5105844091435743,0.5663522324238607,0.22917585782583177,0.27555059077283167,0.4559845006584848,0.23883920805614697,0.1674571488101916,0.1284597473263469,0.15925629923700974,0.4908714516838609,0.39654467763169765,0.38026510649252776,0.3172073779546477,0.23739540420165658,0.32576446114405205,0.32341578248324443,0.40551575640879134,0.0,0.0,0.4806481918464017,0.0,0.18028258440738412,0.26619213703437616,0.18983019232295112,0.3463169353953107,0.3553187402397684,0.9125211397347027,0.015238056929918975,0.484008894461985,0.18059702410757783,0.13778428058345693,0.0,0.0,0.0,0.0,0.5423996520115446,0.46572525534448017,0.0,0.4531476704429395,0.34211217779667313,0.0,0.0,0.0,0.3225521256298291,0.29392088848379255,0.4326414319760301,0.4703444939864917,0.4604563611798763
0.43788634024061657,0.1694273317133953,0.2415628986968002,0.3153572801673676,0.2588266343170616,0.07914243216894964,0.23966081895931615,0.2803064233755904,0.17187726057956854,0.4177729685412692,0.47679055723559893,0.445721106288665,0.22661848369159426,0.3572424532277418,0.3233170165471696,0.2541448376496667,0.2821093214591983,0.25190351830945923,0.4994531179502743,0.0,0.16424209444664417,0.05686814166639065,0.35724262813589536,0.46065179401369105,0.3032777075067741,0.09991408735224527,0.2643004007508687,0.2463652440597746,0.16971139995935752,0.4072077107705705,0.3067488283975684,0.19568181437112828,0.17888184114284947,0.22867664296682425,0.4226312910965601,0.6290510487823973,0.4386925437169318,0.7266076401357315,0.14431844096265894,0.17594620602770822,0.25715096492449485,0.25296043168863425,0.45465773807639986,0.2221128045271046,0.2032796512287509,0.4710633234435996,0.36791488594668365,0.45709669062624164,0.0,0.0,0.14277430362501103,0.3120820678895466,0.5618216647242135,0.0890884656283367,0.9002931528331888,0.0,0.5568946509498178,0.27730660330728696,0.0,0.225076555328138,0.22018364875464597,0.4659942989504775,0.5282507023955132,0.0,0.1638419108904349,0.2097131116616867,0.20719627842512806,0.18849100193201596,0.0,0.22919390789200028,0.1996902139229414,0.18105483187611388,0.20405956231921563,0.21069224480328336,0.18528713713078776,0.22524086756451486
0.031119005714393994,0.23462432374479916,0.04503127786894573,0.37896632723706036,0.49642504696199846,0.19718249049977427,0.18433762928521916,0.11086178699995314,0.09581142253390196,0.16964193749308404,0.5991200845288621,0.13738963158170914,0.2172270965926292,0.2141141558577086,0.18538963888341892,0.3172770602876012,0.5163196444109158,0.2385944216568111,0.40280935502653076,0.16424209444664417,0.0,0.17243092555790518,0.12598153612238133,0.014630820613105222,0.15310390007874203,0.19026800842093342,0.21864529637628272,0.11566893240983822,0.13731587232000297,0.04804134735008583,0.2249765054621684,0.09540495892549666,0.14989536042178808,0.1651227396198816,0.43694043251058673,0.7520438848859455,0.3174486988609827,0.545475259985001,0.2619264426653671,0.23008116305474974,0.19599220786949462,0.34358013186727043,0.5501231661583543,0.0,0.0,0.254563797084173,0.22327476499200016,0.5968483854814983,0.0,0.0,0.23884748376517365,0.4227867161469284,0.6166368278564021,0.518738389960676,0.3187170146043027,0.0,0.7337981311363095,0.2696840934238615,0.0,0.23657249390087848,0.2628440083235668,0.0,0.14899395751569197,0.0,0.27115243390921423,0.6424625308984944,0.2641787374593427,0.20615022381814088,0.7894221359405822,0.20185390034137873,0.3519196186998963,0.20306721316634047,0.22867668677636166,0.3033525753017179,0.3968993427130103,0.22441042369338943
0.27361815043235715,0.3075518331784398,0.217363535218301,0.5363285916911414,0.2735102425687065,0.16051339936478853,0.2855868494028646,0.2391532807233465,0.16940521939722522,0.25721195755019444,0.366644471202191,0.42820278971257575,0.28847036166704376,0.27827990477154874,0.15697309938386217,0.2413749512941506,0.29733690919462585,0.19588576528645404,0.6121020118916685,0.05686814166639065,0.17243092555790518,0.0,0.18974526671612718,0.3356146475183232,0.3932890386445723,0.21009298794651088,0.10568980548161186,0.37851713832560463,0.15391154157578602,0.47651356113603854,0.21422309240335408,0.19129849256184983,0.23917374119501017,0.17534192826715606,0.32872614361565994,0.4628673147004688,0.5402589011321501,0.4907259556900436,0.19986350723854798,0.15387396458651467,0.20404446445914343,0.27581239113171513,0.5049800555491012,0.35584045390505054,0.23635275091170635,0.40571802815891667,0.35885204212512317,0.47328480289562636,0.46546585733310153,0.2411615452260185,0.2731839777116287,0.28053825543005284,0.5886547443808976,0.5719516751612485,0.37451863548130593,0.0,0.514971273432407,0.20507425755794156,0.0,0.29073603170784745,0.33869952238861895,0.3948207769811732,0.20765289441205584,0.0,0.22627061978937915,0.29015592979063337,0.23330441447858896,0.1711496495294898,0.7175379488326501,0.2041851843409197,0.25515732622695,0.20517288032654923,0.1909120103560295,0.24418868067388338,0.5267124776649516,0.22986823586722774
0.07339194313616976,0.2454245165794623,0.08505644612748775,0.5974401085265547,0.046054436460765735,0.016032109136265127,0.16528757531725696,0.18867198939901675,0.10762453236521868,0.14555564465214205,0.289363532258071,0.09486015943081705,0.20579245553576872,0.35001595651316497,0.029251971843139102,0.24589181425078388,0.4704623765955793,0.17690193185039743,0.15461820557728698,0.35724262813589536,0.12598153612238133,0.18974526671612718,0.0,0.03768889920814372,0.14129598811855287,0.12615926472305297,-0.007745904236056089,0.12939034053099482,0.13250745613098608,0.16094142423383145,0.21297736917534618,0.18875955737203287,0.178431503210285,0.20621771050915932,0.34795093022139945,0.5338992051975534,0.35268823433877655,0.31618095634454846,0.26232299842076645,0.23543489900479195,0.27950693310189667,0.2570337175159294,0.3866953320247112,0.3359423236687037,0.5373400119537547,0.48403734987658864,0.26577023680609585,0.4331667937225041,0.4360841736833999,0.3069366676344409,0.278597108193154,0.24492379082918597,0.37619707120432305,0.346141308354469,0.518893097042565,0.42414726283238413,0.08027870917417884,0.2267801418448565,0.3012374665502613,0.25753996651866523,0.25506072793107876,0.4497714087916243,0.10645950765424417,0.5097507150378111,0.20406620752701332,0.3146522119340159,0.1830039130208056,0.46164180432004553,0.22012810378175077,0.18899100838383442,0.16880748346942465,0.18617705108624003,0.19427129473208957,0.22894795026900197,0.25115637275982583,0.27555394565901137
0.12498051006361938,0.20256624188569772,0.3825167369274973,0.21680493700094766,0.012700701597121666,0.2927363911740317,0.12053676304505581,-0.039719129368250006,0.16927700660834813,0.0903445415991084,0.09848908191429151,0.15117812085602547,0.07057073322291818,0.5984562506405267,0.38248606832256216,0.23407461619508912,0.2827594003886777,0.28392544403829223,0.45006875828508003,0.46065179401369105,0.014630820613105222,0.3356146475183232,0.03768889920814372,0.0,0.3176830316619854,0.1611692767141393,0.02086748101935959,0.23650233175517,0.4782492013300267,0.7958724687620344,0.11964779764553801,0.42686726144842263,0.08854530550278122,0.10823174593943613,0.4184393445541016,0.14587960865002456,0.32580471882349055,0.1835779853146518,0.5333542328619013,0.46342438796354135,0.3044020236588969,0.5911319959226955,0.5569803961611638,0.3646806908067901,0.36397606281097494,0.12373611360546316,0.30384196727030605,0.0,0.0,0.4666360892349931,0.5673147895876443,0.29588484854450414,0.0,0.020663246583318143,0.2628923078514779,0.5396932875181757,0.23554314364603676,0.3997873015345163,0.0,0.21590664816467808,0.1786996836969819,0.1587927813625079,0.08527809580540086,0.4710325541268024,0.3166457396245228,0.41489533045364235,-0.056249826740677494,0.8068852686198394,0.14810967045884268,0.18477293613283116,0.19390963790983273,0.4964017480150137,0.5863079731086226,0.1253135774437636,0.0,0.34814356573176053
0.1192618629665691,0.27068676482346427,0.18080176695200817,0.8281560755013658,0.306963311011888,0.33000523771408996,0.31744672661930384,0.09730185998338384,0.13931484745155404,0.4329352458265898,0.148317027246754,0.32719946038867953,0.3371026435914034,0.4827279326912409,0.17302860275378112,0.40902775623546206,0.3964051116248379,0.35523020948936573,0.47199268318551624,0.3032777075067741,0.15310390007874203,0.3932890386445723,0.14129598811855287,0.3176830316619854,0.0,0.1268474045794631,0.2761492101631017,0.2938634369412973,0.17859976452608667,0.4051762226240726,0.13936402649003884,0.008343035551672234,0.1678025788183617,0.09455638703823993,0.0094952808121328,0.48602300983217994,0.5500509013214978,0.3056489994298784,0.32492994650003215,0.41178244485337623,0.30993156001768474,0.3306618702034929,0.11091378246402728,0.0,0.37240595220584977,0.24638333228620357,0.4511221783054499,0.0,0.0,0.0,0.20491934414466134,0.06637567220826313,0.6226930521702359,0.385726955281037,0.3087174571863604,0.4759588290215152,0.29595518200116333,0.09923817739207091,0.0,0.2378005625527242,0.4410207590615913,0.32549906683755403,0.34473711643650523,0.0,0.3344181214437273,0.39749246804711585,0.3536549427857094,0.16854620677447407,0.21656394199214724,0.4308204098571077,0.28353057791860836,0.1531841253736057,0.2705283124110466,0.1484805942430799,0.0,0.3370752967937891
0.18270647329997683,0.18471098854491913,0.048593392094807175,0.564088015576456,0.19254703100394258,0.31610447005562403,0.27744671357652395,0.12992445370522565,0.20992103649581526,0.25785258465261457,0.10906402085307848,0.2758094056116639,0.2409039218420489,0.49737246359658993,0.12231193396649556,0.2106712534283426,0.18580287501713294,0.18859514175144365,0.4519978103961916,0.09991408735224527,0.19026800842093342,0.21009298794651088,0.12615926472305297,0.1611692767141393,0.1268474045794631,0.0,0.2604144060352963,0.2645536457711426,0.2501476682825994,0.35417142274180424,0.10287075905924681,0.14020951447730837,0.07174232114912066,0.0442642648440828,0.17345513757974612,0.4841746679606844,0.4657063928841043,0.14844497803877843,0.1543291496833918,0.21326681467271447,0.16372735510433,0.11082740564356885,0.21713366323616293,0.5248379508947965,0.4341517610529807,0.09343333915104685,0.35429574094570804,0.5940520394637294,0.0,-0.0008239145596547369,0.18713591779431915,0.10896007085845733,0.5429667233143467,0.026448498763778444,0.19341455868043889,0.0,0.23219023986208417,0.17914315683319573,0.0,0.268908659340053,0.31536974025413334,0.20020484091552426,0.17873114354782282,0.0,0.25753528021447347,0.4263338993688117,0.358646079806604,0.07333457584994452,0.14783006531883908,0.26274639022587176,0.1859583272288996,0.14763099884799635,0.16660686743367953,0.18226631473260818,0.47573288879753917,0.16717920830531557
0.18493936580809706,0.21164874977195952,0.046526275195645395,0.34614193261676024,0.02306528157075266,0.025071202410596682,0.0887569649699751,0.047404346845685286,0.06323955203999188,0.18404065469323255,0.0920178415760291,0.20113522570098918,0.16994701672199874,0.18097746357974576,0.18872529258960363,0.3353211530706793,0.6038988221482844,0.25214568587739233,0.13797400348451033,0.2643004007508687,0.21864529637628272,0.10568980548161186,-0.007745904236056089,0.02086748101935959,0.2761492101631017,0.2604144060352963,0.0,0.1274911546989829,0.12402700486905985,0.17289670118884765,0.24229653618445618,0.22910299192135739,0.2027763582038289,0.25489622336033885,0.37478014750184246,0.5370781442287863,0.35934929334281573,0.4535125725965795,0.2485282591256437,0.17197855076809712,0.27162758452382463,0.2506643800483066,0.3219501207680988,0.3683890730222625,0.37608746848374286,0.3830822609141679,0.19273175145970614,0.23619548158094467,0.5219847926266823,0.25056899393754506,0.2526192180827748,0.20571087849276867,0.20810492946858256,0.25812729434848886,0.6207593313966793,0.24395974168847578,0.003092579097974113,0.24252811788115575,0.5360399289047098,0.19271827386052476,0.22265994647442916,0.0,0.47127617504112906,0.3411936345845647,0.18532357296319815,0.34051122069337864,0.17362285588873252,0.17724620811531944,0.0,0.2580336695805548,0.16509012648854898,0.19765138890711892,0.19902527314653073,0.20040202169343896,0.11309107181093353,0.2791367315791794
0.4938369101201654,0.23517135053669166,0.25681865179578756,0.22691503931601342,0.3052517646482402,0.13150323769100966,0.25689315132973606,0.20227279062195364,0.2798403048942546,0.36602445962736146,0.17363146224780251,0.27088806270396015,0.14068296150202422,0.29138215286784963,0.11640355276484832,0.2976685999831745,0.4100510299637525,0.2881512537261576,0.26037260376584365,0.2463652440597746,0.11566893240983822,0.37851713832560463,0.12939034053099482,0.23650233175517,0.2938634369412973,0.2645536457711426,0.1274911546989829,0.0,0.10326467916311238,0.2062753627449035,0.25650359306514836,0.2075483058303641,0.13651022119985362,0.12894135562288805,0.39702156768380026,0.14417904888693378,0.27214400389836213,0.34216762095124653,0.3391563984984348,0.32904119759970424,0.5276487552042135,0.23078286801374867,0.5145120149588158,0.2985897577371754,0.6155913866815608,0.5562153870788396,0.5088683641788728,0.2763721939157871,0.0,0.3305714416327387,0.28533099120337363,0.2914805870016868,0.24773289105730908,0.263848238062358,0.5545486207569317,0.09131360539882971,0.07265078896204041,0.25509943017999137,0.3521353477113113,0.18764425104234767,0.3871692494025613,0.17983534132527407,0.4774287868575792,0.5820976030468318,0.22753941965167157,0.5476459591817484,0.26953673062733263,0.24803617568477074,0.5209497471618135,0.4571170126122968,0.3776049393459453,0.23043143519745518,0.25781247416034164,0.20893283365880155,0.4615065410482633,0.2836570816443853
0.4490149684440773,0.18815688370804845,0.23476169149903678,0.47475403438249647,0.16481089451705142,0.1687297263921106,0.14744002580834015,0.1848661652038725,0.1487406202133936,0.4200178112857972,0.4114863688172969,0.47854184590896065,0.14474878398766125,0.36095804881702087,0.06695705725448564,0.2076142460912073,0.11979251826674739,0.1351386590992723,0.5105844091435743,0.16971139995935752,0.13731587232000297,0.15391154157578602,0.13250745613098608,0.4782492013300267,0.17859976452608667,0.2501476682825994,0.12402700486905985,0.10326467916311238,0.0,0.2105253378816465,0.2237255259811493,0.1996553783596115,0.1812901698037718,0.21657651801714392,0.3068773650595248,0.5059032823481513,0.379336677336826,0.5817112789046124,0.20647578385895698,0.22132104247038023,0.22489344892800214,0.22189516425484188,0.12946887211970728,0.4435354427891691,0.5886254959072079,0.4142850716853867,0.3323930088224397,0.5046948870237904,0.4296789878626233,0.3960050135572277,0.2031533770621144,0.2279232213505461,0.3498960647062129,0.04122800477805166,0.6010303750602142,0.3808993966012128,0.5318411267402889,0.22379234542684,0.7384432832812631,0.18895484953210293,0.3537713073161927,0.4650421993437261,0.4685712581624495,0.4607208958315381,0.18082858551423187,0.2713867590948749,0.15984395545569208,0.22516455154754306,0.4630158095921366,0.4050618101585961,0.37715937984385284,0.1931806874785191,0.20065768290784153,0.19532255140140428,0.14477732573530006,0.22537981998180218
