0.0,0.02832099874646088,-0.0013499820133510143,0.0,0.0004434417379032274,0.05420027970597885,-0.0011065367918429714,0.021012481003813144,-8.740349041158613e-05,0.009819620138748042,-0.00017575136508718447,-0.003463190302837982,0.025455398924956907,0.020449881831070882,0.007207052617161647,0.01716368212693331,0.0019500584825234424,0.044126173322091844,0.0,0.0008399533741999532,-0.02048107649796771,0.010338715160112089,0.013490844356401022,-0.015100646956170471,0.03579580330054616,-0.008499543789342756,0.027036571000751686,0.02264055826607536,0.0435005106893499,0.0010656514662065186,0.00956913771470097,0.026587512211092568,0.061956246300723106,0.02522862546046417,0.01873523265112842,-5.758738767364102e-05,0.00045243177384196587,-0.004011530804139685,0.005181561089075415,0.003282000293282794,0.028735430009775742,0.0014835607450414123,3.3771814317296034e-06,0.0,-0.000349864200086869,-0.07250300731878545,0.001208524738251615,0.0,0.0,0.0,-0.0025501421911864885,1.1102230246251565e-16,-0.0010641988216339993,0.0,0.05821586161732123,0.0,0.00017426201932607688,0.00017525925779104945,0.0,0.0003332954440201097,0.013316900536190113,-0.0015825347761684871,0.06854143698417287,0.0,-0.0018772952742925342,-0.11347744547166128,0.011698332451777205,0.03619722927494101,-0.05854704393069099,0.05532486229056671,0.01822607794235037,0.06547730238567417,-0.0002545004577993448,-0.00013843584266581832,0.0,-0.002038625998285748
0.02832099874646088,0.0,0.001427012518181059,0.03769088516194652,0.018393003883338588,0.017814282950655125,0.034282740857969174,0.06984038974967982,0.02893883990492352,0.0301873785605693,-0.00021927739417459957,0.018572156874932633,0.03431522731132092,-0.00043027286868513315,-0.011376744087224555,0.029231177906716255,0.0005238023944295622,0.039984949653533386,0.0012868072642732709,0.009709452073285774,-0.004243123907120894,-0.004065604868702499,0.043123971485144574,-0.00012792303346514933,0.02714687381607689,-0.01727456452431042,0.021049147573531768,0.047950642301875956,0.025819265035718075,-0.0017104641571301094,-0.01568297139786179,0.005780761016206559,0.012856833468164908,-0.010277138438901767,0.005740747837484628,0.03225003815862654,-0.00026034969456334434,0.0,0.03290500884996461,0.05547237108703035,0.044239731347547995,0.03080823774381819,0.0005995277527508502,0.0,2.220446049250313e-16,0.011776730790105605,0.03197647044169527,6.033782303849211e-06,0.0,0.0,0.043456021091294816,0.029160363800658284,0.0005113694841006322,0.0002722358934831859,0.0010281864181159728,0.0,-0.0002933570154807774,0.044059175432764386,0.0,0.04117379646778169,0.03699895173760204,0.002461960252216122,0.043060808729252276,0.0,0.035265135585482055,0.04302446069538424,0.02549042005720109,0.05163416531531495,-0.0012179905459712703,0.047017213557283444,0.034555504169075824,0.04622175691398045,0.00028976192405977264,0.04035316395156052,-1.1102230246251565e-16,0.027890166827295726
-0.0013499820133510143,0.001427012518181059,0.0,0.03363930867817139,0.012952985069569933,0.027142066564142253,0.038699994044606056,0.05736416589231652,-0.010456138260998837,0.06462443045952282,-0.01891961686146848,0.06039716218186164,0.051162191250999356,0.030181066859095385,-0.0007178114093462917,-0.00033516934380628527,0.04695963124914543,-0.0015787125756728804,-0.05694609180527224,-0.0008680026773107974,-0.003758797445010731,0.0021009748129200423,-0.05466536711969461,-0.0014231473135630224,0.11081868592608318,-0.002793874573398636,-0.01248090323417067,0.04916029946735362,-0.0038520657584953932,0.001041799224188289,0.04405336085285577,0.04731249284686084,0.07814911401104119,0.057198684688731904,0.056409159891929905,0.0511257504707856,0.06174953745114847,0.07218637851245263,0.038371557298994996,-6.91661483642747e-08,-0.032653531107121936,0.060830331012548144,0.04460147279591331,0.0025332026776056504,0.0,0.0,-0.0003231535767178051,0.018440236856835823,7.585239765184326e-07,0.06836271368945579,0.055845325144527225,0.04008521961149791,0.025490908980757565,-0.009357013386381063,0.0003626807168556345,-0.016460731737129863,-0.001283970426828429,0.03926472811066917,-0.0151333693932727,-0.0003330308179989583,0.0,0.0,0.0,-0.028157207333547207,-0.000225741197926288,-0.0005514111779676423,-0.0005117960325418669,0.03472049763003748,0.0,0.0001398143566634369,-0.0011458744694613499,0.016245350423305993,0.04937369530243185,0.04590268708676065,0.0006783656782940461,0.06954166095007719
0.0,0.03769088516194652,0.03363930867817139,0.0,0.017973332573903267,0.03095377893317125,0.02210915830840282,-0.0021932145555439986,0.03463778963985081,0.06752688917577498,0.007588030163033832,0.02843924857691471,0.05217062853737725,0.035030434153511036,-5.9907848256712803e-05,1.9652517309787232e-05,-0.0011994633874609084,3.4540823041773194e-06,0.03581848980645824,0.021338423313742028,0.00037084080927246577,-0.0015267738513025098,0.019927349983234588,-0.00203266053034018,0.0005574581174627169,0.0019176611322284098,0.03639820018186568,-0.02199796542823107,-0.0018405434533783627,-0.00018802241565857303,-0.0035473734570620197,0.027038580229636178,0.283402967590657,0.18011986106106687,0.0909336551798256,0.024422834995293657,0.007238365490975535,-0.007138161065010917,-0.004253894695981808,-0.0003771285445508532,-0.00030721537456201986,-0.0018345682371445626,-0.0022121970422168125,0.03719779447178706,0.0,0.0,0.0,-0.0007018550048360495,0.0,0.0,0.00037969308407875824,2.220446049250313e-16,-7.90512729759163e-06,-0.00034092362088500305,5.551115123125783e-17,-0.0010012775475411462,-0.0009049088343905387,-0.00032611704248297624,0.0,0.0,0.0,0.0,0.0,0.0,0.0,0.0,-6.969944677248652e-06,0.03571806865995175,0.0,0.0,0.0,0.0009420559439635712,0.0016427944690108887,-0.00013802781441968337,0.0,0.0
0.0004434417379032274,0.018393003883338588,0.012952985069569933,0.017973332573903267,0.0,0.015959766732033254,0.012456705102003918,0.02938532538111638,-0.002814686605635719,0.06093307409246124,-0.000881112012779961,0.06174538425431836,0.03863580949968326,0.045558197558903,-0.0005172998439395005,0.029502017800829394,-0.0003533713381757009,-0.004837405145484586,0.005598390639689477,-0.004092830726596108,-0.0020593895669950846,0.023297526761620446,0.03631978325541346,-0.0005526195391150068,0.007830923883970609,-0.005812896993464822,0.02632153819679328,0.012339297468141663,0.05359357198390252,-0.00024229497486738527,0.04691960106071402,0.008590837904011106,0.04630061632874627,0.06931437690182163,0.08443104618532687,0.05340965200246031,0.0646355987131898,0.08470929079930484,0.07987322273165148,0.0007907609044515151,0.014297165449070448,0.0004790165427117077,0.055505767874025724,0.0021088052969603366,-0.00041813119023220713,1.1102230246251565e-16,-0.00018465315931120996,0.036722025551708226,0.0,0.07984996935184946,0.05142929805993279,0.05179751572729463,0.03193661603192688,0.042806198365592074,5.551115123125783e-17,0.047848947926357466,-0.00033833666529720086,0.06024264492354514,-0.0022634814706312123,-0.0002887958875230079,-2.365664894576902e-05,0.0,-5.551115123125783e-17,0.03360744645434055,-0.00017648390549684922,0.0001683853399236379,-0.00025781349405407106,0.0501654714903671,0.0,-2.2175502260024516e-06,0.0006347012440685584,0.04976108698301618,0.05880133684730421,-0.0026682615306879987,1.1102230246251565e-16,-0.001112335114388685
0.05420027970597885,0.017814282950655125,0.027142066564142253,0.03095377893317125,0.015959766732033254,0.0,0.026041658168121262,0.05236828215864969,0.02018524413746986,0.05529849586107366,0.029955511613069086,0.04527672725557319,0.03368741846463119,0.03782099101257319,0.04884575817721709,0.019950295694692366,0.058925666900290496,0.03733924445074954,0.021448995280328065,0.013947592232722072,0.047276543478398936,0.014843931073648842,0.03536793319864395,0.06649971440687641,0.015970925859038254,0.03556856637855077,0.030128616997851687,0.05657976485602256,0.045853427120921,0.02324281193245603,0.03313974265994868,0.035657063136201206,0.03428627241836074,0.0412987163740578,0.044094990950828306,0.045555789961396365,0.06345667930752957,0.076634549990023,0.04815710315852445,0.054206444139068444,0.03845933146476532,0.04948283913664142,0.07181334996144295,0.029140407866819873,0.08970157783931848,0.019866519230689383,0.025468785000655803,0.060350032164933176,0.04361694682267203,0.038531812856208436,0.05354253322911495,0.033245642982574264,0.038401919002853335,0.06007530800401639,0.06505904490310621,0.06781173311883348,-0.001490193573976284,0.04778950228297074,-0.002074384272792662,0.053691856111799774,0.035668307370953,0.0,-0.0002730821701018016,0.05289379224577773,0.052703742541214516,0.08192207374347421,0.03725862376765654,0.05280570572712584,4.148457307889819e-05,0.06171129237109002,0.03559143499185685,0.041764938781827854,0.04104072997638186,0.045219759657623704,0.02741660714454308,0.034155551356844005
-0.0011065367918429714,0.034282740857969174,0.038699994044606056,0.02210915830840282,0.012456705102003918,0.026041658168121262,0.0,0.031291343493617396,0.010843459175393255,0.01412671245346947,0.015567898593931262,0.029297505876410446,0.022631638229087092,0.005537025562361908,-0.0002842686267003902,0.01876839089012944,0.021135157184672237,0.004416972521715856,0.037433933745172454,0.01838375174156115,0.001364893940754619,0.03947649540338316,0.04091557425380393,-0.05003703161904005,0.0198699317878554,-0.016934158142625833,0.03563472607674095,-0.00410064216522199,0.0446665633368048,-0.0022490851850030524,0.0009244677393404066,0.025497250011301265,0.016720427123121884,0.02309005547929971,0.016256052654425757,0.022008221194553923,0.020578216107063396,0.04034147266364363,0.024678099583868185,-0.006917651162444083,-0.014250134178067808,0.043615836384303996,0.07427202192526833,0.03679003693413191,0.05122457405809938,0.0,0.018425569706875033,0.04835872405181785,0.0,0.052626080943224074,0.05402728889302333,0.029053770029951242,0.04339588859898991,0.0504509843022134,0.004785102360168159,0.0776531560214958,0.00025037353598306167,0.0313997080569971,-0.0011845830641350474,-0.0010092158248766192,0.006624282632153533,0.0,1.3179724609235777e-05,0.046128431328133934,0.001010912106687134,0.0004511617397868761,0.028450603358945614,0.05335353950239319,-1.0655763568290233e-05,0.0006971103904487297,0.021932274993957723,0.04877877855010393,0.03513759279503825,0.0548905221205499,0.001084637801597954,0.01448546443855736
0.021012481003813144,0.06984038974967982,0.05736416589231652,-0.0021932145555439986,0.02938532538111638,0.05236828215864969,0.031291343493617396,0.0,0.04009557281252135,0.05415172728064804,0.05827529442244256,0.039818878462779816,0.050732990875169304,-0.0036535655521217625,-0.004965459065845723,0.05775226652258103,-0.0002466865904368065,0.06072316721620147,0.049447459666517424,-0.0038373139732439943,-0.01609124947972096,0.02822283179167795,0.015754358510034816,0.025131891337647927,0.058016681924551894,0.04883160876086057,0.04494810783662356,0.020661344321129815,0.03898059457651909,0.002179829280862855,0.01763546728086468,0.03758314189405404,0.004642641525621938,0.02898448678078691,0.023167078761396287,0.009544610454359836,-0.03682253988273132,0.0011431895913072143,0.0010529728923013848,-0.0013426999023721242,0.007105215281202448,-0.004543786905287228,0.07338863694579517,-0.0014848361227446927,0.0,-1.4550786162581542e-05,-0.0013412531615170087,0.03970188764686655,0.0,0.017357276910843378,0.018998807470654744,0.015202940792320874,-0.04968008776944527,0.029561336015854645,0.0005549741789901419,0.06131968181013325,0.0001428741415117618,0.01713204490852216,0.0019254670007420316,0.03526822340280783,-0.00014455314195449542,0.0,-0.00010526030585733537,0.05111017909203408,0.022463161969375922,0.05245643582975357,-0.0028089679026189196,0.028673428684207303,-5.551115123125783e-17,-0.00021039087129304246,0.05520196291267371,-0.0034805065065427465,0.0075830307120194895,0.02150385807715144,0.0006285273949587777,-0.012791450117398628
-8.740349041158613e-05,0.02893883990492352,-0.010456138260998837,0.03463778963985081,-0.002814686605635719,0.02018524413746986,0.010843459175393255,0.04009557281252135,0.0,0.056407788475060616,-0.013727701148285254,0.05917493454348405,0.03370313399311137,0.03527189211063109,-0.00046806531086834857,-0.0006395143918670465,0.04900312354027464,0.07524583426992737,-0.027523023936022684,-0.002416582999745509,-0.0014428443500082988,0.03163531961194416,0.03136258533480668,0.06676163098661342,0.01018300288365015,0.01932158990169469,-0.007409569453356468,0.051340962306043125,0.0815651287268302,0.001983798371043455,0.043938863930747585,0.04443244625922105,0.06045515377907351,0.05604003186244183,0.06973750054811811,0.028659145142576725,0.060582038703300034,0.06375373875749307,0.0805505538525918,0.0005769305064483032,0.0346675164172246,0.07528862017996918,0.04536452679439901,-0.0035460919721385653,0.06042756755432388,-5.551115123125783e-17,0.0010402628490992494,0.04140199943147094,-3.643984749501783e-07,0.064218994165122,0.06308242787008411,0.048453572332240236,0.05275495924122431,0.03954981684364123,-0.0016569748449550836,0.05198931263103235,-0.0012477352205577663,0.06085171173076642,0.05922263693772867,5.382617776222842e-05,0.0005242711617993723,0.0,0.0,0.03386856428321727,0.00046162266894483883,0.0010056931027401794,0.0006537736130131089,0.05926740417484044,-9.368556978162079e-05,8.498699073150595e-05,-0.0012851728366369275,0.05541301343150884,0.07467369315244565,0.059233212754807474,1.9314584679408497e-05,0.0643525730046195
0.009819620138748042,0.0301873785605693,0.06462443045952282,0.06752688917577498,0.06093307409246124,0.05529849586107366,0.01412671245346947,0.05415172728064804,0.056407788475060616,0.0,0.05908698541768981,-0.008117830254694425,0.028434039949837897,0.08726282508297567,0.013128205077036159,0.03426248329960374,0.02865601317874278,0.030205457120885904,0.052734013570748306,0.0011205801146051408,0.015602652832085395,0.015847572275896782,0.06466313053694284,0.006618335532309727,0.003635441494976077,-0.028776208062378295,0.06217435376230501,0.02194471379571622,0.038823898174104476,0.000255471097897253,0.01723371320598538,-0.0070455372007907635,0.06585443983442335,0.03497163831369621,0.022592976069987503,0.020122534505574663,0.042967098996527286,0.004392131481402828,-0.06669884706664586,0.10345250246001403,0.0012444326881820844,-0.0033345930349307773,-0.009131127378793291,0.09712597717523858,0.08108581708305412,0.07701592000075824,0.05635948016348025,-0.0006466643595077759,-2.0691050215404516e-06,0.0003739715119903675,0.07735163787198984,0.0003341139996481113,2.846025995734136e-05,-0.001842289995901747,0.10256744069323276,0.00013723431554618637,0.09766962394078305,0.046416977346494026,0.0,0.0008351360384479811,0.03630683583482203,0.08811588636462597,0.06376064998552011,6.801256632882335e-07,-1.1050323398875683e-05,0.07574006462068511,-0.0016568763113211094,0.07148774066719055,0.055875506439781064,0.06981782254096391,0.0676999038934159,0.06126553434049714,0.03284571619181331,-0.0010302488669930998,-5.551115123125783e-17,0.03794307720018947
-0.00017575136508718447,-0.00021927739417459957,-0.01891961686146848,0.007588030163033832,-0.000881112012779961,0.029955511613069086,0.015567898593931262,0.05827529442244256,-0.013727701148285254,0.05908698541768981,0.0,0.056623389026791815,0.0371361607964647,0.004896629809405806,0.0,0.00010952149047938065,0.0555367849532305,0.062361912090519056,-0.017424930834515018,-5.003500924127824e-05,-0.00015429587782378462,0.00010126470997173787,0.04552883188582324,0.023617722699299903,-0.0009126563525936326,0.06086766980678793,0.0327909596699002,0.049089619503872084,-0.0012280277120462757,0.00038134368166142796,0.04768298252958364,0.050132999831178804,0.05554943677736185,0.06462538005203972,0.07335577552797645,0.006228799232488591,0.06273998246949769,0.06503462916382574,0.03725849135570408,0.025262823197755746,0.04680370023718311,0.08565539462801319,0.08123169854451001,-0.00010967556580049331,0.06690463641986455,0.0,1.1102230246251565e-16,-0.16654429951839905,-7.056131945404331e-08,-0.007959706552380097,0.06306742828744294,0.018644540747107752,0.027107521049961225,-0.08608460458430711,-0.0005964975181477206,-0.036077571749371484,-0.0012590342463901782,0.06436508873299318,0.06850705343820923,5.551115123125783e-17,0.0,0.0,0.0,-0.018901247063792537,-0.0005667464037558134,0.0,-6.436141532595308e-05,0.06680252517833407,5.551115123125783e-17,0.0,-1.0305696137913323e-05,-0.0066201887942404225,0.050547174937890516,-0.0013955839466872066,0.0,0.026706010909132105
-0.003463190302837982,0.018572156874932633,0.06039716218186164,0.02843924857691471,0.06174538425431836,0.04527672725557319,0.029297505876410446,0.039818878462779816,0.05917493454348405,-0.008117830254694425,0.056623389026791815,0.0,0.03942116564468867,0.046691447235635564,0.07607274617170495,0.03088580034412053,0.01031262359433166,0.033593883750180686,0.06560103163453257,-0.033747124378496085,-0.0045043867356814316,-0.00292386075186174,0.0510211477527025,-0.0027538064626811964,0.0028535731528734343,0.006207003155266122,0.06514333936465899,0.04345436879294928,0.04367480231659154,-0.0013084853078736414,0.02539113847251029,-0.008086183976743821,0.08383010012989905,0.006522760062110888,0.006415143743823681,0.08213278708147675,0.005586260869617998,-0.001503588935070882,-0.018774043372462468,0.12264165101478908,-0.03054870686147343,-0.03508490143268017,-0.0008301592057575191,0.0010098496110362842,0.11732154508676168,0.0436372760545824,0.0013707752820091845,-0.0005960773132221986,-0.0006858170000204333,4.784672369001486e-05,0.06591410797664615,0.0012319576043771652,-0.00029515725925616243,0.0562774984543179,0.0855174306521293,-0.0012097804874560691,0.08265173694411743,0.04542587398286535,0.000306191620597529,0.00011400462487831664,0.03511132919767934,0.08092732167900202,0.06321092626117902,0.07454774442898998,0.00044792143069993795,0.04797991132287499,-0.00018545746706577493,0.08561166557748978,0.049359535827178835,0.07089766165674427,0.05460231756147327,-0.0007085005284889201,0.02795339413034237,-0.00030603865217737614,0.0,0.03957891326804863
0.025455398924956907,0.03431522731132092,0.051162191250999356,0.05217062853737725,0.03863580949968326,0.03368741846463119,0.022631638229087092,0.050732990875169304,0.03370313399311137,0.028434039949837897,0.0371361607964647,0.03942116564468867,0.0,0.05362322956386767,-0.004562493307686599,0.021517026699530317,0.020316326761053716,0.013749343887597465,0.05442046171751991,0.017762667069229687,0.014269126874837557,0.032643653290086116,0.04242454484204894,0.026705540540164496,0.020568704896642143,-0.010543628656347281,0.03404347489251075,0.022341730197952214,0.030827165881397445,0.0533422265635104,0.00805644957228191,0.04507218525997009,0.04252792236487912,0.03095251284169781,0.055543684699682294,0.07172781771667625,0.07408901010512248,0.05655855138531429,0.06611126498920167,0.01684773838725856,0.027081113469083262,0.07064562271414099,0.08197158542277844,0.021010046884770706,0.02483028061189868,0.0006268718755027547,0.02733814648564059,0.05168931205074678,0.0,0.04868260540321734,0.06382162892264287,0.0277283521351106,0.04692659014298195,0.054816651637949354,0.008785202713717799,0.07604200015188989,-4.519777046924078e-05,0.05815981371763623,-0.00032267274658787093,0.040017311558100344,0.023130199148735098,-0.0003041191295660717,0.001783998728950853,0.05123435866947046,0.021904654397642498,0.0011529043261808702,0.04059892654106867,0.062414716346425925,5.5366869320450096e-05,0.02994034992205985,0.02547414924537006,0.04971104983361041,0.056441471799853093,0.04361460619778618,0.0007868795647894,0.02743311561871664
0.020449881831070882,-0.00043027286868513315,0.030181066859095385,0.035030434153511036,0.045558197558903,0.03782099101257319,0.005537025562361908,-0.0036535655521217625,0.03527189211063109,0.08726282508297567,0.004896629809405806,0.046691447235635564,0.05362322956386767,0.0,8.177533765307832e-06,-0.00045168844560888877,9.481392657606502e-06,9.420829330997194e-05,0.017715381116942097,-0.0004429973793650399,-0.006497111609288397,-0.0005525067683289642,0.027722237864040544,0.0017676802929090796,-0.00016974916053325018,0.03339515983246194,0.033128255461642,0.02237750391221288,0.0004535557151033598,-0.00022109661926239532,-0.008404373928327713,0.050827425493712663,-0.002552664192922105,0.055755871274775715,-0.003137780183418426,0.02876293426917262,0.03618223940865656,-0.00020505414699345526,0.00590224938535866,0.0,0.0006441135459411829,0.0008939614212357672,0.0009754378550774767,2.0311067006062444e-07,0.0,0.0,0.0,0.04124705768693365,0.0,-0.004182518390311141,-0.0011852048357133826,-0.0017561148574953278,-0.0006533835379788355,0.03780161997768616,0.0,0.05116831455396875,-0.00014705105279450015,0.0016792782758792146,-0.0029230005111382518,1.1102230246251565e-16,0.0,0.0,0.0,0.06192137463813313,0.0,-1.1102230246251565e-16,0.0,0.05700439781109046,0.0,0.0,5.551115123125783e-17,0.05629128266988992,0.00023894539882035604,1.1102230246251565e-16,0.0,5.551115123125783e-17
0.007207052617161647,-0.011376744087224555,-0.0007178114093462917,-5.9907848256712803e-05,-0.0005172998439395005,0.04884575817721709,-0.0002842686267003902,-0.004965459065845723,-0.00046806531086834857,0.013128205077036159,0.0,0.07607274617170495,-0.004562493307686599,8.177533765307832e-06,0.0,0.01581592692595052,0.0020545898367774207,0.015562845589345065,-1.1102230246251565e-16,-0.027170948061024214,-0.001722518341009005,-0.03988751833121429,0.007892804310947743,0.02099401435649212,0.0257704687346218,-0.012286277536636303,0.03163534106232585,0.02034168494121802,0.034713448677516356,0.020023124008927806,-0.018721900906074396,-0.007270998604731793,0.00961058049252883,-0.016216351507392257,-0.007988625120192827,-0.0044611884224611265,-0.0022771260102326107,9.76614984652957e-05,0.0057663194970324905,0.019522841181196682,0.022432975339883365,0.025661412753438695,0.003024390576325031,0.0003916888562143783,0.0,0.0009714981085129915,0.02359616687746091,0.00036688367813098033,0.0,0.0,0.034710982309669514,0.03870533964771028,-0.010399851706345553,0.0004600896761056683,-5.551115123125783e-17,0.0,0.0005461274376523662,0.0018055174041207156,1.1566804848373025e-06,0.019029995258083965,0.030237733396872857,0.00022900964437405635,0.03386319981934355,0.0,0.022678361589096696,0.028742004602368032,0.02008522585436129,0.0023314114683923304,-4.7418138421628786e-05,0.04094172856343997,0.030840261748820597,0.023518315167459225,0.02426932488444644,0.02283116582786071,-0.0005419685819020303,0.006408499080473362
0.01716368212693331,0.029231177906716255,-0.00033516934380628527,1.9652517309787232e-05,0.029502017800829394,0.019950295694692366,0.01876839089012944,0.05775226652258103,-0.0006395143918670465,0.03426248329960374,0.00010952149047938065,0.03088580034412053,0.021517026699530317,-0.00045168844560888877,0.01581592692595052,0.0,0.013678292745393505,0.0498170545672435,-0.00015666722191626237,-0.01342188428479657,0.034398867602170424,0.0033172175775003088,0.03968972366866885,0.00257353086328993,0.007521444242810427,-0.002234213483714109,0.02968439395940997,0.01944457180265896,0.009972668482580549,0.009647888503065416,-0.01067620110629608,0.017639569006889788,0.011081534073815902,0.02867110388632299,0.017237773046906157,0.05062410617064966,-0.000363339572637178,0.0017352462956903847,0.021919337658934723,0.05855510929446389,0.04106489210052994,0.02901229075701517,-1.5082230992446988e-06,0.0,0.0,0.008876083389654121,0.025383239288469583,0.0,0.0,0.0,0.03709387221019417,0.0005762317044031295,0.0005442599112148727,0.0,-0.0019697441775413105,0.0,-0.002124000669460502,0.024223234838443464,0.0,0.03632935669539761,0.024744549233691515,0.0003800171538466124,0.03831387110364781,0.0,0.0393239054170636,0.04915398042521296,0.026958583236589895,0.040215411023945324,-0.0011816867832546984,0.03814079413674559,0.031612596595423204,0.03795357895737039,0.0033633835261169254,0.046803102135780206,-1.1102230246251565e-16,-0.0020880427828824932
0.0019500584825234424,0.0005238023944295622,0.04695963124914543,-0.0011994633874609084,-0.0003533713381757009,0.058925666900290496,0.021135157184672237,-0.0002466865904368065,0.04900312354027464,0.02865601317874278,0.0555367849532305,0.01031262359433166,0.020316326761053716,9.481392657606502e-06,0.0020545898367774207,0.013678292745393505,0.0,0.02749091955541655,0.051740290686328516,0.008630036019121767,-0.0009533661746422006,0.002267129348408281,0.023400329907227513,0.007066858533150533,0.023119809755502485,-0.008536909819027994,0.022863850322003998,0.01387555231461235,0.015179125361494017,0.01467373097710395,0.014525432273231775,0.025998796486397135,0.067532727122246,0.04102147833085701,0.04627166852784409,-0.0007617739390701761,-0.00033926149443436193,0.027380071488982527,0.0037854342190019596,0.0021584879547815183,0.004787406266228256,0.0006798746349166995,-5.551115123125783e-17,0.0,0.0003028491520985499,-4.915103134162102e-05,0.00029407486760396617,0.0,0.0,0.0,0.0,0.0,0.0,0.0,0.07673768816429227,0.0,0.08823101907247988,-0.0008813288619448079,0.0,0.00022905082727292525,0.0007970329288096711,0.07092109688288534,0.07856010022107407,0.0,1.1102230246251565e-16,0.0,0.00015160820528548058,0.0,-0.0016183569074899595,0.05789200601337269,0.05353580414833925,0.0,-0.001587813161400331,-9.089409697127238e-06,0.0,0.0033369091074884616
0.044126173322091844,0.039984949653533386,-0.0015787125756728804,3.4540823041773194e-06,-0.004837405145484586,0.03733924445074954,0.004416972521715856,0.06072316721620147,0.07524583426992737,0.030205457120885904,0.062361912090519056,0.033593883750180686,0.013749343887597465,9.420829330997194e-05,0.015562845589345065,0.0498170545672435,0.02749091955541655,0.0,0.07207745201254723,0.008133920309905562,0.05179717806150075,0.01692882628457204,0.03994450743914901,0.04331295677664704,0.018619180188821194,0.022721520931274497,0.029834692180620348,0.021562564667362005,0.02691651372481646,0.004733115611104732,0.02511852028257522,0.033254953053777514,0.0511128370468899,0.05049356335719035,0.0303933970160985,0.05034903561786824,-0.0003838221143267484,-0.0006013756195590858,0.04316463233074325,0.09013662261492411,0.07999022449856086,-0.0013274485600734964,0.0,0.0,0.001567604884840923,0.0405036076726728,0.04341955506997075,0.0,0.0,0.0,-0.0008471880073659954,7.819445152545956e-05,-0.0001428967275430848,0.0,0.07844067373926866,0.0,0.06782046081554233,-0.0002235329478612047,0.0,0.0358058909528145,0.04913934867691333,0.0802759837011171,0.07351022448394207,0.0,0.04166940752009057,0.0019324428434347451,0.03882875539369307,0.04107253516681514,0.06771872200646023,0.06718715859594426,0.06469219825230604,2.639061413151067e-05,0.0013950367772112005,0.06480078890744656,0.0,0.05232660504678527
0.0,0.0012868072642732709,-0.05694609180527224,0.03581848980645824,0.005598390639689477,0.021448995280328065,0.037433933745172454,0.049447459666517424,-0.027523023936022684,0.052734013570748306,-0.017424930834515018,0.06560103163453257,0.05442046171751991,0.017715381116942097,-1.1102230246251565e-16,-0.00015666722191626237,0.051740290686328516,0.07207745201254723,0.0,0.000408426741794532,-0.00038313211038037975,0.0012213435885186086,-0.05075898650078692,-0.00025727629405208896,0.0632615611362895,-0.000744305650839383,0.009716375658671228,0.052281652743382256,-3.3852568095738e-05,0.0007787986677300629,0.05549001577970292,0.05028335208356849,0.00032202178499474154,0.06617119592207943,0.0658841181645442,0.05971480342515206,0.06956309140685596,0.07188735983245004,0.016356590046545105,-3.3067736708192186e-05,0.0026861917021280823,-0.002647630546836366,0.04767379587567211,-0.0017889340598420955,-0.00016154056700840025,0.0,0.0,0.046598005982191604,-5.551115123125783e-17,0.06467362013053513,0.03879666866998421,-0.002391347147643552,0.05555689351653936,0.034038035863529714,-1.401220867591757e-05,0.0906538190967473,0.00023407044791101672,0.060100425805489355,0.07227781295427449,2.220446049250313e-16,0.0,0.0,0.0,0.04048095200738355,-7.824220618291022e-06,0.0,0.00010142671339768983,0.04842613063218637,0.0,0.0,-5.551115123125783e-17,0.04715232308089157,0.0675628456766193,-0.0016995316530585836,-2.697445638399909e-05,0.06863226618636753
0.0008399533741999532,0.009709452073285774,-0.0008680026773107974,0.021338423313742028,-0.004092830726596108,0.013947592232722072,0.01838375174156115,-0.0038373139732439943,-0.002416582999745509,0.0011205801146051408,-5.003500924127824e-05,-0.033747124378496085,0.017762667069229687,-0.0004429973793650399,-0.027170948061024214,-0.01342188428479657,0.008630036019121767,0.008133920309905562,0.000408426741794532,0.0,-0.01278353450977493,-0.010467743032709032,-0.03285187025360892,0.05301939376824566,0.015848434061744354,-0.007560541636496054,0.0262383642074126,0.017267042513864073,0.02578439190330828,-0.022138922153276952,-0.005158430196822883,-0.012722416485227483,-0.0006516517705590918,-0.010334164520244382,-0.009608000570828668,-0.003509285281245944,-0.0034073292355792373,-0.135875788427072,0.004044860131330763,0.03816492837488722,0.03378958757359429,0.01484003945334933,0.06113270555438233,-0.0014238730391656906,-0.0004911500059096019,-0.0012119394573724684,0.022509985395048115,-0.000689956160660643,0.0,0.0,0.04891335260790003,0.0021915892739271525,0.01812079300657332,-0.0012321848866661544,0.00069252450535362,1.1102230246251565e-16,0.0003769584006406146,0.04104516871022601,-1.1102230246251565e-16,0.036538361590175095,0.042644866203913556,2.399257449048342e-06,0.05317665110855735,0.0,0.024241098957679785,0.06652173533801814,0.026405403498816704,0.03622022021089477,0.0,0.052548884287228814,0.016929687516793357,0.034386174449030804,0.0353494532588145,0.03854237072193806,0.018729195435555512,0.01498847708972123
-0.02048107649796771,-0.004243123907120894,-0.003758797445010731,0.00037084080927246577,-0.0020593895669950846,0.047276543478398936,0.001364893940754619,-0.01609124947972096,-0.0014428443500082988,0.015602652832085395,-0.00015429587782378462,-0.0045043867356814316,0.014269126874837557,-0.006497111609288397,-0.001722518341009005,0.034398867602170424,-0.0009533661746422006,0.05179717806150075,-0.00038313211038037975,-0.01278353450977493,0.0,-0.017637285592576324,0.00847036624554881,-0.012719564202622269,0.05245644062873894,0.013312541323281968,0.02410587799357078,0.018048203640780747,0.04700977133504097,-0.004284304087247115,-0.016552513261340496,0.01726017904197885,0.033080630635491104,-0.0109342545590419,-0.0062559037585217525,-0.001215715569301834,-0.0008289077339266315,-0.0019520260148999102,-0.0021432203916016968,0.00033022051719217016,0.02859075862110394,0.011774952345373735,0.00227069894942844,0.0,0.0,-0.13633161272363253,-0.005860864695403922,0.001638045003444999,0.0,0.0,0.03868942042495699,-0.00020594166536685998,0.07994688255678534,-0.0003616436239983756,-0.00048557776667795816,0.0,0.000898348842007346,0.01731565177486244,5.551115123125783e-17,0.04788449970345221,-0.014446944943820594,0.0,0.00019793923824656945,0.0,0.021025888933866865,0.0840863753684521,0.026271899093251116,0.038150932799423165,0.001229424448582317,0.05759615725473055,0.024249501579315602,0.0282236146985565,0.014541712186538491,0.02614930739075516,-0.002241882128352357,0.013774043534212466
0.010338715160112089,-0.004065604868702499,0.0021009748129200423,-0.0015267738513025098,0.023297526761620446,0.014843931073648842,0.03947649540338316,0.02822283179167795,0.03163531961194416,0.015847572275896782,0.00010126470997173787,-0.00292386075186174,0.032643653290086116,-0.0005525067683289642,-0.03988751833121429,0.0033172175775003088,0.002267129348408281,0.01692882628457204,0.0012213435885186086,-0.010467743032709032,-0.017637285592576324,0.0,-0.00884636114565307,0.024341042516225986,0.017504763612426866,-0.027805742619176788,0.014084229773139223,0.02750379768391753,0.017151990123344507,0.011723661588379952,-0.015436430153875913,-0.012306796457179914,-0.0024566897717501757,-0.012038478030494348,-0.01322493561358562,-0.01862013656932754,-0.0034605943418051233,0.0042601448676792275,-0.006982900171153994,0.05338782524748675,0.040414099847964735,0.04205588906690855,0.06121470574623583,-1.4767821797601055e-05,-0.0003690774876162761,0.009366331593201549,0.025163188792518054,0.0005908798207057142,-6.360444176900515e-07,0.02524425519696666,0.04026789111773871,0.035426230350185994,0.00047170176237876227,0.048628000340749655,-0.00037178156127626316,0.0,0.0006354488318920382,0.03989195393252465,0.0,0.03572817797391359,0.03414673820716768,-0.0006936784357975401,0.060339600985937436,0.0,0.02693934440450446,0.03299607478302913,0.019737910293421257,0.028941521543910387,0.001562911847486137,0.045811849818082506,0.03303141182300251,0.028842396391583647,0.03755664001553982,0.03160946555615124,0.0006670576025248898,0.03732041266393399
0.013490844356401022,0.043123971485144574,-0.05466536711969461,0.019927349983234588,0.03631978325541346,0.03536793319864395,0.04091557425380393,0.015754358510034816,0.03136258533480668,0.06466313053694284,0.04552883188582324,0.0510211477527025,0.04242454484204894,0.027722237864040544,0.007892804310947743,0.03968972366866885,0.023400329907227513,0.03994450743914901,-0.05075898650078692,-0.03285187025360892,0.00847036624554881,-0.00884636114565307,0.0,0.01879595820334201,0.06508071005133903,0.02729568098316537,0.010896324454158723,0.03341544853904821,0.041031107751718976,0.02285503440150427,0.019120096092701266,0.035420937994615986,0.04892724172652979,0.029736535088405458,0.02796011585511099,0.04213152035934131,0.04646258782190832,0.08010240350174197,0.036743200565635625,0.023620953306915493,0.037985028495888695,0.04922549612828997,0.05983296109232228,0.04641918768820863,9.505953266875089e-06,-0.0004078806674430724,0.030687720930109408,-0.020655808531485964,-0.00012371129071470088,0.03667934026480535,0.04958940270101486,0.026080292384470072,0.03958621114496419,0.0517770778345924,0.04482081590721371,-0.04373047443123007,-0.002738784861821608,0.03571503602191428,0.03516104516848062,0.03740481231464399,0.048944357805323635,-5.8364590872495015e-06,0.05856173926027358,0.0333399699097916,0.031277047912085965,0.07836589293919155,0.031042663437771623,0.047075672925486645,-0.0004253129688001067,0.05841014359431623,0.023747087621817875,0.03668826979949025,0.03290165615319174,0.039859091319253914,0.02512763211663882,0.019441970452729884
-0.015100646956170471,-0.00012792303346514933,-0.0014231473135630224,-0.00203266053034018,-0.0005526195391150068,0.06649971440687641,-0.05003703161904005,0.025131891337647927,0.06676163098661342,0.006618335532309727,0.023617722699299903,-0.0027538064626811964,0.026705540540164496,0.0017676802929090796,0.02099401435649212,0.00257353086328993,0.007066858533150533,0.04331295677664704,-0.00025727629405208896,0.05301939376824566,-0.012719564202622269,0.024341042516225986,0.01879595820334201,0.0,0.02961691093146923,-0.007832918519181775,0.021151738247954133,0.00914440875526612,0.036688872433587705,0.0006362321545524963,0.03695939901480977,-0.019087417040942523,0.04976472727421222,-0.03179774131841406,-0.05101852519998884,0.1219567908151194,0.0013261201446496673,0.019956939076306662,0.08938088227891555,0.053555266771646626,-0.07730072574250879,-0.22301636817730885,0.0010296644287999257,-0.0002090221294991923,0.07303349435872802,-0.027253787052146428,0.004766480181952304,0.0,-5.551115123125783e-17,2.305294414245429e-05,0.00016199081222567635,-0.0001394991996623851,-1.6653345369377348e-16,-0.00043251735148769344,0.054132666537928475,5.777580072718891e-05,0.047527033750984105,-0.004647062857702111,0.0,-0.00040775473924953287,0.03652973996851011,0.08514120612106296,0.07574779079459404,-2.8092912714994256e-06,1.6049908261484003e-05,0.00018797508506190885,-0.002544262539084685,0.0007311704332123026,0.001173132193716342,0.0639161732211263,0.04607041747581253,0.0005835902295323603,-0.0037259380991660485,-0.00030375063550974746,0.0,-0.04295197105599996
0.03579580330054616,0.02714687381607689,0.11081868592608318,0.0005574581174627169,0.007830923883970609,0.015970925859038254,0.0198699317878554,0.058016681924551894,0.01018300288365015,0.003635441494976077,-0.0009126563525936326,0.0028535731528734343,0.020568704896642143,-0.00016974916053325018,0.0257704687346218,0.007521444242810427,0.023119809755502485,0.018619180188821194,0.0632615611362895,0.015848434061744354,0.05245644062873894,0.017504763612426866,0.06508071005133903,0.02961691093146923,0.0,0.00070361510371858,0.04512500305977385,0.03432589442090017,0.032709959525578036,0.03080825293349415,0.026831185784038092,0.022930393147446215,0.04890838084421606,0.04030471170398153,0.021688625428487207,0.03739381405311354,0.0003178502419928786,0.04030344923076146,0.04458110588130004,0.07757052003030013,0.063029679775994,0.05518178469289897,-0.0011037870621974366,-5.551115123125783e-17,0.11510236300769672,0.029574325025009507,0.04918001359060248,5.551115123125783e-17,0.0,2.220446049250313e-16,0.04088197131108684,0.000888011517444165,0.0013191707413077736,0.00038037352204761676,0.08411270280798061,-0.00018613820512203283,0.0762428290627114,0.03843188419834159,0.0,0.04547587852138418,0.04346651854279193,0.08206515908682932,0.06528255606193223,0.0,0.045023046871055517,0.0492966827990971,0.023597352916435277,0.05741514251406221,0.06746634364192944,0.060931182702956554,0.05418922054165065,0.06351740984626736,0.0009671056327358318,0.04574316482356705,0.0,0.040956118694647214
-0.008499543789342756,-0.01727456452431042,-0.002793874573398636,0.0019176611322284098,-0.005812896993464822,0.03556856637855077,-0.016934158142625833,0.04883160876086057,0.01932158990169469,-0.028776208062378295,0.06086766980678793,0.006207003155266122,-0.010543628656347281,0.03339515983246194,-0.012286277536636303,-0.002234213483714109,-0.008536909819027994,0.022721520931274497,-0.000744305650839383,-0.007560541636496054,0.013312541323281968,-0.027805742619176788,0.02729568098316537,-0.007832918519181775,0.00070361510371858,0.0,0.011009892208089123,0.014942776178334616,0.014792279173470035,0.0365089021667952,0.0010905333305996634,0.00858472848445424,0.035244614357558324,0.002901415588919709,-0.010930724024381444,0.01483364404456844,0.0011621498282676779,-0.00964536715693165,0.024992184075895096,0.06274441998553515,0.047959770494743814,0.014111746298479888,-0.004048589724090501,3.178172428375259e-05,0.05968973286203466,0.00998197956163166,0.028920781720223,0.0022043546499508904,0.0,-3.728050064616406e-05,0.04180370721617044,0.03246901101957217,0.07063548253621965,-0.0010458012750197976,0.08099885691413755,0.0,0.06366931024401812,0.04246930976117802,0.0,0.03715295013413367,0.03600105929620245,0.07873345414453181,0.06392412799214969,0.0,0.0261606898728024,0.030191345380960632,0.018216380652386677,0.04337215141924117,0.04594852889205109,0.05642876226407556,0.034601994924427004,0.03719508254243786,0.06638118534948556,0.03447147842493953,-0.00029463151114988984,0.02861043246312389
