0.0,0.8737283622797802,0.38567051984600387,0.0,0.40347018808776125,0.7972223718828046,0.48602469298932005,0.8010997699201008,0.4267317279942906,0.6549955671222987,0.44251011433583454,0.6048332306514925,0.8247640789007453,0.741843650567967,0.6094237839068404,0.9329787098232503,0.42913217904422035,0.9729750505255463,0.0,0.6763607329379451,0.3238424367668209,0.7250381036610388,0.7026773524553735,0.5745510916495824,0.7651429449904952,0.5957336913686975,0.8066034348849018,0.7037633823217861,0.8911069468796416,0.6616972452334846,0.6768082181515866,0.7839682911127498,0.9827810394781896,0.6733391619300063,0.6435854086916719,0.6830995105041777,0.4982119418989184,0.5284563555138279,0.6054432865444433,0.651428487897638,0.752549823880477,0.5742816470651826,0.508720497199836,0.0,0.4569897644921518,0.24719350693488976,0.653962055202931,0.0,0.0,0.0,0.5155187354633163,0.0,0.6162675737291369,0.0,0.9025285465702824,0.0,0.60612310073061,0.7534342527216848,0.0,0.5812400453321349,0.7441622562820129,0.2873816718015171,1.043729960538758,0.0,0.48820700759494573,0.01603587322251071,0.7296391312040857,0.9429831340838069,0.3509008257065085,0.9729499813936986,0.8314178250629058,1.0749609147050234,0.39620701860107627,0.5769877019380181,0.0,0.530908481768894
0.8737283622797802,0.0,0.5450346864637661,0.894953381890208,0.559355509496531,0.5931800405175778,0.6993444825354851,1.1127013932981007,0.5373274326747647,0.6292340048930674,0.31504217591040373,0.5783525390050189,0.7231295058669012,0.5190674366962708,0.539862208992273,0.9299368167492617,0.6413712849486981,0.9651441769343874,0.6075751921277235,0.6438992929027638,0.6212386363176339,0.6158460435326174,0.9518635401189952,0.4433389166551063,0.6800674343498907,0.4122041213675147,0.7833577131557414,0.915189087928306,0.6487689834480537,0.4821048711263519,0.49252851452184493,0.5595631269312586,0.5159045164698889,0.4369981593912172,0.5823711600101134,0.7672768166056135,0.22720825703835898,0.0,0.8155438961256547,1.0560700903964337,0.8139820610696271,0.8725216141251592,0.6667693505515049,0.0,0.0,0.7612346610119903,0.8538547914336112,0.037073825503773764,0.0,0.0,0.9794564076137109,0.9192684150563586,0.5462627605189802,0.5989885476783791,0.5916581361659181,0.0,0.4217569187715118,1.0333480693853856,0.0,0.9461881220508015,0.9081126315230914,0.6732984853379143,0.9359066721161092,0.0,0.9467271530903918,0.9895961427721417,0.889910343796905,1.0213257169693015,0.4410359259845467,0.905399781344637,0.8949999236018481,1.0122010188599215,0.6275383172666507,1.019127933444316,0.0,0.9115686668290509
0.38567051984600387,0.5450346864637661,0.0,0.7425615485620278,0.6560491670248952,0.7501642010375059,0.8565985378028222,0.9572003918682068,0.3632952252929744,0.9861716311832653,0.5358968868518372,0.9317335164624034,0.9742968657211701,0.8093420365528695,0.34217582180017414,0.39410959047730776,1.0722663736613383,0.5138836565596292,0.17667127984142691,0.37190486190520367,0.42119021639856,0.6115962277254101,0.2300871363174603,0.4318322812554348,1.0710516179066756,0.48502798328376673,0.42458026019791106,0.9920467005646378,0.5700530386448271,0.6199159586376017,0.9357911334299873,0.9479893411357447,0.9809611465711341,1.0052403508782757,1.0052655459966537,0.939288093251364,0.9007072729789236,0.9861093538271224,0.8907556403106834,0.4685532021164027,0.35188088485022884,0.8742010782388956,0.9306653821377746,0.6236749199000171,0.0,0.0,0.20304331209097662,0.6184693596352078,0.5058535048466921,0.8201986291708085,0.9367170169349072,0.823874889836868,0.8081372600178357,0.696433656551892,0.4009403679219209,0.6103643385354252,0.5197413491778448,0.8462835522961532,0.5686051296006871,0.2819471350395987,0.0,0.0,0.0,0.46609465002774164,0.674030428101358,0.46582378202722075,0.1265397314075583,0.860060831970827,0.0,0.6668748795928515,0.3603834261492497,0.8171621370480928,0.8379064597066884,0.9179925397429997,0.725108092663318,0.888335932674061
0.0,0.894953381890208,0.7425615485620278,0.0,0.4833625863136699,0.8235126574380323,0.5959493932408294,0.5275076693557281,0.8964258514756067,0.5517010836511298,0.5507583445494127,0.5091403621944168,0.7497190464568746,0.6732924686584322,0.6403112597483722,0.08498192155912904,0.5665396576759583,0.5079636076552276,0.7809578066333609,0.7722852946044383,0.44712176249477714,0.5709149806806739,0.8123780261396412,0.2467773265994953,0.9250393724843446,0.6483942681766852,0.9206575885235146,0.34097790891704216,0.46579483101563623,0.45707728812344345,0.495610433688545,0.6629041565082399,0.9257520755135114,0.9271635354324179,0.9788008260001991,0.4525699117022506,0.3500180459405466,0.311729676092634,0.18476620104601982,0.3013566202138559,0.3649780389968125,0.2929412751256275,0.21520764178348417,0.5809921330448822,0.0,0.0,0.0,0.43090055130794747,0.0,0.0,0.5838983081622542,0.0,0.4846653874724961,0.0258213045617172,0.0,0.18245267499121326,0.5187294323991671,0.49711837002275405,0.0,0.0,0.0,0.0,0.0,0.0,0.0,0.0,0.5066686038611959,0.9053049240772959,0.0,0.0,0.0,0.5094928532354001,0.4865676181358217,0.6193824757079179,0.0,0.0
0.40347018808776125,0.559355509496531,0.6560491670248952,0.4833625863136699,0.0,0.5688000191814409,0.5090263612687699,0.74560940985844,0.3717134715440219,1.0601013963509918,0.4282023641659666,0.89529156240584,0.8537033568447612,0.5774086888583236,0.49094268760774373,0.7966771993460311,0.5493202753832814,0.43650556451266254,0.5466096506003965,0.51140267133497,0.4849073905050684,0.7306194983146603,0.7570245239619441,0.528366394305587,0.5650607447553121,0.4722014377078272,0.7303908063060751,0.6277953629216008,0.8960035208738886,0.446746774821643,0.9000224781050093,0.4700814746913477,0.7460742665240515,1.0781317496064544,0.9358404543279054,0.5489267185181521,0.6299648083917181,1.018254687635047,0.9820710874297685,0.7039369759344046,0.6428833761371457,0.42091667410924366,0.7794264405297561,0.682282860085675,0.2583161602726066,0.0,0.3913484561095454,0.7924044583631918,0.0,0.8788533269395118,0.9444600595917465,0.9442653572552548,0.7107310979933377,0.8049266230356013,0.0,0.7299195215708141,0.37062957715655886,1.0032550661839543,0.603668424480579,0.23962105526935135,0.47981960712677174,0.0,0.0,0.8309239099285568,0.34001137731236875,0.49542771004730746,0.3640976204356289,0.9442172197333114,0.0,0.46873118244542467,0.5668499481212512,0.8606987791157106,0.9930163673833405,0.4206798584896623,0.0,0.5250329027649431
0.7972223718828046,0.5931800405175778,0.7501642010375059,0.8235126574380323,0.5688000191814409,0.0,0.7307473967597427,0.8727109709329752,0.4885018760643849,1.02762827740225,0.7062497208329217,1.0887634561121544,0.7878373922311052,0.8344124121855283,1.019189070140207,0.7465264334231347,0.9581275863172702,0.8361019779889551,0.6964798805554109,0.6276077108882661,0.9318973785036045,0.5936874284815739,0.7738794868496108,0.8072014285146326,0.6375497580271974,0.9474650007781948,0.7373791201515631,0.9244374584442157,0.6319365325351365,0.8124323275192527,0.935443884302416,0.843800988623718,0.948773354862452,0.9493593818017569,0.9646217297042943,0.9118966759773577,1.0802812922041776,1.0694116783723926,0.921114862598277,0.7539063755772654,0.8047101552505745,0.8567919680464644,1.1776379976030604,0.7065951727574551,0.7413859819884328,0.7393195409636849,0.7735503653475563,1.0058574708027779,0.9421678796231965,0.6618971506852828,0.9098288779033188,0.8787823631370841,0.874576518058955,1.0338260804268096,1.104793144645252,1.0109721321097809,0.35580006409156606,0.9466532076338633,0.5931078116403079,1.0538912833683374,0.9300557539326246,0.0,0.5540449640086453,0.8993740779560677,1.0137929940259833,0.8456430469330756,1.0058480906809997,0.933416467419574,0.6235589391901627,0.9667948269434514,0.8744599492073903,0.8781490626582324,0.829708376356783,0.967714199238253,0.6784146670333857,0.8045413891475657
0.48602469298932005,0.6993444825354851,0.8565985378028222,0.5959493932408294,0.5090263612687699,0.7307473967597427,0.0,0.729731371904782,0.5976358332241757,0.7140003043018665,0.6577104025240081,0.6724301325913906,0.7584246846273055,0.4084190683489839,0.5044329908877208,0.7595012387067765,0.751049512262381,0.6352008235668545,0.7898798074937354,0.6950773734274096,0.49777096011048527,0.8094162804515533,0.8875457473167165,0.21336053052893458,0.7015914677520454,0.5113203126625,0.8208959025501606,0.49184665284893353,0.9007749077624692,0.5021648291548318,0.5554570604194201,0.8346315027233566,0.6265631897782398,0.6324526328743396,0.507792066874929,0.7437266627927526,0.5599146096303234,0.9668964195202174,0.7484229787618651,0.3993240068578392,0.5018382625122249,0.7155488222135525,1.0668883624697494,1.0333040560580282,0.7107630118275746,0.0,0.7417172408957018,0.7161689708926531,0.0,0.8706861176522348,0.9291599694727897,0.8205195314152757,0.8034686809922861,0.9998902771385689,0.6470226007998555,0.8914372965132413,0.46721833593508283,0.7059448403961359,0.3443664924034441,0.3322850184306322,0.693509211640267,0.0,0.5330818521141067,0.9066206299812518,0.6675183515084118,0.5054402986083899,0.8819363741462052,0.9259652268031066,0.5045580634888037,0.6356847466673647,0.7472089238656204,0.8889297225628914,0.7654779718743152,0.8167213585602646,0.7721005040279829,0.6000715698258874
0.8010997699201008,1.1127013932981007,0.9572003918682068,0.5275076693557281,0.74560940985844,0.8727109709329752,0.729731371904782,0.0,0.8452555304219076,0.9500105968941226,0.8072365638912968,0.9582805458468495,0.9387346502009266,0.6482458988517874,0.5034600056261849,1.125593596682089,0.430305815882967,1.0490281657254075,0.7740220430589134,0.45925539029230195,0.4750552279865733,0.6974401424718105,0.7117009749811911,0.711979219514747,1.0066547063001072,0.9878293566592408,0.9192707628152812,0.7520556919433458,0.7596698355709869,0.572266936530015,0.7319817236223187,0.743930704384729,0.5627093798485294,0.778246627820364,0.6418347823696307,0.5949661327704991,0.32712246323658856,0.6064558447731213,0.6289313858577696,0.46114921984397206,0.4657835402414504,0.5335387544474895,0.8969796648280353,0.438943093973873,0.0,0.5999446334557925,0.39574730068074615,0.9068951416482219,0.0,0.6666312484526027,0.7299444997337232,0.7610081506415044,0.3546539669321202,0.8384800052825205,0.8793647479730571,0.8153174723584826,0.9623064637294962,0.7235951865195103,0.4938516207254147,0.8899297875706079,0.4037158360373334,0.0,0.7057479383045893,0.8963870320147156,0.861891299555462,0.7462935665016399,0.5064856372121066,0.8065718055282869,0.0,0.4676771649971029,0.7987726435365361,0.633487589209015,0.627461349270537,0.823538834630078,0.4519339604507744,0.41775814777759923
0.4267317279942906,0.5373274326747647,0.3632952252929744,0.8964258514756067,0.3717134715440219,0.4885018760643849,0.5976358332241757,0.8452555304219076,0.0,1.0251570718474905,0.3393806547260437,0.9978825166575385,0.7911372350328906,0.7229582470810368,0.572349921035054,0.5340029151075302,0.8462779568557336,1.1135725252930988,0.24714120987867622,0.4905705237870038,0.3848104031831081,0.7728015625354416,0.734947195787462,1.0051742905184695,0.5748501377807826,0.7470093224574231,0.45428132863845017,0.9510384814819948,0.8959720113126366,0.6021759973592913,0.8989969459749879,0.9491266312715473,1.0035183633835976,0.9868910861457607,1.0291494095927627,0.8103223366349914,0.9972465350070046,1.0876082684405954,0.9955727993279244,0.5206424182954552,0.594695368212332,0.6973337507683751,0.8042435079375172,0.41794287018375037,0.8178837082290903,0.0,0.4902097200967285,0.8461516195621115,0.4857850752273625,1.0272638072338407,1.0554301029003643,0.9339552779014366,0.9387636468272429,0.8331166632073292,0.21290557502908716,0.8427259552688766,0.4833508918298437,0.8717741624396316,0.921102941925015,0.45878942024453395,0.64200751313342,0.0,0.0,0.8536553911777468,0.6405140038729242,0.7277200623388322,0.5420210795223974,0.9835426657085141,0.338795899289592,0.5490052683521289,0.26639017745195576,0.928422154480234,0.9105841346248671,0.9429795798293658,0.47401449911152144,0.9678021078471113
0.6549955671222987,0.6292340048930674,0.9861716311832653,0.5517010836511298,1.0601013963509918,1.02762827740225,0.7140003043018665,0.9500105968941226,1.0251570718474905,0.0,1.0073939518057595,0.4851075714546631,0.8670826785223498,1.0108783920151025,0.5703399779471485,0.8139222935261542,0.9118619479847074,0.7966055211281784,0.9786402621887751,0.4630509295759444,0.7858657309293748,0.6605159166788868,1.1015187750196853,0.5631768567622608,0.7034425480282104,0.45025293571442637,0.9573046940771965,0.8591707161262346,0.7792546919275212,0.4410997776468326,0.8619853667948976,0.4111628112842023,1.1199143074761353,0.8136693996745799,0.6825373119112945,0.6186798427126221,0.688609948939182,0.5101408841362127,0.19309025517698072,1.037902870501223,0.5934375402567905,0.4215053487073471,0.36884568413757113,0.8941857230548954,0.9066610965121165,1.1234159984418732,1.0494762138066234,0.1642144116510575,0.48270121088251405,0.46976855145641805,1.006134580216113,0.46422704688750743,0.6043568364171137,0.24127282502891928,1.067598031696298,0.430934963340145,1.0966782482283497,0.9212924155005939,0.0,0.9555493759005297,0.8890122952426786,1.0635844269762762,0.9190842480299619,0.4827570739145637,0.5053013677697449,1.0132105994458993,0.34737975374018054,1.0191914527481052,0.7620839268782603,0.9665414102116403,0.9784821594911232,1.0752765957785109,0.7282611260336527,0.45276520529952946,0.0,0.841496637134926
0.44251011433583454,0.31504217591040373,0.5358968868518372,0.5507583445494127,0.4282023641659666,0.7062497208329217,0.6577104025240081,0.8072365638912968,0.3393806547260437,1.0073939518057595,0.0,0.985203606612628,0.7768946739301761,0.5464180302482566,0.0,0.5232527663251628,0.9736141737710431,1.091777352971309,0.3719355881744315,0.4796029514869631,0.5591424798427185,0.38067997292066735,0.8144770892983596,0.696450666515825,0.6148816137926993,0.9870926770230517,0.7847324661478354,0.8624706902141984,0.4015215752865001,0.5142744326992189,0.8398209954766711,0.8249599968594534,0.916335775545261,1.0126670625846503,1.0152910333596152,0.6395016012722924,0.9148475400793108,0.9868818000970312,0.768698366128223,0.8904719137836726,0.8448583706735847,1.0130454606414707,0.9828147535449172,0.6021581010004844,0.6590508755928313,0.0,0.0,0.17999003666364527,0.46938588655029834,0.44197953123435657,0.9824808468950628,0.6236884443975068,0.715656767434188,0.30318578912400873,0.4815950927341859,0.3535365922394954,0.38591656394174545,0.9274517004419954,0.915254860282189,0.0,0.0,0.0,0.0,0.4242336622883296,0.3812651084132529,0.0,0.730000103150098,0.9426115895161824,0.0,0.0,0.9156893409671197,0.6307711765996329,0.7489099373753492,0.4076391190325173,0.0,0.7716193387730705
0.6048332306514925,0.5783525390050189,0.9317335164624034,0.5091403621944168,0.89529156240584,1.0887634561121544,0.6724301325913906,0.9582805458468495,0.9978825166575385,0.4851075714546631,0.985203606612628,0.0,0.9109235521459982,0.8264830418777623,0.8949472854528662,0.8799138450408908,0.7952636043766884,0.974660705913787,0.9703284310566409,0.19120866832736177,0.5806196763896403,0.43390439637372047,0.8521694253017384,0.44395222903118026,0.6689137252695834,0.5074151202249355,1.0657670982213954,0.9070180574503497,0.9487168711080063,0.3358624315170481,0.7756873319746487,0.2757342030428623,1.0940151372361806,0.48775062476251335,0.5745361525175915,0.8098635500169151,0.48310813726338475,0.28598711630768164,0.42626145287944517,0.9785155972155989,0.369426444936305,0.13299883716333305,0.449202451607309,0.48756840733106666,0.9803998492655435,0.7304471447184241,0.5826225826624114,0.2704266644202782,0.20075067180950038,0.2693008991478981,0.8138136101698262,0.5176141523012423,0.245805535633879,0.9464309597945346,1.0807623758949914,0.2516495863980502,1.1455507890284864,0.8759643980425511,0.7090870706764455,0.6878052881788184,0.7828618522952335,1.0375479416000382,1.052964627692734,0.8432424109770573,0.8047469464472685,1.0610882419436851,0.45508032215688554,0.9331616084884152,0.7696942110088018,1.0443839299029736,0.9391954307806225,0.3831356394838771,0.8088314352279092,0.4911813171806424,0.0,0.8775334144903115
0.8247640789007453,0.7231295058669012,0.9742968657211701,0.7497190464568746,0.8537033568447612,0.7878373922311052,0.7584246846273055,0.9387346502009266,0.7911372350328906,0.8670826785223498,0.7768946739301761,0.9109235521459982,0.0,0.7461307234142063,0.545192496081495,0.8134421996183754,0.7310096189904451,0.8027523906663248,0.8934114919363703,0.7862253583050745,0.6493629720105223,0.8233185282295981,0.9618822996850598,0.6430432804606632,0.8284704221969259,0.5746781783867131,0.8756674562764658,0.6900430087966021,0.822049070709171,0.855125704835964,0.568374377506055,1.0110101959511992,0.8611987244482928,0.7487567745543087,0.8083477912073774,0.8974933625007766,0.8479143365557062,1.0148022586375687,0.835990651586808,0.6377058271914738,0.6278816075768814,0.7885961961479337,0.992809170692727,0.4698944537403952,0.7470053036647535,0.5740387455761496,0.8833761605944128,0.9465084187091719,0.0,1.0351273850116673,1.0534417385495058,0.7997684959139764,0.8855769657859831,1.072234329025406,0.6298573951891233,0.9316972805733459,0.5168237576053498,0.9879246739020455,0.4293124668549759,0.7472921576235781,0.7597431957245191,0.4231775785923652,0.584929853504349,1.0220453371563725,0.7403631592421434,0.593631399576496,0.9029452099581992,1.0898889090409727,0.5195933691745647,0.7882877527304182,0.759438370033297,1.0193915234723312,0.9150352322238815,0.9340564058435205,0.5542516011032868,0.7044023174708399
0.741843650567967,0.5190674366962708,0.8093420365528695,0.6732924686584322,0.5774086888583236,0.8344124121855283,0.4084190683489839,0.6482458988517874,0.7229582470810368,1.0108783920151025,0.5464180302482566,0.8264830418777623,0.7461307234142063,0.0,0.5601959071972478,0.629313129399167,0.4879477601888381,0.49676080016493623,0.6907575571353488,0.4280370724821584,0.4853000592584009,0.2851713758985718,0.8192277617195949,0.7121676922590445,0.5238398761099025,0.8335461452691049,0.8630004507458766,0.5881746434697569,0.42553785540187483,0.7914948772633781,0.5420471081482097,0.5048989679227266,0.24631165983159667,1.0587082178264566,0.3788336174562148,0.5033695585134408,0.47417390532162373,0.3992584157608837,0.7171833329169137,0.0,0.7186936069303214,0.833435666446952,0.5963712851190285,0.5054231527121023,0.0,0.0,0.0,0.7845168551025276,0.0,0.533279513086711,0.47524472357279296,0.4784373530598442,0.5654263069451124,0.803931317656772,0.0,0.8788864928614548,0.40440267979884026,0.7100806647161049,0.4819153002525266,0.0,0.0,0.0,0.0,0.866709760041587,0.0,0.0,0.0,0.8907380715134928,0.0,0.0,0.0,0.8520721598971454,0.7057929605866349,0.0,0.0,0.0
0.6094237839068404,0.539862208992273,0.34217582180017414,0.6403112597483722,0.49094268760774373,1.019189070140207,0.5044329908877208,0.5034600056261849,0.572349921035054,0.5703399779471485,0.0,0.8949472854528662,0.545192496081495,0.5601959071972478,0.0,0.8104435174499962,0.46024736129172733,0.727082811545839,0.0,0.4856165600218194,0.5672844570489369,0.30734086692394347,0.6515225587188431,0.6325021196418553,0.7490971461843836,0.505104365281146,0.7547116693688112,0.6786225513226363,0.9864288172949989,0.6403524172268938,0.4477279142789644,0.4512828225038283,0.6906825657710387,0.42459155331626647,0.5270290786331906,0.6448904382829816,0.45871035534827276,0.3651730641001825,0.5458334809403588,0.8040358423185368,0.7372295810917291,0.6785519047878015,0.5103033902644153,0.6230441515704348,0.0,0.6571745130776154,0.8578931643595029,0.47248940043677434,0.0,0.0,0.8454319653885009,1.1705962105259045,0.5009226768429342,0.5284223572466593,0.0,0.0,0.6989654348145442,0.619055085885639,0.48420793905583237,0.7585637248533033,0.9180048488035899,0.6613885314633494,1.017179412855828,0.0,0.8888627500618329,0.8855207203476121,0.8770261522324809,0.8186890573318883,0.4915449245620568,0.8924422695055354,0.7925771244005375,0.8324890366793762,0.7048834841459903,0.8068082450171087,0.5713650768792746,0.6025545585384969
0.9329787098232503,0.9299368167492617,0.39410959047730776,0.08498192155912904,0.7966771993460311,0.7465264334231347,0.7595012387067765,1.125593596682089,0.5340029151075302,0.8139222935261542,0.5232527663251628,0.8799138450408908,0.8134421996183754,0.629313129399167,0.8104435174499962,0.0,0.7095941907962412,1.0912780294373718,0.4601411731857867,0.4948094293226908,1.0070373259802832,0.6736353654025896,1.0269572384546997,0.6654580614107036,0.7653397335797978,0.6996947210998932,0.9697652050785351,0.812665364385297,0.7163976557780329,0.7102427771175422,0.5675526553866724,0.7690975588612122,0.5679704019572973,0.6141940836297624,0.7457879853442415,1.0898689010010347,0.3667433811994451,0.5976203133989446,0.8208602700306201,0.9890677969036872,0.9360646535997175,0.8209571343403925,0.5069722011840585,0.0,0.0,0.6872283201427445,0.8802405420575417,0.0,0.0,0.0,0.8908541537303762,0.6055576722137552,0.8353276039980764,0.0,0.5619358777035952,0.0,0.43479129210354794,0.8981387091169482,0.0,0.9456529024735411,0.8699224010253837,0.5730911512827004,0.9650251213695875,0.0,0.8813876690810736,1.051964747409015,0.8801014886015448,0.9302799505153279,0.44030600211580917,0.9878139519743672,0.9723227273753876,0.9166669502953568,0.6455388807422808,1.1437707308069482,0.0,0.5294499086500801
0.42913217904422035,0.6413712849486981,1.0722663736613383,0.5665396576759583,0.5493202753832814,0.9581275863172702,0.751049512262381,0.430305815882967,0.8462779568557336,0.9118619479847074,0.9736141737710431,0.7952636043766884,0.7310096189904451,0.4879477601888381,0.46024736129172733,0.7095941907962412,0.0,0.9154971917542591,1.0846465268823362,0.5204573117753126,0.5325160053129674,0.6457249264387281,0.8163457090617972,0.7161409737204263,0.7880609061866433,0.5110835615920087,0.7680557699836948,0.9012444355663545,0.4829603372498156,0.8343362090941713,0.7968770534657311,0.8436555638339257,0.995422794016027,0.8578790378993223,0.9556679018689977,0.6366703500915426,0.2720425635119574,0.616676770758966,0.6188779747303141,0.4516252111407477,0.518737686101044,0.5610831937288581,0.0,0.0,0.4636930630375494,0.7091242768125016,0.5336104878021017,0.0,0.0,0.0,0.0,0.0,0.0,0.0,1.0709673350044935,0.0,1.0698658930034395,0.3172425516087356,0.0,0.7880773864370585,0.4353020164762129,1.0257219722143756,0.9821824390714576,0.0,0.0,0.0,0.5473365813494324,0.0,0.6213822578314956,0.9865056583594833,0.9854429104727144,0.0,0.3069256549402316,0.47934281397362344,0.0,0.6525605153185539
0.9729750505255463,0.9651441769343874,0.5138836565596292,0.5079636076552276,0.43650556451266254,0.8361019779889551,0.6352008235668545,1.0490281657254075,1.1135725252930988,0.7966055211281784,1.091777352971309,0.974660705913787,0.8027523906663248,0.49676080016493623,0.727082811545839,1.0912780294373718,0.9154971917542591,0.0,1.05594338178423,0.716308118122042,0.9915240021405642,0.7528721501165074,0.9864363961622806,0.9046056185642543,0.7925284768056341,0.7234833775686694,0.9646035162050671,0.8352704417399486,0.8092118683335543,0.629084767404192,0.8030255794920751,0.93110946985505,0.9424937111566283,1.0350330410061455,0.8074170852613305,0.9793230149559103,0.25706332819046246,0.3735885385862988,1.0571690378556116,1.10167414904864,1.072362245711232,0.5613140500024011,0.0,0.0,0.5585361539345045,0.9222445107094044,0.9526703047966897,0.0,0.0,0.0,0.4792272397187496,0.577337450054402,0.8478920684541875,0.0,1.1340519898499446,0.0,1.1162033880938582,0.5309216594445175,0.0,0.9323581934134424,0.9889675567793739,1.0988385957589193,1.0602355861187138,0.0,0.8118277078357643,0.6782296653202624,0.965380906886579,1.1070616197460785,1.0451055726088887,1.054739025529659,1.1174354144664154,0.47813889046566194,0.7077013008589896,1.0251294334363223,0.0,1.0575459879415177
0.0,0.6075751921277235,0.17667127984142691,0.7809578066333609,0.5466096506003965,0.6964798805554109,0.7898798074937354,0.7740220430589134,0.24714120987867622,0.9786402621887751,0.3719355881744315,0.9703284310566409,0.8934114919363703,0.6907575571353488,0.0,0.4601411731857867,1.0846465268823362,1.05594338178423,0.0,0.5230105889123133,0.46128649267895155,0.646053802927858,0.2727916883772511,0.5079798426124599,1.0498933162526147,0.5194672851015925,0.612313341039268,0.947232862343334,0.5851301384577416,0.6184165235958146,0.91949387855973,0.9619802363590162,0.5235735351346366,1.004375873799827,0.9728935470643282,0.9837316214698971,0.9704670789185963,0.9103414991583028,0.7950408565314291,0.38648036139913056,0.4367274283147826,0.2186888280129483,0.9307544450432076,0.3651660819539492,0.41512803238968027,0.0,0.0,0.8098601692078615,0.0,0.699499621546751,0.8046116189573582,0.6014764492945389,0.8621733673205988,0.8934610567473353,0.8960835527636248,0.8235271474405614,0.5299652249026804,0.822760537905632,0.8951448947244056,0.0,0.0,0.0,0.0,0.7941116736483461,0.47002255036394924,0.0,0.478762655135511,0.8787436395441778,0.0,0.0,0.0,0.9057493234916323,1.065634256703716,0.45869259656218,0.48289287212507326,0.9888241797153607
0.6763607329379451,0.6438992929027638,0.37190486190520367,0.7722852946044383,0.51140267133497,0.6276077108882661,0.6950773734274096,0.45925539029230195,0.4905705237870038,0.4630509295759444,0.4796029514869631,0.19120866832736177,0.7862253583050745,0.4280370724821584,0.4856165600218194,0.4948094293226908,0.5204573117753126,0.716308118122042,0.5230105889123133,0.0,0.5355290476873862,0.4758115028842854,0.4030319958695024,0.9060417250865966,0.8197678149474166,0.5496222145365184,0.7685856021546602,0.7964507054203862,0.8492996279443027,0.5177535398666052,0.5634809682809314,0.3981017332676968,0.4811320511932524,0.5072869421422515,0.5381809896453897,0.7269941100496308,0.4701206961399551,-0.16316950310413475,0.5684811931228232,0.8335857962968615,0.8169972918330779,0.612923372260065,0.8617115519740814,0.27561164095197865,0.19843086322154332,0.5227433632075721,0.8109140921358257,0.4600701783591149,0.0,0.0,0.8829589815037744,0.6292751443226411,0.7945866819874996,0.40031361633073315,0.9900104305481342,0.0,0.5974154998245975,0.9689870495135045,0.0,0.9444919522815975,0.8425521227324524,0.5074279398676484,1.0279828999497018,0.0,0.792828110869007,1.0193118847934244,0.8423841942890404,0.8875863882575307,0.0,0.9811517258261351,0.6917214122350193,0.8754722908083771,0.7567212721505471,0.8714540313663898,0.6081686714241166,0.6735715455509893
0.3238424367668209,0.6212386363176339,0.42119021639856,0.44712176249477714,0.4849073905050684,0.9318973785036045,0.49777096011048527,0.4750552279865733,0.3848104031831081,0.7858657309293748,0.5591424798427185,0.5806196763896403,0.6493629720105223,0.4853000592584009,0.5672844570489369,1.0070373259802832,0.5325160053129674,0.9915240021405642,0.46128649267895155,0.5355290476873862,0.0,0.4548812239417798,0.7246361559904395,0.46214727884059126,0.8560165623042786,0.7914645797749024,0.82818654057734,0.6499718570845325,0.8958077310565976,0.5119863548651049,0.4669664876462637,0.5564276714519284,0.7250161807678681,0.3936839835646594,0.52101003274229,0.5564169968281658,0.3486245279997239,0.6048048058133322,0.5300809895726561,0.6036682219096183,0.6637978120391308,0.5689828164309972,0.608750401805351,0.0,0.0,0.06188404075328088,0.6009892202592904,0.6673257570714846,0.0,0.0,0.8647827984153788,0.4678611803317281,0.8441089042611281,0.51732113667421,0.6340402785417107,0.0,0.7889904431030246,0.7752594074852255,0.0,0.9558266470453937,0.5233086135102607,0.0,0.5656999466464415,0.0,0.792802703506898,0.9653054234486492,0.8724343576482002,0.8211450592619213,0.8101752478191768,0.8361329187055877,0.9014177567872984,0.7661260474861151,0.6974089950138893,0.8387156703337465,0.43282235404080216,0.47581634242118115
0.7250381036610388,0.6158460435326174,0.6115962277254101,0.5709149806806739,0.7306194983146603,0.5936874284815739,0.8094162804515533,0.6974401424718105,0.7728015625354416,0.6605159166788868,0.38067997292066735,0.43390439637372047,0.8233185282295981,0.2851713758985718,0.30734086692394347,0.6736353654025896,0.6457249264387281,0.7528721501165074,0.646053802927858,0.4758115028842854,0.4548812239417798,0.0,0.6672992460214324,0.6430404178756883,0.8565253701048778,0.43903296071205844,0.6669887388175911,0.8819602486819773,0.7017795285627266,0.6957937741324544,0.4801013417414075,0.47300045881657626,0.4988532915527467,0.5109794979139308,0.5266668382366526,0.5270579012557404,0.6885821613406282,0.6002493506598978,0.49589548902046,1.0286948951631714,0.8207997360731374,0.8687403692576198,0.9665197876269542,0.36870066104624805,0.23994831706438496,0.7125909908705528,0.879385705406515,0.5572610812033227,0.48813743191885256,0.7379714424320056,1.058765906549464,1.0246066750017533,0.6505778437018002,1.2268054052742552,0.41797436275713795,0.0,0.5429225935970344,0.9670354923508968,0.0,0.9397140396432516,0.8850813809376892,0.4546563069008863,1.0687223573140279,0.0,0.8327964517239634,0.8630613490408819,0.8248452077968946,0.9004221470415505,0.7990762291909405,0.9081023974300753,0.8690599947161324,0.9169307851596341,0.8703718722798628,0.8921575488056583,0.5541127981377585,0.9435359440256545
0.7026773524553735,0.9518635401189952,0.2300871363174603,0.8123780261396412,0.7570245239619441,0.7738794868496108,0.8875457473167165,0.7117009749811911,0.734947195787462,1.1015187750196853,0.8144770892983596,0.8521694253017384,0.9618822996850598,0.8192277617195949,0.6515225587188431,1.0269572384546997,0.8163457090617972,0.9864363961622806,0.2727916883772511,0.4030319958695024,0.7246361559904395,0.6672992460214324,0.0,0.6758085295514031,1.0121273611152846,0.7908009801038718,0.5813282772321406,0.8303369783097326,0.8986113224400201,0.7529749627112585,0.7791630378455177,0.8903715578512156,0.8330132602491969,0.8525436675954546,0.8330282287093985,0.8562038423077215,1.0324411188097558,0.8483230461581139,0.8411962666237756,0.8311372455707006,0.8512151640450902,0.899066725742125,1.0307013422476141,0.9078377218977671,0.5665109270175056,0.5594433632645608,0.9751994827881767,0.6593020671933825,0.4866095283269277,0.8926798109785734,0.9106738074806204,0.8190199946752639,0.8801464518329547,0.9489624777929477,0.8647294835657786,0.5791344268767382,0.4504814829142193,0.832316154719692,0.8670937301956835,0.9587940870464244,0.9936114526715932,0.5053013677697453,1.0661643561263596,0.7856915968862744,0.8830129920664676,1.0540934742083952,0.9500725230995661,0.9806575917393581,0.20981775548116066,1.0333605301584796,0.8661968671058835,0.8207019300725615,0.7887852786970116,0.9506289639944323,0.8012012137023135,0.7188593775744448
0.5745510916495824,0.4433389166551063,0.4318322812554348,0.2467773265994953,0.528366394305587,0.8072014285146326,0.21336053052893458,0.711979219514747,1.0051742905184695,0.5631768567622608,0.696450666515825,0.44395222903118026,0.6430432804606632,0.7121676922590445,0.6325021196418553,0.6654580614107036,0.7161409737204263,0.9046056185642543,0.5079798426124599,0.9060417250865966,0.46214727884059126,0.6430404178756883,0.6758085295514031,0.0,0.7367316881430299,0.41932987690274104,0.5657911090536593,0.6529933195479642,0.8452190253951671,0.8672720542280756,0.985630274632771,0.3537812208800404,0.8851993023171838,0.14554465018132612,0.18139636111588459,0.8965693912854029,0.3867634974942032,0.45949487192711735,1.0622526624074398,0.964319563523501,0.13188109877848414,-0.17440121028796474,0.6255359367114914,0.3797946624913303,0.921288520192642,0.42068423126520404,0.5991651042523476,0.0,0.0,0.5110226002191101,0.5959739653440865,0.3279611248554839,0.0,0.009539334547522722,0.8070704493838369,0.5837143332073937,0.8206058437321735,0.45557087226730897,0.0,0.22829739663249504,0.7889917934657475,1.0263618030658996,1.0619213966423724,0.5078051391353984,0.36616604833435396,0.46108406942205205,0.18333458492178392,0.8383210970765562,0.5313855196247821,1.0185925524022679,0.9620361140880295,0.5460866889510838,0.6634974595632479,0.6542413989496695,0.0,0.46203389167717446
0.7651429449904952,0.6800674343498907,1.0710516179066756,0.9250393724843446,0.5650607447553121,0.6375497580271974,0.7015914677520454,1.0066547063001072,0.5748501377807826,0.7034425480282104,0.6148816137926993,0.6689137252695834,0.8284704221969259,0.5238398761099025,0.7490971461843836,0.7653397335797978,0.7880609061866433,0.7925284768056341,1.0498933162526147,0.8197678149474166,0.8560165623042786,0.8565253701048778,1.0121273611152846,0.7367316881430299,0.0,0.3866191331087856,1.048449653247407,0.9145316187446837,0.8084808238103172,0.6785198495053486,0.7837606793035969,0.5307655833427469,0.8736281645629924,0.7241510140738663,0.7168631586969817,0.8391788606358076,0.597251340653462,0.702385190399775,1.0335689311421241,1.086552456673027,1.062282688576214,1.0471626174899953,0.110592279624525,0.0,1.1186589434581653,0.8870996406558447,0.9883125138290949,0.0,0.0,0.0,0.985441211631009,0.5638943331504449,0.6984805016320508,0.45150353243544844,1.1136759591820637,0.47174994770395906,1.1256041398420018,0.7627247972199436,0.0,0.9283257231954567,0.9263506721492064,1.0679505697030067,1.0651118174979173,0.0,1.0276937985634989,0.9020738237519167,0.8536953360780373,1.016202178302004,1.0536860553291532,1.0482624880591684,1.0357111180151732,0.9718397264766772,0.6487961071517448,0.8504020416864138,0.0,0.9787256274374102
0.5957336913686975,0.4122041213675147,0.48502798328376673,0.6483942681766852,0.4722014377078272,0.9474650007781948,0.5113203126625,0.9878293566592408,0.7470093224574231,0.45025293571442637,0.9870926770230517,0.5074151202249355,0.5746781783867131,0.8335461452691049,0.505104365281146,0.6996947210998932,0.5110835615920087,0.7234833775686694,0.5194672851015925,0.5496222145365184,0.7914645797749024,0.43903296071205844,0.7908009801038718,0.41932987690274104,0.3866191331087856,0.0,0.7514448246708266,0.8087359739182707,0.8040375454725431,0.626618416468016,0.5358844805408505,0.6868137234971453,0.8330648356115229,0.534950701369532,0.4977683186273153,0.5832184522192616,0.5035999604326399,0.39391727774056273,0.8404478736143837,1.0812511727891425,1.033008985090288,0.5862636100719831,0.20304695497897257,0.5493659013593919,0.8612666049825626,0.7275226049255783,0.9263825208730759,0.6818492663361133,0.0,0.0044386599637340285,1.0302295157899284,0.8855059460769147,0.9610002315414894,0.399805046791265,1.090855360145461,0.0,1.0969794152259098,1.0466621108465775,0.0,0.9499560770182482,0.9336453697408287,1.041102936356221,1.0508556899029875,0.0,0.8474110796321433,0.9565301861567032,0.8870723645102345,0.9696320605814341,0.8399443852970642,1.04606892974283,0.8855658677513982,0.9659712326853858,1.1574162160645813,0.997076433323552,0.4702673141948226,0.8412411501317734
0.8066034348849018,0.7833577131557414,0.42458026019791106,0.9206575885235146,0.7303908063060751,0.7373791201515631,0.8208959025501606,0.9192707628152812,0.45428132863845017,0.9573046940771965,0.7847324661478354,1.0657670982213954,0.8756674562764658,0.8630004507458766,0.7547116693688112,0.9697652050785351,0.7680557699836948,0.9646035162050671,0.612313341039268,0.7685856021546602,0.82818654057734,0.6669887388175911,0.5813282772321406,0.5657911090536593,1.048449653247407,0.7514448246708266,0.0,0.8035296756148165,0.8045470915873127,0.6512000494550579,0.5390651858617022,0.6891274338277763,0.6848450396596002,0.631417452011996,0.6772007839214405,0.7188804977050467,0.983392575408722,1.082147522864999,0.8347320364161909,0.8321904643332199,0.8751159188816368,0.8603626072412083,1.0657179035922553,0.9551831426692916,0.4088298940862271,0.44181193820801584,0.7902180732111808,0.9180752823599192,0.9503438634250561,0.8565305806176784,0.9181510505566043,0.8002259466657983,0.8242741668588128,0.9638026975086306,1.0486051406299548,0.9229247546333872,0.3903635092817262,0.8598446524508605,0.9388697023576092,0.9405376644560288,0.9342246006655502,0.0,0.8945198519800239,0.948272350808085,0.8478358135300437,1.076764561803502,0.8159452751435048,0.889649732713055,0.0,1.0177525032152936,0.8109568630459199,0.8478638816719675,0.8201091078239522,0.9070177619058739,0.7046508632079889,0.7216281690311901
0.7037633823217861,0.915189087928306,0.9920467005646378,0.34097790891704216,0.6277953629216008,0.9244374584442157,0.49184665284893353,0.7520556919433458,0.9510384814819948,0.8591707161262346,0.8624706902141984,0.9070180574503497,0.6900430087966021,0.5881746434697569,0.6786225513226363,0.812665364385297,0.9012444355663545,0.8352704417399486,0.947232862343334,0.7964507054203862,0.6499718570845325,0.8819602486819773,0.8303369783097326,0.6529933195479642,0.9145316187446837,0.8087359739182707,0.8035296756148165,0.0,0.7811954045615327,0.48358814573763714,0.504275586419455,0.8349287624323012,0.8746400740788005,0.631611727735466,0.978447247218551,0.5341543502230239,0.49842201179525253,0.9868181861783369,0.627785717821008,0.3752825153996926,0.5098244732766251,0.5312065122995662,0.7154882060796584,0.40932147310642764,0.8961993518889151,0.5984686979698165,0.9005370147281551,0.9468526150085832,0.0,1.0293898966742026,0.9478264102165153,0.659684200790801,0.7144995114115793,0.8650475269746234,0.314129504806551,0.5329978162785077,0.48209421817481235,0.6396156191509148,0.37342465442485295,0.7692534705813405,0.7912674059313777,0.19045943811708632,0.5978565123434016,0.724636491537233,0.7802984807864504,0.6174316216266409,0.7781710078373287,0.9166789199079817,0.5655885803337832,1.017601272075234,0.7346173396741412,0.87895900821391,0.6862859790885613,0.8499545138760851,0.6728928620000938,0.7568948876734058
0.8911069468796416,0.6487689834480537,0.5700530386448271,0.46579483101563623,0.8960035208738886,0.6319365325351365,0.9007749077624692,0.7596698355709869,0.8959720113126366,0.7792546919275212,0.4015215752865001,0.9487168711080063,0.822049070709171,0.42553785540187483,0.9864288172949989,0.7163976557780329,0.4829603372498156,0.8092118683335543,0.5851301384577416,0.8492996279443027,0.8958077310565976,0.7017795285627266,0.8986113224400201,0.8452190253951671,0.8084808238103172,0.8040375454725431,0.8045470915873127,0.7811954045615327,0.0,0.6138430520393625,0.6663177989077655,0.4144322718878306,0.4330162370153382,0.692009156858503,0.6575485420529965,0.5775744801545992,0.6781899148064208,0.6829051688206704,0.8741692729622058,0.7996862506889103,0.8765739277174435,0.9385712573081596,0.6788825712926836,0.9385201784297704,0.6278843940841692,1.0036655953168048,0.768681904728081,0.7347327984504188,0.4922231971773707,0.6997300292137674,0.9616589336412009,0.8673718613488282,0.9138510942976652,0.9226157771140002,1.0802635954516644,0.4383586649687614,0.5877043176382537,0.8735946359094096,0.7823279147789064,0.9407262766668143,0.9306800556817257,0.48291139256611004,0.9816390295260209,0.5347293899151824,0.8472477338549781,1.070904747404859,0.8734907961190709,0.9430431419478835,0.47237366089421573,0.9748634364835368,0.9252601463358285,0.8977312464831457,0.8581172903597656,0.906287255429561,0.7471188332499292,0.7641871107340513
0.6616972452334846,0.4821048711263519,0.6199159586376017,0.45707728812344345,0.446746774821643,0.8124323275192527,0.5021648291548318,0.572266936530015,0.6021759973592913,0.4410997776468326,0.5142744326992189,0.3358624315170481,0.855125704835964,0.7914948772633781,0.6403524172268938,0.7102427771175422,0.8343362090941713,0.629084767404192,0.6184165235958146,0.5177535398666052,0.5119863548651049,0.6957937741324544,0.7529749627112585,0.8672720542280756,0.6785198495053486,0.626618416468016,0.6512000494550579,0.48358814573763714,0.6138430520393625,0.0,0.51966832540651,0.48711383073522013,0.6633181479090269,0.5785389229225537,0.5000968765860546,0.4789224599207508,0.5169636421824927,0.5007085253111234,0.817615974281698,0.4575462712804626,0.5352748099606042,0.7162524782832194,0.6204610106632873,0.0593082347789962,0.0,0.0,0.0,0.19700967117187645,0.0,0.0,0.7277141089910015,0.5419631711838195,0.5355587079526716,0.6963026965996036,0.5216647983612932,0.0,-0.0007504455192047579,0.5356754947331304,0.0,0.4400839542098075,0.0,0.0,0.9488271797127659,0.9941817859658995,0.67880538557743,0.5358375649120143,0.563047714802982,0.8285955885073694,0.0,0.3620637500576693,0.4889587911833736,0.8156037640098048,0.7466119390216164,0.7140084591678624,0.41969315224763,0.40555094054972773
