0.0,0.1899186358388317,0.3680938900962989,0.0,0.4070811519694999,0.2114180315895652,0.4107501571068205,0.3240266377353217,0.44494356572452926,0.4838493103738865,0.43881402719038737,0.460676586154818,0.43489210547036483,0.5061082417049196,0.14499694046716405,0.28873009111081444,0.4275827367336934,0.1662387680887243,0.0,0.3763479073216878,0.28927671608746364,0.15060771266197043,0.3971735812655075,0.4706977253396647,-0.13722585049571362,0.3628270989759964,0.3381351872244697,0.45053928554202743,0.43407913122683206,0.6550486687339524,0.327455399730769,0.42689085402209637,0.40694360577979816,0.24647607541638403,0.19159578276391254,0.6423929721891594,0.4987606227608988,0.5089535257855886,0.174879434862935,0.08485767628682966,0.16006895640313146,0.23018725255293657,0.4684504945611556,0.0,0.460219221604626,0.33304465361420366,0.37708732513220333,0.0,0.0,0.0,0.5001940517692187,0.0,0.5908836613192187,0.0,0.5592185619514762,0.0,0.5625004281513097,0.7175198444007934,0.0,0.5719622464808645,0.2949781719769078,0.2864856219119622,0.1808040305302332,0.0,0.47345808450224586,0.42829567898425996,0.37024811775942384,0.6398524021011128,0.3664988171537964,0.16910902865849659,0.08521901545817517,0.4586255605170421,0.3884948343207676,0.5587936779721163,0.0,0.582237459866346
0.1899186358388317,0.0,0.21902713245460853,0.3386048118788543,0.2864788848102563,0.09704057139018707,0.35289298199324703,0.3704587155421555,0.10804270687315881,-0.12928534654523965,0.3231258020886517,0.1367322145359398,0.351530492913394,0.5022492174932977,0.17397683229767752,0.16168990032327146,-0.24705016208244468,-0.17387279814689338,0.6414059787255584,0.5344620445143025,0.4696459086847448,0.5872027207885586,0.32556083078570325,0.18478924620466633,-0.023453935776327595,0.37344279467483305,0.2026735239345897,0.30253491562960055,0.2885805380981212,0.4299157326463525,0.1277488211627687,0.0842449015275803,0.16492238762435946,0.07825068220310996,0.09483923270818206,0.459217665599201,0.2266260386597438,0.0,0.14961865127925264,0.27535349479750054,0.24785592942934406,0.12947223542512362,0.6344075292527211,0.0,0.0,0.07082204561513561,0.30896597231595596,0.045779727178112836,0.0,0.0,0.27502562137515346,0.6293790460752331,0.5644108919054482,0.5661483058097629,0.22045066364908103,0.0,0.4445291014378022,0.2486585374573675,0.0,0.27995066248086486,0.141936501756409,0.6254174037739328,0.10957328683852671,0.0,0.361743782122276,0.3395284996538661,0.40431827252858843,0.3491883298005656,0.4399873390970509,0.07902962362729316,0.2585140555489663,0.37127804967333533,0.5110851712476184,0.3291329294568357,0.0,0.29409547825315313
0.3680938900962989,0.21902713245460853,0.0,0.6164941903774153,0.5559467314771133,0.23025522868745146,0.7054267912722556,0.5511127964360761,0.5378511177634071,0.6258325447465143,0.7193405499551688,0.48571106055099633,0.7594523297573359,0.5529891696134331,0.3400121506182969,0.44154985142693204,0.6211517233166399,0.5190254356372658,0.4459611558249561,0.3912432302171042,0.15152986384619158,0.5899725730317229,0.5155689982791465,0.4024435669892671,0.09772241425471784,0.4722561653350599,0.6665999067320763,0.650651492254672,0.35244651690081985,0.3497501460679291,0.6668723160099002,0.5527984567743833,0.726040756938584,0.6527596570835794,0.6737139057178891,0.6084285694321466,0.6228651634977542,0.5941619682786908,0.5924003456631541,0.49491754769498025,0.32161005277517585,0.524977292664541,0.6418019653132367,0.6804537903806609,0.0,0.0,0.2024368341775808,0.3268192932975409,0.4783190469698085,0.4448648646938842,0.4986134985572021,0.5047883296280388,0.5206555850330307,0.4176811331210093,0.3711900318611545,0.4732319476599497,0.4714567261342456,0.5758979009978125,0.6196051651541503,0.24646706451392422,0.0,0.0,0.0,0.3087186243415996,0.6379664556581416,0.4459653626625131,0.10188326809400688,0.5799914331541873,0.0,0.6329750364304256,0.3505356776534717,0.24477714866039937,0.4240834816064115,0.39679957713056013,0.6872521309079963,0.3281067471263017
0.0,0.3386048118788543,0.6164941903774153,0.0,0.4015647867021661,0.5953283842428192,0.3384026302832347,0.0534381461242307,0.6869865936929105,0.30325373143884654,0.5144858932619887,0.33491467515382706,0.44000461230107313,0.9839200517954028,0.6062662151356584,0.10633308920578133,0.5561046433388984,0.467263477189817,0.6659979999542132,0.7011071423274238,0.41138737087508126,0.3303955379611474,0.5192240236254825,0.23839457555819005,0.8763969568073482,0.6188449985155959,0.689289071455186,0.7185654416323655,0.9226433017984887,0.4882265542455103,0.6133910067091852,0.8865270192962975,0.16803337235931798,0.8027966515484156,0.7167226542584987,0.5927042853088278,0.5050383170081105,0.29204627482880363,0.1753872767638417,0.2989417054915109,0.38076746810285844,0.29125861277994325,0.2308411810628159,0.23964924476384308,0.0,0.0,0.0,0.401679871618024,0.0,0.0,0.5956945320564885,0.0,0.46440040869606014,0.025569291673501277,0.0,0.17847360658993433,0.4778458199907787,0.4530241428758986,0.0,0.0,0.0,0.0,0.0,0.0,0.0,0.0,0.47728679309495853,0.1567802261397344,0.0,0.0,0.0,0.5099729707027741,0.5448750951888652,0.5837706237244784,0.0,0.0
0.4070811519694999,0.2864788848102563,0.5559467314771133,0.4015647867021661,0.0,0.5282026711222082,0.49072458207149605,0.7224984738578397,0.44114368547821575,0.6815820461963912,0.5161087284432487,0.569124671524547,1.06866143264749,0.5158228414985964,0.49130858720866977,0.40896364592983075,0.5882112159296268,0.44823295745764263,0.46112466165028176,0.40205123834664697,0.500284053819737,0.46356481774813163,0.3467526073810266,0.5282391452882896,0.17076922419810853,0.49772411155016033,0.565676510143883,0.7511027820623765,0.4106117046056698,0.49813964355900076,0.7002854414477897,0.370980526190495,0.6771671289475891,0.6496338733858995,0.48869054023604785,0.47094221002921427,0.5946977855609039,0.45282572041173,0.5683787683024868,0.7131119419588321,0.018943997835927817,0.40312871221948654,0.25590754872489146,0.6611403906030887,0.2563529078468096,0.0,0.42188629891250873,0.5312042428668364,0.0,0.571682952965247,0.38817612981043603,0.6081376242003395,0.5679538160062703,0.5728554357430341,0.0,0.38821411957579577,0.35218650167301624,0.6591882425525726,0.5265802897920725,0.25512263065982843,0.4571883124503106,0.0,0.0,0.6528777846115039,0.3172453169808478,0.495451227379451,0.3661048357281757,0.4741729997043095,0.0,0.4955499663238472,0.5657184610972872,0.7143578388999372,-0.0075788199499750575,0.45603797598486834,0.0,0.5165404157596384
0.2114180315895652,0.09704057139018707,0.23025522868745146,0.5953283842428192,0.5282026711222082,0.0,0.4742709502319965,0.20709821552005309,0.3795195177082813,0.5133475764948234,0.5655446820299381,0.5280911732127104,0.4708560008260527,0.28630792185854387,-0.06163451290723221,0.3748852743069757,0.5357303207206296,0.10278077967652471,0.5014550888311778,0.41925188929859847,0.15908327128651878,0.2711903690225407,0.10957925014990061,0.3264278698150884,-0.07656816420650636,0.09930927831463482,0.3929209933601723,0.5854785211880524,0.605761373257039,0.41820916423119414,0.41166945741960503,0.31618209316040874,0.289787964786268,0.39889853695910116,0.4419982105417367,0.42245088875605874,0.5994344978839179,0.4962057338307368,0.4630978789149921,0.10307638160026705,0.21373702976109382,0.27221142492888895,0.544089655587005,0.4147454517736823,0.1955028026466154,0.6247537116939124,0.24130155935162542,0.4208969054406657,0.5639887722795109,0.3233848805235108,0.38841855977618256,0.4538724618229273,0.5127876760694945,0.3758554700785951,0.700279340124502,0.6342017302035099,0.3413694317157847,0.44544906718862187,0.5633992913386083,0.2191966998743614,0.2493209265531317,0.0,-0.201106348795888,0.3895681039039183,0.34194331393405064,0.2244949145680343,0.20610262563295076,0.4154915373886631,0.5756792463800213,0.031091543884865902,0.12511497435088426,0.4521316685646743,0.3472201567039739,0.35622025126843426,0.29056532185078593,0.34936076563157903
0.4107501571068205,0.35289298199324703,0.7054267912722556,0.3384026302832347,0.49072458207149605,0.4742709502319965,0.0,0.3591743442995069,0.46184723632829144,0.4264778676151968,0.6723609906892398,0.311704286421113,0.6032600252433709,0.43441102186968517,0.5269202940254376,0.5018229844593725,0.588638914355103,0.26435213209795116,0.6389752503566284,0.5308905522825412,0.3269615998940537,0.5010322195469501,0.3402774452451962,0.5248835044352187,0.2074261109606057,0.3427509452425066,0.4382691320661273,0.7763173697069273,0.5102768751882885,-0.04281641160798694,0.4478402898324374,0.6682734362879355,0.47825310534174603,0.4536144872107923,0.49821488225369137,0.7342966241077623,0.5164196658400588,0.5472012190722907,0.12967319486376183,0.4364115531578754,-0.01760876437724146,0.47561254256401975,0.24280670793355652,0.8283947364350372,0.3527947908963365,0.0,0.38052666748526787,0.31124712795744225,0.0,0.5477125803934639,0.39928192939681806,0.6543396750289525,0.48227511293574465,0.3348944531065402,0.5903316047224065,0.4301529182693243,0.4221037170914672,0.3869232582889331,0.3384987902595334,0.32415521711490186,0.6054343791326857,0.0,0.5393195771475936,0.5818833990541329,0.6168599446307899,0.4874768622916783,0.38301543174287767,0.41462477145492377,0.4646803493411058,-0.025838547428507275,0.22806195003444568,0.43515200302955653,0.4186473165179452,0.30338387002005873,0.7887931090740611,-0.12578848287259142
0.3240266377353217,0.3704587155421555,0.5511127964360761,0.0534381461242307,0.7224984738578397,0.20709821552005309,0.3591743442995069,0.0,0.5188338009062248,0.4953267508555722,0.3097355821098448,0.4783482283165865,0.33740969284322064,0.2481570496144314,0.5367901752394704,0.5144038378339023,0.47410282165341444,0.3659047319063151,0.33863975851105477,0.0346033507093601,0.4046681502498098,0.39085211486806587,0.3211763015407816,0.16081425922176956,0.24039163462194632,0.29939894670048806,0.3446032487508426,0.4366404500835608,0.4060063600750188,0.31217075974741637,0.4150135424605706,0.19226693193727776,0.5430361285984979,0.4062318164754568,0.47406370840692946,0.6187608219414468,0.4159606721557666,0.6006903655309106,0.42202813186457955,0.41372486734584446,0.12452773756399188,0.0060795448630368565,0.6437865734707442,0.0843627910563721,0.0,0.5614632915612583,0.3598986207392129,0.47285139802304466,0.0,0.5703779491690469,0.2858811152149922,0.3684907916912365,0.3716053783903245,0.28018943127528373,0.8228743100760779,0.559894823592607,0.9780202182123168,0.39088235291492546,0.560358425455326,0.6349278627900041,0.385272466529132,0.0,0.6667484863954147,0.4154624042196682,0.5173751408632702,0.6848501857380802,0.47997439769894135,0.5406380367118863,0.0,0.4697574584478038,0.42549638248544386,0.5522408255000815,0.3703789449594054,0.4586806993657344,0.5160840437612779,0.17362273961336944
0.44494356572452926,0.10804270687315881,0.5378511177634071,0.6869865936929105,0.44114368547821575,0.3795195177082813,0.46184723632829144,0.5188338009062248,0.0,0.7059836861883922,0.4619983922153492,0.651332056091908,0.7981906732240078,0.4679060229828541,-0.02408138007254479,0.34703427632382783,0.4823980040255166,0.3930944023310358,0.330199134969394,0.392962001197086,0.20409059973304394,0.3926335292654894,0.36537266759535736,0.5715744691935781,0.011516782269545,0.11473669995950095,0.6573724879397318,0.7392442894908302,0.5821002150747527,0.7163758553183264,0.7048669298698191,0.7070510644515822,0.5768203707201474,0.7595872729791154,0.8698243389391821,0.5770680394442927,0.7467743121850932,0.7233650594886503,0.38216080518216344,0.5296866052055285,0.1919422712735761,0.2853095334749979,0.5286950295534099,0.43038888369515316,0.28425139437836394,0.0,0.5131588944891955,0.4818871754257185,0.47404047375295366,0.6870220679419954,0.5261822877828282,0.5617604135992533,0.5489226315936016,0.3613025796768013,0.20868163417976948,0.5889003623085233,0.46681527363827535,0.44105610887318075,0.6340083012086428,0.4456335832630388,0.6944630787909029,0.0,0.0,0.3901999826765893,0.6093386512650389,0.672338688808114,-0.016965347610115866,0.4986722269853353,0.31887108791799024,0.5655861740882507,-0.1199611976578534,0.5377052043027064,0.45019487012757897,0.4350954888276447,0.4908287452442972,0.3903688048309541
0.4838493103738865,-0.12928534654523965,0.6258325447465143,0.30325373143884654,0.6815820461963912,0.5133475764948234,0.4264778676151968,0.4953267508555722,0.7059836861883922,0.0,0.6571428553298082,0.40888904203193216,0.3425407440695156,0.6211982529657609,0.4829687486300068,0.34842951027227775,0.415901237549069,0.3248732974192378,0.5583355222210997,0.18645696568511932,0.59980391797365,0.06669471680729391,0.35955084140128735,0.09854204247341294,0.5867472070961925,0.4776250389552823,0.4234415781031228,0.47313430081289887,0.3471774921431252,0.4150522140098113,0.5695758271684872,0.0006335858715748321,0.527328393582081,0.518976249035748,0.4659018294758961,0.6571963947685315,0.5515965653107552,0.36542010495267246,0.5660038009252892,0.37708040639102847,0.3909256287496317,0.04691370959595942,0.4658703914375196,0.3140371325363596,0.4662911398365435,0.6899983106840121,-0.11817923650300849,0.15745391951517124,0.48190851551598834,0.4600065878266315,0.5297160451736098,0.45641106636273676,0.5675171625317135,0.22930204487644418,0.4722546358806663,0.4253513799621996,0.4041143780850227,0.29147872468014957,0.0,0.9070800854201325,0.2790143339303202,0.40595287265167823,0.37900868132720744,0.4799546186151246,0.47259386764645783,0.5678974842190812,0.3366118968859191,0.38870987789241,0.24626580972595863,0.5063489693652414,0.4907526051214468,0.5691991019960084,0.3081082279003051,0.39851953971224263,0.0,0.4122617805986064
0.43881402719038737,0.3231258020886517,0.7193405499551688,0.5144858932619887,0.5161087284432487,0.5655446820299381,0.6723609906892398,0.3097355821098448,0.4619983922153492,0.6571428553298082,0.0,0.5745023484848837,0.7107493846678795,0.5569162818753629,0.0,0.5193594859240478,0.3819594729762492,0.5995977604296889,0.38151186807842874,0.45668606895355224,0.5456005119788224,0.3862178110707576,0.7260293482419483,0.34033886796658175,0.5067658676140192,0.6216352399353193,0.5507540451645756,0.6482322384830893,0.5678892258122904,0.5467326427503807,0.5942936381066294,0.4426952601456654,0.5587537359407404,0.6727010850479951,0.7052380566948189,0.6778184074771707,0.7053002180701127,0.6545509473729849,0.44566893032196164,0.5572251517128926,0.3556840619993103,0.4654731400866561,0.6099076723915342,0.5726848472427614,0.19002854042712075,0.0,0.0,0.5923054806495578,0.47545251572820846,0.3322032233640173,0.5498589192075082,0.38962269942314104,0.3149221628111371,0.5909485128127407,0.49453067839139536,0.1788697032367252,0.3967117590035991,0.4960130157606484,0.2503401172074988,0.0,0.0,0.0,0.0,0.18849661407419746,0.35428128896851296,0.0,0.6746243853026427,0.5362196707517946,0.0,0.0,0.9478249543849582,0.6515695358096711,0.4049948871131778,0.360754265737504,0.0,0.1982891604427201
0.460676586154818,0.1367322145359398,0.48571106055099633,0.33491467515382706,0.569124671524547,0.5280911732127104,0.311704286421113,0.4783482283165865,0.651332056091908,0.40888904203193216,0.5745023484848837,0.0,0.2831599103511099,0.6241927501730637,0.4062285997471474,0.4028333898489028,0.49685843300561117,0.5387445554606667,0.5751490968994887,0.5499515784876319,0.42994380460556736,-0.009669669141569526,0.2727753834710365,0.2748359399891567,0.5605766226315624,0.4532061807224253,0.44775233608970927,0.45125135688933826,0.6792666393072145,0.30055682345291346,0.36768466102903447,0.26627879578420444,0.6605538522813589,0.2704775443401493,0.5239595838751538,0.46928722241126053,0.31276172281950054,0.20921227850910568,0.8213919850922081,0.4896389516220352,0.4209169871157301,0.3038561926072373,0.43589627438911666,0.45920329149800876,0.5739900537558927,0.34916938923106344,-0.09920366486601484,0.26470805422011084,0.19342178365575635,0.29277977471885797,0.34409217065654196,0.49075627570887737,0.24648499980629102,0.41975298788456517,0.6089642199078185,0.23958754402061805,0.6215210570915348,0.23701490168484682,0.7233986749021073,0.6501093852069024,0.19549911509047554,0.4983226668074059,0.5693480728292271,0.34335806355327914,0.7792480796503696,0.7711077477843256,0.42764768303832046,0.49492687728038726,0.38078738037333487,0.6345323419362866,0.5744171080085259,0.3283335515832003,0.5767354403844303,0.50703495000611,0.0,0.572049445713387
0.43489210547036483,0.351530492913394,0.7594523297573359,0.44000461230107313,1.06866143264749,0.4708560008260527,0.6032600252433709,0.33740969284322064,0.7981906732240078,0.3425407440695156,0.7107493846678795,0.2831599103511099,0.0,0.7187089970876539,0.563428870095161,0.5103516417786071,0.22023641121670826,0.3125600112716631,0.6886446547899097,0.5124144298144291,0.37457463170499766,0.4639930364903353,0.3053159777391707,0.1316769992258308,0.19306974034622984,0.3342408460532153,0.5320712409710987,0.6595134059648802,0.5543730667533147,0.571230374435306,0.4094028747962905,0.7019217566885179,0.5343834895267403,0.46950918601944974,0.6316072066080227,0.9397712335918555,0.6559240388414208,0.45749522880501503,0.3416455364391,0.5065081692756002,0.17200719404979747,0.2884206316541317,0.5623865797045428,0.36988432906181434,0.43628916868677536,0.6434407029187672,0.539351107067463,0.4026744202194892,0.0,0.4449164727525476,0.43112967856009365,0.3863730951814865,0.5497282806459666,0.3617860870928211,0.543769124428729,0.48634068823994714,0.45172381594302674,0.5168936960529862,0.39676534283143466,0.36859927269383813,0.06667657992329692,0.4013457533645658,0.5587744522963838,0.3494671380933053,0.37729062120467804,0.45064554373744764,0.3979061954731473,0.4848877972250385,0.5099805563503568,0.055654851338129335,0.34084720853106454,0.4807853829478076,0.47374253409372064,0.3572094180612706,0.5532255745731853,0.18662741853854753
0.5061082417049196,0.5022492174932977,0.5529891696134331,0.9839200517954028,0.5158228414985964,0.28630792185854387,0.43441102186968517,0.2481570496144314,0.4679060229828541,0.6211982529657609,0.5569162818753629,0.6241927501730637,0.7187089970876539,0.0,0.518878286678192,0.5619635680674688,0.4971099068279432,0.4773408734544182,0.6003624843488102,0.3847525783315377,0.4797750194466231,0.27299092198777364,0.15418598335975112,0.666839031491588,0.49342342848889764,0.49206369903684277,0.4252248981165186,0.596959788651465,0.38857585620259016,0.8164780892644428,0.5141493947883191,0.46447547563827807,0.24803389031806083,0.6618220149538265,0.323686459780951,0.5797998940729893,0.6094507560550899,0.3932376462105792,0.6892797940839346,0.0,0.708505779583763,0.8499073760041744,0.5711856942794736,0.4776326182069951,0.0,0.0,0.0,0.5181887094330242,0.0,0.49412740930763827,0.44698742929634316,0.4164277353328073,0.5536249418073351,0.47473124039558506,0.0,0.4306130055449926,0.40927860188143406,0.7517837971636423,0.4599167957117344,0.0,0.0,0.0,0.0,0.5037066369236458,0.0,0.0,0.0,0.6005779653711041,0.0,0.0,0.0,0.5029490035612151,0.7500591497973396,0.0,0.0,0.0
0.14499694046716405,0.17397683229767752,0.3400121506182969,0.6062662151356584,0.49130858720866977,-0.06163451290723221,0.5269202940254376,0.5367901752394704,-0.02408138007254479,0.4829687486300068,0.0,0.4062285997471474,0.563428870095161,0.518878286678192,0.0,0.1463486905560009,0.44698606753164133,0.0111539018333216,0.0,0.5453991629476829,0.09964196722494256,0.4256799862556283,0.5173616449282631,0.17652515774272923,0.08335253689497868,0.5152486297051724,0.061883340946524645,0.49833179511585535,0.1314974737980406,0.47148146884765796,0.18301978982150358,-0.11713408991929364,-0.15520864982805116,0.12186304087656258,0.08791179781492575,0.31588327757942714,-0.2186704638470262,0.3770195723683294,0.1033072982102082,0.18405285570285798,0.1713573871252295,0.08917079534531047,0.5088441017122245,0.613877727350487,0.0,0.6390013714844192,0.25929632432876326,0.47871870158977486,0.0,0.0,0.07512502038846075,0.7086376240392491,0.5833057008360494,0.5534315568221306,0.0,0.0,0.6813370823929487,0.600550377714447,0.4773353020988072,0.4914268094057378,0.2955079838330357,0.6247728797711023,0.7494633957902017,0.0,0.565036291949635,0.07950488255242871,0.48268508440004076,0.5534189292372705,0.46304519240159064,0.24611004693661342,0.20978973784631536,0.34949170963298515,0.21146125857419507,0.18945520585543846,0.5461958491195289,0.13672322873623394
0.28873009111081444,0.16168990032327146,0.44154985142693204,0.10633308920578133,0.40896364592983075,0.3748852743069757,0.5018229844593725,0.5144038378339023,0.34703427632382783,0.34842951027227775,0.5193594859240478,0.4028333898489028,0.5103516417786071,0.5619635680674688,0.1463486905560009,0.0,0.3018961849059111,0.4900614750281498,0.4566619156013421,0.5260681514195278,0.32378109323346455,0.6732675282561543,0.41503465469937095,0.40072763722087495,0.10832764960035146,0.14901935658424037,0.36035961593301874,0.5698821216511957,0.5560580734782486,0.5551208447574636,0.41092852125258267,0.2241654862398256,0.4477975301001693,0.3294887911230808,0.24497265117842645,0.6353165432475827,0.38489396256038,-0.5951234896977479,0.21478112552753006,0.2236825498064616,0.23868857678434613,0.13421438055025497,0.4663554128705874,0.0,0.0,0.07390373237219283,0.36258503561537825,0.0,0.0,0.0,0.2892481188131232,0.6010873855571297,0.8228173795951153,0.0,0.21080946610398582,0.0,-0.024274657087254625,0.21235018659925126,0.0,0.3766942417133845,0.2988787006319513,0.5357768507884838,0.333124780340608,0.0,0.4029424908104266,0.12455301202628727,0.23768767246554454,0.31565734599838635,0.4374950195013527,0.3146604640452978,0.29138222655629903,0.3393594383197761,0.631167081587907,0.4529824924921878,0.0,0.09501320335568858
0.4275827367336934,-0.24705016208244468,0.6211517233166399,0.5561046433388984,0.5882112159296268,0.5357303207206296,0.588638914355103,0.47410282165341444,0.4823980040255166,0.415901237549069,0.3819594729762492,0.49685843300561117,0.22023641121670826,0.4971099068279432,0.44698606753164133,0.3018961849059111,0.0,0.3548611543246086,0.6711973399472833,0.19763546127627007,0.5375554150788387,0.3900125880040558,0.5004118037284611,0.3298658190376803,0.012980541264784928,0.2879605977411921,0.555227836578358,0.5746637202485109,0.36434823988941956,0.5047138421852697,0.41939701560920695,0.2944396718132113,0.47460417568061064,0.4189619917477544,0.45672037743146304,0.6151289807597301,0.2515645450674022,0.3424231617368202,0.5785908301495315,0.30760939334884063,0.31845960387368505,0.5454960828570861,0.0,0.0,0.19678952623198248,0.6544313526321934,0.5500741026679296,0.0,0.0,0.0,0.0,0.0,0.0,0.0,0.320608683842041,0.0,0.19159479695889453,0.31615970387767617,0.0,0.7996401934899011,0.3288042990274259,0.37819553933426414,0.3676960298934637,0.0,0.0,0.0,0.5284785177948917,0.0,0.33039818669953963,0.5378791330850841,0.5323880482485903,0.0,0.2939491719454468,0.47923413789158514,0.0,0.29098200816855985
0.1662387680887243,-0.17387279814689338,0.5190254356372658,0.467263477189817,0.44823295745764263,0.10278077967652471,0.26435213209795116,0.3659047319063151,0.3930944023310358,0.3248732974192378,0.5995977604296889,0.5387445554606667,0.3125600112716631,0.4773408734544182,0.0111539018333216,0.4900614750281498,0.3548611543246086,0.0,0.5095008630520333,0.041041949178655335,0.22387247519940812,0.02422209607152606,0.33429264092414374,0.25868789271105525,0.2739441614071626,0.07435880919459287,0.07232493502842718,0.24347209851345214,0.17873849555466464,0.21440140464617802,0.3039847324543875,0.25522766221115895,0.3748052402410911,0.41140133010641633,0.36465559767101774,0.5835208515149886,0.2564913992038562,0.10033538841657325,0.2638782253141727,0.2455344356572428,0.2067667550845065,0.1402492658569352,0.0,0.0,-0.37550222709929454,0.12222430739670492,0.24182402069276454,0.0,0.0,0.0,0.1721075435234249,0.5583063443624825,0.8297001200864264,0.0,0.20252522813524512,0.0,0.12377513803413825,0.5273641560250806,0.0,0.6149794462360886,0.23809612346010478,0.2754143102398565,0.2413540349551306,0.0,-0.01932338369150438,-0.27011531228853247,0.11600730735371337,0.0398060558825582,0.25362175106746465,0.24863829545694927,0.19326712593548362,0.5018919730559223,0.6630695272573366,0.21114888602557763,0.0,0.24733182379815166
0.0,0.6414059787255584,0.4459611558249561,0.6659979999542132,0.46112466165028176,0.5014550888311778,0.6389752503566284,0.33863975851105477,0.330199134969394,0.5583355222210997,0.38151186807842874,0.5751490968994887,0.6886446547899097,0.6003624843488102,0.0,0.4566619156013421,0.6711973399472833,0.5095008630520333,0.0,0.5558537348050165,0.44265051040013254,0.6871228291721476,0.5518507340763695,0.16813118077503514,0.5329843712250031,0.527927435790414,0.49512918232236103,0.6618458005513718,0.5877401092418214,0.6194363208113747,0.6232999199921404,0.5309741967730566,0.5416638744326076,0.6526509583892446,0.6578547482322757,0.6429902604359836,0.6000466890193699,0.5245315254033308,0.485458081702324,0.4056085698384966,0.04145551866593425,0.21348284249183183,0.5726397659489897,0.5361544967592948,0.4077128365590499,0.0,0.0,0.6821284895319903,0.0,0.4703663912973536,0.3910889490756194,0.35229413157071965,0.5019284024148618,0.36586249428944834,0.9259588038489116,-0.02971409060704311,0.5571954213766956,0.2680838502243495,0.38580933246342597,0.0,0.0,0.0,0.0,0.5685901632077976,0.4768416964570784,0.0,0.49569956183343633,0.4379183133342368,0.0,0.0,0.0,0.5125802290782234,0.3258788655920374,0.015514461898907539,0.46719203873586146,0.13794320533211363
0.3763479073216878,0.5344620445143025,0.3912432302171042,0.7011071423274238,0.40205123834664697,0.41925188929859847,0.5308905522825412,0.0346033507093601,0.392962001197086,0.18645696568511932,0.45668606895355224,0.5499515784876319,0.5124144298144291,0.3847525783315377,0.5453991629476829,0.5260681514195278,0.19763546127627007,0.041041949178655335,0.5558537348050165,0.0,0.12483054372070468,0.5414274273642946,0.4119100879767753,0.4517598304770053,0.05602917111180955,0.10686580736553297,0.5337760956388412,0.6427887349501383,0.5002085736337297,0.5282280571438008,0.3274256559158009,0.20273376311428837,0.3464769773187573,0.29962603014569744,0.38400626895093126,0.6731671505115508,0.44785871972477925,0.8154247571786555,0.26867839875792277,0.34892945480523596,0.3546420571001586,0.3298265840308285,0.5703070208961134,0.23803380573719793,0.21059871725758572,0.5163268297484896,0.3133692642065982,0.48930173418551276,0.0,0.0,0.13424435556715464,0.6336611473731137,0.37960963923528934,0.4432305990951627,0.9394627301014943,0.0,0.5808901871244385,0.20661791713420613,0.0,0.3886206474772451,0.26375901252639194,0.46708035888928523,0.10408848559413525,0.0,0.2749423752002973,0.1212701575505849,0.38197055907163097,0.24431842501866663,0.0,0.05808099378383352,0.1615014377758276,0.14175605773974004,0.17434949588728327,0.1894035042235897,-0.11931667308020899,0.2109148006229096
0.28927671608746364,0.4696459086847448,0.15152986384619158,0.41138737087508126,0.500284053819737,0.15908327128651878,0.3269615998940537,0.4046681502498098,0.20409059973304394,0.59980391797365,0.5456005119788224,0.42994380460556736,0.37457463170499766,0.4797750194466231,0.09964196722494256,0.32378109323346455,0.5375554150788387,0.22387247519940812,0.44265051040013254,0.12483054372070468,0.0,0.1142732414518351,0.3610286685382279,0.30014180907124316,0.11821990677499855,0.48823282987029804,0.12879294430299787,0.37244634195357296,0.1486333227172108,0.2463904026379189,0.18148195114372767,0.07351511286553425,0.1307218252462521,0.19604301480908068,0.25669259964444735,0.5314594865116178,0.34224551615342536,0.5593207404320523,0.2125256509184675,0.3680392961633996,0.2557625207445696,0.23261445216527699,0.5663412545773243,0.0,0.0,0.4754163242281511,0.3349882898272468,0.6541745370289505,0.0,0.0,0.281172591180616,0.43845101769757666,0.7806125123335426,0.5354465317687559,0.608767438885933,0.0,0.7490843308099915,0.39048361753192873,0.0,0.34314312700108174,0.3068266765251066,0.0,0.5301125658287998,0.0,0.3777671495051962,0.4459471876130265,0.3644040323209105,0.5888796974694438,0.8267193240488862,0.24235757212116252,0.3005863875536786,0.4062623343305505,0.399369346145071,0.38454097362139267,0.1403262232813526,0.2294485878894195
0.15060771266197043,0.5872027207885586,0.5899725730317229,0.3303955379611474,0.46356481774813163,0.2711903690225407,0.5010322195469501,0.39085211486806587,0.3926335292654894,0.06669471680729391,0.3862178110707576,-0.009669669141569526,0.4639930364903353,0.27299092198777364,0.4256799862556283,0.6732675282561543,0.3900125880040558,0.02422209607152606,0.6871228291721476,0.5414274273642946,0.1142732414518351,0.0,0.5419190368336093,0.4267449598286286,0.03036138055829052,0.5207492297356651,0.2505918688638372,0.6842573507749328,0.4853178165880667,0.6054540252269893,0.41415729863741413,0.20660671399330427,0.24627602582828878,0.3587403257249836,0.2798235554296971,0.3474931070695868,0.42966115513492087,0.6092320922310341,0.21667969152796177,0.29177022718972684,0.2740860006523955,0.21712912668727058,0.48234121309818456,0.8047463033761294,0.2492834450197869,0.27007573976054866,0.4151545927777617,0.585478748814918,0.4773781032026515,0.24393758661273934,0.23690587634126134,0.682085676573351,0.6171047042342614,0.6644141307892907,0.41173808440011583,0.0,0.5430791069889052,0.25698487559422933,0.0,0.2971122341763477,0.3018647481921757,0.4132887394829472,0.16467610547186115,0.0,0.18380027383974337,0.08332513915190642,0.3478998428447634,0.34242769722015176,0.7474229338080447,0.13575865116983699,0.29051079334531427,0.30529564194464653,0.42450181466642206,0.27431278312572505,0.557927915923228,0.25772407433412237
0.3971735812655075,0.32556083078570325,0.5155689982791465,0.5192240236254825,0.3467526073810266,0.10957925014990061,0.3402774452451962,0.3211763015407816,0.36537266759535736,0.35955084140128735,0.7260293482419483,0.2727753834710365,0.3053159777391707,0.15418598335975112,0.5173616449282631,0.41503465469937095,0.5004118037284611,0.33429264092414374,0.5518507340763695,0.4119100879767753,0.3610286685382279,0.5419190368336093,0.0,0.2339967230628373,0.2619353511256108,0.2437417066181241,0.3193347233776783,0.24974024110428458,0.37636360695477733,0.21933903179612574,0.3055667085428443,0.16501112538769724,0.21494218118273106,0.33127001494730424,0.4965799167605469,0.30233232484746764,0.41606477320765345,0.13495448019109285,0.4479694223676888,0.600359811598346,0.40535849430667775,0.43780279238795156,0.5521587816953928,0.5269518588979076,0.5595728529189367,0.9268213238839872,0.4146837106439706,0.5471806915620074,0.4576039424483216,0.43992678407910535,0.34926381186744504,0.38648066263984493,0.528379483923024,0.39182394687710087,0.6338303840078848,0.630569655004815,0.6099254965984406,0.39584157657359487,0.29651931864761527,0.409644540043278,0.4482488556483532,0.4725938676464575,0.56580826127249,0.5273762801435937,0.37375377813420385,0.48844487383534724,0.28936678476587663,0.6268971799880484,0.22939757536035837,0.35780283213147457,0.20921001976754233,0.40495432477318544,0.3735014277852351,0.4161015664023919,0.33216207401020476,0.3787660774380893
0.4706977253396647,0.18478924620466633,0.4024435669892671,0.23839457555819005,0.5282391452882896,0.3264278698150884,0.5248835044352187,0.16081425922176956,0.5715744691935781,0.09854204247341294,0.34033886796658175,0.2748359399891567,0.1316769992258308,0.666839031491588,0.17652515774272923,0.40072763722087495,0.3298658190376803,0.25868789271105525,0.16813118077503514,0.4517598304770053,0.30014180907124316,0.4267449598286286,0.2339967230628373,0.0,0.29067683062553124,0.14467374388306845,0.31484035064943805,0.4796931868262308,0.48229382746976596,0.8129442977724939,0.4060700429950381,0.40111571073413077,0.05864131193018818,0.22915446060277758,0.6876161100892901,0.29611448790714867,0.8516533633353836,-0.01981548734306421,0.7765904730641735,0.821936227824307,0.7741489357612923,0.6308800450545239,0.6028994598319664,0.34327559790014495,0.6176417741761062,0.358219692851932,0.3258708310251538,0.0,0.0,0.4687627729709874,0.5807767209476802,0.2985086235484906,0.0,0.019470486175564045,0.6813713324147173,0.5383491591788604,0.5950084211917945,0.4542250078286912,0.0,0.23942435706488174,0.27848050047712863,0.5324938582233355,0.36668857258507837,0.468232191400195,0.3453476845719758,0.4636510442483592,0.17870900823856833,0.826674476368664,0.46935922839677446,0.5202016500166744,0.45507437714506804,0.5400570278188767,0.6884609366306287,0.6042983205364869,0.0,0.5776223626083248
-0.13722585049571362,-0.023453935776327595,0.09772241425471784,0.8763969568073482,0.17076922419810853,-0.07656816420650636,0.2074261109606057,0.24039163462194632,0.011516782269545,0.5867472070961925,0.5067658676140192,0.5605766226315624,0.19306974034622984,0.49342342848889764,0.08335253689497868,0.10832764960035146,0.012980541264784928,0.2739441614071626,0.5329843712250031,0.05602917111180955,0.11821990677499855,0.03036138055829052,0.2619353511256108,0.29067683062553124,0.0,-0.022709507014712693,0.08355059551593857,0.14802452278540057,-0.020810224989338266,-0.07866826760271431,0.13635671181578454,-0.10753987731993331,0.2378564638645122,0.09950848725651074,0.008078530867591305,0.27914700218713656,0.5889372514902547,0.3610962168471094,0.0810817530257753,0.23921958296267165,0.15738010120856707,0.11727443248944269,0.0984980300471712,0.0,0.04966308870560027,-0.042667733646684636,0.18517692591509913,0.0,0.0,0.0,0.15059946639791438,0.5459546691046508,-0.029712007069374102,0.4082938896417275,0.3074011947264817,0.4714893256147892,0.27962461676462275,0.10747888350414625,0.0,0.12568104674570918,0.09470626527717052,0.3629091299229278,0.32539052730436996,0.0,0.2696614511639327,-0.1162178359280771,0.2138501610442526,0.010981044023712472,0.35145614142134995,0.288991283190581,0.1289423456694424,0.08727621441612005,0.20766011511872065,0.18523320839868035,0.0,0.2924295714216481
0.3628270989759964,0.37344279467483305,0.4722561653350599,0.6188449985155959,0.49772411155016033,0.09930927831463482,0.3427509452425066,0.29939894670048806,0.11473669995950095,0.4776250389552823,0.6216352399353193,0.4532061807224253,0.3342408460532153,0.49206369903684277,0.5152486297051724,0.14901935658424037,0.2879605977411921,0.07435880919459287,0.527927435790414,0.10686580736553297,0.48823282987029804,0.5207492297356651,0.2437417066181241,0.14467374388306845,-0.022709507014712693,0.0,0.12860728454799658,0.420659051605655,0.3035585914651685,0.42305618907681053,0.24336518436299978,0.3081253080641866,0.3155288778364104,0.2733237455550381,0.29976980670115616,0.4093702233111137,0.5111600973360664,0.39269062464427806,0.25860968785573807,0.2250678139832043,0.3394068136835861,0.2391056179370461,0.20374475422595423,0.5474672638011796,0.20691164248109772,0.16190639913698335,0.5030085167983497,0.6689086323543707,0.0,0.0028756221601305195,0.2882820160368211,0.5931535310069382,0.5430641025661221,0.40376020714631833,0.33169481439899196,0.0,0.2703958119021519,0.31597197331263793,0.0,0.2656965760893295,0.3143498658010735,0.3039782598552775,0.25403616389346445,0.0,0.2910148007536518,0.43635899206417295,0.507836612569497,0.3780634612014164,0.28730003082968086,0.26261403502739655,0.19418135218264915,0.33623775686061663,0.2887944398357803,0.3393912659020991,0.4824300443829759,0.2733090911484076
0.3381351872244697,0.2026735239345897,0.6665999067320763,0.689289071455186,0.565676510143883,0.3929209933601723,0.4382691320661273,0.3446032487508426,0.6573724879397318,0.4234415781031228,0.5507540451645756,0.44775233608970927,0.5320712409710987,0.4252248981165186,0.061883340946524645,0.36035961593301874,0.555227836578358,0.07232493502842718,0.49512918232236103,0.5337760956388412,0.12879294430299787,0.2505918688638372,0.3193347233776783,0.31484035064943805,0.08355059551593857,0.12860728454799658,0.0,0.5003661355218466,0.6575069361751135,0.2907340006336576,0.2487682867863424,0.20588804739075872,0.010356658452054135,0.34846104984216186,0.39007025849052707,0.2934689729491808,0.5869330524615388,0.3997025539595358,0.37901318062355427,0.34521499388344046,0.3403137915640466,0.28329553952100006,0.7254595351014798,0.5262072669902049,0.4036462759409465,0.44075657214975184,0.255079840367034,0.5342852819560839,0.4738965771264163,0.44349417189482176,0.46935344064655116,0.4994943702113533,0.43070766383370784,0.4370315007980702,0.704920100235561,0.6210873172451643,0.35702347327216777,0.44170306766674894,0.6933641420787995,0.2042107543756801,0.4551603592775732,0.0,0.4606970922999474,0.6061339972209612,0.23734456075940988,0.29472643310890123,0.16274425804284107,0.42448705860334757,0.0,0.2322473452366841,0.08371253928010597,0.4410960226719426,0.3443461915306216,0.26253007675054724,0.20827927878954727,0.2985518489232729
0.45053928554202743,0.30253491562960055,0.650651492254672,0.7185654416323655,0.7511027820623765,0.5854785211880524,0.7763173697069273,0.4366404500835608,0.7392442894908302,0.47313430081289887,0.6482322384830893,0.45125135688933826,0.6595134059648802,0.596959788651465,0.49833179511585535,0.5698821216511957,0.5746637202485109,0.24347209851345214,0.6618458005513718,0.6427887349501383,0.37244634195357296,0.6842573507749328,0.24974024110428458,0.4796931868262308,0.14802452278540057,0.420659051605655,0.5003661355218466,0.0,0.7762919246960915,0.8051112337319034,0.6187781213646972,0.7651584059195162,0.6604166914856313,0.6979368115083715,1.0360270291345155,0.6667606910436957,0.4993255671164655,0.5929385252295255,0.37377797530588197,0.3203838471526517,0.24546996475047306,0.1677071519910256,0.6564728427193425,0.7949315271331615,0.6416094983935832,0.6216161343007562,0.47978917220753936,0.41081438643687795,0.0,0.35565024497183245,0.45195663512313916,0.4766295005351111,0.6129141460453615,0.317672333466436,0.7494672415525729,0.4924628759306906,0.6656707411521303,0.46331632982576143,0.3457317645529907,0.3831179385631329,0.19063652058305183,0.19697917032414838,0.5821216605779023,0.5582783696716549,0.46564496831021535,0.5010328942679717,0.3491936074104398,0.542566794604746,0.5415461129272656,0.28595391085348754,0.2030145732406614,0.5070405042892945,0.4680386926626943,0.3869712459836093,0.31083710362335515,0.2411196119209671
0.43407913122683206,0.2885805380981212,0.35244651690081985,0.9226433017984887,0.4106117046056698,0.605761373257039,0.5102768751882885,0.4060063600750188,0.5821002150747527,0.3471774921431252,0.5678892258122904,0.6792666393072145,0.5543730667533147,0.38857585620259016,0.1314974737980406,0.5560580734782486,0.36434823988941956,0.17873849555466464,0.5877401092418214,0.5002085736337297,0.1486333227172108,0.4853178165880667,0.37636360695477733,0.48229382746976596,-0.020810224989338266,0.3035585914651685,0.6575069361751135,0.7762919246960915,0.0,0.6127919168817311,0.5156975866791298,0.2675107676881011,0.24322838658418133,0.4910817240776131,0.4874646539771995,0.7039788639583444,0.8148430234260685,0.5341080301877846,0.3523013257099802,0.3146081237530747,0.32661213704411085,0.36667335066382045,0.450247467005055,0.49592088240347487,0.6404346385181654,0.4694449684990383,0.34741061520225247,0.36041803298470165,0.4575686448998395,0.46681777454119155,0.3663324620905748,0.43963221658795726,0.6404716570721919,0.5778020613793586,0.624459144598484,0.4385719384619318,0.5683694161552394,0.4228190168559514,0.7693833979222182,0.2844828825426207,0.3577319448536641,0.48116982960021065,0.09117173778023685,0.507971548523733,0.2474916692135078,0.30753403964506654,0.325731766958129,0.4757214465236334,0.4706146264779486,0.24873316244657767,0.22032855175322852,0.37488664702573893,0.3797647193520627,0.264415540960114,0.2492171790159384,0.25922251268271423
