0.0,-0.06925783670772861,-0.0012768340985550575,0.0,0.00042408624653211824,-0.04380491075373477,-0.012365147632077411,-0.03695220582853703,-0.00020329193095525167,-0.01136647476411079,-0.0004396903719812162,-0.015771113924737734,-0.027366451953298843,-0.002964492534140939,-0.04476566839008017,-0.054726156754639765,0.0028961749107616064,-0.05052827699672807,0.0,-0.031466685220250534,-0.027986672702921156,-0.06256657522091746,-0.029152580765891334,-0.026085283080052202,-0.08749802303756393,-0.03785954846602574,-0.03751039140553514,-0.018326898529939184,-0.019804530895754124,0.0007064456419353937,-0.040596245036497114,-0.03236563261837505,-0.025738459946278325,-0.03711426262525297,-0.0444270352915358,-0.00013784960075080566,0.000490335391928165,-0.0036440098331143034,-0.04285712651659962,-0.06011865964410368,-0.04205330060908674,-0.05090891803919906,8.726972866357485e-06,0.0,-0.00010786788930738922,-0.04692780859803686,-0.02787686314000165,0.0,0.0,0.0,-0.002348616206724108,1.1102230246251565e-16,-0.00070632636672191,0.0,0.00041458859419712946,0.0,0.0007488983309357766,0.0003150018954074518,0.0,0.0003086446238939611,-0.032994975021922224,-0.0013712689799560418,-0.04629183452963237,0.0,-0.001604284878032991,-0.03106008458592363,-0.03013461479065216,0.0019522345100216332,-0.048045152842748184,-0.0519093798150394,-0.06662024283386914,-1.1095169041075437e-05,-0.0002672149888764408,0.0004710233053768498,0.0,0.006749639607890712
-0.06925783670772861,0.0,-0.05254766931107707,-0.00016694589255678016,-0.04053117277081947,-0.06344151576013862,-0.03244780189639651,-0.045041600232714696,-0.06083605133699044,-0.0806990371067226,-0.00018305033988869068,-0.03955228702299529,-0.033913184131208196,-0.0005240195954321902,-0.051061888498249,-0.06182244248707408,-0.10428200805579824,-0.10164007669118741,0.0013003662528414117,-0.008833858249067905,-0.020948186511360822,-0.009170030410671215,-0.04942621964119398,-0.030014514599152387,-0.07835308260192725,-0.0215719949218644,-0.044949957167031596,-0.03631476471065348,-0.02746204202310165,-0.0013656773404985834,-0.06514272516706959,-0.05364365887847555,-0.04432727463573988,-0.06514543242109516,-0.06774165611830735,-0.002435649035759657,-0.000265846018779603,0.0,-0.04253278433141566,-0.04114073333214757,-0.03605808731702742,-0.04603717907743454,0.0004888433469952824,0.0,2.220446049250313e-16,-0.06959093800529331,-0.03455919061963375,1.559189386529658e-05,0.0,0.0,-0.04061556891612361,0.0013765064986296371,0.0003964833309457183,0.00033110943168151996,-0.04166559343637627,0.0,-0.0001631795224572019,-0.045307969249828106,0.0,-0.036812302890849136,-0.054013484632778386,0.0026779536529734083,-0.05968603412923751,0.0,-0.02722117162010429,-0.04738584479839464,-0.02787869486578881,-0.036027678988365675,-0.0011694717285489764,-0.06132355240178977,-0.04388289634289766,-0.031213545154195166,-0.01138946942863922,-0.033078824250049266,-1.1102230246251565e-16,-0.037405887149915995
-0.0012768340985550575,-0.05254766931107707,0.0,0.006588157548690743,-0.009003392284799905,-0.04734911100947414,0.01607608080945322,-0.026802552406814617,0.014235961355747173,0.005298072125979381,0.014588630496618349,-0.007228382420618629,0.01790610490467992,-0.01659376381111921,-0.0005482323412962509,-0.0004097006617207466,-0.0006162417351347482,-0.0014084567260814196,-0.016131113021230825,-0.0008145052027824229,-0.04901938677244638,0.0025005906354800267,-0.011544954534881191,-0.001341301927852756,-0.07921868042489327,-0.0022775902737289244,0.019457440013917415,-0.004453689412242723,-0.043571475653560954,-0.0396851341365011,0.002151731424208103,-0.013777851373187655,0.021510992768433324,-0.00018749287337177512,0.009910394988667581,-0.006550603437866176,0.01108894984116493,0.007940004116445354,-0.009445328452918011,-1.7873220975461734e-07,-0.037310285543527444,0.0001621911842690782,-0.003736004982999752,0.0026644993167924125,0.0,0.0,-0.00031492091064255767,-0.07574193943581548,1.960101432496586e-06,-0.019883975943985832,-0.022967181188783825,-0.02369849184620998,-0.03172121707940034,-0.07974716400886078,0.0002796348347783306,-0.04542706169423438,-0.0012879907896846676,-0.011667973723748615,0.0039734008298261125,-0.00034715849706912216,0.0,0.0,0.0,-0.06705583152946826,-0.00026282074943223543,-0.0006509929307926265,-0.0005147396230602008,-0.018528245575644586,0.0,0.00013527028365767357,-0.0011017312255239275,-0.08510079695113504,-0.02948268542681237,-0.032611768324412704,0.0005638348084007205,-0.02040141528673267
0.0,-0.00016694589255678016,0.006588157548690743,0.0,-0.00526777271918194,0.0022650805786913475,-0.014831267650703805,-0.0903297838135596,0.004914517503506133,-0.014682526699028114,-0.004991793492504726,-0.006269772355740444,-0.0036590941677464017,0.08539698355518544,0.00018503516391765729,9.754492442848317e-05,-0.00010254203172271881,8.925692372763194e-06,0.012065365066657785,0.013702639738289224,0.00046703305058404254,-0.023940386710030737,-0.014022723700930106,-0.0022592449076995758,0.000538286037482627,0.0020400960818549585,0.006075546166861734,0.05343098921248002,0.04553565120228226,-0.00039860575883982063,0.021672923943879763,0.05639534213267183,-0.01633856650597354,0.11780158776152949,0.059896293076983353,0.040564067743013965,0.02483008589699154,-0.007088814615084371,-0.00872875034818077,-0.0004948985507143289,-0.00035919059412348187,-0.0018921020155773793,-0.002461750266942786,-0.0013877102215797965,0.0,0.0,0.0,-0.0007582396859341922,0.0,0.0,0.0004257643241948883,2.220446049250313e-16,-2.0427635537445532e-05,-0.000282299345605308,5.551115123125783e-17,-0.0010207302432386212,-0.000998352050854634,-0.0003445424860670787,0.0,0.0,0.0,0.0,0.0,0.0,0.0,0.0,-1.801103059123621e-05,-0.041648337729580376,0.0,0.0,0.0,0.0008796753454827222,0.0016922811326861575,-0.00013993224769859314,0.0,0.0
0.00042408624653211824,-0.04053117277081947,-0.009003392284799905,-0.00526777271918194,0.0,-0.0023558351956413093,-0.004052909113005543,0.01570885859880461,-0.005677575093885223,0.005276297229754978,0.0027302741864138613,0.008060599580639927,0.04284307528908737,0.015181301862280894,-0.0005412966183522272,-0.0370988131917287,-0.0001393058906197231,-0.002845081910846703,-0.01909669986105106,-0.02644760550235936,-0.0022289743256954098,-0.01705293397194141,-0.027783663487590204,-0.00012721067375559558,-0.06585109248570353,-0.005649818445613353,-0.002666935719168928,0.02306272804755566,-0.02880780148111567,0.00023020861117833968,0.016940860756313347,-0.015577101946033178,0.017956812355769458,0.008558988965655323,-0.001512637257747862,0.017835559621081076,0.051697924098515424,-0.0027981923900131656,0.009759345269363284,0.0007857369422322735,-0.08874705980738962,0.0003770467001591449,-0.05657079371182144,0.0022336870471207915,-0.00046639624173949734,1.1102230246251565e-16,-0.00020228981431352766,-0.014079662893536793,0.0,0.004534952798754488,-0.03698683549592857,-0.0005677377985795484,0.0006592607024966113,-0.0005820941033736204,5.551115123125783e-17,-0.019824949571392025,-0.0005192731048976329,0.002720293957070352,-0.0016748350199097817,-0.00027896934258819783,-2.3615460965631385e-05,0.0,-5.551115123125783e-17,0.003004091651965246,-0.0002623589368675461,0.00017403519860759165,-0.0001550593289206259,-0.024752822974215938,0.0,-5.730370441492383e-06,0.0006104036583674533,0.021816291622889894,-0.09085083954893802,-0.0026269344961482033,1.1102230246251565e-16,-0.0013945170228581993
-0.04380491075373477,-0.06344151576013862,-0.04734911100947414,0.0022650805786913475,-0.0023558351956413093,0.0,-0.014014642887184958,-0.05735727832911047,-0.014521444241126946,-0.016992403234809772,0.00177827352001525,-0.019029203672156658,-0.015224921102364564,-0.03655296744242631,-0.0957214357648809,-0.03575892036125011,0.0008303632501765468,-0.07355869190416525,-0.01564889472939679,-0.01786929727452924,-0.06146650109662949,-0.03299437748081807,-0.06162844562580766,-0.010779264339045302,-0.09113655951399502,-0.08178098961392521,-0.022872856308273848,-0.0062029796108571955,0.01963069293454761,-0.03144912776319553,-0.03082911751610906,-0.02836945527303031,-0.045516951421780805,-0.028259425669302285,-0.019864276646754664,-0.027403113159592707,0.002503042037497294,-0.002675044751674238,-0.020913346074058092,-0.04003559881488683,-0.05540586015076582,-0.038319481075428596,-0.016172369340629322,-0.018155252488003426,-0.0018262881810731657,0.0012087229409658007,-0.044376957576592546,-0.038125512050101396,-0.0005212182080688854,-0.03207888222319938,-0.03468534466783929,-0.03214785456874136,-0.027428000844693545,-0.04607322049310303,0.0025177463896126073,0.003270362056734366,-0.0013682564346834125,-0.03132203744592754,-0.0016964711647035613,-0.05366482620128726,-0.041882344492309376,0.0,-0.06923023963151026,-0.038879804492771064,-0.03857900079323462,-0.04065352550643009,-0.05858504145078691,-0.031222410571526416,2.98740362355554e-05,-0.06528095947000384,-0.06519049799697324,-0.025088736306850212,-0.036120181751359226,-0.03569978117778688,-0.0335883887858861,-0.035389001941244835
-0.012365147632077411,-0.03244780189639651,0.01607608080945322,-0.014831267650703805,-0.004052909113005543,-0.014014642887184958,0.0,-0.02930410971995262,-0.020353050343254464,-0.01718108038526095,0.017847026163131885,-0.014114449232449366,-0.008437081343026342,0.0036526775960674107,-7.198784291895244e-05,-0.019762738524102264,-0.0019689558404626384,-0.049045823930214894,0.011493291332941746,-0.007401811075122777,-0.02288316135219637,-0.011052053867112444,-0.03754519683161894,5.6437452111812725e-05,-0.05939396762487453,-0.04528393978718975,-0.015324325700314723,0.024570611152657462,-0.012738163665373392,-0.05370878156064257,-0.014826999733649482,0.008243848426710498,-0.010817116484155731,-0.0032279599556574445,0.01335072444211699,0.01652986675870438,0.010454018185818648,-0.007630451456496323,-0.07943159210369038,-0.0008776385903665473,-0.09870858496143481,6.029297103304909e-05,-0.05340833883578755,0.0032536777294935315,-0.0010124688962919182,0.0,-0.018641904624042083,-0.04002055653652381,0.0,0.0004162452322132859,-0.03861406797276723,0.0028374380756663875,-0.01382331049208163,-0.051527671704904576,0.00036333076001016096,-0.011318186474469139,0.00016100087177095546,-0.02760500885827122,-0.0013582814162124701,-0.0010822882555092117,0.0010375537369771703,0.0,5.249714085386881e-06,-0.001745562534464895,0.0010034432855033915,0.0003235319419848115,-0.02108226913896094,-0.030925807348670842,-2.7535553363267073e-05,-0.03966751884681058,-0.0320067467404509,-0.025275932031164516,-0.02488983993890137,-0.028512568990605613,0.0011849386125303285,-0.09726214212044382
-0.03695220582853703,-0.045041600232714696,-0.026802552406814617,-0.0903297838135596,0.01570885859880461,-0.05735727832911047,-0.02930410971995262,0.0,-0.024818349014873342,-0.00867231840346766,-0.05158197531673114,-0.02091979115623055,-0.04141485078787843,-0.08373418201191096,-0.0036947088921445714,-0.025400525486868997,-0.00018874021812415043,-0.045495560436929594,-0.05841758336779829,-0.06598218620135393,-0.022120230753215286,-0.022726039028072298,-0.036498151899155895,-0.04129307512724251,-0.058264640622737174,-0.04443031916146284,-0.03891685856462018,-0.022832535802492337,-0.01642435243195528,-0.03216280671195665,-0.027826629177361395,-0.05271049323929072,-0.0004971345285257334,-0.02322331913322795,0.0004809615618658336,0.016028057757869363,-0.012302333578318059,0.0016656526732374277,-0.02676875668449713,-0.0012858682081926531,-0.04287996891033813,-0.052537449250734614,0.021079120922865235,-0.031076977122336702,0.0,8.943720807191857e-05,-0.0009046337436025009,-0.04145019675705469,0.0,-0.0035673072107945125,-0.048754992045545675,-0.040611924697672996,-0.05147114481313397,-0.052957405686505254,0.0005464788979614443,0.00379092102760642,0.00015669838742488063,-0.038250064175749054,0.002092985355113597,-0.005299239725082394,-8.40985711954012e-05,0.0,-8.233020625425524e-05,-0.05005247184270273,-0.03345554366642911,0.029929773410006133,-0.002473730718306255,-0.019702300996652433,-5.551115123125783e-17,-0.0002508787273386437,-0.003045794698005977,-0.012902408983670344,-0.03618441769055414,-0.03268097680971571,0.0004295403694750122,-0.0471397464192439
-0.00020329193095525167,-0.06083605133699044,0.014235961355747173,0.004914517503506133,-0.005677575093885223,-0.014521444241126946,-0.020353050343254464,-0.024818349014873342,0.0,0.008492786220849702,-0.0006592091298484593,0.004162019290308405,0.023161997811487423,-0.020074295242071605,-0.0615575255877725,-0.040230800376577114,-0.0020571474044955296,-0.027427985604284666,-0.01165690251647461,-0.026475736152630658,-0.03345642004066862,-0.024237944900184105,-0.035508963605681676,-0.0027156929030497934,-0.09531067165729806,-0.0887913139596328,0.016869376551473303,0.013388070529999185,0.010411333601056283,0.016199735907420743,0.011245183022790928,0.008120755762293319,-0.008474087330988367,0.017746402459581312,0.044066381988749015,-0.008624880643312405,0.02299991589974243,0.007785610655776154,-0.04568550873029242,0.0005407128750513079,-0.05240919328086524,-0.009454675731045192,-0.004342296777877563,-0.00042880823474739094,-0.0019085282308556328,-5.551115123125783e-17,0.00100908928419563,-0.03466790913351703,-9.416419188279512e-07,0.0029485553972710132,-0.02243999948737274,-0.022691317302126257,-0.01963472123533616,-0.05226596951071916,-0.0018032407099933256,-0.0104708138424916,-0.0012827937351085894,-0.022466394130807754,0.0011821959627889012,0.00017678596098180677,0.0006008822588872142,0.0,0.0,-0.047637628224567075,0.0004888909660545337,0.0008739001524292189,-0.038562544247143005,-0.028502865205092598,-9.571427404364563e-05,0.00010420308334835315,-0.04651101768019872,-0.014059153974595118,-0.014943787519139606,-0.0211296174147263,-1.6963540497516583e-05,-0.03934493024054092
-0.01136647476411079,-0.0806990371067226,0.005298072125979381,-0.014682526699028114,0.005276297229754978,-0.016992403234809772,-0.01718108038526095,-0.00867231840346766,0.008492786220849702,0.0,0.0031474927657902385,-0.014980628788777206,-0.029937800862199992,0.006721247300759514,-0.0010113443577131065,-0.018319478780109366,-0.029906276743693172,-0.027459278183288582,-0.011431682837358736,-0.0352795707326744,-0.011025247098819357,-0.06234551605785277,-0.024324725535605385,-0.050239153788912305,-0.020710646045892067,-0.02809723154709398,-0.014919012346047256,-0.01956422121529916,-0.018589350840216845,0.00039298814441679486,-0.015238566566920742,-0.04261746153932239,-0.015773119319315798,-0.004392167739290631,-0.004240556845626298,0.03784817402080115,0.02252653876696592,-0.014286549335466192,0.022020417435859807,-0.013659150521256713,-0.023347440299665068,-0.07335123017035267,0.018213096702386466,-0.001577731562064033,-0.007775106947640886,0.0011872644860894677,-0.05174736821483106,-0.0007064797225547759,-5.346773262304705e-06,0.0003858257261723508,0.0020375886077526606,0.0004984768464974532,2.8647150780714004e-05,-0.001790125852558333,-0.01470695253923332,-2.2753808627262728e-05,-0.029833202292633088,-0.04107780041596737,0.0,0.000811876435542036,-0.029386451619895837,-0.01932738879547591,-0.019041647162026387,1.7575123899549183e-06,-2.8555135226204786e-05,0.0007174658721337823,-0.0015701557933149313,-0.016291954832682365,-0.03603513972696504,-0.002323556370768365,-0.012832888068630033,0.00023288293205603328,-0.04152986027021088,-0.0009834577173079007,-5.551115123125783e-17,-0.033311027729373666
-0.0004396903719812162,-0.00018305033988869068,0.014588630496618349,-0.004991793492504726,0.0027302741864138613,0.00177827352001525,0.017847026163131885,-0.05158197531673114,-0.0006592091298484593,0.0031474927657902385,0.0,-0.004256534167609238,0.02528452024904143,0.00036605167904885105,0.0,0.00010493041499753941,-0.020824828299537357,-0.0004069791519692445,-0.020814926903132858,-4.9447194499618874e-05,-0.00016140846790763108,5.0392079976813164e-05,0.03365738219580727,-0.026544082674459568,-0.011363918623992442,4.370508791873284e-05,-0.00855997169564554,0.0118108358411253,0.01752760898803113,0.00037701675879836527,0.005416468361978899,-0.012313204335179406,-0.0011812647578708924,0.010250913448428767,0.023118107451011893,0.020574705800499693,0.01262274723623219,0.003298658902875673,-0.021810829485381322,0.0008344318851151167,-0.027215054191571497,-0.001080483774630936,0.0049896777861317965,-3.289291509406267e-05,-0.0006672446411505328,0.0,1.1102230246251565e-16,-0.01622336481681841,-1.8233747051121796e-07,-0.030176848393434763,-0.011473326821518082,-0.025036891456675925,-0.0627637730697741,-0.01838002291985874,-0.0007266912840263595,-0.08027352936138996,-0.0015242140165267481,-0.013031975617683933,-0.06814404096284887,5.551115123125783e-17,0.0,0.0,0.0,-0.10190827988216886,-0.0005671787469839207,0.0,-6.575553361409803e-05,-0.012872464692437247,5.551115123125783e-17,0.0,-2.6630944289507408e-05,-0.0010160341623538516,-0.017378848810106595,-0.0014008063465981713,0.0,-0.05784178887228658
-0.015771113924737734,-0.03955228702299529,-0.007228382420618629,-0.006269772355740444,0.008060599580639927,-0.019029203672156658,-0.014114449232449366,-0.02091979115623055,0.004162019290308405,-0.014980628788777206,-0.004256534167609238,0.0,-0.02749703482478688,0.0025464214032820953,-0.0003278931094462534,-0.020519919347265936,-0.02564111379779438,-0.01813292518021281,-0.0023645429822554687,0.003624633862416904,-0.02565407940226322,-0.07723742802543132,-0.031372839854245826,-0.02054282717531558,-0.012741999223642664,-0.012440541207981382,-0.010590836574194962,-0.012105969161081642,0.010464291271981063,-0.0013524273820214039,-0.017706565721120227,-0.00879359728248047,0.018770081766453617,-0.015995209014330714,0.002648869356865924,0.015778067890915515,-0.009937166212714621,-0.009945615903722754,0.08075515828725616,0.006347741526184336,-0.013825795305006938,-0.004443042404342679,-0.0006284295900277348,0.0009248575089886857,0.02779716737285809,-0.018535249057847647,-0.05100808278761698,-0.0006503172644647948,-0.0006789993081091628,1.8996997087905587e-05,-0.00023872651768974684,0.00013700219217027687,-0.00023741770506230386,-0.00024937410697606355,0.0010774247360804678,-0.0013088890029042122,-0.01063294066974002,-0.042957277200120436,0.00032564579691929385,0.00011743029555266737,-0.028542824990918203,-0.0068808529187185385,-0.006803423746394643,-0.0003073298138681624,0.0004714835525012617,0.001314827686376474,-0.0001073797756842021,0.0016635752679668991,-0.018139744311687522,0.0071907655977747065,-0.004856017082714659,-0.0008853033964019708,-0.0037687337008022737,-0.0005362724683953823,0.0,-0.016224184336508185
-0.027366451953298843,-0.033913184131208196,0.01790610490467992,-0.0036590941677464017,0.04284307528908737,-0.015224921102364564,-0.008437081343026342,-0.04141485078787843,0.023161997811487423,-0.029937800862199992,0.02528452024904143,-0.02749703482478688,0.0,0.0363765994247065,-0.004253511688070588,-0.021779327174108354,-0.039808290319375716,-0.04461650707447573,0.016416987669113148,-0.017326622634562583,-0.030371539153854543,-0.01792828302198285,-0.04849328280273579,-0.037161254295457635,-0.06203085107885925,-0.04365953637389197,-0.01224335193647541,0.004045986258294221,-0.012359528370602002,-0.0005576938192764502,-0.013725857286573884,0.009825888785750414,-0.002036717301301616,-0.009003759136910705,0.023513871887376803,0.04881220888426041,0.021744739122710133,-0.009407960990910846,-0.033579679837345555,0.001707037821637003,-0.061512482245689115,-0.043823892554448574,0.002525766054288281,-0.005023320678006704,-0.0027606355520289894,0.0006126501251767502,-0.014348368117257815,-0.04593634095710025,0.0,-0.031148017723351518,-0.03109567786060946,-0.043383002012465866,-0.009568503160309438,-0.05601045296269708,-0.0019162384023156953,-0.007090044164674458,-0.008914895225606734,-0.01966629971381112,-0.0005186501277234523,-0.030167760143630762,-0.04334626578566364,-0.00031734306024699954,0.001809744225773624,-0.0470281441840833,-0.036277485284529176,-0.022417720443814626,-0.023569864198220214,-0.0267661960692267,0.0002340823690152316,-0.05034855230566876,-0.023448829715161934,-0.027562618663787675,-0.023895727675659395,-0.03731148871987644,0.0009032650674843934,-0.0597637383561061
-0.002964492534140939,-0.0005240195954321902,-0.01659376381111921,0.08539698355518544,0.015181301862280894,-0.03655296744242631,0.0036526775960674107,-0.08373418201191096,-0.020074295242071605,0.006721247300759514,0.00036605167904885105,0.0025464214032820953,0.0363765994247065,0.0,0.000138423670116683,-0.0004763369380376692,2.450086207411717e-05,9.141308008853155e-05,-0.005564306395698104,-0.0004065938719424178,-0.006633641052828265,-0.000546644893506032,-0.06669882164152058,0.001443505580355997,-0.00012660713086409814,-0.002980662667890488,-0.029057617106205913,0.0284122562551683,0.0006780227355773771,-0.000281508429930577,-0.008326423210402445,0.03208910112519098,-0.0021063104425949053,-0.0018889154192022195,-0.0038689059127626213,0.036269991642624844,0.04085720717514993,-0.0003240965184193034,0.00595677332250899,0.0,0.00066470549076586,0.0008832000171219989,0.0016617500960253162,5.248581819716769e-07,0.0,0.0,0.0,-0.003920933437528529,0.0,-0.0041137662615550186,-0.0011408775883444688,-0.001599847271446353,-0.000999047849302992,0.0011999111070488122,0.0,-0.020152109852865308,-0.0001369518693934424,0.0017083587553743396,-0.0027921208892123794,1.1102230246251565e-16,0.0,0.0,0.0,-0.003920443234816107,0.0,-1.1102230246251565e-16,0.0,0.0013159092738565525,0.0,0.0,5.551115123125783e-17,-0.00031945043851377974,0.00018313758646898437,1.1102230246251565e-16,0.0,5.551115123125783e-17
-0.04476566839008017,-0.051061888498249,-0.0005482323412962509,0.00018503516391765729,-0.0005412966183522272,-0.0957214357648809,-7.198784291895244e-05,-0.0036947088921445714,-0.0615575255877725,-0.0010113443577131065,0.0,-0.0003278931094462534,-0.004253511688070588,0.000138423670116683,0.0,-0.06573141525509824,-0.0007131107196043374,-0.07267185444380847,-1.1102230246251565e-16,-0.017277092066595612,-0.04752658667099319,-0.028238492783204783,-0.0205924043006514,-0.056408107178962275,-0.06783707521545601,-0.01329537278529408,-0.07651044115796662,-0.0036055412527473685,-0.0543217812319895,-0.001570084054720311,-0.05393054073230624,-0.06872353348652016,-0.0950281773463646,-0.06257641185564994,-0.0669938054394873,-0.051243943447386975,-0.07022988780985562,0.00010305388608172761,-0.047928842831776175,-0.055775440139189225,-0.04704095890501747,-0.05762384802629089,0.002493705257650136,0.00043909442002615373,0.0,0.0017064081303350132,-0.047603695711901706,0.0004089245668834063,0.0,0.0,-0.06280495637537942,0.001764889921267332,0.0017223669362556038,0.00043503159868224506,-5.551115123125783e-17,0.0,0.00046343789542035996,0.002059961516607811,2.988977468310061e-06,-0.036839966531562185,-0.0465745934185785,0.00017781277211836866,0.002970120174073776,0.0,-0.037982317513874986,-0.07036609696647006,-0.04517063607710936,-0.04223295604895122,-3.3850667688184455e-05,-0.043999672787334354,-0.051593148973165304,-0.05305361361553812,-0.04592462650733081,-0.050595238946759824,-0.00032743239778959543,-0.04888726143456712
-0.054726156754639765,-0.06182244248707408,-0.0004097006617207466,9.754492442848317e-05,-0.0370988131917287,-0.03575892036125011,-0.019762738524102264,-0.025400525486868997,-0.040230800376577114,-0.018319478780109366,0.00010493041499753941,-0.020519919347265936,-0.021779327174108354,-0.0004763369380376692,-0.06573141525509824,0.0,-0.027280878468893988,-0.024972755452467688,-0.00015977264959926574,-0.010396829560891163,-0.04613464207614826,-0.0010935846833116103,-0.03971523298961849,-0.024965282700762537,-0.0717300268630045,-0.06793000900990837,-0.038444960366925296,-0.007023631181536594,-0.007283275489541274,-0.0032468839576668684,-0.02093597841563083,-0.03553950896074637,-0.006252439809735999,-0.018098682485890638,-0.04209329435116682,0.0006402789600445935,-0.0004182069849485992,-0.16202152400869718,-0.04099472928972803,-0.03598549165606019,-0.03912567073695711,-0.049124916619832204,-3.89739856432314e-06,0.0,0.0,-0.05872367874971851,-0.03813370624210044,0.0,0.0,0.0,-0.03386742000276288,0.0005788248611025559,0.0006491049317038367,0.0,-0.044540133809125415,0.0,-0.049008035618528456,-0.04508501142260818,0.0,-0.03349970326828844,-0.03922821271749727,0.0002913300834245791,-0.030936300482620638,0.0,-0.020460636838409485,-0.06243564763708831,-0.04391509989854264,-0.037454448532311724,-0.0009027684798282309,-0.04006156443411024,-0.05351359736155331,-0.039364451300734016,0.0036305470564372277,-0.022854752044065563,-1.1102230246251565e-16,-0.03934732289010784
0.0028961749107616064,-0.10428200805579824,-0.0006162417351347482,-0.00010254203172271881,-0.0001393058906197231,0.0008303632501765468,-0.0019689558404626384,-0.00018874021812415043,-0.0020571474044955296,-0.029906276743693172,-0.020824828299537357,-0.02564111379779438,-0.039808290319375716,2.450086207411717e-05,-0.0007131107196043374,-0.027280878468893988,0.0,-0.042315345931007387,-0.0004392923745372146,-0.03625937979706806,-0.0012819324459201198,-0.030995346246506406,-0.00015204564668280796,-0.04013533578003736,-0.06396603030670961,-0.03520832698302323,1.6529457627090238e-05,-0.032864795975112604,-0.002243712170657941,-0.0007674120755864489,-0.024724929348287905,-0.03789987764773922,-0.02592232417030277,-0.02243841266969493,-0.011231654301542326,-0.0004086733413566357,-0.0003338702691079165,-0.016400449511776993,0.0021641583651115237,-0.013593158826279705,-0.02025508814810073,0.0007629541681555274,-5.551115123125783e-17,0.0,-0.04424523143943898,0.00033108781283386346,0.000403129597624341,0.0,0.0,0.0,0.0,0.0,0.0,0.0,-0.02806892282260043,0.0,-0.04559905536815012,-0.0008018575092871849,0.0,0.0002662958362710799,-0.01148661921999633,-0.019486752376942418,-0.01699224316862369,0.0,1.1102230246251565e-16,0.0,7.632217672220998e-05,0.0,-0.037532298201766734,-0.0037583325412879343,-0.008686899324624797,0.0,-0.0017042142469023136,-2.348793909995317e-05,0.0,-0.035286922898419504
-0.05052827699672807,-0.10164007669118741,-0.0014084567260814196,8.925692372763194e-06,-0.002845081910846703,-0.07355869190416525,-0.049045823930214894,-0.045495560436929594,-0.027427985604284666,-0.027459278183288582,-0.0004069791519692445,-0.01813292518021281,-0.04461650707447573,9.141308008853155e-05,-0.07267185444380847,-0.024972755452467688,-0.042315345931007387,0.0,-0.0012940309341902267,-0.057497424665795493,-0.0546086180653067,-0.060407693703005416,-0.04735178672935203,-0.044809570107983754,-0.042150247301334876,-0.05878163666842762,-0.0716411497799545,-0.039529506353838395,-0.04535766442388278,-0.042791952491599894,-0.028609324497177846,-0.03274468818308446,-0.033705082819630416,-0.023636817584852088,-0.01711808006742499,-0.001404796471142944,-0.00041250866492342775,-0.041401702444544664,-0.034481869440173285,-0.03074245306568313,-0.03681394552439465,-0.03904808813739746,0.0,0.0,-0.08468843842370782,-0.0615448539811107,-0.04851644294978319,0.0,0.0,0.0,-0.035825300795432224,3.788997082410095e-05,-0.00020496570440514672,0.0,-0.05726278242301652,0.0,-0.0576230094877942,-0.00028972303748248107,0.0,0.0004386490817827604,-0.03837601110208211,-0.04188290159712932,-0.038970371013987926,0.0,-0.054439466502489875,-0.0819848275042,-0.050556779887308056,-0.0854546574538973,-0.046986499094512746,-0.03924882889119097,-0.05219756674877113,0.00019853441647510461,0.0015273916750354055,-0.0383936984388214,0.0,-0.03857109933361663
0.0,0.0013003662528414117,-0.016131113021230825,0.012065365066657785,-0.01909669986105106,-0.01564889472939679,0.011493291332941746,-0.05841758336779829,-0.01165690251647461,-0.011431682837358736,-0.020814926903132858,-0.0023645429822554687,0.016416987669113148,-0.005564306395698104,-1.1102230246251565e-16,-0.00015977264959926574,-0.0004392923745372146,-0.0012940309341902267,0.0,0.00041828289067247226,-0.0003916860493898833,0.0011880087608903689,0.0023387284996030933,-0.03553173943995219,-0.0011193285421791654,-0.0007477472468115365,-0.012965326255357512,0.0016252859562700395,0.00017525708811572116,0.0008875476195782661,0.0012684867992632798,-0.018111053255977838,0.002241013557164717,0.002868643986116637,0.011784496049492665,-0.0038250050502388055,0.006218441651037521,-0.00036223221266978856,-0.031955403451498166,-2.299875842703969e-05,-0.06659016218884573,-0.0028205537715063622,-0.02120640379391525,0.0356453389402141,-0.00016125639408420822,0.0,0.0,0.005353569664641622,-5.551115123125783e-17,-0.004293821207281168,-0.0367663583295732,-0.04033256376149613,-0.025056336216130792,-0.05773246443811131,-2.428199720411195e-05,-0.2576527412867555,0.00011827232173794444,-0.04172030269949789,-0.022212418516792454,2.220446049250313e-16,0.0,0.0,0.0,-0.04436052979039179,-2.0218564627361157e-05,0.0,9.909881739877946e-05,-0.04264611373347604,0.0,0.0,-5.551115123125783e-17,-0.025622125934812723,-0.03833335578211616,-0.05302439911051182,-6.970467939226843e-05,-0.04014787233837325
-0.031466685220250534,-0.008833858249067905,-0.0008145052027824229,0.013702639738289224,-0.02644760550235936,-0.01786929727452924,-0.007401811075122777,-0.06598218620135393,-0.026475736152630658,-0.0352795707326744,-4.9447194499618874e-05,0.003624633862416904,-0.017326622634562583,-0.0004065938719424178,-0.017277092066595612,-0.010396829560891163,-0.03625937979706806,-0.057497424665795493,0.00041828289067247226,0.0,-0.05876505552522654,-0.006224923365182933,-0.03664912635897716,-0.018727993745384197,-0.06482324911180498,-0.06317795686835159,-0.014254192933550458,-0.0006038917870113125,-0.01690797782694714,-0.02175866621839917,-0.03304153693333867,-0.0379591129793343,-0.022363911330747943,-0.03993425225702629,-0.030458299553413726,-0.011246736568388982,-0.007971098166864976,0.004932692536270822,-0.03314108167378815,-0.024706024422822492,-0.032048451826707736,-0.02286677867254372,0.00803122587965166,-0.001551143420869372,-0.0004973946306405241,-0.001427195017977445,-0.030057884241674326,-0.000816426910500101,0.0,0.0,-0.05785477723894078,0.002347345355323882,-0.039603223802575194,-0.0012348821558147982,0.000672443065249051,1.1102230246251565e-16,0.00022420593252919785,-0.055142582645009985,-1.1102230246251565e-16,-0.03470231799807727,-0.032972949365028426,6.199919986626945e-06,-0.05111638994610135,0.0,-0.043726802944776766,-0.05732853144018568,-0.027206240862644282,-0.053860896080664245,0.0,-0.04812584460713132,-0.04472120609395264,-0.062221893126528705,-0.05560218453092641,-0.05689342166417599,-0.06581720476339181,-0.047660197500718926
-0.027986672702921156,-0.020948186511360822,-0.04901938677244638,0.00046703305058404254,-0.0022289743256954098,-0.06146650109662949,-0.02288316135219637,-0.022120230753215286,-0.03345642004066862,-0.011025247098819357,-0.00016140846790763108,-0.02565407940226322,-0.030371539153854543,-0.006633641052828265,-0.04752658667099319,-0.04613464207614826,-0.0012819324459201198,-0.0546086180653067,-0.0003916860493898833,-0.05876505552522654,0.0,-0.05209048618863066,-0.03177913768068902,-0.031573587475884124,-0.06975652422423928,-0.021340122628769442,-0.06560878134391035,-0.023249423948087766,-0.04930064124333006,-0.03540274410429828,-0.05320198970622214,-0.04385283941554746,-0.05015214177639793,-0.043852384157830326,-0.04350083359583373,0.002344413387508959,-0.0009023411707534956,-0.001800406011097988,-0.04038532042205423,-0.032680604242161126,-0.029553853963067533,-0.033411513726993636,0.0021707566171418335,0.0,0.0,-0.02152030447214831,-0.03660255664496875,0.0015771008535407915,0.0,0.0,-0.03934628274431495,-0.00029753965625617385,0.032465413088899164,-0.0006377612560506396,-0.0004582124855584957,0.0,0.0009638302824759304,-0.026042587415398555,5.551115123125783e-17,-0.03570988524316954,-0.04137214268671713,0.0,0.0003220251563610388,0.0,-0.035694694037882946,-0.033772955984371245,-0.03475432040554577,-0.0008523756418845618,0.0012489833190709176,-0.033078033824131325,-0.05357498866986443,-0.02641705837001279,-0.025811827122269315,-0.034813816235825745,-0.04285800907149717,-0.024039415278370613
-0.06256657522091746,-0.009170030410671215,0.0025005906354800267,-0.023940386710030737,-0.01705293397194141,-0.03299437748081807,-0.011052053867112444,-0.022726039028072298,-0.024237944900184105,-0.06234551605785277,5.0392079976813164e-05,-0.07723742802543132,-0.01792828302198285,-0.000546644893506032,-0.028238492783204783,-0.0010935846833116103,-0.030995346246506406,-0.060407693703005416,0.0011880087608903689,-0.006224923365182933,-0.05209048618863066,0.0,-0.04217299567474597,-0.0027529589388760045,-0.07911530786220727,-0.01709388903953951,-0.0378323193113238,0.004959841510011498,-0.010838812639554607,-0.0017404987458959909,-0.026370426377412493,-0.04766289054993006,-0.038993281618578846,-0.03687863948792863,-0.0494867625747627,-0.047561341939333646,-0.04107086189283132,0.004148191255782807,-0.034677644856824175,-0.029200482960102414,-0.02948732911774371,-0.034696247786417556,-0.003285680255927792,0.03608132915076179,-0.00036702877452843286,-0.04982155782240294,-0.025975975768761594,0.0006480861587462305,-1.6436020648380456e-06,-0.00014201643984551593,-0.045677899244846776,0.0022365023375299775,0.000751144263547332,0.0014287755039233963,-0.0005521805470870556,0.0,0.0005616514101414727,-0.04039916415176242,0.0,-0.05441548528303841,-0.03305876970236321,-0.0006605074178288595,-0.03914384941948862,0.0,-0.04669224431641572,-0.06446435770374548,-0.030786748849967238,-0.037309905314106995,0.0014866468131203292,-0.04171024719628813,-0.03858709112663389,-0.03521201620333397,-0.02064673040335585,-0.04020999527889091,0.0006934016404241405,-0.029432284892331295
-0.029152580765891334,-0.04942621964119398,-0.011544954534881191,-0.014022723700930106,-0.027783663487590204,-0.06162844562580766,-0.03754519683161894,-0.036498151899155895,-0.035508963605681676,-0.024324725535605385,0.03365738219580727,-0.031372839854245826,-0.04849328280273579,-0.06669882164152058,-0.0205924043006514,-0.03971523298961849,-0.00015204564668280796,-0.04735178672935203,0.0023387284996030933,-0.03664912635897716,-0.03177913768068902,-0.04217299567474597,0.0,-0.041521860537904354,-0.056082585884245806,-0.05162128723981285,-0.029397554526086,-0.04631501720251602,-0.029706140598495023,-0.05385665845688531,-0.04523170779875141,-0.04864926934676728,-0.0520441717950369,-0.03744778802027676,-0.01510198715276434,-0.05130190996194167,-0.025388735324534284,-0.04050706586227826,-0.02577435472533529,-0.00272857779870761,-0.02920688854984016,-0.025419635838267007,-0.01930794993228896,-0.01893286206816297,-0.00013003922777099497,0.04623852375900461,-0.04277910567292331,-0.035929585980939316,1.8939794053096648e-05,-0.03898971993309702,-0.04454659520168619,-0.04148576506945478,-0.02778602997863827,-0.06189450348647024,0.001856706913464623,-0.013362229758802469,0.022344679172924597,-0.035739214520195184,-0.060160261106102286,-0.04049677483159558,-0.03051369479413285,-1.5081991038945475e-05,3.648605011530304e-05,-0.05175441579119472,-0.04143836088409558,-0.027491246971059757,-0.049510367972607106,-0.02632151403323313,-0.00048567038797442397,-0.03634625329796948,-0.05970443422349614,-0.0303962880981421,-0.03294412389142559,-0.03369510931402414,-0.036078390445297814,-0.03711270611806078
-0.026085283080052202,-0.030014514599152387,-0.001341301927852756,-0.0022592449076995758,-0.00012721067375559558,-0.010779264339045302,5.6437452111812725e-05,-0.04129307512724251,-0.0027156929030497934,-0.050239153788912305,-0.026544082674459568,-0.02054282717531558,-0.037161254295457635,0.001443505580355997,-0.056408107178962275,-0.024965282700762537,-0.04013533578003736,-0.044809570107983754,-0.03553173943995219,-0.018727993745384197,-0.031573587475884124,-0.0027529589388760045,-0.041521860537904354,0.0,-0.048015326387914725,-0.05032170822468096,-0.02587354353611815,-0.0064196227511440496,-0.020598469692517496,0.0006114102177233738,-0.02416521817591072,-0.006726228050894345,-0.04666835919350973,-0.016306394586057482,0.041312520975623046,-0.02152654198495091,0.0755083546851919,-0.046655118712505966,0.0241193321000564,0.04027420066534054,0.049341018777723455,0.008835396491731817,0.0010948622912723693,-0.0002644021486081227,0.030247825396666816,-0.04389315823675449,-0.0213296368594052,0.0,-5.551115123125783e-17,5.957110154952705e-05,0.00020991202392256492,-0.00010309746585307478,-1.6653345369377348e-16,-0.0004946281895818472,0.02152471604474654,9.256974201676815e-06,0.0036979982168643954,-0.0012087136789522002,0.0,-0.00020426651761185077,-0.03082211524063988,-0.0011687961163791005,-0.026259756859276617,-7.259488184641061e-06,0.00014198293639794413,0.0003885825227363804,-0.001677960986071314,0.0007508228693388075,-0.0072397655075965295,-0.010184245613085785,-0.025393555092277698,0.0007099747166908754,0.0037254812011633387,-0.0004002546110809524,0.0,-0.002498212263868649
-0.08749802303756393,-0.07835308260192725,-0.07921868042489327,0.000538286037482627,-0.06585109248570353,-0.09113655951399502,-0.05939396762487453,-0.058264640622737174,-0.09531067165729806,-0.020710646045892067,-0.011363918623992442,-0.012741999223642664,-0.06203085107885925,-0.00012660713086409814,-0.06783707521545601,-0.0717300268630045,-0.06396603030670961,-0.042150247301334876,-0.0011193285421791654,-0.06482324911180498,-0.06975652422423928,-0.07911530786220727,-0.056082585884245806,-0.048015326387914725,0.0,-0.058957014112330675,-0.06981472118894427,-0.04900310004134856,-0.06763948583905394,-0.05027811923053738,-0.05571253827874573,-0.06314127782599649,-0.042789162770177636,-0.04971373682196273,-0.052786963124320074,-0.041549805161774145,0.00031332097280750704,-0.016998852403459275,-0.05547293352157373,-0.03448391697155917,-0.0437082541697843,-0.04999113145996481,-0.0011023922269195463,-5.551115123125783e-17,-0.055477854555468165,-0.08483543502837704,-0.06073976293277694,5.551115123125783e-17,0.0,2.220446049250313e-16,-0.05094982675699439,0.000867344661584335,-0.0741019229016569,0.0003687478112071596,-0.03677673308879881,-0.000162571989302418,-0.044911426412142685,-0.0466036645166778,0.0,-0.0639336739226386,-0.05947684655289548,-0.025536921910898125,-0.03341760864543125,0.0,-0.03853899551598988,-0.09025207781012173,-0.04511105785069469,-0.06691668118498284,-0.031990209607940245,-0.03792130530059873,-0.055577595856577566,-0.05391843563153598,-0.048190952679110666,-0.037537216738307844,0.0,-0.02878432474355269
-0.03785954846602574,-0.0215719949218644,-0.0022775902737289244,0.0020400960818549585,-0.005649818445613353,-0.08178098961392521,-0.04528393978718975,-0.04443031916146284,-0.0887913139596328,-0.02809723154709398,4.370508791873284e-05,-0.012440541207981382,-0.04365953637389197,-0.002980662667890488,-0.01329537278529408,-0.06793000900990837,-0.03520832698302323,-0.05878163666842762,-0.0007477472468115365,-0.06317795686835159,-0.021340122628769442,-0.01709388903953951,-0.05162128723981285,-0.05032170822468096,-0.058957014112330675,0.0,-0.07363793346082065,-0.032908343299542286,-0.04081666838053677,-0.000326157463187704,-0.04096129464697029,-0.038995883616947113,-0.0328245866229942,-0.03500825081935782,-0.03955038389512738,-0.01554787946967795,0.00112387273187603,-0.007955845704052,-0.04068446913258622,-0.03389425807057256,-0.031788036283871945,-0.03458268325190367,-0.0037793036241036138,3.964060610206488e-05,-0.03530559885379092,-0.05684400322723154,-0.028102542440820333,0.002238569363220644,0.0,-3.65562589256796e-05,-0.05006480069420732,0.0010042985793409787,0.000488578629293468,-0.0008847728638331498,-0.033604685655883426,0.0,-0.04890262962325376,-0.045197684742862454,0.0,-0.05461699703612899,-0.04066840365938906,-0.030344560354851835,-0.03868555968501575,0.0,-0.044095933792872855,-0.04937416095713265,-0.03129563147574388,-0.032843467712153296,-0.04919106493444275,-0.03971015946595763,-0.04963127024791586,-0.04270191726693401,-0.03553748838563442,-0.0426095285099109,-0.0002719294663651173,-0.03243458551966216
