0.0,0.7305110028271028,0.40046873430960644,0.0,0.35383153934610173,0.38433457092280127,0.48544547560743323,0.9373327451796052,0.4098071331468127,0.7166564943491549,0.38627231710297916,0.635309645138808,0.4956340812995045,0.8474149337130944,0.40516904392914355,0.7344976075421743,0.5560093457488045,0.6792564316738681,0.0,0.48278217419051733,0.4662807669961615,0.6268500241337234,0.6577512626040906,0.6944235609682373,0.682064915625318,0.8696792044735104,0.5422123871730176,0.6021276796791011,0.829982716508725,0.9732384835921497,0.7559834096171003,0.6812268201413938,0.3556229141012055,0.5970244131113924,0.5172148362446337,0.8440034439612585,0.4589172429669049,0.43589488476241106,0.5671549425890425,0.7953006692261932,0.5416119595389473,0.5180292764731461,0.4764256843267892,0.0,-0.5371067650708337,0.569714434263279,0.6919560548213136,0.0,0.0,0.0,0.5572443452874271,0.0,0.6680756686488962,0.0,0.5472954944130503,0.0,0.5738539677708093,0.7756136260958904,0.0,0.5720594090936755,0.8279046391593916,0.3123799104869693,0.7219390018686542,0.0,0.5415996996609203,0.7632745439470267,0.6289765342323678,0.7440760011654277,0.6728653782489431,0.8177507240452364,0.812680971074249,0.5013668278545759,0.407043932359157,0.6365325599181201,0.0,0.711577155229133
0.7305110028271028,0.0,0.4279102202357518,0.3299650658028418,0.45615806951132876,0.4079982748928209,0.4311432782481551,1.097395471289467,0.3666176331019953,0.4909066462087437,0.3220768548786552,0.5778409988997613,0.4279094952021699,0.5193524940411927,0.5391974804213152,0.6895499059869326,0.7014843931537298,0.653651540656863,0.5987455714964249,0.4459717525815037,0.5285350177057746,0.7380455224688145,0.6764218068910228,0.5100940328922985,0.5962944480771482,0.5529343721245494,0.4403224667231594,0.3633948866427309,0.3778708577443073,0.48080809873254104,0.7007532556214413,0.5933550034611703,0.3067989332027448,0.5785615270002676,0.5231504850066869,0.5308562290042265,0.21077778551182147,0.0,0.5747271898222592,0.7475098736050844,0.5168453176525465,0.6968661607238422,0.6156815607573353,0.0,0.0,0.6268127561586858,0.6766769182361072,-0.04324428026816415,0.0,0.0,0.4806975406956653,0.6169659152097342,0.584220339185213,0.5650768806126238,0.797596862835535,0.0,0.4535861459232553,0.6531152781319007,0.0,0.38660114723509176,0.7339037578557688,0.6517262980832208,0.6895733733193159,0.0,0.631468692508319,0.70364871370954,0.6126894246624142,0.5816409418591256,0.4768787445567052,0.7277025099750414,0.6698971291544918,0.6546350962531516,0.5950102950090476,0.5462768582616941,0.0,0.799776875722393
0.40046873430960644,0.4279102202357518,0.0,0.6653745056361485,0.4892515092853892,0.706100814723124,0.4376812113167732,0.566930456229467,0.494980352992849,0.20132748139101672,0.6012008478206804,0.09073128962097693,0.4319262440174694,0.6680655136630977,0.37814241538306603,0.3991685453858736,0.617792663442698,0.5637852829333869,0.37805565173144606,0.3766350126561428,0.4105291100827234,0.5997804767955537,0.41968677700842916,0.417081931378817,0.4266367544563843,0.1304856901174123,0.6602692115596023,0.48223115016119755,0.4296821967585636,0.488157838255857,0.43712160601912275,0.6160545823231081,0.5496855753844342,0.43274064004170065,0.5209487537453151,0.559363606010955,0.31425667021598624,0.18964602335128694,0.025089942210848926,0.4914704906030185,-0.05613020702566085,0.48519498964689145,0.6356265821988606,0.6912356942426173,0.0,0.0,0.17520004904854525,0.5744185655894882,0.46741240684588126,0.09051861460617461,0.5185233132887015,0.04621151880587915,0.4715774793109567,0.6569927939627581,0.3399279499575976,0.23123129139404083,0.49456475390392896,0.3043228870795531,0.26912880721422994,0.2861540804260668,0.0,0.0,0.0,0.07491325636845889,0.6761761278260418,0.4397291454226784,0.16131698177532353,0.6410478236677573,0.0,0.6291021559062115,0.3867627751522234,0.7837142232868022,0.18378998691395712,0.6521095907362788,0.6505144349276935,0.35248734549615024
0.0,0.3299650658028418,0.6653745056361485,0.0,0.3188872161724121,0.7224469381509407,0.3684750791424764,0.7156062134583782,0.4358690862005092,0.07858790443505836,0.5249662814307998,0.4188277364689926,0.5074968120188283,0.5862848194103164,0.6540860766509632,0.08732881533774348,0.5381941037327092,0.47281721159098933,0.4538807017674068,0.6357721424438937,0.40807853974193964,0.5951794317572792,0.7630016670211727,0.20107379735543138,0.8527322592059576,0.616180112943598,0.7013334037443388,0.5446265169329938,0.5090969405998231,0.42608880733178195,0.5133097309656429,0.5099826095619455,0.2081182797844209,0.262558844011578,0.23731015880861053,0.5129140665725387,0.1633032835191567,0.47865355348050365,0.22133396743699135,0.2782549116976582,0.37214335613634,0.29946640620965187,0.22203345619982437,0.236916545678106,0.0,0.0,0.0,0.4282974160011353,0.0,0.0,0.5928644505532172,0.0,0.46901648026004905,0.09607300584897076,0.0,0.14739241215280535,0.4955236248961046,0.48147001361404407,0.0,0.0,0.0,0.0,0.0,0.0,0.0,0.0,0.4668936929064186,0.6181378454529223,0.0,0.0,0.0,0.5007950654073186,0.5108373333760337,0.6357652222412755,0.0,0.0
0.35383153934610173,0.45615806951132876,0.4892515092853892,0.3188872161724121,0.0,0.5300507225317512,0.3621570502820533,0.5972540591287769,0.3626079784669747,0.42213327914076615,0.4357747953321328,0.3400728809114596,0.49074887175024845,0.31386036463641087,0.5228169067929571,0.5360751849004888,0.12331700784831753,0.30266163627325604,0.5055454761620956,0.5161994070652418,0.5160968295000194,0.49879360677883955,0.41836028463594943,0.5960573751388039,0.5588137165510221,0.45823879090551056,0.5964527564497786,0.5223709683612154,0.42162078388122964,0.5138892779581957,0.3753606399076169,0.45048155034329007,0.5168070425322348,0.46717639763127516,0.5580329251925125,0.1452999089670724,0.09358463966291611,0.3612244333747501,0.4672900075755809,0.6813131039261058,0.5067994702051313,0.3841984761815842,0.7188156549056647,0.6169954466785544,0.2535009308804001,0.0,0.42940934820452037,0.3708256766114865,0.0,0.5283946262853887,0.39391816159675663,0.38491123351875217,0.5514943534510195,0.6562742039595825,0.0,0.507387641680538,0.3381686517507328,0.6365107367374419,0.29132462165537154,0.2271545773315933,0.5144863190697868,0.0,0.0,0.6523228711785753,0.2862503317956583,0.44513303527318593,0.3724219856355324,0.5742095462275212,0.0,0.4907984933616317,0.49722130098040007,0.5338930647633261,0.465263333595513,0.14568800098710027,0.0,0.5026971205184775
0.38433457092280127,0.4079982748928209,0.706100814723124,0.7224469381509407,0.5300507225317512,0.0,0.5321070327419628,0.38795017365966683,0.48337525500259476,0.39970527708261777,0.5409805605278126,0.5085360357840605,0.46995270609557854,0.5458812090724728,0.5062792092445472,0.3937417594348249,0.2319529551262411,0.44468386216789896,0.5981586273339949,0.36412275576347525,0.4630749636677136,0.3394172379914755,0.551467725683152,0.39126409259698886,0.4463881841611741,0.5000189592325497,0.6665169199063941,0.4819864135265383,0.4031976311804156,0.5033870842987312,0.4170303796357863,0.5846515399243362,0.3999074416744104,0.42107718196913013,0.6245143487035563,0.8004501556480063,0.5057543734763663,0.3247362984505062,0.6019354916737513,0.37728449173126166,0.442160991459057,0.4968675946180634,0.6140348988459994,0.5304139281839885,0.21868070360600939,0.5903991799748811,0.42516965687699293,0.562158250323652,0.6007235966726985,0.23068943783822146,0.4714554296880088,0.4413822055678824,0.6983499110162301,0.5667939363099654,0.6711585197138454,0.4536606294792872,0.38063958812669063,0.5037591619330238,0.6180300031170904,0.45142636876262043,0.5141096406841942,0.0,0.5423205686843473,0.3968239190042942,0.36565850042530557,0.2314255704719055,0.4910736326602928,0.5618383197993011,0.5601674388849737,0.451018579562004,0.4985083678726234,0.5353051038753417,0.5057489685661587,0.5381810894053111,0.3920722977517446,0.4281812264544918
0.48544547560743323,0.4311432782481551,0.4376812113167732,0.3684750791424764,0.3621570502820533,0.5321070327419628,0.0,0.38763598766575985,0.374723144401809,0.5321804543442074,0.4272412644794108,0.20274929990578966,0.6266227916948501,0.6129613243799532,0.55846990141915,0.469819819576443,0.35271758730744174,0.4309565631422803,0.3742318305321253,0.39368555931400323,0.3209886490246624,0.3795900189195075,0.4138502526115572,0.5678494889835795,0.4944629922251521,0.5858797876080708,0.4118487127705756,0.5550715917942288,0.41242905807259,0.5660811045857359,0.40660623066046275,0.5642366892143017,0.509978873616428,0.4165035143692542,0.4907765824091034,0.41936312148323057,0.22872568226814444,0.47820892545902394,0.5399299391485266,0.45845936441298707,0.46371477443609926,0.4371728122281734,0.5275112427852999,0.8127154567304111,0.365261538204661,0.0,0.5922551393536231,0.4514694360692094,0.0,0.5374311397540033,0.4545184858688178,0.3523627595119677,0.6265841706282425,0.5936515530883866,0.5900874091503445,0.4474529231573156,0.4054742928813322,0.33029162977298254,0.306574996535356,0.3375322803655523,0.6131596798880636,0.0,0.528648796591742,0.36295687774961793,0.6027379126724264,0.47420264649528227,0.589851779817127,0.5479115479927422,0.45907525479070327,0.5836214455784863,0.46761981480307985,0.5636302391063219,0.40047626033231176,0.25567749761971614,0.7735105513473872,0.5385712881932061
0.9373327451796052,1.097395471289467,0.566930456229467,0.7156062134583782,0.5972540591287769,0.38795017365966683,0.38763598766575985,0.0,0.5411683829320162,0.6499966684875675,0.6204087685738899,0.940346586109556,0.42097792439987025,0.8643013905419392,0.6353049532540602,0.9227473039804588,0.5049666300577442,0.935938203068414,0.4571877091754626,0.2494443231514978,0.6585529872915901,0.6053420601680067,0.6111735275737558,0.7780919590125115,0.8331220821865788,0.9036932224958526,0.4929535780486519,0.4055671645251306,0.38965362626438826,0.4764665714052415,0.43221477946204473,0.5859044052272085,0.7876531014400843,0.5140815005166358,0.5711846674625854,0.44888770513071036,0.613361731291011,0.6516373670145136,0.6170250389578372,0.4721382955538647,0.2971120535760826,0.6394040324963701,0.642883501242511,0.49595896437418063,0.0,0.6201540928781142,0.4381117802893663,0.733869839431043,0.0,0.5627558096777243,0.4268715868527625,0.7392965613767861,0.756462725593438,0.6485368354690604,0.8048333856023178,0.4881074694660454,0.9803989431288596,0.4248187433769346,0.6874310350624989,0.3773550370882142,0.4082694547318738,0.0,0.7658594092530975,0.6901750381583477,0.3860987457409809,0.2889883979727562,0.5727563760055221,0.8606900320628232,0.0,0.4887282151386139,0.5516723598106688,0.7635858978785539,0.4546052154073025,0.5391966358693653,0.5019361732874918,0.30162728334814515
0.4098071331468127,0.3666176331019953,0.494980352992849,0.4358690862005092,0.3626079784669747,0.48337525500259476,0.374723144401809,0.5411683829320162,0.0,0.3877941240297855,0.30779135504392646,0.2973743053392263,0.2682418565375761,0.7231605671971797,0.5923806050872148,0.4249149819558736,0.07076892605297058,0.33801679650275185,0.4006145946602292,0.4697394162004579,0.28157968151100166,0.4470048532267782,0.5161804647008568,0.17974736311902725,0.4430327162120399,0.4879678304572974,0.7913583250682081,0.42440855259258947,0.33421801863110623,0.40398121097997186,0.3719574931273529,0.5445054102311082,0.2914241205125362,0.3987041812942569,0.428624252560594,0.5521619867835668,0.4133445325097844,0.3702739687251823,0.5591367930081979,0.5580219148725905,0.3865203281884278,0.2556907461637974,0.5857409910462954,0.4161443393551917,0.3017115975466096,0.0,0.49378966316301265,0.6724527899425508,0.46166309022433294,0.44787091634712256,0.567934702193351,0.5012092887025237,0.6266960214623687,0.5608664427351346,0.217101524423328,0.6467415199741121,0.4926397910603277,0.509848933894622,0.5424007758170581,0.4482144251383008,0.6947136938500601,0.0,0.0,0.5282087400219461,0.611880229660167,0.61483065040128,0.5651010815596951,0.657658638031977,0.30625679498256353,0.5724262002945041,0.29144942499952475,0.747360756265004,0.38730540478190795,0.40663247033112615,0.4676260474107568,0.682199790505126
0.7166564943491549,0.4909066462087437,0.20132748139101672,0.07858790443505836,0.42213327914076615,0.39970527708261777,0.5321804543442074,0.6499966684875675,0.3877941240297855,0.0,0.43614835309080624,0.48919682311647283,0.6389975947224591,0.6352661819462277,0.34524640894574593,0.4108684351244595,0.5975498803285764,0.5483899320275207,0.29170953693359664,0.31081143622510166,0.8706481792126641,0.5429966782649067,0.7571914340578072,0.6645106059139221,0.6127847547413996,0.6951194355129136,0.3132578612293737,0.7842860659875553,0.2880797931005556,0.4086226499181297,0.7071426330637731,0.500779744752045,0.8356464374806826,0.6868046796749117,0.5750230862928751,0.30810349927365244,0.44298744090393116,0.42730370788526784,0.5884879908271812,0.7404536503087904,0.6340369748179018,0.33780545398409845,0.31239505235606685,0.31327657938110176,0.5994137077546824,1.0058334832051825,0.4849944277672642,0.16069311196635597,0.44598065542824755,0.43358131428743224,0.5296909052301977,0.5064375276330023,0.5646894300517891,0.25898477069122106,0.735625058477699,0.3988791785237634,0.8096061362708301,0.6859867826987687,0.0,0.8712509079419295,0.5511884035011272,0.7757274867388859,0.7880396446700767,0.48294001780034745,0.4886093422774226,1.0519096271536434,0.38622936872252867,0.5704310342638756,0.5991064582785968,0.6897590203094985,0.721352339740947,0.5284350404523657,0.6824974395443446,0.44503555368010966,0.0,0.835073693864947
0.38627231710297916,0.3220768548786552,0.6012008478206804,0.5249662814307998,0.4357747953321328,0.5409805605278126,0.4272412644794108,0.6204087685738899,0.30779135504392646,0.43614835309080624,0.0,0.14085287994306273,0.4060790385910058,0.4917454095716586,0.0,0.5039924148931432,0.0480199957531629,0.13455702717225476,0.335082020143967,0.5159003459441409,0.31374694626415073,0.37626048738988044,0.33744956555360117,0.07135644822682008,0.2623481502635618,0.7060811976771199,0.5157986082804091,0.4243478309285693,-0.2353807071766636,0.5275981154661653,0.3533521040491607,0.49972925432342413,0.10709699092702091,0.45612083953855165,0.3669771776564116,0.6399305987772375,0.5135266061032226,0.3775840109470885,0.617394949959323,0.5059635425998976,0.5130169350706535,0.4424571439367737,0.6963548515778472,0.588243291378898,0.19986796748949767,0.0,0.0,0.5045078594801482,0.48635975225336014,0.24484037009816892,0.2544211143597203,0.2218864738126748,0.5322181060693093,0.5050167973338195,0.5023326076666991,0.22450008911999725,0.3898015512835319,0.24381716263742637,0.6129558080029824,0.0,0.0,0.0,0.0,0.13697749990480654,0.38951208145623273,0.0,0.7402928390694502,0.5922242353755973,0.0,0.0,0.9761672293432366,0.7689500101936391,0.23018124597932468,0.3901553694882444,0.0,0.5715173619391667
0.635309645138808,0.5778409988997613,0.09073128962097693,0.4188277364689926,0.3400728809114596,0.5085360357840605,0.20274929990578966,0.940346586109556,0.2973743053392263,0.48919682311647283,0.14085287994306273,0.0,0.37171717660689246,0.6043398601368721,0.3785142459373314,0.6397065784469429,0.6056123267789597,0.7153076942656109,0.07998928959889376,0.6007174344398771,0.6660006083343635,0.43189525071108265,0.7480064484105251,0.3595469662883381,0.685267796775183,0.38763758885226296,0.5567723154176873,0.5851739096807189,0.7088577483637275,0.2913443604657485,0.5989184814244908,0.26178480621161865,0.5970622848854978,0.2210460472858583,0.42077146820795996,0.3248208589073674,0.41289617715844906,0.1177297410415834,0.45911504884370646,0.5555023642768169,0.5275060834366779,0.3221480312442767,0.44108186038393854,0.4231031249738868,0.5207336249945314,0.7688385221993312,0.5301691148713312,0.2633788376744485,0.19397714907756206,0.24998834281409454,0.36670999419868444,0.4672215350296059,0.2826114858342613,0.4160119831290741,0.6946822117344897,0.24351941992234422,0.8670306061164477,0.516181703613216,0.7216309599212916,0.6544341065310226,0.5302726251743695,0.6720154593317181,0.7834581568855153,0.37166241130828115,0.7745130896126673,0.9714111186490821,0.48127865417360843,0.8495381234583596,0.46020865723019566,0.7036733908649774,0.6879661925638891,0.3031987307873168,0.6254836793738623,0.4843878428235242,0.0,0.7904523091487883
0.4956340812995045,0.4279094952021699,0.4319262440174694,0.5074968120188283,0.49074887175024845,0.46995270609557854,0.6266227916948501,0.42097792439987025,0.2682418565375761,0.6389975947224591,0.4060790385910058,0.37171717660689246,0.0,0.7468672588693308,0.46853464614035295,0.41991672707480454,0.484045987870528,0.48474602496459757,0.4037504073001204,0.40628181345904096,0.43329050776543127,0.35301023324887604,0.4543011633989184,0.21391512116118758,0.5555555979547018,0.5783559847858393,0.426834589958731,0.42031848753020534,0.43893246114070283,0.21176628692221577,0.3904585887491246,0.5560467995833007,0.31830854891874716,0.4680143369924311,0.4491909097641897,0.6072328829445242,0.32770341860169583,0.5587976609073612,0.15460242589818968,0.45871926049459866,0.5399934006021592,0.3806301778541814,-0.09974647895365191,0.36473111801600566,0.4741610676860829,0.6460858038638074,0.5327647360871872,0.5659773916172433,0.0,0.658352195309464,0.4228075270205207,0.3643554912824813,0.3763722398946552,0.5259219525886825,0.5575758034573016,0.2288686716599223,0.5106765863637254,0.3975118470042535,0.3674654641619207,0.2793206293999923,0.5491514809082327,0.4058940060124195,0.5532729211613794,0.635962898475253,0.355290784394843,0.6091105917879085,0.4798671856433314,0.5558537404082413,0.5415178378628439,0.4724715929778062,0.4071272755382989,0.5399454397959027,0.4652834874624403,0.3509682754814112,0.5733782252797124,0.30284432418170215
0.8474149337130944,0.5193524940411927,0.6680655136630977,0.5862848194103164,0.31386036463641087,0.5458812090724728,0.6129613243799532,0.8643013905419392,0.7231605671971797,0.6352661819462277,0.4917454095716586,0.6043398601368721,0.7468672588693308,0.0,0.5873277174453166,0.6292509474563845,0.506179750286347,0.44117581492444735,0.65059856870444,0.3903730530002377,0.47529337132236543,0.3190934219263414,0.6773989944207615,0.8863706639527471,0.5157087926665067,0.7573097828949039,0.6292037708770553,0.9841055436610027,0.05694646232158443,0.84081997315954,0.6994723641615571,0.6225521240821094,0.24018637486719907,0.6413574346009718,0.3330566018081998,0.37807351900466735,0.1872431449820889,0.3839863353219209,0.7080859493847559,0.0,0.7053071076028544,0.824004331861331,0.6540059387495827,0.46681707057018446,0.0,0.0,0.0,0.6030037648048071,0.0,0.556848919798451,0.10752212515162751,0.47981755077708854,0.5905667314140072,0.44608485011729404,0.0,0.5854395653575382,0.4063970667814484,0.7865687319816027,0.5116554522919823,0.0,0.0,0.0,0.0,0.2529664182405922,0.0,0.0,0.0,0.6025069735130966,0.0,0.0,0.0,0.7532066110676672,0.760203443677347,0.0,0.0,0.0
0.40516904392914355,0.5391974804213152,0.37814241538306603,0.6540860766509632,0.5228169067929571,0.5062792092445472,0.55846990141915,0.6353049532540602,0.5923806050872148,0.34524640894574593,0.0,0.3785142459373314,0.46853464614035295,0.5873277174453166,0.0,0.6898201957191039,0.1689668861347151,0.5817483311828069,0.0,0.5021438342772627,0.5406123844311109,0.6147723326591013,0.3904196321249548,0.14800724457604353,0.5341948678127533,0.7434537688257921,0.4825398901998279,0.39545168407296144,0.35378901931693374,0.5313396008826317,0.5637764009673605,0.5930696496035901,0.45747732796824303,0.39834236307554305,0.5364229159242999,0.7508099411846945,0.5056237726897246,0.36990607875966536,0.5548222980651583,0.5889884200790342,0.4964281628060975,0.45709874867775946,0.599350099580563,0.644249357670432,0.0,0.7522666846304571,0.6788274684080566,0.45699310017884187,0.0,0.0,0.5043765679907212,0.6742006088049126,0.6606976393639183,0.520058053014637,0.0,0.0,0.652120410647967,0.30037288254995476,0.4822474732568371,0.6972378870745735,0.719231336066268,0.6120260113664495,0.5406058291480224,0.0,0.8245884794504421,0.7535246783818921,0.8245974496261588,0.8486803934290581,0.478062259268044,0.5956579131642287,0.7983752076109241,0.7224151979074049,0.7128381176242367,0.41726963624467994,0.6242704128512846,0.5879103385888904
0.7344976075421743,0.6895499059869326,0.3991685453858736,0.08732881533774348,0.5360751849004888,0.3937417594348249,0.469819819576443,0.9227473039804588,0.4249149819558736,0.4108684351244595,0.5039924148931432,0.6397065784469429,0.41991672707480454,0.6292509474563845,0.6898201957191039,0.0,0.27033150337653156,0.4978991384915785,0.5218229317811023,0.6372028161262246,0.7340246210329833,0.7626092144910934,0.6253565870156468,0.6191845682771813,0.6993444757733818,0.6740259536783132,0.5242980775796529,0.3705892530331482,0.53413168667041,0.2751917036185155,0.5592173678046211,0.4496539422625765,0.43263280280989275,0.43902333152878803,0.4008532921924754,0.5869184106836385,0.40303364677941805,0.5976069448437176,0.7202594430291919,0.6140500580576717,0.6355768259083217,0.6426148931264872,0.4683015516216317,0.0,0.0,0.545618838767433,0.7495297275256678,0.0,0.0,0.0,0.572792460844399,0.5926733354843712,0.9042028777812499,0.0,0.4589869460958014,0.0,0.4453593557357066,0.6574102095561287,0.0,0.6349002080840795,0.8087149237158898,0.5416216412577783,0.6779821480226316,0.0,0.5542493207656571,0.7221771331992883,0.6450033830251991,0.5505519172468352,0.013075087185559803,0.7888530784571053,0.7739113215008817,0.5576333683667432,0.6456380960095474,0.42726231987745167,0.0,0.6517136668378902
0.5560093457488045,0.7014843931537298,0.617792663442698,0.5381941037327092,0.12331700784831753,0.2319529551262411,0.35271758730744174,0.5049666300577442,0.07076892605297058,0.5975498803285764,0.0480199957531629,0.6056123267789597,0.484045987870528,0.506179750286347,0.1689668861347151,0.27033150337653156,0.0,0.4551890037237389,0.6259311079886545,0.4577785506070841,0.5202772339563867,0.6187436922363927,0.9975546797908312,0.5359533109320421,0.6491502518069536,0.6167959007908945,0.28236081370919275,0.7153961713598127,0.29555107619317833,0.5774901972380138,0.47375689010870575,0.6542930255364211,0.6219306740742818,0.6004270378340253,0.7309266487667838,0.6745281501340669,0.2800430155859361,0.42741581518182536,0.6568842567000726,0.5960232002089063,0.6402876164179566,0.5428256338288286,0.0,0.0,0.42619649230871426,0.7045234201439444,0.5792083915835592,0.0,0.0,0.0,0.0,0.0,0.0,0.0,0.6823771474610745,0.0,0.6988828316437207,0.3382980343409683,0.0,0.81339311486755,0.5160357594063529,0.7302941653455038,0.6490135882764386,0.0,0.0,0.0,0.5145764189034472,0.0,0.4020545563289029,0.6671194886910466,0.7271350049875004,0.0,0.30764596489427265,0.4755187172487741,0.0,0.7533568414859291
0.6792564316738681,0.653651540656863,0.5637852829333869,0.47281721159098933,0.30266163627325604,0.44468386216789896,0.4309565631422803,0.935938203068414,0.33801679650275185,0.5483899320275207,0.13455702717225476,0.7153076942656109,0.48474602496459757,0.44117581492444735,0.5817483311828069,0.4978991384915785,0.4551890037237389,0.0,-0.06446012074997892,0.5215655489471279,0.9186453252593101,0.5448648269606017,0.8251959353565046,0.530453233003363,0.6845694363259729,0.5823702514328616,0.5511226756821683,0.3649965079203519,0.4216575352829515,0.5932323037011147,0.47700094266773513,0.5443221773279953,0.5596025412801586,0.6523568488715414,0.4784343446881735,0.6144641814249541,0.25703781462034997,0.4288793419601352,0.720215864188732,0.5452851398361486,0.5843536641749393,0.648073046941281,0.0,0.0,0.5477847398241864,0.6620861766728315,0.7872823078876103,0.0,0.0,0.0,0.5323257516731799,0.5289261917580828,0.8752998385315625,0.0,0.5707394141314917,0.0,0.6437261179381564,0.5204563657366451,0.0,0.44159542882442726,0.7271881677629966,0.5712442046089214,0.5755960604229169,0.0,0.49266690919497125,0.6349386537866569,0.6206874808000835,0.8018899103256034,0.3832532029671041,0.6084674878366039,0.7041661069839606,0.4371358613533154,0.5785106421902687,0.4732628721243549,0.0,0.7101876321995626
0.0,0.5987455714964249,0.37805565173144606,0.4538807017674068,0.5055454761620956,0.5981586273339949,0.3742318305321253,0.4571877091754626,0.4006145946602292,0.29170953693359664,0.335082020143967,0.07998928959889376,0.4037504073001204,0.65059856870444,0.0,0.5218229317811023,0.6259311079886545,-0.06446012074997892,0.0,0.5251066259574058,0.4334023245213809,0.6232374982629318,0.32433536105344335,0.5154710691935407,0.06866031627815886,0.5411299935531495,0.4716229269155785,0.4497875170618753,-0.4664037437244374,0.6272588196649147,0.37492268795923667,0.5655126779511297,0.5698347038825449,0.42643407912901365,0.30832875293872875,0.5692467201614957,0.2939132657450112,0.1624661840377456,0.771993784636011,0.4156926020025674,0.38025923680233276,0.21794325017585042,0.9284136651120556,0.3385768603730802,0.41414809316100476,0.0,0.0,0.7440090253511312,0.0,0.3063273174988953,0.392750699361261,0.6138810327307693,0.5866318106067808,0.6317501599506004,0.9553089561438126,0.05310146884164124,0.5365453980154238,0.34343008907392925,0.47897907936561995,0.0,0.0,0.0,0.0,0.5982410790718093,0.48168247433262756,0.0,0.44651674540715913,0.5949202905115965,0.0,0.0,0.0,0.5691070494715453,0.29410470386796495,0.5081157138039714,0.4562078172203953,0.585995790054435
0.48278217419051733,0.4459717525815037,0.3766350126561428,0.6357721424438937,0.5161994070652418,0.36412275576347525,0.39368555931400323,0.2494443231514978,0.4697394162004579,0.31081143622510166,0.5159003459441409,0.6007174344398771,0.40628181345904096,0.3903730530002377,0.5021438342772627,0.6372028161262246,0.4577785506070841,0.5215655489471279,0.5251066259574058,0.0,0.48913012721340915,0.583983939954601,0.0737181323080674,0.6051218707792156,0.6087049970957227,0.5084361873574462,0.44202608774570357,0.5222120819434019,0.6320100727983955,0.5868711277911629,0.5419729445006866,0.4872920840350924,0.2581002493881555,0.31038435149091403,0.4748781133931727,0.6359012952589231,0.5190318482463054,0.773549596639751,0.5745002996793024,0.47187045668544414,0.5795207876337016,0.5683344663832004,0.5333716973469709,0.2117358175940235,0.20912937112056526,0.5198682452308958,0.5228472980460264,0.4724336282772017,0.0,0.0,0.39676715600618395,0.6103259811001613,0.7651531458779992,0.4609969143495244,0.9101084710405296,0.0,0.5618571015430025,0.24214394705535253,0.0,0.6851830258915065,0.4231514401222881,0.4717954312976314,0.43494430979375215,0.0,0.46998687498184727,0.5225123855727791,0.5767490991910306,0.49693058094043435,0.0,0.5362686707757547,0.5630921109548677,0.42218903859109047,0.3147213070404268,0.40151638013077695,0.5047420609955667,0.480245650149689
0.4662807669961615,0.5285350177057746,0.4105291100827234,0.40807853974193964,0.5160968295000194,0.4630749636677136,0.3209886490246624,0.6585529872915901,0.28157968151100166,0.8706481792126641,0.31374694626415073,0.6660006083343635,0.43329050776543127,0.47529337132236543,0.5406123844311109,0.7340246210329833,0.5202772339563867,0.9186453252593101,0.4334023245213809,0.48913012721340915,0.0,0.5516575461997034,0.5454083300294126,0.6309628426232605,0.8000374056004511,0.9120913568326448,0.49455587988512906,0.42968551202491656,0.466432782208226,0.6132837262376367,0.6834796567067138,0.6003158384096023,0.6645455364440158,0.48299218189699067,0.6010677404231679,0.5876989648225174,0.3222287276468504,0.8243060470863983,0.7407884835750297,0.8104871037351977,0.5189889907858063,0.5501877178961245,0.5456658398543738,0.0,0.0,0.47250314504003754,0.684807416545955,0.6188145745465501,0.0,0.0,0.3619660219968184,0.4398168007510548,0.7918854398125591,0.5090154556326915,0.6323699405819787,0.0,0.7381824225591183,0.30249069699755987,0.0,0.6797410008008564,0.7050914921934882,0.0,0.5433227932714091,0.0,0.6068499484525582,0.7283809706163991,0.7221962358792591,0.8321542811579647,0.8498101198180987,0.580806997961296,0.8897249067429731,0.5812163875318126,0.5520536916686027,0.5779694859450941,0.4962600217122082,0.4493516723028349
0.6268500241337234,0.7380455224688145,0.5997804767955537,0.5951794317572792,0.49879360677883955,0.3394172379914755,0.3795900189195075,0.6053420601680067,0.4470048532267782,0.5429966782649067,0.37626048738988044,0.43189525071108265,0.35301023324887604,0.3190934219263414,0.6147723326591013,0.7626092144910934,0.6187436922363927,0.5448648269606017,0.6232374982629318,0.583983939954601,0.5516575461997034,0.0,0.6874128413070026,0.8387090817580516,0.7231934135895919,0.7964272358972873,0.48905038002090834,0.5247919115137187,0.4696894016567471,0.5051281596409071,0.7045237007450127,0.6343470804996629,0.4079775079536082,0.45622500697316737,0.5773347630517001,0.7197091400968199,0.7225164136401293,0.5739014597068857,0.5181758501886616,0.48393548724110064,0.428232617767424,0.45693527104260767,0.47353034326233173,0.35006056126762036,0.2549583189908091,0.7417493015712865,0.6368169986116559,0.5563160454139779,0.4754591283738435,0.25802534113498876,0.39688981431002157,0.6607946663726292,0.6636478749094077,0.6535423205493665,0.40554615276882133,0.0,0.5079288051584824,0.5927351402783566,0.0,0.6489119356772248,0.68146620595228,0.4259821288129897,0.6372265588873007,0.0,0.48049313273901123,0.5749850233691778,0.4824930470784816,0.6044037168152117,0.7219848295546264,0.5811364000062377,0.6519818102596014,0.5486609625052294,0.6403444203530209,0.46212840837613156,0.5570747878512907,0.6279892469154547
0.6577512626040906,0.6764218068910228,0.41968677700842916,0.7630016670211727,0.41836028463594943,0.551467725683152,0.4138502526115572,0.6111735275737558,0.5161804647008568,0.7571914340578072,0.33744956555360117,0.7480064484105251,0.4543011633989184,0.6773989944207615,0.3904196321249548,0.6253565870156468,0.9975546797908312,0.8251959353565046,0.32433536105344335,0.0737181323080674,0.5454083300294126,0.6874128413070026,0.0,0.6626348839783467,0.599248268323042,0.6932726483287264,0.6705507628944295,0.4164272637549735,0.4229672462999794,0.5593818970139788,0.44221624439236,0.6677558584071273,0.5442989330912058,0.4943973013779096,0.616085497798559,0.43300586733188057,0.5630992405747814,0.6717659018309741,0.6496764756688582,0.7096965018483825,0.521037341588221,0.6040892381166697,0.6778850766133013,0.6881378769086672,0.5307603994447655,0.56874106641947,0.5791211561245957,0.6669186109498761,0.4710212298391106,0.5301704766931395,0.5596280054548903,0.5452103795576184,0.7907579553588333,0.7098609196054593,0.5984717312963246,0.19715802967214163,0.46510678539875816,0.5238105569566653,0.7641213854674751,0.6503670321963451,0.7228503648079531,0.4886093422774209,0.39447934365842197,0.3545464949873979,0.5497988300037369,0.6174472411169708,0.5260197279231492,0.8282600928941468,0.22000059420812795,0.66468715368966,0.5891939080801938,0.6038580211598016,0.5371658283142943,0.5944795780246547,0.5842865458558637,0.5315257379023658
0.6944235609682373,0.5100940328922985,0.417081931378817,0.20107379735543138,0.5960573751388039,0.39126409259698886,0.5678494889835795,0.7780919590125115,0.17974736311902725,0.6645106059139221,0.07135644822682008,0.3595469662883381,0.21391512116118758,0.8863706639527471,0.14800724457604353,0.6191845682771813,0.5359533109320421,0.530453233003363,0.5154710691935407,0.6051218707792156,0.6309628426232605,0.8387090817580516,0.6626348839783467,0.0,0.618942709146961,0.4469337355965679,0.5234745630438645,0.5133226728191689,0.7691354095850873,0.7992050456305093,0.8833383751965802,0.07638568145057087,0.352219253189304,0.22708101773910386,0.3623649244605468,1.0042721070453733,0.5171944854741892,0.39237329873294535,0.696854120149148,0.5747281058924559,0.12391191203854846,-0.10069909381107306,0.7270187395258335,0.339423758120361,0.4429501389006438,0.7200736230496039,0.5180207060758895,0.0,0.0,0.4840308401289816,0.5966277720523223,0.312414368189231,0.0,0.016136225436650692,0.595572167496589,0.5189884135207321,0.7055382733149852,-0.07842328696169198,0.0,0.2797199572787419,0.5644493209823949,0.5845390664199646,0.654362759949575,0.45225089000648366,0.3645938371397306,0.49513239097342987,0.24726035390734527,0.8180191072453857,0.27556856370667976,0.6835352845402729,0.746845278515872,0.5441463561245207,0.7105965402335682,0.628210007785966,0.0,0.6464049044540834
0.682064915625318,0.5962944480771482,0.4266367544563843,0.8527322592059576,0.5588137165510221,0.4463881841611741,0.4944629922251521,0.8331220821865788,0.4430327162120399,0.6127847547413996,0.2623481502635618,0.685267796775183,0.5555555979547018,0.5157087926665067,0.5341948678127533,0.6993444757733818,0.6491502518069536,0.6845694363259729,0.06866031627815886,0.6087049970957227,0.8000374056004511,0.7231934135895919,0.599248268323042,0.618942709146961,0.0,0.44011326568472875,0.484629749523548,0.4616717105014134,0.4421962115232715,0.46076358720650834,0.6180771943895518,0.41284778412586665,0.6136631861965465,0.5547893552751662,0.5358748130422257,0.5750244526473749,0.5544223743144101,0.4608771121588224,0.7119992898447061,0.6440776897729026,0.6738049199268351,0.7820407033258512,0.14617074311508488,0.0,0.3835815390002662,0.7207073038785978,0.8323179984359078,0.0,0.0,0.0,0.5275827302459548,0.5531358181603621,0.7308395006956059,0.38111833571124454,0.631456237524579,0.5049866934955531,0.7386178174776706,0.3107425476033777,0.0,0.35610943422218444,0.7730591099192521,0.6444106972381487,0.6313759058629864,0.0,0.7094513270683133,0.6247889577244039,0.6541875932225897,0.6620564683596978,0.39278286466583323,0.6822826288271235,0.7240625559278542,0.4468240025568746,0.39233147481046005,0.5404355014274622,0.0,0.7725037689604805
0.8696792044735104,0.5529343721245494,0.1304856901174123,0.616180112943598,0.45823879090551056,0.5000189592325497,0.5858797876080708,0.9036932224958526,0.4879678304572974,0.6951194355129136,0.7060811976771199,0.38763758885226296,0.5783559847858393,0.7573097828949039,0.7434537688257921,0.6740259536783132,0.6167959007908945,0.5823702514328616,0.5411299935531495,0.5084361873574462,0.9120913568326448,0.7964272358972873,0.6932726483287264,0.4469337355965679,0.44011326568472875,0.0,0.5742918323807549,0.6103340925882592,0.7329166697503837,0.8664169900294448,0.6652380353856437,0.6588659089423072,0.6240662264007251,0.6216285441268636,0.5911814381225331,0.6800806089384437,0.4757238494051084,0.507037385812446,0.6283521858078491,0.6463232062597645,0.7453803807263207,0.4274006324412443,0.2397660069941399,0.5518619675280846,0.33679704550939416,0.7163016905481443,0.7383965822098351,0.6371352669876397,0.0,0.008529998252663705,0.5482551622974687,0.5785978148427708,0.7218817915534932,0.437527136351048,0.6470718715782902,0.0,0.7823964612605208,0.511798506281723,0.0,0.7257680408861471,0.7644846357379904,0.6539846900376738,0.6501913823767438,0.0,0.5434235655267614,0.8868268236723856,0.6790745746103659,0.6327562045896873,0.4272897153367131,0.7001707172488245,0.742445146710536,0.6705688568771919,0.46968616920238626,0.6839328375942252,0.5239179132148226,0.7828760461895209
0.5422123871730176,0.4403224667231594,0.6602692115596023,0.7013334037443388,0.5964527564497786,0.6665169199063941,0.4118487127705756,0.4929535780486519,0.7913583250682081,0.3132578612293737,0.5157986082804091,0.5567723154176873,0.426834589958731,0.6292037708770553,0.4825398901998279,0.5242980775796529,0.28236081370919275,0.5511226756821683,0.4716229269155785,0.44202608774570357,0.49455587988512906,0.48905038002090834,0.6705507628944295,0.5234745630438645,0.484629749523548,0.5742918323807549,0.0,0.40065440474450387,0.5493790072509037,0.42683055154037075,0.33015428225741467,0.540061873684228,0.2822165318106928,0.3354462167289667,0.4635094812824949,0.53758253591431,0.6112603851397088,0.3409357853336654,0.5381230829970041,0.596161334531282,0.44358071674250943,0.42267336651016096,0.7087559095845228,0.6450745178271281,0.3917693775259482,0.4278158699589256,0.3714053212765015,0.6964609243201243,0.5225436882515004,0.4496736409423009,0.6203074186971316,0.49906229946244685,0.6020486847089255,0.6243555608226489,0.6666404914871286,0.6111782980610792,0.37899711265479785,0.5209236032329527,0.7829324881837514,0.49590413076178885,0.4553434965741705,0.0,0.4901195008511487,0.6384783305643622,0.36704365924336607,0.4023991837708112,0.4633145825494546,0.6534396652433287,0.0,0.48672142287988707,0.4752103752401251,0.6572716033648061,0.49824840563121275,0.45865694007679636,0.3169639649327739,0.3868577072400433
0.6021276796791011,0.3633948866427309,0.48223115016119755,0.5446265169329938,0.5223709683612154,0.4819864135265383,0.5550715917942288,0.4055671645251306,0.42440855259258947,0.7842860659875553,0.4243478309285693,0.5851739096807189,0.42031848753020534,0.9841055436610027,0.39545168407296144,0.3705892530331482,0.7153961713598127,0.3649965079203519,0.4497875170618753,0.5222120819434019,0.42968551202491656,0.5247919115137187,0.4164272637549735,0.5133226728191689,0.4616717105014134,0.6103340925882592,0.40065440474450387,0.0,0.3838683620452444,0.39992809475057567,0.5843244877922391,0.6389946601913921,0.7631949816777552,0.5221517509385717,0.693534519732582,0.5859153155119892,0.3844048769931325,0.7899448617155052,0.5273368999031482,0.3116795045281869,0.6856381350259968,0.4604945813451467,0.33846213867411434,0.30420631820349137,0.6304487569148661,0.5998852509591177,0.4351863430662324,0.5483406482766444,0.0,0.6733062058022239,0.5549355766192349,0.34077385445542496,0.6152197648590532,0.425995560183433,0.6543413955109326,0.10910645055069496,0.5133222605676403,0.3735291304607638,0.3718481242336513,0.3907861468785249,0.420167914635192,0.2242209993919556,0.5514908145337125,0.6654535460999705,0.4294065468970665,0.7218631412377856,0.392464594377432,0.6041425144944845,0.5529165805574705,0.4645904346376363,0.3594742904047684,0.5535553396601625,0.560808408612016,0.4976521593035992,0.14544578331417704,0.47507582636914186
0.829982716508725,0.3778708577443073,0.4296821967585636,0.5090969405998231,0.42162078388122964,0.4031976311804156,0.41242905807259,0.38965362626438826,0.33421801863110623,0.2880797931005556,-0.2353807071766636,0.7088577483637275,0.43893246114070283,0.05694646232158443,0.35378901931693374,0.53413168667041,0.29555107619317833,0.4216575352829515,-0.4664037437244374,0.6320100727983955,0.466432782208226,0.4696894016567471,0.4229672462999794,0.7691354095850873,0.4421962115232715,0.7329166697503837,0.5493790072509037,0.3838683620452444,0.0,0.4224949359451924,0.44378292566221716,0.6592193710339093,0.5123980033639749,0.30031207422260353,0.4241365828194124,0.6075663364827626,0.5587444477552167,0.0746001031790613,0.5536138599548088,0.3619683294156907,0.4899440282523462,0.4189459939406454,0.41671010893656474,0.5382596141379111,0.6387805635037291,0.4766854824772913,0.48446722425104893,0.5206980386000505,0.4376054123085323,0.44272150291910306,0.46023751487127396,0.35884327152224704,0.7288198897379574,0.333261385148379,0.6544454916293286,0.4365655417563636,0.5750773799854801,0.4345428860790056,0.7822119548474362,0.5493411883313541,0.5495677698305452,0.48162556793876593,0.4332747398972799,0.20855939877720372,0.4624245391089833,0.5031418616600428,0.5828356648774995,0.6462106265929353,0.4377848772760661,0.5775758203506672,0.5858427109202072,0.5753808160364228,0.4923732545147294,0.442263773665747,0.37880761458141343,0.43701954882099464
