0.0,0.013950091431342515,0.0025135450460221365,0.0,-0.002959081489259441,-0.015172727688136267,-0.00211433559328128,0.03735165215294256,-0.0047286802832316455,0.026464912108967842,-0.004525029396738878,0.0055499100760667,-0.018733698076993766,0.02771782707192394,-0.014005885019167164,0.00036725005537019406,0.02133958802065289,0.009609650251007296,0.0,-0.018039501454121865,0.005309139208552138,0.00217225876069721,0.0028021319935982447,-0.0020758395180499045,0.0234924245267491,0.01812945391934362,-0.013307492793459053,0.00516498806756821,0.03084615168362176,0.028635211747534917,0.014238747289080478,0.00033813330819587595,-0.030998664229296702,0.007765076065528398,0.002242995589855523,0.02722740686333819,-0.000632345224306774,-0.01340534406315691,-0.0013000551203693478,0.024401771548719475,0.0023134717525875037,-0.006717191264743683,6.720850128355549e-05,0.0,-0.07754098455122815,-0.0038863762350738185,0.009066918887211228,0.0,0.0,0.0,0.004908135985596196,1.1102230246251565e-16,0.007293097589701203,0.0,4.159946330289932e-05,0.0,0.0012893569095985824,0.0040518745999604255,0.0,-6.658351359045689e-05,0.023573935576485405,0.0015158382454868446,0.01739919687498631,0.0,0.004072826432055698,0.06335967213348853,0.003242242815998997,0.010693536982742557,0.013339006825110411,0.023857279560981715,0.02077658503851576,0.004512884009945539,0.00031610973704754297,0.009737324594120467,0.0,0.020795673282646532
0.013950091431342515,0.0,-0.022630663401793705,-9.660827591917442e-05,-0.01091375776266279,-0.0176986162227582,-0.018708747284367666,0.06611633372017761,-0.015557108757551064,0.003962402430190304,-0.00019777504893941922,0.019783088628025025,-0.021138805861711463,-0.00024222895217262952,-0.008992870520554919,0.0026248110736058483,0.013217802293413072,1.262764417625517e-05,-0.0018214215135037848,-0.01664483809616285,-0.011858028128577003,0.007790504898207928,0.001101531081084961,0.008575546602327178,0.006652313294075118,0.0036960470464675876,-0.01840035822782987,-0.027095251894697747,-0.015612747971074203,0.004838693099512792,0.006356788538584512,0.002602373715810624,-0.023090207138013574,0.003950868824346143,-0.007330311704405679,0.0071364907053700355,-0.00102690887380813,0.0,0.004110893801609561,0.01629481637522645,0.0038163417294565516,0.009597201655343779,-0.0013905089791195757,0.0,2.220446049250313e-16,-0.0012879032424180092,0.00947322683595897,-0.0004956596398771329,0.0,0.0,-0.015981331755221262,5.905190050453646e-05,0.0015466401634963156,0.0008781417640071898,0.0218049818793129,0.0,0.001617797661359499,0.0025349179320203197,0.0,-0.022901499259212033,0.01903493937846873,0.004803552823627044,0.014165951320216363,0.0,0.0034374335560534153,0.0034171689861525745,-0.0037094969188901095,-0.0035638704926103104,0.0014207497975114447,0.021993988507379658,0.0073734216263199315,0.005447954542879996,-0.0017933312445750915,-0.008284948105253875,-1.1102230246251565e-16,0.01686980097828017
0.0025135450460221365,-0.022630663401793705,0.0,0.01565421373423026,-0.01560707324796018,0.013318806033170094,-0.02706165090239082,-0.022300340560114096,0.009418223156268501,-0.04219836768593427,-0.0021778939563338318,-0.0452124313075139,-0.03306853403520066,0.002380633423172074,0.003678658024664716,-0.00442770205975046,-0.00028653930627603463,0.003787304508708511,-0.025822000445044457,-0.0005889310761419964,-0.0007602413729062008,0.004461807555179331,-0.02308646025571509,0.0011738618862664474,-0.017431465142879576,-0.04974235275393052,0.018612975105469165,-0.029407306031839275,-0.02936880246389939,-0.017329915611835556,-0.0363598191078513,-0.002159630708340521,0.004082394897522601,-0.03265375559775857,-0.010492368839257804,-0.011513736456415957,-0.03451707497778039,-0.032423985891781804,-0.10794139654977053,-1.3764594127274599e-06,-0.10790752749924165,-0.004797471300225953,-0.0011306216257874202,0.004990620592992823,0.0,0.0,-0.0009014070333184798,0.020115752549467403,1.509520903353323e-05,-0.09591831686906221,-0.01653923870775653,-0.12582638212461833,-0.0382731405830557,-0.012723998985931795,-0.002841050174998083,-0.11659096516199363,-5.050712078885633e-05,-0.06985954951940987,-0.0686474047079651,1.3319500632436032e-05,0.0,0.0,0.0,-0.1691580524232825,0.001174329538933927,-0.0014138378911020544,0.00014698193676537796,-0.003738798880470573,0.0,-0.0001624600971034118,0.0022647663601562673,0.015104795900369283,-0.07545912748729977,0.008059682360191223,-0.0014388314404896185,-0.01661834658770367
0.0,-9.660827591917442e-05,0.01565421373423026,0.0,-0.01790611275801582,0.019457492344943095,-0.012207539700209297,0.03116839413979866,-0.028691865605738165,-0.06943365038064994,-0.0016948070751449107,0.010167864033791496,0.007563887161684157,0.025013482462884096,0.004444460065096079,-0.00049678696327915,-0.000607975878351763,6.873888763886393e-05,-0.022838985014964286,0.006301009421943449,0.00014552066911027728,0.004829977666703178,0.009532357526409907,-0.005960328832254391,-0.0002408555132831225,0.0007545061084877625,0.008480262737909305,0.024325790257821167,0.003473668151164455,-0.005752426196269089,0.003987365495088435,0.012010807196788043,-0.0027393472960999254,-0.016118189519164106,-0.035804326602787345,0.03314180323031932,-0.015591559954134193,0.016219054490313578,0.004713498191293464,-0.001925820079850482,-0.001000078366988566,-0.0008882508486799945,-0.003386501051129198,-0.0016737004542288214,0.0,0.0,0.0,0.000825254810445486,0.0,0.0,0.00029978315111373055,2.220446049250313e-16,-0.0001573180976107147,0.0007364865955091227,5.551115123125783e-17,-0.002837161042074432,4.39852954244313e-05,0.0005820847913119986,0.0,0.0,0.0,0.0,0.0,0.0,0.0,0.0,-0.00013870724604608808,0.0018698566516232584,0.0,0.0,0.0,0.0002834925990893855,-0.0030872581835076907,0.0012030775299929908,0.0,0.0
-0.002959081489259441,-0.01091375776266279,-0.01560707324796018,-0.01790611275801582,0.0,-0.0010257464127185756,-0.018407240445308448,0.0006945063106263971,-0.01415602119111159,-0.02739290564091945,-0.00615243326838949,-0.022107466015736987,-0.017629545337705832,-0.01951736756286021,0.0008850474013995524,-0.017133135570529257,-0.04869316357893,-0.02239836048474475,-0.011366052015944539,-0.009879596989466721,0.00034486518370796526,-0.011064778430482758,-0.016992530245649673,0.008687775806104303,-0.0013442236199470714,-0.010264968649760231,0.002307286545156828,-0.004305302376814257,-0.02595520578725552,0.0029770219589903557,-0.032567077373435116,-0.0012371116938808546,0.0007538418499488664,-0.013334745341310794,0.010891134091294219,-0.03924156576896934,-0.06533349383821183,-0.01298845702036211,-0.006871857676109261,-0.0007757606346090462,-0.007494969748590874,-0.002572284859092666,0.04223463435365421,-0.0019969112948803325,-0.0006063454652028843,1.1102230246251565e-16,-2.1585677324020835e-05,-0.03925760781668286,0.0,-0.0025590816622235724,-0.0347309599860659,-0.037489366211987896,0.0004727217985486254,0.013935217635876906,5.551115123125783e-17,0.006037859226184217,-0.0022730730873687377,-0.0004806949237283198,-0.037992456533775976,-0.0006567953490047573,6.178342286267124e-05,0.0,-5.551115123125783e-17,0.004423540849184393,-0.0025087243133795067,-0.0003554007047599783,0.000445341380527875,-0.006347876237579375,0.0,-4.413095068228623e-05,-0.0019063206507316521,-0.005816096035830776,-0.020576778687739827,-0.0394799357769412,1.1102230246251565e-16,-0.0033377783048981202
-0.015172727688136267,-0.0176986162227582,0.013318806033170094,0.019457492344943095,-0.0010257464127185756,0.0,-0.005999405879126729,-0.029552034195843957,0.002619215278795106,-0.03391254325194187,0.0001020964049075479,-0.020259582096147533,-0.014739005405872307,-0.0008678006706780428,-0.01769040852733006,-0.032132431565753405,-0.03513852929197725,-0.02249691468168119,-0.0001302313625201612,-0.023454440327223824,-0.017221410133447357,-0.023308607681040205,-0.005818624942113881,-0.0022198189880689445,-0.01858311353525416,-0.023265722622068108,0.005952785393116444,-0.01883834858660488,-0.007921911763172529,-0.01897777834992953,-0.028656265423233407,0.002188054318087662,-0.031292477032399124,-0.024056049456121997,0.002022888451556182,0.026100513900437772,-0.008020467124674191,-0.022103001041325232,0.0002378827789950022,0.004101058754444664,-0.017620147398276775,-0.004348349046396194,-0.003581067933015547,-0.00040259930566216573,0.0004833900076997022,-0.0021812726905165447,-0.01988624840111125,-0.011481622466174457,0.0010722197922405363,-0.04848500990696236,-0.019362169295903064,-0.03224225661643615,0.005250333667646712,-0.01187207583770794,-0.0006733728621817758,-0.02541353255251133,0.002760217829355316,-0.01954292501541277,0.009228191602709823,-0.021338872116514473,-0.008130576072362727,0.0,0.0008523418843306985,-0.03531542567084922,-0.0341482307812756,-0.038900711840665625,-0.021747667151247374,-0.00671459025250315,-0.00014586115923753695,-0.005562340298302437,-0.013128567914552247,-0.010392881256326314,-0.009218377619172768,-0.009341972826143685,-0.018733024581184088,-0.021764094239780762
-0.00211433559328128,-0.018708747284367666,-0.02706165090239082,-0.012207539700209297,-0.018407240445308448,-0.005999405879126729,0.0,-0.023111983931365765,-0.028800713108447062,-0.0050928411585897115,-0.02365043151075813,-0.02475162056306457,-0.005479993506381453,0.04324838576209483,0.004470956997810027,-0.023445868599115183,-0.025609214102481348,-0.0253276486073159,-0.03553272284347586,-0.02370605514039159,-0.022883304492670287,-0.027468717577057267,-0.025485549314200273,0.002866861753714034,-0.015203749683274814,-0.010682789617613375,-0.016971584713896815,0.0015802248910163352,-0.023701779359815933,0.006261647432468931,-0.018157962566046293,-0.0010841300754932948,-0.006548669881035918,-0.006259670977129039,0.012570083730267079,-0.01948387158998144,-0.03131159727510982,-0.015375804989327557,-0.013300582331925936,0.0011249665824383803,-0.007019306126313296,-0.007302698224443405,-0.0038287252522076765,0.0003574594876599724,0.00039989393020900543,0.0,0.001654914193135959,-0.008768182580401684,0.0,-0.000552826092542702,-0.02818040365712332,-0.05053144749720695,0.01069883045160852,-0.007648758206108108,0.0001984937324667202,-0.006966375815740833,-0.0011227732689754188,-0.03767963007999897,-0.005057181095876717,0.0006003176867911963,0.0012727687400338472,0.0,-9.962334587831911e-05,-0.03869169906033609,-0.0005251516210237339,-0.0007503337857490688,-0.00031675206512310483,-0.007532185980766715,-0.00021205786953742978,-0.0010342822925569206,-0.008268698919614015,-0.0033690607345829293,-0.02721331652952902,-0.0351959923093072,0.0005489328061711873,0.004012021067203442
0.03735165215294256,0.06611633372017761,-0.022300340560114096,0.03116839413979866,0.0006945063106263971,-0.029552034195843957,-0.023111983931365765,0.0,-0.018258791953539966,0.011784224820274913,0.009486284212411433,0.04196955638589506,-0.027405558985562406,0.02581316142873563,0.01654217092278215,0.033543635293933116,0.0009764551130408416,0.05043879102104526,-0.032260253487349844,-0.0345375442922391,0.011128787481319291,0.009130338851957687,-0.00030543609631572544,0.032783981378116334,0.032991662126052756,0.038407250616988686,-0.018077453023530476,-0.025862557469000902,-0.017274949716888865,-0.010649785739030915,-0.02395028670765914,0.006256813544326112,0.04494246545130287,-0.007484712406700067,0.0142447771421918,-0.01011547266005386,0.04222969783873537,0.009360270532212611,-0.0002266224033933839,0.0025488789403517176,-0.017945351825449207,0.012362930309640252,0.02458248052824691,0.0016604830617484856,0.0,0.0045544427375451835,0.0063871355132109064,0.013449102511984834,0.0,-0.003096077367985728,-0.026590229632534657,0.015305506421745385,0.047288471508097785,0.00879211712546657,-0.00010672474112222163,-0.009518928668471482,0.0001736716020698803,-0.030108090229387596,0.02975044791900544,-0.05204082783919389,0.0011173621771258246,0.0,0.0010536815191689586,-0.0011538870463118633,-0.05487238508343589,-0.10760380149294207,0.006503667282794501,0.0369966984971708,-5.551115123125783e-17,0.001429442583972651,0.010562714832368925,0.02051257923289862,-0.020040033591621542,-0.01882846334776861,-0.0006128023356706813,-0.026392834630311945
-0.0047286802832316455,-0.015557108757551064,0.009418223156268501,-0.028691865605738165,-0.01415602119111159,0.002619215278795106,-0.028800713108447062,-0.018258791953539966,0.0,-0.04186743325116621,-0.02115032463367722,-0.04493594328390432,-0.05246719945137346,0.027464835394515108,-0.0014190015619420238,-0.026115937174177983,-0.04444945872449513,-0.03502758202384726,0.0010025473780157501,-0.014215274463146632,-0.02122117659845696,-0.015880790151644952,-0.0131828346540806,-0.05518146656918915,-0.01952768578849612,-0.025432975756194742,0.034275198269203666,-0.035611980692516754,-0.02891601563444296,-0.0326541257792729,-0.04694035044189443,-0.015429213521857332,-0.05109198380213548,-0.03932190435399702,-0.026582790379930887,-0.010515161122345296,-0.027894538418441306,-0.03885677079799432,-0.012111907130024135,0.0021624406723526612,-0.009203787855834034,-0.015483663290284777,0.008853266504868118,-0.0035089178245684693,-4.200121030389914e-05,-5.551115123125783e-17,-0.0005983275177686154,0.0039427757262324725,-7.251809199471104e-06,-0.033689643276958225,-0.012157823624092234,-0.03273589892938711,-0.0011053037436936641,-0.008602249233080728,-0.0014755411570145927,0.003916122222673735,0.001307817080474838,-0.00852680424748642,-0.01331775112377459,0.000731005596007972,0.0004948195887422013,0.0,0.0,-0.017891912689023404,0.0013019415304343362,-0.00259136879959615,0.0006432032630274143,0.003083098483261937,-2.5486259541407374e-05,0.00024140843639974818,0.0004681121023237256,0.025983424758698193,-0.025649880723576435,-0.02425410622522839,-0.0012754977424430658,0.009555648027521624
0.026464912108967842,0.003962402430190304,-0.04219836768593427,-0.06943365038064994,-0.02739290564091945,-0.03391254325194187,-0.0050928411585897115,0.011784224820274913,-0.04186743325116621,0.0,-0.02946293825508578,-0.005470082671976406,0.002178197707762175,0.01389498581187626,-0.023701670753988602,-0.01172348736997686,-0.010002059513412653,-0.0036809404055091477,-0.041011227224467706,-0.018429877436090758,0.03445223433887956,0.0060439188520792775,0.024842912392123828,0.01491771329972924,-0.016385811901953873,0.003439940893509741,-0.029027729500433752,0.013868844049388207,-0.0263999133540887,-0.00045417245639511883,-0.001168400991412355,0.008396701661238182,0.02224964895796655,0.014821539097044922,0.009396597023799691,-0.031480167468083076,0.00370329825698712,-0.004730934776359219,0.025741975534557482,0.044222872811507996,0.012631699152551079,-0.010949579908639373,-0.00948625261944347,-0.0024764022946513475,0.015397412652261744,0.042223384269520825,0.000718931568213732,-0.0007514500244035771,-4.117677723636248e-05,-0.0010114171615388523,0.0019080471949217137,0.006346167882099019,2.3478769777263153e-06,0.0010179060938991236,0.030028937092751506,-0.0024323462085331093,0.036388705483313466,0.00853229469734651,0.0,-0.0004365620988349139,-0.0003835909667704307,0.03615092126408609,0.03793775818148004,1.353502245576843e-05,-0.00021990991285114614,0.032005967300399174,0.00200088066767945,0.00014750452512918288,0.021657564600987278,0.026201664400759384,0.021201851562479612,-0.0036020744736314225,0.021957415783096512,0.0022418828840702343,-5.551115123125783e-17,0.02866776149661876
-0.004525029396738878,-0.00019777504893941922,-0.0021778939563338318,-0.0016948070751449107,-0.00615243326838949,0.0001020964049075479,-0.02365043151075813,0.009486284212411433,-0.02115032463367722,-0.02946293825508578,0.0,-0.04829391610571948,-0.026116805038143176,-0.008139120565030189,0.0,-0.00027950863224274203,-0.0530177552834572,-0.04641899035259012,-0.026611730623396807,0.00013778295480454394,-0.018664773502658827,-0.0008792960761951352,-0.03271642762322674,-0.0575017727269278,-0.037009209871373294,0.010108448742369047,-0.012538341312785195,-0.0226833727611071,-0.06934596605342097,-0.0009230401439417335,-0.03614219880366143,0.0010063215441207252,-0.05578237676348913,-0.0243823580940854,-0.02532101765925804,0.01654760353015311,-0.01730918165317802,-0.03148242695703918,0.014213776721304083,-0.0010404045187012434,-0.002172853317817136,-0.001984007933045595,0.027379916385760927,0.0017815935274440586,-8.859765947760723e-05,0.0,1.1102230246251565e-16,-0.04534807973406091,-1.4042243862144588e-06,-0.04792496818994252,-0.05817046652571439,-0.06143560386116098,-0.013786963372852623,-0.0393544830551254,0.0004894150319108559,-0.06963400547088527,-0.0017954267210243402,-0.05784884068509549,0.005086999865884456,5.551115123125783e-17,0.0,0.0,0.0,-0.12245531776646179,0.0008148088355816596,0.0,0.00042714868639370795,0.0016141365034419985,5.551115123125783e-17,0.0,0.0003828854893667133,0.022719696896637387,-0.05406811946552903,0.00034503641727279266,0.0,0.002778850381422948
0.0055499100760667,0.019783088628025025,-0.0452124313075139,0.010167864033791496,-0.022107466015736987,-0.020259582096147533,-0.02475162056306457,0.04196955638589506,-0.04493594328390432,-0.005470082671976406,-0.04829391610571948,0.0,-0.01858364652008071,-0.0027636713988228867,-0.004009097223823588,0.001879495369771056,-0.011625528708154143,0.0007296899088733433,-0.052239420168983974,0.00961786392035574,0.007924501001090045,-0.0026572571168393955,0.03767910270424829,-0.012338313872560125,0.001753603765656031,-0.02201867741699659,0.0013574970807905262,0.0020733500919455916,0.014127005075525667,-0.0028081951861704813,0.005520513284756223,-0.008395821325401898,0.012935951108639765,-0.019366756006888697,-0.009099265721898508,-0.004016719057661544,0.0031010679393629337,-0.020905220218616072,-0.015547532935351105,0.02001996904538289,0.00640611619993281,-0.001966528907526577,0.001649892409678888,-0.0023412144942909774,0.015556214401547752,0.034911016308114384,-0.0008233764864552517,-0.0006814070935735606,-0.0008035922505651993,-0.0030885195843466384,0.0014113843845099394,-0.0023522441165387264,0.000725371998058999,-0.000573723239256474,0.015325941792285636,-0.0006294941201749338,0.03287170368830017,-0.003216224675984203,0.0002443994406634564,4.303610612221842e-05,0.002143108189567533,0.017419990380310668,0.02242062803128253,0.0009585519326572589,0.00024016409147670226,0.014057183254850392,0.000980876485661475,0.03491616341993231,-0.006378994750039668,0.018386609819184052,0.011663123512657525,-0.004082035219710012,0.0017099167029707707,-0.0017172858707404925,0.0,0.017540051491501174
-0.018733698076993766,-0.021138805861711463,-0.03306853403520066,0.007563887161684157,-0.017629545337705832,-0.014739005405872307,-0.005479993506381453,-0.027405558985562406,-0.05246719945137346,0.002178197707762175,-0.026116805038143176,-0.01858364652008071,0.0,0.04418094254358973,-0.015800282388617137,-0.03345797179055504,-0.01105125134744428,-0.02375834730060644,-0.035424763747433585,-0.029143485047715745,-0.02033103039456724,-0.0334396027282729,-0.02673951627477339,-0.027311324175011198,-0.01650799711794082,-0.013448126345490752,-0.023733171088752447,-0.02599603559513569,-0.02565101824598065,-0.05207769567213372,-0.015119712743267844,-0.0032600151682664613,-0.02401392346822434,-0.007765878255750758,-0.00028558458260047326,0.005406997018721771,-0.019475624272076386,0.000814929263426134,-0.06489881175349516,-0.005367924172447802,0.009590266913929502,-0.021416570840199767,-0.11204410258010084,-0.0063068242774047545,-4.093285701545213e-05,0.0007614526875976968,-0.014430910284188192,-0.016540807681589886,0.0,-0.0025902445771772697,-0.030510327796051784,-0.04676073126800351,-0.03476023120619898,-0.026819492666859734,0.0008154019038601468,-0.05135055713056935,-7.955862150149651e-05,-0.03866642774451906,-0.0027886788661613537,-0.0446331990072622,0.0018405639468802026,-0.0001661299459989607,0.0010536697962038044,-0.0014268263626512345,-0.0388041174575946,0.003647912352453986,-0.011778235943567084,-0.014182588112344907,0.0025785140075922364,-0.006478868826346296,-0.015678823888574056,-0.016769813818051538,-0.02494630937114567,-0.0368377114377928,0.00367921743666344,-0.040509949775491993
0.02771782707192394,-0.00024222895217262952,0.002380633423172074,0.025013482462884096,-0.01951736756286021,-0.0008678006706780428,0.04324838576209483,0.02581316142873563,0.027464835394515108,0.01389498581187626,-0.008139120565030189,-0.0027636713988228867,0.04418094254358973,0.0,0.0024306207766427446,0.0013173660504969265,0.0001886869875002417,-0.00028339333586208104,0.003305423691181586,-0.0006863418866445148,-0.005650357083896385,0.0012709985411774039,0.006161828334226516,0.02094176832251593,0.0014056419297425737,0.023040046230752398,-0.0018030824304590687,0.11273569087340951,-0.05080534813784582,0.0009094904796322911,0.015263054008187504,0.07883216388498293,-0.00357944107500896,-0.004013097479776739,-0.0005200984912426265,0.00668746624313582,-0.012093728316024316,-0.0014959146524506917,0.010835799063261431,0.0,0.0002586930288943634,-0.0005157284927979067,0.01956786009384215,4.042058149578143e-06,0.0,0.0,0.0,0.011619245618675889,0.0,0.007308362149157421,-0.04555370517772489,0.006118085468413692,0.009451368742708743,-0.0013283254697883384,0.0,0.012091977321329661,-0.0002456086929343848,0.004552006451190582,0.006570039203535882,1.1102230246251565e-16,0.0,0.0,0.0,-0.04545518335428406,0.0,-1.1102230246251565e-16,0.0,0.00736865233034667,0.0,0.0,5.551115123125783e-17,0.04244965662821737,0.0011400003353237431,1.1102230246251565e-16,0.0,5.551115123125783e-17
-0.014005885019167164,-0.008992870520554919,0.003678658024664716,0.004444460065096079,0.0008850474013995524,-0.01769040852733006,0.004470956997810027,0.01654217092278215,-0.0014190015619420238,-0.023701670753988602,0.0,-0.004009097223823588,-0.015800282388617137,0.0024306207766427446,0.0,0.004544083095935958,-0.02194810276570003,0.001984276224820891,-1.1102230246251565e-16,-0.022275895131362577,-0.0015526666995023253,-0.00237387357404123,-0.03749315291457361,-0.06122769814073575,-0.0028193196701779555,0.01727483950627623,-0.01865742887949906,-0.015004749596469413,-0.027258830736652195,0.008653286264582505,-0.010382150182172867,0.005383853776129266,-0.01746548319620489,-0.024499965461309947,-0.007553935883390539,0.012213544742610383,0.00013575719181574408,-0.00027320465654173676,0.0078453047863703,-0.0028896869043792406,-0.007091961903072597,-0.00686266750324277,0.014732813509917397,0.001159543930674467,0.0,0.013449128374180441,0.004234536665966349,-0.0008922296889491976,0.0,0.0,-0.0020178171262489886,-0.001791631622817369,0.017263564249884844,-0.0010753786396444087,-5.551115123125783e-17,0.0,-0.001038814367462837,-0.03948827601263083,2.301882899002905e-05,0.008032834677433709,0.010192384752782668,-0.0006431774204174179,-0.01985372550274961,0.0,0.01479607728584259,0.018350818002964897,0.011586068045018105,0.022669197457615753,0.0001704457800539294,-0.0022867226130459106,0.02650076562411069,0.013380789521014291,0.02047762722220886,-0.019186251297240275,0.008359306388689036,0.008187227849148992
0.00036725005537019406,0.0026248110736058483,-0.00442770205975046,-0.00049678696327915,-0.017133135570529257,-0.032132431565753405,-0.023445868599115183,0.033543635293933116,-0.026115937174177983,-0.01172348736997686,-0.00027950863224274203,0.001879495369771056,-0.03345797179055504,0.0013173660504969265,0.004544083095935958,0.0,-0.030187198138825366,-0.025566753119863672,0.00036120693984514896,0.001018983099937587,0.006494965506283645,0.006792647853322287,-0.01043625068562376,-0.001160909498160223,0.003816929084734799,-0.001931260744839236,-0.017472709753172944,-0.032802104024467704,-0.009554822856535528,-0.04122904639665803,-0.009127812882705866,-0.014046905103193896,-0.008197295570402496,-0.0052474112248094285,-0.02486906532757399,-0.0018814655347905163,2.5098161385461726e-05,-0.0004518113663841139,0.007353851668157219,0.00959443062280152,0.005109655678649294,0.006712861085631239,-3.0014796702837465e-05,0.0,0.0,-0.00538266917643071,0.008102377777026049,0.0,0.0,0.0,-8.234645016225173e-05,0.0004356872191674799,0.0037368170129370437,0.0,-0.01117089622830858,0.0,-0.0009886225636028256,0.0037228558613343066,0.0,0.001190092741425064,0.020427145587584572,0.0008502564084952313,0.008108698399413472,0.0,-0.0016226887927955902,0.00786681446523435,0.0019219922644067577,-0.0051511239012786425,-0.03856927233052476,0.01532451649460137,0.007887072840333187,-0.008544538338609464,0.005601671272657649,-0.025510193841720707,-1.1102230246251565e-16,0.013635973970796078
0.02133958802065289,0.013217802293413072,-0.00028653930627603463,-0.000607975878351763,-0.04869316357893,-0.03513852929197725,-0.025609214102481348,0.0009764551130408416,-0.04444945872449513,-0.010002059513412653,-0.0530177552834572,-0.011625528708154143,-0.01105125134744428,0.0001886869875002417,-0.02194810276570003,-0.030187198138825366,0.0,-0.030667500922593738,-0.002292413630013701,-0.001597686425687861,-0.0020883672200352477,-0.001749190708089765,0.039366774179925845,-0.011483084037685665,0.0011351742580896773,0.004058558874955431,-0.025818539979501287,-0.010017064380719032,-0.01094990036297594,0.0048781879225292535,-0.019352046583594795,0.00040937194329032645,-0.00516895988450361,-0.0024685373546124434,0.016603917338955054,0.0067720697184431855,6.77290280748366e-05,-0.003877132188472132,0.010889888775793444,0.028024718106176294,0.025956236890731288,0.0010716983293979632,-5.551115123125783e-17,0.0,-0.004998350569293097,0.0056372161405625065,0.0034644942671248624,0.0,0.0,0.0,0.0,0.0,0.0,0.0,0.02476077900242707,0.0,0.029840640868114332,0.0009559271492711741,0.0,0.00046790258379941774,0.012070925560027868,0.02734465738840408,0.02161791148223252,0.0,1.1102230246251565e-16,0.0,-0.0005616793380567309,0.0,-0.02647964086188187,0.016187798901687256,0.018837881262160516,0.0,-0.0013919558673166632,-0.00018088622587886238,0.0,0.025760988881419478
0.009609650251007296,1.262764417625517e-05,0.003787304508708511,6.873888763886393e-05,-0.02239836048474475,-0.02249691468168119,-0.0253276486073159,0.05043879102104526,-0.03502758202384726,-0.0036809404055091477,-0.04641899035259012,0.0007296899088733433,-0.02375834730060644,-0.00028339333586208104,0.001984276224820891,-0.025566753119863672,-0.030667500922593738,0.0,-0.044803134739862194,-0.007665650941527158,0.036500336464153904,-0.00619687282608139,0.025098218991982335,-0.009399783798030026,0.0007894597802008407,-0.001276859522304441,-0.01457435802830459,-0.026459130392366748,-0.015961704703793766,0.0030506560116416725,-0.011370421349891746,-0.006209205961781705,-0.009855567736724413,-0.0009132523077430288,-0.005232237666391748,0.0026026490727208973,-0.00036038415630806897,0.004220636362484265,0.009993851315849067,0.009231486985840143,0.012305812749629441,0.015238812949715907,0.0,0.0,-0.001133048255684943,0.003154541358108276,0.019814211064111242,0.0,0.0,0.0,0.0003498526185222173,-0.0005063381958048119,0.0016768658743774312,0.0,0.0010442575291378375,0.0,0.012044062576052228,-0.0009033517820534187,0.0,-0.01950680784276515,0.017447313022320554,0.002364705050046545,0.0045210090848291085,0.0,0.002716782287702557,-0.0024775516241950513,0.0043543984852531525,0.004949363263859141,-0.029829395612723686,0.006244052688476942,0.009704423015180152,-0.0050890094286123455,-0.004697452308861261,-0.005533707327860127,0.0,0.012463018567071327
0.0,-0.0018214215135037848,-0.025822000445044457,-0.022838985014964286,-0.011366052015944539,-0.0001302313625201612,-0.03553272284347586,-0.032260253487349844,0.0010025473780157501,-0.041011227224467706,-0.026611730623396807,-0.052239420168983974,-0.035424763747433585,0.003305423691181586,-1.1102230246251565e-16,0.00036120693984514896,-0.002292413630013701,-0.044803134739862194,0.0,-0.0007337464910344704,-0.0011279768490092823,-0.002245705723367575,-0.040479736303175695,0.002201407545167511,-0.0401016323356575,0.0015576870219576322,-0.016526054234611565,-0.03210705655556345,-0.0931801277295573,0.0025442574148850094,-0.045537612253165216,-0.010543433279698755,0.005793991367139428,-0.033741700172552014,-0.036500493841257475,-0.013686276551295395,-0.03947487404895633,-0.04476709374373444,0.01379444370963634,0.00012649482657406397,-0.006683638792662094,-0.0017606965078211245,0.05871377085780871,-0.0030018270962566818,3.5700151261863766e-06,0.0,0.0,0.028547647417603295,-5.551115123125783e-17,-0.04422337074617627,-0.03379470073361068,0.004882702870451006,-0.00347376921014364,-0.00527936798194184,0.0002620771525699839,-0.22321933080706666,-0.0014547517611875893,-0.027002259070133316,-0.0006736399405658511,2.220446049250313e-16,0.0,0.0,0.0,-0.03310120439938408,-0.00015570799262348833,0.0,-0.00029543308460128204,-0.008701688954021791,0.0,0.0,-5.551115123125783e-17,-0.012595975548539196,-0.04292325849816464,0.0026452243677538845,-0.0005368123753957121,0.0011478419587086508
-0.018039501454121865,-0.01664483809616285,-0.0005889310761419964,0.006301009421943449,-0.009879596989466721,-0.023454440327223824,-0.02370605514039159,-0.0345375442922391,-0.014215274463146632,-0.018429877436090758,0.00013778295480454394,0.00961786392035574,-0.029143485047715745,-0.0006863418866445148,-0.022275895131362577,0.001018983099937587,-0.001597686425687861,-0.007665650941527158,-0.0007337464910344704,0.0,-0.013768248535076577,-0.0021692470204436876,-0.09161347191737976,0.0038132339495438594,-0.003835310285358662,-0.013290990102373612,-0.023549538857324526,-0.017348103748268118,-0.0021596456545470155,-0.012489540343496863,-0.009732408300813122,-0.007981379391482635,-0.033538863217907056,-0.038360944169954336,-0.019542279117723604,-0.016063887736720184,-5.349544676774842e-05,-0.0012015422212232618,0.004238727284716692,-0.009250921802260947,-0.00359446176264272,0.004185044877043798,0.0006952948861321806,-0.005468098321923909,4.9829303411907944e-05,-0.001822658529681942,-0.007963280561621544,-0.0026577693077103892,0.0,0.0,-0.018545075127521238,4.489350286085436e-05,0.021316040336455122,0.001563192292553195,-0.0002522796466987165,1.1102230246251565e-16,-0.0011244591300039186,-0.049146874932643025,-1.1102230246251565e-16,0.005886779674271592,-0.012721488196289488,4.7747063816938606e-05,-0.015770178615649777,0.0,-0.01743423141216438,-0.004761826462328922,-0.003996684121438998,-0.015219210896178836,0.0,0.0005645312266308045,0.0049385832344707725,-0.022631253479034608,-0.03282802382562533,-0.025726515137830197,0.0031283172099033085,-0.011351656698984525
0.005309139208552138,-0.011858028128577003,-0.0007602413729062008,0.00014552066911027728,0.00034486518370796526,-0.017221410133447357,-0.022883304492670287,0.011128787481319291,-0.02122117659845696,0.03445223433887956,-0.018664773502658827,0.007924501001090045,-0.02033103039456724,-0.005650357083896385,-0.0015526666995023253,0.006494965506283645,-0.0020883672200352477,0.036500336464153904,-0.0011279768490092823,-0.013768248535076577,0.0,-0.0018663147477205877,-0.009141265899802797,0.01130957986685277,0.041881134167162604,0.027124967066018024,-0.017777286586317054,-0.014299459217233468,-0.00561871700660771,0.013276778417303903,0.008393131518155073,0.018005479905815913,0.0238829090526102,-0.0016880168351527391,0.006597266586061801,0.01466453946639229,-0.001591854588360364,0.028604378890017934,0.023519888597707816,0.035217435659492424,0.008599130653598186,0.009734408316458332,0.0004213559298901215,0.0,0.0,-0.020458868481943115,0.008792143073831804,-0.0010046687119353859,0.0,0.0,-0.026477998640331124,-7.054386609833818e-05,0.04000955531129674,-0.003275763538274745,0.0007738340013463407,0.0,0.0008226319716471142,-0.03752105278178808,5.551115123125783e-17,0.011708342044117193,0.012289655944315858,0.0,0.001684149557162562,0.0,-0.001584485333972041,0.028179422810667265,0.008377411149507963,0.040391912409610986,0.002707665121566283,0.012176234759274818,0.023518310898013595,0.004268047011291631,-0.004864028012452171,-0.005673850758530219,0.004195361424919664,0.010001242197190008
0.00217225876069721,0.007790504898207928,0.004461807555179331,0.004829977666703178,-0.011064778430482758,-0.023308607681040205,-0.027468717577057267,0.009130338851957687,-0.015880790151644952,0.0060439188520792775,-0.0008792960761951352,-0.0026572571168393955,-0.0334396027282729,0.0012709985411774039,-0.00237387357404123,0.006792647853322287,-0.001749190708089765,-0.00619687282608139,-0.002245705723367575,-0.0021692470204436876,-0.0018663147477205877,0.0,-0.013341915570542762,0.08243565491439203,0.0017094806405502094,0.01210934386129714,-0.010733041106462005,-0.023228558992992865,-0.012803586081013285,-0.025715301161703674,0.0011912832897172376,0.0020311306577960875,-0.017983020643902503,-0.0251832222455452,-0.010791287904132085,0.01494836656906956,0.0028817183659931578,-0.0019063020332834024,-0.0023614001847571675,-0.007759370580404934,-0.010472667605921304,-0.007650631374270578,-0.007549139918809011,-0.0008103840995926093,2.5737626947519576e-05,0.014114134541068246,-0.0008836606780361356,-0.0013685868536158496,-1.2657771849333699e-05,-1.5796627033715094e-05,-0.027018761423886928,0.0001395760880503194,0.008162084550338178,0.0007719841482825562,-0.0012378283618990071,0.0,-0.0019203901058428285,0.001687740857337472,0.0,-0.001486855207618154,0.012485564675025207,0.00034421610627694,0.011975742964006608,0.0,-0.011141021682254504,-0.003535997033644156,-0.01571958923535205,-0.0009782122504548019,-0.000958104390177017,0.0074570750809291875,0.0058832817506568325,-0.005463198295690697,0.007949692667104824,-0.01516860069779935,0.0012987596961870351,0.006392814476714748
0.0028021319935982447,0.001101531081084961,-0.02308646025571509,0.009532357526409907,-0.016992530245649673,-0.005818624942113881,-0.025485549314200273,-0.00030543609631572544,-0.0131828346540806,0.024842912392123828,-0.03271642762322674,0.03767910270424829,-0.02673951627477339,0.006161828334226516,-0.03749315291457361,-0.01043625068562376,0.039366774179925845,0.025098218991982335,-0.040479736303175695,-0.09161347191737976,-0.009141265899802797,-0.013341915570542762,0.0,0.010290333806335872,-0.0013972493884015225,0.010952774418516664,0.011349021825550143,-0.022356150316506618,-0.022417504545163613,-0.005007256987135056,-0.02488378526849705,0.003765856051461458,-0.0038224429036621266,-0.016023297658191493,0.0010509242511519967,-0.03087602847978166,-0.008098590858959864,0.04404674226015243,0.004694704372814995,0.015083805463647959,-0.010096812076021588,0.00032793965921018575,0.007092141822902243,0.006957661826074102,-0.001175327583991137,0.0031032033258092118,-0.020279024810964663,-0.005032636429767923,0.001560456840080493,-0.0218312782437593,-0.009699198444217072,-0.012727819067328783,0.022389422588191044,0.009578708301155037,-0.0017734353333970776,-0.1460147564462636,0.002920760173253989,-0.011358049827301486,0.026532634168759783,-0.0023648646415445618,0.012018915772647298,-0.00011615001325410157,-0.014273067691780161,-0.11878363836956962,-0.013564373410202779,-0.005022523644286125,-0.017658312802174114,0.02108112533172357,-0.0007582597814521641,0.008338308335698597,-0.009837564003531307,0.0033360116510414706,-0.0049635265999727896,-0.005867361414768457,-0.004415257023095143,-0.008928103227019257
-0.0020758395180499045,0.008575546602327178,0.0011738618862664474,-0.005960328832254391,0.008687775806104303,-0.0022198189880689445,0.002866861753714034,0.032783981378116334,-0.05518146656918915,0.01491771329972924,-0.0575017727269278,-0.012338313872560125,-0.027311324175011198,0.02094176832251593,-0.06122769814073575,-0.001160909498160223,-0.011483084037685665,-0.009399783798030026,0.002201407545167511,0.0038132339495438594,0.01130957986685277,0.08243565491439203,0.010290333806335872,0.0,0.001971734645868639,-0.008125681991599909,0.0009633394945842699,-0.003999403721776762,0.020831325116567156,-0.00014752464040379554,0.018006066478981453,-0.056242825361372595,-0.013441049432851015,-0.01588440015807524,-0.01645821747334708,0.15246070894654656,0.02560990269340485,0.004921407868137551,-0.001814313775510168,-0.0029885377368301103,-0.0734151430240435,-0.13814328821467015,0.005453293103366508,-0.0003800416228342818,0.0007784978283447708,0.038376802733855464,0.0010452271868366392,0.0,-5.551115123125783e-17,0.0004587712734129279,0.0006020258653419153,0.00045730866396065384,-1.6653345369377348e-16,-0.0007802876790186097,0.011269804757634061,-0.000609533596711398,0.022532460168862567,-0.050809478170861844,0.0,0.0022559471469075776,0.006172273720177979,0.008179074705787492,0.012072213610107518,-5.5907051443149225e-05,0.0011027656516197637,0.0013141217353599965,0.003963949336494799,0.0006814662054503984,-0.04017955017159297,0.011597054539446872,0.012398776996689787,0.0010619990055097395,0.004618908288598955,0.000989120012081568,0.0,0.011172812579963998
0.0234924245267491,0.006652313294075118,-0.017431465142879576,-0.0002408555132831225,-0.0013442236199470714,-0.01858311353525416,-0.015203749683274814,0.032991662126052756,-0.01952768578849612,-0.016385811901953873,-0.037009209871373294,0.001753603765656031,-0.01650799711794082,0.0014056419297425737,-0.0028193196701779555,0.003816929084734799,0.0011351742580896773,0.0007894597802008407,-0.0401016323356575,-0.003835310285358662,0.041881134167162604,0.0017094806405502094,-0.0013972493884015225,0.001971734645868639,0.0,-0.00022841652923272227,-0.02012519765067261,-0.016488238422505075,-0.012778648171846152,0.0012451997898503264,-0.0017596772457671994,-0.003914553470222126,0.0003466433867851948,0.002888431245107237,0.0011310297494639965,0.007518288849520938,-0.0006670917005283106,-0.0020327121751781974,0.011125894545981119,0.017732646734541113,0.017729217641161144,0.025279389908874184,1.7523073508440845e-05,-5.551115123125783e-17,-0.007017075679788098,0.009392683019669612,0.026238897781347248,5.551115123125783e-17,0.0,2.220446049250313e-16,-0.007435559818529003,0.0013825291613032697,0.004089160951568693,-0.0013098761915006363,0.014735037993701072,0.0008160751687132373,0.021807023813959936,-0.018479917934742796,0.0,-0.030150345692907754,0.02502407459849132,0.01717588834256434,0.007023117055994843,0.0,0.009478583350691683,0.006967042028944603,0.00770676000601489,0.01566984608938582,-0.025611558044267735,0.012004491891965119,0.013148006829032943,-0.006809077804013797,-0.027001408410227967,0.007955834561840291,0.0,0.0202006024788402
0.01812945391934362,0.0036960470464675876,-0.04974235275393052,0.0007545061084877625,-0.010264968649760231,-0.023265722622068108,-0.010682789617613375,0.038407250616988686,-0.025432975756194742,0.003439940893509741,0.010108448742369047,-0.02201867741699659,-0.013448126345490752,0.023040046230752398,0.01727483950627623,-0.001931260744839236,0.004058558874955431,-0.001276859522304441,0.0015576870219576322,-0.013290990102373612,0.027124967066018024,0.01210934386129714,0.010952774418516664,-0.008125681991599909,-0.00022841652923272227,0.0,-0.01505601632558462,-0.01073571428083453,0.007257841354980976,0.05373467280186439,0.0082910188857937,0.0019568437963862206,0.0005649069321858602,0.006557935864417941,0.00033871957060604974,0.03479729438048196,-0.0023202937315023875,0.007816941270242517,0.0036682577051933563,0.011406755456786655,0.012398592914541429,-0.0054546187674817115,0.004409923187881137,9.872976829522484e-05,-0.015873306068649895,0.009637892589915986,0.005355880191994733,-0.000561357657365813,0.0,9.098523035100392e-06,-0.015362262829448303,-6.155732381712964e-05,0.015569358654592191,0.0021013773511968092,0.012752758419367183,0.0,0.017733705816582512,-0.018963923902884705,0.0,0.010813465663726762,0.017173705153498198,0.01761129542083517,0.009553583799855547,0.0,-0.00924887581972933,0.021258428880157776,-0.006534088675636596,0.0016868817346984422,-0.02872543665811833,0.01062283727294977,0.0131489400010667,0.0009214434045504705,-0.013521110161242855,-0.000398499319877621,0.001084474945711067,0.021320277218666694
