0.0,0.7295114134694844,0.380576346318827,0.0,0.40387010854241234,0.518124946834974,0.4751251846242925,0.7873182814383897,0.4314975095333605,0.5368689117790866,0.4643527693146041,0.3740093875690378,0.7681122269756601,0.5482320443204345,0.5277680015794419,0.8400443098668722,0.3984381347060801,0.6185501138402516,0.0,0.6589995743536441,0.4336262201823705,0.8225753299056651,0.5252813683191415,0.48487372259765527,0.42961854077550027,0.5341520930008399,0.4305594362574714,0.633977361394781,0.5632798726322805,0.683967713980431,0.47980199511318994,0.5795985229523928,0.5037141891453429,0.4733486357269937,0.5844011259222537,0.6865494167056483,0.49552311377779246,0.5105145785280678,0.5641955280778047,0.6365945865411676,0.5263975579130247,0.5743832777805375,0.506115191492712,0.0,0.42683537381415865,0.698233709345858,0.614104729846304,0.0,0.0,0.0,0.5015116536362749,0.0,0.5857553293907185,0.0,0.4741554871791743,0.0,0.5792280205359774,0.7341472785420059,0.0,0.19908419885005826,0.690283926549691,0.27647605698675004,0.6151063515977543,0.0,0.47166237166588815,0.7525887361964232,0.5621448317163144,0.41170125635774263,0.42266638937382367,0.6268456399709077,0.6567295079697913,0.5815145175685426,0.4018562198545561,0.540517652316038,0.0,0.5215545643491817
0.7295114134694844,0.0,0.5315713456191646,0.3227484958431141,0.7196771753990513,0.47473817580202105,0.49441588671967596,0.5778562797631216,0.33178445573717685,0.5779180473345016,0.3129387386167558,0.44257190263072244,0.5344194009588328,0.5383480953010276,0.6419212699345775,0.8683344065717946,0.5968772189071563,0.7777064037097127,0.6098721897875969,0.691628002948578,0.726907276960356,0.8866197358373588,0.6027545167622537,0.6413219578879165,0.5776072596413138,0.5168834485964475,0.511345844202338,0.7376355625468034,0.5192136710634714,0.45881234106006136,0.4909181743300377,0.48132282207631916,0.5031511708736229,0.43498923135150114,0.6571429505857267,0.4944813861350833,0.22672984477497815,0.0,0.7225807876652195,0.9079747112223724,0.6052300830990848,0.8376730161849413,0.6719574808936115,0.0,0.0,0.7252296507207683,0.7240218721255629,0.04132079402081776,0.0,0.0,0.728721448821785,0.6544406392225044,0.39607087929388546,0.5942250598784947,0.5744866846846304,0.0,0.4149690152767168,0.8584349767398345,0.0,0.6741671950660562,0.7682250349853829,0.6543706911347992,0.8237945477673589,0.0,0.7599551991835293,0.8100612181621873,0.8009140248315235,0.6131092572596284,0.43208575047539316,0.7261996631179399,0.7384346984253554,0.6889870964567741,0.9757881825032678,0.7910680297417831,0.0,0.7821236111459093
0.380576346318827,0.5315713456191646,0.0,0.7354617361164715,0.4483477371563813,0.519485795930249,0.6262907544622454,0.6902913661368297,0.4958269592190965,0.6697699815905664,0.634623116285081,0.657998249918748,0.7089967911003818,0.676521818476017,0.3289635524860032,0.3998878023987772,0.8114399328616793,0.5055435242301134,0.6512985679714023,0.3731121250349908,0.43290749693574687,0.5888099604652101,0.683063317605209,0.5730035974267174,0.7192820076457419,0.7128797774515487,0.6089066676684511,0.7184090053562696,0.9479848542658533,0.6919938298558945,0.7781249149575262,0.7872877270887138,0.7353498837991197,0.8412160135817417,0.6888207072128372,0.7011198787570203,0.6886026108819586,0.6535856454776012,0.476995296222948,0.4693192229221057,0.04988450159892788,0.3357898542531087,0.38217243541514667,0.255713546227515,0.0,0.0,0.20676535565534004,0.605482524686386,0.5062413711211396,0.48385411072048223,0.6395452899286151,0.6025804601908498,0.5615848864680806,0.8626306862237771,0.4062380968867857,0.6284131685516537,0.5205189386714038,0.4597275987443026,0.5455388729974037,0.2830307848785595,0.0,0.0,0.0,0.23550412720114464,0.6791582479027104,0.47643973891083924,0.12599658252668988,0.5510413244367017,0.0,0.6670390684924212,0.3587617763195012,0.6875751095246805,0.5695982690521354,0.634597162469965,-0.24233905167657294,0.6410074550126095
0.0,0.3227484958431141,0.7354617361164715,0.0,0.4231160702249196,0.7865029137510222,0.4567604932776057,0.4947554706036257,0.8105680174268873,0.16373022579303323,0.5750896519254782,0.28216100968589325,0.3798940562976533,0.43695778047735373,0.6085338517804187,0.07271900975664272,0.5916124001516714,0.5063169849233158,0.7178872151337684,0.755858123117343,0.43481051019314787,0.5584310866196149,1.0032121222924892,0.25968473559229865,0.9264813150803524,0.6351974239761423,0.8287577074285779,0.4373719557269716,1.0099131445014153,0.4752560904057481,0.7354979511186008,0.6519837658244575,0.19624963015034397,0.6424654175661237,0.9198022544039317,0.34717826280195496,0.46027849377156776,0.30083284933409304,0.1566116486781441,0.3119481351771613,0.3707468115845525,0.30905071221369895,0.2329788231662424,0.13958174873178947,0.0,0.0,0.0,0.4376679899359335,0.0,0.0,1.1460889420881344,0.0,0.48105550161145627,0.02170499215555475,0.0,0.18531402121323712,0.5274834910217692,0.4988145475422741,0.0,0.0,0.0,0.0,0.0,0.0,0.0,0.0,0.5103960075592016,0.8132435900424748,0.0,0.0,0.0,0.6684431628513847,1.1050820892407296,0.6195173742503678,0.0,0.0
0.40387010854241234,0.7196771753990513,0.4483477371563813,0.4231160702249196,0.0,0.21684725674543281,0.37217077128104825,0.5234400708867836,0.29848358182357226,0.7625663064688681,0.43635596243614744,0.5646737423067052,0.6489128352508722,0.5134489657844651,0.49268786291406574,0.79158800474321,0.5330403365614901,0.44036320042035515,0.4634587683487784,0.48053299474396766,0.49605711239161016,0.5408828970726051,0.60175148726614,0.6805205434482613,0.8628858945899023,0.4652025138020899,0.35529466698265166,0.6009846863393886,1.0798731254193985,0.4174244192081634,0.71216405144319,0.39413789424088125,0.7095512983770815,0.644999591054318,0.2429133717888782,0.38453254497084444,0.5720239684729879,0.635036391666064,0.16907048706403294,0.6972055048014328,0.40012359539434295,0.4332499352951058,0.38101385929680576,0.6776546902242866,0.2669071341334708,0.0,0.3948214244961563,0.5966217706138186,0.0,0.41577061363354356,0.6927303602441361,0.42887118704256655,0.3672521287423688,0.6008995882234853,0.0,0.5584549965219567,0.3803653542218336,0.5001601800198711,0.5102088490803585,0.23777856083846907,0.47975751308877,0.0,0.0,0.6144727613819854,0.35088020493231187,0.49440224158901647,0.3546230419052637,0.5829312463597592,0.0,0.4700142274083445,0.5682898337630076,0.6318609026603556,0.5736983518590817,0.6012269862730435,0.0,0.5449288014410094
0.518124946834974,0.47473817580202105,0.519485795930249,0.7865029137510222,0.21684725674543281,0.0,0.5161118489523848,0.5599691742569903,0.31576473635131325,0.7261710226168598,0.4249080452968054,0.8031392641828394,0.7112676023001354,0.46402172999913494,0.5416126524640257,0.6152329224244488,0.4499590432216637,0.6118969625455808,0.5087611489413018,0.49817664070975176,0.6396501444986072,0.5403814884894991,0.5095193958546083,0.4634972651361633,0.4685357200353163,0.4390150884355018,0.48960443923089697,0.6988325105974711,0.5221493060439655,0.5746304234092494,0.7175686942659851,0.6487475644657692,0.796907627494638,0.6996946982615811,0.6015774811568277,0.7219472774602458,0.7854614900419186,0.6137122406888397,0.772614993438255,0.6006795618888563,0.1576757293621751,0.13601090816849337,0.5015089229571392,0.794189666996428,0.20428411546745673,0.5831675894748118,0.573016845912927,0.6701824371474221,0.7861850186537083,0.4589152623858384,0.6471263935777511,0.7190268974728167,0.5131895240110674,0.6956728959672127,0.8403120641989977,0.7038513249640497,0.9331614832482265,0.6708360870397378,0.5340121446645498,0.6345828810601923,0.764578195873129,0.0,0.8265347884388218,0.554702946121357,0.6364523257213807,0.4287113364543754,0.5645366085087922,0.5870595129262806,0.6274744143950353,0.6631344365336861,0.5971579384142097,0.5986426589339358,0.6302738379827557,0.6439253644554819,0.5787042491853535,0.7338892404745248
0.4751251846242925,0.49441588671967596,0.6262907544622454,0.4567604932776057,0.37217077128104825,0.5161118489523848,0.0,0.5957313130526343,0.4651596826017701,0.6046350049113269,0.5908816704929636,0.4211838027954107,0.7231373047900663,0.4317535779412325,0.49329339249542004,0.5951132959739961,0.4565107156323472,0.5863538985726904,0.5133168043334035,0.7537535343974298,0.4862235069998959,0.6132706796680824,0.7329512195205092,0.6757569446841123,0.5105219481523502,0.5879571140771525,0.5604120438861462,0.7320180058734671,0.6754514414694577,0.42398777508120905,0.568092084706995,0.6350791293351135,0.6766730199422957,0.6122443272208252,0.5090900160890761,0.6354981858145498,0.5067280846924442,0.8406343374932823,0.7668249934916818,0.44918237490895285,0.5868453213055529,0.5331649200109394,0.5994236467512928,1.0466895567342354,0.3520287982981414,0.0,0.5926025779504643,0.5439009743703385,0.0,0.33949632661298823,0.6845142629549495,0.6729388755494339,0.4044886212692531,0.7122646799623129,0.6099400535129773,0.4666731905563973,0.4734788177508392,0.6234298923294032,0.1460948984213161,0.3387394729040447,0.6236523109459641,0.0,0.542797956115748,0.529915949174196,0.670447589921068,0.5140914576211868,0.7155780348823345,0.6450430524546753,0.5073851816416843,0.6378729851492942,0.5510585233143344,0.6457942671678967,0.7485642585213226,0.5705177037113875,1.0346333951646172,0.7100670234430166
0.7873182814383897,0.5778562797631216,0.6902913661368297,0.4947554706036257,0.5234400708867836,0.5599691742569903,0.5957313130526343,0.0,0.6996065296968961,0.7047134980911511,0.7373319142060089,0.691370345205386,0.7513377495560769,0.9282809958575304,0.4566657389786047,0.7614881435624086,0.8159892452671942,0.7289718418991397,0.6522940623401401,0.4549053356002597,0.9039596357802061,0.6317534971812678,0.6783139592332863,0.5150790465222206,0.6936575738131071,0.5222199083726012,0.5133329585006421,0.7076679404738768,0.613172770396633,0.7130714662920005,0.7528050328556171,0.7624399149195142,0.677861204631808,0.7413751671643829,0.7977234159680393,0.5899101999747242,0.6258418923959342,0.6380156205667242,0.561305027015706,0.4584336238482698,0.4134559400800787,0.5296363803569254,0.17899608072761686,0.4346041484622877,0.0,0.5955160121689439,0.3664291395657461,0.6147028500132017,0.0,0.3896283274203447,0.6298307970434234,0.6482256004436169,0.3100805329968599,0.6208469558199236,0.879507422568464,0.5020208360786425,0.9454660876059007,0.5828648196731501,0.365312496045038,0.6215368341881066,0.3965296224967007,0.0,0.7006325205610537,0.5843610218707953,0.6556680943287946,0.3804724604536116,0.4890166528828743,0.4892767834163865,0.0,0.3679521891126777,0.3850095012595712,0.5334641368178539,0.5712368067220599,0.5120536571813594,0.520163933211971,0.5556640381371871
0.4314975095333605,0.33178445573717685,0.4958269592190965,0.8105680174268873,0.29848358182357226,0.31576473635131325,0.4651596826017701,0.6996065296968961,0.0,0.6578557714404949,0.37825666733974106,0.6571929533318484,0.7681265645688996,0.6134036673170071,0.598068874003036,0.4627592492045528,0.501657999076999,0.6454808308990225,0.3472868926044035,0.6016420295318435,0.3862531779280811,0.5442038660457915,0.5756041418068342,0.6393278751387886,0.6096673700461867,0.7223599265497365,0.4877190948227913,0.6780544574772855,0.5272203602983525,0.6938500960353013,0.6613120112803683,0.7279531581221268,0.6681769422636649,0.746260430564279,0.6165748650458673,0.6907026012087425,0.7296350237862783,0.7109775634316983,0.6058455254410364,0.5184598756138159,0.20352985480413327,0.3617586337393282,0.31373769139832797,0.419613962899431,0.2828774239532097,0.0,0.49328948128272676,0.7037818174037473,-0.02560311578941099,0.5851906375423007,0.752381132641565,0.6969756797496323,0.5512573244407514,0.6411259280348054,0.22105752775938392,0.6924173752819439,0.4880312330559048,0.5573229545363712,0.49733846817528876,0.45006406848509395,0.6332071230424299,0.0,0.0,0.6586347168099964,0.640837701726372,0.7362693572986582,0.5411865739171753,0.645631130413781,0.3410022608771721,0.5465085800070947,0.2587304662973577,0.6561160687310532,0.619857318102548,0.3981371422172443,0.4829944760182797,0.753158963468494
0.5368689117790866,0.5779180473345016,0.6697699815905664,0.16373022579303323,0.7625663064688681,0.7261710226168598,0.6046350049113269,0.7047134980911511,0.6578557714404949,0.0,0.7274601549975935,0.6698597450570146,0.6403589710771117,0.6175402559764733,0.8056328083377267,0.5774614447396791,0.7170130431428476,0.6325164223406633,0.6180168308119216,0.8412762677935333,0.6916847213066766,0.4336737410431037,0.7127128339365895,0.6595677404192002,0.6167528845626993,0.3874874547022874,0.5282964850060624,0.7174511535681632,0.7516918171637805,0.7330483755965006,0.7076958488874454,0.3869103599862535,0.6742941478339655,0.6998144081047994,0.30691786227771833,0.5246894003976299,0.5907558713251859,0.7794595491059872,0.47695596087318126,0.5352433109594498,0.524751025357284,0.4277581770515539,0.21437949157183328,0.31656721923437087,0.41365881185707587,0.755247392326954,0.4720194297842084,0.176388881148431,0.49059972344237546,0.46678843219079047,0.6151007913844564,1.0481365061750378,0.6045211215979162,0.2388440348669007,0.6981405646918446,0.6941023198186207,0.6778824098987352,0.859697403914659,0.0,0.9569636260085101,0.8714285196238127,0.79332008464162,0.7629249678930378,0.47927321273041,0.5059216485245646,0.5832122366035278,0.33504017762620175,0.6422922029118603,0.521875630387949,0.6936597284233701,0.6593542694879472,0.7587607848610196,0.4208482588758323,0.45079131413669915,0.0,0.7999563505064304
0.4643527693146041,0.3129387386167558,0.634623116285081,0.5750896519254782,0.43635596243614744,0.4249080452968054,0.5908816704929636,0.7373319142060089,0.37825666733974106,0.7274601549975935,0.0,0.7223653786296436,0.66184491075522,0.7100079551326224,0.0,0.5249197718579514,0.655144631472701,0.6309268530900747,0.5616011798494094,0.4792417276750349,0.5582119632600454,0.38709688099442363,0.8711773915952662,0.6936665500733082,0.7284636106498734,0.6791920455023752,0.4279233318418883,0.6962211802946217,0.38556934671999377,0.5153659363531874,0.6416249318996794,0.832604561687551,0.684173215059064,0.722751501863679,0.5820763016212199,0.5881702103931757,0.7901718652281605,0.7186111437987479,0.44336541737543783,0.474034239652636,0.6914885690350787,0.46065536745707636,0.5586713654309526,0.7951593674277052,0.1917134901259811,0.0,0.0,0.6366799345396865,0.46896840510140736,0.46601116346462995,0.7137291221535725,0.5236920524021903,0.5579793845348828,0.7767177757532211,0.8956470417509944,0.5622016119138905,0.40517721363843595,0.6062398291031846,0.6739010382441073,0.0,0.0,0.0,0.0,0.5726316089229646,0.3824423860403645,0.0,0.7302849851914505,0.38773373778355236,0.0,0.0,0.9293351742806288,0.7637590933257803,0.5707764364344339,0.40681365517782453,0.0,0.828776180157014
0.3740093875690378,0.44257190263072244,0.657998249918748,0.28216100968589325,0.5646737423067052,0.8031392641828394,0.4211838027954107,0.691370345205386,0.6571929533318484,0.6698597450570146,0.7223653786296436,0.0,0.651190342541178,0.6725952264036213,0.2414614959568189,0.714771663678994,0.7333763215208622,0.7064579382388405,0.6783693547951628,0.5220454508869242,0.46860443345200103,0.46912782332846104,0.3739517032351869,0.452171132904341,0.5886672250954353,0.3947537679674563,0.6615324275458752,0.6832369568979133,0.7122951526988415,0.3387674239186358,0.5485652278148627,0.4810268340619359,0.5627456318168227,0.649084808285854,0.6689773252852006,0.4125206722689659,0.40270281367500993,0.4296257698683768,0.46347828993984996,0.27261954719306436,0.06309150630717619,0.2501492854887232,0.46374392563998257,0.4384260403291581,0.048661566026910824,0.5907609608540729,0.5892070446479598,0.8055627552113281,0.20024063725289099,0.09990684441056531,0.33674135113703607,0.8310550159251362,0.24284100371534384,0.42913091735202624,0.7126874489044053,0.5171833978102773,0.7673840020105916,0.16594973593486265,0.703702028396737,0.6860747486203287,0.7568613483539783,0.7623102121663773,0.8156945260098731,0.34726269490501316,0.8012286507805,0.8012128254904562,0.4438158972524022,0.22457694490732116,0.5521007682152137,0.7081420502069261,0.6476371962810823,0.26585350771746863,0.020940461628550067,0.507087351236392,0.0,0.777120456240257
0.7681122269756601,0.5344194009588328,0.7089967911003818,0.3798940562976533,0.6489128352508722,0.7112676023001354,0.7231373047900663,0.7513377495560769,0.7681265645688996,0.6403589710771117,0.66184491075522,0.651190342541178,0.0,0.5202114963171124,0.5314285907627508,0.644277146561361,0.5325331100393226,0.6272857054031108,0.6250548585177648,0.6785160052719061,0.6734543200153832,0.659365382121921,0.8088918276242167,0.5377355442298375,0.5915722168319705,0.5489762573592089,0.6722887823229042,0.6632775305584001,0.7155955542671426,0.610589947855019,0.574081836871031,0.7424258833282534,0.732436821904457,0.5985082416625231,0.6338306843191969,0.544202868270645,0.4444599621971477,0.6793713847257151,0.8162565756199764,0.17936469137333183,0.5714700602787921,0.5480455923042322,0.5733672679065119,0.4662373917393844,0.20677787294760236,0.5767817228215383,0.6828479595059622,0.7185205516652704,0.0,0.5011226854733951,0.7346578576498207,0.7076330804453106,0.48553089986105347,0.7591776647943207,0.5670914437369299,0.5092275144196026,0.5241317328587476,0.7779001476002351,-0.062425518929314944,0.6298667233483481,0.6755683217463249,0.423035691219355,0.6474818904683758,0.6206367594380879,0.5628881967218503,0.59109648381821,0.653498787079133,0.7044478642737111,0.5110386605880455,0.6891913224952343,0.6562922464328491,0.7244943939196922,0.7727915022621382,0.7454028458526285,0.6744207650210233,0.7878519523669609
0.5482320443204345,0.5383480953010276,0.676521818476017,0.43695778047735373,0.5134489657844651,0.46402172999913494,0.4317535779412325,0.9282809958575304,0.6134036673170071,0.6175402559764733,0.7100079551326224,0.6725952264036213,0.5202114963171124,0.0,0.5487780707081413,0.6308785742306671,0.48012720935733566,0.5010187728432784,0.7173058519932078,0.41910231088596944,0.8308487729803229,0.28315963293673074,0.8201892053323296,0.7209916640442536,0.519340670080066,0.5047404089508932,0.8594858723886052,0.6747467309744382,0.40804153583479263,0.8044143495110253,0.5443462296095467,0.6724348412173045,0.23775626699083202,0.8756596855858005,0.4094598545828346,0.519802421010872,0.39328628003010646,0.4061188422314146,0.7166443976366406,0.0,0.7165683170749648,0.8370977956554777,0.4998012710299011,0.5057875126862844,0.0,0.0,0.0,0.2632212823578568,0.0,0.31937121712284383,0.4753556549863558,0.04501004145069082,0.3415868652088744,0.17763370009667692,0.0,0.476096329386897,0.3978343039239123,0.703087503895961,0.2606382003305552,0.0,0.0,0.0,0.0,0.42933754734550206,0.0,0.0,0.0,0.5971616727874995,0.0,0.0,0.0,0.5073250828058611,0.7183959638516388,0.0,0.0,0.0
0.5277680015794419,0.6419212699345775,0.3289635524860032,0.6085338517804187,0.49268786291406574,0.5416126524640257,0.49329339249542004,0.4566657389786047,0.598068874003036,0.8056328083377267,0.0,0.2414614959568189,0.5314285907627508,0.5487780707081413,0.0,0.5571232942883094,0.37379818076934623,0.4095760533482275,0.0,0.6065459079647546,0.6198630002550701,0.8008366078472611,0.47299164417441497,0.20217403598093517,0.6174918062494634,0.5704655568320769,0.06962379804709407,0.3848185369434559,0.5698599829870614,0.4653097552162445,0.4762752446457519,0.40010031075712843,0.5557406647729126,0.5071909101450959,0.5294218121575215,0.6765932685969378,0.3163741038346478,0.36462489759387523,0.6800030968546998,0.7143839780525806,0.5430626976546226,0.5442723667259107,0.5217876610374939,0.6051256473493956,0.0,0.6096943267103248,0.6030794719606767,0.4752654203864917,0.0,0.0,0.4513702266185189,0.7267622657787294,0.5966309865976722,0.5427514858421378,0.0,0.0,0.706952707244791,0.620578865052188,0.48189710278134307,0.6837409501352287,0.664493611388665,0.6654492089001242,0.7483547778976494,0.0,0.7749360124128633,0.479039332921909,0.7670064573601416,0.8565739617382696,0.4900064344895878,0.693899991146955,0.6365745611106897,0.6610343859179276,0.5801543355949554,0.6614287797997682,0.7304929009932033,0.6018037847851755
0.8400443098668722,0.8683344065717946,0.3998878023987772,0.07271900975664272,0.79158800474321,0.6152329224244488,0.5951132959739961,0.7614881435624086,0.4627592492045528,0.5774614447396791,0.5249197718579514,0.714771663678994,0.644277146561361,0.6308785742306671,0.5571232942883094,0.0,0.5717708896190244,0.6714475036533943,0.46017396975377195,0.6159762062481178,0.6890929747120451,0.7485434498299683,0.6145731899299368,0.6642358090682592,0.7188200972319865,0.6843688374283905,0.6088424790213895,0.6927248058457147,0.7135557936312038,0.2696093601772327,0.5148318606453817,0.3762394980980419,0.4543918244243956,0.36992099508480913,0.4980512791100026,0.6653026900302992,0.38439154987029145,0.5987647924741234,0.7606146575551945,0.7736457652763811,0.705867117547548,0.7220156508549324,0.506767525712496,0.0,0.0,0.5861038759412979,0.8235224840476354,0.0,0.0,0.0,0.805859365617668,0.6055033301361181,0.8226905534987808,0.0,0.5710680236792487,0.0,0.7939271825271449,0.681819114556828,0.0,0.6406723510662898,0.8259413343940569,0.7382927355510729,0.8202491718404291,0.0,0.6346213930570901,0.5760077037731611,0.7259149848070485,0.6746356630902517,0.42339500192914303,0.8415836974038218,0.7933304506050831,0.6839925656635752,0.7144634271933414,0.7679827273574055,0.0,0.6602176682166777
0.3984381347060801,0.5968772189071563,0.8114399328616793,0.5916124001516714,0.5330403365614901,0.4499590432216637,0.4565107156323472,0.8159892452671942,0.501657999076999,0.7170130431428476,0.655144631472701,0.7333763215208622,0.5325331100393226,0.48012720935733566,0.37379818076934623,0.5717708896190244,0.0,0.8348431792496752,0.6727005893474152,0.35662052542041156,0.5173314287130552,0.5415207758624871,0.6789346264664717,0.5699604587858043,0.6488667908078565,0.44160589025846875,0.3914104627029328,0.7467003014529553,0.38189231459179296,0.462608237779489,0.5862524509968817,0.4739664652804104,0.4770221763112358,0.4692979195527272,0.7408788022677826,0.6233222742066096,0.26994927169176314,0.5014821060569713,0.7441666106934439,0.6815769860317658,0.7546344749625742,0.5577657486039891,0.0,0.0,0.47404929482002417,0.6844194337407654,0.9717074938237367,0.0,0.0,0.0,0.0,0.0,0.0,0.0,0.7127986339403313,0.0,0.5702069593918564,0.31263174125226667,0.0,0.7682801836173582,0.6350507030745973,0.7993457851112818,0.6875740740192674,0.0,0.0,0.0,0.5612154237570355,0.0,0.7171630851195823,0.7716909653683817,0.6893651395681524,0.0,0.3172368865657467,0.4836566786307318,0.0,0.7730836071748344
0.6185501138402516,0.7777064037097127,0.5055435242301134,0.5063169849233158,0.44036320042035515,0.6118969625455808,0.5863538985726904,0.7289718418991397,0.6454808308990225,0.6325164223406633,0.6309268530900747,0.7064579382388405,0.6272857054031108,0.5010187728432784,0.4095760533482275,0.6714475036533943,0.8348431792496752,0.0,0.5081346381051659,0.4467076664117942,0.6520551065724393,0.4991929923746736,0.6693168285954774,0.6067317618666817,0.6429833141179491,0.5200014479458746,0.5785759459977277,0.5344134475930498,0.5870490058879392,0.37360522742572144,0.546658988565355,0.5210739133875602,0.6126741027005158,0.5649883010292243,0.7875900129685776,0.03265810898506516,0.2628992880455383,0.5276835927998088,0.7497535783504873,0.6837154647878496,0.643889072199165,0.6991768284532527,0.0,0.0,0.5495444230126552,0.6521927659628473,0.7990662182920498,0.0,0.0,0.0,0.44359550250178426,0.5818335704164797,0.8612514340462119,0.0,0.8234638603468734,0.0,0.7102111992558675,0.5478544462218737,0.0,0.6158487968187936,0.7042861349940156,0.8819106372315858,0.7377745891333414,0.0,0.48666806232717397,0.649641428169354,0.6557632997108337,0.9221266609715711,0.6332886874583544,0.7356079051583083,0.7249373488142308,0.5120339005858798,0.5845125223251304,0.5392082613614865,0.0,0.7292646308904271
0.0,0.6098721897875969,0.6512985679714023,0.7178872151337684,0.4634587683487784,0.5087611489413018,0.5133168043334035,0.6522940623401401,0.3472868926044035,0.6180168308119216,0.5616011798494094,0.6783693547951628,0.6250548585177648,0.7173058519932078,0.0,0.46017396975377195,0.6727005893474152,0.5081346381051659,0.0,0.5228312166169911,0.46182162706143615,0.6552651170943831,0.6669393825158347,0.676035369901318,0.7371537075308989,0.5239919787864896,0.5743056357168222,0.6835815614540639,0.5724421893872,0.6756447851340592,0.6412686798786158,0.7801295614538385,0.74222024270697,0.715852622596443,0.5388659696834724,0.6629780670175176,0.6756603298917834,0.6109634173339609,0.49480817847989667,1.0174378862851268,0.34161108482751756,0.2346420093019669,0.5028448739490388,0.5498851882143482,0.41395015244695377,0.0,0.0,0.8643847259598982,0.0,0.48222179015884226,0.6696569299323273,0.5561135706315196,0.4824445025824914,0.770642310518352,0.9086652182969291,0.7774838903632978,0.5509745432363132,0.4340570134996996,0.39538297071027184,0.0,0.0,0.0,0.0,0.7682516657547009,0.47092445906018576,0.0,0.4791045838833807,0.6163865749620292,0.0,0.0,0.0,0.7226372692718925,0.551494312557123,0.45436227034332216,0.49286250195210124,0.5896374274099688
0.6589995743536441,0.691628002948578,0.3731121250349908,0.755858123117343,0.48053299474396766,0.49817664070975176,0.7537535343974298,0.4549053356002597,0.6016420295318435,0.8412762677935333,0.4792417276750349,0.5220454508869242,0.6785160052719061,0.41910231088596944,0.6065459079647546,0.6159762062481178,0.35662052542041156,0.4467076664117942,0.5228312166169911,0.0,0.7904573578433183,0.7626276092188214,0.5979208790527569,0.22414498023242863,0.5178362794183426,0.4072528361217064,0.7193719608745162,0.660611026337883,0.5971704332700994,0.45147199928308557,0.4596838196864379,0.41597281545796705,0.5033227681645337,0.5299599120427201,0.5697881509333389,0.8393931096170067,0.514784962924359,0.8162008253956535,0.6609312540216467,0.6599987130221521,0.6504692937324658,0.5966158962698094,0.5656918198798004,0.29359535765490513,0.2090819219088778,0.5367553979503326,0.6704799078739065,0.4738087531400548,0.0,0.0,0.5629248134209819,0.6211870729039668,0.6481080992649646,0.4011932815671978,0.9914124849686843,0.0,0.6068317222875574,0.7286702713633326,0.0,0.5948223225708013,0.6945900240115883,0.5061174287404125,0.6927908498144233,0.0,0.5487093656073352,0.5112900739402373,0.5426733911398578,0.6385166502715173,0.0,0.727103051338797,0.4205090748716227,0.5747240053912728,0.5381967253386741,0.5883460807791181,0.5370893619616444,0.5955763661309701
0.4336262201823705,0.726907276960356,0.43290749693574687,0.43481051019314787,0.49605711239161016,0.6396501444986072,0.4862235069998959,0.9039596357802061,0.3862531779280811,0.6916847213066766,0.5582119632600454,0.46860443345200103,0.6734543200153832,0.8308487729803229,0.6198630002550701,0.6890929747120451,0.5173314287130552,0.6520551065724393,0.46182162706143615,0.7904573578433183,0.0,0.6670245982687151,0.6504698641933044,0.28718261901625786,0.5297356148348993,0.596571765424633,0.5849351980957574,0.46801395862901857,0.6066970090649517,0.48426622719309564,0.2906403752658065,0.2657122770029843,0.49912688260362614,0.31029045938841227,0.46045303878309146,0.6462762684070925,0.3580660925770467,0.5956311438080907,0.5949001281308708,0.7733350337350717,0.4523659405521968,0.4805656489461065,0.6112836918333581,0.0,0.0,0.4443004540364831,0.623461744839077,0.6721356729736767,0.0,0.0,0.667429514870953,0.47233255711680966,0.3964535818346375,0.5499379405474022,0.6320309035361338,0.0,0.7866240797268376,0.5907731978950356,0.0,0.5900309631296717,0.6777265060303478,0.0,0.4582027531759228,0.0,0.5898571911219166,0.569043417255529,0.6760287399880224,0.6266010569138188,0.8011651656469485,0.4327092961803445,0.7400692549164074,0.5658308258754483,0.5926431695395512,0.7061313273673921,0.33943883764380445,0.48595860145243386
0.8225753299056651,0.8866197358373588,0.5888099604652101,0.5584310866196149,0.5408828970726051,0.5403814884894991,0.6132706796680824,0.6317534971812678,0.5442038660457915,0.4336737410431037,0.38709688099442363,0.46912782332846104,0.659365382121921,0.28315963293673074,0.8008366078472611,0.7485434498299683,0.5415207758624871,0.4991929923746736,0.6552651170943831,0.7626276092188214,0.6670245982687151,0.0,0.6496262697878017,0.16093543491552606,0.7361567977796389,0.7289672276711174,0.43008346752367127,0.7750516684424212,0.6327634792375623,0.34273120458772566,0.609540022343068,0.4729425111559668,0.42227043784681983,0.6492642219651596,0.6066500159705306,0.6560896140875196,0.5682095255558994,0.6381963074121241,0.6502766964166975,0.7814976707502099,0.522993829705494,0.5196317075364439,0.5733819821559062,0.37260776324382217,0.2391378983764136,0.7044496211038545,0.7148905358858881,0.5552713425737604,0.4884318475171962,0.2460209797326241,0.513974722858757,0.7630781293517297,0.39961342454828197,0.6207600515861813,0.4334267728126662,0.0,0.5483905076535586,0.7415863575486472,0.0,0.693903939553449,0.7191411487124094,0.450237772962242,0.7357450701906154,0.0,0.5534169439825921,0.5968852554581301,0.6893066424413246,0.5880249209366493,0.8015685691393386,0.6902376011360439,0.6688796867095912,0.6046419516613804,0.7260992511993066,0.637268783925172,0.556730318369471,0.6540789656479304
0.5252813683191415,0.6027545167622537,0.683063317605209,1.0032121222924892,0.60175148726614,0.5095193958546083,0.7329512195205092,0.6783139592332863,0.5756041418068342,0.7127128339365895,0.8711773915952662,0.3739517032351869,0.8088918276242167,0.8201892053323296,0.47299164417441497,0.6145731899299368,0.6789346264664717,0.6693168285954774,0.6669393825158347,0.5979208790527569,0.6504698641933044,0.6496262697878017,0.0,0.3703928540151903,0.6001081814940026,0.40737568111970857,0.5060378899159106,0.635702758165505,0.663380543854653,0.6170297720061847,0.5987873007212636,0.6676711044296413,0.38911245247434534,0.6832485066734629,0.7397740099958262,0.8182089888830604,0.8753327865385043,0.46924606044988065,0.7143582908368938,0.7655464653609059,0.689785169976449,0.7427499552971311,0.7585173023022043,0.7138711184398367,0.9120172318726902,0.554797312689082,0.6349628631929645,0.5196522391599072,0.5097365823334188,0.6605548722986789,0.6789738311948621,0.7312459468226065,0.4989069577173706,0.7525538899629198,0.7793694482459125,0.5126279298335445,1.0379514284308042,0.6518382019874999,0.5626418004502557,0.7449516064893239,0.7363641007636699,0.5059216485245648,0.5679116564854338,0.1335700072846746,0.6526616180230073,0.6307388204816123,0.672330409495296,0.7690835096671118,0.2195964217554558,0.6908245194955018,0.6802998625728527,0.5907079810048177,0.6315518883101736,0.7243232548029226,0.6843075651063002,0.702841480598858
0.48487372259765527,0.6413219578879165,0.5730035974267174,0.25968473559229865,0.6805205434482613,0.4634972651361633,0.6757569446841123,0.5150790465222206,0.6393278751387886,0.6595677404192002,0.6936665500733082,0.452171132904341,0.5377355442298375,0.7209916640442536,0.20217403598093517,0.6642358090682592,0.5699604587858043,0.6067317618666817,0.676035369901318,0.22414498023242863,0.28718261901625786,0.16093543491552606,0.3703928540151903,0.0,0.4589310515447766,0.3761694323923743,0.34697591842908804,0.6200357761073196,0.3244809896839293,0.8685322763967096,0.7158369845885106,0.5592928137948594,0.378901515866743,0.7103823507548925,0.7925689951747399,0.5093775381901251,0.5688149865373592,0.19317749814795407,0.8002493336812913,0.4917160036582763,0.709831706461344,0.6477216761626977,0.6194234547380737,0.39317959012248405,0.30133475971907897,0.2990969131371598,0.5167794136835604,0.0,0.0,0.5055476623559874,0.5868412948401145,0.3195672624626448,0.0,0.03504959479932265,0.5879479509298635,0.5897837706459638,0.5763861882155017,0.46249546408080183,0.0,0.22175044353974013,0.5259025182358666,0.6535297555539838,0.6933071306371897,0.5147443702376051,0.35485857462488124,0.45195721075665707,0.16937547965416003,0.8375291593479107,0.4645039575388414,0.656568814903556,0.6058039640478003,0.5243246942262388,0.6979772150426267,1.0964537468247935,0.0,0.702646536340662
0.42961854077550027,0.5776072596413138,0.7192820076457419,0.9264813150803524,0.8628858945899023,0.4685357200353163,0.5105219481523502,0.6936575738131071,0.6096673700461867,0.6167528845626993,0.7284636106498734,0.5886672250954353,0.5915722168319705,0.519340670080066,0.6174918062494634,0.7188200972319865,0.6488667908078565,0.6429833141179491,0.7371537075308989,0.5178362794183426,0.5297356148348993,0.7361567977796389,0.6001081814940026,0.4589310515447766,0.0,0.3580028800119185,0.5556930274284276,0.5383839737594096,0.5831006741887323,0.44152462434253587,0.5632078389330555,0.352843680312495,0.5662100783338461,0.4848459236028779,0.7885651084801326,0.6425134098191114,0.5978226287667796,0.6316427160984367,0.7905078464502948,0.7644305301993597,0.7083402805309117,0.7290495173505886,0.11046927464259805,0.0,0.45674891747997226,0.6592750441563815,0.8118263386087349,0.0,0.0,0.0,0.6204502638009657,0.5910451658656187,0.6937426683151726,0.45204160105361035,0.7575295616363869,0.4604863037964951,0.6918047839233046,0.41439560642861634,0.0,0.5812957890778797,0.7524172532318374,0.8406353614383304,0.763142922008909,0.0,0.7589668693530789,0.6269476539001865,0.7173948752903805,0.487662304649348,0.5360936471281594,0.7549005370693573,0.6768935847895596,0.5526766574242379,0.6179374292937937,0.529228055672783,0.0,0.6915379650124802
0.5341520930008399,0.5168834485964475,0.7128797774515487,0.6351974239761423,0.4652025138020899,0.4390150884355018,0.5879571140771525,0.5222199083726012,0.7223599265497365,0.3874874547022874,0.6791920455023752,0.3947537679674563,0.5489762573592089,0.5047404089508932,0.5704655568320769,0.6843688374283905,0.44160589025846875,0.5200014479458746,0.5239919787864896,0.4072528361217064,0.596571765424633,0.7289672276711174,0.40737568111970857,0.3761694323923743,0.3580028800119185,0.0,0.44364198953526973,0.5850318888973146,0.6503984061015917,0.1589699549958296,0.4112380856620957,0.4348441236634155,0.529516645163976,0.4997467188314131,0.576347474741106,0.275567163150112,0.5053689991154722,0.4730708343174964,0.701330291815921,0.7105292202751524,0.7043777038306116,0.46885777425706754,0.2092861917225368,0.542783079224644,0.458973072350619,0.6097982191763267,0.7919304754345301,0.6802805814332034,0.0,-0.0007347479304522387,0.6420619200902347,0.8148138129499604,0.6102524472913037,0.3899341122836158,0.5737070808144376,0.0,0.6026581213996094,0.6440983698240701,0.0,0.6785902973140396,0.7045025934000805,0.640273274791249,0.599651221936641,0.0,0.6253969794260718,0.7918681307172386,0.8329689221980663,0.5207594317837211,0.4418975934086398,0.623171273417637,0.627152347071964,0.5820218286551976,0.4426403315129178,0.6426962252966688,0.4619446385938091,0.5497040724820224
0.4305594362574714,0.511345844202338,0.6089066676684511,0.8287577074285779,0.35529466698265166,0.48960443923089697,0.5604120438861462,0.5133329585006421,0.4877190948227913,0.5282964850060624,0.4279233318418883,0.6615324275458752,0.6722887823229042,0.8594858723886052,0.06962379804709407,0.6088424790213895,0.3914104627029328,0.5785759459977277,0.5743056357168222,0.7193719608745162,0.5849351980957574,0.43008346752367127,0.5060378899159106,0.34697591842908804,0.5556930274284276,0.44364198953526973,0.0,0.598071743529213,0.6194607012758304,0.4629103008897926,0.42673613534684085,0.5007855956767573,0.41562246350680576,0.5213839816313951,0.5916762044141279,0.5996779298034857,0.8270574789454002,0.6327795485942469,0.6823895993421539,0.6058188423163015,0.6780941002729687,0.4985215343348258,0.6295494785130915,0.5678736581912127,0.41439826867993407,0.4480792405548629,0.450972763516599,0.6661675134968386,0.519382661740234,0.6108656200959813,0.6148129927403028,0.6444905780427624,0.38929350098080007,0.6599647576899068,0.9686323799209084,0.6617922597947559,0.37865721664142293,0.6368099880385766,0.5733908449372489,0.5800340207129859,0.6232383673805655,0.0,0.4253159597671043,0.7408380025684711,0.5716468471261353,0.5231373784622501,0.46285309493976146,0.5411185308295136,0.0,0.6728809686089672,0.4100457747626983,0.567709638110283,0.597789760658795,0.6617090700219177,0.5559962222684068,0.6684340535985758
0.633977361394781,0.7376355625468034,0.7184090053562696,0.4373719557269716,0.6009846863393886,0.6988325105974711,0.7320180058734671,0.7076679404738768,0.6780544574772855,0.7174511535681632,0.6962211802946217,0.6832369568979133,0.6632775305584001,0.6747467309744382,0.3848185369434559,0.6927248058457147,0.7467003014529553,0.5344134475930498,0.6835815614540639,0.660611026337883,0.46801395862901857,0.7750516684424212,0.635702758165505,0.6200357761073196,0.5383839737594096,0.5850318888973146,0.598071743529213,0.0,0.7503597081830815,0.6110635343891164,0.6479787782626969,0.7847025372178849,0.9264862017962849,0.5063810857051481,0.20660796149193578,0.6032798924259807,0.5136870783889871,0.8028050496867261,0.7401181131920791,0.14127008613225597,0.4855005103044857,0.3434105419193322,0.411158388754744,0.3738164919597359,0.666223803238019,0.6142287116837241,0.7551202576909868,0.6510415728347921,0.0,0.38119137395089525,0.7316107274824113,0.7634778496592887,0.4664230839973801,0.7093489775683942,0.8691751453232568,0.5122693033709402,0.77186776835597,0.7449513906270259,0.3633498494318753,0.5271317662565292,0.7064286453079094,0.17970366458935397,0.785274359315278,0.8302156990855929,0.5600971062752543,0.594946320479725,0.6331985433441035,0.692723310980041,0.5671280970557699,0.7878447317212451,0.5603559799506364,0.6613518702869552,0.7148964165556733,0.6378213211927333,0.6531958574098382,0.7049265251340708
0.5632798726322805,0.5192136710634714,0.9479848542658533,1.0099131445014153,1.0798731254193985,0.5221493060439655,0.6754514414694577,0.613172770396633,0.5272203602983525,0.7516918171637805,0.38556934671999377,0.7122951526988415,0.7155955542671426,0.40804153583479263,0.5698599829870614,0.7135557936312038,0.38189231459179296,0.5870490058879392,0.5724421893872,0.5971704332700994,0.6066970090649517,0.6327634792375623,0.663380543854653,0.3244809896839293,0.5831006741887323,0.6503984061015917,0.6194607012758304,0.7503597081830815,0.0,0.5771695126482013,0.7422698947014925,0.4993954085856913,0.6928424683844465,0.8276102029414263,0.8532202332288181,0.8988544731527757,0.7859435160222783,0.8769362754202941,0.6470935403176499,0.6190249242668614,0.6523458935842689,0.5963054456193442,0.5893898889170877,0.7364428280592792,0.6169365749232202,0.43636736913385676,0.6221596214312285,0.5601458847015508,0.5271141246821489,0.4522490833049294,0.7207357224494193,0.7123220089486935,0.48520193895584646,0.2670067370175644,0.9418981680228736,0.43756797005125014,0.5807772801094369,0.6873397398761563,0.7654056216406794,0.5716184804355273,0.7980264947399249,0.4823789442095384,0.6775919406504232,0.5346540239523421,0.5390943970442984,0.589723665967542,0.5433566667754605,0.6918617548500292,0.4878723419014229,0.7725343118679997,0.6413778196210862,0.6451137835458713,0.6423457092730649,0.6504899542543969,0.6600604409767853,0.656535310284395
0.683967713980431,0.45881234106006136,0.6919938298558945,0.4752560904057481,0.4174244192081634,0.5746304234092494,0.42398777508120905,0.7130714662920005,0.6938500960353013,0.7330483755965006,0.5153659363531874,0.3387674239186358,0.610589947855019,0.8044143495110253,0.4653097552162445,0.2696093601772327,0.462608237779489,0.37360522742572144,0.6756447851340592,0.45147199928308557,0.48426622719309564,0.34273120458772566,0.6170297720061847,0.8685322763967096,0.44152462434253587,0.1589699549958296,0.4629103008897926,0.6110635343891164,0.5771695126482013,0.0,0.7438450797452527,0.6589174073671531,0.6780544985958734,1.0175481199347582,0.8922664998073675,0.8613555396827758,0.8401461823710519,0.5306591819007684,0.398189240978125,0.4586806777365918,0.5226443293449061,0.7176134035730777,0.6129032894934392,0.06917810100115529,0.0,0.0,0.0,0.20424284926085487,0.0,0.0,0.7294642350599496,0.5406932553526425,0.4154813553844738,0.6882667300929328,0.5499557478804091,0.0,0.005520458383404052,0.44471144305886656,0.0,0.4382595046899316,0.0,0.0,0.9648820628123735,1.0014795265981695,0.607918080648542,0.5481989188389742,0.5739004963789958,0.7196689352758812,0.0,0.3614576450290202,0.49043961575233264,0.6636090458268069,0.6801260034666549,0.691561637752126,0.43385894346698156,0.4214033422191513
