0.0,0.07848759880840767,-0.028546249441149973,0.0,0.0892369318749546,0.23028901363916554,0.31066367608998685,0.4368279821725248,0.1761721615300245,0.44557456280392027,0.46945775745210466,0.09190830619898072,0.19568579106249953,0.551378548733336,0.069455023049172,0.17946844770054055,0.37639396229029254,-0.07592944540362889,0.0,0.2465124166422774,0.2812721120456764,-0.07180174205345075,0.16410053242383232,0.23976298460655987,-0.12311679856622132,0.054189573135780544,0.14302495486838385,0.04524818247876647,0.17655803081975885,0.6891726889685834,0.07877351194622734,0.4645618883483734,-0.040524076402564446,0.03482637575465328,0.2872801577712082,0.6873557166372064,0.49489469034547573,0.5063212896027536,0.039770404095639644,0.16446782713542546,0.10584632603994504,0.21293771106704337,0.5055062884367939,0.0,0.4197877953420404,0.2594237525154701,0.05629482568835581,0.0,0.0,0.0,0.4982379683622545,0.0,0.5786241145624841,0.0,0.46275777787903605,0.0,0.5729421966082033,0.7296395951021604,0.0,0.5821762717966932,0.09498958518165446,0.27392723538049923,0.09118929229962108,0.0,0.46779561797616026,0.47187164490259714,0.004223812457793907,0.6255795435123259,0.034122615612369844,0.08669262841738795,0.017087149480139396,0.43786590682865495,0.4031765314643709,0.5319940010125445,0.0,0.14537975510100193
0.07848759880840767,0.0,0.52842474198941,0.32281558175807656,0.1797818481935845,0.18796478450607007,0.1482675129216111,0.6055726431075136,0.24395283728659764,-0.054960089495271924,0.3124471306353548,-0.10244239474903077,0.1776575220193244,0.542854301515451,0.1747708981678704,0.1573035140834877,0.5864782225195948,0.09605960065954255,0.6104090368619421,0.11989756078691449,0.06722247829940253,0.4122356956229394,0.33397995695964955,0.40595892872746464,0.15651091421593408,0.16077125272036485,0.18349186426626635,0.13079388136543915,0.04994378588809015,0.4533684939562154,0.23927188795458132,0.30337942047591215,0.003674794790699043,0.23959233322040438,0.3845728417234693,0.4912237491838214,0.22661803169381972,0.0,-0.007150326512435523,0.16040388911789705,0.05310235682391823,0.07521525718044497,0.6731700323184515,0.0,0.0,0.03611586804180078,0.003828413185470947,0.04231338326091878,0.0,0.0,0.16381892911847223,0.6555753455724764,0.5592154071576265,0.5931117551368807,0.5704734344110456,0.0,0.4133825708510063,0.2729250269165393,0.0,0.02773314431831425,0.051734638428110324,0.6499469532734106,0.17207779854897917,0.0,0.042553201573142796,0.13750077341397934,-0.027543609753401366,0.18589062174120816,0.42999394585422657,0.07553139466569103,-0.024560011506635893,0.20865695443312782,0.14926667095922558,0.09467855711762307,0.0,0.05608412168294846
-0.028546249441149973,0.52842474198941,0.0,0.09832216364297233,0.11246779803927723,0.12498565265441064,0.16589970194736042,-0.03368564539606128,0.18464655330297108,0.005599973943847536,0.468185000209966,0.07200561750719697,0.12270650551178763,0.5008639945097837,0.3258756283397787,0.40123826611803615,-0.15151304411660477,0.503594299135356,0.331084236697762,0.37339428340025266,0.08176497026612486,0.5834844350940074,0.17153728907954444,-0.12043583099961747,0.19775223218469712,0.13072511847356566,0.32777500936040155,0.08445481762105045,0.5194540608892355,-0.07505814033842645,0.11393604508049598,0.15316410694228186,0.11966476015083943,0.11445729447320091,0.03342631042939276,0.14554731290867107,0.08875342198263453,0.014861951615149971,0.16195777974416425,0.4694982547853172,0.23864500502894143,0.5404187178291571,0.6597417054076535,0.6201263160177506,0.0,0.0,0.20763526002822347,0.22312438447745553,0.5063320220369179,0.17747827544180483,0.005889130639277984,0.07389474328963364,0.15458948981811305,0.27374256994626217,0.40747626335941456,0.5953634187018959,0.5207006742805836,0.1758732588459171,0.6109169296977978,0.2832840514183178,0.0,0.0,0.0,0.44621358481865303,0.6803567039165523,0.47892086281377066,0.12586963938838125,0.17364582263278952,0.0,0.6670774419756769,0.35838277003606533,0.08098800709157705,0.21898475852194196,0.17514384849367906,0.7337037174145793,0.01825901656092732
0.0,0.32281558175807656,0.09832216364297233,0.0,0.17150142759862502,0.06335920555547914,0.38327886357966057,0.164887674488215,0.12179355546716283,0.25978439741448145,0.01991273584351244,-0.026633671964039873,0.13802700742237317,0.5007608313366516,0.527226382195338,0.06985296496889845,0.594048129242554,0.5059321418788671,0.08217236852600857,0.5206412742297433,0.4319331674071742,0.4519947736498458,0.04319891268070636,0.26270140996761143,0.9268183206286436,0.6321131029420517,0.2974502095458637,-0.0022209936084638393,0.4569880235728032,0.4795047761741564,0.4932024138143347,0.11545921249367758,0.19651881445440403,0.30815287582613876,0.41017446095993304,0.1768709089005066,0.069606809170764,0.3063260292994294,0.15003146461150405,0.31442354552940677,0.3720950692296314,0.29745584526831714,0.23713224186783702,0.2397346512617185,0.0,0.0,0.0,0.4392496516671567,0.0,0.0,0.5793537528050692,0.0,0.4802118101514501,0.020742941965070958,0.0,0.18598276524226415,0.5295294584661354,0.4992109719961718,0.0,0.0,0.0,0.0,0.0,0.0,0.0,0.0,0.5112671630321377,0.6325074278088021,0.0,0.0,0.0,0.5131029195439796,0.4862508740976015,0.6195489022534968,0.0,0.0
0.0892369318749546,0.1797818481935845,0.11246779803927723,0.17150142759862502,0.0,0.14115690419142116,0.20231442649097026,0.32235779856025637,0.1895884779697346,0.19777267208482077,0.2397794376610764,0.15296971074268678,0.1592820642687802,0.2919304839949595,-0.07054851978984589,0.05723357165243037,-0.1815977770728015,0.43804677609459086,0.16040130313831993,0.20480109057983897,0.19116548504290515,0.11383574190343893,0.04416947348590644,0.06354658434744825,0.07423345027153377,0.0944338187817256,0.1873087967460483,0.10114815375907943,0.2156078500336779,0.41057130299311906,-0.020763416439525006,0.3920384558424235,0.08425750870889698,0.10287679134115646,0.169823404803055,0.3195708503275495,0.23552152023850928,0.04399645564747365,0.3497410076447005,0.69563224706785,0.5752719695172864,0.43613242224777116,0.5303611620396056,0.6765730107818861,0.2689149860617088,0.0,0.3956331145487906,0.18326288654990927,0.0,0.5858555167922117,0.1604616147531857,0.6460845917056455,0.569871307775574,0.5570800732351661,0.0,0.5392827069899078,0.3826407655362374,0.38426687745506083,0.5662400186252985,0.09418496969247772,0.479743000686503,0.0,0.0,0.6788236215780108,-0.1152777073401301,0.49416257271647823,0.06744187936366494,0.1467960092126156,0.0,0.4703140963425667,0.054420191199683,0.14764596386447096,0.2597372353717585,0.42083504001158234,0.0,0.5403751385550792
0.23028901363916554,0.18796478450607007,0.12498565265441064,0.06335920555547914,0.14115690419142116,0.0,0.23126138183038714,0.04531283568674466,0.21124200001210597,0.05394906551566814,0.14693997337920467,0.07352784053920614,0.325295930456878,0.461189349729907,0.39894662910798095,0.1552964568016729,0.11914638292275725,0.10793235234324106,0.10028217541291351,0.25985154764185225,0.31518303986132223,0.24310414895963,0.09487982862994804,0.012730205353776669,0.13655470440139236,0.38228716958484854,0.2452407699696522,0.23528590347305692,0.29549275329499075,0.14423180775671846,0.09433697162913529,0.19620820716271328,0.18140122905574785,0.11519944843200258,0.21039412554552184,0.43930158504034084,0.06313513979112173,0.028999978589564712,0.3388076550537535,0.2500679223378052,0.25868027186377707,0.39230244689360677,0.14137789917215465,0.5328438140445366,0.20393545332989843,0.5841354820747606,0.054210605935790246,0.12449639233159498,0.5962468454087553,0.4419431163183024,0.1600767690186955,0.15191191928708359,0.33643057766347484,-0.05035490911464319,0.6782112199254664,0.5840323072400638,0.3494535179697443,0.27010572070069655,0.5780764793900621,0.27591528122978454,0.08446105079372362,0.0,0.010234461253857852,0.5118210911352242,0.2370660147775995,0.159103454635128,0.24151870031864967,0.15250201015656484,0.6283895253339125,0.16965266357341272,0.12752821067015774,0.1358116816034512,0.19574578945537857,0.14666279153871228,0.15808324811011493,0.29659986559970486
0.31066367608998685,0.1482675129216111,0.16589970194736042,0.38327886357966057,0.20231442649097026,0.23126138183038714,0.0,0.06460075289069556,0.18268352634377627,0.0487354808327321,0.2206946211671446,-0.007259482933853145,0.2561797205438764,0.2640439356007378,0.07504046330395131,0.07088560418368278,-0.13153831121597348,0.005018064689149004,0.16359012366071102,0.12551439157148772,-0.013969125457852921,0.11751593915807251,-0.00021066596930507941,0.22111048525818586,0.04428632123813514,0.12293023162544064,0.08917122745456313,-0.0014567744761165846,0.1367794150562865,0.44478272960518517,-0.14893985166544077,-0.0013063244890054726,0.008846659406601232,0.08220512879670583,0.17561897228043225,0.4763561260620907,0.4452467314023527,0.14453639245483035,0.42199404473350643,0.44922443728090367,0.3327186622399885,0.5372317605652461,0.6027073664009865,0.8526170731860196,0.3516903851327353,0.0,-0.03206347738717297,0.16514804970003433,0.0,0.5631471364773171,0.14851664964068573,0.6460903708199348,0.520741753052658,0.6224464845195032,0.6096513539157741,0.5126458995722111,0.47494199540409265,0.5083216260328738,0.3583437723895956,-0.04728309229722788,0.622747461255484,0.0,0.5450687700301624,0.6110916141930356,0.6711322018361491,0.5161133761066561,0.06712519187608895,0.1102258317418136,0.5080459256019237,0.054765075672859764,0.0013915928128314103,0.06873581032822212,0.17800083190136373,0.4273861615162138,0.7578898958745017,0.5213437050975067
0.4368279821725248,0.6055726431075136,-0.03368564539606128,0.164887674488215,0.32235779856025637,0.04531283568674466,0.06460075289069556,0.0,-0.07098351358019606,0.5572733275741127,0.14734707689746826,0.6151871711396383,0.07075220936726467,0.6302512042685541,0.44572914789869655,0.6783624310207481,0.42097012307283055,0.6041889535085109,0.011176347510448437,0.46478553150105845,0.3272774874436789,-0.12503402360369031,0.08555481623631989,0.1390117040067819,0.31935347598464847,0.16134202381883478,-0.008215366654377887,-0.05949827542047548,0.09478032574536166,0.015837464358528508,0.17254388658161635,0.5930338892558569,0.045896407217268675,0.2394322011493933,0.21474347674762556,0.2788272851753426,0.501087824237721,0.5730864237178913,0.3231539816079494,0.45779894464965715,0.07238159668679556,0.528420625153598,0.19758242677230076,0.43359006414175705,0.0,0.5944809701366538,0.3595770028106907,0.11882435092788016,0.0,0.6103580097247,0.06649672422477343,0.6457396420761665,0.02096388186368897,0.6313066441821211,0.879540767781881,0.22211088731674267,0.9415302142270623,0.579554892667473,0.5172649510261186,0.6163464030334085,0.3948500858252971,0.0,0.6994369629296098,0.6878707115304197,0.6476410921661557,0.6235463298501247,0.4849338640415994,0.2719316577519022,0.0,0.47646360378598307,0.3786798500132145,0.21819080154889753,0.19024689891488117,0.1096888449230935,0.4683897488609565,0.01995297797311435
0.1761721615300245,0.24395283728659764,0.18464655330297108,0.12179355546716283,0.1895884779697346,0.21124200001210597,0.18268352634377627,-0.07098351358019606,0.0,0.09486320035483542,0.21344306680021916,0.09073630560051837,0.13315846461761183,-0.15377003360186914,0.2641870225618634,0.1965103433587564,-0.11571923461343137,0.137882720934506,0.16727862410904532,0.27941694393974426,0.129571293659128,0.26276431280821244,0.10504416824680418,0.02587765013705029,0.1616803583612373,0.2418852314495112,0.3204812040596936,0.16730519780406508,0.3103522549353752,0.17782603230682245,0.1695426406164529,0.2713421554761821,0.18230464468312574,0.14765354933262365,0.17905826750878875,0.22958093335825108,0.1549179139222915,0.10555858105325072,0.10910480301981035,0.5237533383362207,0.3543152244621782,0.1574820486941294,-0.06254504889057688,0.09734769003248844,0.2827180516705873,0.0,-0.1307049018041172,-0.14550572641777693,0.4881187463434925,0.6263901127049529,-0.03825662226848692,0.17097423201580098,0.601905985873093,0.5861453285403713,0.22296277338274798,0.6216121540434063,0.489125106230466,0.16103401335272938,0.5930668820044451,-0.11772934961225057,0.631150327151924,0.0,0.0,0.5965581399497775,0.6409133559451536,0.7382674682806218,0.29112821701226155,0.09409831738553637,0.3415179243508351,0.545925062737812,0.10188205687882512,0.028374570480496963,0.15703483608904806,0.08496272719730563,0.4850932456983526,0.21231338071158257
0.44557456280392027,-0.054960089495271924,0.005599973943847536,0.25978439741448145,0.19777267208482077,0.05394906551566814,0.0487354808327321,0.5572733275741127,0.09486320035483542,0.0,0.09483267059485392,0.10295544631562831,-0.03301628265449785,0.6326532062240187,0.4365493284095862,-0.0002592525363402931,0.13766630048962364,-0.10695477447752605,-0.041780203078410405,0.2966465863957263,0.6354859402605362,-0.08469937847202763,0.0817475952714492,-0.055438321186850326,0.1614453572159107,0.19859275403427756,0.01310668276062349,0.07669927731399034,-0.09476991893594708,0.43100223030072854,0.26093797165221055,0.21804162816304481,-0.007770978107975224,0.24294706822041545,0.24880530699122413,0.29641091878597847,0.2841550564434523,0.18292713513417774,0.2972909547544982,0.23826812116145496,0.10297811648410032,0.4405115086603253,-0.1374468941805601,0.3399344608218541,0.47499262056185887,0.00408019716151059,0.47064964476760573,0.17923425433573853,0.4924457379144578,0.4660919288079204,0.5142207875480818,0.45558097123827956,0.60455951780111,0.23827638660759876,0.08542470140032518,0.45718514032481394,0.061613490708090024,0.6061536800472815,0.0,0.9572941594076416,-0.14691930362636635,0.13856353037960417,0.016065845160038006,0.47845897688275574,0.5060666181591249,0.582610309891946,0.33215621597303246,0.5722227748095492,0.04920646705077536,0.04787851564394713,0.0078303223476201,0.5841782352045929,0.5590092219337955,0.45032998350073283,0.0,0.3231244444114158
0.46945775745210466,0.3124471306353548,0.468185000209966,0.01991273584351244,0.2397794376610764,0.14693997337920467,0.2206946211671446,0.14734707689746826,0.21344306680021916,0.09483267059485392,0.0,0.02061627111797909,0.10105324236866281,0.4782225572809832,0.0,0.5253093785907307,-0.09386016390326757,-0.14358139257507763,0.3504649693396916,0.47915730371613635,0.5579944857979167,0.3885966183472091,0.15972616698716235,0.05091609980626227,0.004870159701938326,0.12759738637280083,0.20092522572116583,0.013773708963407627,0.38184104818179226,0.5156210388923445,0.0553673361075846,0.3317952026099967,-0.07433705918210332,0.07972172553140094,0.05994270055251111,0.24317308241916286,0.24489546143623597,0.04079679352232546,-0.010932831174018554,0.47230468562845945,0.5190165877256347,-0.036508071172292544,0.1850586171234641,-0.13714440390400306,0.19172694317466785,0.0,0.0,0.2801611465664577,0.4688708326225844,0.46412795814514085,0.5416653774921837,0.02581058046556578,0.6041726878012998,0.08066084266727255,0.49610595860291357,0.3859588530351737,0.4096787452186159,0.0637654278938718,0.5863114959338871,0.0,0.0,0.0,0.0,0.29093707496605253,0.38271753551759474,0.0,0.7303515667694787,0.18140688665724203,0.0,0.0,0.9325244308755027,0.026613053460213365,0.09470916347495045,0.40662073036214796,0.0,0.5444790633541192
0.09190830619898072,-0.10244239474903077,0.07200561750719697,-0.026633671964039873,0.15296971074268678,0.07352784053920614,-0.007259482933853145,0.6151871711396383,0.09073630560051837,0.10295544631562831,0.02061627111797909,0.0,-0.0007033416064141096,0.6736227575913976,0.3888127203631353,-0.19623299309703607,0.14132568351496794,-0.00628039610443315,0.022659172647961356,0.21283576750280786,0.5881840913959188,0.4681753011999418,-0.033968698110806606,0.07228973875643671,-0.13474698158462628,0.14406291979325325,0.11717835139139937,0.09745672599100438,0.611407869335922,0.33944636861104427,0.12797061468834503,0.1805915627602737,0.15552933073187122,0.24117358561829705,0.2526555159469528,0.05857379668075691,-0.004062957544711726,0.05726503583650508,0.971042714803107,0.38425795001649776,0.3770739853417327,0.32426841413162977,-0.14762614574391503,0.49433990100733405,0.2885675035336613,0.24649385817002828,0.5907459428823993,0.2749354024547709,0.20012143372393537,0.2712710638028909,0.33529139745540726,0.5213835011862588,0.24214814371156135,0.42983157399528504,0.15130857847368606,0.2667333774391841,0.24067464022996032,0.5864776294702814,0.7024434552128856,0.6856702927822124,0.5419002265744681,0.16553988845396017,0.07682765521380286,0.3466777651720093,0.8004063669794353,0.8015956926337446,0.4411832156196466,0.5369763212900655,0.07709068810244804,0.08514714941590296,0.03701813641710511,0.3966510100576769,0.7058807212325364,0.5108048536653182,0.0,0.48088034721030704
0.19568579106249953,0.1776575220193244,0.12270650551178763,0.13802700742237317,0.1592820642687802,0.325295930456878,0.2561797205438764,0.07075220936726467,0.13315846461761183,-0.03301628265449785,0.10105324236866281,-0.0007033416064141096,0.0,0.1922158590094868,0.24839251286889763,0.1624755078783886,-0.1182837137817192,0.08222950489993533,0.15015147367303405,0.20273473108003454,0.1273239975384393,0.16469841697545495,0.007997836836939498,-0.0019106386715660728,0.035773813523691744,0.06213804336993489,0.09231143560097638,0.13460977844234326,0.1493950968039983,-0.007453734102863097,-0.08267414609016183,-0.15063298095445676,0.03424714373704646,0.10409427175561792,0.18220361714280026,-0.07949743039514623,-0.034883928331806646,-0.04644870792540967,0.24985240646604134,0.4613297817537261,0.4439490654601867,0.5068887604720088,0.5795985104229489,0.37886848338120027,0.444046354343658,0.5774228021404145,0.08410042293392678,0.30276165488513207,0.0,0.6796486873936564,0.13568637617733992,0.6091564074999436,0.5432676633270281,0.6711430356310086,0.5673725923976947,0.5335530882374374,0.5258397266973258,0.4011580982002253,0.4518678458619536,0.17742478695164815,-0.040527984026087704,0.4230025293859609,0.015342142553573301,0.6556648595951777,0.5532152400261874,0.5905040333807554,0.10358956959203705,0.17319901400637244,0.5090392842754652,-0.01742813574587665,-0.03648384366631274,0.17404934051106147,0.3563517078751404,0.18144810459705796,0.5481850175328473,0.29174900560152633
0.551378548733336,0.542854301515451,0.5008639945097837,0.5007608313366516,0.2919304839949595,0.461189349729907,0.2640439356007378,0.6302512042685541,-0.15377003360186914,0.6326532062240187,0.4782225572809832,0.6736227575913976,0.1922158590094868,0.0,0.5461095340137079,0.6312444442173114,0.4782994173195033,0.502013931699715,0.05464857981266691,0.41701410873123324,0.4992110800777363,0.28268945509441534,0.48945406564730165,0.7230539709467936,0.5182891313466951,0.5070167474592329,0.5429494246488231,-0.0035436965429495593,0.40395235706051735,0.8074338430724008,0.5448835738147956,0.12481298098121849,0.2357567308445458,0.6859712068230146,0.41661771161645844,0.2200364718041274,0.21581989356388603,0.40772223695231014,0.7165184397882518,0.0,0.7160716017370174,0.8379536960800839,0.24011377044625204,0.5058726697909316,0.0,0.0,0.0,0.47259889699986035,0.0,0.5472205922423606,-0.12213833899991822,0.4677606176379873,0.5916953584271134,0.42552429477760967,0.0,0.35456402678548893,0.3962991650290934,0.7014530860518162,0.4869089076082014,0.0,0.0,0.0,0.0,0.5059394992223645,0.0,0.0,0.0,0.2130701755596466,0.0,0.0,0.0,0.0430666703433063,0.7213414945759882,0.0,0.0,0.0
0.069455023049172,0.1747708981678704,0.3258756283397787,0.527226382195338,-0.07054851978984589,0.39894662910798095,0.07504046330395131,0.44572914789869655,0.2641870225618634,0.4365493284095862,0.0,0.3888127203631353,0.24839251286889763,0.5461095340137079,0.0,0.16630505799324383,0.3515892499512045,-0.07724539954851661,0.0,0.22331582749554085,0.023828279747383274,0.4568587403500204,0.18258409631454392,0.08315230001394514,-0.04044955321053778,0.25648700061711255,0.11519560783817673,0.05847454571667149,0.17043187404605092,-0.1804810408088413,0.17271555742130934,0.2844643444947037,0.04149618149165246,0.28211367899056217,0.3737485349361326,0.5233545702807052,0.45099147864619177,0.3644967822416666,0.13683380014007307,0.11891268259015189,0.19425007818598825,0.19263780546884024,0.49415110691038844,0.6009377954761768,0.0,0.5985974237401328,0.15230816327689645,0.4759142242749473,0.0,0.0,0.27857506830531376,0.728820558840654,0.19199928996233534,0.5461004420393857,0.0,0.0,0.7088194644931107,0.6078515763771657,0.4813570222117304,0.4472497229871465,0.19510052460616029,0.6663982559652044,0.30852621143694403,0.0,0.5601523943895728,0.2855897019570287,0.47003462094426257,0.4399516271647783,0.4896468637704803,0.1539653595360682,0.2908987080995662,0.381019930293234,0.16305299049561311,0.14332399412268954,0.5595161246687593,0.12360450479497848
0.17946844770054055,0.1573035140834877,0.40123826611803615,0.06985296496889845,0.05723357165243037,0.1552964568016729,0.07088560418368278,0.6783624310207481,0.1965103433587564,-0.0002592525363402931,0.5253093785907307,-0.19623299309703607,0.1624755078783886,0.6312444442173114,0.16630505799324383,0.0,0.12135259232009168,0.3893909303060774,0.4601816346469263,0.10155615543500154,0.09367436238005439,0.04441492350029702,0.27634677600545904,-0.013460781995196847,0.15800642831517753,0.1431966504081747,0.23157352991980967,0.07732264357008775,-0.0073281058614942385,0.181097983131302,0.2634106335105486,0.24346522733184597,0.20176777428857257,0.1858274531146559,0.5669664980959512,0.6685988848953522,0.38851621776815887,0.5990322759754555,0.25599114986663174,0.20032268068334405,0.18679202426567948,0.306033123839067,0.5067196895154727,0.0,0.0,0.0005283656738033216,0.2200736666497261,0.0,0.0,0.0,0.19227105950485998,0.605490629551621,0.819737067551706,0.0,0.5732023570425533,0.0,0.45548732676224074,0.6106480404843089,0.0,0.24137705450099214,0.235944491866252,-0.07439187108343742,0.1805351172260841,0.0,0.07875035512658038,0.13359688822527627,0.09689590967376974,0.22135399646744727,0.41944262225506,0.2626155797050726,0.1864737330590075,0.28745987198095235,0.004506194740525327,0.06352244433021775,0.0,0.05478684545389806
0.37639396229029254,0.5864782225195948,-0.15151304411660477,0.594048129242554,-0.1815977770728015,0.11914638292275725,-0.13153831121597348,0.42097012307283055,-0.11571923461343137,0.13766630048962364,-0.09386016390326757,0.14132568351496794,-0.1182837137817192,0.4782994173195033,0.3515892499512045,0.12135259232009168,0.0,0.14488800218524656,-0.18551729833813807,0.07032007645757105,0.5751292737822917,0.020420590186461585,0.5187729403547727,0.09315181904117176,-0.11559453174338963,-0.08104571567344282,0.17990012134995567,0.27381010956837565,-0.08679346857910897,0.4529924644761637,-0.04015120395478222,-0.09220786123013208,-0.12372589093263586,0.060215805287007484,-0.009762285031662321,0.6202026093129936,0.2694600345326146,0.15838314560736977,0.3627676965756844,0.04243011056400681,-0.010647916398964341,0.5569904086155124,0.0,0.0,0.47646971802360094,0.6786455046859245,0.5297687966456458,0.0,0.0,0.0,0.0,0.0,0.0,0.0,-0.013684278266394234,0.0,-0.011139497926607567,0.3115541189019835,0.0,0.7636532508218588,0.4144016732598194,0.03637415958737078,-0.03207907145436756,0.0,0.0,0.0,0.5644591388019129,0.0,-0.00031852917000468883,0.06302202682720764,-0.009645170524697155,0.0,0.3196467905621846,0.48466489998628537,0.0,-0.07329158955878523
-0.07592944540362889,0.09605960065954255,0.503594299135356,0.5059321418788671,0.43804677609459086,0.10793235234324106,0.005018064689149004,0.6041889535085109,0.137882720934506,-0.10695477447752605,-0.14358139257507763,-0.00628039610443315,0.08222950489993533,0.502013931699715,-0.07724539954851661,0.3893909303060774,0.14488800218524656,0.0,-0.07570349866733816,0.051697053555276706,0.11522710808568148,-0.008246492690606011,0.14182935191399737,-0.06128726562290937,-0.029856721273823994,-0.05026716924446589,0.19264596071490447,-0.02922175944869687,0.03238140250371885,-0.1763197265203622,-0.075176620306385,-0.03332892792818132,-0.1410649130897363,0.011684008996985906,0.15366409068375242,0.5969345433241282,0.2642632479716175,0.3760933191959117,0.2441703298973842,0.1649437575577654,0.05388856777720685,0.15109269510190293,0.0,0.0,0.5474429077652161,0.0544104884223412,0.25850006420282956,0.0,0.0,0.0,0.47862062253941967,0.5828843878282828,0.8643737388234234,0.0,0.032785615921608724,0.0,-0.09216644464105761,0.5394710248624071,0.0,0.6169713414552476,0.15567584301106102,0.08393228063918917,0.04009614690677343,0.0,-0.051958114093089314,0.6429598863963344,0.10679539832109,0.74129105616452,0.02950052029744543,0.03984148466454973,0.0012038409445896403,0.4654495927490289,0.13433435476944372,0.04086337057816197,0.0,0.11140931576626728
0.0,0.6104090368619421,0.331084236697762,0.08217236852600857,0.16040130313831993,0.10028217541291351,0.16359012366071102,0.011176347510448437,0.16727862410904532,-0.041780203078410405,0.3504649693396916,0.022659172647961356,0.15015147367303405,0.05464857981266691,0.0,0.4601816346469263,-0.18551729833813807,-0.07570349866733816,0.0,0.5227892946396413,0.4619466967657685,0.6574179544358467,0.1626450136964442,-0.04277783345431352,-0.07787550461802256,-0.2261373967353733,0.23941535628301533,0.10698667242200466,0.5694768064765389,0.6129820738455646,0.10095941041265205,0.25634461126155256,-0.05046016442310203,0.11616095562923454,0.052364973294728334,0.1495017497044177,0.047414856725461196,0.00922908190542232,-0.08556423831217669,0.3830130038282707,0.4484604984741149,0.08142729727331233,0.6817817761194469,0.001274973816170366,0.4136748622303571,0.0,0.0,0.0406675846209984,0.0,0.49629270224641375,0.555157167901575,0.5925017913750081,0.6103526195801952,0.6650917021965184,0.9116057612975037,0.642229049172772,0.5558847681561541,0.5033421597886677,0.43517301259890295,0.0,0.0,0.0,0.0,0.7313022563249898,0.47113524981347726,0.0,0.4791844981124959,0.01029401129879104,0.0,0.0,0.0,-0.05832179581687269,0.588296815176945,0.45335020221969113,0.4951925673767396,0.5889154170799873
0.2465124166422774,0.11989756078691449,0.37339428340025266,0.5206412742297433,0.20480109057983897,0.25985154764185225,0.12551439157148772,0.46478553150105845,0.27941694393974426,0.2966465863957263,0.47915730371613635,0.21283576750280786,0.20273473108003454,0.41701410873123324,0.22331582749554085,0.10155615543500154,0.07032007645757105,0.051697053555276706,0.5227892946396413,0.0,-0.13236442182498437,0.4089250881352442,-0.035528927921513215,0.35576070218594336,-0.07704116726108173,0.1154399821595663,0.20597805130406663,0.09666717609015102,0.2316159234425061,0.45128766917994984,0.4074356955424663,0.3719819998498223,0.09340273356705858,0.3875510138275686,0.5231002302384673,0.6172607409897971,0.27807575766864207,0.7160359531002513,0.2633974696198284,0.19607016128595828,0.36580657119503057,0.2719604614861731,0.5659016541134305,0.2977984495091469,0.211571252267155,0.540030240747659,0.042062505593492394,0.47701968558707886,0.0,0.0,0.22286116902107886,0.619296757728472,0.38234201822233405,0.4013988740138869,0.9917401679903626,0.0,0.6090324484063132,0.31222272113544225,0.0,0.3131342141245449,0.14380484591623743,0.5058111405234216,0.061758917098614086,0.0,0.27673599417746697,0.23921671886840346,0.3661954311290186,0.19299453557054147,0.0,0.058736305124645616,0.25956795574193625,0.23933959959464138,0.21197423501193255,0.2694446293410696,0.1876545651088184,0.3091942408674743
0.2812721120456764,0.06722247829940253,0.08176497026612486,0.4319331674071742,0.19116548504290515,0.31518303986132223,-0.013969125457852921,0.3272774874436789,0.129571293659128,0.6354859402605362,0.5579944857979167,0.5881840913959188,0.1273239975384393,0.4992110800777363,0.023828279747383274,0.09367436238005439,0.5751292737822917,0.11522710808568148,0.4619466967657685,-0.13236442182498437,0.0,0.029528985742929892,0.09977547761446431,0.20277303692247134,0.016056628671712425,0.14330849751338334,0.06220778377786168,-0.013003629161128516,0.10176694826043481,0.4777875778035102,0.004508436346481293,0.23151562024365457,-0.1305739293406591,0.21113446448204248,0.40033522801165244,0.5481879195991153,0.3602727423107567,0.5934871075466858,0.1875173580559861,0.07334778325532032,0.09103987431172209,0.08694161822113336,0.5682630129219337,0.0,0.0,0.43375271755192685,0.009189311860048732,0.6732598296681427,0.0,0.0,0.5552060919919471,0.47337759149192693,0.5962304504623107,0.5575610255572675,0.6315612792532594,0.0,0.7860710216555391,0.5840306662444275,0.0,0.32717609675275594,-0.007451607130580129,0.0,0.555026539324365,0.0,0.21065091452853474,0.600927474058244,0.0909567926642394,0.299660317066465,0.7990593590946757,0.020585486679154552,0.2536003160493937,0.32363386209779993,0.5419996305763732,0.32177940455002385,0.4309893745302856,0.135515759666706
-0.07180174205345075,0.4122356956229394,0.5834844350940074,0.4519947736498458,0.11383574190343893,0.24310414895963,0.11751593915807251,-0.12503402360369031,0.26276431280821244,-0.08469937847202763,0.3885966183472091,0.4681753011999418,0.16469841697545495,0.28268945509441534,0.4568587403500204,0.04441492350029702,0.020420590186461585,-0.008246492690606011,0.6574179544358467,0.4089250881352442,0.029528985742929892,0.0,0.4166520656682528,-0.11281715499831352,0.1503766493402207,0.3339731860239286,0.3514219747427757,0.2040135950413669,0.0879466151497339,0.11534992023291957,0.36703465007698477,0.5627897242334267,0.3746111315932341,0.6038368853773423,0.6870274267029359,0.6157996373773826,0.6204032145774472,0.7162992866542154,0.2277567758583408,0.26289988907869166,0.21187509190420106,0.26926008075208846,0.5094631617948786,0.3735209170583017,0.23894848999039642,0.1778034748391651,0.05707419213950776,0.5548063090985477,0.4885006572934387,0.2460335012245738,0.3039069657163824,0.440709035715631,0.3003706458649986,0.6190694720016657,0.43703825578033983,0.0,0.5496684492691701,0.35519972609915657,0.0,0.38788739916004267,0.07199098606662896,0.4492050885224219,0.11119670117918953,0.0,0.29339596918116717,0.23982682709149833,0.21333647184752097,0.26997503832310027,0.8021510697314459,0.0440744333461035,0.14763611299042045,0.22270999771498695,0.2105351013162654,0.322952372444238,0.5573420775294481,0.21623250728203305
0.16410053242383232,0.33397995695964955,0.17153728907954444,0.04319891268070636,0.04416947348590644,0.09487982862994804,-0.00021066596930507941,0.08555481623631989,0.10504416824680418,0.0817475952714492,0.15972616698716235,-0.033968698110806606,0.007997836836939498,0.48945406564730165,0.18258409631454392,0.27634677600545904,0.5187729403547727,0.14182935191399737,0.1626450136964442,-0.035528927921513215,0.09977547761446431,0.4166520656682528,0.0,0.10177996344583923,0.1992829359111416,0.11764523833841142,0.06252835630191181,-0.012375249229139629,0.10614828851766273,0.079262589384273,0.08838197106275894,0.13906641301951922,-0.004753756266531017,0.12154120614960973,0.17829126672328716,0.3505542140622636,0.13689363606678828,0.008600408525402142,0.32380931644578637,0.14570220179636992,0.30315738496759426,0.3914877253343615,0.639696451876027,0.6166293700918513,0.5845228666118437,0.5537114535420418,0.1141227731834692,0.3688213378306346,0.47477430425860345,0.23010346363203565,0.2055799381506039,0.2168245405918005,0.42536596018881007,0.1354087247263866,0.610536503570095,0.3471145744008106,0.445714381447206,0.24631734627124646,0.6146894209736563,0.319003747295324,0.32509421833141067,0.5060666181591252,0.2027660364397066,0.7205387772222004,0.2959828137081595,0.3571490861494814,0.3327232310218967,0.45459430686275865,0.22188185726393206,0.17866595186350748,0.3097715734910596,0.17402360666514308,0.18457549580270036,0.19758764084175182,0.19807754887131895,0.29421839250269477
0.23976298460655987,0.40595892872746464,-0.12043583099961747,0.26270140996761143,0.06354658434744825,0.012730205353776669,0.22111048525818586,0.1390117040067819,0.02587765013705029,-0.055438321186850326,0.05091609980626227,0.07228973875643671,-0.0019106386715660728,0.7230539709467936,0.08315230001394514,-0.013460781995196847,0.09315181904117176,-0.06128726562290937,-0.04277783345431352,0.35576070218594336,0.20277303692247134,-0.11281715499831352,0.10177996344583923,0.0,0.1109424638175579,0.06978731983808395,-0.018832917306774527,0.13261969958058795,0.6448758006640263,0.8688268108577022,0.15542506651314197,0.2202812765109914,-0.010211788087739593,0.19936526301365748,0.30230795057445836,0.0400609199394808,0.06325666227083199,0.15225343062880894,0.7754511794076052,0.6814552467105124,0.505727811148106,0.6463875019124172,0.6179948666890074,0.39630786824212266,0.4766065457989941,0.20450974516337425,0.5116371939517466,0.0,0.0,0.5042680789454963,0.5847068384902097,0.31760547821679064,0.0,0.04101176317904743,0.2583786437047765,0.5912022980731197,0.2165544213164852,0.45969455789416047,0.0,0.2202203126512116,0.11607819467702449,0.07373659074994693,0.06780756531956267,0.5163661827899256,0.3522158319406059,0.4498241133030708,0.16611300680879068,0.8373440710984643,0.1564934996751039,0.032454158555442925,-0.00046225849398856544,0.5192385582493227,0.6972125745831936,0.6638595572532477,0.0,0.42629505657143246
-0.12311679856622132,0.15651091421593408,0.19775223218469712,0.9268183206286436,0.07423345027153377,0.13655470440139236,0.04428632123813514,0.31935347598464847,0.1616803583612373,0.1614453572159107,0.004870159701938326,-0.13474698158462628,0.035773813523691744,0.5182891313466951,-0.04044955321053778,0.15800642831517753,-0.11559453174338963,-0.029856721273823994,-0.07787550461802256,-0.07704116726108173,0.016056628671712425,0.1503766493402207,0.1992829359111416,0.1109424638175579,0.0,0.02805720043660756,0.1171275115930801,-0.058994314551511606,-0.059165728625413805,-0.09883450956474707,-0.004025567171218991,0.05120899328815623,-0.061921680487837916,0.01646116316347762,0.0009964410078807662,0.5129433027719794,0.597956148224903,0.1547335617438489,0.17111356239962505,0.18411640537080926,0.038386847673631375,0.17404529398093788,0.11044052633848528,0.0,0.4554263473136285,0.042280280067489406,0.18757752701376892,0.0,0.0,0.0,-0.028169345299880744,0.565842504059239,0.6926353583691285,0.45216735641057737,0.026702121393783362,0.45785380422908395,0.0011333627687846737,0.06402614596478001,0.0,0.1013237467699376,0.1378811362643233,0.06331490290225295,0.07417047474429872,0.0,0.18349718415623215,-0.08359247950620396,0.042501119996523784,0.07397480887202262,-0.07960395031846013,0.04896467324443393,-0.06239515209934088,0.045180563263283124,0.077731461114105,0.043710959761295576,0.0,-0.017064074148246233
0.054189573135780544,0.16077125272036485,0.13072511847356566,0.6321131029420517,0.0944338187817256,0.38228716958484854,0.12293023162544064,0.16134202381883478,0.2418852314495112,0.19859275403427756,0.12759738637280083,0.14406291979325325,0.06213804336993489,0.5070167474592329,0.25648700061711255,0.1431966504081747,-0.08104571567344282,-0.05026716924446589,-0.2261373967353733,0.1154399821595663,0.14330849751338334,0.3339731860239286,0.11764523833841142,0.06978731983808395,0.02805720043660756,0.0,0.27752235203070225,0.09328712679718104,0.03502364262660734,0.18289864806949443,0.043341677186957306,0.20344492156807206,-0.09923803186455027,0.059571130486047175,0.2335555542832558,0.27273987804419575,0.16060127952311778,0.12476176740810979,0.14606757555944289,0.05449796484600794,0.06441622348330273,0.154920161117855,0.3549286168094178,0.5412445651185523,0.4520203446080798,-0.02426739274145362,0.21329791335225007,0.6799139541737856,0.0,-0.0019438591339834424,0.11641332271866872,0.27854640390319785,0.5925045747282258,0.38762711227370655,-0.02312924977776576,0.0,-0.039561235266056094,0.18978145036489,0.0,0.29073974635757865,0.10915907564417904,-0.051949593843882924,-0.08641052446626474,0.0,0.3079427960416752,0.1969893452282579,0.22406305079490696,0.20180202849242926,-0.08002570376847268,-0.08035703990010906,-0.06769053944930176,0.23104050483892008,0.1349819597357917,0.11001404876380799,0.45999949159116316,-0.06965229392263628
0.14302495486838385,0.18349186426626635,0.32777500936040155,0.2974502095458637,0.1873087967460483,0.2452407699696522,0.08917122745456313,-0.008215366654377887,0.3204812040596936,0.01310668276062349,0.20092522572116583,0.11717835139139937,0.09231143560097638,0.5429494246488231,0.11519560783817673,0.23157352991980967,0.17990012134995567,0.19264596071490447,0.23941535628301533,0.20597805130406663,0.06220778377786168,0.3514219747427757,0.06252835630191181,-0.018832917306774527,0.1171275115930801,0.27752235203070225,0.0,0.049750346864023604,0.2187468317714367,0.15447339860876297,0.2358559217375621,0.2751160379078986,0.0823876491163113,0.2699447298512987,0.40756973231511784,0.5357771021455628,0.2288351699355975,0.09956787963775948,0.3018556420547759,0.16986629147795249,0.2843177547295904,0.36835620842866884,0.619633519266886,0.6264714469880104,0.41569969054238437,0.4495440122735892,0.09396081789828156,0.14717466988035494,0.5192135233967143,0.15131193454261094,0.1579322226753223,0.1402292405876379,0.27969010338872546,-0.017174616121851394,0.7051310343966841,0.6402189709776043,0.375921263255914,0.261413433313918,0.715503599107588,0.25332805708830675,0.202815317513867,0.0,0.4991911711886292,0.18417084710641868,0.3105703424509927,0.31279989344164266,0.3245868822103334,0.1370135031110819,0.0,0.15077774390773685,0.17905861674842805,0.14932674571543958,0.18482899048698742,0.1815759051864097,0.11663480705621398,0.28154941894913454
0.04524818247876647,0.13079388136543915,0.08445481762105045,-0.0022209936084638393,0.10114815375907943,0.23528590347305692,-0.0014567744761165846,-0.05949827542047548,0.16730519780406508,0.07669927731399034,0.013773708963407627,0.09745672599100438,0.13460977844234326,-0.0035436965429495593,0.05847454571667149,0.07732264357008775,0.27381010956837565,-0.02922175944869687,0.10698667242200466,0.09666717609015102,-0.013003629161128516,0.2040135950413669,-0.012375249229139629,0.13261969958058795,-0.058994314551511606,0.09328712679718104,0.049750346864023604,0.0,0.15925572933136084,0.22150915843840918,0.1701615146705743,-0.05559223794936563,0.16595960388257447,0.12854180975033852,0.29481833179560646,-0.08875845364735185,-0.04808578226670315,0.22486959117652788,0.45118671865100757,0.29344841601152943,0.6089372200065286,0.35358558014689817,0.5381096177020229,0.3633226479843996,0.6697001675869834,0.6179120868790271,0.09783594824366781,0.20466577706705907,0.0,0.6384933728774056,0.17620976495230212,0.5976233824171713,0.20763105930845396,0.5874636829223319,0.6498854352665583,0.5382756299101521,0.47278984686400394,0.3119317139828154,0.3609952010881588,0.5218690840732676,-0.029487757755074423,0.17718986248844953,0.02851451994482862,0.726193564849668,0.6087319267108617,0.5896911355537751,0.058100839505267204,0.17641120671391194,0.567487907307028,-0.008055433780658483,-0.04029627500186381,0.16623917945911626,0.2238945822150767,0.06279203407436351,0.5381299296797623,0.3104598308630898
0.17655803081975885,0.04994378588809015,0.5194540608892355,0.4569880235728032,0.2156078500336779,0.29549275329499075,0.1367794150562865,0.09478032574536166,0.3103522549353752,-0.09476991893594708,0.38184104818179226,0.611407869335922,0.1493950968039983,0.40395235706051735,0.17043187404605092,-0.0073281058614942385,-0.08679346857910897,0.03238140250371885,0.5694768064765389,0.2316159234425061,0.10176694826043481,0.0879466151497339,0.10614828851766273,0.6448758006640263,-0.059165728625413805,0.03502364262660734,0.2187468317714367,0.15925572933136084,0.0,0.202453107115799,0.09966181202925378,0.24452914813945656,0.261099647222543,-0.049522106598617666,0.13742744543372765,0.3801504893021621,0.44710467729601094,0.5049420036641783,0.1875338801448968,0.0923294938707809,0.25480545830470497,0.3045969323946355,0.4330654851707967,0.5463315322171991,0.6143778890453198,0.43694023584991815,-0.02421194319971337,0.5543193006820483,0.4874480996030585,0.4524742089590712,0.19735861327569937,0.569338268642456,0.3879345855446298,0.5465963669357168,0.6393342986326594,0.43738317213928424,0.5791583177712749,0.2703148803332153,0.7614506037884499,0.1536038410688099,0.03532734134050791,0.4822545022424151,0.06394329066322818,0.534636411056465,0.256954420226739,0.16108650729957158,0.04849445482870429,0.16203989703407395,0.4914946394035482,0.05475558670468156,-0.008918411599959875,0.17890568788375363,0.19717345105990913,0.16798057876949377,0.14005571268944333,0.23892147061569982
