0.0,-0.0740473478889293,-0.04556241292572838,0.0,-0.05208918009374791,-0.04354816923583288,-0.027271081349981074,-0.022067585844070647,-0.043831279336837115,-0.015093068874855953,0.0020461665491580128,-0.05606202872121152,-0.05417063426633012,-0.0007503469916230743,-0.05918216873807591,-0.06300115783129218,-0.0060146340636907936,-0.09063725723404897,0.0,-0.0515422954040472,-0.026248261882046042,-0.07878291660772929,-0.05928273734581002,-0.05329489546873528,-0.092424112324898,-0.08266442877874158,-0.06260207604892104,-0.07820036501067229,-0.05833844994746967,0.004089554091443015,-0.06558523952109968,-0.03303896691589442,-0.08860041101982713,-0.055075900454957416,-0.018632794465537117,0.0006180840531326837,0.00013334772093342995,-0.0071054328347326945,-0.053096274452742176,-0.06104486033801593,-0.05214065535784507,-0.04584003172231832,-4.165897129915219e-05,0.0,-0.0023870619012897887,-0.06908614387885692,-0.08185119036464905,0.0,0.0,0.0,-0.004246648517902685,1.1102230246251565e-16,-0.004076876742723834,0.0,-0.010214077949572242,0.0,-0.004663199218277181,-0.0010011362797902046,0.0,0.0005408134591997071,-0.0748865971661885,-0.003361033766505983,-0.07493067997054692,0.0,-0.00417557887156228,-0.016437887711365173,-0.08435911635034476,-0.0029849881637831754,-0.12035236280964068,-0.09055137683779502,-0.09160847726385984,-0.0034510225578973097,-0.0001474657125233314,-0.005269046186972548,0.0,-0.06766794839276863
-0.0740473478889293,0.0,-0.0013429400477251718,-9.45190551265851e-05,-0.05230832699676974,-0.04763532505235091,-0.05988328660939468,-0.00903354289364161,-0.03266026803482486,-0.07367348768282261,-0.0005242476289475939,-0.0844305847385462,-0.05682525840931563,0.0003589152623622027,-0.05682297771208983,-0.05908897645711492,-0.005321965267514273,-0.07584955731757642,0.0011726636219480113,-0.0571123600322791,-0.07784476018670128,-0.03355210158034405,-0.044519953064212636,-0.0072594273419036015,-0.07112942506860498,-0.06529081302413603,-0.04530076584207743,-0.05511667045880486,-0.06248752935884011,-0.00461298324093018,-0.048540380922341364,-0.02800430117341496,-0.0655813410586828,-0.039250358919930506,-0.01877131539153032,-0.004647618209096205,-0.00021407998482136925,0.0,-0.05981516896621458,-0.06135672659607355,-0.06323397072633147,-0.05444222853173608,0.0015313023580654783,0.0,2.220446049250313e-16,-0.07131765779332278,-0.07742197570690934,-7.442927450113102e-05,0.0,0.0,-0.05094255938609793,0.0020293851332609525,0.0014785156622938445,-0.00022337925161142191,-0.0007679783568445009,0.0,-0.001389230290084531,-0.04029207417406011,0.0,-0.06762281694247918,-0.06736170820428578,0.0006436628654492016,-0.06858932017207464,0.0,-0.06304710765469207,-0.08151420988602515,-0.08054950294597157,-0.05780812985187056,-0.001626436538389009,-0.07887886637073993,-0.08761705554683469,-0.04853234907049697,-0.05626978300936025,-0.061827653649621894,-1.1102230246251565e-16,-0.06683290802186476
-0.04556241292572838,-0.0013429400477251718,0.0,-0.07544678856292814,-0.07176768650646598,-0.06776945496481651,-0.06874695737324815,-0.14545471234045332,-0.04114608498511613,-0.08640581777738288,-0.030166440110280357,-0.08674910847807188,-0.0778256227136579,-0.020212933265159883,-0.002145378988747948,0.0002922576985061043,-0.0860013229857648,-0.0030119775055672537,-0.030474920451473153,-0.001318360502098992,-0.05923648457530356,-0.0012631113273236516,-0.06695239124087854,-0.08682021234666437,-0.05634696097595682,-0.050931603309398,-0.030125403405709905,-0.08659027367130112,-0.012326701577953014,-0.09688452477854947,-0.08743467758876028,-0.07298801640440228,-0.06358137658019736,-0.08726168527729616,-0.08268647110861077,-0.08249561233047759,-0.07997640903113445,-0.07348634768290274,-0.10432830857285152,8.531938976985565e-07,-0.05252527714188737,0.00344877884560596,-0.002974374151560877,0.0014279080941247968,0.0,0.0,-0.0003924586349201009,-0.1314670238103559,-9.356716306418988e-06,-0.07992326403461536,-0.11739312355159598,-0.11052896966278719,-0.11156952716841817,-0.09719367585691102,0.0010617859202253777,-0.022264860616121318,-0.0012501258035679808,-0.08366082893561466,-0.0009185975421371895,-0.0002140997680489809,0.0,0.0,0.0,-0.034336346016578145,8.640561475131703e-05,0.00028689795692482534,-0.0004870160025578496,-0.11282562258930656,0.0,0.00017806772941769689,-0.0015174855687515865,-0.11306653277266415,-0.06482202913913793,-0.07443387259586676,0.0016425209751734782,-0.0752753563711524
0.0,-9.45190551265851e-05,-0.07544678856292814,0.0,-0.06727166019813222,-0.0600712729482657,-0.012980892360474838,-0.0763868545761231,-0.06558980725837249,-0.022176241068644603,-0.0757616425450201,-0.09027440969893269,-0.07062666339112153,0.0011884682100033461,-0.007226372451061669,-0.0006360691844475297,0.0009856398829737878,-4.260757631241452e-05,-0.0844420101153352,-0.011963044932567446,-0.00043893439863162964,-0.017061408252010246,-0.06721904224998604,-0.00012520511832109227,0.000718854450889761,0.0008869669157642868,-0.03663138688139822,-0.11175588444909473,-0.002829004722937345,0.00158473147988053,-0.0050116711479155085,-0.027253445648165064,-0.015822439247314468,-0.004946662794803547,-0.00543221010745093,-0.03473990190105708,-0.04905172224966553,-0.007553574316680023,-0.008219240709226305,0.0006142947753088879,0.0001303276502428452,-0.0013502315925599806,-0.00011138296739904296,-0.001080866156450977,0.0,0.0,0.0,-0.00022719180709468434,0.0,0.0,-8.148466702551094e-06,2.220446049250313e-16,9.751311200278945e-05,-0.0008344403957888935,5.551115123125783e-17,-0.0008375189066370248,-0.00011827574415640418,-0.00017100611871595506,0.0,0.0,0.0,0.0,0.0,0.0,0.0,0.0,8.597723608871899e-05,0.0008863180531841763,0.0,0.0,0.0,0.001467194576926345,0.001226200855849069,-0.00012199572250326529,0.0,0.0
-0.05208918009374791,-0.05230832699676974,-0.07176768650646598,-0.06727166019813222,0.0,-0.05384134056286627,-0.0468413312019097,-0.046421408061457836,-0.04699153167568598,-0.07036623796248576,-0.038009793637417966,-0.07103626658637746,-0.06795500693945106,-0.03245885717229097,-0.03969715236162724,-0.08174270455270627,-0.10023098172624378,-0.004602376926517715,-0.06188368244440984,-0.04819615281205586,-0.04041173329082404,-0.05722726428124847,-0.072502968943644,-0.06563298547654733,-0.06948600007481825,-0.056215553080494585,-0.05161490930343465,-0.0669979911182394,-0.05186361930953659,-0.004219972222101798,-0.08963644070749122,-0.00552774486459473,-0.06950411492781478,-0.06698071965355967,-0.05640082355979764,-0.014132610232360399,-0.03612504085950072,-0.07809400688009577,-0.044491793599140905,0.0008330541288858462,0.0046768667726239666,0.001337429334918705,-0.008949686198150397,0.001057513177962488,-1.1821475582596275e-05,1.1102230246251565e-16,-3.618249497822079e-05,-0.09550941580780159,0.0,0.0030364624063657364,-0.08184544562191126,0.00045704534955604004,0.001577404501205082,-0.005203524202586629,5.551115123125783e-17,0.0017311229467810163,0.0011848406824502278,-0.05235388407631081,-0.007218884271475656,-0.018286307577908723,-2.4003381745740793e-05,0.0,-5.551115123125783e-17,0.00154170017004146,-0.03287853604520169,0.0001208231308716945,-0.023761249416069496,-0.08594383234206177,0.0,2.735442649015596e-05,-0.04671059642602354,-0.0830578162290368,-0.05488573616803005,-0.0030161649325657347,1.1102230246251565e-16,0.001263157030113038
-0.04354816923583288,-0.04763532505235091,-0.06776945496481651,-0.0600712729482657,-0.05384134056286627,0.0,-0.04177244867016727,-0.09646002195965436,-0.05231836587790989,-0.07126812132114407,-0.06036099188315491,-0.06385715428896876,-0.03258469415585774,-0.01304264108708486,-0.03016646140983531,-0.06080338715694805,-0.05845397765387256,-0.06423532652727643,-0.09116494255861318,-0.03472404964389225,-0.04070974872041566,-0.03551489398239416,-0.07318586368396829,-0.062281061908997015,-0.05874598123609914,-0.03664108911233044,-0.05001494713458232,-0.05657783113757836,-0.03405076202828211,-0.057506877195298456,-0.05914317610804115,-0.03947159431583508,-0.05592551565367687,-0.057508170802251124,-0.04841628230495465,-0.0235765305621381,-0.06074432720317208,-0.060744970158935596,-0.04771431806119597,-0.01284260312068003,-0.05688817525825024,-0.024337238896826707,-0.08189736191979557,0.0015753745648047768,-0.001971046641120966,0.001626923553940396,-0.05883526278564527,-0.08990822422284317,-0.00046584474134114817,-0.007478479475355626,-0.0796423658261155,-0.08039530179007903,-0.05714066336364104,-0.12203912088777791,0.004439914769105047,-0.011196328007293421,-0.002516697073382701,-0.06117942524129166,-0.0052557704376210435,-0.04466281515596471,-0.04811809754887314,0.0,-0.04609972823498032,-0.017486514395708586,-0.05315754685154367,-0.05997839319546827,-0.04738290960859598,-0.07664864059950932,0.00013922556297552013,-0.04072133312223425,-0.05658450990338121,-0.07807156866194809,-0.06375410968685091,-0.06530815802223372,-0.05874338146474989,-0.05263002589121707
-0.027271081349981074,-0.05988328660939468,-0.06874695737324815,-0.012980892360474838,-0.0468413312019097,-0.04177244867016727,0.0,-0.07483362441421659,-0.058645885909201945,-0.0643228384718268,-0.058463597808361245,-0.06258895997325176,-0.047774160196741355,-0.03555703239000235,-0.039828050368991286,-0.07481780291475731,-0.09722504378905061,-0.07715989026567732,-0.06989067884366684,-0.055688605636014965,-0.06693615155386468,-0.06795776962814726,-0.08050495019047837,-0.048806495451934884,-0.0747521682200511,-0.07280803694285093,-0.05662730400049465,-0.06592004054106254,-0.05859060276890249,-0.007497690126161527,-0.0890533147145045,-0.06459632276704103,-0.08370280388199652,-0.049157712819493604,-0.03826541398852712,-0.016166264891782023,-0.003972258199054779,-0.0682267315444165,-0.054093259456920784,-0.0009643893612719667,-0.06559524024357183,0.005113667851778914,0.0038498797581489885,0.00643949474274691,-0.0013122677737379962,0.0,-0.06608381860817575,-0.07714979255462834,0.0,0.002483914188824876,-0.08020351687440208,0.0014242355354489034,-0.002790480258378636,-0.006614117955419774,0.0002145208039739388,0.0016052644972160413,0.001002739493533189,-0.0017613524945834236,0.00027766188668670866,-0.04453131361357798,0.0006873572333355726,0.0,7.993693738511665e-05,-0.002135534108165471,0.0010737868889397206,0.001525587750042412,-0.04534197429065778,-0.0808570943880545,0.00013144338189507998,-0.06199327199580712,-0.06315201081170896,-0.08325646076095844,-0.06051483535163732,-0.0033164282417534885,0.00024027541936988417,-0.0002658993569089052
-0.022067585844070647,-0.00903354289364161,-0.14545471234045332,-0.0763868545761231,-0.046421408061457836,-0.09646002195965436,-0.07483362441421659,0.0,-0.1423926636409824,-0.007637352629160765,-0.08747079966021587,-0.003900186532856731,-0.07658678736642405,-0.008046599648139252,-0.015663016083670045,-0.004026809776019602,-0.0007344965743495413,-0.006097457026477793,-0.1465955902927779,-0.003950780104273854,-0.037009910336103014,-0.10434843692221402,-0.08352228250000016,-0.04627236742827001,-0.04631924354571593,-0.06136585133193995,-0.09424824618609295,-0.08212463422567462,-0.06611414247772956,-0.0635734949798814,-0.055859555378650005,0.011162175726030288,-0.09121165239941181,-0.04565053904320121,-0.03768127325981496,-0.03753589048959255,0.01387919063281512,-0.0032550617127850012,-0.04927941951515319,-0.0018211261906281861,-0.06647443468481079,-0.005427091668110062,-0.07071242125254124,-0.0014442827287738935,0.0,-0.0008899529859928701,-0.005016846692719068,-0.10094655442564182,0.0,0.004324947499032783,-0.10435470156284538,-0.0047901547202715555,-0.13922134743731818,-0.0034159741805155353,0.0006264900088264191,-0.08785584760984805,2.6497483106069364e-05,-0.008137095533207572,0.0005152471286469229,-0.012098634799076968,-0.0006534778944884412,0.0,-0.0002982927783328204,-0.011807371920931842,-0.010529185628336712,0.00668041432782257,-0.005631095310427714,-0.07448676551196315,-5.551115123125783e-17,0.00013044807371814793,-0.008791613302056023,-0.07153865236523876,-0.07250571997244426,-0.08592159968514224,0.0023036600016455022,-0.09066954937412491
-0.043831279336837115,-0.03266026803482486,-0.04114608498511613,-0.06558980725837249,-0.04699153167568598,-0.05231836587790989,-0.058645885909201945,-0.1423926636409824,0.0,-0.08233870456237719,-0.0427026903674495,-0.07810618791991647,-0.07222003117760145,-0.14179655676878555,-0.035802344693124544,-0.05568514156306997,-0.07740840277462002,-0.054764162232668945,-0.05021155929004928,-0.03371449167706586,-0.04880566464688535,-0.03526217424833472,-0.08777199642516353,-0.08461207378500857,-0.05605223242808277,-0.053067131891972874,-0.03251999304806652,-0.07446874344896642,-0.03241798065012602,-0.07071910703170015,-0.07882291974696015,-0.057003541168948735,-0.06455618309449135,-0.07796934078688311,-0.06385577075301718,-0.05844315870692063,-0.06740426503855812,-0.07609994158338895,-0.11409662833715944,0.0008818214165092764,-0.015453583886008482,-0.036279488514015246,-0.13479609849236607,-0.07612682326701758,-0.002009784241972623,-5.551115123125783e-17,-0.05881240494285417,-0.1814588028442971,4.495010386296183e-06,-0.004177287258637641,-0.11233584498892646,-0.1034277309683791,-0.00961833768789,-0.008964519139001426,-0.0004256648177051736,-0.00871556636852766,-0.000952602104600464,-0.08664849972012828,-0.004547239678600268,-0.05208674576677336,-0.00012066408688793384,0.0,0.0,-0.012804019446208681,0.00023206994556390637,0.0021151657824820536,-0.022170386438439327,-0.10935757404080171,-7.66073273670842e-05,-7.677985430415424e-05,-0.038881623179270075,-0.11239734657859318,-0.0714735766169513,-0.07834514581778518,0.00032471474956830004,-0.08965525832376903
-0.015093068874855953,-0.07367348768282261,-0.08640581777738288,-0.022176241068644603,-0.07036623796248576,-0.07126812132114407,-0.0643228384718268,-0.007637352629160765,-0.08233870456237719,0.0,-0.0877774537774546,-0.06913878004486856,-0.07828425808578798,0.017762253937786632,-0.00282509798496855,-0.06036220303793277,-0.06831739702273282,-0.08639931329888939,-0.104352195766367,-0.020603874288096624,-0.004025353738121573,-0.06343989149192003,-0.060498470270940186,-0.08486003105882509,-0.10092986489370978,-0.08762839222529395,-0.07171714858791373,-0.07898573788963675,-0.07490394096833136,-0.0009021887446986065,-0.05329194463441378,-0.027462791817743304,-0.08758718461923395,-0.04179888311883889,-0.026440757022286376,-0.04070383897982016,-0.038265692498334114,-0.057847423108806334,-0.04113588807472773,-0.044349921896626676,-0.05812281906011785,0.0016529928668777005,-0.0912861369181337,0.0006897663795852327,-0.006873439890737687,-0.11001405238288348,-0.001210156827710529,-0.00014312064967447746,2.55232916718251e-05,0.00027417917299454864,0.0009098905997029227,-0.0010495418614102636,2.6886956816463137e-05,-0.002281423437903718,-0.09436337821205676,0.0014840624458431484,-0.10098905360509852,-0.0025809931818429055,0.0,0.0010309423687937525,-0.07563412272101266,-0.07259111194181439,-0.0814757321131303,-8.389639721995135e-06,0.00013631044544804016,0.0001592543132600266,-0.0023869157047327616,-0.0011110921780348448,-0.08360555297132616,-0.08145266957473751,-0.09633997791563864,0.0017985528673097329,-9.695662116704362e-05,-0.0014241508329704833,-5.551115123125783e-17,-0.06437813547065174
0.0020461665491580128,-0.0005242476289475939,-0.030166440110280357,-0.0757616425450201,-0.038009793637417966,-0.06036099188315491,-0.058463597808361245,-0.08747079966021587,-0.0427026903674495,-0.0877774537774546,0.0,-0.08542961820680733,-0.07657905921083252,-0.01054177286145963,0.0,0.0001481705442089587,-0.08752609207868584,-0.08497990868582189,-0.02086198822213997,-5.498341046522581e-05,-9.441995607201159e-05,0.0005295258043080953,-0.06483187247274752,-0.08567566059006587,-0.08696399184873294,-0.08155478676207806,-0.059007285700952816,-0.0907420330748383,-0.0047274934134849955,0.0004177690192278538,-0.0957912998640108,-0.028994455611083103,-0.0934784134618788,-0.08773395147735019,-0.08155536151821163,-0.05838583057594193,-0.09344642412902554,-0.09571636148392082,-0.09783060944755084,-0.00011794975625289972,-0.0007969175372997128,-0.07670529013125338,-0.09001400817814936,-0.09514836195813842,-0.0004899598196413946,0.0,1.1102230246251565e-16,-0.13169425985420313,8.704039262119601e-07,-0.003062322033408116,-0.015037825423653506,-0.09507922214052816,-0.0015789066398141927,-0.14217348591034712,0.000499512746242381,-0.02786216185282747,0.0009733287858706974,-0.09148815675429334,-0.0011642900159425373,5.551115123125783e-17,0.0,0.0,0.0,-0.0634259489323305,-0.0005631068084761548,0.0,-5.262530842975455e-05,-0.09300844557048493,5.551115123125783e-17,0.0,0.00012712515104701394,-0.10420840526562658,-0.08049386346080684,-0.001351620214103122,0.0,-0.0009834299519964618
-0.05606202872121152,-0.0844305847385462,-0.08674910847807188,-0.09027440969893269,-0.07103626658637746,-0.06385715428896876,-0.06258895997325176,-0.003900186532856731,-0.07810618791991647,-0.06913878004486856,-0.08542961820680733,0.0,-0.06826697480963678,0.0045172123909063,-0.0003826852593526997,-0.1023564824003862,-0.07223705683206755,-0.10315235015463459,-0.09711455308332811,-0.03164850136510533,-0.003217251428708656,0.0002543486258864136,-0.08683021443392652,-0.06300311673295864,-0.1276552013131344,-0.10129748435345526,-0.0536554395231032,-0.07381416965057708,0.004106409264734323,-0.0009385677163553652,-0.05867804155602213,-0.025962365735931303,-0.05610072420838197,-0.023889277765362205,-0.02796587509460119,-0.07328057141117719,-0.07509379152609813,-0.05172711257946913,0.11476361667776613,-0.025165909118909313,-0.02791370095897111,0.00043016796751094155,-0.10081038748331672,0.001725338679254118,-0.05305325765682928,-0.04396922894735972,0.0015510870537366328,-0.0001394690962258638,-0.0007432103802929579,0.00029071239600014787,-0.0013988958259529838,0.0017835353669190535,-0.0007812261860642433,0.00018074390707800703,-0.08101463892864336,-0.0003754552070818207,-0.0829239012371718,0.0027158657428055233,0.0001424205153526259,8.51662992015223e-05,0.0014688173217418665,-0.06780726402999909,-0.0840218688366205,-0.0007863951250664525,0.0002495684053400171,0.001815527426748731,-0.0008427389474545688,0.0035756791323907078,-0.08618391271917447,-0.08062437104946019,-0.09361448082633028,0.0007798791700210916,0.009678918193129882,0.0016321388333702669,0.0,-0.04748504106738738
-0.05417063426633012,-0.05682525840931563,-0.0778256227136579,-0.07062666339112153,-0.06795500693945106,-0.03258469415585774,-0.047774160196741355,-0.07658678736642405,-0.07222003117760145,-0.07828425808578798,-0.07657905921083252,-0.06826697480963678,0.0,-0.059665457855888115,-0.03918955843431032,-0.06515336194451404,-0.08480230837036179,-0.06614456985806866,-0.07922993132230932,-0.0508854816987474,-0.06356585621702066,-0.059423337496187445,-0.08047058668449825,-0.06581323391244231,-0.07530397669407746,-0.0752060011193707,-0.06141144881365013,-0.06287028485917334,-0.0638695633843529,-0.08064816382924778,-0.07415154784726297,-0.07606291871324938,-0.06154298149991494,-0.051587744364771926,-0.04061008954136658,-0.12978408573814154,-0.104338181685738,-0.0696130690660633,-0.06460908419647615,-0.009487937737877372,-0.014471855949543089,-0.0009057231909771479,0.001941662106802966,-0.0031264166236872337,-0.00181867581172529,0.0007465948455674942,-0.05797448863028043,-0.06961346323287021,0.0,0.001506383256167254,-0.07610976870250019,-0.0022580982593423116,-0.005297711394396665,-0.0032542754601221358,0.00036795945023210264,-0.0037900118622088974,0.001485701518780913,-0.041171561374072074,0.0013271237691153126,-0.055576942534185714,-0.05499621038716135,-0.00019279610527156432,-0.05240244872635641,-0.001191399237970181,-0.004121845429882198,-0.00010311147532138243,-0.053479378775346864,-0.07229913822898154,-0.001449113938567781,-0.06369337625586813,-0.06494740877132438,-0.07286020342078381,-0.050393877109048024,-0.060592013882713514,-0.0001928885886167686,-0.04897603529732464
-0.0007503469916230743,0.0003589152623622027,-0.020212933265159883,0.0011884682100033461,-0.03245885717229097,-0.01304264108708486,-0.03555703239000235,-0.008046599648139252,-0.14179655676878555,0.017762253937786632,-0.01054177286145963,0.0045172123909063,-0.059665457855888115,0.0,-0.0010882736010101035,-0.00024419002568543124,-0.00011695701654801383,0.0001177392385989795,-0.10182165905678725,-0.0007494530496939267,-0.0053477657055017724,-0.0006018537929822765,-0.01963674941132898,0.004496680487474258,-0.0005329317370947328,-0.0015633650050702608,-0.012069763569503456,-0.11955837949993711,-0.0014360751500634983,0.00028746816597052804,-0.009060586507986357,-0.05212084722073182,-0.00631020426103629,-0.002857694236908681,0.0030170560217797626,-0.02353133117907974,-0.018799928185380704,0.0007970803261865833,0.005443250489609697,0.0,0.00047076436336462857,0.000984554156519879,-0.05793470794989458,-2.505456619728008e-06,0.0,0.0,0.0,-0.012113183676429884,0.0,-0.004761294480755018,-0.08793573174392272,-0.003071622379267225,0.00225652255996589,-0.01104738845067088,0.0,-0.03838385809084616,-0.00023206901502048627,0.0014344700563385104,-0.004024784517939306,1.1102230246251565e-16,0.0,0.0,0.0,-0.00938494775399068,0.0,-1.1102230246251565e-16,0.0,-0.07881735108849408,0.0,0.0,5.551115123125783e-17,-0.08670693916253663,0.0007087523420135633,1.1102230246251565e-16,0.0,5.551115123125783e-17
-0.05918216873807591,-0.05682297771208983,-0.002145378988747948,-0.007226372451061669,-0.03969715236162724,-0.03016646140983531,-0.039828050368991286,-0.015663016083670045,-0.035802344693124544,-0.00282509798496855,0.0,-0.0003826852593526997,-0.03918955843431032,-0.0010882736010101035,0.0,-0.055618719168460895,-0.0044396003673560225,-0.0731313821019055,-1.1102230246251565e-16,-0.0731712908359658,-0.0656046583163229,-0.018567313413869024,-0.05143859686895408,-0.07024524423774947,-0.07915597183804712,-0.052190309343304986,-0.06408818385041559,-0.0562889984222979,-0.038941630256578985,-0.09097129243154589,-0.045975840773908205,-0.025482340286616167,-0.07613645978821987,-0.03319062980669696,-0.027218133100752884,-0.02618033990968832,-0.0023190802843053304,5.226675826963678e-05,-0.04579559283297391,-0.057314000004657584,-0.049838171409167464,-0.04540949301964198,0.0033376218153793324,-7.38543260647706e-06,0.0,-0.005215195408524553,-0.06723536840428784,1.2970836868908542e-05,0.0,0.0,-0.036590588615975195,0.0026933249312708907,-0.057920878020927324,0.0006710361056572745,-5.551115123125783e-17,0.0,0.0012422328650699144,-0.0003364696343328144,-1.4268146408813465e-05,-0.04328549875978749,-0.05923104615987357,0.0006600003075457606,-0.05278975721293461,0.0,-0.03783776926743537,-0.043690512069484655,-0.05168648496719891,-0.06630725748636679,-0.00016163318616474465,-0.06507736892924842,-0.05449459856630634,-0.048310583086881465,-0.060361680604571866,-0.055223206221557464,-0.002347998680835295,-0.05079456827487672
-0.06300115783129218,-0.05908897645711492,0.0002922576985061043,-0.0006360691844475297,-0.08174270455270627,-0.06080338715694805,-0.07481780291475731,-0.004026809776019602,-0.05568514156306997,-0.06036220303793277,0.0001481705442089587,-0.1023564824003862,-0.06515336194451404,-0.00024419002568543124,-0.055618719168460895,0.0,-0.05215247288543451,-0.046576565247199164,-0.0001305247980227242,-0.06152067987400728,-0.07308034363635629,-0.06768178908021888,-0.052806186152146606,-0.07550827256978665,-0.0710360124376403,-0.06391467184619481,-0.04691753722053277,-0.06424659085073742,-0.07051769374118594,-0.05651055133415017,-0.03964515100587912,-0.02840170050902352,-0.03395737350434047,-0.04087815319507898,-0.0050066096649690195,0.00285140209138085,9.8550800285091e-05,0.0020380033176952694,-0.04133727872726156,-0.049569839933575444,-0.04796554625360577,-0.035769108549317086,1.8604574280267627e-05,0.0,0.0,-0.07444320225479578,-0.06375794545029428,0.0,0.0,0.0,-0.036287037375147824,0.0005544017316653216,-0.0003383569932934871,0.0,-0.0008804990530886792,0.0,-0.0003341811875324785,0.00027103603077099914,0.0,-0.05495512066784247,-0.05347027807331739,-0.07561316635905257,-0.06328776688754106,0.0,-0.06871993415885136,-0.07021915989100302,-0.06612104199232477,-0.05648496159739491,-0.0035297049192893892,-0.06549453215755957,-0.07913475135322656,-0.04476452856470331,-0.08675541923605201,-0.0630238935977952,-1.1102230246251565e-16,-0.05389886150243561
-0.0060146340636907936,-0.005321965267514273,-0.0860013229857648,0.0009856398829737878,-0.10023098172624378,-0.05845397765387256,-0.09722504378905061,-0.0007344965743495413,-0.07740840277462002,-0.06831739702273282,-0.08752609207868584,-0.07223705683206755,-0.08480230837036179,-0.00011695701654801383,-0.0044396003673560225,-0.05215247288543451,0.0,-0.07981208758616087,-0.10209420171500722,-0.05159501191440541,0.00181260348160589,-0.058579519596613394,-3.7767601391847094e-06,-0.07059137938947874,-0.11158116743489191,-0.10117006888703856,-0.0570102841626588,-0.07095935411058629,-0.07057621813054932,-0.003331012331584615,-0.06765736653259002,-0.07302314328609283,-0.1337871224755892,-0.06969725249873882,-0.06118224427439328,-0.0037342809315866754,-0.00038464645012353804,-0.04697578416291187,-0.02902100362709875,-0.04833108688258747,-0.06427754751161596,-1.951385404785899e-05,-5.551115123125783e-17,0.0,0.001077202243630726,-0.003250115941786036,-0.0006239806374038204,0.0,0.0,0.0,0.0,0.0,0.0,0.0,-0.08240147037334156,0.0,-0.08433500107180741,-0.0015503426019643496,0.0,-8.448885631945346e-05,-0.002308023591245212,-0.07776900560393935,-0.09220623192671362,0.0,1.1102230246251565e-16,0.0,0.0007853886287458867,0.0,-0.0850879323613426,-0.08346082601047122,-0.0935633051625967,0.0,-0.0006079138272396811,0.0001121217397855867,0.0,-0.08130470954496044
-0.09063725723404897,-0.07584955731757642,-0.0030119775055672537,-4.260757631241452e-05,-0.004602376926517715,-0.06423532652727643,-0.07715989026567732,-0.006097457026477793,-0.054764162232668945,-0.08639931329888939,-0.08497990868582189,-0.10315235015463459,-0.06614456985806866,0.0001177392385989795,-0.0731313821019055,-0.046576565247199164,-0.07981208758616087,0.0,-0.08094465779787341,-0.04990071537931112,-0.07609959944129868,-0.06534141360924045,-0.06972363285958061,-0.09932391780048294,-0.09807656561024541,-0.09732814087151787,-0.05082926828771672,-0.065583197185338,-0.06145932454073755,-0.09429750459432484,-0.0691631483994406,-0.052533241550639154,-0.11538179191894726,-0.07301253259999746,-0.03745604992406837,0.0017664524682681204,-0.00014233010668929236,-0.0003285917628031987,-0.037133875127492,-0.055659329611340735,-0.06500923193579483,-0.052537764791326214,0.0,0.0,0.0005231233757644893,-0.09334322124406386,-0.06448973065037439,0.0,0.0,0.0,-0.0012159609590152165,0.000417489687756456,0.00037961858094270884,0.0,-0.08687730720856446,0.0,-0.08814006965124116,0.00033367512685905654,0.0,0.0008865237211581611,-0.06557973551527035,-0.08796947621481632,-0.08210195876883841,0.0,-0.06039705347530383,-0.0011108572911112669,-0.05608869919537934,0.0005186397026620271,-0.09442797356365124,-0.08970859305416906,-0.09580990043296239,-0.001422767669650049,-0.044717790044550065,-0.0589574107082767,0.0,-0.07240199449246815
0.0,0.0011726636219480113,-0.030474920451473153,-0.0844420101153352,-0.06188368244440984,-0.09116494255861318,-0.06989067884366684,-0.1465955902927779,-0.05021155929004928,-0.104352195766367,-0.02086198822213997,-0.09711455308332811,-0.07922993132230932,-0.10182165905678725,-1.1102230246251565e-16,-0.0001305247980227242,-0.10209420171500722,-0.08094465779787341,0.0,0.0003254547172532596,-0.00031112248002612697,0.001501966189728754,-0.07946951388785373,-0.07116454504763048,-0.07898329244909363,-0.08093924719191753,-0.05441569174216665,-0.09040993893098581,-0.0017942005236539216,-0.00013668270469163746,-0.09583804960404407,-0.060100313323620314,-0.0930658049088563,-0.08984304976267005,-0.0889980092739408,-0.09354879165078755,-0.08872551511884141,-0.0915028955180947,-0.15439741788401823,-0.00011783142315335837,0.004644600743800131,-0.04328633646731761,-0.003593369517226719,-0.03248981847655408,-0.00016393282012233668,0.0,0.0,-0.2692660884845276,-5.551115123125783e-17,-0.0023011435710931227,-0.007032720697266237,-0.004328710799694102,-0.0029087587237373036,-0.006863446165040976,7.244195880296012e-05,0.017604865440172368,0.0012088938891587908,-0.004418139503134522,-0.014809147080324492,2.220446049250313e-16,0.0,0.0,0.0,0.013890855423037363,9.651509365415922e-05,0.0,0.00012102364180660574,-0.14186532230534316,0.0,0.0,-5.551115123125783e-17,-0.1379142418376706,-0.000997372612123959,-0.0024223058882721915,0.00033274140789563145,0.0001342565130483253
-0.0515422954040472,-0.0571123600322791,-0.001318360502098992,-0.011963044932567446,-0.04819615281205586,-0.03472404964389225,-0.055688605636014965,-0.003950780104273854,-0.03371449167706586,-0.020603874288096624,-5.498341046522581e-05,-0.03164850136510533,-0.0508854816987474,-0.0007494530496939267,-0.0731712908359658,-0.06152067987400728,-0.05159501191440541,-0.04990071537931112,0.0003254547172532596,0.0,-0.08660481300453354,-0.017707045088611206,-0.13643034913173502,-0.03432962721085869,-0.06833478758114214,-0.06096138577031579,-0.055401622597329836,-0.06238473949831386,-0.04444462881620964,-0.03302170404353183,-0.018944459605042263,-0.016085295045442927,-0.04804829283752243,-0.022424124213984653,-0.011136711186040149,-0.019007379759124976,-0.03084241352475875,-0.008698352907608009,-0.0388068689609507,-0.04638288524834272,-0.03805474023911687,-0.03547250180812733,0.0033895097028106003,-0.0003524727016861462,-0.00043858087745585195,0.0006001465691582997,-0.0664411512333451,0.00037471263537353083,0.0,0.0,-0.04416242933227199,0.0008803877521040282,-0.0466847927020787,-0.0012094784640291345,0.0008615761057110816,1.1102230246251565e-16,0.0016628746027807506,-0.04231201062312828,-1.1102230246251565e-16,-0.04318164243630623,-0.05829982132212724,-2.959586247541779e-05,-0.06755981950394202,0.0,-0.043894559679095724,-0.045112328840800575,-0.030200603832832018,-0.06328054055705734,0.0,-0.059778628122938104,-0.03706540173078038,-0.04834131586568324,-0.05382521001777524,-0.048460623153872506,-0.05261830712051263,-0.04077353958722452
-0.026248261882046042,-0.07784476018670128,-0.05923648457530356,-0.00043893439863162964,-0.04041173329082404,-0.04070974872041566,-0.06693615155386468,-0.037009910336103014,-0.04880566464688535,-0.004025353738121573,-9.441995607201159e-05,-0.003217251428708656,-0.06356585621702066,-0.0053477657055017724,-0.0656046583163229,-0.07308034363635629,0.00181260348160589,-0.07609959944129868,-0.00031112248002612697,-0.08660481300453354,0.0,-0.0651277336410731,-0.06597556584808711,-0.046652546952052176,-0.09803982046542475,-0.06965751150075028,-0.07591874264903664,-0.07987036351844995,-0.051190913349891454,-0.008710699281447742,-0.0739097742481073,-0.02659898496228713,-0.09159707398810174,-0.03541331405628195,-0.01989472497012329,-0.003008960571300734,-0.00021072298469149153,-0.0032284087920038673,-0.0516990281117542,-0.06789921585515957,-0.05950112229454524,-0.05760214894718141,-0.008498663491717406,0.0,0.0,-0.03998516400237795,-0.07982135849254834,0.0021510911804164534,0.0,0.0,-0.006414724120227422,0.0005651577612043601,-0.008299578136578667,0.0019627976183760887,-0.0007159469306116106,0.0,0.00034710638891216616,-0.007068881562589946,5.551115123125783e-17,-0.03965071330081832,-0.0814541259794121,0.0,-0.0008466533273182031,0.0,-0.05947057194073119,-0.0074886423287672255,-0.0707488279498304,-0.05284878176501423,0.0010647719963646773,-0.08123137549311421,-0.07215000526387128,-0.04558367118510254,-0.009716471813703609,-0.04621571827698828,-0.002648838642943352,-0.05746209524355084
-0.07878291660772929,-0.03355210158034405,-0.0012631113273236516,-0.017061408252010246,-0.05722726428124847,-0.03551489398239416,-0.06795776962814726,-0.10434843692221402,-0.03526217424833472,-0.06343989149192003,0.0005295258043080953,0.0002543486258864136,-0.059423337496187445,-0.0006018537929822765,-0.018567313413869024,-0.06768178908021888,-0.058579519596613394,-0.06534141360924045,0.001501966189728754,-0.017707045088611206,-0.0651277336410731,0.0,-0.04759945058195003,-0.08827797176037389,-0.06286502065299832,-0.03972960115224827,-0.02493098409372313,-0.06593986768692434,-0.060377522860040056,-0.0988108274454711,-0.02452816904864047,-0.0006487250796124999,-0.017784767993418216,-0.002422184371547287,0.007489473456287032,-0.0016547080838983375,-0.013325602340617693,0.023770974471801987,-0.035527358731063774,-0.036236512036897206,-0.04670838518056519,-0.03424161351289534,0.0007303614776803524,0.00021032461477404896,-0.0003863241703424558,-0.05336673042759488,-0.07011740589096133,0.00010929966778966405,7.845878781720383e-06,-0.0001301737718418794,-0.03493334718499452,-0.030735638575525415,-0.03903843957916614,0.00019646469915957088,0.001146871338882638,0.0,0.0012566977156485692,-0.029569642325138257,0.0,-0.040004052577584215,-0.06255923397670637,-0.0009729220380435,-0.0531200540665977,0.0,-0.03561266672311103,-0.05350305819987583,-0.05133719974973916,-0.048921326310368496,0.002204933836134293,-0.05951907863544609,-0.06581419728420462,-0.04305872271711858,-0.05026757544767929,-0.03173926162510743,0.00044528557105955047,-0.03927083614440452
-0.05928273734581002,-0.044519953064212636,-0.06695239124087854,-0.06721904224998604,-0.072502968943644,-0.07318586368396829,-0.08050495019047837,-0.08352228250000016,-0.08777199642516353,-0.060498470270940186,-0.06483187247274752,-0.08683021443392652,-0.08047058668449825,-0.01963674941132898,-0.05143859686895408,-0.052806186152146606,-3.7767601391847094e-06,-0.06972363285958061,-0.07946951388785373,-0.13643034913173502,-0.06597556584808711,-0.04759945058195003,0.0,-0.06867981571357157,-0.06918874820701132,-0.06991679947070129,-0.06858819980567998,-0.07478053086523645,-0.05849002388969049,-0.06410630045035393,-0.06149897677682009,-0.05462336415218638,-0.090047515375552,-0.05781884819510258,-0.058636696503728714,-0.05437365773296371,-0.059274188698127006,-0.06709746182527121,-0.05539538290434948,-0.06702325872825748,-0.049586749676886754,-0.0385101266337583,-0.008507022445206402,-0.003612005431993248,0.0011842392420036152,-0.0007822568844908506,-0.08177242424854225,-0.11636161407192486,-0.0013245910108514725,-0.07981949948515521,-0.07363630349502193,-0.0703120043410767,-0.046045142051325094,-0.1194274894280023,0.002366692192763864,-0.12079180779455295,-0.003465547880688702,-0.06043782653898111,-0.01059616973008437,-0.05379848521399122,-0.047439520045323036,7.199520858425235e-05,-0.04823585567425187,0.006503170421174986,-0.053148767528543306,-0.05602821565368504,-0.04523860382851025,-0.06671609825930569,8.279393248428191e-05,-0.06168917473652474,-0.04780393483302742,-0.07109349785032354,-0.06627341107488988,-0.06639360677093448,-0.07414043652575347,-0.05801054519885446
-0.05329489546873528,-0.0072594273419036015,-0.08682021234666437,-0.00012520511832109227,-0.06563298547654733,-0.062281061908997015,-0.048806495451934884,-0.04627236742827001,-0.08461207378500857,-0.08486003105882509,-0.08567566059006587,-0.06300311673295864,-0.06581323391244231,0.004496680487474258,-0.07024524423774947,-0.07550827256978665,-0.07059137938947874,-0.09932391780048294,-0.07116454504763048,-0.03432962721085869,-0.046652546952052176,-0.08827797176037389,-0.06867981571357157,0.0,-0.08648225896510081,-0.09319455036386437,-0.08668981987225877,-0.07740671240148456,0.0021784291767199537,0.0008451906815841737,-0.05996091323531866,-0.046068538114054314,-0.051211270389104474,-0.023637814240097227,-0.02717437848418175,-0.09879284135746252,-0.07329471299547388,-0.03329779200667532,0.022597313001791908,0.0022407451455744853,-0.007138698068463456,0.006940495513937606,0.0004808092205354497,0.0002571835215611773,0.0004177002007314523,-0.0695336712897962,-0.00666713426454002,0.0,-5.551115123125783e-17,-0.0002843678842254782,-0.0002414243555233231,-0.0004459399391811836,-1.6653345369377348e-16,9.035035743559794e-05,-0.06625642413002558,0.00046622186977829383,-0.07420989798644212,-0.004014619228302929,0.0,-0.0021207797684607566,-0.06240157280434522,-0.07740185836806501,-0.07904607559742471,3.4653804310835756e-05,-0.0010440921848088314,-0.001500798638629064,-0.00538532329651048,0.0005657303173237094,-0.07331555933502387,-0.09020830255448925,-0.0987777703297833,-0.00048035238131866054,0.0031095176811559155,0.0005086488451158666,0.0,-0.0530735266095268
-0.092424112324898,-0.07112942506860498,-0.05634696097595682,0.000718854450889761,-0.06948600007481825,-0.05874598123609914,-0.0747521682200511,-0.04631924354571593,-0.05605223242808277,-0.10092986489370978,-0.08696399184873294,-0.1276552013131344,-0.07530397669407746,-0.0005329317370947328,-0.07915597183804712,-0.0710360124376403,-0.11158116743489191,-0.09807656561024541,-0.07898329244909363,-0.06833478758114214,-0.09803982046542475,-0.06286502065299832,-0.06918874820701132,-0.08648225896510081,0.0,-0.08340015733889905,-0.057929129763730935,-0.07344402466718963,-0.07179564428691693,-0.07646009110412211,-0.08190344501787089,-0.05161615802963215,-0.09537446079249184,-0.07678857687465956,-0.0530594048414752,-0.0010919126238227994,0.00035597899173600567,-0.0552155519383733,-0.0471543829750003,-0.057009128683445265,-0.06416319954696054,-0.050934206581557395,-0.0011155292049289112,-5.551115123125783e-17,0.0012754528620954053,-0.08441027304255294,-0.07852938186782782,5.551115123125783e-17,0.0,2.220446049250313e-16,-0.05807607851709762,0.0010619913236369904,0.0009243011856912009,0.00047824225121406716,-0.08554406469836595,-0.0003845256951591214,-0.09368852347144774,-0.047646218988928846,0.0,-0.06475223553495563,-0.07035499750776525,-0.08526349476929407,-0.07755440414769305,0.0,-0.05776733933938605,-0.10012799228249059,-0.06837946554379759,-0.05685336196139684,-0.0975797656799211,-0.08786652082044544,-0.0957186217993865,-0.05672178415970697,-0.049674513454065705,-0.06167779211108532,0.0,-0.07262788432296524
-0.08266442877874158,-0.06529081302413603,-0.050931603309398,0.0008869669157642868,-0.056215553080494585,-0.03664108911233044,-0.07280803694285093,-0.06136585133193995,-0.053067131891972874,-0.08762839222529395,-0.08155478676207806,-0.10129748435345526,-0.0752060011193707,-0.0015633650050702608,-0.052190309343304986,-0.06391467184619481,-0.10117006888703856,-0.09732814087151787,-0.08093924719191753,-0.06096138577031579,-0.06965751150075028,-0.03972960115224827,-0.06991679947070129,-0.09319455036386437,-0.08340015733889905,0.0,-0.057280032984592,-0.07221235098653567,-0.066420832357457,-0.036432771191429514,-0.07764276420701971,-0.04670563738853195,-0.09266224657831112,-0.0698002951009068,-0.0438287036773376,-0.03451394867914459,-0.05059684936871245,-0.06347703761009377,-0.0584270078629775,-0.06836442156988437,-0.07378871958006811,-0.049213545935003544,0.02901446635991145,-3.437670566347473e-05,-0.006223848935777376,-0.08772682208700139,-0.08000778013219517,0.0019163249068696597,0.0,-4.337738519510914e-05,-0.06550535602324425,-0.03602828471299163,0.0023505246305708383,-0.0024013868541595262,-0.09608467871585447,0.0,-0.10378219801028687,-0.05399742205125946,0.0,-0.05279732727062475,-0.07934777502857226,-0.09825455794630028,-0.09271006976438378,0.0,-0.04383891705621007,-0.09100865078298015,-0.0818378127586909,-0.057275738227261785,-0.12133419391754158,-0.09851427877054214,-0.10245091867988448,-0.05503049072171967,-0.06257098718578252,-0.07603224975068257,-0.0004857441495994541,-0.08175186511145616
