0.0,0.8888636142193016,0.3842115562708688,0.0,0.4035847246158949,0.8090788254007713,0.48290309054543745,0.7304262611434682,0.4280966405690817,0.5400438664752822,0.448765817103268,0.2669563227582087,0.4313648317799841,0.5700187173117217,0.15288956479664276,0.7556998952559844,0.20902753324413337,0.6280429035594597,0.0,0.30946343813325683,0.45503041111223214,0.5193637686137331,0.5812310058809154,0.4944414687057306,0.6854126474728273,0.5050577623711309,0.4516974634038607,0.7263151362659597,0.8369721207480914,0.6680754730020373,0.48276567436598095,0.7800266025436677,0.6999100839483174,0.5285306106275129,0.46503759105178283,0.6840875583641208,0.4974418656445561,0.5233178580436464,0.8369898355426444,0.7850567881182849,0.8477306018983097,0.5743107537063429,0.5079743414959943,0.0,0.44835359278495246,0.5657834894320517,0.7500125869239453,0.0,0.0,0.0,0.5115071290825738,0.0,0.6075289132370263,0.0,0.5089558709249374,0.0,0.40350216270607053,0.7479104930107254,0.0,0.690715203386799,0.8681801559101595,0.2842583206174104,0.7797541219528104,0.0,0.4834686494466436,0.651145278827105,0.8010485775014454,0.6544867004027994,0.6371205593298694,0.8339754931431594,0.8326146908920348,0.45677363932836595,0.39782494133660173,0.5665427357246227,0.0,0.7509996746829898
0.8888636142193016,0.0,0.6470177847749332,0.32254366333882667,0.5785441087404662,0.5953308582084125,0.6167190369125644,0.949838810059372,0.5710969687381175,0.5781592959581394,0.31443975466950336,0.5730577636154472,0.648551643582977,0.5245893867576179,0.6801619726244117,0.6972714188499286,0.3957777351419283,0.5657309739453709,0.6082330493956905,0.6850216892649457,0.851311963014277,0.6569684009357574,0.7556721013991352,0.583499067287616,0.5316018651870116,0.5204927461861729,0.5819281575684547,0.5083400305822092,0.49388031133409044,0.4754339269022122,0.6426794109617102,0.7326873130577698,0.5914263425659331,0.6160144022908304,0.8000097851927928,0.5044278575412838,0.22707124030933645,0.0,0.7188520687322011,1.0012330709296222,0.8453367565478578,1.0147339219853477,0.6682552230470358,0.0,0.0,0.8301839814836658,0.7634864037273139,0.03829015282462932,0.0,0.0,0.8640061068320657,0.6509760647603315,0.5492696246581148,0.5976242926999591,0.5975087964032453,0.0,0.4198128739528069,0.8424053794144208,0.0,0.776351635223589,0.8876113604745799,0.20627507569944958,0.7518629025568782,0.0,0.824959587809867,0.7805944368634887,0.8520363824719785,0.7654129388366726,0.4384726085732099,0.7353141938329095,0.8261535946238318,0.8274433326639841,0.8179156730301038,0.8261311024315743,0.0,0.9895218075996126
0.3842115562708688,0.6470177847749332,0.0,0.5242123771297573,0.49462628986726287,0.4035318782191477,0.549138820484554,0.6998759603319185,0.24240285426034835,0.5439154574417534,0.4162838004316291,0.5667305302136839,0.5510095531812051,0.4124392316281961,0.33839184876670925,0.39576446181358216,0.6389056225334515,0.6005014027789518,0.1948133129527072,0.3722506210269044,0.424546027458404,0.49404236095894394,0.16873118348523525,0.4311561969545874,0.7956039023682835,0.6720726794223578,0.3832600363509823,0.5616878415163702,0.5583068480801981,0.6540399905901312,0.6368136674455172,0.6620802506069692,0.40304458044420544,0.644394171626382,0.6162213008654336,0.6232095110651952,0.5408589511450578,0.4901337635611306,0.8461989501611638,0.4687725894366651,0.3958355392911558,0.6457333420066048,0.7047392157981545,0.6228511375839367,0.0,0.0,0.20410930076667894,0.43333544153968495,0.5059645892862438,0.7434402440838687,0.81288646576518,0.8164564094213402,0.6987585887169531,0.8953536084992516,0.4024576293280439,0.18642855100345893,0.5199640497173477,0.8008767504791987,0.6186884672515136,0.28225749048207904,0.0,0.0,0.0,0.13430709726989828,0.6754990278674455,0.46886417571926636,0.12638417417817494,0.6481670159895254,0.0,0.6669219029163556,0.3599189881222562,0.7786368357925096,0.7668108468362609,0.8694557334381058,0.8349010596199227,0.6071937281524524
0.0,0.32254366333882667,0.5242123771297573,0.0,0.3432640703873887,0.5388810955631391,0.4432616320263144,0.34506298996078816,0.5968073700155958,0.6744964210053874,0.6518492512217564,0.8355941182454764,0.49810281125792977,0.40995829080515017,0.631210257301874,0.08146984221248812,0.5841754413282423,0.5074920172905673,0.5201947946234975,0.6163805814670102,0.4435958384828944,0.5673396125148136,0.5126507714413235,0.2504739889357358,0.9254523424895639,0.6446147113788346,0.5000335250704582,0.5394522655983336,0.4833491886885594,0.4622836693700059,0.49505142970076343,0.5069968618723921,0.17555831221914675,0.18425035052678873,0.34130817864964863,0.4136553500479582,0.3995910864810453,0.6153919593534465,0.17670277939960904,0.3043900129739621,0.9855437480016658,0.8299853157827576,0.22029728151887562,0.23787941755265293,0.0,0.0,0.0,0.432838735231697,0.0,0.0,0.582843322128937,0.0,0.4836315204484866,0.024642398873725224,0.0,0.18327216037098604,0.5212365811627315,0.4976041525320129,0.0,0.0,0.0,0.0,0.0,0.0,0.0,0.0,0.5077361264323421,0.6201532153927172,0.0,0.0,0.0,0.5461052090728589,0.4864940884313489,0.6194211104372027,0.0,0.0
0.4035847246158949,0.5785441087404662,0.49462628986726287,0.3432640703873887,0.0,0.362520695637073,0.2849435200433437,0.5618412199927347,0.26909196937790386,0.5604373244260816,0.47514791175552495,0.41974196424013677,0.27309376335316926,0.44851696444034594,0.49144250302213505,0.75636783877103,0.4101816600228798,0.47990877707681867,0.5054887756305713,0.6060199109925086,0.488100654203225,0.6377153891058587,0.6178152083628249,0.2565597491975763,0.5746847438690555,0.5250938618259552,0.5370054490796131,0.6514945787655418,0.6595428293767173,0.43834889814775146,0.4856693932123745,0.3287220898490391,0.5232563213302941,0.42635271165976807,0.2951299829361186,0.43038271453131854,0.5865661229246669,0.30334243120116444,0.8695485398074853,0.7020090913972211,0.25495789930442514,0.3123495240161623,0.3248985224979039,-0.03667549119070462,0.2607766018699924,0.0,0.39234310902531144,0.6260820635098306,0.0,0.7407767090381211,0.8268442142063733,0.8506779417790561,0.5366432867692719,0.6677972309282765,0.0,0.6402213318349976,0.37341788864961417,0.8415109628384038,0.594979687938914,0.6694170381721608,1.004824557318207,0.0,0.0,0.5757652894866433,0.34312419341181466,0.4951340174530944,0.8908189543218494,0.8009811716386034,0.0,1.1674439703471529,0.7977102648835362,0.7942031056090831,0.8302538019984267,0.7065241147623672,0.0,0.7188019689420982
0.8090788254007713,0.5953308582084125,0.4035318782191477,0.5388810955631391,0.362520695637073,0.0,0.2718357118118806,0.6118530098847708,0.3326722402232687,0.5943208277960197,0.304617193748925,0.7365146394819195,0.38332660721019796,0.519016731574768,0.5348980846675853,0.736180338747799,0.5881673346164125,0.7449771063027038,0.663294839124255,0.5049214999356547,0.607729934200366,0.5559521583515032,0.6699401608783234,0.5423719217787548,0.6087868046525744,0.5328945975761191,0.6936219053533655,0.6668461049304302,0.379605651891071,0.7711300381846273,0.7704243277866473,0.6180520891729431,0.7835832639047361,0.7669006702605806,0.7820116144435618,0.6560597434346254,0.5995073156230675,0.5165687595961103,0.8685394829718451,0.3266564906548732,0.7485758323812017,0.6203772883717233,0.5591774467668618,0.4859704046704132,0.20534867725781258,0.5802123451683875,0.765726714922015,0.802617369870738,0.5959870111689654,0.6967391026258286,0.808543385016485,0.8834409453993946,0.5965181677551193,0.8723566785731867,0.9569458848543518,0.5038934488154803,0.3543267587745092,0.7946792849481689,0.5813375825699386,0.7579732737470533,0.8978850727114707,0.0,0.5088617238208996,0.5503772746433527,0.6887879846773827,0.3698231860700293,0.7305803160391915,0.7859084068043474,0.6246803251948636,0.6763795415087396,0.6828956116710185,0.8387456167098659,0.7153802923100845,0.8827181438892926,0.5964646133077526,0.7713700910224732
0.48290309054543745,0.6167190369125644,0.549138820484554,0.4432616320263144,0.2849435200433437,0.2718357118118806,0.0,0.5361801076474026,0.28260676843013455,0.45905531719106624,0.5304953707464037,0.3940031629334436,0.2383310156311681,0.4216470958533724,0.5012426279341629,0.6905595646954289,0.46688516415437065,0.5165302363229894,0.5182486027079567,0.5198622774071313,0.4929539609340737,0.6118494058879644,0.5853337229311142,0.159747655938718,0.5622840072210153,0.5283627128518632,0.5193823420711605,0.40851542196997176,0.5350061691222672,0.48884398557541336,0.3068254536911421,0.38669859137078905,0.6268570734887171,0.2315145047017002,0.15213537175412697,0.575513407476772,0.5460514563444898,0.4381412306471113,0.8778027804178181,0.44905394746720073,0.3679771430962103,0.4529276627703589,0.6826529759804304,0.8407408657085351,0.35306206804096363,0.0,0.6330375844588194,0.5135968327430369,0.0,0.7440538365229072,0.7361974641649622,0.7780640703880417,0.4648945089740423,0.7793746334037064,0.6108215334738658,0.43546692639170703,0.4690113282656621,0.6656712063307222,0.34761121822749375,0.33413356471202077,0.707339231388431,0.0,0.5358645296612075,0.6083049795692599,0.6050963251730469,0.5079179773628026,0.5801017821245763,0.7159376009004128,0.5053677456981928,0.7587876824332946,0.638319911181057,0.7152870540796958,0.7070476699677675,0.6277577829995293,0.8215510292825948,0.6008483195251706
0.7304262611434682,0.949838810059372,0.6998759603319185,0.34506298996078816,0.5618412199927347,0.6118530098847708,0.5361801076474026,0.0,0.7465837680316709,0.5800086310227957,0.9159415220331042,0.6640109681587056,0.46245263348027765,0.4134304640554931,0.4900581993554115,0.7045930983101936,0.42813860155536765,0.8144560491533654,0.681802091211833,0.18918754028541068,0.4261408860352691,0.4975050665156753,0.5763279670142314,0.6661210216881657,0.9168679590335742,0.7597521487405401,0.4527629885641088,0.3803737019143121,0.3012722550062349,0.4538922527165706,0.5177879628719531,0.36045891158788257,0.8783873178105424,0.4573905517396263,0.4471217558123357,0.41661557864701215,0.25798558036438335,0.5987093721826198,0.7231331602698539,0.4603714775566008,0.4050183770178435,0.5333484207206207,0.6803573120464417,0.43770042567663237,0.0,0.598676282899703,0.3873506246572319,0.7479695348709858,0.0,0.8066068427725095,0.8582832985932726,0.8393525333599203,0.7050216859426359,0.7174198183282608,0.8794056096159419,0.6988522309108306,0.9574834057927564,0.5777706311780523,0.7612826424856394,0.5614302374204869,0.4016577153625991,0.0,0.7042828903317245,0.6439135147089696,0.6801767728284573,0.5490284215068739,0.5014825473223472,0.7894086338616565,0.0,0.4697168743843758,0.8035915562261904,0.9261337040989541,0.5263332361843625,0.6602382724719973,0.4557540545837766,0.4443187855400729
0.4280966405690817,0.5710969687381175,0.24240285426034835,0.5968073700155958,0.26909196937790386,0.3326722402232687,0.28260676843013455,0.7465837680316709,0.0,0.5854887044500705,0.33437249282811066,0.595209992465744,0.4294969053582356,0.5688726767959031,0.5797157901062852,0.8520485919682848,0.4087736249949846,0.6731699194506566,0.24962517871661763,0.5683493403692839,0.3852236118009723,0.7588318894678326,0.6793252211874272,0.4483756320278713,0.7707375686008108,0.8608602139692976,0.42871068945014823,0.510278149064936,0.5313567640545378,0.6463213456520377,0.5688035371657584,0.6598654984594815,0.4702440010783234,0.5817162731736996,0.5973104914414524,0.6820290051270756,0.5576075974167519,0.5855671687311768,0.8832490182476275,0.25238314855884925,0.32369325861038445,0.31672971006978,0.6832739669082564,0.362570114190211,0.16028860525377248,0.0,0.49109175915295644,0.7856951468539278,0.48632682030899477,1.0032647134305959,0.9516766334595027,0.9476734180355437,0.7397422746817891,0.7894320384029803,0.21524028177219856,0.7332875787230039,0.4846913346247712,0.7410474520744068,0.8017468776871552,0.45629049298451674,0.9788571010582678,0.0,0.0,0.6906616385654546,0.6406067109651712,0.7301685672375078,0.5417820784410098,0.8777495512534811,0.33942779818234914,0.5482902205840526,0.4339573728516407,0.8742275520077492,0.7308914547582037,0.9136530761118999,1.1087388069175452,0.851834751096075
0.5400438664752822,0.5781592959581394,0.5439154574417534,0.6744964210053874,0.5604373244260816,0.5943208277960197,0.45905531719106624,0.5800086310227957,0.5854887044500705,0.0,0.6149546191769475,0.5214813575262398,0.5039406980469998,0.6866722670508838,0.44616753152438915,0.3522453463224987,0.14952332284796854,0.18715790944799232,0.5245944955654601,0.35772366753087204,0.667304572478652,0.3553571997316023,0.4662103907793172,0.6009964807809437,0.503014844015069,0.4290689500724961,0.4418570973920667,0.5165202762763825,0.32515642674907497,0.23239609952585397,0.5023492260496292,0.5916683723511247,0.7365311904767152,0.6921250797053616,0.694269075424577,0.5620470873130422,-0.05727010827886103,0.6200049248116856,1.0093610169921137,0.7276699800983902,0.8320754211245482,0.42591749238963383,0.3741896837948666,0.33039361749869733,0.586749839576272,0.6421229459588985,0.4762017699056273,0.16770116037458394,0.48496333424322724,0.46891504955641794,0.5192101983157249,0.4622199220474255,0.6044038874784861,0.24057722326088518,0.7733184096320764,0.43702875494263027,0.7726670584353381,0.8225189833876692,0.0,0.9559544148507652,0.5580059165665506,0.6107038101238154,0.7398474982603336,0.48175930134168893,0.5054790150795341,0.5850500863291501,0.34384571848763934,0.6084344270251333,0.47544462115874386,0.759541178727866,0.6267318835565717,0.5752832466586388,0.8321657664490023,0.45219988608224043,0.0,0.986067600699693
0.448765817103268,0.31443975466950336,0.4162838004316291,0.6518492512217564,0.47514791175552495,0.304617193748925,0.5304953707464037,0.9159415220331042,0.33437249282811066,0.6149546191769475,0.0,0.6277427192505936,0.5154893491214285,0.5250267897417533,0.0,0.0739174226917439,0.5114855550839111,0.6081829180134054,0.19012751368201497,0.47949949753868454,0.5588759810147135,0.38251776572122953,0.5505930097333476,0.3938836104292134,0.6329547337216104,0.6308173886353294,0.49043910823714826,0.533083722759536,0.3969528815421259,0.5145870377873619,0.5303162723019228,0.7235731137833641,0.3674106757591806,0.5902511774439949,0.4867710932624906,0.9583067136137399,0.6575206317341402,0.5526454325554047,0.9448358046297027,0.47931505422698345,0.33047494012922796,0.5470651489330403,0.8921243658241291,0.6012010521349325,0.19167241338275076,0.0,0.0,0.62538497158812,0.4692663203635399,0.8896220732277182,0.9316074404768773,0.8836592412636612,0.810168849459484,0.8949464759262188,0.484963686937284,0.5286564958678415,0.39143278481540145,0.9139052463284572,0.7995283711023782,0.0,0.0,0.0,0.0,0.3790306327635447,0.3816022791464104,0.0,0.7300816928937691,0.8329877357514994,0.0,0.0,0.9195974871147775,0.9381559427494763,0.668302793450384,0.4074027072146832,0.0,0.5407645712544638
0.2669563227582087,0.5730577636154472,0.5667305302136839,0.8355941182454764,0.41974196424013677,0.7365146394819195,0.3940031629334436,0.6640109681587056,0.595209992465744,0.5214813575262398,0.6277427192505936,0.0,0.5121365883034557,0.5766382691825391,0.38906958612145903,0.8088539553084968,0.5119315368734516,0.7181618955624536,0.5162158368046261,0.5451168098671899,0.9557694817849358,0.14648336700445713,0.38916105425499026,0.4354042668114526,0.6181247906816127,0.490831817789117,0.4962958116541555,0.3854669286120954,0.6032675994090217,0.3366944169698643,0.49935311451940856,0.1802570640694718,0.5610977966117046,0.4329677426383814,0.6048979554562766,0.36852779644929884,0.2079333132042043,0.1964751024020685,0.333568462371721,0.6446657445296489,0.31341110439683595,0.30922682241304744,0.4474686344485329,0.48914036092702096,0.5359375054705582,0.4794159603456495,0.5845083632255239,0.27147333574793997,0.20060459865649388,0.26975825880344,0.3411684635788744,0.2869694293454804,0.24495649819564946,0.42699161748329006,0.733651631790405,0.25515118111619023,0.785407505345342,0.5474566463779147,0.7075448027574782,0.6873096641270664,0.5415207338119005,0.5819916329530622,0.8158938431102871,0.34904864817553455,0.8037393118557188,0.8000438250017559,0.451854208165155,0.5311506174034555,0.3109571167732886,0.7436855322156046,0.5837388207345959,0.3862731362902588,0.8925025330732352,0.49573678111964287,0.0,0.7791520107813625
0.4313648317799841,0.648551643582977,0.5510095531812051,0.49810281125792977,0.27309376335316926,0.38332660721019796,0.2383310156311681,0.46245263348027765,0.4294969053582356,0.5039406980469998,0.5154893491214285,0.5121365883034557,0.0,0.4783657841176859,0.5412505356165285,0.6341854496625191,0.5007314429565841,0.5828626694699222,0.5402067764794388,0.41499812396536134,0.30899475354268546,0.6070591503341405,0.49879713353135546,0.20670371180517327,0.6165826182086446,0.5030494503723639,0.43667795110180696,0.4930769582799278,0.3959702728447324,0.5054490391564717,0.2527074054542723,0.3762018653520629,0.34634386068466466,0.39205465491033364,0.23542027795899245,0.45854026175189927,0.4905186109472545,0.42827060274061446,0.7571269534344938,0.5447989085403848,0.4220731442468564,0.49366884205759987,0.40129720781722833,0.3738487288226345,0.4401765275160344,0.5748243303147953,0.7352059974819218,0.6361250834259575,0.0,0.7221803481017977,0.6827129443156643,0.6802222624244251,0.3099753543086561,0.6229530863173908,0.5662330233358919,0.5358227483840982,0.518916750234661,0.7149123229125306,0.43454853703948865,0.4480677674159814,0.7220688913729627,0.4231369419536522,0.6521893871948878,0.6379172006997377,0.4882362805804536,0.40193194270217714,0.5656988182170172,0.6332062941659076,0.5171433137638494,0.6769981723168572,0.647625860358772,0.6262936390118123,0.6559481976069126,0.6144674863246956,0.4096628420436982,0.5546315325570887
0.5700187173117217,0.5245893867576179,0.4124392316281961,0.40995829080515017,0.44851696444034594,0.519016731574768,0.4216470958533724,0.4134304640554931,0.5688726767959031,0.6866722670508838,0.5250267897417533,0.5766382691825391,0.4783657841176859,0.0,0.5569258561776327,0.6297614702037615,0.4857079660680774,0.4979802773826404,0.5346111751238495,0.4254781695776403,0.41330984729111264,0.2845952155210748,0.5133597057774105,0.021746348783545644,0.5225513102787814,0.49003903343572675,0.45668974163262954,0.5769267880190362,0.4205269358137148,0.7951949943508156,0.5138719503229974,0.37264213319546613,0.24386140851735252,0.5259358852224247,0.38760492546772335,0.34602175303972105,0.21523521549147193,0.3678865151708405,0.717028982832814,0.0,0.417720072960787,0.8344844950107981,0.5916253501670614,-0.18070270446870346,0.0,0.0,0.0,0.46822825178861804,0.0,0.5365158372490451,0.8788354487997666,0.4759588260661387,0.5715244807472579,0.48377796416954477,0.0,0.8549596871027334,0.4025215060860669,0.7080778334640924,0.4830745323271489,0.0,0.0,0.0,0.0,0.52556199835364,0.0,0.0,0.0,0.6029978210138467,0.0,0.0,0.0,0.8927873490956115,0.7094024423260082,0.0,0.0,0.0
0.15288956479664276,0.6801619726244117,0.33839184876670925,0.631210257301874,0.49144250302213505,0.5348980846675853,0.5012426279341629,0.4900581993554115,0.5797157901062852,0.44616753152438915,0.0,0.38906958612145903,0.5412505356165285,0.5569258561776327,0.0,0.628559956609042,0.3909927152938763,0.5552703983277509,0.0,0.2803201002709245,0.45057130672585305,0.37780389313376406,0.2864859475755117,0.4212169903461593,0.28979564090167453,0.2760733271582497,0.3169460142607037,0.46570072302410614,0.22680356450948266,0.47370846179112125,0.36374782947667655,0.30932309525433255,0.5010671846750906,0.3802666947314907,0.5471645350881056,0.6428915605983148,0.6064934636163818,0.36501607019643717,0.47395573905078053,0.5742543761853192,0.5409468489694695,0.47944692008287626,0.5135924648475434,0.61791231775207,0.0,0.6435762595869394,0.7028453544891962,0.4732844500141957,0.0,0.0,0.5129744524406386,0.7204777239840601,0.5871695823377066,0.5325261997940929,0.0,0.0,0.7012529774652558,0.6355192702182051,0.48354611904257216,0.6693352111732649,0.6818659737629242,0.6625515031440239,0.757835531239235,0.0,0.7378531351728232,0.38486305996236825,0.6872002940666158,0.777394632643618,0.4911043031813405,0.7738747646369306,0.5515327483298529,0.6791829566079475,0.6767795454851571,0.5752055215060199,0.5686144273257374,0.41578260426324865
0.7556998952559844,0.6972714188499286,0.39576446181358216,0.08146984221248812,0.75636783877103,0.736180338747799,0.6905595646954289,0.7045930983101936,0.8520485919682848,0.3522453463224987,0.0739174226917439,0.8088539553084968,0.6341854496625191,0.6297614702037615,0.628559956609042,0.0,0.22999782166143043,0.5818376070622082,1.1621406830202818,0.15732756731937556,0.6987687189099966,0.20818150482246656,0.6975866438988165,0.6420741013015422,0.7180723934617488,0.555912277309868,0.5437977293789372,0.4003732507061289,0.33693976528551695,0.45552732793231826,0.39067761146987245,0.6038111978352895,0.2806627863172945,0.30813093230605176,0.38437615225845406,0.22030430684055285,0.37179778975293765,0.5770340417774296,0.8467501785296812,0.6223090169742131,0.8626275750793237,0.8982346466234334,0.5069135823172288,0.0,0.0,0.7084765974294853,0.7200234031871438,0.0,0.0,0.0,0.7378561776189976,0.6055421087667565,0.8317083728156272,0.0,0.701833156835016,0.0,0.6082458991357387,0.800102850665124,0.0,0.3054466151014389,0.8611743511158854,0.7652089369267747,0.7728583108405049,0.0,0.6257717051198464,0.6751897945297833,0.4967687775416909,0.7501820663331347,0.48586544874330445,0.8232303447998911,0.7924053402275326,0.6279153564716949,0.5387428555191427,0.6746514489392339,0.0,0.8222630542663601
0.20902753324413337,0.3957777351419283,0.6389056225334515,0.5841754413282423,0.4101816600228798,0.5881673346164125,0.46688516415437065,0.42813860155536765,0.4087736249949846,0.14952332284796854,0.5114855550839111,0.5119315368734516,0.5007314429565841,0.4857079660680774,0.3909927152938763,0.22999782166143043,0.0,0.38944708469759776,0.6599079550965614,0.4295637476599399,0.5424083716948012,0.8436883226461376,0.41271822768519467,0.8653847625181577,0.3934236683756134,0.5255318491941812,0.5381280381941732,0.7047469310850494,0.3738938260421154,0.6627422426770635,0.3567130316809611,0.7120806142847458,0.5668022929189587,0.5290422336807402,0.6068706576456123,0.5629071999977913,0.271443047662575,0.4007132367973533,0.5991348389737208,0.7724656141882982,0.9338781799861384,0.5601330837236269,0.0,0.0,0.4666590728605069,0.7020488474578446,0.5327186674165857,0.0,0.0,0.0,0.0,0.0,0.0,0.0,0.9563520187516288,0.0,0.736511743801422,0.9332678638907249,0.0,0.7824074976382469,0.43045015182849355,0.9317203643936012,0.9230640088866608,0.0,0.0,0.0,0.5513114612339357,0.0,0.7468958175745122,1.0261009865606083,0.841299609694333,0.0,0.3098787753403959,0.48057829828552345,0.0,0.6400585342267828
0.6280429035594597,0.5657309739453709,0.6005014027789518,0.5074920172905673,0.47990877707681867,0.7449771063027038,0.5165302363229894,0.8144560491533654,0.6731699194506566,0.18715790944799232,0.6081829180134054,0.7181618955624536,0.5828626694699222,0.4979802773826404,0.5552703983277509,0.5818376070622082,0.38944708469759776,0.0,0.46550537583863877,0.3565754354885585,1.023210899018668,0.4405510211146201,0.7999951989843516,0.7193266854879596,0.5458004955436873,0.3539952021504984,0.6795112437983611,0.4219761787302484,0.28075069396240054,0.49868326625842097,0.46946530849127427,0.6356399322351527,0.4755447438753475,0.5569246354726042,0.5423094646671068,0.4448175951071579,0.2587347381189188,0.30506718587285675,0.9871824728365276,0.8279247571352852,0.8578298079099167,1.1530917596471226,0.0,0.0,0.5559609362853862,0.7812490569345307,0.5708031648305025,0.0,0.0,0.0,1.0244922371919007,0.5786251320423736,0.8517181709917651,0.0,0.843443008060019,0.0,0.8517386170089779,1.1518500411445374,0.0,0.6124213570662048,0.9094358769955695,0.9122240068992389,0.8711283182951204,0.0,0.45578009760029503,0.6700420381959526,0.6063161955870073,0.7479715324055192,0.7383506763626071,0.9434929414127576,0.9108343653882265,0.475193160715661,1.189148960308274,0.7053184881984773,0.0,1.0568987962386651
0.0,0.6082330493956905,0.1948133129527072,0.5201947946234975,0.5054887756305713,0.663294839124255,0.5182486027079567,0.681802091211833,0.24962517871661763,0.5245944955654601,0.19012751368201497,0.5162158368046261,0.5402067764794388,0.5346111751238495,0.0,1.1621406830202818,0.6599079550965614,0.46550537583863877,0.0,0.5229592171742661,0.4614397543330322,0.6486919102857914,0.1504465131642981,0.5082388239701374,0.5504151494784975,0.5358916836603796,0.36548500079121815,0.5691943801532692,0.5814963291557969,0.6171549550676485,0.5756101797387068,0.6504346958640483,0.4125150344560682,0.5584776455104165,0.5409939699699825,0.6958544681486515,0.48542855652804934,0.42829459073642706,0.7678681540522826,0.3856754391188294,0.2064056554483269,0.298824349739118,0.7678873023014746,0.36742680119476306,0.41479068917803996,0.0,0.0,0.3159136284082257,0.0,0.636428098082964,0.7902296147347356,0.8266531767735444,0.6444918719824093,0.7758166570629009,0.8996869228510898,0.7782758610113362,0.5359822622962975,0.6228144510416768,0.5890768380404399,0.0,0.0,0.0,0.0,0.45921739092232733,0.470280855506278,0.0,0.47886058289044275,0.8045127486061816,0.0,0.0,0.0,0.8055405517460397,0.716363748791863,0.8792304196297733,0.485748157841003,0.5918419262917074
0.30946343813325683,0.6850216892649457,0.3722506210269044,0.6163805814670102,0.6060199109925086,0.5049214999356547,0.5198622774071313,0.18918754028541068,0.5683493403692839,0.35772366753087204,0.47949949753868454,0.5451168098671899,0.41499812396536134,0.4254781695776403,0.2803201002709245,0.15732756731937556,0.4295637476599399,0.3565754354885585,0.5229592171742661,0.0,0.4057181384791656,0.3219006052073886,-0.04990567469321344,0.8697957906978633,0.5268688983547121,0.2381523395137706,0.34713723575549166,0.25032954045879646,0.2446026234177589,0.6045045930951437,0.1922073182331719,0.3568586087958031,0.4962256392438509,0.31718515911949613,0.5709087028729948,0.692453771879477,0.30486604520270016,0.8124885519332088,0.4868418449310812,0.5477826536389178,0.6686093466264988,0.6001305330178365,0.20143840373374905,0.11826392095062879,0.20148131195551075,0.526756388054763,0.6980525758071757,0.4640048860033764,0.0,0.0,0.5258929604205361,0.8012893571475259,0.6736149223206942,0.4005655512475794,0.9904119766388981,0.0,0.6001122913539931,0.697199646396395,0.0,0.7133743196773247,0.6873831367325105,0.5070526113574341,0.8158099789314688,0.0,0.5449901304199523,0.3681809761669101,0.60974572581208,0.5703191537244197,0.0,0.7371383120052987,0.5876301765455876,0.5349580407160778,0.5004489294197022,0.6339768664076626,0.5524142938632421,0.5279700704956007
0.45503041111223214,0.851311963014277,0.424546027458404,0.4435958384828944,0.488100654203225,0.607729934200366,0.4929539609340737,0.4261408860352691,0.3852236118009723,0.667304572478652,0.5588759810147135,0.9557694817849358,0.30899475354268546,0.41330984729111264,0.45057130672585305,0.6987687189099966,0.5424083716948012,1.023210899018668,0.4614397543330322,0.4057181384791656,0.0,0.501018877211659,0.2757081097539192,0.7012573475206036,0.848301602260775,0.5838134689942356,0.3306746816578222,0.2633196516102373,0.39953593048681413,0.5040473536371373,0.7178262579510251,0.4982263280618494,0.6681407929470828,0.5140892495571859,0.6847360940770502,0.2734001493886355,0.35132857803082007,0.6021774828389187,0.4950039413045141,0.3043121160666239,0.4595447650859876,0.4570844317161414,0.609475932181315,0.0,0.0,0.7764800431484513,0.7531749303692741,0.6687033096925781,0.0,0.0,0.6063929194455268,0.4691417757558529,0.17880933154195938,0.5266625397508526,0.6334647964400465,0.0,0.7883127202855298,0.5271218032803806,0.0,0.49771122953300784,0.8991981682702954,0.0,0.5632221915210891,0.0,0.3795586520057601,0.2238563282774798,0.4358530979649681,0.5690967795964048,0.8075947726636129,0.6572748152845564,0.7328522324396981,0.4594326664721704,0.5173695541653978,0.6314654760564025,0.4157035484145389,0.3173898074261056
0.5193637686137331,0.6569684009357574,0.49404236095894394,0.5673396125148136,0.6377153891058587,0.5559521583515032,0.6118494058879644,0.4975050665156753,0.7588318894678326,0.3553571997316023,0.38251776572122953,0.14648336700445713,0.6070591503341405,0.2845952155210748,0.37780389313376406,0.20818150482246656,0.8436883226461376,0.4405510211146201,0.6486919102857914,0.3219006052073886,0.501018877211659,0.0,0.5469083283964349,0.0733095265289617,0.6819989306551633,0.4258107747505271,0.37416521340322406,0.46440840741473566,0.22806501838019774,0.46843148605556423,0.357374917161399,0.48177239506277425,0.32218412594837786,0.4195011498251648,0.6742923256693567,0.6920396966668978,0.6906205188178491,0.6009862715164107,0.5422831672215223,0.7446895681030689,0.6609930044456322,0.6801347214799933,0.07937343441907407,0.591179701579702,0.23971621425398637,0.7845687467217886,0.7610943607925416,0.5566912240269616,1.0031440542454155,0.24598274801467596,0.7997751552547483,0.9381200793398079,0.6476889125936371,0.6259218662906898,0.42239990943350764,0.0,0.5444885958150234,0.7197315990613494,0.0,0.7444607858549614,0.7421338296888906,0.4533908453556167,0.6819421505313655,0.0,0.5432925001925868,0.7310512360776505,0.6379793293514096,0.702669457147915,0.7997900312959537,0.7300383831030092,0.6936004053742646,0.7064864009643639,0.6145733393609931,0.6147170862859144,0.5548624530890436,0.6886331341139224
0.5812310058809154,0.7556721013991352,0.16873118348523525,0.5126507714413235,0.6178152083628249,0.6699401608783234,0.5853337229311142,0.5763279670142314,0.6793252211874272,0.4662103907793172,0.5505930097333476,0.38916105425499026,0.49879713353135546,0.5133597057774105,0.2864859475755117,0.6975866438988165,0.41271822768519467,0.7999951989843516,0.1504465131642981,-0.04990567469321344,0.2757081097539192,0.5469083283964349,0.0,0.6828013578988571,0.7613386162931217,0.5250685711595053,0.33457354160784886,0.3921486744399224,0.48236737089570436,0.40149344184666935,0.43638986999808427,0.4382161623696371,0.43364787906474545,0.4703760178876913,0.44568350182753386,0.5274140134043827,0.5555338713500977,0.3112564261454456,0.7564888138963397,0.5617449145383875,0.7724849531779414,0.6893384766034624,0.4503900109437713,0.8716239266937365,0.5706922705136099,0.5581127410625615,0.7576361889888885,0.5466918258736646,0.48386206587583036,0.9435539270815554,0.7915551756780185,0.84405936223781,0.5839931839808817,0.8557117677308197,0.8129219967505272,0.8200058801919017,0.44937483441519005,0.701609049955402,0.582677851985551,0.6374481812032693,0.7352717352181508,0.5054790150795336,0.5877070058680199,0.7402520212148413,0.5730303987768104,0.4177002020900048,0.5589284423303342,0.8526138028500231,0.21261835058743828,0.7645674914937601,0.6133101428689807,0.7304133684511311,0.6270198694188711,0.7579235914255695,0.6746559585320256,0.6503090570538523
0.4944414687057306,0.583499067287616,0.4311561969545874,0.2504739889357358,0.2565597491975763,0.5423719217787548,0.159747655938718,0.6661210216881657,0.4483756320278713,0.6009964807809437,0.3938836104292134,0.4354042668114526,0.20670371180517327,0.021746348783545644,0.4212169903461593,0.6420741013015422,0.8653847625181577,0.7193266854879596,0.5082388239701374,0.8697957906978633,0.7012573475206036,0.0733095265289617,0.6828013578988571,0.0,0.8080222423686303,0.39844297255880434,0.525816672105851,0.08128523294706547,0.8388732288726302,0.8676329797592232,0.6772176487507163,0.2399527891840963,0.35977188482660927,0.1925166402149906,0.9233797787149479,0.3391844801280308,0.4533348736703199,0.40972987058813143,0.42916405909177524,0.8368003030498017,0.21079650613397322,0.6517952811603103,0.6237853310109787,0.3836280852622995,0.5146563626294269,0.4997339519829058,0.5324800472129947,0.0,0.0,0.5094545862320066,0.5933583819145504,0.325557135294111,0.0,0.01684543419362866,0.7191012734758686,0.5854526107153797,0.6841473650404994,0.8158068602270978,0.0,0.22642235923357043,0.8053633908698288,0.7476067978967837,0.8111728004172467,0.5097925242276632,0.36292760535342816,0.4584701509245965,0.1793367185913543,0.8380942878085119,0.2207910787379204,0.8704190997324657,0.6737110385302605,0.5398540875545247,0.7003118744648142,0.6564741856600109,0.0,0.7712057997232232
0.6854126474728273,0.5316018651870116,0.7956039023682835,0.9254523424895639,0.5746847438690555,0.6087868046525744,0.5622840072210153,0.9168679590335742,0.7707375686008108,0.503014844015069,0.6329547337216104,0.6181247906816127,0.6165826182086446,0.5225513102787814,0.28979564090167453,0.7180723934617488,0.3934236683756134,0.5458004955436873,0.5504151494784975,0.5268688983547121,0.848301602260775,0.6819989306551633,0.7613386162931217,0.8080222423686303,0.0,0.3411475589059245,0.6233279017447604,0.44791203225802984,0.1779850910601033,0.41651231044437836,0.5612850598997049,0.5480393905141271,0.6125679338902137,0.5179972613250157,0.7189678779797681,0.4169261945363196,0.5974149567040898,0.4984183525715914,1.0241158800053092,0.8997469350127746,0.9109646554189078,1.1009229453342786,0.6371392605712576,0.0,0.34443038404653864,0.8330082604045608,0.7512316296630266,0.0,0.0,0.0,0.8988080002687238,0.9918711775708012,0.69712359324842,0.45165763435519163,0.8966833055325579,0.468524057038683,0.885531541763619,0.7296478879494056,0.0,0.5905506576404619,0.9550826390678719,0.836425669029783,0.8869132929176193,0.0,0.7916108961487189,0.8409535967025337,0.4984653519899053,0.4002424315580881,0.7097682358530804,0.9465304604314815,0.8997167657048388,0.48383783253072565,1.0828672213337072,0.6888231725083751,0.0,1.0512631822950578
0.5050577623711309,0.5204927461861729,0.6720726794223578,0.6446147113788346,0.5250938618259552,0.5328945975761191,0.5283627128518632,0.7597521487405401,0.8608602139692976,0.4290689500724961,0.6308173886353294,0.490831817789117,0.5030494503723639,0.49003903343572675,0.2760733271582497,0.555912277309868,0.5255318491941812,0.3539952021504984,0.5358916836603796,0.2381523395137706,0.5838134689942356,0.4258107747505271,0.5250685711595053,0.39844297255880434,0.3411475589059245,0.0,0.467859210550927,0.5256323771849862,0.3726638294441298,0.31722120500185746,0.4526044038704909,0.657551778271312,0.6429757425499628,0.4704524926179611,0.6189747192954327,0.19240586237862647,0.5041066104077677,0.4174375937649416,0.7318545639685766,0.8780713145969357,0.9483706028204484,0.7802845820686679,0.3101041057189883,0.5474805910981867,0.29826907901435945,0.5899877901058457,0.8762436054478976,0.6813999975690044,0.0,0.002957003461731592,0.9157546779911581,0.6103689529762085,0.5856660910584962,0.9848812959894115,0.8047548979912177,0.0,0.7813813087140858,0.9158030249374101,0.0,0.6949756308922581,0.9367682010717343,0.7578202991861408,0.8098955454183664,0.0,0.6633050426408552,0.6859979357099608,0.8411631388632208,0.5370863927140678,0.4773816725713642,0.8797474867890633,0.776171373895242,0.8359735008230222,0.7733357778041794,0.7427457027439599,0.46788371220938996,0.8847687598956728
0.4516974634038607,0.5819281575684547,0.3832600363509823,0.5000335250704582,0.5370054490796131,0.6936219053533655,0.5193823420711605,0.4527629885641088,0.42871068945014823,0.4418570973920667,0.49043910823714826,0.4962958116541555,0.43667795110180696,0.45668974163262954,0.3169460142607037,0.5437977293789372,0.5381280381941732,0.6795112437983611,0.36548500079121815,0.34713723575549166,0.3306746816578222,0.37416521340322406,0.33457354160784886,0.525816672105851,0.6233279017447604,0.467859210550927,0.0,0.41169433688319745,0.5176403087510411,0.32321193630571615,0.3092083038026959,0.4175109308359972,0.3343431635979347,0.4346714907522864,0.41285437120655677,0.426648530196343,0.5439039015636451,0.503803404752218,0.7035592926924998,0.41658465412721024,0.7279144728590035,0.6619387129023373,0.4516457029244403,0.5733642630520484,0.4104246687712542,0.443606883924488,0.6260620322501185,0.7791318421194746,0.5198990884540804,0.9384764509522705,0.8511306686151527,0.8548911699793322,0.49368789726839424,0.8259739004064678,0.7051322355187251,0.7073422066909896,0.38701084506033867,0.7192778859523803,0.670004992755455,0.6075302956470977,0.738527436716124,0.0,0.49343035158105775,0.805268423352352,0.5659268128330058,0.4426935804129612,0.5431222561269453,0.6945394577963381,0.0,0.7209570050333637,0.6006835227801333,0.7939188384524936,0.6263495239613862,0.6754246497765595,0.5324880670048477,0.5582791509344582
0.7263151362659597,0.5083400305822092,0.5616878415163702,0.5394522655983336,0.6514945787655418,0.6668461049304302,0.40851542196997176,0.3803737019143121,0.510278149064936,0.5165202762763825,0.533083722759536,0.3854669286120954,0.4930769582799278,0.5769267880190362,0.46570072302410614,0.4003732507061289,0.7047469310850494,0.4219761787302484,0.5691943801532692,0.25032954045879646,0.2633196516102373,0.46440840741473566,0.3921486744399224,0.08128523294706547,0.44791203225802984,0.5256323771849862,0.41169433688319745,0.0,0.44545359365998183,0.38717436741791444,0.4653279228039027,0.34330630409134777,0.3290846052306414,0.02599319071484424,0.45568702339869266,0.5756642337489732,0.39601823660992275,0.06191193302296588,0.2807571073873262,0.3586617887273356,0.3568030253406025,0.4239680563137366,-0.04226896782221967,0.35483016141370133,-0.20739417283228562,0.6029823420011724,0.6409315804308813,0.6542177845660069,0.0,0.8150536692798751,0.7259312453230788,0.5178088745622096,0.33535803465796643,0.609898759365321,0.6472555966515785,0.5342230232450794,0.4799342747920493,0.6620130576471874,0.37053924539006866,0.45323461849614044,0.4959295984814399,0.18737900059388157,0.5898490465722213,0.7249979554195576,0.5083689341291353,0.3369264941791804,0.6519990254580584,0.6236350046354513,0.566029495435781,0.5999467014438453,0.46009936431652115,0.5983016436713411,0.5990895319449396,0.6017762264953639,0.49963690722792664,0.5064479046932601
0.8369721207480914,0.49388031133409044,0.5583068480801981,0.4833491886885594,0.6595428293767173,0.379605651891071,0.5350061691222672,0.3012722550062349,0.5313567640545378,0.32515642674907497,0.3969528815421259,0.6032675994090217,0.3959702728447324,0.4205269358137148,0.22680356450948266,0.33693976528551695,0.3738938260421154,0.28075069396240054,0.5814963291557969,0.2446026234177589,0.39953593048681413,0.22806501838019774,0.48236737089570436,0.8388732288726302,0.1779850910601033,0.3726638294441298,0.5176403087510411,0.44545359365998183,0.0,0.3767256051968878,0.3054007668791825,0.22301027556075878,0.08739309156651096,0.37401741369178365,0.40466286329570866,0.6101787152531535,0.42098166668263926,0.49873453216005803,0.7493084932489612,0.572129825220832,0.7610274419488828,0.6997494494112864,0.4549450813869827,0.8199504196585425,0.6247489553245273,0.43461824748704336,0.605383145634474,0.528009828695055,0.4911146922962811,0.5784325797457697,0.7841794568715066,0.779135014267609,0.438145225957047,0.5825312012180734,0.8149610915738196,0.438132211543952,0.5857204250480967,0.7111880981695553,0.7774813965965985,0.6386020317754619,0.7248229012694309,0.48275890016225764,0.716270957390592,0.5347078062474038,0.6082996150307572,0.4407017059924442,0.598854170898675,0.7518678484274306,0.47681245968827457,0.7330890198580865,0.5854944449489252,0.7198756354119324,0.6577019304531317,0.7650240735658156,0.6412398180637566,0.6039549283102946
