0.0,-0.009339526021204025,-0.008537909716041348,0.0,0.0004497670618807126,0.002365983310170905,-0.0011860033195720265,0.011007652946309787,0.012229180858202848,-0.002069973084692478,-8.949678767083968e-05,-0.012146101658120412,0.0042219128116482985,0.011319819493028793,-0.02127066397946714,0.0097939339734201,-0.034962535559137864,-0.007269319523774076,0.0,-0.02540783809288255,-0.007385029529010545,-0.009544129558004044,-0.004050969877546551,-0.011292766285068867,-0.019035998992831094,-0.010928233782575958,-0.009080055696402578,-0.00996060157165335,-0.0011665722470694528,0.0011830389904781136,-0.001496098176265892,-0.001290637556028873,0.02180613522712399,0.009892473558071768,0.011101141788755875,-3.1357906275841785e-05,0.0004400449705458387,-0.006690580278923053,-0.005395123919018308,0.011379488681607375,-0.0041728086656504515,0.0014918167708561914,1.628883577242668e-06,0.0,-0.00042894796177955774,-0.12736252693671152,0.010608450873750563,0.0,0.0,0.0,-0.0026160003560434797,1.1102230246251565e-16,-0.001181150604284975,0.0,0.011828789836187403,0.0,-0.006350163589866287,0.00012959172915821826,0.0,0.0003413512675907171,0.007731438502876331,0.01722182113610149,0.015085371489508226,0.0,-0.0019665143580374633,-0.0858230491776743,0.005077107680884818,0.010217694127853783,-0.00039072788560901017,0.027520003305931517,0.007631407974575732,-0.0004956928511630765,-0.0002503453822840229,-0.00033760549888889324,0.0,0.040141829168917176
-0.009339526021204025,0.0,0.005886870975144343,-0.012161532066971181,0.004400662241372311,0.005039034306758061,0.0051850191883972,0.0035037953446910852,-0.0007471395696871386,-0.04410434962695736,-0.0002311163008039685,-0.04009989088052002,0.0047622299121279354,-0.00039963668347364756,-0.021118330758580384,-0.03687480805780308,-0.03375210109785576,-0.020266004837747598,0.0012823762222575752,-0.021311656523695433,-0.012140484623493597,-0.03208848091268618,0.002116313592094632,-0.0004047671448175749,-0.03298499627706264,-0.03135484406780742,-0.010366462412468413,0.02132891418420424,-0.004372333910938719,-0.0018231395874018785,-0.011523881121260238,-0.01061614264627464,-0.0065553495323949496,0.006916387293150916,-0.0001301476500316645,-0.024678742063307946,-0.014124987670957323,0.0,0.014989034843416515,0.025696042148782072,0.02539026600780092,0.015762594559272147,0.0006356991271807555,0.0,2.220446049250313e-16,-0.014598172502207019,0.013847673378643288,2.910216434115487e-06,0.0,0.0,0.009601233543289456,0.0014684803798441504,0.0005489139785957442,0.00025299617511770345,0.013384695907205257,0.0,0.0074184125406761,0.023735964940329257,0.0,-0.004966751214882548,0.0190519626315237,0.0023913741735372973,0.014527957941922354,0.0,0.014744371713430404,0.00018699438550878744,0.009641102615332797,0.012488185137369656,-0.001233846368658309,0.02273578191884873,0.014898710235597357,0.013604233963360024,0.045240911941652084,0.020307378754969962,-1.1102230246251565e-16,0.022067428279497592
-0.008537909716041348,0.005886870975144343,0.0,0.005394759287295603,0.005352976342052507,-0.003798221793493428,0.01005194759658401,0.0010183732899694542,-0.05417316529887167,0.009379568057101662,-0.015683765244262682,-0.0161788219694064,0.011423084391386895,0.00480836997016687,0.016420002870505823,0.00628624545865103,-0.0003888504706924256,-0.010593245451775646,-0.04595008273766754,-0.0016927849543286744,0.006025400518017698,-0.003590304157423563,0.0067941621266162655,0.016483907447392254,-0.0059331191988539755,0.002170998455375439,-0.024832816626143783,0.013238210326851185,0.001286608860505023,-0.02824092899572117,0.017536637947116518,0.010379447892284954,-0.0035739734744624774,0.021303430283190927,0.010314249998623126,-0.003695916428829882,0.017933120131700786,-0.001990992606483555,0.022787991894737236,-3.336024595457232e-08,0.026813768452971565,0.0006251872253872914,0.044543819963512976,0.0024902952791786004,0.0,0.0,0.04720266543890794,0.0032573079412443473,3.6585160534396977e-07,0.03692877798722083,0.012361124251946465,0.031199848823753373,-0.011834932450896951,-0.039475992740783616,0.00038981989400510564,0.02069781974901841,-0.0012826565827577796,0.027791044748036065,0.027688400581698858,0.04749177609949479,0.0,0.0,0.0,-0.03653287624267254,0.026610966511259992,-0.0005188681214888802,0.057058125726172915,0.011282384388754618,0.0,0.017625361168716214,0.024083588771561526,0.018320308696518683,0.01716674603058921,0.010092916688044518,0.0007157940671480567,0.014380137195211251
0.0,-0.012161532066971181,0.005394759287295603,0.0,0.052759678986850966,0.022626557205561282,0.08090603324940215,-0.008178552773216163,0.014766904193365571,-0.05878995499888859,0.019039678929684,-0.00608357418268779,-0.014483094715263212,0.021979911832545163,-0.00013995458426141472,-0.006289808261124297,5.07549347473768e-05,1.6659744386249287e-06,0.016079082051412286,-0.024718901110593494,0.00033940543629484843,-0.00160379898547941,-0.005915840764790181,-0.0019586133481965806,0.007293331492532695,0.0018776497107818035,0.002602748269081523,0.0036229253613320744,0.002792489974411394,-0.00011920432965156769,-0.0036042173115206078,0.016218814288578298,-0.0162658573918113,-0.04571569202307316,-0.03425712349093529,0.00548020773674196,-0.007392047984127709,-0.007154287355836564,0.03513697718063702,-0.0003386416144320892,-0.00029023000869227156,-0.0018157663487678444,-0.038614425329991764,-0.0185335647266803,0.0,0.0,0.0,-0.0006834286384641008,0.0,0.0,0.0003646371232565171,2.220446049250313e-16,-3.81280434336162e-06,-0.00036008188078034964,5.551115123125783e-17,-0.0009949204574439263,-0.0008743718355460062,-0.00032009565569074416,0.0,0.0,0.0,0.0,0.0,0.0,0.0,0.0,-3.361746666152854e-06,0.02389767564859263,0.0,0.0,0.0,0.020552018038771658,0.0016266223566986926,0.01752999044285697,0.0,0.0
0.0004497670618807126,0.004400662241372311,0.005352976342052507,0.052759678986850966,0.0,-0.006211743106398548,-0.004656191880457516,-0.010226902108398439,-0.02277867861685884,0.018720861560236834,-0.01104724740845514,0.058197064307520585,0.006035706082516579,0.025699782138726146,-0.0005094577607980821,-0.013386258521847993,-0.0004233273667887949,-0.008370591670800231,0.01722332576979463,-0.006608336433785167,-0.0020039697112106403,0.005444639773519555,0.010023385507051341,-0.0006916420441344107,-0.021444254456709277,0.015256190216125898,-0.006584791055010475,0.04348181496315817,0.005199427901311671,-0.00039670791148360696,0.026789872690983263,0.012959506888961081,0.013614587570336345,0.04204652797669356,-0.0026170835461902797,0.021825093218419023,0.04567133655601052,-0.000999116536387068,0.029158780373742255,0.0007924027221702379,0.002639733210562878,0.0005123400206700213,0.04820223860709749,0.0020679942674961538,-0.0004023582975827833,1.1102230246251565e-16,-0.00017888954656536393,0.023262016653022077,0.0,0.03951281713945881,0.03722911144708296,0.04027735222863338,-0.024504085726695324,0.02498519906137675,5.551115123125783e-17,0.05025232137621527,-0.00027920710987222597,0.04946746277688013,-0.0024558495917819667,-0.0002920071767174015,-2.367010906995093e-05,0.0,-5.551115123125783e-17,0.0018388582409972765,-0.00014842016975480377,0.00016653898087659602,-0.0002913932865813429,0.023062841889399,0.0,-1.069569763423317e-06,0.0006426416315525874,0.034002466523182284,0.042561433915832614,0.05524123202294057,1.1102230246251565e-16,0.04086585411479027
0.002365983310170905,0.005039034306758061,-0.003798221793493428,0.022626557205561282,-0.006211743106398548,0.0,0.013806208734387815,0.026277063198572703,0.013359450408665208,-0.02987566559659849,-0.008384824835775462,-0.05468682861784335,0.014289870904528046,0.022749285041657186,0.011971581765265915,0.0062246543954063704,-0.006390347360748061,0.014691278578703781,0.0604810098268998,0.0031864282728263915,0.018327192448215512,0.0018329516692630055,-0.010980765152721728,0.04672201250133101,-0.012030809131914788,-0.014945429869730187,-0.007488655096776375,0.023609219587366115,0.0157016097016085,-0.0021737309830354157,0.015106842957372968,0.007054526524106652,0.0008389118510502835,0.01741994970891181,-0.005038852102031088,0.03390625826113369,0.026107985077475804,-0.0030299717210512944,0.03415400228010723,0.009012233152032367,0.026204306276905176,-0.008341452371895819,0.042802210818919106,0.058915252435468746,-0.0018466809412325258,0.012282162139560293,0.00828317665887529,0.03157021386868397,0.018617031537656148,0.03656204587383227,0.03201518219308941,0.04005664031541922,-0.004284073225028551,0.03010209632904426,0.03469503585788525,0.03604580130582136,-0.0015300423123072449,0.0381662074045388,-0.0021978852885080613,0.019886246228982163,0.029088831534336446,0.0,0.024260635588094714,0.010294172296847148,0.020952339496029482,0.01039984966622065,0.01583802971882947,0.02128873819602184,4.527886616495502e-05,0.02465947876937774,0.003312615589567691,0.026048873636681735,0.028719830155126913,0.03260262228127053,0.017615989766850415,0.04770401929919188
-0.0011860033195720265,0.0051850191883972,0.01005194759658401,0.08090603324940215,-0.004656191880457516,0.013806208734387815,0.0,0.03588319207869217,0.0032614938568378826,-0.004909026922827908,0.022993701008052314,0.045449990310391875,-0.001312181709504423,0.028686129611580236,-0.0003536414318577319,-0.008610912052480657,-0.0028994939636517447,0.0020804137365793007,0.02264082074223739,-0.009953204655445747,0.0012343982653087449,0.005430578608479841,0.016457160342665533,0.00030614467956802116,-0.014444041077291525,-0.014732400923369138,0.013794979734089718,0.04781404588160071,0.0017217094004127742,0.016792032327170803,0.025758249776504816,0.009331472115315986,0.015482911673104394,0.029116200201242393,-0.0027145741394161704,0.04830247855075903,0.04980168256148565,-0.004407200511508669,0.054291040460687945,-0.0008898595525412833,0.07904453422791446,0.0007721840888619269,0.05564880301115166,0.03667481557504915,-0.001054702881109093,0.0,0.0020501101500084995,0.03924040347192059,0.0,0.046022191968486004,0.03566564889873736,0.04341392871831895,0.010780385486770239,0.04006366573281739,0.00034236724781350203,0.07314224121654717,0.0002795802889934973,0.04505383284429498,-0.0011278188967894787,0.05992917161505801,0.0009882200171719702,0.0,1.577123131635272e-05,0.02987647954592676,0.04624932071439675,0.0004928708240359292,0.0012661942778656177,0.02837826539339816,-5.1394923935021986e-06,0.0007083363590734137,0.01595759855038137,0.03237466944645673,0.03924863238781756,0.04026115909402378,0.0010518597588096146,0.04247367399329105
0.011007652946309787,0.0035037953446910852,0.0010183732899694542,-0.008178552773216163,-0.010226902108398439,0.026277063198572703,0.03588319207869217,0.0,0.006611516420020391,0.017840699180759367,0.07419778130990196,0.005191968956186566,0.02609772510900671,0.013008380944096454,-0.005380736900388594,0.016196967591814326,-0.014532790664555595,-0.0028572642490393707,0.03139227985683829,-0.007477731076576566,0.024311195866761948,-0.005361231965453739,-0.005976545622957519,0.007610987329024432,0.00398580761389955,-0.006244418451912814,0.011776999314469183,-0.008559434582841474,-0.005520717448687151,-0.04104019636660039,-0.001618632038531298,-0.029413579395971057,0.029590145241177424,0.008161949193165652,0.014948065354327078,-0.03960401343061962,-0.01852555773084852,-0.011408264483196429,0.006775401129746617,0.047741775683727505,0.0026664090045227518,-0.004401125999714095,0.06783350787650894,-0.001483261845028394,0.0,-4.85337908143757e-05,-0.0014839392458028122,0.009840114484574114,0.0,-0.00045766705656180573,0.004731276821754005,0.017744354579181054,-0.0759051708375642,0.0059387843407124885,-0.00475485646029139,-0.0033290038884038475,0.0001383564140892135,0.02711821781698831,0.0018707224404899137,0.0337918399683893,-0.00016430953762741618,0.0,0.014135767071092042,-0.0031921441156977926,0.015506521742084445,-0.09134076210334086,-0.0029185225380152224,-0.005572444701878121,-5.551115123125783e-17,0.010502595210434895,0.01975763361444327,-0.004467371127290232,0.016342553971478657,0.016965805709624804,0.002306385231729491,0.0052158807716341515
0.012229180858202848,-0.0007471395696871386,-0.05417316529887167,0.014766904193365571,-0.02277867861685884,0.013359450408665208,0.0032614938568378826,0.006611516420020391,0.0,0.017517363958726384,-0.03510117657614886,0.031497809860082715,0.026560694766924076,0.016218938287423157,0.03632855254360268,-0.025488707033935576,0.016773644910038688,0.06693156901845021,-0.029748434603745322,-0.005164338719367334,0.027597157563307606,-0.008237754443796874,0.0056237890448042616,0.02280024451711893,-0.0016482058991816317,0.03525429270376007,0.010121141292720848,0.02835358310998759,0.024501864070269663,-0.0094414327816974,0.029639489944968844,0.029915685830629646,0.012509566969138297,0.03456572739797231,0.033457361693015,0.005024396488962135,0.03313439781570149,0.020698636026606154,0.038170950438728146,0.0005887663337022508,0.03080184495967042,0.013124905954059074,0.05506586572377514,0.05932976327733258,0.015377192877035761,-5.551115123125783e-17,-0.012609694061565202,0.028858398818287445,-1.7575682659254355e-07,0.04644518460564573,0.03100331216654506,0.043222199682868556,0.00960927277197976,0.029905964453605494,0.1418358291365021,0.045278564707114555,-0.0012362781896587682,0.037528774090214934,0.03401519307093448,1.3643242069594219e-05,0.0004992348555615256,0.0,0.0,0.01989259549656186,0.00045271146073905255,0.0010487626943450623,0.02748924795323371,0.023074324214655495,-9.30225945326435e-05,7.870722190250756e-05,-0.008797003419334148,0.031015817179187555,0.0426273155742648,0.04186970478598884,3.1170181142514686e-05,0.04352488788643638
-0.002069973084692478,-0.04410434962695736,0.009379568057101662,-0.05878995499888859,0.018720861560236834,-0.02987566559659849,-0.004909026922827908,0.017840699180759367,0.017517363958726384,0.0,0.03186114711632465,0.01926234139589833,-0.006245537453168304,0.023806024713384222,0.017231264668275625,0.005811459330730351,-0.00514497887843518,-0.009736311093133276,0.02517742345855417,0.03183472422776751,-0.0060542580818089275,-0.030968048713402807,0.0012946510295109293,0.004863727672354989,-0.017678711940911362,-0.016659428671042198,-0.0024113950058226585,-4.989532556282095e-05,0.03116889009148255,-0.04075860937400555,0.0125237372561538,-0.024399719376512585,-0.030480644599078677,0.004688652237371194,0.01990418746502398,-0.044879399534195064,0.020558215620052278,-0.0006281192281973325,-0.03143466317309329,0.012907594706526027,-0.026594471270014797,-0.039560444586113075,-0.016009575331997594,-0.007407360155899989,0.012040993198593086,-0.0008736854030035324,0.007008885753238936,0.05472119281858512,-0.06388250576249047,0.00037009758578709917,0.03063625475351378,0.00028040065100454203,2.8399184524852128e-05,0.10336333896967126,0.016824907865573224,0.00018951801625649578,0.022892343500375056,0.04500707439975227,0.0,0.00084273721586825,-0.0035415871080197725,0.004580145877140285,0.003975517813868068,3.280384976989126e-07,0.060148228461173125,0.0006388281577330845,0.050692792753293914,0.03708392966182977,-0.010756917767169694,0.000496355725383868,-0.0034833740633559707,0.0357147893782227,-0.019404277080263987,0.05506215198778436,-5.551115123125783e-17,0.04573536939295497
-8.949678767083968e-05,-0.0002311163008039685,-0.015683765244262682,0.019039678929684,-0.01104724740845514,-0.008384824835775462,0.022993701008052314,0.07419778130990196,-0.03510117657614886,0.03186114711632465,0.0,0.034627415888158763,0.028823195366025067,0.02664213106620078,0.0,0.00011102184194405895,-0.0011512779258809336,0.02815833962578218,-0.04063523515838166,-5.022710556207288e-05,-0.00015197150197937548,0.00011788975245374811,0.06735250811548166,-0.0024406299567788503,0.01759563801480407,0.0101612409465765,0.0005304889303411886,0.03635264740931515,-0.001363876535859898,0.00038275770874091064,0.042611795226320914,0.04749749485056037,0.03883820134256505,0.04811880458988588,0.024003815179527654,0.029986405905345292,0.05910964412421155,0.03634038848623966,0.04432601113642476,0.0007002656996899503,0.07550219101585426,-0.0008658683189586847,0.0690594044193899,-0.0001347679353124187,-0.0006422697495708229,0.0,1.1102230246251565e-16,0.022728946907964065,-3.4033165507985075e-08,-0.0028273134187959403,0.047329285188513204,0.03764528381142812,0.030052188166249605,0.054288878536732865,0.013715115470254169,-0.012958268099673154,-0.001172374190789971,0.02692412503772529,-0.03172945092112395,5.551115123125783e-17,0.0,0.0,0.0,-0.016928390984404462,-0.0005666051151191898,0.0,-6.390582111415188e-05,0.035886064947139085,5.551115123125783e-17,0.0,-4.9706477223132595e-06,0.045210717466136696,0.04074932081074617,0.05615665993376939,0.0,0.07128209779268024
-0.012146101658120412,-0.04009989088052002,-0.0161788219694064,-0.00608357418268779,0.058197064307520585,-0.05468682861784335,0.045449990310391875,0.005191968956186566,0.031497809860082715,0.01926234139589833,0.034627415888158763,0.0,0.021010796630805184,0.0851126998558755,-0.04584039360988401,0.0007948830907634763,-0.015264626124523173,-0.008115192200623844,0.036881205125716354,0.003392924284703225,-0.0110543399932031,-0.07208215886007158,-0.0001447026189294598,-0.007133608323085572,-0.040212506028346306,-0.0008733099498974273,-0.06220907816658405,0.0441325969593539,0.03746968980293186,-0.001294125152923431,0.03397665956680063,-0.04551706907520159,-0.029059514088982497,-0.019402050563428502,-0.027506358884289372,-0.0010670517070796581,-0.008543170356051233,-0.03347237207535084,-0.012381668981141236,0.029647772862384125,-0.01964962423624922,-0.08550287103680831,0.011629966611419684,0.0010376248077838546,0.014827236745233896,-0.07193649213992087,-0.00037233599518771143,-0.000578351838959934,-0.000688045003913007,5.72747389194217e-05,-0.00040216466451659105,0.00036895655335972277,-0.00031402639461358683,-0.0001887814929212861,0.006054826263644897,-0.0011773920837148122,0.014976826498330209,0.04658494755342857,0.0002998340466361382,0.00011288512465795764,0.004056408204056006,0.004196160876476063,0.00010149703286782552,-0.0003748178486865372,0.0004402213908956121,0.0013853634582678964,-0.00021097305248463094,0.001932941738805205,-0.012052445697198044,-0.004534620908143938,-0.009506020690641104,-0.0006507218134846338,0.06221861146297908,0.020247751743855735,0.0,0.03759721335040128
0.0042219128116482985,0.0047622299121279354,0.011423084391386895,-0.014483094715263212,0.006035706082516579,0.014289870904528046,-0.001312181709504423,0.02609772510900671,0.026560694766924076,-0.006245537453168304,0.028823195366025067,0.021010796630805184,0.0,0.02867466481426112,-0.004663467693182044,-0.0020456360418841246,0.008376149377016251,0.007460551022673345,0.030614876612328534,-0.0012629862735064057,0.03206689409896768,0.0040217220042621515,0.01665348353054036,0.01356766419989014,-0.011833839378171285,-0.009377931121693994,0.018015827006336083,0.020616194335934757,0.007484088349172968,0.00301903031531503,0.017129483788344724,0.00667053645062593,0.0031971059513004607,0.010038550031740812,0.002601961785858087,-0.021508912420389714,-0.022298726312265316,0.03811720814948494,0.05527240909193348,0.04434901946690206,0.10930130834888085,-0.0058626378904729215,0.0650601453799789,0.13533811503303328,-0.0026279375455878773,0.0006315195063282819,0.01691176248300269,0.04837855244272671,0.0,0.04717924295013465,0.04528863679982009,0.05754620224647444,0.012925941771599836,0.05256095078412992,0.10209045701283792,0.05402289661027487,1.4231549765653106e-05,0.060371260820282324,-0.00025862785079194817,0.03630743436281941,0.025948971085810124,-0.0002997975835918876,-0.004130182463368659,0.03226395847981034,0.02682981475332835,0.001104145948793378,0.01677361335466726,0.03133857784091865,-3.0368887497522756e-06,0.01789287998645883,0.007702428582627319,0.033151308314847694,0.04321514864564813,0.03105539724972073,0.000748845086784522,0.046535126172708
0.011319819493028793,-0.00039963668347364756,0.00480836997016687,0.021979911832545163,0.025699782138726146,0.022749285041657186,0.028686129611580236,0.013008380944096454,0.016218938287423157,0.023806024713384222,0.02664213106620078,0.0851126998558755,0.02867466481426112,0.0,-3.4386563081578725e-05,0.018175369766695537,4.573069318891676e-06,9.512176168302577e-05,0.03794476574787864,0.036249362864000434,-0.006452494144079279,-0.0005544224136959652,-0.007638145845096755,0.02253413057930509,0.01466930999979732,-0.004197705970961529,0.02701574349258945,0.07902291365234171,0.000380200479654369,-0.00020135419747541183,0.036327664927254144,0.07836903744442686,-0.0026985314315911557,0.05911598383167466,-0.0028988502065085964,0.020854652149383007,0.011023724595520923,-0.00016615141123332844,0.0058844311052442255,0.0,0.0006373841522075985,0.0008974782199657194,0.04010989171558266,9.79644243503941e-08,0.0,0.0,0.0,0.011600177088848973,0.0,-0.004204986406244504,-0.0011996908642653015,-0.0018071826960734394,-0.0005404213447356421,-0.0005254197813738815,0.0,-0.002626122831752953,-0.00015035143952690788,0.0016697748512076172,-0.002965771629414693,1.1102230246251565e-16,0.0,0.0,0.0,-0.004690251990813632,0.0,-1.1102230246251565e-16,0.0,0.01828401262795576,0.0,0.0,5.551115123125783e-17,-0.0010903725161335864,0.0002571832459939971,1.1102230246251565e-16,0.0,5.551115123125783e-17
-0.02127066397946714,-0.021118330758580384,0.016420002870505823,-0.00013995458426141472,-0.0005094577607980821,0.011971581765265915,-0.0003536414318577319,-0.005380736900388594,0.03632855254360268,0.017231264668275625,0.0,-0.04584039360988401,-0.004663467693182044,-3.4386563081578725e-05,0.0,-0.0007109783987269691,0.006380802811059683,-0.0009586644901667385,-1.1102230246251565e-16,-0.04057340135286802,-0.006761008161008164,-0.03823252214667372,0.0028531469202099924,-0.11408040671678493,0.0004041811815329588,-0.05629693907621891,-0.02845159572786604,0.00830550049842288,0.00764725306385311,-0.002002975089160919,-0.0016760163498342195,-0.014739990638116873,0.005962115734666318,0.0010665242069469172,0.0067027512354148056,-0.004509195812607003,0.0036890545840805866,9.58992802899683e-05,0.010222491716543769,0.0035798970533788554,0.015866981980055428,0.018505956244976307,0.0031978171510554376,0.00037619684189676983,0.0,0.0007313314347149324,0.016231169641052756,0.0003531448255975067,0.0,0.0,0.001770665713706987,0.0018956826395398751,0.0018124272832494848,0.000468278590296356,-5.551115123125783e-17,0.0,0.0005731501638719938,0.0017223657333732545,5.578906209224854e-07,0.02634859771700787,0.01652511324811262,0.00024574064837917797,0.0026168557366859635,0.0,0.020814295124009674,0.0006982648778142142,0.016712648162148125,0.013471075105722152,-5.1851952386827715e-05,0.025543087430032363,0.005817827464166259,0.009491973629670414,-0.0006563109875377116,0.014667502622498552,-0.0006120784459910378,0.008711279732620814
0.0097939339734201,-0.03687480805780308,0.00628624545865103,-0.006289808261124297,-0.013386258521847993,0.0062246543954063704,-0.008610912052480657,0.016196967591814326,-0.025488707033935576,0.005811459330730351,0.00011102184194405895,0.0007948830907634763,-0.0020456360418841246,0.018175369766695537,-0.0007109783987269691,0.0,-0.011919111405573002,-0.04968808886950121,-0.0001556523762681894,-0.006115961807450776,0.003148179634349879,-0.013440070912544566,0.01046284522139862,0.0021208706840042946,-0.02799985901581903,-0.005063709057217591,-0.0008151950838194422,0.0057846495284948896,-0.009035501367184784,0.009362803392613028,0.002632073027561299,-0.005194655659580771,-0.012437887646096768,0.01184313808664239,0.02108146289319429,0.05194400316878184,0.014581428267861185,0.001746999285675066,0.022480865772295022,0.03337307294512731,0.026742070814780472,0.02589000631215449,-7.274468034612624e-07,0.0,0.0,-0.010612648980102335,0.018486492976937607,0.0,0.0,0.0,0.02615709993771753,0.0005753842675732534,0.0005099968326237603,0.0,-0.00484475915733007,0.0,-0.008517968037726864,0.0013390341269703399,0.0,0.01016184151536198,0.022972516349246908,0.0004089998565989239,0.023623006987169348,0.0,0.03812028205340684,-0.016009103486017973,0.010614985041907332,0.016752633314441823,-0.0012728365556162746,0.03283185394175314,0.02074863188266357,0.01598050853908789,0.03112083754039291,0.03880238608641906,-1.1102230246251565e-16,0.025690691352642958
-0.034962535559137864,-0.03375210109785576,-0.0003888504706924256,5.07549347473768e-05,-0.0004233273667887949,-0.006390347360748061,-0.0028994939636517447,-0.014532790664555595,0.016773644910038688,-0.00514497887843518,-0.0011512779258809336,-0.015264626124523173,0.008376149377016251,4.573069318891676e-06,0.006380802811059683,-0.011919111405573002,0.0,0.00292465967983202,-8.770253438195041e-05,0.002831658545678628,-0.05093795652604943,0.00989833666108414,-0.02249007746233922,-0.02128833553250531,-0.016613893567981763,-0.031652761222725256,-0.024082844426449868,0.01795108924206118,0.0193549534254005,-0.001128557704987987,-0.0010480238306778134,-0.014166143416526389,-0.014320021584416032,-0.00977774722891539,0.012510958434886976,-0.0008771662912641642,-0.00034102333277630237,0.008434532582497212,0.028385934118439815,-0.011006624633703999,0.03041636339779058,0.0006527244606556737,-5.551115123125783e-17,0.0,0.0003329094429189161,-0.00017341209152965664,0.02969872327797668,0.0,0.0,0.0,0.0,0.0,0.0,0.0,0.019296458135460492,0.0,0.024506990222494862,-0.0009072998922250441,0.0,0.007693657759863304,0.028235907886030975,0.024628552747680388,0.017443710249352706,0.0,1.1102230246251565e-16,0.0,0.04542394780322129,0.0,0.009467883112955655,0.015222088457890304,0.010321499160363345,0.0,0.06024305284491005,-4.384007931512723e-06,0.0,0.030204996040186893
-0.007269319523774076,-0.020266004837747598,-0.010593245451775646,1.6659744386249287e-06,-0.008370591670800231,0.014691278578703781,0.0020804137365793007,-0.0028572642490393707,0.06693156901845021,-0.009736311093133276,0.02815833962578218,-0.008115192200623844,0.007460551022673345,9.512176168302577e-05,-0.0009586644901667385,-0.04968808886950121,0.00292465967983202,0.0,0.026872443278135205,-0.011575990681521875,-0.006660415411536114,-0.011847946938181919,0.0012749748107063752,-0.03389082936776644,-0.015243548077959579,-0.03253583885919448,0.009131579823535796,0.007063107220752873,0.008133282841123912,0.004303881667131526,0.0064998378480853325,-0.008208850316257787,-0.015551531939973495,0.002521917406464458,0.005252740514924803,-0.0009580487024403173,-0.00037444742458930813,-0.013490337839694111,0.016541929228461927,0.013520206706439719,0.02076262254577549,0.02150691145331668,0.0,0.0,0.001527058242407786,-0.01611132921371583,0.020118312137455463,0.0,0.0,0.0,-0.0008615037275387372,9.136585044744461e-05,-0.00012261274817643164,0.0,0.015806643269953347,0.0,0.018335528585143368,0.03407204198564151,0.0,0.010209569102123506,0.020308889981070277,0.019782657225912992,0.015016104945844266,0.0,0.030648588485512995,0.0018143023102614175,0.0175053552865434,0.013787206351944914,0.0012781953109760602,0.014858901160733351,0.013523720747979973,0.06248057555103537,0.00135178354262816,0.034529539917299346,0.0,0.027299898514699716
0.0,0.0012823762222575752,-0.04595008273766754,0.016079082051412286,0.01722332576979463,0.0604810098268998,0.02264082074223739,0.03139227985683829,-0.029748434603745322,0.02517742345855417,-0.04063523515838166,0.036881205125716354,0.030614876612328534,0.03794476574787864,-1.1102230246251565e-16,-0.0001556523762681894,-8.770253438195041e-05,0.026872443278135205,0.0,0.0004052057781089302,-0.00038033670547532594,0.0012322373230376216,0.09489494599970044,-0.014291971642967138,0.01641607616000279,-0.0007431809462732919,-0.0010882813466542851,0.034309118670080796,0.04560374271802298,-0.0231857366060374,0.04207787239439942,0.038853475384719116,0.06597205024606312,0.04241082570865684,0.011625456408740575,0.02360260977534734,0.039508716443726444,-0.005290878846191893,0.022666565094315194,-3.635825248637925e-05,0.10873507384023606,-0.0025911196891010846,0.05980522762871199,-0.001771206234561007,-0.00016163343397712637,0.0,0.0,0.07359730437030343,-5.551115123125783e-17,0.03742254245373733,0.031887109152354376,0.03550593965484383,-0.011971555660868272,0.024918489473118144,-1.0656068634040672e-05,-0.03288887252686307,0.00027191297280415583,0.03514616068417298,0.0033991380250891212,2.220446049250313e-16,0.0,0.0,0.0,0.029469790549818575,-3.7737813995963876e-06,0.0,0.00010218746372409049,0.01581919545141819,0.0,0.0,-5.551115123125783e-17,0.024718011069904566,0.03368580298295043,0.03863093049768024,-1.3010331217810922e-05,0.02692856636643426
-0.02540783809288255,-0.021311656523695433,-0.0016927849543286744,-0.024718901110593494,-0.006608336433785167,0.0031864282728263915,-0.009953204655445747,-0.007477731076576566,-0.005164338719367334,0.03183472422776751,-5.022710556207288e-05,0.003392924284703225,-0.0012629862735064057,0.036249362864000434,-0.04057340135286802,-0.006115961807450776,0.002831658545678628,-0.011575990681521875,0.0004052057781089302,0.0,0.007528982365884729,-0.008087219371614551,-0.024068196187676305,0.003899696109928519,-0.010217528633049477,-0.019721794399842174,0.0014423380782329076,0.011974597586921043,-0.018784978367543226,0.012428396245870221,0.004840165802350083,-0.014810226872777332,0.0011231001825956488,0.0067887782705143285,0.01387294339752082,0.01665803159766488,-0.01827251847215211,0.005078381923574682,0.019800002382523774,0.03041900888377358,0.020319102817763002,0.0228794102195356,0.0029999806685900854,-0.0013822814111579262,-0.0004891092788733564,-0.0011415945029263908,0.01842909526236225,-0.0006486258502555464,0.0,0.0,0.0018007443277859303,0.0021406885937321762,0.0025625271515067327,-0.0012313034261600686,0.0023337013085416025,1.1102230246251565e-16,0.0004268775078665188,0.008738594458456816,-1.1102230246251565e-16,0.015819112835266824,0.025256100467361764,1.157210868130143e-06,0.039860225580409026,0.0,0.013990575781496206,0.01495291691081857,0.007001329292950664,0.017287208708180513,0.0,0.035347496210736795,-0.000886597968687286,0.008526865456861765,0.005944315577250281,0.016646680550502613,-0.0006032556513073661,0.010283337849042284
-0.007385029529010545,-0.012140484623493597,0.006025400518017698,0.00033940543629484843,-0.0020039697112106403,0.018327192448215512,0.0012343982653087449,0.024311195866761948,0.027597157563307606,-0.0060542580818089275,-0.00015197150197937548,-0.0110543399932031,0.03206689409896768,-0.006452494144079279,-0.006761008161008164,0.003148179634349879,-0.05093795652604943,-0.006660415411536114,-0.00038033670547532594,0.007528982365884729,0.0,-0.016793009690991678,0.02079028214817963,-0.0021667275288275722,-0.012209514999676763,-0.014363592953299253,0.009710267664113925,0.022121850932055043,0.02344735943591525,-0.004456136198823235,-0.003605100093523106,-0.009957940864692982,0.010702214292834578,-0.0011651425973530638,-0.003646387172236809,-0.0012853291175160542,-0.0008049098787544784,-0.02833733995833998,-0.011810527406054261,0.0011335401769932973,-0.0021637154129786618,-0.005432928395834424,0.002303359842332542,0.0,0.0,-0.1082986991641186,0.018032376360300806,0.001657961392302565,0.0,0.0,0.011548726067369008,-0.00017600768141612377,-0.08537927656239791,-0.00027140910371986626,-0.041936851475511905,0.0,-0.01203377484505097,-0.0021801440171723696,5.551115123125783e-17,0.005104069471940753,0.006809626159587967,0.0,0.017401938102172443,0.0,0.02027281416780763,-0.009373201172707235,-0.000670443434262924,0.021543360110472032,0.0012230326608409503,0.01926253605220507,0.009892529477788736,0.014680221778951175,0.010889353386017098,0.020465515970311432,-0.0022576801296951277,-0.02699290374146951
-0.009544129558004044,-0.03208848091268618,-0.003590304157423563,-0.00160379898547941,0.005444639773519555,0.0018329516692630055,0.005430578608479841,-0.005361231965453739,-0.008237754443796874,-0.030968048713402807,0.00011788975245374811,-0.07208215886007158,0.0040217220042621515,-0.0005544224136959652,-0.03823252214667372,-0.013440070912544566,0.00989833666108414,-0.011847946938181919,0.0012322373230376216,-0.008087219371614551,-0.016793009690991678,0.0,0.008974903209281349,0.003123273912293001,-0.0386842247186851,-0.0306132521238896,-0.012903160989983509,0.002620320161136225,-0.008400098375297815,0.01677074822001806,-0.007767323251163527,-0.025821565603554697,-0.019972936645613393,-0.005027862035656139,0.001172048595152242,0.007181809091901359,-0.0317063668871867,0.004296731015357769,0.015843613980186078,0.01864854457155285,0.020738894772429517,0.03368863766449859,-0.08728552564846331,-6.029761371650899e-06,-0.0003697470016972293,-0.01303923190466666,0.0076619085676789545,0.01835036664447265,-3.0677721274408043e-07,-0.0001403481111815763,0.0011983958393883554,0.005672252795512811,0.000380380683565551,0.002247076650334856,0.011801914290115512,0.0,-0.011658104447354045,0.014727662606604297,0.0,0.013561992986408089,0.015542164420135451,-0.0007045186377480639,0.020812045503994292,0.0,0.007148292605892004,-0.0036384891470573333,0.01126003006014642,0.015295785444305987,0.0015878350613311998,0.02112086178410405,0.007683199888507686,0.002694986704932567,0.011728537647707205,0.013262062626721138,0.0006584484398127755,0.015984549152690763
-0.004050969877546551,0.002116313592094632,0.0067941621266162655,-0.005915840764790181,0.010023385507051341,-0.010980765152721728,0.016457160342665533,-0.005976545622957519,0.0056237890448042616,0.0012946510295109293,0.06735250811548166,-0.0001447026189294598,0.01665348353054036,-0.007638145845096755,0.0028531469202099924,0.01046284522139862,-0.02249007746233922,0.0012749748107063752,0.09489494599970044,-0.024068196187676305,0.02079028214817963,0.008974903209281349,0.0,-0.002065800890677094,0.003933823027745198,-0.006838219680367297,-0.044416665764822116,0.013064533139469425,0.012982983870345965,-0.006904431717152826,0.00867190477789781,0.0044485715868933795,0.03354909878258072,0.011291116068453566,0.036159347225523,0.010202948512299137,0.017554558373181595,-0.007262134151146349,0.015034489681825858,-0.01118450795536352,0.012723298813932638,0.016004580831296633,0.03320931697630236,0.03153770753797269,5.510895360599788e-05,-0.0004224139056824838,0.018531231004897453,0.045272519021844926,-0.0038747462907857133,0.020785852751415312,0.01958877227917344,0.03037018797780633,-0.013053122018283903,0.020489816428084673,0.01970649268184982,0.05701956462039781,0.0428985015855477,0.024000998247750704,0.004233764893469105,0.027441787082835345,0.03053032188116156,0.03176854304745946,0.010095653920597802,0.027799068787229597,0.02425097373817542,0.024683506687599277,0.015487402235405345,0.015209090361568256,-0.00040558832201115225,0.032263222787157875,0.008907000888080496,0.011573616475627824,0.016416392562307647,0.02160983519288001,-0.0005257531345184141,0.02500069488400336
-0.011292766285068867,-0.0004047671448175749,0.016483907447392254,-0.0019586133481965806,-0.0006916420441344107,0.04672201250133101,0.00030614467956802116,0.007610987329024432,0.02280024451711893,0.004863727672354989,-0.0024406299567788503,-0.007133608323085572,0.01356766419989014,0.02253413057930509,-0.11408040671678493,0.0021208706840042946,-0.02128833553250531,-0.03389082936776644,-0.014291971642967138,0.003899696109928519,-0.0021667275288275722,0.003123273912293001,-0.002065800890677094,0.0,-0.03108304999234468,-0.02049068634928236,-0.03174278688060883,0.016257783647786683,0.0017141767141634068,0.0006443438986142858,0.017611044493317074,-0.05296692889355703,0.0010954388280378646,0.004374593591423004,0.06752929214644382,-0.009211147813399323,-0.04153851337992928,0.004485889986992592,-0.059452485421465084,0.043459319119792006,-0.022356967223635116,0.008568453467101556,0.0010083579377959118,-0.00019092408403881267,0.036710632176777225,-0.04093314601410164,0.036300143426300446,0.0,-5.551115123125783e-17,1.111890577415453e-05,0.00014633028552735183,-0.00015139519110329847,-1.6653345369377348e-16,-0.00041221969197979824,0.018798855683526294,7.363162638912568e-05,0.02490705171933283,-0.0016039939194228414,0.0,-0.0004742541580853854,0.04258640853605067,0.00018794384560888444,0.002381799450039246,-1.3549785548017113e-06,-2.5104676096843193e-05,0.00012241709889382335,-0.002654552164761126,0.0007247480684650642,0.026323641948038212,-0.001317998812536525,-0.008148202419438366,0.0005422881095458743,0.0036387077143059665,-0.00027221338859106936,0.0,0.023663385288185956
-0.019035998992831094,-0.03298499627706264,-0.0059331191988539755,0.007293331492532695,-0.021444254456709277,-0.012030809131914788,-0.014444041077291525,0.00398580761389955,-0.0016482058991816317,-0.017678711940911362,0.01759563801480407,-0.040212506028346306,-0.011833839378171285,0.01466930999979732,0.0004041811815329588,-0.02799985901581903,-0.016613893567981763,-0.015243548077959579,0.01641607616000279,-0.010217528633049477,-0.012209514999676763,-0.0386842247186851,0.003933823027745198,-0.03108304999234468,0.0,-0.03667693258825255,-0.001143458784260809,0.002375758819362417,0.004862050724685263,0.012189492102497312,-0.005220198703145107,-0.026738254159302588,-0.020623376441297303,-0.020792178813970608,0.004710357132500731,0.0008828123151795042,0.0003193303953213933,-0.005636843250979073,0.02017242691873883,0.011802194716709069,0.018817356771092697,0.021083893738618964,-0.0011042428907196422,-5.551115123125783e-17,-0.027877517779526906,-0.026190051039157836,0.014296625303340138,5.551115123125783e-17,0.0,2.220446049250313e-16,0.021830445309391544,0.0008947653919081922,0.0013038419542108493,0.0003841727739562484,0.007391347868221487,-0.00019383958284086011,0.009553500315966967,0.017870624070894348,0.0,0.00871462893818753,0.019484029259870916,0.00990495278318565,0.015458722051737428,0.0,0.021722891730068694,0.006871325660634531,0.007931807554612424,0.024582890352194797,0.003704136796994495,0.014868843451415592,0.011094639247387683,0.017960616053902645,0.025881645659523944,0.013731469449114353,0.0,0.024634593019370432
-0.010928233782575958,-0.03135484406780742,0.002170998455375439,0.0018776497107818035,0.015256190216125898,-0.014945429869730187,-0.014732400923369138,-0.006244418451912814,0.03525429270376007,-0.016659428671042198,0.0101612409465765,-0.0008733099498974273,-0.009377931121693994,-0.004197705970961529,-0.05629693907621891,-0.005063709057217591,-0.031652761222725256,-0.03253583885919448,-0.0007431809462732919,-0.019721794399842174,-0.014363592953299253,-0.0306132521238896,-0.006838219680367297,-0.02049068634928236,-0.03667693258825255,0.0,-0.018622969933372646,-0.007015749977838215,0.009613685419480822,-0.0005627001919665808,-0.010925557214345571,-0.01679521104258952,-0.01016302657232332,-0.01708866508133966,-0.0036811709946342197,0.0017620910385716115,0.0011746586832975803,-0.01414643775217278,0.014229945497916063,0.013557426142220996,0.016033609627349732,0.02016112566480255,-0.004136591717550264,2.9213462251653777e-05,-0.03027395246417247,-0.014367951632858922,0.015280050547411494,0.0021931733711045287,0.0,-3.7517180946966544e-05,0.0048667640455217764,0.014405698265257838,0.0016166120460403555,-0.0010984249388062417,-0.001827964637918511,0.0,0.0012662252242081617,0.007481763850111456,0.0,0.0012040988375189299,0.019378714527713226,0.003525800505827237,0.006272581955170664,0.0,0.0020578389248627205,-0.007133013487105211,0.005648075962848387,0.0023068451565895765,-0.00811332236772333,0.00796933433019259,0.007741020935113863,0.00929031868810365,0.011704045481553627,-0.004690400788461557,-0.00030205048003378865,0.015557821684113626
