0.0,0.5366225522127895,0.3197627915810504,0.0,0.4026152100501654,0.44820889383962115,0.44671528589386744,0.5848793296992558,0.513818509700332,0.46236797229684357,0.4218315524122134,0.39330972090016697,0.586190452100247,0.5706578729855147,0.32807519282586534,0.727620074387165,0.21289240903121293,0.48731212989153694,0.0,0.3455056351264546,0.34649841297078243,0.46969457622527633,0.476548964083912,0.47374782562171147,0.3284756935032759,0.5317016395033631,0.45384362943256873,0.447404055228593,0.46867984784184924,0.6128385801551717,0.5359280538396222,0.6288757196525434,0.6657799752532454,0.5372146621592793,0.5657433962104399,0.5806141023655087,0.48345160762689576,0.4424234603506346,0.48230320224127,0.6431969473869925,0.4520407674034986,0.5576263389509286,0.4665849329393895,0.0,0.4228051067987357,0.02217901286803428,0.5928418735240658,0.0,0.0,0.0,0.4646929609901129,0.0,0.5454386300334523,0.0,0.5035912801493958,0.0,0.4712148790978625,0.7250575250594191,0.0,0.5115209040467652,0.6012356678696917,0.3312608071430526,0.6227196962566455,0.0,0.42059135612083964,0.15996364477880215,0.5630997898927046,0.6542368572527971,0.5387520550036333,0.7255872407571459,0.6021718941776875,0.44671766088594866,0.38134974929837645,0.5210651710456201,0.0,0.6882153603311516
0.5366225522127895,0.0,0.5492934629340719,0.0766001849853789,0.4648078002394369,0.47809651859769575,0.49249110694658677,0.5943307503986055,0.38658711014311276,0.13889039586298443,0.3267293005605658,0.21336920710237964,0.5051379404063362,0.5046850401716375,0.39834349669856395,0.3166849651888395,0.31711659970862843,0.4329403142553719,0.6056295124815723,0.34711460490586754,0.48396827532769227,0.39296791952200794,0.5879839083671987,0.4111508010975804,0.28392673059200846,0.29352445028896157,0.4347048981589073,0.6001112534359809,0.39498425166317963,0.4211491382506664,0.47250833758587424,0.4476918594347323,0.38768368722368995,0.5375320828805541,0.5582084086224393,0.34241598625864683,-0.021729814212637172,0.0,0.6005034218936387,0.7637860349290613,0.6172028262792413,0.6614004410925376,0.5809126597115366,0.0,0.0,0.4600281662843692,0.6146987884537674,0.02793290249264137,0.0,0.0,0.5885618807701289,0.5850037555296081,0.5667833638351238,0.5624991728265445,0.6769315210215188,0.0,0.5093139439422589,0.7117952026295645,0.0,0.4277817385728564,0.6586615420115839,0.583456629738237,0.6308948082734147,0.0,0.6315026610191198,0.5885188781649378,0.6284981081965713,0.6012308052401621,0.38723748853208506,0.6503161112586446,0.6286865727046723,0.6174044998338045,0.8355457014423309,0.6909336279462341,0.0,0.7497300694821404
0.3197627915810504,0.5492934629340719,0.0,0.5102740146756878,0.5084674566974062,0.45986931539843423,0.557142362977557,0.5740647715240549,0.06857429571200235,0.5451321954413944,0.42823929197501087,0.3643593893874932,0.5975692167501604,0.5654748833421448,0.4646819702765131,0.40995623253012825,0.5903794344726251,0.37842492142877915,0.2054093468950359,0.3713539377639986,0.4454125726356135,0.48946691896061334,0.44626671106922466,0.5296843487102295,0.4531344887326276,0.4888186113313234,0.3357497185619476,0.6265527662631589,0.550874681465228,0.4196952021660214,0.6372750861926408,0.5790099889290743,0.4454387205495209,0.6539511887533553,0.5817187044092598,0.5259906626350268,0.5365873027987489,0.4592983100449629,0.6749265465896865,0.46523171929358875,0.5613070339707154,0.504692219614527,0.7683584054630777,0.6140990710223664,0.0,0.0,0.45182972419864453,0.3961106052767994,0.4675083194449442,0.5978709073340396,0.5835503553968744,0.6559850422321408,0.5304639287379745,0.41215540346098156,0.3767797739036949,0.578493879068922,0.4461805387389622,0.6601837364855017,0.6092462156242603,0.526163818367553,0.0,0.0,0.0,0.27174915555478485,1.0203119794145723,0.41147463630565273,0.3235294817385169,0.6209721891668839,0.0,1.0145197067633036,0.51545628966693,0.6622231142562293,0.5745380931198943,0.6522572619725748,0.6781768182825745,0.4606960724229305
0.0,0.0766001849853789,0.5102740146756878,0.0,0.6290097775648913,0.6437573452073178,0.8486620817577836,0.5184683570718376,0.6529413829528221,0.11577420540491506,0.5766532113284955,0.2998833187567808,0.4110159267670762,0.5872936793768366,0.5597215816637682,-0.04187243166802947,0.5365476589824987,0.46588470796089365,0.5335521628586088,0.3701308177270559,0.4118447429491645,0.49793679567624083,0.46730866753486583,0.23231385244751757,0.9967697474915898,0.5948438244760197,0.5513310033566589,0.40113167943100336,0.48971230185406467,0.44083826079020044,0.47370264440589066,0.5042822429632488,0.1448753259683851,0.13266879265446657,0.20786279899748816,0.3362612529154015,0.205969365942012,0.2693900136008589,0.37555371872586285,0.2913891073959932,0.3652981539580823,0.26699620937571467,-0.025682653165478686,0.06180545627026758,0.0,0.0,0.0,0.3798779987727239,0.0,0.0,0.5658334704681051,0.0,0.46363956441587206,0.00451321843262463,0.0,0.16697466480449213,0.4955017681114662,0.4484373250383196,0.0,0.0,0.0,0.0,0.0,0.0,0.0,0.0,0.4665415057376105,0.7290829801410965,0.0,0.0,0.0,0.5879743369843632,0.5058307527469353,0.8503417402188487,0.0,0.0
0.4026152100501654,0.4648078002394369,0.5084674566974062,0.6290097775648913,0.0,0.35778613046834,0.3986668906533209,0.4237909158634097,0.23097523535490166,0.6916171731835553,0.30234301062060803,0.802561803617013,0.6025404109003201,0.5134465895181481,0.455378064755672,0.4881292729944131,0.4925397407820924,0.35686626138144945,0.5234890664963021,0.4977134040516136,0.4656086569079666,0.5190470483540408,0.4811935939721959,0.4984443881747316,0.36514459918737174,0.5660130201413205,0.414491555554273,0.736198277746438,0.548867879459124,0.44595851920004587,0.6647292085886181,0.5098118270149365,0.5629319599384159,0.7809088467044156,0.4289442088454022,0.46356899248608296,0.4917560563035799,0.4716343821602057,0.6108214848696054,0.698882786483904,0.5159362774159411,0.40897930968117246,0.6766243886133821,0.6634588702170315,0.2489336915206647,0.0,0.38468248375751785,0.6238913974428328,0.0,0.6344805285771604,0.7535587738432798,0.7585353795231482,0.38121184038220823,0.638763111360654,0.0,0.612816674216196,0.3400168868081239,0.8074142919109694,0.4783946062035764,0.2336371102581124,0.4474428476838356,0.0,0.0,0.5588666265666772,0.31578374432402556,0.4820295607977199,0.3672275422560747,0.6545535573882064,0.0,0.46546352467241503,0.552669737043456,0.6527680585465494,0.7692538340021413,0.7430586810498377,0.0,0.6227717850813218
0.44820889383962115,0.47809651859769575,0.45986931539843423,0.6437573452073178,0.35778613046834,0.0,0.5472587012667536,0.6328498557266936,0.4399253910588316,0.32074816539222983,0.391556534859648,0.22999985890630448,0.5884581854711606,0.6140390642552804,0.6259033037199686,0.5557654422831737,0.3850499129113338,0.5835541428955355,0.7727441470314313,0.4777361096062886,0.6353002017330054,0.4342057608441186,0.41962433326373666,0.6531240681584376,0.4112585065364426,0.48043317767735505,0.4417473078022133,0.6823257238018496,0.4751561362639671,0.5515829600063915,0.6666534292698267,0.5290118592097031,0.6264693773754779,0.6501007783509891,0.5172279097087343,0.7184853161450313,0.6663868180481056,0.3717508267484764,0.7370821307124278,0.36061368777165037,0.6132502585949986,0.42162782765132395,0.8101452317416405,0.7820032189351498,0.18210820085813997,0.6170582141560532,0.5447383258977988,0.7058249556929748,0.7802722127778912,0.5989927512416577,0.6865257323411131,0.7876879947103984,0.5506102261151202,0.7342474528789703,0.8841385818780669,0.7213136858671224,0.31317927278864965,0.7489686419762152,0.5687081412553906,0.6509666824961695,0.7102270065756613,0.0,0.6588287368735479,0.5531334675704153,0.6474568419433706,0.42092621283363185,0.6816976396959724,0.6335468250286909,0.5778415984436721,0.6073398351419561,0.5249238750664009,0.6567625114129089,0.637895655984706,0.7313527650745748,0.5301560432670633,0.7632602165628268
0.44671528589386744,0.49249110694658677,0.557142362977557,0.8486620817577836,0.3986668906533209,0.5472587012667536,0.0,0.6474206701582308,0.48603406404313454,0.4568322875163138,0.5954237514447908,0.691907382573928,0.5580711907394564,0.4551711733967804,0.5116793123974306,0.4721118605477722,0.5294291134958414,0.510338980892348,0.5787730982217447,0.4148256937776017,0.4234453594700177,0.5087914967933787,0.5802745419171493,0.4929629913217818,0.43988584614221354,0.49392668459541395,0.5170894372850938,0.8703403771974951,0.5140731597435602,0.6059052771228995,0.6942109334212876,0.6267764509580854,0.5985822486326051,0.6691023649893584,0.3706253375811591,0.8000467008289951,0.67501902655893,0.507948111366921,0.7995170742683999,0.38195595889983047,0.8655142292206706,0.4654146955631569,0.8083757329045493,0.9913324181943515,0.3263855495509612,0.0,0.5378323829524879,0.5691700970144666,0.0,0.7071473383589948,0.7202206292885791,0.7868011847423629,0.5181435988012562,0.78098209345691,0.5646894687744999,0.711247310443252,0.42252626985057995,0.6714781039302155,0.34576474243527366,0.4843467888004972,0.5674856815904276,0.0,0.5216418364240744,0.652239918206168,0.8068893449807659,0.47327667675646934,0.6213621052391225,0.6708195291089358,0.46501570123755553,0.5484488492007945,0.6096423939756119,0.6689878613803593,0.7151574097042153,0.6134165007155012,0.7408707276612185,0.6853253572925389
0.5848793296992558,0.5943307503986055,0.5740647715240549,0.5184683570718376,0.4237909158634097,0.6328498557266936,0.6474206701582308,0.0,0.5702054047132535,0.5984902740943736,0.8227715022150881,0.6040126602375702,0.6559399013104343,0.7583836771282193,0.4878120346310449,0.7100029834841839,0.3425581694027613,0.5778686198220169,0.5952618671338832,0.3617665120669878,0.6110237504878712,0.4315327919796653,0.47718416030763056,0.44096299750072854,0.5886869617049839,0.5097474739174257,0.5616208867526455,0.43590386090175487,0.4253397962352331,0.23806481894126294,0.49183312684672553,0.33330259618080477,0.5975031139867748,0.5367028343659922,0.5129715722806119,0.27837110689653766,0.2638237598945764,0.44565010426639784,0.533171921779409,0.7276413932579755,0.3309859189781813,0.4517359826653484,0.7641169452769727,0.4298866918415465,0.0,0.5122554563169353,0.32494460405571785,0.6357995631353451,0.0,0.5628459072047415,0.5401310501641622,0.6988251663914691,0.1982584852721888,0.5896584408581661,0.7176198509541134,0.5023186903823967,0.9231814263574467,0.6554669760485262,0.5159239293621339,0.6911845299663233,0.3680362836044474,0.0,1.0365701644849665,0.6134671716994355,0.6281949375893416,0.28049820581798995,0.4063846824001576,0.5186970993913682,0.0,0.5001047913940866,0.5256513826998515,0.5034532870593766,0.5676498003957977,0.6230835235894546,0.4734654479314159,0.41212395872239227
0.513818509700332,0.38658711014311276,0.06857429571200235,0.6529413829528221,0.23097523535490166,0.4399253910588316,0.48603406404313454,0.5702054047132535,0.0,0.6507947333346671,0.18331685430660927,0.7182625756273644,0.6782883396129342,0.5908710264877204,0.8483632477961311,0.41083521799244327,0.5272636396460825,0.8569866423405046,0.1782020376101873,0.45851359337332526,0.5560788548349707,0.440010932695936,0.5089710403309458,0.610024753972602,0.47777124224121204,0.7460317441061988,0.48003549345118496,0.7059342841131739,0.5541590286623823,0.4847044888711203,0.6966378308408223,0.7267613989259362,0.6171382668755314,0.7407011166263266,0.7098360617136088,0.5744957201716181,0.702972848622547,0.7038703185818423,0.6983085138873361,0.5068774113576412,0.5139597450088347,0.3801897801182097,0.7543259932843392,0.7043784682370011,0.4728106009894899,0.0,0.34644772319569517,0.6904208206567428,0.4644337851006404,0.844604733707588,0.7577357955014401,0.8048805495174118,0.6014744455678803,0.6645451127816988,0.4739844603046923,0.7202474568614997,0.4139007044461368,0.6789231434366385,0.6977384733343008,0.4499825753366694,0.6100119641639052,0.0,0.0,0.6299711661802456,0.6105579675124919,0.7059173318906946,0.8016965235756197,0.6842080699427047,0.31041699539753387,0.5080005210456475,0.2108611424369251,0.6895354768094721,0.6764857038621859,0.7369205495595251,0.48047552157060036,0.7904664536020631
0.46236797229684357,0.13889039586298443,0.5451321954413944,0.11577420540491506,0.6916171731835553,0.32074816539222983,0.4568322875163138,0.5984902740943736,0.6507947333346671,0.0,0.7278232034965249,0.5669840849771631,0.4784269917383752,0.6194901981051226,0.5791762865239332,0.5042388000095962,0.5526817885413554,0.4124849656887744,0.6879228576652907,0.6159455121561093,0.5648575177606846,0.2580435507292244,0.4788637988696918,0.463154614308699,0.5470720904104223,0.4635826029647022,0.41280637126442077,0.5791343410216754,0.6378380071666367,0.09270552363442702,0.6924285945242019,0.1164014368298179,0.3569712109185955,0.5692746996813974,0.5636177951609793,0.24541094846490794,0.5283409018649745,0.4633554579339545,0.19543726254291435,0.4892229171207608,0.3530491795546815,0.20532966334416972,0.23600699916327644,0.23790532112490523,0.5093818626958454,0.6115878920747099,0.5178877709954066,0.4128828505404583,0.09308822206259357,0.4333960910004597,0.7442336524666318,0.3939320919196173,0.5573359803795571,0.5606189396963808,0.5718712855147736,0.4109902149697914,0.6089011584535118,0.808775086679199,0.0,0.8891375657008642,0.46876996641426116,0.5119144829378891,0.49091308664326827,0.4638021276017317,0.8464746580943121,0.54841198513405,0.6847214941462432,0.7606462699394763,0.32738040747421504,0.4796351684250686,0.4737126555541862,0.7626677361004137,0.4331301350425462,0.6428298412266343,0.0,0.8176775922693076
0.4218315524122134,0.3267293005605658,0.42823929197501087,0.5766532113284955,0.30234301062060803,0.391556534859648,0.5954237514447908,0.8227715022150881,0.18331685430660927,0.7278232034965249,0.0,0.7547150371577055,0.6436512008624896,0.6332936673170951,0.0,0.505029550821086,0.471258736977882,0.7545824204213774,0.19510788995080366,0.4472938690041576,0.5340817273270474,0.3721537970070655,0.6450161820611695,0.47130867528339015,0.673166295806194,0.6379453148448064,0.45427274689963026,0.6936648211169083,0.3921759487455515,0.5139528102703477,0.6910164072196465,0.7536707874340832,0.7162397626033169,0.7910616161955084,0.646443655664196,0.7073506728523669,0.8145973038682446,0.7580536645657726,0.6651957240842266,0.5131781072922549,0.8589003197422276,0.40505858905214376,0.7944768825256185,0.5484937284890142,0.17436810191554655,0.0,0.0,0.5576471728411627,0.4632535010085408,0.35722283195917826,0.7495689372582388,0.5930376923096053,0.6679044923140105,0.7324338892658343,0.6245965483905374,0.3252429379934781,0.33602126893076406,0.6417697647280756,0.402821820208754,0.0,0.0,0.0,0.0,0.31006305711807985,0.34649965665735155,0.0,0.6639230316012618,0.6809148913389313,0.0,0.0,0.8899716418114035,0.7725002990606641,0.5836268327216874,0.725416846292301,0.0,0.8217026612355453
0.39330972090016697,0.21336920710237964,0.3643593893874932,0.2998833187567808,0.802561803617013,0.22999985890630448,0.691907382573928,0.6040126602375702,0.7182625756273644,0.5669840849771631,0.7547150371577055,0.0,0.645988511904509,0.9202298201331662,0.1252593087178006,0.6233887271410645,0.5500865174998455,0.6232449120723392,0.7513742062406288,0.5001840476862731,0.4614610847800188,-0.01006050211416376,0.4331359791968612,0.34640274727291087,0.3554072554361819,0.4735479557893635,0.17641707761707143,0.7823397394499056,0.7535305725445063,0.29591661775891254,0.6999711795186507,0.017146263089421687,0.33879888193819907,0.2844960487540002,0.23125123083408314,0.35402290678792864,0.33265280794460106,0.08528301319407569,0.4434465804210794,0.548400500144467,0.33461922362338414,-0.01848908397724236,0.4828827163347783,0.4030493898311672,0.45000545052924223,0.12896985317961213,0.5535687905818426,0.24993569957271672,0.18417985583739444,0.2713513113994002,0.3315587066389446,0.47505051396450243,0.23042625862204874,0.39993252610565044,0.5450775694906362,0.2469480089513983,0.6479058127305533,0.7783588130204235,0.6830490452162776,0.6347622548036451,0.5548804801736322,0.514836775574529,0.5906495275284243,0.3516678992973669,0.7355612790302297,0.7225843373311707,0.4108036866694561,0.5120157792605137,0.3296225510223458,0.49326812347971366,0.45350244225792635,0.3351369420034038,0.8640028941566831,0.6385752366274533,0.0,0.7904205904996155
0.586190452100247,0.5051379404063362,0.5975692167501604,0.4110159267670762,0.6025404109003201,0.5884581854711606,0.5580711907394564,0.6559399013104343,0.6782883396129342,0.4784269917383752,0.6436512008624896,0.645988511904509,0.0,0.5972117055763952,0.4821373670860901,0.5357821544195783,0.5318934979474605,0.5930345288189949,0.6497249141647525,0.5404304356747064,0.6679391318215052,0.5085189294602138,0.6296273036279758,0.4788210883874592,0.501614693565498,0.5212443764431267,0.6037107708529899,0.6333554454663757,0.6155701777824634,0.5131410167420262,0.5504665845996233,0.6346192845296073,0.489507753314265,0.5651815872626925,0.4711787477039998,0.43030649011263633,0.33901586043821863,0.8005338444198187,0.7509169296132601,0.7995399729550143,0.9118530286084165,0.43182836398160984,0.8917004082778475,0.7524672480664818,0.3699298221111504,0.5602492551675571,0.6992047200637267,0.8032847521160771,0.0,0.8945093278862699,0.8014250594852399,0.8276742791176317,0.5727223214963938,0.8566913761535577,0.8894456728047886,0.6729682402360004,0.4024258767718242,0.8867131576001435,0.39944906799782043,0.6173605302818821,0.6709048225807933,0.3834625188004147,0.4422781103319364,0.7085838897942716,0.6327165531854384,0.5206087050746473,0.6215952871240222,0.7476771082724867,0.44841094558077604,0.5909602419558084,0.5106532159727901,0.7589515919516467,0.7661143920916783,0.708977211231762,0.4673674533674781,0.7381246542762595
0.5706578729855147,0.5046850401716375,0.5654748833421448,0.5872936793768366,0.5134465895181481,0.6140390642552804,0.4551711733967804,0.7583836771282193,0.5908710264877204,0.6194901981051226,0.6332936673170951,0.9202298201331662,0.5972117055763952,0.0,0.5054053535138459,0.8673373026104506,0.4657900517364496,0.48290665914253117,0.7082383219706714,0.7030611020781921,0.4557574167339702,0.245450186143071,0.5226715650712803,0.7633588237673292,0.6510909122197062,0.42235327181072124,0.7028014788848985,0.7003012227807457,0.3730710427384931,0.7691407970792283,0.6874651200027333,0.580518372007217,0.2584585774411021,0.8989031395138449,0.3578708326769533,0.512424733127319,0.39378022112983946,0.38847946327922656,0.6467070388042613,0.0,0.6816358613942586,0.8092134003392588,0.7970608923545655,0.4673574743769446,0.0,0.0,0.0,0.5072228102983971,0.0,0.5030854291961753,0.45101470584333186,0.4496754284943803,0.545594373820993,0.4137937628278098,0.0,0.5252087922874058,0.3872371127224987,0.7332880831332484,0.4441567459252639,0.0,0.0,0.0,0.0,0.4891181045793449,0.0,0.0,0.0,0.6301797852382605,0.0,0.0,0.0,0.4867960221719544,0.7042031179446702,0.0,0.0,0.0
0.32807519282586534,0.39834349669856395,0.4646819702765131,0.5597215816637682,0.455378064755672,0.6259033037199686,0.5116793123974306,0.4878120346310449,0.8483632477961311,0.5791762865239332,0.0,0.1252593087178006,0.4821373670860901,0.5054053535138459,0.0,0.578613858276767,0.4448700676336531,0.4894368535589023,0.0,0.3547681177722465,0.4321473800140426,0.28100412005581743,0.5478967675467621,0.04498681333165358,0.48704184575662357,0.21994795113678414,0.3070231777238319,0.4701107032642936,0.5441554928810317,0.39613678352705184,0.5489948870251506,0.35776019982699847,0.6136806389018725,0.5281913951285321,0.599092888510721,0.542510543492442,0.4457341284251295,0.3639973444413905,0.4567877089862739,0.5278901930153531,0.5901843114949474,0.5365239302872242,0.4794986138804944,0.590498777350841,0.0,0.5404199535380361,0.6571357936626097,0.4133847633907316,0.0,0.0,0.46712121894599135,0.6743736115052809,0.5062913867409766,0.5197442425013011,0.0,0.0,0.6093488718461263,0.4869015985842639,0.46524927189909415,0.6977852672423754,0.6776306929974946,0.5787419088986998,0.6538534157051544,0.0,0.7240234864578456,0.5231730709113588,0.7535062153617851,0.715465311020762,0.4500073326143471,0.7377318562267133,0.5455706598289396,0.6014412539350457,0.47612531678530867,0.5675058386719023,0.5358821859836107,0.4788041618468478
0.727620074387165,0.3166849651888395,0.40995623253012825,-0.04187243166802947,0.4881292729944131,0.5557654422831737,0.4721118605477722,0.7100029834841839,0.41083521799244327,0.5042388000095962,0.505029550821086,0.6233887271410645,0.5357821544195783,0.8673373026104506,0.578613858276767,0.0,0.42301310366662404,0.31920770958427036,0.44598374254309703,0.4551931552380044,0.6302281655007959,0.4252198920244048,0.6646332574845497,0.6272461604269799,0.41512324283461255,0.556550314707831,0.5427881315950753,0.551915870557423,0.4496557583823378,0.583136326086296,0.5582397047481432,0.48168721011834276,0.3462884816427372,0.4882570610375543,0.6887604231408104,1.0101830287966533,0.4873386012729505,0.5799252516945752,0.7407420384287224,0.7468964641141033,0.7536813773834102,0.7291373922499669,0.46564524149028397,0.0,0.0,0.4230632010486736,0.7198580789297255,0.0,0.0,0.0,0.6613733224542455,0.6002299275077154,0.8132814465480824,0.0,0.49999410410595696,0.0,0.3574081750828477,0.5730647120499923,0.0,0.5900088492871596,0.7325839861402765,0.5401853791529974,0.7383811500329704,0.0,0.7469927446539693,0.45169936184880766,0.6139479060278015,0.6512600314154103,0.3617673749913619,0.8313372399714415,0.7531315695543194,0.6640283150556329,0.7354186012748056,0.8591449898881138,0.0,0.669176754532127
0.21289240903121293,0.31711659970862843,0.5903794344726251,0.5365476589824987,0.4925397407820924,0.3850499129113338,0.5294291134958414,0.3425581694027613,0.5272636396460825,0.5526817885413554,0.471258736977882,0.5500865174998455,0.5318934979474605,0.4657900517364496,0.4448700676336531,0.42301310366662404,0.0,0.6294986990590556,0.5916458255779595,0.4373560772131503,0.14548078489020044,0.6413332203920264,0.23976494874665985,0.4269158872593498,0.426526829665441,0.32814218434775466,0.25952847592056816,0.7842073774385898,0.4479276156754721,0.4661007852709429,0.5548760067234149,0.46161492523034453,0.47262496263771125,0.47272400075223664,0.5855794930777136,0.5455929522080425,0.24015643484035096,0.4598373139095765,0.7197558244873152,0.2896331894646047,0.6036108804489124,0.5464356828113366,0.0,0.0,0.4704991207514836,0.5870915085429765,0.8236557776899989,0.0,0.0,0.0,0.0,0.0,0.0,0.0,0.5956309772427111,0.0,0.5857631860942663,0.2991028374712258,0.0,1.0441690753659114,0.5828938636838968,0.6643122584421819,0.5763576176894873,0.0,0.0,0.0,0.8715041823936542,0.0,0.5778827198624222,0.645749268269782,0.614953527733741,0.0,0.5243119512271803,0.46418263485986133,0.0,0.7049515489530178
0.48731212989153694,0.4329403142553719,0.37842492142877915,0.46588470796089365,0.35686626138144945,0.5835541428955355,0.510338980892348,0.5778686198220169,0.8569866423405046,0.4124849656887744,0.7545824204213774,0.6232449120723392,0.5930345288189949,0.48290665914253117,0.4894368535589023,0.31920770958427036,0.6294986990590556,0.0,0.6661358626799809,0.39151707503390626,0.5523638940161604,0.3995170369245833,0.5908644390705377,0.3563084781922525,0.4711081729369551,0.3108529124185213,0.6282955908613352,0.5101527582093404,0.5007737750405299,0.4927878969665117,0.5271491278647362,0.46155003202783473,0.47256143199988976,0.5973995646130429,0.4900573093444339,0.5169989573450915,0.2454755803750947,0.26605531332165394,0.6906149797206061,0.5631898423416014,0.6144148519073335,0.6692975720207364,0.0,0.0,0.566392588169772,0.47297937964611275,0.6950663397361114,0.0,0.0,0.0,0.4791122326065116,0.550526551306536,0.8247990799270611,0.0,0.6621755933164049,0.0,0.6618741409027703,0.7129702856218764,0.0,0.594480325166099,0.6867824734792065,0.6799831777406711,0.6233589017165138,0.0,0.6151636721333851,0.5721653898275539,0.6320549732389554,0.810597110573668,0.5343010257754038,0.6489136089771719,0.6832546306023846,0.8071272779025849,0.6464822584367886,0.7174427011815965,0.0,0.777746197269017
0.0,0.6056295124815723,0.2054093468950359,0.5335521628586088,0.5234890664963021,0.7727441470314313,0.5787730982217447,0.5952618671338832,0.1782020376101873,0.6879228576652907,0.19510788995080366,0.7513742062406288,0.6497249141647525,0.7082383219706714,0.0,0.44598374254309703,0.5916458255779595,0.6661358626799809,0.0,0.5278782751037993,0.41123262584198284,0.6581852400812238,0.6316102951367185,0.29616360915086937,0.6167606397651038,0.42985827751760186,0.4489443005892111,0.7165732623697031,0.8644820142436244,0.41366434191787416,0.7076925629868593,0.7416121392809953,0.7632692902113998,0.7449611094133513,0.5805986780435382,0.6904098523226112,0.671256852949128,0.41379890973205347,0.7451580496826717,0.37771261368022,0.8267888291708068,0.20604157967630593,0.8133347290499384,0.3298261981178961,0.39624712836515386,0.0,0.0,0.7024259770731005,0.0,0.5665796719476349,0.6469990699616944,0.6896440311948258,0.4868575815424935,0.7017917151899199,0.8703311622316602,0.4187371571032928,0.4857177484936762,0.605767982261682,0.48751584321605174,0.0,0.0,0.0,0.0,0.6384113075799003,0.46412087115051937,0.0,0.4811134595319577,0.6166889585719214,0.0,0.0,0.0,0.6630523307450015,0.6817756552647538,0.7851184656841519,0.46805318191661394,0.7046404968012474
0.3455056351264546,0.34711460490586754,0.3713539377639986,0.3701308177270559,0.4977134040516136,0.4777361096062886,0.4148256937776017,0.3617665120669878,0.45851359337332526,0.6159455121561093,0.4472938690041576,0.5001840476862731,0.5404304356747064,0.7030611020781921,0.3547681177722465,0.4551931552380044,0.4373560772131503,0.39151707503390626,0.5278782751037993,0.0,0.5370914064652109,0.41462498923266117,0.34685687999906,0.49902596661982035,0.45017488599460576,0.3820355479100067,0.5227621285582718,0.6158611883529741,0.41005065187661593,0.5590375158126554,0.5590891354637568,0.3148549763568895,0.4318873375791577,0.5693381273673608,0.635896550120751,0.7761329029649251,0.3023742253458358,0.7667508286423059,0.5256131452609283,0.616601591358356,0.6089541916722852,0.5275716650559172,0.4620281918540853,0.23162103269329354,0.19245476540261788,0.4600167907244328,0.6368993689039354,0.46221552987299386,0.0,0.0,0.4489726460777531,0.555224810833413,0.5237565419980617,0.43221669006217966,0.9522138601724415,0.0,0.5502578549350836,0.5655761087720046,0.0,0.6156650419420607,0.6136939142431013,0.46600609836881524,0.8224387352260257,0.0,0.5499505784705094,0.5087082294089827,0.558887252322208,0.578286587681478,0.0,0.7570366077821047,0.42561158062077586,0.5210203096782052,0.4481642547955162,0.5727144662578527,0.41372464902222106,0.5111270808158416
0.34649841297078243,0.48396827532769227,0.4454125726356135,0.4118447429491645,0.4656086569079666,0.6353002017330054,0.4234453594700177,0.6110237504878712,0.5560788548349707,0.5648575177606846,0.5340817273270474,0.4614610847800188,0.6679391318215052,0.4557574167339702,0.4321473800140426,0.6302281655007959,0.14548078489020044,0.5523638940161604,0.41123262584198284,0.5370914064652109,0.0,0.3807048354288509,0.6298333162152303,0.40898205164222,0.44480065441831,0.4948994306473193,0.5651743912387326,0.5522289261842126,0.5398497500725415,0.4471343046621151,0.5275228660101583,0.332852316843633,0.5044433391442812,0.4457361881879871,0.5015859908726195,0.49148956560156,0.31657994314968174,0.3364035097441601,0.35582950874471375,0.5075065866096463,0.3773223617521552,0.34622130394412287,0.5552519313353181,0.0,0.0,0.1855054350964168,0.6313563118583214,0.6198077598351941,0.0,0.0,0.5769114808043567,0.41353922533313053,0.23454635102275107,0.5127644364101455,0.39195615765801045,0.0,0.6415525047536592,0.47054915165305355,0.0,0.5467355509411486,0.5805290995107758,0.0,0.6173419611904838,0.0,0.6274528921677108,0.5352382108088913,0.5307970976952389,0.6105614965428615,0.7761840671370144,0.5466139948705788,0.6754040399572379,0.5558345308892516,0.542842217465966,0.6424513502681579,0.34900154458163724,0.19653831072255612
0.46969457622527633,0.39296791952200794,0.48946691896061334,0.49793679567624083,0.5190470483540408,0.4342057608441186,0.5087914967933787,0.4315327919796653,0.440010932695936,0.2580435507292244,0.3721537970070655,-0.01006050211416376,0.5085189294602138,0.245450186143071,0.28100412005581743,0.4252198920244048,0.6413332203920264,0.3995170369245833,0.6581852400812238,0.41462498923266117,0.3807048354288509,0.0,0.7059475528145915,0.41857685313851384,0.3512200008976292,0.3782465642531213,0.3886322461075389,0.5465491254525918,0.42488500862626244,0.5792335765936456,0.4831431725860852,0.37269011842928895,0.35564533674822846,0.5653477217881924,0.6254809288634395,0.5999481250506621,0.4572937475993432,0.5172255680386311,0.5955141161542219,0.6376947978142844,0.6319318914452721,0.6960647308960575,0.05064659050526166,0.3658365065599912,0.22839382753462342,0.4472945513575183,0.600777573725991,0.6909277952652988,0.46542343382775975,0.23252048609237508,0.5687429504541852,0.6774316121950079,0.5537444715370027,0.602917320295751,0.46905493667874437,0.0,0.34496694543612905,0.6329340184574898,0.0,0.6516422434914014,0.6170261650035989,0.38322362025313855,0.667463320350993,0.0,0.5190601932354695,0.5058729701976652,0.6537020625386509,0.6295223709914839,0.7339579395356643,0.6395500477710823,0.5706219471109286,0.5294883259162639,0.5917408573456534,0.5826850304584553,0.5251308905903294,0.626992293890546
0.476548964083912,0.5879839083671987,0.44626671106922466,0.46730866753486583,0.4811935939721959,0.41962433326373666,0.5802745419171493,0.47718416030763056,0.5089710403309458,0.4788637988696918,0.6450161820611695,0.4331359791968612,0.6296273036279758,0.5226715650712803,0.5478967675467621,0.6646332574845497,0.23976494874665985,0.5908644390705377,0.6316102951367185,0.34685687999906,0.6298333162152303,0.7059475528145915,0.0,0.4313644892347944,0.5579469982276439,0.47280153465908104,0.22480530126000628,0.5298421429867988,0.5594215957559746,0.43278872537938007,0.5528448901661467,0.531836215036356,0.6336297128018089,0.5742338365719324,0.7195426821847759,0.5546882485884066,0.640906834745531,0.283625304676203,0.6096824938363543,0.4828979025068971,0.5575059147882344,0.5894500052582352,0.7185188592496521,0.7436197244569984,0.5308126848831509,0.4705813722421481,0.7205412933058553,0.7149237867979679,0.38170441919885345,0.700442415365893,0.634188513509127,0.7106867956904483,0.5051226902649079,0.6912573122264273,0.6933303183582917,0.736380634452264,0.6911467538379856,0.6337594375455838,0.5864916336318501,0.6939574035233872,0.7368463036605912,0.8464746580943121,0.5944481227947218,0.5883333588508319,0.6526488008557518,0.6576844105873016,0.6465464051187668,0.7022327426993712,0.210572736549053,0.7129165336375443,0.5994570603546095,0.5574209771270061,0.5666819770961771,0.6643009784665561,0.54137789125903,0.6159288154292594
0.47374782562171147,0.4111508010975804,0.5296843487102295,0.23231385244751757,0.4984443881747316,0.6531240681584376,0.4929629913217818,0.44096299750072854,0.610024753972602,0.463154614308699,0.47130867528339015,0.34640274727291087,0.4788210883874592,0.7633588237673292,0.04498681333165358,0.6272461604269799,0.4269158872593498,0.3563084781922525,0.29616360915086937,0.49902596661982035,0.40898205164222,0.41857685313851384,0.4313644892347944,0.0,0.3900388108286108,0.3254135865204606,0.26148824273779747,0.5725377468210151,0.5160173111595799,0.8041042713540125,0.7110918648412455,0.13249994947979224,0.4791517608161391,0.38849686431635305,0.757464474359659,0.36128623715632724,0.12585714333417025,0.39589392762819187,0.3651673758040317,0.770976810192224,0.36833307353613043,0.5664835957196838,0.5776254471942485,0.33999844769126475,0.5661742917934859,0.3179223478297036,0.7506632464210179,0.0,0.0,0.4670737004435076,0.5688383997738,0.2904983696796902,0.0,0.0039513578328620146,0.5794662282200902,0.541380824878213,0.593121785258278,0.3954175448998271,0.0,0.21449667504775638,0.7638811978495598,0.46793965224273204,0.5357425319683334,0.4701828068715208,0.3292978545258811,0.42734129707481217,0.17522528412225025,0.8119390558026303,0.4742198303671581,0.5263859448429298,0.5002478764265221,0.5185519683605875,0.5833515429823941,0.6292442114161599,0.0,0.6088784266000449
0.3284756935032759,0.28392673059200846,0.4531344887326276,0.9967697474915898,0.36514459918737174,0.4112585065364426,0.43988584614221354,0.5886869617049839,0.47777124224121204,0.5470720904104223,0.673166295806194,0.3554072554361819,0.501614693565498,0.6510909122197062,0.48704184575662357,0.41512324283461255,0.426526829665441,0.4711081729369551,0.6167606397651038,0.45017488599460576,0.44480065441831,0.3512200008976292,0.5579469982276439,0.3900388108286108,0.0,0.1491735678541229,0.523900514709226,0.5312389173012358,0.4995265362832527,0.48754239939445054,0.503142730396212,0.22904648486659349,0.40268306608145654,0.34702859716529666,0.5110945972773856,0.46060875612181473,0.5759454009168,0.42010756719683606,0.7201453917141971,0.5907837599127317,0.6471581205789212,0.7094951599895618,0.08356924853689655,0.0,0.25217673463789847,0.3896922395435784,0.6718693587036052,0.0,0.0,0.0,0.678498396408939,0.5410548321336898,0.60307782037421,0.41780080879880466,0.5685230323885195,0.4468045935576343,0.6071572302136307,0.5015431075879528,0.0,0.5520547432332932,0.669142642126747,0.5826451927869809,0.6590167367622046,0.0,0.7380913733193682,0.5394755424227392,0.5905421061124105,0.6228316508050737,0.536345872301829,0.6647197213672131,0.645474168785497,0.5405048306698392,0.7619707653105481,0.5255139840376081,0.0,0.7465632888492115
0.5317016395033631,0.29352445028896157,0.4888186113313234,0.5948438244760197,0.5660130201413205,0.48043317767735505,0.49392668459541395,0.5097474739174257,0.7460317441061988,0.4635826029647022,0.6379453148448064,0.4735479557893635,0.5212443764431267,0.42235327181072124,0.21994795113678414,0.556550314707831,0.32814218434775466,0.3108529124185213,0.42985827751760186,0.3820355479100067,0.4948994306473193,0.3782465642531213,0.47280153465908104,0.3254135865204606,0.1491735678541229,0.0,0.4820443943115249,0.5545188112272277,0.6217206709958978,0.3803800124736798,0.41672095760323397,0.4741812787481674,0.487261730667155,0.4039299853650285,0.5500361957672664,0.47740752101234796,0.5002392812068939,0.3467595395982054,0.6448030192376222,0.6386728093490742,0.7225614486757957,0.5660155845987032,0.1789394991698805,0.5272404707346801,0.3029973822827981,0.4528103584677261,0.7115608600918419,0.6352591910868213,0.0,-0.01661530121437199,0.5970980204747404,0.6307440659490766,0.525929866713135,0.40868598487226937,0.5092239838417261,0.0,0.5772839984105116,0.6409703263637871,0.0,0.5771234308203688,0.7030305957576832,0.519852549057763,0.5700305204628413,0.0,0.5184346813465435,0.634057505233763,0.6797240777339695,0.5463783173571922,0.461016576265777,0.6183245266634696,0.6030231072981622,0.6162485442889283,0.6318109855204073,0.5658086491821203,0.44627129361800744,0.6456884685737084
0.45384362943256873,0.4347048981589073,0.3357497185619476,0.5513310033566589,0.414491555554273,0.4417473078022133,0.5170894372850938,0.5616208867526455,0.48003549345118496,0.41280637126442077,0.45427274689963026,0.17641707761707143,0.6037107708529899,0.7028014788848985,0.3070231777238319,0.5427881315950753,0.25952847592056816,0.6282955908613352,0.4489443005892111,0.5227621285582718,0.5651743912387326,0.3886322461075389,0.22480530126000628,0.26148824273779747,0.523900514709226,0.4820443943115249,0.0,0.5460482790796308,0.4701855680260707,0.3891403422754534,0.47592744802277687,0.4137711098640615,0.47524709312091384,0.5578397631271328,0.6400221843613202,0.5465130191531735,0.644200404195459,0.32765157070354534,0.5969694735844542,0.5154317418311942,0.5443287242044874,0.5073803553665078,0.7053682121556979,0.719855117263849,0.39097501215940345,0.3829894100532978,0.5759740654128096,0.7173266509583126,0.26710124953852454,0.7382775906106611,0.6473270258560483,0.7101801894549437,0.5697160391738297,0.7246684862462804,0.8257672303314953,0.7485407518741087,0.3603967124245913,0.6370612197351346,0.9429186581921224,0.6054834066381622,0.6995982363674598,0.0,0.5829749562709293,0.6515048378704449,0.604219696041975,0.5786772601594083,0.5479522780307778,0.5796864711615273,0.0,0.7471544782274612,0.5203099767199553,0.5927358309781003,0.5601605857893267,0.6017629769918659,0.4071324165172795,0.5899097504644443
0.447404055228593,0.6001112534359809,0.6265527662631589,0.40113167943100336,0.736198277746438,0.6823257238018496,0.8703403771974951,0.43590386090175487,0.7059342841131739,0.5791343410216754,0.6936648211169083,0.7823397394499056,0.6333554454663757,0.7003012227807457,0.4701107032642936,0.551915870557423,0.7842073774385898,0.5101527582093404,0.7165732623697031,0.6158611883529741,0.5522289261842126,0.5465491254525918,0.5298421429867988,0.5725377468210151,0.5312389173012358,0.5545188112272277,0.5460482790796308,0.0,0.6622595558175015,0.2922692220126175,0.600162991107424,0.6540481262912512,0.6119830301862592,0.5901078583218322,0.47648676558599945,0.41098133924688807,0.45107819749802897,0.9302032220828174,0.4010229126264405,0.28408810663576445,0.5448271771771178,0.2910269394652532,0.28137602250351873,0.6647041258668667,0.5946549987103134,0.5600734803949884,0.7787470656948148,0.66116201109367,0.0,0.6141476731557285,0.6903975592165565,0.711977508925024,0.43651837500534907,0.6429182462609322,0.5568831092978049,0.6340031847702571,0.45751786860227606,0.6481515081267882,0.32648929742455257,0.5977579615130477,0.8011701270242477,0.17028654556079106,0.5091700499626957,0.54994703708457,0.6948760199215891,0.5796051500812599,0.6369330220460048,0.6364853151270422,0.5092475285122133,0.6785061525057183,0.5479462767249582,0.6322944971354447,0.6367197546209363,0.6364837221497848,0.4403940316167599,0.6261381259257068
0.46867984784184924,0.39498425166317963,0.550874681465228,0.48971230185406467,0.548867879459124,0.4751561362639671,0.5140731597435602,0.4253397962352331,0.5541590286623823,0.6378380071666367,0.3921759487455515,0.7535305725445063,0.6155701777824634,0.3730710427384931,0.5441554928810317,0.4496557583823378,0.4479276156754721,0.5007737750405299,0.8644820142436244,0.41005065187661593,0.5398497500725415,0.42488500862626244,0.5594215957559746,0.5160173111595799,0.4995265362832527,0.6217206709958978,0.4701855680260707,0.6622595558175015,0.0,0.5736783186299808,0.7213841623613959,0.29346453397582223,0.340328878084764,0.7257325344721335,0.6567608135105868,0.41777165206412087,0.4574391423383184,0.5304435096868192,0.5767114667761242,0.642791912648335,0.6010441516625769,0.5306725708108492,0.3854829315721102,0.6098389930561665,0.6023985815846321,0.398540277617823,0.6306699124165533,0.6537604738901773,0.46013548690897665,0.5225658656520051,0.6421474372943354,0.6605488185820552,0.4685043005088088,0.6145576343277646,0.7866220266219213,0.7228774989525638,0.538996956444797,0.5854981826473313,0.7503639214822073,0.638835233866169,0.7765139687047404,0.4650672319432566,0.8710655634569129,0.6995898328701518,0.6283841916075683,0.5685221779472248,0.6084520551563217,0.6134286342969661,0.46228491463027166,0.8359205653900885,0.5991506474276409,0.5998333595645476,0.5619534515374648,0.6196465977376437,0.47004458860324255,0.5977368525139377
