0.0,0.02782552054642612,-0.0009134849793073774,0.0,0.0003279413220743099,0.039169865325929476,0.04468794380427771,0.04845584601110364,-0.0007789469297342921,0.045829675111131674,-0.0017507599487097125,0.03335276452168773,0.04051534482878927,0.03663725588686639,0.024751761250101034,0.022878947366949454,0.04657379770721265,0.027151234572675376,0.0,0.03894443926706176,0.016046462548284735,0.03471422046135242,0.03520372786101439,0.008271169317301375,0.03886000232816911,0.009301815995789275,0.037843509283962184,0.025737155086987207,0.05366486609127452,-0.0010778447269930158,0.030925250968745766,0.020667628114945158,0.027321657864368187,0.023884400510066073,0.004018072760452018,0.03782708639379845,0.0006786148020295202,0.06043108884825238,0.013919067964737186,0.018168595191802306,0.018341242100772037,0.0013328057136640092,3.530110025418143e-05,0.0,0.001094205288421024,0.00963820484508554,0.06174126112310796,0.0,0.0,0.0,0.030506509695476247,1.1102230246251565e-16,0.0010713407295733224,0.0,0.03212041817935779,0.0,0.045588916512204314,0.0010091483306261528,0.0,0.00018619610562026212,0.055987376213619544,-0.0003218441098811198,0.043527998082847574,0.0,-0.0002481548051098681,0.05318023436952923,0.052656978723239156,0.0045561826238950665,-0.16502816744551185,0.04240807571165084,0.04476847135522505,0.0018031621630413275,-0.0003303721367101109,0.003498402079967766,0.0,0.03872435681625114
0.02782552054642612,0.0,0.061567350969781,-0.00020514464095855445,0.07275270345310841,0.057005675190603955,0.06611226798785175,0.06428674509546806,0.06087941328520202,0.00796069037903585,-3.0989591219832135e-06,0.009159000897440372,0.06613774224274616,-0.0009896896106464936,0.04639429755956781,0.009291457265468817,0.004667580247965819,0.016065724038130336,0.0013677180914805631,0.041293062821264326,0.03939964330412099,0.012437470262064987,0.05528071916753502,0.0406700449431493,0.03045453035708756,0.03655010479584814,0.03801578708110476,0.059349326354184384,0.05272348019154788,0.00034698919963188635,0.02990507323314079,0.006433504708154569,0.004724670899805494,0.002393672149091919,-0.0034437203555315876,-0.001269031012348265,-0.0002931480214223847,0.0,0.0432326072868231,0.055678221118525384,0.04658647758113976,0.04638224566451027,0.06282223671692155,0.0,2.220446049250313e-16,0.041306315729806586,0.058954829147083776,6.307009508565997e-05,0.0,0.0,0.06480684711687384,0.05632186693437352,-0.00017419298537946215,0.0006235531508367309,0.04246253926071636,0.0,0.00048345377622199814,0.054344590615349964,0.0,0.043729637795977605,0.0607149937401269,0.04798673357833211,0.06790691999549908,0.0,0.053873361237637696,0.030193643381917434,0.05081796959751789,0.05109571633263105,-0.0009284632237062107,0.06902846575308974,0.06152506291060983,0.0524863528624932,0.04763962373905001,0.05880229540847576,-1.1102230246251565e-16,0.04793471534321769
-0.0009134849793073774,0.061567350969781,0.0,0.058349961075121304,0.04321942566794906,0.04155351944042779,0.053616141614638346,0.04074567337961715,0.03665826484118462,0.05619692737962423,0.06597282486223577,0.06183657625139344,0.05995222845636494,0.03305439496116552,0.0002941211993444659,0.09851957951042101,-0.0014675587842783444,-0.0005627413947772997,0.02265434820063711,-0.0005487661136217015,-0.005530346701222877,0.0648427669985891,0.05387941094611787,-0.0009347496851089265,0.04987285773622624,0.014262185659078941,0.036681122793712106,0.06818161586382293,0.065539929934671,0.06783711132886922,0.07535558519686975,0.07179395487030571,0.049558707656691514,0.08185992029981709,0.051898823222606305,0.04096860543207104,0.08262268358727293,0.07473689798914351,0.05409430696575035,-7.229819263265824e-07,0.09245576031031444,0.000738937605873291,0.06112100731325326,0.0033166917728836287,0.0,0.0,-0.00027402662164122127,0.1266352711325952,7.928721475258804e-06,0.05529186633204375,0.05842334567505736,0.05438059043779597,0.04777260247607196,0.06346595740752048,-0.00013288065789324177,0.09636971731275024,0.06162244256161681,0.0483477401411041,0.04565083091872746,-0.0004173352035612976,0.0,0.0,0.0,0.11245328544373268,-0.00044700675691278224,-0.001145647389269533,-0.0005293613798830754,0.06293522318673506,0.0,0.00011269841774680378,-0.0008824575955079794,0.06077833009946387,0.0542309586674945,0.001970472936067169,-5.076702180306647e-06,0.06322254828330487
0.0,-0.00020514464095855445,0.058349961075121304,0.0,0.029006685736452487,0.03692653890121811,-0.007351844526755802,-0.002013973386044754,0.04785882336810554,0.03241498306873547,0.058285206082170526,-0.00696686896421328,0.032550352831756335,0.1023011914760521,0.0014017455511890486,0.00048446145652131234,-0.0006764617091475911,3.6104931929070716e-05,0.0733705369691679,0.024804607504085918,0.0009448507198442369,-0.0023572940932328756,0.05032511448967497,-0.0033847620762822994,0.00044305217614365455,0.002648269687843152,0.047857714200554846,0.029882966573831715,-0.0011398717615248577,0.0033742686998254334,-0.0025094046746479415,0.01337829487709552,-0.01661077796786181,-0.007863371848122136,-0.006801046766285179,0.04815785500688452,0.044967358647700656,-0.006843694994534244,-0.001443055480071731,-0.001079899888519753,-0.0006173681553438004,-0.00217789071890373,-0.0037013610564315402,-0.0015495433163042471,0.0,0.0,0.0,-0.0010383204547877445,0.0,0.0,0.0006546149286931757,2.220446049250313e-16,-8.263094444138641e-05,8.906204803815765e-06,5.551115123125783e-17,-0.0011173580127162297,-0.001462514433290929,-0.00043606756530845114,0.0,0.0,0.0,0.0,0.0,0.0,0.0,0.0,-7.285564035997005e-05,0.0528396718420287,0.0,0.0,0.0,0.04927947116641246,0.001938097239831349,-0.0001493921777113716,0.0,0.0
0.0003279413220743099,0.07275270345310841,0.04321942566794906,0.029006685736452487,0.0,0.03705294399375325,-0.0005669353061642513,0.0706117027760626,0.023252832931255962,0.03687564833629786,0.029255264060909336,0.03252168323478555,0.02172958563656774,0.009210487696470981,-0.0006604962821016858,0.0480587560548118,0.0009240257442990063,0.028851851019941754,0.03414388141941388,0.00024506672187274425,-0.00307135613361853,0.06348016430906828,0.05063122604679143,0.02674436705689004,0.0495904018845974,0.04346577865981255,0.03928734588620875,0.07390236911637293,0.034758020381959576,0.0025772852477452535,0.044115423496604966,0.00836925005621425,0.0009395877395375618,0.04732474719456797,0.024772501219758436,0.040403707248385934,0.1556899685749487,0.011401569954794355,0.07415085227542284,0.0007607813129076879,0.0010551131618836695,0.011431633596619528,0.035742577541648834,0.002854014694976703,-0.0007061442100109727,1.1102230246251565e-16,0.04133839828030422,0.062118983851055076,0.0,0.08436162323202756,0.055129585899116595,0.05790449917550178,0.05743004462035345,0.05575191552448988,5.551115123125783e-17,0.06769166652078507,-0.0014180423473573178,0.06470062326862336,0.06964580840803053,-0.0002301577468337146,-2.3410867077411357e-05,0.0,-5.551115123125783e-17,0.07062087715847298,-0.0006889277201467259,0.0002020998561227394,0.0003553535174939948,0.06329800394670881,0.0,-2.317967347276184e-05,0.0004897097686104579,0.05521817321418743,0.05947917444894435,-0.0024216498801333253,1.1102230246251565e-16,0.10477463919073815
0.039169865325929476,0.057005675190603955,0.04155351944042779,0.03692653890121811,0.03705294399375325,0.0,0.03735607605176988,0.04517437015524489,0.017568785282835564,0.021547581127378146,0.061582314793105275,0.028285704619676888,0.025122937939893786,0.039572723207930594,0.03685435933766301,0.0640316310186469,0.03075865608951822,0.057919282729661514,0.07911025383853038,0.03690079256776807,0.06211190041971548,0.053413535007176494,0.034465524421520344,0.0466322752309008,0.05682901582084898,0.03398479838802565,0.022768483255782235,0.02997678845832291,0.04748584590240146,0.03575299200358001,0.03439122413536344,0.04971796199711381,0.05114454601630475,0.046791934907141175,0.04382948408586018,0.060706604707536416,0.05732638678153884,0.04993579530816883,0.05772157301434422,0.04969228854222418,0.04330613420976903,0.05552221778089644,0.07529543716633685,0.04841608817094295,-0.0017499409016585865,0.05655001204213955,0.06225378507455687,0.05288912706227733,-0.0005504228123111576,0.04905449056423883,0.0519690057206737,0.04753631160209182,0.04771671434819341,0.04805518792105967,0.001503972643315421,0.051052424674644936,-0.0007625556120522958,0.05543449903450581,0.00018074427417030803,0.06190183671621935,0.06007546167195277,0.0,0.0559503450669967,0.0444837513579297,0.06596575121909337,0.07807991442819584,0.04216659637475423,0.0543525587602387,-2.779921867235302e-05,0.052295653225468586,0.04966443536567461,0.048510128919748485,0.05724111512589014,0.06682639852477401,0.06111925504425647,0.041604611729352814
0.04468794380427771,0.06611226798785175,0.053616141614638346,-0.007351844526755802,-0.0005669353061642513,0.03735607605176988,0.0,0.05899278238085187,0.03572057694143976,0.029033363968050285,0.0474885034734393,0.03125996822953847,0.0075094816772534045,0.06113624543562113,0.000982478795472641,0.04918011778273662,-0.0006623304191119006,0.03719818534128877,0.05993395762666581,0.04321703417325473,0.05421032074486365,0.05790093726172574,0.05714716352583887,0.003227649141263944,0.03902772221548578,0.04251629655371025,0.04909653401357095,0.030878142843275613,0.03889276448329054,0.0014713933175417027,0.03014653380383392,0.0006640430458571545,0.026126898567405132,0.011428163801233904,0.020523038670193783,0.05655222600131066,0.036808369330314616,0.03972254188635421,0.0811167086959253,-0.004050392213947651,-0.01237600980275333,-0.011753307920659817,0.023263170351862816,0.0015734411367991918,-0.0008543515147104164,0.0,0.05308315002137426,0.0572138583490327,0.0,0.05180022350655933,0.050899303056828105,0.05023202229870927,0.06099677947026283,0.054187695335105146,0.00044181484508132307,0.05426002188417378,-0.00028294177398846543,0.05854756325621968,-0.0022210967598650933,0.10647963208048067,0.04592542371116326,0.0,-3.414118786315701e-05,0.04961911785765971,0.06765528407827948,-0.00031044613860076176,0.0015667326643310497,0.05095306735538119,-0.0001113828752205559,0.04112851951038876,0.05515917394637654,0.049868392824745644,0.04334447254405982,0.06341754021872764,0.0016831648629134222,0.05344709441838358
0.04845584601110364,0.06428674509546806,0.04074567337961715,-0.002013973386044754,0.0706117027760626,0.04517437015524489,0.05899278238085187,0.0,0.047051523156047714,0.06695160789833088,0.04578600617439066,0.06432014632979716,0.0663918749222786,0.017422723328723744,0.002617514192907011,0.06333512940058672,9.909797114110441e-05,0.05531620647467356,0.03457871681805241,0.053411465504786815,0.043186746136285925,0.0697389928191669,0.03513779547490259,0.0520077427981579,0.0503163953503879,0.05228813886293043,0.033433528246848754,0.06345961033263786,0.06981194769809773,0.05019535016795312,0.06438198411786905,0.07022135483308684,0.0877497990309345,0.07068735231082429,0.052459254489226836,0.0664261221963664,0.11626255654090117,0.004260894125962589,0.0722446765414731,-0.001003566982203108,0.07119716791247233,0.08779017125064892,0.06537304825926299,-0.00151358243384353,0.0,0.04844740433908812,0.0012641947375415796,0.053067443966046235,0.0,0.030081384587299198,0.03093499594446436,0.021419787323899153,0.0734117231555827,0.040555651969945705,0.0005042801163810395,0.06544888853456066,0.0002253678442480922,0.046110743444827795,0.0434713498245029,0.08856339520169149,0.00021619864303268344,0.0,3.157094210082256e-05,0.03545565199816825,0.07220995295684907,0.11538774385814288,0.08596744645895099,0.05229637624879924,-5.551115123125783e-17,0.04883083165699148,-1.5383775675670286e-05,0.04400663621443662,0.052988405826737806,0.06760391644588348,-0.0005588919139736803,0.04934426134426545
-0.0007789469297342921,0.06087941328520202,0.03665826484118462,0.04785882336810554,0.023252832931255962,0.017568785282835564,0.03572057694143976,0.047051523156047714,0.0,0.04898936941449844,0.041169301219440624,0.052787729772094893,0.04630118747480111,0.028703628349375565,-0.002849332272175653,0.05159608157281631,0.034152860481005465,0.018419095049964307,0.04370214545892642,0.05204050439818131,-0.0015604056364361685,0.06101776904818962,0.04036419557126203,0.04218544287891368,0.046666535962517686,0.03566757781882007,0.03822028402511046,0.058965424479858086,0.05140128901487484,0.05944430081846647,0.0603140813954644,0.05827496359726125,0.02687311902287487,0.06482776439183946,0.05389963708535783,0.052875200772558584,0.0637279119800786,0.041929726491625685,0.06975594455870632,0.016791614125378773,0.04240754565683291,0.06123834321238453,0.05883915880639884,-0.0038759012609320687,-0.001855124644145778,-5.551115123125783e-17,0.059481912594281094,0.049331057167057324,-3.808994973597546e-06,0.046145962498361226,0.05137113647464153,0.04363506203534351,0.05640549415009033,0.040726564289638945,-0.0025297901049544658,0.05415048194476735,-0.001456940604772805,0.038510660475216896,0.05184405703914163,0.000787566583510424,0.04114340150575263,0.0,0.0,0.052466907552251585,0.0006243413307824297,0.00021924236003489916,0.0007381152523525114,0.05421016107471954,-0.0001057914978286334,0.05531419820516492,0.060388230446849434,0.046064468416911475,0.04933271041851284,0.06107428929640585,-0.00019716860673635317,0.05379062774634391
0.045829675111131674,0.00796069037903585,0.05619692737962423,0.03241498306873547,0.03687564833629786,0.021547581127378146,0.029033363968050285,0.06695160789833088,0.04898936941449844,0.0,0.045382073287888125,0.02613330592249563,0.03870262746221226,0.04875834277058466,0.016420166279965176,0.006639797495892996,0.0037690353238586938,0.018503043428550858,0.04252199028884712,0.027396473893900375,0.053479428634494675,0.02786061664996564,0.07061047250047797,0.0027560904677585985,0.022068694639820086,-0.00989428882538701,0.04185456197786014,0.033632933628376493,0.038164983254767526,0.0336705339115389,0.027947870809754916,0.03459871536365794,0.017147415238322472,0.03219159947943495,0.03659657235768904,0.09295918586210161,0.060453656505979725,0.017200043320536207,0.0162842944840193,0.057957837452172145,0.034539678872074264,0.1231697433874987,-0.01284808048056546,-0.0027736360975625374,0.061164165928673575,0.008903135992053224,0.0009808388445426974,-0.0010036017873631398,-2.162800112487373e-05,0.000444709404461785,0.00263234952802871,0.01639411735796109,2.957549735455034e-05,-0.0015310098464081379,0.04064155888665916,-0.0008174660594236216,0.04422560285478638,0.026626998754526177,0.0,0.000696338538754171,0.044022834909176356,0.04012696185471859,0.03850192533464519,7.10923730667945e-06,-0.00011550714168867549,0.0010118730787569974,-0.0011393872071402966,0.05101451348444863,0.03141792563412299,0.05057475817308349,0.03475637024026068,0.05569554541346905,0.13721146443859455,0.019351128552730357,-5.551115123125783e-17,0.04489910197443153
-0.0017507599487097125,-3.0989591219832135e-06,0.06597282486223577,0.058285206082170526,0.029255264060909336,0.061582314793105275,0.0474885034734393,0.04578600617439066,0.041169301219440624,0.045382073287888125,0.0,0.03441826718804353,0.04570859866198579,0.013040546564493993,0.0,8.21250727346956e-05,0.02399109333297844,0.02153494666204747,0.017636747906296768,-4.652733042342927e-05,-0.00019673898074257234,-0.0002023085657495982,0.12505421966975344,0.03421541743922096,0.02898118163464336,0.02248960555959112,0.06105257551342086,0.04698285864918372,0.0012525718107903039,0.0003555235471908169,0.04323755121799261,0.009690556625731095,0.02196115998889614,0.04091965305375833,0.032288974373286705,0.015145386241904757,0.06161267235543927,0.021681030170695337,0.05130943357678969,0.0013367289339976662,-0.0024562675685551594,0.03681557413665759,0.06560198322919175,0.00034851110148687026,-0.000760746698296233,0.0,1.1102230246251565e-16,0.056309862498411634,-7.375654105246099e-07,0.04897578004943243,0.0573806558185746,0.030349828719216654,0.036622361852896856,0.04959630116888342,-0.0013734054151881558,0.05720995740329221,0.01764392008869764,0.03323245266850883,0.052104339208659145,5.551115123125783e-17,0.0,0.0,0.0,0.023741208762363575,-0.0005693263342607668,0.0,-7.268056563358716e-05,0.06042567712488778,5.551115123125783e-17,0.0,-0.00010772368020606216,0.06033123309137034,0.021700571461835183,-0.0014267476794894152,0.0,0.00024089241670938177
0.03335276452168773,0.009159000897440372,0.06183657625139344,-0.00696686896421328,0.03252168323478555,0.028285704619676888,0.03125996822953847,0.06432014632979716,0.052787729772094893,0.02613330592249563,0.03441826718804353,0.0,0.035210005897696406,0.00150700353333455,0.018048636666084972,0.023022017575861087,0.027616416585566073,0.03004809914810125,0.05326687183689305,0.023168053511515962,0.047590624516677005,-0.011177731693756687,0.07177206332173758,0.00507193350881735,0.024393021731707543,-0.023347167336665753,0.04698801394573221,0.04402594826285949,0.061618278530920334,-0.0015707017372651455,0.03443516399210572,0.03489495484889893,0.031958158661140934,0.017730601153058245,0.02764895095897907,0.05653379508177364,0.04891017023381988,0.027413829115090826,-0.019158350006837854,0.07514231091707146,0.04131355515570778,-0.007013229692759582,0.00037362601751900204,0.0005026745184253389,0.09214043846871334,0.02582892061896902,0.0012429611146279052,-0.0009197444732514382,-0.00064513364894217,-0.00012430883439940033,0.00037316014038107914,-0.0007313983718887918,4.9393152371068894e-05,-0.00047622330245222777,0.04510308686529857,-0.0018011927397710292,0.045282376162656846,0.041602319325273196,0.00042228092113211213,0.00013444669890233518,0.0015575190352402069,0.03613097748990329,0.03191740545975341,-5.466525001618372e-05,0.0005885241575273037,0.0010507528753542772,0.0002804571226818209,0.0006551096628578668,0.024773209251638673,0.03562693228134933,0.027645806163505093,-0.0017635398644668676,0.03629337948368477,-0.0016799175685632273,0.0,0.04566015090424763
0.04051534482878927,0.06613774224274616,0.05995222845636494,0.032550352831756335,0.02172958563656774,0.025122937939893786,0.0075094816772534045,0.0663918749222786,0.04630118747480111,0.03870262746221226,0.04570859866198579,0.035210005897696406,0.0,0.05663431714528849,0.04057916509542869,0.04178147228131046,0.0307358041342346,0.04725850371856566,0.05779699784936315,0.032980718087015304,0.052387118194958227,0.053992328702958836,0.05990272464992297,0.02802766092332082,0.04252793149292161,0.03306323098966374,0.054674742024414524,0.046659166753997394,0.021631296001846045,0.022912850746351243,0.037336222793287466,0.009511295835539557,0.03188987342667132,0.028931674776453975,0.021966336654762497,0.05434073821567209,0.05524524154119831,0.029017214500353217,0.0699158351313296,0.006232261669653516,0.022072335515704367,0.04224351237981272,0.007723028478984928,-0.00602376972816826,0.06821118961135686,0.057142997629783754,0.05716745597724421,0.04131274861146084,0.0,0.04481496174455635,0.05682089448195787,0.05368118420743462,0.04684176389989453,0.059023733898014075,0.0314763010364954,0.04256022578300084,0.06688967492721731,0.04602252607070445,-0.0014921325438216337,0.07421285359796265,0.05274660249778168,-0.00038303055905430927,0.04607683291915271,0.04557812793545579,0.0607885089426774,0.09920919249485083,0.05283712829367038,0.05004398909578012,0.0011218194916822188,0.038515399310992626,0.06231020953208388,0.046098554648385304,0.06543774291906118,0.0518652953424702,0.05058782239469206,0.059649947940154935
0.03663725588686639,-0.0009896896106464936,0.03305439496116552,0.1023011914760521,0.009210487696470981,0.039572723207930594,0.06113624543562113,0.017422723328723744,0.028703628349375565,0.04875834277058466,0.013040546564493993,0.00150700353333455,0.05663431714528849,0.0,0.0007853979421891255,-0.0005987738938931231,9.910737682278237e-05,7.752836081864611e-05,0.018136340902762282,-0.00022576599193468994,0.046378290481343454,-0.0005175270839279933,0.017051953724389224,-0.00016677403755516185,8.769314723122701e-05,0.03669824668699301,0.028496062891253116,0.14466243243743743,0.0017930223144025925,-0.0005815932410928593,0.026074192836784416,-0.021829753171874466,-0.031521233425379824,0.03050567988891334,-0.08621357438778793,-0.013325652478343747,-0.0004474162619724775,-0.0009154181019727647,0.00622761118024906,0.0,0.0007669922755160208,0.000829744676426436,0.005070882796158305,2.123081116911507e-06,0.0,0.0,0.0,0.00039975371137157545,0.0,-0.003772252419367572,-0.000920689954355236,-0.0008236161250592122,-0.0027160731865995547,0.007659277979961354,0.0,0.003861905241631547,-8.678599106132223e-05,0.0018528108103828544,-0.0021419998914105065,1.1102230246251565e-16,0.0,0.0,0.0,-0.0010384006015248803,0.0,-1.1102230246251565e-16,0.0,0.04587574468909161,0.0,0.0,5.551115123125783e-17,0.00256676029543218,-9.40776905705154e-05,1.1102230246251565e-16,0.0,5.551115123125783e-17
0.024751761250101034,0.04639429755956781,0.0002941211993444659,0.0014017455511890486,-0.0006604962821016858,0.03685435933766301,0.000982478795472641,0.002617514192907011,-0.002849332272175653,0.016420166279965176,0.0,0.018048636666084972,0.04057916509542869,0.0007853979421891255,0.0,0.031871679457102176,0.021982234005597012,0.0354906592086478,-1.1102230246251565e-16,0.0034318145835796066,0.03207035549359877,0.03495394285678949,0.019974131349784208,0.07379125621878019,0.05872385798448865,0.02043066011897715,0.04879838139233689,0.06633949507807674,0.037937948353412576,5.059173924448768e-05,0.027349416854157205,0.02628010064926195,0.02028263849941586,0.03396935054873845,0.02648544353415172,0.019914396717405913,0.03688636695268499,0.00012983960234624892,0.04121080966709478,0.034099270762229905,0.04159625396135053,0.04251055130328385,-0.00014237867825139805,0.0006745730376533365,0.0,0.030427372302139932,0.06444294378469628,0.033670401106172754,0.0,0.0,0.054352969195785694,0.0012752226016263246,0.001385195193815414,0.000310560102984081,-5.551115123125783e-17,0.0,0.031871579229758584,0.055050355171284204,1.2090583399348986e-05,-0.020898029171784127,0.060974360213405576,0.03513132327126173,0.04255622827041,0.0,0.01636945772153592,0.05064526930085861,0.014731964121646901,0.06455285587200832,3.3543304582606126e-05,0.027579548396873432,0.04514299306789982,0.04628142667888585,0.02772895924616986,0.042439201630866896,0.0007382375363635951,0.03783807235941272
0.022878947366949454,0.009291457265468817,0.09851957951042101,0.00048446145652131234,0.0480587560548118,0.0640316310186469,0.04918011778273662,0.06333512940058672,0.05159608157281631,0.006639797495892996,8.21250727346956e-05,0.023022017575861087,0.04178147228131046,-0.0005987738938931231,0.031871679457102176,0.0,-0.025221070866902562,0.0032697169874457144,-0.0001751983034494753,0.027715124537340097,0.03162554551458119,0.02402199240169617,0.0590276189220133,0.020948726220993086,0.02864828916236295,0.0205847901219548,0.04787237652755999,0.034277301933391124,0.03010359610591562,0.02459617202740738,0.01925034404566639,0.01824901758471359,-0.005115415079883612,0.010226871902761503,0.004275735865793329,-0.000525892851069576,0.03647618382155299,0.0015206366985704989,0.04320442011360359,0.039438809423872456,0.04064056192162213,0.03127467431428976,-1.5765198260353497e-05,0.0,0.0,0.01505608080430032,0.05612425145193195,0.0,0.0,0.0,0.06552935469075805,0.0005917059009168391,0.0011699037262895562,0.0,0.030915908614551457,0.0,0.030501436706052154,0.05657813612348661,0.0,0.05320984030667553,0.058407271755291756,0.020915878664030274,0.058721537753254394,0.0,0.0514323359131349,0.016179832988902243,0.05075740848375543,0.037657098424278,0.004360719195549312,0.056360342536535546,0.04398786087508777,0.04864550642875115,0.04185485527147714,0.04971173682637131,-1.1102230246251565e-16,0.048205443960323
0.04657379770721265,0.004667580247965819,-0.0014675587842783444,-0.0006764617091475911,0.0009240257442990063,0.03075865608951822,-0.0006623304191119006,9.909797114110441e-05,0.034152860481005465,0.0037690353238586938,0.02399109333297844,0.027616416585566073,0.0307358041342346,9.910737682278237e-05,0.021982234005597012,-0.025221070866902562,0.0,0.003028158401277181,-0.0017555893130496991,0.030353655481002606,0.05172321316635897,0.025682583083417698,-0.00023024436547053329,0.005585574864923615,0.03068163536886892,0.010458698507406106,0.014006948173942213,0.031192095354805993,0.030837970193942077,0.000584660231532641,-0.004825407822616423,0.011853591457365087,0.01887945401023927,0.014826641237882743,0.01375283600011179,0.0013452904119916065,-0.0003070903263099334,0.0178699500808297,0.045587946492830045,0.05335908697696656,0.056349810798443756,0.0011756368169234532,-5.551115123125783e-17,0.0,-0.00024605175828101844,0.00221985592769236,0.0009448393676599887,0.0,0.0,0.0,0.0,0.0,0.0,0.0,0.04859518083862879,0.0,0.04509153752895373,-0.0004070978490272048,0.0,0.0004513037241051232,0.05629238919426882,0.05373626021015987,0.05223994881670774,0.0,1.1102230246251565e-16,0.0,-0.0002976476383630966,0.0,0.01953751238490642,0.05320733769582903,0.04444902856026589,0.0,0.06619557185226438,-9.501004593759355e-05,0.0,0.05932072962338669
0.027151234572675376,0.016065724038130336,-0.0005627413947772997,3.6104931929070716e-05,0.028851851019941754,0.057919282729661514,0.03719818534128877,0.05531620647467356,0.018419095049964307,0.018503043428550858,0.02153494666204747,0.03004809914810125,0.04725850371856566,7.752836081864611e-05,0.0354906592086478,0.0032697169874457144,0.003028158401277181,0.0,0.03123861031329006,0.034812326635063506,0.056081880344147295,0.01495869917374737,0.059285453344795846,0.019890825759235675,0.025847579882989025,0.02651972814969722,0.04229440873476009,0.0426843341794102,0.04523560944945987,0.030177596252236816,0.001881660736522739,0.003836989376888811,-0.002175623609760924,0.004718782463409399,0.0053527902204612565,-0.0030773496938719114,-0.0005550039489331526,0.014653846978594898,0.049412971004038464,0.04535428400477526,0.044295498631089,0.029550854686989758,0.0,0.0,0.002307986575669163,0.01190362624396668,0.06609031126057863,0.0,0.0,0.0,0.055001856691572315,-0.0001623152927904825,-0.0005132821907787299,0.0,0.04451385722544304,0.0,0.03969788145313974,0.037666220575097886,0.0,0.05530120752643125,0.06382351932266667,0.04588667212541836,0.05009675332663549,0.0,0.05557818944030002,0.004089688979180495,0.059012445764626775,0.0025717076769689595,0.017602686372980847,0.049300085931447635,0.04172671099076802,0.0010536278137375232,0.04047027841397055,0.04758205234655449,0.0,0.04967334817844482
0.0,0.0013677180914805631,0.02265434820063711,0.0733705369691679,0.03414388141941388,0.07911025383853038,0.05993395762666581,0.03457871681805241,0.04370214545892642,0.04252199028884712,0.017636747906296768,0.05326687183689305,0.05779699784936315,0.018136340902762282,-1.1102230246251565e-16,-0.0001751983034494753,-0.0017555893130496991,0.03123861031329006,0.0,0.0004672415386937079,-0.0004341762039467567,0.0010224239962011716,0.10992933893304124,0.03412468138564806,0.0342755380524693,0.023772513173315857,0.06392689725839779,0.06090711801601745,0.03997543302958306,0.03974149209191696,0.059437651944925285,0.052645900691414727,0.024451244332378164,0.06298346765729484,0.046298377908148836,0.030120428674075772,0.05412820129200391,-0.0030825853216384647,0.0049272450160317005,2.7017081400848575e-05,0.0006925644932943009,-0.003679518809082849,0.06668728754886605,-0.0021126441494750403,-0.00015984481615982649,0.0,0.0,0.08077502465033515,-5.551115123125783e-17,0.03238750212006569,0.03724827511100226,0.02556195968900621,0.028918752135364212,0.03381417020689348,-7.529532584071852e-05,0.054490482993152844,0.05850084658005894,0.0380312653669751,0.01756731386793614,2.220446049250313e-16,0.0,0.0,0.0,0.04035796205469577,-8.178524075086457e-05,0.0,8.753541243700091e-05,0.05379432757148239,0.0,0.0,-5.551115123125783e-17,0.042215431802104963,0.0762045716406492,-0.0011871924630352249,-0.00028195938191755143,0.03659622492221948
0.03894443926706176,0.041293062821264326,-0.0005487661136217015,0.024804607504085918,0.00024506672187274425,0.03690079256776807,0.04321703417325473,0.053411465504786815,0.05204050439818131,0.027396473893900375,-4.652733042342927e-05,0.023168053511515962,0.032980718087015304,-0.00022576599193468994,0.0034318145835796066,0.027715124537340097,0.030353655481002606,0.034812326635063506,0.0004672415386937079,0.0,0.057370436821682746,0.0254211687410259,0.026553848225412846,0.057332049225038206,0.05210856413995307,0.03361676945175923,0.044684236829937996,0.023794666492971572,0.03682457834772046,0.08240831104125407,0.02770162146684546,0.030546357994846507,0.03295748497380446,0.03623863066906435,0.035149049832176205,0.03255143552079531,0.0457359320151699,0.0043872544360200605,0.06641503941164739,0.07905948815826874,0.0701286341911071,0.07107202528551271,0.08916299664867289,-0.002183336166587113,-0.0005284136815915108,0.08158108624313976,0.06029889285734025,-0.00144464762865687,0.0,0.0,0.06286689851966382,0.06475280594468763,0.083897152272144,-0.0012482803555074473,0.0005726921209386893,1.1102230246251565e-16,-0.0005345644973050456,0.07363610930256859,-1.1102230246251565e-16,0.06730184441732245,0.0611048473965643,2.507902801662798e-05,0.04716396913444315,0.0,0.05844144505265736,0.08077167695787513,0.04350375355464037,0.07937442566942476,0.0,0.053561377076505046,0.06208098166164561,0.07198577136429402,0.057192508593413516,0.06905706587802724,0.06870235089734744,0.06831677478850628
0.016046462548284735,0.03939964330412099,-0.005530346701222877,0.0009448507198442369,-0.00307135613361853,0.06211190041971548,0.05421032074486365,0.043186746136285925,-0.0015604056364361685,0.053479428634494675,-0.00019673898074257234,0.047590624516677005,0.052387118194958227,0.046378290481343454,0.03207035549359877,0.03162554551458119,0.05172321316635897,0.056081880344147295,-0.0004341762039467567,0.057370436821682746,0.0,0.03184492016453916,0.030898933454295674,0.03598127403189355,0.06238429401717699,0.03437144339224335,0.049907868118829024,0.06776614992197844,0.09440200309867902,0.018005293506692777,0.03773347550698569,0.03931100864701209,0.06119900113330945,0.044594212997794314,0.047176944451277236,0.015347060484880826,-0.001267108569370512,0.050634408078183035,0.04052365495890259,0.061474014123704845,0.056281757401765775,0.04628592297264256,0.001674311044999377,0.0,0.0,0.05266590842051144,0.06719624140716135,0.0012743717429055668,0.0,0.0,0.05767610595270506,-0.0007525362123074752,-0.047053249201994884,-0.0020093259642839922,0.037396044502308656,0.0,0.0012890975684637374,0.04669746173347478,5.551115123125783e-17,0.05488088292390375,0.06678609501131472,0.0,0.04241554211750509,0.0,0.046792387581702566,0.08735263756303346,0.0337674655016309,0.06217967606966829,0.0013461384927397346,0.053922493640114144,0.0702104379158277,0.0519298349730668,0.04598173397048305,0.050394627264984726,0.028407784869189268,0.062301607269154735
0.03471422046135242,0.012437470262064987,0.0648427669985891,-0.0023572940932328756,0.06348016430906828,0.053413535007176494,0.05790093726172574,0.0697389928191669,0.06101776904818962,0.02786061664996564,-0.0002023085657495982,-0.011177731693756687,0.053992328702958836,-0.0005175270839279933,0.03495394285678949,0.02402199240169617,0.025682583083417698,0.01495869917374737,0.0010224239962011716,0.0254211687410259,0.03184492016453916,0.0,0.024530944347894823,0.0538500959854501,0.023278579245302078,0.029802843001380475,0.027406830726039944,0.039873550671031655,0.03686342712197194,0.03027525271773701,0.025287355146940027,0.012460338445900554,0.007947608068041345,0.024470796802881944,0.01665798567856308,0.011233109047042666,0.03701903116120492,0.0035920818110686814,0.02626328155101809,0.04940914801554247,0.0378456283426693,0.047096498573205026,0.03142386810169079,-0.00017432480517481919,-0.00035685216049746726,0.044852922827005814,0.05475790720197482,0.03395699650737716,-6.6484635800057035e-06,-0.00014826239937559826,0.05348848023043873,0.045018432820733645,0.002139224661508843,0.04082992198207325,0.040325728226735025,0.0,0.0001950759818379333,0.04911691108524613,0.0,0.04438163793640215,0.06098664280801508,-0.0004957363481805643,0.047511862605448985,0.0,0.04312229396630585,0.03093028102637252,0.031052237781677205,0.03477127561104343,0.0011078139626757855,0.05275265668573931,0.050576312542418345,0.028558477558200346,0.038550063369219456,0.04767619791934741,0.0008242609136490109,0.041881153039558416
0.03520372786101439,0.05528071916753502,0.05387941094611787,0.05032511448967497,0.05063122604679143,0.034465524421520344,0.05714716352583887,0.03513779547490259,0.04036419557126203,0.07061047250047797,0.12505421966975344,0.07177206332173758,0.05990272464992297,0.017051953724389224,0.019974131349784208,0.0590276189220133,-0.00023024436547053329,0.059285453344795846,0.10992933893304124,0.026553848225412846,0.030898933454295674,0.024530944347894823,0.0,0.047146207437938736,0.05744692050168321,0.039759302057396584,0.016405920814441977,0.06173790370398918,0.06801922489673606,0.049656213888814305,0.06011213206352234,0.054468945620179676,0.07939221110978606,0.06163536135415615,0.062195134188595125,0.044427752103889384,0.06038569771159091,0.10516349143001635,0.06130164380880898,0.09709580272952123,0.06596259108758573,0.0770880024768219,0.08443648717685703,0.0463399791316107,-0.0008232048329261943,0.09173837004363217,0.06393453065558125,0.06130317350825365,0.0007275334177362924,0.0424892621500641,0.04497540980291248,0.044236362800521456,0.04847068342161476,0.049180611774092164,0.0015877348022450555,0.07845412742993746,-0.0022236182187892473,0.04914981410147745,0.048653023536816276,0.07880005051046601,0.06316502181242661,-6.100750923021536e-05,0.03984883251891763,0.07517261732647662,0.06622063221368052,0.07391932478243457,0.051081925781685356,0.05792160898180787,-0.000785485019167087,0.05868485825925185,0.051321060519809336,0.04136181685692153,0.0510945557017225,0.060401216850475226,0.05291502795624359,0.061250959636877544
0.008271169317301375,0.0406700449431493,-0.0009347496851089265,-0.0033847620762822994,0.02674436705689004,0.0466322752309008,0.003227649141263944,0.0520077427981579,0.04218544287891368,0.0027560904677585985,0.03421541743922096,0.00507193350881735,0.02802766092332082,-0.00016677403755516185,0.07379125621878019,0.020948726220993086,0.005585574864923615,0.019890825759235675,0.03412468138564806,0.057332049225038206,0.03598127403189355,0.0538500959854501,0.047146207437938736,0.0,0.012865601220303835,-0.0005533837526559005,0.04314749015610475,0.039174904257637144,0.07173326667621155,0.0004881117079842401,0.022427329218555114,0.05794772013190669,-0.00031419235914598165,0.017468762700277585,0.03348867625032648,-0.014429578861264891,0.03754461156938488,0.02550883172177998,0.04776654225578042,0.06011551523731967,0.019642824165712114,0.023221035115431887,0.0014187209545340473,-0.0005394924396064926,0.06979105577095485,-0.04746616605916293,4.094839559420915e-05,0.0,-5.551115123125783e-17,0.00024096848474797206,0.0004479520297372419,7.772160404934114e-05,-1.6653345369377348e-16,-0.0008031526141017986,0.03996958777453413,-0.000231751575859529,0.05412184228091982,0.0002711532311842624,0.0,0.0008065246486929079,0.0440803706131217,0.0366349997210898,0.02429976688633323,-2.936504147854624e-05,0.0007675326186443732,0.001385063912491935,-0.0005303739742323899,0.0008484428134966637,-0.0006199293376701331,0.03511815273206115,0.028708322526465102,0.0013377669404849857,0.004050347457378256,-0.000879620764245137,0.0,0.030560324182454857
0.03886000232816911,0.03045453035708756,0.04987285773622624,0.00044305217614365455,0.0495904018845974,0.05682901582084898,0.03902772221548578,0.0503163953503879,0.046666535962517686,0.022068694639820086,0.02898118163464336,0.024393021731707543,0.04252793149292161,8.769314723122701e-05,0.05872385798448865,0.02864828916236295,0.03068163536886892,0.025847579882989025,0.0342755380524693,0.05210856413995307,0.06238429401717699,0.023278579245302078,0.05744692050168321,0.012865601220303835,0.0,0.0282178242483353,0.045493383981097646,0.034479308151454835,0.04651075658414172,0.032459630421767804,0.02227810536433289,0.01935130906524496,0.019020847568936183,0.01776972367688129,0.020822471044299184,0.002418886722497071,0.00029082264221375054,0.04068481406062485,0.043741178573766804,0.04611461287897972,0.04627131984764654,0.030777397937733653,-0.0010954636333823653,-5.551115123125783e-17,0.02893866992008909,0.026596465944581038,0.06295142263370035,5.551115123125783e-17,0.0,2.220446049250313e-16,0.05608397014695721,0.0007646857697314324,0.039347412483606625,0.0003109991821959035,0.033938007644390866,-4.5511047976176666e-05,0.03320023683216661,0.035721387822174544,0.0,0.04853202923519545,0.06528150724065251,0.03688726645313328,0.05118465972532299,0.0,0.04945739043212499,0.04878018955139901,0.0538782604974129,0.0567535557645274,0.013564105856298692,0.052161417612149485,0.04430288794934195,0.0734237844368289,0.037663455754155195,0.04878081069233703,0.0,0.0489518121073676
0.009301815995789275,0.03655010479584814,0.014262185659078941,0.002648269687843152,0.04346577865981255,0.03398479838802565,0.04251629655371025,0.05228813886293043,0.03566757781882007,-0.00989428882538701,0.02248960555959112,-0.023347167336665753,0.03306323098966374,0.03669824668699301,0.02043066011897715,0.0205847901219548,0.010458698507406106,0.02651972814969722,0.023772513173315857,0.03361676945175923,0.03437144339224335,0.029802843001380475,0.039759302057396584,-0.0005533837526559005,0.0282178242483353,0.0,0.02732555512504059,0.02216808808492743,0.047255864451594465,0.0014141385722524213,0.021863383838621797,0.012935560066853147,0.011990721216873557,0.00883887455454313,-0.00020625024884629584,0.0034109699540540994,-0.02337214000365001,0.004296442393887323,0.019137453760653456,0.029507251525156097,0.03970117643965215,0.011290783983574249,-0.002441673323515081,7.867818899015555e-05,0.01956291124818993,0.02607833022000028,0.06383670365196631,0.002408524801684686,0.0,-3.2958718353293115e-05,0.06734323353661625,0.04819182493915808,-0.0004934331409847115,-8.489317427862186e-05,0.02574417041748739,0.0,0.027948307671830597,0.047149868722304145,0.0,0.03819974020201755,0.06295617408612436,0.03097347501225639,0.04249062620135424,0.0,0.041886422325455086,0.06265687968291156,0.04521338268463315,0.03418298690410149,0.007135983475084429,0.042892868223632696,0.041781738019307846,0.045894345920102886,0.03702121126778035,0.04188128777202954,-0.00015916113932967768,0.045015089120940543
0.037843509283962184,0.03801578708110476,0.036681122793712106,0.047857714200554846,0.03928734588620875,0.022768483255782235,0.04909653401357095,0.033433528246848754,0.03822028402511046,0.04185456197786014,0.06105257551342086,0.04698801394573221,0.054674742024414524,0.028496062891253116,0.04879838139233689,0.04787237652755999,0.014006948173942213,0.04229440873476009,0.06392689725839779,0.044684236829937996,0.049907868118829024,0.027406830726039944,0.016405920814441977,0.04314749015610475,0.045493383981097646,0.02732555512504059,0.0,0.051848497376839775,0.05230539784894056,0.027759241226923193,0.039463424056348895,0.04765722692449975,0.06035973045626436,0.04829508825007889,0.045805371967957975,0.06573095325701545,0.05316695252753767,0.035156246516877654,0.06292619301010527,0.08128277669251038,0.06633474779057391,0.0801839104594696,0.08189265251688638,0.06003772866229712,-0.0004087887947903379,0.039924069347626656,0.04806490423814769,0.05268651349584885,3.8669028532167804e-05,0.04829166432821952,0.04705368654565101,0.04250970027261414,0.044318285414935876,0.042166297885745774,0.0016635920211056088,0.05713552247150688,9.563663512512921e-06,0.05146859074213472,-0.03254196999365683,0.07122196037252165,0.05134590945796541,-1.1102230246251565e-16,0.02666553324820209,0.04473032699107471,0.06172197869585466,0.08341627863012385,0.04919448200932475,0.053248722520779834,-5.551115123125783e-17,0.05353969186603508,0.041224958857495775,0.04890331056030239,0.05375259068850363,0.06151067410412242,0.06010589571265357,0.05825610952104299
