0.0,0.7627280631589917,0.36932949809456317,0.0,0.399517396415489,0.6693297775354761,0.7602661869704996,0.8050710114715613,0.4067025889615201,0.7019585049789248,0.400107841462546,0.6617806780926272,0.8596054492955228,0.7682818390526385,0.5763358261250339,0.8222363573451983,0.5957048577362329,0.7383405819685694,0.0,0.7730799753260013,0.4697493249022956,0.7821345315670942,0.6967970364758687,0.6044873819492199,0.7118322812560565,0.6698368326780845,0.7142468746880255,0.6430324233677924,0.8398017631939807,0.5864422622933775,0.733266444583005,0.7591577073129503,0.7004383016800271,0.6300136778104957,0.5157888528226731,0.8553957246148098,0.48811547562616564,0.7934218021830828,0.6529762315872245,0.6864295190028087,0.6330698213666275,0.5574548055802668,0.4706661952752951,0.0,0.44123061462449553,0.5530043451711772,0.9639503300135064,0.0,0.0,0.0,0.6702452621599383,0.0,0.5671781219456516,0.0,0.6355731373082945,0.0,0.7339517770136443,0.7313710599469506,0.0,0.5108494327965252,0.9851406029853012,0.2730052003722222,0.8295317162803947,0.0,0.44019928529580343,0.702364622549617,0.893112837004097,0.6224703304129805,0.012174536133350178,0.8273643094192452,0.8436943469072504,0.46160451183810325,0.37797731475478047,0.5503948696132419,0.0,0.6794445299334926
0.7627280631589917,0.0,0.8690633977052206,0.3322074402379639,0.7818254975422341,0.7870109110246964,0.8061182310840787,0.9353905363861313,0.6806776034066607,0.48975923209865535,0.3287267935853404,0.5134611282717534,0.8291186170274196,0.4918704474587889,0.8610164628177385,0.6878526031071945,0.6010452270179438,0.7062761515425309,0.6033795973067428,0.8085760856709809,0.8323634977486796,0.6937763896089539,0.8953967190488015,0.6568737453348767,0.6682049484763124,0.6409838199633539,0.8394542971640603,0.834754454722352,0.7762374471023237,0.4426180426590713,0.7467400828165868,0.5870241693847329,0.45828019526232033,0.5071832063808537,0.5353647714311311,0.4974186107529703,0.23555070869845257,0.0,0.8512750316787066,0.9882947746198281,0.7635892152821346,0.9319409983668516,1.0115122474836247,0.0,0.0,0.8827643809416938,0.9932887184242161,0.027152934004166802,0.0,0.0,0.9347122083233732,0.9114919465605817,0.5603031224441894,0.5664629952783774,0.9159268533227399,0.0,0.4189136762327404,0.8960368615277997,0.0,0.8686491438994206,0.9833924922436481,0.855766940846012,0.9708980084852086,0.0,0.9725309058924878,0.8333838092258583,0.9786182044005131,0.8620642985673483,0.3938474492949734,0.9799726744644031,0.9738796438014079,0.886203098135029,0.8507378486621342,0.9724865083187071,0.0,0.9796225601401934
0.36932949809456317,0.8690633977052206,0.0,0.8201358618954979,0.7364023333469896,0.6809907637422272,0.796934275985776,0.7667028894343697,0.5844318648844322,0.8517206671080376,0.7090816823590047,0.9455333741017742,0.8791235125285136,0.729297530614988,0.3363949334172114,0.7635870043070409,0.571736988851121,0.5030134574197717,0.5089531325905146,0.3766187007915358,0.3835205327270953,0.853939927051512,0.6652495973458485,0.3718768367138891,0.7266963606207745,0.5871632769838673,0.5762465957435596,0.9246180930156054,0.9172702799891914,0.8976961882013982,0.9189368873701005,0.916408653972469,0.8068769648516976,0.9860500703490997,0.8061033579865403,0.8155097578767873,0.8238577258066337,0.8198673363836134,0.8397850536932572,0.46367194771529396,0.859962604561843,0.500488972616116,0.8380107985836438,0.6168257336415348,0.0,0.0,0.1816114259221046,0.7452565337356146,0.4663703129266553,0.6640257432014647,0.8133560112956563,0.7565452135992193,0.8138530515488493,0.865313612199023,0.3704466536855801,0.749663661777767,0.8695824780540189,0.7569389756327405,0.6741321708194289,0.253693276049205,0.0,0.0,0.0,0.6412306094204966,0.5661988194814803,0.4051322972329928,0.11289725650463045,0.7904923224292415,0.0,0.5849053742225989,0.3486665297961169,0.8626878504846844,0.7531867402995094,0.6048500746878305,0.6693762785787306,0.7130907763007807
0.0,0.3322074402379639,0.8201358618954979,0.0,0.5181177986422618,0.7605157010479449,0.36490436300333273,0.5457786944615689,0.8795940665933634,0.4787939477760183,0.8091481926280117,0.2918437688891214,0.6688456399386493,0.9278207137353089,0.5839584767843176,0.10373157566643976,0.5227856738858454,0.4686476642387699,0.8721644559279054,0.7552635423678282,0.4278833004284961,0.4897948432208257,1.0133508678998786,0.21420956479318712,0.8394506264812907,0.6092112323626118,0.9226625985373145,0.5597753036437698,0.4358613728510733,0.47006946659536325,0.4743442807264501,0.4703487076236169,0.14512843360067706,0.3191212222898887,0.4261368407471914,0.6087672083224791,0.5838728251960869,0.2744393350525781,0.18720978427522655,0.2841119218834945,0.35863922840465756,0.2625495305340204,0.22581952581341697,0.21899198925927638,0.0,0.0,0.0,0.372325017969501,0.0,0.0,0.5702175251011322,0.0,0.46483578802870673,0.018378966562930768,0.0,0.16123529891276905,0.4900532046006941,0.44688634148412365,0.0,0.0,0.0,0.0,0.0,0.0,0.0,0.0,0.4624201230198061,0.9693294665932297,0.0,0.0,0.0,0.8247199725677881,0.5046731071697445,0.5316876526585265,0.0,0.0
0.399517396415489,0.7818254975422341,0.7364023333469896,0.5181177986422618,0.0,0.646209027996083,0.43092440762618506,0.8642641390498078,0.49631348718403223,0.808018844729697,0.5456336414478566,0.6473235974111772,0.7358526838695587,0.42362715617377683,0.45363127732065617,0.8590272120158817,0.4990313364562342,0.6097758499690967,0.6193487293564987,0.5481092961637918,0.4488333773843599,0.8659491419335374,0.7266788927343872,0.6452698774948393,0.8011503319340033,0.7375652057270485,0.6660530466593643,0.8968082398419936,0.7594214620151446,0.47095197292665725,0.7739445990651543,0.46141606886024744,0.43295644192576344,0.8134902431736133,0.6186138698874676,0.542605347075527,0.8689494501531665,0.5526404618226388,0.8755436194517665,0.7028641871014428,0.5028234200683454,0.4983459383521308,0.6171437313287285,0.6685550669559936,0.24350513437762,0.0,0.7571196341724089,0.8139700184670435,0.0,0.7986984713524807,0.8634143244607178,0.8611587856165419,0.7666589798446488,0.7973751756484153,0.0,0.6714810520318453,0.3304064950229486,0.8761668306907286,0.8940125938107639,0.23273584491656335,0.44776952831445715,0.0,0.0,0.8929363186615651,0.3003085430941762,0.4836937181709489,0.37648210655480496,0.8841497103832194,0.0,0.4632379280454702,0.5465098394882356,0.7550262180229321,0.8691530965640791,0.409339645739551,0.0,0.8930543169618932
0.6693297775354761,0.7870109110246964,0.6809907637422272,0.7605157010479449,0.646209027996083,0.0,0.7297613542553856,0.7303418047293567,0.4596538023157447,0.657042393206986,0.795135733700132,0.8607871969993373,0.6753057151638688,0.7186134420233935,0.8097766405162817,0.9212851620621737,0.7048800543038558,0.8587906629648556,0.8646722760363137,0.7200812806807759,0.870108451038979,0.745320349957804,0.666476478956187,0.6535177767608694,0.8590979652691902,0.8247361070328806,0.6177366314676034,0.7198504611522409,0.633791345935131,0.8179203217570856,0.8132306987336848,0.8559697650791436,0.9356164749746656,0.8659259973540423,0.8771364749110493,0.9202224424395609,0.9062427953754162,0.8159488105717002,0.8943849519310596,0.613652173646156,0.7327565807363008,0.7901619651916865,1.0031468440371247,0.7266680026192227,0.18008947700374003,0.9673089721204464,0.9170836934231258,0.8144464782184541,0.5271743426602244,0.6573009678884083,0.8023003171282403,0.8297117513578361,0.8273874086846184,0.8355262810400672,0.5954234013632632,0.7958243827058153,0.3271550174151553,0.8423468318037504,0.5782612271049069,0.9194416094981257,0.9268718059475618,0.0,0.8595673829264173,0.7154317347109884,0.9235422528553066,0.7265746992293826,0.8721940020460491,0.8246475201327668,0.573240990262573,0.7887861702507216,0.8384809182289303,0.7807457174660062,0.7979793950972072,0.9607382165064244,0.7438072770696629,0.720350853840928
0.7602661869704996,0.8061182310840787,0.796934275985776,0.36490436300333273,0.43092440762618506,0.7297613542553856,0.0,0.7860066470865226,0.7259738184772675,0.7233136452964926,0.7259203613294282,0.5890751781794437,0.6419402966917771,0.572713503302365,0.5208653754850043,0.8497794745922009,0.5417875436585047,0.7459008412847832,0.767783335582156,0.8276197715892376,0.7050711170503643,0.8399458990886466,0.848004079056552,0.5261740083477947,0.7640868472930977,0.8306057943376398,0.7556782860527473,0.7223119550136325,0.7950885121628305,0.4516269805188765,0.7264185585588719,0.5406647199391926,0.6759306572787671,0.5231455868522605,0.5335615289857989,0.8520816987711537,0.599657659750449,0.8698017450328801,0.9392820269250699,0.34992112752240545,0.3567295550900212,0.36574430735593855,0.628497881241462,0.7061347628377384,0.32845694850962515,0.0,0.9404472253083217,0.6360985067627698,0.0,0.7345567393666474,0.8118583453979628,0.8231958634731562,0.8095271231747392,0.8610053330389207,0.5666564359743931,0.6444550371292942,0.41456153106433624,0.7373446516285331,0.32450579948929026,0.6322682181977481,0.9368828555472297,0.0,0.5158330652134863,0.7651228331410036,0.9368592397668489,0.4616779292156281,0.6200486528108693,0.8046863020983068,0.4618598310836831,1.0061788820418538,0.9414198765684348,0.769671185602935,0.7381014381139535,0.7326403438825584,0.7492124740239409,0.7450109928319968
0.8050710114715613,0.9353905363861313,0.7667028894343697,0.5457786944615689,0.8642641390498078,0.7303418047293567,0.7860066470865226,0.0,0.7938955360872829,0.8597137029466692,0.6710106416579542,0.9030950617084785,0.9083686049287678,0.7785516096269118,0.5360773873922474,0.9722025343128804,0.4464553517336838,0.8505891501610955,0.6097409417304123,0.7821690027679146,0.7182552665932477,0.8599914125816848,0.7388960847975112,0.6921155584333921,0.821459018719559,0.8293977762300221,0.6837576878627281,0.9083132039868174,0.8361910803004501,0.8142310264179442,0.9042383001058629,0.8944153260577327,0.8624810469373677,0.9284018090184223,0.7465911513574911,0.9051530060937907,0.8350799251619077,0.5685719915412752,0.9916473770356522,0.41020253061262757,0.6977874028087654,0.9185294149481074,0.7460141996416112,0.43279587846013257,0.0,0.7873642234937374,0.35514501346499683,0.8271815166868528,0.0,0.6904831337519527,0.731627260908147,0.7175713815944995,0.8299131972168862,0.7879003431269923,0.82999028473861,0.789190877308424,0.9335651603796226,0.7611082504140234,0.7354102885886913,0.9760342191648804,0.37835551929257144,0.0,0.615595036692558,0.7677730430526875,0.9495158531337167,0.836779333187476,0.9169554384858196,0.8603043460612247,0.0,0.8678884661874774,0.4074061628428334,0.7878267632723824,0.7682151963766177,0.9238716252893204,0.4556933025914023,0.6877371832182764
0.4067025889615201,0.6806776034066607,0.5844318648844322,0.8795940665933634,0.49631348718403223,0.4596538023157447,0.7259738184772675,0.7938955360872829,0.0,0.8390303995434196,0.5519227763174606,0.8489698540447637,0.8036025664926478,0.6512026138470931,0.5361704938511536,0.8101201022085729,0.6855187249107066,0.6066560459129773,0.5011863891019391,0.8118329378234013,0.37624987890831785,0.8508907372191491,0.6856171856235334,0.7141652974678008,0.7666633505189551,0.7461843782658046,0.6403137702158876,0.8881142930879893,0.6975334851875771,0.8523682796847387,0.8599238797855825,0.8926622084853097,0.6827999386844854,0.9127606645758528,0.8243671345205996,0.8405231118048713,0.8915692238666877,0.8594420632094067,0.8732862079454771,0.6302231473444112,0.5861263398986786,0.6932999563800994,0.7683937942141477,0.34793430412560333,0.23948344868618796,0.0,0.8925548276007484,0.7840967440071074,0.4609336800930688,0.8397934840327799,0.8774243014726113,0.8035809701964989,0.8405909528690354,0.7093097966516162,0.20717263302398164,0.7487036436247392,0.4094588575040995,0.6817290317623231,0.7723312957084657,0.45636232502251345,1.0346096423323374,0.0,0.0,0.7755489263736668,0.6114902218663834,0.6965398961336728,0.5266442619701798,0.8408913961676465,0.30689915316102034,0.9378983253495696,0.5641419019383869,0.7637599081720876,0.7109076984152587,0.8383972058450467,0.47242314262152857,0.848913002220966
0.7019585049789248,0.48975923209865535,0.8517206671080376,0.4787939477760183,0.808018844729697,0.657042393206986,0.7233136452964926,0.8597137029466692,0.8390303995434196,0.0,0.8017906039522493,0.6162740310489782,0.8246988677850636,0.734557643409608,0.5735894951127831,0.5121562173891802,0.621149880278004,0.616822195465624,0.8019100528994698,0.5889727731126209,0.855312318361355,0.6705455222590231,0.9070789398023111,0.44867204207986244,0.7484191108547905,0.49702129639228443,0.7330963294831644,0.8119535828578062,0.6902710686468179,0.6304256593992786,0.8009650298179476,0.5510452131716101,0.7391852382973081,0.7844752633041683,0.6791442204648067,0.7681477420729936,0.7260349565601507,0.586349839428026,0.4371637929627995,0.7226652531668141,0.6935605608669135,0.7783110507290353,0.2696809325948553,0.29843818626373575,0.7516290230201133,0.6617824827898725,0.4546348618261208,0.16097777825082812,0.4831967046525287,0.43679231189315637,0.4653719648348392,0.5471647671691532,0.5569525372486523,0.2285349515576095,0.6995444645766669,0.39021319849261127,0.7262918843589311,0.6998307545819744,0.0,0.8879466694210058,0.8915557523985465,0.7453712044692304,0.7645758210335917,0.4658957139114966,0.44960372554011385,0.5534888185098648,0.32727457918319025,0.8619214007056094,0.5448851470657261,0.8150753984227561,0.730682152578737,0.9140180318831238,0.9300184342657882,0.4911163779676725,0.0,0.8087259142272226
0.400107841462546,0.3287267935853404,0.7090816823590047,0.8091481926280117,0.5456336414478566,0.795135733700132,0.7259203613294282,0.6710106416579542,0.5519227763174606,0.8017906039522493,0.0,0.7524316251601928,0.7381666405305585,0.5524946558380159,0.0,0.5034620509768095,0.714865193364999,0.6898375461111412,0.45623093113693486,0.44816951238810004,0.5345464000184612,0.36643285253823754,0.8698652627909963,0.7110654278445452,0.7400341293780558,0.7170378493175745,0.7740625381953852,0.75452658953548,0.41267068659909867,0.5132302076636268,0.6901403962941786,0.4753056531007165,0.6008815119615523,0.7420480438592619,0.694135809624538,0.6133406856102901,0.8223575768041582,0.659730333288066,0.6975643475127375,0.51933268823384,0.4259503576677361,0.7314256811286242,0.7778855609241865,0.5517513494731997,0.17006484957573656,0.0,0.0,0.6846647119341294,0.46439214170657445,0.5786334383635464,0.7945042288434494,0.5601055863677596,0.6955020535533851,0.7068489205032424,0.41459766053921343,0.621986849945955,0.5855171630265221,0.673315155690996,0.7921388883369364,0.0,0.0,0.0,0.0,0.3984735040585924,0.3440997986398018,0.0,0.6637484606985934,0.7965124599151171,0.0,0.0,0.8818513499548294,0.8446869500738647,0.5007855365263525,0.34402861438517773,0.0,0.4766639844547819
0.6617806780926272,0.5134611282717534,0.9455333741017742,0.2918437688891214,0.6473235974111772,0.8607871969993373,0.5890751781794437,0.9030950617084785,0.8489698540447637,0.6162740310489782,0.7524316251601928,0.0,0.7539958530167842,0.567465280230209,0.4726301959553112,0.8069748262965027,0.8449471895485929,0.8577074355661343,0.8785193143376846,0.7481193476486082,0.7919357668350755,0.38268574309891557,0.8016473409156228,0.4423444511542237,0.7602236045187739,0.36787946485613904,0.7777836261890174,0.7813698299592728,0.9335140566389066,0.292806202298126,0.702449168819584,0.5290675848886066,0.7125835881052951,0.6200566289732597,0.6776952195143736,0.6647222521913305,0.6672963421864004,0.450092846301136,0.4194670337715262,0.7533666901064817,0.7488341241383037,0.27405357356388804,0.39478084165566785,0.3979707533971197,0.7792099096669367,0.5448349595729475,0.5741785643094881,0.24122481011869057,0.18465029233529928,0.26929172203367163,0.3394801471002228,0.46185913678208224,0.23770969479316628,0.3957247466647389,0.7823573825594483,0.2391540334885692,0.7545965342582945,0.747681060795369,0.6863219640311413,0.6379573217996511,0.530321950500211,0.7507424903451118,0.8392169777223576,0.3554915260329572,0.7406715808092779,0.7209621503212642,0.4244997610618877,0.4954089637792811,0.5401584046128082,0.7908164036881338,0.7037948499271942,0.31868723715079234,0.7518067413253143,0.4871883138483628,0.0,0.8325012767483291
0.8596054492955228,0.8291186170274196,0.8791235125285136,0.6688456399386493,0.7358526838695587,0.6753057151638688,0.6419402966917771,0.9083686049287678,0.8036025664926478,0.8246988677850636,0.7381666405305585,0.7539958530167842,0.0,0.7221455839941874,0.8151744184498411,0.8376855459409585,0.6881191471377768,0.8779733506037362,0.7905371801632664,0.8288467079112033,0.782476721612213,0.8174225904639636,0.9167765233564247,0.5811626400826048,0.8896772565492265,0.8001425017863928,0.8467082711674498,0.7863391807230531,0.7184097775395144,0.6280680646587921,0.6984772402532088,0.6582796415474326,0.7056722833311198,0.7318537095116215,0.6150212342750522,0.8228576996951682,0.7828189643857515,0.7104414200025313,0.8347117093334181,0.48269824550764673,0.5256763791575718,0.6670680249820328,0.5118254589294438,0.34301706364802764,0.8383221613810397,1.008526987006254,1.0076718933437456,0.7677989236238711,0.0,0.8787814858369797,0.8731600657119853,0.8063257580110352,0.7813172203286534,0.8879841826535407,0.6056118821936759,0.6317584939059471,0.8735488996987484,0.8029957938898971,0.37223476326224136,0.8167007212212513,0.8870747646379032,0.3836378459639347,0.9167972610722341,0.7915925779290592,0.8211077842129817,0.9770495397215158,0.8657623959149123,0.8686575753828337,0.4574103146688482,0.7574658614188768,0.9403689936367392,0.8398398283554087,0.8908634141795617,0.8423570424832155,0.8312963116206231,0.8176709242542144
0.7682818390526385,0.4918704474587889,0.729297530614988,0.9278207137353089,0.42362715617377683,0.7186134420233935,0.572713503302365,0.7785516096269118,0.6512026138470931,0.734557643409608,0.5524946558380159,0.567465280230209,0.7221455839941874,0.0,0.5185539021499113,0.5297356483832869,0.47032960762394205,0.48057626143188453,0.5933807588945733,0.36584358924037086,0.7674537238023968,0.2480450445383433,0.7040314670933805,0.6067695937017823,0.47285169352285583,0.8028816177598666,0.7109062849852439,0.8986188720156785,0.39138872747675546,0.7611684978887501,0.644868679361249,0.2445084986387019,0.13412041713999362,0.7268664353072259,0.0637353173928005,0.2634781113589744,0.27422838763819846,0.3810361309158724,0.6450096037724664,0.0,0.6829438097738068,0.8072576700662504,0.6017396791071112,0.466244700858495,0.0,0.0,0.0,0.4619508095941902,0.0,0.5066460567035116,0.45219271290150587,0.4564320667934222,0.5295480638563159,0.4564056113155296,0.0,0.5523554271656439,0.3905252277748108,0.7350715838739031,0.44793550714672964,0.0,0.0,0.0,0.0,0.5013472606822096,0.0,0.0,0.0,0.7414317368082182,0.0,0.0,0.0,0.5024555583466015,0.6959669484808266,0.0,0.0,0.0
0.5763358261250339,0.8610164628177385,0.3363949334172114,0.5839584767843176,0.45363127732065617,0.8097766405162817,0.5208653754850043,0.5360773873922474,0.5361704938511536,0.5735894951127831,0.0,0.4726301959553112,0.8151744184498411,0.5185539021499113,0.0,0.813840294159996,0.5452833699057644,0.7448146218415774,0.0,0.6226732137488105,0.7298200823123109,0.7806698057835572,0.6434623019148025,0.6412538929506753,0.810755470118403,0.6259565940615843,0.779958593212871,0.7980689475200807,0.75126455113868,0.40757401143677796,0.7851856150638301,0.701541023417576,0.7017646879377034,0.743818993142591,0.7441039742757976,0.7039859977243272,0.7431481649045082,0.3645052966831671,0.7086448649906224,0.7777384884690516,0.7938787268336724,0.7138274939978857,0.46901181718028584,0.6002148949058721,0.0,0.794765304720986,0.9611733337501618,0.7476577577757879,0.0,0.0,0.8212577949885265,0.6667214625071913,0.49031722631922836,0.5125687760569086,0.0,0.0,1.0361451517185443,0.8901162490511274,0.46663710263719715,0.45017642140170866,0.9708136570412282,1.007730008515389,1.0040713945551247,0.0,0.6921332558765648,0.8713860123652548,0.7356641486294777,0.9216943809690146,0.4527926374765067,0.7519159439353318,0.8162312744523887,0.819225261833864,0.6879850285645299,0.7798854236759871,0.5450343665968267,0.7461888873693734
0.8222363573451983,0.6878526031071945,0.7635870043070409,0.10373157566643976,0.8590272120158817,0.9212851620621737,0.8497794745922009,0.9722025343128804,0.8101201022085729,0.5121562173891802,0.5034620509768095,0.8069748262965027,0.8376855459409585,0.5297356483832869,0.813840294159996,0.0,0.30700205052267,0.7213666837989445,0.44664761775342937,0.715789299631687,0.8568477121747426,0.7501015721235693,0.9439742811103702,0.7787102156243932,0.7861703327783629,0.7434587098566258,0.9087861620730583,0.7796128257978379,0.7736353366444655,0.7005869776143743,0.737822548794279,0.7170249951335603,0.4064994172245101,0.47650211719229885,0.5631020230318534,0.5941583194168427,0.6587567596312623,0.5788077453858941,0.9154744691416439,0.7927294514050085,0.8768644417045921,0.7693816301198775,0.4665005483440552,0.0,0.0,0.6728020014355042,1.0173169163461404,0.0,0.0,0.0,0.8982314362033794,0.6004337326040079,0.8218984560198563,0.0,0.8233323282561895,0.0,0.7364457712440575,0.9107105887681228,0.0,0.9122474492593725,0.9952554130894331,0.7225003143672775,0.9779468471264532,0.0,0.8425544755158467,0.7552761359013506,0.9685682074078519,0.7929840132754742,0.43363617827800693,0.9950831227161099,0.913195994414524,0.8793210843260879,0.7951362430611255,0.9379082549763846,0.0,0.8720416883561519
0.5957048577362329,0.6010452270179438,0.571736988851121,0.5227856738858454,0.4990313364562342,0.7048800543038558,0.5417875436585047,0.4464553517336838,0.6855187249107066,0.621149880278004,0.714865193364999,0.8449471895485929,0.6881191471377768,0.47032960762394205,0.5452833699057644,0.30700205052267,0.0,0.631639620337344,0.5654657850849563,0.5522590395818903,0.8613290877710871,0.7670594680418734,0.47783533369705217,0.5976248071754895,0.7799325966218746,0.5883839163949285,0.6471226330788395,0.8522136568202487,0.5133036662788784,0.49952201932296453,0.5226278802993722,0.6556678227833992,0.6989835529890397,0.6346146686220829,0.5972534460061585,0.5609390688920329,0.2428584204061199,0.5219596612782301,0.8495345857539016,0.7982168585495495,0.763172527041504,0.5494904604064647,0.0,0.0,0.46090159178532486,0.6081026302068161,0.5304020572328922,0.0,0.0,0.0,0.0,0.0,0.0,0.0,0.7994717652755796,0.0,0.7193766815053334,0.3075790003543918,0.0,0.7283982953536281,0.7775276654379963,0.8697000257150405,0.8377758066857527,0.0,0.0,0.0,0.5229826131410986,0.0,0.6388140964351363,0.9006481075226547,0.8468740866095109,0.0,0.5464824062751525,0.4615897447064625,0.0,0.885715503055305
0.7383405819685694,0.7062761515425309,0.5030134574197717,0.4686476642387699,0.6097758499690967,0.8587906629648556,0.7459008412847832,0.8505891501610955,0.6066560459129773,0.616822195465624,0.6898375461111412,0.8577074355661343,0.8779733506037362,0.48057626143188453,0.7448146218415774,0.7213666837989445,0.631639620337344,0.0,0.6979871671130102,0.775765111014898,0.9257543016585095,0.6331944090066245,0.8836994641429424,0.6553155316327122,0.7779371865507496,0.6751447828646392,0.892378872943483,0.7982415334943362,0.7575747760451315,0.6762396452101549,0.49424569007022534,0.5606004230790993,0.563789569916019,0.6130778553757201,0.49141587470420744,0.49245161299329776,0.24185757162063248,0.502249140757278,0.9502657401557223,0.7876179838205191,0.7810485368016067,0.7225621038763108,0.0,0.0,0.5749924532211478,0.6859998918755246,1.0165826386681993,0.0,0.0,0.0,0.8955559728847878,0.5435215269004248,0.8171094541514962,0.0,0.8527737696446296,0.0,0.8369512825601646,0.7363220113427171,0.0,0.8854494403748581,1.0015858657010246,0.8498402593801686,0.8844358534928696,0.0,0.7673075944540491,0.6017616728935499,0.9654167333914003,0.6933516683213266,0.6606976984604153,0.9013822738656274,0.8895739602161727,0.47126787798835634,0.98085793958575,0.8168466626445918,0.0,0.9419914399788544
0.0,0.6033795973067428,0.5089531325905146,0.8721644559279054,0.6193487293564987,0.8646722760363137,0.767783335582156,0.6097409417304123,0.5011863891019391,0.8019100528994698,0.45623093113693486,0.8785193143376846,0.7905371801632664,0.5933807588945733,0.0,0.44664761775342937,0.5654657850849563,0.6979871671130102,0.0,0.5277602853501682,0.41077926104672013,0.6510137298627854,0.6770264891339636,0.7495944135433696,0.7796028302933871,0.6659039481326623,0.7612430662941759,0.8608806617176605,0.8184290899047313,0.8127124671886825,0.7924188138942955,0.8195538755052982,0.5574590753723603,0.854549160473315,0.7903465760252872,0.7242815770577449,0.7490319623897628,0.43048423604826147,0.6179360241532322,0.38132774374064793,0.3595017831088658,0.19111858514393845,0.8376552612818493,0.324482017461989,0.3968065451065218,0.0,0.0,0.7267853844431278,0.0,0.5486782929418134,0.6688284931172411,0.640351213887113,0.6600738982877834,0.740537177041328,0.8628378302917145,0.6519921506048325,0.9301723589084803,0.6174007891252657,0.5592175930426062,0.0,0.0,0.0,0.0,0.6726615560986553,0.46354210760317993,0.0,0.4811748317140657,0.784889675605948,0.0,0.0,0.0,0.7443068243203788,0.9046803239380867,0.40504978050390494,0.4610815632892275,0.7946088473880977
0.7730799753260013,0.8085760856709809,0.3766187007915358,0.7552635423678282,0.5481092961637918,0.7200812806807759,0.8276197715892376,0.7821690027679146,0.8118329378234013,0.5889727731126209,0.44816951238810004,0.7481193476486082,0.8288467079112033,0.36584358924037086,0.6226732137488105,0.715789299631687,0.5522590395818903,0.775765111014898,0.5277602853501682,0.0,0.8331666363862,0.6600967273519085,0.6704442298175375,0.8304954559407118,0.9373319753528497,0.6992565055895057,0.8129867502372429,0.7126902137059011,0.797560238943642,1.002330933190393,0.7756634213654005,0.7062931671363017,0.6761228000045952,0.7970348712887618,0.8116181962858522,0.9135921485398315,0.801430289972707,0.7610306207331762,0.8478532428293815,0.9156803759859483,0.9125502358372749,0.8661679784186739,0.955090363513847,0.22994663314079195,0.18741075043832772,0.9047103981029321,0.9822697453396647,0.4512122913402511,0.0,0.0,0.8257475950164013,0.9365566829858611,1.0131063883069298,0.4320119768477244,0.9147619474395408,0.0,0.5386411959556807,0.9638267956006803,0.0,0.915286894820091,0.857501504356478,0.4683518704521849,0.8791392055955878,0.0,0.8421480273238733,0.891696782449545,0.8472028220603671,0.9072165506135714,0.0,0.9119559974343681,0.8437254792010747,0.9069492025510725,0.7613553455683633,0.9003083790099975,0.7877117235698338,0.8596573169513194
0.4697493249022956,0.8323634977486796,0.3835205327270953,0.4278833004284961,0.4488333773843599,0.870108451038979,0.7050711170503643,0.7182552665932477,0.37624987890831785,0.855312318361355,0.5345464000184612,0.7919357668350755,0.782476721612213,0.7674537238023968,0.7298200823123109,0.8568477121747426,0.8613290877710871,0.9257543016585095,0.41077926104672013,0.8331666363862,0.0,0.7378138048081766,0.6891352585807053,0.6372670522412922,0.8181493727385948,0.832967776999294,0.7852682188341236,0.7922858130397413,0.8768808366246005,0.5831236798429807,0.8013268738634011,0.6809120124158754,0.7491163561611408,0.7174914591811208,0.8555312273536095,0.5645688149547712,0.3083613332758485,0.8768737068338897,0.7886751051478023,0.8302873578153126,0.7546970845770915,0.7480294956392258,0.5513880574638064,0.0,0.0,0.727683969217345,0.9665880669103664,0.6147803135983956,0.0,0.0,0.8974580478240539,0.40932636805445566,0.38087974208807596,0.4928300997529741,0.8063209841933727,0.0,0.746280028131683,0.8135714962986026,0.0,0.8268797246794204,0.9722110354988871,0.0,0.792233985780074,0.0,0.7994789961630319,0.9388615346557294,0.805890467152284,0.836952672100193,0.7805719583185031,0.7561382216738267,1.014587077443066,0.769151211769491,0.7922936714485689,0.8591812904019065,0.6067632055508929,0.6717990828754226
0.7821345315670942,0.6937763896089539,0.853939927051512,0.4897948432208257,0.8659491419335374,0.745320349957804,0.8399458990886466,0.8599914125816848,0.8508907372191491,0.6705455222590231,0.36643285253823754,0.38268574309891557,0.8174225904639636,0.2480450445383433,0.7806698057835572,0.7501015721235693,0.7670594680418734,0.6331944090066245,0.6510137298627854,0.6600967273519085,0.7378138048081766,0.0,0.7742088546065733,0.7464565155327089,0.8267671131125156,0.8048691803317563,0.6812538654035044,0.7916759275951559,0.7252441583735304,0.6587957343203551,0.7930062645844747,0.6834503275130819,0.5777583154493531,0.7894160039687117,0.741106716659919,0.628432170047653,0.8658084181804934,0.5148108445401145,0.7042680810956845,0.9033058029967538,0.7690966937769801,0.8085526163464796,0.6557509348353319,0.36296767934547003,0.22692894097275015,0.8671568311041515,1.0108136546458846,0.8560719419896787,0.4648814676619343,0.23180134285758147,0.9640021091201049,0.9569786524157631,0.5630745158758383,0.9736198296370271,0.7225868825618837,0.0,0.5346174012411317,0.8508138767327738,0.0,0.8518286489863658,0.9885724277126007,0.38827619915797196,0.8939451326815289,0.0,0.827512086151633,0.7683837569656016,0.8358534642020141,0.758018566883033,0.7330744011857936,0.9223976875393216,0.8901257225328318,0.7653948193514404,0.787977762863523,0.8367290540012539,0.5235651760560871,0.8872723966960561
0.6967970364758687,0.8953967190488015,0.6652495973458485,1.0133508678998786,0.7266788927343872,0.666476478956187,0.848004079056552,0.7388960847975112,0.6856171856235334,0.9070789398023111,0.8698652627909963,0.8016473409156228,0.9167765233564247,0.7040314670933805,0.6434623019148025,0.9439742811103702,0.47783533369705217,0.8836994641429424,0.6770264891339636,0.6704442298175375,0.6891352585807053,0.7742088546065733,0.0,0.6890224363217117,0.8126624059438726,0.7182917292075085,0.5157067453142887,0.8209762450878919,0.8690747511240684,0.777995337244515,0.8701046069698629,0.9033042276371815,0.8649697026698773,0.8833513644391797,0.8738265580218836,0.7842285986583384,0.9700947738709436,0.853341967515169,0.9035193777753042,0.907690806987534,0.8880289527022684,0.9416111594383768,0.9631206482876371,0.8342255871511994,0.5133798810976479,0.896523395242383,0.9863913051827574,0.7890958589580275,0.452012232102904,0.8262782410450586,0.7985184309682982,0.7925968333262972,0.8270095941951434,0.8248450789158085,0.5400887479569505,0.8124088680511788,0.42416758559164336,0.7745750022614393,0.8021997328725343,0.9484287360685442,0.901619638113851,0.44960372554011374,0.7398895352094718,0.7601488267896315,0.8850669565398328,0.9221769736312697,0.8721206635514798,0.8801257280008637,0.2018801950008241,0.8557128323663934,0.8426897011431209,0.7327572057812365,0.7716041275305616,0.9101501954863651,0.8294980584071419,0.8123628406891724
0.6044873819492199,0.6568737453348767,0.3718768367138891,0.21420956479318712,0.6452698774948393,0.6535177767608694,0.5261740083477947,0.6921155584333921,0.7141652974678008,0.44867204207986244,0.7110654278445452,0.4423444511542237,0.5811626400826048,0.6067695937017823,0.6412538929506753,0.7787102156243932,0.5976248071754895,0.6553155316327122,0.7495944135433696,0.8304954559407118,0.6372670522412922,0.7464565155327089,0.6890224363217117,0.0,0.6068122369604513,0.43875213832444626,0.5848679017266595,0.7511457746139967,0.9343462614988344,0.8034325433465797,0.7460963439178396,0.6750354678332048,0.4645950578258423,0.47828439623420504,0.5829646212788457,0.32682393622835887,0.5481632112576504,0.5417186303251238,0.8554500117366248,0.8588803295482856,0.5776555076885594,0.6457320655469047,0.586373342467501,0.3234100702076366,0.7028626892830554,0.2963209202864101,0.502037225780577,0.0,0.0,0.4748652580434978,0.5745140642845508,0.30088759546127797,0.0,-0.01161149090974109,0.6810282035898083,0.5338640338749701,0.7282233157381618,0.40565510296610635,0.0,0.23111183330072466,0.7719181339060608,0.7218459975770197,0.6865799818738592,0.4615432685636517,0.3433835780363347,0.44584315688321524,0.1986941982154364,0.8128289599675889,0.3574663912538926,0.791361231597791,0.7210421211808163,0.5324736150663762,0.5903668954251347,0.6249815167094379,0.0,0.6311450776040655
0.7118322812560565,0.6682049484763124,0.7266963606207745,0.8394506264812907,0.8011503319340033,0.8590979652691902,0.7640868472930977,0.821459018719559,0.7666633505189551,0.7484191108547905,0.7400341293780558,0.7602236045187739,0.8896772565492265,0.47285169352285583,0.810755470118403,0.7861703327783629,0.7799325966218746,0.7779371865507496,0.7796028302933871,0.9373319753528497,0.8181493727385948,0.8267671131125156,0.8126624059438726,0.6068122369604513,0.0,0.5030084306763507,0.8971352760010787,0.799400187928992,0.810591164906824,0.6170877514191155,0.6874603879316299,0.4968070024496077,0.6999479415941376,0.6050152302683138,0.6493972058576083,0.47026267162715174,0.5748898442535708,0.728536671607549,0.9020101944540371,0.8488453370680593,0.8568137851413058,0.778587072304683,0.08368175976300901,0.0,0.62558732050246,0.7934377346070751,1.015896686213168,0.0,0.0,0.0,0.9208195529384071,0.539670743699798,0.9193078666145598,0.418029583602642,0.7438272515666337,0.4535474561918551,0.7666263877323467,0.6042767769799657,0.0,0.7979771849232926,1.0010225179018322,0.7637493304667942,0.9309308544065342,0.0,0.954753933445766,0.8588492078616747,0.951818636178974,0.8222704539816402,0.6147981083544889,0.9490429036147352,0.9105317887817119,0.8581110845292858,0.8470024418102041,0.7862584870860535,0.0,0.9626960390349146
0.6698368326780845,0.6409838199633539,0.5871632769838673,0.6092112323626118,0.7375652057270485,0.8247361070328806,0.8306057943376398,0.8293977762300221,0.7461843782658046,0.49702129639228443,0.7170378493175745,0.36787946485613904,0.8001425017863928,0.8028816177598666,0.6259565940615843,0.7434587098566258,0.5883839163949285,0.6751447828646392,0.6659039481326623,0.6992565055895057,0.832967776999294,0.8048691803317563,0.7182917292075085,0.43875213832444626,0.5030084306763507,0.0,0.7659628752767751,0.7552777829909223,0.8970554065551416,0.39323852176003016,0.6177590031862037,0.6898045095212293,0.6453057938421332,0.5724720345526565,0.5738097642358206,0.4893926725585962,0.22436015530748327,0.47703611016716924,0.6808584980409678,0.7710174624647166,0.9107758146787002,0.5071785833246655,0.18816972768688175,0.5312304094955516,0.6364355482107769,0.7332837697165104,1.0088053994896211,0.6367218934123985,0.0,-0.01380622986184601,0.9616247348092897,0.8459266071525893,0.5063238793513456,0.4172125748985428,0.6986343122405532,0.0,0.7661452283376162,0.876866044948046,0.0,0.8545639789968738,0.9933921407948918,0.7225462746252078,0.8581566038116029,0.0,0.8321280835462752,1.0323177110853774,0.9410735264730969,0.758283044314991,0.5507917693912989,0.9037461097897136,0.8524734055949206,0.872275954550819,0.7919662520045292,0.9104561114958777,0.45106871317579816,0.8872258699127256
0.7142468746880255,0.8394542971640603,0.5762465957435596,0.9226625985373145,0.6660530466593643,0.6177366314676034,0.7556782860527473,0.6837576878627281,0.6403137702158876,0.7330963294831644,0.7740625381953852,0.7777836261890174,0.8467082711674498,0.7109062849852439,0.779958593212871,0.9087861620730583,0.6471226330788395,0.892378872943483,0.7612430662941759,0.8129867502372429,0.7852682188341236,0.6812538654035044,0.5157067453142887,0.5848679017266595,0.8971352760010787,0.7659628752767751,0.0,0.8194748000027718,0.8605028192165343,0.7012492231824794,0.832778792901139,0.8510825212698685,0.8972429639518626,0.8707815175495974,0.8561461151532452,0.8977543534673843,0.9439881265548657,0.7622484088963724,0.9040754031141944,0.8818403318598297,0.8763868383915132,0.9169795243566685,1.0039593217770697,0.8892377137631726,0.3867594369877785,0.6708424976433134,0.7583690960833245,0.8016494410409933,0.5017365960118344,0.8098473671978131,0.797276628921275,0.7664053547483175,0.7145235632895677,0.779703235624615,0.6533902856479631,0.8368959500229398,0.36962118690838497,0.8056904066642927,0.4988476999627439,0.9077822089939258,0.840130302099062,0.0,0.6574402234127326,0.8327704310497209,0.8493756760130001,0.9398226467288746,0.8259976119819279,0.8184648384957345,0.0,0.8225265487106966,0.7433079407842835,0.7999584645733027,0.8167191076087226,0.9067144612375978,0.774868162930208,0.8267661215413675
0.6430324233677924,0.834754454722352,0.9246180930156054,0.5597753036437698,0.8968082398419936,0.7198504611522409,0.7223119550136325,0.9083132039868174,0.8881142930879893,0.8119535828578062,0.75452658953548,0.7813698299592728,0.7863391807230531,0.8986188720156785,0.7980689475200807,0.7796128257978379,0.8522136568202487,0.7982415334943362,0.8608806617176605,0.7126902137059011,0.7922858130397413,0.7916759275951559,0.8209762450878919,0.7511457746139967,0.799400187928992,0.7552777829909223,0.8194748000027718,0.0,0.6777261364990991,0.6067374433668202,0.7796911975976681,0.7032930800844064,0.7049841929562672,0.6841931527916357,0.6262105818934147,0.6371947731267424,0.6149006533710193,0.6393631923467441,0.9670846379635125,0.3416903156697718,0.6917805123396823,0.5811785149261992,0.9457857346887777,0.3184261738886933,0.5774141164985473,1.0128507233398394,0.9541374895047208,0.8406554542457694,0.0,0.9949052983663841,0.962138186543713,0.8070457713386995,0.8691535106080848,0.8158117795261262,0.5206714718590775,0.6517668669039376,0.46272154724188863,0.9112549141826158,0.3373002087982726,0.8487353947345446,0.6939194047957978,0.17654256405820087,0.9397056720930732,0.9990422585484069,0.9462221254360175,0.9292048883152413,0.8717434821691648,0.9137342027807465,0.5079127508712202,0.8546870586159954,0.6508030201148342,0.899003711276425,0.9474405052032543,0.9238017491916615,0.928001426627064,0.9104575599665752
0.8398017631939807,0.7762374471023237,0.9172702799891914,0.4358613728510733,0.7594214620151446,0.633791345935131,0.7950885121628305,0.8361910803004501,0.6975334851875771,0.6902710686468179,0.41267068659909867,0.9335140566389066,0.7184097775395144,0.39138872747675546,0.75126455113868,0.7736353366444655,0.5133036662788784,0.7575747760451315,0.8184290899047313,0.797560238943642,0.8768808366246005,0.7252441583735304,0.8690747511240684,0.9343462614988344,0.810591164906824,0.8970554065551416,0.8605028192165343,0.6777261364990991,0.0,0.6471748856738961,0.6333453901648292,0.7646573058522119,0.7743685861152081,0.8157925052705646,0.7733449747681234,0.7935539890087524,0.7923678973466207,0.5268520721101113,0.9559806404789817,0.8848080011763002,0.9475589648770262,0.9445521663113258,0.7790716898661382,0.9609733115267222,0.6090567101143907,0.6010127584931235,0.9019774087840655,0.521917379949877,0.4657095369909242,0.4203491209098846,0.911150183397797,0.8323266133821993,0.9918117448271122,0.5212229300556408,0.5694926787609494,0.38317983264023237,0.5462927310528953,0.8943960509426685,0.7613509114391008,0.9328356814401365,0.9079122089211165,0.46538707156785897,0.7761398137526757,0.4443228007025499,0.908359466080165,0.957287479274741,0.9069664456483278,0.9411796711293352,0.45295163225005314,0.8770042106475866,0.9319549575493491,0.9491405224498966,0.8890387581045465,0.9572531875650039,0.8163488492558422,0.8662582693448937
0.5864422622933775,0.4426180426590713,0.8976961882013982,0.47006946659536325,0.47095197292665725,0.8179203217570856,0.4516269805188765,0.8142310264179442,0.8523682796847387,0.6304256593992786,0.5132302076636268,0.292806202298126,0.6280680646587921,0.7611684978887501,0.40757401143677796,0.7005869776143743,0.49952201932296453,0.6762396452101549,0.8127124671886825,1.002330933190393,0.5831236798429807,0.6587957343203551,0.777995337244515,0.8034325433465797,0.6170877514191155,0.39323852176003016,0.7012492231824794,0.6067374433668202,0.6471748856738961,0.0,0.7680582078494798,0.7324218694347708,0.4516954507044997,0.9788089604794354,0.680250983210994,0.3206463020358219,0.5632767091112518,0.699573679919856,0.9840526507768392,0.43791422873888486,0.9317035038871969,0.6928358476211063,0.6088677173143303,0.04745391101530945,0.0,0.0,0.0,0.18225111763115717,0.0,0.0,0.7546708369625709,0.8708063395119889,0.542146073574808,0.6457559270539792,0.4963135976396821,0.0,-0.013962225363196704,0.7488219346310834,0.0,0.7451827678985528,0.0,0.0,0.9182167463496829,0.9181631757579766,0.8656955381612215,0.460456724046468,0.5244873276038998,0.8898185212257268,0.0,0.3540560565823613,0.463897353278908,0.8879342980296451,0.9703266638602261,0.8429933293900558,0.3908027225716382,0.7587040926439218
