0.0,0.6624752954294277,0.3884651040026712,0.0,0.35147403925266285,0.38071686789252956,0.21917610840001417,0.4462086614124608,0.3809073097677397,0.4150252783957887,0.33653484845245973,0.41049387356408806,0.37463031792087576,0.206981222161568,0.31082942343683934,0.5782045950634755,0.42310191814528014,0.3988545214469963,0.0,0.47284120637068405,0.2879638284172964,0.43176335401284094,0.3715156474540348,0.40889441070957244,0.4744591414522923,0.5855878195709159,0.36719683846335593,0.0669531283327677,0.3566278444594526,0.5899437724148455,0.32037723630905446,0.3902253333202654,0.3295342817323822,0.2581565207358185,0.1296778039054257,0.5905012889222192,0.4581481649036512,0.36980519418881636,0.3947157274878934,0.296607289715001,0.46965950526355543,0.5177385728454121,0.4704931179899594,0.0,0.44772726676755714,0.43078283911835397,0.5811274638932201,0.0,0.0,0.0,0.6289439945827147,0.0,0.5999214011763971,0.0,0.6283745485004059,0.0,0.5453346379625119,0.7477502412686152,0.0,0.5115678926400236,0.4728793448981624,0.2731585368216032,0.44125905838568136,0.0,0.46731364882054177,0.5039001154052398,0.5611967928930289,0.6368059333287676,0.5667403064751093,0.43861609787499684,0.5858045735293504,0.6609363276084861,0.40570728862869315,0.565078709618118,0.0,0.3427930702939945
0.6624752954294277,0.0,0.5136614900507189,0.33501101598156113,0.28320455049903126,0.36903445852665107,0.2683978470713468,0.7767668033618707,0.26409869885993326,0.44569972281015025,0.3239461056787668,0.4728167319782879,0.31514231305116636,0.5288556740577246,0.5425475739334316,0.5675886235098575,0.3044063745268737,0.5776744520811086,0.5647957628746261,0.5476391324237613,0.5980883501076111,0.6703705195520163,0.5812006186428367,0.42432942635886306,0.5500521621780191,0.6074304834442427,0.47060200593018664,0.33896299191024337,0.311736247969222,0.4067904775850215,0.5375767973932878,0.4394771392099347,0.2776027310876694,0.47172722090413044,0.374328333540591,0.5406615233825406,0.2221719959921286,0.0,0.4174917834410422,0.47282530248571686,0.41959016240102953,0.35760827617435875,0.5731019029042185,0.0,0.0,0.5590161308572846,0.5450058920777758,-0.014951625925287183,0.0,0.0,0.45548756930869366,0.5794130478199997,0.5865058992356839,0.5668036776367055,0.31048133271972334,0.0,0.41952666343970885,0.5283049038520553,0.0,0.6526372211356531,0.4179435606569352,0.5876379821645951,0.5453999997402792,0.0,0.5387505542104287,0.5090617095839793,0.612726976197583,0.5962021455549034,0.4166006037723886,0.5126567168133366,0.5509610169003741,0.549476658956159,0.5135235145409418,0.5626694292286364,0.0,0.5165852582496773
0.3884651040026712,0.5136614900507189,0.0,0.3070891838639429,0.48287967260940423,0.3673009655994444,0.4601096334051733,0.3802943993613891,0.11875239608676574,0.37022727717989534,0.4391033259451299,0.5386133939557517,0.45945557361535005,0.2875961755780125,0.35382273679378723,0.37195575179849016,0.6034669217633366,0.5413399565972677,0.20970813872756483,0.3682115438891741,0.41914700793742243,0.5179429433742235,0.25666475245426434,0.38410099957009214,0.6920753759647806,0.5581252909631081,0.21759198173953223,0.4443153326647361,0.6147640909270993,0.5971775923545096,0.4802365627613622,0.43761355652706335,0.194950548082584,0.43548266410846226,0.2260125062407865,0.43085125719289574,0.3083197299535074,0.34892410406422014,0.5363957905864567,0.46363195193534734,0.3598619353518928,0.46824363245674894,0.3955047871431226,0.6225194042218577,0.0,0.0,0.1756470575393524,0.5722976045273124,0.46490779424734724,0.12502172473226775,0.5184039502889259,0.4276164933595439,0.43882663309346226,0.5576358373459793,0.34182505262287366,0.26045919829022746,0.4545796360693263,0.53673387353384,0.551642061755869,0.25206961401850286,0.0,0.0,0.0,0.13490977585946137,0.5984527600762254,0.41012361899991373,0.10893714400628868,0.5491080965672328,0.0,0.5797854238208884,0.36767619582160316,0.5366511336627432,0.4310761789919734,0.630051560122758,0.6602702336760372,0.31395786323209063
0.0,0.33501101598156113,0.3070891838639429,0.0,0.35112075731057885,0.3445749848337556,0.4516509157474212,0.677419566637343,0.493639446020527,0.07651913236755675,0.31529049487906896,0.3727629208461192,0.3184913157864748,0.37667154771216765,0.6031563493540988,0.07124076926215292,0.535310028121549,0.4685859723258444,0.3714705060250426,0.6072465533495786,0.39490495569492756,0.554273670985634,0.4064907426458197,0.1988134489777505,0.8270985423711964,0.578365906179128,0.40675784276617677,0.47334696750503436,0.15402985497671356,0.830892804233874,0.5072737391499094,0.2346466461383581,0.2145932772591977,0.14374752508827926,0.37934555215361865,0.314686631556498,0.3010637154979432,0.31601649151174005,0.06667443549874484,0.2843332443231696,0.35753629843761636,0.2846926325301831,0.23924068809521107,0.21995489001739205,0.0,0.0,0.0,0.4272328506064769,0.0,0.0,0.5590957168571767,0.0,0.4664665600905673,0.03223931804672289,0.0,0.18139915571594853,0.5098677925991251,0.47677459976625114,0.0,0.0,0.0,0.0,0.0,0.0,0.0,0.0,0.46316443234093346,0.477832427218112,0.0,0.0,0.0,0.42220984661459054,0.47137490136176163,0.5570339716263711,0.0,0.0
0.35147403925266285,0.28320455049903126,0.48287967260940423,0.35112075731057885,0.0,0.48816232167374274,0.26302440566757335,0.7527715028526424,0.35107260333058465,0.5176726254859111,0.4409500919948818,0.509899897155899,0.36190433339080774,0.532852837853216,0.48519648104341306,0.3503921465247384,0.5097964088488807,0.4548950146463404,0.575135632348762,0.3700042018657813,0.47975428705041656,0.28232775409597455,0.4879492480653169,0.534381981848902,0.36802929259243566,0.3289617250938698,0.522138561636974,0.23856819931919004,0.5176642293373455,0.4399541101728472,0.5315510426259915,0.2911247749091499,0.41034986139633856,0.3760905138434655,0.4822453215514588,0.2730758808385215,0.5590848747385533,0.017833199279758682,0.5560926083875862,0.6725671947724463,0.776048690588652,0.3876649890341495,0.667133888926903,0.6268606168115196,0.25167163505805235,0.0,0.38531959920007447,0.4417320455073576,0.0,0.5163654950008939,0.5791433998953023,0.5390636614912009,0.5306212610695038,0.2567422260274172,0.0,0.4565617485249892,0.33372160368831294,0.6319559475803335,0.5183432824443458,0.21952835804466717,0.4773043528324232,0.0,0.0,0.5637326600007528,0.27329093907978347,0.4540203304458552,0.36837574616725477,0.5809648157183446,0.0,0.4632542817675168,0.4928484270971758,0.48860879646365096,0.5728716966682823,0.4079488156570201,0.0,0.44385655118801304
0.38071686789252956,0.36903445852665107,0.3673009655994444,0.3445749848337556,0.48816232167374274,0.0,0.48704394111575533,0.604810851974414,0.452722599939524,0.5545338705971931,0.5230028979657045,0.5816573510214086,0.5365188811814645,0.44682154835092874,0.632910948803544,0.49086506176815115,0.3149704074350437,0.46873112901563885,0.4378375905599774,0.5136398449950887,0.5560220569883705,0.3897668049199983,0.5132283054022416,0.29199804904696647,0.3958240338837904,0.6168691806017604,0.4653728358118273,0.6577593860618243,0.5640171637926876,0.7275405129241601,0.6383510798370486,0.5179663320895219,0.56849084351891,0.494525666251421,0.36703015348879,0.5581457057641461,0.42128017904302384,0.2976129553573976,0.6349276241268438,0.31883313845337613,0.5601012478797504,0.64803682957232,0.6580476630376704,0.6667817250039865,0.20869594747920373,0.5044594889072151,0.40641973881454957,0.48172114136600575,0.55050010306548,0.3508119623471478,0.6599646166939739,0.6212368619946558,0.6852261801830963,0.5483122962447604,0.5891947012894725,0.6426067019551518,0.3619059261750195,0.6435076958019224,0.6077385742631068,0.5305325049358964,0.3549862661564799,0.0,0.506210316857836,0.4617961610565551,0.5497125230905953,0.36983019704385933,0.44887481538518703,0.6230510284183296,0.5699360353371575,0.3095111940756998,0.3867479077879597,0.6231545945728212,0.5973079099879657,0.6366395682873288,0.552907415433082,0.5833648126070378
0.21917610840001417,0.2683978470713468,0.4601096334051733,0.4516509157474212,0.26302440566757335,0.48704394111575533,0.0,0.41836955647626406,0.486486396434734,0.47181600604226687,0.6049817632733807,0.3517998053974238,0.33003383927288077,0.5613249988413492,0.2301344285624069,0.40001122134339623,0.29850740896911887,0.3494216143886272,0.5669015751832113,0.3510685783887274,0.21827676838009924,0.3431406881393364,0.4555820292626807,0.534432548197874,0.31488544677466884,0.42550107970817497,0.3950486443118979,0.6468470417623504,0.5176808184610291,0.6071862046802463,0.46624662187439997,0.46221926465906116,0.13048377826267143,0.2644307143640471,0.04290403169773002,0.5130958092245153,0.33393317247077503,0.36233102990490573,0.5839772859073579,0.3997760400480195,0.5883427342864379,0.43805909960199185,0.5762628304397709,0.7178554643487934,0.3358174345882491,0.0,0.2839625916904371,0.29727194192440154,0.0,0.38974969842986823,0.5633542972301051,0.48587290593388877,0.4849996254987275,0.38906474016529125,0.562323193401842,0.39335111547444257,0.4102601623113188,0.4685248273128272,0.29738156369616525,0.2988739007689465,0.2947428853862126,0.0,0.5143747908099319,0.5721383034499679,0.4146041665009075,0.4668663455964489,0.31650391508425046,0.5305592319875119,0.4622986611326125,0.5315424785192,0.3130022822693589,0.5083316982542179,0.5040072115896991,0.379635573681016,0.7183599924659971,0.3958690168978447
0.4462086614124608,0.7767668033618707,0.3802943993613891,0.677419566637343,0.7527715028526424,0.604810851974414,0.41836955647626406,0.0,0.4638695790908812,0.47376247619506484,0.33484713063092053,0.6130825047098433,0.4551571658408528,0.4390595880424514,0.268312417723529,0.5677491533012584,0.17129097698020576,0.5137298587967284,0.4026194823562227,0.4100124522647642,0.5371476922719894,0.4987577202290242,0.4730127169734433,0.31817175450975943,0.5455415302943694,0.5388799730073035,0.5021521654789733,0.4603221002023067,0.43632451635219194,0.5564148519346468,0.543272947368097,0.523628626577532,0.4800207047010205,0.4225019866135612,0.20610946416120504,0.49992695446173807,0.3909841869979868,0.5811711286590369,0.5458372527106663,0.43083314710812903,0.4136111665996447,0.47862786827750736,0.6999451607697013,0.47342336524873646,0.0,0.5371937080422315,0.37863662749566535,0.44037923160438197,0.0,0.5550708407761725,0.6889277812970871,0.6321595476195025,0.34057560634484274,0.42852945741460224,0.8177019225620001,0.4291874975876649,0.9164622335718788,0.5923982678146373,0.6051797239128875,0.6608915617258301,0.39009151886728244,0.0,0.6432007262708097,0.5398627345832039,0.6648483505463826,0.5427095952149713,0.4475570466651376,0.5760962523551891,0.0,0.41578497364797573,0.4459669032793674,0.5046222754491916,0.5203832969996446,0.6070202165465636,0.7121505223363598,0.511037950297867
0.3809073097677397,0.26409869885993326,0.11875239608676574,0.493639446020527,0.35107260333058465,0.452722599939524,0.486486396434734,0.4638695790908812,0.0,0.5690045538126876,0.19544678531004156,0.5399157494425724,0.34538432332807667,0.30408499175829984,0.6978621101149964,0.20541625008463427,0.39716061529636304,0.5527309759669092,0.11201788973044294,0.3935782341650514,0.3856805686794872,0.276211079615279,0.4742389109252316,0.5349733918437868,0.5607898864962998,0.6703713950561923,0.5075213076487397,0.4926612733350204,0.4880841916986621,0.5643236754602948,0.5307589232204375,0.5322596100240456,0.3543585375746488,0.47908759603146545,0.3703885681166682,0.5711192896181326,0.43630283467520264,0.46868378606940725,0.5341790656020301,0.5210158558280567,0.4843055729000314,0.21654520170167102,0.4043866383593814,0.353198002970863,0.2586385794068534,0.0,0.43912819892397115,0.3959443950528836,0.46122944286554884,0.572956402615761,0.582049943091528,0.5377212180589261,0.5653552409300969,0.3910238337291976,0.20607044077614467,0.5769073972254545,0.4475062023614107,0.4981355523197679,0.5645793602248466,0.44992289122981843,0.6054636058169727,0.0,0.0,0.37549584291686255,0.6144654314494793,0.6716163298738174,0.5247547254610192,0.5059038736696422,0.31042596459898764,0.5082597041517846,0.2521229337775247,0.48632259558497326,0.4684513366578152,0.6111903631978699,0.45526821489305336,0.6549967077642789
0.4150252783957887,0.44569972281015025,0.37022727717989534,0.07651913236755675,0.5176726254859111,0.5545338705971931,0.47181600604226687,0.47376247619506484,0.5690045538126876,0.0,0.5477538056686662,0.3482122535168103,0.4716567858165959,0.5946379014194033,0.4908033469294769,0.25081964762714987,0.5553689566560169,0.3628233348203971,0.5042037425471098,0.01730728378751617,0.5330474484594356,0.3770784398994744,0.4079831535113246,0.3723035840296704,0.4897091322190909,0.500113626721941,0.44120565926789357,0.467831840936524,0.16776504548445154,0.37684602728064576,0.42330809068659736,0.3536969124646482,0.5647576800389544,0.4645329379483527,0.2826869728529974,0.44813549498645483,0.12197280939383864,0.4598793011414292,0.5828136804486679,0.139617145044765,0.2748686541523195,0.3129256856440594,0.32275074438064016,0.3239782224027239,0.271433891005913,0.5247168679623662,0.4892038253681009,0.1579118525189843,0.4846657367229438,0.4062665511974381,0.4509189933788777,0.4502441298044926,0.555211768850227,0.2307288134006743,0.3924747771276888,0.3790562483736556,0.3479628933162124,0.3359628033611234,0.0,0.8700574225758717,0.35814559534004886,0.5004120143313,0.5508835901375811,0.4657188230034816,0.44867040304676586,0.5432175528424027,0.34425388082875547,0.48770240691585365,0.3051253548105488,0.3915495335820123,0.3906772589317551,0.47386063480855145,0.36682086048977824,0.4172837521898337,0.0,0.498486534542606
0.33653484845245973,0.3239461056787668,0.4391033259451299,0.31529049487906896,0.4409500919948818,0.5230028979657045,0.6049817632733807,0.33484713063092053,0.19544678531004156,0.5477538056686662,0.0,0.5200465082519021,0.5370745114390361,0.31646593899237085,0.0,0.4884082906712442,0.3341320292871148,0.27375674284807194,0.27190933974525827,0.47766074485794496,0.16341258348646429,0.36095917134798156,0.25694633325191746,0.5664582421597112,0.4854804102044659,0.5803830663125926,0.4468828628127549,0.5531796288944592,0.22297886459638006,0.4958132096488852,0.538912888174806,0.5952421710174338,0.1464351009821453,0.5470774515881948,0.353463143680321,0.47847836742007127,0.603653247353481,0.5422831474661973,0.700234427061223,0.4486762523648484,0.6729983323969104,0.40186511232906974,0.4975121718701887,0.5604213573340397,0.18820846904247582,0.0,0.0,0.518747960246922,0.46585534755773866,0.5414377169416409,0.5587703323693027,0.49030632500468607,0.4830922317217525,0.451731877714131,0.4506147313164909,0.3483175971425055,0.34699270332850907,0.6193294294712134,0.5635397208451858,0.0,0.0,0.0,0.0,0.07260837727380251,0.3703875644464728,0.0,0.6987616894479185,0.4383902642769735,0.0,0.0,0.9242508333081556,0.44244139024775686,0.527138415033113,0.35541612601203143,0.0,0.5804631211561325
0.41049387356408806,0.4728167319782879,0.5386133939557517,0.3727629208461192,0.509899897155899,0.5816573510214086,0.3517998053974238,0.6130825047098433,0.5399157494425724,0.3482122535168103,0.5200465082519021,0.0,0.39324318346760057,0.5572474724437487,0.35243074988829115,0.4134402029680218,0.45946076327676766,0.5228854181893318,0.3937157448862696,0.45674175207571155,0.5418277699634675,0.4320287744304937,0.43049660461668676,0.3041053991886343,0.41245440156316904,0.37226748393960324,0.5270972066488664,0.494792399491055,0.47213194367277667,0.28257467784714235,0.4333170662919302,0.379517939580009,0.44642156526490123,0.25861019419988235,0.41424651725012307,0.11926965326499422,0.05616096626441369,0.22924647314909347,0.19992213422011737,0.20081673365536204,0.3837972806172979,0.1175249011325292,0.39073600791547014,0.36872845181242964,0.308362272386564,0.3819518761897402,0.5457408631799936,0.25672205539455306,0.1815797365071502,0.23855105939534094,0.34070748947999013,0.45574521971775167,0.24411765364931887,0.4000447495975129,0.4296132337865568,0.2580281350239631,0.5625250846813705,0.3007525589220198,0.6785108933287138,0.6322032811532619,0.5335741732694099,0.4792757997353437,0.6028627051751098,0.36385614275575767,0.7272488276395463,0.7031502131283236,0.4284903297398439,0.4410261239681129,0.33281163182473755,0.4271342606044868,0.38560660752636544,0.30093069470806966,0.46335342437904015,0.49765711613368985,0.0,0.5200770072016558
0.37463031792087576,0.31514231305116636,0.45945557361535005,0.3184913157864748,0.36190433339080774,0.5365188811814645,0.33003383927288077,0.4551571658408528,0.34538432332807667,0.4716567858165959,0.5370745114390361,0.39324318346760057,0.0,0.5422688465471188,0.32475850964351743,0.425126829671182,0.3398983795415298,0.40641297912158764,0.5395528181007051,0.40827467946965346,0.33012975913504283,0.3630847851767495,0.502083820320468,0.2853440133451212,0.38825155751310336,0.44230373641229803,0.45659359823871026,0.33290887430178134,0.452165429720974,0.3882238266805858,0.2825522326588997,0.43178757889812536,0.17925759441047195,0.3258207144544274,0.09444225763954811,0.3764672961210371,0.2039721264913092,0.25875045762192933,0.20443515795997447,0.4105584633834766,0.58382174897166,0.7697079861703922,0.5725024925595817,0.6695130933551195,0.39130846267192276,0.5044583372717361,0.4294227923967198,0.3749983335830449,0.0,0.5918181412208117,0.5271655794768344,0.46607348918376534,0.4317415412163489,0.39176163019826493,0.4802641751374081,0.34538738121541235,0.4134168712298002,0.5347134924416436,0.37134961406209477,0.40464996375641205,0.23286783924088825,0.38888510247434555,0.4907617025604707,0.5046827327641825,0.46445515565181605,0.42443796394666133,0.32891979364239493,0.5507051653616848,0.46005011922228806,0.15840737040844585,0.3242605286432385,0.5709355222264003,0.5600201140183787,0.44632432812905104,0.4820997598719882,0.45591340578156536
0.206981222161568,0.5288556740577246,0.2875961755780125,0.37667154771216765,0.532852837853216,0.44682154835092874,0.5613249988413492,0.4390595880424514,0.30408499175829984,0.5946379014194033,0.31646593899237085,0.5572474724437487,0.5422688465471188,0.0,0.5297990639920268,0.5689370054000038,0.47016928368548616,0.4510346477208719,0.466594156231643,0.35977382906160216,0.33543957279806524,0.28085859555259163,0.3747509988218787,0.5900759962640196,0.4865027463556054,0.23077300682869512,0.3624797152804692,0.40371442566232146,0.3791616042767874,0.7995684651964232,0.5971203498298039,0.14788995321531778,0.23921330717846107,0.7263628347655754,0.38182484539475037,0.28796257176794965,0.26857886270345166,0.38351098288758695,0.6667019907368907,0.0,0.677148029660399,0.7860643366748632,0.4708318995728514,0.46477962290895314,0.0,0.0,0.0,0.5341245172084859,0.0,0.5522609345963612,0.5027186744189486,0.4601417438940236,0.5949146110876312,0.4895059417093992,0.0,0.3789772471207819,0.38169730888517084,0.8358846445751065,0.48695391969061386,0.0,0.0,0.0,0.0,0.5509807255677281,0.0,0.0,0.0,0.4467184713146796,0.0,0.0,0.0,0.3066761678678352,0.7214119509501244,0.0,0.0,0.0
0.31082942343683934,0.5425475739334316,0.35382273679378723,0.6031563493540988,0.48519648104341306,0.632910948803544,0.2301344285624069,0.268312417723529,0.6978621101149964,0.4908033469294769,0.0,0.35243074988829115,0.32475850964351743,0.5297990639920268,0.0,0.49545692340345726,0.44607873480991717,0.37311871281197506,0.0,0.4599639800881819,0.48598380722912393,0.4914873267112888,0.3896197043502051,0.12519271226356635,0.37299789256849075,0.4495387680084437,0.3868738294210543,0.30248512324248483,0.3887164412891107,0.4599978293456768,0.5326984620966477,0.3408163012022943,0.4364596517706557,0.42460118012181075,0.3493853370858171,0.5318321567954605,0.41679708207169575,0.35167778911427827,0.4734465347043234,0.6356224764977529,0.6069125346415152,0.40873252048136716,0.47075581124806354,0.605586762789907,0.0,0.6121806448975378,0.6315812445590663,0.39640683772568375,0.0,0.0,0.43105339143258525,0.6355255004362383,0.6213702305403302,0.4916035739503696,0.0,0.0,0.595328622961176,0.4969279325175429,0.46651983054811264,0.8443594061598256,0.5206512280618681,0.5732244409939232,0.6518283550069919,0.0,0.8032229573041352,0.43179921719468545,0.7827241800145823,0.7521281419235955,0.45348216132825947,0.53073925702046,0.4921101301024589,0.6674557385530193,0.5739980496780233,0.6337671224855151,0.5897080358817313,0.5864878648299455
0.5782045950634755,0.5675886235098575,0.37195575179849016,0.07124076926215292,0.3503921465247384,0.49086506176815115,0.40001122134339623,0.5677491533012584,0.20541625008463427,0.25081964762714987,0.4884082906712442,0.4134402029680218,0.425126829671182,0.5689370054000038,0.49545692340345726,0.0,0.3138669692685457,0.502692557364435,0.47771641463832604,0.20172343089887615,0.4393809208702393,0.342064688639079,0.5261535531909146,0.326381674775866,0.41710176592846276,0.6072136807749758,0.5451976434299368,0.3717828506893075,0.4284608555818732,0.30042970779062006,0.4681719261735888,0.3554761483844574,0.18346285265147247,0.31397586208371,0.16012005524911263,0.5551742017662789,0.37412121001401416,0.5668200540618261,0.35379863023796687,0.33551573725820916,0.38121782293653306,0.22022498704697369,0.4666000887833265,0.0,0.0,0.3638187173041393,0.5241259003969752,0.0,0.0,0.0,0.38609746018068425,0.5986335927690112,0.8511030846616437,0.0,0.5108671063650809,0.0,0.44381304382594083,0.5819295699320133,0.0,0.6132833022555932,0.41434656879798065,0.5506659638969086,0.494613573528383,0.0,0.4251216092134874,0.5341164870564892,0.4572687054987876,0.6053665076681078,0.42619793882635526,0.5374691927361845,0.5816546422838487,0.45315554063449626,0.5835485067132805,0.4064739319321795,0.0,0.32331116176751484
0.42310191814528014,0.3044063745268737,0.6034669217633366,0.535310028121549,0.5097964088488807,0.3149704074350437,0.29850740896911887,0.17129097698020576,0.39716061529636304,0.5553689566560169,0.3341320292871148,0.45946076327676766,0.3398983795415298,0.47016928368548616,0.44607873480991717,0.3138669692685457,0.0,0.574834930266613,0.5973622899475886,0.031593305153092,0.5030265569633825,0.41176210892003656,0.2636793130288514,0.4654874472859037,0.3934984241466446,0.3597517107777628,0.6301151694200307,0.5303448835848149,0.14256953229376587,0.5463731066066668,0.35764297839898596,0.24322676815569752,0.5126254315302716,0.40848416785512875,0.2180935678790214,0.5842538496370214,0.2507961917964827,0.3668232539113507,0.5204821343572935,0.44656508960978175,0.37152055821168145,0.5409682252388998,0.0,0.0,0.42080745224038896,0.6141780778002262,0.548383625202805,0.0,0.0,0.0,0.0,0.0,0.0,0.0,0.44420602895047445,0.0,0.38861354736896775,0.32247784453096756,0.0,0.719657168823159,0.3890978451821483,0.4106495768894996,0.4429436490338098,0.0,0.0,0.0,0.5248953406225297,0.0,0.3378441016118409,0.44689659096419065,0.4266706954629895,0.0,0.2793088383612191,0.46180883285480745,0.0,0.5062210877299824
0.3988545214469963,0.5776744520811086,0.5413399565972677,0.4685859723258444,0.4548950146463404,0.46873112901563885,0.3494216143886272,0.5137298587967284,0.5527309759669092,0.3628233348203971,0.27375674284807194,0.5228854181893318,0.40641297912158764,0.4510346477208719,0.37311871281197506,0.502692557364435,0.574834930266613,0.0,0.24611130968102707,0.2890624226571359,0.32696726017120664,0.3603047370380514,0.48829700927960124,0.3794177108326515,0.42636907831004967,0.41850971810849846,0.5851310329531638,0.26288273022038683,0.382136700673786,0.14024115800903392,0.3359095268849799,0.28992690089594664,0.4262390894107551,0.44772862008123104,0.28435432758392876,0.5765161411400541,0.24977069269574734,0.244747821749312,0.39065155211751473,0.37831579638626023,0.33511345288047284,0.337281202071827,0.0,0.0,0.5186546909893249,0.4187866371896207,0.5648661564210966,0.0,0.0,0.0,0.42924679869343374,0.5413360021698335,0.8576243385971305,0.0,0.4806049947777225,0.0,0.38972976276829474,0.4503992435098941,0.0,0.5473109614341869,0.39923872037406954,0.46479186243704496,0.42551715681015756,0.0,0.22103777888347848,0.5857911593099706,0.4908242171095817,0.7080245293986271,0.5215052987476436,0.4268780510152608,0.48574248570161005,0.36631145542548915,0.6242956991741757,0.41021528783539074,0.0,0.4510254967931837
0.0,0.5647957628746261,0.20970813872756483,0.3714705060250426,0.575135632348762,0.4378375905599774,0.5669015751832113,0.4026194823562227,0.11201788973044294,0.5042037425471098,0.27190933974525827,0.3937157448862696,0.5395528181007051,0.466594156231643,0.0,0.47771641463832604,0.5973622899475886,0.24611130968102707,0.0,0.49933586354691184,0.6757448329044402,0.6049751845647017,0.30362188094023135,0.44822606392474856,0.35104822927659113,0.44721620948632523,0.19603919036170758,0.5418621238669551,0.5951945607957154,0.5699451532765384,0.5625117228130919,0.5285089019291481,0.21576732122501138,0.5034684045542577,0.36495063144874357,0.6729949414785339,0.3998720824842669,0.3156594398936219,0.7136702930131864,0.38385771254563666,0.3346249222775056,0.22256538833981143,0.5471724479171736,0.31810489919707413,0.406071687622552,0.0,0.0,0.4752062006747325,0.0,0.40598119712479164,0.4281110649674828,0.40412682851746584,0.34370656597423,0.34641430375319415,0.9050744953385573,0.6980668374765414,0.4785102010952941,0.34189027391033644,0.4855727839353182,0.0,0.0,0.0,0.0,0.5210836825636925,0.46515009760599324,0.0,0.4532086600710212,0.4334731375250605,0.0,0.0,0.0,0.4002617899414743,0.5299462254026125,0.4365385800278825,0.4634163119157829,0.4663268401379031
0.47284120637068405,0.5476391324237613,0.3682115438891741,0.6072465533495786,0.3700042018657813,0.5136398449950887,0.3510685783887274,0.4100124522647642,0.3935782341650514,0.01730728378751617,0.47766074485794496,0.45674175207571155,0.40827467946965346,0.35977382906160216,0.4599639800881819,0.20172343089887615,0.031593305153092,0.2890624226571359,0.49933586354691184,0.0,0.5355914443032646,0.5309961157934271,0.38279658308439357,0.4018992334679198,0.4397812046367035,0.5452384988978449,0.6141099805903982,0.4274159001838167,0.6187531245963604,0.7157234163765183,0.4140047632483438,0.3685327861991693,0.348216604478233,0.4679473463488975,0.3487381586243038,0.579385013384283,0.2836681867419418,0.7209230721557156,0.5306762951712488,0.5020218162829135,0.6100266596218582,0.48137607492493245,0.5394119485586528,0.5820664724293254,0.19826706374787842,0.46366368312533845,0.4533109379744485,0.44616200856625154,0.0,0.0,0.4049647484736296,0.5267018290961861,0.6785322209628863,0.44731677792316804,0.8993211393915743,0.0,0.5453503696107855,0.5878689903608472,0.0,0.6547844662935939,0.5295508242336824,0.4683254554166435,0.5348103352802962,0.0,0.5686373069444484,0.5067344568704126,0.6158937225782752,0.5957586272308271,0.0,0.4924754915001345,0.41918948911152065,0.576662714601641,0.5763881849655468,0.6135479067569126,0.5882700941209824,0.5207437316879854
0.2879638284172964,0.5980883501076111,0.41914700793742243,0.39490495569492756,0.47975428705041656,0.5560220569883705,0.21827676838009924,0.5371476922719894,0.3856805686794872,0.5330474484594356,0.16341258348646429,0.5418277699634675,0.33012975913504283,0.33543957279806524,0.48598380722912393,0.4393809208702393,0.5030265569633825,0.32696726017120664,0.6757448329044402,0.5355914443032646,0.0,0.5660764756419774,0.4220727986705708,0.24243067555448294,0.3376422421623715,0.5628497905207513,0.4309658516781031,0.3557105394811527,0.43844635728309167,0.5448037850331142,0.23560095320707347,0.2537552403676012,0.11809804551874431,0.23974677750400097,0.3117889899316001,0.3432460749166324,0.3092812955221763,0.552630614619001,0.6145570421740022,0.335430443301461,0.4233941014961764,0.41692563337367144,0.5462833662343407,0.0,0.0,0.5239786595015518,0.5022216137088369,0.5918522629637496,0.0,0.0,0.4685183734640299,0.41860010717639456,0.7746646400463236,0.4989282549203068,0.6138337412706169,0.0,0.7367053374890231,0.6360891615507565,0.0,0.5759489146899879,0.46026743843943674,0.0,0.4975633914231009,0.0,0.6588511175708063,0.3157015725217295,0.5712883427704589,0.6002389245788422,0.7937826877718347,0.2930954761190161,0.5290083111342253,0.5948001046312745,0.6848087226407139,0.7955536291132096,0.39812387782445297,0.4138296439462405
0.43176335401284094,0.6703705195520163,0.5179429433742235,0.554273670985634,0.28232775409597455,0.3897668049199983,0.3431406881393364,0.4987577202290242,0.276211079615279,0.3770784398994744,0.36095917134798156,0.4320287744304937,0.3630847851767495,0.28085859555259163,0.4914873267112888,0.342064688639079,0.41176210892003656,0.3603047370380514,0.6049751845647017,0.5309961157934271,0.5660764756419774,0.0,0.6080194822095435,0.3654633258041604,0.5123525082828437,0.6021664331773096,0.41317913015624785,0.45033972585701987,0.3807183774370725,0.5470074832854155,0.6489595459188766,0.4412110612444271,0.32505737820537084,0.47549922540706235,0.415366622006758,0.5182101535568975,0.6684594545455216,0.4883262769441908,0.5464738203176943,0.551158054289672,0.5146016830667146,0.4698415044676918,0.48455078954679975,0.35298950091408193,0.23489699161608146,0.35805385568151826,0.5407800779909058,0.4758445414602622,0.4649272679092943,0.2404468826738052,0.40376528773342046,0.45033632822649367,0.5979266587685708,0.39848903691872617,0.3643371488550672,0.0,0.5073595175651628,0.4434277172800268,0.0,0.6761829053288344,0.45256550446258925,0.39984187544959965,0.6600347554588248,0.0,0.5652461604909136,0.5467701125498216,0.6004810842210607,0.5958029896525345,0.7166599147692111,0.4917709585813954,0.48540098915568963,0.5049450431703982,0.5340590944518913,0.5207753054634321,0.5251565189602055,0.6883130953232908
0.3715156474540348,0.5812006186428367,0.25666475245426434,0.4064907426458197,0.4879492480653169,0.5132283054022416,0.4555820292626807,0.4730127169734433,0.4742389109252316,0.4079831535113246,0.25694633325191746,0.43049660461668676,0.502083820320468,0.3747509988218787,0.3896197043502051,0.5261535531909146,0.2636793130288514,0.48829700927960124,0.30362188094023135,0.38279658308439357,0.4220727986705708,0.6080194822095435,0.0,0.2544440386775995,0.5313965247128919,0.44939967679679244,0.40376407444928986,0.4285420985457286,0.4593214195787363,0.5378500626263543,0.5066250408005537,0.45956465477185776,0.39204787428370524,0.45614558035534386,0.3380357282212779,0.6533434978495781,0.43912516568023446,0.28942019852764445,0.6162742848012155,0.7597606413532318,0.634558333170417,0.6174862637025347,0.6765084900058851,0.5946609426933359,0.5200158243477825,0.28664068639357915,0.509356216645691,0.5692788695699212,0.4463235836801229,0.5682015337439152,0.6628275893453052,0.6307464692883407,0.5602337408529745,0.5645552513853274,0.5155460266075271,0.5463403623169835,0.451375245619663,0.5916778393483169,0.690470879987011,0.6608689269024342,0.445102309713712,0.44867040304676603,0.5676517150357779,0.6111220544843041,0.6191990761405203,0.5228394956804192,0.6258039789847902,0.7153096826877834,0.21148972141487993,0.42536227249923075,0.42844261272510026,0.5767934459901061,0.5880933179121832,0.6690980501984451,0.6858989230171719,0.6238558191981607
0.40889441070957244,0.42432942635886306,0.38410099957009214,0.1988134489777505,0.534381981848902,0.29199804904696647,0.534432548197874,0.31817175450975943,0.5349733918437868,0.3723035840296704,0.5664582421597112,0.3041053991886343,0.2853440133451212,0.5900759962640196,0.12519271226356635,0.326381674775866,0.4654874472859037,0.3794177108326515,0.44822606392474856,0.4018992334679198,0.24243067555448294,0.3654633258041604,0.2544440386775995,0.0,0.4071603438901533,0.321231297420313,0.1812262358894515,0.5947452760478518,0.5931185004909743,0.7952049256781114,0.37422681309143524,0.48008424441386166,0.08658969746954104,-0.026197303100244596,0.01895321841117034,0.4065902137684756,0.3213305401896184,0.1443134351724193,0.6791383559935913,0.4137628451890467,0.2391465780025193,0.6000059927079391,0.5656737870604925,0.3481956677152709,0.16422617235106357,0.3986325254307872,0.3718616081868278,0.0,0.0,0.4743791010312924,0.5729550914829311,0.30620934366764135,0.0,0.005197362695869061,0.35141892163402155,0.5322233299795727,0.328849361135535,0.4099610742124232,0.0,0.23241828528908048,0.4043975111401131,0.42618113580321804,0.5853712255924408,0.4624468446188046,0.33064370193034526,0.43328191309115704,0.22255393714005872,0.8077696283674058,0.23830464987586197,0.571361256918326,0.45721654101084414,0.510236655664621,0.5932796156267979,0.643492738319312,0.0,0.4107709707622567
0.4744591414522923,0.5500521621780191,0.6920753759647806,0.8270985423711964,0.36802929259243566,0.3958240338837904,0.31488544677466884,0.5455415302943694,0.5607898864962998,0.4897091322190909,0.4854804102044659,0.41245440156316904,0.38825155751310336,0.4865027463556054,0.37299789256849075,0.41710176592846276,0.3934984241466446,0.42636907831004967,0.35104822927659113,0.4397812046367035,0.3376422421623715,0.5123525082828437,0.5313965247128919,0.4071603438901533,0.0,0.346626768971077,0.5610970944106829,0.23697653859731937,0.319567512479105,0.09944296742734349,0.40199330317925214,0.15296951987325821,0.3587226225405339,0.3632629091913166,0.2520630822708888,0.26974936483372286,0.5490019213739009,0.38216494689997016,0.42113660289861304,0.4626412088328787,0.3606314462934651,0.3456837312347616,0.11102559269983901,0.0,0.403247749642806,0.5274483558388525,0.6104415689605664,0.0,0.0,0.0,0.4040174434887811,0.5477439235336768,0.6255377955297732,0.3859543044509266,0.4385425458389204,0.482659679948392,0.4405303239916305,0.3523723503776435,0.0,0.5204122087610652,0.44792398101934683,0.4659168371435639,0.5074124009356293,0.0,0.533104404344059,0.26048505456114096,0.5050670453016483,0.36005156842075636,0.3164724011325979,0.48614175722841546,0.47186468165313633,0.40664353459845126,0.5165633786777528,0.45584768120365315,0.0,0.4133992979354103
0.5855878195709159,0.6074304834442427,0.5581252909631081,0.578365906179128,0.3289617250938698,0.6168691806017604,0.42550107970817497,0.5388799730073035,0.6703713950561923,0.500113626721941,0.5803830663125926,0.37226748393960324,0.44230373641229803,0.23077300682869512,0.4495387680084437,0.6072136807749758,0.3597517107777628,0.41850971810849846,0.44721620948632523,0.5452384988978449,0.5628497905207513,0.6021664331773096,0.44939967679679244,0.321231297420313,0.346626768971077,0.0,0.574826765132437,0.41721146042870605,0.4765672217088449,0.07050607259635094,0.42329223363378576,0.42108490183196734,0.3556039261936228,0.45061047779377766,0.3808350034651531,0.2893923153685896,0.4652818568665628,0.34843223899690434,0.5042652336334228,0.42307823729940564,0.5689587664078088,0.42318445596729637,0.22630638302801592,0.5288030301948419,0.3980218097739697,0.5104002942134533,0.6761571125931647,0.5955056285523505,0.0,0.0019676546615147736,0.4733331123912715,0.5470635692970076,0.5317761853704335,0.4265509110119297,0.4018827486261063,0.0,0.44299523148500874,0.5438305334892909,0.0,0.6420579604227037,0.5388323408850013,0.4254612740473978,0.5214759425544193,0.0,0.6294646134659196,0.562003064177727,0.7216047408726973,0.5439145762689579,0.33196593505527017,0.5107668069925257,0.5126366013689028,0.5636460702342532,0.4723661711840105,0.5689811870212689,0.48050041774442265,0.4533428244696725
0.36719683846335593,0.47060200593018664,0.21759198173953223,0.40675784276617677,0.522138561636974,0.4653728358118273,0.3950486443118979,0.5021521654789733,0.5075213076487397,0.44120565926789357,0.4468828628127549,0.5270972066488664,0.45659359823871026,0.3624797152804692,0.3868738294210543,0.5451976434299368,0.6301151694200307,0.5851310329531638,0.19603919036170758,0.6141099805903982,0.4309658516781031,0.41317913015624785,0.40376407444928986,0.1812262358894515,0.5610970944106829,0.574826765132437,0.0,0.4606236998476469,0.5229363189852638,0.573296817273447,0.48814414422745533,0.4008800396144701,0.3505669061518003,0.46342590515571425,0.34824514838284326,0.36525976280312683,0.4352894716884803,0.2920941849420915,0.5887264587994661,0.531342788704525,0.6365429514115675,0.527966056932017,0.6037456327720238,0.643512830632117,0.3718981589600092,0.40356338891829646,0.39982558735255885,0.44554440750462077,0.5247152220697118,0.5056203814614139,0.6782206413079794,0.5483002933113497,0.5216898612873719,0.4751115033894863,0.6214177149224703,0.5024459691430141,0.3775084342383298,0.6150758557123319,0.4573360740345758,0.5976244104935575,0.5984888941285876,0.0,0.46401117840913364,0.4949986839776944,0.5455935744652222,0.47896974649898305,0.5153726399847534,0.5726789198744093,0.0,0.4640272389551813,0.4106874269577873,0.6021694754644921,0.6125187610013969,0.6082187252313528,0.5559556811082313,0.5764058384358804
0.0669531283327677,0.33896299191024337,0.4443153326647361,0.47334696750503436,0.23856819931919004,0.6577593860618243,0.6468470417623504,0.4603221002023067,0.4926612733350204,0.467831840936524,0.5531796288944592,0.494792399491055,0.33290887430178134,0.40371442566232146,0.30248512324248483,0.3717828506893075,0.5303448835848149,0.26288273022038683,0.5418621238669551,0.4274159001838167,0.3557105394811527,0.45033972585701987,0.4285420985457286,0.5947452760478518,0.23697653859731937,0.41721146042870605,0.4606236998476469,0.0,0.45997548736344557,0.5244105725608444,0.42598380191174307,0.4990495845239882,0.3584476556256413,0.226146476845859,0.18578309479854044,0.5508842736812903,0.30354122671246103,0.4662089788334872,0.5631986979605078,0.3005644759026699,0.7631143752506305,0.7327938316417877,0.6185375363648982,0.7496271391978904,0.5984579235641077,0.5488524283793091,0.3819951772017166,0.4162247154589058,0.0,0.6105740671961546,0.5967855504474071,0.48099950171357925,0.535659199125248,0.40973159046594787,0.5507779949648426,0.48923656541423477,0.4577275513078305,0.5542642249915453,0.3628789010975335,0.5000355083852127,0.3843848939603656,0.18605238136260555,0.47675648975347285,0.5823363452487385,0.5655251522450333,0.40778926704782303,0.40731165870653774,0.6031395140728296,0.519623285681413,0.4708120991645266,0.1837584686236125,0.6316445085003155,0.6569754963506678,0.5025118868013269,0.5021612988103902,0.6039762875379238
0.3566278444594526,0.311736247969222,0.6147640909270993,0.15402985497671356,0.5176642293373455,0.5640171637926876,0.5176808184610291,0.43632451635219194,0.4880841916986621,0.16776504548445154,0.22297886459638006,0.47213194367277667,0.452165429720974,0.3791616042767874,0.3887164412891107,0.4284608555818732,0.14256953229376587,0.382136700673786,0.5951945607957154,0.6187531245963604,0.43844635728309167,0.3807183774370725,0.4593214195787363,0.5931185004909743,0.319567512479105,0.4765672217088449,0.5229363189852638,0.45997548736344557,0.0,0.6181597575149325,0.49164034325359407,0.3302152238660103,0.18438863504102448,0.45774649170320425,0.28081218866498137,0.37968818949037186,0.27690728606685794,0.13323204147369982,0.5182823896606511,0.5481346362224107,0.5193393053333466,0.4961142555265115,0.3600932401662008,0.4429568071371359,0.5952421407278838,0.409593793729278,0.35596352244683893,0.5287412800483513,0.43521830845740017,0.39451753850241206,0.47692878032661334,0.48513150525341275,0.64237301881048,0.5062551212253783,0.5954019844865932,0.38126218163950387,0.5390914452658235,0.49529020402079277,0.7493618186789714,0.5766495661713653,0.40606606638482573,0.4653600461946723,0.4844511709645132,0.46130555970539966,0.5482912920445506,0.49229014199030385,0.5367636913148854,0.5880517108884565,0.4537406786034764,0.32749138926480503,0.4761668523401518,0.6182505272250925,0.5670927496569854,0.5278580340231663,0.5261250186290715,0.5878433096366285
