0.0,0.017300424757427213,0.0010556804966275202,0.0,-0.002573319505684346,-0.01637065445270003,0.0317157148025376,0.01265778095823783,-0.0024189815088427324,-0.0013182199702159725,0.000735371018320885,-0.005059887988238143,0.01817777628394701,0.010839374214666908,0.012398732666963508,0.021772840737916743,-0.002621784059889387,0.023798561739027835,0.0,-0.012432985287654685,0.001962680524394411,0.010993982064830599,0.007901837390556998,-0.005790956916220613,0.0139647350868502,-0.0020402246163737092,0.009692060457591523,-0.009129475144664667,0.007742268508523664,-0.09404525849790957,0.018711453641075793,0.03619465553015677,0.037240442583939215,0.012447681600184946,0.01308908589467267,0.001646636970395965,-0.001387778120183758,0.020398666575133007,0.017000438696468723,0.018666046212173326,0.017713801842512422,-0.0037398406117052363,-3.941478799246445e-05,0.0,-0.0015531247458918096,0.004099690034209347,0.008172089227479529,0.0,0.0,0.0,0.011347044185774646,1.1102230246251565e-16,0.00016056938740433013,0.0,0.013717008409406428,0.0,0.0006767099868910109,0.014035211914322332,0.0,0.000424716298245309,0.02125073734466304,-0.0026947659208389485,0.01346036478528001,0.0,-0.00136837007277113,-0.08445724643664465,0.030557928353928066,0.011128258232142696,-0.001234795074343431,0.007456894933303926,0.010119239192434237,-0.002766455082435504,0.0005695149663163535,0.023749863006724214,0.0,0.01859873613763724
0.017300424757427213,0.0,-0.02191032534967402,5.6656444362701563e-05,0.006539437444850138,-0.007399534462940616,0.004091883472217783,-0.0010750248103380544,-1.5593724626783434e-05,0.040038741056722726,-0.0009197934184280165,0.0007875685602547478,0.006061150405822058,-0.04140658823008536,0.01882614793995402,-0.006339375221886379,-0.0008526747109938171,0.0037846706763575155,-0.002091657087741172,-0.0009522861444294373,0.011947681782459085,-0.009533712543139172,-0.0007927903903870437,-0.008308321151560771,-0.02288340270600503,-0.01401169338976671,-0.013902746107989306,-0.020013848199292195,0.0039996279245042565,-0.0020330335719595527,0.012573739656998317,0.010335743840814982,0.004614469335099902,0.010219572044973979,0.001805944045661867,0.00245567281172121,-0.0009173651328936439,0.0,0.030228802093534124,0.04697335005806513,0.034782136100801386,0.040471862970395456,0.0008154714889772596,0.0,2.220446049250313e-16,0.014422787576226448,0.007282530451778624,-0.000686156280054695,0.0,0.0,0.013294931328061976,-0.0022119504724891215,0.0038363629856462134,-0.0002952292675015289,-0.0011235113557840903,0.0,-0.0009766871265884935,0.010110709316561994,0.0,0.03151040510707637,0.01744268137552446,0.0004987257790597943,0.010312790097381175,0.0,0.02729262799020915,0.02203811875571421,0.020280986556051872,0.014487682449467743,0.0004537521175932424,0.007574542648757732,0.010212020485090845,0.012468386033417211,0.03908045958883255,0.015375179551889329,-1.1102230246251565e-16,0.025038656115729918
0.0010556804966275202,-0.02191032534967402,0.0,0.024646568416817782,-0.011211335272985457,-0.00724095678764336,0.014722871287182027,0.02040204263844253,-0.014627101677347765,0.02616880604019428,-0.03832245014032365,0.016629735054246475,0.007223158287119891,0.011660039281345458,0.00029888551413903564,-0.0029422657829917265,0.018371320655239054,-0.003123896686372807,-0.04106557444124842,-0.0016551552031686678,0.005156588884134949,-0.008726287105285224,-0.019606189082543357,-0.00045734642215100596,-0.016246794636591955,-0.020051336505818085,-0.01707758303875312,-0.0015357416286946313,0.04166946850963099,-0.008162303476679345,0.011839149527224424,0.016780123267656877,0.009644448088067636,0.026167403193241845,0.009093080180334168,0.017079858863898678,0.01619927884491118,0.023555688234414895,0.0276795361410489,8.07232044985895e-07,0.031399537729382976,0.002157380747294102,0.013951722472559158,-0.025089584868607573,0.0,0.0,-0.0010654870628261648,-0.15116215312930747,-8.852666737224624e-06,-0.08676664593170014,0.024198899501811533,-0.018458786360512125,-0.052870512593206576,0.03927097632685683,-0.0011859155373056263,-0.14948281849260459,2.9620173340905165e-05,-0.011498629213146039,0.04127449161755947,0.0002948892834355177,0.0,0.0,0.0,-0.06477737329187472,0.0019133384881131477,0.0005708626655046567,0.0002056487665242912,0.007231657043866413,0.0,-7.189506919497157e-05,0.0013849754514038137,0.022472231069170068,0.014118884858194902,0.03795701774838278,0.0008438104570215321,0.020932653343081475
0.0,5.6656444362701563e-05,0.024646568416817782,0.0,0.032150911114319114,0.00686810409594335,-0.003511817697406827,0.012227586758798592,0.0063274846922108385,0.1477785913325715,0.035624732618826205,-0.007620613134845411,0.0309742482834493,0.05056029076485852,-0.0790860435008029,-0.0020492109704728367,0.011201552101588297,-4.0312291322952554e-05,0.011868956998220936,-0.008679929518420837,-0.00177162569010203,-0.004441387551081588,0.01572556212318149,-0.001444419771544636,0.00014125101455292333,-0.001685666973212041,0.004550867823573779,-0.004476986815165229,-0.011453584675071293,-0.0015554235670965921,-0.00161847659968134,0.008651264832727823,-0.01618429595158738,0.06190601327841572,0.11473680469190467,0.03553303741560773,0.015281527436022152,0.02534820888754724,-0.017853994685875896,0.00042137898175920174,3.5806664827331414e-05,0.00025841828336448103,0.0015871854925021966,-0.0010243780278911263,0.0,0.0,0.0,0.0019490220146269888,0.0,0.0,-0.0006184334227872235,2.220446049250313e-16,9.226004666507137e-05,-0.0004319165353622312,5.551115123125783e-17,0.00020093579914781667,0.0019063425894710884,0.0009493105841880678,0.0,0.0,0.0,0.0,0.0,0.0,0.0,0.0,8.134561240796812e-05,0.004438478536506307,0.0,0.0,0.0,0.011828662630464337,-0.004073545391301392,0.0012410335779777792,0.0,0.0
-0.002573319505684346,0.006539437444850138,-0.011211335272985457,0.032150911114319114,0.0,-0.011368681667280833,-0.004349682780475761,0.04829461187130468,-0.005720268602872225,0.03940767994002259,0.019672056494221712,0.012590523922604346,0.032146895165052314,0.03252917561766627,0.001363311844257864,0.020305753207887745,-0.00803704709001768,-0.011092687526524758,0.02070191329554255,0.012628761952980905,0.0022170570805518097,0.002419202805873155,0.0026171393706848067,0.00020922237726234139,-0.017375834295786374,0.001083627985543456,-0.018947978505854002,0.03547580022969404,0.007710207071352615,-0.006440146383807799,0.006182892999296197,0.008286964592271129,0.013634568535487002,0.02210369209891261,0.028078786243506182,0.010296146989016985,0.02967537816630167,0.031200810079282326,0.00790792968545373,0.008163512112722093,0.045829379024553585,-0.0005399888055490631,0.059906263896086,-0.004485850001243019,0.0003555945677221062,1.1102230246251565e-16,0.00032991927219477857,0.02659540591574383,0.0,0.0903634834471212,0.031298397805799794,0.03938175668471089,0.002415634915847842,0.037336414276223584,5.551115123125783e-17,-0.037221558649792874,0.0013330559693935373,0.0011500724150673713,-0.0030200722297514804,-0.0008526419639551808,6.09625314367257e-05,0.0,-5.551115123125783e-17,0.03045861093427349,0.005253894369312007,-0.00046800444346417613,0.03996908505799529,0.04515041943892639,0.0,2.5880833999070152e-05,0.035600011647465846,0.030575749494276105,0.033768749886877,0.035408197423070664,1.1102230246251565e-16,0.0022862097744064114
-0.01637065445270003,-0.007399534462940616,-0.00724095678764336,0.00686810409594335,-0.011368681667280833,0.0,0.0005594493756423957,0.014574143573978904,-0.019349032747664252,0.03187187903362665,-0.0004095782054932551,-0.0015663345181386457,-0.00947290874734702,0.002109160719460601,0.007620788477694873,0.01529066474433205,0.029128791924422026,-0.004902572808740402,0.0114059879563988,-0.040794274227112515,0.013841519149894566,-0.00696018103713858,0.00026776957420793224,-0.02659223128182453,-0.030275421915948064,-0.027969237653499346,0.0065478970361670386,0.004359335433911704,0.0035268272704661596,0.0055724932351938206,0.006630461923220421,0.010570753418360446,0.014292929912823604,0.021471684026551807,-0.002399439282041782,0.014886091475762697,0.011084595629073435,0.007103351790041068,0.03246831092888269,0.010865686214406367,0.05046322507468298,-0.012397799576006896,0.028314398629963877,-0.04683503906210612,-0.013176759125343218,-0.00129630515301965,0.007849157327031564,0.012135180737887774,0.0011893973356787435,0.00955311822215199,0.033431940284808614,0.02606336444441759,0.0156770968029874,0.02400881495197771,0.0033941884102759445,0.027749010179999867,0.0003299662886847021,0.027104252960826636,0.0016962458928189705,0.0030470540204362573,0.0065545282305052854,0.0,-0.0007812305524314,0.008353439008082386,-0.0007326763930635694,0.03077141937079425,0.004773823868751914,0.01731932238939804,8.554106337577139e-05,-0.004969328721922628,0.005516469794677681,0.020768126670611453,0.03254904419894933,0.02492898732269827,0.029110585160540325,0.03700303848097941
0.0317157148025376,0.004091883472217783,0.014722871287182027,-0.003511817697406827,-0.004349682780475761,0.0005594493756423957,0.0,0.008942524140478025,-0.014511641917718976,0.003198984421445117,0.019004978821825114,-0.03133181389992906,0.005495514297836568,-0.004194468613402891,0.00024012376003273994,0.008808356865688483,0.0006870042558624334,-0.011141309226929297,0.01566104797769191,-0.001415384993036617,0.026872281350023564,-0.003933860209394124,0.009299871031349827,-0.03566159613959913,-0.023061704313889042,0.003171647119063148,0.003712150240378409,-0.025247757969822593,0.0012617414513497183,-0.006164447804417605,-0.004211577517839071,-0.008412841217511013,-0.015945764143175112,-0.02543036836548107,-0.021799300139751343,-0.011132482280973355,-0.0043672547492125124,-0.02806927772820017,-0.043309921318846145,-0.07210622352788965,-0.05376876676958997,-0.09142839804407549,0.010352771610997624,-0.13308703162417468,-0.00023451995175688412,0.0,0.01661204611289263,0.032356556500217515,0.0,0.003822633550798704,0.019138991917163062,0.015773312884596935,0.005835722109858221,0.009648283124378487,-0.00011640771976129116,-0.025509910454056983,0.0006584564380267555,0.010504398611503318,-0.0015953097562980134,0.002781331246993368,0.0005317068480789611,0.0,5.8424648398669454e-05,0.021699828712136604,-0.015704788202943465,0.001793374509712009,0.027964399581265342,0.006933843109629967,0.0001243624810897681,-0.0003496451198816142,0.03125234241278846,0.00776637360845478,-0.005682399571607821,0.010071789806592069,-0.0014500988400732995,0.012800894828617904
0.01265778095823783,-0.0010750248103380544,0.02040204263844253,0.012227586758798592,0.04829461187130468,0.014574143573978904,0.008942524140478025,0.0,0.03211833362886385,0.024713320653331317,0.04248215989936488,0.007324149558563919,0.012376610802873333,0.020813077380314793,0.0866379455049866,0.01813011983053353,-0.00017843716510917984,0.01961660603003862,0.043370324952544226,0.037561729196317395,0.020278600882361664,-0.005534935244598638,0.015284603176201228,0.008626179626579189,0.019688800533806117,0.006347054215114389,0.00644167413667196,-0.00611737483606517,0.006190160374408005,-0.013951655008608455,-0.011195901076432646,0.03856868034392824,-0.027617794563926046,0.008646815774217276,0.0063690803799282825,0.08776363590538899,0.06279599425719135,0.045148044337176396,0.034083680950016126,0.0014162026028586294,0.038942041088323165,0.009835851188695344,-0.017713898497067004,-0.0774095911279864,0.0,0.0024819241868785924,0.024081802418693843,0.006435529880171487,0.0,0.010019721432427575,0.041519649776207423,0.013417230125883084,0.006470612411192456,0.0032626575572832772,6.258929993313567e-05,-0.015733423913424194,-0.00010185064753970297,0.027746854878959393,0.01847688735301295,0.008838796502137314,-8.751940841789096e-05,0.0,0.0005966762932693159,-0.03487261687820287,0.011525910596791977,0.027757978727210142,0.007602633964010563,0.006490276432587372,-5.551115123125783e-17,0.04100582804872688,0.03227165671354648,0.009076562958872936,0.0182506154395225,0.018977685581952952,0.0033530814636363315,0.012896235583470972
-0.0024189815088427324,-1.5593724626783434e-05,-0.014627101677347765,0.0063274846922108385,-0.005720268602872225,-0.019349032747664252,-0.014511641917718976,0.03211833362886385,0.0,0.02792523826649096,0.0031590724014959326,0.012058092130164122,0.018022161215624333,0.01858081081726992,0.006534236180304465,0.027465270149326648,0.025889586859119684,0.01714852339627565,0.012270315980462743,-0.0030498312633610025,0.00036235490601765896,0.0066977892908613446,-0.017260182798328083,0.00659751102192796,-0.002101594783166183,0.04635219845805211,-0.013701847003067813,-0.0019417238960476868,-0.001767605874109679,-0.018743303860721927,0.008261159773033822,0.022444433744919223,0.016232286631993276,0.022360398720728647,0.006486824325330709,0.031736477750871406,0.01953208534836076,0.024005351896157545,0.014654372574569807,-0.0014251082530515324,0.02504607754622934,-3.290496985131064e-05,0.019232516561294655,-0.0024073816566388406,-0.002721499510963621,-5.551115123125783e-17,2.2972970126655667e-05,0.01923195132866118,4.252862609743779e-06,0.007565676149976386,0.025477728315585813,0.015255564388939491,0.034165635968557706,0.004021918150381221,0.012923205685385242,0.02122932459242788,0.002006546027987277,0.016895962266122555,0.01329141382707788,-0.001719627610108354,-0.0010320674434612376,0.0,0.0,-0.0013700102489844213,0.0007584744502107665,3.5312639710960436e-05,0.00036150905564263924,0.016616279137949053,1.4946554339867468e-05,-0.00014157527929592462,-0.003515208984927354,0.021952926370063186,0.02551144436574082,0.022160527100424543,-0.0005524615115179987,0.02995709637602495
-0.0013182199702159725,0.040038741056722726,0.02616880604019428,0.1477785913325715,0.03940767994002259,0.03187187903362665,0.003198984421445117,0.024713320653331317,0.02792523826649096,0.0,0.0438997782111914,0.00337368156802087,0.009993903566158424,0.03725920899068996,0.0010278902507041554,0.01653407338948043,0.009883671382410586,-0.011601982671691047,0.03486999647065964,-0.0010630791371095127,-0.0014694011383015737,0.011411155435641307,0.03068016424920067,0.012255497713020091,-0.010611756515272852,-0.009466899775238014,0.019948500263034963,0.016769006433425493,0.019145060366082045,-0.003194937215276028,0.00899863964451364,-0.025729168263313673,-0.005361762069932996,0.02830274816556083,0.010654921167429332,0.08838922630222484,0.05714189955706944,0.02961153554255319,-0.03594637396986705,0.0481241922564431,-0.03003399493394182,-0.06285501460568332,-0.04095124166737413,-0.04327115916002855,0.01748713566854815,-0.002406938440706663,-0.002316553725006276,0.00044069191892626147,2.4148343051810794e-05,-0.0012476759621488087,-0.0004783102093042224,-0.0649076643205066,-1.376925114204841e-06,-0.01670028693314396,0.023315823596364527,0.02018866121765961,0.012971380987113423,-0.025614781301329048,0.0,2.7010247748371352e-05,-0.001728248469419713,0.048810262329799514,0.04745251407606643,-7.937686905434838e-06,0.00012896735423245653,-0.0008660024349396722,0.00027250919927740425,0.002771915265821878,0.001531890353297427,0.046862056846750044,0.021387352366081303,0.017549408566649438,-0.06315110989156508,0.0013093182505903855,-5.551115123125783e-17,0.026259837370782024
0.000735371018320885,-0.0009197934184280165,-0.03832245014032365,0.035624732618826205,0.019672056494221712,-0.0004095782054932551,0.019004978821825114,0.04248215989936488,0.0031590724014959326,0.0438997782111914,0.0,0.02411833767461441,0.03797954142637744,0.02471888324139132,0.0,-0.00018800682788833178,0.03936785533159465,0.04109879168678332,-0.03978046584486636,0.0001260675931859523,0.005918324899722993,0.00013461394449354458,-0.012819123591254589,0.0069156670136162335,0.045307836560708026,0.04224118064430976,-0.027746090668482604,0.03785423439768931,0.03214651523170481,-0.0008368029973646052,0.042173840806674134,0.03333285744973369,0.024774740285646135,0.04874739400253708,0.042850898551160366,0.06202844340602964,0.04222276609846154,0.032375513100387,0.03835339895804052,0.040950903771717284,0.018436569858536367,0.01922810897101862,0.03445052746584465,0.008219057587324663,-0.006515825616611071,0.0,1.1102230246251565e-16,-0.13158534923184972,8.23514963277372e-07,-0.02704880267201598,0.039409632246754756,0.009534827884484842,-0.021695360608196657,-0.02494677556191155,-0.01680037371841675,-0.061125189871992475,0.004089392949013726,0.02546530112257983,0.037380672162403816,5.551115123125783e-17,0.0,0.0,0.0,-0.05450211655812209,0.000823425593382332,0.0,0.000454933970985949,0.03526269183430358,5.551115123125783e-17,0.0,0.0007082536233281034,0.021526605294680146,0.02716384173842351,-0.01485916050414432,0.0,0.0010826295301307187
-0.005059887988238143,0.0007875685602547478,0.016629735054246475,-0.007620613134845411,0.012590523922604346,-0.0015663345181386457,-0.03133181389992906,0.007324149558563919,0.012058092130164122,0.00337368156802087,0.02411833767461441,0.0,-0.016892528072237623,0.0014067817117863202,-0.004125044624359253,-0.0005136665142404517,0.013620904016978963,0.007249731190072939,0.015934274071656485,-0.002048273324063765,-0.003495987620827923,-0.004735283071509722,0.017577031503834106,0.0027178961382926525,3.0850875360644014e-05,-0.014282010955220914,0.011052140796157517,-0.04270618886329741,-0.010970445546793828,-0.001932413664501642,-0.0011086206811824484,-0.0047436416522383396,-0.008738773026119306,-0.009996810830493641,0.020431640047269883,0.10095523064088219,-0.0030155358147331834,-0.012233266880486898,-0.0021071311361070544,0.0473026019167081,-0.06860725707018084,-0.02382114262713847,-0.0029796159181423865,-0.05009970269753855,-0.048022580083182054,0.0106682554299114,-0.00039648757541405066,0.00039961486444201055,-0.0009394713302880164,-0.0025135340390961547,0.009613567985158111,0.004018181226222939,-0.0004253983197534117,0.000336463087403871,0.015206812112810553,0.0013457746433727658,0.018486829122264237,-0.06466956561031811,-0.0001433293698752669,-2.5238756503176418e-05,0.0020202176014127993,0.04184944778673311,0.038193696124283305,-5.521331683794317e-05,-0.00022943756673143856,-0.0006553246123585654,-0.0005752403042887377,0.06290355311667817,-0.009197235743282517,0.03290265578223184,0.017061588240049497,-0.0015563645458658848,-0.09749331483965695,0.002871357833902355,0.0,0.017082809329198145
0.01817777628394701,0.006061150405822058,0.007223158287119891,0.0309742482834493,0.032146895165052314,-0.00947290874734702,0.005495514297836568,0.012376610802873333,0.018022161215624333,0.009993903566158424,0.03797954142637744,-0.016892528072237623,0.0,0.02640329467529806,0.006057233424511366,0.006136385412995493,0.006869672318513487,-0.0005086118427393149,0.022511863409034494,-0.01925755231124293,0.016628899306381395,-0.009128661768535384,0.0039240235974423165,-0.004254315030414235,-0.015221638013807659,-0.0010555564668572326,-0.000642734035873116,-0.027052754248015343,-0.003890271851185678,-0.029708678301099745,-0.02259729554266371,0.004378234994139363,0.011134635782275804,0.0003720215836303664,0.009036790336724665,0.014965815878221489,-0.004344439904273523,0.0008900282692067552,-0.00809360078544158,-0.040180766138731616,-0.001584558290180671,-0.032719159668204434,0.015153627106634537,-0.04327490757540148,-0.041928024106723305,0.0010448973447486076,0.023110796459889282,0.009946324380200267,0.0,0.0009313857790479441,0.015909917128977435,0.014351456692668574,-0.0012157221653083528,0.017431283620183202,0.0056043655041618234,-0.02985168360749635,-0.06759450259760069,0.014733541365881897,0.001117221626529774,0.005635448678176613,0.0025857106896429727,9.742780266946971e-05,-0.0010915956781049063,0.004964328204631219,-0.0008015499827244144,0.0075807020208569775,0.01872395640454866,0.01137260851602423,-0.00815154362069781,0.028513849881293907,0.02065510371838264,0.016435750588027265,0.030330716205527797,0.014119747438237018,-0.010349218114395542,0.020721777296508148
0.010839374214666908,-0.04140658823008536,0.011660039281345458,0.05056029076485852,0.03252917561766627,0.002109160719460601,-0.004194468613402891,0.020813077380314793,0.01858081081726992,0.03725920899068996,0.02471888324139132,0.0014067817117863202,0.02640329467529806,0.0,-0.0001652320977981736,0.0018086194704777792,-0.00011065650129404858,-0.00022768371960157907,0.005470977982372005,-0.0014118770313319984,0.03364040223277398,0.0011541692437025408,0.020624004062696877,0.001369529458399299,0.0005458055855473987,0.01195432179834699,0.019006045914924108,0.01847491758527131,-0.0022803330533161525,0.00211351984101088,0.01370946784540783,0.04311721731206608,-0.012475433679950076,0.01946525975340191,0.01666291163226119,0.018466935851604693,0.021203411843392556,0.0008766431116613571,0.009749117162805077,0.0,-0.00015171192176993697,0.017203352876312694,0.04435421820343566,-2.370486798186633e-06,0.0,0.0,0.0,0.006323722907157769,0.0,0.005938107214500166,0.001861631466208935,0.003003615636212875,0.016340584202593655,-0.002976699134638716,0.0,-0.07174003741920282,-0.00044688909168977275,0.003972421916844937,-0.023973371644406105,1.1102230246251565e-16,0.0,0.0,0.0,0.005653231317760965,0.0,-1.1102230246251565e-16,0.0,0.018331641219773098,0.0,0.0,5.551115123125783e-17,0.02911734118498388,0.0022522703355462026,1.1102230246251565e-16,0.0,5.551115123125783e-17
0.012398732666963508,0.01882614793995402,0.00029888551413903564,-0.0790860435008029,0.001363311844257864,0.007620788477694873,0.00024012376003273994,0.0866379455049866,0.006534236180304465,0.0010278902507041554,0.0,-0.004125044624359253,0.006057233424511366,-0.0001652320977981736,0.0,0.010107656056147996,0.0011129482043001904,0.0006367324140669761,-1.1102230246251565e-16,-0.02476049556996862,0.021965355628179917,-0.04988782899134131,-0.00044165969411241734,-0.01140046016562657,0.026498184901623645,0.0064387921455549835,-0.0024775855228069688,-0.012940744941482452,0.0020558381478219534,0.00215065377994883,-0.005091245878074413,0.0034830381266863775,0.014112989683314814,-0.006028750486762657,0.0011086462946316988,0.011089487002431786,-0.03345215812544167,-0.00038067690321469394,-0.006357008196286207,-0.008642940503693353,0.0020356671184127983,-0.005666435139068726,0.019765953702450767,0.00021473380015890609,0.0,-0.0011978956838293309,0.005416082418874146,-0.001730119894133797,0.0,0.0,0.021995452400284277,0.0001730590520346298,0.018616397391131634,-0.0005759620417339351,-5.551115123125783e-17,0.0,0.0006092182874952168,0.02241296721577718,-1.3499516387738275e-05,-0.010851687474876637,0.01630982145315457,0.00037719486647047606,0.0156110391374496,0.0,-0.04661122030285131,0.00516709280735439,-0.01617868309172682,0.02349342069061261,-9.995884682356682e-05,0.0011117780994298054,-0.002117154127367904,0.01752240593077259,0.002685026131886037,0.007967498041051846,0.002988072139807174,0.0010738998825597368
0.021772840737916743,-0.006339375221886379,-0.0029422657829917265,-0.0020492109704728367,0.020305753207887745,0.01529066474433205,0.008808356865688483,0.01813011983053353,0.027465270149326648,0.01653407338948043,-0.00018800682788833178,-0.0005136665142404517,0.006136385412995493,0.0018086194704777792,0.010107656056147996,0.0,0.00894582441815861,-0.006262120647688496,0.000423099243164915,-0.006241145847518337,0.015107861743924256,0.001989843893731691,0.01182430914021848,0.02423177687912248,0.002362796135980616,-3.369320203405746e-05,-0.007817827808621447,-0.006230567561527456,-0.0028190790620604145,-0.0011817584265647052,0.0008953024328430259,0.006540470298380785,-0.0075347102161358315,0.004174226457490771,0.017386048137108756,0.002797562022635869,0.0011186256467416444,0.00026496721216107133,0.03290184434646842,0.045030033355194454,0.03425533236424616,0.050194819615513475,1.760233937803113e-05,0.0,0.0,0.017340595976215678,0.009170663909205734,0.0,0.0,0.0,0.01582601559784924,0.0005305238736802442,0.0016472176172762643,0.0,0.003460012382786759,0.0,0.0032487829162548,0.0022576531257679777,0.0,0.007056560073761264,0.022716002168615523,0.002617821981877544,0.017561894539457945,0.0,0.0055548614628347925,0.008780150886165738,0.023726386140165923,0.009396013353434263,0.00022055178396668262,0.014887076314574033,0.01560591509464343,0.007817507732686635,-0.004563694654673989,0.0066468653193194616,-1.1102230246251565e-16,0.024120856403731183
-0.002621784059889387,-0.0008526747109938171,0.018371320655239054,0.011201552101588297,-0.00803704709001768,0.029128791924422026,0.0006870042558624334,-0.00017843716510917984,0.025889586859119684,0.009883671382410586,0.03936785533159465,0.013620904016978963,0.006869672318513487,-0.00011065650129404858,0.0011129482043001904,0.00894582441815861,0.0,0.0026674175926788557,0.025823790083922216,0.008330008221235252,0.00446007808232568,0.011226948681178128,0.019325919157280935,0.033732843547814584,-0.010745922096552063,0.005565797827613406,0.03531649421498845,0.008051980718723817,-0.002090566086074941,-0.0005467276210893712,0.011653885403523412,0.019340040032037986,0.019858296861722857,0.011847016775867913,-0.014093054835939756,-0.00026535363412644175,-3.9720053736092e-05,0.03213980791817389,0.06880787883734824,0.03588036484895135,0.04024138368835173,-0.0005841069881837302,-5.551115123125783e-17,0.0,-0.003165066226076263,0.04130696123251415,0.0012909938292243184,0.0,0.0,0.0,0.0,0.0,0.0,0.0,0.037075223988668304,0.0,0.023761147308736463,-0.0006279658168535929,0.0,-0.00027440399338451993,0.0016149517726378737,0.05260762294744031,0.050643138575792,0.0,1.1102230246251565e-16,0.0,0.0009387985964580681,0.0,0.020534826642704174,0.05111141378466677,0.03199751846620047,0.0,0.0009279601075660726,0.00010608170257647709,0.0,0.05174591491972108
0.023798561739027835,0.0037846706763575155,-0.003123896686372807,-4.0312291322952554e-05,-0.011092687526524758,-0.004902572808740402,-0.011141309226929297,0.01961660603003862,0.01714852339627565,-0.011601982671691047,0.04109879168678332,0.007249731190072939,-0.0005086118427393149,-0.00022768371960157907,0.0006367324140669761,-0.006262120647688496,0.0026674175926788557,0.0,0.013130274698424316,-0.0031953640213681633,0.030650806526082375,0.001586510534045793,0.015394330521610822,0.022221926163403405,-0.017330508386597943,-0.00015687461202973374,-0.03442516595161932,-0.008044427526306963,-0.009532410106713629,-0.007179464227500432,0.005937587352887186,0.02045487606186497,0.01016656900308871,0.003162232752638716,-0.024345387531166107,0.009313429204624413,0.00021134923180021747,0.031245088979847402,0.048151332506565336,0.04216157159400252,0.02759365536167252,0.05171766522361487,0.0,0.0,-0.003605862813163496,0.01777028227864058,0.01634462431088901,0.0,0.0,0.0,0.01922510960079682,0.0002969447653048962,0.002913923160792753,0.0,0.039697498269283205,0.0,0.026041517863868158,0.014004994828516526,0.0,0.01990261484460648,0.028713520012433824,0.051793537955575786,0.03469939697790764,0.0,0.015383982784315298,0.027887726356752573,0.02978816069417417,0.002104968032543675,0.00833146684918018,0.030782512281348984,0.022431372924419213,1.716294118658812e-05,-0.0004765082696687739,0.02305128280362706,0.0,0.03359741016187873
0.0,-0.002091657087741172,-0.04106557444124842,0.011868956998220936,0.02070191329554255,0.0114059879563988,0.01566104797769191,0.043370324952544226,0.012270315980462743,0.03486999647065964,-0.03978046584486636,0.015934274071656485,0.022511863409034494,0.005470977982372005,-1.1102230246251565e-16,0.000423099243164915,0.025823790083922216,0.013130274698424316,0.0,-0.0009301831233406999,-0.0009574937330600886,-0.0015813304832127395,-0.018788547212915174,0.028072467915266908,0.03010629915855434,0.025850444122808625,-0.027818706617081856,0.01915946625657955,0.0013163272756641087,0.0003768512471812313,0.01937566703889665,0.012370093449016129,0.01063738101310907,0.03634374570199439,0.008751353980084808,0.017546285609222,0.015634944573112763,0.01114769244276681,0.019731692551368085,-7.418357315419621e-05,0.03477099269262046,0.007568001085590581,0.02532596279421312,-0.0036871519072911862,-2.093654621726504e-06,0.0,0.0,-0.11235182516904513,-5.551115123125783e-17,-0.03440956222058006,0.016308188947241953,0.00029598592018476033,-0.016248576382331015,0.004308466467958794,0.00046675777356586234,-0.18309591523095786,0.0008531470149433784,0.002936593382377506,-0.02629082401081717,2.220446049250313e-16,0.0,0.0,0.0,-0.20855179728859252,9.131579191279382e-05,0.0,-0.00024903727057262737,0.017011974898091253,0.0,0.0,-5.551115123125783e-17,0.011800898857222686,0.017364975174239183,-0.01690526060405434,0.0003148165122549562,0.01771498455835574
-0.012432985287654685,-0.0009522861444294373,-0.0016551552031686678,-0.008679929518420837,0.012628761952980905,-0.040794274227112515,-0.001415384993036617,0.037561729196317395,-0.0030498312633610025,-0.0010630791371095127,0.0001260675931859523,-0.002048273324063765,-0.01925755231124293,-0.0014118770313319984,-0.02476049556996862,-0.006241145847518337,0.008330008221235252,-0.0031953640213681633,-0.0009301831233406999,0.0,0.002064838008871084,-0.05420680714614223,-0.07945291386853864,-0.00475368713596902,-0.01586629646054466,-0.01683275428035702,-0.018063192947370965,-0.013862803154228331,-0.016340276687570543,0.019102836025216785,-0.010668707373160558,-0.018109911794746858,-0.021368784491954784,-0.013319183624700026,-0.009825547633994403,-0.0008359433512391545,-0.016099141602722744,0.0009869173844889723,-0.014900393675354229,0.011589142559810917,0.020033205463365178,-0.0025145120137031185,0.014126025852546353,-0.0029315533200410804,0.0001742869457778129,0.002467463092261424,0.010138892648459241,-0.00013716125974749804,0.0,0.0,0.02086792080897404,0.011199557160839535,0.0016520484243704447,0.0016169498478159072,0.00014795075919782352,1.1102230246251565e-16,0.001919953123078022,0.017406927602761135,-1.1102230246251565e-16,0.012185850558519451,0.010795866801982634,-2.8001523046439214e-05,0.023621775152296798,0.0,0.004443291340195332,0.00685688175604271,0.0038198707763935635,0.016743545973689267,0.0,0.027282566623223314,-0.002501003795152501,0.011179017210808273,0.014308798652535426,0.010905690769260457,4.178009007776984e-05,0.004103886229358811
0.001962680524394411,0.011947681782459085,0.005156588884134949,-0.00177162569010203,0.0022170570805518097,0.013841519149894566,0.026872281350023564,0.020278600882361664,0.00036235490601765896,-0.0014694011383015737,0.005918324899722993,-0.003495987620827923,0.016628899306381395,0.03364040223277398,0.021965355628179917,0.015107861743924256,0.00446007808232568,0.030650806526082375,-0.0009574937330600886,0.002064838008871084,0.0,0.006804613442517982,0.006486855417387416,-0.004623753536965924,0.02048935337343144,0.00952335676895566,0.000451198512923745,-0.003354166288928928,-0.0011030769642620952,0.012353428234146036,0.0028642803171299858,0.018957019997249358,0.038630884148417644,-0.0008829298170681121,0.020140875401037317,0.010419024052730652,-0.0001282994810309912,0.01050224613555345,0.014410237681031612,0.03545628885763552,0.030032388866962634,0.015865270363487283,-0.0015888719315984012,0.0,0.0,0.01040808251835701,0.004492327110476091,0.0002099703640549011,0.0,0.0,0.029320581377146993,0.0017550374110414935,-0.008873700828352926,0.0022273613061561393,0.00022843399453048585,0.0,-0.0004824369557283048,0.016374912600432057,5.551115123125783e-17,0.023702116181367805,0.014633902960181688,0.0,-0.0014490780609924814,0.0,0.011095238725542078,0.03458190120840843,0.022444153880465778,0.021630256083895127,0.002317849718200815,0.023286269939211124,0.028864851526983648,0.02287649345703019,0.025681884292891255,0.02226035947036742,0.00495180998194944,0.01720459933015467
0.010993982064830599,-0.009533712543139172,-0.008726287105285224,-0.004441387551081588,0.002419202805873155,-0.00696018103713858,-0.003933860209394124,-0.005534935244598638,0.0066977892908613446,0.011411155435641307,0.00013461394449354458,-0.004735283071509722,-0.009128661768535384,0.0011541692437025408,-0.04988782899134131,0.001989843893731691,0.011226948681178128,0.001586510534045793,-0.0015813304832127395,-0.05420680714614223,0.006804613442517982,0.0,0.0020228817423023626,-0.014844467714967502,-0.009668167252098958,-0.0024439636218444583,-0.017852295117979533,-0.023977829512904558,-0.013284813854973265,-0.006198962293585131,-0.004907274055039934,0.0016555352330898665,-0.02097384207369607,-0.001995416036395914,-0.0073277939437450534,0.009885509603640763,-0.005537122130840455,0.0003249741748737045,-0.005505507229811246,0.03038637489775531,0.02015242557752106,0.017639883111813137,0.03638896468795194,-0.00027747676796852083,-1.5093970110902077e-05,0.020067597270054582,0.004474606987599827,-0.00250872997953544,7.423218556568134e-06,9.26401710560354e-06,0.014357252173602897,0.023422879503315674,0.002592693854999939,-0.0018357477021456181,0.0023575890453374493,0.0,-0.00044958064658406904,0.023433376638087533,0.0,0.01205164676450321,0.01962892754660589,-0.00031689434777720793,0.0008630381499453721,0.0,0.009199586976765373,0.006485304815446458,0.010472813370391798,0.014298162368946543,0.0005618854860959255,0.013907864487415766,0.002612045310130817,0.007850839300108103,0.01078246892679835,0.015716388905286816,0.0007737134382269084,0.02083612893073916
0.007901837390556998,-0.0007927903903870437,-0.019606189082543357,0.01572556212318149,0.0026171393706848067,0.00026776957420793224,0.009299871031349827,0.015284603176201228,-0.017260182798328083,0.03068016424920067,-0.012819123591254589,0.017577031503834106,0.0039240235974423165,0.020624004062696877,-0.00044165969411241734,0.01182430914021848,0.019325919157280935,0.015394330521610822,-0.018788547212915174,-0.07945291386853864,0.006486855417387416,0.0020228817423023626,0.0,0.008261466272119156,0.0030630560506891835,0.000976260174882615,-0.008365599256685285,-0.005065933047000648,-0.001237427202610386,-0.013625595983971506,-0.0037151201190195327,0.007856942656623955,0.0010714874249787565,0.008134131557669955,0.006114628600388972,0.02299206803974435,0.005648745320810722,0.024673330988925435,0.030046064210192625,0.013289900563998036,0.036205700340559366,0.04804734338834771,0.030721951406323333,-0.033925165749585706,0.0016058586335720437,0.013811906863203993,0.006855569981462917,-0.15113084889145273,0.02408013482819832,-0.019905997273720555,0.03229989183135562,0.01848701479452408,0.004024543652503043,0.01593837881929494,0.030825467531673145,-0.14531716392701516,0.001200145535967867,0.02458830293783032,0.0002433298594370359,0.026055084578987864,0.008665412457145083,6.811680159946043e-05,0.03290351263412078,-0.22745751470725759,0.02428097901021442,0.016615697255248252,0.022834767912308762,-0.04050946723331228,0.0004446855376682435,0.019784023919544202,0.013193495280895196,0.020149984524893694,0.027754708296128694,0.025674175230268603,0.01673688289889086,0.029968596703091044
-0.005790956916220613,-0.008308321151560771,-0.00045734642215100596,-0.001444419771544636,0.00020922237726234139,-0.02659223128182453,-0.03566159613959913,0.008626179626579189,0.00659751102192796,0.012255497713020091,0.0069156670136162335,0.0027178961382926525,-0.004254315030414235,0.001369529458399299,-0.01140046016562657,0.02423177687912248,0.033732843547814584,0.022221926163403405,0.028072467915266908,-0.00475368713596902,-0.004623753536965924,-0.014844467714967502,0.008261466272119156,0.0,0.009031518097189217,-0.0006961718186341281,0.0040280435860698405,-0.03841988591315748,-0.004465221097919192,-0.007211030429101595,0.013818599598003745,-0.033789578334072146,0.04256665054365938,0.017839212423258755,-0.018053570227827498,-0.01566766201006564,-0.004273116095947493,0.03473690203308777,-0.0833426701819695,0.028911361727641527,-0.035488191196688335,-0.12296316828468257,-0.0008257606104909443,0.002076320887188121,0.02424949051272618,0.024700035466847847,-0.0011524280880871318,0.0,-5.551115123125783e-17,-0.0002690488871684438,-0.00035306131509033056,-0.00026819113196835387,-1.6653345369377348e-16,0.0004576039169792989,0.011299062049562991,0.00035746426463667547,-0.0035300436197033824,-0.09773325845252123,0.0,-0.0017996471290546712,0.025862859039643582,0.028677146129026665,0.02378477112444205,3.278699179193323e-05,-0.0014071254072062778,-0.002684057468332113,-0.002762274477515869,0.00028978600488666073,-0.013615890752116833,0.014543272009406139,0.0025116132402656643,-0.0014568897958445182,-0.12668962579578974,0.002912479348481267,0.0,0.020788269148553917
0.0139647350868502,-0.02288340270600503,-0.016246794636591955,0.00014125101455292333,-0.017375834295786374,-0.030275421915948064,-0.023061704313889042,0.019688800533806117,-0.002101594783166183,-0.010611756515272852,0.045307836560708026,3.0850875360644014e-05,-0.015221638013807659,0.0005458055855473987,0.026498184901623645,0.002362796135980616,-0.010745922096552063,-0.017330508386597943,0.03010629915855434,-0.01586629646054466,0.02048935337343144,-0.009668167252098958,0.0030630560506891835,0.009031518097189217,0.0,-0.016845980361952617,-0.03276091794668945,-0.01000110691732009,-0.015040324057078835,-0.01995961760630438,0.005592223813605857,0.020164119431901217,0.009914396560331828,0.004245265063753667,-0.015937912435676993,0.002654299423087758,-0.0005768217181457147,0.018445393450867487,0.03724342477755832,0.03769794253524267,0.02632804276978634,0.0392675825847662,-1.0276500950312517e-05,-5.551115123125783e-17,-0.010987323593821263,0.006381531709314214,0.012676252171231028,5.551115123125783e-17,0.0,2.220446049250313e-16,0.013442009352195972,0.004637872405817589,0.035630052490043196,-0.0010781715456053553,0.03148662011000758,0.0003463919152306705,0.022045802106675283,0.01087919355565603,0.0,0.031066794514956586,0.02649294113666717,0.044761725448548784,0.029606942609311404,0.0,0.01855172205226724,0.02902551127999703,0.03034060633037361,0.015919936918458,0.0023369018705753364,0.0253251130330599,0.015308103735022949,0.015448812637217979,0.014578037053009252,0.01576901195869962,0.0,0.029070218490698574
-0.0020402246163737092,-0.01401169338976671,-0.020051336505818085,-0.001685666973212041,0.001083627985543456,-0.027969237653499346,0.003171647119063148,0.006347054215114389,0.04635219845805211,-0.009466899775238014,0.04224118064430976,-0.014282010955220914,-0.0010555564668572326,0.01195432179834699,0.0064387921455549835,-3.369320203405746e-05,0.005565797827613406,-0.00015687461202973374,0.025850444122808625,-0.01683275428035702,0.00952335676895566,-0.0024439636218444583,0.000976260174882615,-0.0006961718186341281,-0.016845980361952617,0.0,-0.008909162949067573,-0.008603124557875264,-0.015853188792707196,-0.010909282996852232,-8.241674154990664e-05,0.016324979087155078,0.004039410290055556,-0.004400928106848001,0.004406156902664382,0.023941070743425497,0.0013917894710759882,0.011181292272919252,0.011866166953374835,0.018927559986041675,0.025046157464651664,0.027178906447450024,-0.0009570467375215053,-5.790060500654448e-05,0.04171793915268368,0.0057088083606327555,0.00849236228886241,-0.0012432693384140103,0.0,-5.335877896750496e-06,0.0062391331611274525,-0.011234558627335745,0.041635462993123706,-0.0011079774577446577,0.015950883035555308,0.0,0.0034812959944334754,0.0008049099629465206,0.0,0.012645515204413038,0.015000245333922246,0.030888638667464052,0.02307601098503803,0.0,0.02353309372600232,0.01771456327711074,0.01598598462234624,0.008282172698797552,-0.01721393760570905,0.01585245408927971,0.010606326290225343,0.006088182317410373,0.006503114764902618,0.009901891499391413,0.0006320149352948556,0.017840060545936176
