0.0,0.1684460599169011,0.10040527680205237,0.0,0.18326821969961016,0.30767364036884354,0.5932037896727437,0.33390399732842846,0.19282043137667632,0.40861024797670153,0.2009651705279559,0.25037539516438884,0.44299287329399123,0.1492860623852137,0.0838805975547051,0.27320896028696917,0.07165158490779698,0.3527379263501934,0.0,0.09189084697196334,0.14142615371825937,-0.011907768326399244,0.260257117150017,0.06032332605882483,0.3515163363525913,0.17178730510086207,0.14858299347875106,0.2775319504265535,0.22294112481504397,0.31460630752325097,0.10446742905317273,0.18320244842987965,0.19882436916349477,0.3005647769894183,0.274618782493458,0.20400947455537355,0.21632509824265025,0.30311183680439846,0.32849663597758805,0.5304372129806226,0.018298252377595324,0.19294346376885493,0.20577650558208968,0.0,0.6672170164267375,-0.12264328227146068,0.4409161220132631,0.0,0.0,0.0,0.08724391098342327,0.0,0.1960364709634783,0.0,0.32153546250446485,0.0,0.32690315118686736,0.27128622249726825,0.0,0.2436551210846471,0.25946996647886617,0.056545730342602095,0.3257009970077003,0.0,0.09917227199547832,-0.008636874421889332,0.10695318732503631,0.17869520163088762,0.12292684619113221,0.44731850143637686,0.17790175096002742,0.10785993218767212,0.16866414068121705,0.08103520004313733,0.0,0.04424137823088746
0.1684460599169011,0.0,0.1438373315444902,0.11832182431797673,0.29284760518280667,0.15089272298454098,0.2684720649095017,0.3371967911255733,0.28105780556155757,0.3185639356975243,0.1350812641082445,0.44297828256898625,0.17318228147616227,0.263891943282455,0.073616093382884,0.19966574078709948,0.12014231577183743,0.218722091615518,0.2282157798482951,-0.043081819888434174,0.19531772665583721,-0.022859535013694136,0.32268491019017265,0.11188282919950039,0.1950643464743112,0.08664753923774429,0.14436313851642302,0.16786990002865512,0.08213543548257908,0.11573620062254461,0.18870562838717198,0.20904308260849255,0.20262407116312584,0.23178627173491229,0.211350906969584,0.18791461982791177,0.10236135531728036,0.0,0.4284821413155442,0.23408104760704074,0.24640334304970177,0.15474444786894112,0.2641885947807628,0.0,0.0,0.060392948796858255,0.34951017053357636,-0.02850457010456537,0.0,0.0,0.3054808898132863,0.23328149212552568,0.2492407899817094,0.19161803418740142,0.7223256722992235,0.0,0.6862923257728878,0.6285704645252862,0.0,0.21123709732819268,0.2356197322481353,0.2592624160760424,0.391743852690688,0.0,0.1522791888453528,0.5097021738350765,0.05518153959554719,0.3366188519530209,0.1337093266867259,0.41458318726717613,0.3114414741144544,0.39519773582168566,0.16568379144772982,0.22746948117713983,0.0,0.31174740623996333
0.10040527680205237,0.1438373315444902,0.0,0.14404435981955563,0.1242841946616354,-0.013635932222278433,0.23006931872535907,-0.049467620996011624,0.041229530036833106,0.38432536396554423,0.013828489754650996,0.4290722621787748,0.15830335983543198,0.04821929256952427,0.10955540976008815,0.15081300300575823,0.739475459169803,0.642331630954385,-0.027857414800424692,0.12782727495268284,0.30213063399904194,0.143564883308811,-0.05386567912549422,0.09233926033758075,0.8897117246619255,0.5520294161101359,0.14413062498555798,0.1591118138504402,0.03274055498299738,0.09358492555973064,0.17253624314353536,0.07277175017794082,0.11726585400756562,0.15958976408486036,0.04121882666162892,0.05972950909799525,0.07089495558797751,0.3146954034265098,0.06111231288375852,0.2096186448299009,0.12282181371793212,0.18902820631908726,0.21452581479988864,0.22003654402854098,0.0,0.0,0.05122426908784754,-0.1908764566569107,0.18565190545346588,0.28560814833503295,0.28166658024509955,0.38366916768329373,0.11611527890019296,0.3473919533288743,0.17213940113183204,-0.10321234966331026,0.166669434310702,0.41210285717364253,0.20816060567060596,0.10255199960734228,0.0,0.0,0.0,-0.2519645255524364,0.2282744239375817,0.19605979444242105,0.015431372946263414,0.24577081205649529,0.0,0.2761994300804821,0.14072975104587548,0.30659419139022676,0.4462581623102872,0.38470728006983357,0.3128009156687416,-0.004824011812958492
0.0,0.11832182431797673,0.14404435981955563,0.0,0.1126701459697732,0.16748014419279003,-0.10686320686905268,0.10555933230972914,0.1533203231051606,-0.16889504542360845,-0.02619224405667285,0.09516075397876361,0.17476619363662824,0.39429890121096733,0.5810459911384941,0.021671647463382567,0.20144220563026946,0.20593881575322454,0.1908154733031929,0.32234767461192615,0.17857077393066145,0.2919067976198522,0.2632317224962482,0.05615304327383724,0.384640231351415,0.29458590807002866,0.24322883047575333,0.02169693461369789,0.3330603547423171,0.2509376428907239,0.13340619858546965,0.06579949540413205,0.022205848900424558,-0.11879908574152269,-0.033969510297418626,0.13987981642115782,-0.04682890605999632,0.18874897241405905,0.01207107152432079,0.14760546498750632,-0.22748635826146946,0.08606598125837467,0.06105483816783426,0.09013221769710467,0.0,0.0,0.0,0.16365549279312458,0.0,0.0,0.25205666805116744,0.0,0.2372655783408995,-0.018178910180236117,0.0,-0.05635319669337871,0.19183714596805082,0.195603507059896,0.0,0.0,0.0,0.0,0.0,0.0,0.0,0.0,0.20840407247676443,0.8628624682919399,0.0,0.0,0.0,0.14563271621657903,0.23214437282100786,0.2168277254735134,0.0,0.0
0.18326821969961016,0.29284760518280667,0.1242841946616354,0.1126701459697732,0.0,0.02778631148554362,0.005811525908288888,0.4217124469543276,-0.0032200107615441773,0.37551510933586907,-0.019306246473919535,0.32632460035105865,0.1781194224077624,0.13004274191068022,0.19804762905622142,0.3559988139674523,0.11813485290580708,0.35800944221051395,0.09944994299505601,0.26099938551508983,0.15425639328994786,0.17727092092333066,0.21028658087505603,0.0923900303063521,0.2965211466094985,0.35021134322562086,0.10303030481449114,-0.015845903995174056,0.20973718906217514,0.4534936958772698,0.048488143780292814,0.2393988780273336,0.11706524176663712,0.27708769035025405,0.2619793116158903,0.03248081132521056,-0.027443639635869595,0.08549860484680155,0.44110839452012623,0.3665011998165281,0.22429617933983217,0.17508378238946531,0.638194869146908,0.30518821699415455,0.10956519884381308,0.0,0.17225125598956856,0.22015506105516902,0.0,0.7167703907702834,0.5682779326490768,0.7394585712335946,0.4827236319640983,0.6583590108097599,0.0,0.4879863525330977,0.15860750558312878,0.790530011079654,0.08224372654753322,0.10497949920007053,0.19581671066145814,0.0,0.0,0.6349346064898235,0.09524281679887162,0.21757679180235714,0.11325556467426875,0.4223875619997388,0.0,0.21040354266301362,0.1957034791999869,0.4373878910759891,0.633920063534144,0.5464654231544478,0.0,0.16033043545169365
0.30767364036884354,0.15089272298454098,-0.013635932222278433,0.16748014419279003,0.02778631148554362,0.0,0.24545808559568547,0.06559801169874382,0.07392799519360717,0.32568172207996254,0.06287405044891475,0.5401925203630391,0.1223025884817723,0.1393913725869011,0.3091368599053926,0.3319468214000641,0.5170459280854456,0.3725796819455196,0.42303212927908684,0.07577486110160019,0.16595780177112168,0.04630259605726299,0.042130351377586084,0.5051140215357856,0.2841433437713273,0.38345096713654486,0.03903357504169753,0.1680148107888307,0.16725334011315382,0.0667065906003041,0.054215976809151675,0.16907822865762756,0.30952052370672695,0.2553024885259008,0.2552023366550205,0.10325203917531434,0.17955156924243926,0.28102921026222344,0.4371750151751355,0.17097613979678467,0.2044831817433097,0.48088259506534864,0.263886404032847,0.7258450175309211,0.5473868870319265,0.23371994934138482,0.3893564150957511,0.2701322835437093,0.23844027445977914,0.46517450956036527,0.32953472571962833,0.4313245674883355,0.22633870221608815,0.338815261545131,0.28880690841602386,0.4430083551385903,0.1401172792700598,0.37268598036509104,0.16980144826629032,0.4548504322066993,0.30577654139886123,0.0,0.1998695435898804,0.32776906180559207,0.3901418208385229,0.03377522875306543,0.4567742846353894,0.2419170948185729,0.26057507378831823,0.4171503452095411,0.390038053962854,0.324353915857768,0.2653417597135254,0.31752426622693314,0.5320063222041062,0.2795348986849935
0.5932037896727437,0.2684720649095017,0.23006931872535907,-0.10686320686905268,0.005811525908288888,0.24545808559568547,0.0,0.17059588427491357,0.1887150679801735,0.27722723964327606,0.16647940053330051,0.09533062566599962,0.21984170724040464,0.00011404052183747876,0.4633940709578408,0.30222501949309144,0.21820983592338844,0.3326328922455214,0.26704092643688837,0.36244838922629463,0.376966045224593,0.16338011694381083,0.1838443073904442,0.058653715508330886,0.3588447965393518,0.35208876891652396,0.16601640779283375,-0.37308675661220847,0.25222831419003805,0.03989954061781757,0.2578418783470842,0.0860449774952382,0.24803101443206108,0.1706195972389836,-0.11549933853679598,0.05761608668915956,-0.06647429207028678,0.020241186999744084,-0.12325518020064244,0.5649424857137321,-0.31361284402214307,-0.24049656325916824,0.555159716277961,0.39220527695918317,0.12105921116643979,0.0,0.5921251157919921,0.10736756026956076,0.0,0.8451649810429718,0.39662236496797004,0.729154869702694,0.05582496479594176,0.5252034510414698,0.225436239287336,0.7385615798338735,0.18427890496594856,0.748303348716639,0.1127536630826167,0.07776320916910273,0.2581954491776556,0.0,0.2356730464466844,0.5139293797300951,0.6682722338760686,0.2145817610313959,0.5477128854297619,0.35212710392346674,0.20863087510355974,0.20510732533667977,0.5663232965724272,0.4064320379228813,0.5348173405638078,0.4550413905831569,0.27928593470622715,0.08465991024826922
0.33390399732842846,0.3371967911255733,-0.049467620996011624,0.10555933230972914,0.4217124469543276,0.06559801169874382,0.17059588427491357,0.0,0.09349147651663751,0.363163179261779,0.059555905105366055,0.3585780030472793,0.23498016931051546,0.22370814459816915,0.022291410848623863,0.4138794432569649,0.18748480708739726,0.465401116905715,0.024279022596532997,-0.012209511703428905,0.19828317703613363,0.07747635139872472,0.18115503342696332,0.15033955186146916,0.3707819707753259,0.3218406708618429,0.12812447960683562,0.1897455533827262,0.2287848857372032,0.09288650073532091,0.2701418412337411,0.3588418918117312,0.35875117873625434,0.3537085271356129,0.3510277751586305,-0.07721337384296946,0.05408078280132892,0.18406069566937885,0.18404487963202001,0.8385572403185736,0.30790022711088905,0.12350778936186167,0.3530707557083413,0.22233091477336406,0.0,0.22540276399003453,0.40554239433494804,0.2636151390428467,0.0,0.521475424530076,0.2043428431419279,0.563035594067933,0.0558144023504227,0.2897248778459961,0.3648499419365937,0.33726565918611884,0.408844244866547,0.26661716044220163,0.2763857048035646,0.47677427397159733,0.15484916992073358,0.0,0.27742571720475745,0.20220867545445737,0.49250688589363995,0.43956849462898256,0.5540680051181945,0.28477291106979835,0.0,0.7661114763104647,0.517206667905621,0.36434180345478423,0.1800657082939809,0.37717302073219094,0.185515798964511,0.13449416739410236
0.19282043137667632,0.28105780556155757,0.041229530036833106,0.1533203231051606,-0.0032200107615441773,0.07392799519360717,0.1887150679801735,0.09349147651663751,0.0,0.24083154430334525,0.039734366466359874,0.3249889821667343,0.0513917144559645,0.11161197716154807,0.25690131496187374,0.4846532249367279,0.3662228134546774,0.47668970847515446,0.17295575535943372,0.25591140469585405,0.37657968197652786,0.23078409427539517,0.010878441888489325,0.29164732727618814,0.6123251517781795,0.5017795934018476,0.05317080514069952,0.13770395894219756,0.17478643672677033,0.171248563709562,0.15411975808038103,0.13072487160928695,0.4479092742480115,0.17974540409923526,0.12873497947109908,0.07519973618966586,0.14713931513551942,0.1842903098912792,0.3150107405994231,0.2283484429510573,-0.15005198349954607,0.11538492237864187,0.3536873120641257,0.13283876731755043,0.07783384399836692,0.0,0.16263077561831957,0.15371413789003152,0.20867484725233454,0.726244923782313,0.3344199091600883,0.49003184217590434,0.11358902025700796,0.2800177560166899,0.0737593389118052,0.28417705875921895,0.11210438138889708,0.3848580561054106,0.3575377148365202,0.14987591843284132,0.28888160142154906,0.0,0.0,0.2660740253980402,0.19992932912437422,0.30992185434159925,0.17570427324847815,0.2595916039384483,0.12343816803639612,0.23581467635734446,0.050565940826387205,0.3403199101263815,0.382793326547275,0.49026613716007766,0.18407152831823298,0.09547882371324679
0.40861024797670153,0.3185639356975243,0.38432536396554423,-0.16889504542360845,0.37551510933586907,0.32568172207996254,0.27722723964327606,0.363163179261779,0.24083154430334525,0.0,0.3077921502824333,0.2701213736229741,0.2956802817757246,0.24853175493645674,0.17938540839526468,0.5086634804182047,0.006236470660448428,0.2380046228281366,0.19537918498894097,0.5519347579841942,0.47191506205061196,0.5460238826265548,0.34326030123941914,0.36519355819731947,0.25434217195192865,0.2060494919238502,0.25408496068770287,0.3042686937590449,0.4332247008762708,0.38298449274150353,0.25894479777305957,0.16819348514125737,0.5048157666919504,0.4885100962508056,0.11092907929471782,-0.05602923734388102,0.06588899949901435,0.2845058371961963,0.0886541126630818,0.5591589749213297,-0.12861564588641772,-0.12858550586628004,0.1315666345881552,0.17442440320116087,0.522075707748008,0.4830735854769573,0.15684168869967993,-0.26045703652594515,0.1867109368472961,0.19336317265732927,0.1872095257928176,0.24271446439430494,0.21706650706388989,0.09655031477871223,0.5509466416690344,0.1376339033582475,0.32580967473158595,0.41830806396927195,0.0,0.38758112419427265,0.11951248704097353,0.5341641227758802,0.41864511910422647,0.2059404816667726,0.20465156536416432,0.2418508877857198,0.09458026713007042,0.6764696483759568,0.23475743324910764,0.5709342318456634,0.42120451480739307,0.24186124768230077,-0.3320937500233841,0.13970597318994216,0.0,-0.04143983900769121
0.2009651705279559,0.1350812641082445,0.013828489754650996,-0.02619224405667285,-0.019306246473919535,0.06287405044891475,0.16647940053330051,0.059555905105366055,0.039734366466359874,0.3077921502824333,0.0,0.5028149016061908,0.21626852298616212,0.21220799004767993,0.0,0.22746134359398568,0.43705063436730773,0.6963917480384587,0.0244959705753752,0.1952937303684707,0.21007879272334914,0.1682773464908168,0.20821929733315403,0.3137277013756217,0.536773371832164,0.6632976741168118,0.20751371896390777,0.07064889586878287,0.34415905171598243,0.23173195163526913,0.1303404190201075,0.24947663233693557,0.2821922509773973,0.22405409569447077,0.1374820454776366,0.2685083064112087,0.1617257937842207,0.25928345119997337,0.41332886899437904,0.1616152349724446,0.10521649427414013,0.14712299603902998,0.4603710566029929,0.1795923031543707,0.07778647060774693,0.0,0.0,-0.1834735986614585,0.2372359100232007,0.3799941044660295,0.4770125792837069,0.48348621970893785,0.3462406846920491,0.46334589157724,0.1415126346390801,0.1221284037666784,0.12417958296631323,0.2394138719307698,0.43543860314188587,0.0,0.0,0.0,0.0,-0.07925715812415168,0.1389040042980279,0.0,0.2614803633484034,0.3094070494833538,0.0,0.0,0.39757268027898746,0.45384269272985606,0.18959740000692715,0.43849359659156895,0.0,0.09455855045304934
0.25037539516438884,0.44297828256898625,0.4290722621787748,0.09516075397876361,0.32632460035105865,0.5401925203630391,0.09533062566599962,0.3585780030472793,0.3249889821667343,0.2701213736229741,0.5028149016061908,0.0,0.3610891658788862,0.28175638981669865,0.14248303153532216,0.24874663055941534,0.3286548885191554,0.5059894535549921,0.5632062089794913,0.1566709009545102,0.3072840685356209,0.10223381666101841,0.29567443228697227,0.1626037136837838,0.33549042246219,0.20803269127960916,0.48735580634607123,0.28508266944738314,0.5986857967255849,0.08941989121244522,0.2806235612603141,0.21122278207860412,0.6416401972357143,0.43059212945261116,0.021912704094046165,0.05053223834926233,0.20726140417298772,0.24538940934417966,0.06856282134523524,0.5103012527202467,-0.11119550418663893,0.021809314307986064,0.6459233348032883,0.4144258910975977,0.4456220680366155,0.07554382829045914,0.2217007823575117,0.10863940426569965,0.07819503290438154,0.12464735264121765,0.11678039042116899,0.18584071397359986,0.09582241522717863,0.18380608236058538,0.45766091095567674,0.06841469971120834,0.3067581582039724,-0.04460817722708982,0.30456344419555026,0.28147867861273396,0.16713575793033886,0.5237862776616625,0.5047133809297613,0.12774891658703152,0.29996867215935014,0.33833473125524016,0.15667210442781443,0.18704944435375195,0.16287904256786595,0.5238849480427862,0.2805665164098786,0.11193105470924274,-0.20803847807756026,0.2387397610870044,0.0,0.7344302997567022
0.44299287329399123,0.17318228147616227,0.15830335983543198,0.17476619363662824,0.1781194224077624,0.1223025884817723,0.21984170724040464,0.23498016931051546,0.0513917144559645,0.2956802817757246,0.21626852298616212,0.3610891658788862,0.0,0.06628351273956615,0.3445317989973549,0.20680891315160427,0.15030780306821734,0.24717442432093625,0.19819862827764176,0.1901830648845528,0.2517609495365739,0.07952877789231641,0.18589141808206475,0.17357059255020402,0.30987794646835215,0.30815128131060415,0.12935958523668245,-0.03669858620368232,-0.031563060989023214,-0.1379112149652985,0.06640496317288402,0.24281561733884205,0.24024415340691674,0.11067398122268582,0.05837168401999396,0.30871322069487034,0.05298660175459385,0.13652685401575498,0.05682109645954691,0.4396980491253186,-0.075110391192951,-0.12450685987769082,0.714398284881498,0.19469870060526717,-0.054270948752715084,0.27651102129477284,0.5934095976191169,0.13368660300077292,0.0,0.20681233476288052,0.4296746842627983,0.6122630537542949,0.3212620899560636,0.6966044183343495,0.12392767581941158,0.6702573703840818,0.1769794581206558,0.33210031163303516,0.16208969833337175,0.48628478485054066,0.14292296576917735,0.1682888393174751,0.23948145623822084,0.8207266133705194,0.33061816654121884,0.13124235225530284,0.4139559309661007,0.2730842050645269,0.19340378382636378,0.3227845590550857,0.5093341759755792,0.3346535014383954,0.6173379970658757,0.4121664412860401,0.4212050839809941,0.07256549912489596
0.1492860623852137,0.263891943282455,0.04821929256952427,0.39429890121096733,0.13004274191068022,0.1393913725869011,0.00011404052183747876,0.22370814459816915,0.11161197716154807,0.24853175493645674,0.21220799004767993,0.28175638981669865,0.06628351273956615,0.0,0.19061639630583926,0.24215400923418268,0.2052972331404152,0.22095961306226344,0.1954563985759718,0.1898261974238926,0.06546606510343367,0.1000229810860107,0.27750891097332725,0.3266782544747416,0.22835971072144717,0.5194172381198314,0.17058235456915688,0.26791145726883925,0.1536482405346193,0.3484403198556714,0.010836713569379673,0.34408155975730226,0.06443809198438843,0.38001959713449956,0.12431784947014275,0.38943506262182903,0.12595976169963075,0.19566885123417807,0.624447913739552,0.0,0.30480114479360665,0.3636543930767926,-0.009397031875787165,0.18564584655967883,0.0,0.0,0.0,0.3023046476737777,0.0,0.3848980881162578,0.10452196736631958,0.11904545418590612,0.36291337435292836,0.37250199809261425,0.0,0.5403966241833068,0.17167100280553188,0.34471627434588314,0.3219972484208325,0.0,0.0,0.0,0.0,0.3443797236728016,0.0,0.0,0.0,0.25708647064527385,0.0,0.0,0.0,0.4060604460981314,0.2971606169247239,0.0,0.0,0.0
0.0838805975547051,0.073616093382884,0.10955540976008815,0.5810459911384941,0.19804762905622142,0.3091368599053926,0.4633940709578408,0.022291410848623863,0.25690131496187374,0.17938540839526468,0.0,0.14248303153532216,0.3445317989973549,0.19061639630583926,0.0,0.25069042143609127,0.1036279125366004,0.36043087571820487,0.0,-0.06318364343944058,0.2688875675853887,0.08731016792184797,0.01587740132776479,0.34173292141856737,0.14191818076681997,0.1325776971975955,0.14389066700528536,0.06862398571697523,0.24531322649847323,0.29086189517907984,0.26464504495099017,0.4504090334525097,0.31316722742439645,0.3489561050862659,0.5150794498759703,0.4366266694506378,0.4562896750593832,0.16213585909949607,0.24941221605804212,0.2041100830514655,0.3198064050233155,0.1858815645724602,0.11144280093584816,0.301682156843801,0.0,0.20338397010173487,0.49898134668618016,0.1563191658094035,0.0,0.0,0.3506264936815309,0.28360926342077775,0.5847469756918459,0.19196411515752268,0.0,0.0,0.25919183583203925,0.4556516926574652,0.21068415035398824,0.41135269462102686,0.4047658752896755,0.27489061326289344,0.7720987130565157,0.0,0.45199490289228594,0.3419011564721933,0.5074812331824295,0.41376186103840984,0.19815555457393735,0.5596766433089588,0.4118985668965783,0.4162288105138285,0.20538823998366162,0.32990440347536554,0.5279524278767629,0.30066832534733995
0.27320896028696917,0.19966574078709948,0.15081300300575823,0.021671647463382567,0.3559988139674523,0.3319468214000641,0.30222501949309144,0.4138794432569649,0.4846532249367279,0.5086634804182047,0.22746134359398568,0.24874663055941534,0.20680891315160427,0.24215400923418268,0.25069042143609127,0.0,0.031932894184168066,0.07551005886793428,0.23224108127590545,0.09241815877145619,0.2159049041100994,0.04732762469722685,0.396104826986793,0.1221535361591816,0.23730998184237934,0.3239970375606186,0.21359883872882096,-0.002856773041048989,0.04183545453882962,-0.09289959591709827,-0.01828655203597101,0.1664389993020679,0.1411216925811099,-0.0012604585200195319,-0.08584160889923033,0.5722115005468619,0.1581949065522914,0.2920995767907149,0.5516464423599008,0.3253828661771666,0.5479811218898472,0.27609043386333076,0.20654803320735046,0.0,0.0,-0.07110302487495623,0.4104921058478582,0.0,0.0,0.0,0.5092239223022015,0.255234542660824,0.35536594895132895,0.0,0.5900144753777748,0.0,0.10589168591762768,0.24586175456860423,0.0,0.35938016535694167,0.39131969025442315,0.2562316578079617,0.4334557608456194,0.0,0.4413090285767589,0.4207363672779831,0.0683787113736295,0.5646006750837563,0.09844556074400457,0.5004378071353993,0.4138596420253182,0.49938296309715924,0.19060305492865529,0.6517439587116775,0.0,0.763165419029789
0.07165158490779698,0.12014231577183743,0.739475459169803,0.20144220563026946,0.11813485290580708,0.5170459280854456,0.21820983592338844,0.18748480708739726,0.3662228134546774,0.006236470660448428,0.43705063436730773,0.3286548885191554,0.15030780306821734,0.2052972331404152,0.1036279125366004,0.031932894184168066,0.0,0.32552209838574364,0.5623249252920481,0.24929677457284796,0.18380958987487755,0.20617517762131934,0.6490182627256079,0.14220513082526565,0.013655236573438305,0.2515684155147121,0.533071949301786,0.2897407080041287,0.20581583764009032,0.17552007814143758,0.125773317067163,0.191738547014145,0.4134520716571786,0.20527202356386795,0.20540963895084766,0.15529915195177496,0.10114623853107259,0.22295317339742293,0.10978303820371073,0.4524382769453814,0.019357148450329507,0.21080602098102486,0.0,0.0,0.173109870849491,0.21352554138514698,0.19410189172548742,0.0,0.0,0.0,0.0,0.0,0.0,0.0,0.6632072361277231,0.0,0.38050225332842713,0.12574060748941787,0.0,0.3312738080993169,0.0890171746310037,0.6009300080768836,0.36859290439536874,0.0,0.0,0.0,0.2417945139043968,0.0,0.24819276153985695,0.6604282023585824,0.6117878460441714,0.0,0.11527626756225584,0.20786652517663176,0.0,0.07180382622358385
0.3527379263501934,0.218722091615518,0.642331630954385,0.20593881575322454,0.35800944221051395,0.3725796819455196,0.3326328922455214,0.465401116905715,0.47668970847515446,0.2380046228281366,0.6963917480384587,0.5059894535549921,0.24717442432093625,0.22095961306226344,0.36043087571820487,0.07551005886793428,0.32552209838574364,0.0,0.6642000470201028,0.17487575411389472,0.2108079020474352,0.1340381128058079,0.4654529275026799,0.43973626549124983,0.20735719146307563,0.2645954607877893,0.3646421010686573,0.05957147887696324,0.277941599820691,-0.10424711494085774,0.12006045666316716,0.2136326044007287,0.41630246402718785,0.3468823534987129,0.27336774735049235,0.21244880745044015,0.10718710067288008,0.13895922389098425,0.3961016948212492,0.3405775550984627,0.5394541637458896,0.1120668283149989,0.0,0.0,0.2516612293864526,0.2712774165111879,0.5224455547680433,0.0,0.0,0.0,0.12396426649773307,0.24871839321066042,0.3691905417564108,0.0,0.6136504611085164,0.0,0.640923463938587,0.19767945038621748,0.0,0.1497626875486357,0.355822310738555,0.5858291691237846,0.4966688767340144,0.0,0.06875710315631442,0.16295951025630723,0.37392999153402595,0.25633415563283024,0.20122345551690124,0.5602180644884049,0.6059141714954235,0.14251867314247507,0.30221869586866706,0.4592176275825726,0.0,0.527561887547077
0.0,0.2282157798482951,-0.027857414800424692,0.1908154733031929,0.09944994299505601,0.42303212927908684,0.26704092643688837,0.024279022596532997,0.17295575535943372,0.19537918498894097,0.0244959705753752,0.5632062089794913,0.19819862827764176,0.1954563985759718,0.0,0.23224108127590545,0.5623249252920481,0.6642000470201028,0.0,0.2405909105043066,0.19640389863286192,0.26184516776941946,0.1561887374471646,0.47316401432931227,0.7882953891347414,0.736333040500899,0.2465649545233896,0.21372511035025543,0.2201783688353894,0.21669814507534615,0.2511316822871427,0.1676493775611641,0.13735255395767834,0.257207257741193,0.18317846297861667,0.23122014884730366,0.14027651875175237,0.3164885375214035,0.19247170698428792,0.1668780229993194,0.13870261055763544,0.07254649131509416,0.3651254290724303,0.11205002243623051,0.17351109513594953,0.0,0.0,-0.2710482097719776,0.0,0.4229708983385408,0.35767527698280605,0.47178510969038395,0.17194758072097285,0.3286538438085475,0.38857089628784125,-0.07333273197666774,0.19499505136949413,0.4632108549190078,0.24754271907434833,0.0,0.0,0.0,0.0,0.19182987070646032,0.23825395093991314,0.0,0.2441145141976029,0.2980970630348512,0.0,0.0,0.0,0.3948712756644366,0.12645676712240347,0.6584855557777334,0.24167581367819513,0.1681630583356217
0.09189084697196334,-0.043081819888434174,0.12782727495268284,0.32234767461192615,0.26099938551508983,0.07577486110160019,0.36244838922629463,-0.012209511703428905,0.25591140469585405,0.5519347579841942,0.1952937303684707,0.1566709009545102,0.1901830648845528,0.1898261974238926,-0.06318364343944058,0.09241815877145619,0.24929677457284796,0.17487575411389472,0.2405909105043066,0.0,0.3493787918774818,0.054084096347042795,-0.06198284732630639,0.18698219019729592,0.18355538651920886,0.1445867285365042,0.03443073338648581,0.06430836853983297,0.11539519137426707,-0.03883924593489012,0.18388794441984563,0.3067165411317041,0.04396236089241583,0.29485682737003066,0.36446563472467086,0.40606167395710246,0.282842198814344,0.7059268620379722,0.3876361680208101,0.2137902498977355,0.3630835510518681,0.4239611002267661,-0.027828268270997075,0.06156486641841903,0.06869480067354504,0.21410004741808172,0.3221393912083138,0.16140362643469763,0.0,0.0,0.33585435276603703,0.6476638394981988,0.47480193335802123,0.15312760803262168,0.4122080334078765,0.0,0.2641575717951824,0.32414799787389326,0.0,0.3779096435208531,0.5736155676128041,0.20590404088005743,0.7087131042651849,0.0,0.3533324774804658,0.25970888707999773,0.416265691806653,0.39365256238766655,0.0,0.5226592824916053,0.328649530457664,0.41277718356867177,0.24881533333955533,0.36943481444904225,0.0683090521019164,0.25664400888113087
0.14142615371825937,0.19531772665583721,0.30213063399904194,0.17857077393066145,0.15425639328994786,0.16595780177112168,0.376966045224593,0.19828317703613363,0.37657968197652786,0.47191506205061196,0.21007879272334914,0.3072840685356209,0.2517609495365739,0.06546606510343367,0.2688875675853887,0.2159049041100994,0.18380958987487755,0.2108079020474352,0.19640389863286192,0.3493787918774818,0.0,-0.00318202187738445,0.19932350623001868,0.05631603826983923,0.3297871022618091,0.4266880899465017,0.3139711761236267,0.07782332809669482,0.39375156337087786,0.023080824838895404,0.2311454062197921,0.37535949178086514,-0.3258702273533028,0.28288796792013643,0.27018640102169617,0.15554350449985213,0.1023920627623535,0.17638783273940178,0.5663418574135785,0.3377827602825747,0.5332795785453341,0.02806185288099314,0.23361547170783134,0.0,0.0,0.41687235711631,0.4488160704787068,0.2677215232274164,0.0,0.0,0.3953499514660144,0.723516994207078,0.7545356992782808,0.23868875211044766,0.24259088376947655,0.0,0.28658353463997205,0.3654012305817891,0.0,0.39036788136576134,0.36599109629342386,0.0,0.14094950512100168,0.0,0.5233395824263234,0.29501999435336684,0.603609410297026,0.5491177282267382,0.39852959143765165,0.5336137518295867,0.43699414926244134,0.4712497936144542,0.2818951074233231,0.4552306472613375,0.32364038589448363,0.32151061133334946
-0.011907768326399244,-0.022859535013694136,0.143564883308811,0.2919067976198522,0.17727092092333066,0.04630259605726299,0.16338011694381083,0.07747635139872472,0.23078409427539517,0.5460238826265548,0.1682773464908168,0.10223381666101841,0.07952877789231641,0.1000229810860107,0.08731016792184797,0.04732762469722685,0.20617517762131934,0.1340381128058079,0.26184516776941946,0.054084096347042795,-0.00318202187738445,0.0,0.14971130496782367,0.09329886195245321,0.04642456255568608,0.0725392854409162,0.09056562423305319,-0.08117764312588248,0.008701034228854944,-0.12057027358115946,0.013338984185590527,0.3935568278203426,0.05915388695689173,0.30403408530539433,0.4632137181809767,0.34377578761021266,0.43558669032204594,0.2745362122034552,0.03871385417064496,-0.19090139395878702,0.19319280723031257,0.14347914610563978,0.021045788273886652,0.17248728729678386,0.10016406115318854,0.24482020745036875,0.17896780946191246,0.19976937213060658,0.2081546274035088,0.11657111782209918,0.04946014072415124,0.22796575153528334,0.11306503984892878,0.19890589880987164,0.1769584069618226,0.0,0.2278399405212584,0.5870912769878671,0.0,0.3928841453719534,-0.12425341154600336,0.14949350674694262,0.28424397103124827,0.0,0.3409981721110645,0.2012125682626367,0.38996023391068535,0.30985333661513087,0.36446456769087776,0.39542862309407345,0.33684778347599603,0.3996170027710575,0.37471888564893946,0.3720870948742737,0.194973115286307,-0.04473841335364679
0.260257117150017,0.32268491019017265,-0.05386567912549422,0.2632317224962482,0.21028658087505603,0.042130351377586084,0.1838443073904442,0.18115503342696332,0.010878441888489325,0.34326030123941914,0.20821929733315403,0.29567443228697227,0.18589141808206475,0.27750891097332725,0.01587740132776479,0.396104826986793,0.6490182627256079,0.4654529275026799,0.1561887374471646,-0.06198284732630639,0.19932350623001868,0.14971130496782367,0.0,0.2017270306072511,0.5648177787392247,0.34007458604974194,-0.03056387473292388,0.11639541579238685,0.19492252051076747,0.08446053152186063,0.25424739231482146,0.2555395396147719,0.26953705386636057,0.3460755639635504,0.30772174773327116,0.33236059735768936,0.22898566410457646,0.2896293985313781,0.3514054233459569,0.3630550449836325,0.3801529218335891,0.28803546677718045,0.18082809916365813,0.4455060230539544,0.19540491374224067,0.7555943032464163,0.5798079112114192,0.27224488240318057,0.7055651790296806,0.595924629188228,0.31286784588505334,0.42200625786033,0.35964389994984636,0.37251355170323347,0.24438772818606755,0.4013923314278651,0.1062497433526586,0.26205750141769835,0.3171233551042925,0.41365316754583775,0.6663974660275636,0.20465156536416404,0.7322895220126232,0.3608885899382755,0.3989367205727002,0.3579456325727811,0.5110877869521946,0.38622618620002697,0.09432461516547723,0.682699677508027,0.4492917958846069,0.33790309023786996,0.2164900500118179,0.34927995242549786,0.2817872424996995,0.20274696362625313
0.06032332605882483,0.11188282919950039,0.09233926033758075,0.05615304327383724,0.0923900303063521,0.5051140215357856,0.058653715508330886,0.15033955186146916,0.29164732727618814,0.36519355819731947,0.3137277013756217,0.1626037136837838,0.17357059255020402,0.3266782544747416,0.34173292141856737,0.1221535361591816,0.14220513082526565,0.43973626549124983,0.47316401432931227,0.18698219019729592,0.05631603826983923,0.09329886195245321,0.2017270306072511,0.0,0.39393777056297785,0.09971810504525568,0.1623749802241788,0.15743737501393712,-0.09028157404280027,0.3722562705283539,0.1518885079581475,0.20037006408384858,0.6721209674405227,-0.006587781009980278,-0.010749226339588087,0.018570331493300844,0.15931728018128777,0.4412277408991581,0.5096924412332435,0.306422139645236,-0.28749739622555814,0.2685011559765609,0.26331262869030236,0.14819506010467648,0.37455073198492583,0.06751193107196972,0.6199017991138089,0.0,0.0,0.2029569330405077,0.26697643223871254,0.12036174258622621,0.0,-0.007496024097995274,0.42094012573181677,0.2448877077651616,0.1892645528460327,0.14500467523007263,0.0,0.07122230242494136,0.6171545765372813,0.500106003323173,0.49869789569673834,0.21311389904778477,0.11976677651096185,0.2110006058124117,0.007515385458020363,0.3699227667107582,-0.021834069327496004,0.48952256831748875,0.1812748595717489,0.21736856962646675,0.26915629027024346,0.2668939204172281,0.0,0.08505642717734409
0.3515163363525913,0.1950643464743112,0.8897117246619255,0.384640231351415,0.2965211466094985,0.2841433437713273,0.3588447965393518,0.3707819707753259,0.6123251517781795,0.25434217195192865,0.536773371832164,0.33549042246219,0.30987794646835215,0.22835971072144717,0.14191818076681997,0.23730998184237934,0.013655236573438305,0.20735719146307563,0.7882953891347414,0.18355538651920886,0.3297871022618091,0.04642456255568608,0.5648177787392247,0.39393777056297785,0.0,0.12058704406597925,0.4256293687453896,0.24297797152039838,0.26711733812834215,0.13921654892919944,0.21036129790290622,0.1917699714073926,0.47574636637085704,0.41131263844130017,0.45275696150408595,0.10529576201075537,0.26040223470612933,0.3012333350515196,0.7405246126400369,0.47154376889981775,0.5762841933626733,0.5118552102397298,0.025424496089794746,0.0,0.1781297657232093,0.150002710110144,0.5025836123453532,0.0,0.0,0.0,0.42511388409660755,0.21721326964881577,0.2749729431548383,0.186352893597719,0.7138339544973141,0.19285205268214714,0.5661340896228639,0.7668868716129525,0.0,0.4001189744980051,0.4290360378746872,0.7268157642719993,0.5820680279280229,0.0,0.48135561304417385,0.45069413172759243,0.38718612604200814,0.5471529311277973,0.25582724492814995,0.655547434552524,0.5754511907047667,0.0601066219623431,0.12097719773633858,0.1906522268711892,0.0,0.6760316847649803
0.17178730510086207,0.08664753923774429,0.5520294161101359,0.29458590807002866,0.35021134322562086,0.38345096713654486,0.35208876891652396,0.3218406708618429,0.5017795934018476,0.2060494919238502,0.6632976741168118,0.20803269127960916,0.30815128131060415,0.5194172381198314,0.1325776971975955,0.3239970375606186,0.2515684155147121,0.2645954607877893,0.736333040500899,0.1445867285365042,0.4266880899465017,0.0725392854409162,0.34007458604974194,0.09971810504525568,0.12058704406597925,0.0,0.31940955720658915,0.30644457312318396,0.31660082306317483,0.3313555861151737,0.2104695367011899,0.32113309604810436,0.5454905981554148,0.37934463850289957,0.3857098925324588,0.3196565047236154,0.5770741515846544,0.26981241815272106,0.5045723766722633,0.6002496323717593,0.5308510541509592,0.3224170800142225,0.044584366780914306,0.2342908637074765,0.4376004771803429,0.10759426611584658,0.47922078809177765,0.24452330202069653,0.0,-0.025325242364542675,0.4371151381052745,0.14849156568599106,0.19424040419368874,0.12939305707841997,0.61552017557508,0.0,0.3923857172006691,0.5449761125921581,0.0,0.4385412845942289,0.32112469871707816,0.7262057420143112,0.5644238582086454,0.0,0.4553279138297454,0.45704489877725524,0.3917626935358891,0.3126742942484866,0.13049147909112724,0.5961381974524285,0.4508927166585251,0.5161964950520996,0.06977577763821456,0.28929803685777633,0.19355494387163727,0.3949583271683836
0.14858299347875106,0.14436313851642302,0.14413062498555798,0.24322883047575333,0.10303030481449114,0.03903357504169753,0.16601640779283375,0.12812447960683562,0.05317080514069952,0.25408496068770287,0.20751371896390777,0.48735580634607123,0.12935958523668245,0.17058235456915688,0.14389066700528536,0.21359883872882096,0.533071949301786,0.3646421010686573,0.2465649545233896,0.03443073338648581,0.3139711761236267,0.09056562423305319,-0.03056387473292388,0.1623749802241788,0.4256293687453896,0.31940955720658915,0.0,0.048832421643819346,0.18648242871531245,0.024721079842387247,0.13650323304166317,0.23376986961988833,0.2252042205752647,0.27276436209372323,0.29322771062773356,0.23319369517882954,0.21312189523506056,0.31256827640784757,0.32933894993127016,0.4296397460583554,0.23755815344551692,0.2767255703800641,0.13596179139045528,0.6657213984656143,0.14492760706811283,0.18583213316840366,0.4122561530943149,0.14406430386585095,0.1816504670423215,0.5086505787308981,0.27796193595047625,0.3469140330655204,0.2366715385397654,0.3409027966091433,0.3224769713758946,0.34918557725265287,0.0629090589189727,0.20846343045084126,0.14910938240022467,0.406455241994192,0.7402935618922045,0.0,0.12334707776084487,0.2641457600776398,0.3750182076326584,0.38723727801592517,0.45067430056699537,0.2704181592693295,0.0,0.11601573565644913,0.45836391001278287,0.32964388158046326,0.2190465795784823,0.30841910356787283,0.27435690866435997,0.17749632131832238
0.2775319504265535,0.16786990002865512,0.1591118138504402,0.02169693461369789,-0.015845903995174056,0.1680148107888307,-0.37308675661220847,0.1897455533827262,0.13770395894219756,0.3042686937590449,0.07064889586878287,0.28508266944738314,-0.03669858620368232,0.26791145726883925,0.06862398571697523,-0.002856773041048989,0.2897407080041287,0.05957147887696324,0.21372511035025543,0.06430836853983297,0.07782332809669482,-0.08117764312588248,0.11639541579238685,0.15743737501393712,0.24297797152039838,0.30644457312318396,0.048832421643819346,0.0,0.07163580842932203,-0.08813720457740745,0.04656023293626229,0.035500654599203436,0.002855984443471217,-0.0510495807625853,-0.3043486872674986,-0.2113036955285132,-0.07976018078546053,0.004690401329886046,0.018925412671462874,0.2594487638673634,-0.20014893778118914,-0.07615903253591681,0.24624741197174269,0.2012987565305018,-0.07414897943119708,0.28032633724630635,0.43154835918177,0.15014367896324782,0.0,0.22793613719906924,0.2577265882782224,0.6393896605904257,0.17265945632872048,0.43365485924131375,0.2072399292183819,0.11767514986593228,0.14452409839361757,0.49254599146891975,0.13482065599178666,0.34885141838982936,0.15471161086242416,0.0522058741463777,0.18949986432216587,0.20328115263540028,0.4290008397400849,0.18854927416817518,0.32536616166080184,0.3092419837640421,0.22347226115495433,0.10302235352287535,0.35747222413897234,0.3399988448868777,0.1033078029941089,0.2837965217200451,0.12516291151825826,0.31756121591841746
0.22294112481504397,0.08213543548257908,0.03274055498299738,0.3330603547423171,0.20973718906217514,0.16725334011315382,0.25222831419003805,0.2287848857372032,0.17478643672677033,0.4332247008762708,0.34415905171598243,0.5986857967255849,-0.031563060989023214,0.1536482405346193,0.24531322649847323,0.04183545453882962,0.20581583764009032,0.277941599820691,0.2201783688353894,0.11539519137426707,0.39375156337087786,0.008701034228854944,0.19492252051076747,-0.09028157404280027,0.26711733812834215,0.31660082306317483,0.18648242871531245,0.07163580842932203,0.0,-0.10613616058888915,-0.05012887798263391,0.17459052774925643,0.22924579293744857,0.2609985136626019,0.2894751422470281,0.29658980532901497,0.2675145097023968,0.212664651630838,0.4276027277892816,0.3655001642354946,0.4262633846407744,0.5980649738442517,-0.0031829350479669477,0.5632870902739818,0.27197776033235355,0.18662569992611286,0.3908219229413494,0.31692742737273083,0.20534602122270829,0.1668369465040375,0.40197490620912013,0.3570057067917083,0.4658572196587123,0.4486528239485147,0.31036752414846586,0.13106651004360464,0.18237150303675104,0.3245130719387889,0.30230747981524875,0.42140500333527287,0.6221487470151907,0.2069441846763578,0.4843151328894175,0.6992798127365168,0.3895250725495483,0.4430424197555186,0.4591888464703699,0.41188080476413724,0.211902742831597,0.5328065626073353,0.444409841365818,0.4722404908274264,0.2659584588383844,0.4226923766723918,0.2943751631722988,0.28592657806299754
