0.0,0.013321711447533913,-0.0013017959435110416,0.0,0.00043069133945922156,0.030877543253921058,-0.0009463505476108303,-0.004223057686419285,-0.00016374481203718094,0.010091333454135876,-0.0003496207563769005,-0.012606425977771896,0.026102115486362154,-0.005470818315997661,-0.011677193706061129,0.01700859974174812,0.027963178551285828,0.004816753902788851,0.0,-0.003380618178974504,-0.022729082349740137,0.009801720833644334,-0.021757083162226964,-0.023860728640981543,0.009876473225123417,0.004073534296414494,-0.012453157411598303,0.014296097432825117,0.02445090519994847,0.0008290252139951382,0.00209908761519334,0.010116742480070273,0.013851026150257018,0.0006028331311582202,-0.010351923937984064,-0.0001104599899293679,0.0004774007205766151,0.009531905481018343,0.0024033077180110607,0.03474315508467729,0.027474299677570868,0.004573709153122774,6.901347833709881e-06,0.0,-0.0001904495241558113,-0.0007716300729138093,0.02027218324347141,0.0,0.0,0.0,-0.0024173872768604165,1.1102230246251565e-16,-0.0008284509243181026,0.0,0.02681534206774694,0.0,0.003090709191235941,0.0002673144929209448,0.0,0.00031705675637572206,0.018677776967822857,0.06647065787098805,0.018444449624374193,0.0,-0.0016974501200199832,-0.04653557430746513,0.026849035780441233,0.001773344991239989,2.9431090459497433e-05,0.02131909629868628,0.017714802497866833,-0.00013573345171385975,-0.0002628761344563024,0.00026304437934870917,0.0,0.004159926603807873
0.013321711447533913,0.0,-0.01764155313452126,-0.00016432166372393198,-0.030100350158265454,-0.038421304213377916,-0.017130092417025733,0.03332368177530387,-0.030154954517623123,-0.045793940600330596,-0.00019541288111518673,-0.038631121069029606,-0.017337833704736016,-0.0004920283723779395,-0.004960935698980928,-0.0033067389420645688,0.00965364788000811,-0.012244998443116606,0.0012957392259283496,-0.026775016868057944,0.014655096921537936,-0.026954721826868644,-0.004800104193760202,0.0004301310265604208,-0.025290694823695725,-0.004608431546479552,-0.01062570171527133,-0.0009169531959790089,-0.016763855020047458,-0.0014833364027375673,-0.020775764288866294,-0.00383160847419195,-0.016287894318906038,-0.013917533636396306,-0.015963196509179656,-0.0025157949248801326,-0.00026397038919678817,0.0,0.0032609143989435485,0.021628117747909403,0.019140858631107094,0.01130816920936245,0.0005266145805735145,0.0,2.220446049250313e-16,-0.0005825334962905604,0.011349234542468334,1.2330172741270573e-05,0.0,0.0,-0.00504393205128173,0.0014001621351055205,0.0004356884176613951,0.00031101874096778337,0.0011687397995330806,0.0,-0.0002076028037862887,0.014485245129690072,0.0,0.006770641624695484,0.007728696211656894,0.002604245553483986,-0.023256330181358587,0.0,0.016980744118732904,0.03439905029461132,0.009610038967818701,0.0015894564950360013,-0.0011860288539478625,-0.0031587537656488918,0.008660829484401222,0.009474375052168249,0.019659051546813855,0.004986618913443874,-1.1102230246251565e-16,-0.0003514304748952757
-0.0013017959435110416,-0.01764155313452126,0.0,-0.020109126957649548,-0.032430591854514024,-0.007490070439045371,0.003307002020547567,-0.012513384651268111,0.0026270923001286417,0.015571600153461651,-0.05346869652659769,0.00995005302023183,0.00989274482499125,-0.025428097433161656,-0.0006061014742203552,-0.00038426672819935614,0.012879549836864734,0.03705441747598798,-0.05095357256956373,-0.0008327613030204017,-0.003954363484472478,-0.03340920580600426,-0.024811552218619415,-0.0013692317989114078,-0.008096493735160526,-0.003779047988730466,-0.016798771038190385,0.0034210359459608264,-0.0031889090496520223,0.0011810578464189203,0.00786960931997982,0.0006500874260707556,0.01709620584189797,0.0021878858945131863,-0.0033068365038276815,-0.0034657906288999563,-0.0038107219516649304,0.008263765765337272,0.011706589286404112,-1.4134261300258188e-07,0.01791176344684553,0.00028127353562618085,0.032443434384872294,0.002619694125014005,0.0,0.0,-0.0003177303213375837,0.0008036137224182172,1.5500611703078704e-06,0.009974273425426894,-0.012155916155883184,0.019054138137515886,0.01311756951625187,-0.001384671538968818,0.00030797437717583476,-0.01995854323100077,-0.0012866188343177432,0.008703689656090918,0.03766335068787907,-0.000342337403596793,0.0,0.0,0.0,-0.061176918817014536,-0.00025016729214211164,-0.0006170104955940392,-0.000513735118005787,-0.003998721684260742,0.0,0.00013682095596534438,-0.0011167951793508712,-0.012161652047236293,0.014240674014686538,0.0010307257071519027,0.0006029186541252063,0.013230644989688178
0.0,-0.00016432166372393198,-0.020109126957649548,0.0,-0.030150980720722365,-0.011235354062034075,-0.031186556537641408,0.05461452145526996,0.014529397529020105,0.11250615005104897,0.007130547298829115,-0.014365922334163839,0.03211887291491433,0.009858834900730584,0.00010144796242317344,7.096401374673267e-05,0.03765181426035791,7.058496532985625e-06,-0.02453214892645561,0.0008648905307711008,0.0004342072917051243,-0.0013715088950012055,-0.018636219918597374,-0.002181922620210275,0.000544828540974096,-0.09871072964544747,-0.014390987600925553,0.014045988054746883,-0.001763194439650284,-0.00032674385030190267,-0.03735781931000731,0.03213060606469903,-0.04305460541797346,0.02397268147530701,0.03942475401609846,0.01745286311605307,0.009234602695915112,-0.0071056541714221155,-0.00394359867057259,-0.000454709344466675,-0.0003414539658700977,-0.0018724685200638413,-0.0023765898229129445,-0.0013765923946599812,0.0,0.0,0.0,-0.0007389983217559459,0.0,0.0,0.0004100424385345969,2.220446049250313e-16,-1.615430922297101e-05,-0.00030230497494238007,5.551115123125783e-17,-0.0010140919791769565,-0.000966464401178313,-0.0003382547734607222,0.0,0.0,0.0,0.0,0.0,0.0,0.0,0.0,-1.4243242056177774e-05,-0.0026488775442436996,0.0,0.0,0.0,0.0009009628262247604,0.001675393728178487,-0.00013928235674315337,0.0,0.0
0.00043069133945922156,-0.030100350158265454,-0.032430591854514024,-0.030150980720722365,0.0,-0.015317152839442627,-0.027187844094423597,-0.001997356799023131,-0.004989664120811477,0.038623783283391,-0.03259318782432091,0.035811967464780325,0.012776709196847036,-0.001431448913392197,-0.0005331076800345058,-0.029373723554463826,0.04150187703245606,-0.04234548372352892,-0.04349741340455593,-0.012669517805914798,-0.002171103250827644,-0.029447663021471504,-0.021832030585467233,0.0564341605270649,-0.028723942983566952,-0.027453415308918816,-0.01943055796527393,-0.03488523454747461,0.0034129506362082784,6.89659935462772e-05,-0.0002290825838970889,0.008155519410642909,-0.013842040149352752,0.007569956007322964,0.03618387924307953,0.028064694265673734,-0.05176353323529939,0.0465705647875877,-0.015910430682469112,-0.005392490353313073,-0.02436922766931332,0.0004118440748633323,0.03336489143165139,0.002191070946661433,-0.00044992571437202367,1.1102230246251565e-16,-0.00019627127709426206,-0.0017072733414714714,0.0,0.0037017195347165965,-0.026086835244124307,-0.022818203867658815,-0.021956789435137625,-0.002950203211615654,5.551115123125783e-17,-0.07153162603691804,-0.0004575282504503675,-0.00474297483407804,0.050152973854940774,-0.00028232266703770437,-2.3629516430867525e-05,0.0,-5.551115123125783e-17,0.00797655532746483,0.03528838670825757,0.00017210717513782559,-0.00019012435498183544,-0.015644510254128496,0.0,-4.531614826663866e-06,0.009045376121599502,-0.031295811375605886,-7.731142609440633e-05,-0.0026410374139353987,1.1102230246251565e-16,-0.001298221987405035
0.030877543253921058,-0.038421304213377916,-0.007490070439045371,-0.011235354062034075,-0.015317152839442627,0.0,0.000644137431081826,-0.018809457876498625,-0.018535319305345466,0.016090939466471776,-0.02414880503126937,0.012984590310882782,-0.0073647869391150755,-0.017375338438477106,0.002678153421988738,-0.04191720522647063,0.02377567355011867,-0.008330897092189649,-0.007457353621882767,-0.028533003502420162,-0.002397141905175204,-0.03557936772905501,-0.02072712573979374,-0.014560031615837354,-0.036471402866199376,-0.016599854364821698,-0.002664876565395269,-0.004524487539905864,0.0083404209544794,-0.015399030144180648,0.008955116553991227,-0.014030422249835695,-0.02133111989483466,0.0033378939274641972,-0.008082451096259324,-0.030293294181456487,-0.010533553498961234,-0.013702074881421056,-0.001311443576835436,-0.0367453488305961,0.006926481120483108,-0.04597867771035241,0.023880141971495406,0.0016541776661307406,-0.016800222904898354,0.001223875530053209,0.006162112010801857,0.00976951521181657,-0.0005192118710104499,-0.008699725301192451,-0.0122845705987496,-0.0020330079596535544,-0.007877480719408747,0.02817386592366833,0.002587391977657283,0.029871816958665365,-0.03126762357285051,0.00038240035029335484,0.01915769334176215,0.0014727145213840331,0.0019658191314426143,0.0,-0.00021908851509516714,0.03133517465227309,0.004758928266149709,0.033213498131108465,-0.005967874498425396,-0.006854115769344693,3.383615082691582e-05,0.082432452705343,-0.0018648920425142212,-0.0066657754198198305,0.0013836270672894502,-0.002321108485016543,-0.0046937147266056245,0.006373135827298926
-0.0009463505476108303,-0.017130092417025733,0.003307002020547567,-0.031186556537641408,-0.027187844094423597,0.000644137431081826,0.0,-0.0014012457524402722,0.02832606967861323,0.0020246458911059584,0.0012575020628468048,-0.006759406327050799,0.005246083520608569,-0.0207979325917515,-0.0001444290058238984,0.006595237097469231,0.008469484773180713,-0.016603406039870094,0.006175250641662466,0.001578886424802084,0.015185110474729036,-0.01129165984323477,-0.0005632487438194111,-0.023744678535134955,-0.004282840618816897,-0.012304984338229907,-0.0020486191167988776,-0.007815510633956135,0.011870426744961249,0.032526060363828435,0.016541786477187126,0.016736995224599927,-0.01716661023746391,-0.0023804537339878196,-0.016578035502614663,-0.003944606351915403,-0.0003074968464471528,0.0008073096209884612,-0.0433758969490331,-0.0384533404320756,-0.06660589118722215,-0.0745693315951334,0.03723413159884231,0.003369108875722948,-0.011888060323360483,0.0,0.008531249459321488,0.012440496108202193,0.0,0.0004911627170192112,-0.003948659602998172,0.011042188505197448,-0.0008493486546276019,0.033543311463040015,0.0003579389551060519,0.011923606960882294,0.00019149943886737075,-0.010984968303788034,-0.00129900657091081,0.02199881597581327,0.0010248651287951271,0.0,7.955843080942326e-06,0.02056820458932962,0.01993496613100426,0.0003670858181737402,0.005222728740283511,0.002531355547896297,-2.1775297627646406e-05,0.0006744814194437065,0.010439131515083078,0.003034484986290109,0.01655096838759762,0.010809908250251132,0.0011507107975825548,0.031796147812098496
-0.004223057686419285,0.03332368177530387,-0.012513384651268111,0.05461452145526996,-0.001997356799023131,-0.018809457876498625,-0.0014012457524402722,0.0,0.026815239601538143,-0.002270967428487869,0.04813103832370763,0.005021120990425565,0.0026187633732042137,0.030042519857931937,-0.004128354456782002,0.018359901857071592,-0.00020851451197062554,0.00958475270453657,0.009476133763679007,0.030556262157260372,-0.022281308086126106,-0.0030134196225167775,-0.028470311845009033,-0.004183791609184251,0.011967360145794692,0.013645540029581626,-0.017379979530773915,-0.011643415260987722,-0.006742958850287306,-0.016675633243272037,0.0034244313932589865,-0.0018884611556836406,0.030353608220299477,0.003937604986054,-0.010244772416427517,0.026516352526054388,-0.052399975679183586,0.0014873612963368088,-0.011601720380426839,-0.0013052621163123224,-0.00818635981268978,-0.004276163297579738,0.056256566439619016,-0.001488009504569121,0.0,5.395113582218336e-05,-0.0010536308304663344,0.0029016153082503937,0.0,-0.0010401898997173253,-0.003812201968191653,-0.0026143371529260273,-0.005867940394221116,0.021174704793910926,0.0005493779264366672,0.03503389489178843,0.00015198084101114562,-0.0018437836849356515,0.06627645618936195,-0.020579219755966605,-0.00010472879184325601,0.0,-9.015514005744629e-05,0.014633656159536712,-0.011477472819061252,0.05566915156338853,-0.002588130952976553,-0.01089332319217784,-5.551115123125783e-17,-0.00023706218057811812,-0.0032539819305848483,-0.0148820834041124,-0.007600540096350583,-0.018736910681904084,0.0004974450157282373,0.003022623520841927
-0.00016374481203718094,-0.030154954517623123,0.0026270923001286417,0.014529397529020105,-0.004989664120811477,-0.018535319305345466,0.02832606967861323,0.026815239601538143,0.0,0.02896879207442349,-0.025513068996400212,0.028362758712513814,0.04010014793194383,0.01547424499159561,-0.0007309397112786331,-0.023074572456069364,0.033331976297447885,0.027190085189507496,-0.016406702304734067,-0.013554504762389175,-0.0014558222534450938,-0.0320407968411478,-0.030943130815063613,0.0170383425698884,0.014897974204768516,0.03663513841837018,-0.03741482662298351,0.025611547120741263,0.019068018753965854,0.0027741645653117653,0.02786991943177869,0.017246815031513152,0.009389217979313746,0.023792272128733805,0.023125126810742247,0.015624371277784765,0.01985616246421884,0.028375748809302215,0.03971572949620428,0.0028262359299568995,-0.010591020504897464,-0.00903777149268914,0.0449105018619832,-0.022400675965763894,0.00017443990201360116,-5.551115123125783e-17,0.0010197273139470053,0.024220952039227805,-7.446566542834709e-07,0.02011583407847961,0.005467759263936611,0.024066442389856335,0.03997996382596958,0.025094466149891415,-0.0017533272455340088,0.029637918638014127,-0.0010110382540887142,0.01928775532636251,0.03528917429733225,0.00013482573486855998,0.0005747385973385866,0.0,0.0,0.026857766405689154,0.0004795856152928213,0.0009188747111864015,0.0006630843111545826,0.016709120341867112,-9.502197541294555e-05,9.764556047292539e-05,-0.0022555038830834873,0.01385838075860657,0.03271991024822585,-0.0030856065061974913,-4.5835712463304645e-06,0.02515149768638547
0.010091333454135876,-0.045793940600330596,0.015571600153461651,0.11250615005104897,0.038623783283391,0.016090939466471776,0.0020246458911059584,-0.002270967428487869,0.02896879207442349,0.0,0.02797404370533607,-0.008535264202786996,0.009829087077766085,0.052359296351967066,-0.0010770617731519216,0.0018791230245815416,-0.007193727606004119,-0.011513390025903625,0.01562907190899071,0.07867379512592942,0.0010733426238415666,-0.01028967645348311,-0.004899338996712188,0.011302895444102123,-0.01650762056441285,-0.01234216843895003,-0.0012098484567000245,0.00489577474576508,0.04407565176073325,0.00034606022851374485,-0.01950693732194908,0.018517499415131145,0.0014336325450137188,0.020262077770060893,0.026494257129995036,0.023631196057786186,-0.022020925426416815,-0.0075707882331786935,-0.0487098986533957,0.05097138272366136,0.008590062924960562,-0.040037606671433634,-0.01642955958675807,-0.0014955737088701015,-0.045414385020899284,0.0296825288560969,0.0001723191356808873,-0.0006860676325788351,-4.228263641492536e-06,0.00038178045629266855,0.0019967289246232145,0.0004423877575463475,2.8583373983093185e-05,-0.001807926951359784,0.05494080362694165,3.1842399091819296e-05,0.0509896586667129,-0.016833940359879673,0.0,0.0008198138128834853,0.0014261767381697488,0.05841791454909906,0.05679484747610497,1.38985241626699e-06,-2.2581589704973037e-05,0.0006972402911253894,-0.0015997493112027694,0.02438142393631526,0.04088532160960595,0.04503405607320182,0.031088937019033536,0.00028961157481594,0.0060211794689148945,-0.000999425273280119,-5.551115123125783e-17,0.03182682584318919
-0.0003496207563769005,-0.00019541288111518673,-0.05346869652659769,0.007130547298829115,-0.03259318782432091,-0.02414880503126937,0.0012575020628468048,0.04813103832370763,-0.025513068996400212,0.02797404370533607,0.0,0.023485161386944176,0.021454191806856204,0.004363358292438058,0.0,0.0001064971269766346,0.0196555199611802,0.015291187526856542,-0.04458319218433654,-4.9647787236761776e-05,0.0014965442408025886,6.775244774642752e-05,0.0005495503253697964,0.010520725080840732,0.025078290052641006,0.03336315151634062,-0.030255292381998145,0.006178240728798801,-0.0009541877256780129,0.00037849332826650484,0.021552305532650584,0.03621812129271029,0.02193073526588213,0.024017985580481127,0.017951991495025466,0.05612160816048628,0.01842887825196321,0.025330720315801414,0.032342619922175686,0.01666443924543559,-0.01210704593466827,-0.001025284786239422,0.06769573521272437,-5.9095119594287926e-05,-0.0006608211114654816,0.0,1.1102230246251565e-16,-0.044866148115831506,-1.4419367705409414e-07,-0.07634373428597557,0.002491021329608434,-0.014942886758168739,0.004981746098251416,0.02700077910358878,0.010970168839094907,-0.07119203634898807,-0.0014337209884468516,-0.0006654847939319142,-0.008507188673875454,5.551115123125783e-17,0.0,0.0,0.0,-0.08750709949722396,-0.000567031209153801,0.0,-6.527978847964411e-05,0.028190733360540454,5.551115123125783e-17,0.0,-2.1059926792077466e-05,0.00456833392985212,0.0005965199149934319,-0.0013990241941302939,0.0,-0.002135433462167269
-0.012606425977771896,-0.038631121069029606,0.00995005302023183,-0.014365922334163839,0.035811967464780325,0.012984590310882782,-0.006759406327050799,0.005021120990425565,0.028362758712513814,-0.008535264202786996,0.023485161386944176,0.0,0.0072387961269678724,0.03205711126258137,-0.0003298783837548114,0.000949449974792127,-0.002080828505994503,0.005783481626890408,0.010278650561998781,0.003565038274343457,-0.0051973119169765325,0.067528744890468,-0.005625541862781025,-0.008403378769063552,-0.003950033254838836,0.024599749267806614,-0.006992133647517218,-0.003842873702284144,0.026521335797743406,-0.0013374320777125859,-0.012694327460986143,0.0026770174902107646,0.00955888999451876,0.013245246402806665,0.018914203571255783,-0.008828961786260525,0.0041720986643877245,-0.005962096269918088,-0.0339629905234331,0.05429773377207103,-0.016920389537058544,-0.012444066520297559,-0.014089623322359135,0.0009538612021180448,-0.08746916844639646,0.01940187430004392,0.0013566655357437618,-0.0006318077928398336,-0.0006813258565681601,2.8842013237384556e-05,-0.03983954739618195,0.00019666073843183085,-0.00025712142188916154,-0.013321836924852948,0.05582260009542678,-0.0012750680607305775,0.0544393990593095,-0.01570081498419401,0.0003190070275921886,0.00011626127986053003,0.0015247863902234093,0.05692908232843369,0.05694606232965682,-0.00032468770283677895,0.01547723718159455,0.0013329694518035007,-0.0001340239149221767,-0.023953327586065,0.04154698781441696,0.0429402447739714,0.030268352548193767,-0.0427509160374967,0.004177976242107917,-0.015351729686654159,0.0,0.033518072895692363
0.026102115486362154,-0.017337833704736016,0.00989274482499125,0.03211887291491433,0.012776709196847036,-0.0073647869391150755,0.005246083520608569,0.0026187633732042137,0.04010014793194383,0.009829087077766085,0.021454191806856204,0.0072387961269678724,0.0,0.027405182285039298,0.007541790196728515,0.0035882216296669878,0.01501187284747979,-0.0028842130681190348,0.022028416684579943,0.005777598600608114,0.004933799279233875,-0.011004361918690642,-0.00903545993059518,0.0046963826923049345,0.0046601894172571545,0.005956444581359632,-0.008293719028444613,-0.0016815253000782016,0.0035661801873121957,0.04244395354872854,0.006693427675965036,0.02108580156135692,-0.0065060209250064616,0.010703959852656264,-0.005176567167975321,0.031504582742967024,0.024825364128517102,0.016832750356107873,-0.04556843246699843,-0.016724927526500455,-0.015031441717331895,-0.03336621634487519,-0.019569070032784575,-0.0049545904878022795,-0.0027265056908119534,0.0006175033206182179,0.012573583992305848,0.008850810330827907,0.0,-9.750174051015303e-05,0.0029625724810128373,-0.0061839396441087935,0.014026243211162526,0.04038688488367348,0.028164462699876158,-0.00871705468933015,0.005866884372642489,-0.008160311897683792,-0.0004517725275015594,0.016734504694580765,0.0010481645759198854,-0.000312830372383166,0.0018009585330878153,0.029549699140434704,0.020963029912504316,0.022432734822267486,0.005271534335908601,0.0029266512494111607,0.00017309541392485084,0.03409645242373377,0.012468949889961112,0.001782891181732249,0.003660914811009053,0.008721745591271757,0.0008635483252983356,0.021251683494452223
-0.005470818315997661,-0.0004920283723779395,-0.025428097433161656,0.009858834900730584,-0.001431448913392197,-0.017375338438477106,-0.0207979325917515,0.030042519857931937,0.01547424499159561,0.052359296351967066,0.004363358292438058,0.03205711126258137,0.027405182285039298,0.0,9.397696414031875e-05,-0.000467925599886454,1.9375443694902295e-05,9.236695114894777e-05,-0.003998130138800848,-0.000419016628088964,-0.004961619356282088,-0.0005486452678282738,-0.014946371070200526,-0.17617817889856158,-0.00014132941869271498,0.01141278578043542,-0.02043611065910178,0.017080644845758497,0.0006014229995707221,-0.00026089280123337,0.019115658110958444,0.06762332244995872,-0.002258629386235056,0.01830301396687184,0.02292611658276994,0.01873044308234506,-0.0011063254569984582,-0.00028347311545540155,0.005938166940230916,0.0,0.0006576784560856641,0.0008868723637875942,0.0498747437397411,4.1506131992496975e-07,0.0,0.0,0.0,0.02086673348516266,0.0,-0.004137228037371765,-0.0011560043336418246,-0.001653173839476163,0.017747308057401545,0.0007561568611892389,0.0,0.037861787131242275,-0.00014039823216321912,-0.12218343007791271,-0.0028367837731719248,1.1102230246251565e-16,0.0,0.0,0.0,0.016265331705605957,0.0,-1.1102230246251565e-16,0.0,0.007865632629085129,0.0,0.0,5.551115123125783e-17,0.009002511928009549,0.00020218209324862624,1.1102230246251565e-16,0.0,5.551115123125783e-17
-0.011677193706061129,-0.004960935698980928,-0.0006061014742203552,0.00010144796242317344,-0.0005331076800345058,0.002678153421988738,-0.0001444290058238984,-0.004128354456782002,-0.0007309397112786331,-0.0010770617731519216,0.0,-0.0003298783837548114,0.007541790196728515,9.397696414031875e-05,0.0,-0.002241747449779119,-0.017186032556449904,-0.0015726967000996295,-1.1102230246251565e-16,0.0069128950342166595,0.014448499768222267,-0.020724354929611277,0.004199478891149022,-0.0349933185470786,-0.001961964387709292,-0.030408998126774278,0.0035170728064434775,-0.0021560344347231197,-5.646200712816629e-05,0.015166927799292351,-0.0096320530210533,-0.017083881445424665,0.0019427992711552045,-0.016820256118116328,-0.02071647511972219,-0.029883465328726544,-0.04036385001981252,0.00010121372503268944,-0.006452201506969457,0.028009327660547256,0.01859940941136312,1.6383664116492724e-05,0.0026748024862197073,0.00042291719423342977,0.0,0.0014556188894864208,0.036292010435297284,0.00039457804518450157,0.0,0.0,0.014615993122243598,0.004732527391625663,0.0017455304126822169,0.0004435827083794086,-5.551115123125783e-17,0.0,0.0004916558362657586,0.01020592780078633,2.3637031409950993e-06,0.007425350363746974,0.014783161482251284,0.00019528378808708613,0.01698189844028536,0.0,-0.008288156745285713,0.014398444485621775,0.01374657027218068,0.005143229973408381,-3.848058915401076e-05,0.011510131596809137,0.026578068411665434,-0.00351273842397537,0.022825043715281212,0.01837625624140099,-0.0004006432197276588,0.014547734080381847
0.01700859974174812,-0.0033067389420645688,-0.00038426672819935614,7.096401374673267e-05,-0.029373723554463826,-0.04191720522647063,0.006595237097469231,0.018359901857071592,-0.023074572456069364,0.0018791230245815416,0.0001064971269766346,0.000949449974792127,0.0035882216296669878,-0.000467925599886454,-0.002241747449779119,0.0,0.005355252391639531,-0.003754174064758753,-0.00015871291734903537,-0.01805885397381196,0.009394258749294615,-0.018515159539017667,-0.005638045582936846,0.019442314297185848,0.006284046028753931,0.004493904310379271,-0.005768820008950015,-0.004306447287642734,-0.020306708212866953,-0.01168650993929815,-0.02217639299209473,-0.010651789273061596,-0.014937648746888244,-0.010154516884810616,-0.01879083460689862,0.0007203941946744563,-0.0003994833912128737,0.0017115549708277,0.01666940858002547,0.030600368885304374,0.02366685035953936,0.011025053014868225,-3.0820885490445704e-06,0.0,0.0,0.01059292489490593,0.013337380740533145,0.0,0.0,0.0,0.0036521938200365645,0.0005779399421591003,0.0006133263978501668,0.0,-0.0014873356842868835,0.0,0.013196164718476844,0.03145274359736849,0.0,0.01542620920696991,0.012796544528551779,0.00032159469052450707,0.008941069025767301,0.0,0.02341037375044519,0.026358800630650825,0.018567930233887198,0.00848418284772312,0.045785112192386734,0.01374091440241032,0.012800477838917856,0.01548020773087655,0.003539377066966498,0.029032096182373013,-1.1102230246251565e-16,0.007336506511570584
0.027963178551285828,0.00965364788000811,0.012879549836864734,0.03765181426035791,0.04150187703245606,0.02377567355011867,0.008469484773180713,-0.00020851451197062554,0.033331976297447885,-0.007193727606004119,0.0196555199611802,-0.002080828505994503,0.01501187284747979,1.9375443694902295e-05,-0.017186032556449904,0.005355252391639531,0.0,0.02110417671312731,0.030542291703624713,-0.02465219761586329,0.020989875134305447,-0.016656231755611206,0.007721031130869749,0.027703352557872152,-0.011792344848671255,0.0005580859311084541,0.025073739407467655,0.009340937241951508,0.03009746849738376,-0.0008602985517377482,-0.011638658666955959,0.007921865227847213,-0.014338411720261568,0.005096978846516664,0.0045505546373795225,0.01805219879925335,-0.0003357100335235619,-0.0023686244700059644,0.05731252824918581,0.04215012621116199,0.050104997803633866,0.0007346031422443833,-5.551115123125783e-17,0.0,0.00024225451905435236,0.044811996893928174,0.0003659144935426739,0.0,0.0,0.0,0.0,0.0,0.0,0.0,0.05596580712954824,0.0,0.0435123283006118,-0.0008289772377034765,0.0,0.000253585916342558,0.03719304052339717,0.05938407801826229,0.05016714394728722,0.0,1.1102230246251565e-16,0.0,0.00010201365648060401,0.0,0.024358335481791005,0.049321697045901336,0.036212228022433846,0.0,-0.0016644921870579976,-1.8574417510852648e-05,0.0,0.055755847287021765
0.004816753902788851,-0.012244998443116606,0.03705441747598798,7.058496532985625e-06,-0.04234548372352892,-0.008330897092189649,-0.016603406039870094,0.00958475270453657,0.027190085189507496,-0.011513390025903625,0.015291187526856542,0.005783481626890408,-0.0028842130681190348,9.236695114894777e-05,-0.0015726967000996295,-0.003754174064758753,0.02110417671312731,0.0,-0.0013260432721374227,-0.015113388833916108,0.00349183469951464,-0.009012567370659863,0.0025265752792850704,0.0020261072423236604,-0.02382349850424792,-0.013592016859531486,-0.006005604034719558,-0.00023654910034326404,-0.00882600611620804,-0.006687282245756321,-0.008859976199959096,-0.0056306095245192145,-0.021756760698109334,-0.006925249530809252,-0.010777442878541432,-0.0012898931673648861,-0.00040271933285140893,-0.0005946980460869722,0.023112031487413087,0.03929836416615279,0.03240682301121961,0.044304167449154164,0.0,0.0,0.001649337591090816,0.019444463316079075,0.023562273340530127,0.0,0.0,0.0,-0.0008183308078194562,5.164394044993026e-05,-0.00018378456504758445,0.0,0.021606387360601942,0.0,0.02195272247916613,-0.00026713556168961317,0.0,0.014071216772918504,0.030238894471481592,0.0480421736309638,0.033485156613612954,0.0,0.02476697164499231,0.002170586988415546,0.03412389434505081,-0.002074611873503829,0.0364801334958213,0.03673297176834489,0.027819779252520882,0.00013979006379977177,0.0014822253507748573,0.024220884934114173,0.0,0.025692694930894655
0.0,0.0012957392259283496,-0.05095357256956373,-0.02453214892645561,-0.04349741340455593,-0.007457353621882767,0.006175250641662466,0.009476133763679007,-0.016406702304734067,0.01562907190899071,-0.04458319218433654,0.010278650561998781,0.022028416684579943,-0.003998130138800848,-1.1102230246251565e-16,-0.00015871291734903537,0.030542291703624713,-0.0013260432721374227,0.0,0.00041491946382921086,-0.00038876700378326356,0.0011993843250635017,-0.06773438189830383,0.009106643991978303,0.026176223778579977,0.022965453027083527,-0.031296561400803335,0.02049166475708536,0.00010389807765431858,0.0008504368627954562,0.024361884584954863,0.015604499657160986,0.0004121152989277066,0.019429014616562323,0.016576443724021173,0.013675268010570507,-0.0017902425184787019,0.012176669153602604,0.015466135738132436,-2.6434813650499933e-05,0.002150942179355242,-0.0027615434396938143,0.0430530942325556,-0.001824669278572999,-0.00016135336855699345,0.0,0.0,0.07071702116584411,-5.551115123125783e-17,0.00780164118631077,-0.00553335470809968,-0.00020945745294964624,0.0144437757402337,0.018783965903915623,-2.077741515710274e-05,-0.10991659169658946,0.0001577886207300705,0.008138252026225534,0.048825502610056803,2.220446049250313e-16,0.0,0.0,0.0,0.04852219376445388,-1.598897456522863e-05,0.0,9.989321569653375e-05,0.007063086342639857,0.0,0.0,-5.551115123125783e-17,-0.0015883072803742904,0.007673607844044472,-0.001642973165676631,-5.512292125686713e-05,0.0008669135000926032
-0.003380618178974504,-0.026775016868057944,-0.0008327613030204017,0.0008648905307711008,-0.012669517805914798,-0.028533003502420162,0.001578886424802084,0.030556262157260372,-0.013554504762389175,0.07867379512592942,-4.9647787236761776e-05,0.003565038274343457,0.005777598600608114,-0.000419016628088964,0.0069128950342166595,-0.01805885397381196,-0.02465219761586329,-0.015113388833916108,0.00041491946382921086,0.0,0.0028109507958993807,-0.005661739311786429,-0.009427181405281981,0.004255816743417962,-0.018251032338247597,-0.007107046482014601,-0.00916526698225345,-0.028111898518116574,-0.002284075993568224,-0.041498620307127476,-0.011187880706273023,-0.027801046700316967,-0.0184034897310687,-0.023062975867395086,-0.03722686980988299,-0.03564035516157793,-0.028257408434059272,0.004970163774180358,0.006727110252704116,0.03454354255150288,0.02304394999864695,-0.007324084525616892,0.0029525360004346024,-0.0015077121960088702,-0.0004952636422893564,-0.0013537387076406615,0.014744030518644036,-0.0007732685613144885,0.0,0.0,0.020677696243789734,0.011147749080783753,0.009464840359449778,0.03321085386786016,0.0006792958893627743,1.1102230246251565e-16,0.00027633296084272896,0.030692450888010647,-1.1102230246251565e-16,0.00931244619992,0.02403381257297088,4.902937710937749e-06,0.02730696517849507,0.0,0.009975840009282089,0.026506472035516315,0.008034467972034998,0.015061158467751079,0.0,0.03277756057212278,0.007361987155020955,0.011467275906336005,0.021477013136812717,0.014376802331516614,0.02319399594612176,-0.00017381640391150865
-0.022729082349740137,0.014655096921537936,-0.003954363484472478,0.0004342072917051243,-0.002171103250827644,-0.002397141905175204,0.015185110474729036,-0.022281308086126106,-0.0014558222534450938,0.0010733426238415666,0.0014965442408025886,-0.0051973119169765325,0.004933799279233875,-0.004961619356282088,0.014448499768222267,0.009394258749294615,0.020989875134305447,0.00349183469951464,-0.00038876700378326356,0.0028109507958993807,0.0,-0.0005424875093979487,-0.023330756410473275,-0.01951839975601638,0.0011327120810395996,0.01003824135632242,0.01127535813464059,-0.003746374722587764,0.014857506030068968,-0.00386913915961995,0.0009510730354847508,0.00403502474191203,0.019415390502886265,-0.013269650982318248,-0.008895885718031016,-0.023503606112166064,-0.0008772818909398294,0.0026359284236987524,-0.0025417469869409848,0.028671846811336443,0.022794636238444743,8.387262121511974e-05,0.002204862100668503,0.0,0.0,0.016776140583087074,0.026107115292339,0.0015978981438685702,0.0,0.0,0.011058341391245674,-0.0002662816928098999,0.042375396311793656,-0.0005435356647930378,-0.00046755093227141,0.0,0.020365994758370032,0.050294909610121286,5.551115123125783e-17,0.009470853134896484,0.01566588471416125,0.0,0.023759140423694036,0.0,0.015087485322391458,0.06903443040069157,0.015747815768846096,0.016780363327668746,0.0012423088226889978,0.010527754783939525,0.015749261063907616,0.020342450268674872,0.01873125123098618,0.02402292897764985,-0.0022100369908611417,0.005973275537334843
0.009801720833644334,-0.026954721826868644,-0.03340920580600426,-0.0013715088950012055,-0.029447663021471504,-0.03557936772905501,-0.01129165984323477,-0.0030134196225167775,-0.0320407968411478,-0.01028967645348311,6.775244774642752e-05,0.067528744890468,-0.011004361918690642,-0.0005486452678282738,-0.020724354929611277,-0.018515159539017667,-0.016656231755611206,-0.009012567370659863,0.0011993843250635017,-0.005661739311786429,-0.0005424875093979487,0.0,-0.003003356359625897,0.0038716731074254773,-0.003809106716287869,-0.004649654524073954,-0.01659117098093349,-0.01740056760631492,-0.01286091066594297,-0.011199629546764012,-0.020471251867472617,-0.02992181826132334,-0.02258391387567149,-0.031227761988365743,-0.035264827786060604,-0.03656290616980168,-0.03826131951811251,0.0041863956080219755,0.0009069075546183636,0.017465684753936173,0.018774072543667253,-0.0015528089382477739,0.0036758648371615354,-3.238174204173161e-05,-0.0003677279012034851,0.022034527859981445,0.00951494975463485,0.0006285644027993476,-1.2997713781937037e-06,-0.00014158734654345917,0.000671628038101113,0.0036864141738947587,-0.0020578826636164504,0.0013841254037723072,-0.0004906190996201154,0.0,0.0005868349004026219,0.010669099301125862,0.0,0.0081180564394836,0.01099055720412917,-0.0006718270816890581,0.033670363140781645,0.0,0.005885187359491395,0.009675800307996196,0.002084680776002712,0.003741053631757474,0.0015126723802019737,0.012931626290088316,0.003619468162920192,0.0012887493973022246,0.0217386004071482,0.011058367953858173,0.0006844116946219669,0.010108442334415046
-0.021757083162226964,-0.004800104193760202,-0.024811552218619415,-0.018636219918597374,-0.021832030585467233,-0.02072712573979374,-0.0005632487438194111,-0.028470311845009033,-0.030943130815063613,-0.004899338996712188,0.0005495503253697964,-0.005625541862781025,-0.00903545993059518,-0.014946371070200526,0.004199478891149022,-0.005638045582936846,0.007721031130869749,0.0025265752792850704,-0.06773438189830383,-0.009427181405281981,-0.023330756410473275,-0.003003356359625897,0.0,-0.014281170800068133,-0.018974941596788364,-0.008418845925570795,-0.03345981518068947,-0.015275711212366705,-0.008043818130414826,-0.016124080763820436,-0.014025635870372921,-0.012467373896649758,0.00022859144077735927,-0.020334172661034988,-0.01762431078856591,-0.019119226213339557,-0.011977597933139461,-0.003045497016778198,0.003219002801709947,0.022262629432395986,0.01143244801852561,-0.020435255989024015,0.02140247878081719,0.010870507560516385,-8.24192076632202e-05,-0.011593363751659702,-0.0036458836515317894,0.017582310801614986,-2.9740120756682753e-05,-0.008509302722627843,-0.011791769188045698,-0.005325020212191611,-0.024229610824077874,0.016495343738877954,0.014416530807669692,0.025491971261525914,-0.002681914244373418,-0.0012550779828153225,0.015780607658607226,0.006218664088670223,-0.0026949263895859055,-1.1926938215389704e-05,0.03479200207478106,0.04147744033670464,0.012606130914370073,0.022353665000603762,0.003166565063382587,-0.01795080365018853,-0.000465073320462972,0.006887244512493562,-0.0020199352590877795,-0.010033160163714583,0.0012263108357398744,0.002847468716070889,-0.006578129047335568,-0.0020713562082459447
-0.023860728640981543,0.0004301310265604208,-0.0013692317989114078,-0.002181922620210275,0.0564341605270649,-0.014560031615837354,-0.023744678535134955,-0.004183791609184251,0.0170383425698884,0.011302895444102123,0.010520725080840732,-0.008403378769063552,0.0046963826923049345,-0.17617817889856158,-0.0349933185470786,0.019442314297185848,0.027703352557872152,0.0020261072423236604,0.009106643991978303,0.004255816743417962,-0.01951839975601638,0.0038716731074254773,-0.014281170800068133,0.0,0.00016145321703486815,0.014667734015085754,-0.04454228348206907,-0.021867010627217354,0.001657630726338788,0.0006198807440584986,-0.01633618464050196,-0.0016583616518237032,0.014399621924097383,0.006217193327657022,0.026291632700351952,-0.057637324459559325,-0.00449222255738474,0.01157158224390653,-0.10080516534496947,0.05815039152637286,0.05624355816784854,0.008766738878646041,-0.04174534048044992,-0.0002455036269685684,0.00484577811941872,0.021975014898041656,-0.0024344636319498236,0.0,-5.551115123125783e-17,4.710922090922498e-05,-0.08525465912640867,-0.00011551961675121403,-1.6653345369377348e-16,-0.0004734327650106618,0.05903336134819842,2.5814102707077957e-05,0.053608114087606296,0.04336665520777577,0.0,-0.0002737072043773048,0.03876229704814088,0.034125526639146475,0.0333404613903171,-5.740851246327505e-06,9.900808561852381e-05,0.00032012490818622563,-0.002321944018070121,0.0007441164435306735,0.03762100189969747,0.034298015675592874,0.019569255652326034,-0.04767485352380707,0.004068205531822244,-0.00036732247237863946,0.0,-0.0006587747704219216
0.009876473225123417,-0.025290694823695725,-0.008096493735160526,0.000544828540974096,-0.028723942983566952,-0.036471402866199376,-0.004282840618816897,0.011967360145794692,0.014897974204768516,-0.01650762056441285,0.025078290052641006,-0.003950033254838836,0.0046601894172571545,-0.00014132941869271498,-0.001961964387709292,0.006284046028753931,-0.011792344848671255,-0.02382349850424792,0.026176223778579977,-0.018251032338247597,0.0011327120810395996,-0.003809106716287869,-0.018974941596788364,0.00016145321703486815,0.0,-0.018194326010811668,-0.011898783866376939,0.008447544028201415,0.0004662250677738844,0.025978967290801513,-0.016135611557950624,-0.016286798494631327,-0.018818707920352673,-0.014445846612741509,-0.012034442846224347,0.038180941760778686,0.0003148665932873884,-0.008601578097244378,0.018773983935819194,0.037075838514172454,0.026192381071269144,0.029130008258398288,-0.001102868216727948,-5.551115123125783e-17,0.0030836554325757715,0.010872642441129732,0.023101270269928476,5.551115123125783e-17,0.0,2.220446049250313e-16,0.01379357422848193,0.000874397259777171,0.0013500700507888541,0.00037271510394970564,0.03214430826607101,-0.00017061399879958472,0.02396216158727177,0.028047854265612016,0.0,0.011303978208565213,0.02204325967724574,0.046269373668218816,0.027473626453364042,0.0,0.02030657318158241,-0.000630779653342517,0.036856690328237074,0.010355626527341455,0.023136533886980393,0.02748633009318946,0.020806547931863206,0.013926932366098987,0.02359258565461686,0.017460976676484607,0.0,0.02230866363931433
0.004073534296414494,-0.004608431546479552,-0.003779047988730466,-0.09871072964544747,-0.027453415308918816,-0.016599854364821698,-0.012304984338229907,0.013645540029581626,0.03663513841837018,-0.01234216843895003,0.03336315151634062,0.024599749267806614,0.005956444581359632,0.01141278578043542,-0.030408998126774278,0.004493904310379271,0.0005580859311084541,-0.013592016859531486,0.022965453027083527,-0.007107046482014601,0.01003824135632242,-0.004649654524073954,-0.008418845925570795,0.014667734015085754,-0.018194326010811668,0.0,-0.0032304941891308503,0.005215196216995344,-0.00699392688506173,-0.0003869961353097362,-0.006701882273474236,0.001608513024974334,0.0028167803029148786,-0.003862515913080844,-0.006251904547959708,0.016910380702839234,0.0011369348533071255,0.02223741409285057,0.01048352102506489,0.031554834437669155,0.0304122899579245,0.03628372511964234,-0.0038711979439270405,3.695874989295689e-05,0.0013709999719440646,0.014534756109270353,0.019294682761039905,0.0022268935366405174,0.0,-3.680340759132372e-05,0.007999096961218088,0.022011527614582915,-0.002238854608102747,-0.0009397240711883637,0.03560531496567626,0.0,0.023531611065139013,0.019644173640541496,0.0,0.020130851698329955,0.018285699898765273,0.04468941489697981,0.03365659867657017,0.0,0.02502168980109376,0.04169549686083601,0.013254117946803423,0.0048632815473912405,0.015930393067588977,0.030835663654201817,0.022659876136051527,0.0074423688632323515,0.024003164410183797,0.009330173199724623,-0.0002796765760904596,0.019340714029891903
