0.0,0.2419418744907574,0.10749350471258051,0.0,0.17359003936060047,0.2598551374358559,0.1451433366122252,0.08405109832163742,0.17431725839863202,0.2269424198851492,0.14763366992850413,0.054443504001928995,0.3415573128762125,0.08713684066438653,-0.08978316119512066,0.2759987237535808,0.28023909003438163,0.15438028508840268,0.0,0.033085212733164865,-0.04374862172068767,0.13627537739376477,-0.09142526045842077,0.020533008029759395,0.16216902643076297,0.14822159060958337,-0.09222675493320563,0.23610881480866597,0.30581974302690584,0.28597356484485614,0.10153480779342897,0.26549971894714447,0.08566796197866042,0.05785032983182546,0.05549638043168494,0.19627706319993626,0.22860262917879065,0.21153630008614638,-0.005929015023819477,0.31133570359796725,0.3246723906540608,0.22012176748626117,0.21855685952594078,0.0,0.18578928795489094,0.09585571797921967,0.1410110127047322,0.0,0.0,0.0,0.10346477470693831,0.0,0.2267186449118132,0.0,0.23110867782925903,0.0,0.21956258769423403,0.30046459425274613,0.0,0.24259427924823398,0.16807177288594582,0.4416944732033441,0.15684533988802138,0.0,0.11688526725305322,-0.01994128789165109,0.21693102042900295,0.22629203895329963,0.15129393825798212,0.13339492455277602,0.19955713028772037,0.1312101721334481,0.1594667048044116,0.12636132845122758,0.0,0.1397912832483385
0.2419418744907574,0.0,0.017539734487239247,0.11033989716213516,-0.16262910249369875,-0.20326988928759784,-0.11658580743499522,0.4178197500462082,-0.1718982750212514,-0.2559667475347031,0.13872633655334327,-0.1175517092389973,-0.11820257898583555,0.25087641052382775,-0.023392388575103812,0.13841259168392192,0.2728590924326852,0.05216969888398797,0.22229987160032766,-0.11902029371332201,0.2095913255514274,-0.0013281727486526688,0.014834373222040335,0.17128899059722857,0.03296498545493922,0.1099165554114506,-0.027196928401576406,0.044234424915432974,-0.11886942869339029,0.13591851158565985,-0.024380022103815256,0.09752912549355004,-0.04964969189671298,-0.017967990844638786,-0.004295240612292638,0.20247186279173418,0.08761595811897606,0.0,-0.04326692286867807,0.3723930959322239,0.21229920520329687,0.1916639226818782,0.24959640915243833,0.0,0.0,0.03911801612467508,0.11415644065159748,-0.0222101386520509,0.0,0.0,-0.005636050168390163,0.2213755466234322,0.23238590545551072,0.19757417020117876,0.22708491617509316,0.0,0.1363668659826236,0.39488988697589655,0.0,-0.003734346821549425,0.14457085571086348,0.3019268970011089,-0.023672188999093118,0.0,0.18489616326422054,0.3956574624070475,0.13136850918033502,-0.04386223839828453,0.1516222857212194,-0.006707216032424086,0.07301905850310211,0.04207422056363728,0.38422862650810247,0.0724634669950206,0.0,-0.004882773326837828
0.10749350471258051,0.017539734487239247,0.0,-0.1299098509117708,-0.18391716740442587,0.019250951221537686,-0.0004843298628247755,-0.016534879173697763,0.03195340154163186,0.16966890770404744,-0.11059127385982917,0.20073739686661565,0.028010784110282343,-0.10560551638900957,0.11932955607747192,0.13373279190489762,0.39707183045677724,0.4827816540713985,-0.12876764422515344,0.1304803758490926,0.0861078510850455,-0.07299908420974276,-0.03508450813582058,0.13639397062883044,0.128600154281129,0.0765386636313242,-0.009496233437097434,0.0037770297828366786,0.08548992736638153,0.09989210438900314,0.01625817112291044,-0.009044047275026446,0.2878378995490085,-0.06533452393698265,-0.021386781443171382,-0.07648131817417159,-0.0040265727947112195,0.16284563004872227,0.09547220625480171,0.20363392103883626,0.197585395387037,0.1567680213276867,0.1814307482637957,0.22386368789779212,0.0,0.0,0.054015343700415525,0.056686861190301835,0.1853180788282407,0.12594167493334504,-0.16446187891133898,0.18005358029547103,0.13497304185817968,0.05569006703397375,0.1564211485460696,0.029082432854715456,0.16604376140902943,0.13389476260881011,0.24457786258355646,0.10328955221484565,0.0,0.0,0.0,-0.09810219448571175,0.2192014149697423,0.17660681739092882,0.01618103849229232,-0.026412910746414546,0.0,0.27967122337270384,0.1489983380529454,-0.12378579911189375,0.18972357012718882,0.15294427581439324,0.2911529932594942,0.16673698689773353
0.0,0.11033989716213516,-0.1299098509117708,0.0,-0.06467687036250094,-0.0668497765940631,-0.009181884171748332,0.4095097567967672,0.10820288003856791,0.3435342662328206,0.08421233549027082,0.05140812767424436,0.3576909932454769,0.22582326591304863,0.2761193502526243,0.05700753690697465,0.8624848617789189,0.21516939101068422,-0.08924537854530537,0.17681508769417312,0.22203090853969332,0.14039630137127646,-0.22846767937660403,0.04752556822120805,0.38431399949251965,-0.5628164242685075,-0.10928537533313518,0.2385525959391969,0.07041448429988623,0.2209216243897062,-0.02824710650669364,0.42992074679988784,-0.10423912405755952,0.22788935943414115,0.306117444429256,0.19341468284891972,0.21358216106798927,0.07843170744109025,0.12302260450723229,0.1389850616483807,0.14541452387172507,0.07781665124885459,0.05336009262606575,0.08338164266446092,0.0,0.0,0.0,0.14574242107349358,0.0,0.0,0.2628710749992069,0.0,0.2371002608523304,0.01450673484384139,0.0,0.05103193400191906,0.1697918390857569,0.19348528967541126,0.0,0.0,0.0,0.0,0.0,0.0,0.0,0.0,0.19962726624074856,0.12260157980649841,0.0,0.0,0.0,0.13807371712927347,0.22509602975975065,0.2167181259276346,0.0,0.0
0.17359003936060047,-0.16262910249369875,-0.18391716740442587,-0.06467687036250094,0.0,-0.08292776938201062,-0.14532327633483563,-0.06943194712918459,-0.020347215378641075,0.33807414764086874,-0.14806739333184712,0.39514957697552955,0.11668004837902335,0.05368445881981759,0.19482594947350676,-0.11483882840746706,0.4505720305687826,-0.15602118178897287,-0.27813717177110386,-0.03322338290672784,0.13839791150569375,-0.23700108128796088,-0.2080592026454685,0.5103954809225227,-0.05643056812162289,-0.08993874728293243,-0.07778350739831769,-0.06821117246941405,0.07081687053855801,0.13826508774869428,-0.05642265458139337,0.041281615161820356,0.03697475597895124,-0.03243512368394667,0.2498570925940052,0.2445908118709025,-0.10599792994058169,0.43591487027036124,0.025913916621799888,0.2817864430319653,0.05849502757564768,0.15447036836971045,0.21867083604104087,0.3174856564097532,0.09591511934218662,0.0,0.16267923802965606,-0.04732514615941683,0.0,0.1545897677283089,-0.2278245329091767,-0.037946080254337565,-0.040133514503848916,-0.04979842908635829,0.0,-0.20643395619770172,0.13519227086381588,0.10161115580227029,0.44048743168878807,0.09922707372457581,0.19697560038030354,0.0,0.0,0.07126338696749612,0.4286986568370348,0.2217795455937935,0.1273391243726853,-0.20456653245274864,0.0,0.20261826196667673,0.3694680614035909,-0.1558341650906303,0.0674314800256139,0.07664641815599105,0.0,0.1387467064190354
0.2598551374358559,-0.20326988928759784,0.019250951221537686,-0.0668497765940631,-0.08292776938201062,0.0,-0.0008018022016362675,-0.11413879971598317,-0.03563348788149692,0.1529817482627967,-0.08029425326560546,0.23989163931777566,0.001442886234209748,-0.15810230034831965,0.02716899135730899,-0.24642799622940428,0.36412150396978826,0.021558136395811195,-0.024092247070062543,-0.10567457099918924,0.0024249227669791706,-0.17883574121181461,-0.06340355152693451,-0.03867369747816962,-0.17662923947200027,-0.019217806373521704,0.04113901990085723,0.05351025720678131,0.11753954928720492,-0.11373365808695429,0.05638699321393921,-0.1749335811330042,-0.12051356347562903,-0.0017807801668331125,-0.022870906489286476,-0.2729601414562125,-0.14579464764191344,-0.05194148661819037,0.025231684158361058,-0.20284422832909357,0.011739084531234137,-0.05755317767828757,0.21799837044997844,0.16610872214534186,-0.015712906198006825,0.22019621284340093,0.13816008543566413,0.027400114173255122,0.24110949541582574,0.0016744420695189999,-0.16929767037969617,-0.0697265908216282,-0.05557498189104583,0.13034201329299117,0.2490349983649015,0.21570942761657366,-0.28096615969924793,-0.05072196794227747,0.2978396464548115,-0.021201675913756518,0.15590004192982448,0.0,0.20950631993350952,0.2155490420196467,0.04109892104123947,0.2673586884213786,0.00442231771689211,-0.09536497109578267,0.2500976335987679,0.7739341903275507,0.04671724254871076,-0.1078736550970749,-0.06612793786831724,-0.1276089762612216,0.06685930677546084,0.021823922781911045
0.1451433366122252,-0.11658580743499522,-0.0004843298628247755,-0.009181884171748332,-0.14532327633483563,-0.0008018022016362675,0.0,-0.05865896845923689,0.18406833573438702,0.12105942190036442,-0.04345618922460481,0.055107974227867985,0.12432960125229787,-0.04786425001194799,0.14438162019597797,0.07661536078302908,0.18698284765536943,-0.059428172265317124,-0.023889554274586687,-0.01786532777367724,0.14519660605005763,-0.1006547684082156,-0.09128169144363976,0.025766385834635745,0.05032307338160176,0.007736499797035203,-0.07393922854402836,0.03196457449966923,0.11899278354895856,0.3479848276464952,0.1617754149920222,0.1954773672001579,-0.026489482490531204,-0.002949581937994439,-0.05922019741282048,0.06266569548009984,0.1475365192682031,0.23028999102654016,-0.06480725747710361,-0.018200198779230854,-0.08077596409123097,-0.12537229479302325,0.35808295074390795,0.3726139634317874,0.06664381391067527,0.0,0.2213945549110825,0.11950653486913605,0.0,0.13472710161813956,-0.05057767191774595,0.20227020297498371,0.061738003622356326,0.31407899652450316,0.23005497375865228,0.15366006475617958,0.17566330879369454,0.019107131031394185,0.09607633214568098,0.22068406594057657,0.2706367449737463,0.0,0.21980645659511155,0.25503217966012554,0.3438113848610789,0.18345852486709943,0.20294850801499842,-0.02720304159278357,0.20186318208027668,0.19933982451903887,0.2007177724604328,-0.004020166378769001,0.24958956242424465,0.15630231171366102,0.2946420929633624,0.3581742955700839
0.08405109832163742,0.4178197500462082,-0.016534879173697763,0.4095097567967672,-0.06943194712918459,-0.11413879971598317,-0.05865896845923689,0.0,0.15748331986842973,0.0745422361710262,0.3061367033164667,0.24543726934952942,-0.05807869247624095,0.32824802056566077,0.08126265398588374,0.3081457324402214,0.20699140001654578,0.293501155572516,0.08257716845135016,0.2352811062347558,-0.10464648036350112,0.09818674287559055,-0.1676636893104282,0.06229585837428796,0.2468264476610178,0.251066779962567,-0.09298382732014185,-0.09620171445904475,-0.020052757443435952,-0.07731326337404484,0.025813379574845877,0.1855114547149787,0.3027155437372211,-0.001519143050773844,0.0099643005209871,0.20331407470507246,-0.09191118628117234,0.2270823388903762,-0.1258015894029152,0.15368543491899642,-0.03479266495803131,0.12998338396604614,0.34112439833291697,0.22404864158943857,0.0,0.24396416761547832,0.11528592707982843,0.009514825633711435,0.0,0.175126166654337,-0.18016553381483463,0.009032285835632058,-0.1371375503743055,0.08736627097020627,0.36893697836312117,0.1903620583818944,0.43592077685007374,-0.07394742648482958,0.4472150562252658,-0.029619096825794125,0.18356236075556837,0.0,0.3008014642852884,0.19956524616923582,-0.029300471132180105,0.2532879197832818,0.11047079430160923,-0.11840384190842508,0.0,0.12599459985808625,0.07621908718718765,-0.1733935564016355,-0.07866910055937087,-0.19997947185403792,0.16452705935632597,0.03290654566581465
0.17431725839863202,-0.1718982750212514,0.03195340154163186,0.10820288003856791,-0.020347215378641075,-0.03563348788149692,0.18406833573438702,0.15748331986842973,0.0,0.17331880286398793,-0.1539831965797782,0.27911647031708403,0.29700959246372366,0.15087252177169364,0.167400984707234,-0.09202256588988178,0.3562377677946461,0.3704806557873921,-0.05219443803450334,-0.0376897180986379,0.09048994399254809,-0.23997268334110042,-0.05822645737907055,0.22568820083527544,0.20565108025706444,0.3833619884958601,-0.1838722985362488,0.15436142930592986,0.17791439488867256,0.11377709553842272,0.14415204466128212,0.08758789064681193,0.14258789554323187,0.10711962243014711,0.1461203137506717,0.0627102336033027,0.08896180634759282,0.23232999453109376,0.2596089702302096,0.2515182557408186,0.02412774933196861,-0.0335777287299768,0.2950247767254374,-0.0633694608700206,0.09315356131673626,0.0,0.15218725900561397,0.1300189976140898,0.19921291578612607,0.26521378867849166,-0.0813520266985877,0.24033354312245983,0.23682749442254566,0.16536788459437454,0.053871552287248346,0.21821216815926434,0.11079364008854896,0.18305158522466486,0.24920683252846926,0.16286413813594716,0.3048301755288473,0.0,0.0,0.2231837930798472,0.1995509032793182,0.28292957182454453,0.17187792028017668,0.09302805328342173,0.1241222835912262,0.24122406740354244,0.05349675941498233,0.04736395484557218,0.27816882539535775,0.062084336653032555,0.1741945432769547,0.29603579597756335
0.2269424198851492,-0.2559667475347031,0.16966890770404744,0.3435342662328206,0.33807414764086874,0.1529817482627967,0.12105942190036442,0.0745422361710262,0.17331880286398793,0.0,0.1704662309453589,0.09371728319713715,0.17415809887916286,0.38144396169613365,0.19552481465257265,0.1478394978525618,0.09895569647523976,0.016511803676925257,0.04563569687704948,0.6146536437306777,0.26118305022249655,0.05482523158753404,-0.02845911320630963,0.15357060869008107,0.06449412203060333,0.06872190768054925,0.00797491769075949,0.20243890195660683,0.5100837839063067,0.11594483407959336,-0.024347334358170443,0.1448329610771609,0.11966019154996488,0.28857882948552366,0.3371545536878202,0.19982605683921217,0.07520212357588951,0.10458800436396917,-0.04511353895601593,0.32109794455386553,0.22245930868443,0.02051229670419208,0.05630492055489302,0.15760623964826806,-0.17781298303860335,0.38081669349017155,0.16498947850938223,0.060594651402662465,0.1848401802999591,0.20470820059636705,0.20845542279689075,0.26253783698863,0.2164945659963078,0.1130264958020192,0.3687912988090907,0.10741519870572491,0.362862281329921,0.10078087229144501,0.0,0.3863515709756889,0.1413925951747006,0.4211616769375076,0.40566249764720164,0.21160251777322406,0.20664542362536575,0.25709862146797857,0.10382633355697772,0.37859551662063695,0.23161970654213304,0.3311055107764933,0.22537299698653063,0.2296427988543856,0.2551455178473904,0.14246508942815336,0.0,0.2949584783281788
0.14763366992850413,0.13872633655334327,-0.11059127385982917,0.08421233549027082,-0.14806739333184712,-0.08029425326560546,-0.04345618922460481,0.3061367033164667,-0.1539831965797782,0.1704662309453589,0.0,0.21969227917832498,0.044127650789837145,0.09700749102749266,0.0,0.22302026072042763,0.2626177084617563,0.25635288824071273,-0.12260335505801648,0.19792934633304185,0.25981016015008074,0.15247132330842067,-0.0002532253649215055,0.14312444356745002,0.3327912474601874,0.40969907759214297,-0.08455410401237938,-0.05392570802407676,0.12566553608760847,0.22939440664063043,0.04627369132442696,0.16038275308423164,0.20558503989571103,0.06825378319633915,0.09340399423390322,0.3483165470116257,0.08854587182061241,0.1856362870308352,0.1531312020556894,0.4155973532190226,0.0510384731065429,0.13245572743384904,0.38932288064608894,0.18404680498241083,0.06744732670911911,0.0,0.0,-0.005381490757743801,0.2376702569135009,-0.28058889120895525,0.01014023714765129,-0.07555394473799437,0.012903731033508857,0.1728145744282241,0.2617235006378423,-0.1539824950573389,0.09747707813002747,0.024041879948836525,-0.044902664967686426,0.0,0.0,0.0,0.0,-0.1431208678413518,0.13925279196654433,0.0,0.2613775709143343,0.10318503319252993,0.0,0.0,0.3752985558433672,0.007781568090783814,0.056904997430878526,0.13896914479468764,0.0,0.07846151976222467
0.054443504001928995,-0.1175517092389973,0.20073739686661565,0.05140812767424436,0.39514957697552955,0.23989163931777566,0.055107974227867985,0.24543726934952942,0.27911647031708403,0.09371728319713715,0.21969227917832498,0.0,0.16690636762854658,0.504753639001906,0.13593878584221084,0.2701171789837977,0.10601800699329628,0.26965836301408885,0.2115236063473397,0.17788294895175139,0.1142294277125731,0.6626569566590026,0.048392974496084436,0.05129518508894834,0.12203477310476096,0.24623347890240188,-0.006250789135326451,0.14486875652382247,0.501696649252349,0.08608186338981065,0.04736125207158858,0.07587036559767092,0.1531320301216872,0.2795779227378317,0.3014080444594961,0.022897014655150413,0.21793936379111525,0.023644085146287665,0.03293706786382766,0.3303597256144831,0.13655814774318853,0.057621190681631504,0.05648280361471539,0.19132058586203807,-0.1876553978001237,0.22431585384718417,0.2092545661602227,0.08604114948121731,0.07888882867640397,0.11923768041352045,-0.11356972780846986,0.16878816251850454,0.1140766448300339,-0.18506893167707716,0.42008895449540795,0.06494608686615679,0.42296699633459856,0.08526273521067626,0.3132769799384176,0.2925408918998016,0.16362163405897284,0.435734516596714,0.4838581782520146,0.13697865524912178,0.9114303321629065,0.3355063134155133,0.1680034729995252,-0.01037485634799716,0.2390613768393492,0.35994278458179085,0.24588356070762896,-0.1460003177911546,0.2625307975351925,-0.12026257337620323,0.0,0.3209967203592543
0.3415573128762125,-0.11820257898583555,0.028010784110282343,0.3576909932454769,0.11668004837902335,0.001442886234209748,0.12432960125229787,-0.05807869247624095,0.29700959246372366,0.17415809887916286,0.044127650789837145,0.16690636762854658,0.0,0.20557107548462272,0.12573639388182253,0.08190114459638878,0.17849118558674723,0.039668086450631614,0.04987208026003541,0.10550211972024796,0.021782766035636815,-0.04322464464577848,-0.12808603856496448,0.08965452639229808,0.13090930147922716,0.14378833431783872,-0.08136309127108171,0.11801620999950437,0.1347141771869953,0.30824013558145635,0.08875713789027354,0.24187512062410893,-0.03914083296743549,0.13362495617598968,0.020084991436440467,0.3434655751932385,0.3127517310183626,0.24619124377837207,-0.05899775916301618,0.029007397586841257,0.12800451955015035,0.016521523533374567,-0.05099585944359288,0.1777236948853167,0.1439669315986719,0.27201485922756435,0.26958563941089975,0.11547272604268853,0.0,0.18267289073774784,-0.0629057187428534,0.0641385051038162,0.07824214801725615,0.44586478961080556,0.3172792722499094,0.06247914005288119,0.206819760944575,0.024706947405735504,0.10955977174642861,0.20071677761776474,0.13232073429047334,0.1707748685922982,0.2528445314719287,0.34774849655329115,0.22342170027112376,0.28944371979687245,0.15359544036223047,-0.07782300367537479,0.2014574163619246,0.4736308946455296,0.16306525230861152,-0.08497288470835115,0.1450688283956946,0.07439813279353963,0.15621017427031628,0.2349889103729185
0.08713684066438653,0.25087641052382775,-0.10560551638900957,0.22582326591304863,0.05368445881981759,-0.15810230034831965,-0.04786425001194799,0.32824802056566077,0.15087252177169364,0.38144396169613365,0.09700749102749266,0.504753639001906,0.20557107548462272,0.0,0.21667097761248544,0.24321236423972645,0.2181567064462638,0.21380415808788839,0.050446869768959145,0.20336136269275185,0.06476229597325737,0.10913989008241928,-0.07246029093080036,-0.5929657659864008,0.2391568031755675,0.30549794699695215,-0.13061573596940707,0.23166749463262087,0.20370694260435002,0.3277314121987265,0.19971542247774388,0.3040526979150627,0.07497789072779738,0.2976705917216673,0.20907908730295077,0.13627663558127723,0.04179881376772294,0.18322256834297165,0.21734264941967915,0.0,0.3084103395275023,0.3585230142695584,0.364182886956644,0.1853401322720327,0.0,0.0,0.0,0.16524013394251263,0.0,0.09074268584863311,0.10513241058217132,0.12872223960705784,0.168638184545714,0.05418132339172453,0.0,0.278804227550343,0.1829939043835729,-0.6547681510091677,0.05668736411231365,0.0,0.0,0.0,0.0,0.18226615467374377,0.0,0.0,0.0,0.0740438093280303,0.0,0.0,0.0,0.147895645128416,0.27386117106704266,0.0,0.0,0.0
-0.08978316119512066,-0.023392388575103812,0.11932955607747192,0.2761193502526243,0.19482594947350676,0.02716899135730899,0.14438162019597797,0.08126265398588374,0.167400984707234,0.19552481465257265,0.0,0.13593878584221084,0.12573639388182253,0.21667097761248544,0.0,0.02788006158450379,0.0068160436942307605,0.0009788974260704162,0.0,0.166082423953063,0.08609355082072202,-0.02773229460986084,0.0919995447643366,-0.13174263901865968,-0.005130203831781095,-0.11372329263993784,0.08585505459681586,0.012287641857798445,0.023492094135694898,0.1682527266466901,-0.0300765496720597,-0.12363635204670974,0.02353465434691175,-0.05746076085344583,-0.08256873462924774,0.05882586793752202,-0.16129325998236677,0.1628348907498988,-0.07573641693607265,0.20902816035959568,0.1455832058927838,0.02036779884391618,0.30519923733578463,0.30915079123839595,0.0,0.29918062055324945,0.3745304947212486,0.15891426554522126,0.0,0.0,0.06725052109822395,0.3233494549244243,-0.0257419578072859,0.18656166287274584,0.0,0.0,0.23940288760294715,0.15169944983365163,0.21156661918991607,0.03750765763303367,0.22152941555306166,0.26457620941466176,0.4122976554929439,0.0,-0.021816999230162,0.0734835159841882,0.13829567134944915,0.02949541329263978,0.20803126157185284,0.16826702148375547,0.1966254546050059,-0.0822724258996528,0.132419005886517,0.053589863825119724,0.11462394704177709,0.10598353028098581
0.2759987237535808,0.13841259168392192,0.13373279190489762,0.05700753690697465,-0.11483882840746706,-0.24642799622940428,0.07661536078302908,0.3081457324402214,-0.09202256588988178,0.1478394978525618,0.22302026072042763,0.2701171789837977,0.08190114459638878,0.24321236423972645,0.02788006158450379,0.0,0.14163639037734282,0.23309475741358546,0.23215152974582698,-0.02199440330517829,0.14335289856875905,0.003456690111026464,0.0012819856065116597,0.31992000571495804,0.249058848669281,0.14675934909175212,0.03175546058988733,0.06707258780967155,-0.05466534883720071,0.0475593430801427,-0.046263848376112374,0.010964326744629986,-0.03910138975298679,-0.012226349443978305,-0.013129700039189798,0.2856470392189632,0.1300006264472216,0.2903185053124458,0.299865143379485,0.40926432787374634,0.36586020205892456,0.18886547412916205,0.21062739105020623,0.0,0.0,0.10739163177970437,0.21248339865901295,0.0,0.0,0.0,0.15843444505521387,0.2536656783754001,0.3755163336292665,0.0,0.20418542672043746,0.0,0.3230468925216271,0.7703332777079027,0.0,0.16759079630516904,0.2793960477887766,0.25114243716443246,0.25997169529821684,0.0,0.23212875973964653,0.4194856078481249,0.2467399854797164,0.17888827795706616,0.5743969043999194,0.2732297328211683,0.20306687979861607,0.2372423944431255,0.21451054932111546,0.5263376255980342,0.0,0.12729496015562652
0.28023909003438163,0.2728590924326852,0.39707183045677724,0.8624848617789189,0.4505720305687826,0.36412150396978826,0.18698284765536943,0.20699140001654578,0.3562377677946461,0.09895569647523976,0.2626177084617563,0.10601800699329628,0.17849118558674723,0.2181567064462638,0.0068160436942307605,0.14163639037734282,0.0,0.3579437959833705,0.48849744837032255,-0.06776519776819626,0.4035090686919861,-0.04001696234053692,0.2248936458106639,0.31178935365363236,0.12051360108423456,0.09937514746770121,0.4968562463007253,0.29245945747311153,0.26893412085237267,0.2203268342770736,-0.00870176143012557,0.16266192914359756,-0.07533568225030954,0.1374050531121044,0.20537572395378537,0.31535310007105605,0.11073155191083921,0.0940000825419271,0.6787801278687139,0.4220137818851346,0.5518071356787814,0.2150993044475716,0.0,0.0,0.15608825667544965,0.7731609440662912,0.19569842543997817,0.0,0.0,0.0,0.0,0.0,0.0,0.0,0.5378185074750137,0.0,0.38080351543620006,0.14733073465644148,0.0,0.3632704118954974,0.3923104264745287,0.5628939758176659,0.45978583070817525,0.0,0.0,0.0,0.21893433980126553,0.0,0.2205533902873924,0.4807665624041298,0.37504135812711276,0.0,0.09525118243691749,0.20085472568828044,0.0,0.5786868166863706
0.15438028508840268,0.05216969888398797,0.4827816540713985,0.21516939101068422,-0.15602118178897287,0.021558136395811195,-0.059428172265317124,0.293501155572516,0.3704806557873921,0.016511803676925257,0.25635288824071273,0.26965836301408885,0.039668086450631614,0.21380415808788839,0.0009788974260704162,0.23309475741358546,0.3579437959833705,0.0,0.14093240072255642,-0.029541785636855437,0.1885906057739151,0.01288250970644687,0.10399962384149268,0.10347599650480176,0.09845670826461156,-0.0021543718947567648,0.045427819804375054,0.07435127300265333,-0.005869693666892002,0.09714669414904945,0.01896986041306435,0.004966654620944423,-0.11979627164121506,0.037263067364962,0.03187037443303504,0.18619489372327602,0.09785389798140647,0.13368623485748451,0.4023665924523533,0.4495339924661397,0.3794608198462955,0.5274640668153042,0.0,0.0,0.27176035671823384,0.2582291420957982,0.3239389926311993,0.0,0.0,0.0,0.12188075336222928,0.23026012491267928,0.3471264853798864,0.0,0.3275523430593321,0.0,0.3347523737121027,0.17731692054071302,0.0,0.28699794983703436,0.43094591704002344,0.5064990784862691,0.41385832833341374,0.0,0.34095595911375626,0.2081358107191424,0.4315700484423284,0.21239848609356898,0.411895016837158,0.44134912400755755,0.34876688551769947,0.1660863819796706,0.33649971965970843,0.405118703437676,0.0,0.39286171403116243
0.0,0.22229987160032766,-0.12876764422515344,-0.08924537854530537,-0.27813717177110386,-0.024092247070062543,-0.023889554274586687,0.08257716845135016,-0.05219443803450334,0.04563569687704948,-0.12260335505801648,0.2115236063473397,0.04987208026003541,0.050446869768959145,0.0,0.23215152974582698,0.48849744837032255,0.14093240072255642,0.0,0.23831525169625176,0.1960085380492653,0.24700207211499461,-0.14368668277962562,0.1858269756319677,0.48460889574469335,0.31584721796968385,-0.08880928102429721,0.07953622567486618,0.2684907378738439,0.22245254625799524,0.09958532322440881,0.10430731253567069,0.1458029669704235,0.06047705042672296,0.12016536004037541,0.07243987421325966,-0.03367987556608769,0.14547710994799204,0.19985822083942503,0.17473984347997326,0.11766448462505312,0.03449489774995232,0.2681720254634735,0.10858203049002656,0.17557464531016084,0.0,0.0,0.2595251199902667,0.0,0.14854455982592085,-0.03152261149383845,0.11044671142622292,0.12476189501911111,0.1856084169431192,0.3680400722060131,-0.1704289061030189,0.1720431267589357,0.13548592208734495,0.27081596878305253,0.0,0.0,0.0,0.0,0.28506188571862107,0.23704875633194356,0.0,0.24359917638502185,0.07165452125157774,0.0,0.0,0.0,-0.016001882395287124,0.23180065608546682,0.1406191095906556,0.23387805597019365,0.18528134335727006
0.033085212733164865,-0.11902029371332201,0.1304803758490926,0.17681508769417312,-0.03322338290672784,-0.10567457099918924,-0.01786532777367724,0.2352811062347558,-0.0376897180986379,0.6146536437306777,0.19792934633304185,0.17788294895175139,0.10550211972024796,0.20336136269275185,0.166082423953063,-0.02199440330517829,-0.06776519776819626,-0.029541785636855437,0.23831525169625176,0.0,0.043470268557658495,0.09753602225586008,0.0876023114961332,0.21222509365587003,-0.0682997906656705,0.03171931109106606,0.0779693745829159,-0.07759945646876223,0.129730519580735,-0.22909273677399944,-0.014511551719813392,-0.14514893562385195,-0.05979140029750285,-0.06125452639848204,-0.16773120281345405,-0.15272629075760707,-0.1276921930767375,0.3560815359714701,0.08459780303411613,0.2793291171510436,0.22821213062935533,-0.0137158056779915,0.2623447281947971,0.05628522370012963,0.07152630314371773,0.18336130947968754,0.18595372147268563,0.14545415781739143,0.0,0.0,0.12889406055054609,0.2849429799058694,0.06802461931408066,0.6181674311636141,0.4120989351685172,0.0,0.24806101526818702,0.2813028494619947,0.0,0.025168994702370204,0.3384224746469302,0.21400760053677542,0.4622852401760619,0.0,0.020767588573675166,0.14601005845115372,0.06369030875671154,0.0400713452277103,0.0,0.47414705660121004,0.04599415428445328,0.024985898294577556,0.12775108281416392,0.06850867250093372,0.22833316232502912,0.005283349478115217
-0.04374862172068767,0.2095913255514274,0.0861078510850455,0.22203090853969332,0.13839791150569375,0.0024249227669791706,0.14519660605005763,-0.10464648036350112,0.09048994399254809,0.26118305022249655,0.25981016015008074,0.1142294277125731,0.021782766035636815,0.06476229597325737,0.08609355082072202,0.14335289856875905,0.4035090686919861,0.1885906057739151,0.1960085380492653,0.043470268557658495,0.0,0.012227120755149715,-0.08308545790057266,-0.004187292612475316,0.12213304946126846,0.16607390444205727,0.10967112558083632,-0.026602189097406075,0.10831467060973887,0.05239435788784948,0.07033403321195526,0.04248467309435217,0.16389678848065586,-0.1018560872503965,0.008742344766802475,0.0076709351458633555,0.0967030229473598,0.2419522030263064,-0.0133730811467134,0.1806456135662581,0.1707664590476119,0.07964235640180424,0.2101117442899199,0.0,0.0,0.2171775382993925,0.18469908232357762,0.2612389785880821,0.0,0.0,0.06419503238731612,0.14965102901243352,0.13335555689944137,0.1863826052234174,0.25337799306910314,0.0,0.5129260499208803,0.4196557223231409,0.0,0.054750486760886216,0.1876944979363414,0.0,0.4424951024323859,0.0,0.04800254807198712,0.5040580764807865,0.07501771132427064,0.030314953952087942,0.40349064471765655,0.10453670993028419,0.1474374652266648,0.08125738213318154,0.11554840356530019,0.13351452516401127,0.10615731513654965,0.05151025998777975
0.13627537739376477,-0.0013281727486526688,-0.07299908420974276,0.14039630137127646,-0.23700108128796088,-0.17883574121181461,-0.1006547684082156,0.09818674287559055,-0.23997268334110042,0.05482523158753404,0.15247132330842067,0.6626569566590026,-0.04322464464577848,0.10913989008241928,-0.02773229460986084,0.003456690111026464,-0.04001696234053692,0.01288250970644687,0.24700207211499461,0.09753602225586008,0.012227120755149715,0.0,0.10429438934266187,0.13902214621920286,0.1484847934244109,0.0699988302649412,-0.025984386535471513,0.049791279634563854,0.015540470556649224,0.11346044170596255,-0.06106606519585936,-0.13776030873987172,-0.049020036794421906,-0.12144459535098188,-0.11569883191367633,-0.10557020858086381,-0.1032709941995709,0.27096694417727185,0.058493866598115875,0.2773108585606687,0.24323004075537594,0.08265760351172953,0.25370951679853815,0.1666072411050302,0.09405450882431605,0.3070023931434713,0.15113700790545603,0.20293895259340664,0.20668792284412502,0.11580542992361753,0.07040587933048581,0.22573109910278044,0.10753445372473405,0.20859719510670804,0.13110581506980548,0.0,0.2068015760176165,0.23746274965043798,0.0,0.05226958487671437,0.24132669453943248,0.16203119169687127,0.4556059351840212,0.0,-0.0009646407868070597,0.09186959466678593,0.01842020452337103,-0.026039679720801144,0.3651903871124635,0.179747930499001,0.0437527580307457,-0.018170670619414277,0.23971504076931208,0.08667511401801783,0.19506671377776455,0.1332763117803078
-0.09142526045842077,0.014834373222040335,-0.03508450813582058,-0.22846767937660403,-0.2080592026454685,-0.06340355152693451,-0.09128169144363976,-0.1676636893104282,-0.05822645737907055,-0.02845911320630963,-0.0002532253649215055,0.048392974496084436,-0.12808603856496448,-0.07246029093080036,0.0919995447643366,0.0012819856065116597,0.2248936458106639,0.10399962384149268,-0.14368668277962562,0.0876023114961332,-0.08308545790057266,0.10429438934266187,0.0,-0.006968555768234394,-0.048141418796779675,0.014412715178376702,-0.11130042357379137,-0.09325917847849881,-0.014256290549772524,-0.0447329497985324,-0.08469707245499797,-0.11048552413850961,0.04567034159221993,-0.1348650010337756,-0.057912277226082304,-0.06399217880136532,-0.08532732088364825,0.012444077788712232,-0.01971954008246618,0.236616820834509,0.014693460322346232,-0.06969310394866819,0.16401015754897816,0.19356389617781228,0.1766396633419557,0.045189857951134296,-0.006690144575294422,0.11204088636030891,0.1456754356346244,0.03505859211502815,-0.15973275214109772,-0.09961965782017061,-0.12116686176587445,0.08776973388970005,0.32759833460470744,0.1601455677237624,0.1116076140760831,-0.068455663131394,0.12827491281265505,0.004689600967096939,0.10476430837422707,0.20664542362536642,0.5228073661154999,0.22679265261944614,0.0313854315744233,0.1330307601080188,-0.018630808410617927,0.050335320422541616,0.07148686261291817,0.13738059635892977,-0.04726977841188579,-0.10731206185815176,-0.03572048689377237,-0.06288414750298282,0.005979145606186884,-0.05240746452370211
0.020533008029759395,0.17128899059722857,0.13639397062883044,0.04752556822120805,0.5103954809225227,-0.03867369747816962,0.025766385834635745,0.06229585837428796,0.22568820083527544,0.15357060869008107,0.14312444356745002,0.05129518508894834,0.08965452639229808,-0.5929657659864008,-0.13174263901865968,0.31992000571495804,0.31178935365363236,0.10347599650480176,0.1858269756319677,0.21222509365587003,-0.004187292612475316,0.13902214621920286,-0.006968555768234394,0.0,0.11097171918783705,0.17518003059956205,-0.16597625567087357,0.023858128901630103,0.2289570734485307,0.3731664689770278,-0.09865860668148488,0.18486303146632443,0.07818801936725392,0.13214853151096842,0.2984839035954045,-0.08837784962263431,0.12132911391616048,0.14136740603718306,0.025633051085448555,0.4902490303908251,0.4068512488851559,0.2769959399189073,-0.15264146447484478,0.10719045845586653,0.12403048461956655,0.20954620056993686,0.12939418071895004,0.0,0.0,0.22566577818541944,-0.40453169863405974,0.14947633923667866,0.0,-0.04605032437200661,0.37747699570473964,0.22648951211136717,0.3469750086466311,0.3393542751018731,0.0,0.10460269044650826,0.34050254443278744,0.22146508598615683,0.28670035572353403,0.19158994849697905,0.12969969455577735,0.23294365466428352,0.030569363013938672,0.3709262696710428,0.17842397253571804,0.3033825361049718,0.192212816955421,-0.28001071224631335,0.2755387390796522,0.24291979435408503,0.0,0.1134300253061065
0.16216902643076297,0.03296498545493922,0.128600154281129,0.38431399949251965,-0.05643056812162289,-0.17662923947200027,0.05032307338160176,0.2468264476610178,0.20565108025706444,0.06449412203060333,0.3327912474601874,0.12203477310476096,0.13090930147922716,0.2391568031755675,-0.005130203831781095,0.249058848669281,0.12051360108423456,0.09845670826461156,0.48460889574469335,-0.0682997906656705,0.12213304946126846,0.1484847934244109,-0.048141418796779675,0.11097171918783705,0.0,-0.022393408687165682,-0.010862597887169551,0.14506232405944416,0.05425593015513083,0.523765384383748,-0.06153194213527279,-0.10382768967125275,-0.17531127921157388,-0.0949363330943297,-0.048598746656104114,0.4163782378164774,0.2572960529625863,0.07337969873179112,0.2922802082551067,0.46854250361006855,0.34211093429430167,0.35076925806937126,0.025580840030964745,0.0,0.18555889438542245,0.19903388023444313,0.2948165940475245,0.0,0.0,0.0,0.2901427442697013,0.21332807947883917,0.28215817274397464,0.189234048536307,0.328988833036225,0.2111989829798502,0.23864208645260732,0.2897775000772568,0.0,0.15628492509325537,0.31261274033587616,0.43760964674415814,0.34569064983088127,0.0,0.3137946469196164,0.03378286958894544,0.4383026347415969,0.18200164919428785,0.19634569138565172,0.3217036461475009,0.2288819336030341,0.21421170507074955,0.4345332364311345,0.20205433728915123,0.0,0.30507959179395056
0.14822159060958337,0.1099165554114506,0.0765386636313242,-0.5628164242685075,-0.08993874728293243,-0.019217806373521704,0.007736499797035203,0.251066779962567,0.3833619884958601,0.06872190768054925,0.40969907759214297,0.24623347890240188,0.14378833431783872,0.30549794699695215,-0.11372329263993784,0.14675934909175212,0.09937514746770121,-0.0021543718947567648,0.31584721796968385,0.03171931109106606,0.16607390444205727,0.0699988302649412,0.014412715178376702,0.17518003059956205,-0.022393408687165682,0.0,0.08104495183506266,0.16522094988409056,0.05000763948532896,0.0959193157815508,0.02644447135443385,0.14490989417268996,0.05317353306059869,0.05290539254286526,0.09665139393809453,0.20089724064254588,0.1870115747399391,0.2553477720131424,0.12954967676701834,0.4432709452296213,0.3982583832268409,0.3322145473620439,0.05261992211351061,0.2449518285678794,0.13524270799539803,0.20080136779830526,0.21165891082341526,0.24661497460587475,0.0,-0.017073429337825997,0.1294656947573732,0.4503698374017929,0.1484829888175804,0.14748384703025366,0.3102299924528278,0.0,0.22667981725450348,0.34415665628639347,0.0,0.16765641509397936,0.2209179201060482,0.40953918998918837,0.35662333757289083,0.0,0.2222590282017574,0.4332794798883321,0.1354441308748022,0.00355109119912915,0.16343387378307234,0.32183885859450584,0.23505886417414212,0.041295450289743144,0.3483498068842275,0.13142928573786408,0.2073048297025523,0.204790094945352
-0.09222675493320563,-0.027196928401576406,-0.009496233437097434,-0.10928537533313518,-0.07778350739831769,0.04113901990085723,-0.07393922854402836,-0.09298382732014185,-0.1838722985362488,0.00797491769075949,-0.08455410401237938,-0.006250789135326451,-0.08136309127108171,-0.13061573596940707,0.08585505459681586,0.03175546058988733,0.4968562463007253,0.045427819804375054,-0.08880928102429721,0.0779693745829159,0.10967112558083632,-0.025984386535471513,-0.11130042357379137,-0.16597625567087357,-0.010862597887169551,0.08104495183506266,0.0,-0.07679969728955804,0.053827300765867156,-0.04014291377171181,-0.020889145361385236,-0.05886239492096083,-0.014028910767761065,-0.05653290114436317,-0.03372727041743562,-0.14034934012795303,-0.1916181204794864,0.11573512801684442,0.009973177704774919,0.01161481116541593,0.1859629341092704,-0.18273525650087286,0.2520817111772778,0.239974345610678,0.14414631011506698,0.16632818902862845,0.06822985022847528,0.01992569828190801,0.19012401877249563,0.030098622464966862,-0.13312752126968289,-0.059507846119788446,0.04701274056001539,0.08094701667457843,0.3244602132197844,0.10599804162650922,0.0806890425832062,0.010238372892046876,0.40499646791243893,0.053274636965708576,0.12436399420373531,0.0,0.597605868392911,0.17310760689141216,0.10225310473060584,0.22562288218543683,0.05792268057607389,-0.05441640150741755,0.0,0.4110927728199553,-0.008537455750965955,-0.04358619267268204,0.04598902431499747,0.020713240044372708,0.06921609934617313,-0.011039306461114763
0.23610881480866597,0.044234424915432974,0.0037770297828366786,0.2385525959391969,-0.06821117246941405,0.05351025720678131,0.03196457449966923,-0.09620171445904475,0.15436142930592986,0.20243890195660683,-0.05392570802407676,0.14486875652382247,0.11801620999950437,0.23166749463262087,0.012287641857798445,0.06707258780967155,0.29245945747311153,0.07435127300265333,0.07953622567486618,-0.07759945646876223,-0.026602189097406075,0.049791279634563854,-0.09325917847849881,0.023858128901630103,0.14506232405944416,0.16522094988409056,-0.07679969728955804,0.0,0.12736469057110708,0.04870276548292514,-0.018850106708439496,0.2167513583950178,0.05802151393956714,-0.00392300149814229,0.6343018567337905,0.2822032694789366,0.16862571089734613,0.23468599437136753,-0.03592076296341075,0.06181571815133663,0.0822723266075126,-0.009283467205361922,-0.11868607137801411,-0.4224839338118689,0.23844994008347312,0.2494807954487678,0.2903717424739435,0.13287806964788812,0.0,0.21384294008274196,-0.11365683420600567,-0.10114836707432602,0.002786318676658947,0.19216630621356448,0.3878412765918255,0.11244638800301242,0.15200822565847125,0.03499807686621013,0.16492779938434401,0.12359545294874351,-0.034445031287880276,0.0650912859763103,0.18791703360030415,0.20106426831797652,0.11486339166993483,0.25934501811386224,0.2931030834672233,-0.0038753394543924596,0.3033322401376086,0.5594038703610623,0.24129454714942902,-0.005817438834703648,0.20408895690491297,0.05357041245139493,0.1349690376406299,0.021999014050687642
