0.0,0.04138123419039186,-0.0014528478126749067,0.0,0.0004706608062355344,0.025090254048140415,0.04906614321984876,0.021088862219057813,7.556707549155606e-05,0.011904800397592064,0.00019541843507264733,-0.01726392771082741,0.0478283893752694,0.021578699427823422,0.048672172152256776,0.04585031177861287,0.0006195622829295866,0.038074503488492784,0.0,0.04157926808570456,0.026621483333513274,0.04784214083933097,0.032564612545918914,-0.015449871725787823,0.027253213387561426,0.014065584408341492,0.02301548971212458,0.057548937571516745,0.04107112538584168,0.0015707922393718987,0.024110538067947995,0.025731014389543505,0.03329759399076693,0.03330743465373026,0.050839859660951836,0.0512488584325716,0.00039912901076827323,0.011129940235734215,0.04279934947384695,0.046671450909494316,0.04005510755460212,0.0015190879894331766,-4.146075706590313e-06,0.0,-0.0006901766206284798,-0.006554198856858762,0.05094836551514864,0.0,0.0,0.0,0.03283722918761589,1.1102230246251565e-16,-0.0015674645159909906,0.0,-0.0023009175444638763,0.0,-0.0006338324243662652,-2.1256776304323655e-05,0.0,0.00036796118019782886,0.041153982982766235,-0.001879631761883327,0.03936334751730142,0.0,0.06316702589613138,0.005033869867610841,0.03329305798232379,0.000690829006006366,-0.011869235924694188,0.04711166642424092,0.036339870074379055,0.06355298047259655,-0.00023662038007032926,0.045874422912555946,0.0,0.03556312534317835
0.04138123419039186,0.0,0.0009642939209961177,-0.00014844164079241828,0.05055758550757067,0.026886027370159438,0.040952647279271726,0.016142268750007016,0.025403720451620704,-0.0009966056501627407,-0.00027022245401214784,-0.0019573465444798765,0.029008720258695164,-0.0002984395552169117,0.035529239695544224,0.022449393209182877,0.0024592424486339914,0.00770741509240197,0.0012677396503710248,0.029926418250739717,0.030422413427141637,0.02795708771034111,0.04244496819114019,-0.0013192357331969773,0.005565643094152695,0.0019040722940423804,0.034998192516704496,0.00830842217684613,0.014420538754972068,-0.0021953278964191303,0.008009626251084534,0.008244856948888213,0.013018171016674296,0.0099822545157226,0.021724566815401525,-0.003000782568173044,-0.00025262037260764814,0.0,0.03692750994497668,0.050277382459045394,0.03605919801532387,0.04757136804758039,0.0007551800348767346,0.0,2.220446049250313e-16,0.025173918228986403,0.0422501707096099,-7.407513849810865e-06,0.0,0.0,0.022430759927665356,0.03501879527355073,0.0006729305622052428,0.00018944373757967536,0.0007281383757009596,0.0,-0.00047642186307367274,0.0035375615947519368,0.0,0.03639345979703307,0.034712577870941674,0.0021582149728111566,0.031110762841168704,0.0,0.05147507996761169,0.029206813014316657,0.037934216502742646,0.04094653779533236,-0.001286221157196732,0.04110406332764743,0.03899925172962049,0.04046770462342664,0.05346286513627063,0.030437364498626718,-1.1102230246251565e-16,0.029929905506701604
-0.0014528478126749067,0.0009642939209961177,0.0,0.03563643824839413,0.020755246867324828,0.04547643106530552,0.058909499403516585,0.029423134471862067,0.014939200962585164,0.053687515205116665,0.04515059137010424,0.04411957058593624,0.06673566427135053,0.026874817641979576,-0.0009562855535817927,-0.00023035810464355766,-0.00020384641676013393,0.051136228828212504,0.012451710276012606,0.13501520769483077,-0.0033413104609784083,0.0015390066266115499,0.04466049175507031,0.04664629120384439,-0.003011222184851947,0.06117195744292153,0.029094353921315597,0.06311263197045319,0.07763689288553322,0.0007445151847121356,0.06001664429228065,0.0551226351458981,0.05006771802597604,0.05603277021649267,0.03802324275012786,0.05319366829356742,0.05633876506389929,0.05199260847248316,0.045737263092607394,8.491343839178711e-08,-0.08563974445763373,0.0010018777933893386,0.03777477719177019,0.002348564007095766,0.0,0.0,-0.0003347309371765639,0.15320188489716868,-9.31219686028939e-07,0.031963070101451496,0.05567779318864052,0.04683775825132008,0.041094645787335016,0.05922229236313081,0.0004794657416136716,0.12044260837170223,-0.0012783167066925394,0.05081296187690687,0.036232334158580404,-0.00031316347107324116,0.0,0.0,0.0,0.20664950430770807,-0.00017359729587690387,-0.00041137223590081984,-0.0005076565462367455,0.04297610590089784,0.0,0.00014620455525249376,-0.001207951838106014,0.058663483555164486,0.047832682656932746,0.000665166687307428,0.0008394271318119539,-0.007136893222142948
0.0,-0.00014844164079241828,0.03563643824839413,0.0,0.01561040591656937,0.04883115279300676,0.023541404161820656,0.05731166413781713,0.028822976079542706,0.021652548467723298,0.012494029771923154,-0.006406950337032924,0.02853399952042196,0.04112874948880879,-0.00040436412983924086,-8.988532449855091e-05,0.0001754763497148759,-4.240484859696636e-06,-0.0018743937866656513,0.001459319560008665,0.0002355684393234303,-0.0025579342462692667,0.024781127448660623,0.017540589199869616,0.0005844192596545783,0.0017454843997316005,0.041651185345886355,0.030028480232612842,-3.515764896688811e-05,0.00010811485607470361,0.0862419810851971,0.024001578981194593,-0.03564099816094901,0.03884917044076519,0.0026632573123764325,0.0620095570364744,0.010408764353836614,0.020361846691926144,0.008004009166375448,-0.00021151198727531462,-0.00023412412486423229,-0.0028127969804277453,-0.0018612575519125762,-0.0013093149742514631,0.0,0.0,0.0,-0.0006225628567690933,0.0,0.0,0.00031490443010817604,2.220446049250313e-16,9.704914263108932e-06,-0.0004233652455473136,5.551115123125783e-17,-0.0009739217835729175,0.007031360563257261,-0.00030020587348428274,0.0,0.0,0.0,0.0,0.0,0.0,0.0,0.0,8.556815465021739e-06,-1.7391119911502884e-05,0.0,0.0,0.0,0.06978090026277456,0.0015732028035610468,-0.00013534966491896006,0.0,0.0
0.0004706608062355344,0.05055758550757067,0.020755246867324828,0.01561040591656937,0.0,0.04479761195230231,-0.0025607519675516777,0.04315409155224581,0.031063376100047224,0.03953004781065855,0.022040782310630724,-0.02792501730219682,0.05275703384983371,0.03926102201140991,-0.0004835538733531375,0.045235412750931236,-0.0006544053926926252,0.036248460756146905,0.014256310388098548,0.05245146641120774,-0.0018209074201624986,0.04628690274488606,0.0541875454450817,-0.0011508597363475426,0.03937931544432177,0.040582922483025974,0.041004854129503665,-0.017716578453395415,0.05613793887193663,-0.0009067631172279822,0.0624694607233095,0.049771944379765065,0.03965235852958898,0.05869295543828851,0.04920972358414383,0.03400707612486803,-0.057562780619716036,0.0531895276383102,0.0650347271685206,-0.06385138537270757,-0.05849375745577873,0.0006224137863701795,0.07242603445235646,0.0019331876995611341,-0.00035025744268168957,1.1102230246251565e-16,-0.0001598512409069497,0.0557303242900371,0.0,0.032218433344715525,0.06469762525017264,0.051863174326843064,0.0615464822527208,0.061243292349944634,5.551115123125783e-17,0.0909807261293496,-8.389097756644759e-05,0.06135400828229437,0.08417912544077955,-0.000302614673774515,-2.3714570412280978e-05,0.0,-5.551115123125783e-17,0.05488145422377422,0.0386374090921941,0.0001604401068815986,-0.00040231370789889365,0.05241885690177328,0.0,2.7224273571602176e-06,0.000668870236879282,0.06511818872558073,0.04444636433640775,-0.0027263785454174627,1.1102230246251565e-16,-0.0007155108487832962
0.025090254048140415,0.026886027370159438,0.04547643106530552,0.04883115279300676,0.04479761195230231,0.0,0.039248416604396874,0.04261992087235156,0.028754680511017594,0.04672898311302637,0.06350375693366583,0.042730110510791175,0.012977146743082812,0.0352198902033663,0.04530559610886187,0.026264356546480405,0.022464492836689,0.01563311001101575,0.08851432893082856,0.02819158134517541,0.03631524868430086,0.017465900221445174,0.03921979249278129,0.014325203377834106,0.024752888198072975,0.021288345063303238,0.033631706371525905,0.03773599182818127,0.028943926145745424,0.034750198926773446,0.020453622413776462,0.04454786372772107,0.042303487860349875,0.03192092966290183,0.01906554446652703,0.03464659063409531,0.0409338237938871,0.046427238771787005,0.03836038725084323,-0.0025277891776188666,0.03977352931272804,-0.0088521762629446,0.05919973633602499,0.0868288827661825,-0.0018632723582758248,0.001315568548272028,0.03516343386043358,0.06141607416206374,-0.0005070709029296183,0.0513748276565531,0.07371491637864214,0.05888644023650891,0.060372149879937,0.06203652527851489,0.0030088390410338284,0.07497107244407941,-0.0015854864261441448,0.059894781007317266,-0.002605832558735144,0.05204315492015038,0.03522360379857098,0.0,0.042109608039964164,0.056306467301965646,0.052092187136832335,-0.004892949505495792,0.04048251914026829,0.047978552367131,5.781213561156795e-05,0.04038293468098053,0.027663399783665832,0.06517879060075316,0.05824995583111947,0.052256156986814684,-0.003407043684758748,0.06835883187968905
0.04906614321984876,0.040952647279271726,0.058909499403516585,0.023541404161820656,-0.0025607519675516777,0.039248416604396874,0.0,0.050179470536243,0.05938787233160314,0.0005548183786630578,0.05275184634369057,-0.013998432173467301,0.03421238181250652,0.030112881035313566,-0.0005827929601103787,0.03813452242551063,0.012356637889383848,0.028257599390500876,0.05595001900768409,0.040062667816774866,0.04912853951568863,0.030300044298094853,0.050043684969168944,-0.04143077652165633,0.02860353753661249,0.039468011814600634,0.0496881237890352,0.03084463076205951,0.04262966042972888,0.052610422301830384,0.02989795376821902,0.02426713820206622,-0.016449824417207937,-0.004650625177934742,-0.017322013102281597,0.019810689599701004,-0.017434927986121784,-0.008671152838873541,0.011057803490880425,-0.03542890044466357,-0.02910988387873431,-0.06014412850972606,0.06731787845654902,0.004067618558337371,-0.001089064176491572,0.0,0.04234079198093654,0.06267066191669668,0.0,0.04853858028818814,0.06342959671164339,0.06632673891486418,0.06156660179415202,0.06667894025140064,0.00032531147062458965,0.07961471930127761,0.00037605573167559525,0.06442750096955818,0.06880285285697124,0.08690829351101542,0.0009480824235758023,0.0,2.433146930974628e-05,0.05259005706556097,0.056236906289594824,0.0006306438371930789,0.053414952683976,0.05198247113125132,1.3081797160807707e-05,0.04186839891842442,0.0362922599454471,0.06361496387504861,0.06786383048345046,0.05089116426861462,0.0009435876688883571,0.05539325308735665
0.021088862219057813,0.016142268750007016,0.029423134471862067,0.05731166413781713,0.04315409155224581,0.04261992087235156,0.050179470536243,0.0,0.03601934128694262,0.0531595305479321,0.013191147414366333,0.0218310927962595,0.05310263034787821,-0.013245595351519979,0.03145235701972021,0.039042335017700325,-0.00032817489974112934,0.026226987815690495,0.003433977601678073,0.04490602145823486,0.0021070118345563604,0.01801090650206072,0.0006669425322431421,0.00326244099513473,0.017424940152274082,0.017802706331326745,0.057328319437098596,0.03900714405750172,0.02284516311078527,0.05613322388515751,0.04049967148851319,0.021619373527561325,-0.0012330233592223738,0.0371722161587042,0.012129103007338327,0.056107665440350174,-0.030378364857541584,0.059611690300611586,0.051133221938109985,-0.001422620672021091,0.0408786524863316,-0.004537998339046445,0.0007822880467477922,-0.0014780617072546187,0.0,-0.0001607860982266729,-0.001955258434933438,0.03841484275164375,0.0,0.0027428683261296327,0.058388484874788704,0.042571878181240086,0.023584714007596486,0.0547852928364031,0.0005669208472708909,0.052051502015123485,0.00012343350386861962,0.04905715197156818,0.05164369062282431,0.05473093367835857,-0.00022956865827189477,0.0,-0.00013750624247532706,0.016830243252841215,0.053525356488916265,-0.009722858838042858,-0.0032804022698681434,0.020127912621416166,-5.551115123125783e-17,-0.0001534539690360437,-0.004513787472704256,0.05233160803100323,0.05267341143001636,0.05130596962863493,0.0009083571001332613,0.053357248762037846
7.556707549155606e-05,0.025403720451620704,0.014939200962585164,0.028822976079542706,0.031063376100047224,0.028754680511017594,0.05938787233160314,0.03601934128694262,0.0,0.056622803408249656,0.016787324240104373,0.049195966169075234,0.05335223921480897,0.021478115474198478,9.310901627257451e-05,0.037146043204182355,0.045049157031394005,0.05523212139251876,-0.017231924314647207,0.05004663263342579,-0.0014151396126222404,0.02132694557397996,0.049561481906476024,0.03269596664636787,0.06766826476515031,0.0716003329135747,0.03357861693722647,0.06887577330231487,0.027967663484222083,0.06116453606599176,0.07262383239273029,0.0660489903939861,0.041105461901228046,0.06289156602397472,0.0594737796304462,0.03021464259180212,0.0502355817692835,0.051786787223062625,0.05684003522289033,0.0006278623151493856,0.011661767399006262,0.03017924737167721,0.04368911308529555,0.05068556903915589,-0.0019343980159911567,-5.551115123125783e-17,0.0010841013328145022,0.054280879043030916,4.473623035905483e-07,0.039546254791223534,0.07393554332518637,0.058084857447735394,0.07393686943982936,0.05274334230537936,-0.0014512853845933815,0.06587860099998488,0.0365420681630112,0.06727844939222194,0.017685816541126553,-0.00011908861305387486,0.00041653518927015076,0.0,0.0,0.048535360350624224,0.05656869687852384,0.0011910297212454624,0.000633897486784829,0.0514123510158383,-9.083266158760317e-05,5.7963954840145604e-05,-0.0015662329034133449,0.06618953959681873,0.06968064591532563,0.027597924382480155,7.03314640356778e-05,0.06122993499674778
0.011904800397592064,-0.0009966056501627407,0.053687515205116665,0.021652548467723298,0.03953004781065855,0.04672898311302637,0.0005548183786630578,0.0531595305479321,0.056622803408249656,0.0,0.044923615449598164,0.016793177542517135,0.0039778683830794526,0.009542101749092924,-0.0014747382452293678,0.05489764219910376,0.03099612029822496,0.010982196823840551,0.043839811932041894,0.024180809887657917,-8.660564708828922e-05,0.04000271081118356,0.050499966389709716,0.039147047339825713,0.007416051387841127,-0.007183779801727019,0.04682175243786091,0.013506466634508385,-0.0019055082591926675,6.208484826375482e-05,0.024165415794602796,0.04462384699090344,0.03159028012509485,0.06565448478017316,0.06601572427916375,0.0044470817324357426,-0.059174636139407655,0.0684889332643685,0.04866180519843111,0.0649293204994682,0.08698341173788587,-0.002501420373337171,-0.008255182476439138,-0.0009984110466829677,0.0973155224447581,-0.002550460829573331,-0.0001421927492199493,-0.0005625477425290626,2.5401851331263714e-06,0.00035730127305622084,0.0017494743037800298,0.00010297527658981176,2.819744079168851e-05,-0.0019156469236560891,0.05652542647897546,0.00036222099249177964,0.04241665001809353,0.0012471908803267096,0.0,0.0008678453460414515,0.0007594616143594135,0.061926725551687656,0.08211771028564907,-8.349721645761754e-07,1.3566187757385606e-05,0.0005748490247097782,-0.0017788288704251864,-0.0011276755991312393,0.030308465633821613,0.057595843762455357,0.04568998741515595,0.0006328941943145594,0.043808809481116984,-0.0010960499089924802,-5.551115123125783e-17,0.06291569950496351
0.00019541843507264733,-0.00027022245401214784,0.04515059137010424,0.012494029771923154,0.022040782310630724,0.06350375693366583,0.05275184634369057,0.013191147414366333,0.016787324240104373,0.044923615449598164,0.0,0.04523577165150916,0.06586914729887855,0.016966051050786357,0.0,0.00011597778729266484,-0.0013327064689732104,0.04554908772472377,0.014099129026756085,-5.086163613043926e-05,-0.00014429364787260646,0.0001728054198161244,0.05737169062448688,0.03149115096955385,0.02804109791930043,0.046711927808953335,0.029387559329827895,0.06120722542746543,-0.0018126109573325944,0.0003874285082783868,0.05428835625953787,0.04913021427702291,0.02824641232080438,0.05316555451999916,0.050983489838559604,0.05749371554227434,0.05459663260205422,0.04681741814905194,0.10508378930514933,0.0005911089637652966,0.035719495569619564,-0.0006912585799554449,0.09832644096622944,-0.00021765278922730724,-0.0006219503402035143,0.0,1.1102230246251565e-16,0.11774387537295294,8.662625261557366e-08,0.06224847601348027,0.08791790155495904,0.0812949412959682,0.07024931669307394,0.07018657099619607,-0.00041340978650888927,0.04255804161625859,-0.0008861195967281854,0.08457641586521569,0.10681990767930022,5.551115123125783e-17,0.0,0.0,0.0,0.05534587405497682,0.05840194680972277,0.0,-6.24009070536169e-05,0.06965253858976328,5.551115123125783e-17,0.0,1.2652028698989515e-05,0.07871638050785634,0.06914096870988962,-0.000877844182374854,0.0,0.09315467097192615
-0.01726392771082741,-0.0019573465444798765,0.04411957058593624,-0.006406950337032924,-0.02792501730219682,0.042730110510791175,-0.013998432173467301,0.0218310927962595,0.049195966169075234,0.016793177542517135,0.04523577165150916,0.0,-0.0051183969435876775,0.005556335699877013,-0.00034189189460043234,0.0006255851271392832,0.021589502508213343,0.035855650894383806,0.043533602688660133,0.023310787429978053,0.047780128011208345,0.040886635321379206,0.03279022364840023,0.009518191938943932,-0.007558180474862064,0.0075371824466684,0.04372334011625445,0.005264455618555652,0.0032084946670011827,-0.001246690838492437,0.03530769941368561,0.03630860588299201,0.0543466911081435,0.029595951463346315,0.03915765677734373,0.013324604826793707,-0.021438956981539525,0.06519366170891128,-0.009696736824453212,0.06857477716056826,0.013677044810064487,-0.003197991331824801,-0.001113845736361252,0.0011293715487120104,0.08985657887307036,0.017276595245640847,0.00140089623465528,-0.0005198012367896299,-0.0006954045231911399,8.841726073777201e-05,-0.000535136877870046,0.02299813193490524,-0.0003763547262150002,-0.0001394837361847201,0.04805846364854133,-0.0010704070454403136,0.030858387143564536,0.06735457840576936,0.0002788337744700775,0.00010918720317709685,0.07231007904418807,0.05308447808210087,0.0626606590295799,-0.0004297256749125622,0.0004147866995238281,0.001442750903555945,-0.0002952558687801532,0.08050544549925726,0.02590093765314927,0.04093362822814017,0.03615617622656342,0.09126940512678577,-0.021856110839360288,1.7732512082480056e-05,0.0,0.059250996165772785
0.0478283893752694,0.029008720258695164,0.06673566427135053,0.02853399952042196,0.05275703384983371,0.012977146743082812,0.03421238181250652,0.05310263034787821,0.05335223921480897,0.0039778683830794526,0.06586914729887855,-0.0051183969435876775,0.0,0.0235355633229255,0.041720036162425256,0.0304081024499957,0.013260584276815313,0.02418455347985382,0.06479620713351691,0.022158962224439804,0.047351971553753314,0.01645309705787046,0.052851832865282555,-0.008678681067224692,0.017796500966412276,0.027439523559410817,0.059864055284927054,0.005106100368464261,0.010799032383249585,0.03176824135498307,0.02712097409904357,0.030399400922147712,-0.0026731745559716025,0.003059309928782006,-0.006399989565656905,0.024822375793976392,-0.005252462312263839,-6.052647279908285e-05,0.016137473167990635,-0.041495566410092,0.020334745589762837,-0.02937414532581145,0.0803558856199102,0.0050654416126643675,-0.005372487416217597,0.000646871512117897,0.04446203292831857,0.062487923991484506,0.0,0.055180056736901406,0.07048874225349744,0.0750231313808396,0.0605706626472291,0.07564417850983352,0.0008207740579172507,0.07559182509530199,-0.03316987839453939,0.06973003290052665,-4.7075417311248646e-05,0.07291011264491348,0.026298696048731085,-0.0002855226978906722,0.001747793580560042,0.058652740170261564,0.06874064578829847,0.06661264539097622,0.04834150540750187,0.053525907081742985,-0.06521406212202246,0.036075737612615955,0.03015965764924683,0.06398616947015545,0.06846766121438275,0.04955994120346158,0.057011165624703763,0.06712210623720327
0.021578699427823422,-0.0002984395552169117,0.026874817641979576,0.04112874948880879,0.03926102201140991,0.0352198902033663,0.030112881035313566,-0.013245595351519979,0.021478115474198478,0.009542101749092924,0.016966051050786357,0.005556335699877013,0.0235355633229255,0.0,-0.00017498384495640007,-0.0004170259828046863,-1.164005326820261e-05,9.813912090922416e-05,0.008534553572257297,-0.0004941905801509883,0.023263129966087648,-0.0005607501535421222,0.02531759120431476,0.002223557825719258,-0.00023041855047767346,0.019927003344567318,0.032687175431961646,0.030450965153034137,0.00013789422909477045,-0.00013614123522548427,0.07964337884058198,0.027888813784614164,-0.0031803585767842812,0.06032121798963641,-0.002109619192567469,0.07059295466830848,0.050995542855568315,-3.7648299208159486e-05,0.07914002156431177,0.0,0.0006151556888384091,0.0009090948729423842,0.07586941933898422,-2.493535605774255e-07,0.0,0.0,0.0,0.060133829613498224,0.0,0.09570927524893702,0.09843572867066475,0.060658787312995566,0.04215028205990795,0.061038844004658865,0.0,0.06485175572292606,-0.00016125324264459895,0.0016383832377043772,0.04904115940646253,1.1102230246251565e-16,0.0,0.0,0.0,0.06838967726445883,0.0,-1.1102230246251565e-16,0.0,0.048407079610045645,0.0,0.0,5.551115123125783e-17,0.08990757910061042,0.00031742631303449675,1.1102230246251565e-16,0.0,5.551115123125783e-17
0.048672172152256776,0.035529239695544224,-0.0009562855535817927,-0.00040436412983924086,-0.0004835538733531375,0.04530559610886187,-0.0005827929601103787,0.03145235701972021,9.310901627257451e-05,-0.0014747382452293678,0.0,-0.00034189189460043234,0.041720036162425256,-0.00017498384495640007,0.0,0.043874303611205034,-0.0016651873956816665,0.0340497938156048,-1.1102230246251565e-16,0.049582315707732194,0.033707665129742936,-0.011565238376091413,-0.006222987165674876,0.03939916770059815,0.04675439771526718,0.013914782815608151,0.02975951150604106,0.04960833156693112,0.038583221288310265,0.07820478658708446,0.03929058137050917,0.02820787501048344,0.05040518118676046,0.03699252159662586,0.026577504373434313,0.011998147272473059,-0.0022841344417428577,9.00783395471616e-05,0.01748696577124631,0.0007261869756081119,0.01819024547269471,0.03338901723076626,0.0562063753621454,0.00032502378137927446,0.0,-6.198462352080547e-05,0.049035286256565,0.00030776279084571145,0.0,0.0,0.0752871945091787,0.0020020947445281156,0.06742923401633605,0.0004953281264548637,-5.551115123125783e-17,0.0,0.02885138501721818,0.06835491056654508,-0.008585698208699366,-0.01253029845685033,0.042524508063287114,0.00030100632674229244,0.05009597547483752,0.0,0.027425089266060187,0.030216904156788627,0.01599506752541785,0.06008485119858076,-6.649768054795002e-05,0.0473291217018616,0.010360935599407317,0.07467587101754747,0.06700426815307109,0.06247443850112211,0.06369777063121757,0.024041774001420713
0.04585031177861287,0.022449393209182877,-0.00023035810464355766,-8.988532449855091e-05,0.045235412750931236,0.026264356546480405,0.03813452242551063,0.039042335017700325,0.037146043204182355,0.05489764219910376,0.00011597778729266484,0.0006255851271392832,0.0304081024499957,-0.0004170259828046863,0.043874303611205034,0.0,0.03652088768018574,0.04295394087970944,-0.00015230014868189423,0.04301370836369611,0.044677261294806814,0.0254489977257924,0.05731666067078095,0.035521054552254405,0.020343141021337607,0.041550817509877325,0.04106448972407839,0.031157523718913893,0.028887002554857044,0.010220175774932394,-0.0023548624789534456,0.01745595835830449,0.03907494681325835,0.03144926200176096,0.04566319399780894,0.001205196338132708,-0.0002861811158309524,0.0017858216399162519,0.05494480303919491,0.07349986638818728,0.04909410610155773,0.06341350509848503,1.8516053337247484e-06,0.0,0.0,0.038636126227684975,0.056543800138922795,0.0,0.0,0.0,0.04774442000621054,0.0005725850230533513,0.00039681938788876936,0.0,-0.0017877865576957919,0.0,-0.0018250126037132053,0.00119655431275012,0.0,0.044633546656812406,0.04836702800988241,0.0005047352187991239,0.053611749353186355,0.0,0.06302006284357764,0.0003291928970912128,0.04393312764127555,0.06504387910428217,0.050594567059559614,0.055966380626825574,0.046252749053819375,0.05188222650367397,0.06661255078658912,0.04273444885497385,-1.1102230246251565e-16,0.04407113402222751
0.0006195622829295866,0.0024592424486339914,-0.00020384641676013393,0.0001754763497148759,-0.0006544053926926252,0.022464492836689,0.012356637889383848,-0.00032817489974112934,0.045049157031394005,0.03099612029822496,-0.0013327064689732104,0.021589502508213343,0.013260584276815313,-1.164005326820261e-05,-0.0016651873956816665,0.03652088768018574,0.0,0.029369872782040896,0.03995856429261374,-0.012282204682288078,-0.0004913129196701393,0.015330541659855812,0.03227830785181285,0.025896348259479507,0.020830448017413072,0.03825128817870577,-0.00035728758176001296,0.007965315857814681,-0.002858587599464668,-0.0014223834403920277,0.02551520979868027,0.019840259370186297,0.012512251939755525,0.03987198725949537,0.04156624105323253,-0.0012583291085084825,-0.00034684301885762325,0.05018673178558586,0.020622733234430146,0.06220234834352112,0.040350140309965254,0.0005630422875024799,-5.551115123125783e-17,0.0,0.06109208687199741,-0.0005838699327515573,0.0001407143513829645,0.0,0.0,0.0,0.0,0.0,0.0,0.0,0.05317717115508319,0.0,0.04207217361506438,-0.00099308712924856,0.0,0.00017667424713241342,0.08584121241708403,0.06375035683517222,0.07835324218948803,0.0,1.1102230246251565e-16,0.0,0.00025748077222992327,0.0,0.05591493604732628,0.06438807058395918,0.055994830124360406,0.0,-0.0014241216777026722,1.115882622654274e-05,0.0,0.04661303846059478
0.038074503488492784,0.00770741509240197,0.051136228828212504,-4.240484859696636e-06,0.036248460756146905,0.01563311001101575,0.028257599390500876,0.026226987815690495,0.05523212139251876,0.010982196823840551,0.04554908772472377,0.035855650894383806,0.02418455347985382,9.813912090922416e-05,0.0340497938156048,0.04295394087970944,0.029369872782040896,0.0,0.023807056167498952,0.011112306289549956,0.0172238672554772,0.014121852036887983,0.03523606857481454,0.02408258560258253,0.018672667210649696,0.025207538730550372,0.031699767503102105,0.010866370524493907,0.01794778824222565,0.049261896423018814,0.012175075849904904,0.024861774372616885,0.028285198427090985,0.030521199704211077,0.039733709566906916,-0.000594577623206527,-0.00034348104698112003,0.04022223547773657,0.048005932134826956,0.050192644041363255,0.057991873138463323,0.06562922657607068,0.0,0.0,0.0013931249949633018,0.027759145432681598,0.051714237599296387,0.0,0.0,0.0,-0.0009087912654748842,0.00013487347833363028,-5.5610918563486766e-05,0.0,0.05729391697642583,0.0,0.04184870737071944,-0.0001304517370678826,0.0,0.041593212321862305,0.04994591474237586,0.06464091931179528,0.0668873940695407,0.0,0.07206536069848407,0.00142406173019749,0.05380544780276025,0.001519373239029287,0.03768078729584545,0.06065749698277145,0.05321490749573371,0.024864791277081577,0.001208909908152811,0.04139626047324163,0.0,0.056640823164326726
0.0,0.0012677396503710248,0.012451710276012606,-0.0018743937866656513,0.014256310388098548,0.08851432893082856,0.05595001900768409,0.003433977601678073,-0.017231924314647207,0.043839811932041894,0.014099129026756085,0.043533602688660133,0.06479620713351691,0.008534553572257297,-1.1102230246251565e-16,-0.00015230014868189423,0.03995856429261374,0.023807056167498952,0.0,0.000394566324372958,-0.000371102953075908,0.001268221393564306,0.07291056470845253,-0.00025995331162798063,-0.0012962457209782507,0.04449750530518293,0.014574011055943248,0.05598882528411503,-0.0003279174364184123,0.0006258681585185055,0.05804965577292459,0.06193487135766523,0.027181829493244936,0.045573957305223955,0.0334114306299636,0.03566897363299709,0.07936706362886026,0.027348738456608235,0.05107391681314477,-4.722744997076589e-05,-0.013049069768432564,-0.002404453611759394,0.06602915787824853,-0.0017126478665297484,-0.00016194019118198621,0.0,0.0,0.07960353708912793,-5.551115123125783e-17,0.008794876376006178,0.048688896366399725,0.037875238413010104,0.03916799229721568,0.0476325485343011,4.2989823556549567e-07,-0.07174788233537488,0.03423503382202869,0.06240576870674508,0.055139504000413564,2.220446049250313e-16,0.0,0.0,0.0,0.04998435953777225,9.605587287353501e-06,0.0,0.00010470036628767998,0.04104865474649155,0.0,0.0,-5.551115123125783e-17,0.06439148707466336,0.026008425938319646,0.027924774755850423,3.311582175047345e-05,0.0007002347757726346
0.04157926808570456,0.029926418250739717,0.13501520769483077,0.001459319560008665,0.05245146641120774,0.02819158134517541,0.040062667816774866,0.04490602145823486,0.05004663263342579,0.024180809887657917,-5.086163613043926e-05,0.023310787429978053,0.022158962224439804,-0.0004941905801509883,0.049582315707732194,0.04301370836369611,-0.012282204682288078,0.011112306289549956,0.000394566324372958,0.0,0.04907857655885178,0.019697074497216527,0.03582015454317272,0.05523400117967031,0.01832794250752018,0.03287010114304206,0.06992380338059628,0.0019229852109660106,0.016690331333002517,0.014489024057791788,0.04807230883947161,0.021738302472819215,0.023182929177542,0.04406161109112322,0.02003916870100858,0.01689189909519484,0.009341596650705053,0.005196913861607644,0.07207457933461464,0.059911324944361743,0.065731997151326,0.0529053504190361,0.05734553552157834,0.10997966244533691,0.07088877220464618,-0.0009092317812572914,0.050222119164627044,-0.0005121039989192666,0.0,0.0,0.0682801206638034,0.061508077607721146,0.07052795764151537,-0.001228391794986905,0.0007207644544170444,1.1102230246251565e-16,0.00329761950806845,0.07218448697842572,-1.1102230246251565e-16,0.05847048248849429,0.05546478113588982,-2.945504475937444e-06,0.05122513691593705,0.0,0.07108998827803498,0.0617258574541647,0.04087116722443468,0.07102533429826463,0.0,0.048981257674968415,0.0320972459166996,0.07932900264281395,0.06912723151188732,0.06601954894219347,0.06627960111831271,0.05986979882535415
0.026621483333513274,0.030422413427141637,-0.0033413104609784083,0.0002355684393234303,-0.0018209074201624986,0.03631524868430086,0.04912853951568863,0.0021070118345563604,-0.0014151396126222404,-8.660564708828922e-05,-0.00014429364787260646,0.047780128011208345,0.047351971553753314,0.023263129966087648,0.033707665129742936,0.044677261294806814,-0.0004913129196701393,0.0172238672554772,-0.000371102953075908,0.04907857655885178,0.0,0.034483298990105715,0.026242973267575576,-0.017048996404856243,0.01546621533822995,0.022286865181199822,0.019962208594989872,0.03231003823030887,0.026315657774217793,0.0468677550833021,0.013064079447069166,0.02179172582171557,0.023212641945493273,0.021959754714260316,0.026191454503962097,0.008606501229175001,0.07530794857011264,0.026929369484992305,0.03886350111836778,0.05639373083575272,0.04573643933202737,0.03662264885323663,0.0024112449639749345,0.0,0.0,-0.020280292835870573,0.042743258531840966,0.0017237490007702139,0.0,0.0,-0.0004307552856852581,-7.713005705817233e-05,0.09143115284296055,2.6652624879219822e-05,-0.0005240607709294243,0.0,0.0008062641840443918,0.032150833797717826,5.551115123125783e-17,0.025028409862283774,0.03940052813532069,0.0,0.04722961696457667,0.0,0.04829596235008182,0.021319281489782183,0.03992225237936581,0.03319120390482394,0.0012019193740727685,0.03619679400795006,0.03598747617468956,0.05782741964853211,0.04533663680925648,0.03923100270825597,0.046521529145947094,0.04860285808314613
0.04784214083933097,0.02795708771034111,0.0015390066266115499,-0.0025579342462692667,0.04628690274488606,0.017465900221445174,0.030300044298094853,0.01801090650206072,0.02132694557397996,0.04000271081118356,0.0001728054198161244,0.040886635321379206,0.01645309705787046,-0.0005607501535421222,-0.011565238376091413,0.0254489977257924,0.015330541659855812,0.014121852036887983,0.001268221393564306,0.019697074497216527,0.034483298990105715,0.0,0.005245903681505737,0.0012225782324490897,0.01579758104849993,0.031150575461371177,0.03447393112996233,0.010162594515903067,0.004725428029265177,0.006429677297416669,0.03274887434677737,0.02367518548474945,0.028818206947534564,0.0376588727228262,0.026783552449760217,0.01620941560688538,0.013538454009807688,0.004417581997733455,0.048597986260340675,0.05677716553440587,0.03493127816180963,0.03852595094274336,0.06963436493254427,2.2833708917924245e-05,-0.0003719585336440234,0.02896472053199689,0.041854879101298315,0.0005104322002185691,7.808547929921694e-07,-0.00013899076983042713,0.020915877059699606,0.0026525693613769774,0.07450961808439738,0.0011139337934140126,-0.00011809167928278352,0.0,0.005705254969237572,0.06404184206299851,0.0,0.044783149647152964,0.041095461811868905,-0.0007403258800514623,0.04419421877526697,0.0,0.04410748342020948,0.027395405375668647,0.03857903467876783,0.046647637761513316,0.0016701611620071333,0.04380926971775806,0.03974713884203601,0.05449867037188183,0.055078745450502786,0.05195458469413977,0.052542279086635,0.03098926099073357
0.032564612545918914,0.04244496819114019,0.04466049175507031,0.024781127448660623,0.0541875454450817,0.03921979249278129,0.050043684969168944,0.0006669425322431421,0.049561481906476024,0.050499966389709716,0.05737169062448688,0.03279022364840023,0.052851832865282555,0.02531759120431476,-0.006222987165674876,0.05731666067078095,0.03227830785181285,0.03523606857481454,0.07291056470845253,0.03582015454317272,0.026242973267575576,0.005245903681505737,0.0,0.00931625385061402,0.03631731006031813,0.04105061504677926,0.051203644072576104,0.04400097581785911,0.03386791610276463,0.04782590061717518,0.044088931961544786,0.036255655595048286,0.060714323149912264,0.04607987365864252,0.02725348679577888,0.044197988027608714,0.032253426585115264,0.08324082940481675,0.05011411615972472,-0.014258517228310674,0.053039334754425016,-0.032590264823349924,0.06166386302765059,0.055825011963945737,0.05405876406728122,-0.0004704199470336179,0.052357296035716094,0.07206371524437516,0.03971231023616867,0.02967170386505269,0.06110702393321388,0.047656937404061406,0.039390155389030346,0.045098317026797674,0.0019870024826088017,0.07410172371466611,0.03202681029161031,0.050348882872422784,0.0528408164425353,0.055099045643304145,0.05492821501749373,7.165265391628761e-06,-0.0004646784419998218,0.06157370736467094,0.06404979110274112,0.03098962005527306,0.04658467696510549,0.036486727337765035,-0.0003404340739496803,0.05423562899863449,0.036233173839695154,0.05227661577355902,0.04979898605421551,0.05078793781083085,0.05058701291427903,0.05786706491815896
-0.015449871725787823,-0.0013192357331969773,0.04664629120384439,0.017540589199869616,-0.0011508597363475426,0.014325203377834106,-0.04143077652165633,0.00326244099513473,0.03269596664636787,0.039147047339825713,0.03149115096955385,0.009518191938943932,-0.008678681067224692,0.002223557825719258,0.03939916770059815,0.035521054552254405,0.025896348259479507,0.02408258560258253,-0.00025995331162798063,0.05523400117967031,-0.017048996404856243,0.0012225782324490897,0.00931625385061402,0.0,0.004343031293501443,-0.006654009241367331,-0.01526607109343936,-0.011317047312156825,0.0385256941127467,0.0006711385272059056,0.030681774731538214,0.04254860996982884,0.03982166347652716,0.050441442390638525,0.03844972675469854,-0.049920529908616784,0.03285738044399983,0.04269444188524893,-0.05389307536779181,0.08698598198781243,0.07919495026178353,0.08602428717493171,0.000937978558380459,-0.00013114280856296734,0.11585911833598844,-0.03444989630064943,0.042072424731932956,0.0,-5.551115123125783e-17,-2.830148560434287e-05,9.460059666693832e-05,-0.00019068990626713855,-1.6653345369377348e-16,-0.00034517267426675824,0.05313052546420838,0.0001260064247541881,0.04520116536267488,-0.0019255913524013901,0.0,-0.0006939143465350406,0.04964297050378497,0.04317126016455125,0.04800842154113655,3.448892080593069e-06,-0.00016104607098382795,-9.41333589624116e-05,-0.0030188597088607882,0.0007035337800492258,-0.004046854032433822,0.03634845347442023,0.0299506645502029,0.00040585937650700066,0.0035681093697220723,-0.00016803988267749537,0.0,0.042229996575414375
0.027253213387561426,0.005565643094152695,-0.003011222184851947,0.0005844192596545783,0.03937931544432177,0.024752888198072975,0.02860353753661249,0.017424940152274082,0.06766826476515031,0.007416051387841127,0.02804109791930043,-0.007558180474862064,0.017796500966412276,-0.00023041855047767346,0.04675439771526718,0.020343141021337607,0.020830448017413072,0.018672667210649696,-0.0012962457209782507,0.01832794250752018,0.01546621533822995,0.01579758104849993,0.03631731006031813,0.004343031293501443,0.0,0.0013176568247108,0.028100429681577332,0.008366729870118217,0.006597172432348086,-0.001033103237986388,0.01589611621560255,0.01642971399253934,0.022769360431007746,0.027003874862290556,0.03277077427020947,0.0006193676110678448,0.00032421962239692625,0.05698082893453682,0.04742238456863768,0.051140036921204446,0.05303012377213662,0.05676966547770651,-0.0011057485787517307,-5.551115123125783e-17,0.04028779668613347,0.022019928856907567,0.04259104185466528,5.551115123125783e-17,0.0,2.220446049250313e-16,0.04012023000269366,0.0009170747197714824,0.0012532080641504129,0.0003967224233340505,0.03925600814833469,-0.00021927869359783525,0.03138012672574825,0.03591807795146218,0.0,0.057968657002002544,0.044523618550320665,0.05309883472331117,0.05285662170697508,0.0,0.05956074865915134,0.025376605229142812,0.05773297336304922,0.020894454565004328,0.025674575294783397,0.04921889057376594,0.04345565904121512,0.028255925139124005,0.03621818300750973,0.041461546410336614,0.0,0.039316542266779664
0.014065584408341492,0.0019040722940423804,0.06117195744292153,0.0017454843997316005,0.040582922483025974,0.021288345063303238,0.039468011814600634,0.017802706331326745,0.0716003329135747,-0.007183779801727019,0.046711927808953335,0.0075371824466684,0.027439523559410817,0.019927003344567318,0.013914782815608151,0.041550817509877325,0.03825128817870577,0.025207538730550372,0.04449750530518293,0.03287010114304206,0.022286865181199822,0.031150575461371177,0.04105061504677926,-0.006654009241367331,0.0013176568247108,0.0,0.042363590129436246,0.013995857909936738,0.007114959710510349,0.06209856705173583,0.019565927604487776,0.025896757978009388,0.029158686716479698,0.03072095945378378,0.043435961560564895,0.016637062464615104,0.0012159778030924606,0.025761173652336045,0.042042600334882774,0.03649862395902376,0.038745682474733145,0.03210185397667886,0.19413596464904692,2.0730005826974374e-05,0.036258727600384344,0.019657988411816874,0.04531070719814839,0.0021562394871475488,0.0,-3.829898085422334e-05,0.023326134105803142,0.033472532171570146,0.0009642851325977753,-0.0012722508775379615,0.03165527892291847,0.0,0.024773072293710674,0.001619971143495491,0.0,0.03331692712615808,0.042116342780443294,0.042851495424785446,0.04795570041002567,0.0,0.04336910960648138,0.030699681524549938,0.03596683508478854,0.03168672477855744,0.0148127959014136,0.04187163053283399,0.033663926558340385,0.032542411985063247,0.023596110741068377,0.017589468550812448,-0.00032655674086545794,0.03456736580510533
