0.0,0.48174951333770666,0.10583700101811784,0.0,0.17585180968513953,0.21492510899780312,0.6502725153600853,0.3085889809273726,0.17864141038713818,0.2378798907061681,0.16009712692347275,0.02413772042006465,0.5528689038591572,0.46560315221202514,0.4522982919413024,0.5547183365455508,0.1106910650221128,0.42206111869193325,0.0,0.34354100641076984,0.27198132521879914,0.45695364731120286,0.3089285195894244,0.07347854359895863,0.314399927671773,0.23810979864160026,0.20509269498518573,0.5795942326239526,0.45872560619010727,0.29266497518727674,0.3084299430288174,0.43047153977542885,0.34559689586514036,0.42770070993901116,0.5828498206938342,0.7396748280940041,0.22573339651612714,0.22175482214828132,0.5378717011323645,0.4373097478431493,0.472761162781969,0.1930671779080047,0.21557011778372928,0.0,0.177856857009045,0.060065221853565255,0.5333239861042515,0.0,0.0,0.0,0.46142561268174254,0.0,0.21954828658109754,0.0,0.027958242759199517,0.0,0.1983796321577865,0.2936456714906689,0.0,0.24284219562216955,0.4699419688797704,0.06534544104885448,0.40070081294551785,0.0,0.6052659444826307,0.16123893419032131,0.29956323578248123,0.21516875999705337,0.10135450370070481,0.4604084544694806,0.3851601261939728,0.613091077546939,0.16161612592395963,0.5154931914955153,0.0,0.40200810696479944
0.48174951333770666,0.0,0.15708732762547714,0.11220525679539298,0.4544227491857475,0.26600903674914067,0.3600354737822716,0.28689351857558953,0.2036736179673652,0.12982792390830267,0.13787449138105584,0.14280514667299565,0.2849768017183659,0.25391811252737656,0.3857164175689164,0.3467936421362089,0.20695613591097012,0.213254913963687,0.2236824072105292,0.33844979986115975,0.38307377066176707,0.4233223693683679,0.38943913225945687,0.15740589806721195,0.21758419574003246,0.15202238819752426,0.3604872212341243,0.13276655469133175,0.15562961664389122,0.13120194889061865,0.21833040025247874,0.25891347320341457,0.2106376369003518,0.22982540718768651,0.4118173035174738,0.19906986624577294,0.09106192663937063,0.0,0.5556344943191345,0.7146644191750162,0.4336611358740885,0.727060718185507,0.2530065713436386,0.0,0.0,0.3295462943972315,0.5825286282499025,-0.023681134145091567,0.0,0.0,0.3268533513343091,0.812435563278211,0.23632485553716107,0.19618223416409666,0.22187090988758087,0.0,0.1342187224772185,0.18962392680861898,0.0,0.3532376412635135,0.5382802144711286,0.29195629886414265,0.43681750036454664,0.0,0.7046577613720828,0.34220423922152643,0.5529191722221443,0.3555808588268991,0.14743606496004005,0.48559687225060216,0.4621476611676181,0.4585497063966384,0.7686263604260447,0.43229548310027716,0.0,0.5044733854444314
0.10583700101811784,0.15708732762547714,0.0,0.3074130794644294,0.16928709901136701,0.3487165704454117,0.38384149012142055,0.21583185852344916,0.10540302184623523,0.4815015202294871,0.27581198224384584,0.5323932588134942,0.4647204760691781,0.21992821201285603,0.11704535903160268,0.1377244010800172,0.18276433323163704,0.6055471225862042,0.13104223983161167,0.6796891894885109,0.09073826347906423,0.16076085026916953,0.23204359990067863,0.3641383402972791,0.165188475093625,0.5253124742551099,0.2619475955827246,0.4656053042921224,0.6247721321829794,0.09841813069807537,0.4307603494390028,0.4017824855159935,0.587677317849625,0.41369294911426097,0.33180807610476026,0.39689089301182406,0.3777777472398545,0.6977003131505631,0.35704799320125463,0.20503253854977854,-0.2770633443975967,0.16430715773397686,0.23013152545501656,0.22296929305198515,0.0,0.0,0.05336307539485112,0.38977214117088144,0.1853960934423476,0.22074850077956268,0.36583388699146474,0.33694028925165515,0.2719127016963932,0.34134927038224133,0.16009447029582813,0.3743049850779888,0.16618997984594452,0.3766165178753307,0.23881993308102398,0.10311718722961295,0.0,0.0,0.0,0.3949466407728361,0.2213217577201401,0.1811529362979189,0.016005843155455907,0.2516518109599838,0.0,0.27885987228919473,0.14706598702829252,0.3811432621651729,0.4422717262261016,0.15181936340629998,0.2962120660345893,0.01264914271663168
0.0,0.11220525679539298,0.3074130794644294,0.0,0.18951602497211545,0.4526468048655855,0.33768462184446996,0.4273294971504528,0.2586695838741902,0.11756047530629643,0.12780818612756312,0.08841979209395402,0.33319973546652104,0.4107020523736612,0.26983435460038135,0.048749615017523104,0.18486280421494167,0.2130122249547486,0.05021180014097258,0.18332107190979854,0.2118743677713283,0.1250216771265123,0.34404383593990523,0.1397295918588239,0.3843902386688678,0.3039734790401166,0.46831838792785196,0.3671116788247059,0.08951103758154354,0.22793630358358927,0.5741072852890717,0.32499377864416296,-0.06970445011252237,0.3107343731275848,0.10602954271306772,0.43485717425922027,0.2263528347684347,0.21178561447939237,0.2230278605349689,0.1409996312966984,0.14615899982740604,0.060823532273742445,0.055158337987548246,0.08495923742672373,0.0,0.0,0.0,0.14992866719077663,0.0,0.0,0.2603437714383599,0.0,0.23713889509142047,0.0068681699873321955,0.0,0.05073539295626039,0.4491057761829831,0.19398031212718478,0.0,0.0,0.0,0.0,0.0,0.0,0.0,0.0,0.20167838660093018,0.16042873399755977,0.0,0.0,0.0,0.8404306763628957,0.2267432132600285,0.216743739088269,0.0,0.0
0.17585180968513953,0.4544227491857475,0.16928709901136701,0.18951602497211545,0.0,0.3143207348468631,0.025388848070429106,0.25127233687380435,0.20159326193695554,0.3477017101899292,0.17587537360721486,-0.0924941455226052,0.5112707194765573,0.26905934109779084,0.19557884879859921,0.48866600755312817,0.12576271651522775,0.3607044143816632,0.0725604150594672,0.45034023666951095,0.14210400490982175,0.4574004091431647,0.3862365076395681,0.11056746838266829,0.3526462055985605,0.37842691877937873,0.29672133920637583,0.048594456741225006,0.5587942986562635,0.13185260519930925,0.5126982419152033,0.3156986611874897,0.4243241278734507,0.5126784391430381,0.3375428093936939,0.2793161252742169,-0.13799861622118978,0.4921281713651318,0.6032247370782114,-0.5282091665737275,-0.13627928556101127,0.15928767928411017,0.449341797220603,0.3146117713798553,0.09910511352454747,0.0,0.16491619821642647,0.36322346870011646,0.0,0.29024729233667923,0.5585110969219416,0.5159492874852348,0.39482242679172547,0.47996224158528805,0.0,0.42406469297678845,0.14066436075070307,0.6035714740299292,0.6551834942756456,0.10057140392469462,0.196704770274399,0.0,0.0,0.4496180290522471,0.4607087970183882,0.22079737107907016,0.12404782673112602,0.368285633845194,0.0,0.20443766577516567,0.1896902551468486,0.43556149862741345,0.5452343944298962,0.07780973325826607,0.0,0.1437907777476485
0.21492510899780312,0.26600903674914067,0.3487165704454117,0.4526468048655855,0.3143207348468631,0.0,0.32849035809861893,0.33989297902460436,0.22059767036754244,0.42836623271379304,0.42050364688596026,0.6364946632657027,0.17213057102282825,0.3257934002616519,0.398348692253911,0.301059961360604,0.3515339327096179,0.24828858439073884,0.5609243463554378,0.2602782348961626,0.300796916516878,0.1861224042899488,0.3049818207943817,0.30519208864402286,0.3047497602568358,0.2613489987115968,0.2982460324539732,0.38499994927614456,0.24742450074805156,0.3487602773971574,0.204204929039921,0.4708868950652486,0.4984796139619655,0.3261264001051665,0.24608251518335664,0.33962701196267725,0.434944961084115,0.48395366373053134,0.34414770314868853,0.10294370842131752,0.24078809150209954,0.11456879560744573,0.5386277767677935,0.7682824479819467,0.05354308083260859,0.2233566815622763,0.41125493490210696,0.419862043530777,0.24048570391807175,0.397713609897098,0.5671095386857689,0.46530125537764916,0.4571904364426277,0.4155084728524858,0.25832960893363055,0.6084629313892262,0.15932428236643967,0.4663846334702364,0.18050844759338508,0.48215343221163226,0.7008671742954515,0.0,0.7282649294024054,0.3730582886150774,0.4639934791148303,0.027065299817826825,0.4770867942638494,0.35615196640988933,0.25254618856057953,0.4312641245101608,0.2936148290784435,0.5015722391619507,0.42532579581842067,0.4762534626853966,0.07659377073805439,0.5412725181879199
0.6502725153600853,0.3600354737822716,0.38384149012142055,0.33768462184446996,0.025388848070429106,0.32849035809861893,0.0,0.3619407458379805,0.39748197679183056,0.1100450736963064,0.34620250955019943,0.006914606830357535,0.40944621205604204,0.20578210525025412,0.14124433520594706,0.3824227342264982,0.21670689725576806,0.3117221940936809,0.32184826832287133,0.358092590192581,0.3655506022770378,0.2735736583585479,0.34782931936633915,-0.07519014823232084,0.30637297351881676,0.40646259764840226,0.34057853678520367,0.4411037330903168,0.4243242921137158,0.5047460226162271,0.2983449609446412,0.2762464725777745,-0.019699454652516518,-0.023421015048644814,-0.06551286047612895,0.30379356472648733,0.020549554329421727,0.13979535821823363,0.3154719053986561,-0.004362218833831935,0.07713651325159171,-0.056721157687678235,0.5828885520376506,0.37719241110131274,0.12220353773169317,0.0,0.6597232547990212,0.409307565787581,0.0,0.43836389112019575,0.5401678804345962,0.6962468360383205,0.4831262637280783,0.5429298958406567,0.22897558526196302,0.5232247531613762,0.17767675508355166,0.5343527128651981,0.7721692720425565,0.634925987290599,0.2677292404929754,0.0,0.22351444474527224,0.4418670466731195,0.6719572312821576,0.19073195858434816,0.8281646366654971,0.37058779953691856,0.20344477710289804,0.8889830909097042,0.4623202926916027,0.48831230572546735,0.7143639674094319,0.4939417374751943,0.29105339212473436,0.5656933973214319
0.3085889809273726,0.28689351857558953,0.21583185852344916,0.4273294971504528,0.25127233687380435,0.33989297902460436,0.3619407458379805,0.0,0.22090468009766623,0.5399172055037778,0.12056489556394473,0.378821627795362,0.4468223840391214,-0.014096958336618219,0.267753671269887,0.4944166846077703,0.20243275131146224,0.41280909498461166,0.05490383967929437,0.3377654975534686,0.08291646276448422,0.2347421646739489,0.06913215056493935,0.11702608672587822,0.28970657916613934,0.2851449247101022,0.39664502362523896,0.35464627240808355,0.20024310278789637,0.45795710125590167,0.37006188479974345,0.28752949179962645,0.16365591955409708,0.34827739915769507,0.16768598478678373,0.4119289014519616,-0.0013893923749143562,0.7982108140262157,0.5496469045730346,0.15296655538106776,0.2518965753515397,0.12847005147601087,-0.009608948401154171,0.22364721237003468,0.0,0.23962640687226908,0.11045737123832597,0.2509388677736602,0.0,0.1962407187105249,0.4277661198963161,0.38559134191384126,0.06067005652757303,0.3551925196452327,0.3679818462203841,0.3113043421279618,0.4295930494331994,0.35018434212369337,0.3533403813267621,0.4212600933315905,0.17685214923339032,0.0,0.2953386017470502,0.21137466554565554,0.475977325196932,0.007501769792745687,0.10669028740527035,0.13857008209968907,0.0,0.12731568518228295,0.06798032935404497,0.35565522527784177,0.3845666391132806,0.4225454286085155,0.16943208312089766,0.3248125230776508
0.17864141038713818,0.2036736179673652,0.10540302184623523,0.2586695838741902,0.20159326193695554,0.22059767036754244,0.39748197679183056,0.22090468009766623,0.0,0.46312433447789086,0.09885065655078196,0.5058511881139388,0.3995678180190222,0.19103248442406268,0.18831702078627072,0.361165914616748,0.44505747961582254,0.6273799299261763,-0.0559283775269,0.3835108005078512,0.0917623712165669,0.20804437215910163,0.3198953874789016,0.33793415594754916,0.6149736213274988,0.6249149243034876,0.2979455000324188,0.5203931625895719,0.24811540297687676,0.45918590476600285,0.5228915230446336,0.5137129339944866,0.37886588791130443,0.481090292009205,0.438005617980558,0.21182980118420164,0.41901284765466107,0.4765941391227262,0.396023434777775,0.22568659919107073,0.12574926450313845,0.542072570872542,0.2905749093565552,0.6615461887173538,0.07922194746415978,0.0,0.15462788681289344,0.30230186111698176,0.20142414893232735,0.41525057988493286,0.564511472250268,0.43527401326171317,0.4512238780238036,0.31593550735446096,0.05851928528688691,0.3711847142484537,0.5250356932257616,0.4435344859562293,0.16727991052791952,0.15982881917876773,0.3011030281529646,0.0,0.0,0.30549927214294664,0.8909434031582287,0.2892376100249494,0.17277213121124688,0.3353811358266725,0.12396240717688753,0.2399599042757385,0.05963685550980672,0.4419388891560312,0.5381372676713766,0.3682374418638431,0.17650277379274956,0.6004712763683737
0.2378798907061681,0.12982792390830267,0.4815015202294871,0.11756047530629643,0.3477017101899292,0.42836623271379304,0.1100450736963064,0.5399172055037778,0.46312433447789086,0.0,0.343884608500105,0.27667268682258583,0.12546757316620383,0.20751838202410444,0.19175307020215845,0.47623977962171293,0.44209663973773006,0.19477497509971226,0.3226159315041518,0.23170583857622779,0.25060581160487083,0.3844435185905732,0.5050227730383388,0.36210082972167157,0.22240810292084398,0.09600386164071503,0.3619102476348607,0.2715301675892244,0.04196052217473529,0.11359998402189243,0.3610547427817225,0.2723443604555845,0.40013261952534374,0.684699583718098,0.6576011102987256,0.12276766492807334,-0.10458769791384809,0.6080308438380315,0.42336351833824737,0.40837408562243777,0.6977950890526247,0.1471393000229574,0.11204832379398112,0.1615366082521219,0.6838750154769562,0.15936872250682257,0.1630853577950525,0.06346436020148342,0.18527737220178908,0.20205689138510116,0.20349030218342248,0.25790515677992204,0.21662822744007543,0.10917604717313847,0.38576139756684263,0.11447724552566704,0.30107235316111897,0.21996566656350242,0.0,0.38663891452975013,0.13627926127529583,0.4471327223210698,0.5848985544441956,0.21027931204525108,0.20617946276193058,0.2535352584045795,0.10166554773385374,0.1408932125045842,0.17442500550967996,0.4272961498483082,0.34459761560419044,0.2324982241191761,0.3793062420543663,0.14182028988409878,0.0,0.5723900014216742
0.16009712692347275,0.13787449138105584,0.27581198224384584,0.12780818612756312,0.17587537360721486,0.42050364688596026,0.34620250955019943,0.12056489556394473,0.09885065655078196,0.343884608500105,0.0,0.4534500603393087,0.44863535826876655,0.18128132710394743,0.0,0.2240581323311775,0.0897506788294666,0.6086942767473703,0.1156095019845355,0.19731340846201503,0.21512751486103976,0.15616515719529547,0.3281625650254864,0.293891736357188,0.3579061404625,0.5398643758898386,0.2376981792872338,0.4247349859295697,0.12102014666517705,0.22994068598480943,0.33349518708070874,0.27365182323943005,0.24721792250548638,0.3462524677731612,0.37674406944529615,0.3669407306926825,0.39241866191880076,0.40896931695863226,0.7722577008240086,0.1691334736257725,0.31908515782479907,0.13588343683116066,0.6790005178188069,0.18300579763028432,0.06986356278218736,0.0,0.0,0.43196683419402543,0.23756875092111687,0.2927015880837825,0.6172813116928072,0.470691675732108,0.41521682446934394,0.34650900388207195,0.12726110086211354,0.17627965256995598,0.103717396379439,0.556023978901099,0.6332703981132961,0.0,0.0,0.0,0.0,0.17003690722760267,0.6925727805644266,0.0,0.261401593211475,0.39522961103251153,0.0,0.0,0.38050397116564605,0.5352508962543641,0.36445586357873844,0.14554596157503277,0.0,0.7741963526175567
0.02413772042006465,0.14280514667299565,0.5323932588134942,0.08841979209395402,-0.0924941455226052,0.6364946632657027,0.006914606830357535,0.378821627795362,0.5058511881139388,0.27667268682258583,0.4534500603393087,0.0,0.06478023152338466,0.29484021458914833,0.13746816254863273,0.2651229274695538,0.3334351788257652,0.5532232868685591,0.5603700843126435,0.5780505210901805,0.49220481007363537,0.4402476816275405,0.3289677631300912,0.16365337400853036,0.09266325776584028,0.15728075055020796,0.5638892264818933,0.21625202741970556,0.2001447732298872,0.0868619533555318,0.3973074794581303,0.290183170129672,0.48114659327186815,0.42988043828146655,0.4412479871432685,0.1209396681594503,0.007472965907842355,0.488810509454616,0.1833894379919309,0.41144347270744513,0.28888177767066603,0.09404826765559882,0.10954375657291508,0.1929553295066883,0.4708746129848868,0.21199915574864361,0.2121632207103225,0.09132231312611351,0.0787266902118492,0.120501909216597,0.12257264850793362,0.4070459149546042,0.10981067068311502,0.17796232021912425,0.35842047425131984,0.06575669412043668,0.2685771908167213,0.5621174551465112,0.31124064529964796,0.2899556758169656,0.8549305142617313,0.40870497565690805,0.5317704627063254,0.13482168531897235,0.3091431948406841,0.3361673082825737,0.16535535649249108,0.735476136860074,0.1684803469634222,0.3457238767442077,0.2902485909937477,0.6500368790932027,0.1678635775259493,0.20208072580851186,0.0,0.5283398963847132
0.5528689038591572,0.2849768017183659,0.4647204760691781,0.33319973546652104,0.5112707194765573,0.17213057102282825,0.40944621205604204,0.4468223840391214,0.3995678180190222,0.12546757316620383,0.44863535826876655,0.06478023152338466,0.0,0.18364235930422024,0.4006192503107082,0.3363463506484938,0.1643660294724312,0.31652033725741924,0.4138228061388407,0.26035779098132483,0.415370153947018,0.1837551450688848,0.42753233724313416,0.008274824315072194,0.2581264723951587,0.3369597519223811,0.4545131017657189,0.16535428782587802,0.19161503720619913,0.2520111129039822,0.2446333109567151,0.36846627023846734,0.0039014693239921502,0.055130241647461026,0.008957699047358023,0.2814839763210157,0.07045933827038221,0.07766008788200784,0.29467461836101744,-0.14354915246929112,0.3218449942684472,0.042176481355390254,0.6235602166536982,0.2813522781537632,0.12453260790039777,0.27306560281355624,0.675525778955667,0.4641297840699932,0.0,0.7779682236651878,0.5901841021002385,0.6483135005644982,0.5106605241368244,0.7423468437928775,0.12360934013670902,0.4746584919658652,-0.04555796676471888,0.7935241450561881,0.12183590310679482,0.4884957594055428,0.6015710304659094,0.1701938884574671,0.24972160894771636,0.5571350310073698,0.5327638138135163,0.6153492183450875,0.5502061591007004,0.4246392650532796,-0.13221529846748983,0.49795336492410786,0.3515455151878286,0.5193581954733604,0.7450314572085953,0.42931508116432243,0.729901174721466,0.6300002041571188
0.46560315221202514,0.25391811252737656,0.21992821201285603,0.4107020523736612,0.26905934109779084,0.3257934002616519,0.20578210525025412,-0.014096958336618219,0.19103248442406268,0.20751838202410444,0.18128132710394743,0.29484021458914833,0.18364235930422024,0.0,0.21058207769076437,0.2429650282498684,0.21515147491668818,0.21547637279082135,0.11981007205143565,0.20019822312581237,0.2904530553171928,0.10700928749305195,0.2625548618922714,0.3179281100061311,0.23663354570476258,0.4337971255488803,0.31138420762770874,0.3120096957875856,0.19200833062004594,0.33257103948671973,0.6215270465789949,0.044121637749837295,0.07251476241204957,0.47230205381709867,0.10097116284745562,0.4497919433562624,0.38846376682588635,0.1861312379573312,0.6687573938922656,0.0,0.3075668784229652,0.35972220667173954,0.5593790826359466,0.18541157709274925,0.0,0.0,0.0,0.4082838213241095,0.0,0.6506625309019268,0.7425969187630355,0.6257784190957263,0.29948580624099214,0.3528027977020428,0.0,0.41161408515202325,0.18034776599841418,0.3469364585771758,0.3428073768321144,0.0,0.0,0.0,0.0,0.43497290984379666,0.0,0.0,0.0,0.32440460143182526,0.0,0.0,0.0,0.7015867052640412,0.2793062022229839,0.0,0.0,0.0
0.4522982919413024,0.3857164175689164,0.11704535903160268,0.26983435460038135,0.19557884879859921,0.398348692253911,0.14124433520594706,0.267753671269887,0.18831702078627072,0.19175307020215845,0.0,0.13746816254863273,0.4006192503107082,0.21058207769076437,0.0,0.518638246410923,0.1242317177202857,0.3870973248857795,0.0,0.35593711038837855,0.2605940551266825,0.03225732206388371,0.02986756353135753,0.26890561205891855,0.49271449936766837,0.17451177038770346,0.21404652274568564,0.36849782027507283,0.34806127743406307,0.48617866980042435,0.45575750504053203,0.31655559043805215,0.4477617630274399,0.40162205707194065,0.3363469087971339,0.2857684761938204,0.1556843359855298,0.1626715286860899,0.13307412230432403,-0.019360974653834358,0.1436053935614581,0.25574709217512165,0.5423381356300665,0.30740538728302874,0.0,0.2767931481109704,0.5369258647605978,0.1583077963474036,0.0,0.0,0.5517524808746137,0.26902769047881653,0.5007034335098904,0.18782420458449875,0.0,0.0,0.9399075362124536,0.6083875933611169,-0.2612158140973049,-0.09964716624049164,0.5617196950875684,0.26698666305667595,0.827758924899421,0.0,0.22430491145337297,0.20557039546722133,0.1595530935590505,0.42898562870757884,0.20572332948752678,0.5462539410710865,0.05142803673995667,0.5187206869430843,0.5064159369644663,0.5179995401554882,0.6316048169005887,0.1905168021415648
0.5547183365455508,0.3467936421362089,0.1377244010800172,0.048749615017523104,0.48866600755312817,0.301059961360604,0.3824227342264982,0.4944166846077703,0.361165914616748,0.47623977962171293,0.2240581323311775,0.2651229274695538,0.3363463506484938,0.2429650282498684,0.518638246410923,0.0,0.3858289541493482,0.47335663237276604,0.23217245767919795,0.40640236029557086,0.548904158661899,0.33120350769621704,0.5736645504222712,0.432958808636354,0.31807743528333027,0.4980747872568759,0.45303956068769685,0.34786352998190406,0.32984544194745125,0.19253516893361675,0.12515581758333164,0.3836068378529009,0.4278115501230793,0.32682814468810567,0.561993748711654,0.2897561216655472,0.1365895692444146,0.29073473781092035,0.8020466144951828,0.7421503784279386,0.7218121667072172,0.7473218344230619,0.20967405348609777,0.0,0.0,0.39087938534729094,0.7409864609769418,0.0,0.0,0.0,0.7246618568248239,0.2540323187702527,0.3708072324611695,0.0,0.20154369398401886,0.0,0.074805218659311,0.26158790446931607,0.0,0.44060958968523384,0.7155387634301639,0.25233177705019033,0.682333299702193,0.0,0.6065022922988627,0.14769961572077842,0.5984660886314841,0.6438182615461697,0.6199752011352416,0.6846140647409377,0.5326457051803667,0.5365253706270326,0.8643898949838856,0.7379982919048863,0.0,0.5683156876731874
0.1106910650221128,0.20695613591097012,0.18276433323163704,0.18486280421494167,0.12576271651522775,0.3515339327096179,0.21670689725576806,0.20243275131146224,0.44505747961582254,0.44209663973773006,0.0897506788294666,0.3334351788257652,0.1643660294724312,0.21515147491668818,0.1242317177202857,0.3858289541493482,0.0,0.41115154010809535,0.6063608225048499,0.013027359405141905,0.15613445333372875,0.2709397738787672,0.5733927760481248,0.2955227142487185,0.3645639203571333,0.43565543940587265,0.11926003234836821,0.28430226818672133,0.018395009931173045,0.20985559141455729,0.33404591958539664,0.29886879389450965,0.18130979989084606,0.5326764902604726,0.6429624084754519,0.17074536836321938,0.10849148420390825,0.5219269460566257,0.3174781959069435,0.5623989419174442,0.4507104529104137,0.21409597377205422,0.0,0.0,0.8167205851674347,0.24471621007918065,0.19532531984981694,0.0,0.0,0.0,0.0,0.0,0.0,0.0,0.5132057507730198,0.0,0.3702361868823584,0.14228516835593594,0.0,0.3557928741121035,0.7725518049770707,0.6050675515699852,0.7008328390667062,0.0,0.0,0.0,0.22427671385691078,0.0,0.4715557569546156,0.6137684310676286,0.5905451837257293,0.0,0.09993100127632729,0.20249336823168915,0.0,0.501972989640544
0.42206111869193325,0.213254913963687,0.6055471225862042,0.2130122249547486,0.3607044143816632,0.24828858439073884,0.3117221940936809,0.41280909498461166,0.6273799299261763,0.19477497509971226,0.6086942767473703,0.5532232868685591,0.31652033725741924,0.21547637279082135,0.3870973248857795,0.47335663237276604,0.41115154010809535,0.0,0.4179220331078827,0.21890339926250646,0.32640175022010404,0.23035137890767102,0.4142378165197747,0.2890866408106128,0.3138590278269658,0.29743890621281266,0.4326111541827333,0.17218977362052432,0.25197690391687527,0.5095819153275213,0.18695198661653853,0.3898173763386927,0.34484489627629483,0.46552539977241236,0.5417300230002148,0.19233037709427292,0.10003504739644888,0.4401619326201354,0.689440237850512,0.5196901758768264,0.6037345375959203,0.7080197956555135,0.0,0.0,0.26706323424325623,0.33101497876960556,0.6058496492534632,0.0,0.0,0.0,0.12236766649139413,0.2345737826440131,0.3522828084433278,0.0,0.6460565623307756,0.0,0.6008362458681203,0.18207560021523786,0.0,0.5811699568319962,0.6342514211747393,0.6325124264013302,0.7326013077383752,0.0,0.8251197742253569,0.1975782064194527,0.6301237518714764,0.26594913832643324,0.4245624447467064,0.6856604229067622,0.6190736756255534,0.6348105393458078,0.32848831752945595,0.6270288460743443,0.0,0.7493290325282382
0.0,0.2236824072105292,0.13104223983161167,0.05021180014097258,0.0725604150594672,0.5609243463554378,0.32184826832287133,0.05490383967929437,-0.0559283775269,0.3226159315041518,0.1156095019845355,0.5603700843126435,0.4138228061388407,0.11981007205143565,0.0,0.23217245767919795,0.6063608225048499,0.4179220331078827,0.0,0.23884706869208713,0.19610093281858498,0.2504708723726752,0.2605747456340674,0.09981086964827886,0.15906691457595293,0.4967903965381752,0.17069339244129203,0.3910030849743579,0.2572002404363747,0.2211077551676788,0.3894107847922011,0.45949887950851304,0.324740445919962,0.31551733965417156,0.2640720066353732,0.2670223547576395,0.579603802941,0.2555655969915609,0.5076166631251563,0.17290255324110995,-0.007878532332218167,0.04338747434202468,0.45879505754758854,0.10939249280523321,0.17509239793552336,0.0,0.0,0.2817686366460482,0.0,0.15196843273790514,0.3374208807901229,0.3086635728113438,0.23032647583565113,0.316755630159447,0.372838081952976,-0.08139612501698164,0.7983268513042279,0.3759545114081678,0.3035805094899422,0.0,0.0,0.0,0.0,0.2882429073445903,0.23733040767423852,0.0,0.24371960968169012,0.26362502263173676,0.0,0.0,0.0,0.4073497719182062,0.45764604832644373,0.44554004119101553,0.2357003751313677,0.1812808364884176
0.34354100641076984,0.33844979986115975,0.6796891894885109,0.18332107190979854,0.45034023666951095,0.2602782348961626,0.358092590192581,0.3377654975534686,0.3835108005078512,0.23170583857622779,0.19731340846201503,0.5780505210901805,0.26035779098132483,0.20019822312581237,0.35593711038837855,0.40640236029557086,0.013027359405141905,0.21890339926250646,0.23884706869208713,0.0,0.3625311009351181,0.23583993085901836,0.2612697718899569,0.6496435255197334,0.2728172479225151,0.2984268910650424,0.49955186138176816,0.12969593126114795,0.29478739349451966,0.21520174360818056,0.4976385843423968,0.2845874457851746,0.29050499032520977,0.43870859609999086,0.32648904410104784,0.34465156309574213,0.19749242843840997,0.3586584537616324,0.5629342590945602,0.4398287539350996,0.5472965041639091,0.3761407734560855,0.5806068023594224,0.6474126867704927,0.4816909133286966,0.1905448859982305,0.6175724066073307,0.14918151474457286,0.0,0.0,0.4800076147027322,0.7158058598456338,0.5295560167475026,0.1514056754658087,0.41212443067552545,0.0,0.28978453853387076,0.581613257841363,0.0,0.4595642454269103,0.6823191875434732,0.21211381561619233,0.7675869681391759,0.0,0.5253864047030211,0.42048418832748685,0.38931119636515726,0.5028334871397878,0.0,0.6642559713225875,0.28190986151194536,0.6039319849982336,0.5136311427132931,0.6015584817251662,0.5134531150605887,0.45135365025115565
0.27198132521879914,0.38307377066176707,0.09073826347906423,0.2118743677713283,0.14210400490982175,0.300796916516878,0.3655506022770378,0.08291646276448422,0.0917623712165669,0.25060581160487083,0.21512751486103976,0.49220481007363537,0.415370153947018,0.2904530553171928,0.2605940551266825,0.548904158661899,0.15613445333372875,0.32640175022010404,0.19610093281858498,0.3625311009351181,0.0,0.32397426429746395,0.22417517708477547,0.010601396103300131,0.23720324345001184,0.28828695277431676,0.16555313020109547,0.26608492080185947,0.2161892494890614,0.39108664153114925,0.20767490692528304,0.28665783548925766,0.19863710270435322,0.30646082940490155,0.34805770877933123,0.24157246413952338,0.7274745093763497,0.4999627833074847,0.36499626591125495,0.4327325101201767,0.33009480913782313,0.37769139324900175,0.21129304623030326,0.0,0.0,0.025836971771419498,0.3990939571088267,0.2627539353944263,0.0,0.0,-0.03205799708387719,0.15108124614935411,0.454610216322067,0.19860643974438907,0.25085706825738996,0.0,0.2909448419675371,0.29182977309465064,0.0,0.18979035806002192,0.45470535441566456,0.0,0.7325076181557355,0.0,0.30497626718895043,0.19442833807069573,0.31711854734541656,0.17223038982853622,0.40233125696116095,0.34267324440834546,0.35587240430067874,0.3432331970805024,0.3386912496942914,0.3008049217400625,0.38277158797819816,0.2421013130214007
0.45695364731120286,0.4233223693683679,0.16076085026916953,0.1250216771265123,0.4574004091431647,0.1861224042899488,0.2735736583585479,0.2347421646739489,0.20804437215910163,0.3844435185905732,0.15616515719529547,0.4402476816275405,0.1837551450688848,0.10700928749305195,0.03225732206388371,0.33120350769621704,0.2709397738787672,0.23035137890767102,0.2504708723726752,0.23583993085901836,0.32397426429746395,0.0,0.15841110759043484,0.12069964388986353,0.3317046089982771,0.4029103016000854,0.29422396027734665,0.2174443444982387,0.13234375807328172,0.2023968896528961,0.4182655532338995,0.36496637513318353,0.3802578654533727,0.4667278557190725,0.3966866445522952,0.2864806774269868,0.3312208910727633,0.27180107431222755,0.5672739080859429,0.6633736147479513,0.45328406563992324,0.45379510787489064,0.5132606965894615,0.16798139511529933,0.09548229857650416,0.3708935492650312,0.648302739151041,0.20219822869915488,0.20703068856263232,0.115984369559751,0.3038770644334686,0.20510439944009223,0.6304579106937923,0.20633236047328243,0.1418214676076572,0.0,0.36472412289907946,0.8136578404534459,0.0,0.39874927676236505,0.6531910746785946,0.1591011613208116,0.5569457570947771,0.0,0.36050334614493096,0.23864208959977035,0.4489632478634256,0.360158333579115,0.3650207639016225,0.6047230234513786,0.43255786617674963,0.4728713600327677,0.44955692496616567,0.5408919481520852,0.8069857990935094,0.47656613219469146
0.3089285195894244,0.38943913225945687,0.23204359990067863,0.34404383593990523,0.3862365076395681,0.3049818207943817,0.34782931936633915,0.06913215056493935,0.3198953874789016,0.5050227730383388,0.3281625650254864,0.3289677631300912,0.42753233724313416,0.2625548618922714,0.02986756353135753,0.5736645504222712,0.5733927760481248,0.4142378165197747,0.2605747456340674,0.2612697718899569,0.22417517708477547,0.15841110759043484,0.0,0.14723567682757616,0.3745914462131472,0.3590000655976919,0.35549846312191224,0.3307653157197666,0.2827086881972629,0.35490828601766355,0.37581784145774394,0.3538273508112626,0.48758010862281376,0.4041170769218674,0.28534530703158856,0.41597263689141334,0.360691930934797,0.6115693335123563,0.39494859405781657,0.008924988225711965,0.3983233746440126,-0.14907159158917144,0.4908073980130623,0.47152004894929495,0.8478028426633155,0.15840678603834404,0.4946883923316259,0.34722550917155837,0.5033473629796195,0.29976167983609325,0.44821805282668425,0.3631119526182266,0.2802636433326553,0.2847012905621896,0.24152609449088291,0.3439597081605915,0.45825038904156906,0.3467575545977398,0.3779207032312036,0.41098898411122486,0.6391191357936448,0.20617946276193058,0.16109210893114506,0.29167400837886576,0.46208184334661695,0.2099924456327745,0.3710291923228824,0.3378069499460319,0.0768239964465971,0.6167182338422114,0.27028996285661283,0.3547070160208945,0.343726639782588,0.41497754850334323,0.39747757389597665,0.3919059997676882
0.07347854359895863,0.15740589806721195,0.3641383402972791,0.1397295918588239,0.11056746838266829,0.30519208864402286,-0.07519014823232084,0.11702608672587822,0.33793415594754916,0.36210082972167157,0.293891736357188,0.16365337400853036,0.008274824315072194,0.3179281100061311,0.26890561205891855,0.432958808636354,0.2955227142487185,0.2890866408106128,0.09981086964827886,0.6496435255197334,0.010601396103300131,0.12069964388986353,0.14723567682757616,0.0,0.14285163505233375,0.043685469415548885,0.007622755335220041,0.09376789573053285,0.6115120289004846,0.3729537569860096,0.3987132812241377,0.4551890734551949,0.3415403671945091,0.490889065201006,0.3613753509276882,-0.061967278538333184,0.3279012144628514,0.36659717871073627,0.1921908098830577,0.6617492259737725,0.49349804048174317,0.5805415888132552,0.2683617611121444,0.11677314586800099,0.6891774573491949,0.0035364633998113126,0.41327351259247336,0.0,0.0,0.22035876928583897,0.26972856313183247,0.14267231995730967,0.0,-0.0370402670386448,0.3431291380921565,0.2307891306970194,0.30750698852595093,0.15342932014522473,0.0,0.09680176556829082,0.41360281037738655,0.3006184046645324,0.44606415092698204,0.19662004934166757,0.1273783928712153,0.22781561083218405,0.025181697950645593,0.37069175342011973,0.06639073309765793,0.32797193012084713,0.26213951165386745,0.22630265434157054,0.27258965351006104,0.24852249598795997,0.0,0.3864028812177943
0.314399927671773,0.21758419574003246,0.165188475093625,0.3843902386688678,0.3526462055985605,0.3047497602568358,0.30637297351881676,0.28970657916613934,0.6149736213274988,0.22240810292084398,0.3579061404625,0.09266325776584028,0.2581264723951587,0.23663354570476258,0.49271449936766837,0.31807743528333027,0.3645639203571333,0.3138590278269658,0.15906691457595293,0.2728172479225151,0.23720324345001184,0.3317046089982771,0.3745914462131472,0.14285163505233375,0.0,0.09531868702834283,0.3504247960385365,0.14452113325649021,0.12094095940710506,0.15640367167746366,0.2606518833598892,0.24785937436822844,0.31073090122682495,0.3967361997335728,0.6799721941522666,0.11613083980585723,0.2580219610445207,0.5751658008986582,0.6397903199003907,0.5849641651398658,0.6639196579624307,0.6490837278605135,0.025544302815322256,0.0,0.3915868034796936,0.2997178226888897,0.5092034311515803,0.0,0.0,0.0,0.7226120327059213,0.2142360398429095,0.2804789999060032,0.18856072832798296,0.4009731104333052,0.20691134455352386,0.3318517610943482,0.3484026568977471,0.0,0.4899923335172295,0.5510547950198073,0.4962238062099795,0.6376603613475985,0.0,0.7789114643479615,0.2879475925443193,0.6775383692827267,0.28207009676578876,0.22064784683992336,0.5666432646986304,0.4966687162183585,0.36042295702300137,0.6188610102429554,0.4307761716929171,0.0,0.564233732541191
0.23810979864160026,0.15202238819752426,0.5253124742551099,0.3039734790401166,0.37842691877937873,0.2613489987115968,0.40646259764840226,0.2851449247101022,0.6249149243034876,0.09600386164071503,0.5398643758898386,0.15728075055020796,0.3369597519223811,0.4337971255488803,0.17451177038770346,0.4980747872568759,0.43565543940587265,0.29743890621281266,0.4967903965381752,0.2984268910650424,0.28828695277431676,0.4029103016000854,0.3590000655976919,0.043685469415548885,0.09531868702834283,0.0,0.3756891275013167,0.2474034692550988,0.1696757454521795,0.487068252180516,0.26130903893218377,0.43075568746862314,0.3891041620273443,0.4196870008066159,0.5883539242920209,0.19927268726099182,0.1868028078450705,0.2857890481736194,0.5196044026308259,0.5009339509934507,0.5268103258460587,0.2958535903873974,0.5623683347597893,0.2424603839072056,0.3526782539234328,0.2486311373370683,0.4889362581561255,0.24612615539763377,0.0,-0.019001860575803168,0.28249677156650493,0.6301359497272856,0.18131356572139423,0.14325606843347177,0.27510560422857344,0.0,0.24063482856290608,0.1251535318795135,0.0,0.30225506236905153,0.5111371153099512,0.3957190474422042,0.5399259468729083,0.0,0.42559266060896184,0.33674100821198855,0.38183800365923953,0.2487137395352394,0.1568317604876324,0.46316085617395153,0.36304838762674885,0.29551654015913487,0.34580655584931624,0.23323845733571932,0.2040915106130342,0.4481917547766496
0.20509269498518573,0.3604872212341243,0.2619475955827246,0.46831838792785196,0.29672133920637583,0.2982460324539732,0.34057853678520367,0.39664502362523896,0.2979455000324188,0.3619102476348607,0.2376981792872338,0.5638892264818933,0.4545131017657189,0.31138420762770874,0.21404652274568564,0.45303956068769685,0.11926003234836821,0.4326111541827333,0.17069339244129203,0.49955186138176816,0.16555313020109547,0.29422396027734665,0.35549846312191224,0.007622755335220041,0.3504247960385365,0.3756891275013167,0.0,0.422768826717986,0.43445656909147823,0.347578419448092,0.41496278191783326,0.3889575642514314,0.526032787186183,0.45158633591327463,0.3007566329488403,0.36096087587785974,0.35809585951100226,0.5368910667608331,0.36614722053791576,-0.08908284964558053,0.2789000885439153,-0.10557422281344098,0.4920921134493738,0.3901383399404317,0.4391960914573706,0.17088621861409542,0.4525979730625177,0.3678698014146913,0.1881437675892848,0.42794405074453634,0.5927617642467677,0.4121015965299304,0.3746351776415524,0.3917454079856969,-0.3401382844716685,0.4300048185841297,0.3908297806076645,0.415090926177905,0.4365923754706008,0.49317399080116375,0.6738224685195522,0.0,0.11193750080531328,0.37666882291998516,0.5162626491310601,0.2775624778233309,0.4430908361958417,0.3527639235215274,0.0,0.534406148115881,0.2867090570476175,0.4943730565884294,0.41270434218011093,0.4848456124425807,0.47079609940541367,0.46513160503512524
0.5795942326239526,0.13276655469133175,0.4656053042921224,0.3671116788247059,0.048594456741225006,0.38499994927614456,0.4411037330903168,0.35464627240808355,0.5203931625895719,0.2715301675892244,0.4247349859295697,0.21625202741970556,0.16535428782587802,0.3120096957875856,0.36849782027507283,0.34786352998190406,0.28430226818672133,0.17218977362052432,0.3910030849743579,0.12969593126114795,0.26608492080185947,0.2174443444982387,0.3307653157197666,0.09376789573053285,0.14452113325649021,0.2474034692550988,0.422768826717986,0.0,0.10694771769392594,0.263552386507598,0.24094725678884885,0.329377516847028,0.02312096246070236,0.17351354020979537,0.25077313566008363,0.17190106088437707,-0.07776815042749775,0.22801701401910582,0.35788343396173933,0.021106543387107584,0.20480237414496602,-0.0026809971973108058,0.320989876824317,0.44147759866182407,0.4683724884886825,0.2566893325737638,0.8747914498010583,0.4145108601996698,0.0,0.8239216976087368,0.4724423329575687,0.6421388520211673,0.42861174070590835,0.5169020747751805,0.2051798369335845,0.7231018659832859,0.09905337860729461,0.5033927411267206,0.15789182405575403,0.45602036884083086,0.1508505041056845,0.06207999269577151,0.9896640101607398,0.7734661055053612,0.59469155885469,0.3673772705756682,0.5032294056247192,0.41149507052989165,0.22190175705560325,0.5321129311048614,0.26067626617688733,0.5023653341813337,0.4947166954748474,0.45595788960768086,0.7915914808028811,0.5084861797023007
0.45872560619010727,0.15562961664389122,0.6247721321829794,0.08951103758154354,0.5587942986562635,0.24742450074805156,0.4243242921137158,0.20024310278789637,0.24811540297687676,0.04196052217473529,0.12102014666517705,0.2001447732298872,0.19161503720619913,0.19200833062004594,0.34806127743406307,0.32984544194745125,0.018395009931173045,0.25197690391687527,0.2572002404363747,0.29478739349451966,0.2161892494890614,0.13234375807328172,0.2827086881972629,0.6115120289004846,0.12094095940710506,0.1696757454521795,0.43445656909147823,0.10694771769392594,0.0,0.406395144163231,0.32653134803378503,0.1197746312558338,0.08026087190874226,0.4336199373928043,0.18008834274357782,0.11074329507829843,0.19467098718208994,0.20860172588183518,0.5756307807634107,0.016731612336043585,-0.047757743045214775,-0.09736069587451127,0.46249815440163256,0.19556382383421547,0.46160883447929363,0.17496336795993686,0.6231377504470337,0.4345358494749747,0.2178471077872924,0.39297980104344193,0.5509751024870146,0.5185649424909439,0.5756754629645064,0.6333044719442723,0.30499263208731653,0.6950312201236699,0.5403149865818363,0.4569868970313796,0.319659629856113,0.5827277955138598,0.6229754995384102,0.20760730171584743,0.46435173898880744,0.44537798424830183,0.6177895533493778,0.3351619340828316,0.45665427375224377,0.49644327610818345,0.6800852645966818,0.7049004038302125,0.20139936498083463,0.6060978024844327,0.5100274836563521,0.5792764001663984,0.48509032324914786,0.4644285633482224
