0.0,0.017162000251063462,0.10499439483472306,0.0,0.17700229338283102,0.021661875235155968,0.1378609177083852,0.016981626396385143,0.18084095692553456,-0.08366676928162009,0.014185053492742355,-0.06841220274375903,0.13824838357292626,0.08053102374859675,-0.04468893798582719,0.13681050249212906,0.10463499332934256,0.21025730959161074,0.0,0.11336340249253743,-0.050531368097427844,0.08203573327170288,-0.08894619482003523,-0.033919179857693285,0.16371947741847248,-0.008325798863936584,0.03783432904512515,0.046686557494595125,0.06929625586634076,0.2960686652335628,-0.11616570000699586,0.05153586936447304,0.37349569727413773,-0.061020979817111874,-0.10193801357139663,0.38692883803877465,0.22427391690920073,-0.06490097332481773,-0.004068219483012184,0.2210734048917658,0.21735636760892468,0.19304798678813476,0.21405086638503495,0.0,0.1738219033586862,0.04649158397166161,0.006484038454401146,0.0,0.0,0.0,0.09774575398232946,0.0,0.21590097293924665,0.0,0.11859002902238008,0.0,0.15376417091732422,0.29017712045773036,0.0,0.24296830234002512,0.1783817811699799,0.06398036979967216,0.26610862420511655,0.0,0.11064016298247448,0.3334997124509909,0.1041967233447674,0.23727771665864514,0.022468632699683026,0.11969618608728587,-0.06556293538033486,0.12297753380058857,0.16270946207754322,0.11038060958659647,0.0,0.22364823536599213
0.017162000251063462,0.0,0.22947356424327575,0.11315409995774367,0.0605816763338274,-0.004453773698867392,-0.025923890994276874,0.11110462449745645,0.04142271549225645,0.2571858608303957,0.13744118606871236,0.14283011502180348,-0.006339868316906926,0.2554653215844626,-0.13739897471169688,0.04396688112644225,0.1735996370437663,0.09775054702228467,0.22438565405416552,0.045194366625609945,0.1402656941557283,0.19259197850195298,-0.10680854990205219,0.15034404803200446,0.10240509310318847,-0.04883665489498197,-0.13568330186764088,-0.05334341670770882,-0.06699241351545346,0.1288027959865065,-0.030446636735361254,-0.09651367759623287,0.052599469669237404,0.01650380354569548,0.17019957614652492,0.19733938821046476,0.09281476992072597,0.0,0.09594295032384305,0.13328550860643668,0.3866599858177592,0.31207888528472966,0.2547412038844256,0.0,0.0,-0.12284608182465237,0.19307307126733333,-0.0244293779111079,0.0,0.0,-0.025777418076943386,0.22557324827376274,0.2383284642037823,0.19547420391062073,0.2192187239951271,0.0,0.13312603601648998,0.1898723702867037,0.0,0.20666161647852255,0.2731261521414774,0.2868846007494023,0.3391154960411876,0.0,0.23434837697018823,-0.054763093761987305,0.18797405560595631,0.06538717580042012,0.14530668050392131,0.2078629168420502,0.07184273094676524,0.0020307538541651446,0.1650180569702506,0.13897808310803017,0.0,0.17737069666483912
0.10499439483472306,0.22947356424327575,0.0,0.15924731542184686,0.05366373112935051,0.13580089744452914,-0.14194851190385327,0.13869343505555162,0.011119720252995464,0.026962199522420245,0.2649921084549549,0.0379941662852442,-0.08788821796720002,0.20670450072800153,0.11588346685317817,0.139754793774875,0.18643831478256628,0.14468477038983654,0.19695372021795224,0.12954496709646007,0.09309359486291793,0.2773239028623444,0.0351632304348905,0.12814781112924772,0.15045205471107892,0.07482539121655765,-0.08429461050758993,-0.04287487736049476,0.21313736179596995,0.09342650157009263,0.002115992518973153,0.0640780896126452,0.08968820286228243,0.0004100704471268757,0.16698188934886854,0.11263628884466609,0.08567894941227644,0.21201249453244597,0.2671002561608746,0.2057439660510841,0.12673661417130527,0.16456380615120555,0.12165833557852772,0.27578350545662844,0.0,0.0,0.0530312893919974,0.14602231025393306,0.18543577666847458,0.28539939242216256,0.162138610643763,0.31702837297182873,0.18263764793072051,0.25859395536175994,0.16196296271773497,0.15250146971222703,0.1662643560663952,0.3145593079935708,0.1484600399406423,0.1030295123783107,0.0,0.0,0.0,-0.02843588216603797,0.04691512795270419,0.18346539037035578,0.3015224715027166,0.17482606716311316,0.0,0.27844716705245254,0.14608306668357735,0.12328952759448439,0.3843851837792636,0.2429591047621899,0.17885056124615795,0.27397620737128286
0.0,0.11315409995774367,0.15924731542184686,0.0,0.3610533887309036,0.24381643835620576,0.0775760811695192,0.17476244269824606,0.015885842966498066,0.02030296635432212,0.05262473410498606,0.09132935667799978,-0.10267823104756758,0.3234512240023382,0.37339116880162143,0.04454909587784118,0.1874347141322011,0.21191495003042565,0.07120308278859899,0.23336710595985066,0.20670808723111522,0.03298514725721637,0.1450420885372298,0.050567373468221995,0.3844290201433265,0.3025172150936404,0.046138329883779576,0.09915596590218695,0.4425008839512696,0.358655350417022,0.302743023614208,0.33159302644125316,0.02231113551184113,0.20585531971100024,0.41547379192237105,0.24024926478245223,0.17231906030305055,0.46760971814181024,-0.12142286010511576,-0.3270597220957031,0.14653768907460865,0.5515850381440377,0.03210077140001739,0.17903952187867417,0.0,0.0,0.0,0.15205806691875476,0.0,0.0,0.25905821896856335,0.0,0.23715854724666557,0.0029826949503993653,0.0,0.05058455315137835,0.17756439508741337,0.1942321139561819,0.0,0.0,0.0,0.0,0.0,0.0,0.0,0.0,0.2027217217990265,0.16238282662746562,0.0,0.0,0.0,0.1407388076075925,0.22758107661744054,0.2167567676633305,0.0,0.0
0.17700229338283102,0.0605816763338274,0.05366373112935051,0.3610533887309036,0.0,0.047721096361459686,0.022795253392980996,0.21793458100240884,0.10783558939332573,0.15896239565348097,0.07126631899551873,0.12670739923492283,0.14850503480903043,0.2960728929704148,0.1959618233926581,0.11594848669317975,0.12457942947404818,0.0994166582110503,0.030762059467427168,0.019284324001554123,0.7288064929578604,0.0682756444266003,-0.01927016195755866,0.10774765937048225,0.11092059391877612,0.05662262686038633,0.021009156054771386,0.2735600620159027,0.003689112945238514,0.12859079606093926,0.16646504412254923,0.20055033872845174,0.3078039077206431,0.2094871708965222,0.27768072169935737,0.5292059570861334,0.4269889079538563,0.3136531328509271,0.38933425649696485,0.36706868713147445,0.1803582622594821,0.28860724745268873,0.2719536261162379,0.14299879075625369,0.10072775377842703,0.0,0.16605406238098744,0.31545427023390465,0.0,0.37062995845389785,0.3881250464141349,0.543280804189302,0.330108816004598,0.37080297670961093,0.0,0.17951079248658997,0.14344782464449354,0.47051857124194346,0.1021138678251265,0.10125521659848558,0.19656700850103495,0.0,0.0,0.4782066095673737,0.09076062921819376,0.22029777271761064,0.12237365706575132,0.2622255774468339,0.0,0.20536313271992288,0.1906230672464002,0.27148687130143756,0.26394337843700755,0.3615661893732566,0.0,0.8198526043498021
0.021661875235155968,-0.004453773698867392,0.13580089744452914,0.24381643835620576,0.047721096361459686,0.0,-0.0030224233332278305,0.06070010642918518,0.1483960111104621,0.034197130848521905,0.10506325474232703,0.21466525643670173,0.06443222170108975,0.21289757013380245,-0.21352439812751298,0.11728199458103376,0.2812752153767279,0.18718169686834546,0.10199359506940556,0.020253054298072753,-0.021338543748344624,0.045227924098561224,-0.04552664911804244,0.11966532978780105,0.043657610871036506,-0.14607651466681026,-0.045400472151479555,0.029174937223649146,0.12260934175509589,0.08038572887927642,0.15319186198171203,0.06159214072545959,-0.10061802224286284,-0.04418152114643501,0.04214424974512482,0.07926013336495266,0.19421347103721362,0.27297186164821635,0.25428460379579193,0.028190201378297846,-0.009375753066349357,0.014164482677680609,-0.10525301147331269,0.1133117990948194,0.05323141002912854,0.22496430171364248,0.08204842445428356,0.16628266882104367,0.24016840340109413,0.38108003800636564,0.14617010162020183,0.2606536399937355,0.12945516286060849,0.19752811799528644,0.26305745539957776,0.185843595565873,0.15538617259753543,0.19681614866535052,0.17884750398942456,-0.15990847406379907,0.35312714108042775,0.0,-0.17525932193042962,0.13713292356780554,-0.12875862243016387,0.03767536844589829,-0.10629845585371472,0.136310918316661,0.2537916847973484,0.4598645057875205,0.03103512418921304,0.07016896823779047,0.09882489287005367,0.016876041338309597,0.15195189181752905,0.12200737081158651
0.1378609177083852,-0.025923890994276874,-0.14194851190385327,0.0775760811695192,0.022795253392980996,-0.0030224233332278305,0.0,0.19582535618836328,-0.07695141619064806,0.14064957989808502,-0.08899292855113744,0.05905914571051101,-0.16557472387948394,0.2017359769389015,0.13964850571768744,-0.07027162723633779,-0.04755489106481157,0.06540911095163561,-0.2360291977337731,-0.009086584067494123,0.1422509739691335,0.04831880843027045,-0.09982504527427022,0.1664796804145251,0.061418962341270034,-0.02373173940131766,-0.09626352144722297,-0.04039219174761792,-0.054950519086720974,0.07580129087676515,0.06282579649021841,0.1529940293560244,0.20284678957863453,0.11684358381556428,0.17922736276212728,0.37836662288633915,0.10569324155949118,0.19565183352421942,0.43741210990942336,0.3538691347470117,0.23107124276024862,-0.07740024622144825,0.18335289734056173,0.4489166177549,0.12202602196215759,0.0,0.18220595000969145,0.23403523913015725,0.0,0.44663069012807194,0.25791622620995774,0.49732377719696874,0.3007260559715507,0.37543724418220603,0.22842653796188087,0.06594000106768577,0.17870092586999212,0.3757228955053574,0.10195629013491941,0.07503604549826458,0.26625029411334333,0.0,0.225400570041813,0.42192394965509195,0.0033935060050764264,0.19443170289356784,0.08036358185561843,0.1847217829929929,0.2042492806943091,0.2013732831462101,0.0991396734452206,0.17192822118843565,0.4433680961891408,0.282481387305874,0.6675352233688182,0.3424638002512572
0.016981626396385143,0.11110462449745645,0.13869343505555162,0.17476244269824606,0.21793458100240884,0.06070010642918518,0.19582535618836328,0.0,0.11854571260886004,0.061010441806526094,0.2490248286349153,0.06251960039583133,0.14287015380665274,0.211554721957668,0.1602383442032007,0.12848466986438709,0.20011392347788298,0.13952920592876705,0.13555206866486158,-0.11478929476674637,0.30210475279388355,-0.014885517149317351,0.02737319469886909,-0.1508605321127375,-0.019421694213744428,-0.03366158290754472,-0.09724166398482961,0.01025356233818504,0.005221904572879535,-0.044267090153429875,-0.01315569313897267,0.4249359511371816,-0.06066158717999468,0.06376244679704518,0.006334948678493053,0.49355330812638776,-0.18161238206663546,0.21191411661570558,0.39030199855176356,0.1526008860630823,0.10179692318147379,0.12770027126540107,0.5390223109252552,0.2234430195344615,0.0,0.2374199389456899,0.10800125152069971,0.2665747965823472,0.0,0.4646994847975421,0.11307001567323617,0.34378989755434247,0.5635132618095625,0.2502183939483229,0.36749600466188337,0.20145636773539763,0.42637435276868413,0.2153402068512077,0.5835332980444203,0.16986052421265718,0.17343889717601865,0.0,0.29255983349632997,0.22899697185241544,0.17005379022837566,0.4561026481456557,-0.2625766260266728,0.30768999379151074,0.0,0.12798767549561607,0.06378955732504837,0.10242405946195132,0.14862750744728787,0.15203724867013763,0.1719270986367065,0.045431414819383495
0.18084095692553456,0.04142271549225645,0.011119720252995464,0.015885842966498066,0.10783558939332573,0.1483960111104621,-0.07695141619064806,0.11854571260886004,0.0,0.008732140990265917,0.1242369742244559,0.07239587713947326,-0.02048757209292707,0.13871938642642273,0.19895628449267894,0.13489905340280728,0.08895711033618856,0.037695215228708764,0.17998968257313497,0.08050825985263275,0.22696484588496374,0.12932646246257665,0.01395376819926902,0.051479972210170435,0.009285148854002556,-0.008539230109370535,0.1058559112628918,-0.02846220247604383,0.0661338887564828,0.08754236691229224,0.038594448705084834,0.14364686214986244,0.10626811790833325,0.06776575526644986,0.14703132207212777,0.051095103780374206,0.11437505367984478,0.07627996239821452,0.2590989894236678,0.4652218739986262,0.12673376368188696,0.23753843818968073,0.2989652776848425,0.361961438005057,0.07900661549686822,0.0,0.3023824116484792,0.21742487677375463,0.20254892679230238,0.39415139378423286,0.257676441036151,0.41845968991585186,0.13786712011978713,0.23854773570429433,0.060883426873828715,-0.4063388069273052,0.10940121852711174,0.32580144903556035,0.07959275193275736,0.21850202988237977,0.29920715644519813,0.0,0.0,0.1843668691512652,0.1610028074631451,0.29244629218496543,0.291583572408013,0.21962958616443623,0.12388108374745471,0.2393168682187158,0.23893292456995738,0.1424904738034412,0.17197307749789956,0.3763377787051697,0.8556827341796317,0.41387989025729605
-0.08366676928162009,0.2571858608303957,0.026962199522420245,0.02030296635432212,0.15896239565348097,0.034197130848521905,0.14064957989808502,0.061010441806526094,0.008732140990265917,0.0,0.04519089871503113,-0.08038172516492503,-0.015252262999680063,0.21388065600341338,0.20351729253772588,0.06632485637189298,-0.058678780852598346,0.0547732402428032,-0.1568154445996534,-0.04278850621393729,0.24522553646257178,-0.0019381397015706021,-0.0602386001527612,-0.09823808718396443,0.1092696478462946,-0.0789603362475181,-0.026110575819174253,0.02338529503346536,0.0477778985050831,0.17944906648181613,-0.05018722355934947,-0.07657199242012824,0.5001672171233384,0.22110223484197006,0.10988857971577082,0.25197978546303024,0.33245040735858405,0.2775101763663278,-0.03829783474371311,0.30465011328282043,-0.06174059835299647,-0.009066802101993884,-0.08621445618672356,0.027429728375850976,0.14672027323079623,-0.0026242966945880866,0.8001179690861234,0.06492408252415716,0.1854997563709682,0.20070826312897116,0.20096471678758954,0.25554867355680555,0.21669621629988503,0.10721745794636342,0.3229896583683638,0.6194622762184282,0.14584885451785504,-0.2869943264249561,0.0,0.3867850772412196,0.4329068414674842,0.42771115362098655,0.4257592767453219,0.2096062430342154,0.20594244567659153,0.25172269956082816,0.100566430379593,0.454450433269409,0.08669939624468617,0.3563202078506717,0.17509460820659956,0.23395068046639533,-0.06481561858331285,0.14149230259909978,0.0,0.5248624407325722
0.014185053492742355,0.13744118606871236,0.2649921084549549,0.05262473410498606,0.07126631899551873,0.10506325474232703,-0.08899292855113744,0.2490248286349153,0.1242369742244559,0.04519089871503113,0.0,0.2441610335341911,0.06634877271699971,0.10885913266950167,0.0,0.22458606163899397,0.22360832985334272,0.2163776887312537,0.13045403498295347,0.19700010229868137,-0.07404410478006826,0.1580440826157694,0.19228109798473147,0.22157175223892525,0.2753653202316598,0.1999405884675508,0.07514999865437992,0.03337486387728775,0.3024211994298039,0.23021855921189435,0.14312818931765187,0.3017467194162644,0.17964313687368785,0.21232635380892723,0.2550293748775684,0.4714670104780255,0.31620289825186076,0.2538932045104392,0.23887686357668497,0.5874924440629847,0.2667025402441656,0.5016045796032016,0.20098161176097246,0.44656646714660514,0.2128128132243003,0.0,0.0,0.16964749686300434,0.23751711846072077,0.08569518025268003,0.27155082086591953,0.29938865246474944,0.2207049437469556,0.09664986796839874,0.49564555551302864,0.06488362997150258,0.8369967221575308,0.21488149865462658,0.14900131806373546,0.0,0.0,0.0,0.0,0.0800566996329522,0.09030923324176404,0.0,0.96017236912117,0.14780571429773273,0.0,0.0,0.3831517857912723,0.10651918769800295,0.17222730441592843,-0.09033172560263364,0.0,0.39894601481172326
-0.06841220274375903,0.14283011502180348,0.0379941662852442,0.09132935667799978,0.12670739923492283,0.21466525643670173,0.05905914571051101,0.06251960039583133,0.07239587713947326,-0.08038172516492503,0.2441610335341911,0.0,-0.06592015796389038,0.27614698890163303,0.13824610243216648,0.2625825245081695,-0.022797588370764944,0.19404618705262144,0.11511081858602676,0.17040417641957595,0.11105961723824509,0.10568438862377771,-0.04003601723243242,-0.010674861649551688,-0.01175995780140631,-0.07983575647446024,0.3118646670718156,-0.12087001989509304,-0.20629375378742718,0.0872587581462906,0.07424483812804103,0.11593427445622236,0.5231073914675339,0.05977849137797342,0.18926975424850617,0.17552712820942143,0.07812178611202084,0.22040628242805255,0.13955448258455014,0.3051325477279773,-0.0044868272814476695,0.08761098391995877,0.23506352120088722,-0.13644139437679756,-0.013804097282327123,0.0725232705519518,0.2136427516485133,0.09400865890350271,0.07864421568035973,0.12114497876832399,0.12167411388468552,0.1748004127784389,0.10764071645582363,0.1788688450740149,0.2571400773272874,0.06616902236953912,0.2090849194746466,-0.1578631936580271,0.31020483219730816,0.28864066697385493,0.16486061509372746,0.3889350101530706,0.4753291800601402,0.13372450866383256,0.3077199804986901,0.336503534328298,0.16400835094571165,0.17792368982277557,0.059187661713284434,0.3367578735726352,0.11322665775199185,0.10618498266642451,-0.10128004191424261,0.2077675257993509,0.0,0.4160708451091118
0.13824838357292626,-0.006339868316906926,-0.08788821796720002,-0.10267823104756758,0.14850503480903043,0.06443222170108975,-0.16557472387948394,0.14287015380665274,-0.02048757209292707,-0.015252262999680063,0.06634877271699971,-0.06592015796389038,0.0,0.19228263462246717,0.02440289579291565,-0.051213093200848187,-0.05467072827558636,0.09721371439957759,-0.09734034354303299,0.004784932074207621,-0.052249622356868974,0.07080739305089784,-0.08668499262111914,-0.028642777593448555,0.06968495815161066,-0.04316851350385206,-0.07456328525873188,-0.01933822306960253,0.01966839196085509,-0.14978388751240165,0.08009552884267948,0.16465483124938413,0.23524070151234602,0.09648251380308312,0.1074923819369731,0.18031237603267286,-0.10575239561616306,0.11723302031741459,0.16807486107122083,0.2637075142669457,0.0823290093454229,0.03591182354254107,0.11766880095275556,0.04030401772437133,0.0031115374953912082,0.27360007944271053,0.28047712910167877,0.2714182849676753,0.0,0.7650495218191333,0.25057366557189886,0.36533096739287474,0.153498486064808,0.46720537907258636,0.12365872198429215,0.1427460121432773,-0.0805323124069021,0.5359446783590209,0.12808034706518212,-0.05812990683403726,0.11560100793294978,0.16989836494344848,0.24813308724560426,0.5169757559159297,-0.10548263924194592,0.4337708412188141,0.014523691006416574,0.1400739829955754,0.19861793190545812,0.2465624607885808,0.16413926758749436,0.03710757948956103,0.29829470611603215,0.10149888267697427,0.34876811486023274,0.36359578037684454
0.08053102374859675,0.2554653215844626,0.20670450072800153,0.3234512240023382,0.2960728929704148,0.21289757013380245,0.2017359769389015,0.211554721957668,0.13871938642642273,0.21388065600341338,0.10885913266950167,0.27614698890163303,0.19228263462246717,0.0,0.20748486478346398,0.24283921865366964,0.21362281782395154,0.21632697016618582,0.06279923047233153,0.19858924433053146,0.28917367840713315,0.10592552471773116,0.23290946266198637,0.2278437374253528,0.23535005199677778,-0.13726290384432083,0.122273764128854,0.4098514372092985,0.1860576520367842,0.33503279092045324,0.32415774107034484,0.5027273158547528,0.07126185392571874,0.21325338414415101,0.10459286049348135,0.5554683624014247,0.501845501809518,0.18761077782503627,0.21838695810966513,0.0,0.3071378389528428,-0.052564902190105844,0.4315762503982732,0.8307054085023917,0.0,0.0,0.0,0.17888538961255357,0.0,0.6114328336981725,0.5414789459130287,0.12531047698061598,0.7843736422676103,0.105854251898857,0.0,0.22543913786930644,0.17900176810143728,0.34659204849422165,0.4885789203703198,0.0,0.0,0.0,0.0,0.07695917333703878,0.0,0.0,0.0,0.34225040674889295,0.0,0.0,0.0,0.36717518883828687,0.28207590014390327,0.0,0.0,0.0
-0.04468893798582719,-0.13739897471169688,0.11588346685317817,0.37339116880162143,0.1959618233926581,-0.21352439812751298,0.13964850571768744,0.1602383442032007,0.19895628449267894,0.20351729253772588,0.0,0.13824610243216648,0.02440289579291565,0.20748486478346398,0.0,-0.12077085718010379,0.04644397097833614,-0.07384833628691027,0.0,-0.014579589393053382,0.019852560317074934,-0.011877313454086434,-0.1904365422569913,-0.000488602978280319,-0.06755592065945454,0.05065915071447653,-0.31294506149785567,-0.013880515330740435,-0.16369441231657111,0.07829624285953803,-0.18102129278338677,-0.16776398493850125,-0.07172591718688616,-0.13335180000669083,-0.12148349398653473,0.14366841476266123,0.1553849716290968,0.16258843171719217,-0.13532556835689585,-0.17304146431808098,-0.1014829041843957,-0.2604048978235777,-0.0848046611714458,-0.5273318919701142,0.0,0.26540541510813936,-0.13307356954658417,0.1579993062863412,0.0,0.0,-0.09433721634470633,0.27128968375669726,-0.01735356805707955,0.18846641550059703,0.0,0.0,0.24637991439507034,0.2160488461294201,0.2112554854827051,0.1534913325267871,0.14486888344963259,0.26821277865255383,0.22790186426331682,0.0,0.1422007309297814,0.06446479093391352,0.09954254004359257,0.07493057579943496,0.20454936538888063,0.08563843009831282,-0.04376993817433247,-0.046218659274638155,-0.04016479421034684,-0.0008468857492453102,0.10680357479211605,0.0790431983769202
0.13681050249212906,0.04396688112644225,0.139754793774875,0.04454909587784118,0.11594848669317975,0.11728199458103376,-0.07027162723633779,0.12848466986438709,0.13489905340280728,0.06632485637189298,0.22458606163899397,0.2625825245081695,-0.051213093200848187,0.24283921865366964,-0.12077085718010379,0.0,-0.1126986479605091,0.15488303588820307,0.23218310315967947,-0.044499554520473925,-0.017107822981803508,0.1154042974843864,-0.0809374859208046,0.42410975548093266,0.13825609194140162,-0.1112142138935874,-0.027758404812840917,-0.06507755324371722,0.03307739906105467,0.05058912747072786,-0.05149419152622968,-0.005414889108081872,0.10124711419433532,-0.08610738547770834,-0.14807283072187455,0.2918462701932969,0.13994113705787653,0.2909464611283208,0.028685622130965566,0.11452331306570941,0.34784445637595274,0.21663291917871288,0.2091891245006173,0.0,0.0,-0.04059495569515487,0.18360994316969803,0.0,0.0,0.0,0.05660923779571348,0.2542188156594587,0.36841187395272057,0.0,0.2037970150224622,0.0,0.07962756323456133,0.25914835649006357,0.0,0.03887019867405736,0.22918019047307575,0.2529367533623619,0.3676371227501263,0.0,0.12570132278672197,0.21184809247266556,0.07095525722111262,0.14260374408119547,0.11554161461969478,0.25424656151674674,0.21286193901308725,0.11836822823349821,0.7206058084722629,0.3826435699151692,0.0,0.1802605566722093
0.10463499332934256,0.1735996370437663,0.18643831478256628,0.1874347141322011,0.12457942947404818,0.2812752153767279,-0.04755489106481157,0.20011392347788298,0.08895711033618856,-0.058678780852598346,0.22360832985334272,-0.022797588370764944,-0.05467072827558636,0.21362281782395154,0.04644397097833614,-0.1126986479605091,0.0,0.15388921237068828,0.12565693718079046,-0.23916771101373152,0.16042760975842085,-0.259446971806792,-0.02788417076166955,0.08702387431792546,0.1551855259761833,0.05233580308718664,0.38310539114571823,0.15820839580929674,-0.11432575360973972,-0.1341583292147639,-0.11269453092958116,-0.12902807188788057,0.21970135887050024,-0.22450865393217717,-0.21367294910210058,0.16834924504862372,0.10735204034388093,0.049481400803512814,0.12474699066615491,0.07523547426982138,0.05106632869137437,0.21358561295774203,0.0,0.0,0.1620895988409877,0.23987770010247073,0.19513553169112352,0.0,0.0,0.0,0.0,0.0,0.0,0.0,0.2306577225815276,0.0,0.1645027166296923,0.13971866261769053,0.0,0.3519893089225738,0.10287904821588387,0.39525041533394856,0.3251088524570205,0.0,0.0,0.0,0.22699419421985742,0.0,0.19832956860067422,0.45264971237196905,0.21071452770247254,0.0,0.10231146509789513,0.2033268890462068,0.0,0.40140283782450403
0.21025730959161074,0.09775054702228467,0.14468477038983654,0.21191495003042565,0.0994166582110503,0.18718169686834546,0.06540911095163561,0.13952920592876705,0.037695215228708764,0.0547732402428032,0.2163776887312537,0.19404618705262144,0.09721371439957759,0.21632697016618582,-0.07384833628691027,0.15488303588820307,0.15388921237068828,0.0,0.13902992575338838,-0.11968969394527246,0.22702843559194538,-0.055239254048099665,-0.05233705779660891,0.178654830544546,0.21209629307519998,-0.006872181244470154,0.10109170064993464,-0.0075583432737086585,0.0395690074913142,0.1487947829635476,-0.10435834567706397,0.018652629860784028,0.27521465823147484,-0.10242104789096415,-0.0761078515437837,0.19545128566139983,0.10114452292523728,0.24628021494644636,0.1463053945316422,0.21660133158075062,0.39678545445718066,0.32060387710731747,0.0,0.0,0.2646739689766668,0.22153532784831698,0.341851318620722,0.0,0.0,0.0,0.1764756404798562,0.23676799143083893,0.3549056510551875,0.0,0.20145568071954925,0.0,0.1641573411209329,0.18449617605599825,0.0,0.17855604975319894,0.3375930419333942,0.2742577691239248,0.2813975500878081,0.0,0.27364219183935456,0.19220791688545724,0.27911682880124933,0.7189442952124736,0.21043202299121566,0.3214960606538391,0.18412982247977416,0.09449860677949172,-0.15363233039607513,0.11761197651633609,0.0,0.2814180653530121
0.0,0.22438565405416552,0.19695372021795224,0.07120308278859899,0.030762059467427168,0.10199359506940556,-0.2360291977337731,0.13555206866486158,0.17998968257313497,-0.1568154445996534,0.13045403498295347,0.11511081858602676,-0.09734034354303299,0.06279923047233153,0.0,0.23218310315967947,0.12565693718079046,0.13902992575338838,0.0,0.23911758464320335,0.19614793121613736,0.2522353298135304,0.1445031202770821,0.10010381281696419,0.15850366014979916,0.3290547422510611,0.0007804978494598304,-0.06280954958312555,0.25145715500180554,0.22042370604454337,0.0523717715834123,0.11749059862739089,0.14495962888348315,0.0752830857337172,0.13470085883337873,-0.01768554369046168,0.09499066283071841,0.12243979466823582,0.13005009636000972,0.17196798625871612,0.05129576519241103,0.2460919134523925,0.20477157510812588,0.15068041718267058,0.17484709564021286,0.0,0.0,0.13267700607641203,0.0,0.2690245230004442,0.25411013828634327,0.31387930211411796,0.10160084794277557,0.2724281917771728,0.3752786634736178,0.09964451543781731,0.1801353299574512,0.20643567819183792,0.4667959643830941,0.0,0.0,0.0,0.0,0.30057157654661987,-0.42991103890775534,0.0,0.24378087005266075,0.17337739349773662,0.0,0.0,0.0,0.20401815216508706,0.2995726507511536,0.15217993324571027,-0.42322448155561015,0.4793528804140274
0.11336340249253743,0.045194366625609945,0.12954496709646007,0.23336710595985066,0.019284324001554123,0.020253054298072753,-0.009086584067494123,-0.11478929476674637,0.08050825985263275,-0.04278850621393729,0.19700010229868137,0.17040417641957595,0.004784932074207621,0.19858924433053146,-0.014579589393053382,-0.044499554520473925,-0.23916771101373152,-0.11968969394527246,0.23911758464320335,0.0,-0.024588417838913003,0.017818685520884246,-0.001841764233706293,0.18977030863404917,-0.023489460468344343,-0.1489602335004331,0.0036721224652627414,-0.032958303333262565,0.00791050444277621,-0.11668325792130688,-0.12946660845145605,-0.12960090176934677,-0.023445546964359243,-0.22144955115248832,-0.186398599254909,0.04930645245905664,0.08324998733243119,0.35996924295328603,-0.23730192727661836,-0.2662723260568913,0.007851903996012523,-0.22374018455798322,-0.04446773478364895,-0.04154617166884966,0.10449447311120283,0.19419892496371544,0.018162706465597856,0.1510774918152036,0.0,0.0,-0.13713260084785517,0.20566287372080028,-0.0033130997905638088,0.15167279319834617,0.4121374006162448,0.0,0.2537362088351039,0.041728268174017945,0.0,-0.04453023648146357,0.13568616707363249,0.21115051357055162,0.27372786947876643,0.0,-0.09302416807014394,-0.025830555053143703,-0.06939831269602659,-0.11883038026803472,0.0,0.11156419102172643,-0.013118840863566187,-0.15159320739406057,-0.12554697781743115,-0.09537357806556014,0.025912458825697097,0.01656166028324431
-0.050531368097427844,0.1402656941557283,0.09309359486291793,0.20670808723111522,0.7288064929578604,-0.021338543748344624,0.1422509739691335,0.30210475279388355,0.22696484588496374,0.24522553646257178,-0.07404410478006826,0.11105961723824509,-0.052249622356868974,0.28917367840713315,0.019852560317074934,-0.017107822981803508,0.16042760975842085,0.22702843559194538,0.19614793121613736,-0.024588417838913003,0.0,0.1947898323746621,-0.061731678277373005,-0.07284606899261022,0.06908332812942351,-0.06773033670202275,-0.08963137419226977,-0.07024042563811062,-0.02828727107602543,0.041762357612882293,-0.10186304922544344,0.007893392398387662,0.3262752137518306,-0.0012543800475569994,0.29556772829340455,0.30993004062988466,0.09870881845467408,0.00742504475182033,0.03817280204866111,0.22955432557703134,0.18705319902813697,0.03962570021653795,0.21189393383371147,0.0,0.0,-0.1623787730313872,-0.02403629298447922,0.26352454157656646,0.0,0.0,0.045145697229363624,0.1518087483244787,0.3570809946384139,0.20482428211368028,0.2495747620214322,0.0,0.13543714901294246,0.24547981087731438,0.0,0.03388761247352516,0.09423975998527126,0.0,0.6829806752244351,0.0,-0.06879718242802471,0.2596393706622918,0.0942582708693057,0.06723207794057182,0.40174151701280325,0.07278171644054439,-0.03955601194841828,-0.03162334954769875,-0.022772348678398648,0.08967174076812909,0.1332476047726425,0.1022009456659741
0.08203573327170288,0.19259197850195298,0.2773239028623444,0.03298514725721637,0.0682756444266003,0.045227924098561224,0.04831880843027045,-0.014885517149317351,0.12932646246257665,-0.0019381397015706021,0.1580440826157694,0.10568438862377771,0.07080739305089784,0.10592552471773116,-0.011877313454086434,0.1154042974843864,-0.259446971806792,-0.055239254048099665,0.2522353298135304,0.017818685520884246,0.1947898323746621,0.0,-0.014856273240072094,0.5236822177800385,0.1153420615963982,0.10101208927930846,-0.10720552172330214,0.07426051846626978,0.10282852320270021,0.0636759963526213,-0.14155111634186224,-0.10564327612303638,0.017193728719304507,-0.14398873785837957,-0.12043490718795678,-0.026253926193926896,0.029725720103707557,0.2722253678857795,-0.24201728346806634,-0.17163337760641384,0.22780083200098394,-0.2107103427628006,-0.15752924851978917,-0.19654565490613216,0.09620856479684513,-0.15698626666426183,0.26594089677248567,0.2018214473793874,0.20720504163433381,0.11607538993781223,0.037844818981823486,0.20865080903579206,0.12146256961766526,0.20518031597448141,0.14727214990019433,0.0,0.21421911192164603,0.2638058018264669,0.0,-0.0013539729213185789,0.20440351117132513,0.1576107566906438,0.1921581125638753,0.0,-0.09330706926298321,0.0810517465813557,0.06059388325551313,-0.04270933145430135,0.3649344842933758,0.015177941300357475,0.06954537873191938,-0.07085701919007695,-0.1462422817342492,0.05289252771273096,0.31984111616144695,0.019519595493850905
-0.08894619482003523,-0.10680854990205219,0.0351632304348905,0.1450420885372298,-0.01927016195755866,-0.04552664911804244,-0.09982504527427022,0.02737319469886909,0.01395376819926902,-0.0602386001527612,0.19228109798473147,-0.04003601723243242,-0.08668499262111914,0.23290946266198637,-0.1904365422569913,-0.0809374859208046,-0.02788417076166955,-0.05233705779660891,0.1445031202770821,-0.001841764233706293,-0.061731678277373005,-0.014856273240072094,0.0,-0.12108377355630875,-0.11801112824088639,-0.2249809261573152,-0.1276539770319812,-0.12443923030583956,-0.10198505565542088,-0.12244002070885705,-0.16601114629982106,-0.09370533809376963,-0.1679472736424408,-0.14902769429449766,-0.16253222612377985,0.12715941835424727,-0.02056560201763544,-0.04467823195123439,0.0024637636044248373,-0.11605610941674929,0.07647915216623968,-0.24524657302246997,-0.06612954763683485,0.07453271464335105,0.5771153707946424,0.1573188875955727,-0.0004471247956041452,0.22916100776232318,0.14179522424272223,0.23424520991100822,0.04033422562134882,0.19890090752782608,0.16228853020230166,0.17700334208693835,0.47624782297651197,0.14411683069926484,0.10971857931341056,0.09230459564943037,0.047656281233995644,-0.08246578158472234,0.2207255491225642,0.20594244567659176,0.5730121171927316,0.2098430629612079,-0.1414926891997597,0.22516083154485278,-0.2320642527843283,0.1706593543167124,0.0795388121478772,0.15548550099384123,-0.061977908585813174,-0.013078703838379502,0.005677926145627954,-0.03429370352746162,0.07417485742890145,0.02630994322406719
-0.033919179857693285,0.15034404803200446,0.12814781112924772,0.050567373468221995,0.10774765937048225,0.11966532978780105,0.1664796804145251,-0.1508605321127375,0.051479972210170435,-0.09823808718396443,0.22157175223892525,-0.010674861649551688,-0.028642777593448555,0.2278437374253528,-0.000488602978280319,0.42410975548093266,0.08702387431792546,0.178654830544546,0.10010381281696419,0.18977030863404917,-0.07284606899261022,0.5236822177800385,-0.12108377355630875,0.0,0.25655961644222214,0.007130138180186963,0.026241046461295638,-0.25893009605963074,0.16599741538075774,0.37284555910949,0.15720984813260275,-0.04444843910448975,0.2511450178287994,-0.23131722133053204,-0.2912763097482198,0.6645131732662161,-0.12500326981843796,-0.0827969623887431,0.020774650892162017,0.03762949199569145,-0.2613387594078172,0.2740009179753696,0.39075788172770565,0.12164752839176683,-0.25329390687398945,0.13075042768378387,0.25886228525344174,0.0,0.0,0.21765927819259923,0.26930163376686,0.13921135132271664,0.0,-0.03245716191154683,0.05941992748847791,0.23297619897713515,0.05059318630046568,0.15212243154198954,0.0,0.09283370376883109,0.2463980693911466,0.3183661168798171,0.2509182623333185,0.19917868863365457,0.1261976269078594,0.22520715281090195,0.022441178538350037,0.3705724625168168,-0.0734490193155685,0.22028607645971957,0.02190749461008487,0.22491673791032363,-0.07972175515234486,0.25137239747654794,0.0,0.11473079778960052
0.16371947741847248,0.10240509310318847,0.15045205471107892,0.3844290201433265,0.11092059391877612,0.043657610871036506,0.061418962341270034,-0.019421694213744428,0.009285148854002556,0.1092696478462946,0.2753653202316598,-0.01175995780140631,0.06968495815161066,0.23535005199677778,-0.06755592065945454,0.13825609194140162,0.1551855259761833,0.21209629307519998,0.15850366014979916,-0.023489460468344343,0.06908332812942351,0.1153420615963982,-0.11801112824088639,0.25655961644222214,0.0,-0.06726965205407692,-0.06354618735006826,0.020808580604934873,-0.03440383861444669,0.08163581249597168,0.04820883050499534,-0.06558932817844398,0.29708448981558383,0.09643642634914333,0.08509877196281147,0.11445002792361332,0.2583912052650741,0.30785384133289295,0.2741268752186666,0.2597346104542435,0.4132801503873798,0.39382085035475245,0.025525717526380987,0.0,0.18293959229069415,0.1255963992429706,0.3287988222958222,0.0,0.0,0.0,0.14662278676378152,0.2146978885448883,0.2796248628554093,0.18821823473446417,0.30390825104864516,0.20473037124573218,0.2035928685905076,0.22206143098345363,0.0,0.2210436018263004,0.34665647582681164,0.40583328372829075,0.39908652217595725,0.0,0.2524854457052666,0.35717561444341767,0.2960600768642341,0.2417031707656114,0.2388066157976102,0.37821339018975025,0.20295244333493676,-0.01863667106798051,0.27485923559023434,-0.029402147340681955,0.0,0.26855919225235025
-0.008325798863936584,-0.04883665489498197,0.07482539121655765,0.3025172150936404,0.05662262686038633,-0.14607651466681026,-0.02373173940131766,-0.03366158290754472,-0.008539230109370535,-0.0789603362475181,0.1999405884675508,-0.07983575647446024,-0.04316851350385206,-0.13726290384432083,0.05065915071447653,-0.1112142138935874,0.05233580308718664,-0.006872181244470154,0.3290547422510611,-0.1489602335004331,-0.06773033670202275,0.10101208927930846,-0.2249809261573152,0.007130138180186963,-0.06726965205407692,0.0,-0.20929975802938772,-0.020350716796577895,-0.0185401498331269,-0.11987122749385241,-0.08045371706438346,-0.1551056335747268,0.13177892829631807,-0.04601664958316837,-0.08092046670130736,0.017681175789887676,0.1866966163886619,0.3801506652551618,-0.13004584316770548,0.17913985426482681,0.27878378437058415,-0.18749045350931043,0.04978681129594284,0.241193072075433,0.27138790610627017,-0.14194464506372495,0.055917885613804744,0.2458775094764104,0.0,-0.019982786437621032,-0.07078612102891656,0.13251695313422482,0.1833188656021675,0.14110554283285845,0.18273895317981717,0.0,0.10532144401813362,0.12330249576426304,0.0,0.0647287018781906,0.12389790869381086,0.30203709331562306,0.21002499479946174,0.0,0.010090552089425914,0.01470722539443774,0.17466157857170264,0.01051032448539934,0.1193733576255093,0.1946283678474414,-0.08292587249857827,-0.1299128022906205,0.083790059917265,-0.27925141527641867,0.20245700671106978,0.006657122093865667
0.03783432904512515,-0.13568330186764088,-0.08429461050758993,0.046138329883779576,0.021009156054771386,-0.045400472151479555,-0.09626352144722297,-0.09724166398482961,0.1058559112628918,-0.026110575819174253,0.07514999865437992,0.3118646670718156,-0.07456328525873188,0.122273764128854,-0.31294506149785567,-0.027758404812840917,0.38310539114571823,0.10109170064993464,0.0007804978494598304,0.0036721224652627414,-0.08963137419226977,-0.10720552172330214,-0.1276539770319812,0.026241046461295638,-0.06354618735006826,-0.20929975802938772,0.0,-0.08070338493766269,-0.18539643416745616,0.0023108495691692606,-0.23451207652184425,-0.18058774307637326,-0.21770377513109238,-0.24714032905852226,-0.2606286053502147,-0.09555144902783277,0.006644847964629365,-0.012490746156717449,0.0043243425697653964,-0.18782277529992236,-0.07706108469294606,-0.17528360699370793,-0.12509249587314278,0.21589990831707184,0.14442177347732194,0.17320473177341514,-0.029032615849031662,0.14414296828958598,0.18713648291780155,0.2947379663473174,0.07171232807137135,0.1320350184842484,0.00820341951472333,0.11123160572813293,0.3237609780695715,0.0925670764987141,0.0744203200759071,0.05142535389146443,0.16252969946469037,-0.16701375509379396,0.1943160510419928,0.0,0.11370743234114737,0.2479427593071649,-0.1796244467065005,-0.02409980042386932,-0.26458931731218116,0.009813565377589172,0.0,0.1304723473104578,-0.15079853530052378,-0.06646888122688872,-0.020457403559871037,-0.11300492311061036,-0.07871413900478998,-0.03704729467527585
0.046686557494595125,-0.05334341670770882,-0.04287487736049476,0.09915596590218695,0.2735600620159027,0.029174937223649146,-0.04039219174761792,0.01025356233818504,-0.02846220247604383,0.02338529503346536,0.03337486387728775,-0.12087001989509304,-0.01933822306960253,0.4098514372092985,-0.013880515330740435,-0.06507755324371722,0.15820839580929674,-0.0075583432737086585,-0.06280954958312555,-0.032958303333262565,-0.07024042563811062,0.07426051846626978,-0.12443923030583956,-0.25893009605963074,0.020808580604934873,-0.020350716796577895,-0.08070338493766269,0.0,-0.0380570301009353,0.06963869417969243,0.15249596961234688,0.1402040936369119,0.14091804163465,0.10581712609425636,0.2812442065500902,0.22286959166632272,0.10333597257538589,0.005411358531640809,-0.20351217991846762,-0.053745127315451564,-0.11172415363235971,-0.03522690695478795,-0.22222051786787062,-0.08793844739226532,-0.09902822952860241,0.26035606626073565,0.15748662323493515,0.25133370838687463,0.0,0.21881180462926964,0.04062719703769663,0.3315780908155879,0.04304697724546185,0.30491820969344013,-0.5200394719485592,0.2300567272929522,-0.07917777981605294,-0.1359277953189185,0.1543128673938662,-0.12430060805242882,0.42030844489374697,0.06054825213521965,0.1884750951991755,0.20184587909065307,-0.2622875660639045,0.1773766942804324,-0.3504238111751516,0.05515448782615712,0.22214538444067833,0.13179530579536936,0.13187119047478435,-0.04544952189332365,-0.3166870544740236,-0.07264340043611225,0.13184610244505643,0.09604574443708684
