0.0,-0.01345211419680764,-0.001529682688930667,0.0,0.0004909918954882908,0.0007990085556048854,-0.0017039205669197033,-0.011609858025158348,0.00019729677911317633,-0.03602061309614274,-0.005833252405745226,-0.03191532332843139,0.004915020919997959,-0.005860617655354838,-0.006566643096216629,0.0023467657935244413,-0.00037424237835231855,0.01174535630657797,0.0,0.00818057888427054,-0.023455040042625774,0.0030476807508188486,-0.021287502598962393,-0.03154725925523888,0.009956390452039943,-0.013516713372034028,0.003113592376750518,-0.009489932240613341,-0.0015488185517949504,0.0019481035425747972,-0.02114920072951515,-0.010255748220957095,0.0352365036040424,-0.010184429091397218,-0.028556391108283785,0.017903153220522827,0.0003593148914809996,-0.03349677663219647,0.0021746896133010285,0.025260928632554802,0.017780836677488143,0.0015456248116276217,-9.765519049853566e-06,0.0,-0.000944370559648855,-0.008707663849828517,0.009218806007510627,0.0,0.0,0.0,-0.003045226099672338,1.1102230246251565e-16,-0.0019433752424311557,0.0,0.010630594801499305,0.0,-0.008599632846621241,-0.00016804302850126351,0.0,0.00039385450496698393,0.01899132580734908,-0.0021015462396145046,0.027463165592906347,0.0,-0.0025479931716281823,0.05405817225147064,0.016946344128857038,0.0030534712673646602,-0.030837286670367392,0.01947721312157663,-0.009224149500835166,-0.001273606579404174,-0.0002232649833419087,-0.001635679078471397,0.0,0.014197684407732614
-0.01345211419680764,0.0,0.010616908615131093,-0.0001403640208090251,-0.0011523102290482146,-0.010900215815094871,-0.006373058084058192,-0.006894880578413309,0.0011848595642764415,0.01378785968044799,-0.00030827550365736256,-0.001976151590931785,-0.004705804353570486,-0.00019996760056045781,-0.016476947158876265,-0.014888470645166851,-0.0011821420259353066,-0.006513181274497293,0.0012534972319549476,-0.006432621097414271,0.007926594145002408,-0.0018631790972157836,-0.02068530462256951,-0.002209078270439313,-0.013576014498752842,-0.02886198537872703,-0.02353428436895766,-0.011319847714621856,-0.010993693458283604,-0.0025574934135690897,-0.02139578563999378,-0.018466941609309173,-0.004808896096304027,-0.010611477701059857,-0.00019228623813238865,-0.003247479055705882,-0.00024684701061644665,0.0,0.010626098596802747,0.0010453964910879243,0.03218479576993305,0.01914284347440648,0.0008714433985473891,0.0,2.220446049250313e-16,-0.01515766315192052,0.016146195047819945,-1.744739429088149e-05,0.0,0.0,-0.006893706680620226,0.0016161239767411018,0.0007936074589532383,0.0001276027263241719,0.0005040196271832165,0.0,-0.0006131608473038952,0.0035210080912686514,0.0,0.02394107552589614,0.01625879405561198,0.0019313345994532716,0.01956445344631569,0.0,0.019930322907548703,-0.006971148908528235,0.01303480214703473,0.011967893652141737,-0.0013371855263537014,0.0158634774031019,0.008264069036122257,0.0060275255176899245,0.00022561239122609322,0.009475365099972655,-1.1102230246251565e-16,0.01024987591370613
-0.001529682688930667,0.010616908615131093,0.0,0.016486531847739905,0.003295464817861915,0.011236150000704881,-0.01778548550421749,0.015392258542114512,-0.0009096642239425079,-0.0020770171652234604,0.04239059352158148,-0.006878887721238958,-0.005863438363523599,0.02467357238812018,-0.0011344121173471056,-0.00015207009595441523,-2.3824403053873677e-05,-0.0019969759161705958,0.028536191060988092,-0.0009994286016366538,-0.003029471531350192,0.018965329037095635,-0.006517797173730577,-0.0030910936882699303,-0.005185606559880929,-0.004062217460556405,-0.02935969561233598,-0.003171062704885541,0.015654893750877696,-9.752147826164181e-05,0.0053875909375760145,0.00993244978284008,-0.00486810088921219,0.008994611524900886,0.01853319846152529,0.01884678343612839,0.010068572659560127,0.012056319736669596,0.03373044176555573,2.000020883907716e-07,0.002442834825895024,0.0009492612188313765,0.023785210538913304,0.008221507559930619,0.0,0.0,-0.0003433785641241971,0.04170740273271062,-2.1933616815017487e-06,0.04698317361246762,0.029096772717758235,0.04318247712185708,0.02251567478285188,0.04144379140627896,0.0005666974841829764,0.03014173796906433,-0.0012740937006994746,0.03988194677857515,0.017156994241358414,-0.0002983236977705528,0.0,0.0,0.0,-0.023371982804432756,-0.006789060388218082,-0.000306771145398288,0.009243870358570772,0.02971629815713228,0.0,0.00015097766858140904,-0.0012543200865369197,0.02208539062323034,0.04003312316759933,0.01235322005025502,-0.003942860947178328,0.027272207284794736
0.0,-0.0001403640208090251,0.016486531847739905,0.0,0.04652818905572553,0.024456903401797292,-0.01739818542398136,0.012171710016471049,0.004918203716356595,-0.017432846350626446,0.002658052266342692,-0.0057846744554815865,-0.0301910027238943,0.025985831683219773,0.009728469921065852,-0.0001717038353737932,0.00029683909716554657,-9.987887006623897e-06,0.0014722959418140835,0.006253455046340062,0.00013452770591959595,-0.009774314604653722,0.009589040169528995,-0.0014760162869481008,0.0006045576928135343,0.0016168782155336903,0.00046518854489646655,-0.0037122352929708224,0.032592666347469934,0.008610037896696843,0.030372430081168633,0.024372558960222224,-0.016149139090916087,0.019441097549043662,0.059423078771539684,0.02599155183825308,0.0050791076424187565,0.07306734638126805,-0.03214587502961322,-0.048310004961615804,-0.0001795291364149465,0.024664041654100022,-0.006965750543899085,0.001848050282824032,0.0,0.0,0.0,-0.000563336151442162,0.0,0.0,0.0002665110064111742,2.220446049250313e-16,2.2858609398601626e-05,-0.0004849444299884209,5.551115123125783e-17,-0.0009534885904883827,-0.000675349192481467,-0.00028085171032471434,0.0,0.0,0.0,0.0,0.0,0.0,0.0,0.0,2.0154418380935457e-05,0.00011798479327251865,0.0,0.0,0.0,0.0010953048194967119,0.0015212218046438686,-0.0001333492402215697,0.0,0.0
0.0004909918954882908,-0.0011523102290482146,0.003295464817861915,0.04652818905572553,0.0,0.004402677478255845,-0.002948880605532167,0.038089578354761844,0.01580101697782349,0.014467863810684267,0.004386712458137931,0.0006684922427768192,0.015738263377235884,0.044206557870867524,-0.0004583475609423737,-0.0009975002007173162,-0.0008792606359280808,-0.0034900388409976335,0.00730719470161717,-0.005878691892395649,0.06953064275068555,0.003657898791490366,0.00212728667377593,-0.0015977109913585807,-0.0009780508860747217,-0.006213528034051896,-0.0035446817304840006,0.015412884711237529,-0.004353265964448516,-0.001403082864216254,0.023857798476146996,0.032080399878331,0.02358449461461548,0.029755703577498682,0.04001560724204539,0.07852174669885642,0.044926419525030015,0.03158882241686095,0.03495083499844304,0.0008031031483475282,-0.0030449313195327066,0.007736707275963206,0.041587562564380176,-0.011068651889862391,-0.00029955963030536825,1.1102230246251565e-16,-0.00014132562457946918,0.04880038367974693,0.0,0.04913180785118304,0.04479446262670461,0.05550427559106097,0.0489187695483726,0.047703279790416886,5.551115123125783e-17,0.02784315209132593,0.00010616541687274994,0.04366107580985851,-0.003709594666985949,-0.0003129365177559351,-2.3757834439197545e-05,0.0,-5.551115123125783e-17,0.05831152353680774,3.4483163021625796e-05,0.00015450547164208572,-0.0005102471135854381,0.03947154861332325,0.0,6.412308433345615e-06,0.0006943925227280157,0.03814249728717867,0.018050780251425036,0.02475364426922333,1.1102230246251565e-16,0.0880416557653868
0.0007990085556048854,-0.010900215815094871,0.011236150000704881,0.024456903401797292,0.004402677478255845,0.0,0.00016295816542755137,0.004515979386717384,0.015335544532486756,0.0023933777851055105,0.008243481153766996,0.010767930443710327,9.873549048783348e-05,0.02272955421020928,-0.025642683599221117,0.0032592436261926205,0.01526691616568171,0.00908830355633189,0.013043618818151248,-0.009034776080752094,-0.006117541465770204,-0.0030627883063740757,-0.017889003627493183,-0.001121415093738476,-0.008500385655488385,-0.03395248939067369,-0.01497068628027104,-0.007966156702371108,0.008753260199412305,0.005308513636940626,0.016146659876071556,0.007131284968817042,-0.019680206599886507,-0.0009221710290067131,-0.00181377572288266,0.006737245210654164,0.019270264858725517,0.022690971266447424,0.026983404716212744,-0.01087914224622949,0.003539268414198715,-0.030503062989728547,-0.012819619763309198,-0.00593071123708816,-0.0018794169791254145,0.001362209624263755,-9.351704877691436e-05,0.027463763752561876,-0.0005008952111935083,0.04868744234802902,0.023899129810898034,0.0351810193572889,0.01613849961478292,0.035314207305414236,0.0032232146269974837,0.0256281529166974,-0.0017897535323196934,0.02832292737947628,-0.003002794071260473,-0.013005692664734558,0.013890093451543295,0.0,-0.03158197677266533,0.018206116938681793,-0.014667467536808476,-0.0032636401076687194,-0.017033314630221785,0.020815191720084725,7.000789217015413e-05,0.04381989088469285,-0.0039275772472468495,0.013712712753901402,0.01986410679075412,0.010142317833168657,0.00693225012596177,0.0178862782450655
-0.0017039205669197033,-0.006373058084058192,-0.01778548550421749,-0.01739818542398136,-0.002948880605532167,0.00016295816542755137,0.0,0.029464839103346463,-0.010298172062303879,0.004457141192815872,-0.005412892398287128,-0.006171288648867013,-0.02431461903981247,0.029183939827668925,-0.0008057735850377501,-0.008947343574010225,-0.022621429987824737,-0.0015187728031953451,-0.025304857363842692,0.0021132026168309004,0.01457022121375029,0.005025872001875542,-0.002046939912595358,0.0007069940592607793,-0.002925115825616831,-0.016489160423238836,-0.005148287257804529,-0.014914453136718575,-0.00615375086209019,-0.002554953054608289,0.006404377783205573,0.012487028006379852,0.007483796011886812,0.009862428575531823,0.012376089037093196,0.027161243902448173,-0.005955310429301086,-0.002695012997233681,0.02855836984658755,0.041912131037822986,0.007411920556080864,-0.06449844801297033,0.013220937160399071,0.013423105287886039,-0.001122500144281613,0.0,0.005356175627235227,0.0321194975862763,0.0,0.04976128833846394,0.030896355571854217,0.043939375312388784,0.034327177404322784,0.04202680767722866,0.00030871499454954154,-0.00438011835539287,0.0004699331527140971,0.04105016912978443,-0.000757862612807414,-0.0008297005893765919,0.0009090257095690779,0.0,3.2661185597748776e-05,0.04904701373150522,-0.017878962647321972,0.0007647067116855477,-0.004512265320392395,0.028420468799079557,3.0812399102631005e-05,0.0007815007835808019,0.0002560821954969428,0.02426471088411075,0.03773228022902786,0.025530718320612766,0.01702951972277944,0.029739524429061026
-0.011609858025158348,-0.006894880578413309,0.015392258542114512,0.012171710016471049,0.038089578354761844,0.004515979386717384,0.029464839103346463,0.0,0.020374174347796536,-0.004114678407574235,0.03714370281114043,-0.018180678516546978,0.022219104287717784,0.014693638769259776,0.010944757050137754,-0.0018913666516243155,-0.00038904201206457767,-0.011708959745243552,0.020755611340417923,-0.019407976923850823,0.030604646807185498,-0.02050458753864337,-0.004486341796024806,-0.03247823768068231,-0.022526066655637944,-0.021060082577540606,-0.01813176807911243,0.00011191070510557788,-0.00366201075992878,-0.01235510610520596,-0.001197970333113474,0.05331553956520313,-0.05217207496724685,0.009686510137879356,-0.010881348161961846,0.06763418974310559,-0.07435094794596991,-0.0001403325576184722,0.036183084551709266,-0.001482316921762039,0.015012313404669908,-0.004671184794281302,0.0855329027067197,-0.0014730016058476791,0.0,-0.0002700155231718515,-0.0024138853013305206,0.04048099103733038,0.0,0.05328710798981512,0.025531290919276084,0.03732794118011595,0.10021252631481364,0.041078869738176205,0.0005758443260661106,0.03552750780512015,0.00010891245802574501,0.03247448678468273,0.08501679422812058,0.012352463547162185,-0.0002930703927550571,0.0,-0.0001615921151956745,0.0201698523242112,0.013941259737487555,0.107257044740381,-0.07452015129574119,0.040614721371475926,-5.551115123125783e-17,-0.00011092535536599835,-0.00515460710288107,0.019780904095520357,0.021636630592848205,0.020587459124165985,0.0011173739056321574,0.004938845612360021
0.00019729677911317633,0.0011848595642764415,-0.0009096642239425079,0.004918203716356595,0.01580101697782349,0.015335544532486756,-0.010298172062303879,0.020374174347796536,0.0,0.01214712262757306,0.021015714911260364,0.00864766518413368,-0.0021669216213352493,0.013279901282214679,0.0005122741835798528,0.006799393634881357,-0.002299034634782149,-0.00964445495958538,0.03284395286642822,0.004060849751470252,0.014520744330822621,0.011813334836440814,-0.015622293718579816,-0.007474194734232498,-0.010955212437648909,-0.020689219396134773,0.005247902743086841,0.003031699916961672,0.0037228207006231306,-0.002200752961746766,0.014302496846259005,0.022960617390488658,0.004307305791636129,0.018677417006997543,0.022577701648375414,0.013763080561742913,0.021468840767347397,0.012692813875209041,0.03919171689778572,0.021067338952787285,0.011854597822142099,0.009253058674875247,0.044515588200108036,0.020372027228624023,-0.0019456908959215036,-5.551115123125783e-17,0.009287358498137999,0.0390260629987218,1.0537012362643594e-06,0.03662607017526953,0.0405709552200787,0.05496804049101678,0.023152677672859445,0.03812406189238571,-0.0012976471069744977,-0.11935989271066977,-0.001161607833780165,0.04541918929923405,-0.0009206036182801691,0.004269553163089912,0.00033606257182117183,0.0,0.0,0.01642709171839074,-0.00274695114612028,0.0013294655885805473,0.006394967234579385,0.03428749995361946,-8.870170212871287e-05,3.7779290623096706e-05,0.02058216458086709,0.025655795435069573,0.01717013271539858,0.028285987071636598,0.03973974766110544,0.03895308980327872
-0.03602061309614274,0.01378785968044799,-0.0020770171652234604,-0.017432846350626446,0.014467863810684267,0.0023933777851055105,0.004457141192815872,-0.004114678407574235,0.01214712262757306,0.0,0.014574354255544153,-0.032475097761716365,-0.012695471499569677,0.010773483085241065,-0.0003973092157489311,-0.011247024309205211,-0.02464985084468896,-0.006642271175855752,-0.00563067367286707,-0.014871612230347053,-0.0006766313273620095,-0.019036597981589853,-0.008357646825890519,-0.022199417922167564,-0.009754324991840868,-0.04004082798704239,-0.006033170013078404,-0.017581790118323504,-0.0013516028277096304,0.008021607543989229,-0.022435414887307714,-0.02690252714285074,0.04231540451254889,0.012044767030267634,-0.001913920751737186,0.03633982832996996,0.031131244993011398,0.018365946525557564,-0.0469487185632701,0.04795220521063348,-0.03819235435788626,-0.048970264259877494,-0.03544756151774592,-0.016442459164826895,0.008170252019422508,-0.026128844505526216,0.07134559147967501,-0.0004997174345056088,5.983061589498462e-06,0.0003448495567999199,0.001623704405656179,-6.967214656572462e-05,2.8001129887489373e-05,-0.001970440358437686,0.048310117528250485,0.029498060017252026,0.021511242921110896,-0.07535416157629538,0.0,0.0008922773304120835,0.03143429461594399,0.05884035006411692,0.05913661179745311,-1.966663697450244e-06,3.1953315461352716e-05,0.000512592808604051,-0.001869920465974173,0.0323199053009377,0.014158776299251385,0.04776637253665289,0.02428963024474673,0.0008075102234703091,-0.09129578303095098,-0.0011451995287178884,-5.551115123125783e-17,0.05731192512207173
-0.005833252405745226,-0.00030827550365736256,0.04239059352158148,0.002658052266342692,0.004386712458137931,0.008243481153766996,-0.005412892398287128,0.03714370281114043,0.021015714911260364,0.014574354255544153,0.0,0.025396372861975602,0.023010047100305298,0.005678968651767369,0.0,0.00012080027221944567,0.014767239169519053,0.011560126114366576,0.01775133233465792,-5.147907919855754e-05,-0.011203160544501711,0.0002262422435638789,0.033810977270471,0.021341094080147505,0.017833229746465673,0.011365604079300595,-0.0006890637503069175,0.015535099339566372,0.031763704183847385,0.0003919735261874169,0.03192417463405234,0.05210276221839161,0.017847057502951957,0.03847122039572176,0.036394756340067724,0.0694233255965615,0.04508077930945953,0.03143878407048056,0.04131218346773652,0.02774268674927477,0.026301206397206733,0.043803422200826725,0.04523822535122918,0.026301039268603277,0.003603494937805929,0.0,1.1102230246251565e-16,0.020320231685617474,2.0403639011679076e-07,0.012167230524444017,0.038549131619043164,0.05084200039774256,0.03816329587178485,0.007673056279423607,0.03046215770723315,0.00421408351460878,0.07051828996639037,0.029539529350920524,0.023978224021582062,5.551115123125783e-17,0.0,0.0,0.0,0.014349364988985591,-0.005767796087933319,0.0,0.007493343586691903,0.033626253743661905,5.551115123125783e-17,0.0,2.9800137774649293e-05,0.01775734899529502,0.026043217631422366,-0.017060254095206284,0.0,0.04150498151511017
-0.03191532332843139,-0.001976151590931785,-0.006878887721238958,-0.0057846744554815865,0.0006684922427768192,0.010767930443710327,-0.006171288648867013,-0.018180678516546978,0.00864766518413368,-0.032475097761716365,0.025396372861975602,0.0,-0.02090381733103691,0.003269734958497472,-0.00034800275323676466,0.0004608462488271403,-0.01580337709078372,-0.002299013028869812,0.0009976803970000447,0.003020966126176472,-0.005555302437866783,0.0008759334785770068,-0.017773467363723816,-0.018216891505165644,-0.0204675958959325,-0.03785247603972941,0.0211553317915682,-0.03789208602891975,-0.028139685910002543,-0.0012005338996516346,-0.009065193409463657,0.008875344842006472,0.05993335118891879,-0.010960745403196082,0.0027085597482908175,0.025658841133811727,-0.01263047232807063,0.02403149471713162,-0.01648256618076399,0.04937375374231728,-0.04486884741929781,-0.00481476890899013,0.0295640402030084,-0.02793561751253032,-0.0406532767311944,-0.00682092467284956,0.001423394865730787,-0.00046282736469127617,-0.000702565855346865,0.00011872113446631527,-0.0006645282350110082,0.0007413076572785893,-0.0004370045959197766,-9.151353634162529e-05,0.03573817696281639,-0.0009663030454616361,0.021748840987205975,-0.05799409928094379,0.0002583990261315616,0.00010558886434419712,0.0015055766932807746,0.05033516427884133,0.055235537750919494,-0.0004831548686807796,0.0003900369480376864,0.0014985929418390165,-0.0003772690030215964,0.0023653496584539746,0.0016708116024680142,0.03971786510535408,0.011965441559109558,-0.00027415328978713793,-0.09566641486920718,0.00025957107752022646,0.0,0.04505076109449446
0.004915020919997959,-0.004705804353570486,-0.005863438363523599,-0.0301910027238943,0.015738263377235884,9.873549048783348e-05,-0.02431461903981247,0.022219104287717784,-0.0021669216213352493,-0.012695471499569677,0.023010047100305298,-0.02090381733103691,0.0,0.02456953756122182,-0.0053215608209795096,-0.010679896937959787,-0.013087789510887904,0.0027346801238851692,0.00359554594688144,-0.005007602470471273,-0.003577092172709906,0.002718623427167277,-0.0048400862527880895,-0.01474692691358892,-0.001724645147368975,-0.014955256994825528,-0.0077511082581776525,-0.02147087300641376,-0.011209686523571627,-0.04444577687295875,0.0054675794478372675,0.014797023713365776,0.0182737083657612,0.006899141603232017,0.003698597007959159,0.014363739082025151,-0.027076099403453457,0.0038448475091705236,-0.005751347380816119,0.01695087148187907,-0.02329882209452394,-0.03033384351508861,0.005176048835518587,-0.01814665047595132,-0.022001124314356024,0.000661810098261939,0.013123195725822379,0.03268486552161498,0.0,0.05389534784529981,0.03491301082161069,0.03553432598360384,0.021604426636975038,0.04266290176066878,0.000752942289862446,0.0076143230049086075,-0.03856261434153058,0.04358807987700497,0.0001587800451512411,-0.03412764268444435,6.134243028987907e-05,-0.00027163222568349354,0.001720750402801119,0.052971091095921574,-0.030185345231815985,0.04176199410144066,-0.01014630366318603,0.02436000861343013,-0.00038367908463893263,0.014790039453502712,0.012395088316222325,0.013711167585318096,0.02015120260139197,0.011466570011251898,0.019598584253610385,0.03600400182926955
-0.005860617655354838,-0.00019996760056045781,0.02467357238812018,0.025985831683219773,0.044206557870867524,0.02272955421020928,0.029183939827668925,0.014693638769259776,0.013279901282214679,0.010773483085241065,0.005678968651767369,0.003269734958497472,0.02456953756122182,0.0,-0.0003117949324258906,-0.0003911351030586041,-2.741656688809435e-05,0.00010107522459140705,-0.0018232972949189241,-0.0005324289769104151,0.023042142915478236,-0.0005669074914225192,0.021649738641164706,-0.01533033484881191,-0.0002757351192452795,-0.018027390874846727,0.009835548941543204,0.047009670156979544,-9.788686992551199e-05,-7.268441612090504e-05,0.036701745195003244,0.09491312642525207,-0.0036492104267430436,-0.002244473596224983,-0.0013416416624040806,0.08804335540020838,0.06801368687772477,8.739430662990655e-05,0.00576830177566251,0.0,0.0005935258236961505,-0.014970750972298719,0.05795520208242538,0.005019140339310779,0.0,0.0,0.0,0.022736527743185464,0.0,0.08864133640406835,0.06695780232269,-0.002140013576447941,0.1339445407839412,0.011092095678540637,0.0,0.026572933502598983,-0.000171861467213541,0.0016078369801699188,0.07547184453107841,1.1102230246251565e-16,0.0,0.0,0.0,-0.0059260086225589315,0.0,-1.1102230246251565e-16,0.0,0.05097567159058203,0.0,0.0,5.551115123125783e-17,0.0408270541126291,0.00037604707301219786,1.1102230246251565e-16,0.0,5.551115123125783e-17
-0.006566643096216629,-0.016476947158876265,-0.0011344121173471056,0.009728469921065852,-0.0004583475609423737,-0.025642683599221117,-0.0008057735850377501,0.010944757050137754,0.0005122741835798528,-0.0003973092157489311,0.0,-0.00034800275323676466,-0.0053215608209795096,-0.0003117949324258906,0.0,-0.016399148769103533,-0.011932673144954664,-0.008606754949593953,-1.1102230246251565e-16,-0.03371549833800397,0.0067767158628458946,-0.01826318548735706,-0.04320629623886274,-0.010528662086753349,-0.008352666774132544,-0.0050663416847987475,-0.07814694402037242,-0.006054044825521632,-0.02250963580102583,-0.002697885302204439,-0.024925308509069266,-0.02168247341977131,-0.00936170477695053,-0.025808494753872258,-0.025205209669711903,-0.014138809232936589,-0.0022893693397495474,8.441415299603738e-05,-0.013401926915475704,-0.01759615326806452,-0.006253312105587994,-0.04009341400573907,-0.08484998676617145,-0.0615089224995965,0.0,-0.0008339371903623993,-0.00485373708282677,0.00026360286511184494,0.0,0.0,-0.006143391012946697,0.002105641239945555,0.0019569991268247877,0.0005216492359958469,-5.551115123125783e-17,0.0,0.0007492687936832554,0.018160467283147796,-3.3446782581325607e-06,0.023316955854421784,0.00832678015647026,0.0003547837359195727,0.0020941200771525392,0.0,0.015364149429335283,0.012773006855276436,0.008702184143590252,0.010731347784571132,-8.074900866600343e-05,0.0034546704797739913,-0.00024467957406104635,0.0006702421744280151,0.001935858004699309,0.012700517430116631,-0.0014618598715039344,0.011277075728148789
0.0023467657935244413,-0.014888470645166851,-0.00015207009595441523,-0.0001717038353737932,-0.0009975002007173162,0.0032592436261926205,-0.008947343574010225,-0.0018913666516243155,0.006799393634881357,-0.011247024309205211,0.00012080027221944567,0.0004608462488271403,-0.010679896937959787,-0.0003911351030586041,-0.016399148769103533,0.0,-0.027089202969343307,-0.018836139219265968,-0.0001490381944291852,-0.021174298923830104,-0.004810203471159791,-0.0034128265104801936,-0.015045564143509549,0.034255996685457535,-0.01608220160285523,-0.022693335529192227,-0.012510644350081424,-0.020915662361493892,-0.009051471648111542,-0.011121453010710158,-0.022715411265944507,-0.011762645414768458,0.0014367647880985102,-0.019218821402757158,-0.0336377286608574,0.0014517984682973495,-0.00022854815599626654,0.0018235985331181426,-0.004378593082569271,-0.007539732337274951,0.021983251669090154,0.013323929785314936,4.3612052550434655e-06,0.0,0.0,-0.004185744822028603,0.010548893887165844,0.0,0.0,0.0,-0.0045566327784195,0.0005698611603886516,0.0002866897389742218,0.0,-0.0016518746093464598,0.0,-0.0016016855972189603,0.001057911388321009,0.0,0.001364663329462945,0.008439285949204456,0.0005978924892473536,0.02009669925015073,0.0,0.0117848409626502,0.006447475996639973,0.005447353937567956,0.003905984223607717,-0.0018668984902064367,0.011338789644208869,0.01350799656002799,0.0007828660423460643,0.05265094161719658,0.01951781015996934,-1.1102230246251565e-16,0.011600857458828384
-0.00037424237835231855,-0.0011821420259353066,-2.3824403053873677e-05,0.00029683909716554657,-0.0008792606359280808,0.01526691616568171,-0.022621429987824737,-0.00038904201206457767,-0.002299034634782149,-0.02464985084468896,0.014767239169519053,-0.01580337709078372,-0.013087789510887904,-2.741656688809435e-05,-0.011932673144954664,-0.027089202969343307,0.0,-0.010111653027869205,0.0004766967053528304,-0.05111752229690891,-0.0001461855313379945,-0.03948543179106162,-0.010209356101226197,0.004449161454689821,-0.007036206258148547,-0.00477386518938816,0.01738644966510211,-0.014180942599533897,-0.02031525655290095,-0.020699318524192323,-0.02288102614582599,-0.017656931813479215,0.016496264002213212,-0.027036564281849584,-0.030753973317620753,-0.0016292274561490183,-0.00035250598453451243,-0.007989701737671828,0.0010539858388408097,-0.007749868584040864,0.0030783976589279227,0.00047577519761204945,-5.551115123125783e-17,0.0,0.0005288251765121488,-0.0009832744082088896,2.6162805934315525e-05,0.0,0.0,0.0,0.0,0.0,0.0,0.0,0.02845050200090149,0.0,0.023346311360371907,-0.0010765641711349971,0.0,0.0001375519335913844,-0.00010910192834334698,0.03983293524499465,0.03363797627336956,0.0,1.1102230246251565e-16,0.0,0.0003365615321474502,0.0,0.021363873051175264,0.045215041105152565,0.01999010480845409,0.0,-0.0013018534896683809,2.628310185376348e-05,0.0,0.03487958813011638
0.01174535630657797,-0.006513181274497293,-0.0019969759161705958,-9.987887006623897e-06,-0.0034900388409976335,0.00908830355633189,-0.0015187728031953451,-0.011708959745243552,-0.00964445495958538,-0.006642271175855752,0.011560126114366576,-0.002299013028869812,0.0027346801238851692,0.00010107522459140705,-0.008606754949593953,-0.018836139219265968,-0.010111653027869205,0.0,-0.0016182968103239936,-0.024427659752544573,0.007254767618450952,-0.016117085219338467,-0.014164164674399626,0.010850722698292958,-0.0013694954966667616,-0.014189162488028706,-0.0006182798433521652,-0.00935331435868575,-0.004030299782814162,0.00041386579214675034,-0.024283074992985376,-0.004547686834805331,0.02077225422098422,-0.019213920742299218,-0.02130736233279079,-0.000240894586446605,-0.0003133485740124953,0.014281862830005265,0.0004625856294382391,0.0025133837548788063,0.03395671317563215,0.01940471255104531,0.0,0.0,0.0012627984837615402,0.01520794541663606,0.024909970165703066,0.0,0.0,0.0,0.0024835884975725753,0.0001772094737735319,9.586594856059172e-06,0.0,0.006636589726392195,0.0,0.008513872473905948,-6.0925389534949304e-05,0.0,0.003784534798846939,0.020766676203724965,0.01626358669143707,0.018960782651089525,0.0,0.01800054067294138,0.0010443300780536569,0.01864210498459562,0.032659657494879424,0.01659708841206181,0.024160017574852533,0.011541869947191696,-0.0037430895510817686,-0.01899701985368274,0.0016554876375892702,0.0,0.01533014586518272
0.0,0.0012534972319549476,0.028536191060988092,0.0014722959418140835,0.00730719470161717,0.013043618818151248,-0.025304857363842692,0.020755611340417923,0.03284395286642822,-0.00563067367286707,0.01775133233465792,0.0009976803970000447,0.00359554594688144,-0.0018232972949189241,-1.1102230246251565e-16,-0.0001490381944291852,0.0004766967053528304,-0.0016182968103239936,0.0,0.00038421338428562546,-0.00036211785969181287,0.0013032364362072224,0.032534002558268826,-0.00026195289084224305,-0.0013734749846667782,0.024391688900498032,-0.015390318718160434,0.0032229138862009954,-0.0005475670956564538,0.0005116378037433034,0.018043704799531546,0.01683831273748221,0.0003054411553129466,0.0202050356203895,0.0179399776814112,0.002877933172576952,0.014962008817033023,0.008851603280618792,0.00700202042704573,-5.7803946955148344e-05,-0.005910965267331703,0.009407439868594825,0.03387092099902633,0.005142157890904331,-0.00016223868761255922,0.0,0.0,0.020237544404168917,-5.551115123125783e-17,0.04550205905235405,0.03612219615014989,0.03884675012712724,0.008536156097989744,0.03770428146997684,1.1217327144985578e-05,0.005794834841031493,0.0005185488443522068,0.024039300928120788,0.08806047802322231,2.220446049250313e-16,0.0,0.0,0.0,0.055683395737823216,-0.03820232597191875,0.0,0.00010714559800084622,0.02469233850386854,0.0,0.0,-5.551115123125783e-17,0.032292997573874827,0.013147311470189549,-0.0005956465958637525,-0.02801966758879293,0.019328584352749423
0.00818057888427054,-0.006432621097414271,-0.0009994286016366538,0.006253455046340062,-0.005878691892395649,-0.009034776080752094,0.0021132026168309004,-0.019407976923850823,0.004060849751470252,-0.014871612230347053,-5.147907919855754e-05,0.003020966126176472,-0.005007602470471273,-0.0005324289769104151,-0.03371549833800397,-0.021174298923830104,-0.05111752229690891,-0.024427659752544573,0.00038421338428562546,0.0,-0.007221184874731557,-0.02031383427827732,-0.03268587998495276,0.0015485581059107578,-0.013405695365722392,-0.034169374569367195,-0.023151635079388666,-0.021610453743939217,-0.016104565208891253,-0.02720099421054828,-0.024549913700821713,-0.025866771027199364,-0.01397762278842346,-0.044551184795215026,-0.03929448322086676,-0.014317220311444112,-0.003884338811350807,0.005312253810758283,-0.03721691866920751,-0.05182071552163342,-0.006686199460099906,-0.03980907254673982,-0.0491551165499734,-0.019908317393756036,0.005425045253536875,-0.0006831264382875513,0.0007310653453142524,-0.00037925859326415345,0.0,0.0,-0.015794625035071563,0.0018089471558200843,-0.000522941590829995,-0.0012255585721692164,0.0007418580832617705,1.1102230246251565e-16,0.0007522216161766626,-0.0027261172161214264,-1.1102230246251565e-16,0.0007950776983511876,0.005382083664744797,-6.937736333534339e-06,0.01246624034958671,0.0,-0.004138698173281441,0.004009483880088149,-0.005721768686910045,-0.00478338514326937,0.0,0.001737069322009066,0.0009576244554350688,-0.00971596965414917,-0.010212448409644026,-0.0019330220495443196,-0.007443287767301021,0.001192825148858101
-0.023455040042625774,0.007926594145002408,-0.003029471531350192,0.00013452770591959595,0.06953064275068555,-0.006117541465770204,0.01457022121375029,0.030604646807185498,0.014520744330822621,-0.0006766313273620095,-0.011203160544501711,-0.005555302437866783,-0.003577092172709906,0.023042142915478236,0.0067767158628458946,-0.004810203471159791,-0.0001461855313379945,0.007254767618450952,-0.00036211785969181287,-0.007221184874731557,0.0,0.019831837760798,-0.019950007326356434,-0.029065180102784416,-0.005533764344531289,-0.013612433144579161,-0.02018852736652077,-0.009321249476903937,-0.0002902354734515278,-0.005576039342658434,-0.014487051963519237,0.0012387501722096461,0.03797402029520175,-0.004780289203770938,0.020626044861789983,0.018005253931882015,-0.0006485056234257769,-0.01926212667598526,0.002854600739046198,0.03345783252915385,0.024852853706917144,-0.004909684502317546,0.0025162248086550987,0.0,0.0,-0.05667236749746479,0.00899125531624173,0.0017877649912392268,0.0,0.0,0.008279772702166788,1.9084856448081666e-05,0.07569796641030108,0.0003166877427628334,-0.0005528053769018881,0.0,-0.01289271650643986,0.025554107657503433,5.551115123125783e-17,0.006231317672000913,0.006934770262381762,0.0,0.04319946002123792,0.0,-0.0006635364181934444,0.030819218669642878,0.017133397091465885,0.020283689622751788,0.0011813746545426551,0.006749899927294356,-0.0033252326696844303,0.0033643804805025823,0.0016512927188665483,0.0191831391628145,0.0025392855558468153,0.017357938744639756
0.0030476807508188486,-0.0018631790972157836,0.018965329037095635,-0.009774314604653722,0.003657898791490366,-0.0030627883063740757,0.005025872001875542,-0.02050458753864337,0.011813334836440814,-0.019036597981589853,0.0002262422435638789,0.0008759334785770068,0.002718623427167277,-0.0005669074914225192,-0.01826318548735706,-0.0034128265104801936,-0.03948543179106162,-0.016117085219338467,0.0013032364362072224,-0.02031383427827732,0.019831837760798,0.0,-0.021388673343757603,0.0582334184084321,-0.007244489861261805,-0.0013404966764581916,-0.029559655372516425,-0.013242394631915289,0.0003097287219818723,-0.020790845454683293,-0.0294244868833769,-0.02646856783354329,-0.014537057086586314,-0.0339127608074824,-0.03586733571143197,-0.025862165625162914,-0.022377356184849928,0.004535178540853557,-0.027317243783826883,-0.028465278918467896,0.0171444628530541,-0.03333623307312639,-0.10119893067513253,-0.01052978688720596,-0.00037411051045738164,-0.028319633692274193,0.01674127799529973,0.00045034242299590854,1.8391975680764894e-06,-0.00013766998080916304,-0.0023381824477902713,0.002834194176529914,-0.00021479772821864085,0.0009764966397915464,7.140017144341426e-05,0.0,0.0008167451351648869,0.01299535016932818,0.0,0.0017749372187253476,0.00808119718737732,-0.0007751688563414905,0.0060079151469572545,0.0,-0.004238090985990983,0.007928932396893518,0.005372571563504791,0.0014225778773996889,0.0017502702737225984,0.0005463580939071289,0.005756322213765097,-0.004738714179603198,-0.039764964025527594,0.007633164749775323,0.011190019396866924,0.0027756656793983536
-0.021287502598962393,-0.02068530462256951,-0.006517797173730577,0.009589040169528995,0.00212728667377593,-0.017889003627493183,-0.002046939912595358,-0.004486341796024806,-0.015622293718579816,-0.008357646825890519,0.033810977270471,-0.017773467363723816,-0.0048400862527880895,0.021649738641164706,-0.04320629623886274,-0.015045564143509549,-0.010209356101226197,-0.014164164674399626,0.032534002558268826,-0.03268587998495276,-0.019950007326356434,-0.021388673343757603,0.0,-0.03140285180695562,-0.02830620402271722,-0.042820200859061464,-0.03640501960870973,-0.01980636933538754,-0.02063674922718639,-0.028717387714223663,-0.024578394975484474,-0.010874352741255089,-0.029304383773256337,-0.022329000842498836,-0.03147097784350378,0.005933110174494105,-0.005730703805042869,-0.011385763230941315,0.005309144082679573,-0.034302349174388236,0.01761133188064301,-0.047254855742655366,-0.008316392525415828,-0.008703038448669542,0.032162815147364854,-0.0005171332165561093,-0.003114129437547908,0.04469474527283945,-0.00047415868728734045,0.020086784896787058,0.01160383457580394,0.028507950405253446,0.020400820284727228,0.028846483157778935,0.03583720692548209,0.020877860536864967,-0.0029508728866391443,0.018228676165308877,0.0027059605278625387,-0.0049830276471500845,0.00971082775770793,1.6876810900567918e-05,0.039590235987729316,0.036406968169383935,-0.00867809030698602,0.03259156820158349,-0.021074390643518848,0.004605439725395177,-0.0002770343878982784,0.00844483822598846,-0.0039918443618025545,0.002206272266947251,0.0060709951560740105,0.005146504029914345,0.003084295807067261,0.008101082848840147
-0.03154725925523888,-0.002209078270439313,-0.0030910936882699303,-0.0014760162869481008,-0.0015977109913585807,-0.001121415093738476,0.0007069940592607793,-0.03247823768068231,-0.007474194734232498,-0.022199417922167564,0.021341094080147505,-0.018216891505165644,-0.01474692691358892,-0.01533033484881191,-0.010528662086753349,0.034255996685457535,0.004449161454689821,0.010850722698292958,-0.00026195289084224305,0.0015485581059107578,-0.029065180102784416,0.0582334184084321,-0.03140285180695562,0.0,0.019653731399124297,-0.012574077736829337,-0.01207949214824916,-0.06401839004215015,-0.004249970029151451,0.0006972115936769718,0.00778125874788993,-0.039072847147767875,0.030859506397337144,-0.03863047641740691,-0.08733772345785082,0.16185410004005563,-0.048800143764330645,-0.020025069367543863,-0.10127922470369521,-0.018932643962670415,-0.12153681626791696,0.00813993585098588,0.013351746501312989,-7.297140439999072e-05,-0.06954108311489907,0.0007430035924172462,0.017772770380207914,0.0,-5.551115123125783e-17,-6.666031118796045e-05,4.4263955068457594e-05,-0.00022892644001576423,-1.6653345369377348e-16,-0.00027993118963359764,0.007732100341821091,0.0001769708034731754,-0.009140549490153305,-0.0022385283732775374,0.0,-0.0009076592273379869,0.024507068727321446,0.04508654279819718,0.02934421480336291,8.123397568393642e-06,-0.0002933266515086075,-0.0003048522522173802,-0.0033733566850255303,0.0006828907787809202,-0.05599231934183868,0.025463008839514578,-0.006134065866109761,0.0002731045815334565,-0.06401527624431963,-6.667170230090225e-05,0.0,-0.0006308513418725736
0.009956390452039943,-0.013576014498752842,-0.005185606559880929,0.0006045576928135343,-0.0009780508860747217,-0.008500385655488385,-0.002925115825616831,-0.022526066655637944,-0.010955212437648909,-0.009754324991840868,0.017833229746465673,-0.0204675958959325,-0.001724645147368975,-0.0002757351192452795,-0.008352666774132544,-0.01608220160285523,-0.007036206258148547,-0.0013694954966667616,-0.0013734749846667782,-0.013405695365722392,-0.005533764344531289,-0.007244489861261805,-0.02830620402271722,0.019653731399124297,0.0,-0.025533119205866872,-0.017859863664633047,-0.0027844431978211737,-0.007701245505303156,-0.006506617245144397,-0.005226998748886824,-0.012698211975804286,0.021510432246881095,0.0015446322456839079,-0.003711547161880102,0.00036301730345894567,0.0003289771857308277,0.021760752833348607,0.016740624169862273,0.010934469639072741,0.03160386511198743,0.032552700718421146,-0.0011072137195732301,-5.551115123125783e-17,0.0024630443641375788,0.00268717768915655,0.025571190198845017,5.551115123125783e-17,0.0,2.220446049250313e-16,0.004759604232397685,0.0009387832717790423,0.001203937712194847,0.0004089341187227813,0.02866827973073044,-0.00024403274545797826,0.02024317232558398,0.018748965650251193,0.0,0.02011065152115299,0.024807477810479928,0.04164216560282591,0.0315079935765713,0.0,0.014831564665385655,0.03242314824585013,0.023814237282287876,0.016540698400806964,0.027603238840386513,0.03185198714817372,0.017994543169946142,-0.00932975107716394,0.012049844183981473,-0.007144951746564654,0.0,0.019262440470563524
-0.013516713372034028,-0.02886198537872703,-0.004062217460556405,0.0016168782155336903,-0.006213528034051896,-0.03395248939067369,-0.016489160423238836,-0.021060082577540606,-0.020689219396134773,-0.04004082798704239,0.011365604079300595,-0.03785247603972941,-0.014955256994825528,-0.018027390874846727,-0.0050663416847987475,-0.022693335529192227,-0.00477386518938816,-0.014189162488028706,0.024391688900498032,-0.034169374569367195,-0.013612433144579161,-0.0013404966764581916,-0.042820200859061464,-0.012574077736829337,-0.025533119205866872,0.0,-0.04829072059044798,-0.014567287013903196,-0.015203634210586625,-0.03491381020563494,-0.018628958299647114,-0.023890461894298554,0.008783275989129702,-0.013317863225775384,-0.024161815121141683,-0.011145343581486056,0.0012561842255569,0.037187728025823596,-0.0109087998273244,0.00759333743094931,0.021560013251405385,-0.018873203786238246,-0.004710138234760519,1.2475003429435194e-05,0.022958180497207936,-0.0219295529556105,0.0038438699624631645,0.002120300208939274,0.0,-3.9059727392654064e-05,-0.012390870530722686,0.001495356941301762,0.0011719442374478195,-0.0014413957954991785,0.02211211303003402,0.0,0.010410692172750757,0.0014041138956552013,0.0,0.009310226940508204,0.009608757564709136,0.032800150238146975,0.02121780490135816,0.0,0.005408007726256381,-0.005256911549546606,0.016387747125762964,0.0053728411728144465,0.008242083561663838,0.019833125461343915,-0.005546102052983892,-0.009892705164460391,-0.003235093645082121,-0.02429539433140776,-0.0003504030638489253,0.006129998515183199
