0.0,0.023707698319233354,0.10449485984644433,0.0,0.17768435295914345,-0.09260333659914091,0.07697145578385202,0.019637842156994486,0.1821449476027267,0.19699142207028525,0.17019533531117217,0.007198007420885749,0.006260107301752249,0.23503321089425816,0.09362510962297009,-0.016895399390462883,0.49948625400401636,0.12926633527735443,0.0,0.3312424808286581,-0.059521555098319606,0.08845504218296038,0.0057367592428457966,0.08044223741943284,0.06438499474341224,0.11754973069742324,0.0008983898906985985,-0.022233569529373304,0.37946265961831316,0.2980865252830844,-0.05280165012690207,0.04097107300147407,0.1300219849694925,0.07595681393175055,0.13359358403446153,0.662360364652035,0.2234086716411151,0.22052120752031015,0.22027983211635085,0.2703453813667345,0.031238291912087282,0.19303660896422434,0.2131501844041493,0.0,0.17142980086458745,0.0014007115084909982,0.1102317095857399,0.0,0.0,0.0,0.37325865369515265,0.0,0.21373868093716877,0.0,0.11685946703729935,0.0,0.1926780940720991,0.28812080766419945,0.0,0.2430430638076811,0.22100779523877945,0.0631710939018143,0.034501730626300464,0.0,0.10939185961246262,-0.05526534621719676,0.10665926703317039,0.20615639812076958,-0.3038633525162247,0.20601940055085013,0.12037718255794248,0.1213319520323193,0.16335764122656757,0.3416479539014032,0.0,0.07155393563374447
0.023707698319233354,0.0,0.25927819811147007,0.556540014961442,0.03890064224140456,0.03270144312312385,-0.052359489016648816,0.2933640854107881,0.03938383623154606,0.1132967931635617,0.13718430453404648,0.14284491767638607,-0.0382727261539572,0.4273230565411286,0.0901117696121962,-0.03063612456534171,-0.2874098675300885,-0.15953511655563918,0.2248025721195714,0.11672088835001121,-0.1661985750118703,0.281025956497776,0.08394481110315312,0.48341937528290146,-0.02855655053156883,0.07893756747990462,0.06823717087305708,0.031144327440416023,-0.07851474469427283,0.1273804704094565,-0.04974294702208357,0.0756193973385996,-0.12126456658535587,-0.11969348971728229,0.04125235293552733,0.5100905325889205,0.09385393687588174,0.0,0.0025591043203000152,-0.09113723152924624,0.0581129046805503,0.010757351887126308,0.2557695712443841,0.0,0.0,-0.14309516370287392,0.02552946751769357,-0.024872971626265863,0.0,0.0,0.026013777040663665,0.19278752122128834,0.2395162927551429,0.19505445224013362,0.16011762222476544,0.0,0.46216039761094524,0.08352063662290705,0.0,-0.1618079696261016,0.012176481720881933,-0.3902838586629655,0.09866641299714958,0.0,-0.07244215929580636,-0.1521799647037828,0.11886552495247546,-0.03777216398276374,0.42480869418801875,0.008552796205088121,-0.03898731446671661,-0.06255877715467331,-0.07213400531891638,-0.08655062741550719,0.0,-0.01979747190326666
0.10449485984644433,0.25927819811147007,0.0,0.1505066671462611,0.18233124576040904,0.2942421756009252,0.2516836300829471,0.131515636196057,-0.04989831831274112,0.3045336594940019,0.18795735433401287,0.5400777977152719,0.2564494267184866,0.15358962063286402,0.11519464481263889,0.14095850344517757,0.1886164175946496,0.14393037410506737,0.07865927708600444,0.129357992688998,0.09448994085934011,0.15651184682873792,0.022307681868816456,0.13484973998146943,0.09418098558038088,0.09857755204463278,-0.09585961609263852,0.2092736206759201,0.14161886059239442,0.16428396192832628,0.1842974821033228,0.20790924124760582,0.4437836144817517,0.18328408670491747,0.1099734157233563,0.2628945560403113,0.21086376431646947,0.4733431079868037,0.25076188973294833,0.2061657335326006,0.38747812929035985,0.1704155564886806,0.261850720427263,0.8596964984156616,0.0,0.0,0.05283459123236607,-0.1349515512523152,0.8318872508083355,0.23331922943343933,0.25143971955676403,0.20528860243127853,0.2628947146764709,-0.17220593899575173,0.16307068863125548,0.19359708019069882,0.7525496304834183,0.40718390064024923,0.12359394202504538,0.10297753316085037,0.0,0.0,0.0,-0.04713645204322228,0.8099715506204893,0.18483631692346741,0.015863895543697257,0.042114538815488926,0.0,0.278202495453254,0.1455003473260346,0.22591998343368247,0.4332459544910301,0.2730168451685229,0.3003110549792571,0.5080723952337478
0.0,0.556540014961442,0.1505066671462611,0.0,-0.012980931611987507,0.12378150301473119,0.17893918725664115,0.3097532793123569,0.1883921824506219,0.0991823956341226,0.07574934804740574,0.2105356320521596,0.11334374084260551,0.19712610064186048,0.2647420923479739,0.042058838042097736,0.18895945869913558,0.21126443476616963,0.0449222466721753,-0.01213419637358398,0.20364528191096926,0.346792374957837,0.23044273626270723,0.05117538497082809,0.3844520099705222,0.3068451257990858,0.23234377537710255,0.07505004801953197,0.06840223675521227,0.23361977408152756,0.05205122904990409,0.1668509171553922,0.022299674522493207,0.31813517708457795,0.21643493516500073,0.296912291751561,0.3020721983047674,-0.05281382252629646,0.21242737433465042,0.14263188668367355,0.6594722690829637,0.0813064953323784,0.05661532199952592,0.08623744472308999,0.0,0.0,0.0,0.15332046994500007,0.0,0.0,0.25829608604527793,0.0,0.23717019760892669,0.0006792112887398826,0.0,0.4956199115694074,0.1791180123390073,0.19438139215446407,0.0,0.0,0.0,0.0,0.0,0.0,0.0,0.0,0.20334025653782076,0.6424510732859894,0.0,0.0,0.0,0.2795872080747988,0.22807780235106614,0.9560770511316078,0.0,0.0
0.17768435295914345,0.03890064224140456,0.18233124576040904,-0.012980931611987507,0.0,0.10155212245805004,0.12755892514918918,0.17065533444557873,0.07053477751405221,0.3376424937699074,0.07059519603520023,0.20284855924046732,0.3782586603870486,0.1034069058878003,0.19618886709649289,0.10611727605732434,0.12387792473073446,0.09864615355670624,0.07683117565494767,0.1257770579162778,0.742705666238645,0.052961778206993576,0.2023777672712159,0.10607595030288489,-0.02126701051853122,0.2417110740117876,0.24263449724586977,0.20043300129638808,0.10820362753578161,0.12665704944634684,0.2500485000265409,-0.008647830883108318,0.12699641618413487,0.26411891855097197,0.12005646298337844,0.04581157096328088,-0.16614554705328385,0.3456522296288555,0.386441597936831,-0.046116795121662835,0.6375421820295382,0.16319078624424166,0.39538971882371376,0.31228327688385155,0.10168972760213507,0.0,0.16672863985668002,0.3754288859454317,0.0,0.3863350750754721,0.3972520300376256,0.515069691964859,0.31260229659044264,0.32168310904374087,0.0,0.38140340321912053,0.03238863866942262,0.6094619083753597,0.5342628751249192,0.10166061371828895,0.1964853369207595,0.0,0.0,0.2854522546319572,0.38252375508299086,0.22000158841602493,0.12138113407974885,0.2553352891744494,0.0,0.2059117924528484,0.19117608092367955,0.3111054352724922,0.631758574534695,0.07875228010928996,0.0,0.14787761182667192
-0.09260333659914091,0.03270144312312385,0.2942421756009252,0.12378150301473119,0.10155212245805004,0.0,0.040945267676103056,0.004219753510500343,0.07862343595382662,-0.030376923061764004,0.18200133274105285,0.36119085888924496,0.07814224180172162,0.19316215748562052,0.0197148128786184,0.08399590518530144,-0.15046995322028578,-0.14494375940448073,0.25642309418700426,0.02421319754965575,0.12566300378447684,0.08768757958151188,-0.013459473919218423,0.11947712895881717,0.004093901606719455,0.11453188068597987,0.05152281655832058,0.02123986421619123,0.11546965320781238,-0.04809653330837343,-0.009411276184602357,0.06958297865702975,0.09983484229292228,-0.042847653811020014,0.03720665723251853,0.16800770194092396,0.012048773546988238,0.16716889187133344,-0.14896396162296943,-0.021390048203409763,0.018294452102940915,-0.16118101150231617,0.3822547091087545,0.328540021068749,0.05304663712004164,-0.04994905441754849,0.09163386713797667,0.05749774194371563,0.23998029248607236,0.30340908027483493,0.09069857128435072,0.16897252993788078,0.041279990766993874,0.05240271011315968,0.26586033716558233,0.26421752500887946,-0.06633755772243073,0.24233922391628887,0.17786282284538343,0.09213214479450657,0.12089130775512005,0.0,-0.053240559934340584,0.0032675273108237063,0.09023021005123355,-0.07249578879715406,0.1380850393293582,0.07997518437150672,0.25453006999317096,0.09322756230376875,0.08243419162266172,0.11090416791211387,0.15045181217849535,0.14388208845386966,0.15018048596157413,0.3156700157460174
0.07697145578385202,-0.052359489016648816,0.2516836300829471,0.17893918725664115,0.12755892514918918,0.040945267676103056,0.0,0.4001550088207088,0.3294306123893305,0.22630552215752428,0.25286466666778773,0.1397215193669666,0.07880342257016276,0.13292115399032717,0.321785188221331,0.14091750887120225,0.03875634025911483,-0.02497230289131706,0.27400899927528,0.09819479853588123,0.04903992610174873,0.11931163623424065,0.3030437945253687,0.16956941722641541,-0.024229648016564992,-0.005942462642045697,0.22095967840449227,0.32149941912529306,0.11296728629486795,0.1396766811669442,0.0715245842715814,0.1274642964097027,0.1311953154104975,0.16943044121271314,0.11015487738666012,0.165555887843461,0.3676711628455569,0.43576217993534044,0.03468165252260827,0.21480901040196965,0.09257138783832113,0.00803780763377921,0.5230508520493162,0.38090198544302506,0.20547223833520276,0.0,-0.07286444853317148,0.28068443550213235,0.0,0.4106265415857932,0.32125815857773005,0.2708775463905482,0.3966847078411637,0.33206395980424386,0.22810103751725858,0.4324548866023233,0.6069495620338462,0.3965542973428305,0.10313160655200279,0.16533544418146748,-0.22790449236877283,0.0,0.22651875044456962,0.284356311470748,0.35021483332263953,0.19662507844261118,0.37613784581783877,0.2622244523584164,0.20472622564799597,0.12418087731560215,0.026422857876931834,0.2987283699197468,0.3247646586569307,0.4266376672142923,0.28814573560490564,0.6477559379564198
0.019637842156994486,0.2933640854107881,0.131515636196057,0.3097532793123569,0.17065533444557873,0.004219753510500343,0.4001550088207088,0.0,0.1948907570863702,0.3219975388989758,-0.050480229697761975,0.2782047122607696,0.4407231819815351,0.20059919590213054,0.11992099793441927,0.07325214713790826,0.1987392186360113,-0.0007121810367148674,0.027932457485915718,0.23321999533041493,0.09772644451321363,0.23240696230334776,0.2678147649943269,0.1628521535874422,0.025066206170546418,0.15160055178008197,0.10265618351682897,0.19927290631734138,0.13484543818361405,-0.050444538228938164,0.3007492779156679,0.2961702694359426,0.2889238874858539,0.21303791807502748,0.1914601941684715,0.5448641931151401,0.10423088469740822,0.19127270246958164,0.29316527860537084,0.15238410096076616,0.23445720142415433,0.1272439111476562,0.37956950003560413,0.22332196437436508,0.0,0.35297638395284026,0.10654515315150348,0.3143640410009977,0.0,0.2980264205477243,0.13587128557022296,0.2975076385927611,0.28518541653705465,0.183809415209846,0.3672079743779002,0.4079767956349321,0.4244661645794846,0.2904801055777198,0.3004847074968298,0.36870429039861496,0.17141536642223315,0.0,0.29091245277102584,0.2646891768738118,0.30112471649684197,0.37586525783839386,0.4018571057467428,0.1906285398893968,0.0,0.12838606186723442,0.05878548552515486,0.1882738132111605,0.2599673971997043,0.21248348287348587,0.17340625720095382,0.3964523464234393
0.1821449476027267,0.03938383623154606,-0.04989831831274112,0.1883921824506219,0.07053477751405221,0.07862343595382662,0.3294306123893305,0.1948907570863702,0.0,0.2011895199228084,-0.0041951993209785425,0.2842620651397229,0.33885169793961856,0.26173767481981164,0.20526372167526818,0.19717674873201763,0.08881554102742478,-0.27870197964209364,-0.0994982124207107,0.041811656298389205,0.09279332373149504,0.1528914578825905,0.12557204428209662,0.23082678956880717,-0.05635602399576621,0.08609141579268417,0.14541219288447585,0.2164889053199399,0.011726135695412032,-0.04463953355974353,0.20152378633056645,0.24182067091007078,0.34849486213369074,0.17203327091198678,0.11881848421351043,0.13359020451438527,0.16919279839975065,0.30429612803412165,0.31658799756785544,0.22634432220747244,0.4132866391028535,0.06960933220957354,0.19378586301488107,0.1271500321859385,0.07887895675767106,0.0,0.1566053449154713,0.2550716781410822,0.20321574592207658,0.49251405790689157,0.23940485123801114,0.3623496264408061,0.387006536718651,0.17345754060159155,0.06228499619929311,0.32887685008480794,0.6812585460878628,0.3308104609259722,0.2846712793088775,0.15736952687392133,0.29808319891861534,0.0,0.0,0.1995042234694934,0.19971099497987968,0.2943485424060351,0.17349664318278318,0.13997513165902153,0.12383287132044515,0.23893564736231077,0.037498710466453894,0.1695326480484744,0.4157304091707727,0.49051516645559073,0.17837296032081223,0.6822504914771657
0.19699142207028525,0.1132967931635617,0.3045336594940019,0.0991823956341226,0.3376424937699074,-0.030376923061764004,0.22630552215752428,0.3219975388989758,0.2011895199228084,0.0,0.3061400433989665,0.31956885427726417,0.1957122017849364,0.21765250055303992,-0.14037371622420355,0.028689476055482284,0.08199668279360384,0.0053164744707324615,0.19268575672554994,0.41633558600024106,0.05796618714304397,0.10439500659608346,0.22214973041662148,0.10571501648004115,0.17129808617075495,0.21690362845083921,0.1842098257065787,0.3117985665808529,0.21458778527021224,0.11170012717168042,0.2837888793692771,0.16354803217175407,0.37459093376273234,0.4737520024427173,0.24685001135952153,0.06329296172560922,0.35210878570273985,0.38622256763934154,0.007042948480972311,0.1145049563727052,0.1372101411723947,0.08193460516396994,0.11687116192341754,0.16472109243579688,0.28209370197536565,0.16302092894202783,0.16154259080073313,0.06578947101962007,0.18563159605638296,0.19990873398762432,0.19946743589815097,-0.06971583974753946,0.21673652328999005,0.10605631664378824,0.17155354708838555,0.12019909423591865,0.06993738790642372,0.1439981033309037,0.0,0.38687172785125773,0.6025413859223063,0.2740176718098697,0.3256824937016589,0.209207217316951,0.20580192984037649,0.2506481318192362,0.09991482434408533,0.695552077411944,0.0675691652549243,0.27656592582939815,0.20878734035144003,0.5908511129804819,0.2839774142606588,0.7048278037633235,0.0,0.4160184840239255
0.17019533531117217,0.13718430453404648,0.18795735433401287,0.07574934804740574,0.07059519603520023,0.18200133274105285,0.25286466666778773,-0.050480229697761975,-0.0041951993209785425,0.3061400433989665,0.0,0.4216160839495981,0.35613560700329283,0.06037894445992065,0.0,0.22489904211284825,0.08821677977107467,0.08237608689115512,-0.00875235780189143,0.19681436007355643,0.21388001067577161,0.159157994723602,0.410193145887601,0.46006734053779685,0.1172813141647802,0.3694701318715454,0.13451085482690392,0.3506377124235947,0.11725633461324733,0.2303832952576124,0.23260428623634577,0.09611436134184252,0.017477738846687404,0.274260612697948,0.2603733041403771,0.4643550590516731,0.38137218494519914,0.2797752007274023,0.26390820232109663,0.1672757693881822,0.48209324441800433,0.13866065355598536,0.17454163832912012,0.7254703023462371,0.07182125812686312,0.0,0.0,-0.010904326473090017,-0.43348743383894023,-0.005234575073952127,0.31449842870302225,0.004277355633520122,0.24424877416751248,-0.17007440429137213,0.5467496961141758,-0.05282080286884824,0.16643620572434342,0.2366874022904188,-0.28166930068071355,0.0,0.0,0.0,0.0,-0.11064649473193872,0.18588803127223893,0.0,0.2614210567414925,0.20554033958805476,0.0,0.0,0.38472153017695043,0.3310653424776055,0.20203989157470045,0.4800296401621893,0.0,0.38772235838632624
0.007198007420885749,0.14284491767638607,0.5400777977152719,0.2105356320521596,0.20284855924046732,0.36119085888924496,0.1397215193669666,0.2782047122607696,0.2842620651397229,0.31956885427726417,0.4216160839495981,0.0,0.1802132319223645,0.2767575829024563,0.13870730184165023,0.26107645869259544,0.26227655255478755,0.3670123317973423,0.5798668561886586,0.16890928256014306,0.14769864621515527,0.10530878711212988,0.1566091055114404,-0.02438864537035067,0.11967422302921381,0.03199670954589898,0.38451532203889716,0.4172455531552577,0.2038466964533913,0.08749400196223486,0.344551977074233,-0.1121517650908766,0.2851766135622421,0.38072958285240005,0.2521316227726559,0.10249365079281092,0.1652696023694907,0.10672370874021318,0.08159146135370532,0.08597058004431625,0.1299793995129421,-0.04659208155461643,0.10813165214188898,0.19427984025513817,0.16619042220759764,0.13357459049343598,0.21451988580783868,0.09560124553311529,0.0785953214343027,0.12152621936970638,0.12114142192503342,-0.12896142615815373,0.1063542703887241,0.1794062730018218,0.09026164212017582,0.06641346872271707,-0.025095455551220447,0.14340328683703416,0.3095907554803831,0.28786106878198336,0.19917274302024093,0.1889005623791274,0.2284870603746149,0.13307405356259014,0.3068762342193896,0.3367028632884063,0.1632097854893014,0.17891704707172343,0.04737662116132678,0.16608403807605868,0.1547648227143255,0.10681045432701206,0.2918425971845535,0.21113891777454274,0.0,0.37511899856603353
0.006260107301752249,-0.0382727261539572,0.2564494267184866,0.11334374084260551,0.3782586603870486,0.07814224180172162,0.07880342257016276,0.4407231819815351,0.33885169793961856,0.1957122017849364,0.35613560700329283,0.1802132319223645,0.0,0.7021307416605365,0.19559071515338286,0.10403021947732728,0.02737155817311416,-0.012126582720345794,0.30019880906926394,0.02669021278265766,0.1536783780499249,0.07464693914454522,0.31406661735757774,0.12482950126599918,0.03030868742608661,0.0005344517037201273,0.24857913655155167,0.049752163916854004,0.005063494515976387,0.07395237770829884,0.05363182434808747,0.12982504821213164,0.1333641829666054,0.14604129554097672,0.12260443842376124,0.28700170538606706,0.4619929403665483,0.23821277487162112,-0.008031913326993698,0.02652948012234924,0.12865538953994832,0.19787755099134907,0.5305821770731427,0.18490489909784164,0.27262639904491043,-0.2525973432280091,0.04565119994741587,0.3225448242460237,0.0,0.5121935540306569,0.28356264600818215,0.16200163205442478,0.38303041648196345,0.4057816575907741,0.37214373548196594,0.40039766324086407,0.18258851255303238,0.386291802417743,0.6199519136214302,0.2263500532198005,-0.030948198605992273,0.16972316398260542,0.007004534423467549,0.24081319993409622,0.2843419029072667,0.13281646394683252,0.2431415679354026,0.2916284600880809,-0.058125614993334414,-0.009839119481167901,0.004595480457284647,0.2716574718080718,0.38325764595876255,0.2809123036098202,0.3741518679803731,0.22844321881518567
0.23503321089425816,0.4273230565411286,0.15358962063286402,0.19712610064186048,0.1034069058878003,0.19316215748562052,0.13292115399032717,0.20059919590213054,0.26173767481981164,0.21765250055303992,0.06037894445992065,0.2767575829024563,0.7021307416605365,0.0,0.20564869705869945,0.2427646309092753,0.21271656046045403,0.21683124327432504,0.04887667257688208,0.1976353677947406,0.29394666525352,0.10528301977012326,0.3506607987250547,0.47537070673812964,0.17512218077289574,0.29673892442529154,0.3294288006204855,0.1040560512071041,0.1519801913159844,0.33649222795648936,0.462362261849167,0.26934324071171906,0.07051907350560602,0.21313585373927998,0.10673996627775695,0.29528318857233593,0.045841653957799725,0.1884879156623228,0.5088996373439324,0.0,0.30688348492668255,0.36069382255312904,0.5252941109528007,0.185469463457349,0.0,0.0,0.0,0.36130538503305626,0.0,0.38572537144027474,0.10487416530415675,0.12462851659033969,0.5532272469458563,0.16226505777271383,0.0,0.4835682940960276,0.17820379817896012,0.34638786652650577,0.6673559189705699,0.0,0.0,0.0,0.0,0.32043863796858757,0.0,0.0,0.0,0.30984080509030104,0.0,0.0,0.0,0.32155494969734977,0.2837179037236039,0.0,0.0,0.0
0.09362510962297009,0.0901117696121962,0.11519464481263889,0.2647420923479739,0.19618886709649289,0.0197148128786184,0.321785188221331,0.11992099793441927,0.20526372167526818,-0.14037371622420355,0.0,0.13870730184165023,0.19559071515338286,0.20564869705869945,0.0,0.1323496043701979,0.11914066119833468,0.049133909594541024,0.0,0.3721425532922176,0.08566912143278249,0.13330406676330595,0.13808187864493768,0.28354077460148797,0.013825896388224273,-0.036467603899281,0.17118580404718214,0.0663315140850671,0.025581244794009778,0.15162531127161794,0.10625980346279888,0.006164816597147217,0.034305916719867824,0.05025871041414037,0.05297002108693266,0.2517165395370508,0.0663179215890143,0.16253916850646558,0.05786365062899321,0.16559241728060645,0.12280592950519914,0.14009360067264526,-0.016728304752997414,0.3059912169337872,0.0,0.25865425213200677,0.051436170938300316,0.15781641962704374,0.0,0.0,-0.06756334950577463,0.6347615004693932,0.182099835890407,0.18884714766422878,0.0,0.0,0.2477745185249901,0.13320134521995644,0.6837694966997924,0.26651904284422123,0.2847381297567302,0.2689396738950375,0.22564124255329654,0.0,0.2900137669246203,0.04827651903621357,0.14091080563265979,0.25908674929886427,0.20385338494452881,0.23669671802528075,0.03583707049388589,0.12572373306466106,0.11672404412353063,0.17077388662003387,0.2340992576729652,0.14896475445522606
-0.016895399390462883,-0.03063612456534171,0.14095850344517757,0.042058838042097736,0.10611727605732434,0.08399590518530144,0.14091750887120225,0.07325214713790826,0.19717674873201763,0.028689476055482284,0.22489904211284825,0.26107645869259544,0.10403021947732728,0.2427646309092753,0.1323496043701979,0.0,0.0149290672423453,0.11019658576015282,0.23218941407194715,0.1363493619618346,-0.10543415195322008,0.08140808210417251,-0.02032700236216626,0.25341370706005195,0.07650939636286558,-0.09136623714890516,0.1781551681979254,0.019486717998817262,0.11243541338089248,-0.050325677202410476,-0.04595276718486772,0.0945188345914296,-0.05286592043407411,-0.021323027658313547,0.29362221711649483,0.2930854042384278,0.14192809737521508,0.2910719799769481,0.034768885875814164,0.0339820836443816,0.1040295999630857,0.06059070128628175,0.20890163557181846,0.0,0.0,-0.02065241090269094,0.014528738811212367,0.0,0.0,0.0,0.15204351574998767,0.2543293799574227,0.36699179917241703,0.0,0.33881284999798744,0.0,0.5111072152470892,0.1405327043139589,0.0,0.176393069206862,0.07330222056978652,0.23811979476413206,0.18315724359301233,0.0,0.20933973198869776,0.15893291914659416,0.09920509236666847,0.3790992246116947,-0.10677469100442419,0.17501176175729763,0.10439317573520844,0.24107986630028386,0.015510131688814781,0.2658206082699448,0.0,-0.1612372831165183
0.49948625400401636,-0.2874098675300885,0.1886164175946496,0.18895945869913558,0.12387792473073446,-0.15046995322028578,0.03875634025911483,0.1987392186360113,0.08881554102742478,0.08199668279360384,0.08821677977107467,0.26227655255478755,0.02737155817311416,0.21271656046045403,0.11914066119833468,0.0149290672423453,0.0,0.03500905436131389,0.12853743181175542,0.04977226329474603,0.7217622887517318,0.16369549578220233,0.34085094705106495,0.30487906962735833,0.05768032579466373,0.1361280072018186,0.11565863909061913,0.23539331208586237,-0.008374253351002484,0.20137152559564248,0.04005279228740936,0.12411449887111681,0.06877474265076344,0.08380741731491745,0.022630264793351777,0.1669287161206197,0.10667652508727321,-0.04579133328264981,0.12311813443595145,0.12465322176937428,0.04761472174930269,0.21328304952105437,0.0,0.0,0.16328917911891347,0.2370092134210039,0.19502301955760235,0.0,0.0,0.0,0.0,0.0,0.0,0.0,0.26172713345216464,0.0,0.10472375674103176,0.13819712281385188,0.0,0.34973438391745276,0.10137015540715438,0.3753803421361126,0.37842014134892843,0.0,0.0,0.0,0.22860524015770067,0.0,0.07738031544854224,0.43291120671748284,0.36572559238869456,0.0,0.10372270935246435,0.2038210378413284,0.0,0.10437445941434056
0.12926633527735443,-0.15953511655563918,0.14393037410506737,0.21126443476616963,0.09864615355670624,-0.14494375940448073,-0.02497230289131706,-0.0007121810367148674,-0.27870197964209364,0.0053164744707324615,0.08237608689115512,0.3670123317973423,-0.012126582720345794,0.21683124327432504,0.049133909594541024,0.11019658576015282,0.03500905436131389,0.0,0.13864964987697018,-0.005210997717701105,-0.15783651848871447,0.04926611520080061,-0.16138162066369013,0.12610317455027578,0.08792787336019431,0.07572771229211363,0.06106677463747597,0.010797183837613047,-0.09002927027744205,0.12205860874253181,-0.06503692288718056,-0.08824598031777635,0.10131774715792648,-0.006689637414481937,0.05066131421475529,0.19730150090000229,0.1018022698575146,-0.026797031104203263,0.03009166278524151,0.30872585593219753,0.33141867583566215,0.14807734399507577,0.0,0.0,0.26325750642453655,0.13281767069323577,0.22086911666059444,0.0,0.0,0.0,0.30008184543992655,0.23806881724690193,0.35646059151364007,0.0,0.33966633414968167,0.0,0.24379969054472347,0.18593120277441086,0.0,0.14520008363142095,0.3772867938390374,0.2764853028243432,0.3795072644365822,0.0,0.2919755887955149,0.18902416816415504,0.30488329059741787,0.2635733433024357,0.09913825711842535,0.35792843343247044,0.37741739763650944,0.38040774434673996,0.3219972771618586,0.3272763184253686,0.0,0.3187495524044788
0.0,0.2248025721195714,0.07865927708600444,0.0449222466721753,0.07683117565494767,0.25642309418700426,0.27400899927528,0.027932457485915718,-0.0994982124207107,0.19268575672554994,-0.00875235780189143,0.5798668561886586,0.30019880906926394,0.04887667257688208,0.0,0.23218941407194715,0.12853743181175542,0.13864964987697018,0.0,0.23927795995737228,0.1961757935144057,0.2532813816007784,0.08484094621554389,0.10027748328161586,0.1581697382521083,0.11915942381321748,0.0016517134015148933,0.2668872150851535,0.24805239411195426,0.2200181713111893,0.1773234567724915,0.20257533091385882,0.1422280554842301,0.19567087127015118,0.2711845447395738,0.1913880514200407,0.1740841277534963,0.37581613518899054,0.16831228343645313,0.17141393394503546,0.42855283242256037,0.05059246424743304,0.24940315403302943,0.11004914984815795,0.17470166900917883,0.0,0.0,0.22595903854154498,0.0,0.2429240050475876,0.14333655644807533,0.2537270985457154,0.2199399153918753,0.18335547794221685,0.3767255506775812,0.33270839727236157,0.28842192140534695,0.25530210826383837,0.11980540946537234,0.0,0.0,0.0,0.0,0.26902804862540747,0.23755860875736412,0.0,0.24381718781982045,0.06935836348577706,0.0,0.0,0.0,0.1800231706336238,0.5218454092331785,0.2092742906362487,0.23717686428525622,0.6748808696521059
0.3312424808286581,0.11672088835001121,0.129357992688998,-0.01213419637358398,0.1257770579162778,0.02421319754965575,0.09819479853588123,0.23321999533041493,0.041811656298389205,0.41633558600024106,0.19681436007355643,0.16890928256014306,0.02669021278265766,0.1976353677947406,0.3721425532922176,0.1363493619618346,0.04977226329474603,-0.005210997717701105,0.23927795995737228,0.0,0.1340552549951315,0.1409857476100532,0.3228071510169693,0.515280764187256,0.07782065378432394,0.12566234830370765,0.2255784767132418,0.03099634418982757,0.1254196260863663,0.3759099407815714,0.3850941458077468,0.1444811755148882,0.12983273595524683,0.2506916753765915,0.19475118817069337,0.68699335896761,0.18033629546139787,0.3607463377554224,-0.0644568082047122,0.1219547063541755,0.17181552339296707,0.15354286128583375,-0.19435977427818488,0.05851875415523595,0.07032844777406913,0.19636520188788342,0.16882266294893195,0.550808016986509,0.0,0.0,0.034696621983193406,-0.23011951235743863,0.25647163584072913,0.1518311530290333,0.4121450881788904,0.0,0.2548705951675703,0.12912430047628462,0.0,0.16475798284180246,0.2815993432280043,0.21057942348115968,0.1739146867729297,0.0,0.12538262897522123,0.04088726503863098,0.1482733588377838,0.1534089005802175,0.0,0.17614875665739452,0.09045315001878851,0.11306025668954846,0.1329849874588984,0.19687107200413642,0.286867350160815,0.1749999305361202
-0.059521555098319606,-0.1661985750118703,0.09448994085934011,0.20364528191096926,0.742705666238645,0.12566300378447684,0.04903992610174873,0.09772644451321363,0.09279332373149504,0.05796618714304397,0.21388001067577161,0.14769864621515527,0.1536783780499249,0.29394666525352,0.08566912143278249,-0.10543415195322008,0.7217622887517318,-0.15783651848871447,0.1961757935144057,0.1340552549951315,0.0,0.07773438789892255,0.10189571839451149,0.01207231114882168,-0.2109809815853593,-0.025073372868159718,0.14720504266841528,0.01984498959532448,-0.049978888266452505,0.36119529676920115,0.06543010392289879,-0.043539117254391704,-0.19884834432999074,0.07650905103677849,0.2206985383394177,0.5555712133526568,0.09910974718590118,0.06440989784752982,0.1369163364065967,0.17865001584302895,0.24701227801634004,0.03836695198931331,0.9278355552120425,0.0,0.0,0.1382955290738575,0.04000638822942978,-0.27627078800629445,0.0,0.0,-0.0910608864445598,0.15224004427683863,0.31426769544657646,0.20851049956489418,0.20974717513488456,0.0,0.2898671933726941,0.28029794208644,0.0,0.11531798608388161,0.1753300724781626,0.0,0.14776994090991213,0.0,0.0907019138471809,-0.2230666616071813,0.026878461993356487,0.1540851094025073,0.4013918918605004,0.08832298322693381,0.028237082818301444,0.07105846463399527,0.15192356524950923,0.15293623519410127,0.22933772130421937,0.03829498699043024
0.08845504218296038,0.281025956497776,0.15651184682873792,0.346792374957837,0.052961778206993576,0.08768757958151188,0.11931163623424065,0.23240696230334776,0.1528914578825905,0.10439500659608346,0.159157994723602,0.10530878711212988,0.07464693914454522,0.10528301977012326,0.13330406676330595,0.08140808210417251,0.16369549578220233,0.04926611520080061,0.2532813816007784,0.1409857476100532,0.07773438789892255,0.0,0.11265615486018951,0.03335782860607063,-0.02967359316652359,0.09175300256293255,0.11617233424968183,0.10821359252772948,0.11160492949878163,0.31701827322438825,0.3600718869704374,0.21619304129337064,0.15592102739431493,0.22575512347958038,0.2510411613871158,0.26673297775216076,0.30982760323798064,0.27247690776233885,0.08010301685185187,-0.0525319793195614,0.059852881715406044,0.08034644516964681,0.00865656501102037,0.16909476959022515,0.09663912958578712,0.18654011267166096,0.07063690833983086,0.16853800431931698,0.20730840601205722,0.11612935096692242,0.010021073166870332,0.27020922563964916,0.49341636832185126,0.20449733375451454,0.15050356024973546,0.0,0.21570176714671194,0.19752230708059038,0.0,0.11384248555196297,0.10156142677465006,0.59168710367666,0.19655518775311318,0.0,0.1760194334470715,0.04056091954628343,0.0642542067738884,0.19215235624364954,0.36488333147730395,0.01227198545619481,0.0025827678492468947,0.00469450252100348,0.14845407582997955,0.13497231181352887,-0.13103355240951559,-0.04069852578240263
0.0057367592428457966,0.08394481110315312,0.022307681868816456,0.23044273626270723,0.2023777672712159,-0.013459473919218423,0.3030437945253687,0.2678147649943269,0.12557204428209662,0.22214973041662148,0.410193145887601,0.1566091055114404,0.31406661735757774,0.3506607987250547,0.13808187864493768,-0.02032700236216626,0.34085094705106495,-0.16138162066369013,0.08484094621554389,0.3228071510169693,0.10189571839451149,0.11265615486018951,0.0,0.12183059300041807,-0.15950420761479273,-0.00029197599864377475,0.24316085228206982,0.09320075312596754,0.034565469143868294,0.027448526406822556,0.17869040387249527,0.12900288596421097,-0.04482560516529388,0.12563098101491527,0.11247892645300644,0.35138126701599953,0.1448223292547045,0.1569949041330616,0.035968301325242064,-0.07227757259496707,-0.08382782365899369,0.02582594801467444,0.3130717211302014,0.4375248955691045,0.1845782233600542,-0.044845434616319804,0.020823790261297045,0.27022768305256073,0.2477575723144841,0.30101999919962663,0.06155562782245315,0.14545519936876872,0.22218996504393118,0.1572357413717855,0.4925168883567139,0.3382478614966859,0.24457524463797495,0.16729661051593936,0.3438769114207577,0.18352000987950579,0.28506154558541175,0.20580192984037787,0.1579925690821088,0.23276657732914557,0.13011400514804783,0.042419307395264075,0.12339779892477643,-0.02710713025246549,0.08114827725940563,0.256785073669905,-0.037421768157141745,0.0937118770881083,0.14304055549357567,0.13820085693673057,0.15956696746751403,0.20199484305322776
0.08044223741943284,0.48341937528290146,0.13484973998146943,0.05117538497082809,0.10607595030288489,0.11947712895881717,0.16956941722641541,0.1628521535874422,0.23082678956880717,0.10571501648004115,0.46006734053779685,-0.02438864537035067,0.12482950126599918,0.47537070673812964,0.28354077460148797,0.25341370706005195,0.30487906962735833,0.12610317455027578,0.10027748328161586,0.515280764187256,0.01207231114882168,0.03335782860607063,0.12183059300041807,0.0,0.05625512244764242,0.04705799698024615,0.18020383369524512,0.33106048269359356,0.22938725764706946,0.3727814127856083,0.2664453501819997,0.071463007879999,0.24239522211360026,-0.05868105383189852,0.014102467640397675,0.08546848138260676,-0.028628371201825504,0.10575110132989882,0.035039562044133665,0.14515139426356752,0.004616262015430708,0.2734022574145725,0.2671141556986807,0.12453728166127247,0.10135456983975988,0.14098815262443923,0.09258444104981403,0.0,0.0,0.21605889680377047,0.2690485307840126,0.13715953178905127,0.0,-0.02974009069599067,0.07256011130072698,0.23427279065812834,-0.020524661323321012,0.15134764915938675,0.0,0.09048125872928006,0.35980088937487814,0.050470862025580626,0.11148155134136851,0.20069556447459255,0.12549761555576594,-0.2603395168024101,0.020816475388048487,0.37050174223723203,-0.02006846414168287,0.14257252850129498,0.14285439787356402,0.22409510434136057,0.27174129337706887,0.25306194674468147,0.0,0.38619955360405334
0.06438499474341224,-0.02855655053156883,0.09418098558038088,0.3844520099705222,-0.02126701051853122,0.004093901606719455,-0.024229648016564992,0.025066206170546418,-0.05635602399576621,0.17129808617075495,0.1172813141647802,0.11967422302921381,0.03030868742608661,0.17512218077289574,0.013825896388224273,0.07650939636286558,0.05768032579466373,0.08792787336019431,0.1581697382521083,0.07782065378432394,-0.2109809815853593,-0.02967359316652359,-0.15950420761479273,0.05625512244764242,0.0,0.015101513782963004,0.016703441789618453,0.04930685367379851,-0.14031411504644903,0.15215685346232063,-0.018012855974670415,-0.029566208203953975,0.16586574109943655,0.10198179104922463,-0.041369373134674974,0.11345356774065322,0.2586101100816356,0.31327088215960885,-0.022705816108826854,0.2842514832660176,0.34921392227900744,0.1800362846194697,0.025514699417284036,0.0,-0.11158471338083979,0.08590085595092299,0.10978684906582048,0.0,0.0,0.0,0.2071046476647622,0.21497169248807002,0.27911849166643987,0.18801518763070407,0.15489204598292527,0.20343739156288243,0.13687208960957242,0.09441724259819279,0.0,0.47403750557735175,0.26659724844622357,0.16934640136646603,0.2738598457766238,0.0,0.3441895272374457,-0.25828178814779984,0.2792272662183101,0.2729700241802957,0.10217857294374737,0.26110988215923336,0.2882640316246538,0.2617087285119522,0.11532944035818987,0.18416540746694635,0.0,0.23613060306818218
0.11754973069742324,0.07893756747990462,0.09857755204463278,0.3068451257990858,0.2417110740117876,0.11453188068597987,-0.005942462642045697,0.15160055178008197,0.08609141579268417,0.21690362845083921,0.3694701318715454,0.03199670954589898,0.0005344517037201273,0.29673892442529154,-0.036467603899281,-0.09136623714890516,0.1361280072018186,0.07572771229211363,0.11915942381321748,0.12566234830370765,-0.025073372868159718,0.09175300256293255,-0.00029197599864377475,0.04705799698024615,0.015101513782963004,0.0,0.12767497516359705,0.12047691800948736,-0.16934750579580765,0.0920491081358519,-0.022005701516315743,0.010135162337134547,0.13481892357873435,0.021682049349889883,0.13010495995512372,0.8502932828832857,-0.24341253381101166,0.10501494443486017,-0.08353191835440124,0.13831370494811057,0.23341853415142272,0.005090680593619473,0.049220514298934905,0.24044175244590069,0.05644848715500504,-0.08485941706617951,0.022889670624926778,0.24573010156397204,0.0,-0.020564324170120447,0.018430111515527522,0.2640522516616664,-0.08837564982128235,0.13983061509827052,0.18086562785402283,0.0,0.15934390050224165,0.15808280064366165,0.0,-0.038949359478937066,0.13932515238290005,0.20649971791622979,0.25336801421699023,0.0,-0.19569051813586597,-0.184201870075771,-0.006311868620639857,-0.14924948752801692,0.10823861253768412,0.24134078781580476,0.09561291476816301,-0.14964318891760595,0.14492245534025258,0.0374264758402209,0.20148799839989015,0.20972266373887105
0.0008983898906985985,0.06823717087305708,-0.09585961609263852,0.23234377537710255,0.24263449724586977,0.05152281655832058,0.22095967840449227,0.10265618351682897,0.14541219288447585,0.1842098257065787,0.13451085482690392,0.38451532203889716,0.24857913655155167,0.3294288006204855,0.17118580404718214,0.1781551681979254,0.11565863909061913,0.06106677463747597,0.0016517134015148933,0.2255784767132418,0.14720504266841528,0.11617233424968183,0.24316085228206982,0.18020383369524512,0.016703441789618453,0.12767497516359705,0.0,0.1410699540651119,0.0819793315638708,0.055919468452118724,0.20529881211646417,0.15521455448052004,0.043096951457401105,0.19061067630302997,0.15821135227472594,0.16563727566900566,0.21805707369642038,0.21787877949281176,-0.09351918095775633,0.0368524028764041,-0.05460738574806114,-0.24452474723115894,0.3245466002956637,0.3712481172802346,-0.02920403503139536,0.17457924974267452,0.09903955410982189,0.2676404316220191,0.6434103403383713,0.31953184517230726,0.11262064261118801,0.20019082536079166,0.1382716744747318,0.2205173805380634,0.32362121095031116,0.4058635395236855,0.18369306989513284,0.25822422351537916,0.4013667191681361,0.1594138084131274,0.2432265582902844,0.0,0.11475672770122189,0.18759560122140076,0.15045819554941278,0.08538363436590046,0.11035492452026496,0.11879849333725628,0.0,0.17013077940464064,0.08197202825593032,0.12903263753264085,0.19222509300367718,0.15801043255060737,0.14905525510079748,0.27538120954206274
-0.022233569529373304,0.031144327440416023,0.2092736206759201,0.07505004801953197,0.20043300129638808,0.02123986421619123,0.32149941912529306,0.19927290631734138,0.2164889053199399,0.3117985665808529,0.3506377124235947,0.4172455531552577,0.049752163916854004,0.1040560512071041,0.0663315140850671,0.019486717998817262,0.23539331208586237,0.010797183837613047,0.2668872150851535,0.03099634418982757,0.01984498959532448,0.10821359252772948,0.09320075312596754,0.33106048269359356,0.04930685367379851,0.12047691800948736,0.1410699540651119,0.0,0.002008966872749135,0.00394151895344372,0.10882217767431486,0.1723732267639108,0.1311945667542898,0.17563691913385948,0.36012037364548316,0.04870621217141122,0.2907736895036265,0.5727555384172505,-0.021115362805141147,0.0969307126396458,0.08495748288694235,0.02842340221901546,0.481342382080813,0.22587807395561182,0.5045078486665769,0.26252987158232044,0.0426744751552444,0.25957498106244525,0.0,0.21980500817274828,0.17923373068789578,0.159207926229353,0.18819278259113154,0.3288247977349453,0.5299089393599925,0.46296194993654516,0.12930733430213565,0.2187878576495046,0.1521910992319489,0.14055028136501568,0.1437082159040861,0.059640166835161525,0.18858664346346143,0.4373848526511125,0.17898000362503783,0.05669984180125883,0.19041545065716284,0.18636184769883846,0.22228981765643574,0.09128382877762962,0.20792863633156536,0.17201514371786383,0.06253135298172657,0.19059788067056369,0.20074896745236845,0.4588129783541387
