0.0,-0.011980210846425254,-0.0013444674420790004,0.0,0.0004419825406455913,0.031245254847165005,-0.0010882045546726782,-0.04524626013991612,-9.614024069021232e-05,-0.052538205437261176,-0.000195649546314014,-0.055421760391274055,0.0007681388116528298,-0.0027471260792382157,-0.009790988226368369,-0.009592921040704694,-0.0017983022328828535,-0.029253802968215614,0.0,0.014550304723022989,-0.03253851961465393,-0.009346534275475382,-0.036775992595371565,-0.06230530747887075,-0.02945393023712406,-0.02268580875201681,0.007916762715776793,-0.002326141104684931,-0.013116799950020575,0.0010385711847687995,-0.01732594036758811,-0.006690132642951041,0.011561544339489138,-0.02051939721389101,-0.020310319679081923,-6.363830102767976e-05,0.00045528930168792225,-0.04223718576144303,0.0025817861276648535,-0.0009371121486871359,-0.020742608004437946,0.0014816561516529103,3.7804985493772314e-06,0.0,-0.0003316202637139165,-0.0019810615405707055,0.0012015152049890676,0.0,0.0,0.0,0.03828183941211766,1.1102230246251565e-16,-0.001037219062000383,0.0,-0.06773692404574,0.0,-0.08995744574338943,0.016562342824999854,0.0,0.00033143703554899817,0.0027056656245731947,-0.0015666075922727285,0.004707641071806823,0.0,-0.0018567132072251913,0.004880416581121372,0.015011351017828967,-0.02375866342904015,-0.020221479294237565,0.01632386547184761,-0.006297209896419187,-0.00034879872433135617,-0.0002554589976020427,-9.248913429249495e-05,0.0,-0.022237734673049403
-0.011980210846425254,0.0,0.028968591813784916,-0.0001598356260500422,-0.000693362358138494,0.0055396057351077554,-0.0003949878530443707,-0.02168034715136674,0.0009953080276784987,-0.033224220618365496,-0.00021654626132699972,-0.00193082085715085,-0.004335453572477332,-0.00043734037030296324,0.006451966432249878,-0.029859417074970918,0.0005761536282899993,-0.023911482395093664,0.0012878294671487267,-0.01782006268056152,0.0136526351219049,-0.03451328636057466,0.018278113074320534,-6.405750349236516e-05,-0.033794711891959595,-0.01792734770950083,0.009820851703280231,0.004694285374382323,-0.003166527204712166,-0.0040097163728545215,-0.023161105139889615,-0.018490224930745147,-0.022536029544689362,-0.02508503890675734,-0.025418794600793104,-0.0026528018327774405,-0.00026076405868719066,0.0,0.005808064756439357,0.016408634827640156,0.0022913397043746175,0.008161985839604258,0.0005911833310959236,0.0,2.220446049250313e-16,0.0016077691917461001,-0.0035139276508317496,6.754361797867148e-06,0.0,0.0,0.01615524621962533,0.009597337398827566,0.0005027082955827988,0.000276674329265425,0.0010442718063188305,0.0,-0.0002835430233076863,0.009722856948842562,0.0,0.02170792573729191,-0.010858575726213404,0.0024782438469854173,-0.006027343509761529,0.0,0.026071964577756124,0.0014713990562173485,0.004645720401294462,0.006888252598835742,-0.0012143327455069186,0.0027696392567858608,0.00011697342525862631,0.017638789744743977,0.008267564450962328,0.012859949074226606,-1.1102230246251565e-16,-0.0060752207637374545
-0.0013444674420790004,0.028968591813784916,0.0,0.030563113008180764,0.013390449353231915,-0.01077892075193193,0.02043778772373417,0.015922141416976898,-0.018861540120657327,0.01612319742328938,0.011363056375695402,0.004945231679606643,0.019329024655874827,0.03695483286956974,-0.0007050269593779079,-0.00034078820889332784,-0.011000872313194077,0.018092360499613047,-0.009475464524781707,0.03423437483594299,-0.003781178661544371,0.021421314262418334,-0.0030588050704397074,-0.0005506149005966576,0.00996641316391722,0.022267127228343953,0.0049938860279068464,0.01828706903627475,0.03653621950907038,0.07616433030777553,0.02339789554892374,0.010142428171299511,0.016789225934035146,0.018230282595945668,0.020755388626667315,0.031079145560077348,0.01004005427634086,0.006020739599327307,0.024533903426814496,-7.742625879325615e-08,0.026120048909860083,0.00048484111624214066,0.04385551118682107,0.0025431010414426747,0.0,0.0,-0.0003225329216525741,0.12703287128331542,8.491100791374606e-07,0.04059853263899604,0.04127632618302812,0.022022584562596093,0.03786111072430176,0.04890982518133136,0.0003564199445993399,0.13412294596264834,-0.0012842735192347132,0.03766940358101678,0.03268759832477097,-0.0003340958940624139,0.0,0.0,0.0,0.20955838081803713,-0.00022853659995630826,-0.000558918578211054,-0.000512017947818022,0.029316150284679154,0.0,0.00013947178210715894,-0.001142546540489675,0.02462871597836802,0.03053943216959054,0.0009274568679237261,0.0006697312743382255,0.02352435261954955
0.0,-0.0001598356260500422,0.030563113008180764,0.0,0.0037562626773930963,0.0023017898201304066,-0.02669912546938047,0.026115471105626786,0.0021390429215619733,0.027506711599123712,0.0015641276346170518,0.017689013330347003,0.021682123769193373,0.03689249231452668,-4.144176208076278e-05,2.5524772613305657e-05,4.286648029705464e-06,3.8665832453044224e-06,0.016889397054663025,0.016772503547818174,0.00037809267656091494,0.015126636917626612,0.005083904882316359,-0.0020497425715925166,0.0005560127474644183,0.0019268914193498188,0.008751336593202652,-0.03934637463487625,-0.0018316913795230483,-0.00020389814988702737,-0.0035342600739636243,0.006614643573825796,-0.016287897410225793,-0.06805437236291784,0.04256978119891164,0.02304323388662971,-0.018151805331077353,-0.007134440869898062,-0.0042183834049963065,-0.0003860071447748248,-0.0003111337508199252,-0.0018389056693543515,-0.002231010689164148,-0.0013575868148912318,0.0,0.0,0.0,-0.0007061058073836168,0.0,0.0,0.0003831663633638849,2.220446049250313e-16,-0.045731452988542476,-0.00033650397686374456,5.551115123125783e-17,-0.001002744072966466,-0.0009119534545756758,-0.00032750612407395074,0.0,0.0,0.0,0.0,0.0,0.0,0.0,0.0,-7.802324593519927e-06,-0.000208347263210229,0.0,0.0,0.0,0.010060426155620472,0.0016465252347423465,-0.000138171388342212,0.0,0.0
0.0004419825406455913,-0.000693362358138494,0.013390449353231915,0.0037562626773930963,0.0,-0.013768455794079204,-0.015840885325572485,-0.006536168402138942,-0.007213750367072169,-0.0027051276577424455,-0.03596531915405532,-0.010470054253132688,0.011104544980131026,0.011054757270348825,-0.0005191089443515318,-0.02095303380545005,-0.00033723309047978267,-0.03680734597269464,0.014930072314085774,-0.009110108394720873,-0.0020721744459776814,0.001211854269257906,0.0007293890905512024,-0.028284158003845816,-0.02182819527428015,-0.001120780216763706,-0.0055880282053577535,-0.01763773472627922,-0.011066680483397762,-0.00020667325265166792,0.009251003000888713,-0.004660762924560247,-0.005921367155375168,0.004903386916903729,0.020591584243975225,0.0026185513356514756,-0.0014138146386785677,-0.01836322295481413,-0.024863408113322993,0.0007903821513756126,0.0025384778564963573,0.0004713291060169378,-0.010925279675591815,0.002118220046700703,-0.000421769859457799,1.1102230246251565e-16,-0.00018598277467046787,0.035503655581059945,0.0,-0.017737330836407328,0.02590880070863555,0.006813973090416425,0.0006877295739186606,0.024486591538237956,5.551115123125783e-17,0.03471344099902579,-0.00035197733973968415,0.0199615429805729,0.010708151398200916,-0.0002880550710205876,-2.3653543812118816e-05,0.0,-5.551115123125783e-17,0.019728447801898752,-0.00018295796538359,0.00016881127890600034,-0.0002500669278162615,0.02173910657461464,0.0,-2.4823793396966387e-06,0.0006328694656992373,0.02398575923644286,0.002351755351777507,-0.0026651459138168354,1.1102230246251565e-16,-0.0011336086154893898
0.031245254847165005,0.0055396057351077554,-0.01077892075193193,0.0023017898201304066,-0.013768455794079204,0.0,-0.0013167594804522897,0.011339207642983351,-0.008810152644532943,0.008816390101766103,-0.01146369103699374,0.007263188827840161,-0.010845311958130766,0.0075165361069898795,0.02794831153425409,-0.00904904712169241,0.00983989676193231,-0.012188893234263087,0.03379890015480308,-0.007292162600670393,0.04470821618018417,-0.003574241602473549,-0.014396541668176888,-0.006730853367403866,-0.009732794302007242,0.030629134082517218,-0.011701196216680088,-0.013648486762116163,0.003801364217073666,-0.0013323306543698288,0.01569529917397866,0.007621363831702199,0.006460014530829117,0.00599213900683182,0.0019200864067677181,0.020344764543470506,0.011208811476262182,0.0034745040135649163,0.0038586284571787144,-0.002110508272847811,0.01380997560006536,-0.020786715293312497,-0.01319374167152515,-0.00024251976091138605,-0.0018404993666856218,0.0012497784104165688,9.528263687880179e-05,0.03213268266656788,-0.0005157821001314788,0.025036895420878946,0.019520448917821565,0.013858867381823292,0.017202514083671128,0.022468532052397516,0.0027064489470340347,0.036524747183370954,-0.0014810008164354849,0.025928700531718585,-0.016404957899913974,0.018552441439500966,-0.0064324806077839525,0.0,-0.00026690295980807965,0.020360133604915176,0.024036769102039113,0.01877611352633657,0.01836028743131002,0.01034529170520715,4.06092626464849e-05,0.009389431460487485,0.024490725619063236,0.011844923167289134,0.002903850204749703,0.011033403084357296,-0.0040147379817723206,0.004702042226177872
-0.0010882045546726782,-0.0003949878530443707,0.02043778772373417,-0.02669912546938047,-0.015840885325572485,-0.0013167594804522897,0.0,0.0006320855122547986,-0.013223724405022286,-0.0309143665542706,0.03190424066784048,-0.05963347524335294,-0.0033575110572299782,-0.004060098614756202,-0.000268264923585948,-0.017952570297025683,-0.00221216943669289,-0.019902214819673192,0.02935072567875613,-0.01468411471646941,0.001394998158723293,-0.004299218478929556,0.011426983224858023,-0.07511915365644023,-0.02080483158771934,-0.01056576644505719,0.006965250054458139,0.0008307979632405926,-0.013250079542206417,-0.0022020817868857456,0.002795004031745152,-0.00597782876889269,-0.03291241584702137,-0.011769120668718158,-0.005031571818680136,-0.00413926451601121,-0.006073186915710627,-0.04536777954913174,-0.0032334344151965233,-0.0008861550619216896,0.0112827304981028,0.0005563914261838554,-0.03880950510383441,0.0035664348345897934,-0.001041900664855877,0.0,-0.002373109388402239,0.022234137290121803,0.0,-0.01958753258279805,0.024516095506722846,0.00755566415464104,-0.010612058496366261,0.015952301366399357,0.0003487218321069907,0.020864968641164827,0.00024363579194836005,0.011423518387940756,0.0007787651055650713,-0.001014724705449166,0.0010031743472513344,0.0,1.258188653902037e-05,0.007187023935056436,0.0010103490373658541,0.0004415398166142115,0.0053954261121001434,0.008739874015743054,-1.1928319377185748e-05,0.0006945206570707629,0.0010211085881665638,0.008339618049408637,-0.008332387982271483,-0.001237985812000797,0.00109219941114036,-4.903403687817054e-05
-0.04524626013991612,-0.02168034715136674,0.015922141416976898,0.026115471105626786,-0.006536168402138942,0.011339207642983351,0.0006320855122547986,0.0,0.020404332860074814,-0.016717798787250326,0.005507638602455955,0.004447771047578264,0.0020424008504141278,0.018760955025429293,-0.00486965807929246,-0.018747942114090255,-0.00024231805305657828,-0.04187120840824926,-0.020488336288782383,0.024966790996900468,-0.033522664220183296,0.0007479140161889553,-0.0035075764156327627,-0.05856241031759141,-0.03361525102983859,-0.037042171497743304,-0.0062727803246629965,-0.015735050827764274,-0.021556342912253834,-0.01960768043247091,-0.00296628983089936,0.01217059780171248,-0.03204406089078282,-0.011515842457189063,-0.005092300124554194,0.07247398341690803,0.048632539495877425,0.0011825777257513104,0.007003548062789466,-0.001338415399814108,0.011926977293657659,0.022691849374129824,0.04105373493510428,-0.0014851992949291293,0.0,-6.7112023926507725e-06,-0.0013083367221962128,0.027514656947383864,0.0,-0.0006953860452471594,0.028430269553388732,0.015692337622046415,0.07887820594085782,0.009932501358302037,0.0005543337255631275,0.03517442948875821,0.00014391634195703995,0.010885673088910641,0.04282577461617776,-0.009310236665805605,-0.00013999551320870163,0.0,-0.00010353162132969995,0.04242102865525499,0.01846661078307177,0.00330821683950977,-0.0027836946005559415,0.008196412044764623,-5.551115123125783e-17,-0.00021344322307143004,-0.0036098715378040103,0.013353768018472378,0.0010474300110804857,0.0008881388043219252,-0.04150365269183259,-0.014653886574251207
-9.614024069021232e-05,0.0009953080276784987,-0.018861540120657327,0.0021390429215619733,-0.007213750367072169,-0.008810152644532943,-0.013223724405022286,0.020404332860074814,0.0,0.012479015818778028,0.014024427376432724,0.011713044504959857,0.0012598052544869898,-0.029363100115083973,-0.0004981495161471838,-0.02336852348931845,0.004380959378673721,0.01233958139928365,0.003181926633863741,-0.003319794530990239,-0.0014443295836806258,-0.0013448406801725987,-0.000482242153049095,-0.007782786502926908,-0.022238735578218094,0.013678135784636725,-0.0006268582598407679,0.0178232084897193,-0.00873440245743945,0.0020742504606979795,0.023263197663942248,0.013529709238690235,0.0028894267799761675,0.019167839263898145,0.011373387567624071,0.005814650687726686,0.015659982932649474,0.0026080140770734506,-0.03562848610686542,0.000574200083985843,0.07792671931895218,-0.003964139999695138,-0.015556445808820207,-0.0035502586827628746,0.04381831209368364,-5.551115123125783e-17,0.001037912695360188,0.03389308183607431,-4.0791646338522725e-07,0.01580651507353803,0.040840277894654387,0.014272674883564762,0.006843759576134145,0.03351120336175406,-0.0016680017284918525,0.026577826456452125,-0.0012503782579939005,0.025278583042645075,0.0057074014232203485,6.30960317293261e-05,0.0005300468200159503,0.0,0.0,0.03801180817556604,0.000463678407215673,0.000995757322346913,0.00065483915972947,0.024116250392616667,-9.383851240857277e-05,8.6435678812391e-05,-0.001270105381951936,0.02419652044195486,0.01586365103002496,-0.0018493844152339678,1.6579601632260577e-05,0.0027601419164385854
-0.052538205437261176,-0.033224220618365496,0.01612319742328938,0.027506711599123712,-0.0027051276577424455,0.008816390101766103,-0.0309143665542706,-0.016717798787250326,0.012479015818778028,0.0,0.017791845184821353,-0.0458335362090693,-0.022746319598414555,0.041549454987722445,-0.0011894036534788044,-0.008772254823636139,-0.0054080298307661034,-0.009103057018504113,0.013638163399725844,-0.004170917492898163,-0.04215160212856528,-0.0008760141188766668,-0.009058585823189524,-0.044853011182421465,-0.013820097664721864,-0.022177657598794864,0.004497724800651082,-0.03184013956328635,-0.003720081760511751,0.0002658384139890835,-0.010600338028489031,-0.05448019808482574,-0.02825083625717384,-0.02272522433408941,-0.03557485116590442,0.024117990929831745,-0.010834215573405914,-0.009426097238382336,-0.0626182098544607,-0.022596203684911997,-0.0706038909456424,-0.10299900837168718,0.04020443837659682,-0.0013551274108865585,-0.0259327645804035,-0.0002489580351865972,8.347089089955073e-05,-0.0006511737988212918,0.06387919158469224,0.0003748651930906566,0.0019268805655288657,-0.01440017428578566,2.847434952868433e-05,-0.0018383573768091521,-0.039635457700764154,0.008904102584315843,-0.056047026155721436,-0.016644848799839462,0.0,0.0008333825128917227,-0.025039668475578147,-0.023867070024458703,-0.014619748934323995,7.61349111755294e-07,-1.2369999191352843e-05,0.0006626652886544404,-0.0016503385107751178,-0.0002398838906107481,-0.04209852815466231,-0.019129024489449142,-0.03625002718015946,0.00038658742746461305,-0.008839327903487404,-0.0010267213142178822,-5.551115123125783e-17,-0.024774325451010826
-0.000195649546314014,-0.00021654626132699972,0.011363056375695402,0.0015641276346170518,-0.03596531915405532,-0.01146369103699374,0.03190424066784048,0.005507638602455955,0.014024427376432724,0.017791845184821353,0.0,0.013870924333383772,0.033229952787343975,-0.006318394931886295,0.0,0.00010917537243854136,0.007108886136890591,0.013464324760909974,-0.0035776853132826747,-4.9990694289903104e-05,-0.0001548320911260448,9.742945718727025e-05,0.023382111390312377,0.006742731385808998,-0.011988991294715035,0.008379861939110445,0.004034460780589666,0.02487411531597905,-0.0011966885692823448,0.00038101747790592055,0.030091403205555867,0.03841576060330826,0.005990871310321444,0.018328516920840643,0.0060357890490180255,0.06351959365542453,0.02297483270625772,0.012712877285061985,0.04191921575713786,0.0007409349504632345,-0.00100334996721263,-0.0009309238302180889,0.04857402700505353,-0.0001038869742739923,-0.0006498402870014908,0.0,1.1102230246251565e-16,0.07897830500534514,-7.898804704753459e-08,0.04726638871958477,0.044142261805743266,0.03160675629266657,0.03741344616299486,0.06916307350406031,0.015009400554555186,-0.0061040612924466164,-0.001279025967909353,0.042513337529865025,0.056957292870975285,5.551115123125783e-17,0.0,0.0,0.0,-0.02855288878187856,-0.000566778997816153,0.0,-6.446651695024563e-05,0.035940376705662413,5.551115123125783e-17,0.0,-1.1536445431503672e-05,0.03364897003874667,0.02640049188291843,-0.0013959776598450047,0.0,0.017648993592578988
-0.055421760391274055,-0.00193082085715085,0.004945231679606643,0.017689013330347003,-0.010470054253132688,0.007263188827840161,-0.05963347524335294,0.004447771047578264,0.011713044504959857,-0.0458335362090693,0.013870924333383772,0.0,-0.03504510604866812,0.00712354253783376,-0.0003332721485170831,-0.040260640403079584,-0.012927608924949208,-0.021249380060081202,0.017421755146794282,0.008358197483411156,-0.042147082577100425,0.00113993749069069,-0.018312995080764782,-0.03870392732260208,-0.03089654675335035,-0.03641584540892229,0.0022612425196876784,-0.04573005748693093,-0.007107949706927075,-0.0013117980707925136,-0.027553815687693883,-0.018416428778398775,-0.024122111547544955,-0.045315027591069645,-0.04419300759338163,-0.017894677488751565,-0.04551488840199264,-0.016185836401482218,-0.030700456004430554,-0.016628038442735582,-0.07080889938765905,-0.05018797532544733,-0.011357310730052472,0.0010034421145874162,-0.02869959427764729,-0.00034533834236705196,0.0013691605165454535,-0.0006001664260527062,-0.0006853030188897213,4.567176253122973e-05,-0.0003526223229932124,-0.008405691597177523,-0.0002908043137524463,0.0072814214377097675,-0.04831393056041955,0.0219633986383857,-0.061824624857707344,-0.005032655251810958,0.0003076582576460596,0.00011426288384769334,0.0015211893992967407,-0.030264094192635316,-0.02647343416276171,-0.00035436047484432853,0.0004496977629488419,0.0013639822362673804,-0.00017957124330841845,0.025243924787028138,-0.06386869617886737,-0.03081899968356555,-0.0486221895211702,-0.0007218295757887572,-0.0062235143068680165,-0.0003233958221294797,0.0,-0.016047746905450022
0.0007681388116528298,-0.004335453572477332,0.019329024655874827,0.021682123769193373,0.011104544980131026,-0.010845311958130766,-0.0033575110572299782,0.0020424008504141278,0.0012598052544869898,-0.022746319598414555,0.033229952787343975,-0.03504510604866812,0.0,0.03826001761486808,-0.004539199394690441,-0.020993512421612626,-0.02069406724365158,-0.016736660721593688,0.030147262132543595,-0.025039013280137523,-0.0015016540037520176,-0.011808406973972785,0.008609642667013029,-0.041666439744334705,-0.027048940751664197,-0.01918544115163351,0.0039042412099382084,-0.030595836016771072,-0.027836898436803703,-0.08437091124373791,-0.011929962982039133,-0.0018519186397006338,-0.029369439569347344,-0.01704112544007863,-0.0015964564262527792,0.02775474044083104,0.026275352118879214,-0.028096382039756007,0.001848593806732246,0.0021056719996688233,-0.08914232339774664,-0.006109020436184387,-0.025330633845652595,-0.004837098362598713,0.014716336728601398,0.0006257997074716748,-0.0012636871287117213,0.04391827121265546,0.0,-0.00943162682856502,0.017253095796517237,0.024757627343364508,0.00022291679209573978,0.05283119838737538,-0.021458833227871676,0.016763438902659855,0.005233945796362938,0.03329504116971943,-0.0003374473473264916,-0.0016978344261945888,0.0010699749204954312,-0.0003051160726564861,0.0017859396643494785,0.028203776505817513,0.02157958009994365,0.0011641524600033981,0.0068206760623072404,0.006856041578643168,6.884010862229228e-05,-0.026353428672045154,-0.007989769369344313,0.01007492206883831,0.011726346965565237,0.00711945852629442,0.0007956537882437553,0.025231972206691766
-0.0027471260792382157,-0.00043734037030296324,0.03695483286956974,0.03689249231452668,0.011054757270348825,0.0075165361069898795,-0.004060098614756202,0.018760955025429293,-0.029363100115083973,0.041549454987722445,-0.006318394931886295,0.00712354253783376,0.03826001761486808,0.0,1.7996700911959707e-05,-0.00045354667859642817,1.0613700185402308e-05,9.399756409683713e-05,-0.010489716952048533,-0.0004402529438361502,-0.016151235929813268,-0.0005520648455948907,0.0002076682697544352,-0.029702664736304396,-0.00016649671242052744,-0.01208380317865293,-0.011029033103442498,0.028559557121329904,0.0004704781302681815,-0.00022565102435417872,0.0024616546234607073,0.07266200592730926,-0.002519013888937882,-0.0036201021091041286,-0.003192899252150605,0.05167189687286644,0.022640586655581163,-0.0002140286699643945,0.008591632455846987,0.0,0.0006456659585790669,0.0008931501263391151,0.02117654711054079,2.2736699495373713e-07,0.0,0.0,0.0,0.03735094372075498,0.0,0.02177230963213661,-0.0011818630348487957,0.011879442280954389,0.040893243103800936,0.04198694415502352,0.0,0.05468994854232562,-0.0001462896822645443,0.0013595627420011636,0.03364525725562567,1.1102230246251565e-16,0.0,0.0,0.0,0.03038059564596679,0.0,-1.1102230246251565e-16,0.0,0.009861341157819059,0.0,0.0,5.551115123125783e-17,0.007600551465066108,0.013389247171491425,1.1102230246251565e-16,0.0,5.551115123125783e-17
-0.009790988226368369,0.006451966432249878,-0.0007050269593779079,-4.144176208076278e-05,-0.0005191089443515318,0.02794831153425409,-0.000268264923585948,-0.00486965807929246,-0.0004981495161471838,-0.0011894036534788044,0.0,-0.0003332721485170831,-0.004539199394690441,1.7996700911959707e-05,0.0,-0.0019075698075730063,-0.0010789465819759925,0.004591724449067525,-1.1102230246251565e-16,0.02617693424422357,0.0015496532390109619,0.02505600415580639,-0.0016410335578145308,-0.025309184658241723,0.010618175053177747,0.018691741748185386,0.006164453690850558,-0.004174659751527199,0.005180086267077888,-0.0018717545883962794,0.0023232065610878094,-0.0015757927448492581,0.030756366899999887,0.007500529016589319,0.00623913535680426,0.002623380970372402,0.003897678462539522,9.806802687994942e-05,-0.0015739213599244017,0.03199377303994966,0.012833574819473836,0.007939648188210247,0.0029843825730758167,0.0003952627292503341,0.0,0.0010269024724670617,0.019480512822807272,0.0003700531119830708,0.0,0.0,0.022832632130350916,0.0018560359741607857,0.047188046641070513,0.00045820056478546034,-5.551115123125783e-17,0.0,0.0005398935296133112,0.024870316620203392,1.294816101338192e-06,0.01027414097117485,0.010487741043648635,0.00022514994718725312,0.008728653037945178,0.0,0.023706082016162366,0.009949291470801369,0.02719219683166163,0.02800359237228167,-4.639529608158055e-05,0.019608831042191133,0.022908050240754152,0.03282112437567758,0.004133028200195066,0.015561635011289932,0.004941420292146614,-0.0036808169105124744
-0.009592921040704694,-0.029859417074970918,-0.00034078820889332784,2.5524772613305657e-05,-0.02095303380545005,-0.00904904712169241,-0.017952570297025683,-0.018747942114090255,-0.02336852348931845,-0.008772254823636139,0.00010917537243854136,-0.040260640403079584,-0.020993512421612626,-0.00045354667859642817,-0.0019075698075730063,0.0,-0.015879522578774896,-0.04467186128328399,-0.00015690133798551553,-0.031781829324280086,-0.0035045671505428144,-0.02393863300466942,0.007318370750220349,-0.016935218945888342,-0.024436292727758546,-0.015132774405045402,-0.004811686072364707,-0.032677479672477416,-0.03224029314805954,-0.032959532349279175,-0.017821546615437278,-0.02647572830587641,-0.01179086833290166,-0.02146336361415918,-0.01985796688993835,0.0008573486996721891,-0.0003674759893285695,0.0017325349830658587,0.0027157772098743704,0.011847671278200245,-0.00450594111138275,-0.007640838532714467,-1.6883414036272804e-06,0.0,0.0,-0.011003038786827568,-0.01050524934643804,0.0,0.0,0.0,0.01369129512747902,0.0005764272007132698,0.000552164105608044,0.0,-0.0019794988119262724,0.0,-0.005258440204671866,0.003289406158567487,0.0,0.0029138967640975344,-0.015633593695432824,0.000373331096258922,-0.015136740181024344,0.0,0.023171236964347752,-0.033002752605459595,0.003800250829572527,0.006975189856758379,-0.0018011968710180404,0.00012626136989690728,-0.010528109909743233,0.016961704280754886,0.013073750309941568,0.014373435703579351,-1.1102230246251565e-16,-0.010139667051139556
-0.0017983022328828535,0.0005761536282899993,-0.011000872313194077,4.286648029705464e-06,-0.00033723309047978267,0.00983989676193231,-0.00221216943669289,-0.00024231805305657828,0.004380959378673721,-0.0054080298307661034,0.007108886136890591,-0.012927608924949208,-0.02069406724365158,1.0613700185402308e-05,-0.0010789465819759925,-0.015879522578774896,0.0,-0.01502967405498018,0.009348557176597161,-0.014456912892314988,-0.0009781365611336024,-0.019261367428937082,-0.00013748983649713997,-0.016180777741122476,-0.043110517567018114,-0.02000062662805341,0.012991613121766499,-0.019482850047999378,-0.0024799783122416708,-0.0010190850974061139,-0.022598182680309387,-0.010937400346758497,-0.016399717741132358,-0.01788407406280612,-0.011011829587966093,-0.03810928563819743,-0.0003388550536439494,-0.004605109149898534,0.0018672032595735688,-0.0003300745137480021,0.018035984184952447,0.0006861379441110427,-5.551115123125783e-17,0.0,0.000295914504310657,-2.0485084917365448e-05,0.00030229642911977495,0.0,0.0,0.0,0.0,0.0,0.0,0.0,-0.011468243985337412,0.0,-0.010885744380002949,-0.0008753375710168765,0.0,0.00023185870303016332,0.0008248399764775871,-0.012308803077353603,-0.016838187836452245,0.0,1.1102230246251565e-16,0.0,0.00014593244307875564,0.0,-0.02118160162518773,-0.014959344390769902,-0.020530008907549357,0.0,-0.0015965885596317952,-1.0174904981952171e-05,0.0,0.0034038280123051545
-0.029253802968215614,-0.023911482395093664,0.018092360499613047,3.8665832453044224e-06,-0.03680734597269464,-0.012188893234263087,-0.019902214819673192,-0.04187120840824926,0.01233958139928365,-0.009103057018504113,0.013464324760909974,-0.021249380060081202,-0.016736660721593688,9.399756409683713e-05,0.004591724449067525,-0.04467186128328399,-0.01502967405498018,0.0,0.004466552608957786,-0.023199618544632428,-0.016047586921738466,-0.021563764690581744,-0.005807636808958072,-0.02316651213382198,-0.03777000228167421,-0.03286442294442676,0.001623557337161352,-0.021977283902235967,-0.0301324738144097,-0.024354654743252935,-0.014617591162848664,-0.020071214548111727,-0.012621442478783884,-0.020328834176856103,-0.019587004373338213,-0.0010934695387724847,-0.0003859847737580635,-0.0006038185102629212,-0.005675319833789827,0.005536475648471428,-0.003090313792595223,-0.014276389445036786,0.0,0.0,0.0015769586427913929,-0.03001074189138303,-0.014962623848485013,0.0,0.0,0.0,-0.0008438854951640651,7.515592428886109e-05,-0.0001475760652608904,0.0,0.010685105202192458,0.0,-0.0016448301457428482,-0.00022852297345160588,0.0,0.007737934512711098,-0.01622752310669251,-0.00034950960889029714,-0.010754544155372248,0.0,0.029025495792845135,0.0019596968374804846,0.011322786440433885,0.0017308308874227074,-0.017716099307331257,-0.009083966316567382,-0.01496538835977107,3.936841766427612e-05,0.0014050149224431596,-0.010917517572411217,0.0,-0.0034964961638783154
0.0,0.0012878294671487267,-0.009475464524781707,0.016889397054663025,0.014930072314085774,0.03379890015480308,0.02935072567875613,-0.020488336288782383,0.003181926633863741,0.013638163399725844,-0.0035776853132826747,0.017421755146794282,0.030147262132543595,-0.010489716952048533,-1.1102230246251565e-16,-0.00015690133798551553,0.009348557176597161,0.004466552608957786,0.0,0.0004091697901180136,-0.0003837769859924567,0.0012188304986607834,-0.0025699306129362,-0.008156974951512186,0.0025339576311950163,-0.000744565110406048,-0.006482930698273992,0.0197138785334266,-1.8087934120114557e-05,0.0007869971768384998,0.02122845266642648,0.003832657214982216,0.0022764958166255345,0.019404120217654863,-0.00525830497101426,0.036060587753337925,-0.006896836037943221,0.006976157324430687,0.009541255846116092,-3.2308643321599106e-05,0.0023112033284832245,-0.002660667110485293,0.02246981824371541,-0.0017930237150322048,-0.00016151914340600815,0.0,0.0,0.08252512064350742,-5.551115123125783e-17,0.023731707491449372,0.028830226622288624,0.009959161584372378,0.0068381583005057145,0.02694884999589653,-1.478644100977311e-05,0.09809293209944103,0.00022534050637096348,0.031533931810501015,0.025551765426942763,2.220446049250313e-16,0.0,0.0,0.0,0.055899515074981476,-8.7586217368818e-06,0.0,0.00010125121491033617,0.018116926342452655,0.0,0.0,-5.551115123125783e-17,0.02336169749288064,0.013293394816615844,-0.0016930589149676822,-3.019585867414243e-05,0.0008198274826504148
0.014550304723022989,-0.01782006268056152,0.03423437483594299,0.016772503547818174,-0.009110108394720873,-0.007292162600670393,-0.01468411471646941,0.024966790996900468,-0.003319794530990239,-0.004170917492898163,-4.9990694289903104e-05,0.008358197483411156,-0.025039013280137523,-0.0004402529438361502,0.02617693424422357,-0.031781829324280086,-0.014456912892314988,-0.023199618544632428,0.0004091697901180136,0.0,0.011374403027045732,-0.03821715954561161,-0.03835706007405515,-0.019334094015883263,-0.02176302586705331,0.0006531077683964437,-0.0038029223778816568,-0.05129002752280737,-0.04181793575129855,-0.010575530558679824,-0.011476719986401873,-0.01878128948711688,-0.009846652091320629,-0.014620192394770581,-0.011619020911145306,-0.0017911528834323454,0.0001376489796302005,0.0050342196914258674,0.03018959038481628,0.02321218463923086,0.011397573237382663,0.014973606075849022,0.02207436788756445,-0.0014334678662045186,-0.0004916207838974729,-0.001228167426877258,0.007541801786975388,-0.0006994907040000498,0.0,0.0,0.023433950888497646,0.033750424498368625,0.03286923963667776,-0.0012323882319426605,0.0006910105793174193,1.1102230246251565e-16,0.00036544249653419625,0.0156543923028461,-1.1102230246251565e-16,0.02068051366835788,0.019203643772848555,2.6857867985174977e-06,-0.002090205766255515,0.0,0.031179195342225408,0.031016345538723955,0.009859415145579864,0.03198571012980106,0.0,0.006168077203945355,0.014726019396083645,0.029313002963781143,0.011262296913757686,0.023143818800668514,0.014755271830410255,0.01646823836069744
-0.03253851961465393,0.0136526351219049,-0.003781178661544371,0.00037809267656091494,-0.0020721744459776814,0.04470821618018417,0.001394998158723293,-0.033522664220183296,-0.0014443295836806258,-0.04215160212856528,-0.0001548320911260448,-0.042147082577100425,-0.0015016540037520176,-0.016151235929813268,0.0015496532390109619,-0.0035045671505428144,-0.0009781365611336024,-0.016047586921738466,-0.0003837769859924567,0.011374403027045732,0.0,0.010949806932887107,-0.01778366132535303,-0.05987379611195387,-0.017192989971828665,-0.019374649937413724,0.012657514688098337,-0.003430998320154588,0.010164707060022704,-0.004244663912787439,0.0014906529907318666,-0.0015091168640342656,0.03268378093644303,0.005298654716087758,0.0005970589105218638,-0.001199656328856824,-0.0008344438305092905,-0.001940595486503327,0.013756138622036451,0.01875568339165007,0.012988454323888121,0.003893181271929169,0.0022631643653460154,0.0,0.0,0.05448453001398218,0.017273112073587282,0.0016334504656623228,0.0,0.0,0.031046383291035762,-0.00021284717525787977,0.06913722244871079,-0.0003824599434471554,-0.0004835147168489873,0.0,0.0009032854430227055,0.01650512198621895,5.551115123125783e-17,0.03251955804776746,-0.0019964974512142186,0.0,0.00814659154721209,0.0,0.040290672939072125,0.03112076732103336,0.02765686993957084,0.027397699297292855,0.0012308989784525215,0.00041829538522825116,0.01144199697644177,0.04573659676070968,0.004654074072911796,0.0296382148403192,-0.0023813326059742845,0.007523986654463188
-0.009346534275475382,-0.03451328636057466,0.021421314262418334,0.015126636917626612,0.001211854269257906,-0.003574241602473549,-0.004299218478929556,0.0007479140161889553,-0.0013448406801725987,-0.0008760141188766668,9.742945718727025e-05,0.00113993749069069,-0.011808406973972785,-0.0005520648455948907,0.02505600415580639,-0.02393863300466942,-0.019261367428937082,-0.021563764690581744,0.0012188304986607834,-0.03821715954561161,0.010949806932887107,0.0,0.01691445377254397,0.003428684595994491,-0.02736547562245223,-0.0051590307441489736,-0.005804833795239106,-0.02912738267932391,-0.027700531795605166,-0.02176813552377793,-0.010076246322296978,-0.00999837889705485,-0.0005727311473857633,-0.0034349960421412584,-0.0023120595379406694,0.01085872071653049,0.011732559976746104,0.004251704761441322,0.015113528718814828,0.022976317584031847,0.014384358353483284,-0.01403031500215518,0.004098336478735198,-1.6783616380688926e-05,-0.00036892303653762726,0.011532714999839988,0.009180312777570088,0.0005951925674082537,-7.120034996588309e-07,-0.00887000213304906,0.011899102300690356,0.006922865387789134,0.0004927687414364446,0.019562216410813626,-0.0003853817174450658,0.0,0.0006298852947348998,0.01615651851547828,0.0,0.035522489139206304,0.00888951210043848,-0.0006911776954379167,0.016612744245112665,0.0,0.0253195395115427,0.0023744375522651295,0.007928002141938728,0.02257234098485128,0.0015571622787015071,0.012593242744277755,0.01077683922584094,0.018218333045509183,0.010179976081345521,0.024579283224479387,0.019016835909879293,0.013640546611320303
-0.036775992595371565,0.018278113074320534,-0.0030588050704397074,0.005083904882316359,0.0007293890905512024,-0.014396541668176888,0.011426983224858023,-0.0035075764156327627,-0.000482242153049095,-0.009058585823189524,0.023382111390312377,-0.018312995080764782,0.008609642667013029,0.0002076682697544352,-0.0016410335578145308,0.007318370750220349,-0.00013748983649713997,-0.005807636808958072,-0.0025699306129362,-0.03835706007405515,-0.01778366132535303,0.01691445377254397,0.0,-0.052439799790291675,-0.0015919004115225732,-0.002704379769591092,0.00038004003332003933,-0.005346169759022468,-0.006292164117645049,-0.0053472482559971946,0.013761003746732059,0.00023479851271879237,-0.000810276935002241,0.005171198418988832,0.009213070032892123,0.014936146085405,-0.004690140267387233,-0.014223006821943052,0.005330756544896897,0.012357851774387085,0.005159420525547076,0.018111949324373766,0.02169384489747972,0.0017638582558843208,-1.01426249926595e-06,-0.00040452797571394195,0.02643375159184591,0.04858637176302294,-0.00011295692299045923,0.011569771516401484,0.013454426792650631,0.0038763448008660717,0.02050716119031093,0.02500917407634462,0.0019067730405936678,0.044649671163198124,0.06933115165789827,0.006419302950117389,0.03268283757171331,0.02436341008683801,0.030475362582120802,-6.5334734182798115e-06,-0.00015608661631993925,0.05277328410321003,0.028294495843901202,0.02404192824950352,0.01868989056831355,0.013002850451828363,-0.00042986327335436947,0.009914443217501845,0.017921303825566115,0.010071263385011964,-0.004070240910722722,0.010541215639034485,-0.007175017091845759,0.004148930703242071
-0.06230530747887075,-6.405750349236516e-05,-0.0005506149005966576,-0.0020497425715925166,-0.028284158003845816,-0.006730853367403866,-0.07511915365644023,-0.05856241031759141,-0.007782786502926908,-0.044853011182421465,0.006742731385808998,-0.03870392732260208,-0.041666439744334705,-0.029702664736304396,-0.025309184658241723,-0.016935218945888342,-0.016180777741122476,-0.02316651213382198,-0.008156974951512186,-0.019334094015883263,-0.05987379611195387,0.003428684595994491,-0.052439799790291675,0.0,-0.03751007971431464,-0.0295673574808194,-0.031721228609289054,-0.05798463979191121,0.0016911011297501832,0.000634360845710169,-0.02413101564773612,-0.02229837344479646,0.011976098106174393,-0.0051027879912526886,-0.010301197331612222,-0.03958834179547521,-0.011156242770242408,0.001981811869840977,0.03854755174339969,-0.027685674281085093,-0.05906347572896509,0.008649370821772251,0.001034579651064127,-0.00021319719126650094,0.008575145820785779,-0.04720376661374759,0.024097117116871347,0.0,-5.551115123125783e-17,2.5806023055297e-05,0.00016560355960310025,-0.00013675489784492623,-1.6653345369377348e-16,-0.00043719984509515974,-0.03665301180928676,5.411799957655283e-05,-0.0657337746951655,-0.0014841742258503987,0.0,-0.00039241390138200494,0.007921405201314569,-0.03113402517928593,-0.015458596207183872,-3.144788573383739e-06,2.554391312947768e-05,0.00020309874259655247,-0.0025188196811531394,0.0007326520169319561,-0.059856759081293676,-0.029411600980035146,-0.03222888247710892,0.000593118269587245,-0.04705185276965057,-0.00031102600423082993,0.0,-0.028844722784020282
-0.02945393023712406,-0.033794711891959595,0.00996641316391722,0.0005560127474644183,-0.02182819527428015,-0.009732794302007242,-0.02080483158771934,-0.03361525102983859,-0.022238735578218094,-0.013820097664721864,-0.011988991294715035,-0.03089654675335035,-0.027048940751664197,-0.00016649671242052744,0.010618175053177747,-0.024436292727758546,-0.043110517567018114,-0.03777000228167421,0.0025339576311950163,-0.02176302586705331,-0.017192989971828665,-0.02736547562245223,-0.0015919004115225732,-0.03751007971431464,0.0,-0.027421789210555547,-0.0007570178902375768,-0.020844363458570547,-0.015793770946291197,-0.0008125684325039906,-0.021738634847918437,-0.019312715067756225,-0.018090225958179607,-0.023558209814922293,-0.016736381050991733,0.0009809656599608085,0.0003175087834864643,-0.011273803781505887,-0.002624749829228279,0.0035279134148311075,-0.01303472447658055,-0.002400180867306201,-0.0011036819065197712,-5.551115123125783e-17,0.0029674468120640674,-0.021661401484395992,-0.017203952474118045,5.551115123125783e-17,0.0,2.220446049250313e-16,0.0012738883751448604,0.0008864534573145844,-0.02594393135706352,0.0003794970676579412,-0.0131582624051651,-0.00018436156422785288,-0.01830907014208577,-0.009370706746721413,0.0,0.007431215409922309,-0.016871242830624522,-0.011968211822327046,-0.014143739463166882,0.0,0.011274143502501999,-0.019878487717631566,0.011103049573662871,-0.015795170519061708,-0.02758505109887871,-0.010685968662041856,-0.019035199521059754,0.00750157468939483,0.0009705822359885041,-0.0006331567502128599,0.0,-0.015379073285011646
-0.02268580875201681,-0.01792734770950083,0.022267127228343953,0.0019268914193498188,-0.001120780216763706,0.030629134082517218,-0.01056576644505719,-0.037042171497743304,0.013678135784636725,-0.022177657598794864,0.008379861939110445,-0.03641584540892229,-0.01918544115163351,-0.01208380317865293,0.018691741748185386,-0.015132774405045402,-0.02000062662805341,-0.03286442294442676,-0.000744565110406048,0.0006531077683964437,-0.019374649937413724,-0.0051590307441489736,-0.002704379769591092,-0.0295673574808194,-0.027421789210555547,0.0,0.006811849342660825,-0.02009989678683538,-0.009261878698089698,-0.0004909979554841293,-0.02096977984969617,-0.013509509967557953,-0.019413279941359607,-0.02346946653047849,-0.01945521441400938,0.0016198549589453437,0.001159264144147687,-0.019512163488832612,0.01486101412747165,0.005263731203612065,0.003201977763864383,0.01703874494369123,-0.004028288429172133,3.2374200009510634e-05,-0.019741336276484833,-0.004591068523966013,0.003727928348429388,0.0022069340737854715,0.0,-3.7225900558157665e-05,0.019716597770788213,0.007779677686888253,0.000671369052843318,-0.001033661453224699,-0.03487402236886156,0.0,-0.0359943495252486,0.021348128562064306,0.0,0.022160911386932325,-0.0015038717191961926,-0.02361170615617275,-0.013176020915503461,0.0,0.01718715766987139,0.000586262248216729,0.00999787193310242,0.000878294132842572,-0.04299771352031373,-0.009068681355310027,-0.008078190590325274,0.0180025466071998,-0.011944288407056802,0.016349685056523566,-0.00029292001951908286,-0.004951291017131154
