0.0,0.027644188068016006,0.10702554958278984,0.0,0.1742289797771415,0.2631485867503777,0.1437797131384165,-0.2814893532007189,0.17553881265119944,-0.19279770066207697,0.15115454246874685,-0.21474093250010914,0.09676565274079466,0.1251081841564881,-0.072983571903369,0.020421324140441274,0.09551761032346143,-0.11973105511198544,0.0,0.15685987205775706,-0.10718195594740092,-0.023886474340301007,-0.20248127194384474,-0.2336249613877857,-0.18095010526987543,-0.09097060453957045,0.07864307016548296,0.1039345375471011,-0.03759032534613828,0.2878638592300046,-0.08067687831030577,0.08854608569744157,0.05700641783338952,-0.17944175828031106,-0.03046047109230516,0.19678754642136992,0.2277920833725883,-0.12098391940776837,-0.0026195424436079376,-0.05144223089331598,-0.2306372551783974,0.1930942486479126,0.21771311779544636,0.0,0.1835484105366046,0.08823819657419248,-0.09957519928870161,0.0,0.0,0.0,0.5163333408704585,0.0,0.2246930497109651,0.0,-0.4298657731108215,0.0,-0.2991957745734723,0.7008074541941729,0.0,0.24266431452556544,-0.04239196861700527,0.06727095919884479,0.000312844999968781,0.0,0.11571587957276855,0.16073612363886608,0.07505210540841946,-0.017285547071685094,0.06724665384201206,0.07297163386439875,-0.037955412170499254,0.12966862130060952,0.16007390698542207,0.12336895952830002,0.0,-0.08058995505839726
0.027644188068016006,0.0,0.36486216483981293,0.11086685328616282,0.06221608876750555,0.11223997798493297,0.020730654534534362,-0.002167375735040021,0.03824294656078083,-0.14771594884793807,0.13848569410470862,0.142769926965503,-0.005088758266367916,0.2517356781432609,0.09192329012562864,-0.07691142046451739,0.18982371566802062,-0.042512637435603316,0.2226904320749266,-0.04676138737679228,0.19940303512582364,-0.059829202838182494,0.19733961198014432,0.16736707707201415,-0.01823793665104506,0.02293963463343819,0.14643423975318814,0.09780460934005814,0.0006944524740123102,0.11861279004411462,-0.04469282373326289,-0.09751650651435596,-0.10501219364140861,-0.13364642346865493,-0.10851524470746518,0.2015108134754756,0.08858942953345425,0.0,0.0033579745794550947,0.31145357525835976,-0.001763683247645087,0.14656779208368964,0.2505597651213046,0.0,0.0,0.06404267679194715,-0.10762566764310932,-0.022625688610446528,0.0,0.0,0.25021281696537273,0.36550304167513487,0.23349864171657775,0.19718095434759778,0.22561198207298241,0.0,0.1357600247435145,0.3054284050682846,0.0,0.17543729509837178,-0.12329080132935567,0.29911024607905357,0.12225291003480879,0.0,0.3219495654124228,0.03366944348657372,0.05934283420938325,0.010381488300610926,0.15043969630118542,0.05964310044724323,-0.0351162707196744,0.15185809545761442,0.25521899319135494,0.18371799772417677,0.0,-0.09956161162720305
0.10702554958278984,0.36486216483981293,0.0,0.26609490351719867,0.12015227200199863,-0.001186306437326006,0.11786540463174433,0.14073995347587487,-0.09594046502812781,0.17440992844041497,0.1434320861394964,0.1522886198415166,0.10084336543249064,0.2818782008520146,0.11868428029965877,0.13486040434410818,0.003766277007043888,0.31836565090929536,0.04118804724913373,0.27224625578578177,0.08741592248966656,0.29340253629527396,0.04855964885304451,0.14026318660310103,0.2553905225157369,0.2564835863201306,0.11945511352522072,0.11888400841271404,0.3502277302823371,0.6133487760587959,0.13963330634750834,0.06279821766537885,0.2852597781315104,0.07732763574156223,0.18371304948127748,0.21133762523526944,0.08395809230234214,0.13606327866521153,0.1938122113432809,0.20402902454030333,0.23522462004233333,0.15889779481627375,0.27421944602020154,0.2236110253584566,0.0,0.0,0.05383108068530609,0.33260505860163825,0.1853401176322891,0.25728259928299585,0.2509467671640235,0.1970154756329938,0.2552316160877786,0.29203352976104496,0.15745884598590731,0.40777919496750215,0.16608506749035032,0.3003544589126579,0.22116671616801986,0.10324085970621416,0.0,0.0,0.0,0.40026428308077183,0.21980040261847517,0.1778910762647672,0.016131546538404703,0.16989429386994823,0.0,0.27944202008244373,0.14845245726352443,0.13782640974422788,0.3120537277829564,0.15262649307880358,0.2925821593363795,0.24497455383698488
0.0,0.11086685328616282,0.26609490351719867,0.0,0.12311164188683349,0.050352157578546476,0.01915853531020207,0.24994953036817613,-0.017560586096365217,0.13248025634219962,0.041653259821354684,0.2003360513763156,0.2806453964367016,0.3843196443944703,0.27434386611887257,0.05467470964633454,0.18123496464542183,0.21456000082487195,0.16402071846790017,0.3424237613182492,0.21916172960930344,0.3504274184140748,0.08390446985571307,0.04809514228318906,0.38433553658669495,0.30602763054079396,0.12899107964232626,-0.18615609144520961,0.0697904361991854,0.2229032408980341,0.1365978743057242,0.09123758503396004,0.022357735291744563,-0.2731744682721941,0.3233265176417652,0.2237750294684866,-0.0658868481301005,0.07830392139622276,0.12006063916980293,0.13955416881526664,0.14562483510304258,0.07836126068945679,0.05386808910611269,0.08382730631242487,0.0,0.0,0.0,0.14692501738193825,0.0,0.0,0.26215712272952896,0.0,-0.42772904938538064,0.012348873430232912,0.0,0.05094816239536177,0.1712472397867133,0.1936251312598282,0.0,0.0,0.0,0.0,0.0,0.0,0.0,0.0,0.2002066987385198,0.15767236481947516,0.0,0.0,0.0,0.23153905863864133,0.2255613522022887,0.2167253615294942,0.0,0.0
0.1742289797771415,0.06221608876750555,0.12015227200199863,0.12311164188683349,0.0,-0.07262045729979363,-0.06670041021555526,-0.10004497370930669,-0.033965979824393165,0.02530170578966734,-0.1680338407752268,0.04084946105467137,0.10076320552917963,0.11971805812912871,0.19503864019277345,-0.04653611029452237,0.12743181541619758,-0.11961462717166822,0.07618947215597038,-0.0064548573435254455,0.1394448669058516,0.04391434164946832,-0.03169929828715041,-0.07849729416440593,-0.014896304787899557,0.09130633894368204,0.008010656460674146,0.0489132946957499,-0.06159625832076935,0.13645358926124027,0.030125094579886463,-0.04227423613381048,0.0942989268110606,-0.05919896289185611,0.14736747083528673,0.10258569698522227,0.1715616635487399,-0.10224220143380112,-0.03763994928626828,0.3673198582004938,0.21215253467888986,0.15583123791700473,-0.03772452946992354,0.3166737963865779,0.09681627885038498,0.0,0.16331116962867456,0.2176244411141041,0.0,0.053536685123834374,0.22173904562778046,0.18174818691055622,0.07783658115781253,0.17610569981975005,0.0,0.20559885224108054,0.13673811249052326,0.2890703759745099,0.19229352457835724,0.09960684138208824,0.19689909203020342,0.0,0.0,0.16612659498330395,0.08877680201244705,0.22150208555582032,0.12640934705717577,0.10896011620394098,0.0,0.20313223577793976,0.18837446495484372,0.18274493604170894,0.09390681408458242,0.07697504980715436,0.0,0.14017163476676767
0.2631485867503777,0.11223997798493297,-0.001186306437326006,0.050352157578546476,-0.07262045729979363,0.0,-0.017115377611394117,0.10824376131727084,0.017109515334165104,0.08874781846489485,-0.007783984207215003,0.16490536155549043,-0.02761755036005699,0.0703957620695016,0.24636550075616953,0.017274479950204515,0.22792456955428084,-0.014480908162503022,0.227267169347388,0.03134772144494088,0.36262559188836463,0.041239803562103265,-0.024448102477255665,0.054511145908820585,0.03355110361717574,0.3297149299763808,-0.022688939610970973,-0.017224012490583758,0.08975857537649609,0.01600016314197407,0.1415374863995113,0.06353098186301823,0.1494201633164769,0.029409229132610064,0.07602771659313162,0.20317601475631059,0.09897955371444268,0.10114069245505034,0.06709823064475821,0.10679004841447123,0.059852408117259163,0.05924957356451054,-0.11337614401229294,0.15285711871625168,0.05398271232703951,0.22108903171160366,0.0818280278321472,0.19676667573646142,0.24093327693900676,0.22353568885777225,0.102594445852381,0.06992996751983928,0.13251557519068582,0.08474759391360233,0.25166068573785616,0.2742446039928107,0.16214422102065487,0.17057891133325045,0.10479432885383802,0.14863579394743076,0.01913742184475532,0.0,0.2088701131213344,0.14788315231197016,0.21309402273680364,0.17626005953301951,0.25171867290086647,0.04614365985456238,0.2507893396768248,0.17723343380006507,0.2664821043033693,0.04925458883021909,-0.05185761638860155,0.020344582105783618,0.07190285342852154,0.008685831374116715
0.1437797131384165,0.020730654534534362,0.11786540463174433,0.01915853531020207,-0.06670041021555526,-0.017115377611394117,0.0,-0.04133214028494872,-0.09884198577611905,-0.13529934888659526,0.18750580290716265,-0.29705604101309796,0.0398875976809975,0.03547538205282472,0.14349535087362222,-0.15938001647154845,0.10632507751650966,-0.08670911071316274,0.13653053348652056,-0.1750640284426575,0.05614585850552507,-0.03751841962669179,0.01288458578113974,-0.2685230213613584,-0.07803471540664386,0.02124933331062938,-0.001546308670231887,0.12356457013821774,-0.1277559274423906,0.07793328538062252,0.023934796330191292,-0.043227366234673034,-0.1728231673507908,-0.09285617493385198,0.03591997663030286,0.060633411188049866,0.10478685910130035,-0.20572729978410567,0.21641091717430894,0.15579885675905725,0.24773021315462823,0.23189438008768487,-0.20442466803535114,0.3739073549918672,0.12245393477296315,0.0,0.08076907607484266,0.1760882664248165,0.0,0.008621811725740863,0.19856826826721774,0.1715380328352153,-0.003475771549956,0.19438358651598653,0.2297500511386357,0.20258711332018167,0.17623209863524203,0.17219055758933244,0.11622661270378233,0.07382899621623709,0.2698153874543988,0.0,0.22085394722702537,0.17778287733473655,0.1731849858512167,0.18551323844427575,0.2057940078824957,0.023323669560754295,0.20230997573468945,0.1997205870550904,0.10591577482047408,0.03966845346217979,0.025552965975109917,0.05592237649451129,0.29362830063271617,0.08054936008281059
-0.2814893532007189,-0.002167375735040021,0.14073995347587487,0.24994953036817613,-0.10004497370930669,0.10824376131727084,-0.04133214028494872,0.0,0.11572236672117613,-0.04606234708405969,0.07878013273362747,0.24101767651536501,-0.06255207608608572,0.23911651077009535,0.07736945323972873,-0.023780322374460556,0.2057036015619944,-0.07698055097641769,-0.05648250451462157,0.1962731694597522,-0.19112489860005305,0.12264071192465653,0.03510458626006316,-0.344806943222179,-0.10605874534964019,-0.16473522342919766,-0.020129658313287047,-0.13210420453161278,-0.12904219133915384,-0.09858315899556257,-0.032425130490207,0.2464690103890607,0.027920096775216213,-0.16149611742444228,0.04631511884054064,0.5234280065290426,0.3224808193717429,0.22424210899295952,0.07448531127697061,0.15348235457470308,0.0826027594793031,0.3089419897957235,0.2450583309095812,0.22393523953220498,0.0,0.24273876884273174,0.11392188096304665,0.17538875127080708,0.0,0.17725380971989377,0.13349806228332026,0.16121806898547592,0.41740069978627137,0.0006409015656181072,0.3686671575299114,0.1927668469306314,0.4341332212670132,0.0322500834507754,0.2891543601142193,0.038135455243174715,0.18166675494504342,0.0,0.29925822911223854,0.3448951205435486,0.20317767259426484,0.05447062530599598,0.10940281746683825,0.03844009958970201,0.0,0.12636780076466222,0.07389167380320638,0.048441985388908156,-0.011852758207136833,-0.02555045467306094,-0.21176655040257697,-0.06899650100960852
0.17553881265119944,0.03824294656078083,-0.09594046502812781,-0.017560586096365217,-0.033965979824393165,0.017109515334165104,-0.09884198577611905,0.11572236672117613,0.0,0.005367584210351814,0.08215655555980479,0.10136879841190703,0.0029953329727184577,-0.13860346822422065,0.17330967456224294,-0.09363700522333823,0.13848282117628247,0.2357739288448706,0.040104483203646166,0.030241951182107485,0.09084939924987362,0.017227806526985336,0.08482920028186137,0.04867256618065691,-0.08034937183101262,0.22599441245608337,0.06575196207456951,0.09033926740191202,-0.0316321870886789,0.1102269522296541,0.10713648658526696,0.05672099532951204,0.0946156420943312,0.06522744659186427,0.053861951084431994,-0.03322670758499545,0.04565401160811519,-0.03170992403610811,-0.3294461677154001,0.22510414501979314,0.4275926397290704,0.04128277273878697,-0.1486631206360698,0.12362976501065229,0.3756124271963244,0.0,0.1528767258968804,0.1853543464263797,0.19983757958992968,0.23304776089536167,0.25046417899476686,0.18520524705723568,0.032185644043635296,0.21115595075385188,0.05518451671007401,0.20558087508956058,0.1082047921517674,0.21571797117512365,0.10874780787130765,0.1620066737117877,0.3037772725881885,0.0,0.0,0.2654463481633177,0.19957588657012068,0.28471156520589336,0.17213053112183394,0.14502109780247976,0.12407711917506745,0.2408669467825944,0.06162171727677297,0.1257218521694681,0.1608236605866198,0.07503425495565272,0.1748466084847423,0.10820406995246441
-0.19279770066207697,-0.14771594884793807,0.17440992844041497,0.13248025634219962,0.02530170578966734,0.08874781846489485,-0.13529934888659526,-0.04606234708405969,0.005367584210351814,0.0,0.07082935580987063,-0.17653968141969067,-0.10137192079658153,0.3376098617605939,0.19445931322857915,0.0818062340893633,0.11490583147837834,0.03556614080707261,0.02706894215959344,0.032139813309366216,-0.06582314508010131,0.11655471224763056,-0.0681649831223684,-0.2677577690041909,0.08226134514100691,0.016325307617733383,0.05018104870137185,-0.09088613350708473,0.023227732584888,0.11528242409833253,0.05425226536814288,-0.21129280574990886,-0.15405797015754974,-0.083473793468124,-0.16355624492496837,0.20193822945556744,0.1293435849894812,0.09263503129386318,-0.1125025654425471,-0.13108082356335116,-0.2580600676882361,-0.1912631323833506,0.4647407838482871,0.15871655171688887,-0.06006566145474912,0.17516850803733447,0.16445157273458838,0.06140533165492591,0.8366741377316864,0.20395921708138162,0.20705279771085244,0.14334166158127082,0.2165323247874043,0.11193876060936289,-0.37852727905963734,0.2613614744996024,-0.43736119546687696,0.10191095766334449,0.0,0.3864327441741968,-0.11358213944694885,-0.12937000779568314,-0.09209685863444628,0.21122871787579023,0.20651379156901356,0.2560919867202282,0.10321592093899962,0.14846013061202482,-0.22005690859949426,-0.14229764386478325,-0.31148900771064475,0.2304494441204046,0.20628419475909934,0.14228293635016878,0.0,-0.20257056187102235
0.15115454246874685,0.13848569410470862,0.1434320861394964,0.041653259821354684,-0.1680338407752268,-0.007783984207215003,0.18750580290716265,0.07878013273362747,0.08215655555980479,0.07082935580987063,0.0,0.11836966696623794,0.15146987139382356,0.028036748114656417,0.0,0.22331345497509802,0.15896933555336834,0.23580914799667374,0.04383525606440293,0.19775534653135907,0.21623225677110533,0.15351481543274376,0.13167464075186178,0.11626731293004143,0.03148700574802033,0.16932033469505994,0.10072702780408982,0.108444503603504,0.12435323370246258,0.22954872821562428,0.1213008501398435,0.18047529175111487,0.10178261829948058,0.016924838548878218,-0.006492985480960958,0.412906078090541,0.127498580841494,0.05787430728491643,0.2356648587965714,0.17077858485901215,0.1132985224223178,0.13342404054591533,0.2182111765896656,0.1837527249616123,0.06812990302572267,0.0,0.0,0.32783159662870426,0.23764158189457932,0.23061847716264877,0.30519140882154644,0.18828426710876398,0.21211407212965594,0.3418349606921963,0.31016358552332224,0.03501736258050814,0.09923994105083554,0.2930613914169749,0.33938840738415005,0.0,0.0,0.0,0.0,-0.013865480872585129,0.13922976546667729,0.0,0.261384357088412,0.15821073933484212,0.0,0.0,0.37676906318990006,0.21424830086957908,0.17258971284549407,0.13872995542425354,0.0,0.22304439248900085
-0.21474093250010914,0.142769926965503,0.1522886198415166,0.2003360513763156,0.04084946105467137,0.16490536155549043,-0.29705604101309796,0.24101767651536501,0.10136879841190703,-0.17653968141969067,0.11836966696623794,0.0,-0.1835360776548273,0.30815970347613475,0.1363708282857996,-0.27320871541442027,0.0028789504526709996,0.015152367211786404,0.2864910001541449,0.27511296097276083,-0.14979230710569427,0.10721162051421522,-0.04417250327759456,-0.13909911710269562,-0.09576487589571453,-0.07260377300464411,0.09795165655912283,-0.18238340986929535,0.06538402355236785,0.08630223543333998,-0.060791826621044404,-0.05815609713566332,-0.09072197557700286,-0.25522656846640424,-0.1348123233940078,-0.017240815570122442,-0.18700016589273788,-0.04292296908020273,0.052834013823795156,-0.06469516123939303,-0.13332635248024222,-0.09151149495336834,0.06765311684363602,0.19178239382840087,0.03059594061598935,0.11002164473756061,0.21007624862029678,0.08753305533216016,0.07884302529581158,0.11959481957727573,0.12384008769272885,0.07904291571870316,0.11287152565243629,0.3833790105932395,-0.44873355399333476,0.2021325799857555,-0.3439293103470196,0.1464898365359395,0.3127017242145943,0.2918105793935791,0.1638536318689512,-0.22510843714219725,-0.16771007373292274,0.13636932064069462,0.31115072798775906,0.33569304151435575,0.16725539156106745,0.34084386722086113,-0.23640546571326515,-0.2944508715966751,-0.3329851788738431,0.10364175710641976,0.2246704039750318,0.19405913961501942,0.0,-0.07390362347003185
0.09676565274079466,-0.005088758266367916,0.10084336543249064,0.2806453964367016,0.10076320552917963,-0.02761755036005699,0.0398875976809975,-0.06255207608608572,0.0029953329727184577,-0.10137192079658153,0.15146987139382356,-0.1835360776548273,0.0,0.2781509339727899,0.02928930008098764,-0.14998826367897705,-0.1185185113281089,-0.1019640764210553,0.11942384316465442,-0.18457713714218948,-0.03667577600550482,-0.04968914583230508,0.03032326158659452,-0.1926828511715893,-0.1753512333715869,-0.08165200936287632,0.014715599255648408,-0.08295966837290182,-0.11077668773918235,-0.36035093597755846,-0.052824951132888515,-0.05951611426663783,-0.29098879474398603,-0.1576329751553543,0.05509506374858386,0.3075858329558402,0.32505889183853104,-0.20399840926776364,0.21341962219674723,0.16022411771350653,-0.27868843063718224,0.19253844513974863,-0.08945314881362763,0.17884436146453805,0.2712324345186138,0.27231168978358583,0.09530806648396298,0.3430667130906631,0.0,0.08292957267635497,0.07561291366753906,0.2866136714492791,-0.04790945611883258,0.5504028390607228,-0.035796562074612334,0.18704486610005908,0.2026489580713865,0.4337577583186967,0.1130277257444831,0.10672384270078822,0.13302067927858102,0.17061074410079047,0.25196231924162404,0.3384004960590162,0.22765008364759332,0.133790545143032,0.1682442412534404,-0.0378482580470441,0.2009257265673522,-0.24135174495163525,-0.05313587257287677,-0.003710796989430734,0.21980732815956555,0.06119746753979623,0.15578973589099163,0.26952351931353913
0.1251081841564881,0.2517356781432609,0.2818782008520146,0.3843196443944703,0.11971805812912871,0.0703957620695016,0.03547538205282472,0.23911651077009535,-0.13860346822422065,0.3376098617605939,0.028036748114656417,0.30815970347613475,0.2781509339727899,0.0,0.21495088971028833,0.24314249269860322,0.21730774149767074,0.214276551562262,0.014707825107822592,0.20246778933028825,-0.024071057974125145,0.10853800393425327,0.053491845894933804,0.1553225140936467,0.23844399383300013,-0.048036286828812697,-0.05223167088055415,0.29933441018327983,0.2004021351905647,0.3290985859450293,0.08451902424746682,0.3407713909574358,0.0742820676579358,0.20695067997777467,0.0958625325744593,0.3350296501554092,0.19965862829603412,0.18404425491211596,0.23404671286944942,0.0,0.3081720654079705,0.3588617809807116,0.1564602638962618,0.18536031513779208,0.0,0.0,0.0,0.26707442076608173,0.0,0.23605446714096948,0.1050921100329702,0.23669086096424677,0.2912492590372304,0.25828399018948084,0.0,0.361224247042763,0.18224638158857118,0.3448175747641493,0.25769457926731176,0.0,0.0,0.0,0.0,0.2507128866954851,0.0,0.0,0.0,0.08740727676637529,0.0,0.0,0.0,0.13869929915043838,0.6451991602914967,0.0,0.0,0.0
-0.072983571903369,0.09192329012562864,0.11868428029965877,0.27434386611887257,0.19503864019277345,0.24636550075616953,0.14349535087362222,0.07736945323972873,0.17330967456224294,0.19445931322857915,0.0,0.1363708282857996,0.02928930008098764,0.21495088971028833,0.0,0.031740941192661465,0.12874016136877758,0.06788698618743874,0.0,0.2517888169001029,-0.029145336282274073,0.2731238652787542,0.05719740918629751,-0.07965267737958115,0.12347204075280034,0.20594552578061112,0.09879193017814636,-0.0014702325187488513,0.06757824634314957,0.08236377261726231,0.08866648305656652,0.02706616159309861,0.27509899865460435,0.14994282305387738,0.15604434776607193,0.235175658090858,0.20758439943946844,0.16278874171182897,-0.033140306664638894,0.24317897537042604,0.08811915262024544,0.07628641143864359,0.3063700544304884,0.30865772214701814,0.0,0.29285625634337753,0.1659515382065227,0.15874294063567992,0.0,0.0,0.13319910200198112,0.26583700795342535,0.33665322560151,0.18691832549492365,0.0,0.0,0.24070932694490857,0.266911492336419,0.21150835980580485,0.05833467411389569,0.16948623576222024,0.26525715201340005,0.30939885989831606,0.0,0.19793926394188593,0.03792553078742621,0.25184148658702843,0.1952611019842122,0.20737928060102356,0.25380750356468484,0.16386026953226984,0.19651762300728623,-0.02430300004541186,0.025076954406465596,0.15780641972566098,-0.05372812120254699
0.020421324140441274,-0.07691142046451739,0.13486040434410818,0.05467470964633454,-0.04653611029452237,0.017274479950204515,-0.15938001647154845,-0.023780322374460556,-0.09363700522333823,0.0818062340893633,0.22331345497509802,-0.27320871541442027,-0.14998826367897705,0.24314249269860322,0.031740941192661465,0.0,-0.02479107076409594,0.02221875556361738,0.23215744177752887,-0.11846687632375309,-0.003956877764128161,-0.03719688333321918,0.11923464210974544,0.0643678092393382,0.09744885530539316,-0.039392152860993505,0.04054468277103911,-0.15791183693226057,-0.1480361510486724,-0.09382292736820878,-0.008625718765047165,-0.1997259212489636,-0.012122277201472915,-0.10439239169725938,-0.02307549438464416,0.28680783720598413,0.1318619742557072,0.29043608916661195,0.11835417012963631,0.26411379695994414,-0.023623562975624957,-0.008688917597989766,0.21035807720859323,0.0,0.0,-0.1101918964642825,-0.07638428383122345,0.0,0.0,0.0,0.2874716095427025,0.25376925274865714,0.374186033086267,0.0,0.19836524348869508,0.0,0.016019057197188526,0.29691766996548363,0.0,0.051602648074415516,-0.06706740902197147,0.2514784205138758,0.033744152701746376,0.0,0.23042122577219143,-0.20104488605755447,0.044589762675907044,0.16674648736095143,0.11695335104378811,0.14229584448022325,-0.02491075257871051,0.2496706825596781,0.31276137674532667,0.30191417557402644,0.0,-0.08155324417418236
0.09551761032346143,0.18982371566802062,0.003766277007043888,0.18123496464542183,0.12743181541619758,0.22792456955428084,0.10632507751650966,0.2057036015619944,0.13848282117628247,0.11490583147837834,0.15896933555336834,0.0028789504526709996,-0.1185185113281089,0.21730774149767074,0.12874016136877758,-0.02479107076409594,0.0,0.12260278114790929,0.23048431354061766,-0.001391894425671258,0.15007868866231963,-0.06493281439814313,0.11382258078933738,-0.11586030883481807,-0.1146052688507619,-0.08377384482423593,0.3174004916339392,0.1284731327381615,0.020891681389354256,0.2173687534994022,-0.10989390054815996,-0.05254479757131001,-0.09472769738256996,-0.12251732730619833,0.02091995444441331,-0.10726057433478059,0.11009874233600743,0.07604129352240815,0.13137007319873653,0.12615482945427503,0.20732263528461128,0.2148158680065252,0.0,0.0,0.15721200067183555,0.2515412296260964,0.19559302498327052,0.0,0.0,0.0,0.0,0.0,0.0,0.0,-0.24124021675081492,0.0,-0.2233824450254303,0.14590538405815437,0.0,0.36115803982491923,0.10901434782418284,-0.07043557573293906,-0.10476202938216186,0.0,0.0,0.0,0.22044353744823908,0.0,-0.13995735919219188,-0.06591193294096301,-0.2263212632985011,0.0,0.0965732108230509,0.20131763512229064,0.0,0.12452960986942978
-0.11973105511198544,-0.042512637435603316,0.31836565090929536,0.21456000082487195,-0.11961462717166822,-0.014480908162503022,-0.08670911071316274,-0.07698055097641769,0.2357739288448706,0.03556614080707261,0.23580914799667374,0.015152367211786404,-0.1019640764210553,0.214276551562262,0.06788698618743874,0.02221875556361738,0.12260278114790929,0.0,0.20481719162186623,-0.10675111267742889,-0.006571001047075285,-0.10570942874359285,0.02547656740230548,-0.1073468589684507,0.02765696258877244,-0.15102216295621396,0.12378917218071243,-0.11874006864659686,-0.21166841492474717,-0.033392743585081014,-0.027049636051521605,-0.17728189401542352,-0.034955183504924936,-0.11573029099237794,-0.05750282506672565,0.18792814121731943,0.09847006323539753,0.13383832691545142,0.07344601730957773,0.2348526235495155,0.07261091052325859,0.03595418799403743,0.0,0.0,0.270433440093292,-0.17348561986507116,-0.0568534719987212,0.0,0.0,0.0,0.12201830437488576,0.23147871454662025,0.3485831244309168,0.0,0.2323730354581654,0.0,0.025305277870904662,0.17866122697554013,0.0,0.21971471743394674,-0.04262495924173568,0.14754223554227236,-0.003225914840651184,0.0,0.3847749955093049,0.20515333328791957,0.20388824586757223,0.26805305075980895,-0.13900470466608647,-0.017297475256742786,-0.09874632648369899,0.16453047431479353,0.33423653314064267,-0.04554234658411495,0.0,0.061916187565884545
0.0,0.2226904320749266,0.04118804724913373,0.16402071846790017,0.07618947215597038,0.227267169347388,0.13653053348652056,-0.05648250451462157,0.040104483203646166,0.02706894215959344,0.04383525606440293,0.2864910001541449,0.11942384316465442,0.014707825107822592,0.0,0.23215744177752887,0.23048431354061766,0.20481719162186623,0.0,0.23846548781049853,0.1960346391290622,0.2479819933451898,0.04362167725085593,0.02633478870429579,0.2040517385093937,0.1177740840653593,0.051656527086643686,0.07411184017464797,0.265301221125984,0.22207264863351048,0.07420896215340805,0.015406935584103193,0.15824675883505515,0.061621003349544144,-0.06329344937483095,0.2685010595179327,-0.07171774048467228,0.1081364275281955,0.1495098170405725,0.17422081704097178,0.11905339293677433,0.037007012348734394,0.10529263909214315,0.10881098259427985,0.175438412480192,0.0,0.0,0.28915355192740605,0.0,0.1993602503448864,0.20125480915328123,0.16337575187841602,0.0929847999705672,0.2227259193037725,0.3693954892357355,0.31533160291660045,0.1735583815690977,0.23909630992064207,0.15646907260162646,0.0,0.0,0.0,0.0,0.30101341867997067,0.2371283216016408,0.0,0.24363319825720042,0.1340005849605359,0.0,0.0,0.0,0.14383464714928137,0.30101740285411643,0.1402492264881234,0.23439285321612352,0.18415121738615292
0.15685987205775706,-0.04676138737679228,0.27224625578578177,0.3424237613182492,-0.0064548573435254455,0.03134772144494088,-0.1750640284426575,0.1962731694597522,0.030241951182107485,0.032139813309366216,0.19775534653135907,0.27511296097276083,-0.18457713714218948,0.20246778933028825,0.2517888169001029,-0.11846687632375309,-0.001391894425671258,-0.10675111267742889,0.23846548781049853,0.0,0.10258708719320478,-0.0798721098354476,-0.023514635122235634,0.010181551157234264,-0.10115396139278474,0.08348580172231422,0.10658593604001379,-0.23775892332414497,-0.21586014608822543,0.016526105134609167,-0.016920825047999737,-0.06698984929891187,0.01223456984379465,0.001617339752395368,0.05335871775077104,0.167712198391685,0.11780982278160479,0.3568095040836052,0.2563488556752053,0.20775795315683782,0.14162791239566463,0.13060342850351428,0.3742834170121965,0.056633778457142916,0.07133937110021314,0.18539063856617224,0.09901843439397674,0.146507120097485,0.0,0.0,0.14951945155211557,0.47826168575449934,0.244671057834967,0.15102888886268975,0.4121061373935614,0.0,0.24912368778006597,0.17310213082631637,0.0,0.12579487359333663,0.28585171409056875,0.21347261438298296,0.08766911412328074,0.0,0.19574149651079498,0.18140731864830908,0.08217838846728048,0.17996326108294464,0.0,0.1628509702224834,0.1162126014327864,0.17727684816559436,0.0457913892982858,0.15927662112409902,0.1725591524827303,0.12892295237305262
-0.10718195594740092,0.19940303512582364,0.08741592248966656,0.21916172960930344,0.1394448669058516,0.36262559188836463,0.05614585850552507,-0.19112489860005305,0.09084939924987362,-0.06582314508010131,0.21623225677110533,-0.14979230710569427,-0.03667577600550482,-0.024071057974125145,-0.029145336282274073,-0.003956877764128161,0.15007868866231963,-0.006571001047075285,0.1960346391290622,0.10258708719320478,0.0,0.11445425040050698,-0.048656925338114436,-0.2813921049452501,-0.0246157141218475,-0.12570187384607098,0.11863707825851859,-0.02377621319473627,0.0656026486548543,0.050030849882853584,0.07669518559088183,-0.03237509603376748,0.2782421557739676,0.11292885340847478,0.10056856347450385,0.17034376003057997,0.09707860558055553,0.19296447998977126,0.13538019474256802,0.09305540751843654,0.10366054636601063,0.11079269656589745,0.2104454569642403,0.0,0.0,0.4127236944434869,0.07464908122526938,0.2616669473330752,0.0,0.0,0.2384008772948753,0.15005505915174863,0.3068669553136249,0.18983578558983952,0.25266584258520147,0.0,0.2918991660455112,0.1802513447701088,0.0,0.24974608696063552,-0.008395344065341911,0.0,0.24995726280235084,0.0,0.24180806292662516,0.2554522555178843,0.19350718564247454,0.12026676183933868,0.40316312262836634,0.012094331948955643,0.10498750257593767,0.25756962183497273,-0.0006578304925921596,0.19483719467046784,0.10521170033695015,0.058401929542956796
-0.023886474340301007,-0.059829202838182494,0.29340253629527396,0.3504274184140748,0.04391434164946832,0.041239803562103265,-0.03751841962669179,0.12264071192465653,0.017227806526985336,0.11655471224763056,0.15351481543274376,0.10721162051421522,-0.04968914583230508,0.10853800393425327,0.2731238652787542,-0.03719688333321918,-0.06493281439814313,-0.10570942874359285,0.2479819933451898,-0.0798721098354476,0.11445425040050698,0.0,0.2341258628990204,0.13600355765367514,-0.0725602720825202,0.0653125457416618,0.04165631718158741,-0.02196616546013449,-0.08329783015785965,0.0595434341204715,0.03256539645861399,0.04913354601159129,0.13490992652413353,0.11582766379778722,0.15638060822805597,0.24681503070367244,0.31620755480060725,0.2712025822867612,0.21004923007411125,0.3315416554294796,0.1881430833366554,-0.03264077004026714,0.2555012264445472,0.16699543361343464,0.09445785337997456,0.2102325139861341,0.1468385397508316,0.20272970137452395,0.2067847526776946,-0.28884385902841114,0.19953612856271558,0.2899176267587064,0.12517933730260103,0.47318479872885527,0.13413294055100813,0.0,0.2081905000792404,0.29685397691541276,0.0,0.30949067868769276,0.2132143060939219,0.1612034707217892,0.29269636312321995,0.0,0.18239355291910136,0.03296995230033689,0.08764893107532937,0.1430387089047878,0.36514246907417364,0.1759958831913449,0.12094296845129057,0.13799756937543894,0.16718010010422277,0.23671743351037655,0.4113440055862786,0.19175989288148393
-0.20248127194384474,0.19733961198014432,0.04855964885304451,0.08390446985571307,-0.03169929828715041,-0.024448102477255665,0.01288458578113974,0.03510458626006316,0.08482920028186137,-0.0681649831223684,0.13167464075186178,-0.04417250327759456,0.03032326158659452,0.053491845894933804,0.05719740918629751,0.11923464210974544,0.11382258078933738,0.02547656740230548,0.04362167725085593,-0.023514635122235634,-0.048656925338114436,0.2341258628990204,0.0,-0.2582219936890471,0.0847313714738808,0.05423549331320988,0.07528710486813783,-0.022140931063021754,-0.0016456298815523893,0.022680767648914444,0.13522424333977837,0.010585206380987814,0.03840311328791955,0.07198969262744351,0.14713540547779078,0.19387241361193625,-0.011689344993362126,-0.06496421913322392,-0.00044611994973618035,0.17487017899697396,-0.041612499167791285,0.18405762944142903,0.1677331906721432,0.13775429554449478,0.17787851962494125,0.15994133558504386,0.2623514379002955,0.24585571029366743,0.1449488710837877,0.1739644107458264,0.05054552496733819,-0.018877987001228287,0.1601535871580753,0.14632841121662157,0.24089992303909855,0.23249019507954166,0.8298739724825897,-0.006234408385756646,0.24143690481944755,0.15520687346960377,0.41215290946875527,0.20651379156901312,0.1638369420079832,0.2633535940612897,0.1626693554303296,0.14831637664586414,0.12053522227826674,0.21347786179187775,0.07299457982059823,0.16837286358512205,0.11801888622422928,0.04165320606635633,-0.07610976441049878,0.014279639576374174,0.0023334964948394862,-0.005855605094874428
-0.2336249613877857,0.16736707707201415,0.14026318660310103,0.04809514228318906,-0.07849729416440593,0.054511145908820585,-0.2685230213613584,-0.344806943222179,0.04867256618065691,-0.2677577690041909,0.11626731293004143,-0.13909911710269562,-0.1926828511715893,0.1553225140936467,-0.07965267737958115,0.0643678092393382,-0.11586030883481807,-0.1073468589684507,0.02633478870429579,0.010181551157234264,-0.2813921049452501,0.13600355765367514,-0.2582219936890471,0.0,-0.16733442025266654,-0.09727308385507884,-0.08984356221943432,-0.2178134871530228,0.22902420594927322,0.3731063786019189,-0.1807791251690128,0.05848320660675493,0.054155134778525765,0.040393362429549856,0.10859648422366384,-0.026476843305321313,0.08425381021272654,0.07301988439599488,0.526013949763683,-0.015716262379027124,-0.026755345229361155,0.2764351258517732,0.26946659245607263,0.10989752613821564,0.1431718312795197,-0.04196457977076953,0.29844875694846795,0.0,0.0,0.22416657101468157,0.2703307736030486,0.14755423311880975,0.0,-0.04350502217983378,-0.22264599674956514,0.2277041356639191,-0.21749482032839995,0.15527276782583102,0.0,0.10239896300931077,0.13514598590913238,-0.32462566170549023,-0.22801485816277073,0.19301093013657394,0.12904393687077198,0.23149500438272763,0.029047370977959987,0.370860019912718,-0.0841484007397944,-0.33746040707570785,-0.15294782692315245,0.22825757562228682,0.009085579225940551,0.24450253324454113,0.0,-0.0652644176968643
-0.18095010526987543,-0.01823793665104506,0.2553905225157369,0.38433553658669495,-0.014896304787899557,0.03355110361717574,-0.07803471540664386,-0.10605874534964019,-0.08034937183101262,0.08226134514100691,0.03148700574802033,-0.09576487589571453,-0.1753512333715869,0.23844399383300013,0.12347204075280034,0.09744885530539316,-0.1146052688507619,0.02765696258877244,0.2040517385093937,-0.10115396139278474,-0.0246157141218475,-0.0725602720825202,0.0847313714738808,-0.16733442025266654,0.0,-0.07830250195096418,0.08977662968106043,-0.18028170502496557,-0.12241872832957455,0.16016449050664572,-0.1178812413441476,-0.1364452613393361,-0.16627297544851571,-0.2022678923780656,-0.12553651953026695,0.11850172877463405,0.2575011188719567,0.05360310505317192,0.036953430180093644,0.19684792566310955,-0.11987634318752466,0.0167443813589533,0.025570518433654807,0.0,0.18506843357369038,-0.09411219841424227,-0.13695105001918778,0.0,0.0,0.0,0.08647950902544937,0.21358457428073455,-0.09251379130170034,0.18904383835895047,-0.09591065952262098,0.20998774364567271,-0.257753701758726,0.013951645050585715,0.0,0.12908314932862738,-0.09327592151568079,-0.030233302416075844,-0.12306158115650968,0.0,0.20787900347971605,-0.15275673921879954,0.14830477784299562,-0.06338857972838477,-0.2644357117663732,-0.09713137840141098,-0.2330286678723027,0.14968905965495416,0.11183452992684868,0.030861044085110506,0.0,-0.25453104723206815
-0.09097060453957045,0.02293963463343819,0.2564835863201306,0.30602763054079396,0.09130633894368204,0.3297149299763808,0.02124933331062938,-0.16473522342919766,0.22599441245608337,0.016325307617733383,0.16932033469505994,-0.07260377300464411,-0.08165200936287632,-0.048036286828812697,0.20594552578061112,-0.039392152860993505,-0.08377384482423593,-0.15102216295621396,0.1177740840653593,0.08348580172231422,-0.12570187384607098,0.0653125457416618,0.05423549331320988,-0.09727308385507884,-0.07830250195096418,0.0,0.1459630992389415,-0.0720669346082102,0.031001458929377633,0.09531534850050624,-0.10123485626397369,-0.032984504565077864,-0.2281092083291742,-0.15439232929706856,-0.034105556015482416,0.10095563809496574,0.1869525988737432,-0.08601726855364823,0.18396919757791733,0.15014466294284026,0.002080356643863912,0.15004488819153228,0.052089425674317694,0.24424800622982992,0.00526181173550401,0.02116518444844942,0.04949165238710557,0.2464768853493809,0.0,-0.017618202876517892,0.2458924777997831,0.2289652304397798,0.17848496581527432,0.14628951794538672,-0.38560169787904985,0.0,-0.33808675129208593,0.3654463860877141,0.0,0.18879380590078237,-0.014946325250439249,-0.2386333923073239,-0.22450175481348972,0.0,0.13686438576336468,0.06440992416451444,0.10174219438557537,-0.03220505595879043,-0.17142255383195687,-0.1678704895275917,-0.11484331818752444,0.14797777810183665,-0.0032658931869107843,0.21756882069968467,0.20639708090184442,-0.1732157474340048
0.07864307016548296,0.14643423975318814,0.11945511352522072,0.12899107964232626,0.008010656460674146,-0.022688939610970973,-0.001546308670231887,-0.020129658313287047,0.06575196207456951,0.05018104870137185,0.10072702780408982,0.09795165655912283,0.014715599255648408,-0.05223167088055415,0.09879193017814636,0.04054468277103911,0.3174004916339392,0.12378917218071243,0.051656527086643686,0.10658593604001379,0.11863707825851859,0.04165631718158741,0.07528710486813783,-0.08984356221943432,0.08977662968106043,0.1459630992389415,0.0,0.03274061607553535,-0.08210361501079996,0.03588728257644644,0.15260210351743594,0.021501401668109866,0.045947723449297345,0.10183799741761934,0.09943559630197593,0.11399222385186208,0.08962726846710212,0.028591506169141932,0.05668103002791504,0.19373455002641138,0.09164751654216721,0.1762298013195664,0.08016574645059885,0.22843515296013617,0.14419789025945678,0.1676158125555946,0.23879348753668603,0.14238753918303398,0.18956460629961014,0.1309200205574199,0.02545398248639076,-0.030662206770889766,0.07948596691525696,0.06234944860212264,0.3243292821991659,0.1888466571027828,0.6417073972612871,0.028757378211440587,0.1644292392470537,0.176024173627996,0.4184843164971791,0.0,0.5186177821620962,0.20923644167588668,0.2060846087242071,0.251830563238193,0.13443359265587398,0.03344613741641835,0.0,0.13687087949494342,0.13159777120643712,0.04744476465792814,-0.0366646172222171,0.07172835066556736,0.013902497924241999,0.015432118276750985
0.1039345375471011,0.09780460934005814,0.11888400841271404,-0.18615609144520961,0.0489132946957499,-0.017224012490583758,0.12356457013821774,-0.13210420453161278,0.09033926740191202,-0.09088613350708473,0.108444503603504,-0.18238340986929535,-0.08295966837290182,0.29933441018327983,-0.0014702325187488513,-0.15791183693226057,0.1284731327381615,-0.11874006864659686,0.07411184017464797,-0.23775892332414497,-0.02377621319473627,-0.02196616546013449,-0.022140931063021754,-0.2178134871530228,-0.18028170502496557,-0.0720669346082102,0.03274061607553535,0.0,-0.14430648651771308,-0.10757222046600418,-0.01775315498659701,-0.04470340186876276,-0.265730948662886,-0.4126234917365688,0.0036662125115011074,0.3185756008533564,-0.06203991856605589,-0.18818253082290845,-0.025719983607486993,-0.14861404837596737,-0.10921577614344372,-0.10406467975305912,0.03500610633032655,0.17854789351914463,0.13124344634578003,0.25151717601564827,0.32243952799706255,0.22426768002070682,0.0,0.1680862800088958,-0.13280592171365993,0.27959612061202843,-0.07512886810295169,0.23733013457661287,0.11137016375780387,0.29162542001468844,0.26560118317995285,0.19305651263523987,0.16294016668583333,0.12014963942593875,0.1500056320700106,0.06424060861675449,0.18802152993155638,0.43986348357060023,0.15571989295487143,0.0410241065029789,0.1629949558883831,-0.07065483106749611,0.22155810553602387,-0.09513891531369971,-0.07226183718273699,-0.05866653002829505,0.022787787085352333,-0.11890132456868245,-0.0370978962057414,0.050929982825678996
