0.0,0.2590497868670546,0.10160100267550956,0.0,0.18163558947308908,0.2361194938954309,0.12797255567972607,0.22765499553275112,0.18969909782711694,0.1699094719327033,0.19196858533190894,0.15011455029444115,0.13294158527694433,0.1449191564613256,0.04965403191584601,0.15438921146123236,0.009924918849082417,0.21077432689737807,0.0,-0.001106535572016348,0.24090966853668655,0.13172678149906122,0.12914166962964407,0.23665909383304587,0.1400197358542008,0.2676888412502721,-0.06606395501967394,-0.02504299631074413,0.059424676995685495,0.3097761995964387,0.2658129418613426,0.2010583682589036,0.3123822366233163,0.32061440898403887,0.357587492989585,0.20270508029933976,0.21839621684966368,0.07910045823492402,-0.21058299822377485,0.14321265703694191,-0.02645343830011771,0.22009933371699453,0.2079324472206903,0.0,0.1575721060132501,0.19122067710010748,0.05646937493245356,0.0,0.0,0.0,0.08349598962017891,0.0,0.2012123017520088,0.0,0.144232255452197,0.0,0.28547940657652615,-0.0723636684395437,0.0,0.24347616597743543,-0.17565453969889316,0.05848287616924637,0.0027687364292614883,0.0,0.10216030859015161,0.47102334094602966,-0.13577922084255475,0.18672439728759754,0.12792206174846726,0.15531091942373337,0.1690732406854927,0.1117989255167536,0.16711260865387975,0.10724265426208354,0.0,0.003842875906413621
0.2590497868670546,0.0,0.14675415075616072,0.11697533797717055,0.19278028698594055,0.11428671398212838,0.027085357101677258,0.26321363465520237,0.09545950279883737,-0.019104880103719586,0.1356961569104671,0.14293066959922554,0.037673383238918244,0.26169633005664295,-0.07583358927804944,-0.007844079308204566,0.14649453320627906,-0.06826409455664384,0.22721781355841117,-0.027586087183161925,0.15272489164899516,-0.041668962361848846,0.04713835251323543,0.12190416048554899,-0.036910203629922485,0.01021737454050246,-0.007053861651367187,0.07081988073875436,0.061019554237624674,0.11914079042722125,0.01983682422777145,-0.17102459734572248,-0.06413739755991851,0.010776758069816962,0.07639108654477415,0.19037030727700083,0.09987392618866711,0.0,-0.09027742275762363,0.28733231656485675,-0.0014526983626589676,0.15899099927867122,0.26172701362479933,0.0,0.0,0.20896613804736222,-0.07387758639909867,-0.02744275045111107,0.0,0.0,0.0715183675225004,0.07212947110234616,0.2463975100922547,0.1926227850030987,0.281145037214078,0.0,0.29457188500531456,0.019806484484798888,0.0,-0.1389083088412427,0.07309100244799324,0.2664595643817728,-0.2191177938189351,0.0,0.01974613713917004,0.2408777594620957,0.0021714532531628694,0.04041254960893458,0.17044036812552024,-0.0022439161274768193,0.004135675128556775,-0.10264856420232266,0.05479315301579955,-0.024251042637612685,0.0,0.10194396861532103
0.10160100267550956,0.14675415075616072,0.0,0.13933070767990358,0.10723351143119249,-0.13669323889664672,0.08763791757141645,0.028130741863938526,0.04131222452356857,0.2547220977218031,0.0561546617377167,0.30549620312669534,0.06822959511525009,0.08417546312292445,0.11120422795323405,0.1479317107183906,0.6133660494737563,0.56095244461226,0.012548737073621221,0.1282748313762293,0.1025791194443033,0.14735035892398943,0.023854987819274358,0.13335947246275867,0.14532039458970575,0.06006991270714661,0.060041970823368866,0.10774712866686462,0.04163893939423037,0.09464889375813224,0.20670881312418699,0.08113426434790344,0.3347903742911245,0.114500118706081,0.005654177397511607,0.03806524069281943,0.19150742619605782,0.4009982458580897,0.05578903651619714,0.20860907023904518,-0.10972509077947197,0.18358617742379718,0.10275735671090301,0.7780280407608087,0.0,0.0,0.05169510077732305,-0.1289819657920166,0.18559559154050836,-0.03193232695087535,-0.09698014285827847,0.15216670062898033,-0.1223420649625375,-0.18016085044020952,0.16948786145859387,-0.12395288929964554,0.6026291333847926,0.20511454022402312,-0.10125523892440767,0.1026764198161052,0.0,0.0,0.0,-0.13511282851655124,0.22674388185487263,0.19277823731262145,0.015557835596673505,-0.022286382301340883,0.0,0.27678509403591334,0.14212459366944985,-0.07822782508244155,0.021719968898397824,0.2490949586917163,0.30914908963302895,0.06383473930465706
0.0,0.11697533797717055,0.13933070767990358,0.0,0.09118295109448635,0.13208912866874897,-0.0232107424146311,0.16393761514000696,0.26302173998256195,-0.0007838816762042178,0.25983450647831186,-0.10142444719814653,0.37065940846742956,0.6258873819538672,0.2537624135569084,0.027632522312997163,0.19779245842231458,0.2074959388537881,0.28365763222403273,-0.037997673007748194,0.18590214263186716,0.11740343765923712,0.05807695362745055,0.054697659284575144,0.38458519983351613,0.29665246423092295,0.012805927610448083,0.02456138691791868,0.06255645413126362,0.24587418713399223,0.4253074663013773,0.09228883531861777,0.02223328238226802,-0.00920364081340562,0.3776262557661841,0.38585354107389147,0.01860446139134624,-0.23285121823471258,-0.07487433811886648,0.14615127405581935,0.14806276807500995,0.0846743872416456,0.05975679819797766,0.08899345148104791,0.0,0.0,0.0,0.16063370551200526,0.0,0.0,0.2538809693062841,0.0,0.23723769086567265,-0.012665111090809457,0.0,0.049977081397468016,0.18811828504118394,0.19524618208788644,0.0,0.0,0.0,0.0,0.0,0.0,0.0,0.0,0.2069234983400244,0.39039274464815543,0.0,0.0,0.0,0.43866533766435345,0.23095537342062222,0.2168092369706062,0.0,0.0
0.18163558947308908,0.19278028698594055,0.10723351143119249,0.09118295109448635,0.0,-0.08892080630156118,-0.035700594429848485,0.10168846845710364,-0.033659889641122306,0.06868440654234556,0.06721522328755353,0.0706602586441369,-0.2422256587392722,-0.024335987465062492,0.19750415880732558,0.308927458860485,0.4424775286805091,0.20523352824689753,0.27918293549843776,0.425649789957676,0.15158119724590197,0.2548577361071288,-0.00809028461900465,0.46290656171859973,0.07938738752005037,0.16472577377137357,-0.10536087448214695,0.1412074491503056,0.20564666425619482,0.11545465271950209,0.13936594689327328,-0.020058852261927683,-0.049753100952061376,0.03663359886241177,-0.1515352688586823,0.12579700471108146,0.3136119473305888,0.016690416263836647,0.29484301864455675,0.36664906268728353,-0.3403197033501672,0.17160646825414538,0.2931460787496229,0.3072626935562091,0.10726254287172401,0.0,0.17063653496031075,0.14757493945611388,0.0,0.15596395242292466,0.14194702418876953,0.3257089689428702,0.0868490543130279,0.16715450104402574,0.0,0.2365654616319975,0.1546575484505605,0.16887303629397826,0.08742102613103943,0.10400911075292055,0.19601220597389218,0.0,0.0,0.31179996575034186,0.09407495251999101,0.21828576175818304,0.11563134533984315,-0.0489115205533906,0.0,0.20909022889588164,0.19437974301234398,0.028737311207323007,0.24851404431425062,0.351723270876012,0.0,0.3924647825914199
0.2361194938954309,0.11428671398212838,-0.13669323889664672,0.13208912866874897,-0.08892080630156118,0.0,-0.09359572927448581,-0.2357520086656771,-0.12742239742931286,0.1178311610253627,-0.23340103526094286,0.31764193028592197,-0.050378516595559725,-0.024878840299210364,-0.03765892608406179,0.22373291061394562,0.31301153325052844,0.11147673929516995,-0.25595187616856035,0.030251449595418194,0.009345672078202229,0.073052068251992,-0.12023688965668333,0.35587573325126387,0.025742912362968995,0.10057711925373677,-0.16431787763974978,-0.041575289033828816,-0.2267317134700515,0.042975769298595104,0.29474575075421067,-0.03318960452000034,0.03908615748692495,0.18398378961028988,0.07254695530604911,-0.024059947697746206,0.15164922756420926,0.15349171641406995,-0.1022431880103602,0.27460547389607604,-0.2893189467560722,-0.0023530585143612375,-0.18335456098835123,0.028862856918942286,0.04179992099325941,0.4046197565841807,0.24029847423197054,-0.23540800888852262,0.28767520888842346,-0.0119007507445631,-0.1052748556280643,-0.07202134111048192,-0.055272710871077504,-0.2433006213686147,0.28209771295582564,-0.18400533677287417,0.21566992341845637,-0.06082977743566334,0.17215845876198893,0.02971719094605379,0.42635353527076003,0.0,0.20149518864446855,-0.09993904034771976,0.1731200250463221,0.11162477684755882,0.14232752602885818,-0.14779985282918678,0.2588076164730172,0.1634841414858461,0.15950583673051932,-0.1322225953977164,-0.06219804328551951,0.009087589979586426,0.13259593845364775,0.07386047389738787
0.12797255567972607,0.027085357101677258,0.08763791757141645,-0.0232107424146311,-0.035700594429848485,-0.09359572927448581,0.0,0.1260009543445541,-0.044278230046495524,0.08374219201058637,0.10124389043429602,0.14847096992940764,0.0006683669315708865,0.07557981739432978,0.13322169202368,0.08469034063551095,0.1444030871884194,-0.019430039579031437,0.16817017420605457,0.03181100964788529,0.04091425331675035,0.0029343844770109637,0.020590979022915706,0.23886542624086798,-0.024559987134010662,-0.002279134981251872,-0.11590493577703631,0.1467943690676404,-0.11301734343663357,0.16011404564125314,0.22136861401304242,0.0912122608135747,0.0845591235617603,0.13510118617382927,0.11999961646484114,-0.08806231391670268,0.019007266365058215,0.2309132456431073,0.14817813182007916,0.15493979755397574,-0.20276601736311706,0.2493245243579411,0.21300987304136812,0.3889003839864575,-0.0012525834572645312,0.0,0.21840525253642754,0.10900181099305152,0.0,0.14885499605445288,0.1182064093442162,0.35067197044827725,0.21387189917079558,0.2213478283272099,0.7415565795998273,0.33091973839900535,0.26521148356921936,0.2697731233690537,0.1099403341789808,0.0770526281935867,0.26029419427511735,0.0,0.23299648283962188,0.30211714830802516,0.6054580703771785,0.20933152646872225,0.15558719171341365,-0.011292679970649179,0.20748922161160285,0.20413439526137467,0.21007341078378544,0.06340233508588569,0.33759820548719427,0.30480738991731593,0.2818763915093062,0.3203488008330202
0.22765499553275112,0.26321363465520237,0.028130741863938526,0.16393761514000696,0.10168846845710364,-0.2357520086656771,0.1260009543445541,0.0,-0.0965097615879345,0.31609172941831126,0.28918842634104736,0.22807030361678277,0.01817097305630179,0.5203557771409953,-0.033891853117371036,0.26420876344677674,0.1907754085177288,0.24798588826090034,0.17133615033723537,-0.06092980444911421,0.04953419963160511,0.3011718819993021,-0.015065990124029184,0.030879624927440896,0.1767496163492484,0.17821094131101756,-0.1763812709148037,0.04550467944720395,-0.05876385595707545,0.05549803759755004,0.15747200965741917,0.2836287568664696,0.3390798278386642,0.10294747571162702,0.13309863540294592,0.3203581163152468,0.008968694636306087,0.19131809279924558,0.056186172992240345,0.15112824189478996,0.06414388282825735,0.12460016877987917,0.22679928083124562,0.22262068149226963,0.0,0.22853392139770834,0.09810982531745813,-0.05071900065499937,0.0,0.3120622405153587,0.044349149013737904,0.26867566689383526,-0.07941826678442855,-0.03928472893822534,0.36553939248045925,0.1623540807917481,0.41341183322372926,0.11712181396733556,0.8105347860536087,0.29393462882769356,0.15969285014439713,0.0,0.2813690149104759,0.17639730731460831,0.21124905565054009,0.37891089105639353,0.4308784650299721,0.03950065334187213,0.0,0.130693953958011,0.04691224049837585,0.016544061024718754,0.08864111518150794,0.2782477248161807,0.5282762689136731,0.07807865548709735
0.18969909782711694,0.09545950279883737,0.04131222452356857,0.26302173998256195,-0.033659889641122306,-0.12742239742931286,-0.044278230046495524,-0.0965097615879345,0.0,0.13983039153082033,0.035910704218934136,0.24548143390250965,-0.3824448470073941,0.22813661060870796,0.24180334287774444,0.2989820162836271,0.32399646077247735,0.31145941767402385,0.020068090880824285,0.09717437824751793,0.1361836985159153,0.1376833071465397,-0.06319751212999283,0.34061155615818306,0.05528166435518128,0.266047019059218,-0.1725938234506259,0.09517027425042993,-0.12092282361406823,0.030032862544590082,0.16894770190559635,0.09284737450534916,0.2847680458608302,0.11826237465823604,0.07781962124635705,0.17983659222408777,0.24658910433918438,0.2742405249406915,0.07782255580408018,0.3686606221177985,-0.03960218664350957,0.1458913773943806,0.13257682687135858,0.30170192535791235,0.07813941772101501,0.0,0.1608690393707351,0.02770050035189839,0.20707869704809598,0.20400652126214047,-0.08507657995903166,0.24852983302996454,-0.14557950993553015,0.04332867324134837,0.07040443291894398,0.19561493365592417,0.4580961499331739,0.19881460465604073,0.2818943967207189,0.15206692407454211,0.29157199440005727,0.0,0.0,0.12737578039674996,0.6041275804668136,0.30536847882728435,0.1750587979637841,-0.08695790073538398,0.12355357287594378,0.236727196265434,0.05256278816891913,-0.0792476063815278,0.05799241754601506,0.2900727089635629,0.18240536146259886,0.29092613923415606
0.1699094719327033,-0.019104880103719586,0.2547220977218031,-0.0007838816762042178,0.06868440654234556,0.1178311610253627,0.08374219201058637,0.31609172941831126,0.13983039153082033,0.0,0.06599967917542768,-0.09049957434659806,0.18049336059758703,0.3532590840988781,0.20214285838977863,-0.0234091249188582,0.2061810064495889,0.05078170283533359,0.2106454461164597,-0.03782122158212868,0.309429502435831,0.0026840599763915396,0.19206816014424746,0.014982952451294721,0.15106881554199333,0.11056014076313142,0.11122935201971915,0.21772734894262286,0.13235732579748752,0.10760375132762183,0.2618122010831172,0.038002631846569115,0.2676085617245611,0.2381138421722911,0.5745756996857679,0.15664585092269645,0.09481655052918177,0.15802429855263506,0.14576187882403244,0.144893004685276,-0.06445663835557938,-0.022533647651869868,0.22340688318028853,0.1071303808708928,0.14160020782198146,0.07928746637333467,0.1582161532496575,0.07080275867516629,0.18639535535257454,0.19527698676500768,0.6128826442945604,-0.2431688807906425,0.9129832762801504,0.09932971212821408,0.1934628408709775,0.13253625544059194,0.14703428984191097,-0.23594743762303064,0.0,0.3873737095380758,0.607211311523377,0.17608815885089824,0.22292955673273435,0.20689562070157946,0.2049879138841898,0.2444230560400402,0.0961400023993263,0.32686128007812487,-0.023717365106441287,0.19512337017187836,0.07107872356513581,0.429256776678433,-0.05668083419737108,0.4988269131633451,0.0,0.13269934062120797
0.19196858533190894,0.1356961569104671,0.0561546617377167,0.25983450647831186,0.06721522328755353,-0.23340103526094286,0.10124389043429602,0.28918842634104736,0.035910704218934136,0.06599967917542768,0.0,0.2107018926975894,0.02180526572563346,0.29019482897277693,0.0,0.22671216925999843,0.35049882755776784,0.4534028881330502,-0.015412624975400229,0.1957383372821193,0.2111902068090283,0.16561099990120337,-0.22704970359681076,0.2561473201660748,0.37598188390068943,0.3986137997740169,-0.09327661655067307,0.08743063565325641,0.10914099227148065,0.23133762680193648,0.09431303119815002,-0.03822382798735412,0.16097528495799293,0.027003270363250537,-0.09226106416557092,0.1507785278280788,0.20175733467295354,0.07321313107528929,0.2805172117525435,0.16327027995935128,0.13732662035433413,0.1446487479604574,0.21054845157784277,0.726663324349802,0.07604234129930615,0.0,0.0,-0.19379529426543668,0.23730918089615782,0.14279253664678332,0.09495775118646638,0.18330074687362236,-0.02632366109239736,0.030531509155201492,0.6141049106173734,0.18090287410932024,0.15065592263337657,0.2585324678071178,0.12841535619097266,0.0,0.0,0.0,0.0,0.019236875879394634,0.1389628419701689,0.0,0.26146302327212106,0.0344183887306275,0.0,0.0,0.39381521806336917,0.059862402015816864,0.1597230005267103,0.1359572692195665,0.0,0.3961865496319492
0.15011455029444115,0.14293066959922554,0.30549620312669534,-0.10142444719814653,0.0706602586441369,0.31764193028592197,0.14847096992940764,0.22807030361678277,0.24548143390250965,-0.09049957434659806,0.2107018926975894,0.0,0.19857529542943492,-0.19697260410595302,0.14137906991945187,0.25235166685696697,0.09748839448135357,0.24550072975642054,0.43478778058028794,0.16024919750129113,0.15580964551431903,0.10313288622132406,0.17986342103690794,0.0403880501258538,0.17641903317429106,0.08236279002747375,0.16378154543861567,0.18857691589018497,0.21182859607071086,0.5372411619103773,0.16846543587119892,0.28763525417530433,0.20818985236902693,0.2062348108125113,0.3873525530374373,0.15951873100427053,0.0594561359872482,0.004854130735148766,0.5864006620310972,0.14126669338868048,-0.026339279535498847,0.10458913574894088,0.380715566639646,0.19713568410934493,0.23360797644115852,0.0817710661814641,0.2196012068298805,0.1048272644599516,0.07831207028818428,0.12373478537950343,0.2525153100027022,0.1829640886036044,0.09890175339889044,0.18251965224020367,0.1818331841439352,0.06782957350985495,0.21469072730234126,-0.19305477524816533,0.3060333461213575,0.2833447843204576,0.5766976689631226,0.1351834350974498,0.1810899523658426,0.12930589721320138,0.3019883285487599,0.33785760110102586,0.15858361313101124,0.18467166703134286,0.017555776531185955,0.12033444165712082,0.04494415218654259,0.11043387678272151,-0.1605506621569088,0.23066973469597205,0.0,0.17017705081963175
0.13294158527694433,0.037673383238918244,0.06822959511525009,0.37065940846742956,-0.2422256587392722,-0.050378516595559725,0.0006683669315708865,0.01817097305630179,-0.3824448470073941,0.18049336059758703,0.02180526572563346,0.19857529542943492,0.0,0.15101422868919046,0.01623932042096899,0.04996864843532747,0.14888135855176568,0.014911061461988683,0.14651919644760675,0.07209424577537418,0.11412239984293195,0.028724725919642556,0.03452662626618706,0.17453925775944146,0.02119540764507134,0.1302127546494295,-0.04743373099990769,0.05088674074264804,-0.09147488923820446,0.2256142910421573,0.10687949482220585,0.10502187343640952,0.10526054150042746,0.24198428561049445,0.19254684646175257,0.09244086967337686,0.39766087227073,0.2035238158229359,0.022256147093855386,0.2103479664646316,-0.03776350747337012,-0.0337219304017107,0.13211091702266178,-0.2962065503033171,0.3621055119444892,0.5097162393254289,0.3045514910974804,0.09105301988630529,0.0,0.20274020787556268,0.023351929489743274,0.36370851781064617,0.0030809100787815985,0.15373221531300665,0.34020516627639547,0.29573417500692767,0.3941473365482914,-0.015573793000312683,0.15322833100626465,0.29591489537731425,0.15632013903165476,0.16870821295769134,0.24173569831504493,0.3707855149546106,0.24418083107108796,0.13170259497620657,0.2891999907198561,-0.03028694394382122,0.44746680246787973,0.2717558745946652,0.13470135374079056,0.004879379601999828,0.14919790240776928,0.13849631185661632,0.3954216603479492,0.31726703105487586
0.1449191564613256,0.26169633005664295,0.08417546312292445,0.6258873819538672,-0.024335987465062492,-0.024878840299210364,0.07557981739432978,0.5203557771409953,0.22813661060870796,0.3532590840988781,0.29019482897277693,-0.19697260410595302,0.15101422868919046,0.0,0.19501159038993615,0.24233254654846836,0.20746652104423435,0.2197525461241804,0.18468485926954423,0.19210946961104336,0.18585770625349904,0.10156092983019065,0.09629110917710006,0.32475202079476234,0.23018109175524581,0.10692979940813081,-0.03843179705381854,0.1396710026056021,0.16209273367470797,0.2520993157780608,0.4681792365147375,0.18682613022123934,0.0662160693184646,0.47081442683672614,0.11917836967743232,0.32434983789806693,0.3929911777205636,-0.3646279203529475,-0.19781586228302614,0.0,0.30540998636431066,0.36278877124569814,-0.00598332077093823,0.18559427496791803,0.0,0.0,0.0,-0.17169342032370605,0.0,0.4041908450413955,0.2944473531001809,0.12067784811614726,0.09184202021686788,0.06062386607965107,0.0,0.2519791679175776,0.1735810845027983,0.34520502011693244,0.053088955142084816,0.0,0.0,0.0,0.0,0.2027966053101892,0.0,0.0,0.0,0.15604263765112655,0.0,0.0,0.0,0.0850397158698912,0.2932301904991083,0.0,0.0,0.0
0.04965403191584601,-0.07583358927804944,0.11120422795323405,0.2537624135569084,0.19750415880732558,-0.03765892608406179,0.13322169202368,-0.033891853117371036,0.24180334287774444,0.20214285838977863,0.0,0.14137906991945187,0.01623932042096899,0.19501159038993615,0.0,-0.04330590309514667,0.08495442165537234,-0.04917914284612705,0.0,-0.03081616353178418,-0.04853088147962474,-0.30546111871783865,-0.16777415400515647,-0.042519083093432275,0.14927642348554468,-0.08036354766162664,-0.2555033528633882,-0.0648181769943356,-0.08124150582258227,0.0800261125141539,-0.07442114131280873,-0.28673326011884603,-0.18427903587754435,-0.08529312397167209,-0.14064574367703286,0.07176239326365245,0.09150509419295462,0.1622537797016459,-0.14587484729308262,-0.006659970173842324,-0.13839459774525575,-0.08375988772024523,-0.07403841489804408,0.3029420543434124,0.0,0.5807886380612639,0.002349231651477629,0.1567569377109711,0.0,0.0,-0.08337911420860575,0.28039931329111184,0.16138081180029848,0.19105276541623395,0.0,0.0,0.25585360269555285,0.1034332451728224,0.21083301558961018,0.07560312475132996,-0.05443605510795073,0.2731506590061395,0.21575933790853813,0.0,0.053010627237596655,0.0013260221564970545,0.004774518046249423,0.03292910885737065,0.1998215063697604,0.05046885314477058,-0.021200630932935817,-0.019611051720760678,0.005167885348117303,-0.08448866026238269,0.10364849475592283,-0.0955328326720796
0.15438921146123236,-0.007844079308204566,0.1479317107183906,0.027632522312997163,0.308927458860485,0.22373291061394562,0.08469034063551095,0.26420876344677674,0.2989820162836271,-0.0234091249188582,0.22671216925999843,0.25235166685696697,0.04996864843532747,0.24233254654846836,-0.04330590309514667,0.0,0.016336479591760013,0.20907476933584487,0.23222597481577298,-0.1736805188753952,0.21924770590418036,-0.14713819043432666,0.17385461571930366,0.3583272662782569,0.1454284704862926,0.0313839201819373,-0.00879644914142285,-0.009613823297971386,-0.09966724601208266,0.050359404101832754,0.004785189914989885,-0.1655193414886512,-0.25294667431415796,-0.042881756149338736,0.047798342506449716,0.30026383597353845,0.15343876318138192,0.2917991248573979,0.18220139623135798,0.32835013212003017,0.17220567391192293,0.23083081323672333,0.2072361881961073,0.0,0.0,-0.01588275208551016,0.0719221695837412,0.0,0.0,0.0,0.25047274278703285,0.2549698877626938,0.358765152128461,0.0,0.3388226965290744,0.0,0.3093419855673733,-0.14724593513015968,0.0,-0.016309263536323133,0.23474916984093797,0.2553731482470563,0.1530075194210802,0.0,0.19752682909364383,0.1349955174198053,0.009765318144073533,0.25368271725018277,0.21165175209826156,0.21426105865274236,0.06192707074668184,0.08531700703708499,0.19463605260179154,0.10359707269163165,0.0,0.12408115925157019
0.009924918849082417,0.14649453320627906,0.6133660494737563,0.19779245842231458,0.4424775286805091,0.31301153325052844,0.1444030871884194,0.1907754085177288,0.32399646077247735,0.2061810064495889,0.35049882755776784,0.09748839448135357,0.14888135855176568,0.20746652104423435,0.08495442165537234,0.016336479591760013,0.0,0.25483407728378527,0.5851429203115658,0.08214638728780319,0.1777172562511807,0.03225135939608244,0.45132394319593594,0.04724191190070859,0.08813450679576433,-0.02438391319410021,0.23673245613051902,0.3373298698067358,0.11714123397056446,0.18307860980174295,0.20196760021632568,0.03646005537487293,-0.02950415860302659,0.2376980834115557,0.529018219522087,0.30424461994995095,0.10276320328439961,0.08599583635321881,0.2429502390131243,0.41783044015539134,0.5463655346206783,0.8161745167737381,0.0,0.0,0.17023846320273844,0.22039177502068388,0.18122293298917141,0.0,0.0,0.0,0.0,0.0,0.0,0.0,0.2720868644411931,0.0,0.19057343214755101,0.12938268427032287,0.0,0.3366713724372125,0.42655736343633693,0.24826279883399915,0.3327689549646398,0.0,0.0,0.0,0.23793818952510787,0.0,0.08073992992751672,0.2998774417651534,0.15876427586021002,0.0,0.11189820159142777,0.20668369213395385,0.0,0.4803113993789343
0.21077432689737807,-0.06826409455664384,0.56095244461226,0.2074959388537881,0.20523352824689753,0.11147673929516995,-0.019430039579031437,0.24798588826090034,0.31145941767402385,0.05078170283533359,0.4534028881330502,0.24550072975642054,0.014911061461988683,0.2197525461241804,-0.04917914284612705,0.20907476933584487,0.25483407728378527,0.0,0.5968507829684929,-0.10832988910255961,0.4509126770274922,-0.21814266034606167,0.32038738712986137,0.15700646561955925,0.17875476251236558,0.13617667061401365,0.11468272504151951,0.03936892931192149,0.019920084571730143,0.11116856745109613,0.20593823566674813,0.03848396631724529,-0.0007978431279930353,0.163170196476079,0.2944964846327152,0.2080199878657709,0.10561266615788882,-0.14109736049239988,0.37329338175971105,0.4510267935417495,0.35683727262136755,0.31939218127393676,0.0,0.0,0.25505178595537525,0.10367337136591658,0.1969099165044862,0.0,0.0,0.0,0.4315560942561797,0.24560463499582047,0.3654685158666725,0.0,0.26173011756125764,0.0,0.1939554927154706,0.19424445867011197,0.0,0.38561731602765703,0.30734662655526435,0.14773373066152382,0.26593642702511977,0.0,0.40754935107352097,0.1705803803955025,0.22039759441747941,0.8847478721231593,-0.006710071739122256,0.26305566504227146,0.16152780807472325,0.4659462228887301,0.308001623729686,0.272658625196202,0.0,0.338817581155391
0.0,0.22721781355841117,0.012548737073621221,0.28365763222403273,0.27918293549843776,-0.25595187616856035,0.16817017420605457,0.17133615033723537,0.020068090880824285,0.2106454461164597,-0.015412624975400229,0.43478778058028794,0.14651919644760675,0.18468485926954423,0.0,0.23222597481577298,0.5851429203115658,0.5968507829684929,0.0,0.24020702465955115,0.1963372048824337,0.25934125811359493,0.02443829655296106,0.5144049004838172,0.15623529105617615,0.5060050333147733,-0.03679956804754984,0.23664714395054104,0.2283282693684266,0.2176688649936898,0.2648473835657239,0.14028202292447103,0.3276527998053382,0.18819180013515843,0.14072232994117762,0.1740178004415674,0.2359400861217722,0.30028097648510926,0.18500580779908635,0.16820424674955994,-0.2937605998402205,0.06612749845937467,0.04775859684451094,0.7322143357588964,0.173859199365566,0.0,0.0,0.23754800529404183,0.0,0.16065334863859307,-0.01763898987256557,0.15708157781525703,0.06428874438584342,0.09582119937500444,0.385107514562982,0.2346925333195595,0.19112324974396955,0.1481061646033309,0.060698638967108316,0.0,0.0,0.0,0.0,0.24495679038700474,0.23805064462920536,0.0,0.24402758104186326,-0.01645664985090233,0.0,0.0,0.0,-0.03337787369194781,0.18018127480976778,0.03374886165987707,0.24036039623294325,0.2556203756670719
-0.001106535572016348,-0.027586087183161925,0.1282748313762293,-0.037997673007748194,0.425649789957676,0.030251449595418194,0.03181100964788529,-0.06092980444911421,0.09717437824751793,-0.03782122158212868,0.1957383372821193,0.16024919750129113,0.07209424577537418,0.19210946961104336,-0.03081616353178418,-0.1736805188753952,0.08214638728780319,-0.10832988910255961,0.24020702465955115,0.0,0.05409735426117278,-0.0925721277903177,-0.001260061284258162,0.19143845898375553,-0.059747378668154855,-0.1082879036864742,-0.23163827662245973,0.03594707052188678,-0.06616899200319734,0.08275846527311397,0.04656535402157597,-0.25394097134371524,-0.2259976035854346,-0.04455028918154826,-0.06803500247809778,-0.12675489445745525,0.171919214184588,0.3652481282518333,-0.23020567751618837,-0.02818108615622736,-0.18662884659084306,-0.03160449816682195,0.06701726104975164,0.060674234207952094,0.06917245235247271,0.15586392064271082,-0.12933053196425495,0.15871308145085844,0.0,0.0,-0.12617955370769462,0.20077892971856526,0.1691180982468307,0.15274854590749165,0.41218963056507385,0.0,0.2493306047872305,-0.01228155186463143,0.0,-0.06943791323911169,-0.0677500236634316,0.20727104569591956,-0.14991549902464682,0.0,-0.05662811983869418,-0.14393557027415232,-0.13016849066356748,-0.059549420131519044,0.0,0.08447727503991759,-0.10873900562420673,-0.04757539770764407,-0.10425444487953554,-0.06652129716242194,0.06882069374790203,-0.16364833939507262
0.24090966853668655,0.15272489164899516,0.1025791194443033,0.18590214263186716,0.15158119724590197,0.009345672078202229,0.04091425331675035,0.04953419963160511,0.1361836985159153,0.309429502435831,0.2111902068090283,0.15580964551431903,0.11412239984293195,0.18585770625349904,-0.04853088147962474,0.21924770590418036,0.1777172562511807,0.4509126770274922,0.1963372048824337,0.05409735426117278,0.0,-0.08568989390902688,0.07064082027279191,0.095951925816429,0.3403333042465928,0.07032442288629784,-0.009472359228679342,-0.01177554743195228,-0.022069097295256662,0.4275631314207084,0.2236891486924056,-0.06170542730963385,0.23407102101723015,0.13130192858713302,0.13941911058735554,0.158216664614233,0.10143236847093254,0.14055564076994168,-0.23598685745762893,-0.021010595540636008,-0.23189413776091758,-0.1484213990652686,0.21431386265759586,0.0,0.0,0.3412288995188602,0.024982103121997452,0.2666279711590199,0.0,0.0,0.05248748007402327,0.15473858660963832,-0.06006054098095964,0.22986513458733868,0.5673952716928754,0.0,0.41466833764120964,0.02328281364958691,0.0,0.04842575713270392,-0.09180923985663912,0.0,0.14294368628808907,0.0,0.12040351267894779,0.20332684683691657,-0.19621775833699465,0.07997346645904604,0.3993664808937821,0.20337146798354078,0.027746675227157264,0.032199889632655285,-0.05093441806449451,-0.004013229031617299,0.10447450031848994,-0.14516556483628346
0.13172678149906122,-0.041668962361848846,0.14735035892398943,0.11740343765923712,0.2548577361071288,0.073052068251992,0.0029343844770109637,0.3011718819993021,0.1376833071465397,0.0026840599763915396,0.16561099990120337,0.10313288622132406,0.028724725919642556,0.10156092983019065,-0.30546111871783865,-0.14713819043432666,0.03225135939608244,-0.21814266034606167,0.25934125811359493,-0.0925721277903177,-0.08568989390902688,0.0,-0.035423942458682356,0.2276170377551211,0.013182977575908745,-0.29062443456765436,-0.09623856813908875,0.03185032049291268,-0.07882205857016594,0.08610108115270569,-0.07625307416238548,-0.2867869429744536,-0.25005569633936636,-0.11845897001760267,-0.10801780710970149,-0.07640093722341693,0.1971324674940339,0.27393410634243415,-0.01483663807326092,0.06423059397977005,-0.13155197038783042,0.03349364140099922,-0.18876653588164277,0.17149537220570021,0.09913342883926819,0.19999891124725097,-0.0717247134369478,0.200304053733743,0.2079072063784792,0.11644195252987302,0.0013226986387501229,0.22293311253408793,0.11525307255952462,0.20054073970185365,0.16922345118025278,0.0,0.22429094125776522,-0.042092785009934894,0.0,0.015805550741213342,-0.03366863435814245,0.1516085118078469,-0.10858785068484894,0.0,-0.1789824453639481,0.059454787734287605,-0.11894796577982382,-0.07189861688158397,-0.3713512435414883,-0.032545187187829575,-0.054784548861785,-0.1400592660593626,-0.25354370230097306,-0.19048549661715122,0.4370846154425396,-0.08157157531133875
0.12914166962964407,0.04713835251323543,0.023854987819274358,0.05807695362745055,-0.00809028461900465,-0.12023688965668333,0.020590979022915706,-0.015065990124029184,-0.06319751212999283,0.19206816014424746,-0.22704970359681076,0.17986342103690794,0.03452662626618706,0.09629110917710006,-0.16777415400515647,0.17385461571930366,0.45132394319593594,0.32038738712986137,0.02443829655296106,-0.001260061284258162,0.07064082027279191,-0.035423942458682356,0.0,0.07371440106521346,0.2621597341556895,0.05928701096318503,-0.11363608761826054,0.01541549614917664,-0.039944080002153576,0.01820809284205764,0.10583089510537129,-0.034022290221082,0.011457756609839383,0.08056844651650479,0.0551055290699596,0.0023830342673584436,0.14158430164039915,0.09593616349754296,-0.03529925423357872,0.12207339563062908,-0.028552851261225393,0.001413655010142588,-0.1132984980896663,0.2056935096099447,0.192239369739405,0.15293763835988097,0.08652527263542395,0.0587223744381752,0.2720842476712818,0.05942331483354317,-0.06503323616583097,0.019266667653791675,-0.05141282468045613,-0.10278714626931869,-0.4595505645261331,0.16243790400399022,0.16961486452218608,-0.04641536446473512,0.07297462012507377,0.014744743693943796,0.4256323484896364,0.20498791388418933,0.15130949646300507,0.1626650190819648,0.018645331447561565,-0.016845093581570422,0.004143319476983355,0.10781478114092574,0.09047207389222342,0.34257303837077385,-0.05124594864169857,-0.08823081908313021,-0.05491801104948504,-0.028098248121935294,0.031361814555470414,0.01454176017380085
0.23665909383304587,0.12190416048554899,0.13335947246275867,0.054697659284575144,0.46290656171859973,0.35587573325126387,0.23886542624086798,0.030879624927440896,0.34061155615818306,0.014982952451294721,0.2561473201660748,0.0403880501258538,0.17453925775944146,0.32475202079476234,-0.042519083093432275,0.3583272662782569,0.04724191190070859,0.15700646561955925,0.5144049004838172,0.19143845898375553,0.095951925816429,0.2276170377551211,0.07371440106521346,0.0,0.03154459016843738,0.1343617202143758,0.09314423768457468,0.2278788812601792,0.22980241036796006,0.37240981476589147,0.42164034348593044,0.499110024018399,0.35332750261601686,0.38783588845668154,0.7717455519112656,0.2658581779140444,0.05597820668922206,-0.0009203876415552967,0.3143271770214537,0.15156083073265147,0.09585588510695126,0.2699341564188723,0.2644241318341149,0.14127792088301006,0.13918143492071158,0.08414574459606952,0.10954438964442058,0.0,0.0,0.20678772968041448,0.26758227927734846,0.1252731368453282,0.0,-0.013999817826950426,0.15383359829627327,0.24178408396352627,0.07965431660405665,0.14685925486488086,0.0,0.07685329910918759,0.16115339523056435,0.16761265016982177,0.04803160506960887,0.20948298598662565,0.12144237824784579,0.2147022186562796,0.011404401915466095,0.37009204889081027,-0.003795698730682813,0.08000474239370971,0.0829842210923185,0.21933529597476525,0.2699121022512331,0.2628496828232581,0.0,0.34412030848608754
0.1400197358542008,-0.036910203629922485,0.14532039458970575,0.38458519983351613,0.07938738752005037,0.025742912362968995,-0.024559987134010662,0.1767496163492484,0.05528166435518128,0.15106881554199333,0.37598188390068943,0.17641903317429106,0.02119540764507134,0.23018109175524581,0.14927642348554468,0.1454284704862926,0.08813450679576433,0.17875476251236558,0.15623529105617615,-0.059747378668154855,0.3403333042465928,0.013182977575908745,0.2621597341556895,0.03154459016843738,0.0,0.07433138064369599,-0.021675868361105504,0.03886920800781809,0.08991528199228511,0.143000078591568,0.13964963632550462,-0.05076644177437601,-0.03415786532415099,0.08298142622554693,0.3261218850398809,0.10768096754913514,0.2598782472178438,0.000990053281997423,0.24874318397800516,0.4331075478023448,0.2987431200428141,0.2783519808258222,0.025450869966332532,0.0,0.17938299828778986,0.16011174372077266,0.15772298245546118,0.0,0.0,0.0,0.32295767450796325,0.21655787053368977,0.2761850325441388,0.1868389218071093,0.15353987697199115,0.19594702941300446,0.09786124068533797,0.07574921144235111,0.0,0.11686457185537528,0.2296867566856791,0.0510395785314359,0.15613421364830005,0.0,0.2733929702756698,0.012245194387386287,0.12875978616468983,0.24529768933060714,-0.17727627879304644,0.15154947845475486,0.052932737878035714,0.22488696301776195,0.12690221268777585,0.10654474597663618,0.0,0.16229140319728047
0.2676888412502721,0.01021737454050246,0.06006991270714661,0.29665246423092295,0.16472577377137357,0.10057711925373677,-0.002279134981251872,0.17821094131101756,0.266047019059218,0.11056014076313142,0.3986137997740169,0.08236279002747375,0.1302127546494295,0.10692979940813081,-0.08036354766162664,0.0313839201819373,-0.02438391319410021,0.13617667061401365,0.5060050333147733,-0.1082879036864742,0.07032442288629784,-0.29062443456765436,0.05928701096318503,0.1343617202143758,0.07433138064369599,0.0,0.03009234470434093,0.2006194354147303,0.11411084665509716,0.08831414448746111,0.177010355667122,0.015782415076570338,0.23000617903238094,0.16335607551053752,0.1949156443277391,-0.10019539116992773,0.18626895325058687,0.08046979680713648,0.1243804811415161,0.3896272452958301,0.15237535210678788,0.12062152662792822,0.045939899195529765,0.23608928095214043,0.21251702873541356,0.21481264086068683,0.14648951302303373,0.24487614958319356,0.0,-0.02393322881161994,0.07154412354979595,0.14432927149305452,0.1913947235186922,0.1324448242053422,0.16045884301277635,0.0,0.14244715731879354,0.11584790023209733,0.0,-0.07590525755701436,0.18656268800704295,-0.03158506844414086,0.16738954113294652,0.0,-0.1562232428292058,0.16894029443642347,-0.02562446479158488,0.006648536198637513,0.011015708250425603,0.16444108736909188,0.07014181765724148,-0.0952948859228551,0.026842358916714555,0.023900237418561322,0.1958744371881472,0.06832495505395875
-0.06606395501967394,-0.007053861651367187,0.060041970823368866,0.012805927610448083,-0.10536087448214695,-0.16431787763974978,-0.11590493577703631,-0.1763812709148037,-0.1725938234506259,0.11122935201971915,-0.09327661655067307,0.16378154543861567,-0.04743373099990769,-0.03843179705381854,-0.2555033528633882,-0.00879644914142285,0.23673245613051902,0.11468272504151951,-0.03679956804754984,-0.23163827662245973,-0.009472359228679342,-0.09623856813908875,-0.11363608761826054,0.09314423768457468,-0.021675868361105504,0.03009234470434093,0.0,-0.007200769436980656,-0.19096774879869952,0.00011054796507728101,0.029345256684794693,-0.11864867240845677,-0.12370899686398433,-0.01483417015778667,-0.011873087893994275,-0.1680771919933338,0.12210708619463273,0.17479417369235617,-0.1597496879751616,0.06728965729613594,-0.31295967177853795,0.022713225195202837,-0.37272071098663867,0.12657786607260277,0.1566662923694304,0.1825419787931672,0.08810204459516362,-0.10269682222754982,0.1830798862802309,0.12326091972167116,-0.06495328067446929,0.11007258459896296,-0.06410268077388365,-0.0868913364818496,0.32281152839312893,0.05856493390728914,0.11704807628803604,-0.06763971398941494,0.47337000444895855,-0.04200277555834431,0.22995576514590235,0.0,0.12083540265054506,0.08715862164978302,-0.008813630819205803,-0.055525501361038794,-0.012971469265312688,-0.1260665270303204,0.0,0.025491343791149906,0.009443587414057434,-0.09380434799103261,-0.11393286727388106,-0.13889657236667274,-0.08436484532172567,-0.018707006960513906
-0.02504299631074413,0.07081988073875436,0.10774712866686462,0.02456138691791868,0.1412074491503056,-0.041575289033828816,0.1467943690676404,0.04550467944720395,0.09517027425042993,0.21772734894262286,0.08743063565325641,0.18857691589018497,0.05088674074264804,0.1396710026056021,-0.0648181769943356,-0.009613823297971386,0.3373298698067358,0.03936892931192149,0.23664714395054104,0.03594707052188678,-0.01177554743195228,0.03185032049291268,0.01541549614917664,0.2278788812601792,0.03886920800781809,0.2006194354147303,-0.007200769436980656,0.0,-0.11544538920366539,0.08199084561439178,0.25936975566949627,0.07326570448889833,0.06835800775515427,0.17999146087166445,0.3002646249388219,-0.1529504823915192,-0.11003102215405394,0.15799769638978473,0.1186590167300746,0.13332654747648248,-0.14258857847310855,-0.09884420004746272,-0.002173991577864979,-0.05030632661288823,0.41357122316618034,0.10463708527318998,0.32112474038968947,0.2092503055008964,0.0,0.22555872924660297,0.05544906338597563,0.46195399520653835,0.004222023283101901,0.3095353563394309,0.27110930437126946,0.6656708066293617,0.26470251906465525,0.026318292137261688,0.13989948473920893,0.11862582469421232,0.12324657342227897,0.05437953760803874,0.2615027093348434,0.36736922116775084,0.12912494721783258,0.1038160479809877,0.3670586380965438,-0.021380932781469596,-0.045470537272085804,0.214636738831999,0.1363026356366725,-0.02613479803994253,0.06202052607736131,-0.01242724877252318,0.22681049958366645,0.21576567606109368
