0.0,-0.0427465873633287,0.0028887245032137576,0.0,-0.0030291660789300012,-0.027767130431203713,0.0017657213898567559,-0.03369582806835347,-0.005148302479710043,0.007750274318717554,-0.005480730114512056,0.014203234135431841,-0.02301862456709919,-0.003763238036532779,-0.023270222489862213,0.0336470351548383,0.0037229047594179443,0.04388170999582136,0.0,-0.036144917391080666,-0.051427337743207846,-0.001221998720759565,-0.042099052279803595,-0.017073059800628065,0.009693470880979937,-0.01004377686683311,-0.038100062378750854,-0.022528657504091276,-0.040073086565232396,-0.004645878400312886,0.024832401201653476,0.024742982612470654,0.008547609991582494,0.014579005910814458,0.014252919309275969,-0.00024364078545258128,-0.0004950994437855627,0.02482949297483711,0.03656020160535062,0.026941187297010782,0.03677717275109388,-0.004334826906427669,8.657964151098652e-05,0.0,0.004146197833517606,0.08734647306590837,0.01635155840078073,0.0,0.0,0.0,0.00563784445221166,1.1102230246251565e-16,0.008588923341474264,0.0,0.023654973319031103,0.0,0.01421012995993104,0.004557870817211984,0.0,-0.00015584203875312896,0.029026049217913463,0.0022808137428835806,0.03225385217906729,0.0,0.005061373879949649,0.0017835058391215686,0.030059277300460874,0.012591678107855553,0.015986750691930396,0.018057748344150026,0.030361408265452916,0.008499062370430355,0.00027007150033719896,0.011373249172148603,0.0,0.041374878937187276
-0.0427465873633287,0.0,0.003406907956981231,-0.00012445315304360216,0.006139530235988289,-0.00877766286021292,0.0029979850768246386,-0.007251020906689443,0.04272639795951266,0.004270923461583587,-6.659996348579167e-05,0.0012091994860866095,0.006080915276746202,-0.0005816778843156789,-0.03932312016106887,0.023007666571583985,0.015501612165545409,0.016920311394676868,-0.0017723255679694128,-0.012319119493899855,-0.0013462867413270851,-0.002195225501918807,-0.035720762704635534,0.011642979356112027,-0.015930314358503284,-0.002199303568658495,-0.020732219465200763,0.005332005236012516,0.003574416185433027,0.0060871368669236925,-0.01456301026224427,0.007873143481727962,-0.05998956429857588,-0.015365761000447287,-0.0035032273959498816,0.00798689384348833,-0.0010468105967871844,0.0,-0.004628138712215235,-0.018090228663763863,-0.016104636727698074,-0.0007172194864391579,-0.001791287807803077,0.0,2.220446049250313e-16,-0.005425793686581026,-0.028495482033804975,-0.0004610505300401968,0.0,0.0,0.01253994631509564,-0.00019195071128291774,0.00113064716449085,0.0010913178434966975,0.0039014906124724136,0.0,0.0020891593027651534,0.002591980565744223,0.0,0.005682908191245839,-0.022910843191138286,0.00558564657538857,-0.03757437418623971,0.0,-0.006356182337799887,0.0036709511964347352,0.0031302758792898233,0.020846347328880632,0.0015964323128836444,-0.029853210179214107,-0.01939670215874484,-0.02308475698270601,-0.001698780691758106,-0.005882444486585592,-1.1102230246251565e-16,-0.0008572895115887547
0.0028887245032137576,0.003406907956981231,0.0,0.01113203667002366,0.03963904257687467,0.0235198247163253,0.032570601844646885,0.005215749890564225,0.06158466267632551,0.011591026011509298,0.03404141951679013,0.009172360482110176,0.018731586124744348,0.010879800797415184,0.004292689421394935,-0.004697573629192264,-0.0009071046289412243,0.004403786473895999,0.03550358042436119,-0.00039522126641167166,0.012230631365055422,0.005908782494383535,0.029125211481095592,0.001470217073740232,0.005669578455187563,0.046540616171548255,0.05589778648627208,0.026181354611810592,0.02372105960625681,0.009879125419186285,0.02848552910251423,0.028764576924245888,0.004913902888144472,0.025681749191711956,0.007784459871788774,0.014934721721847621,0.023316768536048693,0.006070797432387143,-0.04477543408754231,-1.7731888114491667e-06,0.00613052187386709,-0.005641854038677452,0.032676778505444926,0.005466034567564559,0.0,0.0,-0.000871597248967515,-0.12303239376255559,1.944601890679909e-05,-0.09643407886900024,0.012125267875256585,-0.06569895953336002,0.03826396106576213,-0.09592206655876495,-0.0031417522578139345,0.03289612107580531,-6.506451309190586e-05,-0.05362853767249143,0.01855162137404842,-3.7835624889515085e-05,0.0,0.0,0.0,0.0012802526222203126,0.0010400676334809678,-0.001774414956886572,0.00013632344560765564,0.02540479109690119,0.0,-0.00017891379935947027,0.0024246052957205277,0.0036536111781493297,-0.08296592031440203,0.008700672995607173,-0.0018535379889920156,-0.05574360897683511
0.0,-0.00012445315304360216,0.01113203667002366,0.0,-0.036058899103225545,-0.012032099314426392,-0.09722965852607954,-0.003785064912341929,0.008946661191555016,0.021765572049652765,0.040413933585200346,0.001839337690562548,-0.11676752453249462,-0.07517377457450225,0.005331377900028078,-0.0002147451754114793,-0.0010263331168957057,8.855112278916e-05,0.026649857043021585,0.006479205560607548,0.0004938246017025527,0.005683416153382859,0.014766706548443365,-0.006780771610405467,-0.0003102759858907289,0.0011978326581159604,-0.005094362013644382,-0.045104619878051866,0.003898829287294625,-0.006514930589226087,0.004617195402489671,-0.007999087830798168,-0.0029377751248974016,-0.008872782278811997,-0.021329693161311503,-0.03707961834064877,-0.006029871961781619,-0.013156386543693943,-0.007796874875053761,-0.0023522552655665385,-0.0011882762208254571,-0.03663318364752177,-0.00429011207399338,-0.0017916682627516223,0.0,0.0,0.0,0.000621090671044322,0.0,0.0,0.00046660319702435116,2.220446049250313e-16,-0.00020266103594335227,0.0009487601151494385,5.551115123125783e-17,-0.000257200060286622,-0.00029436465177251625,0.000515367825654478,0.0,0.0,0.0,0.0,0.0,0.0,0.0,0.0,-0.00017868608000909392,0.0014031937390353022,0.0,0.0,0.0,5.7617752302563385e-05,-0.0029080711790887004,0.0011961817389047336,0.0,0.0
-0.0030291660789300012,0.006139530235988289,0.03963904257687467,-0.036058899103225545,0.0,0.025513501850331355,-0.003954462802167769,-0.04497598766113675,0.03249223629607556,-0.021199958468035685,0.010123991379566544,-0.024389671142769742,-0.026146801642909556,-0.020786802727577824,0.0007981571201927107,0.01422667548908535,0.004576498856125821,0.004033374889303165,0.04522638994554268,0.009149962916955412,-0.0017768808487951815,0.015939594448489636,0.009760248750693423,0.010228145161719271,0.03165438427124101,0.0030879966381930912,0.03114403724280157,-0.04931659434648411,-0.026328335866352415,0.0046879172966983185,0.005747676985842276,0.0322532353602728,-0.02827735114490726,-0.00886905677863975,-0.034437362768830915,-0.028181628004390835,-0.07769834030509429,-0.012709785251909633,0.0017111172767401706,-0.0007939519749325386,-0.00840657879009482,-0.002941508994871167,0.017055583405547248,-0.0015447250884170205,-0.0007811091157586825,1.1102230246251565e-16,-8.544650654801478e-05,0.015541520102518636,0.0,-0.0019829791796535656,0.013658804508165923,0.0002728791423878274,0.00011973660459685398,0.015711950651119078,5.551115123125783e-17,0.0074375770955482645,-0.0029282285614775083,-0.0007769699965813892,0.010843304435284862,-0.0006212142647310515,6.193256103903533e-05,0.0,-5.551115123125783e-17,0.004985764916488944,-0.0028196705054014393,-0.00033494304651865425,0.0008174054817300935,-0.010115187015738047,0.0,-5.6850574207734095e-05,-0.0019943001440545505,0.009984496951649324,0.0031520384959281555,0.0041699361396003165,1.1102230246251565e-16,-0.004359535019225702
-0.027767130431203713,-0.00877766286021292,0.0235198247163253,-0.012032099314426392,0.025513501850331355,0.0,-0.0064376099334486625,0.00905056061782622,0.019111736769180765,0.02010379210513391,0.026116816634038365,0.01064702564716452,-0.006887964959676918,-0.022587888429003222,-0.001929125554574973,0.014617477795433709,0.016368321586566648,0.008441235617134002,0.040596282221810165,-0.005718988187524865,-0.0047010537006299535,0.007275385100668608,-0.0024713296185431277,-0.0023590033900405816,0.0005972987819053421,0.0058287897572509295,-0.016627268467189815,0.00933556323808915,-0.02900429331939597,0.0031631538158716777,0.00920109766680749,0.010541484964196712,-0.0073524935568571315,0.010818321709841316,0.0009472523828258361,-0.0036423803768234064,-0.00999679501370615,-0.023562725787198147,-0.02595788784828823,0.005120819203225657,-0.008046062851389535,-0.0035779493621166947,-0.01337457125949798,-0.001177579427997677,0.0005390431561150821,-0.0023420521073020395,0.004618755870109514,-0.019649340837410045,0.0010509311728323367,0.009515626868127347,-0.009952817232850797,-0.03474314484958435,0.002032379341475654,-0.007506749498273124,-0.0014123605667194505,-0.0252871156603538,0.0032017418500627226,-0.017593119423732984,0.010596582856836345,-0.022233617219866664,0.0030536070161062967,0.0,0.0011491265826739094,-0.026890709541519453,-0.007111913992624785,-0.030689956760566406,-0.027811906113796747,0.0026835022129792496,-0.00018790192663098448,0.0039536815176820506,0.009948770053513967,0.002753574995591368,0.0006081293872282623,-0.005134732041784051,-0.017882575340792795,-0.007031088732648516
0.0017657213898567559,0.0029979850768246386,0.032570601844646885,-0.09722965852607954,-0.003954462802167769,-0.0064376099334486625,0.0,0.003708364070514447,0.019702956808147487,-0.012549244363140921,0.016046783468670667,0.0027764526416942936,-0.02132522805600323,-0.031240107733068734,0.005239607678953373,0.0025800460071926934,-0.018672487845152463,0.005067763755828625,0.0471777998477409,-0.016044447719687216,0.006741561382179739,-0.004584230883507845,0.012545754809936305,0.0021853947388829065,0.0041332286941100915,-0.0031335277010329232,0.00020023280795444798,-0.03418362421702542,-0.0384153985983246,0.008519199557780854,-0.007319475091483563,-0.009173881578970033,0.0007885770535671632,-0.03255809550705463,-0.04001992774376373,-0.030853128934303697,-0.04636484080425837,-0.012936230688929184,0.00038019253187260293,0.0011583183708364642,-0.009523143367956288,-0.009245494674084753,-0.004013283501662801,-0.0008673445549093328,0.0005151531794145292,0.0,0.00182258279441877,0.00584736525263807,0.0,-0.001347752256292023,-0.031850836746076194,0.00893050182133115,0.011473164994041052,0.014537597597232943,0.00025570449974227083,0.0013099973143252952,-0.0014463840923316096,0.006601479952645206,-0.005686128070065577,0.00033572862423919547,0.0014074036206843665,0.0,-0.0001283372401933991,-0.0005472167620382828,-0.0005521955879243534,-0.0012124704392285635,-0.00014385666937866137,0.011584174781621381,-0.000273178154154452,-0.001158666024918209,0.004731023159519843,-0.00039417959179521844,0.006673004167147445,0.0025977657384689268,0.0009121135202662112,0.004104472157385186
-0.03369582806835347,-0.007251020906689443,0.005215749890564225,-0.003785064912341929,-0.04497598766113675,0.00905056061782622,0.003708364070514447,0.0,0.07537672978252896,0.008177410449369205,0.062089662012910385,0.017280796421412836,-0.00831882146323798,-0.0336996474133347,0.04246524819649555,-0.002151383543349983,0.0011862740036368002,-0.011941060411611415,0.0637606930069119,0.01531834777774893,0.029931181380724425,0.03139503476814309,-0.001953763634132688,-0.05779496433171505,-0.026677631608991614,-0.017185917110109694,-0.0017684672128758794,0.01454639004054703,-0.003051278147224168,0.037660034821137056,0.014113941727292523,-0.005679015688400069,0.00687903762581038,0.016561904317806464,0.02069994016283011,0.0015985457651966906,0.006779200927548856,0.011252064959593855,0.019072504280154556,0.0027546616761388587,0.005479310287754946,0.018625962436557286,0.042534618257103196,0.0016430400646523236,0.0,0.004930974429087132,-0.05993584312146499,0.007281189824150158,0.0,-0.005236278065723521,0.0010103672862899482,0.0162448189808283,0.0559992203483457,0.02229142061723377,-0.00013748543190583717,0.02660313832037392,0.00022372802191206187,-0.012996360995403577,0.035924588909291066,-0.0134405783647088,0.0013362630411815624,0.0,0.001136709461522556,0.010222212299276001,0.025095043762892733,0.048350132574239146,0.007717532642985581,0.017743680541255358,-5.551115123125783e-17,0.0012828394973761759,0.01277172489943601,0.01438254541858075,0.012040257760472683,0.015810930145195357,-0.0011683837988249457,0.011604948273544746
-0.005148302479710043,0.04272639795951266,0.06158466267632551,0.008946661191555016,0.03249223629607556,0.019111736769180765,0.019702956808147487,0.07537672978252896,0.0,0.009967820218433565,0.030568576255034396,0.018131489476742924,0.031500464502127956,-0.002218545299491448,-0.0028639324453639814,0.04837862006005755,0.004083848783318189,0.011582791585910801,0.047812485533462123,0.015817486107513434,-0.0001016253245287313,0.04064153229398959,0.04586643219341768,0.014553174397339497,0.011526325208340793,0.015458890599859165,0.039827451936877756,0.031318829466902176,0.0039412500577686305,0.004645407449979988,0.03552411074486611,0.030494217564705328,0.004310208863421761,0.03163777972056042,0.017449668107723082,0.031229789726545054,0.023259628899235163,0.007404449612346153,-0.02001577767271756,0.0020312997063792193,-0.012089373579715346,-0.01740527330855035,0.04309256835170372,-0.003709043066618456,-3.072806307513609e-06,-5.551115123125783e-17,-0.0007112043475503427,0.0058708157227140845,-9.3419586630894e-06,0.017145529538500903,0.03420528746454443,0.01636685188960052,0.045056269437313,0.031027325172334308,-0.0020051574264994265,0.06625591207639153,0.0011808731781143278,0.014956581277813297,0.026766267146388523,0.0011762325234827564,0.0007722218618576582,0.0,0.0,0.019418115413711634,0.0014006777173543594,-0.0030685798745783144,0.0006943809937985379,0.0265233656685554,-3.283202530046658e-05,0.00031098827502534787,0.0011917951914111047,0.013206242266157742,0.009956557577894487,0.003382526263703667,-0.0014068577512539315,0.010476423203849783
0.007750274318717554,0.004270923461583587,0.011591026011509298,0.021765572049652765,-0.021199958468035685,0.02010379210513391,-0.012549244363140921,0.008177410449369205,0.009967820218433565,0.0,-0.0316055221197557,0.025968896230452565,-0.01487439912354832,0.00965021296183255,0.00556333872369813,0.030494893539338153,0.05852498829454256,0.04944593081320897,0.02531989481028496,0.0023536603025527403,0.011759658118481842,0.021487816579486563,0.019351558695338944,0.03425327176273901,0.041808937739002905,0.04719437533974785,0.02097204302543848,0.003862500534378255,0.0144506666567496,4.376508459719153e-05,0.02150365330341314,0.08102578603725807,0.03562786392510542,0.02623120801724338,0.041214741014189815,0.024976659189038797,-0.04940233809362124,0.01677877136694661,-0.00011112799723189681,-0.020130348404493348,-0.020574548487997113,0.021026779484934588,-0.011741665564001802,-0.0033481537586858012,-0.011107506536931877,0.027445857297310472,0.0012704134411933854,-0.0009680363716455531,-5.3044935441393104e-05,-0.0009684940592068481,0.0023415966025966406,0.0069413117850697925,3.0245927696848085e-06,0.001206788024698091,-0.0017512676325823762,-0.003011649612403078,0.025884944380476504,0.010509115977421879,0.0,-0.0005207831446513156,0.005875550856226208,-0.019339919173952003,-0.03945940081873267,1.7436148250338235e-05,-0.00028329334914090065,0.0005298540497872817,0.002314888294969897,0.0001389410759357057,0.01735412404844794,-0.02334677373697891,0.010279907388348997,-0.004204004483437496,0.014604302160562577,0.0024113096613617713,-5.551115123125783e-17,-0.00462323565536249
-0.005480730114512056,-6.659996348579167e-05,0.03404141951679013,0.040413933585200346,0.010123991379566544,0.026116816634038365,0.016046783468670667,0.062089662012910385,0.030568576255034396,-0.0316055221197557,0.0,0.008577541483841822,0.0015408250746841712,-0.005379309867822535,0.0,-0.00029613252647114896,0.006420261420197915,0.0009625013474595656,0.0023704400595909725,0.00013991138203905962,0.007357165357486484,-0.0010635015468957176,0.04686310463620347,0.01843340783628744,0.010469573649497688,0.01126626352983201,0.03216317726856838,0.012926429963044994,0.007922911797318188,-0.0009387075639819553,0.01998529340788585,-0.028457201104432173,-0.031890234617784674,0.016413544737844343,-0.003883132153355451,-0.012930714888762351,-0.006792251278948613,-0.019101306193624046,-0.05107576497740324,-0.0006742564067526713,-0.0022608567993863127,-0.002569707255422049,0.006870471932240496,0.0020596169816359255,-0.00015675573797591102,0.0,1.1102230246251565e-16,0.01688435054667098,-1.8089563319501067e-06,0.007253056522451118,-0.033045596545525524,-0.05291698098132103,0.02201143423436247,0.016750045944565917,1.7994467879700604e-05,0.06318218414934801,-0.0027556201370744215,0.007048158073802324,-0.02253874445587467,5.551115123125783e-17,0.0,0.0,0.0,0.09122601377996559,0.0008132433574877806,0.0,0.00042210070252685084,-0.00021366543985318343,5.551115123125783e-17,0.0,0.0003237731529222576,0.022820466587895216,0.015775686047878656,0.00032612655092834064,0.0,0.003087016938562004
0.014203234135431841,0.0012091994860866095,0.009172360482110176,0.001839337690562548,-0.024389671142769742,0.01064702564716452,0.0027764526416942936,0.017280796421412836,0.018131489476742924,0.025968896230452565,0.008577541483841822,0.0,-0.021057515629328616,-0.0035213523198109886,-0.003988032094713101,0.003912562727569846,0.05613129286562002,0.04858072277195119,0.005892181427858023,0.00206468086197803,0.008712747890880779,-0.0022797248493822697,0.007438187830592968,0.034923534488336405,0.039986027989446116,0.025751719889952063,0.0045672195809795535,0.010285492622955306,-0.0015681522030118744,-0.002967305703019174,0.016479559578870262,-0.021647311730639274,-0.020905938675711555,0.0034503828533061776,-0.001964079097562743,-0.05004013836541271,-0.04918820492195697,-0.004675445443321158,-0.03945524065534817,-8.873214090715509e-05,-0.00662222892140879,-0.005970224924999101,0.0023803382078116386,-0.002648963674254212,0.012310696847346647,0.01844497924372468,-0.0009009329472758898,-0.0008778053483996517,-0.0007789059674355725,-0.003192981993088706,0.0018574175536826276,-0.002985262422444901,0.00093444201781967,-0.0007390843633272581,0.01746392686710313,-0.0009883576336278121,0.04719599894321408,-0.004642987368008333,0.00031484136015541564,5.544016856395828e-05,0.002165434745350414,0.0399203335148991,-0.03460804929261824,0.0011427311015704267,0.00032548053250880393,-0.0019073677999089655,0.0012635891721019532,-0.00627007097468868,0.023279470365857202,-0.01586839645420085,0.013768989809569254,-0.0047222233819573245,6.049085451714786e-05,-0.0025509429569154918,0.0,0.032312299118607335
-0.02301862456709919,0.006080915276746202,0.018731586124744348,-0.11676752453249462,-0.026146801642909556,-0.006887964959676918,-0.02132522805600323,-0.00831882146323798,0.031500464502127956,-0.01487439912354832,0.0015408250746841712,-0.021057515629328616,0.0,-0.010616806245893007,-0.002686597692870496,0.001519333737989681,-0.020050554725373093,-0.0032410530073329613,0.026557107839365157,-0.015372424196603507,-0.02551548136567977,-0.0011711054398598209,0.009308764751378373,-0.03389544221189805,0.00673094920143219,-0.0005904886437281265,0.0011347252619485215,-0.006262759096598514,-0.029642409471771547,-0.011898669262592865,-0.013825072747263467,-0.027879187885546164,-0.0321729669269335,-0.04062629987362504,-0.04434763021668425,-0.025420151956226045,-0.09558813237485,-0.02155533489376621,-0.005079934313270418,-0.006929035798063643,-0.03370037089656669,-0.023634770148374784,0.005296511436694962,-0.007036098979759375,-0.00040307421449520264,0.0007099569380512039,0.002297054234658258,0.01324239294487306,0.0,-0.003230048469204383,0.028415704884444615,0.009192274036339154,-0.002733071837124401,0.009719820425980408,0.0010492291017858424,0.007876196315676653,-0.0007380354897038033,0.0037302042985896122,-0.0034982963115802734,0.007379532715435733,0.001705186937391301,-0.0002140126753927274,0.0011468920526730986,-0.002587960596817984,0.006076611297151702,0.004188155173907582,0.0008076925967586135,0.006671717525086329,0.00322562764701001,0.003986520754575729,0.007456978923293889,0.01051769680863246,0.01021414802886611,0.01361613021805319,0.004100639452957688,0.004303808420622557
-0.003763238036532779,-0.0005816778843156789,0.010879800797415184,-0.07517377457450225,-0.020786802727577824,-0.022587888429003222,-0.031240107733068734,-0.0336996474133347,-0.002218545299491448,0.00965021296183255,-0.005379309867822535,-0.0035213523198109886,-0.010616806245893007,0.0,0.002902230969706099,0.0012281159537286257,0.00024307121009337074,-0.0002935145654351934,0.004644999015114559,-0.0005545278793757658,0.006386013277119906,0.0012922238918434692,-0.019253966678441536,-0.006265199571048319,0.0015618555535120149,0.0014568519401656488,-0.03240907215939126,-0.07767833764987295,0.003006152323255684,0.0006907444462324608,-0.031641502688053935,-0.04863492610725298,-0.001963232070556098,-0.04421053848388551,-0.010224909325923626,-0.017379718682632467,-0.013014803351113324,-0.0019269569646725437,0.01103322560692982,0.0,0.0003332547114622275,-0.0005546946227260041,0.022052938404202194,5.207078552116329e-06,0.0,0.0,0.0,-0.06284463234427207,0.0,0.007557307765699295,0.0029055948266367704,0.006683917119859051,0.008199747641574162,0.027648737111304555,0.0,-0.00976622260642468,-0.0002090404079396757,0.004657304396551987,0.0070439431940388375,1.1102230246251565e-16,0.0,0.0,0.0,0.0193176994708375,0.0,-1.1102230246251565e-16,0.0,0.024420040352246097,0.0,0.0,5.551115123125783e-17,0.012240117128166972,0.0009379249886397045,1.1102230246251565e-16,0.0,5.551115123125783e-17
-0.023270222489862213,-0.03932312016106887,0.004292689421394935,0.005331377900028078,0.0007981571201927107,-0.001929125554574973,0.005239607678953373,0.04246524819649555,-0.0028639324453639814,0.00556333872369813,0.0,-0.003988032094713101,-0.002686597692870496,0.002902230969706099,0.0,0.011478818121792023,0.010431359221400816,0.017706194906479678,-1.1102230246251565e-16,0.035516340111407974,-0.007396465870735114,0.0082742636871318,0.01502200160665812,-0.0003263533878968272,-0.015411156329426967,-0.025370398330648525,-0.0021545330322266243,0.005325247139676137,0.01354413350653233,0.009834673619656897,0.008678604073027507,0.002500071762585321,-0.005256673970118864,0.020423777679973165,0.024321919200766817,0.02333033366316889,0.00015380274137810623,-0.00025367927915947996,-0.020179804488931474,-0.02022305242834105,-0.01769540649552742,-0.008493568789751327,-0.0069110796988475776,0.001331195449313205,0.0,-0.06516050121225031,-0.04690813427524859,-0.0007400032028783698,0.0,0.0,-0.0702821046381526,-0.002148573326871517,0.017017783795527153,-0.0011661118088769906,-5.551115123125783e-17,0.0,-0.0013382261739762202,0.011380292441012407,2.9653420681952092e-05,-0.0063854104371743325,-0.03233414971825821,-0.0008285569447941121,0.005349999198161537,0.0,-0.0040733866137973584,-0.007554043643970998,-0.006127943421234405,0.008523504404428728,0.00021957243878817367,-0.0850921356963904,-0.004638774104190779,-0.0014964653347454004,0.023828394735667058,-0.0023017724659342154,0.009136123682795427,0.011678282938101248
0.0336470351548383,0.023007666571583985,-0.004697573629192264,-0.0002147451754114793,0.01422667548908535,0.014617477795433709,0.0025800460071926934,-0.002151383543349983,0.04837862006005755,0.030494893539338153,-0.00029613252647114896,0.003912562727569846,0.001519333737989681,0.0012281159537286257,0.011478818121792023,0.0,0.05033643712314129,0.008692977705924976,0.0003499624500648557,0.008064430182174398,0.014638612105385529,0.0190220844077848,0.005117170156560769,0.041805341604141955,0.03117542741971069,0.026166057460335235,0.008725425412869636,-0.003598387315755458,-0.006567714372421374,-0.009344112201960852,0.04578068399361551,0.037056331789560026,0.02063345670213279,0.011402255114142834,-0.012560102574582899,-0.002731543407628989,-0.00017357207665719132,-0.0005820344954141632,0.012864008761099055,-0.004964614881015628,0.00018395660295422722,0.013916818635005546,-3.866579806016679e-05,0.0,0.0,0.04611212595711528,-0.0002975184892683447,0.0,0.0,0.0,0.004934407415278785,0.0004450768192426069,0.004116451923727116,0.0,0.0004127090559475355,0.0,-0.0017584672786556954,0.004200780695982453,0.0,0.019762671758450645,0.008038199893945053,0.000529128061999673,0.014786730614299859,0.0,0.014043743790591812,0.03320836548092643,0.009612396676507484,0.01632582982196923,0.006789434505395209,0.011053703365801915,0.01098615612802889,0.014796217010027923,0.006569047715778209,0.012027794826047655,-1.1102230246251565e-16,0.004223889283628879
0.0037229047594179443,0.015501612165545409,-0.0009071046289412243,-0.0010263331168957057,0.004576498856125821,0.016368321586566648,-0.018672487845152463,0.0011862740036368002,0.004083848783318189,0.05852498829454256,0.006420261420197915,0.05613129286562002,-0.020050554725373093,0.00024307121009337074,0.010431359221400816,0.05033643712314129,0.0,0.046945939175258244,-0.003251924819403007,0.11892777161017093,-0.003278077770937027,0.028937004763069374,-0.0011828292422071396,0.04977183445366973,0.037048886996630614,0.041538412343192666,0.012339132334782121,-0.0011388895955333211,0.008553954596759505,0.0058637774727186565,0.044832828386379975,0.03451917166686075,0.051887745399614715,0.0328845320726423,0.011146856585093567,0.008050616980752323,8.725019690386526e-05,-0.0028808783858473297,-0.0025504645158864747,-0.007414016278934787,-0.008668469489752473,0.0038481308277524273,-5.551115123125783e-17,0.0,-0.005331418591582537,0.026684608445242952,0.0038593721784403456,0.0,0.0,0.0,0.0,0.0,0.0,0.0,0.010197610341713181,0.0,0.005093936883283023,0.0012436861647764919,0.0,0.0006027635967731371,-0.04890180403811967,0.027124323374363324,-0.009554386525820968,0.0,1.1102230246251565e-16,0.0,-0.000834283650632095,0.0,0.05720769804043929,-0.01039944627589623,0.010578135773589958,0.0,-0.00181343430763109,-0.00023302207744207992,0.0,0.0034197264820917117
0.04388170999582136,0.016920311394676868,0.004403786473895999,8.855112278916e-05,0.004033374889303165,0.008441235617134002,0.005067763755828625,-0.011941060411611415,0.011582791585910801,0.04944593081320897,0.0009625013474595656,0.04858072277195119,-0.0032410530073329613,-0.0002935145654351934,0.017706194906479678,0.008692977705924976,0.046945939175258244,0.0,0.0024661588099424425,0.021582170935981526,0.018652077892417074,0.025336286591852664,0.021035172305474636,0.050793804718211266,0.04274634101903002,0.042405799020923285,0.008785944136858459,0.0012591110034454456,0.015071173144519834,0.004411476310177298,0.040255222443504046,0.038839312907687995,0.038242468640425686,0.030660120558876514,0.001054300977776812,-0.01068008297206019,-0.0004642557185993157,0.004103305417885839,0.016541140125934106,0.0009106281331243138,0.007147022249927026,0.013170355359630237,0.0,0.0,-0.0006837914575263393,0.049844173268540015,-0.011031259216497502,0.0,0.0,0.0,0.002582774796009879,-0.0006522772958607037,0.0014521193829945545,0.0,0.004780309026839125,0.0,0.005288970676818439,-0.0011430204725774717,0.0,0.002426076687980616,0.00015901544993085492,-0.0018605394342707249,0.011237357145469862,0.0,0.006122314792024963,0.006646366809189064,-0.04091992487729751,0.005466128215138533,0.0458907720757058,0.00688205230621225,0.024051091934289004,0.004071369620792464,0.002640618827165042,0.009802733450587575,0.0,0.01962052325599667
0.0,-0.0017723255679694128,0.03550358042436119,0.026649857043021585,0.04522638994554268,0.040596282221810165,0.0471777998477409,0.0637606930069119,0.047812485533462123,0.02531989481028496,0.0023704400595909725,0.005892181427858023,0.026557107839365157,0.004644999015114559,-1.1102230246251565e-16,0.0003499624500648557,-0.003251924819403007,0.0024661588099424425,0.0,-0.0006980582133979674,-0.0011589499353573118,-0.0023664083018384297,0.015232363090439571,0.002208300421736975,0.0017712954882408427,0.0015452252953655488,0.039266587197811564,0.030625626022861396,0.006241127085130749,0.0029380281294204003,0.02783484439198547,0.019393142678953423,0.003750497119797913,0.02501415495745246,0.0006379354668057391,0.024259857550883557,0.006201472724335022,-0.013201721408377387,-0.07551241644004131,0.00016295374139596586,-0.007678381220095176,-0.0023868368115281813,0.02346048592645944,-0.0031982514003713325,4.598981139469771e-06,0.0,0.0,0.028751442389049142,-5.551115123125783e-17,0.009011313861906456,-0.002968109386959794,0.005716009907124953,0.00480235623853531,0.002664787380523226,0.00022489112090590124,0.0922969050876935,-0.001874046937003826,0.0006420915432069352,0.020349497005256123,2.220446049250313e-16,0.0,0.0,0.0,0.003760089054913207,-0.00020058685916618524,0.0,-0.0003038621982181522,0.0018463751074130341,0.0,0.0,-5.551115123125783e-17,-0.0241940875922646,0.00628998646217982,0.0029561070745150464,-0.0006915348822364997,0.0014401053022792265
-0.036144917391080666,-0.012319119493899855,-0.00039522126641167166,0.006479205560607548,0.009149962916955412,-0.005718988187524865,-0.016044447719687216,0.01531834777774893,0.015817486107513434,0.0023536603025527403,0.00013991138203905962,0.00206468086197803,-0.015372424196603507,-0.0005545278793757658,0.035516340111407974,0.008064430182174398,0.11892777161017093,0.021582170935981526,-0.0006980582133979674,0.0,0.008144172939982708,0.021193431479691827,0.03432627048955095,0.003756416274610208,0.002155728411794011,0.008056250063280201,-0.0017681553510315307,-0.0024691776911915375,0.001950434135495005,0.041531535232859296,0.022283003626147435,0.022822181459979107,0.006209603693161259,0.03217361899380583,0.031934895403200936,0.03311459081708151,0.0011159625635400183,-0.001599137889037594,0.0018744991771595942,-0.007085072737626874,0.004302310604635429,-0.001686208060103167,0.0005209822165375133,-0.005928933560249705,2.721804785033033e-05,-0.002602080624944436,-0.028149230424013127,-0.00311570914699838,0.0,0.0,0.027980806226872268,0.0006088730394214203,0.024691688656822253,0.0015534257101456617,-0.0003249928350512188,1.1102230246251565e-16,-0.0016775628380673036,0.01298972007762178,-1.1102230246251565e-16,-0.00010495835723595137,0.006595824170700038,6.150893993350781e-05,0.004205469043780996,0.0,0.00846256549390495,0.010038821568214895,-0.015564597358750987,0.011875075391772516,0.0,-0.04293654549585102,-0.014782620945829161,0.006240498441799136,-0.011028015614801046,-0.0076797126718810005,0.003354707013615621,0.00812878388738092
-0.051427337743207846,-0.0013462867413270851,0.012230631365055422,0.0004938246017025527,-0.0017768808487951815,-0.0047010537006299535,0.006741561382179739,0.029931181380724425,-0.0001016253245287313,0.011759658118481842,0.007357165357486484,0.008712747890880779,-0.02551548136567977,0.006386013277119906,-0.007396465870735114,0.014638612105385529,-0.003278077770937027,0.018652077892417074,-0.0011589499353573118,0.008144172939982708,0.0,0.006043124510377418,-0.00957539162292459,-0.043775946468055105,-0.014488514121852814,-0.012788400890509477,-0.005608284502675143,-0.018737735695807833,-0.017414617857655468,-0.018886840117733172,0.008498475557914276,-0.006284141900539053,-0.00581224871723568,0.024599506028624207,0.038789552423103946,-0.00579665080740549,-0.0018577508236680695,0.004872488878652714,0.0009604007264876202,0.02801283619010958,5.134239802950802e-05,0.025418599575803613,5.9473236512563865e-05,0.0,0.0,0.020917734319129355,-0.013032990174563941,-0.0012253423004774389,0.0,0.0,-0.04500765619508407,-0.0004022124082725953,-0.010745743464355362,-0.004275562022960644,0.000872921359125256,0.0,0.0010597347038014404,0.014016612951093854,5.551115123125783e-17,0.012872830048667683,0.016643162672601186,0.0,0.0014733039894541666,0.0,0.01716348846389637,0.03301352995283341,0.002871877109600407,0.027844426450585325,0.0027784861297406316,0.01276445641372953,0.019905743781605145,0.030689407708403615,0.009355590458078877,0.005841468259068339,0.004370403279798096,0.014920851164322402
-0.001221998720759565,-0.002195225501918807,0.005908782494383535,0.005683416153382859,0.015939594448489636,0.007275385100668608,-0.004584230883507845,0.03139503476814309,0.04064153229398959,0.021487816579486563,-0.0010635015468957176,-0.0022797248493822697,-0.0011711054398598209,0.0012922238918434692,0.0082742636871318,0.0190220844077848,0.028937004763069374,0.025336286591852664,-0.0023664083018384297,0.021193431479691827,0.006043124510377418,0.0,0.018850155539372082,0.0030397938077812436,-0.0026152380366217254,-0.0036523607625501553,0.006383667384965819,0.0008210158550669422,0.010823151235972217,0.03509276705333603,0.004709051768213346,0.015065728361753405,-0.005500076930148923,0.011690604788503978,0.02712215958197478,0.03612119482438064,0.0025395514704921185,-0.0023116765495618252,-0.011742986186216386,-0.022947057064152843,-0.019476136281004697,-0.010478400791136155,-0.01017142528583248,-0.0009072018091118017,3.3155842964815996e-05,0.00799132237154948,-0.02585455066715009,-0.0011614475642404698,-1.6306052480152822e-05,-2.034960279639897e-05,0.009432279905622676,-0.00048651435332913717,0.009173922103589027,0.001245752493764296,-0.0018910377615015683,0.0,-0.002187604299632495,0.001971498047891984,0.0,-0.001409050796321254,-0.014443303542393482,0.00046432554388892155,-0.07829115970216566,0.0,-0.023874809684431064,0.011109021019831578,-0.010234990625610285,-0.004584538396995352,-0.0012342535995800152,-0.03135555718008881,-0.01202127895608629,-0.018173479590266994,0.009709070915411955,-0.012960331705194394,0.001394149219037799,-0.003763780815324358
-0.042099052279803595,-0.035720762704635534,0.029125211481095592,0.014766706548443365,0.009760248750693423,-0.0024713296185431277,0.012545754809936305,-0.001953763634132688,0.04586643219341768,0.019351558695338944,0.04686310463620347,0.007438187830592968,0.009308764751378373,-0.019253966678441536,0.01502200160665812,0.005117170156560769,-0.0011828292422071396,0.021035172305474636,0.015232363090439571,0.03432627048955095,-0.00957539162292459,0.018850155539372082,0.0,-0.04567066971222744,-0.016484103229408575,-0.009517449073486839,-0.00384887550168167,0.014286748360442136,0.0005203438898326862,0.02433120905205438,0.012239650255644663,0.0014173363195019717,-0.034892162135186255,0.01269867520151885,-0.0014718817260944705,-0.013243284443197945,0.002001977261046839,-0.009323437533664214,-0.007019738484218718,-0.051774706612586596,0.012444653839291553,0.011900239582216199,0.02004063766781017,-0.004067059744031654,-0.0016806088277490638,0.0032642316055020992,-0.03898477238778214,0.03865631319457957,0.0020769842973442643,0.001375413172603257,0.005197803782311827,-0.00736822847385149,0.011967400224332791,0.014233939022271436,-0.001969501846049271,0.052148916803790246,0.003233358552487242,-0.005903412045412837,-0.011807505630584081,-0.00897010569357426,0.01192464658361464,-0.00014962729888295945,0.006359305122310865,0.04286597175809281,-0.0003791271433317145,-0.011554003659502543,-0.041720902624897416,0.023262104157218466,-0.0009768088678742126,0.008666888549780538,-0.01797749651653313,0.010762211266232224,0.0084436123939996,0.005997017791982973,0.0043662461150218435,0.01419830666963795
-0.017073059800628065,0.011642979356112027,0.001470217073740232,-0.006780771610405467,0.010228145161719271,-0.0023590033900405816,0.0021853947388829065,-0.05779496433171505,0.014553174397339497,0.03425327176273901,0.01843340783628744,0.034923534488336405,-0.03389544221189805,-0.006265199571048319,-0.0003263533878968272,0.041805341604141955,0.04977183445366973,0.050793804718211266,0.002208300421736975,0.003756416274610208,-0.043775946468055105,0.0030397938077812436,-0.04567066971222744,0.0,0.046667460398853944,0.02171699813440503,0.004507547162407033,-5.8934329883408854e-05,-0.005816482885604934,-0.0002374027646084298,0.019102087324571748,0.014479815595605239,0.020067969155740606,0.010811892814071022,0.017869162780316195,-0.1105062359829444,-0.05811477651042063,0.06294263423477264,0.04638331646818078,-0.03360972718859745,-0.04849425184123923,0.01628786913729474,0.0007097324245941561,-0.0005805679665357721,-0.012514159949744363,0.08622484332452568,0.009829643923634501,0.0,-5.551115123125783e-17,0.0005910004185339379,0.0007755445011594642,0.0005891162491263313,-1.6653345369377348e-16,-0.0010051857463660996,-0.009226515147702286,-0.0007852161450455086,0.01893558046309468,0.004103998174952439,0.0,0.002992760707608677,0.01928318363468845,0.031553103196857224,0.04454693454408959,-7.202083634427758e-05,0.0015587584463099269,0.0020405042221028347,0.005185958388990053,0.0007526260068497215,0.0003339725966495233,-0.008507568548676847,0.02199642361313897,0.001519626494959625,0.004855718691155586,0.000639687316222437,0.0,0.04178235588283363
0.009693470880979937,-0.015930314358503284,0.005669578455187563,-0.0003102759858907289,0.03165438427124101,0.0005972987819053421,0.0041332286941100915,-0.026677631608991614,0.011526325208340793,0.041808937739002905,0.010469573649497688,0.039986027989446116,0.00673094920143219,0.0015618555535120149,-0.015411156329426967,0.03117542741971069,0.037048886996630614,0.04274634101903002,0.0017712954882408427,0.002155728411794011,-0.014488514121852814,-0.0026152380366217254,-0.016484103229408575,0.046667460398853944,0.0,0.02815116380224375,-0.008669804678748227,0.00451255506242304,0.0054065837474990275,0.0017841477015309026,0.03866418826047241,0.04362098505878553,0.04079263568336017,0.03487519287837332,0.0065703718857715865,-0.013574858943982915,-0.0006834917994085199,0.009080460207330887,0.009994363390611105,0.004020530914425835,0.0008161418158573741,0.009857882197213452,2.2573653534252447e-05,-5.551115123125783e-17,-0.006295767702867494,0.028459649946234733,-0.017480151595178017,5.551115123125783e-17,0.0,2.220446049250313e-16,0.005390627618831245,0.0013076962322420838,0.004259003912602477,-0.0013519719026482968,0.01389569925388695,0.0009014064338379035,0.01973487005754887,0.007388489420625699,0.0,0.007948035012381227,-0.004366359286546384,0.014201458097307273,0.010249450491298329,0.0,0.01464664929232884,0.018022047643627193,-0.01906305206108333,0.009857601190320975,0.028055622922957768,0.006538595960970062,0.02297640397117784,0.007041176108214586,0.0034779102896074776,0.020702711019640496,0.0,0.02147076136960946
-0.01004377686683311,-0.002199303568658495,0.046540616171548255,0.0011978326581159604,0.0030879966381930912,0.0058287897572509295,-0.0031335277010329232,-0.017185917110109694,0.015458890599859165,0.04719437533974785,0.01126626352983201,0.025751719889952063,-0.0005904886437281265,0.0014568519401656488,-0.025370398330648525,0.026166057460335235,0.041538412343192666,0.042405799020923285,0.0015452252953655488,0.008056250063280201,-0.012788400890509477,-0.0036523607625501553,-0.009517449073486839,0.02171699813440503,0.02815116380224375,0.0,0.00015265418490301164,-0.0035028117749534293,0.0009087124459765672,-0.0011527243278569022,0.025724874161409117,0.020576719338775362,0.020949866442792897,0.013381329964992916,0.004335449735381913,0.030979368368210636,0.00437991793158754,0.03769594722011471,0.006973466980370435,0.012435860960023581,0.005920543265020117,0.009517213996130147,0.0053849852754154215,0.00012718611161105509,0.003534308246088691,0.036971851204131656,-0.010284998933157985,-0.0004374690877485543,0.0,1.1720940768122912e-05,0.014963474906805663,-0.0005759477279048686,0.00016695954465340002,0.002684447545951041,0.028759354384438662,0.0,0.02951568917228503,0.006823094060840751,0.0,-0.02938446332492134,0.002716145677559678,0.0013104451801866368,0.022415095992345535,0.0,-0.03645987052224953,0.010681917548045428,-0.0036495912936772568,-0.03468264995466902,0.05572836433960204,0.014458342610855823,0.019007086777913185,-0.02904055025883573,0.012284285648192506,-0.0027556573933377737,0.0011666771209448146,0.026555080575841883
