0.0,0.6254697957746186,0.3191779219910871,0.0,0.43299280574048715,0.309562292306531,0.6810823243770012,0.42343471104735064,0.41459342024764656,0.2778597467548189,0.40930976825882087,0.362592932336549,0.7301246927681115,0.4558814483391343,0.4413451144596319,0.5589791755360468,0.14912371244201073,0.3183248770631685,0.0,0.36238182883550496,0.43651438494296424,0.5479628658081019,0.40252779858889637,0.3257927702805681,0.4646393596052943,0.5673181632374774,0.25317360873860295,0.5810013969467938,0.42343352576802656,0.6147838823209031,0.29538947409151195,0.4533645103125814,0.34798588489191457,0.33444321157816453,0.4884783226738016,0.6066320918069423,0.48041443471442047,0.3134960583755583,0.5375364574562961,0.549333066148872,0.5167742345319154,0.6872895060024931,0.4575386035368457,0.0,0.401695321668824,0.5137954310835751,0.5846328592128505,0.0,0.0,0.0,0.4248076421207857,0.0,0.5252039831259026,0.0,0.43449910898671307,0.0,0.47517821542513566,0.6722742571561716,0.0,0.6832692990746623,0.5540681323724274,0.2403198061364827,0.3194285666843452,0.0,0.40502013674230786,0.9280545892764465,0.7000422879254289,0.36371734706941794,0.3853207409782362,0.381983962987968,0.6134199866445251,0.44114966253819715,0.40856006054750466,0.41585448821551635,0.0,0.443417260287455
0.6254697957746186,0.0,0.4782460168635979,0.3429979594573601,0.4555408389241663,0.3357054971686344,0.5593679827281248,0.6190717681809816,0.4510904346394293,0.35907759403686135,0.3187528161644965,0.44292672939325084,0.5416406057966532,0.5357590472783638,0.39616607644523893,0.6429061994804487,0.23542841512219864,0.4400984268808228,0.6310623928059862,0.337049108767256,0.5592613008033251,0.6119853713154588,0.43372567307936993,0.3424604323041826,0.6809862960076611,0.353781130658392,0.338028895043081,0.4465532118821256,0.2617803307352077,0.41312619744545387,0.5611856345580839,0.4563785606438485,0.4225493328722933,0.5310446793617318,0.6093029067087243,0.40699380515998484,0.2618147194437861,0.0,0.475257944119917,0.5431956488296994,0.4038752768879651,0.6195378212244609,0.6368579785991626,0.0,0.0,0.6200259902276688,0.49786146692963573,0.059694019813174806,0.0,0.0,0.4697827232656152,0.6154925389653498,0.5541203553410943,0.5514081950892856,0.5863704826564284,0.0,0.42201959827100066,0.6059850934072668,0.0,0.31793773258139024,0.5740588348287727,0.5650724752136521,0.35013853291205776,0.0,0.49384085638130365,0.716907562280365,0.49624210234722815,0.3533240415525864,0.3669861096897053,0.43543649503541326,0.5148604665411016,0.4896838212545137,0.5939121719689123,0.4786464031680399,0.0,0.523542807354407
0.3191779219910871,0.4782460168635979,0.0,0.4377634084306402,0.38965512703375993,0.49106915461682543,0.48583729938305587,0.4693196647324632,0.3615505184042281,0.44301543893770023,0.23748764164855202,0.7644615999727054,0.5193399133779766,0.3190011831831715,0.3083382279701723,0.3880647694238857,0.6477946659113014,0.4930961967761417,0.27955779783367796,0.3787478356612756,0.355483780420025,0.46130529297200923,0.30450536043393506,0.39764574192626545,0.44013183721115845,0.36838977867058986,0.4110900666541025,0.5408868424678935,0.488962827842019,0.5515857967006713,0.5517720734924734,0.4797575350302331,0.4322009465404656,0.5035278346350017,0.546045198554094,0.4091441037219533,0.25729438450701614,0.2811614776285457,0.5790300057139242,0.4779317778935781,0.40397364826789817,0.5737495312815909,0.6278935735194887,0.6135630175612758,0.0,0.0,0.2068815133349537,0.3880799046667834,0.47921353451069737,0.6188270198332647,0.5415974422674181,0.62475277154763,0.5901001102311229,0.6861700839240581,0.40561126503473277,0.6277494462432207,0.45936884564004443,0.6584119597807638,0.44036511332327605,0.24166114590909088,0.0,0.0,0.0,0.7061534983148161,0.6083128091355763,0.4619832875912347,0.09242984153363953,0.6217760974323572,0.0,0.6195701594382778,0.3252784610644522,0.6076964270730417,0.45564397891095343,0.41305319556582676,0.706781534591987,0.329708309500217
0.0,0.3429979594573601,0.4377634084306402,0.0,0.1427590861837103,0.4856896439089,0.3656817162434285,0.38132102882507213,0.4831399554038496,0.028460328419069092,0.47855428565231317,0.18302254309301777,0.31650421140347,0.2539494763981739,0.5070756434382825,0.06825362971904876,0.5587562616748224,0.46066212227663084,0.3337907851259437,0.5434538069821901,0.3766718064279744,0.6516265114991372,0.44356190439778975,0.0616245186963314,0.8649434812370614,0.5588459802408765,0.5627324743039325,0.22117560369294084,0.37134165002398667,0.5275507320052628,0.516921599543679,0.34891850060194635,0.06701286857163004,0.15178191812233163,0.2870156758004757,0.21580287492469974,0.030005561065471364,0.3502736563844618,0.13579328894595366,0.29081783143498785,0.39316243060236566,0.2750973140583878,0.2598086718175341,0.2261920657363376,0.0,0.0,0.0,0.3955265126726345,0.0,0.0,0.5623770410074604,0.0,0.4586277273500706,-0.01997653476975481,0.0,0.19972961999594505,0.47031244901330466,0.4491571911914415,0.0,0.0,0.0,0.0,0.0,0.0,0.0,0.0,0.46065414582840736,0.5540110370324886,0.0,0.0,0.0,0.4976215881359626,0.5283343035955723,0.5584691700854603,0.0,0.0
0.43299280574048715,0.4555408389241663,0.38965512703375993,0.1427590861837103,0.0,0.42705649840788584,0.3272818495058013,0.42160160937086516,0.29094196714857534,0.550523657073483,0.4100729745729785,0.5214299012340815,0.5613391476606061,0.17100318087631539,0.4446248161387719,0.6501022963186502,0.5039431545833317,0.31323213504912917,0.28404838113696756,0.5492116576464273,0.4878581832752449,0.6125248501596263,0.4180794720978209,0.4715905633663555,0.36714136312472256,0.5540951706803494,0.5586474530264205,0.4991737304998194,0.5625726528765408,0.41574158485639245,0.5042465391557917,0.422981458312646,0.25693066018033506,0.4790347348915652,0.4487508854962867,0.401678647516371,0.39834360080847175,0.2561249937660714,0.5963409033817639,0.6879947744141566,0.5494518612520214,0.43198408413740114,0.4636190921731839,0.6759953993100656,0.25264580394409775,0.0,0.4002831233690854,0.5511663938713889,0.0,0.5807210643437175,0.5707573904621493,0.5788514424894786,0.46960089584921677,0.5106231931006782,0.0,0.4890936465885313,0.3438319162884596,0.6799898066922718,0.4710795355122693,0.25556386642080653,0.44526880434647165,0.0,0.0,1.0431815947054504,0.3809895124938418,0.48713584018128453,0.33878643536800157,0.4495222193758979,0.0,0.4810305327976331,0.5936348799872178,0.6161162381780959,0.5736656353372864,0.4254042000277119,0.0,0.5110281563783297
0.309562292306531,0.3357054971686344,0.49106915461682543,0.4856896439089,0.42705649840788584,0.0,0.5087938020559049,0.2227710184091602,0.3456777388711907,0.48554374852100407,0.3691166201900492,0.8056146549298011,0.4670431205792296,0.22722296278656418,0.3098306766634141,0.4695788745088522,0.4281371711795069,0.3893994417900807,0.5129145750056637,0.20428691205153082,0.3660743106100914,0.3527267497569038,0.293381396627438,0.2968383306394283,0.5099484061610764,0.5449238000772658,0.30320275809761016,0.4142784921910198,0.3161026896071192,0.534996271688827,0.5964484396849683,0.4048476672578256,0.45647032743066407,0.5707223153910697,0.6296846717886722,0.41802120429030215,0.49900691037275696,0.514329837387465,0.38026584011791087,0.2735924025748697,0.5074468352743446,0.3975118326538989,0.6163817807312624,0.5247366213774266,0.20634494420711863,0.7024294983908119,0.4538235279897882,0.4696401878607824,0.5490051040514544,0.3837752301691354,0.32849651273704383,0.5318026581795894,0.42779205578772517,0.5116363560915365,0.6822924856862211,0.31018754820247396,0.30324708069731954,0.49502721937765376,0.5403408005694599,0.15172685920969198,0.526013578801205,0.0,0.48997338576180316,0.5135731779946833,0.34071451691742405,0.2227145593208511,0.1897289698008385,0.28089476187796436,0.5946869469178535,0.442637633151982,0.2506324970633108,0.3262055249161304,0.3135488857894275,0.2736079471545281,0.37202099772428876,0.3128342022945749
0.6810823243770012,0.5593679827281248,0.48583729938305587,0.3656817162434285,0.3272818495058013,0.5087938020559049,0.0,0.4298191766670004,0.35926924915236735,0.5572895704999006,0.4750949780569998,0.5715136471946873,0.5722849944982793,0.18015476159369362,0.5137043040010068,0.5916274314879815,0.5568152000662887,0.5018122841792523,0.4602925384683398,0.5179135549707266,0.3884575143442309,0.608711095108196,0.3996763651893044,0.40791664150000234,0.6384037629997452,0.6440657902517131,0.438180324723717,0.8233482824330212,0.5545523635551158,0.5745204095838562,0.6156726427060963,0.5971753845540114,0.681582809944093,0.5396702638365518,0.6036113241940874,0.6808493068762517,0.5324827253725736,0.6885610116503409,0.612569864930661,0.3992778823845593,0.6039916054013614,0.5610742064244048,0.6014224017060004,0.7991541322156107,0.3166101345021647,0.0,0.5682525103012204,0.473108993368062,0.0,0.5353767880384298,0.4743776527542647,0.5330839632574773,0.5488692850633909,0.7603115986414846,0.5489279538780416,0.5372142795043096,0.4540717551477076,0.448206339610903,0.4270498345204512,0.3336425375675153,0.5533851801521106,0.0,0.5435929438745559,0.06351450400069264,0.5767823576016378,0.5127683392758299,0.6159932074414545,0.4294897018776964,0.47751921866968916,0.6117599617133634,0.4951190323041478,0.3094879123417148,0.5184057935708611,0.3568810956283962,0.7319611875836687,0.48137880443160136
0.42343471104735064,0.6190717681809816,0.4693196647324632,0.38132102882507213,0.42160160937086516,0.2227710184091602,0.4298191766670004,0.0,0.3814451370977755,0.33867882488063783,0.25667377516396184,0.5786934756084127,0.4248765792277226,0.6185997391803403,0.24447191538940424,0.6134721077653329,0.41296727193660354,0.459924549867905,0.28195971622244476,0.21678999671034152,0.35421960401766356,0.43295556927290296,0.281741598290125,0.28129817867742546,0.5212941182634627,0.46583723038670777,0.21878142808896717,0.3162244760331463,0.14562968500030316,0.31562519128668887,0.43054263744442783,0.5141561374397987,0.539366530299731,0.404548201513646,0.3878816513400815,0.5448357971621782,0.38513932327068223,0.5471229992379338,0.7991078303866979,0.4233108791627743,0.32571673693148573,0.4721361552533815,0.5560689476165298,0.4215784849250964,0.0,0.5387804327771002,0.2946939265465742,0.7162231349210989,0.0,0.7584326230495795,0.5307605079545396,0.7036591269575565,0.8618600913482717,0.6508545449798713,0.8179670486281441,0.5335600588090069,0.9022076198737597,0.6047455663346089,0.5758243279275533,0.3248993787446203,0.33382162141829236,0.0,0.6111596357992741,0.8253459483117415,0.513360276530406,0.6377143938748584,0.39391404573764555,0.656322938309031,0.0,0.44626467816875137,0.3078402301400082,0.6974658944559052,0.5228321469257222,0.502232413442598,0.48224350078908496,0.34203637623452054
0.41459342024764656,0.4510904346394293,0.3615505184042281,0.4831399554038496,0.29094196714857534,0.3456777388711907,0.35926924915236735,0.3814451370977755,0.0,0.4922226090578944,0.2283857038371298,0.4782706825758077,0.4004064621953485,0.3909503992965081,0.6180777707282334,0.7395912546868024,0.4076749441311357,0.5185527195484356,0.13335435315522107,0.6176592383614508,0.35632218335471466,0.6944739478162285,0.38787161597320335,0.36748881876198525,0.8137805006798731,0.7677746314970391,0.5803583259447295,0.49662380696854497,0.41670922988774983,0.5271311161939076,0.5551169807432976,0.5085618659765321,0.5475839372742377,0.529420058884204,0.532224968624522,0.45202042695032263,0.46654648047505265,0.4302745453155252,0.47889876807383586,0.4874329664040935,0.4976771070601417,0.46084544790226556,0.4622487990821429,0.45244843660872014,0.2847036166537623,0.0,0.5044015356673799,0.6090908591393764,0.47930811507299365,0.6099520982421418,0.554497029423859,0.5668045133576111,0.5231222216521687,0.7082958537789288,0.22028514293337334,0.464689333291395,0.4124525997850408,0.7281970160701476,0.4197151906728403,0.4222103180593843,0.6381742685165325,0.0,0.0,0.5772984554726263,0.5839376907678462,0.7190266807721419,0.5464404341456465,0.5466300905018309,0.33165602860249505,0.5291165537151994,0.2558181440761065,0.5301254135420761,0.463760882951168,0.5282559268614724,0.5168425570051156,0.5720376341269892
0.2778597467548189,0.35907759403686135,0.44301543893770023,0.028460328419069092,0.550523657073483,0.48554374852100407,0.5572895704999006,0.33867882488063783,0.4922226090578944,0.0,0.47031529295632046,0.525654555942742,0.6066060049739088,0.7722516933350605,0.43055080483809915,0.25883953570401064,0.7686216136386028,0.43088742677932623,0.35243378630899713,0.37463722438504343,0.6095112120917214,0.36453772870698387,0.3095999830383203,0.31219481499652735,0.6139380267452137,0.4175063843768329,0.3720919898085735,0.7204242369366594,0.3225948745007218,0.35263079307813194,0.5989527286326233,0.4460143501308601,0.3518620824018045,0.557037402462293,0.6283075049991906,0.39553424457605374,0.25434885361563997,0.4586143864341562,0.503555377993979,0.2000796461655867,0.3143015964712348,0.2678769885805521,0.28675437059690395,0.31042999196519144,0.23265910370919926,0.48216761935432983,0.5229663297000898,0.17046536732134177,0.4960383437439952,0.4082766037085592,0.4667337642437107,0.3968469207779515,0.5649980782945352,0.1908152523977421,0.2514628060329698,0.4840761221318033,0.2625561209009942,0.18242132285753843,0.0,0.8978136424940333,0.5608410213050483,0.11960644284656319,0.19361796058049063,0.46126295159962216,0.46151823945392817,0.53777784212758,0.32287997996433077,0.5598021949899448,0.1377443290442966,0.33936073525478533,0.3274579031186311,0.6000938959605425,0.2592477465830546,0.3921007104799973,0.0,0.23973014667856357
0.40930976825882087,0.3187528161644965,0.23748764164855202,0.47855428565231317,0.4100729745729785,0.3691166201900492,0.4750949780569998,0.25667377516396184,0.2283857038371298,0.47031529295632046,0.0,0.3531939514191925,0.43722666475014155,0.35436140498341306,0.0,0.5174588417558297,0.4605621802411683,0.5246080109987622,0.11662571802817459,0.4428288205181362,0.49616037168117777,0.3966709642846776,0.2090448272692055,0.5104803239646607,0.5137252245715325,0.49793227633100623,0.4007650093926134,0.39645564679647405,0.35150697029905187,0.5016127276582205,0.39630888676979303,0.3569271855350176,0.3617087775524416,0.45786904353991237,0.3955782356383375,0.3018459301246345,0.5305422001680202,0.3836843723330096,0.5477140874841799,0.5297067235231303,0.5119118821695521,0.5005459723917505,0.5171694965886141,0.5470042344741844,0.1979005711627762,0.0,0.0,0.6762942080316188,0.46147996309969713,0.4564312271325551,0.5479827129794437,0.44796122768070157,0.5269823933022871,0.7389091554004142,0.5082233406103961,0.030866893310005694,0.4156639104048509,0.4065677349433977,0.11787922290476108,0.0,0.0,0.0,0.0,0.12111368841049813,0.35878814556902183,0.0,0.66009463183985,0.5446507026731666,0.0,0.0,0.9104901238535565,0.7105714612317342,0.42151029482400293,0.3455033319409807,0.0,0.5311732694650355
0.362592932336549,0.44292672939325084,0.7644615999727054,0.18302254309301777,0.5214299012340815,0.8056146549298011,0.5715136471946873,0.5786934756084127,0.4782706825758077,0.525654555942742,0.3531939514191925,0.0,0.70709435290285,0.6167831093383187,0.4168613141672632,0.18620896285190308,0.6469254393498001,0.6251479703809262,0.3086285197576757,0.5385441395760534,0.5189632439461256,0.4200637403192903,0.26348218386706634,0.34302162832553895,0.5105376131655102,0.4507349483500649,0.8319365600293621,0.43730625351965735,0.627625965621616,0.2971890469889951,0.5387034801689721,0.607353627158302,0.5968083051680257,0.6844330417449586,0.9677582419370601,0.3994326768983727,0.38675801500279383,0.46656637324086225,0.37495936612435155,0.41434514744889883,0.5446683081014464,0.288657423314965,0.3653992504301785,0.41863114161835513,0.44493952458031705,0.33437626334055587,0.5856977940062215,0.2567955718644308,0.19655767687767234,0.2596053739235824,0.33043117925072985,0.49412315781711613,0.21620317002290243,0.3906734047112272,0.36848012940213903,0.24485431493132243,0.4511873519438776,0.34782085357953957,0.6651331984005235,0.6134980402171939,0.5348564886326672,0.2502260836553577,0.3294233748275597,0.3246186648894882,0.7173587166154423,0.7630299327294188,0.3813650768522853,0.5770143161550167,0.2626625999477066,0.4581654559424716,0.41577478821830804,0.38949686956614504,0.5286440921361918,0.5194618863191244,0.0,0.34637528597345435
0.7301246927681115,0.5416406057966532,0.5193399133779766,0.31650421140347,0.5613391476606061,0.4670431205792296,0.5722849944982793,0.4248765792277226,0.4004064621953485,0.6066060049739088,0.43722666475014155,0.70709435290285,0.0,0.2710936250251561,0.4905147629123202,0.6094667718492004,0.5112922136189944,0.5292990024069022,0.448084025790927,0.4970281365966503,0.42234242411681605,0.5750445111297884,0.4467084457420426,0.39711345816279386,0.6624808854138955,0.7107689691772858,0.49701173521362196,0.5098764385893781,0.5289495924268002,0.6958732298474433,0.5064459873573013,0.5423529889874674,0.6500453509023424,0.4764984901153735,0.5055448278206067,0.4251927590355678,0.33943153766240575,0.4978267064681947,0.6433836283964149,0.5497113751486165,0.5480256892459973,0.5740142942073148,0.5656107178443237,0.40480090594961904,0.370729515649366,0.5848719499796049,0.6369797619693109,0.5933138239024628,0.0,0.6607108911128483,0.5019160531250207,0.48732431337426146,0.5303073222179132,1.0035542948319243,0.4945887200565242,0.4182575151218181,0.6259554362972062,0.5442762395389621,0.46589467290807374,0.41909338437989974,0.5047548590333881,0.37714754665188044,0.522922399849415,0.5352624226992355,0.4013790446907017,1.14010462920869,0.523852308796324,0.43419189563253524,0.4618300692850726,0.44362701122650605,0.4428198003060799,0.42391911448878977,0.5017899556602781,0.4121014084558358,0.5001775210020454,0.48435471339991487
0.4558814483391343,0.5357590472783638,0.3190011831831715,0.2539494763981739,0.17100318087631539,0.22722296278656418,0.18015476159369362,0.6185997391803403,0.3909503992965081,0.7722516933350605,0.35436140498341306,0.6167831093383187,0.2710936250251561,0.0,0.49638030923353044,0.5525448105801365,0.44720002799952996,0.5029386625406135,0.23214473511157724,0.3804545971116104,0.44238794340845544,0.24883758318507415,0.314206406598273,0.6158869274113036,0.5110473781661392,0.4342177734484669,0.2680221611938302,0.3539369281108804,0.34187710386002546,0.7867875336204075,0.5500470772235372,0.2961501396950179,0.23253322055730496,0.13810172543942084,-0.029041607395894703,0.26673126036887645,0.09332458636365984,0.41032758209870085,0.7009613590554955,0.0,0.68301908023173,0.8256314576962214,0.6224951225679145,0.4783535449275263,0.0,0.0,0.0,0.6327257090019273,0.0,-0.01215266522066527,0.44486237147701047,0.4533765912106613,0.5619672472844562,0.4592992860557211,0.0,0.4916463655760659,0.37150882402509333,0.6919647019307009,0.4123511432099858,0.0,0.0,0.0,0.0,1.036334018450496,0.0,0.0,0.0,0.5966798965030362,0.0,0.0,0.0,0.45488491363556227,0.7477061805035536,0.0,0.0,0.0
0.4413451144596319,0.39616607644523893,0.3083382279701723,0.5070756434382825,0.4446248161387719,0.3098306766634141,0.5137043040010068,0.24447191538940424,0.6180777707282334,0.43055080483809915,0.0,0.4168613141672632,0.4905147629123202,0.49638030923353044,0.0,0.5616635162454425,0.3173892304527573,0.47439711101867255,0.0,0.46910640750982,0.38136880601805895,0.42251888988809433,0.17062517061802773,0.29518168133177924,0.6121452566871481,0.5826614128196337,0.14506166063725695,0.3657982531000308,0.2454350943088324,0.4564447106376194,0.5485566405317941,0.354800453852357,0.2165298160698899,0.44438061173945964,0.4680039120947177,0.4855065962186971,0.35935874487353053,0.37154817962765274,0.29044625391419915,0.26750079217183226,0.4250985941449492,0.3155619710142203,0.745859971163937,0.5587312090826355,0.0,0.5244346915270612,0.5246053570028087,0.4532412236444102,0.0,0.0,0.3732785085423715,0.7055695291426151,0.49999257629488886,0.5589147435283247,0.0,0.0,0.687046388643408,0.6938886504019286,0.46603863269766044,0.3868631657869845,0.5150376766774145,0.6277035435435148,0.6899822818741137,0.0,0.5490117665688236,0.48282339950317027,0.49011604030491135,0.610294419579682,0.4354241176248007,0.505582062894177,0.3784113708618583,0.43392497012084774,0.45554000739924116,0.51036171483254,0.4756780757993402,0.4011107323027017
0.5589791755360468,0.6429061994804487,0.3880647694238857,0.06825362971904876,0.6501022963186502,0.4695788745088522,0.5916274314879815,0.6134721077653329,0.7395912546868024,0.25883953570401064,0.5174588417558297,0.18620896285190308,0.6094667718492004,0.5525448105801365,0.5616635162454425,0.0,0.35563024527101555,0.8124456077313525,0.44035305884115417,0.29699923024601277,0.6115119965944127,0.5958619090437032,0.5242689735443353,0.4218259519484612,0.5756947958931674,0.5388068062536007,0.4928287612562569,0.49694595166817407,0.37291469155944645,0.48050462531513216,0.3362594465413218,0.304624380425343,0.30412356875976126,0.15442588586718864,0.5122768754309164,0.6640783091221881,0.38688494672021645,0.5871614878527002,0.5216184883692263,0.4151181556358952,0.32776395300158756,0.4957242401736569,0.4659491732426576,0.0,0.0,0.4112199402226536,0.5415674162880226,0.0,0.0,0.0,0.498371665924771,0.5836752715288196,0.8494479257537947,0.0,0.14226410423152447,0.0,-0.21322397586071318,0.5455908246981523,0.0,0.4726557061910116,0.546962365157686,0.014532504553415593,0.45132850957006243,0.0,0.4903301950669896,0.5319291991742642,0.519870621121829,0.5018646183588954,0.18861534048873294,0.43546282152334936,0.5094280745265019,0.4945912066714442,0.5273136334533519,0.5879625667493208,0.0,0.3949031410055757
0.14912371244201073,0.23542841512219864,0.6477946659113014,0.5587562616748224,0.5039431545833317,0.4281371711795069,0.5568152000662887,0.41296727193660354,0.4076749441311357,0.7686216136386028,0.4605621802411683,0.6469254393498001,0.5112922136189944,0.44720002799952996,0.3173892304527573,0.35563024527101555,0.0,0.7436133550713538,0.7167635123260611,0.3427888093790163,0.6804560811183121,0.5460900423413446,0.5011278937425374,0.37900755913898776,0.6283278261336886,0.4595950748997213,0.5203191345589491,0.7469269871799861,0.2800098338063032,0.44683923670076586,0.479764657418662,0.33134456353351427,0.31364311017468,0.34762469018100894,0.4054397769935117,0.47431038919244656,0.2381350218553732,0.4832721220033471,0.5344957252614714,0.3280480937466582,0.22561913275908693,0.5778231772936206,0.0,0.0,0.5203497985340135,0.5460016756149509,0.6114470379398005,0.0,0.0,0.0,0.0,0.0,0.0,0.0,0.18975768152219102,0.0,0.15950327103597994,0.28390879802646174,0.0,0.7221529277160295,0.2851856683581116,0.22371793253669964,0.3726308017644917,0.0,0.0,0.0,0.5750944965501256,0.0,0.3520082374424644,0.44810728243862435,0.402459205551194,0.0,0.2870617849620519,0.47596319757363514,0.0,0.07610136631964093
0.3183248770631685,0.4400984268808228,0.4930961967761417,0.46066212227663084,0.31323213504912917,0.3893994417900807,0.5018122841792523,0.459924549867905,0.5185527195484356,0.43088742677932623,0.5246080109987622,0.6251479703809262,0.5292990024069022,0.5029386625406135,0.47439711101867255,0.8124456077313525,0.7436133550713538,0.0,0.46907211627451506,0.3586489970954826,0.761521998931683,0.38816092259261203,0.5567176053307243,0.3905559150257677,0.6748806634624436,0.3862377889253471,0.4980686982740665,0.4219565794878938,0.32930360636402817,0.3731945319592154,0.37294168162206426,0.2671835020706677,0.2934191183875362,0.25318016122472947,0.31331830489013407,0.5495123582915662,0.26193821888324664,0.40438185907617685,0.5065296991894723,0.479169120383133,0.3903429029692879,0.5171711578635021,0.0,0.0,0.5717465603337518,0.4123993946152905,0.5125937722168943,0.0,0.0,0.0,0.48809368950621057,0.5734748440335973,0.8721773382236813,0.0,0.44406089619890743,0.0,0.2250336347446551,0.539761918865799,0.0,0.5432051309098225,0.47745676249993463,0.48830100293061307,0.49541476227519277,0.0,0.43779060269807507,0.548189270966355,0.5363360632656773,0.6873507048768659,0.3534249251094479,0.469045392486583,0.538887068701668,0.423981448694399,0.6457254064522805,0.37660882907618654,0.0,0.5446001988531477
0.0,0.6310623928059862,0.27955779783367796,0.3337907851259437,0.28404838113696756,0.5129145750056637,0.4602925384683398,0.28195971622244476,0.13335435315522107,0.35243378630899713,0.11662571802817459,0.3086285197576757,0.448084025790927,0.23214473511157724,0.0,0.44035305884115417,0.7167635123260611,0.46907211627451506,0.0,0.5422738620243391,0.4514058303221925,0.6983846846153708,0.25021624970860834,0.43987726121237447,0.49932732542771596,0.5170867017897303,0.5448611918166459,0.4679624952137938,0.5457116988856343,0.5706155053626413,0.43717864817981045,0.4401579953690007,0.43356109367814566,0.4381017718157086,0.3584019979550144,0.4074420411362937,0.35191660888906695,0.47624307744140615,0.6397622958749924,0.37492684978539137,0.43104272925165676,0.25441701444114984,0.5893596249964944,0.37381463949487836,0.3988990899622116,0.0,0.0,0.6845130622222215,0.0,0.44081692168681863,0.4798369753348969,0.6241485186696574,0.43977081687830083,0.6525936189608044,0.8891127237471914,0.6085778915456947,0.5253127719140742,0.4218431589364433,0.3860652750261466,0.0,0.0,0.0,0.0,0.728440961202742,0.4689991893021129,0.0,0.4896692558439487,0.46165350795565996,0.0,0.0,0.0,0.6031984084367992,0.4818551910829991,0.4193680674423453,0.4889634841606967,0.5118263890153621
0.36238182883550496,0.337049108767256,0.3787478356612756,0.5434538069821901,0.5492116576464273,0.20428691205153082,0.5179135549707266,0.21678999671034152,0.6176592383614508,0.37463722438504343,0.4428288205181362,0.5385441395760534,0.4970281365966503,0.3804545971116104,0.46910640750982,0.29699923024601277,0.3427888093790163,0.3586489970954826,0.5422738620243391,0.0,0.3291090144023746,0.39040510011314156,0.5643200056029317,-0.3054764041954804,0.599646548356652,0.3980059438817614,0.3656062145943687,0.4997477962508311,0.39460217162812194,0.6641408138528906,0.48672198641057673,0.4337146646805349,0.3651887358575026,0.400088022887802,0.5498813396016891,0.5564530149993797,0.41753677609003076,0.7817768686669634,0.45528755536706633,0.10727612824265187,0.43009127590819596,0.3991524768024855,0.48692850337736576,0.3022549484579911,0.2204808155487216,0.46426841208412933,0.40225856422586126,0.47072051169347295,0.0,0.0,0.3747250781543384,0.5824149340730391,0.5339705919656317,0.3980494963116189,0.9266008058001557,0.0,0.546141303895,0.4761312474159858,0.0,0.42194649370788034,0.5011738660953666,0.4616641617258401,0.5272640087561712,0.0,0.43357873869475627,0.39639829085711664,0.4468492188529414,0.38304821784181603,0.0,0.4594811586231261,0.3552526347144948,0.2953990864890538,0.31707125680256737,0.3892284045464408,0.3900103807245543,0.43059149211352243
0.43651438494296424,0.5592613008033251,0.355483780420025,0.3766718064279744,0.4878581832752449,0.3660743106100914,0.3884575143442309,0.35421960401766356,0.35632218335471466,0.6095112120917214,0.49616037168117777,0.5189632439461256,0.42234242411681605,0.44238794340845544,0.38136880601805895,0.6115119965944127,0.6804560811183121,0.761521998931683,0.4514058303221925,0.3291090144023746,0.0,0.29296806820943155,0.37206453445369125,0.3649647556166348,0.6555697307336881,0.6577684860575901,0.24823337624766603,0.3188348050343418,0.23771760739029707,0.3751129267547037,0.5537328938728937,0.24925461712276867,0.25254693937875883,0.42983630215074653,0.541424892838739,0.4824824857841722,0.3170231261397989,0.4928976156377622,0.5480013555242311,0.7052129598608443,0.5104678950953331,0.5344084966637964,0.5719983848230212,0.0,0.0,0.7504314016693292,0.6884237957765686,0.6269655495638472,0.0,0.0,0.5153655686128802,0.4059401859085232,0.8108833970152881,0.5339134450058516,0.5492185120320687,0.0,0.7301231231971776,1.0365254135610722,0.0,0.5918209975482289,0.6074616146043768,0.0,0.48999935190614563,0.0,0.5615324601664632,0.893721421102347,0.5685182778311608,0.5304472438793247,0.74504873799965,0.4265312080206307,0.8008378817426517,0.5079136584024968,0.6042807735681764,0.6225605342174642,0.34853440556298554,0.4396408661432635
0.5479628658081019,0.6119853713154588,0.46130529297200923,0.6516265114991372,0.6125248501596263,0.3527267497569038,0.608711095108196,0.43295556927290296,0.6944739478162285,0.36453772870698387,0.3966709642846776,0.4200637403192903,0.5750445111297884,0.24883758318507415,0.42251888988809433,0.5958619090437032,0.5460900423413446,0.38816092259261203,0.6983846846153708,0.39040510011314156,0.29296806820943155,0.0,0.27704039752795817,0.5799540191482977,0.8642676390871443,0.5538318561806269,0.1746491113187484,0.5896028376655309,0.325401729083652,0.5652028343198587,0.6209621333715887,0.5081745832585381,0.22462840047883725,0.5027354126095092,0.6253860541638151,0.4876165196149314,0.7992865944977428,0.5301167403228457,0.35193914637677987,0.2741315252258639,0.3596854854563569,0.4282892953283888,0.47591125169149895,0.35269397472009034,0.2411231394006758,0.5592937801473166,0.49118033833620856,0.5691412358614372,0.472773439244889,0.2423998054937582,0.5219006444243989,0.6914759579057934,0.47340488964847083,0.6180964711246966,0.4456050807460101,0.0,0.517395752465134,0.5738993973664723,0.0,0.45062468672012335,0.5632113095844109,0.3916081341580707,0.15583882757616632,0.0,0.3764895567075273,0.4816193820390312,0.34575795993502717,0.42721783266664143,0.7077331705858265,0.2156844145929257,0.4380884788804318,0.3719059162208532,0.6233452953286398,0.504329574557563,0.5600815817122529,0.46828245746110203
0.40252779858889637,0.43372567307936993,0.30450536043393506,0.44356190439778975,0.4180794720978209,0.293381396627438,0.3996763651893044,0.281741598290125,0.38787161597320335,0.3095999830383203,0.2090448272692055,0.26348218386706634,0.4467084457420426,0.314206406598273,0.17062517061802773,0.5242689735443353,0.5011278937425374,0.5567176053307243,0.25021624970860834,0.5643200056029317,0.37206453445369125,0.27704039752795817,0.0,0.30724383255689863,0.5319482581445041,0.3298066413755958,0.39182934867224606,0.32211847089080947,0.16933616688069142,0.3088773924433677,0.4378131454302001,0.3214694688177766,0.38544262234351545,0.41023259591745914,0.44930648797255496,0.26497097070329206,0.3595819547043215,0.10692695631816748,0.390826500689738,0.14352088550784511,0.34031794597241793,0.3259157547546072,0.5960820584191042,0.5134060770657016,0.5904472457434828,0.42263973938440136,0.4774628499142457,0.6921643875351121,0.423512058779545,0.49460101110516086,0.2654131849432305,0.4825709802774479,0.6304620857050118,0.6290147101896733,0.5670274973737877,0.5850466992709054,0.4295133710503207,0.3898589403101641,0.5908212714379745,0.3814377781057409,0.5178432768825088,0.4615182394539288,0.49173239568089333,0.6702602232206494,0.4211344319850892,0.40900262674699195,0.34366364211150896,0.5487272112309548,0.21791046973764774,0.512662298706695,0.3865017967299547,0.3429233441814308,0.32871472919381717,0.33649061971543315,0.35473834658890857,0.322519696909205
0.3257927702805681,0.3424604323041826,0.39764574192626545,0.0616245186963314,0.4715905633663555,0.2968383306394283,0.40791664150000234,0.28129817867742546,0.36748881876198525,0.31219481499652735,0.5104803239646607,0.34302162832553895,0.39711345816279386,0.6158869274113036,0.29518168133177924,0.4218259519484612,0.37900755913898776,0.3905559150257677,0.43987726121237447,-0.3054764041954804,0.3649647556166348,0.5799540191482977,0.30724383255689863,0.0,0.4342542131131029,0.41231085394795874,0.23379403185522046,0.5518512359069361,0.6185412930501384,0.8069602838932473,0.44907306576333356,0.7941251592107206,0.700264104203502,0.4362256169225094,0.6665942254109072,0.411391404346946,0.35991785603696297,0.3871727091491882,0.7285549151587186,0.6620533649908373,0.594520673383593,0.6004899961821137,0.5475686228854847,0.38772637632147866,0.3031664621497006,0.23906181752953945,0.4654011937644312,0.0,0.0,0.4455366377572134,0.5550136338834608,0.26260051515133975,0.0,0.05998163249515881,0.3664562819394515,0.5671519212300011,0.44041592261356827,0.3889524126036319,0.0,0.17748041704342277,0.3048992401235574,0.29040838950373615,0.2748851720412976,0.4993602432119127,0.30243433298011785,0.3825532564687859,0.12389809544204823,0.8396626368811722,0.36131946481321764,0.35520326121188284,0.4456567220071673,0.5179704036193686,0.5800792067467168,0.6064931439991939,0.0,0.43846083476498043
0.4646393596052943,0.6809862960076611,0.44013183721115845,0.8649434812370614,0.36714136312472256,0.5099484061610764,0.6384037629997452,0.5212941182634627,0.8137805006798731,0.6139380267452137,0.5137252245715325,0.5105376131655102,0.6624808854138955,0.5110473781661392,0.6121452566871481,0.5756947958931674,0.6283278261336886,0.6748806634624436,0.49932732542771596,0.599646548356652,0.6555697307336881,0.8642676390871443,0.5319482581445041,0.4342542131131029,0.0,0.3362646660493368,0.5519935982730403,0.4257533962497128,0.38257939302909744,0.3630910522818668,0.2705876306825633,0.22646218178926636,0.30984388325578155,0.13417694535548808,0.2855777605975265,0.39784313834688173,0.5982077575539125,0.351314626567763,0.5883153004955037,0.576339464089836,0.45560948416412966,0.6199444323171699,0.0958766731163797,0.0,0.023372327385786595,0.5934702700468442,0.5729478736591964,0.0,0.0,0.0,0.5212927066704032,0.5205581431246378,0.6327171742985731,0.42485527669927536,0.3468060132159626,0.42533829215504126,0.3349826383568245,0.3713783996817638,0.0,0.511503047847421,0.6345680435714374,0.37405293499507375,0.5231497996879256,0.0,0.589935584640966,0.474309257844576,0.5927322282175165,0.45777249810405496,0.35487444510327293,0.49474727733772106,0.5260280984344096,0.4276786329428137,0.36021165417817236,0.4171046707581467,0.0,0.47075661549901493
0.5673181632374774,0.353781130658392,0.36838977867058986,0.5588459802408765,0.5540951706803494,0.5449238000772658,0.6440657902517131,0.46583723038670777,0.7677746314970391,0.4175063843768329,0.49793227633100623,0.4507349483500649,0.7107689691772858,0.4342177734484669,0.5826614128196337,0.5388068062536007,0.4595950748997213,0.3862377889253471,0.5170867017897303,0.3980059438817614,0.6577684860575901,0.5538318561806269,0.3298066413755958,0.41231085394795874,0.3362646660493368,0.0,0.3505780743699813,0.6200773170909066,0.4871343946634727,0.7784658647965104,0.42517846405708615,0.6635802301513426,0.5776170222942845,0.5362831083965647,0.8415598211529085,0.03965822510125894,0.42704126399572767,0.29888550575848005,0.616281582760027,0.5605109971016543,0.568626293070897,0.5474528984252738,0.16909282978635667,0.5196229873527873,0.2037700845972839,0.5004797672155067,0.6652818914146409,0.6435223830770826,0.0,-0.012358208389743315,0.48399965931511235,0.6155748923832666,0.4568284574870712,0.35852296389082905,0.16922226243151428,0.0,0.22354928962143658,0.5760238477343791,0.0,0.5170086725237706,0.6018480730611532,0.2116261294611827,0.3789117011756724,0.0,0.5333234824154933,0.8178041678087014,0.7154184351989776,0.4548023800259623,0.32126780412622186,0.39022738850759303,0.5391789916009939,0.4248684325562708,-0.09091973345277266,0.4518088577964616,0.4313837396205393,0.40130764443661576
0.25317360873860295,0.338028895043081,0.4110900666541025,0.5627324743039325,0.5586474530264205,0.30320275809761016,0.438180324723717,0.21878142808896717,0.5803583259447295,0.3720919898085735,0.4007650093926134,0.8319365600293621,0.49701173521362196,0.2680221611938302,0.14506166063725695,0.4928287612562569,0.5203191345589491,0.4980686982740665,0.5448611918166459,0.3656062145943687,0.24823337624766603,0.1746491113187484,0.39182934867224606,0.23379403185522046,0.5519935982730403,0.3505780743699813,0.0,0.42716547505131,0.42310742311309024,0.330700270007264,0.44655172748440913,0.3563691905090726,0.3595747086065425,0.4495040084563183,0.49747258302360314,0.17821593046230838,0.5972162142380458,0.5302936744819723,0.3024604090064066,0.327076634934617,0.3407867080766377,0.3498932069074886,0.5807147767979642,0.5110252407805334,0.4226850346136216,0.40847749359960434,0.4026030106106636,0.5494726073757441,0.46006655593879303,0.6418972046230986,0.3142785838955927,0.5493733137886064,0.5423586775421188,0.5835999921399087,0.6797581255211922,0.5943922572904131,0.3167795059996996,0.41783377240238484,0.6022491801353276,0.18367820889615477,0.5023051427212373,0.0,0.4558976800729725,0.795513079377559,0.29229559008961603,0.2767582799444682,0.16429139900923564,0.4378890431522827,0.0,0.5084211298271925,0.31459794901815147,0.38315789620227786,0.1986082568981573,0.1817129671780368,0.3208020346701911,0.2289444917737593
0.5810013969467938,0.4465532118821256,0.5408868424678935,0.22117560369294084,0.4991737304998194,0.4142784921910198,0.8233482824330212,0.3162244760331463,0.49662380696854497,0.7204242369366594,0.39645564679647405,0.43730625351965735,0.5098764385893781,0.3539369281108804,0.3657982531000308,0.49694595166817407,0.7469269871799861,0.4219565794878938,0.4679624952137938,0.4997477962508311,0.3188348050343418,0.5896028376655309,0.32211847089080947,0.5518512359069361,0.4257533962497128,0.6200773170909066,0.42716547505131,0.0,0.5416681415103416,0.47236923078207993,0.5531376919507374,0.40284214327253154,0.4282491565763077,0.30528055005008914,0.3547257387182159,0.5036294721715329,0.3839411407009762,0.37950690178605323,0.7135768685684031,0.31915368939388256,0.6497302145096324,0.3628171669206953,0.4895582436001955,0.47394702134484523,0.586872839360769,0.6392587945785082,0.6065450809188111,0.4753697158148361,0.0,0.6678542664378797,0.46098500666701303,0.5138346879246232,0.5149213778535188,0.4792060592406279,0.4863434285674505,0.46583526343220505,0.6486320504725547,0.4804109719237135,0.29694661152210444,0.25571067134169057,0.46844917605420827,0.1708890588117255,0.566739559723995,0.6711382198754553,0.41965188731802583,0.5878811908315617,0.404308881104924,0.38384560967196135,0.4913667793402366,0.5426060670373438,0.3617878034083082,0.36277919984427087,0.4108485640105929,0.3164178955039813,0.4656043331477765,0.44008275249502693
0.42343352576802656,0.2617803307352077,0.488962827842019,0.37134165002398667,0.5625726528765408,0.3161026896071192,0.5545523635551158,0.14562968500030316,0.41670922988774983,0.3225948745007218,0.35150697029905187,0.627625965621616,0.5289495924268002,0.34187710386002546,0.2454350943088324,0.37291469155944645,0.2800098338063032,0.32930360636402817,0.5457116988856343,0.39460217162812194,0.23771760739029707,0.325401729083652,0.16933616688069142,0.6185412930501384,0.38257939302909744,0.4871343946634727,0.42310742311309024,0.5416681415103416,0.0,0.45548045476610954,0.47405936746837496,0.2910847584717795,0.20647006198671883,0.4537143294655447,0.4491453549264188,0.47044261873565263,0.39259089645644035,0.512403654809271,0.3521905148047352,0.38929104184079366,0.3610023177455354,0.3035021126652271,0.36641852286948123,0.5205770943733334,0.5880647087900529,0.41396160188589504,0.40257761523248176,0.4616846187211252,0.45305137242136817,0.4179371604144193,0.2451752008530022,0.4926346709210232,0.5594029152307879,0.467334638347925,0.609742981750132,0.42454654855613044,0.5311324394602981,0.44551758310104,0.7624157318413329,0.36633794340672254,0.49993363753456976,0.4686402990915962,0.44137809003416995,0.4853712096777586,0.4085031087794341,0.4252743549583774,0.3528850929387929,0.32774282702030777,0.495638316708908,0.5030989186762728,0.3474147136879134,0.2634979945225191,0.31362714600344777,0.3463343781949938,0.18143378037642094,0.28919542277391325
