0.0,-0.010526091665386261,0.002075613739139337,0.0,-0.00284320155399187,-0.025275694983720842,-0.0005705945253774991,-0.021881036450299318,-0.004034864521545334,0.0297493987686534,-0.0029448455384713523,0.034774559274179495,-0.029928374103404043,-0.012669605827696495,0.010033234370981747,0.022624008633042092,0.027066470645506824,0.015235086954573929,0.0,-0.03312657792266871,-0.030262483362787862,0.008074943242999455,-0.003095335847201064,0.05132342733961359,0.014466974541858524,0.020643712919308443,-0.025914948641333757,-0.006249380359609036,-0.03759971920313898,-0.0011946851867277175,0.026391149380376844,0.011766435224382144,0.0463511066020002,0.019996335937084497,0.026008831089116335,0.0006145589264404117,-0.0008592714606920904,0.018392077996266853,0.007481014872037062,0.002075486840353802,0.014779262577485852,-0.004092099747473821,3.517968458988108e-05,0.0,0.0018211352397534686,0.046373373095052295,0.014763714591598254,0.0,0.0,0.0,0.003701614405416054,1.1102230246251565e-16,0.0051505409315348305,0.0,0.01281240578305548,0.0,0.008689114417014254,0.003215245475407358,0.0,8.099917422360603e-05,0.02836103065256701,0.00025100511260711666,0.029717268480675407,0.0,0.0024383328178482766,-0.16978952031528244,0.009239308377476996,0.007555094256021411,0.008961148734844826,0.03497706212278445,0.03761160499489147,0.002326226488646277,0.00039223072048916174,0.006088536492113494,0.0,0.006709746288413088
-0.010526091665386261,0.0,0.0002455490502404345,-5.056873179282162e-05,-0.020593121107695733,-0.010593285710828293,-0.010777667349670617,-0.00026924727469263,-0.015988804975937077,0.010029844678034194,-0.00041466381838978217,0.0010371933782787335,-0.012714385121631533,0.0003190259609013868,0.020704183671206244,-0.010906824064859155,0.010415809996322745,0.0022207082918597187,-0.0019025982032320199,0.002770359838414893,0.007537245162874517,-0.0009878202505352873,-0.0015680417374991928,0.025354009399417954,-0.002362027057826843,0.030261685736540922,-0.007296423850524203,-0.01685390824011168,-0.0024845204881350225,0.0027744792169344668,0.016780610375622507,0.014488764684069622,0.040228579433551515,0.007994873843437,0.017869084483927156,0.00573040898241628,-0.000994002775886016,0.0,0.013773297387956962,0.00895360350194463,0.01431936132118694,0.00891347923218555,-0.000727849399563496,0.0,2.220446049250313e-16,-1.7072059394551697e-05,0.006799215498251077,-0.0005528833666111344,0.0,0.0,0.008819327332422577,0.00047406704923619314,0.002234455302646099,0.0005256701235517025,0.0018515199453980058,0.0,0.0008384343697935281,0.002440568884202521,0.0,-0.0009778517382675878,0.003452046064168157,0.0035104158622306647,0.0025685178195863356,0.0,0.01215444411444555,-0.028128948244426855,0.005777811580938319,-0.003930488894024975,0.0011302711258851517,0.009289390578300138,0.003054631997333135,0.01076105697033658,-0.001949663927572176,0.02156004698658137,-1.1102230246251565e-16,0.006826217895390119
0.002075613739139337,0.0002455490502404345,0.0,0.00832033517820474,0.04496629263457247,0.0308413008675108,0.007090048393682602,0.049157340387024184,-0.01446331904269832,0.007126938057651744,0.04524488626646428,0.007442368510545694,-0.0019921527079351242,0.042514497027433096,0.002663400336208266,-0.003981488417857448,0.0007395217687444222,0.002767994977820931,0.049121515879424704,-0.0009092166099198828,0.0010171289651993431,0.002069336356061935,0.027868763432868204,0.0006838594463278724,-0.00013579439061262022,0.0028504428492252543,0.03093768975250183,0.004146002481267452,0.014048920899267126,0.007848038811153923,-0.0011250650158006192,-0.010192248271017668,0.002707554970790449,-0.005495214994787834,-0.018167018695997905,0.041005432551823484,0.013792947119334042,0.006161975415307275,0.01644217496773709,-7.204952806039167e-07,0.007985012173135742,-0.0027082871935051878,0.06296993541301699,0.0042045570538092325,0.0,0.0,-0.0009506954132200707,0.13659129705312,7.901451192560138e-06,0.021708746421563507,-0.035362186019637865,0.02045317002289715,0.03116450320337394,0.08845383701150866,-0.002343860449620261,0.11808235807756373,-2.6437497414211197e-05,-0.043547737942378206,0.17293638431881747,9.790089950989511e-05,0.0,0.0,0.0,0.1665879184084259,0.001396322147949991,-0.0008176490964114658,0.00016460500156767477,-0.015045064854869783,0.0,-0.00013525505871603283,0.00200048393240021,-0.02418737811863786,0.005074017067845493,0.0069998494684203605,-0.0007531433566839718,0.010780836403272098
0.0,-5.056873179282162e-05,0.00832033517820474,0.0,-0.011775720364551906,0.015673303357732482,0.01735643819934185,0.0575874380012788,0.016934639916872052,0.014121047328392394,0.03394136036657486,0.0031876692885298152,-0.006564674822488403,0.019870708316693797,0.002978003861490053,-0.000963123204591021,8.374836443930667e-05,3.598075154198632e-05,0.018872594326383607,0.006006374651155888,-0.00043037536384016306,0.0034188772085830266,0.029232475451731077,-0.004603784455383675,-0.0001260736488272185,2.1496867586234814e-05,0.0063915422682025436,0.018036039647979563,0.002770694142689323,-0.0044916788606217395,0.0029459860814068373,-0.03640804408157902,-0.0024112608499293753,0.004906295772979519,-0.04264472464673208,-0.004191410331444406,0.012527403825981887,0.003493838166065022,0.001893422921004695,-0.0012207395200744542,-0.0006889064642546239,-0.0005438002536182762,-0.0018924438364296137,-0.0014786489874293318,0.0,0.0,0.0,0.0011628258423795335,0.0,0.0,2.3957948850017452e-05,2.220446049250313e-16,-8.234674108970053e-05,0.00038550727422659303,5.551115123125783e-17,-7.030161142862479e-05,0.0006034231142555413,0.0006923965973450463,0.0,0.0,0.0,0.0,0.0,0.0,0.0,0.0,-7.260505848266652e-05,0.0026414509258660956,0.0,0.0,0.0,0.0006569607573144176,-0.003383531281066887,0.0012144792351136413,0.0,0.0
-0.00284320155399187,-0.020593121107695733,0.04496629263457247,-0.011775720364551906,0.0,0.044969590425771366,0.019000348425804114,0.008151501235252379,0.04109565382576452,0.01647268351772402,0.04764525030897654,0.012344919405246735,-0.0103866555909784,-0.004659659045710973,0.0010287143645502095,0.008391919322841446,0.0025197916149014565,0.006240374585679942,0.03777632679454018,-0.0003864949635293269,-0.00014753708873327387,-0.025283205113007856,0.025127877845784907,0.006140883514148876,0.0017538422363333472,0.001452122335926731,0.06327312265448448,0.0015772625799208573,0.011373972041042957,-0.028678479562404935,0.00415457989173873,0.027498877026678914,-0.0007698972044173913,0.00047627334983513236,0.007102595780848764,-0.02916778588511365,-0.06011095709875136,0.016853045377075937,-0.0017341773001374183,-0.0007456825340020901,-0.005987688373107869,-0.0019617987428957595,0.007007094684805704,-0.00274456935466455,-0.00031738607186510004,1.1102230246251565e-16,8.400370817990277e-05,0.010677408465463167,0.0,-0.0035116265612020747,0.008006777848667601,0.0013182859624845111,0.0010563579676096113,0.010997514672046793,5.551115123125783e-17,0.003723524265286271,-0.0011898196319831689,9.175052324728039e-06,0.005187681673451516,-0.0007156261670457353,6.15368333868882e-05,0.0,-5.551115123125783e-17,0.003493942932846994,-0.001994596674585125,-0.00038922600250185235,-0.00016984041857182053,-0.016399890446927246,0.0,-2.3099948607774312e-05,-0.0017608527520245332,0.004757206550516424,0.0037168557619418063,0.0037728724744137687,1.1102230246251565e-16,-0.0016483755064792271
-0.025275694983720842,-0.010593285710828293,0.0308413008675108,0.015673303357732482,0.044969590425771366,0.0,0.0290282544288476,0.02425531944819448,0.03355900376582599,0.005659472638448848,0.048299581503533195,0.005765647621054415,0.007682525648849137,0.015588477233432152,0.008224136413741867,-0.019147247143505575,0.012823740621461521,-0.02055890037564606,0.012580611393844532,0.01155676217113194,-0.007463982026303495,-0.0019305507636497854,0.03690225918400808,-0.001989687377588756,-0.01633529201395062,0.01414451821804169,0.009667648864661482,0.005471132179574234,-0.029368322409656922,0.006952928121133406,0.013844060747408071,0.0018720842070164556,0.0002661978973815815,0.0076134444152957115,5.031427040491643e-05,0.005172677785899138,0.01545507453524897,0.011969413197709777,-0.018458793275085095,0.0024149566405757272,0.0017574116233348702,0.0023189532364659704,-0.001931758903847225,0.0008787757702572452,0.00039137144461587337,-0.03445784234734223,0.0017042360771196696,0.01577524514316153,0.001107419025774603,0.003996761787551595,-0.01002264935799324,0.007988259133372089,0.03652804023161821,-0.003587051198250313,0.0005484912846711598,-0.014125206984483052,0.00203018894313145,0.014746374258939987,0.00696565299480395,0.011788394571060956,0.0013359552909085748,0.0,0.00036162927840582837,-0.0018532598573940406,0.007849112398411129,0.005361841731369554,0.007664966175908727,-0.010308992743251477,-7.634970990111345e-05,0.0013701875433493327,-0.00019285306521515944,-0.011223951555072553,-0.002278248565164287,-0.009734247859611633,0.04585484607354262,-0.018282745703200987
-0.0005705945253774991,-0.010777667349670617,0.007090048393682602,0.01735643819934185,0.019000348425804114,0.0290282544288476,0.0,0.0019019403709827354,0.013638361958789313,0.008399883254271101,0.02231731380773727,0.003286371819120948,0.017008523793162644,0.0068423983415434875,0.012077152209402864,-0.0036635600507731736,0.008798199378863891,0.015949607087804796,0.030333082971345182,0.008489912762061125,-0.0107245270850157,-0.004303331223117879,0.013953600589917958,0.003993619489427558,-0.01470396045757505,0.004371585289845714,0.018743380435084223,-0.006939383428412604,-0.0005399876292124794,-0.0011691065359814012,0.01899534619730653,0.024321387689551055,0.00012851118276063778,0.019650129844423714,0.014813212088662653,-0.00324241063394326,-0.02873336416210373,0.010772748540377408,0.00321256785231544,0.0010698217481918126,-0.0028793875101671973,-0.004090421062220517,-0.002098187253941841,0.002382586749381077,0.00020932087556602141,0.0,0.001377685964300046,0.003260204552389845,0.0,0.0007615283587106836,-0.021004585830428302,0.007488858702580536,0.009418522796611761,0.007034051832611188,0.00010389975624941483,0.003739267889931619,-0.000587705553823259,0.004435584674071347,-0.004017261550105955,0.0010377970754150145,0.0010501594427849703,0.0,-5.214694300353928e-05,-0.0009450364798313515,-0.00048043632557082105,1.377663769347448e-05,-0.0006026224306499572,-0.004365733565889873,-0.00011099978161471791,-0.0008286225473531084,0.003040917240939467,0.016144412066711133,0.004614810900736788,0.000246685241525324,-5.156093771152559e-05,0.0038591596978775344
-0.021881036450299318,-0.00026924727469263,0.049157340387024184,0.0575874380012788,0.008151501235252379,0.02425531944819448,0.0019019403709827354,0.0,0.030422794105066653,0.04785018326643281,0.017439367434415876,0.008178256194488476,-0.003875526054331946,0.016833978369869274,0.009785868913527895,0.004414600508886812,0.0006295343480842153,0.010772568285882356,0.08785160920864293,-0.026525864012989397,-0.020956492559447093,0.0055123027530988855,0.0002532509078328471,-0.0031073180773062425,-0.00445655900524683,9.90879472222983e-05,0.03610351946666096,-0.013678073711889616,-0.030933143932583507,-0.006940303513350066,0.00853525740808897,0.01180231190149117,0.06768232449709788,0.003609798116320506,0.005070971650111389,0.010204040222107635,0.011045312331112112,0.006232321623401704,0.006759574497481324,0.0022086316732379263,0.011570057424228564,0.011603815162426367,0.032415277162412826,0.0016893238295103141,0.0,0.027878822623295385,0.0037731264490951655,0.04662345123029876,0.0,0.007872894353019133,0.015279999386470677,0.032512152598192734,0.09353319996595855,0.04729730485012751,-5.586410437530276e-05,0.016087480053205927,9.090683568818703e-05,0.026679814844838667,0.052033852042009165,-0.030797991827282545,0.0007554250083982583,0.0,0.0009164006614146847,0.051202033418911386,0.023281451409216225,0.05319179534150342,0.004496626362334222,0.03676426811347083,-5.551115123125783e-17,0.0016718404672259601,0.004742205712986891,0.006575210812173882,0.023762254951706308,0.019223788124013874,0.009033270933565984,0.036244471348177376
-0.004034864521545334,-0.015988804975937077,-0.01446331904269832,0.016934639916872052,0.04109565382576452,0.03355900376582599,0.013638361958789313,0.030422794105066653,0.0,-0.0065077248497620865,0.060633063118981034,0.011754615905130272,0.005297030136865943,0.008958570485328943,0.00097008993483505,0.0075715819929033645,0.0034115222373442,0.0081824034903199,0.014897009448609055,0.012398610697417933,0.005223964449749319,-0.01671896162592479,0.01696167237480084,0.009348144342799292,0.0024013886329582457,0.014731606758935534,0.024806822003324513,0.00994484598177775,-0.02686224210460464,0.007651937779310558,0.009285284049624642,0.0001656088122994337,0.006583117197462185,0.003591382390312703,-0.0031060429016933067,0.01580360427465305,-0.004211970017742761,-0.018236296110890282,0.014505545356181093,0.002379273027644513,-0.004432674998297359,-0.01230641640087815,0.007029994639680293,-0.003178024825077952,-0.00010636658586476999,-5.551115123125783e-17,-0.00041169362592735625,0.008385654428011424,-3.7958942019078457e-06,0.009876279917275466,-0.03438021697945143,-0.04953592140840768,-0.004606705381618781,-0.027008227072411573,-0.0005998579388772352,0.01645746439104301,0.0015177098865438166,0.009545692441766396,0.016811515199871008,-5.145785881732756e-06,3.615445846455456e-05,0.0,0.0,0.017923521450942004,0.0011386881961044093,-0.0018023338813946133,0.0005585844879618107,-0.024574396544133847,-1.3340552979523856e-05,0.00012636307145202919,-0.0007284469402827898,-0.0360778058915619,0.006129784095174506,0.0012577761562554968,-0.0010583032152394756,0.00803321109337618
0.0297493987686534,0.010029844678034194,0.007126938057651744,0.014121047328392394,0.01647268351772402,0.005659472638448848,0.008399883254271101,0.04785018326643281,-0.0065077248497620865,0.0,0.021766604223554198,-0.011163900091602508,-0.06554328358998801,0.020913418899674185,0.00371308346202881,0.01178311835343332,-0.020605175953730848,0.003624929370489194,0.01569778244985015,0.0009597870916385198,0.015551182099526883,0.02185391582314211,-0.01248299413415177,0.019749628173973965,-0.008196431165624685,0.01664329871635284,0.012706274135256324,-0.030315814610048286,0.007456004180530329,-0.0012774771270611662,-0.001055545671776903,0.012227608392463452,0.0037339262608974133,-0.015780680268913272,-0.022364667441858166,-0.0336384616734669,0.030879620336364155,-0.01631461188918437,0.04806715687924096,0.006882269848314915,0.018068329810169592,0.024851735497775473,-0.005757086090173613,-0.001035022617655701,0.002049307265344802,0.01633530954724083,-0.0211631113043258,-0.0003933397462924093,-2.155361312833337e-05,-0.0010823874895824481,0.0011912037699574052,0.005362139334948779,1.2289750546123912e-06,0.0007056031180654454,0.0021965334940129977,-0.0014745088115206695,0.0217980341249131,0.005263759873250784,0.0,-0.0002973085284958543,-0.022170634068578776,-0.004315297795336959,-0.024492229884508943,7.084785582422981e-06,-0.00011510986295687475,-3.9591468286581666e-05,0.001481691161184795,0.00016166358552854865,0.09839575449203297,0.00592966350399432,0.020666889795052212,-0.0026068255765513415,0.010159079617487687,0.0019617476349744756,-5.551115123125783e-17,-0.005159449314190989
-0.0029448455384713523,-0.00041466381838978217,0.04524488626646428,0.03394136036657486,0.04764525030897654,0.048299581503533195,0.02231731380773727,0.017439367434415876,0.060633063118981034,0.021766604223554198,0.0,0.0074506526934342565,-0.001321813798124294,-0.03539188807718399,0.0,-0.00025202219341019516,0.00480545881452793,0.0017495541715719654,0.06518257259054794,0.00013426375020741954,0.0058191509576204226,-0.0005747252979249051,-0.005839117405361638,0.012906507070685747,0.008219851178283277,0.008194083498116289,0.03737966997488551,-0.0017317916972656167,0.003928956377197923,-0.0008971351678463413,0.008872212271385405,0.04375424414028645,0.004906265896251039,-0.002966889791489402,0.0004136284411552227,0.026889376378654628,0.008622113256470554,0.01942331153669985,0.012622383566520179,-0.0016458046460385845,-0.0020273457562333674,-0.0010155953350368119,0.02682560749671159,0.0013219013179859296,2.4096925187455653e-05,0.0,1.1102230246251565e-16,0.08224791618755845,-7.350286059248923e-07,0.00430615614928187,-0.056495525617776154,0.007560965660731056,0.01780485975367785,0.03646546247277688,0.0012688757478901413,0.17927361662659858,-0.00020781450242884913,0.0042418553813415305,0.04378318145103949,5.551115123125783e-17,0.0,0.0,0.0,0.19313501062709604,0.0008173972434047938,0.0,0.0004354951723540279,-0.019818897276785763,5.551115123125783e-17,0.0,0.00048062357633982256,-0.05129234988247788,0.010080767024430892,0.00037630255007325975,0.0,0.0022693186732291593
0.034774559274179495,0.0010371933782787335,0.007442368510545694,0.0031876692885298152,0.012344919405246735,0.005765647621054415,0.003286371819120948,0.008178256194488476,0.011754615905130272,-0.011163900091602508,0.0074506526934342565,0.0,0.005020534063252924,-0.0015108993345177013,-0.004043926931883435,0.0016731354500828521,0.019027639762440485,-0.002222349509606869,0.0049451229504075545,0.00038678391991331385,0.003602993964261114,-0.0032814801438983965,0.040522185452765536,-0.011892121629852426,-0.007200899845707043,-0.0053223725665236254,0.0040034977725005305,-0.07963784365957344,-0.0003378347104995849,-0.0025451171474819567,-0.023517050352569457,0.013319548879852205,-0.007469778910771108,-0.05426859165704828,-0.05675085434903118,-0.031798681705885845,0.00044823355966772116,-0.005148224095895715,-0.02304312776777645,-0.0033225539589378794,-0.05993235294228916,-0.0017873224213760253,-0.03512428303908993,-0.013323446230048719,-0.002321917212194491,0.011522965526281681,-0.0006951423382391964,-0.000356676405088574,-0.0008444092818770399,-0.0029157983453434455,0.0006738999387298494,-0.0013055929103833464,0.00037968943831040436,-0.0003003102615510289,0.005018010842502418,-3.6138563635434995e-05,0.028694293006974736,-0.000857173004695233,0.00012792868569116989,2.252686208498167e-05,0.0021061928013056397,-0.011121170362511756,-0.028199520031494063,0.0006540246425409402,9.909936226104588e-05,-0.0013965915206950452,0.0005134309607887078,-0.0043194861858594225,0.0897832484437826,0.008464201531581839,0.0264141658274894,-0.0030235291608317616,-0.13407235263621015,-0.00033889256580132976,0.0,-0.006444161140191529
-0.029928374103404043,-0.012714385121631533,-0.0019921527079351242,-0.006564674822488403,-0.0103866555909784,0.007682525648849137,0.017008523793162644,-0.003875526054331946,0.005297030136865943,-0.06554328358998801,-0.001321813798124294,0.005020534063252924,0.0,-0.022534812228197365,0.003554529042114951,-0.006839908264999972,0.011724684429650467,-0.0008365769095485254,0.007206308713653076,0.005879716227594478,-0.019221190704179936,-0.005888554979916638,0.0006761907644601828,0.006704272983286852,-0.015224197312896981,0.0026788021798866968,0.004947268550498263,0.012224088405710543,0.013105811445909221,0.03032526885173792,0.002282015751462474,0.014321332379061136,0.04331044297096892,-0.008268559684898757,-0.0074928449157056765,-0.0445359700432707,-0.04467657548278159,-0.018037320065848128,-0.00047094697040378497,-0.0027867359972419403,-0.020905714587144075,-0.01774893443895731,0.005177878209846165,-0.005101019895894232,0.0005578423838715763,0.0008465972843207381,0.0013897738538769522,0.017278541005267933,0.0,-0.0015323738820566257,-0.017382674736718062,0.006352601016837656,0.015623951736594865,0.007238887733419297,0.00042878509284938193,0.006850357328634316,0.001009186525201211,0.0036101889143894117,-0.0016153763751798333,0.0038598041325405563,0.002064400301919511,-8.695922375229204e-05,0.00089953335770937,0.0004930273530469043,0.003163410638572506,0.0027546588787147885,0.00013124159638655541,-0.013884964005322076,0.0015085571597462377,0.0020340251574584856,0.0056060063720349,-0.013622211987486144,0.007639283526301999,0.008530322967067072,0.0029824257996137193,0.0030483496987009917
-0.012669605827696495,0.0003190259609013868,0.042514497027433096,0.019870708316693797,-0.004659659045710973,0.015588477233432152,0.0068423983415434875,0.016833978369869274,0.008958570485328943,0.020913418899674185,-0.03539188807718399,-0.0015108993345177013,-0.022534812228197365,0.0,0.0016508465224081004,0.001464934802554274,9.876650393481068e-05,-0.00026665859526836533,0.04509091246435665,-0.000904287068338061,-0.008495155459586234,0.001235903918054393,0.016300598641027675,-0.006317315340406138,0.001147353699827769,0.0029026725955062505,0.03498630377464562,0.023525592336884393,0.0008495084010542997,0.0012711716467700418,0.01479636866426881,0.005921159910745488,-0.006251728887425534,0.011756026622372406,0.00385709868574613,-0.004334146228955504,0.013783352801065518,-0.0007832165333257479,0.01050936817156417,0.0,0.00013541053569549044,-0.00045130074006477505,0.01545895804999764,2.1157789279468986e-06,0.0,0.0,0.0,0.018452037578129743,0.0,0.0068967480972578765,0.0024797055872102236,-0.026741880699218623,0.011520836122924039,0.01515496171238162,0.0,0.021461266490877262,-0.0003060717778715083,0.0043779037112066654,0.005786472316711533,1.1102230246251565e-16,0.0,0.0,0.0,0.013743222272234734,0.0,-1.1102230246251565e-16,0.0,0.019454116835012247,0.0,0.0,5.551115123125783e-17,0.006657577945403059,0.001474117695545063,1.1102230246251565e-16,0.0,5.551115123125783e-17
0.010033234370981747,0.020704183671206244,0.002663400336208266,0.002978003861490053,0.0010287143645502095,0.008224136413741867,0.012077152209402864,0.009785868913527895,0.00097008993483505,0.00371308346202881,0.0,-0.004043926931883435,0.003554529042114951,0.0016508465224081004,0.0,0.023822104330788962,0.006629874292743643,0.029686913274173943,-1.1102230246251565e-16,0.006099050980215792,0.011133670454767042,0.014580718708011642,0.014550446450622756,-0.004844081779209863,0.01820825727575781,0.0156431248370405,0.0300809259848413,0.0036071613030672633,0.00915616295436944,-0.00903433521455832,0.0230717865635921,0.03793621888715587,0.028194910832112563,0.023699172809659552,0.01443545538156199,0.045160980420692276,0.0664371809460691,-0.0003054884935131952,0.016551887027687173,-0.0044942715624690655,0.008659498879154903,0.0005035662347837588,-0.0018123384017749156,0.0008757302283763924,0.0,0.009049274910200356,0.024061013828463595,-0.0011439254673623056,0.0,0.0,0.019919828136703288,-0.0012014536428290312,0.017669944928931203,-0.0009253577316713502,-5.551115123125783e-17,0.0,-0.0005437580231193451,0.008935633321038305,1.2048998683678036e-05,0.0297488553228325,0.011683762746165671,-0.00033666542704374747,0.002791877410180943,0.0,0.05439158357622609,-0.0045974570701726725,0.009426287424353308,0.0014201234251551842,8.921830821179144e-05,0.010401624114549923,0.0035045816494648774,-0.013183179853970606,0.014937369023061364,-0.027764287401198184,0.007074893678578109,0.019121797872913848
0.022624008633042092,-0.010906824064859155,-0.003981488417857448,-0.000963123204591021,0.008391919322841446,-0.019147247143505575,-0.0036635600507731736,0.004414600508886812,0.0075715819929033645,0.01178311835343332,-0.00025202219341019516,0.0016731354500828521,-0.006839908264999972,0.001464934802554274,0.023822104330788962,0.0,0.02588677326454919,0.015403687404859534,0.00037979891211725736,0.022082049892939992,0.017908581838552873,0.020008695238439622,0.009186796824908194,0.06425449428745955,-0.0019618708699357668,0.038237454488314004,-0.0018063826796064775,0.0027224273664674947,0.004954676839780681,0.018365303028398394,0.03966346999549736,0.02361726704411221,0.051175128513303636,0.026813083961403805,0.03889787528808436,-0.00047592161507920006,0.0003535854141780148,-0.00023649658986507616,0.03033617734702232,0.024554089726918804,0.02919506032786945,0.008967743121101268,-1.5710974964000535e-05,0.0,0.0,0.025008726329341757,0.022494173259134886,0.0,0.0,0.0,0.0031005867458440695,0.00042016217644402776,0.0031091174131469557,0.0,0.0016558692523337415,0.0,0.00028426147789256673,0.00293264079177169,0.0,0.019128505679908703,0.016259957058469998,0.0013812195229174762,0.016403614464482907,0.0,0.008145718396429635,0.012133302554173775,0.022653186574379425,0.010817951466775944,0.004109631197964259,0.030557766409732512,0.02518870390901823,0.009198986870283643,0.0040021824244654836,0.006370356732403826,-1.1102230246251565e-16,0.02915641063883123
0.027066470645506824,0.010415809996322745,0.0007395217687444222,8.374836443930667e-05,0.0025197916149014565,0.012823740621461521,0.008798199378863891,0.0006295343480842153,0.0034115222373442,-0.020605175953730848,0.00480545881452793,0.019027639762440485,0.011724684429650467,9.876650393481068e-05,0.006629874292743643,0.02588677326454919,0.0,0.0008777694547915105,-0.0007059294251750003,0.005942148560840521,-0.00012126457630601273,0.03371122987686481,-0.0010315764571834363,0.05180486781494492,-0.0036512344049918766,0.01290610530207209,0.010846542633750678,0.008158065979007534,0.006098858558443554,0.0032485849839488656,0.010922031249704811,0.04357105273447376,0.043366695829154034,0.00806735951877785,0.011316499158117443,0.004658081826249771,3.545214964989496e-05,0.011958284656738705,0.0027705775495021623,-0.01722043902961312,0.0038293751905310036,0.0005743071369355701,-5.551115123125783e-17,0.0,-0.004447646041464304,0.0374593753209691,0.0028115914390292596,0.0,0.0,0.0,0.0,0.0,0.0,0.0,0.019188280258499335,0.0,0.07372893620638488,0.00048013787453676793,0.0,0.00024491939267318186,-0.05193615191783035,0.014249642912789517,-0.03148658509354568,0.0,1.1102230246251565e-16,0.0,-0.00011094729776967016,0.0,0.08656077009219959,-0.020498261011937746,-0.003950131989270078,0.0,-0.0006950709371216224,-9.46832655324692e-05,0.0,0.01280050607013633
0.015235086954573929,0.0022207082918597187,0.002767994977820931,3.598075154198632e-05,0.006240374585679942,-0.02055890037564606,0.015949607087804796,0.010772568285882356,0.0081824034903199,0.003624929370489194,0.0017495541715719654,-0.002222349509606869,-0.0008365769095485254,-0.00026665859526836533,0.029686913274173943,0.015403687404859534,0.0008777694547915105,0.0,0.0015648604808827238,0.013111810397283818,0.0031483252928739547,0.010890336361708941,-0.0011832484255555054,0.011557028509086631,-0.008262274514834578,0.009499969927189544,-0.006313429136382942,0.0009240815837368022,-0.0003011255978359606,0.01877590525562506,0.022292259071147014,0.03343388929739577,0.03491606976242234,0.018699822628041984,0.018944505282062873,0.004618515851694205,-0.0001886398403174172,0.0044146348196180685,0.006947228714487719,-0.03164795497675771,-0.010396488906749768,0.007663097066485547,0.0,0.0,-0.001875862745059187,0.017546697404572875,0.0025987350542828747,0.0,0.0,0.0,0.0021618926229319824,-0.00026503816755352183,0.0020484683763750677,0.0,-0.026924229570683467,0.0,-0.011986165432538887,-0.0005070764742554634,0.0,0.002882964765622442,-0.01521240250900957,-0.018429729831286212,-0.03052662684625057,0.0,0.002998235030489127,0.003173035133891944,-0.015003774387715885,0.004094928795678687,0.05761834103259905,-0.01916408481589349,-0.003908085700159769,0.002417438970824415,0.001368973730423051,0.006451877203055789,0.0,0.00025018176367541667
0.0,-0.0019025982032320199,0.049121515879424704,0.018872594326383607,0.03777632679454018,0.012580611393844532,0.030333082971345182,0.08785160920864293,0.014897009448609055,0.01569778244985015,0.06518257259054794,0.0049451229504075545,0.007206308713653076,0.04509091246435665,-1.1102230246251565e-16,0.00037979891211725736,-0.0007059294251750003,0.0015648604808827238,0.0,-0.0007927545457548368,-0.0010767650311486188,-0.0020461325069789926,0.010985781805104233,0.002190010658998487,0.0010648944118103465,0.0015782916096081512,0.03901700363364219,0.008519842496615582,0.004232034309765487,0.0018931852587217857,0.0033534524123633447,0.003590621971257535,0.004975191028589621,0.010579621085554936,-0.017424803867883254,0.04682456037423943,-0.008164240762958408,0.0057764259993591804,0.01109742966726085,6.621257751832088e-05,-0.00503890221589548,-0.0007254175941105445,0.04696287925762299,-0.0026770533371068272,1.8686922594879363e-06,0.0,0.0,0.08188584756742362,-5.551115123125783e-17,0.002982104435048316,-0.028869338484522777,0.003504888347719337,0.057731807746338015,0.03664956265673125,0.0003235616381372375,0.12880482667640103,-0.0007614767051449256,0.0002850889748955421,0.09010299638214098,2.220446049250313e-16,0.0,0.0,0.0,0.07865773660208047,-8.150394613781753e-05,0.0,-0.00028149613862099576,-0.004232235644404114,0.0,0.0,-5.551115123125783e-17,-0.030832640333720573,0.005971418749456614,0.0021312016973690784,-0.0002809896023522329,0.0006646050946098603
-0.03312657792266871,0.002770359838414893,-0.0009092166099198828,0.006006374651155888,-0.0003864949635293269,0.01155676217113194,0.008489912762061125,-0.026525864012989397,0.012398610697417933,0.0009597870916385198,0.00013426375020741954,0.00038678391991331385,0.005879716227594478,-0.000904287068338061,0.006099050980215792,0.022082049892939992,0.005942148560840521,0.013111810397283818,-0.0007927545457548368,0.0,-0.007500501502588297,0.018547538311475598,0.027516073222076443,0.00028468383039176315,0.005539523460211304,0.01723772346310143,0.005446878617559492,0.020660184020703798,0.0006062713711160184,-0.0009647279450026858,0.016440052575427078,0.03649355297273982,0.011677585415593217,0.01592098706812678,-0.0037452574151547458,0.015599223512139104,0.016870850498693746,-0.000544145774078908,-0.01324910883038577,0.002648072015373981,0.006967867401939165,-0.005884039038067668,0.0009835086141983806,-0.004706139696821987,8.721542271600269e-05,-0.0005339389642299297,0.03703304139115121,-0.0019005980210898277,0.0,0.0,0.01827452397848256,-0.0008876069583115265,0.015734643474620724,0.001579340649024874,-0.0001320535085562735,1.1102230246251565e-16,-0.0002099410856247208,0.006845862152917548,-1.1102230246251565e-16,-0.02297158415340872,0.0038914764884880326,2.4992770454534963e-05,0.002909072739600338,0.0,-0.031603502221875523,-0.020514113838484616,-0.009988978041001184,-0.04666435361917742,0.0,0.004510847635762816,0.008236936005303397,-0.0437348788507812,0.0146160718935604,-0.037285729710878734,0.0027539976066533467,0.009627049234451568
-0.030262483362787862,0.007537245162874517,0.0010171289651993431,-0.00043037536384016306,-0.00014753708873327387,-0.007463982026303495,-0.0107245270850157,-0.020956492559447093,0.005223964449749319,0.015551182099526883,0.0058191509576204226,0.003602993964261114,-0.019221190704179936,-0.008495155459586234,0.011133670454767042,0.017908581838552873,-0.00012126457630601273,0.0031483252928739547,-0.0010767650311486188,-0.007500501502588297,0.0,0.004064879291490575,0.005909835152867526,0.000637285038555313,-0.0017341257628918916,0.007527264121372723,-0.0013051311616735783,-0.02341329631210698,-0.017824293291072435,-0.03628076494821397,0.012030494618713528,0.015590267941086644,0.02879526935432497,0.005872732464140995,0.008825367607624424,-0.033619864698085755,-0.00115221388160619,0.0034157476656536123,0.0011609374022589214,-0.021262178369308382,-0.030952354279038252,-0.027033338566737897,0.0010197034878934863,0.0,0.0,-0.04792137396925511,-0.012655484830928987,-0.0006398004680644442,0.0,0.0,0.027750956919199266,0.0004778467198793268,0.05856554172677697,-0.0016226671267723924,0.0006100000307227016,0.0,0.00043059929537758723,0.008211730728344357,5.551115123125783e-17,-0.008685481924162741,-0.005026786136466843,0.0,0.0002811059526682813,0.0,0.010202583419188005,-0.035968037609521386,-0.013897747741172917,-0.02748946943329833,0.0025905675701444197,0.00661303600244173,-0.010925175082634853,-0.02926890355625389,0.016148793862826305,-0.04835115954745761,0.0039059420403192435,0.01463875803776693
0.008074943242999455,-0.0009878202505352873,0.002069336356061935,0.0034188772085830266,-0.025283205113007856,-0.0019305507636497854,-0.004303331223117879,0.0055123027530988855,-0.01671896162592479,0.02185391582314211,-0.0005747252979249051,-0.0032814801438983965,-0.005888554979916638,0.001235903918054393,0.014580718708011642,0.020008695238439622,0.03371122987686481,0.010890336361708941,-0.0020461325069789926,0.018547538311475598,0.004064879291490575,0.0,0.009963945568337518,-0.004256165826766634,0.003291685764021557,0.029615750649491623,0.01658088381457934,0.002762090638781911,0.016616516360618505,-0.060854449408014544,0.016727408715617953,0.0346809963742265,0.0416209084903128,0.02668240649070358,0.01817836624096586,0.0546807509431152,0.0038489681917986407,-0.001236043807812115,0.01476624860963649,0.004241272925537054,0.01459979823554769,0.007366165826765303,-0.003213375665752305,-0.0006503028325898219,1.3472128983837983e-05,-0.009414629659728668,0.02238302017769972,-0.0017110770865902958,-6.625596654763477e-06,-8.268602126437763e-06,0.00675070984522963,0.001174772557912318,0.006489082386479328,-1.1358459048205205e-05,-0.00015779260371145964,0.0,-0.0014785702475190732,0.001218568318442248,0.0,0.004521966578673375,0.007557454681189679,0.00014562360654296613,0.008637571839504476,0.0,0.011903084144325393,-0.019187528660650266,0.010920142962029755,-0.004100494194271331,-0.0005015111125359351,0.022295517967700407,0.011836422493669507,-0.013405224915187086,0.005040684588676458,0.013370584011094033,0.0011410398353001727,0.017493929574229572
-0.003095335847201064,-0.0015680417374991928,0.027868763432868204,0.029232475451731077,0.025127877845784907,0.03690225918400808,0.013953600589917958,0.0002532509078328471,0.01696167237480084,-0.01248299413415177,-0.005839117405361638,0.040522185452765536,0.0006761907644601828,0.016300598641027675,0.014550446450622756,0.009186796824908194,-0.0010315764571834363,-0.0011832484255555054,0.010985781805104233,0.027516073222076443,0.005909835152867526,0.009963945568337518,0.0,0.0067213829405533,0.01046702585408893,0.02822228567433077,0.027532006192998226,-0.006749596938344038,-0.019704753261872432,-0.021051994253370898,0.006821731706279255,0.011022010309644115,-0.005233379202704225,0.007934141665231598,3.9963181588775765e-05,0.01087072674014633,0.012940560996493156,0.004968221740664802,-0.025276963703555477,-0.030038534780177206,-0.034916498854092815,-0.029071000858519325,0.03489046200304102,0.003984170774214091,-0.0003398806177777325,0.03216472538012738,0.022904165707660906,0.05890517216942076,0.0007064150515360135,0.02023515746001514,-0.015497809232809523,0.018529879376210145,0.0012495469651724878,0.010507765050161932,-0.00144925315724298,0.06076816364538207,0.002403900759214983,0.007336689510551275,0.02802578621149776,-0.020423046127740707,0.006768984632713249,-6.079767817090964e-05,0.004358238074430698,0.08920981375290982,-0.025974220411931148,-0.014103409957032909,-0.006274370002136376,-0.018795786893317068,-0.0003969042522778965,0.004053503728060626,-0.0017614313785151992,-0.025931246630596372,-0.02523110052509464,-0.046530853709456255,-0.03486772080705236,-0.03590673625513918
0.05132342733961359,0.025354009399417954,0.0006838594463278724,-0.004603784455383675,0.006140883514148876,-0.001989687377588756,0.003993619489427558,-0.0031073180773062425,0.009348144342799292,0.019749628173973965,0.012906507070685747,-0.011892121629852426,0.006704272983286852,-0.006317315340406138,-0.004844081779209863,0.06425449428745955,0.05180486781494492,0.011557028509086631,0.002190010658998487,0.00028468383039176315,0.000637285038555313,-0.004256165826766634,0.0067213829405533,0.0,0.017996137396180667,0.01891055623512161,0.004587880012322854,0.005755571127735171,-0.005265229961567697,1.0825108081591317e-06,6.918533245908742e-05,0.028300263053900432,-0.014270681321175316,-0.04218605228968694,-0.028036746082745923,-0.001306809132796627,-0.0051371038349434794,-0.023113248555647337,0.006152378189769159,0.03336488989358738,-0.028999602911336686,0.014354833441696191,8.332158907486953e-05,-4.8485429999411966e-05,-0.0028894901284440278,0.05358684333139124,0.061510916440893904,0.0,-5.551115123125783e-17,0.00024013969050534767,0.0003151250162284902,0.00023937410076246834,-1.6653345369377348e-16,-0.0004084345568340364,0.009026092067888292,-0.0003190548705849783,0.04247998166008471,0.0012416240198201423,0.0,0.0010376777938349568,-0.0017597629238923496,0.06273462554183962,-0.017404481695349805,-2.926404247310943e-05,0.0003488136661753405,0.00011309942875992185,0.001943443394101907,0.0005638084832812473,0.19675347693842743,0.014399917159322151,0.06692673724373382,0.000305344167357946,0.004227358958739935,0.0015668823756320727,0.0,0.1336205911757649
0.014466974541858524,-0.002362027057826843,-0.00013579439061262022,-0.0001260736488272185,0.0017538422363333472,-0.01633529201395062,-0.01470396045757505,-0.00445655900524683,0.0024013886329582457,-0.008196431165624685,0.008219851178283277,-0.007200899845707043,-0.015224197312896981,0.001147353699827769,0.01820825727575781,-0.0019618708699357668,-0.0036512344049918766,-0.008262274514834578,0.0010648944118103465,0.005539523460211304,-0.0017341257628918916,0.003291685764021557,0.01046702585408893,0.017996137396180667,0.0,0.004222844182071694,-0.0073036096922310945,-0.011909240967374446,-0.007869890246499034,0.00035408735826297777,0.013057551793170807,0.02831962812104688,0.03942964874286092,0.020219299701106253,0.019210351179299034,0.006057183805800337,-0.0006399752915494661,-0.03929351921973462,-0.00012597216911336417,-0.012249751139474907,0.002991217721476591,-0.01564247928300011,9.17229498204053e-06,-5.551115123125783e-17,-0.008209707641627872,0.01824529527137836,-5.522100057164803e-05,5.551115123125783e-17,0.0,2.220446049250313e-16,0.003965883178193796,0.0015062601414838617,0.003808337571953202,-0.0012402738965344717,-0.022145509120487017,0.0006749859289042481,0.0034826830500468975,0.0037837627383897066,0.0,0.004555064543426857,-0.010926776207821842,-0.01979939746691195,-0.016475865670549206,0.0,0.009020243638536818,0.05801005655177793,-0.006347364072411321,0.004303258251257935,0.06733428975552369,-0.007125935941655004,0.005808646507050486,0.00363152658065391,0.0030348414249287137,0.012562762445652964,0.0,0.00023085723467719532
0.020643712919308443,0.030261685736540922,0.0028504428492252543,2.1496867586234814e-05,0.001452122335926731,0.01414451821804169,0.004371585289845714,9.90879472222983e-05,0.014731606758935534,0.01664329871635284,0.008194083498116289,-0.0053223725665236254,0.0026788021798866968,0.0029026725955062505,0.0156431248370405,0.038237454488314004,0.01290610530207209,0.009499969927189544,0.0015782916096081512,0.01723772346310143,0.007527264121372723,0.029615750649491623,0.02822228567433077,0.01891055623512161,0.004222844182071694,0.0,0.02761488737046469,0.007887377454287192,0.01870777974664134,-0.0028656199500489143,0.02815574916840563,0.03917085885881599,0.05061358131970156,0.04301841686112057,0.04335335851713529,0.08466493924955643,-0.0020911315073539605,0.0038675272855507314,0.02437311222599181,0.009001095714752327,0.02001220422650818,0.028654764817493628,0.002797726667698175,5.167920786691704e-05,-0.00450466088859014,0.024542849964457658,0.004149904534024473,-0.0007661986858303882,0.0,4.7625399242079425e-06,0.010314897976151594,0.0007889509977430653,0.0020663770476914145,0.0011373118306284846,0.006302246874195339,0.0,0.018436473802847908,0.004848689736014544,0.0,-0.00418232431502058,0.003794260487812673,-0.008759026869925801,-0.012068887579531562,0.0,0.033647625243333645,-0.009246574345921077,0.017263226229823125,0.007493182994302294,0.06858950251350204,0.004604779700387085,0.010719122590696961,0.007996728545063947,0.005507972187988541,0.015163597003097828,0.0009485594357577787,0.007404222316716225
