0.0,0.7669493594678942,0.32613296299373107,0.0,0.4204216330804562,0.5752219848833264,1.2881471950425463,0.8155167874189189,0.4037097052261098,0.7000301806960234,0.38320821164322383,0.6806260603798135,1.1901131738732746,0.8453692837759337,0.5090465842952017,1.020226914314574,0.3050130755184353,0.6085599645682485,0.0,0.6276144604896644,0.5821434857493709,0.9178370853763188,0.601619352049829,0.6570606470574979,0.54301921790762,0.7583696216677611,0.4970009438239795,0.8301781468139517,0.7419446118384465,0.5614983660110795,0.8816535173062987,1.0152094776793437,0.8136021749135922,1.0432751945998613,1.0161813925175713,0.8927963899638546,0.4962144436951863,0.43480854733284474,0.5765442637747096,0.3627871677130406,0.6422447548977855,0.6500237375998195,0.47464067872675286,0.0,0.42310982410466486,0.25882933632784555,0.2699254483404449,0.0,0.0,0.0,0.4420731990269343,0.0,0.5546683082334598,0.0,0.09039920311347838,0.0,0.5041303966656208,0.7139708515899339,0.0,0.551106154492397,0.5251901589187788,0.27724216558250775,0.3625662406980555,0.0,0.4253767776090276,0.10276442505641725,0.6747806847664679,0.571359333422234,0.6712335644607066,0.3732238881721467,0.38739341159961094,0.4698001984790313,0.4026490767967389,0.464445869740017,0.0,0.48194688670945157
0.7669493594678942,0.0,0.5020844780710687,0.3206091017769803,0.8316531351193317,0.7507665683655742,0.837250689707977,1.0110001920346616,0.5912897565555966,0.6219277678352382,0.32296604911851823,0.4369138061972154,0.8488245365827036,0.49822320892408656,0.7278621849575452,0.8197091656333794,0.6045818445495652,0.7569899897669181,0.6171857269217603,0.6764833222977307,0.8795156132541926,0.716335050669276,0.7092949862622904,0.4558018970269828,0.5331879524915086,0.6258272587619707,0.5856693513368574,0.7983561341493004,0.7147395648232613,0.4401767095988254,0.9359012623094783,1.0668139233989071,0.7462293537805954,1.0186257622069235,0.9840466136903169,0.43528632048539845,0.24956101027207378,0.0,0.8528139407376112,0.7424408141733095,0.8778651995296851,1.0693608229935292,0.6175945687882274,0.0,0.0,0.5196956740334675,0.7888052016106959,0.04869780889197346,0.0,0.0,0.850905011309727,0.5945691405095697,0.5446202095953807,0.5596629790610266,0.6215943329212,0.0,0.42652207639074535,0.60100253092314,0.0,0.8471701767935034,0.799062476646829,0.6207812284372041,0.666117368041689,0.0,1.0111412134746658,0.5019590976955711,1.0146048095884312,0.5249309446920483,0.3725883758924906,0.5482305105331039,0.531030866844234,0.6966049004464816,0.5837051918793279,0.9334946684609928,0.0,0.8712852921850156
0.32613296299373107,0.5020844780710687,0.0,0.448734872966125,0.5162371894922912,0.5578654075830864,0.41475988167687045,0.64291774163817,0.6760075785052585,0.4087230217532306,0.8684367669881057,0.4821035319044273,0.44454355505007936,0.5161479107615013,0.3344573289209982,0.37630580917637935,0.5809064858065083,0.5053037126867627,0.9382157407884208,0.3683479308119661,0.34034703454314486,0.5022735173684952,0.7255580225700402,0.3956027738438471,0.5090943981670866,0.4333344920347718,0.723152825011831,0.5881226405677265,0.5485769752796434,0.5582880140300523,0.5460414188854896,0.49966237112543216,0.46000827963873114,0.5440858168717962,0.5036685524671289,0.12537273354916695,0.44261042525462113,0.4288531334744238,0.6113654517247862,0.4696823094958952,0.38044799619115033,0.5238334287371056,0.4636177108034931,0.6133915297280069,0.0,0.0,0.1937802502421187,0.5964991432810292,0.4722975708121593,0.46342968936267676,0.4124197699333093,0.35702279038047174,0.5300907718989738,0.48460462868448323,0.38571899181245295,0.613111205175519,0.4555184500608016,0.675439203948302,0.7012832278061345,0.2431475145822948,0.0,0.0,0.0,0.5777960623090435,0.588550447098609,0.4369152657242839,0.09584181519187546,0.357839902272425,0.0,0.624606920823312,0.33582010988963507,0.379438207716693,0.4440502621644991,0.5956217692640053,0.6787762258924959,0.3527663345123422
0.0,0.3206091017769803,0.448734872966125,0.0,0.5477784146004467,0.42751730675281996,0.999486923121714,0.5583455139236984,0.5540980753440865,0.2809424258774005,0.46363727407862587,0.3221625821599479,0.6241372461924557,0.4445954289966586,0.5444944851980975,0.07478997453383143,0.5344732851103132,0.47314596546147947,0.4382317141958175,0.5464145590257834,0.4312714879244113,0.4983722693151803,0.6195394844311797,0.2188287823118199,0.8651255412737565,0.5889985419502182,0.492444648533951,0.4650353525801999,0.382760790285033,0.4758058806229952,0.7010069755614452,0.31498897728989583,0.1629564651010179,0.12582317533035192,0.16658543808013387,0.3007850401402513,0.24471458017185732,0.28817368320471826,0.16797824162002623,0.282526992932873,0.37955098136833404,0.27049078033294016,0.2198755615909638,0.2232530529505808,0.0,0.0,0.0,0.3734767090155807,0.0,0.0,0.5762445960762946,0.0,0.4684642180381458,0.0219296958981551,0.0,0.17442902352494355,0.45498331589903857,0.4468911378715743,0.0,0.0,0.0,0.0,0.0,0.0,0.0,0.0,0.4539561504390101,0.5264681586525914,0.0,0.0,0.0,0.46333297825805775,0.5183290772977799,0.5585602409294261,0.0,0.0
0.4204216330804562,0.8316531351193317,0.5162371894922912,0.5477784146004467,0.0,0.5403270435535559,0.8004268163258662,0.7814275003009249,0.6516288769981489,0.631856745075123,0.8713902620770989,0.5123394144248564,0.8817431734242664,0.5805176050619486,0.44185559311018174,1.040277238503289,0.5119552245270345,1.0044099619781441,0.663652721662638,0.8385594175018454,1.030203458007483,0.8852558432913715,0.5557729849024209,0.4998390760494228,0.9687491005975919,0.8510763135096673,0.5782866799209181,0.8883935041653189,0.858530715208452,0.44448836983073675,0.6095215541302843,0.5133313451688698,0.41586775314780183,0.6077051155113986,0.7711202584844175,0.4403016835187019,0.9243315201030917,0.4946033747591687,0.6149363008303411,0.7107604375327986,0.5198642648593597,0.4177748477409289,0.47072282010915895,0.6845397971791773,0.24793529411465598,0.0,0.38779572139057505,0.4877598330339722,0.0,0.5827338476679711,0.4738153738411044,0.556860138330107,0.5051134189787548,0.4319651091290276,0.0,0.49634239704925087,0.33243688697678375,0.6528714054147757,0.5071015534119372,0.2472788337367085,0.44683318009542805,0.0,0.0,0.5792402012524501,0.32434940866221773,0.49250871826980047,0.3806025958224529,0.4168778340150806,0.0,0.4704320893310424,0.5684249959483152,0.36348742111857,0.5444365126597732,0.4199136436076183,0.0,0.4653487130920667
0.5752219848833264,0.7507665683655742,0.5578654075830864,0.42751730675281996,0.5403270435535559,0.0,0.6161070117690692,0.5623019152499217,0.5629419667193961,0.45677098877259625,0.45428210858682017,0.5991000955923547,0.7609038823948789,0.46655227379158287,0.6755274776429714,0.7759116640963479,0.4821103235940684,0.8005620096186781,0.3504234361007965,0.6356691896796529,0.6117137172079785,0.5976760788725044,0.6292103712972745,0.2978681214116177,0.75639724483539,0.8175535899385618,0.5788291319602921,0.6722644986218055,0.6157028427544025,0.6912133800683042,0.6844215321527223,0.5845867615237185,0.5705027833021282,0.7103689474212402,0.8254564117834053,0.4813710279350843,0.3901035839143775,0.38073652175928574,0.6583741415660835,0.2990764519317953,0.5662459212221282,0.4229950371844213,0.35382648233329517,0.4851139851039519,0.1928627520824724,0.5803398477115034,0.4766186065591822,0.443755617415704,0.5527922827619076,0.38642762764237887,0.49882932536369284,0.49547588592561925,0.5576724545661682,0.501384712515321,0.6304379137325797,0.3107691160963889,0.32185193399583245,0.5312961554731228,0.5538072283846465,0.6025272010566478,0.5586760737974544,0.0,0.521364322594559,0.3890057116564736,0.36852197422289723,0.3518668112756048,0.7466123271848626,0.46371886536683116,0.5814647366131809,0.46483920048181254,0.44170894397402205,0.5238450563906885,0.5063485763467017,0.6070484786389336,0.4300963980735992,0.5679946123679166
1.2881471950425463,0.837250689707977,0.41475988167687045,0.999486923121714,0.8004268163258662,0.6161070117690692,0.0,0.5461982259051693,0.5519531885342124,0.4726847423037269,0.48180301464643316,0.3262395987431125,0.9398113323021386,0.6673823399964273,0.8883940836355635,0.8722423764527283,0.4142316878658061,0.8882680813257826,0.348541871640217,0.8275113475770688,0.6735988174418321,0.8256317789850127,0.5886775143297349,0.3979802201479443,0.8944699577859871,1.0549036420211628,0.5841463960781533,0.9765038768858665,0.8621691886389963,0.437524029392491,0.6262586195116753,0.35390380174964176,0.4444473704741975,0.6709107428862106,0.9609792356211384,1.0617403171165711,0.7834049388771116,0.5264988048369597,0.6007360618510985,0.3951683193616645,0.567344892333355,0.5129550815505401,0.5792516920649694,0.7539743978449138,0.3204375859175279,0.0,0.5528068973171938,0.49796834853342054,0.0,0.5076225955774637,0.42787978254782044,0.5408083716069327,0.4772077367852041,0.7006336007125521,0.5538172574050257,0.46660947062446,0.4306759429546241,0.45626746797072726,0.37890616651507525,0.3115528296507473,0.5769077304865384,0.0,0.5228416261940931,0.5623731470822654,0.5644218016271203,0.49052617940278265,0.5866832409428624,0.4640378213649427,0.4690998686260955,0.5963912924675596,0.5061042754522637,0.49195322429898075,0.5290566310343015,0.41531260667189485,0.7558625558425432,0.47305288488816677
0.8155167874189189,1.0110001920346616,0.64291774163817,0.5583455139236984,0.7814275003009249,0.5623019152499217,0.5461982259051693,0.0,0.43118169970672326,0.5177180846754796,0.8282843884475191,0.6285554229833192,0.62504896087864,0.720733854435802,0.33898173216326344,1.06136748735949,0.43128777809100105,0.7716897551654991,0.5179952792953918,0.4409056620817767,0.6504506397639591,0.8356708524090455,0.7145611282443621,0.644756188933838,0.7780445065307263,0.7273761696975359,0.46588832797574875,0.6173355454635405,0.6554778007011186,0.7314007991533003,0.6559297478000784,0.6762650201214282,0.826813850083437,0.685752389137334,0.5897386258574531,0.5586043557863474,0.6855718995800575,0.593352168649963,0.7222731305150529,0.4268707081185642,0.5245108960596938,0.47877683830772244,0.481566431342875,0.4273468564121488,0.0,0.5469615191752026,0.33669336566359764,0.5289868662640163,0.0,0.5502697429450765,0.623156238482598,0.6152397139770462,0.6272029924276568,0.4867415511559983,0.8238698692989833,0.4624852020456013,0.9372915736379774,0.5159282817146194,0.640296881568952,0.5872546075782846,0.3674104043930219,0.0,0.6418045963897245,0.6144809459367017,0.5368258825131859,0.5632279715102758,0.41830541150052813,0.5798707222617324,0.0,0.4089283706780194,0.35530846430654023,0.6155301503968389,0.583317548721783,0.6241166137128528,0.46570715038861,0.3675525004908655
0.4037097052261098,0.5912897565555966,0.6760075785052585,0.5540980753440865,0.6516288769981489,0.5629419667193961,0.5519531885342124,0.43118169970672326,0.0,0.5439064476170299,0.6905961416733425,0.5261996502263835,0.5993457635540462,0.5696573573983936,0.6061685446848586,0.4784301334779126,0.3949565375084899,0.5465919565297204,0.47474543274657544,0.5861984695737741,0.33056897201591207,0.6214236246472256,0.4277816568702851,0.4225581919902075,0.5369064454842281,0.8249124640450575,0.4435878755083599,0.43234871111320605,0.5984508993752458,0.5812599017473155,0.38504736114677807,0.36808685365345567,0.4563797918455236,0.41125727832601866,0.30325826708383197,0.5560658053907234,0.2039144499498123,0.5259001974117551,0.5270699752520686,0.47753449333076037,0.3874309724574375,0.3412436644993248,0.5479065211941282,0.4330836856086079,0.2722231593179537,0.0,0.4767903901516092,0.3734918631896501,0.4669450490026462,0.24223794970865956,0.4361547450725328,0.37346633018564757,0.36531802785044476,0.3190988968857542,0.19164191585121743,0.23017093688059093,0.407861232787244,0.13057435988260335,0.1502971650066239,0.4555510379342434,0.6586647563497723,0.0,0.0,0.3677835478375663,0.5780290983871423,0.684623365938998,0.5287629130091649,0.34301430601388483,0.31422315233295894,0.5361984130655983,0.2785075051478824,0.3258141374540262,0.32233448428932276,0.5372859000237504,0.5010360232575032,0.5880335759793521
0.7000301806960234,0.6219277678352382,0.4087230217532306,0.2809424258774005,0.631856745075123,0.45677098877259625,0.4726847423037269,0.5177180846754796,0.5439064476170299,0.0,0.5498530496842619,0.6964365111777222,0.6958447071377444,0.6714850334694454,0.4596173978142582,0.5078886414208638,0.6391750049641707,0.48513377099385424,0.4337091797282702,0.3781432001747407,0.9592160863471357,0.6775661026809765,0.13806485205912672,0.5721813404096495,0.7175420927261402,0.6138292062456276,0.346371559158196,0.7993826255800287,0.3829011137048681,0.36773392699749585,0.8037077610042994,0.1736462897833325,0.7158914204096334,0.6804015158637178,0.6123617483594522,0.15237307640355807,0.3996711151831044,0.7241309943916853,0.5313644343486179,0.5100234903051155,0.6768926069238976,0.46078275670109214,0.2631222981832091,0.2870239548170941,0.6569282834285406,0.385252563436062,0.5307686833188806,0.14603379500017272,0.47695552349398307,0.41234514476985673,0.4992956004761051,0.4175237209375605,0.5628524354185687,0.21610582471595421,0.4669187497280438,0.41182047332226235,0.465137141986187,0.5351922276084293,0.0,0.8967065530960892,1.188477079197018,0.19652570163960903,0.20855913150368832,0.4686650759584524,0.4646577834545613,0.5468092611248577,0.334380689578088,0.5331547723984823,0.42576174099375624,0.1744919306879395,0.299972940634149,0.5536403360952606,0.5117204503391489,0.3932437023391612,0.0,0.5983431600151957
0.38320821164322383,0.32296604911851823,0.8684367669881057,0.46363727407862587,0.8713902620770989,0.45428210858682017,0.48180301464643316,0.8282843884475191,0.6905961416733425,0.5498530496842619,0.0,0.5058479497758701,0.43176272850055164,0.5113137495436529,0.0,0.5116167877833556,0.4637804153162892,0.4924042018311126,0.7759639407203085,0.44630394548423574,0.498208316117728,0.3760015516131222,0.9059082339165854,0.4429066503181825,0.5296495546216865,0.5354486335431303,0.42399271812157635,0.47989450117661825,0.4009168333390814,0.5000359816500639,0.4549828394178084,0.15920920527391114,0.39357496075811144,0.4451251249615336,0.48651847472062315,0.4697028007627525,0.6057101515005561,0.5060427542855825,0.55243618864495,0.5344654249470726,0.4839001600818523,0.4340632588486075,0.5211238070077515,0.5528935670075814,0.18036504321785946,0.0,0.0,0.5796904614200279,0.4683967849649615,0.19865551666484493,0.3802839317503887,0.4630863778142135,0.5837608861348854,0.5335144700222035,0.44290563560725704,0.654957486104246,0.37521739428441003,0.5165490821757042,0.549246086431638,0.0,0.0,0.0,0.0,0.6206529039312176,0.3461567077474439,0.0,0.6603847878925381,0.3936060663983658,0.0,0.0,0.881480863672673,0.25710839725627244,0.4435557518945097,0.34857806544126013,0.0,0.5262633729419739
0.6806260603798135,0.4369138061972154,0.4821035319044273,0.3221625821599479,0.5123394144248564,0.5991000955923547,0.3262395987431125,0.6285554229833192,0.5261996502263835,0.6964365111777222,0.5058479497758701,0.0,0.4604449391497517,0.6054971809145566,0.4065937444505975,0.5805908056710221,0.6793743519626669,0.5935564682515584,0.4686333559252879,0.5588419840423529,0.4538839725599696,0.4255925035861071,0.4416341396447167,0.48722550027590084,0.6375260084352283,0.592892433336645,0.4818224014589075,0.5191694514293902,0.5902445886408129,0.29375805800373533,0.7443731505349553,0.4199829265857086,0.7425890902175835,0.4158969801911766,0.5430782694659506,0.10212353482036501,0.24462447808448648,0.5786971647062655,0.6524401137956894,0.39137457899545997,0.6253307426114065,0.23931836741463883,0.37397032848843653,0.41057732549297915,0.4596733554901661,0.3877780252227675,0.5762321975788525,0.2475131590951717,0.19731740814469295,0.2576932278022398,0.34441317029630536,0.4744814383059619,0.2396023055867969,0.38345309667114774,0.3940371453561471,0.2269625557683203,0.44405891446508083,0.4439904657106499,0.6746059803443716,0.6242379096306749,0.5282462844805214,0.09117175433454427,-0.015287502623866134,0.33787432694868036,0.7350217463306521,0.7597291937273425,0.4101207695191241,0.5399579958723857,0.5248815425260235,0.17792823034598165,0.272700627260285,0.34304549770441306,0.5767486025030504,0.464448298421867,0.0,0.6730537652151746
1.1901131738732746,0.8488245365827036,0.44454355505007936,0.6241372461924557,0.8817431734242664,0.7609038823948789,0.9398113323021386,0.62504896087864,0.5993457635540462,0.6958447071377444,0.43176272850055164,0.4604449391497517,0.0,0.5763147998332885,0.7567461884225414,0.8909957806567852,0.39109061741958734,0.9876501875438171,0.38649642401048634,0.9065492279842715,0.7510170165029812,0.8176230780614362,0.6695036871668981,0.33931862943953994,0.9705554193982672,1.0939453668750958,0.6562245726099756,0.7006323382899664,0.7733810554298488,0.2973556621540283,0.49050141477078607,0.27708176916962485,0.39587396013764137,0.6661288084548588,0.8703229157428825,0.6600088368080888,0.6754901590269589,0.4426785933383478,0.927040881984105,0.46305999393465996,0.4896849485398225,0.5246129706811282,0.5568759015032463,0.3750053497440746,0.3647053840016603,0.5775332860847945,0.6229668321367325,0.461772748792856,0.0,0.6154399031083251,0.5439342339770159,0.5059296203185495,0.47937402589657674,0.5388878367239829,0.4914829298582404,0.4270430942982961,0.43182055594840835,0.5422890100602248,0.41381021793948314,0.43573861045665485,0.47676500792469684,0.37714162077057406,0.5401165601193465,0.50510290409184,0.41771349397485985,0.5525550109168381,0.5089082779355079,0.6111491854949631,0.4826105342487901,0.46705362768204683,0.45533397089361555,0.6108235264572923,0.49561281242628563,0.709873402588918,0.5068325373605798,0.48857060524472584
0.8453692837759337,0.49822320892408656,0.5161479107615013,0.4445954289966586,0.5805176050619486,0.46655227379158287,0.6673823399964273,0.720733854435802,0.5696573573983936,0.6714850334694454,0.5113137495436529,0.6054971809145566,0.5763147998332885,0.0,0.5140473089778285,0.5546415275721649,0.455250430087319,0.4988379817623285,0.45388938812981927,0.3867799431233826,0.7304786493042174,0.24989145525433404,0.6915685755639661,0.6023237157239223,0.517738690035609,0.4164094977469545,0.46332863220858256,0.9242892285861534,0.37892227345193363,0.7600511715745746,0.469072226499862,0.10345568263722818,0.24411216409968123,0.6723769851912987,0.35426543968960383,0.2671610665719586,0.24130806475776528,0.4021300181254551,0.6990381710683788,0.0,0.6877498525426813,0.8173065256770842,0.5487128715140595,0.4715278690491358,0.0,0.0,0.0,0.13428899466009558,0.0,0.4915940151408088,-0.10243081847921653,0.46437341015468847,0.5498187268689338,0.42384306277384864,0.0,0.4782449919010332,0.38358723710107756,0.7057198340606115,0.43310488162900534,0.0,0.0,0.0,0.0,0.2578962460258698,0.0,0.0,0.0,0.4134460755590723,0.0,0.0,0.0,0.48150214222376314,0.7239131706574544,0.0,0.0,0.0
0.5090465842952017,0.7278621849575452,0.3344573289209982,0.5444944851980975,0.44185559311018174,0.6755274776429714,0.8883940836355635,0.33898173216326344,0.6061685446848586,0.4596173978142582,0.0,0.4065937444505975,0.7567461884225414,0.5140473089778285,0.0,0.8017003497285022,0.3810312708864507,0.7858048857096107,0.0,0.554521574915148,0.44181099043666505,0.24464634363665183,0.6498638085307975,0.5962524125177605,0.7171252920952795,0.46968839019012376,0.5740350328521944,0.5597583189050558,0.9027276078176292,0.39356248363663193,0.8959249052715919,0.934645681391798,0.8140298190575767,0.9772000185777392,1.0204863653261798,0.8753147060629989,0.3628019304910915,0.3722981396548668,0.654064569508627,0.6074711208245926,0.6810008659484559,0.6472480835684999,0.44880571258899554,0.5987428292595048,0.0,0.5740553485345656,0.5885645844438104,0.44544300057184105,0.0,0.0,0.5240694398375991,0.6791437747316009,0.5468214003382317,0.525737722599426,0.0,0.0,0.6503660981994014,0.5222818345066693,0.4709482409457944,-0.009164904712766708,0.5793125518394289,0.6147817487785658,0.722407152879007,0.0,0.5252290738027241,0.3815642365361258,0.015397207527574508,0.6993174778214384,0.4401345982210494,0.5509161733271699,0.6521352840519796,0.504068179425724,0.6470273839516729,0.6173148744890062,0.4930026376417361,0.5268133612317863
1.020226914314574,0.8197091656333794,0.37630580917637935,0.07478997453383143,1.040277238503289,0.7759116640963479,0.8722423764527283,1.06136748735949,0.4784301334779126,0.5078886414208638,0.5116167877833556,0.5805908056710221,0.8909957806567852,0.5546415275721649,0.8017003497285022,0.0,0.5266623746061222,1.0309919966661378,0.4459204998317162,0.7389473846514412,1.0292621341182848,0.6626981804779593,0.9065083739142925,0.6418159028823188,0.7551885614566725,0.9993791977811324,0.6690576234911016,0.8219911686648136,0.7910028171637877,0.43869894809800825,0.6926984638499283,0.9746051013317906,0.8236333733749353,0.7633846573146299,1.0189520345836798,0.631490009588706,0.3515247220428894,0.5844506239151197,0.9923999465829607,0.7134605100543048,0.9341692011346392,0.9358169132734382,0.47171204548563883,0.0,0.0,0.587979154374179,0.9054845999923462,0.0,0.0,0.0,0.514479677140892,0.5814297640797895,0.861729919637535,0.0,0.5966860947900827,0.0,0.45064965601879814,0.5826192481928576,0.0,0.5286470793095024,0.9170911559297175,0.5826614295872952,0.6962312183561937,0.0,0.5330235283429587,0.5520663684473546,0.9932101553070544,0.5464504658020068,0.36595525336957424,0.7073600021659103,0.7347592360255204,0.5440505151040852,0.5876429554417995,0.6413519374086751,0.0,0.4898491690014577
0.3050130755184353,0.6045818445495652,0.5809064858065083,0.5344732851103132,0.5119552245270345,0.4821103235940684,0.4142316878658061,0.43128777809100105,0.3949565375084899,0.6391750049641707,0.4637804153162892,0.6793743519626669,0.39109061741958734,0.455250430087319,0.3810312708864507,0.5266623746061222,0.0,0.9242755294640728,0.609636772410177,0.5296405308054749,0.7011224436450314,0.7302243017695798,0.4738527666158723,0.3741890902393382,0.6994827178576875,0.3973374747498985,0.5387372601353277,0.715032145881052,0.5903186431771938,0.49995474538349527,0.47852720832558804,0.5080962605573912,0.5403122149956119,0.6706288033023976,0.7516095227444721,0.5775158443360848,0.23892996659039878,0.4468513754408049,0.4257803206785969,0.38208317470361297,0.39447910760726257,0.2090053693498557,0.0,0.0,0.5067458651369781,0.4369951929488005,0.6175104152841153,0.0,0.0,0.0,0.0,0.0,0.0,0.0,0.30458653128497815,0.0,0.31753761265666286,0.3116137540957393,0.0,0.7637145664538807,0.49463063022582043,0.12402975694318169,0.20787853613947196,0.0,0.0,0.0,0.5633536940158834,0.0,0.27731020042678534,0.271614566567693,0.31801281817179716,0.0,0.27637381817142875,0.4667979675756541,0.0,0.4230699697632778
0.6085599645682485,0.7569899897669181,0.5053037126867627,0.47314596546147947,1.0044099619781441,0.8005620096186781,0.8882680813257826,0.7716897551654991,0.5465919565297204,0.48513377099385424,0.4924042018311126,0.5935564682515584,0.9876501875438171,0.4988379817623285,0.7858048857096107,1.0309919966661378,0.9242755294640728,0.0,0.47483106728002666,0.7110307468882824,0.8909630595007592,0.7301051155255416,0.8330122102638956,0.40031709399609505,0.7542914098273841,0.6388463830984947,0.7805757595373237,0.8724095236445217,0.751072794451906,0.8538779930049665,0.5128167228386517,0.8221534531643944,0.5689803202298536,0.8126565570479166,1.016572390478561,0.5005473196414805,0.24988249085418074,0.3948121058001828,0.6513694531334608,0.474329262156878,0.6026372885817328,0.5883628074964347,0.0,0.0,0.5883475599461465,0.4882110548119965,0.6115199998417764,0.0,0.0,0.0,0.4698486843316739,0.5494986640569115,0.8593173696216925,0.0,0.44017771199751193,0.0,0.390725242730706,0.5124341413250297,0.0,0.5353955577550393,0.6921126523621359,0.37107558690962106,0.4279347678134555,0.0,0.46969323243307104,0.5976689674009331,1.0300048237530464,0.7067133204859346,0.3273113884239928,0.4059553844369662,0.3776665291216454,0.4646367228114461,0.6704838739595484,0.4406232112231197,0.0,0.6164518669215996
0.0,0.6171857269217603,0.9382157407884208,0.4382317141958175,0.663652721662638,0.3504234361007965,0.348541871640217,0.5179952792953918,0.47474543274657544,0.4337091797282702,0.7759639407203085,0.4686333559252879,0.38649642401048634,0.45388938812981927,0.0,0.4459204998317162,0.609636772410177,0.47483106728002666,0.0,0.538866183140905,0.4510709098499123,0.6786197353713587,0.5298220144779485,0.4355899913367691,0.505130877893254,0.473640543917933,0.502614818618533,0.43878845222970975,0.5775261445538007,0.5813709574355775,0.5180312642730693,0.5113422998441728,0.4447260478722159,0.5351177034760671,0.4865909792429152,0.22987234696363928,0.21383932918250026,0.37057737211724606,0.6679375211083818,0.3847363409547677,0.3883818063951575,0.2016208152552279,0.6508456823977152,0.3510922125742536,0.40172654605637226,0.0,0.0,0.4808413485842875,0.0,0.47157591410974053,0.1977489530820942,0.4534240306037484,0.2854139060531993,0.3618131619273536,0.8623812341437134,0.44661561665637783,0.49540115715185906,0.418968111082699,0.3551952762022226,0.0,0.0,0.0,0.0,0.47933687028635624,0.46985072568053105,0.0,0.49233894489181185,0.30996774408448335,0.0,0.0,0.0,0.19562044820951435,0.48435096967991137,0.4267757554439008,0.47002019329199063,0.5270673567182655
0.6276144604896644,0.6764833222977307,0.3683479308119661,0.5464145590257834,0.8385594175018454,0.6356691896796529,0.8275113475770688,0.4409056620817767,0.5861984695737741,0.3781432001747407,0.44630394548423574,0.5588419840423529,0.9065492279842715,0.3867799431233826,0.554521574915148,0.7389473846514412,0.5296405308054749,0.7110307468882824,0.538866183140905,0.0,0.5469845810413785,0.8353808775091542,0.4451809694139295,0.5372738697220054,0.7030968840298465,0.6553059343776955,0.5914094189058451,0.8147503051886751,1.050829588750479,0.8265239875901733,0.7913510855433432,0.7327228339575538,0.7128665162176849,0.8123237954504869,0.9698372954956631,0.567723760455168,0.3979805488907801,0.7662166647681694,0.6355137410109375,0.7803299830943619,0.7660660323667468,0.7511223845197368,0.4933640061445894,0.2585024324122037,0.1957057156679175,0.9800475190915703,0.946452064612828,0.45005888646274983,0.0,0.0,0.47771972607093705,0.6067256851338055,0.5822687100332443,0.3965955073521086,0.9270742632894555,0.0,0.5234852409307504,0.8218821389874141,0.0,0.7261166179746117,0.5256186970559427,0.47267998101607966,0.5601577027432456,0.0,0.5165332828592712,0.46146681528711797,0.8647984222880851,0.47321798636329726,0.0,0.53293604067738,0.8408300682827161,0.48969386250885094,0.5386285293151603,0.6246639086419449,0.39027119493721885,0.6748528119643864
0.5821434857493709,0.8795156132541926,0.34034703454314486,0.4312714879244113,1.030203458007483,0.6117137172079785,0.6735988174418321,0.6504506397639591,0.33056897201591207,0.9592160863471357,0.498208316117728,0.4538839725599696,0.7510170165029812,0.7304786493042174,0.44181099043666505,1.0292621341182848,0.7011224436450314,0.8909630595007592,0.4510709098499123,0.5469845810413785,0.0,0.6874370281965343,0.5572199889330965,0.6687451167307321,0.7066300101137708,0.5484039802722035,0.44388342740309006,0.683669677311908,0.7566337551053905,0.819996671543046,1.024579137505166,0.8238578065973859,0.7883476078883336,0.9967724701123888,0.9967768726839619,0.930165287296166,0.31128842604814044,0.5147344774764192,0.5900151172295071,0.30726436815168556,0.47506220187632164,0.5405281381206295,0.5621651768427978,0.0,0.0,0.6225169387350261,0.3961677315923803,0.6190461026905874,0.0,0.0,0.4461610263382194,0.39949448261275433,0.07514940603692605,0.49410590342602934,0.5566827467825526,0.0,0.7394193400333448,0.7570739196379161,0.0,0.5238839508829927,0.5118613381770473,0.0,0.504557663002686,0.0,0.32371218429743387,-0.11674662368069705,0.4331890716175535,0.43319892562380924,0.7648717586905271,0.4684933566083975,0.5316856992568249,0.36036774616993184,0.6862042353062363,0.48487878050745287,0.35042273102539256,0.23400350851806018
0.9178370853763188,0.716335050669276,0.5022735173684952,0.4983722693151803,0.8852558432913715,0.5976760788725044,0.8256317789850127,0.8356708524090455,0.6214236246472256,0.6775661026809765,0.3760015516131222,0.4255925035861071,0.8176230780614362,0.24989145525433404,0.24464634363665183,0.6626981804779593,0.7302243017695798,0.7301051155255416,0.6786197353713587,0.8353808775091542,0.6874370281965343,0.0,0.7517371675280222,0.46362996811450885,0.8147428526304223,0.8848797210872165,0.5652562976112054,0.9050587220953727,0.831846039456706,0.8752280240041135,0.8160913587987589,1.0033735485558966,0.9030528649121349,1.085754161116372,1.0392694548435908,0.8965150519660199,0.7420791085130334,0.5296267518093833,0.9159054718192151,0.8085929427061973,0.9306579805907871,0.9361899354707488,1.0277301961654162,0.34573858671717583,0.23263311132378778,0.6393655172847222,0.961576701249387,0.5689781321977058,0.4708553736951221,0.23939878273742263,0.7459878148285561,0.6430356105121985,0.4296651932908119,0.6316120099708411,0.407236718161604,0.0,0.4982628377342727,0.5764572025539103,0.0,0.8200069139377599,0.9402926744090379,0.4137976818046417,1.0781306469867151,0.0,0.7403627563489591,0.5089160332158926,0.9051711359541519,0.5830367628245773,1.5014402441015517,0.8399408826312774,0.8137684929788587,0.6165711619679193,0.5152105177016938,0.8102879937821745,0.5566123505095009,1.0374124590286709
0.601619352049829,0.7092949862622904,0.7255580225700402,0.6195394844311797,0.5557729849024209,0.6292103712972745,0.5886775143297349,0.7145611282443621,0.4277816568702851,0.13806485205912672,0.9059082339165854,0.4416341396447167,0.6695036871668981,0.6915685755639661,0.6498638085307975,0.9065083739142925,0.4738527666158723,0.8330122102638956,0.5298220144779485,0.4451809694139295,0.5572199889330965,0.7517371675280222,0.0,0.657213764976605,0.8125474541336797,0.6167451152382771,0.5870387128552802,0.5893431708259151,0.6734073832207691,0.6204291109451343,0.650525501733868,0.658438058775963,0.565703512867382,0.7243240734328914,0.7032961400863463,0.7768133668779429,0.5068810090676295,0.324952543950245,0.5766712127695669,0.3092303608097543,0.5695104496593785,0.5697973533281854,0.4783401228835845,0.5443334041327184,0.5259985537010724,0.4297077108300136,0.5008936533651664,0.5726129726131595,0.449591650901536,0.5372911324801943,0.5145803029690613,0.5138672908970288,0.7005840105425922,0.5582619442619361,0.5582154533566059,0.7402680450599515,0.43599931780920165,0.48843296373127837,0.7606808377421173,0.5266822914667092,0.5867231500094549,0.46465778345456143,0.5305539635558147,0.5964402595658812,0.4090305102639916,0.4250692691927263,0.5905921805065374,0.6340528950879669,0.2115059351583529,0.5855296276295145,0.4029399872582535,0.469994996295623,0.4884035740317125,0.5238473076177024,0.6528796069549794,0.5513129990846356
0.6570606470574979,0.4558018970269828,0.3956027738438471,0.2188287823118199,0.4998390760494228,0.2978681214116177,0.3979802201479443,0.644756188933838,0.4225581919902075,0.5721813404096495,0.4429066503181825,0.48722550027590084,0.33931862943953994,0.6023237157239223,0.5962524125177605,0.6418159028823188,0.3741890902393382,0.40031709399609505,0.4355899913367691,0.5372738697220054,0.6687451167307321,0.46362996811450885,0.657213764976605,0.0,0.44247142760022456,0.5088967655500294,0.6132785910630982,0.4344307958194415,1.1865256807223927,0.8089774581240925,0.8785208465327918,0.6938377611779756,0.5264242870205628,0.44739141109232455,0.4834569237282324,0.37099716652067494,0.47009729714736986,0.4258665491239306,0.7028775436288809,0.6092458578854818,0.6422910900631758,0.6101045539861478,0.5800624786055046,0.3571156644136192,0.6195020284438448,0.37360359145167266,0.49005001882155386,0.0,0.0,0.475463650820805,0.5772841751201481,0.30025093216861476,0.0,0.011465344580620578,0.44009595570464694,0.5435940259214214,0.40473155876572964,0.416386435268303,0.0,0.22868703093028794,0.5325943930810807,0.037583415655641106,0.17250131598074453,0.4717442210756029,0.3443041332326152,0.4065733708500115,0.16411837518732603,0.8409730583702311,0.4384504437509122,0.21870800066144377,0.21224779949053868,0.5415368055720832,0.5961824987883504,0.5833536094132344,0.0,0.5339997847724208
0.54301921790762,0.5331879524915086,0.5090943981670866,0.8651255412737565,0.9687491005975919,0.75639724483539,0.8944699577859871,0.7780445065307263,0.5369064454842281,0.7175420927261402,0.5296495546216865,0.6375260084352283,0.9705554193982672,0.517738690035609,0.7171252920952795,0.7551885614566725,0.6994827178576875,0.7542914098273841,0.505130877893254,0.7030968840298465,0.7066300101137708,0.8147428526304223,0.8125474541336797,0.44247142760022456,0.0,0.5393838357307029,0.7313422569992027,0.9514763031502997,0.7362061377791592,0.377265715257458,0.6214689747473163,0.6357181288574064,0.672947814667392,0.7318685641014908,0.924386337571842,0.4173583011519477,0.5943111664164173,0.36329414292151135,0.6532046891552552,0.4627772446807352,0.5978237075004,0.603910862731855,0.09604855732177654,0.0,0.5173255207560443,0.4179908187145031,0.5246510707588894,0.0,0.0,0.0,0.5326845943723737,0.5157694616064195,0.6377919225743911,0.42906750059470267,0.3846301207033832,0.44905953094892326,0.41492661899304983,0.41053738345940544,0.0,0.529129920890913,0.6040521955088938,0.2211254921708802,0.41760177276590466,0.0,0.6335768447215516,0.533212168776572,0.7929319408936377,0.5024322117637413,0.31188351077955445,0.38367053088054026,0.3616036039800542,0.4560844466829055,0.639396393490971,0.5051202362743784,0.0,0.5313734035809272
0.7583696216677611,0.6258272587619707,0.4333344920347718,0.5889985419502182,0.8510763135096673,0.8175535899385618,1.0549036420211628,0.7273761696975359,0.8249124640450575,0.6138292062456276,0.5354486335431303,0.592892433336645,1.0939453668750958,0.4164094977469545,0.46968839019012376,0.9993791977811324,0.3973374747498985,0.6388463830984947,0.473640543917933,0.6553059343776955,0.5484039802722035,0.8848797210872165,0.6167451152382771,0.5088967655500294,0.5393838357307029,0.0,0.672260910426904,0.9017175795411001,1.016514450301674,0.3581946325165748,0.8097497846748711,1.086749371311413,0.7886598801014755,1.0286809883170198,1.0704280354859006,0.9154578145838186,0.42648832323285213,0.41219771515147274,0.4318397227062769,0.2948248414038463,0.3081602340963897,0.3285150809899712,0.19189519679215367,0.5335223581888935,0.5405835731898263,0.40580748061375865,0.7426197690240981,0.6459472163022607,0.0,-0.00102527575362914,0.5191841818763163,0.5464135662149759,0.5215685818812223,0.4019963056286513,0.296099594623075,0.0,0.2990519187211501,0.596821298458022,0.0,0.6823823463679506,0.5837323716059342,0.07377972121365922,0.17290749898632612,0.0,0.8288080739318067,0.31042965604485984,0.8603395334993221,0.6805239914552659,0.27540723966434333,0.19186342305306606,0.2110881651275529,0.48784139202340254,0.590704132037875,0.5135790526008953,0.439724478194977,0.3420333053246033
0.4970009438239795,0.5856693513368574,0.723152825011831,0.492444648533951,0.5782866799209181,0.5788291319602921,0.5841463960781533,0.46588832797574875,0.4435878755083599,0.346371559158196,0.42399271812157635,0.4818224014589075,0.6562245726099756,0.46332863220858256,0.5740350328521944,0.6690576234911016,0.5387372601353277,0.7805757595373237,0.502614818618533,0.5914094189058451,0.44388342740309006,0.5652562976112054,0.5870387128552802,0.6132785910630982,0.7313422569992027,0.672260910426904,0.0,0.5997206815954315,0.7243897481772779,0.6538642927377569,0.6416459919414437,0.7229213053973751,0.5171297525580225,0.72213520356831,0.7172422091634064,0.8497789265795217,0.5280906260877721,0.36484597786859185,0.6015446544603611,0.34402669007861725,0.576657326016405,0.5670025985099856,0.4741455757345418,0.5221747692516094,0.4030497677794044,0.3964162695845792,0.4345335882227273,0.5143795723396547,0.47516281881885414,0.4232288854746303,0.46293608192307045,0.4311164044693635,0.3719512067570273,0.42078223306389584,0.6845817509901124,0.3144090815806107,0.34108051550355534,0.47291503216062125,0.6250990572791005,0.469370020470626,0.5661853063465461,0.0,0.4138076757154682,0.43053930920020306,0.4524580500417953,0.3504050916707683,0.44258512859154536,0.39604897542347345,0.0,0.5570346508809256,0.37585021300358057,0.4695282392363303,0.5409033957279571,0.5200047289452073,0.5919780279008204,0.5110513391757006
0.8301781468139517,0.7983561341493004,0.5881226405677265,0.4650353525801999,0.8883935041653189,0.6722644986218055,0.9765038768858665,0.6173355454635405,0.43234871111320605,0.7993826255800287,0.47989450117661825,0.5191694514293902,0.7006323382899664,0.9242892285861534,0.5597583189050558,0.8219911686648136,0.715032145881052,0.8724095236445217,0.43878845222970975,0.8147503051886751,0.683669677311908,0.9050587220953727,0.5893431708259151,0.4344307958194415,0.9514763031502997,0.9017175795411001,0.5997206815954315,0.0,0.678861275218529,0.41677406146252294,0.6812705882617791,0.1237618388024978,0.11953265760097237,0.4865713935060453,0.5133621732919641,0.5093620558562452,0.7301652508146954,0.18760598439766224,0.3714230741963652,-0.02460350947764567,0.9053617903819431,0.3598827416361282,0.8959325283900017,0.43646528423172354,0.5565273721314963,0.5984817555975201,0.5923927062509453,0.5209048874746582,0.0,0.6342937384153602,0.600682915580706,0.5135520763499207,0.6442334049857326,0.49160691613252777,0.5578324090873387,0.45411852938835895,0.4214083073215874,0.6827378546457399,0.3355601701840031,0.7572908373043147,0.4609735930919312,0.1742383576364206,0.5626047817504958,0.662469517956882,0.6137763375164988,0.4859111118967413,0.39244974946670846,0.6072131221392811,0.4897288546509602,0.5812134608587687,0.3802172489557473,0.6546438765394667,0.7182103494035532,0.6673952579522092,0.4754873620034411,0.7540449117870551
0.7419446118384465,0.7147395648232613,0.5485769752796434,0.382760790285033,0.858530715208452,0.6157028427544025,0.8621691886389963,0.6554778007011186,0.5984508993752458,0.3829011137048681,0.4009168333390814,0.5902445886408129,0.7733810554298488,0.37892227345193363,0.9027276078176292,0.7910028171637877,0.5903186431771938,0.751072794451906,0.5775261445538007,1.050829588750479,0.7566337551053905,0.831846039456706,0.6734073832207691,1.1865256807223927,0.7362061377791592,1.016514450301674,0.7243897481772779,0.678861275218529,0.0,0.5809448538651409,0.7665629015697053,1.0046816770833786,1.034907439950501,0.9180169430827663,1.0598321792008192,0.5064499624053967,0.13736021319346425,0.5024962648041453,0.7845381491439494,0.402155967837353,0.7678522624514392,0.7917077272028723,0.35959175577326136,0.5126551497406323,0.6110796276772763,0.8458793067810462,1.137211675431743,0.5052101375996283,0.4743394187660839,0.415186635449293,0.591992756749484,0.5241074766642744,0.716735673043537,0.49280290310663266,0.596032307313919,0.4160303295492146,0.5491940311926028,0.6492151700490922,0.7803690443794168,0.732790721535886,0.5457587077668734,0.4697719792259525,0.5218201679488624,0.4845785793944344,0.6431020785387894,0.6481752755646351,0.8458876507249558,0.6544786582016475,0.46301041835726986,0.5738360922023824,0.42542674675796216,0.6529459304572234,0.6628216395123929,0.7077066701846553,0.41745041118817694,0.7225831935068331
0.5614983660110795,0.4401767095988254,0.5582880140300523,0.4758058806229952,0.44448836983073675,0.6912133800683042,0.437524029392491,0.7314007991533003,0.5812599017473155,0.36773392699749585,0.5000359816500639,0.29375805800373533,0.2973556621540283,0.7600511715745746,0.39356248363663193,0.43869894809800825,0.49995474538349527,0.8538779930049665,0.5813709574355775,0.8265239875901733,0.819996671543046,0.8752280240041135,0.6204291109451343,0.8089774581240925,0.377265715257458,0.3581946325165748,0.6538642927377569,0.41677406146252294,0.5809448538651409,0.0,0.4051975795398799,0.3839575554107603,0.42308347989214257,0.7636121661887065,0.5703155681882526,0.49963183733722133,0.26209186812776025,0.4586175609589767,0.8558315893816584,0.4484006075461342,0.46407989528950244,0.6828817214922847,0.6200353244081542,0.059609120158562706,0.0,0.0,0.0,0.19779939414475292,0.0,0.0,0.5309440435116296,0.5175519195470716,0.3974179054398502,0.6536955675240215,0.5060058772439482,0.0,0.0006068226576141367,0.40108220590483296,0.0,0.39410175831525496,0.0,0.0,0.9288821451881584,0.9303325018957281,0.4802995425465513,0.4778260338394054,0.5422329058046653,0.6522539402223171,0.0,0.3652346549029879,0.4726174521335247,0.6801701212566221,0.526225250098817,0.6678185657732376,0.3981155843072737,0.351223528504256
