0.0,0.0364521869618144,-0.0011683074537271465,0.0,0.00039536927567429547,-0.001558972926915092,-0.0005025911811021855,-0.004906550373972751,-0.0003752309898010786,0.04831070239216706,-0.0008312861534514604,0.0511525866187052,0.0011172455771507606,-0.003313285759783957,0.05083529665704983,0.0440882684578674,0.004299890134356832,0.054656436390476626,0.0,0.047681526205086866,0.04084027704703247,0.04817769790947185,0.027302719222535188,0.09281559018237895,0.041344900687427855,0.060901740443597197,0.07461249789044977,-0.0016115284553376852,-0.0004347062978886096,0.00017350628174234162,0.07113931841437815,0.029604959493589822,0.06735366784161856,0.041280147103494536,0.03453671143363418,-0.00025693144629662656,0.0005465714788926435,0.09655423501160981,0.016998637379942394,0.0022878722564048104,0.0034865747281382364,0.0014208149488492694,1.6664245125641575e-05,0.0,0.00025117238877730985,0.042743180486012056,0.04597390763237846,0.0,0.0,0.0,-0.002049620138273367,1.1102230246251565e-16,-0.0001753652734863831,0.0,0.002088917050432848,0.0,0.0016014633161344771,0.0005223324754004,0.0,0.0002720711848832602,0.04317887039434887,-0.0010578223411310539,0.05956172427800849,0.0,-0.0011992302378309727,-0.11109427722396853,0.01964330951053367,0.0027299926966654064,0.12848848066753654,0.05195291016798986,0.05091029083274262,0.000530794849883498,-0.0002860790317162354,0.0013752535446296399,0.0,-0.00043985005819485723
0.0364521869618144,0.0,0.02023854924477375,-0.00017835525556625376,0.004618236590128,0.01631980020409557,0.007279086359364195,0.032848461828625886,0.011441663742284447,0.0016296171385462022,-0.0001293017037912736,-0.0018877063637677827,0.017727360898933675,-0.0006631078762922571,0.032947772027977884,0.027789128616552694,0.0022484854002825516,0.03520282066482239,0.0013204831835928466,0.025112454448719457,0.02108275532149778,0.029240001443559926,0.06341127080542674,0.001976092212813252,0.03812593508372919,0.03762720602561842,0.044434307995864786,0.02523307909921918,0.02436837592268809,-0.0031980811217430793,0.03053114448290012,0.013461420890393483,0.03115714352271587,0.0034770507860296673,-0.019121713396780593,-0.002087198652451272,-0.0002740006958847352,0.0,0.01170032874799004,0.028373562476515624,0.010580431283405578,0.008264119737622755,0.0003246253070834926,0.0,2.220446049250313e-16,0.04593802296386934,0.028298233369397296,2.9772882914058663e-05,0.0,0.0,0.013151306169061294,0.0012736588580596897,0.00022603132593806974,0.0004184577530607636,0.0015581108082440842,0.0,2.995963385882261e-05,0.0035988637019786496,0.0,0.026879244080386888,0.02598950213433443,0.0029984144501753462,0.03735724366591925,0.0,0.016987846609334334,0.006318641515798418,0.008670308758575829,0.04385192114636399,-0.0010974862935498875,0.032402549001608605,0.03956394252165685,0.018618052737729762,0.00035461609386200355,0.01904424025912399,-1.1102230246251565e-16,0.015658529070912974
-0.0011683074537271465,0.02023854924477375,0.0,0.1070110201509411,0.04979223680509692,0.051367217692074196,0.05149759793264441,0.08625515035580145,0.026296166628314854,0.059201518923475804,0.037842820697942814,0.010840505242103615,0.05035934255722874,0.06958964607534568,-0.0002966346390259611,-0.0005202798066003544,-0.0008705166958657973,-0.0011558549100208482,0.060258002005447286,-0.0007351331327304922,-0.004496134484836156,0.0030934846990167686,0.06604547257628163,-0.0012198711921910799,-0.0041588588484925415,-0.00151159984219279,0.043801014807948346,0.054346658037291495,0.05791851015099303,0.04721199385959285,0.04507062125957251,0.04290415069813047,0.00039664569337050093,0.042204156089036604,0.030143526577794344,0.06969933060764699,0.0270641964547918,0.02202078812198388,0.07773620051571584,-3.412910066780128e-07,0.03588387624592326,-0.00035554330506021303,0.05696470539353293,0.002859298905651231,0.0,0.0,-0.0003027064322171369,0.18430271092491235,3.742833997955053e-06,0.07308874248042674,0.05484787887162079,0.05742857174333926,0.04137325818051674,0.07679454965132515,0.00015642297051982057,0.15563487271962484,-0.001293955641765543,0.06078117023827656,0.06590948290954479,-0.00036811917124507376,0.0,0.0,0.0,0.2365004621499417,-0.00031783420166653364,-0.0007987384072061232,-0.0005191069109533597,0.04918840629950483,0.0,0.00012852842370797424,-0.0010362376544533758,0.05239249122605394,0.05033571600887776,0.0013537797796110418,0.00039390992300347705,0.04505478677796082
0.0,-0.00017835525556625376,0.1070110201509411,0.0,0.04568065182150338,0.042339236165036154,0.011446883508559713,-0.0662747527089168,0.05176424036611443,-0.013323361803357608,0.08834270606293115,-0.01863193334283486,-0.005135566492871668,-0.026868704508093394,0.0005484473453790106,0.00021311078335617406,-0.00027396277747987474,1.704370208233108e-05,0.05994274543850214,0.013929158629855276,0.0006097496439025352,0.0070340434614988845,0.04010101006378752,-0.002595419114631514,0.0005098411867932029,0.0022217479352225067,0.02955082543955756,0.017894530980581302,-0.0015489166813035249,-0.0007110398693113695,-0.0031153601631766503,0.008373998310257147,0.05717562598362952,-0.05396441073908845,-0.020524484079645466,-0.0007270471516281907,-0.0016561521109599298,-0.007842372017154486,-0.003083994474682994,-0.0006696292134535375,-0.0004363041551722069,-0.0019774625888077657,-0.002832002436961134,-0.0014360472117145862,0.0,0.0,0.0,-0.0008418953892628256,0.0,0.0,0.0004941183863279575,2.220446049250313e-16,-3.900678174950656e-05,-0.00019532084568046892,5.551115123125783e-17,-0.0010495914322799504,-0.0011369900256086307,-0.00037187958210366245,0.0,0.0,0.0,0.0,0.0,0.0,0.0,0.0,-3.439224956164333e-05,-0.0005187247955463214,0.0,0.0,0.0,0.0007871237385863039,0.0017657025225834566,-0.0001427577794260726,0.0,0.0
0.00039536927567429547,0.004618236590128,0.04979223680509692,0.04568065182150338,0.0,0.031134829618727655,0.04111165988521759,-8.169045659955909e-05,0.056829535868692715,0.06202088349087104,0.03589772259603191,0.07824089455337596,0.026610410715324162,0.07268531159276143,-0.0005768996758142575,0.0011217039767205672,0.00017829447928363606,-0.002568256117260803,0.05551465931380589,0.012400229663946605,-0.0024805804709566726,0.012154812670162995,0.04328480681834057,0.0005039514990324845,-0.00220654589969016,-0.005407865305990578,0.035820531815389856,0.030337259207938894,0.000697399244769803,0.0009312433434160994,0.06488954402531405,0.007994821629287718,5.295791860177035e-05,0.07068147889521353,0.054648825041416826,0.040716958879999765,-0.039778913308914976,0.0007500156120011092,0.010291373751642963,0.0007782830897892223,0.001932166626002041,0.0002257581102282913,0.04072347304568169,0.0024189691208882924,-0.0005380051743679726,1.1102230246251565e-16,-0.00022845661617965085,0.057755086676049006,0.0,0.016443801491555,0.017065443670260527,-0.002327593693333241,0.0005146259750110072,0.018435877546410517,5.551115123125783e-17,0.06148126584133057,-0.0007877212865270433,0.011861836926752911,0.05791864145495501,-0.0002643900896457385,-2.355435200163125e-05,0.0,-5.551115123125783e-17,0.03225833574372633,-0.0003897682971364391,0.0001824176686812118,-2.6070708467607062e-06,0.02175870522675194,0.0,-1.094220174163718e-05,0.0005743542991900608,0.06065146079873662,0.002242771261422194,-0.002565619222680615,1.1102230246251565e-16,-0.00181317907006473
-0.001558972926915092,0.01631980020409557,0.051367217692074196,0.042339236165036154,0.031134829618727655,0.0,0.05655026731832191,0.032035823396542484,0.04905350130767688,0.06592862446877318,0.030543889488363785,0.01853325492651331,0.05852298448092497,0.028416182777671883,0.00759664057095244,-0.01852788540610434,0.0013777237121349595,-0.03146381490351302,0.06116631055098232,0.031685973366976095,0.0276800966486766,0.01764123820727015,0.05856942268921722,-0.004815341874136403,0.0022502656127347254,0.003231245450213416,0.07193933904235222,0.06931839821827152,0.02350542464329497,0.062455461069275575,0.04809636419482177,0.03313346047313648,0.031583169544749656,0.04798011893545989,0.021793305893366532,0.03920334521150354,0.028559246746333977,0.03529051568404201,0.026480710703748578,-0.001432265534612287,0.03518990128056798,-0.007011760165273384,0.04503381244428728,-0.0007579590887252796,-0.0018034844541953698,0.0011428440102612125,0.0013100321177663687,0.05370419587186215,-0.0005299411622307071,0.04253388344331155,0.0355992773095708,0.04024870099674438,0.04377956195045818,0.045993905877018904,0.0022149481785475045,0.03977389602127346,-0.00118734316266067,0.036437253565156036,0.053612195518311645,0.03384510745835323,0.0022920695483858444,0.0,-6.95114383862383e-05,0.03414875314539967,0.04555134378651865,-0.005321186192211003,0.012790006968400713,0.028005754551458595,1.2647945624888468e-05,-0.00038321169967808766,0.018689123392525153,0.03490533072965207,0.0296897019900641,0.01828787582409186,-0.0014237242024829344,0.02701970710985835
-0.0005025911811021855,0.007279086359364195,0.05149759793264441,0.011446883508559713,0.04111165988521759,0.05655026731832191,0.0,0.04341216700327577,0.0705326789658573,0.046213892893545605,0.05499042890026462,0.023576928311367207,0.04817890582801926,0.035003039603603125,0.00024296469249535102,0.007183191501992703,0.04999551512456829,0.02651085825133226,0.051967727764682003,0.03580961933294713,0.002356661074143007,0.022773585386838602,0.07132610047074261,0.04963358710405846,0.0011337923506864467,0.02892868293978812,0.05789753784901852,-0.005382866901605443,0.0561918513064551,-0.0007005837272078819,0.054798537878689435,0.042872434758592926,0.07399584122155362,0.044304974060421665,-0.0036654544969212943,0.031309985831404485,-0.01681480838219307,0.015239505891270433,0.06358816475372997,-0.000863972785373146,0.009617428192156385,-0.0007357626139283258,-0.0007763505805992166,0.002751817589307204,-0.0009652417310037631,0.0,0.0024947579968648825,0.047192712183825036,0.0,-0.03320235927018239,0.04939778129451555,0.05379055837532987,0.06754562970854161,0.03855678877859403,0.0003867727169984958,0.0008086403793103325,2.8402213103351226e-05,0.09456583626059178,-0.001615990735961359,-0.0011907029074934572,0.0010927200147888283,0.0,-6.515726365063923e-06,-0.0016841305100165904,0.0009923620932896227,0.00013417269949411725,0.0014003910651762541,0.04264035503005803,-5.2579424496934646e-05,0.0006117930289012974,0.0011251315787141336,0.050081809247216724,0.0022070057231151075,-0.0006486715962419898,0.0013337509267895564,1.2455188981408405e-05
-0.004906550373972751,0.032848461828625886,0.08625515035580145,-0.0662747527089168,-8.169045659955909e-05,0.032035823396542484,0.04341216700327577,0.0,0.06470422346256832,-0.0011954758008475008,0.10812935037473254,0.006814721415930203,0.04234275229143203,0.020569175966367925,0.06747489739790369,0.013527433982331971,-0.00010276749580412359,0.032923383590928335,0.08754377163636134,0.10651507468768967,0.002384013811085328,-0.011245988884961755,0.02882684224741827,0.02702097184133423,0.02240284679754223,0.024917617534685244,0.046592216547263365,0.05205693299228242,0.011729917756827968,0.027766959188472218,0.036357054769394326,0.025455494196079287,0.0701405219807758,0.035415088394318506,0.015385103515769993,-0.0015449960609418278,-0.09697852254072309,0.002440810317669795,0.03513940085014228,-0.0012015492893773794,0.002230370981658125,0.0902119695128254,-0.02257194013903424,-0.001496800633388251,0.0,0.00024372004919109846,-0.0002568389209449684,0.06080044118131811,0.0,-0.019207964862104687,0.03303988605686642,0.03637360479903934,0.023686048969457585,0.052658599915025306,0.0005338747881999395,0.05238085072716786,0.00017720886992339535,0.03412112802818662,0.038023537537615504,0.051048261396926475,5.595465159546897e-06,0.0,-4.8309731679796464e-05,0.03698313706109646,0.05566001840082091,0.027366117888572072,0.05522490602428737,0.031066381171338642,-5.551115123125783e-17,-0.0003109489451317282,-0.0021406588040994157,0.04385456086219153,0.03008219154577413,0.05915879445109584,0.0001343112532344315,0.028272509294444137
-0.0003752309898010786,0.011441663742284447,0.026296166628314854,0.05176424036611443,0.056829535868692715,0.04905350130767688,0.0705326789658573,0.06470422346256832,0.0,0.05682593781151957,0.05774411071148744,-0.002610513831454331,0.042540005027700833,0.06478475334075606,-0.0014591731370423022,-0.02807286813514065,-0.0019533255501172353,0.0016252099747176008,0.0525832787118195,0.03182732377450875,-0.0014917745677986427,0.011692879646302168,0.05532174694136782,0.032469942768168725,-0.007031441883150802,-0.046211829290906004,0.010462230068414846,0.05101507139228362,0.059452531855540613,0.04178627713215499,0.05058662502749578,0.04616209059113091,0.07594813923763521,0.04849774092082182,0.028013615115171142,0.057989948000796265,0.027845104881218108,0.030605951513397733,0.03992470580455021,0.0004869782193185346,0.0003591339379493963,-0.0052422029429747274,0.012403739300638483,-0.0036833619937612916,-0.001892577422719921,-5.551115123125783e-17,0.0009628383088157721,0.0650631445713713,-1.7980750023349756e-06,0.036019957133696434,0.03770490085131806,0.04192921823453688,0.04910437113840893,0.05059919115667,-0.0020202495424356814,0.05127534396749234,-0.0013348086553898741,0.03617004607108909,0.025060844743469812,0.000359216489026537,0.0007145470892071515,0.0,0.0,0.05295740687558126,0.0005293478513088146,0.0006783642065429918,0.000688877471664795,0.03328332432020775,-9.872418167417019e-05,0.00013271323383207134,-0.0007887837141582477,0.04666336366952828,0.07216582090713441,-0.0013168014412005546,-7.078794843995428e-05,0.052640430621982315
0.04831070239216706,0.0016296171385462022,0.059201518923475804,-0.013323361803357608,0.06202088349087104,0.06592862446877318,0.046213892893545605,-0.0011954758008475008,0.05682593781151957,0.0,0.05793004018770426,0.025014504243968116,0.0468512192674197,0.10738795767072534,-0.0007256246676458078,0.09368056148675324,0.06680676491693999,0.055656633326918115,0.06245079482186544,-0.003821533752432882,0.0020984192665276513,0.0019724158681183046,0.06232734897005976,0.03859368968663507,0.05206707074658101,0.04858335328208391,0.06242187627235657,0.05016058801415474,0.08688596030662177,0.0005970167036320473,0.01391955079388102,0.021903835843096797,0.029343269464421007,-0.008918576925194321,-0.015484134505430347,0.01470742133805314,-0.021179273847074687,0.0031826538367924484,0.03689055898386223,0.02393695303547394,0.0159885368832155,-0.004806085769936408,-0.010678161528490326,-0.001934929364114213,0.020100639439380952,0.0034918734753707215,0.000450261519094719,-0.0007952253919120134,-1.0209718952824964e-05,0.0004034133511350846,0.002215234303677205,0.0007423354493392709,2.8924433244204018e-05,-0.001712731992826677,0.0610268390471595,-0.0002601218098519653,0.06921592513002112,0.05050648542021574,0.0,0.0007773670900541041,0.0020153703409117596,0.052999846755345414,0.0009437891314488245,3.355988121622744e-06,-5.452632663011103e-05,0.0008054006562172589,-0.001441492018233792,-0.0011368752705525065,0.032122339155114366,0.02217818131863114,0.04537185006039568,-1.3756259687580652e-05,0.03463343738704289,-0.0009140355540494527,-5.551115123125783e-17,0.04001896071191596
-0.0008312861534514604,-0.0001293017037912736,0.037842820697942814,0.08834270606293115,0.03589772259603191,0.030543889488363785,0.05499042890026462,0.10812935037473254,0.05774411071148744,0.05793004018770426,0.0,0.03779313887530411,0.04587164909501379,0.07461484118268547,0.0,9.811881934795874e-05,-0.0006789207010930998,-0.000528517241134896,0.007165036992811014,-4.8575077203183437e-05,-0.0001719611342412275,-2.5085612891440068e-05,-0.025696216566298058,0.03662599279192119,-0.00033109544166748384,0.0005181165622041295,0.040143784928092896,0.04747914614094384,-0.00019557665106284539,0.00037059707585768153,0.06685150164091885,0.06825833716383478,0.043182939882374094,0.06337071847172365,0.044191351700741344,0.08931413512772096,-0.032209446875433145,0.05027433597397429,0.07812998435448598,0.0009844600826103278,-0.0010618810883059049,-0.0013204724861462513,0.07395625567158393,8.102644248997315e-05,-0.0006951722292716789,0.0,1.1102230246251565e-16,0.1567745698796124,-3.481752894329837e-07,0.0637864347100835,0.05574643196888229,0.041504777190056796,0.06823336435706312,0.09745334701735259,-0.0009198545837286187,0.04192116321811479,-0.0019176506689516093,0.028996887910264613,0.08472361158562391,5.551115123125783e-17,0.0,0.0,0.0,0.0726412270156303,-0.0005678201973942643,0.0,-6.782393133569764e-05,0.0626410364285167,5.551115123125783e-17,0.0,-5.085206409616294e-05,0.0750125564483215,-0.0007938239919957901,-0.0014085546131328286,0.0,-5.559273663918729e-05
0.0511525866187052,-0.0018877063637677827,0.010840505242103615,-0.01863193334283486,0.07824089455337596,0.01853325492651331,0.023576928311367207,0.006814721415930203,-0.002610513831454331,0.025014504243968116,0.03779313887530411,0.0,0.018197906621499227,0.0022359636973898755,-0.0003192617298288236,0.0012356578161554777,0.04259718964139214,0.04201483010324786,0.038081996708580645,0.0038837376759194298,0.002518597165731884,0.0013910342253781183,0.010681853275957387,-0.0013254985738677116,0.03381286234983766,0.026633893210456727,0.029839988297894804,0.008489442246001289,0.002710375538536758,-0.00141762248549554,0.003881590453392536,-0.002306757124590164,-0.0007131755410660356,-0.02399588832665181,-0.019944762402567928,0.021099612928074885,0.021728282934850407,-0.011442176187518444,0.0106100945137787,0.012767588979602729,0.020948392969925234,-0.0052107167654882325,-0.0003291314019841507,0.0007987581157546386,-0.02058966453801936,0.0013897111766389414,0.0013175777096051666,-0.0007307909176155203,-0.000668884170436923,-2.3806192053665853e-05,-5.596563429227652e-05,-0.00012237534472631095,-0.0001517518305394483,-0.00031713037983538417,0.06677565468649965,-0.0014559323558894222,0.07436484334938309,0.048134704506782866,0.0003545091827039104,0.0001225128265531783,-0.01768586230338315,0.04129035423980015,0.019964033111978807,-0.00023186289808607707,0.0005064417332129589,0.0012359527099264356,8.460982117208804e-06,0.0013623625148619922,0.048982433664162384,0.03274392388686903,0.05151331270245724,0.016570372342232464,0.05474723285594457,0.03594330909402704,0.0,0.052157413276178344
0.0011172455771507606,0.017727360898933675,0.05035934255722874,-0.005135566492871668,0.026610410715324162,0.05852298448092497,0.04817890582801926,0.04234275229143203,0.042540005027700833,0.0468512192674197,0.04587164909501379,0.018197906621499227,0.0,0.02080346677999234,0.04013465385588466,0.027978346752921435,0.06432401958247352,0.05059087704200754,0.04867043827755785,0.049379243036239195,0.014492233397468579,0.03624043883103306,0.06660233954083289,0.018333793900000506,0.022735419793090628,0.052951578217478756,0.05501602063276556,0.031723486754851704,0.07286698951378312,0.07713106073995374,0.05987443708348217,0.038229067469447264,0.018434150125147486,0.03502901468643804,-0.021200655000756907,0.025282806993327245,-0.01710516305230453,0.018615469089816483,-0.03142956765797944,-0.05932247996766277,-0.10879773269710236,-0.007584344934724319,0.02157453051557362,-0.0053221390127259904,-0.0029090219927291883,0.0005915498812290032,0.003413437253590945,0.05900723658163509,0.0,-0.00041995770394309684,0.05377893150549018,0.06849838193880609,0.04290375205798108,0.04414373553720452,0.0010719734685355475,0.02720207453445106,-0.0004968606042541901,0.06900287275314676,-0.0008094139546369616,-0.0008155906696710735,0.0009799356630211253,-0.00033696287896972654,0.0018479417929550546,0.044829767500148554,-0.0008162544785148551,0.0015234679943259555,0.0013349098627518652,0.04470055182793897,0.0004992354306539437,0.0012547170446509104,0.003396294983067427,0.04755470917702165,0.0005035983333513405,0.03682271058926856,0.001075941597626584,0.00306168292328568
-0.003313285759783957,-0.0006631078762922571,0.06958964607534568,-0.026868704508093394,0.07268531159276143,0.028416182777671883,0.035003039603603125,0.020569175966367925,0.06478475334075606,0.10738795767072534,0.07461484118268547,0.0022359636973898755,0.02080346677999234,0.0,0.00033166466980150133,-0.0005129069235366157,4.67846500319391e-05,8.726593367502922e-05,0.07179038357030154,0.02481877977943253,0.003248435362045221,0.005483396716082944,0.03190650063063771,0.0009625404839536111,-6.259902148564311e-05,-0.0032039288507220154,0.02130009551626444,0.01846833086160954,0.0010110555045159675,-0.00037113902484353645,0.08190758597905057,0.02120508521150649,-0.0014440731790374972,0.08090796452755772,0.062494928377969494,0.016395265589976477,-0.01156582489541888,0.11288824065433894,0.006037668314228695,0.0,0.0006952569383162355,0.0008672337508879302,-0.028789320796007878,1.002222137502784e-06,0.0,0.0,0.0,0.04127413520829859,0.0,-0.004011761469217445,0.04283017429744024,0.02593537373427557,-0.0015118962066271169,0.0031292220019845107,0.0,0.03480500363247119,-0.00012196811362846782,0.0017515043033834998,-0.002597940012237343,1.1102230246251565e-16,0.0,0.0,0.0,0.013833426175363206,0.0,-1.1102230246251565e-16,0.0,0.0020827559666538598,0.0,0.0,5.551115123125783e-17,-0.0025250414433749535,0.00010033776030060615,1.1102230246251565e-16,0.0,5.551115123125783e-17
0.05083529665704983,0.032947772027977884,-0.0002966346390259611,0.0005484473453790106,-0.0005768996758142575,0.00759664057095244,0.00024296469249535102,0.06747489739790369,-0.0014591731370423022,-0.0007256246676458078,0.0,-0.0003192617298288236,0.04013465385588466,0.00033166466980150133,0.0,0.038907081909741514,-0.0001260786932062441,0.041374178244959814,-1.1102230246251565e-16,0.11109894182839286,0.038187235842165435,0.06199483283216417,0.09001450922731846,0.07375111745100599,0.03822490567978426,0.038355988834792853,0.0909037493235525,0.05286189111167411,0.04466191374025885,-0.001086013784680817,0.027204120577785484,0.015913231337320588,0.03516420547493576,0.00908086468040592,-0.0037610234712315838,0.015520053712876458,-0.002264748196453392,0.0001110543565975286,0.036115551246718225,0.033001648966133224,0.0273137251286365,0.02208343534743873,0.0017063486083743196,0.0005094281650279697,0.0,0.002796764829378129,0.03264673342752389,0.00047129895738534655,0.0,0.0,0.025402630160278272,0.0016186340244798703,0.026864945660861894,0.0003978539282565863,-5.551115123125783e-17,0.0,0.00034075471838324045,0.0024374701018010647,5.707483450301254e-06,0.06801796775770841,0.03565819126880476,0.00010185401393514315,0.003365149865142858,0.0,0.07997020349383188,0.03434398931865307,0.04205631017084355,0.07419748600691889,-1.3721152286261251e-05,0.004587489771691711,0.022183464718950274,0.0799798510918398,0.0452410661508969,0.06487025574632377,-9.13361482540731e-06,0.026376729410939936
0.0440882684578674,0.027789128616552694,-0.0005202798066003544,0.00021311078335617406,0.0011217039767205672,-0.01852788540610434,0.007183191501992703,0.013527433982331971,-0.02807286813514065,0.09368056148675324,9.811881934795874e-05,0.0012356578161554777,0.027978346752921435,-0.0005129069235366157,0.038907081909741514,0.0,0.047943372219710234,0.03373526320933423,-0.0001643800488413394,0.04212977298389753,0.032444341178738734,0.06028509912986918,0.05230913057613873,0.006013748225860982,0.05296999341359104,0.03973435114524465,0.048060664161566735,0.05168385165120809,0.03988156089918382,0.057868319763137666,0.050504370066188575,0.036262845096274865,0.04589799439620307,0.035165690585543474,0.023546262122191797,0.00029196185330387925,-0.000499611577070791,0.0016459235718069842,0.003780591501804209,0.03771359072942626,0.0274702307203461,0.028868692457677425,-7.4421229472321215e-06,0.0,0.0,0.05092412032391702,0.03210042949966224,0.0,0.0,0.0,0.0011449629453170185,0.0005826722243102433,0.0008046593085077602,0.0,-0.0022911053167432027,0.0,-0.0026520530010852306,0.0017099866159571708,0.0,0.04240851676192864,0.025328734226302885,0.00015974861292911147,0.033266372930407795,0.0,0.04188289542437207,0.019042207323563876,0.02752304045927867,0.07104404578671542,-0.000488948513306553,0.025722956128492347,0.046068934720171706,0.053284950359066885,0.0040269269347555925,0.029256795932217805,-1.1102230246251565e-16,0.03006778386274339
0.004299890134356832,0.0022484854002825516,-0.0008705166958657973,-0.00027396277747987474,0.00017829447928363606,0.0013777237121349595,0.04999551512456829,-0.00010276749580412359,-0.0019533255501172353,0.06680676491693999,-0.0006789207010930998,0.04259718964139214,0.06432401958247352,4.67846500319391e-05,-0.0001260786932062441,0.047943372219710234,0.0,0.059935975570264144,-0.0008324494864350163,-0.03877442948343579,-0.0017694131229141763,0.035866881097881276,-0.00017540236926810726,0.028660138574032934,0.03954153172319552,0.041510532822858826,0.000247017799214988,0.07312872666066578,-0.0018645918980744192,-0.00036356942596010855,0.05376632071426696,0.029208087252557524,0.06099547399975769,0.02862864719411007,0.006961541860293463,0.08097472714866916,-0.00032587152303537037,0.014966283772579247,-0.018453938055490893,-0.027241549630075523,0.006515187116929666,0.0008862159593006624,-5.551115123125783e-17,0.0,7.439094186389994e-05,0.0008952330260876273,0.0005649297526218455,0.0,0.0,0.0,0.0,0.0,0.0,0.0,0.06251709276218509,0.0,0.0587379741690473,-0.00068394903181479,0.0,0.0003215547711899469,0.0017131210325525559,0.04964276467047585,-0.000773355287443267,0.0,1.1102230246251565e-16,0.0,-3.537670225722822e-05,0.0,0.0695489221499625,0.023305930686918497,0.03992869688190648,0.0,-0.0018769138966340249,-4.485046311591967e-05,0.0,0.005541516131944424
0.054656436390476626,0.03520282066482239,-0.0011558549100208482,1.704370208233108e-05,-0.002568256117260803,-0.03146381490351302,0.02651085825133226,0.032923383590928335,0.0016252099747176008,0.055656633326918115,-0.000528517241134896,0.04201483010324786,0.05059087704200754,8.726593367502922e-05,0.041374178244959814,0.03373526320933423,0.059935975570264144,0.0,-0.001154850852083722,0.034438042837027394,0.03423490655776795,0.043134552377457,0.04088400249086416,0.06225616115384014,0.049219564849740605,0.04572038531557959,0.022666007274110167,0.06795893698425898,0.013406661145929755,-0.002333165644976931,0.06249747920058163,0.03126215588210807,0.06115251470403549,0.03940629559519848,0.013827002369406816,-0.0019043617100369947,-0.0004550697563316386,-0.0006818553288504003,0.004288281526646287,0.021320718893556023,0.017891697281951224,0.006148050468974986,0.0,0.0,0.001875759367332419,0.048700138187377284,0.02463326242169095,0.0,0.0,0.0,-0.0007383885340533358,-2.1908180281859924e-05,-0.00029705497072990417,0.0,0.03454671171796858,0.0,0.030404867981176087,-0.00038792663450226694,0.0,0.05498141344001717,0.03028922015939023,0.009139162378392962,0.03352522841612737,0.0,0.0010825175248333485,0.0028303108955524126,0.015900572760163045,0.002074531288824677,0.043587640408352335,0.020594729278939905,0.03382951040889687,0.00045393731276266447,0.0017237613600424861,-0.0009466903510064739,0.0,0.009965816295675167
0.0,0.0013204831835928466,0.060258002005447286,0.05994274543850214,0.05551465931380589,0.06116631055098232,0.051967727764682003,0.08754377163636134,0.0525832787118195,0.06245079482186544,0.007165036992811014,0.038081996708580645,0.04867043827755785,0.07179038357030154,-1.1102230246251565e-16,-0.0001643800488413394,-0.0008324494864350163,-0.001154850852083722,0.0,0.0004329060658051498,-0.00040437718765884423,0.00113855120617401,-0.021777664846040823,-0.0002525483281740626,-0.0010102448385398977,-0.0007528534055415426,0.03479020450754,0.04917862896954894,0.00048550474798508825,0.0010488941036929655,0.06148679695251752,0.05383677580646884,0.0006616987813363728,0.060805988228046615,0.031898233858002945,0.07244929070437289,0.0005213778945595271,0.04200611578809149,0.01486513882943502,-8.059816794248054e-06,0.0016496000778102315,-0.0030771130656245815,0.022283427011203782,-0.0019236655319784801,-0.00016083477804623714,0.0,0.0,0.0999877165695291,-5.551115123125783e-17,0.03615413848644555,0.028680312122520424,0.04368542315188895,0.05813359164539933,0.04891113392324553,-3.951887299424861e-05,0.0014280793579387052,-5.353274127700702e-05,0.05581022106403577,0.05085856090024532,2.220446049250313e-16,0.0,0.0,0.0,-0.01826066582039121,-3.8607558680014975e-05,0.0,9.564501091680055e-05,0.030486491629097556,0.0,0.0,-5.551115123125783e-17,0.04968429366022342,-0.0006358957789115438,-0.0014862908072657,-0.00013310180764658508,0.0010142118507303621
0.047681526205086866,0.025112454448719457,-0.0007351331327304922,0.013929158629855276,0.012400229663946605,0.031685973366976095,0.03580961933294713,0.10651507468768967,0.03182732377450875,-0.003821533752432882,-4.8575077203183437e-05,0.0038837376759194298,0.049379243036239195,0.02481877977943253,0.11109894182839286,0.04212977298389753,-0.03877442948343579,0.034438042837027394,0.0004329060658051498,0.0,0.08234804754958025,0.04648876819394765,0.1315496192659792,0.0049152368929312185,0.03652612380844894,0.061086533459518255,0.05024959954307151,0.07997187210198314,0.04951644562565061,0.06673640433200978,0.036070656247154775,0.016964039860880298,0.018988604297248524,0.02177717652344774,0.003390781171342616,0.014821697892404728,-0.0013198098867720498,0.004769778787906465,0.05819638792256937,0.0658884218181443,0.04589505339604533,0.045845522880370915,0.08000347215911174,-0.0017399694120245335,-0.0005066595313850675,-0.0017465611111626145,0.004776370025028898,-0.0010040665197389997,0.0,0.0,0.05373412286384133,0.002578434443409161,0.07015885709744196,-0.0012388839865124512,0.0006426490331984391,1.1102230246251565e-16,-2.4268142765349054e-06,0.002316485416570313,-1.1102230246251565e-16,0.0716600652399525,0.006507357475388054,1.1838811463993348e-05,0.0029898222447274914,0.0,0.0771972006925557,0.05911027406314168,0.05099388570318414,0.08348837929465736,0.0,0.0026797696382320213,0.04151167934330896,0.08518452958789569,0.04617777118451988,0.06126244894745503,0.02099670131134984,0.05029235714327751
0.04084027704703247,0.02108275532149778,-0.004496134484836156,0.0006097496439025352,-0.0024805804709566726,0.0276800966486766,0.002356661074143007,0.002384013811085328,-0.0014917745677986427,0.0020984192665276513,-0.0001719611342412275,0.002518597165731884,0.014492233397468579,0.003248435362045221,0.038187235842165435,0.032444341178738734,-0.0017694131229141763,0.03423490655776795,-0.00040437718765884423,0.08234804754958025,0.0,0.029663694321129697,0.02479713608864914,0.07316289065738946,0.0500908497927996,0.058836332489962895,0.07812568258334046,0.05482266911979161,0.018355526487915275,0.01719083892085793,0.0257386879302669,0.003667964538405344,0.04402759254820632,-0.001782267478092403,-0.020705382587437537,-0.0006866526028735942,-0.0010112914332351397,-0.0015754534564375589,0.018165240166891305,0.012308580275463388,0.020471953860629333,0.012663289151315094,0.0020224761633571564,0.0,0.0,-0.08051489274039175,0.040939535285089035,0.0014866804481273865,0.0,0.0,-0.00915856537829618,-0.0004334399433925107,0.0681000386868656,-0.0010474259781150796,-0.0004176117089956799,0.0,0.0010609824850012495,-0.00048211724453134375,5.551115123125783e-17,0.015139161949973445,0.020177451136022595,0.0,0.0005061264858510772,0.0,0.07806748245047812,0.0029514623323357303,0.024691396802818344,0.04939455963046252,0.0012780020354167254,0.002308471885139607,0.016301044033140977,0.08630175844809485,-0.006298662217007145,0.05756784319193442,-0.0021218173181469235,-0.01929014269425189
0.04817769790947185,0.029240001443559926,0.0030934846990167686,0.0070340434614988845,0.012154812670162995,0.01764123820727015,0.022773585386838602,-0.011245988884961755,0.011692879646302168,0.0019724158681183046,-2.5085612891440068e-05,0.0013910342253781183,0.03624043883103306,0.005483396716082944,0.06199483283216417,0.06028509912986918,0.035866881097881276,0.043134552377457,0.00113855120617401,0.04648876819394765,0.029663694321129697,0.0,0.07574529077089726,0.005257466186344428,0.03644591395129815,0.015817554471270145,0.04988245620132009,0.07645562087976171,0.04515501809260053,0.06255228793334672,0.038370892746362295,0.009505506533630415,0.025443854079578276,0.011346943372563145,-0.0035460551509476357,0.004932619848826203,-0.0038618551865716166,0.003982090145322137,0.014108029423246682,0.015589964020357894,0.010389036871583546,0.012434236960353284,0.0023542543171933827,-8.117708103455579e-05,-0.00036398918060076557,0.044875388649608716,0.02042871956227993,0.0007329609217213151,-3.138475175301636e-06,-0.00014388200933673767,0.012224197105124956,0.0019799634743655203,0.027630647371636174,0.0016229008007182522,-0.0008198313299566662,0.0,0.00045216111774026846,0.0021782597837988193,0.0,0.034919779395706896,0.015987941998231503,-0.0006112929009733925,0.004280998115635315,0.0,0.038646125100897544,0.032513530006278546,0.020129380031599975,0.05815489789752498,0.0013734954222638929,0.06248079646936022,0.018519602148928394,0.05283635688502125,0.005183061646482134,0.03529598195391859,0.0007324872391373805,0.005239851487008618
0.027302719222535188,0.06341127080542674,0.06604547257628163,0.04010101006378752,0.04328480681834057,0.05856942268921722,0.07132610047074261,0.02882684224741827,0.05532174694136782,0.06232734897005976,-0.025696216566298058,0.010681853275957387,0.06660233954083289,0.03190650063063771,0.09001450922731846,0.05230913057613873,-0.00017540236926810726,0.04088400249086416,-0.021777664846040823,0.1315496192659792,0.02479713608864914,0.07574529077089726,0.0,0.046412259049232796,0.05038759699217982,0.05486791718639683,0.062096940370672093,0.06984022531436018,0.04886557687474136,0.06740335351582,0.06023371771699387,0.04310333128639349,0.04635645288002055,0.05662984041547392,0.04178412504662016,0.06854290776632005,0.047844273114601765,0.049340440973583144,0.044658890070832624,0.06696603562324466,0.033513955063671275,0.05184348848828846,0.07474774066443202,0.001802604911350092,-0.0003370768493107801,-0.0002974280568233678,0.06654344648193644,0.06878669236922763,0.00023058552112686925,0.0538397815111078,0.03912809804118833,0.045094222370389625,0.030096435900362928,0.052402998702089865,0.0017763691907713985,0.07187651603822204,-0.002524367200975708,0.03934051767817781,0.03611181761237209,0.07639089083499634,0.004656182917999463,-2.8799218182884445e-05,0.0003454943629512264,0.08245756948543137,0.09177771340303165,0.06017123415452125,0.06622254262988614,0.04798401061395585,-0.0005752202843964382,0.006616847945336346,0.055500987217930065,0.0521264162742765,0.04091028247696049,0.061479359542769896,0.028797936198932783,0.038271933073236175
0.09281559018237895,0.001976092212813252,-0.0012198711921910799,-0.002595419114631514,0.0005039514990324845,-0.004815341874136403,0.04963358710405846,0.02702097184133423,0.032469942768168725,0.03859368968663507,0.03662599279192119,-0.0013254985738677116,0.018333793900000506,0.0009625404839536111,0.07375111745100599,0.006013748225860982,0.028660138574032934,0.06225616115384014,-0.0002525483281740626,0.0049152368929312185,0.07316289065738946,0.005257466186344428,0.046412259049232796,0.0,0.04819762118808507,0.04454800135386766,0.03121420018114557,-0.01059062058329846,0.0015529258588327655,0.0005745828996828739,0.019776633411190958,-0.050178125593656586,0.02054929624167151,-0.036364987878815064,-0.04122340284627424,-0.011541288364367353,-0.00956632719968703,-0.02627528855909994,-0.060287658184003556,-0.018925170372918076,-0.0366526477400409,0.009133899282820823,0.0011915937604307647,-0.00034656727499843276,-0.015751658013389902,0.04218519505824253,0.04682186382206849,0.0,-5.551115123125783e-17,0.00011375163574167679,0.0002810108151329871,-4.908966471117715e-05,-1.6653345369377348e-16,-0.0005867795637476414,0.03665727913938677,-6.272847430344175e-05,0.05507615849651143,-0.0007667007992140373,0.0,9.764084390284644e-05,0.0657506987463633,0.02256605997285288,0.036329910644677776,-1.386206791847977e-05,0.00032882474938467077,0.0006862157799397139,-0.0017060613839435246,0.0007799804052912029,0.020282353699039413,0.028033264567979888,0.044979208837711504,0.0008974863414293877,0.003822513622427526,-0.0005434337120918675,0.0,0.023328332187647405
0.041344900687427855,0.03812593508372919,-0.0041588588484925415,0.0005098411867932029,-0.00220654589969016,0.0022502656127347254,0.0011337923506864467,0.02240284679754223,-0.007031441883150802,0.05206707074658101,-0.00033109544166748384,0.03381286234983766,0.022735419793090628,-6.259902148564311e-05,0.03822490567978426,0.05296999341359104,0.03954153172319552,0.049219564849740605,-0.0010102448385398977,0.03652612380844894,0.0500908497927996,0.03644591395129815,0.05038759699217982,0.04819762118808507,0.0,0.04030615639936208,0.020339839007018468,0.06003670779493919,0.015915918362356674,-0.00045411414275248196,0.05579669370816026,0.022652286842813563,0.04464613461562256,0.027318702891409252,-0.0005920372000963736,0.001568702237450037,0.00030660107669594483,0.0075725236111341965,0.022077878769241166,0.008585018199828653,0.015389663551923782,0.01834546592328895,-0.0011003227654288184,-5.551115123125783e-17,0.003447188792607192,0.05392852820349947,0.03346173974792693,5.551115123125783e-17,0.0,2.220446049250313e-16,0.003130747327596606,0.0008366820715177137,0.0014356695232443095,0.00035149920754196096,0.04574817917520857,-0.00012760773445891216,0.05043508656011664,0.0012803291873004774,0.0,0.030978551828954204,0.028782207936261905,0.03033308358883824,0.02476670501753281,0.0,0.00439275314166343,0.05601176557785159,0.00021937312924247276,0.061917186262398505,0.04202153321157753,0.01948199632963571,0.03608033540109956,-0.006007838481018046,0.0010816404412922753,0.036758198141457865,0.0,0.013740361899807207
0.060901740443597197,0.03762720602561842,-0.00151159984219279,0.0022217479352225067,-0.005407865305990578,0.003231245450213416,0.02892868293978812,0.024917617534685244,-0.046211829290906004,0.04858335328208391,0.0005181165622041295,0.026633893210456727,0.052951578217478756,-0.0032039288507220154,0.038355988834792853,0.03973435114524465,0.041510532822858826,0.04572038531557959,-0.0007528534055415426,0.061086533459518255,0.058836332489962895,0.015817554471270145,0.05486791718639683,0.04454800135386766,0.04030615639936208,0.0,0.05944944663101537,0.07380786069200251,0.010474728824933277,-6.164909159750431e-05,0.05395238513934564,0.026658034786174123,0.04639440726803307,0.028136687539825123,0.0018232544303544151,0.04502695489948938,0.0010670825300401199,0.006181062540082494,0.02835139234223183,0.030916337330543664,0.033282042811311696,0.02475930444826102,-0.003379774573796235,5.130051572782568e-05,0.002897920123164366,0.05320513584277814,0.04237542190832061,0.0022893323691829393,0.0,-3.5481730359943064e-05,0.03542651546056075,0.0007935285040198137,0.00019526721896034882,-0.0006458614302425336,0.05072937840545394,0.0,0.05172651856592336,0.002419349001247184,0.0,0.02440014875908436,0.03770394018024992,0.03795267495901017,0.044273802742197,0.0,0.03428857998731627,0.018402436767689323,0.027015023127511972,0.03637097160507469,0.0562078706200585,0.03808884399008666,0.04326590154542176,0.051267682537752435,0.0024448432011338617,0.038020883013905105,-0.00023824734763217004,0.04011039784034359
