0.0,-0.01977539207210105,-0.0013093442829087976,0.0,0.00043268868714146924,0.015495599868067478,-0.0009714436947035887,0.0031034321599849868,-0.00015178595738024603,-0.039500612952476255,-0.0003223841466949984,-0.016336189351834562,0.005005912976361382,-0.0028600082198513843,0.030719202308290394,-0.02067215213828666,-0.025990252471631725,-0.036501325170448684,0.0,0.034049351620575485,0.010143767851027663,0.014814236242207346,0.008793098224500862,0.000994129414900069,-0.032683611968318205,-0.016701653916447123,0.011967501635859024,-0.012377701360055504,-0.03684158129642068,0.0008660926749448072,0.0014148823629654972,-0.01611208998952468,-0.015241698492170164,-0.006700116543091772,-0.03355828097153557,-0.00010217750604984976,0.00047348933944540983,0.04751092819768021,-0.02495823689978749,-0.0239943713616928,-0.029221771156116183,-0.01373875725559931,6.349287784312985e-06,0.0,-0.00021542180520939258,-0.00509505606155114,-0.03764174700815415,0.0,0.0,0.0,-0.002438183310929598,1.1102230246251565e-16,-0.0008653807911273015,0.0,-8.697235304527817e-05,0.0,0.000493504414664836,0.0002528940564668347,0.0,0.00031960054395002713,-0.03697434719766257,-0.0014651648893838076,-0.031392926180617176,0.0,-0.0017256228319261213,0.09566545519429182,-0.0267986329388909,0.001719249678780288,0.05066796378601107,-0.03219817309843581,-0.02638082518896928,-0.00017342345664844716,-0.0002615640861755031,0.0002001525729134479,0.0,-0.024127426105476024
-0.01977539207210105,0.0,0.0016098121828565515,-0.0001635281098050223,-0.0223338008193531,-0.026525892990996502,-0.025344839835739263,-0.004634805181013335,-0.02301595624771441,0.0053134507512323514,-0.0001991512529046502,-0.03320022524643279,-0.0206992837833348,-0.00048235438354460314,-0.007646071559342604,-0.020316355888537252,-0.0024227273069091226,-0.01786942852153167,0.001294340035700059,-0.016603598945286402,-0.0030937605993310857,-0.03556331490132364,-0.020136221508752383,-0.017914658009397122,-0.010847931808866562,-0.03477037995517751,-0.013227956024993104,-0.017999655412444637,-0.05023231877940998,0.0021246806844059662,0.0122995510248744,-0.01928111255951348,-0.018674710957412854,-0.004012338292742446,-0.01678474548356651,-0.0025400306483806534,-0.0002634032080168214,0.0,-0.03181776630270239,-0.028702413489312684,-0.03277234352557645,-0.024596606559375067,0.0005380364162199669,0.0,2.220446049250313e-16,-0.031176367912120306,-0.03643751164023912,1.1343844282474258e-05,0.0,0.0,-0.00022337508750536195,0.0014073154834699508,0.00044754384345901954,0.00030494341470449493,0.001146722136960432,0.0,-0.00022103618602326014,0.003568478364526395,0.0,-0.027337218548930176,-0.03203317296739433,0.0025819565859701576,-0.02908009845630466,0.0,-0.03926475951424824,-0.016972231712725105,-0.02559184720473273,-0.029735001533278127,-0.00119103564740336,-0.03153586458812735,-0.03701435755160043,-0.032929491538519706,0.0003042687778312958,-0.01674690002123841,-1.1102230246251565e-16,-0.03076855259248612
-0.0013093442829087976,0.0016098121828565515,0.0,-0.0025675539846826134,0.010871310935855583,-0.01256262485395726,-0.016482904728153003,-0.013193851618839625,-0.033721477980099335,-0.003976589546412779,-0.006131456105804622,-0.001470733034421523,-0.011161982485915434,-0.02082549954592222,-0.0006236008159851703,-0.0003765756315365354,-0.0005400712623166437,-0.0014841259925665318,-0.0011334452168726972,-0.000838281858128398,0.01830123771133957,0.020494723059972464,0.027474106604070847,-0.0013776776548350966,-0.0018258223933629303,-0.0025070499624710307,-0.050521410981728965,-0.008627144268368026,-0.039388081622428406,-0.004430816532153825,-0.022328189117491792,-0.02625127390796067,-4.6124807050906824e-05,-0.01953675370216429,-0.013837690918016732,-0.006891830979833258,-0.011182903029528735,-0.001999366094710908,-0.0031485279787963893,-1.3003618243301318e-07,-0.00012175037129813493,0.00031728345420029,0.007762745617343414,0.0026061452549316355,0.0,0.0,-0.00031857987334266147,0.00703851055521415,1.426067007592735e-06,0.01643805916658303,-0.028251173151454645,-0.04154704808384402,-0.010891012242916775,-0.011928588398890105,0.00031654411570158913,0.03810649089868978,-0.0012862039617485554,-0.028972966363508323,-0.015335037886693825,-0.00034087952859346293,0.0,0.0,0.0,-0.016134081845505688,-0.0002463409487629131,-0.0006067343739815101,-0.000513431360607608,-0.022410553212467987,0.0,0.00013728987166022888,-0.0011213504450516831,-0.03853479725331954,-0.014369577463363092,0.001012458051366072,0.0006147374172421616,-0.006412206006039867
0.0,-0.0001635281098050223,-0.0025675539846826134,0.0,0.01875576401850071,-0.038376170170239365,0.012117513972660976,-0.010016557984116436,-0.052632434291870256,-0.015036150971848322,-0.03176657262036198,-0.028082694353446624,-0.03585573745123105,0.01055332303460993,7.617160295125824e-05,6.292607682018003e-05,-5.1191323742594275e-05,6.493865675583077e-06,-0.05776154656088328,-0.008691666817778054,0.0004242809433344652,-0.013322507501336345,-0.013131927085380968,-0.0021585407399842826,0.0005468069619182225,0.0019856805486876405,0.009391429504914839,-0.03403031853488961,-0.0017753111490984574,0.031237726241178876,-0.05845035669537585,-0.012700281082172138,-0.01631421074359407,-0.058270061254071914,-0.009055709566075543,-0.03687798698855535,-0.02735030839512545,-0.007110746370607268,-0.003992206488586003,-0.00044255632575279646,-0.00033609049654065304,-0.0018665314473850225,-0.002350837722620125,-0.0013732304183676214,0.0,0.0,0.0,-0.000733179827668351,0.0,0.0,0.00040528821747659594,2.220446049250313e-16,-1.4862076319732687e-05,-0.0003083545790629749,5.551115123125783e-17,-0.0010120846007063977,-0.0009568217324261719,-0.0003363534000296875,0.0,0.0,0.0,0.0,0.0,0.0,0.0,0.0,-1.3103881296161468e-05,-0.00027023100635237274,0.0,0.0,0.0,0.0009074000559186612,0.0016702870599415998,-0.00013908583290794807,0.0,0.0
0.00043268868714146924,-0.0223338008193531,0.010871310935855583,0.01875576401850071,0.0,-0.012838837405215298,-0.012734066070837047,-0.025681703794758037,-0.02638965112292463,-0.052729968476402655,-0.03711185150286944,-0.073705739727218,-0.02383219891927313,0.006084105897119496,0.02229316038422774,-0.014775177714169974,-0.02428519070721996,-0.004959585124881871,-0.026007776338328903,-0.009500344633781188,-0.0021536033218285677,-0.02006021272231584,-0.017517399933025146,-0.0003162812805820314,0.012790451293369864,-0.0007912520683212021,-0.0038584613063541995,-0.04871809585933884,-0.02884402721007623,-0.019799214794428643,-0.042956833218235735,-0.01191395495007469,0.03090072458682358,-0.044795638205651356,-0.03641311544495485,0.004257857587306957,-0.047002126797271365,-0.00044997039677679984,0.009599971098460058,0.0007879698143297142,0.002417590213084464,0.00042236663018252463,-0.042531467532873124,0.002178184047049503,-0.00044494510773623874,1.1102230246251565e-16,-0.0001944513009791704,-0.0396199026114753,0.0,0.0044642398586556276,-0.040302023109142215,-0.0005193788436362867,-0.00045649904011030307,-0.0008001768561470834,5.551115123125783e-17,-0.0481443232357196,-0.00043885690951966927,0.0027566598504891737,-0.0019364556646748188,-0.0002833366958925887,-2.3633766734587613e-05,0.0,-5.551115123125783e-17,-0.02592231254077476,-0.0002241922562583598,0.00017152415030363688,-0.00020072784675767563,-0.05510332234436127,0.0,-4.1691170123980825e-06,0.0006212025853457592,-0.05139193163930611,-0.035436749931512856,-0.0026453020670547667,1.1102230246251565e-16,-0.0012691028413162053
0.015495599868067478,-0.026525892990996502,-0.01256262485395726,-0.038376170170239365,-0.012838837405215298,0.0,-0.010777954621096986,-0.04530476548064577,-0.03473266858076024,-0.028289357911545188,-0.03517186914206144,-0.030931325498980478,-0.01041721122363537,-0.05214420453258911,0.009026545954789023,-0.026660199481347402,0.0006663962395458412,-0.02303503851335842,-0.013707183485073382,0.002070415184984409,-0.018158232566447607,-0.012359359223990174,-0.017207601503931858,-0.0022349988125092146,-0.031324951306612336,0.0052627206542276705,-0.008256305989083168,-0.015713866016900224,-0.02486921406081999,-0.013854218756325143,-0.01743658230728623,-0.03480439276261388,-0.006510367641585024,-0.019414160678007386,-0.02125457478017362,-0.03217061971144436,-0.025849795926056074,-0.002678757367641671,-0.03183481153246387,-0.0019752787699740537,-0.02967017607738781,-0.017123545970716747,-0.0420485840546434,-0.0003452891679870951,-0.0018331192534418173,0.0012284575986217794,0.000725145492642576,-0.05098003341876711,-0.0005186051645313938,-0.002323784403498119,-0.04535646297268592,-0.05348765990833093,-0.04438847057692702,-0.05252756120295554,0.002608452461649702,0.00011877224574585732,-0.0014224507188135838,-0.050113702518421066,-0.0018644325460764888,-0.02244450306124396,0.0019473707327849477,0.0,-0.0002275466116917202,-0.038021058927596274,-0.013178169968116105,-0.025736168215413913,0.0032846662380304203,-0.03813538973189867,3.503427483259047e-05,-0.0009016679734387134,0.0003882221249666973,-0.039324335667019816,-0.03818504771105913,-0.042991457706585634,-0.024780541924641353,-0.041094704014636496
-0.0009714436947035887,-0.025344839835739263,-0.016482904728153003,0.012117513972660976,-0.012734066070837047,-0.010777954621096986,0.0,-0.04867651364498948,-0.024124871387995905,-0.034321083764848104,-0.007124548114648965,-0.061128167695359614,-0.01969686160406886,0.02778057775841314,-0.00016633485793293712,-0.024147369569416988,-0.0020858644307940044,-0.014652576383249127,-0.039612695564086475,-0.02232758961780351,-0.03678807767416348,-0.026463304684090583,-0.034432726772413935,0.00014008322288533437,-0.008934561314143996,-0.01840564311708265,-0.015233516056785246,-0.024372721874659553,-0.03235990357060209,-0.01252574293317199,-0.03632922428162788,-0.026565995315038782,-0.01229471507661739,-0.020618803740825364,0.0032431450411337104,-0.0060213044310892805,-0.0035918717513552245,-0.004417633074755956,-0.024418990522575568,-0.0008817323116862008,0.010950698925522251,0.0002987589612417074,0.002061153807046301,0.003404014687787227,-0.0010266162409597879,0.0,0.002405475979936289,-0.0498810823286685,0.0,0.0005138173967168536,-0.0015369462832564018,0.002770749822554097,-0.04088178809343779,0.0003942958777950478,0.0003563084997669774,-0.0006637072717006198,0.00020072205586518788,0.0002616231635675925,-0.0012810821486224921,-0.0010498116196724916,0.0010210281559586698,0.0,8.774163207103669e-06,-0.0017639650792335981,0.0010067627615850672,0.0003802562965635192,0.001308325827370116,-0.04229470420217374,-2.003342456552426e-05,0.0006780262437868223,0.0007859606630806204,-0.0538150201067184,0.0017939669383592038,-0.0011204870701184144,0.0011403604743381868,-3.67741821442058e-05
0.0031034321599849868,-0.004634805181013335,-0.013193851618839625,-0.010016557984116436,-0.025681703794758037,-0.04530476548064577,-0.04867651364498948,0.0,-0.033077193086733236,-0.0023347765588525027,-0.03044043605524227,-0.019520794512756234,-0.053590256525831104,-0.02956319112593775,0.03155399131777309,-0.02275836225844219,-0.0002144941613742013,-0.015294003013125612,-0.007259140703930966,0.0022281896154208725,-0.02218769228479034,-0.009957630272644513,-0.014440025225363251,-0.002659767290641657,-0.024974187614789423,-0.022586186844145206,-0.012575480575330866,-0.04890571760304968,-0.05444628653108019,-0.042351585867569486,-0.044878020018356446,-0.024523024561706463,0.009127647063436162,-0.04252207465884811,-0.03348112980227691,-0.044044454931057964,-0.045736831683416135,0.001433446859046228,-0.029940969013490415,-0.001311126738939128,-0.019518611513735407,0.04356056993188406,-0.039643080565919475,-0.0014875123948623337,0.0,4.322032174547408e-05,-0.0010986868182311649,-0.02458979652409865,0.0,-0.008334290803198197,-0.041040401992627984,-0.0555960996268573,-0.006003678173843563,-0.0476654444564934,0.0005502545784186186,-0.06403371248507211,0.00015055427813015498,-0.07121706372394326,-0.05795293536630508,-0.008375624919188529,0.0012999688509998109,0.0,-9.252136163340197e-05,-0.012037033834837452,-0.05089570593199244,0.032271272875323276,-0.0026227250224452048,-0.02285095624480865,-5.551115123125783e-17,-0.00023288412465172215,-0.0033169367278986783,-0.012410393090302119,-0.03932992081941111,-0.03804908649468619,0.0005179790474678092,-0.04552090145150611
-0.00015178595738024603,-0.02301595624771441,-0.033721477980099335,-0.052632434291870256,-0.02638965112292463,-0.03473266858076024,-0.024124871387995905,-0.033077193086733236,0.0,-0.04301432987738224,-0.05031461101340973,0.001090172103436704,-0.050979067365953534,-0.03671127947159897,-0.0006897604825125137,-0.0003121684366828581,-0.002088248224309308,0.0009428191664187513,-0.03713864367286279,0.0007369325752228373,0.03697316194986261,-0.011209308934831075,-0.005583779220191654,-0.0021888315629223776,-0.015331807291428245,0.004491634792428312,-0.015404582088463958,-0.036375323447935815,-0.03214536833200499,-0.01344974365256496,-0.04572505039609365,-0.051425147633389456,0.0001582950095259661,-0.048063705696175296,-0.04346071990872691,-0.035693518189215345,-0.04891196918001506,-0.0008968992034122936,-0.027565288119180797,0.00055680960011667,0.012549775728959822,-0.004218962951299032,-0.04250693764372471,-0.003576797108554186,-0.0019133064465086114,-5.551115123125783e-17,0.0010229442019305535,-0.03114438823451282,-6.850892770859929e-07,-0.048720529676965996,-0.03245918569097739,-0.047908910586795805,-0.04108560443076292,-0.05738869238006411,-0.001738233658865218,-0.005995392816276146,-0.0012672121730860075,-0.05936328638290239,0.0009118270359225189,0.00012213716843978428,0.0005668328824037228,0.0,0.0,-0.015342204238232404,0.0004767717228946755,0.0009324747970118619,0.000661625791922027,-0.04700579333063448,-9.481262770494325e-05,9.566259774085317e-05,-0.0011741384276613975,-0.05887542940045082,-0.03643050856721186,-0.03084121706014603,-0.05197590701790239,-0.044912893526258435
-0.039500612952476255,0.0053134507512323514,-0.003976589546412779,-0.015036150971848322,-0.052729968476402655,-0.028289357911545188,-0.034321083764848104,-0.0023347765588525027,-0.04301432987738224,0.0,-0.0010634453513878594,-0.013290217301570761,-0.029339451492370938,0.007242266350945381,-0.0010969343970284595,-0.03352689369653822,-0.029227286173090783,-0.02218556858587184,-0.00619741500551324,-0.035896399986677485,0.0004285320897742806,-0.018930833366119837,-0.006301662966486765,-0.03858718989841997,-0.03713291516795503,-0.013525995201754348,-0.0034417034636862742,-0.012323769210952296,-0.0654146070229456,0.0003318694570748071,-0.03596230524104849,-0.006639291210894072,-0.03660956937580934,-0.07536384672111615,-0.06963980208884413,0.019510367367137682,-0.11548655588687567,-0.03397931305429691,0.030456066807440285,-0.04616365285326218,-0.02855097001167395,0.006977693617025715,0.056003394067757506,-0.0014707295773088713,-0.05087538034507699,-0.005235441252157358,0.00015660239900627815,-0.0006798951167560352,-3.890031821940365e-06,0.0003805571865359014,0.0019843731569910705,0.0004254266923421901,2.8564088192573056e-05,-0.0018133099162665478,-0.05121563840751436,4.8352024338726984e-05,-0.03588566874017607,-0.052075847662975405,0.0,0.0008222140368335795,0.0013928597586183034,-0.046664708268782884,-0.05572706692771895,1.2786738447512214e-06,-2.07752188585153e-05,0.0006911241746990759,-0.0016086982457620969,-0.0011323153111443829,-0.05909457365062787,-0.04938368211490918,-0.039969704321658306,0.0003067660379528214,-0.04036596052723879,-0.0010042537838346188,-5.551115123125783e-17,-0.0449769608009129
-0.0003223841466949984,-0.0001991512529046502,-0.006131456105804622,-0.03176657262036198,-0.03711185150286944,-0.03517186914206144,-0.007124548114648965,-0.03044043605524227,-0.05031461101340973,-0.0010634453513878594,0.0,-0.001653657941372011,-0.023534060287722147,-0.01582780821649743,0.0,0.00010697089298944418,-0.0010029797274010432,-0.00037057126622802583,-0.03293352214456821,-4.970844549589959e-05,-0.00015824731675928572,7.300213775235376e-05,-0.013689237231700735,-0.0019330574374888942,-0.0007825703593601907,-9.840936252797361e-05,-0.003775995930063114,-0.02233195531380633,-0.0009970847115631787,0.00037893983562636846,-0.04057005857980761,-0.025957769724830104,-0.005218149061558153,-0.026514998664052325,-0.044010319179853874,-0.0035258134272683206,0.002590597911929282,-0.001941558112127928,0.0016070457782016434,0.0007894895175835637,-0.06686204175704824,-0.0010085928830756985,-0.021107212457428526,-6.701853763030341e-05,-0.0006588786676164915,0.0,1.1102230246251565e-16,0.05494569781670733,-1.3265918114013786e-07,-0.07692765464726053,-0.031561137427909336,-0.10841470952741306,-0.007492329373504858,-0.05770109157399589,-0.0006688273880802731,-0.04896468520467262,-0.001406356340910464,-0.12244198903144238,-0.0754998932676973,5.551115123125783e-17,0.0,0.0,0.0,-0.028920826631559093,-0.0005669865944381014,0.0,-6.51359254860151e-05,-0.031931056978087236,5.551115123125783e-17,0.0,-1.9375278444366817e-05,0.004878800659866567,-0.08814623579911568,-0.0013984852799711067,0.0,-0.1148249204615816
-0.016336189351834562,-0.03320022524643279,-0.001470733034421523,-0.028082694353446624,-0.073705739727218,-0.030931325498980478,-0.061128167695359614,-0.019520794512756234,0.001090172103436704,-0.013290217301570761,-0.001653657941372011,0.0,-0.025509256283559656,0.002639421949540588,-0.00033047872096164665,-0.015213866356392547,-0.02420919500897173,-0.002819227927545409,-0.00271076394410924,0.003547016861015273,0.008368096865736474,0.0011900017002881569,0.0262739616300825,-0.017019260715415208,-0.04076392510041782,-0.013052524887055106,0.012272054150472334,-0.00939565933777442,0.0029572759877143917,-0.0013328975712890712,-0.019750780475087493,-0.0025780985782117294,-0.002697665091877799,-0.019467113420208154,-0.001766137311022431,-0.04249451674306609,0.0062482271204903905,-0.004867773661310276,-0.01289499244158826,-0.01161671368908651,0.013857717165040861,0.09525611050546567,0.09936726265130152,0.0009626317765654147,-0.008876076061776428,0.024586000282000975,0.0013588758250240862,-0.0006262106194681039,-0.0006820293934030608,3.1819097799978824e-05,-0.0002934742713066041,0.00021470119000710497,-0.0002630797291484632,-0.00022907707369662633,-0.016932019196305104,-0.001264840773816167,-0.0022847019673631896,-0.020389835393263056,0.000316999496331849,0.0001159077752529436,0.0015241501034924942,-0.022574523679500524,-0.0273101197350607,-0.00032993664326547156,0.00046101149836735855,0.0013384554326258402,-0.00014208097185380852,0.001753806401055602,-0.013155405336451487,-0.02644753814238099,-0.015150745789966669,-0.0008067243439962013,-0.006497556768896573,-0.0004339463278540401,0.0,-0.022757354658394457
0.005005912976361382,-0.0206992837833348,-0.011161982485915434,-0.03585573745123105,-0.02383219891927313,-0.01041721122363537,-0.01969686160406886,-0.053590256525831104,-0.050979067365953534,-0.029339451492370938,-0.023534060287722147,-0.025509256283559656,0.0,-0.022836079690138178,-0.0003938695139892867,-0.01964237093519622,-0.015978008332272864,-0.018254163423507275,-0.040193722010210486,-0.01930632244147168,-0.03828765207712126,-0.023744091628783326,-0.039392902504874816,-0.05011457018594462,-0.005436981529739093,-0.015341456826767186,-0.023486246317491466,-0.0192678816748173,-0.033283040074381987,-0.04110456026535814,-0.02450140488937741,-0.029152297293039364,0.019651161455208788,-0.01682376061423324,-0.01269074403150594,-0.02271078710652963,-0.044208672949741734,-0.0014450568523657892,0.0012258850199112215,0.001898654411062739,0.0006049195738136448,-0.006403173822970454,0.002052467154737281,-0.004933806815623831,-0.0027161849882950673,0.000618970903099425,0.003231363979896762,-0.0027676174089307226,0.0,-7.926790584200649e-05,-0.05265112508021541,0.0003941949758791141,-0.0461810081435059,-0.0009370505710837307,0.0009474625959938754,-0.00283186429131832,-0.00014622761486848823,0.0026440647617341773,-0.00043154906944098403,-0.0015219307594357412,0.0010520226987598136,-0.00031146575772211804,0.0017983017827412628,-0.0040690839013474145,-0.019058800698353806,-0.021916912820514944,0.0011991594919288917,-0.043970449026349334,0.00015465325803976082,0.0008628896969301025,0.003024841307814774,-0.04288211972551248,-0.030985528200842827,-0.05099177713884273,0.0008515381773976927,0.0028097371253490433
-0.0028600082198513843,-0.00048235438354460314,-0.02082549954592222,0.01055332303460993,0.006084105897119496,-0.05214420453258911,0.02778057775841314,-0.02956319112593775,-0.03671127947159897,0.007242266350945381,-0.01582780821649743,0.002639421949540588,-0.022836079690138178,0.0,8.053649840494836e-05,-0.0004653820525137853,1.782554233348277e-05,9.265539707586923e-05,-0.017952088545048872,-0.00042277320857470047,-0.04477278009736979,-0.0005492501712051068,-0.044120305812251126,0.0015875832303795523,-0.004531772689657765,-0.00291378116818769,-0.031235768137367836,-0.1105631754903105,0.0005782596153667274,-0.0002546587363002617,-0.008361067973924774,-0.030961194952607712,-0.0023046898871847965,-0.0019346315604957809,-0.0035439611441652197,-0.014304822606038464,-0.02491537291656032,-0.00027118879778559313,0.005932540461553282,0.0,0.0006555535152882319,0.0008879828633948095,0.010296653351931306,3.818592878013227e-07,0.0,0.0,0.0,-0.01089609111149148,0.0,-0.0667430516107938,-0.0011605785871751095,-0.011617116143373352,-0.0008454192664922311,-0.009590512673209872,0.0,-0.022163060313337368,-0.00014144039534946806,0.0016954340978209692,0.04913739104002285,1.1102230246251565e-16,0.0,0.0,0.0,0.005656019554398428,0.0,-1.1102230246251565e-16,0.0,-0.0294788898550975,0.0,0.0,5.551115123125783e-17,-0.02096076457895696,0.00020794105862514956,1.1102230246251565e-16,0.0,5.551115123125783e-17
0.030719202308290394,-0.007646071559342604,-0.0006236008159851703,7.617160295125824e-05,0.02229316038422774,0.009026545954789023,-0.00016633485793293712,0.03155399131777309,-0.0006897604825125137,-0.0010969343970284595,0.0,-0.00033047872096164665,-0.0003938695139892867,8.053649840494836e-05,0.0,0.005907866762862035,-0.0008889617231068181,0.0004245136780030023,-1.1102230246251565e-16,-0.06911131108142482,0.01869851408519929,-0.023293604616680674,-0.0009743572589960836,0.031984108789012256,-0.00890513885716504,0.007658010319387676,0.005022041567979696,-0.00022038242821048604,-0.0242568273247597,-0.004644759904887941,-0.004583525668438115,-0.016003530207746808,-0.00872290726631969,-0.01555418470522063,-0.021423418051663645,-0.01660304157265796,0.013653954896970522,0.00010065726936331343,-0.005075968896127769,-0.005793228662956451,-0.015013682095850078,-0.0013635712309083559,0.002729565399283429,0.00041802528055423505,0.0,0.001379781453969664,-0.012493939518032404,0.00039023972743790214,0.0,0.0,-0.024576085579962492,0.0018087022603931469,-0.04430258065272896,0.0004461685219815381,-5.551115123125783e-17,0.0,0.0005001888030790602,0.0019468752443912996,2.174623253470287e-06,0.023681262589488328,-0.015040635565232219,0.0002005669375653163,0.002851785288643327,0.0,-0.0027700294767971645,0.01361871789324487,-0.007451700018295371,-0.0019927416708584444,-3.988065468085722e-05,0.0005117304543743595,-0.005959042677570636,-0.010760410309030632,-0.001653185573575966,-0.02698996330971143,-0.00042278181295068995,-0.02149802446396787
-0.02067215213828666,-0.020316355888537252,-0.0003765756315365354,6.292607682018003e-05,-0.014775177714169974,-0.026660199481347402,-0.024147369569416988,-0.02275836225844219,-0.0003121684366828581,-0.03352689369653822,0.00010697089298944418,-0.015213866356392547,-0.01964237093519622,-0.0004653820525137853,0.005907866762862035,0.0,-0.025034062439313998,-0.017473089576327205,-0.0001583924595179309,-0.02454997386202118,0.007635709371439037,-0.013249043456435128,-0.008168602922200063,0.0033430531680755937,-0.01670391824631623,-0.014334504894013611,-0.005691252346542053,-0.01834484642246953,-0.04315063844401401,-0.011265421148720423,-0.028024513519202432,-0.02870049097234806,-0.014589738540938813,-0.0066690712554428044,-0.009691326411827073,0.028689891328148143,-0.0003938214683657515,0.0017152662127165041,-0.01774708199525482,-0.034328910559140835,-0.011855260649276445,-0.0048732025647793,-2.835542802059887e-06,0.0,0.0,-0.02718721517385836,-0.024581609670187188,0.0,0.0,0.0,0.0007769513143760509,0.0005776723470139467,0.0006025071448198527,0.0,-0.0020416275902575,0.0,-0.0022421176383765618,0.0014554959549080704,0.0,-0.0019931703840672665,-0.025253279383622318,0.000330746559167705,-0.03159080782211926,0.0,-0.01622488265794464,-0.001066138069895639,-0.0039713839502859005,-0.012956246838567997,-0.0010267321702399634,-0.018898515546876715,-0.01814769267135563,-0.01692810662940647,0.003511807709628223,-0.019187201677684673,-1.1102230246251565e-16,-0.018959453751724642
-0.025990252471631725,-0.0024227273069091226,-0.0005400712623166437,-5.1191323742594275e-05,-0.02428519070721996,0.0006663962395458412,-0.0020858644307940044,-0.0002144941613742013,-0.002088248224309308,-0.029227286173090783,-0.0010029797274010432,-0.02420919500897173,-0.015978008332272864,1.782554233348277e-05,-0.0008889617231068181,-0.025034062439313998,0.0,-0.028875365368729256,-0.0003215184379334879,-0.003504602037645299,-0.0011359029920188224,-0.0445629013944685,-0.00014504891921229834,-0.015332054549827945,-0.04803793085894048,-0.01403066075975995,-5.251550813489825e-05,-0.0034800411615252824,-0.02585740856474289,-0.0008883869662234534,-0.02324801367531959,0.00041704092311911634,0.004362425577702278,-0.0035804151848676247,0.0006558676838847033,-0.013643238711905592,-0.000336266369252991,-0.026424831586376818,-0.061132342209149704,-0.05291539475881679,0.005173883561779891,0.000726029931160499,-5.551115123125783e-17,0.0,0.000251746657703944,0.00016209277097806174,0.00035466082872642746,0.0,0.0,0.0,0.0,0.0,0.0,0.0,-0.04769432913144228,0.0,-0.025011660849235784,-0.0008371781104683507,0.0,0.0002497424989385544,0.001001947373067913,-0.061920769531985886,-0.04290576139627211,0.0,1.1102230246251565e-16,0.0,0.00010978263386146603,0.0,-0.015323572890059145,-0.03319215763164396,-0.03522630847874092,0.0,-0.0016524804311236485,-1.7088592698721872e-05,0.0,-0.032602720991527945
-0.036501325170448684,-0.01786942852153167,-0.0014841259925665318,6.493865675583077e-06,-0.004959585124881871,-0.02303503851335842,-0.014652576383249127,-0.015294003013125612,0.0009428191664187513,-0.02218556858587184,-0.00037057126622802583,-0.002819227927545409,-0.018254163423507275,9.265539707586923e-05,0.0004245136780030023,-0.017473089576327205,-0.028875365368729256,0.0,-0.0013357236460107003,-0.015487997189137681,-0.0185624842026611,-0.016705906807792048,-0.016882974258612515,-0.036785299992619036,-0.017811897038101987,-0.022041479297966793,-0.00933752829535367,-0.00800814508079617,-0.026727074506091908,-0.01584294131369407,-0.026671086298356683,-0.03173820903442881,-0.02693769601889806,-0.018017367502318082,-0.02560234242767412,-0.008464451293510533,-0.0003997590868805023,-0.000619377659795306,-0.020947589848644088,-0.03572419611155431,-0.029995709075295862,-0.026204553545076503,0.0,0.0,0.001636534176977178,-0.03744626445725047,-0.02979021650710273,0.0,0.0,0.0,-0.0008228512830723567,5.580307335800727e-05,-0.00017737949246643403,0.0,-0.02964050331589657,0.0,-0.054708902966765394,-0.0002603052198730249,0.0,0.0025661837461206094,-0.03033854278092535,-0.03734105307119456,-0.040428799838894525,0.0,0.00045557634819859416,0.015311376315827407,-0.013509852540989242,0.001799358616211999,-0.020546752563750104,-0.03409783004201006,-0.03481949284557412,0.00012202605987793325,0.0014685672760024193,-0.0016191410945587403,0.0,-0.02891175588889683
0.0,0.001294340035700059,-0.0011334452168726972,-0.05776154656088328,-0.026007776338328903,-0.013707183485073382,-0.039612695564086475,-0.007259140703930966,-0.03713864367286279,-0.00619741500551324,-0.03293352214456821,-0.00271076394410924,-0.040193722010210486,-0.017952088545048872,-1.1102230246251565e-16,-0.0001583924595179309,-0.0003215184379334879,-0.0013357236460107003,0.0,0.0004139023800600605,-0.000387884298718999,0.0012028242398362532,0.0015508717274897443,-0.00025621872273723367,-0.0011520055987759292,-0.0007462176486017214,-0.015891032957275786,-0.04068207074965685,8.231946313286276e-05,0.000839214752090145,-0.04369634643929993,-0.03955170757912008,0.0003980021657553623,-0.0473662108148753,0.0006505913872195679,-0.017568199646827765,-0.0016703286659759953,-0.004981304987609625,-0.01162080367752022,-2.7473859885329688e-05,0.01606900821266788,-0.0027436990049863885,-0.019463918982879747,-0.0018190713628199462,-0.0001613826931616269,0.0,0.0,0.05370099486988994,-5.551115123125783e-17,0.004455412878324516,-0.026904354172537004,-0.04020570475666002,0.018863459055801002,-0.02074811398783505,-1.9717646747130502e-05,0.015710075497117226,0.00016973815559262473,-0.04235161534502124,-0.007505580040344684,2.220446049250313e-16,0.0,0.0,0.0,0.02784495966045364,-1.4709967289971981e-05,0.0,0.00010013343784270878,-0.013985314468342058,0.0,0.0,-5.551115123125783e-17,-0.02235460994528171,-0.02526665016065327,-0.0016518330428154093,-5.0713469166407954e-05,-0.053547833827018054
0.034049351620575485,-0.016603598945286402,-0.000838281858128398,-0.008691666817778054,-0.009500344633781188,0.002070415184984409,-0.02232758961780351,0.0022281896154208725,0.0007369325752228373,-0.035896399986677485,-4.970844549589959e-05,0.003547016861015273,-0.01930632244147168,-0.00042277320857470047,-0.06911131108142482,-0.02454997386202118,-0.003504602037645299,-0.015487997189137681,0.0004139023800600605,0.0,-0.003384577609302497,-0.019749659217236315,0.04092397468086273,0.03973366919435595,-0.019422617071813197,-0.00045544915721257295,-0.020965613905224167,-0.009111302735826277,-0.022568052874823163,-0.024858186550010486,-0.027697328861651993,0.010421924287767503,-0.011385582142250938,0.006854512070042951,-0.010803616423102791,-0.00032395158430231774,0.012498481354247748,0.004981494892609073,0.004296362728828884,-0.037442054513332546,-0.01873231920263141,-0.004206940308758456,0.0029575037545191973,-0.0014945788067788346,-0.0004946192418712192,-0.001331525879930795,0.0011966981939703913,-0.0007602176883492184,0.0,0.0,-0.013221277196965309,0.0022781204302586566,0.0015064888128517029,-0.001233683369526506,0.0006813681497399582,1.1102230246251565e-16,0.0002920959183564942,0.0010835343364425931,-1.1102230246251565e-16,-0.01946315948837024,0.0059646482466448325,4.510736636598178e-06,0.0027296610816436306,0.0,-0.013667933351872719,-0.018652174018251255,-0.022936654074357743,-0.008770674261240619,0.0,0.0019777960620937507,-0.0160088077408419,-0.004278420785770509,0.001996464705125822,-0.026483813915473886,0.002363528183075281,-0.02389125288812638
0.010143767851027663,-0.0030937605993310857,0.01830123771133957,0.0004242809433344652,-0.0021536033218285677,-0.018158232566447607,-0.03678807767416348,-0.02218769228479034,0.03697316194986261,0.0004285320897742806,-0.00015824731675928572,0.008368096865736474,-0.03828765207712126,-0.04477278009736979,0.01869851408519929,0.007635709371439037,-0.0011359029920188224,-0.0185624842026611,-0.000387884298718999,-0.003384577609302497,0.0,0.01761395973167834,-0.011187201389819157,0.009377088854241378,-0.012604457922908097,-0.006294862025104542,-0.00915376017294095,-0.03835891882651177,-0.033795217967031776,-0.003992189497567744,0.005778654103819059,-0.013473991055296453,-0.006407529660610145,0.0015621058328839643,-0.00996459016377449,-0.039300836630283054,-0.000869704087719303,-0.02016578780224748,-0.019403955974620912,-0.06719374618371271,-0.04090286894349565,-0.012159687154597587,0.002215175431491412,0.0,0.0,-0.03576974905848074,-0.027859574397033682,0.0016041871423870813,0.0,0.0,-0.04120504045987439,-0.0002568294380831393,-0.016769759098398174,-0.0005150423084718248,-0.01016316940660622,0.0,0.0009347274200454114,-0.001647042588552472,5.551115123125783e-17,0.004113451271325674,-0.03354200832304449,0.0,-0.0025401298478135437,0.0,-0.018202689598628197,0.0292048852456121,-0.010208187876765307,0.004017304334689054,0.0012402904877426568,-0.02408901598878993,-0.030490290645953044,-0.004347408253694396,-0.023036032902805814,-0.037996394893699825,-0.0022150255260695584,-0.053538908415911746
0.014814236242207346,-0.03556331490132364,0.020494723059972464,-0.013322507501336345,-0.02006021272231584,-0.012359359223990174,-0.026463304684090583,-0.009957630272644513,-0.011209308934831075,-0.018930833366119837,7.300213775235376e-05,0.0011900017002881569,-0.023744091628783326,-0.0005492501712051068,-0.023293604616680674,-0.013249043456435128,-0.0445629013944685,-0.016705906807792048,0.0012028242398362532,-0.019749659217236315,0.01761395973167834,0.0,-0.02784630955609374,0.12551923224673445,-0.025611414079228234,-0.004617073912534353,0.003086402340927774,-0.0036918032626897523,-0.03655925037460639,-0.001281927624468493,-0.014194400661327655,-0.011979698387163007,-0.013922501734653037,0.0010301055962486094,-0.013834926752473553,-0.007391682255004528,0.011530721389794107,0.004197948416625685,-0.00749226250512719,-0.021736369197927596,-0.020838805823165885,-0.0030782870822328445,0.018611985552260624,-2.9622524521655258e-05,-0.0003679393136785669,-0.019143234980199153,-0.014686755405462104,0.0006226611196171183,-1.1957986660871e-06,-0.00014145759083494802,-0.031393045675613906,0.002313350983764284,0.0025978712609650567,0.0013706234326368305,-0.0004720032200600244,0.0,0.0005944502642528104,0.0020271616408140125,0.0,-0.012656611403711993,-0.012250887719475523,-0.0006752500924815941,-0.003469434166171015,0.0,-0.01899782990941118,-0.0015687178752002984,-0.018382608184220217,-0.013239398232556043,0.001520542383949608,-0.004760170110616413,-0.020019463637665602,-0.017898247420514657,0.004246208608123636,-0.03390913845181481,0.0006816931791355785,-0.015584847471604657
0.008793098224500862,-0.020136221508752383,0.027474106604070847,-0.013131927085380968,-0.017517399933025146,-0.017207601503931858,-0.034432726772413935,-0.014440025225363251,-0.005583779220191654,-0.006301662966486765,-0.013689237231700735,0.0262739616300825,-0.039392902504874816,-0.044120305812251126,-0.0009743572589960836,-0.008168602922200063,-0.00014504891921229834,-0.016882974258612515,0.0015508717274897443,0.04092397468086273,-0.011187201389819157,-0.02784630955609374,0.0,0.0030489871891686837,-0.020829409085690476,-0.015636927806550627,-0.004127686051823565,-0.03433180575016237,-0.0388915267957049,-0.021571955790027575,-0.024340811362441706,-0.025159109074429864,-0.002683449373027391,-0.018581061913323038,-0.014927150692230162,-0.02511844430246335,-0.019701469473119626,-0.006547896471328196,-0.01819943028448645,-0.0031335712490378476,-0.025700501556776723,-0.008834679184747007,0.002517684188627134,-0.035937342206725176,-6.801914730969472e-05,-0.0003831741624359952,-0.007613659400093065,-0.003215863341748504,-4.446068806590597e-05,0.01579045118627742,-0.035592840252102964,-0.0528903547200143,-0.015059153567478112,-0.050003295967769035,0.0018807728392053469,-0.021584394194943013,-0.002690823016632371,-0.03888025125128419,0.013528893013245336,-0.004692748668561175,-0.006883112222869359,-1.0972865727099101e-05,-5.608031672543756e-05,0.010040404755461863,-0.012071993538698977,0.005748250705562008,-0.005670834522309431,-0.011111599134543737,-0.0004588448683414126,0.005691032623970804,-0.00930584947132529,-0.019052428103154995,-0.02069556955286167,-0.024380816876806377,-0.013039731813214772,-0.026292122349162284
0.000994129414900069,-0.017914658009397122,-0.0013776776548350966,-0.0021585407399842826,-0.0003162812805820314,-0.0022349988125092146,0.00014008322288533437,-0.002659767290641657,-0.0021888315629223776,-0.03858718989841997,-0.0019330574374888942,-0.017019260715415208,-0.05011457018594462,0.0015875832303795523,0.031984108789012256,0.0033430531680755937,-0.015332054549827945,-0.036785299992619036,-0.00025621872273723367,0.03973366919435595,0.009377088854241378,0.12551923224673445,0.0030489871891686837,0.0,-0.04212120881374298,-0.0041057378545227285,0.009176105380658217,-0.02045948019346483,0.001663551445629352,0.0006224421896474097,-0.041626458970167646,-0.03480342433729505,-0.05693611047857708,-0.049526487725572,-0.04295796102954863,-0.009942703567772992,0.0012310233759465494,-0.047723541464424174,0.036993825091822696,-0.013502752818059016,-0.012178658293091671,0.008745977153432005,0.0010658854635068327,-0.0002397888067819376,-0.02461029368841461,0.015509739875643636,-0.0024825829277093647,0.0,-5.551115123125783e-17,4.3340809368574984e-05,0.00018861370761286134,-0.00011927601421274359,-1.6653345369377348e-16,-0.0004670233726510875,-0.012957972668910633,3.082089710193525e-05,0.004766047596487244,-0.001341122823543317,0.0,-0.0002947057272286169,-0.039935602436842965,-0.0027601663020406786,-0.025346480568619933,-5.281622889929949e-06,8.601270167063468e-05,0.00029942366154772637,-0.002356770175434675,0.0007420884532825522,-0.009039834030083405,-0.016105263564831218,0.001420494041375231,0.0006538038335093255,-0.015386910025499911,-0.000357363955271528,0.0,-0.030124779546998437
-0.032683611968318205,-0.010847931808866562,-0.0018258223933629303,0.0005468069619182225,0.012790451293369864,-0.031324951306612336,-0.008934561314143996,-0.024974187614789423,-0.015331807291428245,-0.03713291516795503,-0.0007825703593601907,-0.04076392510041782,-0.005436981529739093,-0.004531772689657765,-0.00890513885716504,-0.01670391824631623,-0.04803793085894048,-0.017811897038101987,-0.0011520055987759292,-0.019422617071813197,-0.012604457922908097,-0.025611414079228234,-0.020829409085690476,-0.04212120881374298,0.0,-0.01799416524563824,-0.00987580547459821,-0.005243934893932434,-0.044173296285614505,9.53438702899767e-06,-0.01854322382346202,-0.01591428543651746,-0.02230862779999504,-0.02361022543551966,-0.025823682683966565,-0.009050875655798318,0.00031533398133432033,-0.038648769987003284,-0.024194468563565386,-0.04244884829380546,-0.04040971997930526,-0.029325622520418926,0.06138790348201384,-5.551115123125783e-17,-0.09499456739190754,-0.02892160270254418,-0.0440797806145965,5.551115123125783e-17,0.0,2.220446049250313e-16,0.002844829225563894,0.000876529930855352,0.001345229679372506,0.000373914793802943,-0.05236704961652627,-0.0001730458629999876,-0.04182192881911917,-0.027073915757074074,0.0,-0.019128189520215222,-0.03595304469588173,-0.041369449672829295,-0.04292978736968639,0.0,-0.01063060998787596,-0.029034811293421448,-0.02544254342749508,0.0036512961121291654,-0.026262482626777106,-0.03529258731946272,-0.035703853887241954,0.0011719145296734124,-0.04492212259425776,-0.0439050784650159,0.0,-0.03373423118755747
-0.016701653916447123,-0.03477037995517751,-0.0025070499624710307,0.0019856805486876405,-0.0007912520683212021,0.0052627206542276705,-0.01840564311708265,-0.022586186844145206,0.004491634792428312,-0.013525995201754348,-9.840936252797361e-05,-0.013052524887055106,-0.015341456826767186,-0.00291378116818769,0.007658010319387676,-0.014334504894013611,-0.01403066075975995,-0.022041479297966793,-0.0007462176486017214,-0.00045544915721257295,-0.006294862025104542,-0.004617073912534353,-0.015636927806550627,-0.0041057378545227285,-0.01799416524563824,0.0,-0.007720993651772368,-0.003604466726005562,-0.036743998335447114,-0.0004053934511530355,-0.009256037350852064,-0.02736247216508081,-0.027346390280244492,-0.02541844082718575,-0.03628517239357487,-0.043692957238560426,0.0011408847747167439,-0.022840545850524696,-0.0294352971897181,-0.04811991449879571,-0.04239640498434588,-0.027033801286704184,0.011620973575414917,3.614776973837053e-05,-0.0695887242484231,-0.02411997223859147,-0.04107357974032061,0.0022233628239896053,0.0,-3.6878144134777635e-05,-0.02348847494488021,0.001067436751683859,0.0005764428403183253,-0.0009563410465827649,-0.030257073318850636,0.0,-0.02006851773336299,-0.03221529525842387,0.0,-0.015170478312046765,-0.038951038250545966,-0.02823674746513266,-0.04283094899601242,0.0,-0.034847289452596464,-0.017017930487441935,-0.028550599535412224,-0.01529312574374403,-0.010925916179308381,-0.032627704192867146,-0.036101981329357546,-0.01733982964104902,-0.02778045989364325,-0.03214153873329212,-0.00028201926404725075,-0.03418143928630679
