0.0,-0.01764072100409625,-0.0009660749834090043,0.0,0.00034185703482475516,-0.013934766292919176,0.00016969564348562338,-0.02887796878977472,-0.0006956284430688631,0.07438208909769495,-0.001560999878393754,0.025651869064760746,0.013198851321487293,-0.019146842748611614,-0.015661161205606233,-0.009767090079481455,-0.05769901352855755,0.0051226964667202,0.0,-0.0026240154152299966,-0.01099848368224493,-0.0062136637809859785,-0.012095862760470533,0.009823095127090176,-0.0017831082125849274,-0.0033675621163355984,-0.004322860164739262,0.004974478516239167,-0.016900594365930055,-0.0008195921735954514,-0.013873716672816783,-0.028738968999052816,-0.008842448297600947,-0.03423085600015441,-0.02912292019810936,-0.00047883285892169614,0.0006513638347779849,-0.0020826462307187432,-0.02137781640214309,-0.02602768692545332,-0.05228125145123014,0.0013509689704564454,3.145484497435458e-05,0.0,0.0009202210126971755,0.03984919752793675,-0.000896738455743118,0.0,0.0,0.0,-0.0014924600635831675,1.1102230246251565e-16,0.0008140468077411089,0.0,0.005208921178131931,0.0,0.003190163707055438,0.0009086797676339797,0.0,0.00020391891747567614,-0.026049572979777336,-0.00047373455160248934,-0.015125695890014779,0.0,-0.00044443678934874553,0.06547833987579355,-0.020984201637727906,0.0041792953968870505,0.003686032977924303,6.5667996944074325e-06,0.0029015594607938455,0.0015405722860293847,-0.0003212309705762917,0.0030602288362769903,0.0,0.0013398400014326128
-0.01764072100409625,0.0,0.0031539317032918124,-0.000199615874742487,-0.020679989738005,-0.004266226059033762,-0.017557155077631392,0.004045389248008624,0.018854374925851958,0.0034961626230970433,-2.914455370661706e-05,-0.0018382107286638583,-0.0072846291927070594,-0.0009222900031812808,-0.024740662547237446,0.005010566147248596,0.004168329904166268,0.01449026954256527,0.001357969799045955,0.012002197224397604,0.004214728569547854,0.0066344572324607,-0.01102371525652901,0.004318193394854786,0.03132598782415774,0.005837472199111515,-0.0005570812796405478,-0.021000974322998134,-0.0038272265478965783,-0.04901445957360451,-0.006138027627875853,-0.023611133274981155,-0.012879369979524491,-0.02641737907796954,-0.028312975760172776,-0.0014378836209999468,-0.01354888632356216,0.0,-0.037464766652884396,-0.039506176165468254,-0.03078527612521309,-0.04968302375441713,1.8615479406347557e-05,0.0,2.220446049250313e-16,0.01346657405860513,-0.002900672765934309,5.6198250172223574e-05,0.0,0.0,-0.022081956101680233,0.0010820088494205016,-9.159509749029349e-05,0.0005812257704326806,0.002148000326728794,0.0,0.0003898621145710379,0.003642433185850835,0.0,-0.027041244909512208,-0.033453333737646584,0.003595572675798353,-0.026157545195064857,0.0,-0.030642386054084703,0.022749910801750928,-0.027506171818598435,0.05457548403343937,-0.0009633460336176958,-0.00666042334837369,-0.00696369478130171,-0.0346386376356545,0.00042680902498404283,-0.03152611575897474,-1.1102230246251565e-16,-0.02840658457471129
-0.0009660749834090043,0.0031539317032918124,0.0,-0.010825455310353005,0.03201986566244941,0.0308574849591976,0.010570117380137356,0.06906897270305351,0.05585940065281575,-0.001950666051301897,0.05096793211120959,-0.045188423207982664,-0.0021416036819088546,0.0485935997855797,0.00017220160793596229,-0.0007263369796579044,-0.0013443418429548992,-0.00068514756115029,0.05533733171280025,-0.0005872283502107445,-0.005316907031799767,0.009877593641514304,0.030119006317930352,-0.0009935927728744742,0.0010097270646537426,-8.422560192938855e-05,0.07963940669895808,0.003793543188982673,-0.0024894056620560767,0.01292814071338294,-0.011255485549788002,0.0013648677475062154,0.001031533563466247,-0.003943157615636461,0.01390210503458944,0.04186345087319826,-0.002470591734260008,-0.0025918099311249,0.014781692980718741,-6.442089410252372e-07,0.06566282121102562,-0.10838754237499587,0.0486768207092218,0.0032222954963441186,0.0,0.0,-0.00027994553189142346,0.13845167537566055,7.064842258541759e-06,0.04112078011683096,0.017107683332412305,0.020452463138480148,0.03566958970314171,0.07450933881208976,-7.317446816446083e-05,-0.0030744699737422776,-0.0013050707626033886,0.02391606900664167,0.05770450893438883,-0.00040717804867429486,0.0,0.0,0.0,-0.06747120331501005,-0.00042034825583009416,-0.0010740526650163118,-0.0005272450729745248,0.018493341653055273,0.0,0.0001159653983391351,-0.0009141945682734076,0.022597713238911465,0.040946263058238674,0.001843200427230074,7.72657532985832e-05,-0.004678709461155783
0.0,-0.000199615874742487,-0.010825455310353005,0.0,-0.0655076373614342,-0.021349759629809395,-0.018690913449232682,-0.0020909361950554595,-0.021597515529292566,-0.0341084472704937,-0.001072156347146358,-0.028801960578417163,-0.04368231816418178,-0.05824708907360099,0.0012256427319787266,0.00042846037950783344,-0.0005933943874150693,3.217109462488876e-05,-0.011975734903260205,-0.020282425587671793,0.000875692899293401,-0.04033653040860241,-0.012537987979784337,-0.0032218582755663694,0.0004568360244953662,-0.05477429142153789,-0.018439904505816673,-0.03178427329106989,-0.026431679656927665,-0.0012932408769301684,-0.06542896943683879,0.011748351014294889,-0.06013031917443784,-0.01525860972098636,-0.00164775882946816,-0.014509970919450471,-0.015510642270292418,-0.014676206205770315,0.012573019953037279,-0.0009952286422584278,-0.0005800003504303208,0.024590784860831272,0.014159588900365894,0.08640063430324363,0.0,0.0,0.0,-0.0009977824487694686,0.0,0.0,0.0006214918148842452,2.220446049250313e-16,-7.36278339421026e-05,-3.3241966965913416e-05,5.551115123125783e-17,-0.0011033724145023682,0.029114717156469738,-0.0004228205143656516,0.0,0.0,0.0,0.0,0.0,0.0,0.0,0.0,-6.49176047355371e-05,-0.0008750396186955611,0.0,0.0,0.0,0.000614659731021705,0.0019025185927445398,-0.00014802297731481007,0.0,0.0
0.00034185703482475516,-0.020679989738005,0.03201986566244941,-0.0655076373614342,0.0,0.02837442324931483,0.028759845139243456,0.017094715311710307,0.030665495523994946,-0.08063125887402195,0.023263924962714122,-0.030067320246501772,0.0059093818566798295,-0.04754274823118193,-0.0006432436991905544,-0.00018982206072265528,0.0007701224813502772,-0.0020524089336182993,0.030960532100294536,0.0016342093163990712,-0.0029494324508928527,-0.01615846899920137,0.0227867296350297,0.0016800818914965987,-0.029570010789914725,-0.005948813927468155,0.02795416378651766,-0.03374781616347561,0.008097500338579033,0.002237576787189499,-0.019623090455648917,-0.03185667139883214,0.009297225906942153,-0.02096787129945582,-0.01666487260631372,-0.03918543008984654,-0.05406471367675278,-0.013996914271235783,-0.07171294305933484,0.0007643933118888779,-0.03934802286733957,-0.008078659046745318,0.003938183686839236,0.0027642304301554455,-0.027847785611964937,1.1102230246251565e-16,-0.000277216780009526,0.017462743769923406,0.0,0.0052108853144052225,-0.009479099422099568,-0.001029992514948841,0.002395637433108222,0.029424418246818407,5.551115123125783e-17,0.008796736514297465,-0.03599375437484842,0.0023726787993907927,0.0008259505550505808,-0.00023722258306135835,-2.3440479350711474e-05,0.0,-5.551115123125783e-17,0.012389122058133473,-0.0006271875015141926,0.00019803786621919173,0.00028147797393396345,-0.0011230139217004442,0.0,-2.0654116455076643e-05,0.0005071786210752993,-0.008996212874280263,0.0020802422114060137,-0.002451362127188106,1.1102230246251565e-16,-0.0025933290523040275
-0.013934766292919176,-0.004266226059033762,0.0308574849591976,-0.021349759629809395,0.02837442324931483,0.0,0.02810459106703367,-0.01875039771901954,0.04629075768041646,0.0028666332266805705,0.023898295629381394,-0.012760537871408073,0.038042289622073844,0.01398535679729307,0.0019050173451959362,0.0009532163554716866,0.0023976949694407,0.002858414882355831,0.03981196072226273,0.022266102756407558,0.014731249992339657,0.004187659939792754,0.01640514242157337,0.0032098763367426897,-0.01455272913819261,0.008284269953442669,0.025837313400374318,0.010388669684429475,-0.014079907201300923,-0.0039457787897400065,-0.006915931939387665,-0.02073084333483899,-0.003115167900942628,-0.007709891789079437,-0.009694638658938992,-0.015749928187509754,-0.01749636027155549,0.0009581793730166765,0.008278226554454149,-0.0006536397767885616,0.003972683851293679,-0.06773177416746534,-0.014556151552434782,-0.0013496857886313163,-0.0017609911657843758,0.0010200828310188426,0.00520550349177451,0.022280139980374813,-0.000546195830118168,-0.005254296833384631,-0.000655448838355388,0.0026687578808464174,0.007942096280527167,0.04219859156117012,0.001650703053963698,0.03792115616848846,0.000488344426968379,0.0061527753662588,-9.09579604035371e-05,0.015358417806914382,0.0027863325958407126,0.0,0.00015709492876025966,-0.005243135123193854,0.024702654950117864,0.012914321025354447,0.007312551675341006,0.004660778439947277,-1.94517738830724e-05,0.0003602018725278877,0.010818333236056965,-0.002043370829096891,0.0038596044189325163,0.009122270989258885,-1.4111872569610995e-05,0.0062330555519772846
0.00016969564348562338,-0.017557155077631392,0.010570117380137356,-0.018690913449232682,0.028759845139243456,0.02810459106703367,0.0,0.001984287047837041,0.027351699780244265,-0.03760127679715136,0.001572669850819275,-0.020006688072065126,0.0017832606507405813,0.0016320511353353773,0.0008298586241264894,0.006411114978178922,-0.005660259634248654,0.01591582289932808,0.0029301306920696546,0.009622188728385161,0.003460654488414816,-0.004995305277262385,-0.001050507751623131,0.007545373642588671,-0.007322451973683253,0.013741352060281986,0.005838902290526027,-0.02255916826461718,0.011396699099378849,0.00102314289554839,-0.0013279939316970246,0.00623014480162748,0.010146243117633624,-0.006258846565295184,0.0031380290989042603,0.006814219261450094,-0.013675282722874382,0.0023434708661559944,-0.11802109247687909,-0.0008385074306937468,-0.0882516028545196,-0.060035065949648414,-0.021779735819767387,0.0018166332752154735,-0.0008772369252024736,0.0,0.0026227793296133006,0.00702192986475314,0.0,-0.0005164298696586078,-0.0066428732154512615,0.010582196816431133,0.0013921684408950141,0.0217018136853091,0.0004304553064525818,-0.0018502489542076561,-0.012711884017243436,0.00015191025546745784,-0.0020962155917048086,-0.0013927266863011933,0.0011955188496537983,0.0,-2.843987310746643e-05,-0.02205107321784272,0.0009717129994287199,-0.0002186861532528228,0.0015324032536236931,-0.001347514906424152,-9.924707863595561e-05,0.0005168213343366146,0.0016114681797749775,0.000654117514276964,0.0027992613365108165,0.011554594980115851,0.0016110531687789642,8.304510079892857e-05
-0.02887796878977472,0.004045389248008624,0.06906897270305351,-0.0020909361950554595,0.017094715311710307,-0.01875039771901954,0.001984287047837041,0.0,0.06953255233950856,0.0004353322614102928,0.09008252917624049,-0.08342597029413928,-0.005947444475419339,0.041685128048498776,0.0017039029569126951,-0.01734599912342044,5.743718058953684e-05,-0.008840375848068682,0.07088156973242415,-0.001337132065503177,-0.04478236281676967,0.01352948417731703,0.007416604570227359,-0.010594631810682875,-0.0007459567878757012,-0.01935195100915077,0.000993369741244754,-0.007312743414562006,-0.02442241527628547,-0.026112760762889764,-0.010912741614797439,-0.041012189823387224,-0.022967117849575336,-0.011195084129672794,-0.013371235412027116,0.001476373460431557,0.007810864819991492,0.0038852670735944894,-0.014533034229911479,-0.0010444263701752665,-0.01967473843038159,-0.003694220737079257,-0.024150607318593198,-0.0015101190228677397,0.0,0.0005312162685452981,0.000950285352112834,0.03875923637592038,0.0,-0.003752958022573194,-0.02064529223218281,-0.0195308260757881,-0.015688297393197326,0.03642818025099426,0.0005103878347676449,-0.003696755840428112,0.00021542884391845263,-0.004760972813126374,0.0028046646383914076,-0.002232198227444304,0.00017273457255229108,0.0,1.5085249575774728e-05,0.03684462451966608,0.050914856723995594,-0.16401893945732005,-0.0010495204581542628,-0.016750796736708984,-5.551115123125783e-17,-0.0004228859589048284,-0.00045399588285505166,-0.020833511760671553,-0.00416084045079862,0.012157333615676169,-0.00041582934663242366,-0.008212404042913068
-0.0006956284430688631,0.018854374925851958,0.05585940065281575,-0.021597515529292566,0.030665495523994946,0.04629075768041646,0.027351699780244265,0.06953255233950856,0.0,-0.010782537590594332,0.05220807391695792,-0.030905986545307962,0.012665411271323146,0.03225724565972671,-0.0025624326382832074,0.0024529421024026554,-0.0017598601562757166,0.002603688998142728,0.06468691446239777,0.04305354222996077,-0.0015462416260231815,0.0227443178396583,0.019498367433468278,0.00035348923922717823,0.006673615383850362,0.005101742930180231,0.07075392467676805,-0.017840948100016907,-0.005149908246292079,-0.01665249032289179,-0.03311956445743319,-0.01962174201479977,0.03741528969078384,-0.02271464598465711,-0.019670635585136598,-0.001423984431800196,-0.023576556791953862,-0.011855353874190844,0.022825924889029126,0.00038684712075037764,-0.001844120143642325,-0.006709425032733474,0.0382286637188925,-0.0038361652020413306,-0.0018628541106432417,-5.551115123125783e-17,0.000876652570552805,0.049853891343666135,-3.3939833472551584e-06,0.024515088915505245,0.018501916307308908,0.01522211562476361,0.05678005210538728,0.054364711737951654,-0.0024246316398943146,0.0659079107995163,-0.0014317351367951203,0.009390450262901417,0.03958579561887965,0.000699164124986551,0.0009263542399794433,0.0,0.0,0.060439931587309315,0.0006047366727296999,0.0003139954615656859,0.0007279536090585847,0.024806701321139824,-0.00010433295228079453,0.00018584007812560976,-0.00023622424360958405,0.02128312902456264,0.028751165931391265,-0.0007053937572205626,-0.00017108629451756396,0.0040755962939341694
0.07438208909769495,0.0034961626230970433,-0.001950666051301897,-0.0341084472704937,-0.08063125887402195,0.0028666332266805705,-0.03760127679715136,0.0004353322614102928,-0.010782537590594332,0.0,-0.008918642493423723,-0.010252837770958256,-0.020741957841961756,0.026401265474703783,-0.00019320427602259604,0.013861019144588316,0.03169543747370529,-0.00014743136368483567,-0.008626532783179819,-0.002982289275488492,0.020452533292938113,0.0008583886629661697,-0.00724823206389158,0.014545371603041313,0.036422410457328525,0.013166473142000923,-0.004136187868720498,0.0051326432847615955,0.002939173311026666,0.0009772108910684474,0.023654126852258817,-0.01615813818174533,-0.0028714236538676663,-0.023618147670706024,-0.008437244951344236,-0.008628671119201403,-0.021617188822918965,-0.020444459384128144,-0.05299829139365447,-0.03375278061402509,-0.016119943564900707,0.0002984056199872853,0.01876692521400547,-0.002600544651635117,-0.03900539638841599,0.030839623029145113,0.0008713388336622496,-0.000960597277983033,-1.9271507618434658e-05,0.0004361867668146169,0.0025462657106203324,0.001196750378863909,2.9441131403074028e-05,-0.0015685134788772648,-0.01319546065522137,-0.0007024419178610075,-0.01170856600111364,0.0048802582561310315,0.0,0.000713061129078707,0.04940650204973074,0.015092503432847182,0.04835521549454902,6.334645542449557e-06,-0.00010292198285855036,0.0009692615093773171,-0.001201735291981365,-0.0011434137886189855,0.0332173335490526,0.04739198034908371,0.022030805154980404,-0.00047335263901604474,0.014347177843249015,-0.000784671787272706,-5.551115123125783e-17,0.0016552269061754221
-0.001560999878393754,-2.914455370661706e-05,0.05096793211120959,-0.001072156347146358,0.023263924962714122,0.023898295629381394,0.001572669850819275,0.09008252917624049,0.05220807391695792,-0.008918642493423723,0.0,-0.02404822408383228,-0.012412413351477303,0.034939506442829504,0.0,8.542584595694347e-05,0.006208882813191874,0.0034697214332248816,0.02926276825616647,-4.6949942329177485e-05,-0.00019162535388483892,-0.00016573347228920898,0.04669956955836113,0.03172121818279039,0.00031627367760034275,0.001402152040718252,0.0554091494639683,-0.008216321790203651,0.0009537043984003679,0.00035863440676559,-0.022511875916529978,-0.015175263684480078,0.031109533355241914,-0.007037320241232048,-0.014326981266757355,-0.02790151921914602,-0.001195050959242383,-0.006809822567106827,0.004181688612798662,0.0012640280453435904,-0.0011290750823560458,-0.0017676761203795355,0.059858342484966465,0.0002933078885606899,-0.0007472135058146367,0.0,1.1102230246251565e-16,0.11460777236588038,-6.572034718099751e-07,0.09963274944096229,0.021134095502784833,0.07043442105856268,0.04530149866860994,0.08994730117876537,-0.001279802054098944,0.10006314170106223,-0.026299297888895012,0.05444023604941273,0.008230654274722304,5.551115123125783e-17,0.0,0.0,0.0,0.18701145731254504,-0.0005690154992601948,0.0,-7.167825836756903e-05,0.040980419992532324,5.551115123125783e-17,0.0,-9.598657369180863e-05,0.023635491566760147,0.0008449180127106382,-0.0014229930128867307,0.0,0.0001797041111402664
0.025651869064760746,-0.0018382107286638583,-0.045188423207982664,-0.028801960578417163,-0.030067320246501772,-0.012760537871408073,-0.020006688072065126,-0.08342597029413928,-0.030905986545307962,-0.010252837770958256,-0.02404822408383228,0.0,-0.013265244677150567,0.0016574455934585397,-0.0003031777052552864,0.0016692571390410915,-0.014549021113931693,-0.008582606502303913,-0.015997214845089425,0.004366561081697196,0.017372188435340163,0.00167929442237158,-0.03298859828089673,0.04756130481220189,0.020354646607247673,0.014729939420901506,-0.023147805331422078,-0.0012577551596739123,0.0023563454029362774,-0.0015391093963745828,0.002700435778170862,-0.02345636635758075,-0.008518196431745284,-0.016868000745724032,-0.012354895174194469,-0.0057769218932456345,-0.03645414001654507,-0.025782821745292755,-0.041387994485473645,-0.01039296903060899,-0.00011128456301079392,-0.0037425983418914455,0.020473079497664026,0.0005637799512700492,-0.04185024908108487,0.003381555940229708,0.001258360411902748,-0.0008807484298744006,-0.0006500352575058155,-0.00010356720089466087,0.0002845975977655568,-0.0006057088165644098,7.881054584657488e-06,-0.0004433898662648539,0.0024499193626779103,-0.0017299382515403305,0.012141978918946805,-0.002669262035213338,0.00040829425841709677,0.00013198379841755647,0.03481029329092333,0.021986464385868265,0.037403170489477444,-9.123512110004173e-05,0.0005715840699577202,0.0010889742295812077,0.00022432283476042647,0.0008010717899131214,0.04892270995731074,0.044209013873008296,0.02884387505421593,-0.001636426691457471,0.003453377671258806,-0.001514389988275744,0.0,0.012372196573048166
0.013198851321487293,-0.0072846291927070594,-0.0021416036819088546,-0.04368231816418178,0.0059093818566798295,0.038042289622073844,0.0017832606507405813,-0.005947444475419339,0.012665411271323146,-0.020741957841961756,-0.012412413351477303,-0.013265244677150567,0.0,0.020818271099338703,0.004480960892329355,0.010909559039240901,-0.004735514434067889,0.01690811150808519,-0.015966705669127557,0.01693558555669461,0.008918968287033702,0.006409469355527053,-0.007613750732337721,0.014034510857637461,0.00020253242188128517,0.01250302503082551,0.0020223502007662986,0.011957352659350995,0.018273675055736516,0.005482768503400959,-0.0032350587466631886,-0.00732611412467854,-0.002351669556813263,0.0032748942127001635,0.008523325391643688,-0.008770032462115607,-0.03346635146077892,-0.0026102094397074116,-0.0394721325223385,-0.04511598096442743,-0.06928622017768643,-0.034258260955744746,0.008036881763647863,-0.03136004493568467,0.05213006177821333,0.0005522309244453405,0.0036745118121422893,0.01829161769507537,0.0,-0.0009084722279999458,0.0015271694355687981,0.004842330405218642,-0.0013630659138103018,0.02314147198152272,0.0012505093976376558,0.020824428001314066,-0.035617638138441654,0.013717301804683169,-0.0013512337730705593,-0.012490199599902385,0.0008765701846569218,-0.00037352315791117086,0.001919120519465023,0.024619128505811938,0.023246188416002678,0.0019359638670242707,0.021219041739551026,0.0012046541760929452,0.000993331223927807,0.0018165576144336115,0.003928921778429739,-0.000608406314921206,0.002401176357496315,0.0001488287135230637,0.0013977132815480298,0.0034229475759202654
-0.019146842748611614,-0.0009222900031812808,0.0485935997855797,-0.05824708907360099,-0.04754274823118193,0.01398535679729307,0.0016320511353353773,0.041685128048498776,0.03225724565972671,0.026401265474703783,0.034939506442829504,0.0016574455934585397,0.020818271099338703,0.0,-0.07160727647427056,-0.0005810527555456524,8.830906547757644e-05,7.953799123927574e-05,0.062179363682560884,-0.004633323413468282,-0.010596807884664217,-0.006543086083358296,0.025674011443488798,6.629274924774275e-05,5.667600171743725e-05,-0.022513841050780303,0.0004571332352278912,0.06972165183093737,0.014166529104780556,-0.0005381599131614734,0.0039679176807481675,0.0038559042617329897,-0.00021003633989752357,0.03770781913459664,0.025956118598577382,-0.03272429881067254,-0.026975356874374468,-0.0008298320833005635,-0.03431427724043118,0.0,0.0007521876093021795,0.0008374816336323421,0.0432721154803436,1.8917593763156937e-06,0.0,0.0,0.0,0.05358157451193324,0.0,-0.003821682054421016,-0.0009525592171694686,-0.0009359653699310688,0.026867078207238326,0.041981245687949975,0.0,0.041904899462403555,-9.404684187258594e-05,0.0018319032761053289,-0.002236096351618644,1.1102230246251565e-16,0.0,0.0,0.0,0.050397108925281875,0.0,-1.1102230246251565e-16,0.0,-4.920414683523555e-05,0.0,0.0,5.551115123125783e-17,-0.0299755409908114,-5.395442678851614e-05,1.1102230246251565e-16,0.0,5.551115123125783e-17
-0.015661161205606233,-0.024740662547237446,0.00017220160793596229,0.0012256427319787266,-0.0006432436991905544,0.0019050173451959362,0.0008298586241264894,0.0017039029569126951,-0.0025624326382832074,-0.00019320427602259604,0.0,-0.0003031777052552864,0.004480960892329355,-0.07160727647427056,0.0,-0.028266818529923576,0.0009678179903461204,-0.021588853372805805,-1.1102230246251565e-16,0.014338129814135014,-0.005836676902225724,-0.04684899465967801,0.005786191192505619,-0.048160394000663354,-0.02039730987205407,-0.018654820176300713,-0.008588902044950053,-0.014908695353995804,-0.008500042534100083,-0.0044100503792249834,-0.012113597698059864,-0.025602078080762314,-0.032145739087407754,-0.03137265690820912,-0.03833659626033753,-0.02611289348535034,-0.0022509697353254587,0.00012596272236053974,1.2459176097268099e-05,-0.0044508052573488666,-0.017963339625263808,-0.0037336077933540768,-0.0833271924298486,0.0006404906061546756,0.0,-0.03304728901545684,0.002583914262587861,0.0005875296498184523,0.0,0.0,0.00805838033172468,0.001346095503153344,0.020995790864418606,0.00032857571420352727,-5.551115123125783e-17,0.0,0.00011214245456525607,0.017784686477875955,1.0773245698758593e-05,0.05331623659587925,-0.034147083067655515,-3.969027994810137e-05,-0.07918737416230587,0.0,0.039584690113782406,0.02030464245260899,0.010370347970466043,0.03264165811641856,2.3788913859179583e-05,-0.028909193065964067,0.00207032411131014,0.02814337128683886,-0.004452525362394044,0.008531298601433868,0.0005839958353677233,0.00111236522347391
-0.009767090079481455,0.005010566147248596,-0.0007263369796579044,0.00042846037950783344,-0.00018982206072265528,0.0009532163554716866,0.006411114978178922,-0.01734599912342044,0.0024529421024026554,0.013861019144588316,8.542584595694347e-05,0.0016692571390410915,0.010909559039240901,-0.0005810527555456524,-0.028266818529923576,0.0,0.020147221799460935,0.031314206819560764,-0.00017296564302377027,0.025481673620121603,-0.01948587197314572,0.01824104149305794,-0.01345904400262904,0.01383505838344612,0.036215145016574024,-0.016691708792552995,-0.009987781575685306,0.011808441607644604,0.0042003129371548376,0.009987615276547568,0.024711645784215586,0.003039371414149339,0.006123413538339562,0.0025559527975209106,-0.00847304480660832,-0.00035710482577677727,-0.0006513038346376288,0.0015464932765367756,-0.05438672649952481,-0.04887289468314615,-0.054010396117104065,-0.05747185722181558,-1.4047490409618835e-05,0.0,0.0,0.0039379172251709504,-0.00918821377725959,0.0,0.0,0.0,0.001672654199174728,0.0005898415398910561,0.0010945249533889645,0.0,-0.04203413140238871,0.0,-0.003239858622867464,0.0020749003434953894,0.0,-0.02617923233118391,-0.04163453506711018,-8.544505235541511e-05,-0.031015871931656225,0.0,-0.07245399722992169,0.0019702636857128475,-0.05178039752836083,0.0026928300445765996,0.0002821785608725369,-0.017513456983131892,-0.020641707112216634,0.004288384746679641,0.004765555518582321,-0.08200857756860819,-1.1102230246251565e-16,-0.04615870883635714
-0.05769901352855755,0.004168329904166268,-0.0013443418429548992,-0.0005933943874150693,0.0007701224813502772,0.0023976949694407,-0.005660259634248654,5.743718058953684e-05,-0.0017598601562757166,0.03169543747370529,0.006208882813191874,-0.014549021113931693,-0.004735514434067889,8.830906547757644e-05,0.0009678179903461204,0.020147221799460935,0.0,0.04171520707493609,-0.0015650726508965596,0.004981137305959005,-0.002677802225859005,-0.006645971410183804,-0.0002189261298565226,-0.0021394091340470323,0.018747461898171447,0.0033466706200092067,0.0006765181009403265,0.008488729565780118,-0.026000142792277692,0.0003889655555022187,0.020899375396476627,0.005079980813484042,-0.0038954602089454893,-0.01910453519901023,-0.049391425359562924,0.001091427237164877,-0.00031096637066224675,-0.02805075426649012,0.003528596392671335,-0.06518257855548454,-0.02752719166352119,0.0011159064335491409,-5.551115123125783e-17,0.0,-0.00017991911847620168,0.001946481595278604,0.0008664340062074505,0.0,0.0,0.0,0.0,0.0,0.0,0.0,-0.05664069061860666,0.0,-0.047756635525916635,-0.00046423411564378014,0.0,0.0004245262666554561,0.002732871737508469,-0.025870317825698763,0.0016184463304027563,0.0,1.1102230246251565e-16,0.0,-0.00024352042828496012,0.0,-0.0012123937320712708,0.01641906922492431,-0.003527834259300644,0.0,-0.002198728662433702,-8.465816205321941e-05,0.0,-0.03810936084953226
0.0051226964667202,0.01449026954256527,-0.00068514756115029,3.217109462488876e-05,-0.0020524089336182993,0.002858414882355831,0.01591582289932808,-0.008840375848068682,0.002603688998142728,-0.00014743136368483567,0.0034697214332248816,-0.008582606502303913,0.01690811150808519,7.953799123927574e-05,-0.021588853372805805,0.031314206819560764,0.04171520707493609,0.0,0.011471151162054827,0.02994951054363676,-0.025666302073884817,0.028765925249265745,-0.024827627322238366,0.013341988079586697,0.031008404788801347,-0.0010519884291060877,-0.004628935662888745,0.017939476003575983,0.015662111976838533,-0.012452580000868074,0.02795130517599509,0.008585319835834881,-0.0023297130468767913,-0.0005380260422483962,-0.017735072404243435,0.031971728941203315,-0.0005343796315107063,-0.031169450130330845,-0.022731381906477888,-0.020351232370698025,-0.025159482974081826,-0.031195971610401718,0.0,0.0,0.0022187839623163397,0.02054973733222082,-0.007012645332802714,0.0,0.0,0.0,-0.000617277541392125,-0.0001333382151620932,-0.0004686574361720264,0.0,-0.053981492352754346,0.0,-0.06031910610684332,-0.000570922764631665,0.0,0.00023662374132887853,-0.023854655375722122,-0.041432441359556205,-0.010072233614134507,0.0,-0.05404113533490629,0.003829779806199085,-0.030454396779719284,0.0024691009176896483,0.005634008625415909,0.0002277878376518716,0.007050241359825293,0.000929864295712679,0.00208968372461521,1.753563042616868e-05,0.0,-0.021460853528032175
0.0,0.001357969799045955,0.05533733171280025,-0.011975734903260205,0.030960532100294536,0.03981196072226273,0.0029301306920696546,0.07088156973242415,0.06468691446239777,-0.008626532783179819,0.02926276825616647,-0.015997214845089425,-0.015966705669127557,0.062179363682560884,-1.1102230246251565e-16,-0.00017296564302377027,-0.0015650726508965596,0.011471151162054827,0.0,0.0004601554185853507,-0.00042802631315563833,0.0010463902121430335,0.019416866526500876,-0.0002472853556309551,-0.000806974324709886,-0.0007623684061705549,0.0676553757634159,-0.018066448715800265,0.0010636314445697792,0.0013495529705674914,-0.03305097333813095,-0.00658079529292388,0.00932965241925221,-0.014160490796010838,-0.03144030270844567,0.022390452992503418,-0.016367202807695824,-0.008139447875142092,-0.031027360710407903,1.9777946688892545e-05,0.0008900765276221856,-0.0035551949220651857,0.025437681616487795,-0.0020736429338566453,-0.00016004912349099065,0.0,0.0,0.07839823644768995,-5.551115123125783e-17,0.053503456259616555,-0.003321603890017455,0.009964453478477298,0.023351031945673895,0.04232944600510913,-6.791181774856714e-05,0.07913082867779414,-0.0003736805018731415,-0.0037359562472835117,-0.003686234712809766,2.220446049250313e-16,0.0,0.0,0.0,0.03768176066364215,-7.28742744698363e-05,0.0,8.920906315512678e-05,0.010024740746883753,0.0,0.0,-5.551115123125783e-17,0.003422698387313017,-0.0005442262942298992,-0.0012489200762910713,-0.0002512383065520485,0.0012373659921208757
-0.0026240154152299966,0.012002197224397604,-0.0005872283502107445,-0.020282425587671793,0.0016342093163990712,0.022266102756407558,0.009622188728385161,-0.001337132065503177,0.04305354222996077,-0.002982289275488492,-4.6949942329177485e-05,0.004366561081697196,0.01693558555669461,-0.004633323413468282,0.014338129814135014,0.025481673620121603,0.004981137305959005,0.02994951054363676,0.0004601554185853507,0.0,0.021945434785656248,0.03526835596500866,0.029464006890499106,0.005914245616675695,0.008113276853268181,0.0005902819284053784,0.027449676159616354,0.006550975420847427,0.019750123393579233,0.013533611578676608,0.018890245462682975,-0.009224780345153227,-0.009167979650686886,-0.0008511475975899185,-0.013281319487700949,-0.0165328298225772,-0.021117437023261132,0.004466199424214279,0.011404489556113784,-0.003039778340225452,-0.016056348889170402,0.0011385372240744207,-0.06819109948068958,-0.002091834584970087,-0.0005239240821117708,-0.002341679425776344,-0.013115567884530666,-0.0013537209457658017,0.0,0.0,-0.005337942809167773,0.0030090541978588514,0.03696060716540911,-0.0012463411423940252,0.0005871297576152124,1.1102230246251565e-16,-0.00042474246140800087,0.004084411880617866,-1.1102230246251565e-16,0.024229635580407916,-0.04062795093941718,2.2346525538563533e-05,0.003362866895522343,0.0,0.027264893491323938,0.044746315842637774,0.004682181854663958,0.028365795377750358,0.0,-0.004465181078489089,-0.004009022199978118,0.015627150389714628,-0.003990523451465167,0.004232837150306534,-0.00025468073692719306,-0.0019113248922303372
-0.01099848368224493,0.004214728569547854,-0.005316907031799767,0.000875692899293401,-0.0029494324508928527,0.014731249992339657,0.003460654488414816,-0.04478236281676967,-0.0015462416260231815,0.020452533292938113,-0.00019162535388483892,0.017372188435340163,0.008918968287033702,-0.010596807884664217,-0.005836676902225724,-0.01948587197314572,-0.002677802225859005,-0.025666302073884817,-0.00042802631315563833,0.021945434785656248,0.0,0.006120343879404688,0.0049241561634568165,0.01757447662925582,-0.014061803813673335,-0.0027673268022830877,0.016897785908720542,0.020624300351150315,0.002500294418916471,0.015714519210090483,-0.0073671127172069695,-0.033624326350147504,-0.027187552413368343,-0.009230751606907062,-0.0428801671904942,-9.772198498109175e-05,-0.0012143132879917085,0.07652460506403347,-0.0008524744327086942,0.0018208775705997327,-0.01953050037481152,0.014674968759595064,0.0017461650093884007,0.0,0.0,0.05256446172168033,0.01025808801682876,0.001318187798392212,0.0,0.0,-0.004860819172340269,-0.0006866814476158556,0.07649684478021518,-0.0018108100196712607,-0.0003419547553125124,0.0,0.0012420194086497083,0.001188267231810869,5.551115123125783e-17,0.028465506210684333,-0.02516074327966239,0.0,-0.06865784210491271,0.0,0.05849635437888018,0.03617675617117261,0.01553426156225396,0.037286637836742464,0.0013320765597086837,-0.029984227383574147,-0.0018679784308248681,0.03864779722386996,0.016693139095383447,0.020813189740826965,-0.0019881662267866584,0.0007076087893462257
-0.0062136637809859785,0.0066344572324607,0.009877593641514304,-0.04033653040860241,-0.01615846899920137,0.004187659939792754,-0.004995305277262385,0.01352948417731703,0.0227443178396583,0.0008583886629661697,-0.00016573347228920898,0.00167929442237158,0.006409469355527053,-0.006543086083358296,-0.04684899465967801,0.01824104149305794,-0.006645971410183804,0.028765925249265745,0.0010463902121430335,0.03526835596500866,0.006120343879404688,0.0,-0.00705455249295589,0.007356915795469432,0.01605827251365627,-0.002483762256438482,0.005133879421133136,0.01235510261347128,0.006288507612217498,0.018578328246685705,-0.0073502788708541544,-0.03172601350804749,-0.024914057285057523,-0.02840598206026762,-0.03985203085537059,-0.030798170888777454,-0.025241826672174894,0.003672571335961494,-0.03150426284804991,-0.04774937724235212,-0.04249786104961767,-0.03795566980932136,0.00035204003876210255,-0.00015510107223781766,-0.00035832509147559755,0.0210673435843034,-0.014495511500422276,0.0008911196210097394,-5.924075729135669e-06,-0.00014735837891727277,-0.01354278144391119,0.001501919689702147,0.0019383182881196337,0.001984640891221412,-0.001318581467198321,0.0,0.0002481329517239339,0.002394919154926234,0.0,0.01115182003554277,-0.04529506429186436,-0.0005195847924717722,-0.05805377267039552,0.0,-0.009295890070042223,0.023589565300304205,-0.015125457161820843,0.01706485780293321,0.001162645033134846,-0.029068942168146372,-0.016300398645697545,0.012381430089831114,-0.06123248384466756,-0.01824730975124428,0.0008053207556822928,-0.04092119686019918
-0.012095862760470533,-0.01102371525652901,0.030119006317930352,-0.012537987979784337,0.0227867296350297,0.01640514242157337,-0.001050507751623131,0.007416604570227359,0.019498367433468278,-0.00724823206389158,0.04669956955836113,-0.03298859828089673,-0.007613750732337721,0.025674011443488798,0.005786191192505619,-0.01345904400262904,-0.0002189261298565226,-0.024827627322238366,0.019416866526500876,0.029464006890499106,0.0049241561634568165,-0.00705455249295589,0.0,-0.0071092533638589805,-0.012896267685433505,-0.012760520416488563,0.016153434607217187,0.0007323052307445233,-0.01176899046186175,-0.004078210526776371,-0.0039438068317261266,-0.016251114861247196,-0.016633166079272232,-0.007976221570233144,-0.01126830608965218,-0.002783647544006951,-0.01339038318831004,-0.01269815266209745,0.013896144857073522,0.028758732656912867,-0.025761965717632118,-0.02077057730344678,0.030454891377273807,0.003175734512809447,-0.0007228782321800353,-0.00017447686131777385,0.019534386278554472,0.05969405466537525,0.0006249738143084271,0.028200765477120027,0.0048467596107103494,0.009954606509242736,0.018413957540779957,0.0499949319148878,0.0016266649762373686,0.06221733164377985,-0.0022856864890341,0.012469855540579888,0.007632873131945939,0.03702757824031072,0.006139750948769063,-5.436039475514853e-05,0.0009213116155045165,0.07012576325508901,0.04025241722323081,0.041410078616404555,0.028965437413206507,0.018352831131130842,-0.0007420907962313317,0.007944372965463908,0.02872310155796709,0.006383239919774963,0.009882468281509293,0.01822034279534901,0.00338913190268908,0.009530716987064758
0.009823095127090176,0.004318193394854786,-0.0009935927728744742,-0.0032218582755663694,0.0016800818914965987,0.0032098763367426897,0.007545373642588671,-0.010594631810682875,0.00035348923922717823,0.014545371603041313,0.03172121818279039,0.04756130481220189,0.014034510857637461,6.629274924774275e-05,-0.048160394000663354,0.01383505838344612,-0.0021394091340470323,0.013341988079586697,-0.0002472853556309551,0.005914245616675695,0.01757447662925582,0.007356915795469432,-0.0071092533638589805,0.0,0.031125738647939882,0.0076982972705207375,0.0272845285159522,0.022272275724602497,0.001394300017426131,0.0005059575449201659,0.0004999618190226207,-0.02309281523608997,0.0019520741897433025,-0.03289981580642917,-0.08370498856769013,0.050523152455256015,0.0004277353767837,-0.01770868805005768,0.023977429737014055,0.0013786095925735764,0.041143427653161146,0.009690140166656314,0.0013718466743251057,-0.0004996767395935575,-0.01674652623379952,0.014297928503145318,-0.000294303350255265,0.0,-5.551115123125783e-17,0.00021471360033764597,0.00041349887100089466,5.155042287924294e-05,-1.6653345369377348e-16,-0.0007584977631844292,-0.005118740994933535,-0.0001968687594032792,-0.0032418374794669913,5.696196787502439e-05,0.0,0.0006602259272540656,-0.020446947332861787,0.018373042069754597,-0.0008199146110648425,-2.616555350182237e-05,0.0006769925330560866,0.001240836342922047,-0.0007730111507205928,0.0008343136110527394,0.0412117513813442,0.007633334360616306,0.009959762782799975,0.0012469022765148052,0.004003327341347118,-0.0008102388210239897,0.0,-0.0016858441151859638
-0.0017831082125849274,0.03132598782415774,0.0010097270646537426,0.0004568360244953662,-0.029570010789914725,-0.01455272913819261,-0.007322451973683253,-0.0007459567878757012,0.006673615383850362,0.036422410457328525,0.00031627367760034275,0.020354646607247673,0.00020253242188128517,5.667600171743725e-05,-0.02039730987205407,0.036215145016574024,0.018747461898171447,0.031008404788801347,-0.000806974324709886,0.008113276853268181,-0.014061803813673335,0.01605827251365627,-0.012896267685433505,0.031125738647939882,0.0,0.008224108541420971,-0.00846890537874273,-0.008016778513247447,-0.0033135164705141995,-4.260698275088126e-05,0.008405467245573672,-0.0018215910118294931,-0.006673544272255694,-0.012862212596568057,-0.02185127611981652,0.002243426509823232,0.0002940789795365384,-0.014800194454797078,-0.016374305503962516,-0.006875702030936903,-0.017961995334944914,-0.026640689532622497,-0.001096466456131151,-5.551115123125783e-17,-0.04260889288244285,0.013432617412579506,0.0016423880785798595,5.551115123125783e-17,0.0,2.220446049250313e-16,0.0035407248094943,0.000779544293552259,0.0015653510620842193,0.00031935753639494857,-0.04349709295852461,-6.24540789576078e-05,-0.0398502192259359,0.0023176076815765723,0.0,-0.08926101887936222,-0.01889819720293323,-0.020289108770497888,0.005648308752265296,0.0,-0.03076160292132346,-0.014018042193958857,-0.027302188957744555,0.006364233683725906,0.015095607411990175,0.014551994178528538,0.013623536574303818,0.002837307972386738,0.0012091357676590198,-0.0322853280243619,0.0,-0.0032135385997877353
-0.0033675621163355984,0.005837472199111515,-8.422560192938855e-05,-0.05477429142153789,-0.005948813927468155,0.008284269953442669,0.013741352060281986,-0.01935195100915077,0.005101742930180231,0.013166473142000923,0.001402152040718252,0.014729939420901506,0.01250302503082551,-0.022513841050780303,-0.018654820176300713,-0.016691708792552995,0.0033466706200092067,-0.0010519884291060877,-0.0007623684061705549,0.0005902819284053784,-0.0027673268022830877,-0.002483762256438482,-0.012760520416488563,0.0076982972705207375,0.008224108541420971,0.0,-0.0036328124458968047,0.015114185862214857,-0.011277662633567276,0.00043124536295163773,0.0003245294668967613,-0.032126677432827766,-0.014688313213211734,-0.025130584251679133,-0.0327717052339892,-0.017885599796444662,0.0009612576164869102,-0.009298760147011476,-0.016121058106599973,-0.01630264694021949,-0.02556238760633911,-0.03247338404455513,-0.002635277709126582,7.302801251951596e-05,-0.05907458440696506,0.003990682411990465,-0.0014939889343516533,0.0023839259882227903,0.0,-3.347941501508078e-05,-0.001037876192064524,0.00040077193194565375,-0.00035129985844445377,-0.00020066523460887664,-0.03599469844157693,0.0,-0.023172224805279695,0.0029874939192073846,0.0,0.01995700835003067,-0.032075794643905364,-0.010970471831372564,0.0009760804767963704,0.0,-0.014335359534041858,0.0270081814896182,-0.014284513459837445,0.026479713581844033,0.018988286250799513,0.008176425349319949,0.006744010184833726,0.008322720991991883,0.004394761972335404,-0.01742389384787052,-0.00017548287087426617,-0.014121485677180245
