0.0,-0.017175081393142333,0.07045481445771262,0.0,0.0004371164139257422,-0.002162327884209281,-0.0010270702641139162,0.04534466026957673,-0.00012527552980490242,-0.032127089226700156,-0.00026200594250352927,0.08797576673369156,0.026382363416950105,-0.0028062295286729877,0.02165176025439325,0.007331328550531202,0.0059902469210706966,0.002887479627214584,0.0,0.046588000928319384,0.033936750496976364,0.014369601450142266,0.05386329684784935,0.09166227209374789,-0.008753075392459675,0.03510383571885417,0.06099945560300296,0.033167495113757495,0.03824713309492622,0.0009482639419349237,0.041828381303812445,0.007890929676098002,-0.017318602258248994,0.022621626975499742,0.007655715061196666,-8.381686907138475e-05,0.00046481857713814856,-0.003891425911647761,-0.0039055790406420376,-0.007733669203166982,0.004204205467118027,0.012865048716891148,5.125479286161028e-06,0.0,-0.0002707804383942358,0.008879959656892089,-0.003121509194115968,0.0,0.0,0.0,-0.028935335766653414,1.1102230246251565e-16,0.06244453567627739,0.0,-0.0003451287229494504,0.0,0.0003620516636430038,0.00022092678642382513,0.0,-0.001704683022017539,-0.023456542542785286,-0.0015134936662951626,0.009043899715502457,0.0,-0.002317574052409843,0.038391442398036824,-0.019629412626984977,0.030751893875845315,0.052999794910755404,-0.020822679994111526,-0.005207712187756175,-0.04709534073502919,-0.00025865553331472224,-0.004711280047718591,0.0,-0.006774049368220958
-0.017175081393142333,0.0,0.0015345417326960153,-0.0001617689569181069,-8.281122780567918e-05,0.00464528280601334,0.010027529398875468,0.011330539054461075,0.0006359179221923639,0.038287341666346786,-0.00020743848754523064,-0.0019263199798063013,0.0034466387306995583,-0.0004609090538965632,0.0193149241435977,0.024006966195254498,0.0007507343688838986,0.01961503083224475,0.001291238306289022,0.010975762646710241,-0.02635821848576264,0.0006753525539434091,0.030539527705758185,0.00014892107788727627,0.007688233090111796,0.0241706180455169,0.009858800447411165,0.002453700040248974,0.0006856935987060164,-0.0015977887268583957,0.0333698830819647,-0.0031718212807566593,-0.010912099456484303,0.011991844179207178,0.0055567796784603,-0.002593756478406206,-0.00026214587894773933,0.0,-0.014579034047201789,-0.01949412568741049,-0.013466353546286058,-0.018028561000114074,0.000563356378320945,0.0,2.220446049250313e-16,-0.013652004226333392,-0.009725946075763436,9.157348173638447e-06,0.0,0.0,-0.03830558642421428,0.001423173049196591,0.00047382498960557573,0.0002914756118486683,0.0010979133115538997,0.0,-0.00025081535109400255,0.0035648733244896813,0.0,-0.008389771097365661,-0.017191575890566135,0.0025325463308950025,-0.004240931710973894,0.0,-0.0061993844817139765,-0.025673299747484724,-0.008697813642892849,0.00788627364891975,-0.0012021347232842317,-0.028656422740237386,-0.004613007644316824,-0.00604870066119606,0.0002982953674547928,-0.012667692381335194,-1.1102230246251565e-16,-0.01398269455706641
0.07045481445771262,0.0015345417326960153,0.0,0.013750679189422133,0.03995844316281583,-0.005064865375810579,0.03093479847776992,0.03236891330540931,0.006019186258807208,-0.024245646003399735,0.00018208112598816495,-0.0015119233194587633,0.03616430156323647,0.046196682975172654,-0.0006623934132515275,0.03690081182351451,-0.0005008658718955727,-0.0015230734091397635,-0.003396124175346571,-0.0008505198424976212,0.06477410400256112,0.058991065022146905,0.012763104753277854,-0.001396400455487723,-0.0019640455563581516,0.053993085377081695,0.019054043793450604,0.04310222321032414,0.04425791285820013,0.0755982306877172,0.03577272061947989,0.04224608018712994,-9.865690032123675e-05,0.030796535948142578,0.036148510271987566,0.019202160783060473,0.021662790457138148,-0.001997195190355683,-0.010090158020394091,-1.0497205077397709e-07,-0.012369253660197033,0.0003971103578414015,-0.01650573419336332,0.0025761100760327005,0.0,0.0,-0.00032046316296774346,0.1333871387064744,1.1511963478039178e-06,-0.002423419556482953,-0.021227967934265735,-0.00359932948258046,-0.015436362927633285,0.020582209432470577,0.0003355415397061634,0.09090190539084386,-0.001285284270899134,-0.002277641205839509,-0.0036812821826577302,-0.0003376477065839545,0.0,0.0,0.0,0.16982364497841707,-0.0002378586984184139,-0.0005839542344464044,-0.0005127579902275969,0.003146256357729693,0.0,0.00013832936548507924,-0.0011314485727497714,-0.0072032473986120005,0.0014627107682100293,0.0009719622530997007,0.0006409372894400356,-0.026163301849813858
0.0,-0.0001617689569181069,0.013750679189422133,0.0,-0.011151473145719737,0.035097210524226596,0.011041456160377938,-0.009078076428721826,0.01748699156301481,-0.015218163465211682,0.02302507388629277,-0.006175297420644765,0.020161891602234694,-0.013004106484125144,2.013888774798911e-05,4.510755231590391e-05,-2.4760812282198508e-05,5.24219016972971e-06,0.02973947696056517,0.0008485542225192821,0.0004022761822501386,-0.0014497487171256651,0.025062355925659086,-0.0021067077124837796,0.0005511927318482823,0.001957672553675016,0.022167449646306625,-0.0005245094000758121,-0.0018021715096843138,-0.00025684050166552286,-0.01034562002012146,0.016673560561737244,-0.01630167468942817,-0.037922921200862714,-0.028630445894702317,-0.02616628401436899,-0.014196841422134981,-0.007122034774185215,-0.004099960456337204,-0.00041561547466961724,-0.0003242007404318237,-0.0018533701255213364,-0.0022937503836304995,-0.0013657775784789994,0.0,0.0,0.0,-0.0007202813712079981,0.0,0.0,0.0003947490449010549,2.220446049250313e-16,-1.1997450251766129e-05,-0.000321765360989712,5.551115123125783e-17,-0.001007634637638366,-0.0009354458332350157,-0.0003321384292751528,0.0,0.0,0.0,0.0,0.0,0.0,0.0,0.0,-1.057814268839996e-05,-0.00024074869238022156,0.0,0.0,0.0,0.0009216701274665229,0.0016589665813230847,-0.00013865017823633252,0.0,0.0
0.0004371164139257422,-8.281122780567918e-05,0.03995844316281583,-0.011151473145719737,0.0,0.05223568804943335,0.04447133682468318,0.009344341877076778,0.05151652507521143,0.02285247603968754,0.029249973273388408,0.001695809651586,0.04901393121646802,0.01048656323630015,-0.0005251419270809188,-0.0001881392442729668,0.028482889787507515,0.048008416488136585,0.03711556198109439,-0.0038552678871400237,0.004706666564711526,0.04615773951572166,0.03382632156046822,-0.000413597034095603,0.06802328513518652,0.06631644530062492,0.05196674752258401,0.01685009974982965,0.04024067025639261,0.04503999234813599,0.029162424021893618,0.01873529894411291,-0.0004959873739101006,0.03257598406051759,0.0211386277313243,-0.016142043072341267,-0.05866877237452783,-0.0005923416181572438,0.009517940275201087,0.0007891190867327924,0.0024751828420603306,0.0004456930647533386,-0.03712945434582926,0.002149616326424575,-0.00043390408288163096,1.1102230246251565e-16,-0.00019041677205705598,-0.0067694266148071724,0.0,-0.05166992812724952,-0.016687475063843327,-0.0004944882050625932,0.0006331371734741853,0.003625003831029927,5.551115123125783e-17,0.027251841260376886,-0.00039746622072217574,0.0027753775897488286,0.01770233331475146,-0.00028558459832861427,-2.3643188821531602e-05,0.0,-5.551115123125783e-17,-0.002938598440615503,-0.00020454764123889468,0.0001702316989706798,-0.00022423370152679922,-0.008395709512325045,0.0,-3.365530688581586e-06,0.0006267608565845295,-0.00703435728018087,0.0023695669742007652,-0.0026547559638449014,1.1102230246251565e-16,-0.0012045514243460564
-0.002162327884209281,0.00464528280601334,-0.005064865375810579,0.035097210524226596,0.05223568804943335,0.0,0.03724804635731083,0.023451784287248256,0.016380528398981242,0.02181030772189202,0.03569487608570021,0.0017748008291720296,0.030487624036940886,0.03519343398169589,0.024794481305878358,0.025324731650884613,0.000582001454662362,0.021505721974769354,0.028293481795582776,0.031758713017291496,0.015963548373775227,0.033520819548220226,0.04963353406610477,-0.001228409038020184,0.011675375062779103,0.012095455848713577,0.028436757140128777,0.01634742963430258,0.011102512948582277,0.03325867167064217,0.009700864658799768,0.03444079259869143,0.021618545060281102,0.01921987951009202,0.023999876041406187,0.029951461383834643,0.014559224021210126,-0.002769812940747851,-0.012157617767971918,-0.002039704069084769,-0.0028405807450827547,-0.008032221626169678,-0.03577841792633096,-0.00029632832993337077,-0.0018366352465727376,0.0012386151430034964,0.013596576732503085,-0.01896875645302676,-0.0005172602156518491,-0.03506582344436937,-0.016109903665063097,-0.022891855134114292,-0.010887283209919496,-0.00827719389168724,0.0026551394104923354,-0.019361962197280258,-0.0014503448356452675,-0.02183161130184158,-0.06468525643164547,0.0018231042163036615,0.001906474263137392,0.0,-0.0002462965475076295,-0.022590586596204942,-0.0026310188995024575,0.024664647377415916,0.00945601522294126,0.0015683022962922344,3.769027999284136e-05,-0.0009631797347323667,0.0002670422358320157,-0.002213925641802228,-0.0020922885136486213,-0.0018067473288006508,-0.002523421764826672,-0.013679583116943173
-0.0010270702641139162,0.010027529398875468,0.03093479847776992,0.011041456160377938,0.04447133682468318,0.03724804635731083,0.0,0.008633929705225085,0.04773679037116718,0.0070834658880380985,0.016544199753579736,-0.02686393871009235,0.048660368524415076,0.007892891641410993,-0.00021489582154304854,0.030023400941989464,0.015393245150469137,0.019465079321538792,0.02902454583046704,0.03989092287552598,0.009829618409402496,0.04239131375622307,0.03804841132656994,-0.015260917733282031,0.02181147913133835,0.03214742785799818,0.038284561148725915,0.01849174076079252,0.03275031121277805,0.05512336585766692,0.02347351434404865,0.009930905495062037,0.00019264189046175328,0.006768874914521661,-0.0225756545499744,0.022238660320284098,-0.00932951277707239,-0.038440442084094695,0.006709364948236485,-0.0008838393741301132,0.01110888358880291,0.00042149880914327253,-0.05689992020607182,0.0034813940045560487,-0.0010338979624799904,0.0,0.002394883198266806,-0.011196312156237842,0.0,0.0005640383637407487,-0.015538168747075531,0.002736424986393371,0.009027695911325573,0.00034635797213633523,0.000352694101112383,0.009751952046806733,0.00022116678297257053,0.00021005422836339882,-0.0012413472314806162,-0.0010330957041683186,0.0010125223421991736,0.0,1.0588217902063324e-05,-0.01630722685320296,0.0010084713154506209,0.00040945265553782306,0.0012974028330541287,-0.0010533805811474561,-1.617203474313378e-05,0.0006858844218240456,0.0007457200459715652,0.006148015586810107,0.001744962336778011,-0.03182681351603611,0.0011174158443862936,-4.261495498969481e-05
0.04534466026957673,0.011330539054461075,0.03236891330540931,-0.009078076428721826,0.009344341877076778,0.023451784287248256,0.008633929705225085,0.0,0.023386699528243293,-0.0024699478352260273,0.02104473581246158,0.004694865526781722,0.017760386584039445,0.05018799939614893,0.02626332581123575,0.01319281977256509,-0.0002277498674588263,0.00852518051705764,0.03517703308764902,0.06357241203430669,0.05704276615482823,0.03545559872458298,0.043270878600541296,0.05499281276281043,0.001031088143352954,0.018203184166141473,0.041594110426865616,0.051161682597216374,0.032165789820472135,0.08644448760966061,0.031006669388914,0.05277086518653229,0.02776173892204087,0.029649113868646992,0.025207183632016683,-0.05798769193993614,-0.024336414265026862,0.0013139291605654413,-0.003183663294755945,-0.0013241274532939107,0.002978618440738545,-0.020963730845727446,0.01597370050248853,-0.0014864104004609358,0.0,1.9432218489212616e-05,0.02445062983018781,-0.01717137984019179,0.0,-0.026320660352487535,0.0012216127115731723,0.00513391457001211,-0.039281242418434725,-0.0001983591261303097,0.0005521979433598112,-0.002221564036191115,0.00014739186893436562,-0.017287494579742713,-0.010259345821266475,-0.005785247839323493,-0.00012479674628157467,0.0,-9.776680925499548e-05,-0.023653389264854663,0.0450671905212543,0.0005997954032145869,-0.0026994132672226168,0.011657392682152434,-5.551115123125783e-17,-0.00022362219679811224,0.03803397288180821,0.017098192909692278,0.017184049361765763,0.024787056809522978,0.0005634989552582015,-0.00486762893145426
-0.00012527552980490242,0.0006359179221923639,0.006019186258807208,0.01748699156301481,0.05151652507521143,0.016380528398981242,0.04773679037116718,0.023386699528243293,0.0,0.005890717025859971,0.0069261984562236645,-0.015053226938742392,0.045164770494600825,0.03268952127170627,-0.0005984742353649097,0.0408084012753272,0.023563561006637035,0.0008618575450951571,-0.0033831657652366176,0.03355381446257122,-0.0014492825365596262,0.05052120050228592,0.03700222192866781,-0.012404002571314354,0.06757216956713408,0.0013825811560184142,0.028538875643750405,0.030781868306909765,0.023283845446641915,0.0023758898230529235,0.02400042113557299,0.033512511344205076,4.8198906188623436e-05,0.024465783709249123,0.02581948068751122,0.009681853752514014,0.020922656130147044,-0.001102781748819559,-0.01914908190919834,0.0005650946791944111,0.0020779846399003876,-0.004097561596354438,-0.02180767549171231,-0.0035641538170889664,-0.0019157658222123675,-5.551115123125783e-17,0.0010300754095882714,-0.002026892131250957,-5.530401232523019e-07,-0.015364532770004824,-0.027408939083395367,-0.005197144030607004,-0.010668310933380165,0.004170288268298683,-0.0017047741472551725,0.006970061684882678,-0.0012591922514567089,-0.0010815312592524773,-0.014050282596811181,9.400911345491814e-05,0.000549307468037219,0.0,0.0,-0.005588819205103124,0.0004705338771506251,0.000962623511135241,0.0006583925417830705,-0.0008179489272377438,-9.43485450306536e-05,9.126675956055985e-05,-0.0012198584784160471,-0.005595973951755484,-0.00020934129923189104,-0.0017937861591991178,7.4589882164133314e-06,0.002824073355711998
-0.032127089226700156,0.038287341666346786,-0.024245646003399735,-0.015218163465211682,0.02285247603968754,0.02181030772189202,0.0070834658880380985,-0.0024699478352260273,0.005890717025859971,0.0,-0.0019227240195555106,-0.0010697152987999559,0.012052334409317744,0.053723860873200024,-0.0011409880937348627,-0.003205064345133124,0.02421105048044192,0.02493729620662627,0.00036302278764760443,-0.004134444065087117,0.0008868814418668269,-0.0005786562470789236,0.006720604593993984,4.953248684425038e-05,0.02848211384535726,0.03968231014138751,-0.004633012268436487,-0.015221870239003121,-0.0006438068553631937,0.0003004113091781835,0.02753133241150363,-0.027647470796904938,-0.002748724550628301,-0.029573150612937305,-0.02530301230777887,0.03866531805978152,0.037361085090897306,-0.029361396672691886,-0.022718174160064497,0.020152867695965915,0.00035432703739257665,0.08188123054730062,-0.00933468450375341,-0.0014156550263319523,-0.004348077899925751,0.0003923082114992149,-0.011084444689535344,-0.0006662118637714709,-3.1402384335632583e-06,0.0003778454381936358,0.0019569828514520715,0.016055052321691354,2.8521335389830593e-05,-0.0018252428902340023,0.029585183694300354,8.495061483587696e-05,0.029615474950494103,0.01145619993823016,0.0,0.0008275348610277677,0.011953511986611931,0.02298913276000436,0.024009301564955787,1.0322128288220433e-06,-1.6770850139846694e-05,0.0006775659480782181,0.012481610360411344,-0.0011317742990112345,0.033538642909774874,0.012853329451267048,0.029310775804937184,0.0003447941071643701,-0.00465037137983032,-0.0010149576416057515,-5.551115123125783e-17,-0.007231983483979576
-0.00026200594250352927,-0.00020743848754523064,0.00018208112598816495,0.02302507388629277,0.029249973273388408,0.03569487608570021,0.016544199753579736,0.02104473581246158,0.0069261984562236645,-0.0019227240195555106,0.0,-0.001680488626857879,0.010468908796037346,0.04112765640699495,0.0,0.00010802113901470234,0.00036707192678586686,0.027848942096526275,0.03162939991879021,-4.9842912920483595e-05,-0.00015662025366819377,8.463966748972762e-05,-0.02422297415418795,-0.00206465031286035,-0.0020794078093709922,-0.00017155650614025797,0.013384726229997479,0.007577099763990791,-0.0010921788882327088,0.0003799296545820008,-0.002791347501508057,0.018477957840750514,-0.005333135643579345,0.009437552087642187,-0.007970109740929654,-0.004771462615506261,-0.006924586098325525,-0.002141302403534495,-0.030720047240207715,0.0007663574166481557,-0.0010094602418838083,-0.0009715902183046743,-0.015747143794126117,-8.458319628862343e-05,-0.0006545726518268347,0.0,1.1102230246251565e-16,0.008187100548731674,-1.0708947340010155e-07,-0.02610164199292403,-0.03174052832775687,-0.02089736135470366,-0.024462431237846582,0.022681457894250023,-0.0006390445004609835,-0.012324654282320269,-0.00134569430199033,-0.019237097468597142,-0.007605339163439695,5.551115123125783e-17,0.0,0.0,0.0,0.056104768606661026,-0.0005668876923924926,0.0,-6.481700953775427e-05,-0.014102582606890457,5.551115123125783e-17,0.0,-1.5640744553457875e-05,-0.01387788507257759,-0.034603772126714505,-0.0013972906133247753,0.0,-0.0002391576533465889
0.08797576673369156,-0.0019263199798063013,-0.0015119233194587633,-0.006175297420644765,0.001695809651586,0.0017748008291720296,-0.02686393871009235,0.004694865526781722,-0.015053226938742392,-0.0010697152987999559,-0.001680488626857879,0.0,-0.016022599812373417,0.002687289877761845,-0.0003318095504180607,0.0008973888408546626,-0.01210481538992153,0.0354633821847114,-0.0027333129554771296,0.003507066933823244,0.0013838069761842875,0.0011661503837520626,0.001076359297523477,0.00828359470578377,0.025256085571851827,0.04787938575668055,-0.0015174056119097168,-0.07230921244376631,0.0029865692613456063,-0.0013228454628239072,-0.0012949303605480078,-0.039528692730383924,-0.03140195468042889,-0.059431003673481614,-0.07718434762769105,-0.07281085184459299,-0.022296394120690843,-0.033763520953897536,0.03875945286188187,0.04342307138802576,0.05464239328247744,0.01074808013226991,-0.0007642344947347279,0.000982074414288714,0.14822355655574831,-0.00016421027013396872,0.008530392010905052,-0.0006138027874844632,-0.0006835889961278596,3.841870846055251e-05,-0.0003216532621388435,0.00025469332124666844,-0.0002762881238986825,-0.00021863007127337353,0.050965378266000505,-0.0012421688911972706,0.04953345759469596,0.025831709874246378,0.0003125491945588643,0.00011512412509867564,0.0016906372873362607,0.03402426030542477,0.028210324257351482,-0.0003415725113375956,0.00045562147050431934,0.001350616772607116,-0.00015994188164697443,0.0018002488960277008,0.07331199581537479,0.030396348805109275,0.04493270603011967,-0.0007662792434932064,0.04606176883652663,-0.000381278461398904,0.0,0.02368931865573548
0.026382363416950105,0.0034466387306995583,0.03616430156323647,0.020161891602234694,0.04901393121646802,0.030487624036940886,0.048660368524415076,0.017760386584039445,0.045164770494600825,0.012052334409317744,0.010468908796037346,-0.016022599812373417,0.0,0.02943264862942019,0.026594423986013083,0.019947115597760134,0.026935431088668915,0.022715324536904835,0.027966078947780082,0.032209917369765806,0.014129503127589371,0.029309286548611202,0.04565561929951062,0.01179652337312459,0.022176819722918184,0.0389198798754406,0.03476613624659575,0.03656768042512004,0.019601680135958477,0.06181160305005462,0.011582608741417588,0.015344022917260114,0.07426499220614458,0.015509666840521519,-0.013068445733914302,0.028632807047340003,0.008728637708586062,-0.02509058283101412,-0.01939324830018363,0.0019972805967966023,0.0009095542478475549,-0.006263034877508122,0.002049642554098008,-0.004887733504103209,-0.0026933060216672855,0.000622224244677283,0.0032097620660686,-0.0017583409099295455,0.0,-3.884708233858891e-05,0.0019123391049923333,0.00032658371351002025,-0.00024700983033182355,0.003964808639292272,-0.06688734119842343,-0.0028562890291050635,-0.00010462709070407916,0.0026412072525865415,-0.0003867176423838492,-0.0016057338209332639,0.0010605753979152643,-0.00030844067554020027,-0.017236384752944256,-0.003995727045398301,0.020012081802925352,0.0012016627035683625,0.0011830535157295596,0.010118680413764514,0.00011377062739065247,0.001916114422043369,0.003468417158619952,0.008596826651768974,-7.443247334676384e-05,-0.003049770873380264,0.000824914042794278,0.0027798452510175986
-0.0028062295286729877,-0.0004609090538965632,0.046196682975172654,-0.013004106484125144,0.01048656323630015,0.03519343398169589,0.007892891641410993,0.05018799939614893,0.03268952127170627,0.053723860873200024,0.04112765640699495,0.002687289877761845,0.02943264862942019,0.0,5.074163061213888e-05,-0.0004597435084940926,1.438971599637684e-05,9.329482493697361e-05,0.04139811967307744,-0.00043110080831187947,0.04738304908981961,-0.0005505911229620186,0.054547166074733144,0.001661740844362325,0.01817524486217209,0.01634396460804055,0.0311526001079257,-0.013808206903511089,0.0005269109505524061,-0.0002408390410493788,0.016070292983049794,-0.059799823034239225,-0.11008943680920569,0.0155872645986741,-0.003376710160328311,-0.01591506335140544,-0.00430472972568155,-0.00024395688275352656,0.00592006766547315,0.0,0.0006508429396747117,0.0008904446225057594,0.002623715669035631,3.082569157708548e-07,0.0,0.0,0.0,0.00142760037590961,0.0,-0.007154442730067101,-0.0011707188071614638,-0.0017050470189172717,-0.000766345731222029,0.00032449691243041645,0.0,-0.002848317564703773,-0.00014375066606214792,0.0016887817005508676,-0.015213678875922843,1.1102230246251565e-16,0.0,0.0,0.0,-0.014199621557502429,0.0,-1.1102230246251565e-16,0.0,-0.03169057181399859,0.0,0.0,5.551115123125783e-17,-0.0007106079458775172,0.00022070755164665945,1.1102230246251565e-16,0.0,5.551115123125783e-17
0.02165176025439325,0.0193149241435977,-0.0006623934132515275,2.013888774798911e-05,-0.0005251419270809188,0.024794481305878358,-0.00021489582154304854,0.02626332581123575,-0.0005984742353649097,-0.0011409880937348627,0.0,-0.0003318095504180607,0.026594423986013083,5.074163061213888e-05,0.0,0.022597698116634535,-0.0009794732690272534,0.005793339127935282,-1.1102230246251565e-16,0.05558380985381772,0.02570133871168956,0.07044542643414303,0.06563248509557768,0.10150159849351292,0.008092614079046934,0.01644122270316739,0.0631648732319317,0.02833024110436405,0.018507523079105304,-0.001789728274165514,0.025196692306546642,0.020669260992274063,0.014113679037839333,0.01870665886368672,0.021114041171495956,0.012440788848757878,0.033045147795810415,9.94237166405676e-05,0.004840096230710855,-0.0017118379282594076,-0.0006633611308871634,0.0209513523392173,0.0028509640015946802,0.0004071808705319313,0.0,-0.006818104187504281,0.013583610503412558,0.024376299684185088,0.0,0.0,0.005741562935451694,0.0018312527290608172,0.00826512440503735,0.00045190076191503614,-5.551115123125783e-17,0.0,0.000519104711432794,0.0018886690748681212,1.7554703487521195e-06,0.03419837522073532,0.001118503596866549,0.00021227864036893473,0.0027908776270247904,0.0,0.03397477639000768,-0.011538766873751272,0.023370141702997005,0.01662784692084268,-4.298432445648537e-05,0.027750585327585064,0.004639950505178625,0.025012189923475037,0.017986782559638925,0.0017842824805206492,-0.0004718587178129674,0.013957195140391454
0.007331328550531202,0.024006966195254498,0.03690081182351451,4.510755231590391e-05,-0.0001881392442729668,0.025324731650884613,0.030023400941989464,0.01319281977256509,0.0408084012753272,-0.003205064345133124,0.00010802113901470234,0.0008973888408546626,0.019947115597760134,-0.0004597435084940926,0.022597698116634535,0.0,0.01847649849370131,-0.008177764006567001,-0.00015768206756427983,0.038375625725696916,0.010258341252001257,0.05556116903959196,0.03196058409968744,0.023170785750244116,0.01380389400665577,0.029055131391370725,0.030562788089484372,0.01637000349665857,0.029210295785443596,0.039376370967385055,0.050446120625719626,0.01589654173836913,0.03940229201554574,0.04772655343949794,0.04725272765118055,0.0007983259291824418,-0.00038127009953636826,0.0017234933057057589,-0.000600712932908809,-0.008274169431597311,0.011374005060633463,-0.0010692289525266463,-2.288999395028135e-06,0.0,0.0,0.0036666738744933203,0.013243384145855519,0.0,0.0,0.0,-0.0133878701671169,0.0005770791412330056,0.0005785229898060407,0.0,-0.002012028537962618,0.0,-0.002193481239411099,0.001425302147664953,0.0,0.014135883693991713,-0.004691485483443725,0.00035103445109430087,-0.020382339261543203,0.0,0.01382112893049775,0.013820808835944942,0.017470144317098424,0.019520161614950293,-0.0010905370108931223,-0.02759187706954591,0.015488798313311125,0.0003150580310937734,0.0034506918693588684,0.00355157798541883,-1.1102230246251565e-16,-0.0027328797020756412
0.0059902469210706966,0.0007507343688838986,-0.0005008658718955727,-2.4760812282198508e-05,0.028482889787507515,0.000582001454662362,0.015393245150469137,-0.0002277498674588263,0.023563561006637035,0.02421105048044192,0.00036707192678586686,-0.01210481538992153,0.026935431088668915,1.438971599637684e-05,-0.0009794732690272534,0.01847649849370131,0.0,0.04034488001963005,-0.0002608994999756531,-0.001290081176785307,-0.0010607407730990337,-0.001739149172895027,-0.0001414476624260197,0.008909594565233214,0.025203726759946476,0.030803020647159507,-8.805335815942339e-05,0.029419129707096592,-0.0024157359066759865,-0.0009506534540512646,0.05950840131727314,0.023942142837656,0.021521958307449462,0.013227447495570532,0.015275671379972489,0.03380062247271137,-0.000337499656092366,-0.019507281976430646,-0.02110327422371222,-0.004218884665688927,-0.018005612996581655,0.0007070248091777809,-5.551115123125783e-17,0.0,0.0002727888612781837,7.511002884647011e-05,-0.051129643064463104,0.0,0.0,0.0,0.0,0.0,0.0,0.0,0.031136464676381703,0.0,0.009248747607903562,-0.0008553578316645161,0.0,0.00024122239884094565,-0.02432529067402106,0.006759634331488573,-0.002108805810194292,0.0,1.1102230246251565e-16,0.0,0.00012700492797723673,0.0,0.04737379153998911,-0.0008794934029314749,0.01211502927523278,0.0,-0.0016258527318258054,-1.3794811462741752e-05,0.0,-0.04185028070046937
0.002887479627214584,0.01961503083224475,-0.0015230734091397635,5.24219016972971e-06,0.048008416488136585,0.021505721974769354,0.019465079321538792,0.00852518051705764,0.0008618575450951571,0.02493729620662627,0.027848942096526275,0.0354633821847114,0.022715324536904835,9.329482493697361e-05,0.005793339127935282,-0.008177764006567001,0.04034488001963005,0.0,-0.0013571831300359105,0.013589567855241125,-0.01603332158147247,0.0395264590406586,0.017419776608863347,0.023882966970244834,0.01836814111858881,0.027814738807443506,0.02018868091542575,0.02833576692366996,0.014589205649194581,-0.0019078182139588562,0.03877867251753686,0.015250180169402272,0.03314660588719376,0.02889077270098417,0.020595425000420664,0.029968292595816348,-0.0003931968040642442,-0.0006119650549921141,-0.00591453062380759,-0.02111720015186047,-0.009475302151330744,0.0012356861361697558,0.0,0.0,0.0016081515272740043,-0.013603207960179442,-0.006354566491530489,0.0,0.0,0.0,-0.0008328722871932537,6.502305260341901e-05,-0.00016318070690979347,0.0,0.03334852661459997,0.0,0.008258271348108637,-0.00024516369610344535,0.0,0.01501515692663219,-0.03139366468002791,0.034284068290264536,0.003738033527090623,0.0,0.00038119349673348957,-0.03412810567217578,-0.005988277764639061,0.0017667110109867434,0.038905123016290344,-0.018111486752533545,-0.006042965461594385,8.26467586882429e-05,0.0014382900117942965,-0.001698923386166673,0.0,-0.0158256115899284
0.0,0.001291238306289022,-0.003396124175346571,0.02973947696056517,0.03711556198109439,0.028293481795582776,0.02902454583046704,0.03517703308764902,-0.0033831657652366176,0.00036302278764760443,0.03162939991879021,-0.0027333129554771296,0.027966078947780082,0.04139811967307744,-1.1102230246251565e-16,-0.00015768206756427983,-0.0002608994999756531,-0.0013571831300359105,0.0,0.00041164770548013374,-0.0003859275152854891,0.0012104498539995956,-0.0493235380890058,-0.00025665419327863814,-0.0011688246720242823,-0.0007454303554054187,0.047441296754134,0.025714135171225005,3.4483920862249384e-05,0.0008143375408830589,0.01624560217195886,0.028705339642332905,0.00036671612661864916,0.01777157418387737,0.008497534470200685,-0.002844702675174171,0.005902595565717539,-0.005061564876871705,0.012898482494790087,-2.9777220930060633e-05,0.00224213618079383,-0.002704141404571647,-0.02818621931609161,-0.0018066618851231842,-0.00016144770003972964,0.0,0.0,0.0507187281459795,-5.551115123125783e-17,-0.009930619190535672,-0.034596827357654014,0.0073889374887838866,0.0028062270002303658,-0.00047694833072930987,-1.736834871779447e-05,0.05309990301599421,0.0001962279230178221,-0.004093194308304238,-0.012641951869907853,2.220446049250313e-16,0.0,0.0,0.0,-0.00016006924505918008,-1.1874659836930146e-05,0.0,0.00010066596307123366,0.016362117024703027,0.0,0.0,-5.551115123125783e-17,-0.0008232765793744212,-0.0007074109797269301,-0.0016714736470331837,-4.0938581550076236e-05,0.0008401199673759852
0.046588000928319384,0.010975762646710241,-0.0008505198424976212,0.0008485542225192821,-0.0038552678871400237,0.031758713017291496,0.03989092287552598,0.06357241203430669,0.03355381446257122,-0.004134444065087117,-4.9842912920483595e-05,0.003507066933823244,0.032209917369765806,-0.00043110080831187947,0.05558380985381772,0.038375625725696916,-0.001290081176785307,0.013589567855241125,0.00041164770548013374,0.0,0.009364928861922805,0.03926409825271604,0.07757108228823861,0.004135868385045427,0.014784138141225922,0.0304240949715211,0.03063836607865944,0.03896065171721097,0.04116548646932017,-0.051756548668150215,0.03932760440950289,0.017257438090146293,0.03251637749268971,0.017526217668793198,0.012875489527103545,-0.00260431827819696,0.02641649260228013,0.005006613752489009,0.01616053602493689,-0.003874396712834016,0.026560855279907203,-0.004167424719598356,0.002968516287796874,-0.0014654646671733995,-0.0004931907329458474,-0.0012822844118185461,-0.003932280783028874,-0.0007312864710656841,0.0,0.0,0.0050337009071046435,0.0022424899541221843,0.0234266872776559,-0.0012330663471722403,0.0006859619432278974,1.1102230246251565e-16,0.0003270392934146549,0.0009372520049020228,-1.1102230246251565e-16,0.008382422564242709,0.005900259016115961,3.641304029966541e-06,0.002698794502972668,0.0,0.02154567413928088,-0.011017993851252572,0.02279341245596589,0.011266768252821413,0.0,0.001894511061534987,0.013219092043662617,0.01647191901039574,0.02356001155077858,-0.0013440046884463652,-0.00056239106579975,0.04541611580475513
0.033936750496976364,-0.02635821848576264,0.06477410400256112,0.0004022761822501386,0.004706666564711526,0.015963548373775227,0.009829618409402496,0.05704276615482823,-0.0014492825365596262,0.0008868814418668269,-0.00015662025366819377,0.0013838069761842875,0.014129503127589371,0.04738304908981961,0.02570133871168956,0.010258341252001257,-0.0010607407730990337,-0.01603332158147247,-0.0003859275152854891,0.009364928861922805,0.0,0.0006453272358293849,0.06228825492853085,0.07181292305828751,-0.01646503976205782,-0.004059094300194799,0.03537095991775513,0.02794074041757344,-0.015438488327816191,0.04829220453336919,0.005725020880450293,-0.009044124304214196,-0.03734863214603468,-0.0031158376202273796,0.0028401623588207303,0.001886766755828051,-0.0008529055890987847,-0.0019024769940496067,0.013045080122090325,-0.006521319264246872,0.017587022614044046,-0.00414689648021449,0.0022380380565243385,0.0,0.0,-0.07962401009300923,-0.005906101034945654,0.022522888547836795,0.0,0.0,0.02829125951111472,-0.0002358756493175962,0.06829570808287372,-0.0004518781442768849,-0.00047663486435134406,0.0,0.0009197480055591623,0.044509830041670806,5.551115123125783e-17,0.005185160960311019,-0.018287492288457663,0.0,0.00023849019187877074,0.0,0.02918532601575785,-0.025431207254474508,0.003995472669228173,0.03845352738052499,0.0012358162363236835,-0.0397377917929857,-0.0020617631225293698,0.04267916453507359,0.03587044579418586,0.028564193534861615,-0.002226084127009531,0.04005810802751797
0.014369601450142266,0.0006753525539434091,0.058991065022146905,-0.0014497487171256651,0.04615773951572166,0.033520819548220226,0.04239131375622307,0.03545559872458298,0.05052120050228592,-0.0005786562470789236,8.463966748972762e-05,0.0011661503837520626,0.029309286548611202,-0.0005505911229620186,0.07044542643414303,0.05556116903959196,-0.001739149172895027,0.0395264590406586,0.0012104498539995956,0.03926409825271604,0.0006453272358293849,0.0,0.058271701304684786,0.003619597696956134,0.014559221382895171,0.01335436854914035,0.033398030467999384,0.030871852393758115,0.03405276882514702,0.053870271738771014,0.03773378885821688,0.01019437570104964,0.027708647128358965,0.02049142692091588,0.011937414982041816,0.007644095384101379,0.026258756533088623,0.004223558720000686,0.011218486572682929,0.00249038650718697,-0.002498025152075478,-0.022142280708564388,0.003916265456395063,-2.35058822234957e-05,-0.00036840797353526744,0.003963827560835964,0.012767499901096602,0.0006095747024182918,-9.653116226360225e-07,-0.0001411699479618722,0.012249303719455484,0.0023529054340319377,-0.00415603924239516,0.0013406922194746373,-0.0004307354782078776,0.0,0.0006113320273983813,0.0020092347424937596,0.0,0.010070422237059895,-0.005479553628799483,-0.0006828382338469607,0.003078381880825598,0.0,0.016423299506354627,-0.0055018140977919905,0.015228523747588818,0.009099333601939541,0.0015379886336411297,0.007153155915801956,0.011537795270427809,0.023385828671018905,0.004135056552725169,0.003005038941911009,0.0006756667652370596,-0.008305041199163754
0.05386329684784935,0.030539527705758185,0.012763104753277854,0.025062355925659086,0.03382632156046822,0.04963353406610477,0.03804841132656994,0.043270878600541296,0.03700222192866781,0.006720604593993984,-0.02422297415418795,0.001076359297523477,0.04565561929951062,0.054547166074733144,0.06563248509557768,0.03196058409968744,-0.0001414476624260197,0.017419776608863347,-0.0493235380890058,0.07757108228823861,0.06228825492853085,0.058271701304684786,0.0,0.06463362897393615,0.012697164229010682,0.029408440239381606,0.06399022426599593,0.0636967193088197,0.050730511262011446,0.0842242372586513,0.05440433313239096,0.058792914657026574,0.03921495108851991,0.05102642664791396,0.05587468191227679,0.052805476149466235,0.04016005012089746,-0.00673306920313288,0.014298116164232155,0.05066618503442699,0.01848652368671788,0.016162933344294195,0.005281995690975316,0.00823482593196212,-3.609704707230321e-05,-0.00039334742920360544,0.027333732219045948,0.016037036107967584,-7.709328915661562e-05,-0.014871726442006183,0.009498840298081013,0.002022912441275282,0.019515390774594354,-0.0023593422732480773,0.00045358653120719516,0.017118190259663824,-0.002710572011710266,-0.003566721020047403,-0.00898127268125204,0.019850370632636283,0.0034987894188175384,-8.85787475773947e-06,-0.00010372477024639393,0.01869127407039406,0.031028933433359607,0.04447979562254034,0.030667426427562483,0.03293133660188485,-0.0004450376155891167,0.005581190128215563,0.030582731483115966,0.026040263415063825,0.013411664254173727,0.02609261891195619,0.03512916457918536,0.005627864398098259
0.09166227209374789,0.00014892107788727627,-0.001396400455487723,-0.0021067077124837796,-0.000413597034095603,-0.001228409038020184,-0.015260917733282031,0.05499281276281043,-0.012404002571314354,4.953248684425038e-05,-0.00206465031286035,0.00828359470578377,0.01179652337312459,0.001661740844362325,0.10150159849351292,0.023170785750244116,0.008909594565233214,0.023882966970244834,-0.00025665419327863814,0.004135868385045427,0.07181292305828751,0.003619597696956134,0.06463362897393615,0.0,0.02550832111982576,0.03321549049095451,-0.0034539304287833916,-0.06370381775180983,0.0016766765152493313,0.0006281204104907068,-0.001046069282817197,-0.05073644605862321,-0.005466300983451855,-0.04619982682883708,-0.06634145704282671,-0.06419442934112557,-0.007549625796101911,-0.036767467234829904,-0.07842730173359291,-0.11521172052837814,-0.12871771488366737,0.008699952494013008,0.0010509709198039952,-0.00022712017495962744,-0.07752676301483333,0.04164350274374773,-0.013575875252418546,0.0,-5.551115123125783e-17,3.498698251075405e-05,0.00017765133892400087,-0.00012760320822141624,-1.6653345369377348e-16,-0.00045281501099558863,-0.04021290468936356,4.1919975065252135e-05,-0.025321656929623904,-0.05157110071190041,0.0,-0.00034125532041368034,0.0011134381304174212,-0.046534990853313696,-0.0007410296540993899,-4.26360398819714e-06,5.72044926198112e-05,0.00025353307123004987,0.04629972888410788,-0.102276593843939,0.02954450201804054,0.0098773421934375,0.032712272400899634,-0.054636518807305634,-0.0639783469734736,-0.00033528788242848107,0.0,-0.04974652890413811
-0.008753075392459675,0.007688233090111796,-0.0019640455563581516,0.0005511927318482823,0.06802328513518652,0.011675375062779103,0.02181147913133835,0.001031088143352954,0.06757216956713408,0.02848211384535726,-0.0020794078093709922,0.025256085571851827,0.022176819722918184,0.01817524486217209,0.008092614079046934,0.01380389400665577,0.025203726759946476,0.01836814111858881,-0.0011688246720242823,0.014784138141225922,-0.01646503976205782,0.014559221382895171,0.012697164229010682,0.02550832111982576,0.0,0.016597740898495417,0.011980828604202465,0.02207784209041197,0.012201017733680486,-0.0007751480973636204,0.028531951486475804,0.007916877853532622,0.003767779241794833,0.012012518928954996,0.005663134696200334,0.020963780411457966,0.0003163700886643084,-0.022885700219931193,-0.021258870937900187,-0.01936934585558381,-0.016384358094709173,-0.007118952727762529,-0.0011033312336752865,-5.551115123125783e-17,0.0030175288063548633,-0.013112812773350191,-0.033370034091672995,5.551115123125783e-17,0.0,2.220446049250313e-16,0.0028109067388820685,0.0008812576429801933,0.03562492405825418,0.00037657427013898515,0.03298360616483137,-0.00017843682740320554,0.018866329001380577,0.00047110483006385095,0.0,-0.018623088179613667,-0.03716207336888089,0.01583854588810485,0.005776090034478709,0.0,-0.027579873482406703,0.015507886678709948,-0.020128211913883642,0.003519049851675282,0.03601310163333471,-0.016603952909807207,-0.007128583097686769,0.001090732398064842,-0.007098979692768348,-0.012464772647654943,0.0,-0.016657411241010556
0.03510383571885417,0.0241706180455169,0.053993085377081695,0.001957672553675016,0.06631644530062492,0.012095455848713577,0.03214742785799818,0.018203184166141473,0.0013825811560184142,0.03968231014138751,-0.00017155650614025797,0.04787938575668055,0.0389198798754406,0.01634396460804055,0.01644122270316739,0.029055131391370725,0.030803020647159507,0.027814738807443506,-0.0007454303554054187,0.0304240949715211,-0.004059094300194799,0.01335436854914035,0.029408440239381606,0.03321549049095451,0.016597740898495417,0.0,0.02493197842877659,0.04313875792488692,0.016182661989266267,-0.00044617668025281887,0.041019674237332715,0.01244903348896037,0.014507663469601861,0.023046162584548058,0.018970044457413293,-0.03455495744622822,0.00114964097323772,-0.01505955324726177,-0.002982840649036256,0.0019464803231137306,-0.0022324868692865096,-0.0020814944609136576,-0.003960587730630738,3.434998631590691e-05,-0.05236176293494166,0.00954426828231697,-0.0033171245954008444,0.0022155359287971965,0.0,-3.704382034536158e-05,-0.022829884384435284,0.0010999343403897965,0.01426444519311465,-0.000993177611233298,0.04148009975915673,0.0,0.03442509146388856,0.018413637450221343,0.0,0.004158008361308307,-0.013282233582926017,0.019013395440822367,0.017617583753729515,0.0,-0.001375161260905644,-0.0071047891622573744,-0.0035753569142347175,0.017611593094263855,0.047776369350891745,0.003931736514641626,0.004795541425848704,0.003330344605081581,0.02225756396766132,-0.0100481490625276,-0.000287212542265991,-0.0038268546001613557
