0.0,0.04237012089301806,0.06023693162063515,0.0,0.0003676643566529192,0.02513739908144852,-0.00015452778964891722,0.05005720632435606,-0.0005411105223439572,0.005767058174145745,0.05985558701370519,-0.0013566704156308673,0.008267604213316126,0.027354115410970326,0.04722884912196451,0.038013780834659006,0.005654135217913414,0.04349522095373365,0.0,0.0017042024296417546,0.08786594533965653,0.04357235914071517,0.06996555612667144,0.04067576595513894,0.04270308335661893,0.02185117849724383,0.023247281843023826,0.013661736300506155,0.021059671245481193,-0.0003406510745673219,0.058573810984035135,0.04842146613499737,0.020662111107473735,0.044390337630198895,0.044498335799779964,0.020429981728641078,0.0006008256773297194,-0.0025726741920859553,0.029719823227634667,-0.00403845814453907,-0.0015633744378830694,0.024650368118425914,2.4321789728165566e-05,0.0,0.0005975592649911654,0.07450034793961441,0.015878482773524938,0.0,0.0,0.0,0.07383161672616106,1.1102230246251565e-16,0.03059466567896446,0.0,0.0037042383364047082,0.0,0.002423981958242505,0.0007223562508121284,0.0,0.0002367866776438743,0.01430247393989248,-0.0007554222798857868,-0.0007322991888173425,0.0,0.03252997325457685,0.01779142392242289,0.013955168169008603,0.003480340903163126,0.0027110514818389775,0.003764973515747505,-0.00026165744532308244,0.0010535874232072695,-0.00030427826247353407,0.04757879580670987,0.0,0.011494571808946363
0.04237012089301806,0.0,0.0027152125080706635,-0.00018936252648726892,0.01394622694553449,0.015477890994447019,0.011031645593473693,0.002947387610931551,0.0022459826761168644,0.0025959846589164726,-7.744729275455109e-05,-0.0018620809640331193,0.009326417857240366,-0.000797294367518464,0.017339812579141578,0.021571411345522096,0.0032424474483925825,0.039256071035335904,0.0013398911476217856,0.019488016906575367,0.04301100732241092,0.00451611805242802,0.0012030648932543908,0.0031886694205368604,0.02013914935319977,0.015408190516057685,0.023063635399216187,0.020098787416402975,0.02284851223929718,-0.00036061250247465537,0.04341818484741666,0.04182037324776239,0.0705462697891705,0.03777931416890756,0.022562809176370546,-0.001751028458862991,-0.00028186798348839304,0.0,0.019908912534467138,-0.0018938173350053211,0.005272995170510331,0.016238360498375515,0.00016619468708045648,0.0,2.220446049250313e-16,0.032184578384956974,0.02450234039953242,4.3454101423590075e-05,0.0,0.0,0.0010775760397694345,0.0011744358039414982,6.158644004961022e-05,0.00050272771950155,0.0018635146015021364,0.0,0.00021629212387291874,0.0036214209524940144,0.0,0.002976241315142625,0.022463079495999738,0.0033075814747886567,0.044932435589858544,0.0,0.027758101021145287,0.006243147221225098,0.02156780580230616,0.003346949044086389,-0.0010280377901807358,0.01593131286823385,-0.0017295580126581167,0.007302538978724793,0.0003919925759323095,0.0352433214072676,-1.1102230246251565e-16,0.023733206801481777
0.06023693162063515,0.0027152125080706635,0.0,-0.051220212146652955,-8.029611434168249e-05,-0.01011625975557906,-0.034026100682059024,-0.03730035558023054,0.0005635134657210883,-0.0024156771598258797,0.01666513515640955,-0.000865824277017313,-0.04663724296417893,-0.04512665039457214,-0.030957168913361977,-0.0006269618891053264,-0.0011158304245005857,-0.000912155360605571,0.025584822950720842,-0.0006585583162486142,0.008267247290655588,0.0036654838175830817,0.0014425326860708076,-0.001102719953821496,0.0002040834860529417,-0.0007726046681557075,-0.02503732251761903,-0.04654892911907815,-0.03809216086008277,0.0018694324746722502,-0.05345821070640616,-0.051794116158687675,0.0007253465055477304,-0.04929315221613456,-0.053949063044555656,-0.05515319204631408,-0.06173309278496264,-0.0020312473758135607,-0.025181882518285792,-4.981208592269581e-07,-0.0007701911970288133,-0.0008550316449857931,-0.08708500722533163,0.003047233310761732,0.0,0.0,-0.00029092241999179036,-0.14424327101136808,5.462738983941229e-06,-0.012390856715668197,-0.062449526810715805,-0.022724095174341485,-0.0476707284938066,-0.02912617924702121,3.7553374605259204e-05,-0.12346186796189917,-0.001299710278795052,-0.031377253152087614,-0.06596373767781166,-0.0003883411432474282,0.0,0.0,0.0,-0.11761234409959148,-0.00037090885382212724,-0.0009412769945830179,-0.0005233202856168018,-0.04159726048559098,0.0,0.00012202416234680102,-0.0009730522268566744,-0.046195851158847945,-0.05368990217655928,0.0016071677744776136,0.00022997357982290634,-0.07672647958299539
0.0,-0.00018936252648726892,-0.051220212146652955,0.0,0.07296913359190682,-0.038432576778538396,0.08169317146228944,-0.005087469980689707,-0.04586810729959501,-0.012363167497883826,-0.0409646306413311,-0.006678857997028442,0.030173193581285618,0.018963974291922314,0.0008990520490795295,0.00032460383668292403,-0.00043934226347469574,2.4875614533459434e-05,0.0019211631580730026,0.0010251420927838706,0.0007474365775446135,-0.00060401274386368,-0.02687839714501994,-0.00291974577242049,0.00048239879780209716,0.0023969979611585535,-0.052572204018887514,0.04530467080557471,-0.00138084756792356,-0.0010124630860218198,0.03184516822045236,-0.02608037847143274,-0.008038094136202212,-0.02291733968817422,-0.009509516008389951,-0.00361103520165737,0.016587937317994184,0.025155077432629902,-0.0024097625050397142,-0.0008382019673738306,-0.0005107000576817233,-0.0020598148598978128,-0.00318920607235329,-0.0014826806955891558,0.0,0.0,0.0,-0.000922602873971945,0.0,0.0,0.0005600634947294236,2.220446049250313e-16,-5.693115628896406e-05,-0.00011140766733891416,5.551115123125783e-17,-0.0010774354869057534,-0.00127074208054756,-0.00039825325625347796,0.0,0.0,0.0,0.0,0.0,0.0,0.0,0.0,-5.0196156850257356e-05,-0.0007031998458292277,0.0,0.0,0.0,0.0006978338623294666,0.001836536374510811,-0.00014548373294293038,0.0,0.0
0.0003676643566529192,0.01394622694553449,-8.029611434168249e-05,0.07296913359190682,0.0,0.010510830437487129,0.03012617050979105,-0.06724079753131268,0.031238868688930443,-0.023588184527167932,0.004518359640985514,-0.03814339794118948,0.01415416866404745,0.05947815612223872,-0.00517348494479386,0.0019909635688344363,0.00048470188460891794,0.010578707546810007,-0.027487672158671983,0.0053738362861209255,-0.002723319439292382,-0.000818232499613547,-0.03321172272009543,-0.03292613432571051,-0.0022818932264208613,0.011404898510723627,-0.0029040811878406902,0.014672300286238393,-0.017939951079794958,0.0016075720057952547,-0.03894275764711791,0.004376772246949323,0.005097776541525101,-0.031783880869005576,-0.018619297056578388,0.03275383562844855,0.054895654340110234,-0.05473091057834084,0.010804652331463549,0.0007710919281812556,0.0015718013189815472,7.980127677070792e-05,0.003949292180107589,0.002597721429941524,-0.0006070904441725089,1.1102230246251565e-16,-0.0002537012400064542,-0.01814636815514814,0.0,0.004998746494108697,-0.04373038364384363,-0.0008849156501190558,-0.03737982051290539,-0.011228524145103558,5.551115123125783e-17,0.006498754028892828,-0.001046708739288471,0.0024817764796471464,4.108862075530295e-05,-0.0002503246429743644,-2.349539665758016e-05,0.0,-5.551115123125783e-17,-0.004425729700074377,-0.0005126874596866338,0.00019050472130727192,0.00014447242042270325,-0.04123356551593288,0.0,-1.597035616773823e-05,0.0005395754020100507,-0.04509141268989025,0.0021586250156691023,-0.002506464839907907,1.1102230246251565e-16,-0.0022170865076779345
0.02513739908144852,0.015477890994447019,-0.01011625975557906,-0.038432576778538396,0.010510830437487129,0.0,-0.00210028032271542,-0.046830588073976,-0.004311608622648788,-0.015503336861775241,-0.007592966269360346,0.0035978460919845467,-0.008826065920632453,-0.05364268854254123,-0.0036765837759967224,0.00578696088009617,0.0019057939375485833,0.02013052425438444,-0.033254170270565875,0.015024304660003152,-0.013504124471211354,0.01171825980807617,-0.03315694444609424,-0.0013663372630787762,0.03306613476744896,0.019673255253867705,-0.015350282951906102,-0.019205382884753985,-0.009335957091397395,-0.03560965844623859,-0.02025945536053586,-0.016339488194335006,-0.026388331226926187,-0.0220197199835912,-0.010814079002459731,-0.04842834845345467,-0.04581323396528292,-0.0013415412368820157,-0.041559120566883156,0.025995998400561438,-0.04095570321390474,-0.03157530512384116,-0.1372627736929407,-0.0010643140468326595,-0.001781484382890386,0.0010792868039867787,0.0017442360869260876,-0.04621325298963885,-0.0005383566995058042,-0.058276416398049424,-0.05051086515370373,-0.0549710186772468,-0.0668512650563205,-0.03398654470591056,0.001922821270075037,-0.10547268052097097,-0.0010128056887709347,-0.05286400684376802,-0.0005948421045223196,-0.043911513097970756,0.0025479646013235047,0.0,4.780958857614204e-05,-0.05498472374822394,-0.03243109875110245,-0.00547876384588597,0.006576872036684944,-0.04917218356514452,-3.971058091967183e-06,1.6761781306828816e-06,0.04188089895070335,-0.0428819147608101,-0.046175399483846746,-0.03150760094240734,-0.044984129523605254,-0.05628907980116038
-0.00015452778964891722,0.011031645593473693,-0.034026100682059024,0.08169317146228944,0.03012617050979105,-0.00210028032271542,0.0,-0.05798761444890366,-0.01593033854283349,-0.0028114189929461797,-0.06136164630233282,-0.0009013925787157984,0.004291350157090368,0.02449182127473548,-0.012311460331226098,0.0036839307908982377,-0.0012021730274068276,0.029328163091861426,-0.06034307580387349,0.010042686723463479,0.005447251687604071,0.006670328820567228,-0.03331977716404477,-0.025725738192682368,0.021626457283732303,0.02535764169216631,-0.02056886676844183,0.0114974169059745,0.018590174933030057,0.00019184211294254183,-0.0076721045050490155,0.010965711894393437,0.0004391562871098875,0.002254181957217938,0.014942849807208558,0.033427838439301194,0.04083145878042105,0.010340688489700156,0.005651559471418044,-0.0008507885946525962,0.008627644156200043,-0.0015037633765122016,0.0013915215136254822,0.0022676441500965594,-0.0009196789592059162,0.0,0.002561038545025429,-0.002203479894010707,0.0,-0.0002237133761480159,-0.03953344020573235,0.0032748345593145434,-0.0001529905804540932,0.0030179846689620815,0.0004093885257229757,-0.0015131256906540935,-9.952336508262105e-05,0.0010189498119940188,-0.0018646177889349302,-0.0012952967787910885,0.0011459421065983522,0.0,-1.7866525742316064e-05,-0.0016248634908351267,0.0009816714276736915,-4.851308951669964e-05,0.0014687378010391217,-0.039258498702772815,-7.674069224267166e-05,0.0005626232863252811,0.0013769228686250634,-0.02290057872275031,0.0025136345158661144,-0.00029840858343199717,0.001477318754202539,4.9001739071408146e-05
0.05005720632435606,0.002947387610931551,-0.03730035558023054,-0.005087469980689707,-0.06724079753131268,-0.046830588073976,-0.05798761444890366,0.0,-0.04876947698956574,-0.11156650322512324,-0.06185111997141601,0.008221534869637837,-0.05337246208249102,-0.04480235420432854,-0.01340707738354141,0.05479592580735182,-1.982464916061577e-05,0.0453473761420945,-0.05695919380043929,-0.003096162495315413,-0.025191140652197463,-0.018867521694511225,-0.023402998787539153,0.04683943567944404,0.052204795362637335,0.04146977450488315,-0.018264574363030306,-0.02106602048042555,-0.010148989214446291,-0.02661349832628368,-0.03599719998728934,0.0020761953580433756,0.00039434439974078694,-0.03875730498134067,-0.03797223004530825,-0.07549506553129123,0.008402896606608423,0.00318864963102089,-0.028731974057624954,-0.0812296956866857,-0.03387202704743075,-0.003863281315716449,-0.10384891591038026,-0.0015036959697854457,0.0,-0.1572451714576174,0.0003681261282267867,-0.0036437255323292783,0.0,-0.0029648696790018914,-0.027134508167514004,-0.0015907272852724863,-0.11870654832998506,-0.0351463456849182,0.0005217148761392232,-0.07196071824113798,0.0001969965160342757,-0.015737749656105526,-0.0623153161322747,-0.044235206652865955,9.212847820688763e-05,0.0,-1.5488216561665435e-05,-0.030009376614577088,-0.01144862653077261,-0.16410762532929984,-0.0065681952889253825,-0.058814038250258216,-5.551115123125783e-17,-0.00036890215084406375,-0.001267421972533156,-0.04360872146266309,-0.030280448596725074,-0.051917169809287345,-0.00015051331265408807,-0.060473386479233227
-0.0005411105223439572,0.0022459826761168644,0.0005635134657210883,-0.04586810729959501,0.031238868688930443,-0.004311608622648788,-0.01593033854283349,-0.04876947698956574,0.0,-0.04761846759361171,0.017922439531093237,0.003319908848884945,-0.03509226739837168,-0.026410865417529183,-0.0020303642263372335,0.0016673118099605477,-0.0018531626157169967,0.0021317984052852124,-0.03151226683923197,0.006154846940581549,-0.0015199738248936057,-0.006470343207232998,-0.03837931013381224,-0.000368841462219216,0.005407297655021737,-0.020806833976729444,0.00638821778632237,-0.04438947971825341,-0.02673797396699734,-0.06549312851889943,-0.04887375636440855,-0.04892366531328729,-0.03742371582805076,-0.046190803651004586,-0.04303912382529246,-0.04932526353443806,-0.06220980655705849,-0.04627853491846007,0.0029616408490641954,0.00043513729594635286,-0.0007815578915271737,-0.00600182856391368,-0.08107688978172284,-0.003762472874643874,-0.0018771887576022328,-5.551115123125783e-17,0.0009182173237576308,-0.041890911610724335,-2.6243254220292833e-06,0.0051540556224863865,-0.06424096691741538,-0.0415686005340376,-0.05997951880765551,-0.03840743851551631,-0.002229610486509992,-0.06385965392715753,-0.0013849904507273192,0.0009392700815569199,-0.06961682355416449,0.000535217747360428,0.0008242061105289689,0.0,0.0,-0.04661669502951543,0.0005683789432501252,0.0004897193953136147,0.0007091083796771924,-0.044452829868994403,-0.00010162801326479842,0.00016021862130322084,-0.0005027068251508005,-0.04948867888658226,0.0012198414504369648,-0.0010002570374378905,-0.0001227154609482195,0.0037365382867664554
0.005767058174145745,0.0025959846589164726,-0.0024156771598258797,-0.012363167497883826,-0.023588184527167932,-0.015503336861775241,-0.0028114189929461797,-0.11156650322512324,-0.04761846759361171,0.0,-0.07168881240467756,-0.025835891711458225,-0.006704119522003615,-0.007535128386159884,-0.0004499743939685441,0.0004429101769480859,0.024822469157278315,0.02273282977129837,-0.07471404012334276,-0.0036138750903987327,0.00290243982289351,0.0036654000900219197,-0.003596760185219927,-0.006962329305213788,0.0315113740568474,0.03256503434907643,-0.0005514958381395707,0.02179529185110951,0.001968485457183977,0.000793854829042373,0.007978657153342783,0.005684154893712101,-0.007691401074286897,-0.006017178895183162,0.00113066992571359,-0.01787365771556476,-0.03153483490313061,0.002091632121822229,0.003723214517143636,-0.06851160664900313,-0.053682868361038416,-0.021576320499085144,0.04636189714920408,-0.002279538697369743,-0.045283749599310974,0.0057152627645892795,0.0006682660862112333,-0.000880843460587033,-1.4901283297452661e-05,0.0004203811479053243,0.002386619358335673,0.0009775999163981197,2.9191943638484652e-05,-0.0016380656700017981,-0.09478794808927232,-0.0004891244189630384,-0.09311912945016565,0.004152331286572608,0.0,0.0007440739329533375,0.0024775053155635107,-0.09459049404295344,-0.050686889820023895,4.898129906893978e-06,-7.95822337554819e-05,0.000890236417073198,-0.0013173626493229729,-0.0011402604607571587,-0.06483309199896398,-0.073077665160527,-0.09800310394594591,-0.0002517033213257358,-0.05767415375451029,-0.0008470599868529716,-5.551115123125783e-17,-0.06704152010976194
0.05985558701370519,-7.744729275455109e-05,0.01666513515640955,-0.0409646306413311,0.004518359640985514,-0.007592966269360346,-0.06136164630233282,-0.06185111997141601,0.017922439531093237,-0.07168881240467756,0.0,-0.09328868624785824,-0.06973487894209973,-0.06855462961849196,0.0,9.154727993276879e-05,-0.00043834806800346904,-0.0006457720496251262,0.005165618496985713,-4.773369531807514e-05,0.01168746571711854,-9.790329896264272e-05,-0.03065383994579346,-0.07837154540091545,4.06729383994886e-06,0.0009758086893780771,0.007150578616117953,-0.06851014467196465,0.00039944119724077964,0.0003644036372497106,-0.06992732378734418,-0.034568579592404336,-0.0035294889713036737,-0.06531528606469017,-0.06366886378914749,-0.10382448606871802,-0.05402783855309201,-0.08332076334717697,0.0025000327668031064,0.0011292009427488203,-0.0010966694682041922,-0.0015520034457138232,-0.13404313427662307,0.0001909310209521342,-0.0007221155852123462,0.0,1.1102230246251565e-16,0.025241232273511605,-5.081686037522459e-07,0.0007205357925580969,-0.004362228234708443,0.0018710080454172329,-0.07313110775235737,-0.07359049121945765,-0.0011062103662607958,0.0026329164098898294,-0.002297221712480424,-0.0006796954780075026,-0.10147601461813138,5.551115123125783e-17,0.0,0.0,0.0,-0.05329656359536944,-0.000568439041622737,0.0,-6.981943398343127e-05,-0.04686617523039305,5.551115123125783e-17,0.0,-7.421957615633135e-05,-0.07495035707262837,5.46027196607346e-05,-0.001416029813005426,0.0,6.622761717572923e-05
-0.0013566704156308673,-0.0018620809640331193,-0.000865824277017313,-0.006678857997028442,-0.03814339794118948,0.0035978460919845467,-0.0009013925787157984,0.008221534869637837,0.003319908848884945,-0.025835891711458225,-0.09328868624785824,0.0,-0.01754409582613553,0.001936447232233962,-0.0003109345398014107,0.0014601454088551402,0.016935986774822775,0.01693188915216237,-0.002379615605735408,0.004133710077492303,0.003271685200613439,0.0015402753202754527,0.0039044594717528303,-0.04754339606482766,0.03659983958311497,0.02935374033611532,-0.0013068727732328256,0.006934577341456749,0.002527083340672698,-0.0014805199641775846,-0.008964683255206107,0.026487038473763047,-0.004637001853927625,0.008689608043034425,0.02961671556926515,0.024718408540454317,0.017611230742485384,-0.0015878638097164,0.00975464879225818,-0.0614384645345461,-0.05793566334513234,0.008884427416086693,-4.0381167704273135e-05,0.0006771027540001806,-0.01885480876707668,0.002420949954951901,0.0012869191086670173,-0.0008084284948843279,-0.0006591255133874818,-6.51008987586077e-05,0.00012035433691492958,-0.00037261182305386997,-6.910501767376509e-05,-0.00038249876642654224,-0.09636998596339191,-0.0015977935642760843,-0.08680757364057357,-0.0021438837154065804,0.00038235535665470666,0.00012741623751838516,0.0015448646335871064,-0.10071187677375426,-0.12085381952525776,-0.00015905560929191376,0.0005401679075560106,0.0011598574683292506,0.00012021924625166269,0.0010717651891792301,-0.0653892983451404,-0.09901376822488422,-0.11183183610046465,-0.0014006895342400516,0.004060747478270621,-0.0012074115666517726,0.0,-0.07859249421869402
0.008267604213316126,0.009326417857240366,-0.04663724296417893,0.030173193581285618,0.01415416866404745,-0.008826065920632453,0.004291350157090368,-0.05337246208249102,-0.03509226739837168,-0.006704119522003615,-0.06973487894209973,-0.01754409582613553,0.0,0.00516994296528156,0.007113385658998772,0.010167221651941949,0.001260200903680453,0.013794385062851133,-0.06520194008633123,0.019966386620400678,-0.003659693046861756,0.009411096343251601,-0.027483484923181367,-0.009709842459908802,0.011616502602504852,0.029826924863851578,-0.02390635519393236,0.017119799923412726,0.027810259607777443,0.014296623261262575,-0.00013718042832366883,-0.010524581267979338,-0.023881206615014527,-0.0032314776375667598,0.002419703433714282,-7.033769590286676e-05,0.01863849042243998,-0.014294363304029611,0.012720196757004476,0.0004502584262856546,-0.0038688582105694813,-0.008461214336331402,0.0020939484326966684,-0.005610426304812011,-0.003052178955342988,0.000571193258213365,0.0035486035144012273,-0.0011216729552628868,0.0,-0.0006728765710080076,-0.029534049798773387,0.0013871146575279436,-0.044562217683182415,-6.956798334467607e-05,0.0011644069637444243,-0.002473169570679057,-0.000757161026882891,0.0026860293246450118,-0.0010899305982231544,-0.000291222942015279,0.000926420202591427,-0.00035589125033658187,0.0018847931903680504,-0.005146381728715177,-0.000382247033461236,0.0017370296872832314,0.0014356872566848033,-0.03371269286153905,0.0007550438910013946,0.001545599041772483,0.003672052118254998,-0.021769082457056943,0.0008872005959782436,-0.0011503775531140348,0.0012425326112880386,0.003248720651245429
0.027354115410970326,-0.000797294367518464,-0.04512665039457214,0.018963974291922314,0.05947815612223872,-0.05364268854254123,0.02449182127473548,-0.04480235420432854,-0.026410865417529183,-0.007535128386159884,-0.06855462961849196,0.001936447232233962,0.00516994296528156,0.0,0.0005180954139907823,-0.0005481880989738896,6.828310625556222e-05,8.326494220123326e-05,-0.03729425222192945,-0.00030047645814840207,-0.002656369159319938,-0.0005295573368326312,-0.024229298474434502,0.0004985256993186304,-8.467045081728131e-07,0.012387909189109647,-0.04825785989232695,0.02736557720426913,0.001332351435782697,-0.00045761083227058297,-0.04966751149920612,-0.04109996903393581,-0.0008051746736671972,-0.0633158030352069,-0.006000161306798646,-0.019972891560608885,0.026622173110893405,-0.0006711089213993771,0.006115712381130123,0.0,0.0007247316828692396,0.0008518301724506627,-0.12050549531360588,1.4627626938046312e-06,0.0,0.0,0.0,-0.04779532292657995,0.0,-0.0039133515594292345,-0.0010116622136613351,-0.001144322151329702,-0.09181285613051904,-0.06542737843765528,0.0,-0.10251601852384379,-0.00010751241974066295,0.0017931293034451623,-0.09457883417055962,1.1102230246251565e-16,0.0,0.0,0.0,-0.002229139268437319,0.0,-1.1102230246251565e-16,0.0,-0.06898505653624337,0.0,0.0,5.551115123125783e-17,0.0013742995448281503,2.0455989679979414e-05,1.1102230246251565e-16,0.0,5.551115123125783e-17
0.04722884912196451,0.017339812579141578,-0.030957168913361977,0.0008990520490795295,-0.00517348494479386,-0.0036765837759967224,-0.012311460331226098,-0.01340707738354141,-0.0020303642263372335,-0.0004499743939685441,0.0,-0.0003109345398014107,0.007113385658998772,0.0005180954139907823,0.0,0.020360652015568026,0.00044026497983862267,0.028768836710442558,-1.1102230246251565e-16,0.043619089532694166,-0.016149685070683484,0.030809341724703676,0.027069719013588234,0.0005755008395799122,0.03364307183752374,0.006487136317141262,0.023190183689268173,0.015064595599341979,0.028544074636707994,-0.0006190032598409334,0.02898753838826512,0.007463437151836505,-0.020268706503031253,0.0053980963495875445,0.0023099091330034405,-0.026346825718204903,-0.011017960612624778,0.00011877287220535271,-0.015771318341784635,-0.049539670008788506,-0.021407493455070703,-0.020939949106298095,0.0009467402110552858,0.000577283187738975,0.0,-0.04467126105809871,0.0035957069582570056,0.0005314751314819399,0.0,0.0,-0.013411713795159708,0.0014775325205306777,-0.06479454439770727,0.00036198648410146195,-5.551115123125783e-17,0.0,0.00022239517754130134,0.002801674419674771,8.330183054128248e-06,-0.014314684980148318,0.003786301759748756,2.8572216392741545e-05,0.003746257804984887,0.0,0.009810502986346448,-0.03761438194088529,-0.01649260899192323,-0.01739269620252004,5.698952881272312e-06,0.005380649060310827,-0.0287738474314701,-0.01140257371529646,-0.01902340403855246,-0.01758153636612292,0.0002979475898844952,0.011182239494986035
0.038013780834659006,0.021571411345522096,-0.0006269618891053264,0.00032460383668292403,0.0019909635688344363,0.00578696088009617,0.0036839307908982377,0.05479592580735182,0.0016673118099605477,0.0004429101769480859,9.154727993276879e-05,0.0014601454088551402,0.010167221651941949,-0.0005481880989738896,0.020360652015568026,0.0,0.040956991632249085,0.027683859567767144,-0.00016882507277976577,0.016478348901509454,0.037340536281162684,0.02248318106289382,0.018031172799705508,0.026134410292050603,0.031708970873024656,0.025355226475774095,0.017756535310660737,0.019628486762202635,0.030789273381869375,0.05064235145574281,0.03915945804341153,0.026668654114751167,0.01804778352450359,0.03756871870230505,0.023939065878800236,-4.407976068820929e-05,-0.0005781472848890856,0.0015944454756741666,0.01888283940449348,-0.009693644278348845,0.000965364657203649,0.010620308712588455,-1.0861923122773565e-05,0.0,0.0,0.03004646735353189,0.020510783591466186,0.0,0.0,0.0,0.001418164800151167,0.0005863839976251173,0.0009547315927370126,0.0,-0.0024763108153884605,0.0,-0.0029563778974689425,0.0018989135812783609,0.0,-0.000800373154660694,0.016346540050573732,3.2804374874018105e-05,-0.006648202663607439,0.0,0.02877893216618227,0.028460999203562043,0.0297445190090197,0.0019284714156926341,-8.971251036277161e-05,0.00019851573726281657,0.0003053517783782045,0.0035116262783069785,0.004409337478155251,0.02902546237091952,-1.1102230246251565e-16,0.01337181283507205
0.005654135217913414,0.0032424474483925825,-0.0011158304245005857,-0.00043934226347469574,0.00048470188460891794,0.0019057939375485833,-0.0012021730274068276,-1.982464916061577e-05,-0.0018531626157169967,0.024822469157278315,-0.00043834806800346904,0.016935986774822775,0.001260200903680453,6.828310625556222e-05,0.00044026497983862267,0.040956991632249085,0.0,0.010156370922326907,-0.001211750841085324,0.0003248168122522155,-0.002239713864155113,0.07228921149748035,-0.0001979359474451048,-0.0023136010348718816,0.03290942578080425,0.014678899197901718,0.00046938320365436104,0.02728474069798187,-0.0014988326923661144,2.6040883591316177e-05,0.024387650750451906,0.03444787391377924,-0.020758022460569625,0.014923093865398307,0.031830289562448655,0.0006206264402134898,-0.0003181546710975258,-0.0732102170027431,-0.024401535705167565,-0.06519342548306689,-0.07679789538549425,-0.07729687160217674,-5.551115123125783e-17,0.0,-5.727313192921413e-05,0.0014394964697113655,0.0007210276995136544,0.0,0.0,0.0,0.0,0.0,0.0,0.0,-0.08410994399202787,0.0,-0.0854749427058989,-0.0005701959191872774,0.0,0.0003748662546578796,0.0022410770712885664,-0.08215864928789873,-0.05167213853849406,0.0,1.1102230246251565e-16,0.0,-0.000143139056867303,0.0,-0.03643220403462699,-0.05589294240688847,-0.06286154545771999,0.0,-0.002043527215097707,-6.546012284941449e-05,0.0,-0.06921824107641622
0.04349522095373365,0.039256071035335904,-0.000912155360605571,2.4875614533459434e-05,0.010578707546810007,0.02013052425438444,0.029328163091861426,0.0453473761420945,0.0021317984052852124,0.02273282977129837,-0.0006457720496251262,0.01693188915216237,0.013794385062851133,8.326494220123326e-05,0.028768836710442558,0.027683859567767144,0.010156370922326907,0.0,-0.0010205757948972827,0.02537060340058722,0.035855276682403014,0.03465442526436363,0.06906128338461576,0.012887941166162598,0.01973706966090999,0.02830672334681844,0.03030243897446333,0.02733142371369529,0.03487241926758661,0.07073837729556925,0.034365913260545666,0.02738509411790957,-0.016862360955749056,0.029069594750949612,0.04476938063612396,-0.0023863211255338856,-0.0004961308973817635,0.015946965183908313,-0.011912976265930242,-0.03696958152559493,-0.035095142327783935,-0.017694951301344408,0.0,0.0,0.0020533536611893055,0.022349055777574733,0.013095662826156818,0.0,0.0,0.0,-0.0006756856796968358,-7.959890756026322e-05,-0.0003858988003559438,0.0,-0.055798418996762356,0.0,-0.07291828066390443,-0.00048266931180329653,0.0,0.0003000286174097977,-0.0029226206432826918,-0.056289169368984704,-0.03740759767013213,0.0,0.0015479416525723821,0.003347766430851773,0.02658265532744164,0.0022788120186625904,-0.01548472015926905,-0.035057694879801427,-0.045046112896622414,0.0007003392259212204,0.001913210527516307,-0.0004474811549455837,0.0,-0.033588610300425814
0.0,0.0013398911476217856,0.025584822950720842,0.0019211631580730026,-0.027487672158671983,-0.033254170270565875,-0.06034307580387349,-0.05695919380043929,-0.03151226683923197,-0.07471404012334276,0.005165618496985713,-0.002379615605735408,-0.06520194008633123,-0.03729425222192945,-1.1102230246251565e-16,-0.00016882507277976577,-0.001211750841085324,-0.0010205757948972827,0.0,0.0004470138867481155,-0.00041662106114298547,0.0010908366489806864,0.005665494476556954,-0.06216057040366452,-0.0009050054945002328,-0.000757779611540943,0.006454330595587809,-0.06454876646685914,0.0007848185696211485,0.0012045543681031834,-0.060435925346467245,-0.05759878684956243,0.0008574599976490238,-0.06386377226230477,-0.06736249873217925,-0.04542118618496571,-0.06524112219215056,-0.0038026311853038286,0.007938128076601658,6.352642314078061e-06,0.0012563715731029323,-0.003324630622505209,-0.07128662715365724,-0.002001313406709726,-0.0001604280207233022,0.0,0.0,0.007642523430709591,-5.551115123125783e-17,0.021414707236574904,-0.08144838297826734,-0.0014903527162939412,-0.07404880855115747,-0.04147692412714138,-5.421876637767831e-05,-0.000987611907174002,-0.00021928300030904513,-0.003959864777690059,-0.058278538767821686,2.220446049250313e-16,0.0,0.0,0.0,-0.024171430873417277,-5.634848245772428e-05,0.0,9.231292448697026e-05,-0.05648875042258311,0.0,0.0,-5.551115123125783e-17,-0.03012538019291322,-0.0005884356910976773,-0.0013633967408746006,-0.000194264675874245,0.0011297455551382285
0.0017042024296417546,0.019488016906575367,-0.0006585583162486142,0.0010251420927838706,0.0053738362861209255,0.015024304660003152,0.010042686723463479,-0.003096162495315413,0.006154846940581549,-0.0036138750903987327,-4.773369531807514e-05,0.004133710077492303,0.019966386620400678,-0.00030047645814840207,0.043619089532694166,0.016478348901509454,0.0003248168122522155,0.02537060340058722,0.0004470138867481155,0.0,0.014427934439538825,-0.009340815332072538,0.014926271028450289,0.005432454175437251,0.03078123682755718,0.020658265139350873,0.01993697129699723,-0.023758377901708982,0.026101738963495158,0.016793521154505386,0.007586558401237287,0.017306608129346868,-0.005268358610506507,0.008350343709786656,0.009743579536547864,-0.014275617351724446,0.032925424983464346,0.004612606493228921,-0.002337914955631626,-0.01166867304607988,-0.008439104694872357,0.002633637359067964,0.002795776837241859,-0.001922140742698475,-0.0005155979158038559,0.04502715608362495,0.04166224889163406,-0.0011850932793131541,0.0,0.0,-0.009939586423581281,0.0028013794226632305,-0.04225381893864044,-0.0012427447835291483,0.0006139050110879896,1.1102230246251565e-16,-0.0002210725039261674,0.0032317948624956405,-1.1102230246251565e-16,-0.01728906439057537,0.016780209123692158,1.7278975488421722e-05,0.0031829588369829964,0.0,0.004425551473456968,-0.02279053692590738,0.012330137668382257,-0.02326770956155394,0.0,0.003200895784585489,0.010353409031015726,-0.0063294237874017,0.0014209248686541942,-0.007092917308030633,-0.0003380444913628211,-0.0019974687722585927
0.08786594533965653,0.04301100732241092,0.008267247290655588,0.0007474365775446135,-0.002723319439292382,-0.013504124471211354,0.005447251687604071,-0.025191140652197463,-0.0015199738248936057,0.00290243982289351,0.01168746571711854,0.003271685200613439,-0.003659693046861756,-0.002656369159319938,-0.016149685070683484,0.037340536281162684,-0.002239713864155113,0.035855276682403014,-0.00041662106114298547,0.014427934439538825,0.0,0.03948577119925256,-0.008902918353019373,0.0831182950472954,0.047893518150082415,0.03735824104548974,-0.00932393246779567,0.002169603341233395,0.0208909471992621,-0.0022257553905653538,0.051798009713057036,0.019104753893850912,-0.009104100052504005,0.02125920777001894,0.01599264136823736,-0.04050286984550505,-0.0011164020388892415,-0.001358428745113216,-0.00477435125432546,-0.040304857530821414,-0.024837835547017295,-0.002186333081284575,0.0018794214524371355,0.0,0.0,0.04283025892288078,0.027373075634113286,0.001399446664931192,0.0,0.0,0.02930537778153869,-0.0005645507930968074,-0.13890659254832388,-0.0014426531769349271,-0.0003784417968050735,0.0,0.0011547108213582624,0.00038269173967420134,5.551115123125783e-17,-0.04015253517929007,0.024038141025917226,0.0,0.0006837396627599746,0.0,-0.004773197207595614,-0.12552711486494733,0.004695431239420955,-0.05682215435395549,0.0013059980657239012,-0.02089083650477397,-0.01087761413704319,-0.0306006216754518,-0.0013504010948842127,-0.020972060270315562,-0.0020526220722653643,-1.356320678019829e-05
0.04357235914071517,0.00451611805242802,0.0036654838175830817,-0.00060401274386368,-0.000818232499613547,0.01171825980807617,0.006670328820567228,-0.018867521694511225,-0.006470343207232998,0.0036654000900219197,-9.790329896264272e-05,0.0015402753202754527,0.009411096343251601,-0.0005295573368326312,0.030809341724703676,0.02248318106289382,0.07228921149748035,0.03465442526436363,0.0010908366489806864,-0.009340815332072538,0.03948577119925256,0.0,0.011286404753924062,0.03722806680079793,0.022331378190447893,0.032509023056260355,0.023185463458259226,0.020898757869995843,0.03255728765873872,0.046718994037768635,0.03888108625083708,0.02514277624714506,0.02172132437054891,0.022665292965116657,0.01694589380056155,-0.00663366862564152,0.02819659833586774,0.0038218428184900732,0.02553112049457651,0.012927353649456297,0.01131432027130469,0.008223993711002464,0.0013176469248140643,-0.00011944978570005427,-0.00036105670892605524,0.021331527373403103,0.039243418282911335,0.0008148445036224028,-4.580665532938344e-06,-0.00014568183188551354,0.03179085547106636,0.0017324656284050666,-0.02104339857604165,0.0018101846773617147,-0.0010780494861172274,0.0,0.0003465295140580582,0.0022904309475739737,0.0,-0.01757762578823885,0.03006681642877329,-0.0005638128164300316,0.024760240137262524,0.0,0.01572304195319646,0.024192875246028478,0.026288806214010974,-0.009062838951829633,0.0012643317456226266,0.017755341108667444,0.014489138232001375,0.009828409832372709,0.00587855593597536,0.016247358050707927,0.0007701953718166621,0.02002396733982814
0.06996555612667144,0.0012030648932543908,0.0014425326860708076,-0.02687839714501994,-0.03321172272009543,-0.03315694444609424,-0.03331977716404477,-0.023402998787539153,-0.03837931013381224,-0.003596760185219927,-0.03065383994579346,0.0039044594717528303,-0.027483484923181367,-0.024229298474434502,0.027069719013588234,0.018031172799705508,-0.0001979359474451048,0.06906128338461576,0.005665494476556954,0.014926271028450289,-0.008902918353019373,0.011286404753924062,0.0,0.06697511926736383,0.09746242398105526,0.013845487210083163,-0.02897506425700691,-0.026417192008273693,-0.00472215223064304,-0.03347253906097708,-0.023744521389095663,-0.013204955682920072,-0.029436814261078914,-0.02393941656164361,-0.01823794450957178,-0.05056271861702122,-0.046770702261899666,-0.0038285026385390664,-0.03662218011411128,-0.04221126124660579,-0.03564790312353955,-0.03497658489195249,-0.08290644020316534,-0.024843720690105597,-0.0005368179907963011,-0.01473303554947708,0.002475143194721363,0.012557940533426515,0.00043477236795136376,-0.03370584555614059,-0.037547768112004,-0.04260656291579429,-0.07469480254290245,-0.02769620206292933,0.0016988627534594847,-0.030063972724116983,-0.002400794917488236,-0.0416850095882354,-0.051763028754998386,-0.025865137580698028,0.005424271331092911,-4.2033018819609413e-05,0.0006436125149823502,-0.0020728376628654788,-0.014912164732329869,-0.06513899560083153,-0.012701895139630048,-0.032554168235600645,-0.000661614237332242,0.007304148133062016,-0.021021056772760394,-0.03814273610996155,-0.036133651500571184,-0.03778881634771403,-0.034102863302777675,-0.03588203066666579
0.04067576595513894,0.0031886694205368604,-0.001102719953821496,-0.00291974577242049,-0.03292613432571051,-0.0013663372630787762,-0.025725738192682368,0.04683943567944404,-0.000368841462219216,-0.006962329305213788,-0.07837154540091545,-0.04754339606482766,-0.009709842459908802,0.0004985256993186304,0.0005755008395799122,0.026134410292050603,-0.0023136010348718816,0.012887941166162598,-0.06216057040366452,0.005432454175437251,0.0831182950472954,0.03722806680079793,0.06697511926736383,0.0,0.005017548402873218,0.0400551341316045,-0.0034839322890581337,0.020517807628671836,0.001470800423210905,0.0005390534606922737,0.03809582365612557,0.09665623942678053,-0.006804725556950192,0.02804584832254542,0.074710209865751,-0.007453809919988841,-0.04613514191030832,-0.01341844887679891,0.07525621266235272,0.03834580611172317,0.040058557312215026,0.055150080347071695,0.0012849161910285511,-0.00042583671411505764,-0.07245563235653316,0.19784243008930452,-0.008024711012448726,0.0,-5.551115123125783e-17,0.0001660227237949008,0.0003496039220717284,3.014777800181001e-06,-1.6653345369377348e-16,-0.0006756833123922057,-0.05709393039174049,-0.00013217699070267042,-0.05528649064865815,-0.0003402654658984372,0.0,0.0003889082984038783,0.004080481974755135,-0.005572682283028374,0.020988887037996062,-2.0231957617633523e-05,0.0005090818288741583,0.000973359759356085,-0.0012229928234805953,0.0008081103628840847,0.10243237288738793,0.024927145053742383,0.042735708306558096,0.0010783896269700444,0.003916126398889441,0.039442387887846375,0.0,0.012563281915762836
0.04270308335661893,0.02013914935319977,0.0002040834860529417,0.00048239879780209716,-0.0022818932264208613,0.03306613476744896,0.021626457283732303,0.052204795362637335,0.005407297655021737,0.0315113740568474,4.06729383994886e-06,0.03659983958311497,0.011616502602504852,-8.467045081728131e-07,0.03364307183752374,0.031708970873024656,0.03290942578080425,0.01973706966090999,-0.0009050054945002328,0.03078123682755718,0.047893518150082415,0.022331378190447893,0.09746242398105526,0.005017548402873218,0.0,0.027893697248822458,0.023081016215419192,0.01856372696139602,0.025625158190672792,-0.0002410643365104992,0.02518588254481502,0.02430483559279456,-0.019398764369912558,0.015049758188088957,0.027261674871569885,0.001918027569955294,0.0003001180051169783,-0.05564234603585849,-0.007272380734153205,-0.036497351354194685,-0.03668238068544044,-0.03151725187328813,-0.00109832623650169,-5.551115123125783e-17,0.0037323267834837304,0.03282715856264845,0.029797537163199217,5.551115123125783e-17,0.0,2.220446049250313e-16,0.0033430051728344234,0.0008071001013653656,0.0015028096107287947,0.00033485848418213227,-0.07767324886043614,-9.387570005042756e-05,-0.08144830433539663,0.0018173598971030214,0.0,0.0026788212344350804,0.0029978246244715123,-0.05979622676652874,-0.039072126575206645,0.0,0.05524052045850669,0.005331588799625586,0.018140105206677526,0.005593426908509003,-0.0227653655482421,-0.03224178902506436,-0.036588043202314124,0.002364132119582363,0.0011476486599076852,0.03298361416973383,0.0,-0.028289694115437303
0.02185117849724383,0.015408190516057685,-0.0007726046681557075,0.0023969979611585535,0.011404898510723627,0.019673255253867705,0.02535764169216631,0.04146977450488315,-0.020806833976729444,0.03256503434907643,0.0009758086893780771,0.02935374033611532,0.029826924863851578,0.012387909189109647,0.006487136317141262,0.025355226475774095,0.014678899197901718,0.02830672334681844,-0.000757779611540943,0.020658265139350873,0.03735824104548974,0.032509023056260355,0.013845487210083163,0.0400551341316045,0.027893697248822458,0.0,0.008558741682190396,0.03924367905129916,0.03796612953539974,0.00019353739905558776,0.04668444030660046,0.03699559578354211,-1.9036396061600236e-05,0.02793941363976654,0.036927300571976296,0.0034623591559310163,0.001012293745009052,-0.00612205665884441,0.015906903060200872,-0.01842473848567605,-0.02278573654179311,-0.015468689827525695,-0.0029943258424424135,6.254950342848842e-05,0.004095562463636904,0.02017934457909082,0.026251391706766658,0.0023383063705297857,0.0,-3.444507064243041e-05,0.05566556947476908,0.0005901864489743502,-0.04839653959713858,-0.00041536978285772186,-0.08371899369092572,0.0,-0.08415601914710236,0.0027134949516804396,0.0,-0.02375181856995867,0.018079242339675783,-0.06787527175477776,-0.03386026618262439,0.0,0.019573699917383947,0.031680521743933376,0.01988048908389417,-0.011520501157933682,-0.01839427058364068,-0.03159269379273788,-0.0014711753420683094,-0.0007230035501809007,0.0034543756145928306,0.03838543082330298,-0.00020575226392061108,-0.021541853543443457
