0.0,0.5605197965441635,0.32675097754130966,0.0,0.41930457779857616,0.3684691552851132,0.43304893653906446,0.06414091188158044,0.4027425945911793,0.2708431756039592,0.38088886617830187,0.3394497517359926,0.4879710624535757,-0.021178500155024205,0.37574844725314527,0.5102349210030955,0.4028646702405965,0.5522577899786525,0.0,0.26200081399045216,0.2006738247393052,0.46967012395981306,0.07591671047294624,0.4077092776657847,0.4484099155222346,0.5370966740931253,0.3709349530202592,0.5126798738554075,0.20171776555792198,0.5567634938506517,0.3623915331222788,0.44013170272857144,0.3248600087619391,0.19707955349040726,0.4383271833822193,0.5974308023573345,0.4976184089072029,0.43648169313897567,0.42634028940771285,0.7524467440207216,0.5417897982824844,0.4935440620272259,0.4761603431233464,0.0,0.42501268483428756,0.6816663242245113,0.5689369557383425,0.0,0.0,0.0,0.44360739079696304,0.0,0.5572864641597287,0.0,0.4303120438344253,0.0,0.5075708587442231,0.7176759489508013,0.0,0.5510143434564863,0.6107022544014697,0.28052303266601886,0.8015793571998864,0.0,0.42718563843088986,0.4874361261307677,0.732884252173624,0.5748370397763656,0.7052865712165397,0.7986358777680986,0.6719569859790389,0.4723460427252323,0.40212383562916243,0.16581427228536552,0.0,0.4558529994418019
0.5605197965441635,0.0,0.5042027289520467,0.31861966224196764,0.3862181175754107,0.14797193200735193,0.15402248043387523,0.116989741484884,0.3406160738456404,0.41631227823219885,0.32334043121235445,0.43637950730698905,0.156115602865529,0.49488782954362004,0.8817692856052202,0.5416201054312015,0.5611518426315618,0.6154169203609549,0.6159526680699773,0.411310368041082,0.5058349288288039,0.7954241152733224,0.6496001619609846,0.433673119803718,0.5539430201053475,0.5043935592108145,0.524084503817333,0.1157853730706919,0.10531740692655017,-0.003459309366199259,0.3671625055107696,0.4150281795802666,0.38058891961577823,0.2965767015931512,0.5548025043087383,0.4378003509125765,0.248472164502159,0.0,0.41432868712987325,0.7645725010600989,0.4805936748551852,0.46335929117786284,0.6158828505776979,0.0,0.0,0.6486126016107625,0.6410187735968884,0.04772070328852477,0.0,0.0,0.09288733067792537,0.5927099186413229,0.5437760407451402,0.5603964879083787,0.6247242723709968,0.0,0.42692216187294724,0.6005597883922231,0.0,0.6939015994460574,0.6811727129965366,0.625731424617585,0.7575683824153335,0.0,0.4836493059231044,0.6733386644903723,0.662322322344045,0.5705607369945329,0.3730861848193546,0.7600427742893514,0.6734342801460154,0.6947383523758186,0.582798215804128,0.33199691125394226,0.0,0.5231660542674905
0.32675097754130966,0.5042027289520467,0.0,0.4497097814598196,0.4434544811457871,0.5781107778460269,0.42556442506829145,0.4546451350723908,0.45013930277509756,0.41164929298362113,0.4473588561329503,0.48404669602335526,0.40795521475145824,0.48900075905502566,0.3367782338661732,0.3752609257287638,0.5749629027654541,0.5063884559218462,0.4962505410759098,0.367423811830966,0.33900200582051765,0.5059138931255507,0.45821908539586453,0.39542123982754884,0.5152223095854604,0.439105383626181,0.4866354117076218,0.33208844838863427,0.5538742000726438,0.558883563505877,0.2949766013434425,0.2857601870799258,0.46247919879228183,0.26919499633806393,0.26591986307764826,0.3675212192133821,0.4476393573362686,0.4275782082550935,0.2016257775921318,0.46894927448936796,0.3783575421007421,0.51939795892882,0.3685403675386978,0.6133762930365316,0.0,0.0,0.19261609255590195,0.5972221533461196,0.4716830290605325,0.11154500506139858,0.49947027243037,0.3721355026426524,0.392861994595125,0.41726040152218863,0.38395139390145283,0.6028942551880541,0.45517630983036284,0.42534201055469845,0.27729232206407184,0.24327959050976977,0.0,0.0,0.0,0.398461169976266,0.586794393134096,0.4346877585736165,0.09614499779023276,0.5061656886232303,0.0,0.6250544794307398,0.336756825106695,0.6027526070189984,0.38184396480025545,0.5960543263580622,0.6762877156372945,0.35481523634571854
0.0,0.31861966224196764,0.4497097814598196,0.0,0.6108491428176539,0.23674352820645156,0.40555705543241366,0.7160190862229072,0.49058532580644326,-0.04332219193555509,0.447102590879246,0.32120291303872395,0.3876863958732252,0.603399026328614,0.5478194672472885,0.07537078443990156,0.532315536209333,0.4742552606740227,0.41567504542558026,0.5466776470844115,0.4361231336156667,0.5003148871713516,0.48592468084609736,0.21742466987639317,0.8651417182795054,0.5916778529371891,0.09270742137838783,0.2689350207114405,0.3837754783271753,0.47120791042549615,-0.04852853332343293,-0.0994692282361665,0.09786318009777083,0.010525584341336908,-0.05586424748416613,0.2091224277345198,0.06641759870208772,0.28844572155283416,0.17740129968842375,0.2817902813339759,0.2893133006225638,0.10602261028988388,0.21632716553588197,0.2754159344201792,0.0,0.0,0.0,0.3715173960048329,0.0,0.0,0.5774768465014692,0.0,0.46933827304060244,0.02565342136336938,0.0,0.17218085122317012,0.453621191791707,0.4466897792974935,0.0,0.0,0.0,0.0,0.0,0.0,0.0,0.0,0.45336097638485273,0.524020739531281,0.0,0.0,0.0,0.4602861444297242,0.5174400287567466,0.5585683332934854,0.0,0.0
0.41930457779857616,0.3862181175754107,0.4434544811457871,0.6108491428176539,0.0,0.4927570272965341,0.2926764135443524,0.45566386080665866,0.30737160528639124,0.40878267628364795,0.5829715592147726,0.37418217904476236,0.2891635795654295,0.34588630914827456,0.441609523967663,0.4934016878077888,-0.15173422287166138,0.21878924364535962,0.5212811853873655,0.4290697623209268,0.46348301917207524,0.4546740663806096,0.41463670928340557,0.22431823650639648,0.4472701741472771,0.3208419116785056,0.33402242135937227,0.2776559033572201,0.6784055876321943,0.4470427664407439,0.31282876735575804,0.21109844995882662,0.2274769490858342,0.3482355004170856,0.2910780342156092,0.34520746520592316,0.3986557511202659,0.4981233751357799,0.6165886602619264,0.7127833589637771,0.5172351552663522,0.416512236312113,0.4275706839983474,0.6852990397082769,0.24751672522933782,0.0,0.38668610961217,0.48640226075778026,0.0,0.5829127009897521,0.6712974499669012,0.5549060243456074,0.5044363835050446,0.3324049708438804,0.0,0.3911012844433287,0.33142434161851553,0.6504617057254881,0.18543407608798163,0.24654263888644912,0.44697218811905515,0.0,0.0,0.5924792612401208,0.3193164549366702,0.4929861442382899,0.3843183186129899,0.5189816879463895,0.0,0.4694903279156661,0.5661848840244172,0.49506037905079464,0.5418392575071784,0.4194257615073664,0.0,0.46128970632298244
0.3684691552851132,0.14797193200735193,0.5781107778460269,0.23674352820645156,0.4927570272965341,0.0,0.47518896310440595,0.38694599063240265,0.4816757432297723,0.1781061877470702,0.42468604230288254,0.050285252563513794,0.47446775351068776,0.4536367499540476,0.39514008171204673,0.25973059407132837,0.4869062976971591,0.3046116976700428,0.4524290736191192,0.27519006503961146,0.34225169885063556,0.2580146298215287,0.4344615883759312,0.29795962681182686,0.12575580039603954,0.1982153491400092,0.48767848111786305,0.5079067242797599,0.3653941489730779,0.2864106916231265,0.25519575901945146,0.1304085797532882,0.5734271572329583,0.12338259483362263,0.11885646315728643,0.13935426415538,0.16130757705585422,0.3839628337917723,0.4376212398928786,0.30134092653766836,0.3889361819692862,0.6474104042022486,0.2652925180174598,0.4815931773603593,0.19166474563357394,0.5789919196801627,0.4786441441945506,0.5423791235604669,0.5531288054912888,0.17640133083682838,0.5245955132791198,0.505019449753141,0.46620094896323544,0.4556819452661867,0.6258301943716248,0.4494822560338447,0.3235051332468184,0.5332045267088459,0.4620739293791727,0.5444630850606894,0.5615784154755414,0.0,0.5241536741763422,0.3777853755340601,0.6607931073256602,0.24218735654358545,0.5239304746432278,0.5027886378215071,0.5802898303450705,0.46681200128517397,0.44531922561489967,0.5679909238021127,0.4563777344355917,0.5255546111297767,0.42935742518864406,0.3871947893595271
0.43304893653906446,0.15402248043387523,0.42556442506829145,0.40555705543241366,0.2926764135443524,0.47518896310440595,0.0,0.3943257129405725,0.5157805738650371,0.36050722252180195,0.5723606629334187,0.15616213403280935,0.3330796485124405,0.29154155488624295,0.4831649635922873,0.34005164960255113,0.10171406470441574,0.2811663994094894,0.5107571557478084,0.4114337958373868,0.5889604187669513,0.4387402450744259,0.5050936692623943,0.17425251579536982,0.2386197376639872,0.2549048846995399,0.42240862691781633,0.4320753425732117,0.6107664596712568,0.4413620974181846,0.12257267813932049,0.1880756631699654,0.33773199557286115,0.33836496459031623,0.14628983173891724,0.2731936472707331,0.20706825732175635,0.4649904040102808,0.5996845271375637,0.39480315004752364,0.5640885193163503,0.5086792862114422,0.5772816363443493,0.7499597929014457,0.32077768757589664,0.0,0.5514344249507107,0.39085908209753617,0.0,0.5051563999814441,0.48068577200743157,0.5414947515587613,0.4161399463213405,0.6002870721589948,0.5542517134878961,0.24416566447204957,0.42859702568007874,0.45698376848972544,0.3746281927522963,0.3095899717706917,0.5789979086306472,0.0,0.5209976952091295,0.5610862914431197,0.5633234616829728,0.48854977433313995,0.5840788035401971,0.5140141072961438,0.46835173737557856,0.5950256555841763,0.5070804105350448,0.5612125323078342,0.5300030492698189,0.41627073994790686,0.7579863964461198,0.4723130567302523
0.06414091188158044,0.116989741484884,0.4546451350723908,0.7160190862229072,0.45566386080665866,0.38694599063240265,0.3943257129405725,0.0,0.4649925756275564,0.22906402041600066,0.3301630645171104,0.6345717819928384,0.4785648628680379,0.6641377713249701,0.5246576238105121,0.2484858481375578,0.43291571110409655,0.2093290121495474,0.3781277208580825,0.2988580707873847,0.25084658131570925,0.28887501119885384,0.4586820412139986,0.015918214767086825,0.2657690774374448,0.15233595057507093,0.5559252574898845,0.4535220924119601,0.4891916298390519,0.49598144129452426,0.2845599897601195,0.2302297565677752,0.41121261978535895,0.2537642444882512,0.15406002638766603,0.4174272869079174,0.48735295029163295,0.5974600239021906,0.47471457504502845,0.4271870292811064,0.2800849291243762,0.47936691955164745,0.3601552377943683,0.42785942493203694,0.0,0.5476884781777714,0.340425373410981,0.520118800603931,0.0,0.2708816440216594,0.6133202712513255,0.4974910846120182,0.2846432970408648,0.3704499857702088,0.8243943845768577,0.3425717525402172,0.9404090814739237,0.46391324800603745,0.3958564897727523,0.6531947286607526,0.3703950531463832,0.0,0.6445276612266655,0.31553017147216517,0.4956381340704003,0.34440083622288953,-0.04190267442981732,0.5321503844929136,0.0,0.4056107232912351,0.3595264209528912,0.6240383067767152,0.4720450952815177,0.699438872338761,0.6729457694255603,0.32782550714505115
0.4027425945911793,0.3406160738456404,0.45013930277509756,0.49058532580644326,0.30737160528639124,0.4816757432297723,0.5157805738650371,0.4649925756275564,0.0,0.3308164742658928,0.3587848804027862,0.530613893100635,0.4869313803635721,0.33323285177300643,0.5563355914315269,0.48144377492518553,0.3938264002815536,0.5490834823390115,0.3346279836513231,0.43716237473748,0.3527361188548329,0.43129057250196146,0.44822495170513105,0.42745157491097996,0.5432445303030733,0.5862213300938458,0.5131490863612845,0.45898037600603897,0.380927338486185,0.58606970538106,0.46163261971038705,0.438814144725702,0.45905803456140704,0.41083305019742433,0.4160906732878841,0.3317674788646589,0.3734664321820918,0.5313678666760535,0.209307563850554,0.4766549295746511,0.37763466657068934,0.33061602933621625,0.3480466191319922,0.43136296333689517,0.27111416542856603,0.0,0.4743369059020352,0.49636819601991633,0.4658464854573953,0.1302165424453101,0.6617745410526894,0.4523858118840719,0.43165985691575437,0.3385192202503666,0.1890967213158778,0.3823577665669262,0.40745325080740225,0.4308548915216725,0.2944793107739988,0.45851364522847876,0.6604855107445106,0.0,0.0,0.22378615420389603,0.5775040704259029,0.681566338330635,0.5271921162126416,0.5415795443055076,0.31267409380198746,0.5368276964756273,0.2805236495467908,0.5751016289998911,0.3248703746711341,0.5380882907322886,0.4996314786962777,-0.3008636320783057
0.2708431756039592,0.41631227823219885,0.41164929298362113,-0.04332219193555509,0.40878267628364795,0.1781061877470702,0.36050722252180195,0.22906402041600066,0.3308164742658928,0.0,0.43078804288112255,0.3995461594925336,0.31043026090261294,0.5891505372496761,0.46220021226777475,0.38903911360034554,0.3938256872868786,0.3408785624285767,0.2844523835030466,0.37845473662371854,0.5050976482012606,0.444354959587499,0.19612863009772502,0.29873902702608934,0.5771863777215052,0.48443275630276705,0.051855944739533366,0.42253299852620774,0.25071140861436714,0.3690759689757874,0.4994023844336513,0.06925184221813674,0.40935962102012463,0.23577561248690793,0.15701895422256765,0.20136852222857737,0.29246866545447836,0.33294189164082233,0.18778864926183658,0.28990554062751284,0.5662727274299548,0.158665487912445,0.2181238575953232,0.2849441289336861,0.5721378789744752,0.5761155560864671,-0.31657206413258093,0.1438628413614124,0.4752598535800191,0.41270666914251514,0.5021889965945541,0.6776135552009028,0.5626617769217009,0.21835310662149948,0.5598999643688524,0.4053999451545791,0.5587417809110979,0.53103386908816,0.0,0.8966081783281408,-0.288405045287619,0.4657027671596693,0.21944577393075237,0.4693228176490667,0.4649367581256617,0.5476117793845654,0.33540262557174283,0.5307869236637006,0.3929888539408215,0.20931939426992618,0.43589271799557566,0.5495125420145428,0.49616435310639107,0.3933452675537106,0.0,0.6124897407069718
0.38088886617830187,0.32334043121235445,0.4473588561329503,0.447102590879246,0.5829715592147726,0.42468604230288254,0.5723606629334187,0.3301630645171104,0.3587848804027862,0.43078804288112255,0.0,0.12758760291682258,0.5073182568909052,0.38668933775575354,0.0,0.5110976716591656,0.4640663841572399,0.4895426204768862,0.28247414114294356,0.446612739823273,0.49839029323198825,0.3741648986268261,0.3137795455006541,0.2862924413507736,0.5310645680133893,0.5387822835059576,0.43502281977899393,0.45072620533418273,0.40530732115664425,0.49989587439848004,0.41277967678156,0.145790965902947,0.39640654251650514,0.4754280756049549,0.45539068935901206,0.3237634549052869,0.5687349746868575,0.510518120862065,0.552855788015888,0.5348882783874,0.4814110816740633,0.4281557056572401,0.22057776917208116,0.553416885118756,0.17880686284525116,0.0,0.0,0.49131299960880437,0.46901140297196564,0.12589819980305234,0.3894291259723643,0.22697097521005213,0.4331171196649186,0.5704170570615439,0.4371016032975682,0.4530444280942175,0.37162337751806773,0.23118964665099068,0.21500610037736237,0.0,0.0,0.0,0.0,0.39490658471849127,0.34503429773467287,0.0,0.660410570590551,0.4399013842562842,0.0,0.0,0.8789031443272213,0.4813938617197559,0.4455146791283614,0.3488512814596114,0.0,0.5258270875400715
0.3394497517359926,0.43637950730698905,0.48404669602335526,0.32120291303872395,0.37418217904476236,0.050285252563513794,0.15616213403280935,0.6345717819928384,0.530613893100635,0.3995461594925336,0.12758760291682258,0.0,0.311296534951075,0.604494329572968,0.4056813841848429,0.5831173667954813,0.4318200293617477,0.6501730702372298,0.46930397252067013,0.5606456207207128,0.4575409023690004,0.4260837817444667,0.4474461784455994,0.27125926406776935,0.4990488274005315,0.48332679464605766,0.48157743345355064,0.4335002088838793,0.5869229358781665,0.2934531854577105,0.3357108311999466,0.19583511502917297,0.49089638976648536,0.31995272997060875,0.16802760933617686,0.09437258306806134,0.05569817666517238,0.2134758126992709,0.7202741004944929,0.05572194583186063,0.4102340169116661,0.23754401250292365,0.37473194193434634,0.40986167497958137,0.5675267657987304,0.39252322619721225,0.5753910991017721,0.24668833772949622,0.1973849168677832,0.2575233173481689,0.34565558963171783,0.47273610444497954,0.24168151804863747,0.38281151069417885,0.5287157907704765,0.2253727209495635,0.6005921167963386,0.5676771245255303,0.675447717596594,0.6251922379621906,0.5276589120183497,0.45381911820530085,0.20727653299938292,0.3390522055799231,0.7365912564887043,0.759435894625825,0.41267595758025266,0.5366652269634984,0.29796076013739303,0.16883229720519777,0.4021304570707769,0.33891789841049036,0.6795623126107948,0.45955987334492365,0.0,0.5702723381601027
0.4879710624535757,0.156115602865529,0.40795521475145824,0.3876863958732252,0.2891635795654295,0.47446775351068776,0.3330796485124405,0.4785648628680379,0.4869313803635721,0.31043026090261294,0.5073182568909052,0.311296534951075,0.0,0.24011858935758978,0.2451517434803726,0.3379969796334559,0.05819214853613139,0.27249636389092424,0.49282951507328654,0.40412542845802346,0.34446009933435,0.37335929981179317,0.5351052341725845,0.22868899043139992,0.20212294396754663,0.18021586378738974,0.4521719009589341,0.5594184723605893,0.5389641913174361,0.5087490286967772,0.14229636422525507,0.14227999504877165,0.30481454387947293,0.18077052087299333,0.08085371545802883,0.12714672339388175,0.13846435193143014,0.3710961339805193,0.6006934292862909,0.4588233776217723,0.8335352944361578,0.5202232426189901,-0.1298668269066407,0.3723577608147742,0.3641700884610032,0.5768811835799913,0.6217216662812716,0.42239008415196044,0.0,0.6114171915514179,0.5371344236156932,0.5722464137361177,0.37672245163663987,0.38682386124931034,0.17699925802385552,0.2423229948954574,0.4308645752898139,0.6783820279033039,0.409182071096566,0.7006586453435663,0.47427787231419705,0.3771410940969303,0.5416444070095559,1.1164352994291038,0.6369601902765868,0.5166292669073466,0.5075803752380803,0.5809365375758464,0.4844570554270437,-0.21190902497014202,0.4564459629278551,0.6375362134069724,0.7084103505250918,0.5259071251692724,0.7071782027631885,0.5227603014823621
-0.021178500155024205,0.49488782954362004,0.48900075905502566,0.603399026328614,0.34588630914827456,0.4536367499540476,0.29154155488624295,0.6641377713249701,0.33323285177300643,0.5891505372496761,0.38668933775575354,0.604494329572968,0.24011858935758978,0.0,0.5156171721726619,0.5548278379473393,0.4559657767294149,0.4984736014716757,0.3067029017645361,0.38734200381445155,0.2705101435135274,0.24998510073032715,0.5657265179242001,0.6011185078160013,0.5183332699827202,-0.21597824209140237,0.48136081140047055,0.6096129119859657,0.38221405161881405,0.7576754183082908,0.4688675776077153,0.14063070831150212,0.24514105179551782,0.5579355156283141,0.3524944883310601,0.272295042220804,0.2096834185084998,0.4014015948114542,0.6988672797244433,0.0,0.688170221872449,0.8165667848917622,0.6464030411174071,0.4709213501380753,0.0,0.0,0.0,0.4519881409259975,0.0,0.4902789176154192,0.44040030849174117,0.4653505713233659,0.5383573676483632,0.42959844263735053,0.0,-0.014084850770043122,0.38466050637101823,0.7069420941672458,0.4164927537776705,0.0,0.0,0.0,0.0,0.4660601213490911,0.0,0.0,0.0,0.5937891986702383,0.0,0.0,0.0,0.4838673096639474,0.7217989598139741,0.0,0.0,0.0
0.37574844725314527,0.8817692856052202,0.3367782338661732,0.5478194672472885,0.441609523967663,0.39514008171204673,0.4831649635922873,0.5246576238105121,0.5563355914315269,0.46220021226777475,0.0,0.4056813841848429,0.2451517434803726,0.5156171721726619,0.0,0.44719602429151045,0.3866864084861347,0.38001320211786166,0.0,0.45277989406690455,0.3131212972543085,0.7948769757363165,0.5013039998365514,0.30492514528995557,0.4178934426426425,0.6774549338718012,0.41927772894537696,0.35729455531456955,0.22051631327878407,0.2822525881484264,0.2858178841176555,0.2185609810066328,0.47134291470638556,0.30210434876451153,0.3864071670657287,0.5016108123266056,0.36310788665718574,0.37236478013513197,0.2648306267980599,0.5086103114470444,0.3579494423562293,0.32655749945314944,0.44721732822748766,0.6022982010111193,0.0,0.4647049260497781,0.6147310141061322,0.4447500631956195,0.0,0.0,0.42988014676220143,0.6767956217110842,0.37011129895699324,0.5227896634370667,0.0,0.0,0.6471067424826815,0.5234139721518238,0.47138450138574894,0.6566208505290432,0.6441808813271905,0.6136335369003116,0.7252883790959008,0.0,0.6965140123536733,0.33932537079153524,0.6382101155036521,0.679188695577907,0.44055316430654934,0.5549444951154998,0.5155854302592552,0.6133375807007118,0.40924369017176054,0.29261380156323075,0.49454207285893825,0.2566374988770175
0.5102349210030955,0.5416201054312015,0.3752609257287638,0.07537078443990156,0.4934016878077888,0.25973059407132837,0.34005164960255113,0.2484858481375578,0.48144377492518553,0.38903911360034554,0.5110976716591656,0.5831173667954813,0.3379969796334559,0.5548278379473393,0.44719602429151045,0.0,0.27446426819187963,0.716314304455859,0.44641521381586324,0.3813254901969697,0.4079769624640773,0.4788148353706547,0.4290969794315296,0.38708488326004514,0.5759368349555025,0.4414957516879378,0.33118788906830654,0.1656820734419476,0.2591413463727515,0.07057615711753529,0.26034749962545944,0.3238215644556943,0.2590558005307545,0.22976769847965917,0.5919891817162193,0.6285942618452007,0.3483826652319503,0.5842097404193178,0.35377915519635517,0.6818056593859041,0.44000185135960207,0.4602789824994331,0.47222412527967617,0.0,0.0,0.532149791732745,0.5882476777088148,0.0,0.0,0.0,0.5159110126798564,0.5812302318369038,0.862821279439393,0.0,0.595053408690515,0.0,0.44525205599224305,0.5859095386084296,0.0,0.14784514513419186,0.6029384347119985,0.5819254962206746,0.7715715249203086,0.0,0.39959858803419956,0.496963372350388,0.5443014036262892,0.5504122980741374,0.3679074841855985,0.8878605349933054,0.6995035197213092,0.5484453960584939,0.5930037292064415,0.15778321593475253,0.0,0.21520648572722922
0.4028646702405965,0.5611518426315618,0.5749629027654541,0.532315536209333,-0.15173422287166138,0.4869062976971591,0.10171406470441574,0.43291571110409655,0.3938264002815536,0.3938256872868786,0.4640663841572399,0.4318200293617477,0.05819214853613139,0.4559657767294149,0.3866864084861347,0.27446426819187963,0.0,0.4459760532931185,0.6001176524738391,0.14034010368987337,0.4488842249540512,0.22255517176574907,0.47142914076325726,0.33166944647620433,0.4430703437938983,0.3971344316549261,0.5403738673984982,0.4337135136761569,0.2962444635702309,0.5046745101923517,0.27558126550995715,-0.06517129603070076,0.31969602403218,0.07171089115419815,0.06740990107144146,0.5796072768997296,0.2390006041851017,0.20770566604037127,0.5548911988456351,0.14030355550906626,-0.057308654665979064,0.582874998520273,0.0,0.0,0.5055370402305315,0.6203013525341194,0.6180491982028966,0.0,0.0,0.0,0.0,0.0,0.0,0.0,0.3828580904048805,0.0,0.2941354235020765,0.3140755752908623,0.0,0.7674076715599961,0.4967376945836806,0.30552974679716705,0.286542485738154,0.0,0.0,0.0,0.5623104239294089,0.0,0.5177882646104895,0.28549624370596055,0.4142934834082761,0.0,0.27542410129462785,0.46598355895705346,0.0,0.6768877764980412
0.5522577899786525,0.6154169203609549,0.5063884559218462,0.4742552606740227,0.21878924364535962,0.3046116976700428,0.2811663994094894,0.2093290121495474,0.5490834823390115,0.3408785624285767,0.4895426204768862,0.6501730702372298,0.27249636389092424,0.4984736014716757,0.38001320211786166,0.716314304455859,0.4459760532931185,0.0,0.47534280015227615,0.34754396640027263,0.5308767646487251,0.3754869899113791,0.3253534143302033,0.6154376915873935,0.7834341964573499,0.5656751379201139,0.3771964462507668,0.15859256927429782,0.20333727629534648,0.08490094134657206,0.3003587057747996,0.19054202686962177,0.4604405047931748,0.22640759340576894,0.41907515657351685,0.49619635951527274,0.24881123680398073,0.19536366332606186,0.3831161322837072,0.4718463839601652,0.32501552502313075,0.28282912926128356,0.0,0.0,0.5898227002760152,0.7260579974231398,0.6518546426988603,0.0,0.0,0.0,0.46822746229625833,0.5473681764907894,0.8581746521431703,0.0,0.5801817376846181,0.0,0.5749487485317581,0.5100058359240249,0.0,0.534701610912233,0.6311680228911822,0.647446678445013,0.625762200927475,0.0,0.4725280534002231,0.6020656596267171,0.5178753453219971,0.7084338543666426,0.5849798748660588,0.7500877984007721,0.7214099112365094,0.4682492906062248,0.6726838742652228,0.44631143516892696,0.0,0.4426216109961274
0.0,0.6159526680699773,0.4962505410759098,0.41567504542558026,0.5212811853873655,0.4524290736191192,0.5107571557478084,0.3781277208580825,0.3346279836513231,0.2844523835030466,0.28247414114294356,0.46930397252067013,0.49282951507328654,0.3067029017645361,0.0,0.44641521381586324,0.6001176524738391,0.47534280015227615,0.0,0.5385633823423247,0.45104114914521864,0.6768634521851682,0.3191000485778001,0.4352090311871065,0.5056465737967043,0.46977998556412276,0.322575102150587,0.4420477499667718,0.5803531285755981,0.5823266712004946,0.4509100607495951,0.3947041767029488,0.4457181490262436,0.38741482227026797,0.3643455758510458,0.37440928382401784,0.28578830231659325,0.37279060538015113,0.6704411301624638,0.3856079980988478,0.3845910205566816,0.19692942470601077,0.5152741549329175,0.3490731322540308,0.4019777894459664,0.0,0.0,0.5340456795521923,0.0,0.10756305001492586,0.5410581582307099,0.32911025548069467,0.3574941685489853,0.3259492048277794,0.8600059140697105,0.4044544667652123,0.4927432559826843,0.41871263889953697,0.3041186485480266,0.0,0.0,0.0,0.0,0.6545599913081819,0.4699263914973987,0.0,0.4925761690989944,0.44991649296860986,0.0,0.0,0.0,0.4713425823423063,0.4845727409192193,0.42743399210322275,0.4683369199772624,0.5284216461233182
0.26200081399045216,0.411310368041082,0.367423811830966,0.5466776470844115,0.4290697623209268,0.27519006503961146,0.4114337958373868,0.2988580707873847,0.43716237473748,0.37845473662371854,0.446612739823273,0.5606456207207128,0.40412542845802346,0.38734200381445155,0.45277989406690455,0.3813254901969697,0.14034010368987337,0.34754396640027263,0.5385633823423247,0.0,0.48162957236462073,0.5857025607603319,0.4796641805938797,0.539034495655787,0.2530479239529207,0.5765738732177028,0.4334932253837575,0.5329392263870497,0.4539978124787554,0.6041705909156698,0.34114073588746296,0.254815098308642,0.4557861674571533,0.25701327966784726,0.44341595237363896,0.5687252621455279,0.3962428117317802,0.7648340082432081,0.3509826762776457,0.39219784863746804,0.4599609252103614,-0.0514892869176477,0.4939358547430638,0.2546146496652924,0.19350423850402332,0.4407412294936875,0.2887872331325232,0.4482229256369893,0.0,0.0,0.4749795542918219,0.6088859030100418,0.6392752418669285,0.39646630812996697,0.9271163334291015,0.0,0.5214720566101835,0.5283123055581675,0.0,0.6154821084736195,0.5277908284483546,0.47365882982255225,0.5630805879454369,0.0,0.5555337455916998,0.35729822464973965,0.6322302640423635,0.5748573416112793,0.0,0.5394631326866908,0.37274277212694057,0.6488822149935729,0.44234650158554534,0.4192717653422207,0.39029437088564933,0.3209055425135533
0.2006738247393052,0.5058349288288039,0.33900200582051765,0.4361231336156667,0.46348301917207524,0.34225169885063556,0.5889604187669513,0.25084658131570925,0.3527361188548329,0.5050976482012606,0.49839029323198825,0.4575409023690004,0.34446009933435,0.2705101435135274,0.3131212972543085,0.4079769624640773,0.4488842249540512,0.5308767646487251,0.45104114914521864,0.48162957236462073,0.0,0.3841517579033094,0.26452944305809234,0.1636232890162813,0.47354504496428845,0.5077374265842459,0.48258750231298425,0.3670855878500477,0.32930409100128843,0.22714025407250701,0.2516818387086091,0.14089843866437882,0.27350688285037517,0.14824910099111,0.3033464583878863,0.17743996345594926,0.3107788491545244,0.5166748682091098,0.21239190326625698,0.5261323207480388,0.2431102725601527,0.38893616812216814,0.5612914125818902,0.0,0.0,0.6137449270357062,0.47010657788333443,0.6183423924867735,0.0,0.0,0.4888527670652617,0.3989217270073817,0.479997206714258,0.4905686647433559,0.557346007280384,0.0,0.7402453881145958,0.48563389273698576,0.0,0.49098375830329044,0.567613639171985,0.0,0.5058512929972088,0.0,0.4713337819902097,0.3536427107794419,0.5420314515958554,0.5735291572830888,0.7666332018159439,0.8746596288315804,0.578115203228835,0.5741582623357919,0.2557674174982212,0.4366726209695694,0.3505905249266425,0.06672493721609685
0.46967012395981306,0.7954241152733224,0.5059138931255507,0.5003148871713516,0.4546740663806096,0.2580146298215287,0.4387402450744259,0.28887501119885384,0.43129057250196146,0.444354959587499,0.3741648986268261,0.4260837817444667,0.37335929981179317,0.24998510073032715,0.7948769757363165,0.4788148353706547,0.22255517176574907,0.3754869899113791,0.6768634521851682,0.5857025607603319,0.3841517579033094,0.0,0.7276681484924138,0.4671898530160763,0.5118093080794199,0.7510519821593675,0.42815328925958523,0.4033580531531014,0.40659924188173446,0.3955674769592141,0.24076028358185225,0.3588621049094358,0.468831796852198,0.33308990602872307,0.5168346177326741,0.49527124264398986,0.5409239771272383,0.5295832114442024,0.3537100662535252,0.5262558886648261,0.35481694292904464,0.3057797593813131,0.4385818019832658,0.3451205411328957,0.23187870063228141,0.49903405388506406,0.5657423257532462,0.568963640130937,0.47068493726143545,0.23913211641552268,0.6195259090600125,0.6387312733684555,0.5874654483390644,0.6328129820758839,0.4038273627821314,0.0,0.4965627154878732,0.5766844861354397,0.0,0.6808316430780282,0.5134164755333035,0.4157694114288615,0.6699516071441527,0.0,0.5725202518292631,0.5133937882272921,0.5668360555335028,0.6064638588107909,0.7121718359897332,0.588635500680892,0.5515992677319771,0.6870475651557437,0.5184834597557819,0.45628105936486363,0.5563040802614531,0.37011356208257923
0.07591671047294624,0.6496001619609846,0.45821908539586453,0.48592468084609736,0.41463670928340557,0.4344615883759312,0.5050936692623943,0.4586820412139986,0.44822495170513105,0.19612863009772502,0.3137795455006541,0.4474461784455994,0.5351052341725845,0.5657265179242001,0.5013039998365514,0.4290969794315296,0.47142914076325726,0.3253534143302033,0.3191000485778001,0.4796641805938797,0.26452944305809234,0.7276681484924138,0.0,0.10259562589866453,0.3021308165310882,0.4063285284743883,0.5836590719152939,0.5128123235577228,0.6153424013669313,0.4799087461849477,0.4133061325330941,0.47323901571956783,0.48783489141850545,0.366090350212084,0.4389205967417462,0.35491747885291247,0.3025948643253215,0.33067329699155446,0.5275711613887604,0.667028982578374,0.5249969516479712,0.4745065444025268,0.47484845124034425,0.5470815610329247,0.5202717401961453,0.4303357600360891,0.7583776869150551,0.599393896091925,0.4519090459666914,0.347917438391688,0.6119903050548965,0.6024541750131914,0.5110675353410215,0.5161912909840622,0.5574324283605334,0.43220193853089733,0.43657564971245066,0.5761349239872384,0.37444837774409284,0.5805635785415568,0.5928437133290339,0.4649367581256624,0.534003591079203,0.4679511798812963,0.5897701603444034,0.3494921424442575,0.5703219915974295,0.6770226129309258,0.21093683775769595,0.5920045114158077,0.6124384718881923,0.6054303945617028,0.537100448788649,0.5761618542885028,0.6244053948397035,0.4671182637878405
0.4077092776657847,0.433673119803718,0.39542123982754884,0.21742466987639317,0.22431823650639648,0.29795962681182686,0.17425251579536982,0.015918214767086825,0.42745157491097996,0.29873902702608934,0.2862924413507736,0.27125926406776935,0.22868899043139992,0.6011185078160013,0.30492514528995557,0.38708488326004514,0.33166944647620433,0.6154376915873935,0.4352090311871065,0.539034495655787,0.1636232890162813,0.4671898530160763,0.10259562589866453,0.0,0.5741423168720391,0.3945975433623886,0.2377845959104011,0.40430313117976946,0.5527142695787819,0.8091567005531528,0.28911942985449773,0.2765778945189991,0.5578156004481254,0.3160963338590686,0.23755382823419186,0.3674077948689789,0.2557307963360492,0.3276552333400834,0.4364831533704612,0.18280142775650549,0.25257906163272503,0.10781657091136237,0.5829498334710675,0.35439564218007213,0.20522049581171264,0.46766942899919917,0.4529120103911275,0.0,0.0,0.4781229200030469,0.5792631017388665,0.30359649152363904,0.0,0.007154259662173094,0.5935913277129665,0.5415007061702996,0.4646672172974962,1.0312057401469754,0.0,0.23323717455770582,0.2917720537861788,0.267448272233094,0.42356153349727654,0.4692903022780533,0.34802462196852724,0.4087077620421751,0.16769228929612573,0.8410895005870227,0.30675990200353864,0.44814486449394336,0.5584141249683559,0.543630881073219,0.41825485364846404,0.5812974647272156,0.0,0.3890313026328791
0.4484099155222346,0.5539430201053475,0.5152223095854604,0.8651417182795054,0.4472701741472771,0.12575580039603954,0.2386197376639872,0.2657690774374448,0.5432445303030733,0.5771863777215052,0.5310645680133893,0.4990488274005315,0.20212294396754663,0.5183332699827202,0.4178934426426425,0.5759368349555025,0.4430703437938983,0.7834341964573499,0.5056465737967043,0.2530479239529207,0.47354504496428845,0.5118093080794199,0.3021308165310882,0.5741423168720391,0.0,0.41815675623671983,0.3147241718843009,0.11251158331543354,0.05909455785935741,0.37852525458074593,0.40195666077168,0.19166469760403113,0.4856691365339939,0.22116790178354034,0.5585844221066423,-0.17956853980122833,0.5939649212151992,0.480132306140146,0.3312760593856228,0.4014594215377937,0.2891993189084474,0.27244223233158305,0.09606383069642342,0.0,0.48919039317054763,0.7100143833573276,0.6738031465624296,0.0,0.0,0.0,0.5336968622728883,0.5153439462276355,0.6382428570953238,0.4294417919946797,0.5088157277352789,0.45116736465851603,0.5410534059686801,0.04737842793801389,0.0,0.5306962188990028,0.5608572267726427,0.47705791212519866,0.5941685446531902,0.0,0.3509789168086055,0.8961668758902694,0.5276968751919986,0.5064006076112191,0.5011077497420928,0.6670261852626145,0.6119300532992686,0.45860854539369933,0.48447795042464636,0.15450032734794916,0.0,0.34533455123884527
0.5370966740931253,0.5043935592108145,0.439105383626181,0.5916778529371891,0.3208419116785056,0.1982153491400092,0.2549048846995399,0.15233595057507093,0.5862213300938458,0.48443275630276705,0.5387822835059576,0.48332679464605766,0.18021586378738974,-0.21597824209140237,0.6774549338718012,0.4414957516879378,0.3971344316549261,0.5656751379201139,0.46977998556412276,0.5765738732177028,0.5077374265842459,0.7510519821593675,0.4063285284743883,0.3945975433623886,0.41815675623671983,0.0,0.6704428020757931,0.2659854567261663,0.31655865419765217,0.3591749966890112,0.3009043083132445,0.45919730445988854,0.42247215698655405,0.2893010962250121,0.5963457796075999,0.4028908355462466,0.42643918952449933,0.3883053725640405,0.41914810806156155,0.4170723418132772,0.46862922615201313,0.20283752795122562,0.19392138215508223,0.5347574355044873,0.6655024653236465,0.5660567542540266,0.5889401342877648,0.6461626837505599,0.0,-1.824853755476915e-05,0.3595448203016182,0.5402679950682925,0.5203574598418903,0.4058592828140154,0.46302715010703005,0.0,0.592129757021921,0.5137748358906616,0.0,0.6773321443091171,0.5531251387412983,0.48901164946674314,0.563916753719055,0.0,0.5357427569471706,0.6988669375712214,0.7191790539444034,0.6034024685845065,0.6001213092875942,0.6382259894955312,0.5972931767058383,0.6865194830596826,0.5707593459475596,0.37341339328500156,0.4404656236818205,0.344990938020116
0.3709349530202592,0.524084503817333,0.4866354117076218,0.09270742137838783,0.33402242135937227,0.48767848111786305,0.42240862691781633,0.5559252574898845,0.5131490863612845,0.051855944739533366,0.43502281977899393,0.48157743345355064,0.4521719009589341,0.48136081140047055,0.41927772894537696,0.33118788906830654,0.5403738673984982,0.3771964462507668,0.322575102150587,0.4334932253837575,0.48258750231298425,0.42815328925958523,0.5836590719152939,0.2377845959104011,0.3147241718843009,0.6704428020757931,0.0,0.5380861579644654,0.4778187706602156,0.6346655583990501,0.3936918390777173,0.4032041811927088,0.568948199204444,0.33778296473338293,0.4172146287665768,0.18602841860426922,0.26798119263174414,0.36774918156756936,0.5109012722487336,0.3764647360696457,0.46091219762645996,0.5543561450999249,0.47021610452967,0.5231655002789584,0.4013050080781949,0.3953445271003164,0.7599777393696483,0.5150562044964355,0.47650424971955224,0.27801347982122826,0.6665675076678812,0.5437896161365963,0.5331394982930059,0.4964142725639662,0.6850103708020583,0.43793016117452865,0.3432398670594331,0.6018044220742356,0.3858176352233025,0.5750913247356302,0.5718616045398468,0.0,0.41006762109203493,0.3497310741614245,0.5554184707173154,0.45560325955899594,0.47824755624071746,0.5771720196202776,0.0,0.5613543775721028,0.5611798659273417,0.6673872211222032,0.54441734643223,0.5571430395798298,0.571230141694786,0.4950466912151114
0.5126798738554075,0.1157853730706919,0.33208844838863427,0.2689350207114405,0.2776559033572201,0.5079067242797599,0.4320753425732117,0.4535220924119601,0.45898037600603897,0.42253299852620774,0.45072620533418273,0.4335002088838793,0.5594184723605893,0.6096129119859657,0.35729455531456955,0.1656820734419476,0.4337135136761569,0.15859256927429782,0.4420477499667718,0.5329392263870497,0.3670855878500477,0.4033580531531014,0.5128123235577228,0.40430313117976946,0.11251158331543354,0.2659854567261663,0.5380861579644654,0.0,0.6040644159215081,0.5293920948111155,0.45840578105437013,0.17296753350826666,0.32776442724879945,0.3344082559741543,0.3969103456920615,0.12504017788166572,0.13337289019183873,0.22712824630402934,0.37188307986854874,0.6640362488321047,0.6504491140534351,0.7981933241614163,0.5188639560433828,-0.07958111047814342,0.5538309184425595,0.5948583689295928,0.5911351487073297,0.5249510762923724,0.0,0.6313116013362352,0.6028088539286314,0.8043056105296091,0.4385257760793578,0.492708839089889,0.2073063349941676,0.4530773982213002,0.42245802755752004,0.6754862430420188,0.3389913128691593,0.46313680328868573,0.46030932328124663,0.17453597135334148,0.5622373716146101,0.6616992308614515,0.6115583922566714,0.3871942147461962,0.5975300357388527,0.6182350608093008,0.48958331073193884,-0.02363634623108457,0.13913011756232277,0.6680535336968109,0.6316263870053023,0.5402116129277108,0.7343136802998163,0.4533602202188053
0.20171776555792198,0.10531740692655017,0.5538742000726438,0.3837754783271753,0.6784055876321943,0.3653941489730779,0.6107664596712568,0.4891916298390519,0.380927338486185,0.25071140861436714,0.40530732115664425,0.5869229358781665,0.5389641913174361,0.38221405161881405,0.22051631327878407,0.2591413463727515,0.2962444635702309,0.20333727629534648,0.5803531285755981,0.4539978124787554,0.32930409100128843,0.40659924188173446,0.6153424013669313,0.5527142695787819,0.05909455785935741,0.31655865419765217,0.4778187706602156,0.6040644159215081,0.0,0.33233046616036166,0.31387743968455917,0.13098501481735234,0.2782589951232597,0.13796730083688682,0.13569765807293682,0.5096495213267591,0.417350365599354,0.5016159090498944,0.41829706379912346,0.4032991259090409,0.4458588270332078,0.4368386698411293,0.35898513930380804,0.5119512178769863,0.6131246989811643,0.4021359695084917,0.41421400070602266,0.5090777515370484,0.47623104239844427,0.4149422280200402,0.604163079909851,0.5269041038241835,0.47916097395481183,0.49506597619987125,0.5948139963240757,0.4152735920150375,0.5507989583439459,0.5563824753952492,0.7819643491335206,0.49989785919067387,0.549830656002962,0.4698725386287306,0.5289681310374204,0.4845081479708037,0.5234318141240022,0.3844960263712747,0.45226944341023684,0.6367436664186952,0.46011115214826637,0.5801216923803372,0.3376662747355424,0.6992215841891615,0.5880991764011566,0.5658258850715799,0.6282309332263134,0.4126751372744857
