0.0,0.7171210708350471,0.34763738216980467,0.0,0.3231801632107863,0.35457072637070863,0.4072389608662338,0.825522729057842,0.38157177644974144,0.7314551913656895,0.38606275576005905,0.7628865437052899,0.44545861160627487,0.7362260497591161,0.5571365936896786,0.6993780551247588,0.38359522746871394,0.6408463437982681,0.0,0.7886103798690238,0.479835021564324,0.5612645727539693,0.7359476851487584,0.660294571517454,0.5578915010113406,0.7514648279051093,0.6928455142258241,0.6732285631274317,0.7435982923878641,0.594741095760729,0.6017256625982965,0.6843662470953861,0.7529836252091686,0.5651877054358551,0.5104894015936674,0.6151615316383374,0.4220079402910525,0.7580607605032109,0.9277476819354893,1.013845591640141,0.8646105671985512,0.4605237027188564,0.46551245394905216,0.0,0.4168971244282993,0.9474480919785219,0.9618056484393303,0.0,0.0,0.0,0.4787450875414546,0.0,0.5689002771865345,0.0,0.795672533636861,0.0,0.7732895209458539,0.7416557099052321,0.0,0.5525835157121864,0.9214274518100409,0.2776750129316583,0.9027394618464578,0.0,0.4337649781835331,0.9534081465032589,0.8168106717969854,0.8136536616491402,1.076167557990395,0.8710427813883019,0.9002083072320661,1.192134502340111,0.4372994897712795,0.45461504446191153,0.0,0.4597295298438415
0.7171210708350471,0.0,0.8190377379482907,0.33510932826161155,0.7658298928013589,0.6249710870794509,0.919089794468806,0.7098735631457267,0.6808259438978452,0.42975300889710744,0.29695012862388015,0.47353251807697155,0.9101945426036453,0.5997620918074005,0.6484347970451594,0.6043177341366406,0.5552763935829146,0.5852352636959697,0.5381268338198534,0.6282906278410336,0.6986451663502398,0.5794511381318603,0.46174626846637645,0.3755951032966143,0.5795320614465624,0.3874962543165874,0.6331474619047381,0.9426617748935906,0.6579928154211068,0.4434579506363227,0.6573776004506788,0.5795008140979059,0.5119666224342933,0.5404365095052446,0.5960360383247818,0.4854298707465171,0.21308979854784882,0.0,0.6877105318514446,0.9164053881361224,0.6197521871315017,0.562341379688987,0.6233629766581288,0.0,0.0,0.9763046202674295,0.7317005371941424,-0.03266785494359034,0.0,0.0,0.5472921286568369,0.5928777674530911,0.5745931470519547,0.5229172669760804,0.586696907903876,0.0,0.4190174227138922,0.5687577052867459,0.0,0.7730448246562004,0.7431490198903037,0.5869454875684053,0.6421672980152393,0.0,0.5563674766536871,0.8836481559128734,0.6581639687948135,0.5437550186763589,0.3861248351892912,0.7046083009164734,0.7173055952778123,0.5282282321234099,0.5297583954528999,0.5921452920726531,0.0,0.5959936786906471
0.34763738216980467,0.8190377379482907,0.0,0.50369153930825,0.7928723554677237,0.6225818964632504,0.7669335196593775,0.9445129114341818,0.4706005891111006,1.023239377710565,0.8437280485644084,0.5820182602784159,0.8474553226108722,0.8968077497880365,0.3649144876559549,1.029702695185615,0.6816075051230858,0.5657183796250083,0.6506305692844462,0.4795886971518147,0.38495897471308593,0.9992620129970979,0.7670792328599106,0.4228197596041292,0.8211063995988237,0.36044127920986063,0.4996825728171528,0.8241212072446054,0.7409792259605557,0.8013786018546463,0.8465645818980069,0.8066242099075971,0.6633731987033806,0.9256954475800452,0.7993053223765564,0.8934477873030924,0.5359616726332417,0.5515503989481876,0.7862554866377485,0.473829254420339,0.4843435939039001,0.5365915071802279,0.7739879104983957,0.6244588208939756,0.0,0.0,0.17318442059960476,0.3924576097866416,0.47074703345603436,0.6941740671801078,0.6186174751380358,0.5534151027953149,0.9327529073760423,0.8616791426134205,0.3332424691324163,0.911938724771721,0.48526262410864185,0.5579739329916733,0.7924026555562804,0.2975635965898912,0.0,0.0,0.0,0.5969556592120229,0.7040224580497201,0.4656183312303147,0.15896480169050026,0.8907037526597275,0.0,0.6123762397454893,0.4019639548617159,0.9277312276585215,0.5074652427041617,0.6296433780522503,0.6727659437309261,0.444426807440636
0.0,0.33510932826161155,0.50369153930825,0.0,0.4378523483591584,0.5624873165867181,0.7097481366999743,0.5654158239091709,0.5775369123187863,0.37509208368007907,0.3640770106739623,0.4006245072959252,0.47745791204271293,0.47006410326148196,0.5444341559015198,0.05671092580333071,0.5612206521758039,0.4666165600057395,-0.0721871170616632,0.5816209040730809,0.33454567404037944,0.8593628325751468,0.6191170194156659,0.2190326881148656,0.8377125701192383,0.5345355824747007,0.5234262004683965,0.38961114018677,0.4257778343948092,0.441672521121403,-0.12930638998506194,0.4294723344165458,0.20798570488471882,0.1551518875161927,0.6940032523358861,0.37764832053781605,0.21966320349833718,0.34504558084160736,0.1305151759064972,0.4513939091729102,0.38508791212240306,0.2476656894320905,0.2601899806270259,0.22586150691131768,0.0,0.0,0.0,0.50053699132452,0.0,0.0,0.5442997666442224,0.0,0.4688566812932824,0.029449654823481688,0.0,0.2292137819590731,0.12195150806846317,0.5139898782439816,0.0,0.0,0.0,0.0,0.0,0.0,0.0,0.0,0.4582874574898079,0.6269178982372708,0.0,0.0,0.0,0.49071158311323093,0.4499889077138391,0.6263541960332335,0.0,0.0
0.3231801632107863,0.7658298928013589,0.7928723554677237,0.4378523483591584,0.0,0.5494998148009007,0.6850443011029819,0.5839927376069549,0.6033406738307163,0.8584917280154034,0.4922601909001681,0.574544559501657,0.8679513265241884,0.5505575874800647,0.4786460266736473,0.5011130233227198,0.5213803331545734,0.4094299223446083,0.6305035140129862,0.3889011401973957,0.5055134074400907,0.7299571079767169,0.32884857844643345,0.5134246968094431,0.3972630795418517,0.39348494454199134,0.5988020543474603,0.832457252777505,0.6170002594243416,0.7262077064514758,0.8352869782772261,0.5066673527235075,0.3920263395134955,0.7728390638907228,0.5020036020170189,0.408328043954531,0.0783144140197348,0.2895639630280661,0.5247711356805628,0.635537095782603,0.4578606369520021,0.4021665618253229,0.702047230052343,0.6333627512599438,0.2547664337158948,0.0,0.4352580927237575,0.5535141465817972,0.0,0.5260418350925486,0.5839184047898498,0.5935761389464397,0.5109573164616485,0.5759419872294234,0.0,0.5069822941467225,0.34092018369692356,0.63749886107879,0.5112690038393463,0.22201790430450313,0.5113055888475803,0.0,0.0,0.5837461138444636,0.29520965803396393,0.4241425990376164,0.30553959486118065,0.797288119546449,0.0,0.47590057759740556,0.4635307619823209,0.5157780297569297,0.5897285512330218,0.48567563115927115,0.0,0.5189274677680815
0.35457072637070863,0.6249710870794509,0.6225818964632504,0.5624873165867181,0.5494998148009007,0.0,0.6776519078304004,0.7529766734230694,0.42405086236474887,0.9160410684204131,0.5962294228766187,0.5659664687797136,0.5944633872136498,0.568986132960221,0.8606294572213435,0.704931159986051,0.6171801517049396,0.834186153162682,0.6208072420428808,0.6005195650094015,0.6619445633974615,0.6009205959830732,0.6484539515928073,0.2962120013930585,0.7216588409463749,0.7146731296791682,0.6407778331864686,0.720665922773202,0.5484428089613863,0.7938265111750649,0.7938791645157288,0.7447391538604726,0.6100300397487471,0.7646117623554856,0.791271113573633,0.8116922488656539,0.6637817517914071,0.448686519410229,0.843537258829701,0.31248268464701795,0.7605306178999874,0.44995058284933087,0.6704446180760273,0.5429255089233078,0.26051374310750264,0.5467842381613519,0.4497282725659362,0.7344281011839676,0.609651396822039,0.4331272002207368,0.6676232114713629,0.8374108266915998,0.7475073737744318,0.7278312873050048,0.6436691984129479,0.6241486184014136,0.34364635737948257,0.852463870597336,0.5733279908231916,0.5636251699448381,0.4964648661365908,0.0,0.5148647611057636,0.5002468372670097,0.5236604496690318,0.4111654723802789,0.5205035228324275,0.6575227713124814,0.5807370387867934,0.45877138987464156,0.42674915802335067,0.6750408219621112,0.7380880288811547,0.8564926639694811,0.4559182546020675,0.7364082385714528
0.4072389608662338,0.919089794468806,0.7669335196593775,0.7097481366999743,0.6850443011029819,0.6776519078304004,0.0,0.7947194789426036,0.7613838106608957,0.7114319244227028,0.8000668015763368,0.40709048835499895,0.9352156388256461,0.6511108817932341,0.4912786527162397,0.8081343666755444,0.49558016729671545,0.8148485631751621,0.773261101546445,0.8290594066282775,0.3650671339074851,0.747017447407021,0.7626354964085373,0.4543148683068391,0.9148811610083525,0.8994052354605984,0.6742067932761093,1.0434143371978877,0.6246962999712113,0.7145555123389298,0.8562349387471446,0.7160850637855606,0.4360807419828212,0.9911598763253917,0.7344335025019326,0.8594206361309005,0.2968121556207206,0.6834236147189914,0.5973783855079023,0.4304888553744625,0.5213617859412458,0.5324338194535478,0.5659926684098763,0.8108220048267174,0.32639043431100745,0.0,0.5039438815195167,0.4046135210711884,0.0,0.534633655252962,0.5901161672363173,0.574644822919794,0.5239537963404324,0.5835233946201127,0.5448800672437126,0.5312791911406838,0.4332939449345997,0.4762791508948121,0.3653260989757488,0.3741517641549855,0.5617288943861263,0.0,0.5301447271024892,0.5697552808689996,0.548554065138408,0.5084580321505651,0.5101492032031965,1.0402987457596051,0.4743294237498322,0.5593567152697008,0.5329359908909304,0.549505802470709,0.5360662771153804,0.40799714314853963,0.6737965000907995,0.5172495845472211
0.825522729057842,0.7098735631457267,0.9445129114341818,0.5654158239091709,0.5839927376069549,0.7529766734230694,0.7947194789426036,0.0,0.8205832149203001,0.8787463477919847,0.8154283632743249,0.5691514776930202,0.850468510267339,0.9617237127032892,1.076942974809139,0.7055081637748208,0.4383151989185551,0.767728672549289,0.707938302721085,0.7274915137864412,0.8476494173642277,0.7310175410693986,0.7372741025469176,0.6596046109498028,0.8009150156748777,0.7372116452256459,0.7196929300258984,0.7995398552162385,0.5832831144831325,0.6719211793278479,0.9158699659613609,0.8015338261288782,0.6509458590802353,0.894524915498196,0.6112712360329788,0.9881997774034947,0.5658270795384777,0.5848067953029649,0.7305452547356459,0.4523788919673834,0.5235325986217836,0.7449887313587988,0.4574144816108261,0.4707946620564102,0.0,0.8854023227418291,0.8164789660984799,0.7149071759885959,0.0,0.49406629444043537,0.5004676463595958,0.5308123881250508,0.7329072426241434,0.6876744196197814,0.7922718467089314,0.731235394551744,0.8812488301751612,0.5687641646145778,0.7204229760356368,0.9131376324387102,0.3735814188414225,0.0,0.7115203344641036,0.6413618595514992,0.973704690224253,0.9474584623639937,0.6988230314906896,0.7827243789661168,0.0,0.5268088591944302,0.9682440705577566,0.8300405199741805,0.6885298463444625,0.8354029208833236,0.8028679215805561,0.625879393595099
0.38157177644974144,0.6808259438978452,0.4706005891111006,0.5775369123187863,0.6033406738307163,0.42405086236474887,0.7613838106608957,0.8205832149203001,0.0,0.8680253395743769,0.5923112275769373,0.35739372407167025,0.7740169718025279,0.6989774765404969,0.6447917242149402,0.9012975967609425,0.4905795189661721,0.599337044517276,0.2191472768881776,0.8354536795931381,0.36451731223558914,0.8937262328746378,0.6425979116126946,0.4876073359126448,1.011562092945793,0.8616191461462839,0.39705728499669507,0.7924835695900948,0.5572224434201646,0.745482372690365,0.794880214130637,0.8398690544914942,0.49177876399241416,0.8676925316593178,0.769215421766396,0.7419314149348405,0.6770480605703403,0.7960011017086198,0.5433856330023428,0.5523479529862529,0.42749058069278256,0.3119243712822817,0.5794578770791292,0.4638059668258385,0.3175505559418859,0.0,0.45353794541385817,0.7151037222502131,0.4738986255468088,0.6881080544622973,0.7081040725274909,0.6087417380691483,0.7405705428201644,0.7613646581956202,0.271415125298935,0.8212956484674777,0.4531712821047864,0.5093090184336431,0.619625602899408,0.38726672542938356,0.6255119773089295,0.0,0.0,0.6692753067139294,0.5768207243909137,0.6331623243811073,0.5201640639896435,0.7332628116801068,0.3286119252920322,0.5434682728086868,0.2455025367404297,0.6753382885959947,0.4973677404628293,0.5487011265744015,0.4884966363610248,0.6130258427444466
0.7314551913656895,0.42975300889710744,1.023239377710565,0.37509208368007907,0.8584917280154034,0.9160410684204131,0.7114319244227028,0.8787463477919847,0.8680253395743769,0.0,0.9289031397198286,0.7078459919496358,0.7628930224175473,0.13232130925528535,0.5113539786654435,0.43894784285823285,0.5341575183176821,0.05944142057162427,0.9077348985590642,0.907316955724442,0.48582822663101605,0.5715602394915954,0.9185170062301337,0.744284897093621,0.5531892370685796,0.6027048864881464,0.851268702543155,0.9586270992399817,0.38112964534782345,1.0553941898658477,0.9815104681656373,0.5179821831732141,0.8363178924608777,0.7889846043334953,0.4595427144779893,0.07822326239418936,0.019217158601156636,0.683869156704991,0.2586172379994549,0.6917822993824709,0.6147689977360353,0.21135077024782958,0.30556387237695426,0.3248821309483695,0.7300174576318162,0.533397749136233,0.5124709657571823,0.2221968014529866,0.46590487404066083,0.3836585029781616,0.4462727850334338,0.4400711680726769,0.5587491126375151,0.28885987387339873,0.5614293830665438,0.423830263643609,0.5748550312527727,0.5027352654475293,0.0,0.8569153711711455,0.3634490482235149,0.42156039798788864,0.4694801707393027,0.4645018716981898,0.47947603239996206,0.5305233140557968,0.369705119277169,0.5839808647403435,0.42041627569525697,0.5308592461352684,0.5024829673768549,0.5405372824725503,0.8340423039840527,0.46153455877307636,0.0,0.8416958887631394
0.38606275576005905,0.29695012862388015,0.8437280485644084,0.3640770106739623,0.4922601909001681,0.5962294228766187,0.8000668015763368,0.8154283632743249,0.5923112275769373,0.9289031397198286,0.0,1.0463235516920575,0.8037021276021358,0.6457077895315668,0.0,0.48092509014300955,0.5295042137193812,0.5490273376876664,0.5956158547420035,0.5096926783389069,1.0657885970881051,0.3743245065114258,0.6302275942060478,0.5085839704112514,0.6297043558410558,0.654037953318152,0.6649018784688213,0.8142903657350559,0.40657728020130374,0.478431180020569,0.770277325212363,0.7901430880143054,0.4252840123051057,0.883549066535918,0.7522362884875653,0.8185318616947217,0.8628265392678047,0.7846946850353536,0.40831067710582925,0.380372162534534,0.4870814036553085,0.4905324608647156,0.5386446202266895,0.5661256432349718,0.2292774711174092,0.0,0.0,0.7413279150300895,0.4699474862518055,0.656153057959562,0.653951852464177,0.4504374097435031,0.6005510249860784,0.6773932158267383,0.5549256145903436,0.3268972334156376,0.4338881007782634,0.6512820350761759,0.804761642047251,0.0,0.0,0.0,0.0,0.19817775379203673,0.4083105724067949,0.0,0.7369790032075234,0.7488321743332496,0.0,0.0,0.9903281922036795,0.8358754665228499,0.4780004553054654,0.3741322541186816,0.0,0.5453245557508163
0.7628865437052899,0.47353251807697155,0.5820182602784159,0.4006245072959252,0.574544559501657,0.5659664687797136,0.40709048835499895,0.5691514776930202,0.35739372407167025,0.7078459919496358,1.0463235516920575,0.0,0.9982905106454858,0.5913862020361849,0.32615077558861416,0.6793918278071959,0.7302613501840705,0.7119530191957464,0.5427304861998306,0.4752050842240284,0.4219220351974948,0.3354417010793858,0.3497105986248069,0.5696145979473459,0.6289904187239537,0.5215589724979237,0.5356899614935982,0.999089340077725,0.5709772988197387,0.9079248466054354,1.0592960301738206,0.38334411321556555,0.8210025343955379,0.9308681847020743,0.5311473810426937,0.433030829224034,0.38566350476916705,0.4279170584848414,0.5288781850238962,0.6004704715150382,0.587783980733135,0.3608214799235257,0.3666678885022293,0.37567001362917374,0.555852186584082,0.40840989484855056,0.5387792695602271,0.26321602910468594,0.2016255864684607,0.23963106709754028,0.3381412958682035,0.47876331804494093,0.24190937958979325,0.39244772972304043,0.5650084486272096,0.26015005020046544,0.6198018877252701,0.9769215641117406,0.6551993040645725,0.6089209075777153,0.5415137462862707,0.4527848970936542,0.5208358623635644,0.3512463053523076,0.6986978668362953,0.7207362874356746,0.4002650687608825,0.48236505878332936,0.40239603351953285,0.5544361489426893,0.555823424092415,0.33338076718053744,0.9536242686982472,0.521513283212147,0.0,0.8579891894740684
0.44545861160627487,0.9101945426036453,0.8474553226108722,0.47745791204271293,0.8679513265241884,0.5944633872136498,0.9352156388256461,0.850468510267339,0.7740169718025279,0.7628930224175473,0.8037021276021358,0.9982905106454858,0.0,0.6638965324415174,0.5087407138187097,0.797176230176948,0.44098600819641215,0.8609159650414825,0.7661020364175333,0.8114591681642112,0.48795660145127007,0.7147133476926861,0.7619135826107879,0.3670273458330109,0.9352522647049917,0.8977209864737553,0.7672696370567765,0.7308341979938766,0.6015772424166428,0.7558521841018978,0.7349269182212572,0.6007802114383282,0.6195923618678403,0.8387463665258287,0.5949297635007265,0.6682889088947198,0.6633099663878346,0.6626671125107181,0.43278139819130945,0.4649637489516244,0.22877688093627196,0.48805213250659385,0.5824687792368433,0.4391029085808716,0.405980223127702,0.5990370650968411,0.5606829654742506,1.0356114167739934,0.0,0.6339713584391866,0.5977720475341342,0.5346698740386553,0.8178833613915376,0.5992650729019326,0.4855082745674627,0.49610734247746424,0.11717625036823437,0.5513550540913446,0.4394954901015603,0.4532772792724908,0.5457950555459367,0.3818585284512579,0.5079746745898391,0.5738718128736413,0.42975533492989815,0.5579133929002047,0.48042903509840906,0.8308692685298211,0.47635327887710055,0.4533738047858705,0.47110802712216354,0.8335410677158179,0.5547557786322884,0.5167363100473692,0.5169485111594154,0.4801676371475652
0.7362260497591161,0.5997620918074005,0.8968077497880365,0.47006410326148196,0.5505575874800647,0.568986132960221,0.6511108817932341,0.9617237127032892,0.6989774765404969,0.13232130925528535,0.6457077895315668,0.5913862020361849,0.6638965324415174,0.0,0.8017726030009641,0.6598390721130374,0.4509128818566241,0.4680224881442455,0.6220639451619029,0.3767694647500686,0.8827706477873372,0.26864816089439414,0.7843558963190533,0.5864091979959627,0.5299672167829232,0.7399770712774769,0.7837182008724047,0.6529019479740295,0.353141456917176,0.9675694838032848,0.9529433402866749,0.47475826891481393,0.21887409648942505,1.1800836124532084,0.3982402201983062,0.6089126277123379,0.3152629535242759,0.4081369337140891,0.7203172482105292,0.0,0.6723605311077079,0.7740932610645248,0.5252066921017133,0.4699264084722451,0.0,0.0,0.0,0.5358799490061232,0.0,0.4448010383882627,0.46878795997234124,0.5138177939451206,0.6133166871574602,0.3029583821036495,0.0,0.7079410669722205,0.3568830409725051,0.7517735005516597,0.45796853995908005,0.0,0.0,0.0,0.0,0.5105882089634065,0.0,0.0,0.0,0.8116726061972234,0.0,0.0,0.0,0.4843854813827262,0.7785026220701629,0.0,0.0,0.0
0.5571365936896786,0.6484347970451594,0.3649144876559549,0.5444341559015198,0.4786460266736473,0.8606294572213435,0.4912786527162397,1.076942974809139,0.6447917242149402,0.5113539786654435,0.0,0.32615077558861416,0.5087407138187097,0.8017726030009641,0.0,0.7441582366456588,0.4458494387533898,0.7292749412842388,0.0,0.7227941428340883,0.8826529594902551,0.681214960939945,0.7742924184428426,0.258370228803421,0.5394555977187995,0.6153617885971041,0.7217696828480858,1.046049179202035,0.7591192407687929,0.4333326648043812,0.8048141561936628,0.646843209841582,0.8668957278618075,0.7531532000657604,0.8156945440010488,0.9107243815422388,0.38263595835753006,0.34322657497144726,0.710744959655202,0.8678666533515487,0.9004428849184436,0.7710955788054121,1.129716302432485,0.5924351166181876,0.0,0.9644716978125093,0.9305054313660501,0.3986936346413713,0.0,0.0,0.53325518873655,0.6200379877779684,1.0024079981354554,0.4941807242412043,0.0,0.0,0.6529534385746978,0.5623970265021389,0.46818693211391393,0.7827786434956818,0.5992229896458582,0.6226178115732821,0.6782719840705177,0.0,0.9342247433241988,0.8377349663213617,0.9923481027199903,0.9498685789156602,0.438426880756438,0.5585874627410545,0.8495483934614603,0.8423036896984886,0.4855792451969,0.7504117246360558,0.551049299387307,0.49446944261275644
0.6993780551247588,0.6043177341366406,1.029702695185615,0.05671092580333071,0.5011130233227198,0.704931159986051,0.8081343666755444,0.7055081637748208,0.9012975967609425,0.43894784285823285,0.48092509014300955,0.6793918278071959,0.797176230176948,0.6598390721130374,0.7441582366456588,0.0,0.3928875038589489,0.598044283857651,0.5132379690245152,0.7503589786277873,0.7726845464154573,0.5673837134291474,0.5561903228325121,0.7731091350386576,0.4876868010699329,0.5984150680553613,0.6975647694840073,0.8710022453977758,0.815121235354564,0.9022924021024422,0.6721139076188825,0.4698072535682164,0.45286132331237244,0.2574549491153657,0.39647601668352966,0.6523128076688026,0.4545131277165405,0.5599172779507267,0.714716643737146,0.6230678775292617,0.6155276424029672,0.5977430951711815,0.4689639602333205,0.0,0.0,0.7950956449888673,0.6648026519939838,0.0,0.0,0.0,0.5332606041409653,0.5579201992058266,0.8822003506856761,0.0,0.6568478270665125,0.0,0.5609091870029851,0.5913174826371366,0.0,0.8201333516630396,0.6662865967874729,0.612293171927859,0.8287586741575527,0.0,0.5375612166623355,0.617975955865204,0.5060531116469763,0.5866386195867934,0.9360511631189209,0.8294987403098513,0.7449996263065278,0.5561570777019254,0.5213303552188959,0.5919470269036026,0.0,0.4361826816654905
0.38359522746871394,0.5552763935829146,0.6816075051230858,0.5612206521758039,0.5213803331545734,0.6171801517049396,0.49558016729671545,0.4383151989185551,0.4905795189661721,0.5341575183176821,0.5295042137193812,0.7302613501840705,0.44098600819641215,0.4509128818566241,0.4458494387533898,0.3928875038589489,0.0,0.42090673822999985,0.6855365688092161,0.6364406693110474,0.5387087262462387,0.6813395748720656,0.4491086579617656,0.6549544588247866,0.5171119109080822,0.49174674895542714,0.6596398058053283,0.6113981472726703,0.3322746113840225,0.5211843202107818,0.40315697848214793,0.6878348723532279,0.5648842395215076,0.45828320038279147,0.48400351984903056,0.5888057680485167,0.2426501313005094,0.44936480558566955,0.5288571152448065,0.35041393453162234,0.5095374652955352,0.5722685834890138,0.0,0.0,0.4756541411171611,0.608794630586599,-0.15928383391508055,0.0,0.0,0.0,0.0,0.0,0.0,0.0,0.5588832111679958,0.0,0.5621970317415512,0.33045068205315387,0.0,0.7236125109510239,-0.04691355943589243,0.6418550932158942,0.19306577328447486,0.0,0.0,0.0,0.5732032641181672,0.0,0.5970177831158304,0.5146352596759018,0.5552756210468793,0.0,0.30366209826868407,0.4719528380484098,0.0,0.6676841772146473
0.6408463437982681,0.5852352636959697,0.5657183796250083,0.4666165600057395,0.4094299223446083,0.834186153162682,0.8148485631751621,0.767728672549289,0.599337044517276,0.05944142057162427,0.5490273376876664,0.7119530191957464,0.8609159650414825,0.4680224881442455,0.7292749412842388,0.598044283857651,0.42090673822999985,0.0,0.536301449471838,0.734309771709217,0.7602606275941486,0.5557008135338652,1.0791324024136406,0.6542294373952087,0.602180252625641,0.5483145714324407,0.8387491030105891,0.8648507111721888,0.7452717506205504,0.7674453625150441,0.2843985332466462,0.6236332890063543,0.6766694269658441,0.45663447802633583,0.4031104399093911,0.6339882990522687,0.27370033774887176,0.2995737305045411,0.861368306219924,0.621001475280295,0.6307162357219802,0.7430946383219388,0.0,0.0,0.5039514412816752,0.8372006923376138,0.6099359468086065,0.0,0.0,0.0,0.5703960528049307,0.55680703491177,0.9098583376138489,0.0,0.8594251752430566,0.0,0.8189755957540459,0.5496752816094415,0.0,0.5685870632312301,0.6547053888968526,0.8896558418272633,0.6782692650702487,0.0,0.4573301423331036,0.5542010677861874,0.3045587624507743,0.7298511987496881,0.7072266280676023,0.7268810035833556,0.8276305719109467,0.4789096470319055,0.6426523929054531,0.5610934178350039,0.0,0.9064895949236204
0.0,0.5381268338198534,0.6506305692844462,-0.0721871170616632,0.6305035140129862,0.6208072420428808,0.773261101546445,0.707938302721085,0.2191472768881776,0.9077348985590642,0.5956158547420035,0.5427304861998306,0.7661020364175333,0.6220639451619029,0.0,0.5132379690245152,0.6855365688092161,0.536301449471838,0.0,0.4775514789344599,0.43103406242568265,0.6190217345486332,0.5858996364803631,0.4629947051981909,0.5622210075599743,0.5536960859658253,0.5292576941900476,0.829615425920772,0.6054894913731621,0.5729901998466675,0.7811192134892369,0.7567692892468723,0.4676372364610348,0.8118141530623939,0.8344136769343584,0.7523179315080677,0.7517821953715663,0.4326629054668707,-0.09040800701976492,0.38546359564306004,0.3377662058491296,0.2925026361803753,0.6191554687208833,0.3466733160774921,0.42104147400392966,0.0,0.0,0.8069867572820257,0.0,0.3421933748929761,0.5304563244490044,0.47290786821056247,0.7798252242050039,0.662875667635809,0.9697028206436379,0.8367565759280644,0.5120733077153895,0.4400586413440105,0.9778495453366196,0.0,0.0,0.0,0.0,0.8223451801603432,0.474820614186675,0.0,0.4306787946353674,0.708209687966592,0.0,0.0,0.0,0.7788754891694458,0.5638865633389979,0.4915938661713658,0.486650571968107,0.514705256508736
0.7886103798690238,0.6282906278410336,0.4795886971518147,0.5816209040730809,0.3889011401973957,0.6005195650094015,0.8290594066282775,0.7274915137864412,0.8354536795931381,0.907316955724442,0.5096926783389069,0.4752050842240284,0.8114591681642112,0.3767694647500686,0.7227941428340883,0.7503589786277873,0.6364406693110474,0.734309771709217,0.4775514789344599,0.0,0.8103068261114037,0.6719210053099067,0.5572617710809123,0.48975318354915987,0.62339079466767,0.6647104037275762,0.6880750962573234,0.6401908752112887,0.4214374166268381,0.5479944205524052,0.8147584974426363,0.682796592221675,0.6913064838648755,0.8140216993456482,0.897156627761099,1.0848099377153297,0.9413066536341385,0.7025237567646301,0.7742063718027135,0.78987917362923,0.8839734182383412,0.6316472349900301,0.48407179290923275,0.2223694584281224,0.22929726113174667,0.48601673781120747,0.5143332881380591,0.45459014368833855,0.0,0.0,0.4843282257138576,0.48486998332529085,0.8395966963986269,0.41954159209191866,0.8923437532425993,0.0,1.0995789465854893,0.5110738998704342,0.0,0.7481705505217128,0.4751850094915162,0.4669765456702705,0.5214655806318319,0.0,0.7366646056177907,0.702197515082776,0.8178381724136088,0.7751912363113005,0.0,0.5025840835079789,0.6936346676355849,0.7220711259215411,0.8105296303543683,0.7040526998083143,0.4195164384162481,0.7035772824986001
0.479835021564324,0.6986451663502398,0.38495897471308593,0.33454567404037944,0.5055134074400907,0.6619445633974615,0.3650671339074851,0.8476494173642277,0.36451731223558914,0.48582822663101605,1.0657885970881051,0.4219220351974948,0.48795660145127007,0.8827706477873372,0.8826529594902551,0.7726845464154573,0.5387087262462387,0.7602606275941486,0.43103406242568265,0.8103068261114037,0.0,0.7365332927338786,0.764544578569986,0.5320863528494567,0.6934578503114093,0.8371753442785976,0.7193234503992582,0.42423934335154756,0.7534742833776096,0.4478481161240534,0.48464604583116316,0.4969062093662895,0.4376911147592336,0.5789819110787396,0.5910019700235161,0.6961394673336367,0.3155325921884035,0.5518403621716339,0.8370888157217317,0.7760274640755747,0.8526605057096771,0.8044660227519773,0.5574323226849678,0.0,0.0,0.8442512831225916,0.8862823328650138,0.5994592642667875,0.0,0.0,0.7866714411765361,0.4121981142750031,0.7864302012258803,0.5226531079593981,0.5591092017590794,0.0,0.7096910992496696,0.5096763492464672,0.0,0.8072458339651221,0.8301311751128524,0.0,0.4843496834730536,0.0,0.7639898295533751,0.8928570575496261,0.8394217432610966,0.8387000804087874,0.7845342386806275,0.45684860873189226,0.8858433561491529,0.7651491918505318,0.877344544265654,0.9393256936313186,0.3965508094137331,0.39692800788920096
0.5612645727539693,0.5794511381318603,0.9992620129970979,0.8593628325751468,0.7299571079767169,0.6009205959830732,0.747017447407021,0.7310175410693986,0.8937262328746378,0.5715602394915954,0.3743245065114258,0.3354417010793858,0.7147133476926861,0.26864816089439414,0.681214960939945,0.5673837134291474,0.6813395748720656,0.5557008135338652,0.6190217345486332,0.6719210053099067,0.7365332927338786,0.0,0.8946786901605052,0.45469148321342967,0.6936732721098499,0.5670064158999834,0.6874274271930951,0.8889912541381971,0.5272584030090609,0.8631070160762668,0.6831853396361214,0.6458392539585829,0.6037649752922297,0.7496822454900498,0.8608827243333586,0.8188183481941034,0.9671264545852629,0.4816461335331232,0.8243063685054954,0.8657797295737788,0.8539175288523413,0.8383944934089451,0.9765995708751684,0.3302357795953591,0.25480992726303087,0.751915495557062,0.7353217753315279,0.4846448464457949,0.47193414515723536,0.2612493090900364,0.5692501270537278,0.6552197429151043,0.6096815291051386,0.5544405758119255,0.4630664387672947,0.0,0.46297192161216627,0.5308558406526289,0.0,0.8628294510911414,0.550196674598535,0.4311867043924059,0.5909618386215437,0.0,0.6964373237838875,0.7925333451349912,0.7930466400491176,0.8161036648948117,0.6791298133355528,0.6327789989131849,0.7588996580749807,0.8329973655788947,0.4673679788069721,0.8510174189223952,0.5597994595539237,0.606856266081748
0.7359476851487584,0.46174626846637645,0.7670792328599106,0.6191170194156659,0.32884857844643345,0.6484539515928073,0.7626354964085373,0.7372741025469176,0.6425979116126946,0.9185170062301337,0.6302275942060478,0.3497105986248069,0.7619135826107879,0.7843558963190533,0.7742924184428426,0.5561903228325121,0.4491086579617656,1.0791324024136406,0.5858996364803631,0.5572617710809123,0.764544578569986,0.8946786901605052,0.0,0.6486159836774071,0.6026226247287354,0.6672796686254068,0.4136342428360493,0.6332382241230374,0.5651808108761506,0.579263619154981,0.8122834045738887,0.6895945698924727,0.7756618178435284,0.7745923452644732,0.6453264456179539,0.8436896524857971,0.6733389358307178,0.3533589981602574,0.749023271872787,0.7994361957186452,0.7679796648126224,0.7281556276458554,0.7404135523677051,0.5254588889236211,0.5708645243528341,0.7010313726629629,0.9963773538093583,0.8240391836842611,0.41833076529653146,0.6032105506708807,0.5822041492427323,0.6378511568279508,0.6561217167997592,0.7119628354286197,0.5238317590146648,0.8952706515539013,0.3146945557798513,0.6629107038802762,0.9165800821643143,0.8405409362740672,0.5403623775029154,0.4794760323999615,0.5783655623346708,0.8920283436689952,0.8399831819438065,0.761489475509326,0.8695070546130024,0.7425423620372258,0.21970459720738397,0.43724764790062953,0.8137402309524147,0.612101878545576,0.6668578432916352,0.7611837704888181,0.7201946242595424,0.7109544519108102
0.660294571517454,0.3755951032966143,0.4228197596041292,0.2190326881148656,0.5134246968094431,0.2962120013930585,0.4543148683068391,0.6596046109498028,0.4876073359126448,0.744284897093621,0.5085839704112514,0.5696145979473459,0.3670273458330109,0.5864091979959627,0.258370228803421,0.7731091350386576,0.6549544588247866,0.6542294373952087,0.4629947051981909,0.48975318354915987,0.5320863528494567,0.45469148321342967,0.6486159836774071,0.0,0.6233098791810745,0.47334061416830664,0.2850883024496158,0.8623490692172653,0.510067054089227,0.7896968008155876,0.9799100698456003,0.6287435767163405,0.8053874341983513,0.4667284224857956,0.7636970988190359,0.23104407412467537,0.3302114275316333,0.49750309210378685,0.5521173896172286,0.7558079365243757,0.5211749263688106,0.7841317503919085,0.5201632474588809,0.40305356389477426,0.5543326596113749,0.8678321772712154,0.24331380850448864,0.0,0.0,0.4591160946302554,0.5632306174555377,0.29255334282856216,0.0,0.07031352635184818,0.6601531633226077,0.5518707706231257,0.6021127134647757,0.8578904421483908,0.0,0.20507114887168182,0.2526427095494422,0.3915472922007307,0.5638985045106107,0.48777262104764413,0.2922506832202473,0.3825839653705445,0.1698040740582345,0.8347811345694416,0.4265329047848445,0.5698408501662606,0.6918049362807706,0.504081341876589,1.0470779250391333,0.6510433665175138,0.0,0.6914446692661731
0.5578915010113406,0.5795320614465624,0.8211063995988237,0.8377125701192383,0.3972630795418517,0.7216588409463749,0.9148811610083525,0.8009150156748777,1.011562092945793,0.5531892370685796,0.6297043558410558,0.6289904187239537,0.9352522647049917,0.5299672167829232,0.5394555977187995,0.4876868010699329,0.5171119109080822,0.602180252625641,0.5622210075599743,0.62339079466767,0.6934578503114093,0.6936732721098499,0.6026226247287354,0.6233098791810745,0.0,0.43104754116769844,0.6510404582872817,0.8873782684230989,0.7466092891101921,0.3704317273757768,0.49613139286352503,0.47208570543234507,0.7735459378751943,0.4915891774397132,0.4374402714863507,0.446106045586081,0.5411485515382487,0.645683377038694,0.9354647913413738,0.8331478355588096,0.7011762686100779,0.8751557096567699,0.11059112985383796,0.0,0.4431839132114699,0.9582332257365336,0.7985603796806965,0.0,0.0,0.0,0.5244190683336102,0.5364236330398044,0.6577609883471647,0.3564390524854528,0.7405559534681363,0.5008361251321582,0.7214737392650623,0.3993890841448059,0.0,0.5241181323690154,0.7331510698308492,0.6368236112300889,0.8233990150503294,0.0,0.639971139605392,0.4924391354365711,0.5195196301125063,0.4517416019771331,0.7412455478176008,0.842532624672915,0.8599696468521785,0.44272884410570496,0.6606015997474479,0.48186803914907783,0.0,0.8985677431360415
0.7514648279051093,0.3874962543165874,0.36044127920986063,0.5345355824747007,0.39348494454199134,0.7146731296791682,0.8994052354605984,0.7372116452256459,0.8616191461462839,0.6027048864881464,0.654037953318152,0.5215589724979237,0.8977209864737553,0.7399770712774769,0.6153617885971041,0.5984150680553613,0.49174674895542714,0.5483145714324407,0.5536960859658253,0.6647104037275762,0.8371753442785976,0.5670064158999834,0.6672796686254068,0.47334061416830664,0.43104754116769844,0.0,0.7332687699229805,0.9506488521407666,0.817341268507547,0.8290575252874651,0.5665393974979784,0.6578349724352501,0.7325642645300177,0.5372684408168258,0.5698634830243549,0.515261603166276,0.3914757320991493,0.6612454703113446,0.8404985626121808,0.766508583885071,0.6389368985049719,0.5860295650177275,0.2600020030085928,0.5210133009794704,0.5275918711924911,0.9166466298599831,0.8985676653699229,0.5526843644087982,0.0,0.028297923561041476,0.5565395299576734,0.595368293265355,0.5487375634601226,0.40568347054142057,0.6258703797770473,0.0,0.6699730930171934,0.6008099045648312,0.0,0.8831844408002714,0.7374492505759291,0.4324798629362256,0.5866207709986104,0.0,0.6841211863718561,0.9168489576427769,0.7477094165063505,0.7457833972839616,0.6323751943069601,0.7265827910374287,0.8152079001377432,0.693086941533652,0.8796266829913642,0.5844335922735224,0.4683263150203345,0.7873063984258952
0.6928455142258241,0.6331474619047381,0.4996825728171528,0.5234262004683965,0.5988020543474603,0.6407778331864686,0.6742067932761093,0.7196929300258984,0.39705728499669507,0.851268702543155,0.6649018784688213,0.5356899614935982,0.7672696370567765,0.7837182008724047,0.7217696828480858,0.6975647694840073,0.6596398058053283,0.8387491030105891,0.5292576941900476,0.6880750962573234,0.7193234503992582,0.6874274271930951,0.4136342428360493,0.2850883024496158,0.6510404582872817,0.7332687699229805,0.0,0.7499145964213529,0.6272645691436223,0.7104164601793367,0.8377469768277732,0.7055117742495445,0.7013389802139997,0.7952490973405968,0.8052539180743704,0.6899508837856494,0.6834453474069957,0.49229186504021527,0.7431011690966434,0.7020262281898758,0.7650851086036651,0.6871577320773912,0.7833606781357842,0.5875655217475934,0.3782183705391676,0.40336177374855264,0.41532345473075544,0.7884971505597327,0.5241199057557042,0.5320515697301398,0.5585128795642306,0.5292163152038662,0.56364350521479,0.6208718861048068,0.6095376630576592,0.8825821143113836,0.33841402749678423,0.656801243091878,0.6443856260121091,0.7336688790432249,0.4914494342683994,0.0,0.5669419182075255,0.5924404796086999,0.7326914499002668,0.7509046311961478,0.7558716439034663,0.6206768905936031,0.0,0.3838718901348461,0.8450534739182785,0.6850790526648828,0.7287335638014208,0.7079803008146379,0.6610490252053747,0.6847704259849577
0.6732285631274317,0.9426617748935906,0.8241212072446054,0.38961114018677,0.832457252777505,0.720665922773202,1.0434143371978877,0.7995398552162385,0.7924835695900948,0.9586270992399817,0.8142903657350559,0.999089340077725,0.7308341979938766,0.6529019479740295,1.046049179202035,0.8710022453977758,0.6113981472726703,0.8648507111721888,0.829615425920772,0.6401908752112887,0.42423934335154756,0.8889912541381971,0.6332382241230374,0.8623490692172653,0.8873782684230989,0.9506488521407666,0.7499145964213529,0.0,0.7256139950671954,0.7616045390622007,0.8549685235742222,0.5072083931969231,0.8525915325236298,0.9107780730030127,0.8418556351528902,0.49044276694576844,0.408288354938681,0.6877611640467026,0.8892430661257181,0.33282655672084727,0.2620467660435113,0.2972954289633467,0.5555371395903624,0.40221794476780115,0.5983689825711392,0.6144959250452295,0.4998230963397266,0.5316074470175122,0.0,0.6474085452378542,0.7643385906029405,0.5415431968540088,0.7827396394306801,0.5295496137756828,0.5588979952931385,0.522628034685586,0.40720520810739846,0.5169741069800861,0.3705210154592057,0.47797091641000844,0.38844276386523935,0.17662933242221734,0.46636720289418,0.6202743358442664,0.5101376426186615,0.548506002768211,0.4429577432835582,0.817547978305819,0.5123894599445432,0.5041237264757261,0.38385985425894986,0.8010911350676359,0.8133901865756478,0.52877318806288,0.5016160594205307,0.8555241190967806
0.7435982923878641,0.6579928154211068,0.7409792259605557,0.4257778343948092,0.6170002594243416,0.5484428089613863,0.6246962999712113,0.5832831144831325,0.5572224434201646,0.38112964534782345,0.40657728020130374,0.5709772988197387,0.6015772424166428,0.353141456917176,0.7591192407687929,0.815121235354564,0.3322746113840225,0.7452717506205504,0.6054894913731621,0.4214374166268381,0.7534742833776096,0.5272584030090609,0.5651808108761506,0.510067054089227,0.7466092891101921,0.817341268507547,0.6272645691436223,0.7256139950671954,0.0,0.8064713674545796,0.9581366412972891,0.5600335961999703,0.7233890930061813,0.9221834741336958,0.6655743973732997,0.6087283165678967,0.5511662988428425,0.5848618627941569,0.7463464795514687,0.9047660744172322,0.7878577728445075,0.6803325089573364,0.3873565571360244,0.48401086598914267,0.5686906330556307,0.43135824950886564,0.4830795080460498,0.48951091363675947,0.3965776340668916,0.38782081234881544,0.6718620972930336,0.5033460000606564,0.7290114376577488,0.4142590698260932,0.6675739351230107,0.4164000056625985,0.5205184165190776,0.5221981702876519,0.7578877020617258,0.7909548395087237,0.5536317612182908,0.46913549247547104,0.5074043697868349,0.5050487730633504,0.7964867384574413,0.8050189152915601,0.8360163116860175,0.7293883632856291,0.48136621269046403,0.5364108341538998,0.49531549185972634,0.7146964792777689,0.7924454929363214,0.6608191340830197,0.44795949483349407,0.804824057732526
0.594741095760729,0.4434579506363227,0.8013786018546463,0.441672521121403,0.7262077064514758,0.7938265111750649,0.7145555123389298,0.6719211793278479,0.745482372690365,1.0553941898658477,0.478431180020569,0.9079248466054354,0.7558521841018978,0.9675694838032848,0.4333326648043812,0.9022924021024422,0.5211843202107818,0.7674453625150441,0.5729901998466675,0.5479944205524052,0.4478481161240534,0.8631070160762668,0.579263619154981,0.7896968008155876,0.3704317273757768,0.8290575252874651,0.7104164601793367,0.7616045390622007,0.8064713674545796,0.0,0.9969051853789912,0.5712470925555997,0.4197041890342128,1.0127949957861577,0.5441340708172173,0.520825174826814,0.1136376293779687,0.7409584229992798,0.7599559138113012,0.4731880544469551,0.4828651979809052,0.7036143649076856,0.577492289649568,0.10296205938002556,0.0,0.0,0.0,0.21593055131762967,0.0,0.0,0.814324968784893,0.5559327635252644,1.2423264814867965,0.5850675632220533,0.6076065318586511,0.0,0.03393306982541073,0.4269996258386155,0.0,0.4285002795468418,0.0,0.0,0.9120066848198569,0.9107139034040255,0.5159992536207464,0.5194154920624845,0.5241959262787814,0.7620752942559945,0.0,0.3486254191471587,0.4780952491057145,0.7026032964957584,0.5626642845484702,0.5026542433808915,0.4336689523692753,0.3749509523961854
