0.0,0.05619308492540587,-0.0012108575479548578,0.0,0.00040662835235422135,0.11996231989230605,-0.0006440416004598881,0.0710950409124097,-0.000307818759680889,0.11343522159038577,-0.0006777530056503167,0.10029949022168572,0.0010329215152202198,-0.0031765342307873423,0.09883227714575216,0.05637776963254271,0.0037495348264274253,0.0798735752924204,0.0,0.09754825547023421,0.05764603031711729,0.043204840996706795,0.10059807707642598,0.09198831030242832,0.09433045923657596,0.07354571603151189,0.11029200094971181,0.10468837132634479,0.097469458243712,0.0003824560749457473,0.08537241868491302,0.05925064617009662,0.05085145740792618,0.06395229738631286,0.04326125516779872,-0.00021024296940858056,0.0005245229690254982,-0.003312520329836477,0.025974082038317747,0.03980634048488402,0.024025252858919932,0.0014355106747995228,1.35522749447059e-05,0.0,0.00011040329296435614,0.07626277813014098,0.051613818752289375,0.0,0.0,0.0,-0.002166847671718819,1.1102230246251565e-16,-0.0003835394466051856,0.0,0.0014324622812478816,0.0,0.0012671977492504372,0.0004410442744339771,0.0,0.00028641055083900024,0.045341813261721375,-0.001180715516705566,0.0604490188328749,0.0,-0.0013580402068969488,0.017685492510708,0.019407204097630915,0.002425056667540726,0.11352888033148434,0.07129092256547864,0.05745463038383991,0.00031833576757389626,-0.00027868299729882917,0.0010207315565525787,0.0,-0.0008143002125845511
0.05619308492540587,0.0,0.0020528325466582786,-0.00017388198108236885,0.07307892973043051,0.09068170795704839,0.09441602099973917,0.07321209937318796,0.05804107644061074,0.0012368924384870694,-0.00015037495759157027,-0.0018981203390023849,0.10796547452488242,-0.0006085754666158572,0.07206098271457012,0.06927438637965133,0.0018445464857538285,0.07600969841976457,0.0013125959288048383,0.07100665703869108,0.0457596026763491,0.05959394690779474,0.07500228274889165,0.001483309694605972,0.05721886782751823,0.04217312704483195,0.06569220357550787,0.09363652571662062,0.08775278358569949,-0.0010546931529485937,0.03691430038364679,0.02700266560125314,0.0379043964300112,0.028955655236201028,0.02148160213689959,0.10965795022556629,-0.0002708034876804932,0.0,0.005984625044983316,0.011307743192274622,0.004191443079586965,0.020284752716429433,0.0003890103535686973,0.0,2.220446049250313e-16,0.03715203709681336,0.020140191001530083,2.4212935665846036e-05,0.0,0.0,0.018849448181175343,0.0013139823823359875,0.0002928605261393047,0.0003842110543702537,0.0014339969379246198,0.0,-4.576452874971437e-05,0.0035896966001709996,0.0,0.023042028158792194,-0.0033285014153710546,0.0028727712301270247,0.026651997125450466,0.0,0.010363967961438236,0.029643243629255245,0.0014037976030671362,0.0015944615089852343,0.06243926191092031,0.029966481740818784,0.0307139678732129,0.015991237679037873,0.0003394265646188832,0.01097110797514228,-1.1102230246251565e-16,0.023323061403252243
-0.0012108575479548578,0.0020528325466582786,0.0,-0.0021735332314072875,0.06704539053206066,0.09192499221923373,0.06528203327128812,0.09720716527106477,0.07950828550795352,-0.0033510098739674143,0.08395277219643749,-0.0012282987853451388,0.057421854414496876,0.056658924660092314,-0.0003952786720746726,-0.0004769249876827586,-0.0007708229887950502,-0.0012548926264498994,0.07983725142573533,-0.0007662525786979457,-0.0043234423886664985,0.0028610284362204363,0.10992035694713209,-0.0012674805995650518,-0.0010122803483051945,-0.001811922081869921,0.11506958926161936,0.05124101539494025,-0.0019373770756831443,0.0014438714710844902,0.037864477172766975,0.033065964333785614,0.0002630640847687826,0.053486269652990526,0.0015330890286096577,0.036821048345014484,0.0012801772772530473,-0.0020121434174874553,0.03782792118379519,-2.775565003942937e-07,-0.0003816313248010683,-0.00015255489294430102,0.062649604946452,0.002782923736451115,0.0,0.0,-0.0003074953686922899,0.07160215967775813,3.0438771770890938e-06,0.001813071762434837,0.10718487617844896,-0.0023051834709735264,0.08056412206283037,0.08747894502055731,0.00020473070584586806,0.13503964219257025,-0.0012916169993197335,-0.004125169438943033,0.03842469347900179,-0.00035990110956374277,0.0,0.0,0.0,0.23579906489158964,-0.0002962650507905562,-0.0007408117666739544,-0.0005173946262727602,0.06826499975268441,0.0,0.00013117170800541755,-0.0010619157505999954,0.08314540353827549,-0.0039451458827897135,0.0012508047497337138,0.0004605324551636425,-0.005914851844137203
0.0,-0.00017388198108236885,-0.0021735332314072875,0.0,0.08850275702899052,0.05586517761148996,0.0449805159436244,0.0895469264278092,0.057891739884064486,0.16757816892754313,0.050400052915605564,0.0945494064137099,0.09734436479692038,0.025773853182719686,0.03627953184198629,0.00016780082104533856,-0.00020675376262352385,1.3860870081650045e-05,0.06639887802969552,0.040800772405843344,0.0005537946800023286,0.03402047828955712,0.055994079554491705,-0.0024636151304159304,0.0005209935731868565,0.004244595814651364,0.032462810917898655,0.08617137149655868,0.010146025051734064,-0.0005885436762190221,0.09340832917434749,0.047272526883032795,-0.016387994376684867,0.0514972741240049,0.011482626172452715,0.022611016966999353,0.054739030624518625,0.0845665069410132,-0.003357997421250314,-0.0006011224778421087,-0.00040607020392402493,-0.001943995227497164,-0.002686837489244698,-0.0014170957045692156,0.0,0.0,0.0,-0.0008090964571207393,0.0,0.0,0.00046731877606431826,2.220446049250313e-16,-3.172244689103598e-05,-0.00022942254829416697,5.551115123125783e-17,-0.001038275811906908,-0.0010826341676654638,-0.0003611615136135393,0.0,0.0,0.0,0.0,0.0,0.0,0.0,0.0,-2.7969657101889478e-05,-0.0004437554828742307,0.0,0.0,0.0,0.0008234104919510044,0.001736916162667801,-0.0001416499718324693,0.0,0.0
0.00040662835235422135,0.07307892973043051,0.06704539053206066,0.08850275702899052,0.0,0.06390853472389807,0.04275654706208876,0.036884867916026465,0.06740489531255084,0.04807990025474179,0.05341277299127367,0.010612579660353838,0.06781633677307553,0.016447568298622928,-0.0005629407678225395,0.09325812763498509,5.3772748352387545e-05,-0.0026767913402966914,0.064137783309346,0.06305102043765798,-0.002381933127660385,0.08678632305766804,0.05600977833029802,0.02825932309183332,-0.0033808742337354536,-0.005502727990688516,0.05854082635221386,0.07556410886391907,0.06700389381370614,0.0006563883162391537,0.04743817113414106,0.05387101923814064,0.0836101364704196,0.048631983532473666,0.04724630525839951,0.07549290066988346,0.07008940563449456,0.0031896911795663563,0.010082781086784398,0.0007812055253285655,0.002078616453969284,-0.08066478065261024,0.0570197382943049,0.0023463254884419915,-0.0005099294254519715,1.1102230246251565e-16,-0.00021819738549205825,0.004057504390802769,0.0,0.004678458471308045,0.005087669716507981,-0.0006658780306703083,0.073163772126769,-0.00013951439921588982,5.551115123125783e-17,0.052669995686656146,-0.0006824706778705836,0.0026464925851322763,-0.0011438990055335774,-0.0002701061844117558,-2.357831102278718e-05,0.0,-5.551115123125783e-17,0.0031441402463479595,-0.0003398148475156071,0.00017913114957746057,-6.2379101545329e-05,0.03849942771449366,0.0,-8.898796518275187e-06,0.0005884881889116067,0.09481576707533546,0.0022769676809291095,-0.0025896591316612594,1.1102230246251565e-16,-0.0016490340383406021
0.11996231989230605,0.09068170795704839,0.09192499221923373,0.05586517761148996,0.06390853472389807,0.0,0.0724826926509301,0.07006771971987863,0.0580341639422991,0.05633935168384463,0.0330681613811013,0.041552558758056635,0.08241750457469921,0.026318176099558,0.07664201668875137,0.08932491327270392,0.0011631198305741552,0.08908661838808102,0.07552488838093763,0.06976159086276279,0.08397906662782312,0.10656472249813648,0.0894101109722053,0.0220746712962962,0.08520447662138353,0.08183066574430958,0.08137282327297829,0.07504737384919191,0.06975908308811657,0.05232689939415541,0.051585391106277134,0.048417468093602534,0.04798372493867081,0.057555049579519235,0.050838546505176274,0.04369347806106583,0.04239627743615848,0.04043488898582287,0.04014486322413191,-0.001596089866636674,0.0436886056913951,0.07539897576892596,0.01199719241138325,-0.0006334586719602409,-0.001812425122442618,0.001168673194546277,0.0011335747969662968,0.07025562256743445,-0.000526521149365522,-0.0015503924262201263,0.03961065252491869,0.04262782264497056,0.0753085553822408,0.07220593281349075,0.00233366641989019,0.02740623855063873,-0.0012582739168898738,0.040818084663244214,-0.001355608361329086,0.03605836344662677,0.0021880756684248825,0.0,-0.00011718984660386011,0.014453001325925086,0.04000436684538111,0.08842657366994605,0.04356087299016509,0.05280254280869057,1.940178731807407e-05,-0.0005396273212532887,0.08581475340252698,0.0490844364541394,0.04042668633871538,0.038508977296738744,0.0416423142178316,0.02125391040260971
-0.0006440416004598881,0.09441602099973917,0.06528203327128812,0.0449805159436244,0.04275654706208876,0.0724826926509301,0.0,0.05767906835745157,0.07299058875815556,0.03678040827074375,0.07083733930433406,0.01666775593584291,0.06653672803928928,0.05919733303476715,0.00011948109931531059,0.08135281191391003,-0.0017317001718489267,0.09759742713592706,0.07607692076799422,0.0696112479090264,0.1139752283014826,0.09796690210367398,0.06969424753140485,0.006716641565154058,-0.0005314959262799346,-0.0024291971060946826,0.06079473246484923,0.042310845835976274,0.07763630767468299,0.06460062814730849,0.049957684891595744,0.04675913528250031,0.06300367498202714,0.06133067790982588,0.047169460314911704,0.046515747583704525,0.03327438776910613,0.02721429344626647,0.006245009538558444,-0.0008693307441591247,0.010019669193070124,-0.00042365271497873946,0.0017927797750527663,0.0029485821376621923,-0.0009837581085836988,0.0,0.0024678220663338912,-0.002745551659776968,0.0,0.00021823113366203906,-0.0003673994726235419,0.0029727760011001303,-0.0005834870408678583,0.0014458131754222503,0.0003775818175625334,-0.0010041356652889522,8.039023346201324e-05,0.0005651431821975805,-0.0015149505180862555,-0.0011481967223542777,0.0010710909455146633,0.0,-1.9028444263602395e-06,-0.0017082161936108342,0.0009967067016906084,0.0002084148694574406,0.0013726154510584343,0.054763200343849516,-4.276046180579085e-05,0.0006317752530531906,0.0010228054380653773,0.06345252206978569,0.0020823940219514836,-0.0007910159256487859,0.0012754060106262566,-2.397061968362202e-06
0.0710950409124097,0.07321209937318796,0.09720716527106477,0.0895469264278092,0.036884867916026465,0.07006771971987863,0.05767906835745157,0.0,0.06345719271180511,-0.0015391970464829208,0.017348828505938385,0.006243002706432577,0.06231149254644919,-0.0044744532367336776,-0.0025485420688062255,0.0021912356070623584,-0.00013647486270496056,0.09574253472520583,0.057244197423739374,0.07691836898825699,0.0595576821392782,-0.0025428312407713705,0.07441118649984924,0.09591959342669354,0.07995370103907706,0.08505390431730281,0.09254547858302764,0.07666334280628423,0.10689380547761762,-0.0015293934684986188,0.06684480071238696,0.026799490690234684,0.08296884147553174,0.079816543845874,-0.0027047369877801763,-0.029933493860051202,0.009296748519735998,0.0021368938843901453,0.03179275334284559,0.09100246990777511,0.054349099970575465,0.01376618529459761,0.023258617925602965,-0.0014939984190532885,0.0,0.000183230300910886,-0.0005108201509737009,0.07984206827052498,0.0,-0.0017750108073353865,0.04576721082215729,0.0359642298817186,0.047570948195064355,0.08052589432430812,0.0005388164876218293,-0.009560387792752811,0.000169167315111185,0.0325376442365774,-0.0018638944051374007,0.046695566270577415,-2.9570919138188767e-05,0.0,-6.164815563186599e-05,0.06294711069803738,0.026286313890937996,0.033537706911869025,-0.002171359924612426,0.03302865398333016,-5.551115123125783e-17,-0.00028739718573267403,-0.002495535872635457,0.06586718676069342,0.048414029836259365,0.05240175728334018,0.0002500618759014306,-0.003945056271638048
-0.000307818759680889,0.05804107644061074,0.07950828550795352,0.057891739884064486,0.06740489531255084,0.0580341639422991,0.07299058875815556,0.06345719271180511,0.0,0.058955972264867706,0.07201645131001844,0.02942327095551689,0.06362922698964174,0.04489838002283353,-0.0012270452514384078,0.00048116411352833177,-0.0019940310348735,0.0014193361376376168,0.08299768144150649,0.03419443722413035,0.13073217656709607,0.06082191780205598,0.07829978169836865,0.05474757638251776,0.003495406182084493,0.0025729104887847187,0.06379521141260541,0.056795985264118554,0.055565399412569716,0.026640215452179927,0.060160692456972586,0.03243449511795443,0.05214566559654393,0.05701750172999964,0.049263788012333276,0.04644714834540925,0.03697634224065993,0.03517953871899887,0.04539650689059149,0.0005080459918305191,0.000822702763627059,-0.00493349664040138,0.042306929530983695,-0.003651211909749652,-0.0018988312637951421,-5.551115123125783e-17,0.0009809719511453263,0.04327085954435339,-1.4622928682928027e-06,0.003630974749467719,0.011623544252802431,0.0012691604692659508,0.05874444551560065,0.0021035021437352253,-0.0019351667843415243,0.028118957808994982,-0.001314415140389713,-0.00019443996028145616,0.02095225563827008,0.00028769086349361706,0.0006699824641037133,0.0,0.0,0.045343847849970476,0.021940365563856257,0.0007550280795997066,0.0006806557784542755,0.04244137049951502,-9.754408573092732e-05,0.00012153524531643978,-0.000905043271791417,0.02815501990700353,0.0004180412921528376,-0.0014454427742365272,-4.968498673563193e-05,0.0032246271779052815
0.11343522159038577,0.0012368924384870694,-0.0033510098739674143,0.16757816892754313,0.04807990025474179,0.05633935168384463,0.03678040827074375,-0.0015391970464829208,0.058955972264867706,0.0,0.04634399273135953,0.030194411709715263,0.04394415874265062,0.0651039417303747,-0.0008376469249850027,0.06729234165576659,0.04442170166890741,0.0648860409452709,0.03452939603317373,0.029245000478993144,0.0017716711865433665,0.0012843994491711919,0.039652343282625235,0.07433519195933946,0.06514535572283814,0.07876953918026136,0.040127526582931505,0.03595797455655564,0.0445069754764737,0.0005170231275520853,0.03947781193156308,-0.019334766861556385,0.03535118116101221,0.002212789088664291,-0.010944245815225906,0.045932078691420186,0.03449303005137788,0.01254330409481108,-0.039345695607837794,0.03670692706543921,0.01965767180514061,-0.06569355828661089,0.16081339502366881,-0.0017948826487729774,0.016789259023727354,0.0025883043121723293,0.00036166605574600164,-0.0007604308343225341,-8.303101479423258e-06,0.00039651776249333137,0.0021455846695922487,0.0006467256887537354,2.8815718974395388e-05,-0.0017430758409153202,0.084026233088903,-0.0001670568225876634,0.07203023115619517,0.003053304293317738,0.0,0.0007908971858621161,0.0018275620635418988,0.06010029254998139,0.04908906621885478,2.729272966905949e-06,-4.4343789031231484e-05,0.0007709240228100933,-0.0014919372868779646,-0.0011354995539852863,0.06728769828373182,0.04201649538421387,0.07044914168040917,8.294368773609229e-05,0.047696200712639136,-0.0009412539352388616,-5.551115123125783e-17,0.024562634002489148
-0.0006777530056503167,-0.00015037495759157027,0.08395277219643749,0.050400052915605564,0.05341277299127367,0.0330681613811013,0.07083733930433406,0.017348828505938385,0.07201645131001844,0.04634399273135953,0.0,0.023666404190166856,0.053901589913897596,0.023329551108541013,0.0,0.00010078944495506281,-0.0007766876615724616,-0.0004808657436206065,0.08932282637671396,-4.891700865422566e-05,0.0264688853417418,4.5069627265248435e-06,0.0534801334219277,0.04315926630801026,-0.00046730312870019164,0.000332113825590008,0.07840917459066304,0.05938627124476803,-0.0004373875574510411,0.00037311404405909743,0.04760183740508778,-0.019245934692707134,0.0854276033315573,0.04966437418423164,0.05887449184371868,0.01785835894246901,0.06173223191045041,0.03561502986443982,-0.10766932842749377,0.0009256384545174856,-0.0010477433448769502,-0.0012263799957283328,0.009826211958585185,3.63620247587626e-05,-0.0006842226462638323,0.0,1.1102230246251565e-16,0.12021427481032027,-2.831551754178818e-07,0.00010309000008457136,-0.006104721045622652,0.0014738921233993785,0.04067604938839914,0.09668847861314833,-0.0008441209552109696,-0.06668994916693818,-0.0017633957699832448,-0.0012676827088087816,0.02866958727055008,5.551115123125783e-17,0.0,0.0,0.0,-0.12350939656816123,-0.0005675687036210686,0.0,-6.701297363864711e-05,0.03012982370454964,5.551115123125783e-17,0.0,-4.135567791646588e-05,0.042418005939065195,-0.0011386184090616536,-0.0014055167465178986,0.0,-0.000105099638417816
0.10029949022168572,-0.0018981203390023849,-0.0012282987853451388,0.0945494064137099,0.010612579660353838,0.041552558758056635,0.01666775593584291,0.006243002706432577,0.02942327095551689,0.030194411709715263,0.023666404190166856,0.0,0.01380297583447937,0.002357685000581089,-0.000322645839018032,0.0011444276985743684,-0.03125597180333589,-0.009251557950309297,0.03948356639645578,-0.02928059837173469,0.002212547690369049,0.053941826348372135,0.03755505152550387,0.02781409683834507,0.04021803231179699,0.04405240032237845,0.033912540853348994,-0.006997669601223944,0.0027848641486276082,-0.0013920614096840644,-0.015917573864720425,0.0066493220571601785,0.011035032176098414,-0.03919797562007024,-0.02528446112967564,0.009617457742350566,0.02865207694668953,-0.007488760532430583,-0.0009427149639117394,0.02117590508604994,-0.048032342328416466,-0.040854529243948834,-0.0004464773876047823,0.0008481979659653027,-0.03962561511576407,0.0009706232712971552,0.001330037141036633,-0.0006992395734286561,-0.0006728500173656948,-7.024324945315019e-06,-0.0001276207824084663,-2.0681068145733672e-05,-0.00018533889147570592,-0.00029056514510200637,0.06844679790890923,-0.0013982809972300503,0.06964779446667585,-0.0013506654678552832,0.00034319270105265254,0.00012052011616092706,0.001532452035787224,0.05298155497080198,0.044724926770054796,-0.00026145124832666067,0.0004927356623612433,0.0012668772601645562,-3.695675992826386e-05,0.0014804591449339433,0.043996711532685695,0.035050886268818915,0.0751247882757562,-0.0010447726498137855,0.004977756794739441,-0.0007439343418468858,0.0,0.023987679307998833
0.0010329215152202198,0.10796547452488242,0.057421854414496876,0.09734436479692038,0.06781633677307553,0.08241750457469921,0.06653672803928928,0.06231149254644919,0.06362922698964174,0.04394415874265062,0.053901589913897596,0.01380297583447937,0.0,0.04676830907587903,0.0711063510079587,0.08754990824359332,0.036673187447498035,0.0585261263770781,0.0619632918236519,0.06912521037086888,0.09766733382831222,0.10213969314466675,0.07094069141780612,0.01337242479947065,0.06302572404801293,0.04291760440144332,0.061946996649975716,0.0640114940692687,0.08002743052074007,0.07370897167022611,0.06283228353266984,0.05524187776141459,0.035829623740747385,0.05446544561463884,0.05834250192886026,0.06919726225804423,0.05796539045681742,0.03700862680080008,0.02029877757607862,-0.012586091226957752,-0.0726802432051562,-0.05214764937580385,0.0020690919470711666,-0.005204981163430766,0.005163474836190285,0.000599822664098415,0.0033585066727137014,-0.0021079587368381114,0.0,-0.0003171733241770225,0.05520215297223452,0.0007921355486799619,0.10224716337597589,-0.0005893824522622548,0.0010344091713958559,-0.002688107263202233,-0.0003910764142361356,0.0026608832441459285,-0.0006954140401202458,-0.0010286898831933233,0.0010016839551592605,-0.0003292705271357166,0.0018329656542804273,-0.0045008413963625316,0.03671637670440159,0.0014366780825761927,0.0012939546661306922,0.05905061354086916,0.0003952767412889746,0.0011365047261859829,0.0032842292979912147,0.06314789423820832,0.00034770517639337584,0.05307568254728057,0.0010082402267779234,0.002985672157128527
-0.0031765342307873423,-0.0006085754666158572,0.056658924660092314,0.025773853182719686,0.016447568298622928,0.026318176099558,0.05919733303476715,-0.0044744532367336776,0.04489838002283353,0.0651039417303747,0.023329551108541013,0.002357685000581089,0.04676830907587903,0.0,0.0002559005774140366,-0.0004985689116008829,3.804783448901894e-05,8.889190737904062e-05,0.03783558118742214,-0.00037375933583577714,0.03619845915400827,-0.000541357712293189,0.03558688550803596,0.0011511127023668966,-8.769471194675083e-05,0.0648117869597789,0.05028501393185686,0.005216359898022105,0.000880483185416725,-0.0003359975140627136,0.029055065334402275,-0.03520417070201384,-0.0017037168638683875,-0.001796138544224113,-0.00452835264903384,-0.004346338374164843,0.030914731674294815,-0.00043146806911720237,0.0060059517756249625,0.0,0.0006832786174705285,0.0008734936526272885,0.0022807768231546954,8.150618201474558e-07,0.0,0.0,0.0,0.055371569085422234,0.0,-0.004051754537578833,-0.001100896149541175,-0.0014589000369708005,0.09174316997308696,0.002372796144498701,0.0,0.010222796790475885,-0.0001278428020121125,0.0017345882074680241,-0.0026740726027693618,1.1102230246251565e-16,0.0,0.0,0.0,-0.003397124967192189,0.0,-1.1102230246251565e-16,0.0,0.040383899399844936,0.0,0.0,5.551115123125783e-17,0.05143331222261188,0.00013280112826968837,1.1102230246251565e-16,0.0,5.551115123125783e-17
0.09883227714575216,0.07206098271457012,-0.0003952786720746726,0.03627953184198629,-0.0005629407678225395,0.07664201668875137,0.00011948109931531059,-0.0025485420688062255,-0.0012270452514384078,-0.0008376469249850027,0.0,-0.000322645839018032,0.0711063510079587,0.0002559005774140366,0.0,0.06191069740080174,-0.000356236624260986,0.051429332265646166,-1.1102230246251565e-16,0.06269241605571457,0.08244799245396173,0.07514573426237442,0.07579049315816522,0.11178432866639443,0.04163534669712032,0.10233468570456022,0.0705378686837132,0.06088708729760023,0.045284151748720414,-0.0012758034500267024,0.06712557899475297,0.06179884862313928,0.07683184277619537,0.0692153219511012,0.05988475460979298,0.05700959116548021,0.05629871871770986,0.00010791760824552243,0.0378280645930823,0.039903909302986706,0.0275827710182433,0.02537054268122585,0.002015047911394341,0.0004818523795426799,0.0,0.06419636649138794,0.040348680398651304,0.0004468437998757513,0.0,0.0,0.046277741967219566,0.0016759766448062319,0.0016611436461809181,0.00041243019551601146,-5.551115123125783e-17,0.0,0.0003888551710541921,0.0022894601278706794,4.64163749258617e-06,0.04477615425511822,0.0022896135372210136,0.00013163520106429516,0.003210270382741298,0.0,0.0436122448812547,0.055051156636072296,0.04180403454513043,0.03474905993900418,-2.1613341144255394e-05,0.05175428219783362,0.0393803590028412,0.04581670998894832,0.052751285258889,0.04184109972698036,-0.0001339291729038905,0.0527531705452739
0.05637776963254271,0.06927438637965133,-0.0004769249876827586,0.00016780082104533856,0.09325812763498509,0.08932491327270392,0.08135281191391003,0.0021912356070623584,0.00048116411352833177,0.06729234165576659,0.00010078944495506281,0.0011444276985743684,0.08754990824359332,-0.0004985689116008829,0.06191069740080174,0.0,0.05156872057739309,0.05102798347111731,-0.00016257362358784722,0.06721914190961825,0.04506504047076704,0.06824388417058996,0.05457245282925671,0.04424889310109831,0.0862014041249416,0.07175874669599702,0.05975710480867574,0.07353743954833392,0.07710019413337449,0.000202412208862357,0.05513383256309412,0.036749710812865766,0.06726911845775291,0.052031423293839196,0.04394618457574889,0.00042852671013177135,-0.0004676952391902689,0.001666843893979697,0.01192044934435621,0.0373834680329706,0.005575400687299059,0.002834391260425506,-6.052341140705408e-06,0.0,0.0,0.045154818600446955,0.026384372874870332,0.0,0.0,0.0,0.001033935707507705,0.0005811637867530473,0.0007436710286154447,0.0,-0.0022158391551933,0.0,-0.002528377586573094,0.0016332080775389723,0.0,0.015628320329429846,0.01341465569549899,0.00021133782382820598,0.02612743766460962,0.0,0.0018032641568392904,0.001145021412338909,0.005251558354464947,0.0007744397603188236,-0.0006511951081102363,0.0327872191826904,0.03976068800902288,0.002338873296646282,0.003871518083784997,0.0056212211030545745,-1.1102230246251565e-16,0.001748630998202827
0.0037495348264274253,0.0018445464857538285,-0.0007708229887950502,-0.00020675376262352385,5.3772748352387545e-05,0.0011631198305741552,-0.0017317001718489267,-0.00013647486270496056,-0.0019940310348735,0.04442170166890741,-0.0007766876615724616,-0.03125597180333589,0.036673187447498035,3.804783448901894e-05,-0.000356236624260986,0.05156872057739309,0.0,0.04732292613293815,-0.0006783041870566109,0.0406304792552854,-0.0015782863376609946,0.06678134531593155,-0.00016624488772581936,0.08110626815011013,0.03797351835591517,0.07218430036792145,0.00015665012343824003,0.037443800533502714,0.12261821341162105,-0.0005219042092937665,0.04563106050737148,0.0188441205007972,0.041005770981113354,0.013154062657853738,0.010901780451010312,0.01404554241800432,-0.00032900759528403656,0.007190429048359759,0.002453839054039564,-0.009788298463694056,0.00611052265452855,0.000837888649115992,-5.551115123125783e-17,0.0,0.00012789825952413958,0.000674048338952904,0.0005014926874465919,0.0,0.0,0.0,0.0,0.0,0.0,0.0,0.03332430465612707,0.0,0.03304752031357444,-0.0007301774657136884,0.0,0.00029988937379882286,0.001498563555623278,0.026013620050882813,0.01551153119335602,0.0,1.1102230246251565e-16,0.0,8.417131351468043e-06,0.0,0.0572676930492696,0.013662896053167173,0.049346349083402796,0.0,-0.001809203461276665,-3.64748479730892e-05,0.0,0.005025173960427121
0.0798735752924204,0.07600969841976457,-0.0012548926264498994,1.3860870081650045e-05,-0.0026767913402966914,0.08908661838808102,0.09759742713592706,0.09574253472520583,0.0014193361376376168,0.0648860409452709,-0.0004808657436206065,-0.009251557950309297,0.0585261263770781,8.889190737904062e-05,0.051429332265646166,0.05102798347111731,0.04732292613293815,0.0,-0.0012094192543193327,0.06345187958546006,0.06314829472190686,0.07852613419608206,0.04568737580582044,0.08938418097618994,0.07980506268833704,0.09130846021013089,0.06097373513552801,0.052865270657302565,0.08621704653869322,-0.001315836820552585,0.07695081379315222,0.05696110171673213,0.06878633812061369,0.06004086314151069,0.05109362762674008,-0.0017084969247437298,-0.000438382808598925,0.016239968228856372,0.02491865225497175,0.020712058912829734,0.026886777378109905,0.0198490033934281,0.0,0.0,0.001803586343801511,0.05950051879237117,0.04287876654746753,0.0,0.0,0.0,-0.0007638705159607739,1.5369097993156444e-06,-0.00026094948745719604,0.0,0.03491190813173162,0.0,0.03911296603954012,-0.00034942390263104084,0.0,0.00039575754796333795,0.0250667840843824,0.01272833430110254,0.024718842014315567,0.0,0.0008933725596791398,0.03760742237955905,0.0007678998422903649,0.0019915130926805302,0.06555274678132517,0.03473766900612213,0.05113746866572916,0.0003538013754517122,0.0016467706024846374,-0.001149565321095114,0.0,-0.002030216273014862
0.0,0.0013125959288048383,0.07983725142573533,0.06639887802969552,0.064137783309346,0.07552488838093763,0.07607692076799422,0.057244197423739374,0.08299768144150649,0.03452939603317373,0.08932282637671396,0.03948356639645578,0.0619632918236519,0.03783558118742214,-1.1102230246251565e-16,-0.00016257362358784722,-0.0006783041870566109,-0.0012094192543193327,0.0,0.00042717275044473757,-0.0003994013669278429,0.0011579420536178553,0.04722372040157502,-0.0002536556675507562,-0.00105301333908564,-0.0007508514314139569,0.08780405553301357,0.057571695286572966,0.0003638657976398063,0.000985634909480615,0.055075280956022266,0.047895224457170094,0.000582142853245815,0.06848615750065729,0.06503909964594068,0.058157902597318734,0.041098345612061604,-0.004508918210810009,0.007031271826545282,-1.3916934879343312e-05,0.001809405269220965,-0.002976523738855763,0.02077168762446563,-0.0018921100029781202,-0.00016100008125052856,0.0,0.0,0.07602828087833552,-5.551115123125783e-17,0.004175129684015011,-0.0020257971599459967,-0.0019536353287408215,0.06325581158226667,0.08222037046600628,-3.354494371970995e-05,0.08486964283299864,1.3826953032813893e-05,-0.004034665315812425,0.051865694140416696,2.220446049250313e-16,0.0,0.0,0.0,0.005926128887312365,-3.1397776870834004e-05,0.0,9.699914649780039e-05,0.03765789963712607,0.0,0.0,-5.551115123125783e-17,0.07309033196812798,-0.0006551832118586454,-0.001536234057990915,-0.00010824566485079234,0.0009672597973408026
0.09754825547023421,0.07100665703869108,-0.0007662525786979457,0.040800772405843344,0.06305102043765798,0.06976159086276279,0.0696112479090264,0.07691836898825699,0.03419443722413035,0.029245000478993144,-4.891700865422566e-05,-0.02928059837173469,0.06912521037086888,-0.00037375933583577714,0.06269241605571457,0.06721914190961825,0.0406304792552854,0.06345187958546006,0.00042717275044473757,0.0,0.07037155080255825,0.052957300544796804,0.011135715751971975,0.004705043568077161,0.06803331178627015,0.0801825546797516,0.03315957238616629,0.0668412189707227,0.05322743761756937,0.08620394655250468,0.04520894423542082,0.049510878605445674,0.08488583422102541,0.04620552791177429,0.042842881384937526,0.02782344872919129,0.036160935506907244,0.004833652460172644,0.03362303007476736,-0.0035655089083371228,-0.0022352205661153035,-0.003830357379395466,0.0028926871300851142,-0.0016659363141707795,-0.0005030270372605727,-0.0016213470922485929,0.0015747513870910668,-0.0009304985672180521,0.0,0.0,0.06757406634212748,0.002487831232662052,0.002761693783962904,-0.0012373149868116218,0.0006543303937821543,1.1102230246251565e-16,8.642919658563564e-05,0.001944510344938588,-1.1102230246251565e-16,0.008260452443897504,0.006343624860614683,9.627968549974497e-06,0.002911332944678491,0.0,0.015619804726056341,0.03739131903877796,0.016368798137854357,0.04568911849130419,0.0,0.002467987779668279,0.03512886376922225,0.054165679984929604,0.0579534300727273,0.02999191641459914,-0.0004639074147262945,-0.0032411476996943023
0.05764603031711729,0.0457596026763491,-0.0043234423886664985,0.0005537946800023286,-0.002381933127660385,0.08397906662782312,0.1139752283014826,0.0595576821392782,0.13073217656709607,0.0017716711865433665,0.0264688853417418,0.002212547690369049,0.09766733382831222,0.03619845915400827,0.08244799245396173,0.04506504047076704,-0.0015782863376609946,0.06314829472190686,-0.0003994013669278429,0.07037155080255825,0.0,0.07651473386235597,0.0970581925071412,0.11030070804017977,0.10002807914905654,0.06906745442964679,0.10509483532027825,0.1035724802678753,0.06448882883937834,-0.0032842411978741826,0.056802253558417004,0.045302597854991966,0.05129237401895753,0.027425494956499152,0.017116065228860278,-0.0008105647186949505,-0.0009685752510286694,-0.0016636507135511236,0.04143904801094428,0.07855699046282871,0.045388732311050284,0.025401615951850087,0.002080612552726513,0.0,0.0,0.11383948741315125,0.049172657700185474,0.0015221316202939095,0.0,0.0,0.0679460955776443,-0.0003801574519601836,0.12183149418027661,-0.0008868085320192787,-0.00043353007513707853,0.0,0.0010228919738789477,0.04950177317789556,5.551115123125783e-17,0.026971219051700523,0.015756776582309617,0.0,0.00043394578838579223,0.0,0.03674134273021762,0.1208509449107284,0.04168945660285117,0.06346231585178219,0.0012666246532370695,0.09326736732616409,0.07024923072236183,0.06525380582049761,0.0460859321654859,0.05914273688385513,-0.002149937760537124,0.029891338658195543
0.043204840996706795,0.05959394690779474,0.0028610284362204363,0.03402047828955712,0.08678632305766804,0.10656472249813648,0.09796690210367398,-0.0025428312407713705,0.06082191780205598,0.0012843994491711919,4.5069627265248435e-06,0.053941826348372135,0.10213969314466675,-0.000541357712293189,0.07514573426237442,0.06824388417058996,0.06678134531593155,0.07852613419608206,0.0011579420536178553,0.052957300544796804,0.07651473386235597,0.0,0.04347157593618339,0.004815738017994231,0.06281758396674925,0.06445369554080871,0.0686008027073049,0.09670096524852057,0.0958064229298965,0.0034388489645459375,0.04985830419058318,0.06474319347194252,0.07462514206364512,0.055327389839058494,0.04764646686824231,0.048076494525023494,0.04674455397131644,0.004047213488189982,0.031327114544425105,0.028441999067922497,0.010703146999225255,0.02144893162082978,0.002775523988068962,-6.562333347642779e-05,-0.00036518091566489774,0.05436290265627003,0.032735775167150205,0.0006996840322729403,-2.552379550491146e-06,-0.00014315057460229097,0.03698356598092123,0.002080544790760419,0.0010031904410719439,0.0015467900015343483,-0.0007148933578183803,0.0,0.0004950890297389376,0.0021326742423559697,0.0,0.016997366065573116,0.0006398128242681711,-0.000630588460445336,0.0027522669087520213,0.0,0.02440372390503559,0.027687714764804472,0.029201261685558366,0.020097390521256087,0.024799545501122566,0.023963875987815464,0.03994035538063434,0.028464976644578366,0.0049004178484688965,0.03566705915714813,0.0007171629295096849,0.018727590491039003
0.10059807707642598,0.07500228274889165,0.10992035694713209,0.055994079554491705,0.05600977833029802,0.0894101109722053,0.06969424753140485,0.07441118649984924,0.07829978169836865,0.039652343282625235,0.0534801334219277,0.03755505152550387,0.07094069141780612,0.03558688550803596,0.07579049315816522,0.05457245282925671,-0.00016624488772581936,0.04568737580582044,0.04722372040157502,0.011135715751971975,0.0970581925071412,0.04347157593618339,0.0,0.10612041783707721,0.08361608156799555,0.10514014900501817,0.11075314194628189,0.07438936599220519,0.0746034737610175,0.06083156479957097,0.0450029107101958,0.05839291776621963,0.052913712731098184,0.05151945887147763,0.04938065879410419,0.03797374990753333,0.054690347971433295,0.05467505139694517,0.0552060385685289,0.05189334441121829,0.05403886964708737,0.056473283541708774,0.0475706718285967,0.0015136958462676486,-0.00025590350870707823,-0.00032329722088952906,0.03490986294966536,0.10811194105275601,0.00014760547835346305,0.004327102365178748,0.06065253783536173,0.05976194939626711,0.09479512700175635,0.08188044950475348,0.001807867240637917,0.06138982254713515,-0.0025745860741738236,0.05682086125568142,0.023576746362181322,0.0411184041400009,0.004344037398523126,-2.34210982894556e-05,0.00022434132399790085,0.10655239618534185,0.0486350762163244,0.10143713470137133,0.045622240840055506,0.0777940705076825,-0.0005401104131120271,0.006337534170415937,0.07077133942004632,0.07279264553672771,0.06189563498035289,0.05786352423082042,0.05976649337694606,0.0669197708751289
0.09198831030242832,0.001483309694605972,-0.0012674805995650518,-0.0024636151304159304,0.02825932309183332,0.0220746712962962,0.006716641565154058,0.09591959342669354,0.05474757638251776,0.07433519195933946,0.04315926630801026,0.02781409683834507,0.01337242479947065,0.0011511127023668966,0.11178432866639443,0.04424889310109831,0.08110626815011013,0.08938418097618994,-0.0002536556675507562,0.004705043568077161,0.11030070804017977,0.004815738017994231,0.10612041783707721,0.0,0.1210410694070822,0.07691839240610171,0.10579552230874711,-0.019686861487164975,0.03265003135126632,0.0005890218041128548,-0.015034969512025709,-0.04320141595855126,-0.0072642513401181275,-0.031684978308465284,-0.04043258361580615,-0.02107798926334925,-0.0077299106348159285,-0.005757046513318542,-0.1130129415028373,0.03657925532159656,-0.019446752978766635,-0.15401164001516954,0.001153668206443581,-0.00031435275407887264,-0.006657327384985756,0.0749770692703634,0.07853671900044251,0.0,-5.551115123125783e-17,9.250904744606547e-05,0.00025313507760998943,-7.026452947606066e-05,-1.6653345369377348e-16,-0.0005506497298236046,0.11589141777099776,-3.450510462521539e-05,0.09264613026378682,-0.0009400010031642703,0.0,-2.072812162490223e-05,0.0018184332034150708,0.07230204397840023,0.059163293290029284,-1.127339128276228e-05,0.00025556958922690054,0.0005695225645604429,-0.001902376917647608,0.0007685485960411409,0.10879533651342987,0.06853750731355712,0.07914874320353388,0.0008239685678534947,0.003784470074002344,-0.00048729741257658166,0.0,0.06382667012492554
0.09433045923657596,0.05721886782751823,-0.0010122803483051945,0.0005209935731868565,-0.0033808742337354536,0.08520447662138353,-0.0005314959262799346,0.07995370103907706,0.003495406182084493,0.06514535572283814,-0.00046730312870019164,0.04021803231179699,0.06302572404801293,-8.769471194675083e-05,0.04163534669712032,0.0862014041249416,0.03797351835591517,0.07980506268833704,-0.00105301333908564,0.06803331178627015,0.10002807914905654,0.06281758396674925,0.08361608156799555,0.1210410694070822,0.0,0.06797266470382152,0.06322481527424378,0.030163956347960763,0.08355107747156343,-0.0005406960274809136,0.07872476227916608,0.05733896209853617,0.05957830824533683,0.06269421707404244,0.06277385385051376,0.04391543493164779,0.00030923574962077316,0.019999102681289405,0.022051193444712902,0.025779523373674618,0.01758383946086034,0.03510808508389707,-0.0011011341401983565,-5.551115123125783e-17,0.006099407745699115,0.061138611599150405,0.04422578295668805,5.551115123125783e-17,0.0,2.220446049250313e-16,0.0030444872900342035,0.000848703968063691,0.0014083842822117942,0.00035826187593934744,0.05575556414944932,-0.0001413161867984125,0.06800461858095563,0.0010620838303487812,0.0,0.001967913136178001,0.026570716078389622,0.04964922265380972,0.038864473227508134,0.0,0.002670717219959984,0.04303514384606888,-0.0022842745847341805,0.004429659816514886,0.0789837333810216,0.04642868703186759,0.05911837378358609,0.0016497293614268216,0.001054815183498814,0.014940638965506181,0.0,0.036178712207739716
0.07354571603151189,0.04217312704483195,-0.001811922081869921,0.004244595814651364,-0.005502727990688516,0.08183066574430958,-0.0024291971060946826,0.08505390431730281,0.0025729104887847187,0.07876953918026136,0.000332113825590008,0.04405240032237845,0.04291760440144332,0.0648117869597789,0.10233468570456022,0.07175874669599702,0.07218430036792145,0.09130846021013089,-0.0007508514314139569,0.0801825546797516,0.06906745442964679,0.06445369554080871,0.10514014900501817,0.07691839240610171,0.06797266470382152,0.0,0.08298863374115972,0.04786113305677875,0.06879038574506807,-0.00016535501702269473,0.06913172024272968,0.054595775209181074,0.06843501871628616,0.06179177408128156,0.05068601093966596,0.0637407223348535,0.0398751599896674,0.052060202368877984,0.0459930996122464,0.02891089092739263,0.03776916302295663,0.04588470124411287,-0.0035364181221546054,4.6729009310686465e-05,0.05111964424525983,0.07296982558767195,0.040469666806874915,0.0022694296928364444,0.0,-3.590302129541367e-05,0.03295250235605257,0.0008761652295862787,0.043184019882647084,-0.0007395315517824685,0.06998951299866524,0.0,0.06853467254604145,0.002299810236002564,0.0,0.03775151881545502,0.03169439394082035,0.057827404049186015,0.047675491301500394,0.0,0.03571824656282463,0.042455768669550586,0.031425216932981836,0.06078727515114779,0.09008402191385323,0.055705569562799706,0.062095934799917485,0.03928390123648634,0.002034576603883398,0.028845606935915258,-0.0002514531122455588,0.035905278076670266
