0.0,-0.1436704034091872,0.000561977802904734,0.0,-0.002442682039737354,-0.08930097592524433,-0.0056024150611813095,-0.10453412336571155,-0.0016368069871579571,-0.017069603294369795,0.0025167943035319107,-0.019616669792924757,-0.005023531380384805,0.003360133743559368,-0.0802849071786344,-0.14484566089651296,-0.009007478450491102,-0.09776071408715492,0.0,-0.12629622705659005,-0.05467378978162596,-0.11581340542257573,-0.09318938097168195,-0.018190708672707334,-0.08912666894156163,-0.0857942599485883,-0.11744223303292994,-0.00532355085699221,-0.10470660587324687,0.006238292850150262,-0.08839177828169326,-0.05314725321273128,-0.05459574694956215,-0.06662828019357503,-0.07008106718682611,0.00218835672974782,-0.0016436038454036295,-0.0017833589382964532,-0.07396965919781784,-0.10558026057538894,-0.06779543925408826,-0.003569328192883525,-7.55225355545397e-05,0.0,-0.0031864485506256646,0.12099975362906945,-0.09657385712664285,0.0,0.0,0.0,-0.0004685245933288007,1.1102230246251565e-16,-0.00225484594592662,0.0,-0.01053968184884857,0.0,-0.00320172586113171,0.0003235775623777193,0.0,0.0005910939227162793,-0.09389519125647361,-0.004120677964573383,-0.08499984766651364,0.0,-0.003211019564881512,0.0004118958446622245,-0.10188757599340581,-0.0032924053867724457,-0.006170181738714864,-0.10699111195255528,-0.12214897002072633,-0.005231587607896937,0.0006553301021226532,-0.0065228861399324045,0.0,-0.00661058167560713
-0.1436704034091872,0.0,-0.0065632008128488906,0.00010855921220714881,-0.005502947491712207,-0.07116151852563751,-0.006384652262577228,-0.014086602546039162,-0.005958079422546336,-0.016186062038126947,-0.0011643033861625796,0.0006667366862244672,-0.05712390780299004,0.002258909208491422,-0.09201429688784402,-0.11974009284659681,-0.005539520505861151,-0.1212393283002467,-0.002183171783668225,-0.08501567118611125,-0.11990584452338077,-0.1367035130218371,-0.1440990663499579,-0.01402600664848469,-0.12320758105932822,-0.11536211335363444,-0.07905146479557601,-0.05752980549775877,-0.07710445507639502,-0.004360129027872195,-0.11921442007764238,-0.07222071143632319,-0.07127933309145751,-0.09649042285028142,-0.11794683469836226,0.0008705239006789323,-0.0008802683806662936,0.0,-0.06927239388367318,-0.08699918420419184,-0.07053763963300047,0.00015921271212721022,0.0015625220293388198,0.0,2.220446049250313e-16,-0.011587954158829517,-0.07947735108835419,-0.0007506675574843191,0.0,0.0,0.0008060758364069054,0.0019084971375378235,0.004611772694074423,-0.000692588843350106,-0.002563586947090246,0.0,-0.0018553038191780336,0.0021144672625964533,0.0,-0.00647924330025923,-0.09227266994999461,-0.0009590946397136091,-0.012862537427116905,0.0,-0.0022770276619816787,-0.07575247122657552,-0.09781961225252955,-0.005532004011148672,0.00012628043334278471,-0.013158419367338803,-0.005716538400733773,-0.0067734680660423985,-0.0024900015633458894,-0.004757156382921179,-1.1102230246251565e-16,-0.0017230261190244178
0.000561977802904734,-0.0065632008128488906,0.0,0.0022646569992259558,-0.05183106895203715,-0.057659776296979215,-0.09686629448229589,-0.14870647231620537,-0.06480774896149183,-0.0024875534130373023,-0.06355191611241112,0.0037164130126048356,-0.09792266299688707,-0.11314305656556178,-0.0008456671765135204,-0.0024392259831050866,0.004285929370834662,-0.0007550770470591273,-0.029130373188889974,-0.002016229710292028,-0.1044153619112595,-0.006199838115996725,-0.0640772727901911,-0.0010097516069969559,-0.012639066791839404,-0.007832930306032215,-0.06758305779015011,-0.12025438409942774,-0.13581428583741495,-0.13030010999806124,-0.140201382840894,-0.1039441678270055,-0.0020443480947487935,-0.12466501800339591,-0.007974732584890454,-0.10633628783887594,-0.0067189022720391955,0.0063583492206985,0.0023125166639810235,1.5467344599562338e-06,0.011979104885710412,0.004512626432999045,-0.12495012917067683,0.0014876605854083347,0.0,0.0,-0.0011210524118757115,0.05195797271460523,-1.696256335403934e-05,0.0045713153579540755,-0.11524006753228022,0.001652496316981944,-0.12595590843707366,-0.10680126931490525,-0.0006254077525173485,-0.05994011195197346,5.67551091406604e-05,0.00537481864844902,0.002813033967787537,0.00039024228471301603,0.0,0.0,0.0,-0.01533594428396079,0.0021636022791124976,0.0012429772398226957,0.00022551616222726834,-0.10441534426945837,0.0,-4.1225417303059064e-05,0.001087036152623122,-0.11369146363659621,0.008149089776846807,0.0033367152595268346,0.0016168222255521503,0.003137034089757962
0.0,0.00010855921220714881,0.0022646569992259558,0.0,0.0025770865789871977,0.002593890329884385,0.014794535897137584,0.005475363074223305,-0.004964938122738016,-0.0023432827855602023,-0.007700608714510115,0.00609162700224708,0.003809993630512376,-0.1355095360637424,-0.002090555462327337,-0.002574936021177754,0.0024745769153963204,-7.724223850458234e-05,0.0021223808836109415,0.0049880191005953756,-0.002420863180784494,-0.001458354287496022,-0.0020414415896319316,8.488311794890846e-05,0.0002706505682769089,-0.002512026338411799,-0.0008277688749107059,-0.11758814387854438,0.0003409826679814931,-0.00013411765466164738,-0.1175303659589646,-0.010078308077099585,-0.0012772852073792418,-0.03665337226757748,-0.06452933830874111,-0.07281458893876513,-0.052944715225503064,0.0024727214309839263,-0.007853693133290318,0.0012162528950465656,0.00038660690261826947,0.0006467353183964297,0.0032715137418879436,-0.0008044863849325234,0.0,0.0,0.0,0.002329583361051213,0.0,0.0,-0.0009293854904152132,2.220446049250313e-16,0.00017677914837066488,-0.0008275937423461444,5.551115123125783e-17,0.00033222933352677897,0.002537025881088839,0.001073670809026983,0.0,0.0,0.0,0.0,0.0,0.0,0.0,0.0,0.00015586603958023248,0.005308336812605119,0.0,0.0,0.0,0.0019477906579046245,-0.00440754943267424,0.0012538873119827265,0.0,0.0
-0.002442682039737354,-0.005502947491712207,-0.05183106895203715,0.0025770865789871977,0.0,-0.058205677439463976,-0.03419695394433775,-0.07855813664154404,-0.06820295293762724,0.004012340915831691,-0.06525101706349334,0.005790419530890989,-0.04059875867196128,-0.059606996879527835,0.0015252750690643024,-0.00417463715493277,-0.0019098241168784003,0.0023794474381335085,-0.06627225990692248,-0.014938660819235894,-0.0915132546057617,-0.0011914448076649209,-0.06705707946568906,-0.0026620215036796124,-0.00954282617002361,-0.0019224311444509534,-0.06275933920511223,-0.06847506270179476,-0.11010889792257755,-0.009629250186359739,-0.11593627982576077,-0.03619427000850595,-0.006036445071364527,-0.0774679977861159,-0.06103747165593326,-0.036921366451510534,0.025383334707323457,0.00397455146592024,-0.009154451198364832,-0.0006417226360525552,-0.0007780237063182982,0.00014824388142670175,-0.014634752451158695,-0.005328723740337882,0.0006813534906975338,1.1102230246251565e-16,0.000448955667246953,0.00020136938864834253,0.0,-0.006803937860510034,-0.004166226507775761,0.0035698220117538204,0.0030735982637310477,0.000843838270861319,5.551115123125783e-17,-0.13545794374127001,0.002554263817526381,0.0017023282664994088,-0.006993067757816829,-0.0009189649988335935,6.0684538321087445e-05,0.0,-5.551115123125783e-17,0.0002809440211393177,-0.0002176009273984203,-0.000506137457360889,-0.002296112881398804,-0.11873965828198191,0.0,4.9590174283020705e-05,-0.0012580674165367234,-0.006501025701175389,0.004933326145750816,0.0029176999819098826,1.1102230246251565e-16,0.004190761240021157
-0.08930097592524433,-0.07116151852563751,-0.057659776296979215,0.002593890329884385,-0.058205677439463976,0.0,-0.07704905268512491,-0.12492010697511374,-0.0835333273669206,0.0009216051693933802,-0.06730793985347705,-0.004747578794363605,-0.09350078311086352,-0.10479146324234978,-0.11776941533499036,-0.08281382314437508,0.005189629508861038,-0.0749460209023205,-0.09757089404352604,-0.08486985642502032,-0.12728840705762218,-0.07045879943533917,-0.09007996420749387,-0.0011942761562128146,-0.0663427376655813,-0.10889175207328905,-0.08978691891157775,-0.1251558019489833,-0.12032118568945066,-0.11622672049574267,-0.1102031360655169,-0.07852794179696349,-0.12176236062238016,-0.10020968198822305,-0.09839809449778236,-0.0775906504564719,-0.08093606585941304,-0.0006383383041212998,-0.10467066530184765,-0.003412771844696183,-0.11535079075901644,-0.00747129217322362,-0.14489834789651873,0.0053076332924852365,7.332475168636554e-05,-0.000996612800049812,-0.004572886143700716,-0.14173123481938954,0.0012290792587101307,-0.007889446950613666,-0.1398860408144771,-0.1401460290591499,-0.11717113347146413,-0.15166079974282137,0.0047716592856934525,-0.1379554231964587,-0.0004930331679871558,-0.14244076837844122,-0.1943992786172562,-0.0018716094461403432,-0.002363422506354129,0.0,-0.001334436344255896,-0.09719468571904022,-0.08359958738279288,0.00763988214933764,-4.7931107514664895e-05,-0.13692429758562502,0.00016390492830753445,-0.00419399063538356,-0.0061023718330043275,-0.13403346758476492,-0.12656681748285264,-0.09451647708295524,-0.0027691739804407423,-0.12790014865225674
-0.0056024150611813095,-0.006384652262577228,-0.09686629448229589,0.014794535897137584,-0.03419695394433775,-0.07704905268512491,0.0,-0.1011729460554992,-0.10581972994410027,0.0019448667632707695,-0.0801404628741722,0.004384605911456119,-0.05607335806318958,-0.050703991774848634,-0.0011926388152351808,-0.0067743439110938275,0.0033550729525526624,-0.006949641263811757,-0.09043052316322314,-0.04284565109090671,-0.005357997645158874,-0.061317933717317696,-0.09065936985430417,0.00788806816985238,-0.01027496163608288,-0.00861130021413764,-0.08401909178032735,-0.04435179944353618,-0.0822215951944068,-0.010372518227320604,-0.05767677526605969,-0.04808408533661229,-0.0012931000736838838,-0.04030907608328144,-0.028761251717848213,-0.02037268890669558,0.01824971495666633,0.011017411468088156,0.00931277211389514,0.0008792228996932216,0.011429545174023448,0.007012274893672232,0.002026435004755245,0.009382098660526306,-0.00044936284823288153,0.0,0.0004194931995682438,-0.002311870806103955,0.0,0.005304373547213248,-5.493589915128716e-05,0.004383932094441323,0.00499335463534567,-0.00912664605228175,-0.00022304841919168483,0.008971288735081073,0.0012616660468008356,-0.00022919386468034375,-0.0004229544737847646,0.0025498710321650297,0.00028074783242465484,0.0,0.00011194726169250213,-0.0018018373142074662,-0.0003258854244747589,0.0026547958523432946,-0.001590685287918503,-0.13425985135027535,0.0002382905091749543,-0.0001177942140393462,-0.0005991340095540809,-0.0038944315646003425,0.00018199465484819433,-0.004816934386585869,-0.0021270666070704047,0.0033308200742032668
-0.10453412336571155,-0.014086602546039162,-0.14870647231620537,0.005475363074223305,-0.07855813664154404,-0.12492010697511374,-0.1011729460554992,0.0,-0.11693022697306721,-0.009726990615415154,-0.14234478680330406,-0.012499966918261218,-0.10325645399052547,-0.09432866451306277,-0.11931004999694128,-0.11202302430213479,-0.0005695389508814097,-0.010604574404389944,-0.09876403663644906,-0.09310943391475185,-0.11688829993374122,-0.0009686393100011848,-0.12125585031380892,-0.07511208463983476,-0.10681723743193955,-0.07357486638351285,-0.11303775416292255,-0.09263237061540824,-0.10866255184305229,-0.09598844309503102,-0.11786809750207222,-0.05359520133513501,-0.08171118990309639,-0.10922065964668493,0.0009644407931180821,-0.05987385570893444,0.020233413490078955,-0.004578907902029861,-0.06316832418246848,0.0010326241976024164,0.006438748867816646,0.008980061280243923,-0.12336433146125203,0.0017890070945036918,0.0,0.0017800702377724908,-0.005261756407881402,-0.11365657387768169,0.0,0.012673415859750126,-0.11741361556800567,0.008384434461137957,-0.10688746640001406,-0.14375471364644243,0.0001199271357346654,-0.16348878309834225,-0.0001951556647096786,0.0019497483750361422,-0.08823466721655016,0.003966190759159827,-0.0004955499656098539,0.0,0.00044191245655644806,-0.0002313644311582319,0.005835594874786132,-0.2334644159632152,-0.002440373150959685,-0.12436035928156203,-5.551115123125783e-17,0.002509647998208464,-0.005713781726779055,-0.11971069721600613,-0.002514823633331442,-0.0032869559199585896,0.004696119481483962,0.00014213292822667922
-0.0016368069871579571,-0.005958079422546336,-0.06480774896149183,-0.004964938122738016,-0.06820295293762724,-0.0835333273669206,-0.10581972994410027,-0.11693022697306721,0.0,-0.004568794876022353,-0.06876764259470158,-0.0019795213246152077,-0.07248021157513257,-0.09135197519827115,-0.09752626116258994,-0.06384840246512102,0.0019635046560151914,0.0008588465443057358,-0.04119571711257469,-0.08549148387692856,-0.09246072527561006,-0.062484321165857004,-0.06836669313358712,-0.0018621448767068838,-0.017251365923273754,-0.007438896896839575,-0.06504137770258789,-0.10169525393119039,-0.11795620054203854,-0.13415001736277188,-0.10221250458061498,-0.08369595237448973,-0.0033758617501383203,-0.0917809854217328,-0.08135880994873529,-0.09156334185816162,-0.004041254211931522,0.0022260675069416536,-0.0021089518140746666,0.00312871760936273,0.012057874463450469,-0.001324796693605912,-0.10671295894452426,-0.0020343488028214396,-0.0003288346852376445,-5.551115123125783e-17,0.00023337504390819053,-0.10282175239558833,8.14889497091631e-06,-0.005779804641091735,-0.1456587762489358,-0.005935323879919574,-0.1327639199670103,-0.00423972465705269,0.0024267938827635116,-0.10606307285355215,0.00224316908306621,-0.0021079633779101936,-0.006153950115252105,-0.0025495292739415865,-0.001549144452516804,0.0,0.0,-0.010158136880242141,0.0005744304925142663,0.0009248326590268752,0.00026611391824821196,-0.13040889506187492,2.8639039788003195e-05,-0.00027127189080172753,-0.004864152102828867,-0.1487764187548254,-0.0021120967526429,-0.0033183863200579866,-0.00030760684719743914,0.002771163786056907
-0.017069603294369795,-0.016186062038126947,-0.0024875534130373023,-0.0023432827855602023,0.004012340915831691,0.0009216051693933802,0.0019448667632707695,-0.009726990615415154,-0.004568794876022353,0.0,-0.007018076595156741,-0.06580676950806069,-0.06671935377188687,0.045171452912739996,-0.0002718880743283192,-0.08014055555741018,-0.03806917770627871,-0.07057825222589709,-0.005025760225753018,-0.0020422554837046802,-0.005260612654632013,-0.014350881378254188,-0.005045190903791519,-0.06683455123728682,-0.048558360530230604,-0.08423417374865244,-0.005096055324823157,-0.07898459687474674,-0.007608690649204497,-0.004123091305367421,-0.05264636220762392,-0.04975763976703135,-0.04593268257216526,-0.04418413422665646,-0.04389977004934853,-0.07960952408894637,-0.011705445462442343,-0.04264942266754729,0.01231601292486495,-0.08348582814966932,-0.08820495089943264,0.004857349944762945,0.007132151062302583,0.003946863907855369,-0.07878105561506854,-0.01962095888906873,-0.003344514290095024,0.0008444082236860329,4.627055452022244e-05,-0.0013276844967724521,-0.0012864450110873227,0.001961010098837812,-2.6383213304614905e-06,-0.00037381961281823806,-0.1261280183536545,0.0018360951174546392,-0.12571272743457507,-0.006033381232739443,0.0,0.0001839980257546392,-0.003907361209917304,-0.11395200041686271,-0.09941143467839852,-1.52093737418868e-05,0.0002471138902802039,-0.0012660299106143635,-0.0003128000806951192,0.00021060199734557195,-0.058789546955366256,-0.10811029263135558,-0.0907387210217096,0.0008330849127013429,0.0005852193648514525,0.0009935072434493208,-5.551115123125783e-17,-0.09434225962337128
0.0025167943035319107,-0.0011643033861625796,-0.06355191611241112,-0.007700608714510115,-0.06525101706349334,-0.06730793985347705,-0.0801404628741722,-0.14234478680330406,-0.06876764259470158,-0.007018076595156741,0.0,0.00502362554348168,-0.08052264676329285,-0.0813851776949944,0.0,-0.00015701993866806818,0.0013275914338807815,0.0034446624988780927,-0.07206802410647489,0.0001221002111740921,0.005966330436087908,0.00047797239203545283,-0.03423520909088518,0.0010029915442265613,0.00337453053619835,0.0015774018787884092,-0.06265465493333894,-0.10761189978295038,-0.004672991146680183,-0.0008075989731760602,-0.10252027819958737,-0.06538406027836247,-0.005495091780296946,-0.08259959174286641,-0.06117260041285827,-0.08225215161857319,-0.008385500524722533,0.001355013634034008,0.00712200067564045,-0.0037382684049360737,-0.0015244233326808243,0.002331559998255517,-0.010376785175347292,-0.00026694751950795403,0.0004136068106128654,0.0,1.1102230246251565e-16,-0.07535706535081199,1.5779341020483173e-06,-0.0020407054707547445,-0.16602249816697268,0.0034789234233656985,-0.18132638541275553,-0.1486608973000207,0.00396295066796698,-0.10495768520081405,0.005279500218175082,-0.0018021951794278679,-0.0033498515432017206,5.551115123125783e-17,0.0,0.0,0.0,-0.03096580117370007,0.0008263436398764923,0.0,0.00046434339784573453,-0.1376280087216769,5.551115123125783e-17,0.0,0.0008184388420132138,-0.166179405857575,-0.002184616396137651,0.0004843686815649284,0.0,0.0005082079874850209
-0.019616669792924757,0.0006667366862244672,0.0037164130126048356,0.00609162700224708,0.005790419530890989,-0.004747578794363605,0.004384605911456119,-0.012499966918261218,-0.0019795213246152077,-0.06580676950806069,0.00502362554348168,0.0,-0.0631793544726374,0.0028190966868689715,-0.004164309962142787,-0.0015721965978033325,-0.04042819264779407,-0.014528362352284385,0.0029054038078168976,-0.003226972351227375,-0.007229334893187667,-0.00543900209113507,-0.016443546974010348,-0.07884932889551985,-0.04982713303982622,-0.12297011613480244,0.0027893867210415646,-0.02893736715053724,0.0023119511271152415,-0.0016358321360324668,-0.07223443330738172,-0.043295670019568605,-0.05773363710348267,-0.002944446935021938,-0.05822881846083733,0.0009978290460923578,0.008189572129723266,-0.03325863623579431,-0.006831467825514803,-0.0860507307832919,-0.048358110590956405,0.009707917534343913,-0.003732200998223467,-7.364743181798028e-05,-0.01106666522101818,-0.003385262657000343,-0.0002519225639464606,0.000765700625198984,-0.0009854864883543646,-0.0023188164210158346,-0.0018750910605493942,0.002311981018315201,-0.0008151042125238428,0.000644695729077216,-0.1182420060680981,0.0020146951612596276,-0.10958749734831957,0.007296492487991357,-0.0002746328975427037,-4.835989186907641e-05,0.001978600968077171,-0.01661612567606985,-0.021918589287065915,-0.00039852273792662096,-0.00038846715815010757,-0.00029651145267378665,-0.0011022159079308036,-0.00011843078352374858,-0.05322053380159697,-0.06940441415445592,-0.08005509928232701,0.0006350190732385963,0.013863267449158168,0.004425292154108473,0.0,-0.015664436249216318
-0.005023531380384805,-0.05712390780299004,-0.09792266299688707,0.003809993630512376,-0.04059875867196128,-0.09350078311086352,-0.05607335806318958,-0.10325645399052547,-0.07248021157513257,-0.06671935377188687,-0.08052264676329285,-0.0631793544726374,0.0,-0.03759685768181714,-0.04941767756925142,-0.06939761196046673,-0.04187062447080325,-0.06872868881511401,-0.0804399538450305,-0.05895071205888469,-0.08918328633573874,-0.055721739854253216,-0.09537526685850461,-0.07405170261680316,-0.0492673542226868,-0.04550396972594978,-0.08919558463934568,-0.07822137071799651,-0.11315348451001717,-0.06675335010188493,-0.08011224610998863,-0.061474876229717756,-0.04712721118385471,-0.0534215841648884,-0.04839746304865511,-0.02440817072484991,-0.03568798148978969,-0.04784628867679397,0.00470577288324886,0.00613470697514007,0.00665066764117711,-0.005072365829422776,0.004922372906306427,-0.0009333597737739008,0.0026274083365445122,0.0011408852681910608,-0.0005642735512614849,-0.0016031294037727184,0.0,0.0021239783240042387,-0.0025164814590679097,0.00023667939796589987,0.004745436742141507,0.0018956000431821218,-0.0009074909155131761,0.004640965333412572,0.004772251082472867,0.0033517068012071105,0.0024399464266186,-0.0037207813732050288,0.002838053031236687,0.00018668106733188417,0.00036678667182155067,0.007128678951191403,-0.003110870507727903,-0.000332721577462336,-0.0013256589935303764,-0.12341259060003307,-0.0021895688012585346,-0.0021711456319789546,0.0016194899793233741,-0.12234680024062106,0.0020936909990108554,-0.002423191153083981,0.0005740826523435993,0.0003444161520317346
0.003360133743559368,0.002258909208491422,-0.11314305656556178,-0.1355095360637424,-0.059606996879527835,-0.10479146324234978,-0.050703991774848634,-0.09432866451306277,-0.09135197519827115,0.045171452912739996,-0.0813851776949944,0.0028190966868689715,-0.03759685768181714,0.0,-0.0010443120899357172,0.0019749813844469055,-0.00021202852987345366,-0.00020881777788872569,-0.085270119786092,-0.0016575779474228836,-0.10540298236480666,0.0011146052534175,-0.11569767628822014,0.0035575060982093176,0.00025462385713087565,0.006016596537552654,-0.09597535020089615,0.0002598051087494002,-0.0037953451075780076,0.002521261794322438,-0.037737517228107365,-0.05046575908199519,-0.015488042439948335,0.00962753686743928,0.018986144823678885,-0.056546146088017835,-0.05857481686170822,0.0016801046950034593,0.009381114674715363,0.0,-0.00029069467551362527,-0.00022861704448284836,-0.13095237860582076,-4.542081351033289e-06,0.0,0.0,0.0,0.000452964534159106,0.0,0.005474073328356144,0.001562450259302517,0.0019489071268974922,0.018673602199083095,-0.01175340081346199,0.0,-0.14927918260981038,-0.000515052265765481,0.003776146861000196,0.0030782051074474404,1.1102230246251565e-16,0.0,0.0,0.0,0.0017372394077609932,0.0,-1.1102230246251565e-16,0.0,-0.19091746715159796,0.0,0.0,5.551115123125783e-17,-0.005365768348903455,0.00262893817858062,1.1102230246251565e-16,0.0,5.551115123125783e-17
-0.0802849071786344,-0.09201429688784402,-0.0008456671765135204,-0.002090555462327337,0.0015252750690643024,-0.11776941533499036,-0.0011926388152351808,-0.11931004999694128,-0.09752626116258994,-0.0002718880743283192,0.0,-0.004164309962142787,-0.04941767756925142,-0.0010443120899357172,0.0,-0.104954865710156,-0.0015575415467996012,-0.09326016187558755,-1.1102230246251565e-16,-0.1570904625046336,-0.08565799202857188,-0.10515087126865424,-0.1090028130018093,-0.052961477510341914,-0.1038334281026978,-0.011919100158972906,-0.10544812586128777,-0.07307044525724421,-0.05839398475282437,-0.08042043207903027,-0.07980907638331569,-0.047738574245435206,-0.10834935055962269,-0.0721400339582931,-0.08789588722912484,-0.06258978402200882,2.793413271584555e-06,-0.0004170721483730544,-0.071581641184354,-0.09861696071277465,-0.07303032834503903,4.4604942824655325e-05,0.009169032310151648,-0.00010522411821273225,0.0,-0.006158078874691719,-0.0020156039933203473,-0.002013869609781449,0.0,0.0,-0.0014353018900564174,0.000838397322938611,-0.13647815989701712,-0.0004068356851182897,-5.551115123125783e-17,0.0,0.0011673210011072244,0.0036704695293116596,-2.5866375497396454e-05,-0.12593400622719786,-0.0037010259308561944,0.0007227417465601182,-0.002717655637946015,0.0,-0.078941822608324,-0.11817540232615631,-0.09487437060965814,-0.10431431443152556,-0.0001915307920635767,-0.0010647791172680443,-0.004038981968354505,-0.09046570012179456,-0.004211602001503001,-0.0922668905281615,0.002635537084461126,0.002107962787996853
-0.14484566089651296,-0.11974009284659681,-0.0024392259831050866,-0.002574936021177754,-0.00417463715493277,-0.08281382314437508,-0.0067743439110938275,-0.11202302430213479,-0.06384840246512102,-0.08014055555741018,-0.00015701993866806818,-0.0015721965978033325,-0.06939761196046673,0.0019749813844469055,-0.104954865710156,0.0,-0.07646628510934383,-0.08326837530779424,0.00044405893855115064,-0.07261707051349309,-0.11264112916078284,-0.09468966021361264,-0.1119724547588346,-0.01716545150210036,-0.09873471117657157,-0.1263536203372052,-0.09458316166076519,-0.07704275729141602,-0.07674459596611882,-0.014420901233689998,-0.08440856938162744,-0.04939974734107683,-0.040453015392884595,-0.06158218135875765,-0.08665000605686296,0.004382104640167528,0.0014889463774325762,0.0005077027359636221,-0.09461083436886064,-0.09838347661111113,-0.08927475533305529,-0.09415895123980061,3.3727780085313075e-05,0.0,0.0,-0.08586834786134162,-0.1229278123908274,0.0,0.0,0.0,-0.000848988927237726,0.00036650247637576294,0.0009395792767544764,0.0,0.004333314954210354,0.0,0.004683771167165951,0.00020139525658025015,0.0,-0.0031913055381248,-0.11654727535467274,0.0032164042611934063,-0.12531278694434483,0.0,-0.08907912415752756,-0.10862193024037697,-0.09604919192362432,-0.0010445947050212734,-0.001661972387971944,-0.1433423602810081,-0.15412998025731572,-0.0028559999476961417,-0.0015261818696134521,-0.005814302454314968,-1.1102230246251565e-16,-0.0025121784877839004
-0.009007478450491102,-0.005539520505861151,0.004285929370834662,0.0024745769153963204,-0.0019098241168784003,0.005189629508861038,0.0033550729525526624,-0.0005695389508814097,0.0019635046560151914,-0.03806917770627871,0.0013275914338807815,-0.04042819264779407,-0.04187062447080325,-0.00021202852987345366,-0.0015575415467996012,-0.07646628510934383,0.0,-0.07542592771705026,0.004777486505522954,-0.033992124970164794,0.006677694997980932,-0.00947893951681783,-0.0007058170576018652,-0.05763513619310329,-0.03376611784793043,-0.07072139872903532,0.007631890257243423,-0.045303029149496354,0.0008112163425875174,-0.002383863600707692,-0.060341809519027456,-0.03449832928317281,-0.022258295715616272,-0.01738089969909229,-0.04439868991687912,-0.002648561914671943,-7.610745416369857e-05,-0.038860731533256254,-0.003875285212427637,-0.01736748808210309,-0.01056576737083914,-0.0011448418972739294,-5.551115123125783e-17,0.0,-0.0025442284267198634,-0.039897798171694976,0.0005549425812227948,0.0,0.0,0.0,0.0,0.0,0.0,0.0,-0.09717937088281453,0.0,-0.022954068871372968,-0.0011643477628094367,0.0,-0.0005257845190142496,-0.0008745281272535821,-0.013479090652749659,-0.015649312985514696,0.0,1.1102230246251565e-16,0.0,0.0014469322213885305,0.0,-0.038572975023242695,-0.09733731506645626,-0.08570286007928862,0.0,0.0017135946622204301,0.0002032627742674098,0.0,-0.005567351402041398
-0.09776071408715492,-0.1212393283002467,-0.0007550770470591273,-7.724223850458234e-05,0.0023794474381335085,-0.0749460209023205,-0.006949641263811757,-0.010604574404389944,0.0008588465443057358,-0.07057825222589709,0.0034446624988780927,-0.014528362352284385,-0.06872868881511401,-0.00020881777788872569,-0.09326016187558755,-0.08326837530779424,-0.07542592771705026,0.0,-0.00037630313122821724,-0.08184282491284806,-0.12055841868077732,-0.08911366873761317,-0.12292891324858085,-0.08295973982289212,-0.06532087233825723,-0.08734049265641358,-0.08320073655439858,-0.06548220150925471,-0.07956510320199206,-0.006976182361322969,-0.08193290267958725,-0.04475854992112327,-0.03265488432465141,-0.03712334683770774,-0.060142895161850785,0.011586020461115065,0.00040496551385987845,0.005085157871240031,-0.09710462023325778,-0.09887033142294022,-0.09514883215663927,-0.09930797360986504,0.0,0.0,-0.004443276143922481,-0.062033063702011115,-0.13255982251171516,0.0,0.0,0.0,0.0012554212215953875,0.000568974812188261,0.0033328499498735398,0.0,-0.0866700525278693,0.0,-0.018435780734602447,0.0008625825044434321,0.0,0.00386698357774079,-0.1089882593687273,-0.091733901117805,-0.09994384816101515,0.0,-0.0037302251906146666,-0.004307623426645868,-0.09187014422124101,0.0011417197058759543,-0.01843547968867887,-0.11014933598338167,-0.11348416023310037,-0.0011447001025082226,-0.0013698210833764102,-0.0007650009463902041,0.0,-0.11593282791583698
0.0,-0.002183171783668225,-0.029130373188889974,0.0021223808836109415,-0.06627225990692248,-0.09757089404352604,-0.09043052316322314,-0.09876403663644906,-0.04119571711257469,-0.005025760225753018,-0.07206802410647489,0.0029054038078168976,-0.0804399538450305,-0.085270119786092,-1.1102230246251565e-16,0.00044405893855115064,0.004777486505522954,-0.00037630313122821724,0.0,-0.0009967059663275046,-0.0008997599925604782,-0.0013563412372342154,-0.025578301744401066,0.0021506192380256195,-0.0004565108997399703,0.0016495079027320503,-0.03373780985640262,-0.08546933182618205,-9.503217105527595e-05,-0.0003571361893272007,-0.008452025256420637,-0.10573472852431182,0.0021451453169644696,-0.005755615002051351,-0.0016587617394737686,-0.1177058887046194,-0.006066459829067672,-0.0014836542693180688,0.001775654057914966,-0.00014214288155423027,0.0006458532448502807,0.002852849917688194,-0.16743995467752082,-0.0015545274403073184,-4.011644199053421e-06,0.0,0.0,-0.0011761297055292719,-5.551115123125783e-17,-0.01000325409925984,-0.0005473893792894424,-0.0012572959087961966,-0.09775810684688108,-0.12064311682887657,0.0005360724255892846,-0.06379109146523554,0.0016347119710899416,-0.0004838022708688605,-0.010861503539261741,2.220446049250313e-16,0.0,0.0,0.0,0.04015252914313383,0.00017496986518716895,0.0,-0.00023332542795123645,-0.12632739867171144,0.0,0.0,-5.551115123125783e-17,-0.09859572679899892,0.005285306247088117,0.00035456875584238823,0.0006032188031672714,-0.0010056218832684705
-0.12629622705659005,-0.08501567118611125,-0.002016229710292028,0.0049880191005953756,-0.014938660819235894,-0.08486985642502032,-0.04284565109090671,-0.09310943391475185,-0.08549148387692856,-0.0020422554837046802,0.0001221002111740921,-0.003226972351227375,-0.05895071205888469,-0.0016575779474228836,-0.1570904625046336,-0.07261707051349309,-0.033992124970164794,-0.08184282491284806,-0.0009967059663275046,0.0,-0.10185528880020545,-0.0890092196659179,-0.04301297075289273,-0.007192530399809327,-0.0899020673569198,-0.09663775817720333,-0.11957519243575926,-0.09241904407357854,-0.07963519208804754,-0.10529979417991239,-0.08833459904129703,-0.043071186838739506,-0.050804121102026256,-0.07451211840805688,-0.0824163774366195,-0.07195452312941963,-0.07322867029515456,0.0017280345224920945,-0.0698226771124636,-0.0014097652835354801,-0.00018361042692388585,-0.0002166936378372175,0.0019796709101129184,-0.002072557811371556,0.00021643425865119914,0.003920303551295301,0.00024296549704039272,0.0007164372337581382,0.0,0.0,-0.002630298877573156,-0.004110638028258784,-0.003556516421195477,0.0016351547282708045,0.00028348792524174327,1.1102230246251565e-16,0.0029509367839217204,-0.006386419608724436,-1.1102230246251565e-16,-0.12255917237801078,-0.001932989335922286,-5.365361904924315e-05,0.00011697022324946849,0.0,-0.09632864459844653,-0.0027064971173993424,-0.09414856624484041,-0.1111788527254296,0.0,-0.0030228755576395816,0.00047225948939366713,-0.0809764839382548,-0.0031366496819206224,-0.001584672529546971,0.001460224829481549,-0.003157001039124585
-0.05467378978162596,-0.11990584452338077,-0.1044153619112595,-0.002420863180784494,-0.0915132546057617,-0.12728840705762218,-0.005357997645158874,-0.11688829993374122,-0.09246072527561006,-0.005260612654632013,0.005966330436087908,-0.007229334893187667,-0.08918328633573874,-0.10540298236480666,-0.08565799202857188,-0.11264112916078284,0.006677694997980932,-0.12055841868077732,-0.0008997599925604782,-0.10185528880020545,0.0,-0.09508666001376243,-0.11360654991688457,-0.05307137175270499,-0.1144525532906373,-0.11468717134955103,-0.1250752265144226,-0.09412551645746176,-0.0856930340128429,-0.003805948486087618,-0.08065880805103692,-0.05870555955706758,-0.08982143397959635,-0.08158791594294373,-0.11526251191682724,-0.03610819233267881,-0.03098436406651861,0.00027830366541214957,-0.056295425121287324,-0.09067902231616654,-0.09044508900621451,0.002423043233647393,0.003087791226581982,0.0,0.0,0.02084280698480423,-0.09395800387668368,0.0006213052743978542,0.0,0.0,-0.1092182619538451,0.0023732665836405653,-0.09249189129276841,0.004090982697262935,4.373545540137247e-05,0.0,-0.000924395740724282,-0.004290484997658994,5.551115123125783e-17,-0.13335681904696378,-0.001994456341325057,0.0,-0.0022865804313208504,0.0,-0.07709069870074148,-0.12528222497635394,-0.1084507221086839,-0.1356519644376149,0.0021858395703608924,-0.006635533400372651,-0.15666196709151742,-0.10846284320787547,-0.1077137099240309,-0.08340396400761446,0.0029056125952919842,-0.02925500086339511
-0.11581340542257573,-0.1367035130218371,-0.006199838115996725,-0.001458354287496022,-0.0011914448076649209,-0.07045879943533917,-0.061317933717317696,-0.0009686393100011848,-0.062484321165857004,-0.014350881378254188,0.00047797239203545283,-0.00543900209113507,-0.055721739854253216,0.0011146052534175,-0.10515087126865424,-0.09468966021361264,-0.00947893951681783,-0.08911366873761317,-0.0013563412372342154,-0.0890092196659179,-0.09508666001376243,0.0,-0.08451184989698024,-0.019969776849201093,-0.12653565957186702,-0.10848903854699943,-0.08701881454154337,-0.0875865255423739,-0.059596415499688304,-0.01598334918463651,-0.08398670237697181,-0.02077768504044819,-0.03424236122701396,-0.06423182377898262,-0.08762077312485245,-0.06861582308707737,-0.037607823850004996,0.0010805910631944138,-0.06440814560135932,-0.08030515959059448,-0.08273303393249459,-0.07753101848031085,0.011772464536406901,-9.700884642072083e-05,-2.8921502624235096e-05,-0.004218537293509739,-0.07401942895760305,-0.0028948369966309007,1.4223602762486465e-05,1.7750750336831267e-05,0.0009753011301245618,0.004752755116409102,0.0007066316760240832,-0.002718850483949098,0.0035751694163996817,0.0,4.8505813019072974e-05,-0.0004030476838965402,0.0,-0.12734528851756544,-0.08122743660287601,-0.0005407779809654678,-0.002900255431427523,0.0,-0.08019777850516846,-0.11813774249105874,-0.09426520454564546,-0.11559531534866496,0.001076626788131807,-0.003983536410418098,-0.1019565744029518,-0.08068959950650256,-0.005013812765367498,-0.002400949235305594,0.0005959076523659457,0.00459930326028668
-0.09318938097168195,-0.1440990663499579,-0.0640772727901911,-0.0020414415896319316,-0.06705707946568906,-0.09007996420749387,-0.09065936985430417,-0.12125585031380892,-0.06836669313358712,-0.005045190903791519,-0.03423520909088518,-0.016443546974010348,-0.09537526685850461,-0.11569767628822014,-0.1090028130018093,-0.1119724547588346,-0.0007058170576018652,-0.12292891324858085,-0.025578301744401066,-0.04301297075289273,-0.11360654991688457,-0.08451184989698024,0.0,-0.07294971045762666,-0.09931020748508668,-0.060465011241074174,-0.06577096457805187,-0.09863283262303596,-0.0945394602615307,-0.11314175547521538,-0.1148228562447669,-0.08832874251011325,-0.08286408710082327,-0.1082910117182681,-0.1149626966423381,-0.16076867770980305,-0.0039001442117736485,-0.01178197451344104,-0.10030130764604128,-0.009227713128234782,-0.120832944230998,-0.001269104868457771,-0.17052617039665424,-0.0062932011364723595,0.0025477013636979184,0.001916709755941881,-0.006845928786152811,-0.054960166998309634,-0.0022454368071231356,-0.006065043891700483,-0.13704075985957287,-0.14343118348079326,-0.11802772900032571,-0.15155694799814928,-0.00032877196760977556,-0.10139119592430823,0.0006174630901674694,-0.14198521549029408,-0.13269512636939568,-0.15394804827796943,-0.004334978453377769,0.00013051836208377576,4.845693593497069e-05,0.047337508976625475,-0.1277090462182997,-0.004619963687881146,-0.11793915340403038,-0.11473236376629731,0.0008520603824009876,-0.00588253460225574,-0.013316049913108474,-0.12867210888107272,-0.12085983844314058,-0.11551511264902453,-0.002309833004871531,-0.11043566551152623
-0.018190708672707334,-0.01402600664848469,-0.0010097516069969559,8.488311794890846e-05,-0.0026620215036796124,-0.0011942761562128146,0.00788806816985238,-0.07511208463983476,-0.0018621448767068838,-0.06683455123728682,0.0010029915442265613,-0.07884932889551985,-0.07405170261680316,0.0035575060982093176,-0.052961477510341914,-0.01716545150210036,-0.05763513619310329,-0.08295973982289212,0.0021506192380256195,-0.007192530399809327,-0.05307137175270499,-0.019969776849201093,-0.07294971045762666,0.0,-0.05917522585366419,-0.10458503461086888,0.0047608962047266945,-0.08481959219669422,-0.0040779736639472985,0.000514718144800641,-0.07317305594655743,-0.10065870503832394,-0.03015739429286829,-0.02649417608793317,-0.06644965300111974,-0.030637920547682496,0.013574668643627497,-0.0727626025942065,-0.0522746077151095,-0.043884195601945175,-0.0471380147492772,-0.11968641910519101,-0.001265805421302002,0.001097482808554373,-0.0756924311880248,0.08428163541573991,-0.004299693292350193,0.0,-5.551115123125783e-17,-0.0005155236189766654,-0.0006764995343098712,-0.0005138800772782615,-1.6653345369377348e-16,0.0008768132432056541,-0.07748818030467475,0.0006849360103279301,-0.08585589343157574,-0.004923189976879738,0.0,-0.0031730654068504727,-0.036163863856265965,-0.06776751465250364,-0.06393378267066219,6.28230387487716e-05,-0.002257094615393418,-0.004038032255405943,-0.005040095703732039,0.00015714434748681505,0.004553572102613368,-0.05560780075927979,-0.04887618016722639,-0.0023099060701842755,0.0028740345282448065,0.003563820850523869,0.0,-0.09610297565815606
-0.08912666894156163,-0.12320758105932822,-0.012639066791839404,0.0002706505682769089,-0.00954282617002361,-0.0663427376655813,-0.01027496163608288,-0.10681723743193955,-0.017251365923273754,-0.048558360530230604,0.00337453053619835,-0.04982713303982622,-0.0492673542226868,0.00025462385713087565,-0.1038334281026978,-0.09873471117657157,-0.03376611784793043,-0.06532087233825723,-0.0004565108997399703,-0.0899020673569198,-0.1144525532906373,-0.12653565957186702,-0.09931020748508668,-0.05917522585366419,0.0,-0.06636706346251964,-0.08403974943926956,-0.061568030577931976,-0.0747414992802014,-0.0027258929456731584,-0.05447076222227054,-0.02818479023167325,-0.01839413775195531,-0.01475101472050705,-0.0444588425567895,0.0010071198664779457,-0.0005462519827864609,-0.022242825655295173,-0.09816585582296478,-0.08613341487572751,-0.08157276487357285,-0.0852500726549616,-1.9690767042723767e-05,-5.551115123125783e-17,-0.012331839509733544,-0.038661728880626633,-0.13738971324442228,5.551115123125783e-17,0.0,2.220446049250313e-16,0.000897351954344705,0.0019339154725447338,0.002837718772976505,-0.0009997052656796623,-0.1011755012136934,0.00018733469174780915,-0.12131222069449332,-0.003979886701038382,0.0,-0.0027525167522938765,-0.11159291656673442,-0.09545743034732268,-0.08869986572844679,0.0,-0.003097579694732233,-0.01048950431812834,-0.0973835940502486,-0.007659360622941702,-0.06639789756309206,-0.092087324345975,-0.08135236724962236,-0.003711977095711416,0.0020805856252191224,-0.004968582578322833,0.0,-0.07453474709147961
-0.0857942599485883,-0.11536211335363444,-0.007832930306032215,-0.002512026338411799,-0.0019224311444509534,-0.10889175207328905,-0.00861130021413764,-0.07357486638351285,-0.007438896896839575,-0.08423417374865244,0.0015774018787884092,-0.12297011613480244,-0.04550396972594978,0.006016596537552654,-0.011919100158972906,-0.1263536203372052,-0.07072139872903532,-0.08734049265641358,0.0016495079027320503,-0.09663775817720333,-0.11468717134955103,-0.10848903854699943,-0.060465011241074174,-0.10458503461086888,-0.06636706346251964,0.0,-0.14598034025591416,-0.05437116669690639,-0.09927845919043943,-0.006554754330906021,-0.06645627745840649,-0.05633897881351024,-0.04827875337263687,-0.054633466349319704,-0.1085629441094747,-0.00335004756677304,-0.0012990708068584267,-0.056678845214648665,-0.09901569249327169,-0.09135248757257464,-0.09887498036681669,-0.10061431313834579,-0.0027745595581745164,-0.00011094314400644789,-0.02181852230382364,-0.020417460314087643,-0.15713720122300678,-0.001474197262379462,0.0,-1.0224056723240338e-05,0.0003030649404708319,0.0037285900218255175,0.006157231343350222,-0.002194818560331546,-0.10330233133641431,0.0,-0.11498847596156336,0.0005963332105724528,0.0,-0.00837845501283807,-0.12337746894499074,-0.09533773223473285,-0.08408361785870655,0.0,-0.0041665836323986905,-0.01236109606812874,-0.16036953930652043,-0.00911738432837289,-0.053014739626413676,-0.09171317358153003,-0.0811426515631764,-0.01023394460886462,-0.009086455305212682,0.0011582861183342952,0.0004787903260284887,-0.06980223475224095
