0.0,0.562612266011532,0.35822444713119705,0.0,0.3040441425598931,0.3745364908939089,0.44219907336962094,-0.05183080514457988,0.3650044266154534,0.23712774364430053,0.3463305842608834,-0.004639162674501762,0.45784749216468823,0.44328877714963627,0.3494125900845806,0.7264011785288171,0.22520832051393078,0.530023108574844,0.0,0.41867274591216136,0.13256726457957646,0.5476484480953063,0.02816479363853397,0.1748049469900766,0.37492430662435355,0.4486807668487449,0.23669630446242723,0.1446420999087196,0.47746565808027924,0.5136291000247714,0.4038491713374831,0.5083938825658911,0.35303221874146307,0.21392691413132311,0.2447626481508858,-0.13108181283398257,0.4460589448284257,0.2813438568820529,0.31083427355445287,0.3592633128513892,0.2914389435147508,-0.033305675702316684,0.4915454799361443,0.0,0.44949459300146755,0.4280234829876566,0.32744198766802174,0.0,0.0,0.0,0.5050269714577476,0.0,0.33870245561432916,0.0,0.5346475671937594,0.0,0.572079729380619,0.8051268765137225,0.0,0.5510107223903918,0.35931219186765573,0.3338787757682063,0.4051724881075376,0.0,0.4647521549539376,0.479453903513683,0.3078075882298014,0.2693223918517473,0.5452255058977227,0.42940819319086776,0.44465235176882856,0.49803189787239593,0.42830170407905055,0.5169070586584213,0.0,0.22774922896911132
0.562612266011532,0.0,0.4809542072550447,0.30102868739955446,0.401176880877278,0.4618570123506197,0.37479468068771304,0.010124952649145369,0.3344692765287745,0.40636673204103,0.30336357631112804,0.46437956136843034,0.475999225932746,0.5426244854507536,0.45394270344859755,0.4894088040083099,0.8480779823751297,0.6181693879731892,0.5170035758458886,0.3519434736922825,0.35578166996255056,0.5160884559482626,0.33689637518052507,0.4641458479766939,0.4272450127466747,0.3931925119908189,0.41502218487241066,0.5260559905220747,0.44580238778104375,0.4846346368593503,0.4590119168972497,0.4907781622206425,0.35058070787727724,0.3409198436087062,0.40446453575445085,0.5284971495278211,0.19443702650485573,0.0,0.20432163035025383,0.3415375388707849,0.20071233881405315,0.19342092566124572,0.5940399306163607,0.0,0.0,0.39544310190388854,0.2610464393622409,-0.04940644042416536,0.0,0.0,0.5141269613086827,0.5610278650850606,0.56013188591323,0.53548282594852,0.6403151715093527,0.0,0.4258711723008911,0.5611731789681176,0.0,0.15178711755086904,0.30458544044318414,0.6717461630021546,0.4306498532647925,0.0,0.2359925863790683,0.2721304587239004,0.2742141344495989,-0.020157049841911412,0.39465268616910687,0.330227464648861,0.38140018233543915,0.6302678858278488,0.5142211866706548,0.5052790548558188,0.0,0.2682029220420625
0.35822444713119705,0.4809542072550447,0.0,0.520392466033769,0.3419782870688657,0.2158298973477228,0.240685407356095,0.40347254962799284,0.268450510153648,0.5080483640278369,0.38326774268903413,0.6153061539854343,0.3260728473527077,0.44225731072194097,0.4046733684004915,0.33077998427467087,0.5797893446181004,0.5843008479796002,0.3948989160585813,0.33612011541970277,0.36191759849974925,0.5018109572576275,0.3101645950981346,0.4197099299979684,0.5473400067117322,0.5244780467012379,0.3425074260344524,0.44235070656708797,0.5280759900801901,0.4407459814917295,0.3132594373152623,0.3247429226959141,0.5115091110116413,0.385692115758664,0.43135747813709024,0.5405520263419319,0.2867875397138361,0.5297099405861342,0.7125992613173923,0.4612717956449323,0.4485325039216127,0.4606084897156131,0.34789449585531995,0.6241977880969523,0.0,0.0,0.15324149226497935,0.5442824706734594,0.46021945512297646,0.5778067401339458,0.24417689576235566,-0.09653681115177803,0.43803819319801085,0.4264370966622548,0.30296215896677786,0.6309096932106459,0.4794014967010509,0.5839199184790191,0.26959110134716524,0.29982616536871715,0.0,0.0,0.0,0.504021984457721,0.6739399019390149,0.42745942119114544,0.16415855617784036,0.3450516385406004,0.0,0.6200432686732841,0.4180106069618317,0.23394153060657122,0.48981711848912257,0.6370534073251997,0.6301358517028944,0.47952607091357374
0.0,0.30102868739955446,0.520392466033769,0.0,0.7461247686112451,0.29763854145641044,0.6113399588624973,0.5910098610772445,0.23462390364644112,0.44373211998885,0.4600493116339457,0.38418463621869275,0.4916034572548642,0.4486719588161934,0.6013936614288848,0.06666064575528652,0.5242567512863632,0.48561964585787876,0.3184063255289018,0.58612780439669,0.41765810410515036,0.5512698498761464,0.22519902428032723,0.19497916151941644,0.837989701213864,0.5804342488026464,0.5604740378108577,0.3474226411993151,0.4431602182092185,0.36290575256532465,0.5483378675115251,0.4686173215877354,0.20636998044656787,0.19676236269356875,0.28177570559226395,0.26485328389746177,0.34435845200252324,0.31262696144217555,0.2200003728526042,0.27404726887165215,0.3643683667891381,0.28034805704767135,0.19940321969615343,0.22138769861878385,0.0,0.0,0.0,0.46697245584116964,0.0,0.0,0.5654091626633455,0.0,0.48382992605755587,0.09323993359277254,0.0,0.19070084973843582,0.4763714300656685,0.5105404561043274,0.0,0.0,0.0,0.0,0.0,0.0,0.0,0.0,0.4480916699780214,0.584991725943744,0.0,0.0,0.0,0.4385169651328943,0.43475881146312584,0.6264928250820814,0.0,0.0
0.3040441425598931,0.401176880877278,0.3419782870688657,0.7461247686112451,0.0,0.339809926790266,0.35454885218794224,0.311475959685633,0.3018741989176928,0.48868635585221787,0.4249923716221592,0.3887608978306719,0.5142214875330369,0.5525585684429009,0.4744306742304345,0.5614436912563829,0.5335764306689401,0.4407116730590718,0.47752990494493375,0.33184335288052225,0.4714371438930366,0.30772703267894164,0.0949169499830455,0.5564249979852354,0.44724911828693387,0.40910911500435126,0.2342907842334267,0.47061950084498533,0.35076002962663033,0.22957467934616985,0.29278025349078096,0.33636748504248365,0.4196325844382549,0.32067542171850427,0.18436425370307866,0.47133136855640523,0.7913659916823204,0.13438592346819192,0.5530773223955734,0.6701913126423927,0.412821965711247,0.3805370551757797,0.6104306537766302,0.6463691590647617,0.24759602674510856,0.0,0.41624958766777725,0.5849067145541232,0.0,0.5291057256039524,0.6294585702308098,0.5601006571800826,0.49935917554962944,0.6096641999327912,0.0,0.4937558160647333,0.32357450320508463,0.5962188400177564,0.5661022474858926,0.20940631106047283,0.513686904063691,0.0,0.0,0.5895650300651362,0.20899127220482494,0.43232127281598515,0.3691927722567263,0.19717509687368817,0.0,0.4597674747030913,0.42515591242778195,0.5512710620228787,0.5452355597349531,0.4773178291269541,0.0,0.44939355389734403
0.3745364908939089,0.4618570123506197,0.2158298973477228,0.29763854145641044,0.339809926790266,0.0,0.3390466438317942,0.20755846672687273,0.296856343043192,0.28030440827588515,0.34733550228479115,0.6548213607038375,0.43739290116901897,0.31271313155815084,0.5227532649576218,0.44167478111263836,0.6993388749883032,0.4718926843914343,0.4227341258871246,0.45167043712872257,0.20707683755931056,0.33397542974211825,0.3124195640062942,0.2977795623821002,0.4982164601226433,0.40912942053485707,0.4233798219058568,0.5676763668496627,0.3979180900088819,0.4602795430060409,0.40446394256356305,0.22953614406086156,0.23244521620720032,0.4245077056018238,0.4139939963018052,0.15539030794747816,0.35762224163321454,0.011076996175479081,0.02950801381235657,0.35127487707548277,0.06654848843304823,0.48874148932891337,0.032092964367730625,0.482611356325963,0.23999095916494417,0.5236931885536877,0.48442727994483775,0.16367263128858672,0.6154162937491134,0.46958659283503623,0.17324980068872525,0.6959807849554247,0.3134740383187567,0.22855088102248083,0.5647354141714891,0.19433992351743198,-0.24423442684087088,0.1622009049968109,0.5938267851321746,0.632854826127161,0.5461841998465647,0.0,0.5626485026389827,0.057511934394993136,0.5638455342969484,0.40103096226838075,0.5700869690912698,0.1565221579596009,0.5606099947466501,0.49256695559317437,0.48859605579060444,0.124034357197425,0.15187094371116916,-0.005676113384077919,0.49730761146669655,0.11213286807923695
0.44219907336962094,0.37479468068771304,0.240685407356095,0.6113399588624973,0.35454885218794224,0.3390466438317942,0.0,0.0560632207403467,0.33165049819381626,0.28877679239939225,0.3095376953087692,0.14980617181680786,0.3605078270632539,0.40896772004904114,0.5133181590471145,0.3420754859027893,0.5315754278130885,0.2942173534774642,0.2452969292221952,0.307305043907085,0.39856001708365246,0.3265821127893931,0.10163740324225157,0.4391894994275868,0.4068770137561766,0.3378062268895561,0.1841445461423169,0.5433337052378057,0.3987119739212631,0.1938877813840607,0.34496729834605,0.3740699726351492,0.44351831493295707,0.05410422400460524,-0.07553320871006908,0.6826328337462189,0.5933669956577913,0.16147831983798183,0.5793647938455937,0.4242332203595688,0.46557761919046725,0.45918617438891407,0.5322440928071839,0.7420487460921664,0.33221663700896387,0.0,0.48043235389014777,0.4191328334141867,0.0,0.49238582094119243,-0.12554027423400776,0.5864030334110223,0.0955085236356778,0.6558095859025863,0.5523226357598147,0.4755189157102152,0.39768049585384546,0.48854992225927146,0.29204110818410706,0.34052649142174424,0.5975352609335061,0.0,0.4985567688517212,0.5477104413693424,0.5297386497559433,-0.6063435007127045,0.46553315825630914,0.09330582342479554,0.4615133639195401,0.5359623030979495,0.5496579046454111,-0.061015141628327885,0.5522791417004024,0.42441069732319125,0.7101795161610625,0.5045757517853648
-0.05183080514457988,0.010124952649145369,0.40347254962799284,0.5910098610772445,0.311475959685633,0.20755846672687273,0.0560632207403467,0.0,0.2993666716241973,0.558955699261612,0.4317184311102175,0.6722163344205496,0.14787784900826115,0.7674430143541369,0.19554982420269174,0.17319016433360812,0.4662029421560382,0.08736032869736826,0.39211388787395607,0.14888036610199518,0.19459646031110478,0.11606607570464861,0.3072127728892965,-0.12062907226314529,0.04567199218862056,0.0393212839623992,0.2784702205905061,0.10000257066881668,0.17361534658077715,0.1695452770511907,0.08547829139140428,0.060526509024105835,-0.05165601703895739,0.10523729264108866,0.11985345873695885,0.6427974141582673,0.35810473732215853,-0.4842835199581189,0.14875962594509137,0.4577977160585206,0.06738988870197743,0.1653335562697703,0.4480756422872876,0.47957535933215734,0.0,0.5752813693865912,0.4002323596140713,0.30105143321326455,0.0,0.5448394341869041,0.30622047242548367,0.1523484948217752,0.37392753035207293,0.3223525603072952,0.801257203359591,0.40403372741189264,0.9346541376841695,0.2080936275679192,0.3509011919279603,0.7253882592254057,0.4247107529821772,0.0,0.7581685376824427,0.36921821915340775,0.7101191474313344,0.3703113745700369,0.486668048543649,0.2853130978864442,0.0,0.46997499312885427,0.4534465585512388,0.19020183359692422,0.2209291524595695,0.11034072228283298,0.057723491690058415,0.10299024805220047
0.3650044266154534,0.3344692765287745,0.268450510153648,0.23462390364644112,0.3018741989176928,0.296856343043192,0.33165049819381626,0.2993666716241973,0.0,0.16505988392972049,0.3084782073107182,0.6331966560127429,0.3886287437900705,0.3764078161180524,0.5584767019668957,0.5388629331411618,0.4712193826963508,0.6420187869560618,0.31012989273420843,0.4251843489572795,0.3595040261202091,0.3611769122888514,0.21530333815143854,0.5714347441197495,0.5492886793199261,0.2086242392513872,0.3189736820236251,0.3003506646638546,0.43404792846971774,0.43335342467442994,0.19642049752015767,0.25914424854249984,0.50436677814482,0.23122631155205886,0.18490154067116352,0.2186850647637864,0.23244275017624758,-0.04970753865096028,0.6441501701220289,0.5372803513899086,0.2596723098627791,0.12986479346139174,0.23824730468021532,0.4343286633538649,0.2985526267602092,0.0,0.41150786162462366,0.13678537890807718,0.4550793860199568,0.7265061130815829,0.13054091418808583,0.6655468368973911,0.3781136894768784,0.19827679347876936,0.22781398572073785,0.26730530177427175,-0.25539243396456,0.5530672727537443,0.5807087313078592,0.43801846043808557,0.6567028986498035,0.0,0.0,0.20574021065018588,0.5678265830172289,0.5807930934712149,0.4932550908153852,0.27015527002904133,0.3020753511342715,0.554248382357462,0.28004062324824697,0.22828726763635626,0.5276097039646361,0.5624466881571691,0.46443570223652747,0.6373751020120808
0.23712774364430053,0.40636673204103,0.5080483640278369,0.44373211998885,0.48868635585221787,0.28030440827588515,0.28877679239939225,0.558955699261612,0.16505988392972049,0.0,0.23699427942092957,0.2852158575616496,0.5549289786637575,0.6985315288932594,0.5555995734854424,0.49921519333079034,0.4912286357556237,0.6535766324142926,0.11881541821576341,0.42129520900274864,0.5653274486826696,0.5308377430295192,-0.08140488495092468,0.3604234666368712,0.5906077417244113,0.38259043554496874,0.11254461443366515,0.6756754513412402,0.472928685146981,0.3525908044559303,0.7778040270957931,0.35752415836334295,0.6345429301344145,0.6431138564112638,0.37549852857267035,0.34647539233830404,0.4974192187989736,0.48297592523909805,0.16991315693480724,0.012376216107435056,0.24554273589730385,0.2575083071788735,0.2695907860629587,0.2892531170905809,0.33119592242571505,0.6647361390453311,0.031167095130306577,0.18500670162934207,0.43685673207002496,0.38985169497645544,0.4958388876938506,0.4715456928681897,0.55548298443247,0.32735754912818416,0.43688117781611846,0.3138416646028705,0.41464198846860595,0.20436588584637044,0.0,0.8552301408602998,0.6022409275276189,0.6550178482555549,0.6206293822264153,0.47576949338065233,0.484255089119365,0.5442710711451619,0.38721166811008184,0.5434177771721251,0.6339535248367922,0.5973415647024939,0.5427825398585884,0.4698249943155295,0.3485420383750736,0.46327444154021336,0.0,0.5235278364346729
0.3463305842608834,0.30336357631112804,0.38326774268903413,0.4600493116339457,0.4249923716221592,0.34733550228479115,0.3095376953087692,0.4317184311102175,0.3084782073107182,0.23699427942092957,0.0,0.5770607416030991,0.31279409166210026,0.5656168427862671,0.0,0.4720322306347478,0.534403065588444,0.50000623494475,0.32095082706315287,0.5149825638881425,0.5823404914920831,0.34286122550505654,-0.10255032699010458,0.5682525750343679,0.6539446106682405,0.7111459147654964,0.33310076859014837,0.2841142767896008,0.481789702346024,0.4760310344689653,0.21898286362502925,0.4726528156017204,0.4737911836770425,0.2681430586348851,0.1944715814641051,0.6184493808937613,0.4527192892526517,0.13808762054177554,0.6043242101037811,0.38761594094118956,0.44444155913155725,0.3893315115288988,0.3716315020596278,0.5750904759979159,0.20258463694773998,0.0,0.0,0.15508501817523795,0.4804763708984484,0.4030625031558255,0.2485584391759585,0.4891690945527247,0.23921416355571964,0.29330090935923137,0.45549805805583143,0.3050401709113625,0.3723198245583683,0.5448725855240806,0.5790831962512801,0.0,0.0,0.0,0.0,0.1363940095270043,0.38908281722945104,0.0,0.737420682202477,0.3106322089440238,0.0,0.0,0.946169873696003,0.29312041976946923,0.5115583769900511,0.37881265715716417,0.0,0.5378506434341938
-0.004639162674501762,0.46437956136843034,0.6153061539854343,0.38418463621869275,0.3887608978306719,0.6548213607038375,0.14980617181680786,0.6722163344205496,0.6331966560127429,0.2852158575616496,0.5770607416030991,0.0,0.3620708749934921,0.5742065934585497,0.3105213347251665,0.6023357423289126,0.581136965369509,0.6142940732120569,0.5542186626032023,0.5061027626759778,0.48456805740643677,0.34385766825854236,0.44927529311937214,0.15916306279903655,0.4449293227887502,0.28324785374689887,0.5314934648823364,0.5686352059578529,0.5140748240171158,0.2828244241204965,0.4831788255256696,0.3304164972648858,0.5436496915495282,0.3216025647002018,0.3402761208264366,0.36532930452063783,0.23884364565982602,0.35392474450111333,0.29901443273717443,0.07710586609975145,0.18308809769715773,0.24773808461451274,0.3797149101813089,0.36341037451488156,0.15467640453150436,0.4896988378430049,0.5243706020612595,0.24908620461705122,0.20278206129888604,0.23672037030759005,0.3594248897468011,0.4488644056846677,0.2775278868427553,0.38145687026025854,0.41522314341759503,0.23291495408618318,0.5527361438214543,0.4380463008447858,0.6696189110931814,0.6252692912171713,0.5245850363904749,0.5410387439756446,0.5747681468652555,0.3714242695039688,0.7255847870422953,0.7157118521995447,0.4440374051059904,0.4259573888792715,0.5474666908123101,0.4701480869817527,0.49720551653063083,0.2626718117491715,0.5847980943419647,0.43777079714518774,0.0,0.41327857704847837
0.45784749216468823,0.475999225932746,0.3260728473527077,0.4916034572548642,0.5142214875330369,0.43739290116901897,0.3605078270632539,0.14787784900826115,0.3886287437900705,0.5549289786637575,0.31279409166210026,0.3620708749934921,0.0,0.4505512211891721,0.5705813206932115,0.43290619879442704,0.3892379901502216,0.47949502239412845,0.26698055021244027,0.4499074695948679,0.15180334907726947,0.393983565831976,0.2355594908767029,0.28675822304278564,0.4978607340788882,0.4430562742590578,0.32585569344299076,0.5499666918478097,0.5778777728899125,0.5458117881417888,0.40112630783400705,0.5540069226078459,0.4584734709380007,0.28617924720973004,0.20106215466930705,0.7429912043294953,0.6492287169796473,0.2602610707015898,-0.0629373570716314,0.39238725207177944,0.37174774813653505,0.4128527148351252,0.5691725173316269,0.39374767591239673,0.39681020077637585,0.5878660449270503,0.5393522915399984,0.5567467108750682,0.0,0.5650592039870639,0.06483839219078874,0.5629911480102984,0.09581927092433751,0.6225813933158556,0.4799626465427065,0.495425748893461,-0.16754104553799293,0.5483300654601189,0.3602117721337241,0.47861489033030546,0.5031884997141998,0.3818495073568955,0.5341478735458844,0.5279625544828214,0.4546198752951406,0.5576082745747114,0.457681022120554,0.08647504158576458,0.5079856067635221,0.48903414661599853,0.49015728925561985,0.047483393608848845,0.5821843629911697,0.562021227879508,0.5270788756346922,0.48658513197497866
0.44328877714963627,0.5426244854507536,0.44225731072194097,0.4486719588161934,0.5525585684429009,0.31271313155815084,0.40896772004904114,0.7674430143541369,0.3764078161180524,0.6985315288932594,0.5656168427862671,0.5742065934585497,0.4505512211891721,0.0,0.541766106365267,0.6630307209012433,0.46316732113960957,0.4617803724207091,0.46178056032590675,0.3863979982167262,0.5090543917432518,0.2702523802243271,0.5088681562142203,0.5657630722191804,0.5401528292684055,0.4775336332583219,0.5631838517768747,0.3315904962135455,0.4002976561878102,0.8162072449555258,0.6226899114549471,0.3812325298791963,0.2364997338732256,0.40302889886996174,0.36790246103619717,0.47328017220497987,0.17782129970446536,0.3956584819566423,0.7173897449217848,0.0,0.6795617816369219,0.7614209293347813,0.7144903446101072,0.45953626757620314,0.0,0.0,0.0,0.600148355269018,0.0,0.5705466811268933,0.4625500372276622,0.5305573138959272,0.5803102846493756,-0.052067628571608404,0.0,0.19904119055441305,0.37526897502420176,0.7727117613382215,0.46375847606031273,0.0,0.0,0.0,0.0,0.5411441271958867,0.0,0.0,0.0,0.6676800918468291,0.0,0.0,0.0,0.5249026170693113,0.7422845576903757,0.0,0.0,0.0
0.3494125900845806,0.45394270344859755,0.4046733684004915,0.6013936614288848,0.4744306742304345,0.5227532649576218,0.5133181590471145,0.19554982420269174,0.5584767019668957,0.5555995734854424,0.0,0.3105213347251665,0.5705813206932115,0.541766106365267,0.0,0.4972380876672693,0.5427262878006452,0.4087230532914696,0.0,0.6101098820354989,0.36220687429192233,0.4658598578722624,0.32883963207440486,0.2921006156601663,0.33485231482236033,0.5897370766727887,0.33422085332657947,0.21927870112434317,0.4102725935129579,0.4592149051592652,0.25269152888460095,0.20281528899854726,0.19057781991180328,0.1785529292786182,0.1992986682810407,0.6249849483318256,0.3878772248402603,0.34436817596474534,-0.01869212539333237,0.10181172885932527,-0.03115587869452252,-0.0759997830997996,0.42932698751760207,0.6533413831710095,0.0,0.307601844718495,0.16541406819179116,0.38682307183596304,0.0,0.0,0.6244251226830122,0.5798123186829756,0.621293472933933,0.44367818628760697,0.0,0.0,0.5971181652871097,0.5817914086114366,0.4756604094114389,0.5881334473466221,0.21267724328752463,0.6029480639546153,0.7276295998854226,0.0,0.37586620987225405,0.24173252355791883,0.2971332763269734,0.37108644883035957,0.4455972420535458,0.6275957104335171,0.0779433712242859,0.19754936424875097,-0.036981530831805665,0.28799918887012876,0.5774210035511549,-0.11152236819231442
0.7264011785288171,0.4894088040083099,0.33077998427467087,0.06666064575528652,0.5614436912563829,0.44167478111263836,0.3420754859027893,0.17319016433360812,0.5388629331411618,0.49921519333079034,0.4720322306347478,0.6023357423289126,0.43290619879442704,0.6630307209012433,0.4972380876672693,0.0,0.6704331890109692,0.7440710735171457,0.5217128060810138,0.4797028571983477,0.4425680457745662,0.649781658930515,0.3543540775204511,0.6823567452628765,0.6650452620051446,0.5898505585061469,0.4640860613755741,0.4620943792881174,0.5281166889066777,0.5479383481293547,0.5850940033447604,0.5855763964454748,0.518723737898793,0.36039240947533213,0.4366186853252866,0.6027064213970039,0.40068727685361305,0.5557907602491522,0.3790206996365989,0.4961106734935326,0.38095144484540755,0.34381049732599234,0.47773628606565327,0.0,0.0,0.35755275241074075,0.42964705775309825,0.0,0.0,0.0,0.5577804641029634,0.5545020561001104,0.9008961821655221,0.0,0.628878655435775,0.0,0.46844413551592956,0.6476826898131427,0.0,0.15262779947060365,0.46238142449064484,0.5996860703533282,0.5581835723754203,0.0,0.6025496350129949,0.1753283798178107,0.35938930366272326,-0.43937696867355147,0.4139895384641076,0.5231360878367073,0.6013746178111312,0.631444763401256,0.6131645322474903,0.6732171087058445,0.0,0.5128357754839575
0.22520832051393078,0.8480779823751297,0.5797893446181004,0.5242567512863632,0.5335764306689401,0.6993388749883032,0.5315754278130885,0.4662029421560382,0.4712193826963508,0.4912286357556237,0.534403065588444,0.581136965369509,0.3892379901502216,0.46316732113960957,0.5427262878006452,0.6704331890109692,0.0,0.6463138485891176,0.5224666930934094,0.41888228567037333,0.43893100924596085,0.624951523160515,0.4075900680430047,0.6387180710318455,0.5762817048970005,0.44577846287999534,0.6876761463697684,0.595531047599996,0.35497048153935506,0.6020375236263056,0.6869550724605449,0.6587994725262842,0.6377876187432007,0.580839711990311,0.5428565027488939,0.6246336136195119,0.24386020774662082,0.41092268436200785,0.5637447524788751,0.5392800207960169,0.6631002476897264,0.5793309860784419,0.0,0.0,0.45494603670792766,0.6511492891020227,0.1523540852383186,0.0,0.0,0.0,0.0,0.0,0.0,0.0,0.763123325126541,0.0,0.7724540022332005,0.37262357190972484,0.0,0.7868782443249323,0.5491724860578615,0.7639244052975491,0.6738848277394198,0.0,0.0,0.0,0.5553312435282362,0.0,0.6624759825172848,0.7018877733813786,0.7533938453552036,0.0,0.2873927184532954,0.4580013912414928,0.0,0.8531731282914967
0.530023108574844,0.6181693879731892,0.5843008479796002,0.48561964585787876,0.4407116730590718,0.4718926843914343,0.2942173534774642,0.08736032869736826,0.6420187869560618,0.6535766324142926,0.50000623494475,0.6142940732120569,0.47949502239412845,0.4617803724207091,0.4087230532914696,0.7440710735171457,0.6463138485891176,0.0,0.5450678151304759,0.47177124822750743,0.4010624694873809,0.6247969192416594,0.2957349836031796,0.6111064001502111,0.5560823801903743,0.48582387717449405,0.5076409181227015,0.41188440369871654,0.5048940583321176,0.4296400318503428,0.720589997528584,0.6534261720693465,0.6191951821376322,0.5896400702785358,0.4835067902341942,0.55945300241287,0.25534893207242526,0.43407521701849877,0.41445561097331524,0.2896488806577461,0.3453020986207035,0.3831614408456304,0.0,0.0,0.5292217271238716,0.3472104420056414,0.5235214432743647,0.0,0.0,0.0,0.5426232503050732,0.5203101433885398,0.8902827062803718,0.0,0.655220524978249,0.0,0.6817738091890351,0.5080765400066645,0.0,0.5566992178487497,0.47558979077620067,0.6427167775226339,0.4450428683318295,0.0,0.5058927967723453,0.250262869651871,0.3994058953872882,0.759325259578367,0.6678644262918754,0.41052500190666297,0.4535204144222951,0.5407957041400087,0.6803400929937496,0.6585370544644027,0.0,0.43709033329681524
0.0,0.5170035758458886,0.3948989160585813,0.3184063255289018,0.47752990494493375,0.4227341258871246,0.2452969292221952,0.39211388787395607,0.31012989273420843,0.11881541821576341,0.32095082706315287,0.5542186626032023,0.26698055021244027,0.46178056032590675,0.0,0.5217128060810138,0.5224666930934094,0.5450678151304759,0.0,0.4723642630180467,0.4305242405928824,0.588935244066635,0.28234938937262705,0.45646856180964834,0.5710552651210266,0.48756172344394844,0.4158933690214509,0.27646950112160285,0.6539179046917594,0.1321951306902621,0.18512658989986835,0.28842401873553053,0.4846326928245113,0.18927873869584458,0.08684823666090125,0.48196295452715104,0.12218678018051493,0.4705772895327618,0.7077254017191941,0.40039574877195894,0.2728271262052766,0.21213549554179068,0.35069546223466985,0.3120849093824405,0.4253454681823301,0.0,0.0,0.4353469982984529,0.0,0.46746726698482033,0.22497780532080205,0.4907919540856368,0.29423622864033944,0.33999792435542686,0.9290117576643833,0.5686551033041214,0.46654141221208945,0.4356822031020285,0.12117086303833818,0.0,0.0,0.0,0.0,0.39165715343677876,0.4761168327802576,0.0,0.4347426321271122,0.2546066810582006,0.0,0.0,0.0,0.25213871825161055,0.5676856744450636,0.5028699603491097,0.4578148133602118,0.5379052788878096
0.41867274591216136,0.3519434736922825,0.33612011541970277,0.58612780439669,0.33184335288052225,0.45167043712872257,0.307305043907085,0.14888036610199518,0.4251843489572795,0.42129520900274864,0.5149825638881425,0.5061027626759778,0.4499074695948679,0.3863979982167262,0.6101098820354989,0.4797028571983477,0.41888228567037333,0.47177124822750743,0.4723642630180467,0.0,0.18418314117185985,0.3798434427359014,0.3994296510531786,0.519914059490628,0.47398347759314435,0.48489321190150914,0.5536127004862132,0.5015970866767617,0.5281290751002822,0.693640246374335,0.3064519541913717,0.17013610826317366,0.29777405359747694,0.1501128056565432,0.17274054840319158,0.6699776010630694,0.4084453100607868,0.678837786826332,-0.1108506849402027,0.4457002789069988,0.03960418847758829,0.4106874694234951,0.49386800594155905,0.15576874219558934,0.19158424921457828,0.45312594233384546,0.5510873135429426,0.4231387178846982,0.0,0.0,-0.07099904061899581,0.5218761686219544,-0.029494979108240393,0.4173283092374773,0.8930644537466066,0.0,0.5100568768958641,0.584022563443978,0.0,0.24442915420969888,0.5123952895488101,0.483744984132989,0.5715368460759331,0.0,0.025658809641781133,0.12953559975430556,0.2571731464121604,0.0024243144801646688,0.0,0.6143981831728766,0.11301558024523667,-0.01798841494182918,-0.07626052953845858,-0.02183835084337421,0.419913455868657,0.49291018884384985
0.13256726457957646,0.35578166996255056,0.36191759849974925,0.41765810410515036,0.4714371438930366,0.20707683755931056,0.39856001708365246,0.19459646031110478,0.3595040261202091,0.5653274486826696,0.5823404914920831,0.48456805740643677,0.15180334907726947,0.5090543917432518,0.36220687429192233,0.4425680457745662,0.43893100924596085,0.4010624694873809,0.4305242405928824,0.18418314117185985,0.0,0.22240661990474753,0.2022607124731724,-0.020980616391391843,0.23928269100319777,0.4360826804087089,0.27070960693567747,-0.0012588090020135834,0.009439783234070354,-0.031567839514497154,0.16252221824943502,-0.01999166246648948,0.09758476110790215,0.12207506902065723,0.16694925659300658,0.13559189378799585,0.16626802103694996,0.585080751104055,0.04752092432152316,0.09934992497383943,0.07762164826298709,0.013317139883464724,0.5424640693595896,0.0,0.0,0.3768264170602992,0.18630224343655538,0.5874041666542165,0.0,0.0,0.4257640821253853,0.40238637034562286,0.608037670246361,0.4620574867268451,0.5704713674544164,0.0,0.7238419371099796,-0.04483679460721168,0.0,0.30605201237236584,0.17670054597069762,0.0,0.5065105585262106,0.0,0.2587903108858239,0.5675091428942262,0.22428791031295311,0.2335040012404249,0.8147091251892925,0.026830751785606344,0.35184907895654655,0.16248849592420617,0.1775249488222147,0.2618918905049572,0.3994252467187328,-0.07773699034235415
0.5476484480953063,0.5160884559482626,0.5018109572576275,0.5512698498761464,0.30772703267894164,0.33397542974211825,0.3265821127893931,0.11606607570464861,0.3611769122888514,0.5308377430295192,0.34286122550505654,0.34385766825854236,0.393983565831976,0.2702523802243271,0.4658598578722624,0.649781658930515,0.624951523160515,0.6247969192416594,0.588935244066635,0.3798434427359014,0.22240661990474753,0.0,0.52502900460018,0.43147836699590114,0.6685373918190325,0.5248024253687226,0.369283893628159,0.5455704806530722,0.39942925187370143,0.6766396229160071,0.5291531709170904,0.3689750152465112,0.38059242007224475,0.36151274216550244,0.3584547278061315,0.5989685635330164,0.597853087520668,0.48090026169173583,-0.08191065321895313,-0.08271679545778182,-0.026599773152655715,-0.06420484074587951,0.39622472840626805,0.31964818524727073,0.241886285545963,0.3082664499312642,0.2190867201330283,0.48439657394643276,0.46901443779632024,0.2566811088666647,0.6018854161289272,0.5814831372343328,0.6311620801292284,0.5750141352368825,0.4046615568657459,0.0,0.3441013254767582,0.5347493739089931,0.0,0.25367543185380126,0.25300026106835327,0.4649639554042533,0.661009479082858,0.0,0.012116390192178639,0.13183841966317666,0.030678920244945118,0.09241155791973754,0.6853350235551406,0.6374214500074415,0.09485764892998133,0.026071646970946716,0.5234359871772654,0.21647030169988946,0.5545185477845301,-0.08281337483925522
0.02816479363853397,0.33689637518052507,0.3101645950981346,0.22519902428032723,0.0949169499830455,0.3124195640062942,0.10163740324225157,0.3072127728892965,0.21530333815143854,-0.08140488495092468,-0.10255032699010458,0.44927529311937214,0.2355594908767029,0.5088681562142203,0.32883963207440486,0.3543540775204511,0.4075900680430047,0.2957349836031796,0.28234938937262705,0.3994296510531786,0.2022607124731724,0.52502900460018,0.0,-0.04228105399996762,0.2723520789942041,0.17519358757872402,0.20953609870581838,0.21570880364462033,0.3183361559859509,0.3220013926891252,0.23088142355234628,0.09277233931663703,0.0987450605373626,0.2380037087796502,0.2895688339297803,0.3869103194164537,0.2683385349054113,-0.0656150538991323,0.014274307948646203,0.5736136032888498,0.10360952318816641,0.01211956141558107,0.3461278878366723,0.5725369226484743,0.4727597897815453,0.4624993488991115,0.03463477730441106,0.4533395587622315,0.45802950986154534,0.13510549347046796,0.1579197482639458,0.173143439443798,0.26789820924036356,0.30273294256980066,0.5104179373211067,0.45333416569931684,-0.6208253624531278,0.14946923370650406,0.4366249204321868,0.2863949057974056,0.6452123304170045,0.4842550891193629,0.6374603257504652,0.48808396813291755,0.03882570274927438,0.20845539745858566,0.1688269885427781,0.3165448547642574,0.20995552098123932,0.5481673706637284,0.08585674915226987,0.08044207993112773,0.11346344422632856,0.06271506389181492,0.15206080821982004,0.14932197243280348
0.1748049469900766,0.4641458479766939,0.4197099299979684,0.19497916151941644,0.5564249979852354,0.2977795623821002,0.4391894994275868,-0.12062907226314529,0.5714347441197495,0.3604234666368712,0.5682525750343679,0.15916306279903655,0.28675822304278564,0.5657630722191804,0.2921006156601663,0.6823567452628765,0.6387180710318455,0.6111064001502111,0.45646856180964834,0.519914059490628,-0.020980616391391843,0.43147836699590114,-0.04228105399996762,0.0,0.5406685946974873,0.3002331227147906,0.2906670748489989,0.3079811482777276,0.5074293096712186,0.7927673690597914,0.37734149487596513,0.20675727310642028,0.34074052690883927,0.06465262137533517,0.20744910771870329,0.39519081886033974,0.13438337874777917,0.31133824784276415,0.6437269613608589,0.4076139028246524,0.5190652271617935,0.632565034188151,0.5696258656698754,0.35645749055188014,0.35140487516878594,0.1913878127343878,0.2921771774292896,0.0,0.0,0.5046714281600889,0.5971311582388594,0.3498653548655443,0.0,-0.003538676015520159,0.43791403766270454,0.516010596180775,0.4157837639865051,0.45299793029324453,0.0,0.2830186068307969,0.1658688197238423,0.6691948696927259,0.48799979549270706,0.4457351069162465,0.35598550953607155,0.4191477326301516,0.2310279721056622,0.8367758780015628,0.5303487021555106,0.34272835249459777,0.3516400967880648,0.539954464457196,0.6168248859717591,0.615820027785191,0.0,0.4388200530903271
0.37492430662435355,0.4272450127466747,0.5473400067117322,0.837989701213864,0.44724911828693387,0.4982164601226433,0.4068770137561766,0.04567199218862056,0.5492886793199261,0.5906077417244113,0.6539446106682405,0.4449293227887502,0.4978607340788882,0.5401528292684055,0.33485231482236033,0.6650452620051446,0.5762817048970005,0.5560823801903743,0.5710552651210266,0.47398347759314435,0.23928269100319777,0.6685373918190325,0.2723520789942041,0.5406685946974873,0.0,0.2952873367605332,0.5176544723482337,0.4703598744349359,0.49548987489728313,0.39200860607402543,0.6499221674207141,0.38290757133173653,0.4513102371243627,0.4141659432669708,0.3617901288282106,0.47581231444891503,0.5352171039818981,0.5694295921021644,0.3109188651085455,0.161519383729527,0.2786769216154439,0.38712895031316363,0.11085277450713853,0.0,0.45540403578433775,0.22366341255687305,0.4819301519553295,0.0,0.0,0.0,0.5417599765015013,0.5291342303912158,0.6654858441185896,0.3628509581837547,0.5116392126119893,0.5369449405114985,0.6035440181967917,0.45899746913963885,0.0,0.3831266080491956,0.3857891502764239,0.6068196937420776,0.4236590946463126,0.0,0.7064025055920974,0.3592592161823388,0.3233011006643285,0.2516074178640261,0.6008570963563358,0.34525481002194724,0.28045881268874995,0.4859685917783396,0.6540466374733586,0.5770601985295358,0.0,0.29625944897672596
0.4486807668487449,0.3931925119908189,0.5244780467012379,0.5804342488026464,0.40910911500435126,0.40912942053485707,0.3378062268895561,0.0393212839623992,0.2086242392513872,0.38259043554496874,0.7111459147654964,0.28324785374689887,0.4430562742590578,0.4775336332583219,0.5897370766727887,0.5898505585061469,0.44577846287999534,0.48582387717449405,0.48756172344394844,0.48489321190150914,0.4360826804087089,0.5248024253687226,0.17519358757872402,0.3002331227147906,0.2952873367605332,0.0,0.415789084009549,0.49717686594110966,0.542498412590132,0.3373513673781897,0.3471884729810219,0.4647887303003656,0.2819363874985973,0.26509076128624476,0.31703870840039855,-0.030238111200810713,0.3906340363265831,0.32520261078945933,0.21102802090439682,0.17770257221505653,0.3337127746108029,0.1829616370858715,0.2947121054629259,0.5421711261978857,0.5233147550832979,0.23820312635856056,0.3184747404872852,0.5563754832271346,0.0,0.04554907770207698,0.610097926062444,0.4900899181194092,0.527990111693571,0.47185923198959073,0.4463381101071955,0.0,0.5850746669345162,0.6324680926119086,0.0,0.2326532990691026,0.3347851238670332,0.5367087254198305,0.3795616726884112,0.0,0.22438502154224643,0.273003529597345,0.3237147179978973,0.02858833222528462,0.48885752725158116,0.2889631205914517,0.2566570119678171,0.15061101515892078,0.6400742607580224,0.5168437312449028,0.48102270861759,0.34271274188314627
0.23669630446242723,0.41502218487241066,0.3425074260344524,0.5604740378108577,0.2342907842334267,0.4233798219058568,0.1841445461423169,0.2784702205905061,0.3189736820236251,0.11254461443366515,0.33310076859014837,0.5314934648823364,0.32585569344299076,0.5631838517768747,0.33422085332657947,0.4640860613755741,0.6876761463697684,0.5076409181227015,0.4158933690214509,0.5536127004862132,0.27070960693567747,0.369283893628159,0.20953609870581838,0.2906670748489989,0.5176544723482337,0.415789084009549,0.0,0.3330183036749127,0.4551325616392531,0.3557955721300714,0.3352974528750611,0.22117366485011763,0.23395434168685744,0.313891001676453,0.3171504048761544,0.030909613702262362,0.2864886503578582,0.1290281456612638,-0.008010627931981651,0.4361231704903087,0.028635842017579516,-0.1294618858723401,0.2507726710893595,0.6045375002192983,0.34832928509498085,0.3850020016014401,0.46392864870030015,0.18411067536322678,0.5470996548880251,0.6012469602769673,0.15865210339011881,0.04425849852778818,0.2850850565501852,0.25481137533537224,0.616880254215228,0.266881520042621,-0.30196432364786996,0.09817560180705959,0.3393780995369801,0.13699839704422329,0.5886887655978046,0.0,0.5028719004941051,0.2567368639185835,-0.01428448157965806,0.07318325170095913,0.02876959810739016,0.141995716858986,0.0,0.45787211255316074,0.4502005709718684,0.12055884910453257,0.019379678280909363,-0.012824184981511388,-0.10453959401418134,0.024200182109924417
0.1446420999087196,0.5260559905220747,0.44235070656708797,0.3474226411993151,0.47061950084498533,0.5676763668496627,0.5433337052378057,0.10000257066881668,0.3003506646638546,0.6756754513412402,0.2841142767896008,0.5686352059578529,0.5499666918478097,0.3315904962135455,0.21927870112434317,0.4620943792881174,0.595531047599996,0.41188440369871654,0.27646950112160285,0.5015970866767617,-0.0012588090020135834,0.5455704806530722,0.21570880364462033,0.3079811482777276,0.4703598744349359,0.49717686594110966,0.3330183036749127,0.0,0.6043843491335384,0.5267128883846681,0.5509863771721897,0.5096907860504842,0.5383212760751296,0.37422299753478894,0.4132493488994271,0.6010620046452975,0.4423389929405348,0.5659716946930888,-0.06511587231647475,0.2872698573639724,0.4347376374749508,0.2928286037739795,0.5700961990957211,0.3451626979082671,0.5521766644785943,0.5524245213214674,0.47828015262874546,0.6009217590237486,0.0,0.5963222268984603,0.07006964055301379,0.5411130028587726,0.1417729003371105,0.548426387036278,0.3433206257685304,0.5047926528352463,0.3227192392091389,-0.12383182440971735,0.4292991357887327,0.5257196148702455,0.3770633183675778,0.1817276841669281,0.460073183809357,0.607078715861238,0.5824221576825269,0.5967964514902592,0.42490559905487724,0.026753148856637876,0.509896184864298,0.5628924682336376,0.41191342649304175,0.03540354482122238,-0.09312846217541554,-0.12986412623411608,0.5166601501183659,-0.04533500096175125
0.47746565808027924,0.44580238778104375,0.5280759900801901,0.4431602182092185,0.35076002962663033,0.3979180900088819,0.3987119739212631,0.17361534658077715,0.43404792846971774,0.472928685146981,0.481789702346024,0.5140748240171158,0.5778777728899125,0.4002976561878102,0.4102725935129579,0.5281166889066777,0.35497048153935506,0.5048940583321176,0.6539179046917594,0.5281290751002822,0.009439783234070354,0.39942925187370143,0.3183361559859509,0.5074293096712186,0.49548987489728313,0.542498412590132,0.4551325616392531,0.6043843491335384,0.0,0.4369605555721843,0.3566173499516992,0.25588508221330175,0.25789931312513603,0.30491245066594674,0.3004706387813959,-0.1436298369426205,0.34801691728458084,0.5697806897301123,-0.1459115715000165,0.48594016533622375,-0.09423778025799423,0.5163389490224445,0.37696475171968885,0.47195196791969185,0.6037242786890712,0.4148261201866018,0.499347072660392,0.5557661020355238,0.4289826070199114,0.38363392371428984,0.0441455395458899,0.5512543684606643,0.11057401845759557,0.45302724100029096,0.6467033407765735,0.4034364983097046,0.5480120415938784,-0.12045970659213345,0.7852164979133803,0.21390636058448806,0.623387357954025,0.47085815248512575,0.6298544769357651,0.5038422226854226,-0.04452721505565277,0.14567130731203992,-0.023629764298073952,0.023153680678833444,0.431699549833949,0.6440879963946724,0.43247724032687357,-0.012726559821613526,-0.024253919676441582,-0.09355125198690756,0.48318968846143584,0.00489331585252839
