0.0,-0.005978753131594017,0.0011481173031648861,0.0,-0.0025977789836653664,-0.014696096715910656,-0.0036538958012648504,0.013510847991875574,-0.002565429393083074,-0.003516600770747058,0.0004018320652829921,-0.014029279109120163,-0.0038619437407577673,-0.012359838106408338,0.029736457113024806,0.010291989102227728,-0.0014261794895760183,0.013903582181436391,0.0,0.08740696398594255,0.017511874787924764,-0.010147353192866415,0.028204440012495557,0.07378814868931405,0.006580820796647013,0.004844303272414974,0.05916354752035391,-0.0029458105705243987,-0.0053178767696226426,0.0033599507550105545,0.011098259083217543,-0.01837861171131422,0.01430855706992673,-0.0035665623040700978,0.004741438548443444,0.001545209845874751,-0.001339879428582269,0.0011616130256065227,0.0010306702541686974,0.015805949089461147,0.0015003392160726214,-0.020496320737055596,-3.26542721631462e-05,0.0,-0.001247314713921699,0.055754905273202204,-0.01676235779971319,0.0,0.0,0.0,0.0011463176089646643,1.1102230246251565e-16,0.0006128117646759246,0.0,0.013769651036804331,0.0,-0.01631452700236674,0.0014433453644542293,0.0,0.00039356512876431715,0.00012612920404658778,-0.002427789950478876,0.014129708689729403,0.0,-0.0010233676314554963,0.0728028741752601,-0.0172276715888825,0.0009081740706076147,0.09065309412216166,0.005299299961845028,0.005871027616949687,-0.0023049040695640177,0.0005534476504857055,-0.004271697761206672,0.0,0.01606915647371243
-0.005978753131594017,0.0,-0.0039265844729412525,4.6938599653767454e-05,-0.002424069645689586,0.011399086337896214,-0.010348303887963928,-0.01048041867756433,-0.002362561411050068,-0.010776168978885114,-0.000874013395609996,0.0008101921203553797,0.0041322651305423785,0.0015077099471062505,0.022301488604974773,0.02350176939530607,2.4851507759271474e-05,0.02288485119209277,-0.0020745226334424327,0.04416004434604409,-0.005388222145005728,-0.015775963941003057,0.0016660192620898684,0.005997082720997582,0.009289941127721635,0.017899117697652733,0.008063495913120833,-0.02693982822392249,0.03284341271260571,-0.02148973301791196,0.012084661953568332,-0.026429128495380372,-0.0032004150948674592,-0.017176295863469693,-0.018976900451670442,0.002752462975287251,-0.000924310821771579,0.0,-0.03411536758882455,-0.03718643652381115,-0.042986921091855645,-0.04117654451125058,0.0006755999283172831,0.0,2.220446049250313e-16,-0.013720850625584868,-0.042031404650006876,-0.0006740777223578354,0.0,0.0,0.0039091226886227015,0.0013530292637987662,0.003691181689055134,-0.00022083094902869416,-0.0008538835199927708,0.0,-0.0008121822084139474,0.0022407466650251062,0.0,0.012757995237522024,-0.024702611055011536,0.0007716760094915731,-0.01183550563429564,0.0,0.008334303578289792,-0.017281935684254235,-0.007641893919507703,-0.028753758139679453,0.0005150652056286065,-0.015235193748909748,-0.03987738783045475,-0.0077841479585095685,-0.00228076153129958,-0.06305309917744994,-1.1102230246251565e-16,-0.03185880294968513
0.0011481173031648861,-0.0039265844729412525,0.0,0.0046096542978449895,-0.017996379207735946,0.04852357691118153,-0.023204496529968477,-0.014610990341978047,0.04585854429949571,0.0012355566763704307,0.010349979995903646,0.0051592498541953025,-0.010069859949426496,-0.03832166035906315,0.0005131820877306015,-0.003036450792014256,0.0029126205520846327,0.0006091953163340769,0.056459743688597575,-0.0015875506006722273,0.004781428589571368,0.009141158742283606,0.0007109266988889473,-0.0003539186469918021,-0.007797306853777497,-0.0036959070942995664,0.013119416912570292,-0.018221803430847172,-0.017385028575225336,-0.03619127717229026,-0.0024590059669805653,0.012042775673533568,-0.0002042239133365209,-0.013874355645836223,-0.003751193548461429,-0.020560653629468295,0.023497052966883425,0.00628230554242637,-0.02263977185689836,6.687737328925358e-07,0.010432434744959806,0.001716404036885888,-0.018341368047856743,0.002539749994839635,0.0,0.0,-0.0010550834667235054,0.16801133621336134,-7.334236811318284e-06,-0.01088717182397314,-0.037829595550358086,0.0020498533690203047,-0.013890574519209276,0.01080999246926373,-0.0012908603762217252,0.07655583768471619,2.453965252785517e-05,0.019119354224052754,-0.03169554252269979,0.00027703617660845836,0.0,0.0,0.0,0.16493092557817413,0.001866481167045131,0.0004450214949638931,0.00020192895977350078,0.0015463582495676143,0.0,-7.763740099614447e-05,0.001440759139990977,-0.011825208775825158,-0.002540668859220996,0.004755225221656834,0.0006990781308516825,0.006097015655256444
0.0,4.6938599653767454e-05,0.0046096542978449895,0.0,-0.03959103259619148,-0.03365453953018488,-0.03819355267106053,0.0030264233176381383,-0.01152549985682677,0.004032354839109992,0.0036379149836129887,0.004967100104894762,-0.044720875613138256,-0.01646960168128725,-0.031194031925816712,-0.0019507785628279928,0.0015487538568134673,-3.339783364131321e-05,0.008608723802385199,0.00391508691395398,-0.0016500678353726927,-0.025298029231744845,-0.012269243735437307,-0.0017307537882120805,0.00011702331301172153,-0.0015309462845414235,-0.01845335210173188,-0.02830798221747588,0.03750730137736413,-0.0018215371235520417,0.0007404445284131533,0.002334447865575462,-0.0017164052761620696,0.013042350311678441,0.012310661520014754,-0.021387087097707813,-0.0036158437046788228,0.004950131326257212,-0.004079225577205137,0.00027255336853410084,-2.9874268508145452e-05,0.00018571301539893614,0.0012718258104232327,-0.0010655487193169666,0.0,0.0,0.0,0.0018777688576110396,0.0,0.0,-0.000560213331053494,2.220446049250313e-16,7.643538953350237e-05,-0.0003578332097124992,5.551115123125783e-17,0.00017635348434319464,0.0017882586694218383,0.0009260264048823186,0.0,0.0,0.0,0.0,0.0,0.0,0.0,0.0,6.739302434805028e-05,0.004275613471751649,0.0,0.0,0.0,0.0014479304373981594,-0.004011009238779506,0.0012386269511989734,0.0,0.0
-0.0025977789836653664,-0.002424069645689586,-0.017996379207735946,-0.03959103259619148,0.0,-0.017102131399544807,-0.04824946337146141,-0.13381158698615986,-0.01180329658145568,0.04073437839242178,-0.06751725069869413,0.008328580252925155,-0.03368192860454983,-0.03917619799299757,0.0013329871904368962,0.004624464004082174,-0.00019450229528583662,0.003874550622875117,-0.03712290831178827,-0.009113619995771649,0.0020027533157020994,-0.01855442439930438,-0.05326679873752288,0.0007468103193961073,-0.005168310861687064,-0.0006156710159155865,-0.012474500735964622,-0.04260810041225954,-0.04641271456373691,-0.040355135730866465,-0.0236707562577122,-0.06051233517451404,-0.0039970301361537675,-0.03376920526999616,-0.004839820346394685,-0.017405829494993585,-0.0036545060748081615,0.00896161196341766,-0.0062810286464928256,-0.0006819800065156478,-0.0027954112241591056,-0.0006688477981119378,-0.12798248227284753,-0.00432803729787562,0.00029460216293319963,1.1102230246251565e-16,0.00030763188271876185,-0.08579739705692535,0.0,-0.005529025146374988,0.0005476406245678023,0.0026979385005712064,-0.14574733513645394,-0.11752233676976265,5.551115123125783e-17,-0.12345845562763424,0.0011044071185059567,0.0010466725998606874,-0.0022762014271993647,-0.0008402241877875083,6.101458056700926e-05,0.0,-5.551115123125783e-17,-0.15242938341415535,-0.0009057237277935171,-0.00046086473352729973,-0.0014727363686300454,-0.12461835438854535,0.0,2.144169334045154e-05,-0.001452765717644744,-0.13963338367744,0.004462260861306799,0.003248856480902229,1.1102230246251565e-16,0.0019296173198665167
-0.014696096715910656,0.011399086337896214,0.04852357691118153,-0.03365453953018488,-0.017102131399544807,0.0,-0.011699933198689116,-0.03074892590368039,-0.01897448336671087,0.0005836444323521484,-0.04870499428064723,-0.0006764431072813215,-0.0009679905277636958,-0.058904977815794735,0.004106045600313357,-0.002085125415411504,0.008145858259350047,-0.007172741088483203,0.029618238641878403,0.009597864997447081,-0.032265951735128584,0.015606190000039544,0.01817909439634441,-0.0015022907353053339,-0.0001673757522167585,-0.0038175167737646287,0.01863022360784672,-0.018775055529738183,-0.027181709771414098,-0.024648352189324763,-0.02173288270984658,-0.017442170259082457,-0.004185086066163635,-0.02641824760145617,-0.03448683039010941,-0.03536032570573722,-0.02546295396245768,-0.008511291306706414,-0.011850087818254196,-0.0011560456529894902,-0.026438447894414296,-0.003680123230621113,-0.016557223170248825,0.0035926050795188624,0.00019648496821561556,-0.004364454822881225,-0.0021421369830166292,-0.019297643836973744,0.0011819676208140728,-0.005392737166445949,-0.03815164782214503,-0.013007160537497897,-0.029333946259758048,-0.04727103486476336,0.003136282163377191,-0.054004804670332585,0.0004840578958888453,-0.03547868444664748,-0.007059814332219971,0.0034180825706280893,-0.0009308775981279882,0.0,-0.0006776528782472813,-0.0030797865016604087,0.002183360614621488,0.006757735101823759,0.0029388067539752316,-0.019549178612864482,7.086886183760299e-05,-0.0020393215112121665,-0.001857613430745586,-0.027055833680939334,-0.019898481219151,-0.03562540192224417,0.0013163690845090503,-0.021205641763982763
-0.0036538958012648504,-0.010348303887963928,-0.023204496529968477,-0.03819355267106053,-0.04824946337146141,-0.011699933198689116,0.0,-0.06278189964898406,-0.022488683505237472,0.057848763189636054,-0.09214792122187943,0.055012105222870644,-0.020355068298197998,-0.03317018497883406,0.0005083823672227816,-0.011600963530626784,0.027942334960212367,0.00621117388915382,-0.07046672370711282,0.0030432231121756415,-0.0021582436832268126,0.0026606040969094913,-0.02912733810276985,0.06312796648426933,0.022573440800406297,-0.005066877479477483,-0.021774186334617918,-0.03242965787409441,-0.015906667201628366,-0.005376563524012945,-0.017858599680419085,-0.0021147321886995085,-0.034453246052778996,-0.007132445078095628,0.00919635903142696,-0.003586447120652425,-0.02471314673101166,0.019516948218943786,0.006950532560927147,0.0009530302870145446,0.005888562397391217,0.0027128733643214664,0.00042921867842465877,0.0066716117359956195,-0.000194294545839524,0.0,0.0007905432089053144,-0.00015414358263166061,0.0,0.003545204816605474,0.006905570847624609,0.005586282069671489,-0.1042660447232715,-0.002868586795529149,-9.644119774798732e-05,0.006945244023725039,0.0005455164629836751,0.0015771922656132586,-0.001814811857098031,0.0019643363919327195,0.000578694337257768,0.0,4.840351723345293e-05,-0.0014700502570549334,-0.00038573362559407576,0.0016320891065566001,-0.0012080684013072163,-0.03718620796673755,0.00010303153996832348,-0.0003930549647160886,0.0008104373211803018,-0.027500145804872755,0.0018985558416641513,-0.002856101264645139,-0.0013233489978998758,0.0035354140030171566
0.013510847991875574,-0.01048041867756433,-0.014610990341978047,0.0030264233176381383,-0.13381158698615986,-0.03074892590368039,-0.06278189964898406,0.0,-0.026024921477076746,-0.004992133905875551,-0.041369458225748945,-0.0046243810997882995,-0.04290277289586847,-0.03742601629685399,0.0011305395724455214,0.00048449558016910865,-0.00010521050346135041,-0.006774844692290005,0.004509591255162371,-0.0034187573077106292,-0.028779264881167832,-0.01899795950552874,-0.018941630435966583,0.01243545620600739,-0.012707103187353352,-0.00551020733721308,-0.016154404725104488,-0.028160590401244967,-0.012549969257344362,-0.010259785377164932,-0.03159674435804799,-0.02919973320473429,6.302160475929464e-05,-0.036193605235746884,-0.049060826080448816,-0.057222519390769,0.016675418537175135,-0.00039237366381789096,-0.030268710483765948,0.001488020649001387,-0.03276393729760696,0.009996082208720114,-0.11401646524504366,0.0017504058049011006,0.0,0.027087042959288543,-0.001763093621193701,-0.02401253260575309,0.0,-0.030273834717233106,-0.047616700219622776,-0.04210949371338518,-0.08554822928370276,-0.054793583201195706,5.185383807998489e-05,-0.10060275423371978,-8.438098830798602e-05,-0.04075748774902482,-0.10121938997425023,-0.09092581369328956,-1.1123143710323191e-05,0.0,0.0006256529932450738,-0.04528152044972139,0.012591318220083414,0.001261004845149405,0.010938735536085431,-0.041937588228106504,-5.551115123125783e-17,0.002185215896823578,-0.0008252504231250901,-0.033404097926830245,-0.03133765912634506,-0.03788018323695819,-0.02411289586430887,-0.04198103694679817
-0.002565429393083074,-0.002362561411050068,0.04585854429949571,-0.01152549985682677,-0.01180329658145568,-0.01897448336671087,-0.022488683505237472,-0.026024921477076746,0.0,-0.03742677698659885,-0.013802656117318068,0.0033388779942944424,-0.019469925305460156,-0.05045908548673589,0.00602995620530189,0.00010039195693417602,0.0025242341426574555,0.0036948164798121796,0.023253394018613427,-0.002581806552021282,0.00033745899827425374,0.021092420703694048,0.020929047952375823,0.0024789210055150557,-0.009641044670607779,-0.0013835285899041483,-0.031101585744064575,-0.024525741231642806,-0.04773214069372689,-0.005756400280598373,-0.0008484545441394542,0.0022859712769992546,0.00048064746962106497,-0.014946932874841945,-0.02445224952355285,-0.027477628218923522,-0.001223312270031085,0.009437838954637678,-0.01959439664879492,0.002838503125096592,0.005672083673778083,-0.0055773127268073375,-0.015680750637643015,-0.002477225241004133,-0.00024268626772938617,-5.551115123125783e-17,-1.642097290116551e-05,0.0007644083057632978,3.5234017536356355e-06,-0.059091051978283904,-0.03304057453463222,-3.7466353295045884e-05,-0.022614943461154113,-0.005638447082318421,0.0012547549903656474,-0.02462491872507916,0.0019622426854236097,0.0024047915288881727,-0.04391620680665154,-0.0015642436907573054,-0.0009352542235644412,0.0,0.0,-0.013045493823855447,0.0007929333177200681,-0.00013123372712497972,0.00037937005168753313,-0.010276896220983267,1.2382886682205108e-05,-0.0001172919591140853,-0.0032626440392529155,-0.006124914954569904,0.001079484396890984,-0.0015463158222814855,-0.0005983060724721323,0.004808835927172961
-0.003516600770747058,-0.010776168978885114,0.0012355566763704307,0.004032354839109992,0.04073437839242178,0.0005836444323521484,0.057848763189636054,-0.004992133905875551,-0.03742677698659885,0.0,-0.02815790272800195,0.012645885361485643,0.050713822950343435,0.05962552752364081,0.0012712499874448224,0.04489842197472382,0.03236774935739828,0.030543953674955604,0.002999212395942974,-0.0008797462615408036,-0.0007595660696799733,-0.004873261944218332,0.004913900064475729,0.019253720713398426,0.022744593871140084,0.033779549323840585,0.015532582679267826,0.07198135866599176,-0.0017750469785617895,-0.003021157324759882,0.028426611496765453,0.04271636371812054,0.0018851464179132082,0.04277117578385353,0.030917538417927104,0.04938406766341902,0.09858438303218386,-0.006200247562690497,-0.004939781163522949,-0.007157413106212096,0.03448983178712833,0.00010984969971855607,0.002140930358279891,0.0020176810650642807,-0.019969314627321766,-0.007174039854448144,-0.0021240868961002746,0.0003651034191397562,2.000636325771854e-05,-0.0012326958262686705,-0.00032700173706301516,0.0428592074284454,-1.140751725914324e-06,4.41754181556564e-05,0.009747018846824163,0.0005540987760384586,0.011639898107322688,0.03108136318947674,0.0,-2.3828445900320183e-06,-0.0013202494340130433,-0.004361755510492948,-0.026173345810321047,-6.576196441954174e-06,0.0001068465745920344,-0.000791104600982695,0.000382097664897052,0.00019165111519536815,0.0049776760426696876,-0.02016951468867817,-0.014301776360140073,-0.0004989840259669309,0.027570722697252636,0.0013684480899464058,-5.551115123125783e-17,0.018911020079081242
0.0004018320652829921,-0.000874013395609996,0.010349979995903646,0.0036379149836129887,-0.06751725069869413,-0.04870499428064723,-0.09214792122187943,-0.041369458225748945,-0.013802656117318068,-0.02815790272800195,0.0,0.005963466126501837,-0.0897631765828848,-0.036474332178542845,0.0,-0.00019380855658146512,0.0026743587771130284,0.0027882497353666214,0.051703799502202885,0.0001268104129601988,0.0059093367403831865,7.032635037673707e-05,-0.019124794802043266,0.005612501978667139,0.005250829685660152,0.004139641823607099,-0.011113928725315081,-0.06970948782028397,-0.0013419779867703263,-0.0008422709171639897,-0.04400868872369612,-0.11516427041540472,-0.0014672760786393901,-0.06362107715850607,-0.04752782398462685,-0.07656122620032746,0.007021613530213244,0.008351770813019577,-0.10902305869710877,-0.0029279839550281905,-0.001719174719691352,0.0010354095122743767,-0.0831867779555105,0.00034831738092400144,0.00026277322895412736,0.0,1.1102230246251565e-16,0.04462121803957603,6.82263767259883e-07,-0.02127730716617543,-0.09519939395658672,-0.028239535302207686,-0.08361216883669348,-0.019603170518747104,0.0029196986616453757,-0.008958377954576657,0.0031545956548584275,0.0005382994470734537,-0.08163978349617729,5.551115123125783e-17,0.0,0.0,0.0,0.05655039451934718,0.0008228792425062359,0.0,0.0004531722277721917,-0.047523820539863926,5.551115123125783e-17,0.0,0.0006876234548636173,0.008827718520400096,0.002565023551309331,0.00044252121561139113,0.0,0.0011901794659190945
-0.014029279109120163,0.0008101921203553797,0.0051592498541953025,0.004967100104894762,0.008328580252925155,-0.0006764431072813215,0.055012105222870644,-0.0046243810997882995,0.0033388779942944424,0.012645885361485643,0.005963466126501837,0.0,0.0394158386043319,0.0011423515440325827,-0.004117692907468773,-0.0003154761016856966,0.020126810054538424,0.021130291100149023,0.003695263463159959,-0.0018275834730155927,-0.04279594623525923,-0.004603524546184956,-0.01012797172154195,0.01487791566720148,0.018217478132071863,0.04871960385248064,0.003259538378997562,0.051506308608919416,0.001285849599346467,-0.0019879431354125066,0.03125672101618171,0.028152811579024384,0.013201222550266123,0.004894742373223959,0.036877616600017094,0.024138252000469984,0.04948773282414004,0.007519545832735786,-0.015458893513473349,0.010871596663041105,0.05571642444510638,0.005561799619081931,-0.002115727083944141,-0.0007546952560688047,-0.015310402643004928,0.0023877909604045344,-0.00042355473175531566,0.0003310719962879016,-0.0009308558329086392,-0.0025499913544415054,-0.0008880212673982868,0.0009111137926094415,-0.0003524330135589726,0.00027875215848016666,0.01767259873693544,0.0012205315015245133,0.00045543950616916407,0.0041390718013097905,-0.0001187451840099496,-2.0909746465513912e-05,0.0020280095554233712,0.004075682611594078,-0.007020331875507824,9.065097971439062e-06,-0.00019966218214756415,-0.0007225058188752853,-0.00047657375346138453,-0.0017452450359758953,0.01818850664747884,-0.005095081123992651,-0.004550991839303964,-0.0007817150186660848,0.051995974037856385,0.0025804120319955492,0.0,0.031960268042540874
-0.0038619437407577673,0.0041322651305423785,-0.010069859949426496,-0.044720875613138256,-0.03368192860454983,-0.0009679905277636958,-0.020355068298197998,-0.04290277289586847,-0.019469925305460156,0.050713822950343435,-0.0897631765828848,0.0394158386043319,0.0,-0.046775238127157504,-0.006293764880740849,-0.0031984195302691143,0.03816457767655573,0.0013091233318829887,-0.05014213534659623,0.008257545838790736,-0.006585803131232193,0.00873830303911105,-0.020837433088521595,0.029816638974414555,0.017431413119052108,0.01739075568579257,-0.018522172177216745,-0.01678151227408914,0.0018768041351640008,0.0001368207292749002,-0.0019534696452022104,-0.012836198433174295,0.03241952586012231,-0.0013033067416099997,0.003057840672986478,-0.021402733054805,-0.012511283119328143,0.021195932865244127,0.013939425845723608,0.014762850082130297,-0.02907831377762582,-0.009981232890474367,-0.02612216591488281,-0.002547242057323984,0.027050423568057314,0.0010269253603499284,0.00019241063026081973,0.002322800363147026,0.0,0.0007080946207096428,-0.036624684689131604,0.002605005331237087,-0.04952586638602735,0.003964731662964405,-0.00039003217064503826,0.0054965290055988825,0.0033150441503139727,0.00345180126449246,0.000869565581702314,-0.0007852798476067346,0.002538464197963497,8.071676004534067e-05,0.000573087188845689,0.004559093082800669,-0.0006812215230897478,0.0008628338360793797,-0.0007614896558051365,-0.028805035262851608,-0.0007575086533773145,-0.000542737739417265,0.003163226270373354,-0.017839303304087006,-0.03263476721786546,-0.02399919546373047,0.0015066880530236748,0.0013914858071853997
-0.012359838106408338,0.0015077099471062505,-0.03832166035906315,-0.01646960168128725,-0.03917619799299757,-0.058904977815794735,-0.03317018497883406,-0.03742601629685399,-0.05045908548673589,0.05962552752364081,-0.036474332178542845,0.0011423515440325827,-0.046775238127157504,0.0,-6.404352504429944e-07,0.0017774712425011052,-9.167644160784638e-05,-0.00023121602239517536,-0.01826525143814378,-0.0013658740251998869,0.008497306453768116,0.001161576877815762,-0.06633745468463265,0.0009598708198421679,0.0006003240425845324,0.004810762439969307,-0.049874975681085953,-0.030377877286070276,-0.001996674734367876,0.0020371776121053675,0.013807973940248852,-0.07836108801579886,-0.01191137774778378,-0.02075414856272001,0.016421978381748414,-0.035766135781711894,0.013672379616757713,0.011154072019942896,0.009818018903122394,0.0,-0.00012568994116668453,-0.00031484894934180607,-0.09375117879833395,-1.96389540596531e-06,0.0,0.0,0.0,-0.04013619730154572,0.0,0.006024989079042642,0.0019176476793956176,0.003201090528832551,-0.10840943677665682,-0.02978692839255548,0.0,-0.09480111904903599,-0.0004341267830876294,0.004009170833948139,0.0041269529275857475,1.1102230246251565e-16,0.0,0.0,0.0,0.0063864292346229035,0.0,-1.1102230246251565e-16,0.0,-0.08340780019229321,0.0,0.0,5.551115123125783e-17,-0.05344327471203841,0.002181746165882681,1.1102230246251565e-16,0.0,5.551115123125783e-17
0.029736457113024806,0.022301488604974773,0.0005131820877306015,-0.031194031925816712,0.0013329871904368962,0.004106045600313357,0.0005083823672227816,0.0011305395724455214,0.00602995620530189,0.0012712499874448224,0.0,-0.004117692907468773,-0.006293764880740849,-6.404352504429944e-07,0.0,0.013011572760722623,0.0016129486045838304,0.010919892119449048,-1.1102230246251565e-16,-0.025275758511676516,0.02247345663932976,0.023961013324457714,0.035538139275003544,-0.010806253941895105,0.02577117461290951,0.013895257466462141,-0.0022282605029357305,-0.017730891818135364,-0.002572082456230973,-0.0073073863688752905,0.009926730783286764,-0.008384158310561274,-0.007184711803331023,-0.004851845408930688,-0.015346930933945124,-0.007557148036722028,-0.011310652172008218,-0.0003738625587147437,0.006495233607254347,0.00685543160931118,-0.003664644228224545,0.0023289024183595908,0.0049166126977631674,0.00027464007285432634,0.0,0.016248749181738464,0.004787747501609152,-0.0016769929456608157,0.0,0.0,-0.037001567201740304,4.8486620465137964e-05,-0.008700382167145582,-0.0006076278610734343,-5.551115123125783e-17,0.0,0.0005047237542020744,0.0057093484960384355,-1.1184048035017824e-05,0.0415711040571799,-0.00770520565110927,0.000312497528354716,-0.0005841472623921429,0.0,0.041134881893514774,0.022309293573157474,0.03466371182420891,0.0019344868484276745,-8.28136736373275e-05,0.0033754642062344686,0.018159545623371853,0.005784047704256778,0.0032036344091463387,-0.007045099934458066,0.0043546309519239546,-0.005448373506812376
0.010291989102227728,0.02350176939530607,-0.003036450792014256,-0.0019507785628279928,0.004624464004082174,-0.002085125415411504,-0.011600963530626784,0.00048449558016910865,0.00010039195693417602,0.04489842197472382,-0.00019380855658146512,-0.0003154761016856966,-0.0031984195302691143,0.0017774712425011052,0.013011572760722623,0.0,0.02980970803492089,0.045236224428465366,0.00041917492326121186,0.011695260527602946,0.014588871543831095,0.01334788807793208,0.004507343510447459,0.021528405557229457,0.008225949934772436,0.014778628432193797,0.002520355965361376,0.006221989729475574,0.024004933106452908,-0.002651775743914675,0.032300889646799336,0.0021889586879310086,0.029247409536656888,0.02203352974751155,0.012186251311284979,0.002500885376449158,0.0010492898578652876,0.0002195194215397489,-0.01848297307455482,-0.01078768317161577,-0.028647811421174174,-0.025956242646606564,1.4583145312552226e-05,0.0,0.0,0.014424545954009882,-0.03510738735707136,0.0,0.0,0.0,0.0006804424610118986,0.00038728162744450234,0.0017797099638097724,0.0,0.0032965024366801154,0.0,0.0029801075919766995,0.001259041190296184,0.0,0.011548854629894467,-0.023608427463690962,0.0025057483897069077,-0.0020887593962122253,0.0,0.00036192978100474393,0.007422972277177919,-0.0164867657743627,0.0035490507803304094,0.0005730200303343813,-0.011421370050257895,-0.01827774197933385,0.0018121661416415913,0.0006146187066786712,-0.0010959221122691098,-1.1102230246251565e-16,-0.017390980102196585
-0.0014261794895760183,2.4851507759271474e-05,0.0029126205520846327,0.0015487538568134673,-0.00019450229528583662,0.008145858259350047,0.027942334960212367,-0.00010521050346135041,0.0025242341426574555,0.03236774935739828,0.0026743587771130284,0.020126810054538424,0.03816457767655573,-9.167644160784638e-05,0.0016129486045838304,0.02980970803492089,0.0,0.03689630727927157,0.002654091707343653,0.0002355873609630188,0.004044869843819299,-0.0022486828129415493,-0.0008319639381726418,0.012901671374187906,-0.03573249781636162,0.027657639796970945,0.008876730375246555,0.04469389306826316,0.0028587998412102356,-0.0002027574842234925,0.0361401452989103,0.012508061798622072,0.0256383265600183,0.02564842450338639,0.020593369515814253,0.00018085856112404208,-3.290717801857079e-05,0.028540537425310597,-0.0013017451789071321,-0.022771189487856336,0.034480897065450655,-0.0004791196243930651,-5.551115123125783e-17,0.0,-0.0032813067576348276,-0.0014605756173795004,0.001428805973411884,0.0,0.0,0.0,0.0,0.0,0.0,0.0,-0.00154906273963612,0.0,-0.002957935945091583,-0.0005275381003373991,0.0,-0.00022733758416626504,0.0020810613864011285,-0.01378047667538801,-0.052706190494023974,0.0,1.1102230246251565e-16,0.0,0.0008436598617903024,0.0,0.008447613845928015,-0.028781652725750395,-0.026611531987097925,0.0,0.0007808643953873817,8.78863229740734e-05,0.0,0.0015454070505454554
0.013903582181436391,0.02288485119209277,0.0006091953163340769,-3.339783364131321e-05,0.003874550622875117,-0.007172741088483203,0.00621117388915382,-0.006774844692290005,0.0036948164798121796,0.030543953674955604,0.0027882497353666214,0.021130291100149023,0.0013091233318829887,-0.00023121602239517536,0.010919892119449048,0.045236224428465366,0.03689630727927157,0.0,0.00037539193776991997,0.013848821390204491,0.005702426884616862,0.025814652903172808,-0.0009628759676365006,0.003684945576727716,-0.0010656786891163894,0.00978887037358328,0.009811858271404461,0.008753895934669131,0.007116070162369592,-0.003964691953372346,0.017307201026561914,0.004275768714673556,0.02171017672653014,0.014334691651489095,0.025671420508660947,0.008887928025502312,0.00017509812149685278,0.020324058160422043,-0.0070432399188599115,0.0030412546566686016,0.0010061159272526932,-0.012769181377922767,0.0,0.0,-0.0034490724714630883,0.006223678956388701,-0.041016773731896716,0.0,0.0,0.0,0.0016064426802304688,0.0002460121106205304,0.0028354867758024205,0.0,0.030022952709571504,0.0,0.021033091874253562,0.0003321965575436292,0.0,0.0034859327048232247,-0.027511080476675942,0.01848816171412776,-0.002777859399981486,0.0,-0.0011247001650072086,-0.0014108175532348,-0.024287261081127942,0.0022853186774799417,0.012572263596460131,-0.011148056605744583,-0.012412500456950581,0.0002347005620230158,-0.00030925177139973226,0.0020296587539322397,0.0,0.010949578940826599
0.0,-0.0020745226334424327,0.056459743688597575,0.008608723802385199,-0.03712290831178827,0.029618238641878403,-0.07046672370711282,0.004509591255162371,0.023253394018613427,0.002999212395942974,0.051703799502202885,0.003695263463159959,-0.05014213534659623,-0.01826525143814378,-1.1102230246251565e-16,0.00041917492326121186,0.002654091707343653,0.00037539193776991997,0.0,-0.000917727936756374,-0.0009683033208324199,-0.001623455607640767,0.03691453587867494,0.002165873148989861,0.00013263720890205333,0.001621930146771866,-0.018945456224320367,-0.039878817439856884,0.0015805785381949322,-0.008302733460303136,0.0003332883842975254,-0.006229975278724376,0.003241050573582427,-0.02747569071526812,-0.00971034456982034,0.03696348140621947,0.0030421240462427113,0.0013277349945474692,-0.020264348690771594,-6.145943467394943e-05,-0.0015555081559312511,0.0014672036860188253,-0.02633777244423463,-0.001989213716199978,-1.7345461263418294e-06,0.0,0.0,0.0877661551959848,-5.551115123125783e-17,-0.0071473638047148125,-0.009072934905809626,-0.021123218530004317,-0.021818088341817865,-0.03381568635148624,0.0004537798717623165,0.07558323826572377,0.0007068132607097044,-0.00018605727171949749,-0.026103320627574644,2.220446049250313e-16,0.0,0.0,0.0,0.01928556693687311,7.565309554585786e-05,0.0,-0.00025197902595536226,-0.010273546698971514,0.0,0.0,-5.551115123125783e-17,-0.034208017733394325,0.005550996053753865,0.0010425510635845847,0.00026081845409364757,-0.0003588441590490765
0.08740696398594255,0.04416004434604409,-0.0015875506006722273,0.00391508691395398,-0.009113619995771649,0.009597864997447081,0.0030432231121756415,-0.0034187573077106292,-0.002581806552021282,-0.0008797462615408036,0.0001268104129601988,-0.0018275834730155927,0.008257545838790736,-0.0013658740251998869,-0.025275758511676516,0.011695260527602946,0.0002355873609630188,0.013848821390204491,-0.000917727936756374,0.0,0.021803679453866798,-0.007278462941627206,-0.059719589064860024,-0.004297058306876156,0.01138819837413324,-0.003820218401179465,-0.002881842482956032,-0.01652117683920168,0.026442653064424282,0.017218687361132134,0.013449808434916777,-0.007316005503927359,0.004911588511195941,0.0028442489061366594,-0.0017185513154654442,0.015043266361437824,0.006114603595439194,0.0008481567449822869,-0.005443145322808707,6.461296635612568e-05,-0.014315360571928504,-0.0132044370727038,0.0015939176015875578,-0.0030923845301214503,0.000166395631722438,0.0021954452682776404,0.0024929325590110074,-0.00029698197737376697,0.0,0.0,-0.04024810422934477,-0.0028625533498773947,-0.04177706171344159,0.00161354131666136,0.00012257390192010886,1.1102230246251565e-16,0.0017269202747416945,-0.0012623585096173118,-1.1102230246251565e-16,0.00238934678753272,0.00032247342488855857,-2.3198636885102264e-05,0.0011981823789810608,0.0,0.01119162104711946,0.006839241347811109,0.018186355965478462,-0.017243416128931988,0.0,-0.00010552096663790644,0.008713721808992991,-0.017088045558809994,-0.02031465460466625,-0.015902569178590897,0.001961224647805182,-0.01996512796456834
0.017511874787924764,-0.005388222145005728,0.004781428589571368,-0.0016500678353726927,0.0020027533157020994,-0.032265951735128584,-0.0021582436832268126,-0.028779264881167832,0.00033745899827425374,-0.0007595660696799733,0.0059093367403831865,-0.04279594623525923,-0.006585803131232193,0.008497306453768116,0.02247345663932976,0.014588871543831095,0.004044869843819299,0.005702426884616862,-0.0009683033208324199,0.021803679453866798,0.0,0.018695832198609985,0.012112941875747019,0.04409463637764055,0.0007332151450843982,-0.006594352655391211,0.010891226065125215,-0.018145642880982027,-0.002652842423917501,0.000407374889758616,0.010990501182172319,-0.009756528882554849,-0.02370270262457219,-0.011129718518272491,-0.022436791128488176,0.010688213592394746,-0.0002210971009259377,0.0014932456566617014,-0.0164291229318434,-0.02712386679304324,-0.039367261651262364,-0.020553281477027396,0.0022869461325730756,0.0,0.0,0.04633689654693196,-0.035125952111304426,0.00013295541960989254,0.0,0.0,-0.06437966705577153,0.0016392852971682803,-0.07016584196147357,0.0018784322600338688,0.0002630154204499857,0.0,-0.0003996882504334054,-0.019220917331196574,5.551115123125783e-17,0.016439849321103428,-0.025834391025354453,0.0,0.039791591988517505,0.0,0.0278529813411606,0.009044301478809691,0.011910190346843097,-0.04519661998170771,0.002342566205779273,-0.0021074156824215096,-0.01893454909600467,-0.01884740899689108,0.003940057951606957,-0.01864585589721096,0.0032929795882178925,-0.026106503709683593
-0.010147353192866415,-0.015775963941003057,0.009141158742283606,-0.025298029231744845,-0.01855442439930438,0.015606190000039544,0.0026606040969094913,-0.01899795950552874,0.021092420703694048,-0.004873261944218332,7.032635037673707e-05,-0.004603524546184956,0.00873830303911105,0.001161576877815762,0.023961013324457714,0.01334788807793208,-0.0022486828129415493,0.025814652903172808,-0.001623455607640767,-0.007278462941627206,0.018695832198609985,0.0,0.023718071558759213,-0.09346697799563702,0.014707801749573923,-0.007724237006725476,0.008336689646432638,0.01960795149060729,0.044661227816502114,0.011160195375111481,0.0252720666304474,-0.01557467452232647,-0.00010215677566843828,-0.002526065186550408,-0.0223742575631124,-0.02015973842591401,-0.00014656480726238375,0.0001834987221160933,-0.00034132349810034324,-0.018841609975932316,-0.009982766992294223,-0.006151578758265108,0.005969356485918231,-0.0003112660880642548,-1.2505017358444004e-05,-0.006911083150486608,-0.018342547219138472,-0.002436438497038451,6.1499708972068134e-06,7.675031410747657e-06,0.018491390534629615,0.00336721922989075,0.002945824528525043,-0.001670402845753094,0.002129619373235969,0.0,-0.0005428382331653103,0.00022490595440644023,0.0,0.011073546455692584,-0.030878510919041813,-0.00027497622913813524,0.0015676460954716087,0.0,0.02041516839975238,0.0063082841051492755,0.017497517389329142,-0.003934107004631537,0.00046550958465146897,-0.025198595436262017,-0.0015465276603275901,0.011209888555749226,-0.0011203150534098705,-0.011445522878642644,0.0008070043220682055,-0.007672441404775854
0.028204440012495557,0.0016660192620898684,0.0007109266988889473,-0.012269243735437307,-0.05326679873752288,0.01817909439634441,-0.02912733810276985,-0.018941630435966583,0.020929047952375823,0.004913900064475729,-0.019124794802043266,-0.01012797172154195,-0.020837433088521595,-0.06633745468463265,0.035538139275003544,0.004507343510447459,-0.0008319639381726418,-0.0009628759676365006,0.03691453587867494,-0.059719589064860024,0.012112941875747019,0.023718071558759213,0.0,0.02586452136637335,0.0003939723809456286,0.013810064114260057,0.017828517675355593,-0.015173382130708346,0.0010549593686483005,0.0040123131929382105,-0.006204599316537829,-0.0038527215749897814,0.01290246942861667,-0.013372822846832277,-0.023258685163265236,-0.020439331399855376,-0.022159928663488093,-0.005295638250796153,-0.010124683651613342,-0.011207960735138744,-0.012239391080400841,-0.013437079179540679,-0.014712164327986221,-0.013388486201373617,0.0014295157953816973,0.004029637609872405,-0.03678023492274135,0.03931104662836843,-0.0011023634089184497,-0.023924186977664352,-0.027924800040595,-0.020471596035470996,-0.02374521063994628,-0.04579430558748987,-0.0007626664522877302,0.001718147955257543,0.00130924217489653,-0.02378003706311138,-0.05749709695079086,-0.015808473486257413,-3.508624126546955e-05,5.643324984361264e-05,0.0017173740792690295,0.027437660928358143,0.0004138693854381925,0.0025021474858016868,0.01870132083892434,-0.00716119906390289,0.0003684120431349247,-0.002034908893800924,0.027037679545314663,-0.013698556182771993,-0.009237078703583257,-0.008721276495975205,-0.004256630362239333,-0.005483977818751651
0.07378814868931405,0.005997082720997582,-0.0003539186469918021,-0.0017307537882120805,0.0007468103193961073,-0.0015022907353053339,0.06312796648426933,0.01243545620600739,0.0024789210055150557,0.019253720713398426,0.005612501978667139,0.01487791566720148,0.029816638974414555,0.0009598708198421679,-0.010806253941895105,0.021528405557229457,0.012901671374187906,0.003684945576727716,0.002165873148989861,-0.004297058306876156,0.04409463637764055,-0.09346697799563702,0.02586452136637335,0.0,-0.0034397668778332058,0.026787849437140132,0.004693897514932932,0.05024544130072228,-0.004537726102634143,0.0003158181804056026,0.03263062935242128,0.002134788821033018,0.016333328712855644,0.01922713658869324,0.03116579193413377,0.009205918004128899,-0.010854637388431732,0.019870926949308365,0.05297241707653089,0.027415219983117856,0.060528403287479604,0.04873271544788449,-0.0007433702618825366,0.0006537187338648831,-0.026663997602553835,0.05519591857991002,-0.06268935002471132,0.0,-5.551115123125783e-17,-0.00022290099818544906,-0.0002925034196667453,-0.00022219036714626883,-1.6653345369377348e-16,0.0003791146320721306,0.002590719034101907,0.0002961511650976245,-0.024965821978932268,-0.002535930987633328,0.0,-0.001542499656995655,-0.03430332336643088,-0.0025513448231270774,0.0035934602357919343,2.7163290935106055e-05,-0.0012479842069273994,-0.002430550434563472,-0.0023357940821450707,0.0003146207310887883,0.0402298351755766,-0.007201368359602889,-0.0009508944221641169,-0.0012971780881164685,0.026590330070764112,0.002790527556077449,0.0,0.022562683057681665
0.006580820796647013,0.009289941127721635,-0.007797306853777497,0.00011702331301172153,-0.005168310861687064,-0.0001673757522167585,0.022573440800406297,-0.012707103187353352,-0.009641044670607779,0.022744593871140084,0.005250829685660152,0.018217478132071863,0.017431413119052108,0.0006003240425845324,0.02577117461290951,0.008225949934772436,-0.03573249781636162,-0.0010656786891163894,0.00013263720890205333,0.01138819837413324,0.0007332151450843982,0.014707801749573923,0.0003939723809456286,-0.0034397668778332058,0.0,0.010559332787232034,0.0023842905152263727,0.012705431743334605,0.013175082992243126,-0.0015332031627844356,0.011855938848164105,-0.015628948596658643,-0.0031278648657343533,0.0008045467835524622,0.003533755414894757,0.0029627036913703053,-0.0005825453424022076,-0.02182681528003494,-0.01583662642578465,-0.003280100197765312,-0.010990744624572224,-0.024898789900117624,-8.513851678770834e-06,-5.551115123125783e-17,-0.026011535514606,0.0019169127460095248,-0.03998171770375475,5.551115123125783e-17,0.0,2.220446049250313e-16,0.002085608202114453,0.001768310470687262,0.0032135806325928606,-0.0010928629224793984,0.008410716880150604,0.00037617247341359406,0.007935887448387191,-0.0009734956041531073,0.0,0.026193089705577877,-0.025844012915409553,0.002947833151315804,-0.008240901415081325,0.0,0.0015949191702671062,0.004995090676307767,-0.010572929201614734,-0.0030269630424714644,0.012811331789572,-0.019563400325711466,-0.01829397619459827,-0.0008682829999363539,0.04929880835549627,0.0018202452799824242,0.0,0.0003559806004011512
0.004844303272414974,0.017899117697652733,-0.0036959070942995664,-0.0015309462845414235,-0.0006156710159155865,-0.0038175167737646287,-0.005066877479477483,-0.00551020733721308,-0.0013835285899041483,0.033779549323840585,0.004139641823607099,0.04871960385248064,0.01739075568579257,0.004810762439969307,0.013895257466462141,0.014778628432193797,0.027657639796970945,0.00978887037358328,0.001621930146771866,-0.003820218401179465,-0.006594352655391211,-0.007724237006725476,0.013810064114260057,0.026787849437140132,0.010559332787232034,0.0,0.035109285112795374,0.02804534985244017,0.025814019551825107,-0.005126176077295541,0.01815852086069747,-0.014603283447918891,0.0036417459466578372,9.334232171387402e-05,-0.006539289852961094,0.024901690565662382,0.024610748828137796,0.01743031446606408,-0.010373608972148063,-0.003342141749182681,-0.01739708915217908,-0.03002555243708721,-0.0006167506785409449,-4.796935897904975e-05,-0.005620396960883511,0.013664643787957842,-0.03514259182760787,-0.0012000323050676553,0.0,-4.420655747350288e-06,0.004180041346580954,0.0025902459145845103,0.0045730913034015,-0.0009044863242870238,0.010867737087809304,0.0,0.012049535339917483,0.0022430132801213865,0.0,0.013771490905442052,-0.020108354563974917,0.006931929460608888,-0.0030754903650014875,0.0,0.016257791793263365,-0.007123506453358797,-0.014903960439347608,-0.001234556854034785,0.02330713519678801,-0.011616996711834637,-0.01842473818700574,-0.012221287673216896,0.028114863511214228,0.0065816945658138115,0.0006607034430620162,-0.0029656990587892396
