0.0,-0.006261156740577589,0.0010998301175806358,0.0,-0.0025850018292308263,-0.005761505664614752,-0.0038144181872775684,0.008787742218103078,-0.0024889278735085174,-0.004633120554503933,0.0005760663116640696,0.05392065760518888,-0.00395763733912835,0.001631532955681081,0.004985121887799482,0.033907709055893576,0.007473540799449563,0.040323860706191095,0.0,0.020887318590810444,0.009986576849670803,0.001558779141081934,0.029077800229404982,0.06628927084615555,0.02429948953597122,0.03009659296177536,0.07249797895170051,0.07100831805518915,0.031892697611704934,0.003597073554039154,0.018734976182664953,0.013825808045402843,0.045923802728525476,0.0051084985395570826,0.013060607346288333,0.0015981933982981977,-0.0013649007712405181,0.0009190011427727685,0.015368267196199825,0.03145534708915654,0.005505257988781598,-0.029680104886898928,-3.618583382919427e-05,0.0,-0.0014070639125408624,0.04492149750405011,0.006885134470535903,0.0,0.0,0.0,0.0010132841159535833,1.1102230246251565e-16,0.000376569163720919,0.0,-0.0022417985304998833,0.0,0.001023541135998507,0.0013510969566159492,0.0,0.005509807213696094,0.004641072215797237,-0.0025672529924230525,0.020911696099651267,0.0,0.026781365699593274,0.008324610669842525,0.013218536285478477,0.06334271146612502,0.009583198602662657,0.013498738924833997,0.02039621338419656,0.009360967943244924,0.0005618409030267446,0.017845868086460215,0.0,0.038388669810082654
-0.006261156740577589,0.0,-0.004143793486261538,5.2015012270312244e-05,0.026980343856820077,0.01324185040369913,0.031515213469030245,0.004281771273627222,-0.0026587664022091895,-0.011221845323896085,-0.0008979279870013346,0.0007983740136284778,0.022722921743631053,0.0015695950412334403,0.016635700495716388,0.02658842096154307,-0.00043355108063847236,0.03900049849504156,-0.0020834733383142123,0.03084404870299834,-0.003034894767488805,0.03324191447771313,0.037172727565924046,-0.00779701414305517,0.019086491788021076,0.04088370431845706,0.034314540368468927,0.022765183312562054,0.023258582232452918,-0.0018249318467580267,0.01803679927111146,-0.0032226089829138216,0.02513051432770247,0.013115140179584761,0.01186459845730814,0.0025974255800707557,-0.0009206825293150978,0.0,-0.0072735027018386855,-0.011144636455007961,-0.012755837155107252,-0.01915852317827188,0.000748666104665674,0.0,2.220446049250313e-16,-0.00472044544096617,-0.0004958355237098533,-0.0006803873254147552,0.0,0.0,0.008595128338402258,0.0013987896677528089,0.0037670215679351804,-0.0002596951801269176,-0.000994731844737362,0.0,-0.0008981163704752659,0.0022303435494905877,0.0,-0.015340644433629036,-0.0075611125666392165,0.0006290921305603381,0.008137973763167106,0.0,-0.005314512902348079,-0.024949422568384838,0.015301107680940618,0.0050779140834853465,0.00048303644380082167,-0.010927296832513533,0.0032071715290818426,0.008867790344831095,-0.0022979990869575473,0.007075678989793388,-1.1102230246251565e-16,0.0033725607373391586
0.0010998301175806358,-0.004143793486261538,0.0,-0.01452475243857937,0.04487548146078363,0.030436798954614375,0.058151502704405,-0.010138357377760698,0.02268364655498517,0.005512659392384767,0.03463012008748362,0.005040386460230695,0.048988747585593406,0.024010403465510644,0.0004012377356191199,-0.0029872503795347893,0.0030257561072997707,0.0004968041999370842,-0.002885478039878542,-0.0016228659269948986,0.004977405013314451,-0.0032614864795260656,-0.017225297790883,-0.00040794730030380144,-0.008196179409849513,-0.0040367222202253306,0.01220403745414006,0.04975894417665733,0.0006197813748005099,0.06887447697246796,0.043043331526915474,0.028724324525742972,-0.00035581652534522057,0.036630180924738076,0.0394849066467044,0.023614009549856152,0.013553091639952497,0.006288570152137185,0.013344538126232264,7.411016557101746e-07,0.02388736892643195,0.0019467616731073112,-0.01907131430998943,0.0024530770500170163,0.0,0.0,-0.0010605181024986865,0.03327773367823389,-8.127435001226146e-06,0.01066089525263525,0.009095647075371804,-0.029188233728147883,0.024760230806572636,0.020144696225217862,-0.0012360392383798935,-0.05567519756530609,2.7193617550602678e-05,-0.0007434217607227289,0.007811718774083487,0.00028636229155021287,0.0,0.0,0.0,-0.1491407169197915,0.0018909585180392763,0.0005107584690509648,0.00020387211429867547,0.04165974987851351,0.0,-7.463771881588421e-05,0.0014116188286336095,0.03548953182861947,0.007056399695474003,0.004638365918088194,0.0007746834763368016,0.005853167255488678
0.0,5.2015012270312244e-05,-0.01452475243857937,0.0,-0.050234206446438195,0.001003443367048329,0.018863764580942077,-0.03510438216190609,0.01262710329300526,-0.07053946426590924,-0.04053105689450803,-0.04279173647607418,0.020685302038836673,-0.07256100642126648,-0.000289503902221655,0.0658632469920285,0.0016250247613133761,-3.700981152976457e-05,-0.02185840766462982,0.005349879490481824,-0.0017135672887875208,0.0002747112314834266,-0.01209900275817466,-0.0015811784802820528,0.0001296793919527972,-0.001611769355863546,0.010229559591520554,0.033350886837710314,0.001204351401097814,-0.0016825245898180463,0.0006256199424067854,-0.04126342463926985,-0.029791719750637657,-0.043698335477925954,-0.03224754745729719,-0.031116145021543473,-0.01437837231143832,-0.030396209045894518,-0.007924139964144483,0.0003502969673740419,4.436170548793861e-06,0.025655324342056418,0.04340271241234961,-0.0010440419527812383,0.0,0.0,0.0,0.0019149901176823692,0.0,0.0,-0.0005906263719144822,2.220446049250313e-16,8.470188190101702e-05,-0.00039653289470104047,5.551115123125783e-17,0.00018919480633955432,0.0018499434070877174,0.0009381896062025663,0.0,0.0,0.0,0.0,0.0,0.0,0.0,0.0,7.468158433043826e-05,0.004360691006357054,0.0,0.0,0.0,0.0014891097867220648,-0.004043676905650162,0.001239884126108537,0.0,0.0
-0.0025850018292308263,0.026980343856820077,0.04487548146078363,-0.050234206446438195,0.0,0.025016614861481712,0.0042595103514546095,0.0007856754199069282,0.028515181075884966,-0.1246492090583784,0.02241908438644452,0.03592007598135677,0.014825167396055716,-0.027250999046831093,0.0013488281983825567,0.0002907374620906289,-0.00033581347308420106,0.0037513814371827325,0.046142322553317794,0.02430001375417168,0.0021147014243866336,0.009153937118560496,0.037422464462317284,0.00046598485925691824,-0.0055286909972025455,-0.0007233241749547981,0.02788280124357012,0.02047143080260777,0.0034767840948913276,-0.0061549591124942515,0.0644608215673152,0.011349532766565529,-0.00416504066507406,0.04421468240474202,0.028228789318123226,-0.03789262929994244,-0.10411017839486161,0.008550769296005567,-0.006517746165040195,-0.000678663534723789,-0.002629215351971581,-0.0006015343726361033,-0.04106040755792001,-0.004410475577393325,0.00032646340608510904,1.1102230246251565e-16,0.00031927438046536194,0.003923903804762263,0.0,-0.005634054660345333,0.00015930409898323727,0.0027697657718839253,0.0023567962002008502,0.004451824989538999,5.551115123125783e-17,-0.001433198065710184,0.0012238488204643905,0.0011006866474385646,-0.0026647850319239663,-0.0008467109919601534,6.09873911160963e-05,0.0,-5.551115123125783e-17,0.0014226445188244563,-0.0008490349815946097,-0.0004645943788023077,-0.0015405675495351323,0.03359966114526558,0.0,2.3760613874879155e-05,-0.0014367261349270688,-0.002500548353369547,0.004501068034005684,0.0032215752358791816,1.1102230246251565e-16,0.002115894265980467
-0.005761505664614752,0.01324185040369913,0.030436798954614375,0.001003443367048329,0.025016614861481712,0.0,0.03815633748178482,0.01767016436799007,0.03396543742060759,0.027361217504304813,0.04016633233867051,-0.007730529913763273,0.024261809122190392,0.01683792964959374,0.00651019461424196,0.025677930359854162,0.007902319022972115,0.023066117408489684,0.06351900426043511,0.02718426177454708,0.009666944178991221,0.0026251572700257686,0.03704474119550821,-0.001476915961660663,0.02385070577789944,0.017215268057025446,0.025465263855099174,0.0159751747887536,0.02772604607873469,0.023950538291149237,0.04531954311103725,0.029384906044481407,0.036049891746463114,0.042817787459189516,0.03741135425143882,0.010065002229412534,0.01812321553811691,0.026812793275404034,0.043263684557253046,-0.001341958658994724,0.038746344004874145,-0.003992446283804518,0.02537953201173615,0.0037338920693309463,0.00018633881660917728,-0.0013231052980348657,-0.002342386302126853,0.02440358137521237,0.0011858487590094002,-0.003665825715479132,0.03073334348572232,0.00934627863962556,0.01761419042507234,0.038163818201034094,0.0032710073586087463,0.027926032212822638,0.00040356344446024206,0.029353192915931525,0.10320925672914344,0.0029823085953478157,-0.001048893124825201,0.0,-0.0007317598358874688,0.041133690870182926,0.0018883910629912126,0.006830407901007252,0.002692754124276664,0.049564428392990356,7.853333387142225e-05,-0.0022168268795166868,-0.002207303967962704,0.04178016490521341,0.02914763164325962,0.04008767162837473,0.007137040330472244,0.04410821261299902
-0.0038144181872775684,0.031515213469030245,0.058151502704405,0.018863764580942077,0.0042595103514546095,0.03815633748178482,0.0,0.03780039858561013,0.05155450749443086,0.008755038522067105,0.060902862018031134,0.01049119589043529,0.022229464080469885,-0.01081627135879365,0.0003682493008049792,0.036925986397379096,0.020342354001565532,0.03073163176298077,0.06462598561828709,0.026227532100132234,0.03170151762842138,0.017365662930973746,0.04774880103644652,0.006504222697496731,0.03296954930276297,0.04385313045338257,0.04399163331549155,-0.021011837359785013,0.02645858796291184,0.03388107304575161,0.022384453190122,0.016639307223417832,0.020294755792762575,0.0013053532003527435,-0.019537899584580132,0.0015196864970992152,-0.014206211738471863,0.042405912218878405,0.00714513794008681,0.0009469499068192055,0.006345038140001202,0.003067065496837329,0.0005608001212952796,0.006894906335814244,-0.00021530751365494982,0.0,0.0007599754675162163,-0.00033190088244461347,0.0,0.003690128178588714,0.006332152265712432,0.005487230399607634,0.03300636298279891,-0.0033841365385405275,-0.00010687131957981544,0.007112153090484352,0.0006045141040648683,0.0014283790525956297,-0.001700148239059951,0.0020125737481019312,0.0005541489889803186,0.0,5.363836078187134e-05,-0.0014973834485495496,-0.00038080322729633354,0.0017163414567396562,-0.0012395890420476285,0.03901656000652842,0.00011417440774147414,-0.0003703785080942934,0.0006943143975227661,0.023363643095151265,0.0017571425628155612,-0.0030176380879045617,-0.0013895606443322661,0.003518559201377447
0.008787742218103078,0.004281771273627222,-0.010138357377760698,-0.03510438216190609,0.0007856754199069282,0.01767016436799007,0.03780039858561013,0.0,-0.010311359103100493,-0.005382199589124725,-0.0637705400725736,-0.005273185477982223,0.030129863815079816,-0.020824990185200343,0.054397776072755755,0.017412511224106253,-0.00014346268387688266,0.03102559505656527,-0.011285733891113925,0.024398896014428517,0.03409563560991974,0.016157099210736547,0.020056325703174394,0.024282731797113932,0.03175950839312919,0.02287508532335475,0.013111499336039834,0.02959885465218487,0.012888331039720369,0.02031520087032118,0.022932959841322986,-0.035981533751276884,-0.1112585672660823,0.01795746314780039,0.000479374863360027,0.006912430110401324,-0.113741209568887,-0.0007372675937195594,0.025476369777913566,0.0014505043018632757,-0.008250776091432432,0.009912380647728203,0.029945535857340944,0.0017535858458879172,0.0,0.002544687842437887,-0.0020513195114509886,0.019353574399419315,0.0,0.008327340435643593,0.010590280764061322,0.0177095440919105,-0.013566304488429826,0.021653264681793405,5.746183405314076e-05,0.005538038083295449,-9.350679770159243e-05,0.024750615473873416,-0.0021248597594096807,0.009274531812764164,-5.1031062969553176e-05,0.0,0.0006105161301083739,0.04864603288382152,0.012034770048896637,-0.010842488204814704,2.4606145457128914e-05,0.027865851561539423,-5.551115123125783e-17,0.0022119431743438667,-0.001227976085171667,0.018475272689385647,0.020210771494409918,0.019375382600546776,0.0032329795882211076,0.003118022988742697
-0.0024889278735085174,-0.0026587664022091895,0.02268364655498517,0.01262710329300526,0.028515181075884966,0.03396543742060759,0.05155450749443086,-0.010311359103100493,0.0,0.03319961200256394,0.022419326230858516,0.02966460453936981,0.05786523213550537,0.012191143672935889,0.0062933822327849165,-0.00028857206040233674,0.0024780402779340793,0.0034611843725640967,0.006304594650219597,-0.003096846346544724,0.00035046413510803065,-0.0003383668817147911,0.016166856910482585,0.002121296491563618,-0.01026799609517487,-0.0018823803019762941,0.01072539123727173,0.0628486034349452,0.00986518276631998,0.05167786341993691,0.06355576308548738,0.04959269704701197,0.0673078878744261,0.056044855351514156,0.06330666398105866,0.0284623889996396,0.041172702229161307,0.03221619831630901,0.030858300427187124,0.0028624114961495195,0.006198156161344892,-0.005226983102538718,0.00974595722717625,-0.002440740314204437,-0.00024978332333164266,-5.551115123125783e-17,4.157654911018938e-06,0.029128139370790063,3.904457883285861e-06,-0.00021660340035789538,0.024257093680025488,-0.0005233420549174417,0.0310239727547299,0.00364597765015362,0.001351309581011817,0.02858217596030066,0.0019853858878395303,0.0020330229762073326,0.014821003367194385,-0.0016454132208565397,-0.0009858275621649204,0.0,0.0,0.039163973654124606,0.0007749326771443465,-4.42331520831285e-05,0.00037003981557220955,0.04152085952601958,1.3722096685209184e-05,-0.00012997709214868092,-0.0033945790428590583,0.02494403553564828,0.0008165564229081212,-0.0016923020541537714,-0.0005743577676167178,0.004640968972643766
-0.004633120554503933,-0.011221845323896085,0.005512659392384767,-0.07053946426590924,-0.1246492090583784,0.027361217504304813,0.008755038522067105,-0.005382199589124725,0.03319961200256394,0.0,0.041427892660854504,-0.010246485102164249,0.019637984341614123,-0.2007020150283047,0.0011441236055206305,-0.0023177258955222046,0.02211075001963736,0.023535200799836398,0.0341521105596147,-0.0009755157814743676,-0.0011303700705609931,-0.00565404462189989,0.0020277362229909612,0.0008343348316319776,0.021319199627429675,0.03468617432637772,0.025369160703609395,0.014938935442458445,-0.0022556326316897635,-0.0031119365515472897,0.024507757880749936,-0.03165325887888576,0.00323191641278725,-0.00929073315829232,-0.009527353349976841,-0.06337972046714568,-0.02322537191318097,0.0007133284098943538,-0.0569585319019158,0.00816939782978976,0.022365763579533515,-0.016426079021273687,0.11225172058599686,0.0021766104835976297,0.04258194463780424,0.0541218978680611,-0.008741492165616205,0.0004045893777524512,2.217005274995909e-05,-0.001240521157199248,-0.00040604233304708526,0.037205664672585737,-1.2641240995092673e-06,9.740264706736834e-06,0.009731320874096061,0.0006597118514732325,0.028156599142706573,0.010521025168972575,0.0,1.2971533798922241e-05,-0.031079777351772975,-0.041482119080322954,-0.05225304739982817,-7.28741251643239e-06,0.00011840203860874476,0.037183479452726376,0.00032485078699756587,0.00019321232163677093,0.021693871962124023,-0.06020800782255714,0.008613756286604657,-0.0003892458833849588,0.014897481086063258,0.0013375598146640466,-5.551115123125783e-17,0.01569461135772815
0.0005760663116640696,-0.0008979279870013346,0.03463012008748362,-0.04053105689450803,0.02241908438644452,0.04016633233867051,0.060902862018031134,-0.0637705400725736,0.022419326230858516,0.041427892660854504,0.0,0.032118922640582914,0.059584220640024665,-0.020999764399223353,0.0,-0.00019077784662285824,0.0025634097545466084,0.0028423261538940703,0.04231309592770238,0.00012642237839216586,0.005914031979588896,0.00010390893619038888,-0.038585153922948034,0.00523276253830951,0.005096256917229758,0.00392856006632597,0.03487988452843804,0.06370224776618766,-0.001616392610873818,-0.0008394145824635046,0.06547702749797313,-0.023139736946986178,-0.0017990945010434856,0.05720695577683926,0.05461971708107627,0.030948868765914794,-0.054002549023398794,0.05734539874027883,-0.04150913196109046,-0.0029947365891559996,-0.0017031307636652393,0.0011421886306137718,-0.04196623973863861,0.000297630794509951,0.00027519916023271973,0.0,1.1102230246251565e-16,0.10199804598860523,7.560506382064958e-07,0.0002145754270788669,0.09867165234001407,0.004929428008658199,0.0022393212148028585,0.06791173927062932,0.0030056435659182035,0.14044466574905817,0.0033296489671708063,0.0003454854525574702,0.012259062687175193,5.551115123125783e-17,0.0,0.0,0.0,0.21073734729070387,0.0008231646455522101,0.0,0.0004540925280800412,0.019167205344301885,5.551115123125783e-17,0.0,0.0006984002526630451,0.030691244749706137,0.0021737399993581596,0.00044596868221929986,0.0,0.0011339974762601956
0.05392065760518888,0.0007983740136284778,0.005040386460230695,-0.04279173647607418,0.03592007598135677,-0.007730529913763273,0.01049119589043529,-0.005273185477982223,0.02966460453936981,-0.010246485102164249,0.032118922640582914,0.0,0.007130597181985887,0.0012804847083282,-0.00412153330104309,-0.00041900690927776374,0.002364999583573335,0.0150962775956332,0.0036301934589269558,-0.0019428675486268254,-0.003360731974275444,-0.0046723526310462615,-0.010648259731737109,-0.007676344737025664,0.01600997517005681,0.009760121534940602,0.0032208064724286167,-0.011284167655168431,0.0013703816175394956,-0.001958935622413005,-0.0008094090845501278,-0.01879534637563013,-0.009059917377036986,0.0019927107398829413,0.005625640072178362,-0.04435782274151295,-0.03865715091972605,0.0035777703580599785,-0.02698178458636885,0.013691733551208896,0.053319368611920825,-0.029503945883974758,-0.0022488950002101937,-0.0006985893586387015,0.06359495407206467,0.001912196820634593,-0.0004094153769848008,0.00036687745429769825,-0.0009353564007716086,-0.0025309467636780436,-0.0009693377837998174,0.0010265196570435897,-0.00039054866698107205,0.0003088992226157883,0.01243683006424895,0.001285956077081818,0.039961788686826316,0.03225050971000776,-0.00013158748341191018,-2.31711369106935e-05,0.002023939190560431,-0.03231345101639865,-0.030927334346930457,-2.4512692750999765e-05,-0.00021521626255233128,-0.0006874116663578844,-0.0005281152360074315,-0.013310719511446634,0.031062759657264294,-0.0430896019703243,0.015236222339430006,-0.021344188737973557,0.0348429073984291,0.002732396446623153,0.0,0.02207951592774221
-0.00395763733912835,0.022722921743631053,0.048988747585593406,0.020685302038836673,0.014825167396055716,0.024261809122190392,0.022229464080469885,0.030129863815079816,0.05786523213550537,0.019637984341614123,0.059584220640024665,0.007130597181985887,0.0,-0.010162222330837356,0.04064208519855106,0.02995180082603005,0.020299192561613277,0.03363754495664689,0.05756322138290243,0.018526375716391486,0.018791386188320214,0.009010853833888832,0.04688058323289673,0.020070498977305562,0.028732007583615715,0.03902707852014675,0.04254817398574645,0.023030466957165985,0.026205880801295656,0.030283531210246073,0.0027464237476136355,0.011025910419237672,-3.9549309174824465e-05,-0.008166522013896449,-0.013525448110460858,0.017504693841283725,0.014167166940503573,3.952509044036212e-05,0.09022851775103236,0.002964579576552051,-0.0031411611670544848,-0.009576831933568841,0.0026658758546755368,-0.0024142876440788053,0.0018920129806515584,0.0010363135746174201,0.00013007367892825528,0.001999375480227883,0.0,0.000824737568534073,0.023950997313687605,0.0024098985455435207,0.02704849658495878,0.003794273022182937,-0.0004326613168372795,0.005426046190842915,0.0034350913771884484,0.003443555309523616,0.0009989362712101157,-0.0010271115393566954,0.0025631448440977533,8.94462829131859e-05,0.0005560917955182432,0.004770780009968223,-0.0008813802077948796,0.0007643419137566276,-0.0008079669014088853,0.04647357196282692,-0.0008754842446791478,-0.0006768887974504811,0.0030360506052868885,0.03572820566017404,0.004064250567299699,0.06923600474282038,0.001429858407453799,0.0013052263984003054
0.001631532955681081,0.0015695950412334403,0.024010403465510644,-0.07256100642126648,-0.027250999046831093,0.01683792964959374,-0.01081627135879365,-0.020824990185200343,0.012191143672935889,-0.2007020150283047,-0.020999764399223353,0.0012804847083282,-0.010162222330837356,0.0,-8.661991088110277e-05,0.0017937424695292914,-0.00010159125475206476,-0.0002293708162817154,0.051283519491891194,-0.0013899050987272177,-0.004146088665124004,0.0011577072741744687,0.03104325626342297,0.0011738685059067278,0.0005718446635218921,0.004910101138057288,0.015919519513720004,-0.0016785702105422962,-0.0021448523099749095,0.0020770573041151152,0.013756516276781872,-0.011226279449695203,-0.012206029569895194,0.010383870087369684,-0.09793734358767581,-0.011064566962407624,-0.019388601568531783,0.0008047931404013275,0.009782025977291109,0.0,-0.00013928331650847614,-0.0003077450159072459,-0.014950499102744541,-2.1762908223310617e-06,0.0,0.0,0.0,0.02203272397555356,0.0,0.005979603686857238,0.001888385901720746,0.003097933494904781,-0.010920212307238275,0.033554706466945694,0.0,-0.010926806571639636,-0.0004407935642870564,0.0039899739161114445,0.004040555268667312,1.1102230246251565e-16,0.0,0.0,0.0,0.04765039292403145,0.0,-1.1102230246251565e-16,0.0,0.010460581129753233,0.0,0.0,5.551115123125783e-17,0.02942407423300991,0.002218586617173446,1.1102230246251565e-16,0.0,5.551115123125783e-17
0.004985121887799482,0.016635700495716388,0.0004012377356191199,-0.000289503902221655,0.0013488281983825567,0.00651019461424196,0.0003682493008049792,0.054397776072755755,0.0062933822327849165,0.0011441236055206305,0.0,-0.00412153330104309,0.04064208519855106,-8.661991088110277e-05,0.0,0.03780545179152062,0.0013517581434992487,0.039687538621600627,-1.1102230246251565e-16,0.0535308822561118,0.012421303882495904,0.06783138973430136,0.07429842109008955,-0.011116655688509114,0.027754321442509,0.07161767030151944,0.07690539933885282,0.007761726069588748,0.023609446834223224,0.0060344644913608025,0.01703250519067906,-0.005698525708990876,0.007186578038134883,0.009381711403237958,0.006494878751281963,-0.0034031243725686777,3.943825669688872e-05,-0.00037742223942882624,0.0008629805837609417,0.015321644276356239,-0.013516366327714302,-0.021722028463256993,0.005266934378718502,0.00024334620393279272,0.0,0.023420369049712564,0.009501622136254939,-0.0017047454277784313,0.0,0.0,0.0014873440142055827,0.00011356083004898654,-0.009159440786535356,-0.0005910862544082907,-5.551115123125783e-17,0.0,0.0005593096611656856,-0.008391615889007276,-1.2393603559979205e-05,0.0195344551603977,0.0017657735832466437,0.00034629415644504835,-0.0007599093716343375,0.0,0.023979288202852334,-0.008172791587492845,0.023434568163470115,0.006529099750008649,-9.176997784698937e-05,0.0030096692831726446,0.00432012202667964,0.012181498600647656,-0.010264811762099979,-0.0008935083980855518,-0.037275860325974686,-0.021271713125065705
0.033907709055893576,0.02658842096154307,-0.0029872503795347893,0.0658632469920285,0.0002907374620906289,0.025677930359854162,0.036925986397379096,0.017412511224106253,-0.00028857206040233674,-0.0023177258955222046,-0.00019077784662285824,-0.00041900690927776374,0.02995180082603005,0.0017937424695292914,0.03780545179152062,0.0,0.0129952879412083,0.016554167238449047,0.00042122491147023045,0.047121492781860785,0.03483075431077087,0.04842150630590808,0.05807147174607641,-0.006980597468172978,0.03912688865559355,0.04819993373247572,0.05367254534707855,0.03336944171096473,0.028449562953707708,0.012264197468144222,0.03659961839734016,0.016838985424307396,0.058463538177457974,0.028915692033950335,0.036294856810376086,0.002655863472399822,0.0010855095222015443,0.00024326046130879186,0.013298128420462851,0.009374920592935487,0.024637137799113085,0.018356319617571837,1.616031343004698e-05,0.0,0.0,0.02875787267973523,0.020953154894717274,0.0,0.0,0.0,0.0005544452585541371,0.0003855698050481693,0.001710498545055672,0.0,0.0033819168447311587,0.0,0.003120458343276955,0.0011719104893946342,0.0,0.010619011843735926,0.00932943175535017,0.0025642934492665637,0.02083348143974023,0.0,0.01559034467428072,0.025978279841197993,0.03619118604594207,0.02028453562804927,0.00038889749016396413,0.013113502700721091,0.0345091624115344,0.014248028564501136,0.00043825585332996075,0.013093480262235113,-1.1102230246251565e-16,0.015185772739706005
0.007473540799449563,-0.00043355108063847236,0.0030257561072997707,0.0016250247613133761,-0.00033581347308420106,0.007902319022972115,0.020342354001565532,-0.00014346268387688266,0.0024780402779340793,0.02211075001963736,0.0025634097545466084,0.002364999583573335,0.020299192561613277,-0.00010159125475206476,0.0013517581434992487,0.0129952879412083,0.0,0.04534914295870213,0.0028290206425933273,-6.150680459765523e-05,0.020878888286593844,-0.05797416758314283,-0.0008215717400179567,-0.0013801494889102428,0.010725128735171063,0.013285055767307152,0.008774178293747104,0.03544457286598368,0.0026901163719109666,-0.0003824407776695793,0.016781214532130773,0.005829140175539649,0.026363802893904498,0.013754112068709967,0.006001747091086473,0.015284659512383947,-3.6466091469344875e-05,0.0072016657365053804,-0.0074578938810923034,0.0037131727452205943,-0.0054506266944204795,-0.0005339629764003484,-5.551115123125783e-17,0.0,-0.0032205849701776867,0.0661958134061747,-0.02480720295954114,0.0,0.0,0.0,0.0,0.0,0.0,0.0,-0.010954838870119943,0.0,0.0023065313335943194,-0.0005799995815035097,0.0,-0.0002519241587336518,-0.014660682290803861,-0.026588054569502695,-0.005312061518931488,0.0,1.1102230246251565e-16,0.0,0.0008933584819529883,0.0,-0.0037991394858870597,-0.028887905903287936,-0.002725949822952267,0.0,0.0008577043276469243,9.73912345406669e-05,0.0,0.0009594457098347497
0.040323860706191095,0.03900049849504156,0.0004968041999370842,-3.700981152976457e-05,0.0037513814371827325,0.023066117408489684,0.03073163176298077,0.03102559505656527,0.0034611843725640967,0.023535200799836398,0.0028423261538940703,0.0150962775956332,0.03363754495664689,-0.0002293708162817154,0.039687538621600627,0.016554167238449047,0.04534914295870213,0.0,0.0003134659981542387,0.06268561755321589,0.02329661009129319,0.04374485839454223,0.039411901015769135,0.02923675167225448,0.030247731863361438,0.05300121394003132,0.054929247621759325,0.04101748183066212,0.04978078415633891,0.056680007827804024,0.036429999610942954,0.030245276186275538,0.07536199406735433,0.024846763308909003,0.032035638843982917,0.009110201545891317,0.0001940349947665565,0.00484689557399598,0.019109277740569253,0.030272989974318376,0.012189848627966016,0.004463979023495601,0.0,0.0,-0.003530976689177956,0.04370418075598048,0.016309159548945185,0.0,0.0,0.0,0.001577524925481577,0.00027261833644298683,0.00287646041412315,0.0,-0.006184217398033376,0.0,-0.006294661154931602,0.000375890668992962,0.0,0.0028849223145932523,0.020838286863309963,0.005125456103847237,0.028791835506343788,0.0,-0.006359829038357967,-0.0077623046376449345,0.018426628410530554,0.0021911070166871216,0.0531721061950195,0.017638859419306097,0.027998862976194583,0.00012106315001836343,-0.0003966233052575263,0.0017994298552923005,0.0,0.01425520008376252
0.0,-0.0020834733383142123,-0.002885478039878542,-0.02185840766462982,0.046142322553317794,0.06351900426043511,0.06462598561828709,-0.011285733891113925,0.006304594650219597,0.0341521105596147,0.04231309592770238,0.0036301934589269558,0.05756322138290243,0.051283519491891194,-1.1102230246251565e-16,0.00042122491147023045,0.0028290206425933273,0.0003134659981542387,0.0,-0.0009242342834013262,-0.0009626566029242167,-0.0016014502639123407,-0.017090715966158188,0.0021646165054275412,8.410216895682332e-05,0.0016242020499953602,0.013819973286461007,0.05989992269527228,0.0014425388304997733,0.00044248845661565284,0.0486587255000826,0.03830785307563683,0.003150768003502169,0.04603805761566604,0.0482787522852588,0.05377321549838887,0.022824527233467284,0.0010961278855340928,0.005088034841400135,-6.810627654579848e-05,-0.0013741561971392646,0.001581355618644087,-0.018343947817770434,-0.0019534035091321456,-1.9221374031319627e-06,0.0,0.0,0.10090517440937125,-5.551115123125783e-17,-0.005389063211358125,0.004944785494782611,0.000434888958095736,0.028448683270804853,0.0024052656006489093,0.00046055927464694335,0.10620531054769855,0.0007832551609938676,-0.00021058601961021495,-0.0042188965065596,2.220446049250313e-16,0.0,0.0,0.0,0.10411562715347811,8.383498276753887e-05,0.0,-0.00025044231029597297,0.04193886639559552,0.0,0.0,-5.551115123125783e-17,0.03433606440303738,0.005529108068049737,0.0009858738914133025,0.00028902598692925885,-0.00041212682637870035
0.020887318590810444,0.03084404870299834,-0.0016228659269948986,0.005349879490481824,0.02430001375417168,0.02718426177454708,0.026227532100132234,0.024398896014428517,-0.003096846346544724,-0.0009755157814743676,0.00012642237839216586,-0.0019428675486268254,0.018526375716391486,-0.0013899050987272177,0.0535308822561118,0.047121492781860785,-6.150680459765523e-05,0.06268561755321589,-0.0009242342834013262,0.0,0.04354035993550842,0.04509310783695092,0.11186602610528384,-0.004535592304744207,0.045560122970617456,0.06620300390987083,0.04148707036651178,0.032168637487242024,0.036948361846044775,0.013581514625542634,0.05438189401873744,0.015246055769549016,0.04160233024011878,0.04692986599588589,0.03032977835243278,0.005803965412697398,0.0042278055132253245,0.000920642597778798,0.016820534057636727,3.2138368161627184e-05,0.006571979489853774,-0.004516318956224619,0.0016256966261887773,-0.0030083694415458107,0.00017051790033562053,0.002337542076258692,0.002307576381801346,-0.00021349475035553622,0.0,0.0,0.016453152323649023,-0.002965372723871318,-0.006963306011881498,0.0016153218668836788,0.00013583027741398412,1.1102230246251565e-16,0.001827756871338071,-0.0016844875234915957,-1.1102230246251565e-16,0.005738268258281609,0.00013666450250526818,-2.570757097858367e-05,0.001109110251959089,0.0,0.022155384675638656,0.015573050683988565,0.021372815580985083,0.009672505074935556,0.0,-0.0003458576825360882,0.009372918745017333,0.01788881359433475,0.003171566291678918,0.010743314933671533,0.001919951416442467,-0.014978350725719791
0.009986576849670803,-0.003034894767488805,0.004977405013314451,-0.0017135672887875208,0.0021147014243866336,0.009666944178991221,0.03170151762842138,0.03409563560991974,0.00035046413510803065,-0.0011303700705609931,0.005914031979588896,-0.003360731974275444,0.018791386188320214,-0.004146088665124004,0.012421303882495904,0.03483075431077087,0.020878888286593844,0.02329661009129319,-0.0009626566029242167,0.04354035993550842,0.0,0.015180478989721136,0.021175684319124644,0.04638017729405275,0.0214080520126963,0.03907307463169596,0.06136329837460358,0.010714523157052902,0.00527851854003808,-0.0014034439994091708,0.007529086240354865,-0.025311928358421387,-0.006949267471396903,0.006188166951382301,-0.014868066481493414,-0.05033734971490994,-0.0001726214334781262,0.0013931566345440904,0.020288251706003624,0.00834366808221787,0.0244814442447005,0.017922289301831484,0.0023529211362394165,0.0,0.0,0.06467887854182724,0.02483889503498804,0.04240016703161964,0.0,0.0,0.03079685279634825,0.0016997519447488063,0.0656196647286259,0.0020607059909964476,0.00024495075775021746,0.0,-0.0004429145608080831,0.005368514688916581,5.551115123125783e-17,0.013516057743464316,-0.006701603045937643,0.0,-0.0013741839745969875,0.0,0.023836557064679798,0.060325815427144935,0.04399929489012028,0.026439867671875228,0.0023296547945417245,-0.0019278136978564953,0.028021616087561874,0.03097725567267462,0.02269873325141608,0.017288517635741796,0.003261067625505376,-0.07487811449053117
0.001558779141081934,0.03324191447771313,-0.0032614864795260656,0.0002747112314834266,0.009153937118560496,0.0026251572700257686,0.017365662930973746,0.016157099210736547,-0.0003383668817147911,-0.00565404462189989,0.00010390893619038888,-0.0046723526310462615,0.009010853833888832,0.0011577072741744687,0.06783138973430136,0.04842150630590808,-0.05797416758314283,0.04374485839454223,-0.0016014502639123407,0.04509310783695092,0.015180478989721136,0.0,0.062454994717967394,-0.014386134271740958,0.03241336024534347,0.037263091597176556,0.03134517710304391,0.021321154147859955,0.020521347690434344,-0.0046996385822203335,0.02458289423027954,-0.009759456524903565,0.022333573817370223,0.018968385808278032,0.012072413395482262,0.0038483756427195592,-0.0012299695730643712,0.0002574027404267931,0.016012707103336132,0.011589777207250351,0.002687598384765455,-0.00391727471537584,0.006447426561855707,-0.00029361520600384994,-1.3857435802011597e-05,0.030347323477503296,0.02712586733870137,-0.002474202158097849,6.815090651146605e-06,8.505086558807662e-06,0.0033042859672283154,0.0034813620720917093,-0.014473088600287676,-0.0017567757751640323,0.0022487062854378848,0.0,-0.0004941222880881502,0.00017317404782524193,0.0,0.006889093337199503,0.0014490054640960426,-0.00029687343707823777,0.0011995726417874386,0.0,0.019329254550263575,0.006927397570485716,0.020182725574481863,0.003083640086893047,0.0005158544766184492,0.0006986030167003832,0.017649243816546645,0.014214347924526693,-0.0014410681275597303,0.0028675004864309184,0.0007896138133896557,0.006804269419311559
0.029077800229404982,0.037172727565924046,-0.017225297790883,-0.01209900275817466,0.037422464462317284,0.03704474119550821,0.04774880103644652,0.020056325703174394,0.016166856910482585,0.0020277362229909612,-0.038585153922948034,-0.010648259731737109,0.04688058323289673,0.03104325626342297,0.07429842109008955,0.05807147174607641,-0.0008215717400179567,0.039411901015769135,-0.017090715966158188,0.11186602610528384,0.021175684319124644,0.062454994717967394,0.0,0.047100333019446994,0.02494100067729954,0.048713658356995426,0.026266522824418326,0.04797131874286387,0.05231715422119326,0.04886478988767329,0.04141330541183735,0.033032725839941546,0.01349793745238298,0.03928619335940858,0.030198692639446856,0.019406703896653277,0.010977471717545761,-0.009341028013993669,0.03685880865300167,0.018343946244355258,0.030530790760475157,0.02752083731250332,0.003314075821857443,-0.002641260707059112,0.0015216338560667952,0.002243707616329138,-0.0008834681563049673,0.08246074511663731,-0.0011965317720658009,0.0032804161590512804,0.032123117684842106,0.03310461197603354,0.028880279267066156,0.03569953111057356,-0.0007269214743493291,0.05981617024136615,0.0012522522176717232,0.034263743107955436,0.01657147398593689,0.007460488217857331,-0.0003893187970757106,6.253650949800127e-05,0.0015798857991085602,0.10507338432997104,0.023507166605564844,0.027451033219172027,0.026887017385451017,0.05665893529358701,0.0004082558296487071,-0.002351882952980333,0.0361150773479475,0.040362788884639844,0.040644931220768954,0.0417275539821475,0.03820105127465012,0.03423561487303406
0.06628927084615555,-0.00779701414305517,-0.00040794730030380144,-0.0015811784802820528,0.00046598485925691824,-0.001476915961660663,0.006504222697496731,0.024282731797113932,0.002121296491563618,0.0008343348316319776,0.00523276253830951,-0.007676344737025664,0.020070498977305562,0.0011738685059067278,-0.011116655688509114,-0.006980597468172978,-0.0013801494889102428,0.02923675167225448,0.0021646165054275412,-0.004535592304744207,0.04638017729405275,-0.014386134271740958,0.047100333019446994,0.0,0.012008320779962223,0.008092612656902476,0.004699416982852311,0.025773438259582726,0.042967486570514135,0.0003322039034103774,-0.003957838741695696,-0.05812041631675824,-0.018089614675886878,-0.024478765240571188,-0.04634514555597108,-0.0576374503882075,-0.050995160063404044,-0.015694399713910262,-0.059102648990149664,-0.013290484585589124,-0.009631037903631179,-0.07328859206672428,-0.000786409373710717,0.0006902767856949432,-0.005995487873456995,0.06710933677643705,0.018733776543192193,0.0,-5.551115123125783e-17,-0.00024700775568947675,-0.000324137683597403,-0.0002462202698569893,-1.6653345369377348e-16,0.00042011590427809553,0.010305254438502942,0.0003281799329347135,0.044022565541041336,-0.003420699248966541,0.0,-0.0016768284830440683,0.00688184703885486,0.010543992175671424,0.0238380465413508,3.010100262285098e-05,-0.0013311164673312503,-0.0025629775666231036,-0.00255857912601154,0.00030164755429940016,0.02325400130318772,0.004053173500361329,0.03098923712290247,-0.0013806083704890892,-0.0015546162390320806,0.002854232794853251,0.0,-0.018329174976506046
0.02429948953597122,0.019086491788021076,-0.008196179409849513,0.0001296793919527972,-0.0055286909972025455,0.02385070577789944,0.03296954930276297,0.03175950839312919,-0.01026799609517487,0.021319199627429675,0.005096256917229758,0.01600997517005681,0.028732007583615715,0.0005718446635218921,0.027754321442509,0.03912688865559355,0.010725128735171063,0.030247731863361438,8.410216895682332e-05,0.045560122970617456,0.0214080520126963,0.03241336024534347,0.02494100067729954,0.012008320779962223,0.0,0.03265275140148538,0.041654436073778445,0.02564159739129973,0.034644551426615044,-0.001631459009498737,0.03857138147041117,0.01966194138242444,0.03935915998026279,0.02056496081625725,0.020020733892386566,0.019315368090202012,-0.000579555432678569,0.005293130397565959,0.0081159512300914,0.018513170292042525,0.0032129896424284987,0.0008740619345535272,-9.434625293569532e-06,-5.551115123125783e-17,0.019405746274018754,0.0373662022939501,0.00043223643879680695,5.551115123125783e-17,0.0,2.220446049250313e-16,0.001987717597689731,0.001781953297104566,0.003182616482657108,-0.0010851884336239848,0.0038153251200332416,0.0003606156904215063,0.011580798692758687,0.007349461186801964,0.0,-0.019965495257212418,0.006578337204896145,-0.0034605776478730532,0.017011353994853762,0.0,-0.0038880511958822583,-0.020424810203760024,0.005693606475936586,0.03026296284628821,0.0334016623386551,0.002551206702423703,0.017393323308558528,-0.0011025514368639966,-0.03346174823296022,-0.0022778855117169816,0.0,0.005374744955260302
0.03009659296177536,0.04088370431845706,-0.0040367222202253306,-0.001611769355863546,-0.0007233241749547981,0.017215268057025446,0.04385313045338257,0.02287508532335475,-0.0018823803019762941,0.03468617432637772,0.00392856006632597,0.009760121534940602,0.03902707852014675,0.004910101138057288,0.07161767030151944,0.04819993373247572,0.013285055767307152,0.05300121394003132,0.0016242020499953602,0.06620300390987083,0.03907307463169596,0.037263091597176556,0.048713658356995426,0.008092612656902476,0.03265275140148538,0.0,0.05900881342331027,0.03317965383277621,0.050248282911875886,-0.005243864824126421,0.032524153452009374,0.02047029879198159,0.04131493071896292,0.017796753627938033,0.027409472974827875,0.03639234650990053,-0.0010262862555880936,0.01725176082948654,0.01180412894908528,0.01899180549173035,0.003596034461171349,-0.0040025884167252945,-0.0007945147053297075,-5.315724828391932e-05,0.038912975226033375,0.025853459167310522,0.007638404114590325,-0.0012226184883372126,0.0,-4.8987499549624225e-06,0.02714054291031953,0.002684024670564389,0.026412294650472068,-0.0010107861251357209,0.01885814049284218,0.0,0.03104536404384889,0.0021073569285516847,0.0,0.0027120048978211964,0.0034504239323716046,-0.0003852278542212928,0.0213618618761528,0.0,-0.0005369264241400495,0.015762907351787037,0.023857903199024255,0.01876096062266791,0.048990420372622634,0.008998723474883563,0.020866366880789078,0.013732610410888302,-0.0007467899587659255,0.018762942415420703,0.0006457171259164896,0.0060363020955390145
