0.0,-0.04013816004961551,-0.0015359593914922587,0.0,0.0004926527584480644,0.046250023867770884,-0.0017247863775750605,0.02620414917698255,0.00020724097606877878,0.046276683310720323,0.000495309247212028,-0.009714485744553358,0.02186294333754396,-0.002131691087892018,-0.013556454501551352,0.007918207393775745,-0.05613458555600903,-0.01712666125759349,0.0,0.0009605050129826154,-0.0138716181732772,0.0010845320931588964,0.013457406014338369,0.0327701733005778,-0.0279260275108677,-0.009033424521318612,0.013459617935347057,0.025403412354133514,0.013143092872712925,0.02985010135385635,0.013845868029011443,0.024474386259689063,-0.013235050576943741,-6.250371959981571e-05,0.029422865490530303,0.00014647797760097836,0.00035606244419800204,-0.004945946867727202,0.009303750749081463,-0.02573528063708047,-0.005984686070523992,0.02317889706444598,-1.022457587596115e-05,0.0,-0.0009651358660557885,-0.06286116372312317,-0.02045963720452526,0.0,0.0,0.0,-0.003062518713773943,1.1102230246251565e-16,0.020937374526960928,0.0,-0.0035831471911761947,0.0,-0.001286741413459358,-0.00018003411497224953,0.0,0.00039596975139966073,0.006056690079575933,-0.002119674610983169,-0.030933803952992167,0.0,-0.002571419745828196,-0.05952226535308014,-0.006551608696909406,0.0078085435390651825,-0.02588610916650813,-0.025063949331189994,-0.028799180220168807,-0.001304947108499821,-0.00022217397028978514,8.79368047702056e-05,0.0,-0.0159441976109177
-0.04013816004961551,0.0,0.0005904352292543935,-0.0001397041535650123,-0.0011852805380861975,0.01114717432799639,-0.0005651022347447632,0.01927739253381905,0.003458860575513645,-0.0017637007754480183,-0.00031138408775122084,-0.0019776877902332735,-0.0007232691945940339,-0.0001919233477399307,0.007744914427138705,-0.003076049442878148,-0.0012417283668252344,-0.003778941679164427,0.0012523337573908666,0.015152037105836458,0.0013622392331510969,0.010141156077048963,0.010308685290888242,-0.0128398143107748,-0.001200079278774302,-0.0007552652732272791,0.009716679440860188,-0.008279164689926066,-0.002598960302343689,-0.002587079004644277,0.026672964492053308,0.02001968011456462,-0.002447974715115653,0.019708452294815604,0.029570438905340446,-0.0032676318892977396,-0.0002463753800527879,0.0,0.020251731774448334,0.0076592881513751765,0.0013321156418986124,0.010943677470028168,0.0008809410458155975,0.0,2.220446049250313e-16,-0.03819758529868522,0.004973875066959121,-1.8267560162876784e-05,0.0,0.0,-0.007127581831411933,0.001622072230739402,0.0008034656512723726,0.00012255088459978136,0.0004857111871691133,0.0,-0.0006243311644100191,0.0035196558223150043,0.0,-0.007439755680373306,0.018940298096453423,0.0019128005600947406,0.0016721068269716644,0.0,0.004224744306215444,-0.008894836397270955,0.026588972030576308,-0.004971720065556573,-0.0013413488464763534,-0.016187736549290177,-0.00536298166001109,-0.0161325256274491,0.00022337173444636482,-0.003827325229831924,-1.1102230246251565e-16,0.015575699165409629
-0.0015359593914922587,0.0005904352292543935,0.0,-0.0034741842616364815,-0.03692884950389397,-0.007783166348010184,-0.019547632744413235,-0.010178018867835481,-0.016598148778293298,-0.005416030151942364,-0.030532933589142774,-0.0020285671803545458,-0.018895114951946956,-0.03259134989625484,-0.0011489634189637,-0.0001456746858408131,-9.11826061389398e-06,-0.0020115852913009102,-0.023402328846146736,-0.0010040191321575298,0.019659338996147024,0.001084958113731549,-0.0013207243477850739,-0.0016312378693884577,-0.003697758943641327,-0.004106518969290984,0.01139379622112452,-0.019709734331263995,-0.002583895458513674,0.0005043212034232525,-0.022264919176302023,-0.016918914175852395,-0.0007575594416262543,-0.02011126248600681,0.0032456230600841907,-0.03025107574156055,-0.03056243890414917,-0.0019699658471570847,-0.0017662530446240776,2.0940377237765873e-07,0.0004762281333640095,0.0013983678063680394,-0.020455320054836912,0.002199383117843179,0.0,0.0,-0.0003440849956934944,-0.00011112614777175622,-2.2964670717273705e-06,0.015898535133174074,-0.03824742522187774,0.001605810864928059,-0.025918506914361483,0.038081452691538176,0.0005738235150783422,-0.1974698019066052,-0.0012737487199586117,-0.005995863840189686,-0.04529820784727573,-0.00029711142480753905,0.0,0.0,0.0,-0.05506943563056366,-0.00013146704409738863,-0.0002982261985630119,-0.0005043120017469982,-0.01723512933649074,0.0,0.0001513675880309706,-0.0012581079458774402,0.007873576508960256,0.007678820375689899,0.00046402924055888306,0.000969558543578275,-0.014571125148165942
0.0,-0.0001397041535650123,-0.0034741842616364815,0.0,0.007264047855422562,0.0018990530758846713,0.020281437400937685,0.011423522521676388,-0.00641732268141354,-0.0717224976123414,-0.03841986792977342,-0.005772632406013722,0.0020310646768846308,-0.004602535511159134,-0.0006826714543732293,-0.00017838765503774834,0.0003067533171777215,-1.045739688981806e-05,-0.006133825647128166,0.0007073482570436052,0.0001262736075063886,-0.0021260293951985143,0.04319428651722501,-0.0014565734532629993,0.0006062028175427558,0.0016063722733739572,0.06756579577231892,0.007777103549213182,-0.002139077175318138,0.00034738229347552885,-0.09208187715436217,-0.0012582338545218397,-0.016144436752890123,-0.06100417564833022,-0.04843671189784132,-0.05849882484717209,-0.0348890376083649,-0.007263623607634551,0.003712331186254081,-7.770022822672917e-05,-0.00017506922809534808,-0.0016882895455735958,-0.001577712046017976,-0.0012722976724473534,0.0,0.0,0.0,-0.0005584978744622715,0.0,0.0,0.00026255770888161667,2.220446049250313e-16,2.3933145286147983e-05,-0.0004899748828707251,5.551115123125783e-17,-0.0009518193865848401,-0.0006673309833803431,-0.0002792706532396827,0.0,0.0,0.0,0.0,0.0,0.0,0.0,0.0,2.1101835849079986e-05,0.00012904376001349194,0.0,0.0,0.0,0.0011006575963102283,0.001516975435222112,-0.0001331858239262962,0.0,0.0
0.0004926527584480644,-0.0011852805380861975,-0.03692884950389397,0.007264047855422562,0.0,-0.05817599294794068,0.0046386999025050946,-0.06643068075739994,-0.029258357564251214,-0.030896172070471628,-0.04606540130933956,-0.0014460026887890831,-0.017929436711192015,-0.03561199873168519,-0.0004562884370993281,-0.0019306276503825437,-0.0008976292407854025,0.021161905914533874,-0.06159251961623413,-0.005941069617564798,-0.0016282230889922977,8.707606655655731e-05,-0.04057204927960811,-0.0016342146281659309,-0.00580719593819623,0.026075422525623282,-0.05208701390943493,-0.02746437347662728,-0.014658716984227382,-0.0014436276217417165,-0.025159628657749622,0.02480182118095048,-0.001226250960009223,-0.05670198214869854,-0.05113539559028191,-0.05525116143137576,-0.035103568312841615,-0.07273926297301664,0.008489039377752639,0.0008035342463031947,0.0031975589597863507,0.0007382732012276572,-0.0028043859532888016,0.0017912954877288834,-0.00029541808541955206,1.1102230246251565e-16,-0.0001398122521485412,0.03517498132729391,0.0,0.003971329070319607,0.0024731267719780847,-0.00018228848123780228,0.0010046000077707506,-0.0023203419269499648,5.551115123125783e-17,0.004002506276308604,0.00012169127590910822,0.0030101515193201034,-0.0037601054531843925,-0.0003137797174552759,-2.376136871218293e-05,0.0,-5.551115123125783e-17,0.0024540457233027113,4.185195857631108e-05,0.00015402066653763535,-0.0005190642799162704,-0.006874285024209725,0.0,6.713737772889861e-06,0.0006964774586941669,-0.005282656432797683,0.0025382436951395526,-0.0027733348407271707,1.1102230246251565e-16,-0.0003948922229204399
0.046250023867770884,0.01114717432799639,-0.007783166348010184,0.0018990530758846713,-0.05817599294794068,0.0,-0.0187293448281578,-0.019800074284120672,-0.04731548274683167,-0.014447954670963992,-0.07264017501429093,0.0003170287519867476,-0.013678991577225408,-0.0629869205084575,0.014426539889886902,-0.012072328547873101,-0.0004765502757329565,-0.0027281140496946965,-0.04420161204603157,0.0019799775778390205,0.014889042365285543,-0.012025774001618472,-0.002059818976736849,0.07414350182403534,0.015678267962606574,0.02169091687878033,-0.024511317069916216,-0.015091460497307418,-0.032631153096490506,-0.007054021252120568,-0.01168642767328043,-0.006959202370776796,0.006554977918030558,-0.010736878160872099,-0.0019470399091348622,-0.023397024173128167,-0.012319751751369623,-0.003911909986279938,-0.00368641852156687,-0.002847781392216253,0.004819180962009062,0.02510243670272505,-0.030036989039069317,0.000317780467368578,-0.0018807358461293,0.0013660197711061195,0.0164375880524108,0.007382079006738151,-0.0005003907139908281,-0.004108785128152936,-0.018149530731255303,-0.0002678826334069351,-0.00935247194749722,0.002319086579332774,0.0032407271402614124,-0.05035638079297128,-0.0018002167581914197,-0.0066214237316523095,-0.04752887315512222,0.010190948279907519,0.0013935156867007636,0.0,-0.0004814743138842892,0.016972433300049383,0.013373347134603752,-0.010232419041472818,0.005401941847137437,-0.016192760591922206,7.100417328836928e-05,-0.0017347129692439345,0.010424391680810496,-0.01429783155998704,-0.0032095003845199477,-0.009607700169444122,-0.0028465558614920172,-0.005571769303982066
-0.0017247863775750605,-0.0005651022347447632,-0.019547632744413235,0.020281437400937685,0.0046386999025050946,-0.0187293448281578,0.0,-0.008960537424620718,-0.029254303648103885,-0.01695182228432135,-0.040873367526937265,-0.0048894951301518,-0.007898397252148692,-0.024030871103417006,-0.0008239890508245362,-0.012973538673740459,0.015587003485203754,-0.011440156361747056,-0.036526763740096446,-0.015588324162207234,0.0003496375857859335,-0.02274014171865346,-0.016137081961462463,-0.006434538288988156,0.005581241142052995,0.002363405030673116,-0.021705400263845598,-0.023793470014121576,-0.017744905811480416,-0.0038342616773249794,-0.028692550916463055,-0.003243764097077384,-4.479821976377529e-06,-0.04734762335123832,-0.0481535870990672,0.02290853337407428,0.02950013578674976,-0.11055051767148144,0.007555223972504799,-0.0009102679573552708,0.01309297122252362,0.001961007187108177,0.0026786746379440785,0.0044519517205992565,-0.0011252315552619518,0.0,0.0022620194510408753,-0.003942333480300042,0.0,0.0011939527786973825,-0.016775392472468453,0.002305893469977338,-0.0015339337716515078,-0.07833598452953477,0.00030735921513047604,0.00011960854655612696,0.000477602074404615,-0.0004367675589114217,-0.0007429578421865313,-0.0008234303639872431,0.0009058351353298799,0.0,3.334164679075213e-05,-0.0018922416412974208,0.001029901462507199,0.0007756584152445178,0.0011603972757764924,-0.01001396521796627,3.2260826171803814e-05,0.0007844484263486162,0.0002409877342322564,-0.026752847583266903,0.0011303046198022915,-0.0018785905772961686,0.0008296246287046172,-0.00011587493439368934
0.02620414917698255,0.01927739253381905,-0.010178018867835481,0.011423522521676388,-0.06643068075739994,-0.019800074284120672,-0.008960537424620718,0.0,-0.04088930761900733,0.06889401495384251,-0.1131608823951358,0.0018748148136417675,-0.01051507668284779,-0.03850959196478182,-0.00819632061858927,-0.04231038922761138,-0.00039401429520546927,0.02541342290237547,-0.03238783113100452,-0.026963024763340504,0.013938636221782374,-0.001284226592380533,-0.026089237252006625,0.044730083989143576,0.043578352193025194,0.042821493659333965,-0.020155738993607286,-0.004018204697408212,-0.012615367571848446,-0.0011393689849550914,-0.0056043281076734175,-0.015434659922890781,0.05877156185631721,-0.013670329031671424,0.004793081516371256,-0.058180370177451285,0.06705500988591856,-0.00018516425752185262,0.005159847520939509,-0.0014871935562010274,0.003067174191062949,-0.004682064902449268,-0.07933590866811302,-0.001472588242112216,0.0,-0.00027893856235355896,-0.002451350897260507,-0.012292420021612127,0.0,-0.010288481689374518,-0.02482258917881136,-0.007852307099884437,-0.044540397409446486,-0.00882303971174081,0.0005765732921937938,-0.11174316305563042,0.00010772622216409511,0.004901807193426866,-0.09739805794630979,-0.007856680481574452,-0.0002982579002896446,0.0,-0.0001635597094232777,-0.024794070082268915,-0.00557535586698088,-0.10033383925039141,-0.0036613029660021446,-0.023877738225516754,-5.551115123125783e-17,-0.00010745115886340306,-0.005206956171562638,-0.019535521508609377,0.0062825552598410606,-0.019884646111993975,0.0011344486558292344,0.005166691450940619
0.00020724097606877878,0.003458860575513645,-0.016598148778293298,-0.00641732268141354,-0.029258357564251214,-0.04731548274683167,-0.029254303648103885,-0.04088930761900733,0.0,-0.039039165383173535,-0.04737893140149846,-0.0009660442727159602,-0.008658902975819338,-0.06341477539837803,0.0005465161217149128,-0.006476966091508052,-0.002305039233011119,-0.00015363250522076877,-0.010909265534699397,-0.018188601537411808,-0.0013927552586386893,-0.025371591694540507,-0.037693628894573616,-0.0038671881927536678,-0.0007256529140108325,-0.0007856950974437504,-0.0275206072266872,-0.030246134595501517,-0.032180989975483965,-0.0010666731255902229,-0.030037842253912705,-0.032760010126701045,-0.0013327207899568316,-0.03712468716219253,-0.017881427509408854,-0.028128460949156997,-0.028918520066792408,-0.013410611309418174,-0.019339046085817657,0.0006690132424838069,0.004364576937344267,-0.0025748417443353655,-0.029455294343678606,-0.003405570818424797,-0.0019466134203250385,-5.551115123125783e-17,0.0011195211284946716,-0.007827247090938405,1.1032335491267808e-06,0.00026832866617976237,-0.04579234521700204,-0.024875198127664144,-0.0480151517533004,-0.013989753500347257,-0.0012850962730605042,-0.05135425128565857,-0.0011585995201638388,-0.028511067331094653,-0.05577763716822248,-0.0002587970619267188,0.0003294886992687984,0.0,0.0,-0.025223429345942794,0.0003922934691038549,0.0013407745254261916,0.0006178383471828752,-0.02880550043466701,-8.852762234434763e-05,3.613038924171752e-05,-0.0017933185435953791,-0.014407131662158124,-0.06550972412169337,0.008633020475059927,0.00011155112516214594,0.018525425185182076
0.046276683310720323,-0.0017637007754480183,-0.005416030151942364,-0.0717224976123414,-0.030896172070471628,-0.014447954670963992,-0.01695182228432135,0.06889401495384251,-0.039039165383173535,0.0,-0.04917349504644092,-0.0036118324654253464,0.012175607902973173,0.010874075612535172,-0.0016935473181381444,0.009297623813046663,0.01585883270692312,-0.003491868396597597,-0.009300055317653488,0.008816272741260234,-0.000724830997606174,-0.003972355212447376,-0.0190514769878522,-0.01238574020553318,0.009751650998984007,0.022815956332676246,-0.006106992207867479,-0.04136767376583078,-0.0027326890506422785,-9.416374586812548e-05,-0.0008287969265807771,-0.02894913862588261,-0.0321335637811796,-0.036174073323479716,-0.026002726771703066,-0.08974203794437158,-0.060422794568746274,-0.02782895612368358,0.03760885388008667,-0.014176205160358724,0.06200818056791474,0.08830696723078874,-0.020707931123375656,-0.0007248628012216374,0.05336888614609114,-0.004315370193163692,-0.0003152431024240343,-0.0004945847763360156,6.264312923887072e-06,0.0003438323661290599,0.0016134301619767921,-8.37758527988397e-05,2.7985093092597335e-05,-0.0019749164779970796,0.011268562354292744,0.0005440015070722337,0.02688210749717579,0.0006268810614562526,0.0,0.0008942731987776065,0.00039262241622145533,0.01594559308442073,0.024247477790597993,-2.059112484908976e-06,3.3455374645718905e-05,0.000507507048462974,-0.0018773618113499535,-0.0011249884611124195,-0.040493324810701115,0.022951077154468702,0.0252961867394344,0.0008217747467038627,0.0020825308289377786,-0.0011492146005064319,-5.551115123125783e-17,-0.005577759881662925
0.000495309247212028,-0.00031138408775122084,-0.030532933589142774,-0.03841986792977342,-0.04606540130933956,-0.07264017501429093,-0.040873367526937265,-0.1131608823951358,-0.04737893140149846,-0.04917349504644092,0.0,-0.0020170220819523688,-0.03973084254475129,-0.06656481894428914,0.0,0.00012119422487438802,-0.0015236711798415903,-0.00011678688620808675,-0.025956046434104707,-5.152951861714383e-05,-0.00013621223375437364,0.00023060754048170873,-0.06562825511196366,-0.0037152009496624894,-0.0015079910745681158,-0.001089030678877112,-0.023408683307649447,-0.04236803091126068,-0.002284931561316206,0.0003923448123395179,-0.03719443663508004,-0.02203590482342016,-0.00677539591521692,-0.03941279728622432,-0.033607159604229,-0.09387191244103396,-0.011687200922779528,-0.004646666515748743,0.0007835519404641444,0.00047621477920156696,-0.0009397246310374752,-0.0005074710801759585,-0.00023626533048332066,-0.0003048942006031452,-0.0006005629109229749,0.0,1.1102230246251565e-16,-0.16330276933592502,2.1362771829291916e-07,-0.0012601020092726234,-0.00995178309569289,0.0005971426851781314,-0.07723833268804198,0.0005166325530663873,-0.0002654819957503829,-0.13242882568420633,-0.000584819013820681,-0.0025658363352532576,0.0028749519339894003,5.551115123125783e-17,0.0,0.0,0.0,-0.1319094770821025,-0.0005656471781628203,0.0,-6.08168923580954e-05,-0.11659428841556435,5.551115123125783e-17,0.0,3.120098053516207e-05,-0.0673278302798137,-0.0037730027192279803,-0.001382306080246809,0.0,-0.00048335461829973614
-0.009714485744553358,-0.0019776877902332735,-0.0020285671803545458,-0.005772632406013722,-0.0014460026887890831,0.0003170287519867476,-0.0048894951301518,0.0018748148136417675,-0.0009660442727159602,-0.0036118324654253464,-0.0020170220819523688,0.0,-0.00717681090447253,0.0032876904631657378,-0.00034850195417163166,0.00044738859795445673,-0.01711746132266312,-0.01874653985502034,-0.0030161419837769765,0.0030059807041862285,-0.00012580785172899844,0.0008669867277707466,-0.0011850905685725222,-0.008193146350072511,0.000383221931281319,-0.012169894761013988,-0.001685755186006499,-0.10631122743319593,0.0033539906077489356,-0.0011967633023607371,-0.031044651827625613,-0.03815214333292816,-0.0674688942548699,-0.0537164605088071,-0.061618764503786366,-0.06785576041684949,-0.07604753696694269,-0.043207867959937724,0.0006315367074578582,-0.038252388759284384,0.01944770716379024,0.10845287579558943,-0.0013430534575150088,0.001225940641732537,-0.0006026980889076716,-0.00223139667962885,0.0014252327969175305,-0.00045817312346163597,-0.0007031508703045919,0.00012119668217497326,-0.0006750983185770942,0.0007563089102228804,-0.000441959132337133,-8.75948123075787e-05,0.0009051476399009606,-0.000957798706349211,0.02480173790685619,0.00040059559816713053,0.00025672969517803734,0.00010529491316380035,0.0015050475990862622,0.023576920921375533,0.024376333957705554,-0.0004875195422994749,0.0003880151210221561,0.001503154722658051,-0.00038396872162421714,0.0023827704758209722,-0.032884283267579306,0.01907593911057298,0.02980729468264226,-0.00025898212575570234,0.007002322818112139,0.0002793270635664813,0.0,-0.011810262892006429
0.02186294333754396,-0.0007232691945940339,-0.018895114951946956,0.0020310646768846308,-0.017929436711192015,-0.013678991577225408,-0.007898397252148692,-0.01051507668284779,-0.008658902975819338,0.012175607902973173,-0.03973084254475129,-0.00717681090447253,0.0,-0.06441915550273292,0.018054955505220904,-0.006105553067608183,0.0015469792469294807,0.0030462044825479984,-0.030047289599023808,-0.005231301520533749,0.009632313460286035,-0.017008563645422747,-0.008773833350981863,-0.004910265829928595,0.002393939669716738,0.002524053907561885,-0.012109452560915723,0.007112043915721622,0.0011474059931118052,0.024921974150476922,-0.0010026716745114572,0.004294372229539822,0.020424898460584096,-0.010097464998491845,-0.002314503703309989,0.018347964905753522,0.028627843776578787,-0.024915422323983694,0.005456900992479086,0.003234334755001178,0.08126085369277336,-0.004505292104423575,0.02143805109512703,-0.004309842539602038,-0.00240633841167881,0.0006630304433251077,0.0029388123469101246,0.015295111415136842,0.0,0.00046814553246266044,-0.007801628846848596,0.017935017583168733,0.0008626840373505695,0.010991883782971112,0.0007474010584184176,-0.003162645025915678,0.0004171623409580105,0.01842599788201632,0.00017559654270443703,-0.0026568636494305187,0.001167850681607685,-0.0002704975018870681,0.0017185412239570375,0.005385400449291922,0.010803935222627514,0.0007735641501060431,0.000981038557115066,-0.003355149914743283,-0.0003990143684656777,0.0002333094839820915,0.0024279970974088183,-0.009852472918129296,0.005818489883818889,-0.00621254457221998,0.0004909713259112491,0.011305586530178213
-0.002131691087892018,-0.0001919233477399307,-0.03259134989625484,-0.004602535511159134,-0.03561199873168519,-0.0629869205084575,-0.024030871103417006,-0.03850959196478182,-0.06341477539837803,0.010874075612535172,-0.06656481894428914,0.0032876904631657378,-0.06441915550273292,0.0,-0.0003229711397033652,-0.0003890200563618218,-2.8705362917658128e-05,0.00010131507725208433,-0.07665958641834902,-0.0005355527021584927,-0.04544331319978623,-0.0005674104892840481,-0.05644979188638788,0.0025918892026030593,-0.0002794370660320067,-0.0024475777732003157,-0.020373345947640842,-0.001491325167782831,-0.0001171480166900496,-6.750057775956053e-05,-0.008602562354948218,-0.0803642981563624,-0.003687511309767133,-0.0022532999571598378,-0.0012789049630596572,-0.04570469384471684,-0.05356960425806129,9.760913722012265e-05,0.005763623166068044,0.0,0.0005917588626940806,0.00092132211535495,-0.0007694998032800604,-6.149271216671082e-07,0.0,0.0,0.0,-0.007002265588454626,0.0,-0.0043573195542728205,-0.0012979061378473045,-0.002153422641632985,0.00022546232545322953,-0.06688996675545317,0.0,-0.004910070408987999,-0.0001727280615723692,0.0016053416319340985,-0.003255759811328973,1.1102230246251565e-16,0.0,0.0,0.0,-0.005975794691715941,0.0,-1.1102230246251565e-16,0.0,-0.011461642755695833,0.0,0.0,5.551115123125783e-17,-0.002377774409301592,0.0003808358498313402,1.1102230246251565e-16,0.0,5.551115123125783e-17
-0.013556454501551352,0.007744914427138705,-0.0011489634189637,-0.0006826714543732293,-0.0004562884370993281,0.014426539889886902,-0.0008239890508245362,-0.00819632061858927,0.0005465161217149128,-0.0016935473181381444,0.0,-0.00034850195417163166,0.018054955505220904,-0.0003229711397033652,0.0,0.005450410378823378,0.001601252751675608,0.006736009648422525,-1.1102230246251565e-16,0.04066976989555343,-0.011812659799663339,-0.00026348205430115623,0.08173408437913243,-0.0024609043649216344,0.010390270859110373,0.013597791070005527,0.0381937069561929,0.01632264651874543,0.01053970936709836,-0.0027258817919951772,0.0009947016917549734,0.006605220207661244,-0.002061229404156484,0.005223707387815801,0.011869538567722049,0.007565313390909045,-0.002289796982759218,8.395144106149166e-05,0.006858764342697665,-0.008196376746090972,-0.00781483436156688,0.005676320296595261,0.004373649327727269,0.00027116098482360407,0.0,-0.000896998613635791,0.005455690903314048,0.00025999540542059885,0.0,0.0,-0.01897820035266118,0.0021141000360639373,0.0019628236262589915,0.000523799428509053,-5.551115123125783e-17,0.0,0.0007563642476410837,0.0011585974057057857,-3.501904656255661e-06,-0.04361475411412541,0.018527310449448664,0.00035917685553382706,0.0020269215284373643,0.0,-0.02095715086256328,-0.031320648196184186,0.007362373283281709,-0.023050941239428357,-8.1913211070761e-05,0.0018023779317460353,-0.012508468136117168,-0.016179307240364815,-0.004520087742130419,-0.004749175495359581,-0.0010874233245146137,0.0003738414221743924
0.007918207393775745,-0.003076049442878148,-0.0001456746858408131,-0.00017838765503774834,-0.0019306276503825437,-0.012072328547873101,-0.012973538673740459,-0.04231038922761138,-0.006476966091508052,0.009297623813046663,0.00012119422487438802,0.00044738859795445673,-0.006105553067608183,-0.0003890200563618218,0.005450410378823378,0.0,0.00329970740986002,0.012656349254980825,-0.0001487717227744989,0.009851652572857306,0.006429294245875572,0.015159290734370834,0.007671583955367101,0.008673463454356767,0.020722185980686425,0.02147647683255144,0.0017656115699589137,0.0009231196777932937,-0.0063154156320682775,0.012609387102335334,0.012669119771559267,0.005309496755576293,0.022942242227659393,-0.0024423877796586613,0.019227717046990445,0.0014719435937602388,-0.00022384007336173628,0.0018266845577710744,0.03278891181352389,0.02504307496301883,0.025620215230619192,0.03759285491229286,4.566216481982632e-06,0.0,0.0,-0.004900272564317132,0.02376592104814318,0.0,0.0,0.0,0.00018563771076240965,0.0005696386458666214,0.00027769315977566045,0.0,-0.0016407718534636184,0.0,-0.00158344183524467,0.0010465855368155808,0.0,-0.015100124550575411,0.038748694841325926,0.000605502581259576,0.012004532045677863,0.0,0.00871541371515755,0.003779904340437401,0.033335589477227645,-0.0017734223359610612,-0.0018908320122278943,0.0019803283796629434,0.012927569259433336,-0.00495499708929531,0.0026841246156947274,0.012547728513436662,-1.1102230246251565e-16,0.02952129004699966
-0.05613458555600903,-0.0012417283668252344,-9.11826061389398e-06,0.0003067533171777215,-0.0008976292407854025,-0.0004765502757329565,0.015587003485203754,-0.00039401429520546927,-0.002305039233011119,0.01585883270692312,-0.0015236711798415903,-0.01711746132266312,0.0015469792469294807,-2.8705362917658128e-05,0.001601252751675608,0.00329970740986002,0.0,-0.0013583989354715165,0.0004994351789808782,0.020897296862605552,-0.00011799179864802056,-0.008971025122397003,-9.62776130210008e-05,-0.004201879626619998,0.009609632976240401,0.0063784968465773195,-0.0005337995341817559,-0.019896547632668626,-0.0031489244514519843,-0.0017316531156634785,-0.0045243051790214706,0.015199091609952864,-0.005372233110583824,-0.006506643993654027,0.0046194338026963044,-0.0016595264391391917,-0.0003529685967348928,0.005510358256479775,0.025085131369158853,-0.005596422330156725,0.012959511627912756,0.00046864627916576307,-5.551115123125783e-17,0.0,0.0005367182146808758,-0.0010159020796047247,1.6804998467345733e-05,0.0,0.0,0.0,0.0,0.0,0.0,0.0,-0.006393489583902068,0.0,-0.005986876289478027,-0.001083383477525235,0.0,0.0001343560004736788,-0.00014075199844293396,-0.008209146023245406,-0.0036413645287014518,0.0,1.1102230246251565e-16,0.0,0.00034302170274363997,0.0,0.013793286263411031,-0.016790005929455454,-0.00762690755510359,0.0,-0.001291865303490014,2.7518616039501342e-05,0.0,-0.005407636172733488
-0.01712666125759349,-0.003778941679164427,-0.0020115852913009102,-1.045739688981806e-05,0.021161905914533874,-0.0027281140496946965,-0.011440156361747056,0.02541342290237547,-0.00015363250522076877,-0.003491868396597597,-0.00011678688620808675,-0.01874653985502034,0.0030462044825479984,0.00010131507725208433,0.006736009648422525,0.012656349254980825,-0.0013583989354715165,0.0,-0.0016263463725238458,0.014184733657703619,-0.012396631491782495,0.001786458236562205,-0.004273344891482067,-0.013131106111110513,-0.003452518673535021,-0.003202957203014112,0.005271713889970109,-0.0009877013670400725,-0.006531203590114221,0.025367004457800102,-0.010566606592589955,0.008197561455622504,-0.01148477592742797,-0.017770743348234197,0.01149218814707148,-0.00021200193598625017,-0.00031088702816917113,0.002968437675837987,0.01015214991773361,-0.007919827764417742,0.0008923468521583877,0.006341153900191965,0.0,0.0,0.001252152006711471,-0.019781866129850778,0.002201513731464322,0.0,0.0,0.0,-0.000958564310309773,0.00018066793513871193,1.491263192970882e-05,0.0,-0.007446001664765389,0.0,-0.014735265634495343,-5.52457265365347e-05,0.0,-0.007148715127681116,0.01491840865879207,0.00022649214261849515,-0.019173306431253978,0.0,-0.0005517799830721537,0.0010133094953459487,0.02471792491235031,0.0013572167625902076,0.006044195237401295,-0.022086054088270357,-0.020766896991927186,-0.00041128219051994597,0.0010585266121549974,-0.002699621272334307,0.0,-0.007051451976276768
0.0,0.0012523337573908666,-0.023402328846146736,-0.006133825647128166,-0.06159251961623413,-0.04420161204603157,-0.036526763740096446,-0.03238783113100452,-0.010909265534699397,-0.009300055317653488,-0.025956046434104707,-0.0030161419837769765,-0.030047289599023808,-0.07665958641834902,-1.1102230246251565e-16,-0.0001487717227744989,0.0004994351789808782,-0.0016263463725238458,0.0,0.0003833676443205092,-0.00036138386021905555,0.0013060968430766429,-0.06947849160803729,-0.00026211623806926543,-0.0013797839050535,-0.000735555449315306,-0.01711789130386171,-0.026299013636814195,-0.0005655104521889998,0.0005023062345995699,-0.00884118519286714,-0.01007390231030253,-2.5700192839150926e-05,-0.03617380262203784,-0.03318873162053182,-0.027094141023076612,-0.020087317384569148,-0.006068253202187346,0.005029121664083092,-5.8667949462243296e-05,0.0030303887541568986,-0.002207976073655804,-0.0027299473422252585,-0.0016510115791550928,-0.0001622630720249929,0.0,0.0,-0.2203067396937759,-5.551115123125783e-17,0.0013861076362167157,-0.043310698529152314,-0.012889716059657608,-0.03845711040747524,0.015415857947846945,1.209856084993799e-05,-0.12489348621162782,0.0005284852915797833,-0.0041998093610176035,-0.023465052907944706,2.220446049250313e-16,0.0,0.0,0.0,-0.16519649479645687,2.3688196502835712e-05,0.0,0.00010734535093731568,-0.026202335074231975,0.0,0.0,-5.551115123125783e-17,-0.008828343815489026,-0.0008025478680844245,-0.0019178229399359759,8.166643740858959e-05,0.0006085250073984971
0.0009605050129826154,0.015152037105836458,-0.0010040191321575298,0.0007073482570436052,-0.005941069617564798,0.0019799775778390205,-0.015588324162207234,-0.026963024763340504,-0.018188601537411808,0.008816272741260234,-5.152951861714383e-05,0.0030059807041862285,-0.005231301520533749,-0.0005355527021584927,0.04066976989555343,0.009851652572857306,0.020897296862605552,0.014184733657703619,0.0003833676443205092,0.0,0.002082473342513602,0.014451751912192834,0.06492546259944287,0.003099072097282274,0.019277180431649055,0.03446184983331202,-0.004479552480740001,-0.014247061166791586,0.0015249967824974564,-0.00044143016630388,0.004626454090262633,0.028801405327880836,-0.009942140585830983,0.021524857384664697,0.03128935961152346,0.00817233241777704,0.016001674582083958,0.005321676023554933,0.013028900975636304,0.002514908570203589,0.0023191316285770536,0.0037784486229572867,0.0031066449194792622,-0.0011002901732654058,-0.0004752731495675788,-0.0006646557117820362,0.018018385786369995,-0.00036840634570933783,0.0,0.0,-0.02460734143543636,0.001795581982010075,-0.001381701266307156,-0.0012253271239287544,0.0007435812386913931,1.1102230246251565e-16,0.0007653290548583769,-0.0008975463821355167,-1.1102230246251565e-16,-0.01768271197791982,0.005092634096054038,-7.263864950535215e-06,0.002311639416213984,0.0,-0.00292690685393171,-0.027012435552270897,0.005606793207612482,-0.015215002199158334,0.0,0.0008498791973834963,0.0008689133812840311,-0.0041224086562196005,-0.009135304835389602,0.0014462874556524508,-0.0007417865961782399,-0.00667210645246602
-0.0138716181732772,0.0013622392331510969,0.019659338996147024,0.0001262736075063886,-0.0016282230889922977,0.014889042365285543,0.0003496375857859335,0.013938636221782374,-0.0013927552586386893,-0.000724830997606174,-0.00013621223375437364,-0.00012580785172899844,0.009632313460286035,-0.04544331319978623,-0.011812659799663339,0.006429294245875572,-0.00011799179864802056,-0.012396631491782495,-0.00036138386021905555,0.002082473342513602,0.0,-0.006671579009313255,0.010966252527286613,0.0357815403848859,0.0016841164824361043,0.015449607870054838,0.013594527939362,-0.0014188465894691138,0.00211058652125673,0.011257015216946498,0.008543070276936515,0.007122158459997474,0.007931561798061815,0.012146932156226697,0.021098170036625452,-0.06491188303092332,-0.0006422044206871313,-0.0023375173971152963,-0.001974986388041111,-0.001417950481262198,-0.011175291671206622,0.005495693605251373,0.0025248006962224068,0.0,0.0,-0.16734756427075495,0.005418269239883644,0.0017929945087570287,0.0,0.0,-0.0451891909292067,2.694472976993989e-05,-0.045686982723727676,0.00034038094376842576,-0.0005551535467790414,0.0,0.0007318633495740912,-0.0035188209379288793,5.551115123125783e-17,-0.06958899717804362,-0.006050448838253952,0.0,-0.00011754718101175676,0.0,-0.02164416167788541,-0.11425517645109273,-0.006460288121854119,-0.03037627811517335,0.0011796963399544613,-0.016816418948496337,-0.021869865765585528,-0.03155876134362201,-0.025591139980440325,-0.012534377409110231,-0.0023647905787994583,0.0017206640659209738
0.0010845320931588964,0.010141156077048963,0.001084958113731549,-0.0021260293951985143,8.707606655655731e-05,-0.012025774001618472,-0.02274014171865346,-0.001284226592380533,-0.025371591694540507,-0.003972355212447376,0.00023060754048170873,0.0008669867277707466,-0.017008563645422747,-0.0005674104892840481,-0.00026348205430115623,0.015159290734370834,-0.008971025122397003,0.001786458236562205,0.0013060968430766429,0.014451751912192834,-0.006671579009313255,0.0,0.028429573968214217,0.0014407362822850267,0.010632962594632256,-0.0018168676790712435,0.0013670884990030219,-0.03411204719580574,-0.004954221120037128,0.00021565386621358318,-0.0007258210133502807,0.009578601439745371,0.008337415641442247,-0.009695738833459089,0.007656916500116018,-0.002842437994159397,-0.0030498299507152327,0.004544785096618431,0.025782947200121198,0.020120341051243218,0.010667346701033142,0.03156591441303813,0.005994213608242149,5.321428831606134e-05,-0.00037428630716634936,0.020261919887677116,0.029714083867488084,0.00044543364098181826,1.9256544367962647e-06,-0.00013756208449650087,0.005506253463216648,0.0028490312531033735,-0.000238776230788329,0.0009652692886687464,8.687991245187598e-05,0.0,0.0008230775708526483,0.0017843802178485468,0.0,-0.023684219557008723,0.04067036079508679,-0.0007780152069727375,0.0014785378593665799,0.0,-0.005088127072826187,-0.021702906782763043,0.016976529172937738,0.0048732346709359775,0.0017568144512005168,0.008200457179987741,0.013510520757012201,-0.0072373869453628,0.002740892200727263,0.006639617726734881,0.0006000783166242862,0.025396307002127028
0.013457406014338369,0.010308685290888242,-0.0013207243477850739,0.04319428651722501,-0.04057204927960811,-0.002059818976736849,-0.016137081961462463,-0.026089237252006625,-0.037693628894573616,-0.0190514769878522,-0.06562825511196366,-0.0011850905685725222,-0.008773833350981863,-0.05644979188638788,0.08173408437913243,0.007671583955367101,-9.62776130210008e-05,-0.004273344891482067,-0.06947849160803729,0.06492546259944287,0.010966252527286613,0.028429573968214217,0.0,0.04778528244688046,0.011319327896872955,0.030921207164850417,0.009025222925151677,-0.0009036485194646726,0.011238197982323672,0.010581174474951716,0.0008792746196816248,0.00301790606629615,0.020648953896380717,0.005607043246348309,0.01579553597454325,-0.05048689329115713,-0.0021522997444098912,-0.00905566432491195,-0.005414054670142887,-0.013948678127564729,-0.005966132498655297,0.0020398111051882495,-0.04027287057118345,-0.0006936992577332712,0.0003642972959055357,-0.0005209492609458133,0.0075038361418394706,0.026209277899967853,-0.0004863993428367297,0.00024599000480429734,-0.01803302400652207,0.00815779142292794,-0.02084900948456886,0.0015677447424711222,0.0020485264980449336,-0.027315097279601297,-0.002958280835687499,-0.006337736815984929,-0.0512568609319643,-0.021378785357011765,-0.005277923950783636,1.7670154829063645e-05,-0.0007013223444092276,0.021277574156913115,-0.0037300996485101767,-0.026405068968709255,0.004070215928041243,-0.01141337646628282,-0.00027185521678180224,0.014321911991759917,-0.004883728908631757,-0.012583889918941105,-0.0006063314052305868,-0.004608631624758774,-0.015358831905199044,-0.0020551955734706695
0.0327701733005778,-0.0128398143107748,-0.0016312378693884577,-0.0014565734532629993,-0.0016342146281659309,0.07414350182403534,-0.006434538288988156,0.044730083989143576,-0.0038671881927536678,-0.01238574020553318,-0.0037152009496624894,-0.008193146350072511,-0.004910265829928595,0.0025918892026030593,-0.0024609043649216344,0.008673463454356767,-0.004201879626619998,-0.013131106111110513,-0.00026211623806926543,0.003099072097282274,0.0357815403848859,0.0014407362822850267,0.04778528244688046,0.0,-0.002937475142063495,0.004497952849122189,0.051317722417248246,-0.001167229885322918,0.06673945746561499,0.0006993415233532141,-0.0015386478058795894,-0.04944932095340698,-0.06279020097425811,-0.034964398175333644,-0.05007994014867423,-0.11224477930929835,-0.047491003027363254,-0.04764083010926634,0.0678952792543196,0.006115854925369091,0.05017762835612033,0.0486666203798804,0.0008638999287883808,-6.821933581713235e-05,-0.000601280840145435,-0.001714801924952214,-0.003927213178006317,0.0,-5.551115123125783e-17,-6.979387436306661e-05,4.015191451267608e-05,-0.0002320500130729708,-1.6653345369377348e-16,-0.0002746015605162855,-0.007434276326165168,0.0001811341243769249,0.012557595397201304,-0.002264092449075772,0.0,-0.0009251202177923412,0.013799580095714747,0.022263531993008123,-0.003386704865482204,8.505261664459862e-06,-0.0003041327580462494,0.011135934688754623,-0.0034023158268475795,0.000681204435478866,-0.03125208195951873,-0.006649818840446686,0.0066178322736188955,0.0002622597360377177,0.0034938002658100875,-5.8390854482281984e-05,0.0,-0.008324733575057752
-0.0279260275108677,-0.001200079278774302,-0.003697758943641327,0.0006062028175427558,-0.00580719593819623,0.015678267962606574,0.005581241142052995,0.043578352193025194,-0.0007256529140108325,0.009751650998984007,-0.0015079910745681158,0.000383221931281319,0.002393939669716738,-0.0002794370660320067,0.010390270859110373,0.020722185980686425,0.009609632976240401,-0.003452518673535021,-0.0013797839050535,0.019277180431649055,0.0016841164824361043,0.010632962594632256,0.011319327896872955,-0.002937475142063495,0.0,-0.009042017447674133,0.016762477731949,-0.0005033779713001785,-0.0003850250862741933,-0.0012022205400130104,0.009406112923361576,0.023777388587927384,0.0015356687717181239,0.0024867825427178913,0.02688288377861031,0.0003420758415754732,0.00032936583488890614,0.002907304083626161,0.008080947634389157,-0.0015984424405154907,0.003026019087329468,0.0020769394947384168,-0.0011073334081000419,-5.551115123125783e-17,0.002445950824643439,-0.023961820254859267,-0.004935985005957322,5.551115123125783e-17,0.0,2.220446049250313e-16,0.0023854218345012446,0.0009405566607741389,0.007165058649048983,0.00040993170189679295,0.010314451168196903,-0.0002460549237745524,0.007139952535713201,-0.0006054087845631106,0.0,-0.03707793169142387,0.012206176842634253,0.009813880885478687,-0.010747819279878335,0.0,-0.003704401729257012,-0.0014284053014187448,0.007203026209747276,-0.01769321486308517,-0.054348685757080684,-0.014198188879376572,-0.011172595598335278,-0.0024347120745623063,0.0008498581576609765,-0.011081008158640937,0.0,0.0012359753023239994
-0.009033424521318612,-0.0007552652732272791,-0.004106518969290984,0.0016063722733739572,0.026075422525623282,0.02169091687878033,0.002363405030673116,0.042821493659333965,-0.0007856950974437504,0.022815956332676246,-0.001089030678877112,-0.012169894761013988,0.002524053907561885,-0.0024475777732003157,0.013597791070005527,0.02147647683255144,0.0063784968465773195,-0.003202957203014112,-0.000735555449315306,0.03446184983331202,0.015449607870054838,-0.0018168676790712435,0.030921207164850417,0.004497952849122189,-0.009042017447674133,0.0,0.029471537606212184,0.004766574749019092,0.008847976347269138,-0.0009577148966761762,0.018824553320070325,0.019534987942268045,0.0013672816449677438,0.011885688171594855,0.027222042880955866,0.024660122020987774,0.0012594687204005584,0.008155227768606388,0.019254875785053194,0.0015841245299100248,0.003563073135124939,0.021780752589281638,-0.004733245233207506,1.1800645673909482e-05,-0.0013074997847050684,-0.025191018724731062,0.014059016840492156,0.002117364300526503,0.0,-3.912187338644957e-05,0.0031272581106038255,0.0015075469530152485,0.0059307363495846865,-0.0014552133792786193,0.019325091927109905,0.0,0.017632142093841452,0.0013864803442462104,0.0,-0.03686133317827833,0.0036692471540047955,0.010351234162015666,-0.006330329505903343,0.0,0.0018010186596685296,-0.02826686706643955,0.017802738356662406,-0.01451339133136964,-0.03155155319656877,-0.005511016105855249,-0.007277968703836846,-0.011300814177112206,-0.0011000445885919197,0.0028564846565373725,-0.00035235108906672696,0.006487405773432708
