0.0,0.8642755814367731,0.32904713945907105,0.0,0.41515428567663637,0.42586576779478846,0.4406312148846674,0.4439289573156153,0.3991494062677179,0.5852003458479328,0.37227160592520386,0.5841964993457331,0.8208208141593957,0.4271975133689359,0.39556186605943294,0.8943848306511286,0.5467063567836261,0.7178972805631687,0.0,0.6199825708342668,0.24512002613494305,0.6355858787071558,0.4080109228112415,0.3807909426498298,0.6925058223754694,0.692882480486616,0.4714124057494272,0.40109247592774105,0.4852034629522228,0.5391716258315055,0.7577943668538138,0.6985387826660752,0.9479360620599424,0.6148094460842963,0.7272752454832309,0.594640957503658,0.5028346798881425,0.6938093927182929,0.5220993355864608,0.5521967068575727,0.5287917294165152,0.4933513709706468,0.48180648367752554,0.0,0.4320825445716815,0.7773638681077923,0.7566242800969832,0.0,0.0,0.0,0.4493075026950522,0.0,0.5670139209436407,0.0,0.7918344955419767,0.0,0.5203534996868805,0.7314418100795452,0.0,0.5506732303129374,0.7611989324778565,0.29271270900512825,0.6196658704339968,0.0,0.4339062518406545,0.654508854819201,0.7824819026744408,0.5877580570642285,0.4396656967465724,0.7344934136260096,0.7828146069371338,0.4818048315610887,0.4001723624548311,0.48480575821258803,0.0,0.4685044811308454
0.8642755814367731,0.0,0.5120728416647319,0.3112281237774424,0.06632535112326093,0.35726580584453116,0.2512090080439948,0.7920704834069061,0.0772269385546493,0.43366592061676734,0.3247314020101776,0.43439437868263897,0.45395423026255216,0.48249561620135123,0.4839905718213954,0.6878697912320688,0.5818352172102494,0.7387345098880095,0.6113713747367515,0.43055604820620486,0.7850690180620117,0.3659026123162653,0.6105161570564662,0.44865189552880713,0.5971140615511918,0.48348285052888984,0.4430751385581684,0.4481131285172959,0.4740904134838118,0.6430656072998244,0.652914237718063,0.4226447589008485,0.6583620882306207,0.6071895942765291,0.665790850483241,0.44714094265887144,0.244426680591032,0.0,0.6516092173529191,0.9449698047597519,0.7028170283784813,0.7114734297995391,0.6095231608069727,0.0,0.0,0.965148625184034,0.6884177673329297,0.04409037301704773,0.0,0.0,0.515274919089569,0.5858021935496104,0.5406396290871397,0.5631217497170704,0.6363531979760537,0.0,0.4284086225192411,0.5989148266294708,0.0,0.3675593234522272,0.7972199357124694,0.6441233107217454,0.8426091054134559,0.0,0.5671155442870011,0.827850755041116,0.5216822270295742,0.5488914754861062,0.3749357369917278,0.9063216643487881,0.7460460948302761,0.5848098082381938,0.5794284455925602,0.47099913443217734,0.0,0.9269707715273724
0.32904713945907105,0.5120728416647319,0.0,0.453331938740115,0.3743505440698466,0.5649322000968373,0.47085599375284454,0.477877585779915,0.6622106603023907,0.5633004630009739,0.4739826033073914,0.4912662969470318,0.5348265126642336,0.6188230917417696,0.3454012853776238,0.37137878054774454,0.5528802004785727,0.5104186857561812,0.3548379352188125,0.36399034858229484,0.3340047070098967,0.5194392871218753,0.11210174864866856,0.3947467652443786,0.5379898518887266,0.4605464592875065,0.32350392437186304,0.5156160407380879,0.5735554249509149,0.48028011616144717,0.5516541882670998,0.5021721163106113,0.4716596085265097,0.5406504413476598,0.40117299474852003,0.5974523857450252,0.4684136276093974,0.4228413665575492,0.5548124527517443,0.4662257649862231,0.46584835427240107,0.5029184789188644,0.6108386714427628,0.6133196749167031,0.0,0.0,0.18829079339579458,0.07221404150154756,0.4693997674955114,0.27542691220715054,0.735416790530373,0.7489788502497191,0.5828266474625639,0.8623892131320119,0.3773840886528035,0.06553178471686871,0.45390512628495017,0.8036446159121113,0.583510951183493,0.24377030652241982,0.0,0.0,0.0,0.20000754940931786,0.5802699768240691,0.426411713216727,0.0972714393658902,0.345668236400411,0.0,0.6267173345365408,0.34023708235633165,0.5812844121980679,0.6959892367697735,0.5976614392156991,0.6670419443044086,0.3624276942101658
0.0,0.3112281237774424,0.453331938740115,0.0,0.2486882752500859,0.42727978767599967,0.23986853866383206,0.551142436790036,0.5542105177568665,0.6359369831246973,0.5760050609868168,0.2831584847258831,0.2624016260500429,0.27912576264163325,0.5601730569674082,0.07752871638156922,0.524298667981669,0.4783767217101297,0.5133718442744254,0.47953044944889084,0.4541488669013556,0.6872427763453777,0.557245878778831,0.21220785190011154,0.8652018252204619,0.6016325276550398,0.2861481109380262,0.08340909337520908,0.38754543328648117,0.4541246816479926,0.5077252834572313,0.2643552104835989,0.1625117237887871,0.4058596944388671,0.4043176251366041,0.27381774916994334,0.2131401877605434,0.2894564487690661,0.10036670876566628,0.27905311463105337,0.3738477560047231,0.4815025557519095,0.2031435060745051,0.38378676323179617,0.0,0.0,0.0,0.36423779629547737,0.0,0.0,0.5820551299813194,0.0,0.4725857284600875,0.03948849229778555,0.0,0.16382802099890248,0.44856037782115554,0.44594165721131107,0.0,0.0,0.0,0.0,0.0,0.0,0.0,0.0,0.4511496767550348,0.5149276361251393,0.0,0.0,0.0,0.44896597971871444,0.5141368662686528,0.5585983998398946,0.0,0.0
0.41515428567663637,0.06632535112326093,0.3743505440698466,0.2486882752500859,0.0,0.3248747290686182,0.31629269636782087,0.2682441430680716,0.2872737400946972,0.5971587181958815,0.13820534636298956,0.5678567757376878,0.3922448951651135,0.20921986593229677,0.4406952830626838,0.2674832611231664,0.5153122973350438,0.34239285134436737,0.27624546650940573,0.3197721883970994,0.4560924319347498,0.2446442034944838,0.4641845641796418,0.6700972816964499,0.22514949944884471,0.2917864188023345,0.3627523477475407,-0.005003634637390786,0.5091941738748604,0.4565333315867822,0.4758318578750919,0.12185908262087908,0.42346659841546597,0.44022232129304223,0.0642260750818128,0.32959205213329335,0.17335315353168226,0.5112015293000591,-0.20458216069250823,0.7202992981263887,0.5074670012019207,0.4118211484491944,0.3444276847730689,0.6881199173593084,0.2459615808375267,0.0,0.38256347424369863,0.43653790094876765,0.0,0.5835772077225987,0.6307933303195268,0.5476457364060066,-0.2055823860742525,1.1455547690048888,0.0,0.24951555917318224,0.3276623463528062,0.6415087389191182,0.27186777989599004,0.24380738746798802,0.4474886567958985,0.0,0.0,0.3762928622048534,0.3006170879249891,0.49475996518643506,0.39812365201731725,0.5283576268766261,0.0,0.4659913194394715,0.5578620022574377,0.36626326696176714,0.5321894495004809,0.4176130888023454,0.0,0.4462089323277087
0.42586576779478846,0.35726580584453116,0.5649322000968373,0.42727978767599967,0.3248747290686182,0.0,0.45620242934393723,0.5149812190054994,0.4439007538113706,0.5407779340118781,0.4901728376427582,0.5820420320544939,0.5672372316199629,0.40167787163464486,0.40309050988057193,0.43832910911009915,0.5047251849842795,0.5938048704776551,0.7038651517887585,0.5389419529794643,0.5799124981917423,0.4015152713751013,0.5905660412094489,0.29829960605456046,0.40963665549409234,0.6937338773827534,0.42580250625170224,0.4783364298300998,0.2529864158937445,0.6089744237653648,0.5273570262914031,0.28820709245233433,0.4652591717730348,0.4811245416102049,0.439057514819831,0.4741079157310759,0.4613070917763658,0.39594982207213253,0.6386319461560861,0.30975432090308264,0.5449257886577483,0.43367255216446193,0.7314368795189459,0.4685120187680636,0.18721368517371548,0.5739838459375752,0.48616979055710285,0.6257501880644418,0.5543791186444891,0.5135560755424906,0.6880153119101236,0.7572242562210919,0.6264109860661341,0.8334420089971932,0.608710741292697,0.8184999349926781,0.3296474058886255,0.7396513718758467,0.5594496891400225,0.559477867176297,0.572361725423653,0.0,0.5345171897068502,0.7589364205149409,0.41321671106450997,0.3490772041296376,0.5346843149495151,0.5820976428950382,0.5759246036446943,0.4741417008290568,0.4587328086164759,0.5922923347380153,0.5477998370806455,0.6182639465967861,-0.02671568152431847,0.5782056962382066
0.4406312148846674,0.2512090080439948,0.47085599375284454,0.23986853866383206,0.31629269636782087,0.45620242934393723,0.0,0.5264495417675699,0.5173799754930329,0.6806913993220802,0.39149416455277253,0.7039764198084099,0.47406449444140836,0.23382303174542937,0.48794497239572976,0.5229796596308879,0.7859479717670654,0.578591134095997,0.4413501901660469,0.3594608936115711,0.3960906103885694,0.4085552081922698,0.5594209971680545,0.8197336908207449,0.574483390394839,0.6496966306236571,0.40884006555557256,0.11070387217131716,0.5570955477274003,0.4556219956737741,0.5608544584415274,0.3549780291385609,0.24926369439624335,0.38566370082237733,0.18392217497874364,0.6554664422379987,0.5294810769348444,1.0263196367805776,0.5957776745324679,0.3934464037875757,0.5519898449176529,0.4927930707169852,0.5699621188995697,0.7350439972722829,0.32204129588819996,0.0,0.5463351525110003,0.5070676941520599,0.0,0.49599353159739923,0.7812834863581555,0.5440449141571688,1.1143909275868515,1.0573940433117812,0.5558658857122214,0.451260995909048,0.42087304986234975,0.45964509680261273,0.35873387029223947,0.30229719626681734,0.5867637277657951,0.0,0.514146781401476,0.556305121788852,0.5592427028634683,0.4812066687242422,0.574402303035744,0.5613845103733129,0.46557214394734525,0.5899517884194225,0.5107071128712554,0.6217691694283157,0.5335193532733102,0.4198305707618275,0.7658772776951613,0.4695643070589197
0.4439289573156153,0.7920704834069061,0.477877585779915,0.551142436790036,0.2682441430680716,0.5149812190054994,0.5264495417675699,0.0,0.7053423443717646,0.4664507690383549,0.27662600737034826,0.7030084146590629,0.5714316396056189,0.5815466892060506,0.5890643089596603,0.7357513380497898,0.4389641076394272,0.7023393861171574,0.42140597556044984,0.43439981075475503,0.2734525546910753,0.5424091395809572,0.3694981055272527,0.32073919876693935,0.7089573289039718,0.5806921789072134,0.46108537907380465,0.4387239648234491,0.4992698237464388,0.412186977039502,0.5266076240514663,0.33510918109171794,0.7955005332732166,0.4288682928454619,0.25906526148125897,0.5469152662333105,0.4858384348946661,0.6127222853262007,0.34852478177921786,0.4283622837030193,0.3186958950147537,0.6814005051244612,0.5689803941780012,0.4297638161650602,0.0,0.5503894112563181,0.3542912166536566,0.35123538481142713,0.0,0.32996356840311014,0.6100367357547684,0.5657548111038582,0.44719184087194264,0.5719446620641788,0.8263431636774898,0.3291948823737875,0.9519918222201944,0.6454033258795991,0.29027108918956673,0.5996753071122686,0.38148417366257226,0.0,0.6546448982216065,0.5696295357790176,0.5557166542641555,0.553232361079716,0.4285254436391264,0.37980170533339364,0.0,0.3932843803650339,0.37519775169452435,0.4052642814911313,0.49379018183623613,0.5637415404652021,0.45877838552699757,0.3241395783062456
0.3991494062677179,0.0772269385546493,0.6622106603023907,0.5542105177568665,0.2872737400946972,0.4439007538113706,0.5173799754930329,0.7053423443717646,0.0,0.6147353660284776,0.4160039058248429,0.5393883934304022,0.5578843452748787,0.8213824372057845,0.5376152688257034,0.3204081051942769,0.3896274980161195,0.5583404536039247,0.4164779491921282,0.48022830201614847,0.35164881844783474,0.3796365211203172,0.45221156013285807,0.8008663935063838,0.29226529838678095,0.5633359084117615,0.35821335831267376,0.5945237135325329,0.6691494007296301,0.7227604749285166,0.6165748981465127,0.6226990245260885,0.38001492750264226,0.6322582460483338,0.546703361238437,0.6376416130737182,0.5978503059911922,0.5501985181881702,0.5515523187088763,0.4733870129517157,0.341237615008247,0.29113027120981616,0.5707602990200492,-0.04813595921427977,0.2669938214130324,0.0,0.46522126283973003,0.7191628780155088,0.4617648989072618,0.6696639248606726,0.8208807552880062,0.9153587192589164,0.7316652416702183,0.7483809373206419,0.17964034501033016,0.7267793196782126,0.5268672964496628,0.7712619795353292,0.6357832630950938,0.4695208674906989,0.6672503126401585,0.0,0.0,0.7933253902566364,0.5755533855185797,0.6702083067059329,0.5213559943978318,0.7162208934846431,0.30691874079349224,0.5391657266982014,0.2880143928180101,0.6582349981246127,0.6227762255216358,0.13276699860817537,0.4944130528614569,0.7619811286738101
0.5852003458479328,0.43366592061676734,0.5633004630009739,0.6359369831246973,0.5971587181958815,0.5407779340118781,0.6806913993220802,0.4664507690383549,0.6147353660284776,0.0,0.5807329340534533,0.3753411014096156,0.8466266595790184,0.8028815946821635,0.47179635964791167,0.8807858536580397,0.6801979130255655,0.5347925123331934,0.5349764637816776,0.37961221073919427,0.6359521512514165,0.06829084327193777,0.6507415965485773,0.4283163570019264,0.5839292774766625,0.5700133553661122,0.4406140233125815,0.8287306307947884,0.40816955155009205,0.37406217107757356,0.4988613140197897,0.5815686162572018,0.6352454757866646,0.5832607924582391,0.7767030007819116,0.5207046051466921,0.5391911285650853,0.703945632831683,0.881675942898287,0.5442451379519313,0.7114529228607144,0.2571331379751254,0.2532204113834204,0.6241310797308013,0.5034328566240976,0.604600712038244,0.5340378851356202,0.13579691648029654,0.4689597819127417,0.41404987190679765,0.5129390767215773,0.42618734295969196,0.561953406558312,0.22670262685904352,0.6342063646307703,0.3815452074960974,0.7220224895664296,0.944690645662067,0.0,0.8962426806963886,0.5952364091019396,0.5759329487897705,0.568317613634338,0.47176658127969306,0.46597325921255084,0.550593444330805,0.3391995104355263,0.5219894465833944,0.528433910351429,0.5802917605157729,0.6628283186687532,0.5341761992339563,0.7068031931835652,0.39372261779370277,0.0,0.8640735204897605
0.37227160592520386,0.3247314020101776,0.4739826033073914,0.5760050609868168,0.13820534636298956,0.4901728376427582,0.39149416455277253,0.27662600737034826,0.4160039058248429,0.5807329340534533,0.0,0.741353854914292,0.48064011498246406,0.49582167696869156,0.0,0.5091689551266213,0.46512886149500554,0.4789107389273127,0.2375945700734553,0.4477600300341475,0.49906640916398215,0.36734102515707634,0.5025275593509914,0.6820186927175409,0.41702793351563816,0.551168062435454,0.4873261182517865,0.4205169811747038,0.4216196665390345,0.49937532180380406,0.5317975667507286,0.15925856053810733,0.4069269567192172,0.5643890836767831,0.4952179497457546,0.4754339096383495,0.65396402229419,0.5271458269373379,0.3634759313582287,0.5364593289215677,0.4721631900183563,0.40620686433853387,0.5914865317487572,0.5553612088384351,0.1730176206812008,0.0,0.0,0.4027136308165311,0.4712949478552658,0.18914317865688415,0.5909495327273324,0.2705078914746202,0.2900666012359635,0.8126997987192257,0.41553738209420765,-0.01408342652100672,0.3582702208109737,0.5480756967394323,0.6597090893989097,0.0,0.0,0.0,0.0,0.09982652282456705,0.3408641088702638,0.0,0.6605063639723321,0.6459896815322863,0.0,0.0,0.8693259239628188,0.6205421443606226,0.4527928430572873,0.3498663852411903,0.0,0.5242061157337242
0.5841964993457331,0.43439437868263897,0.4912662969470318,0.2831584847258831,0.5678567757376878,0.5820420320544939,0.7039764198084099,0.7030084146590629,0.5393883934304022,0.3753411014096156,0.741353854914292,0.0,0.8808653530057375,0.6007683541665931,0.4022916111931499,0.9428143853150852,0.7095751770176573,0.8093983786602853,0.47179557026881047,0.5673468221599571,1.1296134962628224,0.42790906637557274,0.8551034389782876,0.41481114890466014,0.5382490772532774,0.4366245587379055,0.4806672800964894,0.8928218582049654,0.5745817145300592,0.29232046656695043,0.43465945429918923,0.31944018132749513,0.5800446404994527,0.7135406891967659,0.8555835609203523,0.4265384913017175,0.39355173739830673,0.5434260307144019,0.2781244245094123,0.5505162877516345,0.43679070437556267,0.3350116070806497,0.3955940391018265,0.4543847308604285,0.5080936084108884,0.41015347296548443,0.5722660930365832,0.2436238091095147,0.19763573700597264,0.25689203465565985,0.350271652893322,0.46625151750547666,0.24940659126686476,0.3933146335688272,0.6669438196761954,0.2194658718167914,0.7876903942517133,0.8849419254976937,0.6785750954296084,0.6287379372715394,0.5254765950756765,0.5084302633581336,0.5944427486902353,0.3434284763504296,0.7424225922488925,0.7583461775718128,0.42216946366951397,0.5244313213294571,0.5371568200730742,0.5604602957817316,0.6059394371371706,0.3235822773577208,0.5619866831087987,0.4413974920165423,0.0,0.8955567667044019
0.8208208141593957,0.45395423026255216,0.5348265126642336,0.2624016260500429,0.3922448951651135,0.5672372316199629,0.47406449444140836,0.5714316396056189,0.5578843452748787,0.8466266595790184,0.48064011498246406,0.8808653530057375,0.0,0.19310656312145424,0.4373893076465608,0.6575026711286902,0.753800809910459,0.7444012382702566,0.5310657674633131,0.5823142977852469,0.522325713131093,0.5378421557157304,0.5987379771326575,0.7615257930492833,0.7816051510203159,0.7328743047723878,0.45788288421599116,0.36521685388321323,0.6825548794536183,0.4664035309800042,0.6061453879119142,0.4508250556552621,0.4039831412397645,0.6228582206976909,0.3407601826731603,0.5094799939779304,0.641643092916697,1.0233272304596481,0.7172938175660584,0.9819461459554191,1.1048346026726579,0.5039137148699581,0.5532159951342082,0.36252095074253077,0.3621812606177427,0.5744583706953355,0.617095384204269,0.5701048194616747,0.0,0.5964712655941161,0.7391289328657775,1.2078072845537606,0.5922765862766128,1.0825186150883,0.9798159159237521,0.42685547885131825,0.999445497959192,0.7230818394418833,0.391986724348628,0.44271299376147205,0.46503720229860757,0.3771391378927603,0.5473209489432025,1.0622087366157134,0.42455766137964734,0.5524710225062907,0.5026466971911859,0.6392517258329162,0.49131759166157635,0.47686942756808814,0.4605774329582626,0.6680342942531563,0.7097411971093722,0.5422612188307061,0.5096210027084908,0.7076167294799212
0.4271975133689359,0.48249561620135123,0.6188230917417696,0.27912576264163325,0.20921986593229677,0.40167787163464486,0.23382303174542937,0.5815466892060506,0.8213824372057845,0.8028815946821635,0.49582167696869156,0.6007683541665931,0.19310656312145424,0.0,0.5214498181540383,0.5555200568501,0.4586235651363756,0.49711978804022056,0.6970448854076857,0.3894302761671431,0.3555659261396817,0.25033302983100875,0.40701127518845814,0.5966407030302809,0.5205423634697538,0.4089477936900092,0.6220583802688231,0.2208666923017988,0.3944442757662071,0.7488485810338061,0.4681072258536661,0.20964320166880426,0.24896376516846153,0.6717883504698658,0.3459147228412986,0.22975363308227917,0.22803483371452254,0.3986952220068719,-0.13836149865789954,0.0,0.6897320558768945,0.8138183618955166,0.20689569872953972,0.46866789651469987,0.0,0.0,0.0,0.467027295229248,0.0,0.4853928176698623,0.43904740330987024,0.46898109968038776,0.5311988157778229,0.4509818912388076,0.0,0.5628849328739329,0.38864811732246163,0.7114832629459507,0.41774849591604113,0.0,0.0,0.0,0.0,0.47268720133872233,0.0,0.0,0.0,0.5980906190822448,0.0,0.0,0.0,0.49265481546011575,0.7139438503389693,0.0,0.0,0.0
0.39556186605943294,0.4839905718213954,0.3454012853776238,0.5601730569674082,0.4406952830626838,0.40309050988057193,0.48794497239572976,0.5890643089596603,0.5376152688257034,0.47179635964791167,0.0,0.4022916111931499,0.4373893076465608,0.5214498181540383,0.0,0.6168644314644716,0.40769741581117025,0.6063060071513287,0.0,0.201069058929097,0.2533410774213035,0.20151408684061933,0.22210036642619946,0.3839820926690968,0.5339845836999797,0.3610668580824416,0.13316053850938453,0.4424102022425559,0.2671986294085052,0.400686781086658,0.4876930329594282,0.17110383365722956,0.5430247664343433,0.3890941646759285,0.5044881665350035,0.32671193535013704,0.3642446324535893,0.37261237433579,0.24999938230535507,0.4196432051855916,0.523375797975427,0.47012621441509517,0.44131587286032303,0.6155077810261862,0.0,0.7291768306178465,0.6261587669065158,0.4421755283134875,0.0,0.0,0.48364667941714246,0.6680713293441578,0.5002502277744552,0.5118364817269221,0.0,0.0,0.6349969811172784,0.5276202957576168,0.4730053768933544,0.3533393313570848,0.7806165610137275,0.6093674906004407,0.7359932399615521,0.0,0.17133828740667273,0.44586237566131165,0.6785382967053837,0.5227901039463382,0.4421082993956833,0.5699112583521644,0.5284619437188433,0.3860914110724235,0.3514238005819602,0.4692524598796306,0.5002616642412699,0.5111630308557199
0.8943848306511286,0.6878697912320688,0.37137878054774454,0.07752871638156922,0.2674832611231664,0.43832910911009915,0.5229796596308879,0.7357513380497898,0.3204081051942769,0.8807858536580397,0.5091689551266213,0.9428143853150852,0.6575026711286902,0.5555200568501,0.6168644314644716,0.0,0.6304023656399828,0.6311831720413708,0.44825326940396926,0.504976642729485,0.9414864081126871,0.5459244175108389,0.7605632990911373,0.6531828237477024,0.7728709117937461,0.7038959449955098,0.5779287482541209,0.56691389857462,0.5306076626081382,0.6432745596587909,0.677885207954846,0.4708317764269841,0.6097250367959093,0.49647093235405876,0.7792038272659144,0.6178354452638755,0.3367087153477821,0.5833147664863239,0.6633806843015779,0.5099928511628751,0.7320049126355931,0.5414787486923992,0.4741267010955271,0.0,0.0,0.892430210925397,0.7132080539280525,0.0,0.0,0.0,0.5212289656670008,0.5804888917071789,0.8668761001684537,0.0,0.5889873505136757,0.0,0.42519789059414964,0.5981342336541104,0.0,0.6629304674083324,0.7411947993750185,0.5791912222006768,0.6455802482733368,0.0,0.5509121222898425,0.8434607411182264,0.5506821812329552,0.5651320270867712,0.37516077292436867,0.8704465657260694,0.8291577117146944,0.5647740663917464,0.6129210649864135,0.6637221930904624,0.0,0.5667634236940396
0.5467063567836261,0.5818352172102494,0.5528802004785727,0.524298667981669,0.5153122973350438,0.5047251849842795,0.7859479717670654,0.4389641076394272,0.3896274980161195,0.6801979130255655,0.46512886149500554,0.7095751770176573,0.753800809910459,0.4586235651363756,0.40769741581117025,0.6304023656399828,0.0,0.5568326704783614,0.5647504468728614,0.379313974729103,0.42724406293937184,0.42808255460257705,0.4624244314784315,0.7299857767603435,0.8520340487873873,0.7325217034025376,0.5464544924697029,0.9316588107428642,0.30116682757943153,0.5222102525447309,0.7238951664840766,0.6527014863837981,0.7186681955997672,0.5558179390418908,1.0146145000024576,0.7395344693742083,0.23926305007164397,0.5492364033037769,0.6630346699227219,0.44296892293657464,0.5935773943789628,0.5844067179080534,0.0,0.0,0.2498151769613453,0.6294873877078511,0.4085186147983026,0.0,0.0,0.0,0.0,0.0,0.0,0.0,0.7012840568278992,0.0,0.7521019377040044,0.32322218744095454,0.0,0.781128978441914,0.504566246713113,0.7527952563499907,0.5624568336922428,0.0,0.0,0.0,0.5584342735831676,0.0,0.8703827876381658,0.7058727770773578,0.7743072683626762,0.0,0.2718955382230079,0.462957717367591,0.0,0.6946801256843586
0.7178972805631687,0.7387345098880095,0.5104186857561812,0.4783767217101297,0.34239285134436737,0.5938048704776551,0.578591134095997,0.7023393861171574,0.5583404536039247,0.5347925123331934,0.4789107389273127,0.8093983786602853,0.7444012382702566,0.49711978804022056,0.6063060071513287,0.6311831720413708,0.5568326704783614,0.0,0.47724407878847985,0.6549016924821606,0.9446211797937158,0.5268545342384567,0.7847347185496651,0.7300390466233551,0.7817208124921651,0.6782647890304616,0.8102816810109423,0.5803410693131567,0.6313955192223131,0.6045056749134823,0.6834144213930907,0.6172457498073594,0.8195981935203271,0.7524537110819447,0.9231823021112033,0.707443838734918,0.2448311161044103,0.39080235927214313,0.5171060548883866,0.535588867578205,0.5814292329026054,0.6180526498884231,0.0,0.0,0.5953034126508945,0.8917323598302052,0.691908626125432,0.0,0.0,0.0,0.462203988348933,0.5394525954382028,0.8539290162848288,0.0,0.6856839195395263,0.0,0.7100810837151413,0.5009837463598501,0.0,0.5321233304510196,0.7148189986059428,0.7370521705827378,0.7224707360205521,0.0,0.4830604991129569,0.6184010615752851,0.4532239164875958,0.7148262956173433,0.7424684973881532,0.7780367410699072,0.7748950867398702,0.4816713655149517,0.6808577227768895,0.46744536764336425,0.0,0.6377353108301826
0.0,0.6113713747367515,0.3548379352188125,0.5133718442744254,0.27624546650940573,0.7038651517887585,0.4413501901660469,0.42140597556044984,0.4164779491921282,0.5349764637816776,0.2375945700734553,0.47179557026881047,0.5310657674633131,0.6970448854076857,0.0,0.44825326940396926,0.5647504468728614,0.47724407878847985,0.0,0.5374383583615617,0.45093057760864697,0.6703381805644136,0.14398291353278536,0.43379361627719,0.5075625776409735,0.45543651287413867,0.4601213259735001,0.5246837913807949,0.590856462681614,0.5858775136773613,0.5625247460000286,0.5439352299203688,0.44940418660230297,0.5641953330503057,0.4198391969545741,0.6327440263017188,0.4493633139058008,0.38101361617077595,0.44854098198833703,0.3888465375980483,0.37050679209538107,0.17949909878152642,0.6591434542304524,0.3415714686102215,0.4029112560631967,0.0,0.0,0.6575339439059453,0.0,0.45523676576381084,0.561335683172921,0.835274777881706,0.560796804942139,0.783375800280917,0.8511806849967853,0.6214258690485288,0.4828681289788241,0.8680023229765808,0.5358320851703939,0.0,0.0,0.0,0.0,0.7338429293556699,0.47020752148525835,0.0,0.49345755035471717,0.6314450177187187,0.0,0.0,0.0,0.6335291172325352,0.48539670597764306,0.42987959151480915,0.46208291609072516,0.5334533536372912
0.6199825708342668,0.43055604820620486,0.36399034858229484,0.47953044944889084,0.3197721883970994,0.5389419529794643,0.3594608936115711,0.43439981075475503,0.48022830201614847,0.37961221073919427,0.4477600300341475,0.5673468221599571,0.5823142977852469,0.3894302761671431,0.201069058929097,0.504976642729485,0.379313974729103,0.6549016924821606,0.5374383583615617,0.0,0.27936299802016806,0.2235279745435215,0.05785117317943583,0.5455758978600888,0.5508894158570794,0.42377124448709386,0.2239408584462397,0.3339259447949612,0.26750878892755947,0.2885001421748113,0.4191837467956754,0.13441925559627446,0.3858277148210301,0.4487925689160119,0.5880512360014309,0.43531102817813583,0.06080301637455418,0.7596969074217623,0.2825997991944137,0.3954585618591722,0.4747369331556808,0.6142547440386799,0.49606049542590147,0.2401700380124612,0.1853248970781279,0.4336077527382727,0.4817945529753497,0.44140162283006246,0.0,0.0,0.4858446237768711,0.6169119391280833,0.6024885598922829,0.3959862829457489,0.927272643373236,0.0,0.5139923043258234,0.5441336796784385,0.0,0.5023960441263706,0.5358611312545369,0.47729563223555765,0.5739402275633774,0.0,0.4652958763704861,0.44941131300729487,0.5360597048156979,0.4725874095625532,0.0,0.5637137864172275,0.4522267873193242,0.41399765446399267,0.44624104004055903,0.4635670359233503,0.20342698844770432,0.35240234143313515
0.24512002613494305,0.7850690180620117,0.3340047070098967,0.4541488669013556,0.4560924319347498,0.5799124981917423,0.3960906103885694,0.2734525546910753,0.35164881844783474,0.6359521512514165,0.49906640916398215,1.1296134962628224,0.522325713131093,0.3555659261396817,0.2533410774213035,0.9414864081126871,0.42724406293937184,0.9446211797937158,0.45093057760864697,0.27936299802016806,0.0,0.46577881459292503,0.39498449813715897,0.33309215674500525,0.7465516170999034,0.6211550979444886,0.34329823287189976,0.4163517626231913,0.46096818052056565,0.3710905361813653,0.6494450146470117,0.2948812832258528,0.8524700335311695,0.5901424065619405,0.6240159205663802,0.2643030084674661,0.3088855749420829,0.5238841675614231,0.5340048392648091,0.9425768467167318,0.7020374216620022,0.7948407754836977,0.5580450425730125,0.0,0.0,0.7644959944548695,0.746984802252439,0.6157278381789122,0.0,0.0,0.8175063909896532,0.3967937197253725,0.8914582613428372,1.6155365431079427,0.5598102766513766,0.0,0.7433144738741135,0.864267969951032,0.0,0.551980133780505,1.008908239054076,0.0,0.510657625086739,0.0,0.678084116745572,0.8360185996751615,0.7085697870175933,0.6691502307911872,0.7731776456996466,0.4860755826714531,0.7858271713792846,0.6181471247852726,0.6840028111605703,0.7508921314537154,0.5881695135788555,0.34594230828126477
0.6355858787071558,0.3659026123162653,0.5194392871218753,0.6872427763453777,0.2446442034944838,0.4015152713751013,0.4085552081922698,0.5424091395809572,0.3796365211203172,0.06829084327193777,0.36734102515707634,0.42790906637557274,0.5378421557157304,0.25033302983100875,0.20151408684061933,0.5459244175108389,0.42808255460257705,0.5268545342384567,0.6703381805644136,0.2235279745435215,0.46577881459292503,0.0,0.6094921638684432,0.10690071977333435,0.7130709445869933,0.5176995318770206,0.3607475727761006,0.5553850990407443,0.3616296366453061,0.5635416225411758,0.5746103915478764,0.28662001005377524,0.4533333298064517,0.492460195049332,0.6396144143074337,0.4361422228314224,0.5665968164131069,0.5294214461354394,0.5209232853927108,0.7702696279769995,0.6609971028790522,0.600564536626149,0.4272634582421929,0.34282426500469615,0.22907577175039057,0.7959687913249445,0.664336212811086,0.5689097906456031,0.47005170028723,0.23814134798469605,0.5523231219140972,0.6227390056630477,0.5921242282011742,0.6372750474040839,0.39116029545459396,0.0,0.49024610719456285,0.5775289275763991,0.0,0.5862058602801928,0.7423033169789326,0.4230951481427594,0.6171078548129687,0.0,0.4978034084360021,0.5774994030488569,0.6701738275196363,0.491980513162407,0.7135176483277181,0.8346485824335903,0.6307682595720567,0.4781182890407295,0.6538065531878698,0.4678861103507847,0.5551587351836587,0.7427250766784634
0.4080109228112415,0.6105161570564662,0.11210174864866856,0.557245878778831,0.4641845641796418,0.5905660412094489,0.5594209971680545,0.3694981055272527,0.45221156013285807,0.6507415965485773,0.5025275593509914,0.8551034389782876,0.5987379771326575,0.40701127518845814,0.22210036642619946,0.7605632990911373,0.4624244314784315,0.7847347185496651,0.14398291353278536,0.05785117317943583,0.39498449813715897,0.6094921638684432,0.0,0.3641827972606197,0.7057091394469385,0.48985635278379824,0.20582006887165327,0.44756362610920064,0.43462610279124475,0.4529271991709907,0.4839036952344826,0.25532682459432526,0.27585668645221184,0.4216168560860061,0.29318647456410407,0.5328986925835935,0.6235356599232821,0.35192809270251163,0.5346661946745422,0.6058626872777149,0.5800575964336379,0.5393365346001764,0.6817801438764362,0.39741808966008096,0.4989944186841405,0.43266920550723686,0.6952163302727531,0.49525447764005454,0.460519052487827,0.5682109717452696,0.664308822705385,0.7163151403233026,0.5389035403368659,0.7613271145798146,0.5545231887679527,0.4716950432158218,0.43871694255597604,0.6830824650065572,0.4787705577280717,0.5406082247459576,0.6155839577818695,0.4659732592125496,0.5468202794875641,0.5669792312644334,0.5230365240905583,0.6363044210303743,0.5765894151071442,0.66298772213554,0.20882242203752735,0.6160611867711268,0.6408301061061648,0.509085167114606,0.5235942614368522,0.5678914900777698,0.5202845906110486,0.5610926843534242
0.3807909426498298,0.44865189552880713,0.3947467652443786,0.21220785190011154,0.6700972816964499,0.29829960605456046,0.8197336908207449,0.32073919876693935,0.8008663935063838,0.4283163570019264,0.6820186927175409,0.41481114890466014,0.7615257930492833,0.5966407030302809,0.3839820926690968,0.6531828237477024,0.7299857767603435,0.7300390466233551,0.43379361627719,0.5455758978600888,0.33309215674500525,0.10690071977333435,0.3641827972606197,0.0,0.7540532726054496,0.3943955928553291,0.23899454143982327,0.8507761663818565,0.5521421861771154,0.8098226587459416,0.7765288258729823,0.5549633096151613,0.4299522600529362,0.651938219659744,0.943022574256059,0.6635533623449636,0.4433089443214775,0.5482862344747391,0.12851043842718513,0.9071744035294518,0.6394693752921541,0.6118178797418243,0.5936774713151698,0.3442897133444254,0.871351553613986,0.589537117278726,0.5003779269820103,0.0,0.0,0.4880031310996389,0.586615577920691,0.31602653453716056,0.0,-0.008863079637684512,0.6692521927161348,0.5337232196803973,0.7738115856681744,0.9485191826924754,0.0,0.250142706993164,0.7458622784878564,0.23658978769502947,0.7187427472427196,0.4601730513313717,0.3618476649073858,0.41663784830557316,0.18097075488825204,0.8415221275774157,0.3497987551283339,0.6286681345324576,0.7684882797422198,0.5514111762140614,0.9016511868051706,0.5736580970609704,0.0,0.7347608088343853
0.6925058223754694,0.5971140615511918,0.5379898518887266,0.8652018252204619,0.22514949944884471,0.40963665549409234,0.574483390394839,0.7089573289039718,0.29226529838678095,0.5839292774766625,0.41702793351563816,0.5382490772532774,0.7816051510203159,0.5205423634697538,0.5339845836999797,0.7728709117937461,0.8520340487873873,0.7817208124921651,0.5075625776409735,0.5508894158570794,0.7465516170999034,0.7130709445869933,0.7057091394469385,0.7540532726054496,0.0,0.5457316243015213,0.6136044197273522,0.6890353988886079,0.7135483578514374,0.4826463152812143,0.7511929966658775,0.4276764525146163,0.8228391366784582,0.5983132221778669,0.9509413411099809,0.5154744939435724,0.13791259180998205,0.6160676742949196,0.7822441571608276,0.8314980873292084,0.8321381155826584,0.8134854077396736,0.0961205771560997,0.0,0.5206892092882316,0.9816650089082919,0.80852878810266,0.0,0.0,0.0,0.5374578174249296,0.5137629944293785,0.6399182525436098,0.43083243143415084,0.6245262668295916,0.45899877880711537,0.7712019718739502,0.4269450770777342,0.0,0.6124324235434295,0.8237492082857165,0.7516058076453106,0.8845106732725674,0.0,0.6518626219946471,0.5578926090698032,0.5076998698146313,0.5211447231928913,0.9409717819370078,0.9086911887295668,0.8571888374239436,0.46798654057806,0.6375920851776988,0.41987113263767417,0.0,0.8523898287739764
0.692882480486616,0.48348285052888984,0.4605464592875065,0.6016325276550398,0.2917864188023345,0.6937338773827534,0.6496966306236571,0.5806921789072134,0.5633359084117615,0.5700133553661122,0.551168062435454,0.4366245587379055,0.7328743047723878,0.4089477936900092,0.3610668580824416,0.7038959449955098,0.7325217034025376,0.6782647890304616,0.45543651287413867,0.42377124448709386,0.6211550979444886,0.5176995318770206,0.48985635278379824,0.3943955928553291,0.5457316243015213,0.0,0.4556559956564424,0.7128591687743717,0.6086342785320393,0.3628174255977409,0.6284497375002971,0.5110009536144763,0.8333706385372307,0.56900105865417,0.7101835298540419,0.02685395665263335,0.42625664007568165,0.5297336627132221,0.6519702283677389,0.718597141902878,0.9847218878038702,0.5746408421631767,0.2014494345962411,0.5393462231184599,0.30650325588326643,0.8004767830108304,0.7789727160635591,0.646963226120219,0.0,0.00372324647050504,0.5339265688285634,0.5174348278324618,0.5158576758415274,0.4202117243708934,0.6484686160356492,0.0,0.7867298768886377,0.6055354724174107,0.0,0.6365110677850547,0.7908320672600915,0.7103223047586602,0.7472222398050888,0.0,0.6681735186313181,0.8243279688314898,0.7934400378876381,0.6156513689728635,0.8020609487163948,0.8479557794657837,0.78689584016826,0.7161863451451809,0.611933338454884,0.9258555647157868,0.4432192648438124,1.0655251226913824
0.4714124057494272,0.4430751385581684,0.32350392437186304,0.2861481109380262,0.3627523477475407,0.42580250625170224,0.40884006555557256,0.46108537907380465,0.35821335831267376,0.4406140233125815,0.4873261182517865,0.4806672800964894,0.45788288421599116,0.6220583802688231,0.13316053850938453,0.5779287482541209,0.5464544924697029,0.8102816810109423,0.4601213259735001,0.2239408584462397,0.34329823287189976,0.3607475727761006,0.20582006887165327,0.23899454143982327,0.6136044197273522,0.4556559956564424,0.0,0.3934483253168449,0.5615685033243962,0.37220435791601536,0.3017850202923384,0.08626246182217107,0.1857098520696444,0.30137739985224954,0.22109892002367335,0.26674252821630673,0.362762060253283,0.37853569811942667,0.4962892926656203,0.5763012320481393,0.4653170107632155,0.4043461738242789,0.6641549128145119,0.5268464441524967,0.3948225500962659,0.391362592055296,0.44791256551109926,0.5688870862734959,0.4814881843008093,0.6945749891927664,0.6485869055142167,0.7062953216434765,0.4751354785553737,0.7737106499028601,0.6866028602129557,0.6707159607182831,0.3512626882719875,0.6803885484660661,0.7643372893929985,0.4317847140908784,0.5929512244207669,0.0,0.39617187725812436,0.8291373277485692,0.4359869330140449,0.5556810272078094,0.4945911161039829,0.47296460742445334,0.0,0.577403814695646,0.6470871146513548,0.501058020475508,0.5000653727175929,0.5027223174251048,0.2642891866781465,0.5282920399355653
0.40109247592774105,0.4481131285172959,0.5156160407380879,0.08340909337520908,-0.005003634637390786,0.4783364298300998,0.11070387217131716,0.4387239648234491,0.5945237135325329,0.8287306307947884,0.4205169811747038,0.8928218582049654,0.36521685388321323,0.2208666923017988,0.4424102022425559,0.56691389857462,0.9316588107428642,0.5803410693131567,0.5246837913807949,0.3339259447949612,0.4163517626231913,0.5553850990407443,0.44756362610920064,0.8507761663818565,0.6890353988886079,0.7128591687743717,0.3934483253168449,0.0,0.4684097877434196,0.6614118310965964,0.6898277762542273,0.4290704510512668,0.4756108092261895,0.44199018964345765,0.23791085966523473,0.21681476343939582,0.12256017522955748,0.8140367667835584,0.5237810357730929,0.2766859270066278,0.680633259017625,-0.082908579377036,0.5031301366264562,-0.07817949516654282,0.5438125596345738,0.5813960924637498,0.586462831245443,0.539984216822061,0.0,0.6202318073188564,0.6378303466430937,0.5134336613365694,0.46119019589685234,0.4968028996643208,0.9972366633854954,0.4492091935366523,1.1121040375664624,0.5137860604185874,0.35173933087754633,0.43244981382761993,0.45784130897017017,0.17564172070176828,0.5608723012476209,0.6588373134695262,0.4744198901822312,0.45823973094234133,0.3874807490643966,0.5293512659627632,0.48904256111640865,0.5973900377692508,0.38793922435080597,0.5311679901865425,0.5104471976978171,0.478440991687373,0.47962837140849324,0.4998826044689363
0.4852034629522228,0.4740904134838118,0.5735554249509149,0.38754543328648117,0.5091941738748604,0.2529864158937445,0.5570955477274003,0.4992698237464388,0.6691494007296301,0.40816955155009205,0.4216196665390345,0.5745817145300592,0.6825548794536183,0.3944442757662071,0.2671986294085052,0.5306076626081382,0.30116682757943153,0.6313955192223131,0.590856462681614,0.26750878892755947,0.46096818052056565,0.3616296366453061,0.43462610279124475,0.5521421861771154,0.7135483578514374,0.6086342785320393,0.5615685033243962,0.4684097877434196,0.0,0.4552439804095566,0.4246793363892743,-0.005772405533967628,0.23585067428455894,0.4009236710471925,0.24025976904001578,0.2258225809307784,0.23001337227153598,0.49834504796127876,0.3603855540911637,0.5295311883172585,0.38697009554092554,0.44125359710084083,0.34615779188702384,0.5093358384547577,0.6207229259530915,0.3985504195819865,0.4177421703183381,0.3834568459133293,0.48325915415911336,0.41403415976147295,0.5008385847359137,0.5372946464184345,0.5447574840378258,0.5034741575152766,0.5902875072538126,0.41246201560098983,0.5567618744248728,0.5548627408083797,0.7878915190361906,0.39380284988948755,0.5649595055989318,0.4702461555283893,0.5555255636125686,0.4842464653025672,0.42715180785647844,0.5564995498366584,0.3504209086750699,0.5212421892759904,0.44933926188259327,0.6034751127139264,0.43871296732071924,0.47913234780092506,0.42061241562762797,0.46263992846157465,0.2466816003981381,0.39978423898621124
