0.0,0.5908847557819253,0.351692508536003,0.0,0.3158505603006535,0.3622181431287843,0.42062961014939493,0.8204203858361168,0.3752260425388778,0.46370881921130314,0.37084428145272796,0.3637917763979507,0.45020388105888337,0.4609399109296278,0.41149681370887026,0.49423358415233476,0.41296161053094627,0.18860486369665125,0.0,0.8354362600981196,0.39422789847474543,0.7622832242388307,0.625833016915538,0.16926172008059506,0.5302424072620688,0.4679274049109474,0.7359747035125821,0.39921949309749805,0.7624002986159613,0.5636730525346194,0.35117213623627164,0.4324629096940024,0.15744482221308082,0.2810914562969081,0.2370313654018451,0.6102345386298609,0.4312201122163231,0.47448247372176044,0.7970699025793261,0.8757268879308686,0.711574770903393,0.5732948584902683,0.47548379263565493,0.0,0.42938281850145044,0.5764728338832903,0.7241074571864912,0.0,0.0,0.0,0.4888117453600065,0.0,0.5860794084289274,0.0,0.46816506041633843,0.0,0.5357166903647893,0.7659668482520064,0.0,0.5519810942041901,0.7605835684410747,0.29920254301244725,0.6428052807078035,0.0,0.4456338878274953,0.4064249003631064,0.7159695149416565,0.5913450307998942,0.6826078231406277,0.6942954326924515,0.6687049443810043,0.4711242847037807,0.43385309946937745,0.611351096254356,0.0,0.6327480186047172
0.5908847557819253,0.0,0.4585659299766057,0.3220555398360083,0.3100834908710344,0.44980221602692766,0.49732978345373535,0.7878278813743138,0.27138276109641196,0.3309736782918483,0.29940664896251845,0.4700266931296203,0.5750136551188363,0.5778768748782479,0.6253357664648631,0.3783491477465012,0.205397659592493,0.28046753653460627,0.5300360663205372,0.4932863419724617,0.6560535092619788,0.614191278203793,0.7841826994203714,0.42153541801841743,0.3352238393634762,0.35816473725239084,0.5455758489624447,0.4258401286343322,0.311713918678171,0.3469024950507296,0.40952760970885527,0.3867634336730373,0.12123782139696485,0.3988132449973097,0.4246403021388605,0.5019257795276517,0.20594529264365227,0.0,0.6864282462412928,0.6397397576988653,0.4996695103229118,0.8070705899542429,0.6121314731916997,0.0,0.0,0.6296715406298573,0.5711954362742169,-0.039079176738346925,0.0,0.0,0.5659842501443595,0.580678411034715,0.5690541009172525,0.5277302088831658,0.6072341233299008,0.0,0.42164259023171446,0.5658526307280508,0.0,0.5493304255582637,0.5791137604056708,0.6194263929342643,0.6856399948993157,0.0,0.6250471312622718,0.7346040021128399,0.7756526134476933,0.5770965089971616,0.389391228050848,0.5399613640351704,0.5890395787516278,0.5673087770314744,0.5238072327880893,0.805293804799605,0.0,0.564235992923646
0.351692508536003,0.4585659299766057,0.0,0.8837790423661278,0.40119144251534844,0.2314499454901075,0.7003068507607895,0.7574911310660464,0.14213247768035275,0.47711992983984547,0.45842491571693816,0.5947684054496731,0.7874821316285002,0.7573469434542162,0.38014319227265836,0.34182360020453545,0.642608452103197,0.5728359571924068,0.5359565914932674,0.34588734956160355,0.37613351719024424,0.46333498844429843,0.2682613510496431,0.4216286123939313,0.4825727037913067,0.4634841695716895,0.4474072870792397,0.6375210014551952,0.6259866930089297,0.5911209115375075,0.6652829721443624,0.6354944054884788,0.48539340296688405,0.6495970910486664,0.5811545705216368,0.8279291798551118,0.49351320241549557,0.543184924717462,0.6822309052023849,0.4690194149889731,0.47062699767344784,0.5074879984182329,0.808404877233911,0.624358838306242,0.0,0.0,0.16554575062048033,0.47232205915286574,0.46671469201071514,-0.010391347274366802,0.8060839335442256,0.576889228823172,0.8799738449968568,0.7904433031480418,0.32164430813317274,0.23801189721489144,0.48301765701854316,0.5679119327980677,0.5840757246815982,0.2984302204183644,0.0,0.0,0.0,0.05128673791275712,0.6925000420750105,0.45100245774594216,0.16095414728001753,0.8145151942842014,0.0,0.6153129149859835,0.4081102477398629,0.868752346522323,0.5007055435642362,0.6324816155345352,0.656437489102774,0.45787075523018467
0.0,0.3220555398360083,0.8837790423661278,0.0,0.6810969017517114,0.5840226537650526,0.40178698616440583,0.768357630463955,1.0374836041913178,0.38855740450987686,0.5515693027754609,0.3943276011256642,0.37497908656322537,0.6835149871971349,0.5662511555847856,0.06052193213980113,0.5470624988329017,0.4738952453738672,0.4046584834716053,0.7397299941106052,0.36637993670529756,0.8521650766975533,0.8994894744887243,0.20981955017448267,0.837818718714368,0.5521159877278733,0.8170324774928304,0.476620611012587,0.4324357478886381,0.41150276197871705,0.5440730013441839,0.5545535185295473,0.20736683962207025,0.4150577920799772,0.626705301735573,0.505299518605377,0.4340005960414277,0.3468305710254529,0.18977335746316082,0.2818337434689151,0.3771517773126114,0.28467435737694047,0.23690704071769259,0.2241479198110143,0.0,0.0,0.0,0.4876808850316381,0.0,0.0,0.5523852245605687,0.0,0.47459183079327727,0.05388302157139915,0.0,0.21446230851800274,0.49076803284472037,0.5126686582131657,0.0,0.0,0.0,0.0,0.0,0.0,0.0,0.0,0.45438220076786706,0.6108590634963188,0.0,0.0,0.0,0.4707196615604011,0.44415537728549215,0.6264072946358528,0.0,0.0
0.3158505603006535,0.3100834908710344,0.40119144251534844,0.6810969017517114,0.0,0.45228951485402413,0.5134080667765972,0.7624682585348324,0.39415201107679365,0.8825964364762922,0.3206743659900313,0.5855677067583422,0.697534802814082,0.4979840969545971,0.477031435018787,0.524221267464021,0.5260517615169583,0.4214116616208402,0.39964093746033014,0.5374818558872729,0.4924612956893831,0.4044136951217208,0.4145860133272309,0.5298949513427981,0.2487918643807601,0.39946941574932476,0.47460388932021286,0.7780075243622263,0.4046806329272499,0.4256277862194589,0.5977021373671902,0.5330714576273838,0.40260026269702226,0.6302222598253163,0.5793031181952774,0.604669352002787,0.028249576396934872,0.5912356997546226,0.5356131551000074,0.6488105790470609,0.44060963264528563,0.3938818877362108,0.766384007560224,0.6383445500234355,0.2520199778802773,0.0,0.42797733168254526,0.6814253852320454,0.0,0.5272153863002327,0.7340202862493015,0.5807541425221228,0.5065149212059099,0.5888584880539499,0.0,0.48277223795309,0.3342763285312647,0.6216875193002998,0.5322715888410712,0.2171873299112403,0.512217695669253,0.0,0.0,0.5859749128928923,0.2621857319602843,0.4272752477705654,0.3299204480877221,0.8238744845451035,0.0,0.46972117173764105,0.44883217787528884,0.5293728014011936,0.5726865566485739,0.4824743715146814,0.0,0.49229413655327725
0.3622181431287843,0.44980221602692766,0.2314499454901075,0.5840226537650526,0.45228951485402413,0.0,0.5951597492507348,0.6424283537915367,0.4348648447239481,0.5642621566870109,0.5861356775114823,0.6000002463460232,0.6205974125952793,0.7882731297559085,0.7120522233587654,0.505593846325816,0.6486491193413026,0.7388981950602188,0.7932362431099462,0.511865246527762,0.8823633292718283,0.47620963380699266,0.47102306039201924,0.2968124188020569,0.3143302498205257,0.5435241874246702,0.47753542249861947,0.4870320480230632,0.41947994944813843,0.6686399111499595,0.7008060130500698,0.6508510768686651,0.9447662916278654,0.6539822998142517,0.5731097997600533,0.7036794022645283,0.640802237979138,0.5622366723763663,0.9440983428364429,0.32734112207375166,0.8078230516035516,0.46480852772281317,0.9026888767779893,0.519823590522096,0.25265297306662,0.5379397543722346,0.4630189116044086,0.6796062896266318,0.611859505099611,0.4470921134898804,0.7065111297136871,0.6651429354997994,0.8343203646771824,0.7551006091838778,0.6134354678043932,0.6585705774739861,0.35449388913010726,0.7729102332840107,0.5811795721070365,0.590141962319151,0.5155086880846846,0.0,0.5331672000715566,0.5364667106796498,1.0761550323204223,0.4072836865073447,0.5394952963408783,0.7738558788961793,0.5730278477203551,0.4717159866938644,0.45043815835453616,0.7645784544764489,0.7477759556851966,0.9211628646077717,0.4717714748071743,0.7301180589307938
0.42062961014939493,0.49732978345373535,0.7003068507607895,0.40178698616440583,0.5134080667765972,0.5951597492507348,0.0,0.7968574696350228,0.6363119439235472,0.5642030690750511,0.4761027417068551,0.6493331725017686,0.7589479108088171,0.34504488828705693,0.4997203675121864,0.6322110759404862,0.509367305676673,0.5546739091429038,0.501239069706559,0.5560615300757444,0.3778957954759684,0.6304813616983707,0.7079526972705482,0.44852145134765076,0.49202621863204454,0.5538168749938307,0.5879332876497844,0.2911704348820833,0.6933498719760486,0.44282985705231415,0.6778245054903705,0.8129082622728385,0.5332234441526784,0.4276618353539748,0.360598405558072,0.4045277180939393,0.46886013945811145,0.5350885271580741,0.5904787027123631,0.4280927814077437,0.499994972236701,0.5043780309627568,0.5530660698136112,0.7844800247998129,0.32862202429595744,0.0,0.4949383434099623,0.6336475618858857,0.0,0.5184516153932351,0.6183578433034607,0.5791485290080092,0.8790052658893085,0.6112109208859831,0.5477307681724981,0.5099215283277521,0.4196530504482415,0.48097918136699747,0.3372560058967878,0.3612723938131548,0.5754436814409172,0.0,0.5180457022175262,0.5613115232219653,0.541347262520703,0.4954897737680104,0.4930600757806971,0.8350361214667736,0.46942053332509426,0.5503960356062941,0.539340926664896,1.079534540030095,0.5422762337272178,0.414283969203046,0.6877321590942078,0.5123951707820286
0.8204203858361168,0.7878278813743138,0.7574911310660464,0.768357630463955,0.7624682585348324,0.6424283537915367,0.7968574696350228,0.0,0.6790452917445897,0.5264616900984247,0.7031090494667935,0.6086280483138349,0.8926228940369043,1.0217108715939607,0.7086851552449223,0.6479222062719097,0.4489969433993337,0.5811597055594959,0.7413826489536357,0.3551252142777178,0.7682452649506777,0.4743250938478379,0.7347321605175665,0.545309321004861,0.5747746566727094,0.5367564832134999,0.634925327967914,0.6491678375009785,0.6152420225445419,0.7480970552174833,0.7360270257483192,0.8469657762027536,0.5019672156692255,0.6553728372946427,0.44982074097193425,0.7339135480463416,-0.10946889685472028,0.6117606449001596,1.0024161664635394,0.4544544451504051,0.9912526261420975,0.571392491168299,0.5510369340832639,0.4741579017688443,0.0,0.5675979709321552,0.36078790967641816,0.5551523253022457,0.0,0.5687881875372132,0.686252511249313,0.7488712359310363,0.5543861184397763,0.5276046336076357,0.7957134763988875,0.5832663588504692,0.9017044778213625,0.709909290917783,0.7091479391010529,1.0941826440095126,0.3931653084230839,0.0,0.7293878322023557,0.6427780673599117,1.0643348022162094,1.0674673434637818,0.4637605040877427,0.6467503301843768,0.0,0.5050399826936396,0.40886600200459333,0.7553675777240862,0.6909558688257422,1.0328950484788788,0.4727538682560236,0.6520864122681886
0.3752260425388778,0.27138276109641196,0.14213247768035275,1.0374836041913178,0.39415201107679365,0.4348648447239481,0.6363119439235472,0.6790452917445897,0.0,0.6555510790695738,0.18204486926669922,0.6456172482068161,0.4815603089961406,0.5775858778439162,0.6117307839157983,0.5070110658725352,0.4831640737571588,0.6156852825651623,0.3976973165347134,0.36524538648260046,0.3625970908269277,0.3516624361705264,0.5064535424729002,0.5751595071471685,0.4823000046883839,0.6022350299276028,0.3053449485565223,0.5666833362276361,0.4477494644764659,0.5688308893996721,0.5950507485158648,0.6176675959329466,0.815730899117706,0.590164860982765,0.5398539620923415,0.5095322230448371,0.6547049741968203,0.70367436247654,0.5989094032493273,0.5465766624025781,0.36321173684573055,0.24219072958229093,0.700978460489555,0.45251537860360447,0.3102738456801367,0.0,0.4374393097421734,0.6462246334015567,0.4666903582227855,0.680498155079386,0.6945127475432087,0.6304995958009089,0.8009736241318964,0.5544245700369441,0.25471473371813586,0.5968481244192625,0.4379759630954177,0.526069589088512,0.7590459006872774,0.4067059844594194,0.6374589265112647,0.0,0.0,0.5639393811717145,0.5733757299054799,0.6131035215464897,0.5098572142578863,0.7722428170563274,0.31844771428848706,0.547597340368237,0.2587315387716976,0.7173289789347924,0.5089512136405914,0.5539660407654969,0.47928066110805345,0.622352254095889
0.46370881921130314,0.3309736782918483,0.47711992983984547,0.38855740450987686,0.8825964364762922,0.5642621566870109,0.5642030690750511,0.5264616900984247,0.6555510790695738,0.0,0.6589180637595078,0.36935444555702435,0.6328593518549084,0.7332481490470635,0.5283012136580305,0.1738190194654197,0.5319229495050155,0.3163639624150155,0.5404989392854158,0.9011261174554397,0.6834406256460974,0.2559606935790949,0.4359945481772471,0.2679181047727739,0.5534058541171079,0.44576215047742596,0.4426628387429619,0.731004587679009,0.41629110962190075,0.33840645310768064,0.5956328047658951,0.5342603440121441,0.6250690853498754,0.6310896966081142,0.26495709091583725,0.6616270214271116,0.5834095367059919,0.6342757440710822,0.7558796788275305,0.6266281674060774,0.6046582687792641,0.32639204880683725,0.2917852272823884,0.31123527474267376,0.692098989563948,0.7318717715327956,0.5170201176048259,0.2079520079817592,0.4547786660120159,1.3095803989241248,0.4652579155189107,0.45212674496252114,0.5574980989953092,0.30360550346692367,0.5167459607575944,0.38170171619381027,0.5613110953789351,0.9290994924488385,0.0,0.8562698833496433,0.5794763481312912,0.3781974187477811,0.4593373146462014,0.46881766931990826,0.48130653777549376,0.5357890692541625,0.3764105912762229,0.5684441274461487,0.4296266631224771,0.3935553210821693,0.4776461375953197,0.5134526027227369,0.7165063182963914,0.4622009799175115,0.0,0.6257630465169398
0.37084428145272796,0.29940664896251845,0.45842491571693816,0.5515693027754609,0.3206743659900313,0.5861356775114823,0.4761027417068551,0.7031090494667935,0.18204486926669922,0.6589180637595078,0.0,0.7118549053172768,0.5214881372451741,0.5492775206996149,0.0,0.47751888934588904,0.5313806036745261,0.16054581662829676,0.5996451936634617,0.5117188446560419,0.5804171321554494,0.3622732363109956,0.5793959532043098,0.7425345339839857,0.7214518797247962,0.6759118153366417,0.6332324996488222,0.501661513389943,0.4353856304115803,0.477511860683419,0.595483418212406,0.6199390253884274,0.7669925469863608,0.6058853356236624,0.6194391829852957,0.6683883681010967,0.6868194480815881,0.6614650822618875,0.5998893709637045,0.38314672139775613,0.4707492134315385,0.4517698160216686,0.7559103129588371,0.5695594116283111,0.2190534084173249,0.0,0.0,0.41297265259935456,0.4739803280498302,0.39250312335891596,0.855892891366312,0.48592394463525657,0.6054363820299375,0.7613404663980762,0.5168422261758915,-0.04149836997723627,0.41030581982586034,0.538657920272103,0.8600116402243867,0.0,0.0,0.0,0.0,-0.053899181543605956,0.4009458327167873,0.0,0.7371481779743694,0.7988324021971969,0.0,0.0,0.9734143863052985,0.8496794268345005,0.4908540283037288,0.375924972497132,0.0,0.5424618492747676
0.3637917763979507,0.4700266931296203,0.5947684054496731,0.3943276011256642,0.5855677067583422,0.6000002463460232,0.6493331725017686,0.6086280483138349,0.6456172482068161,0.36935444555702435,0.7118549053172768,0.0,0.7609256285890581,0.5848059568533011,0.3201642856149404,0.5756319328662776,0.42767667068664184,0.4537004159664536,0.5471307621074146,0.487039713609297,0.4459171213975262,0.33866523943616333,0.04514125189495993,0.31705006818345344,0.5260754955767152,0.465239252170043,0.3545138198231661,0.8545184185722237,0.5491821433981137,0.2860466925716711,0.6199017661437054,0.7165126507566182,0.8680951556664156,0.8200915717446551,0.7620193514498275,0.19572345760270335,0.14165783593870165,0.4643398257860887,0.33417176285781436,0.7351882332156123,0.749228382096089,0.26649165044372036,0.37166524344379004,0.370974247084658,0.7413887736762017,0.5431880656386273,0.5332603681546741,0.25780393198381263,0.20206854695682136,1.0999394193779355,0.3462934761570059,0.4673112424928023,0.2555522114994071,0.38823793937991624,0.6151741177585409,0.24971828682998357,0.7165237603728796,0.8788438382391198,0.6607223955784884,0.6151827716650013,0.5307931144548778,0.3846155420224915,0.5149795056682399,0.35897500017882467,0.7089962696174688,0.7188117956543958,0.41703103323881485,0.46075942676192255,0.5053330216309638,0.4707022380246718,0.5841059911253907,0.3062973639253195,0.8954462678542441,0.48943769242751267,0.0,0.672101998860934
0.45020388105888337,0.5750136551188363,0.7874821316285002,0.37497908656322537,0.697534802814082,0.6205974125952793,0.7589479108088171,0.8926228940369043,0.4815603089961406,0.6328593518549084,0.5214881372451741,0.7609256285890581,0.0,0.43520458499973025,0.5188114525932759,0.6529789751461932,0.4774576590550851,0.573873410798428,0.5906814586539602,0.5495248571609996,0.9154297949887178,0.6100951863852963,0.8153857709008883,0.478579675341334,0.6151888452462162,0.5516054203142703,0.6574797173744091,0.5794801803866114,0.6030191976301222,0.44111795443083646,0.49719056685729623,0.6844770467178276,0.7635557146521075,0.4555502037790137,0.3805559122286294,0.641879520553414,0.4855512283812281,0.5647633263260705,0.42850748600399935,0.4371650278712309,0.4265393939937832,0.45924876328224873,0.5773759586256715,0.4217306528862499,0.40246786163895254,0.5947582683997998,0.552512752075426,0.5264762073951761,0.0,0.6075761775172476,0.9200816666200011,0.5455176722395108,0.8595605706575621,0.6081958412889992,0.48338415207054186,0.4958462740372008,0.4514689299059906,0.5501964032894251,0.4091277256368474,0.462982255519896,0.5294756158205738,0.38185507314136563,0.5179997032409029,0.5562873506081307,0.43927911259134467,0.5577965244297055,0.4717159433411857,0.9298785037502083,0.48846929849212983,0.46703266041078506,0.47840439907960974,0.9132082875542451,0.5652616531023038,0.9521924491318026,1.3322275096762741,0.4826257076515339
0.4609399109296278,0.5778768748782479,0.7573469434542162,0.6835149871971349,0.4979840969545971,0.7882731297559085,0.34504488828705693,1.0217108715939607,0.5775858778439162,0.7332481490470635,0.5492775206996149,0.5848059568533011,0.43520458499973025,0.0,0.5251738594505937,0.6610615582140109,0.45560665676630807,0.46563159244246133,0.6698340437200614,0.38045744816680005,0.5182829565649787,0.2692626194003569,0.8564443855957387,0.5785011849303922,0.5338685762168724,0.4942585619395773,0.8510725128214445,0.6920869122411513,0.3655060903200613,0.8413171296541948,0.9892081696839041,0.4485186579120598,0.22562518256213937,0.747313558525386,0.3866200546989485,0.5485500977425886,0.32062324522267466,0.40335735609844364,0.7191959368716216,0.0,0.6751188008470954,0.7692394222630309,0.6908744945531884,0.46594670920649195,0.0,0.0,0.0,0.5573661610627918,0.0,0.5844462590364191,0.4663986702635659,0.5202294735500885,0.6006743605271787,0.46089879269806067,0.0,0.6266626437369512,0.36392534085290185,0.7597934091843319,0.46018623886293103,0.0,0.0,0.0,0.0,0.5222919351499692,0.0,0.0,0.0,0.6554437487983793,0.0,0.0,0.0,0.49990461775989387,0.7646301438437579,0.0,0.0,0.0
0.41149681370887026,0.6253357664648631,0.38014319227265836,0.5662511555847856,0.477031435018787,0.7120522233587654,0.4997203675121864,0.7086851552449223,0.6117307839157983,0.5283012136580305,0.0,0.3201642856149404,0.5188114525932759,0.5251738594505937,0.0,0.35557502535440644,0.4829558384461634,0.11984994013414962,0.0,0.6418734698950813,0.6481582820497427,0.7176399902546484,0.76950060871726,0.271289860594883,0.23986481829071077,0.42982465859959806,0.511800980361514,0.3299801564561373,0.6319546586425477,0.6749972747271247,0.48783799525000526,0.4834019372231646,0.38899744565494443,0.5176810739364182,0.4224959044526685,0.6275397110486646,0.38464350229094574,0.34366383838499837,0.7311480709179305,0.831877407816856,0.7836715547590547,0.7126832218668393,0.4461149839979135,0.6157638303908544,0.0,0.599020195495457,0.9472640147607811,0.3941468945156878,0.0,0.0,0.5681756887872673,0.6046304908037246,0.6298891565027462,0.474836914126871,0.0,0.0,0.6315670496415748,0.5698255886217267,0.4710494719165338,0.8377741993301866,0.8443754013266063,0.6150837771580719,0.6971772585233297,0.0,0.736076393875186,0.7454845574289776,0.9683377619344956,0.9401950769927101,0.4411733191131688,0.5850194498237467,0.7277226296651015,0.8970126179882099,0.5213863669352843,0.8405144622611628,0.5611503607132361,0.7412846533428594
0.49423358415233476,0.3783491477465012,0.34182360020453545,0.06052193213980113,0.524221267464021,0.505593846325816,0.6322110759404862,0.6479222062719097,0.5070110658725352,0.1738190194654197,0.47751888934588904,0.5756319328662776,0.6529789751461932,0.6610615582140109,0.35557502535440644,0.0,0.0747488682719776,0.36637255539327385,0.5164840561812831,0.2270327789927121,0.5546001065054524,0.27812599575212577,0.4636335401574754,0.5794284315661382,0.47873131018804305,0.19999661592894546,0.5131970923507262,0.5219464778053979,0.44891843450814467,0.2644383778446808,0.307297810528639,0.5144548072103354,0.1383418494812398,0.2683392058185834,0.5152530182763939,0.6333122475032171,0.4338964008207644,0.5583367123596007,0.6561129217326283,0.548598586743358,0.5147528602929622,0.7082546031113687,0.4723239934665475,0.0,0.0,0.5120431015022346,0.5022429897166796,0.0,0.0,0.0,0.5426523599857299,0.5566109598239313,0.889361349442261,0.0,0.6461348933245742,0.0,0.5254926225292053,0.6129068502803783,0.0,0.572915535515035,0.5999435993976376,0.6074643180451313,0.6417306848468514,0.0,0.5624535026060318,0.6283963322903983,0.5672092484594816,0.6126343330717712,0.3933559599475407,0.6721254499741047,0.6097243308453163,0.5849942558860527,0.5565052779791142,0.6230756213145079,0.0,0.45225505478160244
0.41296161053094627,0.205397659592493,0.642608452103197,0.5470624988329017,0.5260517615169583,0.6486491193413026,0.509367305676673,0.4489969433993337,0.4831640737571588,0.5319229495050155,0.5313806036745261,0.42767667068664184,0.4774576590550851,0.45560665676630807,0.4829558384461634,0.0747488682719776,0.0,0.4377009402802535,0.6230764860002782,0.05696683378684575,0.5004912171801648,0.23302435520559778,0.4332059379704631,0.3861545097943492,0.47612354682875563,0.35903666772355847,-0.5700277016487505,0.4472516873018532,0.16922902455374653,-0.557075842762651,0.2347360546060055,0.4062360694330838,0.429480791437462,0.39932360369103553,0.5930299585628658,0.6025287820703893,0.2431136226387256,0.48421532040560805,0.5422200045698992,0.25068937715846584,0.5351286119177043,0.5749736707695847,0.0,0.0,0.4677223884816746,1.0991671681330715,0.6353199433925495,0.0,0.0,0.0,0.0,0.0,0.0,0.0,0.6150791307241179,0.0,0.46243129248593706,0.34660401615008263,0.0,0.7478449629486081,0.5269024396241804,0.6914955941304552,0.6587533251074918,0.0,0.0,0.0,0.5663578067380612,0.0,0.6313554042897387,0.6879907417923068,0.5258877064919142,0.0,0.29743049477966044,0.4666090643004195,0.0,0.6991062782052038
0.18860486369665125,0.28046753653460627,0.5728359571924068,0.4738952453738672,0.4214116616208402,0.7388981950602188,0.5546739091429038,0.5811597055594959,0.6156852825651623,0.3163639624150155,0.16054581662829676,0.4537004159664536,0.573873410798428,0.46563159244246133,0.11984994013414962,0.36637255539327385,0.4377009402802535,0.0,0.5396591996857913,0.14447261030187775,0.011229396300789785,0.13072508486252324,0.10652117087762852,0.43649754717314915,0.46689989783350316,0.24073476159268525,0.4834297656573,0.26168861423864176,0.25813514084700023,-0.1287180582732172,0.24058951934113232,0.42712452051835903,0.3713012111285829,0.4059729856062712,0.5477417194923797,0.6054393057541219,0.2666712631919116,0.44306280342674975,0.5243802454692029,0.36431841714832375,0.32021324733496837,0.6442041268084227,0.0,0.0,0.5136306302276223,0.44397840672357647,0.4289983392947052,0.0,0.0,0.0,0.5597583335144909,0.5428277585402163,0.9023603521823236,0.0,0.6460055384601073,0.0,0.6231771746031738,0.5337418614840029,0.0,0.5640337034901021,0.4305035855904974,0.48726289171163983,0.2579342059846902,0.0,0.47593092549295407,0.5830501323566717,0.16005571868832283,0.7411405448506937,0.6665003308029176,0.34345766479415435,0.4111338188206985,0.502613646399712,0.6570877805180655,0.5984169121409011,0.0,0.34294847934752387
0.0,0.5300360663205372,0.5359565914932674,0.4046584834716053,0.39964093746033014,0.7932362431099462,0.501239069706559,0.7413826489536357,0.3976973165347134,0.5404989392854158,0.5996451936634617,0.5471307621074146,0.5906814586539602,0.6698340437200614,0.0,0.5164840561812831,0.6230764860002782,0.5396591996857913,0.0,0.4755646377777494,0.4308387871699341,0.607497811554365,0.6618342143850064,0.6670297592438708,0.5656047621854854,0.5283648728302455,0.7316763965293165,0.5532071261906297,0.6240388567063067,0.5792611510600556,0.546678728487656,0.6368195801599248,0.720716010004732,0.5778642633171854,0.505038582911427,0.7383158976438424,0.5128836996111381,0.5234225738349693,0.6812641834874018,0.39118300586104415,0.3128928178968789,0.2617198920670608,0.9181639311322329,0.3334250399098388,0.42269001781120474,0.0,0.0,0.8524348757642346,0.0,0.43857946215237203,0.7883946217637359,0.4797579468830431,0.8609662458914631,0.8085138421347269,0.9541170654729092,0.24309923506558884,0.49463338543292096,0.43838234953054966,0.8824480723510199,0.0,0.0,0.0,0.0,0.8334673002742984,0.47531710028193574,0.0,0.4322353520872233,0.8556081741665613,0.0,0.0,0.0,0.8695632168037815,0.565341723537151,0.49591290893835904,0.4756057125286529,0.5235914797398795
0.8354362600981196,0.4932863419724617,0.34588734956160355,0.7397299941106052,0.5374818558872729,0.511865246527762,0.5560615300757444,0.3551252142777178,0.36524538648260046,0.9011261174554397,0.5117188446560419,0.487039713609297,0.5495248571609996,0.38045744816680005,0.6418734698950813,0.2270327789927121,0.05696683378684575,0.14447261030187775,0.4755646377777494,0.0,0.7630376228419485,0.5219498248894888,0.817762365954185,0.5013055980837995,0.2545921447811232,0.18588928141546168,0.48767326651616394,0.16583013975093985,0.5873662960528088,0.8220623945579051,0.5027583170299272,0.5846468978683274,0.43445881807515485,0.6756384752300255,0.5718671478957066,0.7263058470975912,0.7049354407836195,0.9519660082006076,0.6921297430132024,0.7152232739357074,0.7494643492439671,0.6906414489669537,0.48782400207668875,0.1968596196075366,0.2148521783369215,0.47341869178313667,0.8169347436651215,0.4425434143309649,0.0,0.0,0.5212392536850718,0.49904433264242887,0.6347722132012095,0.4186938461167481,0.89261980067375,0.0,0.5313346843145281,0.5390151706013903,0.0,0.7442375890243074,0.4894375325564082,0.473399301884905,0.5406442017937833,0.0,0.7372349757391989,0.6723057073663355,0.7865697822797342,0.6920753926036967,0.0,0.5454118459261591,0.6075171814574888,0.7497362427422125,0.46305354565115875,0.7825027900230241,0.41966850658942123,0.6419688155718348
0.39422789847474543,0.6560535092619788,0.37613351719024424,0.36637993670529756,0.4924612956893831,0.8823633292718283,0.3778957954759684,0.7682452649506777,0.3625970908269277,0.6834406256460974,0.5804171321554494,0.4459171213975262,0.9154297949887178,0.5182829565649787,0.6481582820497427,0.5546001065054524,0.5004912171801648,0.011229396300789785,0.4308387871699341,0.7630376228419485,0.0,0.7606160117850291,0.7102520302423456,0.36355705930292714,0.23562098154753064,0.39010741015215483,0.6533360901457999,0.6780793767098441,0.7215666637386233,0.816719022793043,0.66378292575316,0.7414263896569261,0.3393729815871548,0.6486578257768809,0.6822459153489387,0.5510916735936161,0.3121889837518972,0.5645723117922985,1.0155025262734083,0.8469779288949093,0.7229307642739846,0.7528315785606922,0.5516990851107701,0.0,0.0,0.5762786878884382,0.8138488185368036,0.5948418425016001,0.0,0.0,0.8434924202036687,0.4084399564082785,0.6637540964885098,0.49944337965408747,0.5634612122599283,0.0,0.7151112450408855,0.9330970934383322,0.0,0.7993627880985118,0.65523735076193,0.0,0.492837885714943,0.0,0.9658881274296875,1.04775769023976,0.7388894061706663,0.9535718401393771,0.7960920197103918,0.48131457851801873,0.7329046971964741,0.8855687189659835,0.5660589629007982,1.0231483037069022,0.39765179504544745,0.7502462995923411
0.7622832242388307,0.614191278203793,0.46333498844429843,0.8521650766975533,0.4044136951217208,0.47620963380699266,0.6304813616983707,0.4743250938478379,0.3516624361705264,0.2559606935790949,0.3622732363109956,0.33866523943616333,0.6100951863852963,0.2692626194003569,0.7176399902546484,0.27812599575212577,0.23302435520559778,0.13072508486252324,0.607497811554365,0.5219498248894888,0.7606160117850291,0.0,0.7523467033166473,0.3938531223177256,0.32152194703698533,0.43016789297709723,0.4526319374404302,0.5818661393913436,0.4302462477373486,0.5714358197648739,0.5976412705742904,0.4252269059195265,0.3152162852716691,0.6075632028468749,0.4841372412178677,0.6730178215314323,0.9588207226715,0.4813604449117874,0.7476926515861616,0.6193451954096021,0.7096043112601881,0.8012836778782357,0.42842225981136717,0.32618045047541655,0.2498598300569146,0.6943511688811574,0.8809004183837317,0.4845497514189666,0.47081581988509447,0.25949956737226015,0.7454954398252315,0.6269766694366837,0.6179091491937239,0.5623207940168433,0.44069582166493904,0.0,0.4518165038964077,0.5323471669788299,0.0,0.7757910862615408,0.6765790812346837,0.44412428643109925,0.28738793564900966,0.0,0.6653902227986929,0.7471459155420161,0.7804337716235714,0.7816400829073085,0.6815065733306604,0.4644283437573436,0.7538453295797631,0.7935557463348687,0.4888435113801214,0.7844108909132992,0.557776730403392,0.7886546997948738
0.625833016915538,0.7841826994203714,0.2682613510496431,0.8994894744887243,0.4145860133272309,0.47102306039201924,0.7079526972705482,0.7347321605175665,0.5064535424729002,0.4359945481772471,0.5793959532043098,0.04514125189495993,0.8153857709008883,0.8564443855957387,0.76950060871726,0.4636335401574754,0.4332059379704631,0.10652117087762852,0.6618342143850064,0.817762365954185,0.7102520302423456,0.7523467033166473,0.0,0.4398068367307819,0.3705247537429622,0.37834972707429443,0.37253069312813614,0.5178780173442575,0.5948618075165615,0.6020530982054877,0.6493375243821664,0.7281663379000739,0.5841015114419794,0.6161844317689604,0.6464945007099081,0.7536728432585375,0.7394960846249405,0.38719996420375874,0.9407795609431862,0.8094641230515683,0.8835811451778084,0.8041094322725219,0.6676237553139434,0.5434910230272407,0.5332878118256178,0.5253598321083405,0.9319340368000724,0.796658654624537,0.4335364361013966,0.6556886216560652,0.765839570004339,0.7985080796554138,0.7579220894801116,0.7487000921288052,0.5186939099251835,0.7228715485650372,0.5006416079428563,0.8296971324343436,0.8092056435930218,0.8994086578455512,0.5805226872303284,0.4813065377754945,0.601000422258382,0.8483265739923469,0.8948597675291028,0.9460601421922641,0.8381024640496968,0.8722544776949364,0.21597044273020055,0.47973284020443835,0.7722532757764462,0.7701895774342702,0.7698179286570408,0.9561834149623704,0.876983597282889,0.7814606869030603
0.16926172008059506,0.42153541801841743,0.4216286123939313,0.20981955017448267,0.5298949513427981,0.2968124188020569,0.44852145134765076,0.545309321004861,0.5751595071471685,0.2679181047727739,0.7425345339839857,0.31705006818345344,0.478579675341334,0.5785011849303922,0.271289860594883,0.5794284315661382,0.3861545097943492,0.43649754717314915,0.6670297592438708,0.5013055980837995,0.36355705930292714,0.3938531223177256,0.4398068367307819,0.0,0.5739364464766221,0.5160590078482077,0.2872251200957804,0.6116198597852933,0.5090567281046087,0.7908729098524387,0.6684890672821618,0.8373233279448414,0.6800343092236374,0.5203669136198827,0.7748215505028531,0.666220580125021,0.3262656216547409,0.3785817132375298,0.8733132743769831,0.9037108826262032,0.7843874696426565,0.6250676779993005,0.5391087407045811,0.3852060333317556,0.7807258474205776,0.4112784077682146,0.5200486155692515,0.0,0.0,0.47656499431733523,0.5762154227411491,0.3145053618535758,0.0,0.04202617626577701,0.5569461038913761,0.5381353737877191,0.6515301186002205,0.42723282596059164,0.0,0.23492709031846126,0.5441400910785086,0.4718651181154224,0.5568244959689169,0.47167113945052086,0.3166628101772766,0.396588856945128,0.19325444901891045,0.8355451741419656,0.5109756508797845,0.6221207994709992,0.6114126043044945,0.5178216982024362,0.8427556624258067,0.6375518946190207,0.0,0.5632126306490552
0.5302424072620688,0.3352238393634762,0.4825727037913067,0.837818718714368,0.2487918643807601,0.3143302498205257,0.49202621863204454,0.5747746566727094,0.4823000046883839,0.5534058541171079,0.7214518797247962,0.5260754955767152,0.6151888452462162,0.5338685762168724,0.23986481829071077,0.47873131018804305,0.47612354682875563,0.46689989783350316,0.5656047621854854,0.2545921447811232,0.23562098154753064,0.32152194703698533,0.3705247537429622,0.5739364464766221,0.0,0.18800630576440586,0.3138432129672424,0.3864362219675743,0.25383790861958544,0.1308205506415629,0.38455398484804765,0.22798033029190964,0.3863333532055303,0.39112597197805177,0.5316724381486482,0.5846834071638631,0.5388766499759439,0.5412895515776261,0.7393679307580752,0.5768845376202205,0.624270264560117,0.8221530912108194,0.110691346687793,0.0,0.447864543893689,0.6334455413488409,0.6923679729198224,0.0,0.0,0.0,0.5310610954436967,0.5336315987277984,0.660719812766253,0.3588949822796563,0.5413720151972812,0.5146667580716446,0.5651631065999551,0.422220674712518,0.0,0.5617748993767999,0.6779186259349157,0.4810571969475952,0.5100533465822226,0.0,0.9250317604949627,0.5267823916050749,0.7105617168383017,0.4777803829080336,0.6305961194564097,0.519484635887682,0.5308605546938239,0.4592908129841333,0.6580908754953988,0.4204750371806212,0.0,0.5303255226955104
0.4679274049109474,0.35816473725239084,0.4634841695716895,0.5521159877278733,0.39946941574932476,0.5435241874246702,0.5538168749938307,0.5367564832134999,0.6022350299276028,0.44576215047742596,0.6759118153366417,0.465239252170043,0.5516054203142703,0.4942585619395773,0.42982465859959806,0.19999661592894546,0.35903666772355847,0.24073476159268525,0.5283648728302455,0.18588928141546168,0.39010741015215483,0.43016789297709723,0.37834972707429443,0.5160590078482077,0.18800630576440586,0.0,0.5568196315623944,0.3394481284621066,0.1583742296610694,-0.2585818405118357,0.24153862442172844,0.3259392247345952,0.31254256604646047,0.31540009636360694,0.4046179319464933,0.14573247981141857,0.3911533403355731,0.5124529135905826,0.6931144138954286,0.7325900057896629,0.7670245354155543,0.6022522677181368,0.27329689174822325,0.529117308578202,0.4902865049195446,0.5575152016031455,0.7381912953882355,0.5540981606762602,0.0,0.034905572654627834,0.8748437270029181,0.555043886346162,0.5407907397731418,0.4310305403111188,0.6174285656431667,0.0,0.7045862754808243,0.612935829251792,0.0,0.7198983929463012,0.6565729700516061,0.5197566358814663,0.4952002312104047,0.0,0.6839905047874955,0.8321742917931196,0.7881745975792602,0.5012742266508287,0.667830106181866,0.6041235937288155,0.6312474944658568,0.8503130082063803,0.7276558102939106,0.6846062751004492,0.473189370142829,0.5890811350780379
0.7359747035125821,0.5455758489624447,0.4474072870792397,0.8170324774928304,0.47460388932021286,0.47753542249861947,0.5879332876497844,0.634925327967914,0.3053449485565223,0.4426628387429619,0.6332324996488222,0.3545138198231661,0.6574797173744091,0.8510725128214445,0.511800980361514,0.5131970923507262,-0.5700277016487505,0.4834297656573,0.7316763965293165,0.48767326651616394,0.6533360901457999,0.4526319374404302,0.37253069312813614,0.2872251200957804,0.3138432129672424,0.5568196315623944,0.0,0.4539619987631711,0.4759352796966537,0.517141330809201,0.4512930399384439,0.5899684158517117,0.5476522664901622,0.5588995359577256,0.5224192962189347,0.5415713504517394,0.7537288629033136,0.45575535353297514,0.8701962692094342,0.3935247712338077,0.7989620993577741,0.7385930426909795,0.8507910361018147,0.5940662391004956,0.3667700588967081,0.3963294946169046,0.43394053169869123,0.7085035342662946,0.532921758516558,0.5585552374685364,0.7381567474261203,0.6838642576206033,0.6786667141156264,0.6990012349608301,0.6123500700258537,1.0344088770575819,0.35258269550895227,0.8026210345881073,0.8765017270868746,0.8088331727697544,0.5286946741782117,0.0,0.5424014039799095,0.6253178484580912,0.8055413340101227,0.81220661129534,0.723775163678548,0.7342204632923628,0.0,0.4122159356868036,0.7701940722215066,0.7663141027200036,0.741801987193104,0.9140006323669176,0.4491080317017514,0.730726499875423
0.39921949309749805,0.4258401286343322,0.6375210014551952,0.476620611012587,0.7780075243622263,0.4870320480230632,0.2911704348820833,0.6491678375009785,0.5666833362276361,0.731004587679009,0.501661513389943,0.8545184185722237,0.5794801803866114,0.6920869122411513,0.3299801564561373,0.5219464778053979,0.4472516873018532,0.26168861423864176,0.5532071261906297,0.16583013975093985,0.6780793767098441,0.5818661393913436,0.5178780173442575,0.6116198597852933,0.3864362219675743,0.3394481284621066,0.4539619987631711,0.0,0.5393790581576708,0.2708961654746917,0.3647876578751552,0.6575135221328758,1.0128402057598678,0.4670917746050274,0.7245977159181664,0.8155873567408218,0.547645071424908,0.7383848358907822,0.8701641357258907,0.31537713393741634,0.8887761199998235,0.9336174185650383,0.5611136450848705,0.3803642736322757,0.5806761010189985,0.5907209329395358,0.49157157805555995,0.5581566647629241,0.0,0.6278411317732768,0.7865918535516467,0.5413784211373837,0.7417596605975025,0.5367799179395405,0.5546848478435029,0.5157966108960224,0.4140929879679127,0.5306874745481833,0.3930345928020256,0.8456372418633128,0.3840841348126942,0.17858213621020763,0.4639564268314056,0.615220063734948,0.8589555980239698,0.8305455487159835,0.4360432937953691,0.8157848574824321,0.5114344695625834,0.5266337115034911,0.3946051156405853,0.8836193144135946,0.8117515772623309,1.0020328727189027,0.5073783447265929,0.8115256261748692
0.7624002986159613,0.311713918678171,0.6259866930089297,0.4324357478886381,0.4046806329272499,0.41947994944813843,0.6933498719760486,0.6152420225445419,0.4477494644764659,0.41629110962190075,0.4353856304115803,0.5491821433981137,0.6030191976301222,0.3655060903200613,0.6319546586425477,0.44891843450814467,0.16922902455374653,0.25813514084700023,0.6240388567063067,0.5873662960528088,0.7215666637386233,0.4302462477373486,0.5948618075165615,0.5090567281046087,0.25383790861958544,0.1583742296610694,0.4759352796966537,0.5393790581576708,0.0,0.4655971346154024,0.3829282358557462,0.2975996705424044,0.05671459883991442,0.4747437728170265,0.3152975010624298,0.5380579951225529,0.45839099309636744,0.5790853739524646,0.829090424883375,0.5750553203892875,0.8202699476835406,0.751043699849395,0.3324244481432204,0.4793919885264828,0.5821094474881569,0.4250260059780999,0.48931041627078686,0.5148884060047919,0.40898959724788886,0.3862171230692317,0.6835149383302893,0.5216961743552924,0.7399649186697079,0.4291083063938522,0.6595799446303323,0.41143463882808273,0.5310492032347818,0.7534122351920689,0.7683553548841062,0.8352492137328178,0.5803500027468051,0.4697953168982516,0.5543060049072184,0.5045866322637894,0.8429769152141169,0.866586423790185,0.7408628536813597,0.8183465467617388,0.4623425649788411,0.5776540399614454,0.5138034955655388,0.8596620270860156,0.7340720100210713,0.836218021503855,0.7954993032568142,0.7311734696414615
