0.0,-0.03165257603468696,0.0014808686018443762,0.0,-0.0026858274934319915,-0.003355395319699306,-0.002547721735276398,0.016332378819075122,-0.003092608181438583,-0.033662398348582645,-0.0007988316523525607,-0.025952006199900846,0.021397851929629896,0.0004069153308464135,-0.012787478944206676,-0.027811852266951986,-0.030816147547086004,-0.014837411315620441,0.0,-0.03578158141719201,-0.015128113091801176,-0.06877781265267757,0.027300614055625505,0.037393899030808864,-0.019838416991793784,-0.010545744400169699,0.0010269344559651894,0.01692198229403047,-0.027410872326205205,0.03442968205079794,-0.02363682200577155,-0.025707443637431715,-0.0445644996162779,-0.028066403068481294,-0.03208030117330346,0.0011800954648178985,-0.0011674551267000233,-0.12471648034388394,-0.0654425170725339,-0.06833485552127205,-0.06035452470732455,-0.003886689825202738,-8.317966029069979e-06,0.0,-0.00014646875115986724,-0.058144089655842,-0.04180137323804489,0.0,0.0,0.0,0.0020630632637740343,1.1102230246251565e-16,0.00224078057917787,0.0,-0.08164813812232513,0.0,0.004016908066409863,0.0020790373630230063,0.0,0.00028142806466102677,-0.04697453637266741,-0.0014667377010418314,-0.02761985094529429,0.0,0.00021856201427411515,-0.010270776151737826,-0.04687164494359952,0.0032928423433127296,0.04736078707563879,-0.04282767807700161,-0.0533944671592661,-0.0006434263022885855,0.0004956089993116697,0.001133195445283064,0.0,0.0014758587371682674
-0.03165257603468696,0.0,-0.0024297778068925746,1.1956587959494058e-05,-0.0006761911947664734,-0.033755141720565596,-0.0011852107878490004,0.0048680513689719485,-0.00032138642246815063,-0.007704973571680929,-0.0007092158153289008,0.000891631746909316,-0.05356849185388157,0.0010812542489626598,0.005478064152954376,0.0004312237804966479,0.026733506510200455,0.0189162568817009,-0.0020128425285834695,-0.005351379494154707,-0.026596415301177234,-0.0026725779353522494,-0.014203154969543386,0.08116026225514406,-0.015139681635283564,0.011783231294860641,-0.014301318490001547,-0.0412920966287329,-0.03616101802992311,-2.8885488226437772e-05,-0.011926750721609758,-0.020868895437841428,-0.019311910990153447,-0.022802265422691648,-0.039928544726636206,0.003820839480937699,-0.000949313708402344,0.0,-0.047368611280530715,-0.048238436732544965,-0.04703069272398325,-0.06430954069103384,0.00017209439625281986,0.0,2.220446049250313e-16,-0.04667968875875089,-0.028193562336418954,-0.0006305976854507622,0.0,0.0,0.00567072188041895,0.0010376902424917844,0.0031685623256836326,4.698593061874812e-05,0.00011671483666286786,0.0,-0.00022000224014978587,0.002312435461183593,0.0,-0.07148543182868111,-0.03559744897241779,0.0017542342247010567,-0.030449722259399403,0.0,-0.03146080192367989,0.002750539941202612,-0.03910925148055244,0.0054039733994502015,0.0007357782574319849,-0.03751487816295895,-0.03928425613095882,0.0038713067665288037,-0.002161975999240673,0.006376975745138458,-1.1102230246251565e-16,0.007329321705575598
0.0014808686018443762,-0.0024297778068925746,0.0,0.005940908881726659,-0.028785046340469966,-0.03509841343284298,-0.0776041809934076,-0.03152096530741044,0.01876270527593288,0.003349165666768239,0.05125810414904042,0.005978348093793218,-0.09778510952327046,-0.0028096003538548575,0.0012846005933699889,-0.0033754952186054177,0.0021329933597110107,0.0013836925144757872,0.05229833697458386,-0.0013441895400724269,0.0034309375903120998,-0.0011798275868442065,0.0020428733514097352,1.839761741567747e-05,-0.005048640526786385,-0.0013473196918803443,0.019463542737949535,-0.09699975311929787,-0.08320258783453632,-0.10839277661877061,-0.10985192508898184,-0.08359685802480615,0.0008404142842677875,-0.09725712680079601,-0.10690376028081267,-0.06058006848060793,0.0057333322605632175,0.006239135558676445,0.010890281433349025,1.7035557131617196e-07,0.009554390358367248,0.00012898903876618073,0.007106707405853452,0.003137020980944205,0.0,0.0,-0.0010176329073222634,-0.010080039172424116,-1.8682374037792826e-06,0.014975024298022666,-0.09585852378299342,0.013065918573068158,-0.10134545532129058,-0.0505114551284046,-0.0016686377221420412,-0.01592560755695127,6.250943064112224e-06,0.010662281353149172,0.009337961706103681,0.0002127690875050603,0.0,0.0,0.0,0.08632688323437943,0.0016978055601944986,-7.977851220253296e-06,0.00018853850878830514,-0.07052012885988951,0.0,-9.830847819874977e-05,0.0016415676222161224,-0.051382356251505445,-0.05894145451840416,-0.16003157075907787,0.00017807495800381545,0.007777396707121853
0.0,1.1956587959494058e-05,0.005940908881726659,0.0,0.03206426453645281,-0.10211749796452552,-0.006191179447975703,-0.032522487196106176,-0.06247712374976572,-0.017627711860623285,-0.019392293340461553,0.004328706368714352,-0.016502084533219996,-0.03270843552446551,0.0009864410696932002,-0.0015964444755429685,0.0010231642574874966,-8.50737215285502e-06,-0.04239917123908915,0.0056062374733614195,-0.0012124874435239241,-0.04338770631227801,-0.04942841550773658,-0.0027614905636509923,2.980914525918532e-05,-0.000973987298004908,0.003554895691439186,-0.0033205404181882725,0.0018160001835811346,-0.00277948488076879,-0.05133882043445087,-0.023997731536820888,-0.0019656936675754855,-0.027309450930375512,-0.04731721698375338,-0.010777715380505426,0.008806174582658755,0.003092616050322461,-0.00420302978110576,-0.0002631846987192765,-0.00026631056141512843,-7.600927080519959e-05,0.00013660329794407122,-0.0012137537639593243,0.0,0.0,0.0,0.0016212738377135438,0.0,0.0,-0.00035063435640769747,2.220446049250313e-16,1.947025401094482e-05,-9.115023196937244e-05,5.551115123125783e-17,8.786279019001864e-05,0.0013631836455065272,0.0008422087007349255,0.0,0.0,0.0,0.0,0.0,0.0,0.0,0.0,1.7166908033494632e-05,0.003689336599619508,0.0,0.0,0.0,0.0011641598717598844,-0.0037858934353939833,0.0012299636468714459,0.0,0.0
-0.0026858274934319915,-0.0006761911947664734,-0.028785046340469966,0.03206426453645281,0.0,-0.02419684690202406,-0.009966473590630631,-0.06338302633134618,0.0010349282292168582,-0.06124702480294025,-0.011798915269687293,-0.10422926145987044,-0.01910414421656148,0.013132362973947653,0.001223825393108502,0.0034542073018840602,0.0007792856230081635,0.004723320456953561,-0.003045654841387746,-0.005806745270542368,0.0012313089231830165,0.004205901370474663,-0.036682474887865024,-0.08597836472923742,-0.0026848992347683898,-0.010138666285000097,-0.03158654698598734,-0.05182599473830313,0.003061674239021317,-0.0036936169028313204,-0.06667035865233711,-0.04730602638894554,-0.002839254610128794,-0.08074071500622243,-0.10603029681540271,-0.007199911958637034,-0.024588287086963756,-0.08494961460279155,-0.004649787132542604,-0.0007048341091602239,-0.003940681788936584,-0.0011327106112921093,-0.0014965243414544749,-0.0037599477677339177,7.50434972530134e-05,1.1102230246251565e-16,0.00022740239329654965,0.0065611126311113654,0.0,-0.0048052574065397535,0.003223702226615943,0.002202970373505031,0.001848981760526558,0.007007883136015636,5.551115123125783e-17,0.0005804754755951436,0.0002813237069902996,0.000674456984868399,0.00040156281921971404,-0.0007955230422018178,6.120194549619207e-05,0.0,-5.551115123125783e-17,0.0022314758936289314,-0.0012963709293228876,-0.00043516341559241,-0.0010053056566504126,-0.07923281046634384,0.0,5.461805301310019e-06,-0.0015632959114222356,0.0003335675988093145,0.004194837176173805,0.0034368539713579005,1.1102230246251565e-16,0.0006459662852600356
-0.003355395319699306,-0.033755141720565596,-0.03509841343284298,-0.10211749796452552,-0.02419684690202406,0.0,-0.06483018937229218,-0.09313195685424613,-0.038025374966498326,-0.08763972959595445,-0.06667571235373437,0.0016347399581422284,-0.0801603429951197,-0.05811712511791456,-0.03758701884576576,-0.051373235276842566,0.009824108838746737,-0.033580874445553355,-0.07548681847735128,-0.03659814034019576,-0.05282230524439596,-0.04456439870412987,-0.04936715610744469,-0.0016771505616090532,-0.034851553438589644,-0.033685033714838275,-0.030274009241160138,-0.08382447859493691,-0.08031537375726527,-0.09158931493717004,-0.09352329081873134,-0.06490963839820696,-0.03361424052201273,-0.081388935880287,-0.0836044956922134,-0.07739159290758119,-0.09201234688309479,0.004361913453310662,-0.08073880609324557,0.00012509743789779204,-0.09081547774362408,-0.08539964996178045,0.009017589863771325,0.002618983842794076,0.0002664030030478659,-0.0015544070943852017,-0.0007622010810295898,0.0060078458735212115,0.0011552223516658744,-0.0006736247160105124,-0.09497551954772043,-0.11856482140070973,-0.10445023522834873,-0.15012932612362312,0.002207878837820809,0.01026469400044061,0.0010387523334562943,-0.09488869837042652,0.003892947723805107,0.006421039865628753,-0.000117622087422109,0.0,-0.000304797011736635,0.003574224560420891,0.004216022079321258,-0.08602981374187363,0.0046343773507101504,-0.08299694016843284,1.8052302079796245e-05,-0.0008161162009158729,0.0005521352217601749,-0.07391226662420258,-0.09652425969035966,-0.09215139977717696,-0.09491962372535662,-0.09673276953974136
-0.002547721735276398,-0.0011852107878490004,-0.0776041809934076,-0.006191179447975703,-0.009966473590630631,-0.06483018937229218,0.0,-0.0698038655586965,-0.03478677393006818,-0.041018881177113165,-0.05226015308064064,-0.018769941724608386,-0.026935935669808897,0.013167203385182846,-0.057269581597965136,-0.061116450604809025,-0.030864773749167462,-0.023419408589795743,-0.0575875949997533,-0.06748174628389586,-0.0003417438810206508,-0.07077136398152656,-0.05810688023791927,-0.02291427954187114,-0.018512885862212503,-0.025136247365461106,-0.0653653335219016,-0.06181483938459015,-0.09223569022811295,-0.07801603704962634,-0.07213865518977736,-0.03950927359850803,-0.000430075173214417,-0.04822387155110536,-0.04906272168589254,-0.027746425896991223,-0.007016684223078384,-0.030706830394114315,0.005609489552064417,0.0009949307287565046,0.0027429473790094305,0.00027210381747960755,-0.00047752076947588096,0.005132868751107134,-4.949231218059902e-05,0.0,0.001001188238675843,0.0010707978101389681,0.0,0.002546525015216461,0.010857049392286933,0.006268855954467689,-0.08333855422805525,0.0006841124236387497,-2.4566298788053498e-05,0.005795058771601191,0.00013895846107764287,0.0026026773771012923,-0.0026049690665482794,0.0016319284721923455,0.0007478385194469306,0.0,1.2329743870054255e-05,-0.001281694798834443,-0.00041970943960634166,0.0010514986538098237,-0.0009908568571951326,-0.07312659564043544,2.624504521481219e-05,-0.0005493204479714575,0.001610650735691832,-0.08086683651075921,0.0028730473473932983,-0.001742936621194291,-0.0008670786422858567,0.003651561943028847
0.016332378819075122,0.0048680513689719485,-0.03152096530741044,-0.032522487196106176,-0.06338302633134618,-0.09313195685424613,-0.0698038655586965,0.0,-0.06763127797958174,0.036250414094799954,-0.00399842394212252,-0.0001534123154023903,-0.06827067737960629,0.01404564325269625,-0.0013978315294697619,-0.0034800128193522295,0.0001583886803920853,-0.00548618334033274,-0.03162389464959958,-0.06679245830636837,-0.013002991273220965,-0.003474174882300063,-0.006238216709033739,0.029079883021172037,-0.002599287099172176,0.0027461742024351143,-0.020601584033456133,-0.05133624768309286,-0.06933313862193835,-0.025348291081911556,-0.04981514557771238,-0.04050204158613768,0.012356162998467535,-0.0563556038187506,-0.061493900400088786,-0.013750613256014399,-0.0992916933206659,0.0019843211402567618,-0.06083054517917991,0.0017465491401708055,-0.07726576809121627,-0.07875226462989626,-0.1479029972779412,0.0017284918590907972,0.0,0.0030863769365875315,0.00022309667206454886,-0.10298723462952941,0.0,0.005248387446298797,-0.05296229544931352,-0.062089513787707384,-0.04946732907951101,-0.08048102849719446,1.3208638106332327e-05,-0.07538608516757361,-2.1494222585627387e-05,-0.06390739369306114,-0.14157573015254482,-0.03556232298031531,0.0002638858840564584,0.0,0.0007299624659491966,-0.10012441254186699,-0.04340951134893456,0.021628602803336894,0.0017709070336742183,-0.026661585427183276,-5.551115123125783e-17,0.0020010358457926425,0.0019499680004826936,-0.013151093142292847,-0.05882092687081919,-0.07816104002045987,0.00219642625939398,-0.06585212860197642
-0.003092608181438583,-0.00032138642246815063,0.01876270527593288,-0.06247712374976572,0.0010349282292168582,-0.038025374966498326,-0.03478677393006818,-0.06763127797958174,0.0,-0.09088836416453416,-0.003890711030420213,0.006358132420037577,-0.061353988227218825,-0.041864796137320526,0.004214663976309652,-0.08124559640425649,0.0028425601807512413,0.005304796149561364,0.019155671832153387,-0.07676048325612306,0.0002478394414792695,-0.06663238521433201,-0.04603694541181769,0.004943343398685074,-0.005320666536957286,0.002054103010117936,-0.024726372736531332,-0.10230600044671961,-0.10838540152980758,-0.11511560399677262,-0.10798867620127328,-0.09302815408709586,0.0026699871245579043,-0.09990409743262274,-0.10110144201977667,-0.0749011112943831,-0.08848395442211415,-0.08439426470499439,0.007977296941841794,0.00267374840972201,0.0020468712842087178,-0.007991465385133789,-0.13949437274066928,-0.0027286461227131187,-0.00019377982516349812,-5.551115123125783e-17,-0.0001582301308940548,-0.10534309935789893,8.975100087571519e-07,0.003724615611966353,-0.09002602784716868,0.0033107464024396682,-0.10248164512918656,0.009232559640236615,0.0005893887023486477,-0.11199946250708454,0.001802760815310056,0.004966681753302171,0.0014879480823537516,-0.0010048972259153466,-0.0005867488407334531,0.0,0.0,-0.1066997876624508,0.0009169773359445355,-0.0007307624422649983,0.0004436655401653389,-0.08306222037834488,3.1542712159438047e-06,-2.987757701405913e-05,-0.002353468172818285,-0.0717230397180646,0.00289134449483186,-0.000540311689775419,-0.0007633359752381441,0.005965622069274756
-0.033662398348582645,-0.007704973571680929,0.003349165666768239,-0.017627711860623285,-0.06124702480294025,-0.08763972959595445,-0.041018881177113165,0.036250414094799954,-0.09088836416453416,0.0,-0.09376375544366755,-0.04142412549935437,-0.048228486324968234,-0.04367229508318837,0.0021472892133780896,-0.022682227527876075,-0.020373720325801925,-0.020296112278118117,-0.09355923567505409,-0.00021978996576099696,-0.007757682234749541,0.0005071810623795137,-0.08230768863072335,-0.03864109757583356,-0.037762321630357976,-0.025443727702913976,0.0057112969247891665,-0.02882133123581221,0.0015367115816073418,-0.002395589583729818,-0.04024028221922771,-0.033090327195370584,-0.09777133225988976,-0.0551273829491879,-0.05456341708149787,-0.07686081494526123,-0.025994502967500166,-0.05634496573648912,-0.03301457128474955,-0.08687822611538781,-0.054934241916672066,-0.05128106560971868,-0.0006925848211652985,0.00092248427992353,-0.0831409015372982,-0.035024059033524624,-0.0014312504636204149,9.300215978891302e-05,5.096186162512062e-06,-0.0011787707735194108,0.0002176740530844823,-0.09564198096067633,-2.905817056975124e-07,0.00028147112905113625,-0.08196560446229234,-0.0001736903378487531,-0.063285753676456,0.0008248326667277817,0.0,-0.00010819123427996402,0.00014845349912667727,-0.05507564817991789,-0.049737219415525336,-1.675143097124021e-06,2.721684235801325e-05,-0.0005214895801803898,0.0007765910017095701,0.0001808927024901652,-0.053496252038253145,-0.055596287647738385,-0.048646092057063994,-0.0012551993451456744,-0.07109561034814871,0.0015813019473379653,-5.551115123125783e-17,-0.06416960759401324
-0.0007988316523525607,-0.0007092158153289008,0.05125810414904042,-0.019392293340461553,-0.011798915269687293,-0.06667571235373437,-0.05226015308064064,-0.00399842394212252,-0.003890711030420213,-0.09376375544366755,0.0,0.0064970134721641926,-0.07040321536721172,-0.004548779979190287,0.0,-0.00021469344896951625,0.003438918378164957,0.0024156043166032037,0.05724756928862629,0.00012948439374577125,0.0058769814286291355,-0.00016109424097271452,-0.023338595778318427,0.008229320300339793,0.006316004406724973,0.005594225022297006,0.01439919287426783,-0.08271459099817086,0.0005490376407151776,-0.0008619541741098358,-0.09757589002984446,-0.09421457404271172,0.0008193142381254237,-0.08933681039740449,-0.09226119205150429,-0.037612796538301185,-0.0763687366457963,-0.11850268918332507,-0.12588448095443672,-0.0024679856049989457,-0.0018297350503270748,0.0002995850928266264,-0.11787745189539511,0.0006976031645297143,0.00017714502925225695,0.0,1.1102230246251565e-16,-0.07579394577596793,1.7379186428856386e-07,-0.07347056667864976,-0.0532562976222582,-0.11098743469209904,-0.08890705311863634,-0.09557267819296772,0.0023274446678445138,-0.07427328984245538,0.0019482876809038263,-0.10575127212129826,-0.12214134227502482,5.551115123125783e-17,0.0,0.0,0.0,-0.03673391913992108,0.0008209125046843013,0.0,0.000446830356343797,-0.09605414335844248,5.551115123125783e-17,0.0,0.0006133595809189596,-0.08185608792026483,-0.09528172651969635,0.0004187644160162929,0.0,-0.11095413982083208
-0.025952006199900846,0.000891631746909316,0.005978348093793218,0.004328706368714352,-0.10422926145987044,0.0016347399581422284,-0.018769941724608386,-0.0001534123154023903,0.006358132420037577,-0.04142412549935437,0.0064970134721641926,0.0,-0.04986192521755167,0.00019046359997532125,-0.004091228413135084,0.0003979639189488071,-0.03881938232908522,-0.035756261815030554,0.004143666660646694,-0.0010331506351400899,-0.0006200417286105764,-0.004129224080209937,-0.006542620680988875,-0.02459759791541921,-0.057205740390530446,-0.04414313916047313,0.003526443398522372,-0.02017395891330981,0.0007033319294223461,-0.0021878364923199056,-0.06283472888648028,-0.025505538878967587,-0.08031224202710305,-0.046208413691248895,-0.036194986427057485,-0.05547256035041731,-0.03700758701659346,-0.041705984269715474,-0.04017432500915136,-0.08808767857356953,-0.03243898199274692,0.0032080491549527634,-0.001198055106506557,-0.001141325994795217,-0.06518472087951194,0.005665152557234654,-0.0005209902854216852,8.433339455693467e-05,-0.0008998420187240896,-0.002681229326435164,-0.00032766190684924146,0.00011584169710276981,-8.977464938320079e-05,7.100605314941388e-05,-0.06836225458601475,0.0007696849214465229,-0.051751929637159355,0.0023466045925574774,-3.0247754467693788e-05,-5.326303397945598e-06,0.002056058802399674,-0.06361404900989692,-0.05410904364488772,0.0002404526459200973,-9.247762807107485e-05,-0.0009643427510745428,-0.00012139680443146172,-0.002668787221707325,-0.04525506573325139,-0.06814857521038448,-0.047649088307770204,-0.0015859947315255418,-0.0256920676529086,0.0015330738876312977,0.0,-0.06498996803293267
0.021397851929629896,-0.05356849185388157,-0.09778510952327046,-0.016502084533219996,-0.01910414421656148,-0.0801603429951197,-0.026935935669808897,-0.06827067737960629,-0.061353988227218825,-0.048228486324968234,-0.07040321536721172,-0.04986192521755167,0.0,-0.04500408673389772,-0.054386149900361336,-0.06447009544868004,-0.016976310254816496,-0.03205976293170826,-0.07648290588120171,-0.062113496843715144,-0.05762635259066834,-0.06281585347533697,-0.07100974286574202,-0.0366393294359344,-0.034382278536804645,-0.032044552828005224,-0.07953253810293398,-0.03543318999900941,-0.08403880182406348,-0.04110692351150741,-0.055748005171623316,-0.04682060820502171,-0.009216377611454218,-0.05205203786598789,-0.057761174647399716,-0.0569143845647348,-0.04117859969715837,-0.042568462235547666,-0.04310133080370887,0.0007187204328412133,-0.010078127887197252,-0.012767995920239361,0.005077483832839402,-0.0034634427664193,0.001371026226298977,0.0009622303392590181,0.0006219801166715833,0.0045515500513819696,0.0,-9.570232667455159e-05,-0.09139616206887391,0.003949503577205138,-0.08645584475766621,0.0051393773459729175,-9.627092559755246e-05,0.005982232362729156,0.002487788012644654,0.0035086248749709448,-2.1939367777057406e-05,0.0008812038896007235,0.0023683876661869108,2.056084008494885e-05,0.0006902039587060593,0.003100339604497182,0.0006980898091354937,-0.061912241498320364,-0.00044121081481263147,-0.07148130919699641,5.547165895980477e-05,0.000381709155544363,0.0040396051109694575,-0.06994589090802561,-0.08891867019059352,-0.09179295341692778,0.002036127986851821,0.0019859070796054423
0.0004069153308464135,0.0010812542489626598,-0.0028096003538548575,-0.03270843552446551,0.013132362973947653,-0.05811712511791456,0.013167203385182846,0.01404564325269625,-0.041864796137320526,-0.04367229508318837,-0.004548779979190287,0.00019046359997532125,-0.04500408673389772,0.0,0.0005918517928579781,0.0016653447671387545,-2.335258073277169e-05,-0.00024393150214763182,-0.025979725051784697,-0.00120027375614018,-0.024530066169240305,0.001188242661324057,-0.017551782851186304,-0.0005148063039289719,0.0007965779814718132,-0.022541651802368945,-0.03470062435278787,-0.02674449623177405,-0.0009755698569174354,0.0017623631008304441,-0.08852364297768073,-0.033988368979521205,-0.00988090578551093,-0.11376303849495173,0.009801676511263624,-0.029839299940970787,-4.893944855949295e-05,0.00018468353238543234,0.01006604936231592,0.0,-3.201678039549405e-05,-0.00036380278766301455,-0.05110870033501558,-5.002596655812042e-07,0.0,0.0,0.0,-0.08694579312362,0.0,0.006337743860835354,0.002119293196838401,0.003911954841839704,-0.09635186337224055,0.004581998041456314,0.0,-0.08861567406425497,-0.00038818539977297783,0.004141458505376949,0.004722326893993767,1.1102230246251565e-16,0.0,0.0,0.0,0.009025773540900117,0.0,-1.1102230246251565e-16,0.0,-0.0416902572680693,0.0,0.0,5.551115123125783e-17,0.0019333066914178354,0.0019278753332254706,1.1102230246251565e-16,0.0,5.551115123125783e-17
-0.012787478944206676,0.005478064152954376,0.0012846005933699889,0.0009864410696932002,0.001223825393108502,-0.03758701884576576,-0.057269581597965136,-0.0013978315294697619,0.004214663976309652,0.0021472892133780896,0.0,-0.004091228413135084,-0.054386149900361336,0.0005918517928579781,0.0,-0.029172076058480656,0.0034128353463153682,-0.0066645566325098105,-1.1102230246251565e-16,0.05253022418959813,-0.013933605736773103,0.04791800775570515,0.019746428670507743,0.019078707295330177,-0.009339394855428895,-0.0013019713930950139,0.014103490043684386,-0.04123932336081754,-0.023096406090890198,0.004047155060682539,-0.0086007795431019,-0.007291153101623593,-0.009960716977300665,0.006374362059909766,-0.017783855150269257,-0.03619702610375275,6.539909243913344e-05,-0.00034933248171459264,-0.011145380591704945,-0.020752132754858987,-0.026865989460494233,-0.03481656427482449,0.002502514777516507,0.0004902889121550236,0.0,0.003073928066105014,-0.04240028989693806,-0.0014857481183949695,0.0,0.0,-0.07575789780108183,-0.0003999455564692722,-0.03270681132439246,-0.0007216175466075447,-5.551115123125783e-17,0.0,0.00012856740522493304,-0.08462007141028421,-2.848893129736574e-06,0.01862361368039378,-0.007583204690029155,7.96019526034808e-05,0.0006270450943660633,0.0,0.007103261579169351,-0.006401058987496988,0.006453444481873072,-0.017888166805879846,-2.109498324198711e-05,0.0058961896166404015,0.0015915762695034585,-0.03461007728590182,0.007413262909808649,-0.05317725247740607,0.005330560260043193,-0.051087725874076395
-0.027811852266951986,0.0004312237804966479,-0.0033754952186054177,-0.0015964444755429685,0.0034542073018840602,-0.051373235276842566,-0.061116450604809025,-0.0034800128193522295,-0.08124559640425649,-0.022682227527876075,-0.00021469344896951625,0.0003979639189488071,-0.06447009544868004,0.0016653447671387545,-0.029172076058480656,0.0,-0.0018746612680936026,0.004780571968386049,0.0004050482718405135,-0.0211680456880578,-0.034111689815757074,-0.017627248711129584,-0.017434441691534297,-0.0001852647128974816,0.011890665238089682,-0.013477080181486245,-0.03465437132397098,-0.045480503736338995,-0.04579131851937246,0.0006695280206712728,-0.016997674810876717,-0.030157458486029853,-0.017652033374920162,-0.03389807858653493,-0.043529610656826034,0.0014329175073234945,0.0007996969234290163,5.5917800953264596e-05,-0.04091954270736592,-0.04159184060329851,-0.03943673982828366,-0.045797051792356214,3.7147392751846198e-06,0.0,0.0,-0.039549593169490194,-0.02860099788056092,0.0,0.0,0.0,0.0015487004106217728,0.00039907794811649966,0.002256652017798788,0.0,-0.09870049389888363,0.0,0.00201293805826408,0.0018594666143306737,0.0,-0.053986304234227955,-0.026789631325651653,0.002102309167394789,-0.02053005078917247,0.0,-0.031035667881685325,0.010128221718085528,-0.03794500357792874,0.00615686257299336,0.001841824861607777,-0.035904208163311024,-0.038683894366834115,0.004462283269030698,0.0018299508446062984,0.0015827016381908532,-1.1102230246251565e-16,-0.038740856131122825
-0.030816147547086004,0.026733506510200455,0.0021329933597110107,0.0010231642574874966,0.0007792856230081635,0.009824108838746737,-0.030864773749167462,0.0001583886803920853,0.0028425601807512413,-0.020373720325801925,0.003438918378164957,-0.03881938232908522,-0.016976310254816496,-2.335258073277169e-05,0.0034128353463153682,-0.0018746612680936026,0.0,-0.0013063198850582491,0.0014486408268111761,-0.04601102746687924,-0.0009227421423341209,-0.006597235324948991,-0.0009035775016940639,-0.021968751027106936,-0.026996627708213816,-0.02916524767832701,0.00958342590716349,-0.01036854398583531,-0.024924977940703585,0.0010354561022960507,-0.0015034014641805427,0.016561731335363872,-0.025308385489795082,0.0010578748752075318,0.011920117511880934,-0.1200398493136583,-8.382388298366905e-06,0.003668187478121032,-0.022548360212596152,-0.07405660912408762,-0.04693630186038206,-0.00010118919867929677,-5.551115123125783e-17,0.0,-0.0036997460058540432,-0.020704758571990667,0.001924898078602466,0.0,0.0,0.0,0.0,0.0,0.0,0.0,-0.06678092389148366,0.0,-0.067489351875063,-0.00016602135883614366,0.0,-5.790930793930782e-05,-0.03421293217696775,-0.08090736432867585,-0.05165290478073492,0.0,1.1102230246251565e-16,0.0,0.0005011822416595146,0.0,-0.0381569964145943,-0.05883608410992869,-0.05703433422185206,0.0,0.00025135357506456124,2.238713039648399e-05,0.0,-0.04433242927739384
-0.014837411315620441,0.0189162568817009,0.0013836925144757872,-8.50737215285502e-06,0.004723320456953561,-0.033580874445553355,-0.023419408589795743,-0.00548618334033274,0.005304796149561364,-0.020296112278118117,0.0024156043166032037,-0.035756261815030554,-0.03205976293170826,-0.00024393150214763182,-0.0066645566325098105,0.004780571968386049,-0.0013063198850582491,0.0,0.0008021291058145086,-0.014053219380424364,-0.006521990769449204,-0.013447716396644271,0.0063511543264141435,-0.021142905486814856,0.003342042154469038,-0.007247687076602283,-0.01557911611069246,-0.019024251208457632,-0.027869825302756612,-0.002255069340049598,-0.00547594402385021,0.007969414718690726,-0.014105649126153752,0.0022464434588883586,0.019608915312747777,0.007356221389950568,4.460244035109362e-05,0.004678099973192851,-0.03460387949949534,-0.05344968428792518,-0.035994472017610135,-0.04390541807717402,0.0,0.0,-0.0028846632087944912,-0.030448567445824803,-0.021074503304053083,0.0,0.0,0.0,0.0018057175050347207,6.266623762613e-05,0.002553133783018191,0.0,-0.08890617390344419,0.0,-0.09953716987864741,3.1096542011554984e-05,0.0,0.003269610186429517,-0.027821688639290076,-0.09097531242373164,-0.026689497362740344,0.0,0.0003544559669853009,0.00023369866853850674,-0.024518221565254572,0.0029345396271017177,-0.05154264675775316,-0.037124691291813006,-0.0405251614154199,0.0010177860942527928,0.00029283325399648286,0.00361618660990648,0.0,-0.03894413800716079
0.0,-0.0020128425285834695,0.05229833697458386,-0.04239917123908915,-0.003045654841387746,-0.07548681847735128,-0.0575875949997533,-0.03162389464959958,0.019155671832153387,-0.09355923567505409,0.05724756928862629,0.004143666660646694,-0.07648290588120171,-0.025979725051784697,-1.1102230246251565e-16,0.0004050482718405135,0.0014486408268111761,0.0008021291058145086,0.0,-0.000872892122252722,-0.0010072153571108466,-0.0017750963921456253,-0.02284354302292191,0.0021745327917558344,0.00046709649406917464,0.0016062742592121149,0.021883228851768133,-0.0835311780534988,0.002531822464490352,0.0010089780946747062,-0.09235324084832475,-0.07401227994019488,0.0038631958089870855,-0.08638391249841904,-0.08149794866189969,-0.04456364333155377,-0.0731290110354797,0.0029237602210159808,0.00743467260534475,-1.5655455042062894e-05,-0.0028052206640420962,0.0006805725463435164,0.0028228294175504653,-0.002235985044112987,-4.4183792197172167e-07,0.0,0.0,-0.03951551440700263,-5.551115123125783e-17,-0.0021201653112180585,-0.08020799426748859,0.0016337079260183573,-0.12219988067162946,0.007010220836798697,0.00040706240237931013,-0.024159622473297726,0.00018004531419690828,-1.7027484274123594e-05,-0.0006375735677823791,2.220446049250313e-16,0.0,0.0,0.0,-0.16030370023237916,1.927098162224361e-05,0.0,-0.0002625686704993413,-0.08084554515127501,0.0,0.0,-5.551115123125783e-17,-0.06720904983274584,0.005701828113655494,0.0014331185074577535,6.643783178117424e-05,8.331449480203368e-06
-0.03578158141719201,-0.005351379494154707,-0.0013441895400724269,0.0056062374733614195,-0.005806745270542368,-0.03659814034019576,-0.06748174628389586,-0.06679245830636837,-0.07676048325612306,-0.00021978996576099696,0.00012948439374577125,-0.0010331506351400899,-0.062113496843715144,-0.00120027375614018,0.05253022418959813,-0.0211680456880578,-0.04601102746687924,-0.014053219380424364,-0.000872892122252722,0.0,-0.010210851522513664,0.018663655211854813,0.07826693801720003,-0.0026532992720624815,-0.017008996243148444,-0.02152910877965536,0.009068255219899624,-0.016916861095679803,-0.012270862974000318,0.0038043802641876123,-0.019808343403337814,-0.005483879330410724,0.0009029428124606165,-0.0017732963874129704,-0.02297025750701709,-0.020119036302201354,0.003073866769527478,0.00034865027422631423,-0.016280707416367723,-0.025363047621964896,-0.04001291951450048,-0.04313148415410267,0.0013749255112665004,-0.003671339991989264,0.00013798871137782331,0.0012162435023883034,-0.03737874546598913,-0.0008722998982120811,0.0,0.0,0.01006050008936904,-0.002154015881563054,-0.04058334932038998,0.0016012713864165251,3.122303713065655e-05,1.1102230246251565e-16,0.0010320463021566417,0.0016465701404467237,-1.1102230246251565e-16,-0.010534131208384978,0.001602899266262392,-5.909348478716492e-06,0.0018119863434093997,0.0,-0.010207081271962182,-0.02803476207901595,-0.01315054112534414,-0.03731366644627737,0.0,0.0015506607587594812,-0.009861545826542084,-0.03922655454358842,-0.04997310695908197,-0.05450035941514836,0.002245642162938377,0.004603878501561909
-0.015128113091801176,-0.026596415301177234,0.0034309375903120998,-0.0012124874435239241,0.0012313089231830165,-0.05282230524439596,-0.0003417438810206508,-0.013002991273220965,0.0002478394414792695,-0.007757682234749541,0.0058769814286291355,-0.0006200417286105764,-0.05762635259066834,-0.024530066169240305,-0.013933605736773103,-0.034111689815757074,-0.0009227421423341209,-0.006521990769449204,-0.0010072153571108466,-0.010210851522513664,0.0,-0.023296934897043653,-0.0033484095226040678,0.02779547659432391,0.0004396929509002945,-0.029482470159452767,-0.028234123671867117,-0.035564381339043216,-0.03815492421382244,-0.011828309986263663,-0.03889799926442772,-0.02890215079951103,-0.022331739928619754,-0.023587686256296647,-0.04748572952105107,0.011657234183537035,-0.0005551472449225603,0.002182968026897991,-0.0399047365438876,-0.047778688994174257,-0.06053322982909681,-0.07704874856214439,0.0018323065033478692,0.0,0.0,-0.08040256614220881,-0.04582121816174378,-0.00014428071328775882,0.0,0.0,-0.08858472820443986,0.0012226042405739102,0.010950642003196898,0.0006223677377569792,0.0003875006208364784,0.0,-0.00010181189379193656,0.003299299786099219,5.551115123125783e-17,-0.00364272894424833,-0.05087900009134427,0.0,-0.0007278017737001874,0.0,-0.009378217521407495,-0.07796338153406629,-0.03550947348324007,-0.015786970460654748,0.002431539891139145,-0.04348309774932302,-0.022875934392433628,-0.04711889022041743,-0.04992685756986448,-0.06549629375703064,-0.050380783584550004,0.010241022924133258
-0.06877781265267757,-0.0026725779353522494,-0.0011798275868442065,-0.04338770631227801,0.004205901370474663,-0.04456439870412987,-0.07077136398152656,-0.003474174882300063,-0.06663238521433201,0.0005071810623795137,-0.00016109424097271452,-0.004129224080209937,-0.06281585347533697,0.001188242661324057,0.04791800775570515,-0.017627248711129584,-0.006597235324948991,-0.013447716396644271,-0.0017750963921456253,0.018663655211854813,-0.023296934897043653,0.0,0.004351133313431399,0.028685560036458446,-0.017366230915506764,0.0028178887035054667,-0.005913319724844157,-0.027352598587389754,-0.019970623211131244,-0.025395182397728866,-0.015778013495334697,-0.01472741344179973,-0.006262775007682131,-0.0035672308013256493,-0.01779621623955213,-0.02184456503549287,-0.006672116102148629,-0.000325780453569513,-0.016916974749588753,-0.02549486867863604,-0.04581880902844504,-0.046977433512341016,0.0026749329923292375,-0.0004328998891929836,-3.185381351133998e-06,-0.06019008922612662,-0.03852782690108786,-0.0021762057435993354,1.5665714043211487e-06,1.955047420065803e-06,0.004481408379155505,0.0025806507331397333,0.0042170139456055855,-0.0010751992925847609,0.001308980849547614,0.0,-0.0008785441517169534,0.0005813951324316613,0.0,0.009213619328379052,-0.03631560687914165,-0.0001240806179865772,-0.03191626093699573,0.0,-0.01935702323138455,0.017075469323765635,-0.02038022380951371,-0.010265498243854143,0.00011857844792856342,-0.04258468423021888,-0.01598231106622089,-0.02490066666257229,0.0010900229625138702,-0.022136595803140702,0.0009268438670215207,-0.04000935637358338
0.027300614055625505,-0.014203154969543386,0.0020428733514097352,-0.04942841550773658,-0.036682474887865024,-0.04936715610744469,-0.05810688023791927,-0.006238216709033739,-0.04603694541181769,-0.08230768863072335,-0.023338595778318427,-0.006542620680988875,-0.07100974286574202,-0.017551782851186304,0.019746428670507743,-0.017434441691534297,-0.0009035775016940639,0.0063511543264141435,-0.02284354302292191,0.07826693801720003,-0.0033484095226040678,0.004351133313431399,0.0,0.03724743996769109,0.026835938312431584,-0.005428968390456423,0.0216429828118605,-0.049750436309929646,-0.047511079166405124,-0.022682992366649113,-0.04339707802910964,-0.022229937720685655,-0.01279437224422103,-0.03861651896579443,-0.043722822389056226,-0.0066537094086353,-0.05456227483312487,-0.0016133462126225462,-0.05371332325706024,-0.02094829636418044,-0.051842354292025716,-0.05785215377662106,-0.041444217732107325,-5.406379839928421e-05,0.0007947220306605551,-0.047045604023950416,0.003340603952129484,-0.030284208246084632,-0.0004534408272296453,0.009901155412783913,-0.05768688949428491,-0.06505549599957311,-0.05382174587951111,-0.06544715847583477,-0.0010089882804572015,-0.05071743437374843,0.0017019650484458304,-0.06411139653909237,-0.1304581665817905,-0.028220601614387497,0.0024059618661000925,1.4375143710554372e-05,0.0026648180692858126,-0.018765577930447974,-0.03424638441535893,-0.036047209343177455,-0.026078086637417675,-0.02145635586352007,9.384495983216778e-05,0.00014938759321742046,-0.01883041999596957,-0.025783846051336545,-0.05561111841811611,-0.05607928841585852,-0.05352187791268631,-0.061948691231951736
0.037393899030808864,0.08116026225514406,1.839761741567747e-05,-0.0027614905636509923,-0.08597836472923742,-0.0016771505616090532,-0.02291427954187114,0.029079883021172037,0.004943343398685074,-0.03864109757583356,0.008229320300339793,-0.02459759791541921,-0.0366393294359344,-0.0005148063039289719,0.019078707295330177,-0.0001852647128974816,-0.021968751027106936,-0.021142905486814856,0.0021745327917558344,-0.0026532992720624815,0.02779547659432391,0.028685560036458446,0.03724743996769109,0.0,-0.026934571665708507,-0.016335408931626494,0.004655862369666641,-0.025211055486085765,0.0008300510104379266,0.0002029027030654995,-0.03503712478501286,-0.020232079140677428,-0.027055475115264432,-0.013786792284839977,-0.03316779457842611,-0.04342526055695928,0.024230802655069328,-0.036416489392658374,-0.06304812450475428,-0.11360565034496928,-0.0489250173536846,-0.11236507177922933,-0.0004467839071060631,0.000401793941055828,-0.06299329375651463,0.01520827728367019,-0.0015600413971977312,0.0,-5.551115123125783e-17,-5.6779184098465496e-05,-7.450888802595923e-05,-5.659816628827974e-05,-1.6653345369377348e-16,9.65712117222961e-05,-0.0797192951812542,7.543807188364893e-05,-0.05318691843559664,-0.0011806844488768675,0.0,-0.0006168277468007743,0.021343692357825517,-0.07005587704392041,-0.06637330689554777,6.91925791856951e-06,-0.0006751123926596048,-0.001517983267103118,-0.0008005624927286403,0.00040402004837020167,-0.03193233072621027,-0.0535072036848781,-0.04307414977313173,-0.0007222525779050359,-0.04345653119985632,0.002351529078969239,0.0,-0.07327843664223005
-0.019838416991793784,-0.015139681635283564,-0.005048640526786385,2.980914525918532e-05,-0.0026848992347683898,-0.034851553438589644,-0.018512885862212503,-0.002599287099172176,-0.005320666536957286,-0.037762321630357976,0.006316004406724973,-0.057205740390530446,-0.034382278536804645,0.0007965779814718132,-0.009339394855428895,0.011890665238089682,-0.026996627708213816,0.003342042154469038,0.00046709649406917464,-0.017008996243148444,0.0004396929509002945,-0.017366230915506764,0.026835938312431584,-0.026934571665708507,0.0,0.0016696820157023895,-0.01951542201378237,-0.022845530076325893,-0.04203986716754349,-0.0008561133676044941,-0.021716824812649083,-0.0015948447408933863,-0.024319071758828248,-0.017026401638494504,-0.0003507795794826518,0.004072888309743172,-0.0006031490767354764,-0.04321164030366437,-0.04259447377836639,-0.0606885412916815,-0.04420503545365201,-0.04861444443294716,-2.1687186499419475e-06,-5.551115123125783e-17,-0.009829395589803336,-0.03104282667304953,-0.03063904054021599,5.551115123125783e-17,0.0,2.220446049250313e-16,0.0027601810801305415,0.0016742965381483232,0.003426957348981907,-0.0011457485090475839,-0.07686757701255503,0.00048337565125972093,-0.07842172951312987,0.0007332321311096512,0.0,0.0016837344322845338,-0.03734436797347812,-0.07081283151853357,-0.03702621351025126,0.0,-0.05569545218205235,-0.00013396294955375643,-0.03845089471423646,-0.0003971516917314344,-0.05156756272868257,-0.04679504154176439,-0.049054492320532384,0.0007460816743372622,-0.09912437758817128,0.005674261747666276,0.0,-0.04819744086242944
-0.010545744400169699,0.011783231294860641,-0.0013473196918803443,-0.000973987298004908,-0.010138666285000097,-0.033685033714838275,-0.025136247365461106,0.0027461742024351143,0.002054103010117936,-0.025443727702913976,0.005594225022297006,-0.04414313916047313,-0.032044552828005224,-0.022541651802368945,-0.0013019713930950139,-0.013477080181486245,-0.02916524767832701,-0.007247687076602283,0.0016062742592121149,-0.02152910877965536,-0.029482470159452767,0.0028178887035054667,-0.005428968390456423,-0.016335408931626494,0.0016696820157023895,0.0,-0.024263394786518566,-0.025757967797791215,-0.027491032485361167,-0.0043151724357679,-0.024588554147954078,-0.019680435155106812,-0.03236432276234824,-0.022413281088467463,-0.025262468575176777,0.002678039973073365,-0.0017799111942091717,-0.09131243390279195,-0.03994678844441796,-0.0646834299268505,-0.050035062436419864,-0.04316984396853668,0.0006082370704190709,-1.221915149202113e-05,-0.12901561598007905,-0.03962566789359623,-0.03143613375905285,-0.0010443889035268716,0.0,-1.1260659600331735e-06,0.006381000219870203,0.0019440081506042484,0.003673775261146761,-0.00017196492437920874,-0.0692694239319665,0.0,-0.06216282188474248,0.0031778332869779047,0.0,-0.02715313897601429,-0.042930036575520414,-0.05406630725446365,-0.04199857636229687,0.0,-0.04457466508632407,-0.00538111720792539,-0.018482106472698268,0.016442868196636706,-0.03370966684041132,-0.04740417350388948,-0.04861581742966653,0.0008334444631034055,-0.10377111444476983,-0.04375097703389286,0.000763975489926072,-0.0443926638535318
