0.0,0.03879915416030555,-0.0008580264295274254,0.0,0.0003132665704465576,0.051816577898303906,0.0005288843488209793,0.01502944048062227,-0.000866810061126877,0.05647555116645386,-0.0019508705683156657,0.07556457796556826,0.0017321480062844619,-0.004310496347635473,0.011321592150172921,0.028220197730197905,0.008313155244988046,0.029237394939184036,0.0,0.0351745851846052,0.00303948505280216,0.028002157380833947,0.04058488082840056,0.05933261908193865,0.031978151712819924,0.028339161482619613,0.04929990207078061,-0.0003528388583413089,0.04251295028496399,-0.0013501837833030939,0.04344024350224368,0.015592825407129363,0.030298463428071132,0.041487603648543425,0.012122590308896564,-0.0005973901148395577,0.0007073521856765241,0.028696427995435148,0.03421399164825101,0.055886794524523664,0.0439922547768799,0.04549074732451536,3.935715127650896e-05,0.0,0.001277679615548033,0.08477340919634596,0.028161823603065295,0.0,0.0,0.0,-0.0011947811584295809,1.1102230246251565e-16,0.0013426688653236374,0.0,0.006875873738084681,0.0,-0.02071473208673702,0.00111509699705431,0.0,0.0001675065949364174,0.032722435389896165,-0.00016166873497497347,0.037573630301441785,0.0,-4.1166530821590275e-05,0.102595756136872,0.024442241947570997,0.004953627336012567,0.14423750514736344,0.029149656427250314,0.0439763602380428,0.0020800751242538995,-0.00034001191190574653,0.003960475682405318,0.0,0.00229069095527612
0.03879915416030555,0.0,0.0036399637528996,-0.00021097497624089634,0.0023757706737083106,0.026485433298602756,0.0367410502499565,0.005677541356011839,0.00350705343055685,0.05193296052480284,2.436730425819933e-05,-0.0018117662522253997,0.044786482389083504,-0.0010607655603370736,0.0013131695035699664,0.043905046828155214,0.03619612963744023,0.03828992216346544,0.0013779981089571125,0.009817243526829056,-0.004063045713427138,0.006923244217277413,0.03836945799532082,0.005569528778167743,0.04759266503394821,0.006258580753467191,0.03493868303544356,0.04989492936863815,0.034439252290246025,0.0006083961978623487,0.04129379875683137,0.010942540779002308,-0.0037401708443038917,0.027658000054525567,0.008059345711321275,-0.001090968261406533,-0.0002973151691941789,0.0,-0.007271702560051441,0.008132754436478706,0.008393143415412252,0.0021993200760580534,-0.00014487913301686195,0.0,2.220446049250313e-16,0.05623295805479006,0.013392301389542616,7.031676790353325e-05,0.0,0.0,0.04291485698567621,0.0009796142821570375,-0.00026129621260806424,0.0006681892974446102,-0.043667843468584655,0.0,-0.011642726385773738,0.003665711444373554,0.0,0.014340590604713155,0.014914007571563581,0.003914621751426706,-0.00873204509265274,0.0,0.00443291188970385,0.024836694846628482,-0.0011876161452650247,0.005793603719714657,-0.0008916777150723143,-0.03434903493115665,0.02262048195072275,0.014438404690455875,0.0004653801891296161,0.03375428383876722,-1.1102230246251565e-16,0.006763860589544313
-0.0008580264295274254,0.0036399637528996,0.0,0.035287932917853426,0.03680970301428832,0.037543098776170125,0.04960389320670311,0.07397886709235979,0.01137738670598809,0.05006444969255458,0.07212468744722439,-0.00035977220370253526,0.053283897236006184,0.06304253349921302,0.00042269095028435455,-0.0008364289917406897,-0.0015974966496739573,-0.00043365852842036645,0.01373869493428681,-0.0005082059368550773,0.12389676198241895,0.004788587109745168,0.0407065764857073,-0.0008726969743743651,0.001902253774280216,0.000678390422419406,0.031117049762393767,0.0560864608084059,0.0029184313363973535,0.0024635598498110034,0.053798480280412064,0.05708140424427649,0.001370740794297498,0.050836786836364056,0.06312550680790557,0.05335734741361947,0.04645905648136589,-0.0020579184864636946,0.015414835541595617,-8.060516199503986e-07,-0.0013126611485155815,-0.0018357621754332976,0.028473277528231478,0.0034162369372343626,0.0,0.0,-0.000267784861741005,0.10537377283631222,8.839721376552312e-06,-0.007897440034236092,0.0518335194569417,0.0020772856367223813,0.04648857662584116,0.01380484127366699,-0.00019584354887997035,0.12241206773550478,-0.0013110093378028709,-0.002094915809354725,0.020905192811850104,-0.00042804638507853987,0.0,0.0,0.0,0.16024276227889517,-0.0004751193580545543,-0.0012211472803002055,-0.0005315931217139136,0.04478323004523688,0.0,0.00010925323821303623,-0.0008489895151371218,0.040913149395626514,-0.0046619505761702484,0.0021046875817499755,-9.19105643215623e-05,0.08001404834062575
0.0,-0.00021097497624089634,0.035287932917853426,0.0,0.016039291357566265,0.044767995540803907,0.017647811605572994,0.02430759694850504,0.05149251878114658,-0.0723995622432057,0.04271598792047393,-0.007073267920243376,-0.010684028436211135,-0.010819101572024759,0.0015874539787199549,0.000543517137735483,-0.0007640599757019473,4.0253342177165585e-05,0.0509186023972632,0.0011634531751404942,0.0010177807851523557,5.8403410057361604e-05,0.027560613370908704,-0.0035565515388554236,0.0004285164815182596,0.002741096185599201,0.04319834391051525,0.029949660716759086,-0.0010508488521546733,-0.0016042986256815661,-0.0023775269323040304,0.01617117641040744,-0.016652326033097353,-0.07854963471374216,-0.09282234144985047,7.273280421521422e-05,-0.011192633481849706,-0.006806281999818753,-0.001085928044096296,-0.001169189566395279,-0.0006567742041616031,-0.002221511099937734,-0.0038905648085114097,-0.0015742441570779642,0.0,0.0,0.0,-0.0010810696247706697,0.0,0.0,0.0006895447578008085,2.220446049250313e-16,-9.2125133695109e-05,5.3353367761022064e-05,5.551115123125783e-17,-0.0011321064617417775,-0.0015333602706101845,-0.00045003718266639625,0.0,0.0,0.0,0.0,0.0,0.0,0.0,0.0,-8.122665974574783e-05,-0.001065411131772942,0.0,0.0,0.0,0.0005225158404552621,0.001975616540395575,-0.00015083606176596875,0.0,0.0
0.0003132665704465576,0.0023757706737083106,0.03680970301428832,0.016039291357566265,0.0,0.04363015698004158,0.03812587799261302,-0.0028668537485029844,0.022054034883530527,-0.019408166497230595,0.03260435287028368,-0.049005820140153256,0.031535552117959165,0.005698118836328425,-0.0006786899149897607,0.052918215652276,0.001086323730681349,-0.001776802636920427,0.03297582003299676,0.03928322613622642,0.08341762163903144,0.0645667811999166,0.035760418739052446,0.0023084636141842974,-0.0007476015603647967,-0.004716113818699019,0.02461396011969197,0.010695934118283512,0.058947796575645806,0.0029355232606949055,0.023666667494180227,0.027984699479689956,0.0011325503272083814,0.020638614149585177,0.06266237562723048,0.02035851157028848,0.06432051025264435,0.003389984831312587,0.011812459588645408,0.0007569722958002401,0.0008642347344207102,-0.00020678063367107757,-0.05046005377226981,0.0029486962833336627,-0.0007427373209576982,1.1102230246251565e-16,-0.00030326830962074114,-0.006144027378259476,0.0,-0.07921058738937453,-0.08135864816337396,-0.0011907149240248938,-0.06632168212839162,-0.02861659799988131,5.551115123125783e-17,-0.05176367596185538,-0.001555222915943233,0.0022518156830283464,0.0016954544626521795,-0.00022270755590275693,-2.337963958926048e-05,0.0,-5.551115123125783e-17,-0.026380915507807856,-0.0007540355870682691,0.00020638340911188768,0.0004332586361572299,-0.0019005558501871134,0.0,-2.5842988145952095e-05,0.0004712880696475241,-0.018699683896320762,0.0019934063596243057,-0.0023903169650574263,1.1102230246251565e-16,-0.0030101467733112397
0.051816577898303906,0.026485433298602756,0.037543098776170125,0.044767995540803907,0.04363015698004158,0.0,0.05245792019157991,0.0513968801411252,0.03783989026804091,0.031200912488271837,0.030073651990716876,0.037256109773503965,0.06660556971650866,0.031394606996031915,0.03885777106166094,0.042582539109888295,0.0029426441518309865,0.04889310205956243,0.03785368219074353,0.028391500710989892,0.02544536979582951,0.04178496929212344,0.040291975455962414,-0.0014743684776055144,0.04797692760806033,0.023382356519547398,0.05487030030056406,0.0636814149640964,0.04304782978212501,0.03896605795462971,0.0439366539411874,0.03213690023400034,0.014309519113911762,0.03971106650517564,0.03874997143050557,0.04968851976153166,0.04496995502760609,0.04027057840074838,0.015265238174726248,-0.00023763641681651126,0.02885318835457562,-0.022219665692771895,0.061274535045968526,-0.0016658329143494077,-0.00173828789585323,0.0009544941158680653,0.002596782693038757,0.024436599165186923,-0.000554880357169163,0.0012203031040280976,0.03678728756606886,0.0012868291067166249,0.057062970612063,0.032906130132838385,0.0013492387557226815,-0.002962285279922705,-0.0006701065391243599,0.016803570100493048,0.0004672666306300144,0.02736444629276591,0.0030504069427078617,0.0,0.00027816594288587737,0.03268573243060302,0.021884476012160536,0.018863431356039295,0.03047643491845331,0.03929904730817546,-3.660197863203374e-05,0.0007573921025953445,-0.010804449423637286,0.031558521052162614,0.02315414762250234,0.016460236591447186,0.0007390143367930757,0.01772068216197309
0.0005288843488209793,0.0367410502499565,0.04960389320670311,0.017647811605572994,0.03812587799261302,0.05245792019157991,0.0,0.036077136781736796,0.03652167843331089,-0.04079511256280227,0.03306332327720535,-0.005381376350281686,0.061294486081645616,0.01536134698330427,0.0011434237034376737,0.05873080856002022,-0.00046289811795835467,0.06562597356774308,0.04233905725188836,0.03745006610227808,0.030926286401347702,0.0593370435310408,0.05483948736073796,-0.02301430532473131,0.08356292871960103,-0.0002956049542356398,0.0635935479275222,0.04076456560510405,0.059670090421206856,0.0019440937625528898,0.06167594288453487,0.046192303922313216,0.0006322367799308504,0.028601673301695774,0.08095430137654258,0.007705157209267122,-0.04489612212007704,0.003232231432757915,0.004823041520540194,-0.0008249018274844588,0.006684232578751559,-0.0030117100793023988,0.0008313232915030389,0.0013169839726510646,-0.0008302178091005863,0.0,0.002691178434107766,-0.0014466913898564249,0.0,-0.0008407138281556481,0.003822530363526977,0.00369653968928918,0.0004480272051884948,0.005212899416436434,0.00045379399490796946,-0.0022237286481444074,-0.00035070144097282263,0.0016525110159306688,-0.002352789628106755,-0.0015006637406996814,0.0012504421042152103,0.0,-4.0153483423732705e-05,-0.0015084944577392623,0.000960680623039667,-0.0004072112140585671,0.001602934588349758,0.04419172344066391,-0.0001241806243461041,0.0004660799561531648,0.0018713075931077738,0.010901405888769977,0.00311569104957804,0.00038932244628619994,0.0017592099221823698,0.00012075980545800391
0.01502944048062227,0.005677541356011839,0.07397886709235979,0.02430759694850504,-0.0028668537485029844,0.0513968801411252,0.036077136781736796,0.0,0.047137943760944157,0.013710159196869465,0.011204009565159267,0.01098377133125561,0.03478798585796056,0.030905461008365387,0.0035809587690464606,0.00509745314519694,0.00014303116845004737,0.00954715434855724,0.062345752863169734,-0.0025641171939643215,0.03276570590748534,-0.0007169993241800676,0.03613123359336107,0.02810695791123896,-0.0014694338045656008,0.018126374107541976,0.05749413068372944,0.034732448211951705,0.014821862427743249,0.019172454526936056,0.03386022567617264,0.01967628165418872,0.0012538420211636314,0.01217444602443879,0.009844289768592696,-0.019750298273800593,-0.1328839169270469,0.0046570099266416976,0.022162989293701085,-0.0009604789003415104,0.018099308405610692,-0.0035069281352557713,0.06492095653691393,-0.0015172347581452472,0.0,0.0006848194495713833,0.0015952264530846305,0.03982804793752004,0.0,0.05742232624219662,0.03465815099870745,-0.0008616579704608385,0.020117928047810096,0.033350302528090014,0.0004978392497187456,0.033028948667848224,0.00023584897186851306,0.02091690563241788,0.0030521100507310828,0.019601782110021004,0.0002620334809938507,0.0,4.895585421821336e-05,0.04601620908013693,0.025791478838590454,-0.054763359845184933,0.05144456368394362,0.0433240012179098,-5.551115123125783e-17,-0.0004826915501878748,0.034341028889099734,0.04757764489750421,0.018930822443453788,0.02474539862021463,-0.0007097578940790106,0.022669246798686038
-0.000866810061126877,0.00350705343055685,0.01137738670598809,0.05149251878114658,0.022054034883530527,0.03783989026804091,0.03652167843331089,0.047137943760944157,0.0,0.022885189923315452,0.014243802065497524,0.00899478703858625,0.0444613520661874,0.042666393952798976,-0.0031518809770076928,0.003323297230304223,-0.0016564956668946862,0.0031264697529750918,0.001782885293121872,-0.007445056849456122,-0.0015753422292353325,-0.0005097404096694458,0.031349482839709564,0.00115371834965311,0.008076496789317322,0.0062179853750150005,0.027765434800721578,0.04651428517586026,0.00980552651776051,0.010053040453398387,0.05236590991613077,0.046294411189819196,0.003127744196681659,0.039969631464043365,0.04413582891960255,0.04762706746077128,0.04454256837614429,0.004656047164144861,0.005218189738265044,0.0003333491815626366,-0.0030212724425541793,-0.007493330924661312,0.004995548699473773,-0.00391780474121689,-0.001846973570384769,-5.551115123125783e-17,0.0008306053439631755,0.04013554693233945,-4.246643597771715e-06,0.007280434763389021,0.03196916265602978,0.0048194205464674456,0.037259241876197335,0.04011627339680923,-0.002640684486290623,0.03772099890377878,-0.001483520916458425,0.002522047088019619,-0.017034178678718925,0.0008807909943174264,0.0010395183441745948,0.0,0.0,0.037595121580158875,0.0006450153338198317,0.00011932090751159974,0.0007488311670987846,0.03234005306457921,-0.00010732960040632511,0.00021422463323284013,5.899665554875977e-05,0.03648305138348684,0.0023392377753143068,-0.00037873149580336385,-0.00022467359053068847,0.004451219380306348
0.05647555116645386,0.05193296052480284,0.05006444969255458,-0.0723995622432057,-0.019408166497230595,0.031200912488271837,-0.04079511256280227,0.013710159196869465,0.022885189923315452,0.0,-0.004072038318832183,0.02249523856906749,0.00383156817214636,9.29600718857504e-06,9.125673699594827e-05,0.021048865314612364,0.01207291761903273,0.009560645097438702,0.04175076069537592,-0.0032061434708796077,0.00448111032169396,0.01952904665141625,0.021404734723443508,0.03351505228654211,0.02507228320846422,0.04312688836946488,0.030767606437000605,-0.013494030035289761,0.00401454318832295,0.0011803406460580979,0.044098901786846,0.01948652487631114,0.014981007436337734,0.002326356263584295,0.02162711350201324,-0.05728790063123779,-0.01500429561520722,0.009524140214670906,0.0685308885446716,0.004900060728519173,0.08051833473230208,-0.007319240467353827,-0.013320333010472973,-0.002956168895086042,0.013302958234939655,0.010080821642963478,0.0010963115832893222,-0.0010489519972549655,-2.411303064070447e-05,0.00045369691325330974,0.0027231288263865894,0.0014395347147328486,2.9717192357892053e-05,-0.0014914605612588727,-0.006926529211948029,-0.0009387642450714995,0.01727961620566021,0.005686687153779124,0.0,0.0006787038071391915,0.003384893621957319,0.011735512099952994,0.06817430862487062,7.926079530817809e-06,-0.00012877876372768826,0.0010568089155573723,-0.0010736383176715436,-0.0011469071812502674,0.07181910736780178,0.03524928769178015,0.04493447195298583,-0.0007189053144965318,0.006909560815774873,-0.0007155554485220317,-5.551115123125783e-17,0.05926281470092648
-0.0019508705683156657,2.436730425819933e-05,0.07212468744722439,0.04271598792047393,0.03260435287028368,0.030073651990716876,0.03306332327720535,0.011204009565159267,0.014243802065497524,-0.004072038318832183,0.0,-0.0009299960242667438,0.018523721814238836,0.0247720005482005,0.0,7.864425733672409e-05,3.400915678436478e-05,-0.0008759983859301657,0.03758311213032883,-4.6081666959130185e-05,-0.00020213153270154383,-0.0002408786643078309,0.020436591136929194,0.0016161904011016137,0.0006621493772564491,0.0018744735966146342,0.052503806721550195,0.007670582864729547,0.0015677410820378879,0.000352243004366537,0.02175203148459881,0.014426116185676963,-0.0021167966779001013,0.012149452908427116,0.026599939955331275,-0.005747411176518724,0.017799386651305205,0.003445830776095893,0.003247084138590317,0.0014133953256691978,-0.0011649754196026985,-0.00200660761290139,-0.0306122535059396,0.00040672539875452607,-0.0007750180649132021,0.0,1.1102230246251565e-16,0.07280397369024066,-8.223107276772446e-07,-0.0469852627987799,0.021944597027472645,0.0024254231313512453,-0.018667803101327762,0.038666832788816496,-0.001472114414154957,0.11510440809469691,-0.0030424981906420623,0.0001411957857735957,-0.016136935426409815,5.551115123125783e-17,0.0,0.0,0.0,0.1992922735534136,-0.0005696541238977559,0.0,-7.373754420497702e-05,0.02274963972400379,5.551115123125783e-17,0.0,-0.00012010099253018103,0.02529711946944535,0.0017204633863835417,-0.0014307071460886167,0.0,0.00030541826621865997
0.07556457796556826,-0.0018117662522253997,-0.00035977220370253526,-0.007073267920243376,-0.049005820140153256,0.037256109773503965,-0.005381376350281686,0.01098377133125561,0.00899478703858625,0.02249523856906749,-0.0009299960242667438,0.0,-0.005611598880282176,0.001348355542658386,-0.0002945843493366018,0.0019009201342471416,0.03962012052321173,0.012802815838499904,-0.0021025848946444325,0.004624523468708508,0.004750351205175418,0.0018333057805760555,0.006119547039910578,0.021184660188901694,0.024689848298899697,0.02606465007449582,0.05249120534352175,-0.01490333150017431,0.0021671945503459744,-0.0016040172967496935,0.026874353171760013,-0.03386727275924373,-0.02527289166016594,-0.022572284827937078,-0.033040123975106694,0.0036227417107704274,0.00037927023230482915,-0.01292397112865204,-0.03639918673745596,0.019457747739893227,0.0776836413239484,-0.027075069666907536,0.000526571347091942,0.00043823606197096465,0.03233876910415656,0.004445756688625679,0.0012267218556835102,-0.0009608675735399141,-0.0006399646799113978,-0.00014618182973169525,0.0004665533671392441,-0.0008639437211399037,9.316954640037345e-05,-0.0005108476533406958,0.004530025012546346,-0.0018763338364506943,0.031390712583364455,-0.003251298801273672,0.00043703049272247885,0.00013704393941360582,0.0015621939097362758,0.013690230375515755,0.01319417635838005,-1.6100658691453607e-05,0.000606388249873413,0.0010104467199877898,0.00033965328085350244,0.0005011859652359618,0.0720385304209269,0.038924992996164975,0.052894189467287134,-0.0018975864832768141,0.0027805071987849206,-0.0018544739259572784,0.0,0.057917817675801286
0.0017321480062844619,0.044786482389083504,0.053283897236006184,-0.010684028436211135,0.031535552117959165,0.06660556971650866,0.061294486081645616,0.03478798585796056,0.0444613520661874,0.00383156817214636,0.018523721814238836,-0.005611598880282176,0.0,-0.0016799133110276254,0.048606599246265036,0.05407478409041577,0.036749265242692286,0.05910245459483976,0.04455889204604879,0.04757343428800359,0.03729577285994212,0.059769367931513884,0.053663607154698645,-0.003970549724252814,0.045311990273928404,0.03157361743193904,0.06041652088793892,0.0533053261195402,0.055745391074547346,0.05218675990036131,0.0545469047183218,0.03549810397159853,5.160634372308737e-05,0.03193538294411874,0.05763918513670124,0.030765656780743555,0.015119644906826601,0.008651450966876195,-0.08651114006458577,-0.000761434712730269,-0.007611512777271345,-0.010182921380582799,0.002128650669121823,-0.006176469846350785,-0.003333263402484299,0.0005312236331140863,0.0038139984557181705,0.0002552844670662413,0.0,-0.0011694752597655178,0.021867665657429314,0.00221776730949097,0.03445040035301844,0.0006561470219623722,0.0013458973881272374,-0.0021730942207279225,-0.0012682531809027342,0.0027211358656015205,-0.0016407167020681679,0.0007383575278112064,0.0008213441843961111,-0.0003930565457143653,0.0019571498154254408,-0.006047623101804844,0.01646102463765814,0.002156351732815809,0.0016335606785623513,0.0379017906450243,0.0012573162104050906,0.0021167372096366766,0.004213493068623286,0.030645247751025617,0.0016403922531908477,0.030802274444598876,0.0015696291221302117,0.0036159636787463367
-0.004310496347635473,-0.0010607655603370736,0.06304253349921302,-0.010819101572024759,0.005698118836328425,0.031394606996031915,0.01536134698330427,0.030905461008365387,0.042666393952798976,9.29600718857504e-06,0.0247720005482005,0.001348355542658386,-0.0016799133110276254,0.0,0.0008841466468738624,-0.000617461639786876,0.00011049468696866516,7.54091141932367e-05,0.04697879997502419,-0.0001981659470914332,0.0038488059387056794,-0.0005130827866766108,0.02134745840751434,-0.00041255355818370365,0.00012040213704572755,-0.0038422537522975198,0.043649246289016286,0.010599637636744708,0.001963206460644351,-0.0006273956596387076,-0.007880117139143938,-0.016305286061231772,0.0004492835788864613,-0.04326973256045141,-0.002557734539809675,0.016478862502115,-0.0058330229432145275,-0.001005672448936179,0.0062689495901146475,0.0,0.0007826044689778766,0.0008215857033728735,0.005591224103020709,2.367020406957021e-06,0.0,0.0,0.0,0.0010592270130457826,0.0,-0.0037201266224021756,-0.0008870823681147999,-0.00070513873955802,-0.0029781454749237546,0.008645181344774322,0.0,0.00464343302617215,-7.912909384222289e-05,0.0018748587556209895,-0.0020427708970091607,1.1102230246251565e-16,0.0,0.0,0.0,-0.0005985098838120484,0.0,-1.1102230246251565e-16,0.0,0.004275194308616337,0.0,0.0,5.551115123125783e-17,0.003007287196929165,-0.00013638949601341155,1.1102230246251565e-16,0.0,5.551115123125783e-17
0.011321592150172921,0.0013131695035699664,0.00042269095028435455,0.0015874539787199549,-0.0006786899149897607,0.03885777106166094,0.0011434237034376737,0.0035809587690464606,-0.0031518809770076928,9.125673699594827e-05,0.0,-0.0002945843493366018,0.048606599246265036,0.0008841466468738624,0.0,0.002387738708726217,0.0015522639725750742,0.002217869366998748,-1.1102230246251565e-16,0.03514146182223937,-0.012856897996562477,0.015201320280047226,0.03447899895747841,0.012024857460401939,0.00022251780708126834,-0.012327083817902484,0.039027179916960086,0.0502690841854202,0.0471584403944591,0.0002979580446391683,0.01588916177035926,-0.008207293831885953,-0.022559247025935814,-0.010169177291714293,-0.005420070285016176,0.012174269256441494,-0.0022436081934462115,0.000133927948512913,-0.0046572291708135705,-0.011464881575538377,-0.005898052881690596,-0.009174985089748566,0.035603818752479144,0.0007105145108701194,0.0,-0.01660957786552858,-0.03621177877879589,0.0006496292632697243,0.0,0.0,0.012321940452108493,0.0012004839054706173,0.030707056369305652,0.00029156182206174774,-5.551115123125783e-17,0.0,-1.0000267947452013e-05,0.0035167787881025814,1.3479775883507017e-05,0.0480914436154013,-0.004643063815809034,-0.00011531441805123777,0.004494551933441782,0.0,0.03487543236365015,-0.0009279839816473401,-0.003017368699637868,0.04716619952225348,4.3829752981838777e-05,-0.04302428440642064,-0.009685877226574435,0.027224894238587705,0.004056425496287819,0.021790435756679105,0.0009008924210501257,0.0019262809352853516
0.028220197730197905,0.043905046828155214,-0.0008364289917406897,0.000543517137735483,0.052918215652276,0.042582539109888295,0.05873080856002022,0.00509745314519694,0.003323297230304223,0.021048865314612364,7.864425733672409e-05,0.0019009201342471416,0.05407478409041577,-0.000617461639786876,0.002387738708726217,0.0,0.025681021668246262,0.028175873746202618,-0.00017755274535291576,0.020792254130010457,-0.0018495895879717672,0.012425751103714744,0.031163055277711516,0.011889277352988836,0.003352396477190045,0.024441358483957343,0.0399275005057822,0.024950899322052356,0.03949229917974534,0.005996760174376725,0.01276647604312664,-0.017184880064432972,-0.0014723536248425484,-0.004412712568244215,-0.015584541093548177,-0.0007038874959238717,-0.0007323498162218334,0.0014933697618060848,-0.002469841146708951,3.075893762183313e-05,0.016852002437580005,0.002440611885632882,-1.7576599266544424e-05,0.0,0.0,0.04198838274315153,0.008897713623234771,0.0,0.0,0.0,0.001954588533387147,0.0005936719543621627,0.0012493940686210125,0.0,-0.037611484162244635,0.0,-0.027838563634103475,0.002269866070265192,0.0,0.004357362814161159,0.015620018976665317,-0.03875240327037338,-0.010988506970894762,0.0,-0.020326264199727495,0.0033862436721819322,-0.004598981475165409,0.0035396195059873015,-0.03748626889945034,-0.01663190447028401,0.006715504381527404,0.005148911285170921,0.005160189230035861,0.008461485941904323,-1.1102230246251565e-16,0.021585610152310253
0.008313155244988046,0.03619612963744023,-0.0015974966496739573,-0.0007640599757019473,0.001086323730681349,0.0029426441518309865,-0.00046289811795835467,0.00014303116845004737,-0.0016564956668946862,0.01207291761903273,3.400915678436478e-05,0.03962012052321173,0.036749265242692286,0.00011049468696866516,0.0015522639725750742,0.025681021668246262,0.0,0.03131951156840879,-0.0019564977931384453,0.0430349617393988,-0.0031631354108839216,0.026549566847688943,-0.00024217995939079806,0.03281909105617287,0.028103386885946824,0.02985051765789548,0.021754993186646143,0.023196172046558883,0.04613611696609243,0.0007910291626191945,0.04586462494181448,0.016201079480337055,0.019228334598503205,0.028151854564383683,0.033999926433181615,0.001613000669081599,-0.0003030028613565383,0.035030019865279316,-0.014722516072036618,0.007519859599447842,0.009466054938259139,0.0012386252212090443,-5.551115123125783e-17,0.0,-0.0003157916329841748,0.04346020910600645,0.01089285983747923,0.0,0.0,0.0,0.0,0.0,0.0,0.0,-0.045626441558456965,0.0,-0.029502248936354558,-0.0003468450587769678,0.0,0.00047954177014292165,0.003277703083418737,0.014288925129669672,0.02292632353450852,0.0,1.1102230246251565e-16,0.0,-0.00035472724171825565,0.0,0.05062770173207787,0.010095037757816894,0.025490304983482093,0.0,-0.0023706675207569305,-0.00010592657803387695,0.0,0.009306752865817891
0.029237394939184036,0.03828992216346544,-0.00043365852842036645,4.0253342177165585e-05,-0.001776802636920427,0.04889310205956243,0.06562597356774308,0.00954715434855724,0.0031264697529750918,0.009560645097438702,-0.0008759983859301657,0.012802815838499904,0.05910245459483976,7.54091141932367e-05,0.002217869366998748,0.028175873746202618,0.03131951156840879,0.0,-0.0007569307054444696,0.028577657613216956,-0.012678319826450235,0.016030394173496332,0.02123374124743349,0.04393309706240406,0.024128795242581047,0.03167036651777161,0.041657453527883026,0.05328029151496044,0.04736646407091971,0.0004969526746085862,0.02987525818378539,-0.002198192117491893,-0.004573070953292069,0.011953954584494608,0.0037166705092062657,-0.0033326341331305076,-0.000576753229124094,-0.0008193062007716412,0.01969108221516136,0.026286624716227225,0.011767528212829115,0.002446921263020485,0.0,0.0,0.002402054786113883,0.042343422028703614,0.01563399704606433,0.0,0.0,0.0,-0.0005525704862114345,-0.00019287293828956775,-0.0005603410229094719,0.0,-0.04004605189635674,0.0,-0.03022974450279947,-0.0006686937466865994,0.0,0.00016638108449418265,0.02483190045020256,-0.011105736988063886,0.006342024661778467,0.0,0.002461788113429786,0.01662760983941075,0.012326567292419544,0.002679911168572635,0.04679195385777102,0.008669660695334425,0.0195564754258441,0.001184142069109162,0.002285188344930633,0.0005327012848085899,0.0,0.024919000510552625
0.0,0.0013779981089571125,0.01373869493428681,0.0509186023972632,0.03297582003299676,0.03785368219074353,0.04233905725188836,0.062345752863169734,0.001782885293121872,0.04175076069537592,0.03758311213032883,-0.0021025848946444325,0.04455889204604879,0.04697879997502419,-1.1102230246251565e-16,-0.00017755274535291576,-0.0019564977931384453,-0.0007569307054444696,0.0,0.00047471417444433506,-0.00044066154332644825,0.0009971505321170193,0.004718286852706921,-0.0002444734601351195,-0.0006983711660205616,-0.0007674520708091936,0.059484372542890906,0.03651141696947163,0.0013725123746599621,0.001510188677219082,0.049607100515594416,0.04188517975476197,0.0012418313356145627,0.036934786758196725,0.020466556289778448,0.0403014781435036,0.04128172780939221,-0.002816581117227046,0.009204193620511558,3.4651078006153746e-05,0.0004842790752758175,-0.003810623999028706,-0.013538522727525149,-0.0021537727041271992,-0.00015962936479241296,0.0,0.0,0.07660465906841263,-5.551115123125783e-17,0.007202038906478525,0.02977124490521077,-0.0008435620560596213,0.006037963632243071,0.03629382764414357,-8.308157073788625e-05,0.055122845817977106,-0.0005447287143902635,-0.0038554354549866776,-0.002484045236454735,2.220446049250313e-16,0.0,0.0,0.0,0.033916164464155685,-9.118225973808736e-05,0.0,8.577047167968033e-05,0.03505257417148666,0.0,0.0,-5.551115123125783e-17,0.04656687484011379,-0.0004952492173078138,-0.0011220978890563726,-0.00031435615230290814,0.001356592554660585
0.0351745851846052,0.009817243526829056,-0.0005082059368550773,0.0011634531751404942,0.03928322613622642,0.028391500710989892,0.03745006610227808,-0.0025641171939643215,-0.007445056849456122,-0.0032061434708796077,-4.6081666959130185e-05,0.004624523468708508,0.04757343428800359,-0.0001981659470914332,0.03514146182223937,0.020792254130010457,0.0430349617393988,0.028577657613216956,0.00047471417444433506,0.0,0.01594600228278914,0.0005954565289006397,0.07062375918184705,0.0064479949584398955,0.0335700955064373,0.007711199385943834,0.0675324453981187,0.023479467118970476,0.02218743874786372,0.02488874289650067,0.034251741937550595,0.022167323906383596,0.007618594964511338,0.023897214548984747,0.025101059863179676,0.03815645158782255,-0.0022594664045385016,0.0043040033575607595,0.03253305340833107,0.002230917518436515,0.004615760963932625,0.004208433379541743,0.002660479999830878,-0.002279828743565082,-0.000533148168315567,0.029354589257926,7.412045639665354e-05,-0.0015405339487966074,0.0,0.0,0.02629921883855163,0.0032391252723402153,0.019527699676572474,-0.0012503253438815864,0.0005574669768071416,1.1102230246251565e-16,-0.0006503768260692211,0.00502897779285133,-1.1102230246251565e-16,0.03318621736757282,0.003420000781185484,2.7960576084340438e-05,0.003562176803512007,0.0,0.02842434994837606,0.02840378725947701,0.004663604541172928,0.04529376404836766,0.0,0.00422411150573615,0.005653321017069224,0.048753701507425196,0.024551464266013345,0.020591364869274154,-0.00016232677367994386,0.02692981772116032
0.00303948505280216,-0.004063045713427138,0.12389676198241895,0.0010177807851523557,0.08341762163903144,0.02544536979582951,0.030926286401347702,0.03276570590748534,-0.0015753422292353325,0.00448111032169396,-0.00020213153270154383,0.004750351205175418,0.03729577285994212,0.0038488059387056794,-0.012856897996562477,-0.0018495895879717672,-0.0031631354108839216,-0.012678319826450235,-0.00044066154332644825,0.01594600228278914,0.0,-0.03504308207879897,0.048062782640492685,0.044967658115106446,-0.008744336533431207,0.0065117233155059795,0.056236393553713904,0.027247542277556214,0.025448061463378358,0.012414314512625646,0.003342882272318104,-0.04048281165873108,-0.04761245675571796,-0.029285320650155877,-0.03491057587210428,-0.01254926633629494,-0.0013227835933699028,-0.0009323071658005611,0.0022631745072728138,0.010451902238208521,0.012166801268593597,0.0039025654515841834,0.00159853777346175,0.0,0.0,0.03503220295968723,-0.007738201497214825,0.0012281657207559027,0.0,0.0,0.021536485608085798,-0.0008219830550731944,0.07984404877937201,-0.0022186700513301405,-0.00030153283679618115,0.0,0.0013387436279039822,0.023545015407682668,5.551115123125783e-17,0.03169805885975269,0.012423942237187902,0.0,0.0010324778639966836,0.0,0.03701742183955642,-0.03281992575891479,0.0047890800516017795,0.051337210280655354,0.0013609674402996763,0.004465353922169235,0.008543021256330774,0.060663103930654216,0.04042445508334175,0.04003788554528426,-0.0019167592607171602,-0.005016289832795173
0.028002157380833947,0.006923244217277413,0.004788587109745168,5.8403410057361604e-05,0.0645667811999166,0.04178496929212344,0.0593370435310408,-0.0007169993241800676,-0.0005097404096694458,0.01952904665141625,-0.0002408786643078309,0.0018333057805760555,0.059769367931513884,-0.0005130827866766108,0.015201320280047226,0.012425751103714744,0.026549566847688943,0.016030394173496332,0.0009971505321170193,0.0005954565289006397,-0.03504308207879897,0.0,0.03387902078945426,0.008478607548808081,0.024179685035501552,-0.008741422933675136,0.03815810529748648,-0.0036429772953753825,0.04958817496962542,-0.029148560421409453,0.018264214289494263,-0.008094495447138805,-0.03024983166050893,0.0008501962214994552,-0.005541076425394309,0.03871752486486901,-0.004547166471449093,0.0035072019484544414,-0.03186299592160213,-0.03425587199440183,-0.029237268220010326,-0.03298862910379091,-0.0007177009232365861,-0.00019459710536295916,-0.000355298887829536,0.03597954125383812,-0.017450299849711914,0.0009756204863506368,-7.4123634954958995e-06,-0.0001492157300406749,0.010667481643398702,0.0012465109536881624,0.0023510895643555907,0.0021779110104973576,-0.0015850531717293004,0.0,0.00013912499541263168,0.002510675698365439,0.0,0.006157432923335204,-0.006295808101093925,-0.00047058707965530466,-0.034502675886067036,0.0,0.002824535116353555,-0.01973306357284277,-0.030746122358549455,0.04870774071179834,0.0010499921065553197,-0.03890314724300176,-0.01639693335534176,0.02138617776027507,0.06169436321839611,0.010626435849715676,0.0008442341711412671,-0.019148728545445803
0.04058488082840056,0.03836945799532082,0.0407065764857073,0.027560613370908704,0.035760418739052446,0.040291975455962414,0.05483948736073796,0.03613123359336107,0.031349482839709564,0.021404734723443508,0.020436591136929194,0.006119547039910578,0.053663607154698645,0.02134745840751434,0.03447899895747841,0.031163055277711516,-0.00024217995939079806,0.02123374124743349,0.004718286852706921,0.07062375918184705,0.048062782640492685,0.03387902078945426,0.0,0.04713253113114818,0.032079134933145126,0.02882053871869189,0.0867523101697143,0.0483188152726981,0.053130323164482185,0.04517899732534614,0.04552173318514019,0.028807480491790882,0.020191228313510723,0.028259643413726,0.030861549618166284,0.014730456071858355,0.03135234963511496,-0.001553523362081255,0.03459563998619797,0.013545024110028059,0.03233757263813708,0.03713839314900713,0.04924550479805201,0.003909368767962718,-0.0009290037937130791,0.035023871586356725,0.01857903912503628,0.06613339133393092,0.0008356871813510747,0.05262702855505608,0.03894709273547636,0.04042046415813538,0.05455749255311498,0.04656018663727857,0.001546681164216801,0.044379000870956364,-0.002158164406531049,0.04300220191089654,-0.034705995355542085,0.04750905894963081,0.006932390133057298,-6.801719358573433e-05,0.0012289586582397982,0.06044742778640444,0.04234977486106489,0.05252181351050106,0.027909040299112897,0.05435794572098429,-0.000831246199717528,0.025460736568614195,0.03383159284927734,0.048388679780252075,0.040236525103401144,0.036576584939026435,0.037408545766773105,0.042675392176715676
0.05933261908193865,0.005569528778167743,-0.0008726969743743651,-0.0035565515388554236,0.0023084636141842974,-0.0014743684776055144,-0.02301430532473131,0.02810695791123896,0.00115371834965311,0.03351505228654211,0.0016161904011016137,0.021184660188901694,-0.003970549724252814,-0.00041255355818370365,0.012024857460401939,0.011889277352988836,0.03281909105617287,0.04393309706240406,-0.0002444734601351195,0.0064479949584398955,0.044967658115106446,0.008478607548808081,0.04713253113114818,0.0,0.04261231445305769,0.024130796328728277,0.07301905776140666,0.003453322996474939,0.0013095495678803193,0.0004692924617608618,0.04564323102947587,-0.03546551087580174,-0.023184339726610853,-0.014288586426511818,-0.02664982297339835,-0.041139565586873705,0.00040440848289430287,-0.007503957000510791,-0.13956076532908618,0.03093437995412096,0.11286681653564945,-0.10057411478715217,0.0014681520136634596,-0.0005814799050746777,-0.02963985013826681,0.07461299060311205,0.00039448660030827476,0.0,-5.551115123125783e-17,0.00026865545376247857,0.00048428445167736367,0.00010532030419230232,-1.6653345369377348e-16,-0.0008502431841601044,-0.012634998449493562,-0.00026853709139518234,0.021691803689725064,0.0004970276543103114,0.0,0.0009608033003921101,0.018638273323701993,0.007717230041794865,0.03560447179635212,-3.273904698131158e-05,0.0008630112543556723,0.001537158440402031,-0.00027450204266293854,0.0008633426997102234,0.0892935886913892,0.03628784599390117,0.04184021278628236,0.0014335878588535578,0.0040999323070110005,-0.0009527871770965146,0.0,0.07806984028415487
0.031978151712819924,0.04759266503394821,0.001902253774280216,0.0004285164815182596,-0.0007476015603647967,0.04797692760806033,0.08356292871960103,-0.0014694338045656008,0.008076496789317322,0.02507228320846422,0.0006621493772564491,0.024689848298899697,0.045311990273928404,0.00012040213704572755,0.00022251780708126834,0.003352396477190045,0.028103386885946824,0.024128795242581047,-0.0006983711660205616,0.0335700955064373,-0.008744336533431207,0.024179685035501552,0.032079134933145126,0.04261231445305769,0.0,0.02252590038182084,0.0434120829895735,0.027461652546470317,0.0597330311399325,0.00017725263464951624,0.04082679143063894,0.005710436056960144,0.007733442310735361,0.024903541746639446,0.01565093626490871,0.0026039174922258823,0.0002873886864915298,0.004566605619658937,0.00380874372163581,0.014712669278673096,0.017268966420784126,-0.013793184220372956,-0.001094406111210866,-5.551115123125783e-17,0.004292186765570083,0.04956679870709779,0.011281702974360042,5.551115123125783e-17,0.0,2.220446049250313e-16,0.003759767152068494,0.0007490167809749426,0.001634637179762255,0.00030218491776790035,-0.04052747838212395,-2.7643851668479602e-05,-0.027911598312107266,0.0028718037565326204,0.0,0.026128304179210526,0.023851286320324017,0.002124353317149663,0.016073307156463823,0.0,0.005495402507373903,0.03051060595742844,0.001563510928655254,0.007218166679799576,0.05419378780197398,0.018020524572764873,0.025283379703120945,0.003361512593630711,0.0012772538380110277,0.008039685531919083,0.0,0.01276791376838704
0.028339161482619613,0.006258580753467191,0.000678390422419406,0.002741096185599201,-0.004716113818699019,0.023382356519547398,-0.0002956049542356398,0.018126374107541976,0.0062179853750150005,0.04312688836946488,0.0018744735966146342,0.02606465007449582,0.03157361743193904,-0.0038422537522975198,-0.012327083817902484,0.024441358483957343,0.02985051765789548,0.03167036651777161,-0.0007674520708091936,0.007711199385943834,0.0065117233155059795,-0.008741422933675136,0.02882053871869189,0.024130796328728277,0.02252590038182084,0.0,0.02056071277676269,0.02101804571803373,0.03675825993843729,0.0006945884994247198,0.034166908269931906,-0.0011541978424533528,0.008079293482206429,0.015657025161753046,-0.008735318405943993,-0.03767955168530368,0.0009047175917515915,0.02126541690826017,0.00022907394849108753,0.02187025320231767,0.023154151966638836,-0.010355660167466807,-0.002237508698688384,8.463655690466032e-05,-0.015665742235828617,0.04866666964507277,0.010818359872784011,0.0024344653686081408,0.0,-3.240962005540693e-05,0.0032210449904535587,0.0001909303591589584,-0.0006433191480271772,3.7193725705986225e-05,-0.02354539402107264,0.0,-0.0013203379406514504,0.0032910417949970072,0.0,-0.0174904750863627,0.025070070662825017,-0.0002697711606089448,0.018641403508023013,0.0,-0.004143493983734647,-0.000812169822399178,-0.013201000975770372,0.039962342416804575,0.05395333906930905,0.022893170573347166,0.02216389116365014,0.027936581147274986,0.0054365625451286426,0.011249821400342974,-0.00014194913151899247,0.021811070812511713
