0.0,0.5484875636406488,0.34521761739995804,0.0,0.3275538656980235,0.29907858967451806,0.39924852660595855,0.5310822153844589,0.38535838678602885,0.3777573926653255,0.3951438851731969,0.2636968043340459,0.4426270267103925,0.35538121388599647,0.517812687574623,0.6756595395335477,0.3660717937706569,0.5781904587331157,0.0,0.8950919963333237,0.3643130500954105,0.42978304079790436,0.5314766027610864,0.7639785415280587,0.4713436403984712,0.5442684710171948,0.6792036853571133,0.38083332302116657,0.4536369144998731,0.6132799392459184,0.5120164865175607,0.3932765334046867,0.5923283177327382,0.3759880704439117,0.4283126515249126,0.61810155444522,0.4165108763434813,0.4569530537629557,0.4729441451821015,0.6839821538429484,0.5047340923028342,0.35896296839090264,0.45956238144256983,0.0,0.40944669262914013,0.5894150145390551,0.41452753576099355,0.0,0.0,0.0,0.4727381370926993,0.0,0.5586491893922633,0.0,0.5073917657314599,0.0,0.38560415470569553,0.7271488291066738,0.0,0.5529429911174675,0.5796691680015779,0.2648291609689232,0.6368100382922193,0.0,0.42668259252464136,0.6862424202046926,0.41601354946909685,0.5549093679486656,0.8402458067314176,0.6191955234030757,0.5740710315599381,0.44445167290809195,0.4393560111068694,0.41547503954457327,0.0,0.5556376222906625
0.5484875636406488,0.0,0.43637318440877404,0.342898752859612,0.36341531983619013,0.47994358852938357,0.3207854554868147,0.47494929474359415,0.31280313706927554,0.3080653533371572,0.295484280532809,0.4756245055807849,0.43745377067037416,0.6128213822993966,0.6615835908708778,0.6760971105442228,0.5334796283115772,0.6545454673335522,0.5429547371425356,0.7926762893002322,0.5232638172339217,0.42689036173566214,0.5555685592877316,0.4522366653154977,0.49415993734152375,0.5008685303356086,0.5063187712642659,0.25535624759960673,0.5989858216623394,0.2541369487761836,0.532607842613992,0.2059316416823897,0.3401052832863293,0.28141487216933153,0.3632645519277672,0.4755864734951424,0.2173530506027001,0.0,0.1597558065233757,0.3101034407199219,0.14803328812323818,0.165598882370895,0.6300650106382342,0.0,0.0,0.40852914481754654,0.16755674329251197,-0.028842105888098754,0.0,0.0,0.5361382134923895,0.6001573366679875,0.5778983925784339,0.5200453015409621,0.5744419933381821,0.0,0.4174509414393695,0.5704912145827898,0.0,0.623254434045138,0.3591963869075413,0.5675635633311038,0.49881012447454665,0.0,0.6192693398231707,0.47634249928385286,0.532245955179666,0.29084961228145984,0.3841757214094899,0.45953925060372963,0.16685708428168616,0.433201760547805,0.5333095591608089,-0.011967234954843087,0.0,0.23116963034660154
0.34521761739995804,0.43637318440877404,0.0,0.4998743994335771,0.22804582032456974,0.7167852932380028,0.3299138818604893,0.410124716257153,0.5985147006086993,0.44646161328896367,0.4485652323532102,0.5744100261551933,0.43352756988941404,0.2657459405033897,0.3558272541692288,0.3527707656315118,0.7048789222861904,0.5614711983660912,0.5635140791280434,0.3555692816540309,0.39022527933778756,0.5761162122391948,0.33019301950409097,0.4235305390636663,0.41837105540974734,0.40302299144782294,0.41896090614765846,0.40614592306615516,0.43892415180937944,0.2974178129941205,0.5267390579073327,0.5782368541418152,0.45950578089500194,0.45186159831315675,0.46331406912001116,0.368566773514382,0.59013814449998,0.556542224331751,0.4691403445520805,0.47669937010149743,0.49252852677869136,0.5539580799345013,0.5159000909497191,0.6245184837518593,0.0,0.0,0.17774254946457568,0.7710699100198307,0.47315320252254267,0.3932877544174632,0.37124392526647054,0.5041993835727832,0.47326674759611387,0.5863692878695951,0.34016329423669645,0.6792705484319018,0.4866022353741001,0.6094579731760768,0.3445067270030977,0.29704646641985805,0.0,0.0,0.0,0.6234770989124443,0.7108980850131698,0.47433987816168266,0.1577777241230453,0.5364120898991549,0.0,0.610623873814722,0.3982963545500823,0.4947374630705477,0.4536881640546909,0.6279497527570934,0.6825094175676516,0.43640456905066327
0.0,0.342898752859612,0.4998743994335771,0.0,0.25126568096418445,0.26574021830324923,0.20197676549196167,0.5773302412938697,0.46041516677774913,0.36705709178880586,0.48173140955030613,0.40438198127528024,0.281770068925714,0.5637705152175609,0.14190790764541128,0.054436831799404936,0.5696690698052416,0.46227324080017285,0.5059267864413853,0.5690290563078966,0.31554961276930316,0.26778985240606096,0.41011544520870213,0.22453032850123741,0.8376492288049244,0.5240450468339557,0.32613668218753766,0.3085924848453473,0.9300450432535983,0.45967534359706536,0.5398453831055514,0.40429087720220447,0.208354992561735,0.45753726923705146,0.5314828326979566,0.3377342310378923,0.3207508161928751,0.3557891089497869,0.15981033314102674,0.2895522138677803,0.38982354270674013,0.28896287341404303,0.27408331820413856,0.22688403425957748,0.0,0.0,0.0,0.5082084541944498,0.0,0.0,0.5394750328202733,0.0,0.4654344164792074,0.014869838347661651,0.0,0.23801624486407796,0.5050389008807857,0.5147782728502095,0.0,0.0,0.0,0.0,0.0,0.0,0.0,0.0,0.46061779222298294,0.6365004854495475,0.0,0.0,0.0,0.502641112895954,0.45346987820414525,0.6263225111126101,0.0,0.0
0.3275538656980235,0.36341531983619013,0.22804582032456974,0.25126568096418445,0.0,0.20454275683915368,-0.028845347546481992,-0.15027225538301547,0.17232727276084375,0.8326113862295039,-0.043457555886911525,0.567966855061466,0.21176841588152714,0.2566295062793165,0.4796094816038319,0.5172240381156379,0.5185928115685055,0.4022802091712627,0.13803959637629595,0.37260565121742656,0.5133018308969385,0.30146277464040805,0.018324526820056863,0.5035966085783735,0.3858383408874666,0.389913906193225,0.2724340284181806,0.25567021831005715,0.1691611947705852,0.16202616051935304,0.3696625153123805,-0.009015610188437495,0.3857166947930679,0.3093284959543502,0.4205658114321921,0.31415596747733043,0.4122284361542611,0.5543569281828219,0.5183015134335995,0.6276165749500876,0.4681546126961588,0.4071101717172467,0.015398136058787149,0.6303900249850521,0.25640529188646305,0.0,0.43960265017386946,0.0020393353762403477,0.0,0.5253415569930814,0.5735098086753979,0.6012272487329164,-0.11015475499724187,-0.2716124609534517,0.0,-0.06696407899497386,0.34488468809340944,0.6469337659742075,0.4987363946931235,0.22490039325471528,0.5107613186982704,0.0,0.0,-0.3935596237328777,0.3149156131188564,0.4222732928466592,0.29099111497354735,-0.16860444563649996,0.0,0.47958793750566453,0.47230166469894824,-0.29815178784198465,0.5998978082522074,0.4875858792850196,0.0,0.5348200422368747
0.29907858967451806,0.47994358852938357,0.7167852932380028,0.26574021830324923,0.20454275683915368,0.0,0.3271730289446677,0.3473400586981212,0.2492798897015611,0.4640756836347124,0.10810017221374385,0.5456579202519289,0.4154240545766795,0.15362205102342835,0.5553255647769118,0.47566138951807896,0.5984020692337606,0.42654300312508997,0.6646369956016113,0.44969934636807274,0.34670934375938844,0.4748048367579082,0.5134705892968621,0.2958537215564571,0.4162913744115839,0.4771113030643422,0.5313549317554136,0.40110469358045725,0.2964609634752,0.3795163450680398,0.4050924129022531,0.33279984395922724,0.5568966631150171,0.3324011396303084,0.29226515698769523,0.3158312380644933,0.3535248481854829,0.3140316876025535,0.49081324225512857,0.30361639544311436,0.31280810748853893,0.4410845875708508,0.5342299202665745,0.556710827864717,0.2652044029830186,0.5038937089331434,0.44179751703920095,0.4587899184588488,0.6083337797056674,0.41368996525900176,0.3746812444433718,0.4991594126994311,0.4570842226979892,0.3712391909715772,0.6617101942347112,0.2895832147734121,0.3371734454037267,0.3974029274736787,0.5274148402628722,0.5478021373898827,0.4851010859981152,0.0,0.5039433757745334,0.4786338064172894,0.5144758033562111,0.4134818018992714,0.5091708001733137,0.44465172101736594,0.585337247385944,0.45104712552274406,0.41261351808394076,0.4136891642774543,0.4142700678238366,0.3307851121673379,0.4464583612386368,0.4085427893844833
0.39924852660595855,0.3207854554868147,0.3299138818604893,0.20197676549196167,-0.028845347546481992,0.3271730289446677,0.0,0.11958599788655594,0.2816062782457044,0.9594910807803944,0.0012575460275129902,0.871647403249304,0.2496835890285204,0.17353535863191893,0.4862413343414774,0.3856061374716866,0.7422570318185087,0.44398029551217655,0.10722364798036788,0.46248876659885363,0.3574120476819416,0.45785047582744304,0.2618746625662174,1.0444450383007098,0.5493140029337615,0.38707464972566535,0.24687671513430076,0.27294104045925655,0.37689259441426126,0.4026187145328708,0.3296481033493429,0.45356164759164874,0.16296320175017687,0.35930038082575777,0.412644669780239,0.4466296127989376,0.30468635231068597,0.6952793041275878,0.6014955461323706,0.4319186349058841,0.5341117361895896,0.5491751968699241,0.573706196106297,0.8265407233462178,0.32505880561572853,0.0,0.5093176452522674,0.40129500753706226,0.0,0.5442897617070318,0.57326386626386,0.5719573833777111,-0.12731731841894822,0.5670017650905056,0.5431790040572424,0.5440236824759992,0.4414337046784361,0.4734745612957328,0.38207601469808483,0.38183711007905563,0.5535450407390466,0.0,0.537364426781959,0.5747938196854419,0.5528544908058309,0.5161964185708263,0.5203465866596502,0.33147016904190785,0.4772586440528946,0.564703709517436,0.52911405665445,0.3418119313192833,0.5323606882388705,0.4042456847573939,0.6654808495911002,0.520146298700451
0.5310822153844589,0.47494929474359415,0.410124716257153,0.5773302412938697,-0.15027225538301547,0.3473400586981212,0.11958599788655594,0.0,0.37507052448740086,0.49425147161608524,0.29178097757924537,0.5455951185337036,0.24637216416236832,0.4208513713800478,0.40024498982404755,0.617609743932155,0.431941215539769,0.4796684223179542,0.4316476469509426,0.3873611108157141,0.2966607485834724,0.2942945960251536,0.35824361369511004,0.3933519146845528,0.45010003452482594,0.4448849621746764,0.3219718251782344,0.26308210744153915,0.389191834066399,0.3733803989268335,0.3041480619106861,0.39154266501192303,0.5029646436809239,0.2739676441615959,0.12759005055060524,0.24291565785152605,0.5226435017768709,0.5687229625726485,0.32206323144519333,0.45114037319558103,0.21589361117030725,0.5652102557130745,0.14242952186349717,0.4687877577865467,0.0,0.7008047839338087,0.32168795295970765,0.43556500304892404,0.0,0.4379766277630327,0.2748195431299015,0.34648633808787344,0.13460121044496198,0.2725832765938795,0.7902181655687457,0.15871870105020808,0.8690425878925065,0.26464683636321573,0.1307454548822356,0.12013155113759971,0.3618953693776577,0.0,0.7008584857422792,0.3860347094075327,0.6258040527752817,0.5741334596507832,0.5328367050280682,0.3367241713715883,0.0,0.5397987293524803,0.3646747954071303,0.3340226077491351,0.28671909842139465,0.2930762640161169,0.2970467786507308,0.17927014037569153
0.38535838678602885,0.31280313706927554,0.5985147006086993,0.46041516677774913,0.17232727276084375,0.2492798897015611,0.2816062782457044,0.37507052448740086,0.0,0.29058184000721005,0.20039938279586728,0.5402938318871573,0.3476582542232075,0.17314793131594364,0.6645197652090082,0.4754373816728982,0.49500444612631145,0.5895817663258537,0.3548624847494427,0.42109340423244845,0.3656631420177301,0.6104494028073786,0.5189793599328183,0.4684478614422355,0.41589638512640115,0.548286874412083,0.20061165095957875,0.39029211914453377,0.21198789614221797,0.5280439202131851,0.5482823162628959,0.5748394762039007,0.4480000737624992,0.47650283179766545,0.3756590474262918,0.3380331357735218,0.5206525927919637,0.6005420332427478,0.3715168738798187,0.5557917826955541,0.4658468910179379,0.35353565449752733,0.4696801436187854,0.4705432587037598,0.3218926970410969,0.0,0.46314428355109755,0.5421371927355464,0.4781999246572556,0.12471609216923604,0.4641059532693057,0.5957584451009473,0.45618842926397574,0.47309171446903764,0.28138054061431245,0.4041183403970116,0.442250359318927,0.49930769368089856,0.26202031156820016,0.3756669806290022,0.6183830242167874,0.0,0.0,0.44568487448674093,0.5788764135504255,0.6451317620900706,0.5263143426902861,0.5285308511124776,0.3346770884453504,0.5410043860094913,0.23760856177329137,0.5465503721562184,0.49045568028908065,0.5455594610793224,0.4939959702641777,0.607460610639162
0.3777573926653255,0.3080653533371572,0.44646161328896367,0.36705709178880586,0.8326113862295039,0.4640756836347124,0.9594910807803944,0.49425147161608524,0.29058184000721005,0.0,0.36151913675466624,0.5240960644341419,0.886964985992277,0.8407386630086258,0.5012412678370401,0.6831851326946667,0.7757571693153602,0.6371367034515807,0.4936001481226172,0.4147385749249429,0.4676579952222162,0.39375052121523,0.5032135962416406,0.4839359947651898,0.6755187890722492,0.5915310034146475,0.5038640666230427,1.0476864498236533,0.36014818548609856,0.32434598256118174,0.7554885407127154,0.5569420994637481,0.5889591360052291,0.9750135312848476,0.7597242691219783,0.7221044859326591,0.9759188483900688,0.469967901926036,0.33315810717309047,0.4477918703266528,0.7077367552475895,0.34694755364597357,0.3137858305854994,0.33302544811874224,0.3584179097655459,0.5033792307455693,0.5097564078815051,0.23069691800016012,0.4725440778082109,0.3822429955591282,0.43494402591241343,0.7423629475809528,0.5594956144656773,0.2800608984383997,0.5854437600402269,0.44896910494666764,0.5728612710963439,0.7989169930957674,0.0,0.8573005445635079,0.5569105865909758,0.5671690293270942,0.41332245635207177,0.4619265598185207,0.47838373732263656,0.5273811457684887,0.3657038470822179,0.5932519088467516,0.3719519456282888,0.4567582814547634,0.4118129405772488,0.5566991840177349,0.6525931562311585,0.4611368943142533,0.0,0.7179218172366431
0.3951438851731969,0.295484280532809,0.4485652323532102,0.48173140955030613,-0.043457555886911525,0.10810017221374385,0.0012575460275129902,0.29178097757924537,0.20039938279586728,0.36151913675466624,0.0,0.572229192014716,-0.01094912080060051,0.3066808682523303,0.0,0.4829576297463155,0.5283845403586581,0.560231533477008,0.4946311175749817,0.5084836294153448,0.5785105705007204,0.38151571017922137,0.2983954769919107,0.49494619801140727,0.6241640383934282,0.6409854401917852,0.25051570057778116,0.10738447667458828,0.38938683545370933,0.4789797539780333,0.2720333588831949,-0.029236634635772252,0.41419728139108813,0.17815223156354643,0.23405922753733777,0.23273255269338056,0.6146447029908513,0.5666492242573524,-0.019566975803575914,0.3787165371808897,0.4968271083654555,0.5136628098531385,0.2398262080159917,0.5640766544738423,0.23537834844690875,0.0,0.0,0.5583745026022696,0.4675410186160254,0.2623858930159628,0.16611420208244887,0.3128583637794098,0.18286469953652681,0.40124056679006076,0.5776506393604038,0.2950740761622016,0.4479600601498739,0.5324975324658489,0.07770803307392538,0.0,0.0,0.0,0.0,0.39498146810650103,0.4127052419751286,0.0,0.7368780535288917,0.34299391470194207,0.0,0.0,1.0004209559251782,0.6267797004228126,0.47033050456325365,0.37306250752271997,0.0,0.5470327834156409
0.2636968043340459,0.4756245055807849,0.5744100261551933,0.40438198127528024,0.567966855061466,0.5456579202519289,0.871647403249304,0.5455951185337036,0.5402938318871573,0.5240960644341419,0.572229192014716,0.0,0.8245520230273132,0.5953127487049875,0.3297230194245008,0.5491613441131266,0.747950106430683,0.8007331670846269,0.540104764860132,0.46814315462258127,0.10071792985930811,0.3335181599400187,0.3269542316313195,0.43946999006988485,0.6512116563145545,0.6203654993195491,0.5366491074710248,0.9182467450247218,0.5839828494854161,0.2892408189681055,0.7119950050459116,0.5255524837553773,0.7387617111455103,0.5501905740972948,0.7480263153138553,0.5207433689122039,0.6282912121696846,0.39257572137763086,0.36902204182690646,0.5655052131855397,0.7441704056501285,0.2850814295480012,0.36368587974329286,0.3784720591262576,0.37287131158962233,0.38983060790858104,0.5420724947571973,0.26644552199534793,0.2013612643459352,0.24029633187907726,0.3332767479470754,0.485596971637695,0.23376846362586956,0.39495978498855355,0.6437985717101329,0.26637486586981785,0.5465739266962508,0.48586821364312915,0.651903578845185,0.6051843434224276,0.5369469740216997,0.5775446722586933,0.602287761182735,0.3466344584059309,0.6925526296545207,0.7218846649364339,0.3902605249539324,0.49525751732007145,0.42919417507004076,0.5543322849560286,0.4406573625085818,0.3495419073929845,0.859158209286651,0.5406533489005042,0.0,0.8064542797704102
0.4426270267103925,0.43745377067037416,0.43352756988941404,0.281770068925714,0.21176841588152714,0.4154240545766795,0.2496835890285204,0.24637216416236832,0.3476582542232075,0.886964985992277,-0.01094912080060051,0.8245520230273132,0.0,0.22276967958215138,0.41387933266495086,0.45673152996404004,0.7274788396099755,0.47189144413274825,0.2147745246427099,0.5131145707419459,0.41890310543680104,0.4790885614523084,0.34303469361387384,0.5636405919403116,0.5939528563102057,0.5823141216081318,0.32133856245185266,0.26703970739445526,0.48203006836121304,0.35497813066397743,0.3551858594406959,0.3945764416651449,0.6807226443951984,0.43990993202323686,0.435820382197728,0.3858707766796284,0.42804746478957273,0.6814946883152146,0.5015303885307515,0.6190651060071384,0.3650508646279842,0.5052396059853824,0.33573423622971516,0.44946923679988204,0.6474568127624899,0.6015902980668967,0.565558276793231,0.4964700757301721,0.0,0.6497218249658243,0.3195003042929689,0.5281968040006113,0.19834524474831372,0.5939359281042511,0.48677577614560713,0.4962631271188569,0.4614846643774252,0.5520464414671189,0.45761646583543203,0.4474861512075647,0.5555331511687682,0.38186059018343305,0.5019925642929999,0.5843647690206852,0.42407233092347585,0.5579831312827255,0.4856282908087164,0.3853456196733953,0.46912343836010617,0.44522332767945744,0.4667541560469582,0.4589632480201493,0.2697329451978549,0.32634397810816357,0.5146331294741952,0.4787008639993881
0.35538121388599647,0.6128213822993966,0.2657459405033897,0.5637705152175609,0.2566295062793165,0.15362205102342835,0.17353535863191893,0.4208513713800478,0.17314793131594364,0.8407386630086258,0.3066808682523303,0.5953127487049875,0.22276967958215138,0.0,0.5087265228950694,0.6591095925092016,0.44811202428419383,0.4694491774685382,0.3333272640453387,0.37456878049076925,0.5274309226930859,0.26828150274425977,0.13382313741553595,0.5911280463692608,0.5276392074042283,0.5108374214097147,0.16474744107851047,0.43606136996977996,0.3310183804304176,0.8662077140810829,0.6269969901585537,0.13391019440229093,0.2148456055305054,0.5668508684572031,0.4144805920428911,0.21180641642180598,0.4416164058914197,0.48521739350891924,0.720986354555551,0.0,0.6707146233235974,0.7769896317393422,0.17442627625725787,0.472301165030068,0.0,0.0,0.0,0.21229577372458297,0.0,0.5982244447891462,0.4702136913647219,0.5099918329567326,0.05678416758806004,0.24378188217773297,0.0,0.07575291947373314,0.3526807770885979,0.7469878805308163,0.4566452005005244,0.0,0.0,0.0,0.0,0.5036043913216794,0.0,0.0,0.0,0.2249840471924688,0.0,0.0,0.0,0.19499513262812218,0.7867805727217885,0.0,0.0,0.0
0.517812687574623,0.6615835908708778,0.3558272541692288,0.14190790764541128,0.4796094816038319,0.5553255647769118,0.4862413343414774,0.40024498982404755,0.6645197652090082,0.5012412678370401,0.0,0.3297230194245008,0.41387933266495086,0.5087265228950694,0.0,0.5883621117052311,0.42370740262944206,0.5060800307089972,0.0,0.3010471412323089,0.5705779110931304,0.5578630358496514,0.57143641730359,0.2506608587708866,0.6326772911144123,0.4155698243556576,0.32366202320631293,0.23205972074463513,0.3623571472275044,0.34319719514689656,0.516386923777881,0.29805575327390177,0.4499092731132404,0.3789308731004516,0.36281807427401547,0.4710958245132113,0.28121842514096895,0.3429656524083661,0.3921044832180399,0.5322877105274549,0.43657570916888755,0.4008885965912167,0.4627563596449615,0.5785144643809224,0.0,0.6622838548686841,0.6008570164711483,0.401406755031546,0.0,0.0,0.22691342507353043,0.6292319105004667,0.49662511774716117,0.5057235151501118,0.0,0.0,0.6657150706650112,0.5579642743261669,0.46647880457742225,0.7399109456421565,0.481162195185305,0.6271135010493405,0.666990877080418,0.0,0.8123910631709841,0.6235317843825458,0.8367086547274682,0.6501139490210516,0.4367880328081684,0.5428150346360399,0.6032019602196648,0.5542157856430739,0.4642125106472782,0.42571442653019315,0.5450218201308282,0.3681909689784183
0.6756595395335477,0.6760971105442228,0.3527707656315118,0.054436831799404936,0.5172240381156379,0.47566138951807896,0.3856061374716866,0.617609743932155,0.4754373816728982,0.6831851326946667,0.4829576297463155,0.5491613441131266,0.45673152996404004,0.6591095925092016,0.5883621117052311,0.0,0.6385207492499203,0.869311260773125,0.511300971575701,0.4460201150006657,0.6601791253756332,0.5065950295041658,0.5848254610465029,0.7073179840129472,0.5516564648559493,0.6083888591580853,0.4996536372390039,0.4602399454791906,0.6019518929108568,0.38520233952532673,0.7414131564021063,0.4207149991843545,0.49865313735432215,0.485836927876761,0.5071995574261847,0.6636507738102527,0.46681548884904545,0.5608604288776821,0.4015326135204895,0.47355608848861125,0.31763492666335164,0.3565606009651518,0.46695896925247465,0.0,0.0,0.5410120957828822,0.34192168773413667,0.0,0.0,0.0,0.5276563810850449,0.5587014454229957,0.8779272577710369,0.0,0.6632404220182385,0.0,0.5820428706732412,0.5784347297227252,0.0,0.6112571086320195,0.4392435904539569,0.615174633107918,0.6541228182489531,0.0,0.5227075551706294,0.5992194709541707,0.4142902198845114,0.5711265235768483,0.37290258726708225,0.6351783917521008,0.5032815472999945,0.5389494302780259,0.5003408644924707,0.5733720510190069,0.0,0.3207929266451184
0.3660717937706569,0.5334796283115772,0.7048789222861904,0.5696690698052416,0.5185928115685055,0.5984020692337606,0.7422570318185087,0.431941215539769,0.49500444612631145,0.7757571693153602,0.5283845403586581,0.747950106430683,0.7274788396099755,0.44811202428419383,0.42370740262944206,0.6385207492499203,0.0,0.803678662873119,0.7228075938719876,0.3707450728234934,0.5615137820206325,0.5000702289407404,0.45859809010210856,0.6013595039829378,0.2519490591302107,0.6583763817631416,0.6532318591585842,0.9234191283594702,0.3270872752006956,0.502704625156083,0.7308700051614544,0.5129924748408499,0.6571651907356835,0.6756127545716653,0.6226340080740875,0.5806170061469483,0.242373557912659,0.642592070397078,0.520883245969455,0.3730415499304493,0.7832017747080293,0.5706544108692952,0.0,0.0,0.4803871568181467,0.5991141091312683,0.629675158158464,0.0,0.0,0.0,0.0,0.0,0.0,0.0,0.5894670393811186,0.0,0.49242333915171543,0.3208117055187988,0.0,0.7091525833708886,0.504826891945579,0.5326596088914342,0.1993544304533764,0.0,0.0,0.0,0.5772880682471268,0.0,0.5210309329205879,0.5159300965253245,0.4455836964709941,0.0,0.3073806048469451,0.47514156125128715,0.0,0.6489340610575913
0.5781904587331157,0.6545454673335522,0.5614711983660912,0.46227324080017285,0.4022802091712627,0.42654300312508997,0.44398029551217655,0.4796684223179542,0.5895817663258537,0.6371367034515807,0.560231533477008,0.8007331670846269,0.47189144413274825,0.4694491774685382,0.5060800307089972,0.869311260773125,0.803678662873119,0.0,0.5342978223628452,0.49213615536464306,0.6026861616650898,0.5884265751455149,0.5299644203449746,0.5236392762285436,0.4782707871081055,0.5018115816348268,0.5850859723402411,0.4420306021619046,0.440171093320045,0.3780757786729016,0.5229090580816993,0.41307012679862093,0.6028674118947307,0.6156542649697665,0.597589980215804,0.6510239822928781,0.2778947092969788,0.5982945465596613,0.5507964792872194,0.6267015937902802,0.5925090577826038,0.5162354036834021,0.0,0.0,0.49817570041166004,0.5429198166686853,0.3582900519682237,0.0,0.0,0.0,0.5767437677126825,0.5651487133709159,0.9143325166673705,0.0,0.8622240687835467,0.0,0.7449472623169999,0.5591830319150557,0.0,0.5713041327216786,0.42384964493331445,0.7941830893809456,0.6066082399765288,0.0,0.44623073095655197,0.5369863271616717,0.3846977356719835,0.723114649460479,0.5718282403507449,0.5917940434649571,0.5714613066090282,0.46476505728939654,0.63403854473234,0.5388218381961906,0.0,0.786752780274421
0.0,0.5429547371425356,0.5635140791280434,0.5059267864413853,0.13803959637629595,0.6646369956016113,0.10722364798036788,0.4316476469509426,0.3548624847494427,0.4936001481226172,0.4946311175749817,0.540104764860132,0.2147745246427099,0.3333272640453387,0.0,0.511300971575701,0.7228075938719876,0.5342978223628452,0.0,0.47873706224025936,0.4311505864066209,0.6258982614688435,0.44748468296024646,0.46448631167011045,0.5602018629712119,0.5688116658868061,0.1932261356513139,0.30271762822518866,0.5944207608432994,0.4317375675502739,0.5008666244293999,0.4645802781894793,0.46375277872333304,0.35960706933553144,0.4029889804808247,0.7297517744712578,0.4491315374174114,0.4239972473615222,0.43410732540870933,0.38205072404662627,0.3526085911259603,0.3108712383658701,0.513704033498432,0.3545787945802451,0.4200577589680624,0.0,0.0,0.721495691610851,0.0,0.39548490470424846,0.46271553723823083,0.30529396557781574,0.388731710115259,0.367508292309063,0.9790031132691297,0.612146394469526,0.522480014334745,0.4410589142429044,0.3326742996855818,0.0,0.0,0.0,0.0,0.5908073322877501,0.4745243518124892,0.0,0.42974996922040454,0.4776556102820678,0.0,0.0,0.0,0.3462329517123892,0.5630182439044336,0.48901661846452893,0.49324123178994905,0.5094026916022454
0.8950919963333237,0.7926762893002322,0.3555692816540309,0.5690290563078966,0.37260565121742656,0.44969934636807274,0.46248876659885363,0.3873611108157141,0.42109340423244845,0.4147385749249429,0.5084836294153448,0.46814315462258127,0.5131145707419459,0.37456878049076925,0.3010471412323089,0.4460201150006657,0.3707450728234934,0.49213615536464306,0.47873706224025936,0.0,0.5779419114129271,0.26113866048200374,-0.0007089630760410415,0.4828596560588383,0.5287081991577338,0.33193418046585577,0.4366432999021528,0.29704957746599464,0.6470568635360412,0.5689003373673701,0.5241072603722474,0.24600067313253043,0.3478403491822433,0.4029836455111366,0.4385338135979433,0.7493363232299897,0.4629790701409574,0.7079373888779059,0.3124131936000706,0.4264062783418232,0.3714495689415536,0.2776455501691856,0.4818327835525006,0.23759162550301605,0.23791689568801822,0.49353421170683265,0.505932839883765,0.4617786379407738,0.0,0.0,0.13747576952462404,0.4764119022763374,0.3107812095628643,0.4200474569956499,0.8921790303152896,0.0,0.5524266589562642,0.49440085622476315,0.0,0.5448661958127818,0.4666802801609866,0.46314397435173094,0.5100213629613131,0.0,0.5021645989735883,0.4577631341669296,0.6201013440380083,0.38745854770824406,0.0,0.4770280102295976,0.4724946261742864,0.3485648854094364,0.26323981855079714,0.35413636352101907,0.41942569707757515,0.2575106175108618
0.3643130500954105,0.5232638172339217,0.39022527933778756,0.31554961276930316,0.5133018308969385,0.34670934375938844,0.3574120476819416,0.2966607485834724,0.3656631420177301,0.4676579952222162,0.5785105705007204,0.10071792985930811,0.41890310543680104,0.5274309226930859,0.5705779110931304,0.6601791253756332,0.5615137820206325,0.6026861616650898,0.4311505864066209,0.5779419114129271,0.0,0.5822722147380577,0.4912870368328487,0.5155388702435305,0.47412221782249575,0.4543098466728943,0.4848985228490559,0.29107933616511233,0.4151371614590821,0.4368398860172549,0.550193449421299,0.2997004732491692,0.2996030898285326,0.33355330777552056,0.3868052922109534,0.5418882411212773,0.3175277817594404,0.5442429851555786,0.33521292385777146,0.3572302105210826,0.18719338645067507,0.2905288310491251,0.5608534456387667,0.0,0.0,0.6389802140291061,0.2692528173111667,0.602214560535964,0.0,0.0,0.15576020202708687,0.41444067270509,0.31402245701772813,0.5365027584104184,0.5565122807860716,0.0,0.7064568036864629,0.3149446711294867,0.0,0.6416684314119958,0.30213102552858734,0.0,1.0800174725468428,0.0,0.6458845762661689,0.6597552493684402,0.6132920088342677,0.31375602120772783,0.7776375078707216,0.4375601671067641,0.5040415998181276,0.3901930052431791,0.5096454188838093,0.4565947241100914,0.3958938321730569,0.18693383736688746
0.42978304079790436,0.42689036173566214,0.5761162122391948,0.26778985240606096,0.30146277464040805,0.4748048367579082,0.45785047582744304,0.2942945960251536,0.6104494028073786,0.39375052121523,0.38151571017922137,0.3335181599400187,0.4790885614523084,0.26828150274425977,0.5578630358496514,0.5065950295041658,0.5000702289407404,0.5884265751455149,0.6258982614688435,0.26113866048200374,0.5822722147380577,0.0,0.641219244971306,-0.09221768836638611,0.6572109603194675,0.4305045358760574,0.40832496849772826,0.5755785778476881,0.6889775370336426,0.5081866662720727,0.6896089076266785,0.2984161992848321,0.3616740707576949,0.4345345406481347,0.3486465213367426,0.3678803182923158,0.569868289285934,0.4818166081884896,0.4051968121599305,0.3523983176728689,0.4335491250954979,0.4182047180506593,0.4603385890723875,0.3326556651436601,0.25776373730045843,0.41901645635637275,0.4079483969890379,0.4847015924203473,0.4726014693950978,0.262293410627934,0.7041843050714796,0.6720728781466813,0.6047719650044867,0.5497383134612848,0.4764153769083499,0.0,0.4696285542714361,0.5299659410298185,0.0,0.6456773081666858,0.28062506047525904,0.4234666226701628,0.574951848222077,0.0,0.6141934792370549,0.5598599951916694,0.6945114869014608,0.48348253751120474,0.6777115579641296,0.2889818432312802,0.4999510475213146,0.5685819621828216,0.4545531539955634,0.39674586021712377,0.5610064578503696,0.464721815670396
0.5314766027610864,0.5555685592877316,0.33019301950409097,0.41011544520870213,0.018324526820056863,0.5134705892968621,0.2618746625662174,0.35824361369511004,0.5189793599328183,0.5032135962416406,0.2983954769919107,0.3269542316313195,0.34303469361387384,0.13382313741553595,0.57143641730359,0.5848254610465029,0.45859809010210856,0.5299644203449746,0.44748468296024646,-0.0007089630760410415,0.4912870368328487,0.641219244971306,0.0,0.46335239515970883,0.5018343291283383,0.47858379093009035,0.41432013757458785,0.29852426926027054,0.4423637143449408,0.4326240569666965,0.4086345156359561,0.40110705779544936,0.5259601551556765,0.3585927889389336,0.3209114069354202,0.4384546155262753,0.33667554085911716,0.33096005114536964,0.4593681360267471,0.40762393679934816,0.4383600670122296,0.40927363263068983,0.5573872675776459,0.41467665947455123,0.5932872063678865,0.46405856867058204,0.14739905559899075,0.6731225021494058,0.40925727732532674,0.4153963814147028,0.39038170432244135,0.43289284465149697,0.43228839932173374,0.381598088544434,0.5268976034204655,0.549494848874995,0.4946034256615001,0.3828991638086586,0.37492941208105335,0.47594983312400935,0.5163980196201562,0.47838373732263606,0.564858946910411,0.5917083945443227,0.5050874906723746,0.5201098194782061,0.625357644990552,0.5844859610964213,0.2219328324099361,0.4118959930897172,0.6184506154583561,0.41897123426860416,0.419917354515126,0.4929348085036053,0.5055000729684569,0.4609764321789681
0.7639785415280587,0.4522366653154977,0.4235305390636663,0.22453032850123741,0.5035966085783735,0.2958537215564571,1.0444450383007098,0.3933519146845528,0.4684478614422355,0.4839359947651898,0.49494619801140727,0.43946999006988485,0.5636405919403116,0.5911280463692608,0.2506608587708866,0.7073179840129472,0.6013595039829378,0.5236392762285436,0.46448631167011045,0.4828596560588383,0.5155388702435305,-0.09221768836638611,0.46335239515970883,0.0,0.47372391653449114,0.4789185158697403,0.28381322578351065,0.8069314959639857,0.5106699331258716,0.7889949953239735,0.7922265210695721,0.4717909341203027,0.5997604014507647,0.4542320126620455,0.6179754331771188,0.47073328880879095,0.2935305520366597,0.5196080012889597,0.7896888114279705,0.7893683935936411,0.8181917992599419,0.7494211573751401,0.5088581399490026,0.41370349715239907,0.35889132292984094,0.4689363293836091,0.1264361687448477,0.0,0.0,0.4487040307727721,0.5554823568224145,0.27945418900889496,0.0,0.08719308240049782,0.5413634154431279,0.5600669215566003,0.34674558250508913,0.40169274448685943,0.0,0.18725558731971353,0.250224465098168,0.48907890013739347,0.5608633935352804,0.49738065614666555,0.27768354133321593,0.3742270015440007,0.15581082567560828,0.8343252189295021,0.4141937146904887,0.5174546799758658,0.4690171151492515,0.4958822313871183,0.8057320457864829,0.6590939633391639,0.0,0.64768845787135
0.4713436403984712,0.49415993734152375,0.41837105540974734,0.8376492288049244,0.3858383408874666,0.4162913744115839,0.5493140029337615,0.45010003452482594,0.41589638512640115,0.6755187890722492,0.6241640383934282,0.6512116563145545,0.5939528563102057,0.5276392074042283,0.6326772911144123,0.5516564648559493,0.2519490591302107,0.4782707871081055,0.5602018629712119,0.5287081991577338,0.47412221782249575,0.6572109603194675,0.5018343291283383,0.47372391653449114,0.0,0.345993682521927,0.5154037178740765,0.5386848515969421,0.49127733341654967,0.36550014609448644,0.5388401186493451,0.15336613332267668,0.4356268322622284,0.4188315853850002,0.4539119237667775,0.4393164228698075,0.5425042349686875,0.37804547304674235,0.5051475797650402,0.6308694537822788,0.5372598036680419,0.45240923034200853,0.1105313287187378,0.0,0.3554890566472782,0.5227813227009037,0.41012580412844635,0.0,0.0,0.0,0.5204556565167286,0.5380896884023185,0.6559954060819037,0.3549735557243314,0.6709926395947108,0.4925831446380853,0.6529390858255094,0.3857650764900913,0.0,0.698501159949239,0.45950689147292334,0.6637190679572498,0.5997307542421703,0.0,0.6247876799475387,0.5428754445893045,0.5399470842872804,0.43620380680152665,0.5392906324433031,0.5458310648030267,0.4786384020426476,0.43284602841604963,1.1644339337347078,0.4601110527672003,0.0,0.6544741272975828
0.5442684710171948,0.5008685303356086,0.40302299144782294,0.5240450468339557,0.389913906193225,0.4771113030643422,0.38707464972566535,0.4448849621746764,0.548286874412083,0.5915310034146475,0.6409854401917852,0.6203654993195491,0.5823141216081318,0.5108374214097147,0.4155698243556576,0.6083888591580853,0.6583763817631416,0.5018115816348268,0.5688116658868061,0.33193418046585577,0.4543098466728943,0.4305045358760574,0.47858379093009035,0.4789185158697403,0.345993682521927,0.0,0.6865673860220394,0.7045625224131621,0.6994212084057938,0.3167184750861059,0.5070524379997473,0.3209407291024893,0.49139194419422383,0.4142293261490977,0.4423316120067098,0.5297114415185864,0.6952478562305671,0.5486929179935961,0.4211501237814716,0.5623196277843632,0.5059941926859527,0.2879323171174403,0.2520687117012784,0.5161774980190635,0.5020477518393839,0.5372740195129467,0.4254502081723962,0.5518407278715598,0.0,0.02435502362722554,0.544298298200391,0.6194305725247121,0.5534795719311196,0.390558432093039,0.6184297897335189,0.0,0.6392320108651033,0.5935741542589434,0.0,0.6611655212006977,0.4985481155900596,0.6102194301581363,0.5622440632804704,0.0,0.611924025229664,0.5575032473384985,0.5375881028674399,0.4366223527085515,0.4971529574444754,0.5367093249860538,0.3930423465648147,0.3903194676487324,0.8004973862106788,0.5629427999307388,0.4654244449645303,0.5367876078470778
0.6792036853571133,0.5063187712642659,0.41896090614765846,0.32613668218753766,0.2724340284181806,0.5313549317554136,0.24687671513430076,0.3219718251782344,0.20061165095957875,0.5038640666230427,0.25051570057778116,0.5366491074710248,0.32133856245185266,0.16474744107851047,0.32366202320631293,0.4996536372390039,0.6532318591585842,0.5850859723402411,0.1932261356513139,0.4366432999021528,0.4848985228490559,0.40832496849772826,0.41432013757458785,0.28381322578351065,0.5154037178740765,0.6865673860220394,0.0,0.27758475592235077,0.5115609570280959,0.3829710236068709,0.2847781620254021,0.24171606493140183,0.3715995293696131,0.2710386553343751,0.21587056661889045,0.3127927780390928,0.31307057086757756,0.4809247071577087,0.404185124548746,0.18918303534689399,0.3472397983723943,0.3254533978268531,0.48254624476195657,0.5836864307059446,0.38504977894695636,0.4075580574515484,0.4042143199996616,0.5297039106754302,0.5188676859264474,0.43048770876099407,0.386956731483479,0.4977435642248579,0.41551235906221995,0.4581361952075794,0.6078594503239868,0.4640409503207049,0.3299593358627221,0.37463574833689106,0.3838884645836478,0.3186906817631826,0.4692245511190225,0.0,0.5815856721729399,0.43920268924373507,0.3936555255973996,0.37736122880414646,0.4224459515749257,0.4601063976249579,0.0,0.36695850474029174,0.35470562198744165,0.4361530614491843,0.3602735124357524,0.4298398679436671,0.38109542028507376,0.3704415291470323
0.38083332302116657,0.25535624759960673,0.40614592306615516,0.3085924848453473,0.25567021831005715,0.40110469358045725,0.27294104045925655,0.26308210744153915,0.39029211914453377,1.0476864498236533,0.10738447667458828,0.9182467450247218,0.26703970739445526,0.43606136996977996,0.23205972074463513,0.4602399454791906,0.9234191283594702,0.4420306021619046,0.30271762822518866,0.29704957746599464,0.29107933616511233,0.5755785778476881,0.29852426926027054,0.8069314959639857,0.5386848515969421,0.7045625224131621,0.27758475592235077,0.0,0.2315493885315541,0.5359989689297863,0.5387102579350772,0.5621946409934047,0.4970704177588337,0.6406445844263856,0.9591182352679386,0.4572765657706498,0.5073212741858358,0.8180141683712844,0.5602903631620728,0.3880743526174504,0.4038730832717754,0.5723420021097531,0.5522095414852273,0.41525841235856364,1.3899993808022835,0.6286828783919506,0.5047469228537862,0.5157650663844147,0.0,0.6590847641225236,0.3197276892358791,0.5416415216636452,0.279216030007675,0.5252351663110882,0.5614120542180882,0.5267044649613442,0.4030951495136286,0.5087911011287323,0.35708676998085903,0.2233743836032685,0.3910436332909564,0.1754640603053067,0.46780575515733813,0.6232903091612977,0.3283172921559211,0.34730552026444883,0.4470837159705968,0.3898701109132163,0.4547185089764623,0.4906916255914932,0.37744796921099677,0.40537044024795804,0.3714929239976754,0.30914448440960773,0.553083084993752,0.33663558664244625
0.4536369144998731,0.5989858216623394,0.43892415180937944,0.9300450432535983,0.1691611947705852,0.2964609634752,0.37689259441426126,0.389191834066399,0.21198789614221797,0.36014818548609856,0.38938683545370933,0.5839828494854161,0.48203006836121304,0.3310183804304176,0.3623571472275044,0.6019518929108568,0.3270872752006956,0.440171093320045,0.5944207608432994,0.6470568635360412,0.4151371614590821,0.6889775370336426,0.4423637143449408,0.5106699331258716,0.49127733341654967,0.6994212084057938,0.5115609570280959,0.2315493885315541,0.0,0.5316365856144789,0.5218634085172619,0.2183113764980137,0.33666859887342515,0.43295441983851174,0.2791874368757057,0.2241055978833768,0.4372218802909905,0.5883087947513161,0.3633802375780323,0.505740567698483,0.36885646652083015,0.4250872383102541,0.3897316934969045,0.4867670311935346,0.560683391990405,0.43513681002295024,0.4793614162655672,0.4743677218715827,0.3891711983708351,0.3887777618786814,0.3249158753430431,0.4923961310759748,0.3655564058296512,0.4053982720479358,0.6723440879735318,0.4193629278103509,0.5142345131875599,0.5108509300641904,0.7516414709343104,0.41024941648726443,0.5376885205900607,0.4687417637088754,0.47941734475245357,0.5053245410873646,0.4008010459233347,0.4231999281991715,0.5627915381418078,0.4603296577183186,0.49271795580651434,0.5118002931744413,0.4842833771743262,0.4432989502716608,0.38534039053746405,0.3694261893516815,0.48396051261135986,0.37782185282487185
