0.0,0.0025281624863067176,-0.018657639697271855,0.0,-0.0027036649070484864,0.025777907967762137,-0.0023236261270804803,0.005265617998488958,0.026554101716015466,0.03071920609456985,-0.0010420695606666586,0.013950671865439468,0.02279377527169618,-0.009839406295513775,0.03312744167690135,0.018367451346080865,0.013610936756897618,0.017181541928108446,0.0,-0.009489685071512044,0.017089867860887342,0.008917317697280214,0.012497843249919594,0.006098235288276632,-0.00011778008128965345,0.013478727990684558,0.025078048247565876,0.07778276703177867,0.023758615405239658,0.0013948835987038777,0.0040889475787058704,0.014428270911650165,0.012965590728158227,0.007354835581190655,0.01714962896801714,0.0011061283272761901,-0.001132524341404928,0.035977149493303995,-0.0005536673623637856,-0.03652809773110499,-0.02094677372504744,0.026064946248174625,-3.3877660794989772e-06,0.0,7.65474568134028e-05,-0.03891534540680347,-0.017382168978074652,0.0,0.0,0.0,-0.036574592029975705,1.1102230246251565e-16,0.05323477016395162,0.0,0.038697434702120725,0.0,0.040645239107980236,-0.02761139211785818,0.0,0.002288633284658781,-0.007517169225193576,-0.001272041771198995,-0.018236965419472895,0.0,0.00047015983043485754,0.026438849414437082,-0.01279009393008329,0.004102720706268048,-0.011534059821425191,-0.015023373725299938,-0.022898374716885717,0.02391332487344522,-0.021404756788419632,0.0016948538758321807,0.0,-0.017117585116836198
0.0025281624863067176,0.0,-0.0021265454219602797,4.869714900768152e-06,0.009563327045281345,0.015569973979958796,0.022038978997182657,0.007980602815942928,0.022827765605714923,-0.007082791743497352,-0.0006758300986340338,0.000908130291943976,0.03771280872506999,0.000994860206666337,-0.0033281993301014223,0.02073431914118179,0.0038236927601249526,0.04529052641963355,-0.0020003469900991,0.025085829442780094,-0.007869260737605743,-0.010041664987031684,0.01500380070023688,-0.002603418614083697,0.00255355642560684,-0.025838713446265094,0.017106466956154365,0.032487475362907026,0.023781515415812637,0.0002888592251398814,0.0015468722835987325,0.0066879770423001195,0.009220222898013775,-0.004939652070435729,0.012077843782189013,0.00403727782475477,-0.0009543789483663079,0.0,0.01001347124696178,0.01747866530766512,0.0030728965340541814,0.007749332684023613,7.009112036043819e-05,0.0,2.220446049250313e-16,-0.012920002002375364,0.006077327596330284,-0.0006217892296980221,0.0,0.0,0.006027597578756982,0.0009738069062787402,0.0015172551323341943,0.00010124193640936863,0.0003133446761577341,0.0,-0.00010003474657904743,0.00232695862247434,0.0,-0.006082151653525603,0.01632961883643619,0.001953286966575374,0.007459840004757801,0.0,0.007317669353298695,-0.01019221648111407,0.014305931816543382,5.036210227865601e-05,-0.018254300841739735,0.002954431924161005,0.004608726356391701,0.0046522189680858195,-0.0021379116888666783,0.007193787727477863,-1.1102230246251565e-16,-0.0025761118787298587
-0.018657639697271855,-0.0021265454219602797,0.0,0.010849948847396429,0.023434947933535455,0.04103090715986951,0.05913286338654461,0.023724613209064216,0.011133564281475328,0.0037773536949954334,0.03428881288308849,0.006144286099228957,0.05427996182683403,0.05822464786533266,0.0014408793423573152,-0.003444180942957953,0.001975051644014625,0.0015405949640993066,0.031126694187228354,-0.0012948879458992146,0.0031573467413242295,-0.000811554181739893,0.024877116323150317,9.382375718786085e-05,-0.004491798641577005,-0.0008715282784592104,-0.003362085636032852,0.064776190080017,0.006791527025927224,0.006324033009344587,0.0599332225416781,0.03487749747059404,0.0010520435742997214,0.038393275792277026,0.041860769953171506,0.05555677713714641,0.03794556635221408,0.006230389915416745,0.011519555539738657,6.938292651526012e-08,0.009376510676600724,-0.0001925993444735763,0.055730744702536195,0.003258019844508464,0.0,0.0,-0.001010045940547044,0.04359335339227027,-7.609013169540546e-07,0.015738251644822676,0.015565972518117088,0.05399334373270859,0.041822354068262624,0.04364253195724588,-0.0017451702017034498,-0.018903528864727015,2.5459027848118154e-06,0.05158380699909004,0.00981663746630268,0.00019974946169531993,0.0,0.0,0.0,-0.09569247552391597,0.0016636342088066636,-9.974927049033466e-05,0.00018582578811460193,0.04558057700542617,0.0,-0.00010249615332169615,0.001682248650942797,0.047455539198033136,0.04251849442941724,0.005723653311626442,7.252690143555451e-05,0.008117818730560056
0.0,4.869714900768152e-06,0.010849948847396429,0.0,-0.00039480408980094306,0.011108476875641482,-0.02204873456251627,-0.044942800617209566,0.026030905208270505,0.008385053608970489,0.08318758460726922,0.004199376603195026,0.025643364328137963,-0.02852163704377958,0.0012121728652264574,-0.0015246612768257672,0.0009166870541757466,-3.464907972039466e-06,0.013037001961450467,-0.0088719876530996,-0.0011238396917269688,-0.01556007446373342,0.02250643062346691,-0.002970303617295944,1.214075782657309e-05,-0.0008611550895255005,0.0036643365467174394,0.012746585101447105,0.0019242090647983434,-0.0029735518833083896,0.0016920106520501577,-0.02431314507127913,-0.0020161960572153137,-0.022203546499908605,0.04231029540788084,-0.026260118750388695,-0.0006238169347450861,0.0031380921904508585,-0.0015023664055548447,-0.00037171784165423993,-0.0003142092931678331,-0.0001290305960275906,-9.337712484269733e-05,-0.0012437780617963745,0.0,0.0,0.0,0.0015693114845446998,0.0,0.0,-0.0003081765468889719,2.220446049250313e-16,7.929903280134987e-06,-3.7123939064520606e-05,5.551115123125783e-17,6.993579611586087e-05,0.001277069308765033,0.0008252283899809476,0.0,0.0,0.0,0.0,0.0,0.0,0.0,0.0,6.991789642196711e-06,0.0035705649919031135,0.0,0.0,0.0,0.001106671869238296,-0.0037402880786736037,0.001228208580908552,0.0,0.0
-0.0027036649070484864,0.009563327045281345,0.023434947933535455,-0.00039480408980094306,0.0,0.0367714978846842,0.030332930812450254,0.002403727287208446,0.020312639354230555,0.04805020859885695,0.055244430235341146,0.010061402866581415,0.03341266106113566,-0.0060467761494109595,0.0012017107186497178,0.019722181135097994,0.0009765616236970254,-0.02711746745893967,0.01664235055875979,0.01921346407024349,0.0010750249298709935,0.019358422901234462,0.02993986680467381,0.003074047053420903,-0.008538435914547338,-0.008554038061922065,0.0328723380270049,0.02214290605654673,0.017422984464252222,-0.0032581724215735575,0.040222961203337126,-0.02118466882254838,-0.0026047052578737073,0.027995100810150997,0.05529126282992086,0.05655532661153723,0.0012709177258618531,0.012366318029001178,-0.0043193201016992755,-0.0007094640351270609,-0.004172697808525139,-0.0012266828191346835,-0.0005326897090567884,-0.0036448606646448667,3.056393998157603e-05,1.1102230246251565e-16,0.00021114900535329495,0.007027670277931053,0.0,-0.004658632045452471,0.045244904122834106,0.0021026966581080275,0.0017591425685641315,0.007460084138089851,5.551115123125783e-17,0.0009367213593141632,0.00011457836069184157,0.0005990512352794242,0.0009440409208649747,-0.0007864672066736356,6.123990304651716e-05,0.0,-5.551115123125783e-17,0.002374569022672135,-0.0013755106641154535,-0.000429956683079713,-0.000910610641723486,-0.003631232018971975,0.0,2.224500396830198e-06,-0.001585687804127156,-0.019166462634273296,0.004140660826168374,0.0034749396698554036,1.1102230246251565e-16,0.00038591629118023274
0.025777907967762137,0.015569973979958796,0.04103090715986951,0.011108476875641482,0.0367714978846842,0.0,0.03009240861408924,-0.0017487164915368503,0.008992307415428669,0.03314705238312149,0.0499491399894505,0.002102953768809923,0.02104270381674106,0.007075755157935348,0.017536885623456455,0.01463287411245029,0.010164099257848669,-0.034954679681829026,-0.003986984207652033,0.032838653986826005,0.00436048006703077,0.017494632552365552,-0.0005612660827651883,0.044284067635530444,-0.0096663323515358,0.0012180197464921605,0.018058152077267742,0.021640829083663327,0.02585812052048292,0.007779520802921269,0.0215991959188514,-0.011595743424958949,0.011146913578748696,0.006839629886348175,0.0048465628284225515,0.024013468193131937,0.02497703603186835,-0.00663859915521936,-0.02081095079693651,0.0003846393571723672,-0.0066531364876602495,-0.010575972411364487,0.017430050882354553,-0.06329617762832546,0.00028056743251819727,-0.0015953274874659917,-0.00048264510088569246,0.0013822568075595454,0.0011498041290367578,-0.00014426418787361062,-0.013053749995518504,-0.003756123565615832,-0.046209167226091696,0.013096504731107572,0.0020197971296261885,0.028044796304776076,0.014154805568862394,-0.004797885941558833,0.004241220588122485,-0.03554197172632684,4.713226172953222e-05,0.0,-0.00022926155602115417,0.025154684384932402,-0.0404136676711504,-0.025700175505108447,0.0060371701015239365,-0.00919370162815114,7.352395577142623e-06,-0.0005683116768472329,0.025423541271957895,-0.017541581824826458,-0.015872430532907378,-0.026182902885349024,-0.035587599122548275,-0.010013380381370784
-0.0023236261270804803,0.022038978997182657,0.05913286338654461,-0.02204873456251627,0.030332930812450254,0.03009240861408924,0.0,0.015085980548559752,0.02376136839502463,-0.03375365302677302,0.08689330209208734,0.0036689846440879914,0.016350635784334766,-0.02393782661169569,0.0016696831255566535,0.018547235852251487,0.006901873273929826,0.008348904590628758,0.07275183751887304,0.01833678721898463,0.013223024317523313,0.022974958216971042,0.027678012824502385,0.005350403094768252,0.0055761631065802675,0.001431974316351059,0.03513837432074063,-0.0005495952356698863,0.022999938291599686,0.02883123261267706,0.04861563646914768,0.04272040105504288,0.02215280974217354,0.04476049076459754,0.07290479198822758,0.042842286421671205,-0.0056433652475657015,0.010857986446020151,-0.02489812103842709,0.0010034191803162673,0.0021056891640786612,-0.00022236242692369457,-0.000661213674869543,0.004821140646409872,-2.015737691352104e-05,0.0,0.001043862016258612,0.0013189540405709188,0.0,0.00234420626234888,-0.03095255154873927,0.006407136008715231,-0.03222333726157284,0.0014038402826942464,-1.000543563672851e-05,0.005562047104145096,5.659541758806785e-05,0.0028104265160665554,-0.002765044018462781,-0.04735808602351954,0.0007821047977352169,0.0,5.0216949559755975e-06,-0.0012435365810054,-0.00042659247089332775,0.0009338790362274918,-0.0009468527943793381,-0.0198924982688084,1.068916050184221e-05,-0.0005809776794929999,0.0017727629360454467,-0.027781074159406394,-0.03472481266332794,-0.02777364613570049,-0.0007746445616226838,0.003675091913634687
0.005265617998488958,0.007980602815942928,0.023724613209064216,-0.044942800617209566,0.002403727287208446,-0.0017487164915368503,0.015085980548559752,0.0,0.05114106399977797,-0.0017596093823154524,0.03958988944817049,0.004072183855540701,0.01141457453927236,-0.020808001153583666,-0.029933791012949407,0.009943279512194647,0.00021179023918999063,-0.012352545238655421,-0.023640545897318233,0.003498388068664371,-0.029128623269870257,0.0041352783646977365,-0.001278319771580716,0.0007812412475275421,-0.018265481560767183,0.0011026087157399722,0.0355840956582838,0.032240716482005105,-0.001897764867302032,0.0076916829199523695,0.017343551016526515,-0.03313318771562285,-0.001838013951061701,0.0028180227680065784,-0.0010319681684287096,-0.00438653513575421,-0.09707428022484488,0.0024658067255649563,-0.05470426106239268,0.0017989234465714543,-0.06256991412839352,-0.06726316944445643,-0.005360788092455049,0.0017240523959309306,0.0,-0.06076869985652711,0.0006254714297505015,0.007671542188396496,0.0,0.004703679326477417,-0.05529872664872376,-0.03314971378498521,-0.07530259155255548,0.01754839670495756,5.3796536289008046e-06,0.05501154175558498,-8.754231253960132e-06,-0.04631589662984481,-0.08776124819722725,-0.06632381393730713,0.0003195989198540583,0.0,0.0007510941263677018,0.0007881758201701006,-0.07354133834332754,-0.08247651179662224,-0.06791158310609985,-0.03123403402318986,-5.551115123125783e-17,0.0019637235078682758,-0.049526003059848056,-0.06026343775777859,-0.03380199310917986,-0.05929015421254774,-0.06663005072916428,-0.06263742002302952
0.026554101716015466,0.022827765605714923,0.011133564281475328,0.026030905208270505,0.020312639354230555,0.008992307415428669,0.02376136839502463,0.05114106399977797,0.0,0.017802787438461642,0.04899306871548198,0.02884514864919635,0.029978095187074782,0.055148341589884575,0.0038469108092293314,0.04779157659143052,0.002907048645365118,-0.05861914571434379,-0.002893499186789994,0.02621011631598491,0.02634956671160943,0.02349510207518596,0.05040743198988035,0.018966493450891797,-0.008934820212179673,0.003028194489163638,0.03219548150728463,0.05231681293376245,-0.004224585618422982,0.05280941668306233,0.043658058702291114,0.023309494478303827,0.01386029921204851,0.02863578460247057,0.041626993604075846,0.05200732883103015,0.03523605376938538,0.014626938189836014,0.017836593911557452,0.0026403713768659576,0.0013124532570115144,-0.008480539415053334,0.07704015282807186,-0.016599525409570492,-0.00018387205447129018,-5.551115123125783e-17,-0.00018695871031504385,0.038987673129718625,3.655405604319206e-07,0.004421870167471642,0.03613206938537705,0.003989048124506622,0.05858137492952975,0.03229071726868138,0.00045459466986241814,0.07561035943160166,0.015793294148653103,0.020958801615619693,0.002048566004238528,-0.0008915813472620271,-0.0005161464571426522,0.0,0.0,0.007273040114217255,0.0009421069430848306,-0.0008522186905908224,0.00045669091929662065,0.03921449991949977,1.284681013735689e-06,-1.2168628916231494e-05,-0.00216928168263536,0.02067482282983646,-0.0013349145067075296,-0.000336509128448792,-0.000796768757263977,0.00033614029403361556
0.03071920609456985,-0.007082791743497352,0.0037773536949954334,0.008385053608970489,0.04805020859885695,0.03314705238312149,-0.03375365302677302,-0.0017596093823154524,0.017802787438461642,0.0,0.03660488666783557,0.014318310951501989,0.01968137591287067,0.0293646543754833,0.0023247626772524566,0.022845853208415146,0.048395225945723985,0.028561713272729328,0.041872981259839626,-8.609192308151048e-05,0.0023133344128688504,0.0015971846025092384,0.0058112574186861,0.04286969248133238,0.015037072805361207,0.034277362243175236,0.006504135981602599,0.02715168293534659,0.0022076281864691905,-0.002268858187917666,0.03874337280092327,0.03325718136715122,0.020278287058706768,0.03215733815290733,0.05992894178380204,0.11629762910882502,0.004160270589988191,0.041489022966246736,0.0261624421854873,-0.011411138556603029,0.020774578387967202,-0.003131306666596445,0.08581929005163058,0.0007006125174165434,0.04864722670135885,0.001323571264619905,-0.0012908913587645898,3.787819776523982e-05,2.075589940642164e-06,-0.001167846301626252,0.0003280178553988766,0.047106075571901995,-1.183489860556719e-07,0.0003295439670342737,0.01047102976850639,-0.00032113037385173016,0.01750881003264937,0.012223557595343604,0.0,-0.00012962655460507788,0.0004459924554093275,-0.023401445620455652,-0.006774698229469245,-6.822572902187574e-07,1.1084956948514968e-05,-0.00046686929579370373,0.000856509910460379,0.00017871319646800554,0.034871529792321776,-0.0021601258680614133,0.004127600899778705,-0.0014083981382551625,0.007905224805220712,0.0016244232029302141,-5.551115123125783e-17,0.01335181439228611
-0.0010420695606666586,-0.0006758300986340338,0.03428881288308849,0.08318758460726922,0.055244430235341146,0.0499491399894505,0.08689330209208734,0.03958988944817049,0.04899306871548198,0.03660488666783557,0.0,0.04198005167537888,0.06907813727035145,0.03373554903990883,0.0,-0.00021892444009985468,0.038234843249637274,0.02821931439281883,0.025406523450662577,0.0001300261053704399,0.005870426688747932,-0.00020797686077195232,0.04989867330753078,0.036471061689269835,0.0065317941131475266,0.0007653618473189572,0.049893334246364385,0.05970571396928531,0.0009321313238696005,-0.0008659417304738293,0.05570837442021226,0.020073187401333514,0.04300490648715677,0.04321754304871195,0.044707417088489965,0.10594957562776802,0.06289705891633007,0.004737547940689701,0.010706109931447438,-0.002374796284087821,-0.0018521330483437515,0.0001505172147488465,0.07615220898368463,0.000768363646553305,0.000159797937071271,0.0,1.1102230246251565e-16,0.13561679987228825,7.078247016290007e-08,0.0020949785223392525,-0.003704993799185541,0.006138826498439831,0.10673140824951066,0.11544068021537673,0.0022074621777210535,0.00820601723390818,-0.03481501639467932,0.0651681686527315,0.0059192876589224674,5.551115123125783e-17,0.0,0.0,0.0,-0.039471212246248,0.0008205140707289726,0.0,0.0004455455806665065,0.08808313228465303,5.551115123125783e-17,0.0,0.0005983147443870962,0.07905389031654125,0.0024288925769054837,0.000413951616098307,0.0,0.001655766845567841
0.013950671865439468,0.000908130291943976,0.006144286099228957,0.004199376603195026,0.010061402866581415,0.002102953768809923,0.0036689846440879914,0.004072183855540701,0.02884514864919635,0.014318310951501989,0.04198005167537888,0.0,0.030359442495053734,-2.375768001772194e-06,-0.004085867071610572,0.04240464905621233,0.03322312493793089,0.0012006163147356697,0.004234506963585849,-0.0008722094998808161,0.0041568716346852,-0.004033137347878801,-0.005816278013290654,0.027977684696340044,0.01607517525571589,0.03722803766410876,0.0035805146740295335,0.04648757626034056,0.0005853218842221675,-0.0022283321292795866,0.035542284189959916,-0.00827658108183521,0.009791438812678743,0.06506839453430563,0.039857976284889296,0.06494264905673663,0.007703778302766029,0.02033957988358484,0.11584204156953415,-0.000848768320474258,0.04819846849803422,0.06639322431806527,0.13754745014490244,-0.001219652049623432,0.04175638598821951,-0.03876602825074704,-0.0005407293846558248,3.43475571373264e-05,-0.0008935590477470723,-0.002707816329382162,-0.00021414082949661184,-4.526946017663347e-05,-3.656368767512852e-05,2.8919557672868468e-05,0.013062707597456813,0.0006783496228962016,0.025856483360789717,0.012936711427851466,-1.2319395896631669e-05,-2.1693127764677023e-06,0.002061741192950939,-0.011580811102050115,0.004606549499668211,0.0002873285715820906,-7.07635158228026e-05,-0.001013335577856267,-4.944285355040767e-05,-0.002855884130023578,0.025663908386927226,0.009828896716060576,0.012014494384979979,-0.0017489307078376037,0.029981321915270698,0.0013208976256264826,0.0,0.008044114921790857
0.02279377527169618,0.03771280872506999,0.05427996182683403,0.025643364328137963,0.03341266106113566,0.02104270381674106,0.016350635784334766,0.01141457453927236,0.029978095187074782,0.01968137591287067,0.06907813727035145,0.030359442495053734,0.0,-0.024387894003659927,0.03505835899866416,0.028667911109121924,0.011220008159714911,0.0329659060465427,0.06111560423946266,0.017914714428034217,0.012653308990733636,0.027143931523069265,0.028934149199439374,0.015438940892416264,0.025233401686491352,0.012381688710229988,0.040710710832592756,0.008930231656710808,0.00822888484367662,-0.021247826500884803,0.007477246115424163,0.029573596585799278,0.035446657323978836,0.008406438125276472,0.029862731012198995,0.031464792807071984,-0.0017990258230758949,0.03308334143212538,0.006809023840798845,0.0003213977988848482,0.027973150520101187,-0.013332555671959012,0.005088862938271821,-0.0036490523928308094,0.0012788566750270292,0.028403379451083455,0.0007090049695220313,0.005003063996843471,0.0,-0.0002585405013600939,-0.017735596309001622,0.004221880377034859,-0.03168027528201367,0.0053773443593410075,0.025302150874076335,0.006080629163527085,0.046434837063773104,-0.01336865999340553,-0.00020254597392155294,-0.024857867795123167,0.0023339325067321393,8.374080437800746e-06,0.0007139302008760673,0.002804816270530641,0.0009775192600604,-0.05152734799477199,-0.0003763267392667413,-0.013704830810289559,0.00022017025671772217,0.0005689893454719486,0.004217147376090247,-0.019372224697320695,-0.0156368464195904,-0.020812072937790138,0.0021433852148257104,0.0021063286304836004
-0.009839406295513775,0.000994860206666337,0.05822464786533266,-0.02852163704377958,-0.0060467761494109595,0.007075755157935348,-0.02393782661169569,-0.020808001153583666,0.055148341589884575,0.0293646543754833,0.03373554903990883,-2.375768001772194e-06,-0.024387894003659927,0.0,0.0007118825459661582,0.0016426294898024274,-9.511108917559241e-06,-0.00024650748295956815,0.05804416100511833,-0.001166725425770343,-0.010137460456844216,0.0011936447812589401,0.024536613759436443,-0.000813555548830891,-0.02257637089370662,-0.008466690449071668,0.03552262695301239,-0.05172414771379491,-0.0007687080929512091,0.0017066894713910763,-0.009085745002224366,-0.03140044734797978,-0.009469560172464253,0.011014483918742823,0.009127893976377754,-0.01041779678680374,-0.007553844736084309,7.497781754195465e-05,0.017915916711456314,0.0,-1.3039890066846027e-05,-0.00037372016008158093,0.07828437600791532,-2.0374725262506388e-07,0.0,0.0,0.0,0.012181356097554996,0.0,0.00640110366576746,0.002160143797354852,0.004055966146629952,-0.055705199914408976,0.005780380579720357,0.0,0.014030015229254067,0.016755338825440502,0.004168258162950911,0.004842941447533333,1.1102230246251565e-16,0.0,0.0,0.0,0.009560468292602875,0.0,-1.1102230246251565e-16,0.0,0.0157279851074551,0.0,0.0,5.551115123125783e-17,-0.05069015335102606,-0.004519852489007381,1.1102230246251565e-16,0.0,5.551115123125783e-17
0.03312744167690135,-0.0033281993301014223,0.0014408793423573152,0.0012121728652264574,0.0012017107186497178,0.017536885623456455,0.0016696831255566535,-0.029933791012949407,0.0038469108092293314,0.0023247626772524566,0.0,-0.004085867071610572,0.03505835899866416,0.0007118825459661582,0.0,0.0010141069259503865,0.0037774675741661934,-0.006293917825707207,-1.1102230246251565e-16,0.036744849355684894,-0.0024512762305649582,0.021323594317958217,0.03668750923121478,0.015022842947483406,-0.01612928973785721,0.024443604164984145,0.018381447320841182,0.018932869548958675,0.01798772281583144,0.0043478330698260015,0.015831511592268588,0.0024608832582117546,0.012090135151268777,0.006588057436207551,-0.0010651360380142805,0.013313028028127838,-0.0021574749670270066,-0.0003443630264602926,-0.014340899787828099,-0.011248305256116864,-0.011742722828466612,-0.025840307564784837,0.0020134518367768695,0.0005339763925306107,0.0,0.007352910348016606,-0.00408679367014203,-0.0014470045542505638,0.0,0.0,-0.024124487093126534,-0.0004907917302447995,-0.03049913753598893,-0.0007447102846252496,-5.551115123125783e-17,0.0,5.236331728558641e-05,-0.04567035467683961,-1.1603057135101125e-06,0.009124569257509318,0.00688563501366074,3.242052130908446e-05,0.0008724159597437997,0.0,-0.006761533556018551,-0.002700316036337136,0.016454084431201277,-0.006223395733270909,-8.591627860154993e-06,0.0064068538161622945,0.015545348749122168,-0.01046769662413144,-0.00972122970597672,-0.012514674750746635,-0.05607872913287132,-0.012660382569921191
0.018367451346080865,0.02073431914118179,-0.003444180942957953,-0.0015246612768257672,0.019722181135097994,0.01463287411245029,0.018547235852251487,0.009943279512194647,0.04779157659143052,0.022845853208415146,-0.00021892444009985468,0.04240464905621233,0.028667911109121924,0.0016426294898024274,0.0010141069259503865,0.0,0.018396219386515755,0.018919142428159508,0.00040218640711303655,0.0068960745501951415,-0.0022455338950390646,0.02055705426152482,-0.008243189658046657,0.0071053598376789595,0.03113540944021792,-0.00042268571703735214,0.006345559306769111,0.03216490985680931,0.011702781912600435,-2.445504413473021e-06,0.007143474018109053,0.002499670539736376,0.009136750507639069,0.016494886264424025,0.025164220866939868,0.0012165619476299794,0.0007491328375733852,2.277436919650988e-05,0.024651430962227106,0.016726230933194253,0.016147206283449234,0.021428390925758434,1.5129501210742191e-06,0.0,0.0,0.015820942037759245,0.0172578787200362,0.0,0.0,0.0,0.0017245974952410648,0.0004014677199767891,0.002353273899425856,0.0,0.0025886622432275685,0.0,0.0018170028510033354,0.00198110452351008,0.0,-0.008775656392104425,0.02501338251968588,0.0020205779456333173,0.01615878179669039,0.0,0.003720193219721557,-0.005370817258666727,0.01657620610462468,0.0066851692723690626,0.019141217456097037,0.017888601443965257,0.011819390125025364,0.004999160445700035,0.002076160372548541,0.002125353863499546,-1.1102230246251565e-16,0.013788764536056652
0.013610936756897618,0.0038236927601249526,0.001975051644014625,0.0009166870541757466,0.0009765616236970254,0.010164099257848669,0.006901873273929826,0.00021179023918999063,0.002907048645365118,0.048395225945723985,0.038234843249637274,0.03322312493793089,0.011220008159714911,-9.511108917559241e-06,0.0037774675741661934,0.018396219386515755,0.0,0.024236884986731932,0.001204433105324032,0.0026976449508070433,0.0022474190656518456,0.0026874712336689144,-0.0009180854218902024,0.025276150162738265,-0.0036036905866135838,0.005515893015005879,0.009726592674405288,0.021607975994266948,0.0042567014630268685,0.0012863010961168264,0.03521439495819517,0.030992934916287018,0.014827162378551362,0.02976630031214028,0.0478366682714792,0.037691928197689906,-3.4140041739738614e-06,0.04635516826523878,0.00045523117350448894,0.010264956859860064,0.006326292663096311,-2.4625707263137286e-05,-5.551115123125783e-17,0.0,-0.0037845160259674104,0.0006195545301686534,0.002025399496464353,0.0,0.0,0.0,0.0,0.0,0.0,0.0,-0.004707956531049828,0.0,-0.0018253533516265907,-9.278305344578852e-05,0.0,-2.3585476117471416e-05,0.004098865972803234,-0.031741958785037105,-0.0004966431680056282,0.0,1.1102230246251565e-16,0.0,0.0004318009996502892,0.0,0.01983708398422146,0.00010001173128099117,0.00979694312144741,0.0,0.00014408198646470582,9.117897417421084e-06,0.0,0.009082891531933923
0.017181541928108446,0.04529052641963355,0.0015405949640993066,-3.464907972039466e-06,-0.02711746745893967,-0.034954679681829026,0.008348904590628758,-0.012352545238655421,-0.05861914571434379,0.028561713272729328,0.02821931439281883,0.0012006163147356697,0.0329659060465427,-0.00024650748295956815,-0.006293917825707207,0.018919142428159508,0.024236884986731932,0.0,0.0008885801700304619,0.013084759516963473,0.0045007343841482195,0.04064600730477569,-0.022099499998426586,-0.010472437828657533,-0.005495712165940636,0.0029075072012970105,-0.01161942838967217,0.03645418077215201,0.004498056600411693,0.008435519174726624,0.01568442741298931,0.012147037986295517,0.001522826889682305,0.015152539139748677,0.019920821381583298,-0.0018233023476789123,1.8165815291404375e-05,0.004648237765271568,0.024119474241119376,0.006216218788908323,0.007928375275302102,0.029117973487301885,0.0,0.0,-0.0027703216771331474,-0.00182838212594727,0.02845227168948561,0.0,0.0,0.0,0.0018460878359217725,2.5522892666052233e-05,0.0024959329612041503,0.0,-0.0003867655338725684,0.0,0.005053283495676186,-2.9902168031559206e-05,0.0,-0.046776761667862876,0.02976650122778257,-0.015295145712531544,0.0028204155686666343,0.0,0.0006541125971734063,0.0034469115812187923,0.02806633989045676,0.0030660628367233933,0.0007576507043625669,0.00729309667356054,0.008720295443241877,0.0011764284219027976,0.00041480737552068714,0.003937595270384009,0.0,0.011440446718087027
0.0,-0.0020003469900991,0.031126694187228354,0.013037001961450467,0.01664235055875979,-0.003986984207652033,0.07275183751887304,-0.023640545897318233,-0.002893499186789994,0.041872981259839626,0.025406523450662577,0.004234506963585849,0.06111560423946266,0.05804416100511833,-1.1102230246251565e-16,0.00040218640711303655,0.001204433105324032,0.0008885801700304619,0.0,-0.0008638090046593216,-0.0010150983989430928,-0.0018058167234892841,0.019950969885197067,0.00217628711593687,0.0005348533320124749,0.001603102592335759,0.038635734974036384,0.055759118359448245,0.002724531363351934,0.0011091977169662148,0.04716499169481553,0.034189432237155704,0.003989233852366492,0.03792771378294901,0.020956232125757035,0.08617578359182815,0.04928362178527007,-0.007332118310995617,0.007849824330208255,-6.37620054766419e-06,-0.0030583951807715004,0.0005212119275300187,0.0034245930160004545,-0.00228597751140569,-1.7995307022289353e-07,0.0,0.0,0.1257121800271065,-5.551115123125783e-17,-0.0015418533866010664,0.01588742790209341,0.001845795096002134,0.029959472379458618,-0.031107187330371877,0.00039759808746120395,-0.12823387902477495,7.332939399817828e-05,0.021842573159066236,0.00011246499932404674,2.220446049250313e-16,0.0,0.0,0.0,0.13889212366373177,7.848743025617999e-06,0.0,-0.0002647139864198622,0.04106499666164076,0.0,0.0,-5.551115123125783e-17,0.01265939212246725,0.005732384608549301,0.0015122420844493334,2.7058998812612423e-05,8.271616327704123e-05
-0.009489685071512044,0.025085829442780094,-0.0012948879458992146,-0.0088719876530996,0.01921346407024349,0.032838653986826005,0.01833678721898463,0.003498388068664371,0.02621011631598491,-8.609192308151048e-05,0.0001300261053704399,-0.0008722094998808161,0.017914714428034217,-0.001166725425770343,0.036744849355684894,0.0068960745501951415,0.0026976449508070433,0.013084759516963473,-0.0008638090046593216,0.0,0.014101351867748302,0.021224637510941724,0.014423258329494926,-0.002320296364147656,0.04022307149839277,0.017032303674747007,0.03675063930887251,0.02281843305019493,0.027835117066976556,0.01716731517126424,0.02750475746458042,-0.0069741031318766855,0.014186491797070211,0.0033290552751464864,-0.012242126453918478,0.004963697847878479,0.005449592925727553,0.00024745715299556714,-0.016232559247636558,0.001234365590643327,-0.042066714524383875,-0.05343749083000482,0.0013305607343480075,-0.0037886283829711154,0.0001322338611356444,0.001017870730850412,0.02629413723332541,-0.0009888513735543114,0.0,0.0,0.010991510835643203,-0.0020104759634131386,-0.050847551492605,0.0015987856677893153,1.2716611936192113e-05,1.1102230246251565e-16,0.0008912744197794864,0.0022358789617958896,-1.1102230246251565e-16,-0.02934293593246934,0.001862295880678655,-2.406777120544934e-06,0.0019363345603410353,0.0,-0.00963729084196685,-0.03778885844809865,-0.02867348425340316,-0.016202718003120176,0.0,0.0018861803324390913,-0.006312610060072277,-0.009185100158321025,-0.005248197746789474,0.004571447380251947,0.0023032612285041054,-0.017468187066547514
0.017089867860887342,-0.007869260737605743,0.0031573467413242295,-0.0011238396917269688,0.0010750249298709935,0.00436048006703077,0.013223024317523313,-0.029128623269870257,0.02634956671160943,0.0023133344128688504,0.005870426688747932,0.0041568716346852,0.012653308990733636,-0.010137460456844216,-0.0024512762305649582,-0.0022455338950390646,0.0022474190656518456,0.0045007343841482195,-0.0010150983989430928,0.014101351867748302,0.0,-0.012640523263116155,0.005302744805593229,0.012191151973531489,-0.018172767427412806,0.010397151096120605,0.009785508976303148,0.023588672566499658,-2.889172382736227e-05,0.0032838444375427045,0.005941903821888805,-0.00892720095600702,0.0030811026682572296,-0.018800518860055293,-0.004815888333016272,-0.02485373087924464,-0.0006228211965080832,0.002322696265695867,-0.05149023571139594,0.008479738563045291,-0.05252679518276293,-0.03258439130638052,0.001740202785358247,0.0,0.0,-0.08359017990863765,-0.001406597966394918,-0.00020044492986615037,0.0,0.0,-0.03739365487586771,0.0011381904058327952,-0.13102147712543308,0.0003679063905715485,0.00041271960539757124,0.0,-4.1466252575783624e-05,-0.0538977939482031,5.551115123125783e-17,-0.051410234543979416,0.0007743076503139434,0.0,-0.0006134480844574575,0.0,-0.05037543203553685,-0.06947794763398712,-0.02016065773334602,-0.04925579385780482,0.002449564732569798,-0.0031619960425395832,-0.00823845246697369,-0.04599244511379613,-0.03905135691152367,-0.05120175910498326,0.003557438130696644,-0.03131812771745757
0.008917317697280214,-0.010041664987031684,-0.000811554181739893,-0.01556007446373342,0.019358422901234462,0.017494632552365552,0.022974958216971042,0.0041352783646977365,0.02349510207518596,0.0015971846025092384,-0.00020797686077195232,-0.004033137347878801,0.027143931523069265,0.0011936447812589401,0.021323594317958217,0.02055705426152482,0.0026874712336689144,0.04064600730477569,-0.0018058167234892841,0.021224637510941724,-0.012640523263116155,0.0,0.035281085106857124,-0.009730617171600897,0.022652425581742963,0.0013821101858056406,0.016975289023942686,0.03682181855406902,0.019110054526386255,0.009383870548116624,0.0068554382962771054,-0.01370188403746736,-0.013303918512896584,-0.001838337510281618,-0.01211479366808127,-0.0009084802388523161,-0.000998053314428926,-0.0004289533900230236,0.00972642690844222,0.011532829916602982,1.4012503886884353e-05,-0.011387824373862654,0.0020075282328521626,-0.0004575412195940709,-1.2973516427261522e-06,0.002574276853745283,0.02063911440305627,-0.002123486177169842,6.380378863579672e-07,7.962575598874366e-07,-0.0056442255969664235,0.0024213028049185903,-0.005959832628427142,-0.0009546192624170224,0.0011427308038003958,0.0,0.006805788158199655,0.0006536149228074661,0.0,-0.007676861266363633,0.022864080259191566,-9.351124848600012e-05,0.030995942979613278,0.0,-0.01718276433661714,-0.01073275658184386,0.0023412941476680937,-0.016775687401693162,4.829498488556627e-05,0.016669941126796928,0.015551523292527014,-0.008710389559994813,0.0015378069571191366,-0.016451501898327725,0.0009511217058698063,-0.0037061613933223048
0.012497843249919594,0.01500380070023688,0.024877116323150317,0.02250643062346691,0.02993986680467381,-0.0005612660827651883,0.027678012824502385,-0.001278319771580716,0.05040743198988035,0.0058112574186861,0.04989867330753078,-0.005816278013290654,0.028934149199439374,0.024536613759436443,0.03668750923121478,-0.008243189658046657,-0.0009180854218902024,-0.022099499998426586,0.019950969885197067,0.014423258329494926,0.005302744805593229,0.035281085106857124,0.0,0.0031773133456594604,-0.03559035336760907,0.012132958058453325,0.021142755496718013,0.0319348359302668,0.02087399102938653,0.005358028841974283,0.01657609081578626,0.006934029439171152,0.016872694226400198,0.010485558219486657,0.005467454294219909,0.04911528969607398,0.014947146885226026,-0.0008673646359235732,-0.03220493936171892,-0.033429923604580414,-0.03222421872577658,-0.026531267778255874,0.040568676588699504,0.0004036460687538712,0.0006661215697041367,0.021857882341456636,0.00717501885796773,0.05827980609048178,-0.00032197806283579267,0.0748110919931454,-0.01517987508539037,-0.0023433826894279086,-0.055455438835197046,0.036700120026560645,-0.001058889685301878,0.037502764517988785,0.0017815252857596997,-0.01698493030032905,-0.03991562632496759,-0.01069493498618912,0.003115073872981766,5.85475151981818e-06,0.002856757153470224,-0.1099781538826407,-0.017014275430796977,-0.047941094687586894,-0.0060839878823854,-0.002278713614583705,3.822145588722181e-05,0.0005918959332599782,0.008786149943182664,-0.03153119026320261,-0.02342961976664537,-0.02035181575111311,-0.034473484282332545,-0.0201226917965584
0.006098235288276632,-0.002603418614083697,9.382375718786085e-05,-0.002970303617295944,0.003074047053420903,0.044284067635530444,0.005350403094768252,0.0007812412475275421,0.018966493450891797,0.04286969248133238,0.036471061689269835,0.027977684696340044,0.015438940892416264,-0.000813555548830891,0.015022842947483406,0.0071053598376789595,0.025276150162738265,-0.010472437828657533,0.00217628711593687,-0.002320296364147656,0.012191151973531489,-0.009730617171600897,0.0031773133456594604,0.0,-0.01287136942626943,0.014406409157538547,0.03479198499937419,0.030596797219254457,-0.004851602767545149,0.0001800275848112265,0.03659931145010875,0.03793468568077951,0.022225977301177313,0.07157363977373304,0.09222476183418243,0.07397736519475567,0.010382343829824503,0.03277261847485649,0.05085195928730235,-0.03611696780991247,0.0077059891801515845,0.01290439917486269,0.014636348866801707,0.0003507574528574531,-0.04365734828536455,-0.025684910046301357,0.001987800813900098,0.0,-5.551115123125783e-17,-2.3125195899809103e-05,-3.034620273667521e-05,-2.3051470424806375e-05,-1.6653345369377348e-16,3.9331811910015e-05,0.011669517944159491,3.072464351699944e-05,-0.004072975828063485,-0.016391388442592913,0.0,-0.0004292993856837013,0.0007939478875172434,-0.006707276735857304,-0.004154785859120991,2.8180960574553104e-06,-0.0005590564647691698,-0.001333109746109007,-0.0004895457483209964,0.0004221311169573805,0.02494406370828256,0.0031157775916155206,0.008507593630958987,-0.0006057805995432486,-0.023825892909439317,0.0022625940426584945,0.0,-0.0022605945668113248
-0.00011778008128965345,0.00255355642560684,-0.004491798641577005,1.214075782657309e-05,-0.008538435914547338,-0.0096663323515358,0.0055761631065802675,-0.018265481560767183,-0.008934820212179673,0.015037072805361207,0.0065317941131475266,0.01607517525571589,0.025233401686491352,-0.02257637089370662,-0.01612928973785721,0.03113540944021792,-0.0036036905866135838,-0.005495712165940636,0.0005348533320124749,0.04022307149839277,-0.018172767427412806,0.022652425581742963,-0.03559035336760907,-0.01287136942626943,0.0,-0.009866476002909463,-0.015323995219954811,0.026520953542087222,-0.00781746188684923,0.09499720203633827,0.010478694838128244,0.01289388278525827,0.003865487065241202,0.012919939397537161,0.017809488348623337,0.016349165881571925,-0.0006073231091219267,0.04008685064120132,0.011901583549446149,-0.0012149321562449078,-0.0013914253290572831,0.007378082333640901,-8.832822173676647e-07,-5.551115123125783e-17,-0.009645813595677344,-0.013150358715304511,0.008638243876606666,5.551115123125783e-17,0.0,2.220446049250313e-16,0.0028968402407631433,0.0016552506121598198,0.038217795669453214,-0.0011564623994299583,-0.00995265625767816,0.0005050935364268039,-0.00018417304514223298,0.0010789916292017199,0.0,-0.031592929781327106,0.014829455677119852,-0.02221937151619391,-0.009795404832860954,0.0,0.004798525654773178,-0.0012985501033291325,0.014120753097467076,0.02418328784010304,0.010412265350940475,-0.004573096543976085,-0.003018592475153292,0.001073129690246144,0.0027023890727241318,0.006455032325171195,0.0,-0.004210036373271442
0.013478727990684558,-0.025838713446265094,-0.0008715282784592104,-0.0008611550895255005,-0.008554038061922065,0.0012180197464921605,0.001431974316351059,0.0011026087157399722,0.003028194489163638,0.034277362243175236,0.0007653618473189572,0.03722803766410876,0.012381688710229988,-0.008466690449071668,0.024443604164984145,-0.00042268571703735214,0.005515893015005879,0.0029075072012970105,0.001603102592335759,0.017032303674747007,0.010397151096120605,0.0013821101858056406,0.012132958058453325,0.014406409157538547,-0.009866476002909463,0.0,0.005655539266242182,0.00903916825614337,-0.005436744695579643,-0.004150874284251482,-0.006511398914300415,0.0052484278054205635,0.0048401962627739326,-0.00678171863156285,0.010748590735947416,-0.03453748463680201,-0.0018151861653936119,0.02923801617682159,0.013506199386764561,0.0013185917538978131,0.002892514282054448,0.005723858062916254,0.0008564026919756218,-4.97665256149471e-06,-0.010536622082842395,-0.003556972382006751,0.009883095183626622,-0.001012857697180236,0.0,-4.586275117457461e-07,-0.0010786874995190043,0.001813089293246195,-0.0001426709987394914,-2.356619250132308e-05,0.0052736074747498085,0.0,0.008802935763297104,-0.012700264030270025,0.0,0.009146262449385878,0.01547061452130477,-0.004155532555306984,-0.004031344086110722,0.0,-0.0002765195690520583,-0.016929755573574068,0.013749448548102061,0.007861320966796537,0.01145717861036849,-0.0015401847090534826,0.007200042243690918,0.007476565492294085,-0.011904045910438643,0.012183323772752108,0.0007848969821787066,-0.0009672196446219306
