0.0,-0.033717726722124586,0.002401193673623181,0.0,-0.002929352466565227,0.0268095712219365,0.0005117395822922255,0.019464142751809854,-0.00455068169808287,-0.06154929596149361,0.0468047488264573,-0.03509734862520403,0.046963424858841085,-0.0068063757684926895,0.014827206932595094,-0.027502027128428197,0.014781475140569544,-0.03762630379445592,0.0,0.034199826686498846,0.02946629456639377,-0.015606533826329594,0.030397217166714174,0.025801460488452554,-0.023916396318924837,-0.01652930292481053,0.027702616104171685,0.04723833207676348,0.02415211591497579,-0.014668176667525179,-0.03258515463922229,0.03954852663433617,0.006873004168304997,-0.009076238534363179,-0.0451600313965394,0.02769921268575437,-0.000690563199798655,-0.10773084026464907,0.008059747606062984,-0.017693728117640917,-0.027217319251689687,-0.004204546819070787,5.899150136762232e-05,0.0,0.0028982560740074548,0.01473182428650266,-0.029947226714061193,0.0,0.0,0.0,0.0045986026107682765,1.1102230246251565e-16,0.006743424211241467,0.0,-0.08783244485151204,0.0,-0.09368607660414818,0.003837237215386202,0.0,-2.872114280844107e-05,-0.04773195322698093,0.001191345029082136,-0.062476253207654375,0.0,0.0036534967384544426,-0.0209701224540636,-0.012421092296265979,0.00988836881595273,0.012215866376188544,-0.05003696088184151,-0.04229552150138344,0.003951896545420108,0.00033563859196977797,0.00880122720987192,0.0,0.009574921065260145
-0.033717726722124586,0.0,0.0017100969519346365,-8.47968208212424e-05,0.004158099061019438,-0.0025745109253678122,0.0040223463603568654,-0.05013051396113216,0.002340046917361893,-0.049763990800478164,-0.0002534179100975309,-0.04451503656845618,-0.004264989844287248,-9.823888167875827e-05,-0.010280551927374093,-0.027833808727373455,0.011920625608655866,-0.021827623599332047,-0.0018422474109777154,-0.011402851553320104,-0.030087863427112616,-0.0316794051161175,-0.020779376365280267,-0.046270661785852596,-0.027798198353640335,-0.02934141984384181,-0.018700447353332594,0.0022832226830264424,0.001032306928375859,0.004309118577235593,-0.025153704019244993,0.01812106861545354,0.010352854921860721,-0.001022291465411107,-0.004827014700371168,0.006775760132341491,-0.001018466807201468,0.0,-0.006950772787713777,-0.02022094380004702,-0.009451878342347508,-0.007813335921941944,-0.0012205035192989766,0.0,2.220446049250313e-16,-0.018897181384944284,-0.025045602883650264,-0.0005103403994650146,0.0,0.0,0.010542961024395614,0.0001655241275262953,0.0017230992876231532,0.000787715087689489,0.0028012002340222497,0.0,0.0014178518387416017,0.0025107126632024634,0.0,-0.010445004249640621,-0.03160989953344673,0.004471798253836479,-0.06260575366269089,0.0,-0.012115897037817347,-0.0025619775365570696,-0.010618188657632421,-0.04924051540352986,0.0013462274308824185,-0.055597217934024334,-0.017029216269155822,-0.06283633972917319,-0.0018334384285317862,0.017528486851545677,-1.1102230246251565e-16,-0.02283434201529
0.002401193673623181,0.0017100969519346365,0.0,0.009622898930537138,0.014495891738539324,0.01877300701927498,-0.006022690538057485,0.03158997459920615,0.005782899219515525,0.009194995130153094,0.04589401552217259,0.008243813770841879,-0.009865431519789858,0.021318697267708853,0.003418193443019246,-0.004313225852496272,-2.3303113448724933e-05,0.0035258004260026454,0.021461901772785508,-0.0006711003997640352,-0.0003042566245931022,0.0038480185466721606,0.04275624627052971,0.00104815165331279,0.002553633437951952,0.005148414143833657,0.02396269200548856,0.0013883583542781963,0.004062749177529801,-0.02521455934630834,0.0016908880479945543,0.0012231568673334303,0.0037296794141361,0.011441890072238059,0.011072339579672907,0.0024950771976191,-0.030650623237330032,0.006119735819138161,0.01948143501349131,-1.2081716714296142e-06,0.007125891156943953,-0.004261490661493006,-0.014946890716954764,0.0047889558203856875,0.0,0.0,-0.0009140519779438638,0.17000682248928856,1.3249648888713494e-05,-0.0581439144876178,0.019994080117858193,0.022691529099784447,0.03648783313627946,0.04587326129039604,-0.00271349604239568,0.1250804425814292,-4.433205365672599e-05,-0.015821388812505055,0.008920170997519017,3.5018876982040315e-05,0.0,0.0,0.0,0.2026094010783292,0.0012312817912469853,-0.0012608855256519558,0.00015150313788825365,0.044292238906729064,0.0,-0.00015548063856513084,0.0021969646456118652,0.0586731376992643,0.004412575338587854,0.007787782000402865,-0.0012629180128757023,-0.04624405831199446
0.0,-8.47968208212424e-05,0.009622898930537138,0.0,-0.009150803402908525,0.018486657834032083,-0.006242583689732878,0.020477919384583432,0.0052119761283360155,0.0176624904135477,-0.009681884019103415,0.0025630340380429217,-0.032559135024716745,-0.013233134738749291,0.004068240405874002,-0.0006164256278078373,-0.00043051387283221665,6.0334780670801e-05,0.02247553031960159,0.006225420807167148,-2.2255838846296783e-06,0.00446795953607193,0.01566398808770958,-0.00561230707617949,-0.00021140820089543544,0.0005664524276887684,0.007944401045353544,-0.05785743441376695,0.0032933200158024034,-0.005428981192036442,0.0037201993791329824,-0.013761928590471484,-0.0026551766467002857,-0.05861107017002998,-0.05833366144235738,-0.03573485106549515,-0.034465108614959605,0.0037134782471105465,-0.01588699084653425,-0.0017449315082922467,-0.0009202471474006879,-0.0007998819733093798,-0.003003200346484658,-0.0016236599578337563,0.0,0.0,0.0,0.0009118587323936334,0.0,0.0,0.00022902013524916942,2.220446049250313e-16,-0.00013808417972593912,0.0006464427740010548,5.551115123125783e-17,-0.00015688517855261264,0.00018750918999355104,0.0006103853092353506,0.0,0.0,0.0,0.0,0.0,0.0,0.0,0.0,-0.00012174871539388787,0.0020678093311506385,0.0,0.0,0.0,0.0003793059366252738,-0.0031632671113749344,0.0012060026399311474,0.0,0.0
-0.002929352466565227,0.004158099061019438,0.014495891738539324,-0.009150803402908525,0.0,0.0035490128739681936,0.02053916874780326,-0.028640444623195094,0.03286096097223745,-0.037227017813800445,0.0237105464707163,-0.03120382062117233,-0.009228752307508248,-0.006703497471867714,0.0009219051921641741,0.004733613573026707,0.003472592724611534,0.007070851966437752,0.00272154428319904,0.0033394240485185023,-0.0009023555245170622,-0.002317606152889562,-0.016214361309637604,-0.032703353601191365,0.004183732060947687,0.0021779817547950553,0.008594503073427795,-0.013526341973603417,0.01592435371562234,0.0022512811568939917,0.008168462950325472,-0.00022583437237000403,0.0003605453712398621,-0.024236991290590593,-0.041211479064243994,-0.027288806018073097,-0.055887385584103944,-0.016552172747073213,-0.00013809185329821672,-0.0007680440913310771,-0.007108276382610024,-0.0024156645126884313,-0.08421224734647204,-0.0021887231333621027,-0.0005322128697505257,1.1102230246251565e-16,5.503302581477687e-06,0.012930782632017412,0.0,-0.002803457264035747,-0.0958252473623255,0.0008339852519498869,0.00765710261693664,0.013181549299086437,5.551115123125783e-17,0.005444116086652517,-0.0019951641768713446,-0.00035501867441339874,0.007807735483525313,-0.0006718884082183019,6.172016027883309e-05,0.0,-5.551115123125783e-17,0.004185052300779091,-0.0023768247553918598,-0.00036407859228110295,0.00028751635564966405,0.011592165119807263,0.0,-3.8735442508153195e-05,-0.0018690008295567662,0.007178828838388163,0.0034551955182987593,0.003956818294816533,1.1102230246251565e-16,-0.0029043616480984857
0.0268095712219365,-0.0025745109253678122,0.01877300701927498,0.018486657834032083,0.0035490128739681936,0.0,0.0030995042876785783,-0.005470978970332219,0.00045109443383384296,0.026109663281351447,0.017628963982361245,0.008027020706619703,0.01858335875708461,-0.004128335014561391,0.007129204304166525,0.0188375914269151,0.01446582200733676,0.012284971792701826,-0.00021936160579655306,-0.00188459468081692,-0.017657786037826806,0.0036207019046263222,-0.010208025738383253,-0.002160778673153174,0.016296402368022322,0.019551581787160488,0.00041716155539428534,0.012112101143072651,-0.02632575299567691,0.0015425991091340685,-0.006562215867138621,0.0036461410288299856,0.026983330212853873,0.011957064974842224,0.009778065372233358,-0.02346124297635599,-0.0020110311694438443,0.009369969974151793,-0.0273504982391653,0.0036684888889870204,-0.03297357505382098,-0.024338255112165974,-0.036237057511216864,-7.38622501588182e-05,0.0004597826252491499,-0.0021130720353818577,0.003054431981219019,0.020707957844343983,0.001081250163289138,0.0065534605085529885,-0.00423562677721756,-0.021346983371390293,0.0065438532959370965,0.011996224846902548,-0.0003599033485240932,0.030249976616435303,0.002572928759199622,-0.03923059184682698,0.008647736828847508,0.014726632958841801,0.002131683743194057,0.0,0.0007264494581382119,-0.007763405267179113,0.009837966503957907,0.004871839986380189,0.00932399430288644,-0.01166166775885552,-0.00012802798173311425,0.002567030670234116,0.0072170291241647755,-0.0027428444525429696,-0.037846431107232514,-0.039244640258600916,-0.06329456534187361,-0.03277061594432307
0.0005117395822922255,0.0040223463603568654,-0.006022690538057485,-0.006242583689732878,0.02053916874780326,0.0030995042876785783,0.0,-0.019372960883788926,0.006747924639823266,-0.0027358119297242744,0.0008910826713194875,-0.005594854044628117,0.004275894224666621,0.007163026356631963,0.004144904813570549,-0.0049009306942385256,0.00996900452615318,0.013347264118367452,0.012897643230985245,-0.017124122526394947,0.004682339623644338,-0.016127080966864993,-0.010035791195927957,-2.2555041381433494e-05,-0.0044234325788853335,0.0025105548105260334,-0.009269659518365225,-0.008297379165421781,-0.015627857680648838,-0.0026575094753190642,0.00043079987312893975,-0.001554662354570413,0.0006212095331388223,-0.00996205023897051,-0.03170521983558566,-0.013422715478303204,-0.019398397504944598,0.014010365374073297,0.0019004266324368357,0.001110819163172072,-0.005957209101428662,-0.006478587817104531,0.05127813279181781,0.0008770063288220387,0.00035100237143054214,0.0,0.0015837912304978996,0.07482496989111853,0.0,-0.0002156281710966601,-0.024362491509689943,-0.038777947504823274,0.0019112301315857283,0.001345209156106253,0.00017422562721447488,0.0026138711130690995,-0.0009855015298261272,-0.04500208664853478,-0.004790389509352511,0.0007125531194621115,0.0012156582762199997,0.0,-8.744326435478067e-05,-0.0007607404064864376,-0.0005136799022121274,-0.0005543010897785527,-0.00039009216981611416,-0.024096783562023882,-0.00018613139501577614,-0.0009815202400210166,0.003823884676689926,-0.03526973443286929,-0.036904009744308686,0.0013358592676604442,0.0003948760050658251,-0.0496786298121068
0.019464142751809854,-0.05013051396113216,0.03158997459920615,0.020477919384583432,-0.028640444623195094,-0.005470978970332219,-0.019372960883788926,0.0,0.008135007219804646,0.0051302636762641796,0.03143981899862386,0.019924777081432032,-0.016899878702166193,0.05624034022857971,-0.021487525877115277,-0.04472787259006067,0.0008874525150442958,-0.047938998109089914,0.06541411952093878,-0.02519447880791953,-0.007944116041780691,-0.03813378874238099,0.005694798964179126,0.03476575027555684,-0.007191244075148762,-0.013983763065662902,0.004904542941487289,-0.018609697472442788,-0.028747878799273374,-0.016387898831227377,-0.015480013173211016,-0.019566613098795704,-0.020638398032325367,-0.00548454986795216,-0.011020297634908971,0.00889245334103489,0.0090689709257879,0.008557794556698861,-0.018942886132037817,0.0024615884296838586,-0.02394348590461004,-0.03875525394592788,0.01973014588964256,0.0016678821670148558,0.0,0.004394722615681745,0.005716510917067652,0.05644298405885684,0.0,-0.002188230501616817,0.011420187968877171,-0.0006441888710064236,0.05079759891806945,0.004020769475550301,-9.367643365987277e-05,0.045735781170936685,0.0001524382831837312,-0.028288206415982786,0.0273665882674749,0.022118357899796326,0.0010245071174631581,0.0,0.0010184620851381165,0.0885976681508262,0.027034018781277758,0.052576114177480315,0.0059887604964318775,0.031420724295296354,-5.551115123125783e-17,0.0014916298138465955,0.009625679876122006,0.010689921338451758,-0.03451002351334942,-0.037418970702379095,-0.04566171232042271,-0.03245511496476505
-0.00455068169808287,0.002340046917361893,0.005782899219515525,0.0052119761283360155,0.03286096097223745,0.00045109443383384296,0.006747924639823266,0.008135007219804646,0.0,-0.0014122905509454942,0.029656318251876423,-0.01281695759023449,0.025929981827264303,0.013411703552854926,-0.0008060796168081752,0.015573059230530595,0.003722987800479083,0.009757685322358933,0.009873299045028594,-0.005065122439312286,-3.0740748224733494e-08,0.007163412894055254,-0.0007562069583818554,-0.0004430392025716601,0.0014003561651689256,0.011561920294661743,0.016328136708377128,0.011503314765853867,-0.00686929081796922,-0.013256112932927833,0.019173507485048147,0.015890406979748806,0.0024056879707758383,0.02950482155286077,0.027099031958244257,0.002947642635198755,0.012019270565442053,0.004347244143604989,-0.03917120453157691,0.0022180690604460818,-0.029240815158818656,-0.014668539907085498,-0.015291932587106039,-0.003424027153301812,-5.851416145763455e-05,-5.551115123125783e-17,-0.0005504465520669855,0.03528658954763808,-6.365193452262385e-06,-0.014932348850087651,-0.0011794172302125316,-0.033160531923946246,0.01634513258590886,-0.00993389476167994,-0.001250884436204247,0.012318133721939295,0.0013616651256999623,-0.047014397944316444,-0.029738573888523412,0.000542145798252458,0.00037714894942419974,0.0,0.0,0.039571467973949837,0.0012600588518671407,-0.0023889417190531836,0.0006214942978086113,0.009289385708520004,-2.237027587104201e-05,0.00021189352290335028,0.00016113461868560996,0.019772622691159536,-0.05488690911028371,-0.011040942708773593,-0.0012197764390665666,-0.050632151407954296
-0.06154929596149361,-0.049763990800478164,0.009194995130153094,0.0176624904135477,-0.037227017813800445,0.026109663281351447,-0.0027358119297242744,0.0051302636762641796,-0.0014122905509454942,0.0,0.003254239170141282,-0.040461383087119496,-0.011334150374997687,0.015695566352959822,0.004570242532230762,-0.05659701247180776,-0.02404399969389759,-0.036486853178480716,0.020155373278051614,-0.032041655781553324,0.008862981319520069,-0.03648848802533755,0.015199480301526624,-0.04617848050999951,-0.030176127369723693,-0.03267084803906678,0.016535518090503964,-0.012813269323204368,0.010696388633799292,-0.0006653914494153534,-0.042310328074173065,-0.0464537605220518,-0.04488604265712659,-0.03833399968166318,-0.0429920991242117,-0.01155595220934269,-0.03347804253652939,-0.0526910964009972,-0.041830022848404536,-0.04926972866531909,-0.0579751094660888,-0.06462326119770284,-0.008529534132130756,-0.002106616023806407,0.008836593411897409,-0.07789608507228163,0.0004849997267873385,-0.0006595767543641218,-3.614245019989415e-05,-0.0010296246146941357,0.0017241408577310935,0.006093715143474232,2.060822445082433e-06,0.0009377846972605242,-0.09710822133187319,-0.0021866128151947772,-0.11668459957069888,0.007693751374570845,0.0,-0.00040083656495970565,0.00421059882426178,-0.04714217995601383,-0.0515554791363958,1.188021277753748e-05,-0.000193023437168649,0.000224212883963959,0.0018676824864281016,0.00015113703516617116,-0.09767716702271367,-0.07614235180796325,-0.07367477393858357,-0.0033467431517822943,0.012218396999687686,0.0021700141247498195,-5.551115123125783e-17,-0.06873924278898896
0.0468047488264573,-0.0002534179100975309,0.04589401552217259,-0.009681884019103415,0.0237105464707163,0.017628963982361245,0.0008910826713194875,0.03143981899862386,0.029656318251876423,0.003254239170141282,0.0,-0.03692829564208855,0.017029732452514768,0.05086216507911029,0.0,-0.00027245698035888166,0.005553540837970938,0.001384939904075011,0.002310607572656387,0.00013688010209672585,-0.021563616028231924,-0.0008011583765297758,0.0726446765455851,-0.05206676181476877,0.009262069547601004,0.009617317920972313,0.03102907151529538,0.025125985313240617,0.005779217357539335,-0.000916394216668337,0.02927556021451344,0.06390569556195358,0.005510618154351499,0.03121017083767419,0.01821686837808001,-0.00012428934269592684,0.02090364004570261,0.011443492241903552,0.013805504459978524,-0.001195720053553062,-0.002135523321122601,-0.0017355614695826471,-0.028855034703503146,0.0016636593907380925,-5.968583917598247e-05,0.0,1.1102230246251565e-16,0.05354251729109316,-1.2325420626346784e-06,0.005671352852770484,-0.030156373836943695,0.00843900443636142,0.02384990498803452,-0.004371229502891094,0.0006893858487832527,0.10230286838024799,-0.0013881244597034326,0.005541918057236639,-0.03468442762741769,5.551115123125783e-17,0.0,0.0,0.0,0.20468984126709827,0.0008154728921738741,0.0,0.00042928997918917355,0.030353479385351545,5.551115123125783e-17,0.0,0.00040796021691985596,0.014936142857255141,0.012719025429170971,0.0003530577504693988,0.0,0.0026481299104343936
-0.03509734862520403,-0.04451503656845618,0.008243813770841879,0.0025630340380429217,-0.03120382062117233,0.008027020706619703,-0.005594854044628117,0.019924777081432032,-0.01281695759023449,-0.040461383087119496,-0.03692829564208855,0.0,-0.015314974042706597,-0.002442272452194416,-0.00401803279303109,0.0023711996082037,-0.03777061341184029,-0.0509654040863195,0.005383862285879504,0.001164095360420836,0.024628111389451424,-0.002817401670724584,0.0033737597113453477,-0.03326190212014757,-0.037356428379075324,-0.012169692137130428,0.004264650528673475,-0.03589627864738354,-0.0009077981202961216,-0.0027407024579043093,-0.046752154680883895,-0.022239903334110134,-0.023298361183068383,-0.036062383059008774,-0.049267384601434316,0.030562703217419995,-0.006609885639958735,-0.029723861263253853,0.12468904310590523,-0.03324960044208425,-0.03225629161143756,0.03840292383391869,0.0013400462678717084,-0.0022106710695772858,-0.000440940145230162,-0.03578811394424042,-0.0007904779877316859,-0.0005980973645408616,-0.0008140638688602653,-0.003044207912768271,0.0012221825889222604,-0.0020837255210730543,0.0006366870618789711,-0.0005035790801289908,-0.08078597683029065,-0.00047726862259112046,-0.08376779815270574,-0.002611009454638269,0.00021451884304501956,3.7774455086458936e-05,0.0021336375386488138,-0.039828653075131726,-0.022852459003262826,0.0008804253898872516,0.00020397390439624852,-0.0016332164500451607,0.0008609532341930515,-0.005223124445174199,-0.05567785255918112,-0.04346397222108439,-0.04588389409646432,-0.003810475259189927,0.002409582902224594,-0.001363658767399134,0.0,-0.05283501627721232
0.046963424858841085,-0.004264989844287248,-0.009865431519789858,-0.032559135024716745,-0.009228752307508248,0.01858335875708461,0.004275894224666621,-0.016899878702166193,0.025929981827264303,-0.011334150374997687,0.017029732452514768,-0.015314974042706597,0.0,0.018858310172232273,0.008845688775415195,-0.00820429096029357,-0.020462677308530075,-0.013137439260215988,0.014537084828175173,-0.006748181706491163,-0.015159818940565839,-0.006006447222226152,-0.007248949616250999,-0.007634571504677667,-0.009470985776672991,-0.019843957004231694,-0.00463256078544283,-0.0011600941736058523,0.0025648513264016626,0.025652553835117664,0.00828860983865537,0.0028364783293508555,-0.01726393933475795,0.001115331340675596,-0.022472171078476155,-0.05592221473946829,-0.03482517307500205,0.009542796647554808,-0.04061041931866666,-0.0047057197825205455,-0.0038657396152995127,-0.13001499506787617,0.00523283686799858,-0.0059974749000521466,0.00011268306177103504,0.0007832965524774971,0.0018100853772184955,0.03738124293074274,0.0,-0.0023188476193679586,-0.008539530528092587,-0.030980788630441958,-0.006963145837224904,-0.008995108076991554,0.0007162152765811669,0.007325592940998826,0.0001997591836023771,-0.04482865536080144,-0.0024876678559204723,0.005490372271963417,0.0018979892126380626,-0.00014581867992041753,0.0010141260592538281,-0.02225057593827906,0.004512995433465339,0.0034187479787326502,0.00044461787615074355,-0.01634205465496469,0.0023040163446623185,0.002938548627959725,0.006463497737618118,-0.021020564230773753,-0.04584507076447797,-0.04710526893502298,-0.10620908454166994,-0.041104148377769545
-0.0068063757684926895,-9.823888167875827e-05,0.021318697267708853,-0.013233134738749291,-0.006703497471867714,-0.004128335014561391,0.007163026356631963,0.05624034022857971,0.013411703552854926,0.015695566352959822,0.05086216507911029,-0.002442272452194416,0.018858310172232273,0.0,0.0022305695214624444,0.00135522484605749,0.00016561786780827648,-0.00027910003450892784,0.030503465486828862,-0.00074225577059428,-0.0005154424722019213,0.0012619950079525988,0.012831767412815887,-0.0045934750729801355,0.001339378027963134,0.0022328740470117237,-0.0021294590389060453,-0.04892343035497598,0.0018486067078700708,0.0010022798620311635,-0.014557075117578755,0.12769751118902645,-0.004265017096753365,0.012213860331503623,0.0006028724002337116,-0.006357189675639807,-0.01920820198165621,-0.0013130717943782289,0.01075205314672334,0.0,0.0002270648783466167,-0.0004991995387670367,-0.035043470638427776,3.5478707946512422e-06,0.0,0.0,0.0,0.022323600668130994,0.0,0.007202762474270541,0.0026770052960874424,0.005878066627096612,0.00998229105095172,-0.03733131235513454,0.0,-0.03556081683848383,-0.0002611205105765291,0.00450734035523398,-0.05521463254894304,1.1102230246251565e-16,0.0,0.0,0.0,-0.0024133867604179127,0.0,-1.1102230246251565e-16,0.0,0.02175465691340428,0.0,0.0,5.551115123125783e-17,0.013722905159902876,0.0012257182170399283,1.1102230246251565e-16,0.0,5.551115123125783e-17
0.014827206932595094,-0.010280551927374093,0.003418193443019246,0.004068240405874002,0.0009219051921641741,0.007129204304166525,0.004144904813570549,-0.021487525877115277,-0.0008060796168081752,0.004570242532230762,0.0,-0.00401803279303109,0.008845688775415195,0.0022305695214624444,0.0,-0.012452608382327757,0.008390970371937867,-0.014793345076100861,-1.1102230246251565e-16,-0.018571391862588438,-0.0002851389437923957,-0.021330725911941517,-0.012945719090756758,0.09828136224715112,-0.014752521055987011,-0.0016064528300004377,-0.01022083881961705,-0.003639813280062132,-0.0007964826577047668,0.0076523185096715185,-0.002594037166723684,0.025768271377744567,0.020241689849146094,0.01149849164293959,0.01137091982924543,0.011987910008924574,0.00012810249118916373,-0.0002814870819656812,-0.0033724701349032715,-0.0007165507724224418,-0.008959575355922067,-0.008418418315350285,-0.004174408349602476,0.0010867314633818403,0.0,0.012320345007329647,-0.017400074710142988,-0.0009568022958564848,0.0,0.0,-0.021181589635364262,-0.0016402213331915827,0.017367821301823627,-0.001036890742948271,-5.551115123125783e-17,0.0,-0.0009118075542305926,0.010068159076618122,2.0204516629762637e-05,-0.05228794728731906,-0.02447102919521854,-0.000564541701593424,0.0039769664833883,0.0,-0.07041786339620476,0.010365150855525085,-0.01500852873836328,-0.1406238603094403,0.00014960685441756105,-0.004872754379907973,-0.017828276781782892,-0.038795056759243385,0.019056272771554195,-0.03744666209437442,0.008029790027470618,-0.025044067219731014
-0.027502027128428197,-0.027833808727373455,-0.004313225852496272,-0.0006164256278078373,0.004733613573026707,0.0188375914269151,-0.0049009306942385256,-0.04472787259006067,0.015573059230530595,-0.05659701247180776,-0.00027245698035888166,0.0023711996082037,-0.00820429096029357,0.00135522484605749,-0.012452608382327757,0.0,-0.04509734408667915,-0.017328218785383875,0.0003659767143909254,0.020954054616381945,-0.027515340353737983,-0.00936556582327952,-0.010258539279704937,-0.06359699748791392,-0.020660324341292835,-0.03384092753335094,-0.0014301785872690709,-0.006188784472425768,0.008134336027800393,-0.028451441718824577,-0.02800297780742711,0.016801044651691077,0.034711332581369325,0.004490925309559468,-0.004196777063171564,-0.0015208729353012318,0.00010937163781149506,-0.0003965723134561894,-0.008977473267302583,-0.03604307306803067,-0.021726974175716507,-0.02247049179677557,-2.6345148112616457e-05,0.0,0.0,-0.01955872345990678,-0.0282028202487537,0.0,0.0,0.0,0.003950132239643411,0.0004317042660670345,0.00357578054355856,0.0,0.0010799562633956317,0.0,-0.0006620638848348626,0.003520126012701963,0.0,-0.023383485102064228,-0.0348774161666186,0.0009864751114310732,-0.06462523124820008,0.0,0.010878068936174157,-0.031144614683895844,-0.017568511553940014,0.013369560419079773,0.005351091097529237,-0.057069797895531627,-0.0328411289602793,0.011791989404410064,0.005191322059420578,0.008991251522724508,-1.1102230246251565e-16,-0.0459071648831913
0.014781475140569544,0.011920625608655866,-2.3303113448724933e-05,-0.00043051387283221665,0.003472592724611534,0.01446582200733676,0.00996900452615318,0.0008874525150442958,0.003722987800479083,-0.02404399969389759,0.005553540837970938,-0.03777061341184029,-0.020462677308530075,0.00016561786780827648,0.008390970371937867,-0.04509734408667915,0.0,-0.018694130523674413,-0.0018854007608684054,0.007945328033581056,-0.0015837066072881267,-0.034718962375086426,-0.0011016466249393342,-0.05157778514620048,-0.02955766251366665,-0.04641117819481516,0.011538007658514204,0.001435114693003614,0.007236219376194009,0.004460112932827942,-0.02330238265650192,0.026543901205471232,0.008616165173521484,-0.015999774037423642,-0.062422094843417875,0.006229725663131569,5.944838786753337e-05,-0.043970637405720436,0.0042000887752994265,-0.05080765862877146,-0.07735268782418164,0.0009440925103710307,-5.551115123125783e-17,0.0,-0.004857067202437448,-0.00833005302166867,0.0032969919040217177,0.0,0.0,0.0,0.0,0.0,0.0,0.0,-0.08640044239721173,0.0,-0.0929734079939018,0.0008338633069539525,0.0,0.0004106961974297274,0.008399658544059385,-0.045496944692346664,-0.08288913334696801,0.0,1.1102230246251565e-16,0.0,-0.00044604393470798476,0.0,-0.03257792990658537,-0.06707380156102011,-0.056808490253753396,0.0,-0.0012131698863168117,-0.0001587708375803687,0.0,-0.08723288103683169
-0.03762630379445592,-0.021827623599332047,0.0035258004260026454,6.0334780670801e-05,0.007070851966437752,0.012284971792701826,0.013347264118367452,-0.047938998109089914,0.009757685322358933,-0.036486853178480716,0.001384939904075011,-0.0509654040863195,-0.013137439260215988,-0.00027910003450892784,-0.014793345076100861,-0.017328218785383875,-0.018694130523674413,0.0,0.001982400727202238,-0.008556935242851005,-0.043820571828237065,-0.022174186854323708,-0.023460426697563208,-0.056859616610009045,-0.03275773057845627,-0.04747728610674595,-0.010669047312155289,-0.012015581799223185,-0.007200035871042121,0.0024734127442122555,-0.03425910578181418,-0.0022806247803041635,0.019208723823927576,-0.014884553607949658,-0.026413678998603696,0.003119820135012108,-0.0003163231145418832,0.004270406709019681,-0.02324835444371004,-0.04034430593318411,-0.029243684877090392,-0.027590681968826025,0.0,0.0,-0.0013236174751204977,-0.014731632111205428,-0.02774747685326623,0.0,0.0,0.0,0.0023568727316843896,-0.00044443262087134894,0.001772200577400851,0.0,-0.0682469247976501,0.0,-0.05851444631260444,-0.0008016872653148766,0.0,0.002671304370470029,-0.04361191711773371,-0.048910348213354216,-0.053472079571074915,0.0,0.0044455127975679964,0.004782109195713258,-0.007730474052402347,0.004730157914489663,-0.03066349190986223,-0.051913859526718786,-0.04825664159497606,0.00318364765968715,0.0019580827854443483,0.008004212648340947,0.0,-0.03961569115264035
0.0,-0.0018422474109777154,0.021461901772785508,0.02247553031960159,0.00272154428319904,-0.00021936160579655306,0.012897643230985245,0.06541411952093878,0.009873299045028594,0.020155373278051614,0.002310607572656387,0.005383862285879504,0.014537084828175173,0.030503465486828862,-1.1102230246251565e-16,0.0003659767143909254,-0.0018854007608684054,0.001982400727202238,0.0,-0.0007488850203568598,-0.0011148384459555016,-0.0021945051711281804,0.10468134768779164,0.002198483671532414,0.0013921455227281498,0.0015629731334181884,0.013175774643655436,0.022341110161753497,0.005162777289373477,0.0023772247110658284,0.02565979025000592,0.023428010982668612,0.00558392796150714,0.04361235163568922,0.02524173152071779,-0.02558198669386552,0.06450249159146126,0.00733805413042965,0.013102524168197238,0.0001110294024167513,-0.006261681264779828,-0.001495095476465258,0.03040538110956853,-0.0029185063174355097,3.1335403732346556e-06,0.0,0.0,0.10534800991770088,-5.551115123125783e-17,0.005775227985858111,-0.0036623249749252462,0.004529224253811304,0.01939780024684301,0.03782066274456375,0.0002778510107668275,0.1163413511895528,-0.0012768918941897245,0.0004504758789908303,-0.02564150691471967,2.220446049250313e-16,0.0,0.0,0.0,0.08110172807487953,-0.0001366709282958345,0.0,-0.0002918575580670435,0.04363109705406221,0.0,0.0,-5.551115123125783e-17,0.05537707384981527,0.0061190001184120435,0.002513351739434677,-0.0004711809871148498,0.00102386743571381
0.034199826686498846,-0.011402851553320104,-0.0006711003997640352,0.006225420807167148,0.0033394240485185023,-0.00188459468081692,-0.017124122526394947,-0.02519447880791953,-0.005065122439312286,-0.032041655781553324,0.00013688010209672585,0.001164095360420836,-0.006748181706491163,-0.00074225577059428,-0.018571391862588438,0.020954054616381945,0.007945328033581056,-0.008556935242851005,-0.0007488850203568598,0.0,0.0005425252433647887,-0.00256144180345641,0.014856729593888562,0.0018930170239378485,-0.0026716084181550026,-0.022338805873453604,0.020136580158847117,0.010639498850563256,0.003693963426102509,0.050828529069153916,0.02096624838073141,0.03306284585846936,0.055871676790870295,0.033472514229464956,0.030072748024646545,0.007518371843516891,0.00360509020270261,-0.0010328870191720352,-0.0006576249053061867,0.02827775612197536,-0.00871784639707257,-0.00309396832553821,0.0007692361809963355,-0.005272617670287472,5.942072048231717e-05,-0.001492037243785438,0.012731951428901989,-0.002463516848806635,0.0,0.0,-0.03501343407301766,-0.00019433969405563412,0.01988413175290593,0.0015673351569318594,-0.00022143560470799795,1.1102230246251565e-16,-0.0008898393260419746,0.009692098375178482,-1.1102230246251565e-16,0.009461159123231755,0.005144306945349508,4.190944488663417e-05,0.003509648170312629,0.0,-0.019824161292398113,-0.015767263825402167,0.012805885502144121,-0.03071907606480717,0.0,0.006131335789492098,-0.013308423054972263,-0.033835803822892085,-0.03086847203592563,-0.03903331252267778,0.003032285433960391,-0.04292293819925641
0.02946629456639377,-0.030087863427112616,-0.0003042566245931022,-2.2255838846296783e-06,-0.0009023555245170622,-0.017657786037826806,0.004682339623644338,-0.007944116041780691,-3.0740748224733494e-08,0.008862981319520069,-0.021563616028231924,0.024628111389451424,-0.015159818940565839,-0.0005154424722019213,-0.0002851389437923957,-0.027515340353737983,-0.0015837066072881267,-0.043820571828237065,-0.0011148384459555016,0.0005425252433647887,0.0,-0.019950173772615154,0.014650840546101496,0.07653286150602767,-0.010091911183152225,-0.0027508159568059853,-0.003664881733844383,-0.011611330218910698,-0.025128876313300408,-0.016803997753538635,-0.021379991130168585,0.012686734146526824,-0.008168125041709107,0.005078749145072947,-0.008050675231803583,0.014337355789785344,0.08779879559266224,0.004090605329634844,-0.009002227675211472,-0.0031535734722593634,-0.007815248442619771,0.009313494354072138,0.0005748621265394549,0.0,0.0,0.08074578420688383,-0.021270995441675877,-0.0009110616843047703,0.0,0.0,0.031549361900766515,7.014585847020527e-05,0.06153450933494253,-0.0028516612929657126,0.00073180236041126,0.0,0.0007220559029535445,0.010900931268271186,5.551115123125783e-17,-0.018829306445066862,0.013675556531357602,0.0,0.0008334099411385076,0.0,-0.030948123633859403,0.007525027588877076,-0.017280283082192816,-0.05987364078369539,0.002677623719181843,0.009462775662364864,-0.01929621700514539,-0.02506028776511554,0.01916802765165304,-0.049000677833270334,0.004121110818608387,0.017046199848365418
-0.015606533826329594,-0.0316794051161175,0.0038480185466721606,0.00446795953607193,-0.002317606152889562,0.0036207019046263222,-0.016127080966864993,-0.03813378874238099,0.007163412894055254,-0.03648848802533755,-0.0008011583765297758,-0.002817401670724584,-0.006006447222226152,0.0012619950079525988,-0.021330725911941517,-0.00936556582327952,-0.034718962375086426,-0.022174186854323708,-0.0021945051711281804,-0.00256144180345641,-0.019950173772615154,0.0,-0.030329398571416144,-0.06329335356491156,-0.02668246887675252,-0.03152526826308383,-0.004867944991929218,-0.02206464255199936,0.006262649657259811,-0.014849739638527593,0.0027876822541065827,0.030602995539094013,0.016115822830655546,0.013179110517736625,0.011219697142638263,0.014446585035330695,0.003129866519993474,-0.0017343471391941256,0.001966429746278253,-0.013086160081385523,-0.01519097543651593,-0.001075545739027406,-0.006436798653013942,-0.0007693152155908156,2.2590910766895345e-05,-0.027458702943395474,-0.02884452505973789,-0.0014564527976649866,-1.1110215986098737e-05,-1.3865310600102987e-05,-0.025502916678410426,0.0004051559684188355,0.007732875479915857,0.0005710174313363625,-0.0009607449523203471,0.0,-0.0018070411247226303,0.0015673745400444639,0.0,-0.0037901326418148806,-0.03310580277845271,0.000293267157109367,-0.04207770877784944,0.0,-0.008545059086587647,-0.00658749157296834,-0.015322872389377684,-0.020081753696497617,-0.0008409652851052996,-0.033063324630002944,-0.024495992273390776,-0.01821168043583965,0.0072033860094294355,-0.021430100918487793,0.001258296631439837,-0.037131717910810935
0.030397217166714174,-0.020779376365280267,0.04275624627052971,0.01566398808770958,-0.016214361309637604,-0.010208025738383253,-0.010035791195927957,0.005694798964179126,-0.0007562069583818554,0.015199480301526624,0.0726446765455851,0.0033737597113453477,-0.007248949616250999,0.012831767412815887,-0.012945719090756758,-0.010258539279704937,-0.0011016466249393342,-0.023460426697563208,0.10468134768779164,0.014856729593888562,0.014650840546101496,-0.030329398571416144,0.0,0.04216483389069159,-0.005573075388689563,-0.000612031632391763,0.01199826712284291,-0.0005210497999443287,-0.004960209169911967,0.0135824971984157,-0.003733629137117833,0.009994926130229231,0.016809275378414423,0.011675800388056878,0.008758935255145817,-0.025206134920508272,-0.007369420085296008,0.008571154036636386,-0.025076074332677667,-0.00964874862343923,-0.020913915174116948,-0.020833484589693974,-0.013317262939412267,0.006194812047485565,-0.0009609934823970878,0.03991866962996343,0.013543036585424717,-0.170707338130971,0.0013413522327573868,-0.01892575428469273,-0.0022689719308165435,-0.012324812714787858,0.08476756103921429,0.011376825448620398,-0.001690266325322598,-0.11334493592064782,0.002788159777730892,-0.021180727270682598,0.01573694114830909,-0.015250778571944512,0.009157423944661458,-0.00010194935960283757,0.005285263012938413,-0.09629430204878542,-0.030466836332551095,-0.01887555034636834,-0.0178759986511402,-0.052658833950149475,-0.0006655539415439393,0.006190724859755359,0.015419184860850144,-0.009275134374437166,-0.027071167582591038,-0.031845354229873,-0.03612392244530216,-0.01723343402499372
0.025801460488452554,-0.046270661785852596,0.00104815165331279,-0.00561230707617949,-0.032703353601191365,-0.002160778673153174,-2.2555041381433494e-05,0.03476575027555684,-0.0004430392025716601,-0.04617848050999951,-0.05206676181476877,-0.03326190212014757,-0.007634571504677667,-0.0045934750729801355,0.09828136224715112,-0.06359699748791392,-0.05157778514620048,-0.056859616610009045,0.002198483671532414,0.0018930170239378485,0.07653286150602767,-0.06329335356491156,0.04216483389069159,0.0,-0.043556005273989784,-0.00855829819926035,0.05122625433775352,-0.02573519020989823,0.044436594309886,-0.00010939944331339602,-0.034096261379718384,-0.07143357969196229,0.003596563300775346,-0.026733022362240955,-0.05831909335875124,-0.002912815587984341,-0.0058989967700825985,-0.03441108769487028,0.00022954278763459568,-0.006686681208218359,-0.016185997247062323,-0.08093946961633625,0.00037351599655011114,-0.0002949808091703421,-0.0036613767678624343,0.027091506963429157,0.007424974582950328,0.0,-5.551115123125783e-17,0.0004026812930818524,0.0005284213898597567,0.0004013975041881612,-1.6653345369377348e-16,-0.0006848886793315301,-0.07513085133974556,-0.0005350112161003895,-0.08385163992387595,0.0025676626590344642,0.0,0.001943399878379104,0.014267826095959002,-0.047669913765489624,-0.02893621748124925,-4.907178167462556e-05,0.0009093391051356869,0.0010059992003698115,0.003445588095815355,0.0006512810911384337,-0.029019007563769406,-0.04341651034729932,-0.0444490501433753,0.0008678790415734272,0.0045184562225324965,0.0011373450725994383,0.0,-0.02964560321630283
-0.023916396318924837,-0.027798198353640335,0.002553633437951952,-0.00021140820089543544,0.004183732060947687,0.016296402368022322,-0.0044234325788853335,-0.007191244075148762,0.0014003561651689256,-0.030176127369723693,0.009262069547601004,-0.037356428379075324,-0.009470985776672991,0.001339378027963134,-0.014752521055987011,-0.020660324341292835,-0.02955766251366665,-0.03275773057845627,0.0013921455227281498,-0.0026716084181550026,-0.010091911183152225,-0.02668246887675252,-0.005573075388689563,-0.043556005273989784,0.0,-0.022649519913422234,-0.0062372665928830395,-0.015036230168449127,0.00014990346765170193,0.0010165847009605544,-0.03451105135225557,0.004384734236940913,0.007801285830189519,-0.014834124191993314,-0.034208065003472565,0.007143442031535829,-0.0006601349798841527,-0.024040785787568575,0.0013982667119937786,-0.031898923274775004,-0.021148216183753343,-0.01268889689185132,1.5380679454168877e-05,-5.551115123125783e-17,-0.007323045669998085,-0.003883586488774682,-0.048362439675956714,5.551115123125783e-17,0.0,2.220446049250313e-16,0.0046259178476319995,0.0014142723712841088,0.004017115652213188,-0.0012920197075300677,-0.06700932591242958,0.0007798786934347102,-0.05937575379567883,0.0054537075483235276,0.0,0.006126910046391432,-0.05719970685661219,-0.04763672670998598,-0.05269024422571017,0.0,0.011626762176109862,-0.04579455268019689,-0.02670231038209836,0.006876392633232031,-0.020788571125443522,-0.0491440607309932,-0.04205210490582323,0.005211098912809575,0.0032400998581574303,0.0163337182136023,0.0,-0.035003459763815525
-0.01652930292481053,-0.02934141984384181,0.005148414143833657,0.0005664524276887684,0.0021779817547950553,0.019551581787160488,0.0025105548105260334,-0.013983763065662902,0.011561920294661743,-0.03267084803906678,0.009617317920972313,-0.012169692137130428,-0.019843957004231694,0.0022328740470117237,-0.0016064528300004377,-0.03384092753335094,-0.04641117819481516,-0.04747728610674595,0.0015629731334181884,-0.022338805873453604,-0.0027508159568059853,-0.03152526826308383,-0.000612031632391763,-0.00855829819926035,-0.022649519913422234,0.0,0.00022336670883710275,0.016682106346752212,0.006566159516483372,-0.002072094835278371,-0.03556849425048553,0.02118540571043892,0.0001038130435829232,-0.01935143107097409,-0.03743247914692355,0.00871553659856994,-0.0022615021128616908,-0.03650317198556269,-0.013537382307858059,-0.04577796869827616,-0.03509396400531767,-0.04197552623874551,0.003996313818620201,8.665893674431047e-05,-0.0007804853915042709,-0.029835513936121383,-0.043589809523342515,-0.0006139096679435019,0.0,7.986125621251006e-06,0.012468422390964795,0.00015664077177962588,0.0011864428166921681,0.0018540461314003331,-0.05974557776149558,0.0,-0.05712516135620238,0.005763362759964641,0.0,-0.030363963118163473,-0.049640727509526306,-0.03663459559682858,-0.04948548301783612,0.0,0.016214626008712263,0.007958114269765948,-0.027594717328985496,0.015617719500157834,-0.008400267741311584,-0.05371045565529442,-0.045350591093364256,0.011918108335912114,0.008647203117511604,0.01817611017824755,0.001049605791956676,-0.04152904181464473
