0.0,0.4755239889011901,0.9818841782586714,0.0,0.42313693745953984,0.36945469634176903,0.4260474950390363,0.7389592922034323,0.40606052812758064,0.22221172239539538,0.3888460051600876,0.871620343490181,0.7201583042614823,0.44114647737290846,0.46848995569298,0.6555915717386734,0.40855677117366757,0.5083150647586808,0.0,0.6808746524694147,0.44841431454904696,0.6035235208908704,0.6841927977663635,0.8683058661313148,0.37110055331884817,0.7682950838420609,0.6903840398781254,0.6256578518726209,0.689746994321206,0.5730077464170155,0.7234541590008792,0.5882638751913322,0.3647050201594023,0.5772806442109131,0.44868550848318534,0.6000069323429187,0.492801728172237,0.43074151597605553,0.4336574201617401,0.5277630757643618,0.523688899496525,0.5630250991284895,0.4709467242364306,0.0,0.4184844086987885,0.40930194271933606,0.5179271131199066,0.0,0.0,0.0,0.17546661429539417,0.0,1.063059116771893,0.0,0.40752748827397073,0.0,0.49576742691646924,0.7049646151485788,0.0,0.5379271943913584,0.3940553462170928,0.2692671372872313,0.6013274383736459,0.0,0.4166860930824847,0.5763211382552687,0.3959350048728486,0.7795295267447349,0.6680743545689609,0.45422480562361306,0.5074335243285193,0.007473247948720507,0.4039258169462185,0.41364481418164634,0.0,0.4133355096907064
0.4755239889011901,0.0,0.4969355004736916,0.3254449721633298,0.3800047215541567,0.4313836516004274,0.46125402534278426,0.652343619804635,0.3337951813036034,0.7152288969207932,0.3220560136196494,0.43821256450187585,0.43417087261687654,0.5063307450744714,0.6380172719680504,0.6835007861417741,0.5420529088603394,0.634195725626392,0.6201830104247912,0.5011239320360454,0.36384258328673175,0.5525916310521352,0.7495129109181446,0.41984178665509,0.4858611022710263,0.5436382196764551,0.5236400787831856,0.44661112599214736,0.3789363108360157,0.43433394681924786,0.6934544017088193,0.4115702600833718,0.29421831546053506,0.5094940155870687,0.5256554782047764,0.4291752920304771,0.2522077441934629,0.0,0.35340296392952997,0.46753096501378516,0.3947897694053692,0.3938447721040071,0.6217553601134016,0.0,0.0,0.4102201925676238,0.4706879292777136,0.051072929734335984,0.0,0.0,0.12564836103991595,0.5990884800994396,0.5466721891523313,0.5578799903956135,0.6139861736066802,0.0,0.4255495648502322,0.6020787369295966,0.0,0.44085400210679165,0.42452332875779597,0.6087484426454659,0.5611986751032427,0.0,0.45814742281611487,0.4091158907439453,0.5189907119098747,0.571709056935962,0.3713783170717897,0.3459323221643333,0.4869255863919535,0.4474744966096416,0.5859098433329762,0.4340924366488593,0.0,0.4288062950845181
0.9818841782586714,0.4969355004736916,0.0,0.5608890814387972,0.6845627429389575,0.3456778787897259,0.6450569448993927,0.6476674818137653,0.34584786961945535,0.2326733455686736,0.4067405417335756,0.47738014877291746,0.7200554985711505,0.7084286601724339,0.328815745692765,0.7813489909024001,0.5953539665150578,0.5026669553056882,0.25590354005714533,0.3705942529136899,0.7256871590758915,1.1991101841849363,0.3940317604170787,0.39604404329423143,0.494198861650537,1.3861850175606398,0.46007232015225863,0.7807013879686255,0.8724157710460203,1.0745628713055015,0.7356524951216974,0.7656617613400105,0.4540020473126781,0.7324701731008765,0.7400756189230899,0.614636696071414,0.5774936756650821,0.431952183983625,0.542532182689699,0.471464149353109,0.26267971642422505,0.5346150336288933,0.5227812489682997,0.6134285695090896,0.0,0.0,0.1966100509693472,0.6895553812123311,0.4737913809398415,0.4400946533643623,0.45057578016260635,0.4759716429204862,0.4668454479871765,0.6329897072512254,0.39001561412190194,0.7152502844290347,0.4563501143692224,0.49113281808793946,0.47092414734315247,0.24282646733492835,0.0,0.0,0.0,0.6335918151306691,0.5928190091986923,0.44232982140644583,0.09510484767170686,0.5456816597639071,0.0,0.6235190081314443,0.3335431713827401,0.5180573604826804,0.4780420457744968,0.5945703239254727,0.6848252195462514,0.210922634013153
0.0,0.3254449721633298,0.5608890814387972,0.0,0.37012280684811005,0.7362834353879156,0.49001732689183164,0.5246573143011553,0.6684971302637763,0.29645763116355933,0.6001896765030243,0.3244953164758637,0.6306903856726664,0.5775096081318856,0.5364122202032636,0.07337815977562573,0.539718275168628,0.47044952381721095,0.6640174644040858,0.5457750527548206,0.41947825557362783,0.49365021353217653,0.7230685928209643,0.22224185570227428,0.8650862175595506,0.5824857538218702,0.7006110461429199,0.43673833663019024,0.38029431831744764,0.4869824854837963,0.490891748217661,0.5248262612209933,0.16318572818745197,0.2277246342349662,0.2977567268876744,0.3066195110009862,0.2486067681107596,0.28751242071371635,0.16102646795849393,0.28431776873275316,0.3824909798346981,0.2714857664317002,0.22850089476190105,0.2238878636442022,0.0,0.0,0.0,0.37823934617268806,0.0,0.0,0.5732492799471371,0.0,0.4663395902409745,0.01287817911357994,0.0,0.17989381356652007,0.4582943249093877,0.4473805931996676,0.0,0.0,0.0,0.0,0.0,0.0,0.0,0.0,0.45540288089051195,0.532417269767687,0.0,0.0,0.0,0.47073913006864454,0.520490151038826,0.5585405701498907,0.0,0.0
0.42313693745953984,0.3800047215541567,0.6845627429389575,0.37012280684811005,0.0,0.6845594692106667,0.6141647521588778,0.6010380136012244,0.5772304924652797,0.7302852165534126,0.48291402629351754,0.5231437833298436,0.8640646808722562,0.4808471997196245,0.4424537301910584,0.48131929981246374,0.9302129290505523,0.891360788468269,0.5651926995456262,0.4147911996570779,0.5376506997034725,0.7754784233602836,0.6015974783609315,0.4937375516276846,0.9204242322033805,0.9425709634708977,0.7249438002712381,0.655425965980964,0.7993169817450327,0.7479695041747237,0.6915615144768569,0.482747079685305,0.41195056704970534,0.7477810220028525,0.5495068756314889,0.31896074504883604,0.1726387444724767,0.4860470665457802,0.6109197966100963,0.7058431794439357,0.5262550238288018,0.42084396503889665,0.4059835703837544,0.6826942539324112,0.2489527384801558,0.0,0.3904929318652843,0.4777982291059428,0.0,0.25980423027620314,0.4657920333091003,0.5616101395366879,0.5063725463230679,0.559151061329548,0.0,0.5958268879491391,0.33489815101247566,0.6587288313370253,0.6370916271214566,0.24906835513083214,0.44649528352121237,0.0,0.0,0.5543036067157172,0.3365833606983565,0.49134820597039897,0.3715705333404871,0.5098644999898964,0.0,0.4727212949514795,0.5738701926871255,0.4774609761750547,0.5507498428200374,0.4210995735197841,0.0,0.47521522283571005
0.36945469634176903,0.4313836516004274,0.3456778787897259,0.7362834353879156,0.6845594692106667,0.0,0.6668156740548292,0.6301183554461688,0.4263407771261691,0.6189532710259317,0.6358311065954599,0.5864920376682439,0.628801069647883,0.6995211223059166,0.705006044304592,0.6711317427968431,0.4704524177180833,0.6357301639318935,0.6551137893548908,0.6178962030308062,0.6468675334493901,0.5974784610314062,0.7091802032936909,0.29764569235806854,0.5023684834040465,0.5977926658334697,0.5942999468190255,0.625094245175451,0.4845655931714353,0.7699641687203238,0.6320720746242816,0.7174227036041398,0.7650439762045871,0.6608795310860571,0.7132517254503047,0.7525173634768694,0.6213095711787135,0.3728941024019512,0.48812197253308903,0.2935720366437558,0.43926640566111697,0.4174908043697864,0.4277914556326613,0.4936722575725533,0.1957748313870849,0.583616350670177,0.6434199375718561,0.459098887910127,0.551974273015933,0.2551059082439071,0.48933295203225957,0.43840477063257566,0.5412978171771526,0.5586285727461575,0.6416382174388764,0.47363580546378964,0.3178333875483895,0.4636272622554436,0.2707907569907223,0.5305985017409105,0.5516211530179382,0.0,0.5145840520206328,0.38503545689590496,0.47799574488556434,0.5027325920358723,0.5810090231449194,0.5524205165716072,0.5843206618991518,0.4600437821741395,0.43293318312696794,0.5476405522471973,0.5037823183098493,0.5565262301978451,0.4242234583674147,0.445594888412866
0.4260474950390363,0.46125402534278426,0.6450569448993927,0.49001732689183164,0.6141647521588778,0.6668156740548292,0.0,0.5178355091577934,0.7297702141817091,0.5485828852009653,0.5473534449931539,0.12912561077194912,0.8682029831039106,0.40876575272161664,0.4787511243425555,0.6678050240514034,0.6080092469583853,0.5373197445342923,0.5974037236289639,0.7474835498401652,0.43813173223185864,0.7126511207718396,0.6994487980008425,0.24046240280921782,0.5480730937736875,0.6903139240165052,0.6495791255782929,0.6974016402505381,0.7094127002133737,0.8616247743279231,0.6333352827258787,0.562887643894522,0.4433920166204134,0.4768477410245407,0.20482742955445296,0.6555196268420487,0.38847976330447376,0.28372436906645077,0.6032920988769466,0.3960559623540848,0.5752603822769539,0.5233485501144657,0.16257855999368548,0.7637329738941236,0.3196108773282532,0.0,0.5561430644629273,0.35060138254338435,0.0,0.5136173491195634,0.4192882374572413,0.539139941402716,0.5338063053561809,0.5869416597908266,0.5527611946428769,0.5699662343900487,0.4357293105733399,0.45452630802798355,0.38930493516990944,0.31632408547913815,0.5718269885212467,0.0,0.527323797258699,0.40528916483680943,0.5670916138408335,0.49533036425954285,0.5930140322957802,0.5212715568157963,0.47091840235361593,0.5997108409116749,0.503731521775181,0.5437802233564694,0.5267561080753331,0.15594084557939752,0.7506999907126342,0.474851237692825
0.7389592922034323,0.652343619804635,0.6476674818137653,0.5246573143011553,0.6010380136012244,0.6301183554461688,0.5178355091577934,0.0,0.6289228746144557,0.5102449356191383,0.5574421884366203,0.6139310428099126,0.6212042521491575,0.9581841345247193,0.5293509442198108,0.7116867397109028,0.42733064888163774,0.5952068292877433,0.568909284071258,0.7909385165892338,0.7291772275954063,0.6992613102763019,0.714192311527317,0.6599923950310793,0.5410673078825801,0.6116327770144891,0.6682656957295849,0.7936539105490181,0.6325616733117134,0.9736202674100556,0.6732147876006644,0.8517862349740986,0.6384381780848081,0.6772298111912696,0.5710994479570224,0.23448363080796134,0.3667941564614017,0.5833669207837768,0.5010738229907679,0.42610180450054147,0.36804270667892136,0.3761223430471082,0.6601951826183499,0.426100919881229,0.0,0.5451944493135992,0.6034936059738372,0.4696569055519879,0.0,0.45485148636115025,0.5717788353046878,0.618063174952483,0.3292208472384075,0.5450794260227102,0.8225948925671995,0.5307012283847208,0.9297136314792811,0.4065658597921604,0.5239130450799223,0.5808517669745086,0.3601554111429355,0.0,0.6351854527870617,0.48287126422916193,0.8238839491312657,0.5710279895369964,0.413037009791151,0.6269231219799838,0.0,0.41699280836896047,0.6936095577302499,0.6264399813634288,0.5633781286259256,0.6726895313923202,0.46927891156758755,0.3620411571231369
0.40606052812758064,0.3337951813036034,0.34584786961945535,0.6684971302637763,0.5772304924652797,0.4263407771261691,0.7297702141817091,0.6289228746144557,0.0,0.576439688387033,0.31388318544507,0.3601217769698932,0.7645267989882243,0.6237661952180313,0.573621850823647,0.8033587169395481,0.8479504171505527,0.5405356342230934,0.22041926360041625,0.6754284333300101,0.35374012672650745,0.8338456108734951,0.6087669339975409,0.28764068362961775,1.1515376509598805,0.5685554871277206,0.5757050319259573,0.7237644964799875,0.5948977152120314,0.5695683798741905,0.6798711062014797,0.7643120352987117,0.4498696023695035,0.7112871843514241,0.6776469593222545,0.5829498062341689,0.6599719176152856,0.5126095562619285,0.3699080704774655,0.47967250947179974,0.4112435340753981,0.3670769952177062,0.43945379965739284,0.437266365644924,0.274918869431075,0.0,0.48275424615344104,0.5280741880824149,0.46961540363264387,0.4953786367944309,0.49194998472958595,0.5578878222540318,0.5100377647091878,0.5182002752334813,0.19782869629942357,0.5740193918593279,0.40885294292982416,0.47468286167798934,0.45757697113239604,0.44834962448441107,0.6542389229444386,0.0,0.0,0.4841664658598859,0.5793053216952972,0.6920542939595201,0.532581160288815,0.5754373240889963,0.3179885578882359,0.534668770197522,0.27360672651930346,0.5469512588456146,0.4793367821867053,0.5353354748639715,0.5044501479014594,0.5845785398085307
0.22221172239539538,0.7152288969207932,0.2326733455686736,0.29645763116355933,0.7302852165534126,0.6189532710259317,0.5485828852009653,0.5102449356191383,0.576439688387033,0.0,0.5296621719230569,0.4317083772721336,0.6044823370033916,0.8210820360270139,0.4533391725337585,0.36939669923946716,0.7152895754838596,0.5942361086145453,0.4730917891393429,0.37738592827868533,0.4891763852083706,0.4220081390286886,0.5192381059609505,0.36770747311791685,0.7089258246771883,0.6241194997316459,0.3233389648370596,0.48768175502336647,0.3698752957770504,0.3644717326566698,0.7503193168535257,0.12300951891219114,0.5545968372435424,0.3648347537120164,0.3612333768873178,0.6765838399164472,0.6698155207913873,0.3093915550819555,0.23434086732105566,0.6236693771953576,0.46861592092302823,0.807686159320832,0.2682266965999258,0.2920795309856372,0.4450557217369034,0.5512700110613533,0.4057564594186357,0.15131088126013076,0.48107730784612135,0.4114663622034864,0.4922624219627596,0.5355599041008945,0.5633158824880098,0.21064319968686154,0.6912446709961408,0.42742729785600975,0.6722799909275323,0.6122883150583325,0.0,0.8969456785549615,0.6906503370745021,0.7401897519675109,0.7634299013484074,0.46706625759574144,0.4639796593552028,0.5448585240852851,0.5491990195688854,0.5389104692809081,0.5169740138616504,0.6648481374552828,0.7034764646830192,0.5636740509951139,0.44752682980003267,0.39299682205232184,0.0,0.5594967743715527
0.3888460051600876,0.3220560136196494,0.4067405417335756,0.6001896765030243,0.48291402629351754,0.6358311065954599,0.5473534449931539,0.5574421884366203,0.31388318544507,0.5296621719230569,0.0,0.505289920032133,0.5415727808370504,0.7054163687255788,0.0,0.5128786394570919,0.48485261475834235,0.9576698376079413,0.402037560016624,0.4455533375332521,0.4977659713970101,0.3804660316250837,0.2741815661863801,0.43443997818385593,0.5064572240717568,0.5273453044767504,0.43416300271446545,0.533201739792545,0.3902445726536601,0.5003765501438513,0.46851185418756436,0.5964959430576815,0.38669203934652274,0.5850438780837383,0.44905582424782714,0.5579232326635432,0.5510649166899921,0.4951641716632914,0.38362333539760785,0.5334375704233139,0.4899505382187269,0.44842316068639776,0.5199688513322993,0.5516215030280083,0.18415262113755348,0.0,0.0,0.4389528057677026,0.466902789477986,0.23571811128732217,0.46007685392764613,0.349816186413359,0.4351023629073257,0.5840475715760429,0.45701390198934255,0.2858892716718299,0.3839536204231274,0.39556505450414137,0.4761616043188652,0.0,0.0,0.0,0.0,0.39459076524865894,0.3488850289192622,0.0,0.660322115832773,0.48045323995679534,0.0,0.0,0.8877467051142303,0.5155114596020695,0.23705780945361737,0.3479139399162946,0.0,0.5273238834356428
0.871620343490181,0.43821256450187585,0.47738014877291746,0.3244953164758637,0.5231437833298436,0.5864920376682439,0.12912561077194912,0.6139310428099126,0.3601217769698932,0.4317083772721336,0.505289920032133,0.0,0.3578227114591866,0.6079348799899115,0.4088114830604229,0.5744493180886026,0.524361827027525,0.9014159965163473,0.46700324204351046,0.5544577604230083,0.44499481982821176,0.42439832073275,0.4275064147283485,0.3999588954068044,0.7139218298318264,0.6190641644773265,0.48241786324271607,0.10289762526857835,0.5983187613490057,0.29449913285300805,0.49177594534075864,0.06488886663460022,0.4048093947147243,0.027711736228803963,-0.004854894931154929,0.039862449734216654,0.26525318554763444,0.0962130100455389,0.585105381568586,0.7495727443929514,0.743707369638269,0.3087136447939625,0.37211902239747097,0.4123169059207644,1.2315958987178817,0.376243536674404,0.7203951121017655,0.2495181094944776,0.1971533102851752,0.25810624090797296,0.34139313648794956,0.4787239422853278,0.23454822019288823,0.3850126437986233,0.8418610619344602,0.23082707780422174,0.8200306951923989,0.6699728321759024,0.6725599112598108,0.6219181567713613,0.5316845052707795,0.7876868144605546,0.8503040739427035,0.33501117631577504,0.7312066286506643,0.7604421354599973,0.40390969711893343,0.5479619582006496,0.7196507657779524,0.8129712975118564,0.7801325473027546,0.3530787398447992,0.8286186801525359,0.47633093241685664,0.0,0.753617510375094
0.7201583042614823,0.43417087261687654,0.7200554985711505,0.6306903856726664,0.8640646808722562,0.628801069647883,0.8682029831039106,0.6212042521491575,0.7645267989882243,0.6044823370033916,0.5415727808370504,0.3578227114591866,0.0,0.6971979700610083,0.643222646731407,0.6096721606828237,0.6314195577697024,0.6291107903066662,0.6395816739935228,0.7123040951923627,0.5462127544792454,0.6089466546660351,0.7926075287366943,0.4378560675251142,0.6332968336312339,0.7562849533858031,0.6786684695912248,0.71678509094451,0.6009227383370455,0.7714872032187146,0.45266713704950556,0.6555075013989389,1.027435884204393,0.5867615341421256,0.31444853581432175,0.7300138164291573,0.5556644484059919,0.2746823277466226,0.30733979441570325,0.47335823059899607,0.5022862295258433,0.5352833864551498,0.5587625738154025,0.3814410270465941,0.3660065635762605,0.5791183972522868,0.6259935473678635,0.46454602523415467,0.0,0.6252181885281667,0.5538932206618085,0.5019109754800865,0.4767772542065184,0.5896904515157865,-0.1664813876084938,0.42713980916886485,0.4341443239863365,0.5427182406726114,0.4250601753075284,0.43214333230175905,0.4828106623290964,0.3771429007770829,-0.04052482582133021,0.5116171950391177,0.5946716398039584,0.5525983059988449,0.5121361061617973,0.6110771998695237,0.4781220674369393,0.4812152663314442,0.4626389491479201,0.6133934334976758,0.5159168463887842,0.47068337528768517,0.5053950901237254,0.4876599954601635
0.44114647737290846,0.5063307450744714,0.7084286601724339,0.5775096081318856,0.4808471997196245,0.6995211223059166,0.40876575272161664,0.9581841345247193,0.6237661952180313,0.8210820360270139,0.7054163687255788,0.6079348799899115,0.6971979700610083,0.0,0.5102313336744553,0.5541886485123212,0.4535115872986274,0.49972370634550534,0.6473159248593917,0.38541370303137656,0.7681378366766494,0.24966382466166526,0.8233449935076467,0.6052532957857237,0.7719750400254053,0.6516445174549034,0.688142433917541,0.501686310738515,0.37092071957089395,0.7658260795648535,0.6417611151967033,0.19080931062313553,-0.06184617044296964,0.7748803216033029,0.35857021378216447,0.34886651515704503,0.3237815839028826,0.4039006471151403,0.6994535690343708,0.0,0.6867280316140759,0.8191046653504952,0.6457227002316238,0.47300217750164364,0.0,0.0,0.0,0.4758651261201014,0.0,0.4646243956646041,0.44164957353184675,0.4619981572958761,0.5449675406483976,0.4098530629276643,0.0,0.5310157620920444,0.3809783661555195,0.7027488009323137,0.3425634076631695,0.0,0.0,0.0,0.0,0.41789660902981063,0.0,0.0,0.0,0.44795976213264704,0.0,0.0,0.0,0.4757529663215664,0.7290523304296892,0.0,0.0,0.0
0.46848995569298,0.6380172719680504,0.328815745692765,0.5364122202032636,0.4424537301910584,0.705006044304592,0.4787511243425555,0.5293509442198108,0.573621850823647,0.4533391725337585,0.0,0.4088114830604229,0.643222646731407,0.5102313336744553,0.0,0.6636809906384341,0.3672849378399228,0.47028539901221783,0.0,0.7544221151995327,0.5920641256373054,0.8876176258746931,0.7678566518071608,0.7790454186282227,0.5043950933947452,0.4414648235216667,0.7305578563828099,0.5722952896009996,0.55406456685572,0.38988992527192246,0.6548409578915191,0.5375353567656653,0.6059332707762404,0.5690540339914016,0.6191963056415837,0.6220380970896817,0.6738438485438255,0.37213615232301794,0.3809836031581663,0.4694932678273836,0.4582668835253164,0.5151224919983102,0.45266670716203566,0.590100538628059,0.0,0.5101270516435155,0.6708653511659152,1.1074958869668203,0.0,0.0,0.504312849522635,0.6848515931202169,0.5826267709193197,0.5329037770393747,0.0,0.0,0.658288840254447,0.5195298703151133,0.4698877924258511,0.7028337965391167,0.5654295301679905,0.6175727859897217,0.7154035578268272,0.0,0.7655025760787764,0.4281773703738006,0.7581903722781742,0.7242072972749708,0.43911716026010417,0.7720399195706786,0.5025642806564314,0.6745012761351001,0.579216315927515,0.4833635851792243,0.48926062680955484,0.5140482354029678
0.6555915717386734,0.6835007861417741,0.7813489909024001,0.07337815977562573,0.48131929981246374,0.6711317427968431,0.6678050240514034,0.7116867397109028,0.8033587169395481,0.36939669923946716,0.5128786394570919,0.5744493180886026,0.6096721606828237,0.5541886485123212,0.6636809906384341,0.0,0.5543460684590393,0.4459008096243818,0.4447179632568756,0.6593475952716701,0.6267833759639523,0.860912360875818,0.7958710523737496,0.7240055428683527,0.5951761808400049,0.7121713757497548,0.7328312184857779,0.5354382393371907,0.6447910402290148,0.6752168113032879,0.9008787294575562,0.5651843141625101,0.5731194192139148,0.6845376557339717,0.7679206660448278,0.6385289040909473,0.35916233718724555,0.5850361557761012,0.5613017422072893,0.49101499886716427,0.6699506142769451,0.5509891446317573,0.47046729679318655,0.0,0.0,0.46243944552456595,0.7414088326818158,0.0,0.0,0.0,0.16671084235582426,0.5819147813191433,0.8590770760626708,0.0,0.600654778420791,0.0,0.46376997801647324,0.5746213112512721,0.0,0.6318572054040592,0.5872133801402131,0.5844503132278732,0.5178711297289713,0.0,0.6308576873980369,0.651655417754675,0.7088463914706611,0.7152935588719556,0.36120983062499035,0.5159826138865331,0.7273403760517523,0.5218331431424942,0.5746121517374448,0.6184942773302473,0.0,0.4583891906143465
0.40855677117366757,0.5420529088603394,0.5953539665150578,0.539718275168628,0.9302129290505523,0.4704524177180833,0.6080092469583853,0.42733064888163774,0.8479504171505527,0.7152895754838596,0.48485261475834235,0.524361827027525,0.6314195577697024,0.4535115872986274,0.3672849378399228,0.5543460684590393,0.0,0.829482426722678,0.6327755613030744,0.3629691391702794,0.46886665039180714,0.5037854118845408,0.4797440443474249,0.5775744943497754,0.7222381122582009,0.6841173415784476,0.5347590456942455,0.8166625581975315,0.29169917477374274,0.4884820860202736,0.9270332843299008,0.6163091525522502,0.631056190923643,0.5715154805254322,0.5771650781549338,0.859255342681424,0.23875826287899193,0.2763808486522721,0.35036081985290524,0.5021425455677084,0.3971984180868359,0.5814606151859716,0.0,0.0,0.5096842402077244,0.6118190096188453,0.11253486715477815,0.0,0.0,0.0,0.0,0.0,0.0,0.0,0.7911147791204287,0.0,0.5680701727209346,0.3056296350449765,0.0,0.7547374798356601,0.26661927224692916,0.6779436046576555,0.5854850878271032,0.0,0.0,0.0,0.5658896431031111,0.0,0.7379124759986802,0.710556284822884,0.7106971408902587,0.0,0.27868236058707,0.46877760711005245,0.0,0.3380903136748886
0.5083150647586808,0.634195725626392,0.5026669553056882,0.47044952381721095,0.891360788468269,0.6357301639318935,0.5373197445342923,0.5952068292877433,0.5405356342230934,0.5942361086145453,0.9576698376079413,0.9014159965163473,0.6291107903066662,0.49972370634550534,0.47028539901221783,0.4459008096243818,0.829482426722678,0.0,0.47358716487716956,0.4923869532158077,0.4522690810583996,0.6940365977661695,0.6564578736981423,0.6465490570343465,0.626081724349207,0.6168537687137057,0.6797221756448917,0.5852876905472801,0.4943684411762641,0.3948115638918577,0.686734108024146,0.5317279667664606,0.6912411794790914,0.7490764623138157,0.5550611552946545,0.9442200980816527,0.25248646219480364,0.3968791200042395,0.5585780187293381,0.45629205240329507,0.5079444466469866,0.6148435499372453,0.0,0.0,0.5847618346999169,0.42175716421008547,0.6089074206005683,0.0,0.0,0.0,0.4737895048159594,0.5546773877981522,0.8620950524431452,0.0,0.8791588974589521,0.0,0.6551052709820445,0.5183367917545492,0.0,0.6828156167547879,0.3912012621748746,0.8880502555137527,0.6509989755136882,0.0,0.46280243849142694,0.04596931423343764,0.5294123057569609,0.7025311010762381,0.7402223036589237,0.5371557716699622,0.6125445119227815,0.45585540559375276,0.6651361804630269,0.4267964541272057,0.0,0.5719436018059816
0.0,0.6201830104247912,0.25590354005714533,0.6640174644040858,0.5651926995456262,0.6551137893548908,0.5974037236289639,0.568909284071258,0.22041926360041625,0.4730917891393429,0.402037560016624,0.46700324204351046,0.6395816739935228,0.6473159248593917,0.0,0.4447179632568756,0.6327755613030744,0.47358716487716956,0.0,0.5396022229361337,0.45114325091672514,0.6828888559930082,0.15438886361882495,0.43651601806864004,0.503877341902955,0.4830246753300145,0.6549859511889708,0.6766237818843212,0.5706543983533205,0.5790478384578484,0.5845684278537839,0.6761286059181106,0.44231447883605146,0.6269605883959288,0.5274049023962686,0.5093449576661959,0.4688627573618068,0.36519751353980606,0.7184991428501305,0.3826175443346905,0.39759633236455727,0.2130245051139473,0.5019053198138449,0.35600013223525345,0.40111583106629983,0.0,0.0,0.6081759754403351,0.0,0.3776322963361257,0.33434439338473976,0.5239878706465829,0.49405758892731205,0.5430773180200086,0.8681550896084023,0.5406091861501656,0.5018619022220022,0.4195891055703645,0.39523904295640117,0.0,0.0,0.0,0.0,0.519471955013454,0.46966679867436867,0.0,0.4917623068272696,0.6120003656936419,0.0,0.0,0.0,0.5295219572112189,0.483811895118211,0.4251757351004044,0.4741118408532426,0.52377539115805
0.6808746524694147,0.5011239320360454,0.3705942529136899,0.5457750527548206,0.4147911996570779,0.6178962030308062,0.7474835498401652,0.7909385165892338,0.6754284333300101,0.37738592827868533,0.4455533375332521,0.5544577604230083,0.7123040951923627,0.38541370303137656,0.7544221151995327,0.6593475952716701,0.3629691391702794,0.4923869532158077,0.5396022229361337,0.0,0.49270324014819517,0.6599841010118016,0.7330316714279198,0.5329941944859921,0.5604636018388025,0.5801778523647223,0.6547586936093049,0.7103821459204622,0.7705228694415283,0.10325342259935022,0.7599429259902624,0.43834381585423654,0.5423914291940483,0.5364806375161679,0.5527863010432836,0.5652893410481195,0.6430234077052615,0.7695775837204459,0.47261332454568383,0.3891869198239447,0.6722057634321155,0.3427008941199605,0.49197397300028967,0.2679527363467078,0.20105700118821912,0.4473282501150131,0.4357326175285206,0.4545216843495846,0.0,0.0,0.4581368347742228,0.6014746955005799,0.7070296647237043,0.3969095609852591,0.9269719993231713,0.0,0.5283788267880442,0.5137029187749074,0.0,0.5817027543057361,0.5203387471763135,0.47030062450123317,0.5530528444576147,0.0,0.5695775581830822,0.34275144738273855,0.6561614899618222,0.5467211582947912,0.0,0.5170701875329557,0.5099103137509106,0.5594333248290764,0.5441632340947551,0.4588301066128657,0.39021486032094566,0.7399946708368681
0.44841431454904696,0.36384258328673175,0.7256871590758915,0.41947825557362783,0.5376506997034725,0.6468675334493901,0.43813173223185864,0.7291772275954063,0.35374012672650745,0.4891763852083706,0.4977659713970101,0.44499481982821176,0.5462127544792454,0.7681378366766494,0.5920641256373054,0.6267833759639523,0.46886665039180714,0.4522690810583996,0.45114325091672514,0.49270324014819517,0.0,0.4563518502661218,0.7879474139832761,0.6743408789889453,0.36759741995666095,0.4766655750477338,0.6198865234944004,0.5667596156804826,0.332332767002797,0.7619884091317604,0.5094402081318391,0.30463893619660454,0.2101971105277819,0.38962355706252605,0.5508562983916754,0.503762200884279,0.31252708990430417,0.5100178348492229,0.5418344689555046,0.47965064378888855,0.531989612340023,0.3844855559380967,0.5642890960197173,0.0,0.0,0.251349595983689,0.48597435556242075,0.8775208945349431,0.0,0.0,0.7165301897223987,0.40088671928492564,0.8177137415022377,0.5027041146660984,0.5550705130174789,0.0,0.73741140798337,0.8923559176097804,0.0,0.5772240542854795,0.3696867963050344,0.0,0.5014131473406975,0.0,0.6527663606212584,0.5324631670629498,0.5565256639357674,0.7164071514903996,0.760590095044609,0.14280629023877317,0.6071691118542095,0.7035473005274046,0.7064075811044568,0.7399346205850601,0.3500148630001545,0.5784701710608146
0.6035235208908704,0.5525916310521352,1.1991101841849363,0.49365021353217653,0.7754784233602836,0.5974784610314062,0.7126511207718396,0.6992613102763019,0.8338456108734951,0.4220081390286886,0.3804660316250837,0.42439832073275,0.6089466546660351,0.24966382466166526,0.8876176258746931,0.860912360875818,0.5037854118845408,0.6940365977661695,0.6828888559930082,0.6599841010118016,0.4563518502661218,0.0,0.8899085329021903,0.45497670953360314,0.6596134954575694,0.6126704538733603,0.6159853436392108,0.6531952430932193,0.6133592550043274,0.7306487413199743,0.8195261806870182,0.5041420197255472,0.5601624346363586,0.6510115378734883,0.6003448977544578,0.5518926040436494,0.7927597502109895,0.5297325869688436,0.5055237935413243,0.5434597705499724,0.4894339189463934,0.30196983478446465,0.44903311151487546,0.34724091256841483,0.2344669107162205,0.49582658454687556,0.6891616676246841,0.5690133612138499,0.4712696653596776,0.2400469872030303,0.6460148494443698,0.6534984606914039,0.5428650111347656,0.6286927268324902,0.415524074607434,0.0,0.502395442672298,0.5759047302519157,0.0,0.6369185137689457,0.5082735446624891,0.4090048610804442,0.5878872634147057,0.0,0.5818408526581031,0.48200167203975997,0.6737364060226703,0.5675204919506728,0.7109291224552828,0.5930917331035919,0.6036097851648702,0.6638505409732884,0.5072547520302304,0.511891378291191,0.557361685270056,0.45740774580878474
0.6841927977663635,0.7495129109181446,0.3940317604170787,0.7230685928209643,0.6015974783609315,0.7091802032936909,0.6994487980008425,0.714192311527317,0.6087669339975409,0.5192381059609505,0.2741815661863801,0.4275064147283485,0.7926075287366943,0.8233449935076467,0.7678566518071608,0.7958710523737496,0.4797440443474249,0.6564578736981423,0.15438886361882495,0.7330316714279198,0.7879474139832761,0.8899085329021903,0.0,0.6930881900440424,0.5814429908660158,0.5895589030255793,0.7138359471782968,0.811214432877168,0.7843680771741401,0.9165070561086786,0.8266969069179585,0.893567064506881,0.7119008428097774,0.8156210583166688,0.869031941478055,0.7964768244199221,0.814509295766652,0.3110467142565376,0.6019162375750563,0.819411508469355,0.6041730497387523,0.5866555453607285,0.640297950640032,0.6054190325368471,0.5399191182107506,0.4281810677384072,0.7435801864209617,0.5818032318847428,0.44395860099985396,0.47215293127424895,0.600280856539352,0.5521932625637461,0.6288270796146069,0.5788673926889479,0.5405766006195041,0.6093282932796297,0.4345983886244215,0.48433125273331357,0.5642150112592141,0.6677405431014962,0.5718454738716403,0.46397965935520435,0.5221687167999363,0.5629849316410055,0.6714728936360969,0.7324039772708413,0.7052584162731678,0.769382250719441,0.21288927960666798,0.5697906823586675,0.6477327272695526,0.6267593342092045,0.5371926191039573,0.696369700897502,0.7191131936865529,0.5156644703965053
0.8683058661313148,0.41984178665509,0.39604404329423143,0.22224185570227428,0.4937375516276846,0.29764569235806854,0.24046240280921782,0.6599923950310793,0.28764068362961775,0.36770747311791685,0.43443997818385593,0.3999588954068044,0.4378560675251142,0.6052532957857237,0.7790454186282227,0.7240055428683527,0.5775744943497754,0.6465490570343465,0.43651601806864004,0.5329941944859921,0.6743408789889453,0.45497670953360314,0.6930881900440424,0.0,0.6234853627477519,0.5156515295242741,0.2366673384628654,0.067477429489467,0.5532425291603791,0.8085417598187413,0.5121124002675332,0.1724782613653248,0.38723965219047146,-0.027541318241267126,0.06673685621470973,0.11762040676657037,0.3109652954071613,0.16128868467976182,0.1948955512933665,0.03445591392474673,-0.30565091316005777,0.6067487064178549,0.5730439837818,0.36372741079352094,0.05985617616310046,0.4227610210547887,0.4191762108041512,0.0,0.0,0.46899957991661473,0.5724738602123076,0.2921186482409847,0.0,0.021944597413610913,0.3129970528600866,0.5486824026123406,0.34492065303614694,-0.10050788807333927,0.0,0.21762668224132575,0.5247370161316574,0.16331341274864686,0.5279784401691473,0.47770913094536693,0.3352604850295039,0.40138515766046967,0.7582917886545355,-0.9613766952846055,0.37709489964459963,0.6464575440229344,0.6838998496742532,-0.6500868048738193,-0.04626010559414817,0.5883516224066396,0.0,0.28879141952064924
0.37110055331884817,0.4858611022710263,0.494198861650537,0.8650862175595506,0.9204242322033805,0.5023684834040465,0.5480730937736875,0.5410673078825801,1.1515376509598805,0.7089258246771883,0.5064572240717568,0.7139218298318264,0.6332968336312339,0.7719750400254053,0.5043950933947452,0.5951761808400049,0.7222381122582009,0.626081724349207,0.503877341902955,0.5604636018388025,0.36759741995666095,0.6596134954575694,0.5814429908660158,0.6234853627477519,0.0,0.3860055991646586,0.5979511999922764,0.6163399029021106,0.4854614288200638,0.3742040656127542,0.663142239793493,0.3393977416536572,0.493823375432228,0.5054339956704823,0.4748635065678517,0.6444889067689379,0.5951528087585245,0.36861561906986595,0.45136240134273764,0.5139151026499298,0.48556625137438597,0.5930079219645337,0.09601143127318658,0.0,0.5155915474255907,0.42001834940434424,0.4538920977679166,0.0,0.0,0.0,0.5302240081471763,0.5168037907515204,0.9607446401175207,0.42815768350737393,0.8128172598831156,0.44393587318188776,0.7198110512888504,0.40207925654772825,0.0,0.3868401063612642,0.3694302433321604,0.7448332240193867,0.7053542084253062,0.0,0.37204259829287895,0.6254115492149801,0.455770181200927,0.4927859577155924,0.6978636559112532,0.5647982396467104,0.5651845236593103,0.4499489460524742,0.5536764928987669,0.3436868940783019,0.0,0.4911613076617398
0.7682950838420609,0.5436382196764551,1.3861850175606398,0.5824857538218702,0.9425709634708977,0.5977926658334697,0.6903139240165052,0.6116327770144891,0.5685554871277206,0.6241194997316459,0.5273453044767504,0.6190641644773265,0.7562849533858031,0.6516445174549034,0.4414648235216667,0.7121713757497548,0.6841173415784476,0.6168537687137057,0.4830246753300145,0.5801778523647223,0.4766655750477338,0.6126704538733603,0.5895589030255793,0.5156515295242741,0.3860055991646586,0.0,0.6255226717383074,0.8380115554791008,0.6260057279742861,0.3558115938361166,0.6744368443194104,0.5616648632544377,0.5894346485728277,0.6036426086482328,0.6123601235690201,0.1810160734563951,0.42660775551058694,0.32467076793408317,0.4812539695613859,0.6024505801398203,0.6344581389286565,0.4470213039603335,0.18697000975663167,0.5305201701223682,0.2824161209895104,0.5112285597465297,0.6382525845361797,0.6454234654148439,0.0,-0.0034731271021342146,0.3195089876376083,0.561352033924167,0.6272216062804621,0.3926063011695574,0.8142531174610308,0.0,0.7929045566381628,0.8729282492003714,0.0,0.5870544116955868,0.545107049658518,0.6928682012754545,0.726798851152878,0.0,0.4637185233092862,0.5597177924342953,0.6180867582074909,0.5860303958152844,0.656653487256514,0.6628880341988674,0.5779033733473725,0.516266451869591,0.7523098687074944,0.4035511475958296,0.4379229243229906,0.5278794643410104
0.6903840398781254,0.5236400787831856,0.46007232015225863,0.7006110461429199,0.7249438002712381,0.5942999468190255,0.6495791255782929,0.6682656957295849,0.5757050319259573,0.3233389648370596,0.43416300271446545,0.48241786324271607,0.6786684695912248,0.688142433917541,0.7305578563828099,0.7328312184857779,0.5347590456942455,0.6797221756448917,0.6549859511889708,0.6547586936093049,0.6198865234944004,0.6159853436392108,0.7138359471782968,0.2366673384628654,0.5979511999922764,0.6255226717383074,0.0,0.7794629144731365,0.6672043247312427,0.899142253510545,0.7933491317340526,0.7751549029326712,0.7753044240302165,0.7378692399018746,0.7874045165345022,0.656675093594752,0.8100976843178824,0.3577889603054924,0.563283623743525,0.3626373081271157,0.5657773105792637,0.39312785856903754,0.46638840641528845,0.5197665318280755,0.4072908776653077,0.3990214280589201,0.42763675793376726,0.44212843475089425,0.47190210882053707,0.4504227433621609,0.5432645796825989,0.48005759137578335,0.5135573495872015,0.5334401121532182,0.6835398744261207,0.5452681695222794,0.33583163030617647,0.6007307562883563,0.5599777551684,0.576483760186673,0.5523875394022209,0.0,0.42289888630020944,0.48120913276792204,0.5809937102266001,0.6758093822317215,0.574048105974323,0.587656556473336,0.0,0.5465343954258499,0.5139301723631517,0.6231814607390018,0.5164273840926537,0.6226515049713438,0.366126760334349,0.41628346073015304
0.6256578518726209,0.44661112599214736,0.7807013879686255,0.43673833663019024,0.655425965980964,0.625094245175451,0.6974016402505381,0.7936539105490181,0.7237644964799875,0.48768175502336647,0.533201739792545,0.10289762526857835,0.71678509094451,0.501686310738515,0.5722952896009996,0.5354382393371907,0.8166625581975315,0.5852876905472801,0.6766237818843212,0.7103821459204622,0.5667596156804826,0.6531952430932193,0.811214432877168,0.067477429489467,0.6163399029021106,0.8380115554791008,0.7794629144731365,0.0,0.5144529889409747,0.6851479233735788,0.7091070714006307,0.5278394273469809,0.9149498135204422,0.10406738483235767,0.21797739056491255,0.4280926676409421,0.43500200547957757,-0.09356668536730733,0.7762224602427121,0.2956900461131403,0.8095431826116049,0.0447296899963511,0.6800835830293994,0.44456113436397443,0.5630818274250267,0.6072893729260391,0.5954495411738874,0.7051533794370548,0.0,0.6415426283118257,0.6635201041807748,0.5136131187910079,0.6727857722596071,0.6648559643616824,0.5593932000203824,0.4566492797108533,0.418856679599864,0.49885086907802256,0.3272198529283561,0.6182855507987242,0.462588278423185,0.17351492739867075,0.5634978711500045,0.6643419097936782,0.6449053488455281,0.754513047941377,0.5719535189593873,0.7196653415725053,0.490082637593435,-0.1407516158559376,0.34083563019577506,0.7345966006990897,0.6816708802513651,0.6364924671618595,0.47335268184315726,0.4598140763774584
0.689746994321206,0.3789363108360157,0.8724157710460203,0.38029431831744764,0.7993169817450327,0.4845655931714353,0.7094127002133737,0.6325616733117134,0.5948977152120314,0.3698752957770504,0.3902445726536601,0.5983187613490057,0.6009227383370455,0.37092071957089395,0.55406456685572,0.6447910402290148,0.29169917477374274,0.4943684411762641,0.5706543983533205,0.7705228694415283,0.332332767002797,0.6133592550043274,0.7843680771741401,0.5532425291603791,0.4854614288200638,0.6260057279742861,0.6672043247312427,0.5144529889409747,0.0,0.7798260824674794,0.8033452005596553,0.49756489271951576,0.13956473679165426,0.6700803434822337,0.568288734064923,0.56938884987606,0.4104183360754279,0.5046362067985901,0.5349657909155399,0.3993772142071445,0.4942818992466249,0.4327619458253404,0.36106630018842995,0.5143662463140426,0.606108531090253,0.4054468494193233,0.49807706807896995,0.8331516553417644,0.4697413173619768,0.41578073374740143,0.5139233868224148,0.5173095224830733,0.7121081401529938,0.48730189672149293,0.5989937384166779,0.4178697858407807,0.545292825685852,0.4742656804255263,0.7764912269749731,0.4878427088157544,0.5358607428301608,0.46952754250862105,0.504445119033755,0.48474978296801075,0.4775907518059058,0.45200756766030004,0.48010784097593007,0.6123567134942827,0.47005786588650345,0.5585572493735869,0.40601431852931813,0.6348623767255077,0.6256715481525587,0.47390106549645294,0.4124514255170694,0.4668326625848399
