0.0,0.03891438762110322,-0.0016277528531969399,0.0,0.0005169420025216143,-0.003316015696490038,-0.002029937844054641,0.048260581500607524,0.0003526696073392621,0.014945418372973918,0.0008265268244908031,0.012164045510206889,0.00020673520057518102,-0.001836676553427452,0.04339721863676593,0.05262375084715981,0.04077362482442065,0.062277010116202514,0.0,0.06740487198474004,0.02758986363662108,0.032182660416210096,0.04322695952404293,0.08563882052373356,0.04619507340516049,0.05161327553143136,0.04583455276649545,-0.0034753199849425487,-0.03897202938703331,0.0024296944982425406,0.07978208484973243,0.047106352153047704,0.055755060152405445,0.0598011077430291,0.05376537640301038,0.00024719918616833425,0.00030849711954084036,0.11588421941235011,0.03893228827308359,0.020323837878576112,0.0457197708516725,0.001579495765008876,-1.6938039637093283e-05,0.0,-0.0012688175109555888,0.08720111234427852,0.030585785398722865,0.0,0.0,0.0,-0.0033154140668247845,1.1102230246251565e-16,-0.002423178536038628,0.0,-0.004999319277507741,0.0,0.04926707062918945,-0.0003553974249222436,0.0,0.1008174406069724,0.03888716060843428,-0.0023847924728968017,0.031506576123646934,0.0,-0.0029140210274087863,0.00817378411927766,0.04025144808647663,-0.0005626311683772367,0.08567453243320672,0.03689861938193023,0.047094767314033836,-0.0017632858029206222,-0.00020621848031071588,-0.0024527872479780943,0.0,0.06108129125533379
0.03891438762110322,0.0,-0.003632045451484489,-0.00013005394344245413,0.045579071183447284,0.026200663343643238,0.04041358765114306,-0.0045446622011491855,0.04167522705766258,0.07568969175751672,-0.0003568454892080575,-0.002000153894110235,0.05140128239951536,-7.428039652790375e-05,0.04195280511074184,0.05535668463863608,0.03871266937992501,0.041288222579491884,0.0012353185560504687,0.060078683933498855,0.04259470550162919,0.05617508975613461,0.0010333122299587272,0.12776302538313472,0.01881537026043778,0.0384226991877924,0.034778651580224085,0.03981229522147339,0.04800171487333299,-0.003019752656887753,0.06650370357371521,0.04910538156220251,0.035468360838274426,0.03721133409557659,0.02382095003972179,-0.0035623564425806276,-0.00023947803201668227,0.0,0.004940136807164097,-0.02395218504501212,-0.0038695453469302366,0.017731951386564526,0.0010198391236264648,0.0,2.220446049250313e-16,0.03076424124546151,-0.0031051411884669977,-3.0262053102747544e-05,0.0,0.0,-0.001909043279655187,0.0017090623055827092,0.000947636510133465,4.8670366076364324e-05,0.0002179599163675272,0.0,-0.0007876911556553012,0.003499879602685052,0.0,-0.0037334589977025545,0.0018819193860779015,0.0016417500179680133,-0.004661940047895441,0.0,0.006046262695537208,0.044003249359734264,0.00037525079587341637,-0.0033671265774050663,-0.0014022352055945153,0.011325291151813799,0.006072256677005505,0.0007672453770421472,0.00019060331180942303,-0.009959242524989809,-1.1102230246251565e-16,-0.000582696717126352
-0.0016277528531969399,-0.003632045451484489,0.0,0.025466761171955232,0.05608908653886674,0.060333195074388224,0.043527786861809636,0.06453543764876174,0.01580443759564787,0.04881574204984407,0.02493685953599989,-0.002254525315416034,0.05248858927404837,0.015326867069484551,-0.001361768523967688,-5.214518885016117e-05,0.0002059513096960286,-0.0022252396907883054,0.02866221591587087,-0.0010711532178402372,-0.002631447918330254,0.000583479434440537,0.0656455422663264,-0.0017339458043973965,-0.004456011723500963,-0.004754405149268726,0.052724167406513034,0.056754002426690486,-0.007674863437924673,0.00023903642196598796,0.05273725465998186,0.05145158496791252,0.0319039726684589,0.05469032450877337,0.051628913346937366,0.04081992700590964,0.04397981422880104,-0.0019580568861226055,0.0305381114191986,3.468984376420181e-07,0.0007184472744929948,0.0018362753920562191,0.006012863388512424,0.0020346187078832956,0.0,0.0,-0.00035441618449383316,0.16687130328349153,-3.8043289771749755e-06,-0.0029070292759313388,0.017348097063771273,0.04550479288319609,0.061177148244761725,0.04699786874658407,0.0006780379553322224,-0.03226892940967058,-0.0012687035587272688,0.05233496530338244,0.032768009686736876,-0.0002793825726410959,0.0,0.0,0.0,0.20666645416740143,-8.493584220753414e-05,-0.00017326086168462096,-0.0005006180842338503,0.04188024474908514,0.0,0.0001570699541558196,-0.0013135033892499037,0.03228390518186319,-0.0030981896597166436,0.00024188086149773413,0.0011132835567776445,0.09477831505722689
0.0,-0.00013005394344245413,0.025466761171955232,0.0,-0.01404047608640907,0.03843649599651666,0.013622530369783004,-0.033635252873532695,0.040288602934766216,-0.0308395789652183,0.04068611930073507,-0.005596523789136387,0.019799230517735078,-0.0010344826658085782,0.05675942910474885,-0.0002761349894611631,0.00045174355147453715,-1.732373109353258e-05,0.05494685828596646,0.07102276125782536,5.56177527227808e-06,0.041575456190909854,0.03050371810555258,-0.0011722322738315638,0.0006302618983020647,0.059582402943074375,0.03768219280794183,0.00379812333619417,-0.0022864254391033456,0.0006116437437422295,0.0683577317485955,0.028322924979912623,0.18805892693715198,0.061501573675674104,0.08071822625555614,-0.002592508253833975,-0.003314926946928809,0.1236978225077795,-0.006042610560651862,7.008958342935578e-05,-0.00010984542315550794,-0.001616090294206951,-0.01027400061439876,-0.0012314135222011857,0.0,0.0,0.0,-0.00048774062759399106,0.0,0.0,0.00020474281932414407,2.220446049250313e-16,3.964766543029796e-05,-0.0005635426008688271,5.551115123125783e-17,-0.0009274081606115425,-0.0005500689078175025,-0.00025614852795763365,0.0,0.0,0.0,0.0,0.0,0.0,0.0,0.0,3.49573162117256e-05,0.00029077531094651166,0.0,0.0,0.0,0.0011789391316587294,0.001454874523943328,-0.00013079594687043228,0.0,0.0
0.0005169420025216143,0.045579071183447284,0.05608908653886674,-0.01404047608640907,0.0,0.054900595278441267,0.050382775880513764,0.01232718715986153,0.052932811709586414,0.03094322181986986,0.04833952672262798,-0.0018434960481941154,0.04235992162565411,0.003992151153090706,0.05165950490218629,0.04434037325689938,-0.0011662603906596458,-0.003740192626670802,0.07521989897939457,0.05681812789402718,-0.0014154108427801293,0.050128433958335994,0.02573881073385692,-0.0021680610474404394,0.03333368528813391,-0.00643216912615574,0.045260297849612,0.024177794610190095,0.04497080664431585,-0.00203657329834811,0.030961575538820008,0.05371228550049317,-0.0015456373120161238,0.03318049382059979,0.06172903845602906,0.029659745237742785,-0.019643633711868502,-0.0031590913521873376,0.008039041718731876,0.0008098388263431122,0.003513495667311184,0.0008662353565876968,-0.004116841622936629,0.0016345811345863104,-0.0002348501776456846,1.1102230246251565e-16,-0.00011767997920447693,-0.004693373553978031,0.0,0.0037716690041581513,0.001734902881757927,-4.574554963332478e-05,0.001126934226613252,-0.002936104993604305,5.551115123125783e-17,-0.014924075333158204,0.0003487487687410251,0.003112831688973139,-0.004498799038403445,-0.0003261110679616541,-2.3813055589239074e-05,0.0,-5.551115123125783e-17,0.007222712431229905,0.000149616703825739,0.0001469306477969723,-0.000648010683221012,0.011004865932373153,0.0,1.1121982749218162e-05,0.0007269685466327891,-0.0059654045668232625,0.0026120157462107274,-0.002825196217404624,1.1102230246251565e-16,-4.0781592684169254e-05
-0.003316015696490038,0.026200663343643238,0.060333195074388224,0.03843649599651666,0.054900595278441267,0.0,0.03995531552908388,0.03909585324939063,0.03241408442814514,0.03295038406543993,0.0399482036355186,-0.0003205389901990152,0.03861757054423337,0.027848104359816328,0.03288422838556626,0.026067110192285303,-0.00093951595280789,0.03674960732813615,0.007918789976253005,0.04849660077744028,0.03527003933730277,0.044609313005802176,0.04133559860287822,-0.0010698795115867687,0.01892960161042989,0.023786614032563158,0.04861411338355898,0.030302274624266934,0.018572842281247115,0.04194545887932899,0.036577338651664626,0.0428377084225382,0.027187260339336217,0.03718191692106648,0.04193992134080182,0.027066692519449875,0.03739154603674144,-0.004411414844462502,0.0451592836839112,-0.0032012001759093023,0.05601334917117495,0.0725070266302833,0.04600412024170297,0.0005863656361202452,-0.00190002357987612,0.0014217411574289351,-0.0005953104135691945,-0.01916774891269124,-0.0004930127087086067,-0.004824168174697774,0.007789520821152474,0.010266938060805697,0.023120434874093876,-0.05901579568797016,0.003496838402483826,-0.00536983428631832,-0.001953235913382423,-0.0036356570728431903,-0.0035094660754054763,0.039422716870008034,0.001169169338919862,0.0,-0.000584331104645841,-0.05018342988193264,0.04416401670516895,0.062174140731207306,0.048192692658178826,0.022572544059894728,8.557425873878532e-05,-0.0020721489169118756,-0.0019176580511379715,0.022489318626913835,0.032518333548592016,0.03771325281445287,0.03866848900777087,0.040564129013113015
-0.002029937844054641,0.04041358765114306,0.043527786861809636,0.013622530369783004,0.050382775880513764,0.03995531552908388,0.0,0.03074578192940236,0.05179389539254592,0.029743498014189018,0.03557209483677015,0.04978603803659282,0.03964547942725055,-0.027792936577312077,-0.0010903806226286727,0.0334305084286558,-0.0032308809184514176,0.044441167258252035,0.04573195151423298,0.046418115739684296,-0.00015146580792607667,0.03758176590063511,0.02145737659193825,0.005551649743410325,0.03679763385907492,0.04256887769272477,0.033878531752047525,0.03293114647037704,0.041071638750525385,0.043815255798465624,0.03770436651812242,0.04760327541267745,0.037890805953955886,0.032489843865095236,0.04620181741516477,-0.002225639732692908,0.01300770418902647,0.05799785945968189,0.007925166871501466,-0.0009218266999047597,0.013960727089663394,0.0026343229241679866,0.0029288096580545875,0.004876432544016762,-0.0011651769990299043,0.0,0.0022039104773111107,-0.004280248347271143,0.0,0.001469450654942639,-0.005318102476855713,0.002117597225895662,-0.0018022952015198102,-0.00300526975433979,0.00028753165679673565,0.00043690102990062707,0.0005897560059648921,-0.0007196600034597989,-0.0005249834395795738,-0.0007317316275071151,0.0008591746712777182,0.0,4.329303254618777e-05,-0.0019442017677030465,0.001039274100855414,0.0009358212987608527,0.001100476849814569,0.027180253358823347,5.3443307483136415e-05,0.0008275561458673253,2.023920609117713e-05,0.019354898872756654,0.0008614793768425555,-0.0021856704789378067,0.0007037569443972824,-0.00014791574543138175
0.048260581500607524,-0.0045446622011491855,0.06453543764876174,-0.033635252873532695,0.01232718715986153,0.03909585324939063,0.03074578192940236,0.0,0.0746628736583006,-0.11641285868188173,0.05366279325413126,0.030257720991629156,0.0316043528378564,0.01737329577457769,0.08833790938217112,-0.0012426691263432432,-0.0004667313114409266,0.06101437885987887,0.05814165995466458,-0.00455619378739508,0.0829915210234135,-0.0047001827736543045,0.0636086465461072,0.06660868106091078,0.051448778515632676,0.05051770122502919,0.05790232665221162,0.030946615202787853,0.04937291541937511,0.05911168338759498,0.04848972021860537,-0.03422576298761154,-0.09469884397305633,0.024726124269890626,0.025592623138870063,-0.011905421264513272,-0.0649298365987927,-0.0008408042034734886,0.03261576882399364,-0.001558511760661574,0.04308672991389917,-0.004841180741166684,-0.09270226022572531,-0.001466543015681776,0.0,0.12236738141167414,-0.0029992654609179437,0.03971506325194718,0.0,-0.009753307341832052,0.012095235520904302,0.012268290062740661,0.06859743915482464,0.04327568342598598,0.000587234037014106,-0.024296040672186825,9.037814886136974e-05,0.02569100053209139,-0.06894435837791918,0.07384638711756653,-0.00037412245967360924,0.0,-0.00019233473637614296,0.032924389608117166,0.06417975960883138,0.0943697086360697,0.07388656013451972,0.04258984076037059,-5.551115123125783e-17,-5.6642868923872935e-05,0.09456710143995223,0.040129890641573684,0.036725323790951336,0.039358942895245774,0.0013841578642794228,0.06662120151393969
0.0003526696073392621,0.04167522705766258,0.01580443759564787,0.040288602934766216,0.052932811709586414,0.03241408442814514,0.05179389539254592,0.0746628736583006,0.0,0.03991571567901986,0.07228291746217913,0.035938099389689726,0.06769432541341974,0.06336736642481583,0.0010472863917817543,-0.0028770202737732897,-0.0023928533124852325,-0.0005977648279101855,0.020984214354274,0.06897578188066178,-0.001368032622281412,0.05778363161563643,0.05528781680618594,-0.004547028852938506,-0.0019174813646730682,-0.00173400726296713,0.01788324666817226,0.05181745881311184,0.061183684826563445,-0.002572304301306616,0.04531062598092167,0.04123571805420251,0.010537608362840567,0.043464284161565336,0.04294196856220184,0.05245995142180071,0.03352497836302443,0.02826419118819734,0.02255868163081548,0.0007144628191388391,0.005364635527570272,-0.0019088685972107888,0.020704970413018275,-0.003336213333815452,-0.001960104852756994,-5.551115123125783e-17,0.001158640896216867,0.04401779581277654,1.8276174787446031e-06,-0.0006811243455721039,0.01634313111568797,-0.002925726776424553,0.06333904474590946,0.04762096475624711,-0.0011015469522282495,0.03170788273981884,-0.0011146045215117972,-0.003404164494317463,-0.0017361980419159373,-0.0004130995349865829,0.00023334928331542049,0.0,0.0,0.012269068468293565,0.00035807442959367997,0.0015061617571889285,0.0006001016607062315,0.03007812095806983,-8.598179738811274e-05,1.2016076938237141e-05,-0.0020441256791635665,0.0326820571183053,-0.0018519903248076508,-0.0027058387563418385,0.0001570766155803982,0.0017753204021685454
0.014945418372973918,0.07568969175751672,0.04881574204984407,-0.0308395789652183,0.03094322181986986,0.03295038406543993,0.029743498014189018,-0.11641285868188173,0.03991571567901986,0.0,0.03263902144811315,0.03352436559818306,0.023530144598147562,-0.15416408239399879,-0.00193521331149904,0.03461862471798921,0.035457102763743364,0.04177058576543069,0.030496011486079555,0.04281438053181641,-0.0014297257319542678,0.042108526758464826,0.019068968776736417,0.0062629147937101615,0.033702416007457325,0.0561827968789681,-0.007186602838421874,0.023820792717815675,-0.0036462776189647994,-0.0002667341571867543,0.02168115252070485,0.05523724399245439,0.01852347620944761,-0.02131285871382904,-0.010769934762932865,-0.04890350943284222,-0.010036110153202216,-0.02244723525171305,0.005148269344427636,-0.005405628519783712,0.01725709264950792,-0.0010847580900932852,-0.006765793586756441,-0.0004227395501483211,0.0018229838982379842,0.07363177116253655,-0.0005063703941425857,-0.0004195223599633424,1.0377465226030225e-05,0.0003289564895085917,0.0014631747715913024,-0.00029003511159020334,2.7750563431849784e-05,-0.0020403773637613365,0.011707343043182383,0.0007447709177997308,0.02544159723233258,-5.8226674598704786e-05,0.0,0.0009234617200713502,-1.2537013610203207e-05,0.021815017428963968,0.010909452557954669,-3.4111272007586457e-06,5.542219733101206e-05,0.00043313049100029977,-0.0019861875594361367,-0.0011220206231247754,0.034308370159997104,0.016266659809833217,0.027576826962099732,0.001030385869235928,0.01785539749059878,-0.0012079329059937471,-5.551115123125783e-17,0.007577276620546747
0.0008265268244908031,-0.0003568454892080575,0.02493685953599989,0.04068611930073507,0.04833952672262798,0.0399482036355186,0.03557209483677015,0.05366279325413126,0.07228291746217913,0.03263902144811315,0.0,0.022372572313753447,0.037383451441885984,0.026294740144318596,0.0,0.00012695557449871053,-0.0017345841732351874,-1.3988149997479216e-05,0.07104788517607608,-5.2267168489050775e-05,-0.00012728663051186917,0.0002944477036125881,0.03998987136839072,0.054232358240846545,-0.0018018323769307676,-0.0014902950095501688,0.0525365603163187,0.0410569707815619,-0.002806591044760498,0.0003977746763245693,0.045171771020501905,0.04145132784098288,-0.0074061794508761825,0.045229137213761705,0.04475029442247663,0.016473043607478144,0.03779829632312803,0.024402911151927387,-0.002375240309962001,0.0003493186826417638,-0.0009092252294827796,-0.00030448503343177835,0.009587204952724193,-0.000401248899528861,-0.0005769413385914302,0.0,1.1102230246251565e-16,0.10443972611307578,3.5389582941913744e-07,0.016895010961505197,-0.028636397330486785,0.0003495899026215721,0.04997293521361379,0.059130149273934285,-0.00010210158366741329,0.13435849779723685,-0.0002520444003159539,-0.002932373829778734,0.046734451084153694,5.551115123125783e-17,0.0,0.0,0.0,0.1994089908735449,-0.000565104629798141,0.0,-5.906741058470111e-05,0.04784079335471236,5.551115123125783e-17,0.0,5.168756645096417e-05,0.018643605048213274,-0.004516828877392631,-0.001375752480358483,0.0,-0.0005901560243840032
0.012164045510206889,-0.002000153894110235,-0.002254525315416034,-0.005596523789136387,-0.0018434960481941154,-0.0003205389901990152,0.04978603803659282,0.030257720991629156,0.035938099389689726,0.03352436559818306,0.022372572313753447,0.0,0.03107571923290159,0.0035502802408367007,-0.0003558025043326474,0.0002505775577794078,0.029850377848857634,0.06024652655900703,-0.0031398394175664035,0.0027868268178757316,0.02752543274547925,0.0007361452199156071,-0.002174152924587114,0.033417527946566605,0.04949664489393052,0.056159056219924564,-0.0017593841569099045,0.05475751260577083,0.0035146851373831778,-0.0011416203073518205,0.01947538778013197,0.03182555526360992,-0.004252334833794114,0.020602367726892612,0.050200589200429635,0.023097247447825042,0.08995507384401896,0.012525553051687427,0.029723269231381577,0.005552753994604198,0.043895771891994007,-0.0019607825757926856,-0.0015962043478426335,0.0013325973972432292,0.0157929892878389,0.06902163317418747,0.0014521115703427512,-0.00039010730229449564,-0.0007117064052520605,0.00015740026065597101,-0.0008296802111423807,0.0009756943158799047,-0.0005144166121098248,-3.028554187151089e-05,0.013429764475978045,-0.0008334272359828976,0.035773162972597805,0.0008950693109263663,0.00023231661116640545,0.00010099603231755738,0.0014973098757824488,0.016341881641768696,0.06814891230371428,-0.0005513505900094362,0.00035844696817344257,0.0015698683591268137,-0.00048194856963246213,0.0026375407339537804,0.05006833356380341,0.012106098834839707,0.03114420275832208,-3.711186013932721e-05,0.026413630064938465,0.000568247930977317,0.0,0.012436180722495305
0.00020673520057518102,0.05140128239951536,0.05248858927404837,0.019799230517735078,0.04235992162565411,0.03861757054423337,0.03964547942725055,0.0316043528378564,0.06769432541341974,0.023530144598147562,0.037383451441885984,0.03107571923290159,0.0,-0.026417965452954717,-0.00573581566714354,0.03865733657861137,0.036204363809472895,0.049447943992733,0.0501237921238073,0.05363054674313966,0.04505373244275307,0.043204271836984665,0.03217982576735784,0.016403482169875694,0.042273821347384666,0.04019707634383368,0.040676122338929976,0.04593028061542498,0.04525435593641258,0.06361457815538529,0.047475911125324954,0.04016240102463009,0.03544105059370922,0.03087511283271782,0.04559738113007522,-0.006170105715282925,0.01745640969475276,0.03691730322588149,0.004752201541370293,0.003775369831026887,0.006401682228286798,-0.003736529889315998,0.001998719039715935,-0.0040570975164033185,-0.0022808309376064484,0.0006808773456949968,0.0028203104196243833,-0.004900300300259008,0.0,0.0006898826213962428,-0.0038007357413215592,-0.000892350759486793,-0.0028684283555215906,-0.0020610649746523046,0.0006663634735777357,-0.0032966321589171232,0.0006453709306599165,0.002589690444810777,0.00042152894256086704,-0.0031165833010739497,0.001214768345546069,-0.0002539027653462589,0.001686233149512828,-0.0026732077281432787,-0.002720734636946498,0.000586331980937993,0.000892685773392965,0.03493459405661614,-0.000623284799455226,-2.1710349110748428e-05,0.0021862374172443855,0.03619501717636797,-0.0011796974400936633,-0.005232862285198148,0.0003449189303724731,0.002240937459498882
-0.001836676553427452,-7.428039652790375e-05,0.015326867069484551,-0.0010344826658085782,0.003992151153090706,0.027848104359816328,-0.027792936577312077,0.01737329577457769,0.06336736642481583,-0.15416408239399879,0.026294740144318596,0.0035502802408367007,-0.026417965452954717,0.0,-0.00048641727159537407,-0.0003580886148825124,-4.755332453837413e-05,0.00010482279580448228,0.04646166014930242,-0.0005812355350025555,0.05154412991397489,-0.0005747665674932234,0.0329426390192723,0.002998696685022728,-0.00033357608365608415,-0.0022587358916864586,0.026228707498096804,-0.005541463853079298,-0.0003988321208143186,8.310321902460505e-06,0.0347149797355239,0.03206100505111292,-0.004247641506256228,0.008807469263078016,-0.0003614138517257781,-0.001047165095643704,0.009608241618563051,0.00024699564253888306,0.005695200970428416,0.0,0.0005659179907571699,0.0009348266224780133,-0.0016307543801557522,-1.0186887052232585e-06,0.0,0.0,0.0,0.011541158853921818,0.0,-0.004443596735457023,-0.0013535324874867083,-0.0023495231417728912,0.0006592371475070968,0.009791636090407674,0.0,0.00999447996897107,-0.00018540154662471942,0.0015688484811950953,-0.0034200009055104785,1.1102230246251565e-16,0.0,0.0,0.0,0.026135138455200657,0.0,-1.1102230246251565e-16,0.0,0.05062797102309596,0.0,0.0,5.551115123125783e-17,0.049591461670841386,0.00045086918297815304,1.1102230246251565e-16,0.0,5.551115123125783e-17
0.04339721863676593,0.04195280511074184,-0.001361768523967688,0.05675942910474885,0.05165950490218629,0.03288422838556626,-0.0010903806226286727,0.08833790938217112,0.0010472863917817543,-0.00193521331149904,0.0,-0.0003558025043326474,-0.00573581566714354,-0.00048641727159537407,0.0,0.04162170302257712,-0.002611267139763729,0.0538141339737111,-1.1102230246251565e-16,0.0028217929700811717,0.04599164944491074,0.010465693978906676,-0.00460206833214627,0.08239486466218121,0.035695921799085706,0.05644354350375963,0.002083581045293381,0.030128381238601842,0.041892902327175185,0.049164292311902835,0.04659711479906259,0.03995114302616787,0.04959347834139877,0.03245505907996815,0.038488349427308,0.04437491541686678,0.04271106487558718,7.718452326832548e-05,0.050404529039657364,0.04807670737249614,0.04147507149019164,0.060802178890944525,0.00503960737469189,0.00021167164984409181,0.0,0.07672542489774742,0.027535820237201192,0.00020723821169210677,0.0,0.0,0.043602189703341565,0.002237805464183784,0.002048003855928071,0.0005552448590012138,-5.551115123125783e-17,0.0,0.0008601315163244139,0.000839294990035655,-5.801257733528686e-06,0.07537897779255248,0.04726466616235214,0.00042342391091348963,-0.007779411000642222,0.0,0.07156505039738753,0.07580368426487011,0.034493396661566034,0.058906998781104836,-9.893905669705605e-05,0.02197729031321366,0.04209239947415622,0.05895231012248314,-0.0056813645698993165,0.05081526894058147,-0.0013566452026164688,0.045990192890770776
0.05262375084715981,0.05535668463863608,-5.214518885016117e-05,-0.0002761349894611631,0.04434037325689938,0.026067110192285303,0.0334305084286558,-0.0012426691263432432,-0.0028770202737732897,0.03461862471798921,0.00012695557449871053,0.0002505775577794078,0.03865733657861137,-0.0003580886148825124,0.04162170302257712,0.0,0.030906339839924968,0.02323759781525281,-0.00014487471548602082,0.0282246832464097,0.03712406736721674,0.03249656001221901,0.020021321240446033,0.04486957123463797,0.04449558350887001,0.05575645108923449,0.026244570005091006,0.041223260660520455,0.03140505187670284,0.055153823873847596,0.01392168612845951,0.04024212552334022,0.04714101484354527,0.025833114846395833,0.036793112798156,0.0017665554197259237,-0.00015498685006898327,0.0018718160393121908,0.015359936016747344,-0.02820305285480529,-0.0033711018599569265,-0.0015134787734770172,7.5643974578043505e-06,0.0,0.0,0.04463847449481978,0.006831289417616848,0.0,0.0,0.0,-5.388172361275867e-05,0.000566384488439875,0.00014612293798560438,0.0,-0.0014783999094458156,0.0,-0.0013166364466342673,0.0008809509370819035,0.0,-0.0027094049993281466,0.013256684755404313,0.0007167961598283923,-0.00020827737971257365,0.0,-0.0016954284579290269,-0.0002604693345010789,0.011098299893115449,-0.002492818692557741,-0.0022408471380964134,0.018272110755196913,0.01946640860030946,-0.0009813883916918176,0.002348860577645717,0.0022652442202943934,-1.1102230246251565e-16,0.011320394552976953
0.04077362482442065,0.03871266937992501,0.0002059513096960286,0.00045174355147453715,-0.0011662603906596458,-0.00093951595280789,-0.0032308809184514176,-0.0004667313114409266,-0.0023928533124852325,0.035457102763743364,-0.0017345841732351874,0.029850377848857634,0.036204363809472895,-4.755332453837413e-05,-0.002611267139763729,0.030906339839924968,0.0,0.02535173837341459,0.0008319733529208451,0.06532309458771351,0.00029432665942624725,0.026634220521281615,-7.652214722198014e-05,0.024110994636450667,0.011633959802482385,0.0273763082396431,-0.000728750025745073,0.04587378015246468,0.017914262707445172,-0.0020732292774620076,0.04519353196940834,0.03401812762907047,0.037319635096517034,0.03309854445471666,0.02279735004979022,-0.002102633071564053,-0.00035973405596806396,-0.011464123929557368,0.0006233929616824008,-0.052845578014208305,0.0021457202813400245,0.00036438961000334613,-5.551115123125783e-17,0.0,0.0006521497314310176,-0.0014930645507268414,-0.00012004799606801786,0.0,0.0,0.0,0.0,0.0,0.0,0.0,0.005305700784947631,0.0,0.018452305797270807,-0.0011831122338014644,0.0,8.761716565247601e-05,-0.0006036175666498944,0.01530824783749446,0.026608279860285466,0.0,1.1102230246251565e-16,0.0,0.00043749828760730747,0.0,0.05089889154712629,0.017260889961270787,0.024339608819197278,0.0,-0.0011457933530560904,4.558735881954323e-05,0.0,-3.381900095600354e-05
0.062277010116202514,0.041288222579491884,-0.0022252396907883054,-1.732373109353258e-05,-0.003740192626670802,0.03674960732813615,0.044441167258252035,0.06101437885987887,-0.0005977648279101855,0.04177058576543069,-1.3988149997479216e-05,0.06024652655900703,0.049447943992733,0.00010482279580448228,0.0538141339737111,0.02323759781525281,0.02535173837341459,0.0,-0.0017440669706050849,0.03890167759726276,0.06197290020291063,0.026445681350927897,0.053486340389854725,0.03402995106095236,0.03320257310881969,0.039782592206455636,0.027469457182729418,0.05565891857625249,0.03624166764772713,0.06871397384656269,0.04192875882566255,0.03961414576427247,0.05296314813930392,0.03742169163804748,0.030737221091172107,0.00021053782554530942,-0.00027488821957721843,0.022740666217707206,0.018462689874620408,0.000184299850036318,0.00879726574632933,-0.0034585553309360306,0.0,0.0,0.0010964528997683964,0.047387777009847754,0.014846083955779188,0.0,0.0,0.0,-0.0010135366757729747,0.00023124610699920556,9.28031126977702e-05,0.0,0.01708500960403797,0.0,0.005913840317563257,2.7816346713671614e-05,0.0,0.0006667823123875927,0.02110641740598923,0.015449093019934523,0.012312293750685543,0.0,-0.0009598230539666353,0.0005596498479601975,-0.00781642946180422,0.001178121328211823,0.03857384148437243,0.01734053061465668,0.02392420454507871,-0.0006273057856178155,0.0008924341913560396,-0.003137284129154816,0.0,0.009670217867446207
0.0,0.0012353185560504687,0.02866221591587087,0.05494685828596646,0.07521989897939457,0.007918789976253005,0.04573195151423298,0.05814165995466458,0.020984214354274,0.030496011486079555,0.07104788517607608,-0.0031398394175664035,0.0501237921238073,0.04646166014930242,-1.1102230246251565e-16,-0.00014487471548602082,0.0008319733529208451,-0.0017440669706050849,0.0,0.00037099914376775844,-0.00035064950538366,0.001347928783629715,0.03131763085661943,-0.00026450510503917,-0.0014720485354444701,-0.0007312365837815471,0.05948035058871903,0.05249410533951393,-0.0008279225697877535,0.0003658369616920121,0.051415752345382315,0.04896539040570658,-0.00019732646467496284,0.046182612078399354,0.0431245444423925,0.04793905842584889,0.02930129169433654,0.037987346558688684,0.025912580298923182,-7.130353005030399e-05,0.003375137032256448,-0.0019909743799522706,0.004573933987402912,-0.0015829367300756458,-0.00016261968118480574,0.0,0.0,0.07544210087000575,-5.551115123125783e-17,0.0005986190580148376,0.018467171597633447,0.057664733267853485,0.06172911889518118,0.025468967687847455,2.4986138610738617e-05,-0.1392729633030121,0.0006738005871694819,-0.004246438267899166,-0.01104831539986878,2.220446049250313e-16,0.0,0.0,0.0,0.03859200920302153,3.9241883102447694e-05,0.0,0.00011026663219082522,0.02754534812551912,0.0,0.0,-5.551115123125783e-17,0.026138114137443935,-0.0008441567121951765,-0.0020255656830733826,0.0001352886780464635,0.0005072351843560252
0.06740487198474004,0.060078683933498855,-0.0010711532178402372,0.07102276125782536,0.05681812789402718,0.04849660077744028,0.046418115739684296,-0.00455619378739508,0.06897578188066178,0.04281438053181641,-5.2267168489050775e-05,0.0027868268178757316,0.05363054674313966,-0.0005812355350025555,0.0028217929700811717,0.0282246832464097,0.06532309458771351,0.03890167759726276,0.00037099914376775844,0.0,0.049529620506609195,0.04110192027475562,-0.00023857647158903594,0.0026456213290578234,0.02802916657635679,0.052995643951111504,0.05004153870005379,0.05187189606331183,0.06052658366168073,0.014473376390183701,0.05926661849399584,0.059569881720164475,0.050490300681215794,0.055476160535800234,0.056941745058243565,0.054610105791973895,0.06082154443874632,0.005459470912039355,0.05720224677289021,0.04796247059959807,0.038819098461459645,0.06294208081952868,0.0031670565306022858,-0.0009405783217156793,-0.0004674367577484073,-0.00039453108670911563,0.023457256848251118,-0.00020969795375391787,0.0,0.0,0.03314955370280642,0.0016001233700612683,-0.0025516010452069637,-0.0012219423155853115,0.0007687814772540102,1.1102230246251565e-16,0.0009570184266060044,-0.0017000094580152392,-1.1102230246251565e-16,0.05703115747911086,0.024522352244519263,-1.203332382121447e-05,0.0021423141846475535,0.0,0.05834785712354873,0.06786646288855491,0.03596066297301881,0.05553077795243849,0.0,0.00039300148003251767,0.039166020356566966,0.05167672341206231,-0.005195692774765781,0.04521898649170014,-0.000820246600352903,0.050942344687715024
0.02758986363662108,0.04259470550162919,-0.002631447918330254,5.56177527227808e-06,-0.0014154108427801293,0.03527003933730277,-0.00015146580792607667,0.0829915210234135,-0.001368032622281412,-0.0014297257319542678,-0.00012728663051186917,0.02752543274547925,0.04505373244275307,0.05154412991397489,0.04599164944491074,0.03712406736721674,0.00029432665942624725,0.06197290020291063,-0.00035064950538366,0.049529620506609195,0.0,0.0351449560154955,0.054166091938884775,0.07595043796788509,0.059523442304794505,0.04703676880044716,0.02979210775090274,0.05543970385866509,0.05646156095220961,-0.006280993223761522,0.03661507134836817,0.030680164860859227,0.05984762905614416,0.014092989640292986,0.016089735626334867,0.020173369895488458,-0.0005500526568260056,-0.0025277856371804797,0.036033142893772685,0.03421195595314758,0.029918414549506445,0.05094248991480377,0.0026502185249742682,0.0,0.0,0.12227917176183073,0.023227522563270264,0.001869473441970193,0.0,0.0,0.013152789873988102,0.00014189122814078914,0.0140989529418164,0.0006868815016379259,-0.0005894942917132329,0.0,0.0006496905615350768,-0.004277009636410423,5.551115123125783e-17,0.034098998005176906,0.04247017267804676,0.0,-0.0002732628429592543,0.0,0.05025877676032542,0.05127946503531944,0.023436478877610578,0.03200373623439112,0.0011551518750276268,0.04248075237224219,0.03888807468719335,0.04016357191270242,0.0328690564953652,0.031139425941501375,0.08995219194183462,0.014601922366284714
0.032182660416210096,0.05617508975613461,0.000583479434440537,0.041575456190909854,0.050128433958335994,0.044609313005802176,0.03758176590063511,-0.0047001827736543045,0.05778363161563643,0.042108526758464826,0.0002944477036125881,0.0007361452199156071,0.043204271836984665,-0.0005747665674932234,0.010465693978906676,0.03249656001221901,0.026634220521281615,0.026445681350927897,0.001347928783629715,0.04110192027475562,0.0351449560154955,0.0,0.0394211058433826,-0.08505189980016875,0.02177782880738588,0.047516190070186204,0.04845529109538199,0.029750147153752737,0.05219384299844343,0.0473014613922535,0.03141630769461767,0.02914284292439223,0.01728756685716587,0.02109846790021619,0.02324308884563786,0.04201485739736266,0.04400067793234952,0.0046852759037041,0.01685224119605183,-0.005734590667443418,0.006210997211280822,0.031613566412420524,0.006903020089232215,8.676844035160336e-05,-0.0003768572412373161,0.043330460244245306,0.00045399938346807334,0.0003736452952055602,3.1900405037532664e-06,-0.00013598415787835494,-0.00041628341571098293,0.003066015666000177,-0.0005894491734312335,0.0008010752050360836,0.00031326295346933986,0.0,0.0009156861001082817,0.0016860383756346908,0.0,0.04803041257271057,0.010782083826616495,-0.0008196415824628378,0.0034940593582992174,0.0,0.037528656236802405,0.054663670901087036,0.009016768275083298,0.05205016559421116,0.001852519592365487,0.004407169456053461,0.021144767576608325,0.04911288673071562,0.0021311437825414226,0.023255889782921813,0.0005670191318095652,-0.0005666266128985242
0.04322695952404293,0.0010333122299587272,0.0656455422663264,0.03050371810555258,0.02573881073385692,0.04133559860287822,0.02145737659193825,0.0636086465461072,0.05528781680618594,0.019068968776736417,0.03998987136839072,-0.002174152924587114,0.03217982576735784,0.0329426390192723,-0.00460206833214627,0.020021321240446033,-7.652214722198014e-05,0.053486340389854725,0.03131763085661943,-0.00023857647158903594,0.054166091938884775,0.0394211058433826,0.0,0.0655199002180869,0.02306409779767865,0.048054601738942826,0.02072468850219994,0.030788751157946603,0.016569709314995684,0.04077497055360735,0.030463401047279293,0.029424212467805855,0.010487292152445427,0.025335593083329278,0.02751981168233908,0.00702651277529065,0.027992796677687615,-0.010071469025097757,0.035312499863322744,0.04368847160944023,0.03934092927808985,0.05600534132015167,0.036451637501775436,-0.001316963757686418,0.0005394128172078738,0.06013134374592988,0.026024397431938073,0.03745896075385746,-0.0006654124688199037,0.013068189061361979,0.017824891477865035,0.024190044966243107,0.04424894317401651,0.014009867447812074,0.0021164773471951115,-0.038638445291227896,-0.0030666181801148884,0.028650475665656594,-0.004432643520875579,0.049818993905552,0.07717185334732801,2.9272391003698495e-05,-0.0009626862037241946,0.05754336193560927,0.04022534167363834,0.04559040498689393,0.05190724535992797,0.03385500013146736,-0.00019611257311208385,0.0036008868475997935,0.060778269476124136,0.02846043478246485,0.03622085832347954,0.03340277428407723,0.031081125954532163,0.03687526734148383
0.08563882052373356,0.12776302538313472,-0.0017339458043973965,-0.0011722322738315638,-0.0021680610474404394,-0.0010698795115867687,0.005551649743410325,0.06660868106091078,-0.004547028852938506,0.0062629147937101615,0.054232358240846545,0.033417527946566605,0.016403482169875694,0.002998696685022728,0.08239486466218121,0.04486957123463797,0.024110994636450667,0.03402995106095236,-0.00026450510503917,0.0026456213290578234,0.07595043796788509,-0.08505189980016875,0.0655199002180869,0.0,0.02062643672524156,0.038059380823554756,0.04540998574569366,0.0298077092782858,0.0019133027703972516,0.0007304906205504724,0.014322267339324124,0.049832945809842044,-0.001512457714107962,0.00979823135938701,0.020888674365757032,-0.006333695179529475,0.05774201359330999,0.009709454090060243,0.032451486143304065,0.013720348632104695,0.02526285405205214,0.007870193634201661,0.000782083003332823,1.2771587508675353e-06,0.02631993176372316,0.07692038172399651,-0.004512379861670912,0.0,-5.551115123125783e-17,-0.00011562058169739542,-1.9984508008941138e-05,-0.00027773062020619577,-1.6653345369377348e-16,-0.00019665854800599014,0.021439820469173032,0.00024202049491872657,0.03962198004113343,-0.0026379535632155005,0.0,-0.001180477986121975,-0.0037245221499082604,0.011521575415087026,0.019594085779876147,1.4089822496621274e-05,-0.00046216636198220806,-0.0005738087142116988,-0.0038258279894451963,0.0006565425548494819,0.04615648660434907,0.02409755917972456,0.035719542369451907,0.00010365959528974011,0.0034117287905557903,6.271217368547521e-05,0.0,0.0325599235167377
0.04619507340516049,0.01881537026043778,-0.004456011723500963,0.0006302618983020647,0.03333368528813391,0.01892960161042989,0.03679763385907492,0.051448778515632676,-0.0019174813646730682,0.033702416007457325,-0.0018018323769307676,0.04949664489393052,0.042273821347384666,-0.00033357608365608415,0.035695921799085706,0.04449558350887001,0.011633959802482385,0.03320257310881969,-0.0014720485354444701,0.02802916657635679,0.059523442304794505,0.02177782880738588,0.02306409779767865,0.02062643672524156,0.0,0.029697463153230408,0.01331973264402564,0.031789263679257496,0.02701179211482735,-0.0013890039317867586,0.04295806580742645,0.04949465377200296,0.044987946026181336,0.030329885603177398,0.02721967203339465,0.04182114415321064,0.0003350496236704803,-0.0005636062315425572,0.002020091876163199,-0.04619250864348401,-0.011307259558618388,0.00048806205787016443,-0.0011090837896252093,-5.551115123125783e-17,-0.06950762943156163,0.031881056158284904,-0.0007564292815145923,5.551115123125783e-17,0.0,2.220446049250313e-16,0.0021993327647036875,0.000966491538715919,0.0011410502352415808,0.00042452082922594947,-0.009681469158249245,-0.0002756282142148403,-0.005594986551827608,-0.0010762302287735115,0.0,-4.4787713433025456e-05,0.0022539896682963745,-0.005283925602666439,-0.006350244894173407,0.0,-0.000666851303922078,-0.001026131707615896,-0.0017673208058506806,0.0011348386989210035,0.020149226427056577,-0.003458371443086583,0.007721576048062617,-0.00037286546036430224,0.0007919879386009132,-0.0008754962395910448,0.0,0.0035961746014009366
0.05161327553143136,0.0384226991877924,-0.004754405149268726,0.059582402943074375,-0.00643216912615574,0.023786614032563158,0.04256887769272477,0.05051770122502919,-0.00173400726296713,0.0561827968789681,-0.0014902950095501688,0.056159056219924564,0.04019707634383368,-0.0022587358916864586,0.05644354350375963,0.05575645108923449,0.0273763082396431,0.039782592206455636,-0.0007312365837815471,0.052995643951111504,0.04703676880044716,0.047516190070186204,0.048054601738942826,0.038059380823554756,0.029697463153230408,0.0,0.029456185271202584,0.03536548111067794,0.03067430635483659,-0.001181440039166537,0.05450340865765363,0.0465292664793267,0.043224060201182746,0.03725581691335966,0.033586648581795164,0.040759761218701396,0.04263778449219052,0.006320763929270612,0.031097146198211634,-0.021131876478459044,0.02447091113123523,0.03941419227466658,-0.005071172888093001,1.938519470612299e-06,-0.06615735290833136,0.05952291634137569,0.02072890285111556,0.0020744281897566164,0.0,-4.003072574160216e-05,-0.0018702535526437525,0.001685819439630476,0.0014369952600620794,-0.0016572882482187024,0.0024933941998790954,0.0,0.016065887024017844,0.0011285989630444582,0.0,0.03424225573757611,0.032981137364928526,0.0017682210111342744,0.008308192875370934,0.0,0.04638801729441827,0.0685001289811385,0.0225970299443507,0.06420255974015976,0.030984253989473298,0.014708999705109138,0.02119391204709742,0.060738878082089776,-0.023872164655679984,0.04734508819932348,-0.00038083992958093393,0.02440120230416576
