0.0,0.9500611264917913,0.32577641612279246,0.0,0.4210660882501216,1.0511906065293157,0.4298307851491207,0.9059043507932737,0.4042676537022696,1.0278735968552724,0.3845462955459515,0.9453419708451325,0.48683063998799503,0.438050463387477,0.9574832565030441,0.9951399953565031,0.39580709867435515,1.0046329317582279,0.0,0.9493714841855058,0.5663479368517352,0.8075868444250882,0.9574783053542086,0.8711495403634933,1.0493211551040482,1.0500347828966068,0.9407889173838371,1.1045658032722165,1.0105099000539377,0.5642300227284541,1.019677707993288,0.9619873930425982,0.8524563758229299,0.8938239491114365,0.6826073003260129,0.5986148979726129,0.49540446374332026,0.4338432709029578,0.6709615719965107,0.8411597337024992,0.6657053642528848,0.493625846109336,0.47376394899977303,0.0,0.42201201981329783,0.6728284523703822,0.9354191851003579,0.0,0.0,0.0,0.441188088447108,0.0,0.5531578336101616,0.0,0.4198393220574823,0.0,0.5021455145966303,0.7118332954772144,0.0,0.5511591223819946,0.9321567701873026,0.27534935828632534,0.9553087128681099,0.0,0.4243332040824019,0.5095430711516745,0.6961692877915403,0.5693529643148965,0.9579883587421335,1.031856902974618,0.8866816548868444,0.4683314423444335,0.40295210056811,0.4619548556471996,0.0,0.4504833229427547
0.9500611264917913,0.0,0.5008624106345562,0.32175685586646485,0.9090787728086369,1.0436264045667694,1.0391731811940597,1.159242405573364,0.7476895571610036,0.4089468605748155,0.3227500597012499,0.4372220558161681,1.0846067182492756,0.5001474658915741,1.0754752665578857,1.034956935249442,0.5523731847459834,1.0378195518470539,0.617897107542279,1.0337213442748794,0.9098484341592326,0.9943071364413154,1.0492189978461468,0.4273156684856002,0.8143194873173916,0.6593376684401129,1.0192259911323687,1.0378073148099394,0.9758126418752815,0.43878997793330665,0.7199996498432887,0.6755977802754123,0.5921354888425636,0.6408680265415304,0.6301418184468863,1.5661405779679793,0.2501891908153699,0.0,0.5587554092682353,0.7470949320575849,0.5432743015765005,0.7748596812245205,0.6185820983614339,0.0,0.0,0.8279495378814444,0.7524635643973319,0.04926152433723103,0.0,0.0,0.6805042425962615,0.5956417685827298,0.5451072300575107,0.5592398014155258,0.6197885989320897,0.0,0.42629125886210467,0.6012579595870038,0.0,0.7078620416238006,0.5493103947528925,0.6179253457072917,0.8147187878349544,0.0,0.6372064804231389,0.8404724790870532,0.6158489693175829,0.5219993951844754,0.9061150125833184,0.8281874796214442,0.8080266785502899,0.648822043140278,0.5842284478031061,0.6428876465277785,0.0,0.8453802491386782
0.32577641612279246,0.5008624106345562,0.0,0.44817242601658136,0.8961790632149407,1.019733722909227,0.8440753712228477,0.9722624380766628,0.8139950537073841,0.40703478848024327,0.765083001257261,0.48098247579036035,0.8508350015384958,0.7627710850315719,0.33311834558327413,0.37690862667216257,0.5843354765221128,0.5046779000831267,0.6886276154659796,0.36888107692546424,0.34112301263228906,0.5001733007823387,0.9029711738616228,0.3957075055629311,0.5055590651758263,0.43000513208376223,1.0713234026363234,0.829391356897483,0.5455208843002596,0.557944428015058,0.74604976989387,0.7073479492023955,0.45858274985545305,0.8745255415710785,0.4995166212769457,0.7226102014757823,0.4397091184934353,0.4295886676464935,0.8295979972998495,0.47010521454482945,0.38165402754996447,0.5263923539776565,0.9135896331822021,0.6134003208770038,0.0,0.0,0.1944518802050467,0.5443518308590473,0.47265211437527,0.46159626855881597,1.0756073545358968,0.4819031250289285,0.9216975615060793,0.9454668677042755,0.38673875975915506,0.8256405387273066,0.4557158387493364,0.4800433230605896,0.6598470197269273,0.24307131663526005,0.0,0.0,0.0,0.7649783679480857,0.5895635551952927,0.43820036596187745,0.09566690200209238,0.8596033187589571,0.0,0.6243487136757966,0.33527969726976803,0.9950117679282862,0.4446446085348711,0.5953722173882153,0.6802119047552666,0.35158427580813906
0.0,0.32175685586646485,0.44817242601658136,0.0,0.7878622460192947,0.8782394131354432,0.6888641969997772,0.9436206732978072,0.9584078005599909,0.95312653155522,0.7680201011056706,1.0418216418153896,1.0464697964787708,0.7683824293960575,0.9923582857841597,0.07445489191909231,0.5357181403546541,0.47250598720240233,0.9447741815636856,0.8604643705880943,0.42847246123151284,0.8282036710033727,0.982437993249114,0.2196388472006221,0.8651162080893448,0.6195287618862919,0.7947337434086595,0.837614053682689,0.5472127938827527,0.4784585558354003,0.9383128145890477,0.7842161926941957,0.16301087880678605,0.6276448628281355,0.5272802781745278,0.5944473532207495,0.712183719242986,0.8076155486836087,0.16632829532809168,0.2829520188328993,0.3802487658274891,0.27072693209654775,0.22192271347715056,0.22340372004529757,0.0,0.0,0.0,0.3746070817453119,0.0,0.0,0.5755336824441937,0.0,0.46795995507348753,0.019781392874484063,0.0,0.17572604652008772,0.4557691566375424,0.447007306047423,0.0,0.0,0.0,0.0,0.0,0.0,0.0,0.0,0.4542995200012506,0.5278801312278072,0.0,0.0,0.0,0.4650907674938132,0.5188419904097212,0.558555572229412,0.0,0.0
0.4210660882501216,0.9090787728086369,0.8961790632149407,0.7878622460192947,0.0,0.7649270361924247,0.6021698586090335,0.744888177005146,0.6779906544137502,0.8718490801721392,0.6141373585064865,0.5823829870852282,1.011559507559997,0.5069419228933332,0.44199755602027735,1.1910180784471411,0.51154448948565,0.3327287989088391,0.7200445374330898,0.9461726727403184,0.46661981018531773,1.0726570354788088,0.749581999973563,0.7325738532780273,0.39829566004561157,0.3501337928270956,0.7705436258232168,1.0500280735001621,0.9936233185604102,0.443014679546769,0.8024933132233871,0.70021014271368,1.0078335405526888,0.8534508104615481,0.6790953682026711,0.7299536354224907,0.730435714562484,0.5128181235741474,0.6139830166060494,0.7095933667217634,0.5213810589242323,-0.5567905730857872,0.8128005750609832,0.6841017726772083,0.24817677616338918,0.0,0.3884358821110131,0.5418141154906226,0.0,0.5826306632618278,0.5991407525437156,0.5579875120567483,0.8113709446882371,0.5316408969125631,0.0,0.7070794172632484,0.3330210477433454,0.6542616173072913,0.5052549017646555,0.24770356194983,0.446752983120547,0.0,0.0,0.5919436176786215,0.327253036582311,0.49223328022522084,0.37845891015248984,0.7832516844645542,0.0,0.47097541347001404,0.5697173686260817,1.0732058195423437,0.5459349296760859,0.420195114338338,0.0,0.4676904480204694
1.0511906065293157,1.0436264045667694,1.019733722909227,0.8782394131354432,0.7649270361924247,0.0,0.9109391908524902,0.8735571575925192,0.6346325100552581,0.8702957301670731,0.6190513973741472,1.2029867523766467,0.9800133063641496,0.6476461440502976,1.082788148087197,1.1281087171935194,0.4793434155625077,1.1314069049316338,0.9662195104182436,0.904058283851846,1.0720034981138156,1.0953970198380685,0.9556298994377247,0.5286569931256819,1.030613273927481,1.1201962726996075,0.9301414428138919,1.0002714943890416,0.7745259794859287,0.898034690820246,0.9360439565691292,0.8207628961725237,0.9773777136692403,0.9374989273701182,0.9061978483969906,0.8441151382236536,0.8080934383096119,0.8485197840133664,0.7891748223728625,0.29777002425071,0.688969107544871,0.8760799166283447,0.6884025854966864,0.48714522068668,0.19355391018975635,0.5811174987509187,0.47545002762640487,0.9042275774065927,0.5525981348653295,0.4309867243894663,0.7847461353151055,0.8264229566650058,0.9408463530745381,0.9473205690333009,0.6330962136896761,0.7236109875001155,0.32089816504826885,0.7731794219586232,0.5531168783499574,0.833483815444434,0.5570016464412733,0.0,0.5197550811486342,0.5617579775740971,0.793074721446879,0.8227864676846771,0.9453511829114225,0.8164627772644505,0.5821425669663756,0.4637010475127614,1.2168806296965151,0.8280097458153604,0.720007033461808,0.8274530744369464,0.6784004875117817,0.62060638938195
0.4298307851491207,1.0391731811940597,0.8440753712228477,0.6888641969997772,0.6021698586090335,0.9109391908524902,0.0,0.7915068727606622,0.8901864386705737,0.7885287582052918,0.8196240779311099,0.5241584211797512,1.0276740163091818,0.7050231973210868,0.48113618086028714,1.0139926039974732,0.41301945416359,1.0732899030707765,0.8286786404219293,0.9763280844606569,1.137471953749448,1.0681724428004813,0.9051500136835672,0.4690991933561096,0.38469125071392757,0.41299180744222996,0.8001034740950014,0.8963706605594275,1.015949808955099,0.9331470637751764,0.8275382324662663,0.8934761246848046,0.9490417893793641,0.9389725092535557,0.6624988784519286,0.8518591391471486,0.6233707994172464,0.7520369526512747,0.6013427161829452,0.3953789941365585,0.5692235687144405,0.5154218857305668,0.5803882629304662,0.7562905155329782,0.32024137343711406,0.0,0.5535987092152375,0.389522549004079,0.0,0.5090454010316605,0.5203324534971425,0.5404123834481781,0.47683778609750516,0.5936329767852028,0.5535666095915145,0.4684873426066245,0.4318753181694025,0.45585421801237885,0.38137422873118176,0.3126852479918798,0.575701858158141,0.0,0.5239054326253657,0.5631155643641722,0.5650554596163138,0.4916664131552394,0.588185802289168,0.8156068314186278,0.4695314826288737,0.5971791599850016,0.5055411220055759,0.8902660902431747,0.5285106208674403,0.4147598377401638,0.7546372635125824,0.4734797091570654
0.9059043507932737,1.159242405573364,0.9722624380766628,0.9436206732978072,0.744888177005146,0.8735571575925192,0.7915068727606622,0.0,0.8335741010171744,0.5159443942420634,0.5413795650777458,0.6250844466803442,0.8968268972153561,0.6203991334552071,0.38504934567820664,0.6288774696186508,0.4303485860375319,1.2309473276644955,0.6663286464531535,0.8709513064619752,0.7418437640713205,0.41663164802533237,0.891743612185897,0.9156200826972063,1.0565497539369038,1.0758504696335005,0.972562946871702,0.9637547508715445,1.039633360755343,0.4276410682455844,0.8842487880466632,0.7046575848614669,0.9110666597531274,0.9847152974325997,0.4042177018197174,0.41890377859577893,0.4936890883988787,0.5909822522320989,0.7334774097166694,1.2219253986872873,0.5870109576930076,0.5871922777355361,0.6884477161657749,0.42705114361207763,0.0,0.5465421196766451,0.3345402843582771,0.9476829773802751,0.0,0.5536958078140362,0.8438974966280401,0.7945310346489225,0.6952124260283206,0.9475628368654444,0.8235672640378943,0.5020942243343367,0.9354930114160284,0.7109470850002471,0.5595044276358485,0.8661342501361078,0.3656884914190355,0.0,0.6402335970874993,0.854081162275802,0.7075487619706369,0.6505461046553388,0.41705499971015014,0.7420176402149175,0.0,0.41084239866429106,0.3528750278260801,0.9090074183102563,0.7409060449850118,0.8395714199733604,0.466554878524392,0.36624442849432615
0.4042676537022696,0.7476895571610036,0.8139950537073841,0.9584078005599909,0.6779906544137502,0.6346325100552581,0.8901864386705737,0.8335741010171744,0.0,0.9271617440410299,0.6646759043859591,0.7902098745757205,0.8828763048349251,0.6890593096187194,0.5642810692413156,0.47669149452621007,0.3956085404905725,0.5451545383026253,0.6627025240787618,0.678726417228367,1.2005144485809391,0.9113035137195219,0.8335246262640288,1.1049573370258277,0.5332498585679825,0.5781013795141623,0.7970299402150944,0.8800493859565657,0.7690674698138618,0.697558958311022,0.8724578149355846,0.7563272875516747,0.8400116704873949,0.905523146609647,0.8178837353568245,0.8239358114958358,0.7610486701079152,0.8090077843207384,0.8607904735462076,0.47804193386261107,0.3930826880886299,0.34737499303874536,0.7452412310045098,0.43407641032808386,0.2728629639736212,0.0,0.4782058623460716,0.747154560839815,0.467578835706313,0.6564288389370865,0.7001887664002581,0.6022088558683629,0.8275581186520045,0.5076211447752569,0.19311029728427032,0.6846018573764543,0.4080966070320573,0.4794182631196857,0.6880897827713126,0.45384184172967845,0.6576143212136374,0.0,0.0,0.7379852188698692,1.1486188991595547,0.6863870355507699,0.5296691426437379,0.7941703227231685,0.3151168403973734,0.5358353649140285,0.27734434573009,0.7144908008430645,0.48260948666794423,0.5368229826914906,0.5018463376708766,0.5872135515906146
1.0278735968552724,0.4089468605748155,0.40703478848024327,0.95312653155522,0.8718490801721392,0.8702957301670731,0.7885287582052918,0.5159443942420634,0.9271617440410299,0.0,0.839822772543361,0.6457235804877441,0.8370990678612167,0.85552335990623,0.45812731271344814,0.8306830139606245,0.8708179290188433,0.9163707880357823,0.7451883231649519,0.732569850143145,0.49777957910936105,0.43408343888898016,0.8159751149745045,0.8206827909222595,0.9045419493807569,0.8174832812034638,0.7206636348400981,0.8162763725837633,0.7675947607991805,0.3669596720116768,0.8392773261418611,0.17429018340222568,0.8395331455596184,0.6291093934341869,0.4618276637589769,0.7060843974756377,0.6554565876738967,0.5956869366412566,0.14042336226631846,0.730243860770478,0.605797116955457,-0.015199551334593941,0.9440232644670538,0.28822385421154073,0.5637009603183043,0.5640255830576494,0.530368699336347,0.14728626798264385,0.4779337951412287,0.41213657295300243,0.4976263334184359,0.41646373463131253,0.5629624307728959,0.21480931558285482,0.9857783734110106,0.4155246247619733,0.9081530055462413,0.5322706169609125,0.0,0.8967633075371099,0.5838375524549801,0.9775569495666327,0.9388140336288665,0.4682856095727882,0.46449683625668003,0.546346269731505,0.3337911111584122,0.5345208397611045,0.6874501411895715,0.8498545474985209,0.9783868040841837,0.5560217557720813,0.7865146766341944,0.3931851073622833,0.0,0.7488873295906712
0.3845462955459515,0.3227500597012499,0.765083001257261,0.7680201011056706,0.6141373585064865,0.6190513973741472,0.8196240779311099,0.5413795650777458,0.6646759043859591,0.839822772543361,0.0,0.7242207425370462,0.780394462448085,0.6128262753082274,0.0,0.5119162778994508,0.46361543394307636,0.494055114736747,0.6733793479053157,0.4461257948592716,0.876608973117967,0.37706115922037353,0.6332725342944264,0.7923187182992535,0.5288332013329995,0.5335253751619712,0.9123627014340698,0.818378809694018,0.3983838601178986,0.5001168127819963,0.7086687614628722,0.41902579301013765,1.052968606938648,0.8087492971781328,0.8118879306182389,0.6599866209870902,0.8571703864204021,0.7509455849349391,-0.01793197346752229,0.5342214722309451,0.4853361676133996,0.43747146346917287,0.625791655919302,0.5525916531220632,0.18126399369506072,0.0,0.0,0.8216994485623816,0.4680421974083474,0.37943161001813713,0.5786966419489143,0.4629092408591309,0.7122938973918138,0.9037058662200986,0.4462541166210885,0.139452088076206,0.37729086569444026,0.5162098538223417,0.669815883740926,0.0,0.0,0.0,0.0,-0.005279387829877691,0.3468042523601833,0.0,0.6603699131890537,0.662465038958799,0.0,0.0,0.8829680095965873,0.7867785345152507,0.4424256019614748,0.34842044070299455,0.0,0.5265150764109279
0.9453419708451325,0.4372220558161681,0.48098247579036035,1.0418216418153896,0.5823829870852282,1.2029867523766467,0.5241584211797512,0.6250844466803442,0.7902098745757205,0.6457235804877441,0.7242207425370462,0.0,0.6084414009901294,0.60607574870948,0.40712010649111646,0.5791331741130413,0.39015077769724293,0.5918249380867542,0.9216204593703438,-0.0009814529678531247,0.45177420529187856,1.160583635112321,0.7508864126460215,0.5207148324346573,0.8350592598623714,0.6020514862842178,0.9005742872627753,0.532227042272195,0.5921609271293462,0.2939339460227186,0.39285058694409325,0.3781731095608014,0.7164968360353989,0.1914076108899746,0.3378495357833039,0.44812978741112236,0.5230842337782886,0.28345503232720815,0.4287286241324195,0.6214974494237746,0.11477624010741683,0.08273239909295674,0.3735309362293545,0.4109902005770577,0.24339748115061327,0.3850404092692828,0.576717446862832,0.24798901757607833,0.1972784608735983,0.2577912530647186,0.3436963901390798,0.47548836172160913,0.2384027600088144,0.3838232423432383,0.9455151995391022,0.2278797682869797,0.9306949986153911,0.44530137337374565,0.6741203626803747,0.6236873353566246,0.5285851534288128,0.92035593818413,0.9659950280615139,0.33719478171419925,0.7341162595250363,0.7598984045667438,0.4086466225912021,0.5418576704964768,0.5662240819245717,0.8456690137425429,0.9857756616474881,0.3454268051910341,0.5776202832148405,0.4672685438476256,0.0,0.754583349769622
0.48683063998799503,1.0846067182492756,0.8508350015384958,1.0464697964787708,1.011559507559997,0.9800133063641496,1.0276740163091818,0.8968268972153561,0.8828763048349251,0.8370990678612167,0.780394462448085,0.6084414009901294,0.0,0.8038292462783376,0.9534078276256501,1.0520760035443981,0.7154725242494707,0.8891076727295684,0.8237982004005577,1.0152286151854,1.063609283422951,1.063792270472757,0.9630455987178701,0.44861673075327146,0.9451443031358584,0.7876438742956299,0.8604543774271617,0.9470514349211777,1.0005886452040276,0.8508948055299855,0.8184020341855975,1.0245878742246632,0.7099656758860264,0.9273350753786052,0.8560331269531184,1.009059223450609,0.8544455069071775,0.819010934103279,0.5422578124732479,0.30726194538292295,0.16228666939531833,0.13969295132116466,0.5573236876772496,0.37653280479148676,0.4410703599630971,0.5779094991882079,0.6236851981867424,0.46012042880118303,0.0,0.6177606987398244,0.8797711018190177,0.5049758280570482,1.0564969477692585,0.5381025992605029,0.4916696933372565,0.42706604879938337,0.43237208316553155,0.5423908844227847,0.4164803027669298,0.43488530080030713,0.4781998942908081,0.37714192456499945,0.5392351096976342,0.506649017464051,0.7336928905532332,0.552565286686341,0.509674376475199,0.8955211190672411,0.4815452335825312,0.46585267327885577,0.4546924377886546,0.9346168389343319,0.5188850946093123,0.8611663284265736,0.5064913710949368,0.4883544795235677
0.438050463387477,0.5001474658915741,0.7627710850315719,0.7683824293960575,0.5069419228933332,0.6476461440502976,0.7050231973210868,0.6203991334552071,0.6890593096187194,0.85552335990623,0.6128262753082274,0.60607574870948,0.8038292462783376,0.0,0.5131416186335852,0.5545340404209209,0.4548377300544893,0.4990482012084616,0.6285327530655229,0.3864556772732636,0.6986870113998459,0.24983742900498848,0.7149842788751284,0.6030190273998413,0.5173956631148456,1.2349647741455994,0.8113151784856267,0.579198323463505,0.3770231704568485,0.7614217984720786,0.7319664770323702,0.26734082587433816,0.2435185750578934,0.6724490040576022,0.3552871424018932,0.42946208559675925,0.5514345742522593,0.4025502623479254,0.6991367623693803,0.0,0.6875073317506168,0.8177332993451047,0.6428795698250753,0.4718777840500788,0.0,0.0,0.0,0.8179443421027786,0.0,0.49235272589613815,0.44097452205400106,0.4638096634413065,0.9636320971419967,0.4205226514272579,0.0,0.5947851591764045,0.382968043025671,0.7050146837743259,0.4159597779590145,0.0,0.0,0.0,0.0,0.4632473851656363,0.0,0.0,0.0,0.7596366184489007,0.0,0.0,0.0,0.7522740110948284,0.7251329079687149,0.0,0.0,0.0
0.9574832565030441,1.0754752665578857,0.33311834558327413,0.9923582857841597,0.44199755602027735,1.082788148087197,0.48113618086028714,0.38504934567820664,0.5642810692413156,0.45812731271344814,0.0,0.40712010649111646,0.9534078276256501,0.5131416186335852,0.0,0.9646317830773625,0.37776869187095347,0.7977859567064991,0.0,0.7938357096868051,0.9644475666274712,0.9208449412445139,0.832920728442586,0.8274124956102973,0.747704230046458,1.0683309635590188,0.7760047448675527,0.8119808429989621,0.7949307233574625,0.3926908321498265,1.0275152576210669,0.8741925730228491,1.0597395911055703,0.9715824968421234,0.8902797418658164,0.9531412881560333,0.8796077956762545,0.3722596933007813,0.6043600966825918,0.7676607555304191,0.6690222754107368,0.5419867909517745,0.449722087856428,0.596691652635077,0.0,0.9812184017962154,0.8883674908686914,0.4458427727025063,0.0,0.0,0.7676050248344919,0.6804984784689749,0.547290597085599,0.5274385267220494,0.0,0.0,0.6522464958489783,0.5216286784732578,0.47069655221337886,0.7531376062267636,0.5760175308830597,0.6154441784774038,0.7207449072387992,0.0,0.8283731554564705,0.8105653120680205,0.8847964817565908,0.8156790265756366,0.43989311768384837,0.9987876857730185,0.7604589817578058,0.8044220000041716,0.8493688529362926,0.7475312843312887,0.49211450217913066,0.8061150007762934
0.9951399953565031,1.034956935249442,0.37690862667216257,0.07445489191909231,1.1910180784471411,1.1281087171935194,1.0139926039974732,0.6288774696186508,0.47669149452621007,0.8306830139606245,0.5119162778994508,0.5791331741130413,1.0520760035443981,0.5545340404209209,0.9646317830773625,0.0,0.8045742466133373,0.926009632284829,0.44563508764774706,0.8863440879170199,0.9011258325493899,0.9671530164711064,0.9687810026956272,0.8995033741205197,1.0915062219347194,1.0168972309603357,0.9734372644710376,0.9443250892059101,1.0130710390843178,0.40907483149782986,0.9419042839483662,0.7795879860703085,0.7712361663232822,0.7175001400376212,0.7442346854167425,0.6331606332835875,0.35333744715896886,0.5845895950776603,0.6737702601706357,0.8473696931583041,0.617741240697388,0.5811267643740081,0.4714166146062495,0.0,0.0,0.7696489164692781,0.8498165927083655,0.0,0.0,0.0,0.5136539074917734,0.5815448789394724,0.8611002890475794,0.0,0.5976280292066671,0.0,0.4537636565340649,0.5807210036604954,0.0,0.6435948571376847,0.7305168770911372,0.5830860063891712,0.8579852894985365,0.0,0.5308348748727457,0.5511501571614437,0.6015106510414762,0.5441647934939172,0.3648289663226657,0.9474576551139215,0.8885096077146507,0.5415150071207044,0.5845502014026379,0.6386149566753607,0.0,0.5005158140195629
0.39580709867435515,0.5523731847459834,0.5843354765221128,0.5357181403546541,0.51154448948565,0.4793434155625077,0.41301945416359,0.4303485860375319,0.3956085404905725,0.8708179290188433,0.46361543394307636,0.39015077769724293,0.7154725242494707,0.4548377300544893,0.37776869187095347,0.8045742466133373,0.0,0.8770891478075832,0.615128573678874,0.6302123353323611,0.458068971862461,1.059866299126074,0.4752510129678623,1.0231740671894112,0.8209140311343901,0.995117440184297,0.5377930636727979,0.8763681095080735,1.1380089102356465,0.4972318040727759,0.8119968994971672,0.57168566299034,0.7679407162719947,0.5703937842529444,0.5394209842724234,0.6940105550534064,0.23888921412683017,0.4792341047205181,0.551679718887014,0.46239275956993975,0.5729364702270501,0.5822248895060983,0.0,0.0,0.5074432642980446,0.6164025178022128,0.6171995791094677,0.0,0.0,0.0,0.0,0.0,0.0,0.0,0.8042135646534398,0.0,0.7176207699038185,0.31019347267890973,0.0,0.7615839287994832,0.4934150163967356,0.815544405272535,0.7199335148202941,0.0,0.0,0.0,0.5639555806719005,0.0,0.7926881887540461,0.8128542170383468,0.9666319015926961,0.0,0.27692173171632933,0.46726781873358814,0.0,0.6693361576530145
1.0046329317582279,1.0378195518470539,0.5046779000831267,0.47250598720240233,0.3327287989088391,1.1314069049316338,1.0732899030707765,1.2309473276644955,0.5451545383026253,0.9163707880357823,0.494055114736747,0.5918249380867542,0.8891076727295684,0.4990482012084616,0.7977859567064991,0.926009632284829,0.8770891478075832,0.0,0.4745358373244041,0.8736129463765869,1.0029378237040216,0.9889499371745449,0.8493793982104295,1.0417609599918443,1.0808913662830095,1.0164200990826906,1.0459299573005496,0.7628168992730718,0.9978526585369413,0.39935359059689335,0.9754707582827649,0.9671622214938982,0.9534636638220494,1.029919059654647,0.8225883355392302,0.5030574890712726,0.2505005220258817,0.5548845581773556,0.8384081985096543,0.7442172893285945,0.7861506098288106,0.7477898838219226,0.0,0.0,0.587496517571943,0.8761776696539512,0.9693083519145622,0.0,0.0,0.0,0.4707840057309506,0.5507277915296751,0.8599766297921443,0.0,0.8873654812071491,0.0,0.8694469006398837,0.5138350868464051,0.0,0.5357959118006952,0.8257365893327451,0.7551297749069585,0.8020024981977824,0.0,0.4680577592223261,1.1183303368403579,0.5830925700698644,0.7057207051496712,0.9093625902411892,0.9244443730536527,0.9965544668961679,0.462552549451428,0.6692146428986725,0.4373415442472365,0.0,0.6794834653286351
0.0,0.617897107542279,0.6886276154659796,0.9447741815636856,0.7200445374330898,0.9662195104182436,0.8286786404219293,0.6663286464531535,0.6627025240787618,0.7451883231649519,0.6733793479053157,0.9216204593703438,0.8237982004005577,0.6285327530655229,0.0,0.44563508764774706,0.615128573678874,0.4745358373244041,0.0,0.5390408761500882,0.4510880793997064,0.6796329760569817,0.4821346544442574,0.4358097761734774,0.5048333614769764,0.4758677904027565,0.9331793397721334,0.857644303296331,0.5758951921237692,0.5808195842740058,0.7905714031422271,0.7916949315615577,0.44415368180186443,0.927139659449987,0.9094000853004179,0.8479866298684045,0.7074017800934967,0.3693005069642657,0.6664931315380579,0.384233462025995,0.39056879832663244,0.20432738725924807,0.7339750581853786,0.35225706695277625,0.40158159787219594,0.0,0.0,0.6875305216964848,0.0,0.46999906894093324,0.49573901699806494,0.45282173767264566,0.7480187014415258,0.9745666998800735,0.8637516112428186,0.6543209510802932,0.4969345618509047,0.41911549902693135,0.6995944474151377,0.0,0.0,0.0,0.0,0.5426276379739453,0.4698070721004997,0.0,0.4922020845754842,0.718272275385506,0.0,0.0,0.0,0.9362961586347002,0.4842230247711601,0.42639600380296105,0.4709913121450059,0.5262860357667467
0.9493714841855058,1.0337213442748794,0.36888107692546424,0.8604643705880943,0.9461726727403184,0.904058283851846,0.9763280844606569,0.8709513064619752,0.678726417228367,0.732569850143145,0.4461257948592716,-0.0009814529678531247,1.0152286151854,0.3864556772732636,0.7938357096868051,0.8863440879170199,0.6302123353323611,0.8736129463765869,0.5390408761500882,0.0,0.9150194079549852,0.7770557317218052,0.3805342970591067,0.5362581240196115,1.0182588104049521,0.9354359802557566,0.6707786856848106,0.916787547899815,0.8695081438322934,1.0323623279176255,0.8127925405362321,0.6875444092589669,0.9074069699533239,0.7893379648827923,0.7831537691836814,0.8842623586679426,0.7289731334957968,0.7670143512286735,0.6019416875637927,0.3908139013957441,0.4588872782794572,0.3449397864537247,0.4930340931899502,0.26074538432214805,0.19697579931124198,0.44376889601169334,0.49426655645125406,0.45111809483904663,0.0,0.0,0.9016568857028452,0.6054794059808799,0.5797948294894961,0.3966700454009161,0.9270499917536745,0.0,0.5246466932565726,0.5215972284129408,0.0,0.5798762903582739,0.5243655444004738,0.4721152603039539,0.5584714231108685,0.0,0.5303777696388674,0.6521492155276503,0.6041742737404686,0.7394102100702739,0.0,0.5291704110025792,0.6912438442939279,0.7964917051546909,0.7640349909727773,0.6858082634244537,0.39025782439586054,0.3807647890461674
0.5663479368517352,0.9098484341592326,0.34112301263228906,0.42847246123151284,0.46661981018531773,1.0720034981138156,1.137471953749448,0.7418437640713205,1.2005144485809391,0.49777957910936105,0.876608973117967,0.45177420529187856,1.063609283422951,0.6986870113998459,0.9644475666274712,0.9011258325493899,0.458068971862461,1.0029378237040216,0.4510880793997064,0.9150194079549852,0.0,0.9878693139141335,0.992297998505561,0.8921869006213737,1.0996023978300467,1.039164472767255,1.0007314143463557,1.0190263873679428,0.8443779972158457,0.4114283590759862,0.920840477440047,0.6671525657863757,0.7881353740346907,0.602370508479182,0.6436190222710545,0.4918616079810617,0.31158241272334064,0.5136150211452146,0.7409772579165856,0.9891505215345261,0.7004159252518245,0.5541424353633014,0.5626692715819546,0.0,0.0,0.8476890617724966,0.896251955569397,0.6194520893695512,0.0,0.0,0.9564619084119523,0.39982491853114144,1.0116609758012993,0.49614661812521954,0.5563000963518179,0.0,0.7389427738866913,0.9362665304128575,0.0,0.6970750151068072,0.6841433975410323,0.0,0.5038113380898189,0.0,0.6958041293897334,1.0680287518317688,0.820967831512259,0.8365675721762971,0.7638555410127246,1.1774550792315714,1.0528879414734873,0.8182262264163214,0.7690792143797921,0.9237564906449605,0.3503259269103096,0.51743707804033
0.8075868444250882,0.9943071364413154,0.5001733007823387,0.8282036710033727,1.0726570354788088,1.0953970198380685,1.0681724428004813,0.41663164802533237,0.9113035137195219,0.43408343888898016,0.37706115922037353,1.160583635112321,1.063792270472757,0.24983742900498848,0.9208449412445139,0.9671530164711064,1.059866299126074,0.9889499371745449,0.6796329760569817,0.7770557317218052,0.9878693139141335,0.0,0.7858758229703804,0.4615761883902177,1.0464133935033708,1.0480298756467348,0.9023128508306778,1.0844795191887062,1.0768015735060021,0.4720114198265338,0.9433033013843918,0.9323859205306503,0.8893055294254901,0.972771029206156,0.8599395802622463,0.81898667876024,0.963680325780182,0.5296518708834581,0.6796259969453919,0.7781471124492231,0.590329817469762,0.617031580456179,0.44338565534393515,0.34609515138986,0.23306834854468403,0.8473096781866809,0.870218464124483,0.5689864935604967,0.4709537024135227,0.23955262873774064,0.8759521003877453,0.6455188819131794,0.5854881184955313,0.6309191421991146,0.40920365403313896,0.0,0.49924367751584364,0.5763260778334742,0.0,0.6809481212277175,0.5631747194736786,0.412660145218603,0.584467261057949,0.0,0.643933607072944,0.6985313738880078,0.797845170262039,0.6382238669355067,1.2015383805800424,0.7515785684212956,0.8296187977237885,0.7030543855506952,0.5133222822032514,0.7753740222763092,0.556790198969228,0.7037949532323322
0.9574783053542086,1.0492189978461468,0.9029711738616228,0.982437993249114,0.749581999973563,0.9556298994377247,0.9051500136835672,0.891743612185897,0.8335246262640288,0.8159751149745045,0.6332725342944264,0.7508864126460215,0.9630455987178701,0.7149842788751284,0.832920728442586,0.9687810026956272,0.4752510129678623,0.8493793982104295,0.4821346544442574,0.3805342970591067,0.992297998505561,0.7858758229703804,0.0,0.9366217689435613,1.0361708590557606,1.1092854780999213,1.0147440469268412,0.8802843346789129,0.948230111854805,0.7751176687635873,0.7610826673590374,0.890015987084527,0.8083905811243495,0.8184626082092439,0.8236075545941124,0.7236201920391936,0.925703527363138,0.8736368936454697,0.8409823699872393,0.827192109499657,0.7965619673352923,0.828077225334517,0.8179105107725848,0.5427479293579174,0.5293024852033199,0.42934537464456785,0.8129155635815355,0.9505476943594662,0.448254692913092,0.5906385947675629,0.8888945285160847,0.8596531573491073,0.969706775456771,0.961333569106828,0.5586671986002993,0.7802309362840574,0.4356668188081334,0.789269614222079,0.6914071661179739,0.7822043209184302,0.5831920560075844,0.46449683625668026,0.5285637942667101,0.8829575426275398,0.7668915219919712,1.0204377022037896,0.8043793283588039,0.9753557075423525,0.21183426058115934,0.5817941185311735,0.9473263979654221,0.8717313381661129,0.7885681868467694,0.8822342401763634,0.8523940332571169,0.8202074058752822
0.8711495403634933,0.4273156684856002,0.3957075055629311,0.2196388472006221,0.7325738532780273,0.5286569931256819,0.4690991933561096,0.9156200826972063,1.1049573370258277,0.8206827909222595,0.7923187182992535,0.5207148324346573,0.44861673075327146,0.6030190273998413,0.8274124956102973,0.8995033741205197,1.0231740671894112,1.0417609599918443,0.4358097761734774,0.5362581240196115,0.8921869006213737,0.4615761883902177,0.9366217689435613,0.0,1.1148171970673846,0.7489017930217179,0.9299565127645676,0.35378607301894943,0.7700224349468217,0.8088740486880046,0.39518416741336837,0.21502651178907847,0.36807309282978096,0.07939799403791811,0.21354243740287765,0.3248327230890355,0.3102926090932743,0.3557264270373325,0.0394458054168611,0.8358862084754385,0.3466267198391676,0.02627731329251809,0.5783966965751803,0.35868490801703035,0.4701102741716355,0.5599523999510003,0.9684283424497809,0.0,0.0,0.47392945675156073,0.5761424864346061,0.2983208014643146,0.0,0.013952509024404463,1.138182403328058,0.5448017102509108,0.9928947496517895,0.4149800431230353,0.0,0.22606194818111328,0.5291977796453303,1.037387245345296,0.970824796012034,0.4731599433454816,0.34215769776987537,0.40534199112127633,0.16205650165400107,0.8409058802277125,0.6671131642702213,1.0914789146454669,0.9768593922864309,0.5403286851623119,0.5953569712098914,0.5845398466691487,0.0,0.8532021736993856
1.0493211551040482,0.8143194873173916,0.5055590651758263,0.8651162080893448,0.39829566004561157,1.030613273927481,0.38469125071392757,1.0565497539369038,0.5332498585679825,0.9045419493807569,0.5288332013329995,0.8350592598623714,0.9451443031358584,0.5173956631148456,0.747704230046458,1.0915062219347194,0.8209140311343901,1.0808913662830095,0.5048333614769764,1.0182588104049521,1.0996023978300467,1.0464133935033708,1.0361708590557606,1.1148171970673846,0.0,0.7074601934126123,1.036986030083316,0.6817512105259276,0.9643947263999009,0.37653905790054965,1.0305510778383584,0.723380984668111,0.9464027195172617,0.8906292865678362,1.0073109697327591,0.909774555415877,0.59451092330483,0.6497249574689941,0.8462220615301499,0.8308289791425942,0.7821487658767436,0.9340990043213626,0.0960397457596229,0.0,0.5322987193434514,0.9391635392544238,1.0240144901668937,0.0,0.0,0.0,0.5321005945503671,0.5160149511071135,0.6375317680179265,0.428851562972116,0.9450167969384665,0.4478434729251888,1.0254116269229485,0.4085299166806418,0.0,0.5282262875966208,0.8536011852985377,0.96443065141919,0.9619137786609604,0.0,0.6313395962385379,0.8446413803609961,0.6064787289329715,0.5001427527434001,0.9892184100679045,1.061522842689683,1.0891283366368552,0.45462823610835235,0.6396171489135267,0.5656302958060153,0.0,0.9894304491188786
1.0500347828966068,0.6593376684401129,0.43000513208376223,0.6195287618862919,0.3501337928270956,1.1201962726996075,0.41299180744222996,1.0758504696335005,0.5781013795141623,0.8174832812034638,0.5335253751619712,0.6020514862842178,0.7876438742956299,1.2349647741455994,1.0683309635590188,1.0168972309603357,0.995117440184297,1.0164200990826906,0.4758677904027565,0.9354359802557566,1.039164472767255,1.0480298756467348,1.1092854780999213,0.7489017930217179,0.7074601934126123,0.0,0.9920831939561465,0.8780326024242522,1.0307331609270867,0.3576290379012378,0.8768374580021643,0.929466688691459,1.0623825241855411,0.9183485335628068,0.8211589910538271,0.7599226443216938,0.8756449060551725,0.786941104132441,0.8772307636033623,0.811729189369383,0.978569433932664,0.7208614454812534,0.19072624421553283,0.5328098135500806,0.7671024733012801,0.95299220142327,0.9333451092373544,0.6458229083545642,0.0,-0.0016062531429124859,0.7856852221938182,0.5499590886666632,0.8450405119797342,0.3997676653643353,0.9965475876751737,0.0,1.0265434948760777,0.5957551269788224,0.0,0.8400124140584755,0.8694300031275664,0.961210436262845,0.967604430847874,0.0,0.7737242217948309,0.9082260328206391,0.8693596097335202,0.9255264351287906,0.923799446351489,1.0896433736751754,1.0339632468717588,0.8055991689957285,0.588106757645509,0.7859901061257639,0.43929689420154044,0.8854732021589338
0.9407889173838371,1.0192259911323687,1.0713234026363234,0.7947337434086595,0.7705436258232168,0.9301414428138919,0.8001034740950014,0.972562946871702,0.7970299402150944,0.7206636348400981,0.9123627014340698,0.9005742872627753,0.8604543774271617,0.8113151784856267,0.7760047448675527,0.9734372644710376,0.5377930636727979,1.0459299573005496,0.9331793397721334,0.6707786856848106,1.0007314143463557,0.9023128508306778,1.0147440469268412,0.9299565127645676,1.036986030083316,0.9920831939561465,0.0,0.8663497555415158,0.7445533720725364,0.7606663047040705,0.7449871568000179,0.7683139770332417,0.7378546312086991,0.7891296057888,0.7289065174817914,0.6088630351172325,0.792673108101527,1.0177391417016683,0.7977536938601759,0.9936549455368566,0.8199996267254056,0.7407850758171878,0.8721887020778947,0.5216031939365929,0.4040563603515577,0.39703458250979184,0.43289668231181355,0.8570906533885129,0.47438891610725553,0.5589919283434266,0.8493756378427235,0.8329502358355546,0.854624592982625,0.8902140617352272,0.6843344701448701,0.8251308491354703,0.3398347357916063,0.8273709541279138,0.8215572858769321,0.7374483134409048,0.5629105199743912,0.0,0.41596539976548236,0.9439171549260168,0.695793177974449,0.8992237699703339,0.7683207799599944,0.8728514839473762,0.0,0.5545425017127767,0.7360069636664028,0.8768886649376083,0.7757852802494145,0.8182787729239434,0.4434872527395046,0.7805169613313065
1.1045658032722165,1.0378073148099394,0.829391356897483,0.837614053682689,1.0500280735001621,1.0002714943890416,0.8963706605594275,0.9637547508715445,0.8800493859565657,0.8162763725837633,0.818378809694018,0.532227042272195,0.9470514349211777,0.579198323463505,0.8119808429989621,0.9443250892059101,0.8763681095080735,0.7628168992730718,0.857644303296331,0.916787547899815,1.0190263873679428,1.0844795191887062,0.8802843346789129,0.35378607301894943,0.6817512105259276,0.8780326024242522,0.8663497555415158,0.0,0.9851002477045476,0.9390215949195654,0.9384603541311871,0.745811883555902,0.5860599468292462,0.7253826896600852,0.7594585735594741,0.9659547285654554,0.8441014345847806,0.6079678687541727,0.29916895482830885,0.1330675260925303,-0.09295235946416525,0.029285343919659673,0.49863232242143873,0.4383867676610885,0.219963332145386,0.6005721711134513,0.5931182209270359,0.5185705484470922,0.0,0.6360142028500088,0.9764684451609627,0.5135665642818045,1.0088688716328904,0.4909711920125173,0.6882881640752954,0.45471918217001794,0.4208026994747245,0.5027253374975718,0.3335806644809126,0.7513246396366777,0.46135682534256567,0.17406665742236055,0.5628167491743753,0.662913914789048,0.7717550678421023,1.1145530186638961,0.8421381101243269,0.8874862656904001,0.4898128221057891,0.5792342711313322,0.3792724721775961,0.9472812468239822,0.8415238826598188,0.8181641565564199,0.47498071322838736,0.46843582651530496
1.0105099000539377,0.9758126418752815,0.5455208843002596,0.5472127938827527,0.9936233185604102,0.7745259794859287,1.015949808955099,1.039633360755343,0.7690674698138618,0.7675947607991805,0.3983838601178986,0.5921609271293462,1.0005886452040276,0.3770231704568485,0.7949307233574625,1.0130710390843178,1.1380089102356465,0.9978526585369413,0.5758951921237692,0.8695081438322934,0.8443779972158457,1.0768015735060021,0.948230111854805,0.7700224349468217,0.9643947263999009,1.0307331609270867,0.7445533720725364,0.9851002477045476,0.0,0.7671721853988324,0.8791809337860649,0.6486095377539953,0.7286664520073939,0.8549790161746511,0.6294987171049821,0.5769363851507681,0.6640510057905236,1.3770248175059745,0.6468255934859449,0.40149645352290386,0.46969103672092893,0.4349648392572194,0.35994172675290226,0.5130612644477052,0.6098997787997986,0.40365778643440675,0.412716537417848,0.5029788224754237,0.47324809721152233,0.4153276397972908,0.8097908327493064,0.5224940381946488,0.5670402524097027,0.49149728454633274,0.5967351785823996,0.416466909407334,0.5482681122073064,0.4796383423590941,0.7794486763310673,0.5584677928122002,0.543409507260969,0.46971396418196043,0.5176963430443645,0.48461921317603346,0.5643290412107385,0.7271405156994846,0.5968352653256707,0.7732768698322848,0.4646830720522944,0.5702097845834494,0.7300440649268154,0.8594042943216107,0.7753246450066225,0.7093109308242208,0.4162639430749001,0.4476373531337201
0.5642300227284541,0.43878997793330665,0.557944428015058,0.4784585558354003,0.443014679546769,0.898034690820246,0.9331470637751764,0.4276410682455844,0.697558958311022,0.3669596720116768,0.5001168127819963,0.2939339460227186,0.8508948055299855,0.7614217984720786,0.3926908321498265,0.40907483149782986,0.4972318040727759,0.39935359059689335,0.5808195842740058,1.0323623279176255,0.4114283590759862,0.4720114198265338,0.7751176687635873,0.8088740486880046,0.37653905790054965,0.3576290379012378,0.7606663047040705,0.9390215949195654,0.7671721853988324,0.0,0.7694202777094229,0.5837874750423941,0.42183551597932994,0.8955127090074089,0.5956999855036633,0.4939909960880875,0.7394555154178774,0.4603071406062901,0.5765265679313212,0.4484530780320431,0.4635970878633838,0.6830277794431426,0.6192826646533167,0.060798491200969675,0.0,0.0,0.0,0.19822398068087832,0.0,0.0,0.48578462989349425,0.5174227148544873,0.39725744719604894,0.65258811980676,0.5089711743241228,0.0,0.001448335313330041,0.3994508140763462,0.0,0.39406531115604,0.0,0.0,0.9306564925677719,0.9317720528324265,0.47945461608754747,0.4788928539143031,0.5427167337125762,0.5448397883805476,0.0,0.36556035184085106,0.47311673508196894,0.5435427313862944,0.5261595216975229,0.4742197623853641,0.3993300906707164,0.35178400245514707
