0.0,0.7354375032976075,0.34691953453282154,0.0,0.32447766552552604,0.7008751745782149,0.40486851755650155,0.6793740461630202,0.3826951125895006,0.8400068377438445,0.3887567647579787,0.9215218497028759,0.4446185927578143,0.4738378282991378,0.675746591107332,0.844450374942997,0.443864951249543,0.7291366259531498,0.0,0.7547045181954358,0.6138982517722713,0.6975715363928581,0.6141302811492172,0.7073830229765408,0.5882634295106732,0.7328862920344112,0.6388350729358503,0.38566610498578446,0.4567548567097014,0.6002408324223965,0.6787200378535401,0.5567866530006336,0.7224220462727556,0.49627491711536054,0.38232191044411906,0.6160337191210747,0.4203771807379777,0.9136350370413007,0.5316318510694302,0.7153661989525115,0.5852450435575176,0.4605839437445318,0.4637473057851105,0.0,0.41468687854758923,0.5252466521262324,0.7634046506668257,0.0,0.0,0.0,0.47134671742075,0.0,0.9605688308599465,0.0,0.4168742670573174,0.0,0.5091457363969625,0.7373520967142176,0.0,0.6656438684106509,0.7597846793363909,0.27386415848106244,0.651898540335742,0.0,0.43166391672336274,0.21983231313332918,0.566498256813153,0.6250003136105067,0.5943371370942176,0.7438370057505133,0.6986794203144258,0.45146253485295174,0.43790957755148663,0.4067720154047465,0.0,0.45577430471109337
0.7354375032976075,0.0,0.442206518060605,0.33742013787756764,0.25354419608639434,0.5205842218657846,0.356008605006157,0.5274328078779604,0.2577980629635415,0.3209278874188687,0.29651526896852,0.4741531263213552,0.4487621238179822,0.6036362639029456,0.5789146785796024,0.6880816720219392,0.5180279088537719,0.5775047567618297,0.5395590781768409,0.4574856952282887,0.6007863742148469,0.7014927771893477,0.38023812440740073,0.39039941249682186,0.5330962237053882,0.5652599420803168,0.5370683352800449,0.5239880639637156,0.5301189560238078,0.44066599723229755,0.49389068820307647,0.26480068088559194,0.4244435495709239,0.33276457585838515,0.39935699415238346,0.48250972801321024,0.21435453426373213,0.0,0.49807723645154284,0.6869844801200873,0.5290327397469994,0.4761005386342098,0.6253512034895212,0.0,0.0,0.5992704377333156,0.691104083042158,-0.031532910417475225,0.0,0.0,0.3944493603856468,0.5950373250315437,0.5755736816906496,0.5220652672738171,0.5830613622947212,0.0,0.41855270620460017,0.5692719672598101,0.0,0.687333813396533,0.6413367448958195,0.5811956448854099,0.7441243594753058,0.0,0.46920209981754707,0.6055977553844539,0.5073496417759813,0.6566942105842143,0.3855466110666356,0.6131337543598853,0.7187358934058233,0.3714243751855468,0.5308118821555374,0.44498262505337294,0.0,0.5961166404915728
0.34691953453282154,0.442206518060605,0.0,0.5025591451313001,0.4489059573463167,0.7636062519305712,0.5484790073871545,0.6029356242992224,0.4336508887152155,0.5715423309911707,0.5788518956616922,0.579761200222093,0.6032154671158143,0.4590619865778101,0.36221866678447323,0.3498933162767967,0.688511204525315,0.5644584071943675,0.5425418064595675,0.3530243952611891,0.38652127734240627,0.43522008778162297,0.4832044194264146,0.4230306173456355,0.43524637606091177,0.41891513385746504,0.38299193327043424,0.6350935621065898,0.6691129560178966,0.6150322579756469,0.685939010768993,0.5117788015449471,0.5537779866275782,0.6844800785961542,0.5478264814130643,0.5997627612441105,0.5410782567908754,0.5530312729209894,0.5166419344434561,0.47468070234658255,0.48677173645693195,0.5417434753254642,0.6299373153461607,0.6244765175470256,0.0,0.0,0.17453663357601296,0.48460809483129896,0.47146084689603096,0.6256225366960795,0.618963823079846,0.5492596592003332,0.6342038318586243,0.8726902997334663,0.3352956022325503,0.4964584629112154,0.48566003297624405,0.5562146851404635,0.44741646189196926,0.2974101858541146,0.0,0.0,0.0,0.4777016782899207,0.7060621821976178,0.4682056665341161,0.15861264371573094,0.7083690621874436,0.0,0.6118563836746669,0.40087592409994266,0.7801427509305101,0.5086618597252343,0.6291409458217472,0.6756564443393831,0.4420469290747727
0.0,0.33742013787756764,0.5025591451313001,0.0,0.2958665915952765,0.4416593380019156,0.5082778368148129,0.557358250437492,0.6197992829640445,0.37270842153588013,0.3103354441999328,0.40173919982339257,0.4787217561772087,0.5392111165148681,0.5405720618035561,0.0560362927165072,0.563726960318147,0.4653280714044849,0.5181847007150001,0.324115667051125,0.3289103015668306,0.1014762085246031,0.532185722780709,0.22066361867295958,0.8376937804385278,0.5314234603746704,0.44128000934914885,0.4651603495415403,0.42459923497273794,0.44701324017356936,0.540956606901976,0.202834313458826,0.2080952578797693,0.21288099224815588,0.2908702393950489,0.32666205017882355,0.3815909366401893,0.34472959785811785,0.473713835207643,0.2875234236649014,0.48886213976925885,-0.10257086150817271,-0.11065477870194837,-0.06019638573134023,0.0,0.0,0.0,0.5028128090346464,0.0,0.0,0.5428684602466229,0.0,0.4678414336242635,0.02512440424262914,0.0,0.23182511963171493,0.5012878214744073,0.5142237643904364,0.0,0.0,0.0,0.0,0.0,0.0,0.0,0.0,0.45897877519690083,0.6297606696687661,0.0,0.0,0.0,0.49425059691120127,0.4510215709026193,0.626344796492327,0.0,0.0
0.32447766552552604,0.25354419608639434,0.4489059573463167,0.2958665915952765,0.0,0.3541841030756584,0.32029936712792784,0.6380665579708173,0.43970679969186216,0.7091533189001304,0.4444645054024493,0.6120447502463215,0.6540951441286658,0.44106706356761427,0.47893184554901524,0.3830219812376204,0.5205533840951595,0.40730888769562734,0.4958741990695504,0.3254663743165378,0.5078239213094992,0.4248344863130582,0.49034223147657857,0.5105090943164885,0.3718177169899278,0.39242555957935105,0.41640738729005466,0.5366093021813156,0.5735957074536083,0.405899985170452,0.5920507459315771,-0.05446639436322048,0.8055799069895115,0.6434509349234211,0.5517291479380821,0.2850847012626362,0.2260316536781146,0.6595304268616746,0.5228518565348004,0.6331873960943104,0.46091444873984755,0.40363313342855417,0.5808583085413639,0.6324808617994693,0.25525261757587453,0.0,0.4365469493394616,0.5743702729748499,0.0,0.27097517761581946,0.5593194351303081,0.5958459170043866,0.4541376576384126,0.5726444467376545,0.0,0.5098392601632078,0.3420962941053026,0.6402978189886961,0.5116083474622253,0.22287302219145877,0.5111441257503121,0.0,0.0,0.5151903524158696,0.30105562597399566,0.4235880503871738,0.3012236389279396,0.6226323387357382,0.0,0.47699446926108946,0.46613273739491445,0.5729422728351277,0.5927453619393651,-0.39636408149401453,0.0,0.5236421597889394
0.7008751745782149,0.5205842218657846,0.7636062519305712,0.4416593380019156,0.3541841030756584,0.0,0.4768432847450914,0.6129938670837831,0.4579229860850075,0.6217176306136871,0.4372615614095791,0.9852757559350491,0.5369115966602467,0.432003718581393,0.8770301484742966,0.5720500556597597,0.6116094431349477,0.520947858259766,0.7786758524636059,0.5711681829223092,0.6750727886645177,0.5629498363199372,0.5988243040415273,0.5265345789916702,0.4840171987317766,0.5988378432861834,0.6520916240724364,0.6596366131035364,0.5863759814145252,0.6191524708172109,0.6414653489540401,0.29635361994939136,0.6377847119579506,0.5622386429811994,0.5217060309387107,0.6074174829853136,0.4827068118078306,0.7397663298591446,0.588280964048447,0.3098524103400525,0.5698217123380329,0.44732039571817406,0.6779815062804048,0.5470150619103018,0.2619052727019673,0.5483499079593526,0.16167084417432684,0.6632847160322037,0.6092605130312384,0.35633730572362,0.6227943389344885,0.5586069915348515,0.602300193108451,0.723924774728482,0.649021241084276,0.5338341203250875,0.3417261031329283,0.6153301326883723,0.5719380857805438,0.8127333544473465,0.4930936836859266,0.0,0.5116248222285047,0.48773411116440524,0.5525227607720014,0.34353168736408024,0.8110797607401135,0.5811108451325147,0.5821017379408924,0.4564799034515403,0.740655253472881,0.6213007909029066,0.5924982181337559,0.6287197026615404,0.6354989712194953,0.6009964104404996
0.40486851755650155,0.356008605006157,0.5484790073871545,0.5082778368148129,0.32029936712792784,0.4768432847450914,0.0,0.5244081877314976,0.5489706126792533,0.24325708179766647,0.5815552956861847,0.23128994476837658,0.5642657733167153,0.4508869807993968,0.4897842806628371,0.4594619650981413,0.4931395362169725,0.389826547060683,0.5149326646790657,0.39692239725172174,0.3627961746942947,0.46596669129643875,0.6324722882216498,0.4656775926927446,0.3302434229392317,0.48501019704715675,0.5076630204357078,0.5142658931371238,0.6048803585628126,0.4131881628643637,0.46512589024594464,0.314167608442019,0.18484297659482718,0.27777402451029987,0.2510613814215893,0.6182762961628894,0.46048000108417986,0.46371767753778304,0.7432064546941065,0.4309130132707607,-0.3805927954344932,-0.10779619075128077,0.2622603400106783,0.8154851238638294,0.3259953931273424,0.0,0.5055380593093002,0.37574906997818414,0.0,0.5374982357466485,0.5630739138889315,0.5738475657115283,0.3147797301449047,0.5361995731768985,0.5443754299257162,0.40463468068572417,0.435708687552002,0.4754471396780419,0.08209907235490094,0.3764316984770689,0.5593010726602012,0.0,0.5322865236931058,0.1572290420131552,0.5498298286349836,0.5107537025493563,0.5131743550657061,0.5828200518269215,0.47519840729596197,0.5609429548817503,0.5318021699128475,0.6072904604611644,0.5349669752975927,0.4556808338926587,0.6713295769568721,0.518108922810615
0.6793740461630202,0.5274328078779604,0.6029356242992224,0.557358250437492,0.6380665579708173,0.6129938670837831,0.5244081877314976,0.0,0.5791648971221781,0.26110037615813636,0.8122067782108282,0.562163245217433,0.5744533115175755,0.5698600970227685,0.37354369143121335,0.9372841998217372,0.4364242919859854,0.5302332357616063,0.47616091030492813,0.4247412657434557,0.5542598092830426,0.4569884592768898,0.6059672227732071,0.5798790357853955,0.5925582281810615,0.6531652090085411,0.5741866786681802,0.5157861174563764,0.6204057403347949,0.4780928807401756,0.5966068382330303,0.15389560773250058,0.5063956711388015,0.5294766041030428,0.33915842212258435,0.40642047199176623,0.011720825546565117,0.5800353633002187,0.6856495912692926,0.4520114727099448,0.3938725875031348,0.5668352484803673,0.33230751700866423,0.4701992943527844,0.0,0.5619836101322019,0.33196532736018314,0.6929723315426239,0.0,0.5862878585939044,0.5797269133285528,0.6510986150751296,0.6716098403201118,0.7942147441744738,0.7916626025675657,0.6464432731624506,0.8776277249355435,0.57401519595685,0.6520597399661539,0.677204855326053,0.37011463493720415,0.0,0.7083573905668458,0.6078605398001898,0.6610673507735633,0.7439872443004474,0.44702165763477886,0.5940627218166723,0.0,0.5306624330700642,0.3762903986813301,0.5260061015878906,0.4622850193692285,0.7839138478365874,0.48410212160446253,0.4166906497681582
0.3826951125895006,0.2577980629635415,0.4336508887152155,0.6197992829640445,0.43970679969186216,0.4579229860850075,0.5489706126792533,0.5791648971221781,0.0,0.7235439284954643,0.5006426701843175,0.7845744143308115,0.770499311655559,0.4182033322802476,0.6506442463659179,0.2876538912662912,0.9242700730029356,0.5964430405456078,0.40566623229670423,0.5124278084712696,0.36485723398803604,0.5824664742798293,0.6730245841853547,0.9540802009225047,0.1957253942825546,0.16652045044926997,0.5290532963906969,0.6640759746005835,0.6219163264692842,0.6341819137424265,0.7118434374131404,0.6257482304751669,0.5197034968588075,0.7356542118792861,0.6711633897107141,0.6638258075629617,0.5983660364640986,0.8058932633754387,0.2694017718351359,0.5533696002923674,0.043576612032898476,0.5991433997274233,0.5420211948448097,0.005174510880172012,0.3188386941183389,0.0,0.45638776081289345,0.7668639806783051,0.4751746492799368,0.6778644147201156,0.7036066934876402,0.6839241227421695,0.6088827325167339,0.6454335323269753,0.2743714666971868,0.6559869462585174,0.44112683948354636,0.6001260005609891,0.4375398705678895,0.38382554255028023,0.6233971008855448,0.0,0.0,0.6096725426449628,0.5774305638654762,0.6367131798183215,0.5219886035997632,0.6359702118532435,0.3304112155442107,0.5427373359794498,0.2431607060148565,0.6456978282613701,0.7705928201080512,0.5477691182136846,0.4901280684516463,0.6113748594327533
0.8400068377438445,0.3209278874188687,0.5715423309911707,0.37270842153588013,0.7091533189001304,0.6217176306136871,0.24325708179766647,0.26110037615813636,0.7235439284954643,0.0,0.6826280037396121,0.6658239634642947,0.5150884766211308,0.8342399793851842,0.5083539400491621,0.3944850109401715,0.6999818072788113,0.6757125089370621,0.6531274003378178,0.4155964953308238,1.0153511802391222,0.4116881033512828,0.5871592681101141,0.773802020795369,0.7336481330586613,0.6750639109166912,0.5424733771389545,0.554095317204041,0.723286709398886,0.3280417596866028,0.7460954631586446,0.4229265684916562,0.8305825720046455,0.7224865699306136,0.5611963039287977,0.5502626997955461,0.3224403924561514,0.5911936997812991,0.7806571521168171,0.7621597830889545,0.6460571305133462,0.8662786556859602,0.30800299947114657,0.3272979289818622,0.8081323449601767,0.5244924519254313,-0.021961794992349126,0.22471844808981878,0.46787445888634116,0.38323857862865285,0.44291199427665356,0.43793706327177007,0.5589705696928368,0.2862495701207778,0.9225340758123737,0.4312879530210356,0.887244816253245,0.4968530901014492,0.0,0.8570296376667912,0.786494866484281,0.773725679451407,0.8488541316881737,0.46373787947302747,0.47915199307972467,0.5295911583924733,-0.005532164767387382,0.5867312107041476,0.6438977436628257,0.884632144695727,0.9424764130457697,0.5453318740318509,0.5127778200276898,0.46141658625944804,0.0,0.6801005975267397
0.3887567647579787,0.29651526896852,0.5788518956616922,0.3103354441999328,0.4444645054024493,0.4372615614095791,0.5815552956861847,0.8122067782108282,0.5006426701843175,0.6826280037396121,0.0,0.7149315758658861,0.6126012393691193,0.5595187183623593,0.0,0.48152806340726395,0.5291720487410703,0.5523511734368248,0.4830037861497368,0.5093340019179328,0.5790117082870825,0.3764578493882219,0.7093093827494131,0.825277202488782,0.6280607622989474,0.6501657884860179,0.4761805153486375,0.6180224520848456,0.4014775588007945,0.47859391993657757,0.6282842189876179,0.18981625381758988,0.7650493494102237,0.6971315512881182,0.6909202152836493,0.4930304751269653,0.5461991195158714,1.0868054550403148,0.5516253291759199,0.37988099985484625,0.4899725625956604,0.49739430956870667,0.6997548025274093,0.5655177883843227,0.23108735707818834,0.0,0.0,0.7434027326187074,0.4692335842383021,0.5246900418270501,0.922430089302858,0.4835526700413079,0.6529820816649925,0.8494641328524982,0.5616672198467618,0.841155599043909,0.4380626891261627,0.5341167809139635,0.5964925245363824,0.0,0.0,0.0,0.0,0.6364237424023192,0.40961429413195516,0.0,0.736949055738193,0.6679730707497781,0.0,0.0,0.9933223121006296,0.8045663713714338,0.47572508527045443,0.3738149034071897,0.0,0.5458313173908839
0.9215218497028759,0.4741531263213552,0.579761200222093,0.40173919982339257,0.6120447502463215,0.9852757559350491,0.23128994476837658,0.562163245217433,0.7845744143308115,0.6658239634642947,0.7149315758658861,0.0,0.5450896965256814,0.5925510529568188,0.3272105165003395,0.5561191059990616,0.7773401321811026,0.6368786309174098,0.5419515390898664,0.47311009042231145,0.41767437070018965,0.3348710621479845,0.342959691939023,0.6535564888909751,0.7462918361985105,0.5075404461646567,0.5359745007444547,0.7404558223115745,0.5748355256181991,0.2884012467756505,0.7171751402010904,0.1717278205733927,0.8977626372259871,0.27913441330632005,0.5578374151115735,0.6089016075246365,0.3885730849377329,0.2838530922861211,0.6702829038446182,0.7041124839416995,0.3873445032657704,0.20499057006163524,0.3657832449875751,0.3765012696073054,0.2574693324149938,0.40289816142104556,0.539756237498641,0.2641740908435434,0.20154717236563302,0.23982842462403334,0.33669817761330356,0.48079059039093786,0.23949429421412072,0.39319295666261267,0.9922564199080033,0.261996704268145,1.0018411323139795,0.04622046456433551,0.6542215939048712,0.6078124189416862,0.6351339375981262,0.8411889493427568,0.8761735726342449,0.34987815378563847,0.6968748207386867,0.7210769659480907,0.3972971194966579,0.48618973605951654,0.7792397484775656,0.9166081592188595,0.937266947299681,0.33817513215124917,0.5980911253766038,0.5271913766150541,0.0,0.7086808963004465
0.4446185927578143,0.4487621238179822,0.6032154671158143,0.4787217561772087,0.6540951441286658,0.5369115966602467,0.5642657733167153,0.5744533115175755,0.770499311655559,0.5150884766211308,0.6126012393691193,0.5450896965256814,0.0,0.7516428144485408,0.5069579684015509,0.529462295417293,0.5020838983626804,0.5416364301491376,0.5833775897775058,0.5230155418535509,0.5407286634062147,0.49964569725264263,0.6087760563686548,0.5047507788344525,0.481117107127947,0.5678032676240903,0.5460313632771704,0.6116961000771761,0.6768236401513412,0.524549645767661,0.44729571162024745,0.3588507548465092,0.24044340882092236,0.5031257684803156,0.4008803008784396,0.5544813525673428,0.4443685537602928,0.6921413962566381,0.37298404802693863,0.6035647223313779,0.21989467594825451,0.3266669432661039,0.5042815615994717,0.44217818513999163,0.8336704585077063,0.5997945070212642,0.5621292714662462,0.6994454093645786,0.0,0.6386438917276867,0.5846725118620479,0.5327495710754228,0.5787512524977809,0.7471836118501858,0.7441800882211413,0.3542308739087392,0.7191247804901613,0.5515601607541024,-0.5814915600862054,0.45155928100004183,0.5486839584300323,0.3818591403033068,0.5062000221904587,0.2516244877378404,0.510534486589451,0.557934079687668,0.48197144366130706,0.6444650790098638,-0.057178423633663045,0.45095588204509424,0.8198678341085355,0.6809213287334416,0.569975445605986,0.4867738018982387,0.5162616293308645,0.75831379768993
0.4738378282991378,0.6036362639029456,0.4590619865778101,0.5392111165148681,0.44106706356761427,0.432003718581393,0.4508869807993968,0.5698600970227685,0.4182033322802476,0.8342399793851842,0.5595187183623593,0.5925510529568188,0.7516428144485408,0.0,0.5130496849693743,0.6596226661598912,0.4500819793031082,0.4684457297806315,0.44186495090975025,0.37611660975992905,0.5250263909613659,0.2685393880960318,0.5116007300268337,0.5878090943767378,0.5292765893566547,0.5642171436157741,0.4337509170635896,0.34750358528069175,0.34008343291933485,0.8596652549691083,0.5747769868365579,0.16967366067553383,0.21767900383380262,0.764852641131841,0.38918916976930096,0.23100397847241713,0.3371714987344617,0.40898302540444453,0.720515744825386,0.0,0.6718722560079347,0.7749524981897985,0.5873127946465833,0.4706309030749084,0.0,0.0,0.0,0.5851443780916181,0.0,0.5946028627691387,0.46921091666122283,0.5126827834581177,0.6155546599020765,0.5338611807963214,0.0,0.6638779495984629,0.35563639791436497,0.7503537988323785,0.45757595749746616,0.0,0.0,0.0,0.0,0.44999399895228454,0.0,0.0,0.0,0.6328237494246476,0.0,0.0,0.0,0.48163824827608476,0.7809583587655513,0.0,0.0,0.0
0.675746591107332,0.5789146785796024,0.36221866678447323,0.5405720618035561,0.47893184554901524,0.8770301484742966,0.4897842806628371,0.37354369143121335,0.6506442463659179,0.5083539400491621,0.0,0.3272105165003395,0.5069579684015509,0.5130496849693743,0.0,0.632298661607138,0.4392807782619813,0.4613544477202338,0.0,0.565198634595842,0.6862399848411209,0.7084831190210545,0.72723863409872,0.5138242907375461,0.4045816345756141,0.6362624684712013,0.5803527527063972,0.5476580477987478,0.6141134852925387,0.7228551656634619,0.6425821896139401,0.48331175317802255,0.7574022824807051,0.4907710017903347,0.49434748304141085,0.6338863626507194,0.767770894014308,0.3431491693522138,0.4860013380138195,0.7938621951724312,0.5914402920678231,0.5469352195089094,0.45838219639018385,0.5883054166886076,0.0,0.5649674692298963,0.684778232986347,0.39949850703385814,0.0,0.0,0.544013770535501,0.6227654576958301,0.6625122113019931,0.49760500697767307,0.0,0.0,0.6567393053822378,0.4226955717217744,0.46768019886436274,0.8220099042933446,0.6188598879912739,0.623951504247533,0.674925328545724,0.0,0.8760523331742665,0.7030364879527435,0.9933979529978858,0.8407765779606244,0.43794070033530047,0.5539084117832922,0.7036043771748276,0.660904185208187,0.4166519377923179,0.6036195138582525,0.5492611857421517,0.5947611507552215
0.844450374942997,0.6880816720219392,0.3498933162767967,0.0560362927165072,0.3830219812376204,0.5720500556597597,0.4594619650981413,0.9372841998217372,0.2876538912662912,0.3944850109401715,0.48152806340726395,0.5561191059990616,0.529462295417293,0.6596226661598912,0.632298661607138,0.0,0.829533871169659,0.8947731338035525,0.5126633401905226,0.49459279740576095,0.7336220479903561,0.6855076464922661,0.7316005933155217,0.8899887964586614,0.7752297804598802,0.6769542904005712,0.6146372738346653,0.5526980386980944,0.6215133648056302,0.5466679718586862,0.7544960670920404,0.3549262198097206,0.4681357364073959,0.31826472070085204,0.47127499491103697,0.6556763300537293,0.45816274749167407,0.5601970735489212,0.6383689528835903,0.5860016446891297,0.6062277259676374,0.601449987937535,0.4683691602693377,0.0,0.0,0.7058901766088815,0.759215523755217,0.0,0.0,0.0,0.5315980513236579,0.5581519633927434,0.8809326941835063,0.0,0.6587442545357076,0.0,0.5671787061339252,0.5874956838811336,0.0,0.716426396986808,0.7476521818762827,0.6131479870910472,0.8302975134959465,0.0,0.38721534259589685,0.6161313170511028,0.4759570285144759,0.7678777312198377,0.3782787309276718,0.8713247334221192,0.7966961572231039,0.5873114531429873,0.515103610207173,0.41017269387483035,0.0,0.4795050875881534
0.443864951249543,0.5180279088537719,0.688511204525315,0.563726960318147,0.5205533840951595,0.6116094431349477,0.4931395362169725,0.4364242919859854,0.9242700730029356,0.6999818072788113,0.5291720487410703,0.7773401321811026,0.5020838983626804,0.4500819793031082,0.4392807782619813,0.829533871169659,0.0,0.7854114334035552,0.6965933903855048,0.5001152753109549,0.5454740757232435,0.5172988311200581,0.4519237914039347,0.7947978544892752,0.8591939525369883,0.6903732637991316,0.6577388234589059,0.6614388600941038,0.4722769764063485,0.5157021319905946,0.8657619358911863,0.6684846609625725,0.6772606109407604,0.49669032112137845,0.4488892136712309,0.5863764884382737,0.24256808302658647,0.5614149036271947,0.6033535109129544,0.4513654202123703,0.34909688473671263,0.5717897224337687,0.0,0.0,0.4770582374214233,0.6059228060318833,0.309651873077633,0.0,0.0,0.0,0.0,0.0,0.0,0.0,0.7105040038428552,0.0,0.6447120894284931,0.32759118197417425,0.0,0.7193228274954784,0.5109126651583863,0.7494197580552903,0.7740133547038966,0.0,0.0,0.0,-0.18238157090174995,0.0,0.7601250132068789,0.8695551401039824,0.8756364251006281,0.0,0.3047652310168256,0.4728988049250471,0.0,0.3960063931287682
0.7291366259531498,0.5775047567618297,0.5644584071943675,0.4653280714044849,0.40730888769562734,0.520947858259766,0.389826547060683,0.5302332357616063,0.5964430405456078,0.6757125089370621,0.5523511734368248,0.6368786309174098,0.5416364301491376,0.4684457297806315,0.4613544477202338,0.8947731338035525,0.7854114334035552,0.0,0.5357070510730111,0.4125341556914047,0.7681430645095246,0.4589949415453366,0.5940949664710065,0.7206140763044181,0.7368585983473033,0.6419202447047885,0.5685674747201717,0.44475917309419644,0.4840371644586391,0.5442210648580286,0.7198682153572095,0.5144147749492649,0.7186085553268748,0.565328980602651,0.38161579371655285,0.6390421063563002,0.27494464055024515,0.4496301512570363,0.6655411449472082,0.5839217272415267,0.5601697495064428,0.5620508040725676,0.0,0.0,0.502238008829532,0.7455934609577632,0.7642550316987751,0.0,0.0,0.0,0.5722791627641526,0.5592816781062658,0.9111856477597828,0.0,0.801771898230559,0.0,0.7225491909276418,0.5524958515531733,0.0,0.5693931090032237,0.733777092130817,0.8220995816939187,0.7462517926202006,0.0,0.4540373879847106,0.5490941405425586,0.46229155983465314,0.7278527318174052,0.559634866698336,0.7667870809069894,0.798772287249546,0.4747135099314247,0.6400970081425463,0.5544863257108193,0.0,0.5295113548822743
0.0,0.5395590781768409,0.5425418064595675,0.5181847007150001,0.4958741990695504,0.7786758524636059,0.5149326646790657,0.47616091030492813,0.40566623229670423,0.6531274003378178,0.4830037861497368,0.5419515390898664,0.5833775897775058,0.44186495090975025,0.0,0.5126633401905226,0.6965933903855048,0.5357070510730111,0.0,0.4779031932748002,0.431068630786372,0.6210617243241284,0.47970819283270766,0.46343720482137407,0.5616220061216837,0.5581802706715282,0.4276073957919715,0.6364462182906774,0.6022058408992632,0.571880101254681,0.6483295689683175,0.5600670751910142,0.25503967627191937,0.6678389410102352,0.7502551505776717,0.6244838726759121,0.4658887128879222,0.43009214956384567,0.15399505851858514,0.3844511319978656,0.34216934921711895,0.29795186578141736,0.6477100467745527,0.34901855490064115,0.4207496452783299,0.0,0.0,0.7698013157567949,0.0,0.40149603947135665,0.5025573660150704,0.47169525122217654,0.3757255847189358,0.7184204024878493,0.9724618460280462,0.7774928462106967,0.5151605618292927,0.4403553818473479,0.45986706837313035,0.0,0.0,0.0,0.0,0.715590215938348,0.47473272583362935,0.0,0.43040324994892454,0.5822079690292667,0.0,0.0,0.0,0.5645970647107964,0.5636289674482717,0.49082929847455,0.4886057593251041,0.513132197530354
0.7547045181954358,0.4574856952282887,0.3530243952611891,0.324115667051125,0.3254663743165378,0.5711681829223092,0.39692239725172174,0.4247412657434557,0.5124278084712696,0.4155964953308238,0.5093340019179328,0.47311009042231145,0.5230155418535509,0.37611660975992905,0.565198634595842,0.49459279740576095,0.5001152753109549,0.4125341556914047,0.4779031932748002,0.0,0.690519766965971,0.5035102107775796,0.5385075057931135,0.4877081487591497,0.48589254638385854,0.5138302176231431,0.44161484853308225,0.5627265745723864,0.5492264814630424,0.6234695709531577,0.6083162033697631,0.32810361202495875,0.4752674439338825,0.4363904218193182,0.4437935856340269,0.7794071168746588,0.5650948606665211,0.7041297654906338,0.37470766034678854,0.5558071971784384,0.44496625752131147,0.38859582606106524,0.4834075693109396,0.22688526703342674,0.23185436033433046,0.48824687295124203,0.3908083048400599,0.45672268242767655,0.0,0.0,0.47859872089277256,0.4823608064728357,0.775019375689465,0.41969166189277807,0.8922948876997885,0.0,0.5468826605482753,0.31264736821520356,0.0,0.707071510270384,0.47266199520805396,0.46583957557785943,0.5180705365252897,0.0,0.5982748537813003,0.6883086684615956,0.6208494790405228,0.5995509342744361,0.0,0.4950026145021351,0.4972995732419371,0.46761792421916926,0.2751916656743665,0.5217876807713748,0.18719772042368216,0.36271868936123175
0.6138982517722713,0.6007863742148469,0.38652127734240627,0.3289103015668306,0.5078239213094992,0.6750727886645177,0.3627961746942947,0.5542598092830426,0.36485723398803604,1.0153511802391222,0.5790117082870825,0.41767437070018965,0.5407286634062147,0.5250263909613659,0.6862399848411209,0.7336220479903561,0.5454740757232435,0.7681430645095246,0.431068630786372,0.690519766965971,0.0,0.8015103762647293,0.5904527811568612,0.6183420151031602,0.5892601945946698,0.7646818082105616,0.6224558772078358,0.4940778473517923,0.5766005006578359,0.4445824129892183,0.6341294072118433,0.3923500983605856,0.4996451040511368,0.49420074572329253,0.5124845850954726,0.5443073519746685,0.31612448533899906,0.5495865239558841,0.4943093612240408,0.571947770390085,0.4907876566452572,0.43869476398526636,0.8542057865080961,0.0,0.0,0.5108706864058301,0.764879929267537,0.6002766506930419,0.0,0.0,0.8528820668743983,0.4128633919537256,0.939521379885179,0.5267617466027372,0.5583387994391729,0.0,0.7087316125348933,0.505136894612573,0.0,0.8537916849260684,0.5811808088731927,0.0,0.48284708232826223,0.0,0.6901529689935562,0.754294753147041,1.024822906192192,0.630310599020815,0.7824882556247545,0.4525175865464848,0.8500999714322903,0.6133641668416945,0.5409419749774371,0.822925835969622,0.3963559102381331,0.39423539539287966
0.6975715363928581,0.7014927771893477,0.43522008778162297,0.1014762085246031,0.4248344863130582,0.5629498363199372,0.46596669129643875,0.4569884592768898,0.5824664742798293,0.4116881033512828,0.3764578493882219,0.3348710621479845,0.49964569725264263,0.2685393880960318,0.7084831190210545,0.6855076464922661,0.5172988311200581,0.4589949415453366,0.6210617243241284,0.5035102107775796,0.8015103762647293,0.0,0.8653892452905861,0.3663598575665907,0.6068719737538166,0.6066685875565255,0.4371983242345641,0.5161096687186372,0.4357851144925623,0.5139504324239892,0.6632607676366099,0.37762789966155963,0.4392103910615204,0.3793686356273238,0.39372768815370685,0.4928922522688733,0.6584710623061516,0.48169670800318515,0.34393731610273265,0.47662183408598013,0.34265944171792384,0.2804125926204206,0.45194942376806846,0.3309536634699385,0.255686203786727,0.593365051094042,0.5814054575521042,0.48466167853966474,0.4721321136182173,0.2615590521976329,0.5282799532052627,0.6602193961095747,0.8102434098381426,0.5530455991699403,0.46702653603337024,0.0,0.46494667894741154,0.5305918412700505,0.0,0.8211305805529685,0.5024786002242947,0.42889646507399365,0.5862123126666947,0.0,0.5032872351610723,0.8185678633996349,0.6751898432938068,0.7136820631258574,0.6787090758105795,0.4887281497998889,0.6267311107480671,0.5253895515628486,-0.06866135836433218,0.37527450328729706,0.06990930490270764,0.41815272989336183
0.6141302811492172,0.38023812440740073,0.4832044194264146,0.532185722780709,0.49034223147657857,0.5988243040415273,0.6324722882216498,0.6059672227732071,0.6730245841853547,0.5871592681101141,0.7093093827494131,0.342959691939023,0.6087760563686548,0.5116007300268337,0.72723863409872,0.7316005933155217,0.4519237914039347,0.5940949664710065,0.47970819283270766,0.5385075057931135,0.5904527811568612,0.8653892452905861,0.0,0.58011129878646,0.3598687664468835,0.6016964847471304,0.5819402615051944,0.5408837030780064,0.6880139951630727,0.55530511976622,0.563832915708224,0.465348351103943,0.6375637055657353,0.5625244323878481,0.6550283552114904,0.6309986206650473,0.5425430493762115,0.34671412311260075,0.6331173561647292,0.48314207197742837,0.6092082597184008,0.6176893208675118,0.7408356192424226,0.6474326254389582,0.5775164373596282,0.4510108774473055,0.7438726803458675,0.8158752341405342,0.41563902053238966,0.6816269017906929,0.6323180564050077,0.5871098216100373,0.5967208593067441,0.7158013279866167,0.524741272567375,0.6448427688296033,0.49619055350324526,0.5997690061824931,0.604758863517117,0.7983585117841532,0.5332531074032076,0.4791519930797265,0.5743586865035991,0.8006328059099176,0.6522364788434398,0.6524807362227947,0.806544925064191,0.6648896736476422,0.22036562572777763,0.4297268199477994,0.7104913443820864,0.5535851664893774,0.5359115438617277,0.6663336473870338,0.5758617411215649,0.6026765292666487
0.7073830229765408,0.39039941249682186,0.4230306173456355,0.22066361867295958,0.5105090943164885,0.5265345789916702,0.4656775926927446,0.5798790357853955,0.9540802009225047,0.773802020795369,0.825277202488782,0.6535564888909751,0.5047507788344525,0.5878090943767378,0.5138242907375461,0.8899887964586614,0.7947978544892752,0.7206140763044181,0.46343720482137407,0.4877081487591497,0.6183420151031602,0.3663598575665907,0.58011129878646,0.0,0.632649090555822,0.5328824755773662,0.28471003854707,0.677472296396306,0.510245904502829,0.7894886044566155,0.8763076294917012,0.5655122748215673,0.4427547930914275,0.4068667798920569,0.533853848974197,0.5415049395721092,0.33090992319519685,0.32523133674618265,0.7728363621519359,0.7516319774514091,0.7180717632345359,0.8391331148299073,0.5168094744092292,0.40621297432243875,0.4538957713859483,0.5578278389848969,0.8334458669565286,0.0,0.0,0.45602725175395853,0.5609320185283357,0.28866734751525247,0.0,0.07532101717361908,0.7606525139758821,0.5543022422825123,0.8753819279106253,0.4084059227952975,0.0,0.19978598183987803,0.6898336118824856,0.8142239028771892,0.779612776967003,0.49062294231644754,0.28792919183417154,0.3801047882595068,0.4929326000723787,0.8346458823490319,0.5450212291930895,0.7412093093105789,0.7628508166724179,0.5016489925116774,0.5906501617272265,0.6534316577661086,0.0,0.514452437626585
0.5882634295106732,0.5330962237053882,0.43524637606091177,0.8376937804385278,0.3718177169899278,0.4840171987317766,0.3302434229392317,0.5925582281810615,0.1957253942825546,0.7336481330586613,0.6280607622989474,0.7462918361985105,0.481117107127947,0.5292765893566547,0.4045816345756141,0.7752297804598802,0.8591939525369883,0.7368585983473033,0.5616220061216837,0.48589254638385854,0.5892601945946698,0.6068719737538166,0.3598687664468835,0.632649090555822,0.0,0.4263253714907357,0.5523220259102308,0.2805634503966375,0.5244938403791596,0.3689687241069789,0.5070110205505833,0.29430434548348317,0.5862821631429711,0.34683981180210177,0.25882710640262674,0.44409183441705286,0.5415507285817855,0.5732729221471127,0.6183362538577146,0.5593174130384655,0.5482674088135262,0.4520902879599284,0.1105733892414918,0.0,0.4423553370670402,0.6764994251348695,0.7980628937845062,0.0,0.0,0.0,0.5232432786320903,0.5369178857718839,0.6572372106027483,0.3560042991261583,0.7283333673225352,0.49838779541378736,0.7268447889166074,0.3953473819748461,0.0,0.5222988166809446,0.7094909561501901,0.7269600713232203,0.7927027693070605,0.0,0.3739109306711762,0.48635961371545217,0.43030045074482626,0.447132157349297,0.6346647054954729,0.7514021070220214,0.7413156367166511,0.4397970059761548,0.6610460529616993,0.4478093414000607,0.0,0.5221790865787772
0.7328862920344112,0.5652599420803168,0.41891513385746504,0.5314234603746704,0.39242555957935105,0.5988378432861834,0.48501019704715675,0.6531652090085411,0.16652045044926997,0.6750639109166912,0.6501657884860179,0.5075404461646567,0.5678032676240903,0.5642171436157741,0.6362624684712013,0.6769542904005712,0.6903732637991316,0.6419202447047885,0.5581802706715282,0.5138302176231431,0.7646818082105616,0.6066685875565255,0.6016964847471304,0.5328824755773662,0.4263253714907357,0.0,0.5823361646304392,0.3314605833335798,0.713945050084211,0.31941824630260685,0.47431953763072904,0.4129580480131379,0.6015057568312125,0.3923695034434188,0.3860180572172992,0.2798003329977655,0.39153280299073767,0.5117634050616477,0.5677814868179842,0.6396572445133379,0.6911298411120095,0.3160420730813872,0.2576485098480681,0.5195787112350081,0.2649360626433736,0.615421415286928,0.7936630602140702,0.5524340903283924,0.0,0.02712822298647978,0.532823301559902,0.6025066093750235,0.5728628120690546,0.40119647320938967,0.8041223685673826,0.0,0.8589701663172564,0.5986633445243442,0.0,0.7546776405587434,0.7507296081701158,0.7341935974672215,0.8028895665263841,0.0,0.5847643538846705,0.5834688305833606,0.6999761464751906,0.5655007110140391,0.7462690059725319,0.7844664670022237,0.7584535971226458,0.5475079792139786,0.5577201753553449,0.5608760534659215,0.4674654461374623,0.6207153239682941
0.6388350729358503,0.5370683352800449,0.38299193327043424,0.44128000934914885,0.41640738729005466,0.6520916240724364,0.5076630204357078,0.5741866786681802,0.5290532963906969,0.5424733771389545,0.4761805153486375,0.5359745007444547,0.5460313632771704,0.4337509170635896,0.5803527527063972,0.6146372738346653,0.6577388234589059,0.5685674747201717,0.4276073957919715,0.44161484853308225,0.6224558772078358,0.4371983242345641,0.5819402615051944,0.28471003854707,0.5523220259102308,0.5823361646304392,0.0,0.5406998136142941,0.4690371236562553,0.4685807905589444,0.45173587832007045,0.3034014640292827,0.5353552931518546,0.4683658238062046,0.52253808218226,0.6280827870476251,0.5954132806756873,0.6843795569588403,0.5428174845526603,0.36239755696927767,0.5234081903985796,0.36303490555459317,0.5602863694847392,0.5864147490544546,0.38024497525195083,0.40460664394854856,0.1070214166441488,0.7232837618125287,0.5225617826550424,0.5714632039583901,0.585912701187195,0.5361378088814734,0.5206038608878777,0.7441681755818776,0.6090398049928153,0.7574666812350987,0.33590585755536084,0.48763532998785475,0.6171693884342051,0.6429565690985949,0.48485619371301797,0.0,0.5712861350890548,0.6941518722171109,0.4967835175847552,0.5698106901660019,0.5503458031175201,0.5177955844273399,0.0,0.37885435991692207,0.5339624842591502,0.5737161032951924,0.44215968873936173,0.5264911509127299,0.34405029815211385,0.5474063017376787
0.38566610498578446,0.5239880639637156,0.6350935621065898,0.4651603495415403,0.5366093021813156,0.6596366131035364,0.5142658931371238,0.5157861174563764,0.6640759746005835,0.554095317204041,0.6180224520848456,0.7404558223115745,0.6116961000771761,0.34750358528069175,0.5476580477987478,0.5526980386980944,0.6614388600941038,0.44475917309419644,0.6364462182906774,0.5627265745723864,0.4940778473517923,0.5161096687186372,0.5408837030780064,0.677472296396306,0.2805634503966375,0.3314605833335798,0.5406998136142941,0.0,0.7760671542585789,0.61873269773585,0.5530142656205549,0.4352186199314622,0.6098448819214253,0.46160884959068604,0.5518927284865578,0.5822690723306408,0.35021021798787944,0.8376493799102739,0.260527698152354,0.38988496347244417,0.17080650416187493,0.27388158373537497,0.29123154395183776,0.40608653085405255,0.7513620436290497,0.6187046277859938,0.5012837965187175,0.5269076418681606,0.0,0.6508724108295596,0.5581816468189257,0.5415723653924488,0.5598002540071088,0.5282696866855052,0.7152581612201653,0.3724640401775416,0.8343189204760681,0.43436130347299134,0.3665356118174329,0.5832192285657538,0.3892143393976024,0.17628364263030027,0.46679396383014843,0.6211690531563162,0.48608999847958584,0.45534284113231127,0.42188813573426154,0.5933857884460734,0.4918112309510868,0.5001389570988652,0.5294063204965418,0.5966722456305088,0.5291752828130849,0.4474590190563219,0.5005960066848074,0.32182486114666176
0.4567548567097014,0.5301189560238078,0.6691129560178966,0.42459923497273794,0.5735957074536083,0.5863759814145252,0.6048803585628126,0.6204057403347949,0.6219163264692842,0.723286709398886,0.4014775588007945,0.5748355256181991,0.6768236401513412,0.34008343291933485,0.6141134852925387,0.6215133648056302,0.4722769764063485,0.4840371644586391,0.6022058408992632,0.5492264814630424,0.5766005006578359,0.4357851144925623,0.6880139951630727,0.510245904502829,0.5244938403791596,0.713945050084211,0.4690371236562553,0.7760671542585789,0.0,0.6837537653098291,0.6708843055499402,0.223449272075782,0.4835858910151676,0.5528503633389553,0.47309521134091703,0.5657092306967675,0.3883541549176981,0.5858844297159749,0.4308365243667093,0.46502916529024163,0.4285588510184596,0.4946025146787656,-0.127041290354657,0.48482850961642926,0.5663152041665361,0.43247919734627893,0.5055900924237466,0.4850185301980047,0.3943804408739039,0.3881047008667766,0.5148248012681018,0.5000976095541826,0.7806537036290093,0.4116304224295078,0.6689890510174025,0.41727898449317224,0.5186542309596578,0.35072827506049886,0.7560346940897293,0.6340519637460992,0.548902036009524,0.46901868886855014,0.4991017358201049,0.5051305813884592,0.499043441357083,0.6425628726851843,0.5244846823735474,0.573985335577543,0.48473382169921975,0.529109867476476,0.6938432686533468,0.5248132668519367,0.369437426802721,0.45974944024087727,0.38483951929771126,0.4042540445624802
