0.0,-0.02065649369650735,0.00125520967515369,0.0,-0.00262611643508448,-0.014224752281812914,-0.00329788575703871,-0.04051423889281125,-0.0027350961295652954,0.041396731704971934,1.5411558457745222e-05,0.03515023465760336,-0.0036497123938764586,0.0011321593947384856,-0.028711158636418654,-0.007909006210804537,-4.101556849528398e-05,0.0031570945662623973,0.0,0.00024629013603844063,-0.06231294773285828,-0.024496595480146655,-0.029524326761573128,0.007727477750952949,-0.03225147236970932,-0.006775110533645878,0.003983716614259392,-0.03533296393668556,-0.0322928968043919,0.0028340546462737315,-0.03991733909103684,-0.02129026620404023,-0.0051214365723804,-0.04668388201904011,-0.03939772193687374,0.0014277017692127525,-0.0012843865498156082,0.015237949976954157,-0.04961636096901001,-0.048652528393630656,-0.05063245072990552,-0.0038087529415114507,-2.4821897775195723e-05,0.0,-0.00089301946153858,0.006834555296513001,-0.03387575357107969,0.0,0.0,0.0,0.001441362187523998,1.1102230246251565e-16,-0.03291806799647934,0.0,0.00015536776146751752,0.0,0.0022441738240583375,0.0016479358927292131,0.0,-0.09279450148727808,-0.05428055529289694,-0.0021184857782462485,-0.03136982529191806,0.0,-0.06229272032788569,0.013312779358916838,-0.05303132744443467,0.0016756535146966178,0.07606688265646644,-0.03287992648031812,-0.030042890911025688,-0.06433990889976915,0.0005348329121768192,-0.05470926712831431,0.0,-0.05027952963086613
-0.02065649369650735,0.0,-0.003444853591914099,3.5680021177431076e-05,-0.00186153405228906,-0.03970906836837462,-0.023965803933543695,-0.009393764269169935,-0.0017056315296673508,-0.00978773827311824,-0.0008209750939103255,0.000836402574878492,-0.0284331190196368,0.001370459837358895,-0.00695420264476887,0.0001289769011523778,0.0010415067533147693,-0.002319332796564766,-0.0020546715652119962,0.00785172896857761,-0.01524881803670708,0.0017723393307311208,0.025141200950672016,-0.0059975274192644035,0.008693665112796567,-0.016092186586672996,0.0169971897874176,-0.029913974635716267,-0.05104308781968686,-0.0010925415499916658,-0.02169905696937463,-0.025758822447483065,-0.0025703825370356204,-0.021001216635725906,-0.028594372656246814,0.003096308287450611,-0.000932357727813693,0.0,-0.04911043075434368,-0.03994422703854078,-0.04155382864357415,-0.06484572289565999,0.0005135521708712343,0.0,2.220446049250313e-16,-0.016758103698988724,-0.035096694038391996,-0.0006600841472613195,0.0,0.0,-0.07441100021208447,0.0012515408431482689,-0.096880304140255,-0.00013463701075133727,-0.0005415070373909758,0.0,-0.0006215955519611183,0.0022638189212600413,0.0,-0.050788058451229856,-0.040550573934460155,0.0010879016419728105,-0.04169497281499929,0.0,-0.040086041443444076,-0.031134617981451618,-0.037926504378545944,-0.08759619527934259,0.000586099291266462,-0.04579427992633056,-0.047608057655645686,-0.06373141078742578,-0.0022425317048898052,-0.0635166480023926,-1.1102230246251565e-16,-0.046259828491599875
0.00125520967515369,-0.003444853591914099,0.0,-0.061920020876028825,-0.000818851237562257,-0.008494138418448816,-0.012427896796128934,0.020480468387517936,0.020573827099390707,0.001915798650291567,0.0032389980470958757,0.005422867678433696,-0.007728134425325939,-0.030433878322571717,0.0007614547102352542,-0.0031455685385033405,0.0026617060533896675,0.0008584587824027046,-0.005194858062762597,-0.0015092275007090872,0.004346787808200581,-0.0024126293401012244,-0.025399300334613684,-0.00023409272281471605,-0.0069126786106079585,-0.0029400398843255626,0.009980866612319617,-0.01177704965645121,0.0027581793882506256,0.0010231206964068096,-0.017372440250977284,-0.004680046479247468,0.00013198148359361284,-0.020673946212330818,-0.0174279055786144,-0.01813801231945278,-0.012983306681230433,0.006268411754552838,-0.08822372429977726,5.083632900748647e-07,0.010149845746975972,0.00120551185358303,-0.018450303945568958,0.0027319751397928416,0.0,0.0,-0.0010430304131231471,0.07487465733263837,-5.57506458820356e-06,0.023229803196028853,-0.01857172697731102,0.010263038601750374,-0.002269726501517577,0.016759646977278386,-0.0014124438898512892,0.051698055199182746,1.865363109121443e-05,-0.05106977682919517,-0.02730175088262965,0.0002563525157476265,0.0,0.0,0.0,0.1271760838456244,0.001812194764840347,0.0002992286019390944,0.0001976193893414857,0.0038563195136771533,0.0,-8.429016147515345e-05,0.0015053871572588418,-0.006551745959635147,0.006740733671966259,0.005014398330561443,0.0005313989487857329,-0.008942995027093836
0.0,3.5680021177431076e-05,-0.061920020876028825,0.0,-0.08711485049622583,-0.03709010193030282,-0.09434291989439153,-0.06281152758813074,0.005064874940254593,-0.08506027080180989,-0.10235713526162027,-0.005920181467516716,-0.09299666849794139,-0.0777368152724903,0.00023079988180885191,-0.0018367400060006478,0.0013795985834672009,-2.538711040367403e-05,0.009793830502063339,-0.05570593804357693,-0.0015092373644328694,-0.034659694791176865,-0.07381236296687937,-0.002062485164215422,8.895438545913903e-05,-0.001351695116460716,-0.025576297979614193,-0.09070695965654929,0.001453769035109187,-0.0021298421488631925,0.006864423788401797,-0.013467361812951217,-0.033350210948172976,-0.0004647488106162001,-0.02400687316199751,-0.04357014005438076,-0.03633378004128246,0.004869758230228116,0.03892094868933682,0.00010013192160196471,-0.00010596870760465338,0.046618173692336395,0.0009064668408896859,-0.0011132468946041807,0.0,0.0,0.0,0.0017952187362647587,0.0,0.0,-0.0004927626265698315,2.220446049250313e-16,5.810178269866073e-05,-0.00027200420538137093,5.551115123125783e-17,0.0001478737207076808,0.0016514529145985057,0.0008990505920532521,0.0,0.0,0.0,0.0,0.0,0.0,0.0,0.0,5.1228297258287814e-05,0.004086926662329848,0.0,0.0,0.0,0.0013566019794915563,-0.003938558175620943,0.0012358387613004562,0.0,0.0
-0.00262611643508448,-0.00186153405228906,-0.000818851237562257,-0.08711485049622583,0.0,-0.006493207452258287,-0.04796368416734126,-0.07979400522538238,-0.01809573284755478,-0.10109457465686905,-0.04368078574443457,-0.07518713911215358,-0.09850857776477434,-0.04402461560939944,0.0012978546579633932,0.0015807345736751355,0.00011890071290077131,0.004147717925796934,-0.04865004050379956,-0.054591101968119615,0.0017544723617879399,-0.0369789652202443,0.019979319598628476,-0.07299047130085862,-0.004369051947276437,-0.00037691549487811615,0.010265646000725603,-0.10808947353604137,-0.035357040996001954,-0.0051512750244886996,-0.07242242990963321,-0.024810272509954878,-0.003624412725479087,-0.08484749976268713,-0.10277345318344361,-0.06551074776743876,-0.07623602820111239,-0.06257653214694159,-0.005756031377635251,-0.0006893353498955146,-0.0031640040496047628,-0.0008181369793653359,-0.004722977862672173,-0.00414520388587597,0.0002239396038636876,1.1102230246251565e-16,0.0002818108976173628,0.0049993026360840576,0.0,-0.005296088402519994,0.0014089018298246714,0.00253863841369939,0.002149720048514381,0.005494132263823781,5.551115123125783e-17,-0.0006120639365705949,0.0008395067102020537,0.0009268790685987849,-0.001414392244443785,-0.0008258376121966782,6.10748819235285e-05,0.0,-5.551115123125783e-17,0.0017524691070445741,-0.0010314492639179051,-0.00045259304499650765,-0.0013222988981078654,0.004477010288615801,0.0,1.629874086811478e-05,-0.001488338653573118,-0.0013448548973367114,0.00437619346839041,0.0033093614203592026,1.1102230246251565e-16,0.0015164882512576083
-0.014224752281812914,-0.03970906836837462,-0.008494138418448816,-0.03709010193030282,-0.006493207452258287,0.0,-0.03330699179027469,-0.0214281558266054,0.007049808965826576,-0.04901221985658338,-0.015201296893584293,-0.01956790853829854,-0.02069478878212816,-0.02066741258835164,-0.05050801909707642,-0.03696308806971621,0.008685984882604192,-0.01754845093121704,-0.007359313745356921,-0.046124388400261784,-0.05296191712500292,-0.03955337506250095,-0.019048022794573294,-0.001558567461012239,-0.0002683214348432883,-0.02771970228902626,-0.03301125411739242,-0.018117263012076723,-0.028215660424433797,-0.03673938480026434,-0.03955093869714832,-0.03673275556108041,-0.05675679899018837,-0.04639389755305029,-0.05208096952667002,-0.03182191929647071,-0.02690955048903254,-0.0451968600876303,-0.040717991696564315,-0.0007437237386809792,-0.028862180281115257,-0.01925115584301096,-0.04247527063689355,0.00327925571597526,0.00021898732425357226,-0.0014174253530083725,-0.001698019681227736,-0.009008819558546488,0.0011733599479847867,-0.0024456684697735653,-0.023238941707866168,-0.041332429376170265,-0.03625017875376563,-0.012186895912805862,0.0028374856907842916,0.006374870752491213,0.0006625802436117101,-0.032022252519582683,0.0027270981354518553,0.0043845515851110295,-0.000669140192383566,0.0,-0.0005576532890254615,-0.006762579571971683,0.0028375505113064636,0.006596559784822875,0.003484507635683032,-0.021906747999311693,5.387042881210835e-05,-0.0016456462389329296,-0.0010820621402840014,-0.020145907910637972,-0.02566108634513453,-0.05442595841230358,0.002062830460160592,-0.03282307015770808
-0.00329788575703871,-0.023965803933543695,-0.012427896796128934,-0.09434291989439153,-0.04796368416734126,-0.03330699179027469,0.0,-0.027861890290840075,-0.040194013604735734,-0.09086151735676684,-0.06085847964931396,0.003881624409912854,-0.0318094646415778,-0.04992593218470748,0.0008191725343276723,-0.0432804828671246,0.005847976716971903,-0.05654523820962737,-0.03890947196591804,-0.034500834945771386,-0.03852578921664224,-0.03255683528225456,0.0011318415587682207,0.006104445116594026,0.0034918727548547412,-0.004419283113601569,-0.010663009940137469,-0.08150670096511775,-0.028901337966976026,-0.004463762664681015,-0.05143781304127254,-0.004450757825608775,-0.0006420146909155156,-0.05104945147159523,-0.05922368967655406,-0.056787516902178925,-0.08223950507225389,-0.04458276707238795,0.006518932512097786,0.0009665154866556058,0.004876180552394749,0.0019273383377517161,0.00013739448829575007,0.006176384108675215,-0.00014769152811022757,0.0,0.0008583370115901046,0.0002400904288347716,0.0,0.0032237906276526562,0.008177311068895243,0.005805961021100092,0.007020042517163705,-0.0017251893456819989,-7.330904635860502e-05,0.006575069459823113,0.0004146702094966481,0.0019072334509197542,-0.002069115326806148,0.0018573545327059127,0.0006331315453186326,0.0,3.67935671855002e-05,-0.0014094301095816109,-0.00039666837033364155,0.0014452324091208668,-0.0011381612376849537,-0.03282019803052094,7.831864510515762e-05,-0.00044334730415457324,0.0010679772706782553,0.005283181595665487,0.002212185291783908,-0.002497841379396626,-0.0011765033662080038,0.0035727949492277977
-0.04051423889281125,-0.009393764269169935,0.020480468387517936,-0.06281152758813074,-0.07979400522538238,-0.0214281558266054,-0.027861890290840075,0.0,-0.001249250100819277,-0.004127037737085282,-0.07014969139746863,-0.014591116700497397,-0.031826883551252905,-0.04909854268150543,-0.014752636822385423,-0.040361060008595295,-2.0373984520039023e-05,-0.018000223829974904,-0.09556873152384937,0.0027399141855755094,-0.041677081168592534,-0.046060085535872874,-0.03867256840809097,-0.027483915995011376,-0.03228493433639629,-0.02999539081604191,0.009309126001882773,-0.03348133415976201,-0.04647228033940576,-0.030691073230619703,-0.047313970142596806,-0.052102036803843677,-0.003952218946205677,-0.052132167331792933,-0.05029878965099416,-0.03984635027995112,-0.104386018913043,0.0003725396064589992,-0.032108811952041794,0.0015712252208719968,0.008788842805528996,0.01018171735389034,-0.02782295363473647,0.001743353040732254,0.0,0.002765577372674577,-0.001123859963593321,-0.002072299370145414,0.0,0.007071807535346142,0.002408486622692496,-0.027831462157383358,-0.01202225618011149,-0.02627276893120878,3.941630245624106e-05,0.045728858796173,-6.414156945483418e-05,-0.03172276707100935,0.018933835438670166,0.010808052561583237,7.738550890429297e-05,0.0,0.0006592238580234167,0.010826185535244948,-0.06869762933418833,-0.18448250199309169,0.0007367112755330973,-0.02172925100991835,-5.551115123125783e-17,0.002125939558560719,6.792332240385113e-05,-0.02053706523024501,-0.01900352434657243,0.0025090528403737267,0.002810294730167362,0.005692881296415042
-0.0027350961295652954,-0.0017056315296673508,0.020573827099390707,0.005064874940254593,-0.01809573284755478,0.007049808965826576,-0.040194013604735734,-0.001249250100819277,0.0,-0.05854644007468446,-0.005368552513878466,0.004310592062349683,-0.03990647867924546,-0.01897371625724642,0.005445724223557269,0.0009630448270667169,0.002626683902043958,0.0042129708562831936,-0.014380983487428167,-0.0014395400770387257,0.00030861592252412473,-0.0002571635923405702,0.010863723380584556,0.003272068442397358,-0.008250578144835208,-0.0002771643967935944,0.02009300201293096,-0.02460005410834415,-2.4820100919531463e-05,0.008669804857216468,-0.027710671858610647,-0.007884129917320237,0.001185262530980058,-0.032291551110110006,-0.028879962163005424,-0.02353035232417222,-0.023700220297567964,0.010755487245244444,0.00550034095183527,0.0027854786189990266,0.004505348651847707,-0.006354281398452621,-0.005552602146560948,-0.002558142306381739,-0.0002269462632254471,-5.551115123125783e-17,-6.206070191039359e-05,0.03997198675250069,2.678287169100013e-06,0.0013905436247428904,0.011055661471232714,0.0010401193611943027,-0.003375402930756888,0.005924069427791001,0.0010406141160613225,0.008849231364659982,0.0019109151869962648,0.0032293079229523958,-0.00038873035118935917,-0.0013842241388541399,-0.0008230915716188614,0.0,0.0,0.0020935386611858897,0.0008328555304819574,-0.000324185497514895,0.0004000628525769323,-0.014351473671283088,9.412757566606977e-06,-8.915859476005261e-05,-0.0029700357144233913,-0.07272832863181916,0.001662611784734036,-0.0012225443773370426,-0.0006514191446266304,0.005181134915435592
0.041396731704971934,-0.00978773827311824,0.001915798650291567,-0.08506027080180989,-0.10109457465686905,-0.04901221985658338,-0.09086151735676684,-0.004127037737085282,-0.05854644007468446,0.0,-0.07702453814795912,-0.01009173992842105,-0.0998350842136006,-0.1856271079781845,0.001553193646365858,-0.0001581781365488366,-0.02353223148506678,-0.014966364864809456,0.004465439041342556,-0.0006673465341633933,0.0023949566835582137,-0.0031416251145086616,-0.03889868757339782,-0.015467139439490796,0.027389231088939703,0.00601430338950959,-0.032016568021697556,-0.07068273970781391,-0.000709193648852191,-0.002819825178221491,-0.03626942269285288,-0.03360283182886936,-0.029091809750783404,-0.04092172149127332,-0.0424231654552103,-0.09958765922976887,-0.03724852535288348,0.001198741687517213,-0.005181103435806911,-0.004849410425681211,-0.01884123587560088,-0.0007575565440742227,0.0012289944384584195,0.0016652039388120876,-0.022698651277112514,0.07905315442194966,-0.0019011050557619091,0.00027753060003832264,1.5207685571894114e-05,-0.001215340636878115,-0.00015170378161322162,0.0035186972095014313,-8.671337883292551e-07,0.0001205464515472987,-0.017582149324033125,0.0003198677968563324,-0.004000830716042292,-0.0008593905177407546,0.0,-3.643611943277003e-05,-0.005949135579080556,0.009366642748467713,0.01699170512325121,-4.9988459401850704e-06,8.121861479259973e-05,-0.000704331950609538,0.0005090610376642934,0.00018818863754310744,0.0019887728339918476,0.009681335312717754,0.011077484739759724,-0.0007423636689209978,0.004969962689653273,0.001436952779681644,-5.551115123125783e-17,-0.02151106588858276
1.5411558457745222e-05,-0.0008209750939103255,0.0032389980470958757,-0.10235713526162027,-0.04368078574443457,-0.015201296893584293,-0.06085847964931396,-0.07014969139746863,-0.005368552513878466,-0.07702453814795912,0.0,0.006135182513611559,-0.051938983296343555,-0.0727586125557198,0.0,-0.00020053013114312845,0.0029204239360722806,0.0026683178764542737,-0.031657212797300965,0.0001276710044774143,0.005898923536600265,-4.153839942622195e-06,-0.02347609730204908,0.006454696381044567,0.005593644538416653,0.004607783542725674,0.0026611643941746865,-0.049396426342448896,-0.0007333752560853557,-0.0008486057584798923,-0.046379524919523796,-0.08996983443521145,-0.000731361953703602,-0.0516944715265496,-0.04635310409504845,-0.08982846383471854,-0.16038370384265488,0.00963013427802184,0.009641127394457771,-0.0027799385090417905,-0.0017547573548384876,0.0007985924577394443,-0.06394570983966208,0.0004607311963373273,0.00023521472790066777,0.0,1.1102230246251565e-16,-0.05434864629285874,5.186176375571172e-07,0.0008661010197863472,0.008176657495353845,0.0053484626666315815,0.014040916826664529,0.010420023494502384,0.0027290881808818557,-0.07238700451237162,0.0027663586057696254,0.0009659265240198889,0.0031650548276562773,5.551115123125783e-17,0.0,0.0,0.0,0.027827374886413958,0.0008222462694141286,0.0,0.00045113116570327794,0.01407067799643924,5.551115123125783e-17,0.0,0.0006637224379618667,-0.05432803041573314,-0.050438616905727485,0.0004348753490750479,0.0,0.0013147811063508041
0.03515023465760336,0.000836402574878492,0.005422867678433696,-0.005920181467516716,-0.07518713911215358,-0.01956790853829854,0.003881624409912854,-0.014591116700497397,0.004310592062349683,-0.01009173992842105,0.006135182513611559,0.0,-0.08140994464078416,0.00083599680341645,-0.004109175598947579,-8.586322148146364e-05,-0.02307225680341418,0.01292024345890147,0.0038395771359143183,-0.04653688192470473,-0.009992579082971242,-0.004450876120353886,-0.008974065639524853,-0.002238458818700162,0.019233665397653088,-0.009979233739934978,-0.07861420810424768,-0.03985516604838013,0.001098372648106527,-0.0020522766295895667,-0.03127207092446471,-0.028414466563616708,-0.026508499474547365,0.025797197956413165,0.026123079232660273,0.016646190400477878,-0.024923683530680973,0.004245097209218424,0.049433837119962964,0.011898635761222964,0.008813091494566494,0.004804270734074856,-0.0018203843785619123,-0.0008791281374980198,0.010078579117838216,0.05919705588558677,-0.000454913300751425,0.00025166187159286757,-0.0009208743754699211,-0.0025922288626693546,-0.0007076757260721656,0.0006551641526762464,-0.00026789928715759137,0.00021189134297139312,-0.0028437486987727967,0.0010754314527637865,0.0183341634231029,0.003562185803090645,-9.026325266303648e-05,-1.5894385478276707e-05,-0.010047325006948993,0.014377642156814419,0.019258742631955317,8.353465363308832e-05,-0.00016516600382410207,-0.0008003383947555176,-0.00036226393078508945,-0.002042477003797505,0.01817083391384866,0.01126204390251917,0.017286157440110916,-0.0010405636618852632,0.009546178134613448,0.0022433376866829446,0.0,-0.01961058846921515
-0.0036497123938764586,-0.0284331190196368,-0.007728134425325939,-0.09299666849794139,-0.09850857776477434,-0.02069478878212816,-0.0318094646415778,-0.031826883551252905,-0.03990647867924546,-0.0998350842136006,-0.051938983296343555,-0.08140994464078416,0.0,-0.07393961809172167,-0.031124158532847335,-0.028697131940170206,-0.06278118570179275,-0.050585124749458144,-0.03718297023401568,-0.02311700937227157,-0.04172192649925355,-0.023806624761454565,-0.0024449251100840397,-0.07117945920257024,-0.023083123661732208,-0.039930389185297954,-0.00668604541644835,-0.041629300664284496,-0.008755071952229077,-0.013224524532626347,-0.05532482994358151,-0.01827115565208065,-0.041993749401362856,-0.07468607007162553,-0.07172785208834842,-0.06377943453057838,-0.09926759776794572,-0.06558948658200892,-0.0004361139273363346,0.0020487649947377173,-0.0059699117116547296,-0.010878122141433244,0.005039392075647131,-0.002842111251055768,0.0016795654333935928,0.0010061039742517153,0.00033066287876087896,0.003040099113383543,0.0,0.00044940135028714856,-0.031584662120691886,0.0030377174103992655,-0.027511388950423432,0.004342778549449866,-0.0002954883216642612,0.00565284732743393,0.003048800795661777,0.003470089323037273,0.0005826444485365623,-0.0002489402540227226,0.0024837269233687342,6.135623408110025e-05,0.0006107799423639704,0.004089609204726008,-0.00023730523225867772,0.0010812713667754381,-0.000658411408129389,-0.036107718454926885,-0.0004958598172228323,-0.00024521460080895174,0.0034452792305652014,-0.038151056656435756,0.004633523331472045,-0.023067339533206555,0.0016770825144856172,0.0015827938029068234
0.0011321593947384856,0.001370459837358895,-0.030433878322571717,-0.0777368152724903,-0.04402461560939944,-0.02066741258835164,-0.04992593218470748,-0.04909854268150543,-0.01897371625724642,-0.1856271079781845,-0.0727586125557198,0.00083599680341645,-0.07393961809172167,0.0,0.00019004671862354883,0.0017413845607753276,-6.968715305033513e-05,-0.0002353083607063433,-0.03391848348023169,-0.0013125773868818413,0.008297420209631312,0.001170158969059809,-0.04042134552871657,0.0004852620903526006,0.0006634862298126598,0.004590446911536428,-0.029246178309436155,-0.09078967899082252,-0.0016680432795562194,0.0019487315624996393,0.013922097867145988,-0.039792771144562505,-0.01125789251854653,0.010602366350905168,0.012057175493292771,-0.025955993575995095,-0.017737440675466065,0.0005519253579607253,0.009897844798035238,0.0,-9.554225724034415e-05,-0.0003306042076520743,0.007761495269171137,-1.4928402251590533e-06,0.0,0.0,0.0,0.008696380805086945,0.0,0.0061256457904241834,0.001982545087308274,0.0034298744456623953,0.015397698595030485,0.0005703912467001082,0.0,0.009900045126466195,-0.0004193410505266004,0.004051746176476911,0.00431856753746418,1.1102230246251565e-16,0.0,0.0,0.0,0.00723587337917192,0.0,-1.1102230246251565e-16,0.0,0.013657161218975922,0.0,0.0,5.551115123125783e-17,0.00014081791980924407,0.002100040610544751,1.1102230246251565e-16,0.0,5.551115123125783e-17
-0.028711158636418654,-0.00695420264476887,0.0007614547102352542,0.00023079988180885191,0.0012978546579633932,-0.05050801909707642,0.0008191725343276723,-0.014752636822385423,0.005445724223557269,0.001553193646365858,0.0,-0.004109175598947579,-0.031124158532847335,0.00019004671862354883,0.0,-0.015887435596951105,0.00219222249847445,-0.0026443883580609118,-1.1102230246251565e-16,0.02233687838864734,-0.045512485226034516,0.01626530363217199,0.028474510624954652,-0.010546989279527519,0.0005136602083276598,-0.012176182570624416,0.021960432769725202,0.0038075390714101265,-0.011874384778699343,0.0030406300939044284,-0.03381607924448071,-0.027982658471236876,-0.02956474251918534,-0.0448454138877154,-0.05008515003436881,-0.028394290175516312,5.0024544797577786e-05,-0.0003659678212893924,-0.052314138333460214,-0.057475495021234,-0.055431291834817265,-0.06873823767927095,-0.03561034703013177,0.0003440442969970814,0.0,-0.045994902168572105,-0.05362538748094886,-0.0016154428863108805,0.0,0.0,-0.056380529549185654,-9.583637900800746e-05,-0.06909182718475043,-0.0006443141966476218,-5.551115123125783e-17,0.0,0.00038366194073813364,-0.05303003840880827,-8.501469444754939e-06,-0.030462654789830623,-0.04277671482711748,0.00023754263041175783,-0.00019433822803316403,0.0,-0.02929292377293724,-0.03366902215972395,-0.02727970996774498,-0.04364292823734217,-6.295018707330735e-05,0.004186732154411066,-0.0549824922251726,-0.04124488999737169,-0.05008702838581752,-0.048210536720352026,0.004668723143042786,-0.04212732541453473
-0.007909006210804537,0.0001289769011523778,-0.0031455685385033405,-0.0018367400060006478,0.0015807345736751355,-0.03696308806971621,-0.0432804828671246,-0.040361060008595295,0.0009630448270667169,-0.0001581781365488366,-0.00020053013114312845,-8.586322148146364e-05,-0.028697131940170206,0.0017413845607753276,-0.015887435596951105,0.0,-0.08371829711040946,0.011156494607768963,0.0004146284147579782,0.017272648053484496,-0.01521389921840266,0.0032837600749022755,-0.01227109275861088,-0.017040955412835623,-0.004799290820313884,-0.006771716273574979,-0.007277779814251262,-0.024832112359390424,-0.018714459266593653,-0.003036342222855537,-0.014213529503937061,-0.01083139982075726,0.0025261769207550744,-0.02060859555520339,-0.016435822586640392,-0.016144942031247222,0.0009689610973570573,0.00016686602640847426,-0.04202398951671549,-0.04077589283255584,-0.03417108623660464,-0.0581304789416624,1.1085267507426888e-05,0.0,0.0,-0.00722747756680342,-0.03147000499827601,0.0,0.0,0.0,0.0009598818011162247,0.00039107814444239164,-0.10771019204341958,0.0,0.0031070685019927158,0.0,0.002668834638597961,0.001452281556652113,0.0,-0.052199295502691534,-0.040348549680849055,0.0023759058813765943,-0.03828177011152545,0.0,-0.051369767347569595,-0.024426788887240314,-0.03633401954485066,-0.06813718004871855,0.0009813710105143203,-0.04061381518946755,-0.03679419830463715,-0.0908279308176792,0.0010057600844025072,-0.0943969718143235,-1.1102230246251565e-16,-0.046975061734906454
-4.101556849528398e-05,0.0010415067533147693,0.0026617060533896675,0.0013795985834672009,0.00011890071290077131,0.008685984882604192,0.005847976716971903,-2.0373984520039023e-05,0.002626683902043958,-0.02353223148506678,0.0029204239360722806,-0.02307225680341418,-0.06278118570179275,-6.968715305033513e-05,0.00219222249847445,-0.08371829711040946,0.0,-0.005588848169422622,0.002266130504413655,0.0008944892727014153,0.003563831642732662,-0.0009276571182692539,-0.0008550119816048141,-0.030100578338498052,-0.02464327271269201,-0.0027136505836787284,0.009104172615403694,-0.037119503358589434,0.0032329097137154816,0.00019574803787475448,-0.025583255613599754,-0.04054047149495188,-0.03573090568666837,-0.0607934820270431,-0.07675063834186979,-0.04510660754488499,-2.501414224653775e-05,-0.04216931753588693,-0.0008315388432557635,-0.051638180486831164,-0.003972919387899565,-0.0003574868437035694,-5.551115123125783e-17,0.0,-0.003415976860509984,-0.0009038860677370031,0.0015884678003698083,0.0,0.0,0.0,0.0,0.0,0.0,0.0,-0.05891357467614511,0.0,-0.049083370954640604,-0.00041118788468180734,0.0,-0.00017280894354149146,0.0026210712159758787,-0.030685110640319035,-0.03160655732847667,0.0,1.1102230246251565e-16,0.0,0.0007334371794494032,0.0,0.0030155148250803343,-0.03459919918599763,-0.02120793217447664,0.0,0.00061044711988123,6.680612306403377e-05,0.0,-0.0529250886278097
0.0031570945662623973,-0.002319332796564766,0.0008584587824027046,-2.538711040367403e-05,0.004147717925796934,-0.01754845093121704,-0.05654523820962737,-0.018000223829974904,0.0042129708562831936,-0.014966364864809456,0.0026683178764542737,0.01292024345890147,-0.050585124749458144,-0.0002353083607063433,-0.0026443883580609118,0.011156494607768963,-0.005588848169422622,0.0,0.0005127326355313655,0.0038665424634621304,-0.014251045049912814,0.0005279204752126065,-0.006494396707323824,0.015465298146140893,0.0009761961835791921,-0.004294459788825755,0.0034145694545903993,-0.036475647072460204,-0.00547274598806563,-0.0034144685835673094,-0.0025649117369622165,-0.007407380040743539,0.003730372996167519,-0.01773540414901026,-0.022948271044292368,-0.039800258809601474,0.00013309951147294496,-0.0062453760681331905,-0.041279824117664454,-0.04436546306961375,-0.04136142933265402,-0.1021952630760653,0.0,0.0,-0.0032674235133628438,-0.000732670763028298,-0.02732937831371346,0.0,0.0,0.0,0.0016705771066042319,0.0001870042434499175,-0.11026025771988945,0.0,-0.053975749075413415,0.0,-0.033951120746826824,0.00023529080541834224,0.0,-0.039312586280938144,-0.04082163769226427,-0.013292106374544643,-0.030783348910998987,0.0,-0.064760962754281,0.008843015350790795,-0.036897663426823435,0.0024942633509213996,0.02308160406007631,-0.026954564349894516,-0.026500901411362576,0.0004867280896371784,-0.00011547728046762407,0.002540265420222787,0.0,-0.0381071821120203
0.0,-0.0020546715652119962,-0.005194858062762597,0.009793830502063339,-0.04865004050379956,-0.007359313745356921,-0.03890947196591804,-0.09556873152384937,-0.014380983487428167,0.004465439041342556,-0.031657212797300965,0.0038395771359143183,-0.03718297023401568,-0.03391848348023169,-1.1102230246251565e-16,0.0004146284147579782,0.002266130504413655,0.0005127326355313655,0.0,-0.000903298019444887,-0.0009808267348070943,-0.0016722595382859806,-0.05674593348455048,0.0021686601604547495,0.00024027927769149082,0.001616891470315851,0.005288615434059563,-0.03471302349467331,0.0018867260087268023,0.0006734911321102377,-0.03991063496899394,-0.009578587409131034,0.003441281224057513,-0.04327092557315698,0.008518053916611201,-0.046907554017211306,0.004706335129496808,0.0018413982858246913,0.0060449448455180965,-4.671792398780461e-05,-0.0019577144803807345,0.001214035043364703,-0.06518537425564941,-0.0020686343734593327,-1.318502106550934e-06,0.0,0.0,-0.25802375550564394,-5.551115123125783e-17,-0.004056074732631032,0.004050482140099065,0.0009237423640867659,-0.0007295652516173812,0.00428307043345777,0.000438744364374688,0.059039787426351686,0.0005372787491883524,-0.00013165688035776668,-0.003148340969727381,2.220446049250313e-16,0.0,0.0,0.0,0.03283849907549541,5.75071278463013e-05,0.0,-0.0002553871874177993,-0.01724903434849967,0.0,0.0,-5.551115123125783e-17,0.006572153066741415,0.0055995397052164275,0.001168250930578263,0.00019825917334947984,-0.00024067269883276676
0.00024629013603844063,0.00785172896857761,-0.0015092275007090872,-0.05570593804357693,-0.054591101968119615,-0.046124388400261784,-0.034500834945771386,0.0027399141855755094,-0.0014395400770387257,-0.0006673465341633933,0.0001276710044774143,-0.04653688192470473,-0.02311700937227157,-0.0013125773868818413,0.02233687838864734,0.017272648053484496,0.0008944892727014153,0.0038665424634621304,-0.000903298019444887,0.0,0.0016188521212784912,0.002718504115558684,-0.004480869987167735,-0.003768032410614297,0.03162568785907077,0.011146654165764547,-0.011706911729854497,-0.026625600317971898,-0.017949435449499618,-0.004297718119872174,-0.036084378483482615,-0.018286698391647815,-0.01976687753824674,-0.04370659795129711,-0.037952100278930534,-0.003523040594857585,-0.025191157518690388,-0.06104346723255438,-0.025785365180832687,0.00044868831198524584,-0.042536633826701475,-0.04532798329008886,0.00152343738861066,-0.003278715023596168,0.00015725317460002497,0.0018802998723592146,0.002904019526287882,-0.0004821417679883866,0.0,0.0,-0.033613736576794506,-0.0026345183026038055,-0.0507645255417426,0.0016095923735940376,9.317362359706483e-05,1.1102230246251565e-16,0.0015032826743694994,-0.0003261515877576171,-1.1102230246251565e-16,-0.03858217787805113,0.0007345645002732604,-1.7634268202615377e-05,0.0013957284824752114,0.0,-0.012540632554859266,-0.021593996541248606,-0.0330572327673096,-0.028866763638029147,0.0,0.0004275030369382815,-0.05066520046209394,-0.027346065978778922,-0.005039266360486128,-0.039517855447528116,0.002052761319342289,0.0026979809244526143
-0.06231294773285828,-0.01524881803670708,0.004346787808200581,-0.0015092373644328694,0.0017544723617879399,-0.05296191712500292,-0.03852578921664224,-0.041677081168592534,0.00030861592252412473,0.0023949566835582137,0.005898923536600265,-0.009992579082971242,-0.04172192649925355,0.008297420209631312,-0.045512485226034516,-0.01521389921840266,0.003563831642732662,-0.014251045049912814,-0.0009808267348070943,0.0016188521212784912,0.0,-0.028051656628665378,-0.01534743754079515,-0.024307276803103295,-0.03567565129847239,-0.017308195383013147,0.013522837365247287,-0.03589345985421777,-0.043680144889871764,-0.030005182925512963,-0.04066837720548788,-0.04319298029181429,-0.04749567532048743,-0.05252719490774471,-0.055694756390962497,0.011000082288394553,-0.0003286074920972881,0.0017152252700710635,-0.03872734627687774,-0.06188834831793599,-0.056442855610947196,-0.08539626718548676,0.0021406253323627,0.0,0.0,0.013370836827149457,-0.04620122792688891,4.372999752788598e-05,0.0,0.0,-0.03242232163473002,0.0015051810490689377,0.0027571965163240564,0.0014741816091861093,0.00030307962287323686,0.0,-0.0003038199977212219,-0.027152604876246933,5.551115123125783e-17,-0.04418787989273676,-0.049683832404347594,0.0,-0.0011106027759878456,0.0,-0.03936866579208659,0.003865124744493742,-0.031989051371081656,-0.05852575805138788,0.0023712014148606353,-0.0005678057837962269,-0.0493203629110569,-0.03616847606413187,-0.007952276057516805,-0.05059266048577815,0.0033637546342337177,0.004183275320694513
-0.024496595480146655,0.0017723393307311208,-0.0024126293401012244,-0.034659694791176865,-0.0369789652202443,-0.03955337506250095,-0.03255683528225456,-0.046060085535872874,-0.0002571635923405702,-0.0031416251145086616,-4.153839942622195e-06,-0.004450876120353886,-0.023806624761454565,0.001170158969059809,0.01626530363217199,0.0032837600749022755,-0.0009276571182692539,0.0005279204752126065,-0.0016722595382859806,0.002718504115558684,-0.028051656628665378,0.0,0.017182071525133624,-0.012773081971585831,0.023119068925531394,-0.001442392609014742,0.0015207971677212995,-0.009793389404418373,-0.0032766327127278227,0.010145419353795426,-0.02043021215624291,-0.025822630796782042,-0.009001336096579327,-0.03679231405782235,-0.04111468810559865,-0.014274342636456272,0.0006961945838053762,1.959278051610891e-05,-0.05844525576520948,-0.0522184920569001,-0.05499860103361165,-0.06629400857821832,-0.0467989731322947,-0.00035041259877233166,-9.505594275649454e-06,-0.017848751979398336,-0.05276297617572795,-0.0023526854269660946,4.674853818997793e-06,5.834117022929242e-06,-0.07019345232171459,0.0031140707481777663,-0.06361880712477835,-0.0014788430815150244,0.001865505825382252,0.0,-0.000650881517296864,0.00033963810365594815,0.0,-0.051617030646698925,-0.04804535106775809,-0.0002264121243996664,0.0023839674184939486,0.0,-0.054655383875685415,-0.03753810455871737,-0.03809135538075531,-0.058907261458006954,0.00035385358662570754,0.002051221073423537,-0.051523751523598005,-0.05721827364932863,-0.0004089418988597049,-0.05941568157238497,0.0008455733710187041,-0.07104920100669543
-0.029524326761573128,0.025141200950672016,-0.025399300334613684,-0.07381236296687937,0.019979319598628476,-0.019048022794573294,0.0011318415587682207,-0.03867256840809097,0.010863723380584556,-0.03889868757339782,-0.02347609730204908,-0.008974065639524853,-0.0024449251100840397,-0.04042134552871657,0.028474510624954652,-0.01227109275861088,-0.0008550119816048141,-0.006494396707323824,-0.05674593348455048,-0.004480869987167735,-0.01534743754079515,0.017182071525133624,0.0,-0.03540340831695621,-0.00447538826537941,-0.005262276706429536,0.014131231703916725,-0.009906072157007118,-0.017079355049786138,-0.0015643581398187,-0.012312486096609565,-0.011084480082152903,-0.014125481390407035,-0.02276178830921377,-0.01570907040889269,-0.04560023701471311,-0.035564408315557516,-0.004110532767245989,-0.0264084849544175,-0.016541409319561884,-0.028802172235169843,-0.021145556554536205,-0.011159686087313547,-0.001586255694117522,0.0012252143538622473,0.0023381736648854234,0.0008390204700955417,0.04065096107195054,-0.0008935147619381079,-0.02635169045584629,-0.017817352119581964,-0.029548942706699444,-0.006834694749542347,-0.01825754421491288,-0.0008419424429629285,0.021276551268722743,0.0014356357433951694,-0.022201910911493428,-0.003222166898794787,-0.02636712015197551,0.0007505384369670964,4.289730763989974e-05,0.0020222985818031947,0.05004933022712088,-0.013810449567418948,-0.0260364710575417,-0.014448303798285433,-0.007011938559088049,0.00028004562552025325,-0.0013319169209674575,-0.01703347082492801,-0.016995041357709517,-0.019741759504592782,-0.026454004018855448,-0.02379887223650512,-0.019210793940292292
0.007727477750952949,-0.0059975274192644035,-0.00023409272281471605,-0.002062485164215422,-0.07299047130085862,-0.001558567461012239,0.006104445116594026,-0.027483915995011376,0.003272068442397358,-0.015467139439490796,0.006454696381044567,-0.002238458818700162,-0.07117945920257024,0.0004852620903526006,-0.010546989279527519,-0.017040955412835623,-0.030100578338498052,0.015465298146140893,0.0021686601604547495,-0.003768032410614297,-0.024307276803103295,-0.012773081971585831,-0.03540340831695621,0.0,0.0016328923749002744,-0.016363763539055276,0.012098881270189599,-0.04476776127869031,-0.0046217265482017544,0.0002794775670087457,-0.03808739817139728,-0.04919525380665685,-0.008659127958298818,-0.0009682495667912572,-0.022600809439513148,-0.004075863267673674,-0.01593274473325068,-0.010466907890933907,0.008925056140817622,-0.0064986695753160295,-0.002032953637028434,0.01209831013989543,-0.000647917182184321,0.0005726394902021981,-0.015670522733149783,0.05626832684171407,-0.08563671238369863,0.0,-5.551115123125783e-17,-0.0001694365062954173,-0.00022234426005823815,-0.00016889632549083045,-1.6653345369377348e-16,0.0002881811174768045,-0.012574654971969135,0.00022511706613220772,0.01743579274381074,-0.0020997596878036817,0.0,-0.0012445822606110823,-0.05056280689149534,0.0030403098372852044,-0.008168160929790558,2.0647969964260326e-05,-0.0010636116690021513,-0.0021368506565302425,-0.019996839071441896,0.00034339292515639386,0.021016067119685566,0.002152330014804249,0.016211517240735274,-0.0011121445905771243,0.0034938451486547506,0.0026492406898817045,0.0,-0.02774739397262438
-0.03225147236970932,0.008693665112796567,-0.0069126786106079585,8.895438545913903e-05,-0.004369051947276437,-0.0002683214348432883,0.0034918727548547412,-0.03228493433639629,-0.008250578144835208,0.027389231088939703,0.005593644538416653,0.019233665397653088,-0.023083123661732208,0.0006634862298126598,0.0005136602083276598,-0.004799290820313884,-0.02464327271269201,0.0009761961835791921,0.00024027927769149082,0.03162568785907077,-0.03567565129847239,0.023119068925531394,-0.00447538826537941,0.0016328923749002744,0.0,-0.0060081789510718075,0.01119000186639868,-0.030123022146207046,-0.01327405476762622,-0.0013152892057150534,-0.01483496926632527,-0.010264905062969953,-0.007913222326353386,-0.02836269528898583,-0.025438972866315968,-0.021966040994119085,-0.0005891764293140533,-0.013870874924227339,-0.06044969954361695,-0.061214583156374125,-0.051709947367147235,-0.07546812716540041,-6.471739899371887e-06,-5.551115123125783e-17,-0.010443939570139948,-0.02097030965170199,-0.034488946603644266,5.551115123125783e-17,0.0,2.220446049250313e-16,0.0023027121168782694,0.0017380531130885557,-0.1409807728214249,-0.0011098835710300903,-0.04846262316782357,0.0004106746455939114,-0.02118283706509838,-0.0004242039192409175,0.0,-0.04234176565374803,-0.05841625771084735,-0.008754135889005144,-0.039819589543286016,0.0,-0.04599837594289735,-0.008182633361152158,-0.03356860947960266,-0.07869149132167758,0.011930304026938066,-0.03895131030857946,-0.03785439245919986,-0.06506600232820037,0.002517626342079138,-0.07747178832247764,0.0,-0.059764359822596536
-0.006775110533645878,-0.016092186586672996,-0.0029400398843255626,-0.001351695116460716,-0.00037691549487811615,-0.02771970228902626,-0.004419283113601569,-0.02999539081604191,-0.0002771643967935944,0.00601430338950959,0.004607783542725674,-0.009979233739934978,-0.039930389185297954,0.004590446911536428,-0.012176182570624416,-0.006771716273574979,-0.0027136505836787284,-0.004294459788825755,0.001616891470315851,0.011146654165764547,-0.017308195383013147,-0.001442392609014742,-0.005262276706429536,-0.016363763539055276,-0.0060081789510718075,0.0,0.01588583743921379,-0.03957192507155377,-0.03284790656667613,-0.00486516341105675,-0.028822293795239373,-0.02013744391556377,-0.025226495152795403,-0.03281255799782601,-0.035548669774043584,0.005572519022139677,-0.0016618276027265955,-0.037539780007016965,-0.056507431446638,-0.06166192924965497,-0.05270399395144271,-0.0708530624265723,-0.00022250174784116394,-3.646354507519378e-05,-0.013888926898868337,-0.01948346358485953,-0.0495670140892045,-0.0011499401758361394,0.0,-3.360327999690771e-06,-0.04638809684854078,0.0023822613468666987,0.004283656255319512,-0.000668732310523612,-0.03517804040218259,0.0,-0.0064707058697214825,0.0025438748915234677,0.0,-0.05945973053776743,-0.0638384482106073,0.0029310347519122537,-0.028696944434161986,0.0,-0.04956469628849636,-0.0241662245031255,-0.04717294463103139,-0.06709879757070325,0.03205312177825126,-0.02785239399020223,-0.02993310648844638,-0.06309814127886854,-0.002402336585963838,-0.062355319865866565,0.0006939404236619429,-0.04791716514335814
