0.0,0.8428284362869134,0.3235230398352874,0.0,0.42513904568259486,0.3673657773796789,0.4223897914835526,0.6162441296247017,0.40779388819717577,0.7166528441050141,0.39300298573742726,0.3016778791969597,0.4841937618035025,0.6896781675711937,0.4554914689751034,0.8205444378914099,0.45076421844284864,0.6319599381757042,0.0,0.5023361266114137,0.4013835757676924,0.7602034788838775,0.5513254668681923,0.6715754050395168,0.6254135390349951,0.6079654655101125,0.4345393027079014,0.385406183794199,0.8829622183023458,0.5814940920449119,0.6111207366246554,0.7081528254417149,0.5465549479874574,0.6231367557982881,0.6552711341368167,0.6013527581375321,0.49028539036418106,0.42774272385359124,0.6211623557026124,0.8326456648668452,0.7574846469964676,0.506246627614364,0.4682230161055203,0.0,0.415073896599284,0.46950529681199105,0.7618848392943538,0.0,0.0,0.0,0.4355941897989323,0.0,0.7923776701377161,0.0,0.39562434636168536,0.0,0.48960105953711464,0.6983239410622344,0.0,0.5514938793842463,0.8054757245844673,0.2633868186020656,0.7280554984946965,0.0,1.0446858667533672,0.3476177276925593,0.8842837651624718,1.0641194164607022,0.6648270881677636,0.7223794505552762,0.7719021977145426,0.45904890418881594,0.4048672108826503,0.7646829769533329,0.0,0.6195730008871863
0.8428284362869134,0.0,0.49313894588271495,0.3290106636628972,0.8745630165725751,0.8915400217978457,0.8385385355243463,0.9689880832175677,0.7568019978177837,0.391916577979913,0.3213850075460529,0.439170194396386,0.8960937456605231,0.5123087685251044,0.8208917721125986,0.6784915324291664,0.532075214667312,0.5573201276445023,0.6223930350229532,0.7127114190405907,0.9620792727019711,0.6095276874279865,0.907612111786477,0.412616000388609,0.4359010129481875,0.5130021862947087,0.8360615068173765,0.8839012795953758,0.7858915878575067,0.4300258341246762,0.8533169378273063,0.707427851733071,0.5248567507065438,0.8795420306719371,0.8350206060618395,0.4246693747406358,0.2541592929602743,0.0,0.6517034522798033,0.8658313267803704,0.6886745437572649,0.8262252089302564,0.6248232846401018,0.0,0.0,0.8551770283810873,0.8044188889120403,0.05282420852161189,0.0,0.0,0.48981156134267867,0.6024207782806175,0.548185199269899,0.5565653207385979,0.6083763612986577,0.0,0.4248324959660679,0.6028722698128048,0.0,0.6807604414235477,0.8568183668674292,0.5998761656410146,0.9316706089205338,0.0,0.9190269640953723,0.8364128178454225,0.8341580966990711,0.8327767162849327,0.869056708575571,0.8715300207610208,0.8398759354858685,0.8599380275849848,0.58753542713195,0.869370747959366,0.0,0.8033891273336493
0.3235230398352874,0.49313894588271495,0.0,0.48050902475498214,0.5664465127189435,0.7462724873013844,0.5677753547501934,0.614190584362265,0.4510171734848186,0.6325468934915173,0.5047913284846476,0.4738974015627957,0.5968900196341038,0.6419679713076727,0.32465597197372664,0.38071843371134007,0.6060066997499252,0.5007227674834727,0.3856920711092721,0.37225056245070315,0.34602719407916815,0.48689993270814286,0.5837132247678336,0.3963694121471226,0.48321576265147326,0.40896357941462624,0.5453829633472415,0.5465135311140741,0.7642264915989079,0.5557729652432668,0.6521840401738621,0.5872756270626531,0.44957340352271224,0.5848522889121334,0.42160564331013617,0.7302584823665621,0.5156364213495885,0.43423724510760436,0.763546879449605,0.4727779753597747,0.3892761463203821,0.5425647628370113,0.7549127759453232,0.6134558837989278,0.0,0.0,0.19869658358636522,0.3118941408964286,0.47489283062783205,0.5585247748619415,0.5733864781001574,0.44021727569963787,0.637690708600829,0.776194049888022,0.3931836928815433,0.7917533807608772,0.4569633356195211,0.7607004575054086,0.6734658332879327,0.24258974447906556,0.0,0.0,0.0,0.7938817356893019,0.5959663985197687,0.44632219930468947,0.09456145006199629,0.6826126519233411,0.0,0.6227168435173513,0.33186428953265634,0.5873451111695908,0.44840087793356975,0.5937950506538019,0.6892853946699016,0.344113664972311
0.0,0.3290106636628972,0.48050902475498214,0.0,0.306303791076851,0.6948913106767401,0.35888243838455086,0.05232492505954228,0.6875862129676406,0.1830386944358926,0.7822464280123274,0.32621533909513495,0.6473926394624641,0.1956463314910101,1.2353257768505777,0.07233716988308883,0.5435856259151537,0.46846132364468884,0.662458476397993,0.9698741008627487,0.4107826112642594,0.9553843019742494,0.9288382615587203,0.2247584573825483,0.8650572212332976,0.5776836014582907,1.0219470481958115,0.48769781819139957,1.093343201661801,0.4952234635532822,0.5497346580706722,0.5962315664819058,0.8125623062824974,0.7133202978956391,0.8447317887872017,0.2783290746200269,0.2773149345301894,0.2870248442055694,0.15590063422972136,0.285638182435589,0.38465876421296474,0.2722194112268491,0.23486071460265642,0.2243559360705286,0.0,0.0,0.0,0.38175103678294225,0.0,0.0,0.5710407085742883,0.0,0.4647730113703508,0.006204118258070285,0.0,0.1839232338069762,0.46073566975159175,0.4477414880330257,0.0,0.0,0.0,0.0,0.0,0.0,0.0,0.0,0.4564696153128529,0.5368037979231102,0.0,0.0,0.0,0.476199997327137,0.5220836031537828,0.5585260659368639,0.0,0.0
0.42513904568259486,0.8745630165725751,0.5664465127189435,0.306303791076851,0.0,0.6142508030549352,0.5372315986869591,0.6688075912312377,0.45261784035982094,0.7718709138050739,0.5755968635377734,0.48225085067635487,0.9079676291748487,0.43597797196448307,0.44289476139571504,0.9772893588328864,0.5089486465335245,0.32607071621480016,0.5004660870713451,0.7126407397212029,0.4738726845653374,0.7463200654971369,0.5527921091648558,0.9105631308878039,1.005920271151883,0.34680830748548963,0.477825488066007,0.6170445078374333,0.6867680013497517,0.4337009572112477,0.7208295988021407,0.5722438948013748,0.4090622619910348,0.749767825829762,0.5277909545870714,0.31716134998715784,0.45957109983277655,0.5586291277291572,0.5011162080165433,0.7022174763181046,0.5309671976769911,0.4231069537533638,0.6447590270733926,0.6813334579546089,0.24970294270952176,0.0,0.39248169816562906,0.6453615686612384,0.0,0.788325641683745,0.5894478757159819,0.5651125150541485,0.5782301389161837,0.635678082065601,0.0,0.6563433174572932,0.3367129437229798,0.6630477585016781,0.8817295438872833,0.2503878458388842,0.4462461380939726,0.0,0.0,0.8996822895523772,0.34560396797639287,0.49049251183751497,0.364910818836037,0.5846948792608455,0.0,0.4744092229644352,0.5778851655282166,0.5378403743672326,0.5554049274390234,0.4219740104557406,0.0,0.4824902137363067
0.3673657773796789,0.8915400217978457,0.7462724873013844,0.6948913106767401,0.6142508030549352,0.0,0.5963476958712435,0.5732374093502197,0.45934320318529953,0.6583118858861399,0.6894904775465511,0.5771955921892344,0.7425952523412729,0.4981588533583047,0.9271417784866001,0.9697245697830181,0.4618565572028302,0.9646370780554503,0.591641584576778,0.7313893345681908,0.5634783745416454,0.6681636852437836,0.6005526675445872,0.2974816855062891,1.0074902466261815,1.0021193343510604,0.6853839734676118,0.8132885253406525,0.517011675049983,0.8485957240619217,0.8091597316959613,0.6602222376470002,0.8923798132826225,0.7384232951113756,0.7293533939172177,0.8181526565922965,0.7789065685003456,0.36711155976886417,0.8830499656133743,0.2895134012152938,0.8263281764927821,0.8878021680316175,0.7730476143181679,0.49998263088908745,0.19792203148932916,0.5860322542813804,0.4680646105720748,0.6996644571007593,0.5513711195179893,0.3530305314455392,0.6777367042534572,0.76423767628975,0.6725748116072988,0.7782586212263192,0.6498966706608178,0.6520781519350329,0.3148703447317942,0.8142031843570628,0.6821721506436664,0.9085023194987357,0.5464192675904299,0.0,0.5095846746431998,0.6728636060637789,0.8182603671252717,0.35436517076104745,0.6989321366287226,0.6858495396465097,0.5864264540888888,0.4565079258604298,1.054257467519892,0.68437460631256,0.7892471014367195,0.8999218884617493,0.6025360328239453,0.7889311509642937
0.4223897914835526,0.8385385355243463,0.5677753547501934,0.35888243838455086,0.5372315986869591,0.5963476958712435,0.0,0.6761062505782526,0.6880085411058721,0.5351075777880003,0.7368577397249523,0.5203898121292706,0.9543313708669949,0.3955667122367421,0.47644524050327786,0.9037444542748347,0.9665329661946171,0.7353325559563608,0.6489064906818693,0.7791862759769463,0.37861475599023964,0.7980818654497177,0.670014623413135,0.7386435320312673,0.8682341507735998,1.1643993765545773,0.5236621530892145,0.5914120562747285,0.7415243993658652,0.4213155735560514,0.6961234619829141,0.8681166438552397,0.7580709477551741,0.6334766839042071,0.2786428932373062,0.4005284566186047,0.44202230196986947,0.7952638289390414,0.605176770375886,0.39671045936438376,0.06932344421571987,0.5157029602523568,0.31486318773998623,0.7709283772297388,0.31900131061733034,0.0,0.5586029639091559,0.6217946418690656,0.0,0.5180375326562847,1.099078088035446,0.5379097393334896,0.7280187986932989,0.5782474139547484,0.551982515130255,0.4803554951805331,0.4394553690084778,0.45324247957625374,0.3969723835762792,0.31984213317923615,0.5680807438140894,0.0,0.5306286896287518,0.5678076437480459,0.5690601793630246,0.4988726906935858,0.597681994979212,0.6739871580121588,0.4722592824392478,0.6021584830182928,0.5019819975945978,0.6828984292282945,0.5250598379613809,0.41126633910584837,0.7468934172301401,0.4761772398011629
0.6162441296247017,0.9689880832175677,0.614190584362265,0.05232492505954228,0.6688075912312377,0.5732374093502197,0.6761062505782526,0.0,0.6022383596767626,0.5547931564979933,0.7512023627286396,0.6031478766311411,0.7800076466256265,0.5497738248905358,0.29884938982419723,0.993942658280399,0.42441289252453585,0.5426777561090608,0.7888641643511536,0.6256291250475516,0.39007109754433156,0.6136686633014832,0.6578752626021687,0.5090027672737227,0.6667659000899002,0.6607676137543771,0.5911894179402828,0.7284266313740024,0.6783749087693027,0.7395521356363459,0.704848675268104,0.32120020567288776,0.012976191286862282,0.6866555282805897,0.6226987307734415,0.42593506625279864,0.3771122408186949,0.5760043807526466,0.7318484828613627,0.4255348598937274,0.6163537858410919,0.6929422611440557,0.3732090290545791,0.4251822379817767,0.0,0.5438915145635781,0.3209328108419406,0.8414863389903795,0.0,0.5291673930840192,0.7991429467545552,0.5769538635921495,0.5139642138291374,0.7653065383617998,0.8216547976701946,0.6304712439879854,0.9241260981394777,0.7878820599595189,0.6979929374344235,0.8138471013281877,0.3548060005400341,0.0,0.6303048801328699,0.8851920034948513,0.6943262082424301,0.6424526331209104,0.8463777440162652,0.7223283791630546,0.0,0.42293905800758913,0.6861980149502694,0.664573519665711,0.8181336375129256,0.7634116670637979,0.47191252070682455,0.688099390596602
0.40779388819717577,0.7568019978177837,0.4510171734848186,0.6875862129676406,0.45261784035982094,0.45934320318529953,0.6880085411058721,0.6022383596767626,0.0,0.7890683922396563,0.4708490441352463,0.9821416823394119,0.6181728154483902,0.5953976799011693,0.5826525659040038,1.0146483645545992,0.39972920214308777,0.5360700570484987,0.38337242077167655,0.580593123808905,0.3542646423788971,0.658562502241276,0.5371629397981559,0.4018930622092509,0.5101402310848189,0.5593264727883833,0.6150865285265853,0.6197233497830705,0.4818581564970437,0.5309956677874679,0.6995348815899891,0.712683723542044,0.9295249390270537,0.6845180503170036,0.6484790568551209,0.809441154406918,0.6894736299474757,0.935866097286991,0.6839518719653487,0.4812489576552379,0.42880153353386574,0.38612499154603663,0.6347836117682825,0.4403504318210081,0.27690653126105497,0.0,0.48715164856754234,0.5885345638541972,0.4715843678371482,0.6902389667460118,0.7429158148083406,0.708010934538656,0.536652846825184,0.6746709137440317,0.20239046782812842,0.8057675922112977,0.40958417235718236,0.4701046531681698,0.7476655491695192,0.4430397229040731,0.6509755715025705,0.0,0.0,0.8326776215136663,0.5802463361578718,0.6975334268783184,0.5353965166550498,0.6065566127499363,0.3207649506820066,0.5335409004801813,0.2699931813073923,0.499207026541505,0.47617271656579063,0.5338973466167085,0.506967525691701,0.5820309983295008
0.7166528441050141,0.391916577979913,0.6325468934915173,0.1830386944358926,0.7718709138050739,0.6583118858861399,0.5351075777880003,0.5547931564979933,0.7890683922396563,0.0,0.7580558317356783,0.7978541164661013,0.6912828137289637,0.2193461840396616,0.4487099754896523,0.5907920718390329,0.7863987267153439,0.7530658547164428,0.7144275212462259,0.3768275615823991,0.9041758471500883,0.5657371800694521,0.7088303051483364,0.7907561692504376,0.718256826748322,0.6975045486952464,0.6023336517884391,0.6629550213005732,0.7894173142612011,0.46507431031003066,0.6308901448949045,0.39000966973106155,0.7500951305643695,0.4174600060885123,0.3773874559031223,0.5623347648827206,0.5222101957221003,0.6562370135621399,0.2778908858742394,0.5125909110377905,0.6721401081308517,0.18499670288371362,0.12691684144279572,0.4428777602793867,0.6942366565937284,0.9151901712841125,0.5278408015103824,0.1552018961996975,0.4841164740225835,0.4108183988287197,0.4870765653613025,0.5554082190168295,0.5636576016703047,0.2066153765596498,0.8487880893408012,0.4389348640487919,0.8746361173939317,0.8595820350677232,0.0,0.8971219947166438,0.5759842709153968,0.7374405244190934,0.6505677106545449,0.4658873819173538,0.46347964892791527,0.5434201637835556,0.33006497569174587,0.5431543884858099,0.6792251814876895,0.6585129463666896,0.8052444922305065,0.5710723281862943,0.7368461437429377,0.39281478840192485,0.0,0.8701296065942117
0.39300298573742726,0.3213850075460529,0.5047913284846476,0.7822464280123274,0.5755968635377734,0.6894904775465511,0.7368577397249523,0.7512023627286396,0.4708490441352463,0.7580558317356783,0.0,0.7893940089611551,0.7725394129069549,0.5131937502274053,0.0,0.5138090556026507,0.4625727541446193,0.5044888865345354,0.40745188024218426,0.4449998827389311,0.4974398117562799,0.38375787973733266,0.4853678369918966,0.6337590627945824,0.5236738508027151,0.5213703868177834,0.7158398528886581,0.7361439593503203,0.382375471341881,0.5006276656320869,0.7234571165960944,0.6959914546841703,0.38161697433338837,0.7376424348595337,0.6901497519863675,0.7668064314584739,0.8332209300512634,0.6991060868895894,0.7705487955432401,0.5326796956095705,0.49441173810260886,0.459011319936555,0.8136617222597419,0.5506835589267256,0.1869453617109389,0.0,0.0,0.8063153153999484,0.4658012031167329,0.703673111945639,0.5682078800240828,0.5926436571974358,0.8112277981575673,0.8955957016247577,0.4674165198132658,0.6270693151130365,0.39039520576345577,0.9308750802374257,0.9357586849716262,0.0,0.0,0.0,0.0,0.43977630977555326,0.3508967357412026,0.0,0.6602759047959601,0.7983480428651717,0.0,0.0,0.8923667723989246,0.5593348788736129,0.4352830558878614,0.34742425192893556,0.0,0.5281058436788101
0.3016778791969597,0.439170194396386,0.4738974015627957,0.32621533909513495,0.48225085067635487,0.5771955921892344,0.5203898121292706,0.6031478766311411,0.9821416823394119,0.7978541164661013,0.7893940089611551,0.0,0.7267230747103929,0.609732296079875,0.41044671591705073,0.5699209421326362,0.8544573723122189,0.8878991111462251,0.4658012913321812,0.5512250902627925,0.4384404758884262,0.4235178009479243,0.41708945319486523,0.6071385389483924,0.7218108405049815,0.5886061167467623,0.48285692333879626,0.7671723839610748,0.6042721877353345,0.8259959108993099,0.47702152399597075,0.3261705735553932,0.3702056608776205,0.28057153651147004,0.44397123105620395,0.6756786405110831,0.41032225667558697,0.11859514384177314,0.315278111416855,0.36697104121781055,0.619235904875303,0.2468116041175773,0.3707539775849922,0.41359957029958355,0.4636552632628385,0.3677386764177475,0.5797842229575787,0.25099644317810504,0.19703231438396898,0.2584107727255517,0.3391663404170985,0.48185211783933957,0.23082163223461089,0.3861625626710809,0.8065506406640367,0.23367655187479522,0.8969536869189463,0.8413647179034913,0.6710512589734497,0.6202077050421979,0.5307268060213844,0.5882352209415203,0.539202485594543,0.3329000563268686,0.7283935822425234,0.7609678163826713,0.3993300141227437,0.5538636150877188,0.6636886654998584,0.590456318155937,0.737222353148245,0.36047666927549904,0.8145098460975134,0.48509249565937496,0.0,0.7379409011699263
0.4841937618035025,0.8960937456605231,0.5968900196341038,0.6473926394624641,0.9079676291748487,0.7425952523412729,0.9543313708669949,0.7800076466256265,0.6181728154483902,0.6912828137289637,0.7725394129069549,0.7267230747103929,0.0,0.8484216991720941,1.056753852748126,0.998249768126383,0.56994398943265,0.9663068054292693,0.7301665403865385,0.9702670630583168,0.7067382184186017,0.8977858869276767,0.7776495144442794,0.6144557553685066,1.0408782253053304,0.9732592075322888,0.6408776026274481,0.747778555665402,0.8785331281454634,0.8405017110716135,0.6863755801899356,0.9315251901743855,0.7360236274690044,0.7638853472631584,0.5737424269173816,0.8308373831498232,0.6629177846566403,0.8326606335995195,1.0429643242563693,0.6680778666526886,0.5631731221401536,0.6439327699923336,0.5004034184316923,0.38618632029413114,0.36696597722428936,0.5802871664588977,0.628225275944833,0.8077551510556922,0.0,0.6324281290471425,0.7920004854750844,0.49894786217444254,0.7012008042357238,1.3513771046792604,0.4928500396307236,0.6701053797791952,0.4358577348501367,0.5430347307813616,0.4333552392973107,1.095194008523003,0.4872683777909788,0.3771438443331661,0.5336643419160778,1.0295179912958976,0.9148728886072446,0.5526302313113985,0.5145161224097236,0.820495359293527,0.47481253342326846,0.45826264265970584,0.45063795146704755,0.7862504283861033,1.1447155950173278,0.9283365117424638,0.5043352007097952,1.1076964861667231
0.6896781675711937,0.5123087685251044,0.6419679713076727,0.1956463314910101,0.43597797196448307,0.4981588533583047,0.3955667122367421,0.5497738248905358,0.5953976799011693,0.2193461840396616,0.5131937502274053,0.609732296079875,0.8484216991720941,0.0,1.2765820444603067,0.5538547201137056,0.45222946566776145,0.5003767882898534,0.757462532336584,1.222879260392752,0.4362489999000384,1.066809848401249,0.59168599039042,0.6074133949850504,0.51522773286808,0.7014435044682328,0.5787809048074377,0.5393316791082,0.3650208387404524,0.770084160514318,0.8550411291813617,0.5871874976757308,1.1081014764467618,0.8367219214677102,1.0122021979364624,0.4275869666973306,0.2688158935499154,0.4052062058448218,0.737378448769537,0.0,0.685974600249847,0.8204305094533385,0.7374205538594246,0.47408924778856404,0.0,0.0,0.0,0.7704202946756661,0.0,0.7398121045924959,0.4423022177569752,0.4854735700758862,0.5484208383606453,0.4325399108823224,0.0,0.755385055163049,0.37905473545542895,0.7005581331078939,0.7850025504949121,0.0,0.0,0.0,0.0,0.45674379111007923,0.0,0.0,0.0,0.6969962708312594,0.0,0.0,0.0,0.47151385915829447,0.7328416488671594,0.0,0.0,0.0
0.4554914689751034,0.8208917721125986,0.32465597197372664,1.2353257768505777,0.44289476139571504,0.9271417784866001,0.47644524050327786,0.29884938982419723,0.5826525659040038,0.4487099754896523,0.0,0.41044671591705073,1.056753852748126,1.2765820444603067,0.0,0.9220917565233344,0.35714919389987976,0.6859520871734146,0.0,0.4089018719913379,0.43040218392427315,0.70196787771312,0.6558569509487326,0.39814916531428757,0.6660039040612447,0.5474445978574112,0.5133296573399182,0.324486391556603,0.8355037912471888,0.3871819958565612,0.8118673421032616,0.6981824514968181,0.7988052651603098,0.787470160115021,0.7447756006824571,0.8593724385050339,0.5608321421635055,0.372016712635977,0.5931570827703393,0.6550874188631624,0.6358024394309907,0.5476295737797956,0.8891337539051212,0.5837282140277523,0.0,0.6258251085420136,0.8386046422606066,0.44836933473223783,0.0,0.0,0.7355517148364391,0.6890602063625632,0.552339858708176,0.5381876116741071,0.0,0.0,0.6641306094545887,0.5175007334873596,0.46910587935957604,0.8147436725472197,1.0454008322581574,0.6196307332934659,0.7102395157618666,0.0,0.8467839851069663,0.6230644380751218,0.8477272157178863,0.7861817926165036,0.4383669602949748,1.150239443314183,0.6795567196629554,0.7063045756133406,0.8524642063007775,0.7312562027402376,0.48650148696924095,0.5822686710751945
0.8205444378914099,0.6784915324291664,0.38071843371134007,0.07233716988308883,0.9772893588328864,0.9697245697830181,0.9037444542748347,0.993942658280399,1.0146483645545992,0.5907920718390329,0.5138090556026507,0.5699209421326362,0.998249768126383,0.5538547201137056,0.9220917565233344,0.0,0.6480207953838063,0.8751560074258735,0.4438312816153316,0.786851311954563,0.9725605239176229,0.6795738060806449,0.9684733394096593,0.8144860843671884,0.7009658615952636,0.830887172662493,0.9287148052620964,0.9119385358378855,0.8585925261070819,0.8173229306578449,0.6135147555235805,0.6833029389271066,0.4652817040403215,0.5713930560753236,0.7422322036805868,0.6437189750226688,0.36479387001782004,0.5854678925006296,0.6999369434417599,0.7707137914143195,0.8000195956542268,0.7235743958186911,0.4695494905753068,0.0,0.0,0.7771370043541352,0.8569203960862769,0.0,0.0,0.0,0.5084350465664258,0.5822724052499254,0.8571210239667935,0.0,0.603581055209014,0.0,0.47344414169701177,0.5687240979801359,0.0,0.9294791568783589,0.8291161029550349,0.5857693312416179,0.8912758551096709,0.0,0.8448310724488859,0.9443818186072712,0.8519206561875985,0.5297193451039656,0.6650886631694115,0.913819092755735,0.9187758364906176,0.5254905976554811,0.5650039960880124,0.8044728015820604,0.0,0.6997902739609733
0.45076421844284864,0.532075214667312,0.6060066997499252,0.5435856259151537,0.5089486465335245,0.4618565572028302,0.9665329661946171,0.42441289252453585,0.39972920214308777,0.7863987267153439,0.4625727541446193,0.8544573723122189,0.56994398943265,0.45222946566776145,0.35714919389987976,0.6480207953838063,0.0,0.6347919498012332,0.6498367626750612,0.5215089655663984,0.47930590097190584,0.656877825982745,0.4840879324589488,0.7867830903902551,0.26195151177275305,0.7136527158578272,0.5318257421648057,0.7315499105435459,0.2893246183285747,0.4800228147036276,0.5575543832669818,0.6417471052392534,0.6258036568524625,0.543359805052315,0.5996522780470106,0.47329322109993893,0.23863165853767918,0.4782652350986265,0.5534423312650953,0.5720777845584959,0.8575751012792853,0.5807217114448063,0.0,0.0,-0.3830650848606102,0.6073876509913462,0.6152350949610212,0.0,0.0,0.0,0.0,0.0,0.0,0.0,0.8736954122798488,0.0,0.7904716895718502,0.30121729428431354,0.0,0.7481182984683975,0.2631082872934338,0.8518149004977982,0.7519063246247402,0.0,0.0,0.0,0.5677595045959618,0.0,0.6652211270746073,0.8177425314811065,0.8676700029333846,0.0,0.28038454517568906,0.4702372781730665,0.0,0.8364782009115623
0.6319599381757042,0.5573201276445023,0.5007227674834727,0.46846132364468884,0.32607071621480016,0.9646370780554503,0.7353325559563608,0.5426777561090608,0.5360700570484987,0.7530658547164428,0.5044888865345354,0.8878991111462251,0.9663068054292693,0.5003767882898534,0.6859520871734146,0.8751560074258735,0.6347919498012332,0.0,0.4726699860930401,0.674763402285562,0.863932501440668,0.5596507064527487,0.8441125090143307,0.7333552340176558,0.6436012112092373,0.676981707745147,0.912945088291131,0.6705039232497585,0.7676308738446412,0.7040978817057378,0.49054835575995615,0.6101696011304456,0.6054854929302895,0.7265748173477324,0.6894966816375446,0.9974082900676622,0.2544064789886978,0.24160123478107928,0.7942190743089925,0.7795692476316567,0.7321316755757941,0.7592711367476902,0.0,0.0,0.582117930239052,0.7166554166171875,0.7320109206699967,0.0,0.0,0.0,0.47669524076569647,0.5584958772748655,0.8641431543999798,0.0,0.8165848998542645,0.0,0.9416053700103028,0.5226890629141365,0.0,0.5383261497424978,0.7442595771105659,0.9271292757722425,0.876835502182571,0.0,0.457721570147843,0.5791013986655511,0.810276509796759,0.6994473776130854,0.7701624848207922,0.7941983573283247,0.845543921019051,0.44938057521842184,0.6611931021542802,0.41660141157238373,0.0,0.788723409706797
0.0,0.6223930350229532,0.3856920711092721,0.662458476397993,0.5004660870713451,0.591641584576778,0.6489064906818693,0.7888641643511536,0.38337242077167655,0.7144275212462259,0.40745188024218426,0.4658012913321812,0.7301665403865385,0.757462532336584,0.0,0.4438312816153316,0.6498367626750612,0.4726699860930401,0.0,0.5401449368862834,0.4511965906206471,0.6860366586616831,0.5006621858384667,0.4371988168561958,0.5029530594462803,0.48994399307058617,0.5947738059672376,0.7254071279831948,0.025520935556010982,0.577334906519555,0.6937604759929457,0.7777078563040403,0.4405363281611636,0.6891650876143551,0.6228732802707944,0.8573826882630919,0.7800521551080507,0.36123071992578415,0.7933134322221282,0.38105526793140265,0.4043905877209404,0.2214329243583671,0.8120759118748564,0.35961894795065236,0.40066552506299524,0.0,0.0,0.15030997609464752,0.0,0.4474408880793562,0.7259177382131621,0.20510035892567186,0.7050589126385117,0.7958351227811729,0.8724123950176319,0.6883109746049898,0.5066256802290459,0.4200469913921999,0.7123948895511256,0.0,0.0,0.0,0.0,0.851776101067333,0.46953118061994886,0.0,0.4913371266259424,0.7164219862700805,0.0,0.0,0.0,0.6051538507490299,0.483414413088958,0.4239959744919488,0.47712878189641206,0.5213480868158056
0.5023361266114137,0.7127114190405907,0.37225056245070315,0.9698741008627487,0.7126407397212029,0.7313893345681908,0.7791862759769463,0.6256291250475516,0.580593123808905,0.3768275615823991,0.4449998827389311,0.5512250902627925,0.9702670630583168,1.222879260392752,0.4089018719913379,0.786851311954563,0.5215089655663984,0.674763402285562,0.5401449368862834,0.0,0.4963966975702023,0.6752433062131277,0.2567729663871938,0.9800756231692886,0.7826206491926474,0.5680259775470116,0.67586338139572,0.8956667490052965,0.7913249171377634,0.9032761177709865,0.7723683319306577,0.6312503158020395,0.5604592072071732,0.7867405515899701,0.7234901357850338,1.0279774616660946,0.8171428898718545,0.7720557296735435,0.7467726852030878,0.859615994741221,0.8251375246544419,0.7414341977819048,1.1581756305806825,0.27492084163305397,0.2050027304696991,0.45076945087077974,1.089445155262948,0.45781229256885353,0.0,0.0,0.828070113368968,0.5976029232256227,0.6984864983230064,0.3971411260067858,0.9268965944983081,0.0,0.5319870713196619,1.0909852593077969,0.0,0.8248250305742508,0.5164456198883611,0.46854622446198124,0.5478141369475988,0.0,0.6953876751772419,0.6046947429766758,0.806320120252099,0.658639716654223,0.0,0.5053716327184202,0.7565304342168342,0.6745622683808288,0.7051447919235471,0.7890766973250204,0.3901733233299727,0.7508614990042014
0.4013835757676924,0.9620792727019711,0.34602719407916815,0.4107826112642594,0.4738726845653374,0.5634783745416454,0.37861475599023964,0.39007109754433156,0.3542646423788971,0.9041758471500883,0.4974398117562799,0.4384404758884262,0.7067382184186017,0.4362489999000384,0.43040218392427315,0.9725605239176229,0.47930590097190584,0.863932501440668,0.4511965906206471,0.4963966975702023,0.0,0.7012696807892298,0.4671806985254453,0.5185102514815473,0.7914788736719992,0.6934457684900788,0.49731173654392885,0.6531136002411071,0.6400761521838365,0.40117708022064524,0.9266130499994049,0.5268211717597692,0.6839492557098328,0.7704701653545598,0.5280074456925176,0.4886586511936002,0.31344040853274535,0.5065400566009253,0.6140119209302384,0.4925453218036449,0.4606397005877061,0.4146302748385321,0.5658551502314069,0.0,0.0,0.21821613775805263,0.7580349721848978,0.6220179252679916,0.0,0.0,0.8295457925782435,0.40191327350564443,0.24079574072269305,0.5090439353084624,0.5538817450822686,0.0,0.7359308760460287,0.8259252226931482,0.0,0.6511944835508439,0.6954031798784155,0.0,0.4990945649607229,0.0,0.6068033735585548,0.3724323925783134,0.6404098917427895,0.5408448023853478,0.7574330434202468,0.45274679553816066,0.6636366914139489,0.566874858144462,0.6461365917674708,0.7205034630168423,0.3497141251268834,0.8034348389555022
0.7602034788838775,0.6095276874279865,0.48689993270814286,0.9553843019742494,0.7463200654971369,0.6681636852437836,0.7980818654497177,0.6136686633014832,0.658562502241276,0.5657371800694521,0.38375787973733266,0.4235178009479243,0.8977858869276767,1.066809848401249,0.70196787771312,0.6795738060806449,0.656877825982745,0.5596507064527487,0.6860366586616831,0.6752433062131277,0.7012696807892298,0.0,0.9026841247731898,0.37227716418957335,0.7857318650364329,0.7657115883218575,0.604638796055575,0.8584548912938359,0.6982129240188883,0.8551689063501332,0.840169522881848,0.7047181957084472,0.5657113237309441,0.9392512653249125,0.8205755788290962,0.8274873451862947,1.0185571712356518,0.5298106220306894,0.6993907991273297,0.8618202767075037,0.752453429695218,0.7160419311606494,1.0476010472371602,0.34834863978766273,0.23581904886178984,0.8246181460560484,1.0114625746986803,0.5690393394898833,0.4715751399392135,0.2405249356327992,1.0205962275895446,0.6612131570602107,0.5809161481255655,0.626540220743379,0.42163468902985474,0.0,0.5054425850270338,0.5754973712124125,0.0,0.8590302312027291,0.8749110259569313,0.40547091298668,0.5136687776850095,0.0,0.7423738931330676,0.8046061367884583,0.8543234199464466,0.7186149572650307,0.710279899100368,0.8189910019291755,0.8268488215112939,0.7669357228937973,1.1285160500775646,0.8002847800888004,0.5579142021487598,0.811406133117081
0.5513254668681923,0.907612111786477,0.5837132247678336,0.9288382615587203,0.5527921091648558,0.6005526675445872,0.670014623413135,0.6578752626021687,0.5371629397981559,0.7088303051483364,0.4853678369918966,0.41708945319486523,0.7776495144442794,0.59168599039042,0.6558569509487326,0.9684733394096593,0.4840879324589488,0.8441125090143307,0.5006621858384667,0.2567729663871938,0.4671806985254453,0.9026841247731898,0.0,0.534725936672778,0.7396957572125482,0.5817613675186502,0.474672713791766,0.6649705763583706,0.7197640714381939,0.6588124960149525,0.6999945044451372,0.7066937138507152,0.6354599775866645,0.6930676271219967,0.7034712893405304,0.7613362231200569,0.8704104521193554,1.010991493795178,0.7850643061125058,0.7257082332975949,0.8099771395093486,0.8438202235892942,0.8605070698138331,1.07465519954274,0.550183334715262,0.42705540955207977,0.9766142852431624,0.7797309989136638,0.439805121106866,0.7077616234381736,0.7123873936374278,0.7371218138561239,0.6530701141102716,0.7958047532381566,0.5615222287450375,0.8211777014725377,0.4335654257844568,0.7619208657623048,0.7913954023466694,0.7626340708588302,0.5608755427583725,0.4634796489279138,0.5159859260219208,0.8054941853677804,0.6735125084025235,0.5738877924170049,0.7223918700300909,0.7875394042844146,0.21390927725081632,0.5581857039978211,0.8630994938104607,0.6380062554154169,0.7543973053184498,0.7534561430303077,0.7766498506012818,0.7719681907793485
0.6715754050395168,0.412616000388609,0.3963694121471226,0.2247584573825483,0.9105631308878039,0.2974816855062891,0.7386435320312673,0.5090027672737227,0.4018930622092509,0.7907561692504376,0.6337590627945824,0.6071385389483924,0.6144557553685066,0.6074133949850504,0.39814916531428757,0.8144860843671884,0.7867830903902551,0.7333552340176558,0.4371988168561958,0.9800756231692886,0.5185102514815473,0.37227716418957335,0.534725936672778,0.0,0.6567939308094923,0.5660452214555906,0.49533950510267133,0.7405026507016461,0.553518503004798,0.85438687324166,0.6615293844338598,0.7692984252556727,0.5969894633356145,0.5613258669481933,0.6994527403119918,0.622865750611792,0.3556898765325305,0.3201164548662726,0.9377472309055407,0.26062540492431147,0.6793454769444417,0.9330115451056264,0.5678689527054499,0.3686025276177948,0.13266062668288248,0.5104354559557106,0.7392823311402478,0.0,0.0,0.46423334905083335,0.5689270129822912,0.28612237424179543,0.0,0.02967138856751505,0.784702639229711,0.5524342746706113,0.7695512520929702,0.4395602643322004,0.0,0.20947142563645443,0.7982025679142,0.5544745284617858,0.7928501836884321,0.4821073076590799,0.328592226966446,0.39755967049285523,0.14902546088900015,0.8404813145938037,0.5765324818606348,0.8455702001404418,0.7436511529264125,0.532693364445802,0.8505283650913291,0.5920368658865048,0.0,0.6817046254200361
0.6254135390349951,0.4359010129481875,0.48321576265147326,0.8650572212332976,1.005920271151883,1.0074902466261815,0.8682341507735998,0.6667659000899002,0.5101402310848189,0.718256826748322,0.5236738508027151,0.7218108405049815,1.0408782253053304,0.51522773286808,0.6660039040612447,0.7009658615952636,0.26195151177275305,0.6436012112092373,0.5029530594462803,0.7826206491926474,0.7914788736719992,0.7857318650364329,0.7396957572125482,0.6567939308094923,0.0,0.48703491606596727,0.9742862372005006,0.5404194947575442,0.8415222426464484,0.37194658319510976,0.5643208211719436,0.4839642856618494,0.5792180136137471,0.5364505859479393,0.6530508472847419,0.6673442064675517,0.5957733869980725,0.465167024157214,0.7917119119288871,0.8272340695483891,0.8283349259779467,0.8047447890645241,0.0959840566873563,0.0,0.5388895124271944,0.7948970560199615,0.745519331236921,0.0,0.0,0.0,0.5284097190684927,0.5175664442141344,0.6358875911251377,0.42748683614318883,0.86257273019401,0.44015798577908316,0.9020880395688669,1.1156146857170308,0.0,0.9520101205826701,0.7281898090674903,0.9221582396853999,0.8943713860127769,0.0,0.854973781695874,0.6994376441066439,0.873791805679996,0.4856733722017247,0.7251259396584637,0.8150581083116515,0.8445044500753082,0.4454249861166247,1.0576561823926316,0.5797082578336302,0.0,0.7729727291996731
0.6079654655101125,0.5130021862947087,0.40896357941462624,0.5776836014582907,0.34680830748548963,1.0021193343510604,1.1643993765545773,0.6607676137543771,0.5593264727883833,0.6975045486952464,0.5213703868177834,0.5886061167467623,0.9732592075322888,0.7014435044682328,0.5474445978574112,0.830887172662493,0.7136527158578272,0.676981707745147,0.48994399307058617,0.5680259775470116,0.6934457684900788,0.7657115883218575,0.5817613675186502,0.5660452214555906,0.48703491606596727,0.0,0.6529215322599815,0.6828864423396188,0.9344914650705957,0.3540544803118449,0.6248487277123604,0.7475705776269608,0.797634531098298,0.7433577350269902,0.7332495830386119,0.3917199404011693,0.42669581742831486,0.4615246232578733,0.7128744238597235,0.8923411788106153,0.9323454078137391,0.6426964520041367,0.18333846590421124,0.5283065313044326,0.6843139543736818,0.7529472719871444,0.8971955700043679,0.6450372828708374,0.0,-0.005278030812531822,0.5059809676347129,0.5723667929877095,0.5266832432149743,0.3856826604937318,0.8682513253566742,0.0,0.9594774962226353,0.9617093999726786,0.0,0.7252491322139206,0.8774039051609391,0.8853877425779821,0.9099525715587875,0.0,0.7549142787176366,0.7918449444960449,0.9037704614384634,0.6728795523728262,0.6697951131406563,0.8878502066068793,0.828447339342719,0.7859226543726048,0.9470383486491782,0.9199316804687971,1.5187064862411723,0.8081854430776176
0.4345393027079014,0.8360615068173765,0.5453829633472415,1.0219470481958115,0.477825488066007,0.6853839734676118,0.5236621530892145,0.5911894179402828,0.6150865285265853,0.6023336517884391,0.7158398528886581,0.48285692333879626,0.6408776026274481,0.5787809048074377,0.5133296573399182,0.9287148052620964,0.5318257421648057,0.912945088291131,0.5947738059672376,0.67586338139572,0.49731173654392885,0.604638796055575,0.474672713791766,0.49533950510267133,0.9742862372005006,0.6529215322599815,0.0,0.6596127458192658,0.7037643622515442,0.651434051087031,0.7024795141096274,0.6496630801452613,0.6643302464949656,0.6888789296283516,0.6793655613042549,0.6901148680771314,0.8256540449159288,0.35258552722200054,0.7703392584371954,0.7182577747912917,0.775062751633419,0.7837067993485167,0.7641957478173744,0.5179908390045929,0.41041802707339026,0.40094232001989927,0.4225514375155732,0.5662030810777507,0.4694978499446048,0.6944805599707237,0.6664764794316458,0.7152757061151569,0.5532280446559144,0.6746262927216813,0.6827716544993641,0.7285461036155083,0.3319614081334525,0.7746847504208159,0.8264334496475569,0.773827324598122,0.5422138740951499,0.0,0.42960221663407105,0.909488207472279,0.6797313788956787,0.6139751248716246,0.7326401776599218,0.6362013543303391,0.0,0.5387921221961331,0.6671226047593429,0.6598364618497421,0.7678046508841672,0.7650616158148893,0.7909871368627512,0.7609748140392728
0.385406183794199,0.8839012795953758,0.5465135311140741,0.48769781819139957,0.6170445078374333,0.8132885253406525,0.5914120562747285,0.7284266313740024,0.6197233497830705,0.6629550213005732,0.7361439593503203,0.7671723839610748,0.747778555665402,0.5393316791082,0.324486391556603,0.9119385358378855,0.7315499105435459,0.6705039232497585,0.7254071279831948,0.8956667490052965,0.6531136002411071,0.8584548912938359,0.6649705763583706,0.7405026507016461,0.5404194947575442,0.6828864423396188,0.6596127458192658,0.0,0.834752211735641,0.646987092622929,0.6817373184723315,0.8809325194784718,0.8545467791775982,0.6888953751018639,0.8231008980433114,0.73850899972629,0.684055806749484,0.800722214603216,0.9501156755200609,0.3814750149103996,0.6004515783104929,0.36098390325231433,0.4955335377766069,0.45053054348621085,0.5679146995470268,0.6137835976721118,0.5977034763821363,1.1071287616329628,0.0,0.6468875408803747,0.8579366797570265,0.5136581285090644,0.7015942332715237,0.4869534181026176,1.272955074231468,0.45851530845663774,0.4169752578122309,0.4951050139838492,0.3210701872636015,0.8323997522317614,0.46377885189881535,0.17298151209711093,0.564156383437397,0.6657225044117158,0.800657455681024,0.7842904814432886,0.9768140074874248,0.827955118681007,0.4903434956928707,0.5667257927795595,0.6888734135944931,0.807688305484539,0.9620399638805023,0.7909576871741606,0.4717786928386591,0.9053103195294574
0.8829622183023458,0.7858915878575067,0.7642264915989079,1.093343201661801,0.6867680013497517,0.517011675049983,0.7415243993658652,0.6783749087693027,0.4818581564970437,0.7894173142612011,0.382375471341881,0.6042721877353345,0.8785331281454634,0.3650208387404524,0.8355037912471888,0.8585925261070819,0.2893246183285747,0.7676308738446412,0.025520935556010982,0.7913249171377634,0.6400761521838365,0.6982129240188883,0.7197640714381939,0.553518503004798,0.8415222426464484,0.9344914650705957,0.7037643622515442,0.834752211735641,0.0,0.7914198086336682,0.8077001464584009,0.5611458993734524,0.5521247189594984,0.8466562779458922,0.6717150434524289,0.7003176008617136,0.7673213792377909,0.5062140757806587,0.8726244851265376,1.0698493304273011,0.8956903538314914,0.9375262612051745,0.9672408543541872,0.5156279100460286,0.6024431337099176,0.4071765248461615,1.074523487420869,0.48887691321247195,0.46635094411650846,0.4162187875126433,0.8824644466881599,0.5122971081209082,0.8094099142560236,0.4832457772737534,0.6011773232586732,0.4192260960610934,0.5424163062225809,0.8948222459114401,0.7736319505668054,0.8747676893083574,0.5285625615872028,0.4693473090889379,0.4916337694736044,0.484876019697584,0.8254747451768197,0.722550318761093,0.844918905079939,0.8160838651410831,0.4752542438354266,0.5472915211031042,1.033614526939932,0.8116478388836794,0.8688452355108308,0.8753391654982348,1.0184087845829488,0.8441706200196848
0.5814940920449119,0.4300258341246762,0.5557729652432668,0.4952234635532822,0.4337009572112477,0.8485957240619217,0.4213155735560514,0.7395521356363459,0.5309956677874679,0.46507431031003066,0.5006276656320869,0.8259959108993099,0.8405017110716135,0.770084160514318,0.3871819958565612,0.8173229306578449,0.4800228147036276,0.7040978817057378,0.577334906519555,0.9032761177709865,0.40117708022064524,0.8551689063501332,0.6588124960149525,0.85438687324166,0.37194658319510976,0.3540544803118449,0.651434051087031,0.646987092622929,0.7914198086336682,0.0,0.8333103443406209,0.5010207009825679,0.41394838390622046,0.8814982980767552,0.6536173693675423,0.7339546526416443,0.6746791588765355,1.0742336339418892,0.9295600440749248,0.4487846914822555,0.46054574471807647,0.683950866414201,0.6145258551393348,0.06831531910788693,0.0,0.0,0.0,0.200907367612164,0.0,0.0,0.4746755385119486,0.516606141667108,0.3962433513973205,0.64558904952312,0.5277118525463436,0.0,0.006766698228129201,0.389140417089622,0.0,0.3938349657153284,0.0,0.0,0.9418703688950398,0.9408700139784515,0.47411468124402756,0.48563515714920946,0.5457745267098744,0.8178271691802784,0.0,0.3676187575076405,0.47627220344501275,0.80974273549801,1.0031511873126209,0.46732491922079683,0.407005770980279,1.0419490925233033
