0.0,0.055935708331242284,-0.0016048044877707834,0.0,0.0005108696915032129,0.03238465796962542,-0.001953649977434746,0.030368033021686558,0.0003163124495216274,-0.0017817585748183817,0.0007437224301711232,0.08423618974683433,0.00025221334633546144,-0.0019104301870436213,0.0888508868213162,0.05846403726986982,0.028646781834586188,0.05756562671075954,0.0,0.07667748862597923,0.06564704278708211,0.03954726951294296,0.044232006178568206,0.10153984248156667,0.04743524688021944,0.057171122659507356,0.07548823464598048,0.0502409496997403,0.03816272560326017,0.0023170024749418205,0.039761791351454356,0.044158417263816585,0.05181831498803707,0.03154033297359404,0.03633802324611313,0.00022201888402650916,0.00032038845070514466,-0.0052918489581040284,0.03620691254230096,0.04333370761275529,0.019133380897119523,0.07215010031171298,-1.525967369681025e-05,0.0,-0.0011928970997306387,0.13954820250968408,0.03972515541243882,0.0,0.0,0.0,0.026775904005496287,1.1102230246251565e-16,-0.0023109048246936492,0.0,-0.004645276255924868,0.0,0.055670238389570526,-0.00031155659743475894,0.0,0.0004191705232831078,0.03669772058459492,-0.0023185130074183657,0.03903752971160268,0.0,-0.002828370707013639,0.007906995224466418,0.03009653914343796,0.04272619197607985,0.06804556793654687,0.04281103146662085,0.056784919864266314,0.015087773702548934,-0.00021020735280546932,0.048267437520151446,0.0,0.028068663254679216
0.055935708331242284,0.0,0.07891837782573613,-0.00013246649597309368,0.05893160894140409,0.06640781222851344,0.058427566439160195,0.010923435804210624,0.06592598935272709,-0.0023991205148695682,-0.00034548013884383444,-0.0019945373681409806,0.05728130416212984,-0.0001036911343308966,0.0671753601228442,0.0476266292364837,0.06839427600604242,0.06598519936506897,0.0012395723563855543,0.04968185392284691,0.026758123927348276,0.01224608221361323,0.06883708375601055,-0.0030790812604820084,0.02947945202235741,0.02348701692495231,0.06378418708169165,0.057350783824118845,0.058870023869342814,-0.00291158424382687,0.040389541704714205,0.030836971477337605,0.032200049053743685,0.04708364324230507,0.049691736424752775,-0.003488675304259947,-0.00024120236902575032,0.0,0.023206585093894616,0.037231064740855024,0.014124454892678051,0.02655567244105106,0.0009851146041737757,0.0,2.220446049250313e-16,0.06113691938625604,0.023847386472536147,-2.726342986780761e-05,0.0,0.0,0.02322014082682272,0.0016873147868718963,0.0009115937954181641,6.714049570721858e-05,0.00028489773406792374,0.0,-0.0007468511578440085,0.0035048236575925817,0.0,0.02546933111524924,0.027838542206177652,0.0017095126534996674,0.04528552372184608,0.0,0.03217856300116673,0.03366764418960161,0.02152417036411175,-0.0030940116368698423,-0.001387013615814947,0.034686475942900696,0.035079235106545203,0.03664318766194036,0.0001987954174686446,0.03204513559059885,-1.1102230246251565e-16,0.020227123824780424
-0.0016048044877707834,0.07891837782573613,0.0,-0.0037496162445085357,0.0499818332142003,0.07449795332200615,0.0418038648681644,0.05817912215955595,0.015568935467248524,0.04295530489085286,0.06289702547976889,-0.00219803578165062,0.04624617133041081,0.029956285012116668,-0.0013085672477167187,-7.552756309781028e-05,0.0001521839171185757,-0.002171826090916429,0.05258430203159575,-0.0010543696964195881,0.08954448074244614,0.0007088491042632761,0.06799530623820033,-0.0017082688206451757,-0.004266448528536082,-0.004592433604274249,0.026491601075620153,0.06235825848792503,0.07061570031054143,0.07423049975220103,0.04620549139618063,0.04425817686921313,-0.0009736914825099197,0.03652124031160742,0.0448018823250092,0.02195266428363668,-0.004058345748170711,-0.0019610341263812114,0.017610388117858422,3.1252477133980605e-07,0.05623736739701479,0.0017267984956341742,0.020576250261044593,0.0020758098103732525,0.0,0.0,-0.0003518333872937762,0.20793351500357055,-3.4273635007853187e-06,0.04172800742197735,0.031474058616385414,0.06166489621037319,0.05910372581650725,0.0821890809573399,0.0006519843452687524,0.13857846317736477,-0.0012699648490350768,0.06806934643184903,0.01896025117411826,-0.00028381478568273444,0.0,0.0,0.0,0.19119745401540122,-9.65686426800394e-05,-0.00020450219590423258,-0.0005015415636121512,0.052362901057161904,0.0,0.00015564436262460735,-0.0012996545284068017,0.056689148550460366,0.0748346273443764,0.00029741795626303524,0.0010773523034778298,0.050167678752969125
0.0,-0.00013246649597309368,-0.0037496162445085357,0.0,0.02977179932905666,0.03627167876473675,0.04905920985982731,-0.09365761425641134,0.012385272261102531,-0.03362437383598002,-0.006792929115859769,-0.015326566335325476,0.030381517047410378,-0.020171978282819747,-0.0009132060540667508,-0.00025169815585529554,0.0004154959929003055,-1.5607147542617827e-05,0.018384837824509892,0.0006610301271381402,3.573973333081959e-05,-0.00234786178162788,0.05362271778386313,-0.028515695591353474,0.0006242471281122652,0.0014911393796077643,0.041149850252647946,0.06123325829316684,-0.00224958837315703,0.0005455783811755266,0.0010455154073049644,0.004535508321563686,-0.04866678476041386,-0.004359921603525885,0.02714229032972476,-0.009386882706425265,0.019335714599390152,-0.002688782212027674,-0.005894833690593071,3.314213051530679e-05,-0.00012615137439042634,-0.0016341401070485984,-0.0013428384227464063,-0.0012416345597627276,0.0,0.0,0.0,-0.000505429939311075,0.0,0.0,0.00021919654171353997,2.220446049250313e-16,3.571903539428822e-05,-0.0005451506713692877,5.551115123125783e-17,-0.0009335109671048669,-0.0005793844267082404,-0.00026192905927813204,0.0,0.0,0.0,0.0,0.0,0.0,0.0,0.0,3.149344612107807e-05,0.0002503424232132567,0.0,0.0,0.0,0.0011593687478215764,0.0014703997517630518,-0.0001313934161344399,0.0,0.0
0.0005108696915032129,0.05893160894140409,0.0499818332142003,0.02977179932905666,0.0,0.0482692999377613,0.048870477436464665,0.06036101636669039,0.0380541640522738,0.005179040052425532,0.019102632905013794,-0.023157866553168094,0.04291125529945827,-0.02759031662804151,-0.0004337032376520722,0.03464518789527937,-0.0010991026031910711,0.04865945422338719,0.042853099797874994,0.06802407175842379,-0.0014686139043331714,0.05460106356778277,0.06354309758781723,-0.0020345994426217984,0.0425387753952452,-0.006381007228790592,0.050117893915350764,0.03843101831151463,0.045290062588154545,0.07507884693296701,0.03543728571096322,0.042862344469081604,0.022134866948049836,0.027174005441401305,0.04389612448417751,-0.025549254260169435,0.026871387776747246,0.01838703408861847,0.044542678924784695,0.0008082626813331051,0.09244484565129435,0.0008342448177476869,-0.03064640492743792,0.0016737597228719814,-0.00024999215458915147,1.1102230246251565e-16,-0.00012321304744050687,0.04390400813572737,0.0,0.01384427984099007,0.013638935447098155,0.041531307873064804,0.05060529656779161,0.024782439754038488,5.551115123125783e-17,0.02253143185150175,0.00029198439553301814,0.0030871616465599216,0.049279899581493425,-0.0003230282303350873,-2.3800133869988915e-05,0.0,-5.551115123125783e-17,0.008533097625790742,0.00012267551751338202,0.0001487031524821103,-0.0006157740823948266,0.03979799556940333,0.0,1.0019921505122209e-05,0.0007193457746481613,0.04465464771732586,0.05672598504661436,-0.002812230873235233,1.1102230246251565e-16,-0.00012930925024323692
0.03238465796962542,0.06640781222851344,0.07449795332200615,0.03627167876473675,0.0482692999377613,0.0,0.045402375084760194,0.041845343356110065,0.022712181776070928,0.03167958011840344,0.04417579021207396,-0.00016114705465258838,0.04210586257117699,0.00914068191912526,0.0724263144588333,0.05001180433179059,-0.0008237745335391566,0.04732358541665549,0.06385835976031856,0.07915884149368163,0.053435795207377956,0.06452925586038899,0.06671675426094709,-0.001081938809952554,0.051892252676555894,0.07175354673897688,0.06457435889039542,0.039062518313051464,0.02642891930377045,0.05917694583175509,0.04416702920244453,0.041226271661632286,0.03860616219185231,0.03983247888729119,0.043621241598800764,0.011361629969259768,0.015668775021337233,0.021522675353186804,0.03622442954098032,0.11824369962036613,0.045589596709883495,0.07497900804076041,0.02608683176081028,0.0005192193439323423,-0.001895201646439415,0.0014078108108482312,-0.0005001424203286975,0.035558930141702416,-0.0004948572100291759,-0.004643960335331987,0.026220357666580818,0.042534900432004696,0.03493920202736761,0.027329673779365793,0.0034328105869282366,0.008857887203477466,-0.0019149811245846582,0.04346003519158037,0.016509613031644,0.05117945361741505,0.0012252559258650875,0.0,-0.000558616906955467,0.018268307822731256,0.045892729511845365,0.05333887610975724,0.060854559556418386,0.03618784418214582,8.193173737619519e-05,-0.001987789929994932,0.0694036458539008,0.03529258899000909,0.048425063969554705,0.0347650785372684,0.07405476467525862,0.03796492166847443
-0.001953649977434746,0.058427566439160195,0.0418038648681644,0.04905920985982731,0.048870477436464665,0.045402375084760194,0.0,0.026181405248713763,0.04099238138068706,0.05537919367228106,0.03993414988694094,0.021113479996609452,0.02272174390322279,0.042532390984315716,-0.0010237827296776247,0.05905513290358433,0.05320204120194999,0.0647381154362448,0.045396074764763095,0.05640872463209762,0.08698846901748702,0.046105469566566304,0.038227607923882634,0.04953500407136274,0.0508879574001066,0.05530304038087147,0.057652888078029985,0.05888420589936749,0.04720188041582585,0.05437999681105071,0.057742895237790914,0.044250500239956136,0.029466048983668502,0.0410643425421664,0.051210364486723114,0.050589009092508075,0.04442573888598067,0.021927700090887847,0.0442200705977247,-0.0009189370142673736,0.013743788122878464,0.002465993989903048,0.0028662759030269602,0.004770312338162386,-0.001155190638087944,0.0,0.002218437720743538,0.02027586037836382,0.0,0.001400576185881297,0.0011841867578670229,0.02362215196374673,0.016379446154518085,0.03547813650867826,0.06708615181711203,0.003417011858108221,0.0005617175230748228,-0.0006489368923227046,-0.0005794770402313132,-0.0007546563116271332,0.0008708397872907447,0.0,4.080518610732886e-05,-0.0019312117361016679,0.001036930941268388,0.0008957805778817551,0.0011154569563050498,0.017468587911830036,4.814768715527551e-05,0.0008167792159876619,7.542633812646082e-05,0.014862178470853915,0.0009286856875824756,0.018519354139893918,0.0007352238654740884,-0.00013990554267195865
0.030368033021686558,0.010923435804210624,0.05817912215955595,-0.09365761425641134,0.06036101636669039,0.041845343356110065,0.026181405248713763,0.0,0.04072304485318312,0.033967161204229324,0.07496174301589748,0.010161542850706473,0.02152186997822325,0.0018152953263227967,0.10281088163638791,0.027958213363872164,-0.0004485520573820345,0.014242437083928305,0.06726463003778921,0.013099449644045857,0.04076281825122807,0.06497023769014199,0.04453767946081599,0.04556282507627474,0.015265740916305948,0.025338264171644587,0.0755430714429054,0.04411169507652146,0.047890922547454584,0.06956983164828479,0.03840935469399054,0.006545053914786769,0.041553696959989395,0.026383364756711658,0.006025389217613086,-0.02881983020875134,-0.10917018677492585,-0.0006768942169855796,0.008756954308568654,-0.0015406822095463957,0.020798479807776604,-0.004801401781487247,-0.004601087410734783,-0.0014680543222893583,0.0,0.0787823821963412,0.029703211082613312,0.08368605536747753,0.0,0.034277430878078774,0.027829069309371457,0.06427129047615399,0.07372475132217637,0.07274389823389504,0.0005845688508089864,0.06510613757370382,9.471516718706496e-05,0.02217322131405075,0.03932009378790047,-0.008536148136435828,-0.00035515631982763196,0.0,-0.0001851409796379544,0.048117512770102455,-0.006368850289267036,0.0026365409305512677,-0.003976820315943486,0.013813274834148515,-5.551115123125783e-17,-6.934494140875547e-05,0.05544851973513859,0.03648731162943353,0.04286567549339759,0.035130785041716406,0.001321730562166834,0.0184351479439524
0.0003163124495216274,0.06592598935272709,0.015568935467248524,0.012385272261102531,0.0380541640522738,0.022712181776070928,0.04099238138068706,0.04072304485318312,0.0,0.01276481922355932,-0.0030083256516724166,0.007607682739280308,0.028188628027945417,0.03286166756107989,0.0009220938242650578,0.04831918337176516,-0.002370899792616732,-0.0004867317472378452,0.04147526359453918,0.07566482089060655,-0.0013742132813707175,0.0649116437279279,0.07048049802212242,-0.004377068687892283,0.05028697224166312,0.05451770470384021,0.01004740076119065,0.03765058032299773,0.04266038813143985,0.059288039761155376,0.011120300283329387,0.021225086465969878,0.02091322841083354,0.0075324891830317875,0.017697019390998825,0.0072694452215149585,0.010826350351040681,0.005959282390771148,0.0704997570372537,0.0007031004249751227,0.06411477244811531,-0.002075361883991933,0.007749545133615643,-0.0033535527049677882,-0.001956731994649019,-5.551115123125783e-17,0.001148860954286346,0.062126014012958586,1.6465214963679031e-06,0.02928387318269321,0.02452052130896276,0.05363366616668286,0.04250489396552026,0.0567173819668958,-0.0011474342824362993,0.05449807361774328,-0.0011256032711747799,0.05502735281027893,-0.006441732849506776,-0.000374523916721603,0.0002573841373038066,0.0,0.0,0.03574506769649999,0.0003666291894712237,0.001464814949248272,0.0006045358323253924,0.03796001328513532,-8.661825362715758e-05,1.804465501414887e-05,-0.0019814238952715058,0.04498722953973655,0.05451590226047909,0.04265916258928565,0.00014569524297580738,0.05616026714335287
-0.0017817585748183817,-0.0023991205148695682,0.04295530489085286,-0.03362437383598002,0.005179040052425532,0.03167958011840344,0.05537919367228106,0.033967161204229324,0.01276481922355932,0.0,0.02447261244953952,0.012025352600113504,0.05599372327473762,0.02677698577550941,-0.00187479681315883,0.04700834885883004,0.038892968418196616,0.04193363740728279,0.03545312683433133,-0.004687252284109544,0.023146749089160035,0.0688095573894506,0.03436875250648869,0.041171029954978455,0.06709798821701363,0.06321162040174849,0.05529713973337941,0.04412237371661554,0.062496036848551095,-0.00022359155435708322,0.0308299567752246,-0.012918949130766688,0.0396195438568725,-0.033999601925613354,-0.030873855629109936,-0.06637130281126064,-0.04346167885484531,-0.004128303032860048,0.0743942979331072,0.021847566128823492,0.022775396690123573,0.021511543109035747,0.14719301435372817,-0.0004982703629166085,0.005217192079031874,0.04634997119048795,-0.01996469998450967,-0.00043828796405653847,9.349177150508314e-06,0.0003326754586637226,0.001500738619187647,0.019005869000776388,2.780919584699504e-05,-0.002024012142320286,0.021582179228928966,0.0006945785651178427,0.01500285062810558,0.03629290238751415,0.0,0.0009161645897479143,-0.01232025423044647,0.02869533016331438,-0.0024563162698204577,-3.0731235217684727e-06,4.993049165968877e-05,0.0004517246303659683,-0.041996211165848896,-0.0011227625826216725,0.06048431691923123,0.0010230219656847672,0.01806490180197512,0.0009782330886028978,0.05591062110976208,-0.001193253329621946,-5.551115123125783e-17,0.022335147503922792
0.0007437224301711232,-0.00034548013884383444,0.06289702547976889,-0.006792929115859769,0.019102632905013794,0.04417579021207396,0.03993414988694094,0.07496174301589748,-0.0030083256516724166,0.02447261244953952,0.0,0.0031564883006851563,0.02354952854754999,0.006925036115697447,0.0,0.00012551523709264378,-0.0016818559248867881,-3.968783405011722e-05,0.025891260671548955,-5.208275602108792e-05,-0.00012951803132249529,0.000278487662829896,0.06465697705549223,-0.0042566116369051055,-0.0017283720513401324,-0.0013899789268819185,0.054067673771446334,0.029072300683015417,-0.002676176173899425,0.0003964172103282926,0.01864278126366853,-0.06210838365531607,0.02468341165976723,0.0032151035158512475,0.009294953542906548,-0.04227252296208789,0.022006801556988254,0.01128254099681375,0.0005333765973539739,0.00038104270678168684,-0.0009168500798714674,-0.00035523154511785116,0.03962542853816303,-0.00037716022479744593,-0.0005828467316743025,0.0,1.1102230246251565e-16,0.03849731537765905,3.1882880163758287e-07,0.050962742320293464,0.02183809412634008,0.0650239067253282,0.05926833376073731,0.06352773476376317,-0.00014294668668812793,-0.010893728264168012,-0.0003352380536921773,0.01617792828361031,0.06951348849860994,5.551115123125783e-17,0.0,0.0,0.0,0.03261543138674944,-0.0005652402668893108,0.0,-5.950478102806356e-05,0.05874576290349676,5.551115123125783e-17,0.0,4.656591997198589e-05,0.04736262753230014,-0.004330872337851455,-0.0013773908803305646,0.0,-0.0005634556728629225
0.08423618974683433,-0.0019945373681409806,-0.00219803578165062,-0.015326566335325476,-0.023157866553168094,-0.00016114705465258838,0.021113479996609452,0.010161542850706473,0.007607682739280308,0.012025352600113504,0.0031564883006851563,0.0,0.026278840408908433,0.003484632796418974,-0.0003539773667924351,0.00029978031782318393,0.049208995334333594,0.03213119200948483,-0.003108915059119033,0.0028416152894533697,-0.0006209890253497941,0.000768855596879392,-0.0019268873355834937,0.0426176092691814,0.0377259301573491,0.025554001396036086,-0.001740976914184067,0.0041177108768615245,0.003474511504974631,-0.0011554060561040358,-0.006745567142450004,0.004031236117013504,-0.05607721576033822,-0.062336244087675186,-0.01146223107320804,-0.03470330303670688,-0.03173954362539677,-0.035569946254611434,0.016507499090275712,-0.003085883472802531,0.013449551119215142,0.0803041440481218,-0.0015329166252607274,0.001305933208365584,-0.0523267409383778,0.07966454761748998,-0.028909770052916894,-0.0004071237575862807,-0.0007095675215151864,0.00014834936603574933,-0.0007910347380010729,0.020698972278615002,-0.0004963022421666241,-4.461285948048621e-05,0.02593141175275787,-0.0008645201035744621,0.02367324905216206,0.03382864435201993,0.0002384198821693273,0.00010207075252915976,0.0014992443066083605,0.05347941200098816,0.017490185958406013,-0.0005353928280819598,0.0003658390063856487,0.0015531899500096369,-0.000457453607630387,0.0025738481694205784,0.06637775711902139,0.025701090756879486,0.04376335410273502,-9.257942654339324e-05,0.03213197195555517,0.000496017714124608,0.0,0.010173306051601327
0.00025221334633546144,0.05728130416212984,0.04624617133041081,0.030381517047410378,0.04291125529945827,0.04210586257117699,0.02272174390322279,0.02152186997822325,0.028188628027945417,0.05599372327473762,0.02354952854754999,0.026278840408908433,0.0,0.018701357171729327,0.0692363719596828,0.061744111195410956,0.047914082619025744,0.06669453799148967,0.026922970975027605,0.05568364984647145,0.04295463777126979,0.04934891005387637,0.056064591096072314,0.07111743126763731,0.04702412508136883,0.03185190920824238,0.0668734017773856,0.03713735320664813,0.052449427723439634,0.05695829543042469,0.061765676918300594,0.046282414840523256,0.02847242078842549,0.036215072031828,0.041045319063558905,0.025653447981255906,0.027940414953952164,0.02884915082251721,0.06458325921043567,0.04044005666363115,0.0968997043695975,-0.003928720443092892,0.0020025927777355124,-0.004120283772202971,0.07934792592675854,0.0006764156201025662,0.0028499359014458325,-0.004746593425208334,0.0,0.0006344483491629305,0.024383498838151607,0.03600439856760784,0.02779197511465098,-0.0019800549275482693,0.05451452802382012,-0.005807655230611719,0.08186133007157048,0.002593609314498979,0.00036004584259674566,-0.003001653388163106,0.001203038929561473,0.06832497963971212,0.0016943101681238804,-0.0027738114163021743,0.05606946277930441,0.0006331400232300055,0.0009147739693234902,0.028733945057304866,0.07648962697601447,0.058930248217881454,0.045868107695874294,0.026792474634124375,0.05706254344269751,0.03162006750647356,0.00038143202925722264,0.0022819320300105916
-0.0019104301870436213,-0.0001036911343308966,0.029956285012116668,-0.020171978282819747,-0.02759031662804151,0.00914068191912526,0.042532390984315716,0.0018152953263227967,0.03286166756107989,0.02677698577550941,0.006925036115697447,0.003484632796418974,0.018701357171729327,0.0,-0.00044555573862237186,-0.0003658214752523259,-4.284133413318125e-05,0.00010394586616641055,0.04638564985509325,-0.000569814826791526,0.02356328365569893,-0.0005729275479409712,0.02056329283036923,0.002896994814417797,-0.0003200413292500648,0.013761581467055917,0.033803105988519544,-0.0008939918190168927,-0.00032841109478320973,-1.0642403013016999e-05,0.07157553578631998,-0.06467399913228222,-0.004107608957133968,0.0305640961608325,0.05712063021367292,-0.028836334083944676,0.005124537888784864,0.00020964901620917908,0.00571230651933835,0.0,0.0005723782087413976,0.0009314504956972613,-0.04224031549803792,-9.177483093480987e-07,0.0,0.0,0.0,0.016025343157693883,0.0,-0.004422027440160958,-0.03405209980087759,-0.0023004980167379285,0.0005507934419936578,0.03672777975110442,0.0,0.005817091320934109,-0.00018223317536164574,0.00157797176887986,-0.0033789406319650883,1.1102230246251565e-16,0.0,0.0,0.0,-0.03769661953330561,0.0,-1.1102230246251565e-16,0.0,-0.07991693971583957,0.0,0.0,5.551115123125783e-17,-0.002924635390470276,0.0004333608496914776,1.1102230246251565e-16,0.0,5.551115123125783e-17
0.0888508868213162,0.0671753601228442,-0.0013085672477167187,-0.0009132060540667508,-0.0004337032376520722,0.0724263144588333,-0.0010237827296776247,0.10281088163638791,0.0009220938242650578,-0.00187479681315883,0.0,-0.0003539773667924351,0.0692363719596828,-0.00044555573862237186,0.0,0.07576513227129156,-0.0024871370196443143,0.08573810460535775,-1.1102230246251565e-16,0.0739017327469646,0.07471263386369881,0.0803794631890572,0.07049225559901545,0.1204056198719457,0.09368761458266628,0.05580804469722633,0.08118274764167366,0.07603399099152663,0.048084482847628285,-0.003032957205588549,0.06020147106142848,0.05865909445442191,0.06259331100599619,0.05989387907536581,0.05386627761148621,0.039947403644434276,-0.0022944875227176587,7.88762527166309e-05,0.04626104831981648,0.052267549391678936,0.04014316763085107,0.043826225669243435,0.004873117862950749,0.000226543983588956,0.0,0.053488064166049565,0.04226044220016845,0.00022042751012424366,0.0,0.0,0.05108575928328901,0.0022068791071538363,0.002026708798510801,0.0005473835013781736,-5.551115123125783e-17,0.0,0.0008341896991535536,0.0009191205939532154,-5.22641946421043e-06,0.061929464172836846,0.04630183707597374,0.00040736214706854623,0.0017763300063494691,0.0,0.06619518026901228,0.0652569917036589,0.04217497674598203,0.06963377697225209,0.10629966542747354,0.0012808485364896316,0.04827074137879117,0.06809919165908784,0.051331710596255076,0.0419156397083193,-0.0012893397330910328,0.03063284907464986
0.05846403726986982,0.0476266292364837,-7.552756309781028e-05,-0.00025169815585529554,0.03464518789527937,0.05001180433179059,0.05905513290358433,0.027958213363872164,0.04831918337176516,0.04700834885883004,0.00012551523709264378,0.00029978031782318393,0.061744111195410956,-0.0003658214752523259,0.07576513227129156,0.0,0.056636521602091816,0.07089216974776874,-0.00014584896730812646,0.06441915431115414,0.05198994442622523,0.05450277773881934,0.06790114682092024,-0.0022518266478952498,0.06050039076047342,0.058586815596300634,0.06077801885841472,0.06234244287114782,0.05507496105607351,0.05977486898476475,0.054286415738264315,0.059420927480673125,0.09160643310909589,0.06847361390601903,0.07972252438452276,-0.09460886351673342,-0.00017220015589219928,0.00186053316892687,0.03379693368464437,0.03950166263189592,0.02384036827435687,0.03754280546207628,6.8148522138766765e-06,0.0,0.0,0.07068933423555457,0.03131349683039958,0.0,0.0,0.0,0.0040662004916511285,0.0005671980277965893,0.00017901549343307677,0.0,-0.0015189928954502663,0.0,-0.001383337793786854,0.0009223595870153645,0.0,0.048334054078546795,0.035782922936700656,0.0006889727651862021,0.03794289910920251,0.0,0.04931546839927442,0.05787790784928537,0.038607373197496964,-0.0023129696034085434,-0.0021533433566293114,0.025522355108255235,0.05413934534653975,0.06682944776178051,0.0024326765871580114,0.021259190454823496,-1.1102230246251565e-16,0.026743387429062293
0.028646781834586188,0.06839427600604242,0.0001521839171185757,0.0004154959929003055,-0.0010991026031910711,-0.0008237745335391566,0.05320204120194999,-0.0004485520573820345,-0.002370899792616732,0.038892968418196616,-0.0016818559248867881,0.049208995334333594,0.047914082619025744,-4.284133413318125e-05,-0.0024871370196443143,0.056636521602091816,0.0,0.0110101209008302,0.0007488388094358256,-0.0030049910631402277,0.00019124704490769417,0.051342110085112136,-8.14610136717353e-05,0.06551848367189289,0.05716979231301894,0.03616445643683258,-0.0006800124028542576,0.06454869398820318,-0.0033894236552053925,-0.0019878352370123475,0.06282872052534183,0.04845341284130522,0.053798292820682825,0.035210351434541265,0.02303487653675368,-0.0019918564134578376,-0.0003580426911597434,0.01961121778916236,0.0024554960113500335,-0.025371765049333694,-0.054169244531202254,0.00039045377729396424,-5.551115123125783e-17,0.0,0.0006232918522434683,-0.0013737739329463539,-0.0671153290662912,0.0,0.0,0.0,0.0,0.0,0.0,0.0,-0.0012104953139849828,0.0,0.005651849847335577,-0.0011581800447323931,0.0,9.930187435774895e-05,-0.06016617985061545,0.02586428087338022,0.01957592032490535,0.0,1.1102230246251565e-16,0.0,0.00041387914139140447,0.0,0.04752272715907985,-0.005033338572480839,0.016751469478820225,0.0,-0.001182311340664599,4.107017312449113e-05,0.0,-0.043409940725481155
0.05756562671075954,0.06598519936506897,-0.002171826090916429,-1.5607147542617827e-05,0.04865945422338719,0.04732358541665549,0.0647381154362448,0.014242437083928305,-0.0004867317472378452,0.04193363740728279,-3.968783405011722e-05,0.03213119200948483,0.06669453799148967,0.00010394586616641055,0.08573810460535775,0.07089216974776874,0.0110101209008302,0.0,-0.0017146368210848029,0.0771791666313083,0.050829386489090966,0.06622697810292899,0.06194948325675409,0.06547851358738915,0.07211735530932067,0.07073852029993655,0.062070621985732655,0.07700258286222345,0.0595901748536698,0.08951358768339224,0.055120661828112205,0.05907306546901603,0.0820665729597777,0.043462779530021145,0.04331934707021684,-0.039624881910787335,-0.00028388792172523436,-0.009949414238554777,0.017487966285770762,-0.0016677369773513417,-0.017764637165528896,0.013937986379459477,0.0,0.0,0.001135377676504179,0.07918384929341049,0.016083584435746756,0.0,0.0,0.0,-0.0009997935844071604,0.00021860156403408215,7.333049250574097e-05,0.0,0.03496817724292356,0.0,0.04496123141042119,7.050828401133913e-06,0.0,0.0006518635180156052,0.019959709924035896,0.059438435069082085,0.038308101591102706,0.0,0.03716083506078549,0.000673064759806663,0.03649690793364002,0.0012228951868064053,0.06449543287162485,0.012042798023321366,0.03370974632979479,-0.0005732998868433481,0.0009339572965557652,-0.003027868414949675,0.0,0.008687252030355808
0.0,0.0012395723563855543,0.05258430203159575,0.018384837824509892,0.042853099797874994,0.06385835976031856,0.045396074764763095,0.06726463003778921,0.04147526359453918,0.03545312683433133,0.025891260671548955,-0.003108915059119033,0.026922970975027605,0.04638564985509325,-1.1102230246251565e-16,-0.00014584896730812646,0.0007488388094358256,-0.0017146368210848029,0.0,0.00037409126890591837,-0.0003533330940925228,0.001337470798491447,0.05488685058743731,-0.0002639078882967216,-0.001448982377846686,-0.0007323163001650146,0.05446725855366186,0.031626499627193105,-0.0007623195403880789,0.00039995427991890153,-0.0002616171211040075,0.014339147372590455,0.0024429033948472623,0.006925443605465098,0.0250805809856387,0.020617739315201833,0.02730385775282901,-0.006398465318008417,-0.012481439934810934,-6.814463490328881e-05,0.0032889499627315466,-0.002045224803378154,0.011944684019226881,-0.0015999554423455353,-0.0001625305288948664,0.0,0.0,0.11408997012917577,-5.551115123125783e-17,0.02997630347633584,0.016030455102874375,0.042835379002352236,0.031771883151537894,0.04677214004133645,2.1764244170552338e-05,0.10028579099546048,0.0006374717632720572,-0.004234781041178692,0.015687375412499094,2.220446049250313e-16,0.0,0.0,0.0,0.060434275354374956,3.535346145255858e-05,0.0,0.00010953631187743396,0.03692548998134948,0.0,0.0,-5.551115123125783e-17,0.03878098768089433,-0.0008337545011675163,-0.0019986299972890587,0.00012188311788696726,0.0005325576401166154
0.07667748862597923,0.04968185392284691,-0.0010543696964195881,0.0006610301271381402,0.06802407175842379,0.07915884149368163,0.05640872463209762,0.013099449644045857,0.07566482089060655,-0.004687252284109544,-5.208275602108792e-05,0.0028416152894533697,0.05568364984647145,-0.000569814826791526,0.0739017327469646,0.06441915431115414,-0.0030049910631402277,0.0771791666313083,0.00037409126890591837,0.0,0.031218575175021968,0.07108391972023159,0.11475488810072398,0.0027589840211139083,0.03687269954781386,0.06542723064537981,0.04268516785639892,0.04827750373287487,0.05388140018985654,0.05530867965437175,0.04018646521821756,0.05166830359075175,0.042695758259748584,0.056714750747654474,0.045558289290002996,0.03334763191109369,2.0797907638869795e-06,0.005425022189918249,0.04468963822798194,0.040726654976555976,0.024335142980523805,0.0331968029079876,0.0031519536278215576,-0.000980506284603111,-0.00046939585570321407,-0.00046206224297734577,0.02379605308637278,-0.00024937505174277286,0.0,0.0,0.030166805376143524,0.00164898802304847,-0.002259126100482012,-0.0012227885176711584,0.0007624814176133698,1.1102230246251565e-16,0.0009090960836691253,-0.0014993936890453363,-1.1102230246251565e-16,0.040363526612437195,0.004827718404735282,-1.0840959103530778e-05,0.002184645492539161,0.0,0.04102395700985706,0.051661115886385334,0.035782605168586556,0.05247316392955981,0.0,0.0005072209093702207,0.03862214497992161,0.04775766402926157,0.04006614906410022,0.017009090922260495,-0.000800631599309265,0.021295245340628544
0.06564704278708211,0.026758123927348276,0.08954448074244614,3.573973333081959e-05,-0.0014686139043331714,0.053435795207377956,0.08698846901748702,0.04076281825122807,-0.0013742132813707175,0.023146749089160035,-0.00012951803132249529,-0.0006209890253497941,0.04295463777126979,0.02356328365569893,0.07471263386369881,0.05198994442622523,0.00019124704490769417,0.050829386489090966,-0.0003533330940925228,0.031218575175021968,0.0,0.03313482874783702,0.06843280424626141,0.06828492992369656,0.033091163300827287,0.05478480428047772,0.07966067909343322,0.06137545941040601,0.027594674485409754,0.09502924643742083,0.038162378233822514,0.034377654558345905,0.03793693984615737,0.042147050605039815,0.030407633785871857,-0.0036821923598701067,-0.0005730905977912593,-0.002480218577164184,0.0394168785766309,0.04618842434550824,0.037877394207191606,0.05991119675362999,0.0026188640677863306,0.0,0.0,0.11079066661033782,0.04028419851688064,0.0018503537086668187,0.0,0.0,0.03540576681446794,0.00011315460354810458,-0.020856776567394597,0.000600256362170537,-0.0005809091054796989,0.0,0.0006702337585448026,-0.004087462461790037,5.551115123125783e-17,0.04182043105544686,0.044399911254133895,0.0,-0.00023433392747240767,0.0,0.06444241130909101,0.04422537675284566,0.0397888795544295,0.03888152497208064,0.03464680067970988,0.061982633551354305,0.045232307382682246,0.05505887160667494,0.03605824564134197,0.028846429175552912,0.03689924703355946,-0.0040153607539130665
0.03954726951294296,0.01224608221361323,0.0007088491042632761,-0.00234786178162788,0.05460106356778277,0.06452925586038899,0.046105469566566304,0.06497023769014199,0.0649116437279279,0.0688095573894506,0.000278487662829896,0.000768855596879392,0.04934891005387637,-0.0005729275479409712,0.0803794631890572,0.05450277773881934,0.051342110085112136,0.06622697810292899,0.001337470798491447,0.07108391972023159,0.03313482874783702,0.0,0.0877085528922929,0.0007260300323701507,0.03471795636562319,0.03383631343609933,0.06811982576147363,0.062381801925865954,0.0663587915826887,0.04744177464356525,0.05728586383984424,0.060186538097759035,0.041623272383147614,0.06354076365453509,0.05922406564839694,0.043588007811838914,-0.0028977732095405995,0.004650153201932683,0.02677759920148176,0.03594282768541618,0.018959022392171287,0.036239263417011,0.0066758184689846845,7.837990234271786e-05,-0.00037621450771957443,0.04946943511881924,0.03159893749651188,0.000391592381649597,2.873943987014016e-06,-0.00013637863953291918,0.027764880117332025,0.00301176956277599,0.02707618105719356,0.0008421237259442216,0.00025666719321498777,0.0,0.0008925339677943733,0.0017106238361881965,0.0,0.031321817594654466,0.03501866933499076,-0.0008092349885903127,0.0009537598659950519,0.0,0.04067300014231784,0.03233275210261888,0.023733856833831113,0.04457705579173116,0.014285561262687207,0.012494419577544158,0.04065277033045106,0.04926764833607783,0.0022835808870879104,0.02113041202730148,0.0005752839280132593,0.009334073054669989
0.044232006178568206,0.06883708375601055,0.06799530623820033,0.05362271778386313,0.06354309758781723,0.06671675426094709,0.038227607923882634,0.04453767946081599,0.07048049802212242,0.03436875250648869,0.06465697705549223,-0.0019268873355834937,0.056064591096072314,0.02056329283036923,0.07049225559901545,0.06790114682092024,-8.14610136717353e-05,0.06194948325675409,0.05488685058743731,0.11475488810072398,0.06843280424626141,0.0877085528922929,0.0,0.049536716005650405,0.05861891287971516,0.07182108087577127,0.05595718967048097,0.07019710382945998,0.05955221323737597,0.0732682861166507,0.058212918033928474,0.06021250060277855,0.05949822454055376,0.0591028821971199,0.05609457307101401,0.053958124979706756,0.04539600372289626,0.026511704387543356,0.0387404179068368,0.04735957671537161,0.03915826661473576,0.05057036876356702,0.01814747040882364,-0.0011611476326981451,0.0004956339368822893,0.06703207333108235,0.049704098042363254,0.08317350136379431,-0.0006206591873241241,0.049853977204715405,0.03690825118546803,0.053045628999263794,0.044303350213741155,0.056889601453765204,0.002099489634907581,0.1077304787998602,-0.003039533844008069,0.044135314456056673,0.0402807067719686,0.05967755076507564,0.001454060903596066,2.6371831960025904e-05,-0.0008973452388954528,0.07766345290859,0.06129438858167319,0.0802815056768813,0.05441025432910296,0.035846906569824144,-0.00021504823402951345,0.0037515279846355165,0.06256493889163522,0.04176491929043313,0.051065498451459024,0.0410059205505483,0.045014003213438514,0.044740736817375004
0.10153984248156667,-0.0030790812604820084,-0.0017082688206451757,-0.028515695591353474,-0.0020345994426217984,-0.001081938809952554,0.04953500407136274,0.04556282507627474,-0.004377068687892283,0.041171029954978455,-0.0042566116369051055,0.0426176092691814,0.07111743126763731,0.002896994814417797,0.1204056198719457,-0.0022518266478952498,0.06551848367189289,0.06547851358738915,-0.0002639078882967216,0.0027589840211139083,0.06828492992369656,0.0007260300323701507,0.049536716005650405,0.0,0.047172850155326684,0.04554409254785896,-0.0034220705298032006,0.05768573467788635,0.0018953026749184976,0.0007227033462511301,0.05108332666059867,-0.03349573088478769,-0.04383988332768976,-0.016885348437084058,0.024999165604164042,-0.04987108208818675,-0.0016532905074047033,-0.04763666722352439,0.09185019995768356,-0.04349996543379275,-0.0416779308906699,-0.05416841866007377,0.0008025372346966986,-1.6096964891132437e-05,-0.035008689526546566,0.16328813529896258,-0.0043660881907547355,0.0,-5.551115123125783e-17,-0.00010416390486384097,-4.950402378522956e-06,-0.0002663104684228479,-1.6653345369377348e-16,-0.00021614430113353622,-0.00617213652095383,0.00022679890228327615,-0.007805277308236269,-0.0025444882846805683,0.0,-0.0011166385440395943,-0.003419405341468451,0.0552436276845405,0.04420513638170248,1.2693682288567043e-05,-0.0004226579609982184,-0.0005108730474903123,-0.00371994994879582,0.0006627080250068418,0.0728334930340721,0.03256583018047138,0.04938470012355767,0.00014330963047676226,0.022318989674715795,3.243641664352204e-05,0.0,0.038456304222248494
0.04743524688021944,0.02947945202235741,-0.004266448528536082,0.0006242471281122652,0.0425387753952452,0.051892252676555894,0.0508879574001066,0.015265740916305948,0.05028697224166312,0.06709798821701363,-0.0017283720513401324,0.0377259301573491,0.04702412508136883,-0.0003200413292500648,0.09368761458266628,0.06050039076047342,0.05716979231301894,0.07211735530932067,-0.001448982377846686,0.03687269954781386,0.033091163300827287,0.03471795636562319,0.05861891287971516,0.047172850155326684,0.0,0.04724506079322949,0.059279931750196635,0.04188461921117881,0.04395262467781064,-0.0013423080838433354,0.04278035041452988,0.03728414601730118,0.04650598904670661,0.026593732432805273,0.02800260650738351,0.00011238247225697773,0.0003336286764750729,-0.0035253050366628735,0.008491833022255701,0.0003895538437542201,-0.016362274348853234,0.007306859028580859,-0.0011086461942439452,-5.551115123125783e-17,-0.05284899568885698,0.07180352975152982,0.005591300168171109,5.551115123125783e-17,0.0,2.220446049250313e-16,0.029233846507552286,0.0009600078192305017,0.0011557658708546414,0.0004208735473936742,0.02129893244841835,-0.0002682348916047683,0.03857659940779001,-0.0009585248677209113,0.0,6.600315902260956e-05,0.012598318275303722,0.041671738506187495,0.03148991257810296,0.0,0.02189607628091489,-0.0007675125683382356,0.01884047463286348,0.0013162049989720592,0.0643992267171471,0.012615791502654794,0.029070991462882945,0.04098660617493782,-0.010270026612442251,0.027755564871147886,0.0,0.000275710882867819
0.057171122659507356,0.02348701692495231,-0.004592433604274249,0.0014911393796077643,-0.006381007228790592,0.07175354673897688,0.05530304038087147,0.025338264171644587,0.05451770470384021,0.06321162040174849,-0.0013899789268819185,0.025554001396036086,0.03185190920824238,0.013761581467055917,0.05580804469722633,0.058586815596300634,0.03616445643683258,0.07073852029993655,-0.0007323163001650146,0.06542723064537981,0.05478480428047772,0.03383631343609933,0.07182108087577127,0.04554409254785896,0.04724506079322949,0.0,0.07683288369380664,0.02631043902758584,0.059227418898298745,-0.0011255087535439467,0.04193089965915753,0.047508080370259775,0.04653406669737736,0.04255849274560436,0.0495578731137411,0.0064808682309008825,0.0012954942228867727,-0.01279802228916449,0.03001528781228663,0.004953629676222426,-0.0032419792530570812,0.018588645430793527,-0.004986690974371655,4.404051021422717e-06,-0.0020949906387144335,0.07670929033035301,0.04200550035990186,0.002085162217449088,0.0,-3.980351265281401e-05,0.03980911734756348,0.0016412513179766552,0.05312716442217935,-0.0016067695309836538,0.03109132789714858,0.0,0.045160897681938816,0.0011930693083448962,0.0,0.03554678202595252,0.032582793321714265,0.03980891566240907,0.02370695116997923,0.0,0.04824203838259811,0.06688877459624964,0.03939063555222644,0.04690964880126869,0.06995788265490777,0.011799942823714216,0.04553801451101863,0.06031847826594039,-0.006235209207007764,0.04955087042383366,-0.0003737177194523822,0.0064186723539221835
