0.0,-0.3400848346604214,0.3393892645410663,0.0,0.33808855964181783,-0.11604423926801344,0.38000241185382366,-0.23432751693438175,0.39447898456011243,0.30038848718613864,0.41701709669305653,0.22753736233398508,0.43580674556218507,0.49418673324713436,-0.17962300263381878,-0.39756991249855983,0.3238640733049738,-0.14159382108205604,0.0,-0.23076765175117397,0.0043798913896207214,-0.31693918676964794,-0.17889049714231736,0.24451778396664092,-0.15769005689193644,-0.11938094385692721,-0.2180303790697818,0.3642830700128869,-0.08425602213082989,0.6579334208975129,-0.16452093252795413,0.1410211314495568,0.10236459555214883,-0.10553234250955945,-0.06349513917693655,0.6251830239148085,0.4032704040522823,0.4411740017207014,-0.1215065137224624,-0.1146394732655256,0.00879202483474023,0.461215874901976,0.4452307726997759,0.0,0.3915012518003064,0.8426745760997236,-0.19206204943485566,0.0,0.0,0.0,0.4582695295106387,0.0,0.5339579641905196,0.0,0.3359533350919936,0.0,0.46722502662922494,0.6922069118804015,0.0,0.5538088395445733,-0.15355108481653534,0.23388807136502907,-0.04417618246984023,0.0,0.4096236439554442,0.4525489818433144,-0.23209926034679695,0.5221119209111443,0.3736790516196424,-0.08259517300810415,-0.20020296480860694,0.4204424060450662,0.44430943970036263,0.3969895851311872,0.0,0.41428373120678436
-0.3400848346604214,0.0,0.416396455577224,0.3616607066417777,0.3463354476392389,-0.10456103289197632,0.3524573748483421,0.44671635217620587,0.2940533309458119,0.2640165631149396,0.29195357365638713,0.48066335948671135,0.058536260296393916,0.6442765693369099,-0.28479827867499213,-0.43652183684153933,0.4809789716911,-0.3777239334586248,0.5545834392864248,-0.3531182314453982,-0.3410120869201359,-0.479954253636489,-0.4247788551792836,0.34127647118463994,-0.38592200056571163,-0.35495675476641886,-0.2647774928736649,0.05800179411672543,-0.15378820535721804,0.41137822484613895,-0.4413073585159332,-0.19420500091275283,-0.07513866673750205,-0.33280116166331014,-0.28618180771509866,0.451877229873642,0.2276217087019588,0.0,-0.18724181785673982,-0.1378875332714612,-0.0784482279736945,0.5820230393770041,0.6462078273098355,0.0,0.0,0.4278572342994015,-0.18131572119435346,-0.01962723705908436,0.0,0.0,0.5092723981474583,0.6176912302748254,0.5858595537179534,0.5131277579076838,0.5449242618901258,0.0,0.41367784476764347,0.5746666219540149,0.0,0.464446770885692,-0.24885085816636388,0.5208794001406915,0.4908451239281477,0.0,0.5101631487254464,0.02596309840385541,-0.33688640363337496,0.4759385069182562,0.37948099943344626,0.48144236462539536,0.4824036892264541,0.448722043886459,0.5418630495859702,0.5070513968844818,0.0,0.5739332206633836
0.3393892645410663,0.416396455577224,0.0,0.49068026676604976,-0.03402219593517902,-0.020856408612201893,-0.09375786823648119,-0.25996409071483195,-0.10573911858959295,0.41886462678702663,0.1323817904240452,0.5560844956002843,-0.10579716718927079,-0.12360904788952504,0.3339393400231767,0.36262482235942906,0.7609314907770767,0.5512412487552985,0.11703346494408096,0.3642844437407205,-0.21824469227319068,0.39086351440283734,-0.007853683640902054,0.4252425538539876,0.36058014571599517,0.34859905441820854,-0.09603977668776009,-0.21235806382213057,-0.3887634025401427,-0.3505260500360267,-0.22415602237181975,-0.1401396217248873,0.4362031209631058,-0.2415406501979922,0.43788526465682304,-0.15693010957029857,0.39339877671102447,0.5685657564681903,0.6250305387166596,0.4836124580917173,0.5122431194702304,0.5957879780493092,-0.004982441366281176,0.624662190124166,0.0,0.0,0.18872146086674985,0.49779808723409563,0.4789488080947819,0.4809532291672636,-0.0010273851526099165,0.5056687863118254,-0.053691853744469276,0.04028523351826763,0.3568331008977813,0.33823315449224567,0.4898288825182495,0.5377600657116168,0.5035849149836147,0.29580088382475145,0.0,0.0,0.0,0.2642520649653629,0.7274590253879001,0.4953469833572258,0.1549184764348575,0.028938458671408873,0.0,0.6064030475089108,0.389462409593457,-0.03894810192698428,0.521214455482251,0.6238704115803194,0.7059779813098271,0.4170818494564529
0.0,0.3616607066417777,0.49068026676604976,0.0,0.42980164571642243,0.5186844921592177,0.5107200093112495,0.5917363949414605,0.5141072258297212,0.34770365351910604,0.4152121061409537,0.4134323999249948,0.5463611343372516,-0.02042749542546418,0.5000584281226935,0.048959348002623714,0.5900183035895015,0.4518117293941815,0.4639485621218189,0.5781096909071305,0.26979485625649435,0.49206483405892953,0.4974134832711182,0.23777218922840945,0.8374966621962516,0.498777077017437,0.49456315833979725,-0.10337557891168553,0.4122356548073195,0.5030377411203917,0.031538359817950445,0.30161367857488997,0.2092444752628297,0.23825802261427467,0.0926744440336657,0.037319687334184726,-0.010389680478060548,0.3414149149174529,0.13283921101613919,0.2964999705685504,0.4012299927480337,0.2928231675743401,0.3075474278679553,0.22934693903271855,0.0,0.0,0.0,0.5266862803326913,0.0,0.0,0.5278539646863925,0.0,0.45719139764270345,-0.020247755012043664,0.0,0.25921824769163415,0.5178847774380277,0.5166772351772735,0.0,0.0,0.0,0.0,0.0,0.0,0.0,0.0,0.46623073995658154,0.6595815304817938,0.0,0.0,0.0,0.5313751078571969,0.46185429812990636,0.626246193414917,0.0,0.0
0.33808855964181783,0.3463354476392389,-0.03402219593517902,0.42980164571642243,0.0,-0.07801486452348894,0.0690162611944769,0.14636797247753308,-0.18506598921019066,0.6294112586935114,-0.030961726382916,0.5521235040793675,0.16076321136380525,0.16895051662215488,0.4819301019447051,0.45411090980442603,0.5118786631008654,0.3850590925774096,-0.02758430310093163,0.33335561284706033,-0.40456642260172976,0.4322334493355596,-0.07135698046470768,0.4799242388354985,0.35832020804719633,0.3813125446449336,-0.07734809739641868,0.0828500086178936,-0.29018639348796993,0.37477564669110963,-0.19034359408921503,0.14715928050487986,0.370519004374769,0.02344633089559378,0.14243818793250515,0.22920357417254003,0.5379858234840457,0.521160618659069,0.5027184940133561,0.6085388570332746,0.49294913971244114,0.41901756997976936,0.5126782997822839,0.6232297844772398,0.2603527184428391,0.0,0.45006714412507176,0.529056983810137,0.0,0.5236548360059955,0.5484392018794364,0.6196560513935865,0.5199931387186609,0.5496698568083052,0.0,-0.11599231210170352,0.35443376941526783,0.6696590966545101,0.4685497958155516,0.23184328399428458,0.5094503654626639,0.0,0.0,0.5792127429001099,0.3623802512534398,0.41777079895199926,0.2559490001773241,-0.1281363936673272,0.0,0.4884694762250488,0.49342765028678387,0.4881262975122149,0.6243919320482515,0.4921869876464115,0.0,0.5730996026652206
-0.11604423926801344,-0.10456103289197632,-0.020856408612201893,0.5186844921592177,-0.07801486452348894,0.0,-0.1243098687747693,-0.14292658633347488,-0.07221450796453582,0.4718873924375413,-0.0062323802589901445,0.49674184838873564,-0.21007153650829097,-0.11112785211580717,-0.32919206150858615,-0.09833500549129942,0.5531723459990376,-0.06877121440992329,-0.17089866589850228,-0.26105008286879416,-0.24250925423860237,-0.1107567191730594,-0.1567207295654604,0.2949907528782889,-0.05827065519616248,-0.3076532044214031,-0.15600255666505636,-0.2765474940662718,-0.16183989770885865,-0.23533598742587591,-0.23432968524887593,-0.11849701658677853,-0.3892437714239941,-0.19753955839438964,-0.16543787268070737,0.036085251868010815,-0.017006243678198973,0.4056276667661054,-0.04193450677989613,0.2822606576038964,-0.16304402231671655,0.4197295576918387,-0.1643675075024611,0.5899147590369882,0.27650253445787853,0.5647738990916523,0.4226951469969717,-0.14886001338632626,0.6051601086688849,0.40472260035473945,-0.1616342529259286,-0.2506011262289061,0.05326969234505746,-0.1302250795892983,0.7051645377027815,-0.15606985676495855,0.32158250226345075,-0.12884522119385028,-0.3068162102967326,0.5096900785216206,0.4577297804272885,0.0,0.47763764219449517,0.031702976380168446,-0.11680100534500354,0.41906101601258366,0.48187430114172425,-0.15849984001849127,0.5964175141293602,0.4324421190190776,0.3785657880369596,-0.16852779161908743,-0.12657807292123657,-0.061837085787851964,0.4236728420484034,-0.12525629669774035
0.38000241185382366,0.3524573748483421,-0.09375786823648119,0.5107200093112495,0.0690162611944769,-0.1243098687747693,0.0,-0.09205193101401382,-0.2460657273472589,0.5090495068852741,0.06486648383045451,0.4118304522237317,-0.0682063752686976,0.07851998680413283,0.4741082255956289,0.4214248064391951,0.46753716111255295,0.3537721075911107,0.012782735053104233,0.11227693220345006,0.3389736670725743,0.05082192812192343,-0.1355469404054392,0.46609866312103676,0.3106414620095656,0.360712660574348,-0.1681273632872088,0.17575050527402875,-0.07411304244943989,0.36642278170872117,0.03955992554781851,0.043406413965483726,0.43028631500276115,0.08092919640531204,0.16345168823812053,0.3105469657055901,0.5416027292384825,0.6331151190658186,0.611412322115463,0.4353624653148662,0.5648218325788001,0.5894992221046577,0.5922853413214925,0.8644015268685357,0.32185138561025756,0.0,0.5222611308893357,0.39330188847100445,0.0,0.5675478883556867,0.5326726658144846,0.5654842970856009,0.5153956038885336,0.5272070344696965,0.5390817477608885,0.5747206300356515,0.4610394914519822,0.46671930215397134,0.42242060528091196,0.4003483754021451,0.5338330475766462,0.0,0.5547541159607288,0.5869298678152007,0.5632126869069943,0.5348354396747006,0.5449084568132192,-0.17790496115789783,0.4843140941913039,0.5775827172465908,0.5199083757118228,0.48976957617193373,0.5234352422284603,0.39520975542500003,0.645451404473445,0.5271234529218367
-0.23432751693438175,0.44671635217620587,-0.25996409071483195,0.5917363949414605,0.14636797247753308,-0.14292658633347488,-0.09205193101401382,0.0,-0.08660677350237189,0.4652575453764972,-0.13753702836400278,0.48885622592638345,-0.12375544879489808,0.08000357286469822,-0.2031261158016014,-0.22070089273088872,0.41658855614187057,0.4498870911576822,-0.0241710379879721,-0.15122666368691123,-0.14698172050300629,0.42963663814471453,-0.22504283736292946,-0.15413898088378258,-0.1634523699067003,-0.027808028028512344,-0.2559344557830899,-0.16591786738513015,-0.1329438464355101,-0.1570574863891115,-0.2025467892715045,0.2574578176310801,0.09939171205266761,-0.17160470924692423,0.4273152066413241,0.2352796896560713,0.5366331836723532,0.5299827289003461,0.10529553333039857,0.4481572218799448,0.383577165781927,0.5596453360456854,0.10969797316855018,0.4639538391146444,0.0,0.5531258923763488,0.2864922506008526,-0.0006509507309219731,0.0,0.6138969025737586,-0.14675089051930934,0.6417000367639095,0.05127448679015928,-0.16768890520247204,0.785271578081755,-0.07501367958392141,0.8396420907665711,0.5347909748270945,0.19163866393625456,0.6451096052474949,0.33374783184242895,0.0,0.6751778836291409,0.5800501784924137,0.5880225086825903,0.0058673181546363695,0.42061296106188495,-0.10587099313675102,0.0,0.5710867071715634,0.3248962204306096,-0.16309177488764315,0.456351878217103,0.5069767499017848,0.5020061402792613,0.38906416950239736
0.39447898456011243,0.2940533309458119,-0.10573911858959295,0.5141072258297212,-0.18506598921019066,-0.07221450796453582,-0.2460657273472589,-0.08660677350237189,0.0,0.5166787370099075,-0.09526512736612133,0.4986641320882612,0.009918393250410773,-0.04447191496687636,-0.6806410511161616,-0.029976475859584073,0.5056625219226989,0.5660847699716314,0.025610566139353724,-0.15780023439468926,-0.22730906868206813,-0.020805579867079538,0.033782547311997424,0.42229950046048004,0.3561233779180438,0.49972561371961505,-0.01197254070812237,-0.07058836850342098,-0.16465152034431835,-0.14944576579331847,0.011345956014676306,0.05556142874343184,0.4227421869908949,0.02183557264221153,0.03833427590754068,-0.0779086390267148,0.5081129864391669,0.5489777108128521,0.5136960833442478,0.5640867438725723,0.5582336028980233,0.4537624386468224,0.039175523560336045,0.4867709989574095,0.3323513707331883,0.0,0.486282535956132,0.04466684201193638,0.4885602246621854,0.5938397916375924,-0.13390195492685325,0.564486309063208,-0.043419187147122174,0.4850463876442614,0.3053836824245399,-0.0201961628818898,0.4460979436541611,0.47521805873187556,0.5318856810648881,0.34772732016694596,0.6012119112390811,0.0,0.0,0.46515985462801746,0.5838278376124765,0.6739618812594399,0.5411281768211113,-0.0758619097147814,0.34928590957257344,0.5350697588760167,0.21859478291286505,-0.16053414370013808,0.4738069851578818,0.5379923059544351,0.5072419100013792,0.5940559454173568
0.30038848718613864,0.2640165631149396,0.41886462678702663,0.34770365351910604,0.6294112586935114,0.4718873924375413,0.5090495068852741,0.4652575453764972,0.5166787370099075,0.0,0.5051482972238701,-0.013710641168544369,0.030908479242968467,0.7986386976208059,0.47688334347278005,-0.13544320787731448,0.23340570691988805,-0.17882688534616653,0.4356638605972235,0.4118005523185374,0.42389236916797896,0.33232181747350187,0.41634213640015855,-0.041324273029146846,0.29533187461375526,0.007493206384925788,0.32655651254539125,0.07868127097787547,0.30961130965998057,0.3116894943938491,0.15178674325147745,-0.013412580701366694,0.23426998716354208,0.2560250585678938,0.2355071481582407,0.19266872824299502,0.42431307947907443,0.22479743036855684,0.42365415231343806,-0.04292863089003157,-0.16367560149354776,0.36545052565200553,0.3335896041882367,0.35263980347339074,0.029563537911661553,0.4310752945034875,0.5032180031756963,0.2511706762127991,0.48853555861754394,0.378833541559972,0.4076570737085844,0.4155501513027591,0.5612936718929429,0.25886729563179023,-0.14705013632123365,0.5095196341127969,-0.18975520975976906,0.435148672296124,0.0,0.8582282903716874,0.5365980882283741,-0.13036481620388746,-0.0944633502755125,0.4557235492874073,0.4757527869863869,0.5198127797451855,0.3560662052017942,0.6155825570758595,0.05047087478767848,-0.09816897089812648,-0.09527297284945319,0.5956274576759094,0.468455747603703,0.4601790619352703,0.0,0.044830722569082715
0.41701709669305653,0.29195357365638713,0.1323817904240452,0.4152121061409537,-0.030961726382916,-0.0062323802589901445,0.06486648383045451,-0.13753702836400278,-0.09526512736612133,0.5051482972238701,0.0,0.5700641782838698,0.04520840153261646,0.07992810379292636,0.0,0.4878532948671842,0.525687645182767,0.5872184567457623,-0.08797117164047613,0.5055714605094157,0.5767943848012047,0.39883676259229917,0.22888211271333705,0.46209765383945534,0.6108193836084169,0.6095465771517556,-0.12956443235223164,-0.09789113655570303,0.3479811668016881,0.48030107356114377,-0.004171353263487498,0.20702206097014525,0.3874932890193432,0.07783187965783939,0.1628277495311914,0.21050046688406882,0.5496768344402004,0.5244430781153024,0.5915361241269161,0.3747287240676336,0.5203010452085495,0.5693755951625888,0.5500636049677198,0.5591413690381135,0.2500731923838865,0.0,0.0,0.14557658218152225,0.46174469389659967,0.3726139869402017,-0.1591964152055615,0.479811538418159,-0.2298067920672094,-0.15353502607034564,0.6323871427674546,0.036611608697243836,0.481854406235807,0.5269522798443708,0.5053248472825882,0.0,0.0,0.0,0.0,0.19931051430087365,0.4232904381061992,0.0,0.7366349016727423,-0.025766911817551863,0.0,0.0,1.0247308347048936,-0.21476436919058578,0.45185632052955327,0.3704858684094704,0.0,0.5511472963047619
0.22753736233398508,0.48066335948671135,0.5560844956002843,0.4134323999249948,0.5521235040793675,0.49674184838873564,0.4118304522237317,0.48885622592638345,0.4986641320882612,-0.013710641168544369,0.5700641782838698,0.0,-0.03710848129730371,0.6047704034435519,0.3383272844281999,0.5253339268391758,0.32775206727295736,0.5545866862898388,0.5337803358324837,0.4511334773542085,0.3731160856678293,0.32888503326535157,0.27214223567647244,-0.1400820832219002,0.10020833433455861,-0.13720487008640242,0.5389593489699785,0.38972349895444613,0.6153085961632269,0.29211600179114533,0.013802517855268148,0.04258037598724215,0.22530590840004303,0.48836255664366723,0.11989893929126486,0.4074830723716246,0.4190947732079918,0.10462420516949292,0.40039241014955174,0.01918745679649758,0.09645717145875632,0.3018149603781036,0.3565032810072163,0.3852211903903705,0.39498741754190303,0.34507971245213664,0.5500047031371924,0.2742242219635931,0.20072460632372915,0.24189871817000394,0.32155978176248967,0.5020568130899842,0.21415989194907425,0.40101043286471094,-0.16410410835456424,0.28136823323891225,-0.05907653950787167,0.507297184153348,0.6439653487548008,0.5961842891661602,0.5424863518775588,0.43760843334569055,0.5053057126908209,0.3355261590404049,0.6777509385805685,0.7246506980305456,0.36616313652132293,0.5263108653070818,0.05501687076181985,0.08974868255669333,-0.07186110393899531,0.38846834721248397,0.6165010206327739,0.5867549608918879,0.0,0.5041361372560592
0.43580674556218507,0.058536260296393916,-0.10579716718927079,0.5463611343372516,0.16076321136380525,-0.21007153650829097,-0.0682063752686976,-0.12375544879489808,0.009918393250410773,0.030908479242968467,0.04520840153261646,-0.03710848129730371,0.0,0.29281382605321493,0.11564126829556082,0.024924579574678474,0.035397084669775564,-0.03654652122097407,0.05591551881046014,-0.03746607260121948,-0.08972163960101925,0.07737695517662624,-0.1576312160112895,-0.16003436345718394,0.08521095510028212,0.08633411775898786,-0.1495715778058021,-0.24788339920558067,-0.27835392178368074,-0.09157801047801134,-0.2016939585570573,-0.051546171876481806,0.02523468949906571,-0.01291693648939718,0.04652943948927718,0.37217106803928945,0.2899125378779435,0.0775832811244126,0.4414745242357633,0.5215062825991993,0.5297422901562354,0.5466381177543838,0.5928275663145697,0.4744380352541039,0.41312435756304294,0.6077401283263638,0.5773011677467655,0.46946015173166944,0.0,0.6876590978166888,0.5330888430827992,0.5126054799976273,0.5095316848357694,0.5810999132162697,0.4898287366334232,0.49663835683765123,0.4705002959086553,0.5537117477665685,0.5012634525388323,0.4335373828960327,0.5789887605273754,0.3818655561806562,0.4875837879138481,0.609638569036552,0.41038399506771334,0.5581511061017732,0.49815144870227046,-0.16217831604160649,0.4517093234760202,0.42559172653349164,0.45626722862022706,-0.15361676748618908,0.5333868548578349,0.48145596433213234,0.5090561983082322,0.475167928996647
0.49418673324713436,0.6442765693369099,-0.12360904788952504,-0.02042749542546418,0.16895051662215488,-0.11112785211580717,0.07851998680413283,0.08000357286469822,-0.04447191496687636,0.7986386976208059,0.07992810379292636,0.6047704034435519,0.29281382605321493,0.0,0.49392150471395246,0.6573525356707828,0.44136575438976744,0.47288556470612997,-0.016471406305056002,0.36926811469275533,-0.1754230536775664,0.2673983536480924,-0.14564132567152188,0.6024940742640377,0.5220318606581412,0.5257608294599837,-0.1311006195002744,0.5645641612120011,0.2999743766967068,0.8886128951057974,0.2703001409061791,0.22370842248974096,0.20514240333443404,0.7497986891294033,0.42187560961397713,0.07407923787836768,-0.02372782881168689,0.41785858339637394,0.7225979937625907,0.0,0.6667502167630313,0.7839659587043628,-0.0021577636215426854,0.47802110903921613,0.0,0.0,0.0,0.47678368915642144,0.0,0.6106268369380852,0.47364777122326723,0.5007764534082948,0.6390311511903268,0.3463224649493507,0.0,-0.189182343774561,0.342559017797734,0.7354610237341213,0.4534577462894036,0.0,0.0,0.0,0.0,0.4867828580295102,0.0,0.0,0.0,-0.23492972297804798,0.0,0.0,0.0,0.4528195949459639,0.8067192121186654,0.0,0.0,0.0
-0.17962300263381878,-0.28479827867499213,0.3339393400231767,0.5000584281226935,0.4819301019447051,-0.32919206150858615,0.4741082255956289,-0.2031261158016014,-0.6806410511161616,0.47688334347278005,0.0,0.3383272844281999,0.11564126829556082,0.49392150471395246,0.0,-0.31388794566616685,0.370375111181286,-0.2409852172232977,0.0,-0.4309535621593079,-0.1380997323572486,-0.34996550588063435,-0.353836041283173,0.05219749382499811,-0.3067226390386998,0.2248240634312955,-0.3142324416113557,-0.1738072635482944,-0.13773442790338813,-0.2725892937577997,-0.2803671421355258,-0.023555706073357663,-0.2789392603364937,-0.15621418799298414,-0.14381028121531314,0.059478688963262305,0.3785526181122084,0.342337182713554,-0.13624442574144577,-0.2214992846417263,-0.07945160521565003,0.3885438736480483,0.4777360405138692,0.544984563507714,0.0,0.5112428479204305,0.5502498790756309,0.4079416970892493,0.0,0.0,0.46222697436757565,0.6513768009646869,-0.16384228927943434,0.5335259936029805,0.0,0.0,0.696453304306213,0.547287350522836,0.4623645327562034,-0.06630948657770036,0.5229981716266964,0.6379420184062587,0.6398187018139918,0.0,0.022824119615025285,-0.18141753656496412,-0.05537924279680173,0.11275268781175696,0.43284063090635694,0.504824863947694,0.4416374526906821,-0.0462801525685706,0.4127476450385613,-0.13499598268974006,0.5305037658933784,0.42759530724030714
-0.39756991249855983,-0.43652183684153933,0.36262482235942906,0.048959348002623714,0.45411090980442603,-0.09833500549129942,0.4214248064391951,-0.22070089273088872,-0.029976475859584073,-0.13544320787731448,0.4878532948671842,0.5253339268391758,0.024924579574678474,0.6573525356707828,-0.31388794566616685,0.0,-0.1651459837729315,-0.1775427017686853,0.5066354336013436,-0.21864677767591478,-0.3419804081427814,-0.39605877848250887,-0.3059465005182978,0.3855576341719392,-0.18519059387995873,-0.39877198446602496,-0.29988953276616614,-0.13594735722733364,-0.17321036707784793,0.30307163659897585,-0.2743177992410411,-0.11068547040085852,0.0023982799510709474,-0.154357060669294,-0.2212844389745034,0.690959902474193,0.49644750209694516,0.5631321441037771,-0.28294386154624357,-0.20885787687200374,-0.2159320452061756,-0.1775286468147948,0.4621296590249646,0.0,0.0,-0.20123656075180252,-0.3842582552139335,0.0,0.0,0.0,0.514157800331598,0.5605831897168007,0.8676348964276908,0.0,0.6786379100147681,0.0,0.6329463993561035,0.5474047590681992,0.0,0.49147890458920707,-0.29635741138234456,0.6221150484895756,-0.24540346388009654,0.0,-0.20992664771023395,-0.3190136478634558,-0.27640559660236796,0.5337634003287131,0.35449154832070195,-0.30464141679260404,-0.3990964766771802,0.49750232657799653,0.4497846451613352,0.528631539336673,0.0,0.4638370800780646
0.3238640733049738,0.4809789716911,0.7609314907770767,0.5900183035895015,0.5118786631008654,0.5531723459990376,0.46753716111255295,0.41658855614187057,0.5056625219226989,0.23340570691988805,0.525687645182767,0.32775206727295736,0.035397084669775564,0.44136575438976744,0.370375111181286,-0.1651459837729315,0.0,0.04287497589232714,0.8125802392897783,0.1537562625587321,0.6164430518361972,0.44411099440777124,0.48145475748323263,0.16713276114368247,0.26423022496936344,-0.08059236047010743,0.6377973943362012,0.25650498961603074,0.31459282693224566,0.4581936111579268,-0.06983533033649014,0.10248141562132698,0.3215357419222292,0.31421020180364295,0.05821776843472548,0.5608931905999928,0.24170739097220928,0.13171116474749972,0.5016770303545686,0.41378905729620724,0.45748513400850965,0.5667664429934791,0.0,0.0,0.4917873085295362,0.31168492340895854,0.6245940228883721,0.0,0.0,0.0,0.0,0.0,0.0,0.0,-0.0016586041873636326,0.0,0.3692603294229524,0.297594838646819,0.0,0.6743237597985858,0.48495565800237683,0.5408864321605683,0.494800801823004,0.0,0.0,0.0,0.5871269088193384,0.0,0.26077077615175537,0.034424410215288415,0.04369508178017967,0.0,0.31633716490788844,0.48282206152953067,0.0,0.6037716987023639
-0.14159382108205604,-0.3777239334586248,0.5512412487552985,0.4518117293941815,0.3850590925774096,-0.06877121440992329,0.3537721075911107,0.4498870911576822,0.5660847699716314,-0.17882688534616653,0.5872184567457623,0.5545866862898388,-0.03654652122097407,0.47288556470612997,-0.2409852172232977,-0.1775427017686853,0.04287497589232714,0.0,0.529471796973014,-0.24057236520069264,-0.27487461425200704,-0.2812065295570621,-0.3021694110359593,0.0017305327526117575,-0.0015578297711125733,-0.10951394359595318,-0.24968661816878512,-0.09569621331613776,-0.16967234989461377,0.3549698667476835,-0.22785248491547916,-0.09879559598494114,0.203158294078138,0.15234369525794655,-0.15613993819968727,0.6920568853041789,0.2879974588446369,0.45999138829701525,-0.2647455583723318,-0.07255335648834366,-0.13995310034560166,-0.10160609021078476,0.0,0.0,0.4842639944657099,0.11883104036885217,-0.3083023241172496,0.0,0.0,0.0,0.5920331553698448,0.5852408504750042,0.9251092229654432,0.0,0.1890858332770662,0.0,0.4724301445386799,0.5820838214219579,0.0,0.5778485869055602,-0.20056673828165444,0.12575000365912292,-0.09222587448762093,0.0,0.4194961957587972,0.4955221385244797,-0.15484512449718513,0.706888697619702,0.37533074390148635,-0.12946348573294159,-0.10433728559099487,0.430695770288851,0.6132908475972686,0.48517752238668255,0.0,-0.20737537784520466
0.0,0.5545834392864248,0.11703346494408096,0.4639485621218189,-0.02758430310093163,-0.17089866589850228,0.012782735053104233,-0.0241710379879721,0.025610566139353724,0.4356638605972235,-0.08797117164047613,0.5337803358324837,0.05591551881046014,-0.016471406305056002,0.0,0.5066354336013436,0.8125802392897783,0.529471796973014,0.0,0.48159271075559307,0.43143125126843096,0.642461369410505,0.2359921519910185,0.4680790612043563,0.5553384615210224,0.6052197224246891,0.08801489646824073,0.04820887063233964,0.5677601250633142,0.5602351008513899,0.45946172067534075,-0.13476553583972184,0.45439650134961324,0.4945964442846146,0.4615396466419367,-0.1273581422085509,0.3917452303367612,0.40312475842678414,0.6314231135353522,0.3738303299245414,0.3883586192853065,0.3551146690022321,-0.15151340873780783,0.37362028100193184,0.4176883392785021,0.0,0.0,0.4424335414458167,0.0,0.3841677910010034,0.5105787719544338,0.45897482519691085,0.07312614550625324,-0.08073210615732018,1.001404210985201,0.11293822338977688,0.5475460699078885,0.44346821591401486,0.41013933925855284,0.0,0.0,0.0,0.0,0.671148811913321,0.4738107611743436,0.0,0.42751275914731235,-0.1019514849435188,0.0,0.0,0.0,-0.0022831275331371415,0.5609267711486217,0.4828089451184794,0.5091157877829521,0.4966306983748142
-0.23076765175117397,-0.3531182314453982,0.3642844437407205,0.5781096909071305,0.33335561284706033,-0.26105008286879416,0.11227693220345006,-0.15122666368691123,-0.15780023439468926,0.4118005523185374,0.5055714605094157,0.4511334773542085,-0.03746607260121948,0.36926811469275533,-0.4309535621593079,-0.21864677767591478,0.1537562625587321,-0.24057236520069264,0.48159271075559307,0.0,-0.276516650125973,-0.4369277312204205,0.08467578948076043,0.46625559965859287,-0.3426126534776359,-0.33094322163853646,-0.31901445745418433,-0.2652503943843758,-0.2218019961651358,-0.25793443774475033,-0.39381719625548395,-0.03183633501243585,-0.04151098514427107,-0.2793104985821681,-0.18249985569430016,-0.1623851703653954,-0.23728314971423586,0.7209769035542657,-0.16450752123620355,0.4189529717121493,0.47901640993911515,0.3738804510125304,0.4764398062971279,0.27425641289335045,0.2586785299895926,0.5116411331496201,0.4856991471867048,0.4790931643065939,0.0,0.0,0.4092512824090526,0.45603939259319837,0.5494068415499143,0.42126590565222544,0.8917822714536712,0.0,0.5714125328889699,0.454241422897972,0.0,-0.2602431769457336,0.4461954114564668,0.45391267298247784,0.4824563120558741,0.0,-0.19773012681429825,0.3994111630372005,-0.27377098083352824,-0.13702611441597584,0.0,0.4154725173174247,0.4068707077796456,-0.05134655240014502,0.37633198804915596,0.46185311523351547,0.4192071333978544,0.38428573098403696
0.0043798913896207214,-0.3410120869201359,-0.21824469227319068,0.26979485625649435,-0.40456642260172976,-0.24250925423860237,0.3389736670725743,-0.14698172050300629,-0.22730906868206813,0.42389236916797896,0.5767943848012047,0.3731160856678293,-0.08972163960101925,-0.1754230536775664,-0.1380997323572486,-0.3419804081427814,0.6164430518361972,-0.27487461425200704,0.43143125126843096,-0.276516650125973,0.0,-0.2133233918310885,-0.24734956342734676,-0.035800480643751215,-0.24929797545077997,-0.3762793226461108,-0.25697197136961003,-0.16226746820322174,-0.11517173740772968,0.4103249741843271,-0.18691948544850362,-0.026228226027702223,-0.12893514293562697,-0.15619851726040185,-0.21708811324972827,0.3324674602681032,0.0748999621219861,0.5259436055890663,0.05730018438099713,-0.019986651789702214,-0.1203054484660101,0.4228881056304724,0.5690937142942638,0.0,0.0,0.5607563974499984,-0.1658439025781296,0.6088510894600037,0.0,0.0,-0.113130034124381,0.41984219851360727,0.23860112953589602,0.5698616413986188,0.5502572216703626,0.0,0.698666535770627,0.45751772623238374,0.0,-0.18405316700535573,0.529607578731131,0.0,0.4670847005615182,0.0,0.04205329197259894,0.17087642827585442,-0.2292832363384818,-0.11998797336548983,0.761025735976083,0.4070848846684489,-0.3419919102169124,-0.06421364365958826,-0.1787786836877583,0.06925635354269272,0.394311407602363,0.17210146941550414
-0.31693918676964794,-0.479954253636489,0.39086351440283734,0.49206483405892953,0.4322334493355596,-0.1107567191730594,0.05082192812192343,0.42963663814471453,-0.020805579867079538,0.33232181747350187,0.39883676259229917,0.32888503326535157,0.07737695517662624,0.2673983536480924,-0.34996550588063435,-0.39605877848250887,0.44411099440777124,-0.2812065295570621,0.642461369410505,-0.4369277312204205,-0.2133233918310885,0.0,-0.1152773506377891,0.3229840299141113,-0.47555988481981165,-0.42768275777750225,-0.36682865227744804,-0.12865739498878148,-0.09445308687531051,0.3659765752675159,-0.4262111912233937,0.2571393569712968,0.12068342336825783,-0.1346267858635442,-0.12539359073346545,0.0474639120798907,0.25683172102204604,0.4822272211283364,-0.14931272519491312,-0.20222450711355566,-0.12277302781694249,-0.0973127139017772,0.489067970962751,0.33848430894767545,0.2648784152187934,0.4378449740004193,-0.095425794263996,0.4848382731193852,0.47420881618201893,0.2648082799367439,0.5438247902867537,0.7126660879667602,0.5929465708406407,0.5384122353430074,0.5085682219943986,0.0,0.485662015246703,0.5278224891529122,0.0,-0.25206824330705546,-0.1725967649203619,0.4048716911395529,0.5363894744643716,0.0,-0.17432396073374173,-0.250871346601266,-0.30064196564780377,-0.23821732137029195,0.6742954852883167,0.49388988364149344,-0.2980244542621804,-0.1504906456334522,0.4236867978713859,0.4747085006484568,0.5639136874633561,0.5791381799254909
-0.17889049714231736,-0.4247788551792836,-0.007853683640902054,0.4974134832711182,-0.07135698046470768,-0.1567207295654604,-0.1355469404054392,-0.22504283736292946,0.033782547311997424,0.41634213640015855,0.22888211271333705,0.27214223567647244,-0.1576312160112895,-0.14564132567152188,-0.353836041283173,-0.3059465005182978,0.48145475748323263,-0.3021694110359593,0.2359921519910185,0.08467578948076043,-0.24734956342734676,-0.1152773506377891,0.0,-0.11783259605207386,-0.13586836447554812,-0.030826172041135746,-0.12409242481482369,-0.2416875642162829,-0.2131711408905833,-0.27159173632595346,-0.3378624993316928,-0.260741181454822,-0.15003205006379505,-0.31259883456489573,-0.3128819020912795,-0.24726198341501715,0.47909022703173915,0.2770089527712505,-0.06604797582695265,0.42287844563366017,-0.14824944190865996,0.48382001337542,-0.09603626779272662,0.4887815727784958,0.6472954736543273,0.4433583367191995,0.4287339743025611,0.29577955641317194,0.3874024711064508,0.5299665683388168,-0.22222348564403777,-0.21991376220912967,0.008189229381737106,-0.09398099704786617,0.5342821323652787,0.15346642919542258,0.48916817541445734,-0.2117619638581844,0.08294436193382188,-0.2686805975517414,0.45867640311781677,0.47575278698638823,0.5323263131578858,0.6623880479272575,-0.1904634519893294,0.48661659575288807,-0.2827743838752512,0.09233774636480652,0.2272998586544025,0.35083287143357317,0.32007889529792866,-0.18173759660356092,-0.15743239280239696,-0.13079234290348318,0.518886099337278,-0.058525979550016816
0.24451778396664092,0.34127647118463994,0.4252425538539876,0.23777218922840945,0.4799242388354985,0.2949907528782889,0.46609866312103676,-0.15413898088378258,0.42229950046048004,-0.041324273029146846,0.46209765383945534,-0.1400820832219002,-0.16003436345718394,0.6024940742640377,0.05219749382499811,0.3855576341719392,0.16713276114368247,0.0017305327526117575,0.4680790612043563,0.46625559965859287,-0.035800480643751215,0.3229840299141113,-0.11783259605207386,0.0,0.1884438428633881,-0.22244584104742768,0.28074201955065947,-0.07243804168896523,0.5121220543617461,0.7873045955640081,-0.08909322196581937,-0.10772280378964799,0.15787358842723087,0.11747389675195996,0.06455793272515539,0.2807754439130991,0.41330780150842883,-0.059713116683929396,0.28893684763318717,0.41633440476773553,0.1706552573096416,0.14746109613075659,0.4816281561638456,0.43935539925987477,0.07972603740807988,0.5808185371839972,0.4764456355411888,0.0,0.0,0.42362507155954404,0.536819552311884,0.24790298560288165,0.0,0.1278499305434829,0.12353737354699637,0.5798085346553282,0.014694053592255951,0.3787029209103433,0.0,0.14434423470517782,0.24100103564892558,0.016731758205486003,0.06618411438021882,0.5205229961261961,0.2425964764824317,0.3540980474769862,0.12210606631283163,0.8332270802573987,0.28237764460582765,0.15573196290320543,0.1684861314431534,0.47613348979265996,0.5732150178343575,0.6784849883164443,0.0,0.0593652176807587
-0.15769005689193644,-0.38592200056571163,0.36058014571599517,0.8374966621962516,0.35832020804719633,-0.05827065519616248,0.3106414620095656,-0.1634523699067003,0.3561233779180438,0.29533187461375526,0.6108193836084169,0.10020833433455861,0.08521095510028212,0.5220318606581412,-0.3067226390386998,-0.18519059387995873,0.26423022496936344,-0.0015578297711125733,0.5553384615210224,-0.3426126534776359,-0.24929797545077997,-0.47555988481981165,-0.13586836447554812,0.1884438428633881,0.0,-0.13633071344105682,-0.2234653723933483,-0.06254598374071868,-0.09882868227098845,0.3536217204716152,0.05335140872913263,0.05548455403717778,0.3148260804294317,0.3024956653009574,0.005749905820698231,0.4229626360589248,0.5457695942595616,0.38057771505712523,-0.24064848841775727,0.05283344247794364,-0.07442233748685761,-0.029792082509547513,0.11038728904947463,0.0,0.4336635218793593,0.2394084832635584,-0.29961483681148077,0.0,0.0,0.0,0.5109092065556944,0.5421026233670269,0.6517427462524801,0.3514436952433677,0.03503589752393299,0.47270464941725376,-0.148978857733172,0.3529496865389821,0.0,0.5032140823100377,-0.18794595913376838,0.02766991451618267,-0.020156089216402162,0.0,0.5882161248155063,0.4225850337093428,-0.19300564162754053,0.3987787834126782,0.003222588360133616,-0.01874532841059956,-0.015520574691507305,0.4090418396718218,0.6657084087581283,0.4077062093099094,0.0,-0.04768720847874752
-0.11938094385692721,-0.35495675476641886,0.34859905441820854,0.498777077017437,0.3813125446449336,-0.3076532044214031,0.360712660574348,-0.027808028028512344,0.49972561371961505,0.007493206384925788,0.6095465771517556,-0.13720487008640242,0.08633411775898786,0.5257608294599837,0.2248240634312955,-0.39877198446602496,-0.08059236047010743,-0.10951394359595318,0.6052197224246891,-0.33094322163853646,-0.3762793226461108,-0.42768275777750225,-0.030826172041135746,-0.22244584104742768,-0.13633071344105682,0.0,-0.45632367196076096,0.006930200264198549,-0.26216278651645664,0.30747288849247933,-0.10227191364621147,-0.04322494652628661,0.0385002169654442,-0.029172561261886554,-0.22942127764362158,0.3637282434309795,0.3921314754688173,0.041164645943351674,-0.2936551745198068,-0.11982903481794976,-0.1911875588786749,-0.11324880770811785,0.23296023385114173,0.504529768305786,0.4280760895445588,0.2995406766110994,-0.3938944271051542,0.549808707388245,0.0,0.01485797982592104,0.514813523836064,0.6773880465324762,0.5649013840889684,0.35412759279051853,-0.11080227823593275,0.0,-0.23014738754516012,0.5761458046783867,0.0,0.499841440316565,-0.24334387846659572,-0.09454635946404277,-0.08403271475106655,0.0,0.4448414662229915,0.5260043695744855,-0.5055344756322615,0.3784261728746823,0.014299864694737263,-0.11890881846007684,-0.10335942770600975,0.410560402451183,0.5028636287348662,0.5111791232676526,0.4584348719213043,-0.061734345764804466
-0.2180303790697818,-0.2647774928736649,-0.09603977668776009,0.49456315833979725,-0.07734809739641868,-0.15600255666505636,-0.1681273632872088,-0.2559344557830899,-0.01197254070812237,0.32655651254539125,-0.12956443235223164,0.5389593489699785,-0.1495715778058021,-0.1311006195002744,-0.3142324416113557,-0.29988953276616614,0.6377973943362012,-0.24968661816878512,0.08801489646824073,-0.31901445745418433,-0.25697197136961003,-0.36682865227744804,-0.12409242481482369,0.28074201955065947,-0.2234653723933483,-0.45632367196076096,0.0,-0.27339710999383776,-0.2145043425562574,-0.2924914500663861,-0.36429955445735174,-0.24773949367751424,-0.27468247801856804,-0.3395505651535295,-0.31960413955192846,-0.06437218412836121,-0.05467435868185305,0.4535452659174718,-0.17045603427270806,0.31328848422045663,0.4567437180679697,0.43942973962008,-0.008272057187639292,0.5743430797008691,0.4015042124202566,0.4176654127115196,0.3774563647857181,-0.053794986350616414,0.5062169561277119,0.47814317333321865,-0.19650209674694713,0.4884292996000159,0.09781068133240517,-0.2121153005258325,0.60381723267782,-0.19634213896557623,0.30959499018794323,-0.29086047017479727,0.6172875143443941,0.4957045723502649,0.41569271043333467,0.0,0.616857268096149,0.5255679898037162,0.43591845673170254,0.46388507192323525,0.40177836206870443,-0.19744104284294084,0.0,0.32622017344488163,0.3119143916729604,-0.19264246048000383,0.44972244157281716,0.4828766535567024,0.3468409083768328,0.46327744673236304
0.3642830700128869,0.05800179411672543,-0.21235806382213057,-0.10337557891168553,0.0828500086178936,-0.2765474940662718,0.17575050527402875,-0.16591786738513015,-0.07058836850342098,0.07868127097787547,-0.09789113655570303,0.38972349895444613,-0.24788339920558067,0.5645641612120011,-0.1738072635482944,-0.13594735722733364,0.25650498961603074,-0.09569621331613776,0.04820887063233964,-0.2652503943843758,-0.16226746820322174,-0.12865739498878148,-0.2416875642162829,-0.07243804168896523,-0.06254598374071868,0.006930200264198549,-0.27339710999383776,0.0,-0.2716522614237212,-0.151430612249134,-0.14004582893531964,0.006022649576578498,0.2413199552138891,-0.027585735312444737,0.2219578388380044,0.24301005245221424,0.15419163839420294,0.5938930020862501,0.4539195580467847,0.36831864149806093,0.4719302822277833,0.3007754206886947,0.5441945409203763,0.4466682615591243,0.6343562598657666,0.6628542040936106,0.5166066697941014,0.47760640476477734,0.0,0.6872086231298599,-0.07871575708611828,0.5418783511247179,-0.11392830221374334,0.51484319637414,0.5674675281319623,0.5365231358618805,0.3931954799006518,0.48908114988464535,0.3247284499276222,0.4407711007801774,0.3973082029751084,0.1726573341432358,0.4712707159993281,0.6305547162685368,0.453822585544001,0.510884122416339,0.457021716997161,-0.1259484492620071,0.5143319069009178,0.4583384709459543,0.3620040181738011,-0.04080020275188856,0.43260325330349964,0.43459050032628654,0.48989558439441827,0.4199455231643975
