0.0,0.6014160157755478,0.1641835101844919,0.0,0.3203617464883128,0.5240734096187805,0.41238800309014323,0.4783786305105702,0.6419711413464447,0.568773691723939,0.38021086877182025,0.43178526694750713,0.6845656404364038,0.3784828602954342,0.5396456682505859,0.730210622460467,0.4505150863732062,0.5992298072023354,0.0,0.38403251973832775,0.36370168568611344,0.5626003123551122,0.44040614702129477,0.389058783789319,0.42671199044552366,0.6067898897726405,0.5062749729284967,0.921688236894358,0.6107539598297744,0.5827946495562439,0.4639722095361078,0.6315220563280586,0.5801138182521688,0.4583204459891253,0.5100810294466895,0.613266978653892,0.4255502525532626,0.6424779113066705,0.45871716645842797,0.336113080994872,0.34228829698977226,0.6427810521249384,0.4693466845467785,0.0,0.42169818846188245,0.2207055394566801,0.4077162168723192,0.0,0.0,0.0,0.09677933573715936,0.0,0.9869101949411143,0.0,0.6838147302711973,0.0,0.7542313225637205,-0.22178080898726177,0.0,0.5657540009127042,0.5178060805162097,0.28595289193916856,0.41181151030675023,0.0,0.43832887314111435,0.5367480874009759,0.44667345761456856,0.5797286294981446,0.3549707416828911,0.4894940403645511,0.39926040333658747,0.696712643573385,-0.5034968845676308,0.4655090794804667,0.0,0.3486991724006544
0.6014160157755478,0.0,0.4500114579210184,0.330089818462412,0.44670185292288317,0.5071317125808179,0.5398595552330749,0.62534652707532,0.49009448739898065,0.3381378145900668,0.2978947230416492,0.4721844404622858,0.6448278811620355,0.591346673650672,0.4466947821619599,0.6555102602238847,0.5693222461998397,0.8158221683109534,0.5350157306641714,0.623113588928252,0.5017334605798176,0.4701532339857529,0.6416171962095595,0.40525414015534,0.45163580246434665,0.22136497512402462,0.5845675242995146,0.640079454783633,0.5359669006945768,0.449522590684395,0.45558811483636324,0.4953472127879468,0.4157072883795925,0.376034062465496,0.5669104672385868,0.49177296316909935,0.21034255644671374,0.0,0.5988286371512481,0.8042386774305557,0.534077707571663,0.6502466008545467,0.6190441802041494,0.0,0.0,0.41390704133757933,0.6192991561020633,-0.03513316862152312,0.0,0.0,0.5544797207084963,0.5881868075468399,0.557770892295925,0.5247679653646459,0.5945939854061275,0.0,0.42002686753123775,0.5676406313750963,0.0,0.4590156586083524,0.7281154843224054,0.5994352138248746,0.656894595703521,0.0,0.6038211277843534,0.5270033972966088,0.741175847761181,0.5090757120645686,0.22752809440304356,0.6061991260989661,0.5693645461981994,0.543252349412771,0.5274700242545354,0.6082322074200217,0.0,0.555302803074242
0.1641835101844919,0.4500114579210184,0.0,0.5385779557152197,0.5505804739934446,0.6644403330386158,0.8058511247681894,0.6008735153166395,0.3765097831123981,0.46530229692893404,0.5510100905798373,0.586921012651207,0.8288757265242714,0.7692333979772358,0.3707703089085929,0.34604332267501425,0.6666113871124315,0.5684552689669593,0.4332091869136817,0.34961937235608526,0.3815653638142519,0.44863347234120343,0.4558100684390089,0.42236173442751745,0.45782537285248126,0.4401786499146183,0.3150969925221729,0.9099885435841693,0.6045940561532407,0.5887158094325491,0.86559293447666,0.7171006331347032,0.475414694483937,0.7777614105142066,0.7766857816106878,0.8356569000864678,0.6830233404524311,0.5483336639219485,0.6706272760694121,0.47197975033157036,0.4790692171851461,0.5254004751020894,0.8779009447227291,0.6244203763492202,0.0,0.0,0.17024716036097057,0.4787808245855346,0.4691964969524527,0.5313845244458535,0.628062381276047,0.767512547854547,0.7342770865619314,0.7367907108951768,0.3287826837600929,0.4395495620123585,0.4843993778382846,0.7861739905889564,0.5289784619577914,0.29789683478910745,0.0,0.0,0.0,0.10519428203258893,0.6995917987518032,0.4599981594090965,0.15972975495152625,0.7459888679404592,0.0,0.6135054649533969,0.40432735940079956,0.8047871375226409,0.7262329248554311,0.6307347524040054,0.6664872411421718,0.44959634430076334
0.0,0.330089818462412,0.5385779557152197,0.0,0.4145815873771468,0.5707125276734116,0.2973395145041239,0.37045443097576664,0.7266814512369302,0.3802698391537365,0.9690707881611986,0.39820318822265444,0.6594052460458408,0.5011840272261164,0.5528233417671209,0.05817635383662615,0.5557764855432895,0.4694153975603304,0.5345856565326638,0.46784291962031976,0.3467867498550212,0.35995970009613454,0.7010514909459533,0.21549000439609928,0.8377533864234941,0.541295690783905,0.5269217945289585,0.49779224828324503,0.4283379701694744,0.43007148846555776,0.5424434128903249,0.17603396166776383,0.20774773556244738,0.2973627043726796,0.7023962096154677,0.3062754188522937,0.3404131829574759,0.34573195453847416,0.17822373341961767,0.2848089247690969,0.38203626852669437,0.286327419722193,0.2512371039209961,0.22520258947402952,0.0,0.0,0.0,0.4955934941397563,0.0,0.0,0.5474088291358619,0.0,0.4710619900406673,0.0388449004056973,0.0,0.22354146948400738,0.4962689180142508,0.5134818354440964,0.0,0.0,0.0,0.0,0.0,0.0,0.0,0.0,0.45678578770357137,0.6207428715228291,0.0,0.0,0.0,0.48302418621068843,0.44774576906907937,0.6263746137357521,0.0,0.0
0.3203617464883128,0.44670185292288317,0.5505804739934446,0.4145815873771468,0.0,0.5757840106144609,0.5139320496585841,0.5628793995141417,0.37573470022595645,0.8711522908679025,0.6232950266556192,0.5787832375281776,0.7381553829717244,0.4038643536371995,0.4780251753894634,0.6294240887927391,0.5231766162272656,0.061114004544534195,0.4456188237311193,0.5933066735451471,0.500494541818903,0.577041239430155,0.573535124590399,0.5197579251091936,0.3582208120924246,0.3229956657350966,0.5882985294614067,0.6903225439057608,0.6313756458254703,0.4153119542316863,0.7575116948280363,0.23208527062784534,0.3960922794488704,0.7160904292887363,0.7187081669664234,0.6444705067525809,0.4335907472866978,0.5770203143322621,0.5289401655299658,0.6406410833698213,0.45122719109939413,0.3989808959479596,0.5635776195443782,0.6352783785096531,0.253710352221412,0.0,0.4324584567256111,0.558137749298313,0.0,0.5264930954572281,0.8461240447072753,0.5886457586086136,0.5092491037041212,0.5809087078759082,0.0,0.47857545617982145,0.33836545389719613,0.6314190025479053,0.5193450273100982,0.22016042740309044,0.5116563168452104,0.0,0.0,0.5846031435428628,0.2825111274009401,0.42534718145852546,0.3149146483979759,0.5356591923966554,0.0,0.4735244407104465,0.45787878661965936,0.4037805613335196,0.583175475762769,0.4844446666297173,0.0,0.5086862810521011
0.5240734096187805,0.5071317125808179,0.6644403330386158,0.5707125276734116,0.5757840106144609,0.0,0.6158196567605672,0.4973761867224283,0.38807123924256837,0.698453574795163,0.7231234347655819,0.5790533149675445,0.5639894696943084,0.535602048371664,0.6490582794435703,0.5929950807318924,0.629280763120381,0.22108781001761818,0.4393718910559728,0.6240498492481186,0.5718870184999011,0.48669195011129407,0.3964151350511345,0.7509074579111522,0.34731610001807556,0.5125802946653167,0.5271847271061066,0.6574868405449101,0.5570988941910227,0.5958962797662788,0.7174057206038037,0.3745063077574257,0.6767985576192691,0.570303764211072,0.5737299527174491,0.7123216419999887,0.6910660641294482,0.33144173326471926,0.4375544552701044,0.3181961283061511,0.4177370436884707,0.40354498380830084,0.717912613981109,-0.36895883006697244,0.257491079817611,0.5433833116481428,0.45483885907496924,0.559206380901326,0.6105004698235732,0.43849706161772195,0.5049168896194562,0.5505821219028728,0.3758473409803954,0.6608546480039682,0.6320435675040665,0.7265386065527191,0.500107895322849,0.547009381092099,0.5763471218642126,0.19499531231714562,0.5037876965914176,0.0,0.5219025099500937,0.611138296799951,0.19580290071914855,0.24966013272740667,0.5391514152708925,0.49596560094359043,0.5777726601927073,0.46374891591050205,0.6595771373579482,0.4629890868600653,0.4326478950346113,0.3914414163730362,0.23344612196023729,0.4634912325825227
0.41238800309014323,0.5398595552330749,0.8058511247681894,0.2973395145041239,0.5139320496585841,0.6158196567605672,0.0,0.5529562714664485,0.5738692019671604,0.21679895409162325,0.8990059749704511,0.4061944029128977,0.5767846404372077,0.2225217827590489,0.4945247050874403,0.587119587700121,0.5008816697611583,0.458594194523163,0.8108415651871712,0.5776351476864905,0.4586930860822153,0.5860288426318758,0.6297575650936138,0.45208715301688185,0.4243895718216182,0.43774124823759464,0.6269498983697024,0.5381294026696426,0.6412414651285598,0.6608206276991149,0.8165819512577717,0.8545619106240425,0.6184900529549472,0.7973416387251707,0.8307667097771725,0.8222346082760654,0.4098021414792046,0.6346331304577914,0.35706732929777096,0.4295675048320069,0.5131457069043013,0.5216456602229482,0.5610220658720895,0.8006928486162654,0.3272485369330598,0.0,0.5004810266962716,0.40675197402071955,0.0,0.5284112535726165,0.3136721948070563,0.5763766118967272,0.29114164499178685,0.5941699472181795,0.5459762334779229,0.5230666322029023,0.42804867695168247,0.4780864316585649,0.35453244140953205,-0.40153719864725035,0.567002575142136,0.0,0.5254923472364986,0.5665084441953155,0.545782868445062,0.503471410035206,0.5035780052048416,0.42028411303855784,0.4724418313445581,0.5559111082283803,0.5353988525380823,0.3368067763802055,0.12505882597905127,0.1902222563241136,0.6791551127844602,0.5153829406643201
0.4783786305105702,0.62534652707532,0.6008735153166395,0.37045443097576664,0.5628793995141417,0.4973761867224283,0.5529562714664485,0.0,0.7677506445875102,0.5140458570645114,0.6361748493570785,0.6088201347430575,0.5804465705499647,0.5168974334149141,0.24470231082143507,0.6863908711474183,0.44242259902505626,0.44032030148591905,0.30619792345405367,0.42726330325655215,0.2949161822180625,0.4652596227524186,0.45883442821874887,0.32141536004797083,0.41276996540198563,0.490842785088226,0.6304216476132865,0.6655217299731534,0.44596908889062437,0.483815017274979,0.5912990516381107,0.3669907909540032,0.49333211136193045,0.511574859999122,0.4137543505742791,0.587125888075843,0.09272925534150828,0.5951712299751122,0.15785172737354816,0.4531769945386976,0.08844225424904079,0.09498261271459013,0.5744131480612704,0.4720879121683454,0.0,0.19668502953357592,0.3457163405391753,0.5875304667496496,0.0,0.577938912217931,0.22291838612314885,0.3948393456223833,0.17320499313169002,0.6311528580030965,0.7935952395712716,0.7447091262448166,0.8891145422677929,0.2251148877086809,0.1861514302406322,0.24987946990731635,0.3811119176051786,0.0,0.7183908370867715,0.5830336986310004,0.09309975773068052,0.3672671065717502,-0.14577551393165727,0.391249231239177,0.0,0.5184381785975423,-0.045331561631570094,0.1748265786815471,0.2692895897448936,0.16044379861854086,-0.003327610828384453,0.0760465054460604
0.6419711413464447,0.49009448739898065,0.3765097831123981,0.7266814512369302,0.37573470022595645,0.38807123924256837,0.5738692019671604,0.7677506445875102,0.0,0.6518021125401626,0.5384951677098658,0.7812198723487206,0.6638698650613923,0.7411426976485276,0.6320789597192773,0.8529662640781325,0.4877280946317415,-0.24793027599668355,0.22034492538473024,0.6200378928561028,0.5311747473200659,0.6255342433950176,0.6786709198946193,0.6648241510824846,0.4135687168586095,0.5842212998651203,0.5977712282552629,0.8512703576471241,0.4450886624400815,0.835760765429665,0.782453352640028,0.6987194646449837,0.545872268491266,0.7335856427028958,0.7701689946779486,0.8574183310230383,0.7489338362536384,0.6379258751683816,0.6512202365087538,0.5501287461255205,0.40277374626407736,0.28511002935823637,0.909877466503885,0.241600123327775,0.3147524782698011,0.0,0.4473476151034007,0.723698149842024,0.4711268651484528,0.6629186958791831,0.8309710581680672,0.617108183460682,0.8248109128579237,0.6435086865219253,0.2649934037495076,0.9297668891581541,0.5959849830276387,0.6234802602852888,0.5573076771884983,0.3947416110274652,0.6301058805583258,0.0,0.0,0.543901030609631,0.5754960378394504,0.625449208828889,0.5162008216998918,0.7757173121242564,0.3247035307394103,0.5450560033072444,0.2505894228471517,0.6763591102546795,0.4656689437874284,0.5507256194396781,0.4849528620016692,0.5596303893402591
0.568773691723939,0.3381378145900668,0.46530229692893404,0.3802698391537365,0.8711522908679025,0.698453574795163,0.21679895409162325,0.5140458570645114,0.6518021125401626,0.0,0.7746799775788916,0.5365626368687894,0.659056770839717,0.7465132333129013,0.5178706179523651,0.5394135579669307,0.8996189971520769,0.6219029709440089,0.8003108725209824,0.41674438739178765,0.4975371371780551,0.4356883884247727,0.5092349554338044,0.6281937360648904,0.6341037763284627,0.5943720916698463,0.41910958486959293,0.7593429669848575,0.39465011466491917,0.33298666820694556,0.8323083758898561,0.4986751153152587,0.7242333669159291,0.8803321234111819,0.9622197022592061,0.9963618420749718,0.5035633550047689,0.7936508429340483,0.5180311634528689,0.41508661335244107,0.6120173986704097,0.3343154259534712,0.6461526353361953,0.31963457050380206,0.7434430264060012,0.552741705982341,0.5142202297270883,0.21671931885902534,0.46162656754272635,0.3845706568813816,0.4535730461152224,0.7803681611619386,0.5582680664756035,0.29452993953522943,0.5858773079173187,0.40763077627177857,0.6033052545014912,0.6206776950911577,0.0,0.856667164436794,0.5707780922540624,0.4390052288551203,0.5435315500536623,0.4661614046202214,0.48017990739033267,0.5325481295006937,0.3722835423384973,0.578006598984498,0.5224483311267019,0.5669341293309532,0.5314931924102368,0.5301225404604877,0.5331424535816656,0.4617908150793625,0.0,0.6811642126523747
0.38021086877182025,0.2978947230416492,0.5510100905798373,0.9690707881611986,0.6232950266556192,0.7231234347655819,0.8990059749704511,0.6361748493570785,0.5384951677098658,0.7746799775788916,0.0,0.880899348740452,0.8626515435501542,0.6652196818203269,0.0,0.4796153201585527,1.0655774592441674,0.9623877192843815,0.3715954417995848,0.510471790281313,0.5796822239437958,0.3696904895617511,0.6172077386093373,0.7371135770642298,0.6332745425296784,0.5320343918323758,0.6997873121278699,0.8189834236401179,0.417654817863298,0.4780776786069427,0.7462457617594321,0.6031029266300447,0.7389741790261202,0.7713682194288627,0.7334974692564342,1.059141269508602,0.8617278317765484,0.5383833844229147,0.598194836831763,0.3814390523848632,0.4808012661523701,0.4756272483656223,0.9022828416852325,0.567446014429682,0.2253460617577167,0.0,0.0,0.8711775718162864,0.47149821515353124,0.38846842611344184,0.5895680984552307,0.4846839859496773,0.9923736262817582,0.9832221318261123,0.5402815932727107,0.34124182309266693,-0.06258621322998636,0.9666694324838316,0.5437305697372188,0.0,0.0,0.0,0.0,0.18165185490569674,0.4054786450059772,0.0,0.7370440550499275,0.900734374450929,0.0,0.0,0.9838244077726979,0.963208941975301,0.4619904859008612,0.37482159932926884,0.0,0.544223773557446
0.43178526694750713,0.4721844404622858,0.586921012651207,0.39820318822265444,0.5787832375281776,0.5790533149675445,0.4061944029128977,0.6088201347430575,0.7812198723487206,0.5365626368687894,0.880899348740452,0.0,0.7474725842782635,0.5888559314177647,0.3238488198985754,1.229216496580394,0.8376272571030439,0.6623651860704458,0.5444225033301121,0.47975579792333806,0.46425797818761505,0.3366812332589766,0.3643748195294712,0.5208743222629264,0.6344642064908357,0.5692269378448227,0.5350718879197564,0.884999677398769,0.5625965128178502,0.28727790870455233,0.7403847885424306,0.27629394726610057,0.7058733766909392,1.0368578069645689,0.7678344319083471,0.7220084616750737,0.4170411006942859,0.4817006278331147,0.8898181491361263,0.4943952787248216,0.7038078660903069,0.5528005544929032,1.255386534449064,0.3738643726732107,0.6732320455991185,0.0722747012494688,0.5366571131425307,0.2611349413501549,0.20179591605915703,0.23920236995106076,0.3412760150564249,0.47435970640233305,0.2471553924535131,0.3908289590845444,0.613667238472714,0.25613877446059874,0.6850551802841808,0.5621490641314351,0.657323071930522,0.6113287517466204,0.5331651970929162,0.4627342844380886,0.6788516222479684,0.35421818353746315,0.7026578619781649,0.7199962715302055,0.4067120047433617,0.47405714913056307,0.4685387992355121,0.6587803545620653,0.5515064404203716,0.3229665163316671,0.729393267263301,0.5091794104078243,0.0,0.6488576326176667
0.6845656404364038,0.6448278811620355,0.8288757265242714,0.6594052460458408,0.7381553829717244,0.5639894696943084,0.5767846404372077,0.5804465705499647,0.6638698650613923,0.659056770839717,0.8626515435501542,0.7474725842782635,0.0,0.35519578318775025,0.7006400499583627,0.6642386746646861,0.4924212487420503,0.7016817978194136,0.8173793885256098,0.5914502979485994,0.5357294288712018,0.5933785277052639,0.6772843031022299,0.46247645408679205,0.6530890860017867,0.5418581607837799,0.7165760505907177,0.4822515588491857,0.5235726150073932,0.21120992202192235,0.42166717871472725,0.7845162793772422,0.7049541590675732,0.5223726610008178,0.6384369799210792,0.7465309225482439,0.4912841361748374,0.7846401008121406,0.46339683490059236,0.45427444006406953,0.6289941720457005,0.47697651098858257,0.5805104618436957,0.4324228382181326,0.40462963144893915,1.2745747463479247,0.5575413144254977,0.5149099674534647,0.0,0.6238217469377365,0.43228279027846794,0.5388411264090065,0.2968027735819102,0.6026991790446389,0.7308140252273809,0.49600695554481233,0.8007071132663574,0.35469682570644423,0.42781831942897763,0.23592221439303387,0.5395198203833576,0.3818571997023462,0.5118295502889161,0.5671101442136083,0.43341746790114477,-0.00735831006420179,0.4770786331190198,0.4706808155300151,0.4810121938283193,0.458625979588447,0.4739136673448855,0.44683301400771663,0.39745045701941206,0.3453955437478329,0.5184405452620512,0.4811128276034268
0.3784828602954342,0.591346673650672,0.7692333979772358,0.5011840272261164,0.4038643536371995,0.535602048371664,0.2225217827590489,0.5168974334149141,0.7411426976485276,0.7465132333129013,0.6652196818203269,0.5888559314177647,0.35519578318775025,0.0,0.5188340270408922,0.6603091481553072,0.45271775653650276,0.46710312856539327,0.7320380896102663,0.3781875872159695,0.4111962129857367,0.2688844356549367,0.6503479243233287,0.5833683666618197,0.20490399864145953,0.3507393202525545,0.71487790556264,0.3465684443485158,0.3522123693544625,0.8509115179367355,0.46143954696168377,0.27927839985325575,0.22147005926962426,0.7478176905895116,0.39377197368497335,0.38565762286994076,0.3021980731707474,0.40629906565573526,0.7612455145629242,0.0,0.6734211553026412,0.7722268379391752,1.0143102715453978,0.4683961142130487,0.0,0.0,0.0,0.541019253207819,0.0,0.5897572343237245,0.4678692182727251,0.5162832465564154,0.29210710937476003,0.43765591327192543,0.0,0.6111582892757337,0.9349779003221712,0.7548573571803329,0.45882130126892995,0.0,0.0,0.0,0.0,0.5150885868569341,0.0,0.0,0.0,0.65076829068081,0.0,0.0,0.0,0.20796279273817325,0.60199267063322,0.0,0.0,0.0
0.5396456682505859,0.4466947821619599,0.3707703089085929,0.5528233417671209,0.4780251753894634,0.6490582794435703,0.4945247050874403,0.24470231082143507,0.6320789597192773,0.5178706179523651,0.0,0.3238488198985754,0.7006400499583627,0.5188340270408922,0.0,0.49504742683902864,0.4601177853376791,0.3817663870406386,0.0,0.6453707194894505,0.4059054879299794,0.5400993949539308,0.5789972976844384,0.3723259757058397,0.3259880814517924,0.49419689881338796,0.45057401826658305,0.5009093125754931,0.5454552283656693,0.4371446881091062,0.5679203179652692,0.3864249215926072,0.5865114203301909,0.4691433614491499,0.4620663685479499,0.6283076867088391,0.36374541020689244,0.34339471390640686,0.2504929803230518,0.3996712005744505,0.3741062628335287,0.22632620114300883,0.45252961086994054,0.6014055940198568,0.0,0.6050810432486351,0.525055860721309,0.3969452994303518,0.0,0.0,0.3082772129598291,0.614113416965343,0.3798219400261274,0.48674254298523223,0.0,0.0,0.6447298331886228,0.07238881855690099,0.469287650789706,0.5797472269154521,0.6190298590975849,0.619720785049936,0.6855415390418798,0.0,0.49279023854635906,0.47762262673060935,0.706112009477514,0.6036690935209066,0.4394829553527597,0.5687512282482183,0.5812223129927743,0.44748631099556646,0.35891611064896073,0.38804294112468507,-0.2045414211096066,0.31215258199554385
0.730210622460467,0.6555102602238847,0.34604332267501425,0.05817635383662615,0.6294240887927391,0.5929950807318924,0.587119587700121,0.6863908711474183,0.8529662640781325,0.5394135579669307,0.4796153201585527,1.229216496580394,0.6642386746646861,0.6603091481553072,0.49504742683902864,0.0,0.552332210244332,0.6623352031350922,0.5144861708935047,0.4101590414936688,0.5256879977517663,0.5689790450161654,0.4831410017852781,0.5867096681132291,0.7118326305101775,0.5000538840396184,0.5297766005723379,0.6463281950100159,0.507827134207375,0.4046295884668109,0.5237760608983906,0.425215324433492,0.3568555573778841,0.4434451309950758,0.6044978401564709,0.6450066133673842,0.4465854766333108,0.5593095104973782,0.7889585611688528,0.6871542090708619,0.7120940872511476,0.7276626933085533,0.47025597731081026,0.0,0.0,0.55084259500142,0.7744580988990157,0.0,0.0,0.0,0.5368719724418993,0.5574167638417187,0.8849539353125773,0.0,0.6527284342406687,0.0,0.5472906261360713,0.599619138553834,0.0,0.43766931356162486,0.8236561154867728,0.6104363556582645,0.7855661219999029,0.0,0.5471329283145376,0.49745383990026654,0.7003514908826178,0.5966346269151457,0.5178611030558649,0.8416443378633527,0.7018289702707583,0.5672457000023885,0.5348559997049818,0.6039167561813046,0.0,0.6152042668441506
0.4505150863732062,0.5693222461998397,0.6666113871124315,0.5557764855432895,0.5231766162272656,0.629280763120381,0.5008816697611583,0.44242259902505626,0.4877280946317415,0.8996189971520769,1.0655774592441674,0.8376272571030439,0.4924212487420503,0.45271775653650276,0.4601177853376791,0.552332210244332,0.0,0.7199522875247739,0.6615190948811591,0.3854712596587093,0.5240131311927827,0.5382740459423354,0.4429936624343977,0.6768288881876203,0.5007497881701332,0.4913837081441268,0.6637690917664494,0.7544368350536064,0.33561733504437247,0.5330926500021032,0.7234554299744329,0.6743257452391402,0.5798766832218443,0.7087026643861178,0.8594655329405864,0.890334819568734,0.24282835539374412,0.7765880899405125,0.5339954831785998,0.6038446953245771,0.5743655330242863,0.5733087579116929,0.0,0.0,0.4726041826091406,0.6150327661576502,0.6331440901700152,0.0,0.0,0.0,0.0,0.0,0.0,0.0,0.5681893000507895,0.0,0.497530520463239,0.33666204623227924,0.0,0.7329304993678429,0.5183931428205883,0.3990522825248921,0.5968286533590145,0.0,0.0,0.0,0.5705710133301807,0.0,0.5836672933865374,0.7161197834116004,0.6927853937456072,0.0,0.3012658895939624,0.46989802240595857,0.0,0.6987750614598183
0.5992298072023354,0.8158221683109534,0.5684552689669593,0.4694153975603304,0.061114004544534195,0.22108781001761818,0.458594194523163,0.44032030148591905,-0.24793027599668355,0.6219029709440089,0.9623877192843815,0.6623651860704458,0.7016817978194136,0.46710312856539327,0.3817663870406386,0.6623352031350922,0.7199522875247739,0.0,0.5375925899964329,0.4874957350403023,0.5938090572137156,0.7013775721407469,0.38427082680343955,0.4373603294169444,0.449121312930486,0.4585976544210809,0.3921069913857359,0.64302243590426,0.4222636194801832,0.4673754451492772,0.510779453657112,0.4952242104341592,0.4540121230279209,0.6224015283261302,0.5487171990224597,0.49968234638370274,0.27099748139382973,0.4464969252416625,0.8315478569456953,0.6456882207589643,0.641145365927818,0.8146755906435995,0.0,0.0,0.5076733336081929,0.49269277395979616,0.8645686748213948,0.0,0.0,0.0,0.5663055833094215,0.5514316508495528,0.9069751733754905,0.0,0.6826269492400638,0.0,0.6321930238767262,0.5435484801336341,0.0,0.06581959693621842,0.8628828176064659,0.5837636803801827,0.6434475213565822,0.0,0.46448261301773797,0.6083623238603525,0.8029035454378093,0.734192237496844,0.4965202546783,0.7228102442765667,0.710603455250947,0.4880244328795823,0.6482031630919336,0.5754452433097106,0.0,0.7863676256512648
0.0,0.5350157306641714,0.4332091869136817,0.5345856565326638,0.4456188237311193,0.4393718910559728,0.8108415651871712,0.30619792345405367,0.22034492538473024,0.8003108725209824,0.3715954417995848,0.5444225033301121,0.8173793885256098,0.7320380896102663,0.0,0.5144861708935047,0.6615190948811591,0.5375925899964329,0.0,0.47678748884203825,0.43095897401850325,0.6145904963537308,0.38936497776838463,0.46203351321999775,0.5635221472715382,0.5439555982240103,0.5915067561306926,0.8455644991386869,0.6126221896960887,0.5754015389290493,0.746895846247924,0.706560275779213,0.4701403840200412,0.7441842676497513,0.6078445852270093,1.001374065006659,0.7605890866479559,0.33968467435681565,0.6711534564951347,0.387662853359634,0.32820176141720797,0.2806658960951964,0.6500619519352008,0.3415790205594994,0.42167538052197073,0.0,0.0,0.8407162041029581,0.0,0.42754154597072036,0.5835553254262411,0.47554189636532396,0.6039144261207585,0.37755126982131537,0.9637097051666569,-0.11238068738819657,0.5053672183262379,0.5614202259082259,0.4531653496700807,0.0,0.0,0.0,0.0,1.0476710726336065,0.4750115252217129,0.0,0.4312773298729891,0.7324838462972332,0.0,0.0,0.0,0.6002336788239071,0.5644461091758923,0.4932546474517833,0.4824035444997101,0.518122233079249
0.38403251973832775,0.623113588928252,0.34961937235608526,0.46784291962031976,0.5933066735451471,0.6240498492481186,0.5776351476864905,0.42726330325655215,0.6200378928561028,0.41674438739178765,0.510471790281313,0.47975579792333806,0.5914502979485994,0.3781875872159695,0.6453707194894505,0.4101590414936688,0.3854712596587093,0.4874957350403023,0.47678748884203825,0.0,0.5227806489736395,0.5059345192947928,0.39577549944251045,0.49419537816704096,0.7770734064217975,0.48099631836499135,0.6926862394309627,0.5886485952095621,0.659986554938361,0.5699785057176514,0.6501129696432715,0.2500180659411624,0.4133158668885563,0.40764133682479226,0.35873447847326234,0.6432069540067431,0.4566218636904321,0.6990352079878857,0.23286169078184735,0.432880203812285,0.16429787249168623,-0.01766085313421073,0.4855146113942141,0.21256028297715215,0.22374276384019623,0.48117247138239816,0.75958246168219,0.4499578729650464,0.0,0.0,0.4985214465910893,0.4903203785719509,0.2518406167954997,0.41921561245839967,0.8924498999232788,0.0,0.5394648505952868,0.5218180233027974,0.0,0.3354646473023249,0.4806654639681255,0.46944625690002273,0.5288402443671423,0.0,0.36440124750633796,0.17014364350570965,0.24347786631648977,0.39131899434287154,0.0,0.5190524382025568,0.3458485317286501,0.39645177962650696,0.3577776830582483,0.5003997828055519,0.4195749127999103,0.27395098581557137
0.36370168568611344,0.5017334605798176,0.3815653638142519,0.3467867498550212,0.500494541818903,0.5718870184999011,0.4586930860822153,0.2949161822180625,0.5311747473200659,0.4975371371780551,0.5796822239437958,0.46425797818761505,0.5357294288712018,0.4111962129857367,0.4059054879299794,0.5256879977517663,0.5240131311927827,0.5938090572137156,0.43095897401850325,0.5227806489736395,0.0,0.36108301955326494,0.450652211838535,0.33725530029415896,0.35499511933482386,0.5842251619016875,0.4779649614810278,0.5399276573389835,0.43052070328595415,0.4549418284805037,0.5083645311659049,0.3047531639433806,0.47236691659733376,0.2787118781013762,0.5001556327097364,0.38379932079138285,0.31424689047829757,0.5567361174738661,0.0871470166449724,0.568060432003688,0.10511894404109537,0.22116107484733707,0.5552277482848642,0.0,0.0,0.23818666460326207,0.5181914524084192,0.5976837492543439,0.0,0.0,0.31734108102102415,0.4107530078369881,0.08816717889593795,0.5137283825484167,0.5607826592447854,0.0,0.7117752820143153,-0.004582223290956755,0.0,0.26233065834955194,0.5445245960484184,0.0,0.48761361132487685,0.0,0.1907421790584068,0.36946717697935527,0.3841513885957839,0.2921032561713479,0.7889784959657764,0.4260850968573018,0.5669345614438712,0.24878694609630347,0.24138213110727785,0.25790184221466883,0.39697416623986553,0.15341558377266115
0.5626003123551122,0.4701532339857529,0.44863347234120343,0.35995970009613454,0.577041239430155,0.48669195011129407,0.5860288426318758,0.4652596227524186,0.6255342433950176,0.4356883884247727,0.3696904895617511,0.3366812332589766,0.5933785277052639,0.2688844356549367,0.5400993949539308,0.5689790450161654,0.5382740459423354,0.7013775721407469,0.6145904963537308,0.5059345192947928,0.36108301955326494,0.0,0.7210324631379894,0.37947666424768783,0.7219266397645163,0.5077558937988058,0.477996785209092,0.6901610482170419,0.49837745558916874,0.500912949036871,0.5010676676449959,0.3134149126003105,0.27033135676457654,0.4400755800722329,0.42295281641962446,0.4952983378284046,0.5632854483387054,0.48153627843031377,0.492072761506807,0.6260590120944978,0.5080602104462058,0.3799551574172809,0.4407248092457335,0.3286764031842174,0.25290649060319054,0.4851349453977569,0.7604375936619185,0.48460828095849984,0.4715041209138993,0.2605764893744931,0.4772973619369451,0.644359569243545,0.5237406962629421,0.557470719614757,0.4544643727656834,0.0,0.6600997846763303,0.5314292939357738,0.0,0.5190612063917892,0.7653337294064411,0.43616153032882066,0.8422041723596742,0.0,0.3154708176854534,0.4452291024414297,0.5560496479809549,0.39738992833562026,0.6800437364662124,0.6829489177273976,0.6341153753792244,0.40928859987786287,0.47562586289102116,0.35298233725806455,0.5590216696214831,0.49933166457977196
0.44040614702129477,0.6416171962095595,0.4558100684390089,0.7010514909459533,0.573535124590399,0.3964151350511345,0.6297575650936138,0.45883442821874887,0.6786709198946193,0.5092349554338044,0.6172077386093373,0.3643748195294712,0.6772843031022299,0.6503479243233287,0.5789972976844384,0.4831410017852781,0.4429936624343977,0.38427082680343955,0.38936497776838463,0.39577549944251045,0.450652211838535,0.7210324631379894,0.0,0.33185549275349335,0.2693808244502716,0.46680178140571243,0.43613114862545066,0.6032004142245044,0.576893255754747,0.4393995400985835,0.5635257176988014,0.48446827555901845,0.5515125144940434,0.5258483747711157,0.5186968819799171,0.7780956999573321,0.620251928039198,0.36779289782033,0.32813638364784936,0.2580362811807201,0.3281559179670448,0.32967359954446396,0.7880294152921454,0.5323926996036329,0.5564153323413539,0.616036442271186,0.5515714988339204,0.7489304980301411,0.42417773018228816,1.0259493670273634,0.4589756272401154,0.5273402488942434,0.28582664643466077,0.7531426659015503,0.5218561266310403,0.6856962569330036,0.4983141149353786,0.41480930641309177,0.44172783208732946,0.5007885154994727,0.5589928222437921,0.4801799073903317,0.5870692372346593,0.09296586677041652,0.4082426663251695,0.26280144640394426,0.4579441616316213,0.6047361135511746,0.2182687206898432,0.453584276516046,0.4800318425767643,0.3229994644912308,0.3444637118444406,0.4225970182010325,0.33943903818799515,0.3860692570884565
0.389058783789319,0.40525414015534,0.42236173442751745,0.21549000439609928,0.5197579251091936,0.7509074579111522,0.45208715301688185,0.32141536004797083,0.6648241510824846,0.6281937360648904,0.7371135770642298,0.5208743222629264,0.46247645408679205,0.5833683666618197,0.3723259757058397,0.5867096681132291,0.6768288881876203,0.4373603294169444,0.46203351321999775,0.49419537816704096,0.33725530029415896,0.37947666424768783,0.33185549275349335,0.0,0.4241288709150096,0.4132040310396645,0.47701091400358386,0.6807536892442027,0.5096785581748283,0.7901490437998235,0.8244919336325718,0.6738037599107755,0.6508597298504044,0.8399057806328745,0.9642084822582248,0.7812941459251727,0.3993887722006766,0.5983214908059477,0.7917842004662823,0.451051436244981,0.5075413950618263,0.6222029676027805,1.008415302193303,0.39619073855563736,0.2565876297870324,0.14380118773484915,0.5112033433683694,0.0,0.0,0.4658256358326331,0.5682236019423541,0.3009944469234792,0.0,0.05943632737227713,0.5852636992136001,0.546589164094147,0.4597712206745642,0.2596489540696621,0.0,0.21655151107423193,0.5205161583194108,0.4528430044816334,0.49947211594470114,0.4815811953397513,0.30163776193809305,0.3879691988439826,0.1788213342856344,0.8350749271443375,0.3592506981036221,0.5914627850824885,0.527220716598997,0.5093648553340402,0.3354463307871921,0.6458555554104204,0.0,0.5230534027547472
0.42671199044552366,0.45163580246434665,0.45782537285248126,0.8377533864234941,0.3582208120924246,0.34731610001807556,0.4243895718216182,0.41276996540198563,0.4135687168586095,0.6341037763284627,0.6332745425296784,0.6344642064908357,0.6530890860017867,0.20490399864145953,0.3259880814517924,0.7118326305101775,0.5007497881701332,0.449121312930486,0.5635221472715382,0.7770734064217975,0.35499511933482386,0.7219266397645163,0.2693808244502716,0.4241288709150096,0.0,0.21925983073477232,0.3619218517459162,0.6502677221361001,0.3503375687393574,1.2039121502862535,0.528740738293349,0.37517068651781843,0.49025329524820166,0.5096328408585439,0.5875547121456337,0.5904325516021367,0.5402749481948383,0.7817868189172281,0.7537681317512659,0.6416378541307348,0.6162149947294201,0.70921065812616,0.11062966575271822,0.0,0.444983733816232,0.4171585683276026,0.7629341217602358,0.0,0.0,0.0,0.5269730966896463,0.5353500252326437,0.9872680373895006,0.3573834189215527,0.5607846543558538,0.5061543519054835,0.5996234605080168,0.40816840726117803,0.0,0.2958082104728631,0.765489342326957,0.49428379447630977,0.5824109211140291,0.0,0.6497553733460446,0.49027299781394695,0.7462171347624373,0.67373796015414,0.521940553613024,0.6582546229334618,0.5958699592372949,0.4490973389622597,0.6596361634532864,0.49588825856256835,0.0,0.6074445136868688
0.6067898897726405,0.22136497512402462,0.4401786499146183,0.541295690783905,0.3229956657350966,0.5125802946653167,0.43774124823759464,0.490842785088226,0.5842212998651203,0.5943720916698463,0.5320343918323758,0.5692269378448227,0.5418581607837799,0.3507393202525545,0.49419689881338796,0.5000538840396184,0.4913837081441268,0.4585976544210809,0.5439555982240103,0.48099631836499135,0.5842251619016875,0.5077558937988058,0.46680178140571243,0.4132040310396645,0.21925983073477232,0.0,0.4996299712833093,0.5439920184552632,0.4578120419436034,0.32303051123479665,0.32967779169933026,0.4941446306835942,0.49984768862253337,0.35728576625188346,0.556286224200844,0.1793049429834247,0.3913517641508609,0.6276315800582849,0.6125112223413485,0.5968183065624182,0.6769113049684901,0.49065964701757636,0.26511422371187277,0.5241294961065213,0.477666540467642,0.4176114354397142,0.7259020799763377,0.5532280050423892,0.0,0.030838730929542327,0.49827818447583794,0.5798625435079628,0.5183214606942128,0.41543005846090697,0.5799736007096414,0.0,0.6149320795787205,0.33119041647461833,0.0,0.6218817804638599,0.752440166670317,0.5300716366187843,0.5506144936333015,0.0,0.47061876592613844,0.48461704194505373,0.73990042234344,0.5056250905602915,0.4233898934854843,0.6155192415025761,0.5948883152449242,0.5464196241656891,0.4746038185098522,0.6169706610640853,0.4701962821887813,0.5517439068824113
0.5062749729284967,0.5845675242995146,0.3150969925221729,0.5269217945289585,0.5882985294614067,0.5271847271061066,0.6269498983697024,0.6304216476132865,0.5977712282552629,0.41910958486959293,0.6997873121278699,0.5350718879197564,0.7165760505907177,0.71487790556264,0.45057401826658305,0.5297766005723379,0.6637690917664494,0.3921069913857359,0.5915067561306926,0.6926862394309627,0.4779649614810278,0.477996785209092,0.43613114862545066,0.47701091400358386,0.3619218517459162,0.4996299712833093,0.0,0.6950211503403783,0.7408647443640045,0.3956630412422818,0.5099223596007527,0.275262523193311,0.38114534951048784,0.44501576010522514,0.36143963198856033,0.5427610832109553,0.7212774273753537,0.8859442141802143,0.33643336574451044,0.3772480900936164,0.34283473385076896,0.24857748332408622,0.98185307540155,0.5900652118953795,0.37381620690178563,0.4006576850933914,0.4224821903222933,0.6890335207777882,0.5275044395353756,0.5422428984350497,0.6485687023740012,0.5710320356102904,0.41320019816048476,0.6829790600738326,0.6106191041091587,0.8743759610690943,0.36850645914549013,0.5451831446600639,0.6495084972150009,0.3772677950638812,0.5057711695731286,0.0,0.5575054723300087,0.7279418831889883,0.30548578183669084,0.2759542061966864,0.47203014005273836,0.6087142380496138,0.0,0.39477089150976685,0.5525233138022204,0.4131973580733658,0.31425233606885133,0.3865284700745336,0.1755437047019947,0.3901015518062141
0.921688236894358,0.640079454783633,0.9099885435841693,0.49779224828324503,0.6903225439057608,0.6574868405449101,0.5381294026696426,0.6655217299731534,0.8512703576471241,0.7593429669848575,0.8189834236401179,0.884999677398769,0.4822515588491857,0.3465684443485158,0.5009093125754931,0.6463281950100159,0.7544368350536064,0.64302243590426,0.8455644991386869,0.5886485952095621,0.5399276573389835,0.6901610482170419,0.6032004142245044,0.6807536892442027,0.6502677221361001,0.5439920184552632,0.6950211503403783,0.0,0.6438119145374466,0.5748597703563034,0.5645412035608045,0.7462090706708251,0.9172253238688896,0.5176780737872336,0.5994224494077265,0.5544727784759997,0.3603158629643911,0.7263491200148038,0.5286216830451772,0.32611681377926177,0.45256419809911796,0.2966375400123319,-0.15265833015359104,0.3938146576378295,0.5915656230595681,0.6053538415510546,0.49665018078819684,0.5418162915699595,0.0,0.6398843828158172,0.6821531882562228,0.5414798366605715,0.39172304505152156,0.532329849099475,0.679549393073718,0.5200011803676378,0.769571940721288,0.51023986872697,0.3791780528803933,0.3340671000983948,0.3867667605671311,0.1773802347117867,0.46544019879855747,0.6183308415601114,0.2831960434150262,0.06881626903467186,0.4402989630881327,0.5202447346178314,0.512022241746383,0.5127793834114387,0.45661747759216953,0.4375906778575741,0.3348004146591063,0.3589243310398424,0.5038318033012142,0.24351790517632393
0.6107539598297744,0.5359669006945768,0.6045940561532407,0.4283379701694744,0.6313756458254703,0.5570988941910227,0.6412414651285598,0.44596908889062437,0.4450886624400815,0.39465011466491917,0.417654817863298,0.5625965128178502,0.5235726150073932,0.3522123693544625,0.5454552283656693,0.507827134207375,0.33561733504437247,0.4222636194801832,0.6126221896960887,0.659986554938361,0.43052070328595415,0.49837745558916874,0.576893255754747,0.5096785581748283,0.3503375687393574,0.4578120419436034,0.7408647443640045,0.6438119145374466,0.0,0.40568887450299523,0.7154085047774101,0.21216410019082643,0.42225645871610984,0.5780874372872449,0.4165902262564667,0.5764737047716231,0.5104310903730634,0.5826406573762122,0.3147434117424036,0.46924126309976677,0.25903185722090594,0.2465765875019384,0.3858260172174736,0.4822347914759939,0.5738505053458164,0.4289233424274009,0.4854754493071294,0.4992692001353587,0.4013503463659681,0.38720415350521487,0.3802756500344729,0.36382275482650156,0.3416298902732058,0.4199689764717542,0.6645000435096928,0.4144906978349225,0.5245677703377013,0.36561284768449787,0.761912778545651,0.4137999152390827,0.563905599205478,0.46938921159030034,0.5254392305757253,0.5048710687349829,0.3247626063611615,0.2425973967246855,0.20344377708221245,0.4152948018371836,0.47405114084401934,0.5522698866289193,0.3707121500206595,0.44491281995183807,0.3375688563730811,0.3646702563550551,0.2046197337646118,0.3160422900874116
