0.0,0.36205770535849335,0.3576777421588116,0.0,0.30503230438906437,0.5276129207168785,0.44039376846980366,0.5717887410467835,0.3658599471555922,0.06187402478997164,0.8880214943942906,0.14509430381506866,0.9007315573459199,0.4069190619296508,0.42447754164577967,0.40924063335869587,0.45630542770700855,0.24567142510704676,0.0,0.6135697524828402,0.42819635281238694,0.38288165629898124,0.5465027245679757,0.5067786278734026,0.26892623875342103,0.3849469414915325,0.5200043466850301,0.7181350146989548,0.6119713363674035,0.2993255696750185,0.21366480908192625,0.8131491420650667,0.5309326867186512,0.3292878707779021,0.10144711762414568,0.8970272847523367,0.44481697587197955,-0.12292294899330736,0.5238075591693389,0.45587986788264506,0.29465561903756343,0.4596811278422641,0.4902011647295015,0.0,0.4478112934246763,0.43259245893147014,0.30731246292658926,0.0,0.0,0.0,0.5036698011153732,0.0,0.6114352428934137,0.0,-0.22062709963403437,0.0,-0.10653610004233116,0.8018492896836544,0.0,0.5510919400393084,0.1986303483086046,0.3309764624197026,0.10290897890192552,0.0,0.46315200854075805,0.3839866397530115,0.44187511710959926,0.6250252807277208,0.47438475694870996,0.26516514913941563,0.2805087325301673,0.4957798028961645,0.42876634023944504,0.5247620011972182,0.0,0.5150502945162534
0.36205770535849335,0.0,0.47908036525754166,0.30278856990933434,0.39992946646605776,0.37247318734030455,0.4097596864459834,0.14716531636037788,0.33129790213683596,-0.015495033559712962,0.30303238904005525,-0.2289027764395115,0.3796260319160359,0.545575017895451,0.3846098986819998,0.2805848527178644,0.645717981591361,0.3380092270130677,0.5180943523404086,0.29867565448383576,0.32747840321025434,0.3085614089659895,0.3904426192803783,0.16548403099527426,0.25513031407405207,0.20090389267071518,0.26183721470286825,0.44265137898381923,0.3780924927349025,0.48250831381786763,0.26002394648267474,0.5943228391906836,0.42216411298773127,0.40599131471977934,0.45537563725688457,0.5262732015992753,0.19540023263020972,0.0,0.4194651288494091,0.4518280129143605,0.41681370029157405,0.4887026349990312,0.5955541448977084,0.0,0.0,0.36213512165493755,0.31593850420136577,-0.048542086088109226,0.0,0.0,0.5935732063352899,0.5626725604620471,0.5608786510155493,0.5348339461309244,0.6375463751100032,0.0,0.42551723796316554,0.561564832361138,0.0,0.41418606096725985,0.28752731630209516,0.6673671472280305,0.08102103237360986,0.0,0.3829171159166437,0.576460010846626,0.4906974589811512,0.12014481625099782,0.394212317366877,0.11662713431237487,0.3660096880397661,-0.08611209513833262,0.5150235055456547,0.6957293299655838,0.0,0.3206614795222226
0.3576777421588116,0.47908036525754166,0.0,0.5195300437952501,0.4761810745797824,0.50916706715513,0.41837309473099993,0.6372984340563917,0.34091526227861146,0.5054597378848877,0.6007504882515127,0.6135871997741604,0.4215977597032041,0.5737178000323382,0.402620256671019,0.3317043027409416,0.5850471234540707,0.5833412575437662,0.38574871554164186,0.3369375985345734,0.3631074318479906,0.49859062243044416,0.5472884388611045,0.41987051092632566,0.5419191555902888,0.5193730200324216,0.4911214401789028,0.5142591376411898,0.5753390146062805,0.36054786124940114,0.5376743901177512,0.49944367967242653,0.5093232917769994,0.5992096865552445,0.5578179304715033,0.5028452858941277,0.21469984694491495,0.5308377542185863,0.7100575110900391,0.4619202467601655,0.45038174988616814,0.46453217021510174,0.5168178335725183,0.6242112574577896,0.0,0.0,0.15427131754528683,0.7765892395666443,0.46076308519102516,0.13022233894521656,0.6421998659616373,0.6023000329650565,0.7013741071752786,0.7399442645716767,0.30452580424544257,0.7989442473282466,0.47970415805263317,0.406661594631066,0.5196225702625811,0.2997093326290421,0.0,0.0,0.0,0.6995318765869887,0.6754933337960125,0.42942990879950127,0.16389035806499938,0.7326087636891123,0.0,0.6196473546331658,0.41718197420369785,0.8565227547267527,0.4907284483614731,0.6366707570408209,0.6323372277703376,0.06942524733339933
0.0,0.30278856990933434,0.5195300437952501,0.0,0.37546879081742984,0.6158081027231186,0.3917317000004792,0.6430874004658719,0.5673189650891499,0.4084317743691112,0.3927885004895374,0.38503357382712233,0.3413654582758983,0.5703916805006217,0.5984523341426701,0.06614685208850853,0.5261655278139988,0.4846383493528179,0.595669791351451,0.5858950723752321,0.41336626778749697,0.5495513804608689,0.6415151988030817,0.19622126070759877,0.8379753944422731,0.5780640936176784,0.5585609227820494,0.1695882064036061,0.4422626079487003,0.3669731865256397,0.5479809089399894,0.26163807987086035,0.20645341504063833,0.12940158187935946,0.12382163170240656,0.24461769074492137,0.11178398025340666,0.3494651580958274,0.09595123500564144,0.274698975562509,0.36543830076486916,0.2807101564756204,0.20254218154051506,0.22161872154599166,0.0,0.0,0.0,0.46870569626046044,0.0,0.0,0.5643190940578648,0.0,0.4830567292686972,0.08994586716304084,0.0,0.19268961121251577,0.4775763871494286,0.5107185838615356,0.0,0.0,0.0,0.0,0.0,0.0,0.0,0.0,0.44861817114356717,0.5871567504865685,0.0,0.0,0.0,0.4412122351852369,0.4355452714107898,0.6264856668031125,0.0,0.0
0.30503230438906437,0.39992946646605776,0.4761810745797824,0.37546879081742984,0.0,0.34416497216894654,0.44518821099774736,0.3910616334305781,0.45411055408376033,0.3841091604468294,0.45172422261777395,0.30208188362775534,0.3969891822021496,0.3930307445286031,0.4746483514793937,0.5099649655481524,0.5329466278136318,0.4390963158355656,0.36304513101183244,0.4565162130846031,0.47319680467037245,0.41306772794036395,0.26073182290224145,0.213521842110036,0.44466788828554993,0.4083022977878812,0.4156075941696406,0.44883128931693633,0.6119561111864049,0.4503661331737828,0.5545048928622496,0.35513314747833985,0.41819016239861256,0.36461350591359465,0.2366196145138543,0.2640228498527087,0.18603015522819127,0.3639173154838966,0.5516156190424886,0.6684018145306488,0.41514771565521125,0.3816539797570356,0.1921063823448858,0.6456975210229161,0.24796629922660907,0.0,0.4172311663429459,0.5832856309831763,0.0,0.5289475067054727,-0.028594950359088267,0.5618292930941722,0.52959845568193,0.607922815312769,0.0,0.4928365190932198,0.3244702166169697,0.5983504908577053,0.563270713626864,0.2100575552340698,0.5135639358978341,0.0,0.0,0.5892645449232264,0.21344349099470672,0.4318989342845139,0.36590577986199896,0.6159936059663826,0.0,0.4606005683121307,0.42713754479316185,0.5494382352665883,0.5475331244211741,0.47774941358343015,0.0,0.4529842105997075
0.5276129207168785,0.37247318734030455,0.50916706715513,0.6158081027231186,0.34416497216894654,0.0,0.42554179850495455,0.47423860896761266,0.34248629747737414,0.6392408696983666,0.5184736069480167,0.6502329780545477,0.5466299475752627,0.46804893079453286,0.5634539214428181,0.6183648203239587,0.6950962812194852,0.5646593510758855,0.4573412774613492,0.3606859452446503,0.4243645814796909,0.3899461761432269,0.33481744540870045,0.29769861702695805,0.5324015733707308,0.6451906822631277,0.4140643811612137,0.5913314068539754,0.2941096127193179,0.5478146286458384,0.5058616888102515,0.4840591122907988,0.7959276244660047,0.6014272860679046,0.6044822922710982,0.3864905409353821,0.5054118495578526,0.501101675173136,0.39644255497750547,0.3492716882952265,0.2732167814172901,0.32867418065520726,0.419871039709503,0.48572591275439303,0.24105072743295314,0.5248855833182849,0.48263545236613997,0.6495166832545745,0.6151186026385118,0.4677038650978099,0.5448956363166525,0.4386624576070132,0.6147975720538802,0.6502881272074091,0.5688114695882748,0.7314852286750517,0.370504491872119,0.37157996056687204,0.5927682472990812,0.6292798732257356,0.5436167371481075,0.0,0.5601810011511088,0.4473907664083971,0.5617704155347916,0.40155429743950244,0.5675265284206166,0.4785669783078763,0.5616493372021639,0.4908217691179244,0.4854023429393127,0.5380287570789396,0.3159883563140161,0.29698879379709187,0.07282159307931901,0.3466118250617096
0.44039376846980366,0.4097596864459834,0.41837309473099993,0.3917317000004792,0.44518821099774736,0.42554179850495455,0.0,0.35581063095706894,0.4582950272366175,0.4649340788164771,0.46197469127559804,0.3228905205310033,0.46712045371244515,0.3931859486884265,0.5121800594725177,0.4240210871538356,0.5297166674359409,0.492774362288859,0.5097841668705438,0.29699638089332003,0.3968304774031123,0.3312621979847623,0.37765981337730403,0.40711066570834153,0.34964559928453565,0.4434325396747202,0.325052029809353,0.4693673560240215,0.373151640617878,0.41963892745284936,0.4583882427897579,0.4515491257491722,0.4446391535875308,0.3289264838427209,0.14453116410770744,0.36791318005500656,0.3339069463598532,0.6593994797235982,0.580295001461089,0.42455625264898855,0.4684582612931142,0.46296861888135543,0.9215701975968643,0.7456001341537754,0.3319157776671211,0.0,0.4816464527461338,0.7458157210197895,0.0,0.49456745177424494,0.3488796628402694,0.03411680108711718,0.48491855891422364,0.5727582989524698,0.5519383101301484,0.4783983134284515,0.3995195397346276,0.03400367887031974,0.2958254642876948,0.34226286158821806,0.5956862611641984,0.0,0.5001879374123254,0.548848806672313,0.5307102541090613,0.47634904931677247,0.4678370675398465,0.3924868771939216,0.46217517455604606,0.5371703654499099,0.5487943831589616,0.28436539042900777,0.08689037837115354,0.4235631146064459,0.7083007300686943,-0.08748529057634374
0.5717887410467835,0.14716531636037788,0.6372984340563917,0.6430874004658719,0.3910616334305781,0.47423860896761266,0.35581063095706894,0.0,0.5402833497702382,0.5562360393884601,0.5992263942404805,0.7237847066146026,0.3982534926143022,0.9775134959561539,0.28713374607200104,0.27352298859944374,0.4647628467107068,0.1838149279151135,0.6985115372520221,0.2501720547682688,0.40160907827010495,0.1491726577752881,0.4982980419742055,0.535177809157733,0.48299941273368746,0.3861670707488344,0.445407633944361,0.3225253633074846,0.29679480981041606,0.3324834386780567,0.393929033343767,0.43843295620820255,0.3999502908335971,0.45646880799822936,0.35268719841295243,0.6608264129336536,0.4927357070121049,0.6515436411694617,0.39264543940523855,0.4575178930740502,0.2524282177889722,0.267444880704627,0.6680569730240448,0.47912193570726264,0.0,0.5746382911815869,0.39693096706729003,0.8187357858852088,0.0,0.54684387753931,0.6224329762424384,0.5750484783879366,0.6964789819037025,0.5574756655968865,0.800793212690009,0.70342759713715,0.9318963424004469,0.324294348744843,0.6797817930866324,0.7230581082068287,0.42207048963445437,0.0,0.7557596770477111,0.9583895646538587,0.7065751997180791,0.6907237381619994,0.48475074916169303,0.7239840501865664,0.0,0.47290982705909895,0.4497152886394352,0.5806487557240182,0.2581134985997385,0.28756368067008825,0.14004125424434521,0.22247672300281457
0.3658599471555922,0.33129790213683596,0.34091526227861146,0.5673189650891499,0.45411055408376033,0.34248629747737414,0.4582950272366175,0.5402833497702382,0.0,0.512653704938977,0.4332671125158304,0.3618966009866166,0.6309277322667939,0.5112354796328517,0.5629339185398683,0.5795161752491957,0.47221911039948405,0.6398147386159101,0.2844804473018022,0.3902665698433195,0.35976290623701396,0.4944512171038638,0.39789589275799825,0.41834478164150507,0.4934472465936988,0.6521034008078618,0.49725626996160655,0.5945244321061351,0.4250546659466986,0.4757216827320249,0.6417193261868599,0.6430460306259649,0.45458446453669576,0.7284890860764417,0.6739984602756622,0.5250772191549022,0.5933839901681633,0.5423923013446864,0.2034391393889622,0.5380584282126469,0.025336997854585874,0.13926615611339985,0.46067695157316135,0.4358508366540246,0.2995336537887554,0.0,0.4136782452228752,0.6963929881568874,0.4560511917038837,0.4805485024968757,0.621241000787562,0.33365672423672155,0.621866352988162,0.44154024050319524,0.2300655043291313,0.5861662746798505,0.4340248138744064,0.13957509023961717,0.3194258774310531,0.43539768860716355,0.6550922301708808,0.0,0.0,0.6981652266470726,0.5682910260615799,0.5834973891262824,0.4946446330278452,0.6137786307989263,0.303445666587553,0.5536917089465967,0.27825710087641903,0.6629376165223375,0.031846368725992114,0.4247990745474307,0.465678180961382,0.055039086179806185
0.06187402478997164,-0.015495033559712962,0.5054597378848877,0.4084317743691112,0.3841091604468294,0.6392408696983666,0.4649340788164771,0.5562360393884601,0.512653704938977,0.0,0.5489654691505945,0.164299949763837,0.4298936728038012,0.701437212926925,0.5533147741006201,0.020777590383433936,0.34432298418061763,0.09929477162419487,0.6174590454267249,0.061104973783316474,0.5612221940773823,0.1813689832743193,0.5895649538580321,0.08589129968264697,0.3921856667832826,0.2641774098709824,0.49914578263233034,0.501774933558282,0.4681882762936866,0.35140361345470683,0.22873728811400196,0.007260042616181406,0.2299374541323096,0.277989652130231,0.23363561479305808,0.465938989894326,0.3152006250505863,0.14139167863447288,0.1396914414286644,0.15753463216484945,0.05717631794843675,0.002446088671956337,0.2714483994208341,0.2910929649596643,0.5149079167245271,0.09219465157009638,0.5237345131611844,0.18692716395567943,0.4383567410657229,0.38953188573640335,0.4932793457908585,0.4699203840313576,0.5556516430373762,0.3253695731920488,-0.0055843760334099435,0.31952135552125915,-0.14990964361805842,0.585007822521296,0.0,0.8553171675646178,0.6003355919803105,0.27427702854481023,0.2118391598240374,0.4751876452789928,0.4840083071910817,0.54356115225218,0.3863076473368349,0.5455124029113934,-0.1493089464550862,0.08342631955740909,0.0008951060934312416,0.4734765042804726,0.5760990620517761,0.4631845912053144,0.0,0.18220205138236995
0.8880214943942906,0.30303238904005525,0.6007504882515127,0.3927885004895374,0.45172422261777395,0.5184736069480167,0.46197469127559804,0.5992263942404805,0.4332671125158304,0.5489654691505945,0.0,0.18694244351601208,0.5677776527055982,0.7467497775945702,0.0,0.4724914481964496,0.5341500851304525,0.5025376266090831,0.26425208214745993,0.5147094002169363,0.19352229982296706,0.34448595557265616,0.721864094435371,0.029657582438793906,0.652692860761764,0.7081969017638341,0.5629227590767114,0.6224304229920301,0.4779058028667773,0.47615497518781447,0.6149419178358538,0.8046047328464466,0.45928852115070085,0.6958823238350014,0.5851833986941025,0.5721472956865755,0.6683624499948181,0.5761580771435468,0.6039530228925533,0.38724186358415,0.44664342683812297,0.39455741340620537,0.4547814170676794,0.5746275356965844,0.20396302404314767,0.0,0.0,0.5966122033371954,0.4799326733741176,0.40217871027296215,0.45848102080499453,0.4888974819824933,0.6320759800896063,0.45853303018292985,0.46063238402941964,0.5945402140265283,0.37549914463207157,0.5443524301869113,0.3155995498723162,0.0,0.0,0.0,0.0,0.7265350551976619,0.39007571377446837,0.0,0.7373978752947888,0.657448362928091,0.0,0.0,0.9484501620646641,0.6467208610320256,0.5098254749600003,0.37857096744897434,0.0,0.5382365838656454
0.14509430381506866,-0.2289027764395115,0.6135871997741604,0.38503357382712233,0.30208188362775534,0.6502329780545477,0.3228905205310033,0.7237847066146026,0.3618966009866166,0.164299949763837,0.18694244351601208,0.0,0.3613602524629801,0.5750937347205397,0.31132841835146785,0.6001007092150181,0.33823570914328005,0.30039916842851505,0.553625423876341,0.504507234981499,0.6250352555719211,0.3434230729228971,0.444133873641542,0.14377252884539093,0.2036751928000341,0.3502564191897298,0.5317101638595658,0.34281927273650303,0.517013204759701,0.28309411892123876,0.183360911379447,0.1777455176753757,0.4447751949492967,0.21444739078947261,0.1796658440233833,0.5495214696091171,0.34496792040882207,0.11796544176598228,0.9287524182221524,0.3005265007205447,0.2220591564155889,0.4321740232399435,0.3790411738093744,0.36404345258508763,0.451544472551996,0.09553358609094845,0.5251146487088255,0.24981585427795275,0.20272234119100047,0.2368706757029134,0.3583258236692881,0.45040835444621324,0.27568858260985873,0.38202442812024234,0.047640919319581254,0.23432134490610865,0.07454755284032955,0.44005636163983863,0.6688742975980018,0.6244250806117484,0.525104632392261,0.2542050017458752,0.4704925389068601,0.37038229834595143,0.724196376380452,0.7159713113257342,0.4417770460613293,0.4288702197865756,0.04309650729916664,0.2567244039912091,0.15083729323490452,0.26632314709889177,0.5717896134134468,0.442095170843035,0.0,0.24907042170568758
0.9007315573459199,0.3796260319160359,0.4215977597032041,0.3413654582758983,0.3969891822021496,0.5466299475752627,0.46712045371244515,0.3982534926143022,0.6309277322667939,0.4298936728038012,0.5677776527055982,0.3613602524629801,0.0,0.6093287655034492,0.5135610304668735,0.42020993809631824,0.21470985374265808,0.3667998328216285,0.5538840373441013,0.3867803032392234,0.35790361393176606,0.3847394791881649,0.42608466419914154,0.29969290677864313,0.3870801211246827,0.28526579456132695,0.40692084469678647,0.39599090346738763,0.485061048209648,0.5235589643921276,0.42561700367384264,0.5292172676293173,0.26826167206604545,0.452919669516505,0.23975821793474972,0.13209349806092238,0.286488615435585,0.5757986032317668,0.19231835790012738,0.39613502775892584,0.4824731660402992,-0.5280910257016826,0.5698591187592923,0.39608977509538956,0.39728373257927396,0.588442903356708,0.5404537704335592,0.7857091867414642,0.0,0.5686177503205152,0.48219395846277247,0.1628522272476574,0.43122372656681063,0.4317696117630748,0.48024901318840774,0.49546094203461144,0.44221062712890835,-0.014918321967338166,0.36430590067187957,0.47730647674450244,0.5053886527494783,0.38184997394812425,0.5327963202919899,0.36131068569350544,0.4533358926342497,0.5576240243480638,0.45885569504379,0.4495938080013302,0.5063521455546836,0.48719267880134043,0.489173594609547,0.43053791964915866,0.16745021818383882,0.1552715926880021,-0.4849968717218302,0.06270491087071339
0.4069190619296508,0.545575017895451,0.5737178000323382,0.5703916805006217,0.3930307445286031,0.46804893079453286,0.3931859486884265,0.9775134959561539,0.5112354796328517,0.701437212926925,0.7467497775945702,0.5750937347205397,0.6093287655034492,0.0,0.5403773817189319,0.6628659127651818,0.46253451507441096,0.46210270824358424,0.5868799580699391,0.38590079150630036,0.4685574979056466,0.27016954015831274,0.5811271347257423,0.5668292248128965,0.5396268550476093,0.47893346333605624,0.469180694007974,0.35399806501061454,0.3973857011254885,0.8183088726832093,0.41369616095911554,0.7738752724981695,0.23558956382191645,0.7461045998884709,0.36946907178631194,0.39886089759518206,0.22266259061342858,0.3963028563915164,0.7175409162942561,0.0,0.6791899167675784,0.7620753137117715,0.44979043604316354,0.46007280051985844,0.0,0.0,0.0,0.5965676009468476,0.0,0.5717100286809462,0.46287215388961533,0.5296929006782185,0.5820146987731263,0.195465815209422,0.0,0.3589408448780416,0.37431954779467946,0.7716305340160016,0.1001037498140587,0.0,0.0,0.0,0.0,0.4598918324481457,0.0,0.0,0.0,0.6666559403576955,0.0,0.0,0.0,0.546604333039852,0.7441548175993455,0.0,0.0,0.0
0.42447754164577967,0.3846098986819998,0.402620256671019,0.5984523341426701,0.4746483514793937,0.5634539214428181,0.5121800594725177,0.28713374607200104,0.5629339185398683,0.5533147741006201,0.0,0.31132841835146785,0.5135610304668735,0.5403773817189319,0.0,0.38894072784200356,0.5377236615276508,0.31923194481413475,0.0,0.3373665613219773,0.4180286331659282,0.2421657520628736,0.26181412496685397,0.7638262000385505,0.3316791363409447,0.3078586006405927,0.2721808946719214,0.3310321321360508,0.37095591461646366,0.45361344486781086,0.4019143520279407,0.5763492960323247,0.6389142360035052,0.5061219451734509,0.5476285495189225,0.6238223733582603,0.387606572430254,0.34430922382299367,0.3238685025055644,0.46981021989602223,0.3906059459047526,0.3310669109493398,0.4307321007779979,0.650196254192714,0.0,0.641721773146265,0.4092189354270014,0.3874360479008493,0.0,0.0,0.32210506490044083,0.5818895300861577,0.6220129055381136,0.44628607540745946,0.0,0.0,0.6000014400093969,0.5807898985289441,0.47527448692479335,0.27585779974079083,0.31289650034060684,0.6039637926949795,0.7250808197128278,0.0,0.06566885389775928,0.548356199015321,0.4787289768172146,-0.09464401748142426,0.44522697332836275,0.4558501323943421,0.3274089421384219,0.2597916216719099,0.574236500216126,0.22006235620977588,0.5760591925190046,0.21524346625835034
0.40924063335869587,0.2805848527178644,0.3317043027409416,0.06614685208850853,0.5099649655481524,0.6183648203239587,0.4240210871538356,0.27352298859944374,0.5795161752491957,0.020777590383433936,0.4724914481964496,0.6001007092150181,0.42020993809631824,0.6628659127651818,0.38894072784200356,0.0,0.07250386459883054,0.38156130932495136,0.5212751778100855,0.5244200542240105,0.32280764348982616,0.32502523170080094,0.4599674882162583,-0.0033112949602696617,0.3647581224147949,0.2618841613853454,0.462474064303266,0.3734307600757073,0.4813485008999211,0.21404421308634047,0.22045470682426055,0.5747922184426801,0.5404959502236851,0.35156847452034967,0.39330919562733646,0.6052680444415169,0.4034667882428443,0.5560038505442513,0.4800343224003255,0.27187639602371694,0.37039372598748893,0.377398382763763,0.4772832952258268,0.0,0.0,0.2876420655313503,0.38787180658872455,0.0,0.0,0.0,0.5565142721303773,0.5546785641070839,0.8999307476934302,0.0,0.6303229530944311,0.0,0.47321892937341414,0.6447720490543835,0.0,0.3089622245402517,0.34404890656005793,0.6003370900631545,0.18889075964149207,0.0,0.5991936973129901,0.29238784206979057,0.3971329497230213,0.6510031508053984,0.4122625655144506,0.29734471444766364,0.39988555200067566,0.6275569808943438,0.6084223086133449,0.6690204038947322,0.0,0.04621350181342987
0.45630542770700855,0.645717981591361,0.5850471234540707,0.5261655278139988,0.5329466278136318,0.6950962812194852,0.5297166674359409,0.4647628467107068,0.47221911039948405,0.34432298418061763,0.5341500851304525,0.33823570914328005,0.21470985374265808,0.46253451507441096,0.5377236615276508,0.07250386459883054,0.0,0.4338315834716848,0.5308874369368515,0.4168589737546787,0.44408342476229934,0.2303635633590932,0.4097340365227006,0.2001606674780118,0.3054408884901023,0.09985934508642091,0.6862283779689342,0.6086913111840015,0.35379848937820135,0.5978623479876735,0.23862253858657212,0.6349536903264636,0.5336835740854192,0.31789489660336073,-0.09519218871162688,0.6227834984995574,0.24379772070634545,0.08504223433520808,0.5619431892322551,0.16984698947250332,-0.04401303785872457,0.578966289409399,0.0,0.0,0.4560153796396772,0.5490852199459465,0.6405378455208022,0.0,0.0,0.0,0.0,0.0,0.0,0.0,0.057567138410673735,0.0,-0.0818312390983244,0.3704458064896295,0.0,0.7836112678802178,0.5473085417536906,0.29109063751083986,-0.05317017996447804,0.0,0.0,0.0,0.5562541354624908,0.0,0.29118807845007694,0.21951724367246933,0.22359396463423264,0.0,0.28823285308060065,0.458721829242436,0.0,0.008386104324828114
0.24567142510704676,0.3380092270130677,0.5833412575437662,0.4846383493528179,0.4390963158355656,0.5646593510758855,0.492774362288859,0.1838149279151135,0.6398147386159101,0.09929477162419487,0.5025376266090831,0.30039916842851505,0.3667998328216285,0.46210270824358424,0.31923194481413475,0.38156130932495136,0.4338315834716848,0.0,0.5446151216051671,0.3247311910446771,0.2565640831500662,0.2286579313724547,0.3724412319904781,0.15558933718920354,0.25537244117072133,0.14173305248208584,0.39962892284773843,0.2942873300032268,0.3411028197168645,0.4274726755455416,0.13336289264170437,0.34456955105982373,0.5835818939119897,0.35007324830709824,0.14610322156173966,0.5633019271217632,0.25629658002301947,0.4348274504535559,0.3941428790209906,0.31800744370501366,0.34563991017854634,0.40330387570770593,0.0,0.0,0.5279167937667713,0.4121155439404893,0.44383623949248463,0.0,0.0,0.0,0.5440573959973405,0.5221948050867842,0.8912935706729692,0.0,0.2821536704891263,0.0,0.1864613591798734,0.5102246551177272,0.0,0.5573130926947816,0.2918026579610663,0.37004384818387126,0.22743690284907556,0.0,0.5033850653009886,0.6256304038102927,0.5118386560875268,0.7578032443466244,0.29638605584208044,0.2776796906719417,0.3204349532849512,0.5375999665553346,0.6783939402991572,0.6535051556005199,0.0,0.3747632292688598
0.0,0.5180943523404086,0.38574871554164186,0.595669791351451,0.36304513101183244,0.4573412774613492,0.5097841668705438,0.6985115372520221,0.2844804473018022,0.6174590454267249,0.26425208214745993,0.553625423876341,0.5538840373441013,0.5868799580699391,0.0,0.5212751778100855,0.5308874369368515,0.5446151216051671,0.0,0.4726321222934011,0.4305505684496048,0.5904888744334646,0.6760413765938282,0.4568055633542141,0.5705990670275223,0.49097681696161055,0.4215716966797688,0.6451710000696584,0.6514171124877612,0.5885168670510557,0.6242867660715047,0.6333862464805418,0.4837550651266261,0.7693342695854253,0.6309774338613381,0.3755453991877965,0.8574595590604988,0.46861942698295256,0.7055106673205316,0.3996246650741593,0.27618051242487895,0.21628556521928882,0.7666658101186528,0.31387101460910316,0.42512321533702613,0.0,0.0,0.7778904549203098,0.0,0.4650494338977077,0.478278152633298,0.4898684362442509,0.5527503904217492,0.7293877962933333,0.9311130007007694,0.7628654634465936,0.4688926302772626,0.4359081959217881,0.32351779198322395,0.0,0.0,0.0,0.0,0.8259142247104749,0.4760499003990558,0.0,0.43453278237085,0.7359292615698355,0.0,0.0,0.0,0.8258821730443293,0.5674894917385302,0.5022876706461269,0.4593038673576433,0.5367072553827892
0.6135697524828402,0.29867565448383576,0.3369375985345734,0.5858950723752321,0.4565162130846031,0.3606859452446503,0.29699638089332003,0.2501720547682688,0.3902665698433195,0.061104973783316474,0.5147094002169363,0.504507234981499,0.3867803032392234,0.38590079150630036,0.3373665613219773,0.5244200542240105,0.4168589737546787,0.3247311910446771,0.4726321222934011,0.0,0.4250176814022323,0.3098323787607138,0.40306780490618105,0.5183565823499026,0.40960084993609025,0.20038956068563712,0.5823039258027295,0.49985428852128433,0.46608281840025956,0.7996084323669961,0.5890644915795364,0.5618046298999774,0.7055243680902775,0.6741120350025007,0.6857407474871029,0.669091656984333,0.43929884214985715,0.6800609060131213,0.34877658956131097,0.6551203458430408,0.4059786676843743,0.3491708713211699,0.49336214359431496,0.1592079306148902,0.1935317015913947,0.4548243908800364,0.6076688501774865,0.4247628345164484,0.0,0.0,0.16511365994801164,0.5199652018314735,0.6763004195839176,0.41744260041265524,0.8930272415707572,0.0,0.5118377727752504,0.5802555646256924,0.0,0.5794711756228415,0.5104737878269654,0.4828790824641098,0.5689512132577222,0.0,0.2942369278051237,0.30711410170408415,0.5698354418073849,0.3055933974040417,0.0,0.608624213087591,0.2837105911198878,0.23694066046268758,0.18921379248383008,0.17819822987367534,0.4198929516246369,0.08212947567172643
0.42819635281238694,0.32747840321025434,0.3631074318479906,0.41336626778749697,0.47319680467037245,0.4243645814796909,0.3968304774031123,0.40160907827010495,0.35976290623701396,0.5612221940773823,0.19352229982296706,0.6250352555719211,0.35790361393176606,0.4685574979056466,0.4180286331659282,0.32280764348982616,0.44408342476229934,0.2565640831500662,0.4305505684496048,0.4250176814022323,0.0,0.30667749607667477,0.5044073691558641,0.7044944691774473,0.40511088986823107,0.48125135458097484,0.4025503001824617,0.3275061798609469,0.2665208157257525,0.3155267632218133,0.285711898271084,0.44795559616909064,0.3945905733515427,0.4425493569086626,0.47522533161278296,0.5595991052026763,1.011851743422923,0.5833642533273911,0.38242602888197835,0.49250532466267405,0.3725334327450864,0.46127713011457727,0.5432370149972604,0.0,0.0,0.7442659931191249,0.36415991387411895,0.5880266792441701,0.0,0.0,0.7310369001152576,0.40289303886182803,0.7813011817309257,0.4651865815648893,0.5698846387841605,0.0,0.723111201602024,0.573168573753387,0.0,0.43611848648355445,0.6548615041764343,0.0,0.5053661924953794,0.0,0.2980537602694353,0.6465810417769667,0.3973312677793807,0.23645933166937047,0.8131509315455213,0.5174255445692737,0.4918749762418353,0.3502615295586293,0.5975552636327268,0.26631271154790115,0.3992768129280935,0.4345889108929263
0.38288165629898124,0.3085614089659895,0.49859062243044416,0.5495513804608689,0.41306772794036395,0.3899461761432269,0.3312621979847623,0.1491726577752881,0.4944512171038638,0.1813689832743193,0.34448595557265616,0.3434230729228971,0.3847394791881649,0.27016954015831274,0.2421657520628736,0.32502523170080094,0.2303635633590932,0.2286579313724547,0.5904888744334646,0.3098323787607138,0.30667749607667477,0.0,0.25882201057463156,0.07635065042766229,0.32914143289319214,0.22657497526165277,0.298860605617197,0.3090241445830673,0.4042205555751908,0.3803280604746575,0.4587206351398958,0.6618046429509934,0.4790256066842472,0.5771455698363446,0.5920009084133979,0.5973078919776705,0.5987945823273619,0.4809387826995873,0.42412227621798915,0.3997110457296598,0.38588403840742336,0.45368323472281785,0.3989195783632276,0.3201949189583764,0.24255364535361199,0.2756060825793016,0.30548120339397544,0.4844093870061673,0.46916520840550957,0.2569170054378887,0.2880464697553681,0.585290820438856,0.6300528429369109,0.5739517275811695,0.40767752415259106,0.0,0.4353514732131122,0.5345483101421461,0.0,0.5355374929057208,0.2552532157794821,0.4632197363049927,0.17151347818007914,0.0,0.3778999153436361,0.4659664917399378,0.3918488385345862,0.3702638036384772,0.6850146006985707,0.20608402153222533,0.3096397520105908,0.32900885030561217,0.5205406885586922,0.30577726598999766,0.5547912454322768,0.19067545784272497
0.5465027245679757,0.3904426192803783,0.5472884388611045,0.6415151988030817,0.26073182290224145,0.33481744540870045,0.37765981337730403,0.4982980419742055,0.39789589275799825,0.5895649538580321,0.721864094435371,0.444133873641542,0.42608466419914154,0.5811271347257423,0.26181412496685397,0.4599674882162583,0.4097340365227006,0.3724412319904781,0.6760413765938282,0.40306780490618105,0.5044073691558641,0.25882201057463156,0.0,0.5634194991530815,0.45882671275660764,0.3787461039569093,0.378371029687283,0.3893266498142152,0.39473246677235707,0.48612655327272525,0.4181357537322044,0.5055090186405059,0.5454517328637597,0.5294043797928942,0.5385669135888455,0.412419220734735,0.4456961975850234,0.4462992252820571,0.3658443584830129,0.4136410165034951,0.3857481436944839,0.36154589107418134,0.5555485524382282,0.5701058563360388,0.4778258092932375,0.7722300569552067,0.6044912879574332,-0.16860473988092872,0.45597949786444986,0.4385662003904611,0.524469959309037,0.46918899248248724,0.9166946338931595,0.6289111660316656,0.51111061261746,0.09551160124866176,0.5062231562735209,0.3882788165377049,0.655481241081826,0.4699492948780128,0.6397979832167713,0.48400830719108057,0.6344087267956222,0.14524311626658204,0.3309598766848741,0.40628128810852926,0.3747798892305966,0.36794153477759256,0.21045895330521772,0.5424395792529322,0.5251311746595194,0.4350648370313804,0.3218713604888732,0.3507118114067874,0.32638359159474417,0.39612248294407515
0.5067786278734026,0.16548403099527426,0.41987051092632566,0.19622126070759877,0.213521842110036,0.29769861702695805,0.40711066570834153,0.535177809157733,0.41834478164150507,0.08589129968264697,0.029657582438793906,0.14377252884539093,0.29969290677864313,0.5668292248128965,0.7638262000385505,-0.0033112949602696617,0.2001606674780118,0.15558933718920354,0.4568055633542141,0.5183565823499026,0.7044944691774473,0.07635065042766229,0.5634194991530815,0.0,0.26396363739542816,0.291412864699393,0.5862853274495963,0.31794585039997525,0.8566535860172669,0.7926088126723978,0.23300550791094743,0.05862129875372735,0.4574022331103741,0.11491135307736922,0.11425832683588433,0.4084005820306259,0.3204417422282153,0.17024710881448482,0.584492633804893,0.6011073682394633,0.37390865287138836,0.2886728497731212,0.5670716717860558,0.3588636639781919,0.48087855051842004,0.36865549979858636,0.5412604201839317,0.0,0.0,0.5023190015561438,0.5953805724108043,0.34690582537838843,0.0,0.0002749751920341076,0.11689203286470334,0.5178623807927041,0.017310553644454052,0.45084146167615335,0.0,0.27899347838461497,0.6179622179318706,0.13903582087375393,0.3073521688312702,0.4479058826346872,0.3526943036892351,0.41725961974723913,0.22786643281293764,0.8366728706916186,0.16396746015371558,0.2278540964629678,0.18928972679225675,0.5381020121686128,0.6155590812724179,0.6176389257837328,0.0,0.38432389690913527
0.26892623875342103,0.25513031407405207,0.5419191555902888,0.8379753944422731,0.44466788828554993,0.5324015733707308,0.34964559928453565,0.48299941273368746,0.4934472465936988,0.3921856667832826,0.652692860761764,0.2036751928000341,0.3870801211246827,0.5396268550476093,0.3316791363409447,0.3647581224147949,0.3054408884901023,0.25537244117072133,0.5705990670275223,0.40960084993609025,0.40511088986823107,0.32914143289319214,0.45882671275660764,0.26396363739542816,0.0,0.14139323756139666,0.43643234847624357,0.312849846843693,0.4037629509975338,0.39089439888959465,0.1993753397007024,0.30957536809215924,0.5176050496506488,0.29554949832168415,0.10400744658810668,0.4742783100635851,0.5355233973012128,0.35221463815421283,0.6464847547146153,0.4174670097994395,0.43155708556891226,0.5357275760589967,0.11083926344319374,0.0,0.4547730001283775,0.48140161826895556,0.33149918391501054,0.0,0.0,0.0,0.5408644977688057,0.5295106495796158,0.6650869408141891,0.3625198576625069,0.22121046489811286,0.5350803197942018,0.22483913606802608,0.45591934472595785,0.0,0.5495644448635584,0.20923374385298366,0.3176448938450446,0.23679929586986592,0.0,0.7029720560434507,0.1298617747073243,0.39080247882460273,0.516212767225958,0.3078927024376705,0.29271161565423587,0.2783305517254297,0.48373573251148255,0.6543851253522095,0.5721445715676461,0.0,0.3081420112697522
0.3849469414915325,0.20090389267071518,0.5193730200324216,0.5780640936176784,0.4083022977878812,0.6451906822631277,0.4434325396747202,0.3861670707488344,0.6521034008078618,0.2641774098709824,0.7081969017638341,0.3502564191897298,0.28526579456132695,0.47893346333605624,0.3078586006405927,0.2618841613853454,0.09985934508642091,0.14173305248208584,0.49097681696161055,0.20038956068563712,0.48125135458097484,0.22657497526165277,0.3787461039569093,0.291412864699393,0.14139323756139666,0.0,0.463503200107694,0.6091518372274499,0.5480594901914774,0.33648412092119506,0.12094501386684392,0.6331376621602207,0.4538490745291913,0.2528577910123671,0.2395224528945532,0.433455384874451,0.39067750212837615,0.16879540664180342,0.3893034909595961,0.22664567157190546,0.3399332845972184,0.21413493141854062,0.2929197043378273,0.5410785582184392,0.5205503809431878,0.2351790723662165,0.35498496901761567,0.5561848749956613,0.0,0.04465824777510277,0.6073322238909461,0.4955263770554169,0.5290614891055173,0.4684419777665829,0.15713979644181236,0.0,0.15795293567512744,0.6308332910261083,0.0,0.31378436362883977,0.2741328104851911,0.2978668580251227,0.17636110854008824,0.0,0.6029012628927168,0.6522422832132466,0.43211212943250016,0.5610368603740122,0.3002299477010336,0.1745934139745925,0.1708462827463113,0.57614958557482,0.6360916184044092,0.6736056026602388,0.48036708064187905,0.1792254064388889
0.5200043466850301,0.26183721470286825,0.4911214401789028,0.5585609227820494,0.4156075941696406,0.4140643811612137,0.325052029809353,0.445407633944361,0.49725626996160655,0.49914578263233034,0.5629227590767114,0.5317101638595658,0.40692084469678647,0.469180694007974,0.2721808946719214,0.462474064303266,0.6862283779689342,0.39962892284773843,0.4215716966797688,0.5823039258027295,0.4025503001824617,0.298860605617197,0.378371029687283,0.5862853274495963,0.43643234847624357,0.463503200107694,0.0,0.4277620288388797,0.4438638406574502,0.46607074470830745,0.34403757073683194,0.3519251671966359,0.5721928460891366,0.4695131772563583,0.4553539162101227,0.24224407817289317,0.46938472549017085,0.53945775311743,0.3094488522231206,0.43255780374781616,0.31133463658591665,0.21326060201160185,0.6410227074682122,0.6036610808857084,0.34987272098142486,0.38595008206459136,0.4614187242645251,0.7020194507252835,0.5459130077921447,0.5976737777544501,0.47884642767598157,0.3500520091819521,0.5648283570182376,0.5564738354218045,0.6165010928109859,0.643452157803281,0.3734951839866752,0.3089526593695955,0.6773719143324385,0.35299006537261657,0.5836674119746442,0.0,0.5061804075313997,0.7156305487229806,0.23748517423055057,0.3181497511592396,0.185882724522853,0.3581714424983099,0.0,0.45405080543090104,0.44618670991696796,0.310853753203779,0.2299531538972106,0.26714212718014485,0.12375295736432079,0.29111340366470906
0.7181350146989548,0.44265137898381923,0.5142591376411898,0.1695882064036061,0.44883128931693633,0.5913314068539754,0.4693673560240215,0.3225253633074846,0.5945244321061351,0.501774933558282,0.6224304229920301,0.34281927273650303,0.39599090346738763,0.35399806501061454,0.3310321321360508,0.3734307600757073,0.6086913111840015,0.2942873300032268,0.6451710000696584,0.49985428852128433,0.3275061798609469,0.3090241445830673,0.3893266498142152,0.31794585039997525,0.312849846843693,0.6091518372274499,0.4277620288388797,0.0,0.38699082662426587,0.6040291619114695,0.615565904556181,0.5663160098266631,0.29599788923723214,0.5078156204035833,0.3828522524742207,0.44002818987603115,0.4294785103829064,0.332458280452666,0.11983021942055444,0.28962235919796797,0.4602850375143089,0.21138206469951734,0.5693443832765177,0.34810897049437267,0.5545619932519418,0.5556298233017418,0.47939259863921435,0.5973424298220232,0.0,0.5989602621707861,0.46551064288367083,-0.2642505628465982,0.47570187463528724,0.547451600857503,0.5484663788850819,0.505713651197916,0.4242591251901293,0.18483874273469983,0.42626389797895725,0.1967355615457656,0.3776509457618987,0.18146441040496955,0.4603982000019392,0.607760118361306,0.19358248336651307,0.19016803873233323,0.4258377939911191,0.35887322980122444,0.51002493760692,0.55985770801294,0.41046476797589504,0.34779506569533675,0.23609835749321534,0.22271235147003415,-0.031362409048455775,0.2526513672306098
0.6119713363674035,0.3780924927349025,0.5753390146062805,0.4422626079487003,0.6119561111864049,0.2941096127193179,0.373151640617878,0.29679480981041606,0.4250546659466986,0.4681882762936866,0.4779058028667773,0.517013204759701,0.485061048209648,0.3973857011254885,0.37095591461646366,0.4813485008999211,0.35379848937820135,0.3411028197168645,0.6514171124877612,0.46608281840025956,0.2665208157257525,0.4042205555751908,0.39473246677235707,0.8566535860172669,0.4037629509975338,0.5480594901914774,0.4438638406574502,0.38699082662426587,0.0,0.47193241783720696,0.46640296236227186,0.4366643211063404,0.6893113522869735,0.6402262122148064,0.6394096211653872,0.5690444924511802,0.4779592118146514,0.5705594649699,0.25028112735097124,0.13430688748629324,0.2737631117176763,0.15400187628203402,0.37750137472641376,0.4725746747749466,0.6019151777468499,0.6428896799663264,0.49850703229704474,0.5523447437346916,0.42730925046726065,0.3838501295230097,0.27595903272520683,0.13874747695077128,0.33103681441714705,0.4510252851647474,0.6477810830507371,0.40410591366630877,0.5465922918684668,0.12919805160753894,0.7838052658102214,0.3511659601630175,0.6197852449714698,0.4707691961388251,0.6235312793827854,0.5039045241014117,0.2685445719623681,0.3176349738552343,0.12103710860859612,0.3354068320121319,0.4342642839339679,0.6385276556045294,0.5410911817030117,0.3198642433822305,0.19873249137290755,0.2695889814356963,0.09304195591499675,0.2385727747460472
