0.0,0.006462293127155516,-0.0011463152701937096,0.0,0.0003895499776150335,0.07846251208765948,-0.0004294819755914503,0.05678808950566705,-0.0004100732660429762,0.0038546034950374675,-0.0009106403646744754,0.08938952664552047,0.0011608288001709877,-0.0033839663253327212,0.008677051086622367,0.002578008931546527,0.0008171453645038906,0.0014337173080900545,0.0,0.027243437282988003,0.06668352670344074,-0.01104312264917473,0.07129227277306499,0.060025945057680996,0.01191264837462419,0.027822844210562803,0.06524803818662483,0.020014003546203307,0.008788961408640994,6.550975941244097e-05,0.006972737446666988,0.02488908993982858,0.011447566249374597,0.005577052277769112,0.02698071330032048,-0.00028106256918253303,0.0005579673379250694,-0.0029882371201081503,0.03595430092649271,0.0456117314708237,0.010695797437802301,0.0014132194050996971,1.8272679151720705e-05,0.0,0.0003239294495345213,0.056850055034454006,0.02141398972714348,0.0,0.0,0.0,-0.0019890306266049373,1.1102230246251565e-16,-6.776963344745646e-05,0.0,0.0024282082794497284,0.0,0.0017742297889060676,0.0005643466017425935,0.0,0.00026465982719825476,0.02378538124924018,-0.000994304520047562,-0.006291952027509817,0.0,-0.0011171486807856068,0.07242108971817657,-0.009960299064930567,0.07182803397434989,0.07175775335684598,0.020472317744315627,0.02201075241605477,0.0006406051620885256,-0.00028990170119036485,0.0015584896283549199,0.0,0.009119573477050058
0.006462293127155516,0.0,0.002343161425848783,-0.00018066728507476482,0.000861444946830936,-0.006851405434703028,-0.020175581535245957,0.020758808529990957,-0.0007016667710162405,0.0018325984441947551,-0.00011840990969219645,-0.0018823238597139302,-0.03184495841354129,-0.0006912931666868127,-0.03445634322818425,0.009599141879167328,0.0024572628167805477,0.0006230646428106446,0.001324559742247322,0.013929444768787935,-0.0044746949690665505,0.02737021420415775,-0.012122855184710624,0.00223078879525751,0.03242399317593053,0.044189732837843,0.005345039466961354,-0.043762263045476646,-0.03227058188301546,-0.0007504694912148779,0.014630001457975494,0.01361443272687729,-0.005655387701106573,0.006025523834830848,0.024505343178619243,-0.00201658756156059,-0.00027565318551836526,0.0,0.010190157365304042,0.015497309782582958,0.0025771734067269736,0.022153765464428765,0.0002913476426079642,0.0,2.220446049250313e-16,0.030066581347776344,0.010732941672565055,3.264656351420481e-05,0.0,0.0,-0.014710284236115978,0.001252817485961788,0.00019149039100258003,0.0004361582939569897,0.0016222595502069503,0.0,6.909796509463328e-05,0.00360360175459834,0.0,-0.003511854944316939,-0.003239082458641074,0.003063353642559885,-0.01820833201030314,0.0,0.0008698589899001075,0.005363958064645402,-0.006020516434930623,0.016653633129746104,0.05560462062712013,-0.0001368221015080051,0.010584489181621914,0.00812303861328384,0.00036246686178548204,0.0007288519796910808,-1.1102230246251565e-16,-0.0015211819555084327
-0.0011463152701937096,0.002343161425848783,0.0,-0.0019153157474647298,0.03955120558816716,0.044485101029119956,0.02375725253604566,0.02989524404057925,0.012214694841735096,-0.002941042612898903,0.0941439552033495,-0.0010694219716300135,0.011036846754567342,0.04205861953220641,-0.00024565008261873134,-0.0005426879152543584,-0.0009220437804192128,-0.001104666876810323,0.0769243188522657,-0.0007190489247023146,0.011255315277740874,0.0032136306325968866,0.02487102614539799,-0.0011952640827618821,-0.00047913386246639655,-0.0013563771115731038,0.003362069746205676,0.009340020565918317,-0.001049119439326951,0.0016303998330466918,0.0025777976386360812,0.013085730285564534,0.00046568787309719806,0.012399855707786567,0.014574197029483982,0.011346575316816654,0.0021548139379717335,-0.0020205169057148087,0.06157268460462906,-3.7423243687273455e-07,-0.0005519416584074399,-0.00046045866413130243,0.05999863153169627,0.00289877371220415,0.0,0.0,-0.00030023125156708463,0.09132838515817021,4.104092579448881e-06,0.0025438213497965823,0.05365860598796979,0.02717365503168756,0.05173797455201168,0.07975271452150523,0.00013145492754235155,0.1558482765070321,-0.0012951643783105649,0.1181928291160097,0.05483955237127469,-0.00037236670874329914,0.0,0.0,0.0,0.08172848938621424,-0.00032898230211930723,-0.0008286780191665843,-0.0005199919120241758,0.06888913274036124,0.0,0.0001271622318239074,-0.0010229658294786947,0.05031143638285274,-0.004076268692554397,0.0014070028287611058,0.0003594758052578584,-0.005588915864249477
0.0,-0.00018066728507476482,-0.0019153157474647298,0.0,-0.03472010999479347,0.011538091438396736,-0.06338389327514926,0.04047294497362641,0.005974326783899309,-0.013262829250794056,0.00010122565723219568,-0.006520176795362931,-0.062241699962878844,0.01003233209497345,0.0006220903425033231,0.00023652941556179252,-0.0003087000211134949,1.8688761318663705e-05,0.0010058798587679885,0.0009694960061613633,0.0006386701870420008,-0.0008705197081156357,-0.005237397195704152,-0.0026635425222036324,0.000504077032027983,0.0022585584429533623,-0.024333204213804527,-0.015383639975048435,-0.0015136144931049977,-0.00077435250843777,-0.003063063817074718,0.015279458938063262,-0.016436347728467637,0.037883360898507745,0.03674386833290244,0.0176943116005239,0.01072438067378545,-0.007000765067176229,-0.0029423749742099603,-0.000705037189162816,-0.0004519306917723509,0.09556844533992237,-0.0029070315110618083,-0.0014458423727110592,0.0,0.0,0.0,-0.0008588476463249894,0.0,0.0,0.0005079698702843971,2.220446049250313e-16,-4.277171886740705e-05,-0.00017769524657673674,5.551115123125783e-17,-0.0010554399551693794,-0.001165084064545574,-0.00037741925795248266,0.0,0.0,0.0,0.0,0.0,0.0,0.0,0.0,-3.771179173184258e-05,-0.0005574729796239963,0.0,0.0,0.0,0.0007683687874091016,0.001780580865910708,-0.00014333035413738315,0.0,0.0
0.0003895499776150335,0.000861444946830936,0.03955120558816716,-0.03472010999479347,0.0,0.05315883761282514,0.05531049336235577,0.05015401174466749,0.03983339760790505,0.0393626482429259,0.021498303993497392,0.00024127381076866072,0.011173245079155347,0.0184087496285944,-0.0005841143923043246,0.0013042881832832642,0.00024265402560769145,-0.0025121592604107623,0.054793485984561574,-0.0011918224115601284,-0.0025315667382783125,-0.01700766995327957,0.03718531808345282,0.0006318522036503071,0.07025994897038124,-0.005358835154348929,0.03582633540598995,-0.039321340616806755,-0.031318970619000075,0.0010733032451030189,0.01947409387115595,-0.02590133336861772,0.00012947756543674194,0.01965020763689812,0.05103561162954984,-0.018721739562551132,-0.06871479290045135,0.0009371320743868372,0.010399185690783352,0.0007767726174880418,0.0018564734564908703,0.00019510051050658506,0.08581237309547862,0.0024565152679953406,-0.000552516235605427,1.1102230246251565e-16,-0.00023375913990586472,0.02238442205479685,0.0,0.004818844455327764,0.005606733389319052,-0.0007618847794547134,0.05878311048190721,0.00029344400702546736,5.551115123125783e-17,0.022944009344211647,-0.0008421204775180269,0.0025742955908449328,-0.0006245050784264294,-0.000261435703586943,-2.3541968687368353e-05,0.0,-5.551115123125783e-17,0.003281144306070183,-0.00041558693401916313,0.00018411631900450143,2.8286338278338263e-05,0.03789354029577929,0.0,-1.1998343767249953e-05,0.0005670491427047786,-0.0023845328430539547,0.0022250967075196915,-0.00255319410118493,1.1102230246251565e-16,-0.0018980180752254938
0.07846251208765948,-0.006851405434703028,0.044485101029119956,0.011538091438396736,0.05315883761282514,0.0,0.03536791154927316,0.035385158665820315,0.051361283209378605,0.03285996115070294,0.0547980906851227,0.018463737651267742,0.025510201056060666,0.03556718621283761,0.0008128064908308197,-0.010861990227230056,0.0014886425722674956,-0.015028735156718764,-0.006438577765003617,0.00408167997369463,-0.006246243398591589,-0.0034137636751022105,0.030199570657988895,-0.0013228735418854276,-0.018268703872693304,0.014725000583728831,0.02879717390621933,0.016795373573961325,0.011866502559586822,0.026138501942075565,0.010053292674167713,0.013809103137225831,-0.0019927267652352088,0.013954118269847382,0.018753040649017838,0.025440561103397985,0.019086629019052226,-0.0017916159268069332,0.028089973226820886,-0.0013475922843524946,0.0425728269241622,0.0685998775828357,-0.016157346433905262,-0.000822307618738749,-0.001798863434651854,0.001129494094788075,0.0014012347779551737,0.05487056933400358,-0.0005317088093295674,-0.001043557878004031,0.01944000063796536,0.04805943352023778,0.0358911669041303,0.06423738570259063,0.002153588188640032,0.029495998466878448,-0.0011506823233961572,0.025491574737066758,-0.001022155618897569,-0.01555263008846669,0.0023458191942083984,0.0,-4.486866559960667e-05,0.06812100312318448,-0.005681051892363342,-0.03803658317357039,0.004115398383844504,0.0395766141856847,9.157195985765032e-06,-0.00030236767054930835,0.0015688604733926081,0.02574357722584264,0.012898482908486386,0.002235210171879831,0.007697594238522343,0.03762107943811133
-0.0004294819755914503,-0.020175581535245957,0.02375725253604566,-0.06338389327514926,0.05531049336235577,0.03536791154927316,0.0,0.02417008867831555,0.04187136114326334,0.05190329705973157,0.020420560041534808,0.03735241818069779,0.03415160224177621,0.020545163553182755,0.00030678767324010536,-0.014619133885724112,0.026151637744408096,0.005314901567272878,0.020050340094282693,-0.010974903527360247,-0.03133677390774803,-0.022639186422003132,0.01590672412808697,0.030032202418815823,0.006363691983020003,0.031282286505211754,0.023812750387696757,-0.034548240756418214,-0.021667820785663983,-0.0005131335507378987,0.017325915088208188,0.04390084731423011,0.007225955398412642,0.0179640142211262,0.042159518235320326,-0.00042656120885059545,-0.02405378685580173,0.0617521361912719,0.005984893437701477,0.002357303476202166,0.009409528348987506,-0.036429600513603555,0.0016169035890375438,0.0026501190586967205,-0.0009556714684343381,0.0,0.0025086799384876346,0.08323215390756367,0.0,2.452168942712607e-05,0.008286873313528509,0.0031051717977200743,-0.00039479541049169953,0.002134914317071246,0.0003915230695159533,-0.001227231942640572,1.5320003337038202e-06,0.0007640519322706929,-0.001668213769919269,-0.0012126723964418495,0.001103899084301363,0.0,-8.899912535609289e-06,-0.0016716817297318665,0.0009901165653520283,9.580034198497511e-05,0.0014147470005629326,0.028908358891315267,-5.765439397781291e-05,0.0006014651377665992,0.0011780192469145745,0.022368431878549533,0.002271411770907561,-0.0005751003698070134,0.0013639067261548288,2.0131633292619355e-05
0.05678808950566705,0.020758808529990957,0.02989524404057925,0.04047294497362641,0.05015401174466749,0.035385158665820315,0.02417008867831555,0.0,0.06819783813015601,0.04206978535406064,0.017696280114179175,0.007110216479266074,0.010755571975103073,0.010900951703565698,0.026598674472161743,0.030848196753714918,-8.534571066437513e-05,0.054455559456028535,0.03953967510208517,-0.0035516801619918104,0.038345477732550926,-0.002584943106864912,0.04662666911559327,0.06005229619031349,0.05563641212822862,0.05259167544754617,0.0588253555348357,-0.0011041919392825728,-0.04837802687583054,-0.012726183435429195,0.013508765577826154,0.0008022770849993588,0.07410727428690511,0.018426981467026315,0.01412238624570189,-0.006694821539701468,0.06844971061102906,0.002597890721387386,0.0439767576988469,0.03933719679490838,0.03147722299586497,0.02505697435096499,0.058894516188795265,-0.0014982489688871725,0.0,0.00027498441347073577,-0.00012556772340205358,0.03342251688854048,0.0,0.15418986680952562,0.013592544425623243,-0.0018840505212316394,0.051701669913998105,0.036901812140164525,0.0005313206514200308,0.06507699954334767,0.00018136517915218198,0.0019042996130623213,0.0023918906540902896,0.022951995660907776,2.3771349178636214e-05,0.0,-4.141571480564821e-05,0.060306377174517034,0.004400899855004636,0.010118430786520194,-0.0018755624090424083,0.046628863694565315,-5.551115123125783e-17,-0.0003231217645964235,-0.0019572391956426127,0.019834446844993636,0.009394494673296228,0.01345602498117271,7.44850887098858e-05,-0.0034282624580481147
-0.0004100732660429762,-0.0007016667710162405,0.012214694841735096,0.005974326783899309,0.03983339760790505,0.051361283209378605,0.04187136114326334,0.06819783813015601,0.0,0.041074804755969474,0.03125824443244912,0.022387871353563404,0.023938486315818797,0.03968299889649746,-0.001579149347579134,-0.007003516809121868,0.0432472669193128,0.06374775257434362,0.010061554003481077,0.010008130525961778,-0.0014976976994258706,-0.0015761659287528706,0.03949205862092314,0.03979379820143725,-0.015248858663665266,0.0032396924801682547,0.010605507315990859,0.018763684671425473,-0.017142893904719236,0.005324417542164173,0.013260174212398335,0.018146285056696354,0.04251176476368029,0.01999928472340845,0.032747462025399354,0.019751966535790755,0.02969363816960452,0.02104702885893922,0.06913870240116377,0.0004760892582448828,0.00011953656737440088,-0.005401759009473317,0.049435280550941596,-0.0036999788911156184,-0.0018893451003664241,-5.551115123125783e-17,0.0009534658644656524,0.06101367070412034,-1.971625318786252e-06,0.004298558898355731,0.048742176255382796,0.0019185982882662378,0.05586375405678368,0.067125947130254,-0.0020642249005517477,0.0702951151268214,-0.0013453491238168969,0.000302478402212647,0.02613779793510651,0.0003961847898638071,0.000737580490945966,0.0,0.0,0.05928082656453093,0.0005375461628581157,0.0006387401822665062,0.0006931268861331552,0.06461639437927569,-9.933411890322708e-05,0.0001384906211547854,-0.0007286945045950066,0.03774065456124309,0.0007694796732189424,-0.0012503126623280014,-8.169509718591872e-05,0.00344900380029578
0.0038546034950374675,0.0018325984441947551,-0.002941042612898903,-0.013262829250794056,0.0393626482429259,0.03285996115070294,0.05190329705973157,0.04206978535406064,0.041074804755969474,0.0,0.03187300212643074,0.029937124134128856,0.03334159879229576,0.004629509055160352,-0.0006677255234031065,-0.0024683252798977096,0.005984937049145822,-0.0018789775351021332,0.04135323888132797,-0.0037779159512750238,0.0022673002966319133,0.0023280198599336943,0.016821806207145518,0.022206069523095395,0.015258267401433045,0.037805700223103145,0.030797474822098048,0.05248184839981673,0.001145304090935051,0.0006383616980105145,0.002770695737715323,0.06666832193356853,0.010943499678135626,0.016267870397100648,0.056641432653237456,0.07516746658389833,0.07538954419331895,-0.0015721300141715022,0.04135164749001036,0.011706180589240112,0.04375098918963494,0.00036462649263491187,-0.010865434083453696,-0.0020073130596838795,0.05153224267706502,0.003958886750731694,0.0004960524327356497,-0.0008132090958345994,-1.119516169190149e-05,0.0004069773632420781,0.002251232990957086,0.0007917517300913834,2.8980622642116316e-05,-0.001697048655612321,0.02218990694054107,-0.0003082228145054322,0.02654108488215634,0.0035350206702313702,0.0,0.0007703740068274456,0.0021124397876422507,0.0027750542466874473,0.01665623761250945,3.679908313958258e-06,-5.97892112317866e-05,0.0008232200397760292,-0.0014154191827548401,-0.0011375863150703824,0.03449030256529101,0.01365186575198768,0.015480882944106378,-6.373600779424615e-05,0.04387902379073583,-0.0008999676266930878,-5.551115123125783e-17,0.03208220714674759
-0.0009106403646744754,-0.00011840990969219645,0.0941439552033495,0.00010122565723219568,0.021498303993497392,0.0547980906851227,0.020420560041534808,0.017696280114179175,0.03125824443244912,0.03187300212643074,0.0,-0.001392250405638007,0.019910687937145566,0.04914963791500898,0.0,9.673849600050355e-05,-0.0006283894630925713,-0.0005531461050187203,0.08406765079391826,-4.8398348588052365e-05,-0.0001740995600180706,-4.038065197492502e-05,0.09295667534456054,-0.0006509668517268308,-0.0002606959629763983,0.0006142528080945175,0.04614901035246316,0.026075686617282934,-7.059573315432166e-05,0.00036929617094461076,0.021161451555506694,-0.04509817372437852,-0.0040978512195800065,0.02461681116778658,0.04076624435561277,0.006028668456885822,-0.010308424679821016,4.521984147853875e-06,-0.04282377490156003,0.001014862272411099,-0.0010691882365950756,-0.0013691045598453466,0.01335450289308393,0.00010411142244093341,-0.0007008315643094454,0.0,1.1102230246251565e-16,0.11881135150812921,-3.817811910500346e-07,0.0003737237078245692,-0.02299318834872771,0.0016479526736344896,0.011652298269847872,0.07426943614520098,-0.0009589978074568406,0.15747285479118517,-0.0019973779201037933,-0.0010099610329705744,0.0065367786182992105,5.551115123125783e-17,0.0,0.0,0.0,0.22595699990059814,-0.0005679501829399802,0.0,-6.824307801056584e-05,0.04227272651273695,5.551115123125783e-17,0.0,-5.576030863846393e-05,-0.0025587150253472135,-0.0006156156416021741,-0.0014101247464393674,0.0,-3.0004899764846105e-05
0.08938952664552047,-0.0018823238597139302,-0.0010694219716300135,-0.006520176795362931,0.00024127381076866072,0.018463737651267742,0.03735241818069779,0.007110216479266074,0.022387871353563404,0.029937124134128856,-0.001392250405638007,0.0,0.030360296545866472,0.0021730515631562253,-0.00031751263968604615,0.0012828104611974367,-0.00574518876464597,-0.002092552603816189,-0.0024910721476394393,0.003936243294514641,0.0689566402769966,0.0014223816699684422,0.0030132730780521033,0.031123992055231586,0.008690960367996381,0.04567995856025919,-0.0013732155438905824,0.042866935336127565,0.0026718758074785187,-0.0014308338280497601,0.0023222890691890763,-0.02416404702366426,0.005022110377533862,0.017560870525968053,0.051823356147012,0.04410361710024835,0.07953252859195392,0.015020129193260762,-0.026562897675807884,0.0175464567282847,-0.025678488609852224,-0.013436792110386231,0.006277857337065873,0.04333725846589637,0.019229219495746797,0.0016063184086133608,0.0013111380034720455,-0.0007470983539368259,-0.0006668344068557486,-3.247996606475789e-05,0.0012473443080666113,-0.030463311668262993,-0.00013439222601058232,0.015974011091986373,0.03008738832100194,-0.021422406114831982,0.03740190222178347,-0.04007787450678579,0.0003603581507483633,0.00012354276675591302,0.0015378926224852152,0.004592527344793262,0.03759052814767744,-0.0002165700429055395,0.0005135257698329898,0.0012199692345224444,3.1935320702558556e-05,-0.04317289218899467,0.045827592030739384,0.024271864420363887,0.029387405792449695,0.0006476198554981605,-0.07584024182351956,-0.0009470818267451331,0.0,0.04347193540468752
0.0011608288001709877,-0.03184495841354129,0.011036846754567342,-0.062241699962878844,0.011173245079155347,0.025510201056060666,0.03415160224177621,0.010755571975103073,0.023938486315818797,0.03334159879229576,0.019910687937145566,0.030360296545866472,0.0,-0.03591770341440165,-0.041214446529071413,-0.02377627136349597,0.02055240449161827,0.015878591690408617,0.014721136370373256,-0.01396152098162129,-0.024494143982677907,-0.027367527673726133,0.0026685445123445506,0.019075115465191472,0.0188411783138272,0.02760576168151757,0.008556099155536456,0.01532413057534232,-0.026790280100886354,0.0007159303690166263,0.013710033504965025,0.023512433228926377,0.017409900310714155,0.013457318434585142,0.03256188186648179,0.004706041871285094,-0.0010027816368640696,0.02934053030934597,0.0317734587625797,0.0009377535729129249,0.11526585789963734,-0.008372425329957855,-0.016369578277970698,-0.0053826925078673815,-0.0029390914917257205,0.0005872740608695581,0.0034418283403364613,-0.04413399584648847,0.0,-0.00047308221483344237,0.00821777579187194,0.0010529218463892764,0.005004224620504649,-0.000361541694782197,0.0010913887232369412,-0.0025938975603105874,-0.03622169196530717,0.0026719050651438647,-0.0008683352587692261,-0.0007054495031315056,0.0009686949727025773,-0.00034093870126594705,0.001855682269124026,-0.004783789269309224,-0.0007250930973620173,0.0015683257015224328,0.0013560777171852667,0.02565902787319818,0.0005529668880784877,0.001315815546329424,0.0034542165731068497,0.006256533382755225,0.000584172324588017,-0.007862720356640818,0.001110933317391094,0.003100969386692798
-0.0033839663253327212,-0.0006912931666868127,0.04205861953220641,0.01003233209497345,0.0184087496285944,0.03556718621283761,0.020545163553182755,0.010900951703565698,0.03968299889649746,0.004629509055160352,0.04914963791500898,0.0021730515631562253,-0.03591770341440165,0.0,0.0003708236389006192,-0.0005203175813909833,5.130030750361003e-05,8.642554277188408e-05,0.045747600739395766,-0.00034163859399227725,-0.006877252412870016,-0.0005361854698023305,0.02775186804727614,0.0008650761912905036,-4.962821517984217e-05,-0.003249172218168006,0.08052664576863472,-0.06105637257023139,0.0010785423211290834,-0.0003893020528875635,-0.00818733467449656,-0.013542448528773121,-0.0013098753194620283,-0.0017053785578324265,0.03039307947834574,0.02649396667628226,0.01835886801099526,-0.0005365054556694671,-0.08533426543737505,0.0,0.0007014479805511065,0.0008639982960563786,-0.038738911780583196,1.0989566835983844e-06,0.0,0.0,0.0,0.015189698527472206,0.0,-0.003991090894558735,-0.03889135648555114,-0.0013210168728099436,-0.001615821424410857,0.011826610324552789,0.0,-0.007622872916492163,-0.00011893175783467269,0.0017602474540813762,-0.07953409160703384,1.1102230246251565e-16,0.0,0.0,0.0,0.005758816738357264,0.0,-1.1102230246251565e-16,0.0,-0.009744098652657018,0.0,0.0,5.551115123125783e-17,-0.05985944108415614,8.355894090084082e-05,1.1102230246251565e-16,0.0,5.551115123125783e-17
0.008677051086622367,-0.03445634322818425,-0.00024565008261873134,0.0006220903425033231,-0.0005841143923043246,0.0008128064908308197,0.00030678767324010536,0.026598674472161743,-0.001579149347579134,-0.0006677255234031065,0.0,-0.00031751263968604615,-0.041214446529071413,0.0003708236389006192,0.0,-0.010470778724706642,-7.1206614251084765e-06,-0.014883527185438394,-1.1102230246251565e-16,0.03664666003203221,-0.003786361295495033,0.061479267832308226,0.042329498021892065,0.07686307719184848,-0.036055979573428654,0.01931750096476892,0.04497367114916273,-0.014890673038323587,-0.01486228242682891,0.0037270633968850553,0.007296993385483785,0.0020832043903152853,-0.03341641524896699,-0.005376947763630235,-0.007767085232369408,-0.004415006616223793,-0.010031110639863894,0.00011267559731881205,-0.0050793098004836,0.0034994391068318698,0.010359766569904394,0.01867490793659854,0.0015467961596223878,0.0005236808182001451,0.0,-0.03351370950912874,-0.01091970788238028,0.0004839387017161467,0.0,0.0,-0.003983931282035613,0.001588996265659448,0.018557152444927227,0.0003903201272011936,-5.551115123125783e-17,0.0,0.000315893810261203,-0.01386472272659639,6.258370125133972e-06,0.010545035084759846,0.0029456294789133586,8.646149025048899e-05,0.003445199934698717,0.0,0.013557213550770997,-0.007260202577555996,-0.015814722118155877,0.023267403027960543,-9.642043438284897e-06,0.004754089439620857,0.007250345870411179,0.004243226665228694,-0.0027454686724577293,0.005702188974965439,-0.004880827102978602,-0.0013838529533348187
0.002578008931546527,0.009599141879167328,-0.0005426879152543584,0.00023652941556179252,0.0013042881832832642,-0.010861990227230056,-0.014619133885724112,0.030848196753714918,-0.007003516809121868,-0.0024683252798977096,9.673849600050355e-05,0.0012828104611974367,-0.02377627136349597,-0.0005203175813909833,-0.010470778724706642,0.0,0.007153807555731806,0.02013053864913511,-0.00016531370683753321,0.02415681380900514,-0.002945973996496043,0.020587825979033414,0.001176476068908805,0.006430195590803767,-0.001560286038115255,0.006734202166056524,0.00227653744830969,-0.009719145356887116,0.0061924551077764955,0.01632724715209305,0.01201705301539191,0.024887746369445407,0.033961431179177215,0.017491548143443558,0.041774009210366114,0.0002213777699996422,-0.0005161076618179772,0.0016351108210210796,0.003934163443792604,0.006069890796340127,-0.015306467535457557,0.008493125238294652,-8.160437139359544e-06,0.0,0.0,0.024478511328149044,0.0029106639469155815,0.0,0.0,0.0,0.0012023478098027174,0.0005834518661937405,0.0008361813408115926,0.0,-0.0023300069283307967,0.0,-0.002715975125439807,0.0017496699054766474,0.0,0.00544376100329752,-0.025341933785833437,0.0001330845263969871,-0.04453423568638415,0.0,-0.013181974526378315,0.008006930575245597,-0.0029358640620409937,0.0012802653235508554,-0.0004050907227339251,-0.016503476431267483,0.0055718952411534794,0.0028529046360105115,0.004107250610538182,-0.007232481676398839,-1.1102230246251565e-16,-0.011153658227611052
0.0008171453645038906,0.0024572628167805477,-0.0009220437804192128,-0.0003087000211134949,0.00024265402560769145,0.0014886425722674956,0.026151637744408096,-8.534571066437513e-05,0.0432472669193128,0.005984937049145822,-0.0006283894630925713,-0.00574518876464597,0.02055240449161827,5.130030750361003e-05,-7.1206614251084765e-06,0.007153807555731806,0.0,0.014565531591714975,-0.0009121200906081484,-0.03895261844298609,-0.0018681977534944494,0.00047828681459072264,-0.00018013544961575922,-0.02006038242376873,-0.01827930251799753,-0.009995572554018173,0.0002937246878186861,0.036944414600403486,-0.0017877657635421151,-0.0002817334705292329,-0.0030536410268935943,0.025210291892210468,0.0052399637383010456,0.00968651227484646,0.019741109607578522,0.00022136890162238743,-0.0003242506317607252,-0.03336391640623815,0.0027372223366866066,-0.013550353589856678,0.009792472297757482,0.0009111941196208173,-5.551115123125783e-17,0.0,4.673547430916747e-05,0.0010095532014606778,0.0005977174492292625,0.0,0.0,0.0,0.0,0.0,0.0,0.0,-0.0031423291325399227,0.0,0.0024495010657561433,-0.0006600556839569394,0.0,0.0003327526170325279,0.0018240159082688057,-0.024200180640084723,0.003239702020858992,0.0,1.1102230246251565e-16,0.0,-5.801171738079036e-05,0.0,0.004099145144624061,0.0014485384252806432,0.003126130706337271,0.0,-0.0019119103014255123,-4.9179432740298346e-05,0.0,0.005808389613852272
0.0014337173080900545,0.0006230646428106446,-0.001104666876810323,1.8688761318663705e-05,-0.0025121592604107623,-0.015028735156718764,0.005314901567272878,0.054455559456028535,0.06374775257434362,-0.0018789775351021332,-0.0005531461050187203,-0.002092552603816189,0.015878591690408617,8.642554277188408e-05,-0.014883527185438394,0.02013053864913511,0.014565531591714975,0.0,-0.0011266469587934425,0.006987897122353759,-0.02290086148250753,0.009433251341001425,-0.012111982213002304,-0.02120281565350618,0.006526374385746436,-0.008106937868712027,0.00023309182867270462,0.01892154008785074,-0.012429804865901395,0.00262632066609364,0.00016887073463695002,0.03409986694828332,0.025744120970233764,0.015260453169183674,0.035169174606719866,-0.002005595194570553,-0.00046369447089011917,-0.000691597609448813,0.010426015863777116,-0.022327588183015,-0.015806449866875738,-0.016834758161204777,0.0,0.0,0.0019130622783708473,0.012568689180952053,-0.007853888036888246,0.0,0.0,0.0,-0.000725218071494449,-3.402586729012169e-05,-0.00031571623174725394,0.0,-0.010103438217617833,0.0,-0.013683294942404722,-0.0004078269228851017,0.0,0.00035379843879213,-0.02103679088181304,-0.032406351340701745,-0.0232211134252181,0.0,0.0011802778439018446,0.002939000186071905,0.007402770854655627,0.0021174395699778414,-0.010629262660368732,-0.01840918373305539,-0.0090655656061146,0.000505692965754867,0.0017635543358588968,-0.0008418336248932068,0.0,-0.008585869554661618
0.0,0.001324559742247322,0.0769243188522657,0.0010058798587679885,0.054793485984561574,-0.006438577765003617,0.020050340094282693,0.03953967510208517,0.010061554003481077,0.04135323888132797,0.08406765079391826,-0.0024910721476394393,0.014721136370373256,0.045747600739395766,-1.1102230246251565e-16,-0.00016531370683753321,-0.0009121200906081484,-0.0011266469587934425,0.0,0.0004358693523959234,-0.00040694896017151594,0.001128528970416487,0.07566251128962748,-0.0002519759954625611,-0.0009881397708420558,-0.0007538881337423309,0.05959072016290029,0.0202332751333944,0.00054837431782645,0.0010815898669937485,0.008371878366806917,0.007098867997925473,0.0007028175756303434,0.020775076116496538,0.02605375758779105,0.021074085914092544,0.039887706414515056,-0.004199344352227796,0.0202787097748931,-5.032542278349261e-06,0.0015670041361822151,-0.003129103054741067,0.06063550879655982,-0.001939975131237115,-0.0001607493404350291,0.0,0.0,0.1220818255498658,-5.551115123125783e-17,0.004728832590563226,0.07763729771707828,-0.0017505731447137185,0.0613352763447893,0.07118619852291297,-4.260652183279978e-05,0.1352507764456512,-8.83478641787172e-05,-0.0040018793656613205,0.012097828670950161,2.220446049250313e-16,0.0,0.0,0.0,0.08159566829752496,-4.233396276115409e-05,0.0,9.49451206164742e-05,0.06185140567911063,0.0,0.0,-5.551115123125783e-17,0.06638666778818347,-0.0006259269933432954,-0.0014604774417223965,-0.00014594880279938938,0.0010384792041676638
0.027243437282988003,0.013929444768787935,-0.0007190489247023146,0.0009694960061613633,-0.0011918224115601284,0.00408167997369463,-0.010974903527360247,-0.0035516801619918104,0.010008130525961778,-0.0037779159512750238,-4.8398348588052365e-05,0.003936243294514641,-0.01396152098162129,-0.00034163859399227725,0.03664666003203221,0.02415681380900514,-0.03895261844298609,0.006987897122353759,0.0004358693523959234,0.0,0.010992821860593638,0.022523210083893686,0.009389797786109877,0.005023876139485017,0.00818841820061389,0.027784334696916824,0.006943362741065995,0.00724046057665273,0.008939660254530968,0.03580885093188091,0.008153572785005392,0.022235240874169115,0.022831464520039535,0.02262214942097618,0.02544704128072761,-0.010344729257870389,-0.0013864111191561057,0.00473676542920709,0.006604102375719012,-0.003392480470133463,-0.0019302775759394986,-0.003641543724095142,0.002850210216014226,-0.0017782337097916878,-0.0005085370002584355,-0.001811278469252997,0.01146804047735106,-0.0010420904053116686,0.0,0.0,-0.005068718074210221,0.0026252630691885326,0.0035842795660018245,-0.001239694930178059,0.0006366114760428254,1.1102230246251565e-16,-4.8352392924388976e-05,0.0025087421951665023,-1.1102230246251565e-16,-0.004618215351536337,0.006591983321225958,1.2981494318442532e-05,0.003030389748123641,0.0,0.00091023048451222,-0.009425439472222241,-0.013368037089992513,0.009955603267510549,0.0,0.0027892299246806695,-0.014443011412779982,0.0030153587953822836,-0.009506120607335189,-0.003562761030042494,-0.0004087402242909932,-0.002696028689292307
0.06668352670344074,-0.0044746949690665505,0.011255315277740874,0.0006386701870420008,-0.0025315667382783125,-0.006246243398591589,-0.03133677390774803,0.038345477732550926,-0.0014976976994258706,0.0022673002966319133,-0.0001740995600180706,0.0689566402769966,-0.024494143982677907,-0.006877252412870016,-0.003786361295495033,-0.002945973996496043,-0.0018681977534944494,-0.02290086148250753,-0.00040694896017151594,0.010992821860593638,0.0,-0.004621892864081267,0.04073729940701837,0.08457159622650373,0.010244188196701254,0.024013320007317596,0.015781652096659327,-0.032816673630423676,-0.04556826620247262,-0.029148090104317848,0.00017326663305877732,0.015465907507041576,-0.02242194886147253,0.0006931884098729801,0.006378327757593061,0.0563382650167627,-0.0010333694599935495,-0.0015298683572552707,0.03955517897243199,0.0013893370938298788,-0.0014108019705227903,-0.0034734341403964697,0.001992428141885383,0.0,0.0,0.02504597352787208,0.02476886450929705,0.0014683573703784258,0.0,0.0,0.008434878948263058,-0.0004609792086271991,0.04362671254471506,-0.0011304417367712927,-0.0004093842388551705,0.0,0.0010806697154689404,-0.0003004678688534601,5.551115123125783e-17,0.014982957509998174,0.003021207345292598,0.0,0.0005434333631926802,0.0,0.013877730942540412,0.045704517736726735,0.004057094689105811,0.03712241770518965,0.001283882480138776,0.0025009653129758336,0.03366185178781006,0.00987221306156999,-0.0021174017490208086,0.016897492046685947,-0.002107283156911499,-0.0006251453407501439
-0.01104312264917473,0.02737021420415775,0.0032136306325968866,-0.0008705197081156357,-0.01700766995327957,-0.0034137636751022105,-0.022639186422003132,-0.002584943106864912,-0.0015761659287528706,0.0023280198599336943,-4.038065197492502e-05,0.0014223816699684422,-0.027367527673726133,-0.0005361854698023305,0.061479267832308226,0.020587825979033414,0.00047828681459072264,0.009433251341001425,0.001128528970416487,0.022523210083893686,-0.004621892864081267,0.0,0.03601671213650459,0.005485775127289483,2.7132021656439687e-05,0.02327489842367192,0.028769252161634284,-0.00508058150255547,0.011423689668306702,0.02289852302691686,0.005743130232019222,0.019809619743497153,0.008895061590803277,0.01632404898553297,0.01884220240042589,0.015134609611514138,-0.0033804800068051866,0.003948430889457899,0.0025015336503700913,-0.0068030635559808705,0.0001428220741063746,0.017019884241498417,0.0021365194311228075,-8.921609662637664e-05,-0.00036337322764623536,0.018680264299685334,-0.006316979051569194,0.000750160212896922,-3.441401003834166e-06,-0.00014426005425566268,-0.021688082863629388,0.0019279776254422787,0.028312407216967372,0.0016622389665885695,-0.0008740689335338114,0.0,0.0004299736576061086,0.0022018208501625725,0.0,-0.011137516324808139,-0.018919932666485284,-0.0006013199151788662,-0.07172053703452003,0.0,-0.011310669169854792,-0.01272582089558083,-0.010287136021143284,-0.0034504459663877163,0.0013505660655264151,-0.04513018368799593,-0.003380863091778763,-0.0029820050873693993,-0.01790828785112969,-0.010308263822445485,0.0007404076688325434,-0.06330431949253235
0.07129227277306499,-0.012122855184710624,0.02487102614539799,-0.005237397195704152,0.03718531808345282,0.030199570657988895,0.01590672412808697,0.04662666911559327,0.03949205862092314,0.016821806207145518,0.09295667534456054,0.0030132730780521033,0.0026685445123445506,0.02775186804727614,0.042329498021892065,0.001176476068908805,-0.00018013544961575922,-0.012111982213002304,0.07566251128962748,0.009389797786109877,0.04073729940701837,0.03601671213650459,0.0,0.08228638353116074,-0.014858996260087798,0.03152950800849319,0.056338197806285184,-0.007633363062580556,-0.026318431817666466,-0.0067530616780790975,0.004721603358075921,0.01266325732886825,0.015163990244315806,0.003162604664136537,0.0050609770586160785,0.00881450750787649,0.013159332442687521,-0.004743784998602341,0.033669344840075,-0.001102648211352364,0.046016940282846974,0.03915050296040079,0.03069680582678086,0.0019519286977972006,-0.0003790316096227708,-0.00028405747764309597,0.001558249248975907,0.06960681864683993,0.0002734740825603432,0.005448557571268942,0.012787150810033232,0.025619848900471198,0.04192899036880687,0.049483992949332256,0.0017600892998291817,0.08046120043408805,-0.0024984113788732998,0.015467520171375315,0.058070925095702386,0.006749540410577126,0.0048175165572793555,-3.157892059973966e-05,0.0004081127875787405,0.067617121681679,0.014461662565267097,0.03427911301009817,-0.009911788780836372,0.042294818657101385,-0.000593366959442343,0.006761212368328939,0.012380761675122753,0.02106816964361824,0.015978890353668285,0.015906239637058284,0.007239717867240536,0.043863807896531326
0.060025945057680996,0.00223078879525751,-0.0011952640827618821,-0.0026635425222036324,0.0006318522036503071,-0.0013228735418854276,0.030032202418815823,0.06005229619031349,0.03979379820143725,0.022206069523095395,-0.0006509668517268308,0.031123992055231586,0.019075115465191472,0.0008650761912905036,0.07686307719184848,0.006430195590803767,-0.02006038242376873,-0.02120281565350618,-0.0002519759954625611,0.005023876139485017,0.08457159622650373,0.005485775127289483,0.08228638353116074,0.0,0.026960588650970285,0.023174294372989124,0.07581293692224345,0.02005326261131829,0.045262383355277824,0.0005671200951460342,0.0001911048282683403,-0.019661621173872212,-0.02490223216892809,-0.005251702135371572,0.06178515568549009,-0.03086870117824181,0.000849517515619902,-0.029805817397569517,0.07445999069584897,-0.001850885273215197,0.04192833870151963,-0.09423635570892752,0.001211195732154502,-0.00036321747682199756,0.05496557215354175,0.059450655434873434,0.0678931356385466,0.0,-5.551115123125783e-17,0.00012473095104054144,0.00029541849969549894,-3.8145352585505776e-05,-1.6653345369377348e-16,-0.0006054534104948939,0.03990472414958862,-7.731583391240582e-05,0.05108056579973835,-0.0006771299072847459,0.0,0.0001588203092318663,0.02114522441863348,-0.0005796789945657355,0.004870778721881519,-1.5200035617835006e-05,0.0003666869669943229,0.0007465291272144015,-0.001604594928321157,0.0007858889808586844,0.05266291765812514,0.01827974037010016,0.02533714779686802,0.0009354842918169459,0.05306319884555716,-0.0005724479792570403,0.0,0.012092966866205257
0.01191264837462419,0.03242399317593053,-0.00047913386246639655,0.000504077032027983,0.07025994897038124,-0.018268703872693304,0.006363691983020003,0.05563641212822862,-0.015248858663665266,0.015258267401433045,-0.0002606959629763983,0.008690960367996381,0.0188411783138272,-4.962821517984217e-05,-0.036055979573428654,-0.001560286038115255,-0.01827930251799753,0.006526374385746436,-0.0009881397708420558,0.00818841820061389,0.010244188196701254,2.7132021656439687e-05,-0.014858996260087798,0.026960588650970285,0.0,0.025984134132689185,-0.016206559618025584,0.0349254359635896,-0.02262804584947986,-0.002764934112891415,0.006079600599031676,0.028105558538383535,0.01988965168868051,0.012910357292883479,0.03250191689337406,0.04448779116584228,0.0003052393356337002,-0.031759571590755875,0.022195242763030865,0.012750425417367206,0.009357534032029546,0.017507563202103227,-0.0010999034031884403,-5.551115123125783e-17,0.003507080790690842,0.03426587984212953,0.002132638143488075,5.551115123125783e-17,0.0,2.220446049250313e-16,0.0031753311672356177,0.0008304685070108508,0.001449772007373451,0.00034800389578604207,0.00946637556276586,-0.0001205224669575955,0.005718978197632785,0.0013931301583092748,0.0,0.0012900735463094448,-0.004346214241079616,-0.004279573319486862,0.006255600249301496,0.0,-0.0024693533369350984,0.004245177160255631,0.00366085379148523,0.004939752535408404,0.026905885256694795,0.010697532470545057,0.01147488464004004,0.0019628604404884897,0.0010955051812754357,0.005343342215388458,0.0,0.015344632043714224
0.027822844210562803,0.044189732837843,-0.0013563771115731038,0.0022585584429533623,-0.005358835154348929,0.014725000583728831,0.031282286505211754,0.05259167544754617,0.0032396924801682547,0.037805700223103145,0.0006142528080945175,0.04567995856025919,0.02760576168151757,-0.003249172218168006,0.01931750096476892,0.006734202166056524,-0.009995572554018173,-0.008106937868712027,-0.0007538881337423309,0.027784334696916824,0.024013320007317596,0.02327489842367192,0.03152950800849319,0.023174294372989124,0.025984134132689185,0.0,0.02305548543293251,0.03846019773023246,-0.01890400783824575,-8.048276209149385e-06,0.01248864271455652,0.020901897353008958,0.01594215955154188,0.010178275073230159,0.022990463381407644,0.02667037948556561,0.04190161931792691,0.0035513947620087194,0.016936309519699655,0.00524189491937016,0.003983287378412692,0.013572475352946145,-0.0032988127398132505,5.3663316797403215e-05,0.0134798975363139,0.0367201459541075,0.007428723215421984,0.002299619145721521,0.0,-3.5263984483224764e-05,0.0013141797597158722,0.0007508173874349322,0.00013582966444353195,-0.0005974476595589362,0.01966717270160734,0.0,0.02139542006837375,0.0024811330821600808,0.0,0.014270450135176471,-0.0024021027949281404,0.011605371492656669,0.011775738007568592,0.0,0.0018096489750848432,0.01843450777874367,-0.0008779742902463306,0.0388155408148943,0.03137128295137098,0.01667963706502884,0.01338393360003165,0.01627229530391272,0.002656891105330683,0.012618024434820962,-0.00023142189625896536,0.012626073071602406
