0.0,0.05746776713890783,0.0016835791631089059,0.0,-0.002739466240761046,0.05321004116657685,-0.001873845580134037,0.0522161229306502,-0.0034137630754942916,0.07328433435670606,-0.0015302704688432422,0.07568866979852668,0.07325149172612705,-0.0002445750994294893,0.03041922279930187,0.05704947534476884,0.04853353251406861,0.05498797098781061,0.0,0.04540516462701849,0.08131053956162315,0.055817264866317384,0.05807709928590449,0.045491829599255296,0.059483487936006885,0.048205311456470556,0.049593542944874225,-0.0007736497868018333,0.06074841467438663,0.0007304702113266059,0.05536757553617433,0.013061069322024332,0.013922860163827877,0.03512271298860464,0.03859311473998939,0.0009576694625648696,-0.0010624150347487427,0.0402724795729148,0.023721541231833843,0.01874409213131706,0.0166356731573008,0.044632391282453165,6.507599776717221e-06,0.0,0.00052416154799384,0.09009434828667934,0.03081952239931146,0.0,0.0,0.0,0.07681543119327072,1.1102230246251565e-16,0.003232531696058416,0.0,0.017282517040504153,0.0,0.00560936425021713,0.002466298005829204,0.0,0.0002131146807820561,0.03920819070771547,-0.0008812690893158504,0.03169537737075634,0.0,0.05534535093168402,0.10185879647774759,0.03564339169648534,0.004745571291052686,0.005042105466266489,0.03271345055000208,0.04528578974489872,0.0003687383145573597,0.00046037395894132915,0.0028221541300548214,0.0,0.03209515584234912
0.05746776713890783,0.0,0.04895837791904617,-9.354292727803415e-06,0.06015612008774657,0.0642019615372158,0.05292401689059728,0.023926197004208227,0.052380920884152304,0.045045046653220455,-0.000608821887111699,0.0009412443929709413,0.055320105574803435,0.0008214593983694174,0.03451385448621874,0.05679148837378167,0.018003216402605937,0.057628800825265,-0.0019752672922900283,0.05774650046916252,0.05877185709870841,0.05774788286636606,0.04606662943430884,-0.0010364809438289657,0.03646188622515878,0.0544271583219913,0.05782077973047911,0.07428158374831728,0.06044363003253783,0.0009266021604779073,0.05625667624949987,0.02674689557702664,0.03331945355335336,0.04420345399004527,0.0433646728575664,0.004471689536104051,-0.0009645453519819824,0.0,0.0139049519705986,0.006033495112019227,0.005941357766378497,0.00566821385662819,-0.00013463885891285,0.0,2.220446049250313e-16,0.05016676178004875,0.0167920439042476,-0.0006041098468752004,0.0,0.0,0.058730714213234614,0.0008455871605461684,0.0028501850123653916,0.00021013874235792374,0.000707998893016315,0.0,0.00014075107385014274,0.002356107946199726,0.0,0.01668101969322583,0.023978669448549816,0.002352804171897649,0.019386346791607945,0.0,0.03898737492444121,0.030296459104135864,0.028014454234543185,0.019138727083517104,0.0008702356338179396,0.00906863436089772,0.019663309262728135,0.04617860397056284,-0.002089612399250762,0.026913667666886743,-1.1102230246251565e-16,0.01868352463543721
0.0016835791631089059,0.04895837791904617,0.0,-0.06553361112350475,0.047691149605182726,0.03215730837816122,0.024385158090693027,0.06899771031472635,0.0527536005635707,0.0009526733929977049,0.03996528823405826,0.00647733897538727,0.02871269434772905,0.07231140088749444,0.0017545452002538098,-0.0035820395244597902,0.0016580480586098623,0.0018555126466769933,0.07998571684382921,-0.0011959351008564711,0.0026082246827174305,-7.239550340998324e-05,0.07089821793213819,0.00024521097389379465,-0.003374165637929749,8.342895557039709e-05,0.05835238772938872,0.02375483804055334,0.008653578219177671,0.021270513216304632,0.02136011157546064,0.010511221984748242,0.0014768030713140923,0.010177743871399691,0.01833175741189691,0.04528499177902162,-0.00947437411537616,0.006212836603058658,0.01278256668944272,-1.3327848108479756e-07,0.009019489755040744,-0.0008380568796285681,0.0018543340385113738,0.0035008757196056117,0.0,0.0,-0.0009948181987215476,0.2130024450964224,1.4616243042553378e-06,0.017270119298329223,0.050481340972960975,0.030175034228253295,0.06804773323621172,0.07894018928486757,-0.0018987779443693231,0.12368836339724554,-4.890454655182008e-06,0.03871259894733614,0.01077738385024829,0.00017361787230413261,0.0,0.0,0.0,0.2698108514704878,0.0015950491560211555,-0.0002839429701600449,0.0001803811076134254,0.06617993326873939,0.0,-0.00011090120339113385,0.001763899226330301,0.045528357370754,0.12002855120804845,0.0060510907661801006,-0.00013931777947817636,0.009784299290004128
0.0,-9.354292727803415e-06,-0.06553361112350475,0.0,-0.012380510862183142,-0.0018124829161779155,0.03220349099681241,0.0007892189723074372,-0.00852196157976115,-0.06209497034758432,0.020003373329011698,0.003939799839776825,-0.00578459078318222,-0.0504348915985702,0.0016652373910130414,-0.0013805857786912124,0.000702977490082024,6.655782546993727e-06,0.019102756157779288,-0.03729965225459714,-0.0009459154806735204,0.0021556650080824524,-0.01834213149469971,-0.003389410668228676,-2.332132475096893e-05,-0.0006346904441378309,-0.006063773417853469,-0.0018643357474420752,0.002141394266106711,-0.00336306225010774,-0.009823357984591441,0.015174642232763158,-0.002117559009471026,-0.0366982602499778,-0.04373432542113309,-0.03680088167081921,-0.012866196716292244,0.0032293669965240968,-0.0006310986091664916,-0.0005895538661265243,-0.0004103464639906296,-0.00023544928423985256,-0.0005549690372443905,-0.0013040395957529816,0.0,0.0,0.0,0.0014650182508794685,0.0,0.0,-0.00022295980863495934,2.220446049250313e-16,-1.5232644640705839e-05,7.131181194308667e-05,5.551115123125783e-17,3.395466616562537e-05,0.001104229895305231,0.0007911473407370972,0.0,0.0,0.0,0.0,0.0,0.0,0.0,0.0,-1.3430611100651024e-05,0.0033321794246424785,0.0,0.0,0.0,0.0009912881478653102,-0.003648753922986636,0.0012246860017064432,0.0,0.0
-0.002739466240761046,0.06015612008774657,0.047691149605182726,-0.012380510862183142,0.0,0.06048421336925408,0.04120726566219707,0.09019032935414201,0.06957351382046412,0.003194677788946776,0.05779847208014027,0.010647291516121093,0.039345735979587904,0.005902642970754601,0.0011573245280693256,0.09157780034273222,0.0013725127456470365,0.005240387137484093,0.08338354770370893,0.07222436128526077,0.0007613485461311909,0.09096683731970712,0.03921189119702195,0.0038609144318306754,-0.001172016289634037,0.09221263737636304,0.05480782667039352,0.019674581108164224,0.0603880811773847,-0.002384195200325623,0.020528093307305095,0.01114049260262634,-0.0021339430827801986,0.010139929081440235,0.0003453577314179723,0.014395205800731531,0.04629008486310271,-0.030545662227351056,-0.0036560423022051203,-0.0007187567234150372,-0.0046383753513872805,-0.0014152937043788727,0.0014018152623512803,-0.003413870237877481,-5.871063241424945e-05,1.1102230246251565e-16,0.000178526957211822,0.0505721586414144,0.0,-0.004364341427099905,0.02887481128121039,0.0019014380662119024,0.048568755701150435,0.008367693241543961,5.551115123125783e-17,0.03615420092333471,-0.00022009492301355849,0.00044770494355128587,0.002032844486578478,-0.0007682913098334687,6.131608734960547e-05,0.0,-5.551115123125783e-17,0.09161668193049338,-0.0015343514084154575,-0.00041950629087345037,-0.0007205490160190897,0.05846479158092566,0.0,-4.27306902139879e-06,-0.0016306303972866698,0.03889078861974171,0.004031923896724965,0.0035513811781872073,1.1102230246251565e-16,-0.0001360280231784694
0.05321004116657685,0.0642019615372158,0.03215730837816122,-0.0018124829161779155,0.06048421336925408,0.0,0.053018079241594296,0.046234691427312125,0.04545533396156198,0.02672928609740083,0.05436519842157922,0.003042702055469193,0.048793601904489003,0.045022576834580996,0.04222102519796861,0.06889946324749124,0.010846491375620604,0.07029409248814289,-0.007707873079987437,0.05701702238209627,0.04487467546739421,0.06756814319047189,0.050373330898069724,-0.001783674363840082,0.061006643986116715,0.0442174067099077,0.05433100694171156,0.04940324472529656,0.049144276670046616,0.03878420319397641,0.041221609646320545,0.019833299951522,0.038428348323147454,0.034015586792764285,0.03721945271489352,0.008698959370850023,0.005026176821851636,0.005464986681797235,0.01937409490696096,0.0009055639185532871,0.018997131895257924,-0.022282730806210016,-0.003515453258517931,0.0020258582618008503,0.00030899674840545455,0.06489960587969379,0.03308297683248129,0.03762107442929563,0.0011389292566675868,0.0009182111983868646,0.032652220368161566,0.030641315066786134,0.04641160067642747,0.027976114662167872,0.0016422998004128608,-0.012649502629134779,0.0013766696345031693,0.02926380451379823,0.00494023633707158,0.01550744469584281,0.00037780943059412264,0.0,-7.765493213823804e-05,0.05174963804760935,0.0213713464246717,0.04794333439928122,0.024541336257052515,0.030516377601702394,-1.4123303289925726e-05,-7.094514981581534e-05,0.031819774298313064,0.025629507266789697,0.037286708969647864,0.02030805332263902,0.027176609177130107,0.01884026652669457
-0.001873845580134037,0.05292401689059728,0.024385158090693027,0.03220349099681241,0.04120726566219707,0.053018079241594296,0.0,0.025117154464656566,0.04680365088789157,0.01748493421388081,0.04578927864254756,0.0035708165303385275,0.059099592834600756,0.026577817659521996,0.0020623332027471797,0.07430722040001564,0.007388419318985429,0.07345745365490114,0.04515540648440075,0.06236758771676432,0.046757811972341135,0.06522132152594173,0.024111291325749684,0.0050022890781667995,0.06625210232988071,0.044987877922101294,0.03516570010933573,0.02999257243603387,0.05497172858479471,0.016230499574616586,0.04306413045945695,0.004807216313012674,-0.000239688826804918,0.020471732193439784,0.0018836340488622705,0.03700834249401058,0.015551377129697785,0.020846610669212784,0.004792532316780174,0.0010204562852199617,0.000826653172409042,-0.001214801768527507,-0.0010299022722199402,0.004195473599393429,3.8720542806958136e-05,0.0,0.0011295122223290988,0.013232756135217238,0.0,0.0019381338718414964,0.020067594874170647,0.006684676826814839,0.0373260286579985,0.00284840045370649,1.9219559198979663e-05,0.005094371204215409,-0.00010871480445129311,0.003227398192145736,-0.0030863292056386715,0.0014294270957987965,0.0008508803775621465,0.0,-9.646233006477267e-06,-0.0011669495196887647,-0.00044040734929201575,0.0006978056193778781,-0.0008585325831957924,0.019063232084760573,-2.0532934347672338e-05,-0.0006445166619085674,0.002098137068670125,0.017320413254798328,0.021498265576098574,-0.0010648018384024072,-0.0005891208394406267,0.0037223187340705843
0.0522161229306502,0.023926197004208227,0.06899771031472635,0.0007892189723074372,0.09019032935414201,0.046234691427312125,0.025117154464656566,0.0,0.05501294653480776,-0.014633749024684062,0.02425783798478226,0.0025702813118672063,0.02277978796445773,0.003074271300798681,0.04430054577518222,0.04098498269336193,0.00031897209124537307,0.03162297572567252,0.05598054592024876,0.046592981814342516,0.06082055947899062,0.04410644614406045,0.06909913165570564,0.03264984466183951,0.03472851178444902,0.026694655466145745,0.045454611477199314,0.031000440217144987,0.044396757525384856,0.032116443972388886,0.02290515260522541,0.01352285487201954,0.001908392200831055,0.01158933828107822,0.02350731175010684,-0.017696742891826323,0.05429452509581706,0.0034321926875666153,0.02407508358680982,0.001904043508354436,0.020807034260229562,0.010924257934571191,-0.08455975597172094,0.0017151419840569226,0.0,0.003374552816034826,0.0014330746668080874,0.05200374037094657,0.0,0.08031427248072798,0.059303913134901964,0.05628713156912407,0.11453089826000923,0.04597119475492151,-1.0333840038512232e-05,-0.031317802554757246,1.6816105957828675e-05,0.029672221529786547,0.019914857958388488,0.016909206654567466,0.0004314201193627021,0.0,0.0007935073171367879,0.12499842875451878,0.03164260968000726,0.12236487953258618,0.0026999303418348553,0.06627981717949427,-5.551115123125783e-17,0.0018888342055094487,0.003640618304519616,0.05668303368743155,0.03962520763446392,0.03613581349111816,0.05518025932761933,0.02726420216611397
-0.0034137630754942916,0.052380920884152304,0.0527536005635707,-0.00852196157976115,0.06957351382046412,0.04545533396156198,0.04680365088789157,0.05501294653480776,0.0,0.0043062799494894555,0.07175651101061353,0.008197448334570756,0.03839363862412526,0.06615161198207825,0.0031087962965787863,0.05444299740070635,0.003036482939590024,0.006285588362167138,0.05262520865336717,0.05207254229323688,0.0001932436195237197,0.0571143989618092,0.05299446822644949,0.0064446581899265665,0.035116399240487595,0.008046170516214257,0.03668227295999327,0.010540066694238404,0.03290717648006425,0.012512768731052226,0.0019930982193591684,-0.010441626470308274,0.004003722776415974,-0.0058370435960706235,-0.0006231736665286425,0.013969897423806554,-0.009251439631603686,0.01602608040767156,0.000155865988986148,0.002573380594608765,-0.00016159143587374247,-0.009462156085033813,0.0075196266348154794,-0.002881810567892107,-0.00016398624520957972,-5.551115123125783e-17,-0.0002446196179472504,0.053779303124836475,-7.021711691534982e-07,0.005821324346251711,0.03449768748437321,0.044042617725383315,0.045931903426045806,0.04127975808200579,0.00018405061884396723,0.02243492460783203,0.00170560519328683,0.014667692470478944,0.003173777861638305,-0.0006641459312415332,-0.0003744409638363755,0.0,0.0,0.07308130362051046,0.0009925443815295698,-0.0010959925790744451,0.000482834056134529,0.03899127539120606,-2.467758895674521e-06,2.3374862656078133e-05,-0.0017996024151051837,0.013561763255430348,0.01063631236271223,7.254140244089546e-05,-0.000863871433245067,-0.028054668724412257
0.07328433435670606,0.045045046653220455,0.0009526733929977049,-0.06209497034758432,0.003194677788946776,0.02672928609740083,0.01748493421388081,-0.014633749024684062,0.0043062799494894555,0.0,0.02004505408155033,0.023449386268534766,0.0315399340406623,-0.06662693650288232,0.0026809682820500558,0.012671904678337786,0.02995305930651393,0.02733048479562744,0.01033034562294094,0.00018225237534619243,0.0680042423791043,0.04482256016819319,-0.009697557266875156,0.05618294223980819,0.04780227356445821,0.05847478269846734,0.012627420407176404,0.021921177640241152,0.0035542196699862583,-0.002014496592067816,0.05559914923944648,-0.009990371556108824,0.030965312645186593,0.024016613169687284,0.045738669708551616,-0.048809589557633426,-0.013343964597621494,-0.007483956832450789,0.005113752821041928,-0.008742781771465091,0.0006963103799359494,0.008093298534502358,-0.0024187492408273004,0.0002552954338032598,0.018496618821560562,0.004196718154340584,-0.001009177694408503,-7.276067636741157e-05,-3.98702517134808e-06,-0.0011459198793158376,0.000549488040185897,0.004481240417194221,2.2733796178897592e-07,0.00042603058511386793,0.014827697209406743,-0.0006170561198719504,0.018412201517598314,0.0034879959688206563,0.0,-0.00017264921880372208,0.0010431805733382427,-0.001124242111609497,0.01222561495577118,1.3105560669468552e-06,-2.1293224405305455e-05,-0.0003572413491169102,0.0010169145287333148,0.00017433872693412011,0.006609221420927125,0.005797822483056658,0.010097441349938063,-0.0017158822407373209,-0.0008570095447006376,0.00171097153862243,-5.551115123125783e-17,0.010305007704801306
-0.0015302704688432422,-0.000608821887111699,0.03996528823405826,0.020003373329011698,0.05779847208014027,0.05436519842157922,0.04578927864254756,0.02425783798478226,0.07175651101061353,0.02004505408155033,0.0,0.006822048062050445,0.02216022143728591,0.011531184366878333,0.0,-0.0002274164293898373,0.003904684571909234,0.002188590440804772,0.09602413983605568,0.00013111337054622085,0.005857270721468633,-0.00030207460122005925,0.049414534057659,0.009823473990554166,0.006964903949442602,0.006480350419200032,0.04590790234578079,0.02706665672478109,0.0017010356666546378,-0.0008739451237435025,0.03376438668990783,0.013426993861766434,0.002212294546039606,0.013978301435520424,0.023835543061233533,-0.031743962148740756,0.011927024228602978,0.014743588138030894,0.011197773973809722,-0.0021877567250960794,-0.0018970878954269743,-0.00014867576040011876,0.009835189473522188,0.0009103864579906862,0.00012498072368677393,0.0,1.1102230246251565e-16,0.0658911877067625,-1.3596688114292377e-07,0.0026623069615276385,0.013245727490740544,0.006503708985229006,0.016006239007669176,-0.03746177096572262,0.0019666462578278865,0.11989948845713339,0.001213410409414195,0.0026764348318055187,0.007190817660958859,5.551115123125783e-17,0.0,0.0,0.0,0.22703709869625543,0.0008197143770456439,0.0,0.00044296691742767846,0.014791356392029553,5.551115123125783e-17,0.0,0.0005681183703550308,0.0129309390470701,0.006904009473936212,0.00040429188292956386,0.0,0.0018131876680774761
0.07568866979852668,0.0009412443929709413,0.00647733897538727,0.003939799839776825,0.010647291516121093,0.003042702055469193,0.0035708165303385275,0.0025702813118672063,0.008197448334570756,0.023449386268534766,0.006822048062050445,0.0,0.04497936521827767,-0.00038942215904802513,-0.004075106364862802,0.008617334186964587,0.05249456497100902,0.05321251624849638,0.004416831826931755,-0.000549185802871055,0.04977370623102917,-0.0038402824170298278,-0.004358441311456573,0.06590819418943122,0.06703113882835582,0.05492965199112515,0.003689040709267344,0.05079205778046153,0.0003484648431466564,-0.0023096106062979738,0.05429036651262448,-0.00664903119525545,-0.003066432953741538,0.021622596604659927,0.04083180662385022,0.003801886328980264,-0.0008355196112889707,-0.0003826304389102364,0.0388924702318767,-0.021421700045227088,0.005067169451969,0.0017741551940465006,-0.0006390135570331079,-0.001376859663214769,-0.0010753408602790504,0.007661706173694438,-0.0005803475767356958,-6.597862718721315e-05,-0.0008809485457151323,-0.0027611788955807515,1.3706439232374912e-05,-0.00036863440705647843,7.02356184480446e-05,-5.555191906359003e-05,0.0016548978734008957,0.0004950312577208238,0.016601395512644557,0.0005199510410272556,2.3664472724727048e-05,4.167058470838647e-06,0.0020731462746956253,-1.541222647311047e-05,0.022817017231663517,0.00038141287627962983,-2.7181290530198243e-05,-0.0011116686982763913,9.497535992014638e-05,-0.0032314048750838875,-0.0031708999796281057,0.007846341821130087,0.007510459134006664,-0.0020759582347617545,-0.001099596829802818,0.0008950403054324152,0.0,-0.005984464196151951
0.07325149172612705,0.055320105574803435,0.02871269434772905,-0.00578459078318222,0.039345735979587904,0.048793601904489003,0.059099592834600756,0.02277978796445773,0.03839363862412526,0.0315399340406623,0.02216022143728591,0.04497936521827767,0.0,0.007202506351535187,0.00869576099617475,0.07469206795774347,0.034527866857799516,0.0748749187238617,0.028097988979427613,0.061662891198371816,0.028867120178770966,0.06649107760862522,0.016511184552045532,0.04447597787398727,0.06173798821721377,0.04661172116902523,0.028790778640584824,0.05261361581982604,0.056866111696379174,0.03277193104920062,0.04346576923654838,0.004378582317198287,0.02291767668781297,0.021232034564873437,0.00012881792906316303,0.015844247672777922,0.01983931103564268,0.006955526371926923,0.04270000293002063,-0.0004760653600488496,-0.013768559366921895,-0.01446567914526864,0.0051117018520121515,-0.004021588025983125,0.0010938638877224238,0.0009228184298588626,0.0008836718727608939,0.03173749202438847,0.0,-0.0005853717314028284,0.02780949004441463,0.004768565727047758,0.0380675057357755,0.005854966095391934,8.268707425895805e-05,0.020010936809753466,0.001983827377053049,0.02043236228190687,-0.0005650400841265557,0.0018964181203133812,0.0022647778249896833,-1.6085869775972483e-05,0.0007615509564370959,0.04246107902094476,0.0015383599310657692,0.0019550214895596163,-0.00024609841742639915,0.027258255237785856,0.000550735527395041,0.0009448779536244123,0.004573491071332592,0.024864472279281125,0.02974636139371567,0.010079073149266982,0.0023586603603333867,0.015443458593244419
-0.0002445750994294893,0.0008214593983694174,0.07231140088749444,-0.0504348915985702,0.005902642970754601,0.045022576834580996,0.026577817659521996,0.003074271300798681,0.06615161198207825,-0.06662693650288232,0.011531184366878333,-0.00038942215904802513,0.007202506351535187,0.0,0.0009527953341194606,0.0015970378338720503,1.8270001179654383e-05,-0.0002516777139508486,0.046279960131008324,-0.0010993908336095481,0.007497875233084095,0.0012044873340359974,0.03857300576476447,-0.0014131728276056688,-0.0054735101878370385,0.0037091847978050208,0.06071079619784103,-0.006660375430381338,-0.00035351746030970466,0.0015949473640767264,0.015493022650908628,-0.06361331408117571,-0.008643951601597588,-0.006974173792456073,0.007775550307067947,-0.02057279256194411,-0.011203149972735416,-0.00014521166686021214,0.010217148377686724,0.0,2.5048478465072854e-05,-0.00039362524089320283,0.011780683294591032,3.9138049812148523e-07,0.0,0.0,0.0,0.013790243549053338,0.0,0.006528272635950405,0.0022421347189587326,0.004345010112981995,0.0133734160921124,0.008185644823186511,0.0,0.015936673531193657,-0.0003601981202824289,0.0042220475465922225,0.005085025976977964,1.1102230246251565e-16,0.0,0.0,0.0,0.010633649957367874,0.0,-1.1102230246251565e-16,0.0,0.0166840098390042,0.0,0.0,5.551115123125783e-17,0.003543508469303458,0.001773218389192921,1.1102230246251565e-16,0.0,5.551115123125783e-17
0.03041922279930187,0.03451385448621874,0.0017545452002538098,0.0016652373910130414,0.0011573245280693256,0.04222102519796861,0.0020623332027471797,0.04430054577518222,0.0031087962965787863,0.0026809682820500558,0.0,-0.004075106364862802,0.00869576099617475,0.0009527953341194606,0.0,0.04320434449895583,0.004509318074036928,0.049001544409052356,-1.1102230246251565e-16,-0.0010674497757894863,0.033131214902214545,0.008407500750783836,0.06423912793264241,0.060584400042494935,0.028813462619101227,0.03168033355876304,0.041164241629822074,0.008395053869283131,0.03482637428403007,0.004951321556262933,0.026071409333749573,0.007659326863221239,0.010141435728232007,0.016730542282987926,0.016376695389791918,0.006596434471166646,7.921012676120887e-05,-0.00033438887158809827,0.014614655462925008,0.008712676520955642,0.010092467554966789,0.014733884977123468,0.0010318574238030176,0.0006216611935681016,0.0,0.00511054145991241,-0.013904310412224008,-0.0013692426489111398,0.0,0.0,0.04912596807416353,-0.0006731283769005891,0.018033735493142966,-0.0007910595389444275,-5.551115123125783e-17,0.0,-0.00010058531311751828,0.007571945920780587,2.228844915963535e-06,0.04023575689887382,0.010640983891963385,-6.227696135985283e-05,0.0013648979094026403,0.0,0.03646795400849123,0.015709913676461018,0.020542903772102827,0.03550722308482801,1.6503759182773248e-05,0.027794330870105022,0.004575137950240893,0.035294785837784004,0.009977749237798317,0.02791630310064591,0.00592509190751811,0.021130227278608305
0.05704947534476884,0.05679148837378167,-0.0035820395244597902,-0.0013805857786912124,0.09157780034273222,0.06889946324749124,0.07430722040001564,0.04098498269336193,0.05444299740070635,0.012671904678337786,-0.0002274164293898373,0.008617334186964587,0.07469206795774347,0.0015970378338720503,0.04320434449895583,0.0,0.04331356539569281,0.0546702386701845,0.00039644238074509897,0.06498989445035608,0.06302728639865257,0.04485487529688187,0.031390376325748204,0.007583829298225875,0.03454563628990964,0.04684220648221554,0.05345800190322525,0.08408202359516859,0.0642360191608492,0.0802171716090414,0.05773667886333811,0.019134731199581867,0.015459260793918683,0.04014796564690437,0.03519175024225546,0.0007823163916492737,0.0006476460553241914,-4.3747554116679854e-05,0.01605761878774692,-0.014485542963905473,-0.003326451310695644,0.010331777468282677,-2.9062437130744634e-06,0.0,0.0,0.04736864828764825,0.021430207988645977,0.0,0.0,0.0,0.0020776391615335843,0.0004062642124338933,0.002547202924251868,0.0,-0.010980964823631811,0.0,0.0014237428250827855,0.002225243022075829,0.0,0.014807623654605306,0.022795386652717242,-0.022681955594722858,0.010696452791561784,0.0,0.0608395073382626,0.06522854425484664,0.010359182975080206,0.007745529527144357,-0.031547981554959026,0.008777931785158344,0.018142952385915567,0.006076722438589588,0.002570325595297851,0.0463986042699408,-1.1102230246251565e-16,0.009682774103256409
0.04853353251406861,0.018003216402605937,0.0016580480586098623,0.000702977490082024,0.0013725127456470365,0.010846491375620604,0.007388419318985429,0.00031897209124537307,0.003036482939590024,0.02995305930651393,0.003904684571909234,0.05249456497100902,0.034527866857799516,1.8270001179654383e-05,0.004509318074036928,0.04331356539569281,0.0,0.014132565775942907,0.0007142856926937169,0.003530096919655168,0.001639678838386116,0.0375062833493261,-0.0009472041553335031,0.04827409032771407,0.03191071017243241,0.055486915949613524,0.010013941576032415,0.04917756895858766,0.004729349203736688,0.0017897701262677423,0.05115703831637525,-0.009670729830010882,-0.004773575409573183,0.028104483097857624,0.017161876045939495,0.002765647250268788,6.5580008415944135e-06,-0.021608167367988818,0.0010492864993497664,0.002263271338897088,-0.027001926020265132,0.0001290442790544133,-5.551115123125783e-17,0.0,-0.003954657272010609,0.0013228721308330416,0.002227115108201283,0.0,0.0,0.0,0.0,0.0,0.0,0.0,-0.01035472011152433,0.0,0.004827423402851305,5.421297794044877e-05,0.0,4.530561895754737e-05,0.004781110534274935,-0.02152765502742049,0.006860552450404123,0.0,1.1102230246251565e-16,0.0,0.00029254645008558455,0.0,-0.0014137753902785932,-0.00021823312210078605,0.010035666883960126,0.0,-0.017475512177610952,-1.75146765760692e-05,0.0,0.00588998577657901
0.05498797098781061,0.057628800825265,0.0018555126466769933,6.655782546993727e-06,0.005240387137484093,0.07029409248814289,0.07345745365490114,0.03162297572567252,0.006285588362167138,0.02733048479562744,0.002188590440804772,0.05321251624849638,0.0748749187238617,-0.0002516777139508486,0.049001544409052356,0.0546702386701845,0.014132565775942907,0.0,0.0010620954265773142,0.05900817248371715,0.03848504660806795,0.06095248967972655,0.02873151579391564,0.046372888094737774,0.05174394557731371,0.05228545286834224,0.05467080846776462,0.07971321104256601,0.06465936688981333,0.08371939506235576,0.048354008275997895,-0.007370012276571247,0.003641560413105649,0.02118007901476754,0.01978633449853895,0.00642311274990176,-3.4894928622741794e-05,-0.026852663076625205,-0.002120908855055559,-0.004400685582882313,-0.012013034564083258,-0.0124362772679677,0.0,0.0,-0.0025408276809618657,0.04940145855299016,0.0190789882728849,0.0,0.0,0.0,0.0019271148120993398,-4.902722523253411e-05,0.0023811256379887014,0.0,-0.002596947895497359,0.0,0.012297683374439428,-0.019067320311766667,0.0,0.0031378275028103864,0.02979248248522387,-0.008634161823146635,0.015373197233764124,0.0,0.0012555510818772486,0.0012355303898486936,0.017404240964269957,0.0033300420446874535,0.009742992356964186,0.010152922535244469,0.021985825655942814,0.0014948382000939398,0.00853099483339631,0.004582692085385032,0.0,0.01443546178974614
0.0,-0.0019752672922900283,0.07998571684382921,0.019102756157779288,0.08338354770370893,-0.007707873079987437,0.04515540648440075,0.05598054592024876,0.05262520865336717,0.01033034562294094,0.09602413983605568,0.004416831826931755,0.028097988979427613,0.046279960131008324,-1.1102230246251565e-16,0.00039644238074509897,0.0007142856926937169,0.0010620954265773142,0.0,-0.0008455783501987724,-0.0010309203907057363,-0.0018674752608669465,0.06972168088158093,0.0021798082063144153,0.0006708475528491298,0.0015967367644917907,0.06819626607050144,0.02725926734198919,0.003111315890854227,0.0013103477390122853,0.02280968604968081,0.02240065507630079,0.004242203825957747,0.01340037312722947,0.014806624142716163,0.021130347513806602,0.01578378247482376,0.0038960514509335797,0.008683072118409407,1.224811875666365e-05,-0.0035665397781786123,0.00020136047274826874,0.004632388039839674,-0.0023863170024967517,3.45673972668159e-07,0.0,0.0,0.11873545093531723,-5.551115123125783e-17,-0.0003811280343555268,0.006891649644493625,0.0022714736002958924,0.10919203420524781,0.0734506489066673,0.00037860233482411854,0.12724009290740268,-0.00014085929689711119,8.594468508915654e-05,0.0016178615559986897,2.220446049250313e-16,0.0,0.0,0.0,0.12177404715702611,-1.507674295192496e-05,0.0,-0.000269019833267492,0.04968629773351951,0.0,0.0,-5.551115123125783e-17,0.007889989276516518,0.005793714311066789,0.0016710503985529201,-5.1977949627635134e-05,0.00023201314203236123
0.04540516462701849,0.05774650046916252,-0.0011959351008564711,-0.03729965225459714,0.07222436128526077,0.05701702238209627,0.06236758771676432,0.046592981814342516,0.05207254229323688,0.00018225237534619243,0.00013111337054622085,-0.000549185802871055,0.061662891198371816,-0.0010993908336095481,-0.0010674497757894863,0.06498989445035608,0.003530096919655168,0.05900817248371715,-0.0008455783501987724,0.0,0.030256802034486663,0.046386893062555,0.006274086778270793,0.05392993615820424,0.05712477762420448,0.03395829661278654,0.056702878349994046,0.08112228547691563,0.03585726955500512,0.042987960219967924,0.03404658296070989,0.02628117661034779,0.03710523603715221,0.0437078961651326,0.0412002513039289,0.028763947747096785,0.008998988906774474,4.4353228823290625e-05,0.02189021556946119,0.022439030659146098,0.02060933435604012,0.003255380299188093,0.0012415165367031245,-0.004024036997494984,0.00012068334611048392,0.0006197182886856223,0.013743747029383524,-0.0012227809304469206,0.0,0.0,0.03829481991362682,-0.0017223781135094485,0.03230992610766481,0.001593796601324804,-2.4427489695111326e-05,1.1102230246251565e-16,0.0006087322728806632,0.0034186760996811616,-1.1102230246251565e-16,0.016585509092338913,0.027749413908547682,4.623206527443191e-06,0.0021859128964519803,0.0,0.03393267375519188,0.024570345894256995,0.02011338014030528,0.02967833342819809,0.0,0.020034406140636618,0.01661669580867242,0.03411507280821857,0.04244627987524552,0.02213577311598741,0.0024189080054907164,0.015088296764360909
0.08131053956162315,0.05877185709870841,0.0026082246827174305,-0.0009459154806735204,0.0007613485461311909,0.04487467546739421,0.046757811972341135,0.06082055947899062,0.0001932436195237197,0.0680042423791043,0.005857270721468633,0.04977370623102917,0.028867120178770966,0.007497875233084095,0.033131214902214545,0.06302728639865257,0.001639678838386116,0.03848504660806795,-0.0010309203907057363,0.030256802034486663,0.0,0.03485877490052719,0.07215793709108592,0.06114804233516136,0.04204466231962384,0.05566159920255903,0.05173322192215862,0.037909666766283434,0.03687932695122603,0.004256414189063473,0.051891657548352066,0.006782124132230061,0.017447829401523618,0.03327290413781325,0.020539572487696445,0.05639744131851687,-0.0007586490567825788,0.0026031437237085675,0.02688885779745931,0.016210558917000906,0.030055724800465367,0.03199044896906722,0.0015553421315209759,0.0,0.0,0.06153537471126086,0.014567255059690865,-0.00031317169080002927,0.0,0.0,0.06440097482625262,0.0009687640566715672,0.11566510289908277,-0.00014282099420481753,0.00046333643256618595,0.0,7.965301312756745e-05,0.004973633161912683,5.551115123125783e-17,0.009873126631936402,0.019616703822283255,0.0,0.021518868925603174,0.0,0.04054784449435317,0.058044893230548955,0.025823631633531963,0.050905746924415574,0.002485742251185974,0.0148597591866933,0.028384938355996814,0.055386698672624246,0.04206612650146252,0.02975750456437709,0.03387718234722353,0.02433873610515569
0.055817264866317384,0.05774788286636606,-7.239550340998324e-05,0.0021556650080824524,0.09096683731970712,0.06756814319047189,0.06522132152594173,0.04410644614406045,0.0571143989618092,0.04482256016819319,-0.00030207460122005925,-0.0038402824170298278,0.06649107760862522,0.0012044873340359974,0.008407500750783836,0.04485487529688187,0.0375062833493261,0.06095248967972655,-0.0018674752608669465,0.046386893062555,0.03485877490052719,0.0,0.050715108352424265,0.05238791233880702,0.05258652565172678,0.03810914463685389,0.04931208286534422,0.09188188097870131,0.054123868051170754,0.09951544900898518,0.04480288633298812,0.01647351058702895,0.01644611929954043,0.03135642277094536,0.025656976047269908,-0.011652346895774712,0.004714846856820998,-0.0006360309858837176,0.009510424529651562,0.009449152909168923,0.006728128286872748,0.012393928742453542,0.0006679853468095076,-0.0005069986416048056,2.4920980556397687e-06,0.046648747049438555,0.0009048321360982658,-0.002017673146676613,-1.225614493616245e-06,-1.5295405282333974e-06,0.03672631799985404,0.002101476821325887,0.004991416693941986,-0.0007126040245626353,0.0008090516339673282,0.0,-0.0010830546538231345,0.0007985667006539243,0.0,0.008594215572826747,0.018715618537882672,-3.215570544595758e-05,0.022427958004331727,0.0,0.024641967793553265,0.015994612262443142,0.009381208450079781,0.025227464359366847,-9.277040547733817e-05,0.0060713301202943715,0.011392490247738862,0.02615719173942449,0.002436550719341013,0.01976395666107217,0.0009998495668206986,0.007973356771184381
0.05807709928590449,0.04606662943430884,0.07089821793213819,-0.01834213149469971,0.03921189119702195,0.050373330898069724,0.024111291325749684,0.06909913165570564,0.05299446822644949,-0.009697557266875156,0.049414534057659,-0.004358441311456573,0.016511184552045532,0.03857300576476447,0.06423912793264241,0.031390376325748204,-0.0009472041553335031,0.02873151579391564,0.06972168088158093,0.006274086778270793,0.07215793709108592,0.050715108352424265,0.0,0.041776930543474144,0.005980141306775155,0.041068329264235814,0.03854822097876126,0.02742605694066247,0.04351421355819196,0.02583179936603941,0.034087692074024734,0.023591611839763882,0.037272650302883514,0.023320251887342935,0.04596269573727757,0.0336062138371056,-0.0056264459031912795,0.0006298891669545004,0.025984408009135207,0.02762584765949666,0.013805629690614052,0.017133386364727166,0.020404000208593842,0.0013223119723306809,0.000408008587784503,0.018534656684380868,0.04197998193284552,0.08955970538154628,-5.8120174016906834e-05,0.07143222774045022,0.0327419970821165,0.040811713639713365,0.05661564513542322,0.04916276162372624,-0.0011590464056639438,0.0656831277889719,0.0019412100173896718,0.036270105390007024,0.020877141951878064,0.02746619130302619,0.0038930371498974714,-1.1246461175062894e-05,0.0032419965919396887,0.17039661178123788,0.04139982116247143,0.08010785484965066,0.02475868852318963,0.043197308446711324,-7.342004493843257e-05,0.0014800509703665754,0.028632418304828433,0.028817015031302518,0.040186424343040816,0.026708489990759976,0.025591326991465102,0.020634913739052962
0.045491829599255296,-0.0010364809438289657,0.00024521097389379465,-0.003389410668228676,0.0038609144318306754,-0.001783674363840082,0.0050022890781667995,0.03264984466183951,0.0064446581899265665,0.05618294223980819,0.009823473990554166,0.06590819418943122,0.04447597787398727,-0.0014131728276056688,0.060584400042494935,0.007583829298225875,0.04827409032771407,0.046372888094737774,0.0021798082063144153,0.05392993615820424,0.06114804233516136,0.05238791233880702,0.041776930543474144,0.0,0.052212924496672586,0.06605571755131368,0.058710956620234234,0.05245676042097902,-0.004957728330472089,0.00013411511342154014,0.0430772793011549,-0.015505900480599688,-0.002860919589495581,0.0202777452840347,0.012349386443148758,0.0031367147085842872,-0.004219699713336911,0.008871832496577553,0.029104676235807536,0.020413666347896875,0.011758296811667235,0.013276541421022137,-0.0002661048633916252,0.0002483225155514579,-0.021658430831968556,0.04933806278614883,-0.008991219618742663,0.0,-5.551115123125783e-17,4.442146126487634e-05,5.8292378375846e-05,4.42798411309786e-05,-1.6653345369377348e-16,-7.555294090461073e-05,0.02141917120410719,-5.9019329729459447e-05,0.017207196617597842,-0.025681792879413468,0.0,-5.2912675072847026e-05,0.004726569232038902,0.024433813085883105,0.02697724684115549,-5.4133139191225865e-06,-0.0003261215173010479,-0.0009620515443973798,0.0001346935330078236,0.0004584817014267051,0.044031446263793794,0.031828017631843564,0.04232286706597549,-0.0003720106004199142,-0.026819627466837415,0.002084093225098671,0.0,-0.0005600556357124309
0.059483487936006885,0.03646188622515878,-0.003374165637929749,-2.332132475096893e-05,-0.001172016289634037,0.061006643986116715,0.06625210232988071,0.03472851178444902,0.035116399240487595,0.04780227356445821,0.006964903949442602,0.06703113882835582,0.06173798821721377,-0.0054735101878370385,0.028813462619101227,0.03454563628990964,0.03191071017243241,0.05174394557731371,0.0006708475528491298,0.05712477762420448,0.04204466231962384,0.05258652565172678,0.005980141306775155,0.052212924496672586,0.0,0.05609858466219403,0.04068209588553712,0.0678074451155693,0.07959236835781508,-0.000443633377437469,0.04693999704823859,0.005023254712571423,0.020016277663637616,0.02538901260062354,0.014505074036628707,0.03207452594023957,-0.0006157007769614364,-0.0155540621608104,-0.004478064412754501,-0.0003575017977802686,-0.00711581233785058,-0.006270627021301378,1.6967072181683918e-06,-5.551115123125783e-17,-0.009277347607467012,0.04789947606761813,0.0031620450516641196,5.551115123125783e-17,0.0,2.220446049250313e-16,0.00317112777593348,0.0016170236826935636,0.0035569454635637765,-0.0011779661652328577,0.016298881880352056,0.000548683334315403,0.023138823209802095,-0.008618132121641475,0.0,0.002662387138976152,0.01844271246668988,-0.00756207435452122,0.012500538314901166,0.0,0.005881704430299117,0.002150506114065198,-0.008766503058485586,0.001204917292052743,0.022210409567104683,0.01315282797569084,0.023013977968898924,0.0017295452115384524,0.0043427134328895,0.014825981369955166,0.0,0.015262205537946716
0.048205311456470556,0.0544271583219913,8.342895557039709e-05,-0.0006346904441378309,0.09221263737636304,0.0442174067099077,0.044987877922101294,0.026694655466145745,0.008046170516214257,0.05847478269846734,0.006480350419200032,0.05492965199112515,0.04661172116902523,0.0037091847978050208,0.03168033355876304,0.04684220648221554,0.055486915949613524,0.05228545286834224,0.0015967367644917907,0.03395829661278654,0.05566159920255903,0.03810914463685389,0.041068329264235814,0.06605571755131368,0.05609858466219403,0.0,0.037211230598606204,0.055954121029602344,0.04134630432007724,-0.0038211127461016403,0.05261441265343725,0.01184293544318793,0.0189824877191625,0.026218694419817112,0.018480831024363042,0.004007857411624294,-0.0018859862848630282,0.010173660869639556,0.019056787514598272,0.01227630812047903,0.009700661181372139,0.01733899552543311,0.0013544939749579044,9.559710540285593e-06,0.087110699334425,0.04545432613142647,0.016221755288621242,-0.0009495716589100756,0.0,8.809829908917877e-07,0.060892178678002284,0.0015503230759956188,0.0031259160629915628,0.00027428374453014603,0.017437469254466154,0.0,0.02131502912317662,0.006041422625687298,0.0,0.003900628255447458,0.021926712282553662,0.012342464985430346,0.02399727360877224,0.0,0.031949899362209044,0.03256882635212355,0.021853808802607122,0.032534879598236865,0.04171443303575234,0.019121220649652826,0.030416652911405273,0.03764560359901714,0.00436087125317991,0.033171214034614815,0.0008268883460616494,0.019955428257501906
